[{"mapping": [9, 11, 2, 0, 6, 8, 5, 7, 1, 3, 4, 12], "R": [[0.21115591940631628, 0.6765458254568827, -0.7054777982024231], [0.6665334745481303, 0.42825352124653193, 0.6101901743282527], [0.7149449664180249, -0.5990698353254083, -0.36051217371500494]], "T": [-0.12434921638246642, 0.08408458940980189, 0.04769253895945614], "aligned_model": [[-0.14748581559275176, 0.27672953729899535, 0.42817815556315386, -0.04955048584733042, -0.1866431547722615, -0.6964598174930694, 0.4046598217427474, -0.29684621928819976, 0.5974007432929023, 0.07272624892552466, -0.5240971114180925, -0.04096943995106933], [-0.3642692143242729, -0.7126254492885029, -0.20209780890608992, 0.5827522065716445, 0.20694161263253397, -0.3392301349160125, -0.17690882668953395, -0.5125570830471453, 0.09043109343564441, 0.41912829854496686, 0.08096139589365894, -0.018971053929834114], [-0.423564277254552, -0.07794424748157008, -0.6425574947197417, -0.06542737159720974, -0.7277537990791328, -0.06308464584798618, 0.5734222238843907, 0.5360219448654576, -0.03470948585954344, 0.573214720600698, 0.48019277754690903, 0.054141400295843245]], "inverted": true, "swapped": true, "error_lsq": 0.04198444732446674, "error_max": 0.2420392191176442, "target": "291.xyz", "model": "0.xyz", "model_rescale": 3.751011558992144, "target_rescale": 3.8752383802686787},
{"mapping": [1, 3, 2, 7, 6, 12, 8, 11, 10, 5, 4, 13, 14], "R": [[-0.8214137188887743, 0.31540327349817776, 0.47518446679994464], [0.4178718159652747, -0.2342090822302335, 0.877797955809169], [0.3881528665914985, 0.9196014793743569, 0.06058441457418712]], "T": [0.12759147543408342, -0.009906172579181093, 0.06972106815108134], "aligned_model": [[-0.3647167870803931, -0.0970065531711306, 0.4703864907335489, -0.5205497664572983, -0.431413676991943, -0.16627814629323803, 0.4680171618338025, -0.10670678963659821, 0.4938088766644021, 0.7401300063344876, 0.23320700322427318, 0.48909468886454965, 0.12543650916269208], [-0.1908287623448986, -0.4864824337135712, -0.7443590952488928, -0.010623968933149385, 0.44511532732724735, 0.14911372838065043, -0.34003213159474727, 0.6993491950192285, 0.6698076097412368, -0.09993779217421574, 0.18827016477319752, -0.2050770583178848, 0.019406367725015413], [-0.3891744979729329, 0.6227460968636995, 0.23345433861211565, 0.20968334565875807, -0.14050361987151974, 0.733293536387805, -0.39454766368771677, 0.3504204365942425, -0.20655368148891787, 0.15204301316630764, -0.6886623899444945, 0.668658419081874, 0.11598059197754881]], "inverted": false, "swapped": false, "error_lsq": 0.050363980837717544, "error_max": 0.2871393770676797, "target": "291.xyz", "model": "1.xyz", "model_rescale": 3.9405287249114394, "target_rescale": 3.8752383802686787},
{"mapping": [2, 9, 8, 5, 0, 11, 4, 6, 7, 3, 1, 10, 12], "R": [[0.9017091550662762, -0.40342715189946404, 0.15545781672192988], [0.22992133814752974, 0.751968239847573, 0.6178025125596306], [-0.3661376488892008, -0.5213351123517674, 0.7708131567994013]], "T": [0.11938295696256794, 0.04205077041477101, 0.05484416952746317], "aligned_model": [[-0.39519804706879036, -0.03960924284363883, 0.40966685618054066, -0.5808369950563032, -0.4943504420546133, -0.19705951569835156, 0.5929439156523859, 0.11344533291593183, 0.6977239027566278, 0.6537281295451144, 0.030693627513833935, 0.46003970563373814, 0.08222178971067919], [-0.23562966140037034, -0.5392892399711784, -0.6586152044745073, -0.0738568358533391, 0.5865545718999877, 0.19051898161821373, -0.2726511819196566, 0.5607079553875507, 0.5396091822575668, 0.090804469123082, 0.20204726250880273, -0.28358156530578815, -0.01289758323114739], [-0.2948265264117971, 0.5907045802831998, 0.21450700050897098, 0.21083688083358693, -0.11771571391838294, 0.6756788019340935, -0.3555195977382281, 0.21706365814155154, -0.16164423750314044, 0.25206990813396224, -0.7157151453327261, 0.754418097593919, -0.003019781148239878]], "inverted": false, "swapped": false, "error_lsq": 0.05730735933657006, "error_max": 0.2900117260901212, "target": "291.xyz", "model": "2.xyz", "model_rescale": 3.932901565614263, "target_rescale": 3.8752383802686787},
{"mapping": [10, 6, 2, 12, 9, 5, 1, 7, 3, 0, 11, 4, 13], "R": [[0.36321018745737543, -0.37809185586809735, 0.8515426637893115], [0.7409312146137977, -0.4369157921810639, -0.5100250246347882], [0.5648887456288194, 0.8161808249824372, 0.12144779122276239]], "T": [0.1599219379147902, 0.11774112748639326, 0.008728060914626606], "aligned_model": [[-0.2803954699744458, -0.14383573185488446, 0.4938259964710346, -0.5748136266155495, -0.37734318720763665, -0.2802492616204248, 0.5002021133597607, 0.23251096125364415, 0.5239837965201641, 0.8011109491680402, -0.10436055848634423, 0.48569026087201744, 0.05708277530177894], [-0.32469469325967437, -0.4269372176698634, -0.5514529966945403, -0.06621187385663135, 0.5805990533201011, 0.08850238677640268, -0.4519980942943013, 0.6488130363648359, 0.3746465665407487, -0.022536828114069457, 0.23953243604147847, -0.0675827386421316, 0.07304211412686169], [-0.34272117458274964, 0.2875632076513637, 0.37599793038349716, 0.10596361856053917, 0.20082612235447092, 0.5763494988431909, -0.3204758914857392, 0.48035928193170574, -0.2405589956573275, 0.14344656804575998, -0.8356831763530052, 0.7978772666663577, 0.037893669018705695]], "inverted": true, "swapped": false, "error_lsq": 0.04927327016271705, "error_max": 0.3633344148847698, "target": "291.xyz", "model": "3.xyz", "model_rescale": 3.9243930471874484, "target_rescale": 3.8752383802686787},
{"mapping": [1, 9, 8, 5, 6, 11, 7, 6, 3, 4, 0, 10, 12], "R": [[-0.9614764825421314, -0.19297990512419722, -0.1957593669193559], [-0.10413378030075475, 0.9147689658412401, -0.39032537059999395], [0.254399546616509, -0.35490350146484084, -0.899624574658402]], "T": [0.16134164623516423, -0.060657729911188826, 0.13398669570147553], "aligned_model": [[-0.22617428191780797, -0.16423323812132784, 0.48190148761727375, -0.4793651668640554, -0.09211292916599073, -0.28264124064988905, 0.47391709530077847, -0.09211292916599073, 0.43503331534793205, 0.7200881415448626, -0.074129674602881, 0.5597767189200459, 0.07346171894420506], [-0.4260197382712791, -0.5860325195096867, -0.5518115091923744, 0.23766837928297652, 0.5960268329142911, 0.0280785536421969, -0.5423480279161251, 0.5960268329142911, 0.5091783039013706, -0.10778436938614541, 0.23668470735343844, 0.1275064217703455, -0.023452716864082818], [-0.3419358907107546, 0.47408920511219077, 0.3627785707912887, -0.13826210961490376, 0.2953641349290183, 0.7829390433525687, -0.42564693834987594, 0.2953641349290183, -0.09695298298478433, -0.06081757342783084, -0.6272380315801003, 0.6844151328261159, 0.0627412301048179]], "inverted": true, "swapped": false, "error_lsq": 0.05677405450376878, "error_max": 0.4442127277947185, "target": "291.xyz", "model": "4.xyz", "model_rescale": 3.8936222436046832, "target_rescale": 3.8752383802686787},
{"mapping": [8, 4, 7, 9, 5, 3, 0, 1, 2, 6, 11, 12], "R": [[0.8535893273859103, -0.51434558495308, -0.08266728138836732], [-0.034409025524806874, -0.21400617960702192, 0.9762260875701083], [-0.519808887126127, -0.8304516688701886, -0.20037152126840832]], "T": [-0.17260669998868977, -0.19108115514756033, 0.03740509229478812], "aligned_model": [[-0.003920535475777698, -0.6255119779207947, -0.47657723660506357, 0.40542167291054904, -0.535384150627443, -0.7492647138361768, -0.2058810092766179, -0.017393335166559304, 0.6276943968152673, 0.5192161293902824, 0.2280124986673347, -0.13886369665990322], [-0.49594029063813494, -0.4182632810112832, 0.07220552605346228, -0.11186107737983086, 0.5098088232468506, -0.056071413267855225, -0.3961944709041291, 0.39221800697494, 0.23972730956400365, -0.49513394067714744, 0.4982252278724999, -0.06979751472356895], [-0.5929784146419812, -0.26281096525483605, -0.6426567772196679, -0.25112012631864145, -0.0013967990375334319, 0.3139995501521852, 0.5105664862193595, 0.44166277613864385, 0.23119413232634345, 0.2592710032736784, -0.3818282824746404, -0.004617863887392097]], "inverted": false, "swapped": true, "error_lsq": 0.05360298826900906, "error_max": 0.2620190297237464, "target": "291.xyz", "model": "5.xyz", "model_rescale": 3.6523030999806103, "target_rescale": 3.8752383802686787},
{"mapping": [6, 1, 2, 8, 9, 5, 2, 7, 11, 4, 10, 3, 12], "R": [[-0.9681087089349532, -0.20006704636383832, -0.1507935828991017], [-0.22824561928714354, 0.45617703626199696, 0.8601200200340935], [-0.10329310219238654, 0.8671076568376448, -0.4872933885176391]], "T": [0.02084395542500013, 0.026360049646853893, 0.1311543665793128], "aligned_model": [[-0.2867531431980348, -0.007242778218169155, 0.46682798239803014, -0.6504968036112784, -0.2500597323411563, -0.37236092856677416, 0.46682798239803014, 0.1835098392039931, 0.5415519815280904, 0.5490728781392434, 0.1186155172203759, 0.5340791893791558, 0.03983703285564881], [-0.3812538436624627, -0.5971564243486261, -0.5647056638305831, 0.06076684875431592, 0.6075342855268892, 0.087714074997992, -0.5647056638305831, 0.5584661513819051, 0.7192691010487122, 0.008124163940729325, 0.08620322899696115, 0.02127036014987043, 0.052194531514096115], [-0.2711631709106923, 0.43580696880510095, -0.03603176994356436, 0.08848282924746781, -0.2027776245275531, 0.6839012641418153, -0.03603176994356436, 0.5276653581645528, -0.021519145131720707, -0.09194484813822207, -0.6405531928344571, 0.599347054088235, 0.23165597235937135]], "inverted": true, "swapped": false, "error_lsq": 0.06036354206049554, "error_max": 0.3791957354467602, "target": "291.xyz", "model": "6.xyz", "model_rescale": 4.08911054899281, "target_rescale": 3.8752383802686787},
{"mapping": [13, 1, 2, 11, 10, 9, 7, 8, 4, 6, 5, 0, 14], "R": [[-0.02318231742088661, -0.029199234496137177, 0.9993047507461561], [0.9668748213034954, -0.254810799592273, 0.014984536712245977], [0.2541961055727082, 0.9665499785918918, 0.03413910947406956]], "T": [0.06826723054896447, 0.0403268660235758, 0.041346671929801175], "aligned_model": [[-0.24421912229733558, -0.10742620140687795, 0.4283445149064923, -0.5144535806574144, -0.38290217374711344, -0.17517631584477159, 0.4858400768710759, -0.03715040727451627, 0.47295174556161323, 0.5517527131737315, 0.24679658411156163, 0.6286538680559762, -0.019602684265267012], [-0.5740799761109628, -0.4527000735658684, -0.6732294830690727, 0.025162006160747097, 0.5263257852437321, 0.2060787685010301, -0.3441849010310106, 0.66674530611167, 0.603182543998129, -0.058979101235206666, 0.34740126027393003, -0.22404640904784687, 0.04604542440994637], [-0.2051305764618206, 0.5551582265507922, 0.14774793719733967, 0.11017650680885166, -0.2406570827365963, 0.7678580995427025, -0.48503017363662465, 0.28961272445873676, -0.08622063886351394, 0.11566409526625127, -0.6326962168359119, 0.7489692910111049, 0.1813857330754576]], "inverted": true, "swapped": false, "error_lsq": 0.05063453261004226, "error_max": 0.25839488675852784, "target": "291.xyz", "model": "7.xyz", "model_rescale": 3.964800864290218, "target_rescale": 3.8752383802686787},
{"mapping": [2, 6, 11, 0, 1, 3, 12, 5, 8, 9, 7, 10, 13], "R": [[-0.19135854532708715, -0.043360800252210896, -0.9805619552745197], [0.015130195902477134, 0.9987746943764448, -0.04711886082230962], [0.9814035787087054, -0.02385269114224615, -0.19046801522307832]], "T": [0.024488863014449233, -0.062498663065985005, 0.09082276195644258], "aligned_model": [[-0.4174543760904423, -0.13137294015985984, 0.5230921648465658, -0.6825581844941504, -0.3115017477881526, -0.36017529502580103, 0.5139313117418169, 0.22302594655604835, 0.5276331173128319, 0.7124315173471006, 0.08640056616312053, 0.5663353280837954, 0.0836216086942807], [-0.28416149714645506, -0.5032478646013377, -0.69201904365882, -0.007578959653664362, 0.5015382919053586, 0.045710432674270024, -0.3142592825878678, 0.6271610155504699, 0.49132178115274633, -0.04843413342884142, 0.16054328129745646, 0.1290354451718388, -0.011888316035937395], [-0.34981369721481426, 0.4342657162235823, 0.2963274147359932, 0.19195471194861002, -0.27262257650801497, 0.6960392296939527, -0.42661092184302296, 0.5198021054193009, -0.08577383013743796, 0.07097785972825789, -0.5824323137982964, 0.6780630080913844, 0.09666121903727418]], "inverted": true, "swapped": false, "error_lsq": 0.03870558164806616, "error_max": 0.274857888260506, "target": "291.xyz", "model": "8.xyz", "model_rescale": 4.121658175737393, "target_rescale": 3.8752383802686787},
{"mapping": [1, 6, 9, 2, 3, 8, 4, 11, 10, 5, 0, 7, 12], "R": [[0.5652421935016392, -0.027626972281509204, -0.8244622569214507], [-0.17415355253533432, -0.9809094661918398, -0.08652837265638483], [-0.8063323153791978, 0.19249251813459237, -0.5592627536654176]], "T": [0.11697933743089355, 0.03388873231135756, 0.1517064222135084], "aligned_model": [[-0.2568463138316088, -0.11654886466675048, 0.5601446839039116, -0.5505444088474167, -0.24794716091461189, -0.3303601499022719, 0.3620643759812133, 0.11481109981453906, 0.4369860427307602, 0.6793196275460244, 0.09745257430380881, 0.5115211092648008, 0.0733564018047564], [-0.3559530340055431, -0.5533484751142084, -0.6365937891121188, 0.13395345985668045, 0.7082217162759293, -0.015080390442440833, -0.6045785584347083, 0.5448175379937852, 0.6681318364940462, 0.08031894628857814, 0.08528388001380985, 0.057808537641254085, -0.01926051681584686], [-0.2763233611037458, 0.4359582315904017, 0.36907127950652696, -0.011834243416591561, -0.03480810540497589, 0.7244565822453705, -0.41435078359248734, 0.5285076016477972, -0.11627160665303202, -0.0999591090358791, -0.6330237781972441, 0.6984929834093245, 0.0969222343813038]], "inverted": true, "swapped": false, "error_lsq": 0.04594704332674659, "error_max": 0.32451308548468727, "target": "291.xyz", "model": "9.xyz", "model_rescale": 3.833441315466971, "target_rescale": 3.8752383802686787},
{"mapping": [2, 0, 10, 5, 4, 1, 8, 6, 7, 11, 3, 12, 14], "R": [[-0.8222389866276055, -0.5675200520177698, -0.0429422801834784], [0.27379875485452254, -0.46057536773800345, 0.8443367648474843], [-0.49895620119377365, 0.682489063055776, 0.534089307231972]], "T": [0.11664091772289306, -0.011625652646085914, 0.11214081491597479], "aligned_model": [[-0.27098720387051645, -0.16873272918234408, 0.5195852623165533, -0.5576681767372392, -0.3488068799446101, -0.2276281377254217, 0.5256369189323951, 0.03616649747383821, 0.5613339296626322, 0.7982349697515838, -0.05557108346813569, 0.40362646161561755, 0.11821918836280165], [-0.23344430205319014, -0.4602488230741577, -0.6953103800773194, -0.06337706751705102, 0.6242697326100842, 0.056653546658040545, -0.5276289631815946, 0.5783090425964144, 0.30368167732750684, -0.037117658107881875, 0.43489218956015524, 0.11081061421197369, 0.0022315416862359674], [-0.4510564693928258, 0.5377252299392891, 0.3265357592526723, 0.10412597529060683, -0.00995745184738521, 0.762083659569978, -0.3050188869821983, 0.43883714345309244, -0.2709301831753751, 0.1013340142693088, -0.6126258323470567, 0.6275714266041359, 0.018213540742527193]], "inverted": true, "swapped": false, "error_lsq": 0.04209931148758798, "error_max": 0.23007329172760668, "target": "291.xyz", "model": "10.xyz", "model_rescale": 4.2482417240324, "target_rescale": 3.8752383802686787},
{"mapping": [1, 2, 6, 9, 3, 4, 0, 8, 11, 7, 5, 12], "R": [[-0.7850361191153613, -0.38887971270869054, 0.48217306097281976], [0.5656253398766564, -0.7673704326434613, 0.30201091701129584], [0.25255943176549384, 0.509818779713138, 0.8223737260382883]], "T": [-0.005841730966323046, 0.1859006652323145, 0.11500222258141693], "aligned_model": [[-0.5220183355207273, 0.029047762330590997, 0.3828322870714261, 0.42593608762168866, -0.5538075880027046, 0.08564143980764252, -0.2038240602774762, 0.6572002317106592, 0.06396291021274206, 0.11762832874709936, -0.5733989153550252, -0.0324345459829084], [-0.3171342659191132, -0.7405568865416242, -0.33297528512285124, -0.2601399207774612, 0.5399728237828351, 0.7567679748464025, 0.17065599316375174, 0.35433223513701084, -0.34012428080454193, 0.5215847544606104, 0.1980486631023751, 0.11569958472324574], [0.02405747533792965, 0.05104052413909166, 0.5622064957476457, -0.08058697288046884, 0.15541157194686978, 0.0027260693676946918, 0.5921090805429621, -0.11035004032475484, -0.6128856278058122, -0.5894645591688124, -0.4346259206874241, 0.005554193639435129]], "inverted": true, "swapped": true, "error_lsq": 0.05264553862596663, "error_max": 0.31097967537344684, "target": "291.xyz", "model": "11.xyz", "model_rescale": 3.6694154284099745, "target_rescale": 3.8752383802686787},
{"mapping": [10, 12, 5, 2, 8, 1, 7, 3, 11, 6, 9, 0, 13], "R": [[-0.28025166821925895, 0.9514530464683046, -0.1272639101493613], [-0.9597749214444908, -0.2800903532002109, 0.01953187677626156], [-0.01706172988135691, 0.12761855041632225, 0.9916765616687191]], "T": [0.16321366094965184, -0.009481779026241803, 0.10874971841609445], "aligned_model": [[-0.25424127263655005, -0.1768483800149943, 0.6115848940584745, -0.4689872668282292, -0.23385594463157539, -0.2740770581431289, 0.3658286557560111, -0.20534201969260302, 0.5149124075031375, 0.7284732263440533, 0.08541005101279574, 0.4560948871507263, 0.18445683730903725], [-0.3011720432894958, -0.5534160396862258, -0.6684090448567156, 0.11637913390859261, 0.552364597008449, 0.15000943584765347, -0.46082836265819666, 0.6961511482635869, 0.5333948716474, -0.004267670671143139, 0.1658576453856344, -0.13038033116932576, -0.0019621890909971226], [-0.27095668851828325, 0.33294121834801627, 0.2054393669951014, 0.21264673908710963, -0.20630937028211044, 0.8157241687853635, -0.44568579973991823, 0.43661826340635834, -0.24708954688939472, 0.12633579978357284, -0.6709226175159909, 0.7493291372660288, 0.22876725465091605]], "inverted": true, "swapped": false, "error_lsq": 0.044932469602160026, "error_max": 0.292577479312296, "target": "291.xyz", "model": "12.xyz", "model_rescale": 3.9764082729961374, "target_rescale": 3.8752383802686787},
{"mapping": [4, 3, 14, 7, 0, 8, 6, 1, 9, 13, 5, 11, 15], "R": [[-0.5964383719717898, 0.4072367644316872, -0.6916787448916237], [0.0612042477195798, 0.882300001658106, 0.46669127604358196], [0.8003220030092397, 0.23601890765215616, -0.5511621963904652]], "T": [0.17452942900151297, 0.11622188123962432, 0.10979732184118444], "aligned_model": [[-0.23600086553525873, -0.18577860188670536, 0.4532222763923342, -0.5673180017174133, -0.39552850688542635, -0.057778333582491515, 0.47554935230036344, 0.1779655078984214, 0.12468031449455746, 0.754971156758667, 0.21691036387828733, 0.45473519038305016, 0.11777916468876864], [-0.18443465375806292, -0.4831701678020076, -0.614253153786141, -0.027490137622585425, 0.4237658566030206, 0.11447325327167698, -0.42163961761913915, 0.673653900580883, 0.6205838435899275, -0.07691843731188142, 0.27843969281295633, -0.23498472745112378, 0.02569549913169282], [-0.3970894968964545, 0.578146274799062, 0.2757628592047373, 0.11635049613050046, -0.21816393570650566, 0.7773921708266993, -0.3415903380718779, 0.4140674574705893, -0.21367323823290635, 0.12606889874730443, -0.7116119207425887, 0.7645364668828929, 0.09664223096531634]], "inverted": true, "swapped": false, "error_lsq": 0.05384446841219493, "error_max": 0.3777096442981587, "target": "291.xyz", "model": "13.xyz", "model_rescale": 4.170626492500431, "target_rescale": 3.8752383802686787},
{"mapping": [0, 4, 8, 2, 3, 6, 7, 11, 9, 10, 1, 12, 13], "R": [[-0.5148580306388082, -0.0012732616901771632, -0.8572745109306565], [0.8268683977315794, 0.26323325922940555, -0.49698783090562204], [0.22629595913214776, -0.9647313771408768, -0.13447493759183682]], "T": [0.04948069149542806, -0.013958609916577158, 0.1246019905863214], "aligned_model": [[-0.1565832185325063, -0.11159568017422097, 0.4624974057121697, -0.5833213052066776, -0.34142555199273145, -0.4025653249613941, 0.4927493688163966, 0.22878362669579944, 0.5047188024361955, 0.612267662729732, 0.07110958927176585, 0.503464282784482, 0.05330935960814422], [-0.326288322225656, -0.5698764113485753, -0.6277719236961389, -0.19333447036974952, 0.5316766974223214, 0.4002017526630293, -0.38587724559820025, 0.609540802604005, 0.5669335675945626, 0.016413835367077273, 0.20242858741167544, -0.18633633275881395, 0.05601061357367941], [-0.3399905430609701, 0.5345689784448258, 0.18946108716870552, 0.10676660741531944, -0.03334744631373518, 0.7004620952155052, -0.4433937937533574, 0.4052416013795339, -0.20950724142818974, 0.09858959832341394, -0.6126382969107406, 0.6722249819719927, 0.19840029692446579]], "inverted": true, "swapped": false, "error_lsq": 0.04796024741686534, "error_max": 0.34378703619369705, "target": "291.xyz", "model": "14.xyz", "model_rescale": 3.9786697098870705, "target_rescale": 3.8752383802686787},
{"mapping": [0, 3, 2, 6, 1, 11, 4, 7, 9, 10, 5, 12], "R": [[-0.9487907642254297, 0.3024891001065768, 0.0910847409681698], [-0.09202793173090551, 0.011164908024727804, -0.9956938307582965], [-0.3022034836031131, -0.9530874509432558, 0.017244284636662943]], "T": [-0.026294723541134997, -0.12617108227153412, -0.015261369210710588], "aligned_model": [[-0.15287687025891103, -0.6569350865904315, 0.6845500335100729, 0.61448323429825, 0.0011294335151796828, 0.418127620294728, -0.3868871882993971, -0.18486379204902467, 0.5961732825942296, -0.048166878640572584, -0.410425428134559, 0.009046236527771798], [-0.438099726677088, -0.0620382904319689, 0.24770233719577717, -0.4729277576757011, 0.3444203795325817, 0.6439181626311645, -0.27624623872493104, 0.29084616039334876, 0.020608901205073832, -0.8482883518963762, 0.5630823065833979, 0.001696608089160806], [-0.40735553850109796, -0.17478035541077114, -0.4827550787274612, -0.3143513605219488, -0.5680225905222579, 0.12912349741036727, 0.4255505091188176, 0.6367774178479353, 0.10568754629688827, 0.37835957547439536, -0.056893028043713476, -0.011374100547323296]], "inverted": true, "swapped": true, "error_lsq": 0.05223168704186348, "error_max": 0.35906526465907396, "target": "291.xyz", "model": "15.xyz", "model_rescale": 3.769337070930944, "target_rescale": 3.8752383802686787},
{"mapping": [3, 10, 1, 0, 5, 7, 11, 8, 2, 6, 12], "R": [[0.4873556238643749, 0.4335470937571315, 0.7579719080431091], [-0.07661501605386033, -0.8434573185930395, 0.5317047028444518], [0.869835981782102, -0.31720130706947774, -0.3778474501575766]], "T": [-0.12313737840897962, -0.030247070434968305, -0.06131860893274674], "aligned_model": [[-0.3248572240327857, -0.4872767632434676, -0.04455048149430277, -0.6188639005263753, 0.30110955894710933, 0.5236322409091735, 0.6844395872621153, 0.1890667855214392, 0.10446647957424862, -0.39441641098421343, -0.01012374124177079], [0.0527338892826368, -0.7463369408228642, 0.685904895153563, 0.11478453296659366, 0.3196187533570132, -0.3749774876434304, 0.31809514690274576, -0.5890836268255366, 0.6547589204312899, 0.12133017662733916, 0.039236238195991764], [-0.677508395979103, 0.11612714698757257, -0.1546129705845773, -0.07809376747296173, -0.628741087129525, -0.3563645527695041, 0.13329073992354365, 0.26884459869959576, 0.5239977560850011, 0.6623687757512603, -0.06509063628752548]], "inverted": false, "swapped": true, "error_lsq": 0.04922922486260297, "error_max": 0.2536394237201801, "target": "291.xyz", "model": "16.xyz", "model_rescale": 3.7852294659196426, "target_rescale": 3.8752383802686787},
{"mapping": [4, 10, 6, 0, 3, 9, 5, 8, 2, 7, 1, 11, 12], "R": [[0.06813940250829054, 0.14647704278340135, 0.9868644779113507], [0.6514921070059653, -0.7556751863114103, 0.06717921778454455], [0.7555892113673548, 0.6383568662829946, -0.14691989291656177]], "T": [0.08620775811884504, 0.06490897237071372, 0.06406164425900607], "aligned_model": [[-0.3278962864566217, -0.06276826000282196, 0.5790742510492891, -0.5945562243398542, -0.26192850503154286, -0.30633017004201357, 0.23884438212591483, -0.05104273337457252, 0.48698577536677556, 0.7665832901414161, 0.2369521255401916, 0.5510064046121832, 0.07848496759881134], [-0.36846771223401886, -0.6127172710404802, -0.6468937930932366, 0.10554271788871433, 0.6686574210188914, 0.029423279128152062, -0.3991664717532013, 0.5128113790357386, 0.511221174720551, -0.08480788174168119, 0.18443120396424445, 0.16638969800141987, 0.027297406744122718], [-0.31341573863544525, 0.47379801748474987, 0.2585164696717527, 0.08968301523855164, -0.319062779652024, 0.8334227597581693, -0.37587591237067997, 0.5165565590823258, -0.05539303314930767, -0.01404728094236013, -0.5971831864147089, 0.622269450525364, 0.14756958478038235]], "inverted": false, "swapped": false, "error_lsq": 0.04870260909897169, "error_max": 0.31675244870745206, "target": "291.xyz", "model": "17.xyz", "model_rescale": 3.901054581598922, "target_rescale": 3.8752383802686787},
{"mapping": [1, 3, 2, 7, 6, 12, 8, 11, 10, 5, 4, 13, 14], "R": [[-0.8214137188887743, 0.31540327349817776, 0.47518446679994464], [0.4178718159652747, -0.2342090822302335, 0.877797955809169], [0.3881528665914985, 0.9196014793743569, 0.06058441457418712]], "T": [0.12759147543408342, -0.009906172579181093, 0.06972106815108134], "aligned_model": [[-0.3647167870803931, -0.0970065531711306, 0.4703864907335489, -0.5205497664572983, -0.431413676991943, -0.16627814629323803, 0.4680171618338025, -0.10670678963659821, 0.4938088766644021, 0.7401300063344876, 0.23320700322427318, 0.48909468886454965, 0.12543650916269208], [-0.1908287623448986, -0.4864824337135712, -0.7443590952488928, -0.010623968933149385, 0.44511532732724735, 0.14911372838065043, -0.34003213159474727, 0.6993491950192285, 0.6698076097412368, -0.09993779217421574, 0.18827016477319752, -0.2050770583178848, 0.019406367725015413], [-0.3891744979729329, 0.6227460968636995, 0.23345433861211565, 0.20968334565875807, -0.14050361987151974, 0.733293536387805, -0.39454766368771677, 0.3504204365942425, -0.20655368148891787, 0.15204301316630764, -0.6886623899444945, 0.668658419081874, 0.11598059197754881]], "inverted": false, "swapped": false, "error_lsq": 0.050363980837717544, "error_max": 0.2871393770676797, "target": "291.xyz", "model": "18.xyz", "model_rescale": 3.9405287249114394, "target_rescale": 3.8752383802686787},
{"mapping": [11, 9, 5, 13, 12, 7, 2, 4, 1, 6, 3, 8, 15], "R": [[0.09645840409516471, -0.48430768968460847, -0.8695641655402846], [-0.787504605785033, -0.5714208877988598, 0.23089968569602462], [-0.6087136207994479, 0.6625135702002792, -0.43651288314745773]], "T": [0.014094512320691921, 0.10619410877959083, 0.051376638355560125], "aligned_model": [[-0.3194771076891432, -0.2067806872532133, 0.42706526947566403, -0.643335085735149, -0.18814626871537915, -0.17656750090143405, 0.5949749987887641, -0.04230730736480424, 0.5212034838220188, 0.7435189753030702, 0.09120706284836694, 0.5001206686719799, 0.031932515936413636], [-0.5110509812674278, -0.4748104827074791, -0.5929501482646153, -0.008071160740460812, 0.5800767220190833, 0.04035737593103826, -0.3866303487807237, 0.6589968854947765, 0.40708283095009384, -0.0384834945551419, 0.4150573635648132, -0.07686238658986606, 0.08100897558512586], [-0.11279301485927277, 0.5015517796513294, 0.23002462836894372, 0.12922018114243944, -0.1348302293067858, 0.725868350879337, -0.3669858808595872, 0.5266586108815793, -0.24497769664379015, 0.12412139410061064, -0.7386143358134876, 0.6014139556181278, 0.026180182217325154]], "inverted": false, "swapped": false, "error_lsq": 0.03931387566767774, "error_max": 0.25889865692623143, "target": "291.xyz", "model": "19.xyz", "model_rescale": 4.410303926677745, "target_rescale": 3.8752383802686787},
{"mapping": [2, 6, 11, 0, 1, 3, 12, 5, 8, 9, 7, 10, 13], "R": [[-0.19135854532708715, -0.043360800252210896, -0.9805619552745197], [0.015130195902477134, 0.9987746943764448, -0.04711886082230962], [0.9814035787087054, -0.02385269114224615, -0.19046801522307832]], "T": [0.024488863014449233, -0.062498663065985005, 0.09082276195644258], "aligned_model": [[-0.4174543760904423, -0.13137294015985984, 0.5230921648465658, -0.6825581844941504, -0.3115017477881526, -0.36017529502580103, 0.5139313117418169, 0.22302594655604835, 0.5276331173128319, 0.7124315173471006, 0.08640056616312053, 0.5663353280837954, 0.0836216086942807], [-0.28416149714645506, -0.5032478646013377, -0.69201904365882, -0.007578959653664362, 0.5015382919053586, 0.045710432674270024, -0.3142592825878678, 0.6271610155504699, 0.49132178115274633, -0.04843413342884142, 0.16054328129745646, 0.1290354451718388, -0.011888316035937395], [-0.34981369721481426, 0.4342657162235823, 0.2963274147359932, 0.19195471194861002, -0.27262257650801497, 0.6960392296939527, -0.42661092184302296, 0.5198021054193009, -0.08577383013743796, 0.07097785972825789, -0.5824323137982964, 0.6780630080913844, 0.09666121903727418]], "inverted": true, "swapped": false, "error_lsq": 0.03870558164806616, "error_max": 0.274857888260506, "target": "291.xyz", "model": "20.xyz", "model_rescale": 4.121658175737393, "target_rescale": 3.8752383802686787},
{"mapping": [6, 1, 2, 8, 9, 5, 2, 7, 11, 4, 10, 3, 12], "R": [[-0.9681087089349532, -0.20006704636383832, -0.1507935828991017], [-0.22824561928714354, 0.45617703626199696, 0.8601200200340935], [-0.10329310219238654, 0.8671076568376448, -0.4872933885176391]], "T": [0.02084395542500013, 0.026360049646853893, 0.1311543665793128], "aligned_model": [[-0.2867531431980348, -0.007242778218169155, 0.46682798239803014, -0.6504968036112784, -0.2500597323411563, -0.37236092856677416, 0.46682798239803014, 0.1835098392039931, 0.5415519815280904, 0.5490728781392434, 0.1186155172203759, 0.5340791893791558, 0.03983703285564881], [-0.3812538436624627, -0.5971564243486261, -0.5647056638305831, 0.06076684875431592, 0.6075342855268892, 0.087714074997992, -0.5647056638305831, 0.5584661513819051, 0.7192691010487122, 0.008124163940729325, 0.08620322899696115, 0.02127036014987043, 0.052194531514096115], [-0.2711631709106923, 0.43580696880510095, -0.03603176994356436, 0.08848282924746781, -0.2027776245275531, 0.6839012641418153, -0.03603176994356436, 0.5276653581645528, -0.021519145131720707, -0.09194484813822207, -0.6405531928344571, 0.599347054088235, 0.23165597235937135]], "inverted": true, "swapped": false, "error_lsq": 0.06036354206049554, "error_max": 0.3791957354467602, "target": "291.xyz", "model": "21.xyz", "model_rescale": 4.08911054899281, "target_rescale": 3.8752383802686787},
{"mapping": [14, 7, 10, 4, 2, 0, 9, 1, 11, 5, 15, 6, 16], "R": [[0.44976418809455154, -0.87940948990579, 0.15604846737884917], [0.8632898202795105, 0.383244256054443, -0.3284121288915003], [0.22900406395830564, 0.28242306786966853, 0.9315548021590923]], "T": [0.06495623668759334, -0.03343978006684361, 0.07460286329980653], "aligned_model": [[-0.14493897087839389, -0.018174559682500868, 0.5373824799995625, -0.6023342812557942, -0.4254224663910757, -0.26766028867502156, 0.45699125272709407, 0.058312843634406364, 0.573825146213024, 0.7529107434163693, 0.032661502791787075, 0.35083997658943966, 0.029015638698258066], [-0.2633226599108795, -0.5442581618521473, -0.6558115865520244, 0.08444562683792792, 0.4578110582378195, 0.13023575380123067, -0.43586546995406167, 0.7422860199095384, 0.4769914363172039, -0.17230042229777695, 0.386641361799005, -0.07106562595301666, -0.04206617974360222], [-0.4865748708829633, 0.5624040928334676, 0.27610271029093886, 0.23928006685118236, -0.12403039374719785, 0.7547910467078811, -0.36347215525320775, 0.2425425246242914, -0.18308965990866444, 0.0027323362463109596, -0.5203726843535885, 0.7619302318313181, 0.10459468013700056]], "inverted": true, "swapped": false, "error_lsq": 0.04262291293673917, "error_max": 0.23963177169781885, "target": "291.xyz", "model": "22.xyz", "model_rescale": 4.204369325754507, "target_rescale": 3.8752383802686787},
{"mapping": [11, 9, 5, 13, 12, 7, 2, 4, 1, 6, 3, 8, 15], "R": [[0.09645840409516471, -0.48430768968460847, -0.8695641655402846], [-0.787504605785033, -0.5714208877988598, 0.23089968569602462], [-0.6087136207994479, 0.6625135702002792, -0.43651288314745773]], "T": [0.014094512320691921, 0.10619410877959083, 0.051376638355560125], "aligned_model": [[-0.3194771076891432, -0.2067806872532133, 0.42706526947566403, -0.643335085735149, -0.18814626871537915, -0.17656750090143405, 0.5949749987887641, -0.04230730736480424, 0.5212034838220188, 0.7435189753030702, 0.09120706284836694, 0.5001206686719799, 0.031932515936413636], [-0.5110509812674278, -0.4748104827074791, -0.5929501482646153, -0.008071160740460812, 0.5800767220190833, 0.04035737593103826, -0.3866303487807237, 0.6589968854947765, 0.40708283095009384, -0.0384834945551419, 0.4150573635648132, -0.07686238658986606, 0.08100897558512586], [-0.11279301485927277, 0.5015517796513294, 0.23002462836894372, 0.12922018114243944, -0.1348302293067858, 0.725868350879337, -0.3669858808595872, 0.5266586108815793, -0.24497769664379015, 0.12412139410061064, -0.7386143358134876, 0.6014139556181278, 0.026180182217325154]], "inverted": false, "swapped": false, "error_lsq": 0.03931387566767774, "error_max": 0.25889865692623143, "target": "291.xyz", "model": "23.xyz", "model_rescale": 4.410303926677745, "target_rescale": 3.8752383802686787},
{"mapping": [5, 4, 8, 0, 7, 3, 15, 1, 11, 9, 13, 10, 16], "R": [[-0.6585014132080146, 0.14903276727179435, -0.7376754862962159], [-0.7044003393817232, -0.4671320855777504, 0.5344228442934438], [-0.26494537301481735, 0.8715370611185118, 0.41258587035300515]], "T": [0.10909592977387114, 0.023687579385689606, -0.051755201636662765], "aligned_model": [[-0.22487724338846635, -0.03416561476695493, 0.5030177179592284, -0.6185044309958343, -0.162564214045163, -0.3039934232755026, 0.45335507333326064, -0.03303848954141417, 0.5439919237881092, 0.713722044681675, -0.013372815605743438, 0.4595205679895482, 0.05031792105441229], [-0.491196907965924, -0.48063150858866505, -0.5598154866306719, 0.15308873125865463, 0.6241420379841613, -0.008870098888741906, -0.5031232912340753, 0.6498202748320545, 0.4822062525959317, -0.13231182255064478, 0.30751046472539795, 0.010806544222790388, 0.0420959608789491], [-0.18944295606848505, 0.3943644688012618, 0.37257540531599387, 0.10393316654770655, -0.1388534570252502, 0.7467109332849692, -0.3883114963443237, 0.5175347105428115, -0.01504570261189131, -0.0016410180616984599, -0.6831287835924831, 0.49671594449607487, 0.051426710092083064]], "inverted": true, "swapped": false, "error_lsq": 0.03888094581945637, "error_max": 0.24022199028786548, "target": "291.xyz", "model": "24.xyz", "model_rescale": 4.28219845311461, "target_rescale": 3.8752383802686787},
{"mapping": [9, 14, 10, 13, 4, 2, 5, 0, 1, 8, 3, 6, 15], "R": [[0.9762341892962241, 0.12227607724363107, 0.17892838953909423], [-0.17983139876645812, -0.003701412934302196, 0.983690483617682], [0.12094410141401435, -0.9924892243627633, 0.01837563215122858]], "T": [-0.04288559885936542, -0.06349613241912594, 0.030610686080910013], "aligned_model": [[-0.23912024773247703, -0.08980312429703455, 0.4553291125709782, -0.6192462902376986, -0.26541067276541547, -0.267698041244199, 0.5712166610033254, 0.21312967673888855, 0.42212489093876027, 0.6446152766147198, 0.02402282751002177, 0.5093061352818472, -0.02505718719456146], [-0.3409524743804921, -0.507290291662646, -0.5654401265542599, -0.11607874030945722, 0.6311857170094466, 0.15193989983594675, -0.3357079922650257, 0.595113858456739, 0.2907037361422981, -0.14408787024024344, 0.3798326910473131, 0.05594129468761341, -0.0014385511280158372], [-0.5536697472436483, 0.6478546531820651, 0.39052615795441287, 0.16462516186000586, -0.01986992983566862, 0.6403866335756243, -0.49289652371176707, 0.43834004560098366, -0.2305120749634853, 0.0834649663821542, -0.60107607302083, 0.7327617558039892, 0.0669028997929333]], "inverted": true, "swapped": false, "error_lsq": 0.04439358801138446, "error_max": 0.26304477792211056, "target": "291.xyz", "model": "25.xyz", "model_rescale": 4.100010024507729, "target_rescale": 3.8752383802686787},
{"mapping": [1, 2, 6, 9, 3, 4, 0, 8, 11, 7, 5, 12], "R": [[-0.7850361191153613, -0.38887971270869054, 0.48217306097281976], [0.5656253398766564, -0.7673704326434613, 0.30201091701129584], [0.25255943176549384, 0.509818779713138, 0.8223737260382883]], "T": [-0.005841730966323046, 0.1859006652323145, 0.11500222258141693], "aligned_model": [[-0.5220183355207273, 0.029047762330590997, 0.3828322870714261, 0.42593608762168866, -0.5538075880027046, 0.08564143980764252, -0.2038240602774762, 0.6572002317106592, 0.06396291021274206, 0.11762832874709936, -0.5733989153550252, -0.0324345459829084], [-0.3171342659191132, -0.7405568865416242, -0.33297528512285124, -0.2601399207774612, 0.5399728237828351, 0.7567679748464025, 0.17065599316375174, 0.35433223513701084, -0.34012428080454193, 0.5215847544606104, 0.1980486631023751, 0.11569958472324574], [0.02405747533792965, 0.05104052413909166, 0.5622064957476457, -0.08058697288046884, 0.15541157194686978, 0.0027260693676946918, 0.5921090805429621, -0.11035004032475484, -0.6128856278058122, -0.5894645591688124, -0.4346259206874241, 0.005554193639435129]], "inverted": true, "swapped": true, "error_lsq": 0.05264553862596663, "error_max": 0.31097967537344684, "target": "291.xyz", "model": "26.xyz", "model_rescale": 3.6694154284099745, "target_rescale": 3.8752383802686787},
{"mapping": [0, 10, 8, 2, 6, 11, 5, 12, 3, 7, 1, 9, 13], "R": [[-0.5922124768225374, -0.7331300923193335, 0.33437202339843164], [-0.7710748451255222, 0.6360843771729954, 0.028987037294189465], [-0.23394008957501866, -0.24065937100451393, -0.9419952768657303]], "T": [0.1171421390378766, -0.10917037774698052, 0.11433999537566697], "aligned_model": [[-0.2822942051397872, -0.041689005204390506, 0.45324682726373067, -0.5530900220492093, -0.13134955105088394, -0.3267701950793829, 0.3581943589468989, -0.08055846968432948, 0.5853120324634523, 0.7037825899120846, 0.09703638055601674, 0.49114335330861125, 0.06044492294434337], [-0.3226643710976326, -0.4358829635258777, -0.6276449130979425, -0.002911144756568368, 0.46544729361934295, 0.16710077246040766, -0.4279002472421837, 0.5796805776153633, 0.5493492985900537, 0.0007063700634045156, 0.19957349624444165, 0.05062232695322827, -0.10175534518682118], [-0.3671205584460518, 0.5938421056994856, 0.27735835990940527, 0.15468193201865377, -0.16718592441639535, 0.7946278465290189, -0.5685096200519565, 0.4551209278890702, 0.11425573153251092, -0.08543138998060151, -0.7126543410283902, 0.6615629103919889, 0.1162899453300309]], "inverted": true, "swapped": false, "error_lsq": 0.04703013915117073, "error_max": 0.320289606705829, "target": "291.xyz", "model": "27.xyz", "model_rescale": 4.103607728864725, "target_rescale": 3.8752383802686787},
{"mapping": [10, 13, 11, 3, 0, 2, 6, 1, 5, 7, 9, 8, 14], "R": [[-0.11549986538583384, -0.7880190820635502, -0.6047195278801356], [0.29562369977946035, -0.6084771965291641, 0.736452394546119], [-0.9482965829446808, -0.09370927172766247, 0.3032361508259088]], "T": [0.01849858367188427, -0.14524546328386367, 0.09246360948163193], "aligned_model": [[-0.19294004008859184, 0.006992484432581991, 0.48925355143897065, -0.6708906110958274, -0.20039287433912023, -0.42214516169670424, 0.4501160707599722, 0.166896297537713, 0.4522863065935743, 0.6801315851934367, 0.00460509071403639, 0.5743257898858487, -0.004829472148735359], [-0.40678261633555746, -0.5717135357476119, -0.6455563524277577, 0.14376568592328687, 0.528005592168724, 0.16994689559749665, -0.23597371108803872, 0.6569237045138662, 0.3458247246997329, 0.11296210695048042, 0.13765266996206793, -0.13706705609940498, -0.004266957478067435], [-0.2905080634416314, 0.5801777940232051, 0.1042961065107105, 0.02357278035106411, 0.00020697327891702755, 0.5902663543539631, -0.3622252871741122, 0.4630895352193789, -0.23283424218363655, 0.21757103346055115, -0.6755855706574974, 0.6951817917981472, 0.15362871983770973]], "inverted": true, "swapped": false, "error_lsq": 0.04878537752509148, "error_max": 0.2581798662218359, "target": "291.xyz", "model": "28.xyz", "model_rescale": 4.137296879288765, "target_rescale": 3.8752383802686787},
