[{"mapping": [1, 4, 0, 9, 10, 14, 5, 8, 3, 7, 13, 15], "R": [[-0.26313134830157714, -0.24162601466513334, -0.9340121854547931], [-0.961702873895918, -0.011317987607447177, 0.27386033940103427], [-0.07674292072449473, 0.9703034433586035, -0.22939431537226795]], "T": [-0.039891437948244866, 0.03322613378234071, 0.07799258467148135], "aligned_model": [[-0.22505078748493643, 0.19531280325372613, 0.485136796540705, -0.20939161056245026, -0.2450824467060428, -0.47999314998155146, 0.3024824126433893, -0.30275135941057335, 0.6873419459341397, 0.30301175030328864, -0.636427820620113, -0.036946071449032634], [-0.26212723854258146, -0.6797819489929168, -0.2000444788965384, 0.575519686264914, 0.3449013518731566, -0.5187667968952899, -0.3628702956961509, -0.4678684745224876, 0.05888659735480836, 0.3910661403366966, 0.16389570684473106, 0.010744786848715437], [-0.49621789334123384, -0.0492908113663697, -0.5926907714923682, -0.06461168938961404, -0.7120514713851185, 0.06731649688204183, 0.5364263904206201, 0.6598222781629046, 0.07201402438943397, 0.44390963155258367, 0.3077708151772899, 0.009554745743392754]], "inverted": false, "swapped": true, "error_lsq": 0.03622729046158698, "error_max": 0.1665709284037359, "target": "292.xyz", "model": "0.xyz", "model_rescale": 3.751011558992144, "target_rescale": 4.159298562375639},
{"mapping": [11, 13, 10, 1, 12, 2, 6, 14, 9, 3, 7, 5, 4, 0, 15], "R": [[0.8414109733001639, 0.4919572417371983, -0.22361942293190662], [0.382750666663538, -0.8346547563209522, -0.39604717511860793], [-0.38148329082502197, 0.24764795588322544, -0.8905846331304913]], "T": [0.07865170671201978, -0.009936708435521933, 0.007740124773993945], "aligned_model": [[-0.03182752387118376, 0.1492091214071395, -0.534048452426173, 0.09523615478170529, -0.30827878211687676, -0.5026245400806747, 0.47326617771806195, 0.6150736097049118, -0.4403002136036063, -0.04216552582494086, -0.11006282642371383, 0.5933863734450748, 0.6132673550577387, -0.09724282570276215, 0.06619810902433365], [-0.03535443263995785, -0.5238305220754538, 0.3391201956749051, 0.4705722624090848, -0.6896625308218858, 0.31278871341064574, -0.5964010957227545, 0.048660940550977576, -0.2363354581345156, 0.3249863205338624, -0.2894713664052077, -0.00679000852002417, 0.529123822896674, 0.848180867960594, 0.053169640710161246], [-0.7064807003886464, -0.3880666815394818, -0.5081786622867618, -0.46137751222575313, 0.16959252945880393, 0.15391931162548345, 0.3766426605456336, -0.4475812439601722, -0.142529949080927, 0.6423993705074086, 0.5232733942913045, 0.47604783388312644, 0.06692184655453404, 0.1199066462142599, -0.024822438746836116]], "inverted": false, "swapped": true, "error_lsq": 0.03712553707728968, "error_max": 0.29781771696057363, "target": "292.xyz", "model": "1.xyz", "model_rescale": 3.9405287249114394, "target_rescale": 4.159298562375639},
{"mapping": [4, 0, 1, 7, 2, 14, 5, 3, 9, 13, 12, 8, 15], "R": [[0.7308124378132193, 0.2730129368037599, 0.6256014043105128], [-0.6816899098362684, 0.3386716944034962, 0.6485370847047106], [-0.0348144734976662, -0.9004251327832044, 0.4336156508792426]], "T": [-0.062465768950799666, -0.1095161531810866, -0.009125877851250349], "aligned_model": [[-0.23713774511409627, 0.299015460829425, -0.3388680762557632, 0.3938577485466276, 0.4672646234567295, -0.7276802777679278, -0.015675246081050503, 0.564399134057472, 0.09393249057127806, -0.5102518540037871, 0.16448610434637537, -0.5898265685850926, -0.06753251471625886], [0.6309038505208127, 0.5064727240450089, 0.17464766525877568, -0.316981387339403, -0.13789938545483413, 0.1271030560159845, 0.2865547591774717, 0.2401696959753321, -0.6123051059750997, -0.5743925147165536, -0.829364006621905, 0.03740903904921844, -0.07348579636279123], [0.025087320632084107, -0.5285245817730821, -0.5514246526334871, 0.34900032336346815, -0.4357196320779274, -0.008290173744177395, 0.5611479762059264, 0.1105520126841707, -0.26581915382020005, 0.08629853678352534, 0.252122113164933, 0.5900573261096429, -0.07136706530623244]], "inverted": true, "swapped": true, "error_lsq": 0.038579430022811216, "error_max": 0.24807515383718917, "target": "292.xyz", "model": "2.xyz", "model_rescale": 3.932901565614263, "target_rescale": 4.159298562375639},
{"mapping": [3, 4, 0, 5, 2, 9, 1, 7, 6, 13, 14, 8, 11, 15], "R": [[0.9290532909091234, -0.23941566867022754, 0.28202858054834734], [0.3599492469680844, 0.7610279521831869, -0.539697133217302], [-0.0854196830832145, 0.6029233729016092, 0.7932130130998296]], "T": [-0.03611628729468919, -0.14685224990699872, 0.05702038586844323], "aligned_model": [[-0.38206824919503524, 0.48496408531941015, 0.16438868984971558, -0.036801456992006654, -0.3393746351203675, -0.3484851169229367, 0.49897097324737494, -0.6163134686596582, -0.3045124638293515, 0.04141372050883921, 0.6149368152790239, 0.2755453542882954, 0.3610926299672329, 0.006053034312167263], [-0.0007577499625106843, 0.15829420118969198, -0.47098663802156193, 0.5120304383429334, -0.6244915087573114, -0.5766362040339301, -0.5194051916763549, 0.0560218263438719, 0.5305780308288075, -0.15525969416797333, 0.022420945437706286, 0.531316013091046, -0.6076196110380446, -0.1920082192258818], [-0.566306361792922, -0.40694460499683566, -0.739610421072443, -0.16691470056336172, -0.3215258339498437, 0.30371868665830576, -0.10460016204775945, 0.015298785664517964, 0.3807515186717226, 0.7048217760806816, 0.2714408472758158, 0.37588048879712294, 0.4480211827396724, 0.01986516159242384]], "inverted": false, "swapped": true, "error_lsq": 0.04911368815608126, "error_max": 0.2997445600135842, "target": "292.xyz", "model": "3.xyz", "model_rescale": 3.9243930471874484, "target_rescale": 4.159298562375639},
{"mapping": [3, 5, 0, 2, 1, 7, 9, 4, 14, 8, 11, 13, 15], "R": [[0.3457142508118181, -0.9336150265052569, 0.09404594126921367], [0.914378483950015, 0.35769486343193085, 0.18964802335823247], [-0.2106979944728845, 0.02042956088616224, 0.9773377042594353]], "T": [-0.06525064545680824, -0.12364503055208606, -0.04201846433448239], "aligned_model": [[-0.03312847415647238, -0.36927380858799974, 0.6682207195204184, 0.26171319887638145, 0.5613513616596643, -0.5042685625830848, -0.09773718801309259, 0.278338239818014, 0.08782145729631848, -0.48420860960934553, 0.25260352077569254, -0.3510603309506365, 0.006834362265495025], [-0.5130209498046804, 0.1400822781220513, -0.3509222477957227, -0.7188701462881506, 0.08126494858025302, -0.5086544968528991, -0.522374283223904, 0.32091214406542323, 0.554712987114656, 0.5613222723607308, 0.08369932986472431, 0.12208822885982787, -0.12241051132072314], [-0.6559542564365336, -0.6097257940453051, -0.4781959663514954, -0.08896347211594084, 0.08688885684526462, -0.23838121870237133, 0.38589296596087586, -0.5560400791532315, 0.08004308788078007, -0.16038634521936135, 0.5735626866131226, 0.49057539339074674, -0.04224554329558679]], "inverted": false, "swapped": true, "error_lsq": 0.04292657654696397, "error_max": 0.25957109044255644, "target": "292.xyz", "model": "4.xyz", "model_rescale": 3.8936222436046832, "target_rescale": 4.159298562375639},
{"mapping": [12, 13, 6, 7, 8, 14, 1, 4, 3, 2, 5, 15], "R": [[-0.5928702319611596, -0.40804079277182004, -0.6942676713548356], [0.5892008590334918, 0.36789589764758174, -0.7193712228107794], [0.5489510322137273, -0.8355568920954606, 0.02230345944598261]], "T": [-0.054387830655368, -0.165614618059866, 0.04201474892923101], "aligned_model": [[0.012405382071434636, -0.5867534025244174, -0.22284770437613372, 0.32296444232779187, -0.5957348017395904, -0.6621055487095209, -0.22543576855798278, -0.09191370675292498, 0.6133538275123043, 0.4961096734696988, 0.01479830123350296, -0.04729265173906539], [-0.5458803996965522, -0.4116918342912661, 0.23269253195359907, -0.11915464130571454, 0.3840338977874891, 0.06476868829402291, -0.29185124178494626, 0.42181343356015466, 0.12306751024244755, -0.5127591586892882, 0.5036062007894404, -0.17972208174957882], [-0.6571813607255034, -0.243924282911947, -0.6278530174071172, -0.44272650641894085, -0.21007036157198966, 0.3178813808724921, 0.6792291477730593, 0.5251531523729952, 0.06062399268490662, 0.24162760804159025, -0.135835086721835, 0.11236005328780774]], "inverted": false, "swapped": true, "error_lsq": 0.0397850308626996, "error_max": 0.23453054417283994, "target": "292.xyz", "model": "5.xyz", "model_rescale": 3.6523030999806103, "target_rescale": 4.159298562375639},
{"mapping": [0, 4, 5, 2, 7, 1, 8, 9, 14, 13, 6, 12, 15], "R": [[-0.9083325325555018, -0.0979112295774437, -0.40662685772578], [0.12982093530524083, 0.8581928199857489, -0.4966403210386574], [0.3975909142042623, -0.5039032395684129, -0.7668135301979732]], "T": [0.10142290018575842, -0.10712653650939274, 0.01909072871345859], "aligned_model": [[0.2150851821234139, -0.30035572498968344, 0.05021238560076993, 0.587016607956328, 0.6197390158304286, -0.2820131542174499, -0.41038384197194466, 0.39676077879737526, -0.6033855498615276, -0.1664693881417957, 0.13069820570935636, 0.5626756694830383, 0.0815027183459852], [-0.5554815186354823, 0.01886782913162538, 0.5055734676259289, -0.543757723681713, 0.21503909950697986, -0.6062279739662825, 0.5149928458036266, -0.4251171929867731, -0.06562758956822967, -0.05989321956658922, 0.645293233327179, 0.06165820715950504, -0.1644925599865918], [0.7713836807293651, 0.6535999723561509, 0.34505081430172346, 0.21132518197788236, -0.06508206520038286, 0.2538455361963132, -0.07959194374761816, -0.37436328945280894, 0.023842301919462284, -0.573978376884812, -0.2431259481549162, -0.6107474972038461, 0.05795137264527628]], "inverted": false, "swapped": true, "error_lsq": 0.05067397840106255, "error_max": 0.27358886005173955, "target": "292.xyz", "model": "6.xyz", "model_rescale": 4.08911054899281, "target_rescale": 4.159298562375639},
{"mapping": [10, 1, 11, 2, 7, 6, 9, 13, 3, 0, 5, 4, 8, 14, 15], "R": [[-0.49882465454459557, -0.10766958850573785, -0.8599890834943603], [0.07625060513269713, -0.9938579032889829, 0.08020170376571821], [-0.8633422318150331, -0.025568100849136202, 0.5039706965524939]], "T": [-0.01732275239535673, 0.007164349072411445, -0.09551874057006582], "aligned_model": [[0.20683703676031706, 0.30828234292960954, 0.6216742229371974, -0.393479849230341, -0.4824741261649118, -0.10910542846197446, 0.031086451375976418, 0.49346794424605533, -0.7213534387510168, -0.3764519917170661, -0.3090601197848596, -0.051565881020239276, 0.28186797175169265, 0.5422715616191981, -0.005663156690083465], [-0.7315768261491454, -0.5454658807919887, -0.2683056341861131, -0.46637956019860843, 0.33348447259731356, 0.7947183969186273, -0.08745149387502829, 0.3261621153811038, -0.10328804654745397, -0.741444647601075, 0.3947764214602257, -0.18141581445465246, 0.6004134167151212, 0.03835421276902978, -0.06182231586824296], [-0.5046987341124196, 0.1040217898055586, -0.29240008054261735, -0.40803135175999405, -0.3335874879206224, -0.011348073010612775, -0.6715855559782072, -0.3466392648299739, 0.05180287419923607, 0.20530803607904569, 0.4034000695344013, 0.6414802785305416, 0.3705900357226511, 0.33387744878002734, -0.07811995241493393]], "inverted": true, "swapped": true, "error_lsq": 0.03370370793165285, "error_max": 0.19598679476022168, "target": "292.xyz", "model": "7.xyz", "model_rescale": 3.964800864290218, "target_rescale": 4.159298562375639},
{"mapping": [2, 1, 9, 3, 12, 4, 7, 11, 14, 8, 5, 6, 13, 15], "R": [[-0.11091729355698893, -0.04483105829780559, -0.9928179743547614], [0.7492814925723024, -0.6600542029407273, -0.05390449024806876], [-0.6528970813831347, -0.7498790738460303, 0.10680250806607666]], "T": [0.010382910301226435, -0.04801561587488312, -0.014672983331262865], "aligned_model": [[-0.1867186403815338, 0.2515264136236584, 0.29115722777263386, -0.6877069985334866, 0.16732978558270048, -0.3100446024372322, -0.3329066608519483, 0.6858269758654393, 0.3472386106141544, 0.06996154824045164, -0.47441391479708783, -0.1417420280171899, 0.564657409697009, 0.017022763083304283], [-0.08187015460724038, -0.6543227663069004, 0.25108821347949223, -0.04265391850174184, 0.7238182346732033, -0.6572437054725631, 0.4589710960179241, -0.2776830665269062, -0.4515405630922253, -0.010523443302237513, -0.026367404772930775, 0.4784227335195349, 0.212190100733064, -0.11133688965927097], [-0.6653702836064534, -0.174287276126542, -0.4328251882458382, -0.22010990452909612, -0.14725798698529025, 0.3110108633891085, -0.08282059006593878, -0.13295774395189439, 0.4567032416134654, 0.7938823084755275, 0.48410270031707936, 0.564525433975632, 0.21071777236653583, -0.04849830790127446]], "inverted": true, "swapped": true, "error_lsq": 0.036019732155832464, "error_max": 0.21158154259649686, "target": "292.xyz", "model": "8.xyz", "model_rescale": 4.121658175737393, "target_rescale": 4.159298562375639},
{"mapping": [13, 9, 7, 6, 11, 14, 2, 4, 3, 1, 8, 5, 15], "R": [[-0.33765305624009695, -0.1285105755478208, -0.9324566722288441], [0.2515177569624603, 0.942296410814377, -0.2209440926997499], [0.9070442279978936, -0.3091318588219447, -0.2858465712878057]], "T": [-0.019729471806409493, -0.09356811488379099, -0.10285405641291215], "aligned_model": [[-0.5750874412152122, -0.16568908162031523, 0.387491125570748, 0.06392750808700273, -0.6756010907343122, -0.49611059269037205, 0.3086166177007717, 0.14817338572108327, 0.7019600438540152, -0.2902071374586071, -0.2486824272103463, 0.34422816022520497, -0.026281573794463626], [0.13502230843236415, -0.38336613173712364, 0.11044855244050289, 0.669124478046559, -0.3969787946647282, 0.10765077556445277, -0.6604278643189095, -0.011307014072125032, -0.17088891262539754, -0.5279314457610417, 0.6365372969480337, 0.4340133538017561, -0.15150916264263337], [-0.3579073304013042, -0.5905645097474238, -0.517674422990729, -0.3197679969206766, -0.0756973432510821, 0.37784509804373156, -0.2879513217504846, 0.6353494154134722, -0.05042949700372876, 0.33235348200606296, 0.16778143430727896, 0.16819284958996486, -0.06045442333599291]], "inverted": false, "swapped": true, "error_lsq": 0.03538231306995048, "error_max": 0.21083427633120896, "target": "292.xyz", "model": "9.xyz", "model_rescale": 3.833441315466971, "target_rescale": 4.159298562375639},
{"mapping": [13, 8, 1, 0, 4, 14, 5, 3, 9, 2, 12, 7, 6, 11, 15], "R": [[-0.7369857705796998, 0.671783957816517, -0.07455392668010066], [-0.43721511516942535, -0.5579321052295412, -0.7053755801142525], [-0.5154560282220317, -0.4872556618188322, 0.7049021229894685]], "T": [-0.05218453573272577, 0.02529545592630774, 0.11362952093293001], "aligned_model": [[0.1430784522447075, 0.0022031004146543104, -0.6885755570305959, -0.644406014707908, -0.6060900680028872, -0.48024900625924893, 0.04542910943475162, 0.034569719361651804, 0.19635825350654723, -0.08086432781451623, 0.6894002680650999, 0.49159749267043196, 0.5066388897942009, -0.36840366352943266, -0.11684162985292396], [-0.5657460242396251, -0.5319365878300805, -0.013276536210039637, 0.6799434416663216, 0.11649554228809553, -0.4998763515254416, 0.08525432266931368, 0.6941849052242896, 0.04730028532354182, 0.5894447169169439, -0.07355922281790347, 0.2938743022972332, -0.26244120565602486, -0.404959588752484, 0.04639953994083843], [0.309258155440543, -0.4739514279218241, 0.32518079546993855, 0.13803699094435196, -0.400932263168147, -0.08500349000413697, -0.5727743688027005, -0.15954295397566332, 0.643620892524268, 0.4935179367995042, 0.39330492023176333, 0.005491364531570328, -0.3769559780844369, 0.601327345342608, 0.13754398849445357]], "inverted": false, "swapped": true, "error_lsq": 0.041799248344448106, "error_max": 0.2452559069055361, "target": "292.xyz", "model": "10.xyz", "model_rescale": 4.2482417240324, "target_rescale": 4.159298562375639},
{"mapping": [5, 6, 13, 12, 4, 1, 14, 9, 7, 2, 3, 15], "R": [[-0.5997830375914507, -0.01481032308696726, 0.8000256009326403], [0.24809480163434436, -0.9539976776651186, 0.16833716289511308], [0.7607294375923597, 0.2994479676665383, 0.5758659891335762]], "T": [0.017651166896854968, 0.12930502698615512, -0.0062262927761595095], "aligned_model": [[-0.5678647250176067, -0.12155031141439962, 0.43625025150796054, 0.569093785223455, -0.6684183307846245, -0.021798858609586337, -0.16232957059081848, 0.5703131699703663, 0.04606570354382918, 0.17563334502888764, -0.3870508262417324, 0.008421969747276183], [-0.24677527382975636, -0.6493197045881379, -0.12515548043804978, -0.39359254739201677, 0.38589751033291697, 0.7461220231376063, 0.2365766801410034, 0.16964278682386683, -0.2927839330512999, 0.49847003929410405, 0.13633948873329493, 0.20070980088710744], [-0.009148093935960295, 0.09435509217719418, 0.4247642928682209, -0.2520468840800019, 0.20203211865107704, 0.2568625915773747, 0.6680135887690025, -0.19618986836620841, -0.45406652759624844, -0.5559179815800576, -0.6109819544316801, -0.0024840841983557677]], "inverted": false, "swapped": true, "error_lsq": 0.0468791971746762, "error_max": 0.3086184334748297, "target": "292.xyz", "model": "11.xyz", "model_rescale": 3.6694154284099745, "target_rescale": 4.159298562375639},
{"mapping": [3, 0, 1, 10, 2, 5, 7, 8, 11, 13, 14, 9, 4, 15], "R": [[-0.847881559390234, -0.28987259543080574, 0.44392650254765564], [0.5250101860558261, -0.57575098257496, 0.6267975036657335], [0.07389970083574213, 0.7645159805276648, 0.6403547061857291]], "T": [0.0711496300536166, -0.050828066343725484, 0.04958825477555386], "aligned_model": [[0.008828646651013211, 0.0013261913483097049, -0.0014501630625879808, 0.6403925216056355, 0.5220421199936827, -0.488675688062125, 0.24958294891509533, -0.5531168216251505, 0.2858823630555376, 0.19340921122726057, -0.3910075806890604, 0.6469937452329395, -0.5873612942905443, 0.07141864995580374], [-0.4798154477918167, 0.2166626327542402, 0.5803750166045418, 0.5540524850272885, -0.05338439078193219, -0.462008133879086, -0.6399382744442073, -0.16561236625956022, 0.5797050324062869, 0.0844709371330024, 0.39468019053189973, -0.02302962191681572, 0.13920269464395085, 0.005626534108461499], [-0.5349188185716095, -0.7891366126802861, -0.16846497368078614, -0.22151403431098035, -0.4604034661187809, 0.007157669976185797, 0.024328297650491125, 0.5553875220871106, 0.33115702603441566, 0.676066508874908, 0.34358280730570867, 0.15341207700192805, -0.2823067534529755, 0.004748209537085844]], "inverted": false, "swapped": true, "error_lsq": 0.04024251424885077, "error_max": 0.2621519717137203, "target": "292.xyz", "model": "12.xyz", "model_rescale": 3.9764082729961374, "target_rescale": 4.159298562375639},
{"mapping": [5, 9, 4, 6, 12, 13, 11, 14, 10, 7, 0, 2, 3, 8, 1, 15], "R": [[0.16213160003103627, -0.9864923452874337, 0.023370857080449448], [-0.48799983783615625, -0.059573353434581644, 0.8708083450636218], [-0.8576534862887584, -0.1525905247708951, -0.49106682763844023]], "T": [0.05288532014385744, -0.05808510834933373, -0.04504612230769027], "aligned_model": [[0.11726104672080019, 0.41820672690395133, -0.47257381820046057, -0.3014908315348709, 0.6489129837559, 0.1893861358566842, -0.025368431310649406, -0.4050307565609957, 0.5569083459647339, -0.45020225883462833, -0.017221923333864145, 0.14669807419384998, -0.5874377206845018, 0.009264216250440521, 0.5635025557383748, -0.054750780591057535], [-0.8230164718590242, -0.5243419260168602, -0.5468009354386097, -0.18212257527409173, -0.019472652372460632, 0.21362865992564722, 0.7288745230655495, 0.4188818197150117, 0.5478136457377406, -0.25463339481332853, -0.6390908260560845, -0.10635165475242292, 0.42949901445325595, 0.45507500182782284, 0.03162630508393465, -0.05943473047650612], [-0.3820322952905219, 0.05812352564653654, -0.07526624907975606, -0.7103964477900605, -0.26970950917985476, -0.576101394032246, -0.11656945875152551, -0.49407112807370085, 0.11305001362347138, 0.4834473572061287, 0.3846342983612997, 0.7456048889368369, 0.20131047672867408, 0.43911990011296353, 0.32175693012591994, -0.043895856352796275]], "inverted": false, "swapped": false, "error_lsq": 0.03745314092621091, "error_max": 0.24760239539940943, "target": "292.xyz", "model": "13.xyz", "model_rescale": 4.170626492500431, "target_rescale": 4.159298562375639},
{"mapping": [9, 2, 7, 3, 13, 8, 5, 10, 11, 0, 1, 4, 14, 15], "R": [[0.06643649207310232, 0.28080555712367283, -0.9574624961895295], [-0.5636871288132882, -0.7812227427375594, -0.2682309583918995], [-0.8233122210505881, 0.5575296093644437, 0.10638477969464777]], "T": [-0.04045421230491921, 0.06842831590970497, -0.04829886704333142], "aligned_model": [[0.3446790490319593, 0.010741958483811646, -0.37821903635217086, -0.6173886970066405, 0.3732380186476367, -0.27616841735564507, -0.6711040958897292, 0.6129189490585273, 0.649548704557484, -0.2153617293780468, 0.29171922843929693, -0.40351538280570765, 0.139004490357255, -0.016910017696387288], [-0.18406040161425122, -0.6089629684239675, -0.06490140029800381, -0.3750653023039052, 0.5066703696992964, 0.8422247355892835, 0.3558369595282297, -0.47590067028270744, 0.18000500498819005, -0.5668178995099468, -0.056835743215293444, 0.18752183631855113, 0.583633795866029, 0.03272615158416151], [-0.4103353335712692, -0.0921409434665564, -0.5459588537957083, -0.053053672253201456, -0.2983605968815926, 0.017994808673472015, 0.01455640462115984, 0.1522600244525095, 0.1371997188425213, 0.5397109936322286, 0.5219686079890639, 0.6104165069691454, 0.3998725050510922, 0.00974293085800148]], "inverted": true, "swapped": true, "error_lsq": 0.04344702869019219, "error_max": 0.3259835343678167, "target": "292.xyz", "model": "14.xyz", "model_rescale": 3.9786697098870705, "target_rescale": 4.159298562375639},
{"mapping": [9, 7, 11, 10, 13, 14, 3, 4, 1, 2, 6, 15], "R": [[-0.5046779700345458, 0.6106255648503268, -0.6102758115090496], [-0.6971003365675604, -0.7052424069354546, -0.12916759739687328], [-0.5092654193239554, 0.3602354327535061, 0.7815875930883819]], "T": [-0.05474854143613316, 0.04459831924196975, -0.007251916543358175], "aligned_model": [[-0.019474149972410836, -0.6387484663137458, 0.5685731776641498, 0.5714531718500405, 0.058596101144833, 0.36969559058554075, -0.4619287109761232, 0.1347810470233191, 0.5828494147483779, -0.028518880214492233, -0.6573187401563074, 0.0033950413841551536], [-0.30940813821066093, -0.12821807901134827, 0.10149203149087184, -0.5334056155673946, 0.38175574217690633, 0.6019364992034401, -0.32055201357574226, 0.3149523158120572, -0.02283091440420776, -0.6317588917843823, 0.5441978482246453, 0.016513705870254497], [-0.4726374878169095, -0.10002008047780415, -0.36946214306160424, -0.20011784868202448, -0.5542492589025242, 0.08061743677632104, 0.47278156268837507, 0.6789622451628425, 0.19314123963561192, 0.06523984591696241, -0.1591058115771425, 0.024816794211725918]], "inverted": true, "swapped": true, "error_lsq": 0.047885541330467206, "error_max": 0.2564630024535804, "target": "292.xyz", "model": "15.xyz", "model_rescale": 3.769337070930944, "target_rescale": 4.159298562375639},
{"mapping": [3, 7, 4, 5, 0, 2, 1, 9, 14, 8, 15], "R": [[-0.03385281239970939, -0.7764936819421774, 0.6292150260415837], [0.971951527842189, -0.17218503826698806, -0.16019531866515563], [0.23273206615734107, 0.6061434438322968, 0.7605431683219952]], "T": [0.0210631187946937, -0.07432999555007733, 0.11976202050466267], "aligned_model": [[-0.2525711146885368, -0.36417187635564274, -0.10934235506581666, -0.607870861939124, 0.36622797556405845, 0.3578759969032492, 0.5444041859249051, 0.33088891538674375, 0.08483300856811468, -0.50401916675524, 0.07637142314845957], [-0.1450888818726072, -0.5209212368985999, 0.6329363108285909, 0.19648764015213924, 0.2570505843654761, -0.3739528224427324, 0.3437379341842972, -0.5638033378170869, 0.4953584075104628, 0.3127996203821083, -0.0385397207667057], [-0.5508198786540188, -0.0582200394462799, -0.13058056144627866, -0.004228484531678345, -0.6224873465490142, -0.390321673024974, 0.06908060471177577, 0.2067816018468615, 0.5319370026176392, 0.6026038070989164, 0.09047257460082803]], "inverted": false, "swapped": true, "error_lsq": 0.04380316589326735, "error_max": 0.21253006414327064, "target": "292.xyz", "model": "16.xyz", "model_rescale": 3.7852294659196426, "target_rescale": 4.159298562375639},
{"mapping": [9, 7, 6, 12, 2, 3, 4, 5, 13, 11, 1, 8, 15], "R": [[0.36085469396627423, 0.5938595132062265, 0.7191069241892822], [0.8310533818841122, -0.554676648203817, 0.041037694822674164], [0.42324244387996646, 0.5828075964774675, -0.6936866289519144]], "T": [-0.039160828639249246, 0.13032052123169235, -0.04458369893933984], "aligned_model": [[-0.0246411707766325, -0.2669980832935579, 0.27641809363837905, 0.1270249071981857, -0.5915455467734605, -0.7073323179114315, -0.19022729140808953, -0.11279612380121012, 0.5713908409760629, 0.3797964857167824, -0.04458077865182464, 0.5018235096392996, -0.0645666743362197], [-0.18556269867864789, -0.4152975701562245, -0.33468198131192733, -0.6304210234863218, 0.062863530772285, 0.024480425397930355, 0.7365808318937359, 0.11756281330818157, -0.03894767210987857, 0.41543199690271615, 0.7350423544072087, 0.19862981075233735, 0.18937480601147932], [-0.5376917555309302, 0.12838576583369288, 0.5210422866947847, -0.22232846271780557, -0.43665869848623545, 0.2235717265968924, 0.39076671582059225, 0.6472897529744769, -0.20047842573521527, -0.5604803197639627, -0.33701728276111936, 0.5565707934452547, -0.07721739922725157]], "inverted": false, "swapped": true, "error_lsq": 0.03841551916699711, "error_max": 0.22912850440111274, "target": "292.xyz", "model": "17.xyz", "model_rescale": 3.901054581598922, "target_rescale": 4.159298562375639},
{"mapping": [11, 13, 10, 1, 12, 2, 6, 14, 9, 3, 7, 5, 4, 0, 15], "R": [[0.8414109733001639, 0.4919572417371983, -0.22361942293190662], [0.382750666663538, -0.8346547563209522, -0.39604717511860793], [-0.38148329082502197, 0.24764795588322544, -0.8905846331304913]], "T": [0.07865170671201978, -0.009936708435521933, 0.007740124773993945], "aligned_model": [[-0.03182752387118376, 0.1492091214071395, -0.534048452426173, 0.09523615478170529, -0.30827878211687676, -0.5026245400806747, 0.47326617771806195, 0.6150736097049118, -0.4403002136036063, -0.04216552582494086, -0.11006282642371383, 0.5933863734450748, 0.6132673550577387, -0.09724282570276215, 0.06619810902433365], [-0.03535443263995785, -0.5238305220754538, 0.3391201956749051, 0.4705722624090848, -0.6896625308218858, 0.31278871341064574, -0.5964010957227545, 0.048660940550977576, -0.2363354581345156, 0.3249863205338624, -0.2894713664052077, -0.00679000852002417, 0.529123822896674, 0.848180867960594, 0.053169640710161246], [-0.7064807003886464, -0.3880666815394818, -0.5081786622867618, -0.46137751222575313, 0.16959252945880393, 0.15391931162548345, 0.3766426605456336, -0.4475812439601722, -0.142529949080927, 0.6423993705074086, 0.5232733942913045, 0.47604783388312644, 0.06692184655453404, 0.1199066462142599, -0.024822438746836116]], "inverted": false, "swapped": true, "error_lsq": 0.03712553707728968, "error_max": 0.29781771696057363, "target": "292.xyz", "model": "18.xyz", "model_rescale": 3.9405287249114394, "target_rescale": 4.159298562375639},
{"mapping": [2, 10, 1, 6, 5, 8, 7, 0, 9, 12, 3, 14, 4, 13, 11, 15], "R": [[0.7906790553383213, 0.6121863882945728, -0.007379528179124009], [-0.6122130905969154, 0.790506816978405, -0.017149460995715387], [-0.004665099256483885, 0.018077563373342164, 0.9998257040861722]], "T": [-0.049077730059630884, 0.027908032644144216, 0.07529984681842372], "aligned_model": [[0.3371590949553337, 0.39997538032836405, -0.42913549758287683, -0.06936115227211892, 0.5307721352776945, -0.014534912931614942, 0.006926592040725384, -0.5403412301192854, 0.5315158353263844, -0.4539879459500946, -0.30918435141561107, 0.1501890061562554, -0.6100053295332349, 0.19715414428385253, 0.6354517934186928, -0.026529997648759202], [-0.6113014499229956, -0.5861787537048105, -0.44852959917143476, -0.22162298296320398, -0.005442894330900477, 0.3127007419632285, 0.7172300891528725, 0.10825934889284952, 0.5137522639169458, -0.04151056044090671, -0.7108982109664093, -0.2309678156523356, 0.4962049866325724, 0.37596155171576867, 0.005626120344199664, -0.003149032715866109], [-0.3691747142215256, 0.2731704101395162, -0.17784576407508507, -0.628693271489941, -0.5196156867634945, -0.6246801972110564, -0.056321455629165795, -0.3989132882191767, -0.050701509237098374, 0.43774686116813927, 0.40987192395996497, 0.7774501334970179, 0.048407103373057314, 0.5944900405731983, 0.2992106544419343, 0.06460381188508449]], "inverted": false, "swapped": false, "error_lsq": 0.04249352229176936, "error_max": 0.29023186801279793, "target": "292.xyz", "model": "19.xyz", "model_rescale": 4.410303926677745, "target_rescale": 4.159298562375639},
{"mapping": [2, 1, 9, 3, 12, 4, 7, 11, 14, 8, 5, 6, 13, 15], "R": [[-0.11091729355698893, -0.04483105829780559, -0.9928179743547614], [0.7492814925723024, -0.6600542029407273, -0.05390449024806876], [-0.6528970813831347, -0.7498790738460303, 0.10680250806607666]], "T": [0.010382910301226435, -0.04801561587488312, -0.014672983331262865], "aligned_model": [[-0.1867186403815338, 0.2515264136236584, 0.29115722777263386, -0.6877069985334866, 0.16732978558270048, -0.3100446024372322, -0.3329066608519483, 0.6858269758654393, 0.3472386106141544, 0.06996154824045164, -0.47441391479708783, -0.1417420280171899, 0.564657409697009, 0.017022763083304283], [-0.08187015460724038, -0.6543227663069004, 0.25108821347949223, -0.04265391850174184, 0.7238182346732033, -0.6572437054725631, 0.4589710960179241, -0.2776830665269062, -0.4515405630922253, -0.010523443302237513, -0.026367404772930775, 0.4784227335195349, 0.212190100733064, -0.11133688965927097], [-0.6653702836064534, -0.174287276126542, -0.4328251882458382, -0.22010990452909612, -0.14725798698529025, 0.3110108633891085, -0.08282059006593878, -0.13295774395189439, 0.4567032416134654, 0.7938823084755275, 0.48410270031707936, 0.564525433975632, 0.21071777236653583, -0.04849830790127446]], "inverted": true, "swapped": true, "error_lsq": 0.036019732155832464, "error_max": 0.21158154259649686, "target": "292.xyz", "model": "20.xyz", "model_rescale": 4.121658175737393, "target_rescale": 4.159298562375639},
{"mapping": [0, 4, 5, 2, 7, 1, 8, 9, 14, 13, 6, 12, 15], "R": [[-0.9083325325555018, -0.0979112295774437, -0.40662685772578], [0.12982093530524083, 0.8581928199857489, -0.4966403210386574], [0.3975909142042623, -0.5039032395684129, -0.7668135301979732]], "T": [0.10142290018575842, -0.10712653650939274, 0.01909072871345859], "aligned_model": [[0.2150851821234139, -0.30035572498968344, 0.05021238560076993, 0.587016607956328, 0.6197390158304286, -0.2820131542174499, -0.41038384197194466, 0.39676077879737526, -0.6033855498615276, -0.1664693881417957, 0.13069820570935636, 0.5626756694830383, 0.0815027183459852], [-0.5554815186354823, 0.01886782913162538, 0.5055734676259289, -0.543757723681713, 0.21503909950697986, -0.6062279739662825, 0.5149928458036266, -0.4251171929867731, -0.06562758956822967, -0.05989321956658922, 0.645293233327179, 0.06165820715950504, -0.1644925599865918], [0.7713836807293651, 0.6535999723561509, 0.34505081430172346, 0.21132518197788236, -0.06508206520038286, 0.2538455361963132, -0.07959194374761816, -0.37436328945280894, 0.023842301919462284, -0.573978376884812, -0.2431259481549162, -0.6107474972038461, 0.05795137264527628]], "inverted": false, "swapped": true, "error_lsq": 0.05067397840106255, "error_max": 0.27358886005173955, "target": "292.xyz", "model": "21.xyz", "model_rescale": 4.08911054899281, "target_rescale": 4.159298562375639},
{"mapping": [10, 7, 9, 5, 6, 8, 1, 11, 1, 14, 12, 13, 15, 2, 0, 16], "R": [[0.14716375286651762, 0.4635606401998201, 0.8737587554352606], [0.769979623917086, 0.5008053732399966, -0.3953800157904427], [-0.6208656928795031, 0.7309620448364474, -0.28323184922210615]], "T": [0.002299863141125097, -0.03736234924968094, 0.07748763716978893], "aligned_model": [[0.09153124617311639, 0.4876356449637814, -0.5139472191370791, -0.21161005609233133, 0.6155927303580591, 0.20039250920240723, 0.1817725214441054, -0.3451922742767307, 0.1817725214441054, -0.5078809779989463, -0.18336739189580267, 0.2100681667295225, -0.5658482621426187, -0.08277116157716066, 0.7390473522977887, 0.038868214841490126], [-0.7351193670287984, -0.5529883244617554, -0.47328776894999836, -0.27789924071129196, -0.1537662084041371, 0.2559177021123281, 0.7204320444095099, 0.39991860620685427, 0.7204320444095099, -0.20307036014187163, -0.6977422492328874, -0.37829524369581435, 0.4121531743767649, 0.5336967514470053, 0.14154096642162206, -0.041788724007466596], [-0.31787082503524233, 0.14363308734303828, -0.1483565349065827, -0.5502970426748924, -0.3298035720971808, -0.5187573905743509, -0.0759255406422891, -0.44589330505703406, -0.0759255406422891, 0.4297360586095825, 0.3502431396611366, 0.6041061514064413, 0.15903835543506803, 0.5109714934298869, 0.23647235040486766, 0.10763416753120919]], "inverted": true, "swapped": false, "error_lsq": 0.04184299150567716, "error_max": 0.3398330137449138, "target": "292.xyz", "model": "22.xyz", "model_rescale": 4.204369325754507, "target_rescale": 4.159298562375639},
{"mapping": [2, 10, 1, 6, 5, 8, 7, 0, 9, 12, 3, 14, 4, 13, 11, 15], "R": [[0.7906790553383213, 0.6121863882945728, -0.007379528179124009], [-0.6122130905969154, 0.790506816978405, -0.017149460995715387], [-0.004665099256483885, 0.018077563373342164, 0.9998257040861722]], "T": [-0.049077730059630884, 0.027908032644144216, 0.07529984681842372], "aligned_model": [[0.3371590949553337, 0.39997538032836405, -0.42913549758287683, -0.06936115227211892, 0.5307721352776945, -0.014534912931614942, 0.006926592040725384, -0.5403412301192854, 0.5315158353263844, -0.4539879459500946, -0.30918435141561107, 0.1501890061562554, -0.6100053295332349, 0.19715414428385253, 0.6354517934186928, -0.026529997648759202], [-0.6113014499229956, -0.5861787537048105, -0.44852959917143476, -0.22162298296320398, -0.005442894330900477, 0.3127007419632285, 0.7172300891528725, 0.10825934889284952, 0.5137522639169458, -0.04151056044090671, -0.7108982109664093, -0.2309678156523356, 0.4962049866325724, 0.37596155171576867, 0.005626120344199664, -0.003149032715866109], [-0.3691747142215256, 0.2731704101395162, -0.17784576407508507, -0.628693271489941, -0.5196156867634945, -0.6246801972110564, -0.056321455629165795, -0.3989132882191767, -0.050701509237098374, 0.43774686116813927, 0.40987192395996497, 0.7774501334970179, 0.048407103373057314, 0.5944900405731983, 0.2992106544419343, 0.06460381188508449]], "inverted": false, "swapped": false, "error_lsq": 0.04249352229176936, "error_max": 0.29023186801279793, "target": "292.xyz", "model": "23.xyz", "model_rescale": 4.410303926677745, "target_rescale": 4.159298562375639},
{"mapping": [1, 0, 10, 11, 7, 14, 15, 9, 6, 4, 3, 2, 8, 5, 12, 16], "R": [[0.30693794936181457, -0.843297377610898, 0.4411786805322163], [0.3999335411833395, -0.30635459394078074, -0.8638287014263498], [0.8636215941476445, 0.4415839622155255, 0.24323105565679565]], "T": [0.06257563606879935, 0.02399972533081799, -0.10809878217811683], "aligned_model": [[0.053250773895441805, 0.49263679341076116, -0.5195384594832918, -0.05520384944010574, 0.5435672942588042, 0.11419002567301137, -0.1666810648975527, -0.4286844878115569, 0.486715712573969, -0.335332506580058, -0.18747575000131517, 0.08727252763456214, -0.7051672676043952, 0.15516728907756333, 0.7582070372179095, 0.04313949640996014], [-0.8137090007486214, -0.4060342396205258, -0.25328974524868353, -0.13526508942495555, -0.3620618202384612, 0.49948038118811855, 0.6986823078263635, 0.2795329952796519, 0.6504167500457858, -0.045683669479509297, -0.6744100811649818, -0.31831596368756815, 0.19404885148442996, 0.3238722913589905, 0.11446857123652057, -0.08159873605697976], [-0.2938203123412837, 0.3396779490396704, -0.1977518665697084, -0.7093343418257725, -0.35616007393196314, -0.5870602531817161, -0.06861500356062192, -0.4009916333416399, -0.033232258222254604, 0.44930386178098314, 0.40077156589590446, 0.7375394287473572, 0.13140235729370095, 0.4369748489624077, 0.2844418863385527, -0.054141102892247314]], "inverted": true, "swapped": false, "error_lsq": 0.043099596817990575, "error_max": 0.29185021449777343, "target": "292.xyz", "model": "24.xyz", "model_rescale": 4.28219845311461, "target_rescale": 4.159298562375639},
{"mapping": [6, 8, 14, 2, 0, 4, 7, 13, 3, 11, 10, 5, 12, 9, 1, 15], "R": [[-0.40844927341318604, -0.3913876085072556, -0.8246119881224212], [0.7892699867825907, -0.6052296633876332, -0.10368192957262001], [-0.4584998135358943, -0.6931903017661628, 0.5561161088521772]], "T": [-0.003501147547140742, 0.04039721902591161, -0.0033815942310450276], "aligned_model": [[0.18509492098976155, 0.32851880549174844, -0.5580485624895399, -0.17595893330021198, 0.5014572082867952, 0.3921049659413138, -0.06963510324610575, -0.42806483755857544, 0.5672591297169882, -0.32728868371205827, -0.19362637432240182, 0.33050764700130536, -0.7402995172086936, -0.13512790054736548, 0.6181435032569484, 0.04102729603379855], [-0.7925565973255969, -0.4818691186841238, -0.46356686292087707, -0.17845056685374291, -0.25705329249336145, 0.39419986140816826, 0.8036151128719909, 0.32539797501848017, 0.5407226022821773, -0.12272269230298885, -0.6685495599568915, -0.07828902679358327, 0.12710877823646483, 0.512006870518728, -0.007973121564257904, 0.01811344130898806], [-0.29116032471490694, 0.311176318096439, -0.1399172803459288, -0.6287966429280204, -0.5709152268081966, -0.5063409029624822, -0.14002255502606906, -0.3057666122867407, 0.15138455719319333, 0.40285798680568563, 0.2982003706498848, 0.7709777416923428, 0.18108837133618952, 0.46259310292783706, 0.14186177781919534, -0.05821562925705306]], "inverted": false, "swapped": false, "error_lsq": 0.04281429692784327, "error_max": 0.3059755023974793, "target": "292.xyz", "model": "25.xyz", "model_rescale": 4.100010024507729, "target_rescale": 4.159298562375639},
{"mapping": [5, 6, 13, 12, 4, 1, 14, 9, 7, 2, 3, 15], "R": [[-0.5997830375914507, -0.01481032308696726, 0.8000256009326403], [0.24809480163434436, -0.9539976776651186, 0.16833716289511308], [0.7607294375923597, 0.2994479676665383, 0.5758659891335762]], "T": [0.017651166896854968, 0.12930502698615512, -0.0062262927761595095], "aligned_model": [[-0.5678647250176067, -0.12155031141439962, 0.43625025150796054, 0.569093785223455, -0.6684183307846245, -0.021798858609586337, -0.16232957059081848, 0.5703131699703663, 0.04606570354382918, 0.17563334502888764, -0.3870508262417324, 0.008421969747276183], [-0.24677527382975636, -0.6493197045881379, -0.12515548043804978, -0.39359254739201677, 0.38589751033291697, 0.7461220231376063, 0.2365766801410034, 0.16964278682386683, -0.2927839330512999, 0.49847003929410405, 0.13633948873329493, 0.20070980088710744], [-0.009148093935960295, 0.09435509217719418, 0.4247642928682209, -0.2520468840800019, 0.20203211865107704, 0.2568625915773747, 0.6680135887690025, -0.19618986836620841, -0.45406652759624844, -0.5559179815800576, -0.6109819544316801, -0.0024840841983557677]], "inverted": false, "swapped": true, "error_lsq": 0.0468791971746762, "error_max": 0.3086184334748297, "target": "292.xyz", "model": "26.xyz", "model_rescale": 3.6694154284099745, "target_rescale": 4.159298562375639},
