[{"mapping": [6, 1, 7, 4, 8, 10, 0, 2, 5, 3, 9, 12], "R": [[0.015003964515801216, -0.9786749034431717, -0.20486657711619888], [-0.2168782807846868, -0.203197238437542, 0.9548165759009608], [-0.9760833429439759, 0.030105077011287784, -0.21530209466110012]], "T": [-0.03784411726352442, -0.06985979522755914, -0.0639175824858844], "aligned_model": [[-0.2303646959186309, 0.1471336778837835, 0.4514548007878297, -0.1986985674175497, 0.05056009581046021, -0.5055549476881327, 0.2195456391626296, -0.25176030027940705, 0.5208025697680697, 0.256879324515915, -0.5405770798167314, -0.0817780543476872], [-0.35716603356218923, -0.7007270238656674, -0.2753016600429964, 0.5922809146707905, 0.4768078075967257, -0.5601026700562319, -0.17600151749812773, -0.6160063196428242, 0.12267028355291101, 0.4732346699493045, 0.19655517320836013, -0.12268858833299759], [-0.6473977082808471, 0.024817202881451797, -0.5524118933892819, -0.036915587794193974, -0.6335952151225059, 0.10077591469774046, 0.44510702492345533, 0.6785672174010092, -0.04654980296637424, 0.4642993701992054, 0.4919950923214981, -0.10673986951759505]], "inverted": false, "swapped": true, "error_lsq": 0.04030449361891745, "error_max": 0.22675517429946515, "target": "295.xyz", "model": "0.xyz", "model_rescale": 3.751011558992144, "target_rescale": 3.874723778937237},
{"mapping": [0, 3, 2, 1, 6, 7, 9, 12, 11, 8, 5, 10, 14], "R": [[0.4124887312724377, 0.5265258432053068, 0.7433865636465294], [-0.8658577145693722, -0.026990038612999534, 0.49956176388548046], [0.2830962110201377, -0.849730589217906, 0.4447633764749882]], "T": [-0.07589153460795779, 0.10762403448203489, 0.031491736833768366], "aligned_model": [[-0.6023961539792484, -0.06956957171080043, -0.4164399744374642, -0.6080174670291789, -0.002462495829434405, -0.09689639788079697, 0.5042808753947927, 0.4400625399401939, 0.5729263378094471, -0.5661015183178508, 0.028247668066092232, 0.2766424307037893, -0.023826444194625387], [-0.34185798596020056, -0.3259366723051591, 0.3147756007029951, -0.21848510705689, -0.3106123448985288, -0.5480293297452601, 0.4069296850872768, -0.3748441942119039, -0.14656875530326174, 0.5537569587047941, 0.648777535497572, 0.5996804124482679, 0.09273639481314322], [-0.2787715667961381, -0.5973095321122245, -0.6929757163551242, 0.3416213376225802, 0.6506946538947589, 0.12821032601683885, -0.05798297200435591, -0.19870579863371812, 0.4202749450354549, -0.0013387053726511694, -0.2624367609350947, 0.5847132768457137, 0.023042062951999006]], "inverted": false, "swapped": false, "error_lsq": 0.06051258896454918, "error_max": 0.3751056924696819, "target": "295.xyz", "model": "1.xyz", "model_rescale": 3.9405287249114394, "target_rescale": 3.874723778937237},
{"mapping": [3, 10, 8, 7, 1, 6, 5, 11, 0, 4, 9, 2, 12], "R": [[0.9364058467845453, -0.2969672567241548, -0.18696132900000706], [0.29317056097433314, 0.3692259463913221, 0.8818861733179785], [-0.19286034399459562, -0.8806149265968427, 0.43280739223022036]], "T": [-0.06891957741549064, 0.007885042880667967, 0.05244306213047552], "aligned_model": [[-0.4970592166617816, -0.1953294504903001, -0.37387738734615905, -0.6201792008292405, -0.22216200675271264, 0.05457549038068034, 0.6233561586153206, 0.4515336060081851, 0.5149255824297025, -0.6869204944515184, 0.18593449585388666, 0.26182846996070513, -0.06017621818185182], [-0.2453531191844673, -0.0541489789321595, 0.4974391555931052, -0.4986600698958445, 0.1806652990637385, -0.5137937741943521, 0.22856372490026644, -0.2802131220710083, -0.25613343991859633, 0.3242743824034336, 0.3617609892245152, 0.5177707228871747, 0.08815042789703949], [-0.2292776526720029, -0.7792175918861172, -0.4652704445490307, 0.3140433860448431, 0.8099983890092488, 0.1416387651360051, 0.04097549997277546, -0.33965669590671205, 0.5931361898300926, 0.15077095370650334, -0.6259390742995108, 0.3603260756319462, 0.08750775013999793]], "inverted": true, "swapped": false, "error_lsq": 0.05884387739419343, "error_max": 0.38604792338233795, "target": "295.xyz", "model": "2.xyz", "model_rescale": 3.932901565614263, "target_rescale": 3.874723778937237},
{"mapping": [0, 7, 4, 1, 10, 3, 9, 8, 11, 6, 5, 12, 13], "R": [[-0.2163284480575452, 0.33489728679204667, 0.9170854975738847], [0.1496459038525546, -0.9168548381861011, 0.37011256281689525], [0.9647839685759532, 0.21730396451529338, 0.14822577705908696]], "T": [-0.0790880825002956, -0.06253471476282702, -0.009742834515674165], "aligned_model": [[-0.5922366766701127, 0.16654166491702382, -0.617313199191365, -0.6297551026725625, -0.07591549383659295, -0.024320000131021827, 0.5382209358346236, 0.5648444755411799, 0.38904803875278154, -0.399167557973234, 0.002688354550268543, 0.17596229010086933, -0.06214790068694161], [-0.3931018783552872, 0.00596517670737666, 0.2523165054785813, -0.3261040398876963, 0.17809347861708957, -0.5604377904579574, 0.29175461892090726, -0.40656970893422695, -0.43511682045933836, 0.50332948895143, 0.6134051399008444, 0.583198838884905, 0.043589188406217186], [-0.2860654716610642, -0.6766133912202091, -0.6216323976013312, 0.40985895844995474, 0.6649670642801867, -0.10862894298466347, -0.19195585081571545, -0.08575276157494337, 0.6533859952454109, 0.200112098753851, -0.24043226399877063, 0.30823089913069723, 0.03356161415463585]], "inverted": false, "swapped": false, "error_lsq": 0.04669112260283899, "error_max": 0.22751004423280932, "target": "295.xyz", "model": "3.xyz", "model_rescale": 3.9243930471874484, "target_rescale": 3.874723778937237},
{"mapping": [4, 3, 2, 8, 9, 10, 6, 6, 11, 1, 0, 5, 12], "R": [[0.4984164512622056, 0.6696368201488097, -0.5506065475565834], [0.43834697071969847, 0.3532895715866241, 0.8264613795386954], [0.7479525214691459, -0.6532786600748032, -0.11744793705645211]], "T": [-0.13731337725697512, -0.046930272858630495, 0.07631894977663096], "aligned_model": [[-0.5285016272211464, 0.07882125538350887, -0.5452007419552609, -0.590765113573792, -0.2510183877980721, 0.020772072822304394, 0.5609357003557583, 0.5609357003557583, 0.40329997520155003, -0.4096501050297311, -0.0814868547984322, 0.3101608309236149, -0.09185287613114446], [-0.26124910242536337, -0.07598771185057433, 0.3377193754670649, -0.40690202470222386, -0.06875510202458539, -0.7318391129424581, -0.03363483296527542, -0.03363483296527542, -0.2532058922317747, 0.5824208523022422, 0.6695957184268644, 0.5631948323059104, 0.06260003137829366], [-0.3153524198984975, -0.5603873060252625, -0.6564068079772398, 0.3235804098187201, 0.7722228506038935, 0.021213679909131616, -0.10749609756095634, -0.10749609756095634, 0.6160611598948484, 0.27609424341239586, -0.3784296143366784, 0.11004266303592283, 0.06538888684271771]], "inverted": true, "swapped": false, "error_lsq": 0.05670323344631135, "error_max": 0.42770645156268045, "target": "295.xyz", "model": "4.xyz", "model_rescale": 3.8936222436046832, "target_rescale": 3.874723778937237},
{"mapping": [3, 0, 9, 4, 10, 1, 7, 6, 8, 5, 11, 12], "R": [[-0.33650128011175046, 0.2808662540432225, -0.8988220267788732], [-0.4406983839678391, -0.8904800267938426, -0.11327072105964832], [-0.8321969856057451, 0.3579936720403945, 0.4234249731980225]], "T": [-0.13431915711365738, -0.03641858361661733, -0.010106538736856036], "aligned_model": [[0.07118029250767019, -0.46906832869532467, -0.2529438189623909, 0.39367266463450423, -0.6794100259193963, -0.6950484923508236, -0.001384084209264419, -0.08526498487591976, 0.6367802456994625, 0.07214799442396824, 0.1971977148332777, -0.160311134870666], [-0.615535856615183, -0.4648603841319048, 0.12740963996418125, -0.01659961390719881, 0.39104343114244117, -0.1324315577385035, -0.22741956882919656, 0.4325055389675138, 0.036702287939033754, -0.5723883577644565, 0.6806875186029655, 0.029809827480115236], [-0.5422905432541104, -0.21259658433050022, -0.7794210204771702, -0.44122766575696515, -0.08990388151255484, 0.33113857610880687, 0.67260377526886, 0.4775018701674316, 0.1666770213515695, 0.12976235869170605, -0.12149246101857168, 0.0285332740370171]], "inverted": true, "swapped": true, "error_lsq": 0.042652657290890905, "error_max": 0.2617561521102078, "target": "295.xyz", "model": "5.xyz", "model_rescale": 3.6523030999806103, "target_rescale": 3.874723778937237},
{"mapping": [5, 7, 0, 8, 6, 9, 4, 11, 10, 1, 3, 2, 12], "R": [[-0.7470616525909367, -0.4984960321228676, 0.43977334296868875], [-0.3824158101792726, -0.21884980615738475, -0.8976986746508017], [0.5437435382172643, -0.8388125346599397, -0.027138466138277195]], "T": [-0.06385485065875468, -0.016798070357003137, 0.0702488172259312], "aligned_model": [[-0.6563819883801536, 0.0044631699159077415, -0.5279693542222258, -0.536474187351386, -0.19852165540107145, 0.10807089334954312, 0.45700019399225617, 0.6397502535765178, 0.46875261894523007, -0.45894937189335605, 0.05627072837577615, 0.17884359033585864, -0.09840506270798077], [-0.12222064274661405, -0.23109710401701278, 0.5595000876475711, -0.42486638075842637, 0.01852600473581228, -0.7175573110055087, 0.22363635427697998, -0.31829063428077925, -0.23165957194762413, 0.5445208864062305, 0.4036069843533165, 0.6439973150972889, 0.002226210011610868], [-0.24865744216887592, -0.5749074676650476, -0.5928061512052424, 0.3228637797614783, 0.7052618277158278, 0.11542514259182236, 0.06451193310330082, -0.36404497081819676, 0.59829887178824, 0.176060981281293, -0.4696309269612457, 0.3542533233701401, -0.02759335063545494]], "inverted": true, "swapped": false, "error_lsq": 0.05201259421144037, "error_max": 0.24500629758910641, "target": "295.xyz", "model": "6.xyz", "model_rescale": 4.08911054899281, "target_rescale": 3.874723778937237},
{"mapping": [13, 11, 12, 2, 6, 1, 8, 9, 3, 7, 10, 4, 14], "R": [[-0.9180133195021875, -0.39503201073057104, 0.03465913609334041], [-0.3961429748207077, 0.9096057818360137, -0.12525200657352564], [0.01795240142083484, -0.12871298360560374, -0.9915193791018756]], "T": [-0.060268096112278374, 0.07994492829231553, 0.013101633564464182], "aligned_model": [[-0.6737107572994758, 0.009372020150776733, -0.44600000377598514, -0.580385844503983, -0.12534647559410128, -0.12067129382724609, 0.5919072962313984, 0.532575149566561, 0.47061209683645366, -0.7140143806219539, 0.17921858011210895, 0.27675473550768037, 0.036138705752682396], [-0.15266249326259249, -0.06575702055689925, 0.37439533341138453, -0.39113794311465344, 0.030085081036741068, -0.6469316667013609, 0.25900616011376476, -0.41500988319453985, -0.031222329626852452, 0.30987133989046045, 0.5336668718583663, 0.5834914169925334, -0.03747266907350712], [-0.31166968786766275, -0.5512141107361583, -0.508924967622229, 0.41021370762689174, 0.5054650832732601, -0.06402117895946072, -0.07495122649663984, -0.12148636198781813, 0.5895211836902589, 0.35812135079356056, -0.4929195402411624, 0.37324887343560503, -0.05234757475040601]], "inverted": false, "swapped": false, "error_lsq": 0.04468535646394721, "error_max": 0.25690118765269626, "target": "295.xyz", "model": "7.xyz", "model_rescale": 3.964800864290218, "target_rescale": 3.874723778937237},
{"mapping": [0, 2, 1, 3, 10, 6, 12, 4, 11, 5, 7, 9, 13], "R": [[-0.5640705696021958, -0.7263632249589008, -0.3927096356545885], [-0.5356073334057793, 0.6838232909125818, -0.4954901524828089], [0.6284498205191923, -0.06915325178754761, -0.7747700632165672]], "T": [-0.075728041109232, 0.028747636079618406, -0.02298929760527073], "aligned_model": [[-0.5325456273460564, 0.05440277416381063, -0.48781528323728923, -0.6341939307372045, -0.19955252241980442, -0.0006056772189800413, 0.5998989751490097, 0.45005787161803773, 0.5413878274078248, -0.6630024047251141, 0.10783598398208903, 0.28420015884058336, -0.0836183169419907], [-0.37319848532814753, -0.1757163015920336, 0.3975280512258413, -0.3814944024066327, 0.202373486194339, -0.5197953232607372, 0.3580075389025692, -0.4091004119817284, -0.22421178802566497, 0.4292066368672538, 0.5204094829425512, 0.43180417917025304, 0.09450953506498184], [-0.4010321270740472, -0.639324593416137, -0.5302417016924926, 0.19097335260052914, 0.7705190987002379, 0.1501091581365533, -0.0990878428185397, -0.18709796830935785, 0.46926354299033435, 0.41725169718747906, -0.5040569040737544, 0.4034539468497533, 0.018305891077480544]], "inverted": true, "swapped": false, "error_lsq": 0.046272336684030274, "error_max": 0.21865042469914592, "target": "295.xyz", "model": "8.xyz", "model_rescale": 4.121658175737393, "target_rescale": 3.874723778937237},
{"mapping": [7, 5, 9, 8, 2, 11, 0, 10, 3, 6, 4, 1, 12], "R": [[0.6225179172476636, -0.6759867806614852, 0.3943517656566939], [0.45963140271272035, 0.7236358749002954, 0.514869006833409], [-0.6334117273511504, -0.1392587265782827, 0.7611810498993172]], "T": [-0.07506885078000178, -0.02614916659599695, -0.0016153749484677429], "aligned_model": [[-0.5109010073469972, 0.18921840118983738, -0.5892873334101952, -0.6092190722635166, 0.0861388427350118, -0.1304757312007746, 0.619878303123338, 0.49810323940282675, 0.4184038759281392, -0.6337197486730907, 0.08634631163829998, 0.06997021975611104, -0.058006472344074064], [-0.4029007073111297, -0.038061852590441814, 0.3385999146750911, -0.2000852300242885, 0.09855397474840136, -0.6477380636182296, 0.34205740625273395, -0.4753193478940677, -0.42457980282818064, 0.35937721566584135, 0.7552732414359022, 0.5904419770668478, 0.054703472194364694], [-0.3527841636870752, -0.559941661840286, -0.5454234999965821, 0.4620473521015734, 0.662318098337293, 0.11495818660914399, -0.018837921650908744, -0.21655893466466497, 0.4678755063015002, 0.13788599765165166, -0.3907838259896923, 0.26988185392891173, 0.028398563057174156]], "inverted": true, "swapped": false, "error_lsq": 0.05426421215620054, "error_max": 0.30772520715042273, "target": "295.xyz", "model": "9.xyz", "model_rescale": 3.833441315466971, "target_rescale": 3.874723778937237},
{"mapping": [2, 3, 9, 13, 0, 5, 6, 4, 1, 8, 7, 12, 14], "R": [[0.010942563735634653, -0.015187682547126269, -0.999824781948187], [0.849892457493755, 0.5269545791225874, 0.0012970107797942165], [0.5268425485798557, -0.8497577336162259, 0.018674130911445624]], "T": [-0.0075976071415966295, 0.15974363588635015, 0.09088496930047321], "aligned_model": [[-0.48579975170165407, -0.02627661790730592, -0.5639305385051143, -0.5488868250191667, -0.13569821372498553, -0.026478896944121668, 0.6675737815680568, 0.4755405683428447, 0.4213639198043881, -0.6848150528947637, 0.025885902074702656, 0.365719876013648, -0.04774832257161234], [-0.264947211385388, -0.054320278102485076, 0.24153259139788835, -0.36690893234450944, -0.10191418082251136, -0.5141398240610462, 0.10550987499863917, -0.3068560482267606, -0.14178574709048886, 0.5367119023670439, 0.5819123194426219, 0.4800712372639678, 0.15545649433587344], [-0.23715565030235872, -0.7506312723920013, -0.4936784256957597, 0.34648151935540494, 0.7064728048298848, 0.14528883655023359, 0.04157104537661329, -0.3389694458976835, 0.6111550650349878, 0.00823619670924132, -0.42347524885091403, 0.4387992430477119, 0.004940882392678328]], "inverted": false, "swapped": false, "error_lsq": 0.041277359138731325, "error_max": 0.2555291514309364, "target": "295.xyz", "model": "10.xyz", "model_rescale": 4.2482417240324, "target_rescale": 3.874723778937237},
{"mapping": [5, 0, 9, 2, 8, 11, 4, 10, 1, 6, 7, 12], "R": [[0.3326916824854945, -0.852594048590434, 0.40298837788842495], [-0.7449615995217451, -0.49962937645855315, -0.4420437777162357], [0.5782287260617327, -0.15314657843977605, -0.8013723640538245]], "T": [-0.07013583817796336, 0.03143698360097349, -0.02337991113193345], "aligned_model": [[-0.5788971236458307, 0.009159634817092463, 0.42393824538131575, 0.6817118935582072, -0.6516981117716227, 0.1456800744430652, -0.2583046073395055, 0.5940422161946742, 0.13517664866437684, -0.03991168642782898, -0.5541944528253006, -0.02993712868563593], [-0.2694858553082037, -0.542650378632292, -0.08925107039589769, -0.5331996267103373, 0.5279889766796283, 0.7618372542579698, 0.20632979963850132, 0.08637122347545334, -0.24562615579003869, 0.5662107205006353, 0.11502872728038602, 0.08257777505483485], [-0.03131662102664938, 0.0041433763616003545, 0.5882420821230847, -0.12935313477530197, 0.19206107404854528, 0.21429709320868626, 0.6083151092434594, -0.22847790383425626, -0.5900958069198357, -0.4395068820948283, -0.5515334501567056, -0.07158264632344238]], "inverted": true, "swapped": true, "error_lsq": 0.043946585602653604, "error_max": 0.2419842631013598, "target": "295.xyz", "model": "11.xyz", "model_rescale": 3.6694154284099745, "target_rescale": 3.874723778937237},
{"mapping": [10, 12, 2, 9, 11, 7, 0, 5, 6, 8, 1, 4, 13], "R": [[-0.0895398861928316, -0.8257970190740411, -0.5568140552006591], [0.5971009583135198, 0.40294591925532075, -0.693617352534206], [0.7971530934278881, -0.3945806247700365, 0.4570044597095706]], "T": [-0.027891254373315695, 0.02045881022572136, 0.009332662757813928], "aligned_model": [[-0.47557104052080773, 0.05126876772105265, -0.4343508235318113, -0.6467686867947076, -0.18506687369968455, -0.11359386728303605, 0.6314073238602408, 0.5466745830066092, 0.371936881454301, -0.6805888272612498, 0.08542787876160124, 0.22248081194140368, 0.06319370088100454], [-0.30205826939766456, -0.11156745643262331, 0.3680682610829579, -0.33735830367907066, 0.06307949418840816, -0.7154162514850367, 0.26096621892708416, -0.514382298923648, -0.13654134250990804, 0.3305811709622598, 0.7222325318038152, 0.6258600942376445, 0.09685834899862636], [-0.30545985579143725, -0.6525368531445033, -0.36519619021153676, 0.37490605282667483, 0.7294076247548269, 0.06685026147489061, -0.12564672650004644, -0.15916030135778292, 0.3772229280479843, 0.23384959091354585, -0.45017349810354496, 0.35354446307312076, -0.018571945824152673]], "inverted": false, "swapped": false, "error_lsq": 0.04353224314291825, "error_max": 0.32476065288754025, "target": "295.xyz", "model": "12.xyz", "model_rescale": 3.9764082729961374, "target_rescale": 3.874723778937237},
{"mapping": [13, 12, 10, 14, 3, 6, 0, 5, 4, 11, 1, 7, 15], "R": [[0.18354568551743133, 0.05827895008803349, -0.9812820926240184], [-0.9192972919727648, -0.3433602667790478, -0.19234400476480232], [-0.3481428877623057, 0.9373938826203517, -0.009446614550463361]], "T": [0.010874538705266702, 0.06779578062758825, -0.06310140049687694], "aligned_model": [[-0.42108583397311994, -0.12680701390299692, -0.5388930225900279, -0.5595707775435494, -0.34095199811228305, -0.06359902553469304, 0.7005505811130389, 0.6260835507053281, 0.49104444461186747, -0.7534149840948967, 0.01574690549895682, 0.38937709225782036, 0.017969910099471402], [-0.3216727726253815, -0.02031172057327192, 0.49172108441620216, -0.2931253922427057, 0.32667895918948026, -0.6575271576090319, 0.2814692013472219, -0.46614744119244184, -0.20515873392988454, 0.22373914881853485, 0.5324724390850946, 0.40965203168310677, 0.0485325514059218], [-0.25337759093984036, -0.6799436763274059, -0.4683048855675525, 0.364842623551583, 0.6563713475362033, 0.16497562420404321, 0.01304687137441636, -0.26120847573921296, 0.39602430802266175, 0.08551855107279553, -0.4959690955118657, 0.4944860989069859, 0.04257384957522718]], "inverted": false, "swapped": false, "error_lsq": 0.05455503404488571, "error_max": 0.3467401899895391, "target": "295.xyz", "model": "13.xyz", "model_rescale": 4.170626492500431, "target_rescale": 3.874723778937237},
{"mapping": [2, 3, 6, 4, 8, 0, 9, 1, 7, 12, 11, 10, 13], "R": [[-0.07739245353941127, 0.8684577673638141, -0.48968511764256195], [0.23690054933448274, -0.46107287695860233, -0.8551549168765493], [-0.9684464558560637, -0.18218921054381115, -0.1700545609539847]], "T": [-0.09776640032384158, 0.0005544859857364477, -0.014061907234431376], "aligned_model": [[-0.447029295691513, 0.07029811656592895, -0.5907124312104794, -0.7220950463642263, -0.21001378563236728, 0.047113409730437913, 0.6117456830354786, 0.5824781743017712, 0.4021799264488963, -0.3922697258720425, 0.01726361926115068, 0.19321903173970578, -0.1257278477778246], [-0.4870847077606023, -0.06290513120572806, 0.2841524434246903, -0.12418856709042757, -0.013619887680012644, -0.5665023811937793, 0.3642496407817123, -0.3303619882717525, -0.2624881449669383, 0.5280811960807401, 0.5938358033292891, 0.34403730724787634, 0.0831166150777774], [-0.2845348520517571, -0.6797951868430179, -0.6337922326176988, 0.2985337469830226, 0.7199380276616876, 0.10132767873878941, -0.15767554310835138, -0.1503559850689361, 0.5675668812008986, 0.39908392968464645, -0.38072936449853145, 0.3260488611917106, -0.06658041111442319]], "inverted": true, "swapped": false, "error_lsq": 0.050465900627833266, "error_max": 0.29724875615204926, "target": "295.xyz", "model": "14.xyz", "model_rescale": 3.9786697098870705, "target_rescale": 3.874723778937237},
{"mapping": [0, 5, 9, 2, 4, 11, 7, 6, 10, 1, 8, 12], "R": [[-0.33658794383223173, 0.9103963841198048, -0.24059713183738304], [0.3511849068806622, 0.35843382942881463, 0.864982283691531], [0.8737148947145237, 0.20664852697897473, -0.4403619750289628]], "T": [-0.019234905335087586, -0.002018485318779413, -0.05619793636419888], "aligned_model": [[0.00664588756343585, -0.550973737344411, 0.542082957716928, 0.6512703300319944, -0.09828782641110662, 0.2983477681378637, -0.5625235766238587, 0.004045942814591027, 0.6114732588094091, 0.07589633820527461, -0.5131804354086047, 0.018557689275821125], [-0.47220120991288017, -0.17271459778838483, 0.1530212333474604, -0.6446626348327896, 0.5162758547140484, 0.6941906006604303, -0.14370108761510517, 0.20651444956600476, -0.17472864011426747, -0.571731646888829, 0.6170334410870153, 0.007378728001736109], [-0.39513744854907473, -0.25003354623285157, -0.59808465082613, -0.2371704867434964, -0.4922658144699572, 0.16960192195807222, 0.3965823002472041, 0.5888060342958022, 0.185863748632267, 0.27008578532230626, 0.006936077661622478, 0.014782572578065298]], "inverted": false, "swapped": true, "error_lsq": 0.04695739106240384, "error_max": 0.2542304708324109, "target": "295.xyz", "model": "15.xyz", "model_rescale": 3.769337070930944, "target_rescale": 3.874723778937237},
{"mapping": [6, 11, 1, 10, 7, 8, 5, 4, 0, 9, 12], "R": [[-0.004711106480944638, 0.9399564184722615, -0.34126197685725823], [0.28122067532060546, 0.32873837170603326, 0.9015797328801755], [0.959631563282465, -0.09172248547038289, -0.26588390024818653]], "T": [0.01512496421683633, 0.11197051041028874, 0.023856766601725546], "aligned_model": [[-0.23466345875973674, -0.38798182304867884, -0.16248213955069052, -0.6528559452489487, 0.3770537405019618, 0.4328521199519108, 0.5874762945596836, 0.21705903082167116, 0.1250292327494002, -0.33394400479630915, -0.04491691648909276], [-0.04175294630099155, -0.559030548415485, 0.7080318208576868, 0.3120014816974759, 0.2842250286938438, -0.5056855332248125, 0.2593615027667162, -0.4418112775691646, 0.5525371113265641, -0.08080183220230402, 0.10898968999581256], [-0.5877255643995954, -0.13046082482503535, -0.20690444738432373, 0.02599226338189388, -0.5757951529630393, -0.25036652401354054, 0.03591669856623338, 0.36675900573569237, 0.3850267055270342, 0.7121488178790065, -0.030373370280548942]], "inverted": true, "swapped": true, "error_lsq": 0.0388366334249244, "error_max": 0.2613610239202138, "target": "295.xyz", "model": "16.xyz", "model_rescale": 3.7852294659196426, "target_rescale": 3.874723778937237},
{"mapping": [1, 2, 3, 4, 10, 5, 11, 7, 6, 0, 8, 9, 12], "R": [[0.4840928438530575, 0.5577483033269922, 0.6742187691440521], [0.8132284731204535, -0.0023727773311975897, -0.5819397051533021], [-0.32297611217617134, 0.8300067469988409, -0.4547254456262231]], "T": [-0.080413820731731, 0.040541826499194314, -0.05161188933460957], "aligned_model": [[-0.38189124339682223, 0.13068358765726293, -0.6272793460268008, -0.6121628484455249, 0.09974612106467093, -0.20711054576066634, 0.6236106926327273, 0.4107697707014215, 0.4684214508087724, -0.5979553603116774, 0.0670883584598242, 0.09467480112261714, -0.032145609970887945], [-0.4407100156468346, -0.031173887402425285, 0.25106385635783973, -0.2215347480270492, 0.07033706785179619, -0.5745484711727228, 0.23906516375478648, -0.4410221249335039, -0.4301228065302059, 0.43192291358154117, 0.6484484770014167, 0.7642429763613928, 0.08435379657681322], [-0.4411785489723885, -0.6211571128079525, -0.5893050577406242, 0.33613226045958045, 0.7331872660190369, 0.14286401183876812, -0.10518467701747701, -0.18674828474227556, 0.46282749857260197, 0.15985620571090908, -0.23299138834533167, 0.387549135458254, 0.01318424172493797]], "inverted": false, "swapped": false, "error_lsq": 0.054321514938315614, "error_max": 0.3020236701313158, "target": "295.xyz", "model": "17.xyz", "model_rescale": 3.901054581598922, "target_rescale": 3.874723778937237},
{"mapping": [0, 3, 2, 1, 6, 7, 9, 12, 11, 8, 5, 10, 14], "R": [[0.4124887312724377, 0.5265258432053068, 0.7433865636465294], [-0.8658577145693722, -0.026990038612999534, 0.49956176388548046], [0.2830962110201377, -0.849730589217906, 0.4447633764749882]], "T": [-0.07589153460795779, 0.10762403448203489, 0.031491736833768366], "aligned_model": [[-0.6023961539792484, -0.06956957171080043, -0.4164399744374642, -0.6080174670291789, -0.002462495829434405, -0.09689639788079697, 0.5042808753947927, 0.4400625399401939, 0.5729263378094471, -0.5661015183178508, 0.028247668066092232, 0.2766424307037893, -0.023826444194625387], [-0.34185798596020056, -0.3259366723051591, 0.3147756007029951, -0.21848510705689, -0.3106123448985288, -0.5480293297452601, 0.4069296850872768, -0.3748441942119039, -0.14656875530326174, 0.5537569587047941, 0.648777535497572, 0.5996804124482679, 0.09273639481314322], [-0.2787715667961381, -0.5973095321122245, -0.6929757163551242, 0.3416213376225802, 0.6506946538947589, 0.12821032601683885, -0.05798297200435591, -0.19870579863371812, 0.4202749450354549, -0.0013387053726511694, -0.2624367609350947, 0.5847132768457137, 0.023042062951999006]], "inverted": false, "swapped": false, "error_lsq": 0.06051258896454918, "error_max": 0.3751056924696819, "target": "295.xyz", "model": "18.xyz", "model_rescale": 3.9405287249114394, "target_rescale": 3.874723778937237},
{"mapping": [1, 12, 0, 2, 5, 10, 13, 14, 11, 8, 4, 9, 15], "R": [[-0.039878413069897145, -0.522019350902258, -0.852000885829711], [0.7107662097466813, -0.6141305650773131, 0.3430088105576258], [-0.702297022102019, -0.5918947932879673, 0.39552426780822314]], "T": [-0.023940611840783464, 0.06417615964869322, -0.10775601382552515], "aligned_model": [[-0.5509889031333536, 0.12260664601237883, -0.5716609459798881, -0.5123287855674512, -0.34874335116622796, 0.07184346250134846, 0.6380853783780167, 0.5526688307617486, 0.3965816904047068, -0.5083763578542625, -0.06554344267505499, 0.24928575985243182, -0.03698015299947692], [-0.22433727647436508, -0.044916408687678044, 0.384559332348073, -0.4528981208748573, 0.12232579312507241, -0.6521788904832615, 0.1708944112437191, -0.4429142139676964, -0.15563695904783298, 0.5516627101489371, 0.6098141186349662, 0.4491692255973761, 0.03477847621039239], [-0.3807020154476168, -0.6242458733183189, -0.3723903203271164, 0.3916801314403433, 0.6553851549054758, 0.20137970103025093, -0.06698042770729833, -0.20835355735106836, 0.4345136497763361, 0.208394308966805, -0.5927441072834447, 0.4973369839354218, -0.08423807846173029]], "inverted": true, "swapped": false, "error_lsq": 0.045268825495479045, "error_max": 0.2710533706360352, "target": "295.xyz", "model": "19.xyz", "model_rescale": 4.410303926677745, "target_rescale": 3.874723778937237},
{"mapping": [0, 2, 1, 3, 10, 6, 12, 4, 11, 5, 7, 9, 13], "R": [[-0.5640705696021958, -0.7263632249589008, -0.3927096356545885], [-0.5356073334057793, 0.6838232909125818, -0.4954901524828089], [0.6284498205191923, -0.06915325178754761, -0.7747700632165672]], "T": [-0.075728041109232, 0.028747636079618406, -0.02298929760527073], "aligned_model": [[-0.5325456273460564, 0.05440277416381063, -0.48781528323728923, -0.6341939307372045, -0.19955252241980442, -0.0006056772189800413, 0.5998989751490097, 0.45005787161803773, 0.5413878274078248, -0.6630024047251141, 0.10783598398208903, 0.28420015884058336, -0.0836183169419907], [-0.37319848532814753, -0.1757163015920336, 0.3975280512258413, -0.3814944024066327, 0.202373486194339, -0.5197953232607372, 0.3580075389025692, -0.4091004119817284, -0.22421178802566497, 0.4292066368672538, 0.5204094829425512, 0.43180417917025304, 0.09450953506498184], [-0.4010321270740472, -0.639324593416137, -0.5302417016924926, 0.19097335260052914, 0.7705190987002379, 0.1501091581365533, -0.0990878428185397, -0.18709796830935785, 0.46926354299033435, 0.41725169718747906, -0.5040569040737544, 0.4034539468497533, 0.018305891077480544]], "inverted": true, "swapped": false, "error_lsq": 0.046272336684030274, "error_max": 0.21865042469914592, "target": "295.xyz", "model": "20.xyz", "model_rescale": 4.121658175737393, "target_rescale": 3.874723778937237},
{"mapping": [5, 7, 0, 8, 6, 9, 4, 11, 10, 1, 3, 2, 12], "R": [[-0.7470616525909367, -0.4984960321228676, 0.43977334296868875], [-0.3824158101792726, -0.21884980615738475, -0.8976986746508017], [0.5437435382172643, -0.8388125346599397, -0.027138466138277195]], "T": [-0.06385485065875468, -0.016798070357003137, 0.0702488172259312], "aligned_model": [[-0.6563819883801536, 0.0044631699159077415, -0.5279693542222258, -0.536474187351386, -0.19852165540107145, 0.10807089334954312, 0.45700019399225617, 0.6397502535765178, 0.46875261894523007, -0.45894937189335605, 0.05627072837577615, 0.17884359033585864, -0.09840506270798077], [-0.12222064274661405, -0.23109710401701278, 0.5595000876475711, -0.42486638075842637, 0.01852600473581228, -0.7175573110055087, 0.22363635427697998, -0.31829063428077925, -0.23165957194762413, 0.5445208864062305, 0.4036069843533165, 0.6439973150972889, 0.002226210011610868], [-0.24865744216887592, -0.5749074676650476, -0.5928061512052424, 0.3228637797614783, 0.7052618277158278, 0.11542514259182236, 0.06451193310330082, -0.36404497081819676, 0.59829887178824, 0.176060981281293, -0.4696309269612457, 0.3542533233701401, -0.02759335063545494]], "inverted": true, "swapped": false, "error_lsq": 0.05201259421144037, "error_max": 0.24500629758910641, "target": "295.xyz", "model": "21.xyz", "model_rescale": 4.08911054899281, "target_rescale": 3.874723778937237},
{"mapping": [7, 12, 10, 0, 1, 4, 14, 3, 2, 8, 9, 15, 16], "R": [[0.38823989665864866, -0.19182061602738587, 0.9013737481807177], [-0.4006467319362641, 0.8456944027290281, 0.3525381871252866], [-0.8299108258308677, -0.4980018357994943, 0.2514800045909424]], "T": [-0.11613494700688635, 0.11060452531785167, 0.022342489675975723], "aligned_model": [[-0.5200006193446967, 0.096439110129425, -0.5423585584405596, -0.5443001864452717, -0.23310464325517805, 0.06686530017634314, 0.46824603529616965, 0.56098798993645, 0.3117634341635464, -0.6003739944007865, 0.06336054873935144, 0.43418817653146197, -0.12526276455133867], [-0.26383841646461326, 0.004335341690333894, 0.3396758881589048, -0.47932289291531205, 0.131673228995266, -0.5312909282483208, 0.16344988009297037, -0.40036476868388093, -0.15346368742362868, 0.4481081290985435, 0.6041961843403562, 0.4232360252194737, 0.06392821391275233], [-0.4276366099118335, -0.6765771315093463, -0.6234091289805447, 0.2845248062663557, 0.8071179869686568, 0.22426653997636312, -0.2375205934048473, -0.16392004586748452, 0.5404397621880938, 0.3861637101595628, -0.45900587971229007, 0.3841615368009592, 0.020430597184394054]], "inverted": false, "swapped": false, "error_lsq": 0.0444293507521544, "error_max": 0.21587667440949473, "target": "295.xyz", "model": "22.xyz", "model_rescale": 4.204369325754507, "target_rescale": 3.874723778937237},
{"mapping": [1, 12, 0, 2, 5, 10, 13, 14, 11, 8, 4, 9, 15], "R": [[-0.039878413069897145, -0.522019350902258, -0.852000885829711], [0.7107662097466813, -0.6141305650773131, 0.3430088105576258], [-0.702297022102019, -0.5918947932879673, 0.39552426780822314]], "T": [-0.023940611840783464, 0.06417615964869322, -0.10775601382552515], "aligned_model": [[-0.5509889031333536, 0.12260664601237883, -0.5716609459798881, -0.5123287855674512, -0.34874335116622796, 0.07184346250134846, 0.6380853783780167, 0.5526688307617486, 0.3965816904047068, -0.5083763578542625, -0.06554344267505499, 0.24928575985243182, -0.03698015299947692], [-0.22433727647436508, -0.044916408687678044, 0.384559332348073, -0.4528981208748573, 0.12232579312507241, -0.6521788904832615, 0.1708944112437191, -0.4429142139676964, -0.15563695904783298, 0.5516627101489371, 0.6098141186349662, 0.4491692255973761, 0.03477847621039239], [-0.3807020154476168, -0.6242458733183189, -0.3723903203271164, 0.3916801314403433, 0.6553851549054758, 0.20137970103025093, -0.06698042770729833, -0.20835355735106836, 0.4345136497763361, 0.208394308966805, -0.5927441072834447, 0.4973369839354218, -0.08423807846173029]], "inverted": true, "swapped": false, "error_lsq": 0.045268825495479045, "error_max": 0.2710533706360352, "target": "295.xyz", "model": "23.xyz", "model_rescale": 4.410303926677745, "target_rescale": 3.874723778937237},
{"mapping": [0, 7, 12, 2, 4, 3, 11, 1, 10, 5, 13, 9, 16], "R": [[0.9838793517684933, -0.03820235363199935, 0.174705470265202], [-0.12755916284170127, 0.5347809961526687, 0.8353070968985502], [-0.12533986252878232, -0.8441266885550623, 0.5212869195849162]], "T": [0.03570492927789028, 0.23839549422268158, 0.035666754846211624], "aligned_model": [[-0.42377459841056614, 0.1531810566144644, -0.6169999197367001, -0.62761757792452, -0.27083159649673993, -0.12929205921238734, 0.6509182066619236, 0.4151142697017569, 0.42410111969744435, -0.5557421004041794, -0.03507816821862361, 0.42915199824845046, 0.0233191980145925], [-0.2593822373661905, 0.01703014732808905, 0.2785000090155832, -0.35749959460926617, -0.05872225928569258, -0.6135118475922157, 0.27283785833691254, -0.48604520329987655, -0.06254323569593645, 0.35104277439618436, 0.6348833559369487, 0.5143448098897405, 0.11938762071856426], [-0.29822200605417787, -0.5800666609942279, -0.4318199751791063, 0.23010503740150762, 0.575704505292703, 0.2729026277345173, -0.10941195997916134, -0.2242747342287208, 0.4627126849031103, 0.21760914896506964, -0.5405048796961218, 0.43750174925279783, 0.046800012739849274]], "inverted": false, "swapped": false, "error_lsq": 0.04147111666300177, "error_max": 0.22408236666224715, "target": "295.xyz", "model": "24.xyz", "model_rescale": 4.28219845311461, "target_rescale": 3.874723778937237},
{"mapping": [11, 8, 5, 12, 13, 14, 0, 6, 2, 9, 1, 4, 15], "R": [[0.14753520723323366, -0.6022093250089174, 0.7845873383498814], [-0.23682509410215885, 0.748682517681931, 0.6191836258501584], [-0.9602849771969519, -0.2771613547913011, -0.03216124966633161]], "T": [-0.1044995062871147, 0.1066057154003124, 0.06797071037688479], "aligned_model": [[-0.5113552379866976, 0.013464588936980965, -0.508317328288194, -0.6315955318977613, -0.1808665766861227, -0.05728876666185791, 0.6986143134526187, 0.5434865304276938, 0.3932775224542238, -0.7213226815015524, 0.09378137449411354, 0.3360637779685627, -0.031492156177091446], [-0.210314136093936, -0.005718984044410749, 0.31027812304072716, -0.34097102038442667, -0.01277519721426186, -0.6493247266812396, 0.21658399115763632, -0.36569033445085597, -0.2107362566247517, 0.3764696554966045, 0.5215639982900985, 0.60219044663771, 0.11876663864395048], [-0.10669265888139762, -0.6068727463309929, -0.653645113946836, 0.3939534485744197, 0.6448872773074843, 0.14849982121920405, -0.02404637195192663, -0.34342650944677816, 0.41480226435749873, 0.12777295308527878, -0.37741868624639796, 0.3761075951471433, 0.06511427727133869]], "inverted": true, "swapped": false, "error_lsq": 0.037091892717291824, "error_max": 0.21658688668301032, "target": "295.xyz", "model": "25.xyz", "model_rescale": 4.100010024507729, "target_rescale": 3.874723778937237},
{"mapping": [5, 0, 9, 2, 8, 11, 4, 10, 1, 6, 7, 12], "R": [[0.3326916824854945, -0.852594048590434, 0.40298837788842495], [-0.7449615995217451, -0.49962937645855315, -0.4420437777162357], [0.5782287260617327, -0.15314657843977605, -0.8013723640538245]], "T": [-0.07013583817796336, 0.03143698360097349, -0.02337991113193345], "aligned_model": [[-0.5788971236458307, 0.009159634817092463, 0.42393824538131575, 0.6817118935582072, -0.6516981117716227, 0.1456800744430652, -0.2583046073395055, 0.5940422161946742, 0.13517664866437684, -0.03991168642782898, -0.5541944528253006, -0.02993712868563593], [-0.2694858553082037, -0.542650378632292, -0.08925107039589769, -0.5331996267103373, 0.5279889766796283, 0.7618372542579698, 0.20632979963850132, 0.08637122347545334, -0.24562615579003869, 0.5662107205006353, 0.11502872728038602, 0.08257777505483485], [-0.03131662102664938, 0.0041433763616003545, 0.5882420821230847, -0.12935313477530197, 0.19206107404854528, 0.21429709320868626, 0.6083151092434594, -0.22847790383425626, -0.5900958069198357, -0.4395068820948283, -0.5515334501567056, -0.07158264632344238]], "inverted": true, "swapped": true, "error_lsq": 0.043946585602653604, "error_max": 0.2419842631013598, "target": "295.xyz", "model": "26.xyz", "model_rescale": 3.6694154284099745, "target_rescale": 3.874723778937237},
{"mapping": [0, 2, 4, 5, 7, 1, 12, 6, 3, 8, 10, 9, 13], "R": [[-0.7173000965661305, 0.5729527040254627, -0.3964918289399299], [-0.017662387760693454, -0.5838163014313369, -0.8116936406315042], [-0.6965404593595486, -0.5752249343804082, 0.4288912022206146]], "T": [-0.05310370090422023, 0.10555944160294423, 0.0005829976285824968], "aligned_model": [[-0.3897058119904927, 0.14512256227173026, -0.6512320493408582, -0.6481711081310008, -0.10913121057662867, -0.10441730381004222, 0.7337737844321202, 0.38571971659267096, 0.4836644711017657, -0.5000659180589903, -0.13537957343026574, 0.26462334417560474, -0.03835107470069749], [-0.31753990918764113, -0.010245610046055953, 0.3307950399656393, -0.3535253521339718, -0.019966431992959166, -0.7674530323093847, 0.11974818240392032, -0.41101299807897324, -0.06737328111879118, 0.5076111966700808, 0.639573230301717, 0.6046779915024962, 0.09503317179676829], [-0.37970544724713473, -0.6392804134234591, -0.5161780439714833, 0.24779633209313043, 0.6147757181457969, 0.12249603321562746, -0.10117807578698979, -0.10794052342474691, 0.5792067296573874, 0.2172309958043714, -0.2638988999982626, 0.3393952368428176, -0.053684091749016075]], "inverted": true, "swapped": false, "error_lsq": 0.03950643377449445, "error_max": 0.19830798551360962, "target": "295.xyz", "model": "27.xyz", "model_rescale": 4.103607728864725, "target_rescale": 3.874723778937237},
{"mapping": [10, 13, 12, 9, 5, 6, 8, 11, 7, 0, 2, 1, 14], "R": [[0.7273948565314062, 0.5733653218936295, 0.3770264318870359], [0.38128031591211153, 0.1191190834020277, -0.9167529463641889], [-0.5705453911737571, 0.8105941349524283, -0.13196630248328206]], "T": [-0.11394366619009277, -0.03559936187823019, -0.10305879090862818], "aligned_model": [[-0.4787947107842178, 0.24546490481928018, -0.39827159886812546, -0.6484887169824806, -0.05790055044773846, -0.05729672540846922, 0.6886616233714888, 0.3250323738198766, 0.4330141300302258, -0.436011970805133, -0.18264030812701706, 0.11723459831886138, -0.1135532204016349], [-0.3628018192557639, 0.015789848645908447, 0.3579567359833776, -0.3499845790253372, -0.11615278942027733, -0.5688365713631577, 0.1303084567018763, -0.5416088933771046, -0.06580240236637787, 0.42298374626564667, 0.6719668208827574, 0.6530772739653318, 0.10342637013596535], [-0.24305001724239286, -0.6397683595585708, -0.8112712178397832, 0.43130760957489883, 0.6218623943735968, 0.23415992946834074, -0.07898968813391202, -0.255753334978621, 0.36598938472204956, 0.33928189348422966, -0.2926677955252758, 0.4214809438462243, -0.033546192032745156]], "inverted": false, "swapped": false, "error_lsq": 0.05610945961717074, "error_max": 0.3001494823008049, "target": "295.xyz", "model": "28.xyz", "model_rescale": 4.137296879288765, "target_rescale": 3.874723778937237},
