[{"mapping": [5, 0, 10, 8, 9, 2, 4, 1, 11, 6, 7, 13], "R": [[-0.4304534542042713, -0.9007260230396801, -0.058330568167414304], [-0.2519043894240712, 0.18193777855466325, -0.9504960932710247], [0.8667491000009735, -0.39445060039720614, -0.305212584101289]], "T": [-0.10344350895953883, -0.04447835319433299, 0.06038317755912393], "aligned_model": [[-0.26463495455848474, 0.2683846103436629, 0.44687598222088354, -0.0987444904733836, -0.15647432025738614, -0.5422945866968769, 0.4075742599036052, -0.18055987151260844, 0.5518104333941444, -0.01782590316427729, -0.5260379149061936, -0.050430781832536506], [-0.3052468000925056, -0.7449120820465737, -0.3046815440244115, 0.6860946520842592, 0.33690362247258665, -0.3673909300268452, -0.32203744078313457, -0.6129361127798993, 0.09001312536163333, 0.5042398661183439, 0.24124012927358943, -0.14773144957998602], [-0.5993909479489412, -0.03240280944654011, -0.5651893499074225, -0.060640642776439345, -0.6709555883171152, 0.1588822560143322, 0.5231527368227492, 0.5162857066133132, 0.02919192935018522, 0.5382185897098166, 0.2961529767561843, 0.04864688848344055]], "inverted": true, "swapped": true, "error_lsq": 0.04076153260862655, "error_max": 0.2586473143287045, "target": "296.xyz", "model": "0.xyz", "model_rescale": 3.751011558992144, "target_rescale": 4.110263885236424},
{"mapping": [10, 9, 12, 7, 5, 6, 2, 3, 0, 1, 4, 8, 13, 14], "R": [[-0.0939046303021791, -0.9597104634340238, -0.2648353201199997], [-0.9337330046528528, -0.007399159042175307, 0.35789373907268124], [-0.34543392483913177, 0.2808933584489321, -0.8954185193246302]], "T": [0.04472860624825746, 0.04865306029556905, -0.06712616167317445], "aligned_model": [[0.142461570615194, -0.45269220915508335, -0.4799382190306437, 0.14165251927144562, -0.2432704142159891, 0.4163782060334401, -0.19435541509257903, -0.37107955126350917, 0.2378807695759549, 0.6553096604127885, 0.707435331853488, 0.37470882935115796, -0.6331785915370213, 0.0008552169293032236], [0.4364857127233375, 0.28169541190046193, -0.468470522422178, -0.6057638706668288, 0.5992779256529724, -0.43459539443900935, 0.36672410236062414, -0.3180823804321927, -0.2997623863534308, -0.23858284814904396, 0.39622903635660556, 0.5527360193903764, 0.1928916517819545, 0.028383555997278993], [-0.783008728520387, -0.4310676625991213, -0.16347462676801386, -0.0221677436485824, -0.004238413602535268, -0.5053877858730313, 0.6577239917566589, 0.45824473795266074, 0.578476995721284, 0.1071490764737413, -0.3232212741072461, 0.21113931381930504, 0.149989609788766, -0.09297350870408969]], "inverted": false, "swapped": false, "error_lsq": 0.04126921194804617, "error_max": 0.2528655447441114, "target": "296.xyz", "model": "1.xyz", "model_rescale": 3.9405287249114394, "target_rescale": 4.110263885236424},
{"mapping": [4, 12, 1, 8, 7, 0, 11, 6, 3, 5, 9, 10, 13], "R": [[0.21263249411673713, 0.2062143415217492, -0.9551246346924821], [0.470951259887738, -0.8780801599271398, -0.08473572772143576], [-0.8561497142765676, -0.4317995809320343, -0.2838252783863191]], "T": [-0.02578997734122984, -0.07185606040845732, -0.06380321465031485], "aligned_model": [[-0.20398611421195825, 0.26600124116876517, -0.3358117903220838, 0.5769512752193391, 0.4156471904930871, -0.7694180702836995, -0.0633317474516715, 0.6330797167603788, 0.18294749866407528, -0.48289287265074615, 0.03758094665728608, -0.6265381251377975, -0.13424586962104373], [0.6473125506677468, 0.5899928137503379, 0.3506677572464877, -0.30806175378041945, -0.19503962419095563, 0.21485495642284247, 0.2658432250980183, 0.2432740417638637, -0.758408885334396, -0.6307703103249935, -0.7495166182986044, -0.18217230044083887, -0.029143259007071792], [-0.005695402566950225, -0.46071062907711896, -0.575953947144977, 0.29580158896822534, -0.38902239895969865, -0.01598218980419483, 0.5132309167530504, -0.006075538165587813, -0.17365080038496966, 0.025396370896862558, 0.40511166361170003, 0.5597593083706149, -0.05908859290831179]], "inverted": true, "swapped": true, "error_lsq": 0.04240353301274777, "error_max": 0.25055872178341576, "target": "296.xyz", "model": "2.xyz", "model_rescale": 3.932901565614263, "target_rescale": 4.110263885236424},
{"mapping": [1, 2, 6, 12, 0, 10, 7, 5, 9, 9, 11, 3, 4, 13], "R": [[0.2180211220539996, 0.7443185812571989, 0.6312342195521297], [-0.37314604359168635, 0.6612252140723417, -0.6508020024760662], [-0.9017920051154737, -0.09365396879074128, 0.42190059687034875]], "T": [0.10223429030920064, 0.1613031010262354, -0.010548234876338582], "aligned_model": [[-0.022757460071624186, -0.6311920383456355, -0.28552950007774247, 0.1807537954618166, -0.2896309406656328, 0.31874773802937256, -0.04496610313216562, -0.22263069320224918, 0.35205837744460944, 0.35205837744460944, 0.9316972584648767, 0.3061782754459347, -0.734082305849742, 0.09146292280151866], [0.4303187829426504, 0.22709189393915447, -0.32096752197992967, -0.5963811945362487, 0.6974332662169134, -0.26794729612013873, 0.235655824972617, -0.4009833379993006, -0.2835181360190772, -0.2835181360190772, 0.15236400037357728, 0.6256794612134811, 0.2269974751152242, 0.046940931601082175], [-0.6893532482137015, -0.40036551045715374, -0.2999381962291036, -0.0642046019552403, -0.09974697852592052, -0.5415957504596778, 0.6841072653247341, 0.2978287886366896, 0.5181434824309055, 0.5181434824309055, -0.3416373094549575, 0.04816228468372125, 0.23334765426481072, -0.025707380786602837]], "inverted": false, "swapped": false, "error_lsq": 0.05454925709554587, "error_max": 0.5356055495223083, "target": "296.xyz", "model": "3.xyz", "model_rescale": 3.9243930471874484, "target_rescale": 4.110263885236424},
{"mapping": [7, 8, 3, 2, 5, 6, 1, 9, 10, 11, 0, 4, 13], "R": [[-0.285788339802159, 0.6972758296439462, 0.6573670528916645], [-0.9075908952218924, -0.417117908376044, 0.04786875204471136], [0.30757729393349187, -0.5829400208480637, 0.7520486289796755]], "T": [-0.012985296311881694, -0.1438979392030719, -0.09779773869846779], "aligned_model": [[-0.07561618287165073, -0.23919604186819518, 0.4509749149664114, 0.2917770601258357, 0.6629535006458414, -0.638905855270378, -0.058727058982356445, 0.38241133661389126, 0.2513506471034037, -0.40376394391485315, 0.15045610589021893, -0.5071900619052883, 0.010681465778471892], [-0.5860700705895858, 0.01509472188290531, -0.27054680329861064, -0.5763470844806099, 0.12515218357485616, -0.3239305597770855, -0.5540308533099005, 0.32217291442647333, 0.6467399002969861, 0.39073196082269634, 0.12399411770805005, -0.07811330131300925, -0.1070175722615786], [-0.438927713412572, -0.7847881274382217, -0.641574894313243, 0.06551947414701913, -0.09591733384234706, -0.4332980354723258, 0.5077078002675292, -0.6541792003341695, 0.16088458729530303, 0.0016079920974730044, 0.6363640636946863, 0.45335369535616926, 0.010318007325663084]], "inverted": true, "swapped": true, "error_lsq": 0.04398777569846602, "error_max": 0.2756869792898574, "target": "296.xyz", "model": "4.xyz", "model_rescale": 3.8936222436046832, "target_rescale": 4.110263885236424},
{"mapping": [8, 6, 3, 9, 2, 1, 4, 0, 10, 11, 5, 13], "R": [[0.9708750673694686, 0.22243332279430483, -0.08902258405042188], [0.03305632717829739, -0.4923779818245542, -0.8697535295978168], [-0.2372949278720706, 0.8414792569784854, -0.48539033496880146]], "T": [-0.20274745844524522, -0.06260460391700957, -0.06749756154923722], "aligned_model": [[-0.01806354425102799, -0.45785422370127143, -0.18724281465050294, 0.38143880585083423, -0.5873003501741751, -0.6739777878449205, -0.28401255362323974, 0.013981214872435088, 0.592082641342898, 0.23940037954158339, 0.1825146341956454, -0.1734183593431612], [-0.5381935148353295, -0.7369419219715984, 0.18919779226545802, 0.04203831214983483, 0.33527944220419054, 0.16606574618251935, -0.3315964982050858, 0.3146952601872229, 0.1683599884774022, -0.45991176049787846, 0.5270000456132765, -0.007069986460204972], [-0.6042589625036754, -0.19764539876738416, -0.7481940920914091, -0.6427341541863103, -0.08679078495804507, 0.4449379187248126, 0.6205236716195273, 0.601939734178982, 0.2096282213417993, 0.24083812148508757, -0.24977273525132224, 0.03081317968345551]], "inverted": false, "swapped": true, "error_lsq": 0.04083778320977998, "error_max": 0.23400255427884398, "target": "296.xyz", "model": "5.xyz", "model_rescale": 3.6523030999806103, "target_rescale": 4.110263885236424},
{"mapping": [3, 8, 6, 7, 12, 5, 11, 2, 10, 0, 4, 1, 13], "R": [[0.9440704313491803, 0.2734250547906179, -0.18430887136792967], [0.1446562388968609, -0.8457098807711296, -0.5136627007232428], [-0.2963200857187827, 0.45827233931236677, -0.8379623319820433]], "T": [0.06142605118899255, -0.08622319872903059, 0.08851764531301543], "aligned_model": [[0.09671464054638292, -0.04378887776146602, 0.36574100092889406, 0.5097700756981716, 0.6804227022268672, -0.33757490753121167, -0.38483339936604255, 0.4228054014008803, -0.7680857406112368, -0.2393655366571608, 0.09176838207131838, 0.46777999137313153, 0.019729172345766502], [-0.6428107476019801, 0.06034269502185438, 0.4339350907500217, -0.1641852329170773, 0.42675576754820266, -0.6877486022275169, 0.4126129304023989, -0.441896156992556, -0.14751086691139906, -0.08080593337522787, 0.48879398024823606, -0.0311142045306452, -0.08554181525112813], [0.5532300545462437, 0.8067474270821202, 0.5051427825575623, 0.4182418304841597, -0.09700127343334816, -0.002312887043874723, 0.06769458591879188, -0.13389319337266495, -0.17615618982233927, -0.6510551179226931, -0.381342396631069, -0.5187530915578888, -0.020432791323210714]], "inverted": true, "swapped": true, "error_lsq": 0.04589173370353113, "error_max": 0.24441662069963982, "target": "296.xyz", "model": "6.xyz", "model_rescale": 4.08911054899281, "target_rescale": 4.110263885236424},
{"mapping": [13, 12, 11, 9, 7, 1, 4, 8, 3, 0, 2, 6, 5, 14], "R": [[-0.3940152147622109, 0.7399256426986645, 0.545217437187089], [-0.5402449379039598, -0.6663590242140607, 0.5139076355899295], [0.7435639969801091, -0.09206353309238892, 0.6622966769277279]], "T": [-0.08667252431876085, 0.03298201463749984, -0.027668930357161108], "aligned_model": [[-0.06431789750792458, -0.6122496354176273, -0.3447687356452125, 0.151024135253792, 0.017940562278024846, 0.422114161546442, -0.26801272217127214, -0.3371146531542326, 0.3216068423164544, 0.8084326463625525, 0.5729838811040898, 0.2735530513379669, -0.5910954353368839, -0.04792849721822313], [0.2626633280017886, 0.24081694849751017, -0.3322568627145982, -0.7119322124398249, 0.7954558760163006, -0.2853190059373467, 0.15709039439692474, -0.4301877703021625, -0.1803897907270332, -0.11065914090983547, 0.39421273805973267, 0.27421701926099507, 0.5393496320022589, -0.12389513950378156], [-0.7223928232117448, -0.4619214589250118, -0.40782412383301964, 0.028548506738746544, -0.1112074087024455, -0.44929272883479643, 0.6420790315050287, 0.4058070940182221, 0.6159395435780417, 0.22295057198950763, -0.3183669429608055, 0.21968946072864132, 0.2362450565925036, -0.06306979699345916]], "inverted": true, "swapped": false, "error_lsq": 0.05049859116255257, "error_max": 0.32372338973722525, "target": "296.xyz", "model": "7.xyz", "model_rescale": 3.964800864290218, "target_rescale": 4.110263885236424},
{"mapping": [10, 11, 6, 0, 9, 3, 7, 2, 1, 1, 5, 8, 12, 13], "R": [[0.34367336333636256, 0.9293697748570868, 0.13476068015248543], [-0.2777767012741237, 0.23768432413798365, -0.9307772377364717], [-0.8970667330596642, 0.2824499666156076, 0.33984304141250765]], "T": [-0.0584888858675646, -0.04250249212008359, -0.0485709259921797], "aligned_model": [[0.15998338477510068, -0.7013921066724258, -0.3305637622430772, 0.19012005195850865, -0.21506483055877498, 0.308636265807798, -0.061330007420855315, -0.28625631904949905, 0.43925544550274365, 0.43925544550274365, 0.6577558379241676, 0.28398117491356667, -0.5582481373444198, -0.02396473934763079], [0.46900439577253794, 0.23876727694927105, -0.3482288693061038, -0.713108317364318, 0.6207505885957479, -0.4412080814979894, 0.14644626856049447, -0.4817021530263748, -0.1705808389914009, -0.1705808389914009, 0.2949490915428865, 0.6095389929465714, 0.40768587129959194, 0.02743262721141456], [-0.6533556675373636, -0.4898147250195293, -0.45968218479750533, -0.008064189463125274, -0.1457102653641757, -0.530458539143385, 0.6378279804953714, 0.3916953366212572, 0.498207282081103, 0.498207282081103, -0.3172540986923685, 0.17191431303283994, 0.2952983301116148, -0.05162687271642807]], "inverted": true, "swapped": false, "error_lsq": 0.05230403811215333, "error_max": 0.5079952835205039, "target": "296.xyz", "model": "8.xyz", "model_rescale": 4.121658175737393, "target_rescale": 4.110263885236424},
{"mapping": [6, 7, 2, 1, 8, 11, 5, 10, 5, 9, 4, 0, 13], "R": [[0.010330478242935912, -0.33035940435130495, -0.9437986783079979], [-0.5970546643949669, 0.7550960136726987, -0.27084264409397085], [0.8021340342757475, 0.5662973371756669, -0.189442120354116]], "T": [-0.09842083726052842, -0.005357671590629977, -0.15733053539047495], "aligned_model": [[-0.7902544980702485, -0.29043151708745846, 0.28171095214595887, 0.20791474401875487, -0.6579086084920497, -0.4254467109894946, 0.45721539486290474, 0.19440267684296975, 0.45721539486290474, -0.08565242974440157, -0.24250674493777208, 0.3961905999223926, -0.02571175689926393], [0.0804476241403459, -0.16052835609701313, 0.06410968452458962, 0.6071933700124069, -0.4904354875033185, 0.16536809504211333, -0.41224432088829227, -0.0976725180829752, -0.41224432088829227, -0.7707317437034975, 0.6931879204414207, 0.46000508401120727, 0.06393240840301481], [-0.38261341695973927, -0.6621695581262589, -0.5538642392308231, -0.41786461546020814, -0.14845876798466437, 0.4015302444630713, 0.07718256423701012, 0.6597561116166154, 0.07718256423701012, 0.15437504090029422, 0.05149278524077122, 0.2625144718556939, -0.09798775082968395]], "inverted": false, "swapped": true, "error_lsq": 0.05474927067836635, "error_max": 0.37043202711482304, "target": "296.xyz", "model": "9.xyz", "model_rescale": 3.833441315466971, "target_rescale": 4.110263885236424},
{"mapping": [6, 1, 5, 2, 12, 3, 10, 13, 8, 9, 7, 11, 0, 14], "R": [[-0.04332930142678548, -0.9910809798822552, -0.1260200894837633], [-0.8408539729548598, -0.03194228828119283, 0.5403186896502741], [-0.5395249464148018, 0.12937612428493178, -0.8319703424167926]], "T": [0.002849255581762161, 0.1069840700982706, -0.08819357992469462], "aligned_model": [[-0.08210421226735386, -0.6511402538159842, -0.41580916839321846, 0.100575941395687, -0.1547343352757267, 0.5732780835535729, -0.14000975217352282, -0.4244071596667275, 0.37639069680807924, 0.6043832429215777, 0.6544684172260928, 0.4133712492555158, -0.628407097533651, 0.07631205171360571], [0.41797057313845787, 0.3332176616457566, -0.3737571186814696, -0.5989773985800295, 0.687168983187843, -0.40115776886500254, 0.3661117128148595, -0.47129943276509956, -0.022827710790894712, -0.3758357200291699, 0.2251622618986448, 0.5612148404064914, 0.09523735015074354, 0.04693778016979772], [-0.6859392376020719, -0.3465054390544008, -0.31413214438954673, 0.0051774784876343904, -0.12785383492232993, -0.5013820036025143, 0.6787472992851629, 0.25637381168358775, 0.5835020770552275, 0.162708868985378, -0.16127134632836695, 0.2126106438802538, 0.16715009617786608, -0.09200228796647118]], "inverted": true, "swapped": false, "error_lsq": 0.04538705646971751, "error_max": 0.27381227902202876, "target": "296.xyz", "model": "10.xyz", "model_rescale": 4.2482417240324, "target_rescale": 4.110263885236424},
{"mapping": [11, 10, 9, 5, 6, 7, 8, 2, 0, 1, 4, 13], "R": [[-0.019140298792464705, 0.8351368188358337, 0.5497091438087048], [0.8557803882973274, 0.2979800437709601, -0.4229040322814772], [-0.5169850829258146, 0.46233579500079913, -0.7203971381766923]], "T": [0.023696430999927756, 0.1528863727256927, -0.010223852606089153], "aligned_model": [[-0.51797899944683, 0.013194471837229091, 0.3011209386040821, 0.5831454183667923, -0.4889375384370304, 0.12602094729986196, -0.1849635316176101, 0.4317609132602549, 0.03898057234578041, 0.05720880528248788, -0.509134939229117, 0.02634854409710538], [-0.23933323343200888, -0.7178069767313516, -0.27379572656372275, -0.30818797403274134, 0.5924511205483972, 0.657905689478672, 0.23462619855410402, 0.4180113357726589, -0.31313492431624523, 0.40673844895207767, 0.12190459127527095, 0.08675284054552848], [0.023982715986254958, -0.07089534572381842, 0.6410049071323467, 0.05070265244194572, 0.27392045154917644, 0.21403863744728377, 0.6955986341277429, -0.274339360388797, -0.6583467915071091, -0.6967909053911491, -0.5273937785453693, -0.10628952727415115]], "inverted": true, "swapped": true, "error_lsq": 0.0505741492119862, "error_max": 0.2729297044380384, "target": "296.xyz", "model": "11.xyz", "model_rescale": 3.6694154284099745, "target_rescale": 4.110263885236424},
{"mapping": [1, 3, 4, 6, 2, 0, 9, 11, 7, 5, 12, 10, 8, 13], "R": [[0.912309678882394, 0.3919985333366121, 0.11844070111008403], [0.3966413235214183, -0.9178054587643732, -0.01757271571203925], [0.10181704323285407, 0.06301023507545057, -0.9928056204429222]], "T": [0.07798361965828474, 0.004421466090759184, 0.02160466262683461], "aligned_model": [[-0.01611001665368922, -0.6035845189390044, -0.39539984234673453, 0.13330933952684754, -0.0945885950789094, 0.32409012628417977, -0.2207887930372142, -0.4738222846617789, 0.45818319810960717, 0.786291361131516, 0.612019396673181, 0.26438744795425073, -0.5628142557820073, 0.09099514056770218], [0.3142337333113024, 0.23260007393997703, -0.33649033336274525, -0.5538922118848155, 0.5950665140861264, -0.3587799975918591, 0.1692882078826455, -0.35801454020845985, -0.06027742054111342, -0.3679391860364891, 0.3741641666870627, 0.5042533914783964, 0.3692899552136883, -0.034336339272788174], [-0.7604670992894352, -0.4523661128143738, -0.4337697905914023, 0.09287692343061146, -0.19673184685238015, -0.5425355226114273, 0.7484060589884037, 0.3520271712464256, 0.6567642119399004, 0.08655449398260047, -0.17805661176140833, 0.36649659710535765, 0.1914484726036745, -0.0934629636871381]], "inverted": true, "swapped": false, "error_lsq": 0.0442450052288801, "error_max": 0.26154438259465096, "target": "296.xyz", "model": "12.xyz", "model_rescale": 3.9764082729961374, "target_rescale": 4.110263885236424},
{"mapping": [11, 14, 3, 7, 13, 8, 5, 4, 0, 2, 10, 12, 6, 15], "R": [[0.5060298541480566, 0.8297422853738534, 0.2355027103314779], [-0.6501844297998476, 0.546371923263865, -0.5279563700863859], [-0.566739793870824, 0.11404148951816045, 0.8159660193364279]], "T": [0.0716591343282765, 0.10503725187138915, 0.0766638519497766], "aligned_model": [[0.037934230194112434, -0.5231829133323073, -0.18529431478536088, 0.04336190837703954, -0.1628840028818637, 0.41404226429846347, -0.17900681291334816, -0.37749872409085317, 0.25794279949078724, 0.670511540073413, 0.6023227222293962, 0.3589426839845997, -0.6486568727780864, -0.006366804118045591], [0.24383280310755803, 0.21714625790628012, -0.4108695175567382, -0.6474234799468297, 0.6317773149330035, -0.18895075881603393, 0.26063386567824776, -0.30341797492515865, -0.3578668569752249, -0.4217598344353334, 0.42612228904177196, 0.6680294041474784, 0.338644765504281, 0.03326773603762585], [-0.7044527363695345, -0.4452581237093272, -0.5367353472349388, 0.14019190085768513, -0.12831168059099018, -0.46739283492432, 0.8613804775542153, 0.46044147988312817, 0.6040404873905261, 0.08762468668667628, -0.43465547522207043, 0.16453610878131478, 0.177813173152819, 0.05796186543422517]], "inverted": true, "swapped": false, "error_lsq": 0.0446251160529157, "error_max": 0.31097725543607857, "target": "296.xyz", "model": "13.xyz", "model_rescale": 4.170626492500431, "target_rescale": 4.110263885236424},
{"mapping": [8, 12, 10, 9, 4, 7, 6, 11, 3, 1, 0, 2, 5, 13], "R": [[-0.12396347691919085, 0.8014425977935347, 0.5850835998659134], [-0.13093919091511913, -0.5976872713828275, 0.7909645086281967], [0.9836096708921682, 0.021440337425082612, 0.17903163759095586]], "T": [0.08530930114029123, 0.07792187992282495, -0.009264522312383667], "aligned_model": [[-0.041074693936487466, -0.5643180112988028, -0.14427587044824597, 0.07364299787249406, -0.10339601553454073, 0.4584048900687049, -0.2985561815901767, -0.35397434108049947, 0.29633260396704, 0.6850724375543522, 0.6414659083731448, 0.4113627690351328, -0.7644560165802521, 0.0059372273460830405], [0.25892071965076324, 0.1558727719615734, -0.2967882535933835, -0.7295731078375101, 0.7229815147132506, -0.19770929495807582, 0.33454680318629343, -0.3184807422721701, -0.11266990193513932, -0.4026405972778426, 0.2046265363552243, 0.5741627713422373, 0.23390236323630403, 0.06201443112940366], [-0.7183645142814263, -0.33731045590964087, -0.3631165673845527, 0.05493968762652166, -0.23587321944405798, -0.6742885367996369, 0.6937861209262178, 0.37745823875206935, 0.618921391873998, 0.003319419870917684, -0.18389030734274997, 0.27422495014357723, 0.27496922301146887, 0.05240855064670324]], "inverted": true, "swapped": false, "error_lsq": 0.04602566931955577, "error_max": 0.26956608752449285, "target": "296.xyz", "model": "14.xyz", "model_rescale": 3.9786697098870705, "target_rescale": 4.110263885236424},
{"mapping": [5, 0, 8, 3, 11, 6, 1, 12, 7, 2, 4, 13], "R": [[0.049502206444182004, -0.6354253027110683, 0.7705739524741964], [-0.017070334994505332, 0.7708688657781351, 0.6367651022450171], [-0.9986281265918426, -0.04467523305455806, 0.027312786953878752]], "T": [0.06970674117030637, -0.04450247159305322, -0.11943376175396517], "aligned_model": [[-0.03460377285096189, -0.7157826912152535, 0.7030535855350807, 0.6041926244400758, -0.1443582425880705, 0.4706646569418924, -0.4070334232603229, -0.016595551934530772, 0.5156790503071724, 0.008187405705390144, -0.4547618097741817, -0.0452872345389535], [-0.6199665373757938, -0.1455517758521671, 0.2333586176521506, -0.5120665108548506, 0.475942270954285, 0.5155185965394914, -0.12825385325899735, 0.3786168359184491, -0.09788977634179237, -0.4605028491664709, 0.43517464538963124, -0.059705173379496], [-0.5521521313424442, -0.22076582934554953, -0.3841425672776825, -0.27010332460297276, -0.48238284003135423, 0.1302818620279671, 0.4306960370137126, 0.5835907818201671, 0.21830426771473052, 0.24073831710153212, 0.09776769931711671, -0.1318657785213928]], "inverted": false, "swapped": true, "error_lsq": 0.0534198188532821, "error_max": 0.26867258131012545, "target": "296.xyz", "model": "15.xyz", "model_rescale": 3.769337070930944, "target_rescale": 4.110263885236424},
{"mapping": [6, 8, 4, 11, 12, 7, 1, 3, 0, 10, 13], "R": [[-0.7410162086929446, -0.502331702262046, -0.44559829370953563], [-0.2629837225986402, 0.8276947913599446, -0.4957427699964764], [0.6178466962786934, -0.25016832984639137, -0.7454403172886286]], "T": [0.049741289910822405, -0.05327471545344147, 0.07062771418219771], "aligned_model": [[-0.15597954594916302, -0.3703263734835866, -0.07116563444152701, -0.552163325038798, 0.3039024232465976, 0.31114319478936836, 0.5466347918990906, 0.21198123573965846, 0.08803821781433588, -0.44685892090011226, 0.05742006701530677], [-0.18652665620952183, -0.6018877148829688, 0.6325990494247626, 0.2370011939883378, 0.3136232620455277, -0.40981290507226686, 0.4750956813562999, -0.7303029987415925, 0.6156097324125194, 0.2056414552248596, 0.04502439807938543], [-0.6197863628113244, -0.19577929948756423, -0.18878039377415878, 0.027392177419685318, -0.6232811670554065, -0.27629885563308576, -0.03358286714913861, 0.27630588755005725, 0.5049084286045942, 0.7401416253117098, 0.13297843424840877]], "inverted": false, "swapped": true, "error_lsq": 0.04619270462007488, "error_max": 0.22498240009948442, "target": "296.xyz", "model": "16.xyz", "model_rescale": 3.7852294659196426, "target_rescale": 4.110263885236424},
{"mapping": [10, 8, 3, 9, 11, 6, 12, 7, 5, 0, 4, 2, 13], "R": [[0.02391379481420619, 0.5233393421575714, 0.851788743391027], [0.754425253970088, -0.5684977586905866, 0.3281049139161863], [0.6559502013032334, 0.634764705472713, -0.40841535487342734]], "T": [0.017356233950658047, 0.11210302443630477, 0.05726758622412561], "aligned_model": [[0.191200099617003, -0.4575298485116471, 0.28206743614177204, 0.09671937208201668, -0.4138128659276675, -0.6364134679519708, -0.3377447555345812, -0.0690105701837336, 0.5849219520886827, 0.36574686529795425, -0.260465923512573, 0.439283065025688, 0.06880449158533962], [-0.12453062438107629, -0.42350587873296647, -0.457643168725076, -0.6966615718782656, 0.11662239668504586, 0.1660986079970873, 0.7762930683118248, 0.051505280576583226, -0.27045722878014516, 0.5264467880254009, 0.7260959642158482, 0.31040137725448824, 0.1743906131341251], [-0.764730623402678, 0.24703605946074345, 0.42101181258000037, -0.09347122376840514, -0.4550715234714327, 0.38348590815452926, 0.394130193135344, 0.6092432831142368, -0.1893121574194453, -0.5296020856513948, -0.25603959674714466, 0.3559653961473655, -0.02689074498854494]], "inverted": true, "swapped": true, "error_lsq": 0.043218253743635755, "error_max": 0.21596175394174374, "target": "296.xyz", "model": "17.xyz", "model_rescale": 3.901054581598922, "target_rescale": 4.110263885236424},
{"mapping": [10, 9, 12, 7, 5, 6, 2, 3, 0, 1, 4, 8, 13, 14], "R": [[-0.0939046303021791, -0.9597104634340238, -0.2648353201199997], [-0.9337330046528528, -0.007399159042175307, 0.35789373907268124], [-0.34543392483913177, 0.2808933584489321, -0.8954185193246302]], "T": [0.04472860624825746, 0.04865306029556905, -0.06712616167317445], "aligned_model": [[0.142461570615194, -0.45269220915508335, -0.4799382190306437, 0.14165251927144562, -0.2432704142159891, 0.4163782060334401, -0.19435541509257903, -0.37107955126350917, 0.2378807695759549, 0.6553096604127885, 0.707435331853488, 0.37470882935115796, -0.6331785915370213, 0.0008552169293032236], [0.4364857127233375, 0.28169541190046193, -0.468470522422178, -0.6057638706668288, 0.5992779256529724, -0.43459539443900935, 0.36672410236062414, -0.3180823804321927, -0.2997623863534308, -0.23858284814904396, 0.39622903635660556, 0.5527360193903764, 0.1928916517819545, 0.028383555997278993], [-0.783008728520387, -0.4310676625991213, -0.16347462676801386, -0.0221677436485824, -0.004238413602535268, -0.5053877858730313, 0.6577239917566589, 0.45824473795266074, 0.578476995721284, 0.1071490764737413, -0.3232212741072461, 0.21113931381930504, 0.149989609788766, -0.09297350870408969]], "inverted": false, "swapped": false, "error_lsq": 0.04126921194804617, "error_max": 0.2528655447441114, "target": "296.xyz", "model": "18.xyz", "model_rescale": 3.9405287249114394, "target_rescale": 4.110263885236424},
{"mapping": [11, 10, 2, 6, 14, 5, 12, 1, 0, 8, 9, 13, 3, 15], "R": [[0.4397718130451156, -0.828162620282519, 0.34748730454191307], [0.08603362134343451, -0.3462838162008218, -0.9341765007941112], [0.8939792886021165, 0.4407200846389779, -0.08103603239464424]], "T": [0.10841125437256396, 0.12688924165964385, 0.1345094626801944], "aligned_model": [[0.12449252924654397, -0.45530874164157586, -0.2766018968787084, 0.10570153183449393, -0.33205219156410803, 0.36780245761563524, -0.14142133802131981, -0.3124763823917275, 0.2603047350630773, 0.6100954935562132, 0.6957712732340302, 0.30035943428502365, -0.7312147296035871, 0.08671552901395581], [0.4244299290652701, 0.18396710641295713, -0.4366790484861711, -0.6155716966627813, 0.7343457730510183, -0.3636038465815241, 0.3907856094695017, -0.31121506262777143, -0.3615891664810609, -0.43843284192449883, 0.23874692449886373, 0.7570621764529286, 0.17664156020678337, 0.11027859730741307], [-0.5215577090609552, -0.41034457318220685, -0.40352486588884207, 0.050677081935219276, -0.05713467978113443, -0.4846798273003584, 0.5444868340605042, 0.3922644621724414, 0.5938475443368266, 0.10294965433534546, -0.3466411519816114, 0.0027224608390438165, 0.26860461063577573, 0.10551414056936088]], "inverted": true, "swapped": false, "error_lsq": 0.045058104059987614, "error_max": 0.276641084364222, "target": "296.xyz", "model": "19.xyz", "model_rescale": 4.410303926677745, "target_rescale": 4.110263885236424},
{"mapping": [10, 11, 6, 0, 9, 3, 7, 2, 1, 1, 5, 8, 12, 13], "R": [[0.34367336333636256, 0.9293697748570868, 0.13476068015248543], [-0.2777767012741237, 0.23768432413798365, -0.9307772377364717], [-0.8970667330596642, 0.2824499666156076, 0.33984304141250765]], "T": [-0.0584888858675646, -0.04250249212008359, -0.0485709259921797], "aligned_model": [[0.15998338477510068, -0.7013921066724258, -0.3305637622430772, 0.19012005195850865, -0.21506483055877498, 0.308636265807798, -0.061330007420855315, -0.28625631904949905, 0.43925544550274365, 0.43925544550274365, 0.6577558379241676, 0.28398117491356667, -0.5582481373444198, -0.02396473934763079], [0.46900439577253794, 0.23876727694927105, -0.3482288693061038, -0.713108317364318, 0.6207505885957479, -0.4412080814979894, 0.14644626856049447, -0.4817021530263748, -0.1705808389914009, -0.1705808389914009, 0.2949490915428865, 0.6095389929465714, 0.40768587129959194, 0.02743262721141456], [-0.6533556675373636, -0.4898147250195293, -0.45968218479750533, -0.008064189463125274, -0.1457102653641757, -0.530458539143385, 0.6378279804953714, 0.3916953366212572, 0.498207282081103, 0.498207282081103, -0.3172540986923685, 0.17191431303283994, 0.2952983301116148, -0.05162687271642807]], "inverted": true, "swapped": false, "error_lsq": 0.05230403811215333, "error_max": 0.5079952835205039, "target": "296.xyz", "model": "20.xyz", "model_rescale": 4.121658175737393, "target_rescale": 4.110263885236424},
{"mapping": [3, 8, 6, 7, 12, 5, 11, 2, 10, 0, 4, 1, 13], "R": [[0.9440704313491803, 0.2734250547906179, -0.18430887136792967], [0.1446562388968609, -0.8457098807711296, -0.5136627007232428], [-0.2963200857187827, 0.45827233931236677, -0.8379623319820433]], "T": [0.06142605118899255, -0.08622319872903059, 0.08851764531301543], "aligned_model": [[0.09671464054638292, -0.04378887776146602, 0.36574100092889406, 0.5097700756981716, 0.6804227022268672, -0.33757490753121167, -0.38483339936604255, 0.4228054014008803, -0.7680857406112368, -0.2393655366571608, 0.09176838207131838, 0.46777999137313153, 0.019729172345766502], [-0.6428107476019801, 0.06034269502185438, 0.4339350907500217, -0.1641852329170773, 0.42675576754820266, -0.6877486022275169, 0.4126129304023989, -0.441896156992556, -0.14751086691139906, -0.08080593337522787, 0.48879398024823606, -0.0311142045306452, -0.08554181525112813], [0.5532300545462437, 0.8067474270821202, 0.5051427825575623, 0.4182418304841597, -0.09700127343334816, -0.002312887043874723, 0.06769458591879188, -0.13389319337266495, -0.17615618982233927, -0.6510551179226931, -0.381342396631069, -0.5187530915578888, -0.020432791323210714]], "inverted": true, "swapped": true, "error_lsq": 0.04589173370353113, "error_max": 0.24441662069963982, "target": "296.xyz", "model": "21.xyz", "model_rescale": 4.08911054899281, "target_rescale": 4.110263885236424},
{"mapping": [9, 14, 15, 1, 12, 11, 4, 2, 0, 8, 5, 7, 3, 16], "R": [[-0.5137139585583479, 0.4652199628986118, -0.7208802639155317], [0.8573352891106896, 0.3104492659114564, -0.41060620470291065], [0.032774545424805845, -0.828970228304764, -0.5583316127146529]], "T": [0.09602832250485047, 0.0847402139289003, -0.0011662785669470151], "aligned_model": [[0.09148798567413638, -0.43762966295774086, -0.3077001989404219, 0.2235634428722401, -0.14948422885245516, 0.32404522642726996, -0.29453855912106786, -0.3897465409462104, 0.29775972299016135, 0.6718112654021684, 0.5625991416444027, 0.3398009306709593, -0.7182610807210951, 0.08846025960559972], [0.42256827296876714, 0.2681449923450553, -0.38983442416475916, -0.6694333444893609, 0.7656614438566216, -0.4726720549510388, 0.01615839112715317, -0.3993151164393151, 0.005182431395384074, -0.2972344897827011, 0.18230862789108737, 0.6445474201697845, 0.3150719202575809, 0.09801194351666911], [-0.6283817115956143, -0.3067712977554305, -0.37970189346211103, 0.21086064925509274, -0.14621582801068275, -0.47359922014299777, 0.5724592355325869, 0.2245925497310263, 0.7425099947374116, -0.058884096032713586, -0.5212827359805905, 0.36350754193310303, 0.19417674318742636, 0.043914050292901734]], "inverted": false, "swapped": false, "error_lsq": 0.044155532022580164, "error_max": 0.2261630756808424, "target": "296.xyz", "model": "22.xyz", "model_rescale": 4.204369325754507, "target_rescale": 4.110263885236424},
{"mapping": [11, 10, 2, 6, 14, 5, 12, 1, 0, 8, 9, 13, 3, 15], "R": [[0.4397718130451156, -0.828162620282519, 0.34748730454191307], [0.08603362134343451, -0.3462838162008218, -0.9341765007941112], [0.8939792886021165, 0.4407200846389779, -0.08103603239464424]], "T": [0.10841125437256396, 0.12688924165964385, 0.1345094626801944], "aligned_model": [[0.12449252924654397, -0.45530874164157586, -0.2766018968787084, 0.10570153183449393, -0.33205219156410803, 0.36780245761563524, -0.14142133802131981, -0.3124763823917275, 0.2603047350630773, 0.6100954935562132, 0.6957712732340302, 0.30035943428502365, -0.7312147296035871, 0.08671552901395581], [0.4244299290652701, 0.18396710641295713, -0.4366790484861711, -0.6155716966627813, 0.7343457730510183, -0.3636038465815241, 0.3907856094695017, -0.31121506262777143, -0.3615891664810609, -0.43843284192449883, 0.23874692449886373, 0.7570621764529286, 0.17664156020678337, 0.11027859730741307], [-0.5215577090609552, -0.41034457318220685, -0.40352486588884207, 0.050677081935219276, -0.05713467978113443, -0.4846798273003584, 0.5444868340605042, 0.3922644621724414, 0.5938475443368266, 0.10294965433534546, -0.3466411519816114, 0.0027224608390438165, 0.26860461063577573, 0.10551414056936088]], "inverted": true, "swapped": false, "error_lsq": 0.045058104059987614, "error_max": 0.276641084364222, "target": "296.xyz", "model": "23.xyz", "model_rescale": 4.410303926677745, "target_rescale": 4.110263885236424},
{"mapping": [11, 1, 7, 12, 10, 13, 4, 0, 5, 6, 14, 9, 3, 16], "R": [[0.1789543280447233, -0.4583122599291546, -0.8705890080127897], [-0.5676542497822252, 0.6746373902377538, -0.4718400623064688], [0.8035819816162139, 0.5786313715067861, -0.13943362123223746]], "T": [0.0920444362322683, 0.10365505700661426, -0.0006944719341495861], "aligned_model": [[0.08783166319180782, -0.6678433292620723, -0.1881528297950044, 0.1172434445666806, -0.18537017042029427, 0.4380387822115742, -0.14264143275722732, -0.4140948481850317, 0.24494012180320665, 0.7008042909666801, 0.6777076457372706, 0.38624728417870924, -0.7276675807361581, -0.024875337752194], [0.4044967787463174, 0.19143554498344323, -0.2676622493612739, -0.6810231876517009, 0.6922050363324344, -0.38786500855378603, 0.31283694604278317, -0.4317515409225755, -0.15964961283673168, -0.33918699106652644, 0.18922384000050863, 0.6542741035452734, 0.20349994769399665, 0.10833240674876618], [-0.5576486869417779, -0.38953958165382363, -0.47560903981434816, 0.17199280936532949, 0.02013829377268425, -0.3652250763159894, 0.6117186673656663, 0.16528326979528266, 0.5496650411120155, 0.10513770408959969, -0.3290640479059186, -0.052495374218237446, 0.3561727185937, 0.02665728444522607]], "inverted": true, "swapped": false, "error_lsq": 0.04209754875641201, "error_max": 0.24274853371337154, "target": "296.xyz", "model": "24.xyz", "model_rescale": 4.28219845311461, "target_rescale": 4.110263885236424},
{"mapping": [9, 7, 13, 14, 3, 11, 0, 2, 6, 10, 5, 1, 4, 15], "R": [[0.8986339995842028, 0.16859480334810575, -0.405009539486803], [0.12898802114147098, 0.7808568874593338, 0.6112484042591267], [0.41930779290791415, -0.6015299773006618, 0.6799578378218454]], "T": [0.010583540863029522, 0.009432680435281664, -0.07976675911381967], "aligned_model": [[0.04277012483231078, -0.5945068399921462, -0.4445358801689568, 0.17986987856891176, -0.14098646170166806, 0.39076577467991397, -0.17427745322615287, -0.3360601042951734, 0.3530133172529843, 0.6794419417112699, 0.7046856783907529, 0.21309599513597036, -0.5592180147773657, -0.01189025266270433], [0.22206781309338536, 0.24817148227106484, -0.3117208477485769, -0.7231505923044259, 0.7591662460785766, -0.23478057545816597, 0.16789657145408488, -0.39722153221403367, -0.26453910385700036, -0.38376051281874723, 0.4476533534259544, 0.5623400284885322, 0.3731711486740795, 0.023872534616200456], [-0.7205662660196291, -0.5068679429623053, -0.28626901302784724, 0.041923459321098505, -0.20212467561354255, -0.3835733192545113, 0.6988665179449932, 0.34831098965843144, 0.7075568367565507, 0.08676363217051117, -0.3066269481227961, 0.1715489172371453, 0.19892498267052264, -0.010683189069212742]], "inverted": true, "swapped": false, "error_lsq": 0.03450393647767685, "error_max": 0.21038065350332907, "target": "296.xyz", "model": "25.xyz", "model_rescale": 4.100010024507729, "target_rescale": 4.110263885236424},
{"mapping": [11, 10, 9, 5, 6, 7, 8, 2, 0, 1, 4, 13], "R": [[-0.019140298792464705, 0.8351368188358337, 0.5497091438087048], [0.8557803882973274, 0.2979800437709601, -0.4229040322814772], [-0.5169850829258146, 0.46233579500079913, -0.7203971381766923]], "T": [0.023696430999927756, 0.1528863727256927, -0.010223852606089153], "aligned_model": [[-0.51797899944683, 0.013194471837229091, 0.3011209386040821, 0.5831454183667923, -0.4889375384370304, 0.12602094729986196, -0.1849635316176101, 0.4317609132602549, 0.03898057234578041, 0.05720880528248788, -0.509134939229117, 0.02634854409710538], [-0.23933323343200888, -0.7178069767313516, -0.27379572656372275, -0.30818797403274134, 0.5924511205483972, 0.657905689478672, 0.23462619855410402, 0.4180113357726589, -0.31313492431624523, 0.40673844895207767, 0.12190459127527095, 0.08675284054552848], [0.023982715986254958, -0.07089534572381842, 0.6410049071323467, 0.05070265244194572, 0.27392045154917644, 0.21403863744728377, 0.6955986341277429, -0.274339360388797, -0.6583467915071091, -0.6967909053911491, -0.5273937785453693, -0.10628952727415115]], "inverted": true, "swapped": true, "error_lsq": 0.0505741492119862, "error_max": 0.2729297044380384, "target": "296.xyz", "model": "26.xyz", "model_rescale": 3.6694154284099745, "target_rescale": 4.110263885236424},
{"mapping": [12, 3, 7, 8, 6, 9, 0, 5, 4, 10, 11, 2, 1, 13], "R": [[0.3313191535010272, -0.0430357411868839, -0.9425367597626408], [-0.026503531229425448, 0.9981405381752679, -0.05489106378598752], [0.9431464262540221, 0.04316701323559489, 0.3295624790727614]], "T": [0.031096966527440636, -0.03505969935346013, -0.00042680876546701343], "aligned_model": [[0.19198158083238404, -0.39786020029081176, -0.4484191900124211, 0.1644330609114843, -0.2589519688710676, 0.25119488613571955, -0.10616826528642799, -0.5461284280603232, 0.4564884994697096, 0.6021764910923719, 0.716725233364947, 0.3528377271391291, -0.7337435074759757, 0.057601784799228416], [0.4983447284683428, 0.051624956279826086, -0.35765243343806563, -0.6505734346008984, 0.5744166949158235, -0.3050328649325248, 0.20649785170590945, -0.2959765465129654, -0.22329423074853313, -0.21941277450161006, 0.3475524979522844, 0.5192877792122164, 0.332311557933092, 0.011072231968031108], [-0.565518545227339, -0.67962688226851, -0.24967910715306726, 0.107839160431714, -0.12532905737251288, -0.5865453386906684, 0.5993577765603201, 0.47361089272302587, 0.6771721692299473, 0.04167830017334449, -0.34639972017828113, 0.22609339380413085, 0.2439173385793713, 0.02061360107793359]], "inverted": true, "swapped": false, "error_lsq": 0.04909458309705505, "error_max": 0.3626552598985029, "target": "296.xyz", "model": "27.xyz", "model_rescale": 4.103607728864725, "target_rescale": 4.110263885236424},
