[{"mapping": [3, 9, 6, 7, 8, 4, 1, 4, 10, 0, 5, 11], "R": [[0.07767415806205191, 0.014024211370840423, 0.9968801566210341], [0.9120183006495804, -0.40490733184165933, -0.06536567831148074], [0.40272738229427985, 0.9142501704218022, -0.04424117351633716]], "T": [-0.03248644743459681, -0.019069290621336037, -0.05932558281227021], "aligned_model": [[0.008033311785500465, -0.5055638547040986, -0.6051788841662925, -0.6837647546541152, -0.06870126354535, 0.6532943340221008, -0.00942061841299437, 0.6532943340221008, -0.34611271526474324, 0.4628156866349137, 0.023446672225134683, 0.005516933855437667], [0.36509805800339656, 0.031025430711124204, -0.45657934339936074, 0.06210551433653584, -0.5152744816997881, 0.20834112449219125, -0.48598725367724416, 0.20834112449219125, 0.5774927055192736, 0.048603351243946644, 0.3151089988801334, -0.003585913840584813], [-0.6292432190987022, -0.4375381025068914, 0.016587618170427643, 0.6232068541102124, -0.4537522377584988, -0.4203486978978155, 0.4729677036626042, -0.4203486978978155, 0.027355988773213435, 0.305211937246589, 0.6982248706104117, -0.0032161901752803257]], "inverted": true, "swapped": false, "error_lsq": 0.052644551340184725, "error_max": 0.410891564533598, "target": "297.xyz", "model": "0.xyz", "model_rescale": 3.751011558992144, "target_rescale": 3.942611859498183},
{"mapping": [11, 9, 5, 2, 10, 6, 8, 7, 3, 1, 0, 14], "R": [[-0.4892057474245667, 0.8476851322436167, 0.20520149429254547], [-0.708203621148217, -0.5234058670237584, 0.47380790343520085], [0.5090435813162995, 0.08646510821267839, 0.8563868386321956]], "T": [-0.05349921493622008, -0.014106501977916953, -0.029115679676316574], "aligned_model": [[0.11518428491047582, -0.5031636851647233, -0.5927660313040016, -0.578566402822137, -0.016479109819350954, 0.6030630228658885, -0.10854532359971897, 0.35901001045364656, -0.32045952397086636, 0.559934133178395, 0.14361474989071393, -0.07316694282072725], [0.1684417495616844, -0.10698233702928732, -0.32550007520534496, 0.06315438431192201, -0.6150025931016003, 0.08134887861265387, -0.49027498303568984, 0.5038624865976591, 0.6479662641905577, 0.011884583387866226, 0.4019700467299267, 0.013820910041467287], [-0.787372233664464, -0.5017313425694587, 0.018961241115600175, 0.6049768259120969, -0.5858985346730152, -0.3805983157747981, 0.42985246269089883, -0.06406263432892258, 0.24254170603392966, 0.300595618792872, 0.5738195647613104, -0.07197653105759483]], "inverted": true, "swapped": false, "error_lsq": 0.04742762602997964, "error_max": 0.2159290556101062, "target": "297.xyz", "model": "1.xyz", "model_rescale": 3.9405287249114394, "target_rescale": 3.942611859498183},
{"mapping": [10, 11, 5, 0, 9, 8, 2, 3, 6, 4, 1, 12], "R": [[-0.6532648219154531, 0.5392380921340565, 0.5314765775077906], [-0.7315541918811497, -0.2686409205132245, -0.626626300251534], [-0.19512441361574856, -0.7981568366038285, 0.5699755498209376]], "T": [-0.00890511552373316, 0.12780189814508672, 0.04871326172927745], "aligned_model": [[0.17051909361228942, -0.5529532099011418, -0.5055626914512749, -0.7075709511519135, 0.018228377491839934, 0.5514758634893888, -0.09080006919772368, 0.2769675728879307, -0.3755648453964372, 0.6685168087443412, 0.11686387109405172, 0.017539361576243577], [0.15471178436360053, 0.08160218906856939, -0.4024858814978405, 0.12909545883878637, -0.37535790131929025, -0.20254549908284866, -0.4425621690214301, 0.526160992208721, 0.5289347777531818, 0.16583513635068045, 0.13356526158397672, 0.05773516581570813], [-0.7750403000305428, -0.40898920376849324, 0.03448640642314705, 0.5121723916453764, -0.5809494232456233, -0.37263401263568885, 0.4122344783997971, -0.2452025710630026, 0.051671094790322364, 0.22576899079599344, 0.8306181651576118, 0.09497181076955732]], "inverted": true, "swapped": false, "error_lsq": 0.04936725046141948, "error_max": 0.25156667811767375, "target": "297.xyz", "model": "2.xyz", "model_rescale": 3.932901565614263, "target_rescale": 3.942611859498183},
{"mapping": [12, 9, 8, 7, 11, 10, 3, 6, 5, 2, 4, 13], "R": [[0.7411181715436117, -0.16125585194645692, -0.6517211106147142], [-0.10378788676133026, -0.9865752718107645, 0.12608452566883047], [-0.663303799453517, -0.025802776295178877, -0.7479052656359559]], "T": [0.011450567866493302, -0.11174884379107865, 0.07252243798227424], "aligned_model": [[0.0011727469414849062, -0.5898956208361004, -0.5618089383797908, -0.5758382431276853, 0.011634716009958981, 0.40670504831264065, -0.09944444751119495, 0.4037106636500248, -0.17767329517463243, 0.6472185682756773, 0.09705854194928158, 0.02481944168792971], [0.34933399452616515, 0.15493677244327986, -0.5350099108200205, 0.1023866724965392, -0.7465718031882398, -0.08680777571895948, -0.5589063590677048, 0.41719495974832166, 0.5732326448108208, 0.2460418622796553, 0.4673777490193728, -0.028519491467415434], [-0.5361045354307377, -0.2546693755085439, -0.10357507241380488, 0.4174577659677125, -0.555735848615778, -0.524383986101016, 0.2926086260478482, -0.10925415741692902, -0.03625352607134662, 0.4749956836563356, 0.7209899150472184, -0.006967661922504642]], "inverted": false, "swapped": false, "error_lsq": 0.04432155892760863, "error_max": 0.22091096220569684, "target": "297.xyz", "model": "3.xyz", "model_rescale": 3.9243930471874484, "target_rescale": 3.942611859498183},
{"mapping": [10, 6, 5, 0, 9, 8, 1, 4, 3, 7, 2, 12], "R": [[0.4832779533748223, 0.8603516036474379, -0.1619800539669173], [0.8525896014494205, -0.42050235477324976, 0.31027204374624284], [0.19883005628466124, -0.2880501479455172, -0.9367463482642483]], "T": [-0.025460422138982405, -0.019221805335702374, -0.19129203478192053], "aligned_model": [[0.0828651394814186, -0.6966532482680509, -0.657854570500012, -0.43227213369638445, 0.21225836330428344, 0.5678248808723109, 0.017231396795585954, 0.3397718140114397, -0.3258183204607529, 0.5265569241405, 0.06422187723326396, -0.11047294111600793], [0.3632432705915819, 0.15457571540753062, -0.33030275351341176, 0.03557604032692706, -0.6214199040879403, -0.07491070295463052, -0.5047949231636208, 0.4163340387645707, 0.5584407675115273, -0.007067189185135169, 0.4261630012398103, -0.06114804587539449], [-0.7736267820832248, -0.3933096742916681, 0.08606943437785386, 0.5535729065403729, -0.4715323257528, -0.39438724602289, 0.3307773627328325, -0.020225410957349393, -0.020867696109528766, 0.3901268104793654, 0.6117048204825182, -0.11919437215702765]], "inverted": false, "swapped": false, "error_lsq": 0.04950347195407321, "error_max": 0.23756333206034952, "target": "297.xyz", "model": "4.xyz", "model_rescale": 3.8936222436046832, "target_rescale": 3.942611859498183},
{"mapping": [8, 7, 5, 4, 6, 9, 1, 3, 10, 0, 2, 11], "R": [[-0.49526475560481664, 0.7599277040071919, 0.4209782732375381], [-0.5739589983494202, -0.649987918245841, 0.49808309984195265], [0.6521379379160762, 0.005058736679828341, 0.7580834512860524]], "T": [-0.028548929586371074, 0.07820042760008981, -0.09544614775388074], "aligned_model": [[0.16683781500770717, -0.5319342076272032, -0.5721932600364129, -0.6020002566667518, -0.18247592223591208, 0.46713267201839487, 0.20218289434540865, 0.3707920453097167, -0.3609908759160983, 0.7396017482372207, 0.019446712073730766, -0.12874018271220672], [0.49307427347838617, 0.06308972996180441, -0.49770641368229473, 0.0899694074656441, -0.6162315161067976, -0.14370525212576662, -0.5155370145722616, 0.48572324973766634, 0.6107954441031967, 0.0589895265927801, 0.3565454101499633, -0.030317529940505766], [-0.6747272007617485, -0.5030273740839141, 0.07762322903050475, 0.45377117306687176, -0.4541652364584797, -0.3905623332761211, 0.39173702349569806, -0.026642314087025915, -0.02269795051420588, 0.34306700646006627, 0.5954800089336977, -0.010748204566888825]], "inverted": true, "swapped": false, "error_lsq": 0.050068368259111706, "error_max": 0.2783612690010424, "target": "297.xyz", "model": "5.xyz", "model_rescale": 3.6523030999806103, "target_rescale": 3.942611859498183},
{"mapping": [0, 3, 4, 11, 2, 1, 10, 5, 7, 8, 9, 12], "R": [[0.9635887423615069, -0.029173271095636426, -0.26579250525127696], [0.08780257830127458, 0.9734324772340265, 0.21147084789557918], [0.25256176044250667, -0.22710819562403978, 0.9405500649314606]], "T": [0.06757307253327531, -0.031854109011224555, 0.04741429297878323], "aligned_model": [[0.00958206472818586, -0.38309017391143513, -0.3935595531573988, -0.7150055614522981, -0.05578561869972633, 0.3818885156008534, -0.05040330835477759, 0.3905789904597801, -0.3205990217993497, 0.6469223926872277, 0.037863568092366726, 0.0392668876041661], [0.442666297057819, 0.14781106936266403, -0.3708201667629202, 0.11395987821714153, -0.651345177372302, -0.17790287881375144, -0.590918147470814, 0.5324449082003655, 0.5300866477191142, 0.16697807352353083, 0.16028621961307377, 0.05144259178789366], [-0.8235800570238542, -0.44984194371591385, 0.007535537446341868, 0.4227514292960127, -0.3735668036600681, -0.5544581395863271, 0.5786411900018961, -0.15540909360480065, 0.06646870989302382, 0.3276342620960994, 0.7437348474956408, -0.01080211139959647]], "inverted": true, "swapped": false, "error_lsq": 0.05260954402050957, "error_max": 0.3006449869731414, "target": "297.xyz", "model": "6.xyz", "model_rescale": 4.08911054899281, "target_rescale": 3.942611859498183},
{"mapping": [12, 13, 2, 1, 7, 5, 6, 10, 11, 8, 9, 14], "R": [[0.8475338198309792, -0.4843948910269906, 0.21690554116863692], [0.2853451587478697, 0.07128017288277873, -0.9557705149945538], [0.4475092899838644, 0.8719407815332135, 0.1986320942783077]], "T": [0.040190582330967325, -0.027608484017430938, 0.041272577795811054], "aligned_model": [[-0.018400011919023115, -0.5466638593956092, -0.5849710653439395, -0.5894587093258224, -0.106253082556875, 0.5338144185501945, 0.030136572370934728, 0.47389168141725796, -0.11414497069836403, 0.549688186036055, -0.03266032933795618, -0.007319647999258286], [0.31924399269234566, 0.09719804569118912, -0.5367608557822475, 0.07762125825488003, -0.5809294873684364, -0.19826711043691506, -0.5096790447825966, 0.494843705099033, 0.5378166322071637, 0.253480160925082, 0.3264130363648258, 0.0737089821974912], [-0.5786164604012877, -0.3781552666774701, 0.05000870359116694, 0.40240209709989827, -0.4799558604175168, -0.5134457030712942, 0.1703069057119039, -0.2000197039720512, 0.009554476170858008, 0.39701172209699587, 0.7369153134604858, 0.16310160364676557]], "inverted": true, "swapped": false, "error_lsq": 0.04326481037011679, "error_max": 0.22602045185663652, "target": "297.xyz", "model": "7.xyz", "model_rescale": 3.964800864290218, "target_rescale": 3.942611859498183},
{"mapping": [8, 9, 11, 4, 10, 5, 6, 1, 7, 0, 2, 13], "R": [[0.49428327656165894, 0.6796742206346726, 0.5419658626852075], [-0.8692848825563799, 0.3902385215003219, 0.30341010084732456], [-0.005275933131829058, -0.6210932700825967, 0.7837189001087669]], "T": [-0.0038575299994341866, 0.01531102581056667, 0.05151543747531159], "aligned_model": [[-0.032280055032656366, -0.45275817217849623, -0.6715191109036988, -0.4662943468801402, -0.01774301498957749, 0.4785766143698265, -0.06735105420328434, 0.45619174005795743, -0.14323468644728388, 0.53287221253178, -0.021759941366824867, -0.007041003160007785], [0.3039640369950001, -0.06320791035723813, -0.47571780869119934, -0.06077910629592446, -0.5359238317522925, -0.15897260365347435, -0.43733839090305665, 0.6038731853826571, 0.7064943713959876, 0.04685112612460756, 0.4059280284307891, 0.019518218385958755], [-0.66047415557516, -0.4644106394997878, 0.06739062459029391, 0.5763543434294143, -0.5576490215351223, -0.6087521111865327, 0.4087029248142865, -0.01968248813978704, -0.04693635787433764, 0.5248924310832606, 0.5860307213403455, -0.026358444208418957]], "inverted": true, "swapped": false, "error_lsq": 0.04701029556226552, "error_max": 0.23785297072509265, "target": "297.xyz", "model": "8.xyz", "model_rescale": 4.121658175737393, "target_rescale": 3.942611859498183},
{"mapping": [8, 6, 9, 4, 7, 11, 5, 2, 1, 3, 0, 12], "R": [[0.3104472924913785, 0.9491712678255259, -0.051926707186731424], [0.2103244806081107, -0.12185783293379723, -0.97000736152341], [-0.9270307931464312, 0.2902147013629096, -0.2374643882167097]], "T": [0.03909625200945874, -0.035797776985431934, -0.02991837308012802], "aligned_model": [[0.09908867483219386, -0.4809443981159467, -0.6951272032101451, -0.6559078950813341, 0.007866298768898314, 0.5550764362075031, -0.03308799431734072, 0.2591226907100409, -0.28790332790888895, 0.7632585170956014, 0.06297529396850643, -0.006757911151494322], [0.18467016097075342, 0.1781548500475351, -0.4084853089880631, 0.042560196629832306, -0.5946197262451246, -0.2507096846253038, -0.47407126544655964, 0.6201026977729595, 0.5234746668529151, 0.25333192719581177, 0.24784783706234773, 0.03243296383471106], [-0.7215455380067995, -0.4348431138614378, -0.15324614095955263, 0.516851396764762, -0.40668571423298744, -0.3309323196391663, 0.39952742113623435, -0.09098705853627351, 0.20506529445835825, 0.09123037621344027, 0.7034295662425745, 0.0012436576593021637]], "inverted": false, "swapped": false, "error_lsq": 0.049083619189025984, "error_max": 0.3353140666764413, "target": "297.xyz", "model": "9.xyz", "model_rescale": 3.833441315466971, "target_rescale": 3.942611859498183},
{"mapping": [11, 7, 3, 4, 9, 8, 2, 10, 12, 0, 1, 14], "R": [[-0.3449016101749032, 0.6092879172133843, -0.7140105834205369], [-0.7592845910814339, 0.2661184469965804, 0.593858469598968], [0.5518421776604786, 0.7469599762409661, 0.3708382462058577]], "T": [-0.045575450266449366, 0.10429800338046728, 0.08522188508983132], "aligned_model": [[-0.04436957778875562, -0.44707667747689217, -0.6265258240656498, -0.6779786170872713, -0.07454513655672416, 0.35996387807746555, 0.06722391968232382, 0.6545991576342152, -0.06788083737051619, 0.4900572080105001, 0.03277143996775979, -0.07857975122886095], [0.39566244830802766, 0.021127959747779618, -0.5325687718918927, -0.1025699879716719, -0.551198497354374, -0.16689342356666054, -0.6014852897095089, 0.35601180007635974, 0.7061027145330431, 0.27332910031443747, 0.5322324495456358, 0.02493881303063948], [-0.531578234192901, -0.4399385524646948, -0.020698950841475786, 0.5247494141925781, -0.3916378650813653, -0.5226863526348168, 0.16135663577480847, -0.26427750907839853, 0.06641718749919322, 0.47038302715913943, 0.6821664449023522, 0.04485258200403501]], "inverted": true, "swapped": false, "error_lsq": 0.05612913190538895, "error_max": 0.2717759327852557, "target": "297.xyz", "model": "10.xyz", "model_rescale": 4.2482417240324, "target_rescale": 3.942611859498183},
{"mapping": [8, 10, 0, 4, 1, 3, 6, 7, 9, 2, 5, 11], "R": [[0.9004788550877274, -0.24340044611387582, 0.36040817744810116], [0.4212206762552399, 0.6943309352258165, -0.5835046651771703], [-0.10821725109692105, 0.6772449890696937, 0.7277556261170479]], "T": [0.001456173579327917, -0.02580248058247858, -0.03074405409588904], "aligned_model": [[-0.0003985153576174863, -0.5411186979187178, -0.5533625927938542, -0.597567050238767, 0.11261856280015312, 0.6485772468363904, -0.04005540151329829, 0.32407593933513335, -0.37875850147427614, 0.6507548013173878, 0.037363520721298525, -0.07447012991623811], [0.0980776260052259, 0.15254185597381012, -0.5206967081865341, 0.11602128624844651, -0.6101031042445474, 0.11401839780599865, -0.3612586485440338, 0.5692988600255376, 0.7049413157869406, -0.31373373036804597, 0.34676395230461776, 0.05881821225439905], [-0.6319994975436638, -0.32875104893270285, -0.17598632032090278, 0.5912662164951275, -0.41203430858587325, -0.499525522335673, 0.5226347371970683, -0.0488307300083661, -0.05833403561811884, 0.17725636368991954, 0.6204787079667871, 0.022933265234852576]], "inverted": false, "swapped": false, "error_lsq": 0.06421179279796126, "error_max": 0.5134165787674521, "target": "297.xyz", "model": "11.xyz", "model_rescale": 3.6694154284099745, "target_rescale": 3.942611859498183},
{"mapping": [1, 2, 8, 9, 4, 0, 11, 0, 10, 5, 7, 13], "R": [[0.16379252019004276, 0.8909265315961885, 0.42358225367427793], [0.9714204992510838, -0.2204407386812242, 0.08802326036026858], [0.1717970429447779, 0.3970589326884136, -0.901570840260358]], "T": [-0.024546795676312308, 0.05874998865440535, 0.023263391270191287], "aligned_model": [[-0.03975803163244036, -0.49233430309111775, -0.7126644506650848, -0.5665763943868583, 0.1331363153754837, 0.5827858393137568, -0.16678067778060895, 0.5827858393137568, -0.4221259192427251, 0.6246758146954001, 0.012446652060816618, 0.05206849783721537], [0.16594131501239018, 0.2656070286542335, -0.24701685130467216, -0.08842960355053193, -0.523529879965817, 0.046630994360769756, -0.6015511103409804, 0.046630994360769756, 0.5019069091962732, 0.414268518506414, 0.3273805871368538, 0.04685041299611216], [-0.8162317736687527, -0.38256734475342474, -0.05156029338435194, 0.5970476265452306, -0.4054146240734181, -0.35321777011612376, 0.32125773744827074, -0.35321777011612376, 0.2447844322312117, 0.33420931838725126, 0.7150974789335746, -0.07107919019488976]], "inverted": true, "swapped": false, "error_lsq": 0.06632025120827703, "error_max": 0.46758970056413884, "target": "297.xyz", "model": "12.xyz", "model_rescale": 3.9764082729961374, "target_rescale": 3.942611859498183},
{"mapping": [1, 9, 5, 6, 0, 2, 4, 8, 13, 3, 14, 15], "R": [[-0.9605063872202038, 0.2749628968602538, 0.042695262727958996], [-0.0915004344255595, -0.4570109341491684, 0.884742152589125], [0.26278346715333123, 0.8458938535172851, 0.4641211457933716]], "T": [-0.07091542414270174, 0.12307790060791064, -0.05355963182955835], "aligned_model": [[0.034573499510508726, -0.3762820802979201, -0.729190723412765, -0.4869156113080591, 0.0014575591407843397, 0.4670682445222129, -0.10931294932075292, 0.5672533539999192, -0.4001090553506595, 0.6279766156277697, 0.015990475751126332, -0.024850147064570373], [0.32683241970520494, -0.1323569806189679, -0.3953745883965096, 0.04722310311129922, -0.5213293931804645, -0.10106436648812346, -0.5198924925997036, 0.3968058060548081, 0.566302593931237, 0.17083536653016096, 0.44425126857183445, 0.07245657844103931], [-0.645740990194471, -0.5041185661309582, -0.08010304628113439, 0.5827175873716065, -0.38007046550166224, -0.5981634605500411, 0.26421139469406113, -0.18572044687001305, 0.2103796994332553, 0.4130371839630124, 0.6731473736750144, 0.029531563629784485]], "inverted": false, "swapped": false, "error_lsq": 0.04238052949850101, "error_max": 0.24713262946126896, "target": "297.xyz", "model": "13.xyz", "model_rescale": 4.170626492500431, "target_rescale": 3.942611859498183},
{"mapping": [8, 4, 2, 6, 0, 7, 3, 10, 12, 9, 11, 13], "R": [[0.26193007197127427, -0.749229717489347, 0.608315270092702], [0.2554970174814305, 0.6616654066973993, 0.704925644049115], [-0.93065241172804, -0.029218487483085365, 0.364736025824135]], "T": [-0.049837333083620525, -0.032936952105812586, -0.021239069333309414], "aligned_model": [[0.0017447509944296877, -0.5998018848211151, -0.5028407753667591, -0.632174280849214, 0.05207357524418023, 0.5331927497548751, -0.0410314158764838, 0.34582121869950966, -0.18456251774684046, 0.6468651787124019, 0.0475809082583981, -0.07920832520578795], [0.3366749743226662, 0.14476114055582873, -0.5048725170593897, 0.008386728261959644, -0.48752558688937314, -0.07689857596437731, -0.44673181543504914, 0.3630370465700581, 0.6773765293783487, 0.05642521772566224, 0.26679166935084575, 0.017264504244634632], [-0.6633314343781817, -0.4323661911455443, -0.09192761895713203, 0.5842898727809401, -0.39382697361537794, -0.5829980043061884, 0.5302769062597492, -0.09185923464285134, -0.1353004730835898, 0.3824024190248655, 0.6114789491114517, 0.06226961019031333]], "inverted": false, "swapped": false, "error_lsq": 0.041710916851508344, "error_max": 0.2189991032408802, "target": "297.xyz", "model": "14.xyz", "model_rescale": 3.9786697098870705, "target_rescale": 3.942611859498183},
{"mapping": [1, 0, 3, 2, 9, 6, 8, 1, 4, 7, 5, 11], "R": [[0.49064378181096263, -0.260391336278913, -0.8315437639481873], [0.5197993739035025, -0.6784463616962467, 0.519152333319087], [-0.699340611047123, -0.6869547920292919, -0.1975242350908593]], "T": [0.03379985520708126, 0.05976481766618164, 0.005165968687531185], "aligned_model": [[0.18911571124980528, -0.5323805362005843, -0.5756473625593853, -0.7405470884226828, 0.01241150093657048, 0.5842335303811351, -0.07857200765472128, 0.18911571124980528, -0.20677870315248367, 0.6430539982530692, 0.02501506063145502, 0.07863936708561128], [0.45634920272378215, 0.09455501099249697, -0.628475913661497, 0.08176468606349901, -0.5020447126141333, -0.1685235093939053, -0.24082795448399824, 0.45634920272378215, 0.5867611789056448, 0.018775349439393803, 0.19017013131383112, 0.009836643052918682], [-0.5232939653496128, -0.3973697352103014, -0.0017634469380744394, 0.3972759442668024, -0.26190491710318053, -0.5166222065008368, 0.41655954640846843, -0.5232939653496128, 0.2034373044603712, 0.2581585734539166, 0.7973634625529622, -0.06943876745244787]], "inverted": true, "swapped": false, "error_lsq": 0.06118697841687287, "error_max": 0.39434293411686366, "target": "297.xyz", "model": "15.xyz", "model_rescale": 3.769337070930944, "target_rescale": 3.942611859498183},
{"mapping": [8, 3, 0, 1, 7, 9, 5, 6, 4, 2, 11], "R": [[-0.9681991225209716, 0.24330951552129343, -0.05823176801724972], [-0.07690486095943891, -0.06795842598335522, 0.9947197066001432], [0.23806743059568375, 0.9675650531073654, 0.08450897286626441]], "T": [0.03887392396566479, -0.028397881369236745, -0.037586639777120595], "aligned_model": [[-0.3399700043175913, -0.5782878428794115, -0.02474878344507027, -0.48410582625264853, 0.313984962357381, 0.6726151003161573, 0.5603359626092341, 0.11201116648186306, 0.15830163003734307, -0.4975111141108899, 0.030000879894804086], [-0.05533881855206135, -0.687850211932513, 0.7181042107795079, 0.3142737238777428, 0.22900429408548287, -0.3606524286561335, 0.4877686738735984, -0.37378998863012036, 0.3798676510409685, -0.06777719245182595, 0.012454584190695707], [-0.5538881734930079, 0.015362929172836694, -0.2835031173603505, 0.07989069263935111, -0.5553660584907071, -0.37575044858219253, -0.06513176860519099, 0.3872526206772271, 0.5707321224849247, 0.5764640355295576, -0.05184522674867163]], "inverted": true, "swapped": true, "error_lsq": 0.05187839365925615, "error_max": 0.27996520330094554, "target": "297.xyz", "model": "16.xyz", "model_rescale": 3.7852294659196426, "target_rescale": 3.942611859498183},
{"mapping": [6, 10, 9, 0, 11, 7, 8, 5, 4, 1, 3, 12], "R": [[-0.17028598095527409, -0.48684052903807384, 0.8567315705493925], [-0.9729073073280742, -0.05491007627532113, -0.22458017470621644], [0.15637792695178027, -0.8717632607591164, -0.46430029200173556]], "T": [0.03502092393282673, -0.001641018978623978, 0.06237595295514024], "aligned_model": [[0.07706722677254506, -0.5233317783513756, -0.7104063223298831, -0.48580956661101493, 0.10581270625333443, 0.5509197075853087, -0.1845747248861122, 0.25416406774354344, -0.20366653535713214, 0.5613755319214347, 0.1760145042342307, -0.029905635177285186], [0.14151315889721142, 0.15201688411652145, -0.4310616087879266, 0.15627259941762464, -0.6123457156784985, -0.0544863167178152, -0.5666588025439581, 0.559390069344254, 0.6624347973035959, 0.36859506032208605, 0.017087945022658296, -0.03806875563393845], [-0.81234241639364, -0.49787986713731697, -0.02246485732426169, 0.4741356462030185, -0.3375745082495865, -0.4093048975244687, 0.30057453928003, -0.201118659924109, 0.12416828335626595, 0.30759060684080586, 0.8448498550015832, 0.008474103110133947]], "inverted": false, "swapped": false, "error_lsq": 0.05474955115690953, "error_max": 0.35351196557090686, "target": "297.xyz", "model": "17.xyz", "model_rescale": 3.901054581598922, "target_rescale": 3.942611859498183},
{"mapping": [11, 9, 5, 2, 10, 6, 8, 7, 3, 1, 0, 14], "R": [[-0.4892057474245667, 0.8476851322436167, 0.20520149429254547], [-0.708203621148217, -0.5234058670237584, 0.47380790343520085], [0.5090435813162995, 0.08646510821267839, 0.8563868386321956]], "T": [-0.05349921493622008, -0.014106501977916953, -0.029115679676316574], "aligned_model": [[0.11518428491047582, -0.5031636851647233, -0.5927660313040016, -0.578566402822137, -0.016479109819350954, 0.6030630228658885, -0.10854532359971897, 0.35901001045364656, -0.32045952397086636, 0.559934133178395, 0.14361474989071393, -0.07316694282072725], [0.1684417495616844, -0.10698233702928732, -0.32550007520534496, 0.06315438431192201, -0.6150025931016003, 0.08134887861265387, -0.49027498303568984, 0.5038624865976591, 0.6479662641905577, 0.011884583387866226, 0.4019700467299267, 0.013820910041467287], [-0.787372233664464, -0.5017313425694587, 0.018961241115600175, 0.6049768259120969, -0.5858985346730152, -0.3805983157747981, 0.42985246269089883, -0.06406263432892258, 0.24254170603392966, 0.300595618792872, 0.5738195647613104, -0.07197653105759483]], "inverted": true, "swapped": false, "error_lsq": 0.04742762602997964, "error_max": 0.2159290556101062, "target": "297.xyz", "model": "18.xyz", "model_rescale": 3.9405287249114394, "target_rescale": 3.942611859498183},
{"mapping": [9, 11, 14, 3, 13, 7, 12, 8, 2, 0, 1, 15], "R": [[-0.8222787627263142, 0.2180247530482889, -0.5256641926434737], [0.5187184487235421, -0.09278124116050246, -0.8498957655163127], [-0.23407009062057538, -0.971522953072623, -0.03680141749887206]], "T": [0.014359447207930198, -0.0013821292087522405, 0.007278436810384155], "aligned_model": [[0.11456337404238623, -0.46787056553165546, -0.6286677510670831, -0.5314115515687496, -0.14240607898389082, 0.525823208876508, -0.01320891833791532, 0.5541107869759141, -0.39127346110260997, 0.566850968704605, 0.01408111045873739, -0.012931940668651977], [0.13215174228949128, 0.06198345578090542, -0.43182663225737516, -0.102553491319962, -0.4871267459171927, -0.12827426620396112, -0.4303416219466316, 0.5015366719527049, 0.7575826451830218, 0.19661888387135323, 0.2573917429890687, 0.02754693064039201], [-0.7418128294357128, -0.5243720304629117, -0.02390672232014841, 0.6532869253434943, -0.4295356912905039, -0.4595499631504155, 0.3469441563356031, -0.1600933833773237, 0.12876793405612758, 0.3653607952832537, 0.6143660989942229, 0.009652537262769028]], "inverted": false, "swapped": false, "error_lsq": 0.0422245864528549, "error_max": 0.2360060758746507, "target": "297.xyz", "model": "19.xyz", "model_rescale": 4.410303926677745, "target_rescale": 3.942611859498183},
{"mapping": [8, 9, 11, 4, 10, 5, 6, 1, 7, 0, 2, 13], "R": [[0.49428327656165894, 0.6796742206346726, 0.5419658626852075], [-0.8692848825563799, 0.3902385215003219, 0.30341010084732456], [-0.005275933131829058, -0.6210932700825967, 0.7837189001087669]], "T": [-0.0038575299994341866, 0.01531102581056667, 0.05151543747531159], "aligned_model": [[-0.032280055032656366, -0.45275817217849623, -0.6715191109036988, -0.4662943468801402, -0.01774301498957749, 0.4785766143698265, -0.06735105420328434, 0.45619174005795743, -0.14323468644728388, 0.53287221253178, -0.021759941366824867, -0.007041003160007785], [0.3039640369950001, -0.06320791035723813, -0.47571780869119934, -0.06077910629592446, -0.5359238317522925, -0.15897260365347435, -0.43733839090305665, 0.6038731853826571, 0.7064943713959876, 0.04685112612460756, 0.4059280284307891, 0.019518218385958755], [-0.66047415557516, -0.4644106394997878, 0.06739062459029391, 0.5763543434294143, -0.5576490215351223, -0.6087521111865327, 0.4087029248142865, -0.01968248813978704, -0.04693635787433764, 0.5248924310832606, 0.5860307213403455, -0.026358444208418957]], "inverted": true, "swapped": false, "error_lsq": 0.04701029556226552, "error_max": 0.23785297072509265, "target": "297.xyz", "model": "20.xyz", "model_rescale": 4.121658175737393, "target_rescale": 3.942611859498183},
{"mapping": [0, 3, 4, 11, 2, 1, 10, 5, 7, 8, 9, 12], "R": [[0.9635887423615069, -0.029173271095636426, -0.26579250525127696], [0.08780257830127458, 0.9734324772340265, 0.21147084789557918], [0.25256176044250667, -0.22710819562403978, 0.9405500649314606]], "T": [0.06757307253327531, -0.031854109011224555, 0.04741429297878323], "aligned_model": [[0.00958206472818586, -0.38309017391143513, -0.3935595531573988, -0.7150055614522981, -0.05578561869972633, 0.3818885156008534, -0.05040330835477759, 0.3905789904597801, -0.3205990217993497, 0.6469223926872277, 0.037863568092366726, 0.0392668876041661], [0.442666297057819, 0.14781106936266403, -0.3708201667629202, 0.11395987821714153, -0.651345177372302, -0.17790287881375144, -0.590918147470814, 0.5324449082003655, 0.5300866477191142, 0.16697807352353083, 0.16028621961307377, 0.05144259178789366], [-0.8235800570238542, -0.44984194371591385, 0.007535537446341868, 0.4227514292960127, -0.3735668036600681, -0.5544581395863271, 0.5786411900018961, -0.15540909360480065, 0.06646870989302382, 0.3276342620960994, 0.7437348474956408, -0.01080211139959647]], "inverted": true, "swapped": false, "error_lsq": 0.05260954402050957, "error_max": 0.3006449869731414, "target": "297.xyz", "model": "21.xyz", "model_rescale": 4.08911054899281, "target_rescale": 3.942611859498183},
{"mapping": [14, 2, 1, 0, 11, 9, 8, 12, 13, 10, 7, 16], "R": [[0.3477227186290073, 0.9312481315277539, -0.1089303836187105], [0.9312046178206541, -0.35655706059420617, -0.0756638770478306], [-0.10930174151742465, -0.07512642721763595, -0.9911655508716852]], "T": [-0.06498568222147053, 0.0033707829777176596, -0.05488510145627828], "aligned_model": [[0.0869891005702998, -0.6906872886334356, -0.647466292485587, -0.5684549016432465, -0.010691353999350589, 0.5858925245413805, -0.07417391344885135, 0.38503317423300953, -0.1415961992941292, 0.6386727780762267, 0.11480681968705195, -0.09066526580577391], [0.3373236842146368, 0.025086133035327043, -0.5357862710633147, 0.10115419788855588, -0.7057370662783891, 0.017826459829503524, -0.6319680859315485, 0.5841216524783283, 0.6471805001316479, 0.08521975945348782, 0.39629093940195065, 0.03397741190162873], [-0.5813845896781589, -0.41444006620939405, -0.049946375894234986, 0.5256633866499923, -0.3379243466233309, -0.3441880653720504, 0.22264348467509604, -0.12686400422487945, 0.0730595850307908, 0.33150967790322533, 0.5099906326149101, -0.029011491633511532]], "inverted": false, "swapped": false, "error_lsq": 0.04467200969417939, "error_max": 0.23840740104060595, "target": "297.xyz", "model": "22.xyz", "model_rescale": 4.204369325754507, "target_rescale": 3.942611859498183},
{"mapping": [9, 11, 14, 3, 13, 7, 12, 8, 2, 0, 1, 15], "R": [[-0.8222787627263142, 0.2180247530482889, -0.5256641926434737], [0.5187184487235421, -0.09278124116050246, -0.8498957655163127], [-0.23407009062057538, -0.971522953072623, -0.03680141749887206]], "T": [0.014359447207930198, -0.0013821292087522405, 0.007278436810384155], "aligned_model": [[0.11456337404238623, -0.46787056553165546, -0.6286677510670831, -0.5314115515687496, -0.14240607898389082, 0.525823208876508, -0.01320891833791532, 0.5541107869759141, -0.39127346110260997, 0.566850968704605, 0.01408111045873739, -0.012931940668651977], [0.13215174228949128, 0.06198345578090542, -0.43182663225737516, -0.102553491319962, -0.4871267459171927, -0.12827426620396112, -0.4303416219466316, 0.5015366719527049, 0.7575826451830218, 0.19661888387135323, 0.2573917429890687, 0.02754693064039201], [-0.7418128294357128, -0.5243720304629117, -0.02390672232014841, 0.6532869253434943, -0.4295356912905039, -0.4595499631504155, 0.3469441563356031, -0.1600933833773237, 0.12876793405612758, 0.3653607952832537, 0.6143660989942229, 0.009652537262769028]], "inverted": false, "swapped": false, "error_lsq": 0.0422245864528549, "error_max": 0.2360060758746507, "target": "297.xyz", "model": "23.xyz", "model_rescale": 4.410303926677745, "target_rescale": 3.942611859498183},
{"mapping": [1, 7, 12, 6, 0, 3, 5, 10, 11, 8, 15, 16], "R": [[0.0022139717813206665, -0.9974691263891686, 0.07106644939337209], [0.9103794428201413, 0.031415665165870785, 0.4125800844353439], [-0.4137684961659613, 0.06378399393746909, 0.9081449409086328]], "T": [-0.08604124281677415, 0.12342660559188535, 0.057122181677303166], "aligned_model": [[0.04916435089611505, -0.515927334691482, -0.5502701279167054, -0.5783790210519809, -0.16754365575805252, 0.5178368239825877, -0.010760779515415528, 0.45244705286517584, -0.19744657489293344, 0.6435680066038376, -0.034570144286341586, -0.020459414437211054], [0.2930970710726009, 0.136835714587075, -0.5324322116842131, -0.12726030860922327, -0.4676627098545878, -0.2273718134207321, -0.40707833909511826, 0.45681460772183347, 0.7157297265968251, 0.24203320068400255, 0.18889392332186694, 0.08309045374148508], [-0.773098710701731, -0.4497792293396157, 0.03439359122892578, 0.5792885085603606, -0.40586441525174044, -0.5099075655943678, 0.3865146359559413, -0.09343259813710654, -0.13649432444645465, 0.4167184636589167, 0.7659091363823552, -0.035139665077028856]], "inverted": false, "swapped": false, "error_lsq": 0.04337792650222417, "error_max": 0.22882459070346228, "target": "297.xyz", "model": "24.xyz", "model_rescale": 4.28219845311461, "target_rescale": 3.942611859498183},
{"mapping": [9, 11, 14, 6, 13, 7, 2, 3, 1, 4, 0, 15], "R": [[0.7458410939299661, -0.32783203497815167, -0.5798682776695372], [-0.5956960171629173, -0.7178300947795538, -0.3603695466670487], [-0.29810621889116795, 0.6142036403920614, -0.7306754206811329]], "T": [-0.1235768459898225, 0.053346044211295185, -0.11559202936987316], "aligned_model": [[0.032523110222485954, -0.5371088866304795, -0.6582288686179073, -0.64651997031166, 0.12192847883124407, 0.5628022130766301, -0.08761360013812168, 0.40491588494471037, -0.040420068671146184, 0.5154652973572733, 0.024958017041999722, -0.10504242530743485], [0.21175391265830618, 0.01879243586187815, -0.48087381209249136, 0.042765049055970034, -0.467385122583992, -0.07764613694663852, -0.44535838377642994, 0.6112746217715126, 0.6467356008056049, 0.09204770074885579, 0.14396986333360068, 0.058613586225638045], [-0.7538814893826947, -0.4681177316416417, -0.021246999161131083, 0.6183123691910429, -0.2621616181307274, -0.45804033422881535, 0.35214781588725835, -0.21283646649003068, 0.1099100401493482, 0.23764428506185475, 0.6814518150374542, -0.044073859053463074]], "inverted": false, "swapped": false, "error_lsq": 0.04260670547284957, "error_max": 0.25463458602392447, "target": "297.xyz", "model": "25.xyz", "model_rescale": 4.100010024507729, "target_rescale": 3.942611859498183},
{"mapping": [8, 10, 0, 4, 1, 3, 6, 7, 9, 2, 5, 11], "R": [[0.9004788550877274, -0.24340044611387582, 0.36040817744810116], [0.4212206762552399, 0.6943309352258165, -0.5835046651771703], [-0.10821725109692105, 0.6772449890696937, 0.7277556261170479]], "T": [0.001456173579327917, -0.02580248058247858, -0.03074405409588904], "aligned_model": [[-0.0003985153576174863, -0.5411186979187178, -0.5533625927938542, -0.597567050238767, 0.11261856280015312, 0.6485772468363904, -0.04005540151329829, 0.32407593933513335, -0.37875850147427614, 0.6507548013173878, 0.037363520721298525, -0.07447012991623811], [0.0980776260052259, 0.15254185597381012, -0.5206967081865341, 0.11602128624844651, -0.6101031042445474, 0.11401839780599865, -0.3612586485440338, 0.5692988600255376, 0.7049413157869406, -0.31373373036804597, 0.34676395230461776, 0.05881821225439905], [-0.6319994975436638, -0.32875104893270285, -0.17598632032090278, 0.5912662164951275, -0.41203430858587325, -0.499525522335673, 0.5226347371970683, -0.0488307300083661, -0.05833403561811884, 0.17725636368991954, 0.6204787079667871, 0.022933265234852576]], "inverted": false, "swapped": false, "error_lsq": 0.06421179279796126, "error_max": 0.5134165787674521, "target": "297.xyz", "model": "26.xyz", "model_rescale": 3.6694154284099745, "target_rescale": 3.942611859498183},
{"mapping": [4, 0, 1, 6, 5, 8, 7, 10, 2, 9, 12, 13], "R": [[0.2529898743245113, 0.8233853431948279, 0.5079691920788146], [-0.3354207429884565, -0.4178354459308001, 0.8443378857405851], [0.9074629737142668, -0.38399233942325617, 0.17047238662585512]], "T": [0.04507768098529273, 0.035033733113688376, 0.023571491779010176], "aligned_model": [[0.07715574567715706, -0.46900976178273135, -0.6812161382133967, -0.5044263900664689, -0.2072605377719624, 0.5392323102068596, 0.2027221807472172, 0.41741015254170966, -0.3528875970688744, 0.6111521437915695, -0.05608947463243226, 0.01087654836894697], [0.36566870963843734, 0.05646400619173794, -0.46419592080439553, 0.0471953601992989, -0.5700868110796139, -0.12011852733847722, -0.5518539745600359, 0.46127758331026647, 0.5857242316951838, 0.07509083132954716, 0.3887795622524399, 0.08074426422742566], [-0.7282144352993235, -0.39138415370273927, 0.07755014069096987, 0.43477436449339496, -0.4192976198903039, -0.3507227386407606, 0.18739931296557583, -0.18032904938487132, 0.0013620694853900411, 0.40148506246874227, 0.7266802375279204, 0.01980463652445958]], "inverted": false, "swapped": false, "error_lsq": 0.04422756460091739, "error_max": 0.30464951438980586, "target": "297.xyz", "model": "27.xyz", "model_rescale": 4.103607728864725, "target_rescale": 3.942611859498183},
{"mapping": [1, 0, 9, 6, 3, 2, 10, 4, 7, 13, 11, 14], "R": [[0.8367114808279452, -0.5191465442761394, -0.17435814697584273], [0.5459184160829373, 0.815926846950054, 0.1903587754941699], [0.04343939263161775, -0.25446069636052937, 0.9661070195250165]], "T": [-0.018698623539657393, -0.0331606945836998, 0.11208425369916741], "aligned_model": [[-0.13388533613460005, -0.2935681478609254, -0.7485588245341467, -0.5223109962835328, 0.08876944872286205, 0.42547190161092374, -0.12210053602096652, 0.6508233389258906, -0.3076743923183018, 0.5605892547086355, 0.011565889592194449, -0.021462418610438717], [0.4438477953459635, -0.13117470584007437, -0.401437019953836, 0.05966388442181354, -0.5798688067798037, -0.06652230163490096, -0.4631896068355769, 0.45970779316762367, 0.6275629842342048, 0.13589816755750378, 0.26223035023314983, 0.007970781145747792], [-0.637619523703255, -0.5394767481866743, 0.06965123319456212, 0.48494540534090447, -0.3909979523764987, -0.4735096789832839, 0.36537944794577604, -0.24906707565256297, 0.10778647851781636, 0.34812913968446835, 0.7316723615145041, -0.03778526005730218]], "inverted": false, "swapped": false, "error_lsq": 0.04896292772924168, "error_max": 0.3150246209997079, "target": "297.xyz", "model": "28.xyz", "model_rescale": 4.137296879288765, "target_rescale": 3.942611859498183},
{"mapping": [10, 9, 5, 4, 1, 7, 8, 6, 2, 3, 11], "R": [[0.09469207391646514, 0.9566618345649085, 0.275375281069857], [-0.808160609056334, 0.2353962784932419, -0.5398750059423273], [-0.5813001299734023, -0.1714255709001318, 0.795426572685669]], "T": [0.007119250527769924, -0.0179543388571317, -0.0780216133006128], "aligned_model": [[0.5197492559742732, 0.32337022204855853, -0.13540262771202766, -0.6810814808402744, -0.1106973335691466, 0.4238135562839154, 0.5614848732342863, -0.3450954980118714, -0.5143845890310719, 0.16581926127551525, 0.01384337105774154], [-0.3694449870064889, -0.7366154504049718, -0.2191496226506771, 0.08465005666869398, 0.6070636970882823, -0.13658479352190295, 0.29356240168111813, -0.24685334619579508, 0.4362994230086212, 0.19653786631941156, 0.009682571661660842], [0.4180096004424226, -0.17745628603331665, -0.7696264691409633, -0.33657050580457815, -0.09231423612893513, -0.5495406061244474, 0.0023020229243258805, 0.2807027608014487, 0.3555739773302322, 0.7864881206525844, -0.11181435713577446]], "inverted": false, "swapped": true, "error_lsq": 0.05203182790658449, "error_max": 0.269856708304113, "target": "297.xyz", "model": "29.xyz", "model_rescale": 3.607286011436655, "target_rescale": 3.942611859498183},
