[{"mapping": [9, 6, 5, 11, 10, 7, 2, 3, 1, 0, 12, 13], "R": [[-0.39628987471748284, 0.47347823261985755, 0.7866210640655246], [-0.31230091957476447, -0.8751959240829603, 0.36945937544110347], [0.8633785211766382, -0.09924947205778865, 0.4946989705539036]], "T": [-0.0591934706071233, -0.02137831533029448, 0.09593594430898612], "aligned_model": [[-0.195655548184504, 0.11302860878144025, 0.5246906389448256, -0.15564020245783822, -0.14938017940011403, -0.5389848847157761, 0.4170304799368654, -0.24326773010352687, 0.4247586765566748, 0.38474202748063985, -0.6751613872537723, -0.0685180371243653], [-0.28636915271643754, -0.6879638250911952, -0.29960311597014483, 0.7046957133496665, 0.287558350183139, -0.547401822912106, -0.42005157841194446, -0.6581184039186987, 0.26957506075204996, 0.4117999559514063, 0.2902722205750051, -0.010838365813682638], [-0.5509687171256722, 0.018702268158519747, -0.4397275448625867, 0.010084302989018579, -0.690438098561512, 0.05582999477210339, 0.49719748593551183, 0.6378515601366972, -0.11392941136498998, 0.5241900454218861, 0.2177649986016313, 0.015394861252954861]], "inverted": true, "swapped": true, "error_lsq": 0.04565355853590978, "error_max": 0.2532765643113213, "target": "298.xyz", "model": "0.xyz", "model_rescale": 3.751011558992144, "target_rescale": 4.002814348726049},
{"mapping": [1, 6, 7, 3, 0, 11, 12, 13, 5, 9, 10, 4, 8, 14], "R": [[-0.1813717081619562, 0.3886096859582502, -0.9033752351364546], [0.7886787970013831, 0.606212120156485, 0.10243349323258968], [0.5874436642256564, -0.6938943560476696, -0.4164379473659008]], "T": [-0.0015501937505104854, 0.031944146794270614, 0.09363118762178989], "aligned_model": [[-0.14627224812185793, 0.395828941657407, -0.13696812742462794, -0.622817580465516, -0.6668064591690473, 0.5770419764988588, -0.04937922467061103, -0.27095101188770637, -0.010469941186812375, 0.33388280027234407, 0.772750857705786, 0.3814382080619898, -0.15688914070901278, 0.015500609804847867], [0.2804614445863467, -0.13951954427928231, -0.3540096628840496, -0.4084561534691178, 0.04366143313086544, -0.5046133990251407, -0.7092501709255453, -0.2873784111243949, 0.23521233931452973, -0.21422443826676818, 0.23302831252628392, 0.679683740498176, 0.6662577096908213, -0.017306151839423106], [-0.5411760501382231, -0.5198961309680428, -0.42826790591207287, 0.1526252487211932, -0.27078797353987677, -0.024977789597690883, 0.11147695065708398, 0.6877342944070254, 0.6841297286960586, 0.6045865238148899, 0.2738443617639563, -0.1499407170290023, 0.21167511005399298, 0.11058673615246431]], "inverted": true, "swapped": false, "error_lsq": 0.04090896633875742, "error_max": 0.23175133525170127, "target": "298.xyz", "model": "1.xyz", "model_rescale": 3.9405287249114394, "target_rescale": 4.002814348726049},
{"mapping": [11, 10, 1, 7, 9, 0, 12, 8, 6, 2, 3, 4, 13], "R": [[0.15669941825137973, -0.08371915885534494, 0.9840916597351248], [0.44366848711672263, 0.896173526032269, 0.00559327975777324], [-0.8823851573203381, 0.4357339941747071, 0.17757342273357973]], "T": [-0.11115220763244348, -0.040819318130253815, -0.020404043743576183], "aligned_model": [[-0.27383611902102817, 0.32539847348193757, -0.4171069366713373, 0.44078143548607607, 0.4912222591986901, -0.8476612442899606, 0.10530735730186457, 0.5856834945063516, 0.08031989516309083, -0.5296662825088302, -0.08202450367231738, -0.32423873554159466, -0.058195814149010955], [0.6776418455382673, 0.4999190388254217, 0.16700998046529697, -0.3919473966373142, -0.05826652897086608, 0.11865105748653916, 0.3657627975409828, 0.3030462875730168, -0.6752495599919704, -0.6474858552668247, -0.7414716275307485, -0.15393239039644693, -0.004845055063337135], [0.014287061758410248, -0.5092651417841229, -0.4959097763424036, 0.26347505877572897, -0.40009902665094227, -0.004676535501453832, 0.5080097044714611, 0.16787926281079343, -0.22239025427829467, -0.07991982657026472, 0.4707494213733973, 0.47224087969472933, -0.07126047816839465]], "inverted": false, "swapped": true, "error_lsq": 0.03344977385801556, "error_max": 0.17614346593404615, "target": "298.xyz", "model": "2.xyz", "model_rescale": 3.932901565614263, "target_rescale": 4.002814348726049},
{"mapping": [6, 10, 2, 4, 5, 1, 0, 7, 8, 3, 11, 12, 9, 13], "R": [[-0.6984812538361689, -0.7150001291195014, -0.029979216109669138], [-0.13519613302680084, 0.17297866107859544, -0.9756025770907211], [0.70274173325202, -0.6773870372029221, -0.21748760464769884]], "T": [0.0765605669626789, -0.07093385955975402, 0.14681718407352978], "aligned_model": [[-0.09109017280040813, 0.5095108756566233, -0.15994262729926376, -0.6659193774219805, -0.4712525591258633, 0.5049002662083367, -0.0347711625082022, -0.4879396613681728, 0.27354176480477976, 0.2692969986514252, 0.884809976788263, 0.02254969767656157, -0.19513067789774488, 0.057326319001687304], [0.02593836825982107, 0.2217594548050032, -0.6216464401493739, -0.4808740629358622, 0.3052720347756918, -0.5582833706261946, -0.7294099346773059, 0.006052239332853607, 0.2452665187526476, -0.3190109890936486, 0.26340461810504007, 0.5591710669988011, 0.5755813224038184, 0.01032622198200972], [-0.5083173529613609, -0.343111478314398, -0.4319588916781541, -0.0627036177106462, -0.1273535466893168, -0.21065194330056142, 0.20126747015004068, 0.5771138028597531, 0.7792746561486836, 0.5493043065797432, 0.32753622633751345, -0.281178630958733, 0.36589462779069415, 0.0664967588284984]], "inverted": true, "swapped": false, "error_lsq": 0.05238796993457729, "error_max": 0.2962207762864964, "target": "298.xyz", "model": "3.xyz", "model_rescale": 3.9243930471874484, "target_rescale": 4.002814348726049},
{"mapping": [4, 0, 3, 7, 6, 12, 8, 2, 5, 1, 9, 10, 13], "R": [[-0.36467770727442317, -0.893129063126167, 0.26330713324261734], [0.6460473165531053, -0.44633862007853126, -0.6191968192755228], [0.670546817598594, -0.05569840954432914, 0.7397733792065178]], "T": [-0.07599268042998308, -0.06475828470909205, -0.1660529682623717], "aligned_model": [[-0.036453614951585764, -0.43334934845211104, 0.5950706631922644, 0.4082341795346188, 0.590673185378692, -0.41759886948745106, -0.2173888711429792, 0.39225067507983313, 0.19043250130537498, -0.35052355327354, 0.11530459570956908, -0.46459603325632165, -0.09484962332501161], [-0.38205230094462966, 0.2495644600050968, -0.4261271056846986, -0.5318080986806353, 0.0958644494260062, -0.6762540938414322, -0.5976169956216556, 0.25517778163120286, 0.6398476591168402, 0.4708174723998674, -0.014240756782147465, 0.09407315615047766, -0.0494160734927053], [-0.6117665821958321, -0.7505366209580759, -0.5560278035734141, 0.07037426817048228, -0.06746956282123862, -0.13843166581060698, 0.4130349918477023, -0.6405311237468956, 0.20517897159769583, -0.13962526379813817, 0.5181845745653897, 0.5726754314953226, -0.08798929940142762]], "inverted": false, "swapped": true, "error_lsq": 0.04300099142883356, "error_max": 0.23825414778622475, "target": "298.xyz", "model": "4.xyz", "model_rescale": 3.8936222436046832, "target_rescale": 4.002814348726049},
{"mapping": [0, 4, 2, 1, 6, 7, 8, 9, 10, 11, 5, 13], "R": [[-0.8735072151499579, -0.40809332599887094, 0.2654147365090053], [-0.4680790665998549, 0.8538704165467742, -0.22761216829784695], [-0.13374278482211355, -0.3230559533910774, -0.936881912775889]], "T": [-0.15053644713437514, -0.1383290922960887, -0.06725310560356332], "aligned_model": [[0.07600585180343819, -0.5171356477919677, -0.5021987499376408, 0.35855602672650894, -0.5285489483204409, -0.6836850802865742, -0.12297392701368867, -0.016081796727877823, 0.4997087923343016, 0.3931692396499647, 0.1700641058795443, -0.0993318241004704], [-0.5103920285058272, -0.5208562134204331, 0.08910331127183915, -0.012687891071917146, 0.43561840278207664, 0.04916397762822594, -0.21281030116689723, 0.37629350635658254, 0.08592377721019145, -0.6238233737604433, 0.6143274819613181, -0.10093774417490833], [-0.6823721791039788, -0.20930057571459276, -0.6766368706899081, -0.3638102787143844, -0.15473195461513728, 0.36761227870243773, 0.7283391336105528, 0.40646961017146965, 0.4315969922299293, 0.04470849651673564, -0.25695928195028694, -0.01563065116731885]], "inverted": true, "swapped": true, "error_lsq": 0.04682073031028174, "error_max": 0.35491379984413385, "target": "298.xyz", "model": "5.xyz", "model_rescale": 3.6523030999806103, "target_rescale": 4.002814348726049},
{"mapping": [8, 7, 3, 12, 4, 9, 6, 11, 5, 1, 2, 0, 13], "R": [[-0.6064082184486115, 0.7548440489813867, -0.2499590652794318], [-0.6635970746591336, -0.6536104398082243, -0.3639125107461133], [-0.43807304767792055, -0.05480743280874936, 0.8972670450914226]], "T": [0.10583213858109479, -0.07306828246335562, -0.023885965771239942], "aligned_model": [[0.11810861213157116, -0.02715799093035974, 0.21212821654508382, 0.6165165781736117, 0.5498118892832015, -0.4559345946772388, -0.3947082536087578, 0.49173842701015763, -0.6719880044496399, -0.07584543829786199, -0.02010785388349602, 0.4811701124159184, 0.05735120495210425], [-0.6158512023604529, 0.07887708666009072, 0.6491560097406934, -0.3951660068237545, 0.22985588299974724, -0.3927330986541384, 0.3609287389423164, -0.6324282965138378, -0.06795666833248368, -0.24405256307223483, 0.6185782015638643, 0.09000603803156101, -0.13838721801818807], [0.5630638993391777, 0.6600257602751659, 0.4234249145597432, 0.33225910082079235, 0.08574243852430015, 0.27538018031816947, 0.1787655291190491, -0.31032737820651235, -0.34048470740873393, -0.5722149264822204, -0.25302501959488044, -0.6568566504682024, -0.01564340131405902]], "inverted": false, "swapped": true, "error_lsq": 0.051810633142136124, "error_max": 0.26963226969406257, "target": "298.xyz", "model": "6.xyz", "model_rescale": 4.08911054899281, "target_rescale": 4.002814348726049},
{"mapping": [9, 1, 3, 4, 8, 2, 6, 5, 12, 7, 13, 11, 10, 14], "R": [[-0.9402510287707609, 0.2844610575936393, -0.18710935200634327], [0.17684682122409576, -0.06158636810668444, -0.9823096869553718], [-0.29095223786466773, -0.9567073878548948, 0.0076006121730853304]], "T": [0.03335960685852169, -0.039385647294971675, 0.06307333282283782], "aligned_model": [[-0.06610240478886781, 0.5643554677605824, -0.3651057124241306, -0.5946888825033076, -0.5576570816136145, 0.6764541772441925, 0.04943275184364226, -0.31981277908655836, 0.196621030666632, 0.3238717976622894, 0.6851064011397391, 0.1514168319740955, -0.37511476856904935, 0.04711283106039686], [0.1936975736118831, 0.023983800785293226, -0.5161974558471173, -0.334639300019639, 0.1601144914915819, -0.5214992430994386, -0.5357527478366784, -0.12981387679979106, 0.40937679215626366, -0.4910460272036536, 0.17428121238284539, 0.5280507530923115, 0.5016726196139062, 0.04131845560553516], [-0.6787735707081611, -0.4388965543320363, -0.4271585763997047, 0.18648267309058428, -0.2126945802065055, -0.0012337241165902152, 0.013030131850258801, 0.7320974211020351, 0.5921857012712818, 0.6206525045577503, 0.3189387497341501, -0.02971398350159392, 0.30736728471399793, -0.08067108997371063]], "inverted": true, "swapped": false, "error_lsq": 0.04389036626037736, "error_max": 0.29329796127235686, "target": "298.xyz", "model": "7.xyz", "model_rescale": 3.964800864290218, "target_rescale": 4.002814348726049},
{"mapping": [7, 2, 1, 5, 8, 0, 3, 10, 11, 6, 4, 12, 9, 13], "R": [[-0.10549162331031303, -0.7663533174998519, 0.6336987534849078], [-0.6929546062793664, -0.40040255869545, -0.5995762708999954], [0.713221866635876, -0.5023747443364441, -0.4888089455046104]], "T": [0.07958581023246816, -0.08224629480931664, 0.05248033034374348], "aligned_model": [[0.005343444802290043, 0.5979791441760737, -0.10419592096490718, -0.6710931421784044, -0.6111349117779229, 0.41657148689485746, 0.08718875339498838, -0.5017333347801544, 0.2557188824692199, 0.44859746191618854, 0.69765574881975, 0.10878553169483393, -0.31826172206843806, 0.004468237967666183], [0.25274658538038475, -0.07850905045207543, -0.34352217250882333, -0.43794725228754516, 0.17562088955296853, -0.6812153387934222, -0.7441286849400973, -0.08231100757928325, 0.4119085662058215, -0.21988768750812415, 0.21797830775980062, 0.6629729846064794, 0.43104249653577564, -0.06120158803855762], [-0.5713153143663275, -0.35966419780328834, -0.6265477119217014, 0.14749960325596154, -0.16538885247427684, -0.14959913569845804, 0.3488189754652315, 0.6331713501307578, 0.6942913918667064, 0.47838063688991606, 0.20396674571083548, -0.06781322369009157, 0.2807535975262757, 0.05505852219021451]], "inverted": true, "swapped": false, "error_lsq": 0.04977708719452017, "error_max": 0.3293739232908432, "target": "298.xyz", "model": "8.xyz", "model_rescale": 4.121658175737393, "target_rescale": 4.002814348726049},
{"mapping": [2, 4, 3, 6, 0, 1, 12, 10, 8, 11, 5, 9, 13], "R": [[-0.1086853372804184, 0.11262114919621319, 0.9876760472006834], [0.30968338352888897, -0.9402828818331246, 0.1412950958019908], [0.9446076960444167, 0.3212235652708546, 0.06731806361104187]], "T": [-0.05540761646959694, -0.05577151879273462, -0.09318745166447619], "aligned_model": [[-0.5055084715525593, -0.10564483227843818, 0.08867826600757647, 0.023977475421346067, -0.7374552898225504, -0.4849198852150436, 0.34221473122615753, 0.2322296537696267, 0.6837960484858618, -0.1562747407869803, -0.2763056905827514, 0.3914848694328965, -0.019534637669944663], [0.29931313259758446, -0.35693322532243443, 0.1224517409502077, 0.5750364829802703, -0.3745885067764228, 0.02917221863624324, -0.6321887259677714, 0.0011590884752089026, -0.23631943354946605, -0.6280500156249147, 0.658166191735313, 0.36672321904279226, -0.03355472776490051], [-0.5601612808637062, -0.5489037063134665, -0.9180932258350898, -0.36839827861074803, -0.12910980876813696, 0.3205888016162857, -0.1251955947434037, 0.7042981894397343, 0.15228056311831706, 0.3608820549322635, 0.28990790598018307, 0.2661355034141182, -0.02315568940726198]], "inverted": false, "swapped": true, "error_lsq": 0.04338812134759535, "error_max": 0.3341578309441861, "target": "298.xyz", "model": "9.xyz", "model_rescale": 3.833441315466971, "target_rescale": 4.002814348726049},
{"mapping": [3, 2, 8, 11, 7, 13, 10, 12, 1, 0, 5, 4, 6, 14], "R": [[-0.675255446848213, -0.6682491637063019, 0.31220688126248597], [-0.559454976830462, 0.1881889990927097, -0.8072143640447135], [0.48066642320995057, -0.719741589618324, -0.5009309670725504]], "T": [-0.026978734528372177, -0.031085217674166936, 0.08371946451473525], "aligned_model": [[-0.006445289069275082, 0.4425894838520189, -0.18439625369986737, -0.6444001645442538, -0.5402016699895097, 0.6836767696139534, -0.14407278333584606, -0.3631640818843689, 0.23278836793968583, 0.389005070611951, 0.6144834565163069, 0.16176241279503129, -0.19641800922235753, -0.029317649217427428], [0.4300741973256982, -0.09838335508356483, -0.6749961492985909, -0.31919706434276807, 0.07794201089298722, -0.3844108725491422, -0.8122835346853654, -0.01744796353009797, 0.18066156288214694, -0.3237455251793452, 0.18258471305534593, 0.7324954768802863, 0.5513941495446558, -0.02114059797894405], [-0.6519654009828447, -0.4563054459439637, -0.32635101621900175, 0.050261690979684887, -0.3269254657223669, 0.007454941608986243, 0.31125477331891593, 0.5835329245508877, 0.7419696345209499, 0.5366326791327438, 0.1012300221647753, -0.04755841747999745, 0.3890679326629335, -0.010686465509947146]], "inverted": false, "swapped": false, "error_lsq": 0.050916100134513795, "error_max": 0.2797321879467755, "target": "298.xyz", "model": "10.xyz", "model_rescale": 4.2482417240324, "target_rescale": 4.002814348726049},
{"mapping": [7, 4, 11, 0, 9, 10, 8, 1, 2, 5, 6, 13], "R": [[-0.34469409250497085, -0.4445361371534631, 0.8267851022828439], [-0.9382550669554166, 0.19072252402708673, -0.2886214617127844], [-0.029383871845989673, -0.8752214243226768, -0.48282921046879884]], "T": [0.006731867681176715, -0.07653416918461395, -0.011124693659503408], "aligned_model": [[-0.6980585627162539, -0.012052763819130285, 0.520212564405724, 0.6767423434076615, -0.3851158842012235, 0.08025612477449566, -0.40898382845608405, 0.4864775717446951, 0.023873431042716983, 0.03683973326540968, -0.44070989916955605, -0.002715227915448322], [-0.16059210954220152, -0.6232776666873384, -0.0016462035285467191, -0.3799069829238606, 0.5148757489586917, 0.6724591535089731, 0.15801239682816806, 0.2468432976584741, -0.3622770660990955, 0.5758612152368942, 0.026032574430773225, -0.000252967790292144], [0.057531920387161935, 0.029101437664482102, 0.5128842167768877, -0.17597193990205706, 0.0522577295165769, 0.38328984362488505, 0.6303131618220047, -0.17898799721652198, -0.6928853629745, -0.5390819320086853, -0.5300058511179965, 0.0167470632821188]], "inverted": true, "swapped": true, "error_lsq": 0.044934241756464634, "error_max": 0.24341909222503127, "target": "298.xyz", "model": "11.xyz", "model_rescale": 3.6694154284099745, "target_rescale": 4.002814348726049},
{"mapping": [0, 5, 1, 3, 4, 12, 2, 8, 9, 10, 7, 6, 11, 13], "R": [[-0.8871771295481274, -0.2963694175584086, 0.35366920864394585], [0.43775393004839636, -0.782942935688123, 0.4420088869957793], [0.14590489208360674, 0.5469602616206717, 0.8243459435661207]], "T": [0.0922099752095579, -0.0018929567115097412, 0.05085798672553592], "aligned_model": [[0.018838810328281858, 0.7159450555747648, -0.3241175408624235, -0.708512089069591, -0.564986015651508, 0.5040838798694616, -0.10989695073509459, -0.3644785327539707, 0.17681114775990817, 0.45865758076356866, 0.7148649841940643, 0.12582506380704095, -0.2745707233458141, 0.04742499048735275], [0.03345615406941527, 0.253686275492947, -0.609202466233123, -0.3152601924859179, 0.16617637220858958, -0.4948130119689978, -0.5961535630102519, -0.15646912147164305, 0.2179572311481494, -0.3179723051812747, 0.2820262008363142, 0.5155136651794252, 0.5451424727019532, -0.02054066335228355], [-0.6591455181647012, -0.3852665345574013, -0.3666585436148972, 0.09437869355534405, -0.24498788534771354, -0.17085851255146484, 0.23063756198082247, 0.6340729276291313, 0.8184482442140396, 0.46236592730882936, 0.3404369400929766, -0.17500756375896015, 0.38440379623411874, -0.06120714593836803]], "inverted": false, "swapped": false, "error_lsq": 0.043026758955909496, "error_max": 0.3543506603198839, "target": "298.xyz", "model": "12.xyz", "model_rescale": 3.9764082729961374, "target_rescale": 4.002814348726049},
{"mapping": [2, 8, 0, 5, 9, 3, 4, 6, 13, 14, 11, 10, 12, 15], "R": [[-0.6760606951887208, 0.32656080345305505, 0.6605300735538383], [-0.03216542730592151, -0.9086538317960032, 0.41630949934954464], [0.7361435469439174, 0.2602042574796505, 0.6248091089943334]], "T": [-0.028966619447235234, -0.024225526651683676, 0.044644527655348265], "aligned_model": [[0.05181188187121309, 0.5432380687982, -0.4259961117813401, -0.8025304527742331, -0.5727877665761952, 0.7201063858995438, -0.24925512144860845, -0.12810321804852287, 0.04564885364196962, 0.49177065802149145, 0.6858821284885763, 0.3303255804309456, -0.2891072587871292, 0.01488603263013051], [0.009221112680540433, 0.1398496156596908, -0.35499745825912543, -0.2840791009045881, 0.09936172469214674, -0.3996901623057173, -0.707752744225523, -0.37169475949423003, 0.23650859726130405, -0.2133896024021659, 0.24825327180882586, 0.685770045677485, 0.5380082598331261, -0.12182175208846766], [-0.7482083401254558, -0.3365561794190161, -0.46532159374867815, 0.23673570796082039, -0.18004164850651774, -0.03510123930152373, 0.05592462078370436, 0.7177684930174584, 0.5932161218797485, 0.6207154259612717, 0.25746198632246564, -0.06920757525864768, 0.197724742075935, 0.05650186544019107]], "inverted": false, "swapped": false, "error_lsq": 0.04717368043413448, "error_max": 0.26599811062431317, "target": "298.xyz", "model": "13.xyz", "model_rescale": 4.170626492500431, "target_rescale": 4.002814348726049},
{"mapping": [8, 0, 4, 5, 12, 2, 6, 11, 9, 3, 1, 7, 10, 13], "R": [[-0.05195280655637266, -0.7973812282835723, -0.6012354635846908], [0.661881129962295, -0.4783179131262224, 0.5771701168480671], [-0.7478063089401907, -0.36796080058011277, 0.5526215464001479]], "T": [0.09251669886968614, -0.057267679442162156, 0.02575737160043519], "aligned_model": [[-0.15799808406601687, 0.6082925685730713, -0.13814057377537026, -0.6952246844455069, -0.6052619218783675, 0.45944169601573137, -0.1637428928313219, -0.2688041029010837, 0.09864582276230391, 0.4121967947388949, 0.6888925440503303, 0.34500989081410627, -0.19277019575463092, 0.02535279906390167], [0.33555267735338334, 0.060609286408875224, -0.3357349169909213, -0.4795667450447969, 0.05276096847510167, -0.551982246135385, -0.7977130150626087, -0.14119158895601663, 0.4229738895859251, -0.3727801686604595, 0.3250824107419934, 0.6659695218159678, 0.42243087373905513, -0.10286389933681181], [-0.5525944275863759, -0.24981236491167275, -0.5844199393354335, 0.19412257156775248, -0.16582763368603193, -0.20566369746471252, 0.33163478765013993, 0.6274746696323134, 0.67816591513863, 0.5489496019347655, 0.32401687223132336, -0.2399585323775415, 0.10839507973836669, 0.08712948455023273]], "inverted": false, "swapped": false, "error_lsq": 0.04818489850930791, "error_max": 0.2923209747576694, "target": "298.xyz", "model": "14.xyz", "model_rescale": 3.9786697098870705, "target_rescale": 4.002814348726049},
{"mapping": [6, 9, 2, 3, 1, 0, 8, 12, 4, 7, 10, 13], "R": [[0.7638231080256177, 0.06556851717711175, 0.6420864655179088], [-0.5208313482240755, -0.5249362446968093, 0.6731839612696545], [0.3811941321074838, -0.8486122250821083, -0.36680829473720444]], "T": [0.06930258918219963, 0.11110843473495585, -0.035546550322204426], "aligned_model": [[0.07367175434808071, -0.5748816693701311, 0.5933348404182786, 0.589696477983319, -0.038504367439410755, 0.5631645198384934, -0.4885058463060598, 0.02547050652467185, 0.5354564735805595, -0.050742109417442935, -0.7331400215916325, -0.011665961801389055], [-0.3804233610072331, -0.1443957847913323, -0.029846055865658083, -0.5680582892486181, 0.6138913766085998, 0.6770442109803929, -0.15032038907725442, 0.0744073918826263, -0.00729085153856035, -0.5782078133164676, 0.3869332099457618, 0.1209408456521822], [-0.5237464390502213, -0.20008201257542385, -0.5378039323489483, -0.06582145138750406, -0.3493840700281813, -0.09832239684747114, 0.47413852250835864, 0.6631068911789229, 0.2282367341248034, 0.10208120588902382, 0.008795200165877273, -0.04123175775540621]], "inverted": true, "swapped": true, "error_lsq": 0.0556836253347165, "error_max": 0.286131730551519, "target": "298.xyz", "model": "15.xyz", "model_rescale": 3.769337070930944, "target_rescale": 4.002814348726049},
{"mapping": [4, 3, 11, 12, 0, 2, 1, 6, 10, 8, 13], "R": [[0.6070986779031541, -0.5300436560100894, -0.5920176669759953], [0.5700006708532399, 0.8095760007576748, -0.14030657227680313], [0.5536519037401557, -0.2522705328029168, 0.7936177592293621]], "T": [0.028755120469062895, 0.027653824428746476, 0.012928900690592035], "aligned_model": [[-0.2826680652954836, -0.26591206433520964, -0.07954196582479578, -0.6127810578539651, 0.3080612532336149, 0.39285658097034715, 0.535427144200476, 0.2525807113703057, 0.14850262940200049, -0.5160075459503272, 0.04210851077420836], [-0.14436656840874204, -0.7467255927560348, 0.7429240300499045, 0.30738169348673067, 0.2666297106088213, -0.5062471304589111, 0.34975535871570096, -0.5795243459686408, 0.5910287986606986, 0.2496507310182678, 0.06555781267754715], [-0.4045924040349336, -0.2027133413278217, -0.13030603072102748, -0.026675398481050147, -0.6451002220065795, -0.3464042920251228, -0.03647835877837054, 0.26031220941296007, 0.63761187112877, 0.5544315921227873, 0.08413198193416567]], "inverted": false, "swapped": true, "error_lsq": 0.04085168907897485, "error_max": 0.23197003252544496, "target": "298.xyz", "model": "16.xyz", "model_rescale": 3.7852294659196426, "target_rescale": 4.002814348726049},
{"mapping": [4, 7, 6, 3, 12, 8, 10, 9, 2, 0, 11, 5, 13], "R": [[0.11204109872742188, -0.6218672512790732, -0.7750663932738684], [0.7701541719844404, 0.5472253092611559, -0.3277300905913182], [0.6279405573546857, -0.5602013769089138, 0.5402453828941475]], "T": [0.0418631969638035, 0.12366677157319185, -0.06535426752573749], "aligned_model": [[-0.0025364018530793786, -0.30499788424285024, 0.33643312671767955, 0.13111477518576814, -0.5844596483832739, -0.7127067138760993, -0.2894571886187105, -0.17404005812476142, 0.6727136536578469, 0.4627320937251729, -0.23078190348082153, 0.5372022237086813, 0.012549775800730488], [-0.16346673783818316, -0.44629632276499454, -0.3496418245472132, -0.7105211873792728, 0.14378397749207883, 0.1425840354733925, 0.7086146713592015, 0.14959553082305316, -0.2466681665166479, 0.4306111779156788, 0.7431487956014935, 0.3074972391089052, 0.16581443497538245], [-0.5306310448114905, 0.18631710590775163, 0.3459476368063037, -0.23611261439714198, -0.379519575540916, 0.19835113793570402, 0.45428252647113987, 0.6129090791082665, -0.17315121310074655, -0.6101278163026371, -0.3582068629298138, 0.5874172656302807, -0.0017209276335263674]], "inverted": false, "swapped": true, "error_lsq": 0.03632504741277901, "error_max": 0.2085971071325971, "target": "298.xyz", "model": "17.xyz", "model_rescale": 3.901054581598922, "target_rescale": 4.002814348726049},
{"mapping": [1, 6, 7, 3, 0, 11, 12, 13, 5, 9, 10, 4, 8, 14], "R": [[-0.1813717081619562, 0.3886096859582502, -0.9033752351364546], [0.7886787970013831, 0.606212120156485, 0.10243349323258968], [0.5874436642256564, -0.6938943560476696, -0.4164379473659008]], "T": [-0.0015501937505104854, 0.031944146794270614, 0.09363118762178989], "aligned_model": [[-0.14627224812185793, 0.395828941657407, -0.13696812742462794, -0.622817580465516, -0.6668064591690473, 0.5770419764988588, -0.04937922467061103, -0.27095101188770637, -0.010469941186812375, 0.33388280027234407, 0.772750857705786, 0.3814382080619898, -0.15688914070901278, 0.015500609804847867], [0.2804614445863467, -0.13951954427928231, -0.3540096628840496, -0.4084561534691178, 0.04366143313086544, -0.5046133990251407, -0.7092501709255453, -0.2873784111243949, 0.23521233931452973, -0.21422443826676818, 0.23302831252628392, 0.679683740498176, 0.6662577096908213, -0.017306151839423106], [-0.5411760501382231, -0.5198961309680428, -0.42826790591207287, 0.1526252487211932, -0.27078797353987677, -0.024977789597690883, 0.11147695065708398, 0.6877342944070254, 0.6841297286960586, 0.6045865238148899, 0.2738443617639563, -0.1499407170290023, 0.21167511005399298, 0.11058673615246431]], "inverted": true, "swapped": false, "error_lsq": 0.04090896633875742, "error_max": 0.23175133525170127, "target": "298.xyz", "model": "18.xyz", "model_rescale": 3.9405287249114394, "target_rescale": 4.002814348726049},
{"mapping": [4, 7, 13, 14, 12, 9, 11, 10, 6, 5, 8, 0, 1, 15], "R": [[0.13071333585149847, -0.6277150139511729, 0.7673903081814706], [0.5481702961557233, 0.6907120981038413, 0.4716207416405015], [-0.8260891902471068, 0.3590134521062808, 0.43438000755514883]], "T": [-0.07080088461251563, -0.0010834739870918542, 0.03470970727519232], "aligned_model": [[0.06476852040832462, 0.45094768280657116, -0.187235454563514, -0.6966075715399136, -0.5015149117509782, 0.4771152184179479, -0.05687463319267169, -0.4534999275088668, 0.3080385304863683, 0.5250601336774767, 0.6356492680820026, 0.1939399572228193, -0.26933194817786044, -0.07456520400166437], [0.39546913342596035, -0.1249408961794756, -0.5314618997391966, -0.4567012904417982, 0.1837590819293997, -0.5338425227570042, -0.6881416443743138, -0.3550535182729148, 0.40565096578327364, -0.20239380484266528, 0.24885506815457648, 0.6299226116774802, 0.5413042454640405, -0.008878481894061067], [-0.5644830785561157, -0.42142987695898826, -0.36085515692410985, 0.011964202176711652, -0.24894099086923202, -0.03575721368935578, 0.25143610604878597, 0.6230554281409396, 0.5340405081121149, 0.5784802842027241, 0.13830054879096712, -0.0317573106701331, 0.35395945679373364, 0.07359948048371344]], "inverted": true, "swapped": false, "error_lsq": 0.045330459577466876, "error_max": 0.2925079887008539, "target": "298.xyz", "model": "19.xyz", "model_rescale": 4.410303926677745, "target_rescale": 4.002814348726049},
{"mapping": [7, 2, 1, 5, 8, 0, 3, 10, 11, 6, 4, 12, 9, 13], "R": [[-0.10549162331031303, -0.7663533174998519, 0.6336987534849078], [-0.6929546062793664, -0.40040255869545, -0.5995762708999954], [0.713221866635876, -0.5023747443364441, -0.4888089455046104]], "T": [0.07958581023246816, -0.08224629480931664, 0.05248033034374348], "aligned_model": [[0.005343444802290043, 0.5979791441760737, -0.10419592096490718, -0.6710931421784044, -0.6111349117779229, 0.41657148689485746, 0.08718875339498838, -0.5017333347801544, 0.2557188824692199, 0.44859746191618854, 0.69765574881975, 0.10878553169483393, -0.31826172206843806, 0.004468237967666183], [0.25274658538038475, -0.07850905045207543, -0.34352217250882333, -0.43794725228754516, 0.17562088955296853, -0.6812153387934222, -0.7441286849400973, -0.08231100757928325, 0.4119085662058215, -0.21988768750812415, 0.21797830775980062, 0.6629729846064794, 0.43104249653577564, -0.06120158803855762], [-0.5713153143663275, -0.35966419780328834, -0.6265477119217014, 0.14749960325596154, -0.16538885247427684, -0.14959913569845804, 0.3488189754652315, 0.6331713501307578, 0.6942913918667064, 0.47838063688991606, 0.20396674571083548, -0.06781322369009157, 0.2807535975262757, 0.05505852219021451]], "inverted": true, "swapped": false, "error_lsq": 0.04977708719452017, "error_max": 0.3293739232908432, "target": "298.xyz", "model": "20.xyz", "model_rescale": 4.121658175737393, "target_rescale": 4.002814348726049},
{"mapping": [8, 7, 3, 12, 4, 9, 6, 11, 5, 1, 2, 0, 13], "R": [[-0.6064082184486115, 0.7548440489813867, -0.2499590652794318], [-0.6635970746591336, -0.6536104398082243, -0.3639125107461133], [-0.43807304767792055, -0.05480743280874936, 0.8972670450914226]], "T": [0.10583213858109479, -0.07306828246335562, -0.023885965771239942], "aligned_model": [[0.11810861213157116, -0.02715799093035974, 0.21212821654508382, 0.6165165781736117, 0.5498118892832015, -0.4559345946772388, -0.3947082536087578, 0.49173842701015763, -0.6719880044496399, -0.07584543829786199, -0.02010785388349602, 0.4811701124159184, 0.05735120495210425], [-0.6158512023604529, 0.07887708666009072, 0.6491560097406934, -0.3951660068237545, 0.22985588299974724, -0.3927330986541384, 0.3609287389423164, -0.6324282965138378, -0.06795666833248368, -0.24405256307223483, 0.6185782015638643, 0.09000603803156101, -0.13838721801818807], [0.5630638993391777, 0.6600257602751659, 0.4234249145597432, 0.33225910082079235, 0.08574243852430015, 0.27538018031816947, 0.1787655291190491, -0.31032737820651235, -0.34048470740873393, -0.5722149264822204, -0.25302501959488044, -0.6568566504682024, -0.01564340131405902]], "inverted": false, "swapped": true, "error_lsq": 0.051810633142136124, "error_max": 0.26963226969406257, "target": "298.xyz", "model": "21.xyz", "model_rescale": 4.08911054899281, "target_rescale": 4.002814348726049},
{"mapping": [0, 4, 7, 10, 6, 3, 12, 9, 11, 14, 15, 1, 8, 16], "R": [[-0.0945367105085384, 0.6200710072751164, -0.7788290931282984], [0.9899937753319578, 0.14088393110209896, -0.008002672128516575], [0.10476227932897567, -0.7717925005427573, -0.6271851408760861]], "T": [0.047765547854105604, -0.015058668476894774, 0.08505807495382581], "aligned_model": [[-0.037991545213522084, 0.47545065223446287, -0.3826682715220491, -0.6589126524005314, -0.5637055787875852, 0.6961283518230054, -0.037223428628731785, -0.14544450590125035, 0.04440889159834523, 0.42300950490371514, 0.5840196267768131, 0.27585454752943084, -0.30958680260852783, 0.05255087056246678], [0.20381747709435172, -0.07858708228201552, -0.3808021360754494, -0.3787780347789948, 0.2202208859746175, -0.561840704654608, -0.7439533224363628, -0.36976166684411677, 0.5462282528122053, -0.4371075199228779, 0.2032852421774002, 0.7332165642286333, 0.5742648011691308, -0.02665570852861164], [-0.653060040301273, -0.46206328086984105, -0.3470930919492322, 0.22451972945642676, -0.27034412128588237, -0.10184805827196697, 0.1654257509174382, 0.6719168907176122, 0.6054797838659655, 0.38983557681041126, 0.5280755886179263, -0.04932185514228951, 0.16094722966828076, 0.03914228484818019]], "inverted": true, "swapped": false, "error_lsq": 0.045252448131442524, "error_max": 0.24888398488108646, "target": "298.xyz", "model": "22.xyz", "model_rescale": 4.204369325754507, "target_rescale": 4.002814348726049},
{"mapping": [4, 7, 13, 14, 12, 9, 11, 10, 6, 5, 8, 0, 1, 15], "R": [[0.13071333585149847, -0.6277150139511729, 0.7673903081814706], [0.5481702961557233, 0.6907120981038413, 0.4716207416405015], [-0.8260891902471068, 0.3590134521062808, 0.43438000755514883]], "T": [-0.07080088461251563, -0.0010834739870918542, 0.03470970727519232], "aligned_model": [[0.06476852040832462, 0.45094768280657116, -0.187235454563514, -0.6966075715399136, -0.5015149117509782, 0.4771152184179479, -0.05687463319267169, -0.4534999275088668, 0.3080385304863683, 0.5250601336774767, 0.6356492680820026, 0.1939399572228193, -0.26933194817786044, -0.07456520400166437], [0.39546913342596035, -0.1249408961794756, -0.5314618997391966, -0.4567012904417982, 0.1837590819293997, -0.5338425227570042, -0.6881416443743138, -0.3550535182729148, 0.40565096578327364, -0.20239380484266528, 0.24885506815457648, 0.6299226116774802, 0.5413042454640405, -0.008878481894061067], [-0.5644830785561157, -0.42142987695898826, -0.36085515692410985, 0.011964202176711652, -0.24894099086923202, -0.03575721368935578, 0.25143610604878597, 0.6230554281409396, 0.5340405081121149, 0.5784802842027241, 0.13830054879096712, -0.0317573106701331, 0.35395945679373364, 0.07359948048371344]], "inverted": true, "swapped": false, "error_lsq": 0.045330459577466876, "error_max": 0.2925079887008539, "target": "298.xyz", "model": "23.xyz", "model_rescale": 4.410303926677745, "target_rescale": 4.002814348726049},
{"mapping": [8, 10, 15, 6, 5, 11, 14, 13, 0, 7, 1, 3, 2, 16], "R": [[0.889320320195778, -0.2337761500858972, -0.3930115516596113], [-0.4432206923906393, -0.6521712711303351, -0.6150024804413436], [-0.11253793104389945, 0.7211250548713859, -0.6836035907696065]], "T": [0.027572573765936748, -0.11495739438472329, 0.042177159908731804], "aligned_model": [[-0.011339753476054482, 0.4639500401977574, -0.44421137638092123, -0.621218806185585, -0.5401005453126915, 0.5268719723416517, -0.07970199788219291, -0.18627543983563674, -0.025172922637765993, 0.32207690979097575, 0.7783943830836, 0.34764109202451904, -0.19862123230741238, 0.08359733694579809], [0.09683107055041786, 0.04807034638313805, -0.4235081266141213, -0.4609317086056465, 0.15292257898459716, -0.5031855786903573, -0.7785526740702204, -0.5622804114918383, 0.42919701558301204, -0.17324912502610573, 0.19793331010077758, 0.7249289314728433, 0.7648130881607131, -0.009441668803907635], [-0.7511311938626642, -0.4125541990344219, -0.3954648637353404, 0.2352305436132385, 0.0023075828966010806, 0.01571068860176101, -0.03709112549894303, 0.5405322233664898, 0.5632334925714876, 0.6353046056432733, 0.31549266856101266, 0.0047861463988748965, 0.1301215247890455, 0.05513429277134144]], "inverted": false, "swapped": false, "error_lsq": 0.04969930979599694, "error_max": 0.3551356990310408, "target": "298.xyz", "model": "24.xyz", "model_rescale": 4.28219845311461, "target_rescale": 4.002814348726049},
{"mapping": [12, 11, 9, 7, 13, 5, 3, 4, 0, 1, 8, 14, 2, 15], "R": [[-0.9825262228086948, -0.08735655115286425, 0.164350401471843], [-0.05963169734001478, 0.984212598522737, 0.16664219628134613], [-0.17631302324453468, 0.1539298342745773, -0.9722239062862903]], "T": [0.04602449596429843, 0.010007665027945707, 0.05167202812071288], "aligned_model": [[-0.12800193042016889, 0.3142822088012502, -0.061563450619774376, -0.6206447264543041, -0.4743041221537691, 0.7005110940068722, -0.05958766516395651, -0.39999526298099564, 0.07560369693754594, 0.3557811829957765, 0.7214185382582046, 0.17017427434717286, -0.22061407901924013, 0.042829901831428464], [0.21618385271458898, 0.05060112099287032, -0.49766426908423456, -0.38395339272069884, 0.2034590943387552, -0.5134533707293145, -0.691621873486125, -0.13784562943957152, 0.27381232573218467, -0.34947283979915056, 0.012423288094247888, 0.695710700811086, 0.5920102377150871, 0.03335780279357684], [-0.6636083943597837, -0.4204159319936134, -0.3814188687398541, -0.025092798509519634, -0.15987260216318616, -0.09970999835778398, 0.3624893490122234, 0.6118990811725941, 0.8230904255525552, 0.48144168774690166, 0.2122432251889378, -0.2558061079148392, 0.29448244821057656, 0.12189087223654768]], "inverted": false, "swapped": false, "error_lsq": 0.041352369728342706, "error_max": 0.2602543819190099, "target": "298.xyz", "model": "25.xyz", "model_rescale": 4.100010024507729, "target_rescale": 4.002814348726049},
{"mapping": [7, 4, 11, 0, 9, 10, 8, 1, 2, 5, 6, 13], "R": [[-0.34469409250497085, -0.4445361371534631, 0.8267851022828439], [-0.9382550669554166, 0.19072252402708673, -0.2886214617127844], [-0.029383871845989673, -0.8752214243226768, -0.48282921046879884]], "T": [0.006731867681176715, -0.07653416918461395, -0.011124693659503408], "aligned_model": [[-0.6980585627162539, -0.012052763819130285, 0.520212564405724, 0.6767423434076615, -0.3851158842012235, 0.08025612477449566, -0.40898382845608405, 0.4864775717446951, 0.023873431042716983, 0.03683973326540968, -0.44070989916955605, -0.002715227915448322], [-0.16059210954220152, -0.6232776666873384, -0.0016462035285467191, -0.3799069829238606, 0.5148757489586917, 0.6724591535089731, 0.15801239682816806, 0.2468432976584741, -0.3622770660990955, 0.5758612152368942, 0.026032574430773225, -0.000252967790292144], [0.057531920387161935, 0.029101437664482102, 0.5128842167768877, -0.17597193990205706, 0.0522577295165769, 0.38328984362488505, 0.6303131618220047, -0.17898799721652198, -0.6928853629745, -0.5390819320086853, -0.5300058511179965, 0.0167470632821188]], "inverted": true, "swapped": true, "error_lsq": 0.044934241756464634, "error_max": 0.24341909222503127, "target": "298.xyz", "model": "26.xyz", "model_rescale": 3.6694154284099745, "target_rescale": 4.002814348726049},
{"mapping": [8, 10, 5, 1, 7, 4, 0, 6, 12, 2, 11, 9, 3, 13], "R": [[0.44262124782322265, 0.0016335406316861367, -0.8967071776898063], [-0.8522604345404718, -0.31016621566738134, -0.42124704197829305], [-0.2788163960248744, 0.9506809402757479, -0.13589395536270277]], "T": [0.03776992340610913, -0.02648168732462932, -0.0061000650099594655], "aligned_model": [[0.1591368619510278, 0.6020677148836084, -0.4870697669358148, -0.6765834938588104, -0.48082445274224633, 0.5349627705700439, -0.015736689295336642, -0.2412841534297599, 0.14925103512320875, 0.40618222689605693, 0.6905045318757623, 0.17398222708112357, -0.46712721439988797, 0.06842806264706602], [0.049504203229350806, 0.05502070262685708, -0.4847177098010933, -0.45493570998827826, 0.2355474286791238, -0.5701523424099606, -0.6812037462554367, -0.1050319904771782, 0.39360086514097625, -0.3481318104389417, 0.291086287958782, 0.6332777399061201, 0.5450600486969477, -0.05537691893396697], [-0.6288788404149999, -0.1979752402110501, -0.38098877765398287, 0.28677021241849165, -0.248028029726801, -0.370451628224711, 0.06744863368528138, 0.6161130045090881, 0.6578543191172566, 0.4660685692099145, 0.45135330007281593, -0.11111074055322016, 0.2608271620656922, 0.03261044278798065]], "inverted": true, "swapped": false, "error_lsq": 0.049245132960715574, "error_max": 0.28810256250731725, "target": "298.xyz", "model": "27.xyz", "model_rescale": 4.103607728864725, "target_rescale": 4.002814348726049},
