[{"mapping": [0, 11, 2, 10, 1, 4, 14, 5, 9, 8, 7, 15], "R": [[0.28980739334611977, 0.929618753486647, -0.227641489908717], [-0.9042201475587822, 0.34389711766204273, 0.25322064926169296], [0.3136839165636352, 0.13245280529181783, 0.9402439336999874]], "T": [0.012592608446860146, -0.19285797203115607, -0.03212243020473675], "aligned_model": [[-0.3064839784494181, 0.3532591289003974, 0.4649779602216004, -0.07302764184532078, -0.05338935163141865, -0.5870260625601347, 0.35768259103805267, -0.3486575184269474, 0.44336624107528777, 0.06865624632322896, -0.5103229430223403, 0.028607790837561632], [-0.2695805392380963, -0.7548837013002481, -0.29727488925799994, 0.5836573897178656, 0.24608145697882844, -0.4603963585593182, -0.21798779077262906, -0.5919912772170255, 0.28288903906569324, 0.35951377355011904, 0.3298166522554654, -0.15628871924559704], [-0.5055831109276635, -0.09674823776990558, -0.6287620784537412, -0.08212443992375805, -0.549021025256596, 0.05129697269456626, 0.5874700333348841, 0.5630636515444495, -0.17089662010766193, 0.5669768702558383, 0.3786360799460045, 0.06764365001714653]], "inverted": false, "swapped": true, "error_lsq": 0.044241615311377, "error_max": 0.2625361472983661, "target": "299.xyz", "model": "0.xyz", "model_rescale": 3.751011558992144, "target_rescale": 4.147103064313975},
{"mapping": [8, 14, 10, 7, 13, 1, 12, 5, 9, 0, 2, 6, 4, 3, 15], "R": [[0.6793619720871908, -0.6040337439160963, 0.4166659898437919], [-0.6571200457161102, -0.7534957315646016, -0.020914780227946184], [0.3265892778397055, -0.2595908679530731, -0.9088190275712267]], "T": [0.019551876000516236, 0.011910602310089013, 0.0847384591176721], "aligned_model": [[-0.08754120733704655, 0.20419653296870816, -0.523731957813999, 0.10091694151376816, -0.0879933143024199, -0.535937473979881, 0.5873468728210108, 0.7839180150498675, -0.5920985415179819, -0.027367679168592215, -0.4266540067933531, 0.6647796279248404, 0.5305470647670891, -0.08964942165444062, 0.0383547586114641], [-0.05068361028408307, -0.5039111558344735, 0.3601264450731543, 0.5139035598638633, -0.7631318386361269, 0.38342454967903644, -0.5492181930694962, 0.006620907786945509, -0.16774889047437785, 0.4235141038329642, -0.22913586390648338, -0.06739555964338899, 0.42787277248756783, 0.787225545774464, -0.022705422822460016], [-0.7225970874004763, -0.3663132998054212, -0.3584269028329898, -0.5910831054858809, 0.12549022934210774, 0.21745834432960104, 0.04852090246665601, -0.15974455867605342, -0.07263260023113345, 0.4850412816054237, 0.64539091853514, 0.41907482743400115, 0.1474881659298939, 0.04723707514525773, -0.015237785504150198]], "inverted": false, "swapped": true, "error_lsq": 0.04186522650337983, "error_max": 0.3287512166282791, "target": "299.xyz", "model": "1.xyz", "model_rescale": 3.9405287249114394, "target_rescale": 4.147103064313975},
{"mapping": [10, 9, 8, 11, 13, 7, 0, 2, 12, 5, 6, 4, 15], "R": [[-0.3636750036724649, -0.517080920585811, 0.7748340553111763], [0.9308983125918954, -0.23226407904173915, 0.28192504181156886], [0.03418805811090703, 0.8238208052440914, 0.5658183962452814]], "T": [-0.010643720605061698, 0.041968189140432856, 0.06389487993159632], "aligned_model": [[-0.3182515487810205, 0.2283827616686372, -0.486780861449336, 0.4795357142047788, 0.5337918996650368, -0.8150950250661241, 0.031203470089158684, 0.696286231373687, 0.08767306609476525, -0.4724478385935829, 0.0177669183117782, -0.4204823388748213, -0.06559916935902585], [0.7276132925967507, 0.5239418846068097, 0.1968662079268125, -0.3983513397933085, -0.20973476086127132, 0.2647735645949839, 0.22263889470670659, 0.27188094470827384, -0.7079117318182009, -0.6143694210195384, -0.6036424545243527, -0.2355887674676678, 0.020716279916019466], [-0.15536604093552045, -0.3125717382021177, -0.5814559359085032, 0.10800754989045111, -0.44024095527865875, -0.07236903283406235, 0.6093012839974135, 0.2014609978121814, -0.19414059907157016, 0.06755814094181456, 0.4056094665958752, 0.5032951285427532, -0.025967915961412236]], "inverted": true, "swapped": true, "error_lsq": 0.04212279103838039, "error_max": 0.2681664248955839, "target": "299.xyz", "model": "2.xyz", "model_rescale": 3.932901565614263, "target_rescale": 4.147103064313975},
{"mapping": [14, 5, 12, 8, 13, 2, 11, 9, 10, 1, 4, 7, 0, 15], "R": [[0.3078698302588404, -0.9435912846051173, 0.12186736738626128], [-0.5649401126034437, -0.07823770061650132, 0.8214143481665339], [-0.765544797375047, -0.3217364601960865, -0.5571595941850871]], "T": [0.08506537225961353, -0.15672459730802502, 0.08660052305412089], "aligned_model": [[-0.1286545250094156, 0.6593411871825958, 0.2637660230285558, -0.22500507305636563, -0.3868963752752616, -0.27563329553905547, 0.12310521786633644, -0.5504129106839216, -0.2935864685546712, -0.15674085956385275, 0.7344003646765885, 0.24802446004183787, 0.34842115439141247, 0.0596810125479202], [0.04207097317080968, 0.06811220360923542, -0.35224535203306495, 0.5520606534828502, -0.514549091476801, -0.7694202304912753, -0.7276465503619145, -0.09110093806626215, 0.38758109958742126, -0.12733119356294498, -0.03915649849521591, 0.6665441124504636, -0.35155822033048695, -0.07986432913232609], [-0.560251509036044, -0.42692768720382057, -0.6673265998926576, -0.17542511657615442, -0.4263626337498305, 0.3435728972359591, -0.24310265738121342, 0.2383249580458117, 0.5027269786458883, 0.7228955592044777, 0.13778592557038483, 0.19160032183742629, 0.5604621359460165, 0.015923790410854094]], "inverted": false, "swapped": true, "error_lsq": 0.046840556999320646, "error_max": 0.3350198025816585, "target": "299.xyz", "model": "3.xyz", "model_rescale": 3.9243930471874484, "target_rescale": 4.147103064313975},
{"mapping": [1, 8, 3, 0, 4, 9, 2, 7, 5, 14, 6, 13, 15], "R": [[0.06774681366064009, 0.9957215069109432, 0.06284146651559919], [-0.45356637683452183, 0.08683844848805952, -0.8869817504714463], [-0.8886438606348637, 0.0315874110871292, 0.45750882441410634]], "T": [-0.002122900270503582, -0.11430128427535519, -0.024212653666255024], "aligned_model": [[0.0386019911783957, -0.34555825572813575, 0.5463092503197672, 0.41819995853264824, 0.6178807215475108, -0.5150440575169994, -0.2656387225998115, 0.2422465387337139, 0.3264522216469771, -0.44741768218958883, 0.3743385216536625, -0.6640953333245054, -0.049069265942281594], [-0.6975461416410857, 0.33623278527897793, -0.3649394273557288, -0.506306973807882, 0.11446022617647811, -0.4157833066826208, -0.7358194968384852, 0.2484645871805471, 0.6004928235161966, 0.43669002501005255, 0.16429143545638664, -0.024057521530404996, -0.028349461080843907], [-0.3740304898822958, -0.6126417975852905, -0.5250591732715055, 0.014793378642769611, 0.01241815214939039, -0.30202534871964987, 0.3160942545807699, -0.7481163007701767, 0.13441677016891962, 0.01743538395199934, 0.5370822961340853, 0.38513563466995704, -0.06843244469800885]], "inverted": true, "swapped": true, "error_lsq": 0.0445960866427325, "error_max": 0.2677936672062863, "target": "299.xyz", "model": "4.xyz", "model_rescale": 3.8936222436046832, "target_rescale": 4.147103064313975},
{"mapping": [2, 11, 0, 1, 4, 5, 14, 7, 10, 9, 3, 15], "R": [[-0.8694694807710839, 0.4827133958932107, -0.10493140346391143], [-0.4894064191684665, -0.8128904781831128, 0.31573790927908796], [0.06711317966212692, 0.32587857846823076, 0.9430264965583757]], "T": [-0.16092067939278606, -0.13187869861358906, -0.02630478903872807], "aligned_model": [[0.025690719486960584, -0.5861083630554578, -0.1567688093178356, 0.38974094927938874, -0.5665135639363496, -0.7930749610572178, -0.29853996157636936, 0.08120687015146186, 0.554323046848776, 0.4171595795224875, 0.11464447415063109, -0.15421193828137833], [-0.6170706738922831, -0.6009562668826691, 0.14189753141526681, 0.020271666877759414, 0.3873667693811881, 0.14258775182811198, -0.45040086770390253, 0.5166597982097875, 0.1379765543135659, -0.43884267900548957, 0.5643932281055148, -0.13495990753704307], [-0.5752120689134916, -0.21414717544329778, -0.5331485269510026, -0.39755623476106555, -0.08920702779761316, 0.3849185725765223, 0.5927412397177305, 0.45962119132508034, 0.14225288598070662, 0.026190409914141635, -0.25806714358320415, 0.08089859721101188]], "inverted": false, "swapped": true, "error_lsq": 0.03946162249086099, "error_max": 0.18575702897714222, "target": "299.xyz", "model": "5.xyz", "model_rescale": 3.6523030999806103, "target_rescale": 4.147103064313975},
{"mapping": [3, 4, 6, 0, 11, 7, 14, 1, 8, 9, 13, 2, 15], "R": [[0.16232447218727117, -0.26830931662458013, -0.9495582532638926], [0.9605978374026661, 0.2630024883599724, 0.08989708501271954], [0.22561595800484802, -0.9267361014490122, 0.30042908941153035]], "T": [0.08483796438901851, -0.010457749098297435, 0.04558310699351996], "aligned_model": [[0.15078270197479193, 0.13166571379686948, 0.325665538091967, 0.5326619081207871, 0.4157249858199062, -0.5334004348043332, -0.442011144434498, 0.3270049484059672, -0.7049208891613216, -0.015580679990981491, 0.04885401496384431, 0.664650807306114, -0.020014565424818706], [-0.719108407441807, -0.07452878581412109, 0.45295210684252074, -0.3119897542186301, 0.5580558058358219, -0.4951982898319806, 0.4425567014605727, -0.5926265624477729, -0.14751041875968773, -0.21178120333394315, 0.5833654237370968, 0.0447054556039201, 0.011934832531193422], [0.3740797961436452, 0.7026829470527901, 0.5570931377038881, 0.2465642059144293, -0.012805337296346364, 0.35888787943532946, -0.09871293892103976, -0.21256457085264524, -0.11150020720097502, -0.5712996854024109, -0.4643155641060043, -0.43640066555653756, 0.038400742567666415]], "inverted": false, "swapped": true, "error_lsq": 0.05797253687315586, "error_max": 0.34463435750598626, "target": "299.xyz", "model": "6.xyz", "model_rescale": 4.08911054899281, "target_rescale": 4.147103064313975},
{"mapping": [1, 0, 2, 10, 8, 14, 9, 13, 7, 3, 5, 4, 12, 11, 15], "R": [[0.5353913160899479, 0.2505292268637055, -0.8065923661568757], [0.6573134205791303, 0.4760992953548067, 0.5841819306425183], [0.5303727045974718, -0.8429499198942548, 0.09022320526467953]], "T": [0.07552899755065642, -0.08175286040339039, 0.0035830658967484705], "aligned_model": [[0.06152952939395931, 0.20316845336506037, 0.7295119065183684, -0.41317162370347027, -0.5589180187510214, -0.057338096573598146, 0.11262857041768372, 0.5290834874492253, -0.767063903056689, -0.3486206700875293, -0.22230599232765078, -0.15263047646520064, 0.26864981440274255, 0.6447445026363129, 0.007066056581361932], [-0.6619319699455137, -0.6071723271872718, -0.31435898929527284, -0.3850202697076256, 0.28050563672658335, 0.6050818001072907, -0.11440599739120236, 0.4793231093967599, -0.1548083462383197, -0.7316922357101537, 0.33759393039831054, -0.23770903178479538, 0.613172695776037, 0.19460177033685902, -0.002420959312572024], [-0.353350842136948, 0.20233866973916462, -0.29597496278262286, -0.5274609214602114, -0.3616886321361256, -0.11565580851096777, -0.6511816332560308, -0.302030318638776, 0.010800429562091547, 0.11367578426091052, 0.6196172445194857, 0.6049972847935289, 0.34760518189424683, 0.19259343693581832, -0.02021488070148373]], "inverted": false, "swapped": true, "error_lsq": 0.04188235231622978, "error_max": 0.2539901287430413, "target": "299.xyz", "model": "7.xyz", "model_rescale": 3.964800864290218, "target_rescale": 4.147103064313975},
{"mapping": [0, 1, 2, 4, 11, 7, 6, 9, 8, 14, 5, 12, 13, 15], "R": [[0.17601760429784968, -0.940759386375599, 0.28980955802639136], [-0.9313377976128561, -0.06380867514456284, 0.358522467516236], [-0.3187910126005445, -0.333016861318616, -0.8873962251230377]], "T": [0.030214986257344405, -0.08267901492824263, -0.036311573632149236], "aligned_model": [[-0.18884930970353841, 0.2561619461205811, 0.5110554067774175, -0.6295964216987838, 0.11633076032836695, -0.3044185790003834, -0.4577521837100733, 0.6362989631558453, 0.1844917071432121, 0.20105125203633506, -0.5753663761512604, -0.09805048999198802, 0.5706653064786428, 0.03916590767649935], [-0.12659440070342232, -0.4907829764554363, 0.22007879998985513, -0.08835073846870273, 0.5716316427171863, -0.7886513910913004, 0.4611577128314858, -0.3340282968330002, -0.5847110956079227, 0.05937483198058645, 0.11078051013537317, 0.5138352709626435, 0.4002632204162318, -0.11305462369237515], [-0.5672951043957678, -0.5329046936774643, -0.5349742496630578, -0.08822374127515467, -0.06007562778080475, 0.287687456613843, -0.013534810700579263, -0.06171173803221451, 0.5892602703489582, 0.6376684703030983, 0.45348445233007284, 0.4797185312637936, 0.261342098770472, 0.06637372461982678]], "inverted": true, "swapped": true, "error_lsq": 0.044031355778480066, "error_max": 0.3456185971155057, "target": "299.xyz", "model": "8.xyz", "model_rescale": 4.121658175737393, "target_rescale": 4.147103064313975},
{"mapping": [1, 9, 8, 7, 2, 0, 13, 6, 14, 11, 3, 5, 15], "R": [[0.47863093332492984, 0.1593132291846911, 0.8634417899726958], [-0.5575620650338842, -0.7045195685637652, 0.43906345913304745], [0.678260254842975, -0.6915717406874523, -0.24837784559591897]], "T": [-0.07744911558656653, -0.012333068682938455, -0.009713623832585144], "aligned_model": [[-0.6615092626912475, -0.25081073613193944, 0.4285517831265254, 0.19587260846650156, -0.6065269743619978, -0.5594739779412505, 0.18274398343017062, 0.11436910762562869, 0.5668148603182855, -0.020670695296514885, -0.467541149144443, 0.5386705799155294, 0.016247369119949173], [0.13713638478122492, -0.2497118724242735, 0.22898971327899525, 0.7212911346246723, -0.5521655510745455, 0.18300043719671025, -0.7415462424471122, -0.06769089265034962, -0.24837120872838933, -0.5435565654077013, 0.6660388582527932, 0.2559138733733943, 0.0010593706362909544], [-0.32710648135642983, -0.5968732860837528, -0.603770905606392, -0.3297804199622172, -0.02356206326557142, 0.23799202884319062, -0.12998481088266758, 0.6935149356879808, -0.19088578103402057, 0.3784627549422027, -0.05536746122576451, 0.4290296043484534, -0.06059268044592293]], "inverted": false, "swapped": true, "error_lsq": 0.04990156763044366, "error_max": 0.2886477578629721, "target": "299.xyz", "model": "9.xyz", "model_rescale": 3.833441315466971, "target_rescale": 4.147103064313975},
{"mapping": [1, 10, 4, 5, 7, 3, 8, 14, 11, 6, 2, 13, 9, 0, 15], "R": [[0.14674179446607183, 0.884101290778726, -0.4436572476588966], [0.8393267966281956, 0.12605596279693054, 0.5288103844528683], [0.5234475849774538, -0.449972001225331, -0.7235522261001911]], "T": [-0.025277217110637566, 0.023578581823243436, 0.1283051712455168], "aligned_model": [[0.06822499164976081, -0.04941166953310178, -0.6411254308492501, -0.548765916850001, -0.6035946525819342, -0.5500277387861483, -0.09073757937657514, 0.14900429428340106, 0.2868526392748664, -0.29095840321200467, 0.5568481356303853, 0.6341963181567282, 0.45391543391524514, -0.21757520815455328, -0.033000195272286266], [-0.6493113263585962, -0.4875190872680015, 0.10009592567675374, 0.6316021781603589, -0.08673806240245344, -0.5552970896474936, 0.1813471370110741, 0.6025756311769799, 0.3820475468481768, 0.4567072567325278, -0.27079269350388163, 0.44665345114713656, -0.25760171427077516, -0.37635625000789713, 0.08368863600107031], [0.07651610496767217, -0.46415059598442154, 0.35842298757212593, 0.14626092033483654, -0.47892721618077905, 0.06518318023507522, -0.6704448976663704, -0.24318075900722055, 0.5867569652092258, 0.6538545834601617, 0.5104175826176552, 0.12385868610309822, -0.22165405667961838, 0.4956399636944355, 0.0395684591462159]], "inverted": false, "swapped": true, "error_lsq": 0.039332951088683066, "error_max": 0.21713209931979083, "target": "299.xyz", "model": "10.xyz", "model_rescale": 4.2482417240324, "target_rescale": 4.147103064313975},
{"mapping": [7, 5, 6, 12, 1, 2, 0, 13, 14, 9, 8, 15], "R": [[-0.9033296910063343, -0.32746163683627805, 0.2770637936412951], [0.41297143005970527, -0.489289428110563, 0.7681474165117528], [-0.1159744252016045, 0.8083097994826882, 0.5772219683617505]], "T": [-0.06267335287020509, 0.112996378222229, 0.07091262822632294], "aligned_model": [[-0.7692647169290368, 0.058487223987010756, 0.35176841397696595, 0.5594788672310664, -0.4783207846033579, 0.2633452993850584, -0.2354058237450859, 0.570640382586783, 0.21497624042106672, -0.16918432213280582, -0.4154493404873954, -0.07430583732726277], [-0.29550890891914705, -0.6782206602428111, -0.3129473452141516, -0.36605448668127716, 0.6385199043204668, 0.7770209900856745, 0.29622541357782123, 0.2901158711986972, -0.2073281141422781, 0.6070834293543167, -0.1381211727392059, 0.05534646945253394], [-0.1509072651957435, 0.1288024722503442, 0.49658749560024695, -0.07742913489708458, 0.19447570917236295, 0.2268530725872094, 0.5890360217562198, -0.35506842498011165, -0.49822386479312597, -0.34824464088519946, -0.6216671338088053, -0.0190220169519561]], "inverted": true, "swapped": true, "error_lsq": 0.047606725499480584, "error_max": 0.2737669737792081, "target": "299.xyz", "model": "11.xyz", "model_rescale": 3.6694154284099745, "target_rescale": 4.147103064313975},
{"mapping": [13, 2, 0, 1, 9, 12, 14, 5, 3, 7, 4, 8, 6, 15], "R": [[-0.8187598210699127, 0.5630782957623244, 0.11213914679076536], [-0.5257074711462826, -0.6567442731805175, -0.54066497429145], [-0.23078996984822603, -0.5016271448855116, 0.8337302905205405]], "T": [0.05442811490440598, 0.09560034830067494, -0.10351291237405688], "aligned_model": [[0.03845417387885426, 0.11767785671154375, -0.06620370223591353, 0.4993597043393038, 0.6352111922806349, -0.47182723406008636, 0.07259498767682765, -0.46956136239295937, 0.252910783308591, 0.3895947003521539, -0.3657354610694388, 0.5546115649711377, -0.6749547415058312, 0.08613238800099215], [-0.5244883364838193, 0.2480039143154502, 0.6510550352968579, 0.5802104285694648, -0.02093769969488017, -0.5054723534138627, -0.5990625240918487, -0.17070365335527143, 0.7577699160747354, 0.1767319446517916, 0.38569191949097353, -0.3335401745878212, 0.07210469650417892, 0.01362417486030515], [-0.5822114774564443, -0.8412844841993199, -0.19721078962971164, -0.28069798450707106, -0.3868313150969881, -0.08520144689074999, 0.0404554286002847, 0.44290517642475935, 0.26605525809738395, 0.6687778454209412, 0.3176611435880574, 0.3790143682175353, -0.06064416527828143, -0.04169209763798041]], "inverted": false, "swapped": true, "error_lsq": 0.04429497767628936, "error_max": 0.2759557533316166, "target": "299.xyz", "model": "12.xyz", "model_rescale": 3.9764082729961374, "target_rescale": 4.147103064313975},
{"mapping": [12, 13, 6, 10, 1, 2, 9, 8, 3, 14, 11, 5, 0, 4, 7, 15], "R": [[-0.23005717818370797, -0.04114977822604749, 0.9723067368470185], [-0.1656984007164319, -0.9828606366757349, -0.08080228260010013], [0.9589670144307191, -0.17969881642714508, 0.2192956921795703]], "T": [0.024392766791626927, -0.007294010100549492, 0.0032438666965290824], "aligned_model": [[-0.08976781420171774, -0.38583260758978216, -0.02936153505112861, -0.5279400905468659, 0.025317583261443413, 0.28489883361404306, 0.4914087902943586, -0.33522765289021017, -0.36024462042099065, -0.5452335353211833, -0.7497525008850784, 0.6658386213949173, 0.7024832770823477, 0.4996448402402117, 0.37118938544883584, 0.028805824622319506], [-0.49618581973313, 0.02170626357425175, 0.5554197167161302, -0.5757827254954161, -0.6155860657001533, -0.3545345759681912, -0.3530330418813814, -0.16231751296531724, 0.4797414256551551, 0.5395646089971876, 0.03571919060455771, 0.09675832931388283, -0.0437701131595281, 0.5308460531220657, 0.304261709997006, 0.09368495568092626], [-0.39066690387176967, -0.4499168912330588, -0.5106846715115694, 0.1370194030671832, 0.18573358714648036, 0.6724374802873603, -0.1512219295580825, 0.5917111163850277, 0.5718333600835539, -0.12036667587517473, 0.17468968276759944, -0.5264203968793295, 0.2600914620941934, 0.023355077918353367, 0.5979697173919655, 0.04029043419415866]], "inverted": true, "swapped": false, "error_lsq": 0.046590207131806775, "error_max": 0.3151066387901147, "target": "299.xyz", "model": "13.xyz", "model_rescale": 4.170626492500431, "target_rescale": 4.147103064313975},
{"mapping": [7, 10, 14, 9, 5, 11, 13, 3, 4, 1, 0, 2, 6, 15], "R": [[0.12480141719436809, 0.9504924754132021, -0.28458506715771453], [-0.9871028786972799, 0.14793011616853013, 0.061193035534351486], [0.10026222186756345, 0.27327776146852634, 0.9566957468040354]], "T": [-0.0415512445913548, 0.05056016399712024, 0.0710905186738925], "aligned_model": [[0.44120200162381334, -0.07261582957166496, -0.3142108264074569, -0.5474350646674087, 0.4318057979759365, -0.303794379438342, -0.7231030475775163, 0.5082805305541652, 0.5953351938854401, -0.09190170045172258, 0.2349397061928275, -0.5332998576988567, 0.2702612563197149, -0.05228075864728629], [-0.4401055565351427, -0.7195984638042668, 0.2747887387716246, -0.3679197254561012, 0.5129888980082996, 0.6298273377801757, 0.40388712061922183, -0.4607505591072527, 0.22907872852211383, -0.5012544052212895, -0.03779595113890044, 0.08546882007747852, 0.7061679498405261, 0.04129153556917959], [-0.4203852635026334, -0.06564943470966116, -0.544532518133802, 0.060340652294793684, -0.3829450499720597, 0.24936326792301844, -0.08564065745920683, 0.2962369204824699, 0.09527568500870374, 0.467538638552046, 0.5686919534259921, 0.6442388033295482, 0.15676736369722238, -0.03542725981556502]], "inverted": true, "swapped": true, "error_lsq": 0.04721512115164391, "error_max": 0.29687631343845866, "target": "299.xyz", "model": "14.xyz", "model_rescale": 3.9786697098870705, "target_rescale": 4.147103064313975},
{"mapping": [0, 4, 2, 1, 11, 13, 7, 14, 9, 10, 12, 15], "R": [[0.3277549097289368, -0.7620856011229522, 0.5583925641604169], [-0.9048314306629357, -0.42322245077769965, -0.04650633550585159], [0.2717660781500182, -0.490008462905271, -0.8282722409016084]], "T": [-0.032560631874967126, -0.027794211461861628, -0.06933788505914616], "aligned_model": [[-0.05139337673553284, -0.6321531288378888, 0.5732860195857508, 0.37398416604231605, 0.019390034609898583, 0.343245550272784, -0.41826788581798036, -0.11393630850981298, 0.5579878029727139, 0.2542188208588308, -0.36499158538320314, -0.058015512290539466], [-0.3645477628566117, -0.20579108763163517, 0.10415184613596236, -0.5587189389335704, 0.5385821476559213, 0.646087736104973, -0.5529481492916618, 0.4491070314956127, -0.11754382086397003, -0.6153639394108891, 0.6950174592771061, -0.0033580314567985374], [-0.5363535273655459, -0.2858652166501819, -0.5018587998880547, -0.19989767981793088, -0.40492996125595954, 0.06693498166291882, 0.4699164578444135, 0.4498505474657919, 0.20334686081017006, 0.36115775435647013, 0.005504246267042448, 0.032160830444695906]], "inverted": true, "swapped": true, "error_lsq": 0.051111133759883444, "error_max": 0.2911909743488982, "target": "299.xyz", "model": "15.xyz", "model_rescale": 3.769337070930944, "target_rescale": 4.147103064313975},
{"mapping": [14, 7, 13, 9, 12, 5, 11, 4, 2, 1, 15], "R": [[-0.7997574167972752, 0.5449298413650678, 0.2518720752040443], [-0.32445558056518053, -0.7453625775480657, 0.582377200988342], [0.5050907349356761, 0.3840391854755788, 0.7729147776445944]], "T": [-0.03918888425231625, -0.004347887028819962, 0.11357944772672054], "aligned_model": [[-0.1257643915710791, -0.45861014128363364, -0.0110002609002403, -0.58833772901675, 0.43527678739320697, 0.39366342121477804, 0.4380864446835845, 0.3470303520557456, -0.0011484060929628434, -0.4224684241457027, -0.08410152164577596], [0.10255645005610017, -0.7241802510348435, 0.6555536295058555, 0.35213062450211646, 0.13934048191708176, -0.4694450289068398, 0.4350326071415979, -0.5352870503040609, 0.6379687984655341, 0.03339015939988397, -0.030995923117083754], [-0.5826170539843968, -0.032294358635233084, -0.3079094014618895, 0.16375946396093677, -0.5131616263125741, -0.37670521616927155, -0.009936281042989242, 0.19734365292540765, 0.5104628897133617, 0.6756099034075741, 0.019665634822851094]], "inverted": true, "swapped": true, "error_lsq": 0.04567676366555939, "error_max": 0.20118870044102044, "target": "299.xyz", "model": "16.xyz", "model_rescale": 3.7852294659196426, "target_rescale": 4.147103064313975},
{"mapping": [5, 3, 10, 7, 4, 0, 2, 1, 8, 14, 11, 9, 15], "R": [[-0.1369826017106705, 0.8185190148933268, 0.5579089433649849], [0.6669374919408073, 0.49264329105641064, -0.5590142839148339], [-0.7324139189503989, 0.2955151604151074, -0.6133845786230298]], "T": [-0.05326531895025151, 0.20622128884179133, -0.04161989192440255], "aligned_model": [[-0.13492915974416486, -0.40327042255584333, 0.2908173855821949, 0.16407377798115036, -0.5065878017316374, -0.5641513179173263, -0.19355779482728264, -0.15751672087731108, 0.6354656055227969, 0.5036233792085905, -0.19618464073412412, 0.3808793047096506, 0.035104255599589726], [0.005082745068737543, -0.42627466317225726, -0.29452352477420773, -0.6046742517446031, -0.1276514815171461, 0.12085748711895103, 0.7683133620839093, 0.032197783448293354, -0.21831734480399964, 0.33372056096336844, 0.810937568282446, 0.30278881261447615, 0.17259857013490604], [-0.8142322298394329, 0.2615134729571642, 0.45200836835509783, -0.144401844157747, -0.3896225291042539, 0.21051053906253056, 0.44408041832552814, 0.6088054025781796, -0.15384426912228685, -0.46260960465059653, -0.2652163640837712, 0.4414459172758596, -0.09268258045309755]], "inverted": false, "swapped": true, "error_lsq": 0.03917918851274655, "error_max": 0.22856096872099865, "target": "299.xyz", "model": "17.xyz", "model_rescale": 3.901054581598922, "target_rescale": 4.147103064313975},
{"mapping": [8, 14, 10, 7, 13, 1, 12, 5, 9, 0, 2, 6, 4, 3, 15], "R": [[0.6793619720871908, -0.6040337439160963, 0.4166659898437919], [-0.6571200457161102, -0.7534957315646016, -0.020914780227946184], [0.3265892778397055, -0.2595908679530731, -0.9088190275712267]], "T": [0.019551876000516236, 0.011910602310089013, 0.0847384591176721], "aligned_model": [[-0.08754120733704655, 0.20419653296870816, -0.523731957813999, 0.10091694151376816, -0.0879933143024199, -0.535937473979881, 0.5873468728210108, 0.7839180150498675, -0.5920985415179819, -0.027367679168592215, -0.4266540067933531, 0.6647796279248404, 0.5305470647670891, -0.08964942165444062, 0.0383547586114641], [-0.05068361028408307, -0.5039111558344735, 0.3601264450731543, 0.5139035598638633, -0.7631318386361269, 0.38342454967903644, -0.5492181930694962, 0.006620907786945509, -0.16774889047437785, 0.4235141038329642, -0.22913586390648338, -0.06739555964338899, 0.42787277248756783, 0.787225545774464, -0.022705422822460016], [-0.7225970874004763, -0.3663132998054212, -0.3584269028329898, -0.5910831054858809, 0.12549022934210774, 0.21745834432960104, 0.04852090246665601, -0.15974455867605342, -0.07263260023113345, 0.4850412816054237, 0.64539091853514, 0.41907482743400115, 0.1474881659298939, 0.04723707514525773, -0.015237785504150198]], "inverted": false, "swapped": true, "error_lsq": 0.04186522650337983, "error_max": 0.3287512166282791, "target": "299.xyz", "model": "18.xyz", "model_rescale": 3.9405287249114394, "target_rescale": 4.147103064313975},
{"mapping": [12, 14, 13, 3, 1, 6, 0, 10, 2, 11, 10, 7, 8, 9, 5, 15], "R": [[-0.6295446527962403, 0.3739951570489251, -0.6810294800077392], [0.4752255883977707, 0.8787977699907128, 0.043302651089088096], [0.614682170123434, -0.29638168290786887, -0.7309745055534056]], "T": [0.0807063887233178, -0.06811421216578013, -0.08327443084010805], "aligned_model": [[-0.10385162508997363, -0.622483816227419, -0.09162289258103627, -0.5870508894415501, 0.02082780043944095, 0.3857259733363238, 0.5842561026019717, -0.5959642096251394, -0.16564719831668506, -0.26559126170939645, -0.5959642096251394, 0.631800379569173, 0.7387175549486853, 0.3486908641780745, 0.30396081368314687, 0.06042341291104385], [-0.4452970333589597, 0.04956712714908809, 0.32664457810029507, -0.5843908906046462, -0.621697586740324, -0.2273086201241471, -0.5114745290822575, 0.10584585930107714, 0.0017524891743145032, 0.5609234193219353, 0.10584585930107714, 0.25334968231718746, 0.03833910699092408, 0.6508354638601408, 0.4142018673753254, -0.06064439422298443], [-0.4351416233196567, -0.3856212517504419, -0.5988304042171575, 0.03068698206770143, 0.2709563216916689, 0.5799778960080642, 0.0668707422171631, 0.2769461013516495, 0.7472397696462079, -0.023251123892531728, 0.2769461013516495, -0.3809015914601946, 0.2744421490093728, -0.10075388203279739, 0.5560934631855632, -0.049805797449369825]], "inverted": false, "swapped": false, "error_lsq": 0.05039829507458735, "error_max": 0.5179085141133613, "target": "299.xyz", "model": "19.xyz", "model_rescale": 4.410303926677745, "target_rescale": 4.147103064313975},
{"mapping": [0, 1, 2, 4, 11, 7, 6, 9, 8, 14, 5, 12, 13, 15], "R": [[0.17601760429784968, -0.940759386375599, 0.28980955802639136], [-0.9313377976128561, -0.06380867514456284, 0.358522467516236], [-0.3187910126005445, -0.333016861318616, -0.8873962251230377]], "T": [0.030214986257344405, -0.08267901492824263, -0.036311573632149236], "aligned_model": [[-0.18884930970353841, 0.2561619461205811, 0.5110554067774175, -0.6295964216987838, 0.11633076032836695, -0.3044185790003834, -0.4577521837100733, 0.6362989631558453, 0.1844917071432121, 0.20105125203633506, -0.5753663761512604, -0.09805048999198802, 0.5706653064786428, 0.03916590767649935], [-0.12659440070342232, -0.4907829764554363, 0.22007879998985513, -0.08835073846870273, 0.5716316427171863, -0.7886513910913004, 0.4611577128314858, -0.3340282968330002, -0.5847110956079227, 0.05937483198058645, 0.11078051013537317, 0.5138352709626435, 0.4002632204162318, -0.11305462369237515], [-0.5672951043957678, -0.5329046936774643, -0.5349742496630578, -0.08822374127515467, -0.06007562778080475, 0.287687456613843, -0.013534810700579263, -0.06171173803221451, 0.5892602703489582, 0.6376684703030983, 0.45348445233007284, 0.4797185312637936, 0.261342098770472, 0.06637372461982678]], "inverted": true, "swapped": true, "error_lsq": 0.044031355778480066, "error_max": 0.3456185971155057, "target": "299.xyz", "model": "20.xyz", "model_rescale": 4.121658175737393, "target_rescale": 4.147103064313975},
{"mapping": [3, 4, 6, 0, 11, 7, 14, 1, 8, 9, 13, 2, 15], "R": [[0.16232447218727117, -0.26830931662458013, -0.9495582532638926], [0.9605978374026661, 0.2630024883599724, 0.08989708501271954], [0.22561595800484802, -0.9267361014490122, 0.30042908941153035]], "T": [0.08483796438901851, -0.010457749098297435, 0.04558310699351996], "aligned_model": [[0.15078270197479193, 0.13166571379686948, 0.325665538091967, 0.5326619081207871, 0.4157249858199062, -0.5334004348043332, -0.442011144434498, 0.3270049484059672, -0.7049208891613216, -0.015580679990981491, 0.04885401496384431, 0.664650807306114, -0.020014565424818706], [-0.719108407441807, -0.07452878581412109, 0.45295210684252074, -0.3119897542186301, 0.5580558058358219, -0.4951982898319806, 0.4425567014605727, -0.5926265624477729, -0.14751041875968773, -0.21178120333394315, 0.5833654237370968, 0.0447054556039201, 0.011934832531193422], [0.3740797961436452, 0.7026829470527901, 0.5570931377038881, 0.2465642059144293, -0.012805337296346364, 0.35888787943532946, -0.09871293892103976, -0.21256457085264524, -0.11150020720097502, -0.5712996854024109, -0.4643155641060043, -0.43640066555653756, 0.038400742567666415]], "inverted": false, "swapped": true, "error_lsq": 0.05797253687315586, "error_max": 0.34463435750598626, "target": "299.xyz", "model": "21.xyz", "model_rescale": 4.08911054899281, "target_rescale": 4.147103064313975},
{"mapping": [11, 1, 15, 8, 5, 10, 9, 6, 0, 2, 1, 14, 12, 3, 13, 16], "R": [[0.8869125819791845, 0.399264543236141, 0.23232282806786855], [0.3440635225628704, -0.9065558057361651, 0.24449307460065636], [0.3082310243448019, -0.13691017347329856, -0.9414081155539642]], "T": [0.032141805126456646, 0.018031945944576293, 0.11384282793214894], "aligned_model": [[-0.30343300188358324, -0.7101489523649862, -0.002313233851318902, -0.49611976467534197, 0.1295568793684466, 0.4094578012892365, 0.5713743565835756, -0.32604520853446584, -0.4398399210850104, -0.2347375684927382, -0.7101489523649862, 0.5421389716947149, 0.7393293759720774, 0.4856748527486433, 0.36501659667766695, 0.026464567969590833], [-0.40608476339385396, 0.11751332086833294, 0.13496996973617637, -0.4310268858237307, -0.677653541129611, -0.5412569405073326, -0.40060155832441857, -0.30467163144705584, 0.33439731232936176, 0.5778138131049589, 0.11751332086833294, 0.2241603599372939, 0.05826184124204658, 0.7512351541696966, 0.4509472835685537, 0.05097534355929453], [-0.4278282863231374, -0.14903788389756734, -0.6049376439609937, 0.10692202295757657, 0.04856603011740836, 0.5565210290512123, -0.08992629660595604, 0.6822868383102002, 0.6403650052940705, -0.2558509514425043, -0.14903788389756734, -0.21666670745867583, 0.321777435922041, 0.008963595205168803, 0.4860103300436232, 0.1477272190919922]], "inverted": false, "swapped": false, "error_lsq": 0.041934509546738837, "error_max": 0.3260055906575551, "target": "299.xyz", "model": "22.xyz", "model_rescale": 4.204369325754507, "target_rescale": 4.147103064313975},
{"mapping": [12, 14, 13, 3, 1, 6, 0, 10, 2, 11, 10, 7, 8, 9, 5, 15], "R": [[-0.6295446527962403, 0.3739951570489251, -0.6810294800077392], [0.4752255883977707, 0.8787977699907128, 0.043302651089088096], [0.614682170123434, -0.29638168290786887, -0.7309745055534056]], "T": [0.0807063887233178, -0.06811421216578013, -0.08327443084010805], "aligned_model": [[-0.10385162508997363, -0.622483816227419, -0.09162289258103627, -0.5870508894415501, 0.02082780043944095, 0.3857259733363238, 0.5842561026019717, -0.5959642096251394, -0.16564719831668506, -0.26559126170939645, -0.5959642096251394, 0.631800379569173, 0.7387175549486853, 0.3486908641780745, 0.30396081368314687, 0.06042341291104385], [-0.4452970333589597, 0.04956712714908809, 0.32664457810029507, -0.5843908906046462, -0.621697586740324, -0.2273086201241471, -0.5114745290822575, 0.10584585930107714, 0.0017524891743145032, 0.5609234193219353, 0.10584585930107714, 0.25334968231718746, 0.03833910699092408, 0.6508354638601408, 0.4142018673753254, -0.06064439422298443], [-0.4351416233196567, -0.3856212517504419, -0.5988304042171575, 0.03068698206770143, 0.2709563216916689, 0.5799778960080642, 0.0668707422171631, 0.2769461013516495, 0.7472397696462079, -0.023251123892531728, 0.2769461013516495, -0.3809015914601946, 0.2744421490093728, -0.10075388203279739, 0.5560934631855632, -0.049805797449369825]], "inverted": false, "swapped": false, "error_lsq": 0.05039829507458735, "error_max": 0.5179085141133613, "target": "299.xyz", "model": "23.xyz", "model_rescale": 4.410303926677745, "target_rescale": 4.147103064313975},
{"mapping": [11, 7, 13, 1, 10, 8, 9, 3, 2, 12, 0, 14, 15, 6, 5, 16], "R": [[-0.05895620251929107, -0.025946978205184046, 0.9979233039199575], [-0.828265044926239, 0.5592801301613146, -0.034391152351709864], [-0.557226328826842, -0.8285725618971237, -0.0544640076876228]], "T": [0.04471962837796175, -0.02928314813949279, 0.024980360100412186], "aligned_model": [[0.0656725004857295, -0.4629576046448707, 0.0477919540257286, -0.6528714886400406, 0.07600805166669801, 0.4916855038715256, 0.5399588656141842, -0.5489910079519882, -0.419198066681273, -0.2555681689242185, -0.6044310651669578, 0.525494628749679, 0.7315443968244626, 0.3926627989086455, 0.16848670180594333, -0.049061200891727226], [-0.4784865875098412, 0.026337169631870005, 0.4019499970851896, -0.5208638124041617, -0.6345147031794696, -0.40362587075179174, -0.4121118246214146, -0.3022651928797672, 0.23026226573731468, 0.7161126930093433, 0.2995103880598461, 0.005488241893209091, 0.13869549559769856, 0.6169306059554244, 0.44097328993887064, -0.06789975680427486], [-0.420551607124217, -0.4005793936399892, -0.5301909279755104, -0.06474384816591773, 0.26267711150356354, 0.6044591771644505, 0.0004796255569598541, 0.6432355405818748, 0.7668095193580025, 0.005279761806921662, 0.2271782797480968, -0.4501999630058845, 0.12177448973322248, -0.17311412205244028, 0.4239072047835639, 0.08943300413419394]], "inverted": false, "swapped": false, "error_lsq": 0.0395054186576296, "error_max": 0.25637593489530763, "target": "299.xyz", "model": "24.xyz", "model_rescale": 4.28219845311461, "target_rescale": 4.147103064313975},
{"mapping": [13, 4, 2, 7, 9, 5, 11, 3, 1, 0, 4, 14, 10, 6, 8, 15], "R": [[-0.5833038759987762, 0.2852121467544743, 0.7605331153792769], [-0.5250209740033929, 0.5820435489500759, -0.6209495019581942], [-0.6197657340490301, -0.761498088289987, -0.18976589901602997]], "T": [0.03609823334498008, -0.09271089908074243, 0.02578406415412368], "aligned_model": [[-0.10325747805309085, -0.6615681271255428, -0.02992584955511092, -0.5414226082770062, -0.004160107743884034, 0.334920470862585, 0.5144267845879417, -0.5294897857581806, -0.1690576154635643, -0.2845172612543821, -0.6615681271255428, 0.6051434137593398, 0.7845131346689177, 0.3928615013141382, 0.396670688646567, 0.0026577655683355586], [-0.35095010144157307, 0.11164110795595183, 0.2927296233850555, -0.5922548583730155, -0.726294516707833, -0.23622145413949278, -0.34601951373985923, -0.23807870671042952, 0.1774683003395559, 0.6563379800464393, 0.11164110795595183, 0.05403507061696744, 0.15712733503831852, 0.732509095166717, 0.2798187601186713, -0.026996830753379844], [-0.4907514689912583, -0.05264093003523693, -0.5362270109203929, -0.12412095903408535, 0.25778567907568173, 0.8102524649618573, 0.08505981006999548, 0.5347278115483965, 0.5687312777457615, -0.015272644639025196, -0.05264093003523693, -0.45877535213999443, 0.11040563986876128, -0.03689820353946986, 0.4874714198650829, 0.018747248606054492]], "inverted": false, "swapped": false, "error_lsq": 0.04849371729926124, "error_max": 0.3309351926119774, "target": "299.xyz", "model": "25.xyz", "model_rescale": 4.100010024507729, "target_rescale": 4.147103064313975},
{"mapping": [7, 5, 6, 12, 1, 2, 0, 13, 14, 9, 8, 15], "R": [[-0.9033296910063343, -0.32746163683627805, 0.2770637936412951], [0.41297143005970527, -0.489289428110563, 0.7681474165117528], [-0.1159744252016045, 0.8083097994826882, 0.5772219683617505]], "T": [-0.06267335287020509, 0.112996378222229, 0.07091262822632294], "aligned_model": [[-0.7692647169290368, 0.058487223987010756, 0.35176841397696595, 0.5594788672310664, -0.4783207846033579, 0.2633452993850584, -0.2354058237450859, 0.570640382586783, 0.21497624042106672, -0.16918432213280582, -0.4154493404873954, -0.07430583732726277], [-0.29550890891914705, -0.6782206602428111, -0.3129473452141516, -0.36605448668127716, 0.6385199043204668, 0.7770209900856745, 0.29622541357782123, 0.2901158711986972, -0.2073281141422781, 0.6070834293543167, -0.1381211727392059, 0.05534646945253394], [-0.1509072651957435, 0.1288024722503442, 0.49658749560024695, -0.07742913489708458, 0.19447570917236295, 0.2268530725872094, 0.5890360217562198, -0.35506842498011165, -0.49822386479312597, -0.34824464088519946, -0.6216671338088053, -0.0190220169519561]], "inverted": true, "swapped": true, "error_lsq": 0.047606725499480584, "error_max": 0.2737669737792081, "target": "299.xyz", "model": "26.xyz", "model_rescale": 3.6694154284099745, "target_rescale": 4.147103064313975},
