[{"mapping": [3, 7, 8, 10, 11, 0, 5, 4, 9, 12, 6, 13], "R": [[0.43105193179157075, 0.07532968779219731, -0.8991772184813656], [-0.9021127446815161, 0.057698119291282185, -0.4276254469900394], [0.01966794300218261, 0.9954880035276064, 0.09282675719146852]], "T": [-0.13499257722082902, -0.11710852157592005, -0.05873381422696346], "aligned_model": [[-0.2245127905335907, 0.3067439506695986, 0.3464705972782141, -0.2526941367867196, -0.04105660589180771, -0.6219613356101162, 0.23500531096239835, -0.3262875109752017, 0.5900410750126989, 0.21545837674644114, -0.29254887726514095, -0.09701559114622499], [-0.37082760792833963, -0.6640644066155434, -0.19179939706924376, 0.5882896506759583, 0.4479685959115774, -0.5772693350035234, -0.08109777519111795, -0.6674234220898831, -0.05262614174147637, 0.44465899449180774, 0.21521589263724006, -0.03747001210039863], [-0.4926672592506792, 0.06556681769007168, -0.6077340057125893, -0.017439725537430457, -0.743987477442216, -0.06672025783156069, 0.5565746243137643, 0.5922547902278248, 0.041071822931683974, 0.32170172159226135, 0.5169646804002028, 0.01636601397222949]], "inverted": true, "swapped": true, "error_lsq": 0.04895720197215488, "error_max": 0.3116328460640775, "target": "3.xyz", "model": "0.xyz", "model_rescale": 3.751011558992144, "target_rescale": 3.9243930471874484},
{"mapping": [9, 10, 11, 5, 12, 7, 6, 3, 2, 0, 4, 8, 1, 14], "R": [[-0.18863132673660443, -0.9137975574566137, 0.35971133782508924], [-0.9597950584321218, 0.24907801837904414, 0.12943564644119127], [-0.20787416477972653, -0.3208335467913162, -0.924042297121964]], "T": [0.03346605270352341, -0.04388829959718077, 0.009396123785121044], "aligned_model": [[-0.10463912118905944, 0.6001434541618943, 0.09416633053233908, -0.05747715332389244, -0.49763445964073016, -0.11607788435339486, 0.40507523963296393, -0.6830665900644664, -0.430835989585476, -0.25228901528997716, 0.8031028449940589, 0.31142956340251465, 0.34256144539876815, 0.005351247377161035], [0.16250662951079803, 0.09856767787633389, -0.5447542121650217, 0.5447907123571425, -0.4617358319342185, -0.6643961389348165, -0.691723210468321, -0.16264187004449143, 0.5061363918865839, -0.22262616548820502, 0.08852059396407866, 0.44931493955579976, -0.3761625882790328, -0.062300289486141185], [-0.6009461699459507, -0.565961821573518, -0.6088108017873483, -0.17841335722570834, -0.29932833197556347, 0.18907265538371248, -0.06769009882542716, 0.24579504693561066, 0.41637837680429424, 0.6890293593704899, 0.134700005482483, 0.3556692872684795, 0.5383000703873164, -0.03389785724177294]], "inverted": false, "swapped": false, "error_lsq": 0.040792090712245134, "error_max": 0.2604287661406335, "target": "3.xyz", "model": "1.xyz", "model_rescale": 3.9405287249114394, "target_rescale": 3.9243930471874484},
{"mapping": [2, 1, 0, 12, 11, 4, 6, 10, 8, 7, 9, 5, 13], "R": [[-0.8204776524049882, -0.3630532750038266, -0.4415979409066526], [-0.5573255284874534, 0.33596890841160826, 0.7592846290271478], [-0.12729759306514954, 0.8690898757261578, -0.4779938396152311]], "T": [-0.03906949553526881, -0.0924964628704262, -0.1301794317262328], "aligned_model": [[-0.36710410229328094, 0.17371917661859068, -0.46139742274220263, 0.3174442093466886, 0.762368720162192, -0.8143247226519977, 0.01921378272042471, 0.5822969805620126, 0.1306192429156326, -0.5806672643626013, -0.010646748036222314, -0.2579623830339933, 0.002423810078688346], [0.666054392511343, 0.5379575154093161, 0.25062307551906127, -0.14627060845249276, -0.33520733229194255, 0.22702508801209845, 0.34136806807791154, 0.16872022758099728, -0.755726758224918, -0.5480592750752046, -0.6912757883830193, -0.17510238009421933, -0.08127363101691448], [-0.02437891307437423, -0.45578253857012785, -0.5211505731414102, 0.5429744360170896, -0.44081896342133176, 0.11499747560312928, 0.39427923103233664, 0.1123385744367823, -0.39497753009335534, -0.03596197960364768, 0.29461276000065706, 0.549571884489303, -0.022583514086406756]], "inverted": true, "swapped": true, "error_lsq": 0.05210262317250173, "error_max": 0.3258642817018159, "target": "3.xyz", "model": "2.xyz", "model_rescale": 3.932901565614263, "target_rescale": 3.9243930471874484},
{"mapping": [0, 1, 2, 3, 4, 5, 6, 7, 8, 9, 10, 11, 12, 13], "R": [[1.0, 0.0, 0.0], [0.0, 1.0, 0.0], [0.0, 0.0, 1.0]], "T": [0.0, 0.0, 0.0], "aligned_model": [[-0.20505103345260392, 0.48450795502318555, 0.1670828436692731, -0.18176078222114117, -0.42679164137251085, -0.1391044024989389, 0.3563862317517743, -0.6862719961065515, -0.26411751767393554, -0.25631975133604673, 0.6862719961065515, 0.4827495174974279, 0.3482326906524876, 0.05399580201373245], [0.07118402683956458, 0.148419053085785, -0.46589370076230013, 0.4533581826812932, -0.6018890237543487, -0.6424817467778908, -0.5804067718528905, -0.1254573367346193, 0.5145641569840299, -0.1576923851813243, -0.07294149606272311, 0.6424817467778908, -0.43753130212851027, -0.08221676476346787], [-0.633906331523775, -0.5403632547763801, -0.670243415573549, -0.14871063957731143, -0.46776586288053384, 0.29097569643753785, -0.05300088383070412, 0.15176874304852062, 0.45194290650145374, 0.670243415573549, 0.1919784514295638, 0.38971631577425525, 0.5200290020548798, 0.06123222039959085]], "inverted": false, "swapped": false, "error_lsq": 0.0, "error_max": 0.0, "target": "3.xyz", "model": "3.xyz", "model_rescale": 3.9243930471874484, "target_rescale": 3.9243930471874484},
{"mapping": [0, 1, 4, 7, 5, 3, 8, 6, 12, 10, 9, 11, 13], "R": [[-0.5216052861284208, -0.8372986841479382, 0.16388666512873928], [0.8335855908231007, -0.4591935340581592, 0.3070445587390862], [-0.18183230806154932, 0.29676962749464364, 0.9374778930415908]], "T": [-0.035756106320530355, -0.13492990185346918, -0.133651286965033], "aligned_model": [[-0.09229149002809993, -0.5013074264665182, 0.614160970158842, 0.45212513070415405, 0.6224376430355089, -0.34491662209938123, -0.2547674887199974, 0.25563863953744365, 0.23417408389514519, -0.3011826803571397, 0.3398212157307913, -0.7616406203508288, 0.014954531271432293], [-0.5331822234205263, 0.034880281463367996, -0.35793867941812124, -0.6027873846248845, 0.13348064079061958, -0.5402830096981786, -0.4526123823135827, 0.4123939294723884, 0.5159354716809296, 0.5295767477494938, -0.07038843578252679, 0.09211995024872063, -0.033365352466112844], [-0.6695142992158265, -0.6842828251685613, -0.6731893146956097, 0.09618304841852246, -0.026243398237938337, -0.10547130248651962, 0.4907673078254271, -0.4203880764269179, 0.16069845076814707, -0.10010897443495537, 0.4944959996700493, 0.3345887533121731, -0.11046505395702678]], "inverted": false, "swapped": true, "error_lsq": 0.051467302711296674, "error_max": 0.2738012842817921, "target": "3.xyz", "model": "4.xyz", "model_rescale": 3.8936222436046832, "target_rescale": 3.9243930471874484},
{"mapping": [8, 11, 9, 7, 12, 10, 1, 6, 4, 3, 5, 13], "R": [[0.8184391669502424, 0.15737796362792325, 0.5526205810193117], [-0.03781724844931436, 0.9744280717489262, -0.22149444396506343], [-0.5733473517175398, 0.16038113839226184, 0.8034617008460864]], "T": [0.0077414601004512085, -0.13352816577507293, 0.03545540189772795], "aligned_model": [[-0.10682842951798249, -0.7038373786776652, -0.12804941542233714, 0.5052870301086102, -0.49578675705201414, -0.6485422799521425, -0.11354085951170625, -0.16330637547988167, 0.7102655673411941, 0.16733357574827576, 0.06190326194899848, -0.057349897318252074], [-0.5448192800623302, -0.6550041583132165, 0.15889360598162033, -0.0036160002817617887, 0.42116735412423895, 0.006023154517041773, -0.37951655842932114, 0.4337746311278911, 0.3332217698062839, -0.615105378621267, 0.5517130382116728, -0.03780927295104497], [-0.5616208790187686, -0.10392552856614226, -0.624728879130135, -0.4598362115677506, -0.11253792529788254, 0.2863787404865082, 0.7236043178607101, 0.3754589831305089, 0.26311914718487733, -0.02198345926404869, -0.17504561290738102, 0.030402026365022143]], "inverted": true, "swapped": true, "error_lsq": 0.050327081795910784, "error_max": 0.23763798767259853, "target": "3.xyz", "model": "5.xyz", "model_rescale": 3.6523030999806103, "target_rescale": 3.9243930471874484},
{"mapping": [4, 6, 1, 0, 3, 5, 10, 7, 12, 8, 11, 8, 13], "R": [[-0.5158883757358231, 0.5790702231699861, -0.631297758920873], [0.8016288895626309, 0.5861824875961571, -0.11739341827446897], [0.3020766578192321, -0.5666284213428088, -0.7666041513893066]], "T": [0.11866479291271005, -0.03546763290978822, 0.05339730370689961], "aligned_model": [[0.2856051691851742, -0.3678276610433989, 0.2957879369012947, 0.6658524342683618, 0.5688399851392895, -0.3653072163751839, -0.3988087670236571, 0.30424466295510305, -0.6426388965846319, 0.2675781872943587, -0.004365059830161208, 0.2675781872943587, 0.004543942483386271], [-0.6755003140633409, -0.08378046411313111, 0.5033636803923177, -0.0836992041067367, 0.10203595068219978, -0.557747920819271, 0.44937379100764896, -0.6769606363545866, -0.07383541702858656, 0.001381509592830038, 0.6823797448338869, 0.001381509592830038, -0.047565325452877526], [0.6241121908118166, 0.5305589359308652, 0.529902108069752, 0.4370765054243228, -0.14439182360889205, 0.15236235178799423, 0.1548633015669093, -0.1991683030442229, 0.007851550237633793, -0.6644144175699725, -0.46358189893864693, -0.6644144175699725, 0.0693536563842024]], "inverted": false, "swapped": true, "error_lsq": 0.06179194270092624, "error_max": 0.43456382074480454, "target": "3.xyz", "model": "6.xyz", "model_rescale": 4.08911054899281, "target_rescale": 3.9243930471874484},
{"mapping": [3, 4, 8, 6, 9, 11, 10, 1, 2, 13, 5, 7, 12, 14], "R": [[0.3005686355068792, -0.9483076504311128, 0.10183857561531084], [-0.4235856204578951, -0.03705831984442787, 0.9050977312266386], [-0.8545371364024112, -0.3151813463137225, -0.4128280531226489]], "T": [0.026764332244988587, -0.09111208088393016, 0.016367387277347784], "aligned_model": [[-0.15330954703930222, 0.4835100329017915, 0.14049381751905277, -0.02920280470372262, -0.522457375492843, -0.11029803619683715, 0.4668703114987203, -0.6878324538908467, -0.39903670758230597, -0.13323929565007825, 0.7765178741220828, 0.313092106695517, 0.37282000371884627, -0.0981180138473711], [0.1992555151186817, 0.07611603686382121, -0.4577027279840976, 0.3814751105887536, -0.459824600318229, -0.6264051838763063, -0.6602097571869513, -0.11920931741217342, 0.5023363280648472, -0.11190278517090882, 0.029501808433030033, 0.4990207968394076, -0.39943103717188577, -0.1895235484375006], [-0.6975734320185827, -0.49379691103087897, -0.547393089275382, -0.13420482958619137, -0.4043033885910765, 0.21437310437427257, -0.024978233453255765, 0.17918027804219602, 0.3579109477340105, 0.7304129796783456, 0.07819897895924252, 0.42752253651620914, 0.5578346637082329, -0.02928724200004498]], "inverted": true, "swapped": false, "error_lsq": 0.03991643764658842, "error_max": 0.22537522384692085, "target": "3.xyz", "model": "7.xyz", "model_rescale": 3.964800864290218, "target_rescale": 3.9243930471874484},
{"mapping": [11, 10, 9, 6, 12, 7, 8, 2, 0, 1, 5, 3, 1, 13], "R": [[-0.5279197357602574, -0.6992491583416831, 0.48202838832714845], [-0.8461288838998589, 0.3840757101502872, -0.3695291067059967], [0.07325752128757426, -0.6029398505912515, -0.7944160573300366]], "T": [-0.05138581373942859, -0.014838822731697981, -0.010249839413406295], "aligned_model": [[-0.21827034468320644, 0.6215726194473469, 0.18190219856293072, -0.2221888514029326, -0.3748471230572265, -0.2670341257081269, 0.4193689271688939, -0.6252418319717593, -0.1926763191952941, 0.02956183786667195, 0.7736892065899764, 0.2552514993836276, 0.02956183786667195, 0.009160381185129532], [0.13452446139056007, 0.08744866450081765, -0.3847670747471784, 0.4995495720281863, -0.5635410533508493, -0.6507025154425831, -0.6210724262455072, -0.04337792340282001, 0.40052993557871186, -0.3428072083688882, -0.05339483515384438, 0.6039261392608025, -0.3428072083688882, -0.06001188932803177], [-0.8083560273242438, -0.4704652565450904, -0.5418385135453894, -0.2169784654907051, -0.41641923852731444, 0.22644898778867537, -0.054163086734465904, 0.3191185224939126, 0.5560232044536293, 0.6598278477948663, 0.11950133670039964, 0.2112590220650884, 0.6598278477948663, -0.02988981786713162]], "inverted": false, "swapped": false, "error_lsq": 0.05294891578104926, "error_max": 0.36064869835347135, "target": "3.xyz", "model": "8.xyz", "model_rescale": 4.121658175737393, "target_rescale": 3.9243930471874484},
{"mapping": [1, 10, 6, 2, 11, 3, 9, 7, 5, 8, 0, 4, 13], "R": [[0.3532653160335827, 0.896637589133978, -0.2669169350934869], [0.09589230214198174, 0.24910518930017977, 0.963717422823533], [0.9305956602507901, -0.3660432193276217, 0.002019580814639932]], "T": [-0.0940243775569537, -0.055516370692842966, -0.014143903637297336], "aligned_model": [[-0.5424944391514428, -0.21981608410945366, 0.28634442281511113, 0.08578953526316457, -0.7366144383518674, -0.4760059734483755, 0.3168167387296754, 0.3014111277190257, 0.608856008726812, -0.34146716893817347, -0.25461356877826424, 0.4715679992368683, -0.023036663277882757], [0.3818085730608213, -0.2881674455598824, 0.10596914703898974, 0.6904434664224186, -0.6374302739068664, -0.007705752444253526, -0.6375805453119614, -0.10471827739012612, -0.16255014042118482, -0.5939153887366159, 0.5573207106081135, 0.5861374533934037, -0.09922408734114667], [-0.4096058086754981, -0.679873101004405, -0.5581423079990719, -0.33881409220654496, -0.22899948625324346, 0.32125091335328937, 0.16531030551413503, 0.5782685210227743, -0.12045768623387038, 0.4190826974560335, 0.2040123536381177, 0.1636538406846887, -0.09461071533731599]], "inverted": true, "swapped": true, "error_lsq": 0.04080787134708555, "error_max": 0.256308907577601, "target": "3.xyz", "model": "9.xyz", "model_rescale": 3.833441315466971, "target_rescale": 3.9243930471874484},
{"mapping": [11, 12, 10, 7, 8, 13, 0, 9, 3, 2, 1, 4, 5, 14], "R": [[-0.10146219943947932, 0.7039162059040822, 0.7029988599923226], [0.13356592590387678, -0.6906092026725538, 0.710787642423122], [0.9858324226370035, 0.16601477117889651, -0.023948491144020256]], "T": [0.12888690462057334, -0.02899201710813959, -0.04234396889515142], "aligned_model": [[-0.12306899031258539, 0.5263369616508351, 0.018552598169982337, -0.2961707853108588, -0.5155412362056515, 0.05565275130547759, 0.5051124783255551, -0.6653061450507356, -0.3606188471710151, -0.3010253920940959, 0.8537607018810796, 0.33298530428834605, 0.34259794083297224, 0.0465425717433985], [0.11986101319536804, 0.07849160956256626, -0.6143424708637187, 0.44460089559907734, -0.35271070224754875, -0.7099630438753933, -0.5965229912259176, -0.005359035901050524, 0.46878177911767327, -0.24912168423633468, -0.15333396664018506, 0.4803889743850551, -0.24678317039703934, -0.000490568122063554], [-0.6585404338488744, -0.48223120384875495, -0.6088643397805017, -0.23970072719206154, -0.33811067861686345, 0.36582482083089823, -0.028710450972408978, 0.12077871066157271, 0.4743060252996873, 0.489979806368722, 0.026256253739545876, 0.5362642135985831, 0.5612534201127239, -0.0046090532951709035]], "inverted": true, "swapped": false, "error_lsq": 0.050446463749110916, "error_max": 0.2945790102815187, "target": "3.xyz", "model": "10.xyz", "model_rescale": 4.2482417240324, "target_rescale": 3.9243930471874484},
{"mapping": [5, 9, 8, 11, 4, 0, 7, 1, 10, 2, 6, 13], "R": [[0.36266227586356325, 0.9225757929428997, -0.13164338168415712], [-0.20764419142475513, -0.05771352420656625, -0.976500403938072], [-0.9084932379676913, 0.38147484242009716, 0.17063698651682055]], "T": [0.08431608721435058, 0.04058043039819293, 0.028174177891767342], "aligned_model": [[-0.5971749636304479, -0.24235770423132202, 0.40375976976880407, 0.800825659180943, -0.5641751040931449, 0.1590740459134217, -0.3002921292423888, 0.4680919166421329, 0.24063430005859932, -0.19667840907303408, -0.3149280930839978, 0.019986314153441154], [-0.177593347683766, -0.5515882448444895, -0.3755968428888343, -0.47729772844301144, 0.6207119264712273, 0.6980595941760108, 0.042119170275661456, 0.45907431778798635, -0.2851772879005001, 0.6872679818445735, 0.051831604217924536, -0.02567975296214326], [-0.0408898201865607, 0.3152515776164424, 0.5415346130709242, -0.09880985355677036, 0.10648782037137453, 0.1334487044980462, 0.6296861889611204, -0.44758584551977365, -0.5903660112659314, -0.41571449851120595, -0.5260547966912442, -0.041795788932064974]], "inverted": false, "swapped": true, "error_lsq": 0.052160294098497505, "error_max": 0.2884347570961714, "target": "3.xyz", "model": "11.xyz", "model_rescale": 3.6694154284099745, "target_rescale": 3.9243930471874484},
{"mapping": [2, 8, 3, 10, 1, 0, 4, 12, 7, 5, 11, 9, 6, 13], "R": [[0.8924956641833508, -0.12160234932203605, 0.43435510593669985], [-0.35969643744628665, 0.389161592939661, 0.8480399327090181], [-0.2721579730641192, -0.9131079471891742, 0.3035851025290982]], "T": [0.00939368775597969, -0.0785514529801545, 0.08241103257388155], "aligned_model": [[-0.19592702413364063, 0.4255811645198526, 0.29747114163348926, -0.25196740535784756, -0.3277006032046491, -0.22191929580695693, 0.3942752177989435, -0.666272131077408, -0.05093388181053694, -0.3768731528756971, 0.7417570309335961, 0.431229811652719, 0.24463475503018792, -0.023545715249348332], [0.026042531312095205, 0.20615401850574183, -0.4171150713903716, 0.48729793426374385, -0.5940698269905366, -0.728809574645878, -0.6785234636150415, -0.018607387155713376, 0.45917348009866893, -0.16151599845727074, -0.02439460368117187, 0.6045752563856046, -0.3009142278214086, -0.1957964284579734], [-0.5285039182264155, -0.4817951620057282, -0.6549050173394195, -0.04020070124671479, -0.49817637614336335, 0.2678740835259147, -0.11653228607947447, 0.04177963462682621, 0.5917025003652794, 0.7813284844227251, 0.15817130020003708, 0.0735538085745816, 0.546168803491264, 0.07343120889158491]], "inverted": false, "swapped": false, "error_lsq": 0.04404926218528036, "error_max": 0.32256768756800414, "target": "3.xyz", "model": "12.xyz", "model_rescale": 3.9764082729961374, "target_rescale": 3.9243930471874484},
{"mapping": [1, 9, 12, 2, 10, 11, 13, 8, 7, 3, 6, 4, 14, 15], "R": [[0.9650173489704734, 0.24293402996745814, -0.09861325098469054], [-0.15517254094168473, 0.22602656293093393, -0.961682627163104], [-0.21133622198691027, 0.9433424881417134, 0.25581624526777164]], "T": [0.14751588299580026, -0.02632429232353188, -0.052284211860130214], "aligned_model": [[-0.24680958641147438, 0.2984254256222272, 0.2578901852970745, -0.47833530316840894, -0.37076392628108085, -0.23697906999746815, 0.41411977059322774, -0.5371315557761953, -0.12859468359313508, -0.27738171847300663, 0.7917951371786496, 0.49630042340199904, 0.2807242721431134, 0.15655054151718198], [-0.024655923891530804, 0.2951450103827305, -0.34579337104473273, 0.4370440025544939, -0.5421500841998409, -0.6560141491058293, -0.5770404337855906, -0.13592886494050604, 0.5638635308812785, -0.09038334388779552, -0.21408795143172032, 0.4774615471541673, -0.5284689680777542, 0.004505637743118875], [-0.5501066892398716, -0.5374469926661749, -0.5935517576088126, -0.22508360417619871, -0.38613551212622715, 0.24131247432281083, -0.06299144483503605, 0.08518418048133033, 0.3304362961894056, 0.6714573949943834, 0.31282927275407446, 0.32243287354513195, 0.5550989367763248, 0.050460934645957134]], "inverted": false, "swapped": false, "error_lsq": 0.04533915481648141, "error_max": 0.3066845752070585, "target": "3.xyz", "model": "13.xyz", "model_rescale": 4.170626492500431, "target_rescale": 3.9243930471874484},
{"mapping": [0, 3, 1, 2, 7, 10, 9, 8, 4, 12, 11, 6, 11, 13], "R": [[0.9365497506101892, 0.1814138407855498, -0.2999392988646662], [0.35024448144766984, -0.44948498132176073, 0.8217615559160877], [0.01426070992080039, -0.8746726644508857, -0.4845042437532856]], "T": [-0.01796717597904104, -0.023249465326268662, -0.006850265322189596], "aligned_model": [[-0.3107775100777495, 0.5878318147034557, 0.13036408978057523, -0.0509946725083075, -0.5229288989245103, -0.11726909768136634, 0.41783613632650957, -0.7021553490369818, -0.4899262487605683, -0.24535562525949126, 0.5688760685008963, 0.5306057354095712, 0.5688760685008963, 0.05482740107977427], [0.04607249431703335, 0.12946436695711638, -0.3903381547072048, 0.5716491800309236, -0.5555645270117135, -0.5385509568654139, -0.6979651986588633, -0.2168058744500121, 0.41596201280515205, -0.16344578221514178, -0.2167126447169191, 0.5099749509407427, -0.2167126447169191, -0.013530583358292193], [-0.5219376178014535, -0.2986715680868675, -0.6656811993425062, -0.2860221719702818, -0.35193595953678913, 0.20034965296588977, -0.11239926172124723, 0.207576302853684, 0.2888033186064246, 0.6745788264040146, 0.3364377416915524, 0.34276201966993397, 0.3364377416915524, 0.06359853763319173]], "inverted": true, "swapped": false, "error_lsq": 0.05193689781013937, "error_max": 0.36214655946344215, "target": "3.xyz", "model": "14.xyz", "model_rescale": 3.9786697098870705, "target_rescale": 3.9243930471874484},
{"mapping": [7, 8, 0, 4, 3, 1, 12, 10, 2, 5, 11, 13], "R": [[-0.0015339589802841587, -0.4070878648409747, -0.913387714647544], [0.5757332486880441, 0.7464610505180225, -0.33365719895521634], [0.8176361497175608, -0.5263794927224525, 0.23322897829449932]], "T": [-0.010680787926728143, 0.011891136994995895, -0.06853191510950937], "aligned_model": [[-0.09717962086347018, -0.6325475649994982, 0.5396578539016612, 0.6622472029822293, -0.059128117711193647, 0.42171755968193986, -0.30808938074254605, -0.1573906621404168, 0.7909146873392467, -0.014694511371266684, -0.62892992340534, -0.033222925904008944], [-0.5275062178756984, 0.09313799741942436, 0.15847995378945143, -0.5270402665966518, 0.29527801212416227, 0.5819236082460114, -0.28773122033874243, 0.2884977646559648, -0.01605367526156528, -0.6448696280383982, 0.6393820303364697, -0.03882386823598879], [-0.5282176695181294, -0.44993378292901554, -0.42150419057075883, -0.2097667047746127, -0.49046818200594533, 0.12346618805014956, 0.5677890589787441, 0.5757587232234266, 0.1569977607191075, 0.22378447716353508, 0.07888546385544251, 0.03317535168188614]], "inverted": false, "swapped": true, "error_lsq": 0.05199807207165999, "error_max": 0.306832654242172, "target": "3.xyz", "model": "15.xyz", "model_rescale": 3.769337070930944, "target_rescale": 3.9243930471874484},
{"mapping": [1, 10, 0, 3, 2, 6, 4, 12, 7, 8, 13], "R": [[0.2375246658573108, 0.969239567282091, 0.06447243072971381], [0.7909469571974206, -0.23150776770947473, 0.5663983266132747], [0.5639015375129905, -0.0835393003621695, -0.8216058917056793]], "T": [-0.1103871364660717, 0.04435718305885032, 0.08767101765218155], "aligned_model": [[-0.33448481286499393, -0.21507319635915825, -0.08980735158462844, -0.49703941979992383, 0.34470139802981115, 0.3709326471306216, 0.6045190646694224, 0.19744412618108556, 0.16443270509226118, -0.5755265099207835, -0.04747251988254314], [0.0015580972294055168, -0.6240703606338099, 0.5820648145931986, 0.37730571894603443, 0.18397025460978422, -0.34187448673666, 0.5075265508438752, -0.6269118556224518, 0.4721560201240376, 0.11640602336510301, -0.05206627909317464], [-0.6171105730529964, -0.14768167087779954, -0.3115749022855955, 0.10585788996486792, -0.5961436277019546, -0.20532834044807557, -0.10626109640171172, 0.2820099010607075, 0.5888743267380937, 0.650912576314707, 0.10066312391353414]], "inverted": true, "swapped": true, "error_lsq": 0.0399238097476391, "error_max": 0.1859415225212674, "target": "3.xyz", "model": "16.xyz", "model_rescale": 3.7852294659196426, "target_rescale": 3.9243930471874484},
{"mapping": [6, 0, 7, 4, 1, 3, 11, 8, 5, 12, 10, 9, 13], "R": [[-0.3081586294603776, -0.65135550954838, 0.6933788713755794], [0.6855643704121771, 0.3532763653181213, 0.6365511006423386], [-0.6595754339804182, 0.671514564167143, 0.33768096926086194]], "T": [-0.09603648953024951, 0.0343508167369644, 0.04219362711777487], "aligned_model": [[0.13544147334770315, -0.5187516088756401, 0.30239471548741714, 0.10318780342721057, -0.7166918285919053, -0.4384355015112945, -0.39306288557475977, -0.03644293349886085, 0.5670701580373578, 0.44221814855364355, -0.1268924799716634, 0.5503970806840732, -0.01666629129699826], [0.039894753627773144, -0.48459100467935334, -0.3838453636987895, -0.7686323676740865, 0.07497632692564828, -0.024759089827384687, 0.8403546517961811, 0.32274936668130483, -0.10276692184122789, 0.4495423075561813, 0.6012700336264561, 0.22956231899448126, 0.08130061221569035], [-0.6005189666186342, 0.011183257804696159, 0.46184476423557025, -0.23843796623276703, -0.3601807494624488, 0.41629844347487166, 0.28681953803089405, 0.7145488977905379, -0.19923542120391868, -0.3056968451461669, -0.39460832992513617, 0.3316915512470733, -0.027953476851397527]], "inverted": false, "swapped": true, "error_lsq": 0.050568005771395655, "error_max": 0.31963663916706564, "target": "3.xyz", "model": "17.xyz", "model_rescale": 3.901054581598922, "target_rescale": 3.9243930471874484},
{"mapping": [9, 10, 11, 5, 12, 7, 6, 3, 2, 0, 4, 8, 1, 14], "R": [[-0.18863132673660443, -0.9137975574566137, 0.35971133782508924], [-0.9597950584321218, 0.24907801837904414, 0.12943564644119127], [-0.20787416477972653, -0.3208335467913162, -0.924042297121964]], "T": [0.03346605270352341, -0.04388829959718077, 0.009396123785121044], "aligned_model": [[-0.10463912118905944, 0.6001434541618943, 0.09416633053233908, -0.05747715332389244, -0.49763445964073016, -0.11607788435339486, 0.40507523963296393, -0.6830665900644664, -0.430835989585476, -0.25228901528997716, 0.8031028449940589, 0.31142956340251465, 0.34256144539876815, 0.005351247377161035], [0.16250662951079803, 0.09856767787633389, -0.5447542121650217, 0.5447907123571425, -0.4617358319342185, -0.6643961389348165, -0.691723210468321, -0.16264187004449143, 0.5061363918865839, -0.22262616548820502, 0.08852059396407866, 0.44931493955579976, -0.3761625882790328, -0.062300289486141185], [-0.6009461699459507, -0.565961821573518, -0.6088108017873483, -0.17841335722570834, -0.29932833197556347, 0.18907265538371248, -0.06769009882542716, 0.24579504693561066, 0.41637837680429424, 0.6890293593704899, 0.134700005482483, 0.3556692872684795, 0.5383000703873164, -0.03389785724177294]], "inverted": false, "swapped": false, "error_lsq": 0.040792090712245134, "error_max": 0.2604287661406335, "target": "3.xyz", "model": "18.xyz", "model_rescale": 3.9405287249114394, "target_rescale": 3.9243930471874484},
{"mapping": [14, 12, 3, 13, 10, 2, 1, 11, 9, 5, 0, 7, 6, 15], "R": [[-0.8388093583127021, -0.45238834258681104, -0.3028921390505063], [-0.5414938984100158, 0.7509089482472509, 0.3780477607749201], [0.056420017651154404, 0.4811242447993719, -0.8748349802531206]], "T": [0.14922490611619055, 0.01273866419795272, -0.010663356017724147], "aligned_model": [[-0.29501574485987625, 0.4065133467691272, 0.1714128100897167, -0.1850969431316941, -0.43166133038666454, -0.17952396878863885, 0.506680185341918, -0.5651763365428306, -0.27836772935242104, -0.21731134591597157, 0.768578649211709, 0.2481732919794898, 0.3442472936028971, 0.12635773403594225], [0.05736467071614754, 0.08015844447993059, -0.5415784605940521, 0.5441544093026249, -0.4604853413414464, -0.7385072160397161, -0.5356190313581533, 0.10019536403227036, 0.4260893927149997, -0.23566855315257634, -0.11445577298828835, 0.5957080627436739, -0.49450151693853367, -0.019357813226392157], [-0.6434332396553576, -0.4896166875047313, -0.6569363764615238, -0.24973667603124614, -0.24843269333715648, 0.27722392693827147, -0.09462159002423898, 0.023911086004564645, 0.47442999611562436, 0.6930465793059503, 0.2593306698761778, 0.371411827991432, 0.5021300942249923, -0.0048105543856617255]], "inverted": false, "swapped": false, "error_lsq": 0.04151947705292325, "error_max": 0.2862357081031888, "target": "3.xyz", "model": "19.xyz", "model_rescale": 4.410303926677745, "target_rescale": 3.9243930471874484},
{"mapping": [11, 10, 9, 6, 12, 7, 8, 2, 0, 1, 5, 3, 1, 13], "R": [[-0.5279197357602574, -0.6992491583416831, 0.48202838832714845], [-0.8461288838998589, 0.3840757101502872, -0.3695291067059967], [0.07325752128757426, -0.6029398505912515, -0.7944160573300366]], "T": [-0.05138581373942859, -0.014838822731697981, -0.010249839413406295], "aligned_model": [[-0.21827034468320644, 0.6215726194473469, 0.18190219856293072, -0.2221888514029326, -0.3748471230572265, -0.2670341257081269, 0.4193689271688939, -0.6252418319717593, -0.1926763191952941, 0.02956183786667195, 0.7736892065899764, 0.2552514993836276, 0.02956183786667195, 0.009160381185129532], [0.13452446139056007, 0.08744866450081765, -0.3847670747471784, 0.4995495720281863, -0.5635410533508493, -0.6507025154425831, -0.6210724262455072, -0.04337792340282001, 0.40052993557871186, -0.3428072083688882, -0.05339483515384438, 0.6039261392608025, -0.3428072083688882, -0.06001188932803177], [-0.8083560273242438, -0.4704652565450904, -0.5418385135453894, -0.2169784654907051, -0.41641923852731444, 0.22644898778867537, -0.054163086734465904, 0.3191185224939126, 0.5560232044536293, 0.6598278477948663, 0.11950133670039964, 0.2112590220650884, 0.6598278477948663, -0.02988981786713162]], "inverted": false, "swapped": false, "error_lsq": 0.05294891578104926, "error_max": 0.36064869835347135, "target": "3.xyz", "model": "20.xyz", "model_rescale": 4.121658175737393, "target_rescale": 3.9243930471874484},
{"mapping": [4, 6, 1, 0, 3, 5, 10, 7, 12, 8, 11, 8, 13], "R": [[-0.5158883757358231, 0.5790702231699861, -0.631297758920873], [0.8016288895626309, 0.5861824875961571, -0.11739341827446897], [0.3020766578192321, -0.5666284213428088, -0.7666041513893066]], "T": [0.11866479291271005, -0.03546763290978822, 0.05339730370689961], "aligned_model": [[0.2856051691851742, -0.3678276610433989, 0.2957879369012947, 0.6658524342683618, 0.5688399851392895, -0.3653072163751839, -0.3988087670236571, 0.30424466295510305, -0.6426388965846319, 0.2675781872943587, -0.004365059830161208, 0.2675781872943587, 0.004543942483386271], [-0.6755003140633409, -0.08378046411313111, 0.5033636803923177, -0.0836992041067367, 0.10203595068219978, -0.557747920819271, 0.44937379100764896, -0.6769606363545866, -0.07383541702858656, 0.001381509592830038, 0.6823797448338869, 0.001381509592830038, -0.047565325452877526], [0.6241121908118166, 0.5305589359308652, 0.529902108069752, 0.4370765054243228, -0.14439182360889205, 0.15236235178799423, 0.1548633015669093, -0.1991683030442229, 0.007851550237633793, -0.6644144175699725, -0.46358189893864693, -0.6644144175699725, 0.0693536563842024]], "inverted": false, "swapped": true, "error_lsq": 0.06179194270092624, "error_max": 0.43456382074480454, "target": "3.xyz", "model": "21.xyz", "model_rescale": 4.08911054899281, "target_rescale": 3.9243930471874484},
{"mapping": [9, 5, 10, 15, 12, 13, 7, 3, 2, 4, 6, 1, 0, 16], "R": [[0.6617636528324562, -0.23637833255880752, 0.7114732262612296], [0.7226401867711447, -0.05160457019842199, -0.6892953857367694], [0.19964976396983286, 0.9702897774538051, 0.13666645351159176]], "T": [0.06620202656912004, 0.015270751391149695, -0.029299938357706622], "aligned_model": [[-0.11900171531029934, 0.4023173271635686, 0.35434859178919925, -0.2947115373918509, -0.3336645244854662, -0.25810641846913557, 0.25341566201411614, -0.7292113057969641, -0.26326291195861923, -0.19297611397758324, 0.7469854014766164, 0.37929235218659796, 0.41005203998306367, 0.06433306482945986], [-0.0006964713719927185, 0.11607686548268012, -0.47638088250181915, 0.6478901880503167, -0.4979794963305774, -0.5198708165233088, -0.6703944423934936, -0.19431048080194857, 0.3919071736185473, -0.14310981780856072, -0.2784523412712252, 0.5752287542555325, -0.27034005573278147, -0.016071538320880915], [-0.7170442464792731, -0.6413405301620713, -0.6006016424136125, -0.06156548661280295, -0.3780841561706417, 0.18325005763185362, -0.004591948856947196, 0.24939731871738913, 0.49113419686586934, 0.5984217138341612, 0.04702089652883029, 0.4380541718188414, 0.6033714086373363, 0.006474609718164496]], "inverted": true, "swapped": false, "error_lsq": 0.04505318999483298, "error_max": 0.25871512868934027, "target": "3.xyz", "model": "22.xyz", "model_rescale": 4.204369325754507, "target_rescale": 3.9243930471874484},
{"mapping": [14, 12, 3, 13, 10, 2, 1, 11, 9, 5, 0, 7, 6, 15], "R": [[-0.8388093583127021, -0.45238834258681104, -0.3028921390505063], [-0.5414938984100158, 0.7509089482472509, 0.3780477607749201], [0.056420017651154404, 0.4811242447993719, -0.8748349802531206]], "T": [0.14922490611619055, 0.01273866419795272, -0.010663356017724147], "aligned_model": [[-0.29501574485987625, 0.4065133467691272, 0.1714128100897167, -0.1850969431316941, -0.43166133038666454, -0.17952396878863885, 0.506680185341918, -0.5651763365428306, -0.27836772935242104, -0.21731134591597157, 0.768578649211709, 0.2481732919794898, 0.3442472936028971, 0.12635773403594225], [0.05736467071614754, 0.08015844447993059, -0.5415784605940521, 0.5441544093026249, -0.4604853413414464, -0.7385072160397161, -0.5356190313581533, 0.10019536403227036, 0.4260893927149997, -0.23566855315257634, -0.11445577298828835, 0.5957080627436739, -0.49450151693853367, -0.019357813226392157], [-0.6434332396553576, -0.4896166875047313, -0.6569363764615238, -0.24973667603124614, -0.24843269333715648, 0.27722392693827147, -0.09462159002423898, 0.023911086004564645, 0.47442999611562436, 0.6930465793059503, 0.2593306698761778, 0.371411827991432, 0.5021300942249923, -0.0048105543856617255]], "inverted": false, "swapped": false, "error_lsq": 0.04151947705292325, "error_max": 0.2862357081031888, "target": "3.xyz", "model": "23.xyz", "model_rescale": 4.410303926677745, "target_rescale": 3.9243930471874484},
{"mapping": [6, 12, 13, 5, 14, 11, 7, 9, 4, 10, 0, 2, 1, 16], "R": [[0.2187566869025594, -0.26094985864260345, 0.9402396945512466], [0.8710646634950155, 0.486487968530424, -0.06764472252479908], [-0.4397634181531377, 0.8338073085249056, 0.33372669702126323]], "T": [-0.0734329507861914, -0.12047127520234036, 0.03841265218451938], "aligned_model": [[-0.1569386804058825, 0.4752792147702345, 0.10265114510586172, -0.036959004744518284, -0.4886085132931855, -0.23523214904974743, 0.4381434153768409, -0.6716342402196764, -0.1392896127289179, -0.3304075158242762, 0.6411541788008963, 0.4203313677249205, 0.4039944233474426, -0.002674116807288643], [0.03890383322117577, 0.1558544044522479, -0.41848703152596256, 0.45900119082695856, -0.4621462664262149, -0.7127392709634874, -0.5388853518515313, -0.24818277620777277, 0.46018989840653834, -0.1766231512102605, 0.1200706377130234, 0.5909255941249825, -0.511346100647863, -0.09303897156134522], [-0.7001836229858021, -0.47998383016996693, -0.5734432327964741, -0.20342064949662814, -0.3727289811777589, 0.19255909959446554, -0.03335209353042086, 0.1735606209426161, 0.402253104212701, 0.6338914393968712, 0.08189406713012774, 0.32651895766033023, 0.6347475604626889, 0.13158392381434736]], "inverted": true, "swapped": false, "error_lsq": 0.03587213862219185, "error_max": 0.2267330432241385, "target": "3.xyz", "model": "24.xyz", "model_rescale": 4.28219845311461, "target_rescale": 3.9243930471874484},
{"mapping": [2, 4, 0, 13, 6, 8, 1, 14, 12, 11, 3, 7, 5, 15], "R": [[0.19433831042794325, -0.7705312352735559, -0.6070537344978786], [0.9647596293527229, 0.038217527263676096, 0.2603426169128823], [-0.1774020255555443, -0.6362554801945981, 0.7508045586243679]], "T": [0.03403128553528744, -0.040806466832881215, 0.08187463229600754], "aligned_model": [[-0.3072072898831839, 0.507468461935719, 0.13497550805105496, -0.1107580974338627, -0.42920643578716955, -0.04873574614718939, 0.46592742886027577, -0.7254971683142903, -0.41950086831660655, -0.26771290457882946, 0.8047525404674962, 0.49258089648841175, 0.2776111978052075, 0.04511238890567034], [0.11374888034464872, 0.1271130616675482, -0.3834214505620303, 0.52471096034341, -0.6576844065455022, -0.7213242534411701, -0.5099970624581132, -0.009179317424716026, 0.42063354265011194, -0.08653767151765596, -0.09104146488071926, 0.587621690850788, -0.5844852195881318, -0.06666065108797949], [-0.49122998615783553, -0.44945280439053537, -0.651596163919335, -0.028318521195149562, -0.38403260739974093, 0.19137905003817707, 0.02527688318429265, 0.03432596135966569, 0.48906206248488454, 0.5328027550595468, 0.14112441733088898, 0.1007508256429973, 0.6904491314784947, 0.013355359540745848]], "inverted": false, "swapped": false, "error_lsq": 0.04410394324116746, "error_max": 0.2942912438996229, "target": "3.xyz", "model": "25.xyz", "model_rescale": 4.100010024507729, "target_rescale": 3.9243930471874484},
{"mapping": [5, 9, 8, 11, 4, 0, 7, 1, 10, 2, 6, 13], "R": [[0.36266227586356325, 0.9225757929428997, -0.13164338168415712], [-0.20764419142475513, -0.05771352420656625, -0.976500403938072], [-0.9084932379676913, 0.38147484242009716, 0.17063698651682055]], "T": [0.08431608721435058, 0.04058043039819293, 0.028174177891767342], "aligned_model": [[-0.5971749636304479, -0.24235770423132202, 0.40375976976880407, 0.800825659180943, -0.5641751040931449, 0.1590740459134217, -0.3002921292423888, 0.4680919166421329, 0.24063430005859932, -0.19667840907303408, -0.3149280930839978, 0.019986314153441154], [-0.177593347683766, -0.5515882448444895, -0.3755968428888343, -0.47729772844301144, 0.6207119264712273, 0.6980595941760108, 0.042119170275661456, 0.45907431778798635, -0.2851772879005001, 0.6872679818445735, 0.051831604217924536, -0.02567975296214326], [-0.0408898201865607, 0.3152515776164424, 0.5415346130709242, -0.09880985355677036, 0.10648782037137453, 0.1334487044980462, 0.6296861889611204, -0.44758584551977365, -0.5903660112659314, -0.41571449851120595, -0.5260547966912442, -0.041795788932064974]], "inverted": false, "swapped": true, "error_lsq": 0.052160294098497505, "error_max": 0.2884347570961714, "target": "3.xyz", "model": "26.xyz", "model_rescale": 3.6694154284099745, "target_rescale": 3.9243930471874484},
{"mapping": [7, 5, 1, 8, 3, 12, 6, 9, 10, 11, 0, 4, 2, 13], "R": [[0.7543127322729889, 0.4595213361170059, 0.4688842539306474], [0.5622015214768425, -0.8209463470777613, -0.09988265349300371], [0.3390306050786294, 0.338950198219328, -0.8775938764298078]], "T": [0.008989223206440973, -0.029267539824790217, -0.0018420752994785065], "aligned_model": [[-0.24344593536905013, 0.44340016480072236, 0.5391200480584789, -0.1775188148072953, -0.465991828622398, -0.30537594346657687, 0.21145946708942365, -0.6682871721778236, -0.1507943912455873, -0.28469016419818993, 0.669093190471642, 0.44137349697106, 0.3704052583056389, 0.041062536242659396], [-0.028419007733906758, 0.22368620897789263, -0.46239188673122034, 0.5729992311125752, -0.5502654529475223, -0.6815814736777842, -0.6836950571544371, -0.006727841919943953, 0.32329219007313126, -0.2897087531024478, 0.004210502740867629, 0.5740333809274148, -0.2825188596106033, -0.049416542603527285], [-0.5783872126709605, -0.6128085510663485, -0.5595259125713914, -0.10598947474370375, -0.3965386616273443, 0.3228021715944515, -0.04566965460876536, 0.07333891793689949, 0.45865933979018975, 0.7611115675159249, -0.010520565943361048, 0.35114858875484284, 0.5152380585320215, 0.04103775216464192]], "inverted": true, "swapped": false, "error_lsq": 0.047540267231264935, "error_max": 0.38817819313077956, "target": "3.xyz", "model": "27.xyz", "model_rescale": 4.103607728864725, "target_rescale": 3.9243930471874484},
