[{"mapping": [11, 8, 9, 2, 1, 12, 4, 5, 3, 6, 7, 14], "R": [[0.7331537377067809, 0.5194786386455598, 0.43889354162203453], [-0.6724911148120806, 0.4577606465536864, 0.5815590176117605], [0.10119929537986663, -0.7215241745483701, 0.6849536978197224]], "T": [-0.07664949147759509, -0.11427027019103149, -0.004224124580040362], "aligned_model": [[-0.2739050015718906, 0.42039849961028736, 0.4321198664131379, -0.2715148963000769, -0.07408662807849915, -0.7021868936818763, 0.3262741585033528, -0.29919897077634333, 0.677450516029636, 0.11422624081782609, -0.501417386546506, -0.010517041958499243], [-0.422665725741248, -0.5783489395425221, -0.17027876196707886, 0.6677693867983582, 0.3067217774794317, -0.45578604489797275, -0.3420787457274695, -0.43931399308257274, 0.08439257236284022, 0.26472574001471255, 0.26748345133020385, -0.1290656810496254], [-0.46304170237166153, -0.05640895468835759, -0.5980036267761115, -0.028327904170434615, -0.6048114923999297, 0.004252436104239404, 0.5273822339805485, 0.6479411436273297, 0.13111873608051694, 0.25859034519339075, 0.5183897825836175, -0.15512925180958534]], "inverted": true, "swapped": true, "error_lsq": 0.048283446173900714, "error_max": 0.2337619493966208, "target": "30.xyz", "model": "0.xyz", "model_rescale": 3.751011558992144, "target_rescale": 3.964800864290218},
{"mapping": [13, 3, 2, 9, 10, 4, 5, 8, 11, 12, 6, 7, 1, 0, 14], "R": [[0.5092317086321345, -0.0937197217547005, 0.8555113562529832], [0.287165575677845, 0.9555872817988926, -0.06624861515394886], [-0.8113069696910098, 0.2794093066066799, 0.5135284221076429]], "T": [0.00872078987735537, -0.0006726163270264623, -0.05981113543562637], "aligned_model": [[0.11823145319635166, 0.3788933251217601, 0.7201051671624878, -0.39612686117338824, -0.6010290065669441, -0.05841085306795813, 0.10933456134404436, 0.4240144926173925, -0.7459209664312825, -0.2685355586120725, -0.42856761714322766, -0.04021189734978436, 0.2416541579201118, 0.6107194993031333, -0.027816356521069487], [-0.6352639722676533, -0.6156147201771855, -0.2927677060305553, -0.3087011564871924, 0.3694163261074111, 0.7757552583352927, -0.1172877242663261, 0.3921402657642772, -0.15465497496642983, -0.6193379212358844, 0.29937392472363233, -0.11676268194393728, 0.43934711488449296, -0.07340984562583097, -0.041473370644997835], [-0.3956733451071653, 0.2013868595334109, -0.3637039262580484, -0.4786266308745921, -0.4644011854279066, -0.19481879400589153, -0.6650910975913008, -0.39692748370053355, 0.1488422656627904, 0.2440922403296814, 0.4716742054337875, 0.5911924840497315, 0.42784676887090306, 0.39605218599209746, -0.05777451482488418]], "inverted": true, "swapped": false, "error_lsq": 0.03174782952551462, "error_max": 0.2117924773690898, "target": "30.xyz", "model": "1.xyz", "model_rescale": 3.9405287249114394, "target_rescale": 3.964800864290218},
{"mapping": [2, 9, 11, 4, 8, 13, 6, 3, 10, 12, 5, 7, 14], "R": [[0.8728923872539252, 0.2349747391100393, 0.4276046681858285], [-0.38230092713076236, 0.8739211961936055, 0.30017951955204614], [-0.30315817882601, -0.425498078519406, 0.8526702198313192]], "T": [-0.05725317069161591, 0.011749458458689056, -0.011750928327032298], "aligned_model": [[-0.4278930882319909, 0.3131566078731994, -0.270542796819411, 0.4905094509575076, 0.510844078786605, -0.7822754497113237, 0.09219385659429367, 0.6417209527573441, 0.015634966021743094, -0.5707201141841067, -0.055543549955437546, -0.43812450309823986, -0.022977131706251923], [0.6138365710565674, 0.39586430990899907, -0.09227389423873256, -0.3011219975006777, -0.19821524565960613, 0.0976102153929248, 0.26341738496837336, 0.34456622815893395, -0.6154458451224841, -0.4672908205633189, -0.628936675089106, -0.04278624809105392, 0.08960861035119758], [0.3758786676282664, -0.5860415209251186, -0.5486100722717078, 0.3027598855922986, -0.3253259774696267, -0.06527800274150393, 0.3925655408591686, 0.1529293947866459, -0.35900914521204413, -0.13371004863458907, 0.400583383924378, 0.6600018903491337, -0.15362364629665676]], "inverted": true, "swapped": true, "error_lsq": 0.0495875152146326, "error_max": 0.3057093329510205, "target": "30.xyz", "model": "2.xyz", "model_rescale": 3.932901565614263, "target_rescale": 3.964800864290218},
{"mapping": [3, 4, 8, 6, 9, 11, 10, 1, 2, 13, 5, 7, 12, 14], "R": [[0.3005686355068792, -0.9483076504311128, 0.10183857561531084], [-0.4235856204578951, -0.03705831984442787, 0.9050977312266386], [-0.8545371364024112, -0.3151813463137225, -0.4128280531226489]], "T": [0.026764332244988587, -0.09111208088393016, 0.016367387277347784], "aligned_model": [[-0.15330954703930222, 0.4835100329017915, 0.14049381751905277, -0.02920280470372262, -0.522457375492843, -0.11029803619683715, 0.4668703114987203, -0.6878324538908467, -0.39903670758230597, -0.13323929565007825, 0.7765178741220828, 0.313092106695517, 0.37282000371884627, -0.0981180138473711], [0.1992555151186817, 0.07611603686382121, -0.4577027279840976, 0.3814751105887536, -0.459824600318229, -0.6264051838763063, -0.6602097571869513, -0.11920931741217342, 0.5023363280648472, -0.11190278517090882, 0.029501808433030033, 0.4990207968394076, -0.39943103717188577, -0.1895235484375006], [-0.6975734320185827, -0.49379691103087897, -0.547393089275382, -0.13420482958619137, -0.4043033885910765, 0.21437310437427257, -0.024978233453255765, 0.17918027804219602, 0.3579109477340105, 0.7304129796783456, 0.07819897895924252, 0.42752253651620914, 0.5578346637082329, -0.02928724200004498]], "inverted": true, "swapped": true, "error_lsq": 0.03991643764658842, "error_max": 0.22537522384692085, "target": "30.xyz", "model": "3.xyz", "model_rescale": 3.9243930471874484, "target_rescale": 3.964800864290218},
{"mapping": [3, 6, 0, 9, 1, 4, 8, 2, 13, 12, 11, 10, 14], "R": [[0.3900089888157374, -0.9025540963112891, 0.18245298538154425], [0.8625991291469771, 0.4274427323846849, 0.27058354149207103], [-0.32220448637131466, 0.051853772892882524, 0.945248885320142]], "T": [-0.09713739743663585, 0.017329252460761863, -0.09603596522144581], "aligned_model": [[-0.01687258516987475, -0.07610142948306486, 0.4949475010400667, 0.4076185502646472, 0.6326792535077008, -0.6190035770756239, -0.26766556933187224, 0.3477163763283241, 0.15086786952546763, -0.3628170356347749, 0.0812360469400834, -0.5197265647149163, 0.024327050115189347], [-0.6666263897971324, -0.07297600554784717, -0.37727244760432344, -0.5117786492742136, 0.08893873847285917, -0.4075119480278865, -0.5736514672829627, 0.3836869046940353, 0.6978303901454989, 0.5488738513361016, 0.12286153689847924, -0.04875394572630529, -0.055791014604715694], [-0.4861816759516117, -0.5864902596075081, -0.7111629069216658, 0.18649468707947064, -0.08240525090155784, -0.30583380748543637, 0.19860093804466183, -0.6599745557687253, 0.010294235194324486, 0.29750766293756425, 0.45312422474109953, 0.4839005012284589, -0.010803477218110757]], "inverted": false, "swapped": true, "error_lsq": 0.04774076838346761, "error_max": 0.2761340382425716, "target": "30.xyz", "model": "4.xyz", "model_rescale": 3.8936222436046832, "target_rescale": 3.964800864290218},
{"mapping": [2, 6, 1, 13, 9, 8, 4, 10, 12, 7, 11, 14], "R": [[-0.633413783845348, -0.6753339895910238, -0.3777710694822858], [0.3214714958785533, 0.2144166486887992, -0.9223240092845191], [0.7038771595756779, -0.7056553714584302, 0.08128616708604686]], "T": [-0.1132568412197045, -0.07689912292922643, 0.021232408526336212], "aligned_model": [[-0.006504671230226022, -0.29628640495828007, -0.2578239042194995, 0.47174149237226903, -0.7042293562686543, -0.5617061605030406, -0.39769176462850275, 0.05790026909243379, 0.5369293883081782, 0.35009845152437713, 0.036543044687830706, -0.20142234196178865], [-0.5592605316059462, -0.5340831550259019, 0.10024369937594285, 0.003026325818842296, 0.3780474195000567, 0.23745293647967272, -0.35186734411898846, 0.39030415683994, 0.17631706195635014, -0.6962161354576344, 0.48222203740945213, 0.04273643393802176], [-0.6160045873497683, -0.06016726006615979, -0.6756656067217829, -0.4115301068197336, -0.22028868350529093, 0.4277111460571944, 0.6046179940385462, 0.5424820967416057, 0.16663305727147149, -0.010974348783040419, -0.07610507243950693, -0.051423909148016804]], "inverted": true, "swapped": true, "error_lsq": 0.04767010082806126, "error_max": 0.27307980506212864, "target": "30.xyz", "model": "5.xyz", "model_rescale": 3.6523030999806103, "target_rescale": 3.964800864290218},
{"mapping": [2, 13, 12, 7, 5, 1, 11, 6, 9, 8, 10, 4, 14], "R": [[0.1096839367028269, 0.7628028008890443, -0.6372607951107607], [-0.2591730277546548, 0.640899037158758, 0.7225494902451054], [0.959582604945429, 0.08590873718549052, 0.26799424091076857]], "T": [0.06847862267679132, -0.0809059528917502, -0.01443007027759103], "aligned_model": [[0.1577829285686963, -0.015169827696529428, 0.167464287304052, 0.6984424459702014, 0.7177447441649645, -0.47799209641345924, -0.36972226196386504, 0.3234014471260745, -0.6164677502466995, -0.12452656024932877, 0.02717905116594667, 0.4861527276203694, -0.09320623068612836], [-0.6854623075235835, 0.035630210901711284, 0.5100377979806772, -0.2277164166048944, 0.3059913857782127, -0.4521132504128057, 0.28652901150352317, -0.5068633147545247, -0.26151521952744505, 0.10280170130282687, 0.5980862101359088, -0.06733049175213393, -0.09724841286428927], [0.5115698330633586, 0.7034256127326286, 0.37156117251727205, 0.41087127421044534, -0.11068588777000296, 0.3041934603969245, 0.11786730156760819, -0.06656111576087825, -0.35026643955891357, -0.6422433151513866, -0.25220914093357755, -0.5820686336404781, -0.04534438219121156]], "inverted": false, "swapped": true, "error_lsq": 0.05397878847172095, "error_max": 0.26050073394738205, "target": "30.xyz", "model": "6.xyz", "model_rescale": 4.08911054899281, "target_rescale": 3.964800864290218},
{"mapping": [0, 1, 2, 3, 4, 5, 6, 7, 8, 9, 10, 11, 12, 13, 14], "R": [[1.0, 0.0, 0.0], [0.0, 1.0, 0.0], [0.0, 0.0, 1.0]], "T": [0.0, 0.0, 0.0], "aligned_model": [[0.08873201001558505, 0.3420134570220729, 0.671220306161939, -0.4329688447813919, -0.5024023445769189, -0.12142469861123405, 0.08833355368598, 0.5152579965364088, -0.671220306161939, -0.3505813022084368, -0.40867501432258463, -0.016342573616644922, 0.22809093847438264, 0.649463904528526, -0.04316354234618963], [-0.7349549320988803, -0.6273832495356125, -0.2741500234702425, -0.38502573073699253, 0.27853836492686057, 0.7349549320988803, -0.08301833087370611, 0.422984585456658, -0.08342147848558121, -0.6670825951995156, 0.3832346950095842, -0.08740664710837619, 0.48740184340782655, 0.07255071814344331, -0.13646333536523295], [-0.5801931241285206, 0.16541799259252626, -0.352767074028165, -0.539207383466589, -0.4084822555873641, -0.1599953747269879, -0.4841984164427072, -0.39355076166715275, 0.0874821742307336, 0.21598812382051524, 0.4532006175098721, 0.5801931241285206, 0.4673498527224813, 0.3298902125905763, 0.08294232453434237]], "inverted": false, "swapped": false, "error_lsq": 0.0, "error_max": 0.0, "target": "30.xyz", "model": "7.xyz", "model_rescale": 3.964800864290218, "target_rescale": 3.964800864290218},
{"mapping": [4, 10, 5, 3, 7, 9, 6, 12, 11, 1, 1, 2, 13, 14], "R": [[-0.40155495797598506, -0.6786519537199537, -0.6149675938104339], [-0.6974412085835754, -0.2086005612975203, 0.6856103604787789], [-0.5935733958782069, 0.7042139813568382, -0.38955524918445633]], "T": [0.010366772717694102, -0.04781256828276687, -0.004216417473666384], "aligned_model": [[-0.2535481239351715, 0.3850479622805273, 0.3619947129179799, -0.7563875451257894, 0.2623095262325352, -0.45030209708497687, -0.30826933837266707, 0.7201390476033113, 0.30128560891830747, -0.1763441910715246, -0.1763441910715246, -0.1230941531799197, 0.5232707004778383, -0.04857002912805268], [-0.06004574091064097, -0.5636154304422857, 0.13050734107163253, -0.06041329766051257, 0.6696068930737101, -0.5795599146239668, 0.3284486725807652, -0.10748015136867745, -0.4752300452063312, -0.05356307699827454, -0.05356307699827454, 0.6049970452865266, 0.19410829517763056, -0.16324904680009938], [-0.657706101029894, -0.34012758441786295, -0.6561834650931538, -0.20012576884132377, -0.14955440272113404, 0.34159604609815486, -0.0819433355041754, -0.030004308887642495, 0.2736533256095479, 0.7050451749630091, 0.7050451749630091, 0.44984011312722216, 0.45870731173279355, 0.09857285872647095]], "inverted": true, "swapped": true, "error_lsq": 0.04587052508059175, "error_max": 0.3361026320277068, "target": "30.xyz", "model": "8.xyz", "model_rescale": 4.121658175737393, "target_rescale": 3.964800864290218},
{"mapping": [7, 6, 4, 5, 2, 13, 9, 11, 8, 1, 12, 10, 14], "R": [[0.9742816009387338, 0.06352767243511187, -0.21619342475485973], [0.013793729843913353, -0.9744508005970172, -0.22417709569183414], [-0.22491130493874958, 0.2154295059893369, -0.9502657695928751]], "T": [-0.01937643724438759, -0.057319517601592214, -0.0867947329934074], "aligned_model": [[-0.633337136176062, -0.2048447459279459, 0.3640988515506789, 0.017645488323956564, -0.7321838407002328, -0.5854260533044442, 0.41126189192056734, 0.127532510913015, 0.6587938004368816, -0.2769753757920169, -0.17152678137435695, 0.4524210954036178, 0.049277791161538714], [0.2595257539748548, -0.24798144049811177, 0.12946005161318908, 0.6246655054434872, -0.4128061571361479, 0.07837288789045219, -0.6541032724850943, -0.0122015603009245, -0.10973951278605418, -0.6363083434673075, 0.5192525067897983, 0.4233581887076829, -0.17110716833411463], [-0.4360085623078094, -0.5091601009924154, -0.6479627872425209, -0.42447362625258445, -0.21199216899838022, 0.35713085266444644, 0.18331096348290654, 0.47969727386764044, -0.13665700443360118, 0.28247587948092734, 0.30361132674637537, 0.16939060879353385, 0.011712779150570327]], "inverted": true, "swapped": true, "error_lsq": 0.045548069143135535, "error_max": 0.3084588226492331, "target": "30.xyz", "model": "9.xyz", "model_rescale": 3.833441315466971, "target_rescale": 3.964800864290218},
{"mapping": [4, 5, 1, 3, 7, 11, 6, 12, 9, 2, 8, 13, 10, 0, 14], "R": [[0.24141251398268626, -0.858770937758707, -0.45192087200481273], [0.969945517163438, 0.22813255572252233, 0.08462405541015618], [0.03042518409328422, -0.4587679298736359, 0.8880350751475691]], "T": [0.057505478637771, 0.0014620641580149404, -0.08570802775631997], "aligned_model": [[0.03434706289020148, 0.26192522527365336, 0.7742650784200878, -0.6121732417629574, -0.46794638027779256, -0.16081787818937793, 0.3447701124549318, 0.4478209116073893, -0.7188725961958656, -0.3391072678572646, -0.4227056754535853, 0.15189162248987653, 0.19124808248437605, 0.5848146149036632, -0.03312613098778182], [-0.6137549882703556, -0.6163357712483779, -0.1507861618022722, -0.4675294906006327, 0.23373769024198576, 0.6386282689781162, -0.11778809886307726, 0.3860413426973687, -0.06449898108878285, -0.4672477650858634, 0.3836891548939345, -0.3726581513960439, 0.595722172591961, -0.03958952026952253, -0.02687088460932463], [-0.5925455226909875, 0.09861126917025742, -0.17890184045686036, -0.37879365134632426, -0.42314299078074363, -0.19383397442244096, -0.6894364408877967, -0.33625283136370343, 0.13967243271059943, 0.2880026627724283, 0.3947699227997309, 0.6120110142492492, 0.4663082609166456, 0.34334069200656897, -0.08573897059454258]], "inverted": false, "swapped": false, "error_lsq": 0.048013049765478134, "error_max": 0.3326913638339889, "target": "30.xyz", "model": "10.xyz", "model_rescale": 4.2482417240324, "target_rescale": 3.964800864290218},
{"mapping": [2, 13, 5, 10, 0, 3, 6, 8, 11, 9, 1, 14], "R": [[0.764664196998731, -0.5662232676173329, -0.30770095390985785], [0.6366789558068782, 0.5899590339300721, 0.4965765253381995], [-0.0996422252910352, -0.5756210120322629, 0.8116229897224475]], "T": [0.07094605594421148, -0.056501370649175146, 0.04242598901923398], "aligned_model": [[-0.7060889677694949, -0.28308830129694357, 0.5307130293834273, 0.7398918711976186, -0.5915786961932287, 0.018096676341883514, -0.1925946751536331, 0.5638873586881031, 0.21247693728478245, 0.02776509078844802, -0.49491910901819275, 0.05220438811023731], [-0.14694008341969111, -0.6766190583168022, -0.33333617479929606, -0.24744814762642975, 0.6087084131955093, 0.7140679184055089, 0.17667749611944109, 0.37662413374222437, -0.28264034246146374, 0.4530031381406713, 0.013733582472033483, 0.010300514598934073], [0.23781522732550914, -0.11884474510888035, 0.5832383880348592, -0.1455253959688434, 0.09911002016046974, 0.2152882177078093, 0.3964272116137229, -0.14347759561493753, -0.4804136020713784, -0.5517943974358458, -0.4188870557752177, -0.10774398301291013]], "inverted": true, "swapped": true, "error_lsq": 0.050654289367963824, "error_max": 0.3011041617657098, "target": "30.xyz", "model": "11.xyz", "model_rescale": 3.6694154284099745, "target_rescale": 3.964800864290218},
{"mapping": [4, 10, 11, 12, 5, 3, 6, 0, 13, 2, 1, 7, 9, 14], "R": [[0.4651468375773049, 0.8791453589043179, -0.10364293226665608], [0.37784039005964787, -0.09129197216323459, 0.921359004654603], [0.8005467251393923, -0.46772771324302087, -0.3746407974754604]], "T": [0.053280799274599125, 0.07012941874083434, -0.10349471565953194], "aligned_model": [[0.10680194705344065, 0.1531348713505944, -0.09129696196940583, 0.5394361374088498, 0.6595150920561825, -0.4307218395588264, 0.07156743581098968, -0.49144508776771073, 0.3849687187686772, 0.16104089518552944, -0.35633820066819893, 0.705605117027175, -0.7186391948244224, -0.09536407961706493], [-0.5214856001853271, 0.29828971067050336, 0.6065002189001405, 0.5424125075122304, -0.1902584011555103, -0.5551175182956606, -0.3350362607569272, -0.3638147181361957, 0.6128471335341293, 0.02374613714670637, 0.4090403279070003, -0.13640193391819155, 0.1975675312587968, 0.14269815365455965], [-0.4829372618028025, -0.7796950883142604, -0.29305921298773374, -0.32395693300145934, -0.4845188554309781, -0.06801021771274518, 0.18745087639296598, 0.5286622088140571, 0.25890717239136807, 0.6942370037857221, 0.4017752412837047, 0.2585919443749416, -0.15305637519405674, -0.10529504294630815]], "inverted": false, "swapped": true, "error_lsq": 0.04272388321485534, "error_max": 0.26006657317350496, "target": "30.xyz", "model": "12.xyz", "model_rescale": 3.9764082729961374, "target_rescale": 3.964800864290218},
{"mapping": [0, 9, 5, 7, 3, 14, 4, 6, 8, 2, 11, 10, 13, 12, 15], "R": [[0.9462257772322429, -0.273958277240991, -0.17205708596970612], [0.28279400321394177, 0.44216296943952516, 0.8511870888369107], [-0.15711247642205742, -0.8540718768274543, 0.4958597573558057]], "T": [0.07098682807322959, -0.07041776881490225, 0.0010268867924869071], "aligned_model": [[0.09298565797873798, 0.4311449062440202, 0.7842558633760095, -0.38527946638332805, -0.6567800033654803, -0.09741040853468147, 0.1621020459561105, 0.4520321878545968, -0.5845549827346475, -0.40269804125707354, -0.38129220348450116, -0.18650469156049748, 0.3304270615296961, 0.4520730683284105, 0.025832545852181976], [-0.6924219847945018, -0.5498300744203862, -0.29021078713366366, -0.38217690326727316, 0.2687167212296245, 0.701256730707774, -0.1356910492662885, 0.473680040339472, -0.1107008758051263, -0.7086073555113559, 0.46461838259411015, -0.022697075927118338, 0.42236870483049305, -0.10538546311251096, -0.03216019429413508], [-0.3727842156224275, 0.04517579934963777, -0.3807612982149709, -0.5143962496220329, -0.25153337143020144, -0.12132047551792746, -0.7084103110682525, -0.37635993539627244, 0.262360088323584, 0.06882223992131745, 0.3748245500383187, 0.7610056705393026, 0.254666006099997, 0.511677523521697, -0.08889598883968935]], "inverted": false, "swapped": false, "error_lsq": 0.04989598528455982, "error_max": 0.3219798956942818, "target": "30.xyz", "model": "13.xyz", "model_rescale": 4.170626492500431, "target_rescale": 3.964800864290218},
{"mapping": [6, 2, 7, 13, 4, 10, 12, 0, 3, 1, 9, 11, 8, 14], "R": [[0.5312000821091576, 0.45957363236615706, 0.7117714163978491], [0.7949064092239597, -0.5610394415697808, -0.23099468733661185], [0.29317277046460977, 0.6884960576770536, -0.6633422233065376]], "T": [-0.07140814322163463, 0.09806835603873026, 0.02228988843222124], "aligned_model": [[0.264460694369005, -0.05087878292915207, -0.2593876126061028, -0.6845522435734592, 0.35820512897949686, -0.353019748329189, -0.7492133706900839, 0.6321881952877311, 0.7193250193683736, -0.08249671968470335, 0.26766007184466434, -0.4355220582153049, 0.2612151393481223, -0.04480069107775437], [-0.1305723717442891, -0.670785263372538, -0.16511062733711873, -0.3012879633251604, 0.5593449775544359, 0.742623458434241, 0.2981643983115856, -0.5188255214126145, 0.1016694038336161, -0.4875764034798927, 0.05238014255698355, 0.19604212536956508, 0.6050308571876033, 0.07497725534924839], [-0.2676385647900162, -0.2197477131412292, -0.6810517826897442, 0.0007639798683299059, -0.2931555180867954, 0.17887380314456508, -0.07014152124208989, 0.11742305564086553, 0.056634237326261716, 0.4637004886400005, 0.7276285592765119, 0.4721268148714001, 0.33453938419863893, 0.18391787810416774]], "inverted": true, "swapped": true, "error_lsq": 0.04597679520087776, "error_max": 0.26987613643833036, "target": "30.xyz", "model": "14.xyz", "model_rescale": 3.9786697098870705, "target_rescale": 3.964800864290218},
{"mapping": [1, 11, 2, 0, 13, 7, 8, 5, 6, 3, 12, 14], "R": [[-0.41564438218199695, 0.12810871500436966, 0.9004598295873478], [-0.5636758463060542, -0.813261120224443, -0.14448491486116458], [0.7137991929469378, -0.5676217996793408, 0.4102392042175965]], "T": [-0.07186553223011646, -0.0031268985053994128, 0.054462625478911855], "aligned_model": [[0.001711444304477755, -0.5899012795808949, 0.5598970038211928, 0.581610162870408, -0.10826677276869487, 0.4424871994798596, -0.41894164697999103, -0.07241975014190194, 0.41148640836413486, 0.28303314001356794, -0.460331007616515, -0.147010304998307], [-0.2966681734215708, 0.0004059138807410642, 0.10129869977449202, -0.6346502332013844, 0.46962705511505726, 0.574446358271351, -0.4366811631874051, 0.5030222850400614, -0.09081035561538231, -0.6382147684987879, 0.5893524271241835, -0.12645355505691672], [-0.6136436589549435, -0.22150394253345013, -0.4355485333299049, -0.188032687364941, -0.5032767145134389, 0.08821710631085704, 0.4503386710173621, 0.6239482937991058, 0.14292436481569287, 0.3661704471528383, -0.02341382247251507, -0.026213030052832223]], "inverted": true, "swapped": true, "error_lsq": 0.04121094682808686, "error_max": 0.23162220185555096, "target": "30.xyz", "model": "15.xyz", "model_rescale": 3.769337070930944, "target_rescale": 3.964800864290218},
{"mapping": [11, 9, 12, 13, 10, 8, 5, 3, 7, 2, 14], "R": [[-0.6808646130904317, 0.5851056073328238, -0.44053922289497066], [0.5714046475595718, 0.8006304649514845, 0.18024313395769503], [0.4581703912176546, -0.1290049877301555, -0.879453015090746]], "T": [0.00021048020786470882, 0.006492170722089845, 0.043095627015140525], "aligned_model": [[-0.29540238710359246, -0.24655612433504961, -0.07579295770209596, -0.5448662557587084, 0.30304295683561017, 0.3698709303745764, 0.5833947506044114, 0.3072649328601275, 0.07025474323496361, -0.4617986571730887, -0.0867858011459835], [0.03174935068385549, -0.6889878867278765, 0.6112897596477624, 0.4951456251709204, 0.1614890398592962, -0.4280679476132713, 0.4966987748522957, -0.6463599979018864, 0.5686325073023771, 0.10695386946201715, -0.11247859711014802], [-0.4633687552442978, -0.22142477008032552, -0.3262893643783337, 0.04117841161910235, -0.592155000815445, -0.3306123183377577, 0.03335798805553555, 0.3685999208349979, 0.5707138675488079, 0.6962376845754006, -0.032020056553907564]], "inverted": false, "swapped": true, "error_lsq": 0.041626197407445734, "error_max": 0.19491979179648075, "target": "30.xyz", "model": "16.xyz", "model_rescale": 3.7852294659196426, "target_rescale": 3.964800864290218},
{"mapping": [8, 0, 1, 9, 4, 6, 7, 2, 11, 10, 5, 13, 14], "R": [[-0.21246997193919082, 0.018428331690821198, -0.9769938114518703], [-0.28699194794229693, -0.9569051619302552, 0.044363643758350474], [-0.9340728734100169, 0.28981529922059834, 0.20860239571306372]], "T": [0.018549160829675126, 0.11940874350407671, -0.03528322694199078], "aligned_model": [[-0.03705813727411511, -0.5158990499461739, 0.2643907321313776, 0.16737344103629775, -0.4924138843990136, -0.43421157853893716, -0.26426554598666835, -0.1784358001990276, 0.5835327050773197, 0.36742981458255103, -0.17710842571269175, 0.4775044458615486, 0.09292713358381555], [-0.15693355105124768, -0.5326685713383519, -0.3901209631264808, -0.6291220662903249, 0.259879876445781, 0.08679989885262002, 0.6894991186547402, 0.06535802686780201, 0.005339203592541891, 0.34873593220745774, 0.794940978840223, 0.3605886794054014, -0.02724093935728808], [-0.6563240773878196, 0.381629795846061, 0.4315009402448183, -0.21447660940157925, -0.5000779310027771, 0.17229168144136875, 0.40551351794890805, 0.7447263809801681, -0.1462462737228781, -0.6226214842182838, -0.32832850916556394, 0.4815211917809609, -0.05335392620020947]], "inverted": true, "swapped": true, "error_lsq": 0.04169858892291755, "error_max": 0.28162282948723927, "target": "30.xyz", "model": "17.xyz", "model_rescale": 3.901054581598922, "target_rescale": 3.964800864290218},
{"mapping": [13, 3, 2, 9, 10, 4, 5, 8, 11, 12, 6, 7, 1, 0, 14], "R": [[0.5092317086321345, -0.0937197217547005, 0.8555113562529832], [0.287165575677845, 0.9555872817988926, -0.06624861515394886], [-0.8113069696910098, 0.2794093066066799, 0.5135284221076429]], "T": [0.00872078987735537, -0.0006726163270264623, -0.05981113543562637], "aligned_model": [[0.11823145319635166, 0.3788933251217601, 0.7201051671624878, -0.39612686117338824, -0.6010290065669441, -0.05841085306795813, 0.10933456134404436, 0.4240144926173925, -0.7459209664312825, -0.2685355586120725, -0.42856761714322766, -0.04021189734978436, 0.2416541579201118, 0.6107194993031333, -0.027816356521069487], [-0.6352639722676533, -0.6156147201771855, -0.2927677060305553, -0.3087011564871924, 0.3694163261074111, 0.7757552583352927, -0.1172877242663261, 0.3921402657642772, -0.15465497496642983, -0.6193379212358844, 0.29937392472363233, -0.11676268194393728, 0.43934711488449296, -0.07340984562583097, -0.041473370644997835], [-0.3956733451071653, 0.2013868595334109, -0.3637039262580484, -0.4786266308745921, -0.4644011854279066, -0.19481879400589153, -0.6650910975913008, -0.39692748370053355, 0.1488422656627904, 0.2440922403296814, 0.4716742054337875, 0.5911924840497315, 0.42784676887090306, 0.39605218599209746, -0.05777451482488418]], "inverted": true, "swapped": false, "error_lsq": 0.03174782952551462, "error_max": 0.2117924773690898, "target": "30.xyz", "model": "18.xyz", "model_rescale": 3.9405287249114394, "target_rescale": 3.964800864290218},
{"mapping": [3, 10, 14, 1, 0, 7, 12, 13, 6, 2, 8, 5, 9, 11, 15], "R": [[-0.34836742316639435, -0.40995763503459937, -0.8429560344129726], [0.6764801424701424, -0.7324609731166032, 0.07665206914790275], [-0.6488564982490214, -0.5435399344463268, 0.532493741129509]], "T": [0.01424524262703009, 0.04112676709894066, -0.16607980120872393], "aligned_model": [[0.09167603764267168, 0.3565902081515041, 0.6888034787052258, -0.44417905930427976, -0.6359820049083311, -0.001903338506363133, 0.10449501074226777, 0.6164489481384462, -0.6177517089684847, -0.22359785686292377, -0.5343474731411453, -0.1921742369034029, 0.2561516510200332, 0.5581981169077994, 0.013905767086536926], [-0.6914105643432545, -0.6200686145543285, -0.27573791506619827, -0.3847800522081087, 0.19180660593692525, 0.729761464523472, -0.01495708093977615, 0.3348282048825045, -0.16287448482840997, -0.6009600645701964, 0.36354783922798145, -0.006016432153801189, 0.48200063064290344, -0.05332912269422959, 0.008948402313629804], [-0.5936568409346173, 0.0859611256403904, -0.376571894674593, -0.3757699646546574, -0.3309263076512271, -0.020659631453131377, -0.7035262111452949, -0.21527337684776485, 0.1763333965192115, 0.36915887791970725, 0.2430202354439446, 0.6379296265926353, 0.41367995332650775, 0.29696075570274827, -0.14258971170177837]], "inverted": true, "swapped": false, "error_lsq": 0.045741297510744065, "error_max": 0.27434682229383583, "target": "30.xyz", "model": "19.xyz", "model_rescale": 4.410303926677745, "target_rescale": 3.964800864290218},
{"mapping": [4, 10, 5, 3, 7, 9, 6, 12, 11, 1, 1, 2, 13, 14], "R": [[-0.40155495797598506, -0.6786519537199537, -0.6149675938104339], [-0.6974412085835754, -0.2086005612975203, 0.6856103604787789], [-0.5935733958782069, 0.7042139813568382, -0.38955524918445633]], "T": [0.010366772717694102, -0.04781256828276687, -0.004216417473666384], "aligned_model": [[-0.2535481239351715, 0.3850479622805273, 0.3619947129179799, -0.7563875451257894, 0.2623095262325352, -0.45030209708497687, -0.30826933837266707, 0.7201390476033113, 0.30128560891830747, -0.1763441910715246, -0.1763441910715246, -0.1230941531799197, 0.5232707004778383, -0.04857002912805268], [-0.06004574091064097, -0.5636154304422857, 0.13050734107163253, -0.06041329766051257, 0.6696068930737101, -0.5795599146239668, 0.3284486725807652, -0.10748015136867745, -0.4752300452063312, -0.05356307699827454, -0.05356307699827454, 0.6049970452865266, 0.19410829517763056, -0.16324904680009938], [-0.657706101029894, -0.34012758441786295, -0.6561834650931538, -0.20012576884132377, -0.14955440272113404, 0.34159604609815486, -0.0819433355041754, -0.030004308887642495, 0.2736533256095479, 0.7050451749630091, 0.7050451749630091, 0.44984011312722216, 0.45870731173279355, 0.09857285872647095]], "inverted": true, "swapped": true, "error_lsq": 0.04587052508059175, "error_max": 0.3361026320277068, "target": "30.xyz", "model": "20.xyz", "model_rescale": 4.121658175737393, "target_rescale": 3.964800864290218},
{"mapping": [2, 13, 12, 7, 5, 1, 11, 6, 9, 8, 10, 4, 14], "R": [[0.1096839367028269, 0.7628028008890443, -0.6372607951107607], [-0.2591730277546548, 0.640899037158758, 0.7225494902451054], [0.959582604945429, 0.08590873718549052, 0.26799424091076857]], "T": [0.06847862267679132, -0.0809059528917502, -0.01443007027759103], "aligned_model": [[0.1577829285686963, -0.015169827696529428, 0.167464287304052, 0.6984424459702014, 0.7177447441649645, -0.47799209641345924, -0.36972226196386504, 0.3234014471260745, -0.6164677502466995, -0.12452656024932877, 0.02717905116594667, 0.4861527276203694, -0.09320623068612836], [-0.6854623075235835, 0.035630210901711284, 0.5100377979806772, -0.2277164166048944, 0.3059913857782127, -0.4521132504128057, 0.28652901150352317, -0.5068633147545247, -0.26151521952744505, 0.10280170130282687, 0.5980862101359088, -0.06733049175213393, -0.09724841286428927], [0.5115698330633586, 0.7034256127326286, 0.37156117251727205, 0.41087127421044534, -0.11068588777000296, 0.3041934603969245, 0.11786730156760819, -0.06656111576087825, -0.35026643955891357, -0.6422433151513866, -0.25220914093357755, -0.5820686336404781, -0.04534438219121156]], "inverted": false, "swapped": true, "error_lsq": 0.05397878847172095, "error_max": 0.26050073394738205, "target": "30.xyz", "model": "21.xyz", "model_rescale": 4.08911054899281, "target_rescale": 3.964800864290218},
{"mapping": [15, 2, 3, 11, 5, 10, 14, 12, 8, 1, 6, 0, 7, 13, 16], "R": [[-0.8425437469644347, 0.4921366694837142, -0.21890987415054697], [-0.5051933837694412, -0.5810739847397283, 0.6380694862272263], [0.18681455897952098, 0.6481932758122162, 0.7382044416996659]], "T": [-0.001728104235543159, -0.060707896755932786, -0.06226331948053454], "aligned_model": [[-0.017095120979640454, 0.23496077586381564, 0.8373481023660713, -0.6040232057332884, -0.5003038854223131, -0.16275540465667135, 0.42786166101357215, 0.4806580846403754, -0.6749410951338628, -0.4015710292485819, -0.4032393178950295, 0.027809573245539277, 0.18127665808636242, 0.5853808683714629, 0.024966875281742715], [-0.6250519467877225, -0.7377739636462649, -0.26366580219470637, -0.389944082641247, 0.300994484945309, 0.7242395348250167, -0.11809297039473744, 0.43565727424085626, -0.11778230210447192, -0.6840394560410358, 0.2977908349188386, -0.1163639337186209, 0.5044642672936333, 0.1478864973049171, -0.057559619830650895], [-0.5235513703601091, 0.020282089090873034, -0.1573318812106264, -0.40099208246643614, -0.40624388787622057, -0.15746388349404938, -0.5355308684037019, -0.3189629257076967, 0.09358532247672721, 0.2233619311228724, 0.45332521146699856, 0.7098178481034868, 0.32874290804080175, 0.15801241472314678, -0.022980793423986047]], "inverted": true, "swapped": false, "error_lsq": 0.043619404083012785, "error_max": 0.3451732704415495, "target": "30.xyz", "model": "22.xyz", "model_rescale": 4.204369325754507, "target_rescale": 3.964800864290218},
{"mapping": [3, 10, 14, 1, 0, 7, 12, 13, 6, 2, 8, 5, 9, 11, 15], "R": [[-0.34836742316639435, -0.40995763503459937, -0.8429560344129726], [0.6764801424701424, -0.7324609731166032, 0.07665206914790275], [-0.6488564982490214, -0.5435399344463268, 0.532493741129509]], "T": [0.01424524262703009, 0.04112676709894066, -0.16607980120872393], "aligned_model": [[0.09167603764267168, 0.3565902081515041, 0.6888034787052258, -0.44417905930427976, -0.6359820049083311, -0.001903338506363133, 0.10449501074226777, 0.6164489481384462, -0.6177517089684847, -0.22359785686292377, -0.5343474731411453, -0.1921742369034029, 0.2561516510200332, 0.5581981169077994, 0.013905767086536926], [-0.6914105643432545, -0.6200686145543285, -0.27573791506619827, -0.3847800522081087, 0.19180660593692525, 0.729761464523472, -0.01495708093977615, 0.3348282048825045, -0.16287448482840997, -0.6009600645701964, 0.36354783922798145, -0.006016432153801189, 0.48200063064290344, -0.05332912269422959, 0.008948402313629804], [-0.5936568409346173, 0.0859611256403904, -0.376571894674593, -0.3757699646546574, -0.3309263076512271, -0.020659631453131377, -0.7035262111452949, -0.21527337684776485, 0.1763333965192115, 0.36915887791970725, 0.2430202354439446, 0.6379296265926353, 0.41367995332650775, 0.29696075570274827, -0.14258971170177837]], "inverted": true, "swapped": false, "error_lsq": 0.045741297510744065, "error_max": 0.27434682229383583, "target": "30.xyz", "model": "23.xyz", "model_rescale": 4.410303926677745, "target_rescale": 3.964800864290218},
{"mapping": [3, 4, 2, 1, 7, 13, 0, 12, 11, 10, 14, 9, 6, 5, 16], "R": [[0.9776817060028273, 0.20992636226544167, -0.008330916720253984], [0.20669283414314252, -0.9682124991328687, -0.14086386632760065], [-0.03763713673058356, 0.13599808435740304, -0.9899939227034883]], "T": [-0.05419955947966663, -0.02985490452464596, 0.08669622673804159], "aligned_model": [[0.1585595631614885, 0.3962137565824467, 0.6251415584359052, -0.5086707562477254, -0.35762333044160755, -0.15429593755482932, 0.2722374731191387, 0.4260867440609635, -0.6836053451959766, -0.300105728773343, -0.337117358055806, -0.30138742250976963, 0.27559263561073327, 0.5666345279657108, -0.04132684035777429], [-0.7283860050235033, -0.5480827226496852, -0.4207189516266809, -0.40452501604490293, 0.24036861296818385, 0.6614823899723148, -0.02044470821896919, 0.473135921364002, -0.035625881939397926, -0.6194124316101299, 0.38624466741842617, -0.22061043027798277, 0.6096023000036012, 0.04166790095019305, -0.11393682911635625], [-0.43869776066844035, 0.1362153768361862, -0.3808664892377076, -0.5373338914549379, -0.43946359925719325, 0.007828716551694787, -0.5942855079947945, -0.3164180628707878, 0.154050063579572, 0.2121395383802868, 0.5394308681034431, 0.629771243097258, 0.3321135883777032, 0.15777053708155772, 0.0018154115582397767]], "inverted": true, "swapped": false, "error_lsq": 0.041928668992917514, "error_max": 0.31851499746743184, "target": "30.xyz", "model": "24.xyz", "model_rescale": 4.28219845311461, "target_rescale": 3.964800864290218},
{"mapping": [9, 7, 12, 5, 8, 6, 11, 14, 1, 3, 0, 4, 2, 13, 15], "R": [[-0.6964725356277008, -0.410054688372486, -0.5888812780689027], [0.44755297587247805, -0.8896969237765762, 0.09019821289907012], [-0.5609120616496047, -0.20073499038842318, 0.8031706684944051]], "T": [0.03972480314681517, -0.06399022768302375, -0.0517538654933523], "aligned_model": [[0.1469683715514353, 0.3225240464530226, 0.6952827382404063, -0.5134264078508638, -0.48167754110839267, -0.2566236636993893, 0.189644182135473, 0.4722734254829175, -0.5904866747541827, -0.4138191921242837, -0.34500729988469103, -0.10446898782674219, 0.3202531149586014, 0.5868284931708547, 0.008068935055388492], [-0.6832711330322943, -0.668316670609274, -0.15859381340013257, -0.347184506044924, 0.2213834867588519, 0.7866690462791034, -0.07813936912759294, 0.4942071554059463, -0.14495869606265482, -0.6288696805948393, 0.4145219096532045, -0.1799755165443368, 0.4335578413556548, -0.13720581427979242, -0.023065423587806874], [-0.30047793184902477, 0.3486960616083602, -0.4334787081985612, -0.6340814531869332, -0.4104285027896691, -0.07920419848135392, -0.5750138896196285, -0.33716934461527065, 0.02669993681582701, 0.22257147582859277, 0.48542535539542614, 0.6556386255879029, 0.32577733805918957, 0.16786737022481568, 0.0012478973024070625]], "inverted": true, "swapped": false, "error_lsq": 0.04176565558769834, "error_max": 0.29035026723398216, "target": "30.xyz", "model": "25.xyz", "model_rescale": 4.100010024507729, "target_rescale": 3.964800864290218},
{"mapping": [2, 13, 5, 10, 0, 3, 6, 8, 11, 9, 1, 14], "R": [[0.764664196998731, -0.5662232676173329, -0.30770095390985785], [0.6366789558068782, 0.5899590339300721, 0.4965765253381995], [-0.0996422252910352, -0.5756210120322629, 0.8116229897224475]], "T": [0.07094605594421148, -0.056501370649175146, 0.04242598901923398], "aligned_model": [[-0.7060889677694949, -0.28308830129694357, 0.5307130293834273, 0.7398918711976186, -0.5915786961932287, 0.018096676341883514, -0.1925946751536331, 0.5638873586881031, 0.21247693728478245, 0.02776509078844802, -0.49491910901819275, 0.05220438811023731], [-0.14694008341969111, -0.6766190583168022, -0.33333617479929606, -0.24744814762642975, 0.6087084131955093, 0.7140679184055089, 0.17667749611944109, 0.37662413374222437, -0.28264034246146374, 0.4530031381406713, 0.013733582472033483, 0.010300514598934073], [0.23781522732550914, -0.11884474510888035, 0.5832383880348592, -0.1455253959688434, 0.09911002016046974, 0.2152882177078093, 0.3964272116137229, -0.14347759561493753, -0.4804136020713784, -0.5517943974358458, -0.4188870557752177, -0.10774398301291013]], "inverted": true, "swapped": true, "error_lsq": 0.050654289367963824, "error_max": 0.3011041617657098, "target": "30.xyz", "model": "26.xyz", "model_rescale": 3.6694154284099745, "target_rescale": 3.964800864290218},
{"mapping": [6, 7, 4, 12, 0, 2, 5, 13, 1, 11, 9, 8, 10, 14], "R": [[-0.11258749921175479, -0.5683438771848142, -0.8150517114194512], [-0.5001767444598892, 0.7411819415809537, -0.44774161496983356], [0.8585728153876934, 0.3572598028617562, -0.3677202114875239]], "T": [0.024364226771373863, -0.1033023929350191, 0.01924388487756884], "aligned_model": [[-0.407520227357025, 0.0020123135108741294, -0.206828584036372, 0.7079705658495835, -0.8562401925608674, -0.3433996522261786, 0.29799595528694556, 0.4075970824052055, -0.15887454396551312, 0.4457346233426413, -0.2181976639066878, -0.02731637961707798, 0.5655435602697262, 0.009548733927270923], [-0.214384096905903, -0.3352999155795529, -0.7439344729789993, -0.1412180767013727, 0.22603801211980784, 0.2776729418630146, -0.7804081143989209, 0.31547664288766386, 0.6068344387143726, 0.21308426659987584, 0.3124814371363967, -0.33803127712183, -0.38884199008018033, 0.0133890971718819], [-0.20498733457818716, -0.7189745827848468, 0.2008751375616597, -0.1788638941413657, -0.007717890930746457, -0.5888244228572237, -0.1979075569637368, -0.4429803246461062, 0.010566783449476168, 0.2778507941411847, 0.6379884555605113, 0.6575074974521231, 0.3998578178312135, 0.13555536236131888]], "inverted": true, "swapped": true, "error_lsq": 0.04031024286170411, "error_max": 0.22589832393654544, "target": "30.xyz", "model": "27.xyz", "model_rescale": 4.103607728864725, "target_rescale": 3.964800864290218},
