[{"mapping": [8, 2, 4, 5, 0, 1, 7, 3, 9, 10, 10, 11], "R": [[-0.8488387914874808, -0.37594202390112247, 0.37167230288414144], [0.3532266996379326, 0.11975378027966394, 0.9278415439996335], [-0.3933237912063887, 0.9188724757951223, 0.03114110622915095]], "T": [-0.050832040869882605, 0.03324956509687432, -0.008306479819807628], "aligned_model": [[-0.6375421536286643, -0.5298353822693838, -0.3625699756167212, 0.6801821873051528, 0.10055725157036757, 0.01419734895278675, 0.6756950864974169, -0.2147812171497838, -0.14236846055015184, 0.48940498356896656, 0.48940498356896656, -0.01281219626212625], [0.2565997821205769, -0.38899363720991076, -0.5934053142053732, -0.25090625267602723, -0.5305193019870538, -0.0014469734315309749, 0.49351600008347457, 0.032835330644941936, 0.5536100854650532, 0.18713149356894632, 0.18713149356894632, -0.01812787781476779], [-0.10311900448428714, -0.49924101987606323, 0.39477116658345995, -0.2795259517634337, -0.21333657673937215, -0.7128970617838252, -0.40443329270951567, 0.660388525989183, 0.29203072590442614, 0.37408815335387974, 0.37408815335387974, -0.03563971351004922]], "inverted": false, "swapped": false, "error_lsq": 0.059079603919859336, "error_max": 0.3853028082879266, "target": "300.xyz", "model": "0.xyz", "model_rescale": 3.751011558992144, "target_rescale": 3.8567128782122335},
{"mapping": [11, 9, 13, 8, 5, 10, 4, 7, 6, 0, 1, 14], "R": [[0.6519700311607877, 0.5037426656883967, 0.5667260407228082], [-0.548202426598133, 0.8295156893475335, -0.10666686738723115], [-0.5238407944596529, -0.24113698988631904, 0.8169723215436647]], "T": [0.060256538138513296, -0.08957453403832877, 0.04517151813732662], "aligned_model": [[-0.6379859163926082, -0.4050136045264063, -0.22328346219554968, 0.6605213730706346, 0.12291603796499653, -0.13617036244053005, 0.5116718557627646, -0.11391858713227666, -0.1385945331807571, 0.43337923211086826, 0.4698192589647191, 0.006191163980970693], [0.27945139679344994, -0.3663923162612624, -0.7550862194246606, -0.2329868380020608, -0.585907154037825, 0.16984708287743489, 0.35528124282718193, 0.26255549465360567, 0.629580347886977, -0.12264899197066512, 0.3918715788072217, -0.0981407960221218], [-0.06888253041321885, -0.3304416221067759, 0.10999021239586912, -0.19882293088887593, -0.32874526993396463, -0.7075373535618066, -0.42801081322489515, 0.5793479800181982, 0.12883902980295991, 0.7048608798635712, 0.3386907978638568, 0.04788572450336383]], "inverted": true, "swapped": false, "error_lsq": 0.04171587464811572, "error_max": 0.22053342811776278, "target": "300.xyz", "model": "1.xyz", "model_rescale": 3.9405287249114394, "target_rescale": 3.8567128782122335},
{"mapping": [1, 7, 6, 10, 3, 4, 8, 0, 2, 11, 5, 12], "R": [[0.49389699895529227, 0.8294333341659541, -0.2609714516902273], [0.47053621390508793, -0.0025574365412583677, 0.8823769777834203], [0.7312054607474026, -0.5585998600901061, -0.39154153097786787]], "T": [0.050387822440154544, -0.0011066079396321723, -0.022527086262454782], "aligned_model": [[-0.6631020961056692, -0.45311310367068575, -0.11584813185516785, 0.7837995531652114, 0.14543341932000808, -0.13576331819616305, 0.5636594230552942, -0.36073718674906285, -0.03832673537890111, 0.4926803133208441, 0.29332764721263954, 0.03752267186847841], [0.33692779083074853, -0.5402907637631901, -0.4182211294442845, -0.33682979388071943, -0.43385634381150173, 0.146473083033849, 0.21072336345718817, 0.077291731393378, 0.6472733381908798, -0.2359514857244395, 0.3888312561980248, 0.08505378164734251], [-0.08490668019899042, -0.31352041379850726, 0.28363753749230236, -0.26927451779683353, -0.38376617493569154, -0.6822722715687062, -0.563239669184063, 0.703943777217197, 0.16695325627569466, 0.4842662887198713, 0.5405048702267176, -0.035151898130708584]], "inverted": true, "swapped": false, "error_lsq": 0.05248632107071075, "error_max": 0.257529684847173, "target": "300.xyz", "model": "2.xyz", "model_rescale": 3.932901565614263, "target_rescale": 3.8567128782122335},
{"mapping": [0, 2, 5, 10, 6, 1, 11, 7, 3, 9, 8, 13], "R": [[0.5039830357586914, 0.27117346688656063, 0.8200402737208562], [-0.2624323272815219, 0.9526259084741291, -0.1537307779901091], [-0.8228793187734503, -0.13772737331613993, 0.5512719813072118]], "T": [0.020531523933820982, 0.030505827227114344, 0.010604266738896728], "aligned_model": [[-0.5833362206621889, -0.5712261612934014, 0.014813051942668153, 0.5040512313793623, -0.0007096368970825051, -0.13815700822258112, 0.7576361682193161, -0.23490213937703794, -0.07008283031696921, 0.3982153207058713, 0.39756830671803234, 0.07566237379083701], [0.24958050890245534, -0.3541274805080182, -0.5897653585818736, -0.24859308550708045, -0.6077841021980344, 0.12781357583872524, 0.45595011313915085, 0.06776034798850071, 0.5329478852724923, -0.15548647731322698, 0.52052841495766, -0.07139951386347503], [-0.1799222669208091, -0.43220484984922164, 0.373964474780263, -0.43823638396422404, -0.23193859496342725, -0.7064157976486624, -0.26028796520026215, 0.6762680645209125, 0.01575161479943849, 0.6127294627708071, 0.4062150015193116, 0.011251344474156188]], "inverted": false, "swapped": false, "error_lsq": 0.04768790906879539, "error_max": 0.27283332966375257, "target": "300.xyz", "model": "3.xyz", "model_rescale": 3.9243930471874484, "target_rescale": 3.8567128782122335},
{"mapping": [3, 4, 7, 9, 8, 10, 11, 0, 6, 1, 5, 12], "R": [[0.8900154874274457, -0.4558848315181487, -0.006438363996871116], [0.3977132889801675, 0.7831980842778338, -0.477938176495778], [0.22292727941610174, 0.42281175619322725, 0.87836988047003]], "T": [0.04361070524513384, -0.02753830485066309, -0.07988740067690353], "aligned_model": [[-0.5461826397447057, -0.4375157161480092, -0.1721634759313258, 0.6936324069166245, 0.13716138810812534, -0.1403503288892144, 0.5946048756599824, -0.22664127937320944, -0.03160297742475751, 0.33843231874212504, 0.2761293831314102, 0.06402850093978103], [0.284534876064763, -0.36329606122694635, -0.7217681643585837, -0.25083911402762715, -0.5338184907758156, 0.09863916970361737, 0.4085593950443821, 0.13951794559507982, 0.6906199740744382, -0.2923266303947373, 0.44245848981331665, 0.025143438615387887], [0.007905026808034038, -0.17017231143539457, 0.2583509233158367, -0.23893433637164685, -0.4421925372561255, -0.7487411233653831, -0.4436982054953176, 0.7090222439323179, -0.09028466412840547, 0.5143580526949174, 0.46661161781671295, 0.02494941780273638]], "inverted": true, "swapped": false, "error_lsq": 0.0506298241782876, "error_max": 0.32573022257905854, "target": "300.xyz", "model": "4.xyz", "model_rescale": 3.8936222436046832, "target_rescale": 3.8567128782122335},
{"mapping": [9, 0, 1, 4, 2, 3, 10, 6, 8, 5, 7, 11], "R": [[0.4550997857436373, -0.8889621560692027, -0.051288108688954795], [-0.7892458831757474, -0.37604149290836103, -0.4854726887286096], [0.41228039112505677, 0.2614174452634056, -0.872746124829967]], "T": [0.03506757942908274, 0.08368784403323819, -0.025669192633598667], "aligned_model": [[-0.5615884419202367, -0.568044644973377, -0.22714639290951982, 0.7066980951042059, 0.24689288652290925, -0.1972883558215468, 0.5152086552252688, -0.11595431351366524, -0.1712255341777325, 0.412831348353749, 0.3917737856877331, 0.11737536840903852], [0.19445574284033956, -0.3892265972921918, -0.6407023809722631, -0.33988698523883015, -0.40547148517365517, 0.16885865159309627, 0.29498469720953957, 0.09990732693203801, 0.7657649791219907, -0.2778461211447968, 0.4873231824865431, -0.030736182234535045], [0.09166796517550163, -0.46762607394578537, 0.19706697817827923, -0.03668796425103753, -0.5481743647119146, -0.5443585844805839, -0.3782108024559546, 0.7563397231302817, -0.22080186390714207, 0.593813320402356, 0.33431236711120593, 0.06983340407307566]], "inverted": true, "swapped": false, "error_lsq": 0.05589989000822299, "error_max": 0.3516304716171655, "target": "300.xyz", "model": "5.xyz", "model_rescale": 3.6523030999806103, "target_rescale": 3.8567128782122335},
{"mapping": [2, 2, 10, 8, 6, 1, 5, 11, 3, 9, 7, 12], "R": [[0.6739230253465242, 0.6290761058087612, 0.387415808929208], [-0.5288184523976874, 0.7769292717832569, -0.341660578718197], [-0.515925188677102, 0.0253803023390696, 0.8562575780345972]], "T": [0.09715456846228691, -0.004690857558367781, -0.01847810687974641], "aligned_model": [[-0.599657399307339, -0.599657399307339, -0.1782841263311587, 0.6626670300505345, 0.04892561566418381, -0.08267737483539019, 0.613448710507093, -0.059200591960104895, -0.20023840881138766, 0.4990013268865679, 0.32304163309564565, 0.1221634403355204], [-0.07944026788104648, -0.07944026788104648, -0.644468994726398, -0.31056810363027887, -0.564072179030452, 0.14343838939698955, 0.3405820842074461, 0.19675435543101985, 0.6227409104904085, -0.3086924518315254, 0.5129216958223951, 0.09766965775976381], [-0.31015813951576976, -0.31015813951576976, 0.33293404754761746, -0.21932100267234128, -0.3461837177140019, -0.6727663188778401, -0.2979964149766271, 0.8238649901501557, 0.004489184198355672, 0.49994747949106333, 0.3660610176721717, -0.023538881468731496]], "inverted": true, "swapped": false, "error_lsq": 0.053095354278016364, "error_max": 0.3491711582683672, "target": "300.xyz", "model": "6.xyz", "model_rescale": 4.08911054899281, "target_rescale": 3.8567128782122335},
{"mapping": [13, 2, 7, 3, 6, 1, 9, 12, 11, 5, 10, 14], "R": [[-0.9643107137014986, -0.07235904393815568, -0.2546939657723804], [-0.23237732500500352, -0.2297728072818166, 0.9450953580762907], [-0.12690794405404804, 0.970550681723623, 0.20475777870885725]], "T": [0.14268641913117242, -0.01615526607668488, 0.005782057928901225], "aligned_model": [[-0.572869329284166, -0.39489363468270344, -0.2845541432317291, 0.7253958754894025, 0.1868349688883179, -0.18385493412958598, 0.4740143118750286, -0.23156323533361578, 0.016998711679600514, 0.24734677718010842, 0.3936181551656489, 0.17305893237052009], [0.1280315755176949, -0.44253794894867615, -0.6050228946555793, -0.3366770762434427, -0.47522030181761, 0.20485994909369304, 0.4227186929374908, 0.2605400583542638, 0.5560638765468772, -0.30802246336599715, 0.4190724287137246, 0.10361893199483665], [0.06132166516936789, -0.41770942578666026, 0.27033712293645623, -0.423364647690394, -0.18514506159056213, -0.6126587865576344, -0.5529386088599064, 0.5455772149859424, 0.04182253472763908, 0.7017425296389533, 0.5223912100353395, -0.10420164269025912]], "inverted": false, "swapped": false, "error_lsq": 0.050913188311511294, "error_max": 0.3122730596211354, "target": "300.xyz", "model": "7.xyz", "model_rescale": 3.964800864290218, "target_rescale": 3.8567128782122335},
{"mapping": [5, 10, 3, 4, 6, 9, 12, 1, 8, 2, 7, 13], "R": [[0.6386005100170696, 0.7129548224531317, -0.28962874468319266], [0.7528703997552957, -0.5009205841157481, 0.4269247352654083], [0.15929704886858373, -0.4906872624696519, -0.8566507226821204]], "T": [0.08575155920007196, -0.11382277855948944, 0.026065146070512184], "aligned_model": [[-0.7326241242073062, -0.5164658663103944, -0.34587709250354115, 0.7087663100943801, 0.20192422321818318, -0.0014367825235916676, 0.5508675600483028, -0.04341136064506884, -0.2699594340282101, 0.5995752237022328, 0.3612619672557047, 0.03691183188613474], [0.05743668201240562, -0.11635975429781856, -0.6720281485089941, -0.3838034191976559, -0.6524313002825654, 0.2787818312927034, 0.3692218213381826, 0.23485541519370465, 0.5585093433893741, -0.17072883873132105, 0.48395127411694683, -0.05998007819768625], [0.02753515984967591, -0.5329176346775899, 0.19359474850084235, -0.15847880225223948, -0.15534763087961456, -0.5326087661348989, -0.3217997092299563, 0.6778782699875461, -0.08572388961532007, 0.44001643531525253, 0.29738297069971115, -0.0023570472451262224]], "inverted": false, "swapped": false, "error_lsq": 0.05069393922661644, "error_max": 0.24691164468108473, "target": "300.xyz", "model": "8.xyz", "model_rescale": 4.121658175737393, "target_rescale": 3.8567128782122335},
{"mapping": [6, 9, 4, 10, 5, 7, 11, 1, 8, 0, 2, 12], "R": [[-0.10635578697437914, 0.9888307202000215, -0.10441385619623303], [0.961182482118139, 0.0753550467467769, -0.2654239118824919], [-0.25459120693039305, -0.12859013849630235, -0.9584612113357681]], "T": [0.11150739001651716, 0.050245535361115284, -0.055662852720883414], "aligned_model": [[-0.5372990109194042, -0.5924622539618059, -0.3005075231801998, 0.7992852115249731, 0.2402031203685447, -0.048315673465559206, 0.466963675015852, -0.11320872243876368, -0.1268270926426849, 0.4224042793412361, 0.2596105454315094, 0.0796859009131283], [0.2735060993999553, -0.29993212537887326, -0.6219119615899135, -0.21851874722918888, -0.5210649043652905, 0.0902764972471809, 0.3940858384200131, -0.012737977366593045, 0.7301263871372182, -0.40401333214607693, 0.47934524054484107, 0.03826381345400309], [0.041223806544511264, -0.32950982332791756, 0.35247429128190716, -0.23232144787030304, -0.25253767773555014, -0.7099296337688638, -0.45372911604941646, 0.5927717713091686, -0.16295702540081555, 0.506312456898298, 0.4699656750687032, 0.02541082736856088]], "inverted": false, "swapped": false, "error_lsq": 0.05365872362974957, "error_max": 0.2684053353124679, "target": "300.xyz", "model": "9.xyz", "model_rescale": 3.833441315466971, "target_rescale": 3.8567128782122335},
{"mapping": [1, 5, 13, 9, 2, 4, 7, 10, 12, 8, 11, 14], "R": [[-0.0864654644405562, -0.9273950745753077, -0.36395342986780393], [-0.6244415407521041, -0.23420493454612384, 0.7451314050671761], [-0.7762708841907038, 0.2916957735170419, -0.558853370813917]], "T": [-0.01767525459545674, 0.09779666366860677, -0.05844129110509299], "aligned_model": [[-0.7318309259535359, -0.429744863664659, -0.2979618768492166, 0.6681666321356327, 0.16500986537381213, -0.14611745065678947, 0.5856556251295767, -0.004522701663899231, -0.2341574774616684, 0.5105631266647247, 0.40619196443709893, 0.058280538495750336], [0.28221004297401475, -0.3501699353744674, -0.6215623140120146, -0.3329120507305203, -0.57548993274505, 0.10467016279250162, 0.33890243423635236, 0.07620785053430067, 0.6267412505336172, -0.1723213628308628, 0.49616987665921375, 0.054978806090190215], [-0.09821962080953967, -0.35333070239404896, 0.14067830117684282, -0.10339722818247293, -0.2315353723417491, -0.8454406159910642, -0.20600088500181932, 0.7632125758113261, 0.13227611376368106, 0.4470879629449521, 0.297890639606594, -0.0960470642644192]], "inverted": true, "swapped": false, "error_lsq": 0.047654969388196446, "error_max": 0.23970964779047058, "target": "300.xyz", "model": "10.xyz", "model_rescale": 4.2482417240324, "target_rescale": 3.8567128782122335},
{"mapping": [2, 3, 7, 10, 8, 1, 0, 5, 6, 9, 4, 11], "R": [[-0.8048069307244469, 0.1664679033410315, -0.569714175192382], [-0.574413333632173, 0.02323879001239426, 0.8182354678112737], [0.14944941085019098, 0.9857729940488331, 0.07691864403725535]], "T": [0.007645578905052609, 0.016411029132281294, -0.06313484190643116], "aligned_model": [[-0.6985999688678949, -0.5044971818065423, -0.23671749641771883, 0.6176944538210788, 0.15208738615339332, -0.0820475350027336, 0.5233751978186021, -0.1264589894768602, -0.1074883968260121, 0.46225319424806127, 0.4708991898835127, 0.07903260245994007], [0.21092182336661383, -0.5451323473977492, -0.48783999020994606, -0.1859729937313776, -0.475156995069701, 0.14523141308351847, 0.3931508178822902, 0.18472887700350624, 0.6344215472916913, -0.429382166244523, 0.47209793613660905, 0.010356906016343391], [-0.16868134143102778, -0.34677273672604714, 0.317093830876769, -0.1065334598303323, -0.40129940370409584, -0.7519795324966848, -0.47047937382227223, 0.6564978679870462, 0.0958912729919479, 0.46023046566256254, 0.5230264967474351, 0.040180018062981784]], "inverted": false, "swapped": false, "error_lsq": 0.04962299777441636, "error_max": 0.32382922976814665, "target": "300.xyz", "model": "11.xyz", "model_rescale": 3.6694154284099745, "target_rescale": 3.8567128782122335},
{"mapping": [11, 9, 8, 12, 10, 7, 5, 4, 6, 1, 0, 13], "R": [[0.7626657979889863, 0.008925757412395194, 0.6467311740069733], [-0.14139790003344765, 0.9780193822468187, 0.1532472571228674], [-0.6311477754408662, -0.20832287153398726, 0.7471640159642859]], "T": [0.061521754322428006, -0.03673623027320158, 0.003464230617498067], "aligned_model": [[-0.6554801774451167, -0.5334595783338765, -0.4281940520054509, 0.6930720199181436, 0.15310416584919606, -0.01993661121852936, 0.46910602295465414, -0.1454608409949551, -0.09371329742136594, 0.5171583347261918, 0.46780326094596264, 0.1255332090119725], [0.12484807282383434, -0.3520951833515017, -0.5781583547897258, -0.22387066202901715, -0.5001631968167929, 0.062121199113114756, 0.5056165499765511, 0.20807778028709348, 0.5048403903153676, -0.2766351117772575, 0.43689272528814593, 0.015950619087462883], [0.07294366456257906, -0.4338368228845205, 0.20255808644368498, -0.16354914233179035, -0.42124378188943495, -0.7284900451457283, -0.4258367339697928, 0.6704746917193884, -0.04605017330334637, 0.6752657841678225, 0.35181579765148774, 0.09312277929793307]], "inverted": true, "swapped": false, "error_lsq": 0.04763352979484062, "error_max": 0.2538511915582871, "target": "300.xyz", "model": "12.xyz", "model_rescale": 3.9764082729961374, "target_rescale": 3.8567128782122335},
{"mapping": [3, 11, 6, 12, 13, 8, 1, 4, 7, 5, 0, 15], "R": [[0.3642912135304123, -0.8257191373478201, -0.430673679207485], [-0.73732519195046, 0.026772741501361996, -0.6750072456112742], [0.5688967156345319, 0.5634457618352217, -0.5990704469510824]], "T": [0.1197586126012033, -0.03488034596738324, -0.046395473194476095], "aligned_model": [[-0.6725854232455122, -0.34593677814858065, -0.1404678591480012, 0.6093924420500145, 0.08749256403617012, -0.16421858867025807, 0.5247175210733028, -0.08863995803436261, -0.20246511357456237, 0.5521421195662493, 0.3625850183627916, 0.027516511719574893], [0.1931813094989591, -0.27154144110245515, -0.5876654163441133, -0.3557632901346931, -0.6290218444093714, 0.3190442005805855, 0.21398334903371488, 0.13329882890454323, 0.5988339800280826, -0.19310229179442015, 0.5222359430711758, -0.016058499204732603], [-0.21557661126164313, -0.6444456615844516, 0.41226524571306866, -0.3003765436506812, -0.18934766144637705, -0.5883799758856432, -0.46758156273267737, 0.6200499654392345, 0.20975237911060932, 0.6542001481150156, 0.3508005875300413, 0.005813794971786253]], "inverted": false, "swapped": false, "error_lsq": 0.045364376966986385, "error_max": 0.24047437949016737, "target": "300.xyz", "model": "13.xyz", "model_rescale": 4.170626492500431, "target_rescale": 3.8567128782122335},
{"mapping": [4, 8, 12, 9, 10, 7, 1, 6, 2, 11, 3, 13], "R": [[0.48747695019672366, 0.7193382166142699, -0.49489266830809164], [0.296821403588366, 0.3965157804323012, 0.8687187636053428], [0.8211353587556278, -0.5703751098938006, -0.02022267576018772]], "T": [-0.0033162529953046707, 0.0690546077030412, -0.015764250781362794], "aligned_model": [[-0.7091501393589735, -0.4802810389268618, -0.3527641933215181, 0.7349317327782993, 0.13260158794228363, 0.05498641713451781, 0.5630577866839458, -0.031783480894587525, -0.25355093071617857, 0.4052038118751705, 0.46843719386959254, 0.017843708921135883], [0.08207835247415826, -0.2795962418292719, -0.5611976756009445, -0.2429735742303427, -0.42760616393609063, -0.05307478167960651, 0.3505235618821937, 0.1922066730737687, 0.6597515411023249, -0.26434304343904014, 0.44366715560383596, 0.02798902470629004], [0.05273419829536372, -0.46576810732770824, 0.11219792166835998, -0.1338098506334627, -0.24637804786322826, -0.8152109430589422, -0.452582456567302, 0.815808026751229, 0.1304954708611893, 0.45499791203794376, 0.31977669866631164, 0.07491328148852827]], "inverted": true, "swapped": false, "error_lsq": 0.05009605975220055, "error_max": 0.29474369083962026, "target": "300.xyz", "model": "14.xyz", "model_rescale": 3.9786697098870705, "target_rescale": 3.8567128782122335},
{"mapping": [2, 3, 8, 6, 9, 0, 1, 5, 4, 7, 10, 11], "R": [[0.8708927084651903, 0.02057404829131057, -0.4910423595567617], [0.41910055992014084, -0.5529607666638047, 0.7201313152510463], [-0.2567111431488506, -0.8329532394243294, -0.49019209491354115]], "T": [0.09481293489680942, -0.01024868192404416, -0.010204152852056326], "aligned_model": [[-0.7503806263914918, -0.5340452523697518, -0.2702076520448781, 0.7844179984157473, 0.11432175982888662, -0.15706084859287928, 0.5747314413255824, -0.3053590145711989, -0.11239470651542793, 0.4599981238307176, 0.5833903651767886, 0.1621208678947318], [0.18223995199458598, -0.5234193218159301, -0.2956996654866377, -0.33919469472352926, -0.533293248380398, 0.18681582975413313, 0.36380555517865076, 0.07407442091168112, 0.5482368782511133, -0.21574483004057432, 0.5451615031807244, -0.06555755069654408], [-0.05963477125776813, -0.4418782277782958, 0.22959958588837381, -0.21899847230610364, -0.3470395062511301, -0.627885916793954, -0.31092619458667675, 0.6807456375937307, 0.13147718857074997, 0.5009583617000881, 0.3707585873205039, -0.06000216778123581]], "inverted": true, "swapped": false, "error_lsq": 0.04848639679762759, "error_max": 0.365378503977909, "target": "300.xyz", "model": "15.xyz", "model_rescale": 3.769337070930944, "target_rescale": 3.8567128782122335},
{"mapping": [7, 2, 8, 0, 10, 9, 6, 3, 5, 1, 11], "R": [[-0.9572388166624256, -0.2325784993890977, 0.17204967159699686], [0.27981415139446575, -0.8953639714134779, 0.346449706846578], [0.07347032430930182, 0.3797770402704728, 0.9221559039171662]], "T": [-0.05386156936836747, 0.03568822488046128, 0.0009816393659183714], "aligned_model": [[-0.28883085664711927, -0.43300298120172875, -0.07175219459051552, -0.6678821463563256, 0.38500261090830434, 0.2716811296003203, 0.6385678709263967, 0.5765253342425749, 0.012512538865354222, -0.5383383307681526, 0.038143155712061796], [0.0016796743679186044, -0.5832574958915103, 0.6491609967105144, 0.41264158767224024, 0.16012158089033457, -0.42568129186332415, 0.33176721070296866, -0.4095327599361679, 0.43842982529482877, 0.025217544808752684, -0.004482375131213676], [-0.6732914474562115, 0.024737620664360985, -0.27882298726003574, 0.06721567423341678, -0.6130417431383282, -0.49828814918119047, 0.17529152582134444, 0.4079826171536715, 0.5681787844344215, 0.624985484691357, -0.06072977273902962]], "inverted": true, "swapped": true, "error_lsq": 0.052044017133609954, "error_max": 0.32758513568990755, "target": "300.xyz", "model": "16.xyz", "model_rescale": 3.7852294659196426, "target_rescale": 3.8567128782122335},
{"mapping": [3, 1, 4, 6, 5, 2, 11, 0, 8, 10, 9, 12], "R": [[0.16359561771367298, 0.9424204851423797, 0.2916849379876922], [0.9853121580268962, -0.14141723573933973, -0.09571372252830362], [-0.048953295182886825, 0.3030590612732873, -0.9517136020205299]], "T": [0.004386920872668794, 0.0007001651229485628, -0.07663666734509529], "aligned_model": [[-0.7629805909708456, -0.45097497921948887, -0.1802158846836607, 0.7695862549177065, 0.04284352412240323, -0.16349962529469522, 0.5289550552581037, -0.2994646718021678, -0.00929946776468378, 0.6159449163898423, 0.3786040426784743, 0.08003388235583803], [0.20958586420496778, -0.35970798750176414, -0.5533905350292146, -0.4214362057390107, -0.6451426756331015, 0.23294456537602037, 0.4267483780342419, 0.08068583499968819, 0.642189597848089, -0.22136771823274254, 0.5073592831664625, 0.028956426633639513], [-0.07359731730500112, -0.4467794205001062, 0.3242273810244386, -0.23046806685283616, -0.19332910613626436, -0.6169732913095956, -0.361668713079871, 0.5291881076369584, 0.035211004604366394, 0.3986924276828446, 0.5154105177361187, -0.03273941918277013]], "inverted": false, "swapped": false, "error_lsq": 0.040633058713254976, "error_max": 0.22807020371047118, "target": "300.xyz", "model": "17.xyz", "model_rescale": 3.901054581598922, "target_rescale": 3.8567128782122335},
{"mapping": [11, 9, 13, 8, 5, 10, 4, 7, 6, 0, 1, 14], "R": [[0.6519700311607877, 0.5037426656883967, 0.5667260407228082], [-0.548202426598133, 0.8295156893475335, -0.10666686738723115], [-0.5238407944596529, -0.24113698988631904, 0.8169723215436647]], "T": [0.060256538138513296, -0.08957453403832877, 0.04517151813732662], "aligned_model": [[-0.6379859163926082, -0.4050136045264063, -0.22328346219554968, 0.6605213730706346, 0.12291603796499653, -0.13617036244053005, 0.5116718557627646, -0.11391858713227666, -0.1385945331807571, 0.43337923211086826, 0.4698192589647191, 0.006191163980970693], [0.27945139679344994, -0.3663923162612624, -0.7550862194246606, -0.2329868380020608, -0.585907154037825, 0.16984708287743489, 0.35528124282718193, 0.26255549465360567, 0.629580347886977, -0.12264899197066512, 0.3918715788072217, -0.0981407960221218], [-0.06888253041321885, -0.3304416221067759, 0.10999021239586912, -0.19882293088887593, -0.32874526993396463, -0.7075373535618066, -0.42801081322489515, 0.5793479800181982, 0.12883902980295991, 0.7048608798635712, 0.3386907978638568, 0.04788572450336383]], "inverted": true, "swapped": false, "error_lsq": 0.04171587464811572, "error_max": 0.22053342811776278, "target": "300.xyz", "model": "18.xyz", "model_rescale": 3.9405287249114394, "target_rescale": 3.8567128782122335},
{"mapping": [14, 3, 2, 0, 1, 12, 4, 11, 13, 5, 9, 15], "R": [[-0.5809078096169984, 0.30939366212412345, -0.7528756063012035], [-0.38129211152889886, 0.7137521167088291, 0.5875153117830205], [0.7191400714824719, 0.6283577625295083, -0.2966548160018564]], "T": [0.11751810476597091, 0.03494840685508475, -0.05102216176192721], "aligned_model": [[-0.6165917513264523, -0.5157754164506438, -0.045615660540601954, 0.6496727436750451, 0.11432058803410808, -0.08782726272392732, 0.5729451706318556, -0.24378684681115848, -0.12067815814064925, 0.3866665577587315, 0.355724265764981, 0.1004782261155381], [0.2799538881803444, -0.3795871659844213, -0.6854486287874662, -0.25171084579892633, -0.5425415863395139, 0.14540540839799945, 0.3140221420321122, 0.24198018252180317, 0.6539602044857856, -0.2734755444606573, 0.4178616129652459, 0.007005160914969357], [-0.07920008547402795, -0.441570711509137, 0.4069524758189894, -0.37860752637907213, -0.3704192619777722, -0.5467757225862343, -0.5503908298091043, 0.5370337690218291, 0.05582717189671273, 0.6726465602823906, 0.5699811783298038, -0.028302913296095668]], "inverted": false, "swapped": false, "error_lsq": 0.042500972007814615, "error_max": 0.2114169125680088, "target": "300.xyz", "model": "19.xyz", "model_rescale": 4.410303926677745, "target_rescale": 3.8567128782122335},
{"mapping": [5, 10, 3, 4, 6, 9, 12, 1, 8, 2, 7, 13], "R": [[0.6386005100170696, 0.7129548224531317, -0.28962874468319266], [0.7528703997552957, -0.5009205841157481, 0.4269247352654083], [0.15929704886858373, -0.4906872624696519, -0.8566507226821204]], "T": [0.08575155920007196, -0.11382277855948944, 0.026065146070512184], "aligned_model": [[-0.7326241242073062, -0.5164658663103944, -0.34587709250354115, 0.7087663100943801, 0.20192422321818318, -0.0014367825235916676, 0.5508675600483028, -0.04341136064506884, -0.2699594340282101, 0.5995752237022328, 0.3612619672557047, 0.03691183188613474], [0.05743668201240562, -0.11635975429781856, -0.6720281485089941, -0.3838034191976559, -0.6524313002825654, 0.2787818312927034, 0.3692218213381826, 0.23485541519370465, 0.5585093433893741, -0.17072883873132105, 0.48395127411694683, -0.05998007819768625], [0.02753515984967591, -0.5329176346775899, 0.19359474850084235, -0.15847880225223948, -0.15534763087961456, -0.5326087661348989, -0.3217997092299563, 0.6778782699875461, -0.08572388961532007, 0.44001643531525253, 0.29738297069971115, -0.0023570472451262224]], "inverted": false, "swapped": false, "error_lsq": 0.05069393922661644, "error_max": 0.24691164468108473, "target": "300.xyz", "model": "20.xyz", "model_rescale": 4.121658175737393, "target_rescale": 3.8567128782122335},
{"mapping": [2, 2, 10, 8, 6, 1, 5, 11, 3, 9, 7, 12], "R": [[0.6739230253465242, 0.6290761058087612, 0.387415808929208], [-0.5288184523976874, 0.7769292717832569, -0.341660578718197], [-0.515925188677102, 0.0253803023390696, 0.8562575780345972]], "T": [0.09715456846228691, -0.004690857558367781, -0.01847810687974641], "aligned_model": [[-0.599657399307339, -0.599657399307339, -0.1782841263311587, 0.6626670300505345, 0.04892561566418381, -0.08267737483539019, 0.613448710507093, -0.059200591960104895, -0.20023840881138766, 0.4990013268865679, 0.32304163309564565, 0.1221634403355204], [-0.07944026788104648, -0.07944026788104648, -0.644468994726398, -0.31056810363027887, -0.564072179030452, 0.14343838939698955, 0.3405820842074461, 0.19675435543101985, 0.6227409104904085, -0.3086924518315254, 0.5129216958223951, 0.09766965775976381], [-0.31015813951576976, -0.31015813951576976, 0.33293404754761746, -0.21932100267234128, -0.3461837177140019, -0.6727663188778401, -0.2979964149766271, 0.8238649901501557, 0.004489184198355672, 0.49994747949106333, 0.3660610176721717, -0.023538881468731496]], "inverted": true, "swapped": false, "error_lsq": 0.053095354278016364, "error_max": 0.3491711582683672, "target": "300.xyz", "model": "21.xyz", "model_rescale": 4.08911054899281, "target_rescale": 3.8567128782122335},
{"mapping": [4, 3, 15, 9, 14, 13, 10, 1, 0, 11, 8, 16], "R": [[-0.11829188474760449, 0.9741378397995658, -0.19251623067548052], [-0.21372252026237037, -0.21431078914267282, -0.9530968313816521], [-0.9697059937607686, -0.0715985665197299, 0.2335464213743376]], "T": [0.1081836743138318, 0.04555086516862409, -0.029161842039511922], "aligned_model": [[-0.5697472619199562, -0.496334584555026, -0.02179225895260628, 0.6413394588919932, 0.026329613362838816, -0.22822359930238356, 0.7465256940637427, -0.16902792233933017, -0.3059078723541055, 0.43346912166617424, 0.4176745265274785, 0.07522754089800646], [0.16669563613428237, -0.3522410675379473, -0.5691374944025618, -0.35058870136565995, -0.5153049532202811, 0.15198908888301746, 0.30201158517307797, 0.1766968372891303, 0.6975789825788734, -0.2064294387483467, 0.3523182761506971, 0.07383607719299315], [-0.13882394138389195, -0.5093681271527042, 0.34066446215392454, -0.2867777669342924, -0.33009912725390006, -0.5879381987501976, -0.450923355375352, 0.7029261621946862, 0.029718742739137625, 0.6162747035923145, 0.5101629080095653, -0.048642357521007595]], "inverted": false, "swapped": false, "error_lsq": 0.03823649977878968, "error_max": 0.20599364875313886, "target": "300.xyz", "model": "22.xyz", "model_rescale": 4.204369325754507, "target_rescale": 3.8567128782122335},
{"mapping": [14, 3, 2, 0, 1, 12, 4, 11, 13, 5, 9, 15], "R": [[-0.5809078096169984, 0.30939366212412345, -0.7528756063012035], [-0.38129211152889886, 0.7137521167088291, 0.5875153117830205], [0.7191400714824719, 0.6283577625295083, -0.2966548160018564]], "T": [0.11751810476597091, 0.03494840685508475, -0.05102216176192721], "aligned_model": [[-0.6165917513264523, -0.5157754164506438, -0.045615660540601954, 0.6496727436750451, 0.11432058803410808, -0.08782726272392732, 0.5729451706318556, -0.24378684681115848, -0.12067815814064925, 0.3866665577587315, 0.355724265764981, 0.1004782261155381], [0.2799538881803444, -0.3795871659844213, -0.6854486287874662, -0.25171084579892633, -0.5425415863395139, 0.14540540839799945, 0.3140221420321122, 0.24198018252180317, 0.6539602044857856, -0.2734755444606573, 0.4178616129652459, 0.007005160914969357], [-0.07920008547402795, -0.441570711509137, 0.4069524758189894, -0.37860752637907213, -0.3704192619777722, -0.5467757225862343, -0.5503908298091043, 0.5370337690218291, 0.05582717189671273, 0.6726465602823906, 0.5699811783298038, -0.028302913296095668]], "inverted": false, "swapped": false, "error_lsq": 0.042500972007814615, "error_max": 0.2114169125680088, "target": "300.xyz", "model": "23.xyz", "model_rescale": 4.410303926677745, "target_rescale": 3.8567128782122335},
{"mapping": [9, 8, 5, 3, 4, 10, 1, 13, 11, 0, 7, 16], "R": [[0.02372896609872932, 0.09077502922937442, 0.9955886852693197], [-0.8955675317468451, -0.4406515460483977, 0.06152244343344135], [0.44429239499315043, -0.8930767654762739, 0.07083896327366346]], "T": [-0.0845920973661424, 0.011441823544185787, 0.13089888686235598], "aligned_model": [[-0.5794549485540885, -0.44548542607336605, -0.1487124133399608, 0.5903902257770728, -0.0018531434923408502, -0.08354169153597438, 0.5915244025227576, -0.16548618720689828, -0.17029368174307735, 0.5877886236554593, 0.3573534965263201, 0.01730319945092297], [0.15912881159005873, -0.358894505696021, -0.5794331541262585, -0.31152686432295484, -0.5498216772992418, 0.10140550494404388, 0.41876204961037927, 0.2762586031913245, 0.613870023363362, -0.24322013205807422, 0.41410753726715377, -0.013211368336496849], [-0.2236702822774034, -0.5080953821213048, 0.33670797138075703, -0.3684417531176354, -0.2590009991648129, -0.513840889289381, -0.20568997448885687, 0.7770527719975392, -0.043620421836345374, 0.36206390466018734, 0.4215452556910574, 0.07216390288448074]], "inverted": true, "swapped": false, "error_lsq": 0.042597976937522215, "error_max": 0.249339409054638, "target": "300.xyz", "model": "24.xyz", "model_rescale": 4.28219845311461, "target_rescale": 3.8567128782122335},
{"mapping": [13, 12, 9, 8, 11, 14, 6, 4, 2, 1, 0, 15], "R": [[-0.9293114749340111, -0.03224793161173177, -0.3678861963471015], [0.1743412131527577, 0.8398731491434522, -0.5140216286736243], [0.32555387258086455, -0.5418239236639757, -0.7748816114691178]], "T": [0.0006571219846558188, -0.11880359375488579, 0.06450573925281622], "aligned_model": [[-0.5609996748646973, -0.5254484983198293, -0.29598867101926013, 0.6612606335306698, -0.015253948599892951, -0.0777721115578986, 0.6245852313071003, -0.08592987938944804, -0.12390777592676994, 0.5011570693150951, 0.4145125240292175, 0.03331755748253969], [0.06722230081986667, -0.33884299694202485, -0.713389145185236, -0.24327232434781804, -0.45988686886123853, 0.15732026788581943, 0.42291675450789856, 0.25516154778400524, 0.5394165935980877, -0.22625419436639777, 0.5257153142615502, -0.05868242102723731], [0.011097256428530017, -0.4446263040936076, 0.18837252011925307, -0.10886263319868772, -0.35962408582928307, -0.6410076151588358, -0.29528574707834887, 0.6868411288399344, -0.07695024526976221, 0.4489944516971792, 0.345349566750665, 0.09287581111124568]], "inverted": false, "swapped": false, "error_lsq": 0.04347887029556113, "error_max": 0.276991403742915, "target": "300.xyz", "model": "25.xyz", "model_rescale": 4.100010024507729, "target_rescale": 3.8567128782122335},
{"mapping": [2, 3, 7, 10, 8, 1, 0, 5, 6, 9, 4, 11], "R": [[-0.8048069307244469, 0.1664679033410315, -0.569714175192382], [-0.574413333632173, 0.02323879001239426, 0.8182354678112737], [0.14944941085019098, 0.9857729940488331, 0.07691864403725535]], "T": [0.007645578905052609, 0.016411029132281294, -0.06313484190643116], "aligned_model": [[-0.6985999688678949, -0.5044971818065423, -0.23671749641771883, 0.6176944538210788, 0.15208738615339332, -0.0820475350027336, 0.5233751978186021, -0.1264589894768602, -0.1074883968260121, 0.46225319424806127, 0.4708991898835127, 0.07903260245994007], [0.21092182336661383, -0.5451323473977492, -0.48783999020994606, -0.1859729937313776, -0.475156995069701, 0.14523141308351847, 0.3931508178822902, 0.18472887700350624, 0.6344215472916913, -0.429382166244523, 0.47209793613660905, 0.010356906016343391], [-0.16868134143102778, -0.34677273672604714, 0.317093830876769, -0.1065334598303323, -0.40129940370409584, -0.7519795324966848, -0.47047937382227223, 0.6564978679870462, 0.0958912729919479, 0.46023046566256254, 0.5230264967474351, 0.040180018062981784]], "inverted": false, "swapped": false, "error_lsq": 0.04962299777441636, "error_max": 0.32382922976814665, "target": "300.xyz", "model": "26.xyz", "model_rescale": 3.6694154284099745, "target_rescale": 3.8567128782122335},
{"mapping": [11, 12, 3, 1, 6, 2, 0, 9, 10, 7, 8, 13], "R": [[-0.40721338128876183, 0.23752743599921966, -0.8819058789048924], [-0.7712758407699556, 0.42775317561718684, 0.4713393662680964], [0.48919407145219185, 0.8721283953048709, 0.009012355906149738]], "T": [0.15459862061396434, 0.10340564040231917, 0.0347778703406278], "aligned_model": [[-0.659048665155096, -0.4892994888503396, -0.028077718211673014, 0.732854704830089, 0.09002649482474814, -0.0798784628176139, 0.5757322082257714, -0.30586594621207, -0.15461448368692354, 0.4135533394957969, 0.3174244786540575, 0.13672599489007883], [0.24300432234526612, -0.31874027590009624, -0.6172345474231612, -0.46548593808428673, -0.43096785054173803, 0.22621535923055308, 0.23505448697061343, 0.05079120522111252, 0.6145762487818333, -0.24299460263788877, 0.5185623193140457, 0.11464410085102213], [-0.19902925445591294, -0.15737015420019085, 0.3512242248111134, -0.31397551916232946, -0.39121020995237155, -0.5913753988435503, -0.45740951848154404, 0.5348455051447892, 0.10536529946340034, 0.4920281846204101, 0.49247849775831265, -0.01839755238384517]], "inverted": false, "swapped": false, "error_lsq": 0.04890816575822438, "error_max": 0.3339726279636298, "target": "300.xyz", "model": "27.xyz", "model_rescale": 4.103607728864725, "target_rescale": 3.8567128782122335},
{"mapping": [8, 4, 13, 3, 2, 1, 0, 11, 7, 10, 6, 14], "R": [[0.8749441003305453, 0.39477054470027273, 0.28040869874849284], [0.46701135754278844, -0.8409811693776165, -0.2732234702186087], [0.1279578572140644, 0.37000931040895046, -0.9201738406344088]], "T": [0.18666657531377337, -0.021614763707779202, 0.14399920367088156], "aligned_model": [[-0.6059513998723817, -0.47872195346767465, -0.2838070660034253, 0.7065558606288128, 0.12477994610577833, -0.008914896101573894, 0.537562298227701, -0.20897243435766852, -0.23792096135767524, 0.5501867467347435, 0.2705969484535822, 0.18413936699660732], [0.14290009203603854, -0.3799817853123336, -0.4397812733139382, -0.3947700292452377, -0.44375923628097114, 0.28743018729797004, 0.15218951737344927, 0.11303809429507766, 0.5503949130066393, -0.13142885747819338, 0.4749614291179332, -0.003768223369158937], [0.013724169769483235, -0.35644107321224316, 0.297829811884069, -0.24843057524898512, -0.4554044963788053, -0.6739860886001535, -0.45295640983836116, 0.6893427791507352, 0.03169782784795891, 0.4839539449015393, 0.5282322579949505, -0.010388043951905263]], "inverted": true, "swapped": false, "error_lsq": 0.04536859408596248, "error_max": 0.234317836915707, "target": "300.xyz", "model": "28.xyz", "model_rescale": 4.137296879288765, "target_rescale": 3.8567128782122335},
{"mapping": [0, 1, 4, 3, 9, 2, 7, 5, 6, 8, 11], "R": [[-0.7486594829192605, -0.03283674129202102, 0.6621410175003408], [0.6305166175323351, 0.27332767433449545, 0.7264576914442294], [-0.20483596766839757, 0.96136035432309, -0.18392524428455798]], "T": [0.06283059987502403, 0.038376721781129046, 0.01990092118138483], "aligned_model": [[0.5229429981839117, 0.13052696046736206, -0.1503801360816429, -0.6646580942668817, 0.08387585085327957, 0.398248726566776, 0.6276727182152466, -0.32072265371533965, -0.6268390516767657, 0.1995420221809528, 0.0212096699829996], [-0.41794759057511927, -0.7340616175039183, -0.20653797887280473, 0.12802350259009912, 0.7088909343627732, -0.0731483564509971, 0.4701549707200656, -0.4646159565866592, 0.2165338348332545, 0.1456280270261378, 0.1462280471051204], [0.3417188152372084, -0.13163911057139224, -0.41269302460155577, -0.45336731573269445, -0.32372385924832564, -0.614498952154271, 0.09428013989903489, 0.31689281920328943, 0.3201025983020731, 0.6716421964304744, -0.002960284980842085]], "inverted": false, "swapped": true, "error_lsq": 0.0422694963343465, "error_max": 0.3152698090713662, "target": "300.xyz", "model": "29.xyz", "model_rescale": 3.607286011436655, "target_rescale": 3.8567128782122335},
