[{"mapping": [5, 0, 3, 1, 6, 2, 9, 7, 10, 8, 11], "R": [[-0.4991092456610196, 0.45617009866560143, 0.7367488052105031], [0.38108775713642185, -0.6480363504832543, 0.6594095918418815], [0.7782429455230673, 0.6098833737164514, 0.1496000942774428]], "T": [0.09503273995298614, -0.09889426389334881, 0.10833294336570728], "aligned_model": [[0.14672277135477504, -0.2730218115344205, 0.43546905506720845, -0.3400809041244862, 0.18214814138144222, -0.7076083941094267, 0.531023677984246, 0.48292203420890645, 0.7097926497542636, -0.1486020948355023, 0.06871135615288172], [0.028420678153947707, -0.30233840535234163, -0.6109428152343224, 0.39934467851810984, 0.5728567364829709, -0.1046098469770305, 0.016325810016697043, 0.6161087968333044, -0.18387841387997922, 0.022271737044154305, -0.10716367951386628], [-0.7100834413157605, -0.3454706732317353, 0.4180778564925989, -0.14527035417060022, 0.36585185098673945, 0.1753015002221956, 0.5157549125214599, -0.37634821824383435, -0.16845089560803037, 0.6819742582878536, 0.04452810492656471]], "inverted": false, "swapped": false, "error_lsq": 0.051021911265711865, "error_max": 0.23000682366317018, "target": "302.xyz", "model": "0.xyz", "model_rescale": 3.751011558992144, "target_rescale": 3.84753442667435},
{"mapping": [2, 0, 1, 13, 10, 12, 4, 5, 8, 6, 14], "R": [[0.7704041842443358, 0.6363888943509828, -0.03855603773151117], [0.28264404476270727, -0.3951211042820406, -0.874066162776662], [-0.5714803031242607, 0.662486594655073, -0.4842744831635554]], "T": [0.02602022873877924, 0.05630961579709738, 0.08277398065242293], "aligned_model": [[0.1381394185809413, -0.06697738713858324, 0.2341389920543902, -0.312230963016291, 0.34012000398157843, -0.7136748052368822, 0.7148735811619982, 0.24183764649070477, 0.6347048436745264, -0.10363155158192153, -0.019823297670573274], [-0.0376056411768063, -0.6270421652683045, -0.5652171396176285, 0.410439289991549, 0.6327034723784657, 0.12136535199398792, 0.01564439175062575, 0.5043986958677702, -0.006930440150310094, -0.18650485297026026, 0.08514431329255492], [-0.7310732493390365, -0.23327396706335513, 0.3195790103613812, -0.4535845779926174, 0.5742668101184704, 0.10714839299070797, 0.46929871248513677, -0.2950157300490856, -0.17397879344001588, 0.7813133817509147, 0.09118491104495055]], "inverted": true, "swapped": false, "error_lsq": 0.04068676927267905, "error_max": 0.17198078672685096, "target": "302.xyz", "model": "1.xyz", "model_rescale": 3.9405287249114394, "target_rescale": 3.84753442667435},
{"mapping": [0, 6, 7, 5, 8, 11, 4, 2, 1, 3, 12], "R": [[-0.5361214674775857, -0.2544303422668702, 0.8048844470131369], [0.6202918312606515, 0.5279792208169257, 0.5800655018675558], [-0.5725485273590243, 0.8102488156853518, -0.1252399317290514]], "T": [0.05688053142487158, 0.056097512374327044, 0.1085153900030879], "aligned_model": [[-0.03566846728219801, -0.1933843356737659, 0.3193716461150524, -0.24905417036064237, 0.10750779620237326, -0.6405319800029122, 0.6250160920010747, 0.30800982377666025, 0.7365129514165921, -0.0026536962681877746, 0.11235082137584144], [-0.1745110844226751, -0.398107275446693, -0.6551178865267933, 0.47444532159601777, 0.5674133421386658, 0.09519570353476799, 0.10932400853198206, 0.5107527150074929, -0.09143685056838056, -0.2100283894266422, 0.11846567167390179], [-0.6922244842366776, -0.05403060473682279, 0.3412833522117382, -0.4008620232570303, 0.6887591081106745, -0.03184631912427789, 0.5160502312109934, -0.33238409146983877, -0.27037736237620047, 0.6109418609344103, 0.08055523360048246]], "inverted": true, "swapped": false, "error_lsq": 0.06080201302737059, "error_max": 0.30869172732942946, "target": "302.xyz", "model": "2.xyz", "model_rescale": 3.932901565614263, "target_rescale": 3.84753442667435},
{"mapping": [4, 0, 1, 7, 12, 8, 10, 5, 6, 11, 13], "R": [[-0.6773730439231403, 0.7072490401529842, 0.20239702213466948], [0.22711507571705403, 0.46274579534004906, -0.8569043536341392], [-0.6997031525928236, -0.5344764953651263, -0.4740784472572823]], "T": [-0.011992235250164213, -0.031556407898209335, 0.03854066352819187], "aligned_model": [[0.21927046354453886, -0.07293235878332191, 0.32059907385126774, -0.41884234687250177, 0.42808247443835934, -0.646295226725248, 0.46560185190605474, 0.28928417645797655, 0.6506335447129218, -0.21826274564498385, 0.07033757441482437], [-0.0569345813325932, -0.5611234313041115, -0.6733153871144073, 0.312412460192388, 0.5374355844635655, 0.17758810622461252, 0.010841417186328625, 0.5466803669911637, 0.11066701125379948, -0.10455222035199178, 0.04669594988288997], [-0.8035400434097476, -0.3674093311851753, 0.2007043296736402, -0.4367497232928619, 0.29488451986236397, 0.34301564238523563, 0.5707546737184076, -0.26423721143705414, -0.04743512059025816, 0.9044695210408059, 0.061407644102094795]], "inverted": true, "swapped": false, "error_lsq": 0.049936929642843526, "error_max": 0.3050286075073987, "target": "302.xyz", "model": "3.xyz", "model_rescale": 3.9243930471874484, "target_rescale": 3.84753442667435},
{"mapping": [7, 1, 5, 8, 10, 9, 6, 4, 3, 11, 12], "R": [[0.48518668858669145, -0.8714824864286002, 0.07149932214018462], [0.6517855810481554, 0.41495542691731846, 0.6348130039701337], [-0.58289744686008, -0.2614005920423499, 0.7693505682872468]], "T": [0.11656595783479842, 0.04558527599330487, 0.024567292763043282], "aligned_model": [[-0.0014289902374682306, -0.14905489890807425, 0.2779867011630093, -0.2976786110345704, 0.20298790855524596, -0.5704474401764259, 0.5529746398592181, 0.32157033227154785, 0.7860917641353378, -0.18346977923441118, 0.14794485490647868], [0.026913923396533652, -0.5160622861619817, -0.65636142313621, 0.4697975488127677, 0.6688036053245714, -0.0034643219859524163, -0.11785602695596029, 0.4052917454233298, 0.1089938926508078, 0.029528936939740853, -0.06919031821600283], [-0.7683055417658028, -0.3277931425453079, 0.2587408928537228, -0.18704970482411626, 0.3427777261842781, 0.17719140510450487, 0.5762473789367841, -0.4008169238600704, -0.0012767083952231993, 0.7565883524635489, 0.029561166715132915]], "inverted": false, "swapped": false, "error_lsq": 0.05394185453384397, "error_max": 0.29574190972992925, "target": "302.xyz", "model": "4.xyz", "model_rescale": 3.8936222436046832, "target_rescale": 3.84753442667435},
{"mapping": [8, 9, 6, 3, 4, 0, 5, 10, 7, 1, 11], "R": [[-0.26041724292540125, 0.6362786938070606, 0.7261764822646857], [-0.17569416530093462, 0.7083398006076709, -0.6836565564333403], [-0.9493758053933861, -0.30562092644690736, -0.07267344392137756]], "T": [0.08953465136281981, 0.06938357048891446, -0.030558911523704227], "aligned_model": [[0.09202325256598015, -0.23065385753562834, 0.4363518381180074, -0.34332667448692916, 0.4040916566807478, -0.782253149793427, 0.5784755458026424, 0.31488044738135995, 0.7096882673028174, -0.2514071644191913, 0.1596063196835082], [-0.07063013595669683, -0.43896694983712364, -0.5905588729870671, 0.2632047817949915, 0.6167630799632329, 0.07262498866791038, -0.041417696141198904, 0.600223455247877, -0.027779410993049383, -0.11759084946424926, 0.08052288579701736], [-0.7559917445291021, -0.17580012838342446, 0.2501588085758358, -0.35513007930148316, 0.4511610921297898, 0.12008580939397683, 0.6064895466836852, -0.28920091981107865, -0.19092217120040378, 0.6708026298338836, 0.12421205747577181]], "inverted": false, "swapped": false, "error_lsq": 0.039987630076042, "error_max": 0.1835020923199483, "target": "302.xyz", "model": "5.xyz", "model_rescale": 3.6523030999806103, "target_rescale": 3.84753442667435},
{"mapping": [0, 1, 2, 5, 11, 8, 4, 7, 3, 10, 12], "R": [[0.9865650036063353, 0.02173346963474021, 0.16191710828960476], [0.14141378030153573, -0.6098779093445775, -0.7797763002517558], [0.08180242294737211, 0.7921973188487342, -0.6047576139320746]], "T": [-0.04608528213342225, 0.03088387860151641, 0.14853796432482763], "aligned_model": [[0.2844897626647166, -0.07176214698944115, 0.32070670181795113, -0.33876007507551853, 0.4941534398161851, -0.7108912194653274, 0.4361021060307254, 0.21861392314608138, 0.5343118794262172, -0.07032995781395215, -0.00915793225774967], [-0.08115106307901794, -0.5282225540208874, -0.6221935703564121, 0.2218155257376191, 0.6323285726329877, 0.12661377638614635, -0.0777240971549773, 0.601088453202578, 0.04971117219035155, -0.046580515343548526, 0.07070957589680432], [-0.7816942873725883, -0.2626986605091695, 0.2716847076059142, -0.4360902095471985, 0.496353154431044, 0.09782351840572136, 0.43979598090880406, -0.11907954916336932, -0.2328088211836033, 0.9244790091464448, 0.05810005814545206]], "inverted": false, "swapped": false, "error_lsq": 0.051493436752458654, "error_max": 0.24180435837522082, "target": "302.xyz", "model": "6.xyz", "model_rescale": 4.08911054899281, "target_rescale": 3.84753442667435},
{"mapping": [9, 0, 2, 8, 12, 4, 13, 11, 1, 7, 14], "R": [[-0.6905325014510495, 0.3554513782592383, -0.6299358555705212], [0.4124778594958934, -0.5219006960973522, -0.7466469572956054], [-0.5941606515627256, -0.775418584447592, 0.21377356952591287]], "T": [-0.01306048626749387, 0.11648956530534575, 0.09112848196305456], "aligned_model": [[0.11802582160491326, -0.05603185790371376, 0.3256653258685078, -0.39179948553090704, 0.265596492355627, -0.7163100988731956, 0.6174368688835561, 0.37220770072058085, 0.5503178871746034, -0.05552028267076109, 0.05788810967067701], [0.07421259509308344, -0.7368833456916304, -0.566845500371937, 0.4151336519570867, 0.6257278101144901, 0.16409674230374716, 0.13277587791935413, 0.5108123558943878, -0.22850632716720787, -0.16913047934600234, 0.12500189538627227], [-0.6806139268663699, -0.30201820707316007, 0.35277242991500757, -0.3910721539032616, 0.5046845438210965, 0.09592731207343161, 0.46274974551049064, -0.11038832595665515, -0.2275072055708408, 0.809395368517214, -0.05806467959950179]], "inverted": true, "swapped": false, "error_lsq": 0.04672719606434781, "error_max": 0.2627444528146154, "target": "302.xyz", "model": "7.xyz", "model_rescale": 3.964800864290218, "target_rescale": 3.84753442667435},
{"mapping": [11, 4, 7, 6, 5, 0, 8, 10, 9, 1, 13], "R": [[0.3377483600262501, -0.2637605655618063, 0.9035244376075805], [-0.9076071243347024, -0.3455678964375326, 0.23839491774916446], [0.24934986095137635, -0.9005627090915185, -0.3561059587219435]], "T": [-0.0224596336934232, -0.01620257120677286, 0.04169543404640819], "aligned_model": [[0.22233855029358063, -0.26771452003616025, 0.21433418106279128, -0.35835662910446514, 0.30044894215112916, -0.686715817316426, 0.6459720444272172, 0.4467653584495377, 0.6311453903672706, -0.10807767842869666, 0.0473366594341091], [-0.03602158857388574, -0.43046709352143875, -0.5555689839790479, 0.13232099710213663, 0.6460476787399427, 0.06607657864123283, 0.04760006946969393, 0.6240184896088209, 0.0016140923387947675, -0.1598380305025479, 0.010613066767942627], [-0.7500206641611168, -0.47145984585457357, 0.44152755760338314, -0.407325480064685, 0.43694899957104233, 0.296946754398794, 0.4161095044748777, -0.17062251866561715, -0.17357129773381397, 0.7732405771654062, 0.06409131413375399]], "inverted": false, "swapped": false, "error_lsq": 0.04431352650124591, "error_max": 0.21818811418098807, "target": "302.xyz", "model": "8.xyz", "model_rescale": 4.121658175737393, "target_rescale": 3.84753442667435},
{"mapping": [1, 6, 9, 2, 10, 8, 5, 0, 4, 7, 12], "R": [[0.9870978409793987, 0.06437173373474989, -0.14660877269042458], [0.11130996516039177, -0.9340640578954319, 0.33931464366265135], [-0.1150997132481332, -0.3512557695524761, -0.9291778303243657]], "T": [-0.00029506149319701025, 0.11803887959455389, 0.13616880209852825], "aligned_model": [[0.13357716673978204, -0.22723925172365705, 0.2963472287573111, -0.35975786529104725, 0.263329720460883, -0.6940847857468723, 0.546664556800599, 0.5255795790511578, 0.7047248715438583, -0.1220870472528826, 0.02042230796075569], [0.04787034148151856, -0.4773332099595072, -0.6480935108485069, 0.4074779277680444, 0.7301931495666272, -0.10206122930566147, 0.16648761648892385, 0.5267953413095006, -0.22264070193181673, -0.1877297548740131, 0.10542930639653494], [-0.5362048428940069, -0.13624716585240723, 0.27120334947023594, -0.38282828935488067, 0.4998306707209986, 0.10850839159141216, 0.41937509109123705, -0.2823981107850645, -0.2821758339017053, 0.7251366829656819, 0.051664957815949875]], "inverted": true, "swapped": false, "error_lsq": 0.044248690110807204, "error_max": 0.23149325488316783, "target": "302.xyz", "model": "9.xyz", "model_rescale": 3.833441315466971, "target_rescale": 3.84753442667435},
{"mapping": [1, 0, 10, 5, 7, 2, 11, 6, 12, 8, 14], "R": [[0.7954058742974747, 0.1928696908683682, -0.5745700805623369], [-0.5425104545846766, 0.6492244779000099, -0.5330947232544959], [0.2702071460923969, 0.7357369500302401, 0.6210307871279832]], "T": [0.061327901918193164, 0.12957816851382337, 0.03581426408972039], "aligned_model": [[0.20314314156458102, -0.06581399154910238, 0.23816523052992639, -0.4598684055783996, 0.2830125600276014, -0.6262708556050245, 0.5496256126494368, 0.3989040414201978, 0.6118461424406034, -0.058959569977529755, 0.013692575377596952], [-0.053387504422758136, -0.4270510749143826, -0.6166337702576694, 0.15434141782046343, 0.5322790848280006, 0.21106630442139684, 0.04281934934614155, 0.5270606864910681, -0.010511251671590227, -0.1957468247861464, 0.18215885923711975], [-0.6656277743173932, -0.33542930284411954, 0.33187244277125294, -0.3945070019461393, 0.5181024156552063, 0.22873364436674465, 0.5041894705586655, -0.3992484509138846, -0.16499579172172812, 0.7338500333852849, 0.09892521587356173]], "inverted": false, "swapped": false, "error_lsq": 0.04273665545779273, "error_max": 0.20389529661798964, "target": "302.xyz", "model": "10.xyz", "model_rescale": 4.2482417240324, "target_rescale": 3.84753442667435},
{"mapping": [3, 7, 9, 2, 0, 6, 10, 1, 8, 4, 11], "R": [[-0.19727834110104003, -0.4160816254973894, -0.8876696103032209], [-0.4470145276538095, -0.7676776266640506, 0.45918305019446465], [-0.8725017296251414, 0.487388081966415, -0.03454836259847732]], "T": [0.03674698176652546, 0.04932040538318941, 0.021134139378448574], "aligned_model": [[0.22563103481373253, 0.012152298584242126, 0.319094367204827, -0.4511348228866666, 0.3160362767539767, -0.49737497333715874, 0.5479253210575689, 0.2530269000572769, 0.6005700228826516, -0.26898193664924175, 0.030531992818679292], [-0.057079410788106716, -0.5530882639810596, -0.6506984015142238, 0.2730034430271969, 0.5866857014003103, 0.30724228940140297, -0.05894617275217387, 0.6741346206548984, 0.009452438704094152, -0.14635741496401142, -0.037953553096683385], [-0.7605777769148363, -0.28717600208515937, 0.3521394657177437, -0.48846818571767137, 0.4761896351981305, 0.2831879066928862, 0.39793304600239643, -0.22781715524912724, -0.21839029047005748, 0.8174252917220743, 0.1114189659710715]], "inverted": false, "swapped": false, "error_lsq": 0.05101050069462407, "error_max": 0.3136764696614068, "target": "302.xyz", "model": "11.xyz", "model_rescale": 3.6694154284099745, "target_rescale": 3.84753442667435},
{"mapping": [1, 12, 5, 2, 11, 10, 6, 4, 0, 7, 13], "R": [[0.43778151479142835, -0.78028541917752, -0.4466564786565674], [0.8989412368654875, 0.3711065426543625, 0.23277582920456608], [-0.01587444391686879, -0.5034228824935236, 0.8638943242157818]], "T": [0.039524471029888486, 0.11558990594412981, 0.09184721582348113], "aligned_model": [[0.10845891209586955, -0.22644254205077502, 0.31649659600544494, -0.38783610091738474, 0.2422698411546113, -0.568073028755611, 0.5071647831688633, 0.5646109172442773, 0.603125807363051, -0.19658277817512015, 0.12428407416666162], [0.11449523842095365, -0.44237597592646166, -0.5759063897588712, 0.25460562220402355, 0.7063107798567471, -0.03539474228843455, 0.07554730515351855, 0.5368678756688516, -0.19007108360160696, -0.18744085717859577, 0.08975750354151944], [-0.7517879770410038, -0.19047197036090177, 0.3913302829445362, -0.3818099867713546, 0.48551181027410883, 0.1993539670577227, 0.4073847920931801, -0.2155413753389959, -0.22384687277947776, 0.7279219299441154, 0.007820300845521669]], "inverted": false, "swapped": false, "error_lsq": 0.03983677131034599, "error_max": 0.23131789155003554, "target": "302.xyz", "model": "12.xyz", "model_rescale": 3.9764082729961374, "target_rescale": 3.84753442667435},
{"mapping": [0, 9, 1, 4, 3, 6, 8, 7, 2, 13, 15], "R": [[0.9488633917238496, 0.29958176538303516, 0.09954410929982996], [0.30773153161472167, -0.9481075007483202, -0.07995918630671173], [0.07042420249012368, 0.1065032059365256, -0.9918152543840371]], "T": [-0.00957693290569149, -0.07472930868233006, 0.16257404604381598], "aligned_model": [[0.14193333119226498, -0.04874670892876886, 0.43015275003416803, -0.3029167193717013, 0.3171807304916602, -0.7122612340286673, 0.6264483365545164, 0.32290711767256086, 0.7026916463436533, -0.3658476734790197, -0.02406509518077915], [-0.06631110154641665, -0.5018556430060552, -0.5328399740430643, 0.3597334213658356, 0.6542546366073003, 0.20025879880682518, 0.0907019842615135, 0.4301429636969648, -0.11161686521656852, -0.20705650257350516, 0.030983557738814435], [-0.5474130715603316, -0.25876661149008656, 0.15282712420400107, -0.3284021526200281, 0.42763117995022354, 0.2820525771449277, 0.4228761408712431, -0.29084854229584234, -0.19459859161642323, 0.6422001705982636, 0.14830667768150432]], "inverted": true, "swapped": false, "error_lsq": 0.04654016443932803, "error_max": 0.25087195748288493, "target": "302.xyz", "model": "13.xyz", "model_rescale": 4.170626492500431, "target_rescale": 3.84753442667435},
{"mapping": [9, 0, 2, 10, 5, 8, 6, 11, 3, 4, 13], "R": [[-0.9908179778283017, -0.058790623666628496, -0.12175137527405502], [-0.13453156926731752, 0.5183079596074543, 0.8445461005048986], [0.013453314933794838, 0.8531708630611141, -0.5214580392906468]], "T": [0.012922926426760878, -0.06564937529101629, -0.011965481137348452], "aligned_model": [[0.1324009418450287, -0.17246652181538605, 0.26025435404741926, -0.3133701434481869, 0.28958965582437945, -0.7063472689643506, 0.6984307799504903, 0.4278795019795787, 0.6517495470360577, -0.256540457532894, 0.07589609237775108], [0.24671588365446662, -0.6231459210642025, -0.5626462448071115, 0.2984328244755208, 0.6542580485280829, 0.004645368889322862, 0.17235644232402975, 0.4786012614656269, -0.20830543734233276, -0.12651129610111733, 0.011994346069358189], [-0.7498403941812273, -0.11534226992148718, 0.34123905427899176, -0.29357742928509833, 0.4701223224117556, 0.15910563789674337, 0.4133831765174862, -0.18877593310954516, -0.22881427912986607, 0.6412943767242357, 0.007070638665462668]], "inverted": false, "swapped": false, "error_lsq": 0.044092505971415286, "error_max": 0.2422636386617842, "target": "302.xyz", "model": "14.xyz", "model_rescale": 3.9786697098870705, "target_rescale": 3.84753442667435},
{"mapping": [9, 7, 10, 8, 0, 5, 1, 9, 6, 4, 11], "R": [[0.8112340479186688, 0.5840520258879174, 0.027974105056479737], [-0.5006278106023698, 0.6690496366992664, 0.549312642203015], [0.30211109669949066, -0.4596257332752373, 0.8351485320362072]], "T": [0.04870470083206488, 0.09312447814865976, 0.06896373016167517], "aligned_model": [[0.28164167166670095, -0.06369531176624882, 0.14379658793976036, -0.3890553338706473, 0.31611454622547863, -0.7196985890006236, 0.613893907743827, 0.28164167166670095, 0.6704151810293056, -0.1769431059543637, 0.12936525561999768], [0.41109116287264824, -0.4785306216622984, -0.6131837189416512, 0.2308916100220476, 0.6622798386947868, -0.12781277656474227, -0.09794472362333034, 0.41109116287264824, -0.17772069366614146, 0.03473567258737342, 0.09149836350030316], [-0.41275384588599634, -0.24321040300556668, 0.4983903853965578, -0.17925894288503808, 0.3662173865345146, 0.1424668007366825, 0.39257740727840346, -0.41275384588599634, -0.3402729526044759, 0.6351691211363184, 0.009293790052047904]], "inverted": true, "swapped": false, "error_lsq": 0.07004552613847731, "error_max": 0.5305199613628172, "target": "302.xyz", "model": "15.xyz", "model_rescale": 3.769337070930944, "target_rescale": 3.84753442667435},
{"mapping": [4, 0, 1, 2, 8, 3, 7, 6, 5, 9, 10], "R": [[0.7767949222779827, -0.6183827595709179, 0.11913190751683286], [0.5130585645701864, 0.7311242873121341, 0.44969788283191214], [-0.3651856487381766, -0.28820138647789406, 0.8852002049185805]], "T": [0.14060436030731363, 0.005938197444838887, 0.07507402866858853], "aligned_model": [[0.2531084780700438, -0.14326689656104982, 0.27125944422745885, -0.4314650765782855, 0.006707771768961396, -0.5212700955035469, 0.7393036311575925, 0.36879222486968793, 0.6939352523623422, -0.23738303720013884, 0.08775478468682234], [0.08382096785070989, -0.39693149903333796, -0.7452196402948118, 0.35884037333375995, 0.68952725866682, -0.04553930460072163, -0.08249525736799843, 0.594649008800734, -0.2353982473258763, 0.10689700725549858, 0.01824460880686772], [-0.6925910168413787, -0.3427575543949823, 0.3196544821977345, -0.23269613210037754, 0.3512468200548395, 0.27183711017759815, 0.4556987902598814, -0.2894212505307418, -0.217556396682884, 0.7876135215806979, 0.04483652714706374]], "inverted": false, "swapped": false, "error_lsq": 0.05299403317639198, "error_max": 0.32208849821814645, "target": "302.xyz", "model": "16.xyz", "model_rescale": 3.7852294659196426, "target_rescale": 3.84753442667435},
{"mapping": [9, 10, 6, 0, 2, 4, 7, 8, 11, 5, 12], "R": [[-0.66561206582591, -0.18392550550383205, -0.7232786366623337], [-0.36204819839207525, 0.9270527990278553, 0.09743823610714358], [0.6525961077634596, 0.3267177929647829, -0.6836474265966371]], "T": [0.046437948791097694, 0.2046145110387203, 0.10980773992117022], "aligned_model": [[0.12120379613141818, -0.09262276320956314, 0.28951070147082153, -0.46157387994108595, 0.4532633781964172, -0.6218832372173964, 0.48971992376703544, 0.3249045832397401, 0.7335971160707437, -0.21902990099681513, 0.07038676378857225], [0.019162140471509076, -0.5191394983280971, -0.618533572073294, 0.3757212778071158, 0.5728603546154885, 0.0021845301482869284, -0.05189379335511246, 0.5120377173382367, 0.03298750834319922, -0.12485324073975929, 0.14586185186407016], [-0.7311912326313098, -0.2159181073529846, 0.33505450699164974, -0.3125589396038247, 0.3799467591462363, 0.2287849657187695, 0.5884846514333657, -0.39234086057458006, -0.08068773299765918, 0.6129844800705923, 0.043306410667195636]], "inverted": true, "swapped": false, "error_lsq": 0.042744533099627835, "error_max": 0.24704937812506594, "target": "302.xyz", "model": "17.xyz", "model_rescale": 3.901054581598922, "target_rescale": 3.84753442667435},
{"mapping": [2, 0, 1, 13, 10, 12, 4, 5, 8, 6, 14], "R": [[0.7704041842443358, 0.6363888943509828, -0.03855603773151117], [0.28264404476270727, -0.3951211042820406, -0.874066162776662], [-0.5714803031242607, 0.662486594655073, -0.4842744831635554]], "T": [0.02602022873877924, 0.05630961579709738, 0.08277398065242293], "aligned_model": [[0.1381394185809413, -0.06697738713858324, 0.2341389920543902, -0.312230963016291, 0.34012000398157843, -0.7136748052368822, 0.7148735811619982, 0.24183764649070477, 0.6347048436745264, -0.10363155158192153, -0.019823297670573274], [-0.0376056411768063, -0.6270421652683045, -0.5652171396176285, 0.410439289991549, 0.6327034723784657, 0.12136535199398792, 0.01564439175062575, 0.5043986958677702, -0.006930440150310094, -0.18650485297026026, 0.08514431329255492], [-0.7310732493390365, -0.23327396706335513, 0.3195790103613812, -0.4535845779926174, 0.5742668101184704, 0.10714839299070797, 0.46929871248513677, -0.2950157300490856, -0.17397879344001588, 0.7813133817509147, 0.09118491104495055]], "inverted": true, "swapped": false, "error_lsq": 0.04068676927267905, "error_max": 0.17198078672685096, "target": "302.xyz", "model": "18.xyz", "model_rescale": 3.9405287249114394, "target_rescale": 3.84753442667435},
{"mapping": [3, 1, 5, 12, 13, 4, 11, 14, 10, 7, 15], "R": [[-0.958638660623827, -0.20710588241292258, -0.19524106081283304], [0.23807610288441647, -0.20753307620174838, -0.9488149406062324], [0.1559861775694386, -0.956052914723973, 0.24825619157449352]], "T": [-0.0038764723929161776, -0.05955395579930915, 0.09994983486029968], "aligned_model": [[0.14654902201892234, -0.18561081452412637, 0.4068441149471588, -0.26144587008913867, 0.16614503850615192, -0.7043246954332972, 0.6538332184161619, 0.4191095643752346, 0.693184506536283, -0.27401437384086386, 0.027206770387401127], [0.06033471609322065, -0.41486592320147986, -0.6761454340107884, 0.29327931499901533, 0.5208752921245478, 0.09051869531114833, 0.10072581325085848, 0.5203758869864169, -0.08176282493707747, 0.013466554525652, -0.0804068150498696], [-0.7297654608024744, -0.42564074600124296, 0.47729078266596064, -0.2306643671902992, 0.39239541844485487, 0.24663151348558046, 0.3468132791951548, -0.19074442415057485, -0.26270260857888966, 0.745952209634978, 0.08629930416440332]], "inverted": true, "swapped": false, "error_lsq": 0.04334590561292553, "error_max": 0.23968999689701395, "target": "302.xyz", "model": "19.xyz", "model_rescale": 4.410303926677745, "target_rescale": 3.84753442667435},
{"mapping": [11, 4, 7, 6, 5, 0, 8, 10, 9, 1, 13], "R": [[0.3377483600262501, -0.2637605655618063, 0.9035244376075805], [-0.9076071243347024, -0.3455678964375326, 0.23839491774916446], [0.24934986095137635, -0.9005627090915185, -0.3561059587219435]], "T": [-0.0224596336934232, -0.01620257120677286, 0.04169543404640819], "aligned_model": [[0.22233855029358063, -0.26771452003616025, 0.21433418106279128, -0.35835662910446514, 0.30044894215112916, -0.686715817316426, 0.6459720444272172, 0.4467653584495377, 0.6311453903672706, -0.10807767842869666, 0.0473366594341091], [-0.03602158857388574, -0.43046709352143875, -0.5555689839790479, 0.13232099710213663, 0.6460476787399427, 0.06607657864123283, 0.04760006946969393, 0.6240184896088209, 0.0016140923387947675, -0.1598380305025479, 0.010613066767942627], [-0.7500206641611168, -0.47145984585457357, 0.44152755760338314, -0.407325480064685, 0.43694899957104233, 0.296946754398794, 0.4161095044748777, -0.17062251866561715, -0.17357129773381397, 0.7732405771654062, 0.06409131413375399]], "inverted": false, "swapped": false, "error_lsq": 0.04431352650124591, "error_max": 0.21818811418098807, "target": "302.xyz", "model": "20.xyz", "model_rescale": 4.121658175737393, "target_rescale": 3.84753442667435},
{"mapping": [0, 1, 2, 5, 11, 8, 4, 7, 3, 10, 12], "R": [[0.9865650036063353, 0.02173346963474021, 0.16191710828960476], [0.14141378030153573, -0.6098779093445775, -0.7797763002517558], [0.08180242294737211, 0.7921973188487342, -0.6047576139320746]], "T": [-0.04608528213342225, 0.03088387860151641, 0.14853796432482763], "aligned_model": [[0.2844897626647166, -0.07176214698944115, 0.32070670181795113, -0.33876007507551853, 0.4941534398161851, -0.7108912194653274, 0.4361021060307254, 0.21861392314608138, 0.5343118794262172, -0.07032995781395215, -0.00915793225774967], [-0.08115106307901794, -0.5282225540208874, -0.6221935703564121, 0.2218155257376191, 0.6323285726329877, 0.12661377638614635, -0.0777240971549773, 0.601088453202578, 0.04971117219035155, -0.046580515343548526, 0.07070957589680432], [-0.7816942873725883, -0.2626986605091695, 0.2716847076059142, -0.4360902095471985, 0.496353154431044, 0.09782351840572136, 0.43979598090880406, -0.11907954916336932, -0.2328088211836033, 0.9244790091464448, 0.05810005814545206]], "inverted": false, "swapped": false, "error_lsq": 0.051493436752458654, "error_max": 0.24180435837522082, "target": "302.xyz", "model": "21.xyz", "model_rescale": 4.08911054899281, "target_rescale": 3.84753442667435},
{"mapping": [1, 8, 9, 0, 3, 7, 14, 2, 15, 12, 16], "R": [[-0.09952204466212694, 0.053978002744074216, 0.9935701977444928], [0.31923995813879863, -0.9440091127789765, 0.08326250127030671], [0.9424336643784579, 0.3254737627060136, 0.07671778174701]], "T": [0.028150179248174742, -0.06898616660912597, 0.014394734365201643], "aligned_model": [[0.17811573165152755, -0.12354258197793734, 0.24812385783519275, -0.5112981702086613, 0.3217981645067149, -0.6144394320619968, 0.46650034620900427, 0.43364181626425147, 0.740851906104942, -0.05177239485576059, -0.0005027621673888809], [0.045111112397047654, -0.4734707054602195, -0.5523042333828404, 0.3566650824291278, 0.604537283666575, 0.011602887977924844, 0.04696519689151675, 0.44763743253623006, -0.05840695793171002, -0.050917743224083795, -0.03102407980792412], [-0.7566373825286303, -0.5279553205643513, 0.4893292968277931, -0.3432306151833785, 0.4774453212094398, 0.30829979340032915, 0.4685169628178709, -0.285489274026999, -0.13874359125355115, 0.7480536607465719, 0.016276049422357206]], "inverted": false, "swapped": false, "error_lsq": 0.04273434917409509, "error_max": 0.2409637717217515, "target": "302.xyz", "model": "22.xyz", "model_rescale": 4.204369325754507, "target_rescale": 3.84753442667435},
{"mapping": [3, 1, 5, 12, 13, 4, 11, 14, 10, 7, 15], "R": [[-0.958638660623827, -0.20710588241292258, -0.19524106081283304], [0.23807610288441647, -0.20753307620174838, -0.9488149406062324], [0.1559861775694386, -0.956052914723973, 0.24825619157449352]], "T": [-0.0038764723929161776, -0.05955395579930915, 0.09994983486029968], "aligned_model": [[0.14654902201892234, -0.18561081452412637, 0.4068441149471588, -0.26144587008913867, 0.16614503850615192, -0.7043246954332972, 0.6538332184161619, 0.4191095643752346, 0.693184506536283, -0.27401437384086386, 0.027206770387401127], [0.06033471609322065, -0.41486592320147986, -0.6761454340107884, 0.29327931499901533, 0.5208752921245478, 0.09051869531114833, 0.10072581325085848, 0.5203758869864169, -0.08176282493707747, 0.013466554525652, -0.0804068150498696], [-0.7297654608024744, -0.42564074600124296, 0.47729078266596064, -0.2306643671902992, 0.39239541844485487, 0.24663151348558046, 0.3468132791951548, -0.19074442415057485, -0.26270260857888966, 0.745952209634978, 0.08629930416440332]], "inverted": true, "swapped": false, "error_lsq": 0.04334590561292553, "error_max": 0.23968999689701395, "target": "302.xyz", "model": "23.xyz", "model_rescale": 4.410303926677745, "target_rescale": 3.84753442667435},
{"mapping": [2, 0, 1, 5, 9, 13, 10, 4, 3, 11, 16], "R": [[-0.30386493725123387, 0.9398773606625135, 0.15587381699108727], [0.31056295977855036, 0.2523915250542508, -0.9164328486552498], [-0.9006757174049327, -0.23006317609486487, -0.36858402987955535]], "T": [-0.08570526609473827, 0.13681624845327756, 0.1644625282917132], "aligned_model": [[0.2414865411229249, -0.11780851971906152, 0.3423351970744437, -0.22067560091704197, 0.12085999765975586, -0.762118359865663, 0.5237324671351017, 0.3835376106644312, 0.595574154495805, -0.017360304547125033, -0.002086701803683033], [-0.030552425829474428, -0.3780040003843729, -0.5898698113637368, 0.42539329055663205, 0.5615277580126912, -0.008299801149738995, 0.19401219122504093, 0.37340092621774906, -0.238564961395467, -0.029517784263958097, 0.06686989446627913], [-0.6708979922841953, -0.3871852792627439, 0.322715749200078, -0.37785502897226336, 0.5760094989842264, 0.28933559405049813, 0.38604370917524033, -0.2801982253722574, -0.2874205129992466, 0.7714085245729636, 0.11390886377515193]], "inverted": true, "swapped": false, "error_lsq": 0.046964321478219044, "error_max": 0.21516279561966764, "target": "302.xyz", "model": "24.xyz", "model_rescale": 4.28219845311461, "target_rescale": 3.84753442667435},
{"mapping": [7, 3, 5, 4, 14, 0, 11, 13, 9, 8, 15], "R": [[0.18996812109101374, -0.2864788321073811, 0.9390644236278687], [0.4365885220060307, 0.8813572168264125, 0.18055447599156865], [-0.8793762422431823, 0.3756851542214454, 0.2925031443862941]], "T": [0.10544216438279236, 0.11401072904688717, 0.09628154450520496], "aligned_model": [[0.24023393134777993, -0.10569484338973187, 0.32223522100979385, -0.4260272197062169, 0.31531506862948516, -0.6950066788144673, 0.5655715569963191, 0.29232072545756926, 0.6046817750971276, -0.05886743659842175, 0.032714381270650655], [0.09716470264147664, -0.48347465195381367, -0.6362123367065198, 0.13212476740803775, 0.6883969868535845, 0.23968856903515273, 0.0767853316815064, 0.5551425752384535, -0.22657576159552742, -0.22432174671484897, 0.1276768402041423], [-0.6699386566791737, -0.34922684856852504, 0.4360561802919609, -0.4055757543517631, 0.5503502791704601, 0.19136520238530105, 0.3850241341810112, -0.25499548950534046, -0.20643009611099775, 0.6797877979414064, 0.09944815211311157]], "inverted": false, "swapped": false, "error_lsq": 0.04158407326387865, "error_max": 0.21607807502521983, "target": "302.xyz", "model": "25.xyz", "model_rescale": 4.100010024507729, "target_rescale": 3.84753442667435},
{"mapping": [3, 7, 9, 2, 0, 6, 10, 1, 8, 4, 11], "R": [[-0.19727834110104003, -0.4160816254973894, -0.8876696103032209], [-0.4470145276538095, -0.7676776266640506, 0.45918305019446465], [-0.8725017296251414, 0.487388081966415, -0.03454836259847732]], "T": [0.03674698176652546, 0.04932040538318941, 0.021134139378448574], "aligned_model": [[0.22563103481373253, 0.012152298584242126, 0.319094367204827, -0.4511348228866666, 0.3160362767539767, -0.49737497333715874, 0.5479253210575689, 0.2530269000572769, 0.6005700228826516, -0.26898193664924175, 0.030531992818679292], [-0.057079410788106716, -0.5530882639810596, -0.6506984015142238, 0.2730034430271969, 0.5866857014003103, 0.30724228940140297, -0.05894617275217387, 0.6741346206548984, 0.009452438704094152, -0.14635741496401142, -0.037953553096683385], [-0.7605777769148363, -0.28717600208515937, 0.3521394657177437, -0.48846818571767137, 0.4761896351981305, 0.2831879066928862, 0.39793304600239643, -0.22781715524912724, -0.21839029047005748, 0.8174252917220743, 0.1114189659710715]], "inverted": false, "swapped": false, "error_lsq": 0.05101050069462407, "error_max": 0.3136764696614068, "target": "302.xyz", "model": "26.xyz", "model_rescale": 3.6694154284099745, "target_rescale": 3.84753442667435},
{"mapping": [3, 9, 11, 7, 0, 8, 2, 6, 12, 4, 13], "R": [[-0.10480217753769416, 0.9731642845524465, -0.20486038869162226], [0.24888162760166493, 0.2251050324722388, 0.9420114966379223], [0.9628470486145262, 0.04773886914451586, -0.26579420864100667]], "T": [-0.013028855830863106, 0.10902533125826194, 0.07360458082220034], "aligned_model": [[0.10687951354609515, -0.18053272768931683, 0.4868752544775816, -0.3557662949564889, 0.1344242809237951, -0.6174733657272327, 0.5425227763122898, 0.569280670422382, 0.6015852491411898, -0.23321841932510715, 0.03289954417469972], [0.09620635575884015, -0.44053465305166006, -0.5781569924280351, 0.3078992252409817, 0.5939231142889637, -0.04199177225818784, 0.06470135900425969, 0.3775444596278985, -0.24693385459380182, 0.10696614534855245, 0.10677188915383262], [-0.7253252516124427, -0.2935327395744839, 0.19214488517061687, -0.41538289021586366, 0.4979453113752123, 0.21572376084969921, 0.46286980622769164, -0.17135158900971734, -0.28033803223023734, 0.8654649763279547, 0.1076466635590211]], "inverted": true, "swapped": false, "error_lsq": 0.0511189248151018, "error_max": 0.2648848644552042, "target": "302.xyz", "model": "27.xyz", "model_rescale": 4.103607728864725, "target_rescale": 3.84753442667435},
{"mapping": [12, 10, 9, 13, 1, 11, 0, 2, 3, 5, 14], "R": [[0.37979843063556834, 0.11595847196335032, 0.9177727305094026], [-0.8275009872217076, -0.40089788371548113, 0.3930941400982059], [0.4135157412165331, -0.9087543780430296, -0.05630463705386726]], "T": [-0.08216182845476447, -0.0036716959823698686, 0.03875014655326989], "aligned_model": [[0.20970505529033576, -0.08839018549479294, 0.20165820244492408, -0.42548368084670507, 0.35669039329306884, -0.7672232915346432, 0.560615470874327, 0.40201533356122554, 0.6074684369087491, 0.000983909127440924, 0.029436837675957644], [0.15424282466304023, -0.47651018972778786, -0.647490595435879, 0.33033870681218785, 0.6027246193561423, -0.05521541521836361, 0.06586842568303876, 0.4794555876055552, -0.10486580419934143, -0.09272832838102879, 0.09057544493408051], [-0.7531907246404009, -0.15140832080198227, 0.45716063975290677, -0.3976438147350194, 0.5312469163759107, 0.04851079558212689, 0.3415590894984982, -0.2323240312416198, -0.23999831016645887, 0.7600656898001835, 0.09188697144330643]], "inverted": true, "swapped": false, "error_lsq": 0.04344336558288378, "error_max": 0.23054827440991393, "target": "302.xyz", "model": "28.xyz", "model_rescale": 4.137296879288765, "target_rescale": 3.84753442667435},
{"mapping": [2, 4, 6, 3, 7, 8, 0, 1, 5, 9, 10], "R": [[-0.7944072210459407, 0.5742291558934602, 0.1979344428641721], [0.5532352952778474, 0.8185888142393505, -0.15441198548379492], [-0.25069478496550185, -0.013161676340751202, -0.9679767017170415]], "T": [0.0751549063490653, 0.03933648201197973, 0.05358600374320682], "aligned_model": [[0.2521144076934769, -0.24532728639665502, 0.3094058247476506, -0.4377822908410175, 0.0077253349477713895, -0.5868747731638235, 0.6332548776070199, 0.6317897879794562, 0.5996225651308957, -0.11217242439906791, 0.03572045799418097], [0.2212459917066484, -0.6208425037811622, -0.6252442895833439, 0.15620850350287657, 0.704716560001643, 0.24240530546912367, 0.10143462100235437, 0.5276891667208687, -0.19266503763254392, -0.1392699039836868, -0.029283137331133996], [-0.6864905742085163, -0.19356745795266422, 0.19361003101056473, -0.38127614371736673, 0.31191685633146854, 0.25064851757975626, 0.4721413592016989, -0.08289926938097983, -0.29898614093957915, 0.7910156249852767, 0.07975209795779234]], "inverted": true, "swapped": false, "error_lsq": 0.06279541097014824, "error_max": 0.34747336393108563, "target": "302.xyz", "model": "29.xyz", "model_rescale": 3.607286011436655, "target_rescale": 3.84753442667435},
{"mapping": [9, 0, 2, 8, 12, 4, 13, 11, 1, 7, 14], "R": [[-0.6905325014510495, 0.3554513782592383, -0.6299358555705212], [0.4124778594958934, -0.5219006960973522, -0.7466469572956054], [-0.5941606515627256, -0.775418584447592, 0.21377356952591287]], "T": [-0.01306048626749387, 0.11648956530534575, 0.09112848196305456], "aligned_model": [[0.11802582160491326, -0.05603185790371376, 0.3256653258685078, -0.39179948553090704, 0.265596492355627, -0.7163100988731956, 0.6174368688835561, 0.37220770072058085, 0.5503178871746034, -0.05552028267076109, 0.05788810967067701], [0.07421259509308344, -0.7368833456916304, -0.566845500371937, 0.4151336519570867, 0.6257278101144901, 0.16409674230374716, 0.13277587791935413, 0.5108123558943878, -0.22850632716720787, -0.16913047934600234, 0.12500189538627227], [-0.6806139268663699, -0.30201820707316007, 0.35277242991500757, -0.3910721539032616, 0.5046845438210965, 0.09592731207343161, 0.46274974551049064, -0.11038832595665515, -0.2275072055708408, 0.809395368517214, -0.05806467959950179]], "inverted": true, "swapped": false, "error_lsq": 0.04672719606434781, "error_max": 0.2627444528146154, "target": "302.xyz", "model": "30.xyz", "model_rescale": 3.964800864290218, "target_rescale": 3.84753442667435},
