[{"mapping": [4, 5, 6, 10, 2, 8, 9, 7, 11, 1, 0, 13], "R": [[-0.6002420688590253, 0.06636063325401387, -0.7970606784467312], [0.5883656274128385, 0.7116899119110267, -0.3838272498965805], [0.5417890246682137, -0.6993523687228074, -0.4662305407315832]], "T": [-0.06562216612323234, -0.0844307021650788, -0.0002864543552723517], "aligned_model": [[-0.41337717972641724, 0.2664630743495906, 0.4684873015186788, -0.07781877484952714, -0.081444489091324, -0.4249825974555841, 0.3320841586462555, -0.3291639517377032, 0.6298727720459599, 0.06988097220587682, -0.5296977502172684, -0.07266107322798915], [-0.3171757996392894, -0.6999038965112263, -0.08260179968024643, 0.6257636427769717, 0.2629768921774137, -0.6706437834446191, -0.38700119336749644, -0.42339569936395544, -0.031108339565846646, 0.5434078411873771, 0.21485552349041392, 0.018381647917560653], [-0.4350965924499443, -0.23933938345146846, -0.5719339576309572, -0.12474827455710971, -0.6544406753013455, 0.0074200185846565805, 0.6242467457072077, 0.6359508072768215, -0.012256325512576875, 0.44645777412302984, 0.43590481166873046, 0.06978679689651873]], "inverted": true, "swapped": true, "error_lsq": 0.0513250231566481, "error_max": 0.24002582120696986, "target": "303.xyz", "model": "0.xyz", "model_rescale": 3.751011558992144, "target_rescale": 4.036276079636949},
{"mapping": [9, 5, 3, 12, 7, 1, 0, 10, 6, 4, 13, 8, 2, 14], "R": [[0.0646856541366505, -0.5612282181398545, -0.825129476695917], [-0.009228262854823976, -0.827162248672356, 0.5618874028984578], [-0.9978630193135709, -0.028731542507417163, -0.058684692651053194]], "T": [-0.00935664871359221, -0.01668028346370925, 0.042008087718299295], "aligned_model": [[-0.6682669959850359, -0.3840932873122488, 0.10087342791385912, -0.27546243302686046, 0.3186280945522495, 0.6476022108359033, 0.6189935272624739, -0.47236568320619027, 0.19474423977262934, 0.22306972120497895, -0.4478829958696592, 0.21677484859546992, 0.1043358469886509, -0.04962729361685714], [-0.021156320063498095, -0.1299059467641354, -0.7491215345095397, -0.39661826755160917, -0.12824457206420817, 0.1880776534105769, -0.4398867192050969, 0.6543792751406297, 0.4399961051531352, 0.6739107789552067, -0.5823956022967735, 0.10148158663895554, -0.6332472785219035, -0.030465202429394905], [0.04460437146179509, 0.5286685934690523, -0.14449937456109596, -0.5383452045782587, -0.5233735899925623, -0.06828603534475507, 0.002298043681522123, 0.1300731256893517, -0.5179162363373292, 0.3496376327613536, 0.16514629944861364, 0.6546422122318425, 0.5811344727283565, 0.007481813497756583]], "inverted": false, "swapped": false, "error_lsq": 0.04159612559963171, "error_max": 0.27535273916936615, "target": "303.xyz", "model": "1.xyz", "model_rescale": 3.9405287249114394, "target_rescale": 4.036276079636949},
{"mapping": [5, 9, 11, 0, 1, 6, 8, 7, 10, 2, 3, 4, 13], "R": [[-0.8222409369120278, 0.5521813432004636, 0.1378970844048653], [0.5672325589310705, 0.8148859886857412, 0.11919752317968553], [-0.04655175350661263, 0.17622879919296336, -0.9832478551110426]], "T": [-0.023828588633525348, -0.011896208313910254, 0.024600911324018843], "aligned_model": [[-0.466032055804797, 0.3250843720756783, -0.3191878326010834, 0.6050276116852394, 0.40971609793814995, -0.7602014109138202, 0.049852424683945164, 0.6082453597385764, -0.02814054009292779, -0.5533321132349136, -0.13104445458340322, -0.30069216390750986, 0.05668798430079742], [0.5729009125412882, 0.6010962399075054, 0.20328272390090502, -0.30988708529618314, -0.36300755613144065, 0.008362992459732231, 0.36228743635844973, 0.3842024813134861, -0.6725476177203716, -0.5275744740989619, -0.6379034960438091, -0.08085811594860925, -0.08152184766997417], [0.1178885518193756, -0.3525740416633978, -0.5696723468001033, 0.12920745859011998, -0.5239267259686429, -0.2388412411522229, 0.5967921331476504, 0.20553666523895053, -0.2644261321579243, 0.07521781486559256, 0.4217735806780323, 0.5563475634584998, -0.04020293046728586]], "inverted": false, "swapped": true, "error_lsq": 0.04749971694257571, "error_max": 0.23069911132327311, "target": "303.xyz", "model": "2.xyz", "model_rescale": 3.932901565614263, "target_rescale": 4.036276079636949},
{"mapping": [9, 7, 6, 12, 10, 1, 2, 8, 11, 3, 5, 0, 4, 13], "R": [[-0.5058299982093917, -0.14097275835169706, 0.8510362473562458], [0.08839845080648086, -0.9898336398563428, -0.11142297475726642], [0.8580919104655989, 0.018869202724499986, 0.5131493217203358]], "T": [0.020386778901769105, 0.020214108559371446, 0.07971740245497128], "aligned_model": [[-0.7018992121725907, -0.4735969520248877, 0.1639417555583616, -0.30771020476049565, 0.19386035668736087, 0.7462571967831306, 0.6096254145256219, -0.4252920511996242, 0.023485679596949645, 0.11891602093802844, -0.3881796895671559, 0.4661780891871169, 0.11773851239747368, -0.016001687839926983], [-0.03853633493840267, -0.02639187759401187, -0.5917015459378427, -0.3857091447824222, -0.09126040912507591, 0.06408564617513715, -0.5303935287636986, 0.6032514234625506, 0.6569131962544532, 0.46846087840741596, -0.5710179460346443, 0.03816891746324237, -0.5899480386305399, -0.059117280063817085], [-0.041296116936004656, 0.5930891030595072, -0.18794555938347546, -0.477694915194785, -0.6063043100429047, -0.06154846583641599, 0.289070962701619, 0.06473089646279898, -0.5466318347203928, 0.3034411156947024, 0.061890902012179394, 0.579615453715731, 0.6973347586390036, 0.003514133984079626]], "inverted": true, "swapped": false, "error_lsq": 0.04386815771049085, "error_max": 0.24887820374614586, "target": "303.xyz", "model": "3.xyz", "model_rescale": 3.9243930471874484, "target_rescale": 4.036276079636949},
{"mapping": [10, 11, 2, 3, 4, 1, 0, 6, 5, 9, 8, 7, 13], "R": [[-0.41159007920701385, 0.4703404891333593, 0.7806237448221498], [-0.848607664746419, -0.5101443127804604, -0.14006359795243584], [0.3323531826716781, -0.7200920805143912, 0.6091048822234657]], "T": [0.01413815644149472, -0.047238576950438024, -0.06306430244821545], "aligned_model": [[-0.014723198735720916, -0.2251471072027777, 0.5467744389220591, 0.5061564775238641, 0.5801688943732738, -0.5716266267778827, -0.2877151288890152, 0.3536186956629747, 0.2463007297063846, -0.6319972195876374, 0.25205541628421857, -0.4077522891028287, -0.06890719586555968], [-0.6239686988295834, 0.31846019003048404, -0.31278357512648497, -0.6114031858626313, -0.046838554131607285, -0.49218428737561054, -0.578166512835081, 0.2864355450262795, 0.6544270822748103, 0.40739322143292145, 0.2154799126834635, 0.04812489847432151, -0.1371464820796946], [-0.4949958922105827, -0.606853540682092, -0.504249719049304, -0.03544616973874806, 0.14615503167865032, -0.3295707305298645, 0.28650877175430955, -0.6839279590776793, -0.06299325994641734, 0.061755345968257186, 0.5261890035834199, 0.5710205930455403, -0.08652115942452557]], "inverted": true, "swapped": true, "error_lsq": 0.04572981578549251, "error_max": 0.26390237355607604, "target": "303.xyz", "model": "4.xyz", "model_rescale": 3.8936222436046832, "target_rescale": 4.036276079636949},
{"mapping": [1, 9, 12, 10, 6, 5, 8, 4, 3, 0, 2, 13], "R": [[0.8032750967136938, 0.4362788777321357, 0.4054748572284034], [-0.5755034958281621, 0.7439165073273427, 0.33968214026564947], [-0.15344329665765927, -0.5062104018791752, 0.848649623661116]], "T": [-0.13407383977395065, -0.12848317708892154, 0.048290700730909665], "aligned_model": [[0.12834337041942784, -0.669526393729625, -0.23636987517955302, 0.3283672798039708, -0.513906950274341, -0.7640094526474066, -0.22336062101280618, 0.01551108109742716, 0.5076450930222827, 0.3883150975676187, 0.13476627534702124, -0.0682268621989196], [-0.5161878824585948, -0.7159917190912467, 0.2320732063573301, 0.03620736551437381, 0.504067144680807, 0.11227448409638724, -0.21613632269058758, 0.24495371372055175, 0.2417384057838728, -0.5999818635320466, 0.5384503277145634, -0.19254395498560295], [-0.5785625611439758, -0.0405080403922339, -0.6845098455570213, -0.4799523736587087, -0.21183241417232226, 0.35069942253360115, 0.7244488795307661, 0.49810502476338864, 0.1590123623430136, 0.04829141282653978, -0.12999227648450182, -0.035914871313027306]], "inverted": true, "swapped": true, "error_lsq": 0.04480044271197494, "error_max": 0.23652372373454333, "target": "303.xyz", "model": "5.xyz", "model_rescale": 3.6523030999806103, "target_rescale": 4.036276079636949},
{"mapping": [12, 6, 5, 11, 9, 10, 4, 1, 3, 0, 8, 7, 13], "R": [[-0.17922615301073486, -0.6674351469444478, -0.7227781891425723], [-0.5285316193709925, -0.5543279916850017, 0.6429423029786958], [-0.8297784724865119, 0.49724320232429126, -0.25341050558379585]], "T": [0.03833652212972741, 0.02243033251278939, -0.0007336048363905182], "aligned_model": [[0.06422717839749845, -0.024670923861626212, 0.26825029828815694, 0.4584089786602161, 0.8256407620720178, -0.27262689747265767, -0.4207420225238968, 0.2504101792783139, -0.6929693156671084, -0.040846176368936865, -0.008344306428128861, 0.4221476641411296, 0.052197486149316775], [-0.5612353896159493, 0.010212437393259957, 0.5789130901569638, -0.18732769377331074, 0.09435342354142037, -0.6263300735401274, 0.41102818619544634, -0.6955237309455075, -0.09665734258121841, -0.24145906463373337, 0.6624998746533367, 0.2800991507276305, -0.08774596341502806], [0.5790301607383449, 0.7789701344767179, 0.42786966018304545, 0.5152513395763855, -0.12214218622249759, 0.04853298371295635, 0.04827949572133191, -0.22808678691658155, -0.11089890213590908, -0.6482625227289184, -0.24766875313436504, -0.613469422760946, -0.057295461027775274]], "inverted": true, "swapped": true, "error_lsq": 0.06223669383936526, "error_max": 0.42441271987794865, "target": "303.xyz", "model": "6.xyz", "model_rescale": 4.08911054899281, "target_rescale": 4.036276079636949},
{"mapping": [1, 11, 7, 2, 6, 4, 5, 9, 3, 8, 13, 10, 12, 14], "R": [[-0.5057379472010473, 0.7390235199151247, -0.44505434024749185], [-0.8180711250760826, -0.5745944588988534, -0.024512081092527532], [-0.2738407622645384, 0.35168941527289876, 0.8951680245112553]], "T": [0.006723538798288477, -0.07674684397527189, 0.043195298412924084], "aligned_model": [[-0.703516617837117, -0.30782443765400874, 0.2338850491527326, -0.37834083889685854, 0.11619201636719206, 0.6484506728565064, 0.6824882334539056, -0.4050903726224421, 0.18112582907819236, 0.24560036255367257, -0.4149373868830114, 0.2949265530481212, 0.04357464135929982, -0.10921047586682177], [-0.00010197801195101219, -0.02737582219862921, -0.7316623837252731, -0.45968065549273796, -0.0894393898653499, 0.18422015638972516, -0.3957920160950178, 0.5880612407764193, 0.5119032125221137, 0.5181482562026087, -0.657828047326235, 0.026264962284204413, -0.5548555706004077, 0.03494199103287485], [-0.12302907789625181, 0.5363009013781025, -0.30143820045928843, -0.5528136480956073, -0.4436296374223823, -0.0869277196744867, 0.19169945723485865, 0.09793852371923448, -0.45633086546292584, 0.27597557279602675, 0.18616809728532985, 0.6955774631372934, 0.5705054156837065, 0.08126984193203277]], "inverted": false, "swapped": false, "error_lsq": 0.043110185092419206, "error_max": 0.29362685696982754, "target": "303.xyz", "model": "7.xyz", "model_rescale": 3.964800864290218, "target_rescale": 4.036276079636949},
{"mapping": [3, 5, 11, 6, 4, 7, 12, 0, 2, 1, 10, 8, 9, 13], "R": [[-0.973718721447058, -0.14553564831879076, -0.17518911659100408], [-0.22389554560867395, 0.4706823033840007, 0.8534219085175434], [-0.04174489382069835, 0.8702169524604546, -0.4908969540446731]], "T": [-0.018578756346109768, -0.02987343002962091, 0.003270378849472483], "aligned_model": [[-0.7312452084701976, -0.44507580471924396, 0.06989558801583631, -0.3240029328663377, 0.21567582641841687, 0.5886854352750822, 0.6734152225848966, -0.3774993893928243, 0.25886716399663484, 0.1072609402856863, -0.38973838128958954, 0.2429414775989847, 0.24822131125819508, -0.010078020586176897], [0.09139021916899977, -0.06622483357169091, -0.7852967808274246, -0.2260696867167163, -0.19078725758120424, 0.2797660743370796, -0.3322371166618856, 0.5295714792711887, 0.4088979395076443, 0.6273404357807969, -0.6205456872790858, -0.13393319978511098, -0.5763247364476852, -0.058742893302561494], [-0.05473264781557369, 0.7214970604465201, -0.3263372302144303, -0.44919942615131514, -0.6404103848605821, 0.20871317836290734, -0.016616084334040604, -0.2638564546089016, -0.40796212754277783, 0.3429087107711486, 0.43741416877957084, 0.7186977427118134, 0.32586210290473017, 0.07528751570657286]], "inverted": true, "swapped": false, "error_lsq": 0.05561655261353197, "error_max": 0.31066978905510045, "target": "303.xyz", "model": "8.xyz", "model_rescale": 4.121658175737393, "target_rescale": 4.036276079636949},
{"mapping": [1, 10, 0, 7, 12, 11, 2, 5, 4, 6, 9, 8, 13], "R": [[-0.01568674860877459, 0.15795107726754692, -0.9873223298944003], [-0.2706001533503107, 0.9499242211577835, 0.15626749842679175], [0.9625640149750425, 0.26962090283915385, 0.02784036327575681]], "T": [0.05440688125792242, 0.01910080585554525, -0.06607203361682105], "aligned_model": [[-0.5101322560723275, -0.23568211571340697, 0.1356516811473489, 0.21329202252554683, -0.5763199121081145, -0.5283786095176248, 0.12297315821664603, 0.1648119012953656, 0.5956364933738701, -0.18228680818572543, -0.33379037326329447, 0.6243664374369748, -0.013404122700061617], [0.11342415696941197, -0.4141267299430663, 0.31470245766719307, 0.7628582814103085, -0.5091065515658417, -0.086020321171765, -0.7161584918000843, 0.05550145476970044, -0.22375958495871212, -0.5408510620948748, 0.6691615311120503, 0.3299915478070281, 0.034770751210362015], [-0.5994775177953328, -0.5642464865969755, -0.6994914516268045, -0.16965641767531126, -0.04072001516568714, 0.3027238199141914, -0.12567537385441746, 0.6638045909692626, 0.04462134295425431, 0.42635779820365105, 0.19177459899563687, 0.1605071730302911, -0.16944662739367022]], "inverted": false, "swapped": true, "error_lsq": 0.04917962405884675, "error_max": 0.2671279179404553, "target": "303.xyz", "model": "9.xyz", "model_rescale": 3.833441315466971, "target_rescale": 4.036276079636949},
{"mapping": [4, 6, 0, 5, 13, 8, 10, 3, 2, 7, 1, 11, 12, 14], "R": [[-0.6404171021967651, -0.08223383793628129, -0.7636121601390119], [0.38156748229393306, -0.8969342603438417, -0.2234170742743602], [-0.6665374645657719, -0.4344496846813395, 0.605789798371116]], "T": [0.01642518331658044, -0.07710477447366011, 0.10751518413069025], "aligned_model": [[-0.7454274223129731, -0.5409835274814698, 0.13293551263131945, -0.35059243451643013, 0.18859981162329165, 0.7281644121106008, 0.7644504682957138, -0.3325438248939983, 0.036355909428326394, 0.09461021784970902, -0.33948873945428387, 0.45099705186237604, 0.02013840124174282, 0.020107391725438288], [0.14926131852515767, -0.20070749563254747, -0.6754710173811705, -0.2248934751744791, -0.2699666796330987, 0.2215196048386881, -0.4170809529107909, 0.7026211465290375, 0.28970001508635984, 0.4708590793001792, -0.7243347697309845, 0.06411897080394142, -0.45318615476013546, 0.014364366032187506], [0.04231104832513291, 0.47527524788624465, -0.19613946216241, -0.44102083985712104, -0.6467040971929658, -0.0011591580699793769, 0.1325853785264425, -0.04923292326666301, -0.5103094410180027, 0.4783745808219324, 0.11276358682905194, 0.6140131859845511, 0.5782264169743867, 0.08228260037504266]], "inverted": true, "swapped": false, "error_lsq": 0.041672262089371304, "error_max": 0.28474176340791146, "target": "303.xyz", "model": "10.xyz", "model_rescale": 4.2482417240324, "target_rescale": 4.036276079636949},
{"mapping": [7, 0, 3, 10, 5, 6, 4, 12, 1, 11, 9, 13], "R": [[0.1824499034426233, 0.9636653336709666, -0.19509268929050694], [-0.9761316485980664, 0.15375867351050204, -0.15337951273071526], [-0.1178093261970301, 0.21842022571436853, 0.9687174859885034]], "T": [-0.09845567683855985, 0.039129584113762245, 0.06069476798990275], "aligned_model": [[-0.7296945466489252, -0.1008509684717358, 0.34118123172606696, 0.5769510191834017, -0.4804815469293071, 0.23860385747140364, -0.12821678761851374, 0.5476762458237615, 0.24515843383882677, 0.030086321421742307, -0.6197405925548567, -0.04390706487885757], [-0.3719607766704409, -0.6621612440325113, -0.23631470506810223, -0.18768122038373544, 0.6626221018860339, 0.7449875660905149, 0.12942701171117507, 0.38650809300437317, -0.37080173106613434, 0.5238648250076717, 0.09489545816068978, -0.04725398858889489], [-0.08658591536962673, 0.002499835986682887, 0.6010431071831999, -0.05065227270692286, 0.16815395871557032, 0.07527269379592066, 0.6566178644786796, -0.31253938803157183, -0.5102766870522156, -0.424288182335598, -0.5433856445603163, -0.010667080249445855]], "inverted": true, "swapped": true, "error_lsq": 0.04765420101267082, "error_max": 0.2622690302746062, "target": "303.xyz", "model": "11.xyz", "model_rescale": 3.6694154284099745, "target_rescale": 4.036276079636949},
{"mapping": [7, 12, 8, 9, 11, 4, 3, 5, 6, 0, 10, 1, 2, 13], "R": [[0.8198625379382334, 0.12282932371039677, -0.5592301638165861], [-0.1168337692512038, -0.9202778736917421, -0.3734146563218466], [-0.5605134157609749, 0.3714856557530222, -0.7401507402696506]], "T": [-0.04677050641742889, -0.03181100887992325, 0.033423324579777994], "aligned_model": [[-0.7204709884999039, -0.38967631474082215, 0.2300405481228823, -0.33517003099554127, 0.2229542432561997, 0.6688873223022593, 0.7063582774419408, -0.5229662427272442, -0.009118896215913878, 0.2190079260364692, -0.5168743281022118, 0.45858872222963537, 0.08903280173191438, 0.026730188269699633], [0.023673677731432363, 0.00385954209504126, -0.7043835752493129, -0.5360012277663818, -0.12179189284578029, 0.13740581144591427, -0.4215356011087146, 0.6106906415826675, 0.4244122703631821, 0.5561324036952865, -0.4425059551842233, -0.09401759361671067, -0.5297918294512534, 0.0406572842011972], [-0.2751450284038432, 0.6190099694733512, -0.1754298160781102, -0.5209269295848907, -0.6478847179687418, -0.049511527330182034, 0.1822879534811067, 0.10413430215668357, -0.2986873635643569, 0.34070533329038216, 0.1511554154722456, 0.709600730988918, 0.4332809707879209, 0.09867683143515892]], "inverted": false, "swapped": false, "error_lsq": 0.04835335554056502, "error_max": 0.2804190236769358, "target": "303.xyz", "model": "12.xyz", "model_rescale": 3.9764082729961374, "target_rescale": 4.036276079636949},
{"mapping": [3, 8, 13, 14, 6, 9, 12, 7, 4, 2, 11, 1, 10, 15], "R": [[-0.6423701037535547, 0.6516084332007555, 0.4034440476513489], [0.2786472315324404, -0.29181751921097027, 0.9149853855886778], [0.7139442346310766, 0.7001778240298756, 0.0058859641380742955]], "T": [0.13544763285822328, -0.026270420054696667, -0.021307438453721954], "aligned_model": [[-0.7044483833453805, -0.3406320563921398, 0.20059382816761923, -0.387073914787155, 0.1203198237249741, 0.6706079574153067, 0.6077891616532342, -0.2464689807412038, 0.06149149195731782, 0.03451285250750449, -0.3967650711289079, 0.3629418151211308, 0.08783815759255018, 0.056616546364512424], [0.028611083498129394, -0.04713216130341967, -0.600801814376439, -0.4765083623838185, -0.24488104839193559, 0.22687072951605036, -0.40834334978724796, 0.625567919516418, 0.47195508039588546, 0.48221222391080626, -0.5782807625925996, -0.031954873093442845, -0.514046333221153, 0.013535624205111021], [-0.02378732690045144, 0.5007708639913211, -0.2216825775362027, -0.4251205971157277, -0.7531812993533015, 0.0836788079387456, 0.17395467125895306, -0.004568912685063341, -0.5333284943713865, 0.5849244353433616, 0.18503915879300675, 0.5715978341583342, 0.6158384595616557, -0.08286889892760295]], "inverted": true, "swapped": false, "error_lsq": 0.03869240059393935, "error_max": 0.22912451017097765, "target": "303.xyz", "model": "13.xyz", "model_rescale": 4.170626492500431, "target_rescale": 4.036276079636949},
{"mapping": [3, 11, 7, 1, 0, 4, 8, 6, 2, 5, 9, 12, 10, 13], "R": [[0.8129749026257391, 0.514360934735192, -0.27295537459264235], [-0.5788111308005172, 0.6625955277249631, -0.4753365560319389], [-0.06363554480081823, 0.5444262993805656, 0.8363913689061394]], "T": [0.024690946975486714, -0.06447994455887203, -0.026585722271341476], "aligned_model": [[-0.6059203631469317, -0.45290181532379925, 0.3011102579228893, -0.37855596546483977, 0.15312146137921154, 0.6322024215874894, 0.6980580426873364, -0.29103278274301203, 0.07176739491722947, 0.03534313880518036, -0.5309905047127375, 0.4222721459004975, 0.09311545497246776, -0.020265658671618485], [0.13649081294454035, 0.04975061332756599, -0.803271408390853, -0.5857223281219183, -0.26863401524134106, 0.3008054817221385, -0.35141209597306455, 0.6889211982880676, 0.35664269095400497, 0.5019819740618581, -0.5817737601136916, -0.009314865236602618, -0.4773595934140262, -0.01030074891433401], [-0.22001202504341863, 0.48185914610224767, -0.21422724324463227, -0.4222026772672112, -0.5721910053484526, -0.05023939332830162, 0.09912421250843295, 0.17389996669336472, -0.5299461310682803, 0.6849107667698706, 0.25613617483300843, 0.5854535946609055, 0.3518013642438367, 0.04689937364427225]], "inverted": false, "swapped": false, "error_lsq": 0.045481065198388175, "error_max": 0.23783213591168492, "target": "303.xyz", "model": "14.xyz", "model_rescale": 3.9786697098870705, "target_rescale": 4.036276079636949},
{"mapping": [1, 10, 9, 7, 11, 5, 3, 4, 8, 0, 6, 13], "R": [[0.1407715732543029, 0.9845238443191131, -0.10438469299003073], [0.9882905007031679, -0.1334702997785258, 0.0739429868000484], [0.05886637735915234, -0.11357147108382892, -0.9917843871388907]], "T": [0.025147021430478634, 0.017692095725618244, 0.0009203585292214822], "aligned_model": [[-0.24881504346751082, -0.629110074625713, 0.6008485177925379, 0.6797628471504694, -0.07005141517800619, 0.3760356053365307, -0.4565420764786712, -0.005958592242532795, 0.5352883702454146, 0.0542176173305728, -0.3327389360691783, -0.019582223026576705], [-0.4458614907062214, -0.24174448687364825, 0.04801987666192088, -0.37935361309678434, 0.4601062365464821, 0.661226905655629, -0.23322991674835464, 0.1528585327682651, 0.044119360093218714, -0.6854043328221976, 0.7096424448455595, -0.07570502609942992], [-0.5666935967235133, -0.15610136420167384, -0.5535243670100993, -0.053689356747951514, -0.5300285531908162, 0.09565320869622929, 0.516808187514942, 0.5882245056025759, 0.4612490345022954, -0.0024746071956764024, -0.07104832971569541, -0.06840826765678729]], "inverted": false, "swapped": true, "error_lsq": 0.05918332993099812, "error_max": 0.3194793561423926, "target": "303.xyz", "model": "15.xyz", "model_rescale": 3.769337070930944, "target_rescale": 4.036276079636949},
{"mapping": [10, 4, 1, 0, 12, 6, 11, 5, 9, 7, 13], "R": [[-0.8076364121702744, 0.09323120838117649, -0.58226400156674], [0.5641993374346007, -0.16495669970354676, -0.8089922093946713], [-0.1714716693074531, -0.9818845293651897, 0.08062405111513488]], "T": [-0.11792675976072202, -0.06937794678297932, 0.014439657916031419], "aligned_model": [[-0.2324181622856643, -0.3063449926980379, -0.20821160626456797, -0.7175112044850852, 0.39558440443092074, 0.5240654688599587, 0.5392010058407467, 0.36860389256428866, 0.1735331539557673, -0.4539627119192718, -0.15991311730788435], [0.20057621146369303, -0.6413201432266604, 0.6568827177854104, 0.2989424844312966, 0.1701344394075413, -0.36704015560683173, 0.15438471000318443, -0.4853250548958517, 0.38767210561525933, 0.1826957084316646, 0.038461474216636066], [-0.644371377763584, -0.024858936184724893, -0.26217710999058463, 0.02074574780284511, -0.5825545851511036, -0.31917737423176823, -0.05493709821506739, 0.3839123773538167, 0.6025870112107234, 0.6568477107793415, -0.03179875838611724]], "inverted": true, "swapped": true, "error_lsq": 0.04340285906438391, "error_max": 0.2520597426044689, "target": "303.xyz", "model": "16.xyz", "model_rescale": 3.7852294659196426, "target_rescale": 4.036276079636949},
{"mapping": [5, 2, 12, 6, 4, 3, 0, 10, 11, 9, 7, 1, 13], "R": [[0.16350130923283213, 0.2142700128267527, 0.9629930858954148], [-0.7177506391208665, 0.6955228370562044, -0.032893816666310804], [-0.6768318416864991, -0.6858107207798025, 0.26751133311086117]], "T": [-0.07390438419296476, 0.15065522946165266, -0.0958910368991141], "aligned_model": [[0.012456440992783244, -0.3791427825476682, 0.3485576436847992, 0.08942348720592418, -0.6200178233857492, -0.6897257866912719, -0.21030110537663588, -0.061911239492024775, 0.5186400115427785, 0.5468108235674255, -0.014661436729325267, 0.34534792152287097, -0.03171030407762282], [-0.16950903388777544, -0.4335638123130241, -0.40786377694680875, -0.6098511620588962, -0.0284113314834592, 0.024006493765760334, 0.733743442997437, -0.010833696419702638, -0.21415938079015207, 0.513412900318168, 0.8593216743358726, 0.413078890087609, 0.2056844160978455], [-0.7563990346971494, 0.24230677310302418, 0.33659523990669094, -0.17962377357391088, -0.27989909204523655, 0.3113565456053978, 0.2737104821196062, 0.6068130265855891, -0.14590303962487958, -0.4464341069748742, -0.38473621734213015, 0.5103136060971873, 0.007654287983858865]], "inverted": false, "swapped": true, "error_lsq": 0.0438040232171708, "error_max": 0.22517186887118956, "target": "303.xyz", "model": "17.xyz", "model_rescale": 3.901054581598922, "target_rescale": 4.036276079636949},
{"mapping": [9, 5, 3, 12, 7, 1, 0, 10, 6, 4, 13, 8, 2, 14], "R": [[0.0646856541366505, -0.5612282181398545, -0.825129476695917], [-0.009228262854823976, -0.827162248672356, 0.5618874028984578], [-0.9978630193135709, -0.028731542507417163, -0.058684692651053194]], "T": [-0.00935664871359221, -0.01668028346370925, 0.042008087718299295], "aligned_model": [[-0.6682669959850359, -0.3840932873122488, 0.10087342791385912, -0.27546243302686046, 0.3186280945522495, 0.6476022108359033, 0.6189935272624739, -0.47236568320619027, 0.19474423977262934, 0.22306972120497895, -0.4478829958696592, 0.21677484859546992, 0.1043358469886509, -0.04962729361685714], [-0.021156320063498095, -0.1299059467641354, -0.7491215345095397, -0.39661826755160917, -0.12824457206420817, 0.1880776534105769, -0.4398867192050969, 0.6543792751406297, 0.4399961051531352, 0.6739107789552067, -0.5823956022967735, 0.10148158663895554, -0.6332472785219035, -0.030465202429394905], [0.04460437146179509, 0.5286685934690523, -0.14449937456109596, -0.5383452045782587, -0.5233735899925623, -0.06828603534475507, 0.002298043681522123, 0.1300731256893517, -0.5179162363373292, 0.3496376327613536, 0.16514629944861364, 0.6546422122318425, 0.5811344727283565, 0.007481813497756583]], "inverted": false, "swapped": false, "error_lsq": 0.04159612559963171, "error_max": 0.27535273916936615, "target": "303.xyz", "model": "18.xyz", "model_rescale": 3.9405287249114394, "target_rescale": 4.036276079636949},
{"mapping": [11, 2, 8, 9, 7, 12, 0, 14, 13, 3, 5, 1, 6, 15], "R": [[0.9054006634000042, 0.4222809787900504, 0.04391370705086825], [-0.09834613163284761, 0.30922581206875377, -0.9458897586628554], [-0.41301050483938917, 0.8520904717825082, 0.3215029561135887]], "T": [0.10047749261467118, 0.007797413380837878, -0.007938889519246269], "aligned_model": [[-0.5818276384636611, -0.39612983395396106, 0.16295679952868367, -0.35161465495428723, 0.20465538994673368, 0.46238176329519565, 0.6192179358266137, -0.18411810527642766, -0.08693440864121879, 0.17455943784048905, -0.443567323406993, 0.37725416493740727, 0.09834014533916012, 0.0721495560916292], [0.14421769561449294, -0.2505363539710796, -0.7454341913733835, -0.3353126769529085, -0.34370831020179665, 0.41864641942726605, -0.4053656432077623, 0.7270402570101899, 0.3548018474218438, 0.5900803632645721, -0.6092549983529384, -0.032154437190709886, -0.5712556258929483, 0.005039610297506254], [-0.19518849993081905, 0.6568694368855665, -0.039729475277961925, -0.5245606108726857, -0.6089515690339647, 0.011230234176232388, 0.17338650639261696, -0.04580760517157676, -0.5518088623946579, 0.6092215649334195, 0.11257750808851319, 0.5898218881111534, 0.4642649489304588, 0.019940659319347076]], "inverted": true, "swapped": false, "error_lsq": 0.04718288713187476, "error_max": 0.2999624440052687, "target": "303.xyz", "model": "19.xyz", "model_rescale": 4.410303926677745, "target_rescale": 4.036276079636949},
{"mapping": [3, 5, 11, 6, 4, 7, 12, 0, 2, 1, 10, 8, 9, 13], "R": [[-0.973718721447058, -0.14553564831879076, -0.17518911659100408], [-0.22389554560867395, 0.4706823033840007, 0.8534219085175434], [-0.04174489382069835, 0.8702169524604546, -0.4908969540446731]], "T": [-0.018578756346109768, -0.02987343002962091, 0.003270378849472483], "aligned_model": [[-0.7312452084701976, -0.44507580471924396, 0.06989558801583631, -0.3240029328663377, 0.21567582641841687, 0.5886854352750822, 0.6734152225848966, -0.3774993893928243, 0.25886716399663484, 0.1072609402856863, -0.38973838128958954, 0.2429414775989847, 0.24822131125819508, -0.010078020586176897], [0.09139021916899977, -0.06622483357169091, -0.7852967808274246, -0.2260696867167163, -0.19078725758120424, 0.2797660743370796, -0.3322371166618856, 0.5295714792711887, 0.4088979395076443, 0.6273404357807969, -0.6205456872790858, -0.13393319978511098, -0.5763247364476852, -0.058742893302561494], [-0.05473264781557369, 0.7214970604465201, -0.3263372302144303, -0.44919942615131514, -0.6404103848605821, 0.20871317836290734, -0.016616084334040604, -0.2638564546089016, -0.40796212754277783, 0.3429087107711486, 0.43741416877957084, 0.7186977427118134, 0.32586210290473017, 0.07528751570657286]], "inverted": true, "swapped": false, "error_lsq": 0.05561655261353197, "error_max": 0.31066978905510045, "target": "303.xyz", "model": "20.xyz", "model_rescale": 4.121658175737393, "target_rescale": 4.036276079636949},
{"mapping": [12, 6, 5, 11, 9, 10, 4, 1, 3, 0, 8, 7, 13], "R": [[-0.17922615301073486, -0.6674351469444478, -0.7227781891425723], [-0.5285316193709925, -0.5543279916850017, 0.6429423029786958], [-0.8297784724865119, 0.49724320232429126, -0.25341050558379585]], "T": [0.03833652212972741, 0.02243033251278939, -0.0007336048363905182], "aligned_model": [[0.06422717839749845, -0.024670923861626212, 0.26825029828815694, 0.4584089786602161, 0.8256407620720178, -0.27262689747265767, -0.4207420225238968, 0.2504101792783139, -0.6929693156671084, -0.040846176368936865, -0.008344306428128861, 0.4221476641411296, 0.052197486149316775], [-0.5612353896159493, 0.010212437393259957, 0.5789130901569638, -0.18732769377331074, 0.09435342354142037, -0.6263300735401274, 0.41102818619544634, -0.6955237309455075, -0.09665734258121841, -0.24145906463373337, 0.6624998746533367, 0.2800991507276305, -0.08774596341502806], [0.5790301607383449, 0.7789701344767179, 0.42786966018304545, 0.5152513395763855, -0.12214218622249759, 0.04853298371295635, 0.04827949572133191, -0.22808678691658155, -0.11089890213590908, -0.6482625227289184, -0.24766875313436504, -0.613469422760946, -0.057295461027775274]], "inverted": true, "swapped": true, "error_lsq": 0.06223669383936526, "error_max": 0.42441271987794865, "target": "303.xyz", "model": "21.xyz", "model_rescale": 4.08911054899281, "target_rescale": 4.036276079636949},
{"mapping": [4, 0, 10, 12, 9, 11, 5, 2, 15, 1, 7, 8, 6, 16], "R": [[0.5803110326891001, -0.7961885297238199, -0.17123939522064457], [0.4849692070432182, 0.5067662664805583, -0.7127361499020713], [0.6542506962619011, 0.330562817469808, 0.6802089753503993]], "T": [-0.053022478436951424, -0.04869279868648892, -0.035137890434542914], "aligned_model": [[-0.6882747113873025, -0.49363791707215526, 0.18087810885257252, -0.29282518196787766, 0.3220447056213739, 0.6159691490668918, 0.5729122505353548, -0.33747262767185393, 0.17232191301365493, 0.09407906238361502, -0.38214706482434135, 0.4280152121357811, 0.03178485480813736, -0.09632452538448781], [0.20971882389109747, -0.07611248591394883, -0.8184192470455152, -0.5162555317344079, -0.34282294868099006, 0.3168327407590482, -0.36989896058832594, 0.6148868686683291, 0.5618405564046453, 0.5417461665327553, -0.6530587543994564, -0.006488522943023642, -0.45905106135053775, -0.0561136877073254], [0.09123544423765315, 0.6014040124814626, -0.09796399310812709, -0.5536446503500759, -0.5646279034369499, 0.033668450852111474, -0.08768663514670616, -0.03314614578135772, -0.3637348250780243, 0.4745103669990352, 0.1443474466264955, 0.4624397993963968, 0.5812856174255716, -0.016820860961842682]], "inverted": true, "swapped": false, "error_lsq": 0.04307724244946424, "error_max": 0.27713984371290584, "target": "303.xyz", "model": "22.xyz", "model_rescale": 4.204369325754507, "target_rescale": 4.036276079636949},
{"mapping": [11, 2, 8, 9, 7, 12, 0, 14, 13, 3, 5, 1, 6, 15], "R": [[0.9054006634000042, 0.4222809787900504, 0.04391370705086825], [-0.09834613163284761, 0.30922581206875377, -0.9458897586628554], [-0.41301050483938917, 0.8520904717825082, 0.3215029561135887]], "T": [0.10047749261467118, 0.007797413380837878, -0.007938889519246269], "aligned_model": [[-0.5818276384636611, -0.39612983395396106, 0.16295679952868367, -0.35161465495428723, 0.20465538994673368, 0.46238176329519565, 0.6192179358266137, -0.18411810527642766, -0.08693440864121879, 0.17455943784048905, -0.443567323406993, 0.37725416493740727, 0.09834014533916012, 0.0721495560916292], [0.14421769561449294, -0.2505363539710796, -0.7454341913733835, -0.3353126769529085, -0.34370831020179665, 0.41864641942726605, -0.4053656432077623, 0.7270402570101899, 0.3548018474218438, 0.5900803632645721, -0.6092549983529384, -0.032154437190709886, -0.5712556258929483, 0.005039610297506254], [-0.19518849993081905, 0.6568694368855665, -0.039729475277961925, -0.5245606108726857, -0.6089515690339647, 0.011230234176232388, 0.17338650639261696, -0.04580760517157676, -0.5518088623946579, 0.6092215649334195, 0.11257750808851319, 0.5898218881111534, 0.4642649489304588, 0.019940659319347076]], "inverted": true, "swapped": false, "error_lsq": 0.04718288713187476, "error_max": 0.2999624440052687, "target": "303.xyz", "model": "23.xyz", "model_rescale": 4.410303926677745, "target_rescale": 4.036276079636949},
{"mapping": [5, 8, 3, 2, 0, 7, 1, 6, 12, 14, 4, 11, 10, 16], "R": [[0.7175597582028664, 0.39511024384786375, -0.5735816320405713], [-0.14905962217940355, 0.8915591198481353, 0.42767226336454384], [0.6803596272880816, -0.22138254452892153, 0.698641930128963]], "T": [0.02639708270365796, 0.059170484094211065, 0.1788558463973924], "aligned_model": [[-0.4948913469499214, -0.5238618227732168, 0.06367442215451471, -0.2917601191499212, 0.1750859007940027, 0.6201812033244392, 0.6986367241615699, -0.28169706075526707, -0.03581923283708046, 0.04435866084243748, -0.4380586321331948, 0.48223461162145914, 0.05543676922418447, 0.05380315058535699], [0.12499001858123303, -0.37729281059803116, -0.7712707446830764, -0.4781914933913239, -0.14614366378547217, 0.17250315891483697, -0.4662028049925366, 0.7296727641467485, 0.40143746943609865, 0.601206043017622, -0.43773102718584916, 0.09746907644804778, -0.45691815105918016, -0.04672387895677313], [-0.16687265317582692, 0.6059642595482441, -0.16498823184795933, -0.48666053299526824, -0.5325677595797381, -0.09774317673700947, 0.0871382301121453, -0.003908430665871071, -0.5458222032282389, 0.5838556298392918, 0.07277026757477136, 0.6164250999614314, 0.5745743872163869, 0.1291012381332837]], "inverted": false, "swapped": false, "error_lsq": 0.04193728884046653, "error_max": 0.23900204854700213, "target": "303.xyz", "model": "24.xyz", "model_rescale": 4.28219845311461, "target_rescale": 4.036276079636949},
{"mapping": [13, 12, 6, 2, 0, 1, 8, 7, 4, 9, 14, 5, 10, 15], "R": [[-0.7583699629681735, -0.4629611231431153, -0.4588485564167293], [0.6027497541348306, -0.7660518970040957, -0.22328731488113612], [-0.24812846099964497, -0.4459052472829756, 0.8600004519111929]], "T": [-0.012683203569277638, 0.016595573385783643, 0.0785609781537248], "aligned_model": [[-0.5839653524675263, -0.6004098428737553, 0.2578358726236718, -0.3619278597693143, 0.2721830643288738, 0.600878287376693, 0.5474296940266322, -0.33333974762214236, 0.02746871692276017, -0.06215346832523864, -0.41475039027385896, 0.6299838864427354, 0.13870139492120398, 0.009388972798628296], [0.15051527172708262, -0.05105030573449941, -0.7778506334144175, -0.31666030924027566, -0.22370466527169025, 0.13678996700006119, -0.3661115428397054, 0.7176550354712083, 0.385566699516871, 0.5000373884795795, -0.6181430238208041, 0.0828128038124096, -0.6716315694115345, -0.001421160381940633], [-0.014275855502853249, 0.5627317462954339, -0.24987743141115315, -0.40697863011604724, -0.6471532746694824, -0.05918154766355817, 0.2260562732173561, -0.02746268489746903, -0.551436406275822, 0.5483592201711474, 0.203434976593374, 0.6334258001818107, 0.443432081537911, 0.010191856694994436]], "inverted": false, "swapped": false, "error_lsq": 0.041987924393996734, "error_max": 0.30200546178285265, "target": "303.xyz", "model": "25.xyz", "model_rescale": 4.100010024507729, "target_rescale": 4.036276079636949},
{"mapping": [7, 0, 3, 10, 5, 6, 4, 12, 1, 11, 9, 13], "R": [[0.1824499034426233, 0.9636653336709666, -0.19509268929050694], [-0.9761316485980664, 0.15375867351050204, -0.15337951273071526], [-0.1178093261970301, 0.21842022571436853, 0.9687174859885034]], "T": [-0.09845567683855985, 0.039129584113762245, 0.06069476798990275], "aligned_model": [[-0.7296945466489252, -0.1008509684717358, 0.34118123172606696, 0.5769510191834017, -0.4804815469293071, 0.23860385747140364, -0.12821678761851374, 0.5476762458237615, 0.24515843383882677, 0.030086321421742307, -0.6197405925548567, -0.04390706487885757], [-0.3719607766704409, -0.6621612440325113, -0.23631470506810223, -0.18768122038373544, 0.6626221018860339, 0.7449875660905149, 0.12942701171117507, 0.38650809300437317, -0.37080173106613434, 0.5238648250076717, 0.09489545816068978, -0.04725398858889489], [-0.08658591536962673, 0.002499835986682887, 0.6010431071831999, -0.05065227270692286, 0.16815395871557032, 0.07527269379592066, 0.6566178644786796, -0.31253938803157183, -0.5102766870522156, -0.424288182335598, -0.5433856445603163, -0.010667080249445855]], "inverted": true, "swapped": true, "error_lsq": 0.04765420101267082, "error_max": 0.2622690302746062, "target": "303.xyz", "model": "26.xyz", "model_rescale": 3.6694154284099745, "target_rescale": 4.036276079636949},
{"mapping": [6, 2, 5, 1, 7, 9, 8, 12, 3, 11, 0, 10, 4, 13], "R": [[-0.13761793877684075, -0.9498344112799761, -0.2808485251434212], [-0.7269453953932266, 0.2894487458888116, -0.6227116633081317], [0.6727642195029395, 0.11846524659922564, -0.7303110914567746]], "T": [0.07364810177865024, -0.10585950379570228, 0.0512024609174231], "aligned_model": [[-0.5350753059936572, -0.41734818978051386, 0.04112842705782803, -0.5308421710254928, 0.314309428710769, 0.5360338301088439, 0.6516174390516908, -0.2312402169930553, 0.060461504341149816, -0.01243015468563892, -0.3444025857484855, 0.382300287041826, 0.18066963900186855, 0.03214129702223045], [0.11574056330479385, -0.007697061417445528, -0.8041291743207694, -0.44987188328021677, -0.15734935169321834, 0.3899557280943887, -0.36719683816205806, 0.6267752803606229, 0.3772796912031794, 0.5577541762670829, -0.5957718263257534, -0.015432939294158093, -0.6235484154998491, -0.09970399334425536], [-0.17582100680236168, 0.511002877168612, -0.3193922472234466, -0.492758609879306, -0.5280724703554625, -0.021117864943876116, 0.12873590704552362, 0.04649082869206529, -0.5962802432819991, 0.5882153905967626, 0.2000409036143344, 0.5595798648776611, 0.6805474786603792, 0.0900953159867559]], "inverted": true, "swapped": false, "error_lsq": 0.04307099749249549, "error_max": 0.25068220939037344, "target": "303.xyz", "model": "27.xyz", "model_rescale": 4.103607728864725, "target_rescale": 4.036276079636949},
