[{"mapping": [1, 0, 2, 13, 3, 4, 5, 6, 12, 9, 10, 14], "R": [[0.8489303199960082, -0.40802427747128694, -0.3359069823411074], [0.49818096479983603, 0.8299926046961422, 0.2508545444292717], [0.17644556696777436, -0.38030049322048887, 0.9078758157114183]], "T": [-0.015183812443391545, -0.12858408966415913, 0.005495572474139093], "aligned_model": [[-0.3741236094209161, 0.10296312877349743, 0.556167591636486, -0.1577693335363737, -0.10778148305003633, -0.5557586072347258, 0.35885029834246, -0.22851357771628553, 0.6408420455132456, 0.10553137174775233, -0.45712524505575697, -0.045640117538797986], [-0.3236055154657148, -0.701041496428377, -0.27708450253940015, 0.6150257444099116, 0.20079802629338328, -0.6649657222781792, -0.23038409664159318, -0.47639489160471704, 0.18899057964114652, 0.3976303381061156, 0.3523680292546865, -0.027781456770205215], [-0.5294374522535458, -0.3396483948610335, -0.512987741170187, 0.0009459557526964313, -0.6541825347622768, -0.028695313027122707, 0.6359287711132565, 0.6412998875648455, 0.10200344489786595, 0.39968853096424695, 0.4800000648162208, -0.012963473681403988]], "inverted": false, "swapped": true, "error_lsq": 0.04739751992897744, "error_max": 0.3285074992962789, "target": "306.xyz", "model": "0.xyz", "model_rescale": 3.751011558992144, "target_rescale": 4.4751939250787585},
{"mapping": [0, 3, 2, 13, 7, 4, 6, 1, 12, 10, 11, 5, 8, 9, 14], "R": [[0.8988193775690279, 0.26504735829783255, -0.3491040308643915], [-0.002968726740460309, -0.7927612887153713, -0.6095250001237722], [-0.4383091525030776, 0.54888927569564, -0.7117623549039032]], "T": [0.056799909855497474, 0.031086739224899712, 0.024607246036883943], "aligned_model": [[-0.28167709294121596, -0.44016922791774576, 0.2497215176933933, 0.012554801436679322, -0.5550400238687133, 0.5754570572135771, -0.28499811886944165, -0.08366242735908998, -0.5646822596636029, 0.5103909006658411, -0.3008902422874762, 0.5130381331042352, 0.6038002847266127, 0.18729699596165872, 0.028388467271953943], [-0.42935189087442915, 0.16756051297552635, 0.08334429117146128, 0.6163188859040087, -0.21000518699661566, -0.42444966680754515, -0.27096185736087064, -0.6488536893292061, 0.4379920210289242, 0.25421435403968495, 0.3692095354337408, 0.39174925720762566, -0.2579113058182759, 0.656755603946978, 0.07569212274252304], [-0.47432572039196647, -0.5391324764343617, -0.7777570748809284, -0.4032337328033244, 0.10948128451978681, 0.4106840728255827, 0.6209850609583086, 0.08491391961212555, 0.03737864717500521, 0.6703030170402384, 0.6526691209111092, -0.2031102955904907, -0.2155780407563643, 0.18491508604940737, 0.03899342464467401]], "inverted": true, "swapped": false, "error_lsq": 0.04586702047953086, "error_max": 0.30003629506482815, "target": "306.xyz", "model": "1.xyz", "model_rescale": 3.9405287249114394, "target_rescale": 4.4751939250787585},
{"mapping": [4, 8, 1, 9, 13, 0, 6, 10, 11, 2, 12, 7, 14], "R": [[0.22239264147540289, 0.6156555184930567, 0.7559826688268977], [-0.9247086968284538, -0.11252393759734342, 0.36366494122669035], [0.3089584746004158, -0.779940155407218, 0.5442775164894738]], "T": [-0.085308426797469, -0.05528309799357774, 0.04555151694960047], "aligned_model": [[-0.3663348505186025, 0.1669619287066104, -0.3928938667003471, 0.49721020066240396, 0.5609442247660228, -0.7568079880249255, 0.012418514558667465, 0.6779463769240309, 0.18426241623211445, -0.6413557985832687, 0.01227580638956731, -0.4556919788145395, -0.002951706313802288], [0.651376887455328, 0.4661379815831906, 0.23189423066900433, -0.32010315837750786, -0.2776064716918424, 0.0355082533961608, 0.42281786799162707, 0.2022876627522353, -0.6005352095757821, -0.5874075190844882, -0.7470300348964077, 0.06107248607945537, -0.07958038272895607], [-0.006900321498614026, -0.5230303871902162, -0.4797530179463251, 0.23895330725052055, -0.2803882674031458, 0.005106365816968467, 0.6222646007643107, 0.09922731791886841, -0.31096026510377195, -0.11248223547225944, 0.27468217629208336, 0.6045402669241782, -0.018139190763953372]], "inverted": false, "swapped": true, "error_lsq": 0.04258342740914707, "error_max": 0.2292499951939387, "target": "306.xyz", "model": "2.xyz", "model_rescale": 3.932901565614263, "target_rescale": 4.4751939250787585},
{"mapping": [7, 12, 5, 0, 6, 10, 9, 4, 1, 8, 11, 3, 13, 14], "R": [[0.8817300769688454, 0.44112286302168624, -0.1672204864484751], [-0.11859309152874098, -0.13581857285433663, -0.9836101839191516], [-0.4566045882491433, 0.8871098776292383, -0.06744119662690187]], "T": [0.019571960715423418, -0.02429360965682409, -0.046789822182873655], "aligned_model": [[-0.30546130012217043, 0.6560200326403264, 0.07212673313391493, -0.2870558210128398, -0.4835005997041475, 0.03284863742171068, 0.43207135534897106, -0.7220189910495405, -0.26582092822829156, -0.2845900215631843, 0.6743396528472597, 0.32137487964392153, 0.4989464714739198, 0.08052981122285391], [0.004251041871432354, -0.05337077563362916, -0.41863548465294215, 0.5466053947930336, -0.4877802809460944, -0.7607637247174646, -0.550021432582446, 0.07555158897678042, 0.4162407157264564, -0.09599507092212355, 0.0386749789260985, 0.38025944983097754, -0.37226728759620425, -0.05925247472338647], [-0.6440582730207783, -0.4137036219965377, -0.670843711617836, -0.24888947744371065, -0.3674565873394354, 0.2836904091215394, -0.0645767229788639, 0.09870649320307125, 0.37452346080225457, 0.702309667335832, 0.2069485894374949, 0.4986402212386114, 0.4248258190608508, 0.03378009725460525]], "inverted": false, "swapped": true, "error_lsq": 0.047483501274603594, "error_max": 0.32659872005271773, "target": "306.xyz", "model": "3.xyz", "model_rescale": 3.9243930471874484, "target_rescale": 4.4751939250787585},
{"mapping": [8, 4, 10, 13, 9, 1, 3, 6, 5, 0, 12, 2, 14], "R": [[0.4924008946265247, 0.23070095753404413, 0.8392368123264575], [0.1891865121496547, -0.969546988305464, 0.155522027663136], [0.8495586045657162, 0.08219309983617754, -0.5210513139295145]], "T": [-0.006604845270232862, 0.006295087496869425, -0.06926239571862348], "aligned_model": [[-0.11881949795756747, -0.40252399666909144, 0.6473001920631319, 0.4652942576992567, 0.6390949774039543, -0.5550325801565407, -0.29933968270128675, 0.24318939087208863, 0.4230028910107032, -0.6348818923242415, 0.2999519212691515, -0.47334885115014985, 0.04331875695194366], [-0.6201736086682451, 0.07544490192472274, -0.2815689070506563, -0.5673346809711364, -0.07203468861487809, -0.33427609279679404, -0.6199356606588582, 0.47775294794936923, 0.6056600537660585, 0.26270088085839655, 0.17610383084434478, 0.11225743842257854, -0.08676686132331443], [-0.5729989346512872, -0.7169982291730778, -0.4451935152046372, 0.07759481558974211, 0.08500378133872942, -0.2596902457855271, 0.2034709485940907, -0.6041076024780277, -0.006735557200901562, -0.051526507194951596, 0.5770543268745176, 0.5538280947057053, -0.05263106004341177]], "inverted": false, "swapped": true, "error_lsq": 0.05225514205623226, "error_max": 0.3413762660580445, "target": "306.xyz", "model": "4.xyz", "model_rescale": 3.8936222436046832, "target_rescale": 4.4751939250787585},
{"mapping": [4, 6, 8, 1, 13, 9, 5, 12, 2, 0, 3, 14], "R": [[-0.08209778236654086, -0.2945860135938224, -0.9520919255646466], [0.4551990337511832, 0.8387660022699402, -0.2987732135049793], [0.8865967481343958, -0.45791994281861437, 0.0652344400337098]], "T": [-0.09838202489155645, -0.06971756800296522, 0.008539282887597949], "aligned_model": [[0.008845481718679368, -0.48260278651277566, -0.2755602410145504, 0.28114027172008277, -0.5375253780837119, -0.6318232228355143, -0.3899418180223313, -0.095935466721711, 0.5886407538188108, 0.5101438566223001, 0.20051686225597953, -0.1483502707301608], [-0.5852737192226348, -0.719702147450959, 0.088219816527871, -0.01421097265417419, 0.542566370815971, 0.19295371933940633, -0.4234414337512086, 0.24520468191920544, 0.1513291493465122, -0.36208452722326956, 0.5325897554468233, 0.020772212016264058], [-0.5426408128945777, 0.03350971750354875, -0.7676496879870526, -0.5445487024887441, -0.06608248860608605, 0.3139998390206282, 0.5895582922392507, 0.6728850943359355, 0.31911583766575813, -0.0622304362727879, -0.30788994373690615, -0.01874198950344882]], "inverted": false, "swapped": true, "error_lsq": 0.05644433027827599, "error_max": 0.31599382220957706, "target": "306.xyz", "model": "5.xyz", "model_rescale": 3.6523030999806103, "target_rescale": 4.4751939250787585},
{"mapping": [2, 3, 13, 12, 9, 0, 8, 7, 4, 6, 10, 5, 14], "R": [[-0.9663485465795543, 0.09164688079583719, -0.24035668445869465], [0.0736075153398236, -0.7967939034118523, -0.5997511226927393], [-0.24648006046956525, -0.5972606840619071, 0.7632347313014667]], "T": [0.03807777997637366, -0.07824369146844594, 0.06599016635430435], "aligned_model": [[0.19326365259842687, -0.1599206746552322, 0.27161702182178077, 0.7365778353047866, 0.5438752026007955, -0.2828760356256769, -0.5758656886864698, 0.09944855268332309, -0.6462049628060684, -0.02032884052774305, 0.11962200658367725, 0.5483427661680976, 0.05353206920459707], [-0.6483769525462424, 0.08088004757842261, 0.5810901243497325, -0.1964743954673519, 0.34859320569093644, -0.6704209100589644, 0.4388989998768695, -0.5765646953912129, -0.18338190702965637, -0.07689723120704454, 0.6632984433182936, -0.23343046826480823, 0.013612643314209388], [0.5838561293670266, 0.764358521677414, 0.3558957665179602, 0.2626028304174254, -0.02803695048401203, 0.15028328884282696, 0.18616716200146033, -0.39346693224648666, -0.25306855046671894, -0.6872136065464538, -0.24263174674934426, -0.4470960676966913, 0.11845989484738269]], "inverted": true, "swapped": true, "error_lsq": 0.04661949084491816, "error_max": 0.2695837003941692, "target": "306.xyz", "model": "6.xyz", "model_rescale": 4.08911054899281, "target_rescale": 4.4751939250787585},
{"mapping": [5, 12, 7, 13, 10, 3, 8, 4, 11, 0, 9, 2, 6, 1, 14], "R": [[0.367532725204827, -0.37852988325780135, -0.8494909201306089], [0.6681816691591472, -0.5278632517822273, 0.5243030082095553], [-0.6468793959488965, -0.7603127743887567, 0.058919709758811084]], "T": [-0.037585088332594344, 0.0465941034190529, -0.018625030341836293], "aligned_model": [[-0.22450042527401992, -0.5352598234175049, 0.3259945802119846, -0.10658720468381573, -0.717842124004234, 0.40708021344548917, -0.32701830683906197, 0.019332481213109196, -0.5033742818942805, 0.7660980246378597, -0.09740444289650772, 0.6125567426912043, 0.4376274607842214, 0.1850782750544842, -0.07225240386226163], [-0.5063814110162237, 0.18675169909172457, -0.038737815365810224, 0.6152195520473355, -0.19115611501532528, -0.32217486093456404, -0.31200070110997924, -0.6503005762308985, 0.38601005259461924, 0.18964190602713032, 0.2777137146994097, 0.45484809271877746, -0.10442739545497687, 0.6930229393487682, 0.13327390586354376], [-0.5083003991673907, -0.5092140889689291, -0.6967232922441644, -0.47447405081128985, -0.01893736929600643, 0.5224236334490838, 0.48415439592256104, 0.07052476188930906, 0.09258784464824812, 0.44858687361504035, 0.7280761669311854, -0.26516878521130643, -0.04117511888301145, 0.2468873903452233, 0.11793833066024964]], "inverted": false, "swapped": false, "error_lsq": 0.04368391486106167, "error_max": 0.33536149348068034, "target": "306.xyz", "model": "7.xyz", "model_rescale": 3.964800864290218, "target_rescale": 4.4751939250787585},
{"mapping": [6, 4, 7, 10, 5, 8, 9, 0, 1, 3, 13, 12, 2, 14], "R": [[0.0950843467197466, 0.6134164232282386, 0.7840148332287812], [-0.9442957799369465, 0.3048471702705637, -0.12399065598384434], [-0.3150626080672747, -0.72855232790233, 0.6082327338329816]], "T": [0.05172965600116744, 0.008929352373460162, 0.0727263077270484], "aligned_model": [[-0.09356696347777319, 0.23862423641452346, 0.41653390731156426, -0.736852295045902, -0.021911247658663174, -0.27792288784828245, -0.4875777317981924, 0.7049822869481516, 0.3081638576474217, 0.0902869660550448, -0.5678134006930525, 0.04875189652992471, 0.6677243749546099, -0.02823510987850203], [-0.014952050049129159, -0.6159497910479647, 0.2072936910780706, -0.07490521412792445, 0.5635137050338399, -0.7151403036329366, 0.4022110770008703, -0.16522000894356895, -0.5683360115510954, -0.25175718684664883, 0.06582899436785523, 0.7061570022734192, 0.272452821705146, -0.0002482590787311594], [-0.6682511823306502, -0.3218517620509834, -0.4664957870576912, -0.07857457048301637, -0.4117569102390113, 0.23353050478913207, 0.10931721848647823, 0.011705486856649336, 0.30517130156289535, 0.7675629606119672, 0.5042767066519351, 0.30596889280829476, 0.48312322953400705, 0.14308894958501484]], "inverted": true, "swapped": true, "error_lsq": 0.05445799755527787, "error_max": 0.3485659342616835, "target": "306.xyz", "model": "8.xyz", "model_rescale": 4.121658175737393, "target_rescale": 4.4751939250787585},
{"mapping": [12, 9, 13, 3, 5, 7, 10, 4, 8, 6, 2, 1, 14], "R": [[-0.6893408491788393, 0.7243951925169749, 0.007797352864385709], [0.12579947149694498, 0.1302978175584868, -0.9834617286455964], [-0.7134309263162666, -0.6769594402900296, -0.18094814057547998]], "T": [-0.08172669730738727, 0.04400580572823913, 0.0019741376890473547], "aligned_model": [[-0.6163966182980802, -0.2054154502712398, 0.2391833671223693, 0.3429417975440654, -0.6844855368245721, -0.5597962616147347, 0.2485480573249879, 0.26980637521798656, 0.7248666165795503, -0.23161694426137902, -0.42280271030262817, 0.3933401425822871, -0.02143533836341522], [0.18299942129482688, -0.3123184144770035, -0.06298942708277286, 0.5905003837914968, -0.3847815138138554, -0.1118453973434216, -0.598837527873741, -0.09139683407728215, -0.031013683762756067, -0.5965918019569043, 0.7517809473977828, 0.4132336139611725, 0.04164767335416715], [-0.48315081193878234, -0.5499280372445695, -0.6754294834060451, -0.26865930021087087, -0.021134115860708118, 0.460614426294397, -0.3578212468016824, 0.6646852401124953, 0.05281662383808786, 0.3733185717149622, 0.008396620829778122, 0.30364746860345065, -0.08628052197142425]], "inverted": false, "swapped": true, "error_lsq": 0.04679344962968089, "error_max": 0.2763171391541284, "target": "306.xyz", "model": "9.xyz", "model_rescale": 3.833441315466971, "target_rescale": 4.4751939250787585},
{"mapping": [4, 5, 3, 2, 1, 11, 12, 6, 13, 8, 10, 9, 7, 8, 14], "R": [[0.21145034182161127, 0.9574106737675299, 0.196605072924197], [-0.18203032600841995, -0.15905815377325172, 0.970342962117783], [0.9602883490685454, -0.24096743654330074, 0.140644876084976]], "T": [-0.07130281109813288, -0.04041523001801105, 0.06252184241984494], "aligned_model": [[-0.19130666742365882, -0.5666189736085416, 0.3738700994037548, -0.033011811569980176, -0.7306647828935662, 0.424822022139972, -0.17301001975231675, -0.214953269199695, -0.497297275126825, 0.3858544399368231, -0.06729083399649709, 0.5091552726217212, 0.5699485242866633, 0.3858544399368231, -0.005822399588011007], [-0.42289569180984377, 0.14090490942455985, -0.019797705763991064, 0.5052618153127545, -0.3550051518443248, -0.1486650014742495, -0.45847847258167784, -0.685123976744388, 0.6241213360468334, 0.5221323690659108, 0.3485344398264157, 0.44614036362006915, -0.2025652274852371, 0.5221323690659108, -0.005393387395211217], [-0.6268404359974964, -0.3608221166199645, -0.6829430106728717, -0.40376199440259475, 0.1715351633910795, 0.5180207094521412, 0.484302385161802, -0.09541721489857562, -0.04975642971820872, 0.3490646995421568, 0.7867153261571108, -0.22772321589551225, -0.01759107770175934, 0.3490646995421568, 0.0033388055393378246]], "inverted": false, "swapped": false, "error_lsq": 0.050399565838361186, "error_max": 0.3453688003537533, "target": "306.xyz", "model": "10.xyz", "model_rescale": 4.2482417240324, "target_rescale": 4.4751939250787585},
{"mapping": [6, 7, 12, 2, 10, 13, 9, 3, 0, 8, 4, 14], "R": [[0.45014796782078204, 0.2917667078834023, -0.8439425307671735], [-0.16134009600894766, 0.9561332876227486, 0.24449644111834812], [0.8782574682213888, 0.02610219283117214, 0.4774751250513063]], "T": [0.008129555328293042, -0.0018270249127022228, -0.04042134542053561], "aligned_model": [[-0.7042630816456604, -0.25336495541350357, 0.37060511383199646, 0.696203701366649, -0.4894486287512355, 0.12323090143248355, -0.10631475148823569, 0.5676583564875766, 0.2022253390871185, -0.16496273128199157, -0.3966873137315766, 0.03188365246938613], [-0.24941439347359626, -0.630166525755333, -0.1719341763915649, -0.37672442371759457, 0.5592097499654238, 0.661768486667366, 0.2651475290888801, 0.42192499796979893, -0.458482124325658, 0.6289895854533041, -0.08213068963618916, 0.09794337420580229], [0.003468237629128061, -0.04147618220478625, 0.5761923041486627, -0.098089846516698, 0.2586361269276471, 0.3055549432252725, 0.5616492122087376, -0.2845603547117762, -0.5036529153433701, -0.5209576298057855, -0.6813347601477338, -0.010236845554941948]], "inverted": false, "swapped": true, "error_lsq": 0.0407930779168711, "error_max": 0.21634787170296155, "target": "306.xyz", "model": "11.xyz", "model_rescale": 3.6694154284099745, "target_rescale": 4.4751939250787585},
{"mapping": [4, 8, 13, 3, 1, 6, 7, 5, 11, 12, 9, 2, 10, 14], "R": [[-0.015498166471434538, 0.022651186551661234, -0.9996232943383349], [0.3843403764359421, 0.9230702802240293, 0.014957700632464405], [0.923061364090764, -0.38396377630570044, -0.023011662433731976]], "T": [0.0907861478756958, -0.03927316517025939, -0.019017457214865113], "aligned_model": [[0.08135778465483286, 0.041504171187714746, -0.12794579716910862, 0.5889880252014993, 0.5165846446176052, -0.4769334689642397, 0.009185727886768663, -0.3468931806034643, 0.2836657882380251, 0.13157651112774288, -0.3597244374409774, 0.7818550147374806, -0.5989989029239765, 0.07404296970590742], [-0.5157743020738593, 0.22906806338749, 0.6847305034603325, 0.46039304456384234, -0.0626370897850042, -0.5332758622083322, -0.6699220348399821, -0.3278503971034399, 0.598894473142852, 0.20367711210675785, 0.3536316741308493, -0.07386979692380148, 0.31962278907045505, 0.06429911120809412], [-0.6139570791239186, -0.7834583823609876, -0.05482163568187478, -0.25219267107874677, -0.5397613890270131, -0.08523559491225927, 0.22349933558479065, 0.5033528731352919, 0.21034789562415523, 0.6736936480582184, 0.2801946213890609, 0.3532010813098082, -0.2362085286882445, -0.03955871457586607]], "inverted": false, "swapped": true, "error_lsq": 0.04147636963576628, "error_max": 0.2640486969347675, "target": "306.xyz", "model": "12.xyz", "model_rescale": 3.9764082729961374, "target_rescale": 4.4751939250787585},
{"mapping": [7, 2, 3, 8, 0, 6, 5, 4, 1, 13, 12, 11, 14, 10, 15], "R": [[0.1954360994080912, 0.44380996246437754, 0.8745498546483891], [-0.4153507636358448, -0.7703650158983262, 0.4837576722152241], [0.8884190870277785, -0.4577886624823068, 0.03377967299115375]], "T": [-0.025789964841107838, 0.036606719458559124, 0.10764092992488516], "aligned_model": [[-0.3088391382159654, -0.6184761144454657, 0.3693317473203324, -0.0025434930715327493, -0.6561022039728915, 0.47386086304228336, -0.31595794160773094, -0.11569295400571271, -0.4091873398780389, 0.448438421016369, -0.08161306482248586, 0.5554004313450899, 0.7544765990744108, 0.06233689590078635, 0.014096057487218035], [-0.32434449233804136, 0.25708029290312323, -0.02933179651380987, 0.4640080410071228, -0.3004277869690117, -0.45310192840319735, -0.5100656998429594, -0.667778571252341, 0.5427811613075828, 0.18925292118754986, 0.4289589600642535, 0.49176743370873083, -0.07230621409516705, 0.8346038530760839, -0.039793186576388494], [-0.49288474569387264, -0.3785422098340585, -0.6326119944216418, -0.45488955683770493, -0.019725298644787337, 0.4145501935584281, 0.67312808014928, -0.0001669387518373755, 0.11843284794790607, 0.4630099231300088, 0.6077979410208294, -0.18491871584604913, -0.027007136215185218, 0.06787750310753939, 0.04313640020994676]], "inverted": false, "swapped": false, "error_lsq": 0.036389650633975874, "error_max": 0.29306188478018186, "target": "306.xyz", "model": "13.xyz", "model_rescale": 4.170626492500431, "target_rescale": 4.4751939250787585},
{"mapping": [7, 6, 0, 4, 2, 3, 1, 5, 12, 10, 9, 8, 11, 14], "R": [[0.9438464758669695, -0.29646396614502074, 0.14581819766773418], [0.29039158300432416, 0.5339307128087726, -0.7940974262895952], [0.15756445828214283, 0.7918504345500357, 0.5900392620742918]], "T": [-0.0026833002717739467, 0.02007743132406003, 0.06640024263007058], "aligned_model": [[0.1914652847466282, -0.017914048953632477, -0.19084952865056146, -0.6286585765169806, 0.24408506860428425, -0.26923439933296417, -0.5871861388337618, 0.5569268254292509, 0.692714783952719, -0.06787229935776568, 0.40220291265422464, -0.720407956822243, 0.24850762032153173, -0.010596525149086117], [-0.39931105599894573, -0.7330123861491066, 0.1337358662669424, -0.31822286663955857, 0.5836590152747674, 0.6964679363427632, 0.3051206519551736, -0.45920699142809485, 0.25306186318000734, -0.3376940770224601, -0.08379810103380092, 0.07743999811231807, 0.571469721038907, 0.0663648940267536], [-0.43321024943767306, 0.008496694390715182, -0.5758347386112347, -0.2071015729913244, -0.42227236397851253, 0.2203109582780751, -0.10718336663494421, -0.0031247508495007292, 0.11814118678010617, 0.7871856656364166, 0.5880695790596692, 0.4410821203869094, 0.42687024081842184, 0.16244369827374283]], "inverted": false, "swapped": true, "error_lsq": 0.03887193519501642, "error_max": 0.2430891848759356, "target": "306.xyz", "model": "14.xyz", "model_rescale": 3.9786697098870705, "target_rescale": 4.4751939250787585},
{"mapping": [5, 6, 2, 12, 0, 1, 10, 8, 3, 9, 4, 14], "R": [[0.508391838541156, 0.38387218222828, -0.7708306469102286], [-0.8170828244422508, -0.06757045251186058, -0.5725468469468821], [-0.27187018318715506, 0.9209106263143242, 0.2793031002963307]], "T": [0.05805464213882089, -0.027936530577044715, -0.06556852727086133], "aligned_model": [[-0.25745782064721745, -0.6682241291707796, 0.6989084059690143, 0.4555358960442232, 0.165411592538586, 0.1970663034890373, -0.35461805707692506, -0.09515719888726085, 0.6320780554267846, 0.0236334579598092, -0.4077286223020394, 0.09390671342410452], [-0.5457576701192001, -0.12164970887185224, 0.12242338531046974, -0.5930225461107879, 0.48373428968619503, 0.6018788299718711, -0.41325404137205224, 0.38665473730365474, 0.2371307549055215, -0.6560172893707754, 0.5754429653750667, -0.0628892164836717], [-0.48986079525163645, -0.25121888774664236, -0.494541830839673, -0.31701198845817863, -0.49853272597323545, 0.12687067077761388, 0.511504555623796, 0.6152000593831422, 0.3249165137302054, 0.16068710409306647, -0.05693628236429331, 0.028890100899665358]], "inverted": false, "swapped": true, "error_lsq": 0.05872113583524294, "error_max": 0.298331155702082, "target": "306.xyz", "model": "15.xyz", "model_rescale": 3.769337070930944, "target_rescale": 4.4751939250787585},
{"mapping": [8, 4, 13, 3, 10, 6, 9, 7, 12, 2, 14], "R": [[-0.4253600001137413, 0.36987438375044235, -0.8259914106989662], [-0.6656911131965799, -0.7461769642606252, 0.00867639429116418], [-0.6131265873490858, 0.5535457327556847, 0.5636159238645017]], "T": [-0.042644384390130366, -0.01687657397745971, 0.06681811353127186], "aligned_model": [[-0.4398275764228852, -0.2625955993796462, 0.0028885010308805498, -0.6644293668629594, 0.3658037811444625, 0.48226247595316857, 0.4253066308216129, 0.2554296281174789, 0.24002949507151555, -0.4259309208378447, -0.0563109179446129], [-0.015046721554773978, -0.6623142680739091, 0.6518547768795583, 0.3861369219604288, 0.24029925541489303, -0.5138530628126425, 0.44553857990494644, -0.5341805781308893, 0.44053731180641104, 0.08314171760462657, 0.07395056462669261], [-0.641029200382682, -0.2739560452378888, -0.28536373139478544, 0.01019947927848884, -0.5803390332673982, -0.15276382401250277, -0.05173964046775163, 0.39352818454583566, 0.5682215252608626, 0.7453514719026056, 0.012108420998992876]], "inverted": true, "swapped": true, "error_lsq": 0.04410324748145448, "error_max": 0.20492334044771432, "target": "306.xyz", "model": "16.xyz", "model_rescale": 3.7852294659196426, "target_rescale": 4.4751939250787585},
{"mapping": [0, 12, 3, 2, 5, 9, 10, 13, 1, 4, 6, 8, 14], "R": [[-0.7912643162260817, 0.3137597926973391, -0.5248386174375841], [-0.556043709363483, -0.012119804759993358, 0.8310646807619], [0.2543937403800856, 0.9494250380199076, 0.18405412800675558]], "T": [-0.03835321298565306, 0.036395155173663304, -0.06371721043177804], "aligned_model": [[0.2937646019859447, -0.6026235788740892, 0.41709298035150444, 0.026159245587331598, -0.7081620270260772, -0.5431878433719145, -0.23944705422673726, -0.14349028467052194, 0.6305977644321255, 0.46618780957167205, -0.28061905977772894, 0.5700394788483696, -0.032546182613595674], [-0.23492212487284803, -0.41433658469567075, -0.3564384343910246, -0.721027148333963, 0.1819872871085651, 0.165515590960424, 0.642045719975348, 0.0813505680327334, -0.03400728752814276, 0.45935904610319106, 0.643197191032382, 0.42333226836181387, 0.038999531950066085], [-0.5899065594237904, 0.07404061760846144, 0.37273742405602367, -0.26238613838437946, -0.34276892454715213, 0.35500916470607696, 0.43078288479078175, 0.6847693440109444, -0.08764546138470662, -0.4479505831979902, -0.4429633291221574, 0.3090342606169482, 0.04300199741411416]], "inverted": false, "swapped": true, "error_lsq": 0.050665330126772906, "error_max": 0.32880203297142796, "target": "306.xyz", "model": "17.xyz", "model_rescale": 3.901054581598922, "target_rescale": 4.4751939250787585},
{"mapping": [0, 3, 2, 13, 7, 4, 6, 1, 12, 10, 11, 5, 8, 9, 14], "R": [[0.8988193775690279, 0.26504735829783255, -0.3491040308643915], [-0.002968726740460309, -0.7927612887153713, -0.6095250001237722], [-0.4383091525030776, 0.54888927569564, -0.7117623549039032]], "T": [0.056799909855497474, 0.031086739224899712, 0.024607246036883943], "aligned_model": [[-0.28167709294121596, -0.44016922791774576, 0.2497215176933933, 0.012554801436679322, -0.5550400238687133, 0.5754570572135771, -0.28499811886944165, -0.08366242735908998, -0.5646822596636029, 0.5103909006658411, -0.3008902422874762, 0.5130381331042352, 0.6038002847266127, 0.18729699596165872, 0.028388467271953943], [-0.42935189087442915, 0.16756051297552635, 0.08334429117146128, 0.6163188859040087, -0.21000518699661566, -0.42444966680754515, -0.27096185736087064, -0.6488536893292061, 0.4379920210289242, 0.25421435403968495, 0.3692095354337408, 0.39174925720762566, -0.2579113058182759, 0.656755603946978, 0.07569212274252304], [-0.47432572039196647, -0.5391324764343617, -0.7777570748809284, -0.4032337328033244, 0.10948128451978681, 0.4106840728255827, 0.6209850609583086, 0.08491391961212555, 0.03737864717500521, 0.6703030170402384, 0.6526691209111092, -0.2031102955904907, -0.2155780407563643, 0.18491508604940737, 0.03899342464467401]], "inverted": true, "swapped": false, "error_lsq": 0.04586702047953086, "error_max": 0.30003629506482815, "target": "306.xyz", "model": "18.xyz", "model_rescale": 3.9405287249114394, "target_rescale": 4.4751939250787585},
{"mapping": [9, 13, 7, 13, 11, 6, 2, 5, 14, 1, 3, 4, 0, 12, 15], "R": [[0.7586001907565176, 0.31633157185518423, 0.569613980895662], [0.4586904991445154, 0.3616079214744427, -0.8116912819055585], [-0.4627405067407979, 0.8770256825056847, 0.12921755162015658]], "T": [0.05531007331040162, 0.09435515577186177, 0.015708510433169155], "aligned_model": [[-0.2220018802948459, -0.357839190987562, 0.24085389488744058, -0.357839190987562, -0.6179640774283945, 0.41786007939123193, -0.13869436295700582, -0.06970723822975804, -0.5614005892242608, 0.39321166403091057, -0.0962607790301278, 0.6183620331441265, 0.7321587168584202, 0.15212162673386648, 0.036668059260187104], [-0.35912990191785904, 0.36153651450886676, -0.05799568594732468, 0.36153651450886676, -0.12839088517690783, -0.45717633572993893, -0.48018052713764275, -0.7273338921193744, 0.5484301921236816, 0.12330860480517053, 0.5318845159429935, 0.3947397527620536, -6.618747451136997e-05, 0.6271337543277602, 0.0730065537876974], [-0.5378790885936939, -0.441731816085456, -0.6460983044632824, -0.441731816085456, -0.11196028406422584, 0.36592838788847465, 0.6382808442107964, 0.037165983484116656, 0.1306988672216271, 0.5818389165738956, 0.7305671891823123, -0.3412321191321966, 0.09077369292618015, 0.09885627200220562, 0.04370956781350352]], "inverted": true, "swapped": false, "error_lsq": 0.04526620489493451, "error_max": 0.38596615112779303, "target": "306.xyz", "model": "19.xyz", "model_rescale": 4.410303926677745, "target_rescale": 4.4751939250787585},
{"mapping": [6, 4, 7, 10, 5, 8, 9, 0, 1, 3, 13, 12, 2, 14], "R": [[0.0950843467197466, 0.6134164232282386, 0.7840148332287812], [-0.9442957799369465, 0.3048471702705637, -0.12399065598384434], [-0.3150626080672747, -0.72855232790233, 0.6082327338329816]], "T": [0.05172965600116744, 0.008929352373460162, 0.0727263077270484], "aligned_model": [[-0.09356696347777319, 0.23862423641452346, 0.41653390731156426, -0.736852295045902, -0.021911247658663174, -0.27792288784828245, -0.4875777317981924, 0.7049822869481516, 0.3081638576474217, 0.0902869660550448, -0.5678134006930525, 0.04875189652992471, 0.6677243749546099, -0.02823510987850203], [-0.014952050049129159, -0.6159497910479647, 0.2072936910780706, -0.07490521412792445, 0.5635137050338399, -0.7151403036329366, 0.4022110770008703, -0.16522000894356895, -0.5683360115510954, -0.25175718684664883, 0.06582899436785523, 0.7061570022734192, 0.272452821705146, -0.0002482590787311594], [-0.6682511823306502, -0.3218517620509834, -0.4664957870576912, -0.07857457048301637, -0.4117569102390113, 0.23353050478913207, 0.10931721848647823, 0.011705486856649336, 0.30517130156289535, 0.7675629606119672, 0.5042767066519351, 0.30596889280829476, 0.48312322953400705, 0.14308894958501484]], "inverted": true, "swapped": true, "error_lsq": 0.05445799755527787, "error_max": 0.3485659342616835, "target": "306.xyz", "model": "20.xyz", "model_rescale": 4.121658175737393, "target_rescale": 4.4751939250787585},
{"mapping": [2, 3, 13, 12, 9, 0, 8, 7, 4, 6, 10, 5, 14], "R": [[-0.9663485465795543, 0.09164688079583719, -0.24035668445869465], [0.0736075153398236, -0.7967939034118523, -0.5997511226927393], [-0.24648006046956525, -0.5972606840619071, 0.7632347313014667]], "T": [0.03807777997637366, -0.07824369146844594, 0.06599016635430435], "aligned_model": [[0.19326365259842687, -0.1599206746552322, 0.27161702182178077, 0.7365778353047866, 0.5438752026007955, -0.2828760356256769, -0.5758656886864698, 0.09944855268332309, -0.6462049628060684, -0.02032884052774305, 0.11962200658367725, 0.5483427661680976, 0.05353206920459707], [-0.6483769525462424, 0.08088004757842261, 0.5810901243497325, -0.1964743954673519, 0.34859320569093644, -0.6704209100589644, 0.4388989998768695, -0.5765646953912129, -0.18338190702965637, -0.07689723120704454, 0.6632984433182936, -0.23343046826480823, 0.013612643314209388], [0.5838561293670266, 0.764358521677414, 0.3558957665179602, 0.2626028304174254, -0.02803695048401203, 0.15028328884282696, 0.18616716200146033, -0.39346693224648666, -0.25306855046671894, -0.6872136065464538, -0.24263174674934426, -0.4470960676966913, 0.11845989484738269]], "inverted": true, "swapped": true, "error_lsq": 0.04661949084491816, "error_max": 0.2695837003941692, "target": "306.xyz", "model": "21.xyz", "model_rescale": 4.08911054899281, "target_rescale": 4.4751939250787585},
{"mapping": [1, 8, 0, 6, 11, 3, 15, 2, 5, 12, 9, 7, 13, 10, 16], "R": [[0.8104547841333004, -0.48459835246679395, -0.3291314018168348], [0.18246843589281916, 0.742729332474867, -0.6442502685946407], [0.5566581651051873, 0.4620796202689615, 0.6903724442312414]], "T": [0.012647922326403067, 0.006104630316446161, 0.034708428902450655], "aligned_model": [[-0.42165783408030144, -0.5151589702065773, 0.3321438812033776, 0.0019344789258975044, -0.7475192428611557, 0.6181225374508178, -0.3782039238942104, 0.018398237065700197, -0.4281239560182543, 0.48589404483100346, -0.13983420972964464, 0.5176397205697918, 0.6711046121736755, 0.10247029446558777, 0.05231909527095911], [-0.446943095376203, 0.18404861423863683, -0.08717663589864193, 0.462315953395542, -0.07565081435143343, -0.47587450123221553, -0.49762447367409945, -0.7136477214039244, 0.5338810089453735, 0.3101813142006994, 0.37977765906688304, 0.4542684904238985, -0.014832604467548346, 0.8005191495376361, -0.0019393561410724937], [-0.4512181596505508, -0.37822963042443103, -0.6647916324369798, -0.5546306749896073, 0.07151818978615615, 0.4288853314297517, 0.3882601818227175, -0.02165925196742055, 0.19250988444081205, 0.5127722153226332, 0.6217904321614807, -0.1887387152053456, 0.08692323353878954, 0.14412927850979115, 0.009665610541004857]], "inverted": false, "swapped": false, "error_lsq": 0.03996640719155848, "error_max": 0.24019706087699988, "target": "306.xyz", "model": "22.xyz", "model_rescale": 4.204369325754507, "target_rescale": 4.4751939250787585},
{"mapping": [9, 13, 7, 13, 11, 6, 2, 5, 14, 1, 3, 4, 0, 12, 15], "R": [[0.7586001907565176, 0.31633157185518423, 0.569613980895662], [0.4586904991445154, 0.3616079214744427, -0.8116912819055585], [-0.4627405067407979, 0.8770256825056847, 0.12921755162015658]], "T": [0.05531007331040162, 0.09435515577186177, 0.015708510433169155], "aligned_model": [[-0.2220018802948459, -0.357839190987562, 0.24085389488744058, -0.357839190987562, -0.6179640774283945, 0.41786007939123193, -0.13869436295700582, -0.06970723822975804, -0.5614005892242608, 0.39321166403091057, -0.0962607790301278, 0.6183620331441265, 0.7321587168584202, 0.15212162673386648, 0.036668059260187104], [-0.35912990191785904, 0.36153651450886676, -0.05799568594732468, 0.36153651450886676, -0.12839088517690783, -0.45717633572993893, -0.48018052713764275, -0.7273338921193744, 0.5484301921236816, 0.12330860480517053, 0.5318845159429935, 0.3947397527620536, -6.618747451136997e-05, 0.6271337543277602, 0.0730065537876974], [-0.5378790885936939, -0.441731816085456, -0.6460983044632824, -0.441731816085456, -0.11196028406422584, 0.36592838788847465, 0.6382808442107964, 0.037165983484116656, 0.1306988672216271, 0.5818389165738956, 0.7305671891823123, -0.3412321191321966, 0.09077369292618015, 0.09885627200220562, 0.04370956781350352]], "inverted": true, "swapped": false, "error_lsq": 0.04526620489493451, "error_max": 0.38596615112779303, "target": "306.xyz", "model": "23.xyz", "model_rescale": 4.410303926677745, "target_rescale": 4.4751939250787585},
{"mapping": [12, 6, 2, 5, 13, 1, 11, 7, 15, 10, 9, 4, 3, 8, 16], "R": [[-0.0701349611835341, 0.8403496218693631, 0.5374882326561231], [0.33241833162648765, 0.5277065723967047, -0.7816801303909318], [-0.9405206749553391, 0.12384783596551, -0.3163582992561022]], "T": [-0.07830550755474143, 0.016391053433450473, 0.07605396529999009], "aligned_model": [[-0.3159206367661684, -0.724081192561714, 0.5393196865280951, -0.1082881066398522, -0.6807698126366513, 0.47245020574488517, -0.16611166223708612, -0.13545571132309692, -0.4537169005289108, 0.3770637630559773, -0.15691853676493245, 0.4160896558348903, 0.7931861613085662, 0.27841846947968385, 0.034263382672980305], [-0.27407282917538145, 0.15434376150341583, 0.05713534023157056, 0.3264397226505535, -0.3231885171585133, -0.580073053427225, -0.20395936457249536, -0.6459066343116373, 0.6233066357007977, 0.207937400507969, 0.42285812113761617, 0.42897016647613423, -0.09522945307062687, 0.7334478675602346, -0.0207061767888813], [-0.6348226892986379, -0.3005637516886504, -0.594597191342441, -0.4703642810065709, -0.050077316180401205, 0.3539641361557069, 0.6629587779359641, 0.08120408171065682, 0.0702270569404887, 0.5000029841471683, 0.5461863914724027, -0.16733106071640633, -0.11706288601982967, 0.2612138874687553, 0.0562481533005968]], "inverted": true, "swapped": false, "error_lsq": 0.04784405235284659, "error_max": 0.3258470564126131, "target": "306.xyz", "model": "24.xyz", "model_rescale": 4.28219845311461, "target_rescale": 4.4751939250787585},
{"mapping": [1, 8, 0, 6, 5, 7, 9, 3, 10, 13, 12, 2, 4, 14, 15], "R": [[0.7742641252351069, 0.43694770443209985, -0.4578119351496127], [-0.21743104707177538, 0.8630267300031439, 0.4559699585162955], [0.5943389640122766, -0.25349865264257154, 0.763216633050679]], "T": [0.02128824617610376, 0.03927348241220006, 0.08545347106096982], "aligned_model": [[-0.19853084221442374, -0.5080127372602555, 0.36650637294272537, -0.06509674328576029, -0.7687350661587778, 0.454025760385668, -0.20359170302928714, 0.014614207592800806, -0.5124427227234675, 0.45612769574530926, -0.032002355924364505, 0.5246448336285989, 0.5762539581010978, 0.008113895014009755, 0.05765421235279302], [-0.34896215660444346, 0.1418251770636202, 0.08319963142145295, 0.6093060580396087, -0.271199185668869, -0.4516311405921938, -0.3421825622281818, -0.7261965935747783, 0.6096980665461353, 0.1674417460895691, 0.3902848735209752, 0.462480129983761, -0.3469980325599007, 0.7928420721397857, 0.04139490368699005], [-0.37370887040789136, -0.35189041627055406, -0.6524144781147401, -0.6072207895264135, 0.016529097605813642, 0.5065198561582204, 0.5961333887506763, -0.033106070256052444, -0.05401647366200665, 0.4693857648593468, 0.7624845008318926, -0.10509390810583671, -0.19285561670738652, 0.1954782043806397, 0.020962103343093105]], "inverted": false, "swapped": false, "error_lsq": 0.043169696360613845, "error_max": 0.3709517579291972, "target": "306.xyz", "model": "25.xyz", "model_rescale": 4.100010024507729, "target_rescale": 4.4751939250787585},
{"mapping": [6, 7, 12, 2, 10, 13, 9, 3, 0, 8, 4, 14], "R": [[0.45014796782078204, 0.2917667078834023, -0.8439425307671735], [-0.16134009600894766, 0.9561332876227486, 0.24449644111834812], [0.8782574682213888, 0.02610219283117214, 0.4774751250513063]], "T": [0.008129555328293042, -0.0018270249127022228, -0.04042134542053561], "aligned_model": [[-0.7042630816456604, -0.25336495541350357, 0.37060511383199646, 0.696203701366649, -0.4894486287512355, 0.12323090143248355, -0.10631475148823569, 0.5676583564875766, 0.2022253390871185, -0.16496273128199157, -0.3966873137315766, 0.03188365246938613], [-0.24941439347359626, -0.630166525755333, -0.1719341763915649, -0.37672442371759457, 0.5592097499654238, 0.661768486667366, 0.2651475290888801, 0.42192499796979893, -0.458482124325658, 0.6289895854533041, -0.08213068963618916, 0.09794337420580229], [0.003468237629128061, -0.04147618220478625, 0.5761923041486627, -0.098089846516698, 0.2586361269276471, 0.3055549432252725, 0.5616492122087376, -0.2845603547117762, -0.5036529153433701, -0.5209576298057855, -0.6813347601477338, -0.010236845554941948]], "inverted": false, "swapped": true, "error_lsq": 0.0407930779168711, "error_max": 0.21634787170296155, "target": "306.xyz", "model": "26.xyz", "model_rescale": 3.6694154284099745, "target_rescale": 4.4751939250787585},
