[{"mapping": [9, 12, 5, 3, 8, 7, 1, 6, 4, 0, 2, 13], "R": [[-0.8582140803147478, -0.15713465033230714, 0.4886484360094236], [-0.5067242918157892, 0.41116572792863965, -0.7577421964366899], [-0.08184793481389224, -0.8979150549143586, -0.4324921614605812]], "T": [-0.05028978227240689, -0.10605324361545755, -0.03766715416228995], "aligned_model": [[-0.19043726787951443, 0.012544442231908613, 0.42832716915342856, -0.15009485812402465, 0.05737244632335021, -0.5859656813517721, 0.47353250031398186, -0.3030307946154186, 0.5924130398337977, 0.11424111964057487, -0.5310988727810205, -0.08016078028474286], [-0.30770335838403917, -0.8476715505993693, -0.2811876623116358, 0.5597136266730358, 0.402241807082652, -0.56601705478509, -0.06121881685479626, -0.5000381784441922, 0.17179043821749373, 0.48317994698491895, 0.045754316243374685, -0.04528847784529547], [-0.5000056969400479, -0.09693064113486355, -0.6058500296936636, 0.009327224318372122, -0.6355099893282126, 0.03058839392287651, 0.5036768363129812, 0.6379083190452759, -0.10063629825794465, 0.5454676683148649, 0.36274512882892507, 0.03117082996499882]], "inverted": false, "swapped": true, "error_lsq": 0.039613782043032744, "error_max": 0.26982597768436667, "target": "307.xyz", "model": "0.xyz", "model_rescale": 3.751011558992144, "target_rescale": 4.017764962080637},
{"mapping": [1, 4, 7, 0, 8, 5, 11, 12, 2, 13, 3, 10, 9, 14], "R": [[0.7125113063574637, 0.6813177198395995, 0.1677313415714234], [-0.48296634173456365, 0.6496242814087168, -0.5871386597352806], [-0.5089903251185757, 0.33733434102797427, 0.7919181720979191]], "T": [-0.06983199562974252, -0.10253452939521454, -0.01377242056294462], "aligned_model": [[-0.3974604343915084, -0.7365775542863847, 0.24618334751214288, -0.137299674677245, -0.6870040814903057, -0.19839400528910392, 0.45704824010946343, 0.6669908247226674, -0.2295555624025301, 0.3163756265865585, 0.3644958941018963, -0.23460243122808108, 0.24315101215170892, -0.01859250176694241], [-0.27586374112185685, -0.5246553873756564, -0.25861094737242724, 0.2985355905863889, 0.12048345987090175, 0.2041637235782758, -0.6896337392412769, -0.08716997610834916, 0.7078498585102713, 0.4079804080196131, 0.4463519826266962, -0.6787278754606915, -0.15578419613490183, -0.1113950674093804], [-0.6039437007118391, 0.03950338238084863, -0.5754230935328638, -0.6541593267699429, 0.08512067847886325, 0.5148995366004514, 0.10640546389257452, -0.10774670421238972, 0.025004222465281854, 0.3293316008634215, -0.3195317550638839, 0.5459647317071763, 0.5636318842066702, 0.003542820646783922]], "inverted": false, "swapped": false, "error_lsq": 0.0412677795825799, "error_max": 0.2463570154993963, "target": "307.xyz", "model": "1.xyz", "model_rescale": 3.9405287249114394, "target_rescale": 4.017764962080637},
{"mapping": [0, 8, 4, 7, 9, 1, 2, 10, 12, 11, 12, 6, 13], "R": [[-0.6881112435022294, -0.7241576431044279, 0.045810746547684356], [0.36746095586435823, -0.29333798285256485, 0.8825674329654597], [-0.6256799201517244, 0.6241382344877048, 0.4679488238787477]], "T": [0.017763428322553745, 0.04211699860258892, -0.06730311645155342], "aligned_model": [[-0.5118247528799041, 0.3418401888152573, -0.4105666149363788, 0.3676384257070008, 0.44038898893344613, -0.7353996398274294, 0.08973662674577157, 0.687759663275714, 0.02482888014421781, -0.5583415959493775, 0.02482888014421781, -0.2561176679491122, -0.008788102939492205], [0.6768312699940747, 0.4318415267654889, 0.19971235609198856, -0.309703163082844, -0.20050815906372024, 0.08132598780114388, 0.3275222790816366, 0.2478429435649975, -0.7003569227670582, -0.5107167289798411, -0.7003569227670582, -0.20105289434422927, 0.11645102127743764], [0.10872683497010042, -0.6759574642109263, -0.6020238094544504, 0.4396330297458301, -0.25856650299420786, -0.04158787735887296, 0.5053369080836324, 0.11366741853775507, 0.011058668797543678, -0.15500498230320742, 0.011058668797543678, 0.6684698896182961, -0.011690432640392358]], "inverted": true, "swapped": true, "error_lsq": 0.05807037764384186, "error_max": 0.385897452865343, "target": "307.xyz", "model": "2.xyz", "model_rescale": 3.932901565614263, "target_rescale": 4.017764962080637},
{"mapping": [1, 0, 6, 10, 3, 8, 4, 5, 11, 9, 12, 0, 7, 13], "R": [[-0.21217546967740736, -0.8465627135085042, 0.48817327063686133], [0.35842327406318375, 0.39731889309404694, 0.8447901833001786], [-0.909128333447484, 0.35421641589237496, 0.2191264567215941]], "T": [-0.08100334496774207, -0.03623799708464877, 0.016020020670020448], "aligned_model": [[-0.5732409816200565, -0.40721441569423783, 0.30885735583597895, -0.07114512870770277, -0.49883085825395385, -0.23994846880791626, 0.2907373860006641, 0.6344588453043917, -0.5370829530192095, 0.4340728324616705, 0.4693721654700136, -0.40721441569423783, 0.24490368522266853, 0.007033651154263076], [-0.2601029487006894, -0.6169681470980115, -0.18388207957242875, 0.34293833535433865, -0.04688680889377911, 0.45533912959656325, -0.8235159442561311, -0.09555297699847799, 0.7212893198301262, 0.37545193240293673, 0.3540526473465018, -0.6169681470980115, -0.20384767872976406, 0.002177459784433261], [-0.4902953093497661, 0.08874662752017878, -0.5251843026284283, -0.5916588129185135, 0.3092643727543075, 0.5374364585228986, 0.08832954545277114, -0.021333333978392256, -0.10988650662284982, 0.34005840233499623, -0.34159684210274116, 0.08874662752017878, 0.6287468355218205, -0.04877402107530847]], "inverted": false, "swapped": false, "error_lsq": 0.056638699089615, "error_max": 0.5015402966386531, "target": "307.xyz", "model": "3.xyz", "model_rescale": 3.9243930471874484, "target_rescale": 4.017764962080637},
{"mapping": [3, 4, 8, 10, 9, 0, 2, 5, 12, 11, 7, 6, 13], "R": [[0.4713448423109989, 0.8330026928861364, 0.2897249614224923], [-0.06040187321041868, -0.2972446400870566, 0.9528888905072768], [0.8798782036961093, -0.46663919422178984, -0.08978980496997754]], "T": [0.018878042592956532, -0.06477269036804924, -0.10681224972767758], "aligned_model": [[-0.061813754211824584, -0.2090179194400165, 0.46271925631166033, 0.5282288783304957, 0.5190219999056599, -0.6459285911704132, -0.17446873499430696, 0.3687724818301591, 0.13410720959366695, -0.3742000438841674, 0.22090614202943576, -0.45195232456039275, -0.03916871342860401], [-0.6693758008247068, 0.08058706342680062, -0.3337477313738058, -0.5064305345968718, 0.08508680204093409, -0.5331786057379411, -0.5157178619281102, 0.4274493697144174, 0.5824103040666326, 0.6353385775797803, -0.0023095585827672127, 0.018440205256744613, -0.14072267535951977], [-0.39553177297267206, -0.7557830615918747, -0.7051670557669428, 0.15675658109459975, -0.06861317716632073, -0.33690012408348124, 0.3101030761594121, -0.5735770254020693, 0.24721377290028032, -0.13021261386743574, 0.5702824264367745, 0.5616926100600269, -0.0931933204293324]], "inverted": false, "swapped": true, "error_lsq": 0.04266897146914877, "error_max": 0.24164458851256623, "target": "307.xyz", "model": "4.xyz", "model_rescale": 3.8936222436046832, "target_rescale": 4.017764962080637},
{"mapping": [8, 4, 3, 10, 0, 1, 11, 6, 7, 9, 2, 13], "R": [[-0.9312104800649642, -0.3248349684272192, -0.1653157134215218], [-0.33011496594508777, 0.5593999315143152, 0.7603261312626663], [-0.1545029160768585, 0.7625968528053779, -0.6281519633138786]], "T": [-0.013775534758389801, -0.13019011333646133, -0.004071504275137132], "aligned_model": [[-0.06956086194615259, -0.6094292251598279, -0.2662617246092449, 0.5420141108627158, -0.6697478910484016, -0.6754700362633274, -0.3234657133958815, 0.0664931828550296, 0.5816305335912244, 0.3906857108858294, 0.10986714425296194, -0.049207187809827836], [-0.5810517990914262, -0.49550663529292505, 0.08325300605270342, 0.01821687014332604, 0.35081800032899557, 0.016152262991600996, -0.34087992709617815, 0.4858722611707802, 0.14612758060517486, -0.45857033997406127, 0.49152574080064837, -0.04703411552883176], [-0.6529033832533305, -0.08133509261200716, -0.5923807843891662, -0.4434366040397848, -0.23351398976156693, 0.32788861554266574, 0.7065025891530448, 0.5340069768788631, 0.2648417569668788, -0.05543824615548564, -0.11692006544323452, -0.03802705361135799]], "inverted": true, "swapped": true, "error_lsq": 0.0400696776029894, "error_max": 0.2070908770620598, "target": "307.xyz", "model": "5.xyz", "model_rescale": 3.6523030999806103, "target_rescale": 4.017764962080637},
{"mapping": [8, 3, 0, 4, 1, 9, 2, 5, 7, 12, 6, 11, 13], "R": [[0.9270956937612952, 0.24481488110778946, -0.283829611910812], [-0.030871996887489282, 0.8045336572422174, 0.5931041343412146], [0.37355119383752766, -0.5411019020042728, 0.7534376133628561]], "T": [-0.017235042407357695, -0.0856172082017343, 0.061515972447247484], "aligned_model": [[0.062407153170258675, -0.003635374987974574, 0.3344480117576271, 0.6399037298692146, 0.5928758370520194, -0.2645977809082617, -0.392332575397897, 0.3231205101155411, -0.597398951483735, -0.08060732507752992, -0.20695746597818765, 0.4988844445635426, -0.025027308030322874], [-0.6374446649405765, 0.047780497270101585, 0.5131848524344276, -0.24053276451675515, 0.34809138036285525, -0.5311921641352164, 0.4122768309541328, -0.7493065225856614, 0.03538146668307221, -0.2317849538138101, 0.5814287694946032, -0.0005811300291131416, -0.006474693014876617], [0.6241123182071053, 0.7229047775907863, 0.5432498339993878, 0.25747246396604345, -0.033955492144426246, -0.05821559770969178, 0.22262549927206624, -0.10051063861011666, -0.32828314962195876, -0.6679200822160424, -0.37957294582813506, -0.5480767499468301, 0.11627950252360084]], "inverted": true, "swapped": true, "error_lsq": 0.05081238285033313, "error_max": 0.2509738092844686, "target": "307.xyz", "model": "6.xyz", "model_rescale": 4.08911054899281, "target_rescale": 4.017764962080637},
{"mapping": [13, 12, 2, 1, 11, 8, 7, 6, 9, 3, 0, 5, 4, 14], "R": [[0.06945640310765383, -0.13953517025941045, -0.9877781857927541], [-0.4927323482806199, -0.8657552253605736, 0.08765114214160996], [-0.8674045428894256, 0.48062233200460025, -0.12888573603485715]], "T": [-0.10744536179363025, -0.0876904657177, 0.05224138857935263], "aligned_model": [[-0.39831766754891945, -0.6212506744831355, 0.32588437695769684, -0.15954459333313387, -0.6694862683495933, -0.22883866309951906, 0.25806223654638044, 0.3885545794097312, -0.2520623516437811, 0.44882410148950364, 0.5743718176070757, -0.060391205207952214, 0.2222835416179762, -0.17333053030999324], [-0.4415982499409867, -0.5810851938635762, -0.21199604498294503, 0.3014478430309017, 0.04688940041527642, 0.32293198534566053, -0.7422710371783564, -0.10178225552710324, 0.6815141308657054, 0.4117231851755714, 0.4540248854962188, -0.6781754390330468, -0.11709055983825895, 0.05899144300254597], [-0.5187552001691167, 0.028415753202852168, -0.6162741338795451, -0.567277057952037, -0.050371193234663235, 0.5830915014791803, -0.14067682092770456, -0.0018737316709529148, 0.007884621909174432, 0.3122447073772507, -0.3031822955458547, 0.5314225987912234, 0.6745467592961228, 0.013404232275222798]], "inverted": false, "swapped": false, "error_lsq": 0.04598996231451835, "error_max": 0.3112032261762828, "target": "307.xyz", "model": "7.xyz", "model_rescale": 3.964800864290218, "target_rescale": 4.017764962080637},
{"mapping": [0, 2, 6, 3, 1, 8, 4, 11, 5, 9, 10, 7, 12, 13], "R": [[-0.17589195507601402, 0.7144919924466223, 0.6771729563923781], [-0.4874326340040652, -0.6608627179484355, 0.5706749471754176], [0.8552610405293792, -0.22969906563907155, 0.46450714934986853]], "T": [-0.05607621392809613, -0.07980749216916852, -0.05286258471127763], "aligned_model": [[-0.5287375154724819, -0.3382339173959301, 0.24957280953241096, -0.19109807663882977, -0.7770951330268703, -0.15567232350864496, 0.3003682956473813, 0.7666233883916453, -0.25639753230880435, 0.38300872737620834, 0.3593239051363789, -0.38111633737427997, 0.2736886638956915, -0.04947625460153928], [-0.29333978971696406, -0.6788649563387357, -0.2578316272564662, 0.17273508495460063, -0.042870174894284435, 0.42403225584700543, -0.6816250910298429, -0.1812748222818785, 0.7310014018544149, 0.21969998194280652, 0.6258086970991259, -0.2824804747762323, -0.3360136357717767, -0.01545275666416615], [-0.5469826353559264, -0.041641499622142024, -0.5126363388149634, -0.7191613458028887, 0.15180114941512995, 0.5192245630928821, -0.1293889482006779, -0.05461465674683424, -0.09199095987367145, 0.38458045622030973, -0.1212917271210881, 0.5472421938340688, 0.5766518905970441, -0.009192400670090306]], "inverted": false, "swapped": false, "error_lsq": 0.0447519502762086, "error_max": 0.29598585117924836, "target": "307.xyz", "model": "8.xyz", "model_rescale": 4.121658175737393, "target_rescale": 4.017764962080637},
{"mapping": [4, 1, 11, 5, 0, 3, 6, 10, 12, 2, 8, 9, 13], "R": [[-0.7105318538324148, 0.15048508206495304, -0.6873854266460533], [0.3001666005663739, -0.8187070695519061, -0.4895086783399838], [-0.636431061933576, -0.5541416554831762, 0.5365468563550307]], "T": [0.016732622264894206, -0.008926896255651517, 0.020032452241572858], "aligned_model": [[-0.39217690682392164, -0.275893764880775, 0.30109554269314626, 0.18725365982278802, -0.7084354480235362, -0.5963158370424495, 0.3025785045118686, 0.1018377925316696, 0.7132474095244418, -0.0942842774553397, -0.35770232661725987, 0.34377947953615445, -0.048246331341589274], [0.3184948587443228, -0.31006138832115243, -0.09210361117274996, 0.6706659819304128, -0.4167469881416112, -0.010581991823188086, -0.771451693135579, 0.05018917047636873, -0.0185031187093887, -0.5373450454180315, 0.6419618181883853, 0.3421224195485594, -0.07625297275463809], [-0.4488141469345424, -0.606977149610893, -0.7265819798443757, -0.2827118730896709, -0.12871711670954478, 0.3021386335772906, -0.09110905187580592, 0.7364337744516881, -0.24873038187652913, 0.37074946170727036, 0.27205114213308745, 0.22947396118482077, 0.04387016084629358]], "inverted": true, "swapped": true, "error_lsq": 0.04594243349224018, "error_max": 0.24996769262976548, "target": "307.xyz", "model": "9.xyz", "model_rescale": 3.833441315466971, "target_rescale": 4.017764962080637},
{"mapping": [13, 2, 10, 0, 5, 4, 8, 11, 1, 6, 12, 3, 7, 14], "R": [[0.8762060796639582, 0.45758853019625767, -0.151246960276054], [0.127717957000388, -0.5230828400565534, -0.8426579768197877], [-0.46470531460223774, 0.719025089597852, -0.5167706368489181]], "T": [0.0308919615146058, -0.023771379720973283, 0.009452001049174746], "aligned_model": [[-0.5535845408987775, -0.4842138173682785, 0.3999323211344576, -0.20364499788918636, -0.6323954506673106, -0.3847319304600325, 0.2924590363549417, 0.6897887364669262, -0.1639024061860507, 0.0778694947021697, 0.4283888750804242, -0.2418376785381874, 0.41615464511666644, 0.014476412804574079], [-0.26950617132340804, -0.5224242911679704, -0.226777038935007, 0.21647263725410867, 0.10046996204238826, 0.25303998358684, -0.7050594131591678, -0.1997105572651819, 0.6504312997786263, 0.5360344275596348, 0.4129460917302999, -0.42111026057504014, -0.3213976223093411, -0.09988495424917476], [-0.4739610436004097, 0.06104236249901597, -0.6964885480189436, -0.5830833891892202, -0.035814977034930986, 0.6311792962950591, -0.2643885423882938, -0.005959903637448083, -0.22101455657141975, 0.39108027248020166, -0.11010598130929274, 0.7319907245415173, 0.46432040084002063, 0.06380362604529627]], "inverted": false, "swapped": false, "error_lsq": 0.04716173468031708, "error_max": 0.2788069644468037, "target": "307.xyz", "model": "10.xyz", "model_rescale": 4.2482417240324, "target_rescale": 4.017764962080637},
{"mapping": [5, 11, 1, 6, 8, 3, 4, 2, 12, 10, 9, 13], "R": [[-0.26285563093945913, 0.7556767970722843, 0.5998829016149676], [-0.031932840768300996, -0.6282196132599129, 0.7773804803286689], [0.9643065959350716, 0.1851828714599149, 0.18926196964518638]], "T": [0.019594863102023182, 0.09667717823390201, -0.07382310301476863], "aligned_model": [[-0.6944249170055432, 0.017667711293594342, 0.3066788344153779, 0.7356285693622769, -0.5659540263515849, 0.10967539664760995, -0.2922194776007541, 0.5804872327591385, -0.06775047638340481, 0.00191378666080785, -0.3502144088641327, 0.09527737742962103], [-0.16010293903971048, -0.6725377876058476, -0.2558789775731526, -0.2586236564796469, 0.6024809515988152, 0.6897143200186383, 0.016929097726615702, 0.3738473115759231, -0.5378711503812817, 0.6151951468753969, 0.10654792237335178, 0.14643115096153758], [0.008746599899809387, 0.15751727182708286, 0.528456048208455, -0.26503350164114914, 0.09548758920249575, 0.23538151578676114, 0.5511898590695428, -0.22590656680962695, -0.4574599420080314, -0.5785952789002669, -0.44423461123776187, -0.04035669354295425]], "inverted": true, "swapped": true, "error_lsq": 0.04011674124865874, "error_max": 0.28909122359434086, "target": "307.xyz", "model": "11.xyz", "model_rescale": 3.6694154284099745, "target_rescale": 4.017764962080637},
{"mapping": [7, 9, 6, 5, 10, 2, 11, 4, 12, 1, 0, 8, 3, 13], "R": [[0.6595939140169931, -0.3854546644003016, -0.6452600795677621], [-0.686023198624649, 0.042022302846119325, -0.7263651265116703], [0.30709614054974593, 0.9217694005311524, -0.23671318658640617]], "T": [-0.04935485622416332, -0.034208470153010054, -0.0707398331263861], "aligned_model": [[-0.5852124568887842, -0.5376325609971493, 0.2311407128221354, -0.1254472260096437, -0.6681039793231885, -0.20571961385969761, 0.1584590695192612, 0.6527039115281484, -0.3444717502798823, 0.326224948345383, 0.47175809197582536, -0.1543098648144638, 0.38665541446869295, 0.04871400316569905], [-0.20443810493230347, -0.6681500001859335, -0.20866809946769332, 0.30496295071098395, 0.01878773042234451, 0.16451788661908068, -0.7419965936688846, -0.16718469801494762, 0.5778888227329437, 0.5040792097039318, 0.3976517663437139, -0.4822044557061121, -0.1302632035506272, 0.03854088196110973], [-0.5565832458865143, -0.004488143251865168, -0.5298050865909087, -0.7944410774297319, 0.0629378115910707, 0.5312331488968849, -0.10037078626762157, 0.12189832300060716, -0.06736001788271062, 0.4637315676195226, -0.3002521329640374, 0.5299946293536723, 0.6654105812901078, -0.06930583052732399]], "inverted": false, "swapped": false, "error_lsq": 0.04208258529233443, "error_max": 0.2627607024223122, "target": "307.xyz", "model": "12.xyz", "model_rescale": 3.9764082729961374, "target_rescale": 4.017764962080637},
{"mapping": [0, 7, 1, 9, 4, 6, 8, 10, 5, 13, 12, 3, 14, 15], "R": [[-0.1354935853314141, -0.6636831543169625, 0.7356399656149237], [0.9742958710783179, -0.22412069743490648, -0.022747935753237025], [0.17996956390951524, 0.713648781724721, 0.676990673797683]], "T": [0.007991128667143434, -0.028633973612902493, -0.020133912984535405], "aligned_model": [[-0.5329311625171342, -0.5416448624656611, 0.3540760207559021, -0.1173523127140601, -0.6938917825383586, -0.21923994909626557, 0.2929822217843166, 0.7650059855710465, -0.47255753973550346, 0.3758278929006019, 0.4564900015524365, -0.079736542226968, 0.13086948325238199, -0.06313875487039855], [-0.11472690409335354, -0.541982374198492, -0.1684473068950489, 0.2528165153065796, 0.03186612113298224, 0.42278648454225354, -0.6750513519488652, -0.2547728329108101, 0.6306643544150774, 0.31175300865804945, 0.35590776521496764, -0.7006668152986939, -0.07698696611650183, -0.0696356048405378], [-0.4966829825707648, -0.09366891003129543, -0.5339432721494336, -0.5364417383245388, 0.11973688193940987, 0.5527922715774031, -0.04416486131556435, -0.1682440804291435, -0.21306550135375907, 0.33102611231110207, -0.26135983834938503, 0.47898447254020776, 0.7681369400003005, 0.04949424710661324]], "inverted": false, "swapped": false, "error_lsq": 0.04766409018840941, "error_max": 0.30804135710854735, "target": "307.xyz", "model": "13.xyz", "model_rescale": 4.170626492500431, "target_rescale": 4.017764962080637},
{"mapping": [2, 2, 3, 1, 0, 8, 6, 11, 7, 10, 9, 4, 12, 13], "R": [[-0.5123188881711548, 0.20193639896458365, 0.8347161479187333], [0.5810504707643864, -0.6342095998193477, 0.5100573829692774], [0.6323841453164025, 0.7463242420491243, 0.20758231736408483]], "T": [-0.020682241769480452, -0.06308064514262875, 0.014784035258525272], "aligned_model": [[-0.45516040901287136, -0.45516040901287136, 0.1642813716827721, -0.1528255299590114, -0.5556336912608231, -0.28856823690247607, 0.3437941613105259, 0.66872361968564, -0.3526272373942844, 0.2465834079606106, 0.49996705610681896, -0.35665058657257126, 0.2808226718172479, 0.06721251120362991], [-0.5057767411847783, -0.5057767411847783, -0.2768064906479076, 0.4372898354667029, 0.11756086966234795, 0.2338134848248235, -0.8090227074257739, -0.15796198213084678, 0.6685632021253286, 0.36664001712078537, 0.46237226867198483, -0.4248283874893671, -0.08828433296115905, -0.11425820187975566], [-0.20471780066593415, -0.20471780066593415, -0.6141701197413626, -0.5535310212168345, -0.17771011100041262, 0.6406013105133698, -0.1201850661859034, -0.10921895347076803, 0.12405252807964345, 0.2642585427198576, -0.31556423921634974, 0.5240256015022187, 0.6812415975905753, 0.01823527270898646]], "inverted": false, "swapped": false, "error_lsq": 0.05670287774667125, "error_max": 0.4599204122842237, "target": "307.xyz", "model": "14.xyz", "model_rescale": 3.9786697098870705, "target_rescale": 4.017764962080637},
{"mapping": [3, 1, 8, 10, 4, 5, 6, 12, 9, 2, 11, 13], "R": [[0.3645303645779836, 0.9247195509605779, 0.10959637481189777], [-0.4723593782275172, 0.08219943249100545, 0.8775647389786525], [0.8024925115545666, -0.3716678697028091, 0.466764141220617]], "T": [0.06162508539781313, -0.05694721235036434, -0.015683370916741116], "aligned_model": [[0.13422188955829195, -0.636569471533479, 0.6177989072611761, 0.6108743602485676, -0.11001849223355847, 0.3639416916279722, -0.49354277047423095, 0.006591896497184217, 0.5152503137078419, -0.0901666331254285, -0.45309665419587947, 0.018069559428878924], [-0.4192609842189302, 0.13120792146833066, 0.08023467151009747, -0.5175271213312477, 0.3881473372063908, 0.6403738146099277, -0.39030380890003, 0.3098102862180776, 0.09868596802894564, -0.6773566515759596, 0.5044976874652687, -0.13383463025643175], [-0.580372210091312, -0.23149632666742775, -0.5626960583418342, 0.08511263761278674, -0.5320732104746876, -0.08586945078897741, 0.49044546597665306, 0.6323276623798669, 0.19422965881636683, 0.06558356592594643, 0.23937525347883787, -0.05460049395238888]], "inverted": false, "swapped": true, "error_lsq": 0.05159623092107218, "error_max": 0.2794259641883239, "target": "307.xyz", "model": "15.xyz", "model_rescale": 3.769337070930944, "target_rescale": 4.017764962080637},
{"mapping": [9, 11, 10, 7, 8, 4, 3, 1, 2, 6, 13], "R": [[-0.7616235319136775, 0.279981705818938, -0.5844140997974411], [0.6408492079512995, 0.4592141278685772, -0.6151704458392767], [0.09613474035710423, -0.8430496006597833, -0.529174340386845]], "T": [-0.02583584431277758, 0.028297571218972126, -0.08572645363664366], "aligned_model": [[-0.2910354423806526, -0.30827213189178565, -0.11097789831288479, -0.6292379974558826, 0.45074944470278805, 0.4406861622800887, 0.5732225352982276, 0.22071623497575985, -0.012858473073719012, -0.43658973873745116, 0.026223435286682487], [0.18291031119743567, -0.7132755702662958, 0.7291852488465997, 0.3571368662948172, 0.21561170626590248, -0.46049068089056855, 0.33090253612392595, -0.5478341745919604, 0.44251791038713245, -0.0028460671699538087, 0.062246411428307266], [-0.5097843370287896, 0.038823800896082394, -0.24533769323710755, 0.09018476226749406, -0.6900036637771534, -0.2798202560883829, -0.015197428540765723, 0.3346751510796179, 0.4070270461696872, 0.625480745563887, -0.011830520080792495]], "inverted": false, "swapped": true, "error_lsq": 0.03573422238834648, "error_max": 0.21321986944837365, "target": "307.xyz", "model": "16.xyz", "model_rescale": 3.7852294659196426, "target_rescale": 4.017764962080637},
{"mapping": [2, 12, 11, 6, 10, 9, 8, 5, 1, 0, 3, 4, 13], "R": [[0.767992070934437, 0.6289122048003841, 0.121068648439449], [0.5266119846051169, -0.7276762106272122, 0.43950784993840736], [0.3645106262540164, -0.2737823426379818, -0.8900422642816261]], "T": [-0.09403113123558693, 0.04603313702838705, -0.005357265834839771], "aligned_model": [[-0.12400316656915866, -0.25529032618336855, 0.3592532850113938, 0.10111834496624159, -0.7131059394205003, -0.5511482173434461, -0.31229143855122266, -0.18484890815195948, 0.6500408088895869, 0.5484215410365232, 0.01618930053134826, 0.3740208094764801, -0.05459024347563488], [-0.044797338629494025, -0.5881169960077641, -0.4491184407049497, -0.6231161335827231, 0.22871746978307428, 0.041796147386082595, 0.7674710603665172, 0.1861198563928018, -0.07678787983536284, 0.3509727947028307, 0.6126011734798866, 0.40124401279085314, 0.06806989756112224], [-0.6420710279807322, 0.35423569116781856, 0.4357457829799804, -0.44085732756912976, -0.33298704203534085, 0.24976433684331137, 0.23807820941410185, 0.7394285243793621, 0.021571739263315123, -0.46206150365476606, -0.3550244888353224, 0.38062428388177416, -0.09069248071119813]], "inverted": true, "swapped": true, "error_lsq": 0.04876606529378645, "error_max": 0.23947250182040736, "target": "307.xyz", "model": "17.xyz", "model_rescale": 3.901054581598922, "target_rescale": 4.017764962080637},
{"mapping": [1, 4, 7, 0, 8, 5, 11, 12, 2, 13, 3, 10, 9, 14], "R": [[0.7125113063574637, 0.6813177198395995, 0.1677313415714234], [-0.48296634173456365, 0.6496242814087168, -0.5871386597352806], [-0.5089903251185757, 0.33733434102797427, 0.7919181720979191]], "T": [-0.06983199562974252, -0.10253452939521454, -0.01377242056294462], "aligned_model": [[-0.3974604343915084, -0.7365775542863847, 0.24618334751214288, -0.137299674677245, -0.6870040814903057, -0.19839400528910392, 0.45704824010946343, 0.6669908247226674, -0.2295555624025301, 0.3163756265865585, 0.3644958941018963, -0.23460243122808108, 0.24315101215170892, -0.01859250176694241], [-0.27586374112185685, -0.5246553873756564, -0.25861094737242724, 0.2985355905863889, 0.12048345987090175, 0.2041637235782758, -0.6896337392412769, -0.08716997610834916, 0.7078498585102713, 0.4079804080196131, 0.4463519826266962, -0.6787278754606915, -0.15578419613490183, -0.1113950674093804], [-0.6039437007118391, 0.03950338238084863, -0.5754230935328638, -0.6541593267699429, 0.08512067847886325, 0.5148995366004514, 0.10640546389257452, -0.10774670421238972, 0.025004222465281854, 0.3293316008634215, -0.3195317550638839, 0.5459647317071763, 0.5636318842066702, 0.003542820646783922]], "inverted": false, "swapped": false, "error_lsq": 0.0412677795825799, "error_max": 0.2463570154993963, "target": "307.xyz", "model": "18.xyz", "model_rescale": 3.9405287249114394, "target_rescale": 4.017764962080637},
{"mapping": [4, 7, 1, 12, 13, 11, 6, 2, 14, 10, 3, 9, 5, 15], "R": [[-0.570633676256236, 0.651902881615121, 0.4993994798397318], [-0.41093107775115356, 0.2998392245655235, -0.8609483659025208], [-0.7109942734372539, -0.6965048975806609, 0.09678879473154056]], "T": [-0.09897868667762708, -0.10181690815042341, -0.1050527511005176], "aligned_model": [[-0.5173727124736304, -0.6183741493975382, 0.4177619507385595, -0.24834753568978588, -0.6499559669002658, -0.1567508956182515, 0.47520093233162297, 0.6981605484309487, -0.22696993132697, 0.3501461032969948, 0.347126932317369, -0.4177948409381316, 0.267565352796589, -0.06563708791517492], [-0.4362214181315689, -0.5535718230218286, -0.12935295419020643, 0.18779610666154076, 0.19933514039919428, 0.1929122221372351, -0.5797801394953256, -0.10725811929016008, 0.6546522574512691, 0.4367928266341322, 0.5205027050329922, -0.37552987326727294, -0.5144844157281768, -0.09226842222421786], [-0.6028329149264393, 0.04249859296940803, -0.5146138622800904, -0.5454529223149491, 0.1338223746551779, 0.5499360377606486, -0.09270891907996424, 0.2411620898362828, 0.00035884628409892094, 0.25003950954745585, -0.4780630332943203, 0.5371678647831672, 0.5167298781794878, -0.08544380116881181]], "inverted": true, "swapped": false, "error_lsq": 0.046698998309124606, "error_max": 0.27887383284381434, "target": "307.xyz", "model": "19.xyz", "model_rescale": 4.410303926677745, "target_rescale": 4.017764962080637},
{"mapping": [0, 2, 6, 3, 1, 8, 4, 11, 5, 9, 10, 7, 12, 13], "R": [[-0.17589195507601402, 0.7144919924466223, 0.6771729563923781], [-0.4874326340040652, -0.6608627179484355, 0.5706749471754176], [0.8552610405293792, -0.22969906563907155, 0.46450714934986853]], "T": [-0.05607621392809613, -0.07980749216916852, -0.05286258471127763], "aligned_model": [[-0.5287375154724819, -0.3382339173959301, 0.24957280953241096, -0.19109807663882977, -0.7770951330268703, -0.15567232350864496, 0.3003682956473813, 0.7666233883916453, -0.25639753230880435, 0.38300872737620834, 0.3593239051363789, -0.38111633737427997, 0.2736886638956915, -0.04947625460153928], [-0.29333978971696406, -0.6788649563387357, -0.2578316272564662, 0.17273508495460063, -0.042870174894284435, 0.42403225584700543, -0.6816250910298429, -0.1812748222818785, 0.7310014018544149, 0.21969998194280652, 0.6258086970991259, -0.2824804747762323, -0.3360136357717767, -0.01545275666416615], [-0.5469826353559264, -0.041641499622142024, -0.5126363388149634, -0.7191613458028887, 0.15180114941512995, 0.5192245630928821, -0.1293889482006779, -0.05461465674683424, -0.09199095987367145, 0.38458045622030973, -0.1212917271210881, 0.5472421938340688, 0.5766518905970441, -0.009192400670090306]], "inverted": false, "swapped": false, "error_lsq": 0.0447519502762086, "error_max": 0.29598585117924836, "target": "307.xyz", "model": "20.xyz", "model_rescale": 4.121658175737393, "target_rescale": 4.017764962080637},
{"mapping": [8, 3, 0, 4, 1, 9, 2, 5, 7, 12, 6, 11, 13], "R": [[0.9270956937612952, 0.24481488110778946, -0.283829611910812], [-0.030871996887489282, 0.8045336572422174, 0.5931041343412146], [0.37355119383752766, -0.5411019020042728, 0.7534376133628561]], "T": [-0.017235042407357695, -0.0856172082017343, 0.061515972447247484], "aligned_model": [[0.062407153170258675, -0.003635374987974574, 0.3344480117576271, 0.6399037298692146, 0.5928758370520194, -0.2645977809082617, -0.392332575397897, 0.3231205101155411, -0.597398951483735, -0.08060732507752992, -0.20695746597818765, 0.4988844445635426, -0.025027308030322874], [-0.6374446649405765, 0.047780497270101585, 0.5131848524344276, -0.24053276451675515, 0.34809138036285525, -0.5311921641352164, 0.4122768309541328, -0.7493065225856614, 0.03538146668307221, -0.2317849538138101, 0.5814287694946032, -0.0005811300291131416, -0.006474693014876617], [0.6241123182071053, 0.7229047775907863, 0.5432498339993878, 0.25747246396604345, -0.033955492144426246, -0.05821559770969178, 0.22262549927206624, -0.10051063861011666, -0.32828314962195876, -0.6679200822160424, -0.37957294582813506, -0.5480767499468301, 0.11627950252360084]], "inverted": true, "swapped": true, "error_lsq": 0.05081238285033313, "error_max": 0.2509738092844686, "target": "307.xyz", "model": "21.xyz", "model_rescale": 4.08911054899281, "target_rescale": 4.017764962080637},
{"mapping": [8, 11, 10, 6, 1, 2, 9, 12, 0, 13, 7, 15, 14, 16], "R": [[-0.9550959737996483, -0.27028943168974584, 0.12138906025065149], [-0.15609734974906248, 0.807228869076571, 0.5692233044514953], [-0.2518437972891549, 0.5247143756808984, -0.8131725067418256]], "T": [-0.027424517391640507, -0.047526194679628084, 0.036471988908820294], "aligned_model": [[-0.5437960546720424, -0.5626151962258338, 0.4566521652166221, -0.1655187880652911, -0.8077215502231512, -0.3819962269133059, 0.3740388775042508, 0.7074482346419786, -0.25211732568525974, 0.4427400848396845, 0.39264358667988175, -0.3201972934805274, 0.33351512631744895, -0.01831694028211877], [-0.17559307234941163, -0.5917656495214187, -0.22084063488008104, 0.2519074267599613, 0.06883617851302863, 0.1418861444355093, -0.6300713549691224, -0.10065263609387615, 0.6718148674127907, 0.38553275828325123, 0.3686726297767761, -0.46024944821425184, -0.30504674678151666, -0.0009063694040320064], [-0.4081866761261259, -0.020689041006268907, -0.5854341771547747, -0.6319841482535624, 0.12361967921299824, 0.6361850019167663, -0.04728892288463908, 0.08239720611329954, -0.14280705746345518, 0.20420736411510432, -0.358645100663749, 0.5613059011774301, 0.5003990573057374, 0.03952065466239117]], "inverted": true, "swapped": false, "error_lsq": 0.04018035026320892, "error_max": 0.25422139597833227, "target": "307.xyz", "model": "22.xyz", "model_rescale": 4.204369325754507, "target_rescale": 4.017764962080637},
{"mapping": [4, 7, 1, 12, 13, 11, 6, 2, 14, 10, 3, 9, 5, 15], "R": [[-0.570633676256236, 0.651902881615121, 0.4993994798397318], [-0.41093107775115356, 0.2998392245655235, -0.8609483659025208], [-0.7109942734372539, -0.6965048975806609, 0.09678879473154056]], "T": [-0.09897868667762708, -0.10181690815042341, -0.1050527511005176], "aligned_model": [[-0.5173727124736304, -0.6183741493975382, 0.4177619507385595, -0.24834753568978588, -0.6499559669002658, -0.1567508956182515, 0.47520093233162297, 0.6981605484309487, -0.22696993132697, 0.3501461032969948, 0.347126932317369, -0.4177948409381316, 0.267565352796589, -0.06563708791517492], [-0.4362214181315689, -0.5535718230218286, -0.12935295419020643, 0.18779610666154076, 0.19933514039919428, 0.1929122221372351, -0.5797801394953256, -0.10725811929016008, 0.6546522574512691, 0.4367928266341322, 0.5205027050329922, -0.37552987326727294, -0.5144844157281768, -0.09226842222421786], [-0.6028329149264393, 0.04249859296940803, -0.5146138622800904, -0.5454529223149491, 0.1338223746551779, 0.5499360377606486, -0.09270891907996424, 0.2411620898362828, 0.00035884628409892094, 0.25003950954745585, -0.4780630332943203, 0.5371678647831672, 0.5167298781794878, -0.08544380116881181]], "inverted": true, "swapped": false, "error_lsq": 0.046698998309124606, "error_max": 0.27887383284381434, "target": "307.xyz", "model": "23.xyz", "model_rescale": 4.410303926677745, "target_rescale": 4.017764962080637},
{"mapping": [12, 6, 7, 0, 5, 4, 14, 11, 2, 10, 1, 15, 9, 16], "R": [[-0.9974697581775378, 0.02257214662417208, 0.06741349804024056], [0.06067894733724666, 0.7644026089246092, 0.6418774936226498], [-0.03704250087788739, 0.6443439684407918, -0.7638381395706055]], "T": [0.03987282674433319, -0.08545255365906199, 0.01995202236454364], "aligned_model": [[-0.5354385020361633, -0.43866199314015686, 0.2840702028225344, -0.26155058765962985, -0.5818214756521343, -0.27569650636001236, 0.20393384812102583, 0.6506563491726665, -0.5147340916544157, 0.41540992768141727, 0.5864745588993197, -0.23846415878560928, 0.31101921671851834, 0.049561911524976174], [-0.17871866622040375, -0.6687922426812105, -0.09070346897027329, 0.3403483813357008, -0.04875979448987134, 0.40860395538198224, -0.7281452621975568, -0.2516574869762045, 0.6295241673364755, 0.2771007044386933, 0.45665625289253287, -0.5010154326053393, -0.2723100495419988, 0.03139303526508025], [-0.5336671084539392, -0.07287751565789384, -0.5983286308077952, -0.5261462289536694, 0.10799672249041084, 0.38079621986452505, 0.15478545171693114, 0.013557064831863013, -0.09884783317868671, 0.4089391264413854, -0.359099343329753, 0.5290200010891296, 0.5528534157430086, -0.006381600844364451]], "inverted": true, "swapped": false, "error_lsq": 0.04568805687138107, "error_max": 0.314158120554827, "target": "307.xyz", "model": "24.xyz", "model_rescale": 4.28219845311461, "target_rescale": 4.017764962080637},
{"mapping": [2, 0, 14, 13, 4, 3, 10, 11, 7, 9, 12, 1, 5, 15], "R": [[0.3422132888468198, 0.165514303280747, -0.9249297704940265], [-0.8489141183908442, 0.47642437354090844, -0.22883320539827556], [0.4027839179179571, 0.8634957045090856, 0.3035461806068702]], "T": [-0.02855809596352278, -0.07162995265544818, -0.007534811689931316], "aligned_model": [[-0.3657057750982011, -0.677416827640402, 0.3076105727144812, -0.10502357364968919, -0.7387440187811265, -0.35847948788015616, 0.5030601194393053, 0.5148320613333043, -0.30192684649621226, 0.2858037297023523, 0.5046313377066346, -0.24850966983332795, 0.4252151152225905, -0.09058803708721666], [-0.2586973933784057, -0.5646086636122134, -0.35845885643394976, 0.3222561327434219, 0.0866504224750222, 0.20738510159684748, -0.6473007272230511, -0.08335702781659118, 0.6554545540030278, 0.44690885537128794, 0.2791314477637975, -0.3238567558255097, -0.24624229955451826, -0.11174069714155892], [-0.5733238531739302, -0.04637433931172622, -0.6279092397985621, -0.4456252582741784, 0.06479672296804737, 0.6353865050481314, -0.13279474618028186, -0.04019493890476467, 0.03898026285179274, 0.2910750190476038, -0.4283618165642037, 0.5382493432298301, 0.6916655044101, -0.01296942439670612]], "inverted": true, "swapped": false, "error_lsq": 0.04378597886944998, "error_max": 0.21466455873458798, "target": "307.xyz", "model": "25.xyz", "model_rescale": 4.100010024507729, "target_rescale": 4.017764962080637},
{"mapping": [5, 11, 1, 6, 8, 3, 4, 2, 12, 10, 9, 13], "R": [[-0.26285563093945913, 0.7556767970722843, 0.5998829016149676], [-0.031932840768300996, -0.6282196132599129, 0.7773804803286689], [0.9643065959350716, 0.1851828714599149, 0.18926196964518638]], "T": [0.019594863102023182, 0.09667717823390201, -0.07382310301476863], "aligned_model": [[-0.6944249170055432, 0.017667711293594342, 0.3066788344153779, 0.7356285693622769, -0.5659540263515849, 0.10967539664760995, -0.2922194776007541, 0.5804872327591385, -0.06775047638340481, 0.00191378666080785, -0.3502144088641327, 0.09527737742962103], [-0.16010293903971048, -0.6725377876058476, -0.2558789775731526, -0.2586236564796469, 0.6024809515988152, 0.6897143200186383, 0.016929097726615702, 0.3738473115759231, -0.5378711503812817, 0.6151951468753969, 0.10654792237335178, 0.14643115096153758], [0.008746599899809387, 0.15751727182708286, 0.528456048208455, -0.26503350164114914, 0.09548758920249575, 0.23538151578676114, 0.5511898590695428, -0.22590656680962695, -0.4574599420080314, -0.5785952789002669, -0.44423461123776187, -0.04035669354295425]], "inverted": true, "swapped": true, "error_lsq": 0.04011674124865874, "error_max": 0.28909122359434086, "target": "307.xyz", "model": "26.xyz", "model_rescale": 3.6694154284099745, "target_rescale": 4.017764962080637},
{"mapping": [8, 10, 5, 7, 9, 12, 4, 0, 3, 6, 1, 11, 2, 13], "R": [[-0.5826074403053495, -0.5653320797028719, -0.5839248326280315], [0.8069244606645233, -0.31644803273383815, -0.4987319494078478], [0.09716730562342984, -0.7617481750799996, 0.640545261851318]], "T": [-0.05588123602922781, -0.077973008577393, -0.057148219807209466], "aligned_model": [[-0.3418943540391599, -0.3368508391639365, 0.39285860663884603, -0.23058455543043133, -0.7285637669045776, -0.27467488546856766, 0.20374462118137146, 0.5809742931479908, -0.3678528594206971, 0.27407578339132144, 0.6131367761627011, -0.38496511651535426, 0.28138810634033895, -0.026033110267508944], [-0.4319648909821373, -0.5885511190295781, -0.0016787872234601264, 0.3275217974914111, 0.014789214377458615, 0.2959443561834785, -0.8508446417665155, -0.24971879309059983, 0.6670427777120447, 0.40154525665260443, 0.4678325018814651, -0.2726374282787779, -0.2799047584055442, -0.09585139255424249], [-0.5057498648641927, 0.09203889469681614, -0.7042882704232871, -0.5056805343173991, 0.004145483931113747, 0.607718651568369, -0.1610444322895041, -0.10018034259344527, -0.035784589227066926, 0.3066938207135537, -0.24196677355994994, 0.7109566119388926, 0.49747111389134085, -0.011730028514088865]], "inverted": false, "swapped": false, "error_lsq": 0.04891089913392842, "error_max": 0.3262327295567783, "target": "307.xyz", "model": "27.xyz", "model_rescale": 4.103607728864725, "target_rescale": 4.017764962080637},
