[{"mapping": [3, 5, 7, 8, 4, 12, 14, 13, 15, 0, 11, 16], "R": [[-0.06686063839409062, 0.7300480281298585, -0.6801172925733034], [0.8372207123969844, -0.32975028126894784, -0.4362639461799887], [-0.5427625021747735, -0.5985771701516485, -0.5891640158786209]], "T": [-0.029942403162104912, -0.033114518282048463, -0.12376193093949876], "aligned_model": [[-0.03383463318087706, 0.07273819449558117, 0.4889115869389053, -0.26864873024219266, -0.1599583289649774, -0.4983642018115844, 0.29557790267760836, -0.2975297106449925, 0.6110067687068566, 0.13600715778971054, -0.5452828412077244, 0.03701929790423531], [-0.2983635674075674, -0.8057661636995503, -0.4686837687765679, 0.7189141718469936, 0.4165662465046824, -0.565751181967647, -0.3418703411829124, -0.43886056903365106, 0.17447241196936603, 0.46663730824312466, 0.12933547930093842, 0.06692501017984788], [-0.4489471039290985, -0.0624938237645042, -0.5145266465881841, 0.048502726298647866, -0.6085067741537502, 0.06877853409159597, 0.5132723555059243, 0.49880803405255686, -0.19561647767269613, 0.4701757606950658, 0.4217467623217069, -0.009241601503701805]], "inverted": true, "swapped": true, "error_lsq": 0.046818899569016637, "error_max": 0.23465798351807615, "target": "308.xyz", "model": "0.xyz", "model_rescale": 3.751011558992144, "target_rescale": 4.1964379345691105},
{"mapping": [10, 12, 4, 8, 5, 15, 13, 11, 3, 15, 9, 2, 0, 1, 16], "R": [[0.317047571341339, 0.8562989375747405, 0.40771677303604964], [-0.8220846678373934, 0.03375995860856376, 0.5683634964540133], [0.47292455678812206, -0.5153759741228913, 0.7146537405510724]], "T": [-0.10041152958629819, -0.04004134903559918, -0.08320830294873507], "aligned_model": [[0.07610679300253213, 0.1269119274018698, -0.4186638387270542, 0.2833745208957783, -0.22779877028102996, -0.3357925462663962, 0.4837429290700169, 0.6040835970690235, -0.45155916826104275, -0.3357925462663962, -0.1823237778618092, 0.6953668729013938, 0.49203841556997907, -0.27372605393407073, 0.0031178567762402964], [0.15259803000113004, -0.7059620417775506, 0.3902331956615789, 0.583429450778736, -0.7460831858068168, 0.35989971130972953, -0.5632953147018797, -0.09403522543215738, -0.2628871442710386, 0.35989971130972953, -0.20374009889265848, 0.011808685001845745, 0.43021284696437484, 0.7718299097632868, 0.06484881991879594], [-0.6233815167296409, -0.29549656100263055, -0.49268819026504673, -0.42408277065332445, 0.2275408996173007, 0.4104658564453372, 0.010573582205761753, -0.3837358076032794, -0.13935713773470845, 0.4104658564453372, 0.6898455029080997, 0.3169549736361429, 0.1574515816774411, -0.008404446485296063, -0.006485417609518221]], "inverted": false, "swapped": true, "error_lsq": 0.045641161115127844, "error_max": 0.3188850947044463, "target": "308.xyz", "model": "1.xyz", "model_rescale": 3.9405287249114394, "target_rescale": 4.1964379345691105},
{"mapping": [5, 14, 13, 1, 0, 12, 3, 15, 8, 10, 4, 6, 16], "R": [[0.32162495133604646, 0.4489318144884194, -0.8336771657051796], [-0.8332778598851256, 0.5523313846851883, -0.02404266451556375], [0.44967254630825654, 0.7024174452787162, 0.5517284963320012]], "T": [-0.03477087650846294, 0.011701808955821805, 0.08134755076085909], "aligned_model": [[-0.31686147285471317, 0.1302626482369449, -0.43538725130636, 0.6281608010871186, 0.38093286026078005, -0.6928898773404986, -0.18237122323755695, 0.622155154537701, 0.1297192995494577, -0.28598146558832827, 0.046549632438746276, -0.6060053368389627, 0.07769951033960248], [0.7404775367565598, 0.5213394334095391, 0.321786144457902, -0.4619531179623787, -0.26317660312033475, 0.2782258653738285, 0.19625955973450504, 0.12613021265201577, -0.7320796017311803, -0.5322587008772603, -0.5068324569141869, -0.20120622774069946, -0.02787945046629272], [0.1058115095582606, -0.4844613721517069, -0.5246065822035899, 0.25724832734188297, -0.5364593674993049, -0.10848641806680684, 0.42814746212438815, 0.20145408921077762, -0.18685977314274393, 0.0488521183448485, 0.5039628417142087, 0.44288693946310975, -0.03436942510467984]], "inverted": true, "swapped": true, "error_lsq": 0.051821745747070005, "error_max": 0.27483401473408114, "target": "308.xyz", "model": "2.xyz", "model_rescale": 3.932901565614263, "target_rescale": 4.1964379345691105},
{"mapping": [14, 9, 5, 0, 12, 6, 3, 11, 8, 10, 15, 1, 4, 16], "R": [[-0.2653131546724459, -0.9523513920060267, 0.1504518398090845], [-0.20921152773121654, 0.209190755836711, 0.9552328325266235], [-0.9411904518332755, 0.22195957698790375, -0.25474394901788266]], "T": [0.07879371752083997, -0.17495208059076756, 0.004298265830443914], "aligned_model": [[-0.05764916884638838, 0.4685707854072348, 0.14085288154481157, -0.17638092559790663, -0.39292680661320745, -0.09654514752484561, 0.2861043316308213, -0.6685324877048553, -0.23485834198353855, -0.2723110036891999, 0.6181212942612125, 0.4798493904903489, 0.2687530125587093, 0.056762098119507234], [0.14416110398569315, 0.03362266886706686, -0.6007882111134639, 0.576656261464827, -0.6425808688213561, -0.7674759146712351, -0.5389309213376725, -0.003114696740754208, 0.3057132462046764, -0.20428564126639576, 0.23051369080026307, 0.3597457232890929, -0.21902752881974372, -0.010712273490510044], [-0.6933093774658783, -0.6557695300136922, -0.6484650154290201, -0.0005933700107430169, -0.31033754134226155, 0.3514598403073943, -0.021378903302240005, 0.0432977493892895, 0.5724410319411597, 0.490015021166033, -0.0573014388326496, 0.502315422021286, 0.6493310675517957, -0.00780859292337659]], "inverted": false, "swapped": true, "error_lsq": 0.05639313223133038, "error_max": 0.3985850377086467, "target": "308.xyz", "model": "3.xyz", "model_rescale": 3.9243930471874484, "target_rescale": 4.1964379345691105},
{"mapping": [10, 4, 8, 11, 0, 6, 12, 1, 15, 7, 14, 5, 16], "R": [[-0.12501501386289898, 0.5305519771606667, 0.8383828754452028], [-0.11923681759129244, -0.8469217905994909, 0.5181757056621361], [0.9849638712356712, -0.03518636296435347, 0.16913926871599255]], "T": [-0.06865717291901745, -0.04174758589714176, -0.060384124097376715], "aligned_model": [[0.03591244713376089, -0.1616246869093086, 0.5031310144952769, 0.3519277076430054, 0.7245206952126456, -0.5561923830166671, -0.3509643734330394, 0.3050150502946621, 0.12373062266669212, -0.5498140322209778, 0.26262978089935146, -0.5038220860868847, 0.0927561296328356], [-0.4743833989377873, -0.01683307968033603, -0.2823903365688598, -0.6756242479790551, -0.016894563044455448, -0.4776038710888839, -0.5688341739644873, 0.4054874993783032, 0.6041379999849429, 0.5415600309778974, 0.08756141649094853, 0.004768920125358102, -0.003122642011997759], [-0.46281076000546384, -0.7273404966786753, -0.5774453475335088, 0.04379955376932275, -0.04293926236860139, -0.3336753385850307, 0.3670208370857955, -0.6563021807566763, -0.130312633851078, 0.13928409785676982, 0.6328939196392916, 0.5875011776911268, -0.052603250892308315]], "inverted": false, "swapped": true, "error_lsq": 0.041450764857585524, "error_max": 0.22069858892959052, "target": "308.xyz", "model": "4.xyz", "model_rescale": 3.8936222436046832, "target_rescale": 4.1964379345691105},
{"mapping": [6, 3, 12, 10, 13, 9, 15, 0, 8, 4, 11, 16], "R": [[0.8448548606270064, -0.5348930435076202, 0.010473608837307288], [-0.4702537018227823, -0.7518086432084973, -0.4622177191745992], [0.25511119222192435, 0.3855816333854012, -0.8867046202648066]], "T": [-0.17082619262529714, -0.14142530352090776, 0.002706070151160714], "aligned_model": [[0.03255870976108419, -0.35524425370062684, -0.4542070964105489, 0.3668973997277722, -0.49601426864995113, -0.8295013921214585, -0.26900157535473773, 0.10731291123502917, 0.5738111600093208, 0.35361888870545705, 0.1271567665898684, -0.1298392075761117], [-0.43930905942252074, -0.47334208336621963, 0.11216271255168897, -0.0764461986799543, 0.4988553025460587, -0.07793132721358714, -0.33022074244924127, 0.4334080953168121, 0.11744827209236575, -0.563783463564016, 0.5055640045489002, -0.03748260725047921], [-0.6074162288950814, -0.17600832282019918, -0.6262462405217133, -0.255531811679917, -0.32610945083678616, 0.44229062449017215, 0.645970500135232, 0.47414888632719676, 0.17792781083750175, 0.028502107004623342, -0.28392347208765967, 0.12568031732214863]], "inverted": true, "swapped": true, "error_lsq": 0.0457072929753452, "error_max": 0.20960768889025447, "target": "308.xyz", "model": "5.xyz", "model_rescale": 3.6523030999806103, "target_rescale": 4.1964379345691105},
{"mapping": [1, 15, 7, 4, 3, 0, 9, 10, 2, 13, 5, 6, 16], "R": [[-0.5340608076752955, -0.21772575477947503, -0.816929953797092], [0.659393517715926, -0.7120188470205946, -0.24130758438490843], [-0.5291306478549771, -0.6675512393765521, 0.5238283118612446]], "T": [0.1458436468979727, -0.05960533001165009, -0.032466683947295336], "aligned_model": [[0.1845739701448284, -0.06257330173899481, 0.26553595844367345, 0.6475698350606263, 0.4356584367667689, -0.45187923082957726, -0.35222381628335125, 0.4091509773904204, -0.6938003751104331, -0.30738999482641427, 0.031585102705838336, 0.7593294552894165, 0.01554588765149334], [-0.5062008161669418, 0.02656305444120425, 0.6186469290877925, -0.4107259564017984, 0.2439156474000876, -0.5641093941123431, 0.4878301210426886, -0.5566857587030406, -0.2905621456414454, 0.06435865159386484, 0.6578468554917846, -0.0838639499319597, -0.14618633393671085], [0.6702572419028906, 0.6064453878267375, 0.3380393505507189, 0.24874432586478457, -0.03237672220148967, 0.10264858975084058, 0.2562586404028607, -0.24135911217902284, -0.2267324952533118, -0.6673197247452665, -0.32142169403356824, -0.38657973454568834, 0.023505686141303217]], "inverted": false, "swapped": true, "error_lsq": 0.042595016405277304, "error_max": 0.23429369432728847, "target": "308.xyz", "model": "6.xyz", "model_rescale": 4.08911054899281, "target_rescale": 4.1964379345691105},
{"mapping": [4, 10, 6, 1, 15, 9, 3, 5, 0, 8, 2, 11, 13, 12, 16], "R": [[-0.3278704844182909, -0.024559710563482273, 0.944403391599349], [-0.8718670252926896, 0.392820308985401, -0.29247238340720466], [-0.36379779501062415, -0.9192872377367436, -0.15020698678741884]], "T": [0.06400871286323569, -0.035139660264406354, -0.16205977026949972], "aligned_model": [[0.018258239638791043, 0.15058971418524164, 0.6586887194356794, -0.584692358580868, -0.45980955446386224, -0.19450097635103392, 0.3647276199264623, 0.5003549651582105, -0.5970019006619743, -0.3564676537198937, -0.3978069587674544, 0.08431976120555357, 0.28361467436401744, 0.6543179217204844, -0.08825867328979912], [-0.6339182788336735, -0.5782701063593595, -0.4176732662453935, -0.441510191620219, 0.13211003407414493, 0.6891301913997913, 0.023418942144533696, 0.6113518000643903, -0.06687430611507084, -0.6446924397356723, 0.3124681982057637, -0.2104968887446383, 0.37175610229780687, 0.17889071711294832, -0.024931691476239297], [-0.4677811374461921, 0.07787521714667334, -0.21077424881974935, -0.4919361005938372, -0.5579299673986147, -0.3613711006667266, -0.4488639426021158, -0.2162666986881923, 0.2762449268297902, 0.16019479941501027, 0.5176294248695501, 0.5851903933024323, 0.4782801755552981, 0.21993324422757884, -0.09635495304882465]], "inverted": true, "swapped": true, "error_lsq": 0.04988200223396058, "error_max": 0.2982802339782153, "target": "308.xyz", "model": "7.xyz", "model_rescale": 3.964800864290218, "target_rescale": 4.1964379345691105},
{"mapping": [5, 14, 12, 7, 6, 15, 3, 11, 0, 8, 1, 4, 10, 16], "R": [[0.1852163297687921, 0.9805354000765992, -0.06515550923445934], [-0.4049629959068032, 0.015747273137472498, -0.9141974597071033], [-0.8953769503025889, 0.1957098683903228, 0.3999972053420848]], "T": [-0.01746513112641092, -0.000268268770224624, 0.01348607839613089], "aligned_model": [[-0.162526745402317, 0.10942306682503712, 0.38329340736668793, -0.7199899058506044, 0.11570340815169088, -0.5143556879381492, -0.26271410474796375, 0.7446786164421859, 0.31383392602852134, 0.3780066918945904, -0.3300996729773677, -0.17199215372771165, 0.3571430512173721, 0.020783992178900566], [-0.07177747709931734, -0.6754928605146417, 0.1939160448127385, -0.026428164228669733, 0.6873032778164851, -0.381023998975751, 0.26034208049739427, -0.0774183796077024, -0.5819849225262371, -0.012723291522738935, -0.13068872939466453, 0.4241018097750091, 0.3385441244498074, -0.13572104730050938], [-0.7514526200930577, -0.35404275818736597, -0.5712169862526855, -0.32915323456199863, -0.09542158346995785, 0.2727081817822493, -0.2057233900147283, 0.06573807991924185, 0.4399832013766999, 0.7175101426889111, 0.7750756193219083, 0.5136119924676332, 0.33741604208153086, 0.10178235166664125]], "inverted": false, "swapped": true, "error_lsq": 0.05081046597309279, "error_max": 0.31530900795661676, "target": "308.xyz", "model": "8.xyz", "model_rescale": 4.121658175737393, "target_rescale": 4.1964379345691105},
{"mapping": [6, 3, 5, 13, 4, 10, 15, 0, 9, 1, 11, 2, 16], "R": [[0.6708386124079584, -0.335986751355358, 0.6611266588303921], [0.5907903838819774, 0.7809809965604726, -0.20257197566296506], [-0.448265856847419, 0.5264803756314986, 0.7224099498621024]], "T": [-0.09376631830186674, -0.06734085558365199, -0.14589681180780806], "aligned_model": [[-0.6890471553832239, -0.17445463736099018, 0.312748758374513, 0.20805854207099714, -0.6304534769368809, -0.6155926950525665, 0.260982324748669, 0.16524562715151817, 0.6652892746863129, -0.20732978791987647, -0.23599232011784893, 0.4366550711373868, -0.019372028962813162], [0.07204248884166009, -0.19588907497944374, 0.1564736328700715, 0.6599461865206329, -0.4509832112975965, 0.10322469872162732, -0.6113861570274549, 0.05629940236146494, -0.24373770654875598, -0.6878101071299944, 0.5890834019700597, 0.4111934998038137, -0.06806961469437456], [-0.5044527748634725, -0.5371542139184535, -0.7751346193587483, -0.2073906991851232, -0.008492551091858314, 0.09630222548051925, 0.04707821416102381, 0.5941565816492178, -0.30029189461489514, 0.39897907168239183, 0.2261575682575393, 0.38865006187300094, 0.0026684638879467815]], "inverted": false, "swapped": true, "error_lsq": 0.044579095157087065, "error_max": 0.26133830625296045, "target": "308.xyz", "model": "9.xyz", "model_rescale": 3.833441315466971, "target_rescale": 4.1964379345691105},
{"mapping": [2, 0, 10, 4, 1, 8, 15, 3, 12, 6, 13, 5, 9, 11, 16], "R": [[0.9508982562204759, -0.3052350894118001, 0.05122544786167037], [-0.16785631706797796, -0.6476513545093728, -0.7432173166864113], [0.26003223480413495, 0.6981255354117519, -0.6670861815903715]], "T": [-0.04081392106186926, 0.14804301189942817, 0.027160800208374622], "aligned_model": [[0.2257201755569243, -0.2085456618903212, -0.5246814396367498, -0.6520358053375588, -0.6226232802835792, -0.7124515587322038, -0.04254935429574781, 0.07164093720559747, 0.344454569866621, -0.26093441303853426, 0.45437064242113206, 0.6900671275447621, 0.5766320106330687, -0.1500784992420689, -0.06514043247680944], [-0.7033941992858556, -0.6022095280538032, 0.07775124452783216, 0.41944638837404524, 0.03653241035008273, -0.2981469841007235, 0.10331501892923692, 0.5516708716568626, 0.20370554173624875, 0.6024904619901351, -0.24970463784470495, 0.39432651429816223, 0.05885313928219138, -0.393921380454224, 0.0003866778894928147], [0.03698885043834409, -0.1704254236330765, 0.3749927155922107, -0.055558663190628826, -0.559210871531923, 0.07210904414116591, -0.6489069814032737, 0.050741723185724744, 0.650588823557003, 0.5245277215654819, 0.49664481628116974, 0.1553987840212946, -0.46469768749712453, 0.5599659734181991, -0.045036917122474054]], "inverted": false, "swapped": true, "error_lsq": 0.045019520084793846, "error_max": 0.3398404861359333, "target": "308.xyz", "model": "10.xyz", "model_rescale": 4.2482417240324, "target_rescale": 4.1964379345691105},
{"mapping": [1, 15, 14, 5, 8, 11, 0, 12, 3, 6, 4, 16], "R": [[0.9486785030744698, -0.008301735381277452, -0.3161331665517601], [-0.11368584341854354, 0.9238746952046318, -0.3654190424249444], [0.29510104508557417, 0.3826050558346141, 0.8755162730864539]], "T": [0.033530776153767386, 0.00027560027575915247, -0.11006106258579496], "aligned_model": [[-0.7573230889419899, -0.2770715658226052, 0.4810177370594483, 0.7607788436997757, -0.5790518392068101, 0.1332183094417889, -0.26559206108133776, 0.6619830733503589, 0.176823592332153, 0.0995192086738771, -0.5248638372944839, -0.032672769847167896], [-0.2313601625280789, -0.5661199828321472, -0.20105137592704517, -0.2641206420706198, 0.4507580355090094, 0.6694748899049687, 0.1299226386845028, 0.36128305734892296, -0.1496262284477, 0.37777111602100655, 0.0955794988943055, -0.0063794545064852146], [0.015092921005502635, 0.09437347219635392, 0.4951902722071426, -0.22183103414448643, 0.16198872771546546, 0.252954377430222, 0.6136587037020996, -0.23218376200086654, -0.47490927051042897, -0.7062925886794847, -0.475036564208096, 0.042187035140933]], "inverted": false, "swapped": true, "error_lsq": 0.045579824257574265, "error_max": 0.2714110431956854, "target": "308.xyz", "model": "11.xyz", "model_rescale": 3.6694154284099745, "target_rescale": 4.1964379345691105},
{"mapping": [15, 7, 3, 5, 9, 1, 0, 8, 12, 11, 10, 2, 4, 16], "R": [[0.9474098127521748, 0.03431389658991013, 0.3181779426699883], [0.31865090191782325, -0.009184011184024995, -0.9478276513404374], [-0.029601510229161965, 0.9993689060799266, -0.019635176412860805]], "T": [0.008047054818611087, 0.17027335143683064, -0.0575480561932314], "aligned_model": [[-0.014095134236370412, 0.13807806790955582, -0.0572257474101126, 0.5753142647119909, 0.5765943224062442, -0.5069523374000037, 0.15789131221325012, -0.41194154181467363, 0.3703206093018978, 0.16630350311607314, -0.38112498521727123, 0.6059569845236257, -0.6643325882458561, 0.04347812039746004], [-0.3387049760684836, 0.3007433586003322, 0.48105955313394744, 0.6109665472263713, -0.07806983445919158, -0.46823115245172076, -0.5057545741385543, -0.263755850093913, 0.7477929793117343, 0.16376214093624694, 0.24614033223814208, -0.3135051287564092, 0.13269319116228065, 0.015850701495471214], [-0.5042269520576912, -0.8176116133260498, -0.3319000242428079, -0.36623085620499307, -0.553732246197004, -0.2053861659074639, 0.33050615240092, 0.47857805249318003, 0.21708183796945263, 0.6937561458004758, 0.3928351960820128, 0.3947178367113257, -0.08179349598312241, -0.007498407885819562]], "inverted": false, "swapped": true, "error_lsq": 0.04473847380547017, "error_max": 0.27811858442748927, "target": "308.xyz", "model": "12.xyz", "model_rescale": 3.9764082729961374, "target_rescale": 4.1964379345691105},
{"mapping": [4, 3, 6, 11, 8, 1, 0, 10, 12, 15, 5, 13, 9, 14, 2, 16], "R": [[0.20770326940089961, 0.33052319552716336, -0.9206594207950571], [0.3160953064687918, -0.913369191972904, -0.25659399132318994], [-0.9257122172190331, -0.23772071086314128, -0.2941865981280332]], "T": [-0.10761492332337633, -0.09092703114651121, -0.09857575569857488], "aligned_model": [[-0.12117624624601092, -0.3100818253324973, -0.7416503242660859, -0.34522890844907894, 0.07943334587708503, 0.4968007003174634, 0.4048951317380237, -0.3657565904785419, -0.7113090161822253, 0.5196697247492682, -0.3662492359298076, -0.3809830172472871, 0.34281402092224245, 0.1738786916514685, 0.24101800933296055, 0.02276585335241696], [0.025468145134770373, -0.43986174060288874, -0.10654024821159064, 0.5708837158860951, 0.6320000411492085, 0.0944876323928881, 0.475195457143766, 0.3679710922452416, -0.11009181855625037, -0.3171291844407629, -0.6350767987721359, 0.0991361982288641, -0.5645143418806958, -0.13202938277440313, 0.382792662552236, 0.002772687848900196], [-0.762174088776201, -0.21420155894425727, -0.41496903651619566, 0.20979355601732455, -0.4061344763190372, -0.6417807249310103, 0.11796961634277789, -0.3863797540681292, 0.32020674249995285, -0.2186499267528391, 0.3997183080771205, 0.6176449087620954, 0.3530301667264859, 0.6268056965148452, 0.5723393431716919, -0.055821828951926375]], "inverted": true, "swapped": true, "error_lsq": 0.047377012836923436, "error_max": 0.39615001173878794, "target": "308.xyz", "model": "13.xyz", "model_rescale": 4.170626492500431, "target_rescale": 4.1964379345691105},
{"mapping": [10, 11, 6, 12, 4, 7, 5, 8, 1, 2, 0, 14, 15, 16], "R": [[-0.9165976915895471, 0.12127720743021551, 0.38097311024617203], [-0.1404671312007154, -0.9898213991019921, -0.022860072878623634], [0.3743229312037328, -0.07446768989100891, 0.9243034709105782]], "T": [-0.06922226187012445, 0.12477389462278163, -0.008374202633143438], "aligned_model": [[0.23373748887630444, -0.07672561903779347, -0.17080059833286168, -0.6775771327477783, 0.4515389485188924, -0.3582589916814367, -0.8225282152898287, 0.6023293749297187, 0.7103706814447865, -0.13324613892833057, 0.31641493149133204, -0.4619405159208295, 0.21733076794051584, 0.012538040828952532], [-0.2518914210465737, -0.642448379696303, 0.043419956386991754, -0.21686120912521703, 0.2663798746341683, 0.8486311314844254, 0.3236442726141041, -0.32380149476180087, 0.36904789342131417, -0.41797516438353344, -0.27395513516923886, -0.015153241847086774, 0.5755559109894092, 0.07148147442500663], [-0.3638940738794489, 0.02093764894905785, -0.705089889723101, -0.23942059319801717, -0.41192098106601255, 0.055778486157765386, 0.056958519325596105, -0.007152462658205586, 0.15695437444883986, 0.6968964843636205, 0.5593865236741229, 0.6498803675833555, 0.40846411763471063, 0.12609457950858272]], "inverted": false, "swapped": true, "error_lsq": 0.0508773902412779, "error_max": 0.32653274243800384, "target": "308.xyz", "model": "14.xyz", "model_rescale": 3.9786697098870705, "target_rescale": 4.1964379345691105},
{"mapping": [0, 14, 8, 1, 11, 6, 9, 3, 4, 15, 12, 16], "R": [[-0.9749222081513479, 0.02451916815742297, -0.22119109034083656], [0.20814749475658373, 0.4521614268832336, -0.8673088633615343], [0.07874838715718599, -0.891599043534585, -0.44592582016334936]], "T": [0.021024659319726052, 0.07920692687003639, 0.08308816577511687], "aligned_model": [[-0.03696874674440048, -0.6904620921351728, 0.5130283416419139, 0.588622908976035, -0.09213978114536645, 0.32690340998072176, -0.5471414896279175, 0.038558919727737034, 0.6912290958440238, 0.06876586873121757, -0.3813977872969484, 0.004355948815493487], [-0.34846588994793165, -0.17226873056646408, -0.029925728447245142, -0.5212214422076579, 0.4111027980089908, 0.6914585002002096, -0.40594891059100546, 0.23118752767486658, 0.07728060108773085, -0.5761463511938215, 0.6940413454014603, -0.03641922919469294], [-0.5830843742230494, -0.11095540154221077, -0.5479628730667915, -0.026850375006447838, -0.5999817013383789, 0.2673042649386744, 0.35314394601232807, 0.47387205866188087, 0.15320803982303233, 0.24832771392213332, 0.06800705591195728, -0.0350618602192979]], "inverted": false, "swapped": true, "error_lsq": 0.04772759695153967, "error_max": 0.25502960515206347, "target": "308.xyz", "model": "15.xyz", "model_rescale": 3.769337070930944, "target_rescale": 4.1964379345691105},
{"mapping": [15, 7, 0, 14, 1, 4, 8, 6, 11, 13, 16], "R": [[-0.8540209522492879, 0.4048430768079679, -0.32672663846077443], [0.03169475915874079, 0.6673547104820285, 0.7440652744479596], [0.5192722362702334, 0.6250918121029149, -0.582766309150422]], "T": [-0.04864225278766373, -0.10931317130180848, 0.043820166544938866], "aligned_model": [[-0.24082877244107273, -0.4927521216759502, -0.036945278344048586, -0.7172820041919874, 0.32833288637682906, 0.5440944303488406, 0.5482208056974838, 0.3558673181607008, 0.13661893663914398, -0.4388111753091323, -0.06388889456963626], [-0.049753492109285674, -0.6582364759997794, 0.660947017005683, 0.28222750598127766, 0.09297329616795452, -0.29352224513641756, 0.42262625210722804, -0.5406947934546653, 0.43048418827462276, 0.20716863726901816, 0.041844607519705784], [-0.6031637874252813, -0.2924486662831752, -0.14753173320239868, 0.12581462166762214, -0.671538772510065, -0.2185245223391647, -0.07018822234667618, 0.4345006925789115, 0.5574762825503738, 0.6532737438409029, -0.02345202930727272]], "inverted": false, "swapped": true, "error_lsq": 0.03967650851444108, "error_max": 0.22569622858788496, "target": "308.xyz", "model": "16.xyz", "model_rescale": 3.7852294659196426, "target_rescale": 4.1964379345691105},
{"mapping": [5, 6, 11, 12, 3, 4, 1, 8, 14, 9, 15, 0, 16], "R": [[-0.6513974320258075, -0.3673140735095006, -0.6638989056716699], [0.4292632078053191, 0.5430906950356316, -0.7216547619120948], [0.6256312683800828, -0.7550714326257959, -0.1960934666365943]], "T": [-0.09044128619920759, 0.03028417817263597, -0.029806507630227366], "aligned_model": [[0.09596041767711648, -0.6001125097215552, 0.29692699047096843, 0.06067618921953384, -0.36928264758651125, -0.6480430805206853, -0.3016304975664686, -0.07967706352582747, 0.6394490666400591, 0.32715465577949476, -0.042244775465612824, 0.45283872664858, 0.021750378167191137], [-0.2722648818636254, -0.45917134273881416, -0.40424415407336123, -0.6612141377316476, -0.061175909775724194, 0.20572758876028968, 0.732422421131742, 0.17479583944176375, 0.0722373519799739, 0.391641953950974, 0.6929305274042372, 0.3412796773887213, 0.12209068982834503], [-0.7262303170463739, 0.02512897548201805, 0.47086948533168976, -0.22776159180624644, -0.3298067605316877, 0.3054461476242937, 0.3666395630171671, 0.7646766481170291, -0.2992620955029999, -0.6009048100261479, -0.16265289493557883, 0.4582321727497069, 0.05138017467030408]], "inverted": true, "swapped": true, "error_lsq": 0.047189163707840556, "error_max": 0.2981722536424098, "target": "308.xyz", "model": "17.xyz", "model_rescale": 3.901054581598922, "target_rescale": 4.1964379345691105},
{"mapping": [10, 12, 4, 8, 5, 15, 13, 11, 3, 15, 9, 2, 0, 1, 16], "R": [[0.317047571341339, 0.8562989375747405, 0.40771677303604964], [-0.8220846678373934, 0.03375995860856376, 0.5683634964540133], [0.47292455678812206, -0.5153759741228913, 0.7146537405510724]], "T": [-0.10041152958629819, -0.04004134903559918, -0.08320830294873507], "aligned_model": [[0.07610679300253213, 0.1269119274018698, -0.4186638387270542, 0.2833745208957783, -0.22779877028102996, -0.3357925462663962, 0.4837429290700169, 0.6040835970690235, -0.45155916826104275, -0.3357925462663962, -0.1823237778618092, 0.6953668729013938, 0.49203841556997907, -0.27372605393407073, 0.0031178567762402964], [0.15259803000113004, -0.7059620417775506, 0.3902331956615789, 0.583429450778736, -0.7460831858068168, 0.35989971130972953, -0.5632953147018797, -0.09403522543215738, -0.2628871442710386, 0.35989971130972953, -0.20374009889265848, 0.011808685001845745, 0.43021284696437484, 0.7718299097632868, 0.06484881991879594], [-0.6233815167296409, -0.29549656100263055, -0.49268819026504673, -0.42408277065332445, 0.2275408996173007, 0.4104658564453372, 0.010573582205761753, -0.3837358076032794, -0.13935713773470845, 0.4104658564453372, 0.6898455029080997, 0.3169549736361429, 0.1574515816774411, -0.008404446485296063, -0.006485417609518221]], "inverted": false, "swapped": true, "error_lsq": 0.045641161115127844, "error_max": 0.3188850947044463, "target": "308.xyz", "model": "18.xyz", "model_rescale": 3.9405287249114394, "target_rescale": 4.1964379345691105},
{"mapping": [13, 11, 6, 8, 14, 3, 12, 9, 5, 7, 4, 15, 0, 15, 1, 16], "R": [[-0.7346049116317146, -0.23914739970129725, -0.6349520808869507], [0.22639071900628002, -0.968587521518848, 0.10288564285552632], [-0.6396114962650221, -0.0681669595484744, 0.7656699024197937]], "T": [0.18124385861574666, -0.03569413540907972, -0.11189671350901387], "aligned_model": [[-0.4121753077903192, -0.11843261917291231, 0.6996013295637292, 0.2914857524466031, -0.5819976694898522, 0.4115491696485615, 0.010356779709161046, -0.32423833364274046, -0.10657416122471286, 0.2673235481221776, 0.7816208471648979, 0.10449086799012525, -0.28410209234182326, 0.10449086799012525, 0.44200639896444427, 0.081759720033922], [-0.3061120736331693, -0.7355196152443461, -0.2574339245656921, -0.6420445544431134, 0.11302356021528101, 0.21317487788909972, -0.23592268284896373, 0.5746817405383099, 0.3799184051309663, 0.7323325202845576, -0.1552732095526475, 0.4042274837374439, -0.371498712021577, 0.4042274837374439, 0.009021339672389356, -0.07445050991834662], [-0.5574907190400973, -0.2118157290007315, -0.5414154774290946, 0.41001215562474835, -0.1614116262061948, -0.35916434620455256, -0.7981173505343204, -0.05668686617124008, -0.7083149014103258, -0.2316983880157495, 0.1697818459377175, 0.3976611319359077, 0.4365023735553598, 0.3976611319359077, 0.6785284290532134, 0.015412092644329994]], "inverted": false, "swapped": true, "error_lsq": 0.04743597246191358, "error_max": 0.4834911032682991, "target": "308.xyz", "model": "19.xyz", "model_rescale": 4.410303926677745, "target_rescale": 4.1964379345691105},
{"mapping": [5, 14, 12, 7, 6, 15, 3, 11, 0, 8, 1, 4, 10, 16], "R": [[0.1852163297687921, 0.9805354000765992, -0.06515550923445934], [-0.4049629959068032, 0.015747273137472498, -0.9141974597071033], [-0.8953769503025889, 0.1957098683903228, 0.3999972053420848]], "T": [-0.01746513112641092, -0.000268268770224624, 0.01348607839613089], "aligned_model": [[-0.162526745402317, 0.10942306682503712, 0.38329340736668793, -0.7199899058506044, 0.11570340815169088, -0.5143556879381492, -0.26271410474796375, 0.7446786164421859, 0.31383392602852134, 0.3780066918945904, -0.3300996729773677, -0.17199215372771165, 0.3571430512173721, 0.020783992178900566], [-0.07177747709931734, -0.6754928605146417, 0.1939160448127385, -0.026428164228669733, 0.6873032778164851, -0.381023998975751, 0.26034208049739427, -0.0774183796077024, -0.5819849225262371, -0.012723291522738935, -0.13068872939466453, 0.4241018097750091, 0.3385441244498074, -0.13572104730050938], [-0.7514526200930577, -0.35404275818736597, -0.5712169862526855, -0.32915323456199863, -0.09542158346995785, 0.2727081817822493, -0.2057233900147283, 0.06573807991924185, 0.4399832013766999, 0.7175101426889111, 0.7750756193219083, 0.5136119924676332, 0.33741604208153086, 0.10178235166664125]], "inverted": false, "swapped": true, "error_lsq": 0.05081046597309279, "error_max": 0.31530900795661676, "target": "308.xyz", "model": "20.xyz", "model_rescale": 4.121658175737393, "target_rescale": 4.1964379345691105},
{"mapping": [1, 15, 7, 4, 3, 0, 9, 10, 2, 13, 5, 6, 16], "R": [[-0.5340608076752955, -0.21772575477947503, -0.816929953797092], [0.659393517715926, -0.7120188470205946, -0.24130758438490843], [-0.5291306478549771, -0.6675512393765521, 0.5238283118612446]], "T": [0.1458436468979727, -0.05960533001165009, -0.032466683947295336], "aligned_model": [[0.1845739701448284, -0.06257330173899481, 0.26553595844367345, 0.6475698350606263, 0.4356584367667689, -0.45187923082957726, -0.35222381628335125, 0.4091509773904204, -0.6938003751104331, -0.30738999482641427, 0.031585102705838336, 0.7593294552894165, 0.01554588765149334], [-0.5062008161669418, 0.02656305444120425, 0.6186469290877925, -0.4107259564017984, 0.2439156474000876, -0.5641093941123431, 0.4878301210426886, -0.5566857587030406, -0.2905621456414454, 0.06435865159386484, 0.6578468554917846, -0.0838639499319597, -0.14618633393671085], [0.6702572419028906, 0.6064453878267375, 0.3380393505507189, 0.24874432586478457, -0.03237672220148967, 0.10264858975084058, 0.2562586404028607, -0.24135911217902284, -0.2267324952533118, -0.6673197247452665, -0.32142169403356824, -0.38657973454568834, 0.023505686141303217]], "inverted": false, "swapped": true, "error_lsq": 0.042595016405277304, "error_max": 0.23429369432728847, "target": "308.xyz", "model": "21.xyz", "model_rescale": 4.08911054899281, "target_rescale": 4.1964379345691105},
{"mapping": [8, 11, 6, 14, 15, 12, 3, 9, 1, 10, 2, 0, 13, 7, 7, 5, 16], "R": [[0.6758410482320332, 0.08918665929969574, -0.731631476446706], [-0.3218495589820053, -0.8572978337070924, -0.40181250068186736], [-0.6630623944303551, 0.5070366496852934, -0.5506923796169669]], "T": [-0.004151451570050868, 0.0799207864936074, 0.07711383527923862], "aligned_model": [[-0.24372747665774472, -0.6279812817489625, 0.3410504570624027, -0.06504314639783965, -0.6593814136333227, 0.5076240621074462, 0.0940155096900318, 0.07769431195148807, -0.58467168834234, 0.5782421667488435, -0.47061872474708183, 0.2336531367683961, 0.46819503553608877, 0.6880187542855511, 0.6880187542855511, 0.002311822728421245, 0.022295562094210547], [0.20294163392562872, -0.13382623018239903, 0.3801954987519916, -0.3017358773638869, -0.11374061001443875, -0.3247336683328671, 0.12791823883819975, -0.6275692597682365, 0.5674906184403163, -0.3344581228408776, 0.4438787507533711, 0.8087586218913438, 0.2334165123473851, 0.2196427295933967, 0.2196427295933967, -0.41149892563423923, 0.11616647342952231], [0.7160435789603115, 0.4657545255054488, 0.6655310919993527, -0.43518781256237304, -0.17720088747839122, -0.26829910863472084, -0.7844767377772844, 0.0946271729539726, 0.3122101877378485, 0.4516044253547776, -0.3366454095479031, 0.18812638248539096, -0.35884238304015825, 0.16181550439895795, 0.16181550439895795, 0.5832698848980247, 0.06122496876220841]], "inverted": false, "swapped": false, "error_lsq": 0.0471685511560804, "error_max": 0.3543571502934046, "target": "308.xyz", "model": "22.xyz", "model_rescale": 4.204369325754507, "target_rescale": 4.1964379345691105},
{"mapping": [13, 11, 6, 8, 14, 3, 12, 9, 5, 7, 4, 15, 0, 15, 1, 16], "R": [[-0.7346049116317146, -0.23914739970129725, -0.6349520808869507], [0.22639071900628002, -0.968587521518848, 0.10288564285552632], [-0.6396114962650221, -0.0681669595484744, 0.7656699024197937]], "T": [0.18124385861574666, -0.03569413540907972, -0.11189671350901387], "aligned_model": [[-0.4121753077903192, -0.11843261917291231, 0.6996013295637292, 0.2914857524466031, -0.5819976694898522, 0.4115491696485615, 0.010356779709161046, -0.32423833364274046, -0.10657416122471286, 0.2673235481221776, 0.7816208471648979, 0.10449086799012525, -0.28410209234182326, 0.10449086799012525, 0.44200639896444427, 0.081759720033922], [-0.3061120736331693, -0.7355196152443461, -0.2574339245656921, -0.6420445544431134, 0.11302356021528101, 0.21317487788909972, -0.23592268284896373, 0.5746817405383099, 0.3799184051309663, 0.7323325202845576, -0.1552732095526475, 0.4042274837374439, -0.371498712021577, 0.4042274837374439, 0.009021339672389356, -0.07445050991834662], [-0.5574907190400973, -0.2118157290007315, -0.5414154774290946, 0.41001215562474835, -0.1614116262061948, -0.35916434620455256, -0.7981173505343204, -0.05668686617124008, -0.7083149014103258, -0.2316983880157495, 0.1697818459377175, 0.3976611319359077, 0.4365023735553598, 0.3976611319359077, 0.6785284290532134, 0.015412092644329994]], "inverted": false, "swapped": true, "error_lsq": 0.04743597246191358, "error_max": 0.4834911032682991, "target": "308.xyz", "model": "23.xyz", "model_rescale": 4.410303926677745, "target_rescale": 4.1964379345691105},
{"mapping": [7, 1, 13, 4, 10, 5, 8, 2, 11, 0, 9, 14, 15, 6, 12, 0, 16], "R": [[-0.8532372855387342, 0.47476460061521286, 0.215834910450488], [0.4847376445919137, 0.5692770065332442, 0.6640429999239751], [0.19239425792360912, 0.6712095528486065, -0.7158646420118804]], "T": [0.007864447242041016, 0.14022098825724166, 0.07804739563970388], "aligned_model": [[-0.09702636164813, -0.6494762630025386, 0.3856646477726138, -5.5435224641957326e-05, -0.551428102300868, 0.5209819169265767, -0.19931122603281265, 0.19289400823922856, -0.451549946968945, 0.17482882268624822, -0.2377357550458594, 0.12981508717695583, 0.35075985074986193, 0.7055681595987295, 0.6495603358778985, 0.17482882268624822, -0.04862271975942512], [0.1509858937893978, -0.16992577854104807, 0.5283398825389282, -0.3771405944500021, 0.03879937659168661, -0.14329874416782534, 0.005879865074147561, -0.751702243175276, 0.5473945158428664, -0.4539433446243721, 0.5065486335703502, 0.8039606024880761, 0.47248327667492734, 0.44135543526093307, -0.10939489865701732, -0.4539433446243721, 0.03609057983620759], [0.7344108099930231, 0.5341696635351183, 0.5261738914082056, -0.37599956359636466, -0.23926860929633598, -0.14983208359897293, -0.7060044969538092, 0.02209239616206078, 0.23254535496601347, 0.5133374758736099, -0.3668172810248745, 0.02581947269801134, -0.45236631532881977, 0.09867903036101631, 0.49288969132752647, 0.5133374758736099, 0.09820397601540184]], "inverted": false, "swapped": false, "error_lsq": 0.04513386290535361, "error_max": 0.34619368237782017, "target": "308.xyz", "model": "24.xyz", "model_rescale": 4.28219845311461, "target_rescale": 4.1964379345691105},
{"mapping": [0, 15, 11, 1, 8, 7, 14, 4, 9, 4, 5, 3, 6, 10, 12, 16], "R": [[-0.7126554124560155, 0.602574732239217, -0.3592018306801654], [0.65515821701645, 0.7547383766812512, -0.03372971153709854], [0.2507787346905086, -0.2593716924249554, -0.9326501763231709]], "T": [-0.08038805458198885, 0.04451014635976813, 0.042295547081225036], "aligned_model": [[-0.023881775196769137, -0.3998140830756039, 0.2708232187124319, 0.15349392565646547, 0.5336331304779718, -0.6453856827192294, -0.6672577570628978, 0.4171952313556464, -0.857028981540793, 0.4171952313556464, -0.6635496222601804, -0.16962794331631476, 0.34788648509248843, 0.5108809834917695, -0.12351014049370222, -0.09273145435591867], [0.2671584506071088, -0.41711719624578014, 0.6962254988260625, -0.5409872794343903, 0.07031122133416953, -0.4013526284247203, 0.47065917266395585, -0.40965511976902175, -0.01699072740451052, -0.40965511976902175, 0.28120862671448665, -0.12612568893407156, 0.05573329448625927, 0.14605639247877206, 0.6118945699565974, 0.0677479086283364], [-0.7174990958620935, -0.3370966764773004, -0.1613297069860362, -0.5029204338506787, -0.4816464939179406, 0.3482549631430018, -0.24246271791939109, 0.0577641863891011, -0.11315732992929883, 0.0577641863891011, 0.5061749135542338, 0.41517254854557595, 0.6069231499797965, 0.030252542219718452, 0.507492311034765, -0.12176032573480791]], "inverted": false, "swapped": true, "error_lsq": 0.04866125567764965, "error_max": 0.3630186687140202, "target": "308.xyz", "model": "25.xyz", "model_rescale": 4.100010024507729, "target_rescale": 4.1964379345691105},
{"mapping": [1, 15, 14, 5, 8, 11, 0, 12, 3, 6, 4, 16], "R": [[0.9486785030744698, -0.008301735381277452, -0.3161331665517601], [-0.11368584341854354, 0.9238746952046318, -0.3654190424249444], [0.29510104508557417, 0.3826050558346141, 0.8755162730864539]], "T": [0.033530776153767386, 0.00027560027575915247, -0.11006106258579496], "aligned_model": [[-0.7573230889419899, -0.2770715658226052, 0.4810177370594483, 0.7607788436997757, -0.5790518392068101, 0.1332183094417889, -0.26559206108133776, 0.6619830733503589, 0.176823592332153, 0.0995192086738771, -0.5248638372944839, -0.032672769847167896], [-0.2313601625280789, -0.5661199828321472, -0.20105137592704517, -0.2641206420706198, 0.4507580355090094, 0.6694748899049687, 0.1299226386845028, 0.36128305734892296, -0.1496262284477, 0.37777111602100655, 0.0955794988943055, -0.0063794545064852146], [0.015092921005502635, 0.09437347219635392, 0.4951902722071426, -0.22183103414448643, 0.16198872771546546, 0.252954377430222, 0.6136587037020996, -0.23218376200086654, -0.47490927051042897, -0.7062925886794847, -0.475036564208096, 0.042187035140933]], "inverted": false, "swapped": true, "error_lsq": 0.045579824257574265, "error_max": 0.2714110431956854, "target": "308.xyz", "model": "26.xyz", "model_rescale": 3.6694154284099745, "target_rescale": 4.1964379345691105},
