[{"mapping": [0, 2, 8, 6, 4, 1, 10, 10, 5, 7, 9, 11], "R": [[-0.7373922759419267, 0.6294575105086428, -0.2450221905163843], [-0.5279288142375931, -0.31079161402052863, 0.790379490973927], [0.4213594646841039, 0.712174006208298, 0.5614840927420375]], "T": [-0.019856905231700757, -0.14824862277840398, 0.023738585576062544], "aligned_model": [[0.08131585330070001, -0.41115392085704455, -0.3685555304549328, -0.6081874788217823, 0.4925941951668447, -0.5926619611417152, 0.40695044248094925, 0.40695044248094925, 0.08187555307820332, -0.3340031302754138, -0.003237652584797697, -0.01085742487669608], [-0.2946393956370762, -0.7486030775519289, -0.53318757810565, 0.13916891495654657, -0.7568125280590802, -0.07252205349882668, 0.3737057160206838, 0.3737057160206838, 0.3491347341321115, 0.7313360238028667, 0.02233489624520249, -0.14032707440269337], [-0.5688196044393035, -0.3439724691703323, 0.3888889109630278, 0.3342426638689259, -0.11551768765207088, -0.3861887423102661, 0.10835833570666065, 0.10835833570666065, -0.6327266730055011, -0.13197367680329716, 0.6068179008556791, -0.044734141204557966]], "inverted": false, "swapped": false, "error_lsq": 0.050007901938924425, "error_max": 0.41155588072704524, "target": "309.xyz", "model": "0.xyz", "model_rescale": 3.751011558992144, "target_rescale": 3.6636962361534295},
{"mapping": [7, 12, 9, 10, 3, 11, 0, 8, 1, 4, 5, 14], "R": [[-0.2791692387167364, 0.21075063559965537, -0.9368290696539359], [-0.4632654221823247, -0.8841284181453333, -0.06084479302342319], [-0.8411002822283145, 0.41701451991767857, 0.34445493959773277]], "T": [-0.04181147173233704, -0.029330052297688883, -0.012078198093796587], "aligned_model": [[0.05973381760461707, -0.13604491190828888, -0.4573433182898967, -0.776247879581509, 0.47863560771143077, -0.6997605851364304, 0.6406918700660432, 0.22030012071532754, 0.19738238078294393, -0.27521599868530977, -0.04196785742821907, -0.06913385835544443], [-0.21594153154724566, -0.7183446781033525, -0.3714791843836626, 0.24550165603950985, -0.577762629620548, -0.35442560500186393, -0.021173937096218856, 0.4712872816691696, 0.3993835618644854, 0.7262097685350513, -0.06320335609540237, -0.07675705233708198], [-0.6402037697934455, -0.27352419300612607, 0.3679966330165696, 0.22776433993255588, -0.12053295890323962, -0.3253621502991563, -0.3431781599155232, 0.33591325320398596, -0.5067260398830239, 0.003917921551230878, 0.6115712401557396, -0.01490296354394257]], "inverted": false, "swapped": false, "error_lsq": 0.051627315871804226, "error_max": 0.2783505353303875, "target": "309.xyz", "model": "1.xyz", "model_rescale": 3.9405287249114394, "target_rescale": 3.6636962361534295},
{"mapping": [9, 8, 4, 1, 10, 2, 11, 6, 5, 0, 7, 12], "R": [[0.12133136020419544, 0.31616004952630095, -0.9409152587319045], [0.37416930482179556, -0.8925599111934924, -0.25166274308971365], [-0.9193889450935193, -0.3215270253241426, -0.2265928940325228]], "T": [-0.07584173486520723, -0.05274262024201426, 0.024241572458280576], "aligned_model": [[0.21528318989184275, -0.1000796524947222, -0.4808132953014261, -0.7600213840154835, 0.531143079811526, -0.5748731602471688, 0.49917797487573906, 0.23849901136568463, -0.08177741642651762, -0.16613045502229581, -0.026006918151100233, -0.15337158679081386], [-0.4506125002291728, -0.7842315195492789, -0.542460077877132, 0.22766082301737978, -0.6121671337240399, 0.12735054627581058, 0.18214397485703776, 0.3135043103199512, 0.30144827818572295, 0.7777648297072551, -0.03590707778689135, -0.061200159273802415], [-0.6139801318688797, -0.23076094448810863, 0.32067127543701524, 0.30796405844616737, -0.14925415596066616, -0.4031969791212903, -0.3247497023458245, 0.274059054837654, -0.6102581166922374, -0.04671835191481575, 0.8155334962825127, -0.016576350095902047]], "inverted": true, "swapped": false, "error_lsq": 0.05479367493839158, "error_max": 0.25051769655585404, "target": "309.xyz", "model": "2.xyz", "model_rescale": 3.932901565614263, "target_rescale": 3.6636962361534295},
{"mapping": [7, 8, 11, 1, 9, 3, 5, 6, 4, 2, 10, 13], "R": [[-0.14513372223556942, -0.7811375711185642, 0.6072563689719842], [0.1973955134697214, -0.6242761158229293, -0.7558533868913082], [0.9695211260885829, 0.010169867257085852, 0.2447965683335851]], "T": [-0.14797421295632288, -0.0807672750157977, -0.08465294176172089], "aligned_model": [[0.14178897142762623, -0.2371420418951448, -0.4832463636580303, -0.6623673825781167, 0.41941545625057997, -0.5660351867597312, 0.5507780028015505, 0.22149453843462805, 0.10007197725161363, -0.21530607703541996, -0.07401794181312972, -0.054404564931161276], [-0.2526291876464246, -0.7957355778577083, -0.6811290927025386, 0.3306533478459954, -0.5395258099302231, -0.2872632827205343, 0.07292518373728779, 0.39197675087570094, 0.5642933234270967, 0.749666194303404, -0.04487219084328836, -0.06506536456592815], [-0.7141315572124434, -0.22485333315063205, 0.48531808486608274, 0.25431808803671463, -0.17069077825995202, -0.29266712172493936, -0.15482170083981917, 0.24199394466346502, -0.6190650640022239, -0.09147396019065546, 0.6269561174780244, -0.018149567147996773]], "inverted": false, "swapped": false, "error_lsq": 0.044624218669810624, "error_max": 0.2090048327080518, "target": "309.xyz", "model": "3.xyz", "model_rescale": 3.9243930471874484, "target_rescale": 3.6636962361534295},
{"mapping": [4, 7, 1, 9, 2, 8, 3, 6, 10, 11, 5, 12], "R": [[0.44295156437076644, -0.8942279392690808, 0.06442285504433826], [-0.405639140283988, -0.1358126960884514, 0.903887050162161], [-0.7995316125652305, -0.4265106144186321, -0.42289229869682327]], "T": [-0.09987396071646397, 0.004867441299940371, -0.0690417893619385], "aligned_model": [[0.0792906885078037, -0.23687317348886894, -0.35074864161064795, -0.7802122153989555, 0.4230722511847654, -0.5365347272147443, 0.5655866866739221, 0.3566560351052064, -0.03139802076347892, -0.3805028238679401, 0.09634137328807622, -0.0636480449198738], [-0.3184387732939672, -0.7652144786480235, -0.474444232642228, 0.1495947260963602, -0.7532705818035927, -0.0867657629069101, -0.013343289161677936, 0.49114441700124667, 0.46920210243207644, 0.713075503759933, 0.051534536119122835, -0.019779873029499788], [-0.5335204105205228, -0.24546120774091224, 0.39730841562513186, 0.04877698684929169, -0.12352561904009995, -0.5131893997395552, -0.1679552183566739, 0.2077823074117479, -0.5951901407209178, 0.1450209650361377, 0.6609889118674735, 0.04169756184452403]], "inverted": false, "swapped": false, "error_lsq": 0.048783501627087195, "error_max": 0.3580592811645504, "target": "309.xyz", "model": "4.xyz", "model_rescale": 3.8936222436046832, "target_rescale": 3.6636962361534295},
{"mapping": [10, 4, 5, 1, 7, 2, 8, 9, 3, 0, 6, 11], "R": [[-0.7892775058631549, -0.25188746961735886, -0.5599943940685492], [-0.5263239757883599, 0.7472532037768739, 0.40570398316448897], [0.3162658553318259, 0.6149515038561676, -0.7223645593855409]], "T": [0.01709636982746457, -0.03722808759066511, -0.07611677742212483], "aligned_model": [[0.1406476323933069, -0.4746812016093468, -0.3205139415083732, -0.6500451306165992, 0.41358079721775265, -0.5404415024708192, 0.6949835848660697, 0.20172118792275023, 0.07557160341960054, -0.4296747684536615, 0.1254702024143525, -0.09558907607976855], [-0.3619345660460447, -0.6275916848843511, -0.5966533005863209, 0.16684804548508514, -0.5275492033123034, -0.006166901959401436, 0.18416132961811615, 0.4634347260300894, 0.3671685919204836, 0.7160584190155808, -0.19242524026627017, -0.1420559210918237], [-0.6041018035853268, -0.2767414073383475, 0.40370982229004937, 0.31933728748951606, 0.07265428731338905, -0.5714400946851073, -0.26929668312140786, 0.23579084900257483, -0.48025289926461867, -0.20130982012405066, 0.6976904235779237, -0.0033068090389694604]], "inverted": true, "swapped": false, "error_lsq": 0.04496256178160441, "error_max": 0.2670193860330378, "target": "309.xyz", "model": "5.xyz", "model_rescale": 3.6523030999806103, "target_rescale": 3.6636962361534295},
{"mapping": [6, 8, 5, 7, 1, 9, 2, 4, 10, 11, 3, 12], "R": [[-0.1928195040650849, -0.6217239587570821, -0.759131054535063], [-0.8242509664504906, -0.31712694123127677, 0.4690851174901275], [-0.5323823655583712, 0.7161632650818642, -0.45130831433705776]], "T": [-0.0713658998020401, -0.10920052553870753, -0.06053161738321607], "aligned_model": [[0.22161035576861499, -0.3813811422529444, -0.37595327007261836, -0.5362633438997373, 0.4277278800519579, -0.6555257692377153, 0.6709237999079267, 0.20298809539792267, 0.03201473260241551, -0.4454566388924113, 0.08168843392543094, -0.10134374580357787], [-0.36624714194000496, -0.6067811801219077, -0.6239605673502747, 0.09132198590435457, -0.5375539817064153, 0.07607534964343503, 0.0492153727821696, 0.3936577099363521, 0.31775351861931656, 0.6760788480148989, 0.09842366260376993, -0.12468928246285371], [-0.5808357714513457, -0.39220486668009835, 0.2652783935319668, 0.3982484481963373, 0.1626131371902919, -0.44405863363764864, -0.04948448776531838, -0.028986692915944988, -0.7052763193294641, 0.07348863309802209, 0.5845321549473936, 0.03941915733143323]], "inverted": true, "swapped": false, "error_lsq": 0.04967097048879108, "error_max": 0.23822770227049708, "target": "309.xyz", "model": "6.xyz", "model_rescale": 4.08911054899281, "target_rescale": 3.6636962361534295},
{"mapping": [1, 11, 10, 5, 9, 13, 0, 6, 2, 7, 4, 14], "R": [[0.2949057119139891, 0.8210187125353436, 0.4888342201066844], [-0.48469633517184185, -0.31234802778784415, 0.8170117332131956], [0.8234683258944993, -0.4778775818176149, 0.3058315435736803]], "T": [-0.12076335426642744, -0.10210479784988868, 0.020718223555266375], "aligned_model": [[0.21260633610570157, -0.32779959642818, -0.5364255845341159, -0.6101550549765198, 0.4247299816504196, -0.5331210913900386, 0.7400990746183169, 0.1580389346073418, 0.07881686031670797, -0.4276130606763399, -0.001607138098196223, -0.03654027369983316], [-0.2674424901440826, -0.6113518671716233, -0.550755700407257, 0.19932091769972604, -0.6568570345883209, -0.03417512413051721, 0.1853661486056838, 0.31037532741271107, 0.4258178440631021, 0.601292855688394, 0.07511833152436154, -0.2334149146293375], [-0.6113214555024779, -0.18503522058582525, 0.40178537835259764, 0.5208577349566498, -0.07542897719341343, -0.5803152018166492, -0.2261269031588023, 0.05638888987330407, -0.5551332897654961, -0.08108532849690697, 0.6924646401929159, -0.03431711434027132]], "inverted": true, "swapped": false, "error_lsq": 0.0456721602430649, "error_max": 0.25179066752987866, "target": "309.xyz", "model": "7.xyz", "model_rescale": 3.964800864290218, "target_rescale": 3.6636962361534295},
{"mapping": [6, 0, 1, 7, 3, 2, 10, 9, 11, 12, 8, 13], "R": [[0.7992949490257308, 0.09423044484769515, -0.5935050191243206], [-0.516476868823829, -0.3971779567568999, -0.7586180294696058], [-0.3072120252071653, 0.9128911731034647, -0.26879448959733604]], "T": [-0.07733923907007689, -0.10833218909070808, -0.10005078739900233], "aligned_model": [[0.10475273879032088, -0.2798803417559039, -0.4697990597955294, -0.6238208056124143, 0.31553012468900943, -0.6893454402213879, 0.7043200850947127, 0.19911005517013036, 0.23404076988586192, -0.3663604279552109, 0.05267628962538429, -0.04019460041970871], [-0.2010340371138183, -0.7722827551455058, -0.47699180412416287, 0.10025401879507145, -0.6926027430228379, -0.2511270094224443, 0.07974495724135128, 0.4850646625471532, 0.4800482552430192, 0.5879970168229526, 0.18242964625688263, -0.07820591415482121], [-0.642963950023125, -0.276986143054864, 0.4226204941268965, 0.30578520936690334, -0.2739596098600262, -0.30901675781729865, 0.06956554725384145, 0.11281699073798954, -0.5939984235325559, -0.05243433377586966, 0.5996713708971467, -0.03836724180341324]], "inverted": true, "swapped": false, "error_lsq": 0.052560989104525606, "error_max": 0.2910533590979032, "target": "309.xyz", "model": "8.xyz", "model_rescale": 4.121658175737393, "target_rescale": 3.6636962361534295},
{"mapping": [11, 10, 0, 4, 3, 5, 8, 6, 7, 9, 1, 12], "R": [[0.9488933337472262, 0.06145034558386498, -0.30955661226615594], [0.18048149167277053, -0.9103005943873449, 0.37253088331253637], [-0.2588974166221967, -0.4093613109291968, -0.8748688157550722]], "T": [-0.00637613625610596, -0.06058784268736071, -0.08038987004714747], "aligned_model": [[0.3154901860470652, -0.28856181766425026, -0.4360157342086561, -0.6552647848210427, 0.307679959877883, -0.5873357600688199, 0.6695267148485514, 0.22628613356576593, 0.003969062198340659, -0.36356738069421846, -0.03691035511667458, -0.014266836468679787], [-0.2853048097180202, -0.6707317749521168, -0.52192010017204, 0.2134749672644064, -0.7841440104160754, -0.13103971930063107, 0.2025513225363843, 0.5347503492748681, 0.27988638748938477, 0.6901789975629464, -0.031056743482465246, -0.053350572163801124], [-0.5793251663021597, -0.43334376749564874, 0.3901487651333643, 0.4599443003359929, -0.10317653484998511, -0.2784816539677208, -0.14722139944192927, 0.18723441040298672, -0.6627825088808607, -0.124586968506997, 0.6074526201872494, 0.0068710559013326206]], "inverted": false, "swapped": false, "error_lsq": 0.037970313564493215, "error_max": 0.19695931863192073, "target": "309.xyz", "model": "9.xyz", "model_rescale": 3.833441315466971, "target_rescale": 3.6636962361534295},
{"mapping": [8, 11, 12, 6, 10, 7, 13, 5, 2, 4, 1, 14], "R": [[-0.08385383652261857, -0.6818401293850616, 0.7266791396900014], [-0.9800182847414199, -0.07556872568385198, -0.18399328594001418], [0.18036822245873313, -0.7275873869568392, -0.6618790664980997]], "T": [-0.10645314672000443, -0.05247509202681788, -0.05642404246068594], "aligned_model": [[0.17187767533609538, -0.37324794072583, -0.3208520694799531, -0.594390856918718, 0.34849484733161545, -0.5941144046520364, 0.6482440440361031, 0.2264590947636172, 0.23890335545435237, -0.4883565908385961, 0.0009962558090425705, -0.12298402262042862], [-0.4620040671363075, -0.6425747378268067, -0.4254981138715825, 0.13507329287344377, -0.7362143820880879, -0.18086703649510968, 0.19645073731516705, 0.5077294646793076, 0.38431045709820544, 0.6349186664945273, 0.04855359774234631, -0.01658358486226324], [-0.658401894558325, -0.2707602898890834, 0.36536617127589016, 0.3771332920779597, -0.09215987118743746, -0.491873216176305, -0.12088040883282342, 0.12461599615799862, -0.5109540474208427, 0.07606052345736769, 0.667355456180649, -0.1427685585694234]], "inverted": false, "swapped": false, "error_lsq": 0.04692792080629119, "error_max": 0.22996086576609776, "target": "309.xyz", "model": "10.xyz", "model_rescale": 4.2482417240324, "target_rescale": 3.6636962361534295},
{"mapping": [6, 0, 10, 8, 4, 1, 5, 7, 2, 3, 9, 11], "R": [[0.11077550287164828, 0.8992519445020078, 0.42317222058269777], [0.9928601545856486, -0.11908789040449441, -0.0068401604636957325], [0.044243659429294674, 0.42090855855917814, -0.9060234455751902]], "T": [-0.10502838864195552, -0.029833096293660804, -0.1121784074726167], "aligned_model": [[0.25211657034539886, -0.4648882011285502, -0.3171987456333507, -0.5966821023450075, 0.49803589851403274, -0.6941930852448479, 0.643533403895247, 0.14176699469608728, -0.01722764472674207, -0.4483658545046907, 0.16722895426712414, -0.02309680063943663], [-0.2887840470988355, -0.6805658143751875, -0.41122284578306595, 0.12660600573484848, -0.6532185536666504, -0.052263597475457724, 0.003980846235784364, 0.47270083991765754, 0.4299745935358154, 0.7038687323749812, -0.12641981179621953, -0.08136205368083038], [-0.5874404630693089, -0.25670287221541865, 0.361665407653259, 0.22047946799905344, 0.004198640630324713, -0.5014448800229212, -0.060235839518812784, 0.26875193841011663, -0.6854368170282836, -0.06890442458461185, 0.6597398833842729, -0.03193688912204479]], "inverted": false, "swapped": false, "error_lsq": 0.041864738273592106, "error_max": 0.24235452434922244, "target": "309.xyz", "model": "11.xyz", "model_rescale": 3.6694154284099745, "target_rescale": 3.6636962361534295},
{"mapping": [4, 0, 12, 7, 1, 6, 3, 8, 11, 9, 2, 13], "R": [[-0.5790485891434054, -0.6856654256757464, 0.4410959707863236], [-0.3686471212135782, -0.2623643441290686, -0.8917758972694123], [0.7271877552819308, -0.6789903349552344, -0.10084688198157449]], "T": [-0.225298710739081, -0.06498916989004833, -0.015594551937189303], "aligned_model": [[0.2396241314316844, -0.2462499096657456, -0.3703235700094386, -0.8768678118073302, 0.38857675723885865, -0.5237915764522896, 0.6277413300509154, 0.30322793001313375, -0.13479715047490543, -0.3306959065389091, 0.2526172996750913, -0.18803213596580123], [-0.22323033666285663, -0.7080745202177544, -0.4811393607327525, 0.24875339700950583, -0.6297027639477073, -0.09743573325547128, -0.06253052501617995, 0.4655274376748416, 0.47034857698891075, 0.7201409434681147, -0.08735705979394631, -0.17200576159186498], [-0.5692055468754492, -0.32662532836113967, 0.5016629362847628, 0.15525224117856312, 0.1283810036370436, -0.4948690694089197, -0.1320657693160171, 0.09307729549400962, -0.5158461019231775, 0.1153573594876525, 0.4287133794385232, -0.06109924712022628]], "inverted": true, "swapped": false, "error_lsq": 0.053297161853890725, "error_max": 0.306652446198349, "target": "309.xyz", "model": "12.xyz", "model_rescale": 3.9764082729961374, "target_rescale": 3.6636962361534295},
{"mapping": [7, 0, 9, 13, 2, 4, 8, 11, 3, 14, 10, 15], "R": [[0.9648395301957002, 0.23335999459757467, -0.12094541699940933], [-0.013181768214631413, -0.4166091164885033, -0.9089901457361378], [-0.2625088988176911, 0.8786238996180842, -0.3988848468686602]], "T": [-0.24116868927869264, -0.10331911673629936, 0.05403784411854123], "aligned_model": [[0.029074747196507406, -0.2440293502801607, -0.40538618095919143, -0.497200458992361, 0.37299481654690403, -0.5940825708459547, 0.44741813437019107, 0.15970890868326668, 0.19548641282892767, -0.3556934937100873, 0.28202428882237296, -0.24928586616515058], [-0.33323633525456414, -0.741858188967058, -0.6531924519366578, 0.3271713731810589, -0.5885058343322543, -0.25547148887877474, 0.05137452055542545, 0.562622799008617, 0.3871694084611956, 0.6708643361613634, 0.0795811518645496, -0.06322499594006084], [-0.61315047756724, -0.2914583256946393, 0.23340076442098798, 0.4056146027003609, -0.09976901881869946, -0.552728313167587, 0.01440324399256044, 0.2164053749110345, -0.472456957153591, -0.10823381084458744, 0.6362435623743316, -0.0455374926373066]], "inverted": true, "swapped": false, "error_lsq": 0.052319201746189696, "error_max": 0.2500454425680625, "target": "309.xyz", "model": "13.xyz", "model_rescale": 4.170626492500431, "target_rescale": 3.6636962361534295},
{"mapping": [3, 11, 12, 8, 6, 9, 2, 0, 1, 7, 4, 13], "R": [[0.4747931982368174, -0.032767706540067165, 0.8794871780282861], [-0.6750471738555465, 0.6276264226194253, 0.38780973002180097], [-0.5646970267122838, -0.7778247559945919, 0.27587300879980914]], "T": [-0.05933348357403604, -0.056676885850180984, -0.024571384045724835], "aligned_model": [[0.29866404929866114, -0.2656363595236653, -0.4920361611082187, -0.43771833533779153, 0.3819428857387535, -0.5516371462914545, 0.5815971009588238, 0.15333100863924506, -0.10774836940621135, -0.4939275739160163, 0.13953753008368533, -0.065339241640547], [-0.2538407762054944, -0.6467281216843874, -0.3930204239606321, 0.25617551464463173, -0.7723906729838085, -0.11963488504041123, 0.05379148063845244, 0.4998156143068094, 0.41435540480839284, 0.6277972000586434, -0.06561663114924168, -0.15740940951011448], [-0.5799431255188603, -0.35462942984461604, 0.4605549277662251, 0.5326579872775009, -0.04733556255166357, -0.6648680594055579, 0.07511258182664521, -0.05536614899971911, -0.6300456195687074, -0.03185185435428938, 0.6561881413916787, -0.03774068550301104]], "inverted": true, "swapped": false, "error_lsq": 0.05276370844546646, "error_max": 0.2804152933946347, "target": "309.xyz", "model": "14.xyz", "model_rescale": 3.9786697098870705, "target_rescale": 3.6636962361534295},
{"mapping": [4, 1, 6, 9, 10, 0, 5, 8, 2, 3, 7, 11], "R": [[-0.25984102281596727, -0.9531145957870186, -0.15509742151209496], [-0.9641609510777112, 0.26499205521171265, -0.013148045162540103], [0.053631178235011207, 0.14612247593173716, -0.9878116818243766]], "T": [-0.07881784300852672, -0.08453149454875473, -0.026109219045555958], "aligned_model": [[0.26020263070804467, -0.3273196806578277, -0.49224112222761296, -0.5579043126346925, 0.365273580032076, -0.5542146381509421, 0.6621145457590685, 0.12027481730711466, 0.07733731245170004, -0.5336512335162423, 0.2749919404814347, -0.15383445205685653], [-0.2210986291203993, -0.7012877224369486, -0.47807011987573456, 0.1810728561549546, -0.7873766436152515, -0.006934499751222831, 0.22245248003566231, 0.38546626495957903, 0.5056451195624063, 0.7090915989594173, -0.2547418048238571, -0.11092460612576598], [-0.5173619709432216, -0.16223667233249875, 0.5230394251113831, 0.2694322358429627, -0.059463272957389755, -0.5278882337975238, -0.06405157471105016, 0.08202192673391726, -0.6434863710738045, -0.11796891985299784, 0.505607898201516, 0.03508868229433219]], "inverted": true, "swapped": false, "error_lsq": 0.051319478991081795, "error_max": 0.2997701275317763, "target": "309.xyz", "model": "15.xyz", "model_rescale": 3.769337070930944, "target_rescale": 3.6636962361534295},
{"mapping": [5, 3, 0, 8, 1, 2, 4, 10, 6, 7, 11], "R": [[0.3397330355114948, -0.8402303611673049, 0.4226043122766327], [0.6065170210497745, -0.14769530463665803, -0.7812318478948438], [0.7188313903545482, 0.5217269756883814, 0.45943704147576303]], "T": [-0.06923940442895365, 0.01645325096686969, 0.09783122739797946], "aligned_model": [[-0.34071121758342693, -0.3928662397572295, -0.018247895261609193, -0.6451431083578458, 0.3335932562414063, 0.3856794048473248, 0.626817573294568, 0.2686466185560293, -0.013657240923057284, -0.3125665424424116, 0.03108152207742275], [0.012100924270469458, -0.6822271402080403, 0.6278672858079228, 0.4397240919718793, 0.2540400952476357, -0.46217456765303555, 0.37733352304549633, -0.41090714236615195, 0.4841496642189024, -0.07755705058656848, 0.033714813876832284], [-0.5754486604401373, -0.04834037785651622, -0.2587510023955133, 0.04875995714314675, -0.6705287423556308, -0.32838488206219413, 0.05675459641857292, 0.4096788064938357, 0.56557941836181, 0.524043642067945, 0.02085485184845809]], "inverted": false, "swapped": true, "error_lsq": 0.04123374579881847, "error_max": 0.2822626454586888, "target": "309.xyz", "model": "16.xyz", "model_rescale": 3.7852294659196426, "target_rescale": 3.6636962361534295},
{"mapping": [2, 7, 5, 10, 1, 11, 3, 0, 8, 9, 4, 12], "R": [[0.08817801155993205, 0.9571663742966813, 0.2757846445926273], [-0.55504548464861, -0.1826846350421905, 0.8115114503755885], [0.8271330898038876, -0.22463048776879535, 0.5151621062502821]], "T": [-0.06656254337082014, -0.07612391519339384, -0.06312382041134844], "aligned_model": [[0.13078223090016866, -0.3983652444831841, -0.1505389852078824, -0.7039364934963894, 0.36903418271344235, -0.550976515062998, 0.7140113862312167, 0.2282305890790926, -0.007493151068468082, -0.41548293773222855, 0.06664778377127135, -0.14088345814877673], [-0.37403114841043766, -0.6535532286631756, -0.5552146769077158, 0.18748870674592738, -0.6001771490635395, -0.03543251344438836, 0.031222068215260496, 0.4487604060429982, 0.39713253810469756, 0.7110020122905749, -0.09182402994597144, -0.022078691041390604], [-0.5595040592355458, -0.2820058906153218, 0.37917586285414984, 0.3534309881489952, 0.03626357588206468, -0.6123226808311277, -0.17118191327911608, 0.2583425294906304, -0.5066833401572465, -0.14025434739659787, 0.6324300597654837, -0.06495763211074353]], "inverted": true, "swapped": false, "error_lsq": 0.04481835294901523, "error_max": 0.2924936717536379, "target": "309.xyz", "model": "17.xyz", "model_rescale": 3.901054581598922, "target_rescale": 3.6636962361534295},
{"mapping": [7, 12, 9, 10, 3, 11, 0, 8, 1, 4, 5, 14], "R": [[-0.2791692387167364, 0.21075063559965537, -0.9368290696539359], [-0.4632654221823247, -0.8841284181453333, -0.06084479302342319], [-0.8411002822283145, 0.41701451991767857, 0.34445493959773277]], "T": [-0.04181147173233704, -0.029330052297688883, -0.012078198093796587], "aligned_model": [[0.05973381760461707, -0.13604491190828888, -0.4573433182898967, -0.776247879581509, 0.47863560771143077, -0.6997605851364304, 0.6406918700660432, 0.22030012071532754, 0.19738238078294393, -0.27521599868530977, -0.04196785742821907, -0.06913385835544443], [-0.21594153154724566, -0.7183446781033525, -0.3714791843836626, 0.24550165603950985, -0.577762629620548, -0.35442560500186393, -0.021173937096218856, 0.4712872816691696, 0.3993835618644854, 0.7262097685350513, -0.06320335609540237, -0.07675705233708198], [-0.6402037697934455, -0.27352419300612607, 0.3679966330165696, 0.22776433993255588, -0.12053295890323962, -0.3253621502991563, -0.3431781599155232, 0.33591325320398596, -0.5067260398830239, 0.003917921551230878, 0.6115712401557396, -0.01490296354394257]], "inverted": false, "swapped": false, "error_lsq": 0.051627315871804226, "error_max": 0.2783505353303875, "target": "309.xyz", "model": "18.xyz", "model_rescale": 3.9405287249114394, "target_rescale": 3.6636962361534295},
{"mapping": [11, 14, 12, 4, 10, 13, 5, 8, 9, 7, 1, 15], "R": [[-0.7618728303052247, 0.11674996695644654, 0.6371179134652981], [0.47800037684418467, -0.5624441761136634, 0.6746645006910028], [0.4371103180886079, 0.8185511553785085, 0.3727044081426794]], "T": [-0.09495456775292689, -0.08193845283229789, 0.0787070104448288], "aligned_model": [[0.14000186323297192, -0.29766361896059784, -0.50674224796879, -0.6346488783349861, 0.3547970737650584, -0.4873968455000377, 0.6162327413724127, 0.21739705484440092, 0.03086128643802076, -0.35797437417120365, 0.12515584347920156, -0.058990510701186584], [-0.2664947862792435, -0.7464274142322775, -0.3623159753798616, 0.3026086992050184, -0.6856647096482691, -0.17214246102054465, 0.27040041628041084, 0.5938230615139395, 0.34867377191350635, 0.5197912581068445, -0.26019931378373434, -0.0987582527529492], [-0.576996914526499, -0.2634953022478939, 0.30665089275343826, 0.387767793465618, -0.14743919166650463, -0.4590495710261944, -0.1689471343020416, 0.21307588751557588, -0.5439914155128784, -0.17500046943333952, 0.6747723561071266, 0.07538622138921759]], "inverted": true, "swapped": false, "error_lsq": 0.045093754583964224, "error_max": 0.29423641439945486, "target": "309.xyz", "model": "19.xyz", "model_rescale": 4.410303926677745, "target_rescale": 3.6636962361534295},
{"mapping": [6, 0, 1, 7, 3, 2, 10, 9, 11, 12, 8, 13], "R": [[0.7992949490257308, 0.09423044484769515, -0.5935050191243206], [-0.516476868823829, -0.3971779567568999, -0.7586180294696058], [-0.3072120252071653, 0.9128911731034647, -0.26879448959733604]], "T": [-0.07733923907007689, -0.10833218909070808, -0.10005078739900233], "aligned_model": [[0.10475273879032088, -0.2798803417559039, -0.4697990597955294, -0.6238208056124143, 0.31553012468900943, -0.6893454402213879, 0.7043200850947127, 0.19911005517013036, 0.23404076988586192, -0.3663604279552109, 0.05267628962538429, -0.04019460041970871], [-0.2010340371138183, -0.7722827551455058, -0.47699180412416287, 0.10025401879507145, -0.6926027430228379, -0.2511270094224443, 0.07974495724135128, 0.4850646625471532, 0.4800482552430192, 0.5879970168229526, 0.18242964625688263, -0.07820591415482121], [-0.642963950023125, -0.276986143054864, 0.4226204941268965, 0.30578520936690334, -0.2739596098600262, -0.30901675781729865, 0.06956554725384145, 0.11281699073798954, -0.5939984235325559, -0.05243433377586966, 0.5996713708971467, -0.03836724180341324]], "inverted": true, "swapped": false, "error_lsq": 0.052560989104525606, "error_max": 0.2910533590979032, "target": "309.xyz", "model": "20.xyz", "model_rescale": 4.121658175737393, "target_rescale": 3.6636962361534295},
{"mapping": [6, 8, 5, 7, 1, 9, 2, 4, 10, 11, 3, 12], "R": [[-0.1928195040650849, -0.6217239587570821, -0.759131054535063], [-0.8242509664504906, -0.31712694123127677, 0.4690851174901275], [-0.5323823655583712, 0.7161632650818642, -0.45130831433705776]], "T": [-0.0713658998020401, -0.10920052553870753, -0.06053161738321607], "aligned_model": [[0.22161035576861499, -0.3813811422529444, -0.37595327007261836, -0.5362633438997373, 0.4277278800519579, -0.6555257692377153, 0.6709237999079267, 0.20298809539792267, 0.03201473260241551, -0.4454566388924113, 0.08168843392543094, -0.10134374580357787], [-0.36624714194000496, -0.6067811801219077, -0.6239605673502747, 0.09132198590435457, -0.5375539817064153, 0.07607534964343503, 0.0492153727821696, 0.3936577099363521, 0.31775351861931656, 0.6760788480148989, 0.09842366260376993, -0.12468928246285371], [-0.5808357714513457, -0.39220486668009835, 0.2652783935319668, 0.3982484481963373, 0.1626131371902919, -0.44405863363764864, -0.04948448776531838, -0.028986692915944988, -0.7052763193294641, 0.07348863309802209, 0.5845321549473936, 0.03941915733143323]], "inverted": true, "swapped": false, "error_lsq": 0.04967097048879108, "error_max": 0.23822770227049708, "target": "309.xyz", "model": "21.xyz", "model_rescale": 4.08911054899281, "target_rescale": 3.6636962361534295},
{"mapping": [11, 1, 0, 7, 2, 8, 14, 12, 5, 10, 13, 16], "R": [[-0.4040853699605963, 0.04035058405923769, -0.9138308618939759], [-0.5870884619208798, -0.7775475735005614, 0.22527074559907956], [-0.7014571630992046, 0.6275281677418695, 0.33788496123288525]], "T": [-0.007505361941699942, -0.07426094348883971, -0.06148053385559321], "aligned_model": [[0.0326876170948716, -0.18751089469379195, -0.5274891220113663, -0.4154377486849531, 0.3378163278004547, -0.4746066853215516, 0.5989243725206476, 0.2489047624841007, -0.1834187078387593, -0.34467829568357666, 0.07808878012783342, -0.022251018298644832], [-0.2541942673116689, -0.783205964499415, -0.4674780636614672, 0.2664946941516134, -0.7003966229644947, -0.2370963945874558, 0.11319876496517345, 0.5136442530350713, 0.3710726839453622, 0.6585241817376875, 0.050084464725901764, -0.0873534356134679], [-0.8043813035904765, -0.3696904406220532, 0.3569410046032098, 0.411037139117212, 0.03832362865497402, -0.5473436705745407, 0.03298861885219234, 0.30402026508500046, -0.5796132475108544, -0.08329296640163894, 0.5819025777719409, -0.01815845286934064]], "inverted": true, "swapped": false, "error_lsq": 0.0464179418632902, "error_max": 0.23602523502873682, "target": "309.xyz", "model": "22.xyz", "model_rescale": 4.204369325754507, "target_rescale": 3.6636962361534295},
{"mapping": [11, 14, 12, 4, 10, 13, 5, 8, 9, 7, 1, 15], "R": [[-0.7618728303052247, 0.11674996695644654, 0.6371179134652981], [0.47800037684418467, -0.5624441761136634, 0.6746645006910028], [0.4371103180886079, 0.8185511553785085, 0.3727044081426794]], "T": [-0.09495456775292689, -0.08193845283229789, 0.0787070104448288], "aligned_model": [[0.14000186323297192, -0.29766361896059784, -0.50674224796879, -0.6346488783349861, 0.3547970737650584, -0.4873968455000377, 0.6162327413724127, 0.21739705484440092, 0.03086128643802076, -0.35797437417120365, 0.12515584347920156, -0.058990510701186584], [-0.2664947862792435, -0.7464274142322775, -0.3623159753798616, 0.3026086992050184, -0.6856647096482691, -0.17214246102054465, 0.27040041628041084, 0.5938230615139395, 0.34867377191350635, 0.5197912581068445, -0.26019931378373434, -0.0987582527529492], [-0.576996914526499, -0.2634953022478939, 0.30665089275343826, 0.387767793465618, -0.14743919166650463, -0.4590495710261944, -0.1689471343020416, 0.21307588751557588, -0.5439914155128784, -0.17500046943333952, 0.6747723561071266, 0.07538622138921759]], "inverted": true, "swapped": false, "error_lsq": 0.045093754583964224, "error_max": 0.29423641439945486, "target": "309.xyz", "model": "23.xyz", "model_rescale": 4.410303926677745, "target_rescale": 3.6636962361534295},
{"mapping": [0, 3, 10, 15, 1, 5, 7, 13, 12, 6, 11, 16], "R": [[0.5016053742091837, 0.5568411727727656, -0.6620573667511871], [-0.3353999137535514, 0.8306184932738314, 0.44449951235701124], [0.7974327221895119, -0.0009093605233867486, 0.6034071814661004]], "T": [-0.16729797036620753, -0.051352492333602444, 0.07043369277357692], "aligned_model": [[0.12092635113240335, -0.16249109825859426, -0.3077005073395999, -0.7331799690863546, 0.4274848969406414, -0.5739082558132466, 0.48589255679327625, 0.18679651844711237, -0.0023716220230580454, -0.3253846065216425, 0.16846563778155949, -0.14350051455723284], [-0.2053567575255669, -0.8370474350302333, -0.6024898636588761, 0.3233468323884743, -0.6698025215159673, 0.1355796712902821, -0.011553969264629337, 0.5553044393966626, 0.368283077531206, 0.676312625061056, -0.13454779729717503, -0.15473400745239285], [-0.6104445914193587, -0.3676431676465328, 0.38716492239218825, 0.29109671734285153, 0.061039453426361856, -0.37152385654479736, -0.04656677505857304, 0.04266529338161928, -0.5950594498733848, -0.08257017043214274, 0.6005872811669535, 0.01398749578043957]], "inverted": false, "swapped": false, "error_lsq": 0.0430225997728795, "error_max": 0.26278705111948264, "target": "309.xyz", "model": "24.xyz", "model_rescale": 4.28219845311461, "target_rescale": 3.6636962361534295},
{"mapping": [12, 13, 4, 0, 9, 2, 5, 8, 10, 6, 1, 15], "R": [[-0.35322297842044176, -0.7840282105514851, 0.5104246198756762], [-0.9265701917508091, 0.3685475211079399, -0.07510262607966259], [-0.12923315083468784, -0.4994722111835943, -0.8566366224839503]], "T": [-0.04203912697916676, -0.1877017650238712, -0.0803856745682796], "aligned_model": [[0.130564297821097, -0.3133198234416825, -0.4771263174505892, -0.6307067417138671, 0.4823144608706903, -0.6972216722126213, 0.7171738398862587, 0.20460325715914815, 0.14932239605354414, -0.4399857289308836, 0.11353341202697376, -0.0981219925728041], [-0.4644417275450451, -0.6217922222667078, -0.4696236386344577, 0.17098624515552024, -0.6136447232825768, -0.11141474846454702, 0.12236160274170571, 0.4451273340040555, 0.4655508687340319, 0.619891069775127, 0.06071221921562872, -0.16041798550989453], [-0.7717921766522731, -0.38186322861587696, 0.4352379933265259, 0.35592559362441045, -0.10273729861832041, -0.26395077995001925, 0.14925983448297203, 0.06328381662207179, -0.48824175558073973, -0.12075212273283255, 0.48879362616929245, -0.04043034955958592]], "inverted": false, "swapped": false, "error_lsq": 0.04948627938921754, "error_max": 0.28721725487143346, "target": "309.xyz", "model": "25.xyz", "model_rescale": 4.100010024507729, "target_rescale": 3.6636962361534295},
{"mapping": [6, 0, 10, 8, 4, 1, 5, 7, 2, 3, 9, 11], "R": [[0.11077550287164828, 0.8992519445020078, 0.42317222058269777], [0.9928601545856486, -0.11908789040449441, -0.0068401604636957325], [0.044243659429294674, 0.42090855855917814, -0.9060234455751902]], "T": [-0.10502838864195552, -0.029833096293660804, -0.1121784074726167], "aligned_model": [[0.25211657034539886, -0.4648882011285502, -0.3171987456333507, -0.5966821023450075, 0.49803589851403274, -0.6941930852448479, 0.643533403895247, 0.14176699469608728, -0.01722764472674207, -0.4483658545046907, 0.16722895426712414, -0.02309680063943663], [-0.2887840470988355, -0.6805658143751875, -0.41122284578306595, 0.12660600573484848, -0.6532185536666504, -0.052263597475457724, 0.003980846235784364, 0.47270083991765754, 0.4299745935358154, 0.7038687323749812, -0.12641981179621953, -0.08136205368083038], [-0.5874404630693089, -0.25670287221541865, 0.361665407653259, 0.22047946799905344, 0.004198640630324713, -0.5014448800229212, -0.060235839518812784, 0.26875193841011663, -0.6854368170282836, -0.06890442458461185, 0.6597398833842729, -0.03193688912204479]], "inverted": false, "swapped": false, "error_lsq": 0.041864738273592106, "error_max": 0.24235452434922244, "target": "309.xyz", "model": "26.xyz", "model_rescale": 3.6694154284099745, "target_rescale": 3.6636962361534295},
{"mapping": [8, 9, 12, 6, 10, 7, 4, 0, 5, 1, 2, 13], "R": [[-0.9048430302625368, 0.25747796509747056, 0.33906369324151475], [-0.41247770451454047, -0.3328999846036438, -0.8479621120836174], [-0.10545726083928823, -0.9071288209180435, 0.40742615084959244]], "T": [-0.09279516455308917, -0.1294908319057375, -0.0837779525203723], "aligned_model": [[0.23185160757868778, -0.31138557669765443, -0.5441373037464776, -0.5268114438974706, 0.34637151606848615, -0.4925583087178586, 0.7197956381110222, 0.19545634083561048, -0.0419473006895168, -0.49287397977731057, 0.1300860200037065, -0.07281782157596015], [-0.3149614723356324, -0.7528978859582369, -0.4776873359008954, 0.149039551178135, -0.5379639382105126, -0.06375860154795793, -0.0064650120013236, 0.4393699623932108, 0.5132307770711995, 0.6560360458237438, -0.040260573884356304, -0.12038722270453384], [-0.602007927833449, -0.2524356299216873, 0.468292949947178, 0.36925750610025565, -0.03716177560514304, -0.5654388572844328, -0.09333855665757368, 0.09012377111645524, -0.5423648339460833, -0.03346771828214758, 0.5522185764224201, -0.03094435154016783]], "inverted": false, "swapped": false, "error_lsq": 0.03995597935593002, "error_max": 0.1890203350090074, "target": "309.xyz", "model": "27.xyz", "model_rescale": 4.103607728864725, "target_rescale": 3.6636962361534295},
{"mapping": [0, 1, 8, 13, 5, 2, 9, 10, 3, 12, 11, 14], "R": [[-0.9416464604580389, 0.11624432638567797, 0.31589428625726584], [-0.09521183164661176, -0.9921336737014718, 0.08127410794416173], [0.32285701265629135, 0.0464546024712511, 0.9453069973759286]], "T": [-0.013248902881692712, 0.004721546777958108, 0.08104676749976758], "aligned_model": [[0.1173157143398645, -0.25644254451595677, -0.5050271580906139, -0.5418325988657887, 0.4374607472151225, -0.5399353133252813, 0.7683255257147579, 0.2940203163641153, -0.0320883176531437, -0.5388328427080266, -0.0012373332178701596, -0.06069680776191475], [-0.24109748686573346, -0.692389739884485, -0.5391355459060649, 0.1828564762198569, -0.5622666888339738, 0.028645624086789806, -0.005016938617763804, 0.40776448321127123, 0.34808468186192704, 0.6260014068127788, -0.02992775107002356, -0.08022422709173928], [-0.5763858331597349, -0.4266475684459541, 0.44799851807138047, 0.4108038844907791, -0.021547395926538843, -0.4321293911544025, -0.16220310509900834, 0.13505875321623834, -0.5862445380656403, -0.19293585026361965, 0.7671345037348213, -0.04016882488269656]], "inverted": false, "swapped": false, "error_lsq": 0.04225147625557387, "error_max": 0.26821327082489765, "target": "309.xyz", "model": "28.xyz", "model_rescale": 4.137296879288765, "target_rescale": 3.6636962361534295},
{"mapping": [6, 7, 9, 3, 5, 8, 0, 10, 2, 4, 11], "R": [[-0.6375869599067837, -0.059924381521717474, 0.7680442285806628], [0.5646579416610678, 0.641857318485866, 0.5188261670590836], [-0.5240651462136283, 0.7644790717903097, -0.375403078461958]], "T": [0.03143508380726067, -0.03937746360197334, 0.036009430394209244], "aligned_model": [[0.5439326805033871, 0.03629710622223541, -0.14489451042131862, -0.620535833718627, -0.0218882102236821, 0.5298102813619572, 0.5725004090502369, -0.3973311720527717, -0.5668964603364929, 0.2685164531890246, 0.02190826713594926], [-0.4165085366254623, -0.5027166193515559, -0.3029502376683158, -0.047895686238484676, 0.5843617695352535, 0.001557294915321382, 0.4126913513191842, -0.3687685833495384, 0.3608195724510586, 0.14698051817800495, 0.051576973482485876], [0.22504923879337946, -0.1510633971305061, -0.7695419145447094, -0.3988654002446349, -0.3315877551383113, -0.4769991256903615, 0.11638506729850999, 0.35493539511568567, 0.35150519798940616, 0.760909632866747, 0.12502708246779354]], "inverted": true, "swapped": true, "error_lsq": 0.048888690969586486, "error_max": 0.2629840161165777, "target": "309.xyz", "model": "29.xyz", "model_rescale": 3.607286011436655, "target_rescale": 3.6636962361534295},
