[{"mapping": [10, 0, 9, 3, 8, 4, 2, 1, 5, 7, 6, 11], "R": [[0.1482964832169339, -0.32468208823981326, -0.9341250958205352], [0.8987328075861821, -0.3498967769985005, 0.2642945062128992], [-0.4126590525285352, -0.8787228158084299, 0.23991398321889446]], "T": [0.017736895778978794, -0.037668877988777064, -0.08710734248149847], "aligned_model": [[-0.45069737691863443, 0.5247093006843954, -0.5099730430896015, -0.18231798645721753, 0.06968405445300263, 0.5063421596566325, 0.7355191853680658, 0.2963175435379877, 0.10821895575325974, -0.4771775612991858, -0.3533034835045426, 0.058771985082635265], [-0.5005053131851669, -0.2752657217069991, 0.08186561107853745, -0.39634991499765804, 0.45464504170159425, -0.46658871517598244, 0.3251381648504531, 0.37939630375232974, -0.394518349588269, 0.07883762892029879, 0.5611183084464093, -0.06646873629559723], [0.08056231005533022, 0.17617599257991107, -0.36385659861545916, -0.6396998438517402, -0.48463971585001864, -0.5663162073013033, -0.13080951639680938, 0.4132225650718912, 0.6566384366472862, 0.7116975297425532, 0.0830027094176486, -0.038951911890023505]], "inverted": false, "swapped": false, "error_lsq": 0.05480378611957332, "error_max": 0.2709428951881092, "target": "31.xyz", "model": "0.xyz", "model_rescale": 3.751011558992144, "target_rescale": 3.5958979899826287},
{"mapping": [1, 8, 7, 0, 13, 2, 5, 10, 4, 6, 11, 14], "R": [[0.9299608148102767, -0.22180429311573932, -0.2932161974939884], [-0.367601086103138, -0.5468347984951945, -0.7522241319251288], [0.006505721574101536, 0.8073255593068682, -0.5900704338268891]], "T": [0.034789754469612286, 0.04129550483798701, -0.05435589903048999], "aligned_model": [[-0.34727911370237835, 0.49119183334276945, -0.6153188737379383, -0.26487710133686704, 0.3389530700046004, 0.4801201378771235, 0.6359243726985451, 0.30514626358797464, 0.20686273848875553, -0.5632942530642697, -0.36221804770489774, 0.0208827068133801], [-0.5121733933457386, -0.4283810335187153, -0.010219111604391526, -0.49567989479198676, 0.40379323968922853, -0.27111328282158526, 0.17608155335507858, 0.4000123385668146, -0.3228514850825623, 0.08063967487998822, 0.6683165463092181, 0.09287915616460131], [0.1283490766896662, 0.052972307222100105, -0.1742810407653891, -0.498610008997718, -0.605338900593207, -0.6771076160054845, -0.15709799793606855, 0.6317077564022682, 0.6263509599127406, 0.3978313425918916, 0.23883415450402834, -0.06658428341556145]], "inverted": true, "swapped": false, "error_lsq": 0.04983734387476377, "error_max": 0.32030517934134284, "target": "31.xyz", "model": "1.xyz", "model_rescale": 3.9405287249114394, "target_rescale": 3.5958979899826287},
{"mapping": [2, 4, 5, 9, 10, 8, 3, 7, 1, 0, 6, 12], "R": [[-0.8900910219384947, 0.4398826559894469, 0.1193365896284795], [-0.19613327059127866, -0.1333180457615331, -0.9714720988486978], [-0.4114240061440928, -0.8881044688740147, 0.20494081959031452]], "T": [0.00826388926269292, 0.02029389394795136, 0.01913378673717992], "aligned_model": [[-0.3650841510886945, 0.6038691307279648, -0.6712548218307186, -0.1294658701133232, 0.26897944723888434, 0.3973004164744275, 0.47511155815318806, 0.5057271052487102, 0.03630561126590744, -0.658131880028237, -0.131687985359822, -0.005574827421489603], [-0.5401949621151069, -0.33382318138409095, -0.1632772172743544, -0.13114821836772236, 0.2958960983769923, -0.32550788382510754, 0.32291802093243577, 0.41823692445955135, -0.3528552787863004, 0.15318238690369226, 0.5038875285870205, -0.06600990970705993], [0.12225076165651053, 0.1266103664193885, -0.16151019676436218, -0.7609155111213919, -0.7342306284400879, -0.5551148363293343, -0.11228756003449364, 0.4914488789841184, 0.7171306986738331, 0.5102420389453672, 0.22384422300177811, 0.029557514617940518]], "inverted": true, "swapped": false, "error_lsq": 0.05740754864192691, "error_max": 0.30756967864447116, "target": "31.xyz", "model": "2.xyz", "model_rescale": 3.932901565614263, "target_rescale": 3.5958979899826287},
{"mapping": [5, 6, 9, 12, 11, 10, 1, 0, 4, 7, 3, 13], "R": [[-0.6927009763458585, 0.024747960198489724, 0.7208001774663411], [0.19190351943763634, -0.9570587804149286, 0.21728214390082382], [0.6952254286179005, 0.28883564408968565, 0.6582063309528048]], "T": [0.020443528292020032, 0.1083408358853874, 0.011728032839355468], "aligned_model": [[-0.2697494480660563, 0.3198795491424891, -0.6363184217341756, -0.10234433661558837, 0.05803688812385324, 0.3592518614150851, 0.7418835229045558, 0.33356261401505444, 0.07686578419779563, -0.5612278771969097, -0.009491377876148527, 0.015744974956841875], [-0.5430811598608816, -0.5040181878136145, -0.13902330984543637, -0.49022243389962056, 0.5459139048763508, -0.13487996423175763, 0.27481909854056497, 0.353554675527156, -0.2841623515578301, 0.08699216367367092, 0.6094239656856699, 0.005987906705677851], [0.10248653428718671, -0.033513056818181786, -0.20568323594286286, -0.44628393475018885, -0.7659770828425542, -0.5706790379435965, -0.012312415345558275, 0.5509654018588985, 0.790177890841265, 0.4251831786272295, 0.10502903231671966, -0.04236752467909074]], "inverted": true, "swapped": false, "error_lsq": 0.04818601652627253, "error_max": 0.26674779183019964, "target": "31.xyz", "model": "3.xyz", "model_rescale": 3.9243930471874484, "target_rescale": 3.5958979899826287},
{"mapping": [4, 3, 8, 10, 11, 6, 5, 0, 2, 7, 1, 12], "R": [[-0.3197135444368107, -0.9460164545106656, 0.05325520912287615], [-0.8437953784979898, 0.25869782118654683, -0.47019655096434687], [0.43103666749951286, -0.19526470522960174, -0.8809535096487846]], "T": [-0.05899677510718909, 0.014637958067004981, -0.14958221530339458], "aligned_model": [[-0.3269010529952745, 0.3434497444818704, -0.6788570349242731, -0.20324183716611857, 0.09558097561737927, 0.589292268346765, 0.5588997625817864, 0.46471007350321375, 0.04422168622650757, -0.5041472594886154, -0.0865018373253923, 0.029588244408948527], [-0.4155602713870924, -0.48152593602984195, -0.03606303576604897, -0.4851265516964195, 0.27283575107124214, -0.12149173515769597, 0.4415852037293343, 0.1532310290115638, -0.26985813053254526, 0.05781547528722121, 0.5864267037001435, 0.07903580557008875], [0.15948743817927855, 0.06210519440719639, -0.24725020617074595, -0.6255617488670259, -0.8814112254254258, -0.4371696585216558, -0.051893843896096886, 0.5060437838495593, 0.7219809867221607, 0.5159217344774132, 0.277572793917075, -0.10279949906246641]], "inverted": false, "swapped": false, "error_lsq": 0.056417579919461926, "error_max": 0.2813254875917784, "target": "31.xyz", "model": "4.xyz", "model_rescale": 3.8936222436046832, "target_rescale": 3.5958979899826287},
{"mapping": [1, 9, 4, 5, 7, 6, 8, 3, 0, 2, 10, 11], "R": [[-0.804334181118737, 0.39774599354084933, -0.4414121086991766], [-0.48609224393176137, -0.8677121434634264, 0.10387476341966449], [-0.34170287600989835, 0.29811702519029165, 0.8912717788745784]], "T": [0.09538648577015872, 0.04181154733489617, -0.017392093647293987], "aligned_model": [[-0.19348841165163722, 0.6072322854100032, -0.6707811341434443, -0.3231859450934444, 0.1858598665337145, 0.3352443521745436, 0.6855588607512344, 0.23516859010619567, 0.11527314068342763, -0.4767926132655853, -0.14702117982366453, -0.02697407841454587], [-0.6941464554824193, -0.2709714419936289, 0.13407927765291727, -0.3116421629792878, 0.315919947430102, -0.43477112101439386, 0.48031789728548163, 0.24001984530844495, -0.3697782957200268, 0.1052141398336181, 0.6253333806220374, -0.03827070314289524], [0.11686839529023263, 0.13166032263307936, -0.20473787834696777, -0.6149190401801967, -0.5974150929831087, -0.6089542562817228, 0.05521352041274311, 0.5036227489848587, 0.7654978290285606, 0.45773910382894817, -0.002963191276309833, -0.10458671150085042]], "inverted": true, "swapped": false, "error_lsq": 0.05511646959125114, "error_max": 0.34326887736675715, "target": "31.xyz", "model": "5.xyz", "model_rescale": 3.6523030999806103, "target_rescale": 3.5958979899826287},
{"mapping": [3, 7, 2, 4, 10, 11, 9, 8, 5, 1, 6, 12], "R": [[0.164771002567781, 0.42510394494671666, 0.8900208720606204], [0.7423888571892463, -0.6475531922016459, 0.17185356554550552], [0.649391485495501, 0.6324250937938796, -0.42229042057066535]], "T": [0.018497798644289083, 0.006108140463475891, 0.0488149841804314], "aligned_model": [[-0.2190380891155358, 0.41484271913646525, -0.6815696414637917, -0.18007394826367792, 0.09999515682230087, 0.4725533744734608, 0.6842777012224931, 0.3080061737539436, 0.17860640225029042, -0.5706606159835039, -0.2077122353664773, 0.026866735800830124], [-0.6459556957003632, -0.5488888023676762, 0.039877336891695495, -0.151949195881835, 0.4841143362484332, -0.4236205121703172, 0.22955732504756557, 0.43892966047180426, -0.1705349559047617, 0.0011213706217093299, 0.6149724056325209, -0.08631896508882562], [0.0167189012195825, 0.0901327424123258, -0.24269291430986506, -0.46569326811904443, -0.562365266701574, -0.570649157077933, -0.12285463576527847, 0.4760778250940061, 0.6868322108628481, 0.4165681086991135, 0.07597725921615353, 0.09897394407893166]], "inverted": true, "swapped": false, "error_lsq": 0.04708571573331107, "error_max": 0.24490859436321344, "target": "31.xyz", "model": "6.xyz", "model_rescale": 4.08911054899281, "target_rescale": 3.5958979899826287},
{"mapping": [7, 6, 12, 5, 10, 4, 8, 1, 2, 13, 11, 14], "R": [[0.6399100131520166, 0.592478648508314, 0.48937125592902114], [0.30574632337251584, 0.38795185475434657, -0.8694898183054538], [-0.7050066388424827, 0.7060187033318763, 0.06710610802006897]], "T": [0.1348593080074203, 0.008945968094822964, 0.014520167371877822], "aligned_model": [[-0.25287634835520756, 0.3644731581573407, -0.5285811372793514, -0.14458777891876912, -0.0524671877419024, 0.4912230393651663, 0.5709940863064142, 0.20676184121961094, 0.04040081452517427, -0.4851626867692659, -0.0868261811813574, 0.20274211393894456], [-0.6548783046508271, -0.4068601688705878, 0.1564754916296907, -0.37817035510787356, 0.3792735630175571, -0.30067699968233, 0.3225974859584879, 0.2916003666892787, -0.39664754170183186, 0.06906476246068659, 0.552324234836691, 0.1472017732210082], [0.10555510701705842, 0.1679010747062239, -0.20015105392818827, -0.5792403125371679, -0.5745818228904243, -0.5089184617909946, -0.40566806876151296, 0.6874856757958026, 0.7049628088064503, 0.399036719562752, 0.025774769670144013, 0.07486931395912305]], "inverted": true, "swapped": false, "error_lsq": 0.03827708658951635, "error_max": 0.21949650192470269, "target": "31.xyz", "model": "7.xyz", "model_rescale": 3.964800864290218, "target_rescale": 3.5958979899826287},
{"mapping": [4, 6, 7, 2, 1, 0, 3, 10, 11, 12, 8, 13], "R": [[-0.9804033861817076, -0.07966699945128947, -0.18017316548773193], [-0.005344928613960943, -0.9034885690938685, 0.42857885768528703], [-0.19692798709567172, 0.42114317602822693, 0.8853574380911389]], "T": [0.07046649091345467, 0.0193246309423372, -0.011969104143904636], "aligned_model": [[-0.1200762632351913, 0.4079281900517535, -0.5565413835008655, -0.1940688601085179, -0.0940535812760733, 0.42883355712858784, 0.781619728026957, 0.43142391725763596, 0.02331665236968062, -0.6102674867344676, -0.2304963652852748, 0.058475628572572394], [-0.6458505812604526, -0.4241351061143038, 0.20466454134607565, -0.3819390477127966, 0.38830177051553, -0.19210961629611287, 0.012509147803191494, 0.4403349588110557, -0.35858792219988483, -0.06075326676828917, 0.709994070482185, 0.08887535919375149], [0.11581505342762054, 0.14917954277218234, -0.2936842226513837, -0.46761944816432033, -0.6443526171259651, -0.5950882836173735, -0.15401599159651116, 0.5943262473161661, 0.7243000853489759, 0.30562138573646613, 0.1411800580532687, 0.02136394011014035]], "inverted": false, "swapped": false, "error_lsq": 0.05054720721784673, "error_max": 0.3205230940733375, "target": "31.xyz", "model": "8.xyz", "model_rescale": 4.121658175737393, "target_rescale": 3.5958979899826287},
{"mapping": [7, 5, 8, 11, 3, 10, 0, 4, 9, 6, 1, 12], "R": [[-0.928193197870073, 0.37090367373635325, 0.0297968494409179], [-0.08617119946418508, -0.13636123152504265, -0.9869043210564424], [-0.3619833032207861, -0.91860550800975, 0.15853078200626508]], "T": [-0.02385149291625007, -0.023055503070052753, -0.057569338693425585], "aligned_model": [[-0.23737995462544206, 0.5023949451133152, -0.7441622355671205, -0.22308349154025633, 0.05985757890598554, 0.5002753300301561, 0.606014348408311, 0.43717425691887546, -0.0877779718180293, -0.5030423377651279, 0.030962142417838304, -0.015138877211708479], [-0.6573832621842063, -0.3164281491983038, -0.008593219740480537, -0.365289814305426, 0.2105790307823273, -0.25807392775798027, 0.44697068251285255, 0.2749470973407354, -0.33609710312292573, 0.12479210593942411, 0.6103508205535626, 0.0555300469803705], [0.02754705438409976, 0.07923374329188457, -0.16479160368510792, -0.5537692595832195, -0.806629875203168, -0.5540955153655891, -0.09175486079219375, 0.6401251688498785, 0.7112662607467309, 0.4206557848803709, 0.20836977142129245, -0.0191309193357124]], "inverted": false, "swapped": false, "error_lsq": 0.044710330734351884, "error_max": 0.2319474289617167, "target": "31.xyz", "model": "9.xyz", "model_rescale": 3.833441315466971, "target_rescale": 3.5958979899826287},
{"mapping": [13, 5, 10, 0, 12, 1, 6, 3, 2, 8, 11, 14], "R": [[0.609675104550823, -0.025947631549983113, 0.7922266009847747], [-0.5257381328940494, -0.7612206697147693, 0.37966104306351645], [0.5932079589081911, -0.6479736201543583, -0.47773895075871015]], "T": [0.08824282209402837, 0.08777592933143147, 0.008264358317077345], "aligned_model": [[-0.16196714131901477, 0.3945980583215002, -0.6794460694057989, -0.10045653518765882, 0.09480637952588158, 0.3911333856164537, 0.6633399232947874, 0.4830930162246695, 0.04498371533100429, -0.604358098053783, -0.28929566804144735, 0.0896627669602032], [-0.6572161677450219, -0.5108771835350441, 0.05734886830141697, -0.41390319205734777, 0.36763041689422726, -0.20353931830814181, 0.3127743956343656, 0.21660342828966467, -0.3272179926512188, 0.18526123687319196, 0.6529072061487109, 0.10153260995514723], [0.1426827012510929, 0.08034848388088979, -0.284108867790773, -0.4118946275772232, -0.5252695607692132, -0.5991907148657768, -0.2743459429755802, 0.7710347362518748, 0.5935497154952303, 0.3522991568486116, -0.05028826308169037, 0.1022089329418242]], "inverted": true, "swapped": false, "error_lsq": 0.045635744210164246, "error_max": 0.2138034378653209, "target": "31.xyz", "model": "10.xyz", "model_rescale": 4.2482417240324, "target_rescale": 3.5958979899826287},
{"mapping": [8, 7, 0, 10, 4, 9, 5, 2, 3, 1, 6, 11], "R": [[0.6591241200647091, 0.7495946209576949, 0.06052518963384573], [-0.3130100597963277, 0.20026986848988315, 0.9283946802095242], [0.683798286642503, -0.6308723198923336, 0.3666333579728429]], "T": [-0.005474265879268594, 0.0010831517297921478, 0.046746007150532905], "aligned_model": [[-0.20061301828669892, 0.5794313748297543, -0.692919402720071, -0.24746655701450276, 0.14219633188562925, 0.3740828489311405, 0.6070915538480564, 0.15588897853931194, 0.156118748453412, -0.5862134986674992, -0.013494616796903579, 0.051990990265168874], [-0.5732907014366153, -0.3310043121942663, 0.14064309026314029, -0.3482733443244481, 0.4485738283107805, -0.41434775254549383, 0.35246462854721217, 0.333373043512457, -0.46725748673078193, -0.008402136815706604, 0.6479114371202866, 0.0009140140933852625], [0.14094459027395362, 0.1252288362700707, -0.23922896260093107, -0.4373946048934436, -0.6906718317719419, -0.5554702849810585, -0.20914526775529413, 0.6880747976741238, 0.6890982240354484, 0.44898788284219643, 0.001679596899355075, -0.06507722638321245]], "inverted": false, "swapped": false, "error_lsq": 0.04200865013975235, "error_max": 0.18954813479701807, "target": "31.xyz", "model": "11.xyz", "model_rescale": 3.6694154284099745, "target_rescale": 3.5958979899826287},
{"mapping": [6, 7, 4, 11, 8, 9, 10, 12, 5, 0, 2, 13], "R": [[-0.6605400685450551, 0.30253738295658406, 0.687137504259719], [-0.13734985979542058, 0.8510799170778158, -0.5067523959104648], [-0.7381204738121496, -0.42910850220031693, -0.5206189196319402]], "T": [-0.015396786077333038, 0.024996518209738767, 0.018777404779694647], "aligned_model": [[-0.24910991238494745, 0.5658999780499138, -0.7266933073801042, -0.19621045739657084, 0.05195872657073951, 0.48611520409030956, 0.5873391106918106, 0.2577994539315988, 0.11178579582790739, -0.5287384705712591, 0.08153350641413597, -0.11558589457673688], [-0.48344860715087096, -0.42960432131402415, 0.060519926689339074, -0.3721347298887281, 0.3294785502594461, -0.18887197879745404, 0.2233745761338003, 0.3598329463809551, -0.4231247190133113, -0.0055721993433939625, 0.6573761436996808, 0.05347872014451091], [0.10073204187989124, 0.10594085577279155, -0.18240409532123433, -0.5767239276746391, -0.6706801924559048, -0.5706564393419876, -0.010960991085184522, 0.5431979240969815, 0.6726755161749498, 0.5150472234202743, -0.1116607071931334, 0.08251854133646186]], "inverted": false, "swapped": false, "error_lsq": 0.04406765712963321, "error_max": 0.2775226975387221, "target": "31.xyz", "model": "12.xyz", "model_rescale": 3.9764082729961374, "target_rescale": 3.5958979899826287},
{"mapping": [14, 13, 7, 8, 2, 10, 12, 5, 6, 4, 0, 15], "R": [[0.46612040604045823, -0.8286964687170288, 0.30982887181249735], [0.03322932712988347, -0.33355388164616917, -0.9421452222758806], [0.8840970415577545, 0.44944851849205153, -0.12793924469890594]], "T": [0.0850263368393434, -0.027427546614107727, -0.029741348140390193], "aligned_model": [[-0.09245919424542808, 0.45878283709697226, -0.6107914262830637, -0.1131838997744579, -0.1713332068398596, 0.5271049922064545, 0.7207672435532605, 0.21621418550780208, 0.03768444380084017, -0.42001236337583964, -0.214186491071845, -0.012493387308038562], [-0.7778634936093043, -0.4643013756779245, 0.23228255971028478, -0.2253440481366834, 0.42481254959335674, -0.28815861156577516, 0.018270185097858972, 0.4540031936064703, -0.359561241895023, 0.192921462475067, 0.6336377607879038, -0.059394632586281436], [0.1803843649174084, 0.17984844689073004, -0.1691041843604267, -0.6787364152827485, -0.6347357230340527, -0.6483952685161055, -0.06070506554020638, 0.6439337193566385, 0.6566293675241163, 0.4309602334258176, -0.005819047558409542, 0.002765321786504661]], "inverted": false, "swapped": false, "error_lsq": 0.053160559713147926, "error_max": 0.310445278159407, "target": "31.xyz", "model": "13.xyz", "model_rescale": 4.170626492500431, "target_rescale": 3.5958979899826287},
{"mapping": [12, 11, 8, 10, 1, 9, 3, 6, 5, 4, 2, 13], "R": [[0.8948869988737875, 0.3259988718072889, -0.30479828547260707], [0.1753543168189859, 0.371190519529862, 0.9118489248686418], [0.4103999547022548, -0.8694494429186358, 0.2750082605829529]], "T": [-0.05390905744496256, 0.09948606487985381, -0.10104452687439995], "aligned_model": [[-0.3519812498300787, 0.4996429166732945, -0.7409076345066373, -0.13485870030264901, 0.20557951889076248, 0.44650672880331, 0.5686534976591255, 0.40028550138712415, 0.12027213117107059, -0.594095779702894, -0.10146627176165747, 0.008463074786026585], [-0.5018381358710751, -0.31195122062204816, -0.16026859707788407, -0.3864432116769294, 0.3602229912359226, -0.2725983580512249, 0.395356243902503, 0.1527323143664409, -0.41619286823250845, 0.17621353536326315, 0.6972004119842063, 0.04887120247928357], [0.19096282732093472, 0.053743144403878854, -0.21112069828029045, -0.37608670269666095, -0.7759492637676852, -0.6181940812099401, -0.08232804811213768, 0.6049026430137056, 0.6276227358955345, 0.3521379208908138, 0.16989465055920383, -0.038559378408090386]], "inverted": true, "swapped": false, "error_lsq": 0.04868914555954995, "error_max": 0.2680569305931522, "target": "31.xyz", "model": "14.xyz", "model_rescale": 3.9786697098870705, "target_rescale": 3.5958979899826287},
{"mapping": [8, 9, 5, 7, 10, 6, 1, 0, 3, 2, 4, 11], "R": [[-0.7058577080186688, -0.7083532150339866, 0.0007866267517053771], [-0.44844017233903166, 0.44600015153429734, -0.7745871653106082], [0.5483304732213699, -0.5471010762029249, -0.6324666825647263]], "T": [0.05649462524026154, -0.022655874000794014, -0.047920311612986925], "aligned_model": [[-0.3306776042557035, 0.37886415502326404, -0.7362321251051486, -0.08776177657760843, 0.016923741853206754, 0.6833978478268635, 0.5544305813497435, 0.3550241604036945, 0.04274974601590579, -0.45617121352541495, -0.23705122244032556, 0.14259744269831992], [-0.3358696586126501, -0.5001499402229428, -0.02458858884310403, -0.28924972720128417, 0.4820292668678801, -0.32264466056945, 0.3861134849784265, 0.24882122025195927, -0.4793122229256427, 0.1736036876608095, 0.5138848362103132, -0.07133338979436475], [0.10771681717778758, 0.18764617802284514, -0.17535716511342342, -0.6352820513960385, -0.7082596503406002, -0.4278607914878151, -0.26155431233711124, 0.5186358550730088, 0.7498423658697294, 0.6247633722133072, -0.018430793359991114, -0.06483407471243213]], "inverted": false, "swapped": false, "error_lsq": 0.051966104078747015, "error_max": 0.2890263949769678, "target": "31.xyz", "model": "15.xyz", "model_rescale": 3.769337070930944, "target_rescale": 3.5958979899826287},
{"mapping": [10, 7, 2, 9, 4, 6, 3, 1, 0, 8, 11], "R": [[-0.4217318424275811, 0.36855993464215214, 0.8284357715956083], [0.9040547906315413, 0.2409295972132275, 0.35304088250913984], [-0.06947797218398288, 0.8978399098743857, -0.43480605747615475]], "T": [0.04332407092596423, 0.056060958539928644, -0.032991287221935714], "aligned_model": [[-0.2856586362286104, -0.48707950274946066, -0.03514851522639771, -0.6594351550630607, 0.5036987597110192, 0.35501004138302805, 0.5918391566838137, 0.2943860051741464, 0.07534337031999364, -0.38937256568413436, -0.04095682762916626], [0.014842506002664145, -0.5562927225993244, 0.6559677641465577, 0.3580255409783393, 0.1706335840331799, -0.4717277321417893, 0.4719540793632028, -0.262606910231506, 0.4075354665131516, -0.18628259763874427, -0.0059844808003893316], [-0.5741146698633935, 0.0052967866739819375, -0.2281823160595054, 0.05383092687570258, -0.7278393665303395, -0.31499874173409764, 0.04304605744067451, 0.3825207611510554, 0.5467792387516132, 0.6108481337731276, -0.05296920325504183]], "inverted": true, "swapped": true, "error_lsq": 0.049776530288076784, "error_max": 0.3103613857679726, "target": "31.xyz", "model": "16.xyz", "model_rescale": 3.7852294659196426, "target_rescale": 3.5958979899826287},
{"mapping": [10, 5, 8, 0, 3, 4, 1, 7, 6, 11, 2, 12], "R": [[-0.9233349502643994, -0.27986415589860725, 0.26292322807884333], [0.38205469214813026, -0.738299319926853, 0.5558312031571673], [0.03855880998989501, 0.6136694292847793, 0.7886209797700393]], "T": [-0.028414967148492967, 0.0011358401478747185, -0.06694251714762814], "aligned_model": [[-0.17413014716060382, 0.570667250353562, -0.630570212735583, -0.17288886469296078, 0.04313257526177512, 0.4139251843568719, 0.5555271315918138, 0.2046437839578351, 0.13541286510440043, -0.5046304757307607, -0.022980356861443882, -0.09201500017810935], [-0.7486617200066228, -0.20315686330849464, 0.19563357506445705, -0.28885545368337745, 0.4496728742620292, -0.45808815386712176, 0.347098724161636, 0.21273397028831437, -0.42124893088484267, 0.1560670570806096, 0.5963955109277347, -0.05628628223437162], [0.18962283589042536, 0.11074822134960238, -0.22116833397717098, -0.6675917477049548, -0.7197754585389804, -0.37554452423235163, -0.1834563036740142, 0.5594254697660149, 0.6960416127534739, 0.46891864195867206, 0.07349754260865957, -0.033692206590109505]], "inverted": false, "swapped": false, "error_lsq": 0.04807927674875329, "error_max": 0.2966610993344061, "target": "31.xyz", "model": "17.xyz", "model_rescale": 3.901054581598922, "target_rescale": 3.5958979899826287},
{"mapping": [1, 8, 7, 0, 13, 2, 5, 10, 4, 6, 11, 14], "R": [[0.9299608148102767, -0.22180429311573932, -0.2932161974939884], [-0.367601086103138, -0.5468347984951945, -0.7522241319251288], [0.006505721574101536, 0.8073255593068682, -0.5900704338268891]], "T": [0.034789754469612286, 0.04129550483798701, -0.05435589903048999], "aligned_model": [[-0.34727911370237835, 0.49119183334276945, -0.6153188737379383, -0.26487710133686704, 0.3389530700046004, 0.4801201378771235, 0.6359243726985451, 0.30514626358797464, 0.20686273848875553, -0.5632942530642697, -0.36221804770489774, 0.0208827068133801], [-0.5121733933457386, -0.4283810335187153, -0.010219111604391526, -0.49567989479198676, 0.40379323968922853, -0.27111328282158526, 0.17608155335507858, 0.4000123385668146, -0.3228514850825623, 0.08063967487998822, 0.6683165463092181, 0.09287915616460131], [0.1283490766896662, 0.052972307222100105, -0.1742810407653891, -0.498610008997718, -0.605338900593207, -0.6771076160054845, -0.15709799793606855, 0.6317077564022682, 0.6263509599127406, 0.3978313425918916, 0.23883415450402834, -0.06658428341556145]], "inverted": true, "swapped": false, "error_lsq": 0.04983734387476377, "error_max": 0.32030517934134284, "target": "31.xyz", "model": "18.xyz", "model_rescale": 3.9405287249114394, "target_rescale": 3.5958979899826287},
{"mapping": [5, 1, 11, 10, 14, 3, 12, 4, 8, 9, 13, 15], "R": [[-0.5907060384138837, -0.805492651862781, 0.0474126984724591], [-0.4960978077364876, 0.4088976411246944, 0.7659567117283536], [-0.636359443506912, 0.4289339190105227, -0.6411414444425255]], "T": [0.10549634534137352, -0.010577263675168362, 0.08834735354189815], "aligned_model": [[-0.46343728815923335, 0.5929978046428446, -0.5378891985732424, -0.1493439793370856, 0.010521968003410334, 0.5710977405580834, 0.5264777055040004, 0.5141077089368479, -0.03118191484630882, -0.5907165086134515, -0.2085676721520192, 0.09202736730295163], [-0.5780003004842111, -0.44325440777928177, 0.04836884077021129, -0.3003339570428594, 0.34564946237739075, -0.16621166182731972, 0.2876593299637462, 0.3388003015755213, -0.3837194387916764, 0.10423812158123577, 0.5693714694614722, -0.04126345200427921], [0.30190825991071024, -0.014862336547177779, -0.23070374041050384, -0.5964894916357877, -0.5926969543935892, -0.6076568632255264, -0.09595861711470974, 0.5839652497646087, 0.7320523526504545, 0.39019986099054615, -0.039531906782373116, 0.06679993640261458]], "inverted": false, "swapped": false, "error_lsq": 0.0458470545573288, "error_max": 0.28545352624033726, "target": "31.xyz", "model": "19.xyz", "model_rescale": 4.410303926677745, "target_rescale": 3.5958979899826287},
{"mapping": [4, 6, 7, 2, 1, 0, 3, 10, 11, 12, 8, 13], "R": [[-0.9804033861817076, -0.07966699945128947, -0.18017316548773193], [-0.005344928613960943, -0.9034885690938685, 0.42857885768528703], [-0.19692798709567172, 0.42114317602822693, 0.8853574380911389]], "T": [0.07046649091345467, 0.0193246309423372, -0.011969104143904636], "aligned_model": [[-0.1200762632351913, 0.4079281900517535, -0.5565413835008655, -0.1940688601085179, -0.0940535812760733, 0.42883355712858784, 0.781619728026957, 0.43142391725763596, 0.02331665236968062, -0.6102674867344676, -0.2304963652852748, 0.058475628572572394], [-0.6458505812604526, -0.4241351061143038, 0.20466454134607565, -0.3819390477127966, 0.38830177051553, -0.19210961629611287, 0.012509147803191494, 0.4403349588110557, -0.35858792219988483, -0.06075326676828917, 0.709994070482185, 0.08887535919375149], [0.11581505342762054, 0.14917954277218234, -0.2936842226513837, -0.46761944816432033, -0.6443526171259651, -0.5950882836173735, -0.15401599159651116, 0.5943262473161661, 0.7243000853489759, 0.30562138573646613, 0.1411800580532687, 0.02136394011014035]], "inverted": false, "swapped": false, "error_lsq": 0.05054720721784673, "error_max": 0.3205230940733375, "target": "31.xyz", "model": "20.xyz", "model_rescale": 4.121658175737393, "target_rescale": 3.5958979899826287},
{"mapping": [3, 7, 2, 4, 10, 11, 9, 8, 5, 1, 6, 12], "R": [[0.164771002567781, 0.42510394494671666, 0.8900208720606204], [0.7423888571892463, -0.6475531922016459, 0.17185356554550552], [0.649391485495501, 0.6324250937938796, -0.42229042057066535]], "T": [0.018497798644289083, 0.006108140463475891, 0.0488149841804314], "aligned_model": [[-0.2190380891155358, 0.41484271913646525, -0.6815696414637917, -0.18007394826367792, 0.09999515682230087, 0.4725533744734608, 0.6842777012224931, 0.3080061737539436, 0.17860640225029042, -0.5706606159835039, -0.2077122353664773, 0.026866735800830124], [-0.6459556957003632, -0.5488888023676762, 0.039877336891695495, -0.151949195881835, 0.4841143362484332, -0.4236205121703172, 0.22955732504756557, 0.43892966047180426, -0.1705349559047617, 0.0011213706217093299, 0.6149724056325209, -0.08631896508882562], [0.0167189012195825, 0.0901327424123258, -0.24269291430986506, -0.46569326811904443, -0.562365266701574, -0.570649157077933, -0.12285463576527847, 0.4760778250940061, 0.6868322108628481, 0.4165681086991135, 0.07597725921615353, 0.09897394407893166]], "inverted": true, "swapped": false, "error_lsq": 0.04708571573331107, "error_max": 0.24490859436321344, "target": "31.xyz", "model": "21.xyz", "model_rescale": 4.08911054899281, "target_rescale": 3.5958979899826287},
{"mapping": [0, 2, 7, 13, 12, 3, 14, 11, 1, 6, 5, 16], "R": [[-0.00251077984370856, -0.11105850687578696, 0.9938106982897185], [0.07870559722043126, 0.9907089577361718, 0.11091072999256604], [-0.9968947411591419, 0.07849693695826244, 0.006253474028002665]], "T": [0.053445915959704327, 0.058936310677264805, 0.05121614692442272], "aligned_model": [[-0.4101050984435555, 0.536690603880219, -0.5512268318811695, -0.0796200826514808, 0.006043789934272306, 0.4849886484259632, 0.5225558335133195, 0.3451687044684671, 0.19288413422804654, -0.6468179074130735, -0.10694783944895192, 0.032479778654741075], [-0.5534775911116373, -0.46477906902333677, 0.005264291664272579, -0.22324321514813356, 0.32743338379706666, -0.3144661863979554, 0.20677139878829154, 0.3689416391454496, -0.3328514341375562, 0.03269721652778101, 0.7079798805885006, 0.021033993107207202], [0.15195873037688562, 0.1671928774996204, -0.3193056073668333, -0.5313627071775775, -0.6348099941288567, -0.6034748248538835, -0.3609770819417356, 0.6873667118416067, 0.7272765936043823, 0.3051968866763227, 0.27648341381190233, 0.03148075126743327]], "inverted": false, "swapped": false, "error_lsq": 0.044666288236281916, "error_max": 0.24450743440206726, "target": "31.xyz", "model": "22.xyz", "model_rescale": 4.204369325754507, "target_rescale": 3.5958979899826287},
{"mapping": [5, 1, 11, 10, 14, 3, 12, 4, 8, 9, 13, 15], "R": [[-0.5907060384138837, -0.805492651862781, 0.0474126984724591], [-0.4960978077364876, 0.4088976411246944, 0.7659567117283536], [-0.636359443506912, 0.4289339190105227, -0.6411414444425255]], "T": [0.10549634534137352, -0.010577263675168362, 0.08834735354189815], "aligned_model": [[-0.46343728815923335, 0.5929978046428446, -0.5378891985732424, -0.1493439793370856, 0.010521968003410334, 0.5710977405580834, 0.5264777055040004, 0.5141077089368479, -0.03118191484630882, -0.5907165086134515, -0.2085676721520192, 0.09202736730295163], [-0.5780003004842111, -0.44325440777928177, 0.04836884077021129, -0.3003339570428594, 0.34564946237739075, -0.16621166182731972, 0.2876593299637462, 0.3388003015755213, -0.3837194387916764, 0.10423812158123577, 0.5693714694614722, -0.04126345200427921], [0.30190825991071024, -0.014862336547177779, -0.23070374041050384, -0.5964894916357877, -0.5926969543935892, -0.6076568632255264, -0.09595861711470974, 0.5839652497646087, 0.7320523526504545, 0.39019986099054615, -0.039531906782373116, 0.06679993640261458]], "inverted": false, "swapped": false, "error_lsq": 0.0458470545573288, "error_max": 0.28545352624033726, "target": "31.xyz", "model": "23.xyz", "model_rescale": 4.410303926677745, "target_rescale": 3.5958979899826287},
{"mapping": [1, 0, 10, 3, 4, 2, 5, 13, 7, 11, 9, 16], "R": [[-0.9009967481093107, 0.41097433562401026, -0.1389422734622205], [-0.13843096972228403, 0.031171098860837798, 0.9898814217963462], [0.41114684301134446, 0.911113855703123, 0.02880651710279447]], "T": [0.050644278471561596, 0.1803781487064991, 0.11399409624539801], "aligned_model": [[-0.37960933740361424, 0.46979482939292166, -0.5058369933226508, -0.05545829338982092, 0.10419419312419584, 0.4753048701441761, 0.5674693374805196, 0.37946007836806883, 0.08207528749413484, -0.4673329471196749, -0.37665358426280016, 0.032686292761341273], [-0.5618142186775119, -0.4339314047469262, 0.15155538310206512, -0.4388444182372128, 0.18743540253397906, -0.2577858499029027, 0.3486176147729513, 0.22716223493028925, -0.31829002249622423, 0.15834634742765075, 0.6357577819625704, 0.08309545713122114], [0.13316869907286066, -0.017620489892845162, -0.22257950432485246, -0.5298666351756923, -0.5722762402840635, -0.5646587188090041, -0.20253295451961084, 0.7335730200668608, 0.5524835982673416, 0.477223610618855, 0.064336168916556, 0.045775195672860744]], "inverted": false, "swapped": false, "error_lsq": 0.044053199860311976, "error_max": 0.2898822168031153, "target": "31.xyz", "model": "24.xyz", "model_rescale": 4.28219845311461, "target_rescale": 3.5958979899826287},
{"mapping": [2, 14, 4, 13, 9, 12, 11, 8, 6, 0, 1, 15], "R": [[0.4502495177275229, 0.006719071996388715, -0.8928774976768316], [0.38340637989926163, 0.9016372409367597, 0.20012454524243284], [0.806396254727585, -0.43244090905863064, 0.40338559782653255]], "T": [0.019860195917243896, 0.08245204500748604, -0.11118783758437491], "aligned_model": [[-0.2307597127082808, 0.45179905256553615, -0.7105810073710355, -0.08722380638610977, 0.2126269925099901, 0.5169595502720582, 0.5577370993364447, 0.29175032256709593, 0.08226596303449935, -0.5273157436595757, -0.1976344204906335, -0.03353055640319206], [-0.522840591189553, -0.5187053477334806, 0.0958476115196898, -0.33722602845968863, 0.4393871755784699, -0.26446017508674435, 0.10111945717619603, 0.3855019464890832, -0.20852474327582632, -0.046740680064045415, 0.589146078498831, 0.0687996043470182], [0.08778580477584301, 0.068209035757604, -0.141598039199945, -0.5177831991400382, -0.6518466565955098, -0.5769818303347569, -0.1937531798272899, 0.45111330341673106, 0.7394796437923713, 0.4799651908038949, 0.21413453653786885, -0.061698860377506964]], "inverted": true, "swapped": false, "error_lsq": 0.04471135320007969, "error_max": 0.2376350370732949, "target": "31.xyz", "model": "25.xyz", "model_rescale": 4.100010024507729, "target_rescale": 3.5958979899826287},
{"mapping": [8, 7, 0, 10, 4, 9, 5, 2, 3, 1, 6, 11], "R": [[0.6591241200647091, 0.7495946209576949, 0.06052518963384573], [-0.3130100597963277, 0.20026986848988315, 0.9283946802095242], [0.683798286642503, -0.6308723198923336, 0.3666333579728429]], "T": [-0.005474265879268594, 0.0010831517297921478, 0.046746007150532905], "aligned_model": [[-0.20061301828669892, 0.5794313748297543, -0.692919402720071, -0.24746655701450276, 0.14219633188562925, 0.3740828489311405, 0.6070915538480564, 0.15588897853931194, 0.156118748453412, -0.5862134986674992, -0.013494616796903579, 0.051990990265168874], [-0.5732907014366153, -0.3310043121942663, 0.14064309026314029, -0.3482733443244481, 0.4485738283107805, -0.41434775254549383, 0.35246462854721217, 0.333373043512457, -0.46725748673078193, -0.008402136815706604, 0.6479114371202866, 0.0009140140933852625], [0.14094459027395362, 0.1252288362700707, -0.23922896260093107, -0.4373946048934436, -0.6906718317719419, -0.5554702849810585, -0.20914526775529413, 0.6880747976741238, 0.6890982240354484, 0.44898788284219643, 0.001679596899355075, -0.06507722638321245]], "inverted": false, "swapped": false, "error_lsq": 0.04200865013975235, "error_max": 0.18954813479701807, "target": "31.xyz", "model": "26.xyz", "model_rescale": 3.6694154284099745, "target_rescale": 3.5958979899826287},
{"mapping": [6, 7, 2, 0, 4, 5, 8, 9, 3, 12, 10, 13], "R": [[0.14069128932258373, 0.9025988291627051, -0.40684310821600855], [-0.3003030589771819, 0.4304758820113668, 0.8511807021869581], [0.9434108510493698, 0.0024225194838667363, 0.3316173962892387]], "T": [0.042867382501470735, -0.006664980685358318, -0.013959764778809449], "aligned_model": [[-0.39939035402362855, 0.5364678122554828, -0.6012557324323579, -0.14808440965907713, 0.02406512385692569, 0.4908051288716244, 0.5526131391781045, 0.22702751923484396, 0.15650231930884045, -0.48932103188484877, -0.012623576820819576, -0.01071220461829285], [-0.5098640819139564, -0.31789837470291443, 0.06913409267812273, -0.23693524737273966, 0.44764888166779654, -0.4434076652173882, 0.35493677262808476, 0.3107266072835652, -0.4245377589843619, -0.058150749870704795, 0.5902921110333433, -0.0006402794288971007], [0.13567041536817312, 0.22188110299734776, -0.2176496258138206, -0.6034055727065092, -0.6986319196329035, -0.49830065981631666, -0.14722877085621297, 0.5606802611463457, 0.6681697409801772, 0.5724338918391809, -0.06349464110729283, -0.03309847278890268]], "inverted": false, "swapped": false, "error_lsq": 0.04167174778396957, "error_max": 0.19151525161855543, "target": "31.xyz", "model": "27.xyz", "model_rescale": 4.103607728864725, "target_rescale": 3.5958979899826287},
{"mapping": [1, 0, 7, 5, 6, 9, 10, 12, 2, 4, 13, 14], "R": [[0.6711990781161542, 0.7233913774190721, 0.16185398546765054], [-0.3915337292166474, 0.5313679138686208, -0.7512319741575268], [-0.6294387471563296, 0.44085491398718446, 0.6398857776131789]], "T": [0.09226676066437964, 0.14589930985670047, -0.060621300466840666], "aligned_model": [[-0.3594948636945823, 0.23338051076766356, -0.5145583295865139, -0.07814116239848709, 0.07955187945107313, 0.5711843959611753, 0.5328581008583547, 0.41907306025198543, 0.05595443645750851, -0.49957262716444095, -0.16644608890533943, 0.05230442126840054], [-0.6033947100657544, -0.5485059410067117, -0.045157017371446284, -0.33683680064120786, 0.22819390498148395, -0.20791064009109195, 0.35246508271543275, 0.36727849747281355, -0.15582473810586855, 0.10728791739577781, 0.6138585472131937, 0.009850205303328669], [0.1325903413663286, 0.026441883984202885, -0.4002417286384534, -0.5831798117941563, -0.6885808487347598, -0.6223866820743739, -0.21222977231160195, 0.7019287077064081, 0.6094269964669382, 0.6248308032728392, 0.3053764407747499, 0.0030494195911446587]], "inverted": true, "swapped": false, "error_lsq": 0.04960232097591883, "error_max": 0.25505995748681776, "target": "31.xyz", "model": "28.xyz", "model_rescale": 4.137296879288765, "target_rescale": 3.5958979899826287},
{"mapping": [0, 3, 5, 6, 7, 1, 8, 2, 10, 9, 11], "R": [[-0.044400147920101524, -0.8534701035656272, 0.5192469635774012], [0.3744939448659448, 0.4676394736948788, 0.8006669769018326], [-0.9261657044629844, 0.23000457595894636, 0.298856124104107]], "T": [-0.058104838523424115, -0.03478001084625596, 0.00285693233903846], "aligned_model": [[0.5329174196490291, -0.030617113797271486, -0.11846738831352681, -0.41183131265818673, 0.012769313018516762, 0.2991956447784781, 0.6216214984012407, -0.20313600477108457, -0.551638643995649, 0.1410210310924221, -0.07041543269406952], [-0.34092916321591643, -0.7152182256211528, -0.4830191456872815, 0.15421947705620112, 0.7723400091317647, 0.009947219926469818, 0.4068913843467725, -0.4129464879013481, 0.24316332915104136, 0.21591239062619236, 0.06878702883520874], [0.13574340615944597, -0.12310268777286397, -0.751671587603121, -0.5397239608561707, -0.03326904680346805, -0.45273872964482653, 0.06103307986958749, 0.4928587041499603, 0.28906486424328137, 0.702923674524684, 0.02463630551649008]], "inverted": false, "swapped": true, "error_lsq": 0.05554663924399875, "error_max": 0.2949626503548522, "target": "31.xyz", "model": "29.xyz", "model_rescale": 3.607286011436655, "target_rescale": 3.5958979899826287},
