[{"mapping": [8, 0, 9, 1, 13, 10, 2, 5, 6, 4, 3, 14], "R": [[-0.9817522590910863, 0.161249763639395, 0.1008018625611039], [0.18965221640500615, 0.7913550675153949, 0.5811963471412854], [0.013947708851892109, 0.5897081234339104, -0.8074960003454128]], "T": [0.054533186250651476, -0.029446082790012082, -0.03321188252737168], "aligned_model": [[-0.13343199525748733, 0.09161973543350344, 0.4076741783517122, -0.16054442598892213, -0.13379718579848274, -0.6205775806799146, 0.45755119250643167, -0.26070885854486503, 0.6008940636622778, 0.16735842126581865, -0.5644949447304092, -0.013900137759113994], [-0.4091730817600106, -0.6988760888830746, -0.2056831598709929, 0.5751660042288248, 0.3746635560113918, -0.5494288432193697, -0.3023274035341356, -0.5040086995375783, 0.2072253996370001, 0.31675878016312037, 0.26038224702300933, -0.011143674281127593], [-0.5044955647245933, 0.0016436747384660985, -0.6811054468600592, -0.09068762409600786, -0.7212021335918407, 0.1287923326090835, 0.5473637566615754, 0.541207464234607, 0.1597473410163947, 0.5036028807031716, 0.3823245821221375, -0.0852395174593725]], "inverted": false, "swapped": true, "error_lsq": 0.03569920044243321, "error_max": 0.1802825552078975, "target": "311.xyz", "model": "0.xyz", "model_rescale": 3.751011558992144, "target_rescale": 4.206395178208026},
{"mapping": [7, 5, 1, 2, 8, 0, 4, 6, 12, 11, 3, 13, 10, 9, 14], "R": [[-0.40126525046394085, 0.8742320434648715, -0.27332129984570463], [-0.9075178412717678, -0.4198780606214418, -0.010666863747484483], [-0.12408693139707078, 0.2437637142562683, 0.9618636520154231]], "T": [0.0076339092620676535, 0.024518199173422073, -0.006997378300347268], "aligned_model": [[-0.2116884266139646, 0.4060012578962753, -0.40550591016570625, 0.7237827943542772, 0.07839878575764901, 0.17865873442571217, -0.5425240718715346, -0.6695700930924483, 0.18966870404755293, -0.3607804110489371, 0.5419874416645922, 0.6773373402581205, -0.4089716492347995, 0.2043494038952603, 0.017878808086721286], [-0.4727448633524164, 0.3622036886132993, 0.11686731127751172, 0.32509230402713885, 0.6704034197030286, -0.04322343910649763, 0.59166856810804, -0.29203718662149064, -0.6906897071854425, -0.5312275993348263, -0.38239722249557817, -0.14168637386097924, 0.2540454680182275, -0.0970526154446949, -0.019486703111939563], [-0.38687128294575607, 0.3355781794376829, -0.5605971258911575, -0.2907650365362362, -0.14206353355716755, -0.7429770642430928, 0.028225124764221406, -0.07709140222107284, 0.07853675667737225, 0.4313500694587169, -0.37071709391892466, 0.21966438008678318, 0.6609927336137577, 0.610022210155805, 0.024025565890942402]], "inverted": false, "swapped": false, "error_lsq": 0.0320979250690943, "error_max": 0.20966532324352694, "target": "311.xyz", "model": "1.xyz", "model_rescale": 3.9405287249114394, "target_rescale": 4.206395178208026},
{"mapping": [2, 5, 0, 1, 11, 7, 4, 3, 13, 9, 12, 6, 14], "R": [[0.9410478344531472, 0.33374347212218547, 0.05517488637840773], [-0.026505307784456866, 0.2353538978974163, -0.9715482547993919], [-0.33723351246620403, 0.91281095390027, 0.2303252493961225]], "T": [-0.03872515950485052, -0.04125128971811082, -0.04899262103853322], "aligned_model": [[-0.42063878605867416, 0.10354968742594055, -0.3827660598689617, 0.42468191942609695, 0.5632617956419211, -0.7417572056932346, 0.11684352285963577, 0.7027128819252717, 0.20211422256236006, -0.5348162919058246, -0.1909154278434229, -0.366805015139505, 0.020518035952327734], [0.5855323502535197, 0.6815760075473829, 0.24634414144446193, -0.3188253042795215, -0.29748249587236486, 0.0980097928645329, 0.31761745156249016, 0.25215639928558625, -0.8247814672320928, -0.5836363983154316, -0.6312490012540601, 0.027534637122896555, -0.09396351955538215], [0.1387307177169768, -0.3833926452823956, -0.5486440814701302, 0.30218277895663037, -0.40024572826836036, 0.029488262851843416, 0.4684714283503534, 0.014634416573615666, -0.062422726716066496, -0.23673212319211615, 0.39836571856496417, 0.47957995250854646, -0.08689562100521711]], "inverted": false, "swapped": true, "error_lsq": 0.04832090094118869, "error_max": 0.28147133541031993, "target": "311.xyz", "model": "2.xyz", "model_rescale": 3.932901565614263, "target_rescale": 4.206395178208026},
{"mapping": [13, 8, 9, 11, 12, 6, 7, 1, 3, 4, 0, 10, 2, 14], "R": [[0.30830447553261375, 0.7603408519483476, 0.5716905974607431], [-0.9499773717922445, 0.27761292338048094, 0.14308758805306343], [-0.04991335942671021, -0.587207675044021, 0.807895910944062]], "T": [0.043982366797106175, -0.10765084813826745, 0.05958546149747465], "aligned_model": [[-0.3862938262062192, 0.3935989459697096, 0.2563227963436361, -0.14746079409028337, -0.4182654047308021, -0.12227009122090263, 0.44545153755846806, -0.582906017837468, -0.3157284581357789, -0.28097923032372835, 0.7132013023952494, 0.47881777204876835, 0.36934846223486334, 0.016972918047190973], [0.05358521553943654, 0.1418226778162511, -0.41366189825157107, 0.5706706355769824, -0.528442873749416, -0.6853227396129336, -0.7063185204888572, 0.033498635970501206, 0.4562525465618287, -0.28077372748740914, -0.06352111784729655, 0.6200832068582199, -0.4941700715202425, -0.04020533101500498], [-0.619361402603393, -0.4064220703375673, -0.6013252113868658, -0.1741899679054909, -0.36544363198551455, 0.2339763067671359, 0.07463468860859351, 0.01262385727767254, 0.49831991994966274, 0.5936134194298552, 0.09000647728749647, 0.24322450971239887, 0.6241167673547133, 0.010122700888400296]], "inverted": true, "swapped": true, "error_lsq": 0.03850601247025389, "error_max": 0.23518678950642197, "target": "311.xyz", "model": "3.xyz", "model_rescale": 3.9243930471874484, "target_rescale": 4.206395178208026},
{"mapping": [1, 6, 13, 11, 8, 4, 3, 9, 0, 2, 10, 5, 14], "R": [[0.2992051005460655, -0.7718394388782381, 0.5610171016995339], [-0.7459469264143679, -0.5558406247948405, -0.36688469960007725], [0.595012177001594, -0.30871520924601, -0.7420616071459403]], "T": [-0.00672735819205603, -0.025736803466531594, -0.206950612514309], "aligned_model": [[-0.014832920399733666, -0.43271592859426034, 0.5911958250736626, 0.4521017163235884, 0.5738690581122036, -0.6117468794146353, -0.22458042986137491, 0.49143865552341437, 0.10097595569423409, -0.6151086010039661, 0.20952793539887368, -0.3038006979623912, 0.0608821974217371], [-0.6340108760874211, 0.10906387227765019, -0.43205874664010724, -0.5155136710114621, 0.18188888371328585, -0.25498854711401764, -0.6484088482177073, 0.3553677829769599, 0.5271747725431009, 0.4108602693297163, -0.028297323046114292, 0.13630146387240327, -0.07954947891469985], [-0.41921122676789346, -0.645264856654758, -0.5935949712952909, 0.11087948503742742, -0.06055666554490716, -0.2533450926286238, 0.24547220411981688, -0.633710562971772, 0.15831044529615315, -0.09201123363361716, 0.6330666945839876, 0.5279206964038641, -0.1908846005734226]], "inverted": false, "swapped": true, "error_lsq": 0.04836087855727998, "error_max": 0.28830741983009545, "target": "311.xyz", "model": "4.xyz", "model_rescale": 3.8936222436046832, "target_rescale": 4.206395178208026},
{"mapping": [3, 4, 10, 11, 0, 7, 6, 9, 13, 1, 8, 14], "R": [[-0.553420863838197, 0.022477159939488747, -0.8325984174556416], [0.1572615452472476, 0.984475558211926, -0.07795307351070292], [0.817920628089934, -0.1740765709806228, -0.5483641067580889]], "T": [-0.1594569206515752, -0.07416254204454392, 0.01681035911550715], "aligned_model": [[0.01100431500520821, -0.37787188879721023, -0.2536314601432065, 0.3949782375211448, -0.582549309428258, -0.6692514367546868, -0.408074267920815, 0.01556623645816621, 0.6248781004851041, 0.3243661851651596, 0.030185056713596475, -0.08205172608910546], [-0.5659499596255518, -0.6847431884217559, 0.21592026879255322, 0.00996968902569341, 0.4146305507483466, 0.15065752739149357, -0.3775606832519626, 0.47998787526315395, 0.060834955899873366, -0.49947924591419557, 0.5194390036643812, -0.0547838884622223], [-0.5906062559098721, 0.032418266419714924, -0.7952149505021668, -0.46995949778802887, -0.1643000990517761, 0.47438269651813086, 0.5045560340932609, 0.5044765849471988, 0.21352783402658262, 0.02857979462102011, -0.09853667233534252, -0.02003901576320364]], "inverted": true, "swapped": true, "error_lsq": 0.043472258601201096, "error_max": 0.2891100546249123, "target": "311.xyz", "model": "5.xyz", "model_rescale": 3.6523030999806103, "target_rescale": 4.206395178208026},
{"mapping": [13, 12, 6, 1, 4, 8, 7, 11, 0, 5, 2, 3, 14], "R": [[0.5190895982378562, 0.8362701407924025, 0.1766302369933197], [-0.7260550990346308, 0.540469694065838, -0.4251311597168478], [-0.4509877849422017, 0.09243787868311736, 0.8877303962451053]], "T": [0.025314784392497222, -0.04874525011032472, 0.042442696282097764], "aligned_model": [[0.1951038213288242, 0.18163466639001008, 0.1035393452081901, 0.6032405896621948, 0.4758316071691866, -0.40386079832286376, -0.47021686466705614, 0.2693911874918005, -0.5530980450328503, -0.06614195482997764, -0.14630391488148353, 0.6450410392274277, 0.04692222592089192], [-0.6224760269412346, -0.012301703321584152, 0.5008513289604332, -0.2230982197524868, 0.40147554560776755, -0.514574827559075, 0.4494458408450275, -0.7338459378413301, -0.026677597358172662, 0.06667043965068756, 0.6231366698427327, -0.23409185134188248, -0.1336867566276997], [0.6028962567323393, 0.7811067767660228, 0.331547139813717, 0.26765464424477864, -0.08041192637840361, 0.06348874784455691, 0.2038768249512435, -0.10750805441079969, -0.2976726849027822, -0.7530820948862204, -0.26264337206058475, -0.42814507198403995, 0.04900255375196182]], "inverted": false, "swapped": true, "error_lsq": 0.05222454277535989, "error_max": 0.3362059522743011, "target": "311.xyz", "model": "6.xyz", "model_rescale": 4.08911054899281, "target_rescale": 4.206395178208026},
{"mapping": [6, 11, 3, 1, 9, 0, 8, 4, 7, 5, 2, 13, 10, 12, 14], "R": [[-0.8525265911267216, 0.3556604366937116, -0.38301966684844047], [0.5226203901114498, 0.5914506265109389, -0.6140472980476132], [0.008144891749313404, -0.7236655375037949, -0.6901027826112106]], "T": [0.022975112833358957, -0.02771710596924888, 0.04623146152047152], "aligned_model": [[-0.05764936410292605, 0.26235509764968323, -0.4157309533175537, 0.6010444243855352, 0.04407781669722097, 0.1377905258447909, -0.4860809339770634, -0.6608580593172856, 0.16106969217140124, -0.4032184387779732, 0.557595862238282, 0.677211380646578, -0.28814787345488957, 0.22308333549750403, 0.06648019617546624], [-0.32210150778497787, 0.3887865926400984, 0.09518611335875003, 0.26618037509871745, 0.6826771736643618, 0.0043332711712987665, 0.4261341907163087, -0.1807205124406922, -0.7888347210462564, -0.49719236521029014, -0.43297998973402163, -0.2074821591234145, 0.23748700363612224, -0.1482212925545734, 0.12648287684194942], [-0.34871218526957537, 0.3835042811653803, -0.6009804222293391, -0.2964144205777852, -0.2846037712786791, -0.8867456964871894, 0.051700921051980125, -0.030002651426267214, 0.07654363258076319, 0.4686687552207366, -0.401074018704881, 0.32110225642952206, 0.6396488240516733, 0.7196090363243874, 0.005067939921147964]], "inverted": true, "swapped": false, "error_lsq": 0.03319065290308096, "error_max": 0.21925606270365613, "target": "311.xyz", "model": "7.xyz", "model_rescale": 3.964800864290218, "target_rescale": 4.206395178208026},
{"mapping": [4, 2, 6, 3, 12, 10, 1, 7, 0, 8, 11, 13, 9, 14], "R": [[0.9386104952455661, 0.34000025839679426, -0.058396596690104746], [0.04368688772697024, -0.2850600892929721, -0.9575135515140316], [-0.34220139400008975, 0.8961811032276883, -0.28241394470174336]], "T": [0.022662888073935294, -0.0478251358655879, 0.032117622306008516], "aligned_model": [[-0.1618929494076291, 0.33566606831285717, 0.35129721888382, -0.7455537058466175, 0.24865506798490594, -0.3938226855946338, -0.3997990031372507, 0.707105103207508, 0.32249607640645966, 0.13841773987191658, -0.5536550718982851, -0.12922213114048747, 0.5725396086650645, -0.031043446846755383], [-0.08416249661185049, -0.5359238647424588, 0.11971865863583298, -0.18999616135566122, 0.6661601069749661, -0.6734624228397165, 0.41496763341880544, -0.20410910948355282, -0.5800682294927988, -0.0910481886093217, 0.06333975272644557, 0.6466765046543406, 0.27369188889072416, -0.014835605984552275], [-0.588669112310932, -0.45547282204888223, -0.4735358306121142, -0.13963075613678533, -0.07055306013267412, 0.4651531134206582, -0.11777039955419544, -0.13195897553584804, 0.31058522099722286, 0.6536997925041735, 0.4870038136446033, 0.44040909542475976, 0.4441813713639397, 0.09337358770109508]], "inverted": true, "swapped": true, "error_lsq": 0.03559418331776266, "error_max": 0.2837924898042394, "target": "311.xyz", "model": "8.xyz", "model_rescale": 4.121658175737393, "target_rescale": 4.206395178208026},
{"mapping": [1, 4, 6, 12, 3, 11, 0, 8, 7, 10, 13, 9, 14], "R": [[0.910063893345999, 0.39634637072698964, 0.12121577636374654], [0.1609292033158021, -0.06839373472971236, -0.9845933620382898], [-0.38194960603208283, 0.9155500267387171, -0.1260263741867995]], "T": [0.001029342205204349, -0.09495827535405027, -0.1064395431125865], "aligned_model": [[-0.5028075086440212, -0.17922535610787607, 0.28716875662477953, 0.08679532642860727, -0.7279900342566087, -0.5815455885196443, 0.3988330861446558, 0.12879769898448243, 0.7010836796808393, -0.2853490568151662, -0.27567015081763, 0.48401042043498604, -0.05736377670220692], [0.25110535337524326, -0.26475745201848544, 0.04656963526875879, 0.6223722071791962, -0.40287966373773965, -0.020440166802443344, -0.5102702571399722, -0.01489578657477092, -0.14615136058772835, -0.7085313491393006, 0.6160913727010842, 0.3852031562015558, -0.06302824931368828], [-0.3101697777903667, -0.7059676193117165, -0.6448176137480645, -0.328857699264985, -0.2229814174780442, 0.34795562862846774, 0.23996339300829486, 0.5091066023614238, -0.2710911414405037, 0.4357020252914051, 0.19347595053469582, 0.22778854676370106, -0.04903144359521948]], "inverted": true, "swapped": true, "error_lsq": 0.0454708639060714, "error_max": 0.37533773484803934, "target": "311.xyz", "model": "9.xyz", "model_rescale": 3.833441315466971, "target_rescale": 4.206395178208026},
{"mapping": [12, 2, 1, 13, 5, 0, 4, 6, 11, 7, 10, 8, 3, 9, 14], "R": [[-0.18264506450020496, 0.1987985676802851, -0.9628706610453884], [0.9122985275837203, 0.3993795719131544, -0.09059444854427662], [0.3665408258056556, -0.894972115223001, -0.25430834825261905]], "T": [-0.0215185398995301, -0.07719176124567814, -0.06217059510143678], "aligned_model": [[-0.26396423375544803, 0.3216028443883338, -0.3006156656178416, 0.5419959335367883, -0.022885555499378582, 0.2619239414618742, -0.6300521733434478, -0.6848869424017566, 0.05956532635403781, -0.1773849200505928, 0.6011828850767877, 0.6231376037137479, -0.2529653050821562, 0.3499914544474492, -0.007622484869627653], [-0.47677178814488286, 0.4323957841911452, 0.10687447087724627, 0.45740194928959044, 0.5812415215802829, 0.10690988341334759, 0.3970725553006139, -0.08065204222596081, -0.7375418601487032, -0.42469527084908887, -0.5114594166934007, -0.37323725173516287, 0.25302508109445776, -0.023651904057262516, -0.0571766626588423], [-0.4424020311305033, 0.310976164374896, -0.7208308637693379, -0.2420248257955654, -0.21676343064819945, -0.6534318790505874, 0.1395042796565779, -0.20763521988044287, 0.08849537503020691, 0.4845111762552938, -0.3774620194762068, 0.26083851690507803, 0.7070569925922445, 0.6568731687441766, 0.029607076964244257]], "inverted": true, "swapped": false, "error_lsq": 0.03964994695326807, "error_max": 0.2301282199936796, "target": "311.xyz", "model": "10.xyz", "model_rescale": 4.2482417240324, "target_rescale": 4.206395178208026},
{"mapping": [6, 4, 5, 3, 9, 8, 0, 11, 1, 13, 12, 14], "R": [[0.954027036350777, -0.0845352833383174, -0.28755208186111925], [0.06666058353253286, -0.8755249482654566, 0.47855243345726683], [-0.2922135871496321, -0.4757203494025455, -0.8296393003284407]], "T": [-0.06294884126325219, 0.008701798259921713, 0.0616159063391721], "aligned_model": [[-0.5727762189659528, -0.08678156750632106, 0.3833275974363819, 0.609139598489418, -0.5261628298091374, 0.04906452477064489, -0.05690681884692246, 0.5543415413495211, 0.10431964203969941, -0.03458960713624408, -0.5391227624078194, -0.00708749705026103], [-0.3470038989812793, -0.6324699395892323, -0.26857235702112514, -0.38451967311951635, 0.6079035433561079, 0.6161567331437307, 0.24055667748657691, 0.3087390799535115, -0.1485015691822942, 0.4964795514781193, 0.11826299085461459, 0.05910025167142597], [-0.011228879375070576, -0.03371632616488771, 0.6768404125402563, -0.12152569122548501, 0.017750112912163017, 0.20333153789259015, 0.691642623236381, -0.22184781910105286, -0.5404023422905289, -0.5966941513640762, -0.515136556426665, 0.016179369220732508]], "inverted": false, "swapped": true, "error_lsq": 0.040465050874670554, "error_max": 0.22922426118625006, "target": "311.xyz", "model": "11.xyz", "model_rescale": 3.6694154284099745, "target_rescale": 4.206395178208026},
{"mapping": [11, 3, 4, 5, 10, 13, 8, 9, 2, 7, 6, 0, 1, 14], "R": [[-0.07264454198433418, 0.5442712262553905, 0.8357581006429673], [0.2955652690610037, -0.7885822069632001, 0.539239533589615], [0.9525565296846079, 0.28619387682391556, -0.10358147818849989]], "T": [-0.03378003485064724, 0.0662262604290209, 0.016338388344734847], "aligned_model": [[-0.05374587943907664, 0.0027102333631246686, -0.18321570009318297, 0.6751776118347551, 0.6573677515124999, -0.5969170369491761, 0.18745740131890215, -0.1905772341046026, 0.32053697423932326, 0.11723136729146894, -0.3118767085675173, 0.5738439638780823, -0.5476127034905752, -0.05211519053821612], [-0.3887162699564512, 0.28778625043482503, 0.6764901993337752, 0.34586039506842275, -0.16599227399647065, -0.5159269633141323, -0.5211075045284198, -0.4311967642763426, 0.6634344484784822, 0.25212193933819166, 0.497753299482264, -0.05949978477397917, 0.09056867251794941, -0.0005883556718602051], [-0.5702194771801326, -0.7514157860599627, -0.14492021650122272, -0.25519174977327097, -0.4535459316382685, -0.11046009635067931, 0.10422955792145121, 0.5672640740256316, 0.3192536216911498, 0.696371703125784, 0.37439357339917406, 0.2726836492466757, -0.37160626174967953, -0.03774120050423547]], "inverted": true, "swapped": true, "error_lsq": 0.039388059518933365, "error_max": 0.2680161593888702, "target": "311.xyz", "model": "12.xyz", "model_rescale": 3.9764082729961374, "target_rescale": 4.206395178208026},
{"mapping": [6, 8, 4, 3, 7, 6, 0, 9, 13, 12, 14, 11, 1, 10, 15], "R": [[-0.4620140721444933, 0.38562649603913235, 0.7986458556162699], [-0.7708529109312605, 0.2706904492797627, -0.576638942820828], [-0.4385530604718942, -0.8820537887347354, 0.17219851024162183]], "T": [-0.08014553893192024, -0.019569307343903244, 0.015859622097455776], "aligned_model": [[-0.0003339264761226951, 0.3731735659479727, -0.2878890814028507, 0.6237910924633875, -0.06591215268099034, -0.0003339264761226951, -0.5947901847109331, -0.6639973074202931, 0.1333304446514632, -0.29342658755351914, 0.5727029565085624, 0.6645990814682632, -0.2426492006497345, 0.23517805225571176, -0.03442011756602389], [-0.4590519878720375, 0.3623989348773593, 0.23565335108942229, 0.39325078269494107, 0.6895790404655427, -0.4590519878720375, 0.47941099500473144, -0.008291303460975032, -0.5930639785310748, -0.46960758490967625, -0.30712618567901934, -0.16424344806732608, 0.09185194593717651, -0.16728004990540438, 0.025306525461758014], [-0.6039337997232691, 0.40089843537975384, -0.6225506981222934, -0.19028653855987548, -0.2447928868832842, -0.6039337997232691, -0.09932492522257555, 0.15899957312105417, 0.012336450241900283, 0.4148461857468741, -0.3445677954200389, 0.25031546472104305, 0.6195983424944261, 0.7403590826429626, -0.07065060992153416]], "inverted": false, "swapped": false, "error_lsq": 0.05161590934882265, "error_max": 0.4668087194073811, "target": "311.xyz", "model": "13.xyz", "model_rescale": 4.170626492500431, "target_rescale": 4.206395178208026},
{"mapping": [1, 12, 4, 7, 3, 5, 2, 13, 11, 9, 8, 0, 10, 14], "R": [[-0.8468846851011024, 0.06823497116920126, -0.5273806204732452], [-0.5251969514489843, 0.04820081578796104, 0.8496145264448274], [0.08339359885446884, 0.996504224811372, -0.004983733859929784]], "T": [-0.06145329396757824, -0.02448939727502514, 0.024558104612367446], "aligned_model": [[0.38419363505365867, 0.04002541130058481, -0.25134311064281084, -0.7206734546050746, 0.35809305809312797, -0.26964572712844087, -0.7560255908173836, 0.5666826361537548, 0.6427952552833123, -0.11865831188872095, 0.14412379464057581, -0.38311875135258816, 0.18297834274050165, 0.023755835261146184], [-0.1931133490979111, -0.7486860764768958, 0.11408236859215301, -0.2489643302158855, 0.5035298638465802, 0.754637174198199, 0.2340968182878192, -0.5419872359846981, 0.17650234963267622, -0.5941934406527799, -0.0592304814164165, 0.26551748402589825, 0.7192039603964032, -0.02532063720947651], [-0.4091265659149504, -0.16683129848378692, -0.5800055016677228, 0.21123092137046046, -0.4056085602033425, 0.089075593361952, -0.132471494402493, 0.12327363018733736, 0.14726820633899906, 0.5222518128582748, 0.6230252549419377, 0.5375436769082815, 0.39815594885520694, 0.04609147697071153]], "inverted": true, "swapped": true, "error_lsq": 0.050419162466532295, "error_max": 0.31769950338758757, "target": "311.xyz", "model": "14.xyz", "model_rescale": 3.9786697098870705, "target_rescale": 4.206395178208026},
{"mapping": [12, 4, 9, 13, 7, 0, 3, 5, 8, 11, 2, 14], "R": [[0.03143481736233483, -0.9111714921344363, 0.41082644045740524], [-0.6273030438799079, -0.3379822294155555, -0.7016116473792989], [0.7781405678901464, -0.23565764261062286, -0.5822050601659221]], "T": [-0.011539729388955186, -0.023854752840865297, -0.048213929232875506], "aligned_model": [[0.05480293763196599, -0.658125324946276, 0.5870253142465115, 0.4192625314769368, 0.02127276757928201, 0.27199411915835414, -0.4261192205102445, -0.24145762782912877, 0.6043385225930349, 0.25691747837438933, -0.4408244787093889, 0.03426757770189964], [-0.3916761565807574, -0.051015671588015954, 0.057114372705654004, -0.6838391748429345, 0.5635502592883864, 0.5385027605672272, -0.40878917066183507, 0.404300934696927, 0.01655569550999152, -0.5381448446989014, 0.598733084411499, -0.09061759858280138], [-0.7052487280759724, -0.09233629228705537, -0.5072324774308621, -0.27389842031621975, -0.46497003056106734, 0.18435743379744438, 0.5173089975171968, 0.5985976949371828, 0.09563594637086517, 0.41531373933645055, -0.09354372410790265, -0.014017645306230002]], "inverted": false, "swapped": true, "error_lsq": 0.04966281502838085, "error_max": 0.26856793658779343, "target": "311.xyz", "model": "15.xyz", "model_rescale": 3.769337070930944, "target_rescale": 4.206395178208026},
{"mapping": [8, 7, 11, 10, 13, 12, 1, 6, 3, 5, 14], "R": [[0.012177902638606797, 0.7479006404914395, 0.6636989759219306], [0.9982632580041046, -0.04735350487718765, 0.035044447418624114], [0.057638237363361156, 0.6621195341691264, -0.7471783964123321]], "T": [-0.03134571051386307, -0.07986082955397922, 0.019691419189433693], "aligned_model": [[-0.3917974657459579, -0.24070551091809514, -0.023989926347976955, -0.6747365876080631, 0.3967497778555174, 0.5720841475908929, 0.5288043947951085, 0.27820329056872395, 0.10463062317563152, -0.6061204890724574, -0.020496123602153048], [0.0596647641388684, -0.7697048419890802, 0.6262596614926874, 0.48814707825688963, 0.2041808278117242, -0.3447735568789759, 0.23836363061185672, -0.5849653108794176, 0.5616923630391522, 0.12435929660982462, -0.007159414588187418], [-0.48254254338804975, 0.010169407412970288, -0.2100066763100129, 0.14545779159305505, -0.6191811068177842, -0.35055486999700536, 0.02878363560376536, 0.2216957255409257, 0.4777162863216094, 0.5511732194029245, -0.028493262138620974]], "inverted": false, "swapped": true, "error_lsq": 0.04533591875700502, "error_max": 0.19812451985342602, "target": "311.xyz", "model": "16.xyz", "model_rescale": 3.7852294659196426, "target_rescale": 4.206395178208026},
{"mapping": [11, 9, 12, 13, 8, 0, 2, 6, 1, 3, 5, 4, 14], "R": [[0.3748292131422538, 0.8900468342433592, 0.2594603897101315], [0.062047442854221146, 0.25515304130533967, -0.9649077885206897], [-0.9250152300424093, 0.3777744808295157, 0.040413683618038196]], "T": [-0.05043162216755226, 0.09590711719781146, 0.038672322101492525], "aligned_model": [[0.10084223410735138, -0.49140403717570474, 0.21313617217819475, 0.1406570235051618, -0.5159542393835073, -0.666656984377065, -0.19698410852278775, 0.12228760710353007, 0.5338043358257607, 0.473992046251554, -0.2433184134745674, 0.41995140626306615, -0.03658719208470382], [-0.10129612248773577, -0.48710712220075075, -0.5099826407409469, -0.662492963853583, -0.18880945667828608, 0.35636980293429144, 0.6836811202061278, 0.12935709602382456, -0.14227262035246807, 0.45440433032865984, 0.832022250171914, 0.46202993586267815, 0.04915201448914888], [-0.6610766137162035, 0.24158083400840347, 0.4058484112141322, -0.20712833152726368, -0.283596164927855, -0.017473446831317782, 0.49364472953712385, 0.6393436362720276, -0.09192773124049669, -0.4474618212589446, -0.2360530074577194, 0.2945068761168218, -0.03445267304553446]], "inverted": false, "swapped": true, "error_lsq": 0.04770102087313842, "error_max": 0.3349593808697583, "target": "311.xyz", "model": "17.xyz", "model_rescale": 3.901054581598922, "target_rescale": 4.206395178208026},
{"mapping": [7, 5, 1, 2, 8, 0, 4, 6, 12, 11, 3, 13, 10, 9, 14], "R": [[-0.40126525046394085, 0.8742320434648715, -0.27332129984570463], [-0.9075178412717678, -0.4198780606214418, -0.010666863747484483], [-0.12408693139707078, 0.2437637142562683, 0.9618636520154231]], "T": [0.0076339092620676535, 0.024518199173422073, -0.006997378300347268], "aligned_model": [[-0.2116884266139646, 0.4060012578962753, -0.40550591016570625, 0.7237827943542772, 0.07839878575764901, 0.17865873442571217, -0.5425240718715346, -0.6695700930924483, 0.18966870404755293, -0.3607804110489371, 0.5419874416645922, 0.6773373402581205, -0.4089716492347995, 0.2043494038952603, 0.017878808086721286], [-0.4727448633524164, 0.3622036886132993, 0.11686731127751172, 0.32509230402713885, 0.6704034197030286, -0.04322343910649763, 0.59166856810804, -0.29203718662149064, -0.6906897071854425, -0.5312275993348263, -0.38239722249557817, -0.14168637386097924, 0.2540454680182275, -0.0970526154446949, -0.019486703111939563], [-0.38687128294575607, 0.3355781794376829, -0.5605971258911575, -0.2907650365362362, -0.14206353355716755, -0.7429770642430928, 0.028225124764221406, -0.07709140222107284, 0.07853675667737225, 0.4313500694587169, -0.37071709391892466, 0.21966438008678318, 0.6609927336137577, 0.610022210155805, 0.024025565890942402]], "inverted": false, "swapped": false, "error_lsq": 0.0320979250690943, "error_max": 0.20966532324352694, "target": "311.xyz", "model": "18.xyz", "model_rescale": 3.9405287249114394, "target_rescale": 4.206395178208026},
{"mapping": [5, 12, 6, 4, 0, 8, 1, 2, 11, 10, 9, 13, 3, 14, 15], "R": [[-0.6059293568733578, 0.6577005698829631, 0.44752606053130034], [-0.763546689054105, -0.6387052974716522, -0.09514198135503807], [0.22326233026095793, -0.3993563613582165, 0.8891953826517391]], "T": [0.15053237710515874, 0.03691120378429202, 0.005795226512250685], "aligned_model": [[-0.20012241416658208, 0.2890287862162152, -0.3935960710218688, 0.596444483933652, 0.041518791170464864, 0.07580015921758759, -0.35693766276145467, -0.65024500264329, 0.17973657737839616, -0.33619799628295777, 0.47508678649069447, 0.6782442593691556, -0.32660702854384405, 0.23050805588946638, 0.11636098411313546], [-0.47693802956607523, 0.4045165889651925, 0.13859908745397528, 0.5804876252235079, 0.5712574570054302, 0.0645493228193404, 0.45786393785177215, -0.2782943274186518, -0.6658175373558163, -0.40786703414044334, -0.5446223285385303, -0.27384880319828103, 0.2874271500073504, -0.2242914580697637, 0.016713398194373515], [-0.5458050141532873, 0.38766442880373886, -0.4960685616273937, -0.19508308405210256, -0.41285065929834897, -0.7464835685642595, 0.03394444139170931, -0.11555692301681823, 0.1624241924216748, 0.4337787538080549, -0.37564026356317787, 0.2819803686715419, 0.6653468493128071, 0.7304441224056556, 0.009217398232080072]], "inverted": false, "swapped": false, "error_lsq": 0.03756772585470582, "error_max": 0.22084314428966303, "target": "311.xyz", "model": "19.xyz", "model_rescale": 4.410303926677745, "target_rescale": 4.206395178208026},
{"mapping": [4, 2, 6, 3, 12, 10, 1, 7, 0, 8, 11, 13, 9, 14], "R": [[0.9386104952455661, 0.34000025839679426, -0.058396596690104746], [0.04368688772697024, -0.2850600892929721, -0.9575135515140316], [-0.34220139400008975, 0.8961811032276883, -0.28241394470174336]], "T": [0.022662888073935294, -0.0478251358655879, 0.032117622306008516], "aligned_model": [[-0.1618929494076291, 0.33566606831285717, 0.35129721888382, -0.7455537058466175, 0.24865506798490594, -0.3938226855946338, -0.3997990031372507, 0.707105103207508, 0.32249607640645966, 0.13841773987191658, -0.5536550718982851, -0.12922213114048747, 0.5725396086650645, -0.031043446846755383], [-0.08416249661185049, -0.5359238647424588, 0.11971865863583298, -0.18999616135566122, 0.6661601069749661, -0.6734624228397165, 0.41496763341880544, -0.20410910948355282, -0.5800682294927988, -0.0910481886093217, 0.06333975272644557, 0.6466765046543406, 0.27369188889072416, -0.014835605984552275], [-0.588669112310932, -0.45547282204888223, -0.4735358306121142, -0.13963075613678533, -0.07055306013267412, 0.4651531134206582, -0.11777039955419544, -0.13195897553584804, 0.31058522099722286, 0.6536997925041735, 0.4870038136446033, 0.44040909542475976, 0.4441813713639397, 0.09337358770109508]], "inverted": true, "swapped": true, "error_lsq": 0.03559418331776266, "error_max": 0.2837924898042394, "target": "311.xyz", "model": "20.xyz", "model_rescale": 4.121658175737393, "target_rescale": 4.206395178208026},
{"mapping": [13, 12, 6, 1, 4, 8, 7, 11, 0, 5, 2, 3, 14], "R": [[0.5190895982378562, 0.8362701407924025, 0.1766302369933197], [-0.7260550990346308, 0.540469694065838, -0.4251311597168478], [-0.4509877849422017, 0.09243787868311736, 0.8877303962451053]], "T": [0.025314784392497222, -0.04874525011032472, 0.042442696282097764], "aligned_model": [[0.1951038213288242, 0.18163466639001008, 0.1035393452081901, 0.6032405896621948, 0.4758316071691866, -0.40386079832286376, -0.47021686466705614, 0.2693911874918005, -0.5530980450328503, -0.06614195482997764, -0.14630391488148353, 0.6450410392274277, 0.04692222592089192], [-0.6224760269412346, -0.012301703321584152, 0.5008513289604332, -0.2230982197524868, 0.40147554560776755, -0.514574827559075, 0.4494458408450275, -0.7338459378413301, -0.026677597358172662, 0.06667043965068756, 0.6231366698427327, -0.23409185134188248, -0.1336867566276997], [0.6028962567323393, 0.7811067767660228, 0.331547139813717, 0.26765464424477864, -0.08041192637840361, 0.06348874784455691, 0.2038768249512435, -0.10750805441079969, -0.2976726849027822, -0.7530820948862204, -0.26264337206058475, -0.42814507198403995, 0.04900255375196182]], "inverted": false, "swapped": true, "error_lsq": 0.05222454277535989, "error_max": 0.3362059522743011, "target": "311.xyz", "model": "21.xyz", "model_rescale": 4.08911054899281, "target_rescale": 4.206395178208026},
{"mapping": [9, 0, 14, 1, 4, 15, 13, 12, 5, 10, 11, 8, 7, 6, 16], "R": [[0.9898340681011983, 0.14221794464088341, -0.0016043217741886324], [-0.1419929755021326, 0.9887893551256928, 0.04619097420674031], [0.008155521705156751, -0.045493597486235375, 0.9989313390085813]], "T": [0.03921744849361391, 0.026481508572182837, -0.08234653439667688], "aligned_model": [[-0.31764697112058965, 0.2621783650527665, -0.38591819527361043, 0.7872120496196265, -0.023312595031771542, 0.253094754483271, -0.4701037259469945, -0.6897162945006631, 0.11390543029186265, -0.32227340552867595, 0.5978733232711955, 0.6296241545883382, -0.322549435281367, 0.27882211310878, 0.027833140626602], [-0.5606283266860537, 0.571128719464095, 0.0028285219157648395, 0.2684012242499501, 0.7206820609445956, -0.014690265258338352, 0.42059226271186206, -0.08737246977777735, -0.6650247880023342, -0.5028083176307278, -0.39639284902235095, -0.24676583108833872, 0.12161971646621217, -0.04821456529803488, 0.06637995624485599], [-0.2707541746849168, 0.4213669193982738, -0.5624744408631961, -0.19178742766224285, -0.10397458586483548, -0.778096777599242, 0.06597278587593891, -0.05660986848352027, 0.035847378817450024, 0.40786979698291415, -0.39052492676699374, 0.157482218731255, 0.522525048017215, 0.6194897925303335, -0.059019257656559104]], "inverted": true, "swapped": false, "error_lsq": 0.037770913589141746, "error_max": 0.21821432621080228, "target": "311.xyz", "model": "22.xyz", "model_rescale": 4.204369325754507, "target_rescale": 4.206395178208026},
{"mapping": [5, 12, 6, 4, 0, 8, 1, 2, 11, 10, 9, 13, 3, 14, 15], "R": [[-0.6059293568733578, 0.6577005698829631, 0.44752606053130034], [-0.763546689054105, -0.6387052974716522, -0.09514198135503807], [0.22326233026095793, -0.3993563613582165, 0.8891953826517391]], "T": [0.15053237710515874, 0.03691120378429202, 0.005795226512250685], "aligned_model": [[-0.20012241416658208, 0.2890287862162152, -0.3935960710218688, 0.596444483933652, 0.041518791170464864, 0.07580015921758759, -0.35693766276145467, -0.65024500264329, 0.17973657737839616, -0.33619799628295777, 0.47508678649069447, 0.6782442593691556, -0.32660702854384405, 0.23050805588946638, 0.11636098411313546], [-0.47693802956607523, 0.4045165889651925, 0.13859908745397528, 0.5804876252235079, 0.5712574570054302, 0.0645493228193404, 0.45786393785177215, -0.2782943274186518, -0.6658175373558163, -0.40786703414044334, -0.5446223285385303, -0.27384880319828103, 0.2874271500073504, -0.2242914580697637, 0.016713398194373515], [-0.5458050141532873, 0.38766442880373886, -0.4960685616273937, -0.19508308405210256, -0.41285065929834897, -0.7464835685642595, 0.03394444139170931, -0.11555692301681823, 0.1624241924216748, 0.4337787538080549, -0.37564026356317787, 0.2819803686715419, 0.6653468493128071, 0.7304441224056556, 0.009217398232080072]], "inverted": false, "swapped": false, "error_lsq": 0.03756772585470582, "error_max": 0.22084314428966303, "target": "311.xyz", "model": "23.xyz", "model_rescale": 4.410303926677745, "target_rescale": 4.206395178208026},
{"mapping": [0, 9, 2, 10, 4, 3, 5, 12, 7, 13, 1, 11, 6, 14, 16], "R": [[-0.9269264542624401, 0.3581619258185693, -0.11192579364201263], [0.3388324787832091, 0.6707139833102541, -0.6597994421896086], [-0.16124484397985214, -0.6495096515726507, -0.7430594275048849]], "T": [0.08997793985247463, 0.03102880546803355, 0.09584078604975109], "aligned_model": [[-0.31830564043995724, 0.5004369313890104, -0.3605857559091935, 0.6265982840071767, -0.0034664153311485396, 0.17627697010865145, -0.44894900731780285, -0.6499458810260241, 0.09835051290357866, -0.20355476409216364, 0.5417328184138978, 0.6285692521062208, -0.47025926215210634, 0.1953924375530753, 0.10673222814555554], [-0.31590021424676745, 0.40311329712172994, 0.2034860259681348, 0.2921450201291159, 0.5344379081024833, 0.08800336668536124, 0.3447313736517242, -0.27920839812792975, -0.6302884063011273, -0.4107567984083869, -0.46034403901587334, -0.2174677518052303, 0.057045893182561924, 0.024766398036906, 0.015971374260677844], [-0.4364472792208204, 0.38823868441087905, -0.6788493548048657, -0.1642378077559899, -0.364302453453173, -0.7977795815476968, 0.013679494941258433, 0.04642973885160072, 0.02860729647301695, 0.5571981917035813, -0.44342316320894504, 0.3169524003961844, 0.6090225066875096, 0.7644202921238844, -0.02219648482454921]], "inverted": true, "swapped": false, "error_lsq": 0.043757748151440574, "error_max": 0.2576563502218686, "target": "311.xyz", "model": "24.xyz", "model_rescale": 4.28219845311461, "target_rescale": 4.206395178208026},
{"mapping": [3, 14, 5, 12, 11, 9, 8, 1, 4, 0, 7, 13, 6, 2, 15], "R": [[-0.8403534792753906, -0.25108328169709404, -0.48037820050660496], [0.5323310853138812, -0.21531975655215435, -0.8186947038101974], [0.1021256357546505, -0.9437131916480448, 0.314604142425318]], "T": [0.06538799893798905, -0.007458391850898825, -0.029349961905730908], "aligned_model": [[-0.22702774059376643, 0.3372169575047821, -0.4954349715745948, 0.6686726423650313, 0.14262064063940305, 0.25712982782866345, -0.5456637390161269, -0.5200888283246513, 0.0442586474608562, -0.3290209274276499, 0.5129335658811829, 0.6409037783565822, -0.3929021020902753, 0.29159682189562397, 0.03382813545370995], [-0.5495275661308059, 0.5381647852803846, 0.31291312828327356, 0.4382338685584054, 0.49513145414535753, 0.020572368703005058, 0.31746821745984444, -0.23372641289544963, -0.7233274414335923, -0.4043366835944219, -0.5316981924830204, -0.12478686482842549, 0.2612446861504243, -0.11899337511729102, -0.047596922864307556], [-0.49913649899403545, 0.42732168244750235, -0.584435870343788, -0.17708603823570457, -0.22406934205540924, -0.67690152849738, 0.025280881341488662, -0.15543353037413393, 0.11807333130615955, 0.5643531561437312, -0.39048927393491695, 0.05971222988166978, 0.6986376575859333, 0.6071793306738067, 0.024306293826950646]], "inverted": true, "swapped": false, "error_lsq": 0.037016776992345304, "error_max": 0.2130755493239048, "target": "311.xyz", "model": "25.xyz", "model_rescale": 4.100010024507729, "target_rescale": 4.206395178208026},
{"mapping": [6, 4, 5, 3, 9, 8, 0, 11, 1, 13, 12, 14], "R": [[0.954027036350777, -0.0845352833383174, -0.28755208186111925], [0.06666058353253286, -0.8755249482654566, 0.47855243345726683], [-0.2922135871496321, -0.4757203494025455, -0.8296393003284407]], "T": [-0.06294884126325219, 0.008701798259921713, 0.0616159063391721], "aligned_model": [[-0.5727762189659528, -0.08678156750632106, 0.3833275974363819, 0.609139598489418, -0.5261628298091374, 0.04906452477064489, -0.05690681884692246, 0.5543415413495211, 0.10431964203969941, -0.03458960713624408, -0.5391227624078194, -0.00708749705026103], [-0.3470038989812793, -0.6324699395892323, -0.26857235702112514, -0.38451967311951635, 0.6079035433561079, 0.6161567331437307, 0.24055667748657691, 0.3087390799535115, -0.1485015691822942, 0.4964795514781193, 0.11826299085461459, 0.05910025167142597], [-0.011228879375070576, -0.03371632616488771, 0.6768404125402563, -0.12152569122548501, 0.017750112912163017, 0.20333153789259015, 0.691642623236381, -0.22184781910105286, -0.5404023422905289, -0.5966941513640762, -0.515136556426665, 0.016179369220732508]], "inverted": false, "swapped": true, "error_lsq": 0.040465050874670554, "error_max": 0.22922426118625006, "target": "311.xyz", "model": "26.xyz", "model_rescale": 3.6694154284099745, "target_rescale": 4.206395178208026},
