[{"mapping": [11, 2, 4, 9, 12, 8, 1, 7, 3, 0, 5, 14], "R": [[-0.06644934059997065, 0.10399968122347847, 0.9923550531131711], [0.9436767759608786, -0.31652569645658235, 0.09636195304557515], [0.3241274867176667, 0.9428656053691272, -0.07710916006544483]], "T": [-0.02846833331349633, -0.07878546193873025, 0.05886013605295747], "aligned_model": [[-0.38939858683115763, 0.47702383655481634, 0.48868652262274864, -0.0413393707787622, -0.06171586865425343, -0.5215039708333066, 0.20899613592100902, -0.35712342582722517, 0.4843513107951762, 0.10867886525126119, -0.4222359305620216, -0.13677705519773606], [-0.16705523498781344, -0.6343963074591725, -0.3641978917078626, 0.7119012435554536, 0.29307556026373516, -0.6754445916867572, -0.30505920309271956, -0.5472646136686234, 0.25727235762863476, 0.2642812947207933, 0.32952008155555246, -0.10907765914416345], [-0.5440991964733168, 0.03991953488299109, -0.549516800214743, 0.001508345790029543, -0.5386443501685626, -0.00684773126860664, 0.5594811070558413, 0.6638478066770331, -0.3062815599483718, 0.512822586535163, 0.3308989701156568, 0.018863032370448583]], "inverted": true, "swapped": true, "error_lsq": 0.055276933338539426, "error_max": 0.3344279886411813, "target": "313.xyz", "model": "0.xyz", "model_rescale": 3.751011558992144, "target_rescale": 4.083763991548999},
{"mapping": [13, 9, 10, 8, 4, 3, 11, 12, 6, 2, 6, 1, 8, 0, 14], "R": [[0.4975732165001624, -0.7052925775918013, 0.504958685652198], [-0.3948309698953627, -0.7024875647778749, -0.5921315111898184], [0.7723531571976446, 0.09525545300067495, -0.6280103496284647]], "T": [0.0518446452796935, 0.032220698882667514, 0.0006720310904184332], "aligned_model": [[-0.5033761075053182, 0.039185534961598587, 0.5808434824541506, -0.1535872796354366, 0.4945167865052791, -0.4843051964084412, 0.6032551087330762, 0.014702635214073417, 0.7313140754576138, -0.7514038984728636, 0.7313140754576138, 0.2917127387088822, -0.1535872796354366, -0.2859571053726951, 0.05696340547068509], [-0.4310115142306026, -0.5326263262348685, -0.1560739195302934, 0.5308843017583794, 0.543612493538493, -0.14158363591323356, -0.5293287495536952, -0.5521899116583296, 0.0709195600659694, 0.21633684885822116, 0.0709195600659694, 0.5975187676242212, 0.5308843017583794, 0.44642984638798267, -0.02127674748406981], [-0.06750443634230616, -0.33841085918291536, -0.5969558757827882, -0.3860456793038061, -0.4093203806091852, 0.5161730397962379, 0.13235235111439977, 0.45790262220675576, 0.3177673430503216, -0.06738031835972166, 0.3177673430503216, 0.3301973573819672, -0.3860456793038061, 0.53902626194459, 0.011425354749300464]], "inverted": false, "swapped": false, "error_lsq": 0.05353067143901449, "error_max": 0.3705391203887554, "target": "313.xyz", "model": "1.xyz", "model_rescale": 3.9405287249114394, "target_rescale": 4.083763991548999},
{"mapping": [4, 8, 11, 1, 7, 12, 2, 6, 5, 9, 0, 3, 14], "R": [[-0.37268430173323164, 0.9044040673563896, -0.20774911357412024], [-0.9254014707449281, -0.345616293814323, 0.15550400442810283], [0.06883697541828393, 0.2502052365544548, 0.9657426212071164]], "T": [-0.06130571295983918, -0.10916036759650394, -0.0028658712503167004], "aligned_model": [[-0.3737153852415145, 0.32519848323227335, -0.4226884909466466, 0.44127930128180676, 0.7281510554099012, -0.7499845924089881, 0.24595934652028262, 0.6388419515394083, -0.0920989844660999, -0.6233339019165455, 0.0405279310580874, -0.6003229195023477, -0.061830515275686136], [0.5856299541203873, 0.2909068356081297, 0.2765991906080639, -0.21629338339376192, -0.20329627904326236, -0.012533176637079521, 0.4099359877497998, 0.40130318611713667, -0.6592730064659399, -0.6670402355332983, -0.6309559949487302, -0.0357056132753954, -0.08044487133403248], [0.36955660683207103, -0.5450508212905203, -0.4742618920728775, 0.3039587644594437, -0.2506428033872826, -0.11592433604838334, 0.4451426654090381, 0.0683038081402834, -0.3065092866494954, 0.03630970106089483, 0.24197140587263583, 0.45899141596466325, -0.1187248787018268]], "inverted": true, "swapped": true, "error_lsq": 0.05527375516655632, "error_max": 0.3074788315277948, "target": "313.xyz", "model": "2.xyz", "model_rescale": 3.932901565614263, "target_rescale": 4.083763991548999},
{"mapping": [9, 5, 13, 0, 12, 4, 11, 3, 1, 2, 8, 7, 10, 14], "R": [[0.3535231401887062, -0.14272835641505266, 0.9244728257910962], [-0.42546592150880946, -0.9046814251450549, 0.023027562445307903], [0.833066707404501, -0.40147245892161854, -0.3805518699752417]], "T": [0.004513053009856344, -0.00914906452789084, 0.028743505369241792], "aligned_model": [[-0.35934782224243067, 0.1844570051442298, 0.32743848845597057, -0.23512630897467937, -0.19477935556034467, -0.3720936938992848, 0.30806155185296946, -0.6368510818876667, -0.05267467650029396, -0.18162361373731392, 0.7110892360543213, 0.5678312767899222, 0.24318262186578346, 0.11024628469152137], [0.02265732627017892, 0.29008857486201545, -0.29982857855767164, 0.4861218388749984, -0.5617108787946251, -0.6230815108154246, -0.6331658769680025, -0.31163285909073224, 0.4724537583440024, -0.06897762633068512, -0.1629376671982986, 0.5243817090034141, -0.41394429682786954, -0.05692727442081148], [-0.6749851175118242, -0.4945618299674523, -0.7007128321662577, -0.1709206338170064, -0.36030097382958115, 0.47627697478303926, -0.11297270422290458, -0.051274643377532805, 0.3794553832516652, 0.754248968005918, 0.3124739127054757, 0.3312570744868472, 0.5252030291554988, 0.0007097555612125897]], "inverted": false, "swapped": true, "error_lsq": 0.05443984629676446, "error_max": 0.3349605893804483, "target": "313.xyz", "model": "3.xyz", "model_rescale": 3.9243930471874484, "target_rescale": 4.083763991548999},
{"mapping": [0, 5, 9, 3, 12, 1, 2, 13, 11, 8, 4, 6, 14], "R": [[-0.36813020465071655, 0.8760251138466946, -0.31154478383325157], [0.3643537042533523, 0.4441969796876077, 0.818495828598575], [0.8554101534472702, 0.18780054085729614, -0.48270532028663704]], "T": [-0.051890000819728, -0.11244894998333319, -0.13401823819963912], "aligned_model": [[-0.13243209915939572, -0.059575279070504084, 0.5051875299126727, 0.5342069010159336, 0.6217134634272796, -0.519851506814091, -0.3039491828373165, 0.3534010729607869, 0.2610132526847447, -0.4899615347926733, 0.30589480387998347, -0.7349761095900915, -0.06346542530597662], [-0.5387291085783905, -0.028035816307387884, -0.297594318040037, -0.46205389722566403, 0.09348193628846238, -0.4839096780869946, -0.3684282697914085, 0.44530182366142923, 0.49923200021705194, 0.4983056435555342, -0.1751058086559288, -0.060035959506799616, 0.005401006151720511], [-0.5269358591204509, -0.757385564974508, -0.6669592997977113, 0.07458211212885388, -0.11825522680324163, -0.09881180303923906, 0.5259251293873188, -0.6295333087251103, 0.03791234816375191, 0.06213460628126635, 0.6322036932633696, 0.4012304530388736, -0.14903696443220882]], "inverted": false, "swapped": true, "error_lsq": 0.05151121871144278, "error_max": 0.2968235127783401, "target": "313.xyz", "model": "4.xyz", "model_rescale": 3.8936222436046832, "target_rescale": 4.083763991548999},
{"mapping": [0, 1, 3, 9, 4, 10, 8, 11, 13, 5, 12, 14], "R": [[0.7776310096643035, -0.3066203416405587, -0.5488843037477958], [-0.21688770918813433, -0.950253053533591, 0.2235595130009214], [-0.5901268799263416, -0.05480055056578295, -0.8054484249448178]], "T": [-0.1707780288871602, -0.17394179847505134, -0.053117268309210354], "aligned_model": [[0.01235728490236429, -0.493364410105477, -0.2334314953214352, 0.45215522747767556, -0.7209379802288237, -0.6389150919811497, -0.3255723288921756, -0.01587699205012455, 0.5856805601187582, 0.39570024311603225, 0.1362642275406588, -0.12651120236120608], [-0.5612023552875123, -0.6602867495770779, 0.2951919688784225, -0.02628085237258415, 0.4618931933037995, 0.09263001560323478, -0.24727635615327245, 0.3590779753032217, 0.10291942668518292, -0.44757240131162523, 0.4528831899980409, -0.15305414996002295], [-0.451961571298948, -0.18584688777131875, -0.5871915656755504, -0.5208680147627752, -0.16297985446554694, 0.3676933304706806, 0.7045532063301828, 0.3867892524053155, 0.21521131799367518, -0.05276333498055689, -0.14910224675876252, 0.05575108778912299]], "inverted": true, "swapped": true, "error_lsq": 0.04355323937348434, "error_max": 0.2102697466322079, "target": "313.xyz", "model": "5.xyz", "model_rescale": 3.6523030999806103, "target_rescale": 4.083763991548999},
{"mapping": [7, 5, 13, 8, 11, 1, 9, 10, 0, 3, 12, 4, 14], "R": [[0.8001015925353676, 0.4318515763756917, 0.4163431968991432], [-0.5488189475332798, 0.8071617704089151, 0.21745721238627405], [-0.24214707194354382, -0.4024848970733883, 0.8828197455749346]], "T": [0.0022555117491796506, -0.134995901863127, 0.01219762424109383], "aligned_model": [[0.059997476703892466, -0.27974416701236543, 0.16355098625800002, 0.6364535434151692, 0.5890439018654634, -0.2625005640158727, -0.4767878018601852, 0.6051587971723202, -0.5671715488632052, -0.1950215403919676, 0.14992250416145894, 0.3667500321047673, 0.09143128512681906], [-0.7196609972781709, 0.1505375242429628, 0.6032545091678161, -0.3809676298039616, 0.2614440061918389, -0.6686375107271696, 0.4967596415988013, -0.39072078973402685, -0.1800882632207888, 0.15226610337502083, 0.4944059512080851, -0.1790448717867562, -0.09872076907046774], [0.6023921334788526, 0.49667498024830137, 0.39930492928838224, 0.38729034143108576, 0.0004954045755777292, 0.07000238465928038, 0.005655859316802174, -0.18377893583215438, 0.13989085678058308, -0.6105459896803189, -0.2678834286649824, -0.7521552586258767, 0.08276646250625617]], "inverted": false, "swapped": true, "error_lsq": 0.061815698497476215, "error_max": 0.3374154719778101, "target": "313.xyz", "model": "6.xyz", "model_rescale": 4.08911054899281, "target_rescale": 4.083763991548999},
{"mapping": [4, 6, 2, 7, 13, 4, 0, 3, 9, 5, 1, 11, 12, 10, 14], "R": [[0.44245303474737874, -0.8650996600429643, 0.2363004236906531], [0.29476201943047564, 0.38914380758676326, 0.8727442058920494], [-0.846965562431025, -0.31649593237579443, 0.4271763814227956]], "T": [0.07152507880109304, 0.10765165375801247, 0.05858382957931692], "aligned_model": [[-0.48825233809372093, 0.06801136655989787, 0.5223166232944176, -0.15941748976121495, 0.3740719497234083, -0.48825233809372093, 0.6094942067633916, 0.08562739507458214, 0.5445403292118987, -0.6558158843349066, 0.8046873484105312, 0.2770095992617507, -0.138771594098877, -0.33373912794637506, 0.19008092996171927], [-0.2885465177830432, -0.3211984014022078, -0.10905729718573562, 0.08066282651048748, 0.6152313801244579, -0.2885465177830432, -0.6585568678448709, -0.6403916158527779, -0.066775076320462, 0.21822838880575168, 0.10868951906721341, 0.5751809156735059, 0.772430484653091, 0.5318514026993302, 0.11421225209082589], [0.22145108259338486, -0.19679481179234803, -0.5738430494236532, -0.6798104402840789, -0.373530431500439, 0.22145108259338486, -0.03180367999195298, 0.3168159494472645, 0.6589080724853686, -0.13953012397748427, 0.038137115610265296, 0.3479340741981249, -0.08922122233763392, 0.4770218706671841, 0.17376295612197845]], "inverted": false, "swapped": false, "error_lsq": 0.05404169991305932, "error_max": 0.35943562535162976, "target": "313.xyz", "model": "7.xyz", "model_rescale": 3.964800864290218, "target_rescale": 4.083763991548999},
{"mapping": [7, 5, 1, 8, 2, 13, 10, 0, 9, 3, 11, 4, 3, 14], "R": [[0.634702619545457, 0.34677549892729564, 0.6905789875791621], [-0.7553831960864992, 0.08998993881400995, 0.6490747553112791], [0.1629380612756915, -0.9336212102646214, 0.3190652346021783]], "T": [0.05365519633294728, -0.04076216560686435, 0.0122967744483575], "aligned_model": [[-0.139860792800596, 0.14354854080617996, 0.3292061661383014, -0.6442968901451575, 0.07912572539122091, -0.281606852466677, -0.4332404190308649, 0.5551051777947245, 0.4568300569836264, 0.4136533966435372, -0.529620393774166, -0.04539180192663929, 0.4136533966435372, -0.055917420796154416], [-0.0811060551057795, -0.6521304591822641, 0.17477140759292503, 0.031104339665284586, 0.6960490136721118, -0.7356198361444013, 0.4389963480780275, -0.2724726736469325, -0.574471655599933, 0.16867882885529822, -0.10817466522990751, 0.6446577407455989, 0.16867882885529822, -0.08801269637412418], [-0.7966660798148519, -0.10568399076085702, -0.47332394026177316, -0.32102269873767686, -0.13277227831553057, 0.36677405360060866, 0.01996686148196681, -0.18120830714551608, 0.4380250560173482, 0.5917646935316155, 0.40836153973146383, 0.501603570619408, 0.5917646935316155, 0.009231865247200835]], "inverted": true, "swapped": true, "error_lsq": 0.0524305705189651, "error_max": 0.31449696211970085, "target": "313.xyz", "model": "8.xyz", "model_rescale": 4.121658175737393, "target_rescale": 4.083763991548999},
{"mapping": [3, 0, 1, 2, 9, 12, 5, 11, 8, 13, 4, 10, 14], "R": [[0.6029236411782235, -0.5403248230448711, 0.5869686265124586], [0.737537124595809, 0.09698613193374733, -0.6683058282369503], [0.3041744117300783, 0.8358485364072004, 0.45698484814553997]], "T": [0.024657909835312887, -0.04654554280777912, -0.16493090867551408], "aligned_model": [[-0.6235669677117947, -0.15219296390748918, 0.2693043218719426, 0.2146439973162322, -0.6195138264222704, -0.47006094523268865, -0.011379096778235197, 0.05382496103216559, 0.7160460964792149, -0.13951534937942414, -0.21803279655677196, 0.37010110072129104, 0.08707896500302509], [0.2510744697288875, -0.32982912963880323, 0.06489643714370277, 0.6494719435820188, -0.5087949317569074, -0.06507341372920382, -0.672295495162453, -0.016569698770197205, -0.009080872097294801, -0.6504448732838981, 0.7204830266272896, 0.44565835433030443, -0.08910837756173567], [-0.14315615490982836, -0.6456181645242747, -0.6996638839768463, -0.3748104861339112, -0.16199248731540206, 0.3363749878925043, -0.21887343375257656, 0.5420859859724886, 0.1871806569141422, 0.4088588652963324, 0.10302485515302284, 0.16018249840168014, -0.07251780505824221]], "inverted": false, "swapped": true, "error_lsq": 0.0492729700098956, "error_max": 0.31161703687977, "target": "313.xyz", "model": "9.xyz", "model_rescale": 3.833441315466971, "target_rescale": 4.083763991548999},
{"mapping": [3, 4, 5, 2, 13, 7, 1, 6, 12, 9, 0, 10, 8, 11, 14], "R": [[-0.19146015207611378, 0.9638969762594132, 0.18505574653317824], [-0.47342461398463714, 0.07446642171310414, -0.8776809710314699], [-0.8597744733594321, -0.2556508775561051, 0.4420752014808166]], "T": [0.11694586583149151, 0.014313635709666424, 0.10034905245740226], "aligned_model": [[-0.5841178493632336, -0.018349032154042863, 0.3957897968049237, -0.1334726916055629, 0.4239207125687288, -0.4935437845322274, 0.7844789689528214, 0.2267061030638286, 0.40046940663570785, -0.5593005320736851, 0.7456717532550481, 0.3719998666984452, -0.22565844523141493, -0.15456232364477918, 0.03155902655822419], [-0.3243207810910632, -0.7180267661059964, -0.1968004028334608, 0.16827943060526168, 0.37816984002279214, -0.030349498213033097, -0.2980239246971475, -0.6098900288842369, -0.07974994117308432, 0.3364187800497776, 0.23318888520974623, 0.7490854188225545, 0.714431050221861, 0.3015540854635664, 0.01944872805498505], [-0.28456424783635365, -0.1847569042285228, -0.47853964699725576, -0.5555742166990951, -0.5392302213376056, 0.36344897273257715, 0.14988426730656673, 0.3443819262165714, 0.6235951729634558, -0.2108570076420509, -0.04324880735744836, 0.366454345344893, 0.10450288377454063, 0.6563286457124653, 0.0591232824566274]], "inverted": true, "swapped": false, "error_lsq": 0.047347712583142826, "error_max": 0.311832359629192, "target": "313.xyz", "model": "10.xyz", "model_rescale": 4.2482417240324, "target_rescale": 4.083763991548999},
{"mapping": [4, 2, 8, 7, 12, 13, 11, 5, 1, 9, 3, 14], "R": [[0.18027837087572807, 0.6848951458727712, -0.7059874985821696], [0.7335126764969699, -0.5718076004338162, -0.36741695865103], [-0.6553311089919697, -0.4516134489206856, -0.6054638142294868]], "T": [0.04057786218428531, -0.0054005721514101684, -0.12536339448965594], "aligned_model": [[-0.7198961485547867, -0.2342593540495884, 0.3753658709573071, 0.7640539616549341, -0.43403692373968566, 0.16015266877751608, -0.17524521871606477, 0.45266567139021313, 0.2940229403359899, -0.08536253368613902, -0.603867070621117, 0.08317173861442792], [-0.32291448995668054, -0.7047169995969551, -0.2542153938066242, -0.4076867081435672, 0.48501078991998076, 0.7665825503509501, 0.2559433436936788, 0.4485705636506792, -0.4439437833902244, 0.6787712479565314, 0.1333775660688193, 0.031352703304051335], [0.07437665572063512, -0.12301164866792025, 0.5299319240581464, -0.03456050174306935, 0.04966554719761507, 0.20724130978413124, 0.49652237703146984, -0.2663077455352042, -0.44419874530499925, -0.5057425408097826, -0.39863736062695865, -0.020086981249706898]], "inverted": true, "swapped": true, "error_lsq": 0.052035598285056106, "error_max": 0.26411580128916495, "target": "313.xyz", "model": "11.xyz", "model_rescale": 3.6694154284099745, "target_rescale": 4.083763991548999},
{"mapping": [7, 6, 10, 2, 1, 5, 0, 13, 4, 12, 11, 3, 8, 14], "R": [[0.1004807749809663, 0.1951759322046646, 0.9756074873366156], [-0.8766829813487697, -0.4462951375393913, 0.17957616885914693], [0.47045782390418117, -0.8733424332395261, 0.1262633368425157]], "T": [0.09194300631024219, -0.07440832154071549, 0.022302755517721554], "aligned_model": [[-0.20471919628622584, 0.11397210200526699, -0.0231704329160137, 0.5149497807827145, 0.36709973688336195, -0.20431248498818358, 0.3343526716626132, -0.525930941673189, 0.47740416105803174, 0.022082011424304687, -0.35886004018639595, 0.586493589172179, -0.4772018653100255, -0.02389424137262869], [-0.25844310027145534, 0.352849634366449, 0.5683925572244891, 0.4068294581496198, -0.23780854559615627, -0.6178321091081038, -0.6040742159522031, -0.27341323716807897, 0.6520411987858155, 0.10008233634691176, 0.34943579218341697, 0.060779480107409065, 0.27813230790498317, -0.04598426883684294], [-0.7337526027835424, -0.734539548463208, -0.17981188600270054, -0.3702019705428787, -0.4834636699115088, 0.13497367328567805, -0.034948047864284806, 0.5695785480253663, 0.22899743195009925, 0.7013241699061266, 0.36691113897602406, 0.5186809207418882, -0.37164267281286134, 0.026989975148217327]], "inverted": true, "swapped": true, "error_lsq": 0.05218729575672594, "error_max": 0.34119207305321547, "target": "313.xyz", "model": "12.xyz", "model_rescale": 3.9764082729961374, "target_rescale": 4.083763991548999},
{"mapping": [2, 8, 10, 9, 12, 7, 11, 3, 14, 0, 13, 6, 5, 4, 15], "R": [[0.3033189029101497, -0.1383872216655987, 0.9427866248611398], [0.9500137143970226, -0.0328864522212125, -0.3104712929046328], [0.07397016692529251, 0.9898320353170927, 0.12149467587127433]], "T": [0.09201841035655213, 0.09893867461199571, -0.033159307144775746], "aligned_model": [[-0.4764084175910337, 0.09264420327291707, 0.49848063491674344, -0.22213775912327344, 0.3998470822328648, -0.5173793909332377, 0.6620576148572833, 0.11821065719607098, 0.6370252881226555, -0.6199668850401953, 0.6782673495790226, 0.40098247087666805, -0.17912524502919258, -0.32883901079069316, 0.06793238338618188], [-0.36861399428679575, -0.6027597352542845, -0.35817350643677137, 0.4378994540304353, 0.3251619871954426, -0.1947263764125914, -0.4441340441642251, -0.5346622674105662, -0.03712470147052799, 0.22924564998954758, 0.2735685395430752, 0.5635624227512247, 0.8919136113241489, 0.38237714114155763, 0.07988069491285342], [-0.3406409439642486, -0.1184340784602625, -0.5546799806570393, -0.4177508017353727, -0.5443129597414343, 0.3036327006476993, 0.07014619223733734, 0.5202910156369813, 0.5354022994131579, -0.08977171575827239, -0.015921623959964055, 0.4886881683413168, -0.010893330293734182, 0.47517659414086866, 0.07001690856233178]], "inverted": false, "swapped": false, "error_lsq": 0.041154277643346705, "error_max": 0.2235829739467766, "target": "313.xyz", "model": "13.xyz", "model_rescale": 4.170626492500431, "target_rescale": 4.083763991548999},
{"mapping": [1, 7, 0, 5, 3, 12, 9, 6, 2, 8, 10, 11, 4, 14], "R": [[0.70024866318602, -0.34313708858923675, -0.626026156115457], [-0.18793739976852852, 0.7573741842941862, -0.6253510044230844], [0.6887171723388612, 0.5555549328367256, 0.4658619678900017]], "T": [-0.09590065957628556, 0.0305655363670991, -0.004792019306549308], "aligned_model": [[0.2557700356674844, 0.034315535308276704, -0.22076853456094497, -0.6492900754076283, 0.008916527106142394, -0.4118271510001016, -0.6683963950245041, 0.5786885335725135, 0.6527577962431893, -0.022815264630279927, 0.3137978317380185, -0.31632495988769804, 0.4409017907780167, -0.15254264781084131], [-0.302889437906731, -0.7913631244215932, -0.05149296808053116, -0.1737706986576145, 0.7185356540256609, 0.6095651101696212, 0.44140649131926846, -0.4641198064878228, 0.04619969792868014, -0.469127426684296, -0.008788447146073824, 0.2203046119868002, 0.5947841921744931, -0.013169380294195773], [-0.35599856669899316, -0.03600077147329399, -0.5707076275835153, -0.22337454887147434, -0.16277232890141624, 0.24289240702598253, -0.3682458682676441, 0.23197948888147518, 0.05726103342303944, 0.585436113305486, 0.5410035579430039, 0.6409899628160519, 0.33066637513327685, 0.09074387438888773]], "inverted": false, "swapped": true, "error_lsq": 0.050787588880355124, "error_max": 0.3815025969318301, "target": "313.xyz", "model": "14.xyz", "model_rescale": 3.9786697098870705, "target_rescale": 4.083763991548999},
{"mapping": [5, 7, 9, 13, 0, 3, 8, 2, 12, 11, 1, 14], "R": [[0.41401621741393413, -0.8632931250096316, 0.2886443348298434], [0.09978006776482723, 0.35822755083986835, 0.9282871107023494], [-0.9047842338342909, -0.3555249669578414, 0.2344514620865506]], "T": [-0.0021719207647494312, 0.08046145370772773, 0.024335433082172796], "aligned_model": [[0.022696423802228062, -0.8065611476001326, 0.58288423548424, 0.42664049790048625, -0.06034861888336398, 0.5733834225743639, -0.4521857218149901, -0.28772670616833945, 0.6689129189678251, 0.2990137499979584, -0.4699868737913922, -0.013367583701547177], [-0.1844503698771754, -0.08465342484469945, 0.10661456295081063, -0.593839290665829, 0.37060962608420456, 0.48316735745634243, -0.4503323220540939, 0.5169256905730868, -0.10343920917478566, -0.4492731177958058, 0.44004072578959463, -0.036695738217210866], [-0.545730138490651, -0.11419981759325774, -0.5101415697992595, -0.262579852047592, -0.4806552301082079, 0.15007844670380913, 0.3695155705191494, 0.5652068838922935, 0.13489452844305522, 0.3852933709366758, -0.07597634841069452, 0.04426064982851004]], "inverted": true, "swapped": true, "error_lsq": 0.05733335704103812, "error_max": 0.283216854302922, "target": "313.xyz", "model": "15.xyz", "model_rescale": 3.769337070930944, "target_rescale": 4.083763991548999},
{"mapping": [8, 5, 10, 11, 6, 1, 2, 0, 4, 12, 14], "R": [[-0.16861876891335978, 0.656394639459186, 0.7353324337055918], [-0.8471891743951063, -0.4778309409859856, 0.23226729133519014], [0.5038235936891815, -0.583801052693204, 0.6366616976985702]], "T": [-0.03326198123702904, -0.12369567709675944, 0.07491316866168382], "aligned_model": [[-0.28893728881157443, -0.33469157636128405, -0.023912296761818726, -0.6052134118101123, 0.403040045797179, 0.47995695755710066, 0.5306363638932177, 0.20655979052574294, 0.1609261278398291, -0.4735026813962028, -0.1322358997809065], [0.1816489591051042, -0.6747261921289437, 0.5023478683443621, 0.29399512985871257, 0.26725151164351035, -0.2977624842485743, 0.3579527194663075, -0.643196968411221, 0.6295888163623968, 0.0796624228742599, -0.10069728524057245], [-0.5920190400699082, 0.03917753636246954, -0.1994523987123389, 0.08021489189852768, -0.5674619179195065, -0.17908998919962751, -0.04599162974760665, 0.1981608305381946, 0.41238219964788936, 0.5860210228315034, 0.01227610159417987]], "inverted": true, "swapped": true, "error_lsq": 0.0482200912054628, "error_max": 0.23599778899284973, "target": "313.xyz", "model": "16.xyz", "model_rescale": 3.7852294659196426, "target_rescale": 4.083763991548999},
{"mapping": [5, 11, 12, 13, 8, 10, 2, 4, 9, 0, 1, 3, 14], "R": [[0.8705743481510166, -0.16019141344197788, 0.4652300671720323], [-0.1945219078860447, 0.7564401609544478, 0.6244673812518811], [-0.45195301934361, -0.6341427236471853, 0.6273766606684728]], "T": [-0.017701669620981658, 0.16619254320044402, -0.09170675520364334], "aligned_model": [[0.2302083847698119, -0.29583180505771456, 0.2535298472697344, 0.1210161817739884, -0.7620289307283775, -0.5902878804541859, -0.3333347905915983, -0.13717935633957462, 0.6969713045956394, 0.39326168247475934, -0.08558261983794244, 0.4542493441706206, -0.09122551182887775], [-0.09826018575137158, -0.4214999136077709, -0.3520852985637903, -0.6469334820018717, -0.0075735181729850165, 0.18209565017059676, 0.7159295880430141, 0.2713386635346272, -0.16436921265192028, 0.4125652495097448, 0.7185793308153625, 0.1892032893597741, 0.07606546301946482], [-0.6058826237652886, 0.18915506383137393, 0.3010007345083664, -0.29286686543527474, -0.2302205274117337, 0.281370347150701, 0.3117153640522317, 0.7411805555549459, -0.18450666462823265, -0.4278550451991714, -0.31186930914647765, 0.4430642703550661, -0.11853060272333268]], "inverted": true, "swapped": true, "error_lsq": 0.04380570848240322, "error_max": 0.24080508140370732, "target": "313.xyz", "model": "17.xyz", "model_rescale": 3.901054581598922, "target_rescale": 4.083763991548999},
{"mapping": [13, 9, 10, 8, 4, 3, 11, 12, 6, 2, 6, 1, 8, 0, 14], "R": [[0.4975732165001624, -0.7052925775918013, 0.504958685652198], [-0.3948309698953627, -0.7024875647778749, -0.5921315111898184], [0.7723531571976446, 0.09525545300067495, -0.6280103496284647]], "T": [0.0518446452796935, 0.032220698882667514, 0.0006720310904184332], "aligned_model": [[-0.5033761075053182, 0.039185534961598587, 0.5808434824541506, -0.1535872796354366, 0.4945167865052791, -0.4843051964084412, 0.6032551087330762, 0.014702635214073417, 0.7313140754576138, -0.7514038984728636, 0.7313140754576138, 0.2917127387088822, -0.1535872796354366, -0.2859571053726951, 0.05696340547068509], [-0.4310115142306026, -0.5326263262348685, -0.1560739195302934, 0.5308843017583794, 0.543612493538493, -0.14158363591323356, -0.5293287495536952, -0.5521899116583296, 0.0709195600659694, 0.21633684885822116, 0.0709195600659694, 0.5975187676242212, 0.5308843017583794, 0.44642984638798267, -0.02127674748406981], [-0.06750443634230616, -0.33841085918291536, -0.5969558757827882, -0.3860456793038061, -0.4093203806091852, 0.5161730397962379, 0.13235235111439977, 0.45790262220675576, 0.3177673430503216, -0.06738031835972166, 0.3177673430503216, 0.3301973573819672, -0.3860456793038061, 0.53902626194459, 0.011425354749300464]], "inverted": false, "swapped": false, "error_lsq": 0.05353067143901449, "error_max": 0.3705391203887554, "target": "313.xyz", "model": "18.xyz", "model_rescale": 3.9405287249114394, "target_rescale": 4.083763991548999},
{"mapping": [11, 9, 5, 10, 2, 13, 8, 7, 0, 14, 6, 1, 3, 12, 15], "R": [[-0.13312647300510627, -0.20713212081787846, -0.9692128902933085], [0.17027189488629568, -0.9681571895919361, 0.18351876757780033], [-0.97636305952092, -0.14059850912058863, 0.16415613066838775]], "T": [0.02933057050548027, 0.03410105933591705, 0.17341208041490588], "aligned_model": [[-0.34084467936526996, -0.010636368332847645, 0.4794615188252464, -0.22373593258516905, 0.41650758377946734, -0.553627470618621, 0.6833722560137181, 0.0994618624209108, 0.5955635435582228, -0.6811079620485122, 0.7346649263854153, 0.3921717933455944, -0.18895093680458366, -0.22740466574511325, 0.036695507104323635], [-0.2239491875693186, -0.6774557468063905, -0.301459771786394, 0.3964137476928154, 0.3410884594211701, -0.2970115645921775, -0.34594420791217306, -0.6149592893394211, 0.11133552282793847, 0.28447057306407714, 0.1448985102297446, 0.5826875500646163, 0.853640996184563, 0.34057963804452385, 0.04907964592894875], [-0.38836506076751265, -0.11136748765307761, -0.4398119412444872, -0.4766578372213387, -0.5415550374263124, 0.2164724791145226, 0.16521305633711103, 0.4369036639864956, 0.5556284011455923, -0.006396596056059273, -0.04683965484065855, 0.2274355306684778, 0.09507900725593244, 0.5479744403357836, 0.13723548077489675]], "inverted": false, "swapped": false, "error_lsq": 0.04598451997201712, "error_max": 0.30214666016003894, "target": "313.xyz", "model": "19.xyz", "model_rescale": 4.410303926677745, "target_rescale": 4.083763991548999},
{"mapping": [7, 5, 1, 8, 2, 13, 10, 0, 9, 3, 11, 4, 3, 14], "R": [[0.634702619545457, 0.34677549892729564, 0.6905789875791621], [-0.7553831960864992, 0.08998993881400995, 0.6490747553112791], [0.1629380612756915, -0.9336212102646214, 0.3190652346021783]], "T": [0.05365519633294728, -0.04076216560686435, 0.0122967744483575], "aligned_model": [[-0.139860792800596, 0.14354854080617996, 0.3292061661383014, -0.6442968901451575, 0.07912572539122091, -0.281606852466677, -0.4332404190308649, 0.5551051777947245, 0.4568300569836264, 0.4136533966435372, -0.529620393774166, -0.04539180192663929, 0.4136533966435372, -0.055917420796154416], [-0.0811060551057795, -0.6521304591822641, 0.17477140759292503, 0.031104339665284586, 0.6960490136721118, -0.7356198361444013, 0.4389963480780275, -0.2724726736469325, -0.574471655599933, 0.16867882885529822, -0.10817466522990751, 0.6446577407455989, 0.16867882885529822, -0.08801269637412418], [-0.7966660798148519, -0.10568399076085702, -0.47332394026177316, -0.32102269873767686, -0.13277227831553057, 0.36677405360060866, 0.01996686148196681, -0.18120830714551608, 0.4380250560173482, 0.5917646935316155, 0.40836153973146383, 0.501603570619408, 0.5917646935316155, 0.009231865247200835]], "inverted": true, "swapped": true, "error_lsq": 0.0524305705189651, "error_max": 0.31449696211970085, "target": "313.xyz", "model": "20.xyz", "model_rescale": 4.121658175737393, "target_rescale": 4.083763991548999},
{"mapping": [7, 5, 13, 8, 11, 1, 9, 10, 0, 3, 12, 4, 14], "R": [[0.8001015925353676, 0.4318515763756917, 0.4163431968991432], [-0.5488189475332798, 0.8071617704089151, 0.21745721238627405], [-0.24214707194354382, -0.4024848970733883, 0.8828197455749346]], "T": [0.0022555117491796506, -0.134995901863127, 0.01219762424109383], "aligned_model": [[0.059997476703892466, -0.27974416701236543, 0.16355098625800002, 0.6364535434151692, 0.5890439018654634, -0.2625005640158727, -0.4767878018601852, 0.6051587971723202, -0.5671715488632052, -0.1950215403919676, 0.14992250416145894, 0.3667500321047673, 0.09143128512681906], [-0.7196609972781709, 0.1505375242429628, 0.6032545091678161, -0.3809676298039616, 0.2614440061918389, -0.6686375107271696, 0.4967596415988013, -0.39072078973402685, -0.1800882632207888, 0.15226610337502083, 0.4944059512080851, -0.1790448717867562, -0.09872076907046774], [0.6023921334788526, 0.49667498024830137, 0.39930492928838224, 0.38729034143108576, 0.0004954045755777292, 0.07000238465928038, 0.005655859316802174, -0.18377893583215438, 0.13989085678058308, -0.6105459896803189, -0.2678834286649824, -0.7521552586258767, 0.08276646250625617]], "inverted": false, "swapped": true, "error_lsq": 0.061815698497476215, "error_max": 0.3374154719778101, "target": "313.xyz", "model": "21.xyz", "model_rescale": 4.08911054899281, "target_rescale": 4.083763991548999},
{"mapping": [3, 4, 0, 7, 6, 14, 1, 2, 11, 12, 8, 5, 10, 9, 16], "R": [[0.9624730298491018, 0.05070914230380785, 0.26659754256163354], [-0.08653437156648533, -0.8737566772547309, 0.47860325060572356], [0.25721094329496036, -0.48371257151286, -0.8365791527463093]], "T": [0.07887905472307291, 0.011850032139784174, 0.0654115578083523], "aligned_model": [[-0.5983662303592681, -0.0385126796451649, 0.38932314404521884, -0.11084904947705534, 0.5051141539202337, -0.4577969423905385, 0.748854629521637, 0.14682511238008578, 0.5624954216881353, -0.6050672501067582, 0.7308343268237507, 0.23398798782994962, -0.09541543115725873, -0.2711731429025719, 0.07133692576238597], [-0.5277996014116496, -0.5620461766979498, -0.2264575271026296, 0.32194698678092715, 0.38627908399423916, -0.12724955430919804, -0.40302669517964484, -0.6965116497759164, 0.08558114753159629, 0.27318530056110885, 0.23816049723111274, 0.6308873844961836, 0.7806012435954349, 0.4766509320217576, -0.006786496282848553], [-0.0008901777346878442, -0.3129460878808181, -0.6031042406527918, -0.5458488721299414, -0.41800405415626857, 0.388603087893682, 0.16032421011610792, 0.187316808785011, 0.6541151865427441, -0.02887966990058541, 0.13249296082253148, 0.36618228312282314, -0.10715268035273633, 0.47647261649535877, 0.022267073438936608]], "inverted": true, "swapped": false, "error_lsq": 0.04287188072011585, "error_max": 0.27219775493192977, "target": "313.xyz", "model": "22.xyz", "model_rescale": 4.204369325754507, "target_rescale": 4.083763991548999},
{"mapping": [11, 9, 5, 10, 2, 13, 8, 7, 0, 14, 6, 1, 3, 12, 15], "R": [[-0.13312647300510627, -0.20713212081787846, -0.9692128902933085], [0.17027189488629568, -0.9681571895919361, 0.18351876757780033], [-0.97636305952092, -0.14059850912058863, 0.16415613066838775]], "T": [0.02933057050548027, 0.03410105933591705, 0.17341208041490588], "aligned_model": [[-0.34084467936526996, -0.010636368332847645, 0.4794615188252464, -0.22373593258516905, 0.41650758377946734, -0.553627470618621, 0.6833722560137181, 0.0994618624209108, 0.5955635435582228, -0.6811079620485122, 0.7346649263854153, 0.3921717933455944, -0.18895093680458366, -0.22740466574511325, 0.036695507104323635], [-0.2239491875693186, -0.6774557468063905, -0.301459771786394, 0.3964137476928154, 0.3410884594211701, -0.2970115645921775, -0.34594420791217306, -0.6149592893394211, 0.11133552282793847, 0.28447057306407714, 0.1448985102297446, 0.5826875500646163, 0.853640996184563, 0.34057963804452385, 0.04907964592894875], [-0.38836506076751265, -0.11136748765307761, -0.4398119412444872, -0.4766578372213387, -0.5415550374263124, 0.2164724791145226, 0.16521305633711103, 0.4369036639864956, 0.5556284011455923, -0.006396596056059273, -0.04683965484065855, 0.2274355306684778, 0.09507900725593244, 0.5479744403357836, 0.13723548077489675]], "inverted": false, "swapped": false, "error_lsq": 0.04598451997201712, "error_max": 0.30214666016003894, "target": "313.xyz", "model": "23.xyz", "model_rescale": 4.410303926677745, "target_rescale": 4.083763991548999},
{"mapping": [7, 13, 14, 10, 9, 0, 6, 12, 5, 1, 15, 4, 10, 3, 16], "R": [[0.4545506359189796, -0.0519635500096661, -0.8892038623713036], [-0.22303575616036747, 0.9598537265377474, -0.1701054823501355], [0.8623449256878738, 0.2756458110002619, 0.42471239211775247]], "T": [0.1002585121291487, 0.03768780842233051, -0.043491823545951436], "aligned_model": [[-0.41115374306062136, 0.17493432766903896, 0.4752664604784327, -0.059664851722424875, 0.4048031365012775, -0.33628736583451857, 0.62812216457441, 0.10246690097101079, 0.4541133329898474, -0.735353433098596, 0.8058457861548474, 0.20156980941273628, -0.059664851722424875, -0.44400989085275866, 0.010603193472525321], [-0.3765379998834063, -0.6428293306344115, -0.214797137900474, 0.6409171574656384, 0.389837511615066, -0.18549906225753088, -0.5003114669181967, -0.5720623613106658, -0.01792186996302074, 0.20927387019679128, 0.10421750786101501, 0.5391702529822032, 0.6409171574656384, 0.5376323819010862, 0.09140826483279066], [-0.13732881868896663, -0.20319958745433508, -0.5472480945440072, -0.228756003631577, -0.46261369357386023, 0.530965423144548, 0.05557802009989879, 0.4803170044753055, 0.4735152971510977, -0.13647703725099503, -0.12736427826340352, 0.41709014726068044, -0.228756003631577, 0.4694197805328901, 0.015806288783666855]], "inverted": true, "swapped": false, "error_lsq": 0.0475230787868077, "error_max": 0.4317843599879406, "target": "313.xyz", "model": "24.xyz", "model_rescale": 4.28219845311461, "target_rescale": 4.083763991548999},
{"mapping": [7, 13, 2, 4, 0, 9, 14, 12, 10, 3, 6, 8, 1, 5, 15], "R": [[-0.45179984945605745, 0.8870963301864152, 0.0945356916792736], [-0.7060717589546153, -0.29079530527560815, -0.6456785280899481], [-0.545288517427444, -0.3584664438960231, 0.7577349413629544]], "T": [0.03682381572444598, -0.015723436460974155, 0.038147050099119756], "aligned_model": [[-0.5881355432835487, -0.011049462820191043, 0.49815285036376644, -0.19929920812285362, 0.38559680416338593, -0.5230211342643121, 0.6739810942565083, 0.07025948460470427, 0.6158331173789998, -0.6074232685242834, 0.8460639910763254, 0.3169605818538918, -0.12065260651444484, -0.21139124017498281, 0.06571551593981609], [-0.34015842930432216, -0.5523931620448493, -0.21208536397451094, 0.1592022081003742, 0.4553864295284078, -0.2095295569625583, -0.3983092873386991, -0.7009572803957564, 0.07956083833515801, 0.3861900216677142, 0.3745358100108225, 0.511056197666707, 0.604641643611033, 0.46249093141839437, 0.02378387513460789], [-0.29308359576155285, -0.21207327637361176, -0.42811204054667196, -0.6314016856249621, -0.5292743706620673, 0.3635491144857491, 0.2048902479106414, 0.37542517777109996, 0.5723510882736355, -0.11500846391155564, -0.032741553362555964, 0.39307333295186464, 0.02312231340385737, 0.6976779328428477, -0.017445776987352474]], "inverted": false, "swapped": false, "error_lsq": 0.04497640623946576, "error_max": 0.3039642572885228, "target": "313.xyz", "model": "25.xyz", "model_rescale": 4.100010024507729, "target_rescale": 4.083763991548999},
{"mapping": [4, 2, 8, 7, 12, 13, 11, 5, 1, 9, 3, 14], "R": [[0.18027837087572807, 0.6848951458727712, -0.7059874985821696], [0.7335126764969699, -0.5718076004338162, -0.36741695865103], [-0.6553311089919697, -0.4516134489206856, -0.6054638142294868]], "T": [0.04057786218428531, -0.0054005721514101684, -0.12536339448965594], "aligned_model": [[-0.7198961485547867, -0.2342593540495884, 0.3753658709573071, 0.7640539616549341, -0.43403692373968566, 0.16015266877751608, -0.17524521871606477, 0.45266567139021313, 0.2940229403359899, -0.08536253368613902, -0.603867070621117, 0.08317173861442792], [-0.32291448995668054, -0.7047169995969551, -0.2542153938066242, -0.4076867081435672, 0.48501078991998076, 0.7665825503509501, 0.2559433436936788, 0.4485705636506792, -0.4439437833902244, 0.6787712479565314, 0.1333775660688193, 0.031352703304051335], [0.07437665572063512, -0.12301164866792025, 0.5299319240581464, -0.03456050174306935, 0.04966554719761507, 0.20724130978413124, 0.49652237703146984, -0.2663077455352042, -0.44419874530499925, -0.5057425408097826, -0.39863736062695865, -0.020086981249706898]], "inverted": true, "swapped": true, "error_lsq": 0.052035598285056106, "error_max": 0.26411580128916495, "target": "313.xyz", "model": "26.xyz", "model_rescale": 3.6694154284099745, "target_rescale": 4.083763991548999},
