[{"mapping": [8, 1, 9, 7, 11, 2, 3, 0, 10, 4, 5, 12], "R": [[-0.7078578324499762, 0.3774717511838621, 0.5970363189098384], [0.6282987625943033, 0.7227004634004074, 0.28800122416980123], [-0.32276609791254285, 0.5789811026786844, -0.7487342177163308]], "T": [-0.11890380607123181, -0.09535190963533866, 0.04844436302084467], "aligned_model": [[-0.36686320131069916, 0.1904768878885979, 0.3689475158275164, -0.015463336877898956, -0.03576902432806002, -0.38119467613558994, 0.5291331949427603, -0.27777723677918026, 0.4755209719163657, -0.037520043210994225, -0.6093806742373673, -0.002467915234901641], [-0.43528905482092184, -0.6062253073443927, -0.34819677235710556, 0.7704710417063804, 0.3648010473928208, -0.518296470624836, -0.3085678595668576, -0.41347793577178105, 0.21568024969354285, 0.20048133196634957, 0.20418353289249516, -0.072008767188637], [-0.5894694643906542, -0.011990776785756836, -0.6701483042229772, 0.12415313364392516, -0.6109008132318962, 0.019337914839844726, 0.4895634600105824, 0.8097376754953691, 0.011332444868652279, 0.5016239581658132, 0.16297827777164184, -0.05426576081098188]], "inverted": false, "swapped": true, "error_lsq": 0.05125700157134813, "error_max": 0.25352038867670756, "target": "316.xyz", "model": "0.xyz", "model_rescale": 3.751011558992144, "target_rescale": 3.8030076995328406},
{"mapping": [11, 7, 6, 12, 9, 10, 4, 5, 1, 0, 13, 8, 14], "R": [[-0.7609721811027731, -0.5442917023248763, 0.353083392937103], [-0.3460305534924153, 0.8008521016811768, 0.4887727153622374], [-0.5488025105968641, 0.24976479738572094, -0.7977677295738708]], "T": [0.017600105638754596, 0.018509510393202904, 0.18560159653900674], "aligned_model": [[-0.2606441927797544, -0.49350156053496685, -0.11248058667269141, -0.6599011786581418, 0.03974599281821732, 0.5402409815733755, 0.6942520639181545, 0.32358611075546434, 0.04560156865099034, -0.3118697286732405, -0.245034292256733, 0.5492233267329172, -0.016066497833606544], [0.08436347681825952, -0.39161119116691456, -0.5001414633934875, 0.22712657074849515, 0.5976352395504096, 0.19147154115453016, -0.3601833846544603, 0.5328881126665598, -0.6675578910512904, -0.380278864570137, 0.65601425783538, -0.04496597773864128, 0.048917078055893695], [-0.5593644123703629, 0.0843439016041174, -0.34147138336798233, -0.036763049891093, -0.12794675833382926, -0.4221684248062967, 0.029692044211765578, 0.3641324487512918, 0.30481983415477987, 0.7405087768601937, 0.41388446565392595, 0.5777315052934449, 0.15484851404568306]], "inverted": false, "swapped": false, "error_lsq": 0.04278845547871812, "error_max": 0.2407924707299803, "target": "316.xyz", "model": "1.xyz", "model_rescale": 3.9405287249114394, "target_rescale": 3.8030076995328406},
{"mapping": [7, 0, 6, 1, 4, 3, 10, 8, 11, 5, 2, 9, 12], "R": [[-0.07867782957793429, 0.9405127617548422, -0.3305231370255114], [-0.44626538680079963, 0.26324703998044013, 0.8553059104700899], [0.8914353614684792, 0.21479464825226924, 0.39900658566713626]], "T": [-0.03181206123860274, 0.013299577446198153, 0.05091115661057675], "aligned_model": [[-0.13798420284072493, -0.727414476662961, -0.17011734501875553, -0.7058439952516974, 0.06447551411174589, 0.3539256892535829, 0.7981247232325691, 0.567990391490777, 0.1821076597298364, -0.21520642901345727, -0.4058098163821628, 0.5541622702203536, -0.06525797582912105], [0.06857978900882596, -0.43860206979551886, -0.42363822006156443, 0.4083542614889343, 0.6687630621335156, 0.04842419953931519, -0.13513388173158797, 0.4499485531530003, -0.6237188179730072, -0.28435478246302426, 0.23288514736377663, -0.051106615848580214, 0.07327687944051217], [-0.7330412830905515, 0.17278063249317846, -0.24117222699242893, -0.0788543276474758, -0.17885403865955118, -0.36953185657543774, 0.07659308197723352, 0.2751085246231897, 0.28768152197649116, 0.6879705480900851, 0.5763419171805692, 0.6012447211208328, 0.105980247309503]], "inverted": true, "swapped": false, "error_lsq": 0.05466374467851264, "error_max": 0.2929334758803577, "target": "316.xyz", "model": "2.xyz", "model_rescale": 3.932901565614263, "target_rescale": 3.8030076995328406},
{"mapping": [11, 12, 10, 8, 3, 1, 2, 0, 6, 5, 7, 4, 13], "R": [[-0.1516894962955706, 0.1804881217151876, 0.9718098243140578], [0.6617119862023724, -0.7118165656937381, 0.2354876305033534], [0.7342530517673779, 0.6787792091127248, -0.01145605720116627]], "T": [-0.05120412992016839, 0.09020874627179132, 0.06798256047507803], "aligned_model": [[-0.47266656685118896, -0.42478097869383374, -0.12050534804540242, -0.6233432579021332, -0.01608263775668152, 0.520633081300302, 0.7095779973813651, 0.5208803114698121, 0.15911922574744475, -0.2391175233901187, -0.28015117978705395, 0.44726934138133123, -0.08768045781385828], [0.1363233829525075, -0.5741234254720152, -0.46103517520572357, 0.524826800361291, 0.5682094152590913, 0.0025000281519591827, -0.194148794334021, 0.42584054237935964, -0.5462783974936917, -0.3435945310616325, 0.4192808796300363, 0.054340387841482235, -0.018463608754046026], [-0.7181163855281586, 0.11523627785298074, -0.384204259878725, -0.08218631387444425, -0.10799277676603342, -0.39470308393322273, 0.2538620834394615, 0.1629616029219707, 0.1996657506085596, 0.6095570786939979, 0.6587763711666301, 0.7845466286573469, 0.08484448844527365]], "inverted": true, "swapped": false, "error_lsq": 0.05468655059805256, "error_max": 0.3064014271575192, "target": "316.xyz", "model": "3.xyz", "model_rescale": 3.9243930471874484, "target_rescale": 3.8030076995328406},
{"mapping": [2, 1, 0, 7, 4, 3, 6, 10, 5, 9, 8, 11, 12], "R": [[-0.05504725604251403, -0.5890869954944138, 0.8061924778497715], [0.7881788017821509, 0.4700450994586053, 0.39728048139343913], [-0.6129795885863107, 0.657293021577374, 0.43843118931280767]], "T": [0.04403707312062662, 0.05130941800962817, 0.18901744339433138], "aligned_model": [[-0.2936332529671571, -0.5146564194948698, -0.10540502122394854, -0.6638193577635382, -0.10411505155903816, 0.40230657822869587, 0.6885805315623409, 0.49190548765784803, 0.1582482545217416, -0.21820240930364485, -0.2538853336086066, 0.46725001434904667, 0.03857798664111478], [0.10041167472659039, -0.39125103544075124, -0.47056292236912434, 0.252575092989536, 0.5149014738399166, 0.1201850366984835, -0.2578585201901251, 0.562273116904397, -0.6878334528204652, -0.038861957558349314, 0.5170184101049206, -0.16698848043643555, -0.06033093219399682], [-0.6681769392159662, 0.14251877316197484, -0.4656875849551556, -0.12933795587351524, -0.1508363827780749, -0.37653757711606994, 0.08657023305643011, 0.37731959736662135, 0.06965780901615266, 0.8376983885922796, 0.4901714624053276, 0.8209754446082885, 0.14791219353734478]], "inverted": false, "swapped": false, "error_lsq": 0.05047911985892168, "error_max": 0.38822871915882345, "target": "316.xyz", "model": "4.xyz", "model_rescale": 3.8936222436046832, "target_rescale": 3.8030076995328406},
{"mapping": [7, 11, 10, 4, 9, 8, 6, 2, 0, 5, 1, 12], "R": [[0.16077595682753598, -0.4606257993687696, 0.8729117736988501], [0.9224572273498185, 0.38467877887045476, 0.033089285226810594], [-0.35103241362625726, 0.7999038129941738, 0.4867546964756544]], "T": [0.029927808444470558, 0.028057423300153202, -0.03128447867434771], "aligned_model": [[0.0624766484805581, -0.639457629699129, -0.15100909528281492, 0.44571708885981415, -0.7776312488938056, -0.5257006761940775, -0.3326009693271087, 0.07112736435966295, 0.8133347575232415, 0.2499433301452747, -0.09108693444713434, -0.09756459330938423], [-0.6646767106747059, -0.39617504795663483, 0.0447368764255389, -0.14352505626741086, 0.41366918919869544, 0.13815805254395291, -0.5002877307536656, 0.2638948958376573, 0.3023485563827877, -0.45960156093893745, 0.6159931922624337, 0.05438824905009599], [-0.5652705499577539, -0.1904640715173423, -0.6781559867842253, -0.34303934414840725, -0.1634086369924158, 0.4816775219315689, 0.5082610153445659, 0.40599011543665575, 0.09929258499323522, 0.20785761813457904, -0.024398842689684834, -0.11905670447525682]], "inverted": true, "swapped": true, "error_lsq": 0.053607408980565284, "error_max": 0.25872825260680177, "target": "316.xyz", "model": "5.xyz", "model_rescale": 3.6523030999806103, "target_rescale": 3.8030076995328406},
{"mapping": [11, 9, 7, 10, 4, 3, 0, 2, 5, 8, 6, 1, 12], "R": [[0.32590830840771906, -0.33385365469394207, 0.8844916685635414], [0.3619846422536476, 0.9083429465040047, 0.20947603755303873], [-0.8733561090891381, 0.2519024191704427, 0.4168864089086627]], "T": [-0.0518966022457103, 0.0010997342580949985, 0.1471630532825226], "aligned_model": [[-0.3381481348231448, -0.7176423788543338, 0.025099408422679298, -0.6284892262679089, -0.008574351120232068, 0.5000187851378195, 0.8674437950996576, 0.30810749426602163, 0.18195114939303014, -0.3589712996851583, -0.2551389619744428, 0.5001388507646907, 0.017356876681306532], [0.03889753699628647, -0.23269521892185746, -0.436595272192393, 0.5257776820883627, 0.45283304766159327, -0.010420282381334339, -0.36756058199875363, 0.6634680808880371, -0.6102515802321066, -0.3673290352335916, 0.297122418285944, 0.10699018234735497, -0.06655947305294482], [-0.684221568505861, -0.010270602509390742, -0.37179046618395567, 0.1167157438643211, -0.20382383827588785, -0.27461579556352295, 0.06927508550213601, 0.2359147185435571, 0.3354934260622554, 0.6200990686903196, 0.6890925466900639, 0.5551078260355264, 0.10527131745607643]], "inverted": false, "swapped": false, "error_lsq": 0.04628720915996875, "error_max": 0.25652666731763557, "target": "316.xyz", "model": "6.xyz", "model_rescale": 4.08911054899281, "target_rescale": 3.8030076995328406},
{"mapping": [3, 1, 6, 9, 8, 4, 5, 10, 7, 13, 11, 12, 14], "R": [[-0.24908465120323098, 0.9598062773205632, -0.12933965575571615], [-0.795441147710345, -0.12656381794666471, 0.5926676813493488], [0.5524764402797774, 0.25050650690711784, 0.7949945112596566]], "T": [-0.02562675103100928, -0.0598467761322241, 0.09144384942918146], "aligned_model": [[-0.21759007327956373, -0.7343785410879369, -0.0646847420455195, -0.6065082215981021, 0.05018055179627537, 0.41968978718301275, 0.7307263817359364, 0.3853821764672327, 0.30291537098960974, -0.16043149299503906, -0.18049149430272324, 0.3249237769283173, -0.1565814727515153], [0.013713995447694263, -0.15445643541795606, -0.4065725553287234, 0.43145771794016313, 0.536475472744337, 0.06243761124932849, -0.15110336449975148, 0.48532385929670463, -0.7564835497426017, -0.39012411823394266, 0.30807701196597886, -0.025983978598561067, 0.04091583743192696], [-0.6728795978505931, 0.25474103653396285, -0.2654856587821268, -0.09764321825096942, -0.2307393307926249, -0.4410870877923595, 0.08127511221776315, 0.32195532047725384, 0.16920144873216544, 0.730692690796813, 0.5217693778376313, 0.7110966201821484, 0.09935074849657345]], "inverted": false, "swapped": false, "error_lsq": 0.04920871281561794, "error_max": 0.30493938413288324, "target": "316.xyz", "model": "7.xyz", "model_rescale": 3.964800864290218, "target_rescale": 3.8030076995328406},
{"mapping": [10, 8, 9, 5, 3, 6, 4, 0, 12, 7, 1, 2, 13], "R": [[0.05244307035594431, -0.8699448982464812, 0.49035252460506507], [0.678498445220564, 0.39132588243733235, 0.6216943892041497], [-0.732727496553063, 0.300099862961586, 0.6107785916725622]], "T": [0.08089324423980578, 0.012789373274051889, 0.07093558606238298], "aligned_model": [[-0.347766322273058, -0.6369184420128507, -0.2429515129938481, -0.6327738627241973, 0.14594576789469327, 0.5370376217861528, 0.722549480715194, 0.35019528095740454, 0.0944346693127268, -0.13167565375516366, -0.2618248532225877, 0.48802880242763363, 0.008871030927884965], [-0.009841431891290216, -0.2569080597979683, -0.513030212969423, 0.3498896355885183, 0.6696764950408776, 0.15162496372261827, -0.2759221630392978, 0.6224527285344427, -0.7294898314338011, -0.31341164549586403, 0.28107483372044745, 0.027541945212878397, -0.009979752937541216], [-0.6296875906180659, 0.12631842709425534, -0.23319442351186287, -0.2049509785860763, -0.2294477925147828, -0.2594623691918712, 0.07497514119485717, 0.3335120107374459, 0.21062506080490398, 0.6669729371741955, 0.6822351104832824, 0.5930770674966466, 0.0512748612427099]], "inverted": true, "swapped": false, "error_lsq": 0.04741696139414583, "error_max": 0.26063375991858356, "target": "316.xyz", "model": "8.xyz", "model_rescale": 4.121658175737393, "target_rescale": 3.8030076995328406},
{"mapping": [10, 0, 5, 3, 11, 7, 9, 8, 4, 1, 2, 6, 12], "R": [[-0.3224237139963374, 0.6896141835962648, -0.6484406113405187], [-0.9156418130506352, -0.40095728261336916, 0.02886741610620769], [-0.24008960586863, 0.6030468765379359, 0.7607177175875989]], "T": [0.03790081934741283, 0.04154862754409156, 0.057005613505571026], "aligned_model": [[-0.4156931021125122, -0.5903698515737071, 0.0090402214000904, -0.6050746642200644, 0.033543687433550774, 0.5689412080053837, 0.728085688754921, 0.34906465111206286, 0.05222245347117955, -0.19007940951265123, -0.3645850735895911, 0.5060919350674102, 0.011964262803912287], [0.04801590875085926, -0.42595547569321707, -0.393422122883803, 0.48582677749961367, 0.5668772015683017, 0.19816200234845263, -0.4222013855611305, 0.6212344532716496, -0.8048421169937243, -0.25080855811772035, 0.345105545481825, 0.025585493377020437, 9.978120647045896e-05], [-0.5518388323784045, 0.13143760017047162, -0.3808133198836714, -0.052005599097947955, -0.29942527638569455, -0.3285838920046091, 0.09908397398687545, 0.369567209002202, 0.3244855493427688, 0.6379393506515114, 0.5347134263134972, 0.5676173129430215, 0.13006995914561698]], "inverted": true, "swapped": false, "error_lsq": 0.04505622300264579, "error_max": 0.243469554348139, "target": "316.xyz", "model": "9.xyz", "model_rescale": 3.833441315466971, "target_rescale": 3.8030076995328406},
{"mapping": [13, 8, 2, 10, 0, 5, 4, 1, 3, 7, 12, 6, 14], "R": [[0.6666803689365149, 0.2245376356409591, 0.7107180424440064], [-0.5365047379047498, 0.8064905553633049, 0.2484665979876245], [-0.5173972863094937, -0.5469514003003887, 0.6581369263527279]], "T": [-0.04608638617597138, 0.010698064875881527, 0.188188385410135], "aligned_model": [[-0.1118140658440756, -0.7688687412104594, -0.035779580435649105, -0.7520565400633258, -0.06408898411141291, 0.39330249514845667, 0.6900365460489917, 0.3734946424793003, 0.23370424659506706, -0.22262055197370248, -0.062390743698322426, 0.47682526849435203, -0.056591984389235045], [0.09649673516456643, -0.2378678560105173, -0.4457994398439831, 0.41452852285934094, 0.5615474615078347, 0.03740980495663475, -0.2889273226658773, 0.6169826038242391, -0.8115072204114946, -0.46293258940331267, 0.4551840210476322, 0.14149102244631412, -0.08292823921677994], [-0.6017514868059695, 0.035348558789466744, -0.36692786625937174, 0.06868421583850634, -0.2118913696405979, -0.32528906821108944, 0.25345886789044325, 0.1436939909476107, 0.19237412390153247, 0.6222663374129725, 0.5946197572340146, 0.6013302154211362, 0.17633118528698297]], "inverted": true, "swapped": false, "error_lsq": 0.04729786907058325, "error_max": 0.2754712372411067, "target": "316.xyz", "model": "10.xyz", "model_rescale": 4.2482417240324, "target_rescale": 3.8030076995328406},
{"mapping": [0, 2, 8, 6, 3, 10, 1, 11, 5, 7, 4, 12], "R": [[0.65529569952336, -0.3971336840168711, 0.6425514634683969], [-0.312897087320136, 0.6315214522247624, 0.7094195289999441], [-0.6875194244039695, -0.6659320478841029, 0.2895713187940397]], "T": [-0.03950892791870121, 0.018380146156251914, -0.002913923930253491], "aligned_model": [[-0.8038155960641847, -0.08330923689859641, 0.5007550468224369, 0.6449935103875649, -0.6616435674693671, -0.04572252020763597, -0.21320725152924758, 0.6921721376114977, 0.060492090482549096, 0.1350458369953133, -0.3846749918912002, 0.03568014412387707], [-0.3187507457612506, -0.4077515235790028, -0.317275852071806, -0.41068811464475896, 0.46344148113547123, 0.6902571223263585, 0.058485196361117174, 0.34794074244886153, -0.28328621190379055, 0.5067225888440311, 0.19833260181332538, 0.13870410508208364], [-0.09341542586238086, 0.25207454737254736, 0.42067203430923633, -0.22436797371664624, 0.27070616322551166, -0.0042687134737910346, 0.5703058643955278, -0.09997487880323103, -0.4952595971092221, -0.7079908164759006, -0.3876084405721384, 0.06431952656484366]], "inverted": false, "swapped": true, "error_lsq": 0.058166494976809625, "error_max": 0.3205432660266674, "target": "316.xyz", "model": "11.xyz", "model_rescale": 3.6694154284099745, "target_rescale": 3.8030076995328406},
{"mapping": [10, 12, 2, 7, 9, 8, 3, 11, 1, 0, 6, 4, 13], "R": [[0.9040997649071298, 0.41313343762566446, -0.10919879949190794], [0.2979936294528678, -0.42638835722174834, 0.8540449435663477], [0.30627342669644014, -0.8046823792909474, -0.5086087460497316]], "T": [-0.11542886155442113, 0.04065226287128636, 0.1356835800942961], "aligned_model": [[-0.3657484624508945, -0.5833706391839575, 0.11309818252930108, -0.6307487771734798, 0.013982244252623496, 0.47693831047840984, 0.6599143920452286, 0.3403372488169167, 0.15911919751157932, -0.23409424811517676, -0.19586458768073556, 0.4423495013711445, -0.10276035536097489], [0.046330751032698334, -0.4207392901049466, -0.4002808665314238, 0.5307207974974043, 0.6343601535587597, 0.1355570769652525, -0.33210633723638855, 0.6125070828311844, -0.7535901969319287, -0.3067751853205894, 0.3655494190707071, -0.07783018930851933, -0.04002571126761302], [-0.4481285810394657, -0.03728123672571085, -0.288187790618337, -0.07982404020095005, -0.38914970116682784, -0.32550191520093313, 0.10187876170110313, 0.23711319328831548, 0.23705306470575316, 0.748831652504808, 0.5915637894801958, 0.6074079234642651, 0.22647234161342134]], "inverted": false, "swapped": false, "error_lsq": 0.046673462473223015, "error_max": 0.32722735345923576, "target": "316.xyz", "model": "12.xyz", "model_rescale": 3.9764082729961374, "target_rescale": 3.8030076995328406},
{"mapping": [5, 6, 13, 4, 9, 12, 10, 2, 11, 3, 7, 8, 15], "R": [[0.44273327037466337, 0.8697095018036245, -0.21815736012302422], [0.1941363085595179, 0.14455397848422533, 0.9702655517966543], [0.8753846840116859, -0.47192110545818333, -0.10484333655930321]], "T": [0.0014363791957435392, 0.014743523608461649, 0.023034142908956584], "aligned_model": [[-0.43441706315369083, -0.6054239539574667, 0.018615579797276703, -0.6503494156059488, 0.11885105211232348, 0.39968484359604056, 0.7417381181988424, 0.37401417071335047, 0.2708284602600072, -0.18215696121011085, -0.27243993457310983, 0.3980926595414386, -0.08388554867896757], [0.36358003853482374, -0.36709335676775834, -0.5278412553386389, 0.31058432323050245, 0.46142635014142797, -0.11057824170307817, -0.28485141136889564, 0.5846363149357505, -0.623324721363111, -0.2396352294192724, 0.4674600007366527, -0.04767422459114806, 0.006988917227342201], [-0.60240072059075, -0.2407459521114271, -0.2594321009300503, 0.08234030408084231, -0.3619169885116883, -0.4595693700188638, 0.11437476433867047, 0.43856694494409476, 0.4114173559449642, 0.8040772804374076, 0.5625461956158584, 0.6047734802590763, 0.08821626834750305]], "inverted": true, "swapped": false, "error_lsq": 0.056881685115233865, "error_max": 0.3438982850169833, "target": "316.xyz", "model": "13.xyz", "model_rescale": 4.170626492500431, "target_rescale": 3.8030076995328406},
{"mapping": [9, 3, 11, 1, 10, 12, 5, 8, 6, 2, 0, 4, 13], "R": [[0.31720081028505287, 0.9234039696280976, 0.2161220831603697], [0.9308041795969217, -0.34678154164049896, 0.11552550204323098], [0.18162385636090747, 0.1645225554521652, -0.9695076603864881]], "T": [-0.04473464082799403, 0.07192831837425086, 0.15822661648322933], "aligned_model": [[-0.40003498752720434, -0.5325520863661004, 0.007877117727826594, -0.748546722149951, 0.11796046338192512, 0.6470988330206631, 0.6187717916219005, 0.39899565588939045, 0.12074047723273765, -0.20981166346790198, -0.3865484246833045, 0.46785117492674977, -0.008649622566746118], [0.15123243328781594, -0.40910375780006475, -0.36027116667743486, 0.34054124543758063, 0.3920397937672125, 0.1512409157207733, -0.49642341600212336, 0.657377370817944, -0.7514565997726252, -0.1728914909055954, 0.39287391831836144, 0.10691274645837967, -0.008394488395626926], [-0.5654991323036129, 0.08002248647727869, -0.3986353584386244, 0.005550097348584027, -0.2769598393752844, -0.06712217439620013, -0.09466733062742816, 0.2673555474447629, 0.20453567500460706, 0.7462274709187202, 0.5270296337850304, 0.6472000328073593, 0.10721035316044486]], "inverted": false, "swapped": false, "error_lsq": 0.04719513584742455, "error_max": 0.2751237476113284, "target": "316.xyz", "model": "14.xyz", "model_rescale": 3.9786697098870705, "target_rescale": 3.8030076995328406},
{"mapping": [0, 8, 4, 3, 5, 7, 9, 11, 10, 1, 6, 12], "R": [[0.3073036801663579, -0.9514495290768921, -0.017556815644455923], [-0.9487692456854906, -0.30490880247802166, -0.08287062575366594], [0.07349399021415436, 0.04212381500742016, -0.9964056491267111]], "T": [0.009449728963965565, -0.0322164941664369, -0.14534931335175727], "aligned_model": [[0.24211128556166436, -0.7122659757550431, 0.49366620542432554, 0.5643814917338654, -0.05594273865628861, 0.5509624435750893, -0.28810616132834493, -0.1317946663728265, 0.4902207892836938, -0.10261556718122357, -0.5913227140202283, 0.024060204502653344], [-0.36496860403125825, -0.06984162881185191, 0.08822552197799294, -0.6245398303725689, 0.44621548618591517, 0.6284017260804335, -0.3542579840869972, 0.43873927470663426, -0.06511606990329466, -0.6067963607077916, 0.5505551448460039, -0.051942185658777805], [-0.8809831057857084, 0.10301728337995525, -0.3701614434092573, -0.11066707334077389, -0.4773639553770893, 0.04551367069341836, 0.6458868266354348, 0.4962415857390263, 0.32287704298319453, -0.012459152803609541, -0.11166333474968662, 0.00972814990892526]], "inverted": true, "swapped": true, "error_lsq": 0.06585110257095093, "error_max": 0.41063928259554466, "target": "316.xyz", "model": "15.xyz", "model_rescale": 3.769337070930944, "target_rescale": 3.8030076995328406},
{"mapping": [4, 7, 2, 5, 3, 10, 1, 11, 8, 6, 12], "R": [[-0.7444680279372065, -0.2257318603844306, 0.6283410559454721], [-0.3268043329232855, -0.6974618862101454, -0.6377662936113454], [0.5822081100103753, -0.6801411945262325, 0.44546792493576515]], "T": [-0.022007066698357308, 0.15980790862929264, -0.09218679959793319], "aligned_model": [[-0.25216255152642053, -0.3543786408378694, -0.03548024044371614, -0.5987827070247848, 0.4441281783824629, 0.3370382528318996, 0.4823920001629082, 0.076809086344069, 0.1585782864908649, -0.4351883980743789, 0.09967286438613619], [-0.05677671934251102, -0.6425530072823323, 0.6405595142427349, 0.11525097253046637, 0.16181199388499354, -0.36993908920525, 0.4775370674710876, -0.40359136647059923, 0.45142675108313013, 0.14983550679349822, 0.07250287392012358], [-0.5389886806139896, -0.20093986395825802, 0.03904640810786991, 0.0013631728022412415, -0.7575535936695805, -0.29691513691358473, -0.16282822778616093, 0.47895663419065015, 0.5906913421716228, 0.6364192635423523, -0.04503371064938558]], "inverted": false, "swapped": true, "error_lsq": 0.05000186253471954, "error_max": 0.2713874483562157, "target": "316.xyz", "model": "16.xyz", "model_rescale": 3.7852294659196426, "target_rescale": 3.8030076995328406},
{"mapping": [7, 11, 2, 6, 5, 1, 3, 4, 8, 9, 10, 0, 12], "R": [[-0.2948952171718609, -0.8381576416239012, -0.4588339336585964], [-0.924601406172918, 0.37148146031068896, -0.0843431345664909], [0.2411411424710105, 0.39936611327564875, -0.8845098399536762]], "T": [0.06364602445312276, -0.035270883531202536, 0.0732876107891897], "aligned_model": [[-0.3491521598116504, -0.556986188493264, 0.09057097925500729, -0.6563466867778734, 0.08601026113043385, 0.47946472799875806, 0.7833456170806666, 0.39307560352890036, 0.01680857425790276, -0.2483011113883775, -0.40863367096577663, 0.46814484554894087, -0.004848784323683394], [0.07039427309979385, -0.4188271531382329, -0.415088525315606, 0.4647637125512871, 0.5607345969365022, 0.14161920218068016, -0.36783168199587996, 0.5574408145513788, -0.6239546664553601, -0.31320048515277776, 0.39664470137754393, -0.02038050453107937, -0.03863677985365317], [-0.4833626734272785, -0.0017611648949188013, -0.405356961757622, -0.0644408699141324, -0.20327398945691189, -0.4463842641526233, 0.010588465190230087, 0.27811846900057674, 0.34799394168417147, 0.8300609629195342, 0.5628342297001031, 0.6227474692720888, 0.1344838476424201]], "inverted": false, "swapped": false, "error_lsq": 0.046490358099714454, "error_max": 0.28518402404054327, "target": "316.xyz", "model": "17.xyz", "model_rescale": 3.901054581598922, "target_rescale": 3.8030076995328406},
{"mapping": [11, 7, 6, 12, 9, 10, 4, 5, 1, 0, 13, 8, 14], "R": [[-0.7609721811027731, -0.5442917023248763, 0.353083392937103], [-0.3460305534924153, 0.8008521016811768, 0.4887727153622374], [-0.5488025105968641, 0.24976479738572094, -0.7977677295738708]], "T": [0.017600105638754596, 0.018509510393202904, 0.18560159653900674], "aligned_model": [[-0.2606441927797544, -0.49350156053496685, -0.11248058667269141, -0.6599011786581418, 0.03974599281821732, 0.5402409815733755, 0.6942520639181545, 0.32358611075546434, 0.04560156865099034, -0.3118697286732405, -0.245034292256733, 0.5492233267329172, -0.016066497833606544], [0.08436347681825952, -0.39161119116691456, -0.5001414633934875, 0.22712657074849515, 0.5976352395504096, 0.19147154115453016, -0.3601833846544603, 0.5328881126665598, -0.6675578910512904, -0.380278864570137, 0.65601425783538, -0.04496597773864128, 0.048917078055893695], [-0.5593644123703629, 0.0843439016041174, -0.34147138336798233, -0.036763049891093, -0.12794675833382926, -0.4221684248062967, 0.029692044211765578, 0.3641324487512918, 0.30481983415477987, 0.7405087768601937, 0.41388446565392595, 0.5777315052934449, 0.15484851404568306]], "inverted": false, "swapped": false, "error_lsq": 0.04278845547871812, "error_max": 0.2407924707299803, "target": "316.xyz", "model": "18.xyz", "model_rescale": 3.9405287249114394, "target_rescale": 3.8030076995328406},
{"mapping": [14, 12, 13, 3, 10, 11, 9, 2, 7, 4, 1, 8, 15], "R": [[0.44665773124580765, 0.7129552966214088, -0.5405475151527636], [0.7083598853148536, -0.6508637656309446, -0.2731348228722117], [-0.5465557098732713, -0.260904395532513, -0.7957422650561793]], "T": [-0.01752654045477362, -0.041042522217089095, 0.18440166895016352], "aligned_model": [[-0.30879031214478236, -0.5516233107430112, 0.007111004982466994, -0.6223669626214491, 0.0501785272155506, 0.4004596849427419, 0.6554464745698761, 0.3330216689562164, 0.30302660390405195, -0.3082267202786583, -0.32772053815499963, 0.46590209977476665, -0.003266213362785861], [0.03348573561906279, -0.14625230358591362, -0.47874201164743996, 0.5170414472664417, 0.554815526768325, 0.027482644707752926, -0.3681112930327877, 0.7533354942984216, -0.6443217887056594, -0.5669255127144657, 0.419223210697836, -0.10238542399865772, -0.004968221418319353], [-0.5292858790433574, 0.1226715783833206, -0.32465824272940014, -0.035004214272480266, -0.3238042403204575, -0.39852630153647906, 0.013687910974201106, 0.2218823675652945, 0.3544762326215877, 0.6010616194757397, 0.5414094600058736, 0.7630258593732667, 0.17531131130852803]], "inverted": false, "swapped": false, "error_lsq": 0.0448014568436698, "error_max": 0.2568946935182405, "target": "316.xyz", "model": "19.xyz", "model_rescale": 4.410303926677745, "target_rescale": 3.8030076995328406},
{"mapping": [10, 8, 9, 5, 3, 6, 4, 0, 12, 7, 1, 2, 13], "R": [[0.05244307035594431, -0.8699448982464812, 0.49035252460506507], [0.678498445220564, 0.39132588243733235, 0.6216943892041497], [-0.732727496553063, 0.300099862961586, 0.6107785916725622]], "T": [0.08089324423980578, 0.012789373274051889, 0.07093558606238298], "aligned_model": [[-0.347766322273058, -0.6369184420128507, -0.2429515129938481, -0.6327738627241973, 0.14594576789469327, 0.5370376217861528, 0.722549480715194, 0.35019528095740454, 0.0944346693127268, -0.13167565375516366, -0.2618248532225877, 0.48802880242763363, 0.008871030927884965], [-0.009841431891290216, -0.2569080597979683, -0.513030212969423, 0.3498896355885183, 0.6696764950408776, 0.15162496372261827, -0.2759221630392978, 0.6224527285344427, -0.7294898314338011, -0.31341164549586403, 0.28107483372044745, 0.027541945212878397, -0.009979752937541216], [-0.6296875906180659, 0.12631842709425534, -0.23319442351186287, -0.2049509785860763, -0.2294477925147828, -0.2594623691918712, 0.07497514119485717, 0.3335120107374459, 0.21062506080490398, 0.6669729371741955, 0.6822351104832824, 0.5930770674966466, 0.0512748612427099]], "inverted": true, "swapped": false, "error_lsq": 0.04741696139414583, "error_max": 0.26063375991858356, "target": "316.xyz", "model": "20.xyz", "model_rescale": 4.121658175737393, "target_rescale": 3.8030076995328406},
{"mapping": [11, 9, 7, 10, 4, 3, 0, 2, 5, 8, 6, 1, 12], "R": [[0.32590830840771906, -0.33385365469394207, 0.8844916685635414], [0.3619846422536476, 0.9083429465040047, 0.20947603755303873], [-0.8733561090891381, 0.2519024191704427, 0.4168864089086627]], "T": [-0.0518966022457103, 0.0010997342580949985, 0.1471630532825226], "aligned_model": [[-0.3381481348231448, -0.7176423788543338, 0.025099408422679298, -0.6284892262679089, -0.008574351120232068, 0.5000187851378195, 0.8674437950996576, 0.30810749426602163, 0.18195114939303014, -0.3589712996851583, -0.2551389619744428, 0.5001388507646907, 0.017356876681306532], [0.03889753699628647, -0.23269521892185746, -0.436595272192393, 0.5257776820883627, 0.45283304766159327, -0.010420282381334339, -0.36756058199875363, 0.6634680808880371, -0.6102515802321066, -0.3673290352335916, 0.297122418285944, 0.10699018234735497, -0.06655947305294482], [-0.684221568505861, -0.010270602509390742, -0.37179046618395567, 0.1167157438643211, -0.20382383827588785, -0.27461579556352295, 0.06927508550213601, 0.2359147185435571, 0.3354934260622554, 0.6200990686903196, 0.6890925466900639, 0.5551078260355264, 0.10527131745607643]], "inverted": false, "swapped": false, "error_lsq": 0.04628720915996875, "error_max": 0.25652666731763557, "target": "316.xyz", "model": "21.xyz", "model_rescale": 4.08911054899281, "target_rescale": 3.8030076995328406},
{"mapping": [12, 9, 14, 10, 7, 4, 2, 0, 15, 11, 6, 1, 16], "R": [[0.18702036476572362, 0.9677806511964693, -0.16859417051794512], [-0.07355487340241673, 0.1849360623303052, 0.9799940476597377], [0.9795984196402373, -0.17087792139272917, 0.1057717931154149]], "T": [-0.013048228257160342, -0.014434031576070039, 0.10428370934066669], "aligned_model": [[-0.35898094453570245, -0.630246746568618, -0.07093286262243995, -0.7215301940732765, -0.16971217866800192, 0.6117758629387603, 0.6330688485820303, 0.45521732548008587, 0.16480024037755572, -0.15772711900401276, -0.15259246299716858, 0.47484816312613315, 0.015164075004639265], [0.018411990355339164, -0.32008866131190267, -0.4653294281409552, 0.35214822896229375, 0.6123417386215444, 0.13321270226140233, -0.3362966916203086, 0.5933536153218412, -0.7093708187701124, -0.44109250809597306, 0.6369602401542127, -0.09883084560032643, 0.018257942117542184], [-0.547038945482207, -0.07789435706061848, -0.34866805013053404, -0.017396854377832657, -0.19304561740711731, -0.16790645013626485, 0.118103277325209, 0.2110589201375776, 0.2344367035547155, 0.7230919132652942, 0.43861444059217614, 0.7246325388904246, 0.08425994263481426]], "inverted": true, "swapped": false, "error_lsq": 0.04128468172001977, "error_max": 0.24916881319240478, "target": "316.xyz", "model": "22.xyz", "model_rescale": 4.204369325754507, "target_rescale": 3.8030076995328406},
{"mapping": [14, 12, 13, 3, 10, 11, 9, 2, 7, 4, 1, 8, 15], "R": [[0.44665773124580765, 0.7129552966214088, -0.5405475151527636], [0.7083598853148536, -0.6508637656309446, -0.2731348228722117], [-0.5465557098732713, -0.260904395532513, -0.7957422650561793]], "T": [-0.01752654045477362, -0.041042522217089095, 0.18440166895016352], "aligned_model": [[-0.30879031214478236, -0.5516233107430112, 0.007111004982466994, -0.6223669626214491, 0.0501785272155506, 0.4004596849427419, 0.6554464745698761, 0.3330216689562164, 0.30302660390405195, -0.3082267202786583, -0.32772053815499963, 0.46590209977476665, -0.003266213362785861], [0.03348573561906279, -0.14625230358591362, -0.47874201164743996, 0.5170414472664417, 0.554815526768325, 0.027482644707752926, -0.3681112930327877, 0.7533354942984216, -0.6443217887056594, -0.5669255127144657, 0.419223210697836, -0.10238542399865772, -0.004968221418319353], [-0.5292858790433574, 0.1226715783833206, -0.32465824272940014, -0.035004214272480266, -0.3238042403204575, -0.39852630153647906, 0.013687910974201106, 0.2218823675652945, 0.3544762326215877, 0.6010616194757397, 0.5414094600058736, 0.7630258593732667, 0.17531131130852803]], "inverted": false, "swapped": false, "error_lsq": 0.0448014568436698, "error_max": 0.2568946935182405, "target": "316.xyz", "model": "23.xyz", "model_rescale": 4.410303926677745, "target_rescale": 3.8030076995328406},
{"mapping": [8, 15, 5, 9, 10, 3, 0, 1, 12, 13, 11, 7, 16], "R": [[0.12925548081160457, 0.12126772808958164, 0.98416825736464], [-0.8992396184799497, 0.43263142355402917, 0.06479320882352424], [-0.41792478897068963, -0.8933779656324671, 0.16496872820689062]], "T": [-0.07885528497664546, -0.033600223857911456, 0.1264179699966493], "aligned_model": [[-0.40935329633467094, -0.7118458055227552, -0.07451063024620065, -0.5934272054889338, -0.09973444594452527, 0.6176908052171055, 0.6214489905495977, 0.542542323328763, 0.26285201011613873, -0.17585153250857022, -0.232773822203323, 0.32212427072176103, 0.02399034535559831], [0.20678053096993143, -0.28555668248352034, -0.5652471543451245, 0.2940009004923581, 0.5258854493857962, 0.21237233212137885, -0.3163326777517008, 0.5371189551008254, -0.7327688116765481, -0.38127890882744475, 0.46839590299045525, 0.02486969559104206, 0.0054379726871481085], [-0.5868104817992957, -0.08607940572916031, -0.20963961243042548, -0.016106503596900662, -0.2057322796614345, -0.38697469704766585, 0.12171772734041941, 0.2828787661448239, 0.3278509491032595, 0.7296574612534125, 0.4800144336922032, 0.6534166048277456, 0.07805449970865594]], "inverted": true, "swapped": false, "error_lsq": 0.0429195019560462, "error_max": 0.2552595022290311, "target": "316.xyz", "model": "24.xyz", "model_rescale": 4.28219845311461, "target_rescale": 3.8030076995328406},
{"mapping": [12, 2, 13, 14, 11, 9, 3, 5, 4, 0, 8, 1, 15], "R": [[0.05484543184387641, -0.9770170521640078, -0.2059846071593982], [-0.7357331752397172, -0.17901200171063725, 0.6531855770722703], [-0.6750471638763789, 0.11572546402716949, -0.7286418485910303]], "T": [-0.012188635180773457, -0.018986127929532706, 0.056995313711680685], "aligned_model": [[-0.2465363857183998, -0.5833200344996671, -0.21274289005138644, -0.7099933096890311, -0.07236926781111103, 0.4779180457180644, 0.7016195206868779, 0.5031965544223145, 0.15913329824268166, -0.24483814766846038, -0.009762622938835903, 0.3635365589122305, -0.03268931256529287], [0.2101305597346662, -0.3875716305093132, -0.35092623395098654, 0.23378677398878583, 0.4585370907006151, 0.13270601768084694, -0.2574843552935062, 0.6275730702405742, -0.6913229031691099, -0.4112284816886175, 0.4666853124280853, 0.022446630537546017, -0.05965434644498895], [-0.6336613126119685, 0.13905429486531562, -0.39301603481718, -0.11423295844232431, -0.19761603398105462, -0.38307129281205204, 0.2404124803588882, 0.2610050941477161, 0.2877779578039251, 0.733437707631947, 0.5530431172693446, 0.5737073262450206, 0.11540711614805979]], "inverted": false, "swapped": false, "error_lsq": 0.03951150402784653, "error_max": 0.2224938685791479, "target": "316.xyz", "model": "25.xyz", "model_rescale": 4.100010024507729, "target_rescale": 3.8030076995328406},
{"mapping": [0, 2, 8, 6, 3, 10, 1, 11, 5, 7, 4, 12], "R": [[0.65529569952336, -0.3971336840168711, 0.6425514634683969], [-0.312897087320136, 0.6315214522247624, 0.7094195289999441], [-0.6875194244039695, -0.6659320478841029, 0.2895713187940397]], "T": [-0.03950892791870121, 0.018380146156251914, -0.002913923930253491], "aligned_model": [[-0.8038155960641847, -0.08330923689859641, 0.5007550468224369, 0.6449935103875649, -0.6616435674693671, -0.04572252020763597, -0.21320725152924758, 0.6921721376114977, 0.060492090482549096, 0.1350458369953133, -0.3846749918912002, 0.03568014412387707], [-0.3187507457612506, -0.4077515235790028, -0.317275852071806, -0.41068811464475896, 0.46344148113547123, 0.6902571223263585, 0.058485196361117174, 0.34794074244886153, -0.28328621190379055, 0.5067225888440311, 0.19833260181332538, 0.13870410508208364], [-0.09341542586238086, 0.25207454737254736, 0.42067203430923633, -0.22436797371664624, 0.27070616322551166, -0.0042687134737910346, 0.5703058643955278, -0.09997487880323103, -0.4952595971092221, -0.7079908164759006, -0.3876084405721384, 0.06431952656484366]], "inverted": false, "swapped": true, "error_lsq": 0.058166494976809625, "error_max": 0.3205432660266674, "target": "316.xyz", "model": "26.xyz", "model_rescale": 3.6694154284099745, "target_rescale": 3.8030076995328406},
{"mapping": [12, 6, 2, 3, 9, 10, 4, 8, 0, 1, 7, 5, 13], "R": [[-0.7874413922072142, 0.5532825176442997, 0.271688257950081], [0.6064219499075094, 0.7743387295400931, 0.18069850747753594], [-0.11040141534028837, 0.30704720745093905, -0.9452690304286083]], "T": [0.057723939798223656, 0.043681373258459805, 0.04870891452447109], "aligned_model": [[-0.5086089357535958, -0.5179400718117749, 0.06481085126210152, -0.6500235819954981, -0.04136484836470018, 0.4959556665600386, 0.8192219420253285, 0.5415422605751279, 0.22606838153692205, -0.40720438144158977, -0.1783570917094864, 0.1895061927988706, 0.05954562335824083], [0.021456990626243913, -0.32927999338712877, -0.5201082257994888, 0.42938424790490193, 0.6356482370475831, 0.15493285966077483, -0.2651181999916572, 0.4317876437934258, -0.535923200632866, -0.39526128004952554, 0.44905746054823514, -0.07820597001468366, -0.004693065451217858], [-0.5067242175835026, 0.022228798751883237, -0.33105510415458145, 0.10490462804302211, -0.27474151399035657, -0.3481119270719226, 0.03155705591963134, 0.20249626017457853, 0.31824931964600794, 0.6576569064842309, 0.4683093186404964, 0.8192641773480005, 0.01821375959814955]], "inverted": false, "swapped": false, "error_lsq": 0.05460489281390661, "error_max": 0.33154508161061746, "target": "316.xyz", "model": "27.xyz", "model_rescale": 4.103607728864725, "target_rescale": 3.8030076995328406},
{"mapping": [12, 10, 13, 3, 2, 4, 8, 1, 11, 6, 0, 7, 14], "R": [[0.7047694321296678, 0.7080878100981693, 0.04372299996574758], [-0.1522704996994628, 0.21117549263482666, -0.9655146846276936], [-0.6929024047128873, 0.6738075129447707, 0.25665091669869616]], "T": [-0.14006722273763522, -0.10814025543999657, 0.1846338304213062], "aligned_model": [[-0.40040771826272226, -0.6069076225550005, 0.1229609676858558, -0.5937798902066751, -0.01434805173669701, 0.5207668608085558, 0.6663911476270983, 0.37877929529273474, 0.08669713899286441, -0.19797535327700672, -0.22424195989081291, 0.4398612969043553, -0.084644104342565], [0.05483559323003777, -0.31190682607638287, -0.39835458234248294, 0.4358373232521882, 0.44608260875028843, 0.15790891514977312, -0.24135497068802336, 0.5992002126594721, -0.753506714390528, -0.4526325525794227, 0.5671068744393364, -0.14653775278103204, 0.03699937563137322], [-0.6172111148547553, 0.20236803734468867, -0.3315680181387137, -0.06388993469005186, -0.28264811132653744, -0.375835116075, 0.12014574379543974, 0.3671950119234389, 0.24898669647946173, 0.7130644961485197, 0.4006145429781537, 0.6115879144481229, 0.18943731377287068]], "inverted": false, "swapped": false, "error_lsq": 0.04068637779828034, "error_max": 0.20892680712097733, "target": "316.xyz", "model": "28.xyz", "model_rescale": 4.137296879288765, "target_rescale": 3.8030076995328406},
