[{"mapping": [5, 7, 1, 8, 6, 4, 2, 0, 10, 3, 11], "R": [[-0.9744918547924754, -0.14606881382958903, 0.17038053459693875], [0.22324033073259214, -0.7087537899967792, 0.6692023758920799], [0.02300825237875881, 0.6901680714084205, 0.7232832457141926]], "T": [0.0077652554883779965, 0.04539693173319129, -0.12801328884146976], "aligned_model": [[-0.6722226155830721, -0.48462544278277914, 0.11845218451754055, 0.6320534264212492, 0.28234880730317047, 0.07235502122350232, 0.49953196122775045, -0.19800303917255863, -0.5689276184925668, -0.007418676502139803, -0.03168831822900731], [-0.21274938625260095, -0.7587385138486797, -0.46049847530565, 0.031043644408997144, -0.5810005100745812, 0.8217473336583851, 0.10843327713530701, 0.19549289903392633, 0.049475743494932334, 0.579316870962357, 0.044974963252278656], [0.27156562230876113, -0.21473638427112238, 0.355410749036306, -0.24273797436071454, -0.367564129842724, 0.08519243888742659, 0.5067639727794975, 0.4358324378550159, -0.4874156237797327, -0.5624456328143336, -0.07078136285928475]], "inverted": true, "swapped": false, "error_lsq": 0.062337276337097756, "error_max": 0.3696658888891972, "target": "317.xyz", "model": "0.xyz", "model_rescale": 3.751011558992144, "target_rescale": 3.713602206172397},
{"mapping": [1, 0, 7, 12, 3, 10, 11, 6, 8, 9, 14], "R": [[0.6020728255334138, 0.7066920093510329, 0.37161097491006834], [-0.3292451017004395, -0.20426616333392172, 0.9218855663926555], [0.7273967114033987, -0.6773933410037625, 0.10969177637034483]], "T": [-0.1281898845758529, 0.04984630224839125, -0.1693225630487355], "aligned_model": [[-0.5717724020472023, -0.3587023628806338, 0.05995339916616821, 0.5665625918948157, 0.1977708973368819, -0.13310718275326971, 0.4408315582480484, -0.07793045767185192, -0.7173252228086096, 0.3095599815906678, -0.07398511014392603], [-0.2781981359981911, -0.6726138173577864, -0.4044894569029601, -0.19740690115449644, -0.5813748505944225, 0.8465408326891484, 0.33631621030153735, 0.07179552346647752, 0.15219993683704153, 0.48719788052913776, 0.05753062464918611], [0.2564789707262152, -0.18981381542385523, 0.2754899216415876, -0.07899009976949943, -0.44988505942236484, 0.02486135356970362, 0.31117777858829576, 0.5794884725038543, -0.457179365767972, -0.39579170659996477, -0.16675233710690457]], "inverted": false, "swapped": false, "error_lsq": 0.04373771510233368, "error_max": 0.21254728235723397, "target": "317.xyz", "model": "1.xyz", "model_rescale": 3.9405287249114394, "target_rescale": 3.713602206172397},
{"mapping": [6, 7, 3, 8, 4, 5, 9, 11, 1, 2, 12], "R": [[0.11147651797650382, 0.9400476454794336, 0.3223094943814209], [0.9446973821263464, -0.20089957806345698, 0.2592030395993708], [0.30841504850357454, 0.275589883273131, -0.9104561351839195]], "T": [-0.09127954662446613, -0.02568899514162925, -0.01129498875802853], "aligned_model": [[-0.5300192410222345, -0.48375546149200144, 0.04116673004300067, 0.6729502828616247, 0.19426365921927707, -0.09931574037264068, 0.5653287300230376, -0.12658431964712388, -0.4782630115697337, -0.04898889454063096, -0.06492704357148583], [-0.1305595489490298, -0.7100589712201165, -0.5485812196173343, -0.14304482793980183, -0.4323145212280023, 0.6884330293045381, 0.28274220505572734, 0.2743494109853148, -0.007447947670578388, 0.5234642560112187, 0.020515981732736048], [0.2917979687538634, -0.09198107955045082, 0.17802321942244434, -0.06486873551584024, -0.5060843186897361, 0.12302341715753556, 0.34100725771915824, 0.6339528836815511, -0.7020463147823652, -0.4123084985257068, -0.08143168673135764]], "inverted": true, "swapped": false, "error_lsq": 0.049100236021771576, "error_max": 0.32920711190874613, "target": "317.xyz", "model": "2.xyz", "model_rescale": 3.932901565614263, "target_rescale": 3.713602206172397},
{"mapping": [1, 2, 6, 5, 4, 8, 9, 10, 0, 7, 13], "R": [[0.33653242621998064, 0.6369927390049579, -0.6935316694697186], [0.3711105740179541, -0.7665996969128221, -0.5240246621536375], [-0.8654610724663231, -0.08102564500286796, -0.49438039695897257]], "T": [-0.1205974297208175, 0.14075427679866329, 0.0308869302998553], "aligned_model": [[-0.7529509566984416, -0.3448903549006478, 0.09242415492948114, 0.5372727805162092, 0.08202029485450413, -0.046050233990893585, 0.5309464173950909, -0.1719438703311144, -0.5365689325531435, 0.29552719247036313, -0.04393080176031888], [-0.2084374194190379, -0.6296299824285942, -0.4642178478706376, -0.14767047987288248, -0.40738762363373404, 0.8700650360691511, 0.46621439157028877, -0.06924400323178187, -0.06076201428731967, 0.378792079191447, 0.08977571037777263], [0.19509045378128792, -0.1936139160848399, 0.2660949096031647, 0.0022926673032921258, -0.6185073407066375, 0.06742810643059656, 0.12763024204329038, 0.713828879313196, -0.45419988914731596, -0.4981885376490978, 0.10122853805215941]], "inverted": true, "swapped": false, "error_lsq": 0.04740863727161893, "error_max": 0.21607323415376356, "target": "317.xyz", "model": "3.xyz", "model_rescale": 3.9243930471874484, "target_rescale": 3.713602206172397},
{"mapping": [5, 0, 3, 4, 7, 11, 10, 6, 1, 8, 12], "R": [[0.8506796517456033, 0.30183721214158404, 0.4303933404138308], [-0.5217149303763032, 0.5851790403702316, 0.6207890319052232], [-0.06447993120675845, -0.7526352290970517, 0.6552728823883988]], "T": [0.009596995310025488, 0.08242082464044283, -0.06170588050094373], "aligned_model": [[-0.6872306472103625, -0.43390687291524727, 0.1971436996120171, 0.4930068632059931, 0.16368292766935516, -0.23819636293948043, 0.5415484583821728, -0.20180344633527025, -0.4877009334493907, 0.3906418835140205, -0.09532987960271837], [-0.09474077193675477, -0.6421955247399848, -0.3962040448077601, -0.22559404848590014, -0.336831552568811, 0.7535491731732373, 0.40539080098944297, 0.06711308548053672, -0.11494956637174363, 0.3730246298715106, 0.02893566586089851], [0.1763447550633827, -0.02223667173773331, 0.37268776403799997, -0.21600755577973763, -0.7275915527942601, 0.27640545144549344, 0.2697239836203219, 0.6286505789681459, -0.5348866057907382, -0.46998347047503963, -0.044022563618739186]], "inverted": false, "swapped": false, "error_lsq": 0.0463164297568526, "error_max": 0.23511211689984354, "target": "317.xyz", "model": "4.xyz", "model_rescale": 3.8936222436046832, "target_rescale": 3.713602206172397},
{"mapping": [3, 0, 9, 6, 1, 10, 7, 8, 2, 5, 11], "R": [[0.2756096851899574, 0.21222093177191215, -0.9375508399800804], [0.1710275113185526, -0.9705902425656796, -0.16942305453650003], [-0.9459328156913022, -0.11365235217168589, -0.3037996890126258]], "T": [-0.038853053175553896, 0.049341766639773965, 0.016030445846176584], "aligned_model": [[-0.5340208585767235, -0.5407265311010806, 0.10351621783831305, 0.7381104516484426, 0.07070708417798474, -0.3608566742424383, 0.3748787829582243, -0.12074324716874174, -0.6351590056987043, 0.5100134963101466, 0.03613597378566636], [-0.12631084852542096, -0.6552601591092271, -0.4866500000532572, -0.11661275187569561, -0.4336543517307418, 0.5836011949026828, 0.50128594494413, 0.07337628547102976, 0.11616953212040787, 0.2731783223296715, 0.08837467799109237], [0.24891890756338142, -0.169381116260279, 0.2889402487656045, -0.04223994169008132, -0.6146993640590923, 0.11775522560543017, 0.22655349649438525, 0.7499099757168032, -0.427942217355564, -0.5369736809371664, -0.13175742090432557]], "inverted": true, "swapped": false, "error_lsq": 0.05552564979562625, "error_max": 0.30715359373312734, "target": "317.xyz", "model": "5.xyz", "model_rescale": 3.6523030999806103, "target_rescale": 3.713602206172397},
{"mapping": [2, 1, 3, 7, 5, 10, 11, 4, 6, 9, 12], "R": [[0.3326082305590199, -0.7633676976313891, -0.5537522218261072], [-0.03255654393256141, 0.5775390522257997, -0.8157136229102052], [0.9425029636089032, 0.28934132329668605, 0.16724162825492206]], "T": [-0.05893708081636501, -0.04279060464544622, -0.1427951997884736], "aligned_model": [[-0.6241973963854713, -0.4928701692904148, 0.18015745628479785, 0.6032328041576474, 0.1982943023207358, -0.3257512759564097, 0.5445436666035519, -0.1251871984027659, -0.6239165846692268, 0.29873790465414535, 0.008812180614499142], [-0.1640153032790883, -0.5849452941224655, -0.48712953707098905, -0.1774530515447879, -0.4994190686745918, 0.6749792503981265, 0.37302151345234325, 0.12992241021666923, 0.1563774999717481, 0.5191794578358512, -0.12302003071814373], [0.3491366880710299, -0.1548464818319641, 0.3347374361719278, -0.04172528079291404, -0.5777963392749141, 0.006502027679058886, 0.34452427763625143, 0.4002634879644656, -0.39529210749523763, -0.4237242456774289, -0.1326953495111789]], "inverted": false, "swapped": false, "error_lsq": 0.0483823498082647, "error_max": 0.25917095953806923, "target": "317.xyz", "model": "6.xyz", "model_rescale": 4.08911054899281, "target_rescale": 3.713602206172397},
{"mapping": [7, 2, 6, 9, 1, 10, 8, 4, 13, 11, 14], "R": [[-0.6847436304840802, -0.7166725610816874, 0.1323125115176068], [-0.47323587978400694, 0.5753176830097402, 0.6671261992317207], [-0.5542327693275982, 0.39419538785850794, -0.7331002889063284]], "T": [-0.07105644808645817, 0.02037267795766459, 0.03448230597677251], "aligned_model": [[-0.7790892151138994, -0.3808699754867807, -0.13611083507935332, 0.675659588642907, 0.16626724595239353, -0.005908513534894688, 0.4599182520304753, 0.019292240804075184, -0.5241192263689278, 0.07954278016067101, 0.06727334792442302], [-0.24266340553098406, -0.6903363677682416, -0.39221329203640576, -0.05341274797864218, -0.392070362073303, 0.7365960601370428, 0.3483860087526052, 0.14586632561451499, -0.02515882953757465, 0.36488201418726934, 0.017622442698390643], [0.2041601894379614, -0.18698501408286064, 0.30776551173685257, -0.19251588634725858, -0.5236523210023842, 0.0798112365309008, 0.3094770258197639, 0.7221871471083402, -0.538715324087941, -0.4162551482681161, -0.05619330390616225]], "inverted": false, "swapped": false, "error_lsq": 0.04728527395476043, "error_max": 0.2599680864713578, "target": "317.xyz", "model": "7.xyz", "model_rescale": 3.964800864290218, "target_rescale": 3.713602206172397},
{"mapping": [2, 0, 1, 5, 3, 12, 8, 7, 6, 10, 13], "R": [[0.25210236488811155, 0.8186376071232947, -0.5160202184229487], [-0.3503098476314698, -0.4198737514975097, -0.8372508844162686], [-0.9020684055382042, 0.3918398920565051, 0.18092564970978686]], "T": [-0.14002138629283617, 0.049247028316177735, -0.08626262968309686], "aligned_model": [[-0.6578302808289715, -0.35913720549733447, 0.07660191726897961, 0.6670212586191697, -0.013521821352905722, -0.3150564410273688, 0.4832317428244834, -0.14483593480685886, -0.4665818909397827, 0.4423081534087618, -0.07034380773708354], [-0.18905531964064387, -0.6302751316884628, -0.4091532712488187, -0.11127421313192308, -0.4465211026388487, 0.6799629419124676, 0.3226509416765538, 0.13679023117786573, 0.01791725559141588, 0.36413465259310857, 0.08232086186195746], [0.25092376899221025, -0.14454868598915055, 0.46696734138235585, -0.23453880209719336, -0.6002417305245367, 0.2908780645399557, 0.2713173174783491, 0.6202543005578114, -0.564679294656512, -0.5729577131546552, -0.07429045358953873]], "inverted": true, "swapped": false, "error_lsq": 0.04056339692259317, "error_max": 0.22571322854922568, "target": "317.xyz", "model": "8.xyz", "model_rescale": 4.121658175737393, "target_rescale": 3.713602206172397},
{"mapping": [2, 8, 6, 9, 7, 0, 4, 1, 11, 5, 12], "R": [[-0.518767746009431, -0.6927820838126627, 0.5009321411613347], [-0.8481147449374334, 0.4907991361775682, -0.1995434472666668], [-0.10761693695699913, -0.5283646395014883, -0.8421694619282128]], "T": [-0.1331137548157201, 0.014990663131671075, -0.13702105142231266], "aligned_model": [[-0.6636815450743243, -0.40764133274133263, 0.13173080682737234, 0.6574828229810304, 0.11797295834777963, -0.18011213678889226, 0.5018765040581779, -0.10467248951514244, -0.5076276887245773, 0.22073597753410942, -0.12420818697311158], [-0.027039378704747544, -0.6571376768028278, -0.5005111338235749, -0.2450811967050312, -0.3344632530815985, 0.7232006275641487, 0.3971886558166192, 0.14976258330248746, -0.15936078632858972, 0.4383412977824946, 0.03259810744529111], [0.30916024175593826, -0.07844254561607818, 0.242843800331523, -0.11444903485107158, -0.6566828002832084, 0.20217511820925962, 0.3516915259087614, 0.5382265621796192, -0.6190718370587664, -0.41501837754699944, -0.05134854008988185]], "inverted": false, "swapped": false, "error_lsq": 0.03994791351518552, "error_max": 0.23833358543509195, "target": "317.xyz", "model": "9.xyz", "model_rescale": 3.833441315466971, "target_rescale": 3.713602206172397},
{"mapping": [0, 1, 5, 3, 6, 8, 9, 13, 12, 7, 14], "R": [[0.7050576829349939, -0.7090378517548959, 0.01260906472106546], [-0.5314490979426507, -0.5400712060493391, -0.6525986122360017], [0.46952691086910076, 0.4534185893577972, -0.757598879879389]], "T": [-0.08222441522433294, 0.005875460130590881, -0.10203386468970668], "aligned_model": [[-0.6221450887176725, -0.5235649584496418, 0.01692033872073144, 0.7859853977984672, -0.0259150952665559, -0.08277536939326595, 0.47207460641812066, -0.20922805797100147, -0.49562527738267026, 0.3234236789478138, 0.002705515226763877], [-0.2057578751565627, -0.5840572404675135, -0.4875606664794174, 0.000643636153301019, -0.46802811216459944, 0.7410162317727401, 0.5279673882638507, -0.0704742446781526, -0.06049721759017378, 0.3809056161887713, 0.043340330622427994], [0.255065504440792, -0.1550137343048886, 0.3497695308135754, -0.079535012798616, -0.5852255789157119, 0.15705512522617035, 0.1773990247793543, 0.6813736529659188, -0.5352941238062008, -0.4744798104634499, -0.08203046499784795]], "inverted": true, "swapped": false, "error_lsq": 0.041319831473726205, "error_max": 0.21079503612113587, "target": "317.xyz", "model": "10.xyz", "model_rescale": 4.2482417240324, "target_rescale": 3.713602206172397},
{"mapping": [0, 1, 8, 7, 2, 4, 9, 10, 6, 5, 11], "R": [[-0.7985567209309322, -0.41096724720100414, 0.4397875455081309], [0.42007236836840617, -0.9037955657362918, -0.08180941687101004], [0.43109902434289465, 0.11941313614274326, 0.8943680082198598]], "T": [-0.02216363351276123, -0.13169408474081265, -0.06701996259383014], "aligned_model": [[-0.6937554769412995, -0.43531645358001797, 0.1628411565089397, 0.6514346823314286, -0.0026836702446673896, -0.253186223748936, 0.44810093996405104, -0.07721145290235543, -0.40683983969687976, 0.23815710016081598, 0.010314928080009764], [-0.11965362625229337, -0.703725636928007, -0.5118862976567103, -0.08842000103147656, -0.4678326535025428, 0.7121797624023567, 0.359157543145197, 0.035053575714367874, 0.15359739509080897, 0.46495648824292957, -0.01592870275995864], [0.2832069626039568, -0.03193144123735141, 0.3780473782232121, -0.12132382310429718, -0.7261016570798529, -0.04844381819835422, 0.3990560102617035, 0.5527923621042731, -0.5041871229275559, -0.4417563762226003, -0.030274361484038073]], "inverted": true, "swapped": false, "error_lsq": 0.04266826032186472, "error_max": 0.2485753277012491, "target": "317.xyz", "model": "11.xyz", "model_rescale": 3.6694154284099745, "target_rescale": 3.713602206172397},
{"mapping": [2, 1, 12, 5, 0, 9, 7, 10, 4, 6, 13], "R": [[-0.6090071298283982, -0.7676485325605048, 0.19956464184789918], [0.4472604371454464, -0.12457963555385981, 0.8856850545028587], [-0.6550331420490423, 0.6286458819263603, 0.41920870453079584]], "T": [-0.09267721607415201, 0.07171704685619575, -0.05145735289508321], "aligned_model": [[-0.5751620430550727, -0.5546749658155617, 0.1206235183422023, 0.6883932579749672, 0.10514689183496999, -0.1930515778243343, 0.44966360992360965, -0.06068995285500883, -0.4707914742768753, 0.23192886687893338, -0.09953044119674073], [-0.19507154596469933, -0.6283873218368776, -0.44628677434438624, -0.09951178369981821, -0.416988268704532, 0.7765402148361172, 0.4476981102460759, 0.13743271098935972, 0.0023154044815002633, 0.26021842324939815, -0.020461322787466138], [0.2983223089867289, -0.16497143251655152, 0.3331766786017779, -0.12343231126107262, -0.5339204098208005, 0.31980475973166994, 0.29011253292306766, 0.5795632916069242, -0.6838272363729346, -0.47448566809560605, -0.13125840084410734]], "inverted": false, "swapped": false, "error_lsq": 0.03912651015258084, "error_max": 0.19574655291914508, "target": "317.xyz", "model": "12.xyz", "model_rescale": 3.9764082729961374, "target_rescale": 3.713602206172397},
{"mapping": [3, 14, 11, 12, 6, 2, 1, 8, 4, 9, 15], "R": [[-0.4057951194614433, 0.897013828066352, -0.17520420451296878], [0.37539919621074086, 0.33836456905627665, 0.8628933085217951], [0.8333101250468535, 0.2843863756671712, -0.4740449607677397]], "T": [0.037132664265619196, 0.021175978537310982, -0.13978983343598156], "aligned_model": [[-0.6435623754653444, -0.26282543582312956, -0.010047053042004574, 0.6732868745878351, -0.10447252262736556, -0.10865730191576553, 0.4163665484015212, -0.14431197494112924, -0.45948587936610913, 0.35155400978261947, -0.06598919966003869], [-0.21147282631332673, -0.7139980923436922, -0.48693456017900355, -0.028463355446776476, -0.5309221397080898, 0.7017527944738006, 0.39353767407915347, 0.11494741128096228, 0.13211043909066358, 0.45131417190451517, -0.004373670373534689], [0.29721387799087023, -0.04839911579753037, 0.46860350435594383, -0.13222067501498055, -0.6485082669275564, 0.2498510233497253, 0.20784648094644453, 0.5369210338868984, -0.6466697890093556, -0.418392558849246, -0.15716140199211734]], "inverted": true, "swapped": false, "error_lsq": 0.04119536012142517, "error_max": 0.2393766772666502, "target": "317.xyz", "model": "13.xyz", "model_rescale": 4.170626492500431, "target_rescale": 3.713602206172397},
{"mapping": [0, 8, 4, 5, 12, 3, 6, 2, 10, 11, 13], "R": [[0.5490579423162815, -0.8289524009928684, -0.10664564157793952], [0.8171513425395975, 0.5592223288898702, -0.13976433828671614], [0.1754966078451225, -0.010406909202508946, 0.9844250285703358]], "T": [-0.221532541250953, 0.03642611492180732, -0.018695321863846863], "aligned_model": [[-0.7084667240744791, -0.41649800897437744, 0.033235401995998615, 0.6498100277489797, 0.1561738719749699, -0.13780925846846478, 0.5243897186337615, -0.16970673481626802, -0.34421474767170995, 0.18775086475749014, -0.13280872117481085], [-0.024123984747790823, -0.657656173820596, -0.5487223546129432, -0.05017535290586579, -0.4382056132751946, 0.6942598702193175, 0.34897623052408905, 0.07321110596008848, -0.09748023542539384, 0.44448689086453647, 0.07292746368442451], [0.32054971281738337, -0.1970055449426622, 0.2907520796244803, -0.2646264942981629, -0.4282911094189787, 0.17029876995169868, 0.2123927013558093, 0.6362039967020321, -0.5528736352941626, -0.42567584699286504, -0.05264051656547655]], "inverted": true, "swapped": false, "error_lsq": 0.0420350675032597, "error_max": 0.27215801274441853, "target": "317.xyz", "model": "14.xyz", "model_rescale": 3.9786697098870705, "target_rescale": 3.713602206172397},
{"mapping": [7, 6, 9, 0, 1, 5, 2, 8, 10, 4, 11], "R": [[0.2599857475495103, -0.4903765712373781, -0.8318282451639853], [0.5139218202378996, 0.7995781478507749, -0.3107396790931092], [0.8174911459792615, -0.34670679811765615, 0.4598941425855699]], "T": [-0.014123987177215816, -0.06094886524799631, 0.014321802253927284], "aligned_model": [[-0.6703773631810034, -0.36050702478303953, 0.11163895151815854, 0.6493209426812434, -0.00670742262842243, -0.26348995671215897, 0.593131523044935, -0.028275459981087436, -0.48332328734779983, 0.131407428286258, -0.030962640965994277], [-0.048689766506289006, -0.769164125794259, -0.5260893267660802, -0.2156461000509225, -0.3825016856259396, 0.66987978228862, 0.5150113547064803, 0.19034490547384125, 0.13397265404368325, 0.4099000905827748, -0.15951993588723756], [0.09214998720237025, -0.061872861550488274, 0.40832980008984915, -0.12608894045536756, -0.5833577688957194, 0.23424380867357947, 0.245315279655042, 0.4713549549199853, -0.6446005046482935, -0.3490466030834353, 0.022656961031573806]], "inverted": false, "swapped": false, "error_lsq": 0.048578101039728865, "error_max": 0.22899193703347193, "target": "317.xyz", "model": "15.xyz", "model_rescale": 3.769337070930944, "target_rescale": 3.713602206172397},
{"mapping": [5, 1, 0, 3, 9, 6, 2, 4, 7, 8, 10], "R": [[-0.6390948788291203, 0.7678992227576339, 0.043457100025354654], [0.7534056925433087, 0.6136647630093962, 0.23621054397286959], [0.15471780213578956, 0.18370177551902786, -0.9707296530823746]], "T": [-0.07765413246469968, -0.03905213822556099, -0.057885312000052355], "aligned_model": [[-0.6881092827290689, -0.3816228376212881, 0.07352270715213721, 0.5587166518957704, 0.3490958628822296, -0.1675455641265391, 0.548791365896369, -0.20543964922848637, -0.6592132414294634, 0.23866847182848408, -0.025008794589055652], [-0.06574869392341351, -0.775062216095856, -0.38323320164600105, -0.2901219286596612, -0.20549326795266293, 0.6570867386515024, 0.23412905615951762, 0.24704856921589524, -0.07472207339150964, 0.506098372986664, -0.03248350887980314], [0.21903114642729266, -0.14167455927677278, 0.46761927729303115, -0.1648414892901527, -0.7294219638060795, 0.1391353064985607, 0.2240081622823275, 0.6561523420801746, -0.4721957758898572, -0.46315638410471094, -0.025571949274717773]], "inverted": false, "swapped": false, "error_lsq": 0.055250045330770096, "error_max": 0.39469215948336783, "target": "317.xyz", "model": "16.xyz", "model_rescale": 3.7852294659196426, "target_rescale": 3.713602206172397},
{"mapping": [8, 9, 11, 6, 10, 1, 7, 2, 0, 5, 12], "R": [[-0.4207942668588323, 0.6021828927607837, 0.6784599830830056], [-0.6568144723083227, -0.7181154578107405, 0.2300107350094996], [0.6257211311319744, -0.34883513716299436, 0.6977013065312386]], "T": [-0.15077511061673277, 0.09482880376684852, -0.04266092791136093], "aligned_model": [[-0.5720686692199437, -0.43826608334922956, 0.10018335446337884, 0.6887079018116902, 0.1902372249080725, -0.10061195370194667, 0.450218224362807, -0.15971525767692935, -0.6757366196034036, 0.29237526217472865, -0.13346769423813487], [-0.3047132723250845, -0.7005404946510309, -0.40792886634348, -0.15209368987711838, -0.40989926882784233, 0.7756387997398506, 0.20496573315245803, 0.3018990741030172, 0.022342201399075723, 0.48103772261443034, 0.0067899074803957765], [0.25243867927926256, -0.22154190857564043, 0.42870585961523383, -0.18993886203161542, -0.5701220497335346, 0.048089065579839704, 0.301001512969369, 0.5327771642790301, -0.4726705351276827, -0.33705764776019614, -0.06259716555497014]], "inverted": false, "swapped": false, "error_lsq": 0.04438328960824943, "error_max": 0.21418200609692756, "target": "317.xyz", "model": "17.xyz", "model_rescale": 3.901054581598922, "target_rescale": 3.713602206172397},
{"mapping": [1, 0, 7, 12, 3, 10, 11, 6, 8, 9, 14], "R": [[0.6020728255334138, 0.7066920093510329, 0.37161097491006834], [-0.3292451017004395, -0.20426616333392172, 0.9218855663926555], [0.7273967114033987, -0.6773933410037625, 0.10969177637034483]], "T": [-0.1281898845758529, 0.04984630224839125, -0.1693225630487355], "aligned_model": [[-0.5717724020472023, -0.3587023628806338, 0.05995339916616821, 0.5665625918948157, 0.1977708973368819, -0.13310718275326971, 0.4408315582480484, -0.07793045767185192, -0.7173252228086096, 0.3095599815906678, -0.07398511014392603], [-0.2781981359981911, -0.6726138173577864, -0.4044894569029601, -0.19740690115449644, -0.5813748505944225, 0.8465408326891484, 0.33631621030153735, 0.07179552346647752, 0.15219993683704153, 0.48719788052913776, 0.05753062464918611], [0.2564789707262152, -0.18981381542385523, 0.2754899216415876, -0.07899009976949943, -0.44988505942236484, 0.02486135356970362, 0.31117777858829576, 0.5794884725038543, -0.457179365767972, -0.39579170659996477, -0.16675233710690457]], "inverted": false, "swapped": false, "error_lsq": 0.04373771510233368, "error_max": 0.21254728235723397, "target": "317.xyz", "model": "18.xyz", "model_rescale": 3.9405287249114394, "target_rescale": 3.713602206172397},
{"mapping": [9, 7, 13, 12, 4, 2, 3, 11, 8, 1, 15], "R": [[-0.235668879394974, -0.7185400686659165, 0.654339628179661], [0.6697152761110008, -0.6079815196721639, -0.4264269230251441], [0.7042312320738715, 0.3377256896635287, 0.6244995839174039]], "T": [0.017239761399664426, -0.008595582873993316, -0.03520553689641119], "aligned_model": [[-0.6413968916647255, -0.4024692468057124, 0.04396318025342804, 0.5357638003330185, 0.15025053832296884, -0.23396990676536206, 0.7176328217671812, -0.261213510032584, -0.5780518561382884, 0.3016977772220022, 0.009648983439162612], [-0.28907375973670313, -0.5505175289267825, -0.5052059447355792, -0.17190317062335655, -0.5004180231659843, 0.8137833688844053, 0.45488886430272646, 0.022313131030843366, 0.05370644592788629, 0.46275737301619274, 0.02716709049102353], [0.24145237190151908, -0.1957997514838593, 0.41645124955591023, -0.10304737532313872, -0.5596899018336019, 0.09093662630932021, 0.1064289330898154, 0.628663146604508, -0.4978268753927826, -0.3991141135848996, -0.019370196903695076]], "inverted": false, "swapped": false, "error_lsq": 0.04219402342964955, "error_max": 0.24405154222107933, "target": "317.xyz", "model": "19.xyz", "model_rescale": 4.410303926677745, "target_rescale": 3.713602206172397},
{"mapping": [2, 0, 1, 5, 3, 12, 8, 7, 6, 10, 13], "R": [[0.25210236488811155, 0.8186376071232947, -0.5160202184229487], [-0.3503098476314698, -0.4198737514975097, -0.8372508844162686], [-0.9020684055382042, 0.3918398920565051, 0.18092564970978686]], "T": [-0.14002138629283617, 0.049247028316177735, -0.08626262968309686], "aligned_model": [[-0.6578302808289715, -0.35913720549733447, 0.07660191726897961, 0.6670212586191697, -0.013521821352905722, -0.3150564410273688, 0.4832317428244834, -0.14483593480685886, -0.4665818909397827, 0.4423081534087618, -0.07034380773708354], [-0.18905531964064387, -0.6302751316884628, -0.4091532712488187, -0.11127421313192308, -0.4465211026388487, 0.6799629419124676, 0.3226509416765538, 0.13679023117786573, 0.01791725559141588, 0.36413465259310857, 0.08232086186195746], [0.25092376899221025, -0.14454868598915055, 0.46696734138235585, -0.23453880209719336, -0.6002417305245367, 0.2908780645399557, 0.2713173174783491, 0.6202543005578114, -0.564679294656512, -0.5729577131546552, -0.07429045358953873]], "inverted": true, "swapped": false, "error_lsq": 0.04056339692259317, "error_max": 0.22571322854922568, "target": "317.xyz", "model": "20.xyz", "model_rescale": 4.121658175737393, "target_rescale": 3.713602206172397},
{"mapping": [2, 1, 3, 7, 5, 10, 11, 4, 6, 9, 12], "R": [[0.3326082305590199, -0.7633676976313891, -0.5537522218261072], [-0.03255654393256141, 0.5775390522257997, -0.8157136229102052], [0.9425029636089032, 0.28934132329668605, 0.16724162825492206]], "T": [-0.05893708081636501, -0.04279060464544622, -0.1427951997884736], "aligned_model": [[-0.6241973963854713, -0.4928701692904148, 0.18015745628479785, 0.6032328041576474, 0.1982943023207358, -0.3257512759564097, 0.5445436666035519, -0.1251871984027659, -0.6239165846692268, 0.29873790465414535, 0.008812180614499142], [-0.1640153032790883, -0.5849452941224655, -0.48712953707098905, -0.1774530515447879, -0.4994190686745918, 0.6749792503981265, 0.37302151345234325, 0.12992241021666923, 0.1563774999717481, 0.5191794578358512, -0.12302003071814373], [0.3491366880710299, -0.1548464818319641, 0.3347374361719278, -0.04172528079291404, -0.5777963392749141, 0.006502027679058886, 0.34452427763625143, 0.4002634879644656, -0.39529210749523763, -0.4237242456774289, -0.1326953495111789]], "inverted": false, "swapped": false, "error_lsq": 0.0483823498082647, "error_max": 0.25917095953806923, "target": "317.xyz", "model": "21.xyz", "model_rescale": 4.08911054899281, "target_rescale": 3.713602206172397},
{"mapping": [7, 6, 0, 1, 8, 14, 2, 13, 5, 15, 16], "R": [[0.6049341888371987, 0.654927479966638, -0.45290685925522217], [-0.49035126509851135, -0.14174656728728513, -0.859920663479231], [-0.6273836657039854, 0.7422788604337459, 0.2353971736470297]], "T": [-0.10607245976505622, 0.08474427443110219, -0.04458387645748245], "aligned_model": [[-0.5938995137564267, -0.31547821128098097, 0.10247584331460227, 0.5950856644664153, 0.04064471104023748, -0.18417743793923516, 0.5500636267805719, -0.31652328444583966, -0.4846966318395063, 0.3518766754735626, -0.10351575188231185], [-0.26146573841662457, -0.6289754796502667, -0.5191656306511347, -0.22528419529108915, -0.38820661212295604, 0.7129369819566331, 0.2910373317781221, 0.17102175988044158, 0.022091091579194075, 0.5774046125768809, 0.0661037248254717], [0.3400712683248423, -0.09272400958411632, 0.3934570234656102, -0.2501514177959925, -0.5299224683278322, 0.06075424837497055, 0.17492111163221913, 0.5758970756465732, -0.6365698297939028, -0.32578735909320966, -0.0008615299100665844]], "inverted": true, "swapped": false, "error_lsq": 0.043277357825236104, "error_max": 0.21838478221006646, "target": "317.xyz", "model": "22.xyz", "model_rescale": 4.204369325754507, "target_rescale": 3.713602206172397},
{"mapping": [9, 7, 13, 12, 4, 2, 3, 11, 8, 1, 15], "R": [[-0.235668879394974, -0.7185400686659165, 0.654339628179661], [0.6697152761110008, -0.6079815196721639, -0.4264269230251441], [0.7042312320738715, 0.3377256896635287, 0.6244995839174039]], "T": [0.017239761399664426, -0.008595582873993316, -0.03520553689641119], "aligned_model": [[-0.6413968916647255, -0.4024692468057124, 0.04396318025342804, 0.5357638003330185, 0.15025053832296884, -0.23396990676536206, 0.7176328217671812, -0.261213510032584, -0.5780518561382884, 0.3016977772220022, 0.009648983439162612], [-0.28907375973670313, -0.5505175289267825, -0.5052059447355792, -0.17190317062335655, -0.5004180231659843, 0.8137833688844053, 0.45488886430272646, 0.022313131030843366, 0.05370644592788629, 0.46275737301619274, 0.02716709049102353], [0.24145237190151908, -0.1957997514838593, 0.41645124955591023, -0.10304737532313872, -0.5596899018336019, 0.09093662630932021, 0.1064289330898154, 0.628663146604508, -0.4978268753927826, -0.3991141135848996, -0.019370196903695076]], "inverted": false, "swapped": false, "error_lsq": 0.04219402342964955, "error_max": 0.24405154222107933, "target": "317.xyz", "model": "23.xyz", "model_rescale": 4.410303926677745, "target_rescale": 3.713602206172397},
{"mapping": [4, 3, 0, 7, 1, 15, 13, 5, 10, 11, 16], "R": [[-0.21897897456792975, -0.9162677032717668, 0.3354127377400264], [-0.13906828924536158, -0.3109378545874276, -0.9402008623219489], [0.965768201808046, -0.25252949634775235, -0.05933492943287427]], "T": [-0.012331620400070985, 0.15141258594555054, 0.006548643952681718], "aligned_model": [[-0.6306629488313882, -0.41887581060793166, 0.16692620770465647, 0.5625119169308859, 0.15575960044492912, -0.2933954137713987, 0.6133568751320597, -0.24143567682139264, -0.43643206216445535, 0.2104541316584786, -0.04635112974335405], [-0.10119533846093406, -0.6420324031014328, -0.5165343003373364, -0.15078081379705946, -0.4700585705432514, 0.7516889511079473, 0.3801033866244157, 0.12381046779964795, 0.07246271347356631, 0.33100437811520883, 0.03902937558389953], [0.17310187207678762, -0.11352573049302796, 0.31002747229881134, -0.13545471313134555, -0.5607733921940256, 0.27109659861854124, 0.23105042139049065, 0.5916567432241651, -0.48098564120839943, -0.558105926095024, -0.01900359154787743]], "inverted": true, "swapped": false, "error_lsq": 0.03647987000249374, "error_max": 0.1802369686010428, "target": "317.xyz", "model": "24.xyz", "model_rescale": 4.28219845311461, "target_rescale": 3.713602206172397},
{"mapping": [6, 0, 2, 13, 4, 11, 12, 14, 1, 9, 15], "R": [[-0.9413761936320194, 0.04023087426857927, -0.33495124842053714], [0.3029298779884829, 0.537769663531945, -0.786789220825134], [0.14847340194382772, -0.8421313827071905, -0.518430692740025]], "T": [-0.03301025988697503, 0.07703575181437482, -0.14512968536820617], "aligned_model": [[-0.7023061020307262, -0.45319160415209503, 0.05388993499963222, 0.5153722271887837, 0.08041557862761384, -0.03202556717179871, 0.46560927494245463, -0.014870670823504455, -0.5009702160140503, 0.2960635772703174, -0.06613074290553825], [-0.25946075534575286, -0.6219593734837376, -0.463416716851177, -0.07506098355106396, -0.5231342984080573, 0.5637208187356477, 0.48434215366787947, 0.11946632648533, 0.01910877789488906, 0.5630206805882241, 0.010871216732490543], [0.35587960727928813, -0.1653194049511765, 0.2661360555219142, 0.025339337908122123, -0.5470986680011672, 0.09902958081820593, 0.2670595366265698, 0.6151434409070357, -0.5781831970740323, -0.4803948678463782, -0.14850730824928657]], "inverted": true, "swapped": false, "error_lsq": 0.04432366645546329, "error_max": 0.24202777782391105, "target": "317.xyz", "model": "25.xyz", "model_rescale": 4.100010024507729, "target_rescale": 3.713602206172397},
{"mapping": [0, 1, 8, 7, 2, 4, 9, 10, 6, 5, 11], "R": [[-0.7985567209309322, -0.41096724720100414, 0.4397875455081309], [0.42007236836840617, -0.9037955657362918, -0.08180941687101004], [0.43109902434289465, 0.11941313614274326, 0.8943680082198598]], "T": [-0.02216363351276123, -0.13169408474081265, -0.06701996259383014], "aligned_model": [[-0.6937554769412995, -0.43531645358001797, 0.1628411565089397, 0.6514346823314286, -0.0026836702446673896, -0.253186223748936, 0.44810093996405104, -0.07721145290235543, -0.40683983969687976, 0.23815710016081598, 0.010314928080009764], [-0.11965362625229337, -0.703725636928007, -0.5118862976567103, -0.08842000103147656, -0.4678326535025428, 0.7121797624023567, 0.359157543145197, 0.035053575714367874, 0.15359739509080897, 0.46495648824292957, -0.01592870275995864], [0.2832069626039568, -0.03193144123735141, 0.3780473782232121, -0.12132382310429718, -0.7261016570798529, -0.04844381819835422, 0.3990560102617035, 0.5527923621042731, -0.5041871229275559, -0.4417563762226003, -0.030274361484038073]], "inverted": true, "swapped": false, "error_lsq": 0.04266826032186472, "error_max": 0.2485753277012491, "target": "317.xyz", "model": "26.xyz", "model_rescale": 3.6694154284099745, "target_rescale": 3.713602206172397},
{"mapping": [6, 1, 0, 8, 7, 11, 10, 2, 3, 9, 13], "R": [[0.5106035223919088, -0.8340299248602026, -0.2089931275393062], [-0.31181107295190574, 0.046904377626655974, -0.948985687006942], [0.8012851538032868, 0.5497218058228555, -0.23611022531288628]], "T": [0.06605557225728984, -0.05598744040570694, -0.017032175401378767], "aligned_model": [[-0.6062409614099822, -0.45599097366841346, 0.035214569628135545, 0.6741173813184301, 0.04859077651029692, -0.10791936767690988, 0.46536862906232035, -0.18188483154975874, -0.43459954915999355, 0.1590613203339227, 0.04613869654304147], [-0.14401185371779288, -0.7679527696265759, -0.501173851261643, -0.08221452455931988, -0.3182092149354765, 0.7353127188124822, 0.34944341302201587, 0.12031582488104758, 0.02558754957185075, 0.44325371489377274, -0.0428531606156891], [0.09001690345698954, -0.002219087600006407, 0.47060625138549755, -0.21178886680925316, -0.588926611980734, 0.265372228851374, 0.17807196511472503, 0.5908924589181302, -0.6459369303065626, -0.4719736388340928, 0.034969440743028345]], "inverted": true, "swapped": false, "error_lsq": 0.03996924479872211, "error_max": 0.2040293462057672, "target": "317.xyz", "model": "27.xyz", "model_rescale": 4.103607728864725, "target_rescale": 3.713602206172397},
{"mapping": [6, 11, 7, 4, 13, 0, 1, 5, 10, 2, 14], "R": [[0.7854601209037577, 0.32022207803183006, -0.5296321546232171], [-0.516565769243474, -0.13215853841417347, -0.8459869542552815], [-0.34089911193159883, 0.9380788567413757, 0.061610502505995424]], "T": [-0.18576518024192895, -0.010994737253069799, -0.16765542080905219], "aligned_model": [[-0.6332747700205461, -0.3404289445489659, 0.037410487166821715, 0.6970967672673765, 0.11979644009570128, -0.039601566328739846, 0.44724357177945734, -0.30698708491478377, -0.6410803472712403, 0.3810376811729284, -0.07935654446692036], [-0.25387016551816244, -0.6797235510999596, -0.3090584055326011, -0.1360562617009002, -0.4195919434211764, 0.627637690393549, 0.355479335804559, 0.1174093194035799, 0.04405567608046015, 0.383458525237275, 0.08775762681804852], [0.20919197038941592, -0.1369613334208166, 0.44994632521486566, -0.33051635497491927, -0.5670962202298938, 0.11602849009826274, 0.34989409925231163, 0.5422446133108725, -0.38999036401553566, -0.4215487965295197, -0.11210831615594793]], "inverted": false, "swapped": false, "error_lsq": 0.04465337565499061, "error_max": 0.2011400402283601, "target": "317.xyz", "model": "28.xyz", "model_rescale": 4.137296879288765, "target_rescale": 3.713602206172397},
{"mapping": [5, 2, 4, 8, 3, 0, 9, 6, 1, 7, 10], "R": [[-0.5742815446962924, 0.5130539496964225, 0.637946982218853], [0.4294612568373619, -0.4746234579827723, 0.7683069712088715], [0.696967528868393, 0.7151980270060712, 0.052230698537444]], "T": [-0.005962480995570299, -0.01515698580155309, -0.03429698387790777], "aligned_model": [[-0.6344390514875153, -0.5173165779491934, 0.15890573787228723, 0.6685865009978658, 0.234628205804855, -0.29467047001538893, 0.5132014353851156, -0.1416699267553177, -0.5615750925364342, 0.17475396348479166, 0.04145096513002316], [-0.13354927688221382, -0.5098835423560122, -0.5499378271193364, -0.09949171750729782, -0.5879531612176022, 0.6129506605617931, 0.4734368216568632, 0.032171497214200075, 0.25810126630585606, 0.3513983424699215, -0.02974521666149986], [0.1759376783142191, -0.3596916639737305, 0.5009206213491652, -0.2714155236328718, -0.3169440921529695, 0.07817000693811957, 0.28592034152849877, 0.6696144642587019, -0.46276345799436336, -0.6233563889416404, 0.03269212724596652]], "inverted": false, "swapped": false, "error_lsq": 0.06355411658374521, "error_max": 0.36712684479837615, "target": "317.xyz", "model": "29.xyz", "model_rescale": 3.607286011436655, "target_rescale": 3.713602206172397},
{"mapping": [7, 2, 6, 9, 1, 10, 8, 4, 13, 11, 14], "R": [[-0.6847436304840802, -0.7166725610816874, 0.1323125115176068], [-0.47323587978400694, 0.5753176830097402, 0.6671261992317207], [-0.5542327693275982, 0.39419538785850794, -0.7331002889063284]], "T": [-0.07105644808645817, 0.02037267795766459, 0.03448230597677251], "aligned_model": [[-0.7790892151138994, -0.3808699754867807, -0.13611083507935332, 0.675659588642907, 0.16626724595239353, -0.005908513534894688, 0.4599182520304753, 0.019292240804075184, -0.5241192263689278, 0.07954278016067101, 0.06727334792442302], [-0.24266340553098406, -0.6903363677682416, -0.39221329203640576, -0.05341274797864218, -0.392070362073303, 0.7365960601370428, 0.3483860087526052, 0.14586632561451499, -0.02515882953757465, 0.36488201418726934, 0.017622442698390643], [0.2041601894379614, -0.18698501408286064, 0.30776551173685257, -0.19251588634725858, -0.5236523210023842, 0.0798112365309008, 0.3094770258197639, 0.7221871471083402, -0.538715324087941, -0.4162551482681161, -0.05619330390616225]], "inverted": false, "swapped": false, "error_lsq": 0.04728527395476043, "error_max": 0.2599680864713578, "target": "317.xyz", "model": "30.xyz", "model_rescale": 3.964800864290218, "target_rescale": 3.713602206172397},
