[{"mapping": [12, 8, 7, 11, 13, 14, 3, 4, 2, 5, 10, 15], "R": [[-0.6608841203245264, 0.2340540355868947, -0.7130574226023918], [0.549274599734469, 0.7982862974053386, -0.24705546231851336], [0.5113996417572229, -0.5549393622733606, -0.6561346741410792]], "T": [0.08303671303271062, -0.13277906652604976, 0.011670515758481497], "aligned_model": [[-0.15035414285813883, 0.03238814223583317, 0.4289275956532842, -0.2556431807185867, -0.040522556376854396, -0.6738319211830612, 0.47225257213079963, -0.2869217017569826, 0.5753827602356149, 0.09759036811449393, -0.4449025450793027, 0.08327707206344982], [-0.26571417590211566, -0.7720680645321933, -0.451856831853005, 0.6374338508700098, 0.3925355414554006, -0.4519858210962896, 0.023915284768780604, -0.5692732391312728, 0.1426557209930288, 0.45531232667090304, 0.021219690884287407, -0.10861924715047701], [-0.5044820938480457, -0.05833893773039824, -0.47547610874167767, 0.023589095107332196, -0.5906787495798588, -0.08773212954554876, 0.5718125931881944, 0.5139062494650225, -0.2326245484532393, 0.5217642877230573, 0.4224200013819771, 0.07779208638674774]], "inverted": false, "swapped": true, "error_lsq": 0.05125121977757491, "error_max": 0.27032745770135425, "target": "319.xyz", "model": "0.xyz", "model_rescale": 3.751011558992144, "target_rescale": 4.273705136606916},
{"mapping": [11, 9, 5, 6, 14, 3, 12, 13, 10, 1, 8, 7, 2, 3, 15], "R": [[-0.6266878531895677, 0.7109837916796602, 0.3190053018892711], [-0.2007143641971966, 0.24828271620728487, -0.9476652556877077], [-0.752978139569514, -0.6579192509735119, -0.012891102702522916]], "T": [0.03596151000257598, -0.0017315553825903995, 0.11336763079239913], "aligned_model": [[0.0166752229031084, 0.1272256033270025, -0.34540676029625217, 0.11814018804021105, -0.18554745507151177, -0.3217239759094701, 0.4114422567407443, 0.6250393491569245, -0.5078767671244077, -0.08368038458383399, -0.009607847127861377, 0.5622755717871838, 0.4754364720243548, -0.3217239759094701, -0.021581286867688232], [-0.04258278185294649, -0.5609328256809952, 0.39482514949278885, 0.673676596994058, -0.7982773754499862, 0.5996128698010982, -0.44362500058511367, -0.1693200434942912, -0.25294415820114335, 0.3655931902428339, -0.27821971622843156, 0.009432063485739939, 0.4204317063506442, 0.5996128698010982, 0.03147480515175219], [-0.7268902329105353, -0.36096310580780944, -0.4375951393230439, -0.44645376129068876, 0.14611671385313102, 0.09764417453086582, 0.1613357789525069, -0.41478799583581977, -0.22171858795799881, 0.5990704714701728, 0.6944310996803339, 0.5395505008722897, 0.032195166440712644, 0.09764417453086582, 0.09008714764699324]], "inverted": false, "swapped": true, "error_lsq": 0.04158291304328429, "error_max": 0.3809516183572961, "target": "319.xyz", "model": "1.xyz", "model_rescale": 3.9405287249114394, "target_rescale": 4.273705136606916},
{"mapping": [14, 8, 4, 2, 1, 10, 12, 7, 3, 5, 6, 11, 15], "R": [[-0.9787377880527022, 0.15442243428963798, -0.13500390374269394], [-0.18332190629875378, -0.3633194705462766, 0.9134506231827556], [0.09200772200579188, 0.9187778154211365, 0.38390350998821204]], "T": [0.028006682760190638, 0.015727757078296628, 0.03872363269546954], "aligned_model": [[-0.3907017089449367, 0.2669280964826902, -0.3439221537814615, 0.4283018954506161, 0.3893244116550843, -0.6464595662780102, 0.15364156419244226, 0.6615216769003387, -0.007145444989025154, -0.43854044628896094, -0.02778509259031918, -0.5352650182588998, -0.013914934265626663], [0.7269851230211437, 0.4753537779788838, 0.26555291050332996, -0.3368882099023266, -0.16214157868031018, 0.04373017336548009, 0.4949339447991209, 0.23902812290237527, -0.5956108185777752, -0.606424949340045, -0.7973514511207348, -0.25652498293401915, -0.03180946844310567], [-0.019758925594166296, -0.34574678651674, -0.5768195882636277, 0.3442964608357678, -0.43346372346148554, -0.0856216972135227, 0.34390203550192006, 0.1256641617393114, -0.30014319282445906, 0.07769462316207516, 0.3735653526951911, 0.6014646899106695, 0.008086939617710568]], "inverted": false, "swapped": true, "error_lsq": 0.03834291764458739, "error_max": 0.23444098747288233, "target": "319.xyz", "model": "2.xyz", "model_rescale": 3.932901565614263, "target_rescale": 4.273705136606916},
{"mapping": [5, 11, 6, 10, 3, 1, 2, 0, 4, 8, 12, 14, 7, 15], "R": [[0.16481985267205945, -0.7267443555312202, -0.6668411039135731], [-0.748807494088917, 0.34784590171091556, -0.564172460741569], [0.6419670964788131, 0.5923224378380683, -0.486859709436025]], "T": [0.1501834075598719, -0.12775518820445636, 0.06758399454002265], "aligned_model": [[-0.13352228949572334, 0.4559188339211935, 0.13901719662750042, -0.07605637196716439, -0.3935825844131077, -0.2792719327707829, 0.36893594749636366, -0.7388324038237836, -0.3835659943011759, 0.017214872755959787, 0.6303571282903342, 0.28714528439487486, 0.4292379402125872, 0.09681428512562779], [-0.04040801380364062, 0.20168440422445189, -0.5011989411112974, 0.47251910209743003, -0.39425838680140696, -0.5131084057144011, -0.6614166434231625, -0.061837126872904546, 0.34015271910291667, -0.08891630663147054, -0.004822617485303049, 0.5942811616090813, -0.5646525397217461, -0.114521767118059], [-0.6522357748522981, -0.6438016006871863, -0.730378772513031, -0.17662279496813568, -0.28326617678625954, 0.2961007544235854, -0.14525821991801136, 0.1615913644632475, 0.34292176873015656, 0.6976379083470376, 0.3723418201953492, 0.4477535900604015, 0.5034879160767929, 0.02362458048544818]], "inverted": true, "swapped": true, "error_lsq": 0.04713436097833525, "error_max": 0.28337571842373455, "target": "319.xyz", "model": "3.xyz", "model_rescale": 3.9243930471874484, "target_rescale": 4.273705136606916},
{"mapping": [5, 2, 11, 10, 9, 3, 4, 13, 12, 7, 14, 8, 15], "R": [[0.7076431489541368, 0.33940482712277753, 0.6197140768645091], [-0.7043547585950664, 0.40825212829124297, 0.5807017942026322], [-0.055906598740747715, -0.8474282052607336, 0.5279582267053077]], "T": [-0.13272313279506448, -0.051085080396865504, -0.10552886574193956], "aligned_model": [[0.03418993173086321, -0.34497567549445507, 0.5357799067638425, 0.28780001791860443, 0.5900305186989461, -0.5070058433144996, -0.16376849981121716, 0.37632673406890066, 0.11398752330103831, -0.46793468588418463, 0.35705174049369437, -0.3981793813099418, -0.1360964008502386], [-0.6628387624558009, 0.20139008688007248, -0.2698657558688636, -0.5576796293641724, 0.08397961782835588, -0.5680099970372872, -0.5022739226431505, 0.4062972012907249, 0.44131273280854416, 0.536438367058198, -0.0008657475643946838, 0.13992570297569157, -0.11998034022633046], [-0.55736557651644, -0.6243295777656785, -0.5673868127660792, 0.0885661113961019, -0.031979360898061165, -0.392761062354651, 0.5069267958557452, -0.5364774117580522, 0.0821804761701744, -0.07070975986486203, 0.559469299384246, 0.4505330777797212, -0.11959588329120041]], "inverted": false, "swapped": true, "error_lsq": 0.038775575392529196, "error_max": 0.2155635828175224, "target": "319.xyz", "model": "4.xyz", "model_rescale": 3.8936222436046832, "target_rescale": 4.273705136606916},
{"mapping": [7, 2, 1, 8, 3, 5, 11, 10, 14, 12, 4, 15], "R": [[-0.08581350520303999, -0.4205714936515928, 0.9031919292445192], [0.4621220857401909, -0.8199227430103121, -0.3378903274223477], [0.8826546437853844, 0.3883893847958696, 0.2647158204225478]], "T": [-0.09646177730985403, -0.1139439831638245, -0.05560938172687802], "aligned_model": [[0.056080554100135765, -0.5025275280291662, -0.2878997300292302, 0.35390759561452967, -0.6841236911424402, -0.668454632909889, -0.3357728941894775, 0.006671732477136316, 0.6560745511452147, 0.3522120394946613, 0.21930193608276013, -0.1379218903991377], [-0.5461879713875054, -0.5505968225829252, 0.10723382188678919, 0.037917515919583936, 0.24799267668803315, 0.1615033430858478, -0.2605607082083639, 0.34758704822006287, 0.09060361842915914, -0.4832040167510449, 0.5779325603184035, -0.061298160508232565], [-0.5542665069546977, -0.20525541304816494, -0.6029491207766512, -0.4918003230600449, -0.1716118855548065, 0.39518091922251597, 0.7376798381443336, 0.44188755666420315, 0.22092871791632662, -0.025686396729536966, -0.0907839391137196, -0.034038727434239274]], "inverted": false, "swapped": true, "error_lsq": 0.035955597702847696, "error_max": 0.19893322938095967, "target": "319.xyz", "model": "5.xyz", "model_rescale": 3.6523030999806103, "target_rescale": 4.273705136606916},
{"mapping": [0, 1, 7, 8, 12, 3, 2, 10, 6, 11, 13, 9, 15], "R": [[-0.024065885109388924, -0.5265606603035502, 0.8497968605464432], [-0.6590122363858406, 0.6475584724740636, 0.38258449657662597], [-0.7517471020679991, -0.5508192950031314, -0.36259398613961974]], "T": [0.14108394681510691, -0.04226682701993997, 0.07830362614280313], "aligned_model": [[0.08613026886123323, -0.018681514932050086, 0.23496329419066478, 0.6080414563273926, 0.5364301600608065, -0.392915442882938, -0.3195128619534163, 0.3045026074972369, -0.6930771263718668, -0.11628882454555303, 0.05843157322721024, 0.4860545330044018, 0.10700478218117279], [-0.7959431558420631, -0.1552054805244097, 0.5086817626756642, -0.03049595484944838, 0.36535003249077214, -0.4411491936347617, 0.36056485042611797, -0.5880297711977142, -0.0439385370254845, -0.11345136822545167, 0.5213155991438339, 0.056502874710291334, -0.10337475398416285], [0.5604693382711955, 0.6672592771970927, 0.46093305054289563, 0.5232408746978174, -0.04860744050163161, 0.2917017540969164, 0.1376858639623786, -0.304564193846059, -0.20542513133502277, -0.7196726133182026, -0.4957960184564683, -0.5676566542163773, 0.0705416323872545]], "inverted": false, "swapped": true, "error_lsq": 0.04945879773645799, "error_max": 0.35036540909657543, "target": "319.xyz", "model": "6.xyz", "model_rescale": 4.08911054899281, "target_rescale": 4.273705136606916},
{"mapping": [14, 4, 8, 9, 13, 2, 12, 7, 11, 10, 6, 3, 3, 1, 15], "R": [[-0.7082158731817499, -0.6989994930849306, -0.09914628404747099], [-0.6080975363529, 0.6753109571343403, -0.4173397865718471], [0.358674871234305, -0.23527605029265392, -0.9033258088329722]], "T": [0.06937772498382135, -0.027697241477188696, -0.05096459556649916], "aligned_model": [[0.0708934176750927, 0.378852042596495, 0.63377408216251, -0.44503201561633665, -0.5162614472879391, -0.02219024312646839, 0.05760387044399173, 0.4492686067911064, -0.7671241331531569, -0.23345466101856926, -0.4520430677509898, 0.12168300328205224, 0.12168300328205224, 0.5854987733710562, 0.05318230814865779], [-0.7341638180170742, -0.6863421991154307, -0.2393117897090616, -0.3534201966211522, 0.2763527718595504, 0.5800150974207866, -0.0561986028358065, 0.37123786329305786, -0.08566615083354634, -0.6021504241100256, 0.48432308391787277, 0.12363119975902062, 0.12363119975902062, 0.14610211099471257, -0.047281329592810874], [-0.4816926378670111, 0.17275306158120268, -0.280819026137944, -0.4696673760508631, -0.5185405970466271, -0.03515159023802073, -0.6320029764604796, -0.4450415637714653, 0.019592530014489774, 0.1714015539051792, 0.4412599890905796, 0.6303320449239771, 0.6303320449239771, 0.24662866649344137, 0.01468590872164479]], "inverted": false, "swapped": true, "error_lsq": 0.04443452290577474, "error_max": 0.41257111487277814, "target": "319.xyz", "model": "7.xyz", "model_rescale": 3.964800864290218, "target_rescale": 4.273705136606916},
{"mapping": [4, 14, 10, 1, 5, 7, 3, 9, 12, 13, 2, 6, 11, 15], "R": [[0.7293393465653685, 0.2794337416651311, 0.6244845086714533], [0.5694405642115075, 0.2579961343165833, -0.7804969176801275], [-0.37921176324328554, 0.9248539228963268, 0.029045824505322997]], "T": [-0.096860822895516, -0.11034927538283268, 0.03284037125196829], "aligned_model": [[-0.07922563108115398, 0.424718834051506, 0.3516613461297576, -0.6953923014996798, 0.06878988741230403, -0.4513072546100751, -0.46622701423227014, 0.6232519831753278, 0.14091376887124113, 0.37176322512742377, -0.34506304267399407, -0.1385779438513698, 0.5542937177448719, -0.09841168510301669], [-0.17839814576463392, -0.5851997337608317, 0.14336972932949638, -0.09238778085211274, 0.6483532248291531, -0.57576452779935, 0.4645676984385899, -0.2552973583267937, -0.6018305225504109, -0.16392472355731477, 0.04282108674113039, 0.6500010647794577, 0.3640885466965741, -0.04945009202175127], [-0.7252463486245906, -0.39970519993514164, -0.42059666739883095, -0.13021285614817665, -0.023633606580459356, 0.37418964491586226, -0.11828984253019931, 0.11316747067066746, 0.23400194440815475, 0.6897788317160102, 0.5740275191352705, 0.4760745536983828, 0.2756995449983782, -0.0024399496003070092]], "inverted": false, "swapped": true, "error_lsq": 0.04710283832914207, "error_max": 0.2868467088694023, "target": "319.xyz", "model": "8.xyz", "model_rescale": 4.121658175737393, "target_rescale": 4.273705136606916},
{"mapping": [3, 5, 10, 0, 6, 2, 9, 12, 14, 13, 1, 8, 15], "R": [[-0.23278534312089266, 0.5629598297290377, -0.7930240942994993], [0.5021157647015588, 0.7679085691519663, 0.3977388442950329], [0.8328809896175184, -0.30560212619422766, -0.4614288651561693]], "T": [-0.025901892183484494, 0.023627218005156887, 0.0554621105648953], "aligned_model": [[-0.4880215158978326, -0.3879374858087288, 0.30722206323685286, 0.00928291741782588, -0.7870364027041192, -0.5657420716169075, 0.38419114701213886, 0.2873942882686143, 0.7922645304645414, -0.13903880816800396, -0.24558962900814083, 0.35423328422511313, -0.044484820986156005], [0.3103882649878672, -0.21543600882162697, -0.15139081505868712, 0.7148713049461537, -0.30929683614799075, -0.0847201674880809, -0.5909890544804979, -0.1950906896529039, -0.09658291137507444, -0.7047052858108867, 0.6034337030797671, 0.47681928612466395, 0.03308664910900635], [-0.38500900871528454, -0.591096436167884, -0.5186003737583091, -0.5141652507355937, -0.23807720454543707, 0.3289259207780246, 0.04569584636041379, 0.4942838642482374, 0.02758385448472222, 0.3882965588960936, 0.08211992903815316, 0.3128940847321405, -0.011776350656188019]], "inverted": true, "swapped": true, "error_lsq": 0.05090217409105487, "error_max": 0.28989548211529437, "target": "319.xyz", "model": "9.xyz", "model_rescale": 3.833441315466971, "target_rescale": 4.273705136606916},
{"mapping": [4, 0, 9, 11, 5, 10, 3, 2, 12, 13, 8, 7, 1, 14, 15], "R": [[0.953712149568187, 0.29545560966160134, 0.05602783670212314], [0.29077087350066677, -0.95353949082883, 0.07883361309463677], [0.07671658809988605, -0.05889331158448374, -0.9953120831984937]], "T": [0.01562995369063628, 0.07744079676265195, 0.05423748276032378], "aligned_model": [[-0.025327617671115084, 0.12904957935973335, -0.47951459986722716, -0.7658440867037518, -0.5606594890217061, -0.5344600861613888, -0.02805292230825098, 0.17625184465548108, 0.12263148009391209, -0.27757679216051157, 0.4821026259798393, 0.6013455116942297, 0.47782527335688263, -0.17270283845646237, -0.021222864495132228], [-0.6825274704059806, -0.6128036974514018, 0.1400847824081955, 0.38854278986137913, 0.13009970572855936, -0.3330693624987162, 0.0075574273257485725, 0.6336057266104518, 0.20801514851001868, 0.7225248122655314, -0.2995812235837346, 0.3474315499692049, -0.08449150040441158, -0.4154428065057224, 0.05115565746585632], [0.03404258616188857, -0.5063249276990273, 0.5991525635406235, 0.07848485722652124, -0.46670058395244685, 0.05997984103553576, -0.6407512744358315, -0.15271712511416266, 0.6110656100447148, 0.44403664258423836, 0.2917552009511473, 0.26113174334644895, -0.32694792979409326, 0.6915917645750875, 0.0003229393514484688]], "inverted": true, "swapped": true, "error_lsq": 0.042668877450687724, "error_max": 0.26693352157774375, "target": "319.xyz", "model": "10.xyz", "model_rescale": 4.2482417240324, "target_rescale": 4.273705136606916},
{"mapping": [3, 6, 11, 13, 4, 14, 10, 12, 2, 8, 1, 15], "R": [[-0.06420766927842719, 0.6541542281069992, 0.7536309581324059], [-0.06449198957293772, -0.7563305854251436, 0.6510029407240674], [0.9958504699435333, -0.006803778376423708, 0.09074993175230656]], "T": [-0.014877141883732941, 0.0762009202901642, -0.12651176487401197], "aligned_model": [[-0.5995159837766676, -0.09825242165877089, 0.32192447024702026, 0.7216394725672685, -0.4668422462796472, 0.23635298843977745, -0.15379608829484748, 0.4844744742409689, 0.11715925415709864, -0.12749516888797346, -0.49231945667905824, -0.06656369171216193], [-0.30477927956269457, -0.7834284961513819, -0.33773625768675397, -0.24576103752671566, 0.62657087933605, 0.7886552121298019, 0.25242587607845, 0.3431182211112319, -0.42900211423327006, 0.6207961408001551, 0.08121560622332533, 0.05405663953244126], [-0.07310049753640446, 0.04788814213713957, 0.5240992923971238, -0.037457050087398386, 0.1426676849210802, 0.21100308098208373, 0.5221768420593916, -0.26052545565955054, -0.45098875142171047, -0.4534525088393724, -0.5229617492343852, -0.0841567398636401]], "inverted": false, "swapped": true, "error_lsq": 0.038824961779312356, "error_max": 0.2035756260865045, "target": "319.xyz", "model": "11.xyz", "model_rescale": 3.6694154284099745, "target_rescale": 4.273705136606916},
{"mapping": [1, 3, 5, 6, 2, 8, 7, 14, 11, 9, 10, 13, 4, 15], "R": [[0.251808122663056, -0.9607625509061891, 0.1163098883893369], [-0.8989041998141202, -0.18766544070414704, 0.39592034795127024], [-0.35855809699049324, -0.2042474066947997, -0.9108891743461471]], "T": [0.026648817859336357, -0.06866666251336158, -0.05426483280217725], "aligned_model": [[-0.13703766134192924, -0.013800651847772225, 0.12143052426058938, 0.6092775438346886, 0.5842625122076333, -0.3766307172247858, 0.26620541586752633, -0.4839045806962571, 0.36538733750609664, 0.08589319871180474, -0.36301983176449915, 0.6661397110487064, -0.7298606795379842, 0.003922729231991998], [-0.29970021287321963, 0.2879308800150089, 0.6773066005129164, 0.49383025418824006, -0.14665728396534733, -0.5721302864889067, -0.6976202700958654, -0.16376789444146428, 0.6003900970984889, 0.12279402447966635, 0.4396512552849901, -0.016766316950270907, 0.015859296296074896, -0.010132854924057404], [-0.6065139942015221, -0.6551003216604723, -0.2562531265402435, -0.40135341634278715, -0.3011118737222385, -0.06112195968025488, -0.130376281531514, 0.5898740888796621, 0.32743312214917697, 0.6569719433778382, 0.19255869813691687, 0.43808130512079074, -0.06789810969246904, -0.08609461464046775]], "inverted": true, "swapped": true, "error_lsq": 0.04214997831119116, "error_max": 0.26444452267417384, "target": "319.xyz", "model": "12.xyz", "model_rescale": 3.9764082729961374, "target_rescale": 4.273705136606916},
{"mapping": [10, 8, 3, 11, 1, 13, 14, 7, 2, 5, 12, 6, 0, 4, 9, 15], "R": [[-0.8644710324617824, 0.37407290740245475, -0.3357965068042474], [-0.3837380857143658, -0.92258162743559, -0.03985250670375484], [-0.324707430784598, 0.09440657109424783, 0.941091113403741]], "T": [0.160467416464309, 0.006261765459622047, 0.01142290835269302], "aligned_model": [[0.22186997021749158, -0.3282481707593384, -0.43206166999341805, 0.0964157266916674, 0.10335405030778291, 0.6529151432710121, 0.25392772938356795, -0.5273945526056631, -0.457305207446786, 0.5619038314754783, 0.6552834389497968, 0.5555767848726214, -0.17841750995482092, -0.03317258562407635, 0.3116980533684546, 0.10398453828878385], [-0.6237507918832281, -0.30026488671044066, 0.3268312869437001, -0.055762590228445964, -0.6243699843438522, 0.09419416123834762, 0.5149036534108382, 0.2144736327808266, -0.4501721279926629, 0.27541886959212664, -0.39660590672119345, 0.6578125217559578, -0.024100298159548974, 0.567521720248159, -0.2568946101156899, 0.09714362097418502], [-0.48401710107445745, -0.3970514763553423, -0.4931441445854198, -0.7776240225000669, 0.06004633693475073, -0.3410592561924417, -0.5979674749858745, 0.244933997461515, 0.22656146826260012, 0.6964244877908012, 0.003159885206141657, -0.043613485650631695, 0.6527832479753951, 0.41559432560186943, 0.5304384601170444, -0.00036045213185434237]], "inverted": true, "swapped": false, "error_lsq": 0.0437812045012419, "error_max": 0.30544196749873276, "target": "319.xyz", "model": "13.xyz", "model_rescale": 4.170626492500431, "target_rescale": 4.273705136606916},
{"mapping": [12, 13, 7, 2, 8, 0, 1, 9, 14, 11, 10, 3, 4, 15], "R": [[0.369177832583837, -0.29131429732693237, 0.8825212224652822], [-0.1593689172224656, -0.9553801952738585, -0.24869706613030823], [0.915592308919226, -0.048833007806192305, -0.3991316339211426]], "T": [-0.0969296811948415, -0.004339390259626961, 0.04245514472097239], "aligned_model": [[0.2737284089551434, 0.02691403283655011, -0.23214319739894276, -0.5728610339135146, 0.125175703114981, -0.2857521705516196, -0.4865970957434269, 0.4846496110169013, 0.7174518377454141, 0.02833604972408671, 0.2680453718019067, -0.6302333993740621, 0.24472673710155465, -0.11825783322332871], [-0.22907759513290135, -0.7945345771330405, -0.0303017629533742, -0.3419926809809202, 0.45408120651639194, 0.7932277407768712, 0.45079868732216505, -0.4380806871682214, 0.14192637758131355, -0.6245605506409184, 0.09433726166864517, 0.23777494934759155, 0.6254007936956402, 0.017075305026423602], [-0.34569672091749354, -0.0771327685745209, -0.6207237278374169, -0.15100966741464253, -0.3533690321371139, 0.4054488475631151, -0.11927777556935842, 0.18266519194981543, 0.038844842404794355, 0.597169728954581, 0.6153484563715839, 0.42555962438836586, 0.3000115776684583, 0.10603452427069826]], "inverted": false, "swapped": true, "error_lsq": 0.041692287272485286, "error_max": 0.25159214376986316, "target": "319.xyz", "model": "14.xyz", "model_rescale": 3.9786697098870705, "target_rescale": 4.273705136606916},
{"mapping": [10, 3, 9, 14, 11, 13, 1, 2, 12, 8, 6, 15], "R": [[-0.0656179642364505, 0.15725581236421515, 0.9853755082440069], [0.10020349245707577, 0.9835505205010421, -0.15029182852548628], [-0.9928008576088504, 0.08887622347849944, -0.08029616448704864]], "T": [-0.009414553863364837, -0.09863653184731133, 0.06911321727222004], "aligned_model": [[-0.019697208990555333, -0.7056403210512484, 0.5578815966352048, 0.5871233827723257, 0.07367935449226923, 0.44884468598306043, -0.42157313639920585, -0.17081878574899365, 0.5524031998124475, 0.17425294225242843, -0.5290782746362216, -0.06402283835417466], [-0.26931758615695356, -0.0774208775369745, 0.09193012654609442, -0.5445487086545052, 0.4805386490580851, 0.5672353680398678, -0.3844249282984421, 0.37323760384591287, -0.0741738748912234, -0.6455131076623593, 0.6006883611782908, -0.10355653524335387], [-0.5956520512121085, 0.0011365394755454422, -0.36434297365790264, -0.29134314381169074, -0.5356392720208966, 0.04342178085104022, 0.4346254556821051, 0.42860244487632493, 0.21850846951013742, 0.3578159813196745, -0.06212629568762716, 0.02495955854922781]], "inverted": false, "swapped": true, "error_lsq": 0.043437794309277356, "error_max": 0.22995085782498825, "target": "319.xyz", "model": "15.xyz", "model_rescale": 3.769337070930944, "target_rescale": 4.273705136606916},
{"mapping": [12, 2, 14, 9, 8, 1, 4, 3, 10, 11, 15], "R": [[0.08213450778478507, 0.8715597270683894, 0.4833606984265743], [-0.5171464890946725, 0.4518659442178772, -0.7268952312906862], [-0.8519468477833608, -0.19026510612448377, 0.48783783980277107]], "T": [-0.03151022920629928, -0.0907020070824753, -0.0664450459189381], "aligned_model": [[-0.386059010943746, -0.2920684605373795, -0.056120274366914545, -0.5460792376772583, 0.3027790921740734, 0.4613194745781684, 0.5487261857253148, 0.37203152521582544, 0.08154389516222033, -0.5671431676867024, 0.003696109047569014], [0.14902219901346034, -0.6461680552718188, 0.718311721584312, 0.42568635796623766, 0.11935221829830112, -0.42289283137337497, 0.39770187127786594, -0.48533431715797815, 0.395473852315001, 0.03950500471734636, -0.09459352374401056], [-0.46063284088738154, -0.10537971125391285, -0.23824463853255937, 0.054330096726007054, -0.576626284582228, -0.2450984546636733, 7.170380361758155e-05, 0.3473431171437953, 0.4047262776801853, 0.5693360094624283, -0.005607667672501773]], "inverted": true, "swapped": true, "error_lsq": 0.04072831138255146, "error_max": 0.22279537922128156, "target": "319.xyz", "model": "16.xyz", "model_rescale": 3.7852294659196426, "target_rescale": 4.273705136606916},
{"mapping": [9, 2, 7, 13, 5, 3, 0, 1, 12, 14, 4, 8, 15], "R": [[0.44373316932187096, 0.20852096517227803, -0.8715617485452133], [-0.3063347996387532, 0.9492612592916186, 0.07114810003348747], [0.8421756734635909, 0.2354189216943104, 0.48509593518646954]], "T": [-0.037039056045920324, 0.003512933450839195, 0.00042670622170449656], "aligned_model": [[0.2229739289875733, -0.22808245073283429, 0.36489560190483644, 0.09240040973588086, -0.7588159734368044, -0.6644133164757388, -0.39045398250492575, -0.15206935370467356, 0.4866760038676607, 0.5158850572957464, 0.03241485392851763, 0.4297627607896038, -0.09740768943855929], [-0.13646104072154877, -0.5164728489929331, -0.2989983622637373, -0.6905285330700648, 0.034148768635534836, 0.17733942473072373, 0.7692383815884896, 0.21730383783517476, -0.21004727645775856, 0.39649594510858793, 0.7581838849349043, 0.3369714228320094, 0.03788201954349188], [-0.6769397952276479, 0.26700922285220485, 0.45396656496741417, -0.3940334759475524, -0.29001860523962697, 0.2573063276164505, 0.3042261748356258, 0.5715750065382978, -0.13621561549974373, -0.47334881546561247, -0.07227152607569676, 0.29548352097431885, -0.010984287185258072]], "inverted": true, "swapped": true, "error_lsq": 0.04648985051016577, "error_max": 0.2510767116332954, "target": "319.xyz", "model": "17.xyz", "model_rescale": 3.901054581598922, "target_rescale": 4.273705136606916},
{"mapping": [11, 9, 5, 6, 14, 3, 12, 13, 10, 1, 8, 7, 2, 3, 15], "R": [[-0.6266878531895677, 0.7109837916796602, 0.3190053018892711], [-0.2007143641971966, 0.24828271620728487, -0.9476652556877077], [-0.752978139569514, -0.6579192509735119, -0.012891102702522916]], "T": [0.03596151000257598, -0.0017315553825903995, 0.11336763079239913], "aligned_model": [[0.0166752229031084, 0.1272256033270025, -0.34540676029625217, 0.11814018804021105, -0.18554745507151177, -0.3217239759094701, 0.4114422567407443, 0.6250393491569245, -0.5078767671244077, -0.08368038458383399, -0.009607847127861377, 0.5622755717871838, 0.4754364720243548, -0.3217239759094701, -0.021581286867688232], [-0.04258278185294649, -0.5609328256809952, 0.39482514949278885, 0.673676596994058, -0.7982773754499862, 0.5996128698010982, -0.44362500058511367, -0.1693200434942912, -0.25294415820114335, 0.3655931902428339, -0.27821971622843156, 0.009432063485739939, 0.4204317063506442, 0.5996128698010982, 0.03147480515175219], [-0.7268902329105353, -0.36096310580780944, -0.4375951393230439, -0.44645376129068876, 0.14611671385313102, 0.09764417453086582, 0.1613357789525069, -0.41478799583581977, -0.22171858795799881, 0.5990704714701728, 0.6944310996803339, 0.5395505008722897, 0.032195166440712644, 0.09764417453086582, 0.09008714764699324]], "inverted": false, "swapped": true, "error_lsq": 0.04158291304328429, "error_max": 0.3809516183572961, "target": "319.xyz", "model": "18.xyz", "model_rescale": 3.9405287249114394, "target_rescale": 4.273705136606916},
{"mapping": [5, 6, 1, 2, 9, 10, 3, 0, 8, 13, 11, 14, 4, 12, 7, 15], "R": [[-0.5782539415927004, -0.428783604242, -0.6940943738179599], [0.2299381428483659, 0.7306151414813307, -0.6429074315184575], [0.7827840248088553, -0.5313625276319882, -0.3238873797056537]], "T": [0.09531781332615073, 0.06808780429823086, 0.06877599123282349], "aligned_model": [[0.09470788880451068, -0.4045589916172618, -0.3403765300766318, 0.07785183851943582, 0.4090247265919845, 0.5710788502158907, 0.16324346095691727, -0.5893867948646807, -0.37698187408962297, 0.6248157850613335, 0.7415939803656653, 0.7355129906938598, -0.3369383760869208, 0.061206307201421215, 0.024745656398518168, 0.10479065236813462], [-0.6596898345562929, -0.251293954335225, 0.3626825841032218, -0.17078614036406903, -0.5969367535218775, 0.1832507434851364, 0.7747963123024033, 0.04441295474571383, -0.522789109946926, 0.08359065478212713, -0.21459388419689063, 0.5005333888533608, 0.19694879387491693, 0.5843970599311064, -0.3591031676390259, 0.060958623271399184], [-0.33322149524474165, -0.3855387980091586, -0.3298513771425876, -0.7666636901916168, 0.2886399423979185, -0.546279266578992, -0.4017320171819355, 0.12616378590082533, 0.0771206311316438, 0.4819604596330389, -0.0783001142570788, 0.015111167091817368, 0.6442883374909091, 0.24877660208490227, 0.6238912883587687, 0.03073934039031674]], "inverted": true, "swapped": false, "error_lsq": 0.04671997361389341, "error_max": 0.31009955992168653, "target": "319.xyz", "model": "19.xyz", "model_rescale": 4.410303926677745, "target_rescale": 4.273705136606916},
{"mapping": [4, 14, 10, 1, 5, 7, 3, 9, 12, 13, 2, 6, 11, 15], "R": [[0.7293393465653685, 0.2794337416651311, 0.6244845086714533], [0.5694405642115075, 0.2579961343165833, -0.7804969176801275], [-0.37921176324328554, 0.9248539228963268, 0.029045824505322997]], "T": [-0.096860822895516, -0.11034927538283268, 0.03284037125196829], "aligned_model": [[-0.07922563108115398, 0.424718834051506, 0.3516613461297576, -0.6953923014996798, 0.06878988741230403, -0.4513072546100751, -0.46622701423227014, 0.6232519831753278, 0.14091376887124113, 0.37176322512742377, -0.34506304267399407, -0.1385779438513698, 0.5542937177448719, -0.09841168510301669], [-0.17839814576463392, -0.5851997337608317, 0.14336972932949638, -0.09238778085211274, 0.6483532248291531, -0.57576452779935, 0.4645676984385899, -0.2552973583267937, -0.6018305225504109, -0.16392472355731477, 0.04282108674113039, 0.6500010647794577, 0.3640885466965741, -0.04945009202175127], [-0.7252463486245906, -0.39970519993514164, -0.42059666739883095, -0.13021285614817665, -0.023633606580459356, 0.37418964491586226, -0.11828984253019931, 0.11316747067066746, 0.23400194440815475, 0.6897788317160102, 0.5740275191352705, 0.4760745536983828, 0.2756995449983782, -0.0024399496003070092]], "inverted": false, "swapped": true, "error_lsq": 0.04710283832914207, "error_max": 0.2868467088694023, "target": "319.xyz", "model": "20.xyz", "model_rescale": 4.121658175737393, "target_rescale": 4.273705136606916},
{"mapping": [0, 1, 7, 8, 12, 3, 2, 10, 6, 11, 13, 9, 15], "R": [[-0.024065885109388924, -0.5265606603035502, 0.8497968605464432], [-0.6590122363858406, 0.6475584724740636, 0.38258449657662597], [-0.7517471020679991, -0.5508192950031314, -0.36259398613961974]], "T": [0.14108394681510691, -0.04226682701993997, 0.07830362614280313], "aligned_model": [[0.08613026886123323, -0.018681514932050086, 0.23496329419066478, 0.6080414563273926, 0.5364301600608065, -0.392915442882938, -0.3195128619534163, 0.3045026074972369, -0.6930771263718668, -0.11628882454555303, 0.05843157322721024, 0.4860545330044018, 0.10700478218117279], [-0.7959431558420631, -0.1552054805244097, 0.5086817626756642, -0.03049595484944838, 0.36535003249077214, -0.4411491936347617, 0.36056485042611797, -0.5880297711977142, -0.0439385370254845, -0.11345136822545167, 0.5213155991438339, 0.056502874710291334, -0.10337475398416285], [0.5604693382711955, 0.6672592771970927, 0.46093305054289563, 0.5232408746978174, -0.04860744050163161, 0.2917017540969164, 0.1376858639623786, -0.304564193846059, -0.20542513133502277, -0.7196726133182026, -0.4957960184564683, -0.5676566542163773, 0.0705416323872545]], "inverted": false, "swapped": true, "error_lsq": 0.04945879773645799, "error_max": 0.35036540909657543, "target": "319.xyz", "model": "21.xyz", "model_rescale": 4.08911054899281, "target_rescale": 4.273705136606916},
{"mapping": [9, 10, 6, 5, 14, 11, 8, 7, 12, 4, 15, 1, 13, 0, 3, 16], "R": [[-0.5337519344606171, -0.23851043133623248, 0.8113086013369718], [-0.6711049730093471, -0.4642596321724839, -0.5779974992482177], [0.5145162656920309, -0.852980520339635, 0.08773394017968777]], "T": [0.15726924511124948, 0.016358404432118376, -0.01906413028208714], "aligned_model": [[0.03811317400916869, -0.5118014701949685, -0.29021537389092655, 0.018042656215646907, 0.3070210734324958, 0.672028893064654, 0.26057360110495364, -0.5290857495874998, -0.28850049369516484, 0.22478921258316742, 0.8411385190761352, 0.6978592870087209, -0.20261840784010846, -0.06182616760465326, 0.24812369365711998, 0.13668712310381306], [-0.5790100008623793, -0.17860304658809717, 0.5561997177863375, -0.13277853148257007, -0.5726664623049957, 0.08560187395006653, 0.4750171128881847, 0.12941599806170778, -0.5453106840890689, 0.22965926804065007, -0.23454476285872328, 0.5949154515122992, -0.11793030920939153, 0.6745975183279714, -0.4049222475381555, 0.03673737515524211], [-0.39173812220951054, -0.425843947567378, -0.2718347787044026, -0.6944182486811983, 0.1869617958214802, -0.5813104081945794, -0.5286938166723251, 0.1290270233503971, 0.15639720733485024, 0.6414174981105615, -0.048685653948792776, -0.07413255264182737, 0.5186880288673762, 0.32560653461953276, 0.7349563633050595, 0.018707873084785696]], "inverted": false, "swapped": false, "error_lsq": 0.0415278907081318, "error_max": 0.24518367027435597, "target": "319.xyz", "model": "22.xyz", "model_rescale": 4.204369325754507, "target_rescale": 4.273705136606916},
{"mapping": [5, 6, 1, 2, 9, 10, 3, 0, 8, 13, 11, 14, 4, 12, 7, 15], "R": [[-0.5782539415927004, -0.428783604242, -0.6940943738179599], [0.2299381428483659, 0.7306151414813307, -0.6429074315184575], [0.7827840248088553, -0.5313625276319882, -0.3238873797056537]], "T": [0.09531781332615073, 0.06808780429823086, 0.06877599123282349], "aligned_model": [[0.09470788880451068, -0.4045589916172618, -0.3403765300766318, 0.07785183851943582, 0.4090247265919845, 0.5710788502158907, 0.16324346095691727, -0.5893867948646807, -0.37698187408962297, 0.6248157850613335, 0.7415939803656653, 0.7355129906938598, -0.3369383760869208, 0.061206307201421215, 0.024745656398518168, 0.10479065236813462], [-0.6596898345562929, -0.251293954335225, 0.3626825841032218, -0.17078614036406903, -0.5969367535218775, 0.1832507434851364, 0.7747963123024033, 0.04441295474571383, -0.522789109946926, 0.08359065478212713, -0.21459388419689063, 0.5005333888533608, 0.19694879387491693, 0.5843970599311064, -0.3591031676390259, 0.060958623271399184], [-0.33322149524474165, -0.3855387980091586, -0.3298513771425876, -0.7666636901916168, 0.2886399423979185, -0.546279266578992, -0.4017320171819355, 0.12616378590082533, 0.0771206311316438, 0.4819604596330389, -0.0783001142570788, 0.015111167091817368, 0.6442883374909091, 0.24877660208490227, 0.6238912883587687, 0.03073934039031674]], "inverted": true, "swapped": false, "error_lsq": 0.04671997361389341, "error_max": 0.31009955992168653, "target": "319.xyz", "model": "23.xyz", "model_rescale": 4.410303926677745, "target_rescale": 4.273705136606916},
{"mapping": [8, 4, 5, 15, 10, 14, 6, 2, 3, 7, 11, 13, 0, 12, 1, 16], "R": [[-0.7650577591597932, -0.5655177778569063, -0.308019915065865], [0.5775482386547011, -0.8141324894666769, 0.06021894736413083], [-0.28482390555613235, -0.13182538648749745, 0.9494721745797364]], "T": [0.2133334405972403, -0.020899525265250275, -0.06259746217259578], "aligned_model": [[-0.08150669296697904, -0.38745446714582715, -0.2739419154429211, 0.2400555290532892, 0.2028865600437164, 0.7541722215277349, 0.2681336368696986, -0.6629544994916525, -0.4077753282775916, 0.4573545156820687, 0.7720247167200018, 0.5787847301570065, -0.2395710089918225, -0.08753375691137338, 0.2836355105555717, 0.14401981906163377], [-0.5947842137073668, -0.3192486716813822, 0.2739006174140712, 0.07006633223283978, -0.671794335425136, 0.15501891092986556, 0.6366177071739263, -0.01538646636261531, -0.46439888026057796, 0.20381142706787123, -0.28653847065701443, 0.5764990300965591, 0.2467315446725469, 0.6976623235956414, -0.4166427499667777, -0.07513583433337281], [-0.5719424604458507, -0.217277938424847, -0.3295387229400504, -0.7699342515402445, -0.06587695439574975, -0.4296071444194228, -0.44017674827529424, 0.19232017828149428, 0.41362013932862984, 0.5135011400634139, 0.0716467007777329, -0.0013851689639276937, 0.4792853489891401, 0.13570441277725814, 0.6955451818151617, 0.01922108324658564]], "inverted": true, "swapped": false, "error_lsq": 0.0429762483298402, "error_max": 0.26569453356909234, "target": "319.xyz", "model": "24.xyz", "model_rescale": 4.28219845311461, "target_rescale": 4.273705136606916},
{"mapping": [10, 6, 1, 8, 14, 5, 5, 0, 2, 7, 11, 9, 4, 3, 13, 15], "R": [[0.20637723870854546, -0.4582215870264923, 0.8645469406145389], [0.018425709998108553, -0.8815913032977497, -0.47165375770881], [0.978298997522793, 0.11326849134996901, -0.1734973207666341]], "T": [0.14810037495968725, -0.03668649203524001, 0.08991695045347053], "aligned_model": [[0.22928419382413956, -0.46298152116128494, -0.15072948597882385, -0.018754023364492306, 0.21796473581642423, 0.44511167100110105, 0.44511167100110105, -0.6676069261859865, -0.26223352031707087, 0.36036261002906067, 0.5768831444304603, 0.7227173545126715, -0.3262787685495367, 0.07977354131354397, 0.29752160184620297, 0.07418329222504383], [-0.4954022900955577, -0.4949135042014998, 0.4354654535256566, -0.00022360035793048127, -0.7868810752118094, 0.3986642976639998, 0.3986642976639998, -0.04061114288275349, -0.5054939874174138, 0.3244110629978575, -0.23101494528156452, 0.3078519681147725, 0.2907337098708985, 0.7293186426863539, -0.2778843847602327, -0.03630623152569776], [-0.5524955517539101, -0.38841771953753207, -0.2225740947961518, -0.5829694621149724, -0.02175974071009283, -0.5790633637906704, -0.5790633637906704, 0.0772533013280262, 0.3738635141735039, 0.745736517912919, -0.1836865219522345, 0.17926044582796996, 0.5398158419979047, 0.18272278132561726, 0.6118492549123495, 0.09463295684197243]], "inverted": false, "swapped": false, "error_lsq": 0.05152724962001125, "error_max": 0.2888897493001743, "target": "319.xyz", "model": "25.xyz", "model_rescale": 4.100010024507729, "target_rescale": 4.273705136606916},
{"mapping": [3, 6, 11, 13, 4, 14, 10, 12, 2, 8, 1, 15], "R": [[-0.06420766927842719, 0.6541542281069992, 0.7536309581324059], [-0.06449198957293772, -0.7563305854251436, 0.6510029407240674], [0.9958504699435333, -0.006803778376423708, 0.09074993175230656]], "T": [-0.014877141883732941, 0.0762009202901642, -0.12651176487401197], "aligned_model": [[-0.5995159837766676, -0.09825242165877089, 0.32192447024702026, 0.7216394725672685, -0.4668422462796472, 0.23635298843977745, -0.15379608829484748, 0.4844744742409689, 0.11715925415709864, -0.12749516888797346, -0.49231945667905824, -0.06656369171216193], [-0.30477927956269457, -0.7834284961513819, -0.33773625768675397, -0.24576103752671566, 0.62657087933605, 0.7886552121298019, 0.25242587607845, 0.3431182211112319, -0.42900211423327006, 0.6207961408001551, 0.08121560622332533, 0.05405663953244126], [-0.07310049753640446, 0.04788814213713957, 0.5240992923971238, -0.037457050087398386, 0.1426676849210802, 0.21100308098208373, 0.5221768420593916, -0.26052545565955054, -0.45098875142171047, -0.4534525088393724, -0.5229617492343852, -0.0841567398636401]], "inverted": false, "swapped": true, "error_lsq": 0.038824961779312356, "error_max": 0.2035756260865045, "target": "319.xyz", "model": "26.xyz", "model_rescale": 3.6694154284099745, "target_rescale": 4.273705136606916},
