[{"mapping": [3, 7, 11, 6, 10, 0, 8, 1, 5, 9, 2, 12], "R": [[0.8405499599221047, 0.49898872014969275, -0.2109170975485868], [0.08871326974078633, 0.25729535423788635, 0.9622520753209625], [0.5344209208543833, -0.8275320887137687, 0.17200267876454964]], "T": [-0.09169641147931286, -0.03352619788262282, 0.01733998253010206], "aligned_model": [[-0.22947274586470878, 0.20330086853795148, 0.3963686231515181, -0.12425898270940729, -0.13586877347638648, -0.5534824034365492, 0.2626688676694259, -0.336692417870611, 0.7441380126670492, 0.17886067588377386, -0.5486573213080804, -0.019261940783426662], [-0.3509475378657122, -0.6882892947831571, -0.278039306069264, 0.6869679853770513, 0.3231882911979958, -0.6528538268711656, -0.3423621379191992, -0.4724517677879491, 0.20993031698969014, 0.4288963344097887, 0.14340074303900627, 0.04611523625997254], [-0.4592100894110428, -0.034326011539029644, -0.5480539559094803, 0.023088626674722734, -0.6152888339221306, 0.02249792401301628, 0.6021060597195526, 0.5627534210246251, -0.23258228472334586, 0.5355920888821092, 0.30363923934625797, 0.0217355611983076]], "inverted": false, "swapped": true, "error_lsq": 0.036963255767657154, "error_max": 0.25928491713555013, "target": "32.xyz", "model": "0.xyz", "model_rescale": 3.751011558992144, "target_rescale": 3.9765860457182933},
{"mapping": [10, 4, 6, 9, 11, 3, 7, 5, 8, 1, 12, 13, 14], "R": [[-0.4655161879876182, -0.0837715365912435, -0.8810658365744404], [0.2417356098850675, 0.9456216256133638, -0.21763188205277673], [0.851386265824726, -0.3142961514709991, -0.4199516109452943]], "T": [0.1191789765270067, 0.019414496331952257, -0.04858372586291692], "aligned_model": [[-0.46241048548159536, 0.16056272543735284, -0.21186255495357587, -0.367748836684897, -0.6260454032493276, 0.41315263252835005, 0.11696089957306392, 0.14053357341502787, 0.5553279810014152, 0.464386334028023, -0.21963372646282753, 0.09525724510741967, 0.0771252693852571], [-0.4562059784451431, -0.7633568198642688, -0.32000260946678516, 0.24387251356744571, 0.06608998295170296, 0.6942098523877375, 0.1550522077689114, 0.12340097874246783, -0.32018875476980646, -0.3584546348712174, 0.601529394498172, 0.6479960526897922, 0.05424947045905301], [-0.3772060163153693, -0.1540845399657913, 0.5335960384679466, -0.43161051938221917, 0.23282880346451607, 0.15546677410100088, 0.6004729089294676, -0.664064708236262, -0.4158192495762022, 0.4244198147652304, 0.26498174051191375, -0.41164732369836987, -0.04391224466658649]], "inverted": false, "swapped": false, "error_lsq": 0.04480221526705182, "error_max": 0.23937208607255767, "target": "32.xyz", "model": "1.xyz", "model_rescale": 3.9405287249114394, "target_rescale": 3.9765860457182933},
{"mapping": [6, 7, 3, 11, 10, 2, 8, 0, 1, 4, 9, 5, 12], "R": [[-0.1566800908984447, -0.4099752465478301, 0.8985386170522119], [0.9239456363575689, 0.26060545095368404, 0.28001653520646635], [-0.3489639095549314, 0.8740738505133725, 0.3379631543184326]], "T": [0.04139102173950932, -0.01591138474994193, -0.04196035729252694], "aligned_model": [[-0.22330488909255947, 0.05040118337685643, -0.24648010175007962, -0.536376076321339, -0.6199468786291326, 0.5211962941832017, -0.012320342556977108, 0.19343249830952805, 0.7647828836873446, 0.4256332096373024, -0.3264276043663949, 0.030190099245723877, 0.11482537792021213], [-0.2709724570888407, -0.8073170312708169, -0.40557155601111816, 0.3022832183207377, 0.09129424653804473, 0.4522188737568478, 0.20873514273735122, 0.09645238116805505, -0.2395527014369654, -0.304311684659642, 0.5831644239157755, 0.6320096416708095, 0.0297591580078235], [-0.442254770887741, -0.09201805198860565, 0.26151096880343866, -0.3113145182260854, 0.47051037696310954, -0.16365912116139802, 0.6978631332395551, -0.8587759801763043, -0.274156627496001, 0.46880272862336264, 0.353259506645435, -0.3708207581222969, -0.0255254078171938]], "inverted": true, "swapped": false, "error_lsq": 0.04826605205227926, "error_max": 0.30270920033733734, "target": "32.xyz", "model": "2.xyz", "model_rescale": 3.932901565614263, "target_rescale": 3.9765860457182933},
{"mapping": [2, 0, 7, 6, 5, 11, 9, 1, 3, 8, 12, 10, 13], "R": [[-0.020576084966846597, -0.9959722618866289, -0.0872689995351702], [-0.7906661741552103, 0.06963281322731296, -0.6082748329240761], [0.6119016471412704, 0.05648473133938564, -0.7889143485520578]], "T": [0.06079641779974187, -0.05899836886231824, -0.02675455700074454], "aligned_model": [[-0.458274346681516, 0.07215421518339127, -0.0650316941738105, -0.5145649282977446, -0.5565666468474337, 0.7446336644288732, -0.04304340841163177, 0.17142999402843, 0.49561083841487097, 0.6072941459294199, -0.322424946657691, 0.019023269271582016, -0.014634502543053186], [-0.3021423286688608, -0.6116712969316863, -0.500557368335971, 0.23096042210179935, 0.05274749001655195, 0.5150121606026757, 0.15701104001955818, -0.01493852243668109, -0.3247360162552084, -0.02875220998228556, 0.5631245301544826, 0.6054684667693054, 0.02666528859438161], [-0.6314415912992621, -0.40540210309186864, 0.5199953708164798, -0.25385691639243835, 0.3242089668696683, -0.050987397392127945, 0.6677597806163699, -0.7579095081950545, -0.05846260746810199, 0.4623386126039978, 0.1951334654381645, -0.2911108860510879, -0.006843708055464165]], "inverted": true, "swapped": false, "error_lsq": 0.04591793197696769, "error_max": 0.2661945952183319, "target": "32.xyz", "model": "3.xyz", "model_rescale": 3.9243930471874484, "target_rescale": 3.9765860457182933},
{"mapping": [3, 6, 0, 4, 2, 9, 1, 10, 6, 5, 7, 8, 12], "R": [[-0.9030087413439958, 0.16148638610280105, 0.3981172693563916], [0.09843955716550115, 0.9797871435671277, -0.17414593559893557], [-0.4181923799418069, -0.11806481441998563, -0.9006530036337976]], "T": [0.11676307554847495, 0.1199559034246151, -0.11169802305059023], "aligned_model": [[-0.28921494202561726, 0.3565738073773075, -0.22130110632362812, -0.4290106331759259, -0.7148181275607388, 0.6287182158678136, 0.13542636135377004, 0.1531844996807645, 0.3565738073773075, 0.4017213956985177, -0.4399925532855292, 0.06345034875872721, 0.13429457990091764], [-0.39368613619575216, -0.5430015111964548, -0.3488705801872387, 0.272056359115124, -0.04775155940174802, 0.5963532522819589, 0.29276084490571047, 0.13129333640828383, -0.5430015111964548, -0.36979006661210256, 0.5646083348215267, 0.7065248502162973, 0.050696042688911605], [-0.2676052863384597, -0.26820615074809095, 0.5121903408093889, -0.288796243493453, 0.2510159136286533, -0.018773903043053097, 0.5810865278345674, -0.8157382647956406, -0.26820615074809095, 0.3908661423899464, 0.25603305250142744, -0.3340288412881115, -0.016415658309808553]], "inverted": false, "swapped": false, "error_lsq": 0.05707400758353316, "error_max": 0.3416914350302858, "target": "32.xyz", "model": "4.xyz", "model_rescale": 3.8936222436046832, "target_rescale": 3.9765860457182933},
{"mapping": [11, 5, 10, 3, 6, 9, 8, 2, 0, 7, 4, 12], "R": [[0.6339550091399004, 0.28417841277667766, 0.7192660676677006], [0.6393573162911772, 0.3306760726786425, -0.6941725700881396], [-0.43511293762812037, 0.8999422007382238, 0.02794220533655214]], "T": [-0.05194051570862252, 0.006777758704572614, 0.044123317414043135], "aligned_model": [[0.02221952079143199, -0.632228231879234, -0.17804449869735584, 0.3892077198423809, -0.628085016578484, -0.6911241936818321, -0.11650670644623673, -0.02339520902446552, 0.6971468453265606, 0.343402124277908, 0.0011996885923657372, -0.15624400030794192], [-0.5651985180954929, -0.5874387465687643, 0.19947331415653388, -0.06776575987296249, 0.41381408825907534, 0.047049984993537214, -0.42648431279086757, 0.5024563564813471, 0.07314922168978524, -0.5907932216825772, 0.6832366323416379, -0.012576133801444848], [-0.48973796746504755, -0.3171581659381976, -0.6460808930002641, -0.338852001071057, -0.10615700932854094, 0.42549368232823814, 0.6532381985104515, 0.3190261605445969, 0.22104864967425872, 0.11497953542725417, -0.24179623930851124, 0.025280768902337034]], "inverted": true, "swapped": true, "error_lsq": 0.03806807857654089, "error_max": 0.247229977735342, "target": "32.xyz", "model": "5.xyz", "model_rescale": 3.6523030999806103, "target_rescale": 3.9765860457182933},
{"mapping": [0, 3, 4, 1, 2, 9, 10, 5, 7, 11, 6, 8, 12], "R": [[0.10001479512176775, -0.4429267401883947, -0.8909618081505142], [-0.9026576203005935, 0.33631273620621255, -0.2685199508020971], [0.418576470038655, 0.8310894333894359, -0.36617494785745003]], "T": [0.013373686740768559, 0.10902426638077328, -0.010633867003349104], "aligned_model": [[-0.2969945377872172, -0.07502850159473301, -0.06246214284561189, -0.6132364659286761, -0.6221085288242751, 0.6368928386222225, 0.09104414534037258, 0.10180873190838233, 0.5045196086579126, 0.6405837124031327, -0.3358610026356701, 0.133858716798338, 0.03258907952950892], [-0.5137074016552392, -0.5665209972300018, -0.22102955337722396, 0.05581820812993779, -0.10659566173412033, 0.43603809050804704, 0.41648916935246116, 0.14916110204818242, -0.3016175740474667, -0.3423501696696985, 0.6294328726870102, 0.6952865233431056, 0.03778704729306781], [-0.7198873938378153, -0.14651746740649774, 0.45244820449264234, -0.30542819858119125, 0.3441647160115635, 0.15352672889996377, 0.7021814491680497, -0.6847791089175482, -0.24931151985558098, 0.4105996849956744, 0.16209272704242078, -0.31963714572373714, -0.08603119788866931]], "inverted": false, "swapped": false, "error_lsq": 0.05944364028300772, "error_max": 0.29025961704315845, "target": "32.xyz", "model": "6.xyz", "model_rescale": 4.08911054899281, "target_rescale": 3.9765860457182933},
{"mapping": [8, 4, 6, 9, 0, 13, 2, 10, 5, 7, 1, 11, 14], "R": [[0.4629004645248495, 0.868875711466865, 0.1754370484408238], [0.5209448447980218, -0.42679738014289614, 0.7392296429266927], [0.7171747545898726, -0.2507967191294766, -0.6502010281850121]], "T": [0.06168231235806446, 0.01872782586865552, -0.07402712654071363], "aligned_model": [[-0.30616116119536013, -0.0005276675890188917, -0.05450699695067706, -0.6423214808577471, -0.6376154577337619, 0.4832319775071646, 0.07229979293296619, 0.28499795536117073, 0.6159901361833441, 0.5986731268945586, -0.29609712243587855, 0.07995918396893262, -0.06231663244200695], [-0.23066744746582757, -0.6638377219129371, -0.2577570810878226, 0.2804682314189162, -0.050266807380305305, 0.5699628664424209, 0.2246272177005459, -0.022713549194425635, -0.47647790817627633, -0.18430427902921317, 0.5869453840010139, 0.47641513036331035, 0.11579761996866153], [-0.5913685514117107, -0.23859833021515048, 0.32497050137341416, -0.2985887598352827, 0.5511756824991446, 0.15906155230908453, 0.7054805724852511, -0.7579040412885165, -0.24140498349446726, 0.44530686427986066, 0.22104700232188546, -0.4410684732929477, -0.12468755733129022]], "inverted": false, "swapped": false, "error_lsq": 0.04661760327890417, "error_max": 0.2535415145839411, "target": "32.xyz", "model": "7.xyz", "model_rescale": 3.964800864290218, "target_rescale": 3.9765860457182933},
{"mapping": [9, 10, 6, 12, 4, 1, 0, 8, 5, 3, 2, 7, 13], "R": [[0.39170879613986975, 0.8922518545028211, 0.22461266029084498], [-0.779146546708174, 0.19182543944522754, 0.5967693520401096], [0.48938213880298176, -0.40876598307334966, 0.7703346631839288]], "T": [-0.02950409186862729, 0.013619119572102259, 0.042772664142095386], "aligned_model": [[-0.25309207335320844, 0.14750135860152566, -0.2581624909540623, -0.5818765316557344, -0.6610894887071583, 0.4662668313669907, 0.28765847960677743, 0.23688819965129398, 0.6530183501825622, 0.38874713859194043, -0.21960958811603193, -0.06813304560735409, -0.0025114859638541535], [-0.27244180816767477, -0.716593372163749, -0.2871965391869618, 0.21476902387161417, 0.09594022019924457, 0.5693700902465104, 0.24686538259085497, 0.029948282879237557, -0.3487445987980453, -0.33337082278929686, 0.5654293187392221, 0.6143534508287061, -0.010136972601600224], [-0.5420643105311231, -0.2897822943595168, 0.48292161523885174, -0.4316726341300081, 0.3417986126912022, -0.049270485743981095, 0.6412402543803962, -0.678216993794643, -0.2764864385845483, 0.5230086309549328, 0.35578086235064627, -0.33733157438260836, -0.02650376569032558]], "inverted": true, "swapped": false, "error_lsq": 0.04988785708700394, "error_max": 0.2681752065539804, "target": "32.xyz", "model": "8.xyz", "model_rescale": 4.121658175737393, "target_rescale": 3.9765860457182933},
{"mapping": [7, 9, 6, 11, 8, 0, 2, 5, 4, 1, 3, 10, 12], "R": [[-0.8730767934576855, -0.21274670656688516, -0.4387205848493886], [-0.07750966266695564, 0.9489035801175081, -0.3058990811255088], [0.4813825556861203, -0.23306830433398604, -0.844955620489017]], "T": [-0.04767870778635923, 0.026880259376724225, -0.04405451463991026], "aligned_model": [[-0.5042370227819649, 0.0779871092946995, -0.10116748344221689, -0.5939426505416305, -0.6047661557406037, 0.6422188585689521, -0.0230645580563119, 0.23322855072054377, 0.7519407277318129, 0.44950142698730094, -0.1930527220988365, -0.016825254977009194, 0.01778482797895095], [-0.2512779964680246, -0.7416078616670766, -0.5720149996933661, 0.32558413709789086, -0.1736460261053731, 0.40285230486294493, 0.30569735601416104, 0.07054840950830343, -0.35091631851480637, -0.07413693580942918, 0.7717043407900359, 0.6451214298418089, 0.01028381579099243], [-0.4556288093024724, -0.33871351631280255, 0.3003950021781277, -0.16816645134749655, 0.38020498365079264, -0.0051879213726329435, 0.5915567038849224, -0.5925999649519134, -0.1215556229789096, 0.42235641530995516, 0.1722496119492839, -0.4837211499297265, 0.01223219762214673]], "inverted": false, "swapped": false, "error_lsq": 0.053582008197937875, "error_max": 0.2890426071547329, "target": "32.xyz", "model": "9.xyz", "model_rescale": 3.833441315466971, "target_rescale": 3.9765860457182933},
{"mapping": [8, 9, 2, 10, 13, 6, 5, 11, 7, 4, 0, 12, 14], "R": [[-0.2000432555619634, 0.5434192279128301, -0.8152780130966336], [0.44639567894134113, -0.6901686860749423, -0.5695595513939584], [-0.8721889667535759, -0.47787312907947815, -0.10451640434457304]], "T": [0.0850998315500266, 0.10976067000706304, -0.021584312089989812], "aligned_model": [[-0.3682597432652855, -0.012704096435799339, -0.15761856727847962, -0.5577660804362705, -0.5600437009444306, 0.6508731019665321, -0.03946647535903859, 0.1343875199227111, 0.46027186487710287, 0.6704291147650263, -0.4066594940157115, 0.2198125868801593, 0.10234962296717005], [-0.34768368191529875, -0.6884666881043628, -0.4423065050353374, 0.27603793952777905, -0.0073854125746351945, 0.4638127650065678, 0.13275836074872166, 0.06447030250914593, -0.2814974008053251, 0.03671071306556363, 0.5301833843856447, 0.6150449633802263, 0.016512915459371433], [-0.4606391186851916, -0.12730849553782522, 0.36951652917536026, -0.5061763388162162, 0.43201590752083674, 0.10402336503839626, 0.6427872276907254, -0.7004485013284202, -0.40898209759632376, 0.515040243900601, 0.19111375714746795, -0.3208506044326452, -0.016670395677490412]], "inverted": false, "swapped": false, "error_lsq": 0.04377844446715424, "error_max": 0.24869296622770107, "target": "32.xyz", "model": "10.xyz", "model_rescale": 4.2482417240324, "target_rescale": 3.9765860457182933},
{"mapping": [11, 5, 8, 9, 3, 0, 7, 2, 6, 4, 10, 12], "R": [[0.33321369601988077, -0.830466424875566, 0.4464237336199397], [-0.8469080630559109, -0.4717267610554089, -0.24539885010948767], [0.4143855276377978, -0.29630960169824, -0.8605145288870926]], "T": [0.060613055596415666, 0.10305505706438492, -0.013959617671081333], "aligned_model": [[-0.6435699220390612, -0.30604277369340455, 0.4547536328297887, 0.6005495589070833, -0.43478061829108544, 0.01895754075881012, -0.21617572430646426, 0.47816505629045, 0.25031908438287687, 0.04457241710947804, -0.4377363340879932, 0.06775368450252861], [-0.1691660323894684, -0.7246572725802851, -0.14173892700938678, -0.39341968839962405, 0.4135361583514826, 0.7839901701196281, 0.1275595677002241, 0.40581326361910564, -0.18010077423233287, 0.4866825170495085, 0.054357353709873185, 0.0032750541119144216], [0.2044126703910698, 0.014451666934589925, 0.575646068101547, -0.14663358324651915, 0.056928957404469516, 0.3485756339237083, 0.6502654823529148, -0.25075377948484345, -0.6496007380451305, -0.6422455014964253, -0.5418725491089968, -0.05398203787202746]], "inverted": false, "swapped": true, "error_lsq": 0.05048327728417563, "error_max": 0.2924319368342305, "target": "32.xyz", "model": "11.xyz", "model_rescale": 3.6694154284099745, "target_rescale": 3.9765860457182933},
{"mapping": [1, 0, 4, 2, 3, 7, 11, 12, 5, 6, 8, 10, 13], "R": [[0.44245230443830463, 0.78073265660133, -0.4412397049376495], [0.1588735762161445, -0.5524772431611771, -0.8182469569569562], [-0.8826070162181621, 0.29193392181323463, -0.3684826186093686]], "T": [0.09483023056271833, 0.08294533558092798, -0.010436999892159364], "aligned_model": [[-0.5485607133954055, 0.1500332536700431, -0.2769778065895676, -0.4498459648476888, -0.7272482499564068, 0.7173937803474676, 0.10122982788527068, 0.1424564419063595, 0.7936570224688182, 0.4668977544958606, -0.43063462002663355, 0.13440189968620272, 0.06280302799936632], [-0.3408721651668306, -0.6185830490025546, -0.3979612195776985, 0.28394114391415304, -0.04502238537660069, 0.4851933944390525, 0.22638249537884847, 0.050562064978224186, -0.20251245631864506, -0.1961215636670528, 0.5390074572948675, 0.6174100223022647, -0.03323208354996607], [-0.36100840972781617, -0.1351302887611276, 0.4116605225652931, -0.3091711636197695, 0.21105822548216677, -0.06312897360568663, 0.7137269837816279, -0.6875275167690477, -0.28379712213885905, 0.3113428267471874, 0.2870388533194583, -0.3514800601632742, -0.030162398710877537]], "inverted": true, "swapped": false, "error_lsq": 0.047832559410110886, "error_max": 0.2800215746460765, "target": "32.xyz", "model": "12.xyz", "model_rescale": 3.9764082729961374, "target_rescale": 3.9765860457182933},
{"mapping": [12, 1, 9, 13, 5, 3, 4, 10, 2, 7, 6, 14, 15], "R": [[-0.949494824738197, 0.2991138957083383, -0.09481801089224419], [0.18036392066512535, 0.767529302220182, 0.6151159454571999], [0.2567653284960506, 0.5669476586313607, -0.7827144552483577]], "T": [0.005399302240622914, 0.01267996933868866, -0.04264071740588698], "aligned_model": [[-0.432691375568561, 0.10659327059600064, -0.24457108403007538, -0.39051835804280494, -0.5760235749080601, 0.6721544122818509, 0.040479315435351076, 0.1267772423274067, 0.5901330486612291, 0.5919268612829893, -0.42214785672018645, 0.019077629464438903, 0.05441612286410742], [-0.2681653060126692, -0.5261094068090073, -0.49459021400745584, 0.32924112920465226, -0.14729917052676939, 0.5241645089037614, 0.20854231692701847, -0.1941745009147411, -0.5273893948790437, -0.010626047333286523, 0.597516178212257, 0.7888010998778983, 0.08828046300544704], [-0.4119861171034841, -0.363246966845699, 0.16154276281048355, -0.3854508463795084, 0.5397492022963464, -0.09022891272181377, 0.6474832245427125, -0.8098600620230096, 0.009041402679263073, 0.433254177496001, 0.19990585823302784, -0.23305325289125545, 0.016271008306211067]], "inverted": false, "swapped": false, "error_lsq": 0.05166986919997403, "error_max": 0.3138465655749701, "target": "32.xyz", "model": "13.xyz", "model_rescale": 4.170626492500431, "target_rescale": 3.9765860457182933},
{"mapping": [1, 9, 10, 0, 8, 6, 12, 3, 11, 5, 4, 2, 13], "R": [[0.8695213430133701, -0.4133041591998077, -0.2703928734866464], [0.052410886932963516, -0.4671637321239348, 0.8826160809315321], [-0.4911066411433729, -0.7816250503765708, -0.3845471982067974]], "T": [-0.08850977185849515, 0.05615523233029483, -0.06564192598880111], "aligned_model": [[-0.39788397385926144, 0.034856621557621176, -0.2035294010447653, -0.5702398685622669, -0.5934970908533432, 0.6810711382266688, 0.031396727436951447, 0.30213309808009003, 0.5144377713496144, 0.6332272001284426, -0.20869835681032545, -0.09706068004593099, 0.00939246804019124], [-0.3264373592511125, -0.716265727362195, -0.4092120565298306, 0.21963226109524825, 0.07318217817508932, 0.39348330001773185, -0.021683668685976612, 0.025140850832246486, -0.3108955312539679, 0.14910438671878834, 0.6113781102959227, 0.6384955461165631, 0.04226936547955405], [-0.6561713341462254, -0.2764808039670139, 0.23190147645134493, -0.3772021633809304, 0.4786504435833965, -0.1036454075771797, 0.6521809338460353, -0.6330129340041233, -0.028390775366838122, 0.47995501894565984, 0.3590289941645134, -0.3718098670682437, -0.04158210308112027]], "inverted": true, "swapped": false, "error_lsq": 0.054962039057554764, "error_max": 0.33569505038855035, "target": "32.xyz", "model": "14.xyz", "model_rescale": 3.9786697098870705, "target_rescale": 3.9765860457182933},
{"mapping": [1, 9, 0, 7, 2, 4, 5, 10, 3, 11, 6, 12], "R": [[-0.759215587826373, -0.022555695885620952, -0.6504482545019015], [-0.6436152587881309, -0.12247015811240652, 0.7554869019559569], [-0.0967010333788752, 0.9922158540131465, 0.07846406303792919]], "T": [0.012567962924004094, -0.014109350334344864, -0.09424715772632077], "aligned_model": [[0.1727557797391375, -0.7078585566855482, 0.6794734939825507, 0.3449554203741708, -0.01989727794205028, 0.17476678554400588, -0.4610545129379958, 0.10148504914204427, 0.5428104784841059, 0.2156025440573018, -0.47728333914839705, -0.08240126784198913], [-0.16920112794246378, 0.016677798228240878, -0.058419244577435095, -0.650888066536993, 0.41452872738233976, 0.6956586614351933, -0.4669818386622872, 0.31851488580877757, -0.05813744080964249, -0.47813096526951987, 0.4699727542988884, -0.018919653130659006], [-0.8016656490150162, -0.2830824376902828, -0.48169168881757757, -0.14363266111178175, -0.4647860712775945, 0.015713714229578915, 0.5310045184529312, 0.5467446620334152, 0.15822660012197698, 0.5066898967689789, 0.12003175840280737, -0.043586148223605285]], "inverted": false, "swapped": true, "error_lsq": 0.06558968588299947, "error_max": 0.38171417693921655, "target": "32.xyz", "model": "15.xyz", "model_rescale": 3.769337070930944, "target_rescale": 3.9765860457182933},
{"mapping": [3, 1, 10, 4, 11, 7, 5, 8, 6, 2, 12], "R": [[0.8678199434505713, 0.45885246483923703, -0.19063829956334705], [-0.2580822741519734, 0.7441132333513039, 0.6161891233379684], [0.424596379539432, -0.48554084427823896, 0.7641779917136988]], "T": [-0.05314371601607052, 0.006409254671273047, 0.035409087966052466], "aligned_model": [[-0.21884883817891657, -0.2749284812057283, -0.12555357069599513, -0.6409314506878441, 0.4024176711018688, 0.23119744915439658, 0.771545365908928, 0.3271315564581583, -0.0770046853717822, -0.49273914801164365, 0.02034026221972931], [0.07000203017103845, -0.6870814505018168, 0.6867296774340412, 0.4433335328917373, 0.19834225840371802, -0.4515215771749489, 0.3740790479136731, -0.5988793680523745, 0.5505406761020939, -0.05545671679508895, 0.06597638723326947], [-0.5261391003968694, 0.1769600601390412, -0.21225313968951995, 0.11139090172994548, -0.575565533744153, -0.4419345390550307, -0.03571221813662981, 0.2632734210722643, 0.5082271147149506, 0.388979643487935, 0.08699099710184326]], "inverted": false, "swapped": true, "error_lsq": 0.05539490408441525, "error_max": 0.29958425540897293, "target": "32.xyz", "model": "16.xyz", "model_rescale": 3.7852294659196426, "target_rescale": 3.9765860457182933},
{"mapping": [3, 3, 1, 8, 2, 10, 7, 0, 4, 5, 11, 9, 12], "R": [[0.765763619239805, -0.5243222913830089, 0.37241403599706924], [-0.552445372699567, -0.8327503001777754, -0.036483526921910536], [0.329257026700406, -0.17780065329659578, -0.9273493074649445]], "T": [0.03179212538699917, 0.05980699507380065, 0.031826923454439555], "aligned_model": [[-0.33187535736255463, -0.33187535736255463, -0.004777180315860094, -0.41887515876261894, -0.49369865669941604, 0.6288615126921944, -0.04897336097272427, 0.2229906339421277, 0.6439611876087726, 0.48968908395465444, -0.32656551968489134, 0.053494504882116586, 0.05324932172444082], [-0.5309892961203778, -0.5309892961203778, -0.5665927655798801, 0.3403996734055646, -0.09364550782091259, 0.5981872177436003, 0.15916167117754745, -0.06003683529938124, -0.2617318927562618, -0.2016089829475819, 0.6504009761875144, 0.7184984920516312, 0.14713820172697695], [-0.3570189013455223, -0.3570189013455223, 0.31562294171490046, -0.3454960934903052, 0.30458833628225257, -0.02211710179540379, 0.721053003725506, -0.6122443011678842, -0.12195366036912172, 0.424511367162104, 0.2782221793423257, -0.5275623006509199, 0.012834910336865589]], "inverted": true, "swapped": false, "error_lsq": 0.051963397526726005, "error_max": 0.41697533887014, "target": "32.xyz", "model": "17.xyz", "model_rescale": 3.901054581598922, "target_rescale": 3.9765860457182933},
{"mapping": [10, 4, 6, 9, 11, 3, 7, 5, 8, 1, 12, 13, 14], "R": [[-0.4655161879876182, -0.0837715365912435, -0.8810658365744404], [0.2417356098850675, 0.9456216256133638, -0.21763188205277673], [0.851386265824726, -0.3142961514709991, -0.4199516109452943]], "T": [0.1191789765270067, 0.019414496331952257, -0.04858372586291692], "aligned_model": [[-0.46241048548159536, 0.16056272543735284, -0.21186255495357587, -0.367748836684897, -0.6260454032493276, 0.41315263252835005, 0.11696089957306392, 0.14053357341502787, 0.5553279810014152, 0.464386334028023, -0.21963372646282753, 0.09525724510741967, 0.0771252693852571], [-0.4562059784451431, -0.7633568198642688, -0.32000260946678516, 0.24387251356744571, 0.06608998295170296, 0.6942098523877375, 0.1550522077689114, 0.12340097874246783, -0.32018875476980646, -0.3584546348712174, 0.601529394498172, 0.6479960526897922, 0.05424947045905301], [-0.3772060163153693, -0.1540845399657913, 0.5335960384679466, -0.43161051938221917, 0.23282880346451607, 0.15546677410100088, 0.6004729089294676, -0.664064708236262, -0.4158192495762022, 0.4244198147652304, 0.26498174051191375, -0.41164732369836987, -0.04391224466658649]], "inverted": false, "swapped": false, "error_lsq": 0.04480221526705182, "error_max": 0.23937208607255767, "target": "32.xyz", "model": "18.xyz", "model_rescale": 3.9405287249114394, "target_rescale": 3.9765860457182933},
{"mapping": [7, 4, 0, 9, 8, 10, 6, 13, 12, 1, 5, 11, 15], "R": [[-0.20154407560940024, 0.7517576345504844, -0.627885693802473], [-0.9714835469025875, -0.2351663165921154, 0.030274108377701614], [-0.12489877375026637, 0.6160821880525013, 0.7777165511162292]], "T": [0.158395353164916, -0.004542170861914628, -0.07324741634805745], "aligned_model": [[-0.4415494675235862, -0.027856655094922605, -0.04086656249547216, -0.4501427879816073, -0.48886747598038466, 0.5898726809826458, -0.08536451668210432, 0.14803368012755092, 0.5549279092479278, 0.4663088903575208, -0.3592804586408889, 0.10281977745881726, 0.16757063986819012], [-0.2309017292893728, -0.7066886005827581, -0.4710552579487987, 0.33060737439816634, -0.06793477056231986, 0.6498466473238441, 0.10035188973801476, 0.06211668588926216, -0.3566767313455091, -0.14899698540114095, 0.5562597027374785, 0.6222263853191495, 0.029037045372045676], [-0.3638555913516347, -0.1567076419979315, 0.3907940543202103, -0.3993853626812467, 0.31315181223036814, -0.014030635286913645, 0.6252236406723763, -0.7416627647059926, -0.21073285371758999, 0.4922978817045518, 0.2565641286249445, -0.42436809968564715, -0.053867089726220105]], "inverted": true, "swapped": false, "error_lsq": 0.036020914099880834, "error_max": 0.21100140314445867, "target": "32.xyz", "model": "19.xyz", "model_rescale": 4.410303926677745, "target_rescale": 3.9765860457182933},
{"mapping": [9, 10, 6, 12, 4, 1, 0, 8, 5, 3, 2, 7, 13], "R": [[0.39170879613986975, 0.8922518545028211, 0.22461266029084498], [-0.779146546708174, 0.19182543944522754, 0.5967693520401096], [0.48938213880298176, -0.40876598307334966, 0.7703346631839288]], "T": [-0.02950409186862729, 0.013619119572102259, 0.042772664142095386], "aligned_model": [[-0.25309207335320844, 0.14750135860152566, -0.2581624909540623, -0.5818765316557344, -0.6610894887071583, 0.4662668313669907, 0.28765847960677743, 0.23688819965129398, 0.6530183501825622, 0.38874713859194043, -0.21960958811603193, -0.06813304560735409, -0.0025114859638541535], [-0.27244180816767477, -0.716593372163749, -0.2871965391869618, 0.21476902387161417, 0.09594022019924457, 0.5693700902465104, 0.24686538259085497, 0.029948282879237557, -0.3487445987980453, -0.33337082278929686, 0.5654293187392221, 0.6143534508287061, -0.010136972601600224], [-0.5420643105311231, -0.2897822943595168, 0.48292161523885174, -0.4316726341300081, 0.3417986126912022, -0.049270485743981095, 0.6412402543803962, -0.678216993794643, -0.2764864385845483, 0.5230086309549328, 0.35578086235064627, -0.33733157438260836, -0.02650376569032558]], "inverted": true, "swapped": false, "error_lsq": 0.04988785708700394, "error_max": 0.2681752065539804, "target": "32.xyz", "model": "20.xyz", "model_rescale": 4.121658175737393, "target_rescale": 3.9765860457182933},
{"mapping": [0, 3, 4, 1, 2, 9, 10, 5, 7, 11, 6, 8, 12], "R": [[0.10001479512176775, -0.4429267401883947, -0.8909618081505142], [-0.9026576203005935, 0.33631273620621255, -0.2685199508020971], [0.418576470038655, 0.8310894333894359, -0.36617494785745003]], "T": [0.013373686740768559, 0.10902426638077328, -0.010633867003349104], "aligned_model": [[-0.2969945377872172, -0.07502850159473301, -0.06246214284561189, -0.6132364659286761, -0.6221085288242751, 0.6368928386222225, 0.09104414534037258, 0.10180873190838233, 0.5045196086579126, 0.6405837124031327, -0.3358610026356701, 0.133858716798338, 0.03258907952950892], [-0.5137074016552392, -0.5665209972300018, -0.22102955337722396, 0.05581820812993779, -0.10659566173412033, 0.43603809050804704, 0.41648916935246116, 0.14916110204818242, -0.3016175740474667, -0.3423501696696985, 0.6294328726870102, 0.6952865233431056, 0.03778704729306781], [-0.7198873938378153, -0.14651746740649774, 0.45244820449264234, -0.30542819858119125, 0.3441647160115635, 0.15352672889996377, 0.7021814491680497, -0.6847791089175482, -0.24931151985558098, 0.4105996849956744, 0.16209272704242078, -0.31963714572373714, -0.08603119788866931]], "inverted": false, "swapped": false, "error_lsq": 0.05944364028300772, "error_max": 0.29025961704315845, "target": "32.xyz", "model": "21.xyz", "model_rescale": 4.08911054899281, "target_rescale": 3.9765860457182933},
{"mapping": [5, 11, 8, 10, 6, 3, 0, 9, 15, 2, 7, 12, 16], "R": [[-0.16040421940637797, 0.5164871923091495, -0.8411370082080817], [-0.9157091331201105, 0.24022501777918484, 0.32213153269030737], [0.36843896362497663, 0.8219080976688344, 0.4344189326782976]], "T": [0.09101394288262646, 0.02694039709750294, 0.026550477078364575], "aligned_model": [[-0.3595335717083754, 0.10152874581156221, -0.30117864357070856, -0.5644873546101425, -0.5731706598039682, 0.7556383329649785, -0.09404843623469536, -0.006435768545410614, 0.6545441783207144, 0.7123696023146174, -0.3547910900401574, 0.07364494754046705, 0.09152537120480493], [-0.26684156832975586, -0.7158486430466684, -0.5200763784847159, 0.2887400885776758, 0.002188826704723937, 0.585913833344447, 0.1934651325603005, 0.05670185178055777, -0.38655114730673923, -0.1186678511357598, 0.5625699265664248, 0.6273856353170971, 0.05921194910047396], [-0.42998883977587504, -0.15796757358203517, 0.19304264032561544, -0.3644922056828904, 0.3639083017519752, 0.0164538948634362, 0.760104037831604, -0.6785491053355378, -0.18073057450971758, 0.3641437410981446, 0.1685190221545562, -0.4025571317265879, 0.061535270986587]], "inverted": true, "swapped": false, "error_lsq": 0.03993190102703878, "error_max": 0.20924626841912541, "target": "32.xyz", "model": "22.xyz", "model_rescale": 4.204369325754507, "target_rescale": 3.9765860457182933},
{"mapping": [7, 4, 0, 9, 8, 10, 6, 13, 12, 1, 5, 11, 15], "R": [[-0.20154407560940024, 0.7517576345504844, -0.627885693802473], [-0.9714835469025875, -0.2351663165921154, 0.030274108377701614], [-0.12489877375026637, 0.6160821880525013, 0.7777165511162292]], "T": [0.158395353164916, -0.004542170861914628, -0.07324741634805745], "aligned_model": [[-0.4415494675235862, -0.027856655094922605, -0.04086656249547216, -0.4501427879816073, -0.48886747598038466, 0.5898726809826458, -0.08536451668210432, 0.14803368012755092, 0.5549279092479278, 0.4663088903575208, -0.3592804586408889, 0.10281977745881726, 0.16757063986819012], [-0.2309017292893728, -0.7066886005827581, -0.4710552579487987, 0.33060737439816634, -0.06793477056231986, 0.6498466473238441, 0.10035188973801476, 0.06211668588926216, -0.3566767313455091, -0.14899698540114095, 0.5562597027374785, 0.6222263853191495, 0.029037045372045676], [-0.3638555913516347, -0.1567076419979315, 0.3907940543202103, -0.3993853626812467, 0.31315181223036814, -0.014030635286913645, 0.6252236406723763, -0.7416627647059926, -0.21073285371758999, 0.4922978817045518, 0.2565641286249445, -0.42436809968564715, -0.053867089726220105]], "inverted": true, "swapped": false, "error_lsq": 0.036020914099880834, "error_max": 0.21100140314445867, "target": "32.xyz", "model": "23.xyz", "model_rescale": 4.410303926677745, "target_rescale": 3.9765860457182933},
{"mapping": [7, 1, 0, 13, 12, 15, 5, 11, 10, 4, 6, 14, 16], "R": [[0.23639291012891175, -0.8398536139146244, 0.48863513917372914], [-0.24535776432140133, 0.4349957132290545, 0.8663592193539296], [-0.940169112196305, -0.32469160239663053, -0.10323470252352374]], "T": [0.11735703843579515, 0.013842576117648032, -0.04850840189930265], "aligned_model": [[-0.4008913438070062, 0.05889980782595711, -0.31993160030118095, -0.47378521599535006, -0.5506121593291788, 0.39507842872121274, 0.07225798152739302, 0.19474426063068945, 0.6735897835912568, 0.5356061411185917, -0.2576506866256423, 0.07641461596255142, 0.13188564032439226], [-0.28823062350579576, -0.7720255549462126, -0.4672123894706201, 0.34659894765440574, 0.06922235062211182, 0.6536047514018758, 0.20913516495102383, -0.03447300962912277, -0.27560360701949266, -0.18469189798043037, 0.6387124641586952, 0.5742413270090845, -0.101086267597461], [-0.3350416339235694, -0.38811020156762066, 0.3358749713110901, -0.23292818407272242, 0.3952551231866938, 0.10278396171590844, 0.5476701898336305, -0.6749254423968192, -0.22346550109729207, 0.46093847824698436, 0.16783604319604095, -0.42590335159520926, -0.016562974437840147]], "inverted": false, "swapped": false, "error_lsq": 0.039755145038396895, "error_max": 0.2168385969378126, "target": "32.xyz", "model": "24.xyz", "model_rescale": 4.28219845311461, "target_rescale": 3.9765860457182933},
{"mapping": [10, 6, 1, 11, 5, 7, 3, 14, 2, 4, 9, 12, 15], "R": [[0.7476817693769517, 0.4618177365204737, -0.47717538701871187], [0.6633017660895226, -0.4851169970693058, 0.5698177482818342], [0.03166605191480844, -0.7425536192017151, -0.669037654969108]], "T": [0.07167808353962943, 0.03472077026828606, -0.009066311094785664], "aligned_model": [[-0.44595136639812716, 0.02141039013310482, -0.13816838404236928, -0.3341733902743462, -0.720848709653506, 0.4794783941921156, 0.0552869227411254, 0.06833335087655112, 0.5894275605501235, 0.6293237625059832, -0.17886978372187914, -7.386254189609143e-05, 0.1104307692768067], [-0.29268681199438806, -0.8010514730148912, -0.2937364966675256, 0.23124697227290336, 0.031015365130053152, 0.6020217046881255, 0.15356096065545383, -0.08944682055883983, -0.2544586760693384, -0.09058445263670654, 0.6273865481619381, 0.5707678348647994, -0.02584299918352246], [-0.5136144717909913, -0.34246554822350966, 0.4988290351007523, -0.3142533101253125, 0.3026518836868283, 0.33359177240586346, 0.7562138231411972, -0.7605420905090187, -0.35125156977660604, 0.4469802554623988, 0.19792819560355987, -0.5493672485398353, 0.008720751963948675]], "inverted": false, "swapped": false, "error_lsq": 0.04750908994838768, "error_max": 0.3478467236470607, "target": "32.xyz", "model": "25.xyz", "model_rescale": 4.100010024507729, "target_rescale": 3.9765860457182933},
{"mapping": [11, 5, 8, 9, 3, 0, 7, 2, 6, 4, 10, 12], "R": [[0.33321369601988077, -0.830466424875566, 0.4464237336199397], [-0.8469080630559109, -0.4717267610554089, -0.24539885010948767], [0.4143855276377978, -0.29630960169824, -0.8605145288870926]], "T": [0.060613055596415666, 0.10305505706438492, -0.013959617671081333], "aligned_model": [[-0.6435699220390612, -0.30604277369340455, 0.4547536328297887, 0.6005495589070833, -0.43478061829108544, 0.01895754075881012, -0.21617572430646426, 0.47816505629045, 0.25031908438287687, 0.04457241710947804, -0.4377363340879932, 0.06775368450252861], [-0.1691660323894684, -0.7246572725802851, -0.14173892700938678, -0.39341968839962405, 0.4135361583514826, 0.7839901701196281, 0.1275595677002241, 0.40581326361910564, -0.18010077423233287, 0.4866825170495085, 0.054357353709873185, 0.0032750541119144216], [0.2044126703910698, 0.014451666934589925, 0.575646068101547, -0.14663358324651915, 0.056928957404469516, 0.3485756339237083, 0.6502654823529148, -0.25075377948484345, -0.6496007380451305, -0.6422455014964253, -0.5418725491089968, -0.05398203787202746]], "inverted": false, "swapped": true, "error_lsq": 0.05048327728417563, "error_max": 0.2924319368342305, "target": "32.xyz", "model": "26.xyz", "model_rescale": 3.6694154284099745, "target_rescale": 3.9765860457182933},
{"mapping": [3, 12, 6, 7, 1, 4, 0, 9, 11, 2, 5, 8, 13], "R": [[-0.5227263970543968, -0.06559690430451598, 0.8499730348476907], [-0.5811794020807799, 0.7568509173146375, -0.29901035359502104], [-0.6236887175663489, -0.6502874249942532, -0.43374952273724426]], "T": [0.05756067926349584, 0.10515872607980167, -0.07741691083664543], "aligned_model": [[-0.49716786730657725, 0.144379318379022, -0.19126755715608848, -0.49375992730854457, -0.5966656527899373, 0.5984998421235262, 0.07733289141922867, 0.11841562804986239, 0.6866151749749998, 0.47347528713958903, -0.42659478922753225, 0.14996073986178604, 0.09238256548435206], [-0.3557973098966767, -0.6708628012110625, -0.4349026892193474, 0.23326884310309445, 0.009338570111369043, 0.6452799927789583, 0.2910462558081818, -0.05466392578903778, -0.4473625782373928, -0.2104143309423457, 0.6343605575641227, 0.6486440089020399, 0.08025706267615829], [-0.44159680161955067, -0.21878850077158365, 0.2655242040355601, -0.3526657280979723, 0.5077779779430205, 0.22455065270704805, 0.5566085058866048, -0.7374297369454821, -0.2649965444485162, 0.35796605947828913, 0.2565253051304643, -0.4005935940721684, -0.03946032082643848]], "inverted": false, "swapped": false, "error_lsq": 0.03371414146188505, "error_max": 0.2137308007989385, "target": "32.xyz", "model": "27.xyz", "model_rescale": 4.103607728864725, "target_rescale": 3.9765860457182933},
{"mapping": [3, 12, 10, 0, 9, 8, 6, 2, 13, 11, 5, 1, 14], "R": [[0.8996062882984607, 0.06815027138166191, 0.43135144205679077], [-0.011359661924137392, 0.9910657287617032, -0.13288972629591694], [-0.4365541021853264, 0.11464842687381388, 0.8923431257540585]], "T": [0.06382485500107224, -0.03859675426342778, 0.05983560325858365], "aligned_model": [[-0.43153908888213277, 0.167667926003614, -0.16192433424888533, -0.45999769035463745, -0.6550222246270558, 0.731167296800194, -0.037696755885065214, 0.07129300869210045, 0.6456052528299596, 0.5406785739291069, -0.25792432640347596, -0.03890375231747786, 0.02220176810744165], [-0.3255817880408035, -0.6768204553908637, -0.41752317847493114, 0.2711871586652297, 0.05691631919311728, 0.4296268374689355, 0.14368655599318175, -0.06383273540736521, -0.28729541355151683, -0.06029885325122074, 0.5707821292279237, 0.6754824940522088, 0.051862585164165864], [-0.4257413793662976, -0.5051252281701928, 0.31523204977462854, -0.313441250094691, 0.4396514204147253, -0.02791808797689007, 0.6579438043199349, -0.6754385484482687, -0.07999671962875776, 0.5540023596306756, 0.3053457883878482, -0.47157618851709343, -0.059516541926346846]], "inverted": false, "swapped": false, "error_lsq": 0.043502273638737085, "error_max": 0.29597503072376236, "target": "32.xyz", "model": "28.xyz", "model_rescale": 4.137296879288765, "target_rescale": 3.9765860457182933},
