[{"mapping": [8, 6, 0, 2, 4, 10, 7, 5, 1, 9, 3, 11], "R": [[0.7556920373416024, 0.6549264246216743, -0.0009607449030418769], [-0.38619784352542597, 0.4468012405525491, 0.806981955868292], [0.5289430691055598, -0.6094588007182877, 0.5905753126166192]], "T": [-0.14371426462578465, -0.13186358820726035, 0.12358108938438636], "aligned_model": [[-0.7127954885703054, -0.2990215138775152, 0.24736353559319238, -0.27412948271832693, -0.3274344932409806, 0.16657450642584457, 0.46355103262335684, 0.685927867684797, 0.14055639360298475, -0.49571204665718904, -0.49280293646917095, -0.08392962598446617], [0.044889068326817355, -0.3061618345464084, 0.2943840284944166, 0.6579859650456221, 0.19187870477500008, -0.7074046304768828, -0.5396139151607262, -0.11940291404179451, 0.2753460244317676, -0.6127283011462423, -0.44912182858525523, -0.09907454778017644], [-0.09552744457347317, -0.5624613780386698, 0.3430406925771552, 0.034812853497219215, 0.8403699509577962, 0.30860739342608434, -0.47772735018075574, 0.10858120857145402, -0.3816427063373806, 0.00432039291213096, 0.6250956184758217, 0.13710631391118697]], "inverted": true, "swapped": false, "error_lsq": 0.05843142475287929, "error_max": 0.3344581105170701, "target": "320.xyz", "model": "0.xyz", "model_rescale": 3.751011558992144, "target_rescale": 3.69781022972519},
{"mapping": [5, 10, 0, 8, 2, 7, 11, 1, 4, 9, 3, 14], "R": [[0.5751931976975725, -0.7223418671845386, -0.38389453269719265], [-0.8134215604889571, -0.4553866320406302, -0.3618955378149915], [0.08659186020724761, 0.5204279414780171, -0.8495037418839322]], "T": [-0.08147113534750258, -0.16125094543597263, 0.05948467149176041], "aligned_model": [[-0.6669230455254596, -0.22715912357924453, 0.25742238738350987, -0.19038193617523688, -0.5133663506261084, 0.42562572286948375, 0.0464904085607476, 0.5530208289698246, 0.19176677749138135, -0.5848895612525506, -0.17453967815978316, -0.09891868154434309], [0.042033895603734966, -0.19762404960754243, 0.04378274372733382, 0.49182976429945646, 0.2403770675341278, -0.49523476852046566, -0.8469284677187805, 0.11197893825074468, 0.34047010083514306, -0.4903534552211628, -0.3962041927473735, -0.2131517570990785], [-0.01802262666823555, -0.7466826532658069, 0.7064907650168019, 0.014293121679845686, 0.6390531007606812, 0.32591403567966676, -0.32807586267471345, 0.15141359682605704, -0.48749887910722767, -0.2096826516488215, 0.7802766716064963, 0.05709692699382518]], "inverted": false, "swapped": false, "error_lsq": 0.049853235569325804, "error_max": 0.2657594062956394, "target": "320.xyz", "model": "1.xyz", "model_rescale": 3.9405287249114394, "target_rescale": 3.69781022972519},
{"mapping": [6, 7, 5, 0, 11, 8, 4, 2, 1, 3, 9, 12], "R": [[0.2275588283817251, 0.005764502095171237, 0.9737472722124214], [0.4859569020047422, -0.8672303926157208, -0.10843124788333101], [0.8438381770336598, 0.4978736954682158, -0.20014723166042603]], "T": [-0.1133784073807769, -0.14589572647903437, 0.0531237694673824], "aligned_model": [[-0.5604303254615735, -0.5019605767101092, 0.10734566248280566, -0.13975763014840686, -0.5114004005549176, 0.13893945130943622, 0.1986008405065207, 0.48395853549255974, 0.32457045017353314, -0.46576600425256065, -0.030343437811467214, -0.025608816613599567], [0.1427882653639027, -0.24843662026740318, 0.2939790278992357, 0.691031413136867, 0.06998475421557804, -0.8257712993507844, -0.6240320394526236, 0.14894030041782863, 0.16655777440079483, -0.565963402127589, -0.4785198577750978, -0.1395824971245713], [-0.05715691235555316, -0.6305421693774117, 0.5877894274446476, 0.01084980754754062, 0.6032041272715217, 0.3266099184915288, -0.3540007041110409, 0.19605704566302268, -0.5280818226539247, -0.10863471721891532, 0.7830878015937757, 0.055393742903377834]], "inverted": true, "swapped": false, "error_lsq": 0.05103829645923811, "error_max": 0.31242773724999995, "target": "320.xyz", "model": "2.xyz", "model_rescale": 3.932901565614263, "target_rescale": 3.69781022972519},
{"mapping": [5, 12, 0, 7, 4, 1, 10, 3, 8, 6, 2, 13], "R": [[-0.12000186051919409, -0.9760648120427267, 0.18137540120956025], [0.961483267072176, -0.1597701789196218, -0.2236591537769175], [0.24728421019577185, 0.14754989874611604, 0.9576427030828693]], "T": [0.05159886898627661, -0.058572860412816716, -0.012213547170704858], "aligned_model": [[-0.6449735772132412, -0.42799193730500484, 0.21144760245758984, -0.1807366558294841, -0.502258397821741, 0.3526159423131149, 0.027936989045079588, 0.49926665823462935, 0.4401809166497185, -0.46253569024774777, -0.2615276579712993, -0.0332764438993928], [0.037603649365560224, -0.34698797340766285, 0.00817440816965774, 0.6151663080070032, 0.1509961272205429, -0.6215634015597974, -0.6871280392159543, 0.15535971245893954, 0.3786648888218705, -0.5058180854691547, -0.4435622138957073, -0.1099295611591601], [-0.1616678606485586, -0.5317702729250579, 0.6350449125557037, 0.03066166936165532, 0.6300865166344115, 0.363550997533726, -0.35500202850961504, 0.10825172921706658, -0.4556251712963927, 0.036052635061781024, 0.6570657883825544, -0.07207337016870521]], "inverted": true, "swapped": false, "error_lsq": 0.04640961834074542, "error_max": 0.2714939808833319, "target": "320.xyz", "model": "3.xyz", "model_rescale": 3.9243930471874484, "target_rescale": 3.69781022972519},
{"mapping": [7, 8, 5, 1, 0, 6, 10, 11, 9, 4, 3, 12], "R": [[-0.7433823009640654, -0.0847257767667286, 0.6634789351325677], [-0.6599906296560771, 0.2539793476308248, -0.7070409180119601], [-0.10860535612733968, -0.963491584669163, -0.24472197059552836]], "T": [-0.07218436623461924, -0.15408819942213953, 0.01641811671638717], "aligned_model": [[-0.8079413441161628, -0.2191999369498733, 0.18450222513518907, -0.29362120230798144, -0.42901624217322276, 0.3723101981154241, 0.15310291088326816, 0.7082939993883847, 0.2445418952406677, -0.5675769133140445, -0.2636800759914403, -0.06356776549798795], [0.10913080980619799, -0.18923882315903426, 0.24053337352991333, 0.5171996430441468, 0.13257421210787035, -0.41053289864106796, -0.7591971827357966, -0.12918996740453226, 0.2562062251610556, -0.45776369066966627, -0.5937438855893151, -0.08500199611363377], [-0.1632932674295441, -0.5947178947691107, 0.6097215026385302, 0.11888108646283659, 0.7332291291112359, 0.5245295348546621, -0.266807024471384, -0.11151811827730014, -0.4621530401920787, -0.10496841364760764, 0.4886316712976541, 0.1130403796206755]], "inverted": false, "swapped": false, "error_lsq": 0.049170204383088084, "error_max": 0.2321208839497981, "target": "320.xyz", "model": "4.xyz", "model_rescale": 3.8936222436046832, "target_rescale": 3.69781022972519},
{"mapping": [3, 0, 7, 8, 10, 5, 1, 6, 9, 2, 4, 11], "R": [[-0.29967611772814007, -0.41326402651612093, 0.8598878234113292], [0.9158830165584708, 0.12773587641132889, 0.38058093207251714], [-0.26711893314242285, 0.9016076698127147, 0.3402221117031361]], "T": [-0.0902268915178217, -0.024265712403478842, 0.08773705171007087], "aligned_model": [[-0.5540054534482335, -0.4236068094224813, 0.20693179778345872, -0.2258891775059246, -0.5207799448801663, 0.4383045300494036, 0.15902314866830503, 0.7063827958554951, 0.13934172145528692, -0.6554288000455119, -0.23738356198311894, -0.014742498114291958], [0.16395292419801916, -0.27023163059071315, 0.23187344357297274, 0.7014827279221875, 0.06921754649348112, -0.5257972478122472, -0.6596898332349144, -0.02756909211987356, 0.24163783559559437, -0.5106411687823879, -0.618760153212162, -0.16449953269381923], [-0.19469032417764517, -0.6939770305509656, 0.603330858438266, 0.060391634248108034, 0.5408952448738167, 0.4431122231184218, -0.3332372602067728, 0.08446263983140342, -0.4208192371315532, 0.05391127820838951, 0.5932525045816819, 0.14794301396541867]], "inverted": false, "swapped": false, "error_lsq": 0.03967030282543641, "error_max": 0.22314906252915195, "target": "320.xyz", "model": "5.xyz", "model_rescale": 3.6523030999806103, "target_rescale": 3.69781022972519},
{"mapping": [4, 2, 9, 10, 11, 5, 1, 8, 6, 3, 7, 12], "R": [[-0.9819500206954459, -0.1883177597284863, -0.017623229756706136], [-0.12930593229927778, 0.7363899120041124, -0.6640857424841995], [0.13803670790202197, -0.6498202204220949, -0.747448692822559]], "T": [-0.02620247267719745, -0.13797294959409095, 0.05646211771764427], "aligned_model": [[-0.5593020101023132, -0.4043278809580489, 0.15294389830204605, -0.17156839979106678, -0.6356116173925446, 0.38534850006632815, 0.09459192645506126, 0.6325672512944569, 0.3073443369664396, -0.5092326648858669, -0.2317566232454265, -0.042848968296844425], [0.03470697605477582, -0.13128406189288272, 0.32848348294496693, 0.6195077291359363, 0.11291614208603945, -0.6338803588585342, -0.5612601086695961, -0.03690685042920168, 0.19460595953339, -0.6357672582752365, -0.4279687716163026, -0.23217706067721744], [-0.06649368085219508, -0.6017081251548804, 0.5789445092760053, -0.06086141040871172, 0.6397666360905152, 0.27692791610195205, -0.4807636821966071, 0.15398748387637168, -0.3916028965963899, 0.09549239580397025, 0.6399584536881622, 0.10092794557037651]], "inverted": false, "swapped": false, "error_lsq": 0.03476377768957622, "error_max": 0.16239205198640602, "target": "320.xyz", "model": "6.xyz", "model_rescale": 4.08911054899281, "target_rescale": 3.69781022972519},
{"mapping": [10, 12, 3, 4, 8, 1, 13, 2, 7, 11, 9, 14], "R": [[-0.6920592548655151, 0.349659485993703, 0.631499985439119], [0.4299786599135832, -0.5030143083983819, 0.7497299230825837], [0.5798037079684013, 0.7903890493934725, 0.19776959024323187]], "T": [-0.062433171017505125, -0.045933352676189296, 0.04354009498534772], "aligned_model": [[-0.7654583267422355, -0.3701368293229331, 0.11306408679476504, -0.24956240630238902, -0.5530332764153272, 0.28916945184330234, 0.15334062355058736, 0.7207226123194826, 0.3947826216573067, -0.40957258647591516, -0.20820094548852777, -0.09696727700589547], [-0.01721734671974494, -0.24922365670023433, 0.3508204694569629, 0.6164490872406523, 0.13512685401100605, -0.6325934108277078, -0.5360234864081082, -0.20796511360256476, 0.24034078545379173, -0.5178613352435262, -0.3926757238894353, -0.15820130343495378], [-0.11204242306250789, -0.56637254545299, 0.7055359812179451, 0.19546653209805437, 0.48135022668974287, 0.30840162602081705, -0.4556070303674282, -0.059184151267332896, -0.5116984134991872, 0.007356280063847087, 0.7313473294914781, 0.16002213326613066]], "inverted": true, "swapped": false, "error_lsq": 0.04500382503545159, "error_max": 0.23829078878751522, "target": "320.xyz", "model": "7.xyz", "model_rescale": 3.964800864290218, "target_rescale": 3.69781022972519},
{"mapping": [12, 11, 1, 2, 7, 5, 10, 3, 6, 9, 8, 13], "R": [[-0.8445595417116352, -0.30634873495250425, -0.43916925336006063], [0.3151361246590194, 0.37871313602774725, -0.8702100801156718], [0.4329069223733063, -0.8733423230286217, -0.22330423947664513]], "T": [-0.01514501637828719, 0.026856976035930805, 0.037405874360853214], "aligned_model": [[-0.7683701523742339, -0.35305650851798187, 0.0882374925480428, -0.13874881076728168, -0.4829489664800067, 0.38673717047390016, 0.14716302682690202, 0.6966217865682807, 0.2012910393160834, -0.4421663212328271, -0.285053385330928, -0.03155862261772881], [-0.0053587893285996085, -0.1891766875290788, 0.21797559378861392, 0.6693782404198941, 0.19793372786405633, -0.6196506170169364, -0.7487867372636966, -0.002331971372654437, 0.17474036270716942, -0.5040945085588945, -0.5164085940130217, -0.04324420036071412], [-0.010437372335356285, -0.6880447471016179, 0.7556715786575263, 0.13986198487246837, 0.5460760761762129, 0.3832228244721402, -0.17977364156295422, -0.09860412260557347, -0.4800801263393075, -0.06057398579158388, 0.5097082924956668, 0.06754878426094783]], "inverted": false, "swapped": false, "error_lsq": 0.04331341868164571, "error_max": 0.2685909788939711, "target": "320.xyz", "model": "8.xyz", "model_rescale": 4.121658175737393, "target_rescale": 3.69781022972519},
{"mapping": [11, 10, 6, 7, 8, 1, 0, 4, 5, 3, 2, 12], "R": [[0.7261320215481573, 0.6747240448740506, 0.1322110076778275], [-0.2092813425496694, 0.4000658025618839, -0.892271636488084], [-0.6549302305917741, 0.6202377099865148, 0.4317077439283314]], "T": [-0.08611258216908141, -0.017443747965119674, 0.08022548258913113], "aligned_model": [[-0.694877558217224, -0.3609345203200411, 0.16695460707531123, -0.28322612882146486, -0.4767646308840974, 0.34661301961911334, 0.28282817656086656, 0.7935697332512952, 0.169056601058016, -0.6298332719728694, -0.26830672854131976, -0.026931550395364726], [0.11943959446982493, -0.19981853404028166, 0.21637894919028167, 0.6223300935371862, 0.151556572036258, -0.45420078733543884, -0.6280572862370255, -0.11244590555653682, 0.12312393249968236, -0.5655956180342494, -0.5718577845540306, -0.06987740663953257], [-0.03682249498607543, -0.6036554795017536, 0.6814459031645548, -0.0037184973540793503, 0.6713119453012223, 0.39155096794336425, -0.251222954651282, 0.007689066160242813, -0.46461148515052025, -0.08281233599609979, 0.4567581105508615, 0.1186627997181338]], "inverted": true, "swapped": false, "error_lsq": 0.03955513231883074, "error_max": 0.2522425156301322, "target": "320.xyz", "model": "9.xyz", "model_rescale": 3.833441315466971, "target_rescale": 3.69781022972519},
{"mapping": [2, 13, 7, 8, 3, 6, 0, 12, 10, 5, 4, 14], "R": [[-0.8666291275546825, 0.08277854807129305, 0.4920382782396294], [-0.41482049915890434, -0.6675343267112468, -0.6183218224676532], [0.277268658076184, -0.7399632657378143, 0.6128429298011533]], "T": [0.03779202761905126, -0.10625082541026179, 0.09378153075306875], "aligned_model": [[-0.6664393636942418, -0.46657238932920825, 0.08058413832208598, -0.08446117103650472, -0.5554691042395723, 0.31411914801749224, 0.11096415564756233, 0.6273390049222782, 0.3628951580487681, -0.41005087540914203, -0.26490573706222625, -0.029855215775070304], [0.003200918324066576, -0.22611302251468288, 0.34395616497706083, 0.6098770320436132, 0.038179516063679586, -0.5490460470626367, -0.4183848181917107, -0.23056271083715923, 0.29481924401415915, -0.587980115704874, -0.5917192226665938, -0.055251119108784955], [0.0003539212894133892, -0.5119710012568257, 0.583063124367405, -0.1886621088880955, 0.7114407860347959, 0.5282988287505653, -0.5070854860932181, 0.09279461383092413, -0.5459097209586917, -0.0637266485473737, 0.6493056783943437, 0.13667355827532637]], "inverted": true, "swapped": false, "error_lsq": 0.04573496090240395, "error_max": 0.2262769806413523, "target": "320.xyz", "model": "10.xyz", "model_rescale": 4.2482417240324, "target_rescale": 3.69781022972519},
{"mapping": [7, 3, 4, 5, 9, 0, 1, 6, 2, 8, 10, 11], "R": [[-0.5477536146687779, -0.19910596328455504, 0.8126024815380628], [0.36831918078792064, 0.8146977495835293, 0.4478934671182965], [-0.7512036732344987, 0.5446323459069089, -0.3729190919099399]], "T": [-0.046949815166552236, -0.13929856665463472, 0.022254717913029624], "aligned_model": [[-0.6070346405734335, -0.5049421866098811, 0.24531035397770623, -0.03061914421752994, -0.6195332511728574, 0.37967430480739517, 0.23213082306793364, 0.5276263538364553, 0.2044669045562943, -0.4612477567609309, -0.26860929394187993, -0.07907471855705121], [0.21408130028027675, -0.27705850225037987, 0.2704286858055793, 0.588094017085453, 0.0612532290848006, -0.6519316334275284, -0.6944584514622654, 0.15798123506673137, 0.09408670883662743, -0.5866876195674894, -0.4669860005136872, -0.07782714960198041], [-0.11910972135427528, -0.6329832650337144, 0.7381787029529355, 0.20885458025972214, 0.5801418822893104, 0.3814742539092296, -0.3139863465351011, 0.06662907588369654, -0.6335487836118928, -0.0488654612150771, 0.5306742136981654, 0.12711641395557013]], "inverted": false, "swapped": false, "error_lsq": 0.049471262478170415, "error_max": 0.28650415594326695, "target": "320.xyz", "model": "11.xyz", "model_rescale": 3.6694154284099745, "target_rescale": 3.69781022972519},
{"mapping": [7, 5, 8, 10, 9, 4, 0, 1, 12, 6, 11, 13], "R": [[0.16336272414550904, 0.5152124136128818, -0.8413493859384146], [-0.5849114204904994, 0.7373390329950571, 0.3379493757971758], [0.7944754562222455, 0.4369065338045463, 0.4218073377495372]], "T": [-0.05090476350822918, -0.09193519163051739, 0.07597490739852193], "aligned_model": [[-0.7336436593738218, -0.4328223506350891, 0.10344779005320973, -0.20620173361284852, -0.5537471558665176, 0.33673516501680767, 0.24331694910885834, 0.7862486548609858, 0.13685819425893533, -0.34741917118499993, -0.3469719405491524, 0.03234700633585363], [0.14808351159194938, -0.264991240474154, 0.16992953666169858, 0.5236111445781098, 0.2511194779291514, -0.6593410538042368, -0.5704687263553694, -0.10044565849952905, 0.2858950226837913, -0.5664457028784533, -0.4211322409881025, -0.1648382511087181], [-0.0926191038983833, -0.6086865805489952, 0.7689395562779558, 0.05329570183697198, 0.5995675821284007, 0.3506829763267839, -0.3658136216443508, -0.04882581442620014, -0.4567144027140601, -0.0063282772846140894, 0.6667389705238552, 0.024338558621205285]], "inverted": false, "swapped": false, "error_lsq": 0.03777171906072169, "error_max": 0.16196600911104608, "target": "320.xyz", "model": "12.xyz", "model_rescale": 3.9764082729961374, "target_rescale": 3.69781022972519},
{"mapping": [13, 10, 4, 14, 6, 0, 1, 7, 8, 12, 5, 15], "R": [[-0.7182962462242451, 0.30598318906732236, -0.6248398120065256], [-0.17589232602633292, 0.789057226461077, 0.588600529234046], [0.6731362360660768, 0.5326940786021036, -0.5129567489730991]], "T": [-0.0740623418635714, -0.1290719472359178, 0.044859062964807385], "aligned_model": [[-0.6560175474612194, -0.2820752531367748, 0.23045393379152557, -0.3702887100151425, -0.4773538222252487, 0.4558388438219523, 0.007275053688279867, 0.6484266733451248, 0.2603513023284568, -0.5371178189279512, -0.23517321637659794, -0.02617169042018412], [0.04980608629117958, -0.23564058877634453, 0.026044621856989497, 0.6132357780977387, 0.2556656548625073, -0.5049357270133357, -0.5794593502673429, 0.024919882653461678, 0.06327576866107998, -0.5224314096328655, -0.5147640442772605, -0.044740853119670146], [-0.016876939385336014, -0.7242447351938937, 0.6765808447906537, 0.03875830098189057, 0.5673452016311575, 0.3689564032235177, -0.3954340139015521, 0.20401256796258932, -0.5474438218972911, -0.15023448754809934, 0.7715700084088797, 0.09158621612605268]], "inverted": false, "swapped": false, "error_lsq": 0.04333041438388622, "error_max": 0.20160775761838964, "target": "320.xyz", "model": "13.xyz", "model_rescale": 4.170626492500431, "target_rescale": 3.69781022972519},
{"mapping": [7, 8, 3, 0, 1, 11, 12, 6, 4, 10, 9, 13], "R": [[-0.7244856690879347, 0.6490937103060974, -0.23194367964501963], [0.01665796061691366, -0.3199107831079406, -0.9473012209426046], [-0.689088548471307, -0.6901698675632892, 0.22095820028543617]], "T": [-0.009523914562749092, -0.022572173600817105, 0.0460059663551778], "aligned_model": [[-0.8101046507062752, -0.38821270568521193, 0.2645535034410092, -0.3421973839691814, -0.5136978724499883, 0.2961885731558646, 0.09292537826294858, 0.8152557528148434, 0.21964521120396052, -0.34112488818009873, -0.34127750406797225, 0.06619433459232224], [0.019769561368098765, -0.1373857288960357, 0.14270171495696282, 0.4724539252916451, 0.1976348417375412, -0.5397643673392769, -0.5593660268859085, -0.07822807269236894, 0.1491911781955454, -0.4757324266300355, -0.474180304354355, -0.08611847541567516], [-0.07526837258146439, -0.582459577492377, 0.6567757389628823, 0.034347034316601646, 0.5827852137925527, 0.41844624441334005, -0.4408848044148491, 0.20134491255639825, -0.6028715208240443, -0.008901996139797225, 0.6310667243552112, 0.07019594825411496]], "inverted": false, "swapped": false, "error_lsq": 0.04091869130995463, "error_max": 0.22461318880536024, "target": "320.xyz", "model": "14.xyz", "model_rescale": 3.9786697098870705, "target_rescale": 3.69781022972519},
{"mapping": [8, 3, 10, 5, 7, 1, 0, 4, 2, 9, 6, 11], "R": [[0.4248359434362831, -0.35812254286361733, 0.8314220741942686], [-0.5039886359880444, -0.8564964062469584, -0.11139731092336044], [0.7520039068778259, -0.3717016954211293, -0.5443601506921171]], "T": [-0.08870603951410305, -0.13227660287680204, 0.11897552067619238], "aligned_model": [[-0.4026584049137644, -0.46600365874046334, 0.3472413734221906, -0.1390875258883485, -0.417290185041488, 0.3196726523084387, 0.24974176634227063, 0.4342376352903672, 0.1483041494375244, -0.5259284817681874, -0.395259407852701, -0.1348221641836178], [0.1776055856666794, -0.3604454558967515, 0.11444869866929602, 0.6639528558344117, 0.14226344302116783, -0.5268574536160064, -0.5494768816796682, 0.17987096697756544, 0.19806223488537272, -0.5376755537316212, -0.6566844415222013, -0.21408817927210674], [-0.1596551802622619, -0.6877057753387448, 0.7833530242297269, 0.028753890004180382, 0.6224993313317317, 0.49073470050579276, -0.3228418580636672, 0.05566250694949612, -0.6481944988540826, -0.05963717395778467, 0.6272836377975275, 0.15432294085665538]], "inverted": true, "swapped": false, "error_lsq": 0.058384038820189145, "error_max": 0.3339897133730043, "target": "320.xyz", "model": "15.xyz", "model_rescale": 3.769337070930944, "target_rescale": 3.69781022972519},
{"mapping": [5, 6, 2, 7, 10, 9, 4, 1, 3, 8, 11], "R": [[-0.971494332917722, 0.050610534410212085, 0.23159735515645094], [0.20287158748386225, 0.6829171230166521, 0.7017601599424386], [-0.12264534275922653, 0.7287405415491661, -0.6737175543223587]], "T": [-0.04458977633064153, 0.09055814574245188, 0.12722598742198676], "aligned_model": [[-0.27177654323502687, -0.3113280838859078, -0.07845663927380586, -0.713226919957885, 0.3537067599514617, 0.3921871353441262, 0.6363163848873629, 0.13324597635982674, 0.15557969241506941, -0.39590340390517176, 0.02228177199112092], [0.04269686955473109, -0.5893698707259437, 0.7219503574426598, 0.26444150862587423, 0.19140940067599646, -0.43058942975326264, 0.516635730815737, -0.615373320433786, 0.4502425031415782, -0.027171922158423595, 0.07119267044018124], [-0.5899601351104744, -0.06050163995284519, -0.1906842917826841, -0.015531516363980757, -0.6601368992742023, -0.2514380877896786, -0.17629630297432264, 0.4823744103488835, 0.6196834193868784, 0.5817625288845457, 0.0049461218516570205]], "inverted": false, "swapped": true, "error_lsq": 0.03787085460980771, "error_max": 0.19930986301051215, "target": "320.xyz", "model": "16.xyz", "model_rescale": 3.7852294659196426, "target_rescale": 3.69781022972519},
{"mapping": [5, 4, 11, 6, 7, 8, 0, 9, 10, 1, 2, 12], "R": [[0.7525227623698415, 0.36740966017222726, -0.5465524986013619], [-0.17329374149417115, 0.9111376208687743, 0.373895058801987], [0.6353571997500418, -0.1866504150804878, 0.7493215940276025]], "T": [-0.10183772385445664, -0.25154922388196765, 0.08961929932358906], "aligned_model": [[-0.6384137915975497, -0.331710236955308, 0.20730131644693564, -0.2692997120990312, -0.49265094130175724, 0.4363051901022075, 0.22358671550687645, 0.7420727867730499, 0.20563870174255397, -0.7304460733836485, -0.3029102559195357, -0.031325950902572106], [0.009494782363067944, -0.267681214063909, 0.11863385269768056, 0.6198028217691817, 0.1675814430255066, -0.487519320952152, -0.6069610943480176, -0.11211292856582597, 0.3635598272104872, -0.5320682278959017, -0.4486629427362412, -0.19309117916773916], [-0.18633569861861923, -0.5802202872216248, 0.6421856917225784, 0.07985554314493717, 0.49337853241009844, 0.37055742186908414, -0.393628558754341, -0.03541811552801613, -0.33032614742558775, 0.10998558362596997, 0.6325769769731873, 0.08196460300090255]], "inverted": false, "swapped": false, "error_lsq": 0.04539572375180612, "error_max": 0.28500207516435133, "target": "320.xyz", "model": "17.xyz", "model_rescale": 3.901054581598922, "target_rescale": 3.69781022972519},
{"mapping": [5, 10, 0, 8, 2, 7, 11, 1, 4, 9, 3, 14], "R": [[0.5751931976975725, -0.7223418671845386, -0.38389453269719265], [-0.8134215604889571, -0.4553866320406302, -0.3618955378149915], [0.08659186020724761, 0.5204279414780171, -0.8495037418839322]], "T": [-0.08147113534750258, -0.16125094543597263, 0.05948467149176041], "aligned_model": [[-0.6669230455254596, -0.22715912357924453, 0.25742238738350987, -0.19038193617523688, -0.5133663506261084, 0.42562572286948375, 0.0464904085607476, 0.5530208289698246, 0.19176677749138135, -0.5848895612525506, -0.17453967815978316, -0.09891868154434309], [0.042033895603734966, -0.19762404960754243, 0.04378274372733382, 0.49182976429945646, 0.2403770675341278, -0.49523476852046566, -0.8469284677187805, 0.11197893825074468, 0.34047010083514306, -0.4903534552211628, -0.3962041927473735, -0.2131517570990785], [-0.01802262666823555, -0.7466826532658069, 0.7064907650168019, 0.014293121679845686, 0.6390531007606812, 0.32591403567966676, -0.32807586267471345, 0.15141359682605704, -0.48749887910722767, -0.2096826516488215, 0.7802766716064963, 0.05709692699382518]], "inverted": false, "swapped": false, "error_lsq": 0.049853235569325804, "error_max": 0.2657594062956394, "target": "320.xyz", "model": "18.xyz", "model_rescale": 3.9405287249114394, "target_rescale": 3.69781022972519},
{"mapping": [12, 14, 8, 1, 4, 9, 11, 5, 10, 13, 7, 15], "R": [[0.7015866683634561, 0.2674794637819574, -0.6604777689139754], [-0.07147122224629102, -0.8957892166470917, -0.4386952743413258], [-0.7089908399727654, 0.3549879093627083, -0.6093566878610642]], "T": [-0.15045385677317377, 0.009798757217976073, 0.07778275888869571], "aligned_model": [[-0.6677740731321399, -0.4153683903684592, 0.276799043426903, -0.16009352500026072, -0.6353046527993812, 0.25208092472883925, 0.20179566179497258, 0.6678070128092538, 0.17097412067543863, -0.386344209508518, -0.1657478153919777, -0.12067634882244968], [0.13429132663337298, -0.2591631526139147, 0.12007623576671894, 0.6664623222106607, 0.05191041185825712, -0.6013842043887527, -0.48918454011962387, -0.04679251549408836, 0.05305387549426349, -0.602929453612437, -0.41685800845247445, 0.021493522054155233], [-0.05267971125524215, -0.5983967609326014, 0.6922467468745759, 0.012825363720720073, 0.6235036974207343, 0.30893418994481026, -0.30451182326807724, 0.2138313528612387, -0.6382598983620612, -0.06451877487297084, 0.6375645450149856, 0.054036618052457255]], "inverted": false, "swapped": false, "error_lsq": 0.040521443293877406, "error_max": 0.26242680903783366, "target": "320.xyz", "model": "19.xyz", "model_rescale": 4.410303926677745, "target_rescale": 3.69781022972519},
{"mapping": [12, 11, 1, 2, 7, 5, 10, 3, 6, 9, 8, 13], "R": [[-0.8445595417116352, -0.30634873495250425, -0.43916925336006063], [0.3151361246590194, 0.37871313602774725, -0.8702100801156718], [0.4329069223733063, -0.8733423230286217, -0.22330423947664513]], "T": [-0.01514501637828719, 0.026856976035930805, 0.037405874360853214], "aligned_model": [[-0.7683701523742339, -0.35305650851798187, 0.0882374925480428, -0.13874881076728168, -0.4829489664800067, 0.38673717047390016, 0.14716302682690202, 0.6966217865682807, 0.2012910393160834, -0.4421663212328271, -0.285053385330928, -0.03155862261772881], [-0.0053587893285996085, -0.1891766875290788, 0.21797559378861392, 0.6693782404198941, 0.19793372786405633, -0.6196506170169364, -0.7487867372636966, -0.002331971372654437, 0.17474036270716942, -0.5040945085588945, -0.5164085940130217, -0.04324420036071412], [-0.010437372335356285, -0.6880447471016179, 0.7556715786575263, 0.13986198487246837, 0.5460760761762129, 0.3832228244721402, -0.17977364156295422, -0.09860412260557347, -0.4800801263393075, -0.06057398579158388, 0.5097082924956668, 0.06754878426094783]], "inverted": false, "swapped": false, "error_lsq": 0.04331341868164571, "error_max": 0.2685909788939711, "target": "320.xyz", "model": "20.xyz", "model_rescale": 4.121658175737393, "target_rescale": 3.69781022972519},
{"mapping": [4, 2, 9, 10, 11, 5, 1, 8, 6, 3, 7, 12], "R": [[-0.9819500206954459, -0.1883177597284863, -0.017623229756706136], [-0.12930593229927778, 0.7363899120041124, -0.6640857424841995], [0.13803670790202197, -0.6498202204220949, -0.747448692822559]], "T": [-0.02620247267719745, -0.13797294959409095, 0.05646211771764427], "aligned_model": [[-0.5593020101023132, -0.4043278809580489, 0.15294389830204605, -0.17156839979106678, -0.6356116173925446, 0.38534850006632815, 0.09459192645506126, 0.6325672512944569, 0.3073443369664396, -0.5092326648858669, -0.2317566232454265, -0.042848968296844425], [0.03470697605477582, -0.13128406189288272, 0.32848348294496693, 0.6195077291359363, 0.11291614208603945, -0.6338803588585342, -0.5612601086695961, -0.03690685042920168, 0.19460595953339, -0.6357672582752365, -0.4279687716163026, -0.23217706067721744], [-0.06649368085219508, -0.6017081251548804, 0.5789445092760053, -0.06086141040871172, 0.6397666360905152, 0.27692791610195205, -0.4807636821966071, 0.15398748387637168, -0.3916028965963899, 0.09549239580397025, 0.6399584536881622, 0.10092794557037651]], "inverted": false, "swapped": false, "error_lsq": 0.03476377768957622, "error_max": 0.16239205198640602, "target": "320.xyz", "model": "21.xyz", "model_rescale": 4.08911054899281, "target_rescale": 3.69781022972519},
{"mapping": [2, 11, 13, 14, 4, 6, 8, 10, 9, 1, 0, 16], "R": [[0.3601480976611853, 0.7188351359987319, -0.5946170154012698], [0.8129448877375833, 0.07083395480367183, 0.5780165744580338], [0.45761769770448957, -0.6915624325399378, -0.5588626348639588]], "T": [-0.04987371128005559, -0.029131859527214615, 0.0418992839346773], "aligned_model": [[-0.7632562991203982, -0.23156812368535257, 0.027614884475014076, -0.1389762040193947, -0.47347503907387134, 0.3249756334360993, 0.001064569228200682, 0.7566666482785837, 0.36780268984873865, -0.6149042338577425, -0.1824837426338169, -0.05531303446383901], [0.04691332459192529, -0.31269414840967236, 0.3065899903237026, 0.5952742301092989, 0.047295499603588254, -0.6331559604282704, -0.6540228292568652, -0.02955583588976682, 0.3597473156647176, -0.569783838816314, -0.49296213557088464, -0.032669792585322], [0.12286991263270992, -0.6454671387853177, 0.6058286439513586, -0.07642386240422687, 0.5905457636785708, 0.26596843140462506, -0.2542064160936612, 0.01684179279925903, -0.3845594158296254, -0.09387378818348825, 0.6479978343279956, 0.08905378770036965]], "inverted": false, "swapped": false, "error_lsq": 0.04342375909230237, "error_max": 0.2169902776065338, "target": "320.xyz", "model": "22.xyz", "model_rescale": 4.204369325754507, "target_rescale": 3.69781022972519},
{"mapping": [12, 14, 8, 1, 4, 9, 11, 5, 10, 13, 7, 15], "R": [[0.7015866683634561, 0.2674794637819574, -0.6604777689139754], [-0.07147122224629102, -0.8957892166470917, -0.4386952743413258], [-0.7089908399727654, 0.3549879093627083, -0.6093566878610642]], "T": [-0.15045385677317377, 0.009798757217976073, 0.07778275888869571], "aligned_model": [[-0.6677740731321399, -0.4153683903684592, 0.276799043426903, -0.16009352500026072, -0.6353046527993812, 0.25208092472883925, 0.20179566179497258, 0.6678070128092538, 0.17097412067543863, -0.386344209508518, -0.1657478153919777, -0.12067634882244968], [0.13429132663337298, -0.2591631526139147, 0.12007623576671894, 0.6664623222106607, 0.05191041185825712, -0.6013842043887527, -0.48918454011962387, -0.04679251549408836, 0.05305387549426349, -0.602929453612437, -0.41685800845247445, 0.021493522054155233], [-0.05267971125524215, -0.5983967609326014, 0.6922467468745759, 0.012825363720720073, 0.6235036974207343, 0.30893418994481026, -0.30451182326807724, 0.2138313528612387, -0.6382598983620612, -0.06451877487297084, 0.6375645450149856, 0.054036618052457255]], "inverted": false, "swapped": false, "error_lsq": 0.040521443293877406, "error_max": 0.26242680903783366, "target": "320.xyz", "model": "23.xyz", "model_rescale": 4.410303926677745, "target_rescale": 3.69781022972519},
{"mapping": [7, 1, 5, 0, 13, 9, 10, 4, 3, 11, 14, 16], "R": [[0.45850476139152885, 0.8218754079576036, -0.3380742486138512], [0.7603738946112741, -0.16589393072423492, 0.6279416725640575], [0.46000535233297074, -0.544977079833075, -0.7009957619569709]], "T": [-0.05984799215051224, -0.12530682370170756, 0.2130301528339864], "aligned_model": [[-0.6514543354352446, -0.36631110411418716, 0.31109317106010836, -0.15470596101058984, -0.6078115382429673, 0.143724190943473, 0.22583301867184208, 0.580881721449943, 0.3037206489469721, -0.4196796445100962, -0.3138261897184838, -0.033316229628548896], [0.07727174876709564, -0.1110096587721873, 0.27993568688077664, 0.5646400458626598, 0.015900230800771326, -0.7083131095954182, -0.5178704676272652, 0.039326330477672145, 0.21764744018000506, -0.6146390529113228, -0.5334890563059548, -0.07842431842069461], [-0.012568502401516385, -0.5883507189435072, 0.5192705722444384, -0.079136056725295, 0.630143019743715, 0.3183013288849547, -0.22063341699753736, 0.022647034765241547, -0.5349345527036096, 0.03471403458416894, 0.6895092501309951, 0.10561355261652096]], "inverted": true, "swapped": false, "error_lsq": 0.03921863090555824, "error_max": 0.22981979653878243, "target": "320.xyz", "model": "24.xyz", "model_rescale": 4.28219845311461, "target_rescale": 3.69781022972519},
{"mapping": [14, 12, 0, 2, 6, 1, 9, 4, 13, 11, 8, 15], "R": [[-0.49597630027516637, 0.49519113805081677, 0.7132974459237149], [-0.41039975107878585, -0.857595245114478, 0.3100039352516493], [0.7652316994739754, -0.13898248937537103, 0.6285732365979292]], "T": [-0.0018897525680272587, -0.21503642122142824, 0.009392846383159556], "aligned_model": [[-0.6704588340661308, -0.4142665709543809, 0.22248462131820462, -0.09363192313712043, -0.449108060106549, 0.280509890124216, 0.15182552759374873, 0.6392761315914474, 0.055083092655871274, -0.4283863286651471, -0.29743961365914423, 0.02225981571720593], [0.1348309814167672, -0.22288012814028962, 0.25041109666401623, 0.46063920379265283, 0.1488576831337985, -0.49981473453450437, -0.7043302726439561, 0.10967666398789627, 0.13244550473680433, -0.49624187704272454, -0.5125553274771486, -0.17006297455717523], [-0.09430290440063062, -0.6342714575457933, 0.6407159969750307, 0.07124628839750127, 0.7020500496077481, 0.5084210549250454, -0.43087618896200913, 0.1439896305555648, -0.4690701751518965, -0.17902486361875375, 0.5626367681376105, 0.06306134627915139]], "inverted": true, "swapped": false, "error_lsq": 0.041624109786166506, "error_max": 0.22978656413719759, "target": "320.xyz", "model": "25.xyz", "model_rescale": 4.100010024507729, "target_rescale": 3.69781022972519},
{"mapping": [7, 3, 4, 5, 9, 0, 1, 6, 2, 8, 10, 11], "R": [[-0.5477536146687779, -0.19910596328455504, 0.8126024815380628], [0.36831918078792064, 0.8146977495835293, 0.4478934671182965], [-0.7512036732344987, 0.5446323459069089, -0.3729190919099399]], "T": [-0.046949815166552236, -0.13929856665463472, 0.022254717913029624], "aligned_model": [[-0.6070346405734335, -0.5049421866098811, 0.24531035397770623, -0.03061914421752994, -0.6195332511728574, 0.37967430480739517, 0.23213082306793364, 0.5276263538364553, 0.2044669045562943, -0.4612477567609309, -0.26860929394187993, -0.07907471855705121], [0.21408130028027675, -0.27705850225037987, 0.2704286858055793, 0.588094017085453, 0.0612532290848006, -0.6519316334275284, -0.6944584514622654, 0.15798123506673137, 0.09408670883662743, -0.5866876195674894, -0.4669860005136872, -0.07782714960198041], [-0.11910972135427528, -0.6329832650337144, 0.7381787029529355, 0.20885458025972214, 0.5801418822893104, 0.3814742539092296, -0.3139863465351011, 0.06662907588369654, -0.6335487836118928, -0.0488654612150771, 0.5306742136981654, 0.12711641395557013]], "inverted": false, "swapped": false, "error_lsq": 0.049471262478170415, "error_max": 0.28650415594326695, "target": "320.xyz", "model": "26.xyz", "model_rescale": 3.6694154284099745, "target_rescale": 3.69781022972519},
{"mapping": [6, 0, 9, 7, 12, 10, 4, 8, 5, 2, 11, 13], "R": [[0.219208842624858, -0.96750782069297, -0.1260003976700469], [-0.7323625353716383, -0.2484927511719388, 0.6339530498380985], [-0.6446647191363089, -0.046690143638038306, -0.7630382889396594]], "T": [-0.06299959465120211, -0.017816861033105078, 0.04826703455248117], "aligned_model": [[-0.733910729459471, -0.2539454904341689, 0.1763453622181725, 0.10566275397856936, -0.6097968176853128, 0.2531020556853103, 0.30135301746676235, 0.5751632245828369, 0.11269623871466747, -0.49478522011644976, -0.3150119618169569, -0.09872468472173843], [0.12374155329903892, -0.262998195491535, 0.1594111094497226, 0.5876700587659965, -0.013453909505266717, -0.4636891892125503, -0.6548184900915595, -0.0196016516135381, 0.29623274726406496, -0.54228537193202, -0.5169159362790917, -0.06231690531712416], [0.016175036695675868, -0.535136017590688, 0.6615922122274954, 0.015600127362952979, 0.623355353764061, 0.29960014719586303, -0.3218770842831657, 0.015067289073086368, -0.6563479790453108, 0.023295031822574544, 0.6990860179336555, 0.04416541004236857]], "inverted": true, "swapped": false, "error_lsq": 0.04586124247049169, "error_max": 0.2928776045961553, "target": "320.xyz", "model": "27.xyz", "model_rescale": 4.103607728864725, "target_rescale": 3.69781022972519},
{"mapping": [13, 12, 7, 4, 11, 5, 3, 1, 2, 10, 6, 14], "R": [[0.25756350254889726, -0.6664043735429825, 0.699690112176476], [-0.9488285714273059, -0.31135856164092307, 0.05272748937806171], [0.1827166773941622, -0.6774666464230404, -0.7124981114265198]], "T": [-0.16021669731540522, -0.23673231172061016, 0.11957728282963317], "aligned_model": [[-0.5713904334522799, -0.44757602341721714, 0.14881527102944186, -0.011997224199310708, -0.6246047424579495, 0.3508136051848858, 0.07598722494964688, 0.6614659567710665, 0.13727800937983642, -0.4478625246160489, -0.23328101985251076, -0.01950035090733923], [0.24267572107135948, -0.10235716420243793, 0.08175284353635559, 0.6004184966352009, -0.04734750747988481, -0.42961744327673257, -0.539633741232345, 0.1195457679300434, 0.07484891367112029, -0.6532689682556836, -0.5222090461070448, -0.19383205295381362], [-0.025255827195246022, -0.6783334606476795, 0.6880380941308516, -0.1947772924399452, 0.5891924155826951, 0.6061816049774204, -0.5253950295010295, 0.09192989581524427, -0.4768577477510506, 0.060143554149170636, 0.6803195603048745, 0.06938977777326358]], "inverted": true, "swapped": false, "error_lsq": 0.04873073477104118, "error_max": 0.25550167989570477, "target": "320.xyz", "model": "28.xyz", "model_rescale": 4.137296879288765, "target_rescale": 3.69781022972519},
{"mapping": [6, 5, 2, 4, 3, 7, 8, 9, 0, 1, 11], "R": [[-0.8158556785982861, 0.022507074839933527, 0.5778173961391954], [0.24675401275562758, -0.8901472852186375, 0.38307997573207253], [0.5229645962088884, 0.4551167346956595, 0.7206780064023288]], "T": [0.0811611700561639, 0.054892069748541904, -0.07557184676853879], "aligned_model": [[0.4509770724688093, 0.10844665607843469, -0.135381869255413, -0.7420246017899074, -0.0619980293180641, 0.6180138230805549, 0.5610952717999514, -0.29421074017345095, -0.46757379053968, 0.19335723959618406, -0.009282021237520532], [-0.36981402452655265, -0.6755104784034646, -0.06716447358465921, 0.027111920976620955, 0.6595377918665017, -0.15971024661176544, 0.37790968741875053, -0.3649153071460577, 0.3253532705776125, 0.2185249586449833, -0.05217528256401755], [0.42597977189517733, -0.26003887112117335, -0.7382039825577247, -0.3182538156462057, -0.23639463691968435, -0.4798314581153943, 0.020386362834973665, 0.4616553334714044, 0.2837943775920131, 0.7097507059646396, -0.06308976561502709]], "inverted": true, "swapped": true, "error_lsq": 0.04676381485207393, "error_max": 0.23180271695114887, "target": "320.xyz", "model": "29.xyz", "model_rescale": 3.607286011436655, "target_rescale": 3.69781022972519},
