[{"mapping": [2, 10, 1, 5, 3, 4, 9, 11, 8, 6, 7, 12], "R": [[0.8017791535559127, 0.5572279948334528, -0.21597951453101827], [-0.2575322899219456, -0.003963695204519373, -0.9662615633294563], [-0.5392840703847313, 0.8303500773133076, 0.14032619333203994]], "T": [0.02037474230670165, -0.055776158545091374, -0.006439305284936584], "aligned_model": [[-0.2312284108804093, 0.2595375797389113, 0.4697998144617207, -0.20246970377342938, 0.01884392311947898, -0.5859581213438079, 0.3778186369904559, -0.35134687681402443, 0.4466706349054688, 0.27543542329378157, -0.5595950443612122, -0.07986539287638479], [-0.3928546639530416, -0.7878126896735194, -0.24472741616974095, 0.6702077975013427, 0.3587703885780847, -0.5730731881631907, -0.3082685196248219, -0.36675140429241854, 0.25535742834892106, 0.3533675603723162, 0.17976712504571757, -0.09042738199259204], [-0.5376467289576319, -0.1502859282039315, -0.5485936779926917, 0.07368389455858897, -0.6756146580457759, 0.07421177674718853, 0.5379034527353524, 0.683156192909801, -0.1397327218529423, 0.5502792024613847, 0.3193782826939771, -0.0047873416997571226]], "inverted": false, "swapped": true, "error_lsq": 0.04041937304235021, "error_max": 0.23019081195400315, "target": "322.xyz", "model": "0.xyz", "model_rescale": 3.751011558992144, "target_rescale": 3.8382426168625625},
{"mapping": [3, 9, 12, 13, 7, 2, 8, 0, 5, 4, 11, 1, 14], "R": [[-0.05071602577432399, 0.24072483277632462, 0.9692674757849191], [-0.5113207507986707, -0.8399298881497395, 0.181848488570706], [0.8578921695250179, -0.4863839408097034, 0.16568550808710203]], "T": [-0.005488013527115546, 0.05259037522620209, 0.08567156775300332], "aligned_model": [[-0.3598424660147123, 0.6110881117633705, 0.1203681697145831, 0.20857295856701236, -0.34432841170151524, -0.3325729263377718, -0.18483431239820802, -0.7408692388683329, 0.3004808664892909, 0.011325705865770377, 0.48057571198083493, -0.5495215479911005, 0.027978274127333808], [-0.6004710097373644, -0.13958144032613545, -0.6326234132439844, -0.46284560227828436, -0.23838206048616933, -0.12657535628539518, 0.5333317376108575, -0.1263373201330892, 0.10865625507518177, 0.8343097418962974, -0.1722275332255478, 0.3483565241375669, 0.011849832204491956], [-0.09138672486402961, -0.045070530912204906, 0.3437750146640771, -0.3790927290907737, 0.5757728328175493, -0.6523346669440133, -0.33520953150622823, 0.03367299326727641, -0.45592395343775205, 0.20486091510791926, 0.6772203414913895, 0.4054143518351475, 0.10063913897526001]], "inverted": false, "swapped": false, "error_lsq": 0.03412057716559779, "error_max": 0.1948350756152056, "target": "322.xyz", "model": "1.xyz", "model_rescale": 3.9405287249114394, "target_rescale": 3.8382426168625625},
{"mapping": [11, 9, 10, 5, 3, 0, 1, 6, 2, 4, 8, 7, 12], "R": [[-0.43133052073115524, -0.6490691786616323, -0.6266284251430865], [0.604415710086901, 0.3077608311649384, -0.7348230536672169], [0.6698026808590256, -0.6956956749270333, 0.259560968949266]], "T": [-0.09610365822318498, -0.008325419163540022, 0.024159980809729115], "aligned_model": [[-0.16147410779724, 0.513162569866638, 0.15401211252914973, 0.1761060308984199, -0.2609450811881816, -0.4911725692661727, -0.24233616616248702, -0.5979852190168778, 0.2853365173541619, 0.09876801214360326, 0.5235691108567825, -0.7136306962232692, -0.034989618797971425], [-0.70640908011335, -0.5165655215950701, -0.5399645693029647, -0.36124066171394037, -0.03556352831294816, -0.07840107608121716, 0.6817198249571461, -0.20730547945630012, 0.1886483854346413, 0.5522675285717624, -0.01214330759467281, 0.3326806360762149, 0.039737204339123866], [-0.10241093083500558, 0.1686167863941205, 0.6293781518624216, -0.549799074437821, 0.570863803051472, -0.7120057247965174, -0.3359510396360085, -0.03810981869693464, -0.5048715308030017, 0.39759846425876044, 0.4896498873581473, 0.38649281231248556, -0.017114334628501746]], "inverted": false, "swapped": false, "error_lsq": 0.060417625333425685, "error_max": 0.4020127113641606, "target": "322.xyz", "model": "2.xyz", "model_rescale": 3.932901565614263, "target_rescale": 3.8382426168625625},
{"mapping": [1, 6, 10, 2, 11, 0, 7, 3, 5, 9, 12, 8, 13], "R": [[-0.2948499446314546, 0.9238539169130382, -0.24404395168752943], [0.7942703438028111, 0.09497264183308729, -0.6000956742542045], [-0.5312232403671665, -0.37077504973727815, -0.7617924463960813]], "T": [-0.1420178002134334, -0.036072304259582175, -0.024177341242217838], "aligned_model": [[-0.2681505640815376, 0.4863391849321583, 0.17456792660946802, 0.17409543557656376, -0.4981305002756863, -0.42294173423573794, -0.19142256452360168, -0.6507386217626232, 0.48153741152129576, 0.09165991474342694, 0.4917835292413963, -0.5849810147687795, -0.03519750777978786], [-0.7592680055581953, -0.2958221557374245, -0.4590249137161377, -0.5267442707525875, -0.2466570430315222, -0.2603713319371006, 0.6120039709276551, -0.02400234110673899, 0.3100456429040386, 0.5847015095582317, 0.04095745508016803, 0.39604787312764567, -0.03440603454960741], [-0.1234100193999378, -0.09043271504495144, 0.45958913964203896, -0.6187471829215316, 0.7673695689394554, -0.5896170096590689, -0.3196411430014777, -0.06592563214167078, -0.11462594667295307, 0.29177761915478484, 0.3947404324519589, 0.370591538455174, 0.020668801601796547]], "inverted": true, "swapped": false, "error_lsq": 0.052280071556999985, "error_max": 0.37946131306195097, "target": "322.xyz", "model": "3.xyz", "model_rescale": 3.9243930471874484, "target_rescale": 3.8382426168625625},
{"mapping": [3, 5, 6, 0, 10, 2, 7, 4, 1, 9, 11, 8, 12], "R": [[0.9459735956767275, 0.2652854636952407, 0.18643384626844156], [0.1969072437984658, -0.9268288335297574, 0.3197121372071463], [0.25760724683543995, -0.2657290651958697, -0.9289922337070393]], "T": [-0.07283499564755115, -0.014414724777508589, 0.1394085377713556], "aligned_model": [[-0.30018210406878276, 0.5931678067604079, 0.2233772495579489, 0.19936179691123002, -0.46840679929157825, -0.41632615383773824, -0.4070604007277127, -0.6292612145532331, 0.2976158423788744, 0.20710962849682635, 0.3624820219421635, -0.43242548198770214, 0.018968703615851318], [-0.6214387951108686, -0.2887740105440703, -0.6333226985549801, -0.36209496901846583, -0.18007858011619104, -0.24465431889505085, 0.3899789403465238, -0.026234155780805644, 0.33324248840471793, 0.5622217837205336, -0.010790153803889632, 0.47086178584084776, -0.051456961279876076], [-0.04166724938170016, -0.09466484660476354, 0.36463673432252475, -0.5874681417595347, 0.6990567797189633, -0.6853447852648911, -0.4669559574942647, -0.0670313648762696, -0.3626481708885047, 0.4340417610451836, 0.8001808420256815, 0.31699727415954365, 0.07320457640164935]], "inverted": true, "swapped": false, "error_lsq": 0.05274945057206927, "error_max": 0.3109072586775213, "target": "322.xyz", "model": "4.xyz", "model_rescale": 3.8936222436046832, "target_rescale": 3.8382426168625625},
{"mapping": [3, 8, 2, 0, 10, 9, 6, 11, 7, 5, 4, 12], "R": [[-0.8530621996787696, -0.4609503860026515, -0.24456006444885067], [-0.24865198982579084, -0.05295418500486376, 0.9671442716814], [-0.4587560042494203, 0.8858445664643869, -0.06944301714807999]], "T": [-0.19453210709861618, -0.0897964889407574, -0.05089536967538575], "aligned_model": [[-0.032139550712507015, -0.43636652750303606, -0.14826005371064024, 0.41295561931460695, -0.748237091410491, -0.6041479957918303, -0.20978471729830309, 0.02281953786045654, 0.442322159477287, 0.33917259909856495, 0.11052600861047035, -0.12131194571948092], [-0.6010192170645602, -0.5772822480648622, 0.1937253646427539, 0.02412109982735712, 0.4100909536680697, 0.09640079790913139, -0.43178657598426307, 0.49929614395896627, 0.03268460296185141, -0.6059512696520551, 0.644030185546642, -0.015386932639224096], [-0.6270262712609248, -0.06405514168477362, -0.6645578567825633, -0.46419528421485085, -0.2902518647001916, 0.483307740161361, 0.6011783752557547, 0.5113791620407941, 0.22734502602440457, 0.12764204284817848, -0.15178299665746148, -0.06969821175420877]], "inverted": false, "swapped": true, "error_lsq": 0.04218811033297337, "error_max": 0.29561069752984903, "target": "322.xyz", "model": "5.xyz", "model_rescale": 3.6523030999806103, "target_rescale": 3.8382426168625625},
{"mapping": [2, 11, 4, 10, 3, 6, 8, 1, 9, 5, 7, 0, 12], "R": [[-0.28980231674729456, 0.14378779651693002, 0.9462239094319624], [0.6565536285163532, 0.7492180339877372, 0.08723342495603448], [-0.6963849151797525, 0.6465271897765443, -0.31152952153806107]], "T": [-0.055595059606193986, -0.030445868511449616, -0.04949256875054375], "aligned_model": [[-0.5146107834214673, 0.7032273512039597, 0.053169474939564254, 0.2481693962647012, -0.1478987476024101, -0.35129811306396225, -0.08323103146683244, -0.7416280871500351, 0.5667499447173461, -0.20988323843302797, 0.3437947776295185, -0.5582453205195674, -0.059894727901231785], [-0.6345910124903867, -0.3436839241146253, -0.5775144815844904, -0.5087598826641225, -0.1891978098499638, -0.11057328722384828, 0.49190044745282635, -0.010155498529281385, 0.16096195770433205, 0.5980823390409078, 0.19553459287670652, 0.24997207143447406, 0.015484843155896547], [-0.026583083681518155, 0.26774468082016256, 0.08473786946039807, -0.58579090072782, 0.6205212768164937, -0.6228718176062639, -0.4738670283076164, 0.05691162288897948, -0.3636782062923063, 0.1627595930100937, 0.4567076373742768, 0.76036681698188, 0.045378990666857716]], "inverted": true, "swapped": false, "error_lsq": 0.061064427260135085, "error_max": 0.30760039383314247, "target": "322.xyz", "model": "6.xyz", "model_rescale": 4.08911054899281, "target_rescale": 3.8382426168625625},
{"mapping": [1, 3, 9, 0, 11, 2, 7, 13, 6, 5, 8, 12, 14], "R": [[0.779898000635937, 0.14185962202653504, 0.6096186974187691], [-0.024241693474413583, -0.9664002187735065, 0.25589638030267514], [0.6254370063416145, -0.21435126496712678, -0.7502546809620263]], "T": [-0.04305709875512477, 0.03701478213103789, 0.13094250306974942], "aligned_model": [[-0.3216342606062065, 0.6779449450078591, 0.19332224401167536, 0.3456979894979524, -0.37160866092741174, -0.31259625064772767, -0.2649943107857865, -0.7609719585263817, 0.1950050962991639, 0.044917523979607216, 0.43892964631177056, -0.5749926153708736, -0.040598493047085245], [-0.60332740762712, -0.20758884864420568, -0.671423247349806, -0.522625490508832, -0.19632051275794238, -0.12138052627781334, 0.5589861198424344, 0.03845420561410438, 0.08283182606041423, 0.7852740862339131, -0.0822616415702696, 0.39397620519908777, -0.11713441300553978], [-0.09334013951794276, -0.0853363746944511, 0.3692651260123163, -0.5173849062697006, 0.5577206352536501, -0.612293068712398, -0.3959149359602818, -0.012203242697549577, -0.3053717829959062, 0.24438724363312, 0.5985009332299056, 0.4433926056704144, 0.19091535845244073]], "inverted": true, "swapped": false, "error_lsq": 0.032463179858856064, "error_max": 0.17964221697652222, "target": "322.xyz", "model": "7.xyz", "model_rescale": 3.964800864290218, "target_rescale": 3.8382426168625625},
{"mapping": [4, 7, 2, 12, 0, 11, 10, 6, 9, 5, 1, 3, 13], "R": [[0.7806512837862826, -0.5946467458186386, 0.19229878005367623], [-0.6033222826551836, -0.6367771195161064, 0.4801219879494263], [-0.16305151448106076, -0.4908259852005328, -0.8558645078967574]], "T": [-0.04833854737591221, -0.04991151341704177, 0.07086675511340425], "aligned_model": [[-0.34423586777661136, 0.6035368563293253, 0.010361630005303817, 0.3404243124087446, -0.31179510482884726, -0.41767818764914333, -0.20269191528399122, -0.6129646229944679, 0.1894831561031498, 0.10231328584601318, 0.45050980633044974, -0.5545400207190854, -0.0043024325742847605], [-0.6422759267375088, -0.33066342634913504, -0.6372678365755466, -0.4034533654588624, -0.1773648987033754, -0.16951516842526004, 0.6480517811692192, -0.1657569969075557, 0.17167407598396434, 0.7623867786371612, -0.026303170296200204, 0.3007834443383416, 0.00716506453318249], [-0.1671302461807866, 0.12645440114034556, 0.3711592235091795, -0.47185466052768144, 0.7247059168625648, -0.6615378600585615, -0.33429529917223216, 0.005421802176018148, -0.5359259530767486, 0.1994989161038746, 0.6309675115063372, 0.4539278608035505, 0.04094583831775693]], "inverted": false, "swapped": false, "error_lsq": 0.03958631512838276, "error_max": 0.20150188592060173, "target": "322.xyz", "model": "8.xyz", "model_rescale": 4.121658175737393, "target_rescale": 3.8382426168625625},
{"mapping": [2, 11, 3, 8, 0, 6, 9, 1, 7, 5, 10, 4, 12], "R": [[-0.3669511534406936, -0.6440928804910123, -0.6711864214131091], [0.5999880182277822, 0.3875100299176011, -0.6998931023351772], [0.7108876345609365, -0.659530392032127, 0.2442507584723248]], "T": [-0.0027685430678869513, -0.05019481049219868, 0.0005538229150692103], "aligned_model": [[-0.25965194533232344, 0.5877827247280989, 0.2707151781788834, 0.1110512237454706, -0.4005908677669044, -0.37479794493826946, -0.22800730925763393, -0.6668490860161477, 0.45801514776302227, 0.0990493187374677, 0.4450553049240274, -0.7046700346611762, -0.0886808149079599], [-0.6941414166817187, -0.2755100082577685, -0.6632545848913777, -0.4446609444026238, -0.0757225049573653, -0.01768607896113919, 0.6315267042251139, -0.21576562255341308, 0.2871893172941713, 0.4437709297544442, -0.02462169268550153, 0.4525190854935379, -0.0661828281679345], [0.04166509724380843, -0.05872801506183778, 0.41534094747014627, -0.6011062701670756, 0.6787204528141237, -0.5831578838479358, -0.42100648310507893, 0.08126970973088928, -0.3586971351842528, 0.35741356673012686, 0.6131553634050723, 0.20729267412761465, 0.010175427248016764]], "inverted": true, "swapped": false, "error_lsq": 0.049077046733412, "error_max": 0.3059108302046534, "target": "322.xyz", "model": "9.xyz", "model_rescale": 3.833441315466971, "target_rescale": 3.8382426168625625},
{"mapping": [13, 1, 5, 0, 2, 10, 11, 8, 12, 7, 4, 9, 14], "R": [[0.07208930301962513, 0.3199075993251085, 0.9447022071976918], [-0.40797593355179684, -0.8548471378278854, 0.3206119283339479], [0.9101421702309396, -0.40852845536329374, 0.06888926713064158]], "T": [0.05121216254107578, 0.022203157365457922, 0.037853606756420785], "aligned_model": [[-0.28529879011125125, 0.6402965437179157, 0.20077900048518038, 0.12326052010570218, -0.37520993478580494, -0.37300114171477056, -0.16509001387980504, -0.6961773873488412, 0.4065523633796439, -0.12579215484581008, 0.5243931584570913, -0.6218237652705791, -0.004467502992115395], [-0.6985894124472984, -0.353418740431654, -0.5487809161169677, -0.5447968182031521, -0.295652808119161, -0.07530621121394099, 0.560297443993756, 0.15401666770128775, 0.2138922805082324, 0.6351904813910957, 0.023613172771256748, 0.2162637788973405, 0.05073143647762975], [0.09175157946784025, -0.2019311189093746, 0.3680689157350152, -0.3324746578698455, 0.5213637256213932, -0.659490740787498, -0.3213190372702977, -0.13989177738908548, -0.40936969210840035, 0.22976501598501942, 0.6797339204058752, 0.4468441220230698, 0.10928719649990568]], "inverted": true, "swapped": false, "error_lsq": 0.04275781903787638, "error_max": 0.2687952773787614, "target": "322.xyz", "model": "10.xyz", "model_rescale": 4.2482417240324, "target_rescale": 3.8382426168625625},
{"mapping": [10, 1, 0, 3, 11, 7, 4, 5, 8, 6, 9, 12], "R": [[0.21291823755592676, 0.5235472036237575, 0.824963120202244], [0.8948304239188307, -0.443536982320904, 0.05053174985008929], [0.39235740918876993, 0.7274429674492773, -0.5629230787268064]], "T": [-0.02496997454281178, -0.009949978583759657, -0.07502772542795294], "aligned_model": [[-0.6554757424192499, -0.07790195777335837, 0.4004694760399527, 0.6210422482653155, -0.48531895540552894, 0.19911480387264852, -0.32953440712878246, 0.6234900302860947, 0.17763721494392062, 0.009403174893717413, -0.5793727235974536, -0.02678755961426974], [-0.444344734231315, -0.726301486983493, 0.02068353686182232, -0.4588318346498951, 0.6563734271536315, 0.5967646795844705, 0.19308637553766597, 0.3615007850313849, -0.23191058852798516, 0.45616268539222204, 0.21507148902258635, 0.027877055859544246], [0.09089957666790766, -0.20014990032244506, 0.5339864252705822, -0.04638993293535704, 0.15845985776433308, 0.207259412385771, 0.6375430435037746, -0.23205011582428187, -0.5288814972994227, -0.6441915873003297, -0.435347721287723, 0.02405472923154736]], "inverted": true, "swapped": true, "error_lsq": 0.0511658685444785, "error_max": 0.306894171772334, "target": "322.xyz", "model": "11.xyz", "model_rescale": 3.6694154284099745, "target_rescale": 3.8382426168625625},
{"mapping": [6, 9, 11, 7, 4, 5, 12, 0, 10, 2, 8, 1, 13], "R": [[-0.028779995236238864, -0.5343879286569306, -0.8447492252615315], [0.49584685533029743, -0.7414257693172694, 0.4521324193766145], [-0.8679329512890138, -0.40585387801282724, 0.28631280405998605]], "T": [-0.06870409137205942, -0.062189468699514354, 0.02170069154793495], "aligned_model": [[-0.30586392434274307, 0.6959920488757149, 0.20260294783529664, 0.28111715985805247, -0.4433635591778044, -0.438357673529798, -0.22555579529758674, -0.7832062332891282, 0.3921946915473411, 0.10583822556544946, 0.4629009781980324, -0.5113702989769564, -0.1845076720693152], [-0.5672964809172485, -0.30671215899530535, -0.6430904846016582, -0.31929433065197665, -0.25773151465810396, -0.2622762645400102, 0.4630337742582611, -0.07380206647511012, 0.2588843304416897, 0.5112396484038138, 0.04140917988849021, 0.5349559573322726, -0.04185923427668952], [-0.07036967983972395, 0.010093197815262835, 0.3877268505959872, -0.5813643966620763, 0.6292138528836686, -0.6623258399586418, -0.3799292230489057, 0.01222962010476137, -0.2749686778127922, 0.2805975834730815, 0.5501524124545917, 0.4265926066506893, 0.05468914474771464]], "inverted": true, "swapped": false, "error_lsq": 0.042124091928985335, "error_max": 0.2558443062456008, "target": "322.xyz", "model": "12.xyz", "model_rescale": 3.9764082729961374, "target_rescale": 3.8382426168625625},
{"mapping": [12, 0, 9, 5, 10, 6, 14, 13, 4, 3, 2, 11, 15], "R": [[0.2932098805872971, -0.2572834028117129, 0.9207785925854322], [0.5136502283429379, -0.7699063822275998, -0.3786919665486146], [0.806344472821158, 0.5839943606258841, -0.09359047979326801]], "T": [-0.029942936888326457, -0.0832017133035926, 0.07091833757313705], "aligned_model": [[-0.3976685141097341, 0.6697964188309563, 0.23493700016920166, 0.2409979448639349, -0.4960530480934349, -0.2739615333960187, -0.5019249252407504, -0.6099875556650993, 0.4490574624505483, 0.011807188442197344, 0.49759335364441165, -0.582655945960008, 0.006483049260350551], [-0.5904086319284144, -0.2764161531446785, -0.6229564221465106, -0.5919888316297099, -0.1579595279094593, 0.05480602321910033, 0.49208273687328485, -0.12458891158210789, 0.08960471912133827, 0.7452040744467683, -0.07884632963941576, 0.3929315438294473, 0.005996065698782679], [0.19229616299674604, 0.059046193844230196, 0.07253070971348494, -0.5378103480130041, 0.721533071763796, -0.6397627406310957, -0.22078158294562072, -0.11964893725038077, -0.43559945690697244, 0.2139016413893563, 0.6692042280220225, 0.38452661202427535, 0.022901897396779572]], "inverted": true, "swapped": false, "error_lsq": 0.04749315633152084, "error_max": 0.35455800363936385, "target": "322.xyz", "model": "13.xyz", "model_rescale": 4.170626492500431, "target_rescale": 3.8382426168625625},
{"mapping": [10, 1, 9, 7, 11, 8, 4, 12, 0, 2, 3, 5, 13], "R": [[0.16224725845949955, 0.8715843735595586, 0.4626191812810715], [0.23351764611660963, -0.48942861634209267, 0.8401958929069001], [0.9587206767742807, -0.028289737931926906, -0.28293878251877846]], "T": [-0.017557755373140818, 0.03389424418833036, 0.04595316660092309], "aligned_model": [[-0.26179545175729757, 0.6396587856901146, 0.13046592053067185, 0.2114880209093845, -0.263630125748869, -0.35455519514190986, -0.3695227851571045, -0.7335002413747637, 0.44235302108096636, 0.27844329466197804, 0.3803337591847353, -0.7773363245273683, -0.07398178315398245], [-0.46023015917817944, -0.36448598485357764, -0.6913511011177325, -0.4410253722858055, -0.22135881864234502, -0.06940015110442563, 0.5345095144728911, -0.0608610972810515, 0.12588984246078264, 0.621401504220669, 0.10435093040275678, 0.22365683537241376, 0.03636441274202887], [-0.07453470265353991, 0.03275918476397317, 0.3752169194612883, -0.5700169569797611, 0.657470879823014, -0.6077434650986157, -0.31261077408485, -0.07301701112026167, -0.3226622076413303, 0.033674525644136186, 0.6046944326985733, 0.5084966923336746, 0.13060993425731626]], "inverted": true, "swapped": false, "error_lsq": 0.04757330047671201, "error_max": 0.3056125713141844, "target": "322.xyz", "model": "14.xyz", "model_rescale": 3.9786697098870705, "target_rescale": 3.8382426168625625},
{"mapping": [0, 4, 5, 3, 7, 6, 10, 9, 8, 1, 11, 12], "R": [[0.2466859442087978, 0.10562241352165058, -0.9633223503540629], [-0.6268551771954316, 0.7754692500904559, -0.07549853632641101], [0.7390525230002929, 0.6224880303475785, 0.2575073209073758]], "T": [0.06615127241677021, -0.04117910088633457, 0.03115267614138763], "aligned_model": [[-0.08145041163916883, -0.678601578948987, 0.5774681311422156, 0.5455917142718838, -0.057988502500198505, 0.4388609682767528, -0.43132653481446087, -0.08488200289811226, 0.5580256091450699, 0.20906698429721587, -0.5006429211125748, -0.010766858452299355], [-0.3224339922887491, -0.04964347908360895, 0.2166534393614779, -0.595222686243326, 0.3612172390674388, 0.5804213723458069, -0.36319480510969004, 0.4098077474114298, -0.12178375841292101, -0.6358681342751796, 0.5768802410948418, -0.042158693643081814], [-0.6411157249142058, -0.2638251198223029, -0.4740299937031546, -0.2566309302719536, -0.5351239297714246, 0.16188279842384873, 0.5435879541876104, 0.5426479164609344, 0.24992643575072127, 0.428061847048746, -0.05353208453612546, -0.041882674978863985]], "inverted": false, "swapped": true, "error_lsq": 0.04201069568144159, "error_max": 0.23631301151288348, "target": "322.xyz", "model": "15.xyz", "model_rescale": 3.769337070930944, "target_rescale": 3.8382426168625625},
{"mapping": [5, 6, 0, 7, 3, 8, 2, 9, 4, 11, 12], "R": [[-0.9243723514396632, 0.27866416095096247, -0.26054182254564084], [0.3537376032342161, 0.8818236532148321, -0.3118601492479606], [0.14284769494822264, -0.380438339330231, -0.9137073962793757]], "T": [0.14759152154468752, -0.03831645809276638, -0.009644626862950867], "aligned_model": [[-0.3807669057569751, -0.3032683246109751, -0.003147947475503121, -0.5005642992055432, 0.40814828752509436, 0.31371824555785255, 0.5473764475212426, 0.08287674397320934, 0.023369785375306096, -0.3754099152812173, 0.11029401306867936], [-0.040573068573076417, -0.6148314895195189, 0.6600287094005355, 0.23936698815554872, 0.2103131961827211, -0.39539313632797, 0.5076903015450475, -0.5581252948844865, 0.539237621423321, -0.0041120866229509626, 0.05246275684617086], [-0.5609742548961363, -0.09177773983179677, -0.2156228141790853, 0.0184378985935809, -0.7096019845629813, -0.38540730365463555, 0.024355723995115486, 0.45234924670741994, 0.531410454366935, 0.6504493624826476, 0.030599018202713296]], "inverted": true, "swapped": true, "error_lsq": 0.043418413790953604, "error_max": 0.21528895767928266, "target": "322.xyz", "model": "16.xyz", "model_rescale": 3.7852294659196426, "target_rescale": 3.8382426168625625},
{"mapping": [2, 5, 7, 1, 11, 3, 0, 8, 4, 10, 6, 9, 12], "R": [[0.936531537180532, -0.26647433712473567, -0.22781595097842267], [0.07435957964667797, -0.48405017462125166, 0.8718750376997298], [-0.34260667357925134, -0.8334787676378258, -0.43351333441532325]], "T": [-0.08796356250403814, -0.07796140399804113, -0.026031767221398504], "aligned_model": [[-0.29493973109534644, 0.5632734128231066, 0.2119451094596566, 0.22459668175950226, -0.3945199140493358, -0.41955023102929834, -0.27112697210933057, -0.7304158291763915, 0.38979477090083403, 0.1878068014270713, 0.46633863264754805, -0.5775370940139918, -0.10724474234746918], [-0.6529325668549555, -0.14740443740327674, -0.5775449502962755, -0.5061241396816212, -0.2826392236465784, -0.23272472659164709, 0.4535125424729, -0.008314171429443726, 0.31219749748786535, 0.5168671154448972, -0.05897625121877581, 0.5437770659605139, -0.022233399035177084], [-0.05164521190380826, -0.08327753246751958, 0.36370926721746366, -0.46561898237322524, 0.6080520347357484, -0.7321436325789089, -0.41298624173111215, 0.05527173390592441, -0.3743271756652999, 0.4423535593141, 0.6666311207162083, 0.3218486974935792, 0.04446981474046724]], "inverted": true, "swapped": false, "error_lsq": 0.042677207223651537, "error_max": 0.27353341095567896, "target": "322.xyz", "model": "17.xyz", "model_rescale": 3.901054581598922, "target_rescale": 3.8382426168625625},
{"mapping": [3, 9, 12, 13, 7, 2, 8, 0, 5, 4, 11, 1, 14], "R": [[-0.05071602577432399, 0.24072483277632462, 0.9692674757849191], [-0.5113207507986707, -0.8399298881497395, 0.181848488570706], [0.8578921695250179, -0.4863839408097034, 0.16568550808710203]], "T": [-0.005488013527115546, 0.05259037522620209, 0.08567156775300332], "aligned_model": [[-0.3598424660147123, 0.6110881117633705, 0.1203681697145831, 0.20857295856701236, -0.34432841170151524, -0.3325729263377718, -0.18483431239820802, -0.7408692388683329, 0.3004808664892909, 0.011325705865770377, 0.48057571198083493, -0.5495215479911005, 0.027978274127333808], [-0.6004710097373644, -0.13958144032613545, -0.6326234132439844, -0.46284560227828436, -0.23838206048616933, -0.12657535628539518, 0.5333317376108575, -0.1263373201330892, 0.10865625507518177, 0.8343097418962974, -0.1722275332255478, 0.3483565241375669, 0.011849832204491956], [-0.09138672486402961, -0.045070530912204906, 0.3437750146640771, -0.3790927290907737, 0.5757728328175493, -0.6523346669440133, -0.33520953150622823, 0.03367299326727641, -0.45592395343775205, 0.20486091510791926, 0.6772203414913895, 0.4054143518351475, 0.10063913897526001]], "inverted": false, "swapped": false, "error_lsq": 0.03412057716559779, "error_max": 0.1948350756152056, "target": "322.xyz", "model": "18.xyz", "model_rescale": 3.9405287249114394, "target_rescale": 3.8382426168625625},
{"mapping": [13, 0, 12, 7, 14, 9, 5, 11, 8, 2, 1, 10, 15], "R": [[-0.6658511455942614, -0.47570644065148926, -0.5747570219088243], [0.7212014056686074, -0.21309362945276306, -0.6591355228997093], [0.19107795365356628, -0.8534017151431907, 0.4849687909734253]], "T": [0.03325730611912351, -0.16728462602641322, 0.09653439385617824], "aligned_model": [[-0.45382237133586906, 0.711323063102574, 0.14948205912414214, 0.09263314242532456, -0.5469201704965139, -0.3457907879693354, -0.094666005069278, -0.6544015523014932, 0.4230566336006487, -0.049562103374979315, 0.4695308220204028, -0.47227557436927864, 0.019833739840210744], [-0.6120731940095009, -0.11789090999179799, -0.5472443367088651, -0.46737260532525415, -0.39149637604077736, -0.11604073782931164, 0.5068669508101684, 0.0012533149443063607, 0.1439287993163059, 0.6832611698595005, 0.11761006204426475, 0.26819774516780237, -0.1315395270284158], [-0.030926827595137735, -0.005746337362870002, 0.4737100654687872, -0.5375375765735358, 0.5579042550950689, -0.5688275025933289, -0.3729524756750296, -0.03738147073357334, -0.4722140951241085, 0.25476864275600475, 0.5015280481418791, 0.5121010528540919, 0.10791167274536957]], "inverted": false, "swapped": false, "error_lsq": 0.03939287641532287, "error_max": 0.2116261402574192, "target": "322.xyz", "model": "19.xyz", "model_rescale": 4.410303926677745, "target_rescale": 3.8382426168625625},
{"mapping": [4, 7, 2, 12, 0, 11, 10, 6, 9, 5, 1, 3, 13], "R": [[0.7806512837862826, -0.5946467458186386, 0.19229878005367623], [-0.6033222826551836, -0.6367771195161064, 0.4801219879494263], [-0.16305151448106076, -0.4908259852005328, -0.8558645078967574]], "T": [-0.04833854737591221, -0.04991151341704177, 0.07086675511340425], "aligned_model": [[-0.34423586777661136, 0.6035368563293253, 0.010361630005303817, 0.3404243124087446, -0.31179510482884726, -0.41767818764914333, -0.20269191528399122, -0.6129646229944679, 0.1894831561031498, 0.10231328584601318, 0.45050980633044974, -0.5545400207190854, -0.0043024325742847605], [-0.6422759267375088, -0.33066342634913504, -0.6372678365755466, -0.4034533654588624, -0.1773648987033754, -0.16951516842526004, 0.6480517811692192, -0.1657569969075557, 0.17167407598396434, 0.7623867786371612, -0.026303170296200204, 0.3007834443383416, 0.00716506453318249], [-0.1671302461807866, 0.12645440114034556, 0.3711592235091795, -0.47185466052768144, 0.7247059168625648, -0.6615378600585615, -0.33429529917223216, 0.005421802176018148, -0.5359259530767486, 0.1994989161038746, 0.6309675115063372, 0.4539278608035505, 0.04094583831775693]], "inverted": false, "swapped": false, "error_lsq": 0.03958631512838276, "error_max": 0.20150188592060173, "target": "322.xyz", "model": "20.xyz", "model_rescale": 4.121658175737393, "target_rescale": 3.8382426168625625},
{"mapping": [2, 11, 4, 10, 3, 6, 8, 1, 9, 5, 7, 0, 12], "R": [[-0.28980231674729456, 0.14378779651693002, 0.9462239094319624], [0.6565536285163532, 0.7492180339877372, 0.08723342495603448], [-0.6963849151797525, 0.6465271897765443, -0.31152952153806107]], "T": [-0.055595059606193986, -0.030445868511449616, -0.04949256875054375], "aligned_model": [[-0.5146107834214673, 0.7032273512039597, 0.053169474939564254, 0.2481693962647012, -0.1478987476024101, -0.35129811306396225, -0.08323103146683244, -0.7416280871500351, 0.5667499447173461, -0.20988323843302797, 0.3437947776295185, -0.5582453205195674, -0.059894727901231785], [-0.6345910124903867, -0.3436839241146253, -0.5775144815844904, -0.5087598826641225, -0.1891978098499638, -0.11057328722384828, 0.49190044745282635, -0.010155498529281385, 0.16096195770433205, 0.5980823390409078, 0.19553459287670652, 0.24997207143447406, 0.015484843155896547], [-0.026583083681518155, 0.26774468082016256, 0.08473786946039807, -0.58579090072782, 0.6205212768164937, -0.6228718176062639, -0.4738670283076164, 0.05691162288897948, -0.3636782062923063, 0.1627595930100937, 0.4567076373742768, 0.76036681698188, 0.045378990666857716]], "inverted": true, "swapped": false, "error_lsq": 0.061064427260135085, "error_max": 0.30760039383314247, "target": "322.xyz", "model": "21.xyz", "model_rescale": 4.08911054899281, "target_rescale": 3.8382426168625625},
{"mapping": [5, 12, 9, 10, 11, 6, 0, 8, 7, 4, 14, 1, 16], "R": [[-0.9901516968526588, 0.030547934527569397, -0.13662518404708487], [0.01972746539792679, 0.9966106688745248, 0.07986239286701709], [0.13860174720678695, 0.0763806152212164, -0.9873983782089447]], "T": [-0.016457933700335367, 0.02670367978004743, 0.15050441259287478], "aligned_model": [[-0.2203127492301331, 0.6721492688537463, 0.26259499467913994, 0.177577775346335, -0.5860206014117919, -0.36491319082526485, -0.21788669060935695, -0.6723606324779577, 0.2638254617526623, 0.16188649937465666, 0.4644525186326267, -0.6903778557897717, -0.0021939030983351374], [-0.6392226459127425, -0.20215951318360909, -0.616399760268142, -0.536636481897496, -0.31103186636274804, 0.01592015068099887, 0.6172577538314632, -0.13937447819779641, 0.08317541158011485, 0.7005875222075741, -0.08174170068805722, 0.38205673378058513, 0.06502922963827998], [0.037746278151140816, 0.01481629398550699, 0.2773706418406249, -0.39367700483224427, 0.5344654766078136, -0.508302674370781, -0.3085726394263209, -0.00105980890742155, -0.5006855364621405, 0.16963595654601604, 0.5613417553930362, 0.3731128735495466, 0.1261458393288407]], "inverted": true, "swapped": false, "error_lsq": 0.037153763739577454, "error_max": 0.2220755560799043, "target": "322.xyz", "model": "22.xyz", "model_rescale": 4.204369325754507, "target_rescale": 3.8382426168625625},
{"mapping": [13, 0, 12, 7, 14, 9, 5, 11, 8, 2, 1, 10, 15], "R": [[-0.6658511455942614, -0.47570644065148926, -0.5747570219088243], [0.7212014056686074, -0.21309362945276306, -0.6591355228997093], [0.19107795365356628, -0.8534017151431907, 0.4849687909734253]], "T": [0.03325730611912351, -0.16728462602641322, 0.09653439385617824], "aligned_model": [[-0.45382237133586906, 0.711323063102574, 0.14948205912414214, 0.09263314242532456, -0.5469201704965139, -0.3457907879693354, -0.094666005069278, -0.6544015523014932, 0.4230566336006487, -0.049562103374979315, 0.4695308220204028, -0.47227557436927864, 0.019833739840210744], [-0.6120731940095009, -0.11789090999179799, -0.5472443367088651, -0.46737260532525415, -0.39149637604077736, -0.11604073782931164, 0.5068669508101684, 0.0012533149443063607, 0.1439287993163059, 0.6832611698595005, 0.11761006204426475, 0.26819774516780237, -0.1315395270284158], [-0.030926827595137735, -0.005746337362870002, 0.4737100654687872, -0.5375375765735358, 0.5579042550950689, -0.5688275025933289, -0.3729524756750296, -0.03738147073357334, -0.4722140951241085, 0.25476864275600475, 0.5015280481418791, 0.5121010528540919, 0.10791167274536957]], "inverted": false, "swapped": false, "error_lsq": 0.03939287641532287, "error_max": 0.2116261402574192, "target": "322.xyz", "model": "23.xyz", "model_rescale": 4.410303926677745, "target_rescale": 3.8382426168625625},
{"mapping": [9, 6, 14, 15, 11, 4, 2, 10, 5, 0, 13, 1, 16], "R": [[0.6291568180649332, -0.7462727966957355, -0.21734445287224177], [0.3885916146668854, 0.05982292733471002, 0.9194660267653662], [-0.6731703018501273, -0.6629465515990195, 0.3276333536592041]], "T": [-0.07163596029491516, -0.05348204326060825, 0.08702533477038779], "aligned_model": [[-0.3050086078179619, 0.6670167470963148, 0.20639550741511686, 0.21883488514319382, -0.36036368632905685, -0.31757391628554194, -0.14625452471577005, -0.6942303087937501, 0.2836774273541918, 0.025635008838781406, 0.48579059523807355, -0.6678860813740913, -0.1476121505729447], [-0.6260371330749861, -0.22005976668825183, -0.6219739761727245, -0.5825205573527782, -0.3568170954593583, 0.1299613217794271, 0.6784508967232359, -0.19995740775444387, 0.11260626198859279, 0.6954222637930237, -0.09375590029448216, 0.38384789328191216, 0.03829355443925857], [-0.013661606508595964, 0.019630010889074803, 0.3271615777481748, -0.293840953305058, 0.5617311730929198, -0.5292111674080301, -0.45297484336732063, -0.03423962756137647, -0.40467488370088367, 0.0951806107607018, 0.513452673780658, 0.5224144357905216, 0.07137005119283119]], "inverted": true, "swapped": false, "error_lsq": 0.037593184688747505, "error_max": 0.23950434690219286, "target": "322.xyz", "model": "24.xyz", "model_rescale": 4.28219845311461, "target_rescale": 3.8382426168625625},
{"mapping": [12, 5, 11, 9, 14, 7, 4, 13, 3, 0, 8, 2, 15], "R": [[0.7519417886917825, 0.6441133039256662, 0.14036238144519042], [0.03102006025844567, -0.24725429889648434, 0.968453957366467], [0.6584992803948727, -0.7238669514373277, -0.20590127327499574]], "T": [-0.03561931688677041, -0.03633761710418379, 0.07226182208800654], "aligned_model": [[-0.41777069037082215, 0.7645439452162738, 0.06640850330837961, 0.11869032468210539, -0.4120035416665546, -0.3220314394933229, -0.1942093845092109, -0.5917416715794749, 0.36539818330803403, -0.043304979115914626, 0.5115861394168107, -0.5566867572297848, -0.04045773676996333], [-0.6975136696330778, -0.32769639766915526, -0.5382968190413965, -0.48934974880290316, -0.3004148584467007, -0.044785554998612864, 0.5701712408487385, -0.15031382404666288, 0.22690815072157447, 0.7412391332241164, 0.020537845713954284, 0.2917038702644369, 0.03527098707411355], [0.10728260933766856, 0.06088219632750218, 0.25693546597195976, -0.40506639510801973, 0.679503743266441, -0.6512316015998428, -0.3040954133969295, -0.1028204665623635, -0.5359585122639136, 0.3189792717764832, 0.4956734743244985, 0.37169049400718274, 0.09056258532295083]], "inverted": true, "swapped": false, "error_lsq": 0.0368631381270184, "error_max": 0.17514285689845682, "target": "322.xyz", "model": "25.xyz", "model_rescale": 4.100010024507729, "target_rescale": 3.8382426168625625},
{"mapping": [10, 1, 0, 3, 11, 7, 4, 5, 8, 6, 9, 12], "R": [[0.21291823755592676, 0.5235472036237575, 0.824963120202244], [0.8948304239188307, -0.443536982320904, 0.05053174985008929], [0.39235740918876993, 0.7274429674492773, -0.5629230787268064]], "T": [-0.02496997454281178, -0.009949978583759657, -0.07502772542795294], "aligned_model": [[-0.6554757424192499, -0.07790195777335837, 0.4004694760399527, 0.6210422482653155, -0.48531895540552894, 0.19911480387264852, -0.32953440712878246, 0.6234900302860947, 0.17763721494392062, 0.009403174893717413, -0.5793727235974536, -0.02678755961426974], [-0.444344734231315, -0.726301486983493, 0.02068353686182232, -0.4588318346498951, 0.6563734271536315, 0.5967646795844705, 0.19308637553766597, 0.3615007850313849, -0.23191058852798516, 0.45616268539222204, 0.21507148902258635, 0.027877055859544246], [0.09089957666790766, -0.20014990032244506, 0.5339864252705822, -0.04638993293535704, 0.15845985776433308, 0.207259412385771, 0.6375430435037746, -0.23205011582428187, -0.5288814972994227, -0.6441915873003297, -0.435347721287723, 0.02405472923154736]], "inverted": true, "swapped": true, "error_lsq": 0.0511658685444785, "error_max": 0.306894171772334, "target": "322.xyz", "model": "26.xyz", "model_rescale": 3.6694154284099745, "target_rescale": 3.8382426168625625},
{"mapping": [8, 2, 10, 4, 9, 5, 1, 7, 0, 6, 11, 3, 13], "R": [[-0.5815002227298759, -0.6485893152510344, 0.49111036550585996], [0.42395847535098186, -0.7568073644181629, -0.49749555208112684], [0.6943462408216639, -0.08108337255337003, 0.7150585881955378]], "T": [-0.07927212252346913, -0.08450246430889945, 0.062468770346513755], "aligned_model": [[-0.356279489698926, 0.581852750144179, 0.17514037133367202, 0.34461011349071846, -0.362019718779637, -0.41695772377071416, -0.21594274625387352, -0.6961374949744029, 0.24240639763485275, 0.08850077316745053, 0.4597338387748805, -0.5729702449990198, -0.023515930872624886], [-0.6471663602103414, 0.0727674234558117, -0.5959575587488519, -0.6344551987373026, -0.3062748290807259, -0.0031984628963546563, 0.6284316323047205, 0.035473204179002085, 0.060310198131266715, 0.5776795824060669, -0.17144871508691806, 0.3929858830916103, -0.07168644359955816], [-0.06014220473150396, 0.08006795629200762, 0.25109191111520646, -0.37731118596716495, 0.6418946504254276, -0.6484015369429001, -0.4402167856331791, 0.027662507112784937, -0.4965353133585019, 0.12997894946235927, 0.7243512315174379, 0.488025185283933, 0.06187208682771085]], "inverted": false, "swapped": false, "error_lsq": 0.03765026827471481, "error_max": 0.3051738765747957, "target": "322.xyz", "model": "27.xyz", "model_rescale": 4.103607728864725, "target_rescale": 3.8382426168625625},
{"mapping": [5, 3, 0, 9, 1, 6, 11, 7, 10, 13, 2, 8, 14], "R": [[0.2058988532614703, 0.8725580840735278, 0.4429989301832973], [-0.7476352620497452, 0.4323513712828896, -0.5040970211076573], [-0.6313851258664718, -0.22740862267675635, 0.7413758433931066]], "T": [0.04715096315894831, 0.0726206827111672, -0.034184945499597816], "aligned_model": [[-0.401849490588241, 0.6905103776445555, 0.17784330701444134, 0.12966160434178564, -0.2664172821575652, -0.29759025074602763, -0.343578224515185, -0.6557477044192808, 0.34646320412736553, 0.05016087244892178, 0.3622980768723768, -0.5843265395876786, 0.04099294476108631], [-0.4932342454803199, -0.24490781790187618, -0.5618558933991441, -0.56606370298867, -0.41491659998575947, -0.0624240064709608, 0.5304239936959168, -0.05032368383537075, 0.08818647369350406, 0.6882816367051957, 0.03744662672571977, 0.4044519790804477, -0.017604404630257586], [-0.14971504182992149, 0.1867113370811147, 0.2658995869350823, -0.5395542912337942, 0.6490742919677697, -0.5481729708570915, -0.36555794350969517, 0.07021520495337909, -0.4464290053274024, 0.16786718422669333, 0.6297169966091062, 0.3700478229412923, 0.09223427944708464]], "inverted": true, "swapped": false, "error_lsq": 0.038540137027972994, "error_max": 0.21652829498368303, "target": "322.xyz", "model": "28.xyz", "model_rescale": 4.137296879288765, "target_rescale": 3.8382426168625625},
