[{"mapping": [6, 9, 8, 2, 1, 7, 10, 5, 3, 0, 11], "R": [[-0.15931817375389418, -0.7859663884206163, -0.5973897854707405], [-0.9117785317539757, -0.11486803268900414, 0.394290811582926], [-0.3785203145727962, 0.6075048735106667, -0.6983267144514097]], "T": [-0.016229136959396817, 0.005392123444295106, 0.08873414570315216], "aligned_model": [[-0.22052029152697922, -0.6056905610215448, -0.23175803121148425, 0.5142828217552629, 0.49960409737047645, 0.07967204205118544, -0.2712482377059702, 0.5204835900266618, -0.5036207396919843, 0.551679605761529, 0.0464453801377014], [-0.1285571915616911, 0.012496277179920336, -0.5784649501494479, -0.5991622254199938, -0.11994743522986656, 0.6142374529649799, 0.6320989651091694, 0.6293594261168367, 0.02482528171890374, 0.07995423201695726, 0.033235951655712005], [-0.5935247440372661, -0.05905348899708324, -0.03681147966162565, 0.13141138221671075, -0.3803997679197104, -0.6300938159477854, 0.1517034940379724, -0.017523025427318095, 0.5746397875022148, 0.32263913903984326, 0.10008676765937846]], "inverted": false, "swapped": false, "error_lsq": 0.050777185787231775, "error_max": 0.2895929786165487, "target": "323.xyz", "model": "0.xyz", "model_rescale": 3.751011558992144, "target_rescale": 3.861849053468101},
{"mapping": [13, 5, 8, 0, 12, 9, 10, 11, 4, 6, 14], "R": [[0.9589591596176923, 0.03899425444172783, -0.2808500993517066], [0.2827495347524074, -0.05740455610485835, 0.9574744996790785], [0.02121392897666194, -0.9975891764944818, -0.06607423218195708]], "T": [0.06194434953538948, -0.08128269868927093, -0.01450387571461224], "aligned_model": [[-0.0606979621017386, -0.47563331356271626, -0.47690256816983784, 0.3543516884781822, 0.611598875960987, -0.11875697662469296, -0.2803384937511708, 0.48754487859976586, -0.3018764701275467, 0.5537944802997798, 0.08624553694384239], [-0.1281730387459065, -0.03399915883979229, -0.3859067036064274, -0.7792717825732036, 0.08945464206628725, 0.40252053975503754, 0.6226159319433496, 0.5924911915633462, 0.0457782920101609, 0.22247736249009506, -0.04791149166146702], [-0.7288303820870506, -0.3289248832712044, 0.2248002551475214, 0.038540496378461145, -0.48429506989430704, -0.42373617958257553, 0.23008337071097426, -0.0548018086721864, 0.6761942390447061, 0.46459843002968376, -0.05055421933869149]], "inverted": false, "swapped": false, "error_lsq": 0.0492347011425307, "error_max": 0.232929482523784, "target": "323.xyz", "model": "1.xyz", "model_rescale": 3.9405287249114394, "target_rescale": 3.861849053468101},
{"mapping": [0, 2, 5, 11, 6, 1, 4, 7, 8, 3, 12], "R": [[-0.45652187961022184, -0.10540849772296906, -0.8834459927154219], [-0.877633353918729, -0.10971044348173303, 0.4666083096992642], [-0.1461077326034222, 0.9883585721785533, -0.04242479551699224]], "T": [0.05121184386781092, 0.033521640493607896, 0.0386670904422096], "aligned_model": [[0.05869605398819271, -0.5725709607858355, -0.316459323885703, 0.28421202373284576, 0.5012738484034466, -0.2304905861484397, -0.12698945738253847, 0.6080100195970217, -0.24000791095129986, 0.4479304447882036, -0.03427447541104003], [-0.25527287476863003, -0.054367001697811224, -0.553518606474529, -0.6388325232246514, -0.09230143750254621, 0.5418821092239925, 0.6571569547896923, 0.58148214516899, 0.11426930103905164, 0.2481898407300067, 0.051387877117914496], [-0.7483981564269442, -0.22083286469033026, -0.18105532812063296, 0.07423510628178241, -0.2387647723752449, -0.4993289198714628, 0.3051610169739725, -0.09780609365145958, 0.7523621512555076, 0.3898530725940074, 0.0276490364961354]], "inverted": true, "swapped": false, "error_lsq": 0.05485746486297971, "error_max": 0.31955312829273746, "target": "323.xyz", "model": "2.xyz", "model_rescale": 3.932901565614263, "target_rescale": 3.861849053468101},
{"mapping": [1, 0, 3, 11, 10, 6, 5, 12, 7, 9, 13], "R": [[-0.6236104573508601, -0.07340019837379322, -0.7782817024454186], [0.04264762776193645, 0.9909051714091592, -0.12762492358808375], [0.7805710584750952, -0.11278010530795188, -0.6148084827959003]], "T": [-0.07746027397136192, -0.02279081795388537, -0.015028764071985688], "aligned_model": [[-0.1849768924765846, -0.6934650199211908, -0.2732703876995255, 0.5740547387976982, 0.49456551511848323, 0.060934316714544315, 0.015095538695366575, 0.5123154461802437, -0.3965164250164211, 0.27275958284097535, -0.002166737288735107], [-0.2594869592064099, -0.16548474524677553, -0.4832533035043409, -0.6302799100748533, 0.04472065026585121, 0.5303739926958164, 0.6569158912659682, 0.46227857546399537, 0.15016285267568946, 0.22993857605513623, 0.06419016401140287], [-0.708702847755037, -0.2366747097241114, 0.08654966298651487, -0.0797890100412692, -0.4409091916290499, -0.39125727204223304, 0.19998727402235242, -0.016475708576580227, 0.5998149133316379, 0.5793337891621694, -0.028802651269062896]], "inverted": true, "swapped": false, "error_lsq": 0.05244369471054582, "error_max": 0.27427017493633005, "target": "323.xyz", "model": "3.xyz", "model_rescale": 3.9243930471874484, "target_rescale": 3.861849053468101},
{"mapping": [5, 1, 9, 11, 6, 0, 4, 3, 8, 10, 12], "R": [[0.08046285873499734, -0.5799617613164937, 0.8106602764258668], [0.8713733827820102, -0.35397000686714925, -0.33972586303887287], [0.48397743350617967, 0.7337231014825288, 0.47688180318358825]], "T": [-0.007713406355740804, 0.08447609321848926, 0.04458034359345338], "aligned_model": [[0.03098075140896195, -0.6077079837145823, -0.3264305172257834, 0.3394873804448647, 0.6036776106635984, -0.16550595662251577, -0.07664599101140346, 0.39749997465702014, -0.2729394072919961, 0.47954945898458434, -0.022635644347894175], [-0.10406740075777537, 0.019789968525091545, -0.5145850346325157, -0.6263411629782042, -0.013924743636984205, 0.4997983642402779, 0.5911764968189297, 0.5883235568990962, 0.021968093946404463, 0.058232778371817895, 0.07970486760534176], [-0.6879339653514202, -0.33749623563461223, 0.23753774851332066, 0.06259487454940109, -0.3269500244128663, -0.6806308502212887, 0.34602730278182736, -0.1422169250040844, 0.6121050455849967, 0.5535144336337131, -0.07347715597365631]], "inverted": false, "swapped": false, "error_lsq": 0.05056470742418973, "error_max": 0.24527861839980972, "target": "323.xyz", "model": "4.xyz", "model_rescale": 3.8936222436046832, "target_rescale": 3.861849053468101},
{"mapping": [10, 4, 7, 8, 3, 2, 1, 0, 6, 9, 11], "R": [[-0.8314674256426217, 0.4201245159257153, 0.36353447046107584], [0.5550859307907647, 0.6007958499907138, 0.5752599030630295], [0.02327078712424313, 0.6801027405856553, -0.7327473866991947]], "T": [0.014738772221068303, -0.018729856462070517, -0.012110127470645764], "aligned_model": [[-0.09324885369768714, -0.6329935205207762, -0.32831354542594754, 0.5005287051827585, 0.506583771862393, -0.018364923265379817, -0.1388602535086583, 0.570466942887834, -0.2939720003045488, 0.4455513588388206, -0.138048006103954], [-0.32640814659972556, 0.17325009871305427, -0.5522128229001483, -0.5753160236198313, 0.03342823137086167, 0.43750826496983986, 0.7202553635667529, 0.6662496712621669, -0.0778939021710254, 0.04869659732327127, 0.05251845248626385], [-0.5535343067529018, -0.42949624685795995, 0.12002071399150083, -0.003010353158410757, -0.3047704468216404, -0.6019485687590586, 0.258845498111992, -0.08057585541588841, 0.7198775109015475, 0.42594253187856124, 0.011723771347589094]], "inverted": true, "swapped": false, "error_lsq": 0.037986524684742215, "error_max": 0.16991951637011052, "target": "323.xyz", "model": "5.xyz", "model_rescale": 3.6523030999806103, "target_rescale": 3.861849053468101},
{"mapping": [11, 7, 9, 10, 4, 3, 5, 2, 8, 6, 12], "R": [[-0.15530050545182056, -0.9091923386335572, -0.38633022710687903], [-0.022152166858797062, 0.39418184005246576, -0.9187654534625869], [0.9876188710782463, -0.1341266876609422, -0.08135721939222712]], "T": [0.04350516704923538, 0.14437597442326908, 0.03596406235997181], "aligned_model": [[-0.15705616850297646, -0.5032082113917076, -0.28080543889216936, 0.48983233279158067, 0.3930624621856261, -0.025910271164547652, -0.47654482749737614, 0.7359120314607844, -0.21821621443101438, 0.4484256511816561, -0.026161669795001896], [-0.353737004356502, 0.14940368636584594, -0.49383590276581646, -0.4949536049250338, 0.021620331195754544, 0.5598067399985863, 0.5129962683277983, 0.4059970055176594, 0.035296084360745286, 0.04762829831530016, 0.2098538823671422], [-0.6613361701035169, -0.37378862359034226, 0.13681596303291121, 0.06284884909374472, -0.4020683010558459, -0.5165207599646546, 0.2759028297164628, -0.13237727069282623, 0.6469522772434575, 0.5352673276905555, -0.008621872904614539]], "inverted": true, "swapped": false, "error_lsq": 0.04847668699788426, "error_max": 0.2743909860462763, "target": "323.xyz", "model": "6.xyz", "model_rescale": 4.08911054899281, "target_rescale": 3.861849053468101},
{"mapping": [10, 11, 12, 5, 4, 9, 1, 3, 13, 6, 14], "R": [[0.3534139404566006, -0.17630095808063298, 0.9187037383568163], [0.040589414790107047, 0.9840453694084679, 0.17322589400187496], [-0.9345860506651783, -0.023930798682933255, 0.35493130430614583]], "T": [0.07544431824477833, 0.06087312441520336, 0.031260052098916274], "aligned_model": [[-0.1289166922093276, -0.46721545614977594, -0.34859284395748197, 0.3949191070063323, 0.6773810663956965, -0.11669175973850364, -0.30800640145368, 0.6559529774996374, -0.44436588987513775, 0.47442469298315776, -0.009559124556063364], [-0.3781654050653015, 0.04704409363608106, -0.5089675763925174, -0.6297119739596722, -0.12206934273010141, 0.6941278172846678, 0.6357099002434569, 0.5507345449354896, -0.09402696063169293, 0.2228572247996296, 0.1825434622814404], [-0.5023658894929032, -0.19203390240706297, 0.09021748407841151, -0.007846351873478936, -0.28662938566607477, -0.3890131083619831, 0.2771752520632692, -0.191218983951105, 0.5228877908794057, 0.2836858397073655, -0.04178449651051305]], "inverted": true, "swapped": false, "error_lsq": 0.04851791221579007, "error_max": 0.2164382497537147, "target": "323.xyz", "model": "7.xyz", "model_rescale": 3.964800864290218, "target_rescale": 3.861849053468101},
{"mapping": [3, 0, 6, 10, 5, 1, 7, 8, 4, 9, 13], "R": [[-0.07300183337695124, -0.47955452119905356, 0.874470235926387], [0.8629083754151878, -0.4700012363849056, -0.18570937896342765], [0.500059864378182, 0.7410305654925491, 0.4481225647564153]], "T": [-0.07184547697670862, 0.05585258567409502, 0.0513312487411451], "aligned_model": [[-0.194663903933809, -0.6019779399517876, -0.3519455513273464, 0.6069435105319013, 0.5482725882833909, -0.13666567765008858, -0.057314023008020513, 0.5907429945393555, -0.5255341801002773, 0.49696241551551823, 0.004509443046017025], [-0.42206905194511285, 0.016491206679285005, -0.44246000229660126, -0.40331959871705964, -0.026127842110598314, 0.645594913925717, 0.7548933327030001, 0.4427376579773994, -0.09092720506320179, 0.05418083232663647, 0.07108154092201563], [-0.4801471026501087, -0.4288454125683639, 0.14999398840132797, -0.008170251456106267, -0.5034691816540472, -0.40814913062821795, 0.1854358191350704, 0.0028128022475298747, 0.5687437038511977, 0.43903153693798264, 0.04583747684906658]], "inverted": false, "swapped": false, "error_lsq": 0.05360533966532855, "error_max": 0.29703937411756604, "target": "323.xyz", "model": "8.xyz", "model_rescale": 4.121658175737393, "target_rescale": 3.861849053468101},
{"mapping": [8, 2, 6, 7, 11, 3, 0, 10, 4, 5, 12], "R": [[-0.053563983382172595, 0.49957620310654977, 0.8646123506947363], [-0.5023529183922475, 0.734827871126723, -0.4557077409899464], [-0.8630019959809052, -0.45875005951499515, 0.21160325571210448]], "T": [0.03159130158762202, -0.021674439755701318, -0.008815579047426407], "aligned_model": [[-0.13707670605002784, -0.47437063001796054, -0.3735582584422205, 0.5317140601293963, 0.4434747827213953, 0.06578338290576846, -0.22473424963979438, 0.5339122448861436, -0.3324147465173429, 0.3964093936864126, -0.04980959771691652], [-0.4777749519631959, 0.21651153559796704, -0.5815270033778092, -0.4738433186875091, -0.02004651942057143, 0.5543452942775527, 0.639104899998692, 0.5468727897100186, 0.03526025491779521, 0.1673916771877487, -0.006218873839208938], [-0.5511040296813174, -0.42066071471088823, 0.04218433376967256, -0.03394408133712359, -0.4919112449336059, -0.5470684555371063, 0.3324938393165959, -0.03895771543326065, 0.7988885469815091, 0.45257326929754665, 0.020580500733308933]], "inverted": false, "swapped": false, "error_lsq": 0.047439394288693586, "error_max": 0.25346408923434033, "target": "323.xyz", "model": "9.xyz", "model_rescale": 3.833441315466971, "target_rescale": 3.861849053468101},
{"mapping": [13, 2, 8, 10, 0, 5, 4, 1, 7, 12, 14], "R": [[0.6458974793132719, -0.6724115960598174, -0.3614956316486425], [-0.5868630522786615, -0.13447146375509705, -0.7984417219219793], [0.4882706258694405, 0.7278599253426796, -0.4814683011302138]], "T": [0.016913178807886967, 0.08754693830326282, 0.11691723650135602], "aligned_model": [[-0.05903120560630744, -0.5434905448622284, -0.24116204667057878, 0.4037288375749666, 0.47465989949926085, -0.0718366509506217, -0.2796889690884104, 0.5916302490761105, -0.35390080593140266, 0.5353183805324454, -0.0768974676283794], [-0.0952826497795295, 0.019079980991247303, -0.6478923560255325, -0.631554532699949, 0.005997715228590064, 0.4457039527780747, 0.8275887361609031, 0.4910153385683081, -0.018860861684660307, 0.12813020098669492, 0.07615025987733359], [-0.6554119249395938, -0.3279537528660543, 0.12616843794456903, 0.021939007135477112, -0.380717796043457, -0.44990039040110363, 0.13358707084886562, -0.11226058101966929, 0.6601375836951227, 0.42126753291267927, 0.1262190611984953]], "inverted": false, "swapped": false, "error_lsq": 0.03925153257526749, "error_max": 0.22089794687330855, "target": "323.xyz", "model": "10.xyz", "model_rescale": 4.2482417240324, "target_rescale": 3.861849053468101},
{"mapping": [5, 6, 4, 9, 7, 2, 1, 3, 0, 8, 11], "R": [[0.6548447975709544, 0.020294545985324097, -0.7554908487185703], [0.3974478924370591, -0.8594938334658754, 0.3214117655461205], [-0.6428168198574116, -0.5107430681246531, -0.5709010899192787]], "T": [0.02360790874144617, 0.09066872366572486, 0.008012821628992292], "aligned_model": [[-0.0881662017938842, -0.5703638500415178, -0.43743663320576515, 0.455552145503301, 0.570262491120811, -0.11016979149565584, -0.1372237430420237, 0.6124948384579121, -0.4232400603410581, 0.47847703392607993, 0.02914344685665495], [-0.36939851348598884, 0.052787782889787735, -0.6492402536503079, -0.6089995228689207, -0.04904902534015672, 0.630355569854814, 0.6762000694395284, 0.6297358450668519, 0.07388413733618755, 0.24818456739056716, -0.03438487223088281], [-0.57510882591563, -0.2493676792586601, -0.06822506829507771, 0.06457626616925476, -0.3664253773728238, -0.4804530639294815, 0.36916760376418845, -0.13582892851734824, 0.6194738965327345, 0.3889861368155435, -0.003720711527368935]], "inverted": false, "swapped": false, "error_lsq": 0.04235147569594622, "error_max": 0.2964930149868473, "target": "323.xyz", "model": "11.xyz", "model_rescale": 3.6694154284099745, "target_rescale": 3.861849053468101},
{"mapping": [4, 0, 6, 11, 8, 1, 12, 2, 5, 10, 13], "R": [[0.23004167510021034, 0.7514651608643633, 0.6183695818231896], [-0.6435217135063255, 0.5941203380878097, -0.4825979984586651], [-0.7300415275605712, -0.28691660090960885, 0.6202565857445644]], "T": [0.08587589663570759, -0.0009742610308406188, 0.05921542178964102], "aligned_model": [[-0.09571951614829745, -0.5840138868958598, -0.24756575282850707, 0.3632731578446345, 0.7706262373054749, -0.09577386662921274, -0.10578096094183488, 0.42687125160301603, -0.5149110076844537, 0.4700794309118047, -0.0077554105919101085], [-0.2603316543304707, 0.06703799094549942, -0.45257672522312586, -0.6640655357526677, -0.05218130301345859, 0.5584534824537972, 0.6016158865781507, 0.4943382160262343, -0.03383219182964559, 0.3160376486783284, 0.025579969868837947], [-0.6096907736869146, -0.18028379726252025, 0.12796652499322328, -0.10927603131301143, -0.25873529941589146, -0.5494860300133316, 0.30805525625061425, -0.19514906345667066, 0.5907662137725899, 0.45344870382039987, -0.014541455223156377]], "inverted": false, "swapped": false, "error_lsq": 0.04995962621549616, "error_max": 0.26004257397874053, "target": "323.xyz", "model": "12.xyz", "model_rescale": 3.9764082729961374, "target_rescale": 3.861849053468101},
{"mapping": [10, 12, 9, 2, 8, 11, 6, 3, 5, 7, 15], "R": [[-0.8709700955359452, 0.4611447035162939, -0.16957787326469181], [0.26097720193993357, 0.7266204891502327, 0.6355419457554944], [0.41629555936823254, 0.5092820703362194, -0.753212971266656]], "T": [-0.060067326462358225, 0.07901651560939743, 0.02916500579086359], "aligned_model": [[-0.09098091078131183, -0.5788103697207638, -0.31740847304856495, 0.4723894700856991, 0.46226057669385145, 0.1291960828510979, -0.38400398892003024, 0.6332336478764607, -0.5459236651455679, 0.5943163860809194, 0.00506091997306396], [-0.12378050614454689, -0.15405491018397782, -0.4071728149158625, -0.5127327963046056, -0.00893322659762405, 0.4781380823219962, 0.6956432382020563, 0.5286992369963368, -0.03829561240840745, -0.006191859601552385, 0.14875695303766728], [-0.7480509341065052, -0.260311937156099, 0.27184709345849123, -0.02164862983191082, -0.4389068274555994, -0.630703189858342, 0.34300466134709173, -0.13071825280894112, 0.7022217557131852, 0.3973432078547242, 0.07899730130923602]], "inverted": false, "swapped": false, "error_lsq": 0.04995890732376985, "error_max": 0.2147629803486666, "target": "323.xyz", "model": "13.xyz", "model_rescale": 4.170626492500431, "target_rescale": 3.861849053468101},
{"mapping": [5, 11, 10, 8, 4, 6, 3, 2, 9, 0, 13], "R": [[-0.5640306061540215, -0.1252841994334108, 0.81619442824235], [0.76935472466118, 0.27929380335375154, 0.5745330965659994], [-0.2999379651912163, 0.9519972903220499, -0.061142262441190365]], "T": [0.11378252782486069, 0.030039990387358852, 0.07335001529938144], "aligned_model": [[-0.2591288168045448, -0.5565466750426061, -0.14093608075498038, 0.4927388104013797, 0.6350168919255524, -0.14318271472109606, -0.2016715116015516, 0.5371047924160827, -0.5592487976364949, 0.5348893721654898, 0.04029440559762297], [-0.08961204692881919, 0.08665149086031584, -0.4529038280998383, -0.6086671917690242, -0.13331092974331493, 0.508174202183024, 0.6362416886316403, 0.519597047562365, -0.07061848992215455, 0.16094860832681684, 0.04357523330046893], [-0.7475277754642642, -0.14370654168154123, 0.21551894159125456, 0.07460068014741254, -0.37908157639822554, -0.5691807673592574, 0.16544699942585606, -0.04524305071989061, 0.5128988109448578, 0.4750842134037258, 0.004264314575403286]], "inverted": true, "swapped": false, "error_lsq": 0.048484497527006586, "error_max": 0.2613515196072147, "target": "323.xyz", "model": "14.xyz", "model_rescale": 3.9786697098870705, "target_rescale": 3.861849053468101},
{"mapping": [5, 8, 7, 10, 4, 2, 9, 0, 6, 1, 11], "R": [[-0.5641755044764856, 0.21957558235389862, -0.7959224609110169], [0.34180582662494363, -0.8153925449795671, -0.46722989467389986], [-0.7515815172248064, -0.5356505962151922, 0.384972286977085]], "T": [-0.0007262486614799252, 0.09957099200185332, -0.013205333645910856], "aligned_model": [[-0.20390584269535755, -0.3859596465490133, -0.33697120508560646, 0.42914262221633237, 0.4494677919098256, 0.11476302400764053, -0.3672287230471684, 0.376049263647043, -0.16727803223796478, 0.499476958345015, -0.028226534565892022], [-0.28484052023406253, 0.16265044516252214, -0.45323890828390206, -0.605442876403683, -0.05483190800581694, 0.5218575267433321, 0.5007485303967273, 0.6841231640686047, 0.0037121579864209664, 0.0050074961612947, 0.12033067681004272], [-0.6881908368670335, -0.35939074316365893, 0.12176336204344841, 0.08921140181750299, -0.3984322802558938, -0.7629944551603699, 0.2903515588896097, -0.001182125445251387, 0.7551873251767834, 0.4357117950617963, 0.08103924636839781]], "inverted": false, "swapped": false, "error_lsq": 0.056437019617232936, "error_max": 0.28965959504185823, "target": "323.xyz", "model": "15.xyz", "model_rescale": 3.769337070930944, "target_rescale": 3.861849053468101},
{"mapping": [7, 8, 9, 1, 5, 6, 2, 4, 3, 0, 10], "R": [[-0.14101368904947814, 0.5726175712915818, 0.8076040221227155], [-0.45159087909890816, -0.7631478867607179, 0.46224558499495283], [0.8810112470424726, -0.2995236551272388, 0.36620317120948936]], "T": [0.04772605149647585, 0.005627043140528663, -0.07066334009249726], "aligned_model": [[0.10155291516041748, -0.6525451778630638, -0.5912758177922586, 0.48158599326849155, 0.5982332821482226, -0.0669209675050114, -0.22776444923196038, 0.49544789265672756, -0.277265232971011, 0.48052102967945703, 0.03776020839484314], [-0.4535369611025002, 0.20762465022839352, -0.43482001196280157, -0.6486055739109916, 8.90117284038025e-05, 0.5973428125450654, 0.5561119935995685, 0.6406678160060837, -0.06394101527187734, 0.15303511690658797, 0.046107945635547536], [-0.6160142252470274, -0.24476355206447453, 0.1711272420412886, 0.08705057848133242, -0.4540196244111305, -0.4808284760700939, 0.338722983020526, -0.13624454383165296, 0.5367775121602925, 0.3858774371333988, -0.024611082747127866]], "inverted": true, "swapped": false, "error_lsq": 0.05304774436716562, "error_max": 0.32809431611453976, "target": "323.xyz", "model": "16.xyz", "model_rescale": 3.7852294659196426, "target_rescale": 3.861849053468101},
{"mapping": [2, 7, 1, 3, 8, 11, 10, 9, 4, 0, 12], "R": [[-0.6741967028875944, 0.2664313898800809, 0.688820092841422], [-0.2297687852957282, -0.9620456569037259, 0.14722248244206468], [0.7019010693247464, -0.0590124437660975, 0.7098256267292207]], "T": [-0.042206854139572716, 0.027726740111795926, -0.023558594776723528], "aligned_model": [[-0.09925717219217513, -0.6233895156945357, -0.3639090799416381, 0.38206321243861135, 0.5156710963487207, -0.04872901504474754, -0.1641721553691008, 0.5397602149792402, -0.18742035199971718, 0.45128682557317484, -0.022574383152978272], [-0.3265041578553172, 0.06009851162305809, -0.5759457242947397, -0.6408072937527983, 0.12940865999467965, 0.42517966526006706, 0.7555700512661595, 0.666830922970929, -0.02798987222609077, 0.016921480097444368, 0.1173135413180881], [-0.5188895479441775, -0.4142065020967722, 0.056074236884636176, 0.05095668777009916, -0.3439316441744242, -0.6399356775284132, 0.29989720588695706, -0.012515070653522552, 0.6675241674438414, 0.4477103201522328, -0.029609927275125604]], "inverted": true, "swapped": false, "error_lsq": 0.04436138289236743, "error_max": 0.20032739167555003, "target": "323.xyz", "model": "17.xyz", "model_rescale": 3.901054581598922, "target_rescale": 3.861849053468101},
{"mapping": [13, 5, 8, 0, 12, 9, 10, 11, 4, 6, 14], "R": [[0.9589591596176923, 0.03899425444172783, -0.2808500993517066], [0.2827495347524074, -0.05740455610485835, 0.9574744996790785], [0.02121392897666194, -0.9975891764944818, -0.06607423218195708]], "T": [0.06194434953538948, -0.08128269868927093, -0.01450387571461224], "aligned_model": [[-0.0606979621017386, -0.47563331356271626, -0.47690256816983784, 0.3543516884781822, 0.611598875960987, -0.11875697662469296, -0.2803384937511708, 0.48754487859976586, -0.3018764701275467, 0.5537944802997798, 0.08624553694384239], [-0.1281730387459065, -0.03399915883979229, -0.3859067036064274, -0.7792717825732036, 0.08945464206628725, 0.40252053975503754, 0.6226159319433496, 0.5924911915633462, 0.0457782920101609, 0.22247736249009506, -0.04791149166146702], [-0.7288303820870506, -0.3289248832712044, 0.2248002551475214, 0.038540496378461145, -0.48429506989430704, -0.42373617958257553, 0.23008337071097426, -0.0548018086721864, 0.6761942390447061, 0.46459843002968376, -0.05055421933869149]], "inverted": false, "swapped": false, "error_lsq": 0.0492347011425307, "error_max": 0.232929482523784, "target": "323.xyz", "model": "18.xyz", "model_rescale": 3.9405287249114394, "target_rescale": 3.861849053468101},
{"mapping": [4, 7, 8, 1, 12, 13, 11, 14, 5, 10, 15], "R": [[-0.20034645405205015, 0.842202496685022, -0.5005559438527181], [-0.4336144771662283, -0.5343743379815276, -0.7255498274403095], [-0.8785441272586303, 0.07168696872040137, 0.47225119901917867]], "T": [0.07281987097420412, -0.024363314988002004, -0.06709514789739351], "aligned_model": [[-0.11101852166861242, -0.5605294259849896, -0.5056337041926666, 0.4670937825966413, 0.4498028328465591, -0.041989727358186346, -0.04800477792902895, 0.5472939999440405, -0.397972106076171, 0.4960317567554247, 0.08425556701184306], [-0.34921001338425733, 0.015992913713033442, -0.4733748550472702, -0.5313875439636457, -0.037816415329467244, 0.5701887384335158, 0.591517208083186, 0.5853820280938395, -0.07990537670687267, 0.3303956512374217, -0.02170655072800357], [-0.6958582961079389, -0.37183371091111456, 0.12277916265099711, 0.08454237326750522, -0.4643883931942923, -0.35805297521086993, 0.2868904272589772, -0.12023533612163739, 0.6159367960729334, 0.49231687607304114, -0.02902267531227023]], "inverted": true, "swapped": false, "error_lsq": 0.044764195923818, "error_max": 0.21695000068232215, "target": "323.xyz", "model": "19.xyz", "model_rescale": 4.410303926677745, "target_rescale": 3.861849053468101},
{"mapping": [3, 0, 6, 10, 5, 1, 7, 8, 4, 9, 13], "R": [[-0.07300183337695124, -0.47955452119905356, 0.874470235926387], [0.8629083754151878, -0.4700012363849056, -0.18570937896342765], [0.500059864378182, 0.7410305654925491, 0.4481225647564153]], "T": [-0.07184547697670862, 0.05585258567409502, 0.0513312487411451], "aligned_model": [[-0.194663903933809, -0.6019779399517876, -0.3519455513273464, 0.6069435105319013, 0.5482725882833909, -0.13666567765008858, -0.057314023008020513, 0.5907429945393555, -0.5255341801002773, 0.49696241551551823, 0.004509443046017025], [-0.42206905194511285, 0.016491206679285005, -0.44246000229660126, -0.40331959871705964, -0.026127842110598314, 0.645594913925717, 0.7548933327030001, 0.4427376579773994, -0.09092720506320179, 0.05418083232663647, 0.07108154092201563], [-0.4801471026501087, -0.4288454125683639, 0.14999398840132797, -0.008170251456106267, -0.5034691816540472, -0.40814913062821795, 0.1854358191350704, 0.0028128022475298747, 0.5687437038511977, 0.43903153693798264, 0.04583747684906658]], "inverted": false, "swapped": false, "error_lsq": 0.05360533966532855, "error_max": 0.29703937411756604, "target": "323.xyz", "model": "20.xyz", "model_rescale": 4.121658175737393, "target_rescale": 3.861849053468101},
{"mapping": [11, 7, 9, 10, 4, 3, 5, 2, 8, 6, 12], "R": [[-0.15530050545182056, -0.9091923386335572, -0.38633022710687903], [-0.022152166858797062, 0.39418184005246576, -0.9187654534625869], [0.9876188710782463, -0.1341266876609422, -0.08135721939222712]], "T": [0.04350516704923538, 0.14437597442326908, 0.03596406235997181], "aligned_model": [[-0.15705616850297646, -0.5032082113917076, -0.28080543889216936, 0.48983233279158067, 0.3930624621856261, -0.025910271164547652, -0.47654482749737614, 0.7359120314607844, -0.21821621443101438, 0.4484256511816561, -0.026161669795001896], [-0.353737004356502, 0.14940368636584594, -0.49383590276581646, -0.4949536049250338, 0.021620331195754544, 0.5598067399985863, 0.5129962683277983, 0.4059970055176594, 0.035296084360745286, 0.04762829831530016, 0.2098538823671422], [-0.6613361701035169, -0.37378862359034226, 0.13681596303291121, 0.06284884909374472, -0.4020683010558459, -0.5165207599646546, 0.2759028297164628, -0.13237727069282623, 0.6469522772434575, 0.5352673276905555, -0.008621872904614539]], "inverted": true, "swapped": false, "error_lsq": 0.04847668699788426, "error_max": 0.2743909860462763, "target": "323.xyz", "model": "21.xyz", "model_rescale": 4.08911054899281, "target_rescale": 3.861849053468101},
{"mapping": [1, 11, 6, 0, 4, 15, 9, 3, 10, 13, 16], "R": [[-0.5631070659872556, 0.826152886022096, 0.01954075619278911], [-0.4977578892806325, -0.3202074482737569, -0.8060423523171093], [-0.6596571199449863, -0.4636147096322233, 0.5915351934741627]], "T": [-0.024742204854657356, 0.09121694387143023, -0.014077863440925868], "aligned_model": [[-0.13413679432327957, -0.6431596012196105, -0.21310926408903508, 0.35471764460757776, 0.6264753159647134, -0.14002937241852983, -0.3905600259037644, 0.705796706545609, -0.3519925273402604, 0.5497712713538513, 0.015556322767582294], [-0.2919491610926891, 0.1558971488391976, -0.5740159168672462, -0.5830166018111658, -0.05459850028658933, 0.5409294898879585, 0.5988083172471987, 0.5596641935707638, 0.04563529210381065, 0.13522750575363474, 0.06749401705660626], [-0.7005288384330635, -0.4604739042129823, 0.26439515237963446, -0.05279151350969296, -0.21642850636214492, -0.5761939660786327, 0.32662131624682017, -0.04797323884408929, 0.7221048235805367, 0.30953811596346936, -0.005195192264524027]], "inverted": true, "swapped": false, "error_lsq": 0.04369654299591792, "error_max": 0.20258396078367788, "target": "323.xyz", "model": "22.xyz", "model_rescale": 4.204369325754507, "target_rescale": 3.861849053468101},
{"mapping": [4, 7, 8, 1, 12, 13, 11, 14, 5, 10, 15], "R": [[-0.20034645405205015, 0.842202496685022, -0.5005559438527181], [-0.4336144771662283, -0.5343743379815276, -0.7255498274403095], [-0.8785441272586303, 0.07168696872040137, 0.47225119901917867]], "T": [0.07281987097420412, -0.024363314988002004, -0.06709514789739351], "aligned_model": [[-0.11101852166861242, -0.5605294259849896, -0.5056337041926666, 0.4670937825966413, 0.4498028328465591, -0.041989727358186346, -0.04800477792902895, 0.5472939999440405, -0.397972106076171, 0.4960317567554247, 0.08425556701184306], [-0.34921001338425733, 0.015992913713033442, -0.4733748550472702, -0.5313875439636457, -0.037816415329467244, 0.5701887384335158, 0.591517208083186, 0.5853820280938395, -0.07990537670687267, 0.3303956512374217, -0.02170655072800357], [-0.6958582961079389, -0.37183371091111456, 0.12277916265099711, 0.08454237326750522, -0.4643883931942923, -0.35805297521086993, 0.2868904272589772, -0.12023533612163739, 0.6159367960729334, 0.49231687607304114, -0.02902267531227023]], "inverted": true, "swapped": false, "error_lsq": 0.044764195923818, "error_max": 0.21695000068232215, "target": "323.xyz", "model": "23.xyz", "model_rescale": 4.410303926677745, "target_rescale": 3.861849053468101},
{"mapping": [10, 9, 4, 3, 1, 11, 13, 7, 5, 0, 16], "R": [[-0.17738464023054096, -0.06520187560399461, 0.9819793301429531], [-0.2620564023895221, -0.9586488029558916, -0.11099060571912155], [0.9486101050362803, -0.27702199914259124, 0.15296300406993757]], "T": [-0.13366611472424744, 0.15289297526711945, 0.011577196857128408], "aligned_model": [[-0.14191904752738088, -0.5931960559917473, -0.2119087933422758, 0.4148359809114512, 0.6050205336440764, -0.07572718681814282, -0.1146069214516284, 0.4080244930026424, -0.33216278218684, 0.4650409417697479, -0.04407148606504872], [-0.2606744041990505, 0.09026301006412103, -0.5142989674088319, -0.5600968462403529, 0.03368296641809215, 0.4343846313292151, 0.81447317910435, 0.5374114647769594, -0.06766133422586942, 0.019476556022021446, 0.07311552876082522], [-0.49109352838679, -0.409528139330557, 0.16196791419738393, 0.005100303770850287, -0.4085017943849052, -0.5524502978727587, 0.248505466322008, -0.013873017441415447, 0.5661553275098331, 0.45218556112893804, 0.0046064529527438825]], "inverted": true, "swapped": false, "error_lsq": 0.04405847897063413, "error_max": 0.22170101987530952, "target": "323.xyz", "model": "24.xyz", "model_rescale": 4.28219845311461, "target_rescale": 3.861849053468101},
{"mapping": [0, 4, 1, 8, 6, 2, 13, 14, 9, 11, 15], "R": [[0.6908596818432112, -0.4677035040508166, -0.55133141784419], [-0.7172136944836867, -0.5395421573595681, -0.4410201547286065], [-0.09119987088016124, 0.7001054868592096, -0.7081912812376832]], "T": [-0.03949722599967048, 0.07120722526783818, 0.12017240152804101], "aligned_model": [[-0.1254000846495808, -0.6438953891116421, -0.17421345577656827, 0.3990392198696984, 0.5449504944515324, 0.028507162355979623, -0.2313920752761202, 0.5630658587108195, -0.2709171579949236, 0.34158399117662125, -0.051998887810962346], [-0.1649379064213558, 0.026622413191261074, -0.5440834301147982, -0.46206991937269004, -0.1221978698969586, 0.4646336833402561, 0.6332396819855566, 0.5172434980785102, 0.06360516813917155, 0.13468158456740345, 0.05333888090512345], [-0.6559785810076206, -0.28892859820757766, 0.005514886814983272, 0.04773394780951394, -0.5380163754840789, -0.43603893388403525, 0.13474433873690683, -0.01441584898429596, 0.7552005171903277, 0.5038717406928878, 0.0493871547883202]], "inverted": true, "swapped": false, "error_lsq": 0.043620900486357896, "error_max": 0.22337710734484284, "target": "323.xyz", "model": "25.xyz", "model_rescale": 4.100010024507729, "target_rescale": 3.861849053468101},
{"mapping": [5, 6, 4, 9, 7, 2, 1, 3, 0, 8, 11], "R": [[0.6548447975709544, 0.020294545985324097, -0.7554908487185703], [0.3974478924370591, -0.8594938334658754, 0.3214117655461205], [-0.6428168198574116, -0.5107430681246531, -0.5709010899192787]], "T": [0.02360790874144617, 0.09066872366572486, 0.008012821628992292], "aligned_model": [[-0.0881662017938842, -0.5703638500415178, -0.43743663320576515, 0.455552145503301, 0.570262491120811, -0.11016979149565584, -0.1372237430420237, 0.6124948384579121, -0.4232400603410581, 0.47847703392607993, 0.02914344685665495], [-0.36939851348598884, 0.052787782889787735, -0.6492402536503079, -0.6089995228689207, -0.04904902534015672, 0.630355569854814, 0.6762000694395284, 0.6297358450668519, 0.07388413733618755, 0.24818456739056716, -0.03438487223088281], [-0.57510882591563, -0.2493676792586601, -0.06822506829507771, 0.06457626616925476, -0.3664253773728238, -0.4804530639294815, 0.36916760376418845, -0.13582892851734824, 0.6194738965327345, 0.3889861368155435, -0.003720711527368935]], "inverted": false, "swapped": false, "error_lsq": 0.04235147569594622, "error_max": 0.2964930149868473, "target": "323.xyz", "model": "26.xyz", "model_rescale": 3.6694154284099745, "target_rescale": 3.861849053468101},
{"mapping": [4, 8, 10, 2, 0, 5, 7, 1, 9, 6, 13], "R": [[-0.12927226903564953, -0.9327436854719379, -0.3365678203135316], [0.42794733448509004, 0.25370229799342786, -0.8674654015578722], [0.8945109051126663, -0.25617252234593957, 0.3663685022343461]], "T": [-0.014976564601684741, 0.023235339094639713, 0.08702692588346023], "aligned_model": [[-0.1348474641987657, -0.586916547765224, -0.35070082483847875, 0.44964977027442954, 0.4116057735120131, 0.05884410508414163, -0.22549453184381546, 0.62630753555414, -0.48971355902682556, 0.5962235619828892, 0.024371857210350033], [-0.41294471228188917, 0.06102965988123937, -0.47047334022987736, -0.471567311927479, 0.006314616896975052, 0.585261365387204, 0.6035171081950582, 0.6108775643223558, -0.03194181951237129, 0.13796976601338168, -0.017967112343117604], [-0.5992008062141878, -0.19548579490132056, 0.013326987343897423, 0.049312847817634745, -0.4176259658182538, -0.46492937149711694, 0.20984296162950386, -0.06488743062211089, 0.5732818001650385, 0.3776484122656962, 0.08179060829654995]], "inverted": false, "swapped": false, "error_lsq": 0.04240351584720717, "error_max": 0.19838434563228352, "target": "323.xyz", "model": "27.xyz", "model_rescale": 4.103607728864725, "target_rescale": 3.861849053468101},
{"mapping": [13, 11, 10, 3, 2, 8, 5, 1, 9, 0, 14], "R": [[-0.18593798473356843, -0.021167653661306532, 0.9823334445450255], [-0.12556416117809432, -0.9910588193482756, -0.04512269960501362], [0.9745053654346195, -0.13173589879177855, 0.18161758094595765]], "T": [-0.09499326064066466, -0.040397664595006676, -0.09181168948401441], "aligned_model": [[-0.14692991254018795, -0.6919309133442555, -0.3380243353712342, 0.4523383671340873, 0.6017565486768033, -0.1113874876417493, -0.15643700783103007, 0.5455639856324523, -0.2602513371470751, 0.4414751093318861, 0.04315665904515681], [-0.18034359888460558, 0.08275905829151176, -0.42960687730227426, -0.4673073096323449, -0.1363494905039495, 0.540767919678127, 0.5135991687458498, 0.5824834066774643, -0.053406684730029526, 0.11984736361276213, 0.02763282844896891], [-0.7223592710502117, -0.40892222833737424, 0.13006071025251334, 0.19403284304782042, -0.3078062647698151, -0.6699619898247858, 0.381952582028073, -0.02423641758423277, 0.7098393939665848, 0.3511498889122759, -0.07067499817551653]], "inverted": true, "swapped": false, "error_lsq": 0.04374614843501672, "error_max": 0.23391169616288796, "target": "323.xyz", "model": "28.xyz", "model_rescale": 4.137296879288765, "target_rescale": 3.861849053468101},
{"mapping": [7, 8, 9, 0, 1, 3, 4, 2, 6, 5, 10], "R": [[0.3744594196824401, -0.73940912242221, -0.5595125491800054], [-0.40693796384890824, 0.41115134695341704, -0.8156936088243527], [0.833175633698919, 0.5331310529102657, -0.146934147947972]], "T": [0.011631939755395459, 0.0513615333540984, -0.05516756670517641], "aligned_model": [[0.044709180219349096, -0.5665607840365233, -0.5373886490692622, 0.3043111682293721, 0.6898642836258025, -0.18018846648623266, -0.34799410618193816, 0.5542585731803922, -0.06449382023367572, 0.5373810924490454, -0.05456879575147515], [-0.30868514709154743, 0.09195567187248446, -0.48519367728151924, -0.5563709538039902, -0.16510921503443393, 0.6130890580711535, 0.554624572476488, 0.5936038315052421, -0.008175767839265997, 0.2101828930448629, 0.0601545184820057], [-0.6742673234061717, -0.4822497227920579, 0.09138998252129782, 0.13330109286373965, -0.3003211281926765, -0.3921183712555665, 0.41069226555662514, -0.20894891427298434, 0.6567369222465952, 0.3341417596402995, -0.005282314443769594]], "inverted": false, "swapped": false, "error_lsq": 0.060156831660281136, "error_max": 0.3038446223395576, "target": "323.xyz", "model": "29.xyz", "model_rescale": 3.607286011436655, "target_rescale": 3.861849053468101},
{"mapping": [10, 11, 12, 5, 4, 9, 1, 3, 13, 6, 14], "R": [[0.3534139404566006, -0.17630095808063298, 0.9187037383568163], [0.040589414790107047, 0.9840453694084679, 0.17322589400187496], [-0.9345860506651783, -0.023930798682933255, 0.35493130430614583]], "T": [0.07544431824477833, 0.06087312441520336, 0.031260052098916274], "aligned_model": [[-0.1289166922093276, -0.46721545614977594, -0.34859284395748197, 0.3949191070063323, 0.6773810663956965, -0.11669175973850364, -0.30800640145368, 0.6559529774996374, -0.44436588987513775, 0.47442469298315776, -0.009559124556063364], [-0.3781654050653015, 0.04704409363608106, -0.5089675763925174, -0.6297119739596722, -0.12206934273010141, 0.6941278172846678, 0.6357099002434569, 0.5507345449354896, -0.09402696063169293, 0.2228572247996296, 0.1825434622814404], [-0.5023658894929032, -0.19203390240706297, 0.09021748407841151, -0.007846351873478936, -0.28662938566607477, -0.3890131083619831, 0.2771752520632692, -0.191218983951105, 0.5228877908794057, 0.2836858397073655, -0.04178449651051305]], "inverted": true, "swapped": false, "error_lsq": 0.04851791221579007, "error_max": 0.2164382497537147, "target": "323.xyz", "model": "30.xyz", "model_rescale": 3.964800864290218, "target_rescale": 3.861849053468101},
