[{"mapping": [3, 8, 7, 4, 2, 9, 13, 10, 0, 12, 5, 14], "R": [[-0.8416520461101518, 0.508992483570266, -0.18041198670700287], [0.46658532103767525, 0.517217084454733, -0.717484930671241], [-0.27188227502131296, -0.6880502446893819, -0.6728052387668493]], "T": [-0.10709677066486468, 0.0416058824405726, 0.05009999739062496], "aligned_model": [[-0.17985355259304317, 0.10586396801985391, 0.4933133331412799, -0.027301248560107738, -0.04313137974327798, -0.6179008127245749, 0.3816055328377782, -0.28577699902017867, 0.49100588604945705, 0.22112245756222026, -0.6475536662330688, -0.05375105627578917], [-0.325767615845659, -0.7295086310291591, -0.3986853244358406, 0.6685253778144834, 0.3583107438639871, -0.581358008610809, -0.16471710374769227, -0.4654666244603676, 0.27136111009024266, 0.39274748051984987, 0.015467741546784083, 0.012645890271237675], [-0.48814523701926826, 0.006856663993380786, -0.5177540265174042, 0.016459736494237077, -0.5402042770902094, -0.033552213167587906, 0.5665567453346451, 0.5112115182346025, -0.30920263758646943, 0.5371530863078713, 0.42340298958892353, 0.009169396780841207]], "inverted": true, "swapped": true, "error_lsq": 0.04528947828714989, "error_max": 0.3388352419451865, "target": "324.xyz", "model": "0.xyz", "model_rescale": 3.751011558992144, "target_rescale": 4.074460301710674},
{"mapping": [2, 10, 5, 9, 8, 6, 3, 13, 12, 11, 7, 4, 1, 0, 14], "R": [[0.22057737169450364, 0.6057996119306077, -0.7644294952976829], [0.9330395169220378, -0.35943479361251507, -0.015616946008079391], [-0.28422329770487736, -0.7097981821091501, -0.644518159337897]], "T": [0.02569206103446267, -0.04462882999491729, -0.0515422429638761], "aligned_model": [[0.531551589154715, -0.7583712605997184, -0.07676918249992092, -0.17162072743189663, -0.1335599259447971, -0.23010178809605417, 0.7783602369581515, 0.39582211256099, 0.41067814973903594, -0.2352858873885176, 0.3387094389703402, -0.606758333114725, 0.05636411210154166, 0.6197126230895941, 0.032916401411588615], [-0.6818497768444999, -0.06509586880142773, -0.6269944591234987, -0.229447284669678, -0.5128761170469683, 0.654346759415086, -0.04779850008635883, -0.4368292988762393, 0.30965710913666417, 0.49836856819656167, 0.5343650876215377, -0.07036383117115705, 0.294777755191594, 0.04620468304009926, -0.02780327107145918], [0.09608466750364447, -0.29087372045759924, -0.2526342979503413, -0.6524577309100241, 0.3909524292655471, 0.04709029439613396, -0.18149015428219478, -0.5380447973937788, -0.5790290095417865, -0.5747776822461296, 0.028851713715355255, 0.42271315085342615, 0.5563623092901815, 0.41148406650990366, -0.10319998116829382]], "inverted": false, "swapped": false, "error_lsq": 0.04861537319635945, "error_max": 0.3706687849143278, "target": "324.xyz", "model": "1.xyz", "model_rescale": 3.9405287249114394, "target_rescale": 4.074460301710674},
{"mapping": [1, 11, 5, 0, 12, 9, 2, 4, 6, 8, 7, 3, 14], "R": [[0.18557084757956493, -0.5951668072950116, 0.7818823006200262], [-0.979854742797414, -0.052310095052173156, 0.19273903852890525], [-0.07381154073731339, -0.8018978273133652, -0.5928842475594109]], "T": [-0.011638234404147081, -0.01863426507803779, -0.13237718276291177], "aligned_model": [[-0.19405921860380537, 0.1288229493170014, -0.29411431945946787, 0.4670502558547158, 0.5413677424189227, -0.819487945165508, 0.17590742271138032, 0.5210337098820539, -0.004096397970972172, -0.49423714765334503, -0.09052710605297526, -0.43256654225642915, -0.009110123737640117], [0.7226680322875316, 0.5851261860804473, 0.31314675690237165, -0.27007687603382874, -0.13469227986515878, -0.0021026072306987095, 0.231657051073482, 0.3165437769655973, -0.8275932157540804, -0.6537589597360781, -0.6529401358097081, -0.09883330099462898, -0.07031183431323071], [0.2631845118049326, -0.28961634045887436, -0.6245769361011896, 0.36486177266193215, -0.5183356285898141, -0.18812680501540435, 0.46346974431783183, -0.0657189043334448, -0.06945744454931335, -0.05784687916543882, 0.5519030524909255, 0.363961656349275, -0.08058144982277349]], "inverted": false, "swapped": true, "error_lsq": 0.05449257021305798, "error_max": 0.3596361353041619, "target": "324.xyz", "model": "2.xyz", "model_rescale": 3.932901565614263, "target_rescale": 4.074460301710674},
{"mapping": [10, 9, 8, 5, 13, 0, 7, 12, 11, 4, 3, 1, 2, 14], "R": [[0.25610230224204816, 0.22648324000924663, 0.9397430248643706], [0.8381480699448717, -0.5363552480621391, -0.09915069704186649], [0.48158013210057715, 0.8130365243155533, -0.3271883043369298]], "T": [-0.04193568964133074, -0.06508638055143366, 0.024717837985062854], "aligned_model": [[-0.1673293249596491, 0.4402553549687923, 0.2751486606898744, -0.20486713886123434, -0.5264810012244417, 0.004327521708458529, 0.47580843366730874, -0.7019164393316837, -0.2027145521055357, -0.30896189642793015, 0.6001304768209216, 0.4364288300628989, 0.30852936910721784, -0.008548382062293858], [0.10869083638058093, 0.29305304822827494, -0.42113092552330406, 0.5268137154076447, -0.465276464339571, -0.6718200343184413, -0.8412091672481952, -0.2142214619372773, 0.43670719317572737, -0.032874799658595376, -0.17497459418801903, 0.44063591521830625, -0.19070952086526027, -0.13018710198138234], [-0.6503754155821588, -0.5186332615084723, -0.6191219338207168, -0.21031322723726664, -0.3666776479825385, 0.43623530391416065, -0.05516504393062607, 0.1268605452219502, 0.3871175427024092, 0.5975934485032373, -0.0503846740421435, 0.5293839767488527, 0.5852941005661578, 0.022082649504252413]], "inverted": true, "swapped": true, "error_lsq": 0.049279667824304374, "error_max": 0.28685228837020216, "target": "324.xyz", "model": "3.xyz", "model_rescale": 3.9243930471874484, "target_rescale": 4.074460301710674},
{"mapping": [9, 5, 1, 3, 2, 10, 8, 11, 4, 12, 0, 13, 14], "R": [[0.529736332069528, 0.7705949114197526, 0.3543485585966264], [0.15328181693134535, 0.32392488564289534, -0.93358307239338], [-0.834196681295094, 0.5488680633405638, 0.05347659264603984]], "T": [0.00032027231697580663, -0.03700802716390539, -0.06476692834201245], "aligned_model": [[-0.10717305241192097, -0.2870707980994548, 0.692169250537854, 0.35627426760669384, 0.65552449125313, -0.5980193989166689, -0.28713414053868996, 0.17216352788616004, 0.2670755323637652, -0.3452992945898889, 0.3478719878652196, -0.6092430343217917, 0.020066547676945042], [-0.7379818620059849, -0.03545618432440811, -0.05457970405206217, -0.5814630315382555, 0.049293794806950814, -0.3667392207864102, -0.7100816456756989, 0.3425672617228238, 0.5368643190101529, 0.5262718038133037, 0.16337255371886422, 0.0630737643332428, -0.06731229534093125], [-0.456025588661766, -0.6559825800204054, -0.5749745265520865, 0.017878521463666086, 0.062166534417398056, -0.2516892750404457, 0.26108843770457013, -0.5499191465275212, -0.07102853477153587, 0.11274910498703916, 0.5505931808031294, 0.3433297498920532, -0.0011155623231314526]], "inverted": true, "swapped": true, "error_lsq": 0.05019849038584334, "error_max": 0.31165558897521034, "target": "324.xyz", "model": "4.xyz", "model_rescale": 3.8936222436046832, "target_rescale": 4.074460301710674},
{"mapping": [7, 0, 13, 8, 12, 4, 1, 5, 9, 3, 10, 14], "R": [[0.007278930641812009, -0.552023954184217, 0.8337964806687141], [-0.0326565107648944, -0.8335050413946931, -0.5515459167415653], [0.9994401280083636, -0.02321421927295242, -0.02409420158820902]], "T": [-0.1744933445326444, 0.007715046086834789, 0.051035121091626896], "aligned_model": [[0.05442045093363915, -0.5726440332012186, -0.3012617682166744, 0.41910533724518606, -0.7164282082240414, -0.755157876341545, -0.10998305201270661, 0.016615988934911313, 0.612748791795003, 0.2793344867170544, 0.2656403764536899, -0.1648424518682007], [-0.6898992903391317, -0.5242828818809024, 0.3653060935779644, -0.05779022156197683, 0.3567600949253977, -0.0798102356052674, -0.35349339632623283, 0.5256201674895538, 0.11132726908318621, -0.46525581950621975, 0.5261431611046413, -0.045702035851205164], [-0.5301185108611582, -0.2621211815007669, -0.5847204121805643, -0.482996263650868, -0.17858010597433918, 0.2870331565599229, 0.8286227039745745, 0.4079433589444799, 0.2107749010643296, 0.0684600689515459, -0.1469234178117626, 0.0019104217601246046]], "inverted": true, "swapped": true, "error_lsq": 0.04369275404253637, "error_max": 0.24716404736650827, "target": "324.xyz", "model": "5.xyz", "model_rescale": 3.6523030999806103, "target_rescale": 4.074460301710674},
{"mapping": [7, 6, 8, 3, 9, 0, 13, 2, 12, 11, 5, 1, 14], "R": [[-0.4806413094167331, 0.0613585929439284, -0.8747680005316325], [0.05172565228677079, 0.997795873363946, 0.04156743910067944], [0.8753904206567928, -0.02526891706864206, -0.4827557283476828]], "T": [0.0008837306711082238, 0.015250732998779652, -0.09688421390405323], "aligned_model": [[0.22050726673640633, -0.21545161829632367, 0.23926847822336786, 0.5683147967350428, 0.6317781170223801, -0.2108569729689639, -0.5490741457538113, 0.2247550969960573, -0.6764652005926375, -0.011622913175787702, 0.0803330583475632, 0.5700671876512508, 0.009529753739749854], [-0.4480371638727966, 0.035697941468640554, 0.2800242057452526, -0.1561544663625611, 0.5056115865338204, -0.6370233701389015, 0.2735701126305111, -0.6056874912600727, 0.0409392209624246, 0.01076098779843163, 0.5474666968948878, -0.2821820935394468, -0.024159262697006398], [0.686656888458944, 0.684915814930345, 0.6206863925538239, 0.18348520636501814, 0.03548261676182786, 0.16639701387435374, 0.3261336590519436, -0.22791859851123752, -0.1906259975732703, -0.7362617278002663, -0.4744632843869167, -0.6685829735343704, -0.03579527070840586]], "inverted": false, "swapped": true, "error_lsq": 0.05333599891319341, "error_max": 0.3178079355019805, "target": "324.xyz", "model": "6.xyz", "model_rescale": 4.08911054899281, "target_rescale": 4.074460301710674},
{"mapping": [1, 7, 2, 6, 13, 10, 9, 0, 3, 4, 8, 12, 11, 9, 14], "R": [[0.4126746466573009, 0.9055155984174867, -0.0986971986881763], [0.8935443251344135, -0.4234759561865136, -0.1491531211607861], [-0.17685636835115087, -0.02663861022162259, -0.9838761148737697]], "T": [-0.06765866745953193, 0.025337541802261304, -0.0647682733462436], "aligned_model": [[0.37563266113369365, -0.7021540768568476, -0.13122426957129518, -0.07672631926629875, -0.36881252187545405, -0.20130421312026253, 0.7023884657109704, 0.503973600759869, 0.4064451442885531, -0.15286684597072733, 0.2935106307585185, -0.5570098655323635, 0.07549701674482161, 0.7023884657109704, 0.08190968599617961], [-0.521275753440583, -0.31464383964242026, -0.7431398071453977, -0.1609683759340931, -0.475059604882749, 0.6203937472010557, 0.08831933783283918, -0.4517218001692984, 0.16874079233943515, 0.5312842027955684, 0.6028238862525168, 0.09763782900568455, 0.08946335759402525, 0.08831933783283918, 0.018488245270833106], [0.14175717862810125, -0.3495790882078811, -0.3004407615025865, -0.5277486715928665, 0.3765973051842503, 0.3190570502625786, 0.06796459361760984, -0.6394917871090742, -0.6821113867662304, -0.5480973871463363, -0.09962846960423624, 0.44836912679740626, 0.5008512036753501, 0.06796459361760984, 0.0055677577303493014]], "inverted": true, "swapped": false, "error_lsq": 0.048288567376872156, "error_max": 0.28798814635835895, "target": "324.xyz", "model": "7.xyz", "model_rescale": 3.964800864290218, "target_rescale": 4.074460301710674},
{"mapping": [12, 5, 13, 4, 6, 1, 0, 10, 9, 3, 2, 7, 8, 14], "R": [[0.3975937055749068, 0.8508744827695984, -0.3434120846137806], [0.8816094837734998, -0.4579901131099524, -0.11406039809748265], [-0.25433042171127995, -0.25740565429900936, -0.9322329996986061]], "T": [-0.0392130668870839, -0.13302385979847103, -0.016444595942187945], "aligned_model": [[-0.172795759046225, 0.24292346825012642, 0.3011645583974907, -0.6142396626102672, 0.3282400590647462, -0.48313936317375794, -0.5016737225298153, 0.6448727218161993, 0.5472548227700722, 0.04386922960880646, -0.5986494976034766, -0.014222950181240285, 0.5790314580995907, -0.041447473401376785], [0.016164210136146717, -0.6990187933386298, 0.30775760744394787, -0.21241752991444002, 0.5900836849022151, -0.6889504363302239, 0.4336785689748213, -0.24378393606140802, -0.44821265243332337, -0.02641175043247919, -0.06331364993779853, 0.6393501709555622, 0.2744752092785257, -0.0684522370617139], [-0.6707744663043643, -0.19583437577495344, -0.5042780295202887, -0.26857175738567457, -0.03933642107059995, 0.4664121641182965, 0.0513133209938485, -0.16284071991885724, 0.44476458725797, 0.6251907826569599, 0.35101158319187337, 0.5123471236956391, 0.2894280426077305, 0.01798320417744187]], "inverted": false, "swapped": true, "error_lsq": 0.048551110120080045, "error_max": 0.33771821872166813, "target": "324.xyz", "model": "8.xyz", "model_rescale": 4.121658175737393, "target_rescale": 4.074460301710674},
{"mapping": [0, 4, 12, 13, 2, 3, 11, 9, 5, 1, 6, 10, 14], "R": [[-0.17812991110390958, 0.8793386338580882, 0.4416257485413465], [0.9625088958877481, 0.24900570811321876, -0.10757686862882032], [-0.20456382893136618, 0.4059060535784429, -0.8907266222367629]], "T": [-0.02878032311513347, -0.004118251744780171, -0.047670231105459794], "aligned_model": [[-0.6578384448149919, -0.13319805435453286, 0.1978143738086916, 0.1703841464714656, -0.5832288217740557, -0.4304740239600017, 0.22054603446863918, 0.1984719946695152, 0.571214214178445, -0.2091781194529468, -0.2632303963962967, 0.4852141875092939, -0.08975959391802801], [0.11290666924555795, -0.37394468985623197, 0.1594311347352954, 0.6417643939263367, -0.3819984994045924, -0.005882924003638351, -0.5689223682340395, 0.03464974604967522, -0.21120323888520812, -0.8003427178277092, 0.7727108544895269, 0.37570902059061795, 0.03551005858611913], [-0.40850770628398886, -0.5505145303250487, -0.6722944674359704, -0.3498221972591031, -0.09911007673845015, 0.47059980040122645, -0.21444210115306442, 0.7287677237101233, 0.12336878689838829, 0.22206816151346795, -0.04742634957482656, 0.2576392383729102, -0.03925084816657517]], "inverted": false, "swapped": true, "error_lsq": 0.04464429843744206, "error_max": 0.2363612180086216, "target": "324.xyz", "model": "9.xyz", "model_rescale": 3.833441315466971, "target_rescale": 4.074460301710674},
{"mapping": [4, 9, 3, 7, 2, 8, 1, 6, 12, 11, 10, 9, 13, 0, 14], "R": [[0.11532751446346279, -0.801998700167012, -0.5860867250997105], [0.8572779937882963, -0.21768474865585574, 0.4665702429098445], [-0.5017708697941662, -0.5562476383168388, 0.6624307957009137]], "T": [0.1881705373059382, -0.0212474714836382, -0.1243281729392469], "aligned_model": [[0.31522887430133595, -0.5994236522162608, -0.3687952297207994, -0.30527740688653804, -0.20020110297243937, -0.40086499958036764, 0.9238909735861809, 0.5744674940511053, 0.5621612558862268, -0.08689157392488045, 0.16544055594966894, -0.5994236522162608, 0.22198237927576275, 0.6467082167458296, 0.10264542663176386], [-0.8046201951881486, -0.09576796196785425, -0.6873771787269618, -0.10896278102918389, -0.27690516045459473, 0.4643810327158897, -0.06544498213256564, -0.39279173203110745, 0.23070225983441578, 0.40369788216385916, 0.7895638037893896, -0.09576796196785425, 0.06571540478317464, 0.27336392422072264, -0.061124799098925445], [-0.20240464087920773, 0.05470315298327812, -0.14387803830641083, -0.5633374298181473, 0.4238112892646224, 0.03302955509064988, -0.07563574430940127, -0.5414122072879288, -0.5239183787943612, -0.5816020103957745, 0.0091730156604823, 0.05470315298327812, 0.66749299305006, 0.2840470023085571, -0.11374045396565255]], "inverted": false, "swapped": false, "error_lsq": 0.04914620815494366, "error_max": 0.3776255510021088, "target": "324.xyz", "model": "10.xyz", "model_rescale": 4.2482417240324, "target_rescale": 4.074460301710674},
{"mapping": [7, 3, 9, 1, 13, 10, 8, 11, 2, 12, 0, 14], "R": [[-0.923821222805887, 0.36262185795137963, 0.12271811777127836], [0.31683123169308364, 0.5442922719241423, 0.7767650181023211], [0.21487745092791713, 0.7564729412606541, -0.6177186821063255]], "T": [0.07827948036181219, 0.16307995777098858, -0.10031980195984819], "aligned_model": [[-0.6779966094110171, -0.018671202340528312, 0.3451170280762507, 0.6890951990414784, -0.4077087471199836, 0.11542305155426993, -0.38104696307933716, 0.6331621908397895, 0.07539924904925303, -0.07441909778474008, -0.4368122877249665, 0.01522379126253827], [-0.373700231182183, -0.42260520382166555, -0.06517397445593753, -0.4036712863011661, 0.7078974907751496, 0.5283931956058713, 0.04951394095903147, 0.24162857477852787, -0.3685092279054477, 0.7295015590614523, -0.0831943051140139, 0.1260508576510211], [0.028987339602600914, 0.17813706281153058, 0.6295434296269895, -0.3123875998965814, 0.02262728851287296, 0.5053530299359059, 0.5461798756651899, -0.4084033484325468, -0.5129422915247883, -0.4525962685695995, -0.5625341396780212, -0.09677208819919594]], "inverted": false, "swapped": true, "error_lsq": 0.053708753657103724, "error_max": 0.2915556549160684, "target": "324.xyz", "model": "11.xyz", "model_rescale": 3.6694154284099745, "target_rescale": 4.074460301710674},
{"mapping": [8, 9, 1, 5, 10, 7, 6, 0, 11, 4, 2, 12, 3, 14], "R": [[0.06412475731262662, 0.6932258806148682, 0.7178620298813259], [-0.9979051999467582, 0.03837465508175891, 0.052082605220714506], [0.008557302075859197, -0.7196980368828978, 0.694234476447321]], "T": [0.14704813402867792, 0.08103695875264855, 0.01920267278324741], "aligned_model": [[-0.028898850835342466, 0.07294040321429121, -0.24325978381417632, 0.6001365178028614, 0.5638071865641744, -0.5653904642477808, 0.05444219747852011, -0.27634429520216064, 0.3483875564691574, 0.18001391770276284, -0.400652043360756, 0.6119500931274515, -0.4132096919632541, 0.0943421073200611], [-0.4634569288842659, 0.2318175398167485, 0.8471050330720085, 0.44946657305643345, -0.10883385589769584, -0.5228696793899799, -0.7169679255148258, -0.2409580248716286, 0.6508572716638494, 0.323151364924388, 0.3035596187678744, -0.1305277941314142, 0.07835371690643278, 0.03029037861832972], [-0.5415191119116282, -0.7731203244074224, 0.027862958172922163, -0.2826292641513154, -0.5211064533553799, -0.04813860851490868, -0.0950019761302669, 0.5258294757589441, 0.2283615291424622, 0.6030013689207826, 0.34070050858101864, 0.47456573547796205, -0.32148594979249695, 0.021775571861742067]], "inverted": false, "swapped": true, "error_lsq": 0.04653762045611461, "error_max": 0.36235816259156156, "target": "324.xyz", "model": "12.xyz", "model_rescale": 3.9764082729961374, "target_rescale": 4.074460301710674},
{"mapping": [14, 10, 11, 8, 13, 9, 7, 3, 7, 2, 0, 12, 6, 4, 15], "R": [[0.03801863001311756, -0.9464888374632103, 0.3204894137556913], [-0.08681315057898886, 0.316380257588189, 0.9446517927231077], [-0.9954989003803449, -0.06373706273411264, -0.0701393340113256]], "T": [-0.018026674826540773, 0.031038206888842672, 0.03787076742940891], "aligned_model": [[0.2441657161154094, -0.6803333903761031, -0.19655229641674446, -0.11727097368266881, -0.2576492532215945, -0.2116512838927703, 0.5449468887582638, 0.4452895453906415, 0.5449468887582638, -0.05557977622126653, 0.2520984052233971, -0.605151686085594, 0.32668851184921055, 0.6332768742905752, 0.08442338842130816], [-0.7083329688792198, -0.2591538117001638, -0.6899337553778611, -0.20450268687358933, -0.389803044445407, 0.5818050814497523, 0.2756778521736685, -0.4684130340472957, 0.2756778521736685, 0.44648117057445785, 0.6893979079838104, 0.08128485266282603, -0.2630069444432156, 0.27153206975884875, -4.8986100024680373e-05], [0.19081995556248077, -0.3132493058268123, -0.2429721260369221, -0.6211617758935284, 0.4119753080134925, 0.18162224452783454, -0.40286260954870357, -0.4564266990061642, -0.40286260954870357, -0.6420236526137841, -0.10601418176410739, 0.28276468464825016, 0.6529867684832268, 0.22180040236771664, 0.026634854219768134]], "inverted": true, "swapped": false, "error_lsq": 0.04491044438303875, "error_max": 0.43513451209029985, "target": "324.xyz", "model": "13.xyz", "model_rescale": 4.170626492500431, "target_rescale": 4.074460301710674},
{"mapping": [11, 5, 12, 10, 0, 6, 13, 1, 2, 9, 3, 8, 7, 14], "R": [[0.6276479576868967, 0.7564342085047876, 0.18402534992550118], [-0.7742641162462592, 0.6311616358588132, 0.04636882264438378], [-0.08107477724216652, -0.17158752176007017, 0.9818271756635029]], "T": [0.021590198036275363, -0.04446250434167122, -0.05194505904531965], "aligned_model": [[0.30222784593813873, -0.20169379552040623, -0.2393829051910107, -0.6025867793681084, 0.3357019703044878, -0.4298619584332163, -0.5994126606776262, 0.7473262194140421, 0.6661963188691249, -0.1640235021914292, 0.270245731370463, -0.40644388773778706, 0.13534487785545088, 0.02954554745952055], [-0.4950439277144443, -0.659158877523012, 0.12403695331630517, -0.2998512838416519, 0.608404099549249, 0.5834110347789718, 0.3092875801000598, -0.48866347674689214, 0.14617729453091777, -0.4734192616718278, 0.04760186886532548, 0.22447322677575116, 0.7094197403201418, 0.019399497186771905], [-0.4085948462594087, -0.11846279637825073, -0.6616580794609666, 0.16450968934056043, -0.17323655977403296, 0.19381117368073, -0.24518846980484701, 0.07161985973931467, -0.020447550795230002, 0.6095276357035025, 0.5477709953111256, 0.5695855105423775, 0.491680056339021, -0.017043517063029083]], "inverted": true, "swapped": true, "error_lsq": 0.04714197981719739, "error_max": 0.2707829810941309, "target": "324.xyz", "model": "14.xyz", "model_rescale": 3.9786697098870705, "target_rescale": 4.074460301710674},
{"mapping": [3, 6, 9, 1, 10, 5, 0, 12, 11, 2, 13, 14], "R": [[0.9552873715811484, -0.29493340821253966, -0.02098386088679682], [-0.267040557527374, -0.8301168494586998, -0.4894847871795731], [0.1269463600622337, 0.4732021776840192, -0.8717593249871501]], "T": [0.04359465167994639, 0.004209587306933795, 0.02028065524141685], "aligned_model": [[0.022473807342211865, -0.7181809894002499, 0.3405901286507266, 0.7198307905177458, 0.03742725259559368, 0.5332305989507394, -0.4386608940894775, -0.1808823474740701, 0.5826732114567047, 0.10561758611777047, -0.5064823613016846, -0.01428218659867378], [-0.4371046021064414, 0.11284124291373797, 0.10502613932381102, -0.5266480446714902, 0.5752813233383456, 0.43192576941689204, -0.45747612486227346, 0.37103735689810396, 0.021694479019298937, -0.6414251989197525, 0.49510940759735916, -0.035587257723152285], [-0.4642402061066225, -0.23726039525251322, -0.7264670804551959, 0.033335342722631986, -0.3986608936762823, -0.07691753950684693, 0.32669300462703094, 0.5525366645180223, 0.36389201154269235, 0.19961708593262445, 0.08780350177042433, -0.00036500224213521434]], "inverted": true, "swapped": true, "error_lsq": 0.05516117307404705, "error_max": 0.33742828603578495, "target": "324.xyz", "model": "15.xyz", "model_rescale": 3.769337070930944, "target_rescale": 4.074460301710674},
{"mapping": [3, 9, 0, 6, 2, 1, 4, 5, 12, 13, 14], "R": [[-0.7962559527472463, -0.27453135824475805, 0.539081618175637], [0.5317198327256719, -0.7426012006488438, 0.40720692071854425], [0.28853158787342226, 0.6108813224638512, 0.7372743944177484]], "T": [0.002990606906428354, -0.0005294195289827983, 0.03897208980371587], "aligned_model": [[-0.27326421898184466, -0.33302146622435014, -0.03391135040839093, -0.7231049240287832, 0.28560598183310537, 0.573196021437678, 0.5342741661778561, 0.19763981593643368, 0.15615587199405168, -0.41650054699821565, -0.044443220046369664], [-0.1734896347651407, -0.718721877834167, 0.6687198694251323, 0.3523163582391105, 0.24712358995727993, -0.3319527407743841, 0.3427335220962182, -0.5320705600509719, 0.3998638687559519, 0.30273253928584964, 0.038809563290463193], [-0.5300031328936095, -0.12624882537836324, -0.26162110852803455, 0.120920205704439, -0.5192834195311857, -0.5126617861857309, 0.05983782093693431, 0.37319908410157826, 0.5723337038804116, 0.5682981185486532, -0.0005530534313153146]], "inverted": false, "swapped": true, "error_lsq": 0.047371828385429186, "error_max": 0.2840835799811943, "target": "324.xyz", "model": "16.xyz", "model_rescale": 3.7852294659196426, "target_rescale": 4.074460301710674},
{"mapping": [11, 9, 3, 1, 5, 10, 13, 8, 2, 4, 12, 0, 14], "R": [[0.04173471390537194, 0.9972326608682247, 0.06152425337147055], [-0.6816137858980691, 0.07344090845550925, -0.7280172249603238], [-0.7305209514647324, -0.011552188663178142, 0.6827925646989372]], "T": [-0.005410071479981925, 0.1134082184089, 0.006192749491700949], "aligned_model": [[-0.012822966999607976, -0.485211572498318, 0.17830242654681622, 0.2886717953255245, -0.5434198054455132, -0.6775862717796841, -0.26287493856221583, -0.2539135327736396, 0.6158077795312683, 0.36415068988659544, -0.041409433915184854, 0.6488498991928857, 0.03522178170735634], [-0.0324155045847154, -0.4690060461836605, -0.36580845645938675, -0.5770569977599218, -0.06099752510961687, 0.1459046806021755, 0.748812074679531, 0.05766418374954421, -0.13107234381695643, 0.30353674287519916, 0.7463740265560785, 0.3886906000527339, 0.12043018910186949], [-0.6164312702992767, 0.3004487864550058, 0.41431756559763877, -0.413389431543621, -0.3288597018452483, 0.22709119133892755, 0.2856573630478434, 0.7657837495128142, -0.07848495261465577, -0.47109441147478687, -0.25130934122666776, 0.19533855894620958, 0.06668659124899104]], "inverted": true, "swapped": true, "error_lsq": 0.04485908963243157, "error_max": 0.3190694399317354, "target": "324.xyz", "model": "17.xyz", "model_rescale": 3.901054581598922, "target_rescale": 4.074460301710674},
{"mapping": [2, 10, 5, 9, 8, 6, 3, 13, 12, 11, 7, 4, 1, 0, 14], "R": [[0.22057737169450364, 0.6057996119306077, -0.7644294952976829], [0.9330395169220378, -0.35943479361251507, -0.015616946008079391], [-0.28422329770487736, -0.7097981821091501, -0.644518159337897]], "T": [0.02569206103446267, -0.04462882999491729, -0.0515422429638761], "aligned_model": [[0.531551589154715, -0.7583712605997184, -0.07676918249992092, -0.17162072743189663, -0.1335599259447971, -0.23010178809605417, 0.7783602369581515, 0.39582211256099, 0.41067814973903594, -0.2352858873885176, 0.3387094389703402, -0.606758333114725, 0.05636411210154166, 0.6197126230895941, 0.032916401411588615], [-0.6818497768444999, -0.06509586880142773, -0.6269944591234987, -0.229447284669678, -0.5128761170469683, 0.654346759415086, -0.04779850008635883, -0.4368292988762393, 0.30965710913666417, 0.49836856819656167, 0.5343650876215377, -0.07036383117115705, 0.294777755191594, 0.04620468304009926, -0.02780327107145918], [0.09608466750364447, -0.29087372045759924, -0.2526342979503413, -0.6524577309100241, 0.3909524292655471, 0.04709029439613396, -0.18149015428219478, -0.5380447973937788, -0.5790290095417865, -0.5747776822461296, 0.028851713715355255, 0.42271315085342615, 0.5563623092901815, 0.41148406650990366, -0.10319998116829382]], "inverted": false, "swapped": false, "error_lsq": 0.04861537319635945, "error_max": 0.3706687849143278, "target": "324.xyz", "model": "18.xyz", "model_rescale": 3.9405287249114394, "target_rescale": 4.074460301710674},
{"mapping": [3, 4, 12, 13, 1, 8, 10, 14, 11, 9, 5, 0, 6, 2, 15], "R": [[-0.9624777895046706, 0.18362728463201594, -0.1997937062293893], [-0.2706424054097172, -0.7031037434399701, 0.6575696270013868], [-0.019727977702877042, 0.6869688102813499, 0.726419066790225]], "T": [-0.04188987604287592, -0.07379490018735393, -0.154878858640496], "aligned_model": [[0.39912095317128005, -0.7555626936310431, -0.18312607137279094, -0.03969259474168506, 0.01510336078549368, -0.3640247182045328, 0.739773110327905, 0.41284282421859475, 0.46050430197761666, -0.048829312652958104, 0.24375761102331256, -0.5101077565208758, -0.006036127818702303, 0.5943617741772691, -0.0064371018285559675], [-0.755364151749262, -0.23264611675981334, -0.5987003416123718, -0.10961670129485876, -0.3482622043517214, 0.51513921576721, -0.1565530517355879, -0.5019215725567138, 0.21706075260010224, 0.5795825812110118, 0.673619592780885, -0.05416203776635628, 0.26765984405340393, 0.2075373996439828, -0.06471165331965519], [0.10280582991345771, -0.16499958219636596, -0.22318461901639594, -0.8257304188922887, 0.4425647737467012, 0.1939160754773286, -0.14725645503285023, -0.6127704241830769, -0.5817468488113596, -0.5574450742840816, 0.0710408872708991, 0.34817265469566194, 0.5087525314895792, 0.3660446075969154, -0.13913268019008046]], "inverted": true, "swapped": false, "error_lsq": 0.043671297311855414, "error_max": 0.39867638148496615, "target": "324.xyz", "model": "19.xyz", "model_rescale": 4.410303926677745, "target_rescale": 4.074460301710674},
{"mapping": [12, 5, 13, 4, 6, 1, 0, 10, 9, 3, 2, 7, 8, 14], "R": [[0.3975937055749068, 0.8508744827695984, -0.3434120846137806], [0.8816094837734998, -0.4579901131099524, -0.11406039809748265], [-0.25433042171127995, -0.25740565429900936, -0.9322329996986061]], "T": [-0.0392130668870839, -0.13302385979847103, -0.016444595942187945], "aligned_model": [[-0.172795759046225, 0.24292346825012642, 0.3011645583974907, -0.6142396626102672, 0.3282400590647462, -0.48313936317375794, -0.5016737225298153, 0.6448727218161993, 0.5472548227700722, 0.04386922960880646, -0.5986494976034766, -0.014222950181240285, 0.5790314580995907, -0.041447473401376785], [0.016164210136146717, -0.6990187933386298, 0.30775760744394787, -0.21241752991444002, 0.5900836849022151, -0.6889504363302239, 0.4336785689748213, -0.24378393606140802, -0.44821265243332337, -0.02641175043247919, -0.06331364993779853, 0.6393501709555622, 0.2744752092785257, -0.0684522370617139], [-0.6707744663043643, -0.19583437577495344, -0.5042780295202887, -0.26857175738567457, -0.03933642107059995, 0.4664121641182965, 0.0513133209938485, -0.16284071991885724, 0.44476458725797, 0.6251907826569599, 0.35101158319187337, 0.5123471236956391, 0.2894280426077305, 0.01798320417744187]], "inverted": false, "swapped": true, "error_lsq": 0.048551110120080045, "error_max": 0.33771821872166813, "target": "324.xyz", "model": "20.xyz", "model_rescale": 4.121658175737393, "target_rescale": 4.074460301710674},
{"mapping": [7, 6, 8, 3, 9, 0, 13, 2, 12, 11, 5, 1, 14], "R": [[-0.4806413094167331, 0.0613585929439284, -0.8747680005316325], [0.05172565228677079, 0.997795873363946, 0.04156743910067944], [0.8753904206567928, -0.02526891706864206, -0.4827557283476828]], "T": [0.0008837306711082238, 0.015250732998779652, -0.09688421390405323], "aligned_model": [[0.22050726673640633, -0.21545161829632367, 0.23926847822336786, 0.5683147967350428, 0.6317781170223801, -0.2108569729689639, -0.5490741457538113, 0.2247550969960573, -0.6764652005926375, -0.011622913175787702, 0.0803330583475632, 0.5700671876512508, 0.009529753739749854], [-0.4480371638727966, 0.035697941468640554, 0.2800242057452526, -0.1561544663625611, 0.5056115865338204, -0.6370233701389015, 0.2735701126305111, -0.6056874912600727, 0.0409392209624246, 0.01076098779843163, 0.5474666968948878, -0.2821820935394468, -0.024159262697006398], [0.686656888458944, 0.684915814930345, 0.6206863925538239, 0.18348520636501814, 0.03548261676182786, 0.16639701387435374, 0.3261336590519436, -0.22791859851123752, -0.1906259975732703, -0.7362617278002663, -0.4744632843869167, -0.6685829735343704, -0.03579527070840586]], "inverted": false, "swapped": true, "error_lsq": 0.05333599891319341, "error_max": 0.3178079355019805, "target": "324.xyz", "model": "21.xyz", "model_rescale": 4.08911054899281, "target_rescale": 4.074460301710674},
{"mapping": [1, 3, 2, 15, 4, 12, 8, 11, 5, 9, 10, 13, 0, 6, 16], "R": [[-0.8148706124453707, 0.36186180040537924, -0.4528155500645758], [0.5592913258092074, 0.6960360019708381, -0.45025225911152383], [0.15224683197848793, -0.6201531434797611, -0.7695654493184353]], "T": [0.052726836357789617, -0.003973741713827361, -0.09380554742594593], "aligned_model": [[0.45548750718255177, -0.797670804132693, -0.21385421258287513, -0.098077938914382, -0.3189201796968718, -0.43341260942053766, 0.7358223786489066, 0.5190457170398802, 0.47823760532928383, -0.04034410550630854, 0.25264147930031494, -0.43935918624574544, 0.21390866242155426, 0.6009718207081484, 0.037171424779101465], [-0.6870943996937293, -0.15521647810402428, -0.6749345177618473, -0.4512794173632124, -0.3816394727254675, 0.5514724781933644, -0.11465312541778101, -0.2672569881844647, 0.4102145697601961, 0.48455718270307296, 0.7771991706821039, 0.16775910194048022, -0.22969294411561733, 0.21809946689047563, -0.00887307189329401], [-0.06021403147425049, -0.00309550921680829, -0.09390910410852632, -0.6493976371654692, 0.3595588501008876, -0.10464261728995741, -0.13730925054408474, -0.6407257097035232, -0.4747486955146771, -0.603926069686536, -0.06317181290078216, 0.31250608518734335, 0.6294859973837003, 0.35970857110426435, -0.04908780858753676]], "inverted": false, "swapped": false, "error_lsq": 0.047094273668751414, "error_max": 0.31432293677941625, "target": "324.xyz", "model": "22.xyz", "model_rescale": 4.204369325754507, "target_rescale": 4.074460301710674},
{"mapping": [3, 4, 12, 13, 1, 8, 10, 14, 11, 9, 5, 0, 6, 2, 15], "R": [[-0.9624777895046706, 0.18362728463201594, -0.1997937062293893], [-0.2706424054097172, -0.7031037434399701, 0.6575696270013868], [-0.019727977702877042, 0.6869688102813499, 0.726419066790225]], "T": [-0.04188987604287592, -0.07379490018735393, -0.154878858640496], "aligned_model": [[0.39912095317128005, -0.7555626936310431, -0.18312607137279094, -0.03969259474168506, 0.01510336078549368, -0.3640247182045328, 0.739773110327905, 0.41284282421859475, 0.46050430197761666, -0.048829312652958104, 0.24375761102331256, -0.5101077565208758, -0.006036127818702303, 0.5943617741772691, -0.0064371018285559675], [-0.755364151749262, -0.23264611675981334, -0.5987003416123718, -0.10961670129485876, -0.3482622043517214, 0.51513921576721, -0.1565530517355879, -0.5019215725567138, 0.21706075260010224, 0.5795825812110118, 0.673619592780885, -0.05416203776635628, 0.26765984405340393, 0.2075373996439828, -0.06471165331965519], [0.10280582991345771, -0.16499958219636596, -0.22318461901639594, -0.8257304188922887, 0.4425647737467012, 0.1939160754773286, -0.14725645503285023, -0.6127704241830769, -0.5817468488113596, -0.5574450742840816, 0.0710408872708991, 0.34817265469566194, 0.5087525314895792, 0.3660446075969154, -0.13913268019008046]], "inverted": true, "swapped": false, "error_lsq": 0.043671297311855414, "error_max": 0.39867638148496615, "target": "324.xyz", "model": "23.xyz", "model_rescale": 4.410303926677745, "target_rescale": 4.074460301710674},
{"mapping": [10, 14, 11, 7, 9, 6, 3, 1, 0, 12, 5, 15, 8, 4, 16], "R": [[0.13865826068627196, 0.7533137813727167, 0.6428780860609555], [0.979557376331029, -0.19985577811346167, 0.022913193363964413], [0.1457437244581375, 0.6265588677439673, -0.7656257258167783]], "T": [-0.007950549094889806, -0.04031627526218766, -0.11985719214838922], "aligned_model": [[0.31999901301443884, -0.662896293711199, -0.22119044860007375, -0.025547879357977824, -0.22112242627401968, -0.5511692469090675, 0.8894226509298974, 0.49395365616205467, 0.44592651818171475, -0.05009535211084094, 0.07614798569592567, -0.40602054110003954, 0.25089825609546335, 0.5052801864368461, 0.10806148045720489], [-0.5078798600069203, -0.17518786079139476, -0.6246766108405752, -0.16635270739616187, -0.3886486255994036, 0.4914814864164572, -0.07429948506256448, -0.549432913581996, 0.3213114302626347, 0.6319183346084126, 0.5500136949911121, 0.17220291859648368, -0.15183118163618292, 0.16423430845969333, -0.054191373509339016], [0.1925805219780746, -0.014949055950752826, -0.23721659770455394, -0.7723417118305407, 0.35516102657259974, -0.12149327846946381, -0.17293699963672157, -0.5944388678393813, -0.6031860879154525, -0.5586057302138357, 0.08024277310575334, 0.4330352608127901, 0.6523269756266176, 0.2907979475926613, -0.14794491854375041]], "inverted": true, "swapped": false, "error_lsq": 0.04769481292090241, "error_max": 0.3357746647456071, "target": "324.xyz", "model": "24.xyz", "model_rescale": 4.28219845311461, "target_rescale": 4.074460301710674},
{"mapping": [9, 14, 12, 13, 11, 6, 3, 7, 4, 2, 0, 10, 5, 1, 15], "R": [[-0.21055206377688712, 0.774497649233718, 0.5965075186204601], [0.41302812428779123, -0.4825725917625041, 0.7723544925919241], [0.8860449181540418, 0.4089952139219533, -0.21828265621054976]], "T": [0.08300504800140848, -0.04979125384407407, -0.08717965151706933], "aligned_model": [[0.3688959026072016, -0.6761583192588679, -0.3589431355801065, -0.05227676105646836, -0.2161028265794038, -0.39491681899503894, 0.8531082182977036, 0.553068363395861, 0.5553924629505678, -0.25968426974251835, 0.17213249015781482, -0.5130212020024566, 0.32122686685313606, 0.505832463043978, 0.09309412481892554], [-0.6524612541296335, -0.04220864743017477, -0.6568466957747285, -0.2911842907930696, -0.39517241958681587, 0.6800062816080761, -0.055893827984809796, -0.4226503421916155, 0.2928796397283221, 0.3209869592592287, 0.7477880925679965, 0.04104572661986655, -0.22494379065549205, 0.2761466259833379, 0.021169497689767114], [0.022040190487223665, -0.14848308359586476, -0.2306557599268028, -0.6128646244690965, 0.20900171346480842, 0.13905779289834813, -0.0038177264656596294, -0.5827223696627816, -0.5277195043359242, -0.5496378361997961, -0.23373222661337104, 0.4287720624198088, 0.7114771175556289, 0.2661741010152924, -0.1058585889877694]], "inverted": true, "swapped": false, "error_lsq": 0.043038832439973064, "error_max": 0.24958840843724553, "target": "324.xyz", "model": "25.xyz", "model_rescale": 4.100010024507729, "target_rescale": 4.074460301710674},
{"mapping": [7, 3, 9, 1, 13, 10, 8, 11, 2, 12, 0, 14], "R": [[-0.923821222805887, 0.36262185795137963, 0.12271811777127836], [0.31683123169308364, 0.5442922719241423, 0.7767650181023211], [0.21487745092791713, 0.7564729412606541, -0.6177186821063255]], "T": [0.07827948036181219, 0.16307995777098858, -0.10031980195984819], "aligned_model": [[-0.6779966094110171, -0.018671202340528312, 0.3451170280762507, 0.6890951990414784, -0.4077087471199836, 0.11542305155426993, -0.38104696307933716, 0.6331621908397895, 0.07539924904925303, -0.07441909778474008, -0.4368122877249665, 0.01522379126253827], [-0.373700231182183, -0.42260520382166555, -0.06517397445593753, -0.4036712863011661, 0.7078974907751496, 0.5283931956058713, 0.04951394095903147, 0.24162857477852787, -0.3685092279054477, 0.7295015590614523, -0.0831943051140139, 0.1260508576510211], [0.028987339602600914, 0.17813706281153058, 0.6295434296269895, -0.3123875998965814, 0.02262728851287296, 0.5053530299359059, 0.5461798756651899, -0.4084033484325468, -0.5129422915247883, -0.4525962685695995, -0.5625341396780212, -0.09677208819919594]], "inverted": false, "swapped": true, "error_lsq": 0.053708753657103724, "error_max": 0.2915556549160684, "target": "324.xyz", "model": "26.xyz", "model_rescale": 3.6694154284099745, "target_rescale": 4.074460301710674},
