[{"mapping": [1, 6, 0, 12, 2, 10, 8, 9, 4, 14, 11, 15], "R": [[-0.9951592487766733, 0.08488651791885639, 0.04952119394622252], [-0.011412321978066915, -0.6003121021288375, 0.7996843995881909], [0.09761059615285957, 0.7952481745425563, 0.5983748928601663]], "T": [0.006717685947780877, 0.04274414474519912, 0.033804266237340806], "aligned_model": [[-0.24491470572575302, 0.18072432707714703, 0.4977810433395833, -0.22047628034300065, -0.024084505750132684, -0.6127932943013099, 0.36258331513745506, -0.19448253789057848, 0.7092776687411821, 0.02464542407416869, -0.6760041707612613, 0.03538617886304863], [-0.29875994364926645, -0.6922403440303876, -0.28667921263879254, 0.6257021046318855, 0.2721433594644714, -0.35432672759068, -0.20328057166832547, -0.5173197013317489, 0.09418223400386466, 0.3013483310749187, 0.12149896763060893, -0.008713459919491164], [-0.366674357781859, -0.1983168499255775, -0.5577850930075291, -0.1033568284635911, -0.683307654748931, 0.07672789449346135, 0.593995557647827, 0.5260705246111834, -0.15222918092421875, 0.5425704168837051, 0.4373130585003177, 0.06694425806877388]], "inverted": false, "swapped": true, "error_lsq": 0.04427965958445961, "error_max": 0.21785200544906858, "target": "325.xyz", "model": "0.xyz", "model_rescale": 3.751011558992144, "target_rescale": 4.253767426753378},
{"mapping": [11, 14, 5, 10, 13, 2, 8, 9, 12, 0, 4, 7, 6, 1, 15], "R": [[-0.14617756710393615, 0.9481294342043891, -0.2822812336497759], [0.3368808921184027, -0.22058175343755887, -0.9153441727437397], [-0.9301308420867913, -0.22889793805466468, -0.28716258557346835]], "T": [-0.023731474514716508, -0.013693703821345667, -0.03255322705782543], "aligned_model": [[-0.0005918700221169693, 0.06534699216191943, -0.4472375286686218, 0.18442266716650796, -0.2529388825325121, -0.6215712971447946, 0.5666281388186724, 0.6588802478044143, -0.6126113496208166, 0.003982738483890566, -0.021801075470999073, 0.5455995512862571, 0.46367419144031435, -0.0347770817485248, 0.04208076913544437], [-0.06712536043957162, -0.5280748734834271, 0.4427420791252559, 0.4436488128143968, -0.7867111581568611, 0.3551719157153089, -0.3940112963773102, 0.06480784553755567, -0.18006299489733568, 0.39734773833314496, -0.19685661884262068, -0.07498292067570025, 0.5205464560694705, 0.5692836436056311, -0.016965918500831578], [-0.8273742244933728, -0.26389186217248206, -0.46646105203322663, -0.57182240469333, 0.15634293794713183, 0.24011503869620643, 0.055859700924190084, -0.38519731702567683, -0.2217938117526485, 0.6954013007557118, 0.6726364424868303, 0.5485724994619079, 0.2858551440967684, -0.051058312132785943, -0.017517675213247916]], "inverted": false, "swapped": true, "error_lsq": 0.03848938290807771, "error_max": 0.26896517497464156, "target": "325.xyz", "model": "1.xyz", "model_rescale": 3.9405287249114394, "target_rescale": 4.253767426753378},
{"mapping": [2, 4, 6, 14, 8, 1, 12, 13, 9, 10, 11, 5, 15], "R": [[-0.47531937686001, 0.3068850880241695, 0.8245562641383604], [-0.6323762597943156, -0.7707574115352894, -0.0776741824029884], [0.6116958035085445, -0.5583498502836893, 0.5604227767125616]], "T": [-0.0010405651485467515, 0.030413012905128163, -0.012746655719830309], "aligned_model": [[-0.40298379393092243, 0.27443521765128864, -0.42072137983580216, 0.4845007946678562, 0.459975516511996, -0.5777679372598183, 0.061671532331504186, 0.7547535326526217, -0.03864649935268563, -0.49667874607880347, -0.05295151384470509, -0.5622127350984202, 0.012609290869821922], [0.6238548893460879, 0.5790098773556291, -0.00446677266953463, -0.2209845416124509, -0.27459657960915834, 0.039028522545307046, 0.2398169599959196, 0.29864109973341413, -0.6656568676050639, -0.5094175740222122, -0.6108133706083664, -0.03716850314448852, 0.0015854538669345143], [0.21982733695791137, -0.40517425836515386, -0.6813363182246142, 0.15184186913935552, -0.4548056009089246, -0.1001442671119957, 0.5893226318095965, 0.19365769722974313, -0.3452397023353238, 0.06616659533006586, 0.45764124769728515, 0.49369735579196233, -0.07233423742126392]], "inverted": false, "swapped": true, "error_lsq": 0.03922191883058016, "error_max": 0.24606694277844648, "target": "325.xyz", "model": "2.xyz", "model_rescale": 3.932901565614263, "target_rescale": 4.253767426753378},
{"mapping": [7, 9, 6, 8, 0, 2, 1, 3, 14, 12, 10, 11, 5, 15], "R": [[0.8334751838059075, 0.35629293228695647, -0.4223440118932328], [0.05419787325151146, 0.7079448997146823, 0.70418506765124], [0.5498924517710004, -0.6098109259191169, 0.5707441862296517]], "T": [-0.05276185644326241, -0.041809762760608826, 0.06742250872090005], "aligned_model": [[-0.32543640290561937, 0.4816419521795962, 0.19097084492982747, -0.1438280080741033, -0.33688002415535734, -0.23652611774674842, 0.3003920145333398, -0.6865398735100413, -0.15560770337341384, -0.20891797252017857, 0.6829250676883063, 0.5081371508500451, 0.39316630336519404, -0.04368731920814338], [0.029636925991517432, 0.36008576910185786, -0.365463019158137, 0.49335144572096895, -0.6524284983655841, -0.7212157633101839, -0.4954312719406987, -0.20663770713406845, 0.49798876321217606, -0.10670517317813344, -0.07935488581965358, 0.3403394268649797, -0.41575645915569637, -0.01491291447885576], [-0.6981787304651409, -0.31906379334795765, -0.610960614868717, -0.3867715324781804, -0.42862443042791554, 0.3366073237321663, -0.031758643970567324, 0.3060182753432744, 0.2226024305920372, 0.6852202914396922, 0.09304834657544664, 0.4851366474274663, 0.5545353775501016, 0.00608541595539186]], "inverted": false, "swapped": true, "error_lsq": 0.04847381402693802, "error_max": 0.31786719412737713, "target": "325.xyz", "model": "3.xyz", "model_rescale": 3.9243930471874484, "target_rescale": 4.253767426753378},
{"mapping": [9, 14, 10, 6, 1, 8, 7, 5, 2, 3, 0, 4, 15], "R": [[0.5574481757050667, -0.21932721092072807, -0.8007166202551487], [0.0994102985110448, -0.9398995713324962, 0.3266594378843736], [-0.8242385115687317, -0.2616951859678058, -0.5021419178760497]], "T": [-0.05298764523342103, 0.028530171010445415, -0.23640800634381504], "aligned_model": [[0.06386070248706316, -0.50198324317419, 0.505566438188869, 0.35794471632423763, 0.5170896097840654, -0.48006381767173356, -0.28700175243255766, 0.5196271513229962, 0.27739725049074293, -0.40269371386796304, 0.17008163165774004, -0.3987033078963991, -0.06391577890151841], [-0.6673894819197465, -0.03710667581258703, -0.22136769184551586, -0.4797412245552318, 0.005093731480232566, -0.5358985133478092, -0.5192534779573169, 0.41205310248733196, 0.6115148545532958, 0.5408478527168816, -0.0020271092849943884, 0.057622729431350536, -0.03651854226430372], [-0.5502892118802509, -0.5830133761724501, -0.6473459143077112, 0.20761395836166918, -0.11479514584105491, -0.23340912219855942, 0.3210610660006972, -0.554196392270676, 0.10826134445432406, 0.08140801682794524, 0.5691646406986515, 0.40427846420639385, -0.22166801250801457]], "inverted": false, "swapped": true, "error_lsq": 0.04203002544592417, "error_max": 0.25585465006579644, "target": "325.xyz", "model": "4.xyz", "model_rescale": 3.8936222436046832, "target_rescale": 4.253767426753378},
{"mapping": [0, 7, 3, 2, 13, 8, 9, 11, 5, 1, 12, 15], "R": [[-0.6525514725680107, 0.5988366603537656, 0.4642964891808569], [-0.334291789538651, 0.32237218616181323, -0.885621348566248], [-0.6800188049578977, -0.7331240193893541, -0.010178265963850464]], "T": [-0.09477527260357131, -0.01764490155962343, 0.018951107994028042], "aligned_model": [[-0.035175833623661376, -0.6409153991451063, -0.20107549340151587, 0.41814481982367, -0.6369575326416193, -0.7341368294632252, -0.2783195730393551, 0.11890295798098156, 0.6312195672967966, 0.3702543480497126, 0.15300359267135838, -0.13739658229293905], [-0.6498515857614877, -0.6089893405246809, 0.2588240185644814, -0.021500505093929458, 0.5127001085507411, -0.179545650842607, -0.30619424182547905, 0.3924888496184136, 0.1654685140474745, -0.3673547239532419, 0.5356445553950142, -0.06276709306489121], [-0.5254784601399686, -0.11387965557975441, -0.6119498075840972, -0.533063742398288, -0.3135340028038074, 0.2758318917998123, 0.7114320672255223, 0.6679986571831201, 0.14291873238327113, 0.061111791839002345, -0.18780154122636927, 0.04569878857707506]], "inverted": true, "swapped": true, "error_lsq": 0.04186640749481757, "error_max": 0.24405886515143724, "target": "325.xyz", "model": "5.xyz", "model_rescale": 3.6523030999806103, "target_rescale": 4.253767426753378},
{"mapping": [11, 5, 1, 9, 6, 14, 2, 8, 3, 4, 0, 7, 15], "R": [[-0.08484007404211684, -0.8262339952019041, 0.5569017390969684], [0.11898206484407703, 0.54651681653428, 0.8289527353780044], [-0.9892650959585949, 0.1365897302799, 0.05194049961346353]], "T": [-0.02024811784461808, -0.12210822732188073, 0.10534268981666035], "aligned_model": [[0.06813481177405459, -0.2038952534980941, 0.17909010603090295, 0.679416177301527, 0.5879618256293648, -0.09572017377008543, -0.4732814598458235, 0.38272634107873515, -0.6181564217616055, -0.15991912004154463, 0.07313926736244836, 0.4235401943946221, 0.03804661000979267], [-0.5497175481591084, 0.16834616744467348, 0.3613319675597777, -0.4054183464943405, 0.34708631783868404, -0.6871752106684843, 0.47614433006246126, -0.5568924864190867, -0.04566211497710057, 0.05778374239056411, 0.5603749646010359, -0.0500871656688085, -0.13528771334708414], [0.7720281686405401, 0.7820087644509955, 0.36394833882828936, 0.26869617573179627, -0.07985414038704146, 0.07303482496836136, 0.17373092393736228, -0.28138334188251335, -0.2445607511896804, -0.5867380426779977, -0.36914274553589066, -0.5754408261878824, 0.07378239078545001]], "inverted": true, "swapped": true, "error_lsq": 0.04593473593720877, "error_max": 0.2511484400191327, "target": "325.xyz", "model": "6.xyz", "model_rescale": 4.08911054899281, "target_rescale": 4.253767426753378},
{"mapping": [2, 3, 0, 5, 10, 9, 1, 6, 11, 12, 14, 14, 8, 7, 15], "R": [[0.9085524810785591, -0.0066483788781833975, 0.4177178332131475], [-0.13051854397477144, -0.9543419954777593, 0.2686936272899571], [0.3968592934589039, -0.2986421851075645, -0.8679375245197544]], "T": [0.009921464312801345, -0.10466269467911989, 0.020788793711152373], "aligned_model": [[0.1465738711760044, 0.25531083335266364, 0.7491838510710597, -0.48285475974998643, -0.421948997228985, -0.14852943092822662, 0.03286823059830883, 0.4819549988736223, -0.7539415826868915, -0.33621777218638144, -0.22856206539176976, -0.22856206539176976, 0.21839276646256017, 0.711586645793961, 0.041079016035384816], [-0.7218866903093712, -0.7006909546067615, -0.23659790328919472, -0.36168365710872186, 0.27347496250889924, 0.6506108886149201, -0.06413133310352905, 0.32281044112385665, 0.12213527084256044, -0.634433880160879, 0.0009207274624642298, 0.0009207274624642298, 0.40960740787126, 0.2852894065876154, -0.04558659772647011], [-0.38931234121114444, 0.2859399523800207, -0.3476201687046734, -0.4960078977489939, -0.44159782680621906, -0.009776530824830001, -0.5607244785979638, -0.4469844236531405, 0.0351668830505633, 0.11978559771389134, 0.5287437838959371, 0.5287437838959371, 0.46016194707839203, 0.16640687940096605, 0.03114487221333758]], "inverted": true, "swapped": true, "error_lsq": 0.04914010868860959, "error_max": 0.42931505231217704, "target": "325.xyz", "model": "7.xyz", "model_rescale": 3.964800864290218, "target_rescale": 4.253767426753378},
{"mapping": [0, 1, 2, 7, 3, 9, 4, 5, 11, 14, 8, 13, 12, 15], "R": [[-0.7098382258064369, 0.685375941879552, -0.16244848868698997], [0.6392527180976815, 0.5300052419590318, -0.5571807659105567], [-0.2957797416806907, -0.4993538442714399, -0.8143464143855725]], "T": [0.04945437302280374, -0.08640588099092252, 0.083934533497655], "aligned_model": [[-0.2737699277479444, 0.20931940745482513, 0.4665471267187622, -0.7401273848322079, 0.14249321837946155, -0.28333010100735717, -0.38420564132747886, 0.7369596645658579, 0.455205441142058, -0.01880295033818709, -0.5630237726044006, -0.057975519735183015, 0.5841174683986338, -0.012219139605966864], [0.05247110784708979, -0.4451525600430303, 0.17932064352420934, -0.0485049774099046, 0.5920983298899217, -0.7168046069034666, 0.41596514811104324, -0.36548460217251766, -0.5088446878602753, 0.04751995546752931, -0.1402013851619548, 0.61876022718528, 0.2431352515284807, -0.1133293778212024], [-0.67493315766949, -0.34742497116281007, -0.4846121496614909, -0.11787097741725747, -0.045474025281352776, 0.3811399357042813, -0.21674335226184677, -0.07549740783756395, 0.6243439397447726, 0.6347932569119265, 0.4345901408349847, 0.5046165509084455, 0.20966545107446846, 0.090221804837954]], "inverted": true, "swapped": true, "error_lsq": 0.04148210528097005, "error_max": 0.23986051472437558, "target": "325.xyz", "model": "8.xyz", "model_rescale": 4.121658175737393, "target_rescale": 4.253767426753378},
{"mapping": [12, 14, 13, 3, 11, 1, 8, 6, 7, 9, 2, 0, 15], "R": [[0.9443192930971654, -0.3122732307628639, 0.1036653367012956], [0.2915595513059383, 0.9401805715569432, 0.17622009224018595], [-0.1524929530396398, -0.13618341387916097, 0.978876895762418]], "T": [-0.1337022223933381, -0.014007977074871097, -0.05235888778035887], "aligned_model": [[-0.5163007545810193, -0.13571165325047696, 0.14393509466882934, 0.06744112127453847, -0.7723432344823064, -0.32459910280083587, 0.32492216213433367, 0.2024805066842765, 0.6342035014760703, -0.13536033331900804, -0.29035588389732214, 0.36809737934912334, -0.08967130682100588], [0.30991704415084986, -0.3485380115737381, 0.061500580859310996, 0.5124499594954244, -0.4737663007953285, 0.1425574665525915, -0.5411208448180921, -0.08798999282385729, -0.17344537017144449, -0.7275856585298086, 0.7098843454118057, 0.4659304292426938, -0.05940620758869759], [-0.4510582620029557, -0.5150965491295525, -0.828883040401769, -0.4624249340873537, -0.17841737673375574, 0.4761982748219566, -0.1654892933890983, 0.6588854840653504, 0.17236719436513986, 0.24307850674857728, 0.08642806308345617, 0.4140070899316403, -0.02851972331254691]], "inverted": true, "swapped": true, "error_lsq": 0.04641271782835529, "error_max": 0.2424108164734067, "target": "325.xyz", "model": "9.xyz", "model_rescale": 3.833441315466971, "target_rescale": 4.253767426753378},
{"mapping": [7, 4, 1, 5, 2, 0, 3, 12, 9, 10, 8, 14, 13, 6, 15], "R": [[-0.19458633838661743, 0.5926017882878369, 0.7816388407898796], [0.89085602028919, -0.22672212486093746, 0.39366563123169385], [0.41050177591308334, 0.7729296207395596, -0.4838058426224362]], "T": [-0.018267373684088234, 0.11685724623237896, 0.07329209174964843], "aligned_model": [[0.1439877183719647, 0.02313490529679281, -0.5505587395385748, -0.5132547023664243, -0.6244150639818424, -0.5131699335679324, -0.003519632607929979, -0.050375391516674334, 0.2256604821252361, -0.2617070170787459, 0.5308823666337146, 0.5250782978886948, 0.5679584920530348, -0.38220825280647697, 0.006351489389695132], [-0.6593716212513777, -0.509603651322155, 0.1324066583214738, 0.6915188506155683, 0.14327876822584543, -0.5476950007990307, -0.02087408811543652, 0.5556475981229565, 0.11834250279702277, 0.4970236131371058, -0.22731048337562076, 0.2873014587413976, 0.06127150700277427, -0.3943164271401099, 0.0734818543345642], [0.26497757751229817, -0.2964070359777734, 0.31151708801628253, 0.10009857092231926, -0.3735962194312119, -0.041087567808894415, -0.6097769748062293, -0.3922209043013185, 0.8060786268754618, 0.6559688835199896, 0.3578372141861973, 0.031282847166989564, -0.5089649319832008, 0.5535099950196666, 0.1189047389115163]], "inverted": false, "swapped": true, "error_lsq": 0.046742091054170556, "error_max": 0.39008491493582814, "target": "325.xyz", "model": "10.xyz", "model_rescale": 4.2482417240324, "target_rescale": 4.253767426753378},
{"mapping": [11, 9, 6, 7, 12, 2, 1, 4, 8, 13, 14, 15], "R": [[0.8777759249864885, -0.07335244882644545, 0.4734224791507883], [0.22124196495790255, 0.9385856227419633, -0.26478108263931427], [-0.42492519159927555, 0.33715937927520995, 0.8400965030941828]], "T": [-0.07987225821027939, 0.11765648167126139, 0.02746213316698875], "aligned_model": [[-0.8223301332601443, -0.17398955474826372, 0.44449382393186315, 0.6451196097706945, -0.4723456627406108, 0.021857337193468773, -0.0300398310116647, 0.5583003008437365, 0.1523570773077278, -0.07301098532759116, -0.32926059233691735, -0.04438578725929194], [-0.17193309293604933, -0.6488860464929682, -0.28572643504397377, -0.2061494137449755, 0.6197384401566682, 0.7284579718227916, 0.057529954627274366, 0.37898027135842993, -0.36048840654392456, 0.48136486941959344, 0.011403150453880767, 0.061840126973892066], [0.032460457353807336, 0.03325850241545308, 0.45953059633893, -0.15998873645074313, -0.03694734527812219, 0.45687441873354606, 0.6055871725580471, -0.20767721217114185, -0.4399025977398463, -0.7164753059817042, -0.47508757923154976, 0.013559919307680402]], "inverted": true, "swapped": true, "error_lsq": 0.045012445304568445, "error_max": 0.2299738363382731, "target": "325.xyz", "model": "11.xyz", "model_rescale": 3.6694154284099745, "target_rescale": 4.253767426753378},
{"mapping": [14, 11, 5, 10, 9, 13, 8, 4, 1, 0, 2, 6, 12, 15], "R": [[0.190717096654489, 0.7458300588537448, -0.6382511358030648], [0.651878474008343, -0.5823506149151318, -0.4857182479921074], [-0.7339492108914872, -0.3234274023922338, -0.597254779146702]], "T": [-0.008313923007364034, 0.012123569964643213, -0.03053805271137966], "aligned_model": [[-0.14256154670415544, 0.11672414924512808, -0.07987468960736438, 0.4807992019564833, 0.6744608169722347, -0.6105407452514579, 0.3004311072219554, -0.21153260568621202, 0.26737630752264185, 0.09444082853337707, -0.3885465237415476, 0.6166413251343987, -0.5637380580725248, 0.044185282732852535], [-0.3639013297946004, 0.22307686164245655, 0.7347792311706792, 0.448289840585908, -0.15637930323820665, -0.5466537357908651, -0.6201047066668476, -0.3692659518984703, 0.486036073889393, 0.08098507461412154, 0.5186518250260593, 0.08065346470026065, 0.243890896350883, -0.029070952454517122], [-0.43873331887442496, -0.7888222938816393, -0.25102581755210374, -0.3679234488533474, -0.3497629688076456, -0.13477124748911257, -0.10765291919857549, 0.556052988419798, 0.16878296133349086, 0.7967106967878361, 0.37771992713860547, 0.448100969740976, -0.24975982129432503, -0.0198202478171174]], "inverted": false, "swapped": true, "error_lsq": 0.045008778700175396, "error_max": 0.22713992232701127, "target": "325.xyz", "model": "12.xyz", "model_rescale": 3.9764082729961374, "target_rescale": 4.253767426753378},
{"mapping": [12, 13, 10, 1, 9, 11, 6, 5, 4, 6, 14, 3, 8, 2, 7, 15], "R": [[-0.376914179487328, 0.5630060961426928, 0.7354997192436985], [0.448149097812276, 0.8057797500003288, -0.3871451673719444], [-0.8106158692200871, 0.1836930325177651, -0.5560204873680374]], "T": [-0.12157952318944432, 0.005016716654370937, -0.03925675040975452], "aligned_model": [[-0.42043481959630397, 0.07726277882987123, 0.03596105516599457, -0.4020733090831863, -0.7220497698675236, 0.5565614492721098, 0.07509630172485338, -0.7233969603636885, -0.18943066167386197, 0.07509630172485338, 0.5856813356005351, 0.6172915100597378, 0.2504552237466937, -0.31388031569480446, -0.040954859592951864, -0.058280692415746835], [-0.3829017808668023, -0.09042377150816862, -0.7795742210931399, -0.5389087879103313, -0.013322837515480315, -0.39025955725305544, 0.5501108797216306, 0.5267183935999742, 0.6939632399498411, 0.5501108797216306, 0.19430645558788057, 0.10071399358848233, -0.42652070739976033, -0.28523434785252716, 0.32396186368477714, 0.08417939164082792], [-0.44842454733266923, -0.6100749336641549, -0.11505203742801529, 0.13042194542453484, -0.014797189398978818, -0.1593658154472004, -0.5371018859524409, -0.30091881953687927, 0.15208752785505436, -0.5371018859524409, -0.3598179956238536, 0.35234901400937857, 0.3790952967484223, 0.6784021091192993, 0.6410427099227487, -0.0029910133464975536]], "inverted": false, "swapped": false, "error_lsq": 0.05174607655524669, "error_max": 0.444690317734623, "target": "325.xyz", "model": "13.xyz", "model_rescale": 4.170626492500431, "target_rescale": 4.253767426753378},
{"mapping": [4, 7, 13, 8, 12, 11, 14, 0, 2, 6, 1, 9, 5, 15], "R": [[0.13746922738659573, 0.8878700551724046, 0.4390774153265958], [-0.8164516214711257, 0.35255377251051245, -0.4572882977791757], [-0.560810985376448, -0.29562239870611506, 0.7733682409204171]], "T": [-0.017303333398398235, 0.1061737161291376, 0.056641964362852446], "aligned_model": [[0.2027460089402862, -0.18268672299686609, -0.19728345974041628, -0.5985460414914967, 0.21534292295949836, -0.42629253158802277, -0.46887675892432484, 0.5228328461916205, 0.7279238117281521, 0.08277032630077086, 0.30342327675374253, -0.6115479582956687, 0.3315333894987615, -0.058156087244392946], [-0.45412653025308214, -0.692269326293364, 0.1375572427443274, -0.2844333532403567, 0.6135427631153418, 0.740028273928194, 0.2754846790502142, -0.5266670203490758, 0.2094081259695969, -0.47088762341733414, 0.08926159731363932, -0.011094610358587706, 0.6744091293998778, 0.05586112031627503], [-0.3538294362881501, 0.029469597566463127, -0.7510683860290946, -0.04614821874936034, -0.2575595900201724, 0.313715954706199, -0.24906339087094448, 0.14270269342331016, 0.014198581612908198, 0.5870627364879646, 0.5436485895778246, 0.5358085077190875, 0.4191174232526546, 0.07581803873217657]], "inverted": true, "swapped": true, "error_lsq": 0.04365846801888305, "error_max": 0.32561392204582285, "target": "325.xyz", "model": "14.xyz", "model_rescale": 3.9786697098870705, "target_rescale": 4.253767426753378},
{"mapping": [11, 14, 5, 10, 12, 2, 8, 4, 1, 9, 13, 15], "R": [[0.3797511912918559, -0.39983486018991254, -0.8342188665388294], [-0.45477719660969096, -0.8659684723289203, 0.2080295805315829], [-0.8055847156918051, 0.30038423645262907, -0.5106883358120922]], "T": [0.04535740292110759, 0.047072869330300776, 0.07058738424863822], "aligned_model": [[0.005999205564912867, -0.471210002045678, 0.5864750417990636, 0.4639187160856679, 0.0038101197661778094, 0.5197501557007734, -0.4467601638396381, -0.1500894239265341, 0.6191237701244688, -0.005847986767712594, -0.670528811362325, 0.028713975668159603], [-0.4098703631651873, -0.07676829487573844, 0.0782209954240673, -0.49480188767410105, 0.4451397800119604, 0.6300996427098564, -0.325381901939538, 0.469406508460225, -0.04330082994054206, -0.7180750829021799, 0.4575162494553304, 0.00248967466028608], [-0.5811676431711165, -0.1388451996514737, -0.46062678872678586, -0.2023223902425186, -0.4294994133140907, 0.017168477665017334, 0.41711376699731306, 0.6311939174307998, 0.12491768493020924, 0.16227015334812434, 0.001183193729243609, 0.11858073487910746]], "inverted": false, "swapped": true, "error_lsq": 0.04368708594040251, "error_max": 0.23744247952591116, "target": "325.xyz", "model": "15.xyz", "model_rescale": 3.769337070930944, "target_rescale": 4.253767426753378},
{"mapping": [9, 7, 11, 14, 10, 6, 5, 0, 12, 13, 15], "R": [[0.3557065683696795, -0.6155456829776537, -0.7032612241452252], [0.7946316655006457, -0.1969095243552014, 0.5742709773285416], [-0.49196885409783464, -0.7631055964843808, 0.41909008006857074]], "T": [5.838955648300968e-05, 0.04443062965052347, 0.08625890241264074], "aligned_model": [[-0.23193871978161767, -0.29694347182844255, -0.06764171554672922, -0.5042530344845595, 0.3139113027477484, 0.2712951697876425, 0.5904555816886726, 0.3663394994176164, 0.10556390948210968, -0.5926920377869318, -0.03147035300433832], [0.013106738564194642, -0.7062938779114599, 0.7278442783645424, 0.31206821959048514, 0.31274060481632904, -0.5702970753206461, 0.5161312263622981, -0.6819092508845026, 0.5164738218897998, 0.15458196671248042, 0.0016178454418209615], [-0.6497270118509879, -0.03123111054592337, -0.31808412239412637, 0.09523849360202778, -0.5243208845745437, -0.3295549745290336, 0.016282441955189048, 0.28096243560622747, 0.506156577018632, 0.6539625183768507, 0.04453324455946495]], "inverted": false, "swapped": true, "error_lsq": 0.04061378491644258, "error_max": 0.19829932191461913, "target": "325.xyz", "model": "16.xyz", "model_rescale": 3.7852294659196426, "target_rescale": 4.253767426753378},
{"mapping": [8, 10, 11, 9, 6, 1, 2, 5, 14, 13, 4, 12, 15], "R": [[0.08448613555936318, 0.016612992141378458, 0.996286154370498], [-0.6221646701079698, -0.7801189700759963, 0.06576865360495021], [0.778314342773976, -0.6254105859510833, -0.05557322028312439]], "T": [-0.004807945313183476, 0.14080594669005547, -0.03301583317088788], "aligned_model": [[0.1359907287337051, -0.26965904846123034, 0.3290420907240659, -0.13415852006436776, -0.7315021898091153, -0.5121072238343688, -0.2664206935213753, -0.13218323832716336, 0.5120193135812138, 0.6750487774208234, -0.10270141516237588, 0.3761273273299637, -0.025730058393492114], [-0.15067957288272765, -0.4409627717984916, -0.4562899793596152, -0.5827368536620898, -0.0015253781941585443, 0.07754625981433491, 0.7050154915849387, 0.05841158777575149, -0.03918508994910183, 0.5087625479972515, 0.6781108925392492, 0.4102756056965417, 0.10831288414099122], [-0.6624558345714096, 0.3339999996195945, 0.37582571281275323, -0.2701515659456136, -0.30872943718734724, 0.24800495832692956, 0.39248227654559575, 0.7105927377739842, -0.19590639833157744, -0.329961211749188, -0.515265886192077, 0.40578328732157776, -0.08846394128004828]], "inverted": false, "swapped": true, "error_lsq": 0.04754125093486038, "error_max": 0.2754935619351223, "target": "325.xyz", "model": "17.xyz", "model_rescale": 3.901054581598922, "target_rescale": 4.253767426753378},
{"mapping": [11, 14, 5, 10, 13, 2, 8, 9, 12, 0, 4, 7, 6, 1, 15], "R": [[-0.14617756710393615, 0.9481294342043891, -0.2822812336497759], [0.3368808921184027, -0.22058175343755887, -0.9153441727437397], [-0.9301308420867913, -0.22889793805466468, -0.28716258557346835]], "T": [-0.023731474514716508, -0.013693703821345667, -0.03255322705782543], "aligned_model": [[-0.0005918700221169693, 0.06534699216191943, -0.4472375286686218, 0.18442266716650796, -0.2529388825325121, -0.6215712971447946, 0.5666281388186724, 0.6588802478044143, -0.6126113496208166, 0.003982738483890566, -0.021801075470999073, 0.5455995512862571, 0.46367419144031435, -0.0347770817485248, 0.04208076913544437], [-0.06712536043957162, -0.5280748734834271, 0.4427420791252559, 0.4436488128143968, -0.7867111581568611, 0.3551719157153089, -0.3940112963773102, 0.06480784553755567, -0.18006299489733568, 0.39734773833314496, -0.19685661884262068, -0.07498292067570025, 0.5205464560694705, 0.5692836436056311, -0.016965918500831578], [-0.8273742244933728, -0.26389186217248206, -0.46646105203322663, -0.57182240469333, 0.15634293794713183, 0.24011503869620643, 0.055859700924190084, -0.38519731702567683, -0.2217938117526485, 0.6954013007557118, 0.6726364424868303, 0.5485724994619079, 0.2858551440967684, -0.051058312132785943, -0.017517675213247916]], "inverted": false, "swapped": true, "error_lsq": 0.03848938290807771, "error_max": 0.26896517497464156, "target": "325.xyz", "model": "18.xyz", "model_rescale": 3.9405287249114394, "target_rescale": 4.253767426753378},
{"mapping": [9, 11, 13, 4, 7, 14, 5, 8, 6, 2, 10, 3, 12, 0, 1, 15], "R": [[-0.5694271403063264, 0.5324850100979057, -0.6262686691058339], [-0.489555030171289, 0.3923482455868399, 0.7787160757419337], [0.6603700510445241, 0.7500150453197335, 0.037266975695520954]], "T": [-0.0403718970709452, -0.08777739744899289, 0.00925578168951556], "aligned_model": [[-0.4273598505047219, 0.19635998525753984, 0.03622379899439597, -0.48939048677309605, -0.6523381952104395, 0.6164974892305842, -0.3101848230753928, -0.6881603173172408, -0.280258623341901, 0.23174673741743607, 0.613979696561784, 0.7103756779925372, 0.1878518103131347, -0.4529483650634852, 0.13051721019408963, -0.020007176838642997], [-0.18968520327785873, -0.14643336525265443, -0.6669106238053536, -0.43154997114320603, -0.38670560907059276, -0.45620362743695636, 0.48939125951920276, 0.29916710991549966, 0.6126909082519213, 0.7026992420947823, 0.19116111518227547, 0.04959863269985386, -0.39376539682662914, 0.162966534547053, 0.3378799474075706, -0.05738186670912852], [-0.6456220465844443, -0.6687786534463734, -0.3225086691582284, 0.47279407815877855, -0.16897082457200263, -0.1710874590291036, -0.5249164462794375, -0.04474668446913171, 0.10966477959166572, -0.22828035053631163, -0.32529067999837796, 0.387322574400551, 0.40222441381443497, 0.49872732997594454, 0.4837367209982074, -0.006515603469862834]], "inverted": true, "swapped": false, "error_lsq": 0.04704370660604988, "error_max": 0.3385901109221694, "target": "325.xyz", "model": "19.xyz", "model_rescale": 4.410303926677745, "target_rescale": 4.253767426753378},
{"mapping": [0, 1, 2, 7, 3, 9, 4, 5, 11, 14, 8, 13, 12, 15], "R": [[-0.7098382258064369, 0.685375941879552, -0.16244848868698997], [0.6392527180976815, 0.5300052419590318, -0.5571807659105567], [-0.2957797416806907, -0.4993538442714399, -0.8143464143855725]], "T": [0.04945437302280374, -0.08640588099092252, 0.083934533497655], "aligned_model": [[-0.2737699277479444, 0.20931940745482513, 0.4665471267187622, -0.7401273848322079, 0.14249321837946155, -0.28333010100735717, -0.38420564132747886, 0.7369596645658579, 0.455205441142058, -0.01880295033818709, -0.5630237726044006, -0.057975519735183015, 0.5841174683986338, -0.012219139605966864], [0.05247110784708979, -0.4451525600430303, 0.17932064352420934, -0.0485049774099046, 0.5920983298899217, -0.7168046069034666, 0.41596514811104324, -0.36548460217251766, -0.5088446878602753, 0.04751995546752931, -0.1402013851619548, 0.61876022718528, 0.2431352515284807, -0.1133293778212024], [-0.67493315766949, -0.34742497116281007, -0.4846121496614909, -0.11787097741725747, -0.045474025281352776, 0.3811399357042813, -0.21674335226184677, -0.07549740783756395, 0.6243439397447726, 0.6347932569119265, 0.4345901408349847, 0.5046165509084455, 0.20966545107446846, 0.090221804837954]], "inverted": true, "swapped": true, "error_lsq": 0.04148210528097005, "error_max": 0.23986051472437558, "target": "325.xyz", "model": "20.xyz", "model_rescale": 4.121658175737393, "target_rescale": 4.253767426753378},
{"mapping": [11, 5, 1, 9, 6, 14, 2, 8, 3, 4, 0, 7, 15], "R": [[-0.08484007404211684, -0.8262339952019041, 0.5569017390969684], [0.11898206484407703, 0.54651681653428, 0.8289527353780044], [-0.9892650959585949, 0.1365897302799, 0.05194049961346353]], "T": [-0.02024811784461808, -0.12210822732188073, 0.10534268981666035], "aligned_model": [[0.06813481177405459, -0.2038952534980941, 0.17909010603090295, 0.679416177301527, 0.5879618256293648, -0.09572017377008543, -0.4732814598458235, 0.38272634107873515, -0.6181564217616055, -0.15991912004154463, 0.07313926736244836, 0.4235401943946221, 0.03804661000979267], [-0.5497175481591084, 0.16834616744467348, 0.3613319675597777, -0.4054183464943405, 0.34708631783868404, -0.6871752106684843, 0.47614433006246126, -0.5568924864190867, -0.04566211497710057, 0.05778374239056411, 0.5603749646010359, -0.0500871656688085, -0.13528771334708414], [0.7720281686405401, 0.7820087644509955, 0.36394833882828936, 0.26869617573179627, -0.07985414038704146, 0.07303482496836136, 0.17373092393736228, -0.28138334188251335, -0.2445607511896804, -0.5867380426779977, -0.36914274553589066, -0.5754408261878824, 0.07378239078545001]], "inverted": true, "swapped": true, "error_lsq": 0.04593473593720877, "error_max": 0.2511484400191327, "target": "325.xyz", "model": "21.xyz", "model_rescale": 4.08911054899281, "target_rescale": 4.253767426753378},
{"mapping": [7, 6, 10, 12, 13, 5, 0, 4, 2, 1, 8, 11, 9, 14, 15, 16], "R": [[-0.7868752556619223, 0.6153486535289325, 0.04661938038106328], [-0.5687274789384629, -0.7524309009569774, 0.3322601299966208], [0.23953368599694813, 0.23493355206355918, 0.9420349459481396]], "T": [-0.0502875637828928, 0.027552249741536756, -0.014089023110922035], "aligned_model": [[-0.3765020893409994, 0.16080677634110202, 0.07612853790844669, -0.47237166284088766, -0.6889340897588644, 0.4994162578100161, -0.29566552888281833, -0.5947051135898545, -0.2529036259920898, 0.2934872942512442, 0.5524017011780379, 0.645191271426916, 0.1293433510354588, -0.3213194798288268, 0.13579369152106202, -0.08726272340136139], [-0.3720283648031399, -0.1139028725597403, -0.7349582092114535, -0.5442580543041502, -0.11221701753009905, -0.41311921015313646, 0.3478267725740652, 0.44321272649433796, 0.6818799998642773, 0.7253743938729905, 0.1596803632972718, 0.2395527761034228, -0.5239964951443036, -0.09925565313122844, 0.3957915549670252, 0.037336375759639925], [-0.5036966249763665, -0.7147984896473139, -0.24589104733720382, 0.18552935165368864, -0.11065575036938771, 0.022835588039591577, -0.6753705686322607, -0.14496333455353244, 0.21406828255208732, -0.17176426977135612, -0.3304271801029753, 0.22519740955072776, 0.39952230170852093, 0.5536116393869692, 0.58697719487652, -0.042422022981402255]], "inverted": false, "swapped": false, "error_lsq": 0.036346281952735544, "error_max": 0.23556468163056815, "target": "325.xyz", "model": "22.xyz", "model_rescale": 4.204369325754507, "target_rescale": 4.253767426753378},
{"mapping": [9, 11, 13, 4, 7, 14, 5, 8, 6, 2, 10, 3, 12, 0, 1, 15], "R": [[-0.5694271403063264, 0.5324850100979057, -0.6262686691058339], [-0.489555030171289, 0.3923482455868399, 0.7787160757419337], [0.6603700510445241, 0.7500150453197335, 0.037266975695520954]], "T": [-0.0403718970709452, -0.08777739744899289, 0.00925578168951556], "aligned_model": [[-0.4273598505047219, 0.19635998525753984, 0.03622379899439597, -0.48939048677309605, -0.6523381952104395, 0.6164974892305842, -0.3101848230753928, -0.6881603173172408, -0.280258623341901, 0.23174673741743607, 0.613979696561784, 0.7103756779925372, 0.1878518103131347, -0.4529483650634852, 0.13051721019408963, -0.020007176838642997], [-0.18968520327785873, -0.14643336525265443, -0.6669106238053536, -0.43154997114320603, -0.38670560907059276, -0.45620362743695636, 0.48939125951920276, 0.29916710991549966, 0.6126909082519213, 0.7026992420947823, 0.19116111518227547, 0.04959863269985386, -0.39376539682662914, 0.162966534547053, 0.3378799474075706, -0.05738186670912852], [-0.6456220465844443, -0.6687786534463734, -0.3225086691582284, 0.47279407815877855, -0.16897082457200263, -0.1710874590291036, -0.5249164462794375, -0.04474668446913171, 0.10966477959166572, -0.22828035053631163, -0.32529067999837796, 0.387322574400551, 0.40222441381443497, 0.49872732997594454, 0.4837367209982074, -0.006515603469862834]], "inverted": true, "swapped": false, "error_lsq": 0.04704370660604988, "error_max": 0.3385901109221694, "target": "325.xyz", "model": "23.xyz", "model_rescale": 4.410303926677745, "target_rescale": 4.253767426753378},
{"mapping": [8, 5, 2, 3, 10, 12, 15, 9, 11, 14, 6, 13, 0, 1, 7, 16], "R": [[-0.5569690475793367, 0.8236183259228627, -0.10695014372401544], [0.6281616453787711, 0.5019892092052234, 0.5944911951547723], [0.5433216610016589, 0.2639312165044816, -0.7969578945219522]], "T": [-0.05551243910083704, 0.07379569143696771, -0.05178782115840294], "aligned_model": [[-0.6568249202657142, 0.22187565252145647, -0.0427670436390153, -0.47806754841620286, -0.705768404037936, 0.6702690958899611, -0.0009048706425216421, -0.4480740032082567, -0.31013063391051116, 0.10490587702045817, 0.582047499096796, 0.5466855998124087, 0.2366137981309509, -0.4112192844477634, 0.20019259229986003, -0.10592883836738928], [-0.048714812857205, -0.2997098761321456, -0.8379117503493452, -0.6713158875883244, 0.05837467872522917, -0.26737784951709764, 0.32593187211358887, 0.4618949876012529, 0.5576462582467127, 0.7052676691544989, 0.2529438076018782, 0.40656991782845364, -0.5257229889002135, -0.1057038751534135, 0.12330851810542845, -0.018561582783518535], [-0.5987075077554211, -0.4750507076119037, -0.09078841941481955, 0.222997365902283, -0.02507979415749012, 0.0031449850958114867, -0.7171896175909238, -0.3479201198539468, 0.26724147292054834, -0.235251973583212, -0.4250455972860965, 0.09245315778907148, 0.30264894969604617, 0.7082042152061503, 0.5598446776462022, 0.0062513923940079735]], "inverted": false, "swapped": false, "error_lsq": 0.04647293135866361, "error_max": 0.3122603066756749, "target": "325.xyz", "model": "24.xyz", "model_rescale": 4.28219845311461, "target_rescale": 4.253767426753378},
{"mapping": [11, 9, 5, 8, 10, 3, 12, 14, 2, 13, 7, 4, 1, 6, 0, 15], "R": [[-0.5964016440726736, 0.563906345657007, 0.5712396277178012], [-0.6990407334763329, -0.7146675156919167, -0.02433916505582598], [0.39452139598288277, -0.4138356864052499, 0.820422386804025]], "T": [0.006523028947409616, 0.03544421078916978, -0.08798680043731268], "aligned_model": [[-0.3620434330958413, 0.2651170175942561, -0.10224386448846892, -0.3626845144474484, -0.7567332775018, 0.6672288197583679, -0.28506834224557026, -0.6537373460478987, -0.13620694699626143, 0.12510330062154357, 0.6691918825047207, 0.5927726111331545, 0.21389301908628033, -0.5770383526066811, 0.08731030250104141, 0.018043692067187138], [-0.12002914488716127, -0.20637767492237397, -0.7952267467537786, -0.4722152265979746, -0.17796950767014136, -0.36443205080420055, 0.3287985591507397, 0.4107787999103879, 0.6126691218536029, 0.5598208759215244, 0.2728349781298225, 0.24873432690035663, -0.45059061664878775, 0.05878348398083054, 0.16056080554465543, 0.050779102988276814], [-0.45739696540337904, -0.6637688846545079, -0.24107567691477272, 0.20851571634952, -0.04799662330894612, -0.02788540059669993, -0.7309001684552601, -0.14564795126601254, 0.25145329796253135, -0.34074021618349704, -0.4197421618961443, 0.29341499135452986, 0.27346199614918953, 0.5983866600392618, 0.7141188199047771, -0.016444953684282934]], "inverted": true, "swapped": false, "error_lsq": 0.041358158342224345, "error_max": 0.2664892694328367, "target": "325.xyz", "model": "25.xyz", "model_rescale": 4.100010024507729, "target_rescale": 4.253767426753378},
{"mapping": [11, 9, 6, 7, 12, 2, 1, 4, 8, 13, 14, 15], "R": [[0.8777759249864885, -0.07335244882644545, 0.4734224791507883], [0.22124196495790255, 0.9385856227419633, -0.26478108263931427], [-0.42492519159927555, 0.33715937927520995, 0.8400965030941828]], "T": [-0.07987225821027939, 0.11765648167126139, 0.02746213316698875], "aligned_model": [[-0.8223301332601443, -0.17398955474826372, 0.44449382393186315, 0.6451196097706945, -0.4723456627406108, 0.021857337193468773, -0.0300398310116647, 0.5583003008437365, 0.1523570773077278, -0.07301098532759116, -0.32926059233691735, -0.04438578725929194], [-0.17193309293604933, -0.6488860464929682, -0.28572643504397377, -0.2061494137449755, 0.6197384401566682, 0.7284579718227916, 0.057529954627274366, 0.37898027135842993, -0.36048840654392456, 0.48136486941959344, 0.011403150453880767, 0.061840126973892066], [0.032460457353807336, 0.03325850241545308, 0.45953059633893, -0.15998873645074313, -0.03694734527812219, 0.45687441873354606, 0.6055871725580471, -0.20767721217114185, -0.4399025977398463, -0.7164753059817042, -0.47508757923154976, 0.013559919307680402]], "inverted": true, "swapped": true, "error_lsq": 0.045012445304568445, "error_max": 0.2299738363382731, "target": "325.xyz", "model": "26.xyz", "model_rescale": 3.6694154284099745, "target_rescale": 4.253767426753378},
