[{"mapping": [5, 4, 2, 7, 0, 13, 12, 11, 6, 9, 8, 14], "R": [[-0.675318580579289, 0.6395164336540831, 0.3673738501999526], [0.6263816393694985, 0.7602900458827724, -0.1720612913829004], [-0.3893467048597612, 0.11392004748039111, -0.9140193467300961]], "T": [-0.09050998965485842, -0.10414250380389706, -0.014678942807418528], "aligned_model": [[-0.08321824807820595, 0.22104298734675626, 0.4647371369432764, -0.2781748712353912, -0.23293677088111564, -0.7650165919502022, 0.5158326590132712, -0.37676367167080854, 0.5957364378768157, 0.36801676086752627, -0.5782697592610604, -0.013343606510313244], [-0.4726071618601957, -0.6447891681169013, -0.2826764446301053, 0.7740737221143961, 0.3452113285658241, -0.472011445231951, -0.15702847025778635, -0.5022041272675168, 0.012015914061168587, 0.4151816138732745, 0.10818329651074277, -0.06979402178389214], [-0.4577524721409276, -5.8724840082742535e-05, -0.6066102326223627, -0.011504490685201575, -0.5219444383032419, -0.15176914865947574, 0.583746265812921, 0.5178214931316066, 0.008368782638057203, 0.3240684968279156, 0.39285747200193094, 0.10472874219242309]], "inverted": true, "swapped": true, "error_lsq": 0.05048754449983433, "error_max": 0.26503717478373834, "target": "326.xyz", "model": "0.xyz", "model_rescale": 3.751011558992144, "target_rescale": 4.144633592904499},
{"mapping": [0, 1, 2, 3, 5, 8, 13, 7, 6, 12, 11, 10, 9, 4, 14], "R": [[-0.41746920676812005, 0.5680682521549741, 0.7092375640742598], [-0.5874786523971524, -0.7641776709170514, 0.26627301825272714], [0.6932447579160069, -0.3055011426580659, 0.6527486173532606]], "T": [0.019240431703433196, -0.0613094017503773, 0.03738593260757213], "aligned_model": [[-0.551440625331098, -0.6457905538819269, 0.14836901060613233, -0.10082060868729692, 0.5503107734872092, 0.02043775835499615, 0.5098818677398022, -0.48135654016475676, -0.4024272497747274, 0.08451273681735785, 0.15463285268853205, 0.43659002858304435, 0.6339410635603273, -0.13345872804724657, 0.04528219243034766], [-0.3104078780691205, 0.1469573969838112, -0.20770995506187467, -0.7294879472798228, 0.07379629169458413, 0.4334244994951292, -0.5086994482648424, -0.4280041601624567, 0.0013073644945691965, -0.7498108184043917, -0.2856834256029097, 0.43983696997333216, -0.1760778661149876, 0.7043500723879954, -0.09951165675548648], [-0.395947194140333, 0.030731746540594976, -0.7661256043903513, -0.31265501840705634, -0.26227519378696024, -0.4049433401148694, -0.25691888526759155, 0.2710837068946837, 0.6554484312693168, 0.30882732504384247, 0.7910809496314962, 0.5345029975142687, 0.2451380784843794, 0.1639659712526736, 0.06681766470295238]], "inverted": false, "swapped": false, "error_lsq": 0.04204052752402114, "error_max": 0.26731983627791617, "target": "326.xyz", "model": "1.xyz", "model_rescale": 3.9405287249114394, "target_rescale": 4.144633592904499},
{"mapping": [13, 0, 1, 6, 3, 8, 4, 2, 9, 10, 12, 11, 14], "R": [[0.21878487656107942, -0.46017428744431366, -0.8604491867410137], [-0.4403328660356879, 0.7403595239686522, -0.5079121403921234], [0.8707698575840522, 0.49000755141531166, -0.04065039580398398]], "T": [-0.04507778620546243, 0.10795930148308452, 0.008099245443687227], "aligned_model": [[-0.49132715309826164, 0.20519287188158586, -0.29406730571972084, 0.4677657123864811, 0.4231323538553374, -0.6655519042631234, 0.1466187083927657, 0.7483969754287231, 0.1163902429661493, -0.4882341415300494, 0.022897545546450904, -0.6334020242339419, -0.061828602328465015], [0.7384972961625348, 0.38814864274496713, 0.4011921870024389, -0.3530676967547711, -0.1954157760573586, 0.019984858007228656, 0.11786208010204793, 0.2766198866296345, -0.5983066781264398, -0.6841956433574735, -0.6573699164792502, 0.04084683228148256, -0.035963478583024566], [0.11929177649392936, -0.5736060651220312, -0.46362498887249093, 0.10507237490168915, -0.41429496798011456, -0.22928258586799324, 0.6020118760714042, 0.18839844442138784, -0.2561176911953542, 0.2029296520577594, 0.3798674605459478, 0.42441817156080053, 0.02805689257371007]], "inverted": false, "swapped": true, "error_lsq": 0.048338054874333354, "error_max": 0.26338600756823505, "target": "326.xyz", "model": "2.xyz", "model_rescale": 3.932901565614263, "target_rescale": 4.144633592904499},
{"mapping": [5, 0, 2, 1, 4, 12, 6, 11, 8, 10, 3, 7, 9, 14], "R": [[0.35873740284049443, 0.8316362827250032, 0.42389688493617805], [0.9309220481954301, -0.2854278454079298, -0.22784882104020726], [-0.06849537201068605, 0.4763528506486819, -0.8765821956279927]], "T": [-0.08143424497335551, -0.019617384975546548, -0.10798536568094672], "aligned_model": [[-0.17550620712357867, 0.42679264086395985, 0.28178444450452284, 0.012370035726212855, -0.37291436053076776, -0.1116372669934259, 0.30526844344765713, -0.7512527888414035, -0.3083761143719405, -0.3227305456390198, 0.6021247678196363, 0.5221936940332875, 0.3834630913068593, -0.07176992214929598], [-0.09275881111102452, 0.3846798662405473, -0.47835617358511917, 0.5816266120930245, -0.5202878130679949, -0.6954063555051633, -0.590969714290265, -0.02420643539661664, 0.4268506013466142, -0.31719886896225846, -0.13439223812503956, 0.5036816735013111, -0.2827185403960337, -0.09704716439149355], [-0.6718420175419433, -0.34834281359481073, -0.6980593431815642, -0.12252744705113468, -0.34024876906839735, 0.41255100012390067, -0.01324529209158562, 0.16637388735082917, 0.3372578182360183, 0.7376370411382288, -0.011819604745369694, 0.3022381478320024, 0.44820021192894577, 0.015723543721977443]], "inverted": true, "swapped": true, "error_lsq": 0.04758517745052066, "error_max": 0.30987429572749686, "target": "326.xyz", "model": "3.xyz", "model_rescale": 3.9243930471874484, "target_rescale": 4.144633592904499},
{"mapping": [0, 5, 1, 7, 8, 3, 9, 13, 11, 4, 10, 12, 14], "R": [[0.6474764008625351, -0.32370680189928114, -0.6899189928754229], [-0.5757148798988446, -0.8009310560566806, -0.16450477350821702], [-0.4993262334277634, 0.5037095887990126, -0.7049467800924925]], "T": [-0.06057809712622868, -0.008414408128327222, -0.20748842907485782], "aligned_model": [[0.018979574650048694, -0.3209850476433887, 0.415082325569077, 0.35326688067781503, 0.5755850634565266, -0.34449615206453993, -0.2120260564206321, 0.3957823707952488, 0.2675908832624814, -0.48566164624747954, 0.10877165906885373, -0.4151792940751955, -0.07950467471746314], [-0.548877878090342, 0.21155323043791535, -0.2561818012966663, -0.7996355306300009, -0.003147451217020189, -0.6406217172647712, -0.48557325334041634, 0.4230189943406466, 0.569732404436976, 0.4473322062661588, 0.13193413525306164, 0.09940368053714341, -0.02110746575109764], [-0.6330378998706836, -0.672177555517216, -0.49534870834767014, -0.11160624071516229, 0.003097562870142845, -0.1106457689666252, 0.37909242644866764, -0.6708250040400772, 0.07887205047608842, -0.1731835661658712, 0.6944421922529205, 0.5614031850248324, -0.06301235807838185]], "inverted": true, "swapped": true, "error_lsq": 0.048717442200638936, "error_max": 0.30860845638954265, "target": "326.xyz", "model": "4.xyz", "model_rescale": 3.8936222436046832, "target_rescale": 4.144633592904499},
{"mapping": [2, 4, 6, 3, 12, 11, 13, 8, 7, 0, 9, 14], "R": [[-0.8393512014032353, -0.4978874338375026, -0.21816888854658475], [0.13328053338314289, -0.5775926933017862, 0.8053713305460368], [-0.5269970209821404, 0.6469117280364418, 0.5511618237912113]], "T": [-0.12563462971796513, -0.13888353170116094, 0.07097674352127753], "aligned_model": [[-0.09590696079099142, -0.6535325354112058, -0.15125101129218924, 0.35766351249737977, -0.5544592741076554, -0.672491244600857, -0.26662321292714103, -0.05085780741356907, 0.6656518493886228, 0.5259674239781422, 0.08829592043539741, -0.16490861754083652], [-0.6417296565683877, -0.34265915607886266, 0.05041481915688725, 0.03074421951013112, 0.4450700464649786, 0.07223492020086769, -0.548035693938735, 0.23425916908489, 0.267178875597301, -0.37320144965854607, 0.4819843089977054, -0.007337497658422842], [-0.5899456663655307, -0.19241862462123122, -0.5987008433416678, -0.40580766919848826, -0.3803199507552923, 0.4956269323152406, 0.7204358774850341, 0.6225660104739206, 0.1953590322651309, 0.06528336670411705, -0.3333139836816736, 0.020520237995959173]], "inverted": false, "swapped": true, "error_lsq": 0.05326832078946633, "error_max": 0.2672197911606306, "target": "326.xyz", "model": "5.xyz", "model_rescale": 3.6523030999806103, "target_rescale": 4.144633592904499},
{"mapping": [10, 9, 7, 8, 1, 12, 3, 11, 6, 5, 0, 13, 14], "R": [[-0.5818636601225025, 0.5787990372078334, 0.57133733954305], [-0.8099567632660444, -0.3489022631930635, -0.4714204624094622], [-0.07351681894939448, -0.737060977983534, 0.6718157426449001]], "T": [0.04957440279122423, -0.05676857266383122, -0.1587197695413286], "aligned_model": [[0.08135973110075718, -0.306948463886738, 0.2528514283760658, 0.6226064418077273, 0.5018632009876904, -0.4041158178081688, -0.38058060321108933, 0.44138400384238924, -0.6102022755442021, -0.06767861109610084, 0.08182878498119998, 0.6660108809106401, 0.002704204204124226], [-0.6637077125572594, -0.00606416016390058, 0.5765455551441863, -0.12438126200310728, 0.34973509936896885, -0.6074762287542271, 0.38491254737139696, -0.6651073844064986, -0.09612026138469448, 0.00037008274404529834, 0.633796338385467, -0.11267201296256432, -0.12900369661862957], [0.5430426351306545, 0.5232000615928373, 0.44467362682561207, 0.18207426535673898, -0.1323632358356524, 0.3097322820176738, 0.17227645925578572, -0.13974432569725953, 0.06060718800971776, -0.7200756556958575, -0.19874845992046314, -0.6340736513540919, -0.040491450203906404]], "inverted": false, "swapped": true, "error_lsq": 0.04757243489746881, "error_max": 0.23175236832766985, "target": "326.xyz", "model": "6.xyz", "model_rescale": 4.08911054899281, "target_rescale": 4.144633592904499},
{"mapping": [0, 3, 2, 1, 7, 6, 13, 9, 8, 11, 10, 5, 12, 4, 14], "R": [[0.5875963653212446, 0.7602885460822922, 0.27693291273760967], [-0.3060801393065782, 0.5256667574216483, -0.7937187212507184], [-0.7490296788401165, 0.3816225711850443, 0.5415891001292287]], "T": [0.06182374883398349, -0.11616062592125431, 0.08353643882554673], "aligned_model": [[-0.6054900331699229, -0.6346420949562285, 0.15010442498339116, -0.1683929990468509, 0.5771906515549579, -0.08348013997079136, 0.5899633160131315, -0.5915375862679781, -0.3717805646640865, 0.1464412111441375, 0.2385629119590449, 0.5049448688835722, 0.6958397501085374, -0.1347386951113413, -0.044321043078876826], [-0.06915096335349463, 0.24194630589847366, -0.1857215537243831, -0.6819340284877378, 0.2608466774940935, 0.19747959879468563, -0.5386511652293838, -0.530951614298123, -0.024001558663289665, -0.6176154020363508, -0.149333395749089, 0.4343377629867319, -0.3007081130381348, 0.5082531263618428, -0.24051623764231245], [-0.5776281330299006, -0.03112039735102856, -0.7149041305551841, -0.32247681809953355, -0.3541294306327973, -0.2765462680513868, -0.1965793660241107, 0.208535277471804, 0.6018442420882346, 0.37664743408281226, 0.7813456778456285, 0.3683107816990535, 0.35180468729686043, 0.34491769540726647, 0.10871038307932868]], "inverted": false, "swapped": false, "error_lsq": 0.054957859809315154, "error_max": 0.38729015568537895, "target": "326.xyz", "model": "7.xyz", "model_rescale": 3.964800864290218, "target_rescale": 4.144633592904499},
{"mapping": [12, 4, 6, 10, 3, 11, 9, 5, 13, 1, 8, 7, 0, 14], "R": [[-0.15839549134538938, 0.21973437052878203, -0.9626150189612526], [-0.43604160981990164, -0.8902713234167882, -0.13147123338354022], [-0.8858772955816858, 0.39891575189510947, 0.2368282923614451]], "T": [0.1423454415581109, -0.09772644845488729, 0.08582102553925819], "aligned_model": [[-0.3593535907838016, 0.28751237311627476, 0.16579256124365757, -0.7342390833699226, 0.24399618585620578, -0.30979183597238386, -0.25764856267556185, 0.6574000476845121, 0.289140451392141, 0.1772548729551327, -0.3529071735488468, -0.08568435346717063, 0.5126126603382872, 0.027103336692348767], [-0.06363091379059735, -0.5011768850427626, 0.2274285082686527, -0.1279281642497298, 0.5662298942145941, -0.6597740397576587, 0.46820428715374385, -0.3535459434436097, -0.6310174602795927, 0.06083450708293378, -0.13528167379665051, 0.6554594044048103, 0.3685919183151064, -0.0634449728980376], [-0.6038866218136523, -0.3677560143159351, -0.5295509121420723, -0.21838832057138446, -0.11040115892250207, 0.14603172388679725, -0.2524412204709499, 0.04828884175639685, 0.6363955990011775, 0.672459597572842, 0.5357012540450847, 0.5184934281995388, 0.43933468171990625, 0.0025341607797743915]], "inverted": false, "swapped": true, "error_lsq": 0.03724635054277476, "error_max": 0.18884991424701728, "target": "326.xyz", "model": "8.xyz", "model_rescale": 4.121658175737393, "target_rescale": 4.144633592904499},
{"mapping": [0, 5, 2, 3, 13, 8, 4, 10, 12, 11, 7, 9, 14], "R": [[-0.8360543627144056, 0.5429485268988266, 0.07886697486656455], [0.5472591253260592, 0.8354956850867133, 0.04954200186548817], [-0.03899426026437122, 0.08458047847983503, -0.995653348473532]], "T": [-0.11811983035301588, -0.07497951925801602, -0.11507377132563476], "aligned_model": [[-0.4679735842996181, -0.2050933998910282, 0.23985264159385666, 0.1412775673030806, -0.7501332830566327, -0.4749422198431832, 0.24688833739173416, 0.32897464600695403, 0.647582866915021, -0.1699969239412384, -0.40297773427884204, 0.35542815286026275, -0.012149570325169626], [0.4173817404039398, -0.3585685405078325, -0.04990034563590951, 0.5492156607219993, -0.5326479701905217, -0.024862947866725868, -0.544520253117662, -0.10422977119904889, -0.11297659857914395, -0.6001538933981906, 0.7415911542283431, 0.4571060051326268, -0.04704680058016438], [-0.45375544846511795, -0.6091854908347002, -0.864595709538975, -0.296091482727853, -0.12845374780764918, 0.4499429358182466, -0.3044896117691547, 0.698011003597075, 0.26018169460851903, 0.38035693495401024, 0.12691844789659637, 0.18044517956221526, -0.018209271334123964]], "inverted": true, "swapped": true, "error_lsq": 0.05049736933677766, "error_max": 0.32353078260697077, "target": "326.xyz", "model": "9.xyz", "model_rescale": 3.833441315466971, "target_rescale": 4.144633592904499},
{"mapping": [8, 9, 13, 10, 5, 2, 0, 11, 7, 12, 6, 4, 1, 3, 14], "R": [[-0.3833869219853939, -0.7966713075824272, -0.46725720510814106], [-0.9092628603672035, 0.4143323489636538, 0.0396201383025436], [0.16203554797456377, 0.44004946571626113, -0.8832332358530312]], "T": [0.036666930128895464, -0.1742967962598609, 0.1057410027054207], "aligned_model": [[-0.6049155614994252, -0.5612336995780091, 0.29170397499645373, -0.24219387606063844, 0.5559513101014727, -0.02654491571853204, 0.4581005028680788, -0.5099239998332392, -0.5022999233606591, 0.13719805659130363, 0.3749057881786375, 0.4139704932414263, 0.7080601364416228, -0.20483281286764454, -0.01928149512015119], [-0.2768278749469016, 0.29684465409283756, -0.06433429430652952, -0.8203499907244567, 0.15517611789854457, 0.3602563755440656, -0.5332534014194331, -0.5246177175672717, 0.01690164581377343, -0.6616363355840755, -0.1409929296838593, 0.4143381631917568, -0.463114049661456, 0.6442001788583265, -0.09831110219179216], [-0.32486165255347116, -0.17434951353595007, -0.6416216236842334, -0.31923671931455105, -0.17573107942613775, -0.370607004518875, -0.29095391922359626, 0.3151465623761861, 0.4476062734920278, 0.44546695598870206, 0.693716253393075, 0.489229576021784, 0.21262734219040574, 0.267179615195167, 0.095120568826514]], "inverted": false, "swapped": false, "error_lsq": 0.04765981568729174, "error_max": 0.32654449070153724, "target": "326.xyz", "model": "10.xyz", "model_rescale": 4.2482417240324, "target_rescale": 4.144633592904499},
{"mapping": [7, 0, 2, 5, 10, 12, 9, 4, 1, 11, 8, 14], "R": [[0.48725153424848117, 0.5089830494988525, -0.7095929803030396], [0.8072879329693086, 0.04729545426569998, 0.5882595798522472], [0.33297467719729457, -0.8594762331377463, -0.3878510912924028]], "T": [0.09344092019334738, -0.009947444593421582, -0.0991836019252415], "aligned_model": [[-0.6728953749442352, -0.04790704073520366, 0.6914737868253201, 0.624403603160787, -0.39775704319785254, -0.012579002029378283, -0.3833565830965924, 0.6084412582912007, -0.20494203635690106, 0.06670869443474692, -0.4189699177494196, 0.024145257760534986], [-0.4501146623931328, -0.6798629071373932, -0.26653405535393937, -0.22060174485860914, 0.7730892507049072, 0.7011622989440138, 0.18513876912220642, 0.3336353584437084, -0.43531396326975996, 0.530644487230207, 0.09581323405369557, 0.09907532456473564], [0.06042036895376757, 0.004530257236820878, 0.4176107412043832, -0.17558334802180955, -0.012962990596319501, 0.36086397397528625, 0.4746627695714027, -0.01979006880695154, -0.41625771825869007, -0.5798047543630236, -0.5179049648052579, -0.030591976235252047]], "inverted": false, "swapped": true, "error_lsq": 0.05735167894765685, "error_max": 0.35319520048018405, "target": "326.xyz", "model": "11.xyz", "model_rescale": 3.6694154284099745, "target_rescale": 4.144633592904499},
{"mapping": [5, 0, 7, 3, 6, 13, 4, 11, 9, 10, 8, 12, 1, 14], "R": [[-0.6552152623298934, 0.6868358705832154, 0.31456231002802304], [0.5912061555186967, 0.7254194571595661, -0.35247963466152654], [-0.4702852769189908, -0.0449788623079492, -0.8813674944418538]], "T": [-0.0011269328684950924, -0.06362658634587418, -0.11216961362844108], "aligned_model": [[-0.03540701193494149, -0.14050919302742076, -0.13750244368329395, 0.42979338519263766, 0.6910091018897143, -0.7012946186663398, 0.2790785765907942, -0.285146857883094, 0.5016225938859196, 0.22821180634161714, -0.4566409579220756, 0.6279479783692984, -0.4861807078131299, 0.08328319891612403], [-0.5034884891070533, 0.2985125000503521, 0.8119391110084487, 0.4020229860897181, 0.010036573013661607, -0.4052709865155649, -0.6124546590585336, -0.3431745193476349, 0.47603863740753505, 0.16886196800506886, 0.24777052629659632, -0.05039178722563825, 0.2446151096397047, -0.014029682120406249], [-0.4829524460335174, -0.6857115957479254, -0.2580406321945806, -0.40738512750767164, -0.1340690047493214, -0.15826467567578656, -0.012920215867409351, 0.49209570571942457, 0.11299367739538341, 0.7568578393525613, 0.26811525188506363, 0.4645891396621798, -0.31270627233957554, -0.003506184246409555]], "inverted": true, "swapped": true, "error_lsq": 0.051662785932591083, "error_max": 0.32189701830075595, "target": "326.xyz", "model": "12.xyz", "model_rescale": 3.9764082729961374, "target_rescale": 4.144633592904499},
{"mapping": [13, 6, 10, 11, 1, 12, 8, 14, 4, 3, 7, 0, 2, 5, 15], "R": [[0.7273103044175476, 0.5003096292161259, 0.46979782460296393], [-0.6763131563520534, 0.4060741918128151, 0.6145764926261761], [0.11670576520968198, -0.7647182655443716, 0.6337079285519717]], "T": [-0.0023016747242791333, -0.014308987004814158, 0.02330413403450003], "aligned_model": [[-0.4534678712564376, -0.7478273168716355, 0.3138845507911773, -0.11659209956548769, 0.5231389534086456, 0.004977734347968714, 0.4199591199593746, -0.5988697178667752, -0.21013037105806742, -0.01836506797459405, 0.31097143365671953, 0.3862507316829955, 0.7690412764896905, -0.2738595653231326, -0.040447812039744235], [-0.060282894581220284, 0.05818549101783989, -0.30814617677310063, -0.6994990891000853, 0.08411230399680249, 0.2973641034758239, -0.5722376361780258, -0.545406160509282, 0.14268724081978984, -0.7951849731117359, -0.21277945328386755, 0.3466366185333637, -0.0981987277290224, 0.7338258260214797, -0.06679703328523043], [-0.38756811997611185, 0.1736200455549594, -0.6548056473885601, -0.3613995461268659, -0.3195485661821504, -0.5334906484680617, -0.07701675289057401, -0.005857514954670535, 0.6926494404408953, 0.33702074027720424, 0.6817136817350725, 0.5191400250509286, 0.2083773004305732, 0.28669456557355877, 0.10920263215084937]], "inverted": true, "swapped": false, "error_lsq": 0.049016825327466866, "error_max": 0.34778116719522023, "target": "326.xyz", "model": "13.xyz", "model_rescale": 4.170626492500431, "target_rescale": 4.144633592904499},
{"mapping": [9, 6, 10, 4, 8, 13, 11, 3, 7, 2, 0, 5, 1, 14], "R": [[-0.7120106692022135, -0.697652090257575, 0.0795133190192242], [-0.5805182814083473, 0.6485738548065905, 0.49229105193169914], [-0.39501814122001466, 0.30435754602203696, -0.8667912968451682]], "T": [-0.09769014708371054, 0.0554236102267531, 0.1099436695679557], "aligned_model": [[0.3448284579471182, -0.02940636733822259, -0.13584375497119933, -0.6547108441903611, 0.09272317620689352, -0.40167707076860704, -0.5401169801488599, 0.42913545006883796, 0.7834145175093155, -0.23589646514074192, 0.41975086286800106, -0.40755565820567674, 0.26208337120954844, -0.08354567295440254], [-0.36986787042533464, -0.6240992373915796, 0.006425672979172764, -0.22588506253571103, 0.5888122625526215, 0.7175088993327705, 0.4358730861435838, -0.40174776074753893, 0.2019283954589023, -0.5738022154521143, 0.09985615973220657, -0.0017659749681606662, 0.5072490933736156, -0.004410980126767751], [-0.35695952028151273, -0.026233274065879553, -0.8163389026485217, 0.1230279161340217, -0.24827006496022735, 0.38979266335917845, -0.3183875509565171, 0.165829018351717, 0.016761899207142883, 0.6348534384161557, 0.5679863393718168, 0.5924851107832922, 0.3020941510482966, -0.022768122638096716]], "inverted": false, "swapped": true, "error_lsq": 0.04649215873499817, "error_max": 0.27075615593274016, "target": "326.xyz", "model": "14.xyz", "model_rescale": 3.9786697098870705, "target_rescale": 4.144633592904499},
{"mapping": [11, 1, 4, 12, 5, 2, 7, 3, 6, 9, 0, 14], "R": [[-0.9481626833866474, 0.20914822603230693, 0.2392583235345665], [0.1930329403308449, -0.21902316876225297, 0.956434595512192], [0.25243971514058705, 0.9530403302551687, 0.167297098381468]], "T": [-0.04771522074860567, -0.011127700271272842, -0.20767350609869578], "aligned_model": [[-0.012135199114454508, -0.6525020038215604, 0.480763440361631, 0.6044143855275098, 0.05675404583042754, 0.4127053551075932, -0.6270104873615898, 0.01807410308889685, 0.4925219957725614, 0.15933037211809006, -0.47282179167478544, 0.023260380933016973], [-0.46945440578517206, 0.04481943136104474, 0.11347523782739474, -0.5339844277994734, 0.4985941785875714, 0.648061168148642, -0.21398886139388307, 0.09411644707288296, -0.002451023350689349, -0.41320663972889876, 0.3771341089841251, -0.12844072369910547], [-0.7667992825486123, -0.16757456968492934, -0.5155082612077815, -0.03473165907894915, -0.45547040817954576, 0.0021819693217060843, 0.4478844759127049, 0.48099875178682533, 0.23167441998288735, 0.41695342009356645, 0.17711176964033343, -0.15675413216437506]], "inverted": true, "swapped": true, "error_lsq": 0.05593586940052995, "error_max": 0.2942810279493858, "target": "326.xyz", "model": "15.xyz", "model_rescale": 3.769337070930944, "target_rescale": 4.144633592904499},
{"mapping": [9, 10, 3, 6, 7, 8, 1, 11, 5, 4, 14], "R": [[0.8303225048682537, -0.5336187100639993, -0.16067236905872304], [0.3378946183578731, 0.25279487741296985, 0.9065991268684019], [-0.4431611047848134, -0.8070599867564958, 0.39020816621709575]], "T": [0.0674471660998588, 0.13756901925199735, 0.14082618378041406], "aligned_model": [[-0.3797965639073727, -0.3110932516348396, -0.20561599187612728, -0.5810155224089805, 0.3717844685790653, 0.4696772144041417, 0.6281738737002549, 0.15968404854102985, 0.11320715557207066, -0.3122217363631652, -0.030157563914906482], [0.07299124926884526, -0.635567591578754, 0.555646951751241, 0.3278055878703188, 0.30226470249840787, -0.3193952843289911, 0.23639524229053793, -0.5333675783908036, 0.46086835284286276, 0.07298969915162348, 0.05543316625005398], [-0.4840713322960271, -0.20676960499687053, -0.3493996810774852, -0.027293786958714927, -0.6878752477561556, -0.13930303857077547, -0.07440391690879938, 0.39634013697762954, 0.6157125811335316, 0.6320072703489583, 0.06927422732848555]], "inverted": true, "swapped": true, "error_lsq": 0.04652709746438369, "error_max": 0.22808918797319114, "target": "326.xyz", "model": "16.xyz", "model_rescale": 3.7852294659196426, "target_rescale": 4.144633592904499},
{"mapping": [1, 9, 10, 7, 3, 6, 4, 12, 8, 13, 5, 11, 14], "R": [[0.21560286578612098, -0.6601221290332349, -0.719551373444205], [-0.4330998541399614, -0.725082701435967, 0.5354246841734746], [-0.8751799361324255, 0.19619849856446417, -0.4422287061603915]], "T": [-0.03134088956096348, 0.19634386125619993, -0.11307426909069425], "aligned_model": [[0.22395437293256532, -0.370214300940492, 0.24645541092500384, -0.08703245968744777, -0.596711154758204, -0.6191087703113095, -0.15190450649857318, -0.22469025109349972, 0.526097466471584, 0.5509762948953179, -0.1687504674596666, 0.5690638632643388, -0.04436964752333382], [-0.0334154452328814, -0.40362968894594753, -0.24460870577696484, -0.6130091814054467, -0.2058794145968745, 0.0982838411278864, 0.6929059790668144, 0.018783748088039842, -0.17468051470379067, 0.570939424622222, 0.7122785774652532, 0.3383598060193007, 0.11872719797526331], [-0.615607899059027, 0.23317809281188773, 0.6552003877244945, -0.4982210277973773, -0.20388695573281096, 0.24730231977128042, 0.24535048076779192, 0.6991138211695687, -0.13917329950249946, -0.4731649517546135, -0.3300155114578422, 0.2654710320758437, 0.010208208126477325]], "inverted": true, "swapped": true, "error_lsq": 0.053143212251627464, "error_max": 0.33235834364378114, "target": "326.xyz", "model": "17.xyz", "model_rescale": 3.901054581598922, "target_rescale": 4.144633592904499},
{"mapping": [0, 1, 2, 3, 5, 8, 13, 7, 6, 12, 11, 10, 9, 4, 14], "R": [[-0.41746920676812005, 0.5680682521549741, 0.7092375640742598], [-0.5874786523971524, -0.7641776709170514, 0.26627301825272714], [0.6932447579160069, -0.3055011426580659, 0.6527486173532606]], "T": [0.019240431703433196, -0.0613094017503773, 0.03738593260757213], "aligned_model": [[-0.551440625331098, -0.6457905538819269, 0.14836901060613233, -0.10082060868729692, 0.5503107734872092, 0.02043775835499615, 0.5098818677398022, -0.48135654016475676, -0.4024272497747274, 0.08451273681735785, 0.15463285268853205, 0.43659002858304435, 0.6339410635603273, -0.13345872804724657, 0.04528219243034766], [-0.3104078780691205, 0.1469573969838112, -0.20770995506187467, -0.7294879472798228, 0.07379629169458413, 0.4334244994951292, -0.5086994482648424, -0.4280041601624567, 0.0013073644945691965, -0.7498108184043917, -0.2856834256029097, 0.43983696997333216, -0.1760778661149876, 0.7043500723879954, -0.09951165675548648], [-0.395947194140333, 0.030731746540594976, -0.7661256043903513, -0.31265501840705634, -0.26227519378696024, -0.4049433401148694, -0.25691888526759155, 0.2710837068946837, 0.6554484312693168, 0.30882732504384247, 0.7910809496314962, 0.5345029975142687, 0.2451380784843794, 0.1639659712526736, 0.06681766470295238]], "inverted": false, "swapped": false, "error_lsq": 0.04204052752402114, "error_max": 0.26731983627791617, "target": "326.xyz", "model": "18.xyz", "model_rescale": 3.9405287249114394, "target_rescale": 4.144633592904499},
{"mapping": [10, 11, 3, 2, 12, 14, 1, 5, 9, 6, 8, 7, 0, 13, 15], "R": [[-0.863714938903309, -0.4993010422203957, -0.068519877064106], [-0.34579404400977104, 0.4882076450734331, 0.8012988047034774], [-0.3666374004962151, 0.7157875135328079, -0.5943275629044126]], "T": [0.13456137519142547, -0.0073319540560112945, 0.05142266109527705], "aligned_model": [[-0.40674022580154706, -0.5612813997109254, 0.2670502664630351, -0.3008551121962803, 0.49861488209303023, -0.1489551090242867, 0.4642575868780487, -0.39915888822003637, -0.36413907401238105, 0.17260036974920356, 0.19040086806319298, 0.1821314076249951, 0.6656940750357065, -0.09982374419560977, 0.1088680756345508], [-0.19652087204777163, 0.17476512313080006, -0.1722597551997136, -0.7337436855476231, 0.2383810210471181, 0.4152723386169287, -0.49840088145735395, -0.49830206024621865, 0.1854347261002972, -0.7247862954987903, -0.4084716184866062, 0.28942703894256727, -0.3548896640718119, 0.6220799646779419, -0.033705940646235714], [-0.48626141623831676, 0.008333346920726965, -0.7736071013821068, -0.14367670301275115, -0.27603609995411826, -0.5323264091982453, -0.24127366706724496, 0.4580596958208957, 0.6020120870216857, 0.25659517004850346, 0.6903601198440114, 0.6880518632452267, 0.3155740406499725, 0.06672291395383362, 0.03620379457497383]], "inverted": false, "swapped": false, "error_lsq": 0.047663819706260546, "error_max": 0.3662891950246822, "target": "326.xyz", "model": "19.xyz", "model_rescale": 4.410303926677745, "target_rescale": 4.144633592904499},
{"mapping": [12, 4, 6, 10, 3, 11, 9, 5, 13, 1, 8, 7, 0, 14], "R": [[-0.15839549134538938, 0.21973437052878203, -0.9626150189612526], [-0.43604160981990164, -0.8902713234167882, -0.13147123338354022], [-0.8858772955816858, 0.39891575189510947, 0.2368282923614451]], "T": [0.1423454415581109, -0.09772644845488729, 0.08582102553925819], "aligned_model": [[-0.3593535907838016, 0.28751237311627476, 0.16579256124365757, -0.7342390833699226, 0.24399618585620578, -0.30979183597238386, -0.25764856267556185, 0.6574000476845121, 0.289140451392141, 0.1772548729551327, -0.3529071735488468, -0.08568435346717063, 0.5126126603382872, 0.027103336692348767], [-0.06363091379059735, -0.5011768850427626, 0.2274285082686527, -0.1279281642497298, 0.5662298942145941, -0.6597740397576587, 0.46820428715374385, -0.3535459434436097, -0.6310174602795927, 0.06083450708293378, -0.13528167379665051, 0.6554594044048103, 0.3685919183151064, -0.0634449728980376], [-0.6038866218136523, -0.3677560143159351, -0.5295509121420723, -0.21838832057138446, -0.11040115892250207, 0.14603172388679725, -0.2524412204709499, 0.04828884175639685, 0.6363955990011775, 0.672459597572842, 0.5357012540450847, 0.5184934281995388, 0.43933468171990625, 0.0025341607797743915]], "inverted": false, "swapped": true, "error_lsq": 0.03724635054277476, "error_max": 0.18884991424701728, "target": "326.xyz", "model": "20.xyz", "model_rescale": 4.121658175737393, "target_rescale": 4.144633592904499},
{"mapping": [10, 9, 7, 8, 1, 12, 3, 11, 6, 5, 0, 13, 14], "R": [[-0.5818636601225025, 0.5787990372078334, 0.57133733954305], [-0.8099567632660444, -0.3489022631930635, -0.4714204624094622], [-0.07351681894939448, -0.737060977983534, 0.6718157426449001]], "T": [0.04957440279122423, -0.05676857266383122, -0.1587197695413286], "aligned_model": [[0.08135973110075718, -0.306948463886738, 0.2528514283760658, 0.6226064418077273, 0.5018632009876904, -0.4041158178081688, -0.38058060321108933, 0.44138400384238924, -0.6102022755442021, -0.06767861109610084, 0.08182878498119998, 0.6660108809106401, 0.002704204204124226], [-0.6637077125572594, -0.00606416016390058, 0.5765455551441863, -0.12438126200310728, 0.34973509936896885, -0.6074762287542271, 0.38491254737139696, -0.6651073844064986, -0.09612026138469448, 0.00037008274404529834, 0.633796338385467, -0.11267201296256432, -0.12900369661862957], [0.5430426351306545, 0.5232000615928373, 0.44467362682561207, 0.18207426535673898, -0.1323632358356524, 0.3097322820176738, 0.17227645925578572, -0.13974432569725953, 0.06060718800971776, -0.7200756556958575, -0.19874845992046314, -0.6340736513540919, -0.040491450203906404]], "inverted": false, "swapped": true, "error_lsq": 0.04757243489746881, "error_max": 0.23175236832766985, "target": "326.xyz", "model": "21.xyz", "model_rescale": 4.08911054899281, "target_rescale": 4.144633592904499},
{"mapping": [7, 6, 3, 12, 2, 4, 14, 10, 8, 9, 11, 1, 15, 0, 16], "R": [[0.16409335321378124, 0.27652956174733845, -0.946892165407911], [0.5158910012513768, 0.7941119477484773, 0.32131400416255174], [0.8407912025342021, -0.5412186396669514, -0.012350620152264201]], "T": [0.005804577515314085, -0.13884617463225193, 0.07317058077837962], "aligned_model": [[-0.627032791290371, -0.632650403091927, 0.39647355767014536, -0.1904987117545558, 0.5879744650037396, 0.15707177678125972, 0.3740458580554112, -0.6461142288477626, -0.16012378548948758, -0.007581216695610977, 0.3270502886268902, 0.3125292664185685, 0.7067003772905255, -0.3185785871138238, -0.010601887182304655], [-0.12026651548916067, 0.15902131096561736, -0.21036837809568565, -0.6683311145828466, 0.2542223503194381, 0.32048556438755993, -0.5597069688976314, -0.6070690072244431, 0.09974435166404125, -0.8423668349167851, -0.18718924598796283, 0.4713981530296846, -0.23661694297345373, 0.5415211912040035, -0.11019847408884717], [-0.2508168401482016, 0.3165105226555396, -0.6991901805572782, -0.4023083598924247, -0.09365023976650819, -0.4292483418579313, -0.24162639681760567, 0.1562648535318211, 0.7026976708803687, 0.18464754085837126, 0.7662486216964008, 0.47754689937242467, 0.24836468059230413, -0.10558961666359878, 0.038880821343364874]], "inverted": true, "swapped": false, "error_lsq": 0.04064793413423249, "error_max": 0.2510811238696239, "target": "326.xyz", "model": "22.xyz", "model_rescale": 4.204369325754507, "target_rescale": 4.144633592904499},
{"mapping": [10, 11, 3, 2, 12, 14, 1, 5, 9, 6, 8, 7, 0, 13, 15], "R": [[-0.863714938903309, -0.4993010422203957, -0.068519877064106], [-0.34579404400977104, 0.4882076450734331, 0.8012988047034774], [-0.3666374004962151, 0.7157875135328079, -0.5943275629044126]], "T": [0.13456137519142547, -0.0073319540560112945, 0.05142266109527705], "aligned_model": [[-0.40674022580154706, -0.5612813997109254, 0.2670502664630351, -0.3008551121962803, 0.49861488209303023, -0.1489551090242867, 0.4642575868780487, -0.39915888822003637, -0.36413907401238105, 0.17260036974920356, 0.19040086806319298, 0.1821314076249951, 0.6656940750357065, -0.09982374419560977, 0.1088680756345508], [-0.19652087204777163, 0.17476512313080006, -0.1722597551997136, -0.7337436855476231, 0.2383810210471181, 0.4152723386169287, -0.49840088145735395, -0.49830206024621865, 0.1854347261002972, -0.7247862954987903, -0.4084716184866062, 0.28942703894256727, -0.3548896640718119, 0.6220799646779419, -0.033705940646235714], [-0.48626141623831676, 0.008333346920726965, -0.7736071013821068, -0.14367670301275115, -0.27603609995411826, -0.5323264091982453, -0.24127366706724496, 0.4580596958208957, 0.6020120870216857, 0.25659517004850346, 0.6903601198440114, 0.6880518632452267, 0.3155740406499725, 0.06672291395383362, 0.03620379457497383]], "inverted": false, "swapped": false, "error_lsq": 0.047663819706260546, "error_max": 0.3662891950246822, "target": "326.xyz", "model": "23.xyz", "model_rescale": 4.410303926677745, "target_rescale": 4.144633592904499},
{"mapping": [3, 4, 1, 0, 11, 10, 7, 2, 5, 12, 6, 15, 13, 8, 16], "R": [[-0.5652705427058284, -0.7820685478617173, -0.2623699677831344], [-0.37650495736661616, 0.5276026222081769, -0.7614981878622027], [0.7339708649717785, -0.3316689003879028, -0.5926909058590815]], "T": [0.16591246135413035, -0.02058773186443437, 0.05799181865705247], "aligned_model": [[-0.5510360555334639, -0.4983355104287244, 0.12793007032610448, -0.1799408321387454, 0.6235697624542322, -0.03576659992272399, 0.4738842620346863, -0.6659840489096511, -0.21690558962319995, 0.09296056173930302, 0.4062157956921676, 0.2076303405950637, 0.6919341337468838, -0.29242887728605765, 0.08493656563482163], [-0.1789550923314202, 0.15741163148427395, -0.2502166313719903, -0.6789433462432714, 0.19673528287009562, 0.43028635732470627, -0.5163798683091976, -0.3956067331537059, -0.15115892719458912, -0.7218080909689643, -0.20508861568382014, 0.40714186070052233, -0.39449583932398413, 0.6599835700149473, -0.0546261185000738], [-0.4617731165833501, 0.08922051733260748, -0.767939931582082, -0.07368656029014795, -0.32153682140483886, -0.366062491798536, -0.2602446093448515, 0.04374765980792075, 0.5396592726373948, 0.4441833036791851, 0.7552090166202728, 0.6277472091805685, 0.33670412763942514, 0.10751542521168223, -0.024011365878203378]], "inverted": true, "swapped": false, "error_lsq": 0.04028175569911323, "error_max": 0.27393159701849434, "target": "326.xyz", "model": "24.xyz", "model_rescale": 4.28219845311461, "target_rescale": 4.144633592904499},
{"mapping": [10, 8, 12, 14, 9, 11, 13, 6, 1, 2, 4, 3, 7, 5, 15], "R": [[0.929852536191457, -0.36340370205596245, 0.05755006750940399], [-0.3679323408851148, -0.9185055277589215, 0.1448219182551645], [0.00023123389751392165, -0.1558375590425079, -0.9877826692762726]], "T": [0.06531164897589291, -0.1401570504356472, 0.08069829335945677], "aligned_model": [[-0.595447977925274, -0.5691683775290025, 0.3312347638769317, -0.23488159715349222, 0.48349146756457856, -0.054878425263136854, 0.49953557076447497, -0.7369963052501296, -0.1784065348095884, -0.0039009772641534907, 0.3595515498053004, 0.35483834537689507, 0.827061719758993, -0.25267665704745107, 0.039307413475751306], [-0.1247775534695682, 0.13730064846174167, -0.24261853207220724, -0.6038267310523617, 0.33942011638817404, 0.05249292797099042, -0.5023884233734078, -0.5301406601451809, 0.21906243033853762, -0.8163724873931485, -0.3426950497858753, 0.34508086109943525, -0.09584632731367389, 0.6465247925119472, -0.17693657285187395], [-0.3584656912275987, 0.1296715331720021, -0.6286721613221533, -0.4437433784685222, -0.14734789552612942, -0.41419301099224953, -0.10138541031325793, 0.20880709752450488, 0.5512726343209066, 0.16268804623901378, 0.718702848676125, 0.6105697930082096, 0.2334051865521842, 0.007926072539130372, 0.13949597104488137]], "inverted": false, "swapped": false, "error_lsq": 0.04662503924302741, "error_max": 0.3632415494166433, "target": "326.xyz", "model": "25.xyz", "model_rescale": 4.100010024507729, "target_rescale": 4.144633592904499},
{"mapping": [7, 0, 2, 5, 10, 12, 9, 4, 1, 11, 8, 14], "R": [[0.48725153424848117, 0.5089830494988525, -0.7095929803030396], [0.8072879329693086, 0.04729545426569998, 0.5882595798522472], [0.33297467719729457, -0.8594762331377463, -0.3878510912924028]], "T": [0.09344092019334738, -0.009947444593421582, -0.0991836019252415], "aligned_model": [[-0.6728953749442352, -0.04790704073520366, 0.6914737868253201, 0.624403603160787, -0.39775704319785254, -0.012579002029378283, -0.3833565830965924, 0.6084412582912007, -0.20494203635690106, 0.06670869443474692, -0.4189699177494196, 0.024145257760534986], [-0.4501146623931328, -0.6798629071373932, -0.26653405535393937, -0.22060174485860914, 0.7730892507049072, 0.7011622989440138, 0.18513876912220642, 0.3336353584437084, -0.43531396326975996, 0.530644487230207, 0.09581323405369557, 0.09907532456473564], [0.06042036895376757, 0.004530257236820878, 0.4176107412043832, -0.17558334802180955, -0.012962990596319501, 0.36086397397528625, 0.4746627695714027, -0.01979006880695154, -0.41625771825869007, -0.5798047543630236, -0.5179049648052579, -0.030591976235252047]], "inverted": false, "swapped": true, "error_lsq": 0.05735167894765685, "error_max": 0.35319520048018405, "target": "326.xyz", "model": "26.xyz", "model_rescale": 3.6694154284099745, "target_rescale": 4.144633592904499},
