[{"mapping": [7, 10, 12, 0, 6, 9, 5, 2, 3, 4, 1, 13], "R": [[-0.4300179802923423, 0.05742594807813639, -0.9009921182300218], [0.7961463623067975, -0.44646662944422105, -0.4084342279711264], [-0.4257176369507706, -0.8929556591903338, 0.14626921859710623]], "T": [-0.05971546140907495, -0.01882766220664675, -0.020847782301589464], "aligned_model": [[-0.34137356657544393, 0.1904102356277303, 0.4882015193385925, -0.18255892752654518, -0.06625987766420673, -0.5887978759788538, 0.49325921588972393, -0.2803657151312443, 0.5907312800490513, 0.10779951542471829, -0.5862713650191611, 0.012868024026187572], [-0.37878462160453563, -0.6801475013313215, -0.23394639283611984, 0.7623893544314052, 0.22104698588536545, -0.5687692556023664, -0.34873955570903614, -0.43206108755432737, 0.13634120424301438, 0.3507661751584157, 0.20184398754818758, 0.023615743348375726], [-0.4551697395673646, -0.09317872350800657, -0.5650424108340788, -0.11125469897037801, -0.5628611863744586, 0.06171487814495769, 0.47908122659413127, 0.5138393288649948, 0.08923712090043659, 0.49212063527542504, 0.39421316063482365, -0.06074784580692016]], "inverted": true, "swapped": true, "error_lsq": 0.037598668900106574, "error_max": 0.23221563008636484, "target": "327.xyz", "model": "0.xyz", "model_rescale": 3.751011558992144, "target_rescale": 3.9353630585943375},
{"mapping": [2, 8, 4, 9, 5, 10, 3, 7, 0, 1, 6, 13, 12, 14], "R": [[-0.3428871517317754, 0.580984962107456, -0.7381631763927734], [0.9379844879159902, 0.1689897342714231, -0.30270046273478335], [-0.05112241784431315, -0.7961777085022363, -0.6028992908254907]], "T": [0.06753313073519518, -0.008559684439950324, 0.017845866660331954], "aligned_model": [[-0.7110233329733893, -0.11195717502135227, 0.5095843757606499, 0.2344492758964242, -0.11520982221758733, 0.7545241269636465, -0.5458998971141776, 0.09095080651376544, -0.4592901232240699, 0.1195282218006205, 0.6282183155491299, -0.3682085378036056, 0.011997011334090743, 0.07847127457762461], [0.26819064647259755, 0.5458286829648248, 0.4452614714210493, 0.13447183750702912, 0.4853909435089106, 0.38630199328873854, -0.43778320990976505, -0.6366963271644794, -0.31548715642454755, -0.18678918542945833, -0.4239526565226541, 0.01945923143625861, -0.6079134169145043, -0.036138369192712384], [0.04942416847482746, -0.29973092777774124, -0.4556633995364765, 0.6390307067428472, 0.35355978846078906, 0.22898888617834984, 0.1690840068220949, -0.1932773066890932, -0.43354897660706876, -0.6538804949765814, -0.2592940755071637, 0.5982305123503455, 0.4533524072402621, 0.06392824507071333]], "inverted": true, "swapped": false, "error_lsq": 0.04411706398030448, "error_max": 0.23190502755902812, "target": "327.xyz", "model": "1.xyz", "model_rescale": 3.9405287249114394, "target_rescale": 3.9353630585943375},
{"mapping": [12, 3, 11, 2, 4, 6, 10, 5, 1, 8, 9, 7, 13], "R": [[0.6904940760791223, 0.7224602107935856, 0.03562547851927422], [0.36959667107588356, -0.3947233586399185, 0.8411847424161042], [0.6217847148565687, -0.5676660232602532, -0.5395730297250089]], "T": [-0.04764270915052967, -0.08698526784948367, -0.05709419753691192], "aligned_model": [[-0.35256353602154245, 0.20919510047254222, -0.3451363568718382, 0.4761061178485983, 0.4009828332005728, -0.6066986417253446, 0.09734554533969489, 0.6483743700951354, 0.14164545137363319, -0.6367810048657474, -0.005736064236011799, -0.45769196635715687, -0.07305856896860416], [0.6282296084390837, 0.4693917857580192, 0.4077088115400467, -0.4119601794933065, -0.13972093843985506, 0.0488727770410962, 0.25495297350862806, 0.31534560523366173, -0.7417501748604295, -0.6524882778576121, -0.5405316204710707, -0.1677329277694486, -0.011484849056796004], [0.13816934196474945, -0.3465003831460373, -0.6276558383688267, 0.29704868063379086, -0.5301180249609518, -0.1997835884090427, 0.5488721415865077, 0.07796859936137523, -0.24063054765793176, 0.12522093635479767, 0.5607408043764517, 0.4150024932689014, -0.10521426541513987]], "inverted": false, "swapped": true, "error_lsq": 0.047696368906374104, "error_max": 0.2678889790323334, "target": "327.xyz", "model": "2.xyz", "model_rescale": 3.932901565614263, "target_rescale": 3.9353630585943375},
{"mapping": [11, 10, 6, 9, 12, 5, 3, 0, 1, 2, 4, 8, 7, 13], "R": [[-0.38528449455783115, -0.9225392716660579, -0.021843774563391705], [0.7036072522943997, -0.30900202004401783, 0.6398863853274591], [-0.5970700903344947, 0.23116886434504128, 0.7681590091806401]], "T": [-0.06788741172024763, -0.08607774448576316, 0.04682221631080672], "aligned_model": [[-0.8551108336439414, -0.2691995102314735, 0.3314082790451716, 0.1617053862185262, 0.1902243445826205, 0.5720659929021297, -0.4128501265802825, -0.04070758121261725, -0.37967964629605433, 0.3121840407547943, 0.6620328237628116, -0.45070480899402415, 0.30894666527625675, -0.014180505542148586], [0.3044343240751947, 0.5421716759958015, 0.3101105137688386, 0.2111807216153741, 0.6268988367238613, 0.20076693329723777, -0.44921245691012596, -0.6579771779167083, -0.13680731061628765, -0.2534345857656456, -0.49970352156988146, -0.1417219965138498, -0.43306237511753715, 0.01650090397501544], [0.20647279304142852, -0.23232209217284663, -0.3408504239916913, 0.6782630218141332, 0.13722424098072047, 0.20487112138281643, 0.14591502165049136, -0.30123327351509377, -0.6232380306003105, -0.6754915879797052, -0.19680982366277738, 0.670634113514343, 0.5441553962482268, 0.042613063536370004]], "inverted": false, "swapped": false, "error_lsq": 0.04437099565478057, "error_max": 0.2321150477721484, "target": "327.xyz", "model": "3.xyz", "model_rescale": 3.9243930471874484, "target_rescale": 3.9353630585943375},
{"mapping": [5, 10, 3, 4, 11, 2, 1, 12, 6, 7, 0, 8, 13], "R": [[0.2972951584499755, -0.20264146876702543, -0.9330337742537226], [0.36079106894852225, 0.9286061852123675, -0.08671999395939203], [0.8839940007314454, -0.3108488184331364, 0.3491813551000918]], "T": [-0.04810589813848466, -0.09277697820108492, -0.07072298152239972], "aligned_model": [[0.06493019227835915, -0.33516317985365146, 0.5088334326970414, 0.28900652630048806, 0.7122056423687564, -0.539383135932326, -0.29509648059413157, 0.22839574654214712, 0.16168841083680607, -0.4648835066424987, 0.42647428566622775, -0.5159257081092536, 0.03612366075338799], [-0.5732175018776573, 0.03409766460466139, -0.23203616901436452, -0.641373216104609, 0.18537604682204972, -0.5818344123220006, -0.5137774088003032, 0.4557574878604111, 0.42489194486986087, 0.37934572579846093, -0.07168572321658812, 0.32096329176026617, -0.058678176698600475], [-0.719530819496138, -0.7084058972579973, -0.43086529512116856, 0.044145859162543405, -0.013081463079725825, -0.22822919377011341, 0.4391661952571356, -0.5857896372228293, 0.12768679743063951, -0.10125887525237993, 0.5679418468009032, 0.48612529966706264, -0.0908345017469681]], "inverted": true, "swapped": true, "error_lsq": 0.050765454721923925, "error_max": 0.26987372619985184, "target": "327.xyz", "model": "4.xyz", "model_rescale": 3.8936222436046832, "target_rescale": 3.9353630585943375},
{"mapping": [9, 7, 1, 2, 0, 11, 12, 3, 5, 10, 4, 13], "R": [[0.9413628750501254, 0.3290776598016738, -0.07445690899316079], [-0.2600185572654725, 0.8482153974192826, 0.4614336241090703], [0.21500299382786334, -0.41501630498126507, 0.8840447835063298]], "T": [-0.16746913451410078, -0.0540861633691243, -0.08964277129526682], "aligned_model": [[0.07018257984526188, -0.33584523008066514, -0.182195845127188, 0.4009599852455093, -0.764888193808692, -0.6042077055845574, -0.24055027149373445, 0.019356759191530515, 0.5703470911030821, 0.2798299024536876, 0.013901008585904068, -0.1993420381150417], [-0.5670515069086977, -0.65621595939069, 0.22277834989476736, -0.12061082846224061, 0.4669955628037603, 0.3000071195371713, -0.3959980276708648, 0.2958175239544425, 0.12121097184301419, -0.5441231875583178, 0.5719264623886323, -0.025813575321169884], [-0.6088428959514591, -0.17103725865678096, -0.7387666795539951, -0.5113079345272628, -0.16125462139301563, 0.49571409092330293, 0.6317394465687185, 0.4598483765317302, 0.2094391518394022, 0.16516273383625196, -0.144511096375296, -0.006898593966077685]], "inverted": false, "swapped": true, "error_lsq": 0.04193984520782095, "error_max": 0.3046579029996803, "target": "327.xyz", "model": "5.xyz", "model_rescale": 3.6523030999806103, "target_rescale": 3.9353630585943375},
{"mapping": [9, 1, 8, 7, 6, 2, 0, 10, 4, 3, 11, 12, 13], "R": [[0.004725068629593265, -0.9921328586928342, -0.12510021753950057], [-0.937444054207586, -0.04794358298553081, 0.34481887721143434], [-0.3481038910401467, 0.11564516225287708, -0.9302955860855278]], "T": [0.01983436894761058, -0.07989494447274229, 0.015902185182220537], "aligned_model": [[0.25054964050579664, -0.42102343909626994, 0.39540080071958233, 0.5901104890980664, 0.36995162854988334, -0.2254389121086669, -0.28420844874991735, 0.398224185137103, -0.6171866785603963, -0.18763659575925745, 0.014433272566540561, 0.5685614082027474, 0.029345554159082982], [-0.549217101639669, -0.04596765132310254, 0.20059863700182232, -0.152443800700015, 0.39522087585137744, -0.6811171109085636, 0.6519895950786398, -0.6392696430399661, -0.027486106661776893, -0.05808810562160818, 0.5239749065054148, -0.04735349843585204, -0.030014091943517285], [0.5777631348091166, 0.5661076148625379, 0.7090036207095735, 0.2748571496727939, -0.039270889613191286, 0.30523180572945735, 0.08984094772514567, -0.20559195153644994, -0.12286008730000136, -0.6288902520289251, -0.5263867782347872, -0.5676015170022726, -0.062093058311208475]], "inverted": false, "swapped": true, "error_lsq": 0.054337109500055394, "error_max": 0.38924749624254834, "target": "327.xyz", "model": "6.xyz", "model_rescale": 4.08911054899281, "target_rescale": 3.9353630585943375},
{"mapping": [9, 1, 13, 10, 11, 12, 3, 6, 0, 2, 7, 8, 4, 14], "R": [[-0.5280834188468804, -0.8410364170273105, -0.11741229906979134], [-0.21849316374241823, 0.2681768668121665, -0.9382653705133948], [0.8206026079271374, -0.4698285999603188, -0.32538046426069833]], "T": [0.09165539412092924, -0.03044403014076069, 0.08470060627056573], "aligned_model": [[-0.6291618720714364, -0.23596302367779828, 0.5343774775829988, 0.25136655657325896, 0.07763478727270977, 0.6769017574287743, -0.5241185132959935, 0.01163059032421597, -0.5477323740462919, 0.1741263615332398, 0.6732923390023121, -0.3226939381210968, 0.012645114045067227, -0.03617074250819055], [0.2745066492992647, 0.3677392203867784, 0.4015275313645392, 0.20271103858083267, 0.5338007865858967, 0.3271805641079387, -0.5277093841596727, -0.44318676327522966, -0.35833389818857575, -0.1412554169665149, -0.40055341238301023, -0.07264787305921899, -0.5981778087588749, 0.07454325150713356], [0.12925237139633283, -0.4368953390489665, -0.30682493468085215, 0.747577636359509, 0.24582873025227475, 0.27859042507132675, 0.08365232066336088, -0.18433922995348012, -0.5221994674265913, -0.709691563488858, -0.26744492339403536, 0.6247769340229353, 0.4949264245226431, 0.08299415595050535]], "inverted": true, "swapped": false, "error_lsq": 0.0391951278279112, "error_max": 0.24498241810355026, "target": "327.xyz", "model": "7.xyz", "model_rescale": 3.964800864290218, "target_rescale": 3.9353630585943375},
{"mapping": [4, 2, 1, 9, 12, 8, 6, 3, 0, 1, 5, 11, 10, 13], "R": [[0.1476927190245431, -0.8904349928989432, 0.4304792494048891], [0.9879668757946856, 0.15303244252975787, -0.022417044092944982], [-0.04591637049709017, 0.42861007332356954, 0.902322055568819]], "T": [-0.043209992357700754, -0.010081361738946776, -0.004086707489972516], "aligned_model": [[-0.6746193864382238, -0.38922309076826167, 0.3608439246884356, 0.25449278940988534, -0.026556859240382584, 0.6813676102681117, -0.5362364556219719, -0.15436754847915715, -0.293027254763811, 0.3608439246884356, 0.6282157586529965, -0.4264275967588965, 0.3042580504216621, 0.02657065398294752], [0.2587431773919109, 0.3780877439969842, 0.18893603093096248, 0.12630031317709828, 0.6194706620105606, 0.15514416023339267, -0.29594900871185925, -0.6823618093756665, -0.24029541546866987, 0.18893603093096248, -0.5082436620912395, -0.0165582162846797, -0.5180460474836964, -0.014019474214772884], [0.15131258221815652, -0.41421889207755547, -0.604297004558375, 0.6014129368233414, 0.4131205070196117, 0.19275182041876637, 0.1041279778065862, -0.25237221480943756, -0.6347626919637658, -0.604297004558375, 0.005531314958230352, 0.7309205322878969, 0.540313742813431, 0.03065993386759333]], "inverted": false, "swapped": false, "error_lsq": 0.0493694520734397, "error_max": 0.3665378738491069, "target": "327.xyz", "model": "8.xyz", "model_rescale": 4.121658175737393, "target_rescale": 3.9353630585943375},
{"mapping": [12, 3, 5, 10, 11, 6, 4, 1, 2, 0, 7, 9, 13], "R": [[0.5327927293015876, 0.6321129854187656, -0.5626411656360923], [0.3969270816902396, -0.7738621856400735, -0.4935445364475616], [-0.7473826325412138, 0.03962942469105436, -0.6632109085912421]], "T": [-0.02596396894276287, -0.005752721285505472, 0.034826436684316266], "aligned_model": [[-0.5934938744146931, -0.19180531668373743, 0.3597036101510009, 0.07813556335645899, -0.6829496903490282, -0.5865693925952843, 0.23212458336581865, 0.4199848194897335, 0.6640576909320564, -0.3567817386163488, -0.18307721669032365, 0.4168069812139378, -0.09939852272439303], [0.2989476803129895, -0.3385134350612216, -0.07284043630414885, 0.5401509654188598, -0.44083275987103687, 0.032542334119030764, -0.5939631179845801, -0.26205786694132843, 0.16102678073033305, -0.6111488704975215, 0.5649626220733847, 0.5532115901705268, -0.04109804675357731], [-0.44235733446012193, -0.53178099465479, -0.6802341356261932, -0.4082209774955941, -0.1596996810970592, 0.22354912763319768, -0.08844682844524382, 0.5182207202555592, -0.00250199418078325, 0.43183910729021324, 0.2519330640014352, 0.3188921591314971, -0.010116798393028162]], "inverted": false, "swapped": true, "error_lsq": 0.04986467719479814, "error_max": 0.3380831360088177, "target": "327.xyz", "model": "9.xyz", "model_rescale": 3.833441315466971, "target_rescale": 3.9353630585943375},
{"mapping": [0, 13, 9, 4, 5, 3, 12, 11, 10, 8, 7, 1, 6, 14], "R": [[0.444063000215699, -0.8956204934975309, 0.02592264389816612], [0.7950372273469086, 0.3805204411446659, -0.47235579916373316], [0.41318743806167707, 0.23036520027623075, 0.8810266826434485]], "T": [-0.010344974589404442, -0.05817101724772367, 0.042806178369468366], "aligned_model": [[-0.6488450456887432, -0.3186013359353582, 0.5751671590672435, 0.3770765954024903, -0.12833459357949645, 0.8070100466448701, -0.32363375647663084, 0.08114867777776683, -0.5088028887305429, 0.10250983882116244, 0.5418481017720388, -0.5535712312855318, 0.0386555190408508, 0.07450743321165076], [0.17844494051630233, 0.6380261127028248, 0.185255233358532, 0.1580631421545383, 0.5361377467075048, 0.21108930560434208, -0.5462082192131013, -0.6238108345062221, -0.2402117706989183, -0.05927055544016519, -0.3991441942876633, -0.04309288887535071, -0.3272460570476514, -0.027887475933684604], [0.030416285665406877, -0.19378231110757005, -0.46298955944307435, 0.7054221270930493, 0.34332363936565086, 0.16007295775882552, 0.20617657333806663, -0.3273526925925259, -0.5850114826061183, -0.7284408277722537, -0.10797205527050782, 0.5430929131471599, 0.6644388211944522, 0.012809151475543741]], "inverted": true, "swapped": false, "error_lsq": 0.05433293907092999, "error_max": 0.3641586873169865, "target": "327.xyz", "model": "10.xyz", "model_rescale": 4.2482417240324, "target_rescale": 3.9353630585943375},
{"mapping": [11, 0, 8, 1, 12, 10, 7, 2, 4, 5, 3, 13], "R": [[0.16319004664665016, 0.41817982865686254, -0.8935852726964458], [0.8983040236381503, -0.43748686659375935, -0.04068319890917926], [-0.4079447141353517, -0.7960721527992869, -0.44704612485350426]], "T": [0.039945799223345214, 0.041895870921165715, 0.014175480804964002], "aligned_model": [[-0.6952001308626673, -0.15944232037719427, 0.36175907276000613, 0.6096440783342678, -0.6217460623145196, 0.012436212600832084, 0.11552241799618965, 0.6414563990254346, 0.09313951013693811, 0.008695513692519759, -0.4383903783344814, -0.05110871029431901], [-0.28834148611980864, -0.7282168499393149, -0.25141293657886504, -0.36096989811183555, 0.4479132341098537, 0.7489203348947032, 0.2710579208069344, 0.341103550021349, -0.23915586690333873, 0.5538533132193771, 0.14154233454026866, 0.02983774011131624], [-0.08210036299271833, -0.012930418279888764, 0.7286840911596362, -0.0924815672646366, 0.21405209511176618, 0.0812440202301679, 0.596677663612096, -0.21820022410653192, -0.5740233115249693, -0.6194449592640223, -0.45544363084759765, -0.0008411059789446285]], "inverted": false, "swapped": true, "error_lsq": 0.050851031824419274, "error_max": 0.3738141056843649, "target": "327.xyz", "model": "11.xyz", "model_rescale": 3.6694154284099745, "target_rescale": 3.9353630585943375},
{"mapping": [11, 4, 0, 7, 6, 5, 8, 2, 3, 1, 12, 9, 10, 13], "R": [[-0.8694901840895285, -0.3298362945403589, -0.3676885075384376], [0.38093748774037806, -0.9216291415529089, -0.07406993907448514], [-0.3144414893203621, -0.20446942129407572, 0.9269945013589124]], "T": [0.05319468724969331, 0.004229284679808518, 0.0665959930689134], "aligned_model": [[-0.577333191927047, -0.29984913526744283, 0.4222614664662413, 0.2557621266829303, 0.06849210888304155, 0.7075841189605433, -0.5962856644797947, -0.03661048327204093, -0.4759081774099908, 0.17334890238447168, 0.6333760789905449, -0.415427941734281, 0.16291617537593403, 0.09380813638866019], [0.33568866307307144, 0.3585976757106299, 0.402950401923548, 0.04291951251599212, 0.5589581831402556, 0.38837255172048685, -0.3836523904444073, -0.5774368553961637, -0.21318902009560148, -0.2647386859040313, -0.34201822224409895, -0.20650996042055889, -0.5092530467649182, 0.04945567822708333], [0.2604978315416522, -0.47880455017523105, -0.3976766074236058, 0.7804831110511545, 0.17566785725900025, 0.3288539091155921, 0.048681470154176315, -0.21609306973507747, -0.5768543468648099, -0.7269357892101066, -0.006003710051114497, 0.6835790309790043, 0.4241234432680461, -0.039315039662575296]], "inverted": false, "swapped": false, "error_lsq": 0.03798609551416444, "error_max": 0.2111836828428269, "target": "327.xyz", "model": "12.xyz", "model_rescale": 3.9764082729961374, "target_rescale": 3.9353630585943375},
{"mapping": [14, 8, 2, 4, 7, 0, 13, 12, 10, 1, 9, 6, 5, 15], "R": [[-0.05254678418392511, -0.2513497210443594, -0.9664689095893624], [-0.7832174037812909, 0.6107810801842903, -0.11626250686703002], [0.6195234732324697, 0.7508460493468915, -0.22895605756158344]], "T": [-0.05846389348472465, -0.03137897513060859, 0.025664414364641897], "aligned_model": [[-0.7903745481238771, -0.20878552765770958, 0.44174048721827924, 0.20218570603951164, 0.2847870014092565, 0.6314856380991095, -0.5428448801553788, -0.08551181788006999, -0.34626698663813826, 0.18508811929218227, 0.45179441414002625, -0.4072361929387685, 0.38015475010490174, -0.08008164286755531], [0.1351688258563364, 0.43381795257601674, 0.3906786864887296, 0.21463982609552085, 0.6248482513238205, 0.1509671602444452, -0.40242378989861466, -0.6011668789699212, -0.15175995160680797, -0.1501794406975485, -0.34733988417585804, -0.2251421221399735, -0.4798008475490081, 0.04783669749414985], [0.30021252160118744, -0.4848726179850487, -0.430320696905518, 0.6480792739963359, 0.17592535186138053, 0.15918394208733735, 0.07236935385329475, -0.26038398953332464, -0.7151626228257064, -0.5486973572692224, -0.010450540610367931, 0.6771799795615123, 0.5818616956121245, 0.09527924680211984]], "inverted": false, "swapped": false, "error_lsq": 0.04698918267167152, "error_max": 0.29330385641575496, "target": "327.xyz", "model": "13.xyz", "model_rescale": 4.170626492500431, "target_rescale": 3.9353630585943375},
{"mapping": [10, 9, 3, 5, 11, 6, 8, 0, 7, 1, 2, 12, 4, 13], "R": [[-0.757089523002323, 0.08305350654590077, -0.6480104699852812], [-0.6533110941184805, -0.09664378777773236, 0.7508958600136815], [-0.0002616521140700323, 0.9918478176284922, 0.12742777642165987]], "T": [0.044168362567763436, -0.08440696833370372, -0.01578074944702379], "aligned_model": [[-0.4834900087058399, -0.2771565800311411, 0.541626983824415, 0.17466323252027383, 0.09668875734103952, 0.6829000285426661, -0.5087177906201609, 0.07449776104431347, -0.5730583947089779, -0.036368737078817076, 0.588767571664808, -0.34358951209410593, 0.10695783173244033, 0.07241337661085664], [0.11297020349281893, 0.5488359076871372, 0.2831752300058342, 0.32196072139845106, 0.5997034056762204, 0.25512667161581887, -0.523686699210264, -0.5132243867679419, -0.38575606172064364, 0.010686589939112354, -0.4500060295442964, -0.02155802004809189, -0.5920232421861283, -0.006059805296739565], [0.014995868974768865, -0.4057296944341117, -0.32056239592723323, 0.7873731698075953, 0.15420235393683104, 0.4134371826732927, 0.21423340763683746, -0.42936768802624015, -0.44665156176240417, -0.774256497675586, -0.06756100754942347, 0.6017951256673424, 0.4755911379002468, 0.042704139024189236]], "inverted": false, "swapped": false, "error_lsq": 0.04911866115248242, "error_max": 0.34897637876517645, "target": "327.xyz", "model": "14.xyz", "model_rescale": 3.9786697098870705, "target_rescale": 3.9353630585943375},
{"mapping": [4, 2, 0, 11, 1, 8, 10, 7, 6, 3, 9, 13], "R": [[-0.8695074260988385, -0.23779072123998485, 0.4329115485305757], [-0.40396941725552105, -0.16193563347712953, -0.9003252526351773], [0.2841927970255542, -0.9577225190536813, 0.044744056770297025]], "T": [0.0026423383248502103, -0.06364410121743895, -0.009221498368295254], "aligned_model": [[-0.0416870512295886, -0.6645045387124693, 0.6533629977741331, 0.6601059674727252, -0.11275401512689948, 0.25465710896177624, -0.44771509237906054, 0.00013044564823862237, 0.5354936227763696, 0.06931040446034402, -0.4859993604254416, 0.06295410754720884], [-0.3656750240433195, 0.10169339983328933, -0.01958173811264395, -0.5395149001240926, 0.3471959513267252, 0.7246062636969766, -0.21599104004138642, 0.33406308612352714, 0.014550562095832817, -0.736946428360685, 0.5023793621287509, -0.1321050042985349], [-0.5876760742789736, -0.19065264328436113, -0.4654945376306227, -0.0018833990203349395, -0.5714730575648587, 0.11433541744601736, 0.519084429891633, 0.4800213318505805, 0.2383998045596568, -0.047904462616265686, 0.16406231402523488, 0.009147370496124445]], "inverted": false, "swapped": true, "error_lsq": 0.05269273629705459, "error_max": 0.31990775253615716, "target": "327.xyz", "model": "15.xyz", "model_rescale": 3.769337070930944, "target_rescale": 3.9353630585943375},
{"mapping": [4, 5, 0, 11, 1, 2, 8, 10, 6, 12, 13], "R": [[0.0540307032066972, 0.20148348635223928, 0.9780005561544107], [0.9932956171671661, 0.08939770180036175, -0.07329302715342192], [-0.10219833671586076, 0.975403739812474, -0.1953024432319036]], "T": [0.0550328752880714, 0.02290911244434824, -0.01608535569206198], "aligned_model": [[-0.2902221237607883, -0.32134214605730543, -0.1786019685738238, -0.6048857802331078, 0.4018068269193162, 0.4044898606822929, 0.7257775679411846, 0.13124756283191052, -0.013752939311767375, -0.3055609909169652, -0.02632973882977551], [-0.011494225011073604, -0.6882054616275086, 0.7230515219467274, 0.45772817640016916, 0.1695543984882765, -0.4957274933750453, 0.505718337570222, -0.5453702632067154, 0.49081652416866506, -0.06070526907425563, 0.050698251345880616], [-0.5705336089285791, -0.14727137245211633, -0.3140439450698484, 0.16886068595818435, -0.613141190212222, -0.35407143765879606, 0.11473208681263863, 0.403900872184605, 0.341255339078816, 0.694982558533756, 0.019547618977339122]], "inverted": true, "swapped": true, "error_lsq": 0.046987988440075235, "error_max": 0.2630925246525144, "target": "327.xyz", "model": "16.xyz", "model_rescale": 3.7852294659196426, "target_rescale": 3.9353630585943375},
{"mapping": [0, 9, 7, 8, 1, 2, 5, 10, 6, 11, 4, 12, 13], "R": [[0.36502691213788474, 0.7102466777681871, -0.6019177768884503], [-0.42229303007653607, -0.44987985888745274, -0.7869413633277792], [-0.8297131734303482, 0.5414404577482724, 0.1357139659338067]], "T": [-0.023188187016221374, 0.10968089552329517, -0.011394838162180957], "aligned_model": [[0.1751751643843848, -0.44174777315712876, 0.15901308191812746, 0.019312835900237756, -0.563451720716289, -0.6771352616932627, -0.2986785259166653, 0.001817413899498771, 0.5023442688694623, 0.6052546148828974, -0.320941467025015, 0.6407316345588783, 0.05207158431115691], [0.1066377888686298, -0.4116795902531485, -0.4034336241122536, -0.7083904313674007, -0.11103647314722988, 0.09135341777566601, 0.7596660872505877, 0.16920429786918365, -0.104139188384425, 0.4728989911282375, 0.5625593338393398, 0.2896769217462773, 0.16173809248941], [-0.7822428615475808, 0.36566174535563206, 0.30649201391879133, -0.18189223117095316, -0.40842360324664523, 0.266734686017926, 0.39625229950869006, 0.69639767627256, -0.18302763195318134, -0.37457185887342564, -0.3775117236861219, 0.40024673025203217, -0.028360543704549667]], "inverted": true, "swapped": true, "error_lsq": 0.04470514888352227, "error_max": 0.30258381006818424, "target": "327.xyz", "model": "17.xyz", "model_rescale": 3.901054581598922, "target_rescale": 3.9353630585943375},
{"mapping": [2, 8, 4, 9, 5, 10, 3, 7, 0, 1, 6, 13, 12, 14], "R": [[-0.3428871517317754, 0.580984962107456, -0.7381631763927734], [0.9379844879159902, 0.1689897342714231, -0.30270046273478335], [-0.05112241784431315, -0.7961777085022363, -0.6028992908254907]], "T": [0.06753313073519518, -0.008559684439950324, 0.017845866660331954], "aligned_model": [[-0.7110233329733893, -0.11195717502135227, 0.5095843757606499, 0.2344492758964242, -0.11520982221758733, 0.7545241269636465, -0.5458998971141776, 0.09095080651376544, -0.4592901232240699, 0.1195282218006205, 0.6282183155491299, -0.3682085378036056, 0.011997011334090743, 0.07847127457762461], [0.26819064647259755, 0.5458286829648248, 0.4452614714210493, 0.13447183750702912, 0.4853909435089106, 0.38630199328873854, -0.43778320990976505, -0.6366963271644794, -0.31548715642454755, -0.18678918542945833, -0.4239526565226541, 0.01945923143625861, -0.6079134169145043, -0.036138369192712384], [0.04942416847482746, -0.29973092777774124, -0.4556633995364765, 0.6390307067428472, 0.35355978846078906, 0.22898888617834984, 0.1690840068220949, -0.1932773066890932, -0.43354897660706876, -0.6538804949765814, -0.2592940755071637, 0.5982305123503455, 0.4533524072402621, 0.06392824507071333]], "inverted": true, "swapped": false, "error_lsq": 0.04411706398030448, "error_max": 0.23190502755902812, "target": "327.xyz", "model": "18.xyz", "model_rescale": 3.9405287249114394, "target_rescale": 3.9353630585943375},
{"mapping": [5, 6, 1, 7, 8, 4, 11, 14, 10, 3, 12, 9, 13, 15], "R": [[0.8741029413445731, 0.3794982901069893, -0.3031915166007081], [0.2571404945650908, 0.1680275881230265, 0.9516540840475489], [0.41209563694315743, -0.9098064505351839, 0.04928903100065442]], "T": [0.0973980580321184, -0.012966164632374683, 0.012959030244197624], "aligned_model": [[-0.6257218800510538, -0.15265183519171913, 0.26362931131003176, 0.16452571833267088, -0.07933560447567209, 0.716250088058706, -0.4741387505755489, 0.0643063683093488, -0.4000611477957412, 0.26878609026042, 0.5651227411825437, -0.3661844919581212, 0.10543613334353388, 0.06617177929237111], [0.3793515425075643, 0.6540264644330203, 0.32256616799586635, 0.123963580662139, 0.6556625929550457, 0.19963869363244627, -0.4321197610369494, -0.7525491762411005, -0.3610660634469992, -0.2843403537667232, -0.24020512195846183, -0.04665457221529537, -0.5673440421630799, -0.010785466316184811], [0.13315476465236126, -0.21260546000947672, -0.5304603733237502, 0.7002505775641803, 0.3195091119594733, 0.33928152071987017, 0.14284028727341538, -0.21433124910633874, -0.48630526442235444, -0.7759711230358951, -0.1594797683325144, 0.6236685827285264, 0.39234063710173284, -0.011688703523124955]], "inverted": true, "swapped": false, "error_lsq": 0.04463930982828639, "error_max": 0.28847103715973066, "target": "327.xyz", "model": "19.xyz", "model_rescale": 4.410303926677745, "target_rescale": 3.9353630585943375},
{"mapping": [4, 2, 1, 9, 12, 8, 6, 3, 0, 1, 5, 11, 10, 13], "R": [[0.1476927190245431, -0.8904349928989432, 0.4304792494048891], [0.9879668757946856, 0.15303244252975787, -0.022417044092944982], [-0.04591637049709017, 0.42861007332356954, 0.902322055568819]], "T": [-0.043209992357700754, -0.010081361738946776, -0.004086707489972516], "aligned_model": [[-0.6746193864382238, -0.38922309076826167, 0.3608439246884356, 0.25449278940988534, -0.026556859240382584, 0.6813676102681117, -0.5362364556219719, -0.15436754847915715, -0.293027254763811, 0.3608439246884356, 0.6282157586529965, -0.4264275967588965, 0.3042580504216621, 0.02657065398294752], [0.2587431773919109, 0.3780877439969842, 0.18893603093096248, 0.12630031317709828, 0.6194706620105606, 0.15514416023339267, -0.29594900871185925, -0.6823618093756665, -0.24029541546866987, 0.18893603093096248, -0.5082436620912395, -0.0165582162846797, -0.5180460474836964, -0.014019474214772884], [0.15131258221815652, -0.41421889207755547, -0.604297004558375, 0.6014129368233414, 0.4131205070196117, 0.19275182041876637, 0.1041279778065862, -0.25237221480943756, -0.6347626919637658, -0.604297004558375, 0.005531314958230352, 0.7309205322878969, 0.540313742813431, 0.03065993386759333]], "inverted": false, "swapped": false, "error_lsq": 0.0493694520734397, "error_max": 0.3665378738491069, "target": "327.xyz", "model": "20.xyz", "model_rescale": 4.121658175737393, "target_rescale": 3.9353630585943375},
{"mapping": [9, 1, 8, 7, 6, 2, 0, 10, 4, 3, 11, 12, 13], "R": [[0.004725068629593265, -0.9921328586928342, -0.12510021753950057], [-0.937444054207586, -0.04794358298553081, 0.34481887721143434], [-0.3481038910401467, 0.11564516225287708, -0.9302955860855278]], "T": [0.01983436894761058, -0.07989494447274229, 0.015902185182220537], "aligned_model": [[0.25054964050579664, -0.42102343909626994, 0.39540080071958233, 0.5901104890980664, 0.36995162854988334, -0.2254389121086669, -0.28420844874991735, 0.398224185137103, -0.6171866785603963, -0.18763659575925745, 0.014433272566540561, 0.5685614082027474, 0.029345554159082982], [-0.549217101639669, -0.04596765132310254, 0.20059863700182232, -0.152443800700015, 0.39522087585137744, -0.6811171109085636, 0.6519895950786398, -0.6392696430399661, -0.027486106661776893, -0.05808810562160818, 0.5239749065054148, -0.04735349843585204, -0.030014091943517285], [0.5777631348091166, 0.5661076148625379, 0.7090036207095735, 0.2748571496727939, -0.039270889613191286, 0.30523180572945735, 0.08984094772514567, -0.20559195153644994, -0.12286008730000136, -0.6288902520289251, -0.5263867782347872, -0.5676015170022726, -0.062093058311208475]], "inverted": false, "swapped": true, "error_lsq": 0.054337109500055394, "error_max": 0.38924749624254834, "target": "327.xyz", "model": "21.xyz", "model_rescale": 4.08911054899281, "target_rescale": 3.9353630585943375},
{"mapping": [9, 11, 8, 7, 10, 6, 14, 2, 15, 1, 0, 12, 13, 16], "R": [[-0.37533617361569077, -0.4563687555215867, -0.8067529459253374], [-0.33662407112557596, 0.8780744047062508, -0.34010230010778636], [0.8636011761886243, 0.14391976508958684, -0.4831977956305088]], "T": [-0.014798586121560393, -0.055557695835810564, 0.0045888185026534255], "aligned_model": [[-0.5741052616733405, -0.19865804344184415, 0.31221244912317697, 0.34594575946282935, -0.016069179919077487, 0.6101315990665944, -0.5885142090393461, -0.03952283056154378, -0.4880363971393288, 0.3297049602966502, 0.7162828647648422, -0.36124596721503915, 0.052010001627462374, 0.01599877468973412], [0.32682694090425957, 0.32338388531521817, 0.4048438377970185, 0.014941818108458974, 0.5333360154514277, 0.3298812262295609, -0.3062122360372382, -0.6409010438156387, -0.2401273009739488, -0.15979912736495921, -0.30695196849423906, -0.094666962108819, -0.459487224194541, -0.08492337577527223], [0.2248287872433407, -0.6345449767914902, -0.39772477649107446, 0.6134315926832672, 0.556257189548775, 0.13289793567346034, 0.1454620645202403, -0.4173302567782475, -0.5183710776427737, -0.7028356733861058, 0.05358096097108102, 0.6552916565625023, 0.5233445555804354, 0.025915558552694493]], "inverted": false, "swapped": false, "error_lsq": 0.04844961546655978, "error_max": 0.33922703174665836, "target": "327.xyz", "model": "22.xyz", "model_rescale": 4.204369325754507, "target_rescale": 3.9353630585943375},
{"mapping": [5, 6, 1, 7, 8, 4, 11, 14, 10, 3, 12, 9, 13, 15], "R": [[0.8741029413445731, 0.3794982901069893, -0.3031915166007081], [0.2571404945650908, 0.1680275881230265, 0.9516540840475489], [0.41209563694315743, -0.9098064505351839, 0.04928903100065442]], "T": [0.0973980580321184, -0.012966164632374683, 0.012959030244197624], "aligned_model": [[-0.6257218800510538, -0.15265183519171913, 0.26362931131003176, 0.16452571833267088, -0.07933560447567209, 0.716250088058706, -0.4741387505755489, 0.0643063683093488, -0.4000611477957412, 0.26878609026042, 0.5651227411825437, -0.3661844919581212, 0.10543613334353388, 0.06617177929237111], [0.3793515425075643, 0.6540264644330203, 0.32256616799586635, 0.123963580662139, 0.6556625929550457, 0.19963869363244627, -0.4321197610369494, -0.7525491762411005, -0.3610660634469992, -0.2843403537667232, -0.24020512195846183, -0.04665457221529537, -0.5673440421630799, -0.010785466316184811], [0.13315476465236126, -0.21260546000947672, -0.5304603733237502, 0.7002505775641803, 0.3195091119594733, 0.33928152071987017, 0.14284028727341538, -0.21433124910633874, -0.48630526442235444, -0.7759711230358951, -0.1594797683325144, 0.6236685827285264, 0.39234063710173284, -0.011688703523124955]], "inverted": true, "swapped": false, "error_lsq": 0.04463930982828639, "error_max": 0.28847103715973066, "target": "327.xyz", "model": "23.xyz", "model_rescale": 4.410303926677745, "target_rescale": 3.9353630585943375},
{"mapping": [3, 5, 6, 7, 0, 13, 10, 9, 8, 15, 14, 1, 11, 16], "R": [[-0.02622769975023516, -0.9424083679267641, -0.33343451505119326], [0.8119042518757209, -0.21467507221905496, 0.5428868198380481], [-0.5832011604514665, -0.25647822798311054, 0.77077579426102]], "T": [0.0222182179634617, 0.005837074302485347, 0.012781385816466363], "aligned_model": [[-0.7977488405452746, -0.03214533878095721, 0.6092745303907519, 0.24020906265551512, -0.17903390827273719, 0.6878411534956064, -0.46049267496717816, 0.004992685458744168, -0.4970388711843531, 0.23710374839601897, 0.5734858599268514, -0.3615425400688088, 0.16929053473663322, -0.07806088119904252], [0.268945351763135, 0.44681181383093876, 0.296022645142335, 0.17510621926019446, 0.6582730252142541, 0.1852892206268089, -0.428472182380726, -0.5595202607398275, -0.3448504363178678, -0.17150516645065436, -0.35059169055679, -0.07180114631945253, -0.5045145819947797, 0.040951673963719175], [0.2729333451138771, -0.432401628486462, -0.37329543332115006, 0.6175613829046877, 0.33559824214437345, 0.15036648203804392, 0.059145269184834245, -0.2564663595263069, -0.5192872305471486, -0.6442483922683044, -0.15218076899381355, 0.776348892238455, 0.3572119407391861, 0.06891779902583325]], "inverted": true, "swapped": false, "error_lsq": 0.03539859063707241, "error_max": 0.21101837750209723, "target": "327.xyz", "model": "24.xyz", "model_rescale": 4.28219845311461, "target_rescale": 3.9353630585943375},
{"mapping": [4, 2, 14, 9, 13, 12, 1, 8, 6, 10, 11, 3, 5, 15], "R": [[0.004876912666195443, 0.04726396323339224, -0.9988705288986752], [-0.8831755840122922, -0.46829499041282535, -0.026470545117143807], [-0.46901716762544343, 0.8823071572495176, 0.039458544561126574]], "T": [-0.03781825061279192, 0.05747986713159622, 0.0903546404285989], "aligned_model": [[-0.680438736165441, -0.2513542437974969, 0.36668284438800164, 0.305888209731378, 0.1021722179110611, 0.6560644209316047, -0.44754077493436906, -0.07759203119682927, -0.2935825228015745, 0.34883968649145763, 0.47497910955919814, -0.44428974369288127, 0.16051177287081353, -0.10420568925315307], [0.33853498450003877, 0.512208280088874, 0.26179250004640847, -0.007352396844932378, 0.6309768360340992, 0.37815774553794945, -0.4179745475315132, -0.5698441264012376, -0.18577793411072036, -0.3418209152603206, -0.11672474091301585, -0.17053358627384527, -0.7338221769738803, 0.062324563143382576], [0.2969835483161463, -0.37483830282387204, -0.5218380065945464, 0.6687457974704654, 0.15684037062026007, 0.10095825604948531, 0.21663983943301907, -0.20431247759595084, -0.7388663278105779, -0.47600155816321293, 0.03406349383114558, 0.7090921738296301, 0.3348683572087188, 0.05786837647539411]], "inverted": true, "swapped": false, "error_lsq": 0.05030529372202245, "error_max": 0.3274121857069906, "target": "327.xyz", "model": "25.xyz", "model_rescale": 4.100010024507729, "target_rescale": 3.9353630585943375},
{"mapping": [11, 0, 8, 1, 12, 10, 7, 2, 4, 5, 3, 13], "R": [[0.16319004664665016, 0.41817982865686254, -0.8935852726964458], [0.8983040236381503, -0.43748686659375935, -0.04068319890917926], [-0.4079447141353517, -0.7960721527992869, -0.44704612485350426]], "T": [0.039945799223345214, 0.041895870921165715, 0.014175480804964002], "aligned_model": [[-0.6952001308626673, -0.15944232037719427, 0.36175907276000613, 0.6096440783342678, -0.6217460623145196, 0.012436212600832084, 0.11552241799618965, 0.6414563990254346, 0.09313951013693811, 0.008695513692519759, -0.4383903783344814, -0.05110871029431901], [-0.28834148611980864, -0.7282168499393149, -0.25141293657886504, -0.36096989811183555, 0.4479132341098537, 0.7489203348947032, 0.2710579208069344, 0.341103550021349, -0.23915586690333873, 0.5538533132193771, 0.14154233454026866, 0.02983774011131624], [-0.08210036299271833, -0.012930418279888764, 0.7286840911596362, -0.0924815672646366, 0.21405209511176618, 0.0812440202301679, 0.596677663612096, -0.21820022410653192, -0.5740233115249693, -0.6194449592640223, -0.45544363084759765, -0.0008411059789446285]], "inverted": false, "swapped": true, "error_lsq": 0.050851031824419274, "error_max": 0.3738141056843649, "target": "327.xyz", "model": "26.xyz", "model_rescale": 3.6694154284099745, "target_rescale": 3.9353630585943375},
{"mapping": [4, 0, 6, 11, 2, 12, 8, 7, 5, 1, 3, 10, 9, 13], "R": [[-0.8212211987421042, 0.5658494502621227, -0.0735536700283185], [0.5679511669707533, 0.7981459140612598, -0.20098400882626383], [-0.05502012970850644, -0.20682722138386328, -0.9768291999226321]], "T": [-0.0438823156079399, -0.07227844594418967, 0.0335640436941086], "aligned_model": [[-0.7763610195483138, -0.3344849814881088, 0.47866533787625887, 0.2942775572761438, 0.03503932848757635, 0.6721843735230484, -0.5215221665240592, 0.06750543380412843, -0.4339549062996514, 0.15758384840736006, 0.6306706313836565, -0.31506363044798824, 0.20054361243975455, -0.03894889884803579], [0.265965760757087, 0.37429070252346297, 0.2483202958937429, 0.2920158342140542, 0.5916992367981486, 0.12100780940347836, -0.45983839833173357, -0.6181697887131522, -0.23837267316365027, 0.07949633897635502, -0.49304597184339305, -0.0011602220613314007, -0.5060518858020322, -0.016012553609748854], [0.1903963585905621, -0.3576640602981226, -0.27522525076812454, 0.7329302189272257, 0.15617993628825066, 0.31573727695359055, 0.20681140601815992, -0.259222458537905, -0.6344438764659571, -0.812617055784621, -0.1105339479197868, 0.5658173786822577, 0.4993538074741542, 0.04268380708642097]], "inverted": true, "swapped": false, "error_lsq": 0.041176204179379075, "error_max": 0.25763283027839307, "target": "327.xyz", "model": "27.xyz", "model_rescale": 4.103607728864725, "target_rescale": 3.9353630585943375},
