[{"mapping": [0, 2, 5, 6, 4, 10, 1, 8, 3, 9, 10, 11], "R": [[-0.40142561960780715, 0.44668852748643106, -0.7995791588920339], [0.6461181151477852, -0.4806367243453592, -0.5928909853324108], [-0.6491447089827983, -0.7546242102017185, -0.09567365456106969]], "T": [0.0898922259723075, 0.0965845982388167, 0.04001033523103238], "aligned_model": [[-0.2478907697718753, -0.05342503050483066, 0.09229451092577096, 0.7985009696716299, -0.6881646994426623, 0.07702041652176878, 0.45207795693321523, 0.2538729546200815, -0.29423695597002053, 0.3472881600761144, 0.07702041652176878, 0.06682178516823539], [-0.17473812450898973, -0.6959884723441174, 0.22497218349984655, 0.03866169624230674, -0.0366385647456864, 0.7458195684294513, -0.3815829319968961, -0.231441986774356, 0.4776149069431104, 0.45470930187295067, 0.7458195684294513, 0.07992761229939728], [-0.4016660416653369, 0.03381861745414656, -0.7798659905082543, 0.18027106826821393, 0.21097078797301944, -0.16021357934437397, -0.3368953145482548, 0.5582886107239869, 0.4657957156939528, 0.45816156885561177, -0.16021357934437397, -0.02341328393897503]], "inverted": true, "swapped": false, "error_lsq": 0.05656356683351466, "error_max": 0.33169181060769615, "target": "329.xyz", "model": "0.xyz", "model_rescale": 3.751011558992144, "target_rescale": 3.848023216200679},
{"mapping": [11, 10, 12, 13, 1, 7, 9, 8, 0, 2, 3, 14], "R": [[-0.49118846100961794, 0.8465517827087076, 0.20514379094603993], [0.3363011678646706, 0.4015578572455637, -0.8518525763165892], [-0.8035144182053374, -0.3494300594926844, -0.4819369390896254]], "T": [0.014719744477776603, -0.013581300596386944, 0.07120046635350634], "aligned_model": [[-0.15520001482349827, -0.021760513134969045, 0.15182587749793708, 0.6954684919914398, -0.59838182922339, -0.3988492401911906, 0.4640193350056371, 0.0712346620780629, -0.18251597306840386, 0.54036681051634, 0.2806892819140028, 0.034282826187228166], [-0.25526322771780335, -0.817094577939078, 0.335230475436487, 0.19132160302128215, 0.18054176677302441, 0.4089677241002911, -0.3396884120462197, -0.1788827357569454, 0.6563871114192706, 0.38481780342372085, 0.6930063920825322, -0.012209165450093158], [-0.6700472050954845, -0.08845338442177604, -0.5702879257988859, -0.07745396899305813, 0.3397302495733205, -0.22894956353989532, -0.28372720395079265, 0.7114346045891718, 0.3674181517214578, 0.5699102194856602, -0.04455758832700475, 0.020022194376649628]], "inverted": false, "swapped": false, "error_lsq": 0.05604155955354115, "error_max": 0.3628015634672071, "target": "329.xyz", "model": "1.xyz", "model_rescale": 3.9405287249114394, "target_rescale": 3.848023216200679},
{"mapping": [1, 0, 2, 9, 7, 4, 5, 6, 3, 10, 8, 12], "R": [[-0.8559351409641784, -0.4962140368038992, 0.1454189263521451], [0.4378517077522599, -0.8451318441515203, -0.3066562375355828], [0.27506529494114945, -0.19880592465977678, 0.9406462075823777]], "T": [0.05766671560672275, 0.06226118606726871, 0.028748414631313373], "aligned_model": [[-0.4976524626126051, 0.01513907646873526, 0.23425485237711202, 0.7906757499963387, -0.6468403875777547, -0.3319975988524825, 0.6044686542081956, -0.07709159052560106, -0.12416463934582796, 0.5056072968017569, 0.34392076181599346, 0.06486000199533559], [-0.1484836088810175, -0.762001361204974, -0.10604904231840709, 0.39744962364214, 0.09032879254144041, 0.5980329883949379, -0.32875397030010334, -0.3103618802748249, 0.40328761276191694, 0.5632349043010126, 0.776501761560681, 0.07394893712366651], [-0.49511566512819927, -0.11860368528416677, -0.6073788717621683, 0.05572199261753004, 0.39177982399635425, -0.20104718965738652, -0.2472788807751726, 0.4006999474250179, 0.44998233209391564, 0.5385147225313969, -0.0640351585776457, -0.058200787860112776]], "inverted": false, "swapped": false, "error_lsq": 0.06204394407097388, "error_max": 0.3742263899422121, "target": "329.xyz", "model": "2.xyz", "model_rescale": 3.932901565614263, "target_rescale": 3.848023216200679},
{"mapping": [9, 8, 7, 0, 12, 5, 3, 1, 6, 2, 4, 13], "R": [[0.3786881511513118, -0.3770671258764994, 0.8452311321531156], [0.18390217804335834, 0.9256915545456332, 0.33056789734303926], [-0.9070696076313607, 0.03025770027819949, 0.41989188904450686]], "T": [0.08377449030876645, -0.06471980897172545, 0.04270979916887603], "aligned_model": [[-0.4451314723705559, -0.004178322014378386, 0.16807205980627726, 0.7240634097401777, -0.6526204762187713, -0.35174878370649604, 0.44924647406927964, 0.4129928599838842, -0.22523906914558062, 0.4113395994035414, 0.4138131334883846, -0.01942969828656653], [-0.09316849584115054, -0.6418735329253807, 0.12745202864151178, 0.11664415335056917, 0.10435357821441817, 0.45941449641598564, -0.40180448269301217, -0.11258539622212495, 0.4245380244150116, 0.557388112869654, 0.7255600672517662, -0.018783796130779892], [-0.46644842206152887, -0.4021998627432772, -0.6397170847918208, 0.12073250078270202, 0.15346382021482258, -0.1862058913406106, -0.0734350668803294, 0.7045955684204784, 0.40579333394404205, 0.4897922144618823, -0.12979705803429348, 0.06846452764729541]], "inverted": true, "swapped": false, "error_lsq": 0.05345163854857298, "error_max": 0.3110916401718904, "target": "329.xyz", "model": "3.xyz", "model_rescale": 3.9243930471874484, "target_rescale": 3.848023216200679},
{"mapping": [3, 6, 0, 1, 10, 4, 5, 11, 8, 9, 7, 12], "R": [[0.7311099006992907, -0.06833979878896393, 0.6788283914222775], [-0.513829204246951, -0.7097186467412361, 0.48195330824752447], [0.4488405752184377, -0.7011626875192889, -0.5539973137735503]], "T": [0.024781455793986634, 0.12492923264077527, 0.05031593257907753], "aligned_model": [[-0.3378840364556217, -0.09638409354825922, 0.40330624748130917, 0.6816133265984798, -0.5993490651121934, -0.33783904747556825, 0.540466874177953, 0.09433796916530854, -0.13230741738985297, 0.368469794831085, 0.1861605095029418, 0.11058865297361413], [-0.10270610482770001, -0.5762392108325026, 0.0033115090246630396, 0.3520390907371614, 0.019297311633984876, 0.5225793296491481, -0.36769145206498055, -0.3856302822015607, 0.6104658894585011, 0.2557670469529223, 0.8450778478510133, 0.07086378196581855], [-0.4689231878959079, -0.07296520250071754, -0.7015154745469453, -0.11446666915239577, 0.3608488771384393, -0.20017965699854878, -0.20466741989921372, 0.6508365022843136, 0.4189805630012602, 0.6523517983983947, -0.26315102253254985, -0.01211052767676641]], "inverted": true, "swapped": false, "error_lsq": 0.06337368964256965, "error_max": 0.3597143619035702, "target": "329.xyz", "model": "4.xyz", "model_rescale": 3.8936222436046832, "target_rescale": 3.848023216200679},
{"mapping": [1, 6, 4, 7, 0, 2, 6, 9, 3, 8, 10, 11], "R": [[-0.22340656345048887, -0.5904970025283763, -0.7755016424303983], [-0.27455034698553693, -0.7252757492467076, 0.6313455428881621], [-0.9352601853908697, 0.3539609831035472, -8.979424489974352e-05]], "T": [0.12261447005276598, 0.15344036027447855, 0.022080614522365944], "aligned_model": [[-0.4642459311295382, 0.40178703240802377, 0.10064776110050631, 0.7554568288332825, -0.7132806638337648, -0.38319008834357443, 0.40178703240802377, -0.017331093066650025, -0.14219292671284772, 0.47163377809421686, 0.35694598007734396, 0.1131620049141745], [-0.2970435265216093, -0.584878959284471, 0.4127299922045624, 0.09378650863203147, 0.1503099983071472, 0.613322534788864, -0.584878959284471, -0.21729861735764605, 0.4986210658363052, 0.3442594765413687, 0.7271171019875478, 0.0910881414968389], [-0.28738328389275225, -0.08541771524012311, -0.7281933017097119, -0.10321700838161459, 0.31188716199117866, -0.27763358132682253, -0.08541771524012311, 0.4964262623876479, 0.397592738757053, 0.6446851549910441, -0.10222199571628487, -0.13606813700012868]], "inverted": true, "swapped": false, "error_lsq": 0.059637676937601185, "error_max": 0.42890489379336266, "target": "329.xyz", "model": "5.xyz", "model_rescale": 3.6523030999806103, "target_rescale": 3.848023216200679},
{"mapping": [1, 6, 5, 9, 2, 3, 8, 10, 4, 11, 7, 12], "R": [[0.3601220475947369, 0.3322324336066008, 0.8717417742061063], [-0.7879949083544282, 0.608523920745516, 0.09360909297713343], [-0.4993757455500524, -0.7206387777106786, 0.4809403464214546]], "T": [0.07422836840359552, 0.06910465306344138, -0.0486719363559989], "aligned_model": [[-0.47416463596137043, -0.021586504124521663, 0.24326835824959675, 0.7564441186450203, -0.6246319965545157, -0.29187809731796294, 0.4767616037620564, 0.20402006243284393, -0.19061875813287782, 0.3837877399575957, 0.3522459599438095, 0.06753186384952217], [-0.11228457155060387, -0.5697220732569861, 0.16700720143811376, 0.023750114007130493, -0.06343364306178961, 0.6519630530066703, -0.35736130310989855, -0.2722057589771913, 0.26479382034102783, 0.6823303584186758, 0.680759974035636, 0.15153758605568374], [-0.43433750125766935, 0.024433371339515807, -0.7011626281220601, 0.1862482864647735, 0.21635527839741917, -0.14292077889779364, -0.38002806701227604, 0.6407730291493451, 0.4211081731659939, 0.5015064282819124, -0.1727769194056907, -0.11416009248410758]], "inverted": true, "swapped": false, "error_lsq": 0.056885786768500333, "error_max": 0.3758532089204587, "target": "329.xyz", "model": "6.xyz", "model_rescale": 4.08911054899281, "target_rescale": 3.848023216200679},
{"mapping": [1, 0, 9, 4, 13, 11, 3, 7, 12, 5, 10, 14], "R": [[-0.7813447578779693, 0.2784501666344672, -0.5585390532790478], [-0.36183306130016324, 0.5270788603960209, 0.7689373906071834], [0.5085048722350355, 0.80290309479094, -0.3110778283458351]], "T": [0.08598743110603978, 0.10003666150380532, 0.028798710171650376], "aligned_model": [[-0.44833037001669407, 0.13606933518238717, 0.05352523180614771, 0.7842492158318494, -0.5855225935981543, -0.2496422983904043, 0.6182432709006886, 0.02098689470064903, -0.21754624776524684, 0.4748739712836349, 0.25888503205877944, 0.03538827275555936], [-0.2271994832695507, -0.7655809082841776, 0.04136477758138905, 0.11453684408798771, 0.15694401782049755, 0.5060119359117334, -0.3608565377602736, -0.16607037922258372, 0.6337678034121855, 0.40832491402108195, 0.7983865995725077, 0.10750517347567073], [-0.352471603139828, -0.3356930028511872, -0.7522653867892833, 0.12403375833569215, 0.3146839351666492, -0.23017585268097385, -0.3327709458317103, 0.7528504608637581, 0.39073833491483334, 0.6069222625476728, -0.01229486701761211, -0.1285185138986485]], "inverted": false, "swapped": false, "error_lsq": 0.04618862434809239, "error_max": 0.26534059370965685, "target": "329.xyz", "model": "7.xyz", "model_rescale": 3.964800864290218, "target_rescale": 3.848023216200679},
{"mapping": [10, 5, 9, 7, 6, 11, 8, 0, 4, 2, 12, 13], "R": [[-0.8274762861769739, 0.5421163836272744, 0.1462628538544521], [-0.5564521319883129, -0.8265788163977544, -0.0844303564374149], [0.07512669712175761, -0.1512523946434351, 0.9856361866805634]], "T": [0.07063199625734257, 0.028090055466491, 0.12836090431019942], "aligned_model": [[-0.33487342559725947, 0.06309165521533598, 0.0889957820936944, 0.7607417350226777, -0.4510341512731659, -0.43755232116307746, 0.5060461165434873, 0.019116827665959554, -0.1357448342229012, 0.33451658602381623, 0.3763100470595977, 0.09156569738103132], [-0.30858098152437385, -0.7185502036575849, 0.18140765839361267, 0.2004673426697164, 0.18356733337093795, 0.5579676375831705, -0.22820244772734033, -0.22826689882409218, 0.6621829605543199, 0.3374446834057795, 0.6112824607413758, -0.0035847876390528305], [-0.5019977068828648, -0.24786002769715698, -0.5424693356097465, 0.09856519523304283, 0.32885297336690744, -0.25649201823528894, -0.45110978353290754, 0.7952841921886483, 0.35292311522746106, 0.6511164544580829, -0.24193962900834465, 0.06016515011152922]], "inverted": true, "swapped": false, "error_lsq": 0.056335148133885356, "error_max": 0.29190968338755025, "target": "329.xyz", "model": "8.xyz", "model_rescale": 4.121658175737393, "target_rescale": 3.848023216200679},
{"mapping": [3, 10, 0, 5, 8, 1, 10, 7, 6, 9, 4, 12], "R": [[-0.8211998059862343, -0.009628660267060218, 0.5705595214783754], [-0.2718331248839867, -0.8725218806238372, -0.40597083645066134], [0.5017346219506664, -0.4884801497851312, 0.7138974102781981]], "T": [-0.025560836265035927, 0.06482683802153257, 0.06414575577973376], "aligned_model": [[-0.37239307850774794, 0.2994800129277108, 0.2186574521117322, 0.580927704223623, -0.6338991094093834, -0.18859345234535496, 0.2994800129277108, 0.15402866045124763, -0.28020215650383234, 0.3834476760792692, 0.46239213278743235, -0.04214613999321113], [-0.4411508028054496, -0.5213853271135103, 0.23898053504297834, -0.02407756618685261, 0.04316900700082353, 0.6264344065352082, -0.5213853271135103, -0.1907214079018575, 0.5846611129351645, 0.5425549065305297, 0.7711616688267696, 0.1388935515961749], [-0.43221904373175074, -0.2924837079485291, -0.6630764664868595, -0.013220667454540216, 0.46415678251591164, -0.30047599452555895, -0.2924837079485291, 0.6621872401166281, 0.44508167525443293, 0.6097442770602708, -0.16195361286808613, 0.019781805635972927]], "inverted": false, "swapped": false, "error_lsq": 0.04973388092497799, "error_max": 0.36503826340294077, "target": "329.xyz", "model": "9.xyz", "model_rescale": 3.833441315466971, "target_rescale": 3.848023216200679},
{"mapping": [4, 3, 6, 11, 13, 1, 7, 8, 0, 10, 12, 14], "R": [[-0.7678619927760403, -0.631912311853599, 0.10523682899939643], [-0.5768387119435177, 0.7534787642905669, 0.31547876658581], [-0.27864863260628403, 0.1815394775000753, -0.9430791894934635]], "T": [0.04446381696063617, 0.08017277527821257, -0.0023215368952230063], "aligned_model": [[-0.307320014295634, -0.055333349882650484, 0.06788024628319869, 0.7117421440492713, -0.5651851261766454, -0.2779788668020168, 0.5331017112531444, 0.3566092969571983, -0.3094451159518221, 0.32728859842270186, 0.35220729282489305, 0.047612898067557356], [-0.2054791499071403, -0.7354973850498744, 0.25382275384999253, 0.09835302041153113, 0.09077975274913469, 0.6832764268765327, -0.35211422632160994, -0.1880303203310106, 0.5908100374194323, 0.4647348135350534, 0.5607216149614657, -0.014242580847039027], [-0.6584950610447428, -0.2834701893693873, -0.6584670419661007, 0.13819961428229743, 0.51139258552617, -0.2814373444564125, -0.13750634850893442, 0.6596389311087855, 0.27664264614867745, 0.6669140906998334, -0.19567826176621736, 0.007304958965393911]], "inverted": true, "swapped": false, "error_lsq": 0.0520039999254611, "error_max": 0.30999038590241074, "target": "329.xyz", "model": "10.xyz", "model_rescale": 4.2482417240324, "target_rescale": 3.848023216200679},
{"mapping": [2, 3, 5, 9, 1, 6, 7, 8, 0, 10, 4, 11], "R": [[-0.10673077270738923, -0.7259802699793736, 0.6793829477974547], [0.8820153637739259, -0.3845422963461074, -0.27235293350285716], [0.45897433503849955, 0.57015775880149, 0.6813682483462442]], "T": [0.00961111891655124, 0.08339213218789533, 0.00600108054160573], "aligned_model": [[-0.4769043095063174, -0.06209334662555742, 0.3408503886801812, 0.8246292328592597, -0.5735386125361471, -0.3019542091258724, 0.4675123049444893, 0.13594027206330683, -0.2756429601705998, 0.35907207351360665, 0.32975085040782853, 0.1135580302450179], [-0.2382399353061211, -0.7242032422664434, 0.31771982838044743, 0.17584211627379803, -0.06172758371846267, 0.5111651832007315, -0.33816952746970974, -0.28092519810546823, 0.5714187566921514, 0.2997456181797383, 0.8637103568994741, 0.1507983845863331], [-0.4496444367749968, 0.03283030403059654, -0.6261043278240228, 0.08668178781845162, 0.3775158346498446, -0.3687246876302171, -0.26077320164519896, 0.4836742500497475, 0.5102823513349749, 0.5020560904404924, -0.22735187259142994, -0.01540351223887909]], "inverted": true, "swapped": false, "error_lsq": 0.052967816113465925, "error_max": 0.3261130896354777, "target": "329.xyz", "model": "11.xyz", "model_rescale": 3.6694154284099745, "target_rescale": 3.848023216200679},
{"mapping": [10, 7, 12, 0, 8, 2, 5, 11, 3, 4, 1, 13], "R": [[-0.08592415835296985, -0.824514882068087, -0.5592783280796625], [0.2275614982930655, 0.530273832580058, -0.8167162463031281], [0.969965362013484, -0.1974458703774417, 0.14206450916729896]], "T": [0.09275512399332739, -0.028032072790188392, 0.010532330182595114], "aligned_model": [[-0.3567277503113153, 0.003898609451410101, 0.17050793970728345, 0.7529326864222855, -0.5582951336908054, -0.312644240528015, 0.6647591416772479, -0.0633317395856304, -0.15884433580708393, 0.3462095139036897, 0.20857577696029542, 0.18413924654983407], [-0.195639898191373, -0.7248889089037559, 0.11620955590462932, 0.24410126708327196, 0.1682973767837178, 0.44203507611692494, -0.4524075956454534, -0.27724320211611947, 0.6875260434214989, 0.38760245722377573, 0.7987181044556038, 0.05282448121374783], [-0.4058827870736893, -0.23166673722848033, -0.6489503098212998, -0.01856914435277956, 0.34247533810793346, -0.19195669212811314, -0.35999109934846113, 0.6877024365408516, 0.41786903949694537, 0.567925781386975, -0.12926471868439057, 0.01534747272387081]], "inverted": false, "swapped": false, "error_lsq": 0.05180252206331847, "error_max": 0.2529189481494172, "target": "329.xyz", "model": "12.xyz", "model_rescale": 3.9764082729961374, "target_rescale": 3.848023216200679},
{"mapping": [4, 5, 7, 1, 14, 3, 9, 12, 11, 10, 8, 15], "R": [[0.3316228385700417, 0.833082343115826, 0.44271898821644573], [0.8873003793786004, -0.11599595708005761, -0.4463664130461356], [-0.32050636451299974, 0.5408500231392496, -0.7776611876498231]], "T": [0.06839989713011528, -0.009886811616072966, 0.006951173416737132], "aligned_model": [[-0.26368882212452893, 0.038378947831223906, 0.053805973527630266, 0.6703854982456255, -0.6440032334121687, -0.34670888533026323, 0.49125517747702113, 0.37199832083286016, -0.17285805899139256, 0.444275700787774, 0.2505384351271271, -0.012199339221712291], [-0.2936883241541599, -0.8257172089852801, 0.23164460458695382, 0.12889117886293075, 0.25690513917933294, 0.6752166549705495, -0.4262650684631618, -0.24390130864450127, 0.6132317011605267, 0.4417273656212888, 0.6727953239981347, 0.016294699213854003], [-0.5631694329501369, -0.18368830614170392, -0.7089282097923585, 0.15418087038444467, 0.25212840351652527, -0.251431074636155, -0.08959770345576472, 0.5171263857252227, 0.43597636660772177, 0.5555028246777605, -0.013627731755417639, -0.05943381256077561]], "inverted": true, "swapped": false, "error_lsq": 0.044913951780342215, "error_max": 0.25259711388959766, "target": "329.xyz", "model": "13.xyz", "model_rescale": 4.170626492500431, "target_rescale": 3.848023216200679},
{"mapping": [6, 5, 11, 10, 2, 3, 12, 8, 0, 7, 9, 13], "R": [[0.5076543572992308, -0.02345018661478185, 0.8612416282686509], [-0.12696002450624552, -0.9907525591090317, 0.047859364770946385], [0.8521550361832516, -0.13363927329433095, -0.5059370899043524]], "T": [-0.0027202125237805186, 0.14204710377826324, 0.09780987892869353], "aligned_model": [[-0.4611230779898115, 0.07234436899509111, 0.1794363116458178, 0.5608783397675836, -0.6375100936558211, -0.38219131998941214, 0.4367440476533595, 0.39988856273605894, -0.20314699795954302, 0.44734754019295075, 0.46799531869363425, 0.0005167146592879868], [-0.21520092739740432, -0.5572902619423108, 0.121980791353199, 0.16342032114531166, 0.10478806211364886, 0.510028914378899, -0.4408922906741438, -0.16735736922906497, 0.4533740130502941, 0.5087354385491909, 0.6642834406622732, 0.10126462533657546], [-0.5102443326213365, -0.4788289906115343, -0.5848877078103075, 0.08270483310656293, 0.26688305203119583, -0.3449820248994688, 0.04528419370143644, 0.6397797479913133, 0.5655310199634922, 0.6638562427508131, -0.304685506849276, 0.004628052866471541]], "inverted": false, "swapped": false, "error_lsq": 0.0589245348034135, "error_max": 0.33623977885937356, "target": "329.xyz", "model": "14.xyz", "model_rescale": 3.9786697098870705, "target_rescale": 3.848023216200679},
{"mapping": [1, 6, 0, 8, 10, 4, 9, 7, 5, 5, 2, 11], "R": [[0.8001011299147214, -0.5288274434722819, 0.2831602319178253], [0.557975878794237, 0.48279458789466423, -0.6749609652294125], [0.22022965420892998, 0.6980336101723125, 0.6813574527931894]], "T": [0.1107135537894507, 0.03158319311616216, -0.07023239697003876], "aligned_model": [[-0.43387131388589395, 0.027258361186809563, 0.1440450129926249, 0.5246416482813798, -0.6550724315252573, -0.2540796394038523, 0.5674719883511119, 0.03268356990642489, 0.19289906426504272, 0.19289906426504272, 0.4176070422508471, 0.12469734806491593], [-0.2357664068683336, -0.754503368663738, 0.20976408441868383, 0.2368097625549473, -0.0025364310005595303, 0.5233549594120901, -0.3283693662735123, -0.2675691451631412, 0.5546509731013765, 0.5546509731013765, 0.8201477341216491, -0.06349901139437027], [-0.37457366065194453, -0.11981907885769123, -0.7417576532938568, 0.1722005088176506, 0.2533856872629077, -0.06914328487096895, -0.2920885564401513, 0.5139723663689264, 0.5333446297126816, 0.5333446297126816, -0.26473115705820305, -0.09909585108266984]], "inverted": false, "swapped": false, "error_lsq": 0.059860313509198855, "error_max": 0.4278486771567882, "target": "329.xyz", "model": "15.xyz", "model_rescale": 3.769337070930944, "target_rescale": 3.848023216200679},
{"mapping": [3, 7, 2, 6, 10, 8, 5, 4, 0, 1, 11], "R": [[-0.6726221080182632, 0.7378355929993017, -0.056374972358633924], [0.18421556576134496, 0.09317363753965235, -0.9784596560915821], [-0.7166896993373741, -0.6685187439189706, -0.19859144969687442]], "T": [-0.034972208068755346, -0.005913668579610017, 0.04041134165271126], "aligned_model": [[-0.4203273911874186, -0.3897142931820197, 0.08618373739389246, -0.6269206668228171, 0.3561407909908908, 0.48066618281968243, 0.608801409459298, 0.45922994545517565, -0.005671444141044788, -0.664937765280392, 0.039175625185923664], [0.04496433334023656, -0.6296574317611122, 0.6741848271284032, 0.24782570317744407, 0.3403142710011336, -0.3730503429083801, 0.22401159946860483, -0.41416392154078935, 0.26219786369578296, 0.17935497805236286, 0.040082617971655514], [-0.535323204188805, -0.012541379888929005, -0.117986526697235, -0.0025789652142569758, -0.6847315979916979, -0.24648214200653645, -0.19677550185413978, 0.4221338761217541, 0.5720467976879162, 0.5760121783138623, -0.029555927058155684]], "inverted": false, "swapped": true, "error_lsq": 0.05569421269181292, "error_max": 0.2867901032750556, "target": "329.xyz", "model": "16.xyz", "model_rescale": 3.7852294659196426, "target_rescale": 3.848023216200679},
{"mapping": [8, 9, 3, 4, 11, 2, 0, 10, 7, 5, 1, 12], "R": [[-0.7894976879319359, -0.15716361802276063, -0.5932899779366948], [-0.43840564857033787, -0.5320954938344368, 0.7243444434402107], [-0.4295275172229941, 0.8319699409300092, 0.3511867442503601]], "T": [0.06875206847431492, 0.13414634191150648, 0.008088802382266164], "aligned_model": [[-0.311265795297661, -0.12488935053503958, 0.270018574747605, 0.7618764763067906, -0.6236167555656845, -0.3182013758484201, 0.4863163293369464, 0.21267417771467362, -0.2690539043015615, 0.43796575900079415, 0.320025368592634, 0.03933021059811941], [-0.22694627518645588, -0.7080475990992614, 0.32033996194994335, 0.10464162066698088, -0.0008732351384787007, 0.5439841938642088, -0.2922957285886854, -0.38668940038667193, 0.5831400190636256, 0.4921465207380496, 0.7594013992101813, 0.05833328025303208], [-0.3784399240327285, -0.013686231042191665, -0.7384492746587392, 0.15124854456126444, 0.20890513574184377, -0.2293706427106503, -0.32287102040061355, 0.6058108375254019, 0.42727707489329897, 0.41763261352872133, -0.13393935052112688, 0.05092081673488231]], "inverted": false, "swapped": false, "error_lsq": 0.043821899535926294, "error_max": 0.32546820489207334, "target": "329.xyz", "model": "17.xyz", "model_rescale": 3.901054581598922, "target_rescale": 3.848023216200679},
{"mapping": [11, 10, 12, 13, 1, 7, 9, 8, 0, 2, 3, 14], "R": [[-0.49118846100961794, 0.8465517827087076, 0.20514379094603993], [0.3363011678646706, 0.4015578572455637, -0.8518525763165892], [-0.8035144182053374, -0.3494300594926844, -0.4819369390896254]], "T": [0.014719744477776603, -0.013581300596386944, 0.07120046635350634], "aligned_model": [[-0.15520001482349827, -0.021760513134969045, 0.15182587749793708, 0.6954684919914398, -0.59838182922339, -0.3988492401911906, 0.4640193350056371, 0.0712346620780629, -0.18251597306840386, 0.54036681051634, 0.2806892819140028, 0.034282826187228166], [-0.25526322771780335, -0.817094577939078, 0.335230475436487, 0.19132160302128215, 0.18054176677302441, 0.4089677241002911, -0.3396884120462197, -0.1788827357569454, 0.6563871114192706, 0.38481780342372085, 0.6930063920825322, -0.012209165450093158], [-0.6700472050954845, -0.08845338442177604, -0.5702879257988859, -0.07745396899305813, 0.3397302495733205, -0.22894956353989532, -0.28372720395079265, 0.7114346045891718, 0.3674181517214578, 0.5699102194856602, -0.04455758832700475, 0.020022194376649628]], "inverted": false, "swapped": false, "error_lsq": 0.05604155955354115, "error_max": 0.3628015634672071, "target": "329.xyz", "model": "18.xyz", "model_rescale": 3.9405287249114394, "target_rescale": 3.848023216200679},
{"mapping": [12, 3, 13, 11, 0, 7, 10, 2, 8, 5, 9, 15], "R": [[-0.8943603720083807, -0.37569098106582777, -0.24284936015321792], [0.28743975683641043, -0.8985854001749128, 0.33154587130941215], [-0.3427796831360585, 0.22671692777180963, 0.9116476970249284]], "T": [-0.06162070909498668, 0.05011806443694279, -0.09064448151080551], "aligned_model": [[-0.3337184386448251, -0.03461243042595813, 0.20746055858211326, 0.6392851035245946, -0.6579766843301478, -0.21712268963134604, 0.5633837246130149, 0.353379121759707, -0.27364623169414165, 0.3432306203603666, 0.326761992993921, -0.035244932358102145], [-0.2572838602858146, -0.7985252421234286, 0.2776990985535459, 0.18261727931053334, 0.11085203946064677, 0.7245251902525762, -0.4136922153381339, -0.2549002237749948, 0.5351143386477885, 0.39572595407938316, 0.711895428993698, 0.033106969570668124], [-0.4534198175797837, -0.15775398894142967, -0.6625990161266869, -0.19256700990263392, 0.24602329692231284, -0.21956194208038396, 0.019598519023611816, 0.6094014221697187, 0.4498145338678914, 0.5480363702563346, -0.07583085822108498, -0.06610292976850395]], "inverted": true, "swapped": false, "error_lsq": 0.045368009236931135, "error_max": 0.2923847510058778, "target": "329.xyz", "model": "19.xyz", "model_rescale": 4.410303926677745, "target_rescale": 3.848023216200679},
{"mapping": [10, 5, 9, 7, 6, 11, 8, 0, 4, 2, 12, 13], "R": [[-0.8274762861769739, 0.5421163836272744, 0.1462628538544521], [-0.5564521319883129, -0.8265788163977544, -0.0844303564374149], [0.07512669712175761, -0.1512523946434351, 0.9856361866805634]], "T": [0.07063199625734257, 0.028090055466491, 0.12836090431019942], "aligned_model": [[-0.33487342559725947, 0.06309165521533598, 0.0889957820936944, 0.7607417350226777, -0.4510341512731659, -0.43755232116307746, 0.5060461165434873, 0.019116827665959554, -0.1357448342229012, 0.33451658602381623, 0.3763100470595977, 0.09156569738103132], [-0.30858098152437385, -0.7185502036575849, 0.18140765839361267, 0.2004673426697164, 0.18356733337093795, 0.5579676375831705, -0.22820244772734033, -0.22826689882409218, 0.6621829605543199, 0.3374446834057795, 0.6112824607413758, -0.0035847876390528305], [-0.5019977068828648, -0.24786002769715698, -0.5424693356097465, 0.09856519523304283, 0.32885297336690744, -0.25649201823528894, -0.45110978353290754, 0.7952841921886483, 0.35292311522746106, 0.6511164544580829, -0.24193962900834465, 0.06016515011152922]], "inverted": true, "swapped": false, "error_lsq": 0.056335148133885356, "error_max": 0.29190968338755025, "target": "329.xyz", "model": "20.xyz", "model_rescale": 4.121658175737393, "target_rescale": 3.848023216200679},
{"mapping": [1, 6, 5, 9, 2, 3, 8, 10, 4, 11, 7, 12], "R": [[0.3601220475947369, 0.3322324336066008, 0.8717417742061063], [-0.7879949083544282, 0.608523920745516, 0.09360909297713343], [-0.4993757455500524, -0.7206387777106786, 0.4809403464214546]], "T": [0.07422836840359552, 0.06910465306344138, -0.0486719363559989], "aligned_model": [[-0.47416463596137043, -0.021586504124521663, 0.24326835824959675, 0.7564441186450203, -0.6246319965545157, -0.29187809731796294, 0.4767616037620564, 0.20402006243284393, -0.19061875813287782, 0.3837877399575957, 0.3522459599438095, 0.06753186384952217], [-0.11228457155060387, -0.5697220732569861, 0.16700720143811376, 0.023750114007130493, -0.06343364306178961, 0.6519630530066703, -0.35736130310989855, -0.2722057589771913, 0.26479382034102783, 0.6823303584186758, 0.680759974035636, 0.15153758605568374], [-0.43433750125766935, 0.024433371339515807, -0.7011626281220601, 0.1862482864647735, 0.21635527839741917, -0.14292077889779364, -0.38002806701227604, 0.6407730291493451, 0.4211081731659939, 0.5015064282819124, -0.1727769194056907, -0.11416009248410758]], "inverted": true, "swapped": false, "error_lsq": 0.056885786768500333, "error_max": 0.3758532089204587, "target": "329.xyz", "model": "21.xyz", "model_rescale": 4.08911054899281, "target_rescale": 3.848023216200679},
{"mapping": [13, 7, 0, 8, 14, 2, 6, 5, 15, 11, 1, 16], "R": [[-0.7987832646578885, 0.24266606733145146, -0.5505074712193955], [-0.5939595765031443, -0.4636388136760264, 0.6574580381539894], [-0.09569387432166976, 0.8521456625595032, 0.5144807597941192]], "T": [-0.03175390028760318, 0.025931460827605418, 0.04124609421112651], "aligned_model": [[-0.46150492257059816, 0.007064101215133109, 0.24387445718731626, 0.6398663610574128, -0.6175484347450424, -0.27503424489476297, 0.5719810831382374, 0.31849918025833174, -0.2515371103377555, 0.3539749810719942, 0.3917430078308868, -0.04019874446195707], [-0.2719801517190472, -0.585373430831242, 0.020164501923092187, 0.1572668336405382, 0.06250184332392875, 0.6590616119230719, -0.31516235623367717, -0.24239382010637286, 0.6200932250913582, 0.4538518096566452, 0.6726138528702087, 0.016490837807964315], [-0.3628488154138427, -0.3201341490268403, -0.6826842539025206, 0.15277753578261236, 0.30072626006379505, -0.20616998262080877, -0.2321093635754946, 0.5917489344653365, 0.40204265234494346, 0.5452207318681758, -0.13889450060907363, -0.004636469756920114]], "inverted": false, "swapped": false, "error_lsq": 0.04247884914290336, "error_max": 0.2571409135326959, "target": "329.xyz", "model": "22.xyz", "model_rescale": 4.204369325754507, "target_rescale": 3.848023216200679},
{"mapping": [12, 3, 13, 11, 0, 7, 10, 2, 8, 5, 9, 15], "R": [[-0.8943603720083807, -0.37569098106582777, -0.24284936015321792], [0.28743975683641043, -0.8985854001749128, 0.33154587130941215], [-0.3427796831360585, 0.22671692777180963, 0.9116476970249284]], "T": [-0.06162070909498668, 0.05011806443694279, -0.09064448151080551], "aligned_model": [[-0.3337184386448251, -0.03461243042595813, 0.20746055858211326, 0.6392851035245946, -0.6579766843301478, -0.21712268963134604, 0.5633837246130149, 0.353379121759707, -0.27364623169414165, 0.3432306203603666, 0.326761992993921, -0.035244932358102145], [-0.2572838602858146, -0.7985252421234286, 0.2776990985535459, 0.18261727931053334, 0.11085203946064677, 0.7245251902525762, -0.4136922153381339, -0.2549002237749948, 0.5351143386477885, 0.39572595407938316, 0.711895428993698, 0.033106969570668124], [-0.4534198175797837, -0.15775398894142967, -0.6625990161266869, -0.19256700990263392, 0.24602329692231284, -0.21956194208038396, 0.019598519023611816, 0.6094014221697187, 0.4498145338678914, 0.5480363702563346, -0.07583085822108498, -0.06610292976850395]], "inverted": true, "swapped": false, "error_lsq": 0.045368009236931135, "error_max": 0.2923847510058778, "target": "329.xyz", "model": "23.xyz", "model_rescale": 4.410303926677745, "target_rescale": 3.848023216200679},
{"mapping": [11, 13, 9, 5, 1, 10, 6, 0, 3, 2, 8, 16], "R": [[0.891503638847112, -0.04418542116248855, -0.4508535355068779], [-0.017048986973108048, 0.9912543889334637, -0.1308589640159828], [0.4526926042752951, 0.12434783864964843, 0.8829535780875528]], "T": [0.09071082507832456, -0.008203052436006775, -0.10726017573398], "aligned_model": [[-0.42868807038445805, 0.17281002660452655, 0.04211096750143137, 0.6781002842939279, -0.6656066037052579, -0.24253780102470135, 0.6619692858192534, 0.09915854283567965, -0.1417040148410008, 0.375316121297712, 0.2873496428299408, 0.04290133352214299], [-0.10606990701069931, -0.7015727183320579, 0.26835773248958866, 0.06257243783030132, 0.09293940187045392, 0.5347343778362372, -0.48386033166665043, -0.13471118170636787, 0.5535232525897849, 0.3679764739298521, 0.7420199427863226, 0.05122527672970286], [-0.45563978589861076, -0.1890211159994603, -0.6672353267123321, 0.10620290446467479, 0.28528217921054483, -0.24123124083922085, -0.2663576725923641, 0.6372598981252635, 0.5558370155294177, 0.674009777921869, -0.379666673540727, -0.014401380049692075]], "inverted": true, "swapped": false, "error_lsq": 0.04484145495655226, "error_max": 0.2334412830701198, "target": "329.xyz", "model": "24.xyz", "model_rescale": 4.28219845311461, "target_rescale": 3.848023216200679},
{"mapping": [4, 3, 0, 8, 13, 2, 1, 11, 14, 10, 6, 15], "R": [[0.9645494438974076, 0.25222853539744505, 0.07762175087217284], [0.25991342142933493, -0.9588944732383815, -0.1138701126449943], [0.04570977617642406, 0.1300082886747863, -0.9904587125356386]], "T": [-0.026435578490833056, -0.05723717067849256, 0.11835913995595522], "aligned_model": [[-0.3073509966298537, 0.07963995848184047, 0.10759779558750845, 0.6525960037787588, -0.6075013174666624, -0.3499444403265329, 0.4320406222177055, 0.12443013229719074, -0.11083726729660721, 0.4665900669164252, 0.41365301536158294, -0.01973385817216001], [-0.24041582779866638, -0.7379816486068239, 0.2702669361043435, 0.08694995515629465, 0.015474419896841424, 0.48143437382557, -0.3143878108432914, -0.005524178448702968, 0.6117318268628993, 0.43160502107926846, 0.6771764401133502, -0.029194749994614716], [-0.5313951831948345, -0.23573164089814574, -0.6167124801664368, 0.10985973098934554, 0.21831957473633717, -0.1535875604161896, -0.2470865064723053, 0.6389764418118007, 0.4726209924744382, 0.5026296740281153, -0.16298728850140476, 0.05013282522864247]], "inverted": true, "swapped": false, "error_lsq": 0.04410333819515779, "error_max": 0.28141271132389134, "target": "329.xyz", "model": "25.xyz", "model_rescale": 4.100010024507729, "target_rescale": 3.848023216200679},
{"mapping": [2, 3, 5, 9, 1, 6, 7, 8, 0, 10, 4, 11], "R": [[-0.10673077270738923, -0.7259802699793736, 0.6793829477974547], [0.8820153637739259, -0.3845422963461074, -0.27235293350285716], [0.45897433503849955, 0.57015775880149, 0.6813682483462442]], "T": [0.00961111891655124, 0.08339213218789533, 0.00600108054160573], "aligned_model": [[-0.4769043095063174, -0.06209334662555742, 0.3408503886801812, 0.8246292328592597, -0.5735386125361471, -0.3019542091258724, 0.4675123049444893, 0.13594027206330683, -0.2756429601705998, 0.35907207351360665, 0.32975085040782853, 0.1135580302450179], [-0.2382399353061211, -0.7242032422664434, 0.31771982838044743, 0.17584211627379803, -0.06172758371846267, 0.5111651832007315, -0.33816952746970974, -0.28092519810546823, 0.5714187566921514, 0.2997456181797383, 0.8637103568994741, 0.1507983845863331], [-0.4496444367749968, 0.03283030403059654, -0.6261043278240228, 0.08668178781845162, 0.3775158346498446, -0.3687246876302171, -0.26077320164519896, 0.4836742500497475, 0.5102823513349749, 0.5020560904404924, -0.22735187259142994, -0.01540351223887909]], "inverted": true, "swapped": false, "error_lsq": 0.052967816113465925, "error_max": 0.3261130896354777, "target": "329.xyz", "model": "26.xyz", "model_rescale": 3.6694154284099745, "target_rescale": 3.848023216200679},
{"mapping": [5, 1, 7, 12, 4, 8, 6, 2, 10, 11, 9, 13], "R": [[0.8088986350375997, -0.5381462539152763, 0.2368155561428844], [0.25997118499401034, 0.6886414211892278, 0.6768958383645826], [-0.5273499608486936, -0.4859748989602613, 0.6969436249607608]], "T": [0.039563276378612434, 0.11467123522648574, -0.051303858984472275], "aligned_model": [[-0.45797922684146664, 0.10171551042916147, 0.09158042734730021, 0.7956050726008375, -0.6510260178422165, -0.40984687682186177, 0.509776032598737, 0.1493236274946325, -0.13904842252078461, 0.49457640384795065, 0.34957809449419447, 0.04692508996271172], [-0.28920402087985314, -0.6881031756451441, 0.16748735080268617, 0.1464927282405024, 0.14568916158636316, 0.5342596748359162, -0.38387730039940565, -0.1676624266679489, 0.544384029567857, 0.4395186269757862, 0.7082217038144601, 0.08992840511524881], [-0.5153240468165181, -0.4137083274282025, -0.6763104178772458, 0.1876961583897534, 0.3932800870154224, -0.22546828697279336, -0.012064168395163957, 0.5572764684066207, 0.3299250686800455, 0.5995514975652302, -0.1795699467010296, -0.00024550624675668403]], "inverted": false, "swapped": false, "error_lsq": 0.042979241988653376, "error_max": 0.22470001676631432, "target": "329.xyz", "model": "27.xyz", "model_rescale": 4.103607728864725, "target_rescale": 3.848023216200679},
{"mapping": [2, 3, 1, 5, 13, 8, 0, 10, 11, 6, 7, 14], "R": [[0.8635167512676888, -0.5019523502837859, 0.04881248123871787], [-0.37199605219751064, -0.6993091307190658, -0.610397965955336], [0.3405257074430118, 0.5089308182233889, -0.7905894413871895]], "T": [0.016935227137230835, 0.017876465156170016, 0.15466326534134114], "aligned_model": [[-0.2891978325897273, 0.05794611124272777, 0.2544922148925738, 0.6717081389663885, -0.6097958333820419, -0.2864477739450794, 0.4301825037936418, 0.09450536640056134, -0.1651738796131743, 0.4219527979405816, 0.252473746703195, 0.04853415433954904], [-0.33267535570688755, -0.7009003268824501, 0.1397565112780822, 0.29402487158627805, 0.17766992548523586, 0.6926815117824421, -0.30467030310712967, -0.24003795643690345, 0.541080102066327, 0.33971364078359667, 0.6497096811251927, -0.009217544627315569], [-0.41517590219971745, -0.057960541365162294, -0.7006570044996099, -0.018988403072028592, 0.19399214493575723, -0.19871596510185505, -0.329983009379313, 0.58737367766664, 0.5610564998099302, 0.5202434379117135, -0.10105071269329766, 0.004904357606305143]], "inverted": true, "swapped": false, "error_lsq": 0.04663096185828622, "error_max": 0.2211852514770055, "target": "329.xyz", "model": "28.xyz", "model_rescale": 4.137296879288765, "target_rescale": 3.848023216200679},
{"mapping": [6, 3, 9, 8, 5, 3, 2, 7, 4, 0, 11], "R": [[-0.5810591720690231, 0.1382311705018332, 0.802036396964723], [0.6411031024032117, -0.529328454182946, 0.5556961397034084], [0.5013552140383489, 0.8370803611923923, 0.2189507210825659]], "T": [0.019194618751130755, 0.025964643119770266, 0.15044026614452594], "aligned_model": [[0.5142564228427969, 0.3312544100674672, -0.23618776607562042, -0.48702844467780665, -0.027802117269322506, 0.3312544100674672, 0.5888130209443314, -0.36151654840747166, -0.6237243878038923, 0.15414042461349658, 0.037959586408452387], [-0.3678016218983, -0.40295657370110866, -0.3287756049426907, 0.229530461901469, 0.6331493251211708, -0.40295657370110866, 0.41812443582064746, -0.5843470467584718, 0.33611241988079393, 0.2931126967150048, 0.09595589821054606], [0.2788799475078543, -0.2981160089376677, -0.6178111609499717, -0.28000058488811524, -0.24030999552042193, -0.2981160089376677, -0.004634504707240195, 0.1671993883081085, 0.3674186947786281, 0.6659983458600913, 0.0652459092694013]], "inverted": true, "swapped": true, "error_lsq": 0.05800878128830935, "error_max": 0.3948653014793152, "target": "329.xyz", "model": "29.xyz", "model_rescale": 3.607286011436655, "target_rescale": 3.848023216200679},
