[{"mapping": [8, 6, 7, 10, 12, 4, 0, 2, 1, 3, 5, 13], "R": [[0.4988195579851689, -0.8649549472041969, 0.05506348952314494], [-0.5313424641036839, -0.2549958565284229, 0.807868986280301], [-0.6847293147015878, -0.43223842085164144, -0.5867842134277073]], "T": [-0.11599097186841976, -0.07249012134343522, -0.13360732001077996], "aligned_model": [[-0.24784601223152436, 0.1439267229813092, 0.3923281618983804, -0.15034456709941957, 0.05607288823750635, -0.5614163723023012, 0.6275756099074642, -0.21851022244179202, 0.4465758092962756, 0.0017316299269941188, -0.5796450793670158, -0.07280610634532773], [-0.26074951799480717, -0.768006207114603, -0.3923349071341635, 0.692308088673292, 0.43470087809100433, -0.6023019229760449, -0.31154955142661966, -0.3316524278635512, 0.22787706553468504, 0.31959554020013625, 0.13523390156899703, -0.08956590358126798], [-0.6073429505811561, 0.1433769923094071, -0.4670340935573274, 0.07923619623623968, -0.629335732508304, -0.028974199753469237, 0.3518285201256525, 0.6383019293310688, -0.1262169313510949, 0.5738739172277094, 0.3193620367551134, -0.06512393888027691]], "inverted": false, "swapped": true, "error_lsq": 0.051929821406819565, "error_max": 0.29829405616668836, "target": "330.xyz", "model": "0.xyz", "model_rescale": 3.751011558992144, "target_rescale": 4.11904449549158},
{"mapping": [4, 8, 6, 1, 11, 7, 10, 5, 9, 12, 0, 3, 2, 14], "R": [[-0.6874755455998892, 0.33084722078838047, 0.6464653824442108], [0.5997079011824759, 0.7606704875377981, 0.24845692312414788], [-0.4095458551388902, 0.5584984564755874, -0.7213540508328362]], "T": [-0.023055914819209232, -0.06163872919867676, -0.02540702556621162], "aligned_model": [[0.06215347954668891, 0.20681693098529175, -0.4926431699207351, -0.5754780793930304, -0.08652789767662608, -0.6452278148372921, 0.45108661479353995, 0.5629838226206861, 0.4812956488119612, -0.22690204723076926, -0.5687957497374924, -0.2965771002370108, 0.17525680097465404, -0.01567599027249762], [-0.7367298347921889, -0.6432067020385936, -0.053334539591546305, -0.4826580439409191, 0.4418904068147964, 0.15800285129009795, -0.17518496801887545, -0.09227377675379644, 0.3297463025748893, 0.6527576833794303, -0.19957830161219092, 0.35403914265641856, -0.16606451821730522, -0.009008430927448408], [-0.42860093446134173, 0.1967537717596955, -0.611192477375425, -0.082486252412614, -0.6411672918260193, -0.09126085419846454, -0.6847626666212274, 0.1883801747014715, -0.1886151090078484, -0.017685362947897763, 0.4831647249717311, 0.5540789168779815, 0.7705235136961085, -0.03880108622509591]], "inverted": false, "swapped": false, "error_lsq": 0.04426469430244876, "error_max": 0.33289562935880035, "target": "330.xyz", "model": "1.xyz", "model_rescale": 3.9405287249114394, "target_rescale": 4.11904449549158},
{"mapping": [7, 6, 4, 3, 2, 8, 1, 0, 5, 11, 10, 12, 13], "R": [[-0.4200768838900491, -0.7449119210031133, -0.5183065131451445], [0.9012055536529812, -0.275340973628266, -0.3346877624091781], [0.10660188406519866, -0.6076953004498967, 0.7869831383993307]], "T": [-0.16713898786222725, -0.03972931499416419, -0.013743219982363514], "aligned_model": [[-0.26353118603738107, 0.19541702737501626, -0.2495258155897106, 0.5249628534435181, 0.4979918274232381, -0.6525314720483787, 0.06647421508235915, 0.5798219614625932, 0.05725442902918848, -0.6295198272095914, 0.0091321313753992, -0.5530389635797333, -0.08692390144258641], [0.6182417072829712, 0.5229352722995954, -0.00964989910434489, -0.44060866689098155, -0.16523437715041397, 0.14277293313420447, 0.13059289490228268, 0.4737961418783725, -0.6277385812455493, -0.4007210088643045, -0.6462462494054222, -0.1194152841056825, -0.019892289158710337], [0.15843436288820367, -0.43798588751447926, -0.7082646823666341, 0.15481022700116812, -0.47782151618818364, -0.10506608399951232, 0.5547386744466372, 0.1412715304840005, -0.2729696393968489, 0.05509160090050562, 0.46840254091735173, 0.6005260173127815, -0.018046794896345895]], "inverted": false, "swapped": true, "error_lsq": 0.051419144215704995, "error_max": 0.30660509840836475, "target": "330.xyz", "model": "2.xyz", "model_rescale": 3.932901565614263, "target_rescale": 4.11904449549158},
{"mapping": [11, 10, 9, 12, 7, 5, 8, 3, 0, 4, 6, 2, 1, 13], "R": [[0.09917809583545821, -0.8922679657992921, 0.44047881051742555], [0.7555483108646946, 0.3555871943886959, 0.5501858750788527], [-0.6475418559876728, 0.27823663381224484, 0.7094180152412759]], "T": [0.025724096248137554, -0.04728405587262952, -0.07740269183988509], "aligned_model": [[0.37945002038646364, -0.19198485379582386, -0.38478648508608726, -0.628269880101853, -0.0850052320073484, -0.6619143039066593, 0.311976608475646, 0.5137716535981948, 0.38879820100965734, -0.2629528654219869, -0.5041542149901693, -0.11132086424266273, 0.3481196501457412, -0.07996198563574385], [-0.8548993323980214, -0.6454824736812766, -0.16630716799950443, -0.44092276046382095, 0.4323375952605912, 0.12618360408081974, -0.27935553993842954, 0.010655125252579355, 0.4310960874318084, 0.7465598477486428, -0.0810055180303984, 0.36090107786918657, -0.16882890738190626, -0.09253436692750269], [-0.22003590705545306, 0.25108917457878266, -0.6749874145203729, -0.09908815483314144, -0.5945531873201414, -0.19514005735097895, -0.7122168780856291, -0.2157432539914168, 0.21971674893545912, 0.1455409625260134, 0.35246251837250314, 0.6359018914725667, 0.5783842985852061, -0.06300167438234348]], "inverted": true, "swapped": false, "error_lsq": 0.05278140500794116, "error_max": 0.3198129096565907, "target": "330.xyz", "model": "3.xyz", "model_rescale": 3.9243930471874484, "target_rescale": 4.11904449549158},
{"mapping": [6, 2, 0, 7, 1, 4, 8, 3, 10, 5, 12, 9, 13], "R": [[-0.34047736016607066, 0.8450171917303343, -0.4123361649122271], [0.9010476931806651, 0.16791988859312662, -0.39989494323968866], [-0.26867865904858496, -0.5076897248271344, -0.81857371169419]], "T": [0.008824070309998183, -0.10788839974834145, 0.02749082200039589], "aligned_model": [[-0.03730711356714697, -0.26592046835471894, 0.5542489312445397, 0.39725062079448326, 0.6379496387532594, -0.6087946115781051, -0.13012136791819953, 0.18398750646713546, 0.23492265735429071, -0.3927117112915294, 0.408648920301814, -0.7398494475630908, 0.034902331668621146], [-0.6427007029609603, 0.05328569216368624, -0.29881541699388964, -0.6731674402972988, -0.009577313775199603, -0.38209622899670054, -0.44519571639032957, 0.5118998108666456, 0.6446134163390225, 0.40446417232671744, 0.04644429795314138, 0.02201973607580647, -0.10334475262905374], [-0.5554910449049454, -0.7288540316534741, -0.6878742754811543, 0.0655284778611559, -0.008459109478650542, -0.15529225302943567, 0.40718904309704806, -0.47579818306760924, 0.1458938611517384, -0.1714300096032183, 0.6181826609218233, 0.3843793063468257, -0.05090412678913972]], "inverted": true, "swapped": true, "error_lsq": 0.04785814591525239, "error_max": 0.333708363335812, "target": "330.xyz", "model": "4.xyz", "model_rescale": 3.8936222436046832, "target_rescale": 4.11904449549158},
{"mapping": [10, 1, 11, 5, 8, 7, 0, 6, 2, 3, 4, 13], "R": [[-0.8345262086133305, 0.030732542012410963, -0.5501104598159494], [0.34109442133081314, 0.8129215876659222, -0.4720308125998916], [0.4326899616058334, -0.5815616933466059, -0.6888870690885194]], "T": [-0.19784867165973316, 0.03534977018564117, -0.14332706337256318], "aligned_model": [[-0.0008492315030949327, -0.4601710225111567, -0.31031933398131156, 0.4187321111255895, -0.5511292905607994, -0.7292627480134549, -0.11991778580184467, -0.07067872010151058, 0.5329513927718592, 0.3662331287786279, 0.10976079090853849, -0.15780124889634603], [-0.5997869659746942, -0.5126372802734334, 0.12420503892661608, -0.004886824901251273, 0.39987845318683696, 0.10012392206485732, -0.34574185725864787, 0.3402168464094801, 0.05446587908160777, -0.5501811794910318, 0.6600004671574964, 0.003266406181971049], [-0.5782884190307968, 0.05071835615742576, -0.7163055686750721, -0.4288350211947641, -0.28320001768074893, 0.28709811104228994, 0.6899703481533586, 0.5770228600600262, 0.229613987312269, -0.0591563594964786, -0.07093681771273014, -0.07841673965926073]], "inverted": false, "swapped": true, "error_lsq": 0.04110841957550656, "error_max": 0.24230662407197673, "target": "330.xyz", "model": "5.xyz", "model_rescale": 3.6523030999806103, "target_rescale": 4.11904449549158},
{"mapping": [9, 5, 2, 4, 6, 11, 3, 8, 10, 1, 0, 7, 13], "R": [[0.6666966819607685, 0.3379365256515247, -0.6643150148032771], [-0.2469445080439622, -0.7408075060159393, -0.6246780362533726], [-0.7032310745476394, 0.580519718580705, -0.41044233715535705]], "T": [0.07339550196696638, -0.15100709076854332, -0.04852829468831435], "aligned_model": [[0.1334847402181396, -0.22765464255831486, 0.1620082132141965, 0.5671701330682121, 0.6950056737286326, -0.14871699265693855, -0.4598046444170693, 0.3576525511991235, -0.7192983260528724, -0.21959319675867078, 0.2064329350407495, 0.458728230775992, 0.07566822986311475], [-0.6916680732112241, -0.02570056404069801, 0.5079195804714421, -0.17890802181912022, 0.33999068069626015, -0.6772704012662201, 0.4390138669158532, -0.58542095408149, -0.12658307398918553, 0.07171245730110673, 0.6678504033362036, -0.1317307900638666, -0.06837820608587819], [0.5908718428526256, 0.5489436495106268, 0.4325981090897948, 0.4469114837742111, -0.07181188790239276, 0.10167904188601709, 0.1403959001499225, -0.13647899162673602, 0.0008558766836607723, -0.5694026301996081, -0.4453432053005123, -0.6168675898354478, -0.052241859600372316]], "inverted": false, "swapped": true, "error_lsq": 0.04520495514818756, "error_max": 0.22118464681027009, "target": "330.xyz", "model": "6.xyz", "model_rescale": 4.08911054899281, "target_rescale": 4.11904449549158},
{"mapping": [5, 7, 10, 12, 8, 11, 4, 6, 3, 9, 13, 1, 2, 14], "R": [[0.17818144398369534, 0.07473178662362304, 0.9811557129670735], [0.4432638831385479, 0.8841158282328325, -0.14783887233440401], [-0.8785035588572313, 0.4612530350428209, 0.1244071329906984]], "T": [-0.06653378470379866, -0.04427127168047075, -0.037404211668774334], "aligned_model": [[0.05715772422813507, 0.1961809858160396, -0.4670156689759852, -0.6021427459952575, -0.02653418021993985, -0.626349584800098, 0.40295401957472243, 0.3990049658392976, 0.568433294775615, -0.16613240949737038, -0.511351712550833, -0.2428895736620187, 0.180474362999341, -0.1300240291042798], [-0.6638869125498923, -0.70481599995534, -0.13494358944218063, -0.5072029560319197, 0.3399439632016359, 0.12602549836993315, -0.1282241907619749, -0.08161187321282562, 0.40833971103074285, 0.7328384795099855, -0.34752780519683785, 0.3832611860455702, -0.15157130239184408, 0.10777306220771547], [-0.463171868720652, 0.26910937014521097, -0.6295762218680927, -0.11998274531409817, -0.5994786357538828, -0.08362480264397351, -0.5564250192609961, 0.1387273234788249, -0.17309335114701913, -0.06456772491222079, 0.45864720532056374, 0.5318590772819975, 0.7226044867478008, -0.022698026422408313]], "inverted": true, "swapped": false, "error_lsq": 0.04963662468824837, "error_max": 0.36171910816989833, "target": "330.xyz", "model": "7.xyz", "model_rescale": 3.964800864290218, "target_rescale": 4.11904449549158},
{"mapping": [1, 5, 2, 0, 12, 4, 7, 8, 9, 11, 3, 11, 10, 13], "R": [[0.37956743261939835, -0.6117431818373005, 0.6940452748706631], [0.24109685141349002, 0.7896702344805328, 0.5641748213222229], [-0.8931969952553693, -0.04681025796805682, 0.4472224585323773]], "T": [-0.15783174332385624, -0.11621152668713289, -0.05737108955147301], "aligned_model": [[0.05049063077629029, 0.3170584240500802, -0.5080643461694132, -0.6623591481832269, 0.16911359578142837, -0.6004898826927989, 0.2010650158858977, 0.6061114744218725, 0.3561012924497881, -0.24950478373629909, -0.5225942866659146, -0.24950478373629909, 0.20840568543286847, -0.0840634391869051], [-0.7209157633575403, -0.5658652988827232, -0.17786687752963318, -0.617398574756906, 0.44376535233777203, 0.37503708984656137, -0.17350970818799225, -0.20204220429528766, 0.31107778860389723, 0.6590908020104631, -0.5095596200036172, 0.6590908020104631, 0.01563923134840492, -0.11814574832109405], [-0.44986881664620826, 0.46355264483793973, -0.616069997166842, -0.14352799940622035, -0.44493731290359534, -0.2978330687041021, -0.6695501479871102, -0.04834688604601752, 0.10741180569928693, 0.22126070560353722, 0.4306742568676136, 0.22126070560353722, 0.6662445103289807, -0.03194133314974583]], "inverted": false, "swapped": false, "error_lsq": 0.05152785823941114, "error_max": 0.3454096030763572, "target": "330.xyz", "model": "8.xyz", "model_rescale": 4.121658175737393, "target_rescale": 4.11904449549158},
{"mapping": [4, 8, 7, 6, 11, 5, 12, 3, 1, 10, 2, 0, 13], "R": [[-0.4793694699754742, 0.8610162557337556, -0.1698702993982686], [-0.04830762769727262, 0.16737840428010636, 0.9847085065576042], [0.8762826509532726, 0.48024522604901526, -0.038642444221809236]], "T": [-0.10016090401245754, -0.0792501096534004, -0.1415467674653101], "aligned_model": [[-0.6024792817782458, -0.22392703403492858, 0.3906476238544096, 0.07155275392435127, -0.4351758267526049, -0.564717397154368, 0.15014622766591346, 0.017343517448895562, 0.4888368269774824, -0.06807765680323594, -0.27147429921703337, 0.5868923001310079, -0.06283025782644627], [0.3467087988229902, -0.24014019959540853, 0.022277332505501096, 0.6629323205437192, -0.5608199887728493, -0.01460292935262153, -0.760277115486231, 0.0655804307995504, -0.2440279358824881, -0.5472443959640029, 0.5870852038369997, 0.4916615365602105, -0.018745618603659947], [-0.37879701088774664, -0.6273956367511405, -0.6112930921240959, -0.35994961295636285, -0.21013779655130094, 0.3517215631854629, -0.21992978843598532, 0.654277524382573, 0.03924700714969798, 0.4998196232877623, 0.3058547945542923, 0.0768712135444869, -0.09921335443855439]], "inverted": true, "swapped": true, "error_lsq": 0.05309781936690905, "error_max": 0.27854489456168685, "target": "330.xyz", "model": "9.xyz", "model_rescale": 3.833441315466971, "target_rescale": 4.11904449549158},
{"mapping": [10, 8, 0, 13, 6, 5, 12, 11, 7, 4, 2, 3, 9, 14], "R": [[0.7306067784294961, 0.657964202255217, -0.18247422794337143], [-0.48895032303147734, 0.317620000047701, -0.8124316076920645], [-0.47659345035395473, 0.6827888722880263, 0.5537671342354636]], "T": [-0.04204630134601113, -0.013023032187811555, -0.1675771145763591], "aligned_model": [[0.1743397287726539, 0.21511833121821916, -0.427623944201547, -0.6946064623847163, 0.036075930718434346, -0.7070424391510548, 0.27341660580237287, 0.609888520014407, 0.4637609907384204, -0.32992030941027645, -0.4809274965708404, -0.10305025900571291, 0.040511040513108276, -0.038174788626099895], [-0.7827233072313486, -0.6053328354403524, -0.38462135327282815, -0.45464251317843635, 0.5688203943319168, 0.11026568648659857, 0.017779719681618268, -0.21230366015513016, 0.1877428266690868, 0.7240731943950551, -0.11272895789703666, 0.48201377849197385, -0.16242508955540422, 0.002479387497055438], [-0.3586077824997519, 0.26899454174798443, -0.5883710437155902, -0.04582321669475073, -0.5090221495643729, -0.17147968027194327, -0.6799777410411725, -0.1429742477051671, 0.21682635831831026, -0.06893489071378811, 0.39286224858804825, 0.5434354893692193, 0.6253752402925836, -0.07397405917855523]], "inverted": false, "swapped": false, "error_lsq": 0.03987210399739809, "error_max": 0.22969941053791446, "target": "330.xyz", "model": "10.xyz", "model_rescale": 4.2482417240324, "target_rescale": 4.11904449549158},
{"mapping": [4, 5, 3, 10, 6, 0, 2, 1, 11, 7, 8, 13], "R": [[0.29013073960391933, 0.6771018807372324, -0.6762818916982664], [-0.7382065567189571, 0.6080552918351937, 0.29209560367858833], [0.6089952656252956, 0.4144898131116377, 0.6762565794671839]], "T": [-0.03157151219836858, 0.00673295322577197, -0.2012426575245611], "aligned_model": [[-0.6972891559791035, -0.029098502432902046, 0.4339322208169427, 0.6399091912356183, -0.48840951408137684, 0.16112085004840215, -0.2339406083781823, 0.5004038795477596, 0.012557486792569114, -0.09928986225616196, -0.30377057692468323, -0.01935980602587474], [-0.14115723516589723, -0.5309578328786556, -0.12582480219941625, -0.4004724810962941, 0.5443217331778859, 0.7381773376444369, -0.015660095433561838, 0.3580669033500733, -0.45017679082489837, 0.6281777057244732, 0.013783639107470241, 0.04785330864502322], [-0.04312582321473907, 0.21611587183030218, 0.4574334343684811, -0.08001463628831074, 0.15975247629176692, 0.32177492685352976, 0.5937821769061344, -0.21921725443886575, -0.5729083587190507, -0.4859935780250677, -0.6519207652237522, -0.13048618048607152]], "inverted": true, "swapped": true, "error_lsq": 0.0415592394733822, "error_max": 0.20978539902332596, "target": "330.xyz", "model": "11.xyz", "model_rescale": 3.6694154284099745, "target_rescale": 4.11904449549158},
{"mapping": [5, 7, 0, 6, 1, 4, 12, 10, 2, 3, 11, 8, 9, 13], "R": [[0.7905284674734967, -0.5599254180970374, -0.24808923451625822], [-0.41966896392022046, -0.7903068343920114, 0.4464225220969557], [-0.44602993491035314, -0.2487943602297608, -0.8597433707111273]], "T": [-0.05821792772440591, -0.11510686313142493, -0.05214965671087581], "aligned_model": [[-0.014463600830746687, 0.2527021663216261, -0.4085453815658369, -0.47572462874992294, -0.0729376822454862, -0.698136674645947, 0.44337979836447816, 0.5461365234392604, 0.2879321338769246, -0.3285103145579335, -0.5240126768506237, -0.007871928039012578, 0.1496729953415611, -0.11785528143097303], [-0.808260454086185, -0.7342866235167955, -0.17047319351116835, -0.496343052947527, 0.5347993503269314, 0.24386386013426292, -0.14606805425068028, -0.14370835602614077, 0.4377466612973202, 0.7006160552745228, -0.13880387675083652, 0.4049381009467823, -0.22248037389452632, -0.08314277217319199], [-0.45488337854365923, 0.2163842106449311, -0.6725874932188693, -0.06636076599061395, -0.5942554919834938, -0.14870361533902324, -0.5095440446229127, 0.14141283777423794, -0.0812475736883343, 0.000642829595789686, 0.5201285554718351, 0.49522258131701746, 0.7159249231205853, -0.15380450760643574]], "inverted": true, "swapped": false, "error_lsq": 0.04436998012308987, "error_max": 0.24203445743018814, "target": "330.xyz", "model": "12.xyz", "model_rescale": 3.9764082729961374, "target_rescale": 4.11904449549158},
{"mapping": [6, 13, 3, 11, 7, 8, 4, 5, 9, 2, 10, 1, 12, 15], "R": [[-0.7965853376072984, -0.015440274833153245, 0.6043288821677676], [0.5739761979883349, 0.29445387945389456, 0.7640996250603763], [-0.18974489203117614, 0.9555409519155255, -0.22569529272993105]], "T": [-0.0005144231715942249, -0.07953281412463853, -0.04412419698480084], "aligned_model": [[0.3364048718527464, -0.029290974297803196, -0.6067780488312234, -0.7012993048658838, -0.07617053915301614, -0.6631112645397128, 0.40641455876327226, 0.8375317272771913, 0.42288087957429926, -0.2543372973712933, -0.5666276196499981, -0.1743314245045395, 0.11094706322012159, -0.010467179046792797], [-0.704634416241364, -0.6394929794272602, -0.14903150531086512, -0.4482423032873762, 0.38462435455287125, 0.16569028153344387, -0.021735941704902062, -0.09415130621683837, 0.2516612338121898, 0.6764735377045112, -0.06759427931400624, 0.3138436981751032, -0.1916990896235103, -0.09731401382922879], [-0.32589037907668383, 0.20102283964105827, -0.623829117991216, 0.015024437314600916, -0.6356205822678165, -0.06612182898027763, -0.633133574651386, -0.061119938852701866, 0.225219536451775, -0.06109058826589654, 0.5264195954780084, 0.42317137102276087, 0.5741060179354411, -0.1498287208266123]], "inverted": true, "swapped": false, "error_lsq": 0.04481892234768346, "error_max": 0.2225953562161589, "target": "330.xyz", "model": "13.xyz", "model_rescale": 4.170626492500431, "target_rescale": 4.11904449549158},
{"mapping": [6, 3, 12, 11, 8, 10, 4, 2, 0, 7, 9, 1, 1, 13], "R": [[-0.0807947478874359, -0.03038733277240055, -0.996267443370898], [0.9385735725396895, -0.33875088816367926, -0.0657836202895764], [-0.33548749252973703, -0.9403852645460254, 0.05589004008597387]], "T": [-0.0201532512394628, -0.08349102880430843, -0.11941359720168464], "aligned_model": [[0.12716391050992218, 0.12354395274236302, -0.433744512376062, -0.483524842712492, -0.141499406680701, -0.5332422812457382, 0.29834474025207697, 0.6246373625455477, 0.36306946182350597, -0.1785041659228253, -0.6236323782436468, -0.02357633057023504, -0.02357633057023504, -0.06369373112411202], [-0.889873448330082, -0.5562515928699332, -0.06598879123729104, -0.6095085229357522, 0.498776189790985, 0.1488847832612848, 0.023182981777093825, -0.2144682609539149, 0.30801223677155287, 0.6844415293550369, -0.12427769405985283, 0.17406049289368214, 0.17406049289368214, -0.17265312553372383], [-0.30791907288860626, 0.3615460342249472, -0.7230211365662607, -0.028572993864991153, -0.5641565448847876, -0.15211580246225923, -0.7441077747600757, -0.12412488890588637, 0.1166456152090508, 0.08706733854443784, 0.41952594455738756, 0.6047893896012497, 0.6047893896012497, -0.14201643047440152]], "inverted": false, "swapped": false, "error_lsq": 0.0475826247874152, "error_max": 0.31603357619255407, "target": "330.xyz", "model": "14.xyz", "model_rescale": 3.9786697098870705, "target_rescale": 4.11904449549158},
{"mapping": [10, 3, 12, 9, 1, 7, 2, 6, 8, 5, 0, 13], "R": [[0.5272975667375606, 0.7369046393367187, 0.4229997974428217], [0.8190614977258934, -0.5732712428917128, -0.022323642543426947], [0.2260432238658433, 0.35823405002513525, -0.9058547490337094]], "T": [0.1862382142878048, -0.014492998191977337, -0.005087288170574581], "aligned_model": [[-0.09581000752280455, -0.5610226135578595, 0.5216745329029353, 0.6392743986568092, -0.056072262740573336, 0.35754405926195415, -0.46118904243530906, -0.07411125740311186, 0.6958406249675897, -0.09749095551271536, -0.49497994253618177, 0.10969706268660412], [-0.34419748546909007, -0.24076559125231867, 0.1338695473515718, -0.6954426799995228, 0.3991648851239455, 0.6428350670648453, -0.2590415375415665, 0.3507428715408621, 0.06631832413868119, -0.6329092597698978, 0.5848874147618391, 0.009212934275089686], [-0.670776844646632, -0.24699935236582493, -0.6360123011895065, 0.18418314500756225, -0.4257168595995139, 0.09707221541094435, 0.4359945026941292, 0.648243451183305, 0.09992562999251939, 0.014010483543632931, 0.14449068786592667, 0.015551735977287665]], "inverted": false, "swapped": true, "error_lsq": 0.05492421048488796, "error_max": 0.34152369018091866, "target": "330.xyz", "model": "15.xyz", "model_rescale": 3.769337070930944, "target_rescale": 4.11904449549158},
{"mapping": [0, 3, 7, 1, 6, 2, 4, 5, 8, 12, 13], "R": [[0.12093704535104682, -0.7510960776401459, 0.6490215044321315], [-0.9699983288488421, -0.22832615211228935, -0.08348898305794444], [0.21089683044610433, -0.6194528637557373, -0.7561750303286954]], "T": [0.00894243911789804, 0.09809320715676753, 0.1698854502876681], "aligned_model": [[-0.32231463699351665, -0.23599198882126252, -0.20806055291762873, -0.605268608979628, 0.3068058666115058, 0.3615511861375649, 0.7008725505881434, 0.28230993818963357, 0.16409310233310165, -0.5187541160041196, -0.002616609452622912], [0.04133730874260019, -0.6404995115652509, 0.6785894470202217, 0.10373886730564102, 0.3008972365493594, -0.4272423108011463, 0.15172189365294192, -0.5097073064043574, 0.5396316297568869, 0.2938950904014883, 0.06370215296695679], [-0.6861146344412126, -0.08032925724763912, -0.12641888484873837, -0.0017809791155359578, -0.5359247558993914, -0.3528083914357256, 0.07818426610160839, 0.308284819615166, 0.41118379847987474, 0.6344210345536627, 0.09552059146170777]], "inverted": true, "swapped": true, "error_lsq": 0.04815942569913623, "error_max": 0.28028790487732125, "target": "330.xyz", "model": "16.xyz", "model_rescale": 3.7852294659196426, "target_rescale": 4.11904449549158},
{"mapping": [1, 6, 2, 0, 7, 8, 9, 4, 3, 10, 11, 5, 13], "R": [[-0.9269094215873463, -0.37528301811025255, -0.0012571756722220828], [-0.2785452334656656, 0.685724629412263, 0.6724539281846545], [-0.25149846338729165, 0.6236540619089036, -0.7401379155119381]], "T": [-0.10761758902216015, 0.13998394362257519, -0.06173870105586128], "aligned_model": [[-0.0028880982403797772, -0.3309073525341535, 0.370034877224806, 0.03672543952942153, -0.6314377976359372, -0.57785421701121, -0.14899913192365066, -0.2738655704339232, 0.6706937175070287, 0.515966993519304, -0.1442929500259717, 0.43956172891945366, -0.06897178867850437], [-0.09960807958334136, -0.5383958952260912, -0.3087434901290659, -0.7431139523989809, -0.21168673848654487, 0.3713988558276661, 0.7837816181870984, 0.12363283354861446, -0.0932845118398549, 0.4523274778515889, 0.728945748334225, 0.3429099121657979, 0.06689184545176252], [-0.6434463976220214, 0.2817181647778935, 0.4322359934025759, -0.27385146277799766, -0.33340497143430353, -0.010970089934377106, 0.4754481123612853, 0.6180750030068913, -0.1508275096742543, -0.4425045332945191, -0.08680235383871134, 0.28857756258586137, -0.058492820415149346]], "inverted": false, "swapped": true, "error_lsq": 0.04443497555680277, "error_max": 0.3437395616228024, "target": "330.xyz", "model": "17.xyz", "model_rescale": 3.901054581598922, "target_rescale": 4.11904449549158},
{"mapping": [4, 8, 6, 1, 11, 7, 10, 5, 9, 12, 0, 3, 2, 14], "R": [[-0.6874755455998892, 0.33084722078838047, 0.6464653824442108], [0.5997079011824759, 0.7606704875377981, 0.24845692312414788], [-0.4095458551388902, 0.5584984564755874, -0.7213540508328362]], "T": [-0.023055914819209232, -0.06163872919867676, -0.02540702556621162], "aligned_model": [[0.06215347954668891, 0.20681693098529175, -0.4926431699207351, -0.5754780793930304, -0.08652789767662608, -0.6452278148372921, 0.45108661479353995, 0.5629838226206861, 0.4812956488119612, -0.22690204723076926, -0.5687957497374924, -0.2965771002370108, 0.17525680097465404, -0.01567599027249762], [-0.7367298347921889, -0.6432067020385936, -0.053334539591546305, -0.4826580439409191, 0.4418904068147964, 0.15800285129009795, -0.17518496801887545, -0.09227377675379644, 0.3297463025748893, 0.6527576833794303, -0.19957830161219092, 0.35403914265641856, -0.16606451821730522, -0.009008430927448408], [-0.42860093446134173, 0.1967537717596955, -0.611192477375425, -0.082486252412614, -0.6411672918260193, -0.09126085419846454, -0.6847626666212274, 0.1883801747014715, -0.1886151090078484, -0.017685362947897763, 0.4831647249717311, 0.5540789168779815, 0.7705235136961085, -0.03880108622509591]], "inverted": false, "swapped": false, "error_lsq": 0.04426469430244876, "error_max": 0.33289562935880035, "target": "330.xyz", "model": "18.xyz", "model_rescale": 3.9405287249114394, "target_rescale": 4.11904449549158},
{"mapping": [3, 1, 14, 12, 11, 13, 10, 2, 5, 9, 4, 7, 8, 15], "R": [[-0.6783504448349005, 0.2668622469231661, 0.6845620608530768], [-0.25509658612409175, -0.9592922267328761, 0.12117819720442306], [0.6890329496766655, -0.09242816073578101, 0.7188119568864129]], "T": [-0.13731186675412987, -0.10992326093003157, 0.038733557292948556], "aligned_model": [[-0.013305788650399497, 0.1870736160543634, -0.3890899053876049, -0.49869525697082784, -0.019882874752209373, -0.6176129987724215, 0.27279970241778195, 0.7092708552014849, 0.5143272670227159, -0.12913398452805103, -0.6185173398321901, -0.44859764775221084, 0.18542653278798515, -0.10229672841104864], [-0.7969129829162732, -0.6714125209228281, -0.18268116713820684, -0.5097492363910676, 0.3937835283743846, 0.24035247124496212, -0.14706263893283386, -0.14440885679735857, 0.39039430331170677, 0.6554573537622312, -0.2671934462151408, 0.364643484546052, 0.16294322304258302, -0.10975624414544338], [-0.44921747442290205, 0.16130310259389585, -0.6900003230929357, -0.059654942195098565, -0.46296665612724264, -0.2742322226306506, -0.6308433272986891, -0.15474440418314342, 0.166449715239559, 0.09472894864014024, 0.5663436501799078, 0.45528261272099235, 0.6661536421813541, 0.019726745325867167]], "inverted": true, "swapped": false, "error_lsq": 0.045772473681431856, "error_max": 0.32949944592287167, "target": "330.xyz", "model": "19.xyz", "model_rescale": 4.410303926677745, "target_rescale": 4.11904449549158},
{"mapping": [1, 5, 2, 0, 12, 4, 7, 8, 9, 11, 3, 11, 10, 13], "R": [[0.37956743261939835, -0.6117431818373005, 0.6940452748706631], [0.24109685141349002, 0.7896702344805328, 0.5641748213222229], [-0.8931969952553693, -0.04681025796805682, 0.4472224585323773]], "T": [-0.15783174332385624, -0.11621152668713289, -0.05737108955147301], "aligned_model": [[0.05049063077629029, 0.3170584240500802, -0.5080643461694132, -0.6623591481832269, 0.16911359578142837, -0.6004898826927989, 0.2010650158858977, 0.6061114744218725, 0.3561012924497881, -0.24950478373629909, -0.5225942866659146, -0.24950478373629909, 0.20840568543286847, -0.0840634391869051], [-0.7209157633575403, -0.5658652988827232, -0.17786687752963318, -0.617398574756906, 0.44376535233777203, 0.37503708984656137, -0.17350970818799225, -0.20204220429528766, 0.31107778860389723, 0.6590908020104631, -0.5095596200036172, 0.6590908020104631, 0.01563923134840492, -0.11814574832109405], [-0.44986881664620826, 0.46355264483793973, -0.616069997166842, -0.14352799940622035, -0.44493731290359534, -0.2978330687041021, -0.6695501479871102, -0.04834688604601752, 0.10741180569928693, 0.22126070560353722, 0.4306742568676136, 0.22126070560353722, 0.6662445103289807, -0.03194133314974583]], "inverted": false, "swapped": false, "error_lsq": 0.05152785823941114, "error_max": 0.3454096030763572, "target": "330.xyz", "model": "20.xyz", "model_rescale": 4.121658175737393, "target_rescale": 4.11904449549158},
{"mapping": [9, 5, 2, 4, 6, 11, 3, 8, 10, 1, 0, 7, 13], "R": [[0.6666966819607685, 0.3379365256515247, -0.6643150148032771], [-0.2469445080439622, -0.7408075060159393, -0.6246780362533726], [-0.7032310745476394, 0.580519718580705, -0.41044233715535705]], "T": [0.07339550196696638, -0.15100709076854332, -0.04852829468831435], "aligned_model": [[0.1334847402181396, -0.22765464255831486, 0.1620082132141965, 0.5671701330682121, 0.6950056737286326, -0.14871699265693855, -0.4598046444170693, 0.3576525511991235, -0.7192983260528724, -0.21959319675867078, 0.2064329350407495, 0.458728230775992, 0.07566822986311475], [-0.6916680732112241, -0.02570056404069801, 0.5079195804714421, -0.17890802181912022, 0.33999068069626015, -0.6772704012662201, 0.4390138669158532, -0.58542095408149, -0.12658307398918553, 0.07171245730110673, 0.6678504033362036, -0.1317307900638666, -0.06837820608587819], [0.5908718428526256, 0.5489436495106268, 0.4325981090897948, 0.4469114837742111, -0.07181188790239276, 0.10167904188601709, 0.1403959001499225, -0.13647899162673602, 0.0008558766836607723, -0.5694026301996081, -0.4453432053005123, -0.6168675898354478, -0.052241859600372316]], "inverted": false, "swapped": true, "error_lsq": 0.04520495514818756, "error_max": 0.22118464681027009, "target": "330.xyz", "model": "21.xyz", "model_rescale": 4.08911054899281, "target_rescale": 4.11904449549158},
{"mapping": [8, 5, 0, 7, 2, 13, 1, 11, 15, 3, 12, 14, 9, 16], "R": [[-0.7298794039260017, 0.3233408450134512, 0.6022680081746098], [0.3587145076935897, -0.5688269925173783, 0.7401079343945585], [0.5818934246876916, 0.7562318100487586, 0.2991880541993749]], "T": [-0.08842034016608535, -0.11238949880427038, -0.0651550738177581], "aligned_model": [[0.2954957622823124, 0.20549921551417882, -0.47574599086376174, -0.7278271527830898, 0.09945687845068993, -0.6974353522983974, 0.3727350926732226, 0.6598654080179958, 0.479248866934612, -0.46338131454817966, -0.5458140148622475, -0.0868169839610124, 0.044170933951896946, -0.12768590008085184], [-0.6160424182395315, -0.6240847747799797, -0.2447077215138572, -0.4231436018274852, 0.4643878295711201, 0.14098788516468144, -0.09239597580299, -0.27310323198298536, 0.3397990055200002, 0.6614503550294548, 0.0008841294401416983, 0.35876163990168564, -0.21030504399337788, -0.10409080566410919], [-0.34747436307239415, 0.3215079490859409, -0.7228405050307902, -0.04548267074559263, -0.45666994399541033, -0.02477460429636255, -0.7108595782676088, -0.07666877395273777, 0.004013168611972831, 0.056725899281027434, 0.5031138920130123, 0.3705473701643984, 0.6279392282801659, -0.0907480011445668]], "inverted": false, "swapped": false, "error_lsq": 0.042204275927966876, "error_max": 0.25952998047752185, "target": "330.xyz", "model": "22.xyz", "model_rescale": 4.204369325754507, "target_rescale": 4.11904449549158},
{"mapping": [3, 1, 14, 12, 11, 13, 10, 2, 5, 9, 4, 7, 8, 15], "R": [[-0.6783504448349005, 0.2668622469231661, 0.6845620608530768], [-0.25509658612409175, -0.9592922267328761, 0.12117819720442306], [0.6890329496766655, -0.09242816073578101, 0.7188119568864129]], "T": [-0.13731186675412987, -0.10992326093003157, 0.038733557292948556], "aligned_model": [[-0.013305788650399497, 0.1870736160543634, -0.3890899053876049, -0.49869525697082784, -0.019882874752209373, -0.6176129987724215, 0.27279970241778195, 0.7092708552014849, 0.5143272670227159, -0.12913398452805103, -0.6185173398321901, -0.44859764775221084, 0.18542653278798515, -0.10229672841104864], [-0.7969129829162732, -0.6714125209228281, -0.18268116713820684, -0.5097492363910676, 0.3937835283743846, 0.24035247124496212, -0.14706263893283386, -0.14440885679735857, 0.39039430331170677, 0.6554573537622312, -0.2671934462151408, 0.364643484546052, 0.16294322304258302, -0.10975624414544338], [-0.44921747442290205, 0.16130310259389585, -0.6900003230929357, -0.059654942195098565, -0.46296665612724264, -0.2742322226306506, -0.6308433272986891, -0.15474440418314342, 0.166449715239559, 0.09472894864014024, 0.5663436501799078, 0.45528261272099235, 0.6661536421813541, 0.019726745325867167]], "inverted": true, "swapped": false, "error_lsq": 0.045772473681431856, "error_max": 0.32949944592287167, "target": "330.xyz", "model": "23.xyz", "model_rescale": 4.410303926677745, "target_rescale": 4.11904449549158},
{"mapping": [7, 0, 11, 1, 9, 10, 13, 12, 5, 8, 3, 4, 2, 16], "R": [[0.7614751110489089, -0.6310192993061099, -0.14822381440334892], [0.20674982054836116, 0.45317448748581346, -0.8671144074429804], [0.6143371769283321, 0.6296407926708663, 0.4755442200768829]], "T": [0.00015413966861449468, 0.027994087444466582, -0.22799842635319095], "aligned_model": [[0.010373431648564357, 0.1857968055696182, -0.3882089761146782, -0.5943841018632159, -0.2844619883955563, -0.6118974024104231, 0.48185097873227856, 0.6786589040439506, 0.43962028195291014, -0.3490622164211251, -0.4376257283958177, -0.13103511108302396, 0.09319093373629454, -0.061050362572407514], [-0.6184168208578232, -0.4964366447129595, -0.10062867515272317, -0.5770653045986773, 0.5004137959845064, 0.22903196983756618, -0.263785012403093, -0.3312827085985663, 0.2622842882320636, 0.724381009781276, -0.19521166218683605, 0.3522549550598552, -0.08464919113553837, -0.02249272842628245], [-0.382851260946346, 0.2827804092030231, -0.7110633928449898, -0.09852734453583151, -0.5250392690955443, -0.1344002107869466, -0.6487355603898237, 0.010176516343811448, 0.15616253604226038, 0.03429884449064541, 0.525512665192964, 0.36490008369021404, 0.6728620500352094, -0.1377469994675916]], "inverted": true, "swapped": false, "error_lsq": 0.03906139414285505, "error_max": 0.2735369099238702, "target": "330.xyz", "model": "24.xyz", "model_rescale": 4.28219845311461, "target_rescale": 4.11904449549158},
{"mapping": [6, 8, 2, 14, 4, 13, 0, 1, 3, 7, 11, 9, 5, 15], "R": [[-0.5133949191280343, -0.4544990545726792, -0.7279122655966581], [0.8024989138732389, -0.5547669141960165, -0.21961139347880293], [-0.30400847068098463, -0.6968961761309718, 0.6495495126995621]], "T": [-0.15993774778444514, -0.028616593142313566, -0.0015009378627811251], "aligned_model": [[0.02997858483323379, 0.24239998706024107, -0.4094207026524763, -0.7000731410256675, 0.13826163185819762, -0.6389509023951754, 0.2724751097120201, 0.47793660957833384, 0.39906714901066154, -0.28688442020719435, -0.41170194351605427, -0.24787455728223448, 0.2892715468635906, -0.12271950341010743], [-0.8111891421870535, -0.55646513593764, -0.19185311723328316, -0.5531656366624974, 0.40326504895360704, 0.25608011627328137, -0.22820888795128216, -0.04813106731653886, 0.49154163123969563, 0.738193200473377, -0.25609173584893674, 0.38074222139546904, -0.2045225031383795, -0.04179772123705104], [-0.40611078332837386, 0.20208275479879062, -0.6178548271349537, -0.11659517231802755, -0.5106216997916049, -0.2074393711257671, -0.6638725922687027, 0.04961548184161916, 0.1288612185579833, -0.0393597350713318, 0.4243475333647341, 0.5291271450488193, 0.7003172731750997, -0.0641681588172309]], "inverted": false, "swapped": false, "error_lsq": 0.03930316006490035, "error_max": 0.25468003148065266, "target": "330.xyz", "model": "25.xyz", "model_rescale": 4.100010024507729, "target_rescale": 4.11904449549158},
{"mapping": [4, 5, 3, 10, 6, 0, 2, 1, 11, 7, 8, 13], "R": [[0.29013073960391933, 0.6771018807372324, -0.6762818916982664], [-0.7382065567189571, 0.6080552918351937, 0.29209560367858833], [0.6089952656252956, 0.4144898131116377, 0.6762565794671839]], "T": [-0.03157151219836858, 0.00673295322577197, -0.2012426575245611], "aligned_model": [[-0.6972891559791035, -0.029098502432902046, 0.4339322208169427, 0.6399091912356183, -0.48840951408137684, 0.16112085004840215, -0.2339406083781823, 0.5004038795477596, 0.012557486792569114, -0.09928986225616196, -0.30377057692468323, -0.01935980602587474], [-0.14115723516589723, -0.5309578328786556, -0.12582480219941625, -0.4004724810962941, 0.5443217331778859, 0.7381773376444369, -0.015660095433561838, 0.3580669033500733, -0.45017679082489837, 0.6281777057244732, 0.013783639107470241, 0.04785330864502322], [-0.04312582321473907, 0.21611587183030218, 0.4574334343684811, -0.08001463628831074, 0.15975247629176692, 0.32177492685352976, 0.5937821769061344, -0.21921725443886575, -0.5729083587190507, -0.4859935780250677, -0.6519207652237522, -0.13048618048607152]], "inverted": true, "swapped": true, "error_lsq": 0.0415592394733822, "error_max": 0.20978539902332596, "target": "330.xyz", "model": "26.xyz", "model_rescale": 3.6694154284099745, "target_rescale": 4.11904449549158},
{"mapping": [5, 7, 4, 8, 2, 10, 0, 1, 6, 11, 9, 12, 3, 13], "R": [[-0.1420070197084469, 0.640739639998813, 0.7545109144921076], [-0.03315733961649564, 0.7587288661109387, -0.6505621404290028], [-0.9893101622762606, -0.11740196533363834, -0.08649960319399179]], "T": [-0.11717284562609179, -0.0969407546989553, -0.049350921617582345], "aligned_model": [[0.2468490586978074, 0.02996391472503296, -0.4682548494753417, -0.5770054173240955, -0.004077505472914855, -0.6708812157182825, 0.22147942350125008, 0.7397324061276088, 0.4597987370419351, -0.47489310335458945, -0.5360706884312337, -0.0029985104362172665, 0.175360523903534, -0.10723732535712521], [-0.7337703369616644, -0.5730822099842682, -0.14837876787275467, -0.5327131217058663, 0.4781730312024988, 0.07298798966445949, -0.11105143579666174, -0.292915909180505, 0.24832641247668247, 0.6709757524115598, -0.061122636371988254, 0.538482928070471, -0.12781375225065847, -0.04970067287853688], [-0.34585494528109956, 0.3350559110878258, -0.7907186626630459, -0.1330984146477831, -0.39371007062485996, -0.21189932247578666, -0.6168444215160418, -0.13274026169536976, 0.08879685385655967, 0.08672231073557043, 0.4874033938406789, 0.4120965595946775, 0.7031796797983058, -0.08005954307857725]], "inverted": true, "swapped": false, "error_lsq": 0.038669307976792015, "error_max": 0.23836213994014574, "target": "330.xyz", "model": "27.xyz", "model_rescale": 4.103607728864725, "target_rescale": 4.11904449549158},
