[{"mapping": [0, 5, 7, 1, 6, 2, 8, 3, 9, 4, 11], "R": [[0.09177362954164528, -0.9875225126069711, 0.12797221579377113], [0.14416036935843143, 0.14033669317282174, 0.9795526532329735], [-0.9852894949339476, -0.0714485804178917, 0.15524081785752922]], "T": [-0.02378618844047571, -0.07896090465551281, 0.020070218391499427], "aligned_model": [[-0.24948120402612345, -0.5184675276375214, -0.6587785878908432, -0.7067903667227801, -0.3670591654875655, -0.30783970704181607, 0.0798061394438853, 0.6603715320218768, 0.27247490081164, 0.48180263337334145, -0.06073769466681451], [0.4640773755105942, 0.08829204567902246, -0.6250257677022075, 0.01503625517755558, -0.6395238978031605, 0.47435141366831207, -0.17648555714448552, -0.11629015564426984, -0.6007088501968423, 0.5505117176751737, -0.03316092285880451], [-0.17218632952178287, -0.6249128478858408, -0.42174549868075667, 0.18301310995534048, 0.3251723019594998, 0.5318409898778507, 0.6388278950724553, -0.047511253472474674, 0.11684249100363162, 0.04226543716900673, -0.016932534791586493]], "inverted": true, "swapped": false, "error_lsq": 0.057904168688865165, "error_max": 0.42852992895937375, "target": "331.xyz", "model": "0.xyz", "model_rescale": 3.751011558992144, "target_rescale": 3.6469803393990126},
{"mapping": [1, 0, 2, 8, 5, 4, 10, 11, 13, 6, 14], "R": [[-0.8201810835092767, -0.1867307288782356, -0.5407722488683679], [-0.3531576611793359, 0.9088958549875779, 0.22178365840778558], [0.45009183130100305, 0.37288062389859145, -0.8114045746217523]], "T": [-0.057481012862900194, -0.09293734550449523, -0.011820626451378533], "aligned_model": [[-0.26121470860869517, -0.3964183720178942, -0.6627786212393035, -0.6774509070759985, -0.30329071355411347, -0.33845905135606336, 0.192907792520227, 0.7218618186268246, -0.02469838787328002, 0.38468715005326415, -0.00984504729768839], [0.539713831177365, 0.10531505565282709, -0.565127496367808, -0.04923786905909213, -0.5843297958369351, 0.4079733290004924, -0.03332087917460427, -0.015450421753349652, -0.7984384930237547, 0.5135298281194334, -0.1195534323736861], [-0.22141695107720216, -0.6609138173753628, -0.3190491549274896, 0.2208721713909057, 0.2851593354955465, 0.5319751145776415, 0.7667710966037848, 0.14099140376822994, -0.1812184677846636, 0.008443338858715371, -0.016940308844762875]], "inverted": true, "swapped": false, "error_lsq": 0.043340042885394996, "error_max": 0.2141366987052058, "target": "331.xyz", "model": "1.xyz", "model_rescale": 3.9405287249114394, "target_rescale": 3.6469803393990126},
{"mapping": [3, 8, 9, 11, 5, 6, 0, 1, 2, 7, 12], "R": [[-0.4751048248920232, -0.6021759403044118, 0.6416069998704952], [-0.8028055528291236, -0.0018825969011450616, -0.5962379560004823], [0.3602480391494802, -0.7983611919096553, -0.4825357577854197]], "T": [-0.09610869850525117, 0.008744169384266774, -0.01927449328609615], "aligned_model": [[-0.23598679196238007, -0.34416089319618914, -0.7325033276340025, -0.7085787264318343, -0.3285950547025414, -0.17006535477880136, 0.1110140480000884, 0.6798289570941823, 0.1573073411799934, 0.2485900726184576, -0.05154931800969318], [0.5041815205800363, -0.11656043708965666, -0.35499509099916765, -0.06488180724480089, -0.6010812742781013, 0.3181329047020416, -0.21852325682836968, -0.10180358497196318, -0.6225787274288129, 0.7207456551526372, -0.061562245232954636], [-0.26782152823081185, -0.7427789054462339, -0.35554333448588726, 0.3371998669338346, 0.3003179077825956, 0.4213667631127202, 0.7607124765657389, 0.09441931036175247, 0.017891866656715938, 0.03681913028716852, -0.04790979285225049]], "inverted": true, "swapped": false, "error_lsq": 0.049946681354475574, "error_max": 0.2972655942010295, "target": "331.xyz", "model": "2.xyz", "model_rescale": 3.932901565614263, "target_rescale": 3.6469803393990126},
{"mapping": [3, 0, 4, 7, 5, 8, 9, 10, 6, 11, 13], "R": [[0.9627772111264544, 0.07363480426853578, 0.26007298463296974], [-0.09343623078595012, 0.9935274679554572, 0.06459753241829425], [-0.2536330272501615, -0.08649327152069308, 0.9634257633411962]], "T": [-0.09169872783770502, -0.012164887768658733, -0.046738730579860055], "aligned_model": [[-0.2719865456730113, -0.44873747969754774, -0.6685772385747014, -0.7221928427792382, -0.19725937637297475, -0.19055708335280333, -0.17577698558430696, 0.6135856867108151, 0.19489957736457766, 0.5217452093647825, -0.029841969228312303], [0.4456356215819828, 0.03676880905993323, -0.6004968837202991, -0.06288364296173322, -0.6186944478137038, 0.5529412781102587, -0.10159098172722371, -0.13635560203105024, -0.6255380707022078, 0.6062267923286483, -0.09493921576371728], [-0.18312228699226452, -0.6116096469209831, -0.3370886073272067, 0.28439164592296096, 0.3244465707549911, 0.41115729731554396, 0.6776415284571011, -0.029534039731708817, -0.13799118586137338, 0.15071243873389376, 0.005670046334388376]], "inverted": false, "swapped": false, "error_lsq": 0.05884359088136237, "error_max": 0.2970914526168203, "target": "331.xyz", "model": "3.xyz", "model_rescale": 3.9243930471874484, "target_rescale": 3.6469803393990126},
{"mapping": [6, 5, 0, 3, 7, 10, 8, 9, 1, 11, 12], "R": [[-0.643458309075102, 0.7572847235732114, 0.11171952347219893], [-0.16599123757512965, -0.28051120496815934, 0.9453890061427561], [0.7472672303336252, 0.589773949348355, 0.30619989408808845]], "T": [-0.1296329046102111, -0.040476348440423776, 0.1574723034040107], "aligned_model": [[-0.3996805461814525, -0.19963442642386162, -0.6421596917908861, -0.784139130045955, -0.22380517093875618, -0.15058445631448797, 0.19957627710095915, 0.5745943936163038, 0.05300513767913698, 0.3527728277001782, -0.15464426222389982], [0.49426638626010466, -0.056572547379927424, -0.45662585226427543, 0.11515185067016584, -0.7863442290639004, 0.49915215462054097, -0.16697539052167726, -0.08098599292313828, -0.6291163173027129, 0.5409580938205345, -0.07183449955482644], [-0.24581542725924804, -0.5964930798188239, -0.37867901502205553, 0.13863524227113402, 0.4362759042074528, 0.6107821650707053, 0.6789660003417726, 0.14697121234918284, -0.20350779653087808, -0.07779941222343803, 0.045337967299539206]], "inverted": false, "swapped": false, "error_lsq": 0.04493077619898913, "error_max": 0.19911356767369143, "target": "331.xyz", "model": "4.xyz", "model_rescale": 3.8936222436046832, "target_rescale": 3.6469803393990126},
{"mapping": [8, 9, 0, 3, 2, 10, 4, 5, 1, 7, 11], "R": [[-0.7028643683333371, 0.07652368880216487, 0.7071957330042997], [0.6218858869812077, 0.5487372879937009, 0.5586996799166031], [-0.34531090816968957, 0.832485143301325, -0.43327688939244924]], "T": [-0.10336585612794047, 0.040844606685954236, -0.014538404641597252], "aligned_model": [[-0.488516618757744, -0.27260463435813, -0.6648235718979361, -0.6775438959942293, -0.3876283200315683, -0.25098925918075377, 0.24910537100181673, 0.6723638106162002, 0.11526922973356746, 0.29351618085887654, 0.037152660187179914], [0.6360871043069748, 0.01912615614338562, -0.5967051415844256, 0.023561481976169828, -0.4292658232964244, 0.3266098732734308, -0.2135270307636325, -0.16671298894865816, -0.7023202985340611, 0.5465886677741123, -0.042368343985983485], [-0.22240395109505334, -0.60861120209191, -0.26154824424264467, 0.00286574591972652, 0.4907827805083469, 0.5295323102184837, 0.6500544805247351, 0.09652097440522836, -0.2219351019169036, 0.06580536163374942, 0.033610606821584336]], "inverted": false, "swapped": false, "error_lsq": 0.04956205322411165, "error_max": 0.2635629573849279, "target": "331.xyz", "model": "5.xyz", "model_rescale": 3.6523030999806103, "target_rescale": 3.6469803393990126},
{"mapping": [3, 4, 11, 7, 9, 5, 8, 6, 10, 1, 12], "R": [[0.5950087115634656, -0.6799818968576241, -0.428473164981767], [-0.08870179333625428, 0.4742986000153574, -0.8758840276443023], [0.7988095048398696, 0.5591649648979986, 0.22189618520403412]], "T": [-0.054228303267884484, -0.004521963732952085, 0.04507478811492749], "aligned_model": [[-0.4498157836554198, -0.1389875340248779, -0.7465676230310037, -0.7240819353235365, -0.2782319575287978, -0.20107424914783073, 0.18862702936625164, 0.57119407098209, 0.2016408048031928, 0.32944965943829135, -0.12685152970107993], [0.4579393016985035, -0.11911425533633963, -0.4278601363383205, 0.07646788087245299, -0.6211055526086958, 0.3836963387706155, -0.14106963748853116, -0.17259850281869848, -0.6772381852936005, 0.5723419517595273, 0.06961445314397458], [-0.2900085243375997, -0.5106374408610819, -0.2955423885894598, 0.15256811995382552, 0.34890025773113154, 0.585099183644071, 0.6583276909776812, 0.1018338655263161, -0.25601809863444314, -0.003854854534151478, 0.0640059498090536]], "inverted": true, "swapped": false, "error_lsq": 0.05315275920707074, "error_max": 0.30128165287604425, "target": "331.xyz", "model": "6.xyz", "model_rescale": 4.08911054899281, "target_rescale": 3.6469803393990126},
{"mapping": [3, 1, 2, 6, 7, 4, 5, 10, 13, 8, 14], "R": [[0.38952932820822694, -0.3394794036281793, -0.8561662437738966], [0.8926722858364854, 0.3679934000698638, 0.26022499419634093], [0.22672250123247983, -0.8656411450579721, 0.44638807714544904]], "T": [-0.03635718041829422, -0.06614762366969508, -0.021101218704146024], "aligned_model": [[-0.46006258274534534, -0.2409398425983731, -0.6929127225274061, -0.5135030431460736, -0.4304156041992218, -0.09582741304659237, 0.12346072390094082, 0.6409490794471882, 0.017727919854795188, 0.2716822252629209, 0.005142211974446295], [0.6023538306987996, -0.18362655915529813, -0.4726431796134518, 0.011550189000402264, -0.579347948341916, 0.3861300383035869, -0.18657892930480954, 0.039703269027306226, -0.7584499159973918, 0.5409656465570366, 0.0010172151866238432], [-0.015535806603244745, -0.7155727392921947, -0.2531264897740035, 0.10314789413582995, 0.40390742819738323, 0.5162605752609374, 0.7140557493410177, 0.2009949707369671, -0.2528054705380082, 0.019815464288871834, -0.16646781506821304]], "inverted": true, "swapped": false, "error_lsq": 0.056140100375311294, "error_max": 0.34239871910853203, "target": "331.xyz", "model": "7.xyz", "model_rescale": 3.964800864290218, "target_rescale": 3.6469803393990126},
{"mapping": [1, 0, 3, 5, 10, 8, 9, 12, 6, 7, 13], "R": [[-0.7029946098859232, -0.7015192631139184, -0.11691579000051172], [-0.7058225371664286, 0.6680231714683007, 0.2357108152151252], [-0.08725322056683193, 0.24822523212102843, -0.9647647949833045]], "T": [-0.01756250140836378, -0.12466010101557304, -0.08186811157310558], "aligned_model": [[-0.27301702210959033, -0.3198330917834597, -0.5954289217983174, -0.7280384105300622, -0.38349851006166147, -0.15281979131991147, 0.17776725525829673, 0.6337757182472681, 0.026382174183068652, 0.2805618879868101, -0.04055033589516159], [0.555254544850709, -0.0770174407508086, -0.462771891137324, -0.027610937846966777, -0.5112883245255506, 0.3029482221689307, -0.18664233463703167, 0.041553756323123275, -0.6484339087821348, 0.5188699854711608, -0.10378801477321922], [-0.27049195248996777, -0.7295733220199033, -0.3606395471054667, 0.34810417294573415, 0.5440260227368783, 0.5425629645885485, 0.5752933721312062, 0.2628149523174676, -0.3272977083283036, -0.019867779349443795, -0.010257414741406456]], "inverted": true, "swapped": false, "error_lsq": 0.040517802356146236, "error_max": 0.184513836658959, "target": "331.xyz", "model": "8.xyz", "model_rescale": 4.121658175737393, "target_rescale": 3.6469803393990126},
{"mapping": [6, 9, 4, 1, 0, 2, 3, 11, 5, 8, 12], "R": [[0.4786169701869217, 0.6146497336703431, 0.6270019942137885], [0.8697206153694392, -0.4298569946665199, -0.24250570166012977], [0.12046512794371539, 0.6613839044271066, -0.7403103970053782]], "T": [0.01959389748932268, -0.0807100771956116, 0.01189251379558643], "aligned_model": [[-0.30103251810892934, -0.22580002311353659, -0.7386281660028056, -0.6321899229898905, -0.43266328528897147, -0.18323421146167745, 0.30751994159285617, 0.6303408657217752, 0.04649231598094393, 0.21962120947159952, -0.06512525362408476], [0.4388526934131213, -0.056275108408514574, -0.4342380142081287, 0.01821851723595544, -0.590761307940078, 0.2536601292706234, -0.1412971133310379, 0.016367491227270936, -0.6529687234556595, 0.6195869621936234, -0.0700718696362882], [-0.31588069913061856, -0.7833273130865648, -0.2851684528495412, 0.21269764390646273, 0.4044933616853662, 0.5858295958054304, 0.7440890691338623, 0.155406140526543, -0.21943933256164044, 0.02313834907433677, 0.03283539818170693]], "inverted": false, "swapped": false, "error_lsq": 0.04318657999382656, "error_max": 0.25715566714380456, "target": "331.xyz", "model": "9.xyz", "model_rescale": 3.833441315466971, "target_rescale": 3.6469803393990126},
{"mapping": [10, 0, 1, 12, 6, 11, 7, 9, 5, 8, 14], "R": [[-0.5921767721140563, 0.49589766366452104, 0.6351473669477401], [0.7796245769048415, 0.15329029575851488, 0.6071965121047835], [0.20374540400834706, 0.85474416780598, -0.47738895876123766]], "T": [-0.08101226958536337, -0.1648826332365251, 0.0542184296227865], "aligned_model": [[-0.2618129648582651, -0.37892728033882495, -0.6620989017080717, -0.6515848856584892, -0.47057149748897087, -0.18824344043954314, 0.16656964188340792, 0.6821228985502276, 0.054494458941197865, 0.32726160603920074, 0.008091317255410513], [0.5786030920362711, -0.10298431465640077, -0.4952021774661519, -0.049300934552652415, -0.6253338525006142, 0.3662548437315145, -0.020940621410991705, 0.05968837708788291, -0.6391392469429021, 0.49845548892657676, -0.1690269978916444], [-0.24627155094942815, -0.5550747725618308, -0.2601639133642924, 0.2094853547150053, 0.366400829316098, 0.468623470133683, 0.6557979099301718, 0.21265675519224275, -0.4085491063461923, 0.02498932521693692, 0.08677945940294848]], "inverted": false, "swapped": false, "error_lsq": 0.04984292495797451, "error_max": 0.23279048602741212, "target": "331.xyz", "model": "10.xyz", "model_rescale": 4.2482417240324, "target_rescale": 3.6469803393990126},
{"mapping": [7, 5, 4, 10, 0, 8, 1, 2, 6, 3, 11], "R": [[-0.5529808099907939, 0.48593430156753326, -0.6768161333346001], [-0.7696831008518139, 0.013140826579867704, 0.6382908764348232], [0.31906135467189106, 0.8738965460721719, 0.3667487951146756]], "T": [-0.12576414835761818, -0.039305330445070286, 0.0594686156385869], "aligned_model": [[-0.14732770638024006, -0.21345861390780838, -0.6473914256474051, -0.7124058781567193, -0.37089457365881995, -0.25152585523489873, 0.2221424242684199, 0.5980776047484114, 0.06339558042856405, 0.3124593060860863, -0.2277699103683108], [0.5303297530949309, -0.1289578731331107, -0.5673648398540432, -0.003752685569583858, -0.5573776471309564, 0.37972731051633785, -0.1769314463372042, -0.05033576212019042, -0.5973678666935043, 0.6195133894140683, -0.04640867582585631], [-0.30605447701238764, -0.6811110712439024, -0.4041020028676387, 0.3232675027385297, 0.5547984302159279, 0.49011170201875254, 0.6587737321746047, -0.09444282780252819, -0.21121005139019794, 0.23832533144858276, -0.013682507594399825]], "inverted": true, "swapped": false, "error_lsq": 0.04926208531989269, "error_max": 0.2599312601691496, "target": "331.xyz", "model": "11.xyz", "model_rescale": 3.6694154284099745, "target_rescale": 3.6469803393990126},
{"mapping": [6, 7, 9, 11, 8, 4, 3, 1, 10, 0, 13], "R": [[0.519102774376466, -0.29350077107033695, 0.8027388161885368], [-0.18446129132675215, 0.8785886497223803, 0.4405178958692506], [-0.834569554702736, -0.37674830054045694, 0.40193827436952884]], "T": [-0.049338570616122776, -0.03291462954114817, -0.1002602166171804], "aligned_model": [[-0.3360712498048138, -0.39108920936979086, -0.6630941425550069, -0.718767172316025, -0.3012671998490979, -0.07401625338838368, 0.10817746588893161, 0.6472661047028403, 0.0027062164025627583, 0.3250157033150661, 0.02644068915099687], [0.4465324700339897, -0.1432638208124683, -0.5386858290325057, 0.03026956488208253, -0.5710141306763871, 0.3439987649556811, -0.20101815346639912, -0.015855009717444538, -0.5720725170228023, 0.5716218383884621, 0.05056047882867927], [-0.18840602110005475, -0.7507945165328495, -0.2106497929780647, 0.20453767331691233, 0.36833208374838367, 0.5361405649443773, 0.7293052142506757, 0.3802857122978345, -0.4321169625467186, -0.02861943941521225, -0.053340755299941645]], "inverted": true, "swapped": false, "error_lsq": 0.048530808900751184, "error_max": 0.2548546623185029, "target": "331.xyz", "model": "12.xyz", "model_rescale": 3.9764082729961374, "target_rescale": 3.6469803393990126},
{"mapping": [1, 9, 5, 13, 6, 11, 14, 3, 4, 8, 15], "R": [[-0.7836184254524524, 0.6083509116148026, -0.12590207158287076], [-0.6089840843698627, -0.7121551527498707, 0.3492469375613885], [0.12280288382452426, 0.3503486930891096, 0.9285339223610162]], "T": [-0.1653845842345159, -0.00037169600504486505, -0.0818061133321687], "aligned_model": [[-0.28183317133642655, -0.4762585222317052, -0.6093463000817831, -0.5412235157023773, -0.3625205639656741, 0.03203659484211846, -0.006089479676788856, 0.575390568952018, 0.08329839259870378, 0.2982255172566476, -0.08637856847745326], [0.5383893216979803, -0.02955291927099974, -0.6082229097890837, 0.014074142221518725, -0.6027870988537718, 0.4254725547803621, -0.17986777098155612, 0.03484206217076934, -0.6504221843519654, 0.5257296824124095, -0.06658122367477501], [-0.39724052906159585, -0.5956202600821822, -0.4509115218511165, 0.40091219120778476, 0.34468174535231266, 0.5586829582954567, 0.6805679866391241, 0.3162587192896217, -0.25916129767287654, 0.007277274968662234, -0.050773506399848095]], "inverted": false, "swapped": false, "error_lsq": 0.045917829210860246, "error_max": 0.2320236769776134, "target": "331.xyz", "model": "13.xyz", "model_rescale": 4.170626492500431, "target_rescale": 3.6469803393990126},
{"mapping": [11, 3, 1, 10, 7, 12, 8, 4, 0, 5, 13], "R": [[0.03897085829377157, 0.669732909262668, -0.7415787904561524], [-0.506905359374034, 0.6528102799923534, 0.5629260119893085], [0.8611203335433026, 0.35397255343722406, 0.36493177796870924]], "T": [-0.0750774482393742, -0.09113119313670265, -0.06764593426654444], "aligned_model": [[-0.3942591960531694, -0.23452223580838807, -0.6095650364034444, -0.4526004536404853, -0.43831982809402803, 0.03966507298024066, 0.060074701351521265, 0.5651477132277333, -0.01789841485767152, 0.18571580433729143, -0.07813717486232045], [0.5075584976546317, -0.020041670774850417, -0.5769510967472748, 0.02872209290071792, -0.654430768230637, 0.3681513390862346, -0.2695896723326201, -0.08371331741627844, -0.6826426490019419, 0.776882684713385, 0.007128216509521362], [-0.26602263938549997, -0.7347270717283373, -0.33054612302592135, 0.3341498785461007, 0.3886197395084269, 0.49056534348160885, 0.6404802977493048, 0.2375095151968941, -0.11963787835023618, 0.008239608667296977, -0.0939569099742939]], "inverted": false, "swapped": false, "error_lsq": 0.0456530493806177, "error_max": 0.24967977371956934, "target": "331.xyz", "model": "14.xyz", "model_rescale": 3.9786697098870705, "target_rescale": 3.6469803393990126},
{"mapping": [8, 9, 6, 7, 10, 5, 4, 0, 1, 2, 11], "R": [[-0.06400295627966912, 0.2453970599468375, 0.9673075542747052], [-0.996602426987094, -0.06606712744480758, -0.04918065874534483], [0.051838442404235796, -0.9671687637846047, 0.2487917969878889]], "T": [-0.12623754921689528, -0.042204035742044316, -0.011365248647904225], "aligned_model": [[-0.2455881040775998, -0.19280293775900006, -0.5261780219542092, -0.7664187641891416, -0.338695912842935, -0.3283466342775962, 0.18714467570689203, 0.5204057681429173, 0.020370283314998017, 0.4535960907088719, -0.1581854905959182], [0.46552721599372726, 0.046355643054419485, -0.5579346026095399, -0.09400816620666558, -0.5588699431166123, 0.49232571162777516, -0.052266897360145, -0.11833356706628317, -0.7043553943756885, 0.5753642677846136, -0.09273061136471356], [-0.025241382376835896, -0.6238523916876013, -0.4601695394797789, 0.14471277496259616, 0.605269791208774, 0.5526289487004648, 0.5145673040706163, -0.2560329838583161, 0.015723737901275035, 0.17902844020935488, -0.09196093896520603]], "inverted": true, "swapped": false, "error_lsq": 0.06987179439420031, "error_max": 0.43341056112550275, "target": "331.xyz", "model": "15.xyz", "model_rescale": 3.769337070930944, "target_rescale": 3.6469803393990126},
{"mapping": [1, 7, 5, 0, 4, 3, 2, 8, 6, 9, 10], "R": [[-0.13699396184803564, -0.5774386184811976, -0.8048585567065214], [0.882357217405552, 0.29814178120627627, -0.36408408258461444], [0.4501981733742491, -0.7600500774196887, 0.46866350882569774]], "T": [-0.13658375522511337, -0.036032700619207186, -0.004824959564181525], "aligned_model": [[-0.6772865198983504, -0.11601199436197254, -0.573575683783359, -0.6441125243808744, -0.4682258655132415, 0.019473993810101647, 0.10082402115489453, 0.605190346233858, 0.1503026126587377, 0.36160991940153564, -0.1328873531440503], [0.463621542463449, 0.012813770333580027, -0.38067807850754776, -0.007076979247205378, -0.6877358345954727, 0.4367074587554941, -0.1779241095236655, -0.11957217883343327, -0.705156236905479, 0.6062446216086954, -0.04017031918752697], [-0.3196496791219475, -0.7177957352020519, -0.3794027744351557, 0.39398104503068077, 0.2659684310247218, 0.4764298164091466, 0.6807625505458733, 0.06064296946264927, 0.033604646335648525, 0.0030862240412677655, 0.057046266594509745]], "inverted": true, "swapped": false, "error_lsq": 0.06805667315481673, "error_max": 0.4262766424460286, "target": "331.xyz", "model": "16.xyz", "model_rescale": 3.7852294659196426, "target_rescale": 3.6469803393990126},
{"mapping": [3, 0, 9, 8, 11, 2, 7, 5, 10, 1, 12], "R": [[-0.9478418725651679, 0.14447367306633196, 0.28411818386523313], [-0.13072005942775422, -0.9891600160897259, 0.06689341247520125], [0.29070268432775126, 0.026264431463400045, 0.9564528890460544]], "T": [-0.06510037414533695, -0.03581547876885821, 0.0248665836622063], "aligned_model": [[-0.3197636569152478, -0.27222461551142296, -0.6451681809260726, -0.7157833377206542, -0.3983647839011738, -0.20642082134281733, 0.25405976012755427, 0.5923131872439403, 0.10632621865645231, 0.32623453088165943, -0.09590734841493832], [0.6808584554465023, 0.03207757118164742, -0.5943749224198185, -0.059962010201853176, -0.42204119555658953, 0.3150117005356884, -0.13756995642935313, -0.033096876641742976, -0.7778086313208963, 0.5199958755392249, -0.12201635377192116], [-0.207556426359791, -0.6218460558815581, -0.28944929719136736, 0.04018119058067311, 0.5518358458731726, 0.50552846325678, 0.6406667461689818, 0.02186174351271146, -0.23840924152004855, 0.1352517492271298, 0.016609043018658846]], "inverted": false, "swapped": false, "error_lsq": 0.05046357854709491, "error_max": 0.2292155999349508, "target": "331.xyz", "model": "17.xyz", "model_rescale": 3.901054581598922, "target_rescale": 3.6469803393990126},
{"mapping": [1, 0, 2, 8, 5, 4, 10, 11, 13, 6, 14], "R": [[-0.8201810835092767, -0.1867307288782356, -0.5407722488683679], [-0.3531576611793359, 0.9088958549875779, 0.22178365840778558], [0.45009183130100305, 0.37288062389859145, -0.8114045746217523]], "T": [-0.057481012862900194, -0.09293734550449523, -0.011820626451378533], "aligned_model": [[-0.26121470860869517, -0.3964183720178942, -0.6627786212393035, -0.6774509070759985, -0.30329071355411347, -0.33845905135606336, 0.192907792520227, 0.7218618186268246, -0.02469838787328002, 0.38468715005326415, -0.00984504729768839], [0.539713831177365, 0.10531505565282709, -0.565127496367808, -0.04923786905909213, -0.5843297958369351, 0.4079733290004924, -0.03332087917460427, -0.015450421753349652, -0.7984384930237547, 0.5135298281194334, -0.1195534323736861], [-0.22141695107720216, -0.6609138173753628, -0.3190491549274896, 0.2208721713909057, 0.2851593354955465, 0.5319751145776415, 0.7667710966037848, 0.14099140376822994, -0.1812184677846636, 0.008443338858715371, -0.016940308844762875]], "inverted": true, "swapped": false, "error_lsq": 0.043340042885394996, "error_max": 0.2141366987052058, "target": "331.xyz", "model": "18.xyz", "model_rescale": 3.9405287249114394, "target_rescale": 3.6469803393990126},
{"mapping": [8, 5, 2, 1, 3, 4, 12, 13, 10, 7, 15], "R": [[-0.03449386012660265, 0.71030678454334, 0.7030465457174706], [-0.7427188479095215, 0.4524781667355245, -0.4935911482062983], [-0.6687143534974551, -0.5391917844880059, 0.5119505180846294]], "T": [-0.040362326888243066, -0.021916557992931414, 0.09608431416607223], "aligned_model": [[-0.3651044292154978, -0.2519872866267041, -0.567868984106403, -0.6463605014770509, -0.3270304880284828, -0.018127738432749247, 0.01658792856479782, 0.6290040734112333, -0.06838770299809421, 0.28124326644350894, -0.05666718535727852], [0.5385583474991226, 0.05958646043128007, -0.45086312858705585, -0.17449240251132206, -0.7098348017509042, 0.547430802495031, -0.12939898262597868, -0.06188953411017959, -0.7590218655082254, 0.5901679740746717, -0.049169213045551795], [-0.2946618986443717, -0.703812414894814, -0.4452721757544874, 0.3082310747917557, 0.508417250235197, 0.5543574148360583, 0.6302596215401847, 0.13707978589671627, -0.17556689763540545, -0.03638423637577391, 0.07202623669028362]], "inverted": false, "swapped": false, "error_lsq": 0.038750102168266416, "error_max": 0.19746327368353375, "target": "331.xyz", "model": "19.xyz", "model_rescale": 4.410303926677745, "target_rescale": 3.6469803393990126},
{"mapping": [1, 0, 3, 5, 10, 8, 9, 12, 6, 7, 13], "R": [[-0.7029946098859232, -0.7015192631139184, -0.11691579000051172], [-0.7058225371664286, 0.6680231714683007, 0.2357108152151252], [-0.08725322056683193, 0.24822523212102843, -0.9647647949833045]], "T": [-0.01756250140836378, -0.12466010101557304, -0.08186811157310558], "aligned_model": [[-0.27301702210959033, -0.3198330917834597, -0.5954289217983174, -0.7280384105300622, -0.38349851006166147, -0.15281979131991147, 0.17776725525829673, 0.6337757182472681, 0.026382174183068652, 0.2805618879868101, -0.04055033589516159], [0.555254544850709, -0.0770174407508086, -0.462771891137324, -0.027610937846966777, -0.5112883245255506, 0.3029482221689307, -0.18664233463703167, 0.041553756323123275, -0.6484339087821348, 0.5188699854711608, -0.10378801477321922], [-0.27049195248996777, -0.7295733220199033, -0.3606395471054667, 0.34810417294573415, 0.5440260227368783, 0.5425629645885485, 0.5752933721312062, 0.2628149523174676, -0.3272977083283036, -0.019867779349443795, -0.010257414741406456]], "inverted": true, "swapped": false, "error_lsq": 0.040517802356146236, "error_max": 0.184513836658959, "target": "331.xyz", "model": "20.xyz", "model_rescale": 4.121658175737393, "target_rescale": 3.6469803393990126},
{"mapping": [3, 4, 11, 7, 9, 5, 8, 6, 10, 1, 12], "R": [[0.5950087115634656, -0.6799818968576241, -0.428473164981767], [-0.08870179333625428, 0.4742986000153574, -0.8758840276443023], [0.7988095048398696, 0.5591649648979986, 0.22189618520403412]], "T": [-0.054228303267884484, -0.004521963732952085, 0.04507478811492749], "aligned_model": [[-0.4498157836554198, -0.1389875340248779, -0.7465676230310037, -0.7240819353235365, -0.2782319575287978, -0.20107424914783073, 0.18862702936625164, 0.57119407098209, 0.2016408048031928, 0.32944965943829135, -0.12685152970107993], [0.4579393016985035, -0.11911425533633963, -0.4278601363383205, 0.07646788087245299, -0.6211055526086958, 0.3836963387706155, -0.14106963748853116, -0.17259850281869848, -0.6772381852936005, 0.5723419517595273, 0.06961445314397458], [-0.2900085243375997, -0.5106374408610819, -0.2955423885894598, 0.15256811995382552, 0.34890025773113154, 0.585099183644071, 0.6583276909776812, 0.1018338655263161, -0.25601809863444314, -0.003854854534151478, 0.0640059498090536]], "inverted": true, "swapped": false, "error_lsq": 0.05315275920707074, "error_max": 0.30128165287604425, "target": "331.xyz", "model": "21.xyz", "model_rescale": 4.08911054899281, "target_rescale": 3.6469803393990126},
{"mapping": [0, 13, 3, 2, 15, 1, 11, 5, 14, 6, 16], "R": [[-0.0583533857943109, 0.9315778505449679, -0.35882807964310476], [-0.47169008858788675, -0.3425159426376661, -0.812521562401259], [-0.8798314285670252, 0.1218422644776804, 0.4594030037915067]], "T": [-0.0003289157886049304, -0.0510629774701132, -0.02582956793802131], "aligned_model": [[-0.31215627394373635, -0.2622171624568053, -0.6113408558525673, -0.6677163407269019, -0.25805647448464375, -0.32140892995485604, 0.21994936299842055, 0.6727166135657574, -0.13939955298420376, 0.3314620613850969, -0.02653149536828118], [0.6349575215502801, -0.07249415432654577, -0.4953068266818981, -0.12714435175034813, -0.5103397861784522, 0.3208983595222245, -0.14102751351752654, -0.1319401901288412, -0.661088745608919, 0.6104795819104576, -0.02592023842954315], [-0.2053260074823104, -0.6322000957045366, -0.4543043452951578, 0.23885794384731562, 0.47830170104401387, 0.5975088389902797, 0.701684619144847, 0.16961261235279768, -0.16848476771613646, -0.11437513894918379, -0.05660159954658617]], "inverted": false, "swapped": false, "error_lsq": 0.03859295282020032, "error_max": 0.20304537038362594, "target": "331.xyz", "model": "22.xyz", "model_rescale": 4.204369325754507, "target_rescale": 3.6469803393990126},
{"mapping": [8, 5, 2, 1, 3, 4, 12, 13, 10, 7, 15], "R": [[-0.03449386012660265, 0.71030678454334, 0.7030465457174706], [-0.7427188479095215, 0.4524781667355245, -0.4935911482062983], [-0.6687143534974551, -0.5391917844880059, 0.5119505180846294]], "T": [-0.040362326888243066, -0.021916557992931414, 0.09608431416607223], "aligned_model": [[-0.3651044292154978, -0.2519872866267041, -0.567868984106403, -0.6463605014770509, -0.3270304880284828, -0.018127738432749247, 0.01658792856479782, 0.6290040734112333, -0.06838770299809421, 0.28124326644350894, -0.05666718535727852], [0.5385583474991226, 0.05958646043128007, -0.45086312858705585, -0.17449240251132206, -0.7098348017509042, 0.547430802495031, -0.12939898262597868, -0.06188953411017959, -0.7590218655082254, 0.5901679740746717, -0.049169213045551795], [-0.2946618986443717, -0.703812414894814, -0.4452721757544874, 0.3082310747917557, 0.508417250235197, 0.5543574148360583, 0.6302596215401847, 0.13707978589671627, -0.17556689763540545, -0.03638423637577391, 0.07202623669028362]], "inverted": false, "swapped": false, "error_lsq": 0.038750102168266416, "error_max": 0.19746327368353375, "target": "331.xyz", "model": "23.xyz", "model_rescale": 4.410303926677745, "target_rescale": 3.6469803393990126},
{"mapping": [11, 10, 8, 15, 5, 13, 12, 0, 4, 7, 16], "R": [[0.13011471164683014, -0.03743714479668686, 0.9907919166013286], [-0.7321076663063693, -0.6775264319207273, 0.07054288755225235], [0.668646787735127, -0.7345450253308097, -0.11556417703274718]], "T": [-0.1619013102808187, 0.028480400294408993, 0.012724750741131552], "aligned_model": [[-0.29812434367460394, -0.26846099356130193, -0.6064642731421954, -0.7998045132182265, -0.16881952720823679, -0.14771066429773091, 0.25244823338194233, 0.5484078423032372, -0.12132235052631789, 0.3050911328840843, -0.06993959076337085], [0.556970670616447, -0.0689230641188108, -0.5053766520584851, -0.19284181933671962, -0.47872903182496107, 0.4670497019974085, -0.08085313996522828, -0.1555976547218252, -0.6212785261488305, 0.4934129738091626, -0.012759801887269329], [-0.30799756834299064, -0.6220520173396485, -0.42666924894417024, 0.24383115397240465, 0.3846021010484925, 0.5619443944170136, 0.6928250870331035, 0.191503912007002, -0.21099618820674962, 0.1003983316770147, -0.05271619663612914]], "inverted": true, "swapped": false, "error_lsq": 0.044749455787768205, "error_max": 0.23637272812388552, "target": "331.xyz", "model": "24.xyz", "model_rescale": 4.28219845311461, "target_rescale": 3.6469803393990126},
{"mapping": [2, 14, 12, 13, 9, 4, 3, 1, 11, 0, 15], "R": [[-0.8574274787301768, -0.27602189607288113, -0.4343155898730141], [0.17603803746722527, 0.6357353855806582, -0.7515657848021688], [0.48355840193620914, -0.7208692200454558, -0.49650663591532807]], "T": [-0.06496382093540756, -0.11320430162163381, 0.024784818023395633], "aligned_model": [[-0.3185452905621229, -0.330344107853495, -0.6435074154145124, -0.6476985806959432, -0.2317584175893579, -0.07887423365005983, 0.22159509185993823, 0.5148247442980982, -0.1141917814983828, 0.2908625476203214, -0.03706160433720414], [0.4594584704848936, -0.06615824075391963, -0.5213701304279457, -0.003965340266581893, -0.6694645243094337, 0.41814784120622667, -0.1719162258951087, -0.055628723104833855, -0.5642420390658576, 0.6208514064412898, -0.04463883794784175], [-0.2518626328832452, -0.6876087504250668, -0.2634995306934187, 0.06224821383724005, 0.3706573538819615, 0.5269003164458811, 0.7420589945455116, 0.2901292568752395, -0.2762444804653066, 0.014587517572362402, 0.0273075019941838]], "inverted": false, "swapped": false, "error_lsq": 0.040060195125965176, "error_max": 0.2112820389815001, "target": "331.xyz", "model": "25.xyz", "model_rescale": 4.100010024507729, "target_rescale": 3.6469803393990126},
{"mapping": [7, 5, 4, 10, 0, 8, 1, 2, 6, 3, 11], "R": [[-0.5529808099907939, 0.48593430156753326, -0.6768161333346001], [-0.7696831008518139, 0.013140826579867704, 0.6382908764348232], [0.31906135467189106, 0.8738965460721719, 0.3667487951146756]], "T": [-0.12576414835761818, -0.039305330445070286, 0.0594686156385869], "aligned_model": [[-0.14732770638024006, -0.21345861390780838, -0.6473914256474051, -0.7124058781567193, -0.37089457365881995, -0.25152585523489873, 0.2221424242684199, 0.5980776047484114, 0.06339558042856405, 0.3124593060860863, -0.2277699103683108], [0.5303297530949309, -0.1289578731331107, -0.5673648398540432, -0.003752685569583858, -0.5573776471309564, 0.37972731051633785, -0.1769314463372042, -0.05033576212019042, -0.5973678666935043, 0.6195133894140683, -0.04640867582585631], [-0.30605447701238764, -0.6811110712439024, -0.4041020028676387, 0.3232675027385297, 0.5547984302159279, 0.49011170201875254, 0.6587737321746047, -0.09444282780252819, -0.21121005139019794, 0.23832533144858276, -0.013682507594399825]], "inverted": true, "swapped": false, "error_lsq": 0.04926208531989269, "error_max": 0.2599312601691496, "target": "331.xyz", "model": "26.xyz", "model_rescale": 3.6694154284099745, "target_rescale": 3.6469803393990126},
{"mapping": [8, 10, 11, 9, 12, 7, 3, 1, 2, 5, 13], "R": [[-0.3481712768255349, -0.4685479155530308, -0.811935719638314], [-0.1417231121909845, 0.8824824688530479, -0.44848550883828014], [0.926655988738312, -0.041079715163805236, -0.3736591167594901]], "T": [-0.07155980787015434, -0.003291231762115966, -0.04792139747584176], "aligned_model": [[-0.3489441024863936, -0.504588846428078, -0.5858186554645348, -0.6919394110255085, -0.3068022580790103, -0.03734260998176389, -0.16675722051141123, 0.7435597785583746, 0.08185801807817669, 0.49933869404531406, -0.057262434527885944], [0.5376544105551405, -0.018326560856701236, -0.6669611794281555, 0.02518094683730198, -0.680143953082168, 0.3913242563717311, -0.10251369028848947, -0.019495529145147274, -0.5608607632352027, 0.5442829016425073, -0.049067183009929134], [-0.244880676486178, -0.4652348414687888, -0.22471366959498193, 0.2334715990698453, 0.29305396324516886, 0.4411965071361198, 0.7482717805180009, 0.29114221641195837, -0.40528512598987687, -0.0332255253343193, -0.07912246682160576]], "inverted": false, "swapped": false, "error_lsq": 0.060952428426141236, "error_max": 0.296591124497739, "target": "331.xyz", "model": "27.xyz", "model_rescale": 4.103607728864725, "target_rescale": 3.6469803393990126},
{"mapping": [7, 6, 9, 0, 3, 1, 2, 13, 10, 8, 14], "R": [[-0.8139454943214401, 0.4490136013859766, -0.36861839081117753], [-0.46110896826451636, -0.8852985897017807, -0.06020736215839048], [-0.3533712660359639, 0.12096773471646718, 0.9276289966887121]], "T": [-0.003441702412225925, -0.15000152074539522, -0.051268971029961266], "aligned_model": [[-0.15331729175153647, -0.22912397061414924, -0.6997499397060155, -0.5810857384075141, -0.24753355876212418, -0.4098180676586419, 0.07294535006508414, 0.6333014995903926, -0.02692982479776758, 0.34210398730545905, -0.0754914930859077], [0.5261476193231623, -0.07091394025497383, -0.44519294914661967, -0.12760104000941133, -0.6238635436698721, 0.4400756948400185, -0.1341887788158441, -0.06692965385219253, -0.6023458224455284, 0.5930761355934424, -0.0871900652012935], [-0.2523681845245145, -0.6378522398701796, -0.36454326829715133, 0.3676789101241483, 0.4773185822290917, 0.48680905443748507, 0.6803290617985718, 0.03550483024687333, -0.284952982318652, -0.024552875242410996, 0.0713028721020812]], "inverted": true, "swapped": false, "error_lsq": 0.04645999567861161, "error_max": 0.29868385405574144, "target": "331.xyz", "model": "28.xyz", "model_rescale": 4.137296879288765, "target_rescale": 3.6469803393990126},
{"mapping": [0, 1, 2, 5, 4, 6, 4, 8, 3, 9, 10], "R": [[-0.6458737854008074, 0.29987746192929166, 0.7020830158598613], [0.6812014180198535, -0.18883918159749452, 0.7073219857895904], [0.3446907039938457, 0.9351006744305316, -0.08231067524806385]], "T": [-0.0658192401887313, -0.019763141351721157, -0.07265093683722999], "aligned_model": [[-0.29382576869528065, -0.48825963046732235, -0.5576580422257269, -0.7331238782352208, -0.07599084653535836, -0.33223672824320827, -0.07599084653535836, 0.6273801315816746, 0.15587456347361217, 0.4339120562739239, -0.03478005821445551], [0.6146258412668518, 0.09225807070494901, -0.5814099514890564, -0.027001038037240098, -0.31924540016274844, 0.29418258474106007, -0.31924540016274844, -0.2119969290541132, -0.6652819758559303, 0.5339691683010589, -0.009781313891195144], [-0.26260878494503087, -0.685802085087373, -0.3066734347717646, 0.015950870846899737, 0.6413776885413277, 0.5160829810610045, 0.6413776885413277, -0.10222592320229133, -0.06755028191282138, 0.16068010874227978, 0.0040649328717846656]], "inverted": false, "swapped": false, "error_lsq": 0.06998589788322308, "error_max": 0.4273788948854848, "target": "331.xyz", "model": "29.xyz", "model_rescale": 3.607286011436655, "target_rescale": 3.6469803393990126},
{"mapping": [3, 1, 2, 6, 7, 4, 5, 10, 13, 8, 14], "R": [[0.38952932820822694, -0.3394794036281793, -0.8561662437738966], [0.8926722858364854, 0.3679934000698638, 0.26022499419634093], [0.22672250123247983, -0.8656411450579721, 0.44638807714544904]], "T": [-0.03635718041829422, -0.06614762366969508, -0.021101218704146024], "aligned_model": [[-0.46006258274534534, -0.2409398425983731, -0.6929127225274061, -0.5135030431460736, -0.4304156041992218, -0.09582741304659237, 0.12346072390094082, 0.6409490794471882, 0.017727919854795188, 0.2716822252629209, 0.005142211974446295], [0.6023538306987996, -0.18362655915529813, -0.4726431796134518, 0.011550189000402264, -0.579347948341916, 0.3861300383035869, -0.18657892930480954, 0.039703269027306226, -0.7584499159973918, 0.5409656465570366, 0.0010172151866238432], [-0.015535806603244745, -0.7155727392921947, -0.2531264897740035, 0.10314789413582995, 0.40390742819738323, 0.5162605752609374, 0.7140557493410177, 0.2009949707369671, -0.2528054705380082, 0.019815464288871834, -0.16646781506821304]], "inverted": true, "swapped": false, "error_lsq": 0.056140100375311294, "error_max": 0.34239871910853203, "target": "331.xyz", "model": "30.xyz", "model_rescale": 3.964800864290218, "target_rescale": 3.6469803393990126},
