[{"mapping": [3, 2, 8, 9, 6, 10, 1, 5, 4, 0, 7, 11], "R": [[0.26979695986683616, -0.13995220391267682, -0.9526924902961067], [0.10577792849178444, 0.9877013487771751, -0.11513937409824712], [0.9570896667975264, -0.0697095850205242, 0.2812826753741982]], "T": [-0.0027705803567761225, -0.068078293434354, -0.004067625421572218], "aligned_model": [[0.08671450791634601, -0.7267500145010035, -0.1591930429076199, 0.44717707658798117, 0.37229276595128746, 0.5088561928391487, -0.18250029063089906, 0.08445751174673849, -0.5662900092642432, -0.4307306935385206, 0.6486173157355797, -0.031207711378955345], [-0.7273421168631582, 0.1345352513556492, -0.2928600621713137, -0.39860929562833447, 0.18666027409766528, -0.1331337247206164, 0.5740092964779111, 0.5480456450029285, -0.5421806654535589, 0.2125404974993403, 0.6171644841744938, -0.022840483402385425], [0.17312194786565918, -0.29312086617534183, -0.5768753246926487, -0.24417757320910355, -0.5693907506542918, 0.4383882274882392, -0.24344456174667736, 0.5449941971106642, 0.3276269039772436, 0.3436314250543837, 0.048272172297732556, 0.0403972597221148]], "inverted": true, "swapped": false, "error_lsq": 0.05312343222687605, "error_max": 0.3338016459420999, "target": "332.xyz", "model": "0.xyz", "model_rescale": 3.751011558992144, "target_rescale": 3.9899903168184374},
{"mapping": [9, 7, 6, 10, 4, 5, 1, 0, 12, 3, 8, 14], "R": [[0.8986340516722966, 0.22514852300639882, -0.3765169103281672], [0.26490243391911866, 0.4056377192833618, 0.8748055447917094], [0.34969063710479725, -0.8858702970992027, 0.3048774754530274]], "T": [0.046318437247116685, -0.011871998137288191, 0.05584953298679664], "aligned_model": [[0.20653733754109446, -0.5766547293800038, -0.31105608006485413, 0.5086740088614097, 0.5414565876130512, 0.5199818033249486, -0.12698654198294268, -0.3128681890987521, -0.5547953505318826, -0.4421705558387711, 0.5792620194914119, 0.02006329862113023], [-0.6246683829311394, 0.12599110233334782, -0.07498977783588197, -0.5177854649620304, 0.19947250502355424, -0.1845709564019726, 0.5330951598006092, 0.6259622305434024, -0.39159453312297876, 0.1423321139509305, 0.3813478450338715, -0.05860274106309136], [0.23750887380490165, -0.12463654123624508, -0.6014368167361352, -0.39440887905172545, -0.5235861260347258, 0.4245013096619277, -0.3424741173015029, 0.25499014330289166, 0.2713677796464151, 0.6224229924444334, 0.09789171681375208, 0.06728272172398714]], "inverted": true, "swapped": false, "error_lsq": 0.04760217438094347, "error_max": 0.29853051751350007, "target": "332.xyz", "model": "1.xyz", "model_rescale": 3.9405287249114394, "target_rescale": 3.9899903168184374},
{"mapping": [3, 9, 4, 7, 1, 6, 2, 5, 10, 11, 0, 12], "R": [[0.3926343701460526, 0.9037400602065211, 0.1705642253168183], [-0.7996030001231635, 0.42707208037150224, -0.42219009979059563], [-0.45439332474635724, 0.02938267763616842, 0.8903164407562518]], "T": [0.0027765856430768503, -0.016726787454494352, -0.0500497628928928], "aligned_model": [[-0.04136821772025229, -0.7676245461865921, -0.06671633635177493, 0.5521477386432285, 0.5139115706685586, 0.3782052980386005, -0.079430059329219, -0.18526074557993558, -0.614989093428062, -0.17246490640050074, 0.5529686846091835, -0.01793577840739478], [-0.5855056658301747, 0.07073808024387382, -0.32719419722055787, -0.5775097125352626, 0.24528940499219393, -0.1165200459234606, 0.6003002704499776, 0.6292296396882393, -0.48177858181889016, 0.10987347513448142, 0.5485968583535568, 0.040469574834644376], [-0.013423236732100566, 0.171790495140069, -0.6749309061102079, -0.16240500462767987, -0.5953156377988935, 0.3300163903786251, -0.3269781017420633, 0.2246474097832561, 0.2869658356075339, 0.6288295209388689, 0.2339006165776088, -0.11367432437704195]], "inverted": false, "swapped": false, "error_lsq": 0.04965290555444826, "error_max": 0.314249464879853, "target": "332.xyz", "model": "2.xyz", "model_rescale": 3.932901565614263, "target_rescale": 3.9899903168184374},
{"mapping": [0, 5, 6, 1, 10, 3, 12, 9, 4, 7, 11, 13], "R": [[-0.49285070515683527, -0.8627704442714026, 0.11280666167446413], [-0.0924221163429294, -0.07700442204127855, -0.9927378664062243], [0.8651915018289906, -0.49969738790373464, -0.04178738667445375]], "T": [0.08671317553582497, -0.017847705127356513, 0.09255833011907341], "aligned_model": [[0.11857796064047306, -0.5689827863735457, -0.2324205744760368, 0.5145114100551331, 0.3403545975632691, 0.4050518373404835, -0.17781190893320858, -0.25127444609702126, -0.5901563408594521, -0.37687786907614546, 0.8349882811698168, 0.03548344760207443], [-0.6606202898103085, 0.20868462807583682, -0.08221960770048922, -0.4980785957673708, 0.23054646566071754, -0.14736651949920848, 0.49689733404648445, 0.6116956883617795, -0.5680096929613572, 0.05973139306064481, 0.46312910635141485, 0.04159919055047735], [0.2790479249849497, -0.09597705967268208, -0.5080265252046685, -0.2750495902654241, -0.5296247661248165, 0.4701438849345986, -0.40563223030144135, 0.26353324853110227, 0.14150574532294075, 0.6299663447848958, 0.012219227089596205, 0.007316852958923772]], "inverted": true, "swapped": false, "error_lsq": 0.044496054133005426, "error_max": 0.24228608693290926, "target": "332.xyz", "model": "3.xyz", "model_rescale": 3.9243930471874484, "target_rescale": 3.9899903168184374},
{"mapping": [4, 0, 1, 8, 9, 10, 5, 6, 2, 3, 11, 12], "R": [[-0.16523525728488506, 0.6876132317114354, 0.7070257090978758], [-0.7786421603476332, -0.5309414720498576, 0.3343912968166205], [0.6053211510257748, -0.4952667935899666, 0.6231349029607836]], "T": [0.10432544375419486, -0.03022829575159825, -0.013272496569079138], "aligned_model": [[0.004848548680212034, -0.7341393202405634, -0.2427558982093708, 0.5331251423959382, 0.5759207147436377, 0.5869427348242556, -0.32908488328749796, -0.01844283181965395, -0.6711288785552326, -0.28889201281503785, 0.620060336020215, 0.01498995681893743], [-0.5549073146960042, 0.0775401201426717, -0.06905713240297301, -0.47386964840694346, 0.0500112311406476, -0.07166888526482593, 0.5482557034319161, 0.5704117527768182, -0.5128668375579851, -0.012020651364624844, 0.5675573289623581, 0.03660343360756598], [0.24592538896637806, -0.10646671009892306, -0.6363191749869614, -0.13837060836583304, -0.531776990745723, 0.4990662072391584, -0.23940266014117734, 0.36840275459755834, 0.1169009350066813, 0.5326229915051266, -0.06622482581170563, -0.05493425012660478]], "inverted": false, "swapped": false, "error_lsq": 0.04837221281486364, "error_max": 0.2775823952646148, "target": "332.xyz", "model": "4.xyz", "model_rescale": 3.8936222436046832, "target_rescale": 3.9899903168184374},
{"mapping": [2, 5, 1, 0, 9, 3, 6, 7, 4, 10, 8, 11], "R": [[-0.8716427622723483, 0.3618559603928303, 0.3306042330437002], [-0.3845536932025927, -0.08666354312557312, -0.9190255096226483], [-0.3039035242021339, -0.9281970126116033, 0.2146926960947173]], "T": [0.054450501307427686, 0.07571070509806249, 0.04254355120700665], "aligned_model": [[-0.0036478843741597974, -0.7075777077151073, -0.15948230021512758, 0.5573797559623311, 0.4716101429977853, 0.545629354650031, -0.2608377818000895, -0.24904903323757177, -0.5990877436158543, -0.020849356902364037, 0.5810514141318468, -0.10369525132588048], [-0.6421175512725144, 0.15831651093421362, -0.33932832360534093, -0.5379722666013587, 0.2655424910765635, -0.16789412875909093, 0.5816067400417682, 0.5968289161839198, -0.2966175928861751, -0.0022932163433172226, 0.4986047128675713, 0.041312808732382106], [0.23877208343739742, -0.221388535783058, -0.6094412095402786, -0.3488305460905174, -0.37215835401919645, 0.2148283481905558, -0.485917543360102, 0.279337491149945, 0.2972669302863681, 0.6652093677397732, 0.3420681130311666, -0.010323088004079078]], "inverted": true, "swapped": false, "error_lsq": 0.05831521155226128, "error_max": 0.32790802754985215, "target": "332.xyz", "model": "5.xyz", "model_rescale": 3.6523030999806103, "target_rescale": 3.9899903168184374},
{"mapping": [4, 7, 3, 2, 1, 10, 5, 8, 11, 9, 6, 12], "R": [[0.32237993686959343, -0.7953017013885115, -0.5133871639148141], [0.91478438313219, 0.40119175463036316, -0.04706068841474528], [0.24339414266045162, -0.4544671382896124, 0.8568657488390083]], "T": [0.0225231479806354, 0.07038142614275518, -0.019222593806860575], "aligned_model": [[0.10408363445449269, -0.6443818034538322, -0.23312753590143645, 0.5867850870082735, 0.42804293578626185, 0.3274132822530438, -0.2629350255345849, 0.06322114895480099, -0.5529942587002648, -0.30938587566342146, 0.5938269730368337, -0.04910495368432698], [-0.49651166489059256, -0.011272979791646917, -0.29199075728584245, -0.3642520831046549, 0.22280489231963074, -0.24056169194960902, 0.5960468239464488, 0.6999785361708312, -0.516960584881333, 0.19933898632269453, 0.28113974416324977, 0.07822987934944514], [0.014119756316097826, -0.1432725975991787, -0.5539840653582425, -0.2817369953416518, -0.562081373463365, 0.6281022280572051, -0.344941875876534, 0.21668894560461638, 0.294430207606502, 0.6099587972694556, 0.2084116148117881, -0.09627158498871834]], "inverted": true, "swapped": false, "error_lsq": 0.04748393703109959, "error_max": 0.2994917288935923, "target": "332.xyz", "model": "6.xyz", "model_rescale": 4.08911054899281, "target_rescale": 3.9899903168184374},
{"mapping": [3, 11, 10, 4, 5, 6, 12, 13, 9, 1, 7, 14], "R": [[0.12041036301845476, 0.4913728286537171, -0.8625856987793207], [0.8293221586872515, 0.4277982130713631, 0.35946271851649114], [0.5456428333517095, -0.7586444701925887, -0.3559950368447925]], "T": [0.01095958064194763, -0.006672783349760509, 0.03554792989036378], "aligned_model": [[0.2347470401039356, -0.5344237774160254, -0.2408623814060757, 0.43968226808759037, 0.495485394631528, 0.3984655332315366, -0.12520918345382626, -0.15974736279928814, -0.545348569687055, -0.39882473154619946, 0.6203163740436111, -0.13283699523389175], [-0.7242817118490354, 0.15093934844026966, -0.01874018471380972, -0.4510021075554791, 0.1495270577704802, -0.1429821825982016, 0.558992572338277, 0.6815623241518886, -0.5051546897342103, 0.0680347233744846, 0.4601273137706615, -0.07103336302670413], [0.2833543765204811, -0.1136045813964646, -0.6395187155281357, -0.30447824354710856, -0.5313185224554019, 0.31910013114727476, -0.3761348254809934, 0.2174437754030298, 0.2734435767455322, 0.6392379702081823, 0.1359019641942113, 0.08599615122736713]], "inverted": false, "swapped": false, "error_lsq": 0.041178646075511215, "error_max": 0.2127971162885051, "target": "332.xyz", "model": "7.xyz", "model_rescale": 3.964800864290218, "target_rescale": 3.9899903168184374},
{"mapping": [5, 0, 1, 8, 7, 9, 2, 4, 3, 6, 12, 13], "R": [[0.5918118837235075, -0.07836784206325664, 0.802257549427852], [0.5452969566208806, 0.771891950796327, -0.3268547772265936], [-0.5936412413096307, 0.6309051415436311, 0.4995485752058269]], "T": [-0.02569879471534846, 0.013175546939307876, 0.08638626156896118], "aligned_model": [[0.041762193239483894, -0.6971667117180615, -0.11026510005086691, 0.5606152767616822, 0.34311087268030466, 0.6010883440290844, -0.25623422751144326, -0.09083839736063452, -0.6191292294480228, -0.36027985389808925, 0.6085543898292226, 0.03022605200318061], [-0.819475064351002, 0.04014745240696947, -0.16319180053037438, -0.41655596561466846, 0.2144513864988896, -0.11218619979056334, 0.5251729262171473, 0.6653857382560564, -0.3529554248099327, 0.19301382182662308, 0.4234046344732657, -0.04122240421378932], [0.05156245375861809, -0.1617321079126726, -0.6380880236343185, -0.1638620513391978, -0.4883490084526428, 0.3418838974680377, -0.2647843886742411, 0.3422614137889973, 0.2857631066672641, 0.5248147425099788, 0.07590146664029274, 0.08405155621785823]], "inverted": false, "swapped": false, "error_lsq": 0.04193070492449765, "error_max": 0.2682550164204955, "target": "332.xyz", "model": "8.xyz", "model_rescale": 4.121658175737393, "target_rescale": 3.9899903168184374},
{"mapping": [10, 8, 2, 0, 1, 5, 6, 9, 11, 7, 4, 12], "R": [[-0.9668114534054575, -0.07092760552146929, -0.24544834148760883], [0.043834862900960565, -0.9924971705129677, 0.11413970088539338], [-0.2517024401122901, 0.09959237570589385, 0.9626667337883734]], "T": [-0.061883236504904134, -0.056429082688279696, 0.010570498655523014], "aligned_model": [[0.12525838740462797, -0.7195542291716064, -0.16851059689467032, 0.6268738211641361, 0.297841347543317, 0.3457945921014254, -0.24631689139213592, 0.06720821449740538, -0.5353728901268484, -0.4269376826280825, 0.6987128505016034, -0.013553314443331597], [-0.7271547770652478, 0.13786877366714706, -0.22753280274554594, -0.33413372490364607, 0.17638304640468402, -0.1502926233018346, 0.5777042626485419, 0.6662357285055772, -0.43562990376848787, 0.09592932480021163, 0.3999560911916549, -0.023344295064433397], [0.31320209994395776, -0.23493010449603746, -0.6540350790052134, -0.24888680096312282, -0.5291780093480342, 0.4652201770696755, -0.1992894007317631, 0.40335642632505203, 0.19777722865893713, 0.5571352956800619, -0.025954605200538154, -0.05499417089500038]], "inverted": false, "swapped": false, "error_lsq": 0.041169136210848715, "error_max": 0.19831829321751904, "target": "332.xyz", "model": "9.xyz", "model_rescale": 3.833441315466971, "target_rescale": 3.9899903168184374},
{"mapping": [11, 1, 13, 8, 2, 7, 5, 4, 12, 6, 3, 14], "R": [[0.23804996994096964, -0.8182771187907836, -0.5232157955132448], [0.9411553292210773, 0.06127375157244505, 0.33237354534770736], [-0.239914272376342, -0.5715488467591309, 0.7847120858496053]], "T": [-0.05163051197622155, -0.09586736989722239, -0.011869108514898478], "aligned_model": [[0.15712847465866975, -0.7736265644238441, -0.08851274877654143, 0.466380804101107, 0.37426148977636403, 0.4443983805843619, -0.24028435961497102, -0.07014161185132568, -0.4611525682412867, -0.38743557348148433, 0.5917360919502743, 0.03869179387451584], [-0.667051179758033, 0.05960712551681091, 0.05280265682314009, -0.5912465529647373, 0.25090791454090383, -0.2051001605894637, 0.4346299707181113, 0.6420775849006386, -0.39856472835554113, 0.1895226922701967, 0.45499514788391454, -0.06659137061731973], [0.29717105375472214, -0.024451415124849333, -0.7943162090771199, -0.3181746810661268, -0.4755642237292677, 0.4193356131249769, -0.3865923381633484, 0.289804826322097, 0.3101340776891541, 0.504867808231369, 0.18035926921208076, -0.013150724135713089]], "inverted": true, "swapped": false, "error_lsq": 0.04729088305488319, "error_max": 0.2812472093954541, "target": "332.xyz", "model": "10.xyz", "model_rescale": 4.2482417240324, "target_rescale": 3.9899903168184374},
{"mapping": [10, 6, 5, 9, 7, 8, 2, 2, 0, 1, 3, 11], "R": [[0.6247544092864808, 0.06852161072450796, -0.7778089205844965], [0.7487137173529643, -0.3352892266040745, 0.5718469235475061], [-0.2216070791391962, -0.9396200952443283, -0.26077649259170865]], "T": [-0.041789080449076955, -0.045308067871682504, -0.0026355177628473348], "aligned_model": [[0.12548618137979797, -0.634276403494005, -0.1298279200011185, 0.432159610169763, 0.5095202980500783, 0.4055281495853384, -0.21165368766670098, -0.21165368766670098, -0.4822301074262847, -0.23510291675338577, 0.5122692128618588, -0.028775120482800412], [-0.6442034859997688, 0.05879835666134698, -0.033944725760121246, -0.5975136809231217, 0.1136361774807938, -0.14317536640710127, 0.6740366594529581, 0.6740366594529581, -0.4704195508193369, 0.16713451393480555, 0.4913935155524819, -0.13378997225727304], [0.1657260795797724, -0.24471559241786736, -0.7484948929187244, -0.38961420156090537, -0.3622894385583238, 0.4062496941812034, -0.04066793643058778, -0.04066793643058778, 0.4436059020484034, 0.6428445081766904, 0.2484470272599262, -0.09100015589102488]], "inverted": false, "swapped": false, "error_lsq": 0.060772779025527766, "error_max": 0.41174205055461643, "target": "332.xyz", "model": "11.xyz", "model_rescale": 3.6694154284099745, "target_rescale": 3.9899903168184374},
{"mapping": [10, 11, 6, 12, 0, 2, 4, 3, 9, 8, 1, 13], "R": [[0.6411280270775843, -0.22744065258841933, 0.7329567534621388], [-0.7603453908802115, -0.05874232995199649, 0.6468571907608585], [-0.1040660341457442, -0.9720185637229184, -0.21059480600245606]], "T": [-0.00268251355091257, -0.138768051036102, -0.12750164985116075], "aligned_model": [[0.09751471140506277, -0.7109089015043139, -0.2700171512210104, 0.6099899164689095, 0.35896421274022805, 0.3104269039606751, -0.12375566715545575, 0.023732571124127765, -0.5943724560018367, -0.3266764073994118, 0.611225223809666, 0.06532065232919923], [-0.6370247258177932, 0.06931657255630952, -0.08110970244653706, -0.43195336191265454, 0.20584049786270686, -0.02337927756562691, 0.5819275128773586, 0.5812184208520894, -0.5159461891071471, 0.054029697359042866, 0.40689561666035157, -0.05382596094947867], [0.25358835192670803, -0.11546745947718151, -0.622539567382123, -0.10644536227916637, -0.6385735213273911, 0.4337126559312655, -0.24419717410981467, 0.3438481397986557, 0.26278789786152235, 0.528588920324741, 0.0770513893988859, -0.18293121362812784]], "inverted": true, "swapped": false, "error_lsq": 0.035762892352212645, "error_max": 0.18595205856035085, "target": "332.xyz", "model": "12.xyz", "model_rescale": 3.9764082729961374, "target_rescale": 3.9899903168184374},
{"mapping": [14, 7, 4, 6, 5, 13, 0, 1, 3, 8, 12, 15], "R": [[-0.8486957064205919, 0.40111821463502056, -0.3447024452934242], [0.14764346303542392, 0.8055354506426264, 0.5738589073813252], [0.5078552999882545, 0.4361385280458428, -0.7428769606252745]], "T": [0.052541721901095184, 0.10021261273347369, 0.0650428582954606], "aligned_model": [[0.13703563131564966, -0.6438945812201498, -0.16262424488566152, 0.4280742840705375, 0.4380146905702988, 0.5458932249040994, -0.2922562154522791, 0.014255140861974921, -0.5439737301230996, -0.42204688053819034, 0.5595340319446948, -0.0065677428920349334], [-0.6662538769908901, 0.0746611676154929, -0.12822081882593728, -0.47459540293663327, 0.2603392717212793, -0.18175427797431942, 0.49602727683554415, 0.6477436172415885, -0.43893381870946413, 0.1296003101768219, 0.4175528115518844, 0.019822840663254696], [0.27527591701013066, -0.22711685533765885, -0.5810109288321593, -0.26996437382211574, -0.6620018097555967, 0.29215409363214545, -0.436507804729607, 0.38452136316811275, 0.3139080593026073, 0.5880675788606102, 0.2874558316554115, 0.024641985886094758]], "inverted": true, "swapped": false, "error_lsq": 0.042873952623968675, "error_max": 0.2482706014426627, "target": "332.xyz", "model": "13.xyz", "model_rescale": 4.170626492500431, "target_rescale": 3.9899903168184374},
{"mapping": [6, 12, 4, 2, 0, 3, 10, 9, 5, 11, 1, 13], "R": [[-0.21424965490881037, -0.7386477211780952, -0.6391374103976881], [0.49869995954535445, -0.6453424667888628, 0.5786462225819222], [-0.8398782267215394, -0.1947630472067861, 0.5066279894772985]], "T": [0.05685352302308212, 0.06778675087572804, -0.1332307512464765], "aligned_model": [[-0.05475999620668161, -0.6624467014965014, -0.17446217825750177, 0.47767476240244194, 0.524306241681973, 0.46243355494241056, -0.29296642096740183, 0.038717569367635554, -0.6388540812005029, -0.23819601248771116, 0.6072454876982771, 0.0027513830794021685], [-0.6321717171037057, 0.04127805859304452, -0.34801559957402783, -0.40443850208785453, 0.20426890849994556, -0.09769609007197537, 0.5094766912470033, 0.6560382328047832, -0.4228611050668266, 0.046184673454248745, 0.5786357129933131, 0.025289836680673194], [0.3196376981503859, -0.26593567740112856, -0.6592198978023258, -0.31446254257196177, -0.4777869629108906, 0.3993045729246784, -0.10383162989662881, 0.42348975282819495, 0.1868871008653366, 0.5087496012387744, 0.030831715575497798, -0.05824067396195823]], "inverted": false, "swapped": false, "error_lsq": 0.04749291807160937, "error_max": 0.2355883320587789, "target": "332.xyz", "model": "14.xyz", "model_rescale": 3.9786697098870705, "target_rescale": 3.9899903168184374},
{"mapping": [9, 1, 0, 3, 2, 8, 4, 10, 6, 7, 5, 11], "R": [[0.9891943085623573, 0.14628831429258982, 0.009713341817958507], [-0.13670586308266608, 0.9442789323387393, -0.29941410277412506], [-0.052972888411558075, 0.29485085559082824, 0.9540738158290968]], "T": [-0.03546098769561137, 0.008866572381918195, 0.02792650207143755], "aligned_model": [[-0.0022275824829288762, -0.6899282837386006, -0.12111322560338257, 0.5157332563893636, 0.6067837751806845, 0.46685864152405876, 0.006334736115959576, -0.49974090701790463, -0.5957227211386266, -0.0848885241502702, 0.5427898330873305, -0.09343538960984331], [-0.6115861877353069, 0.10167638257549483, -0.1960145902319289, -0.6303521739609852, 0.17207634245019116, -0.05577990621983357, 0.548388405560698, 0.6576531976473768, -0.4116030580738561, 0.1372638938725529, 0.5126759192116961, -0.06840912472747752], [0.06464409036521443, -0.12612215593749382, -0.6312343200547962, -0.3363996319267394, -0.5330829914126434, 0.1533216731387518, -0.2585766202250278, 0.26423363249206056, 0.3976125455025203, 0.6744147477996568, 0.2655432482000601, 0.0550688390964109]], "inverted": false, "swapped": false, "error_lsq": 0.06369033144262005, "error_max": 0.475353051038244, "target": "332.xyz", "model": "15.xyz", "model_rescale": 3.769337070930944, "target_rescale": 3.9899903168184374},
{"mapping": [6, 7, 2, 1, 4, 10, 3, 5, 0, 8, 11], "R": [[-0.954933857564618, 0.29301861131928675, 0.0473436489645066], [0.23414235501855496, 0.6456148670478539, 0.7268829348892067], [0.18242446454114272, 0.7052102784753627, -0.6851275632096396]], "T": [-0.041583010518177636, 0.023011929171448037, 0.027622007915258977], "aligned_model": [[-0.424674544304631, -0.2859113316882294, -0.14236383936498154, -0.6808413099576777, 0.35474434000281785, 0.41927853172658874, 0.7305258259599784, 0.2854446791142704, 0.2438457666322888, -0.52117515155879, -0.05624683587046407], [-0.037515175769016224, -0.6507923450326835, 0.6359004198131918, 0.18632773638461117, 0.1890127642202983, -0.5480525223552987, 0.4079372555400035, -0.28055428066323673, 0.3360381092813012, 0.26938497592530275, 0.08837756028086843], [-0.5381444307896217, -0.22473542718829254, -0.2633824161064063, -0.00939817583027664, -0.5382464329279025, -0.3458612782446399, 0.10558767860730323, 0.27895436151305925, 0.5931916996439125, 0.7047549976352109, -0.018502969088569597]], "inverted": true, "swapped": true, "error_lsq": 0.05008481822187492, "error_max": 0.2788308843310562, "target": "332.xyz", "model": "16.xyz", "model_rescale": 3.7852294659196426, "target_rescale": 3.9899903168184374},
{"mapping": [10, 7, 11, 9, 8, 0, 2, 1, 6, 5, 3, 12], "R": [[0.34263388974879405, -0.3245530964521817, -0.8816276454257274], [-0.056876586990822375, -0.943876619720169, 0.32536438126799166], [-0.9377457392320622, -0.06133689207099134, -0.34186359008116807]], "T": [0.0495420486069457, 0.06896130405957795, 0.052208476359058745], "aligned_model": [[-0.020298242533767184, -0.6343051738496331, -0.2233993788091411, 0.5254802163949787, 0.4375917260546281, 0.679581294899615, -0.1478447661677844, -0.15618769001802305, -0.6472634349331793, -0.3566095070801832, 0.5385082872893834, 0.05619027730894574], [-0.7148014130610076, 0.1403615755168218, -0.16402845342435035, -0.5594623779573058, 0.04334678858998488, -0.04226578713892347, 0.5350588356773481, 0.6378191828396864, -0.47453917434590626, 0.0773333190783338, 0.6937394821071887, -0.01657287751324918], [0.22568300551039344, -0.08447357348903069, -0.5874405090547562, -0.30251440397819024, -0.4702542071720018, 0.28975055274386813, -0.2911259923491924, 0.38134392361773195, 0.1325986746633736, 0.5691028889210766, 0.10752227958043692, 0.01923041804426489]], "inverted": false, "swapped": false, "error_lsq": 0.04735974598416882, "error_max": 0.3548184584069302, "target": "332.xyz", "model": "17.xyz", "model_rescale": 3.901054581598922, "target_rescale": 3.9899903168184374},
{"mapping": [9, 7, 6, 10, 4, 5, 1, 0, 12, 3, 8, 14], "R": [[0.8986340516722966, 0.22514852300639882, -0.3765169103281672], [0.26490243391911866, 0.4056377192833618, 0.8748055447917094], [0.34969063710479725, -0.8858702970992027, 0.3048774754530274]], "T": [0.046318437247116685, -0.011871998137288191, 0.05584953298679664], "aligned_model": [[0.20653733754109446, -0.5766547293800038, -0.31105608006485413, 0.5086740088614097, 0.5414565876130512, 0.5199818033249486, -0.12698654198294268, -0.3128681890987521, -0.5547953505318826, -0.4421705558387711, 0.5792620194914119, 0.02006329862113023], [-0.6246683829311394, 0.12599110233334782, -0.07498977783588197, -0.5177854649620304, 0.19947250502355424, -0.1845709564019726, 0.5330951598006092, 0.6259622305434024, -0.39159453312297876, 0.1423321139509305, 0.3813478450338715, -0.05860274106309136], [0.23750887380490165, -0.12463654123624508, -0.6014368167361352, -0.39440887905172545, -0.5235861260347258, 0.4245013096619277, -0.3424741173015029, 0.25499014330289166, 0.2713677796464151, 0.6224229924444334, 0.09789171681375208, 0.06728272172398714]], "inverted": true, "swapped": false, "error_lsq": 0.04760217438094347, "error_max": 0.29853051751350007, "target": "332.xyz", "model": "18.xyz", "model_rescale": 3.9405287249114394, "target_rescale": 3.9899903168184374},
{"mapping": [10, 13, 9, 2, 8, 1, 7, 4, 14, 12, 0, 15], "R": [[-0.08595550691221893, 0.5075866087009878, 0.8573024469222597], [0.9519972243676773, -0.21189749093713695, 0.2209088910179587], [0.29379063230079655, 0.835137885622474, -0.4650072863626138]], "T": [-0.011048772359176033, -0.0035331349682846767, 0.03304419985902224], "aligned_model": [[-0.019037375540916418, -0.6721226515384112, -0.25248869014950526, 0.5635883282493007, 0.46240447691949615, 0.507461794580818, -0.21294134505579246, -0.060772539170183354, -0.5530487616211338, -0.19896561291305692, 0.4808361699804533, 0.0065298148147711985], [-0.7877249145848407, -0.004440040277124311, 0.028874112314813405, -0.6310763835528134, 0.3385855730372084, -0.07284814027715837, 0.5094813622745609, 0.7038817796518516, -0.47185182369832945, 0.11866157018993341, 0.4631364922366429, -0.038690486946122926], [0.08674216953711784, -0.08658167176432591, -0.6947376241634429, -0.14389352018197496, -0.44765213455187863, 0.43536452744642556, -0.40476976023128225, 0.2112483361835985, 0.3274123019054135, 0.5329389660618065, 0.14681115683645315, 0.026540309960064037]], "inverted": true, "swapped": false, "error_lsq": 0.04430947428300811, "error_max": 0.2082027671537766, "target": "332.xyz", "model": "19.xyz", "model_rescale": 4.410303926677745, "target_rescale": 3.9899903168184374},
{"mapping": [5, 0, 1, 8, 7, 9, 2, 4, 3, 6, 12, 13], "R": [[0.5918118837235075, -0.07836784206325664, 0.802257549427852], [0.5452969566208806, 0.771891950796327, -0.3268547772265936], [-0.5936412413096307, 0.6309051415436311, 0.4995485752058269]], "T": [-0.02569879471534846, 0.013175546939307876, 0.08638626156896118], "aligned_model": [[0.041762193239483894, -0.6971667117180615, -0.11026510005086691, 0.5606152767616822, 0.34311087268030466, 0.6010883440290844, -0.25623422751144326, -0.09083839736063452, -0.6191292294480228, -0.36027985389808925, 0.6085543898292226, 0.03022605200318061], [-0.819475064351002, 0.04014745240696947, -0.16319180053037438, -0.41655596561466846, 0.2144513864988896, -0.11218619979056334, 0.5251729262171473, 0.6653857382560564, -0.3529554248099327, 0.19301382182662308, 0.4234046344732657, -0.04122240421378932], [0.05156245375861809, -0.1617321079126726, -0.6380880236343185, -0.1638620513391978, -0.4883490084526428, 0.3418838974680377, -0.2647843886742411, 0.3422614137889973, 0.2857631066672641, 0.5248147425099788, 0.07590146664029274, 0.08405155621785823]], "inverted": false, "swapped": false, "error_lsq": 0.04193070492449765, "error_max": 0.2682550164204955, "target": "332.xyz", "model": "20.xyz", "model_rescale": 4.121658175737393, "target_rescale": 3.9899903168184374},
{"mapping": [4, 7, 3, 2, 1, 10, 5, 8, 11, 9, 6, 12], "R": [[0.32237993686959343, -0.7953017013885115, -0.5133871639148141], [0.91478438313219, 0.40119175463036316, -0.04706068841474528], [0.24339414266045162, -0.4544671382896124, 0.8568657488390083]], "T": [0.0225231479806354, 0.07038142614275518, -0.019222593806860575], "aligned_model": [[0.10408363445449269, -0.6443818034538322, -0.23312753590143645, 0.5867850870082735, 0.42804293578626185, 0.3274132822530438, -0.2629350255345849, 0.06322114895480099, -0.5529942587002648, -0.30938587566342146, 0.5938269730368337, -0.04910495368432698], [-0.49651166489059256, -0.011272979791646917, -0.29199075728584245, -0.3642520831046549, 0.22280489231963074, -0.24056169194960902, 0.5960468239464488, 0.6999785361708312, -0.516960584881333, 0.19933898632269453, 0.28113974416324977, 0.07822987934944514], [0.014119756316097826, -0.1432725975991787, -0.5539840653582425, -0.2817369953416518, -0.562081373463365, 0.6281022280572051, -0.344941875876534, 0.21668894560461638, 0.294430207606502, 0.6099587972694556, 0.2084116148117881, -0.09627158498871834]], "inverted": true, "swapped": false, "error_lsq": 0.04748393703109959, "error_max": 0.2994917288935923, "target": "332.xyz", "model": "21.xyz", "model_rescale": 4.08911054899281, "target_rescale": 3.9899903168184374},
{"mapping": [8, 4, 2, 11, 15, 5, 3, 12, 0, 7, 9, 16], "R": [[-0.2578470334807794, 0.8624735181490242, 0.4354932121363169], [0.9373788659157813, 0.1140641095602139, 0.3291052121201961], [0.23417038467664003, 0.49308093595461666, -0.837875540601654]], "T": [0.010282484552847006, -0.01596551016058876, 0.044566172680498575], "aligned_model": [[0.2430729534294793, -0.6209341752506274, -0.25072757571104803, 0.5906761672228452, 0.3501404441565452, 0.6026520474542301, -0.38791059108845527, 0.006562686798867186, -0.6536850646290508, -0.36259043453017537, 0.5708944187426301, -0.03670726803940053], [-0.6538708265948412, 0.05374795820263254, -0.08920646075876534, -0.4431727764703013, 0.012460225381803573, -0.12912023919534707, 0.6399003195913792, 0.6627087065064076, -0.3903879284175274, 0.12552484051895269, 0.38015136266555777, -0.012746081061329823], [0.1847354379464165, -0.24352712224854695, -0.6245850366659137, -0.2133682278700818, -0.5997905319071534, 0.4106581859685005, -0.3623258414578479, 0.33500889813629886, 0.18253118461934015, 0.6334145868657793, 0.23523157035124337, 0.05143995329993919]], "inverted": false, "swapped": false, "error_lsq": 0.044495454872698036, "error_max": 0.27223550932100443, "target": "332.xyz", "model": "22.xyz", "model_rescale": 4.204369325754507, "target_rescale": 3.9899903168184374},
{"mapping": [10, 13, 9, 2, 8, 1, 7, 4, 14, 12, 0, 15], "R": [[-0.08595550691221893, 0.5075866087009878, 0.8573024469222597], [0.9519972243676773, -0.21189749093713695, 0.2209088910179587], [0.29379063230079655, 0.835137885622474, -0.4650072863626138]], "T": [-0.011048772359176033, -0.0035331349682846767, 0.03304419985902224], "aligned_model": [[-0.019037375540916418, -0.6721226515384112, -0.25248869014950526, 0.5635883282493007, 0.46240447691949615, 0.507461794580818, -0.21294134505579246, -0.060772539170183354, -0.5530487616211338, -0.19896561291305692, 0.4808361699804533, 0.0065298148147711985], [-0.7877249145848407, -0.004440040277124311, 0.028874112314813405, -0.6310763835528134, 0.3385855730372084, -0.07284814027715837, 0.5094813622745609, 0.7038817796518516, -0.47185182369832945, 0.11866157018993341, 0.4631364922366429, -0.038690486946122926], [0.08674216953711784, -0.08658167176432591, -0.6947376241634429, -0.14389352018197496, -0.44765213455187863, 0.43536452744642556, -0.40476976023128225, 0.2112483361835985, 0.3274123019054135, 0.5329389660618065, 0.14681115683645315, 0.026540309960064037]], "inverted": true, "swapped": false, "error_lsq": 0.04430947428300811, "error_max": 0.2082027671537766, "target": "332.xyz", "model": "23.xyz", "model_rescale": 4.410303926677745, "target_rescale": 3.9899903168184374},
{"mapping": [4, 11, 1, 2, 0, 5, 7, 13, 9, 14, 12, 16], "R": [[0.9301476986957985, 0.025157210733538785, 0.3663227720999867], [-0.065254394463919, -0.9704441974749124, 0.2323357992011152], [0.3613407292488044, -0.2400107796232952, -0.9010148184411623]], "T": [-0.09680338813554903, -0.05455241757507064, 0.0889929901626114], "aligned_model": [[0.23401108714901056, -0.6978058633021248, -0.30865973670527747, 0.6613740578059805, 0.47034978781839176, 0.44945715161066147, -0.1345486527939434, -0.07656042164663823, -0.5584323885188602, -0.4848136376024491, 0.5584552205964111, -0.06138299585532194], [-0.6566973413511914, 0.08567273380696705, -0.04245601010648197, -0.4186905207948679, 0.11073005418775095, -0.18349602231682555, 0.4577914142921861, 0.6184021246496, -0.3536173572182476, 0.23064340040171918, 0.41032734458136805, -0.10262071976335566], [0.04577671193320104, -0.051912717224623275, -0.7424550924423057, -0.2652164865985944, -0.38154371469631665, 0.3728503538865663, -0.33291931070777303, 0.29125279891375666, 0.3887909413058971, 0.5646623939840253, 0.1154277627874488, -0.015290584103307428]], "inverted": true, "swapped": false, "error_lsq": 0.044119903907689016, "error_max": 0.21749386286045821, "target": "332.xyz", "model": "24.xyz", "model_rescale": 4.28219845311461, "target_rescale": 3.9899903168184374},
{"mapping": [8, 2, 11, 5, 9, 1, 13, 4, 6, 0, 3, 15], "R": [[0.1266848066082196, 0.9889404099366097, 0.0771221457757009], [-0.9454194196154406, 0.09684621171992644, 0.3111316960541026], [0.3002217193819283, -0.11232843304306186, 0.947232411999003]], "T": [-0.04637731199215545, 0.06701126100749281, -0.1535222590947044], "aligned_model": [[0.07629552218540106, -0.6821167655365353, -0.007015077734171725, 0.6039177297854041, 0.452902212793351, 0.3432096961176618, -0.3271996462660202, -0.02084225693195689, -0.5752066430105027, -0.3410405001677505, 0.602256608077336, -0.07371727075637685], [-0.5702637656337866, 0.23696235151971318, -0.2589552283608763, -0.48062548026132507, 0.22251600714990777, -0.10881500568019341, 0.5075993265554684, 0.5981739209445376, -0.49229819497643096, 0.07783620043994284, 0.35000773060612894, 0.07385123806553484], [0.09300963154629605, 0.035506835038234874, -0.5878879271345195, -0.2034325703152664, -0.5817884309271426, 0.323116478212056, -0.4362543407668681, 0.34833704656514664, 0.31520965368985954, 0.6071423176119303, 0.1614894562268327, -0.08502509270858476]], "inverted": true, "swapped": false, "error_lsq": 0.03576661333284839, "error_max": 0.21119685788306974, "target": "332.xyz", "model": "25.xyz", "model_rescale": 4.100010024507729, "target_rescale": 3.9899903168184374},
{"mapping": [10, 6, 5, 9, 7, 8, 2, 2, 0, 1, 3, 11], "R": [[0.6247544092864808, 0.06852161072450796, -0.7778089205844965], [0.7487137173529643, -0.3352892266040745, 0.5718469235475061], [-0.2216070791391962, -0.9396200952443283, -0.26077649259170865]], "T": [-0.041789080449076955, -0.045308067871682504, -0.0026355177628473348], "aligned_model": [[0.12548618137979797, -0.634276403494005, -0.1298279200011185, 0.432159610169763, 0.5095202980500783, 0.4055281495853384, -0.21165368766670098, -0.21165368766670098, -0.4822301074262847, -0.23510291675338577, 0.5122692128618588, -0.028775120482800412], [-0.6442034859997688, 0.05879835666134698, -0.033944725760121246, -0.5975136809231217, 0.1136361774807938, -0.14317536640710127, 0.6740366594529581, 0.6740366594529581, -0.4704195508193369, 0.16713451393480555, 0.4913935155524819, -0.13378997225727304], [0.1657260795797724, -0.24471559241786736, -0.7484948929187244, -0.38961420156090537, -0.3622894385583238, 0.4062496941812034, -0.04066793643058778, -0.04066793643058778, 0.4436059020484034, 0.6428445081766904, 0.2484470272599262, -0.09100015589102488]], "inverted": false, "swapped": false, "error_lsq": 0.060772779025527766, "error_max": 0.41174205055461643, "target": "332.xyz", "model": "26.xyz", "model_rescale": 3.6694154284099745, "target_rescale": 3.9899903168184374},
{"mapping": [0, 7, 8, 4, 10, 2, 9, 12, 1, 6, 11, 13], "R": [[0.6193158218988788, 0.2090727407348223, -0.7567935661905074], [-0.7767250811916231, 0.02238766725853742, -0.6294417690323605], [-0.11465627324129568, 0.9776437906703804, 0.17625707807082977]], "T": [-0.08575204840315165, -0.015040819053933728, -0.07616226741803399], "aligned_model": [[0.052041984886705556, -0.6829703976668916, -0.07118376085079829, 0.4900341220610773, 0.4050129665451463, 0.4143430475141783, -0.1501563992301389, -0.008944917486072679, -0.6114925564886626, -0.24998037875773513, 0.5083676675026011, -0.04362776947356997], [-0.6055246773331826, 0.033400605892921514, -0.11973564102461529, -0.5234268041467205, 0.12242809040322666, -0.07702809856209097, 0.5881543760280373, 0.6108229080103544, -0.4722192042829539, 0.05231507597278784, 0.5691484590898266, -0.022345989678969877], [0.1870391015649312, -0.2688075278587083, -0.7063875856022279, -0.3686422601565132, -0.3957600129171106, 0.3801184777618353, -0.3874036073697343, 0.40563444608563254, 0.46626883044889633, 0.5869234515644264, 0.12858176721822018, -0.038142023701673376]], "inverted": true, "swapped": false, "error_lsq": 0.03818324020371589, "error_max": 0.1778839944034239, "target": "332.xyz", "model": "27.xyz", "model_rescale": 4.103607728864725, "target_rescale": 3.9899903168184374},
{"mapping": [10, 5, 0, 12, 2, 13, 1, 8, 6, 11, 4, 14], "R": [[0.6865716452871852, -0.6481774465316248, -0.32937117921182835], [0.6114897905254006, 0.7598533283445171, -0.2206879142294868], [0.3933187155105251, -0.049889049013809125, 0.918047640821351]], "T": [-0.06297686409519912, -0.16522052280151248, 0.035988315070965116], "aligned_model": [[-0.10116938114708299, -0.7353036445222436, -0.22747921802529175, 0.7462152024074481, 0.4466749511622571, 0.4322166495349298, -0.18536572186364844, -0.00041102542064822, -0.6168188784979164, -0.17418243401592914, 0.5231346609009904, -0.05606755195702433], [-0.6696658013798372, 0.051793542423060474, -0.049779330688200424, -0.39465628693881794, 0.09601755346748944, -0.010606855526396147, 0.5366730140159747, 0.5690594445946356, -0.3006540511736506, -0.12661532247061938, 0.5256201256165147, -0.07119693157153119], [0.09804932430405858, -0.15380632710098394, -0.6490693815477669, -0.13681517670116872, -0.42588872586539933, 0.4242543719238506, -0.5073598813398098, 0.39543013528430876, 0.31200288955369593, 0.7128961324178359, 0.007321855671198474, -0.08759215956184534]], "inverted": false, "swapped": false, "error_lsq": 0.04997815050006696, "error_max": 0.28163753390110524, "target": "332.xyz", "model": "28.xyz", "model_rescale": 4.137296879288765, "target_rescale": 3.9899903168184374},
{"mapping": [9, 7, 10, 4, 3, 5, 0, 6, 2, 8, 11], "R": [[0.009902836432046121, 0.38094539056007726, -0.9245445058198282], [-0.2575410843004118, 0.8943695172999895, 0.3657536827182358], [0.9662166029043221, 0.2344861956184497, 0.10696588398371595]], "T": [0.01373905330376147, -0.016248372698582512, 0.045273401916992945], "aligned_model": [[0.5729960596200692, 0.0569093615496425, -0.05493229419234324, -0.5449430454012972, -0.03382171752926982, 0.388654687296725, 0.4089644138278715, -0.49436955609891176, -0.5149059829273828, 0.4933761601243163, -0.05650907555952129], [-0.42035487060586707, -0.7562442722170241, -0.34570554539698534, 0.13340584024482557, 0.7167159740111432, 0.0015907677601937308, 0.5672036461887326, -0.4533689236979, 0.3137395289285156, 0.15030390300759885, 0.011861768424718748], [0.2767437255513485, -0.1218648543124645, -0.7062184153034008, -0.36742099771181025, -0.41396449676320557, -0.3031337420397414, 0.0972802141315913, 0.19110063463115215, 0.33183066089373126, 0.7462912126034805, 0.07511008010231729]], "inverted": true, "swapped": true, "error_lsq": 0.058050157556564404, "error_max": 0.37665049262539413, "target": "332.xyz", "model": "29.xyz", "model_rescale": 3.607286011436655, "target_rescale": 3.9899903168184374},
