[{"mapping": [4, 2, 3, 9, 8, 0, 6, 1, 10, 7, 11, 12], "R": [[0.9878576711414391, -0.1449544852864445, 0.05590544483639209], [-0.06561600887929223, -0.06309528303928853, 0.9958481433617], [-0.14082528517906712, -0.9874245198766002, -0.07184049415685002]], "T": [-0.08809705623016842, -0.07766465472423352, -0.03768652507614997], "aligned_model": [[-0.273928654804107, 0.1702775068242164, 0.3937347208326696, -0.22010007937086534, 3.504445590277183e-05, -0.5975973897934582, 0.3956541135956211, -0.3315666160438489, 0.5889444582331593, 0.24873324976507757, -0.40853908984037646, -0.12800480139344178], [-0.25837059807439117, -0.7300403728623157, -0.20117481025790562, 0.5337451052921443, 0.2785948292457452, -0.685409000113394, -0.2881642290623635, -0.5838279936450778, 0.23133554977458737, 0.5765453078956106, 0.3175370220690876, -0.13721577428467036], [-0.5411854388137908, -0.03274927469531799, -0.4426854816229562, -0.09101808286370988, -0.677783405275708, -0.15616523865802467, 0.5091436739531986, 0.575772155566496, -0.061184591827618914, 0.445983970725863, 0.5717910965662584, 0.08203236229887265]], "inverted": false, "swapped": true, "error_lsq": 0.049535367105950974, "error_max": 0.30146902133338144, "target": "333.xyz", "model": "0.xyz", "model_rescale": 3.751011558992144, "target_rescale": 3.9102284026338308},
{"mapping": [2, 3, 0, 1, 8, 5, 7, 11, 4, 10, 6, 9, 14], "R": [[-0.658955058041559, 0.6761089056147465, 0.3296285473527377], [0.7460693330409001, 0.6432534157000592, 0.17206276031179363], [-0.09570152442543806, 0.35930737668274654, -0.9282992121530701]], "T": [-0.034164998255974736, -0.07821399968404341, 0.0038559898383914654], "aligned_model": [[-0.5157242541877721, -0.11175849501071358, 0.270799391202206, 0.5653950684340151, -0.21282110409830607, -0.6370521717632973, 0.5022713401131004, 0.17337229555985523, 0.19090688802805222, -0.163094054523647, 0.6219992297088381, -0.49474351292322316, -0.04582353042297814], [0.11756357573187132, -0.4962139668913673, -0.01036055359945215, 0.22581931013958895, 0.5504738370405038, 0.07752095384002128, -0.4154840758042939, -0.6267532175306139, 0.5707252006699207, 0.07611897499689757, -0.21627699229781233, -0.3778102866737525, -0.1293135823257555], [-0.6391913847607029, -0.6306998912223893, -0.6874450657924603, -0.17992927176932935, -0.11126069852492002, 0.052433013901515245, -0.19149491092294096, 0.5449326822642903, 0.39602244704542483, 0.7988480523804777, 0.3416619419470132, 0.36758544696715506, 0.0198785902803071]], "inverted": true, "swapped": false, "error_lsq": 0.040067300461355135, "error_max": 0.2160809411310632, "target": "333.xyz", "model": "1.xyz", "model_rescale": 3.9405287249114394, "target_rescale": 3.9102284026338308},
{"mapping": [7, 1, 4, 8, 3, 6, 2, 5, 10, 11, 9, 0, 12], "R": [[-0.2999511174632789, -0.7378940378207854, -0.6046004598750051], [0.5205840808056128, -0.6577068043826906, 0.544439137351903], [-0.7993882298009557, -0.15144024701923342, 0.5814157803486659]], "T": [-0.02602960582818948, -0.06224033634649344, -0.03609912033903594], "aligned_model": [[-0.5670578077325957, -0.2016271431922027, 0.2445344961940732, 0.6579520848035929, -0.10471711315415286, -0.5383020373840979, 0.2753194163026483, 0.14076991450188628, 0.2959207755176208, -0.13529555903707324, 0.5796539303003987, -0.5330310380333401, 0.029607171029372145], [0.26865894756933334, -0.5817898878152935, 0.10321067500759136, 0.29392640063964903, 0.486519751159274, 0.005692963183962521, -0.6731759152468819, -0.5423092147811523, 0.6295504059228362, 0.027831043891435855, 0.13636003603918562, -0.6847983563648077, -0.12366767190937622], [-0.5122335570312574, -0.6074659909209139, -0.661492397742629, -0.11358507038738284, -0.17563521287562706, 0.13217956539426223, -0.04687468603396454, 0.48331215442585995, 0.3234292376163659, 0.6621575566563014, 0.4579519430553241, 0.20535697862862518, -0.06575956899152345]], "inverted": false, "swapped": false, "error_lsq": 0.04444057960907924, "error_max": 0.2659558197269628, "target": "333.xyz", "model": "2.xyz", "model_rescale": 3.932901565614263, "target_rescale": 3.9102284026338308},
{"mapping": [4, 0, 2, 6, 5, 7, 1, 11, 12, 9, 10, 8, 13], "R": [[-0.9820520547892947, 0.13285413474564345, 0.13387882791954317], [0.07565937820428861, 0.9276915813906151, -0.3656008592806095], [-0.17276984740939214, -0.34890988621414276, -0.921093084942108]], "T": [-0.04894551942884455, -0.18472963663879702, 0.020608712294706052], "aligned_model": [[-0.325489736878611, -0.17490676378594328, 0.2667658379126027, 0.38524944744258155, -0.13915241236724868, -0.7265514388644219, 0.4794916276862056, 0.2876085160430189, 0.28154407926037656, -0.36944617542002683, 0.6089980337752122, -0.4371902328225819, 0.006806308134965605], [0.2349129324273013, -0.46700912488468493, -0.010206925340174478, 0.30736771002518704, 0.5282007882900757, 0.0390657738485117, -0.5566315835864437, -0.674798452721318, 0.384940450097624, 0.22599482321174705, -0.09879785050580048, -0.47687279103546265, -0.0901565725308061], [-0.6939889469237359, -0.57386785122875, -0.7304359037334618, -0.16914690114412312, 0.04042313461288223, -0.0019385611064192815, -0.34162290465446377, 0.6871465094814134, 0.4071089420430092, 0.5386605311106869, 0.2905558353215054, 0.5707951764983337, 0.05765189151656405]], "inverted": true, "swapped": false, "error_lsq": 0.04980319136361614, "error_max": 0.2902126679425521, "target": "333.xyz", "model": "3.xyz", "model_rescale": 3.9243930471874484, "target_rescale": 3.9102284026338308},
{"mapping": [7, 1, 0, 3, 4, 8, 5, 11, 10, 10, 6, 9, 12], "R": [[-0.11767144073799304, -0.969442518662849, 0.2152548142162612], [0.9766837928323073, -0.07378617197866424, 0.20160448815300133], [-0.17956113402778362, 0.23395897895436094, 0.955521321223807]], "T": [-0.022475599241468518, -0.05049513319627097, 0.00884054298338409], "aligned_model": [[-0.4974640196088082, -0.2153571305374038, 0.415030750360344, 0.48094597529168853, -0.1883844260423801, -0.6035813164346812, 0.46164900188062336, 0.09898768025700361, -0.011246802654980341, -0.011246802654980341, 0.6529807363667526, -0.48303858766807445, 0.04445203156102608], [0.18371469459019804, -0.4703450496914082, -0.13283509938480897, 0.3762244334783194, 0.4947860356370539, 0.1155184995803431, -0.5689687153312873, -0.5171625520911971, 0.3290072001321352, 0.3290072001321352, -0.147163534706526, -0.5264066448579162, -0.11936729019128506], [-0.5931980903262637, -0.5358456625390674, -0.7158184646793643, -0.12318407622182682, -0.15702077723740904, 0.18516974672995845, -0.25654901029884836, 0.6362178403594859, 0.6029614167493434, 0.6029614167493434, 0.2453367872936842, 0.2518988868771014, -0.061589061662696606]], "inverted": false, "swapped": false, "error_lsq": 0.04797118126892119, "error_max": 0.37131435803156265, "target": "333.xyz", "model": "4.xyz", "model_rescale": 3.8936222436046832, "target_rescale": 3.9102284026338308},
{"mapping": [7, 6, 11, 9, 1, 2, 3, 4, 8, 10, 5, 12], "R": [[0.03861223041982664, -0.5718031733221058, -0.8194816816993389], [0.8852806908998925, -0.360782064120978, 0.2934525524312508], [-0.4634513933324784, -0.736802166926358, 0.49227570814616484]], "T": [-0.08530326632674784, 0.05980264152112716, 0.028680429132566458], "aligned_model": [[0.1023729639831698, -0.6243787065359725, -0.1286277760143265, 0.43603620686352756, -0.842227267506851, -0.618295155441037, 0.0321129345613016, 0.09845135367628749, 0.5824631651047305, 0.12009915189894682, 0.07243547045167345, -0.20289429882635296], [-0.5277891393215823, -0.45751270689350976, 0.13223246548077383, 0.03846148986695874, 0.29036043403463685, -0.017342912456924736, -0.27769692535714163, 0.38749351608484495, 0.019883255699225555, -0.6532446840093983, 0.646533932217337, 0.08754417976458735], [-0.5997270902368522, -0.10963454378325493, -0.7607543946425763, -0.320376381082298, -0.2276776521287453, 0.47850714969376956, 0.5613606829786089, 0.4524163226804295, 0.3399785801389183, 0.09025847691720873, -0.243930443334411, -0.041135987925278956]], "inverted": true, "swapped": true, "error_lsq": 0.05319561422344741, "error_max": 0.30371068028485426, "target": "333.xyz", "model": "5.xyz", "model_rescale": 3.6523030999806103, "target_rescale": 3.9102284026338308},
{"mapping": [5, 1, 8, 9, 7, 3, 6, 10, 11, 4, 10, 2, 12], "R": [[0.528534862530983, -0.37945873401604474, 0.7593826231013556], [-0.33850576942713123, 0.7261363714743668, 0.5984478373982032], [-0.7785016012532668, -0.5733559445937411, 0.2553394165520049]], "T": [-0.030274389269140528, -0.05400217773410342, -0.08694035863578399], "aligned_model": [[-0.20844011043453062, -0.4685327027015199, 0.38367245254997084, 0.5793581042941498, -0.2273706682392065, -0.667384457331112, 0.29569518752270496, 0.5190448026072373, 0.04730782903436301, -0.15935573889613183, 0.5190448026072373, -0.36212738156368307, -0.10718502933334928], [0.17255798925260574, -0.51862019155856, -0.10004450433803364, 0.33303815853946644, 0.6001515589889933, 0.1632435404093128, -0.6087462562043132, -0.27757301025388126, 0.5767839478219715, -0.10535218103587812, -0.27757301025388126, -0.6209427840275149, 0.009085919955468431], [-0.7040554180236709, -0.3597674429413305, -0.6163090571582517, -0.05214271403606309, -0.09428918470170322, 0.08491935761674856, -0.17982364281809649, 0.41994971815571314, 0.5218772383093451, 0.4696858932301332, 0.41994971815571314, 0.29340629200010004, -0.12205980599519649]], "inverted": true, "swapped": false, "error_lsq": 0.057910559894592435, "error_max": 0.46805667394687495, "target": "333.xyz", "model": "6.xyz", "model_rescale": 4.08911054899281, "target_rescale": 3.9102284026338308},
{"mapping": [1, 2, 13, 12, 11, 9, 7, 4, 10, 8, 5, 3, 14], "R": [[-0.2672216713350888, -0.9628815583003264, -0.0381009587020745], [0.16563303843931865, -0.006944760217465373, -0.9861630021872051], [0.9492935662619026, -0.26983490321056924, 0.16134078859080156]], "T": [0.003605685754930802, -0.0922518855597668, 7.456113268272929e-05], "aligned_model": [[-0.5027940835005645, -0.0944444677245228, 0.2595833977027546, 0.5516732514874239, -0.06281773839269741, -0.724169409954951, 0.5335831842222336, 0.12198878087095542, 0.2806758637318354, -0.2527507747840932, 0.672736947985562, -0.5033714664306468, -0.13616639509715936], [0.009871464324879425, -0.553217887304563, 0.1260048043581191, 0.3342367420248138, 0.48201295949765166, 0.17418272869974558, -0.5627633072233083, -0.4099331640629085, 0.4250293534172007, 0.10461671462418046, -0.2248173770899726, -0.5549582237075049, -0.0042556302625777614], [-0.5205751809797228, -0.6541700841868847, -0.6501053759952389, -0.16033526382912439, -0.10160571922118014, 0.11802927403830528, -0.31142474503017875, 0.6180660964967317, 0.41831747473706543, 0.6006352097656921, 0.3394725192059827, 0.3941918635509936, -0.009155116759000333]], "inverted": true, "swapped": false, "error_lsq": 0.04367317329176963, "error_max": 0.24937104544034447, "target": "333.xyz", "model": "7.xyz", "model_rescale": 3.964800864290218, "target_rescale": 3.9102284026338308},
{"mapping": [3, 5, 10, 11, 6, 0, 8, 7, 4, 2, 12, 1, 13], "R": [[-0.4043060639313698, -0.35230332260362685, -0.8440491547005826], [0.40317481331404526, -0.896988832651102, 0.181276319491538], [-0.8209669156412505, -0.26700824515669597, 0.5046978506401962]], "T": [-0.002766207285454991, -0.02936467489983966, 0.013015640130541933], "aligned_model": [[-0.5289605507297988, -0.13716172030381477, 0.30127046651370476, 0.6096394285124601, -0.08412358939125777, -0.6939478237316604, 0.3242315294419237, 0.13648035274436673, 0.1839054366858097, -0.2386457298175628, 0.645553761741117, -0.40873322286848374, 0.03421875131932612], [0.18804162970104596, -0.5276892450075593, -0.09382360226103853, 0.5070649482144775, 0.5316242361411774, 0.11271565933968278, -0.7031189815382195, -0.500654391898986, 0.5299360450650736, 0.0966623978977029, -0.10686636744882724, -0.6025138670239414, -0.08536928388483207], [-0.4362245042792936, -0.6447694249749748, -0.7476030295560617, -0.14298410724766095, -0.1101843649199565, 0.13646815825771258, -0.16072323251656778, 0.5281365610145985, 0.39698152012202925, 0.6188924886123102, 0.3929493747501417, 0.27723274214797977, -0.02683122961681618]], "inverted": true, "swapped": false, "error_lsq": 0.03608613241193473, "error_max": 0.21014446237418974, "target": "333.xyz", "model": "8.xyz", "model_rescale": 4.121658175737393, "target_rescale": 3.9102284026338308},
{"mapping": [4, 9, 5, 10, 0, 1, 7, 8, 3, 2, 11, 6, 12], "R": [[-0.22188782175690913, -0.7297787946743767, -0.6466751158035914], [0.5426701655084553, -0.6434294396994561, 0.5399144817423128], [-0.8101079471422313, -0.23113084383452204, 0.5387983361196858]], "T": [0.060552275372305606, -0.08581912590359264, 0.018597261496789197], "aligned_model": [[-0.5784977959615891, -0.20623882663938198, 0.23811578515766663, 0.6042846619987626, -0.22012057676683122, -0.5866078601474497, 0.4675316893652515, 0.05860586752646147, 0.3762856109885903, -0.20941701816880237, 0.6244623240406191, -0.40156908244998785, -0.023107688827180103], [0.06054351883494563, -0.6554268677878944, 0.08638024814781889, 0.4176765655552144, 0.6192376254170637, 0.1378346819069166, -0.593776777117012, -0.5503527659987351, 0.4496020119325074, 0.18492139062989144, -0.16056657909839078, -0.590767467154061, -0.059296407972508555], [-0.580001853330496, -0.5268927432767202, -0.5475621523124159, -0.14671459836595538, -0.18862718351760266, 0.09666421327180502, -0.1590475849607136, 0.5796302787460007, 0.5047254929429096, 0.5983925737501595, 0.30046664579614113, 0.1265466635648576, 0.023761199485470424]], "inverted": true, "swapped": false, "error_lsq": 0.04481682294631339, "error_max": 0.2845358623727675, "target": "333.xyz", "model": "9.xyz", "model_rescale": 3.833441315466971, "target_rescale": 3.9102284026338308},
{"mapping": [9, 3, 7, 11, 8, 2, 6, 1, 10, 0, 12, 5, 14], "R": [[0.7554802049246514, 0.15012600077849672, -0.6377396364169798], [0.6189109234745376, 0.15580721074205447, 0.7698528313156199], [0.21493936068319824, -0.9763126020752964, 0.024794641720787058]], "T": [0.046251036503696295, -0.11483241783208833, 0.04671790721109632], "aligned_model": [[-0.40402811139748634, -0.3375388893226773, 0.23893242186385621, 0.4921890714591249, -0.13943140416830715, -0.6522682708135925, 0.42898390168765826, 0.23963766595763736, 0.17772980767641824, -0.065530498043014, 0.6072241092071937, -0.437273965182572, -0.004898748808109997], [0.23913778079076373, -0.4060000838655732, 0.009678363165225953, 0.33614387860992, 0.615870277204456, -0.07578964099719368, -0.6748429545942434, -0.5185457693753706, 0.6056288837912411, -0.04810285577130524, -0.1330397288772314, -0.4995326615540421, -0.10459631123089118], [-0.5276198975562707, -0.6759497431223275, -0.5788098107462651, -0.20447271775550413, -0.15115822846260996, -0.11819629414715652, 0.013053078853393428, 0.6342773290979038, 0.4200850042001039, 0.7152050168738221, 0.2658018245507195, 0.3217533534568018, -0.03262796344916916]], "inverted": false, "swapped": false, "error_lsq": 0.03988880855305862, "error_max": 0.27412348202625675, "target": "333.xyz", "model": "10.xyz", "model_rescale": 4.2482417240324, "target_rescale": 3.9102284026338308},
{"mapping": [2, 6, 11, 7, 0, 5, 1, 9, 10, 8, 3, 12], "R": [[-0.2447490580105819, -0.3190483757708138, 0.9155905375881399], [-0.6939170512490709, 0.7171681205090387, 0.06441283188408659], [-0.6771831543893627, -0.6195789060672894, -0.39691933005049523]], "T": [-0.05487708109728954, 0.13947672597217264, -0.07605971886327828], "aligned_model": [[-0.7092093824348802, -0.16910222342833828, 0.5389444625703668, 0.6539112424420193, -0.5910786100642904, 0.1560147753181906, -0.3255116049429612, 0.5286487216202006, 0.13365524129786208, 0.08851567809044786, -0.3564202463433199, -0.07160245176229019], [-0.10863379427641881, -0.5905707138398958, 0.041894277792354204, -0.3805555462803517, 0.5735815722509727, 0.6701360310074417, -0.0791156137635241, 0.3154044140312432, -0.35821356539901467, 0.4868665819908746, 0.0019701638127267995, 0.09336758272423172], [-0.024423703725860363, 0.10094842828855943, 0.4418051994414665, -0.12673542278031016, 0.3326233950481341, 0.2665437417538276, 0.6794431921773616, -0.2265191285215489, -0.5968076762431602, -0.711017125055958, -0.6252449695464897, 0.05457635901833435]], "inverted": false, "swapped": true, "error_lsq": 0.04839464168528531, "error_max": 0.29856536888874735, "target": "333.xyz", "model": "11.xyz", "model_rescale": 3.6694154284099745, "target_rescale": 3.9102284026338308},
{"mapping": [9, 7, 10, 2, 8, 11, 12, 0, 3, 4, 1, 6, 13], "R": [[-0.5322506522992068, 0.5466659029105426, -0.6464252731152073], [0.622140587707707, 0.770418871618901, 0.13926898929829468], [0.5741518372815487, -0.32804138892594137, -0.7501589930793082]], "T": [-0.0173825017573205, -0.17979421603892506, -0.02762344128144347], "aligned_model": [[-0.45774905634800533, -0.3256031394627347, 0.18355045330440412, 0.4727292725295175, -0.08998035330102455, -0.6691030970105157, 0.5519451808067443, 0.16435542939426767, 0.200422430789397, -0.13793733999386001, 0.6536867288970524, -0.4341201764863223, 0.031530756997209426], [0.18041096317193459, -0.5298692762826575, -0.10455597082360216, 0.24069571427221356, 0.5613382404753335, 0.1501411800836507, -0.4871531935534742, -0.5808267236027407, 0.5172246779216438, 0.06988530810522064, 0.026324349508245443, -0.4853111499163708, -0.2122949420636411], [-0.5942059978058135, -0.606080707773411, -0.6255314119052882, -0.12401970990558855, -0.16197404665212517, 0.07929498096343543, -0.2353852016559918, 0.5352993924029589, 0.4284188521778652, 0.6585291044044318, 0.4452980307488368, 0.20225467213794918, 0.07944299465618193]], "inverted": false, "swapped": false, "error_lsq": 0.0343942456617724, "error_max": 0.20037923329610888, "target": "333.xyz", "model": "12.xyz", "model_rescale": 3.9764082729961374, "target_rescale": 3.9102284026338308},
{"mapping": [2, 7, 9, 12, 1, 8, 4, 14, 10, 11, 13, 3, 15], "R": [[-0.9849863873087277, 0.16468913702030297, -0.05176200309115769], [0.17034479348252135, 0.9758638210377848, -0.13664718849259824], [0.02800835857201009, -0.14341300825602396, -0.9892665166238366]], "T": [0.17178094477045844, -0.10497109637829152, -0.08205345483377147], "aligned_model": [[-0.44548335923557614, -0.35382724279905065, 0.4012566778688479, 0.5379340397143698, -0.01127051264896034, -0.4699740139657421, 0.23548931881499544, 0.2000729540740656, -0.056817884867809476, -0.12815963244752007, 0.5490057150068642, -0.4510760455446188, 0.13657707614626466], [0.1506782376267495, -0.5077054459261245, 0.13996025534315765, 0.41310436865641, 0.48106234396144976, 0.09799685416873213, -0.7320660980482442, -0.5128136528930423, 0.5616521470923038, 0.010118391204216912, -0.027210995205457056, -0.5227166543462796, -0.2060505743381162], [-0.5178145257531963, -0.44616164723977847, -0.5809007735400893, -0.013182136127498745, -0.24447127713535668, 0.13383406364932013, -0.42637426997045674, 0.6047303909868377, 0.3046026266016857, 0.6441247317950697, 0.3934834896538049, 0.3000214929543157, -0.07055121408121656]], "inverted": true, "swapped": false, "error_lsq": 0.04582795481518111, "error_max": 0.3036976331939728, "target": "333.xyz", "model": "13.xyz", "model_rescale": 4.170626492500431, "target_rescale": 3.9102284026338308},
{"mapping": [4, 6, 2, 0, 8, 12, 3, 9, 7, 10, 1, 11, 13], "R": [[-0.08557927909061636, -0.8844438114458903, -0.4587323090707661], [0.9626418852007441, 0.04531706417789339, -0.26695873192584296], [0.2568983998538874, -0.4644410706315315, 0.847524456321556]], "T": [0.008415172118392157, -0.05026504600912248, -0.05696367712807329], "aligned_model": [[-0.33014029036937687, -0.2778033205798833, 0.28827843451298346, 0.4912294309174809, -0.2771569822920322, -0.6940991826649856, 0.3625083940647702, 0.15194813754113906, 0.29463219069740126, -0.2127450477982101, 0.6755415964454413, -0.274400260328799, -0.05406601002979988], [0.343540010241966, -0.6813775529082479, -0.04664864275620444, 0.286098685511834, 0.6236581160150153, 0.11799131538252158, -0.6346104990041125, -0.4050027754762601, 0.537121943541107, 0.07679581265003227, -0.093186901791769, -0.6478157545176619, -0.13055457959246455], [-0.5400381093678581, -0.5336871243205896, -0.6524430161699184, -0.15498529793423457, 0.0688632242789784, 0.06080516153781443, -0.14987215987102026, 0.6570852494822332, 0.4231260495602508, 0.446297686676131, 0.32239699315302717, 0.19325269536141096, -0.0594604005927844]], "inverted": false, "swapped": false, "error_lsq": 0.04255591202443283, "error_max": 0.2976799102174704, "target": "333.xyz", "model": "14.xyz", "model_rescale": 3.9786697098870705, "target_rescale": 3.9102284026338308},
{"mapping": [6, 2, 11, 7, 1, 5, 3, 4, 9, 10, 0, 12], "R": [[0.41738474581274115, 0.27311311653383047, -0.866717485424179], [0.900441771566289, -0.25281963285444803, 0.3539588242464162], [-0.12245239883888231, -0.928165641909094, -0.3514455166851369]], "T": [0.03488784213469571, 0.01724963387969756, 0.07801087951724625], "aligned_model": [[-0.16749682261904494, -0.6397683394357191, 0.6597761592446493, 0.6482630860741847, -0.18232777143366824, 0.3584918707383028, -0.34127962186939, -0.20291272235864205, 0.6184965577061365, 0.08957752871910873, -0.38310551551028466, 0.025640187511703445], [-0.4284971436161016, -0.025821757284124575, 0.1387439439500071, -0.5508705103695775, 0.3443886116457733, 0.5974342919928093, -0.36087774824671315, 0.2979828450688681, -0.04183229750302657, -0.7164963225815247, 0.6987592952877862, 0.06176128188026324], [-0.5031076879880927, -0.11003103289348767, -0.3964194707844758, -0.19838157797323816, -0.6552065313013093, 0.12403260820475243, 0.43432323774026427, 0.5085209639376539, 0.3016202270650533, 0.19222299527678643, 0.016309022189233524, -0.05391625959930982]], "inverted": true, "swapped": true, "error_lsq": 0.05081730865246256, "error_max": 0.28895418533281236, "target": "333.xyz", "model": "15.xyz", "model_rescale": 3.769337070930944, "target_rescale": 3.9102284026338308},
{"mapping": [1, 11, 2, 6, 0, 5, 4, 9, 3, 10, 12], "R": [[0.42997290698063184, -0.9012268172559075, -0.05397706106683109], [-0.6190914766974673, -0.3378274442887985, 0.7089417193012754], [-0.6571522218962472, -0.2714089934841626, -0.7031984894130103]], "T": [0.04458133654678707, 0.026345911997009926, 0.06881494879448011], "aligned_model": [[-0.34478536329072357, -0.2763240031655159, -0.11862769428245011, -0.6835430066346698, 0.40947739828794816, 0.42082796941708245, 0.5622185682055963, 0.17728110370106137, 0.11278411874179131, -0.3020610957885698, -0.03462186450037931], [0.06084269502714829, -0.670129927018952, 0.6606251017920026, 0.23874854290670194, 0.27041798291292185, -0.407801563487956, 0.2541420352530366, -0.4924876325168159, 0.5229594435897463, 0.1518169438433659, 0.006930875324143007], [-0.6653606773995512, -0.1367856400629651, -0.18303538481624695, 0.02333314007886353, -0.6021997106208172, -0.2679434885660338, 0.03949260653248854, 0.3963717724175536, 0.4690200905047499, 0.7157419478447626, -0.04441704868902689]], "inverted": true, "swapped": true, "error_lsq": 0.03495265668179396, "error_max": 0.2227373938450515, "target": "333.xyz", "model": "16.xyz", "model_rescale": 3.7852294659196426, "target_rescale": 3.9102284026338308},
{"mapping": [5, 6, 7, 2, 1, 4, 11, 9, 3, 0, 8, 10, 12], "R": [[0.8625423262325911, -0.2926562857161872, 0.4127626847088721], [-0.3379789785714338, -0.9403217448584453, 0.039562939604873906], [0.3765513849411267, -0.17362982052969483, -0.9099789777361591]], "T": [0.037417445892835834, 0.008894661719085886, 0.028882779672076836], "aligned_model": [[-0.4521136335778651, -0.2525122696792785, 0.17241361018175083, 0.5206335579052495, -0.06918776453897882, -0.641842939030431, 0.5420887749381675, 0.15353070160701557, 0.22471833946719505, -0.2074089847630774, 0.5254237093671618, -0.4094279178237849, 0.03741190606300543], [0.1404881165204478, -0.569561268001551, -0.08045245925579872, 0.28306699820948705, 0.6191027700186138, 0.17080266869988842, -0.47851325473143663, -0.6235844798353121, 0.6789869057113284, 0.08972141664765754, -0.14336315315829168, -0.6600379455539176, -0.0806471379753589], [-0.3897477202273869, -0.5783426589430151, -0.6531876952622959, -0.22688809440327515, -0.2720084763015217, 0.1479533966982521, -0.1848283502539343, 0.6065934623307121, 0.414097175781884, 0.6607642640334428, 0.43245849235937717, 0.07485519673972993, 0.04962195924147192]], "inverted": false, "swapped": false, "error_lsq": 0.04414963963936277, "error_max": 0.2697536441910132, "target": "333.xyz", "model": "17.xyz", "model_rescale": 3.901054581598922, "target_rescale": 3.9102284026338308},
{"mapping": [2, 3, 0, 1, 8, 5, 7, 11, 4, 10, 6, 9, 14], "R": [[-0.658955058041559, 0.6761089056147465, 0.3296285473527377], [0.7460693330409001, 0.6432534157000592, 0.17206276031179363], [-0.09570152442543806, 0.35930737668274654, -0.9282992121530701]], "T": [-0.034164998255974736, -0.07821399968404341, 0.0038559898383914654], "aligned_model": [[-0.5157242541877721, -0.11175849501071358, 0.270799391202206, 0.5653950684340151, -0.21282110409830607, -0.6370521717632973, 0.5022713401131004, 0.17337229555985523, 0.19090688802805222, -0.163094054523647, 0.6219992297088381, -0.49474351292322316, -0.04582353042297814], [0.11756357573187132, -0.4962139668913673, -0.01036055359945215, 0.22581931013958895, 0.5504738370405038, 0.07752095384002128, -0.4154840758042939, -0.6267532175306139, 0.5707252006699207, 0.07611897499689757, -0.21627699229781233, -0.3778102866737525, -0.1293135823257555], [-0.6391913847607029, -0.6306998912223893, -0.6874450657924603, -0.17992927176932935, -0.11126069852492002, 0.052433013901515245, -0.19149491092294096, 0.5449326822642903, 0.39602244704542483, 0.7988480523804777, 0.3416619419470132, 0.36758544696715506, 0.0198785902803071]], "inverted": true, "swapped": false, "error_lsq": 0.040067300461355135, "error_max": 0.2160809411310632, "target": "333.xyz", "model": "18.xyz", "model_rescale": 3.9405287249114394, "target_rescale": 3.9102284026338308},
{"mapping": [13, 7, 11, 10, 14, 12, 5, 6, 3, 1, 2, 0, 15], "R": [[0.9462573192456707, 0.02250437907508593, -0.3226308086597467], [0.3023374083516465, -0.4157908753344886, 0.8577354134578971], [-0.11484414345192792, -0.9091817755053303, -0.40024907470694854]], "T": [-0.14473324426198825, -0.11262877888233533, -0.04903464051518397], "aligned_model": [[-0.3195994211260359, -0.4421965382635037, 0.3177457160321273, 0.4753017006162537, -0.07780278855832995, -0.5339965624292144, 0.5113027890548643, 0.2084111553124034, -0.04204170046324618, -0.08766137213580089, 0.65103484386387, -0.4100322012206711, -0.10673853056658596], [0.1386711781945921, -0.5898522688947472, 0.07423493002906492, 0.37003662361506806, 0.6157228415743056, 0.2404870554911174, -0.6125355025402605, -0.5777616178694759, 0.5674359939234982, -0.06737787745180712, -0.16044763609895255, -0.546819853737996, -0.10578468893865126], [-0.6470312936279361, -0.4725896879924678, -0.5690426861038707, -0.026790241031687964, -0.30352077599936234, 0.10563383996346387, -0.15378497889342568, 0.4170382408426839, 0.45335459752116775, 0.606872808223718, 0.2970748650290295, 0.413316775518413, -0.039190511656284725]], "inverted": false, "swapped": false, "error_lsq": 0.04042991779547604, "error_max": 0.21917425584923075, "target": "333.xyz", "model": "19.xyz", "model_rescale": 4.410303926677745, "target_rescale": 3.9102284026338308},
{"mapping": [3, 5, 10, 11, 6, 0, 8, 7, 4, 2, 12, 1, 13], "R": [[-0.4043060639313698, -0.35230332260362685, -0.8440491547005826], [0.40317481331404526, -0.896988832651102, 0.181276319491538], [-0.8209669156412505, -0.26700824515669597, 0.5046978506401962]], "T": [-0.002766207285454991, -0.02936467489983966, 0.013015640130541933], "aligned_model": [[-0.5289605507297988, -0.13716172030381477, 0.30127046651370476, 0.6096394285124601, -0.08412358939125777, -0.6939478237316604, 0.3242315294419237, 0.13648035274436673, 0.1839054366858097, -0.2386457298175628, 0.645553761741117, -0.40873322286848374, 0.03421875131932612], [0.18804162970104596, -0.5276892450075593, -0.09382360226103853, 0.5070649482144775, 0.5316242361411774, 0.11271565933968278, -0.7031189815382195, -0.500654391898986, 0.5299360450650736, 0.0966623978977029, -0.10686636744882724, -0.6025138670239414, -0.08536928388483207], [-0.4362245042792936, -0.6447694249749748, -0.7476030295560617, -0.14298410724766095, -0.1101843649199565, 0.13646815825771258, -0.16072323251656778, 0.5281365610145985, 0.39698152012202925, 0.6188924886123102, 0.3929493747501417, 0.27723274214797977, -0.02683122961681618]], "inverted": true, "swapped": false, "error_lsq": 0.03608613241193473, "error_max": 0.21014446237418974, "target": "333.xyz", "model": "20.xyz", "model_rescale": 4.121658175737393, "target_rescale": 3.9102284026338308},
{"mapping": [5, 1, 8, 9, 7, 3, 6, 10, 11, 4, 10, 2, 12], "R": [[0.528534862530983, -0.37945873401604474, 0.7593826231013556], [-0.33850576942713123, 0.7261363714743668, 0.5984478373982032], [-0.7785016012532668, -0.5733559445937411, 0.2553394165520049]], "T": [-0.030274389269140528, -0.05400217773410342, -0.08694035863578399], "aligned_model": [[-0.20844011043453062, -0.4685327027015199, 0.38367245254997084, 0.5793581042941498, -0.2273706682392065, -0.667384457331112, 0.29569518752270496, 0.5190448026072373, 0.04730782903436301, -0.15935573889613183, 0.5190448026072373, -0.36212738156368307, -0.10718502933334928], [0.17255798925260574, -0.51862019155856, -0.10004450433803364, 0.33303815853946644, 0.6001515589889933, 0.1632435404093128, -0.6087462562043132, -0.27757301025388126, 0.5767839478219715, -0.10535218103587812, -0.27757301025388126, -0.6209427840275149, 0.009085919955468431], [-0.7040554180236709, -0.3597674429413305, -0.6163090571582517, -0.05214271403606309, -0.09428918470170322, 0.08491935761674856, -0.17982364281809649, 0.41994971815571314, 0.5218772383093451, 0.4696858932301332, 0.41994971815571314, 0.29340629200010004, -0.12205980599519649]], "inverted": true, "swapped": false, "error_lsq": 0.057910559894592435, "error_max": 0.46805667394687495, "target": "333.xyz", "model": "21.xyz", "model_rescale": 4.08911054899281, "target_rescale": 3.9102284026338308},
{"mapping": [2, 3, 15, 11, 1, 0, 9, 10, 8, 6, 5, 7, 16], "R": [[0.21807955554941505, -0.8736959425321349, -0.4348525123007276], [0.9627745411290676, 0.26551943302197367, -0.05064201458673592], [0.15970751518035436, -0.40762093995595283, 0.8990765701008688]], "T": [-0.02759516464886312, -0.13685940515948644, -0.05936716637326109], "aligned_model": [[-0.30148426500116654, -0.4065572415841838, 0.30315063238086093, 0.5319533106687988, -0.13690164393305476, -0.7032312241306132, 0.5506606813275352, 0.23072567939326272, 0.1826913335826772, -0.2128596418427084, 0.5655609984705471, -0.38566592789837556, -0.07431560131745009], [0.1863199568113509, -0.5918743396804445, 0.10810989195149581, 0.38134302459106983, 0.6401512732663734, 0.1237076355861583, -0.5526296367099948, -0.5872721306107747, 0.4012418591984055, 0.052851931123424095, -0.1547336779704992, -0.5167159114608084, -0.14449069880000098], [-0.6439984091901166, -0.6946843917829253, -0.6611181772692106, -0.12467241753078345, -0.17897017831158493, 0.21576940077895337, -0.04196306590598131, 0.558317322261384, 0.324023803809955, 0.6372322959630318, 0.32217618696041317, 0.42363443935481404, -0.054405857344508396]], "inverted": true, "swapped": false, "error_lsq": 0.03791014141472979, "error_max": 0.2297949360125736, "target": "333.xyz", "model": "22.xyz", "model_rescale": 4.204369325754507, "target_rescale": 3.9102284026338308},
{"mapping": [13, 7, 11, 10, 14, 12, 5, 6, 3, 1, 2, 0, 15], "R": [[0.9462573192456707, 0.02250437907508593, -0.3226308086597467], [0.3023374083516465, -0.4157908753344886, 0.8577354134578971], [-0.11484414345192792, -0.9091817755053303, -0.40024907470694854]], "T": [-0.14473324426198825, -0.11262877888233533, -0.04903464051518397], "aligned_model": [[-0.3195994211260359, -0.4421965382635037, 0.3177457160321273, 0.4753017006162537, -0.07780278855832995, -0.5339965624292144, 0.5113027890548643, 0.2084111553124034, -0.04204170046324618, -0.08766137213580089, 0.65103484386387, -0.4100322012206711, -0.10673853056658596], [0.1386711781945921, -0.5898522688947472, 0.07423493002906492, 0.37003662361506806, 0.6157228415743056, 0.2404870554911174, -0.6125355025402605, -0.5777616178694759, 0.5674359939234982, -0.06737787745180712, -0.16044763609895255, -0.546819853737996, -0.10578468893865126], [-0.6470312936279361, -0.4725896879924678, -0.5690426861038707, -0.026790241031687964, -0.30352077599936234, 0.10563383996346387, -0.15378497889342568, 0.4170382408426839, 0.45335459752116775, 0.606872808223718, 0.2970748650290295, 0.413316775518413, -0.039190511656284725]], "inverted": false, "swapped": false, "error_lsq": 0.04042991779547604, "error_max": 0.21917425584923075, "target": "333.xyz", "model": "23.xyz", "model_rescale": 4.410303926677745, "target_rescale": 3.9102284026338308},
{"mapping": [10, 1, 11, 14, 9, 4, 7, 12, 15, 5, 13, 0, 16], "R": [[-0.2702352069132473, -0.9249508307454335, -0.2672805523188826], [-0.06041700696515029, 0.29335325255549527, -0.95409310577348], [0.9608968301612446, -0.2416812568621, -0.13515713768657667]], "T": [-0.011655674971280157, -0.013385849955894008, 0.006088000092825797], "aligned_model": [[-0.39804105218112534, -0.22603492504025094, 0.28041868828342015, 0.5499100763358206, 0.014650965316847482, -0.664397355488782, 0.2854394092016508, 0.1504997977492707, 0.10169978035275752, -0.2215093508368328, 0.6287933090808043, -0.25375996827778047, -0.10394228437967032], [0.20339662584901205, -0.5731400258780205, 0.04742370176300531, 0.36291698664477856, 0.5508137057686755, 0.12420237749152094, -0.5795389223450236, -0.4876643810635578, 0.6170909188458761, 0.05164454682949571, -0.2043316956953595, -0.683431512464726, -0.08337314844992075], [-0.4708770350385934, -0.6079577223480557, -0.5522275481053869, -0.02840942212702359, -0.26484890330967054, 0.17603549543834826, -0.17594525584390105, 0.6345315634943688, 0.3206730849018624, 0.5954389275100845, 0.2241508503232811, 0.2567074973427965, -0.025930580444669865]], "inverted": true, "swapped": false, "error_lsq": 0.03481269648655438, "error_max": 0.2162244157284295, "target": "333.xyz", "model": "24.xyz", "model_rescale": 4.28219845311461, "target_rescale": 3.9102284026338308},
{"mapping": [9, 3, 5, 10, 11, 13, 1, 0, 14, 2, 6, 4, 15], "R": [[-0.9779898451041039, 0.19844760669732758, -0.06445471487295329], [-0.002368775949515345, 0.2983296522400032, 0.9544599559409813], [0.20863904661820115, 0.9336048232472139, -0.2912932924661784]], "T": [-0.09778073021864614, -0.012861352736132543, -0.032860413129110824], "aligned_model": [[-0.43651508512963344, -0.2841680863085013, 0.34547812772833825, 0.5415153491062685, 0.03694879391610645, -0.5924401873682165, 0.21806387742207367, 0.19881461371518733, 0.10292029858041304, -0.14068160560893186, 0.6312236990667954, -0.4009962907921314, -0.07643641421163795], [0.12475104953306673, -0.6186491063861378, -0.029298974585503186, 0.45632045995514137, 0.4574308289620315, 0.19196344736894994, -0.5132896261544863, -0.5695585083599818, 0.585238749320059, 0.0011156601559670007, -0.04230340904756184, -0.6330924285438774, -0.06461896492191134], [-0.6013633132304269, -0.47819881915012596, -0.7598625247860259, -0.003300838920388266, -0.27192168228118135, 0.2245794432478882, -0.2771780871407883, 0.4845114559485316, 0.39391820612682316, 0.6503263712785508, 0.4961791339402779, 0.20801779147684046, 0.015633815283465503]], "inverted": false, "swapped": false, "error_lsq": 0.03942982208275084, "error_max": 0.22066052948871842, "target": "333.xyz", "model": "25.xyz", "model_rescale": 4.100010024507729, "target_rescale": 3.9102284026338308},
{"mapping": [2, 6, 11, 7, 0, 5, 1, 9, 10, 8, 3, 12], "R": [[-0.2447490580105819, -0.3190483757708138, 0.9155905375881399], [-0.6939170512490709, 0.7171681205090387, 0.06441283188408659], [-0.6771831543893627, -0.6195789060672894, -0.39691933005049523]], "T": [-0.05487708109728954, 0.13947672597217264, -0.07605971886327828], "aligned_model": [[-0.7092093824348802, -0.16910222342833828, 0.5389444625703668, 0.6539112424420193, -0.5910786100642904, 0.1560147753181906, -0.3255116049429612, 0.5286487216202006, 0.13365524129786208, 0.08851567809044786, -0.3564202463433199, -0.07160245176229019], [-0.10863379427641881, -0.5905707138398958, 0.041894277792354204, -0.3805555462803517, 0.5735815722509727, 0.6701360310074417, -0.0791156137635241, 0.3154044140312432, -0.35821356539901467, 0.4868665819908746, 0.0019701638127267995, 0.09336758272423172], [-0.024423703725860363, 0.10094842828855943, 0.4418051994414665, -0.12673542278031016, 0.3326233950481341, 0.2665437417538276, 0.6794431921773616, -0.2265191285215489, -0.5968076762431602, -0.711017125055958, -0.6252449695464897, 0.05457635901833435]], "inverted": false, "swapped": true, "error_lsq": 0.04839464168528531, "error_max": 0.29856536888874735, "target": "333.xyz", "model": "26.xyz", "model_rescale": 3.6694154284099745, "target_rescale": 3.9102284026338308},
{"mapping": [11, 10, 2, 6, 12, 9, 0, 5, 3, 7, 1, 8, 13], "R": [[0.2561643563842203, 0.7076889853397937, 0.658449787415101], [-0.863486385090474, 0.4737032681156451, -0.17319490910515478], [-0.4344779456792298, -0.5241960642787111, 0.7324256965133499]], "T": [-0.04149459231358058, -0.156487448947509, 0.008714354299246371], "aligned_model": [[-0.3450871775950973, -0.4665496948925917, 0.2549158016668969, 0.4659858244390959, -0.05511913446535414, -0.6319242423214938, 0.48986811583182105, 0.3441011322727735, -0.07334072697367178, -0.10593689253827274, 0.754805642541933, -0.47238773438186765, -0.01560382346804191], [0.2330405000187441, -0.36725534451432684, -0.11528108575325319, 0.29926847934705214, 0.5708590997784364, 0.17439391076563487, -0.5252193299780106, -0.6090462497457558, 0.5267635731145249, -0.03866366491014349, -0.06927834944407432, -0.5786891742762114, -0.15488318710686083], [-0.6929087556261758, -0.3611447727511997, -0.6016728672052049, -0.06836088323710006, -0.30832536445072317, 0.09101799733080966, -0.12775474636912593, 0.5307152821929882, 0.4388132788409614, 0.6236072478793483, 0.3801267431995131, 0.21950808209501166, -0.04228029010566221]], "inverted": true, "swapped": false, "error_lsq": 0.04318713444511534, "error_max": 0.3153573341673522, "target": "333.xyz", "model": "27.xyz", "model_rescale": 4.103607728864725, "target_rescale": 3.9102284026338308},
{"mapping": [9, 0, 5, 7, 6, 10, 1, 4, 11, 13, 8, 2, 14], "R": [[0.4317049483550319, 0.8894982736296999, 0.1497453130337077], [-0.26997678698489724, -0.03098354818895524, 0.9623682009662072], [0.8606644944780115, -0.45588687297552954, 0.2267681348723907]], "T": [-0.18115310756419253, 0.012318468388581118, 0.06459707029031571], "aligned_model": [[-0.4506007799791306, -0.20236635584773804, 0.18726150312982395, 0.5098049448812159, -0.048925923193641474, -0.6096972880307083, 0.3528221531569753, 0.24467086411180847, 0.06845034155490978, -0.10202798858526399, 0.5585911813059253, -0.2336002180733087, -0.13065534431473796], [0.2447500522260334, -0.4882066223322213, 0.10170045985353812, 0.12441482439789991, 0.5486969331413176, 0.2813632734809826, -0.6333198827581168, -0.56969885372404, 0.5776818653086219, 0.01391258197393861, -0.03235621862763221, -0.6979591710589771, -0.12497006458558907], [-0.6726257160626138, -0.4440446234763672, -0.5610401605478145, -0.1088751819394392, -0.24537289134274842, 0.003441084918266127, -0.25302278510478243, 0.6137228018322343, 0.3648029680840926, 0.7077216362199251, 0.41539977300320374, 0.24919306627107984, 0.012040979938404313]], "inverted": false, "swapped": false, "error_lsq": 0.04048232084357938, "error_max": 0.2420554241331387, "target": "333.xyz", "model": "28.xyz", "model_rescale": 4.137296879288765, "target_rescale": 3.9102284026338308},
