[{"mapping": [2, 6, 4, 12, 1, 9, 3, 7, 13, 11, 8, 15], "R": [[-0.7034040129075392, -0.06024590889488644, 0.7082324654285481], [0.10829526510825946, -0.9938523317045522, 0.023014741374966], [0.7024919431429106, 0.09288688404104106, 0.7056040650339565]], "T": [-0.1336570257546493, -0.06815243724124072, -0.1071567136133992], "aligned_model": [[-0.27300491107972175, 0.1943623817872234, 0.33833977953369154, 0.13553454918307042, -0.12426130670261357, -0.502272784520752, 0.29009188528764474, -0.19404291762393597, 0.5876789603410152, 0.11844916529072932, -0.6481212176404717, -0.08511112139533063], [-0.35346376892021947, -0.5487251493136592, -0.41565571548169483, 0.6502372810388033, 0.6161566007733817, -0.6383223198857813, -0.15792795701610846, -0.5792521616011048, 0.13889739406705692, 0.3325904212164259, 0.04250613609136679, -0.03348572499140959], [-0.6398735198691481, 0.18094961941901044, -0.565727167115703, -0.10221550874070152, -0.550230248881286, 0.08005233329716886, 0.4916811234543158, 0.5957182193040144, -0.02015410219786147, 0.4067569742536802, 0.34540289508975985, -0.04040887265968664]], "inverted": false, "swapped": true, "error_lsq": 0.04899321625339199, "error_max": 0.26801023117043216, "target": "334.xyz", "model": "0.xyz", "model_rescale": 3.751011558992144, "target_rescale": 4.325004271468642},
{"mapping": [5, 2, 7, 6, 0, 8, 10, 4, 9, 11, 14, 12, 13, 3, 15], "R": [[0.91070017238458, 0.3507195539163083, -0.21822234193464798], [-0.1966715987530136, -0.09641459648565415, -0.9757174323688405], [-0.3632430016705489, 0.9315041707288565, -0.018828214257210867]], "T": [0.027760952049848374, -0.024039950034659238, 0.026250267915469985], "aligned_model": [[0.0018592058977500332, 0.11741000648085545, -0.516181965033122, 0.023644211294388782, 0.006210854563631511, -0.5985559581774377, 0.4940817077377773, 0.5621424817329344, -0.5155422461138577, 0.06933063227068709, -0.23964605841542588, 0.4280946563588963, 0.6242582872774315, 0.040353416864902174, 0.0416269783496231], [-0.11549401003769329, -0.5305227573274651, 0.5568599314343009, 0.4211092611854975, -0.7606613717237094, 0.0669972785950766, -0.3948715152232008, -0.13099271654983347, -0.03951444115994683, 0.5223870209951786, -0.33804269942562426, 0.08990143971103, 0.43236665012057035, 0.7127575655234933, 0.056477713709431665], [-0.756854408283043, -0.3202259906546546, -0.32812804147416264, -0.4463778677702584, 0.17751725213036829, 0.31115073295731543, 0.08927598228886574, -0.48052765177311213, -0.4216343990695297, 0.4597813230463181, 0.7546818114370536, 0.670705535370506, 0.10778943810783355, -0.03032171774468402, 0.06283440628315996]], "inverted": true, "swapped": true, "error_lsq": 0.05203524148101428, "error_max": 0.34402167230006536, "target": "334.xyz", "model": "1.xyz", "model_rescale": 3.9405287249114394, "target_rescale": 4.325004271468642},
{"mapping": [9, 6, 8, 10, 13, 8, 2, 4, 12, 14, 1, 0, 15], "R": [[-0.909186323072701, 0.0956008766089075, 0.4052662116796203], [0.10676574483698885, 0.994271749931433, 0.00497624534052429], [-0.40246901205800345, 0.04779288315109838, -0.9141851752534386]], "T": [-0.012988004057375182, 0.057552025168661806, -0.06613920349534294], "aligned_model": [[-0.3117836930632242, 0.27847650340264757, -0.6626945594959812, 0.2890372770667416, 0.5831657120040654, -0.6626945594959812, 0.0944204040152612, 0.6432961075768724, 0.10089236315401481, -0.6198738076596121, 0.022004868409405912, -0.2606402682639594, 0.002376931633680593], [0.694765121016754, 0.5329244298955467, 0.09446353103971628, -0.25095186117370283, -0.22460085929095214, 0.09446353103971628, 0.2634501225671844, 0.2564716164666851, -0.6784909110298755, -0.5080412882639467, -0.687606267418221, -0.1567376189661116, 0.02872304768922367], [-0.0396985786545465, -0.3987375200295784, -0.307485130680223, 0.3492514792015333, -0.43458891307831615, -0.307485130680223, 0.5089060053007111, 0.22290843000101504, -0.25010758363051744, 0.04571147667553166, 0.2627922704704534, 0.6111388269738856, -0.14948528228108177]], "inverted": false, "swapped": true, "error_lsq": 0.049248683745852596, "error_max": 0.34961192250960643, "target": "334.xyz", "model": "2.xyz", "model_rescale": 3.932901565614263, "target_rescale": 4.325004271468642},
{"mapping": [14, 0, 1, 8, 12, 13, 10, 11, 7, 3, 2, 9, 4, 15], "R": [[0.4888982483903809, -0.44536052979909024, 0.7500883289439261], [-0.836157771840632, -0.48432224968878723, 0.2574337566188668], [0.24863363270347677, -0.7530510985009359, -0.6091759677919074]], "T": [0.08951235011332967, -0.04117214440292682, 0.07649830054585248], "aligned_model": [[-0.139331848588628, 0.5733695494461047, 0.10491175444153192, -0.2332842525875193, -0.34066217323979575, -0.24349054154327535, 0.4008748194891252, -0.5972351096169687, -0.2197777574269654, -0.45304485063876987, 0.7085447858593629, 0.30522630285599384, 0.5478628097064381, 0.005846423896069819], [0.12455605017285282, -0.013430618872848486, -0.5198717144684889, 0.5303075559979881, -0.539204070973874, -0.6609195165442855, -0.4964262221904324, -0.1701137916792014, 0.5266885177120408, -0.07449370651120213, -0.05666753694302409, 0.5641725530050682, -0.4874412800863587, -0.06365958026774544], [-0.7114618810061144, -0.49888839075091396, -0.5832674735476276, -0.1492055526086022, -0.3178193207031442, 0.3517926171358288, -0.15746852385426663, 0.0799081241535161, 0.6602589135554152, 0.577248633621156, 0.0423468569352433, 0.3646714912540107, 0.45674175958587343, 0.09903910928672327]], "inverted": true, "swapped": true, "error_lsq": 0.04329282102448687, "error_max": 0.23296097162077098, "target": "334.xyz", "model": "3.xyz", "model_rescale": 3.9243930471874484, "target_rescale": 4.325004271468642},
{"mapping": [3, 13, 5, 9, 2, 11, 8, 4, 10, 1, 0, 14, 15], "R": [[0.29780476618659807, -0.8211565276002665, 0.48684112235514654], [0.7707488647246611, 0.5077281942352283, 0.3849133257036973], [-0.5632570538947488, 0.2606032193932136, 0.7841093375797159]], "T": [0.020426375967108668, -0.139938809666326, -0.10241213929822096], "aligned_model": [[-0.2660258083020555, -0.33229470659378935, 0.7560673787405654, 0.48944521387537593, 0.5452316448205472, -0.6154776511066911, -0.19524444764730733, 0.4503917525248645, 0.07596534419852913, -0.3584156408319542, 0.22435564109319356, -0.4466482541432068, -0.05014458031671912], [-0.5648942482101267, 0.08707709343435432, -0.2533190695865469, -0.6466780021776047, 0.15885523773340715, -0.3411263332276211, -0.6380147122260422, 0.2529157056482891, 0.4565934160029791, 0.526140838910742, 0.29537308769947623, -0.03660036760675403, -0.16849309271296486], [-0.6349415375888576, -0.7307562405126535, -0.36368768566188386, 0.036351041664733186, 0.03868758365857, -0.31076111928125316, 0.3301793714195697, -0.5656847136796936, -0.09957236049768792, 0.17597235157520102, 0.47627053103436573, 0.5845225051682739, -0.14950941192771955]], "inverted": true, "swapped": true, "error_lsq": 0.05384497824663425, "error_max": 0.3285664553292283, "target": "334.xyz", "model": "4.xyz", "model_rescale": 3.8936222436046832, "target_rescale": 4.325004271468642},
{"mapping": [1, 0, 14, 12, 8, 9, 5, 6, 13, 10, 11, 15], "R": [[-0.6726737806478513, -0.4208591687937059, 0.608594729578886], [0.6499759977050551, 0.05698045511880612, 0.7578155647265183], [-0.3536116333440471, 0.9053346275144483, 0.2352190999622066]], "T": [-0.12427458297715302, -0.018270241222985012, 0.07492196622066077], "aligned_model": [[0.1668476480525529, -0.4295216660118061, -0.3793234338958611, 0.3837559643611226, -0.5999234639637158, -0.6872466687284047, -0.31053087027309806, -0.015785394272953585, 0.613505635902043, 0.14608874044414885, 0.21185789096391708, -0.07217634036284801], [-0.43777791325201343, -0.6216822394064716, -0.029191252636130788, 0.029548426401721173, 0.3970683174903926, 0.1224707827076218, -0.2410182393491533, 0.27882252333524693, 0.12977767831742207, -0.5377084838800809, 0.5255867284503902, 0.05302657693086227], [-0.5606427090161381, -0.2547375624651948, -0.7222904048719216, -0.4979572923070809, -0.21314217190906481, 0.47401204975896616, 0.8083928955711424, 0.6419476337416241, 0.14220386590285802, -0.051691315119481246, -0.20702520125105078, 0.060214931240860754]], "inverted": false, "swapped": true, "error_lsq": 0.04484853209971063, "error_max": 0.24252455573040915, "target": "334.xyz", "model": "5.xyz", "model_rescale": 3.6523030999806103, "target_rescale": 4.325004271468642},
{"mapping": [5, 6, 13, 4, 10, 9, 11, 2, 8, 14, 12, 0, 15], "R": [[-0.9129406922464759, -0.08518056930260132, -0.3991034490627843], [-0.19044686687189016, -0.7760192125994186, 0.6012688022633964], [-0.3609283631681033, 0.6249307579963267, 0.6922371446050339]], "T": [0.008036140971940615, -0.04262859932841265, 0.02906787108739702], "aligned_model": [[0.24420897549958212, -0.12929677021314184, 0.18523320619154895, 0.6151374697878677, 0.5667211771982921, -0.28730087300845897, -0.3877904125819224, 0.45978126359120214, -0.6034141663566729, -0.20699261570663885, 0.08478749492175797, 0.3772138241198571, -0.037205668778978955], [-0.6217247772384563, -0.14812859430174283, 0.5721806727724698, -0.12213788896359314, 0.09234492000291503, -0.6612018876158027, 0.5288721568990383, -0.46159903354775533, -0.17124944058797797, 0.13857850446887476, 0.6709106449537716, -0.3039136825491604, 0.027895309870602264], [0.5098564820068971, 0.6548166585510247, 0.4307835054493962, 0.45207215336739426, -0.1400371760693851, 0.19081345872807637, 0.09955101714725235, -0.04162657166513349, -0.27311439986131797, -0.7593757659615428, -0.24212077799217738, -0.5720936460260959, 0.06058480180740078]], "inverted": false, "swapped": true, "error_lsq": 0.05549193777950111, "error_max": 0.35106513451885585, "target": "334.xyz", "model": "6.xyz", "model_rescale": 4.08911054899281, "target_rescale": 4.325004271468642},
{"mapping": [0, 8, 14, 2, 4, 13, 10, 12, 5, 9, 6, 7, 3, 11, 15], "R": [[-0.533750624218174, 0.8312549859263705, -0.1553235961444977], [0.5835765637735433, 0.22914548572265286, -0.7790575977340783], [-0.6120038115575532, -0.506465689603431, -0.6074074743477791]], "T": [0.028268312607487488, -0.09020990288967706, -0.08562232471669123], "aligned_model": [[0.0487037043703736, 0.4216194512321542, 0.723241192511091, -0.41193895287500293, -0.568590526837408, 0.09212419343249417, -0.050849831633718694, 0.6098954169069484, -0.7441922299830406, -0.322128234166492, -0.35153482757259025, -0.12603051446456623, 0.10126356631985667, 0.5389810151529707, 0.07577011740648448], [-0.5637345039422341, -0.5185486291387871, -0.483232835089811, -0.3413881025154231, 0.2527499224067322, 0.6619360334284452, 0.04426422957204468, 0.30420277320726996, -0.1800996462614837, -0.5318572401659194, 0.1763941469518588, -0.15914363341824955, 0.37794924637648675, 0.28986100713769886, -0.028593952379515716], [-0.6698432359034159, 0.293230867631301, -0.3371425434498922, -0.4430221851608777, -0.3684021992210832, -0.11666437424180931, -0.6640688343857499, -0.3933898657794124, 0.046711433659777424, 0.33650134130600073, 0.3684965779548299, 0.7689784992127264, 0.48158860832159694, 0.20243719613798078, -0.04134125399989231]], "inverted": true, "swapped": true, "error_lsq": 0.05091855324985666, "error_max": 0.2750899888225735, "target": "334.xyz", "model": "7.xyz", "model_rescale": 3.964800864290218, "target_rescale": 4.325004271468642},
{"mapping": [0, 10, 2, 14, 9, 12, 8, 4, 13, 3, 11, 7, 6, 15], "R": [[0.7448904787614217, -0.6591872218073263, -0.10300670491050141], [-0.6527760137606993, -0.7519780841267946, 0.09171933739232391], [-0.13791899981246775, -0.0010805549197467693, -0.9904429220766808]], "T": [0.02748616812704322, -0.004206381379262417, -0.007656959759771889], "aligned_model": [[-0.1290907379321189, 0.18435499034959207, 0.3665210296920806, -0.7465852710766439, 0.1673818715072668, -0.35133483592620224, -0.5165450937949037, 0.7239046353288109, 0.24368033661029273, 0.09627445332051124, -0.3260598260150627, 0.09501940431207434, 0.45054620947301144, 0.003120723612164082], [-0.13768558746680742, -0.484363878993933, 0.02178245932228203, -0.14311832340146502, 0.6795188491513353, -0.6428241356293676, 0.4234840176533748, -0.249738006125094, -0.5151516387888658, 0.09311844412694446, -0.18147379337690867, 0.7030239507260528, 0.268805651160457, -0.024429542176802724], [-0.7312757821638826, -0.32981264835885493, -0.5262970349553671, -0.2944210245256517, -0.10235385116807168, 0.18530499943988044, 0.04563312037916639, -0.1000794310834904, 0.5051390204496997, 0.7217438825928026, 0.5683995855681143, 0.49649289381733575, 0.40226590365604376, 0.07607540507729689]], "inverted": true, "swapped": true, "error_lsq": 0.03627199943482667, "error_max": 0.2200668880643459, "target": "334.xyz", "model": "8.xyz", "model_rescale": 4.121658175737393, "target_rescale": 4.325004271468642},
{"mapping": [13, 10, 4, 6, 12, 11, 0, 8, 2, 14, 3, 9, 15], "R": [[0.033629609975483504, 0.727875387663071, -0.6848842744341785], [0.04595223718866126, 0.6834210731477799, 0.7285767143375459], [0.9983774042065725, -0.05597371536597445, -0.010464318318696028]], "T": [0.03302551533686577, -0.007307920677944592, -0.02178484054402897], "aligned_model": [[-0.5519552937676466, 0.006563624730150548, 0.2075830339821556, 0.09230102769692478, -0.6460479579399366, -0.6024998798132152, 0.37542636335160934, 0.058494623678544175, 0.5287136462130344, -0.15921989207154338, -0.3698490003526106, 0.5826911614970801, -0.0454639607693493], [0.22881541816374026, -0.3940646434132578, 0.1503694334749022, 0.6295083251178293, -0.357499248830351, 0.15418148099959275, -0.6752127016407852, -0.031723504162582405, -0.20626158991740773, -0.6628612351741016, 0.6044288568853169, 0.31861937037689453, 0.032087477531919685], [-0.4374865529631712, -0.47858057537786003, -0.7278258436644766, -0.13360436107229576, -0.09104925010737205, 0.21964484696464665, -0.07299117757468683, 0.6713847835868046, -0.33693289971776325, 0.4619592081550473, 0.07670261169636254, 0.2742853847534335, -0.004430740719580172]], "inverted": false, "swapped": true, "error_lsq": 0.05047116542815474, "error_max": 0.33693146999289597, "target": "334.xyz", "model": "9.xyz", "model_rescale": 3.833441315466971, "target_rescale": 4.325004271468642},
{"mapping": [4, 13, 0, 14, 12, 10, 11, 8, 9, 8, 5, 7, 3, 2, 15], "R": [[0.13765297559188627, 0.8010506449022496, 0.5825543087235642], [0.9900237276809358, -0.12913584118646776, -0.056364467085280534], [0.030077847985583106, 0.5845013249110335, -0.8108350783222215]], "T": [-0.08285872163017875, -0.027044594873081897, 0.08636614267309049], "aligned_model": [[0.04325527590469826, 0.0017715316904422101, -0.6760277613991389, -0.7185685494935248, -0.5595618123878218, -0.5056948718895837, -0.023935828013188318, -0.041979841428759185, 0.3653058478672225, -0.041979841428759185, 0.3994428603498125, 0.7026020281122975, 0.44804339914502395, -0.21119505279742606, -0.05763236593676248], [-0.7475023845679892, -0.4480480108616565, -0.029636466331672398, 0.5140790141054667, -0.05168718279276049, -0.44911556784471074, 0.2139827080128055, 0.6649993471328783, 0.22844352165219092, 0.6649993471328783, -0.39117296040500454, 0.3496710751369697, 0.028695064456651584, -0.33528219750754185, -0.011323768023527171], [0.2237058904130393, -0.535211314948533, 0.5490766337668681, 0.02492508122162622, -0.514232902427929, 0.13118825112873805, -0.5668517234456555, 0.12002655711833952, 0.5658375608956363, 0.12002655711833952, 0.593400063494363, 0.08009955794918387, -0.4247752929379488, 0.6089816334701185, 0.0019253550059069174]], "inverted": false, "swapped": true, "error_lsq": 0.0558806311896416, "error_max": 0.48540739670300054, "target": "334.xyz", "model": "10.xyz", "model_rescale": 4.2482417240324, "target_rescale": 4.325004271468642},
{"mapping": [2, 9, 8, 7, 1, 12, 14, 3, 6, 13, 4, 15], "R": [[0.6217434777938675, 0.0930127758551583, 0.7776783855479747], [-0.32219473349047867, -0.874643557266255, 0.36220049895552414], [0.7138806633687356, -0.47575967805221714, -0.5138357005968588]], "T": [-0.0959157923802321, 0.021460025683499882, -0.0029851949366230604], "aligned_model": [[-0.6384816132583644, 0.05455791764711759, 0.29771691736983896, 0.6000157805157909, -0.540315381573779, -0.06715515529247315, -0.14857197447015025, 0.545757348875309, 0.2293408652722256, 0.06687056710616188, -0.49839578369178206, -0.024573886136888157], [-0.26593653990762717, -0.6662874890165411, -0.18450045086506986, -0.4781646173641502, 0.626214133237929, 0.7708434710772356, 0.2884325064421513, 0.14172392479992135, -0.2227396959884462, 0.5779449856732429, 0.005385556655084629, 0.07321560530690926], [-0.09035297445281695, 0.016496040786080586, 0.5302713061292327, -0.16096309657863295, 0.3155470188509919, 0.1587849641708126, 0.7886395712711943, -0.3494266950847409, -0.5090748362396618, -0.48732988866713445, -0.6287470038183093, -0.018652116512659328]], "inverted": false, "swapped": true, "error_lsq": 0.04936125779043076, "error_max": 0.26230646107036565, "target": "334.xyz", "model": "11.xyz", "model_rescale": 3.6694154284099745, "target_rescale": 4.325004271468642},
{"mapping": [8, 14, 12, 1, 0, 7, 9, 6, 10, 4, 13, 2, 11, 15], "R": [[-0.29051648534407304, 0.01138166536980062, -0.9568022938082543], [-0.5540286859180197, -0.8172699435582819, 0.15849938339373776], [-0.7801617697139993, 0.5761426013146855, 0.24373616068829024]], "T": [0.03941790135488099, -0.01556846015065777, 0.0045194483253274895], "aligned_model": [[-0.1213256678161724, 0.23859401773075645, -0.1390581578035774, 0.3797114406564024, 0.7469763958635188, -0.5160756129147412, 0.08667757604735693, -0.33791764335375496, 0.4220899610005675, 0.2409144000707168, -0.3922934276225031, 0.5917578007691643, -0.5573337227275137, -0.04445250964441065], [-0.3753723318128236, 0.18413660560635123, 0.6740907094879256, 0.6634035501305489, 0.07619144884912862, -0.6834998528076561, -0.7158735752286609, -0.29980856753651824, 0.41727006138066136, 0.1439213055816247, 0.5078020951199205, -0.11984567438508575, 0.24475764824361507, 0.013813865507222724], [-0.5668224833770141, -0.7836198228981723, -0.28024156181161364, -0.2919238229157771, -0.23401424333133083, 0.06930498536025892, 0.06246570682670011, 0.44991541878179, 0.16312665699798332, 0.702938054211147, 0.33689466127429235, 0.266539453101401, -0.24920769880065483, -0.006259843766594643]], "inverted": false, "swapped": true, "error_lsq": 0.047803161803319845, "error_max": 0.27679770885525806, "target": "334.xyz", "model": "12.xyz", "model_rescale": 3.9764082729961374, "target_rescale": 4.325004271468642},
{"mapping": [3, 11, 7, 9, 2, 0, 9, 5, 6, 4, 8, 12, 10, 1, 14, 15], "R": [[-0.8769484999557958, -0.39868163974759396, -0.26835476249444395], [-0.16194549455034213, -0.28058511815860443, 0.946068521970141], [-0.4524765023955662, 0.8731122159242144, 0.1814940031620425]], "T": [0.055086965265786964, -0.048751075047589465, 0.06672830971023352], "aligned_model": [[-0.12717636463467022, -0.029752398455794665, -0.27816985989273224, -0.030176011375739664, -0.7043137950553219, -0.2070125180002169, -0.030176011375739664, 0.5244542166815649, 0.7974743364456794, 0.31884009915488, -0.5035174472390682, 0.11298218803486522, -0.34977411991093743, -0.43602392330584516, 0.48742718768888715, 0.08064852497777567], [-0.2528565341976555, -0.7713269657016637, 0.41865658594292326, 0.3095932312563853, 0.19371186025851123, 0.6261960421983017, 0.3095932312563853, 0.541794513414458, -0.026278309903250974, 0.5353840877040636, -0.37179576441247775, -0.31031671161229685, -0.6986289078638025, -0.16670854847065503, -0.489532312006869, -0.017837718057915924], [-0.729239332491602, -0.2514399843704293, -0.4247019150985712, 0.5419321706703184, 0.03876897973630722, 0.12019028961573565, 0.5419321706703184, 0.4324798607406158, -0.1121984117111556, -0.2574384957773269, -0.22181297962596758, 0.645904531509166, 0.31145918859945915, 0.4517201380014641, -0.4408166368657925, -0.03316986743924877]], "inverted": true, "swapped": false, "error_lsq": 0.04484624484525571, "error_max": 0.2976415668499924, "target": "334.xyz", "model": "13.xyz", "model_rescale": 4.170626492500431, "target_rescale": 4.325004271468642},
{"mapping": [14, 0, 8, 9, 11, 6, 7, 1, 12, 2, 10, 5, 13, 15], "R": [[-0.31639220934578083, -0.9442961073705993, 0.0905584422902117], [-0.05704808993701782, 0.11422984246962842, 0.9918150324147655], [-0.9469115509380135, 0.3086363632077366, -0.09001172149264003]], "T": [-0.04390910674128647, 0.0386437106623449, 0.09727351253782643], "aligned_model": [[0.3638426172958071, 0.10606260364690459, -0.2317411926539245, -0.7333766529885217, 0.2794443089912394, -0.43765377078392664, -0.7008333809481823, 0.688546399039369, 0.6984479775914998, -0.219277337931151, 0.3264818775437337, -0.6546925959755847, 0.3701682689691741, -0.012236099704793175], [-0.4052192403332319, -0.6953818104002927, -0.04717926551139871, -0.05180438939366096, 0.5297988183924575, 0.5196550051472981, 0.5149154829913877, -0.31775964884783375, 0.17039832736164606, -0.3933450316205828, -0.22050669775615922, 0.02917622403980473, 0.6075818350070172, 0.11574485884921443], [-0.48362317513268627, 0.16562734650708721, -0.5653594539501724, -0.014405240136248665, -0.2801769841237918, 0.2847445678023677, -0.21977262344482953, 0.13143305119467988, -0.04456790303911254, 0.5062225250399716, 0.49045912032976746, 0.5964143497817572, 0.3722535653897139, 0.06462395490236295]], "inverted": false, "swapped": true, "error_lsq": 0.04540108662475567, "error_max": 0.2801865182649985, "target": "334.xyz", "model": "14.xyz", "model_rescale": 3.9786697098870705, "target_rescale": 4.325004271468642},
{"mapping": [9, 0, 6, 7, 4, 13, 14, 12, 3, 8, 10, 15], "R": [[0.11643955337621764, 0.35183875198555226, 0.9287902470476292], [-0.9326664310326652, -0.28274185811928126, 0.22403207380204979], [0.3414310455045613, -0.8923376795073181, 0.29522585743318114]], "T": [-0.033402796206075815, 4.909995466254448e-05, -0.06215252791668119], "aligned_model": [[0.08624404008045997, -0.7827694183531861, 0.5220560824958861, 0.6355496236396071, -0.014908151755747206, 0.36833548065615274, -0.5238391185507436, -0.10706718874996804, 0.6909989921670019, -0.005311893494030773, -0.41990043295657004, 0.03396658158847502], [-0.5100953963677282, -0.03803571785690948, 0.03310772055174121, -0.5126774188316141, 0.5682909401505871, 0.5928161693568365, -0.32101039238317025, 0.3543753781158883, 0.022459233898455836, -0.6442220229009223, 0.4577546602095413, 0.011911336281733118], [-0.5327433558865419, -0.11652566807266479, -0.39670399499091186, -0.2824176690923744, -0.542345752143113, 0.17867573082935576, 0.5354340897155303, 0.6143079311857544, 0.08265552974181006, 0.19446887698463067, -0.07043108430484393, -0.0044081400928014935]], "inverted": false, "swapped": true, "error_lsq": 0.047648952931783624, "error_max": 0.23179405764854458, "target": "334.xyz", "model": "15.xyz", "model_rescale": 3.769337070930944, "target_rescale": 4.325004271468642},
{"mapping": [13, 4, 11, 3, 12, 10, 14, 2, 8, 7, 15], "R": [[-0.1492742944144005, 0.5602935111370794, 0.8147320825920421], [-0.7775140917321258, 0.44254518333708454, -0.4467948050986198], [-0.6108919889678128, -0.700160654480691, 0.36957548042601523]], "T": [0.0466512757189158, -0.04548675542207701, 0.09495765028256883], "aligned_model": [[-0.3516253930496358, -0.21253552186313895, -0.16295577653579235, -0.5904376111210312, 0.26774180976238315, 0.3312663107166144, 0.7438631068158299, 0.256956972226158, 0.2052317202239897, -0.5644284261125193, -0.00045106037168660823], [-0.010501371173339748, -0.7035472986246746, 0.5388412975574787, 0.3114381823558231, 0.28754447177108505, -0.4160702075811683, 0.4169165461803829, -0.6065452325888658, 0.4897499361592884, 0.2703397135133197, 0.017898460056012304], [-0.5460699699321266, -0.1365696674461002, -0.22579967058725284, -0.018848666420836907, -0.5598564335031387, -0.2800163814008674, 0.06675129082358705, 0.25493416109654593, 0.5073929186822344, 0.6295021246068666, 0.05279790130486577]], "inverted": true, "swapped": true, "error_lsq": 0.04055427493964234, "error_max": 0.17935240004973155, "target": "334.xyz", "model": "16.xyz", "model_rescale": 3.7852294659196426, "target_rescale": 4.325004271468642},
{"mapping": [8, 0, 1, 14, 9, 2, 4, 10, 11, 3, 6, 13, 15], "R": [[0.04987633564899044, -0.6480619491310251, 0.7599526703885748], [-0.475376884243009, 0.653778384438602, 0.5887194934502001], [-0.8783673315132103, -0.39062710367990094, -0.2754656000320437]], "T": [-0.05085961333444626, 0.08454911844213331, -0.04521668944498704], "aligned_model": [[-0.02469921970718763, -0.46953578239782484, 0.18420750438769024, 0.10322265366793444, -0.5353263038951124, -0.5889595480863281, -0.26108520935664664, -0.10406566725778531, 0.6157555995769247, 0.4250585638466528, -0.046298708257175844, 0.522796564652091, 0.03269540304305078], [-0.2934741173751194, -0.4398685257102035, -0.4423518476060534, -0.7363864820947778, 0.24083348411079317, 0.10580448143951016, 0.5943592607863168, -0.010869774499174173, 0.061516758197618926, 0.5331166529093607, 0.6895298600134679, 0.4680844045399467, 0.10476146899118813], [-0.6267173265915144, 0.2948621632737011, 0.530804246670256, -0.10035419242440154, -0.5319257634465944, 0.2623613568460269, 0.45450842594915125, 0.5438568953418234, -0.2534312831747896, -0.38948198585885674, -0.2808639319894662, 0.2623283733511323, -0.07019228080329407]], "inverted": false, "swapped": true, "error_lsq": 0.04418744419122863, "error_max": 0.2687852414615141, "target": "334.xyz", "model": "17.xyz", "model_rescale": 3.901054581598922, "target_rescale": 4.325004271468642},
{"mapping": [5, 2, 7, 6, 0, 8, 10, 4, 9, 11, 14, 12, 13, 3, 15], "R": [[0.91070017238458, 0.3507195539163083, -0.21822234193464798], [-0.1966715987530136, -0.09641459648565415, -0.9757174323688405], [-0.3632430016705489, 0.9315041707288565, -0.018828214257210867]], "T": [0.027760952049848374, -0.024039950034659238, 0.026250267915469985], "aligned_model": [[0.0018592058977500332, 0.11741000648085545, -0.516181965033122, 0.023644211294388782, 0.006210854563631511, -0.5985559581774377, 0.4940817077377773, 0.5621424817329344, -0.5155422461138577, 0.06933063227068709, -0.23964605841542588, 0.4280946563588963, 0.6242582872774315, 0.040353416864902174, 0.0416269783496231], [-0.11549401003769329, -0.5305227573274651, 0.5568599314343009, 0.4211092611854975, -0.7606613717237094, 0.0669972785950766, -0.3948715152232008, -0.13099271654983347, -0.03951444115994683, 0.5223870209951786, -0.33804269942562426, 0.08990143971103, 0.43236665012057035, 0.7127575655234933, 0.056477713709431665], [-0.756854408283043, -0.3202259906546546, -0.32812804147416264, -0.4463778677702584, 0.17751725213036829, 0.31115073295731543, 0.08927598228886574, -0.48052765177311213, -0.4216343990695297, 0.4597813230463181, 0.7546818114370536, 0.670705535370506, 0.10778943810783355, -0.03032171774468402, 0.06283440628315996]], "inverted": true, "swapped": true, "error_lsq": 0.05203524148101428, "error_max": 0.34402167230006536, "target": "334.xyz", "model": "18.xyz", "model_rescale": 3.9405287249114394, "target_rescale": 4.325004271468642},
{"mapping": [14, 10, 13, 8, 9, 7, 8, 0, 1, 4, 11, 6, 2, 5, 3, 15], "R": [[-0.4812119339336526, -0.8738898708266478, -0.06893162051206192], [-0.8747319183501461, 0.4838339901417815, -0.027363132184675433], [0.057263825049568506, 0.04712922288843036, -0.9972460532339175]], "T": [0.04415768174402661, 0.050154783911627684, -0.10537493520208902], "aligned_model": [[-0.09380770328394787, -0.1404439779453429, -0.36144471547552837, -0.04221999832577138, -0.6685927888190497, -0.2685313957774426, -0.04221999832577138, 0.5010120449132879, 0.6009794349394074, 0.3746102296817769, -0.591823237355707, 0.21934837275476415, -0.02006963500672447, -0.42414239592487674, 0.5464018503618128, 0.03667801732669979], [-0.2765737467019987, -0.6942190428729891, 0.2649664447102326, 0.3082461112515354, 0.2687468258149335, 0.6630512312533989, 0.3082461112515354, 0.32500944224598083, -0.23354669708521936, 0.7023577259078386, -0.24411319465816061, -0.16078439059753818, -0.6831322749985831, -0.20100831894383192, -0.5304721842444219, 0.012873737471728347], [-0.7938173669952848, -0.2778100539699372, -0.5959587620111906, 0.6004578485885488, 0.07687251439650439, 0.0436520240232498, 0.6004578485885488, 0.3286910339789399, 0.10671567946073965, -0.11524735278919665, -0.2731480833197929, 0.5896763881063354, 0.35667508809718357, 0.5340582323597638, -0.4742268212123244, -0.09347851113879653]], "inverted": false, "swapped": false, "error_lsq": 0.04536721196405131, "error_max": 0.27668315459246884, "target": "334.xyz", "model": "19.xyz", "model_rescale": 4.410303926677745, "target_rescale": 4.325004271468642},
{"mapping": [0, 10, 2, 14, 9, 12, 8, 4, 13, 3, 11, 7, 6, 15], "R": [[0.7448904787614217, -0.6591872218073263, -0.10300670491050141], [-0.6527760137606993, -0.7519780841267946, 0.09171933739232391], [-0.13791899981246775, -0.0010805549197467693, -0.9904429220766808]], "T": [0.02748616812704322, -0.004206381379262417, -0.007656959759771889], "aligned_model": [[-0.1290907379321189, 0.18435499034959207, 0.3665210296920806, -0.7465852710766439, 0.1673818715072668, -0.35133483592620224, -0.5165450937949037, 0.7239046353288109, 0.24368033661029273, 0.09627445332051124, -0.3260598260150627, 0.09501940431207434, 0.45054620947301144, 0.003120723612164082], [-0.13768558746680742, -0.484363878993933, 0.02178245932228203, -0.14311832340146502, 0.6795188491513353, -0.6428241356293676, 0.4234840176533748, -0.249738006125094, -0.5151516387888658, 0.09311844412694446, -0.18147379337690867, 0.7030239507260528, 0.268805651160457, -0.024429542176802724], [-0.7312757821638826, -0.32981264835885493, -0.5262970349553671, -0.2944210245256517, -0.10235385116807168, 0.18530499943988044, 0.04563312037916639, -0.1000794310834904, 0.5051390204496997, 0.7217438825928026, 0.5683995855681143, 0.49649289381733575, 0.40226590365604376, 0.07607540507729689]], "inverted": true, "swapped": true, "error_lsq": 0.03627199943482667, "error_max": 0.2200668880643459, "target": "334.xyz", "model": "20.xyz", "model_rescale": 4.121658175737393, "target_rescale": 4.325004271468642},
{"mapping": [5, 6, 13, 4, 10, 9, 11, 2, 8, 14, 12, 0, 15], "R": [[-0.9129406922464759, -0.08518056930260132, -0.3991034490627843], [-0.19044686687189016, -0.7760192125994186, 0.6012688022633964], [-0.3609283631681033, 0.6249307579963267, 0.6922371446050339]], "T": [0.008036140971940615, -0.04262859932841265, 0.02906787108739702], "aligned_model": [[0.24420897549958212, -0.12929677021314184, 0.18523320619154895, 0.6151374697878677, 0.5667211771982921, -0.28730087300845897, -0.3877904125819224, 0.45978126359120214, -0.6034141663566729, -0.20699261570663885, 0.08478749492175797, 0.3772138241198571, -0.037205668778978955], [-0.6217247772384563, -0.14812859430174283, 0.5721806727724698, -0.12213788896359314, 0.09234492000291503, -0.6612018876158027, 0.5288721568990383, -0.46159903354775533, -0.17124944058797797, 0.13857850446887476, 0.6709106449537716, -0.3039136825491604, 0.027895309870602264], [0.5098564820068971, 0.6548166585510247, 0.4307835054493962, 0.45207215336739426, -0.1400371760693851, 0.19081345872807637, 0.09955101714725235, -0.04162657166513349, -0.27311439986131797, -0.7593757659615428, -0.24212077799217738, -0.5720936460260959, 0.06058480180740078]], "inverted": false, "swapped": true, "error_lsq": 0.05549193777950111, "error_max": 0.35106513451885585, "target": "334.xyz", "model": "21.xyz", "model_rescale": 4.08911054899281, "target_rescale": 4.325004271468642},
{"mapping": [5, 8, 10, 4, 7, 12, 13, 3, 15, 14, 6, 2, 1, 0, 11, 16], "R": [[0.06487440287281601, 0.007119042523345276, -0.9978680429222326], [-0.9927912542711145, -0.1005308632872709, -0.06526155812960377], [-0.10078113560921592, 0.9949084705440331, 0.0005458434299109305]], "T": [0.0037731625925262052, -0.018840689348233873, -0.015713951560471444], "aligned_model": [[-0.07565167133501792, -0.1825951974334047, -0.48338633365956674, -0.012356742582858654, -0.6278077982477123, -0.06509411524171543, -0.19710013322930675, 0.34929589343797807, 0.7134355835086057, 0.45499746724973206, -0.676056862171167, 0.4400292348891131, 0.15115249041674583, -0.509613170364133, 0.36864666790143935, -0.022161209401145292], [-0.128076468130238, -0.6344257489502175, 0.28743645435012066, 0.07174328751755904, 0.3039054375745763, 0.7016692577187321, 0.4938987192941506, 0.5767044330030251, -0.1858318051996016, 0.4370534508927441, -0.3088067902379887, -0.20479242880497325, -0.7476634315558115, -0.2547244351364989, -0.5708855715652295, -0.0075565809659083934], [-0.7081648843619508, -0.27471952454325593, -0.5814041014431801, 0.6755360431317309, 0.03659871870095134, -0.1609455605694759, 0.3496327110477566, 0.5136430858039175, -0.01619712897897027, -0.03520101720987655, -0.1122278174863455, 0.5286723261418793, 0.26194613818443174, 0.5142603211976368, -0.40043047499046086, 0.022570871538503248]], "inverted": true, "swapped": false, "error_lsq": 0.04379921789505799, "error_max": 0.26780203587099954, "target": "334.xyz", "model": "22.xyz", "model_rescale": 4.204369325754507, "target_rescale": 4.325004271468642},
{"mapping": [14, 10, 13, 8, 9, 7, 8, 0, 1, 4, 11, 6, 2, 5, 3, 15], "R": [[-0.4812119339336526, -0.8738898708266478, -0.06893162051206192], [-0.8747319183501461, 0.4838339901417815, -0.027363132184675433], [0.057263825049568506, 0.04712922288843036, -0.9972460532339175]], "T": [0.04415768174402661, 0.050154783911627684, -0.10537493520208902], "aligned_model": [[-0.09380770328394787, -0.1404439779453429, -0.36144471547552837, -0.04221999832577138, -0.6685927888190497, -0.2685313957774426, -0.04221999832577138, 0.5010120449132879, 0.6009794349394074, 0.3746102296817769, -0.591823237355707, 0.21934837275476415, -0.02006963500672447, -0.42414239592487674, 0.5464018503618128, 0.03667801732669979], [-0.2765737467019987, -0.6942190428729891, 0.2649664447102326, 0.3082461112515354, 0.2687468258149335, 0.6630512312533989, 0.3082461112515354, 0.32500944224598083, -0.23354669708521936, 0.7023577259078386, -0.24411319465816061, -0.16078439059753818, -0.6831322749985831, -0.20100831894383192, -0.5304721842444219, 0.012873737471728347], [-0.7938173669952848, -0.2778100539699372, -0.5959587620111906, 0.6004578485885488, 0.07687251439650439, 0.0436520240232498, 0.6004578485885488, 0.3286910339789399, 0.10671567946073965, -0.11524735278919665, -0.2731480833197929, 0.5896763881063354, 0.35667508809718357, 0.5340582323597638, -0.4742268212123244, -0.09347851113879653]], "inverted": false, "swapped": false, "error_lsq": 0.04536721196405131, "error_max": 0.27668315459246884, "target": "334.xyz", "model": "23.xyz", "model_rescale": 4.410303926677745, "target_rescale": 4.325004271468642},
{"mapping": [9, 14, 10, 0, 1, 3, 3, 2, 5, 4, 11, 12, 13, 7, 15, 16], "R": [[0.9148996172846919, 0.14352778592591825, -0.37730420745007337], [0.064089565767783, 0.8711599242297527, 0.4867986380175156], [0.39856143548017947, -0.46955315043476703, 0.7878252477959586]], "T": [-0.02645129682332456, -0.15124105774622232, -0.04478831800146829], "aligned_model": [[-0.08072890785660444, -0.08359500904071082, -0.2704992544172772, 0.03316426498655342, -0.7105731924646166, -0.08962557596757975, -0.08962557596757975, 0.39576473176738114, 0.5824057025797894, 0.35565395816152146, -0.5868271644941576, 0.3265259035599982, -0.07619344593733145, -0.4687319437030756, 0.4422521671451515, -0.05363255461387576], [-0.23817441949881785, -0.7591876912801679, 0.27337200512722537, 0.1682767010545974, 0.30407283889544257, 0.7201944563208618, 0.7201944563208618, 0.5351786597084143, -0.09160782687973945, 0.4051886552594366, -0.3226873616188678, -0.33985993851047125, -0.7679272882289128, -0.2748850908716602, -0.4609949570879541, -0.04150541890580822], [-0.662782262294854, -0.33682509127393523, -0.4736569313401744, 0.636930243933852, 0.20219718157185826, 0.16936148916935664, 0.16936148916935664, 0.3835287933412479, 0.10129065201883794, -0.17993979445864974, -0.28417615902797533, 0.6523528790400572, 0.28899370003381564, 0.4358683985337345, -0.4848835071836415, -0.004051375069595527]], "inverted": true, "swapped": false, "error_lsq": 0.04601644970707789, "error_max": 0.3474180342570429, "target": "334.xyz", "model": "24.xyz", "model_rescale": 4.28219845311461, "target_rescale": 4.325004271468642},
{"mapping": [0, 0, 4, 11, 3, 7, 9, 12, 14, 13, 1, 10, 8, 5, 6, 15], "R": [[-0.09020492390233725, -0.8334907688125879, -0.5451203628630789], [-0.9229065780774488, 0.27567479330368416, -0.2687877535869981], [0.37430805474254397, 0.47884918987210595, -0.7941013370557188]], "T": [0.0024063869437516046, 0.08032432008880469, 0.042291322159617076], "aligned_model": [[-0.0828985805908445, -0.0828985805908445, -0.3334141048741892, 0.21703815525871006, -0.7553291149942798, -0.2744856320227122, -0.268857338622056, 0.5003527926736568, 0.7429894754820385, 0.30335606649012486, -0.5249292723240586, 0.40882999581206136, -0.11098383498695726, -0.4555503524777477, 0.3480504048409992, -0.00553597533631477], [-0.37860571860165404, -0.37860571860165404, 0.2346193775840396, 0.06417258623475125, 0.2214482144576644, 0.7860764327842953, 0.5155091469766695, 0.5018590536394942, -0.07341707976468298, 0.5608429898359536, -0.2786738809217681, -0.4662248038750108, -0.5615917190932986, -0.2504725477524771, -0.7109615452793057, 0.043672992181423925], [-0.6267830041579465, -0.6267830041579465, -0.5886335588947048, 0.5424406966189842, -0.03495050848098223, -0.13318167008919585, 0.4826364612466823, 0.4407605752570699, 0.13198466548458576, -0.13504326370103814, -0.011697500594980911, 0.4494874961061843, 0.2811061314577193, 0.6795744130689616, -0.21576686337517575, -0.02158135962492566]], "inverted": true, "swapped": false, "error_lsq": 0.05098494803097052, "error_max": 0.506893968819367, "target": "334.xyz", "model": "25.xyz", "model_rescale": 4.100010024507729, "target_rescale": 4.325004271468642},
{"mapping": [2, 9, 8, 7, 1, 12, 14, 3, 6, 13, 4, 15], "R": [[0.6217434777938675, 0.0930127758551583, 0.7776783855479747], [-0.32219473349047867, -0.874643557266255, 0.36220049895552414], [0.7138806633687356, -0.47575967805221714, -0.5138357005968588]], "T": [-0.0959157923802321, 0.021460025683499882, -0.0029851949366230604], "aligned_model": [[-0.6384816132583644, 0.05455791764711759, 0.29771691736983896, 0.6000157805157909, -0.540315381573779, -0.06715515529247315, -0.14857197447015025, 0.545757348875309, 0.2293408652722256, 0.06687056710616188, -0.49839578369178206, -0.024573886136888157], [-0.26593653990762717, -0.6662874890165411, -0.18450045086506986, -0.4781646173641502, 0.626214133237929, 0.7708434710772356, 0.2884325064421513, 0.14172392479992135, -0.2227396959884462, 0.5779449856732429, 0.005385556655084629, 0.07321560530690926], [-0.09035297445281695, 0.016496040786080586, 0.5302713061292327, -0.16096309657863295, 0.3155470188509919, 0.1587849641708126, 0.7886395712711943, -0.3494266950847409, -0.5090748362396618, -0.48732988866713445, -0.6287470038183093, -0.018652116512659328]], "inverted": false, "swapped": true, "error_lsq": 0.04936125779043076, "error_max": 0.26230646107036565, "target": "334.xyz", "model": "26.xyz", "model_rescale": 3.6694154284099745, "target_rescale": 4.325004271468642},
