[{"mapping": [1, 7, 5, 9, 10, 2, 6, 4, 3, 8, 11], "R": [[0.34705038403759514, 0.7065089292259568, 0.6167667013250229], [0.7348422721513899, -0.6134702899666302, 0.2892421794753343], [0.5827202296117242, 0.35284463472221167, -0.7320777265762213]], "T": [0.03601220760833047, 0.05641853580704923, -0.10531995893488881], "aligned_model": [[0.45934721689126845, 0.12840481348563676, 0.6436968986165946, -0.5596290264535957, -0.10852846724976095, 0.467726607938314, -0.27532464767097725, 0.20689411309080635, -0.3736014048461824, -0.28182744535110976, 0.10318018875512805], [-0.5037189309352424, -0.27946335974991277, 0.16552433546127734, 0.04718587693963865, 0.46342728256191856, -0.30271528601852227, -0.5511750951211809, 0.5922600762021191, 0.5739724013689984, -0.29266545923435494, 0.06756600495219814], [-0.010905723854060856, 0.7751630156207101, 0.44920828500396653, 0.015024142388727638, 0.41928772242468, -0.6827243407636938, 0.13768997842405473, -0.6849937333194588, -0.3012464745492213, -0.5298453528794272, -0.09130382079259934]], "inverted": true, "swapped": false, "error_lsq": 0.04875308470722695, "error_max": 0.2768850507348138, "target": "335.xyz", "model": "0.xyz", "model_rescale": 3.751011558992144, "target_rescale": 4.009687618422041},
{"mapping": [1, 3, 6, 13, 12, 4, 2, 10, 9, 5, 14], "R": [[-0.4438522674190689, 0.8885255070106068, 0.11626516287562363], [-0.5641166700504598, -0.17624398953617304, -0.806666249897412], [-0.6962525025291701, -0.4236277605916747, 0.5794583446443331]], "T": [0.1168785593325426, -0.04765920625616529, -0.042278238291962617], "aligned_model": [[0.7079219686738989, -0.225305118140256, 0.7779070511815509, -0.5835150578015416, -0.06358311053661786, 0.5950640074901209, -0.44393954381577255, 0.2387358195067765, -0.2978718800505406, -0.3918532865551299, 0.09677799725363394], [-0.39618580052091856, -0.23454216256349042, 0.2863174496170099, 0.02483383331517952, 0.3883295432541203, -0.197417423612367, -0.6485304679737861, 0.4380756423405001, 0.4290947914814457, -0.10851423141857541, -0.0012633274921813042], [0.07971541236328304, 0.6145253708834141, 0.08111816184084894, 0.13575473222788226, 0.5315880354040114, -0.6542301346158785, 0.048136826885851663, -0.6916365470325718, -0.2290329437401502, -0.3994541359779964, -0.021131080535017405]], "inverted": true, "swapped": false, "error_lsq": 0.05022626179892418, "error_max": 0.24080610103351155, "target": "335.xyz", "model": "1.xyz", "model_rescale": 3.9405287249114394, "target_rescale": 4.009687618422041},
{"mapping": [11, 0, 2, 7, 1, 9, 6, 8, 4, 3, 12], "R": [[0.9263532766594031, 0.24897949877236572, 0.2826284062394452], [-0.31594743014994414, 0.10514716354930678, 0.9429322856807808], [0.20505323261054306, -0.9627841311470587, 0.1760678522824926]], "T": [0.05357775997409257, -0.0263313395529696, -0.05301888663784381], "aligned_model": [[0.37058272148640437, 0.17522306060299192, 0.5261369106564906, -0.737202162636201, -0.1628245832313987, 0.6461322902762324, -0.19919671384921284, 0.2703593160184137, -0.23738159630225303, -0.3410636651336992, 0.09957326931835417], [-0.6599879458010117, -0.32202192314368716, 0.31964753573149673, -0.044332028331350776, 0.4703673399440212, -0.13476416250818982, -0.4606563873012403, 0.31303732183827326, 0.5678419736995982, -0.11382823962354047, 0.044894361922567155], [-0.12786171376225167, 0.7220291685732924, 0.2950559537123847, 0.004015684949072874, 0.5246373952455823, -0.5892115372909755, 0.15391712200066537, -0.7152306644961669, -0.2853902460962132, -0.457249163380968, -0.0293583017507447]], "inverted": true, "swapped": false, "error_lsq": 0.04569121710973858, "error_max": 0.24619646599346412, "target": "335.xyz", "model": "2.xyz", "model_rescale": 3.932901565614263, "target_rescale": 4.009687618422041},
{"mapping": [12, 11, 7, 1, 3, 5, 10, 4, 0, 2, 13], "R": [[0.5947784906570375, 0.3203599493316778, -0.7372978027336996], [0.8000858027039277, -0.325021836171642, 0.5042058253562984], [-0.07811053298594356, -0.8897922841179391, -0.44963144436397307]], "T": [0.09378718629989019, 0.03434854446716397, 0.0749657755097215], "aligned_model": [[0.4102496185099386, -0.11183027961710496, 0.6540572751372569, -0.6403438846512011, -0.05298724222633244, 0.5968846543385558, -0.14947981133049043, 0.19557206883805733, -0.27443512611851145, -0.3505054105013551, 0.13315698482730917], [-0.6486763667519508, -0.3395691303499596, 0.46612596704654363, -0.032605657620461234, 0.40210484555651343, -0.20988823622524877, -0.6352321689480532, 0.4160416747370014, 0.5411625933563755, 0.08718294182830029, -0.06644861620212428], [-0.05332416880921559, 0.8595776085435202, -0.022030266945727947, 0.001908767638013037, 0.3972979771605952, -0.37674322181572156, 0.14998761491333518, -0.704249596854864, -0.1627360916027936, -0.6278944296956886, 0.03355950517222544]], "inverted": true, "swapped": false, "error_lsq": 0.04928080148606984, "error_max": 0.2848070930855412, "target": "335.xyz", "model": "3.xyz", "model_rescale": 3.9243930471874484, "target_rescale": 4.009687618422041},
{"mapping": [9, 7, 10, 0, 4, 11, 1, 6, 3, 5, 12], "R": [[-0.09128343542128514, 0.6192474783660626, 0.7798717169861727], [0.6862410770544851, -0.5283854655970723, 0.4998819699777793], [0.7216235296751267, 0.5808109505536531, -0.37672021599082484]], "T": [0.14322418858737074, 0.005768531323476173, 0.023866000209862334], "aligned_model": [[0.5471200551421482, -0.1969461098680414, 0.6855245873185527, -0.6999899614973827, 0.07504707009957903, 0.6502465920401272, -0.27856372536856344, 0.07058552512612165, -0.17919960899150789, -0.3131031330007821, 0.04961755620587108], [-0.5719088545344828, -0.19953526360100782, 0.4563473802382256, 0.0076730604216657845, 0.3197283444216712, -0.16195354203779802, -0.5640095865952531, 0.34618304136340955, 0.5923319245991534, -0.21446481900943823, -0.030193838839208936], [-0.005191849420743702, 0.7203236649322328, 0.02795231463399668, -0.08707823454955653, 0.5230136594391974, -0.560027543076843, 0.11109072127090487, -0.6088725719204814, -0.04641664906015, -0.5390600577659658, -0.04037975677891409]], "inverted": false, "swapped": false, "error_lsq": 0.04761479986256983, "error_max": 0.23883012410902152, "target": "335.xyz", "model": "4.xyz", "model_rescale": 3.8936222436046832, "target_rescale": 4.009687618422041},
{"mapping": [5, 6, 1, 8, 9, 4, 7, 2, 3, 10, 11], "R": [[-0.928781573900798, -0.3257396726511229, -0.17680060419437546], [0.34581691025497585, -0.5900487660461396, -0.7295567957802397], [0.13332461349675426, -0.7387395477085058, 0.6606727087502358]], "T": [-0.03966531812987572, 0.06334683436295613, -0.03107066316851026], "aligned_model": [[0.5419054796912263, 0.17170325903682737, 0.6796073529688565, -0.7685633922697439, -0.18113626619445675, 0.43892990034342794, -0.2624306224503781, 0.28314028945361847, -0.3114149638144756, -0.28962732825595794, 0.10822513869717812], [-0.4860015963280441, -0.32172389277671587, 0.33232868647715763, 0.12694902896322796, 0.385621737437786, -0.28449236766112246, -0.5405995282684894, 0.38584039998736763, 0.5288725566490448, -0.12572954072041723, -0.020867637332858208], [0.09993531328266417, 0.6334987371158869, 0.2000231597795666, 0.07152165958540863, 0.47702460498803867, -0.5607678458083596, 0.04222284024956663, -0.6217930216141909, -0.2303693442516993, -0.5799208406888646, -0.03602156493433972]], "inverted": false, "swapped": false, "error_lsq": 0.042577764043083915, "error_max": 0.22984172896986754, "target": "335.xyz", "model": "5.xyz", "model_rescale": 3.6523030999806103, "target_rescale": 4.009687618422041},
{"mapping": [8, 10, 1, 11, 4, 5, 9, 0, 3, 7, 12], "R": [[-0.7530215416594557, 0.09476108335455447, 0.6511366176758056], [0.6579954839772334, 0.10738176460771276, 0.7453261700056563], [0.0007077163155111976, 0.9896916154596872, -0.14321314683509961]], "T": [0.13419863174325924, -0.033888867804910315, 0.08025582007301306], "aligned_model": [[0.5115809876442626, -0.09343584491538004, 0.6826426119204045, -0.745538145070687, -0.20997177319012594, 0.41419803703837704, -0.20308985087891157, 0.3532121410249612, -0.10221705966817998, -0.31540736104644046, 0.11836510434784207], [-0.5844156810201434, -0.25169949416538895, 0.38406462607452135, -0.05817481326522297, 0.3077418615378948, -0.18327325712748693, -0.6693681231049641, 0.5734885131390424, 0.5227756090776714, -0.06172103620133878, 0.0007796414823519268], [-0.01033053680361122, 0.7939883454267318, -0.002804059260331712, 0.08676731107634178, 0.3867958322469709, -0.5223951296879955, 0.15142794069875046, -0.6749193452816717, -0.2616110896732689, -0.43345409938263185, -0.0181114716556066]], "inverted": false, "swapped": false, "error_lsq": 0.04455625977087253, "error_max": 0.22857855436654612, "target": "335.xyz", "model": "6.xyz", "model_rescale": 4.08911054899281, "target_rescale": 4.009687618422041},
{"mapping": [3, 1, 7, 11, 13, 4, 9, 5, 12, 10, 14], "R": [[0.12572884142701785, 0.119016005185821, -0.984899715170549], [0.6612034501426985, 0.7300746501630437, 0.1726296692596646], [0.7395960086106548, -0.672923618027275, 0.013097646669168725]], "T": [0.10482780424358507, -0.03741009228907867, -0.008221976445842029], "aligned_model": [[0.5356321070432584, -0.08976002192127133, 0.6075605638714774, -0.479061761266788, -0.12978993126259142, 0.4771259201945153, -0.23137052394974011, 0.3346120165738105, -0.26877870283079486, -0.3473005284793062, 0.0014697092335525797], [-0.6978713042046201, -0.24075016758287293, 0.5441520581625494, -0.01187068853314964, 0.5019339605874945, -0.2367626132326428, -0.7189497928058077, 0.3912554943721336, 0.5499226039952956, 0.05039838685217954, -0.151260091183623], [-0.0764134459278456, 0.6690774038457279, 0.08306987475924857, 0.04610828308837986, 0.42761862878071255, -0.5725819457518588, 0.1842140613624923, -0.5946912937673065, -0.16138985740724104, -0.562428201818763, 0.05277019054013143]], "inverted": false, "swapped": false, "error_lsq": 0.048456321575065124, "error_max": 0.28050157975653156, "target": "335.xyz", "model": "7.xyz", "model_rescale": 3.964800864290218, "target_rescale": 4.009687618422041},
{"mapping": [1, 3, 2, 10, 6, 7, 5, 12, 11, 9, 13], "R": [[-0.6107115730881578, 0.04048925447116813, 0.7908172954409615], [-0.07997044257106886, -0.9967395344181047, -0.010725150020746553], [0.7878046095391772, -0.06979198235004602, 0.6119583126230705]], "T": [0.12167465921857304, 0.018263028052230176, 0.029660425175743604], "aligned_model": [[0.6130493812428153, -0.07945847423280086, 0.7457437301493343, -0.6782729351206195, -0.030638930727384134, 0.5850178377430508, -0.3357481169104134, 0.18856914442321795, -0.3580771945620692, -0.31778155366082117, 0.07793595886181195], [-0.5476989121205142, -0.14796828554169192, 0.23178359637440182, -0.16606635479972917, 0.42849926915651054, -0.16420476460625333, -0.6776773033153896, 0.3301143197691255, 0.6690057248508713, 0.052791724593391265, -0.02838116793378596], [-0.0071886725594317025, 0.7063252674065765, 0.08928834954918932, -0.00556084589141434, 0.41046565095520193, -0.47913400140427265, 0.10383711978233603, -0.6551379663178981, -0.15338444869661913, -0.49905758365834485, -0.015099171461645494]], "inverted": true, "swapped": false, "error_lsq": 0.039047543523708476, "error_max": 0.17398878534971768, "target": "335.xyz", "model": "8.xyz", "model_rescale": 4.121658175737393, "target_rescale": 4.009687618422041},
{"mapping": [0, 3, 5, 8, 11, 4, 2, 9, 7, 6, 12], "R": [[-0.9762759141122077, 0.189824299774901, 0.10417329187148729], [0.11170182931195771, 0.02937287671078309, 0.9933075734343798], [0.18549404532958957, 0.9813786065167215, -0.04987975359364283]], "T": [0.04581122205203049, 0.01513969755037485, 0.005868420506803154], "aligned_model": [[0.6352481012788899, -0.029061521828159853, 0.6011907456831165, -0.6814755487003122, -0.23114595852875575, 0.6206141871384789, -0.25567385138537907, 0.14747031437570396, -0.11846565056898732, -0.3367226010393843, 0.05836063078091148], [-0.4949126667414519, -0.28982179597798424, 0.2857983217973728, 0.03662511856444666, 0.32320145916083104, -0.24735599142127046, -0.5811456353266183, 0.3995570567943659, 0.6667749706039469, -0.05846510115272925, -0.06005788987397247], [0.11186367610768648, 0.7297997371099919, 0.0019441208486455606, -0.02797928989991453, 0.48693467967668963, -0.6176903035263493, 0.19533346516966216, -0.7256222082060674, -0.054093987278906776, -0.5672216752834791, -0.03791451701428094]], "inverted": false, "swapped": false, "error_lsq": 0.04411491716505841, "error_max": 0.25108682657285203, "target": "335.xyz", "model": "9.xyz", "model_rescale": 3.833441315466971, "target_rescale": 4.009687618422041},
{"mapping": [10, 1, 13, 6, 5, 8, 12, 9, 3, 7, 14], "R": [[0.12893152188059187, -0.39475979054405363, 0.9096930088965012], [-0.9700064133992206, 0.14042296109690555, 0.1984161030792555], [-0.2060684852905346, -0.9079901429896649, -0.36481458249866183]], "T": [-0.013702829552568178, -0.053833161895911, -0.0013712564256346954], "aligned_model": [[0.595440566656248, -0.15265008454395082, 0.6332763003510549, -0.6382482660905624, 0.0917436572358308, 0.5258259553130318, -0.2353878176271202, 0.23449556342274835, -0.3297751299152858, -0.30118925775194005, -0.013192639843932354], [-0.5979566094555756, -0.24424060451372934, 0.29534298024057426, -0.12479459712969683, 0.4215722720010704, -0.14184229023911185, -0.5909682280327874, 0.3685937779809687, 0.6380352923617699, -0.05526172727632068, 0.011717580489774768], [-0.09425903921134048, 0.698662742062958, 0.30714222568898336, 0.25579997146357353, 0.46799631095862504, -0.5569992308891776, 0.15788245341904045, -0.6477946198055795, -0.42058265022849817, -0.6024232421838862, -0.0700712235710212]], "inverted": false, "swapped": false, "error_lsq": 0.042123250735852824, "error_max": 0.28108361168315216, "target": "335.xyz", "model": "10.xyz", "model_rescale": 4.2482417240324, "target_rescale": 4.009687618422041},
{"mapping": [7, 9, 8, 4, 10, 2, 5, 1, 0, 6, 11], "R": [[0.772459612703846, -0.519521283820491, -0.36524482528700264], [-0.6304933409379176, -0.6962485336241836, -0.34309783802745913], [-0.07605454473183632, 0.4953136532377063, -0.8653785825532951]], "T": [0.13574089110598514, 0.009884773886659145, -0.1178246397338371], "aligned_model": [[0.47695626386852374, 0.022499184300922626, 0.5781113602215286, -0.6887923531902691, 0.001830120460985546, 0.38696807403145955, -0.2299016205567932, 0.37598932302467686, -0.2334358587623961, -0.34060990602841323, 0.0607242598358973], [-0.47328530827695703, -0.17468774120461358, 0.3354818026743123, -0.16146587827944872, 0.3897930278493872, -0.306810869324919, -0.6385658652771568, 0.5215116480673162, 0.6659057727634726, -0.14570095658723542, -0.03197778597722159], [0.21183425638134118, 0.6774238778074809, 0.15631541909369034, 0.12013221199518699, 0.3849078802116564, -0.7377811370099059, -0.017807178485795508, -0.5416939430986142, -0.20258578839959324, -0.5293645973142694, -0.026027303477499666]], "inverted": false, "swapped": false, "error_lsq": 0.051661657733372064, "error_max": 0.26457292295442325, "target": "335.xyz", "model": "11.xyz", "model_rescale": 3.6694154284099745, "target_rescale": 4.009687618422041},
{"mapping": [8, 1, 10, 0, 12, 9, 4, 7, 5, 6, 13], "R": [[0.1094855259511363, -0.7690619784815053, -0.6297273956731723], [0.9659692530789904, 0.23168472767359788, -0.1150025611403008], [0.23434231737614292, -0.5957061861496183, 0.7682563491894198]], "T": [0.060316692210177575, -0.052912330339826424, -0.055510395594583636], "aligned_model": [[0.6145604970716844, -0.1379028227306379, 0.5916373140824844, -0.6154581379006145, 0.07658389595886561, 0.695460370554093, -0.3358657137706087, 0.279524178622098, -0.3802362355543828, -0.3375719948249245, -0.040392504301934654], [-0.5655688427849697, -0.26727656626115004, 0.29031492284625393, -0.0078198633447632, 0.47738155367433577, -0.1457557603120012, -0.6688748124528907, 0.44459370236704077, 0.5764849686935052, -0.08001874406770361, -0.07326271193072076], [-0.004569681707628101, 0.7389897569265201, 0.0029894911745873137, 0.1725968441732229, 0.36909798270930944, -0.5378576483708918, 0.05083043179866574, -0.5620685302551433, -0.28862613998844233, -0.45651496978042233, 0.010486161023899501]], "inverted": true, "swapped": false, "error_lsq": 0.04256167628080037, "error_max": 0.22355918279071554, "target": "335.xyz", "model": "12.xyz", "model_rescale": 3.9764082729961374, "target_rescale": 4.009687618422041},
{"mapping": [14, 8, 12, 7, 1, 6, 3, 5, 0, 4, 15], "R": [[-0.6378392692237256, 0.37729527313480776, -0.6714233712839273], [-0.2361890176185947, 0.7339546441911922, 0.6368087061485133], [0.7330592162932725, 0.5647644262347897, -0.3790320939804199]], "T": [0.14661147518529233, 0.06385431047900791, 0.03564245919955272], "aligned_model": [[0.43060160524055574, -0.11960219175392944, 0.6349090589073746, -0.5916499314214008, 0.12354462159994603, 0.48084955066080165, -0.22552188150592706, 0.22795695320243065, -0.41173635691140836, -0.2314003251141628, 0.09238774430184182], [-0.67677979792544, -0.1824732377270512, 0.43527472316563015, -0.07172493930775092, 0.4708322469887099, -0.2711701531878613, -0.6652939885759943, 0.5160172698695966, 0.470655337132049, -0.02964163735166775, -0.015497976653283854], [-0.06243283368409008, 0.6423597402935672, 0.2112154688540643, -0.05166195916147065, 0.5226326620999527, -0.5641094256214838, 0.23135390530461314, -0.6656103320220053, -0.187670228772285, -0.5678716734873599, -0.012851626099825389]], "inverted": true, "swapped": false, "error_lsq": 0.04501368641100561, "error_max": 0.2077391502173682, "target": "335.xyz", "model": "13.xyz", "model_rescale": 4.170626492500431, "target_rescale": 4.009687618422041},
{"mapping": [3, 6, 2, 12, 4, 1, 11, 7, 8, 10, 13], "R": [[0.28476498082474533, 0.6512571813413786, 0.7034010160976207], [-0.8067686333296509, -0.23347778414442555, 0.5427821815299547], [0.5177193042289328, -0.722047233955156, 0.4589275694120132]], "T": [0.0940338045111977, 0.0020192745956943182, -0.04993310883035472], "aligned_model": [[0.5226618576730663, 0.07784161568080301, 0.5703831236841741, -0.6171132433398057, -0.08688558869688084, 0.5756305911939592, -0.1895724206369615, 0.11405583455075048, -0.2938005017275801, -0.30944168696272734, 0.04657926578732468], [-0.51849733972366, -0.4064557248470842, 0.213047389976472, 0.13496562517879662, 0.5525639082657459, -0.19272530192941265, -0.6378336385597253, 0.3685214092452753, 0.5923228862771156, -0.055452571032156756, -0.07025879642443023], [0.09433764596792941, 0.6851690982682161, 0.35192585632859685, 0.06097796088592915, 0.3590068746529798, -0.6164607382238746, 0.049139640777598706, -0.7729165847820556, -0.27945977339262157, -0.44010335335808953, 0.0037370705790684966]], "inverted": true, "swapped": false, "error_lsq": 0.03911040978921135, "error_max": 0.19648006891810116, "target": "335.xyz", "model": "14.xyz", "model_rescale": 3.9786697098870705, "target_rescale": 4.009687618422041},
{"mapping": [6, 10, 0, 5, 4, 9, 7, 3, 2, 8, 11], "R": [[0.5615795276944767, 0.8030890662955106, 0.19918932117725052], [-0.3955211956731872, 0.04909967785079895, 0.9171435031706873], [0.7267677881192184, -0.5938326138160089, 0.3452121216306664]], "T": [0.09736388108323821, -0.05556607579777832, 0.02046173147089496], "aligned_model": [[0.5902061869450957, -0.08661324893530958, 0.544336948418506, -0.7006015605693523, -0.15262350563151056, 0.44623115454492357, -0.2058403981408026, 0.26756384677769657, -0.21484226300018902, -0.2512529604006729, 0.1737746471977375], [-0.6755668840461326, -0.3318893495701156, 0.47675045175624525, 0.032779093090305106, 0.3149305766415616, -0.18459334793090348, -0.6403421659349867, 0.37158519486275543, 0.7245744788153321, 0.007456357990588067, -0.1154865592477125], [0.012641876736265503, 0.7834288687047102, -0.005224405811149926, 0.0101722809379521, 0.4389748938755214, -0.47859523582093505, 0.07505197652224053, -0.7756054742054564, -0.198068483628848, -0.36258212593340705, -0.004840473673215665]], "inverted": true, "swapped": false, "error_lsq": 0.04672854441123441, "error_max": 0.3055699866149737, "target": "335.xyz", "model": "15.xyz", "model_rescale": 3.769337070930944, "target_rescale": 4.009687618422041},
{"mapping": [9, 7, 8, 5, 6, 3, 1, 2, 4, 0, 10], "R": [[0.3104155573447185, -0.5843025838261204, -0.749821760348743], [-0.6809292259838009, -0.6870722277061259, 0.2535096509327482], [-0.6633080513302022, 0.4318822113135265, -0.6111466146445295]], "T": [0.020893633851716373, -0.040136244725513685, -0.00359758137003819], "aligned_model": [[0.7096675388193521, -0.10813900187939014, 0.6713669820686691, -0.5871992411251649, 0.038181274442366485, 0.4491374985715303, -0.3518192588715646, 0.34064668809574217, -0.4569872208506534, -0.3315697016244898, 0.037053289559725214], [-0.47175746231920723, -0.3165806570424551, 0.2689131458939522, 0.019086402101565973, 0.65561319615521, -0.25904700062383956, -0.7487408381415966, 0.38447910506659017, 0.5407978852413591, -0.07789612594936624, -0.014669803955276256], [0.004964852329551732, 0.6429823191822779, 0.20344494847297698, 0.2734703796494779, 0.2135217003541321, -0.5017227784827278, -0.013245181480037414, -0.517392917323999, -0.20897029106158657, -0.5437956035219158, -0.05790373041447258]], "inverted": true, "swapped": false, "error_lsq": 0.05888414057470106, "error_max": 0.32480196113666226, "target": "335.xyz", "model": "16.xyz", "model_rescale": 3.7852294659196426, "target_rescale": 4.009687618422041},
{"mapping": [9, 3, 4, 2, 1, 10, 8, 6, 7, 11, 12], "R": [[0.5069241968966742, -0.4239598643325131, 0.7505237451512237], [0.8402132302589074, 0.04854870657900484, -0.5400784672502674], [0.19253463662041248, 0.9043788235715511, 0.38082720120388336]], "T": [0.06467563327035865, 0.010022108898489056, 0.05647852377762563], "aligned_model": [[0.3678417577239672, -0.10951269364674719, 0.6645967018327853, -0.5337566018521321, -0.12520941822620407, 0.6450936407550993, -0.15241349073750526, 0.2118080179645802, -0.31537934015998054, -0.33910302370353407, 0.09637329725579336], [-0.7304189242568135, -0.15405155932874584, 0.3028625885126831, 0.07511150460670366, 0.5167168404410858, -0.04364342633417021, -0.6039889643951135, 0.4337787047342034, 0.45809619728562007, -0.23628219786333382, -0.03798291697518263], [-0.2707815607354853, 0.8149201031513006, 0.29338747270914906, 0.16478019303026548, 0.48245771398789056, -0.49983975040970996, 0.06476256643842895, -0.7091425605466655, -0.32590195907071107, -0.5040828547316425, -0.015205666119143035]], "inverted": true, "swapped": false, "error_lsq": 0.05446487140654796, "error_max": 0.3674820145163465, "target": "335.xyz", "model": "17.xyz", "model_rescale": 3.901054581598922, "target_rescale": 4.009687618422041},
{"mapping": [1, 3, 6, 13, 12, 4, 2, 10, 9, 5, 14], "R": [[-0.4438522674190689, 0.8885255070106068, 0.11626516287562363], [-0.5641166700504598, -0.17624398953617304, -0.806666249897412], [-0.6962525025291701, -0.4236277605916747, 0.5794583446443331]], "T": [0.1168785593325426, -0.04765920625616529, -0.042278238291962617], "aligned_model": [[0.7079219686738989, -0.225305118140256, 0.7779070511815509, -0.5835150578015416, -0.06358311053661786, 0.5950640074901209, -0.44393954381577255, 0.2387358195067765, -0.2978718800505406, -0.3918532865551299, 0.09677799725363394], [-0.39618580052091856, -0.23454216256349042, 0.2863174496170099, 0.02483383331517952, 0.3883295432541203, -0.197417423612367, -0.6485304679737861, 0.4380756423405001, 0.4290947914814457, -0.10851423141857541, -0.0012633274921813042], [0.07971541236328304, 0.6145253708834141, 0.08111816184084894, 0.13575473222788226, 0.5315880354040114, -0.6542301346158785, 0.048136826885851663, -0.6916365470325718, -0.2290329437401502, -0.3994541359779964, -0.021131080535017405]], "inverted": true, "swapped": false, "error_lsq": 0.05022626179892418, "error_max": 0.24080610103351155, "target": "335.xyz", "model": "18.xyz", "model_rescale": 3.9405287249114394, "target_rescale": 4.009687618422041},
{"mapping": [6, 4, 1, 13, 12, 2, 7, 10, 14, 11, 15], "R": [[0.14527465033733467, -0.7444420827864902, -0.651691078154272], [0.16938276273291494, -0.6302408975670191, 0.7576977568416599], [-0.9747844662582237, -0.22045951195271754, 0.03453763065468446]], "T": [0.032518855322888264, -0.06320327111270471, 0.04135312645474459], "aligned_model": [[0.6742425587758251, -0.07307413909730329, 0.6461906277513197, -0.627752522276071, -0.026441558168327266, 0.62448454613203, -0.35794052706205287, 0.15901892285028493, -0.3294018488611298, -0.3317408612644946, 0.05275364842604126], [-0.42928734881576913, -0.22677280549892107, 0.1389296872565073, 0.0463710489586954, 0.35390386265003004, -0.10090714579759322, -0.5995975867480581, 0.346263031559387, 0.5680414555726585, -0.05886171188234396, -0.05788464082765668], [-0.07025597743541193, 0.7461652684941196, 0.17577279333759366, -0.016655680432053135, 0.39161641430343375, -0.5938478824799456, 0.2768274516008076, -0.6176150949627506, -0.22375526834076348, -0.580345523724701, 0.007447197343348727]], "inverted": false, "swapped": false, "error_lsq": 0.036889823674735096, "error_max": 0.19030530512078958, "target": "335.xyz", "model": "19.xyz", "model_rescale": 4.410303926677745, "target_rescale": 4.009687618422041},
{"mapping": [1, 3, 2, 10, 6, 7, 5, 12, 11, 9, 13], "R": [[-0.6107115730881578, 0.04048925447116813, 0.7908172954409615], [-0.07997044257106886, -0.9967395344181047, -0.010725150020746553], [0.7878046095391772, -0.06979198235004602, 0.6119583126230705]], "T": [0.12167465921857304, 0.018263028052230176, 0.029660425175743604], "aligned_model": [[0.6130493812428153, -0.07945847423280086, 0.7457437301493343, -0.6782729351206195, -0.030638930727384134, 0.5850178377430508, -0.3357481169104134, 0.18856914442321795, -0.3580771945620692, -0.31778155366082117, 0.07793595886181195], [-0.5476989121205142, -0.14796828554169192, 0.23178359637440182, -0.16606635479972917, 0.42849926915651054, -0.16420476460625333, -0.6776773033153896, 0.3301143197691255, 0.6690057248508713, 0.052791724593391265, -0.02838116793378596], [-0.0071886725594317025, 0.7063252674065765, 0.08928834954918932, -0.00556084589141434, 0.41046565095520193, -0.47913400140427265, 0.10383711978233603, -0.6551379663178981, -0.15338444869661913, -0.49905758365834485, -0.015099171461645494]], "inverted": true, "swapped": false, "error_lsq": 0.039047543523708476, "error_max": 0.17398878534971768, "target": "335.xyz", "model": "20.xyz", "model_rescale": 4.121658175737393, "target_rescale": 4.009687618422041},
{"mapping": [8, 10, 1, 11, 4, 5, 9, 0, 3, 7, 12], "R": [[-0.7530215416594557, 0.09476108335455447, 0.6511366176758056], [0.6579954839772334, 0.10738176460771276, 0.7453261700056563], [0.0007077163155111976, 0.9896916154596872, -0.14321314683509961]], "T": [0.13419863174325924, -0.033888867804910315, 0.08025582007301306], "aligned_model": [[0.5115809876442626, -0.09343584491538004, 0.6826426119204045, -0.745538145070687, -0.20997177319012594, 0.41419803703837704, -0.20308985087891157, 0.3532121410249612, -0.10221705966817998, -0.31540736104644046, 0.11836510434784207], [-0.5844156810201434, -0.25169949416538895, 0.38406462607452135, -0.05817481326522297, 0.3077418615378948, -0.18327325712748693, -0.6693681231049641, 0.5734885131390424, 0.5227756090776714, -0.06172103620133878, 0.0007796414823519268], [-0.01033053680361122, 0.7939883454267318, -0.002804059260331712, 0.08676731107634178, 0.3867958322469709, -0.5223951296879955, 0.15142794069875046, -0.6749193452816717, -0.2616110896732689, -0.43345409938263185, -0.0181114716556066]], "inverted": false, "swapped": false, "error_lsq": 0.04455625977087253, "error_max": 0.22857855436654612, "target": "335.xyz", "model": "21.xyz", "model_rescale": 4.08911054899281, "target_rescale": 4.009687618422041},
{"mapping": [11, 2, 14, 0, 13, 5, 1, 10, 7, 6, 16], "R": [[-0.18478724218302428, -0.6717810243239638, -0.717331116350489], [-0.9620089521722505, -0.02562273635362383, 0.27181289763769834], [-0.2009787328720169, 0.7403065113451313, -0.6415246045111285]], "T": [0.13098272862639848, 0.0030247247073320613, 0.02827794844965144], "aligned_model": [[0.47175498641184754, 0.02664087471996346, 0.5948389061224213, -0.642689271713314, -0.09426065153124166, 0.49311393206246595, -0.16355575219042517, 0.2494251488549079, -0.2484070855797782, -0.36784640312257133, 0.09132416317184629], [-0.6652013995426261, -0.27840414119744183, 0.27949900052112675, -0.00935288817497204, 0.5781726923251868, -0.12271848095318239, -0.7113199809822801, 0.4130160910258679, 0.520961268170244, -0.0494841703970515, 0.025029855632065154], [-0.12417252039887151, 0.6849090475701346, 0.3750084019132601, 0.06512667663609335, 0.2632251788407549, -0.5639877788014963, 0.20981886955940754, -0.6565679333731206, -0.27766533686925793, -0.5230626375812109, 0.04272173020798401]], "inverted": true, "swapped": false, "error_lsq": 0.039510372090285045, "error_max": 0.23068207905448265, "target": "335.xyz", "model": "22.xyz", "model_rescale": 4.204369325754507, "target_rescale": 4.009687618422041},
{"mapping": [6, 4, 1, 13, 12, 2, 7, 10, 14, 11, 15], "R": [[0.14527465033733467, -0.7444420827864902, -0.651691078154272], [0.16938276273291494, -0.6302408975670191, 0.7576977568416599], [-0.9747844662582237, -0.22045951195271754, 0.03453763065468446]], "T": [0.032518855322888264, -0.06320327111270471, 0.04135312645474459], "aligned_model": [[0.6742425587758251, -0.07307413909730329, 0.6461906277513197, -0.627752522276071, -0.026441558168327266, 0.62448454613203, -0.35794052706205287, 0.15901892285028493, -0.3294018488611298, -0.3317408612644946, 0.05275364842604126], [-0.42928734881576913, -0.22677280549892107, 0.1389296872565073, 0.0463710489586954, 0.35390386265003004, -0.10090714579759322, -0.5995975867480581, 0.346263031559387, 0.5680414555726585, -0.05886171188234396, -0.05788464082765668], [-0.07025597743541193, 0.7461652684941196, 0.17577279333759366, -0.016655680432053135, 0.39161641430343375, -0.5938478824799456, 0.2768274516008076, -0.6176150949627506, -0.22375526834076348, -0.580345523724701, 0.007447197343348727]], "inverted": false, "swapped": false, "error_lsq": 0.036889823674735096, "error_max": 0.19030530512078958, "target": "335.xyz", "model": "23.xyz", "model_rescale": 4.410303926677745, "target_rescale": 4.009687618422041},
{"mapping": [5, 13, 0, 11, 7, 4, 14, 3, 1, 10, 16], "R": [[0.9488135347058138, 0.11102502553076167, 0.2956794211049415], [-0.3039076959952929, 0.06607334035241849, 0.9504075052363098], [0.08598249050761596, -0.991618756075422, 0.09643263931647082]], "T": [0.02468238894002432, -0.17823772725970227, -0.01638158931146357], "aligned_model": [[0.5946213027652993, -0.01307567330283178, 0.5481173673585679, -0.5936724868453314, -0.08555509669235932, 0.4120357137345778, -0.36597348065714214, 0.35829572721573544, -0.22844331324027375, -0.27554999347844716, 0.05953878034832702], [-0.443073005508258, -0.25670556036333586, 0.3510856542435347, -0.05546537123393676, 0.3239888117899949, -0.2198819336293806, -0.6210534862704351, 0.42550777984798255, 0.6261589097459428, -0.06842594927514653, -0.08193800292002569], [-0.041559820595812674, 0.6811883009022854, 0.11096986238079175, 0.04093928645926144, 0.4049817893985412, -0.5839267723917142, 0.3144539969480343, -0.5938281130743845, -0.17515431631480308, -0.5834669763907061, -0.07924353961781631]], "inverted": true, "swapped": false, "error_lsq": 0.039967098505798056, "error_max": 0.18753038097046626, "target": "335.xyz", "model": "24.xyz", "model_rescale": 4.28219845311461, "target_rescale": 4.009687618422041},
{"mapping": [5, 9, 11, 4, 13, 8, 3, 6, 2, 0, 15], "R": [[0.6476210760188809, 0.08923177035654545, -0.7567196528802353], [-0.3030601866469838, -0.8810217234408999, -0.3632564467352536], [-0.6991004685777593, 0.4645841301468051, -0.543525639551709]], "T": [0.06463558136904955, 0.062006046443722346, 0.06634813540803583], "aligned_model": [[0.6234999662031668, 0.21804129831869057, 0.5737992416738705, -0.6453708575635082, -0.18595962971093194, 0.4818360383076768, -0.2679245955013155, 0.22520005136657323, -0.24975887996059531, -0.3823933013958336, 0.01936951546832899], [-0.579279059234423, -0.248505456893412, 0.14234913196071808, -0.08378247599170063, 0.4592070404203844, -0.192075931978087, -0.6271343995643907, 0.3510196767984267, 0.609581052218638, 0.08359537100562439, 0.06522289768515799], [0.02506020117180492, 0.6467988018572606, 0.2417745498478233, -0.03001127734503231, 0.4301473485802688, -0.42693898574989986, 0.18690732956391648, -0.7720356116938688, -0.19841168050775407, -0.6157466168623122, 0.00780963884147097]], "inverted": true, "swapped": false, "error_lsq": 0.04629674959664611, "error_max": 0.27303241118523264, "target": "335.xyz", "model": "25.xyz", "model_rescale": 4.100010024507729, "target_rescale": 4.009687618422041},
{"mapping": [7, 9, 8, 4, 10, 2, 5, 1, 0, 6, 11], "R": [[0.772459612703846, -0.519521283820491, -0.36524482528700264], [-0.6304933409379176, -0.6962485336241836, -0.34309783802745913], [-0.07605454473183632, 0.4953136532377063, -0.8653785825532951]], "T": [0.13574089110598514, 0.009884773886659145, -0.1178246397338371], "aligned_model": [[0.47695626386852374, 0.022499184300922626, 0.5781113602215286, -0.6887923531902691, 0.001830120460985546, 0.38696807403145955, -0.2299016205567932, 0.37598932302467686, -0.2334358587623961, -0.34060990602841323, 0.0607242598358973], [-0.47328530827695703, -0.17468774120461358, 0.3354818026743123, -0.16146587827944872, 0.3897930278493872, -0.306810869324919, -0.6385658652771568, 0.5215116480673162, 0.6659057727634726, -0.14570095658723542, -0.03197778597722159], [0.21183425638134118, 0.6774238778074809, 0.15631541909369034, 0.12013221199518699, 0.3849078802116564, -0.7377811370099059, -0.017807178485795508, -0.5416939430986142, -0.20258578839959324, -0.5293645973142694, -0.026027303477499666]], "inverted": false, "swapped": false, "error_lsq": 0.051661657733372064, "error_max": 0.26457292295442325, "target": "335.xyz", "model": "26.xyz", "model_rescale": 3.6694154284099745, "target_rescale": 4.009687618422041},
{"mapping": [5, 4, 8, 2, 10, 7, 0, 3, 12, 6, 13], "R": [[-0.20304002032717045, -0.9152434198818845, 0.348000334063712], [-0.5674884916073492, -0.17963707669918655, -0.8035467208371811], [0.7979546115154409, -0.3606383271892819, -0.48291659209780596]], "T": [0.07619781509377935, 0.057027642473478524, -0.039334214679138724], "aligned_model": [[0.46842400185649113, 0.02053349508140622, 0.5868949402497686, -0.5786789149283801, 0.039004756826980874, 0.5749712653202661, -0.1687037547629824, 0.2274807093046084, -0.4099348853504239, -0.37119412731949686, 0.021541360927884196], [-0.6276557316171951, -0.2222317537376436, 0.12047374076121639, -0.006891349115771578, 0.37472665003718086, 0.020413517934549097, -0.5357149793703522, 0.3477244644791733, 0.5422601956577318, -0.08269065392576253, 0.04978374532380986], [-0.09717706542617033, 0.7316691855690614, 0.3395064264874604, 0.1314887263825935, 0.47015056124889426, -0.4214506576017875, 0.12070561931395465, -0.7778733564506004, -0.43677248692599585, -0.5408416217225056, -0.02405163317122668]], "inverted": true, "swapped": false, "error_lsq": 0.04810820247723093, "error_max": 0.2480709325827111, "target": "335.xyz", "model": "27.xyz", "model_rescale": 4.103607728864725, "target_rescale": 4.009687618422041},
{"mapping": [3, 9, 1, 11, 5, 2, 10, 4, 8, 13, 14], "R": [[0.11444283811126793, -0.11103917801435964, 0.9872047091413887], [-0.41683366136836975, -0.9073928011824159, -0.05374014432961649], [0.9017497078210104, -0.40534997879391094, -0.15012947457610887]], "T": [-0.07354136715566226, -0.11962370929965861, 0.010805291490855844], "aligned_model": [[0.5123628255719621, 0.013521950512631054, 0.5880123577244946, -0.7316940424549567, 0.04107196084617261, 0.5180720357495543, -0.25675440233884683, 0.2166820220088769, -0.23600806734661553, -0.32267886306105, 0.06775106999389965], [-0.587607502505856, -0.3769272278306191, 0.48273526133518463, 0.06565587153489437, 0.2657766498667062, -0.11653602709608363, -0.567390527005856, 0.3324194360545182, 0.6054951446437161, -0.06850583841029842, -0.054917394159369706], [-0.024384178629319152, 0.7830350527155634, 0.05949996951413516, -0.05677996120114407, 0.6219278312328045, -0.4265786976463792, 0.17115845487088546, -0.719288309532101, -0.33573070345271355, -0.5851728996901913, 0.007667139522137045]], "inverted": true, "swapped": false, "error_lsq": 0.043303406082139645, "error_max": 0.2681699445955045, "target": "335.xyz", "model": "28.xyz", "model_rescale": 4.137296879288765, "target_rescale": 4.009687618422041},
{"mapping": [2, 5, 4, 0, 6, 3, 1, 8, 9, 7, 10], "R": [[-0.4455031849270928, 0.6000054324101503, -0.664470009329334], [0.16452903827698742, 0.7844209386009717, 0.5980083499818546], [0.8800324470060558, 0.15709001293105562, -0.44818034322564226]], "T": [0.038947531268745623, 0.011213713819609672, -0.070350761342203], "aligned_model": [[0.42827039951380297, 0.08554751941981786, 0.6345318842054413, -0.6116746606252362, 0.03235197438005473, 0.6139915660720103, -0.3442746562655317, 0.1965462182605587, -0.34366742753534313, -0.3468735634140789, 0.06558959319462625], [-0.6494460736421329, -0.29216068405331574, 0.4188483903402633, -0.009213470995032252, 0.42272798487035385, -0.11310962680325984, -0.6316300206077156, 0.295356479217559, 0.6726302892998373, -0.22276283912214806, 0.08895741792252758], [0.08481181648697911, 0.5288074508615872, 0.2102614476101128, 0.18809427324504038, 0.5185128275371644, -0.41638080335612937, 0.012423956892388482, -0.7128298821751291, -0.23444866878842796, -0.6274946209109057, -0.056404099699002605]], "inverted": false, "swapped": false, "error_lsq": 0.0502239594481366, "error_max": 0.23710462780207925, "target": "335.xyz", "model": "29.xyz", "model_rescale": 3.607286011436655, "target_rescale": 4.009687618422041},
{"mapping": [3, 1, 7, 11, 13, 4, 9, 5, 12, 10, 14], "R": [[0.12572884142701785, 0.119016005185821, -0.984899715170549], [0.6612034501426985, 0.7300746501630437, 0.1726296692596646], [0.7395960086106548, -0.672923618027275, 0.013097646669168725]], "T": [0.10482780424358507, -0.03741009228907867, -0.008221976445842029], "aligned_model": [[0.5356321070432584, -0.08976002192127133, 0.6075605638714774, -0.479061761266788, -0.12978993126259142, 0.4771259201945153, -0.23137052394974011, 0.3346120165738105, -0.26877870283079486, -0.3473005284793062, 0.0014697092335525797], [-0.6978713042046201, -0.24075016758287293, 0.5441520581625494, -0.01187068853314964, 0.5019339605874945, -0.2367626132326428, -0.7189497928058077, 0.3912554943721336, 0.5499226039952956, 0.05039838685217954, -0.151260091183623], [-0.0764134459278456, 0.6690774038457279, 0.08306987475924857, 0.04610828308837986, 0.42761862878071255, -0.5725819457518588, 0.1842140613624923, -0.5946912937673065, -0.16138985740724104, -0.562428201818763, 0.05277019054013143]], "inverted": false, "swapped": false, "error_lsq": 0.048456321575065124, "error_max": 0.28050157975653156, "target": "335.xyz", "model": "30.xyz", "model_rescale": 3.964800864290218, "target_rescale": 4.009687618422041},
