[{"mapping": [3, 1, 7, 11, 2, 0, 10, 9, 8, 12, 4, 14], "R": [[0.16667811930169996, -0.6562460540624799, 0.7359072774972897], [0.8687275543334467, 0.45077491859342045, 0.20521795513288665], [-0.46640201638487433, 0.6050975865879153, 0.6452333452462014]], "T": [-0.05673717212170097, -0.060384320727441404, 0.04680963869348292], "aligned_model": [[-0.36411138000347176, 0.06641296504871044, 0.48321641609070415, -0.006003804489177422, -0.19407569455628737, -0.5843158123955292, 0.39270727915851034, -0.2062685831466341, 0.5842337241199074, 0.349985037925919, -0.6247993377534569, -0.059338347538645614], [-0.24990704448399267, -0.6040298788254006, -0.3384980452859432, 0.69776892925196, 0.31635605244946674, -0.5575038257581184, -0.27265567661746604, -0.6136109837916163, 0.3395682645192297, 0.320867490478306, 0.0425397305969315, -0.027339976556299626], [-0.6003904581365487, 0.018134535966613588, -0.35407773348502325, -0.19333889629131346, -0.6811375449247685, -0.08765837202688831, 0.5280633284554379, 0.6333501165298154, -0.031889373905022896, 0.5197205889798355, 0.36821074497751277, 0.0629648092139122]], "inverted": false, "swapped": true, "error_lsq": 0.04606708384064153, "error_max": 0.23392791415290082, "target": "336.xyz", "model": "0.xyz", "model_rescale": 3.751011558992144, "target_rescale": 4.149262132016822},
{"mapping": [4, 6, 9, 10, 8, 5, 2, 11, 12, 1, 7, 13, 3, 0, 14], "R": [[0.21513656554746735, -0.9218376819050164, -0.32238415963633554], [0.7567301504681158, -0.05131144756117173, 0.6517105298533088], [-0.6173133220147964, -0.3841645787539023, 0.6865433991335825]], "T": [0.02667293332777768, 0.08404961507487385, -0.02650185257883514], "aligned_model": [[-0.5066792711939004, -0.4954227474503475, 0.5550458939089512, 0.02193185853660729, -0.11837747254777004, 0.47342402095995934, 0.38451329527454664, 0.08507046405573415, 0.36072647724033025, -0.6344137668867372, -0.26588990961707004, 0.7249121715362927, 0.33157962194734864, -0.23582630343017155, 0.06092254515125399], [0.1571981963508013, -0.4488824427632093, -0.21519444504450097, -0.32872596785423003, 0.6257456420183882, 0.3425268806550128, 0.8109162760874088, -0.7116535075444044, -0.34533011653423296, 0.2166690460102893, -0.16798517978034788, 0.20705749337004986, 0.2812461920641158, 0.5116238463583109, 0.04372104402509798], [-0.6059487275371813, 0.057909444718581435, -0.2823624168404099, -0.7350550181749138, -0.3813878149510079, -0.37819634482074876, 0.13888628018286692, -0.013188025725393515, 0.47947875965839964, 0.1497423268248742, 0.5125366144228798, 0.13108376352837908, 0.6454738246383906, 0.5425139169243987, -0.012205598160566648]], "inverted": true, "swapped": false, "error_lsq": 0.038956946920462816, "error_max": 0.23163922471098272, "target": "336.xyz", "model": "1.xyz", "model_rescale": 3.9405287249114394, "target_rescale": 4.149262132016822},
{"mapping": [6, 8, 10, 3, 7, 13, 5, 2, 1, 9, 0, 4, 14], "R": [[-0.5026984380135211, 0.7247640227906595, 0.4711808481751633], [-0.8585582371621379, -0.35499203575868504, -0.3699437902559614], [-0.10085650112812944, -0.5905063639083026, 0.8007060636488192]], "T": [-0.012676344816106244, -0.031006861724600418, -0.047031086795940175], "aligned_model": [[-0.34607304163873737, 0.20585107564903743, -0.3901205007509151, 0.5517697741073296, 0.4901335028247322, -0.701068383804475, 0.07656437924069273, 0.6743591025297114, 0.03429546179427106, -0.6249090072097635, -0.00011060046677741076, -0.4461345478837322, -0.028573935107442668], [0.7455504053634223, 0.4743909552630635, -0.13190070092428618, -0.3074875126508658, -0.22685345308900362, 0.09965545401584884, 0.28152682301799514, 0.2751926862397403, -0.5438157928053678, -0.5703050320885249, -0.6224346190078103, -0.01650545583550153, 0.001818836073306622], [0.3000938907062318, -0.5703074076315006, -0.6180134854648164, 0.3456835173678334, -0.5353283079121197, -0.026366127469004158, 0.49981789012781097, 0.3064182187352792, -0.26234332571581026, -0.12935827725693355, 0.3929734357332275, 0.45145697816097075, -0.041606649792524694]], "inverted": true, "swapped": true, "error_lsq": 0.043620512150394745, "error_max": 0.32779627867767813, "target": "336.xyz", "model": "2.xyz", "model_rescale": 3.932901565614263, "target_rescale": 4.149262132016822},
{"mapping": [1, 3, 0, 7, 9, 13, 4, 10, 8, 12, 5, 2, 6, 14], "R": [[-0.4788601131924653, -0.36231065583757066, 0.7996399068704919], [-0.5205034118578729, 0.8506702522587564, 0.0737314055632858], [-0.7069435551991495, -0.38090827056992804, -0.59593598580201]], "T": [0.022229159048067597, -0.043385946445347066, -0.014014836871489949], "aligned_model": [[-0.28051052601312026, 0.5095473778960629, 0.2795375239523949, -0.2877894315678687, -0.40090693883624534, -0.17156403071099163, 0.32182400232133096, -0.6516618308129675, -0.24920176360381924, -0.36899263242023006, 0.6236779266448648, 0.6597477507384687, 0.4066128356685355, 0.029489648796288175], [0.023319543222722318, 0.285924072313514, -0.2734315012617025, 0.5834320322385738, -0.6335748910647444, -0.6645478380168643, -0.6322037801816163, -0.17669867508321688, 0.42005478182549755, -0.16341688140517793, -0.13885815746293512, 0.48172209673312366, -0.39206608040234325, -0.05615808310434215], [-0.47816758261186054, -0.4649489750243985, -0.6654901763293374, -0.21549809040526188, -0.39491110630055937, 0.24672523427889662, -0.0029178083477262133, 0.0682238851194072, 0.5231510969575094, 0.5917563667420765, 0.1699130059670159, 0.07836410500435505, 0.7378905094699273, 0.019805898537053047]], "inverted": true, "swapped": true, "error_lsq": 0.046256465852395075, "error_max": 0.3925713168384443, "target": "336.xyz", "model": "3.xyz", "model_rescale": 3.9243930471874484, "target_rescale": 4.149262132016822},
{"mapping": [2, 5, 3, 7, 1, 11, 8, 0, 9, 13, 10, 12, 14], "R": [[0.6124604222441548, 0.7104341546163269, 0.3466634436151251], [0.7630021043931177, -0.6459405533072956, -0.0242608797189873], [0.2066882190067592, 0.2793637656312109, -0.937675779028212]], "T": [0.026157810170948495, -0.02857966853978497, -0.11485749856935319], "aligned_model": [[-0.06889814074413687, -0.33543276301125075, 0.40577136076644876, 0.48933899504010825, 0.5521626824895743, -0.5800741131889279, -0.24434286441687475, 0.47717545492431473, 0.30493883569343605, -0.3514178767805074, 0.09412252296178121, -0.4555540539802534, -0.010584153442360036], [-0.6484646084739002, -0.07999169817583457, -0.28859673226391525, -0.5201387341263104, 0.08324174961835873, -0.5167212520036698, -0.5770131095674743, 0.3325073927141984, 0.7011797575829629, 0.5170331357205703, 0.17650253743682684, -0.024715558365225647, -0.026993326414999876], [-0.6602099608377868, -0.6357164766872214, -0.695848385420782, 0.15614191361883817, 0.03465355580221173, -0.28586098828159817, 0.3357525775145123, -0.5728399089065945, 0.1345045585731302, 0.11125430804740043, 0.5423994099789572, 0.4350146821990118, -0.112174970229115]], "inverted": true, "swapped": true, "error_lsq": 0.0394032791869926, "error_max": 0.21236700211913817, "target": "336.xyz", "model": "4.xyz", "model_rescale": 3.8936222436046832, "target_rescale": 4.149262132016822},
{"mapping": [8, 7, 10, 12, 9, 0, 3, 4, 6, 11, 13, 14], "R": [[-0.7456900435513972, -0.5991497368219848, -0.2914891967371383], [0.6537187121610256, -0.7424819683392371, -0.1461929275362615], [-0.12883401848442694, -0.2995665528012749, 0.945336805653898]], "T": [-0.17589855147196942, -0.10255796499410161, 0.028493635569615608], "aligned_model": [[0.16431058855893632, -0.5584916847403352, -0.3102688497219195, 0.27065143707882655, -0.5896875293406656, -0.6605123710515275, -0.47574949980636877, 0.020817828644133757, 0.7036667195144055, 0.5138803399643762, 0.08910384115602715, -0.1401727780407924], [-0.5638039325435699, -0.6500307125569176, 0.12930989662963585, 0.022496616488469984, 0.5806068136730391, 0.14215488932746045, -0.4630019429778677, 0.42680568748282866, 0.10888450101246255, -0.48517745609903906, 0.5149728043615671, -0.09429425968826274], [-0.47001332859140077, -0.2604767633216165, -0.6093515454278665, -0.5366392036548692, -0.1572849496649572, 0.527305959660076, 0.6024581635206471, 0.37151469135797643, 0.15635025123369362, 0.14184684397791125, -0.17103771896304348, 0.024612319148967474]], "inverted": true, "swapped": true, "error_lsq": 0.04678323612859609, "error_max": 0.2803586160662091, "target": "336.xyz", "model": "5.xyz", "model_rescale": 3.6523030999806103, "target_rescale": 4.149262132016822},
{"mapping": [9, 1, 10, 13, 12, 0, 7, 4, 3, 2, 8, 6, 14], "R": [[-0.04445554069787774, -0.7415783213203264, -0.6693917375117402], [-0.41342056960530577, 0.623643047394576, -0.6634401118892582], [0.9094543075539772, 0.24724672451649135, -0.3343081208815938]], "T": [0.014048938099578544, -0.030363169052099598, -0.006235577762553887], "aligned_model": [[0.2341229047729775, -0.28637263644510325, 0.3255709432268028, 0.6555837293758384, 0.6206866485357978, -0.3622987218246775, -0.465376676459942, 0.33535310521378914, -0.6432989933665278, -0.4215115391732523, 0.15902602179674702, 0.6848302632718588, 0.04476785573998597], [-0.37671313319491173, -0.02371197372445252, 0.29012549847707936, -0.23759250784671518, 0.3771432665529445, -0.6275782832298968, 0.48885408216689885, -0.6029702986833416, -0.27602707030569057, 0.021051356650556435, 0.6859169764519693, -0.14957556446981668, -0.028095444681440054], [0.7037350323894521, 0.4641274201336847, 0.5218795721189289, 0.18578627871757936, 0.012468962103433859, 0.20647365130228462, 0.1674662717505, -0.08020423852084158, -0.24458128560296716, -0.7121717631563688, -0.2134159176058425, -0.6149482481615142, -0.026505995986540264]], "inverted": true, "swapped": true, "error_lsq": 0.052848535357135, "error_max": 0.2847023326992419, "target": "336.xyz", "model": "6.xyz", "model_rescale": 4.08911054899281, "target_rescale": 4.149262132016822},
{"mapping": [5, 12, 2, 7, 4, 6, 3, 13, 1, 10, 11, 0, 9, 8, 14], "R": [[-0.37043824402769016, 0.7477269746079258, 0.5510715732147322], [0.8655626321463967, 0.06262553892483602, 0.4968695721275107], [0.3370116276829082, 0.6610464532225042, -0.6704034229391022]], "T": [-0.006007981377214117, 0.04668695079580742, 0.010572279367012091], "aligned_model": [[-0.5123650585059387, -0.5435010990212473, 0.6420269642942981, 0.08546093906343827, -0.17528471339985124, 0.3556171736173067, 0.41863978592937945, -0.00146296044776012, 0.498641108754849, -0.6936977323982244, -0.2664335255295629, 0.8961353141353502, 0.24389403217641933, -0.24048610260380324, 0.03433275142037401], [0.18525751720815067, -0.4134757667512692, -0.3418482460567021, -0.230247355981833, 0.6670664349049131, 0.21601125527483792, 0.7134767895205454, -0.6839206724940299, -0.2922480703807642, 0.151238895665606, -0.2219739491248099, 0.3041910966962976, 0.28459550588107807, 0.5894272503167027, 0.05138227273982629], [-0.5416069833268576, -0.07517933797157901, -0.2709071218092663, -0.7065258944282223, -0.278086989312362, -0.2889264579280836, 0.049521232635830956, -0.03510447541208166, 0.4209360278930156, 0.19879182050604144, 0.4628232271426401, 0.07754445500494327, 0.7144940157460423, 0.35057514880637675, 0.170932317142111]], "inverted": true, "swapped": false, "error_lsq": 0.03866942609883037, "error_max": 0.2748706114628721, "target": "336.xyz", "model": "7.xyz", "model_rescale": 3.964800864290218, "target_rescale": 4.149262132016822},
{"mapping": [8, 2, 7, 12, 1, 6, 10, 3, 5, 4, 13, 9, 0, 14], "R": [[-0.09485136608759959, -0.37446127977583527, -0.9223784300925297], [-0.8906881073928381, -0.38189878400229643, 0.2466333597195064], [-0.44460984435826445, 0.8449450092912623, -0.29730458720562775]], "T": [0.05414371939129346, 0.00263659792920635, 0.0195457937023336], "aligned_model": [[-0.34854534208653104, 0.5158160030043661, 0.24597601939664948, -0.6640385764492076, 0.2606302871169272, -0.4204964064621978, -0.4282622925163457, 0.7787881550563439, 0.21697677446768487, 0.013897041762482618, -0.46113976642982857, -0.09108233755552626, 0.6144732223672102, 0.02819510778884516], [-0.2006542325517935, -0.6236445019512779, 0.26710368744224633, -0.06089772908378129, 0.5144474522404342, -0.7079011292636319, 0.4854688977762138, -0.13716629019561158, -0.5562808010324293, -0.14025715559090576, 0.08401376505120325, 0.6569837496779573, 0.25186988110082464, -0.022137127438246307], [-0.5916118397006211, -0.27257227684400753, -0.6307351714370427, -0.10127740699479211, -0.06383080612775993, 0.34287718050349414, -0.09368833157477541, -0.04836095235054862, 0.276025328566166, 0.6633999974073627, 0.48778074172782726, 0.49197389736539804, 0.4287673577925934, 0.02806732039172762]], "inverted": false, "swapped": true, "error_lsq": 0.04529512006290155, "error_max": 0.28946741592217173, "target": "336.xyz", "model": "8.xyz", "model_rescale": 4.121658175737393, "target_rescale": 4.149262132016822},
{"mapping": [10, 1, 7, 8, 9, 13, 3, 5, 2, 0, 12, 11, 14], "R": [[-0.7794286275130906, 0.3737468323387647, 0.5027964995202326], [-0.5730381504964144, -0.10093247783608172, -0.813289562820966], [-0.25321590133462946, -0.9220227438814124, 0.2928408562285718]], "T": [-0.0617173328966, -0.046374835910752685, -0.020137366579064404], "aligned_model": [[-0.5853734790850671, -0.2552909319882264, 0.19476510552994517, 0.17569843570497415, -0.8229553772663226, -0.629816903087718, 0.45145701269000926, 0.2705630971068572, 0.7557402844352583, -0.1430869287282356, -0.3373228409871277, 0.46546035927344764, -0.06310033716259696], [0.23833305873293742, -0.3643028002077996, -0.03263220865309123, 0.6149958334200615, -0.3463031666580911, 0.16672410704299656, -0.5801185950698529, -0.09431390075174344, -0.09692910234601808, -0.7734776240002604, 0.6303832142827946, 0.44742134924780824, -0.019392725628031543], [-0.37140679666664844, -0.43605776989414496, -0.701045367235741, -0.30861940315410175, -0.0749894583165587, 0.33091106241879686, -0.05231534691217963, 0.5202112027633631, 0.12096398236930389, 0.07068770864183249, 0.001329165577172657, 0.3164492527362677, 0.0049572016317266515]], "inverted": true, "swapped": true, "error_lsq": 0.04997641423355215, "error_max": 0.371689755503049, "target": "336.xyz", "model": "9.xyz", "model_rescale": 3.833441315466971, "target_rescale": 4.149262132016822},
{"mapping": [3, 9, 13, 2, 4, 5, 1, 8, 10, 7, 11, 0, 12, 6, 14], "R": [[0.11174515054513129, -0.9644932835409565, 0.23930258530578025], [-0.29075347215695085, -0.262005655202154, -0.9202257630987993], [0.9502501985047536, 0.033252708859193125, -0.309707632445832]], "T": [0.053287795366018506, 0.11179803826229709, 0.09187280529018443], "aligned_model": [[-0.5971361452039233, -0.3723355656991494, 0.617366782531902, 0.045858716751401324, -0.2414819004058028, 0.3838288324128965, 0.541342865518615, -0.024075482096319614, 0.4623365166542736, -0.5826741304522286, -0.23924617959672168, 0.7334777737301224, 0.1447920754481558, -0.11868244102257942, -0.011854841085614076], [0.1333138689595336, -0.4626669553883266, -0.1698116741848826, -0.18162189189925868, 0.714509910205142, 0.35762184151451926, 0.650511176051307, -0.6617948214204452, -0.4508997551266377, -0.04736914860198632, -0.20386867288449426, 0.12711142191206842, 0.34999515486770705, 0.751914107559107, 0.07198839585519617], [-0.4832859695802933, -0.29120010176315103, -0.3961819124495202, -0.5642520367197492, -0.33912812970181605, -0.4445491201095871, 0.22301904650848406, 0.14780466673697157, 0.5298276893222469, 0.2107517871039301, 0.6211321764966258, 0.12236961361337312, 0.6376833563775479, 0.23988369566439616, 0.03540622318908937]], "inverted": false, "swapped": false, "error_lsq": 0.04620033934668418, "error_max": 0.3236014720271192, "target": "336.xyz", "model": "10.xyz", "model_rescale": 4.2482417240324, "target_rescale": 4.149262132016822},
{"mapping": [0, 3, 7, 11, 9, 10, 1, 12, 5, 13, 4, 14], "R": [[0.7910428810478578, -0.23237385624428103, 0.5659094903583672], [-0.5154454543395375, 0.24506676120453003, 0.8211323073375141], [-0.32949528667981354, -0.9412463404905669, 0.07408226892383495]], "T": [0.061457207143990375, -0.004154780922363967, -0.0052762180575789755], "aligned_model": [[-0.6361332899009293, -0.19288742646105717, 0.30346227662595343, 0.6613270275337293, -0.5145134488858989, 0.15864076379364106, -0.22788196483965706, 0.5445334528502356, 0.0608855405512702, -0.04989993190829854, -0.31115310003433444, 0.08038570303835273], [-0.23238201436494896, -0.6765253751234497, -0.1323756697403193, -0.3345726171210458, 0.5745136587727419, 0.634410214752634, 0.10530544683961071, 0.5112852962339234, -0.4026736232393888, 0.54439110784984, 0.07057889208465795, 0.004176073106383977], [0.06421117799369397, 0.1749800529507928, 0.6689646561107006, -0.4127339410281626, 0.07120747982656911, 0.2426242858607667, 0.45930963271194575, -0.19337070040595714, -0.5011264172176924, -0.427271805871488, -0.5457973486225319, -0.03580478245428027]], "inverted": false, "swapped": true, "error_lsq": 0.04299406318677634, "error_max": 0.22949053913455897, "target": "336.xyz", "model": "11.xyz", "model_rescale": 3.6694154284099745, "target_rescale": 4.149262132016822},
{"mapping": [1, 7, 8, 2, 3, 9, 0, 13, 11, 6, 12, 5, 10, 14], "R": [[-0.5076121996244817, -0.014671694291581772, 0.8614607339739924], [-0.8285531834840145, 0.28251440270814504, -0.4834100065172059], [-0.23628262088207075, -0.9591508503093109, -0.15556403639667243]], "T": [0.036840188604063545, -0.008636031330040213, -0.07081359813278829], "aligned_model": [[-0.15674549419646835, -0.02611262464066187, -0.15146077045358602, 0.7861359369756419, 0.6645530789616351, -0.4890724982750685, 0.30250709976940493, -0.3794465077567054, 0.40200016979328734, 0.17519813004404566, -0.45789165502793405, 0.543056988615326, -0.6490386199618098, 0.03458161640870296], [-0.29395536163800323, 0.2641782007200278, 0.7226828959693085, 0.3373395947657473, -0.18962858561340915, -0.6368200782861692, -0.6778111321211505, -0.1860234553016863, 0.6091448053479496, 0.31031711145977614, 0.4152296090723363, 0.016151809528980952, 0.031695616676209425, 0.008486257556336294], [-0.5097397579915924, -0.7425405846972319, -0.15275668966554365, -0.16858388136670302, -0.42079067509751666, -0.035461587184400234, -0.22947817091226752, 0.4645576458567866, 0.27566377468156755, 0.7740628835320366, 0.26084735582048035, 0.3136537331496295, -0.15210428245032814, -0.0382343040225018]], "inverted": true, "swapped": true, "error_lsq": 0.04673373735731803, "error_max": 0.3452905807480201, "target": "336.xyz", "model": "12.xyz", "model_rescale": 3.9764082729961374, "target_rescale": 4.149262132016822},
{"mapping": [5, 4, 2, 0, 12, 1, 10, 7, 3, 6, 14, 8, 11, 13, 15], "R": [[-0.9261053817653866, -0.37561371806364, 0.03525842690189116], [0.3389909409032483, -0.7874924797359271, 0.5147239418803938], [-0.16557162755350946, 0.48864090000916727, 0.8566306712857724]], "T": [-0.012279301780630587, 0.11074326091414688, -0.05218233153363865], "aligned_model": [[-0.665483825374213, -0.40054062516288497, 0.6437208084906959, 0.03726610251769718, -0.048361927932550286, 0.45199776829643157, 0.5371038846247861, 0.21808113957759956, 0.29784214610199117, -0.7084006372443753, -0.24731075010975986, 0.641156069028263, 0.3081692747204197, -0.28791078646527674, -0.03581176358379663], [0.055518072526919204, -0.4810054817726228, -0.16071888967172843, -0.32188048388685986, 0.721538063173654, 0.4159232878215485, 0.6689052262719789, -0.6023201905212757, -0.37312025219621375, 0.05247496042343458, 0.07168308750629732, 0.03816352864520173, 0.3344575945907833, 0.540331401569208, 0.01898303293822437], [-0.574770060780312, -0.17445371851078714, -0.41581905964208804, -0.6331211250820897, -0.23340398744434537, -0.3598095924167599, 0.12887079293865242, -0.1496927422969731, 0.5627520028121495, 0.2571374013792945, 0.7107348072990984, 0.20744670245170105, 0.639055185876607, 0.2854000439630154, -0.0010456658586147777]], "inverted": false, "swapped": false, "error_lsq": 0.046478541947497835, "error_max": 0.3182441670433722, "target": "336.xyz", "model": "13.xyz", "model_rescale": 4.170626492500431, "target_rescale": 4.149262132016822},
{"mapping": [10, 13, 8, 6, 7, 2, 11, 9, 1, 4, 0, 5, 3, 14], "R": [[0.855075137402369, 0.5172357936516149, 0.03624421556475711], [-0.46473888848429556, 0.7335384612922266, 0.495922465044098], [0.22992232368063348, -0.44089506639405385, 0.8676100884053167]], "T": [0.05117494093059517, 0.032667919620781, 0.029283056796919574], "aligned_model": [[0.36649211923179914, -0.05190047959046783, -0.23794324613957618, -0.7851713191553223, 0.39156617534801413, -0.38815673555784647, -0.7007689943042895, 0.606400539909412, 0.6049824422923488, -0.12667955232530215, 0.4418419060372404, -0.44153866711180006, 0.14481445281446903, 0.019244380642964513], [-0.3460154579346133, -0.6606290538839763, 0.22263941767240067, -0.33145950048243655, 0.5384535468110151, 0.7090536284279322, 0.2562349652464834, -0.5556098807742227, 0.10026788762795591, -0.39559500885219745, 0.0765032123390729, 0.11370033426746526, 0.6131570342413969, 0.015373343219389636], [-0.45634904043189994, 0.019381296612245094, -0.6469719237330042, 0.08053197575739811, -0.36811159999027154, 0.22976330923849791, -0.11085843696806301, 0.16382999860435632, 0.012967223934034572, 0.49996904427508704, 0.6529868802170474, 0.42343031699022876, 0.4804257852642795, 0.022878271350930124]], "inverted": true, "swapped": true, "error_lsq": 0.04338027238487734, "error_max": 0.25779931471097767, "target": "336.xyz", "model": "14.xyz", "model_rescale": 3.9786697098870705, "target_rescale": 4.149262132016822},
{"mapping": [7, 10, 2, 3, 8, 11, 9, 13, 5, 0, 12, 14], "R": [[-0.5935879035200555, -0.14995306639053135, 0.7906753307614587], [-0.6942975702390147, -0.4013902638853783, -0.5973581338010112], [0.4069450635587877, -0.9035485232892051, 0.134148355588248]], "T": [0.021379587912989387, -0.06017984212600826, 0.0033493342014789436], "aligned_model": [[-0.13046693019756178, -0.6643525291523138, 0.766685004493171, 0.5709121694469336, -0.12806000096683595, 0.47828123929966104, -0.5330007581346938, -0.31420462534734733, 0.5834222588612394, 0.212418224520183, -0.3838342803854002, 0.02555482433030177], [-0.27678812808226766, 0.0250955811214527, 0.019656936560076207, -0.5188116304480299, 0.4655942273221044, 0.5689090861271981, -0.4268320565476557, 0.21541680324610168, 0.12613353453819898, -0.7058605917514873, 0.5482200688953963, -0.02605934075664857], [-0.674611794312712, -0.0307699131899784, -0.3556049880304826, -0.1888395218777267, -0.5241245817693928, -0.17137772498047502, 0.4836385193019309, 0.5536338110961893, 0.2359012127164838, 0.30359802903388733, 0.011830831842032406, 0.016692614044074183]], "inverted": true, "swapped": true, "error_lsq": 0.05297691779308294, "error_max": 0.2621857742789112, "target": "336.xyz", "model": "15.xyz", "model_rescale": 3.769337070930944, "target_rescale": 4.149262132016822},
{"mapping": [5, 3, 6, 11, 4, 0, 13, 1, 12, 8, 14], "R": [[0.9228036518171485, -0.3126278147629296, -0.22516054190175117], [-0.38376141351550846, -0.6941983293467782, -0.6089465140952207], [0.03406754598608147, 0.6483459947965263, -0.7605832455042569]], "T": [0.042916157775125044, -0.09392753569220699, 0.09147924153344858], "aligned_model": [[-0.2635986464988788, -0.2762184783600925, -0.18670295819348454, -0.6164770017109195, 0.3352812224480804, 0.3475324697905595, 0.5112944114476852, 0.33127047735534815, 0.09172058944096637, -0.3869442722447205, 0.0354683172166274], [0.08188122936065734, -0.6677914803796046, 0.7138061122590983, 0.34143714370956757, 0.1571070859528226, -0.5924182773670132, 0.4210179390584021, -0.5244475486467667, 0.5229323852466671, 0.20088599790805925, -0.05834608947654794], [-0.4375056045472071, -0.25217609282717524, -0.26842590162848856, -0.011960601145334315, -0.44526179768209007, -0.358259074357957, 0.008797622283960665, 0.29894734863948424, 0.48073832233116676, 0.6440227112872086, 0.085300674870209]], "inverted": true, "swapped": true, "error_lsq": 0.043576281178079185, "error_max": 0.20599987776128378, "target": "336.xyz", "model": "16.xyz", "model_rescale": 3.7852294659196426, "target_rescale": 4.149262132016822},
{"mapping": [0, 2, 7, 3, 5, 11, 12, 8, 1, 9, 13, 10, 14], "R": [[0.8142925822517392, 0.5414324124562708, -0.20923320298551382], [0.2294152184286089, -0.6313153463070408, -0.740816840433973], [-0.5331943811061293, 0.5552403770071155, -0.6382882387274953]], "T": [-0.007792250528800983, 0.07552517155871546, -0.03612726013396515], "aligned_model": [[0.22159952997645074, -0.5376264449869725, 0.37155311257124735, -0.07156838803110369, -0.5838428876635817, -0.722589806183905, -0.11371587949682363, -0.14644523598959872, 0.5267601775943299, 0.5487521690580874, -0.04638404545876123, 0.4430352867509199, -0.03576173792400565], [-0.2213507725747888, -0.5517226701612787, -0.32811599410055137, -0.6237713798170752, -0.04578036464307261, 0.027917514677338932, 0.6609854754345592, 0.15371257681373718, -0.0698086556576602, 0.49757524661608304, 0.7445053390863074, 0.532161160945114, 0.0987481470841609], [-0.6707868182386955, 0.09247348676979501, 0.43586713735732147, -0.2731560966645946, -0.27724060450737176, 0.3129279064755023, 0.3886516046960468, 0.7066118422031482, -0.10446824999681983, -0.4657563547254126, -0.24194147115945097, 0.22252822899174923, -0.029955914058044104]], "inverted": true, "swapped": true, "error_lsq": 0.045507271419538364, "error_max": 0.25647988975809827, "target": "336.xyz", "model": "17.xyz", "model_rescale": 3.901054581598922, "target_rescale": 4.149262132016822},
{"mapping": [4, 6, 9, 10, 8, 5, 2, 11, 12, 1, 7, 13, 3, 0, 14], "R": [[0.21513656554746735, -0.9218376819050164, -0.32238415963633554], [0.7567301504681158, -0.05131144756117173, 0.6517105298533088], [-0.6173133220147964, -0.3841645787539023, 0.6865433991335825]], "T": [0.02667293332777768, 0.08404961507487385, -0.02650185257883514], "aligned_model": [[-0.5066792711939004, -0.4954227474503475, 0.5550458939089512, 0.02193185853660729, -0.11837747254777004, 0.47342402095995934, 0.38451329527454664, 0.08507046405573415, 0.36072647724033025, -0.6344137668867372, -0.26588990961707004, 0.7249121715362927, 0.33157962194734864, -0.23582630343017155, 0.06092254515125399], [0.1571981963508013, -0.4488824427632093, -0.21519444504450097, -0.32872596785423003, 0.6257456420183882, 0.3425268806550128, 0.8109162760874088, -0.7116535075444044, -0.34533011653423296, 0.2166690460102893, -0.16798517978034788, 0.20705749337004986, 0.2812461920641158, 0.5116238463583109, 0.04372104402509798], [-0.6059487275371813, 0.057909444718581435, -0.2823624168404099, -0.7350550181749138, -0.3813878149510079, -0.37819634482074876, 0.13888628018286692, -0.013188025725393515, 0.47947875965839964, 0.1497423268248742, 0.5125366144228798, 0.13108376352837908, 0.6454738246383906, 0.5425139169243987, -0.012205598160566648]], "inverted": true, "swapped": false, "error_lsq": 0.038956946920462816, "error_max": 0.23163922471098272, "target": "336.xyz", "model": "18.xyz", "model_rescale": 3.9405287249114394, "target_rescale": 4.149262132016822},
{"mapping": [5, 6, 10, 2, 9, 11, 13, 1, 12, 8, 0, 14, 4, 7, 15], "R": [[0.21294108433758424, -0.23347388597787044, 0.9487602643278892], [-0.10536853274195737, 0.959880482671029, 0.25985944526809], [-0.9713668549569421, -0.1553042290268515, 0.17979719001540134]], "T": [0.13875188886062068, 0.048078529342572944, 0.11507308602774974], "aligned_model": [[-0.40074349907627066, -0.4431113595151886, 0.5370832106370516, -0.06173043676099016, -0.13032190789677733, 0.36998555363797936, 0.5178109022869026, 0.05072753853893694, 0.49620344200091593, -0.6152820113058171, -0.34428144843964403, 0.8905602967363682, -0.052059462188169425, -0.21268717155653688, 0.13936323038626702], [0.1469001987097772, -0.36190797385884543, -0.17421993345308148, -0.40470237519487545, 0.7026112445913396, 0.43590826351155904, 0.6009430137941951, -0.6032765743593524, -0.11155316973288598, 0.10427830884988504, -0.2646039223065728, 0.1311680431339499, 0.14226604776015905, 0.6041160981112397, 0.031005687862058342], [-0.5097802142093295, -0.11214857441518553, -0.5250984444834537, -0.5991548696087172, -0.1819051345948582, -0.446471472727708, 0.15962610550233408, 0.17429864310691917, 0.49832909709250206, 0.09169322890507023, 0.49134790240960574, -0.051117204366820795, 0.8146334967867852, 0.3659482698787604, 0.07908015541264588]], "inverted": false, "swapped": false, "error_lsq": 0.04033749801292842, "error_max": 0.27003714008974605, "target": "336.xyz", "model": "19.xyz", "model_rescale": 4.410303926677745, "target_rescale": 4.149262132016822},
{"mapping": [8, 2, 7, 12, 1, 6, 10, 3, 5, 4, 13, 9, 0, 14], "R": [[-0.09485136608759959, -0.37446127977583527, -0.9223784300925297], [-0.8906881073928381, -0.38189878400229643, 0.2466333597195064], [-0.44460984435826445, 0.8449450092912623, -0.29730458720562775]], "T": [0.05414371939129346, 0.00263659792920635, 0.0195457937023336], "aligned_model": [[-0.34854534208653104, 0.5158160030043661, 0.24597601939664948, -0.6640385764492076, 0.2606302871169272, -0.4204964064621978, -0.4282622925163457, 0.7787881550563439, 0.21697677446768487, 0.013897041762482618, -0.46113976642982857, -0.09108233755552626, 0.6144732223672102, 0.02819510778884516], [-0.2006542325517935, -0.6236445019512779, 0.26710368744224633, -0.06089772908378129, 0.5144474522404342, -0.7079011292636319, 0.4854688977762138, -0.13716629019561158, -0.5562808010324293, -0.14025715559090576, 0.08401376505120325, 0.6569837496779573, 0.25186988110082464, -0.022137127438246307], [-0.5916118397006211, -0.27257227684400753, -0.6307351714370427, -0.10127740699479211, -0.06383080612775993, 0.34287718050349414, -0.09368833157477541, -0.04836095235054862, 0.276025328566166, 0.6633999974073627, 0.48778074172782726, 0.49197389736539804, 0.4287673577925934, 0.02806732039172762]], "inverted": false, "swapped": true, "error_lsq": 0.04529512006290155, "error_max": 0.28946741592217173, "target": "336.xyz", "model": "20.xyz", "model_rescale": 4.121658175737393, "target_rescale": 4.149262132016822},
{"mapping": [9, 1, 10, 13, 12, 0, 7, 4, 3, 2, 8, 6, 14], "R": [[-0.04445554069787774, -0.7415783213203264, -0.6693917375117402], [-0.41342056960530577, 0.623643047394576, -0.6634401118892582], [0.9094543075539772, 0.24724672451649135, -0.3343081208815938]], "T": [0.014048938099578544, -0.030363169052099598, -0.006235577762553887], "aligned_model": [[0.2341229047729775, -0.28637263644510325, 0.3255709432268028, 0.6555837293758384, 0.6206866485357978, -0.3622987218246775, -0.465376676459942, 0.33535310521378914, -0.6432989933665278, -0.4215115391732523, 0.15902602179674702, 0.6848302632718588, 0.04476785573998597], [-0.37671313319491173, -0.02371197372445252, 0.29012549847707936, -0.23759250784671518, 0.3771432665529445, -0.6275782832298968, 0.48885408216689885, -0.6029702986833416, -0.27602707030569057, 0.021051356650556435, 0.6859169764519693, -0.14957556446981668, -0.028095444681440054], [0.7037350323894521, 0.4641274201336847, 0.5218795721189289, 0.18578627871757936, 0.012468962103433859, 0.20647365130228462, 0.1674662717505, -0.08020423852084158, -0.24458128560296716, -0.7121717631563688, -0.2134159176058425, -0.6149482481615142, -0.026505995986540264]], "inverted": true, "swapped": true, "error_lsq": 0.052848535357135, "error_max": 0.2847023326992419, "target": "336.xyz", "model": "21.xyz", "model_rescale": 4.08911054899281, "target_rescale": 4.149262132016822},
{"mapping": [7, 6, 9, 10, 13, 12, 3, 8, 15, 0, 1, 14, 2, 4, 16], "R": [[-0.3074161526236825, -0.45079646571398957, -0.8380201999986807], [-0.7497506736848254, 0.6570577761403185, -0.07841559872047205], [0.5859771637318332, 0.6041999878461728, -0.5399751274563314]], "T": [0.08490569066379934, -0.05102342372325068, 0.03440229111329277], "aligned_model": [[-0.31970640589243476, -0.545007577354284, 0.629023172055046, 0.04935744295689916, -0.023360120430500883, 0.38157197713649404, 0.3859051679060374, -0.20780944860744938, 0.594454214890637, -0.649618275996296, -0.20664441747305612, 0.6446653470848137, 0.13672686361907171, -0.18043026712694482, 0.052389204716994854], [0.18603747150486682, -0.3428785901530402, -0.23985125575683092, -0.27093224576645575, 0.5589218458866283, 0.333110953564252, 0.7538472941039164, -0.666984308178354, -0.1411671975468866, 0.156642641239658, -0.34157608544802964, 0.26179897222110604, 0.23383612015135286, 0.5144098505843093, -0.01628250898794361], [-0.5002820749228257, -0.2368797856156851, -0.3849159983238161, -0.741169653510464, -0.1957612339224164, -0.5218345295759966, 0.16034380761503242, 0.15959036611556135, 0.5479599017016847, 0.16642026732871004, 0.7130598383903223, 0.00922568319793391, 0.6957822391540126, 0.3445219900633258, 0.0332201669931696]], "inverted": true, "swapped": false, "error_lsq": 0.04402892445304233, "error_max": 0.296898910224087, "target": "336.xyz", "model": "22.xyz", "model_rescale": 4.204369325754507, "target_rescale": 4.149262132016822},
{"mapping": [5, 6, 10, 2, 9, 11, 13, 1, 12, 8, 0, 14, 4, 7, 15], "R": [[0.21294108433758424, -0.23347388597787044, 0.9487602643278892], [-0.10536853274195737, 0.959880482671029, 0.25985944526809], [-0.9713668549569421, -0.1553042290268515, 0.17979719001540134]], "T": [0.13875188886062068, 0.048078529342572944, 0.11507308602774974], "aligned_model": [[-0.40074349907627066, -0.4431113595151886, 0.5370832106370516, -0.06173043676099016, -0.13032190789677733, 0.36998555363797936, 0.5178109022869026, 0.05072753853893694, 0.49620344200091593, -0.6152820113058171, -0.34428144843964403, 0.8905602967363682, -0.052059462188169425, -0.21268717155653688, 0.13936323038626702], [0.1469001987097772, -0.36190797385884543, -0.17421993345308148, -0.40470237519487545, 0.7026112445913396, 0.43590826351155904, 0.6009430137941951, -0.6032765743593524, -0.11155316973288598, 0.10427830884988504, -0.2646039223065728, 0.1311680431339499, 0.14226604776015905, 0.6041160981112397, 0.031005687862058342], [-0.5097802142093295, -0.11214857441518553, -0.5250984444834537, -0.5991548696087172, -0.1819051345948582, -0.446471472727708, 0.15962610550233408, 0.17429864310691917, 0.49832909709250206, 0.09169322890507023, 0.49134790240960574, -0.051117204366820795, 0.8146334967867852, 0.3659482698787604, 0.07908015541264588]], "inverted": false, "swapped": false, "error_lsq": 0.04033749801292842, "error_max": 0.27003714008974605, "target": "336.xyz", "model": "23.xyz", "model_rescale": 4.410303926677745, "target_rescale": 4.149262132016822},
{"mapping": [12, 5, 1, 0, 13, 7, 11, 4, 10, 6, 15, 1, 9, 14, 16], "R": [[0.7877175896601338, -0.41332734971215107, -0.4567948127113077], [0.5343757136586589, 0.8273850396289026, 0.1728484678846719], [0.30650219508484516, -0.3802558325367392, 0.8726178466144061]], "T": [0.04287949459136545, 0.028624126424444674, 0.07524472957985022], "aligned_model": [[-0.4550253483945247, -0.4546507070323953, 0.8188525229144009, 0.062144693314335836, -0.29315312814603667, 0.27462624474446407, 0.4543353084076741, 0.04033527457833968, 0.5357608774567357, -0.6748211227777247, -0.44745472983144674, 0.8188525229144009, 0.13344751216088388, -0.18961289913162677, 0.11787985630754685], [0.02286992303714392, -0.34593728074191815, 0.027346446591471812, -0.24502240881643744, 0.5862465022046248, 0.3912038291678653, 0.46704706999951034, -0.6509031605223133, -0.2121940067951673, 0.2760339138614556, 0.017004338908008426, 0.027346446591471812, 0.1067034176417441, 0.5583042919222972, -0.04711636563120797], [-0.5558127093734289, -0.012899947864149719, -0.29108787396474195, -0.6284116048299189, -0.18994574218455418, -0.43147047606753103, 0.2732622097034412, 0.1853381727563363, 0.42575652027020133, 0.03534096198582752, 0.5936572291711519, -0.29108787396474195, 0.6901602051575231, 0.42672189690904705, 0.019760016984087123]], "inverted": false, "swapped": false, "error_lsq": 0.04633298617291765, "error_max": 0.35819340109335035, "target": "336.xyz", "model": "24.xyz", "model_rescale": 4.28219845311461, "target_rescale": 4.149262132016822},
{"mapping": [12, 13, 10, 14, 9, 11, 5, 2, 0, 7, 4, 8, 1, 3, 15], "R": [[0.983581623244519, -0.17406113170048573, 0.04764360237034827], [0.1804547547289169, 0.95128361972474, -0.24999111252027234], [-0.0018088425592490305, 0.25448417882953583, 0.9670752456836301]], "T": [0.0274770718836582, 0.04117379694960505, 0.0170657415779943], "aligned_model": [[-0.26725509196242886, -0.4725808106386242, 0.6697515856681261, 0.22103594206280983, -0.29350418746687323, 0.17316859975914461, 0.49135034791277654, -0.03497847560903576, 0.30413155965703625, -0.7078261187765481, -0.2879933336468861, 0.704738417911591, 0.34582655972496806, -0.15130705675088799, 0.046958939639859885], [0.062307387075913025, -0.2110190513652601, -0.027508285968326017, -0.41747879948072597, 0.6123408304163963, 0.2550198807792711, 0.7552962002935425, -0.6404589867820032, -0.4589778059196416, 0.21583719970010237, -0.16298836713642012, 0.18523213862634866, 0.2985749201804042, 0.5182975402641596, -0.005541843265211149], [-0.6879918611723065, -0.18106890537495857, -0.44388006787997053, -0.5594040186499951, -0.149105660610716, -0.46201765657374344, 0.005600239302293961, 0.03306815132171366, 0.5991867260631611, 0.20245160752996771, 0.6443175307470785, 0.06716883827474154, 0.509280800467267, 0.6005334045840242, 0.07114185665999095]], "inverted": true, "swapped": false, "error_lsq": 0.04854503292443927, "error_max": 0.2709510164269253, "target": "336.xyz", "model": "25.xyz", "model_rescale": 4.100010024507729, "target_rescale": 4.149262132016822},
{"mapping": [0, 3, 7, 11, 9, 10, 1, 12, 5, 13, 4, 14], "R": [[0.7910428810478578, -0.23237385624428103, 0.5659094903583672], [-0.5154454543395375, 0.24506676120453003, 0.8211323073375141], [-0.32949528667981354, -0.9412463404905669, 0.07408226892383495]], "T": [0.061457207143990375, -0.004154780922363967, -0.0052762180575789755], "aligned_model": [[-0.6361332899009293, -0.19288742646105717, 0.30346227662595343, 0.6613270275337293, -0.5145134488858989, 0.15864076379364106, -0.22788196483965706, 0.5445334528502356, 0.0608855405512702, -0.04989993190829854, -0.31115310003433444, 0.08038570303835273], [-0.23238201436494896, -0.6765253751234497, -0.1323756697403193, -0.3345726171210458, 0.5745136587727419, 0.634410214752634, 0.10530544683961071, 0.5112852962339234, -0.4026736232393888, 0.54439110784984, 0.07057889208465795, 0.004176073106383977], [0.06421117799369397, 0.1749800529507928, 0.6689646561107006, -0.4127339410281626, 0.07120747982656911, 0.2426242858607667, 0.45930963271194575, -0.19337070040595714, -0.5011264172176924, -0.427271805871488, -0.5457973486225319, -0.03580478245428027]], "inverted": false, "swapped": true, "error_lsq": 0.04299406318677634, "error_max": 0.22949053913455897, "target": "336.xyz", "model": "26.xyz", "model_rescale": 3.6694154284099745, "target_rescale": 4.149262132016822},
