[{"mapping": [2, 0, 1, 10, 8, 9, 6, 7, 3, 4, 11, 14], "R": [[0.20068539392696438, -0.025279032876316887, -0.9793295375721177], [0.6812043595535683, 0.722032089681651, 0.12095570261530281], [0.7040497093171706, -0.6913975932607712, 0.16212148174631638]], "T": [-0.007121218109120209, -0.03813149251196014, -0.006810022542114939], "aligned_model": [[-0.308259675722162, 0.17144286669040998, 0.26382817039665996, -0.037408192910817706, -0.017845689692919265, -0.42026770141187414, 0.5101281378297722, -0.5018875289380423, 0.541842751088716, 0.29964619024398986, -0.6347226735634615, -0.028854191549722064], [-0.3224568278420509, -0.7452357105577786, -0.23760116801891795, 0.695537388951811, 0.3279203325405753, -0.6148632416810412, -0.265253022419995, -0.47769827030526213, 0.37773960660945544, 0.31743866656478364, 0.036022137444727854, -0.037994855309250335], [-0.5567106880464351, 0.22184334177656395, -0.6483633694698028, 0.02706773032377115, -0.6324399851496971, -0.021358920645596, 0.5544662993495718, 0.5605295479151192, -0.1510904075649197, 0.4725531055251445, 0.3049253227615256, 0.050529768578317036]], "inverted": false, "swapped": true, "error_lsq": 0.05336112959966577, "error_max": 0.26723681355410345, "target": "340.xyz", "model": "0.xyz", "model_rescale": 3.751011558992144, "target_rescale": 4.105101754240258},
{"mapping": [3, 7, 1, 11, 9, 12, 13, 2, 6, 0, 10, 8, 5, 4, 14], "R": [[0.47355865594541124, -0.26927004709009683, -0.8385915818318673], [-0.38723245579466403, 0.7915096255317149, -0.47282506053494955], [0.7910709352254132, 0.5486402778057242, 0.2705561328280116]], "T": [0.04892568912472068, -0.04512587326003658, 0.04646104049485361], "aligned_model": [[-0.31008066604140483, -0.5008134716398337, -0.5191281228424842, 0.21370635177228042, 0.6245636548172631, -0.05583216725187628, 0.34021040860749313, 0.017762896505617028, -0.24663730661370015, -0.6235689496838093, 0.6597235571755806, 0.13583901713365507, 0.5499611191911324, 0.14830964735035984, 0.06627585689983818], [-0.6349107913843588, 0.09983933372434495, 0.23774940016408208, 0.4217873292156292, -0.10238139330733259, -0.18735455186905842, -0.6466737666843039, -0.8124236540891897, 0.6088685848924924, -0.36786429920010855, 0.4990020082587663, -0.15869359674214067, -0.3690671174438418, 0.4859942758591205, -0.047436398585332294], [-0.28014893610750863, -0.29478515755444806, 0.33452699792577595, -0.5792948092564894, -0.2690581494314635, -0.6751842314952865, -0.2377845266003042, 0.35308963974636576, -0.17412796540990888, 0.18464710236433132, 0.10394635224703236, 0.6945094165728876, 0.2311543406722953, 0.6240492899917225, -0.005475898135219037]], "inverted": true, "swapped": false, "error_lsq": 0.041669488239209726, "error_max": 0.22089193702298596, "target": "340.xyz", "model": "1.xyz", "model_rescale": 3.9405287249114394, "target_rescale": 4.105101754240258},
{"mapping": [1, 8, 2, 4, 10, 9, 5, 3, 11, 7, 12, 0, 14], "R": [[-0.7730328782576765, -0.5595803596276728, 0.2988143073074264], [0.597140804943168, -0.48289952710687145, 0.6404927054945947], [-0.21410985078804282, 0.6735561356256244, 0.7074454777271516]], "T": [-0.006625353743843203, -0.011601427810231262, -0.03422490464071426], "aligned_model": [[-0.13743260083571118, 0.24801045576245556, -0.4514257565733439, 0.4966606260652967, 0.6401870557418554, -0.7032399633760633, -0.03386903215378997, 0.5876969495378808, -0.17848864817387078, -0.5525631714810146, 0.1269141028069627, -0.5367848378886629, -0.009681900148063258], [0.7001548018579391, 0.4703312792287747, 0.34970646960750124, -0.31925061645906305, -0.1551400993135337, -0.12551865559907668, 0.3425666566849597, 0.3276790200594461, -0.5999581592786527, -0.6838699087221745, -0.7527588618512976, -0.023522025854566996, -0.07158730678823863], [-0.06716353195611624, -0.512161378903284, -0.41570257606135697, 0.2857447636955858, -0.352604218240945, -0.10683446641421676, 0.6095500352649224, 0.12947243064451144, -0.381875070467216, 0.06524283592963315, 0.36513907106171717, 0.5161864772240656, -0.021874022188656774]], "inverted": true, "swapped": true, "error_lsq": 0.050236816465940956, "error_max": 0.2909838664423265, "target": "340.xyz", "model": "2.xyz", "model_rescale": 3.932901565614263, "target_rescale": 4.105101754240258},
{"mapping": [13, 10, 8, 11, 2, 5, 3, 9, 7, 0, 4, 12, 6, 14], "R": [[0.8821797892956749, 0.2400201819462472, -0.40515321992639974], [0.4647271248405287, -0.30474292829443894, 0.831360599915576], [0.0760757438063859, -0.9216952098785267, -0.3803819413317151]], "T": [-0.0017485218209658641, -0.18129775435961243, -0.0627378441451042], "aligned_model": [[0.011767367598864754, 0.5263372443543047, 0.01397760156604931, -0.1828809838543291, -0.5930919448490635, 0.1211428118902632, 0.5553414464646612, -0.6602491412476705, -0.3804860191353221, -0.3241372389560365, 0.6169885403182428, 0.36095654674536126, 0.34580019705527537, 0.008343484102102755], [0.1519396819340444, 0.007696255985296108, -0.5223440632001365, 0.49062372239083313, -0.3924653518856106, -0.7010943636488571, -0.5879094431980305, -0.010097361616064782, 0.4665689601160448, -0.2942113623329804, -0.00755112709984479, 0.40695620268081495, -0.21741523937316515, -0.12719987240185482], [-0.5922919209792795, -0.5378606895514351, -0.7022391399193025, -0.173525178777603, -0.34493850091743516, 0.4425666466412761, -0.20218224811928412, 0.13872817616647942, 0.3807860797643302, 0.6209871742439941, 0.13039927516438732, 0.4363022633028339, 0.6528511512754549, -0.03568672523731941]], "inverted": false, "swapped": true, "error_lsq": 0.054153452359428124, "error_max": 0.30682872687783697, "target": "340.xyz", "model": "3.xyz", "model_rescale": 3.9243930471874484, "target_rescale": 4.105101754240258},
{"mapping": [4, 11, 10, 3, 8, 6, 5, 13, 2, 9, 1, 0, 14], "R": [[0.0009703136197403012, -0.9956779189165622, 0.09286840298757865], [0.6975495859612649, -0.06586968619290864, -0.713502459397384], [0.7165358564766646, 0.06547263720694085, 0.694470805837381]], "T": [-0.004559915183177835, -0.03902636757239173, -0.13472902001503465], "aligned_model": [[-0.07058928089738739, -0.21280073920684522, 0.4883154810290616, 0.4270664207815749, 0.6940781163714849, -0.5264372233071107, -0.21849715342008336, 0.33948596701401046, 0.1618788518918137, -0.42917065943328236, 0.3239303392602084, -0.6537898585006933, -0.04626437527139919], [-0.6199972799068955, 0.33187128773645114, -0.2782444537711631, -0.5815824358669918, 0.10842505225052176, -0.6324920084658187, -0.47226084015842196, 0.23589181668102535, 0.5425919761177803, 0.5111548961499982, 0.07142675828500097, -0.04400798811374807, -0.044947227256151454], [-0.46402874866443045, -0.696540342197213, -0.6248142999961895, -0.014484856237438615, -0.009490117572377804, -0.03672492098087629, 0.41949311342739026, -0.5793747345069614, 0.19380446075044525, 0.008545159505534444, 0.5014208673988323, 0.2685568993144778, -0.1792921648702288]], "inverted": true, "swapped": true, "error_lsq": 0.047259608283022295, "error_max": 0.29284294566936026, "target": "340.xyz", "model": "4.xyz", "model_rescale": 3.8936222436046832, "target_rescale": 4.105101754240258},
{"mapping": [1, 2, 3, 5, 10, 11, 7, 12, 6, 0, 4, 14], "R": [[0.05798557897064849, -0.650929495684842, -0.7569203817304143], [0.9823843022551592, 0.17212363497920402, -0.07276356893521885], [0.17764784072451675, -0.7393674633962622, 0.6494436070644578]], "T": [-0.22364908119977567, -0.0944656821690277, -0.10935245971756954], "aligned_model": [[-0.1472535240172746, -0.5093569399263591, -0.07151717267681557, 0.46197874138639683, -0.6174870811107833, -0.630446681497326, -0.16595827458813744, 0.05712397326335228, 0.49951397785521967, 0.3670545282010851, 0.0032271469824279864, -0.21933065165668844], [-0.5392514272822476, -0.7054978984212179, 0.2959006340443956, -0.1862767488928684, 0.4922337803286714, -0.027166999447741036, -0.2518435971457497, 0.41960482441858593, 0.1786892549986032, -0.47392722826631706, 0.5343968202726671, -0.06793850949697408], [-0.6760285394310847, -0.24692665442730435, -0.6746816219225183, -0.3585685110898231, -0.3118627091895161, 0.46209121461252123, 0.7460952624651042, 0.5099509551957299, 0.08191637047280523, 0.19271052948664016, -0.051175836297518845, -0.05423574059951716]], "inverted": false, "swapped": true, "error_lsq": 0.048878949086787665, "error_max": 0.24960990765894928, "target": "340.xyz", "model": "5.xyz", "model_rescale": 3.6523030999806103, "target_rescale": 4.105101754240258},
{"mapping": [7, 12, 6, 9, 5, 11, 4, 2, 10, 8, 3, 1, 14], "R": [[-0.7890558136117907, -0.4441401308584784, -0.42441779789076783], [0.4841031810123601, -0.02421870478357463, -0.8746756910262912], [0.3781997265191356, -0.8956299450663872, 0.23411955997146255]], "T": [0.07635123651036657, -0.07725532207085285, -0.03392697825758915], "aligned_model": [[0.16329784871662203, -0.24117622758702062, 0.24374351172701023, 0.49458219944840776, 0.5605964767975125, -0.25851979099257494, -0.3167611174924697, 0.4285550014680696, -0.6098216147505041, -0.060972603822478655, -0.1087119256233193, 0.5340718020485089, 0.0521993447265309], [-0.5177896427853165, 0.108547921758948, 0.49059746057876885, -0.5937742885421821, 0.4732753302139222, -0.5936370528465124, 0.3923668251644168, -0.5420142615840691, 0.052644840251895544, -0.14689899007636242, 0.5013952510826277, 0.001709287038627924, -0.08559577609158177], [0.7132387607695342, 0.7350282725244576, 0.49869412395119694, 0.21469364943929872, 0.021263342387861865, 0.30925311483639994, 0.2403777890368484, -0.39980625476610365, -0.26333446861314047, -0.7423150960365266, -0.38895117500262094, -0.5898486399368721, 0.021816320891455077]], "inverted": false, "swapped": true, "error_lsq": 0.04949265405912492, "error_max": 0.31185020368723515, "target": "340.xyz", "model": "6.xyz", "model_rescale": 4.08911054899281, "target_rescale": 4.105101754240258},
{"mapping": [9, 11, 10, 13, 2, 1, 1, 3, 12, 8, 7, 4, 0, 5, 14], "R": [[-0.6718620928773458, 0.08060384069003068, 0.7362773587585656], [-0.4108053152214246, -0.8677038783445217, -0.2798731364238127], [0.6163118700303438, -0.4905028036330601, 0.6160898298850654]], "T": [0.019260540729231234, -0.0030293095796982417, 0.057922368870583676], "aligned_model": [[-0.3215394927954274, -0.4118571645283044, -0.6198842516515843, 0.20687215794038666, 0.7520599747483726, 0.1778223945762904, 0.1778223945762904, 0.15640592730750297, -0.21087937969779708, -0.4893939915695844, 0.6211111898511968, -0.0399795757137235, 0.5652994659479941, -0.003759329750390259, -0.059808493861111575], [-0.6654308533309786, 0.07679445700653716, 0.2884577317660849, 0.4190538624280691, -0.06389950617250667, -0.36061518998041486, -0.36061518998041486, -0.6658931937577677, 0.6443907992253092, -0.3266714089716177, 0.4655224933787263, -0.08205325364153265, -0.7666814426070278, 0.540033616484135, -0.11595755903783159], [-0.18628418282961734, -0.3323297976302823, 0.21855903218861134, -0.5100056189473262, -0.27289382172357957, -0.562510170168129, -0.562510170168129, 0.46811019201802057, -0.13151030453068246, 0.37678806404340726, 0.19030049634385365, 0.7558445096362942, 0.00018940625270609524, 0.5918268298759376, -0.033510998831302416]], "inverted": true, "swapped": false, "error_lsq": 0.04908007265972939, "error_max": 0.3059195878624707, "target": "340.xyz", "model": "7.xyz", "model_rescale": 3.964800864290218, "target_rescale": 4.105101754240258},
{"mapping": [6, 0, 5, 12, 3, 7, 4, 1, 9, 13, 11, 10, 8, 14], "R": [[0.7828304048657992, -0.4713062198667423, 0.40625977444557715], [-0.6083641365550383, -0.7168198573823119, 0.34067927646988594], [0.13065081159829006, -0.5138479728259364, -0.8478741806726895]], "T": [0.11672700264678831, -0.007842125676229486, 0.12834166281712361], "aligned_model": [[-0.2391281393336983, 0.11319513252636282, 0.33379769962573874, -0.6995896458941275, 0.2777072294972288, -0.42500531390526836, -0.35113679864882646, 0.8319304444242075, 0.17552989808564504, 0.009243498258569821, -0.3387773905653823, -0.0997741402770739, 0.6155392373618633, 0.05765617830563387], [-0.05257353854198076, -0.5875903974754134, -0.034954109871040355, -0.07145856098780747, 0.6205151102269599, -0.6854231142223388, 0.38440439847913455, 0.011646826044904976, -0.7005963900315123, 0.18737849529090578, -0.2546239866363327, 0.6282910501151511, 0.39018887938701685, -0.024256195596444326], [-0.5826635507448497, -0.36969782940417045, -0.5736331773052961, -0.10876336043681215, -0.14438455652291377, 0.21376381358298735, -0.15017497426085286, 0.014778300929715632, 0.2703097800359682, 0.7131438464140281, 0.6060191001126498, 0.42632969677220706, 0.47225949680411433, 0.12952845274824598]], "inverted": true, "swapped": true, "error_lsq": 0.047625890743869935, "error_max": 0.30501301942894204, "target": "340.xyz", "model": "8.xyz", "model_rescale": 4.121658175737393, "target_rescale": 4.105101754240258},
{"mapping": [10, 13, 11, 12, 8, 3, 2, 5, 9, 1, 4, 6, 14], "R": [[0.41894092907008174, 0.8731532915321997, -0.24918231766395949], [-0.8846424068296203, 0.45434955981891156, 0.10475824326065267], [0.2046858812634459, 0.17654972947826061, 0.9627740560653677]], "T": [0.017232772887294544, -0.05797633954344566, -0.04826753390921726], "aligned_model": [[-0.6114728386865506, -0.258238915819125, 0.2524622437288325, 0.2728250452473331, -0.5221248678539877, -0.569475460397971, 0.169223780044525, 0.1315210348899935, 0.6493952517169991, -0.11301003742814225, -0.2242090288872184, 0.2560589589577295, 0.04378233092277912], [0.15650368801746986, -0.17271421112544136, 0.06521916250202561, 0.7354377421193222, -0.5408062499935102, 0.07828807206378349, -0.7261562897871499, 0.05509531135238429, -0.34288391162600484, -0.6214236447054117, 0.5656103686301944, 0.5497438383056729, -0.011526436341624563], [-0.3630096543240232, -0.5983656688380138, -0.7009935388754014, -0.22660821605474785, -0.08687343988471455, 0.31550780773565523, -0.11422431310496034, 0.6692116771282158, -0.19899733630738467, 0.38803094672013416, 0.008042883857058952, 0.4075837942289282, -0.07822950832165754]], "inverted": true, "swapped": true, "error_lsq": 0.04402512029289133, "error_max": 0.23992786859142434, "target": "340.xyz", "model": "9.xyz", "model_rescale": 3.833441315466971, "target_rescale": 4.105101754240258},
{"mapping": [7, 6, 12, 5, 2, 4, 3, 8, 1, 11, 13, 10, 9, 0, 14], "R": [[-0.6306683637941397, -0.1410280373724553, 0.7631307277158326], [-0.09165327802043374, -0.9629319833518424, -0.2536960229609371], [0.7706212374035197, -0.2299414884551298, 0.5943650564675784]], "T": [-0.05135635541825881, -0.040804958082974595, 0.010008480399343954], "aligned_model": [[-0.2323697985349734, -0.5269047160812138, -0.6021041082543366, 0.36297314811170656, 0.6395700664210919, -0.052792147061660494, 0.2601845952350259, 0.2552637680850992, -0.3000678019294546, -0.4165752759108655, 0.6344726620594942, -0.04668816937639439, 0.441779971004984, 0.08443600686123612, -0.0008863752496280006], [-0.6727032490408624, 0.13367542714036654, 0.13761031879106553, 0.3904373739123402, -0.17092519795992853, 0.03264776319434561, -0.5643889684799149, -0.5058227460959765, 0.6485631000187653, -0.4749423349877529, 0.31854606956919673, 0.003990946115817233, -0.6847253702964744, 0.5492650389674929, -0.11479280803971134], [-0.09886144234035757, -0.44236295977786944, 0.17693648594288064, -0.3058970672994356, -0.13945608967085812, -0.784041402372231, -0.6089615268468364, 0.5552624754062768, -0.08231285926364953, 0.38879200582253864, 0.20025027161642484, 0.8308164229327732, 0.019662123716768197, 0.3217789001493293, -0.021541872485971704]], "inverted": false, "swapped": false, "error_lsq": 0.05383231250154394, "error_max": 0.3320184468511814, "target": "340.xyz", "model": "10.xyz", "model_rescale": 4.2482417240324, "target_rescale": 4.105101754240258},
{"mapping": [11, 13, 3, 1, 12, 6, 4, 5, 2, 0, 9, 14], "R": [[0.3407183231610555, -0.3528360524720717, 0.8714457781974989], [-0.2594945375565364, 0.855608126342519, 0.44788092068647406], [-0.9036446255252328, -0.378736655491081, 0.19996233782088157]], "T": [-0.0046415283183584705, -0.07589113932019179, -0.01254419759027323], "aligned_model": [[-0.692751298776449, -0.3224060927164351, 0.4772089497464332, 0.6232005689536385, -0.5472666971818759, 0.06474681782145263, -0.09562634767594479, 0.5170711164696713, 0.12891079631486568, 0.04952454995021201, -0.2684823494565306, -0.057364411086031214], [-0.2154193744448409, -0.5884098508212399, -0.10180731389334477, -0.2884490607332427, 0.4921739010064201, 0.6953972155308893, 0.24154864209228674, 0.43918395809563704, -0.4752189210272253, 0.5261722110068777, -0.01217933163402607, -0.04686068512755147], [-0.07252826746599461, 0.15481063646085177, 0.4995842128191196, -0.30482120741193, 0.3183617552930782, 0.17309450035366378, 0.5716468133190334, -0.0685529793049022, -0.5571698563947647, -0.48025097189515764, -0.6681736846205487, -0.0008086612980926257]], "inverted": true, "swapped": true, "error_lsq": 0.05087163758399583, "error_max": 0.24601318358906246, "target": "340.xyz", "model": "11.xyz", "model_rescale": 3.6694154284099745, "target_rescale": 4.105101754240258},
{"mapping": [1, 8, 10, 13, 2, 5, 0, 6, 11, 12, 4, 7, 3, 14], "R": [[0.49029578591197226, 0.18503686290181115, -0.8516873849508505], [-0.6604593725591058, -0.5587389830640844, -0.5016016008779731], [-0.568685730008934, 0.8084380669983136, -0.15173803844862593]], "T": [0.08925518056666792, 0.04028909052631856, -0.09570568093021636], "aligned_model": [[-0.03861021883294252, 0.01528947431432276, -0.15280639376679084, 0.35795411425056145, 0.5158523002417386, -0.387052976914937, 0.16327265702502322, -0.35228829271326734, 0.6198254655511686, 0.011587121277195078, -0.36295347229040115, 0.6636328173194044, -0.5602667047544363, 0.10482895954917093], [-0.34569331977710693, 0.2787567456788637, 0.7275794953748879, 0.5788796785298853, -0.19530516964269112, -0.5156489297135578, -0.6359941674289509, -0.2703313909174785, 0.3919235324327439, 0.22510664357864046, 0.3276166436855171, -0.08624495479714163, 0.19265146495332602, 0.057691016179316455], [-0.6952558774153493, -0.7762819476131262, -0.19252057774098197, -0.2671071104959712, -0.5819425069178981, -0.027244888449784746, 0.25261347840626913, 0.48971423058180297, 0.20663463261126808, 0.732816411852489, 0.30836807580327297, 0.547696454945838, -0.31938864275813184, -0.03900627315728173]], "inverted": true, "swapped": true, "error_lsq": 0.045359238895079326, "error_max": 0.2729751047059442, "target": "340.xyz", "model": "12.xyz", "model_rescale": 3.9764082729961374, "target_rescale": 4.105101754240258},
{"mapping": [9, 13, 6, 11, 8, 12, 1, 0, 14, 4, 3, 7, 2, 3, 15], "R": [[-0.973693690829495, -0.22057483930104804, 0.05716062198885758], [-0.07796836670278309, 0.5582351130473895, 0.8260111938434425], [-0.21410635262069316, 0.7998251676637123, -0.5607478675297645]], "T": [-0.07300527039576361, -0.15277571525703926, -0.08689442972580406], "aligned_model": [[-0.2148472304862752, -0.3649138950383819, -0.720733620098408, 0.2855341727512335, 0.6074801010823002, -0.2047023962678834, 0.3148111447373221, -0.0286895283280877, -0.22180829017158904, -0.3934653318464176, 0.35735917962818803, 0.23480911627714046, 0.5714364649782957, 0.35735917962818803, -0.0793372414655147], [-0.7328714464316399, 0.19484345673809733, 0.23226912468618782, 0.4899478871503, 0.03727316503597161, -0.3538310707016896, -0.5211101287591695, -0.7174936106791295, 0.6320708039020972, -0.20797234499616563, 0.44419483448049935, -0.24544762656632396, -0.5739493089653455, 0.44419483448049935, -0.09568320656541998], [-0.15667213066463875, -0.4972976610819541, 0.03899147863496209, -0.3850563611754517, -0.10866410938085228, -0.678034130669935, -0.42931342196244904, 0.3672396331865673, -0.06078615049388229, 0.5535135674601406, 0.32158574141504126, 0.5969885420862292, 0.12183306625165687, 0.32158574141504126, 0.004149660509307415]], "inverted": false, "swapped": false, "error_lsq": 0.04588383433054715, "error_max": 0.3045364886235481, "target": "340.xyz", "model": "13.xyz", "model_rescale": 4.170626492500431, "target_rescale": 4.105101754240258},
{"mapping": [6, 4, 5, 3, 0, 2, 1, 12, 7, 10, 11, 8, 9, 14], "R": [[-0.23833668655353601, 0.8241916060120906, -0.5137156999955254], [0.9682004303443892, 0.16022194937565098, -0.19213759033360964], [-0.07604965827419063, -0.54317319845283, -0.8361694361544804]], "T": [-0.08083896743798479, 0.0420348223896286, 0.15021926762532167], "aligned_model": [[0.23939103559937713, 0.04764056827310599, -0.22073645854000784, -0.5918920166332551, 0.2913482105920652, -0.29607355759632675, -0.6512944158528723, 0.6029478428824019, 0.7627522177814756, -0.3117677648608151, 0.42024222709572834, -0.7254366873839015, 0.3004380220267021, -0.0243762012920352], [-0.2858500290934863, -0.6001651159069796, 0.04872138125875599, -0.4005606251475314, 0.38278419199190866, 0.6666009764843285, 0.4357695230173361, -0.451475416193081, 0.253600027895244, -0.5164988960019075, 0.055514476786908414, 0.10850082962896959, 0.6399251557622053, 0.01920798744299505], [-0.5010153017932653, 0.003939954121096684, -0.5715891593500444, -0.044873250918633756, -0.42382815219155123, 0.3438870224141628, -0.060365599893700966, 0.025632125331330635, 0.20921857878095523, 0.5686054606942988, 0.6454941495219688, 0.47517749932532616, 0.17622319358776323, 0.1573665814911594]], "inverted": true, "swapped": true, "error_lsq": 0.04270315769083717, "error_max": 0.24012599759304615, "target": "340.xyz", "model": "14.xyz", "model_rescale": 3.9786697098870705, "target_rescale": 4.105101754240258},
{"mapping": [5, 0, 3, 1, 4, 10, 9, 11, 8, 2, 12, 14], "R": [[-0.0006627483578278137, -0.9860741028002332, 0.16630521504549933], [-0.9537876218738169, -0.049348233486989745, -0.29640162653400337], [0.3004808365352164, -0.15881629525470337, -0.9404725680404867]], "T": [0.041055512343262525, 0.012765611708222208, 0.01629939174400075], "aligned_model": [[-0.12086163929165536, -0.5857739910077905, 0.5069545856232838, 0.3947603476587997, -0.0099379335455691, 0.5208078168368834, -0.40496356552197815, -0.21505317954796419, 0.7361085690066336, 0.1921091085669871, -0.5283331527857399, -0.0024623692245536594], [-0.29109353741909716, -0.35834905099529546, 0.15884061321527343, -0.5979695861843464, 0.567072754875237, 0.5681460602912698, -0.3717891858094393, 0.34275386370295824, -0.15099832923870768, -0.5390725974493552, 0.6327901889722578, 0.05434329626368381], [-0.6333742777523549, -0.21505001808420504, -0.4903831395472984, -0.14706470180828293, -0.3584920821643284, 0.057836294311897435, 0.41216021007220655, 0.583817994715713, 0.14121705701134254, 0.39914846235520446, -0.11788251907203068, 0.02803321383596607]], "inverted": true, "swapped": true, "error_lsq": 0.05650823774144017, "error_max": 0.313759881364221, "target": "340.xyz", "model": "15.xyz", "model_rescale": 3.769337070930944, "target_rescale": 4.105101754240258},
{"mapping": [10, 11, 3, 4, 8, 2, 1, 9, 5, 6, 14], "R": [[-0.9545360770148439, 0.239620819312655, -0.1773210101173693], [0.25236962757604237, 0.3330076056819344, -0.9085238057613655], [-0.15865197368530257, -0.9119691867107779, -0.3783407904731405]], "T": [-0.03165605922644176, -0.038940956970676545, -0.007993442932886397], "aligned_model": [[-0.42614140528544514, -0.3237015441472535, -0.12717922666296372, -0.6316684654521855, 0.32814689651576456, 0.593812002555818, 0.6172017022193818, 0.2784480704939524, 0.11171133106180187, -0.4171170947471714, -0.08088613586052876], [0.14797202979373988, -0.6637202410530075, 0.6273002355934523, 0.2587047248519041, 0.18681532689215602, -0.29569444235913667, 0.2814588473630087, -0.5955166423948409, 0.457105100986994, 0.2622531523930908, -0.07061359444201898], [-0.5994153547130432, -0.15263629327357447, -0.2132372927258763, 0.033449890325149376, -0.5954436419821543, -0.13754405203004805, -0.04145969947699665, 0.30438474568799767, 0.515463836246033, 0.6203886809878051, 0.010266788178484448]], "inverted": false, "swapped": true, "error_lsq": 0.0431322031880287, "error_max": 0.2808482489726157, "target": "340.xyz", "model": "16.xyz", "model_rescale": 3.7852294659196426, "target_rescale": 4.105101754240258},
{"mapping": [12, 10, 3, 4, 11, 13, 2, 8, 5, 0, 9, 1, 14], "R": [[-0.2026844283211222, -0.31271102938274076, -0.9279713544170027], [-0.9312670525836785, -0.2314302683233851, 0.2813924442409109], [-0.30275518044824273, 0.9212230148048584, -0.24431016701234382]], "T": [-0.0068972355520673925, 0.08509921337846721, -0.01079503688928684], "aligned_model": [[-0.10349028481314557, -0.38533563609036386, 0.2871096578407903, 0.05566931441170485, -0.6159763742286413, -0.5933535230757759, -0.09302550198614278, -0.14243578890294561, 0.7247611403503245, 0.4685890970193988, -0.0931198769082962, 0.37478592679547734, -0.030412300196101555], [-0.33218399385228264, -0.4793693294298232, -0.4197961112493705, -0.5435843553077317, 0.17447419496008834, 0.010183366588511295, 0.688279744282871, 0.09062186175888208, 0.04790205427227873, 0.4433284779366295, 0.7229076438047568, 0.4031785902701151, 0.06911347966794931], [-0.7478046849786046, 0.26937396886988485, 0.38133720849568115, -0.23699801364597847, -0.35371775228158664, 0.19442198781803727, 0.3096283981855635, 0.7013289719306837, -0.0733715154184153, -0.4901158168734092, -0.3096047753447022, 0.5164012198398593, -0.06512449945383963]], "inverted": false, "swapped": true, "error_lsq": 0.04211778053623131, "error_max": 0.25256306264702993, "target": "340.xyz", "model": "17.xyz", "model_rescale": 3.901054581598922, "target_rescale": 4.105101754240258},
{"mapping": [3, 7, 1, 11, 9, 12, 13, 2, 6, 0, 10, 8, 5, 4, 14], "R": [[0.47355865594541124, -0.26927004709009683, -0.8385915818318673], [-0.38723245579466403, 0.7915096255317149, -0.47282506053494955], [0.7910709352254132, 0.5486402778057242, 0.2705561328280116]], "T": [0.04892568912472068, -0.04512587326003658, 0.04646104049485361], "aligned_model": [[-0.31008066604140483, -0.5008134716398337, -0.5191281228424842, 0.21370635177228042, 0.6245636548172631, -0.05583216725187628, 0.34021040860749313, 0.017762896505617028, -0.24663730661370015, -0.6235689496838093, 0.6597235571755806, 0.13583901713365507, 0.5499611191911324, 0.14830964735035984, 0.06627585689983818], [-0.6349107913843588, 0.09983933372434495, 0.23774940016408208, 0.4217873292156292, -0.10238139330733259, -0.18735455186905842, -0.6466737666843039, -0.8124236540891897, 0.6088685848924924, -0.36786429920010855, 0.4990020082587663, -0.15869359674214067, -0.3690671174438418, 0.4859942758591205, -0.047436398585332294], [-0.28014893610750863, -0.29478515755444806, 0.33452699792577595, -0.5792948092564894, -0.2690581494314635, -0.6751842314952865, -0.2377845266003042, 0.35308963974636576, -0.17412796540990888, 0.18464710236433132, 0.10394635224703236, 0.6945094165728876, 0.2311543406722953, 0.6240492899917225, -0.005475898135219037]], "inverted": true, "swapped": false, "error_lsq": 0.041669488239209726, "error_max": 0.22089193702298596, "target": "340.xyz", "model": "18.xyz", "model_rescale": 3.9405287249114394, "target_rescale": 4.105101754240258},
{"mapping": [5, 7, 0, 13, 14, 9, 11, 2, 4, 6, 12, 1, 10, 12, 15], "R": [[0.4267199935023609, -0.23319324392906815, 0.8738025853310252], [-0.9036702972373, -0.07157037822970677, 0.42220572574410586], [-0.03591714126145745, -0.9697930665589929, -0.24127031938825308]], "T": [0.03251728110999135, 0.006972346974835425, 0.01342278594369514], "aligned_model": [[-0.35905477819654996, -0.38859805788077406, -0.5082955952345513, 0.3689218357763725, 0.798324236656156, -0.19128355294031257, 0.36583312444348165, 0.014047875307297945, -0.31205644929899573, -0.4670481203155982, 0.30269077848888143, -0.03916370214353402, 0.5714971248124545, 0.30269077848888143, 0.041786327416901345], [-0.7037443289524591, 0.2457509738561101, 0.21880107389159228, 0.21050943885921686, 0.026994484121483947, -0.25089157711196497, -0.42998910149090086, -0.7888935309751014, 0.651850532192519, -0.39894388749372656, 0.4353731301010576, -0.04441451831850764, -0.5513976014403111, 0.4353731301010576, -0.029942854531296956], [-0.16772845387585283, -0.49772512567556276, 0.38128727347778674, -0.5313106104980226, -0.10005753366010633, -0.6739120889822615, -0.4526012939464177, 0.3621084156695539, 0.021552924839205345, 0.392830055095952, 0.22227228328637805, 0.6674416317689285, 0.1384338483976285, 0.22227228328637805, 0.02519985634619511]], "inverted": false, "swapped": false, "error_lsq": 0.04618303507673763, "error_max": 0.3098134380001174, "target": "340.xyz", "model": "19.xyz", "model_rescale": 4.410303926677745, "target_rescale": 4.105101754240258},
{"mapping": [6, 0, 5, 12, 3, 7, 4, 1, 9, 13, 11, 10, 8, 14], "R": [[0.7828304048657992, -0.4713062198667423, 0.40625977444557715], [-0.6083641365550383, -0.7168198573823119, 0.34067927646988594], [0.13065081159829006, -0.5138479728259364, -0.8478741806726895]], "T": [0.11672700264678831, -0.007842125676229486, 0.12834166281712361], "aligned_model": [[-0.2391281393336983, 0.11319513252636282, 0.33379769962573874, -0.6995896458941275, 0.2777072294972288, -0.42500531390526836, -0.35113679864882646, 0.8319304444242075, 0.17552989808564504, 0.009243498258569821, -0.3387773905653823, -0.0997741402770739, 0.6155392373618633, 0.05765617830563387], [-0.05257353854198076, -0.5875903974754134, -0.034954109871040355, -0.07145856098780747, 0.6205151102269599, -0.6854231142223388, 0.38440439847913455, 0.011646826044904976, -0.7005963900315123, 0.18737849529090578, -0.2546239866363327, 0.6282910501151511, 0.39018887938701685, -0.024256195596444326], [-0.5826635507448497, -0.36969782940417045, -0.5736331773052961, -0.10876336043681215, -0.14438455652291377, 0.21376381358298735, -0.15017497426085286, 0.014778300929715632, 0.2703097800359682, 0.7131438464140281, 0.6060191001126498, 0.42632969677220706, 0.47225949680411433, 0.12952845274824598]], "inverted": true, "swapped": true, "error_lsq": 0.047625890743869935, "error_max": 0.30501301942894204, "target": "340.xyz", "model": "20.xyz", "model_rescale": 4.121658175737393, "target_rescale": 4.105101754240258},
{"mapping": [7, 12, 6, 9, 5, 11, 4, 2, 10, 8, 3, 1, 14], "R": [[-0.7890558136117907, -0.4441401308584784, -0.42441779789076783], [0.4841031810123601, -0.02421870478357463, -0.8746756910262912], [0.3781997265191356, -0.8956299450663872, 0.23411955997146255]], "T": [0.07635123651036657, -0.07725532207085285, -0.03392697825758915], "aligned_model": [[0.16329784871662203, -0.24117622758702062, 0.24374351172701023, 0.49458219944840776, 0.5605964767975125, -0.25851979099257494, -0.3167611174924697, 0.4285550014680696, -0.6098216147505041, -0.060972603822478655, -0.1087119256233193, 0.5340718020485089, 0.0521993447265309], [-0.5177896427853165, 0.108547921758948, 0.49059746057876885, -0.5937742885421821, 0.4732753302139222, -0.5936370528465124, 0.3923668251644168, -0.5420142615840691, 0.052644840251895544, -0.14689899007636242, 0.5013952510826277, 0.001709287038627924, -0.08559577609158177], [0.7132387607695342, 0.7350282725244576, 0.49869412395119694, 0.21469364943929872, 0.021263342387861865, 0.30925311483639994, 0.2403777890368484, -0.39980625476610365, -0.26333446861314047, -0.7423150960365266, -0.38895117500262094, -0.5898486399368721, 0.021816320891455077]], "inverted": false, "swapped": true, "error_lsq": 0.04949265405912492, "error_max": 0.31185020368723515, "target": "340.xyz", "model": "21.xyz", "model_rescale": 4.08911054899281, "target_rescale": 4.105101754240258},
{"mapping": [15, 8, 5, 0, 4, 1, 2, 14, 6, 9, 7, 12, 3, 7, 16], "R": [[0.5291140817140209, -0.8352752579807976, -0.1495109759751458], [-0.12250213444081348, 0.09915872181931087, -0.9875022911085348], [0.8396615482379632, 0.5408167816296686, -0.049856725908888164]], "T": [-0.04216020407570416, -0.08786406973235529, -0.007222270127410916], "aligned_model": [[-0.24067220948648965, -0.5038074223780264, -0.6876231657883276, 0.41592651260499, 0.6111588553973449, -0.13729922794751917, 0.28159240361878113, 0.05723110163715514, -0.13194230999935536, -0.45079605312565446, 0.2555456626922588, 0.15257328234659506, 0.6216836245407676, 0.2555456626922588, 0.0011751085753320886], [-0.7525644510992661, 0.2314454972674158, 0.08555045396615212, 0.3973046161114066, -0.16439401330167364, -0.1343514131028671, -0.5419782703771081, -0.6073604636721602, 0.6388385043646538, -0.2714340704703331, 0.4673074588889534, -0.13133802432600555, -0.5891856414657369, 0.4673074588889534, -0.06871227886361517], [-0.23143958572244916, -0.41426681844641233, 0.21868483904747976, -0.4007286925103408, -0.23875965400804122, -0.7938517091322767, -0.4657180401810184, 0.35618858686408766, -0.14653009764641295, 0.5467329710814828, 0.3228564760978634, 0.7035226845306509, 0.24231104672040768, 0.3228564760978634, -0.011795017263101476]], "inverted": false, "swapped": false, "error_lsq": 0.04196294786297557, "error_max": 0.3313827648679673, "target": "340.xyz", "model": "22.xyz", "model_rescale": 4.204369325754507, "target_rescale": 4.105101754240258},
{"mapping": [5, 7, 0, 13, 14, 9, 11, 2, 4, 6, 12, 1, 10, 12, 15], "R": [[0.4267199935023609, -0.23319324392906815, 0.8738025853310252], [-0.9036702972373, -0.07157037822970677, 0.42220572574410586], [-0.03591714126145745, -0.9697930665589929, -0.24127031938825308]], "T": [0.03251728110999135, 0.006972346974835425, 0.01342278594369514], "aligned_model": [[-0.35905477819654996, -0.38859805788077406, -0.5082955952345513, 0.3689218357763725, 0.798324236656156, -0.19128355294031257, 0.36583312444348165, 0.014047875307297945, -0.31205644929899573, -0.4670481203155982, 0.30269077848888143, -0.03916370214353402, 0.5714971248124545, 0.30269077848888143, 0.041786327416901345], [-0.7037443289524591, 0.2457509738561101, 0.21880107389159228, 0.21050943885921686, 0.026994484121483947, -0.25089157711196497, -0.42998910149090086, -0.7888935309751014, 0.651850532192519, -0.39894388749372656, 0.4353731301010576, -0.04441451831850764, -0.5513976014403111, 0.4353731301010576, -0.029942854531296956], [-0.16772845387585283, -0.49772512567556276, 0.38128727347778674, -0.5313106104980226, -0.10005753366010633, -0.6739120889822615, -0.4526012939464177, 0.3621084156695539, 0.021552924839205345, 0.392830055095952, 0.22227228328637805, 0.6674416317689285, 0.1384338483976285, 0.22227228328637805, 0.02519985634619511]], "inverted": false, "swapped": false, "error_lsq": 0.04618303507673763, "error_max": 0.3098134380001174, "target": "340.xyz", "model": "23.xyz", "model_rescale": 4.410303926677745, "target_rescale": 4.105101754240258},
{"mapping": [5, 3, 0, 10, 9, 4, 8, 6, 1, 12, 11, 13, 15, 7, 16], "R": [[0.6094526497532049, 0.04331346636865058, 0.7916384347288409], [0.792606482325811, -0.056592233800759145, -0.6071015427822138], [0.018504915128188304, 0.9974573989422165, -0.06882082106111898]], "T": [0.1041430079930614, -0.05940972663218419, 0.0527403199785613], "aligned_model": [[-0.20845271791906517, -0.4630739371426361, -0.6362275943317062, 0.3355298469273807, 0.6816807275219066, -0.1399489363240634, 0.3881945287459756, 0.12090652536108619, -0.1339223374039708, -0.4922127956000576, 0.5345228607225299, 0.11987940289729726, 0.49546407438724716, -0.12820829254494748, 0.026160470083134935], [-0.5980720004000566, 0.2856800499392026, 0.07072633008273749, 0.23808912291943257, -0.11755231479554273, -0.27566084528339974, -0.3102463703764072, -0.6454969563653843, 0.7552588056997536, -0.354139100524753, 0.3878346694404933, -0.14834648483730403, -0.6536987415412732, 0.3879536238078772, 0.0041055750433926785], [-0.035173844913275014, -0.5542431788835566, 0.12555370502636015, -0.4780501392038383, -0.18282199787272668, -0.5535095867370884, -0.6767131596673613, 0.5365985981850132, -0.07365360123387427, 0.5040386541981741, 0.17710719320817134, 0.7498982954364333, -0.002055488157198228, 0.486110603343303, -0.01302258719875412]], "inverted": false, "swapped": false, "error_lsq": 0.04518967482099931, "error_max": 0.34857143701350357, "target": "340.xyz", "model": "24.xyz", "model_rescale": 4.28219845311461, "target_rescale": 4.105101754240258},
{"mapping": [2, 7, 4, 9, 11, 13, 14, 6, 3, 0, 5, 8, 10, 1, 15], "R": [[0.5751689021096872, 0.18368847887735826, -0.7971444516357494], [-0.11690304381059, 0.9829180518170181, 0.14214704274116163], [0.8096384454765947, 0.011430054241370058, 0.5868176390210872]], "T": [0.03244123441064022, -0.04746775884692468, -0.10127115940651983], "aligned_model": [[-0.33581895107426646, -0.3830872641763115, -0.6763903510475628, 0.26672334047655066, 0.5542772822471098, -0.1922888818173395, 0.32730542946842217, 0.08059853235979741, -0.2513471500481425, -0.491528804608326, 0.6119475318037761, 0.400707809807803, 0.6523217934332296, -0.04369145130404207, -0.01943704014058683], [-0.6225660312082644, 0.38322206706035533, 0.10456419179288641, 0.479452815267416, -0.08611224870300457, -0.20616857134113775, -0.7279741024936959, -0.7043651789904691, 0.6478510113609073, -0.3383160937005236, 0.44581334666507527, -0.09065427337075235, -0.4659468872754193, 0.2806079342047251, -0.0729726164593292], [-0.15053003983983776, -0.5986526492835113, -0.005915811013384911, -0.4538903410050324, -0.25183946228189813, -0.6277945529141967, -0.27479593465218366, 0.5138416668489676, 0.08857431855586655, 0.45227813050284155, 0.2809943022045172, 0.4856365942799971, 0.16392335494746896, 0.4431988146427573, -0.0549649254625884]], "inverted": true, "swapped": false, "error_lsq": 0.045741711562641, "error_max": 0.32324551750864655, "target": "340.xyz", "model": "25.xyz", "model_rescale": 4.100010024507729, "target_rescale": 4.105101754240258},
{"mapping": [11, 13, 3, 1, 12, 6, 4, 5, 2, 0, 9, 14], "R": [[0.3407183231610555, -0.3528360524720717, 0.8714457781974989], [-0.2594945375565364, 0.855608126342519, 0.44788092068647406], [-0.9036446255252328, -0.378736655491081, 0.19996233782088157]], "T": [-0.0046415283183584705, -0.07589113932019179, -0.01254419759027323], "aligned_model": [[-0.692751298776449, -0.3224060927164351, 0.4772089497464332, 0.6232005689536385, -0.5472666971818759, 0.06474681782145263, -0.09562634767594479, 0.5170711164696713, 0.12891079631486568, 0.04952454995021201, -0.2684823494565306, -0.057364411086031214], [-0.2154193744448409, -0.5884098508212399, -0.10180731389334477, -0.2884490607332427, 0.4921739010064201, 0.6953972155308893, 0.24154864209228674, 0.43918395809563704, -0.4752189210272253, 0.5261722110068777, -0.01217933163402607, -0.04686068512755147], [-0.07252826746599461, 0.15481063646085177, 0.4995842128191196, -0.30482120741193, 0.3183617552930782, 0.17309450035366378, 0.5716468133190334, -0.0685529793049022, -0.5571698563947647, -0.48025097189515764, -0.6681736846205487, -0.0008086612980926257]], "inverted": true, "swapped": true, "error_lsq": 0.05087163758399583, "error_max": 0.24601318358906246, "target": "340.xyz", "model": "26.xyz", "model_rescale": 3.6694154284099745, "target_rescale": 4.105101754240258},
