[{"mapping": [1, 8, 2, 4, 0, 5, 14, 7, 13, 11, 12, 15], "R": [[0.7603861750088599, 0.46082543641348667, -0.4576601162540991], [-0.6468284396204498, 0.6008333629687392, -0.46969377219827974], [0.05853062919164555, 0.6531762297404851, 0.754940380658258]], "T": [0.03527929140737898, -0.1454749562005327, -0.025569646115742237], "aligned_model": [[-0.26086850456752475, -0.01881683490089467, 0.34337884342893477, -0.08767878148777353, -0.08099027168425157, -0.5666994087543368, 0.39580977658803207, -0.13739526614579398, 0.683481404846509, 0.0284314577691724, -0.5246501497112595, 0.06364019707973535], [-0.38072642666738454, -0.6814003794959571, -0.14334434978534782, 0.6224252021322529, 0.3223871783505535, -0.4854524135919449, -0.057349301371384165, -0.5175883308255764, -0.025491593936914803, 0.36907328042339743, 0.027992029248353978, 0.0030301414970092533], [-0.600763530679918, -0.0663195699046397, -0.6442975760245621, -0.07925342586011218, -0.6722166896440187, 0.03778373070110476, 0.6395370599265522, 0.6396697891943237, 0.13804210179390403, 0.4763975584094616, 0.39435542178067556, -0.08098312433920815]], "inverted": false, "swapped": true, "error_lsq": 0.04803690964295248, "error_max": 0.2496584462609505, "target": "341.xyz", "model": "0.xyz", "model_rescale": 3.751011558992144, "target_rescale": 4.041292437649773},
{"mapping": [6, 0, 5, 12, 2, 8, 3, 4, 1, 9, 10, 13, 11, 7, 15], "R": [[-0.24110524822245233, 0.9273208728256317, -0.28625907514260274], [-0.01854149595502219, 0.290505478057409, 0.956693671007803], [0.9703218394982871, 0.23597153650503044, -0.05284847918450972]], "T": [0.004218907800115898, 0.08773016531094813, 0.023958029016039398], "aligned_model": [[0.1258446565879563, 0.11435891062750486, -0.4858963356587919, 0.09894099603873664, -0.1107570979479691, -0.4856045639053114, 0.580655923925876, 0.5888026787879775, -0.5222078445906599, -0.12426250429582554, -0.27124001823899907, 0.4104289032270891, 0.6262485185037318, -0.12614261782158798, 0.1199166058493072], [-0.036160916620712885, -0.5872883018665954, 0.42626008126180753, 0.6027506398386908, -0.5744332009723836, 0.2086657069716788, -0.5238544082444031, -0.12387747953272676, -0.2801989387130974, 0.40008083202368816, -0.20980107730807684, -0.0009388320545310469, 0.4119257999508339, 0.8464240817368988, -0.010796636643964769], [-0.7373920710880676, -0.4035758712755519, -0.3326386920461925, -0.47175405832589706, 0.18543347341355704, 0.21696209072047484, 0.13583044974682967, -0.4463134972393501, -0.22382781609420827, 0.6306014202903264, 0.7390309199673074, 0.5610446511381194, -0.13337667454782853, 0.15893130973675013, -0.029289229544292403]], "inverted": false, "swapped": true, "error_lsq": 0.03696585139576524, "error_max": 0.23183293872878652, "target": "341.xyz", "model": "1.xyz", "model_rescale": 3.9405287249114394, "target_rescale": 4.041292437649773},
{"mapping": [10, 13, 3, 12, 11, 2, 8, 7, 4, 0, 6, 1, 15], "R": [[0.12018332496256057, -0.5076801968537467, -0.8531217885644962], [-0.9886394307157632, 0.01693135871866014, -0.14934994183444383], [0.09026651890349652, 0.8613792119702457, -0.49987779381621233]], "T": [0.04262926808876488, 0.051778121917165056, 0.09267130706679579], "aligned_model": [[-0.3451098525024396, 0.03828359963404082, -0.4054753535100789, 0.5850600290072075, 0.5213159629053645, -0.6330948528309589, 0.026179607696833057, 0.7364736817170129, 0.0073341368243832195, -0.56330187020668, -0.014050711758673215, -0.43689178633363596, -0.02073931135844409], [0.7754126667559981, 0.42944061451934035, -0.08649616357116383, -0.3843666906226041, -0.24312866491154625, 0.15967240154575094, 0.3944892480208125, 0.30911161186460195, -0.5925930965245523, -0.46671781994827194, -0.7204550641823592, -0.07073919452917629, -0.04479725484481289], [0.05092062418013822, -0.4718487970821004, -0.6136665956153885, 0.2810735597710957, -0.35528727399299936, -0.004847211787462544, 0.5099020576383488, 0.34404309808763106, -0.344605808293951, -0.028057318640356835, 0.1938596663281549, 0.5711520713552379, -0.019517722359704226]], "inverted": true, "swapped": true, "error_lsq": 0.04560830467035793, "error_max": 0.2832033511331011, "target": "341.xyz", "model": "2.xyz", "model_rescale": 3.932901565614263, "target_rescale": 4.041292437649773},
{"mapping": [14, 13, 9, 11, 7, 5, 8, 12, 4, 6, 2, 3, 1, 15], "R": [[-0.6387637825265338, 0.3161262680770928, 0.7014592024943754], [0.24493588170557884, -0.7807120874913362, 0.5748869891535474], [0.7293745567165789, 0.5390295159604622, 0.4212599398683951]], "T": [0.10368163012742147, -0.15531840840098898, 0.03372663989876751], "aligned_model": [[-0.14678404547544993, 0.38503995200176966, 0.24657383090269624, -0.39234933447576303, -0.3734170076813785, -0.24549260034481513, 0.2430412184075031, -0.6073158544597219, -0.15022140101046366, -0.27361558983323353, 0.7390500047142151, 0.5006436005161266, 0.3741489428376687, 0.12050819595355029], [0.12216627283417497, 0.24547274316615353, -0.390584923858506, 0.33443585530347797, -0.5237167519488264, -0.719397161490524, -0.6624578309109351, -0.21824019650366233, 0.476901147652826, 0.01696680432629069, -0.056995144998284786, 0.5832096431745303, -0.5312028920388799, -0.013060926357346514], [-0.629888074548336, -0.43694812963814056, -0.6037042207354697, -0.14197736801030134, -0.46375494062947104, 0.2383462734237363, -0.0895272354781385, 0.13606071151073318, 0.4125445021853292, 0.6953612907177913, 0.2874857562623209, 0.1595371076357623, 0.543091994014268, 0.1072686963470135]], "inverted": true, "swapped": true, "error_lsq": 0.04000093456693626, "error_max": 0.2419408920287122, "target": "341.xyz", "model": "3.xyz", "model_rescale": 3.9243930471874484, "target_rescale": 4.041292437649773},
{"mapping": [14, 13, 9, 7, 8, 11, 12, 10, 1, 0, 5, 6, 15], "R": [[-0.6559534932645668, 0.5410087318659078, -0.5263407325287054], [-0.07604941087219481, 0.6464046275674205, 0.7591953270176369], [0.750960386292116, 0.5380247294542017, -0.3828679781801153]], "T": [-0.01881653382628247, 0.013259088610868233, -0.11236600806856306], "aligned_model": [[-0.04875697667769603, -0.11934712054642416, 0.4815123392257823, 0.4053357209905818, 0.5114466344394739, -0.4903061270317346, -0.16190158937425092, 0.4489609685655206, 0.16570339744237494, -0.5393368279999295, 0.3200453409896441, -0.5250171444333802, -0.17113272927860979], [-0.6142186905894542, -0.08896507082610379, -0.24468081594361146, -0.6343452105582463, 0.09122960986739158, -0.5265514597725733, -0.47703442735070584, 0.36834050079638575, 0.5704706055453731, 0.6036531469755222, -0.08663902446007458, 0.10738183305951324, 0.059188556938170586], [-0.5430520871305485, -0.7762745962809732, -0.5188443480274156, -0.004979281122784951, -0.044952532409095455, -0.16786366937159125, 0.39664064395559123, -0.687546934924516, 0.24730397485716515, 0.0638709527347015, 0.4852707328852676, 0.4747435632019031, -0.13724610299673934]], "inverted": true, "swapped": true, "error_lsq": 0.043930466115129754, "error_max": 0.27928750702396576, "target": "341.xyz", "model": "4.xyz", "model_rescale": 3.8936222436046832, "target_rescale": 4.041292437649773},
{"mapping": [10, 2, 8, 9, 5, 6, 4, 11, 14, 13, 7, 15], "R": [[-0.6086349195684141, -0.7572445566071357, -0.2369477076715722], [0.3394406010305666, 0.02142806451436924, -0.9403833879983079], [0.7171775324520131, -0.6527798400226763, 0.24399767909964118]], "T": [-0.19823998951141614, -0.048865898485279974, -0.03640783955528666], "aligned_model": [[0.07901842577470347, -0.42040783436768125, -0.2383881884945485, 0.334170626770049, -0.5596966984199845, -0.7690135623672305, -0.3611793273853271, 0.12717238267328468, 0.5225599686524902, 0.36767077322937897, 0.17065449800072374, -0.22501302185076127], [-0.5341559519271685, -0.6828329652043962, 0.08730897631132128, 0.02576453981692059, 0.49425823555195025, 0.10691268118390698, -0.17975326573163647, 0.17435852686703276, 0.12830344180622177, -0.41912610362505975, 0.6089198193589404, -0.14103502929822584], [-0.6391955590933067, -0.19913869623685004, -0.5576060092539938, -0.47578905191698967, -0.2737723271015727, 0.47324533714882616, 0.7145852085708448, 0.5644710991773303, 0.13439537287843584, 0.026704601730617034, -0.24150093835677444, 0.0928856817289516]], "inverted": true, "swapped": true, "error_lsq": 0.04479106583054024, "error_max": 0.23603515985352255, "target": "341.xyz", "model": "5.xyz", "model_rescale": 3.6523030999806103, "target_rescale": 4.041292437649773},
{"mapping": [12, 7, 9, 11, 13, 6, 8, 4, 1, 2, 10, 3, 15], "R": [[-0.11216040431050472, -0.9780864640995561, 0.17540499551076522], [-0.990225480076768, 0.09528671398716915, -0.10185254412267587], [0.0829068291013371, -0.18511431841636372, -0.9792135348357919]], "T": [0.002963514934608738, -0.02986013577488916, 0.06904509045919419], "aligned_model": [[-0.02304235626432987, 0.015479300030110818, 0.13079967037767998, 0.5637013153955187, 0.5580675315382718, -0.16369536988870026, -0.37149845965547723, 0.35846997225778593, -0.615191509600258, -0.12329728029438973, -0.03776256421017953, 0.5083056194734684, 0.0807470355047933], [-0.4996186586930817, 0.1815061937959357, 0.5979482046849716, -0.3815930410539771, 0.32194895070165314, -0.7898758646401144, 0.33093042152660557, -0.6877532792605797, -0.09240039515349258, 0.12771834901986961, 0.720124756340379, -0.16228705814067318, -0.12582167496431246], [0.6154876414459086, 0.8213721486857861, 0.33662913601759137, 0.34946430794503824, -0.10247951000414371, 0.002737429771718508, 0.2153714717201002, -0.15109818021081606, -0.22738003981283714, -0.5920005640963455, -0.26501440681455457, -0.5987297445742773, -0.034249950591379724]], "inverted": true, "swapped": true, "error_lsq": 0.05480105861872039, "error_max": 0.3163656710863839, "target": "341.xyz", "model": "6.xyz", "model_rescale": 4.08911054899281, "target_rescale": 4.041292437649773},
{"mapping": [7, 8, 5, 14, 11, 4, 12, 6, 13, 9, 3, 2, 0, 1, 15], "R": [[-0.42339308352167976, -0.8818517738294304, 0.20754697256257676], [-0.7629525996651613, 0.2235485784260972, -0.6065718125233345], [0.488509598155631, -0.41516681235084063, -0.7674600252992111]], "T": [0.029808707057509903, -0.1288810218589163, 0.010295425259257591], "aligned_model": [[0.008069607163193215, 0.2818753831949252, 0.6174580332655416, -0.5935426138769748, -0.36935301708297175, -0.11654515297513346, 0.24299931732484994, 0.42126967356219425, -0.6189314369653832, -0.26827090870590986, -0.45700791099725746, 0.05017217545117711, 0.24733689978458936, 0.6122270114452204, -0.021423520788506165], [-0.671264991586684, -0.5927065920216865, -0.34166853387434537, -0.3575332806102272, 0.16313867038653446, 0.6156692965604247, -0.00856918859131911, 0.5009867673407975, -0.20703628609733699, -0.7556697167698583, 0.42994516925843257, 0.0322089555775055, 0.5519147132589488, -0.0794184008930019, 0.020762234230929266], [-0.5519993494015158, 0.12488703816769833, -0.2919733648503824, -0.3628889359661969, -0.511405899618541, -0.16830093545520997, -0.6679550175637418, -0.23428723502314586, 0.1956566168449436, 0.029559148289810745, 0.42206433034803703, 0.6821506723276617, 0.38414651803055605, 0.3739396801278889, 0.04047676582421741]], "inverted": false, "swapped": true, "error_lsq": 0.043442057479853455, "error_max": 0.25145707722021443, "target": "341.xyz", "model": "7.xyz", "model_rescale": 3.964800864290218, "target_rescale": 4.041292437649773},
{"mapping": [8, 14, 10, 5, 2, 12, 1, 13, 11, 4, 6, 0, 3, 15], "R": [[0.514686651639977, 0.7067587553552506, -0.4853758464863354], [0.08572236387553672, -0.6056988839054427, -0.7910629168197], [-0.853082250990618, 0.3655419589655865, -0.3723301616581476]], "T": [-0.022096410172041437, -0.07569918365729092, -0.0575500324869075], "aligned_model": [[-0.24935007653602437, 0.4280446907557249, 0.3679056050436863, -0.6882222356753055, 0.19040173410208788, -0.4398872951962636, -0.44753820848618464, 0.6455543048301705, 0.1988906267022732, 0.10119826290790492, -0.4340338195781785, -0.06276253697979527, 0.6059137971673377, 0.04507304040343907], [-0.01783234319343635, -0.6835218957887947, 0.28750439611250267, -0.2111770366583254, 0.5810174446785386, -0.5817269025270818, 0.4598759220969125, -0.14705661211803264, -0.597167442038048, -0.0775961131800896, 0.01043353507318151, 0.52347923453427, 0.2885776156627049, -0.023861336473099466], [-0.5441815218128655, -0.14721514319746165, -0.6834200568629968, -0.19861318600561007, -0.09390843503851364, 0.24134051745751484, -0.13535336532835796, -0.15992889408241678, 0.38518401871316765, 0.712168171996879, 0.600237564975064, 0.48087124909099677, 0.3803270685879798, 0.07930705023164168]], "inverted": false, "swapped": true, "error_lsq": 0.03819942792446509, "error_max": 0.28418905261935884, "target": "341.xyz", "model": "8.xyz", "model_rescale": 4.121658175737393, "target_rescale": 4.041292437649773},
{"mapping": [7, 12, 11, 14, 5, 8, 6, 2, 4, 1, 9, 13, 15], "R": [[-0.30854143878189383, 0.5926042254410405, -0.7440580706798521], [0.7908445424592793, 0.5944654657342854, 0.1455187950461821], [0.5285518803455083, -0.543535686076585, -0.6520750476321602]], "T": [-0.02605537579441538, -0.022226892640142194, 0.06847430996912854], "aligned_model": [[-0.5564966915002422, -0.16218435530779993, 0.340340733534385, 0.062181332463566115, -0.57413175532961, -0.5237763028845563, 0.23342124601951694, 0.21187455938739083, 0.6327218123509842, -0.24038236207153652, -0.3732999939380396, 0.2966840959805995, 0.1297851777305387], [0.28318879410559805, -0.2850492883023605, 0.13092722359498057, 0.6118139187094157, -0.3988332689373286, 0.031198924979164218, -0.7054484020227626, -0.11040177570576876, -0.32191292890818296, -0.5224827419471304, 0.575597687727935, 0.5643244259763078, -0.06253512985815776], [-0.41751091776374893, -0.5890529715903388, -0.5307548305156585, -0.3442263382797984, -0.13091625366092666, 0.27150772409838153, -0.206618492059383, 0.7114118346397437, -0.2211326393785009, 0.4900224145137302, 0.13261137183548727, 0.1830499405751835, 0.0726845915449174]], "inverted": false, "swapped": true, "error_lsq": 0.04256590422400767, "error_max": 0.23797687969517425, "target": "341.xyz", "model": "9.xyz", "model_rescale": 3.833441315466971, "target_rescale": 4.041292437649773},
{"mapping": [2, 10, 5, 7, 9, 8, 13, 11, 6, 12, 0, 4, 3, 1, 15], "R": [[0.44017070954298043, -0.3596655055917948, 0.822733535567761], [0.47094304298947254, -0.687657843745337, -0.5525751896306329], [0.7645014040014873, 0.6306880481053313, -0.13330487334243402]], "T": [-0.12447463241977338, 0.021291268612140472, 0.0464966540759154], "aligned_model": [[0.19625669489754152, -0.3234158324042484, -0.5771732702424898, -0.7645216221755275, -0.6031269459292461, -0.5944147140488901, 0.04913077785177014, 0.12384815819174153, 0.2686605228116218, -0.2597838145403384, 0.5328881860294634, 0.5534344264921018, 0.6437824152729779, -0.1577207986789001, 0.036000834766954704], [-0.5873077648571914, -0.5930056651212057, 0.09567806307724827, 0.45953060929347794, -0.021148943364352753, -0.2425640895597262, 0.022867679556302832, 0.6801241432950669, 0.24869761554370776, 0.6176727735738943, -0.2724985993559096, 0.36431268768140607, -0.12391716897083188, -0.4818634705642181, 0.03452366906731035], [-0.02053137607790878, -0.4622207289541851, 0.5675602063029722, -0.04897325676756256, -0.4546793704965374, 0.08309824075131123, -0.6101535325486459, -0.09859948631769296, 0.6817343269003164, 0.42855602445358787, 0.4099902930187027, 0.22098706346901664, -0.28141550034375157, 0.5151380704392976, 0.04763093399317289]], "inverted": true, "swapped": true, "error_lsq": 0.04363665477746196, "error_max": 0.3488645743327597, "target": "341.xyz", "model": "10.xyz", "model_rescale": 4.2482417240324, "target_rescale": 4.041292437649773},
{"mapping": [6, 12, 8, 14, 0, 2, 1, 13, 11, 3, 4, 15], "R": [[-0.9017760956149372, -0.3193680060637978, -0.29121117780798467], [-0.35545211250210895, 0.16471426892321533, 0.9200668482946653], [-0.24587327853035937, 0.9332059184959794, -0.2620554227426091]], "T": [0.12746513123526443, -0.022340832581900998, 0.12456013861570903], "aligned_model": [[-0.6288874271219507, -0.15380047968313532, 0.35307869937178626, 0.6532144238892177, -0.5121828276977658, 0.04413295346483284, -0.2322633709858255, 0.5963057631041158, 0.09245922489452604, 0.012493065921812166, -0.3899854155732558, 0.04220099277864847], [-0.17353171249621302, -0.6771586222561672, -0.07913699443349573, -0.3110502131071537, 0.45969135249574333, 0.6509608998153101, 0.22054394006311745, 0.2611456129235238, -0.3656455948828419, 0.6033336923288364, 0.0232304157390747, 0.053748613860905216], [0.002626045039852379, 0.014777830565761346, 0.6120801078235106, -0.34485424876146414, 0.029368498572277746, 0.25675185540531975, 0.6588794889714532, -0.2768806269582458, -0.5060699286661628, -0.4359249867589967, -0.4566794694628187, 0.011117724083869768]], "inverted": true, "swapped": true, "error_lsq": 0.03921070700134411, "error_max": 0.24314351554149868, "target": "341.xyz", "model": "11.xyz", "model_rescale": 3.6694154284099745, "target_rescale": 4.041292437649773},
{"mapping": [13, 3, 0, 4, 11, 10, 9, 8, 6, 5, 1, 12, 2, 15], "R": [[-0.5868599398459579, 0.6405261270324922, 0.4952995978120257], [-0.7929990493158274, -0.3311225653798454, -0.5113808311625143], [-0.16354790976405853, -0.6928810340058571, 0.7022591785991706]], "T": [0.06967365176305332, -0.04909888991182683, 0.04410980389681172], "aligned_model": [[0.012633837270186452, -0.04808460932656125, -0.1277182432002262, 0.4838067701261527, 0.7263667467439913, -0.6112787245998267, -0.0667130932396254, -0.2257874274816493, 0.3971733607067275, 0.16428597292131786, -0.37953316509516655, 0.691718907940812, -0.5145414723109814, 0.09593598980065857], [-0.42681242647960077, 0.22574445877006227, 0.6903360389223473, 0.47540883012607366, -0.08603189065623247, -0.4744697327685115, -0.7290829923631159, -0.29144660877027784, 0.6500657780436343, 0.03534624612500782, 0.34814374117625274, 0.06662645031316548, 0.19280144390494747, 0.054357951792501344], [-0.5175037064438595, -0.7492532204000693, -0.21052407636047724, -0.3572088985838321, -0.2460073922800969, -0.1322285266373864, 0.07737979980779935, 0.4259125544374569, 0.1611931315035748, 0.7266742367685968, 0.3822019570029751, 0.38996552759749326, -0.23505151504140856, -0.07645441171835099]], "inverted": false, "swapped": true, "error_lsq": 0.04600781172926694, "error_max": 0.29985073363087017, "target": "341.xyz", "model": "12.xyz", "model_rescale": 3.9764082729961374, "target_rescale": 4.041292437649773},
{"mapping": [14, 4, 6, 13, 11, 7, 3, 2, 0, 9, 5, 10, 8, 12, 1, 15], "R": [[0.6699566518429386, -0.4488974091147988, -0.5913114244976339], [-0.10803452747753264, -0.8469571510679236, 0.5205690397321118], [-0.7344975326875551, -0.28487664057435064, -0.615920996663506]], "T": [0.0372766195260911, 0.05427701209780992, -0.07226314437897743], "aligned_model": [[-0.5008348407265961, 0.15964995199153922, 0.0913854451756057, 0.0037453565589593285, -0.6308292480133709, -0.18699810035136918, -0.7575650869698265, -0.043502538696697096, 0.38048059510394006, 0.5914837469003311, 0.7680891543445155, -0.219724509627905, -0.5089044815855311, 0.37471300119958406, 0.15955078770924405, -0.019740411753336434], [-0.04529092547073473, -0.652889054617509, -0.286491196412939, 0.33672024115872334, 0.42966389495702034, -0.49057899659727705, -0.2142732169497694, 0.07862043688066836, -0.34174676960838685, 0.0946052867682074, -0.3065891196681772, 0.8045443931367222, 0.28729816395729313, 0.5781473339248421, 0.5157223172867315, -0.03586880071756079], [-0.6547838064401068, -0.100629380768637, -0.7538847907154452, -0.6140952428637133, -0.28026299218180395, 0.4008821596616907, -0.004802908634044201, 0.7209213481401203, 0.43021484416673317, 0.15736093264110343, -0.2685093665878153, 0.058871044606381734, 0.3111950465925084, -0.20977717704550466, 0.34659224400132815, -0.08680499257674223]], "inverted": false, "swapped": false, "error_lsq": 0.04385548881377656, "error_max": 0.28036545043230254, "target": "341.xyz", "model": "13.xyz", "model_rescale": 4.170626492500431, "target_rescale": 4.041292437649773},
{"mapping": [12, 5, 6, 1, 11, 3, 0, 7, 14, 8, 9, 2, 13, 15], "R": [[-0.23577333115196608, -0.6676737629039013, -0.7061321991293491], [-0.01579811403869741, -0.723887592712573, 0.6897370315632014], [-0.9716796570425492, 0.17377715455876636, 0.16012540286641896]], "T": [-0.031128335972317053, -0.0006698118868158146, 0.11456144535153512], "aligned_model": [[0.27554537275986185, -0.03922949926371293, -0.36022537822585804, -0.6255199753103126, 0.41846924439872, -0.3135797932545883, -0.7246612232239701, 0.6254061573062842, 0.674405529864638, -0.035558601148864874, 0.40454993319606297, -0.5890484428511772, 0.22591143471343506, -0.0932817368688742], [-0.2607785787122261, -0.6562465817258412, -0.00921471370294278, -0.345619379508384, 0.3564630139512508, 0.7979306968748816, 0.3030916909052275, -0.4246872320921442, 0.27248092548437, -0.43576591354470934, -0.11727348377884159, 0.2337155097093079, 0.5101089586597429, 0.13186955540597464], [-0.48397301690856, -0.11375882825020053, -0.5935472463843157, 0.1546008152319313, -0.3179845238709355, 0.15046638060696946, -0.1634800459298626, 0.11480473634134473, 0.20245872083168606, 0.43467823900240077, 0.6424578801780733, 0.44854168436186365, 0.4811216654871207, 0.04748664042335099]], "inverted": true, "swapped": true, "error_lsq": 0.04778012139410361, "error_max": 0.24491845801569181, "target": "341.xyz", "model": "14.xyz", "model_rescale": 3.9786697098870705, "target_rescale": 4.041292437649773},
{"mapping": [6, 4, 5, 1, 12, 7, 3, 13, 8, 2, 11, 15], "R": [[-0.4557508432174695, 0.7509122744781678, -0.47793506352284953], [-0.1269237059823318, -0.5862785571702569, -0.8001048845383161], [-0.8810116581330103, -0.3039871863095324, 0.36250551553505694]], "T": [0.13086733582921986, 0.016976135496354162, 0.06874677609024082], "aligned_model": [[-0.19495561463383085, -0.5819791250806774, 0.5856398943279623, 0.4830329361998057, 0.04146874176113299, 0.4611530545398711, -0.5269659851134774, -0.1438744688612915, 0.6669575115260002, 0.12528767796143228, -0.4186787520581351, -0.013731273801456584], [-0.2310222293197269, -0.11759545863460871, 0.1155871583572233, -0.5302954223861561, 0.41594109015096414, 0.717717544389576, -0.36563928018526576, 0.1673250818696424, 0.03304544229536361, -0.5983580445320366, 0.46177049023253874, -0.053801882013075376], [-0.5961833058575053, -0.2165805767635206, -0.4464565464375322, -0.15568140419492424, -0.5252091928637383, -0.03469980225243807, 0.4425000747128761, 0.6714431558876723, 0.133183624283924, 0.383527396516117, -0.061387517390397384, 0.06551058823329614]], "inverted": true, "swapped": true, "error_lsq": 0.04588200098237808, "error_max": 0.24377752663008728, "target": "341.xyz", "model": "15.xyz", "model_rescale": 3.769337070930944, "target_rescale": 4.041292437649773},
{"mapping": [12, 14, 6, 4, 5, 8, 1, 10, 0, 3, 15], "R": [[0.3676166844277022, -0.9288221688108661, 0.046339530164459464], [-0.8667630622399244, -0.36026015272119677, -0.34486869428489697], [0.3370159747947461, 0.08661409288781838, -0.937506390189618]], "T": [0.014904987625018391, -0.09703403957261719, -0.05467408051493793], "aligned_model": [[-0.26293965625230553, -0.4842620093014105, -0.1763101670995032, -0.562541550525761, 0.36017752247516405, 0.484687261731993, 0.5739701707172048, 0.44594463665176914, 0.00787876934239431, -0.38313815874809554, -0.08084068830027898], [0.13494089321816416, -0.6564092836731388, 0.6427813999930263, 0.403034311753326, 0.09793782222603797, -0.30994328772778557, 0.29578166179249415, -0.6144069843759343, 0.5706957257903551, 0.04216305296456205, -0.010510814335764646], [-0.6783236785628817, -0.18901297165606246, -0.21562648920429428, 0.10075573851951541, -0.6245420714757718, -0.21522710443420867, 0.029211091433217963, 0.4167723709457636, 0.3977124575883011, 0.6808642160717222, 0.0416340479984754]], "inverted": false, "swapped": true, "error_lsq": 0.04366683627707997, "error_max": 0.206698281828552, "target": "341.xyz", "model": "16.xyz", "model_rescale": 3.7852294659196426, "target_rescale": 4.041292437649773},
{"mapping": [14, 3, 2, 13, 11, 4, 6, 0, 8, 7, 12, 1, 15], "R": [[0.6152469353092738, -0.7220502066819607, 0.3164090827126871], [-0.7241977510257369, -0.35909544593256704, 0.5887173159673119], [-0.31146239901761985, -0.5913492705170343, -0.7438395084002734]], "T": [0.15499206901585233, 0.06853469853935587, -0.03372325765461238], "aligned_model": [[-0.06576842794010734, -0.37270686610747955, 0.27163975117378425, -0.001131824086739286, -0.4481674281840436, -0.5861048105091369, -0.277669369707819, -0.17534791728204713, 0.6889600656435322, 0.3906104044373432, -0.0922509020739076, 0.501679837116354, 0.020023337736550517], [-0.17748953682530746, -0.50035467477656, -0.3388144015712108, -0.5457767328672486, 0.1470986868851112, 0.16241965782256051, 0.593462102830385, 0.06365601606012813, 0.12780240627384765, 0.35902323812846326, 0.6865957461938218, 0.269673142726694, 0.027759972822190143], [-0.7199099456653056, 0.30793370113438046, 0.5123666191744007, -0.27780846078406524, -0.41687358811245895, 0.1890598625407099, 0.3497491631852434, 0.7020876413283045, -0.09001290059238923, -0.71996576659243, -0.31088799447901094, 0.5259603082797694, 0.04405605772602609]], "inverted": false, "swapped": true, "error_lsq": 0.04392403376081626, "error_max": 0.2780008440381433, "target": "341.xyz", "model": "17.xyz", "model_rescale": 3.901054581598922, "target_rescale": 4.041292437649773},
{"mapping": [6, 0, 5, 12, 2, 8, 3, 4, 1, 9, 10, 13, 11, 7, 15], "R": [[-0.24110524822245233, 0.9273208728256317, -0.28625907514260274], [-0.01854149595502219, 0.290505478057409, 0.956693671007803], [0.9703218394982871, 0.23597153650503044, -0.05284847918450972]], "T": [0.004218907800115898, 0.08773016531094813, 0.023958029016039398], "aligned_model": [[0.1258446565879563, 0.11435891062750486, -0.4858963356587919, 0.09894099603873664, -0.1107570979479691, -0.4856045639053114, 0.580655923925876, 0.5888026787879775, -0.5222078445906599, -0.12426250429582554, -0.27124001823899907, 0.4104289032270891, 0.6262485185037318, -0.12614261782158798, 0.1199166058493072], [-0.036160916620712885, -0.5872883018665954, 0.42626008126180753, 0.6027506398386908, -0.5744332009723836, 0.2086657069716788, -0.5238544082444031, -0.12387747953272676, -0.2801989387130974, 0.40008083202368816, -0.20980107730807684, -0.0009388320545310469, 0.4119257999508339, 0.8464240817368988, -0.010796636643964769], [-0.7373920710880676, -0.4035758712755519, -0.3326386920461925, -0.47175405832589706, 0.18543347341355704, 0.21696209072047484, 0.13583044974682967, -0.4463134972393501, -0.22382781609420827, 0.6306014202903264, 0.7390309199673074, 0.5610446511381194, -0.13337667454782853, 0.15893130973675013, -0.029289229544292403]], "inverted": false, "swapped": true, "error_lsq": 0.03696585139576524, "error_max": 0.23183293872878652, "target": "341.xyz", "model": "18.xyz", "model_rescale": 3.9405287249114394, "target_rescale": 4.041292437649773},
{"mapping": [14, 11, 10, 3, 12, 9, 13, 8, 5, 6, 2, 0, 7, 1, 0, 15], "R": [[0.5351503020792445, -0.44767632630313603, -0.716379830154522], [-0.74149166514839, -0.6552290957644106, -0.14444702343496418], [-0.40472739553922155, 0.608490541365666, -0.6825943131674608]], "T": [-0.1528411294203995, 0.10089145626406049, -0.050448685052377665], "aligned_model": [[-0.45918892970264524, -0.19501553562042057, 0.1836187304403818, 0.05826021262894032, -0.4323274470770333, -0.29678123035712106, -0.7251323588119731, 0.17067507542293775, 0.3913934636175572, 0.5227154883862863, 0.657620433714774, 0.062234262423986275, -0.5098444041172093, 0.29133879453279077, 0.062234262423986275, -0.1208019966461513], [-0.18701698373019005, -0.6071304082122745, -0.33447515385635385, 0.35178182909039524, 0.4491569062933663, -0.48241266092973223, -0.2427301781233306, 0.1562581529809644, -0.3780767820498267, 0.24382819853242121, -0.17281586501048807, 0.6529624511279944, 0.023347575948248628, 0.5437571591116344, 0.6529624511279944, 0.08219729572703154], [-0.700832200770982, -0.17749025614210578, -0.6118351067275449, -0.8365268230781058, -0.3678406143259702, 0.4270944032272369, -0.12619013020882042, 0.6311259254154561, 0.35656578297814445, 0.23499097484007603, -0.20394669798495324, 0.2983126235942115, 0.5513495846548924, -0.25561590557676145, 0.2983126235942115, -0.0649872214929319]], "inverted": false, "swapped": false, "error_lsq": 0.04035602463826174, "error_max": 0.4035513335751771, "target": "341.xyz", "model": "19.xyz", "model_rescale": 4.410303926677745, "target_rescale": 4.041292437649773},
{"mapping": [8, 14, 10, 5, 2, 12, 1, 13, 11, 4, 6, 0, 3, 15], "R": [[0.514686651639977, 0.7067587553552506, -0.4853758464863354], [0.08572236387553672, -0.6056988839054427, -0.7910629168197], [-0.853082250990618, 0.3655419589655865, -0.3723301616581476]], "T": [-0.022096410172041437, -0.07569918365729092, -0.0575500324869075], "aligned_model": [[-0.24935007653602437, 0.4280446907557249, 0.3679056050436863, -0.6882222356753055, 0.19040173410208788, -0.4398872951962636, -0.44753820848618464, 0.6455543048301705, 0.1988906267022732, 0.10119826290790492, -0.4340338195781785, -0.06276253697979527, 0.6059137971673377, 0.04507304040343907], [-0.01783234319343635, -0.6835218957887947, 0.28750439611250267, -0.2111770366583254, 0.5810174446785386, -0.5817269025270818, 0.4598759220969125, -0.14705661211803264, -0.597167442038048, -0.0775961131800896, 0.01043353507318151, 0.52347923453427, 0.2885776156627049, -0.023861336473099466], [-0.5441815218128655, -0.14721514319746165, -0.6834200568629968, -0.19861318600561007, -0.09390843503851364, 0.24134051745751484, -0.13535336532835796, -0.15992889408241678, 0.38518401871316765, 0.712168171996879, 0.600237564975064, 0.48087124909099677, 0.3803270685879798, 0.07930705023164168]], "inverted": false, "swapped": true, "error_lsq": 0.03819942792446509, "error_max": 0.28418905261935884, "target": "341.xyz", "model": "20.xyz", "model_rescale": 4.121658175737393, "target_rescale": 4.041292437649773},
{"mapping": [12, 7, 9, 11, 13, 6, 8, 4, 1, 2, 10, 3, 15], "R": [[-0.11216040431050472, -0.9780864640995561, 0.17540499551076522], [-0.990225480076768, 0.09528671398716915, -0.10185254412267587], [0.0829068291013371, -0.18511431841636372, -0.9792135348357919]], "T": [0.002963514934608738, -0.02986013577488916, 0.06904509045919419], "aligned_model": [[-0.02304235626432987, 0.015479300030110818, 0.13079967037767998, 0.5637013153955187, 0.5580675315382718, -0.16369536988870026, -0.37149845965547723, 0.35846997225778593, -0.615191509600258, -0.12329728029438973, -0.03776256421017953, 0.5083056194734684, 0.0807470355047933], [-0.4996186586930817, 0.1815061937959357, 0.5979482046849716, -0.3815930410539771, 0.32194895070165314, -0.7898758646401144, 0.33093042152660557, -0.6877532792605797, -0.09240039515349258, 0.12771834901986961, 0.720124756340379, -0.16228705814067318, -0.12582167496431246], [0.6154876414459086, 0.8213721486857861, 0.33662913601759137, 0.34946430794503824, -0.10247951000414371, 0.002737429771718508, 0.2153714717201002, -0.15109818021081606, -0.22738003981283714, -0.5920005640963455, -0.26501440681455457, -0.5987297445742773, -0.034249950591379724]], "inverted": true, "swapped": true, "error_lsq": 0.05480105861872039, "error_max": 0.3163656710863839, "target": "341.xyz", "model": "21.xyz", "model_rescale": 4.08911054899281, "target_rescale": 4.041292437649773},
{"mapping": [9, 12, 14, 15, 11, 7, 5, 0, 13, 4, 3, 8, 6, 2, 1, 16], "R": [[0.3410795091443163, -0.8757286734727528, 0.34170756342159764], [-0.929443421560438, -0.2597548361848979, 0.26203501902719595], [-0.1407113874563761, -0.40697262258806766, -0.9025373066549062]], "T": [-0.0765203457677236, 0.043349526419902126, -0.0385663270866548], "aligned_model": [[-0.4558902992424042, -0.03379404615494099, 0.17692760503425053, 0.10817443329285903, -0.4568934651013018, -0.14639956285729977, -0.7591339343878579, 0.1720854607108542, 0.32890255829919285, 0.5688525623885964, 0.6776290637650839, -0.5396076255718212, -0.46403977315895906, 0.5074760606339861, 0.02391649794411463, -0.047206714335265756], [-0.314387446626228, -0.6741847209031221, -0.23861403987103685, 0.4285277812343794, 0.6124703105782897, -0.45315332950611936, 0.005436421410936594, 0.18423591521495541, -0.4392626125328763, 0.06752018089013422, -0.3125919776159824, 0.5139742798734748, 0.07763073176704778, 0.44740976912410557, 0.8158377780893197, 0.030744946900575984], [-0.5240045910079588, -0.20675839965270942, -0.5563339095653562, -0.6293561107661033, -0.38107304729201524, 0.4658124959082108, -0.2127224037761836, 0.6814514342336473, 0.1600482701150871, 0.22449597494100915, -0.2811423710408507, 0.1731517183900562, 0.5972147837570732, -0.16870988992770397, 0.11365956665015237, -0.0032465589703011763]], "inverted": false, "swapped": false, "error_lsq": 0.042900510019301744, "error_max": 0.3367320645357998, "target": "341.xyz", "model": "22.xyz", "model_rescale": 4.204369325754507, "target_rescale": 4.041292437649773},
{"mapping": [14, 11, 10, 3, 12, 9, 13, 8, 5, 6, 2, 0, 7, 1, 0, 15], "R": [[0.5351503020792445, -0.44767632630313603, -0.716379830154522], [-0.74149166514839, -0.6552290957644106, -0.14444702343496418], [-0.40472739553922155, 0.608490541365666, -0.6825943131674608]], "T": [-0.1528411294203995, 0.10089145626406049, -0.050448685052377665], "aligned_model": [[-0.45918892970264524, -0.19501553562042057, 0.1836187304403818, 0.05826021262894032, -0.4323274470770333, -0.29678123035712106, -0.7251323588119731, 0.17067507542293775, 0.3913934636175572, 0.5227154883862863, 0.657620433714774, 0.062234262423986275, -0.5098444041172093, 0.29133879453279077, 0.062234262423986275, -0.1208019966461513], [-0.18701698373019005, -0.6071304082122745, -0.33447515385635385, 0.35178182909039524, 0.4491569062933663, -0.48241266092973223, -0.2427301781233306, 0.1562581529809644, -0.3780767820498267, 0.24382819853242121, -0.17281586501048807, 0.6529624511279944, 0.023347575948248628, 0.5437571591116344, 0.6529624511279944, 0.08219729572703154], [-0.700832200770982, -0.17749025614210578, -0.6118351067275449, -0.8365268230781058, -0.3678406143259702, 0.4270944032272369, -0.12619013020882042, 0.6311259254154561, 0.35656578297814445, 0.23499097484007603, -0.20394669798495324, 0.2983126235942115, 0.5513495846548924, -0.25561590557676145, 0.2983126235942115, -0.0649872214929319]], "inverted": false, "swapped": false, "error_lsq": 0.04035602463826174, "error_max": 0.4035513335751771, "target": "341.xyz", "model": "23.xyz", "model_rescale": 4.410303926677745, "target_rescale": 4.041292437649773},
{"mapping": [2, 3, 4, 5, 12, 1, 0, 11, 10, 9, 8, 13, 7, 15, 14, 16], "R": [[-0.2594330126349255, 0.48779544391475915, -0.8335167165997152], [0.2533454579641187, -0.7984671584398314, -0.5461375978835116], [-0.9319391562136005, -0.3528537966198243, 0.08356798027269863]], "T": [0.0035509713501117174, 0.14271701169850015, 0.030183660323936275], "aligned_model": [[-0.3562133804355113, -0.21532672862955426, 0.19488409853146127, -0.05119326251208421, -0.634544019398655, -0.3402428983537108, -0.6611524997861413, 0.15743497435317916, 0.39292862091207353, 0.6066059898597657, 0.6915795475622563, -0.33549847701120356, -0.5372693509963044, 0.5070273089177132, 0.2824393340195687, -0.04046043577376587], [-0.3500720462408224, -0.6916245938385175, -0.2658832883481915, 0.2898262247446095, 0.4669143381563169, -0.4975190488236161, -0.1089149968115598, 0.11270818360795368, -0.35709209401233255, 0.17914036254702653, -0.17376549900352545, 0.7247714696333514, 0.13855787658228486, 0.5669223475107459, 0.6855586060000727, 0.032066146324057576], [-0.648508100888711, -0.22519375127619762, -0.4897411440813828, -0.5788844653596593, -0.33574899889444054, 0.48651567928768324, -0.22523058915869754, 0.6434867423862611, 0.1797157643877615, 0.1957673787012883, -0.2894445080055859, 0.23129234584793643, 0.41674151784917346, -0.24527160176536145, 0.32291950486353443, 0.014071188102450713]], "inverted": true, "swapped": false, "error_lsq": 0.031928951188147925, "error_max": 0.20283084775411606, "target": "341.xyz", "model": "24.xyz", "model_rescale": 4.28219845311461, "target_rescale": 4.041292437649773},
{"mapping": [10, 14, 11, 5, 8, 2, 6, 4, 13, 7, 9, 1, 0, 9, 3, 15], "R": [[0.7363152277946824, -0.5611265182543566, 0.3781228845618959], [-0.32897766869440925, -0.7852076473887556, -0.5246166638438087], [0.5912813026115886, 0.26188925329986246, -0.7627584415711071]], "T": [0.029103531527143837, -0.007994418545254268, -0.014947499611441654], "aligned_model": [[-0.44225896439518764, -0.2329933347631501, 0.11882262084919878, -0.00415963510324429, -0.479462971248654, -0.2596969632942166, -0.854595436017371, 0.05395579317753698, 0.3680553981897553, 0.6921584740166528, 0.6184961762915533, -0.21980055784236244, -0.5800251766270401, 0.6184961762915533, 0.286392041165237, -0.02238481943117395], [-0.24396185577851948, -0.6839661315352286, -0.17124685301854733, 0.5643526037327335, 0.268180629873082, -0.4701405670197922, -0.18406590758069605, 0.2305122883603151, -0.42422481119950634, 0.08511323023034498, 0.1922142138584834, 0.5810378887532825, 0.12425000158089503, 0.1922142138584834, 0.688523723235095, 0.0028013206774294003], [-0.6081098591988598, -0.24842576586514853, -0.52658819277253, -0.6447039039054999, -0.3983969901761679, 0.39953438905078614, -0.03144296779585118, 0.67580968556844, 0.23957234097829133, 0.38158133254321874, -0.27839862921142927, 0.016118464084704073, 0.5113868069691953, -0.27839862921142927, 0.20575693133384498, 0.03719194960448827]], "inverted": false, "swapped": false, "error_lsq": 0.04612605263428116, "error_max": 0.3954570504233402, "target": "341.xyz", "model": "25.xyz", "model_rescale": 4.100010024507729, "target_rescale": 4.041292437649773},
{"mapping": [6, 12, 8, 14, 0, 2, 1, 13, 11, 3, 4, 15], "R": [[-0.9017760956149372, -0.3193680060637978, -0.29121117780798467], [-0.35545211250210895, 0.16471426892321533, 0.9200668482946653], [-0.24587327853035937, 0.9332059184959794, -0.2620554227426091]], "T": [0.12746513123526443, -0.022340832581900998, 0.12456013861570903], "aligned_model": [[-0.6288874271219507, -0.15380047968313532, 0.35307869937178626, 0.6532144238892177, -0.5121828276977658, 0.04413295346483284, -0.2322633709858255, 0.5963057631041158, 0.09245922489452604, 0.012493065921812166, -0.3899854155732558, 0.04220099277864847], [-0.17353171249621302, -0.6771586222561672, -0.07913699443349573, -0.3110502131071537, 0.45969135249574333, 0.6509608998153101, 0.22054394006311745, 0.2611456129235238, -0.3656455948828419, 0.6033336923288364, 0.0232304157390747, 0.053748613860905216], [0.002626045039852379, 0.014777830565761346, 0.6120801078235106, -0.34485424876146414, 0.029368498572277746, 0.25675185540531975, 0.6588794889714532, -0.2768806269582458, -0.5060699286661628, -0.4359249867589967, -0.4566794694628187, 0.011117724083869768]], "inverted": true, "swapped": true, "error_lsq": 0.03921070700134411, "error_max": 0.24314351554149868, "target": "341.xyz", "model": "26.xyz", "model_rescale": 3.6694154284099745, "target_rescale": 4.041292437649773},
