[{"mapping": [5, 7, 6, 2, 8, 1, 11, 4, 9, 10, 3, 12], "R": [[0.15394295664867155, -0.08303729696702936, -0.9845843658167011], [0.9458933539467799, -0.2756733796725301, 0.17114307084786537], [-0.2856349576952682, -0.9576580783621755, 0.0361064521946971]], "T": [-0.14293333088893292, -0.06329824723342459, 0.040180193575151305], "aligned_model": [[-0.3496051149224597, 0.36389506278354933, 0.28163380028104334, -0.1349280770502796, -0.013447761660289576, -0.6109700874517848, 0.4207623712938199, -0.26824282388743065, 0.632743753393485, 0.03308951391688125, -0.4721770605965152, -0.04511111363946958], [-0.31628602530320027, -0.7023764062046378, -0.37219846421231423, 0.5898397810359297, 0.34400419111907327, -0.4735843278796995, -0.15948243982506138, -0.5329282955531005, 0.13977499544154506, 0.4530521126591882, 0.13997225164950025, -0.056232336950165523], [-0.6479819810169064, 0.027395412445863913, -0.5390489036593734, 0.011604191528784131, -0.5756567037690188, -0.0435077803378594, 0.519978534359004, 0.6132302280781096, -0.15516981951814907, 0.655187815905902, 0.27521494877790287, 0.04070580255930348]], "inverted": true, "swapped": true, "error_lsq": 0.0426248562973928, "error_max": 0.239679005390721, "target": "343.xyz", "model": "0.xyz", "model_rescale": 3.751011558992144, "target_rescale": 4.061587268191125},
{"mapping": [13, 2, 9, 5, 8, 3, 7, 1, 12, 6, 10, 4, 14], "R": [[0.5558817431166224, 0.3316542920332316, 0.7622341623448544], [0.599465666302943, 0.4753094309477862, -0.6439890214716868], [-0.5758788089464609, 0.8149149498125727, 0.06540047383909323]], "T": [-0.007364967172987182, -0.025735011583013598, 0.1043475491847235], "aligned_model": [[-0.18984891880761756, 0.5012806705324979, -0.5184867334086392, 0.013876091876574874, 0.5242985188372162, 0.07395055952613849, -0.0795138158433889, 0.4068457397481003, -0.5115559654101524, -0.2572808311715085, -0.4143485629056013, 0.2582756169679252, -0.057713892438240204], [-0.25225014899974746, -0.21966731464794342, 0.17226068360123337, 0.28121212354551556, 0.34720660219397914, -0.7232929331729748, -0.5346492909801142, -0.13264017215234597, -0.5671089324378137, -0.0617614722796221, 0.6756600217126941, 0.6055642276399542, -0.04382087215200376], [-0.5611542901947533, -0.5180735133278018, -0.2613598011692834, -0.43917643431780956, -0.0322787385375283, -0.1959966211557585, 0.5232482816482866, 0.6545169107011701, 0.035931036615587025, 0.8114330463643002, 0.22626189699303623, 0.4999108444025497, 0.09244377602322117]], "inverted": true, "swapped": false, "error_lsq": 0.04073421868361109, "error_max": 0.1958197455625967, "target": "343.xyz", "model": "1.xyz", "model_rescale": 3.9405287249114394, "target_rescale": 4.061587268191125},
{"mapping": [10, 6, 8, 3, 7, 11, 5, 0, 9, 2, 4, 1, 12], "R": [[0.23004461283295222, 0.7958246805114524, 0.5601272658917634], [0.8727605145379809, 0.08592617933982533, -0.4805265611466854], [-0.4305444929039694, 0.599399507501387, -0.6747975029867543]], "T": [0.01792595346720928, 0.006727399583065695, 0.07841642899519513], "aligned_model": [[-0.3630227185434726, 0.5244512783805161, -0.6993630527700824, 0.03907970999892636, 0.513408573109765, 0.13258222631651712, -0.08959669907029301, 0.5889183895612903, -0.5937659019561091, -0.2218087289425244, -0.2808774133153851, 0.23176637736941846, -0.03199356263526132], [-0.26616049256276375, -0.13287026363969423, 0.10824978581596534, 0.22235442198330227, 0.5419619948390497, -0.6685411444188663, -0.5787013257682736, -0.2995582077679594, -0.47636211322417055, -0.07626745709788565, 0.6390703436619157, 0.5077393644230739, 0.025797615627117618], [-0.6229375664492414, -0.06050902235781502, -0.19704583109583645, -0.4505988679143516, -0.23292061478445952, -0.11774835279551901, 0.4952957485848753, 0.6104754040429239, -0.12855869925577287, 0.710720757096801, 0.027872676108325334, 0.6532952132190903, 0.1483655496461963]], "inverted": false, "swapped": false, "error_lsq": 0.05256131234475365, "error_max": 0.3529994861083575, "target": "343.xyz", "model": "2.xyz", "model_rescale": 3.932901565614263, "target_rescale": 4.061587268191125},
{"mapping": [9, 7, 12, 5, 4, 8, 3, 0, 10, 1, 6, 2, 13], "R": [[0.8892847227120825, -0.017568820536033383, 0.4570164313193428], [-0.1503054834228037, 0.9325309357038211, 0.32832044652807346], [-0.4319501633336098, -0.3606624328930432, 0.8266448245139743]], "T": [-0.02705976347725398, -0.1805398023535965, 0.11009985360013981], "aligned_model": [[-0.10820124760060804, 0.5116664915175515, -0.582086482851107, -0.04762466436631715, 0.5556817280822599, 0.010310861029757278, 0.2105054976891145, 0.4462452167647792, -0.7263697680564448, -0.20836285189004747, -0.329963382386537, 0.12248306730351957, -0.10450598773261566], [-0.29206765646607485, -0.21652618035857502, 0.10907680096995365, 0.3021528770947825, 0.470168305152125, -0.8484672051877262, -0.581805231307924, -0.06961699439604194, -0.07239960754138353, -0.06870865330646052, 0.43167554638557476, 0.4990885714297629, -0.1158580505972019], [-0.6115444747917422, -0.3570420414644079, -0.32716136583277866, -0.42223889918142726, 0.09534460439550892, -0.1919980551961959, 0.3180283997266246, 0.5712168186924113, 0.22152990368835085, 0.8196008086008597, 0.09852293252442543, 0.5682942102752948, 0.05315355260829267]], "inverted": true, "swapped": false, "error_lsq": 0.05745220624646165, "error_max": 0.44342068570734217, "target": "343.xyz", "model": "3.xyz", "model_rescale": 3.9243930471874484, "target_rescale": 4.061587268191125},
{"mapping": [2, 3, 1, 0, 6, 4, 8, 10, 7, 9, 5, 11, 12], "R": [[-0.3334244428910432, 0.4421616006203633, -0.8326591498444222], [0.8361054352293633, 0.546764140177361, -0.04445982676561233], [0.4356097359595106, -0.7110148338487388, -0.5519982463598375]], "T": [0.02166676759693654, -0.049573770032200835, 0.17277855083366245], "aligned_model": [[-0.15642890725847575, 0.4489730341086099, -0.6533247973710244, -0.2310741636043141, 0.5044412536113025, 0.10934383245882831, -0.10993779955550742, 0.6033907861511844, -0.5058797723699127, -0.33694273113738976, -0.14363482230843794, 0.2418971116289997, -0.021044546850557226], [-0.3780619338614674, -0.06434929623843466, 0.11427991263588591, 0.24585936490756435, 0.4708496023041879, -0.5845521297882661, -0.5363018185715347, -0.2951671621897911, -0.5712805748291582, 0.0374744363262332, 0.6399612842491034, 0.4265844638383489, 0.0414163730881397], [-0.670780544390525, -0.34697563028454415, 0.006349413118256486, -0.5836364396548782, 0.04009537964644713, -0.0690440211690147, 0.5497565522952027, 0.48648027458496357, -0.13125338319585944, 0.77403492623784, -0.09337909618576345, 0.765151755217787, 0.10890720782530403]], "inverted": true, "swapped": false, "error_lsq": 0.05386194974967959, "error_max": 0.27220839416598663, "target": "343.xyz", "model": "4.xyz", "model_rescale": 3.8936222436046832, "target_rescale": 4.061587268191125},
{"mapping": [0, 1, 8, 2, 6, 7, 4, 11, 10, 3, 9, 12], "R": [[-0.628699382111021, 0.7433984285659532, -0.2282451825097127], [-0.3939949917617551, -0.05145339019310913, 0.9176712347590996], [0.6704513654247228, 0.6668667970766781, 0.3252439723604693]], "T": [-0.09771233032142418, -0.11125680936438825, -0.056162492067592634], "aligned_model": [[-0.046289113890870315, -0.45606145708412815, -0.09760106765611974, 0.43408388640074175, -0.6980147701356139, -0.6741644743869968, -0.17350294080817388, 0.04366725825575249, 0.656148896691195, 0.2216229037286489, -0.08436182172524931, -0.0979792571740887], [-0.7339080311138659, -0.6268608248651935, 0.21513973975047146, 0.03356630994977744, 0.34698165025328015, 0.24900683307279597, -0.43785880053139725, 0.31692674420913985, 0.041827819559985796, -0.43217212237816904, 0.7123094758330413, -0.016035888630059184], [-0.5262469324990544, -0.04453696018842762, -0.7309825817236284, -0.40785696735212296, -0.2582452347325437, 0.39480579736669175, 0.6163165902033089, 0.5387167795208897, 0.2338279532470772, -0.05635114132446191, -0.10750103892355772, -0.03266154431865212]], "inverted": false, "swapped": true, "error_lsq": 0.048310804359568534, "error_max": 0.22351863106989814, "target": "343.xyz", "model": "5.xyz", "model_rescale": 3.6523030999806103, "target_rescale": 4.061587268191125},
{"mapping": [0, 7, 2, 3, 11, 5, 8, 9, 1, 6, 4, 10, 12], "R": [[-0.12338677115807689, 0.4898759400181464, 0.8630163776513875], [-0.7726995245334759, -0.593104520829311, 0.22619122917914922], [0.6226645561527693, -0.6389433392431377, 0.4517081577167982]], "T": [-0.02034327557529477, -0.059849738749945806, 0.14191482073313463], "aligned_model": [[-0.27452667833873384, 0.49758433879204406, -0.6591354796822024, -0.07323845687445654, 0.6091703326769901, 0.0927617270452056, 0.08610062189809739, 0.581079397936037, -0.6318499562918947, -0.3988798052187801, -0.099671335036013, 0.015407479922806035, 0.004976290674205609], [-0.4302905030548419, -0.0869889355711059, 0.3432287539908374, 0.11194306074793492, 0.5263946163994784, -0.6821557019408596, -0.592118715139399, -0.04519207652668921, -0.3117507486007258, -0.13772531655994266, 0.499649114360628, 0.44790470640047064, -0.09618573263497388], [-0.7442726133909905, -0.30286884574849704, 0.06652329023284956, -0.5291515223239356, -0.044093717301020324, -0.11076299100741036, 0.5407412693677365, 0.5428372520153875, -0.07017083806671534, 0.6646671064080376, 0.0429214155130546, 0.7331680224820141, 0.04616856586470573]], "inverted": true, "swapped": false, "error_lsq": 0.05394892034772687, "error_max": 0.3445687452480106, "target": "343.xyz", "model": "6.xyz", "model_rescale": 4.08911054899281, "target_rescale": 4.061587268191125},
{"mapping": [0, 2, 3, 6, 7, 1, 11, 12, 9, 10, 4, 5, 14], "R": [[0.9084139566396476, 0.41489979723378223, 0.05140273959300928], [-0.2738011616167977, 0.6833343136086045, -0.6768213499457223], [-0.31593829663336576, 0.6007598306315294, 0.7343504739700135]], "T": [0.0024319896758842607, -0.04709312619111406, 0.1513586589430321], "aligned_model": [[-0.2517187824022958, 0.48029990058062905, -0.5783467860452054, 0.02334200892586644, 0.625766176420117, 0.0613235423703445, -0.018855316373804047, 0.43587897034865253, -0.5817110103896976, -0.18651434648698167, -0.3593889078686089, 0.18883655049729275, -0.08913352207300396], [-0.18092088416313012, -0.1794498565727113, 0.17330002219765733, 0.199707595913743, 0.3672320749786484, -0.681407739255073, -0.49503356525959175, -0.09279864419957412, -0.5531293592526669, 0.019944130980281576, 0.5572695534195217, 0.59666130690445, -0.18466211382074355], [-0.7442716773855991, -0.4844585309327075, -0.33912509214457576, -0.2819947085493204, -0.0463231152522455, -0.21212836356279377, 0.5300765969991044, 0.715306031115681, 0.019975272584460108, 0.843514845582687, 0.17745232285219595, 0.5137600926572422, 0.14392272008108747]], "inverted": false, "swapped": false, "error_lsq": 0.04533335761975785, "error_max": 0.24207873363422588, "target": "343.xyz", "model": "7.xyz", "model_rescale": 3.964800864290218, "target_rescale": 4.061587268191125},
{"mapping": [4, 6, 7, 2, 3, 11, 9, 10, 12, 8, 1, 5, 13], "R": [[-0.9856491031354054, 0.16826324027260256, 0.013539847168102567], [-0.1296545668746131, -0.7032380900038435, -0.699032103737949], [-0.10809967056808094, -0.6907558691322939, 0.714962090241407]], "T": [0.018118844291986208, 0.049756554411329146, -0.024565698086930557], "aligned_model": [[-0.03384154255913652, 0.44600993326363336, -0.6819912131344555, -0.3029533673028836, 0.6556827300956215, 0.2304827940742806, -0.11895494042198962, 0.4697773475513405, -0.529666775172702, -0.3228798519867697, -0.36540420364246795, 0.2973676099638376, 0.0061499567749966795], [-0.34661622180276513, -0.13849560172415948, 0.16891140762736145, 0.23829143656822163, 0.39362467958610775, -0.7469026273699144, -0.44994253308230286, -0.23633394362301408, -0.4700968015617912, 0.052893040706449124, 0.6855762786506134, 0.3560018703786449, 0.03980153751735999], [-0.6036012198716095, -0.3680422837045476, 0.025446234560419445, -0.5722663105621749, -0.05963277253232292, -0.1104087258188486, 0.4286101246252176, 0.59936605809736, -0.00563580955737282, 0.6644681421540188, 0.08389277850084746, 0.7015917616194385, 0.05191841653479093]], "inverted": false, "swapped": false, "error_lsq": 0.04581521926534368, "error_max": 0.3072536630680386, "target": "343.xyz", "model": "8.xyz", "model_rescale": 4.121658175737393, "target_rescale": 4.061587268191125},
{"mapping": [4, 0, 9, 5, 10, 1, 2, 3, 6, 8, 7, 11, 12], "R": [[-0.3322665930035637, 0.8753362469293522, -0.35126253142833275], [-3.5669002836524744e-05, 0.3724098042528134, 0.9280683899498483], [0.9431855119230398, 0.3083786511871687, -0.12370811448913177]], "T": [-0.0341505544832047, 0.01246440155266973, 0.10171249065768168], "aligned_model": [[-0.1867892584570222, 0.5035831234690507, -0.7226227481131077, 0.11724450464454517, 0.5992063271582532, -0.034575915101249965, 0.19824008245357005, 0.6316919173875245, -0.6483062166798571, -0.3996285125400945, -0.39238332851375524, 0.12115713539332143, -0.03703863359787317], [-0.3351886973060817, -0.3308012506065213, 0.15458967550036787, 0.3566546165992893, 0.42336469556641887, -0.6426035019374772, -0.5337438257452155, -0.05347359466688126, -0.30314942260474553, -0.10005059960433808, 0.5736649255624158, 0.4070024436003947, -0.06955294248681475], [-0.7007628464224216, -0.3585433368621266, -0.3443774802435573, -0.38852269597588046, 0.02108470728130718, -0.112337916020042, 0.46226431100408877, 0.520030521320537, 0.15987421936734575, 0.7216476279232704, 0.21095607982779363, 0.5742072836404917, 0.07018591920440946]], "inverted": false, "swapped": false, "error_lsq": 0.04480560804562847, "error_max": 0.25968413693242604, "target": "343.xyz", "model": "9.xyz", "model_rescale": 3.833441315466971, "target_rescale": 4.061587268191125},
{"mapping": [13, 5, 8, 2, 3, 0, 12, 6, 10, 11, 9, 7, 14], "R": [[-0.6546413550941734, -0.08059201453829937, -0.7516313081512257], [-0.41895758127561594, 0.8663061142365038, 0.272007833578622], [0.629221138624689, 0.49296921164420415, -0.6008844440312477]], "T": [0.08016210905333165, -0.12987260400176084, 0.13879959188458488], "aligned_model": [[-0.08174271536474406, 0.45449102330392216, -0.6268516258220805, 0.07364869133137847, 0.4390495939534662, -0.037192132853388474, 0.06530444126188895, 0.6303963782902136, -0.6713904722876735, -0.3610984700065356, -0.21389235731252731, 0.0012952277288018066, 0.07776089528058365], [-0.26941597049459387, -0.24410330241378425, 0.1829770884804077, 0.2780873211866398, 0.6549150546764759, -0.705047287466701, -0.5368814563087292, -0.2840003231504117, -0.46278725964511114, -0.018628163278004192, 0.5959262003755162, 0.39254238595725877, -0.03687176604815187], [-0.6293156456368781, -0.4128020877387516, 0.03972380781969351, -0.4529575624933647, 0.040667264305855766, -0.20649018078638662, 0.5828075886170044, 0.5058370057708325, 0.12927630162273948, 0.6469834727971732, -0.0725252597243054, 0.5447263957274403, 0.1197752937641639]], "inverted": false, "swapped": false, "error_lsq": 0.04629716463473211, "error_max": 0.3268103990026562, "target": "343.xyz", "model": "10.xyz", "model_rescale": 4.2482417240324, "target_rescale": 4.061587268191125},
{"mapping": [6, 7, 11, 4, 8, 2, 9, 3, 1, 0, 5, 12], "R": [[0.25551285857918327, 0.9060243497915555, -0.3373915480350436], [-0.8731262070945202, 0.06638996255335342, -0.4829523779389655], [-0.41516720196257234, 0.41798594528638544, 0.808037093181752]], "T": [0.10009823213133412, 0.0997755263637418, -0.04341130463223771], "aligned_model": [[-0.5979344529031696, -0.1043169922605878, 0.38391409071594146, 0.6523322615649636, -0.4982440796345095, 0.11348862919478922, -0.3024961868603722, 0.4349771365082965, 0.13202768663894882, 0.1019553978360517, -0.5110181749801463, 0.07208028654280065], [-0.2314731763270818, -0.6604780363028372, -0.25932634143075894, -0.38993421749991497, 0.5375205176226929, 0.7072552570171567, 0.06058080822349675, 0.35908848589146963, -0.10933769048157317, 0.5283035352355803, 0.05052371578151489, 0.0734085323208942], [0.0757843647177803, 0.17033691413171273, 0.5462539379801553, -0.18434794594531806, 0.06741591961910076, 0.19795776974410476, 0.6759334085989012, -0.20333182815985168, -0.6347224942093257, -0.6973826868943547, -0.49551109098595875, 0.04680602125740999]], "inverted": false, "swapped": true, "error_lsq": 0.0404045072907862, "error_max": 0.24573241887001554, "target": "343.xyz", "model": "11.xyz", "model_rescale": 3.6694154284099745, "target_rescale": 4.061587268191125},
{"mapping": [1, 12, 3, 2, 10, 0, 6, 7, 4, 11, 8, 9, 13], "R": [[0.9396187094076841, 0.14638346314275905, -0.30933567956084695], [-0.051115052727365246, -0.833730379499897, -0.5498007872708413], [-0.3383842967924445, 0.5324148157379645, -0.7759062647427154]], "T": [0.08372480792233825, -0.11190844950444577, 0.11102932123111058], "aligned_model": [[-0.24557751954076093, 0.5604641337386709, -0.6543227609343966, -0.01375823314777172, 0.5113248205420917, -0.021168956548499998, 0.02555993743145428, 0.6634432916086921, -0.6026122038844968, -0.3529608861574255, -0.31995251795618607, 0.1610473070797278, 0.03829206527220612], [-0.21859548850759059, -0.16457412967259177, 0.1278412193128951, 0.30289985794657476, 0.3518521261688978, -0.7692730073091933, -0.5226818875962792, -0.01744861285583872, -0.38381549467766984, 0.017889800167238082, 0.527355890282367, 0.4982887836393275, -0.20302653502732548], [-0.6614027773624743, -0.3703379414894698, -0.2618711789159927, -0.38368746458240915, 0.03610839646934576, -0.14898414138719968, 0.49539485539444256, 0.5661876864209174, 0.059195791932759076, 0.6919653485829325, 0.14239126886808318, 0.6271367080004033, 0.043609842113878125]], "inverted": true, "swapped": false, "error_lsq": 0.0415894364770439, "error_max": 0.23348333923501316, "target": "343.xyz", "model": "12.xyz", "model_rescale": 3.9764082729961374, "target_rescale": 4.061587268191125},
{"mapping": [5, 4, 12, 9, 7, 6, 14, 3, 13, 11, 1, 8, 15], "R": [[-0.4040203482981731, 0.7888041697569758, -0.4632014032092643], [-0.6586325712335371, -0.6022481000676115, -0.4511101440615717], [-0.6347997276868688, 0.12282185367010488, 0.7628526056780017]], "T": [-0.05514043921264454, 0.04399465598261898, 0.008223985424066133], "aligned_model": [[-0.06933528405041163, 0.5038830542180133, -0.6761190899109567, -0.2024500343487286, 0.6642303794671343, -0.022736825924587714, 0.011694836163461467, 0.4803004634885748, -0.4814636705962685, -0.21996772582951635, -0.3477813153079462, 0.07182784469379568, 0.03769584544074138], [-0.1941016568783917, -0.21570989602329627, 0.1294774143317437, 0.32535924038247876, 0.2752916873618134, -0.7049362717687109, -0.5856634713601345, -0.06225530930285503, -0.36700690548042914, -0.08410310325939882, 0.6064245608934652, 0.4302026268593706, -0.00626639388484411], [-0.7954753103431641, -0.3604357509714591, -0.11132411514719726, -0.5022982769151577, 0.0018202810159061167, -0.1391234848719724, 0.4959449386459738, 0.6488935039005973, 0.16251839570668214, 0.7743621116213624, 0.04505465146673056, 0.5864759156081898, 0.029293534328724655]], "inverted": false, "swapped": false, "error_lsq": 0.03351097948143617, "error_max": 0.1992304725346267, "target": "343.xyz", "model": "13.xyz", "model_rescale": 4.170626492500431, "target_rescale": 4.061587268191125},
{"mapping": [12, 8, 11, 10, 7, 4, 2, 0, 6, 3, 9, 1, 13], "R": [[0.8761347929568848, -0.2902149397209184, -0.38491961931444907], [0.07047392189963067, -0.712791032310776, 0.6978268915636765], [-0.4768870420786053, -0.63851721434909, -0.604048438519128]], "T": [-0.02228132266561276, -0.09514217603687511, 0.08330306353404343], "aligned_model": [[-0.11302836525566665, 0.5084147893440708, -0.6727113636531699, 0.0339595648547106, 0.6444495637802746, 0.20759784903318987, 0.061330913098003446, 0.4612325206471865, -0.7296958526655928, -0.4437438945309661, -0.27781276047191816, 0.189447194610459, -0.11966168128727625], [-0.223494914392639, -0.1652798342277449, 0.14423365357585444, 0.2917665848588743, 0.3549601038680562, -0.7118932851680293, -0.570627079066725, -0.09113744675517158, -0.5354869669823537, 0.013303270729764088, 0.6736285195593714, 0.4711382688329203, -0.10439835296136643], [-0.6315372473074119, -0.43147712101682817, -0.05562002709270519, -0.3234731381885641, -0.018223610656889988, -0.1809634050115974, 0.5303548147414938, 0.43266924964275727, 0.19797832181662814, 0.61816986005642, 0.08462228640525077, 0.5579734361353768, 0.05523297452128598]], "inverted": false, "swapped": false, "error_lsq": 0.03546199952960771, "error_max": 0.2017982625768921, "target": "343.xyz", "model": "14.xyz", "model_rescale": 3.9786697098870705, "target_rescale": 4.061587268191125},
{"mapping": [9, 6, 2, 10, 8, 0, 7, 1, 3, 11, 5, 12], "R": [[0.3737017284797756, -0.7230630451889126, 0.5809706109721602], [0.11918560355260771, 0.6585907232266983, 0.7430027262302175], [-0.9198596686652964, -0.20841807014237362, 0.3322951970779896]], "T": [0.1084513495002842, 0.0008764471640817159, 0.07880255951933009], "aligned_model": [[-0.23011365554145882, -0.6373757565093423, 0.5134798175168698, 0.7383570865728861, -0.05835056526946311, 0.39837798480661635, -0.5464629211494113, 0.002771060119883456, 0.5332468870510149, 0.0806325185521812, -0.38013197633135043, 0.06892411694891107], [-0.45829186935246535, 0.02633716501907609, 0.05106307329138197, -0.4964916011120262, 0.3180636137329967, 0.7200994013371916, -0.41743992816856057, 0.3897265177588615, 0.11562429243423789, -0.7436640434375433, 0.5838110614257461, -0.07416319270445754], [-0.5175308229567789, -0.15417087199217316, -0.4319842831143182, -0.09918591914354034, -0.5795942020537956, 0.17869830817959687, 0.32691155323605336, 0.560491307030137, 0.18530771762884163, 0.12458751209244072, 0.03688848166407992, 0.029547713303286677]], "inverted": true, "swapped": true, "error_lsq": 0.047403265791371184, "error_max": 0.22211913407307476, "target": "343.xyz", "model": "15.xyz", "model_rescale": 3.769337070930944, "target_rescale": 4.061587268191125},
{"mapping": [9, 11, 8, 2, 6, 7, 5, 4, 0, 3, 12], "R": [[0.7362888151726894, -0.6719127345223377, -0.08007532602688305], [-0.6328578196372325, -0.6418924863711619, -0.432972304038325], [0.2395198546584506, 0.36946896097908144, -0.897843486414772]], "T": [-0.03445839355259872, 0.023492818277846654, 0.11150444009813251], "aligned_model": [[-0.3190225856435382, -0.2971976790032857, -0.15512567232751384, -0.5910557484033813, 0.3775945813386674, 0.4000622354114422, 0.5324691015346601, 0.15768163642738806, 0.1126681463967143, -0.23037223830828318, -0.06507564673169876], [-0.019932013594260674, -0.6137912514467939, 0.6561908019919775, 0.36652033819630203, 0.15980243197347452, -0.4770656919082079, 0.5137164770290302, -0.6083337174126523, 0.5629518821321593, 0.0668044799374177, -0.010799239273104472], [-0.6619377446470898, -0.17493538558749236, -0.27196595288414205, 0.11029567822717391, -0.5387378033004623, -0.36398726899909173, -0.024720375637627162, 0.46999939269963764, 0.6579986961868064, 0.5173412679223485, 0.02486710324371605]], "inverted": false, "swapped": true, "error_lsq": 0.04310119103062459, "error_max": 0.29663831033397225, "target": "343.xyz", "model": "16.xyz", "model_rescale": 3.7852294659196426, "target_rescale": 4.061587268191125},
{"mapping": [7, 11, 1, 2, 8, 6, 10, 9, 5, 4, 3, 0, 12], "R": [[0.8837759753224949, 0.43881008995542037, -0.16243685048685508], [0.3790290716401933, -0.874935624657624, -0.3013712254953127], [-0.27436652181770704, 0.20477636010606592, -0.9395688660483406]], "T": [-0.037647110744302256, 0.030508812697310636, 0.054335543515344975], "aligned_model": [[-0.17283576681956203, 0.5118220466918076, -0.6577322746846705, -0.0639705605213896, 0.5114603133695595, -0.03237027372214968, 0.20778542342971573, 0.715761152055728, -0.5788753771005626, -0.4907249450921311, -0.2566519205227583, 0.0211054210983678, 0.03500523932135016], [-0.35659661181937075, -0.19238086750598699, 0.22703511431731582, 0.29377931201794394, 0.3799440121122937, -0.8427968270004725, -0.6049331354035151, -0.019384379378391284, -0.3422974577380215, -0.10272212920937963, 0.7930118297943932, 0.33287892812638464, -0.018825266442382235], [-0.5142595872717084, -0.3773308901097363, -0.1717749526578288, -0.4971014349414561, 0.030211086105488227, -0.1028352252843017, 0.4847208093434015, 0.47522560569426964, 0.07155352776083043, 0.5823096690470152, 0.11020515398744712, 0.6633245491929565, 0.08145808317883918]], "inverted": false, "swapped": false, "error_lsq": 0.04621511092492996, "error_max": 0.26682628101469735, "target": "343.xyz", "model": "17.xyz", "model_rescale": 3.901054581598922, "target_rescale": 4.061587268191125},
{"mapping": [13, 2, 9, 5, 8, 3, 7, 1, 12, 6, 10, 4, 14], "R": [[0.5558817431166224, 0.3316542920332316, 0.7622341623448544], [0.599465666302943, 0.4753094309477862, -0.6439890214716868], [-0.5758788089464609, 0.8149149498125727, 0.06540047383909323]], "T": [-0.007364967172987182, -0.025735011583013598, 0.1043475491847235], "aligned_model": [[-0.18984891880761756, 0.5012806705324979, -0.5184867334086392, 0.013876091876574874, 0.5242985188372162, 0.07395055952613849, -0.0795138158433889, 0.4068457397481003, -0.5115559654101524, -0.2572808311715085, -0.4143485629056013, 0.2582756169679252, -0.057713892438240204], [-0.25225014899974746, -0.21966731464794342, 0.17226068360123337, 0.28121212354551556, 0.34720660219397914, -0.7232929331729748, -0.5346492909801142, -0.13264017215234597, -0.5671089324378137, -0.0617614722796221, 0.6756600217126941, 0.6055642276399542, -0.04382087215200376], [-0.5611542901947533, -0.5180735133278018, -0.2613598011692834, -0.43917643431780956, -0.0322787385375283, -0.1959966211557585, 0.5232482816482866, 0.6545169107011701, 0.035931036615587025, 0.8114330463643002, 0.22626189699303623, 0.4999108444025497, 0.09244377602322117]], "inverted": true, "swapped": false, "error_lsq": 0.04073421868361109, "error_max": 0.1958197455625967, "target": "343.xyz", "model": "18.xyz", "model_rescale": 3.9405287249114394, "target_rescale": 4.061587268191125},
{"mapping": [4, 0, 13, 12, 1, 8, 5, 2, 9, 11, 14, 10, 15], "R": [[-0.06765857209287986, 0.8072096185833361, 0.5863744104997234], [-0.1631129829527881, 0.5708642678338777, -0.804678906460667], [-0.9842847516926169, -0.15008870502818134, 0.09304250753482271]], "T": [-0.027555499832114107, 0.005958612320865704, -0.048131451091231514], "aligned_model": [[-0.08014416418060842, 0.4180968509260408, -0.6801344820948138, -0.022299536553044032, 0.6094255777913853, 0.18752604773646406, 0.0994120866220223, 0.4990551657415852, -0.5304000177352031, -0.44593634725068626, -0.36331263013160947, 0.06866186621635337, -0.010171939584581121], [-0.15291710226461477, -0.3044591417841507, 0.165530060398358, 0.424451096202975, 0.16031460322132804, -0.7181565256138948, -0.5785440199412165, -0.07306426745804534, -0.4999586358652184, 0.041202930586909804, 0.6642098416500329, 0.40819258620996896, 0.009911096528378786], [-0.7599305578011745, -0.4696869731237146, -0.05086462496028877, -0.40165016062947423, -0.12525964828383074, -0.08898913635588508, 0.5293618801495512, 0.6387177859240831, 0.2350733789508524, 0.5374695277698831, 0.18362581549575946, 0.6203400035473355, -0.012500896637880787]], "inverted": true, "swapped": false, "error_lsq": 0.04109673492582714, "error_max": 0.25672684154313136, "target": "343.xyz", "model": "19.xyz", "model_rescale": 4.410303926677745, "target_rescale": 4.061587268191125},
{"mapping": [4, 6, 7, 2, 3, 11, 9, 10, 12, 8, 1, 5, 13], "R": [[-0.9856491031354054, 0.16826324027260256, 0.013539847168102567], [-0.1296545668746131, -0.7032380900038435, -0.699032103737949], [-0.10809967056808094, -0.6907558691322939, 0.714962090241407]], "T": [0.018118844291986208, 0.049756554411329146, -0.024565698086930557], "aligned_model": [[-0.03384154255913652, 0.44600993326363336, -0.6819912131344555, -0.3029533673028836, 0.6556827300956215, 0.2304827940742806, -0.11895494042198962, 0.4697773475513405, -0.529666775172702, -0.3228798519867697, -0.36540420364246795, 0.2973676099638376, 0.0061499567749966795], [-0.34661622180276513, -0.13849560172415948, 0.16891140762736145, 0.23829143656822163, 0.39362467958610775, -0.7469026273699144, -0.44994253308230286, -0.23633394362301408, -0.4700968015617912, 0.052893040706449124, 0.6855762786506134, 0.3560018703786449, 0.03980153751735999], [-0.6036012198716095, -0.3680422837045476, 0.025446234560419445, -0.5722663105621749, -0.05963277253232292, -0.1104087258188486, 0.4286101246252176, 0.59936605809736, -0.00563580955737282, 0.6644681421540188, 0.08389277850084746, 0.7015917616194385, 0.05191841653479093]], "inverted": false, "swapped": false, "error_lsq": 0.04581521926534368, "error_max": 0.3072536630680386, "target": "343.xyz", "model": "20.xyz", "model_rescale": 4.121658175737393, "target_rescale": 4.061587268191125},
{"mapping": [0, 7, 2, 3, 11, 5, 8, 9, 1, 6, 4, 10, 12], "R": [[-0.12338677115807689, 0.4898759400181464, 0.8630163776513875], [-0.7726995245334759, -0.593104520829311, 0.22619122917914922], [0.6226645561527693, -0.6389433392431377, 0.4517081577167982]], "T": [-0.02034327557529477, -0.059849738749945806, 0.14191482073313463], "aligned_model": [[-0.27452667833873384, 0.49758433879204406, -0.6591354796822024, -0.07323845687445654, 0.6091703326769901, 0.0927617270452056, 0.08610062189809739, 0.581079397936037, -0.6318499562918947, -0.3988798052187801, -0.099671335036013, 0.015407479922806035, 0.004976290674205609], [-0.4302905030548419, -0.0869889355711059, 0.3432287539908374, 0.11194306074793492, 0.5263946163994784, -0.6821557019408596, -0.592118715139399, -0.04519207652668921, -0.3117507486007258, -0.13772531655994266, 0.499649114360628, 0.44790470640047064, -0.09618573263497388], [-0.7442726133909905, -0.30286884574849704, 0.06652329023284956, -0.5291515223239356, -0.044093717301020324, -0.11076299100741036, 0.5407412693677365, 0.5428372520153875, -0.07017083806671534, 0.6646671064080376, 0.0429214155130546, 0.7331680224820141, 0.04616856586470573]], "inverted": true, "swapped": false, "error_lsq": 0.05394892034772687, "error_max": 0.3445687452480106, "target": "343.xyz", "model": "21.xyz", "model_rescale": 4.08911054899281, "target_rescale": 4.061587268191125},
{"mapping": [3, 2, 12, 13, 0, 15, 11, 8, 9, 5, 7, 6, 16], "R": [[0.7190004328942873, 0.6902144789164144, 0.08150061712631335], [-0.3211624741927992, 0.22596186790700623, 0.9196716258656327], [0.6163546403396238, -0.6874192369625097, 0.38413767061522863]], "T": [0.006651625629211434, -0.06342129352234603, 0.06429886087938168], "aligned_model": [[-0.14806066434557133, 0.4746996256337427, -0.6486510408303204, -0.16724978390296094, 0.533488566341447, 0.11690576453604559, 0.19476573413195178, 0.3385004247583364, -0.635795953550417, -0.33020984177865104, -0.1969054737767375, 0.1962475415180738, 0.022043578768366146], [-0.11013420067351513, -0.37579367875317915, 0.13380069938490607, 0.3399910432186716, 0.49845868254761483, -0.7678837436028279, -0.6347633066351971, -0.10089345771668846, -0.31446605234504793, -0.19322815667772997, 0.6180147759323318, 0.48020275971938386, -0.0265928425279114], [-0.7890245449467579, -0.3880377306210307, -0.21256104390786656, -0.4294082915461361, -0.018242816907460255, -0.08763434541433975, 0.537663853768401, 0.6719453283974797, 0.24258304031324202, 0.6704371157369253, 0.06193696819983292, 0.5376807426267347, 0.0383681183461919]], "inverted": true, "swapped": false, "error_lsq": 0.04089486497907789, "error_max": 0.22935121225045774, "target": "343.xyz", "model": "22.xyz", "model_rescale": 4.204369325754507, "target_rescale": 4.061587268191125},
{"mapping": [4, 0, 13, 12, 1, 8, 5, 2, 9, 11, 14, 10, 15], "R": [[-0.06765857209287986, 0.8072096185833361, 0.5863744104997234], [-0.1631129829527881, 0.5708642678338777, -0.804678906460667], [-0.9842847516926169, -0.15008870502818134, 0.09304250753482271]], "T": [-0.027555499832114107, 0.005958612320865704, -0.048131451091231514], "aligned_model": [[-0.08014416418060842, 0.4180968509260408, -0.6801344820948138, -0.022299536553044032, 0.6094255777913853, 0.18752604773646406, 0.0994120866220223, 0.4990551657415852, -0.5304000177352031, -0.44593634725068626, -0.36331263013160947, 0.06866186621635337, -0.010171939584581121], [-0.15291710226461477, -0.3044591417841507, 0.165530060398358, 0.424451096202975, 0.16031460322132804, -0.7181565256138948, -0.5785440199412165, -0.07306426745804534, -0.4999586358652184, 0.041202930586909804, 0.6642098416500329, 0.40819258620996896, 0.009911096528378786], [-0.7599305578011745, -0.4696869731237146, -0.05086462496028877, -0.40165016062947423, -0.12525964828383074, -0.08898913635588508, 0.5293618801495512, 0.6387177859240831, 0.2350733789508524, 0.5374695277698831, 0.18362581549575946, 0.6203400035473355, -0.012500896637880787]], "inverted": true, "swapped": false, "error_lsq": 0.04109673492582714, "error_max": 0.25672684154313136, "target": "343.xyz", "model": "23.xyz", "model_rescale": 4.410303926677745, "target_rescale": 4.061587268191125},
{"mapping": [15, 6, 4, 5, 12, 14, 11, 7, 10, 1, 2, 0, 16], "R": [[0.19378255455949414, -0.975098333092286, 0.10784972113567176], [0.7748490180310752, 0.21955220582321597, 0.5927949292752418], [-0.6017119915746032, -0.031306065207970524, 0.7980993731838908]], "T": [-0.045306670044240833, -0.15915683637468347, 0.05579715721671928], "aligned_model": [[-0.0767487051537177, 0.5084429808106019, -0.566935315151927, -0.0035560163060586736, 0.5337599492112265, 0.25076638321426764, -0.05735467438528792, 0.3512180136485307, -0.6435414763467708, -0.2470804640333309, -0.3196678356814042, 0.12652438750764003, -0.10604874983046433], [-0.37703978228271595, -0.1265208199245077, 0.24200285048032505, 0.2853247716427916, 0.3923768682181664, -0.7070603257887644, -0.7005638850726815, -0.12981458094217713, -0.34896148796111526, -0.1054343196302931, 0.710634431635312, 0.49946122137470517, -0.08769241987823434], [-0.6230641033847096, -0.4640050208935702, -0.1463385279966083, -0.3872547770692814, -0.02586224484959594, -0.20933017716563768, 0.38360005504144035, 0.5885617430806626, 0.22863597531017488, 0.8881051391706558, 0.08870691355371872, 0.38303125194584864, 0.13092016730211836]], "inverted": true, "swapped": false, "error_lsq": 0.043251874270375835, "error_max": 0.19963589422760875, "target": "343.xyz", "model": "24.xyz", "model_rescale": 4.28219845311461, "target_rescale": 4.061587268191125},
{"mapping": [5, 11, 1, 8, 14, 9, 7, 13, 3, 4, 6, 2, 15], "R": [[-0.3147497694581232, -0.40343149414491075, -0.8591714684264503], [0.5180770538170091, -0.8314705137103015, 0.20063138124085933], [-0.7953167601241319, -0.3819683420943836, 0.4707137524051341]], "T": [0.04179687426081147, -0.03454238744050237, 0.08633002772383623], "aligned_model": [[-0.23876924688543943, 0.39965165245451606, -0.5647807843819161, -0.22730793280390832, 0.6289382399514748, 0.157836718842303, 0.035499357450545485, 0.4237589392675766, -0.5601852910052458, -0.40889468096969195, -0.0906798390558782, 0.1982791653460203, -0.003567820707051174], [-0.2602848238925609, -0.08883537537308556, -0.02475471915136305, 0.3064322562033908, 0.44752483548283145, -0.6715745853978136, -0.6566930355704542, -0.17429494782020327, -0.5207404149834297, -0.10294045689095166, 0.8472481377269555, 0.4333096355271688, 0.012316016010326544], [-0.6854236149392722, -0.32044915123433176, -0.11823082980183845, -0.45520940032864066, 0.031367911930171286, -0.10757308497436117, 0.5537002429320051, 0.519331944232401, 0.12202730457768417, 0.6580357205108448, -0.04440835652014828, 0.5611013427479232, 0.12143636491277904]], "inverted": true, "swapped": false, "error_lsq": 0.040097583965107035, "error_max": 0.2895292380131788, "target": "343.xyz", "model": "25.xyz", "model_rescale": 4.100010024507729, "target_rescale": 4.061587268191125},
{"mapping": [6, 7, 11, 4, 8, 2, 9, 3, 1, 0, 5, 12], "R": [[0.25551285857918327, 0.9060243497915555, -0.3373915480350436], [-0.8731262070945202, 0.06638996255335342, -0.4829523779389655], [-0.41516720196257234, 0.41798594528638544, 0.808037093181752]], "T": [0.10009823213133412, 0.0997755263637418, -0.04341130463223771], "aligned_model": [[-0.5979344529031696, -0.1043169922605878, 0.38391409071594146, 0.6523322615649636, -0.4982440796345095, 0.11348862919478922, -0.3024961868603722, 0.4349771365082965, 0.13202768663894882, 0.1019553978360517, -0.5110181749801463, 0.07208028654280065], [-0.2314731763270818, -0.6604780363028372, -0.25932634143075894, -0.38993421749991497, 0.5375205176226929, 0.7072552570171567, 0.06058080822349675, 0.35908848589146963, -0.10933769048157317, 0.5283035352355803, 0.05052371578151489, 0.0734085323208942], [0.0757843647177803, 0.17033691413171273, 0.5462539379801553, -0.18434794594531806, 0.06741591961910076, 0.19795776974410476, 0.6759334085989012, -0.20333182815985168, -0.6347224942093257, -0.6973826868943547, -0.49551109098595875, 0.04680602125740999]], "inverted": false, "swapped": true, "error_lsq": 0.0404045072907862, "error_max": 0.24573241887001554, "target": "343.xyz", "model": "26.xyz", "model_rescale": 3.6694154284099745, "target_rescale": 4.061587268191125},
{"mapping": [1, 0, 3, 6, 2, 5, 8, 4, 7, 9, 12, 11, 13], "R": [[-0.9523138569466586, -0.25066553236662165, 0.1739687004916043], [0.3039800529718482, -0.730188111695932, 0.6118998683879264], [-0.026352329358365616, 0.6356037385205404, 0.7715655787527727]], "T": [-0.0018265766435681917, -0.08678165107273517, 0.15479813393918868], "aligned_model": [[-0.0660608482543262, 0.5012956217107641, -0.7609986428418595, -0.10122000829406355, 0.4718919838156603, 0.07015628332487321, 0.008530660439471677, 0.7304963082906726, -0.5145065060930208, -0.46114966086425496, -0.28259620080299824, 0.11460554862024684, 0.039333938452139686], [-0.2554045083323375, -0.23569944672439558, 0.09957619088619038, 0.31090885060114426, 0.379892075800912, -0.7610035354782319, -0.5511981588565629, -0.35223494617849177, -0.4346562077337903, 0.07082684630675104, 0.65387696198058, 0.6708945692652727, -0.04906616966622879], [-0.7095437799212885, -0.2472278438215721, -0.04955388826311796, -0.39579576579772996, 0.013603217863645323, -0.25290496658938827, 0.593622959317071, 0.4170352602352436, 0.044023102970914024, 0.6333850135400916, 0.10656898904980205, 0.5402144991678255, 0.14227959629371967]], "inverted": false, "swapped": false, "error_lsq": 0.04508131823607767, "error_max": 0.34973610764702123, "target": "343.xyz", "model": "27.xyz", "model_rescale": 4.103607728864725, "target_rescale": 4.061587268191125},
{"mapping": [9, 5, 3, 0, 1, 6, 11, 8, 10, 13, 2, 4, 14], "R": [[-0.17651429063873658, -0.980326671475392, -0.08833075565329795], [-0.3535859943911978, -0.020596964548661334, 0.9351752293670792], [-0.9185965652944124, 0.19630431030764495, -0.34299412237522137]], "T": [-0.12936065073086625, -0.14334874642975215, 0.10235953965627904], "aligned_model": [[-0.18408073130360092, 0.3974973496839316, -0.5903033545773029, -0.013388176091305187, 0.4668481898093566, 0.08674088361601384, 0.03201321635965146, 0.485079076643954, -0.5226817513045621, -0.23011501172184906, -0.2354990276059859, 0.12498525260263973, -0.06731743860763581], [-0.44428991951942176, -0.2728272261571395, 0.33685969849668834, 0.3124121488333336, 0.4899556912505324, -0.6992201538851733, -0.6739014884246285, -0.04690266916253649, -0.4296605152876858, -0.08919945850481528, 0.5778191289825068, 0.49505859724436074, -0.009391311995209817], [-0.6569586078777557, -0.3883505387691333, -0.2447175782280246, -0.43478488455066905, -0.11286438966156094, -0.11112200071272511, 0.5079868272507623, 0.6366272182687351, -0.04962519366483491, 0.7401596229991885, 0.2022206765402788, 0.6934208834565172, 0.05371435899443782]], "inverted": true, "swapped": false, "error_lsq": 0.0423193673997569, "error_max": 0.2420836872495641, "target": "343.xyz", "model": "28.xyz", "model_rescale": 4.137296879288765, "target_rescale": 4.061587268191125},
