[{"mapping": [5, 0, 10, 1, 2, 4, 3, 8, 7, 6, 9, 11], "R": [[-0.13678391294829123, 0.9132726749861526, 0.38369673217554445], [0.9888533565908468, 0.14888121420125733, -0.001850193766820718], [-0.05881496678201678, 0.379166724781588, -0.9234573051856992]], "T": [0.031041485130049833, -0.015156669993081164, 0.04066673123548935], "aligned_model": [[-0.39476266857704734, -0.4024336178037029, 0.39554503576687144, -0.626537266107182, -0.5487880029729622, 0.16082422564115345, 0.6498645343316016, 0.0880414139261941, -0.19694524192243146, -0.033906820390019445, 0.5275941165530508, -0.018338021518240433], [-0.705602379465949, -0.3051015825613721, -0.5394372189137333, 0.09159025443763033, 0.3835697805092144, -0.06646314544956936, -0.03704483777542357, 0.6160801485556485, -0.3980676184004923, 0.35664761853259, 0.18126054650242518, -0.061103923255170056], [-0.13443860131095164, 0.3735671319769723, -0.19177339774716773, -0.2003225622296389, 0.43254072626764567, 0.8361996045884368, 0.34168410062627896, 0.07801077650274049, -0.7947999453852161, -0.5779589844431815, -0.24952662795630154, 0.05748250148080553]], "inverted": false, "swapped": false, "error_lsq": 0.03684433938384666, "error_max": 0.19496813903144383, "target": "344.xyz", "model": "0.xyz", "model_rescale": 3.751011558992144, "target_rescale": 3.7744534549186524},
{"mapping": [2, 3, 5, 1, 7, 12, 9, 6, 8, 4, 10, 14], "R": [[-0.14344330980354714, 0.21813128526396228, 0.9653200294522515], [0.6487326059006697, -0.7158880643818563, 0.25816716545084784], [0.7473754230063563, 0.6632669309295399, -0.0388195237139643]], "T": [-0.03314434083060976, -0.05195099838462644, 0.007346664524148399], "aligned_model": [[-0.3194222633166241, -0.4165152862185868, 0.3125971204349266, -0.5774031373546442, -0.4234700946064122, 0.029273323194789806, 0.5770477312101395, -0.10160259800972984, -0.15096967206829887, 0.026680490296538843, 0.647484320556048, -0.0035422471908610823], [-0.8226525506499615, -0.4423772963635302, -0.533604902373929, 0.32014785823823155, 0.30507658775474045, -0.018623485911934676, -0.2089137326311441, 0.6885055151455931, -0.30664180275975816, 0.30917884966010367, 0.27539135672004256, -0.049158754112654864], [-0.08098323087374457, 0.5402630872318671, -0.18901627935645138, -0.21850805148153432, 0.407164288538014, 0.7469197955985581, 0.2002662244727652, 0.11109329755293597, -0.5940417603938491, -0.6937811357673579, -0.31209872358216917, 0.05338721043138849]], "inverted": false, "swapped": false, "error_lsq": 0.042312611571825226, "error_max": 0.20357722400630163, "target": "344.xyz", "model": "1.xyz", "model_rescale": 3.9405287249114394, "target_rescale": 3.7744534549186524},
{"mapping": [0, 5, 2, 6, 11, 9, 8, 3, 1, 7, 4, 12], "R": [[0.3039177385436318, -0.5930070450621924, -0.7456384195473916], [0.6313077540861675, -0.46079866056603114, 0.623790921744803], [-0.7135015962345171, -0.6603084422655512, 0.23432505893232447]], "T": [-0.028254710543562725, 0.0073060381770093455, -0.014242239863084778], "aligned_model": [[-0.6626864202066077, -0.2683062773459536, 0.13138440253372274, -0.5257112930782887, -0.5121945343470768, 0.1930272362703731, 0.6131711970980572, 0.06895502005954722, 0.09303308554975563, -0.13316293053999628, 0.5778869529797023, 0.024761247954050394], [-0.5000101236473087, -0.534278170578264, -0.6535904435150077, 0.17716533966694525, 0.06913228372778998, 0.027367433798561883, 0.20394575584926375, 0.5682314328898352, -0.4163309574235803, 0.485629430416253, 0.1518857461585635, -0.06282008462725294], [-0.22174333865956622, 0.4066354982977624, 0.02935617277570068, -0.1522294116568651, 0.5049822311851323, 0.7610080084503287, 0.37382398715192167, -0.0663253312769265, -0.6723055338064542, -0.6380297445231762, -0.3357771736790354, -0.018730641888399287]], "inverted": false, "swapped": false, "error_lsq": 0.056045401424737656, "error_max": 0.315435708427049, "target": "344.xyz", "model": "2.xyz", "model_rescale": 3.932901565614263, "target_rescale": 3.7744534549186524},
{"mapping": [10, 12, 11, 6, 5, 9, 8, 7, 1, 0, 3, 13], "R": [[-0.38837260066081736, 0.9068555836523216, 0.1636449615923469], [-0.8814315528740047, -0.31378180681071255, -0.35301472393191446], [-0.2687845617852232, -0.28134307902134725, 0.9211953816822541]], "T": [-0.009456466760178705, 0.04234998533634249, -0.09730525532339905], "aligned_model": [[-0.3107168033224555, -0.4563780807537324, 0.44947011864860664, -0.6828855638685729, -0.49045358099069664, 0.05676883966485606, 0.6337130989436083, 0.1681372769275679, -0.15145915835594942, 0.03099779130095952, 0.44792909338618786, -0.09496534465309368], [-0.6074353114920443, -0.3108818280258372, -0.7223353524922727, -0.07094890640872234, 0.2638413730406681, 0.08115350901535986, -0.04585187218917092, 0.6330414054279648, -0.24052562727411042, 0.4245304522346679, 0.11280116954308249, -0.0010613686637864425], [-0.08439332513223381, 0.41123989226312396, -0.04881379543201157, -0.07862711358307617, 0.3888871211382163, 0.6333803369307849, 0.24524410989767376, 0.26225928099832446, -0.7670703218071409, -0.6461694214602565, -0.3129915045250612, -0.03228053691792093]], "inverted": false, "swapped": false, "error_lsq": 0.04387642580213997, "error_max": 0.27123197368596924, "target": "344.xyz", "model": "3.xyz", "model_rescale": 3.9243930471874484, "target_rescale": 3.7744534549186524},
{"mapping": [1, 7, 0, 9, 8, 4, 3, 10, 5, 11, 6, 12], "R": [[-0.33355192074725915, 0.9047466155648283, -0.2649088103287677], [-0.05786473708810341, -0.30011987603193624, -0.9521448063253299], [-0.9409541903661085, -0.3022608503173445, 0.15245848614589186]], "T": [-0.05194241596556351, 0.02080961902638094, 0.027456459946783692], "aligned_model": [[-0.40173022039225803, -0.3614515281770698, 0.31621476266148996, -0.6807976877980421, -0.5011779424694963, 0.04581112329216658, 0.5912817102480628, 0.11638504764283758, 0.15497386921426967, -0.16292272324089346, 0.5050359938208655, -0.021464717874646506], [-0.5844524649312515, -0.46585009812411, -0.7410725988383582, 0.19151421245152628, 0.28328449671478373, -0.0012036805734106093, -0.05734538767033315, 0.6817309291067927, -0.3987910951311853, 0.5122352978746517, 0.16555720887178593, -0.06927917703509258], [-0.1190583911096916, 0.5844889438049747, -0.058089617037879335, -0.2428921680300009, 0.3819007422048273, 0.6125435728140846, 0.20941219288649482, 0.20627649908017334, -0.5681474280364306, -0.5827224113304078, -0.40882292416669685, -0.044224288709025325]], "inverted": true, "swapped": false, "error_lsq": 0.04379620832914938, "error_max": 0.34837565291269457, "target": "344.xyz", "model": "4.xyz", "model_rescale": 3.8936222436046832, "target_rescale": 3.7744534549186524},
{"mapping": [8, 7, 10, 9, 6, 5, 4, 1, 3, 0, 2, 11], "R": [[-0.5718010732005975, 0.5275880888545821, -0.6282470383419367], [-0.5616907196659082, -0.8099180631500883, -0.1689268078914765], [-0.5979523962054498, 0.25628800104956045, 0.7594533510296609]], "T": [-0.0850335251650146, -0.11352899448567012, -0.019735722783719337], "aligned_model": [[-0.5214453106715792, -0.22375490945474358, 0.29056128845349916, -0.6155637599540397, -0.5516243820141601, 0.10090574287170408, 0.6243735157804506, 0.03599517709170329, -0.06084591708466873, -0.04248131675242421, 0.5708871260267981, -0.006849567365254314], [-0.6397262465668695, -0.5107226478402285, -0.6203063961352381, 0.11149636818397692, 0.17582127966695027, 0.19109723337282875, -0.0829691544143287, 0.6775659065130875, -0.22776563416214507, 0.43346044552880747, 0.03762403176389083, -0.029247543194933057], [-0.29995712043919953, 0.472951913212614, -0.05939175189974427, -0.24320205123468214, 0.557480024801444, 0.7081381034729571, 0.33583754018562145, 0.03154466337774482, -0.5824496661794446, -0.7137891580816658, -0.34234900043953803, 0.10585122559431516]], "inverted": false, "swapped": false, "error_lsq": 0.032149687197736275, "error_max": 0.16888662331243692, "target": "344.xyz", "model": "5.xyz", "model_rescale": 3.6523030999806103, "target_rescale": 3.7744534549186524},
{"mapping": [11, 7, 9, 3, 0, 5, 8, 1, 4, 2, 6, 12], "R": [[0.8784252411751553, -0.40867832519930825, 0.24769158681444786], [0.21323812476992177, -0.12864399613432595, -0.9684937916183042], [0.4276664562611591, 0.9035666819725484, -0.025858333630418298]], "T": [0.08340620902061047, -0.07632954511493861, -0.05812729964904442], "aligned_model": [[-0.3703849865216378, -0.36457249131120517, 0.38963780147182203, -0.5942798311081106, -0.5668622854992245, 0.0769151329971228, 0.642666676906116, 0.04208928720320429, -0.21294460000685433, -0.07868633976011286, 0.6298376453773012, 0.0067416771788643], [-0.7976306736494503, -0.4481809692420894, -0.7264543414359449, 0.06908984309308563, 0.4699338412405387, 0.06663312202122024, -0.09985641998144514, 0.6140680086417365, -0.1529773872115844, 0.40746755601142726, 0.1815106233460988, -0.06727556011779415], [-0.278052823325028, 0.2994473948146593, 0.020757655659348298, -0.010845849842197504, 0.4575382201029079, 0.6077728968700117, 0.3165423119903198, 0.005268250129910557, -0.5433415906768461, -0.6201575521983284, -0.29803477131522094, 0.01377058016088567]], "inverted": true, "swapped": false, "error_lsq": 0.04236499098479499, "error_max": 0.2312936811938456, "target": "344.xyz", "model": "6.xyz", "model_rescale": 4.08911054899281, "target_rescale": 3.7744534549186524},
{"mapping": [2, 1, 0, 13, 11, 9, 3, 10, 7, 5, 4, 14], "R": [[0.7634869452551479, 0.08807860875713158, 0.6397889051119682], [0.5474894158887953, -0.6137294437020343, -0.568851043264348], [0.3425536803403352, 0.7845879992789845, -0.5167965242459472]], "T": [-0.04826257377861318, 0.05846999182772282, -0.031860144208655766], "aligned_model": [[-0.3108873022133908, -0.3599589359065154, 0.3199266265063785, -0.761570050539463, -0.3992876999366807, 0.13997057536303256, 0.6611949191095724, -0.059952041127976, -0.22712181047220922, 0.08207305614370208, 0.5721242009631057, -0.05635385096227049], [-0.6779418810111001, -0.41972413104791284, -0.7712167900847711, -0.06491971842225074, 0.343816808960846, -0.03613361629174568, -0.2475144584018586, 0.7752212969616281, -0.18790197475301484, 0.48499867493705523, 0.27211159651169164, 0.04553183535723169], [-0.22900310971295873, 0.42870669951636564, 0.2145394089911756, -0.14077270249795767, 0.3421580608494208, 0.7232396815116178, 0.1398809931704945, 0.04166414731404222, -0.7436179626202098, -0.6495875401051792, -0.28940044042631863, 0.13285748637993008]], "inverted": true, "swapped": false, "error_lsq": 0.05295162251013752, "error_max": 0.2987354588365521, "target": "344.xyz", "model": "7.xyz", "model_rescale": 3.964800864290218, "target_rescale": 3.7744534549186524},
{"mapping": [2, 12, 1, 6, 11, 9, 8, 10, 0, 3, 5, 13], "R": [[-0.0323616492911209, 0.9680653861197471, -0.2486003456393086], [0.8180389316764284, -0.1172542908506009, -0.5630841300718844], [-0.5742517130290921, -0.22158709229995302, -0.7881206320159408]], "T": [-0.10504902557663454, -0.1254491655187637, -0.03650779360841819], "aligned_model": [[-0.410470639362275, -0.24561946769437962, 0.37948250102152936, -0.5711401054427583, -0.6186245525111889, 0.05193788021511442, 0.5426154133875258, 0.19058233095316013, -0.19914532739659047, -0.08375293897408394, 0.6075845574912545, -0.04329196476002244], [-0.6874395040070012, -0.3820002034096912, -0.6359632930393009, 0.1600864492684638, 0.3111625008930824, 0.1309829687906802, -0.12836699947454025, 0.6127575428521688, -0.3207260869674369, 0.26444536726696544, 0.2917725432798116, -0.10038364273740316], [-0.2082437101563073, 0.6599808660612705, -0.29674694613315367, -0.23076108479250415, 0.445927440781283, 0.5827291551374155, 0.3777141784711986, 0.17034232062828777, -0.7192758233638249, -0.6476472422628328, -0.16746635560189602, 0.004111923601485698]], "inverted": true, "swapped": false, "error_lsq": 0.04529946782115137, "error_max": 0.237104161517494, "target": "344.xyz", "model": "8.xyz", "model_rescale": 4.121658175737393, "target_rescale": 3.7744534549186524},
{"mapping": [7, 11, 8, 5, 10, 3, 2, 0, 9, 4, 1, 12], "R": [[0.3788594866114917, -0.34677570284222226, -0.8580280306159932], [-0.8560421694185598, 0.22097661285104075, -0.4672912804130282], [0.35164939013404106, 0.9115459113457556, -0.21313553886481007]], "T": [-0.03163013684808353, -0.12323728895664675, -0.020786956478343024], "aligned_model": [[-0.46618544076881335, -0.2481819525270208, 0.340325023868818, -0.5443391278765883, -0.5217426768833892, 0.0932900653024002, 0.5726640700969314, 0.053101312056187504, -0.2340634530257949, 0.023537801804038687, 0.4983487901491745, 0.033403274731341644], [-0.6248490119847501, -0.48413509535172516, -0.7408008874213227, 0.1870994405371862, 0.19395372370069053, 0.04233980540488301, -0.02782858412532689, 0.6562414720013056, -0.31118616217448086, 0.44776749987283193, 0.2525158605597187, -0.07479041830321143], [-0.14227060751149534, 0.45449207632121164, 0.08322216809601413, -0.17091527200003492, 0.4646616918717361, 0.7405691759508227, 0.307956319276449, 0.04291301137342683, -0.8062077294353538, -0.6983103489877109, -0.2507078630547084, -0.05473789952993466]], "inverted": false, "swapped": false, "error_lsq": 0.031009697547723425, "error_max": 0.16442022756443248, "target": "344.xyz", "model": "9.xyz", "model_rescale": 3.833441315466971, "target_rescale": 3.7744534549186524},
{"mapping": [13, 0, 8, 5, 1, 12, 11, 6, 2, 3, 7, 14], "R": [[-0.5838469140950223, -0.8077667974166045, -0.08145908109622835], [0.26089549915638277, -0.2816886129134529, 0.923355329152779], [-0.7688018726704959, 0.5178458519156228, 0.3752057491991845]], "T": [0.01003124291560372, -0.014695366141163131, 0.04262588793600332], "aligned_model": [[-0.5246924662793448, -0.4522777513517749, 0.44790429712982294, -0.6301457371544521, -0.5017206893905725, 0.14149938012095703, 0.6517057438465691, -0.08032374081740368, -0.2159957471306888, 0.13179729539063376, 0.5903965431824444, 0.0420105593810955], [-0.5720373496344112, -0.35513045841555885, -0.6305805914638785, -0.0032301856134636514, 0.19570330624740626, 0.16632429313621372, -0.10582089099867667, 0.6272752112299735, -0.2918527508298062, 0.3157484759980092, 0.187217873715003, -0.01728929065501192], [-0.15517959650581614, 0.40895538916580443, -0.148455089659988, -0.17526671242220349, 0.5319634926138447, 0.6020613794501094, 0.2554334409457818, 0.24496056798194266, -0.5808689707523418, -0.7512895643664329, -0.21490302034184888, -0.04674659373842992]], "inverted": true, "swapped": false, "error_lsq": 0.045650153211295875, "error_max": 0.23741952837588065, "target": "344.xyz", "model": "10.xyz", "model_rescale": 4.2482417240324, "target_rescale": 3.7744534549186524},
{"mapping": [9, 7, 5, 10, 8, 3, 2, 1, 4, 0, 6, 11], "R": [[0.2039858226171194, -0.02797323676607419, 0.9785741066449931], [-0.3504242395330601, -0.9354456585445542, 0.04630628745453391], [0.9141075628824507, -0.3523619132865733, -0.2006201523928537]], "T": [0.005785097876110132, 0.009700614191342695, 0.019233529940428516], "aligned_model": [[-0.5879184856364083, -0.131343068498378, 0.2743924467005549, -0.5789110782662311, -0.4612486749271389, -0.02787133104508742, 0.6433309826705357, 0.1050468041343536, 0.02631544505563059, -0.14338435819111883, 0.5238716883532637, -0.04212268342269042], [-0.549966944898064, -0.49354176278582973, -0.6658247942833407, 0.06878870139653634, 0.24558672353750602, 0.11182241865834383, 0.08390618525235272, 0.6975799623885113, -0.414057489999921, 0.5386602581280919, -0.021829731484058514, -0.08479588319432924], [-0.09738199375262692, 0.45108908761739996, -0.16971536522475913, -0.24466293098591288, 0.3403176737929507, 0.8232919906859275, 0.38772513688674687, 0.14618103780388478, -0.7461729987808519, -0.5021009542410484, -0.3694491944149565, -0.04845676701633182]], "inverted": false, "swapped": false, "error_lsq": 0.051623937841927446, "error_max": 0.2553283765949094, "target": "344.xyz", "model": "11.xyz", "model_rescale": 3.6694154284099745, "target_rescale": 3.7744534549186524},
{"mapping": [11, 8, 4, 7, 10, 2, 1, 12, 6, 5, 0, 13], "R": [[0.11962636360224241, -0.04749104117905395, -0.9916824764706865], [-0.9928169632559548, -0.0037074357691551374, -0.11958566967342685], [0.0020026488779736895, 0.9988647836057428, -0.04759341834460487]], "T": [-0.09290680543807743, -0.057099973897592984, -0.005497413083916481], "aligned_model": [[-0.39681182228480555, -0.3185216454636454, 0.3838403143941646, -0.7068290424775306, -0.48483044861507935, 0.0553505404853115, 0.648128082238616, 0.0797849730141627, -0.10168605272298994, -0.09798369939670856, 0.5137222496109977, 0.025994238144792764], [-0.7120003182849, -0.5087964678722836, -0.6177087475168191, 0.2570284839725685, 0.30272318203720494, 0.017037341976277154, -0.0098861934758342, 0.5819885117731997, -0.22415142950414946, 0.4498023884093418, 0.038448715999306715, -0.0581578247981135], [-0.15969186358020074, 0.5581213167346548, -0.08365517932055687, -0.28224299533254393, 0.3415644570205802, 0.6260380104412313, 0.4008419134472951, 0.1478386798769532, -0.545748807760979, -0.6280687043526867, -0.37102374846169844, -0.033308356341626474]], "inverted": false, "swapped": false, "error_lsq": 0.035255447396090434, "error_max": 0.18617730512423689, "target": "344.xyz", "model": "12.xyz", "model_rescale": 3.9764082729961374, "target_rescale": 3.7744534549186524},
{"mapping": [7, 4, 3, 9, 5, 6, 14, 12, 2, 1, 11, 15], "R": [[-0.23228987326745948, 0.16836875631627587, 0.9579631395173295], [0.5379938441370101, -0.7982811305708191, 0.2707579366246865], [0.8103110751113244, 0.5782725987551942, 0.09485126820893902]], "T": [-0.026159521888085475, 0.04638212604001159, -0.02837932127803352], "aligned_model": [[-0.2760905891470061, -0.38007163931241406, 0.47395769199179716, -0.5601766326084053, -0.6549326327934433, 0.11936069599144507, 0.637373709705972, -0.031358736821476926, -0.3231627327566198, -0.14356244380941932, 0.7470656315439927, -0.00824463505713659], [-0.6506972301972258, -0.412455919943181, -0.6240559022594155, 0.3097999598584587, 0.24644176334602114, 0.0459987097788064, -0.1349554747959541, 0.6784837782421418, -0.24559954856468297, 0.32479049402555416, 0.027599511290960152, -0.049022498065683845], [-0.17887361236472535, 0.3959761694108252, -0.122395649139803, -0.1116613529651918, 0.4887709686359381, 0.7216090285511464, 0.37861989821565584, -0.11575211106800093, -0.7086699270745114, -0.586973908452807, -0.2081424271494514, 0.01815764577134734]], "inverted": false, "swapped": false, "error_lsq": 0.04478304134412941, "error_max": 0.24669723127342358, "target": "344.xyz", "model": "13.xyz", "model_rescale": 4.170626492500431, "target_rescale": 3.7744534549186524},
{"mapping": [8, 7, 12, 0, 1, 9, 11, 3, 4, 2, 6, 13], "R": [[-0.6604411792725773, 0.5824948823815517, 0.47383241839320156], [-0.7506348331396142, -0.49612140063794286, -0.4363609779832628], [-0.019099633465360547, -0.6438658772045219, 0.7648999517408408]], "T": [-0.02572681464195975, -0.053140795483819864, -0.0348316872602768], "aligned_model": [[-0.3334480599412122, -0.6699938546709092, 0.3208294876962179, -0.5958549778303963, -0.45978652260421937, 0.11070635306922116, 0.5955180954023929, 0.16848410202136088, -0.06798732816925096, -0.19458769560335812, 0.6505873103463207, 0.0756907772111183], [-0.7193792534047935, -0.3806017777436308, -0.6920425576074464, 0.10750967939577047, 0.3169242187996373, 0.03353611921629576, 0.04046089013490958, 0.5940377389045042, -0.37825524779577646, 0.33923135728318055, 0.300685923833272, -0.045779448300124065], [-0.14880644404213567, 0.33275379819662165, -0.12090949422111646, -0.10556858702429067, 0.48039498617817095, 0.7590067986234956, 0.28913302891181236, 0.10270255904098838, -0.6637814249081486, -0.5352937376200164, -0.38823672976636187, -0.03073003099859712]], "inverted": false, "swapped": false, "error_lsq": 0.04550660600332863, "error_max": 0.3407562268530932, "target": "344.xyz", "model": "14.xyz", "model_rescale": 3.9786697098870705, "target_rescale": 3.7744534549186524},
{"mapping": [3, 9, 0, 8, 7, 6, 1, 7, 2, 5, 4, 11], "R": [[0.7292709743732332, -0.25558374582266224, 0.6346974041289062], [0.1627182222020827, -0.8362195417755861, -0.5236980600651703], [0.6645950843183457, 0.4851946277772311, -0.5682425072766074]], "T": [0.04144967379579353, -0.01616900905476884, 0.027859018818645775], "aligned_model": [[-0.49935235824064256, -0.32904287259015363, 0.31577212196114246, -0.40120575046867374, -0.17403457708736594, 0.023100740304605648, 0.618154055290495, -0.17403457708736594, -0.03936124481480783, -0.20688143728589398, 0.43996313957292643, 0.02708044737301943], [-0.7283919356031436, -0.3960061712771833, -0.6450586009665689, 0.01928504953439266, 0.5575840978149755, 0.006237578194008941, -0.04969898858572992, 0.5575840978149755, -0.354263905606247, 0.47382215331991384, 0.11959155387006812, -0.04435728579366338], [-0.1852627711203173, 0.3532407505069883, -0.08638047389872636, -0.24605211845181185, 0.2753462212541165, 0.8193872572861782, 0.3841733299679585, 0.2753462212541165, -0.7677595157984087, -0.557717541328351, -0.41674284491988695, 0.12308620761856653]], "inverted": true, "swapped": false, "error_lsq": 0.06101431748411589, "error_max": 0.4787006570334459, "target": "344.xyz", "model": "15.xyz", "model_rescale": 3.769337070930944, "target_rescale": 3.7744534549186524},
{"mapping": [8, 2, 3, 0, 9, 10, 7, 6, 4, 1, 11], "R": [[0.4298630401107578, 0.8969462401597057, 0.10346597996493857], [-0.9003429541164234, 0.43443302669529726, -0.025505103200646008], [-0.06782574525686795, -0.08219116485201514, 0.9943059291287666]], "T": [0.06357910951741653, 0.034790166117386674, 0.037765963018295046], "aligned_model": [[-0.3097999230398258, -0.3855990473617577, -0.08236137727660091, -0.7266854550166102, 0.34740477330218716, 0.3971721682991839, 0.6868562135731444, 0.2955106530768817, 0.14969860591189854, -0.4574610272181522, 0.007890546440821815], [0.051903193153570726, -0.5819033093181818, 0.6417129460490332, 0.10763929610567582, 0.2920661918718011, -0.3988007018176554, 0.287669477914987, -0.5369543547114585, 0.5829730572725621, 0.16625092527465574, -0.016492224169647747], [-0.6509465993812623, 0.005997055456253897, -0.14638601302051404, -0.06738912400113883, -0.6565535459529307, -0.32988881311552476, 0.042282715017978, 0.29993963041046623, 0.5412255605119405, 0.5932978822069932, 0.11263885909151605]], "inverted": false, "swapped": true, "error_lsq": 0.04061882307568287, "error_max": 0.2747992674621438, "target": "344.xyz", "model": "16.xyz", "model_rescale": 3.7852294659196426, "target_rescale": 3.7744534549186524},
{"mapping": [4, 0, 1, 10, 9, 8, 2, 11, 5, 6, 7, 12], "R": [[-0.15834021360803358, 0.5799567556747788, -0.7991110925908533], [-0.6047065404403219, -0.6967452248797643, -0.3858446469188655], [-0.7805500475326741, 0.42213298041545116, 0.46102643106692776]], "T": [0.025486308379005986, -0.13436944408499274, 0.08266598933455366], "aligned_model": [[-0.38936827448426675, -0.44613482981745, 0.44764165606158823, -0.6349821035455618, -0.5591942025502956, 0.02746283939999223, 0.6213813084177651, 0.21254253036786167, 0.020256961084186627, -0.1175338296650961, 0.45122916871306773, -0.03314353705450551], [-0.6241303216460738, -0.47379848549609893, -0.6268660716368841, 0.2060419092130399, 0.3138148776892851, 0.12830120475602563, -0.07287563617606493, 0.5700637049049946, -0.37664174540629325, 0.3641244534384356, 0.17213600702333176, -0.06384225394789836], [-0.21702825982203905, 0.4405885837481199, -0.14860460654845345, -0.22903364601136927, 0.5349284124552711, 0.6786577131152038, 0.20601379656247398, 0.16461708970898264, -0.5284688538054312, -0.63736339211299, -0.38233339829071566, 0.08869128337136963]], "inverted": true, "swapped": false, "error_lsq": 0.03785934049150431, "error_max": 0.2677754332747001, "target": "344.xyz", "model": "17.xyz", "model_rescale": 3.901054581598922, "target_rescale": 3.7744534549186524},
{"mapping": [2, 3, 5, 1, 7, 12, 9, 6, 8, 4, 10, 14], "R": [[-0.14344330980354714, 0.21813128526396228, 0.9653200294522515], [0.6487326059006697, -0.7158880643818563, 0.25816716545084784], [0.7473754230063563, 0.6632669309295399, -0.0388195237139643]], "T": [-0.03314434083060976, -0.05195099838462644, 0.007346664524148399], "aligned_model": [[-0.3194222633166241, -0.4165152862185868, 0.3125971204349266, -0.5774031373546442, -0.4234700946064122, 0.029273323194789806, 0.5770477312101395, -0.10160259800972984, -0.15096967206829887, 0.026680490296538843, 0.647484320556048, -0.0035422471908610823], [-0.8226525506499615, -0.4423772963635302, -0.533604902373929, 0.32014785823823155, 0.30507658775474045, -0.018623485911934676, -0.2089137326311441, 0.6885055151455931, -0.30664180275975816, 0.30917884966010367, 0.27539135672004256, -0.049158754112654864], [-0.08098323087374457, 0.5402630872318671, -0.18901627935645138, -0.21850805148153432, 0.407164288538014, 0.7469197955985581, 0.2002662244727652, 0.11109329755293597, -0.5940417603938491, -0.6937811357673579, -0.31209872358216917, 0.05338721043138849]], "inverted": false, "swapped": false, "error_lsq": 0.042312611571825226, "error_max": 0.20357722400630163, "target": "344.xyz", "model": "18.xyz", "model_rescale": 3.9405287249114394, "target_rescale": 3.7744534549186524},
{"mapping": [13, 7, 11, 12, 0, 8, 5, 1, 14, 3, 10, 15], "R": [[0.9244106515233741, 0.07643163502215308, -0.3736618157076954], [-0.08253355574089158, -0.9164129872306788, -0.3916317773262397], [-0.3723615978144047, 0.3928682247303599, -0.8408337519809247]], "T": [-0.11067148630978993, -0.04292532347548306, 0.05143983353517684], "aligned_model": [[-0.2877031835781635, -0.36144979916331077, 0.35038894640425566, -0.5285115562068778, -0.35563275195154753, 0.037707052243570016, 0.5825259004961163, -0.07418103671997983, -0.09032350290729371, -0.07090541503778405, 0.47178872116794046, -0.0735456878196398], [-0.6403358540595717, -0.4840757839833832, -0.5460817538713748, 0.10801801914280143, 0.4030687550092891, 0.03094483698773881, -0.13956878398840772, 0.6150877747019685, -0.28072467775771565, 0.47572205951330293, 0.006172144919680725, -0.031899093898529414], [-0.19973795505586017, 0.5394173513957357, -0.17979616244429308, -0.26912973070480006, 0.5137790144918186, 0.7895449508632333, 0.5002160218790073, 0.016703200205452517, -0.6852937606157825, -0.6229874394664705, -0.4741394490176187, 0.0420886808399997]], "inverted": false, "swapped": false, "error_lsq": 0.03997979213318277, "error_max": 0.22252178817014562, "target": "344.xyz", "model": "19.xyz", "model_rescale": 4.410303926677745, "target_rescale": 3.7744534549186524},
{"mapping": [2, 12, 1, 6, 11, 9, 8, 10, 0, 3, 5, 13], "R": [[-0.0323616492911209, 0.9680653861197471, -0.2486003456393086], [0.8180389316764284, -0.1172542908506009, -0.5630841300718844], [-0.5742517130290921, -0.22158709229995302, -0.7881206320159408]], "T": [-0.10504902557663454, -0.1254491655187637, -0.03650779360841819], "aligned_model": [[-0.410470639362275, -0.24561946769437962, 0.37948250102152936, -0.5711401054427583, -0.6186245525111889, 0.05193788021511442, 0.5426154133875258, 0.19058233095316013, -0.19914532739659047, -0.08375293897408394, 0.6075845574912545, -0.04329196476002244], [-0.6874395040070012, -0.3820002034096912, -0.6359632930393009, 0.1600864492684638, 0.3111625008930824, 0.1309829687906802, -0.12836699947454025, 0.6127575428521688, -0.3207260869674369, 0.26444536726696544, 0.2917725432798116, -0.10038364273740316], [-0.2082437101563073, 0.6599808660612705, -0.29674694613315367, -0.23076108479250415, 0.445927440781283, 0.5827291551374155, 0.3777141784711986, 0.17034232062828777, -0.7192758233638249, -0.6476472422628328, -0.16746635560189602, 0.004111923601485698]], "inverted": true, "swapped": false, "error_lsq": 0.04529946782115137, "error_max": 0.237104161517494, "target": "344.xyz", "model": "20.xyz", "model_rescale": 4.121658175737393, "target_rescale": 3.7744534549186524},
{"mapping": [11, 7, 9, 3, 0, 5, 8, 1, 4, 2, 6, 12], "R": [[0.8784252411751553, -0.40867832519930825, 0.24769158681444786], [0.21323812476992177, -0.12864399613432595, -0.9684937916183042], [0.4276664562611591, 0.9035666819725484, -0.025858333630418298]], "T": [0.08340620902061047, -0.07632954511493861, -0.05812729964904442], "aligned_model": [[-0.3703849865216378, -0.36457249131120517, 0.38963780147182203, -0.5942798311081106, -0.5668622854992245, 0.0769151329971228, 0.642666676906116, 0.04208928720320429, -0.21294460000685433, -0.07868633976011286, 0.6298376453773012, 0.0067416771788643], [-0.7976306736494503, -0.4481809692420894, -0.7264543414359449, 0.06908984309308563, 0.4699338412405387, 0.06663312202122024, -0.09985641998144514, 0.6140680086417365, -0.1529773872115844, 0.40746755601142726, 0.1815106233460988, -0.06727556011779415], [-0.278052823325028, 0.2994473948146593, 0.020757655659348298, -0.010845849842197504, 0.4575382201029079, 0.6077728968700117, 0.3165423119903198, 0.005268250129910557, -0.5433415906768461, -0.6201575521983284, -0.29803477131522094, 0.01377058016088567]], "inverted": true, "swapped": false, "error_lsq": 0.04236499098479499, "error_max": 0.2312936811938456, "target": "344.xyz", "model": "21.xyz", "model_rescale": 4.08911054899281, "target_rescale": 3.7744534549186524},
{"mapping": [7, 10, 13, 8, 5, 9, 14, 11, 0, 1, 2, 16], "R": [[-0.4338567654734669, 0.4734988400665787, -0.7665292920094481], [0.7809256145191259, -0.2266912145277618, -0.5820363200384095], [-0.44935897859153406, -0.8511227536093326, -0.2714158555568198]], "T": [0.04684352975661541, -0.058389556903692554, -0.01749374922558775], "aligned_model": [[-0.25389427128622816, -0.472035734372503, 0.30819997085985373, -0.49096475605094736, -0.4154488763377206, 0.03435794425783457, 0.5682513602468895, -0.1201221398507922, -0.16268186762784934, -0.01694303461187719, 0.5692088688343666, 0.052230222866258766], [-0.7027282794275667, -0.41178061945248295, -0.6625409415545231, 0.3429586429069415, 0.18052755827050718, -0.004182037617117211, -0.09400026274334325, 0.683040186910429, -0.3746060888216514, 0.470632909634834, 0.18345339835243804, -0.09444682374266618], [-0.03093152023310858, 0.4894722016847255, -0.07600768898844883, -0.1919755198652946, 0.4588815201708361, 0.6927549864790714, 0.3549150824098759, 0.07359648306483724, -0.6929088889522117, -0.6057665476529814, -0.4532692268472869, -0.048096158899591526]], "inverted": true, "swapped": false, "error_lsq": 0.03916119711991323, "error_max": 0.2229227189616184, "target": "344.xyz", "model": "22.xyz", "model_rescale": 4.204369325754507, "target_rescale": 3.7744534549186524},
{"mapping": [13, 7, 11, 12, 0, 8, 5, 1, 14, 3, 10, 15], "R": [[0.9244106515233741, 0.07643163502215308, -0.3736618157076954], [-0.08253355574089158, -0.9164129872306788, -0.3916317773262397], [-0.3723615978144047, 0.3928682247303599, -0.8408337519809247]], "T": [-0.11067148630978993, -0.04292532347548306, 0.05143983353517684], "aligned_model": [[-0.2877031835781635, -0.36144979916331077, 0.35038894640425566, -0.5285115562068778, -0.35563275195154753, 0.037707052243570016, 0.5825259004961163, -0.07418103671997983, -0.09032350290729371, -0.07090541503778405, 0.47178872116794046, -0.0735456878196398], [-0.6403358540595717, -0.4840757839833832, -0.5460817538713748, 0.10801801914280143, 0.4030687550092891, 0.03094483698773881, -0.13956878398840772, 0.6150877747019685, -0.28072467775771565, 0.47572205951330293, 0.006172144919680725, -0.031899093898529414], [-0.19973795505586017, 0.5394173513957357, -0.17979616244429308, -0.26912973070480006, 0.5137790144918186, 0.7895449508632333, 0.5002160218790073, 0.016703200205452517, -0.6852937606157825, -0.6229874394664705, -0.4741394490176187, 0.0420886808399997]], "inverted": false, "swapped": false, "error_lsq": 0.03997979213318277, "error_max": 0.22252178817014562, "target": "344.xyz", "model": "23.xyz", "model_rescale": 4.410303926677745, "target_rescale": 3.7744534549186524},
{"mapping": [7, 13, 11, 0, 5, 15, 9, 4, 1, 3, 10, 16], "R": [[-0.6382582802134362, 0.49486367560415856, -0.5896917078495586], [0.6386647881972484, 0.7680659895168208, -0.04671107004245423], [0.4298065332867229, -0.40642905692763814, -0.8062764821256788]], "T": [-0.038371042961955426, -0.08621801128309738, 0.1254273984421254], "aligned_model": [[-0.3799355502772503, -0.4050637819616219, 0.3344273220701439, -0.6712653232847554, -0.3480146934079375, 0.2122324839319596, 0.5563386476864909, 0.03661923968503464, -0.027689505591549535, -0.13387103067647466, 0.48429292628151693, -0.05791304752827108], [-0.5548671559478913, -0.593190129457016, -0.5689314929921987, 0.07842563167993612, 0.3675072872891125, 0.09757768051731057, -0.09631085769555017, 0.5876567138895318, -0.295790724403986, 0.4371271732854497, 0.09309931053791247, -0.0359757939868123], [-0.19958423708761205, 0.4458994415103311, -0.04407351664812867, -0.25235972660677564, 0.43178698553216244, 0.7678689964249222, 0.32199418589236595, 0.006458136558273514, -0.7066185932223329, -0.5999969978732326, -0.21874061231020173, 0.018030660200650694]], "inverted": true, "swapped": false, "error_lsq": 0.03476310537091936, "error_max": 0.1820900473719581, "target": "344.xyz", "model": "24.xyz", "model_rescale": 4.28219845311461, "target_rescale": 3.7744534549186524},
{"mapping": [1, 6, 5, 4, 2, 14, 11, 13, 3, 7, 9, 15], "R": [[-0.08100910522698151, -0.43177351800620867, 0.898336882254573], [0.9221439613836687, 0.30959102347696216, 0.23195670429225024], [-0.3782697970416872, 0.847186536325401, 0.37307765051663394]], "T": [-0.00876245304301599, -0.0369030257982074, 0.04829551748460528], "aligned_model": [[-0.2272580934443213, -0.43777844205130995, 0.4463172667473903, -0.6054800657307355, -0.46153433855017406, 0.12329082830401411, 0.48828379473172057, -0.0031415078572140723, -0.13468782149884195, -0.007811155713672434, 0.5008726316858233, -0.0809154096953936], [-0.5640962453983116, -0.450687736493321, -0.7220502390089366, 0.12890138007382812, 0.28689355533820404, 0.1544028979586959, -0.10455550572635838, 0.5565712089301347, -0.25052875378072853, 0.4722631064058396, 0.060430174405852584, -0.051216199989100084], [-0.24188436324452298, 0.7242575203599285, -0.17251305521853635, -0.34040174611188867, 0.4469600608372638, 0.7736289575765599, 0.2600624667028931, 0.07424151189282957, -0.6855656374916118, -0.5401727914326953, -0.3849157617202822, 0.05696756022048431]], "inverted": false, "swapped": false, "error_lsq": 0.04000989522119905, "error_max": 0.23637726596980083, "target": "344.xyz", "model": "25.xyz", "model_rescale": 4.100010024507729, "target_rescale": 3.7744534549186524},
{"mapping": [9, 7, 5, 10, 8, 3, 2, 1, 4, 0, 6, 11], "R": [[0.2039858226171194, -0.02797323676607419, 0.9785741066449931], [-0.3504242395330601, -0.9354456585445542, 0.04630628745453391], [0.9141075628824507, -0.3523619132865733, -0.2006201523928537]], "T": [0.005785097876110132, 0.009700614191342695, 0.019233529940428516], "aligned_model": [[-0.5879184856364083, -0.131343068498378, 0.2743924467005549, -0.5789110782662311, -0.4612486749271389, -0.02787133104508742, 0.6433309826705357, 0.1050468041343536, 0.02631544505563059, -0.14338435819111883, 0.5238716883532637, -0.04212268342269042], [-0.549966944898064, -0.49354176278582973, -0.6658247942833407, 0.06878870139653634, 0.24558672353750602, 0.11182241865834383, 0.08390618525235272, 0.6975799623885113, -0.414057489999921, 0.5386602581280919, -0.021829731484058514, -0.08479588319432924], [-0.09738199375262692, 0.45108908761739996, -0.16971536522475913, -0.24466293098591288, 0.3403176737929507, 0.8232919906859275, 0.38772513688674687, 0.14618103780388478, -0.7461729987808519, -0.5021009542410484, -0.3694491944149565, -0.04845676701633182]], "inverted": false, "swapped": false, "error_lsq": 0.051623937841927446, "error_max": 0.2553283765949094, "target": "344.xyz", "model": "26.xyz", "model_rescale": 3.6694154284099745, "target_rescale": 3.7744534549186524},
{"mapping": [0, 2, 4, 6, 12, 11, 10, 9, 5, 7, 8, 13], "R": [[0.3245393589594014, -0.8359591751950538, -0.442545434835144], [-0.9458684647927434, -0.28813937808658063, -0.14936045697070477], [-0.002655521952467099, 0.4670631180077104, -0.8842199907263328]], "T": [-0.04986295408553771, 0.007097415357493267, -0.09047129693748354], "aligned_model": [[-0.25011609963803294, -0.2952178683240563, 0.426857246900991, -0.7269639293342512, -0.46653356979081073, -0.02169239402599677, 0.4264543738942209, 0.22178864549524607, -0.10099469394591126, -0.08552296697126271, 0.5422594148756636, -0.07016047220851401], [-0.6043957081771786, -0.40148270314567774, -0.6594410050864111, 0.01767923050605329, 0.38461724139506787, 0.1299164137230066, -0.07766340309957169, 0.5995132798071814, -0.28618226901604127, 0.40369136424201285, 0.03902442405842427, -0.028949222491067413], [-0.24182578381938402, 0.3942893646536021, -0.027265647408068694, 0.021835097848363128, 0.46952619619422487, 0.7582320566741396, 0.2670592984153455, 0.10980947464052707, -0.8235136365289709, -0.5778829585825623, -0.3286497147700717, -0.05094902494672227]], "inverted": true, "swapped": false, "error_lsq": 0.04555872267199638, "error_max": 0.29899818790960675, "target": "344.xyz", "model": "27.xyz", "model_rescale": 4.103607728864725, "target_rescale": 3.7744534549186524},
{"mapping": [4, 2, 1, 13, 12, 3, 0, 10, 8, 11, 5, 14], "R": [[0.7934949603485564, -0.5948243563241641, 0.1286457656706485], [0.5185143232746722, 0.5501225763798037, -0.6546052608375954], [0.31860421287304447, 0.5861306476211523, 0.7449444405180543]], "T": [0.037545637455805976, 0.18229187459431012, -0.06725734577580716], "aligned_model": [[-0.47306782139817627, -0.20387021151237897, 0.3926952406122094, -0.581474351651756, -0.6004138060868582, 0.07630947982132152, 0.4981002996041152, 0.04536284276947549, -0.18686617297529065, -0.17518679063411965, 0.7207825606598347, 0.08778641771890913], [-0.5635299959088624, -0.353117078030674, -0.6393669571578389, 0.10462640996831378, 0.13674250763676585, 0.10886735803973585, -0.1746521763654284, 0.660527806190498, -0.32442215511541855, 0.459571315166567, 0.055427423038600765, 0.04565318525353973], [-0.13532290425319748, 0.37588636403859316, -0.027177978809595382, -0.24234264396901156, 0.5056533110366117, 0.6788237875204299, 0.34526185212843025, 0.10882377569143728, -0.6715422191931266, -0.6587996175824709, -0.2958030262951078, -0.012795977942570674]], "inverted": true, "swapped": false, "error_lsq": 0.03971931917020471, "error_max": 0.23622734163233378, "target": "344.xyz", "model": "28.xyz", "model_rescale": 4.137296879288765, "target_rescale": 3.7744534549186524},
{"mapping": [3, 4, 5, 6, 2, 1, 0, 7, 10, 8, 11], "R": [[0.8645468446571688, 0.4959485751592178, 0.08120199622469185], [-0.48613496817470153, 0.7843524721620528, 0.3853102543808794], [0.12740308517110216, -0.3725938944894531, 0.9192073997080676]], "T": [-0.04256716102081064, -0.03476688720026557, 0.062492452300765056], "aligned_model": [[0.41729268823460774, 0.20551524130444415, -0.2033753428575809, -0.5520272721966557, -0.021076860760531575, 0.47186998969161315, 0.6485020137510469, -0.41373254463352693, -0.5695818528346733, 0.26224134289390916, -0.024208391882754275], [-0.35850851081868496, -0.6791565730508086, -0.3255878761341115, 0.1885471729766904, 0.6904486442507636, -0.05269332022575165, 0.36854627124886097, -0.5638104112185758, 0.249492795087172, 0.39378641473935616, 0.008083209793041245], [0.3900380475151166, -0.22838496268520148, -0.5888787473569231, -0.3116736812783189, -0.1755867838513653, -0.5140606931168705, 0.037104228136725176, 0.24901833127165163, 0.3380053407038887, 0.6434086206009811, -0.03323567815668557]], "inverted": true, "swapped": true, "error_lsq": 0.03574388160106949, "error_max": 0.1989697490445236, "target": "344.xyz", "model": "29.xyz", "model_rescale": 3.607286011436655, "target_rescale": 3.7744534549186524},
