[{"mapping": [7, 10, 0, 4, 3, 11, 9, 12, 2, 8, 6, 13], "R": [[0.180129097671948, -0.9379472512482081, -0.2963249264706249], [0.457640489825417, 0.34657435899334926, -0.8188109646070343], [0.8707001149903695, 0.011881395721065002, 0.49167076605333904]], "T": [0.04342342116856895, -0.15132174447528052, 0.012634604137978372], "aligned_model": [[-0.11766046481377451, 0.07389699308154249, 0.49838820078845353, -0.19363557427113934, -0.1812452034272959, -0.7220552822063373, 0.32702511872473317, -0.24259446712331378, 0.605400296550985, 0.22115814835409142, -0.49673256706594654, 0.06569726386855043], [-0.3399867336351382, -0.7384137107326934, -0.18069176609459908, 0.5825041191152187, 0.3095406330559907, -0.5412896764592028, -0.24303801491418375, -0.4884748991462734, 0.2154814252602117, 0.37967936394093, 0.23283516325191028, -0.13459086766511377], [-0.6202805546571026, -0.15628726008532765, -0.48075714383301293, -0.10699345083183037, -0.7100971956408948, -0.02034298068402876, 0.6344074271076718, 0.6336018111556814, -0.02128076994651698, 0.46217299801258704, 0.5719039504456701, -0.00409508568933388]], "inverted": false, "swapped": true, "error_lsq": 0.043293467609550614, "error_max": 0.23359248897469656, "target": "345.xyz", "model": "0.xyz", "model_rescale": 3.751011558992144, "target_rescale": 4.107070924286123},
{"mapping": [0, 7, 1, 2, 8, 5, 10, 3, 4, 6, 12, 9, 11, 14], "R": [[0.005165716263535736, 0.905470898930689, -0.424376915683611], [0.7195289637964899, -0.2980791548108745, -0.6272375050371145], [-0.6944432198772152, -0.30211135142010914, -0.6530523299933024]], "T": [0.004768032791560819, 0.11245985848384932, -0.04647892801529009], "aligned_model": [[-0.31430929314835165, -0.05722580879155045, 0.3098559793220955, -0.5827694076954604, 0.16094357507568915, -0.16307659141995523, 0.5949664198332596, -0.7022845154583682, 0.7252822793750517, 0.48439612693645373, -0.41600455628299754, -0.10352985171705534, 0.2094525559309057, -0.015410216194174275], [-0.4214341460483457, -0.5202622015439723, -0.41917755386560207, 0.3225585143217685, 0.3724343532749378, 0.7011336284710012, 0.5858378304552936, -0.1760212127158718, 0.22708688772155797, -0.3620478433355848, -0.12601961871707698, 0.5956201990311814, 0.01907579966890205, 0.1171392100690303], [-0.480819083302706, 0.141926438567411, -0.3780940002119517, -0.5890620210334636, -0.6367675982354202, -0.17048466033452148, 0.2698008653867552, -0.06264231520728293, -0.3519193224430244, 0.28295251779873265, 0.5174830133554701, 0.38828224190152577, 0.7191023233703101, 0.004263109586479852]], "inverted": true, "swapped": false, "error_lsq": 0.04717339826053683, "error_max": 0.2803132512961923, "target": "345.xyz", "model": "1.xyz", "model_rescale": 3.9405287249114394, "target_rescale": 4.107070924286123},
{"mapping": [6, 5, 4, 10, 7, 8, 12, 11, 0, 2, 1, 9, 13], "R": [[0.8607869143083151, -0.17731825520349453, -0.4770787403848105], [-0.3293273771162476, -0.908722174872034, -0.2564517256279883], [-0.38805845801541533, 0.37786537982121166, -0.8406119127726357]], "T": [-0.019068038933623747, -0.10159803251258552, -0.01348149943180028], "aligned_model": [[-0.3337081460634483, 0.21365176606350406, -0.37866470016021037, 0.47799089577513487, 0.5164662530717387, -0.71581713109041, 0.038642466742897785, 0.6340510238553188, 0.04465882563172405, -0.5269645489584699, -0.03859496344178008, -0.40283436051874644, -0.032894101623321764], [0.702941272427291, 0.38278473907134625, 0.24134484160672703, -0.34974099117602137, -0.27797406584597756, 0.07014839738858665, 0.3238153689614048, 0.4499342044042159, -0.713490276498893, -0.5105466400644809, -0.6285251302783205, -0.10809532592416349, -0.12376380049969753], [0.06297327734341872, -0.37922974458137504, -0.6152195348380405, 0.24244368325594823, -0.3932427555419486, 0.012603828804866369, 0.6164166587650676, 0.07799437640592642, -0.28332911256267485, -0.17570048068191782, 0.4208764734792874, 0.5593399702243305, -0.03280629048424451]], "inverted": true, "swapped": true, "error_lsq": 0.041680225718149895, "error_max": 0.26139123790417135, "target": "345.xyz", "model": "2.xyz", "model_rescale": 3.932901565614263, "target_rescale": 4.107070924286123},
{"mapping": [10, 6, 12, 11, 8, 3, 7, 1, 9, 5, 2, 0, 4, 13], "R": [[-0.6464989712591686, -0.42844726063353017, 0.6312464059434011], [-0.6607176589104753, 0.728114281742048, -0.18248771993513138], [-0.3814331597602627, -0.5350537707360691, -0.7538078051177345]], "T": [-0.021853510179884114, 0.15753287956257628, -0.052836677488715136], "aligned_model": [[-0.31309035800866875, -0.037039768354772275, 0.2687399399263285, -0.36321309736186175, 0.21372192522848832, -0.19245847967297253, 0.5713759551412297, -0.7397795038711524, 0.634508563014014, 0.5270242499404078, -0.35335026407713277, -0.31993792277657046, 0.21666903057604586, 0.017116426062159205], [-0.3840426019737217, -0.4908682465094583, -0.4860223052355311, 0.23525344222191094, 0.6242274685416679, 0.6348598711748941, 0.4919216957037729, 0.0440856083314146, 0.08975859511580224, -0.27145801226116784, -0.16977437033982584, 0.4605239460085677, 0.08663918525401869, 0.05081957075487535], [-0.4202908060091507, 0.16172710778951382, -0.3435633206337446, -0.8745068331754693, -0.5680910810426311, -0.11397885232585822, 0.16165217644466956, 0.09027378734444018, -0.3759286375081204, 0.12464488446144069, 0.6379452848519451, 0.4651328445527041, 0.7846043569706647, -0.07559940252208974]], "inverted": false, "swapped": false, "error_lsq": 0.0458096074831591, "error_max": 0.263683200727701, "target": "345.xyz", "model": "3.xyz", "model_rescale": 3.9243930471874484, "target_rescale": 4.107070924286123},
{"mapping": [7, 0, 3, 5, 4, 10, 11, 2, 8, 9, 6, 12, 13], "R": [[-0.12420823600603131, -0.5948938685268393, 0.7941496076290925], [-0.8452900425858426, 0.48260033509614175, 0.2293069132632422], [-0.5196701434693881, -0.6428049484519105, -0.56280079977932]], "T": [-0.08591906007082076, -0.02678830801173749, -0.1507580293245958], "aligned_model": [[-0.03564613229112413, -0.1135554260576401, 0.6013663328418236, 0.3173453155877314, 0.6883773304866788, -0.5847519889546651, -0.20313321547963772, 0.08965851921894355, 0.22192882828119062, -0.425980181387713, 0.273184430826267, -0.47886514835094807, -0.07272277840955427], [-0.6028625671936121, -0.03729997280332736, -0.43653057589318467, -0.46373140644018174, 0.03874823545671962, -0.3497424595685061, -0.7210657939362587, 0.4798165779702902, 0.586699058467787, 0.5106324399846296, 0.11160101195653552, 0.026881728276677723, -0.015316722595981654], [-0.5081586103691377, -0.8218889420448424, -0.5314960480638107, 0.1119500366644317, -0.07879763765723513, -0.29569434877289835, 0.34255705123463553, -0.5557726334338331, 0.060191032682193085, 0.11566384270430663, 0.6264294011217542, 0.5002347918563014, -0.17814762055090125]], "inverted": true, "swapped": true, "error_lsq": 0.045360407731653105, "error_max": 0.3590419993354206, "target": "345.xyz", "model": "4.xyz", "model_rescale": 3.8936222436046832, "target_rescale": 4.107070924286123},
{"mapping": [11, 12, 10, 7, 1, 9, 8, 2, 3, 5, 0, 13], "R": [[0.5578862249078301, -0.5022438708091821, 0.6606921024900327], [0.2899505752940841, 0.8638814562838607, 0.41187072410588504], [-0.7776192024022555, -0.03820894821224376, 0.6275734636931315]], "T": [-0.09467253416864133, -0.05326199318815043, 0.015805511428188354], "aligned_model": [[0.04023948431939581, -0.6418381840517381, -0.24011206856105718, 0.3883860095803777, -0.5717365108777179, -0.7437078589178018, -0.2790543094293005, -0.10993631358219011, 0.7831602133317461, 0.36618733698361483, 0.11785012936318845, -0.08188988594342012], [-0.6746255969073442, -0.5618982843219412, 0.10782946837959716, 0.1173139336515397, 0.4108473030529202, -0.08423335265749064, -0.15634134073682615, 0.42231848930426397, 0.04153228311256964, -0.5058330243018746, 0.5794756936906236, -0.027462667156229893], [-0.5628361511209383, -0.1357782253267391, -0.556066060244588, -0.43105284553106343, -0.13818422537636926, 0.24653730946225794, 0.7021105361912204, 0.49025577025641986, 0.09087274069453626, -0.057301238146748604, -0.0601425163210217, 0.030869624738552315]], "inverted": true, "swapped": true, "error_lsq": 0.04045401387438765, "error_max": 0.19162856605076906, "target": "345.xyz", "model": "5.xyz", "model_rescale": 3.6523030999806103, "target_rescale": 4.107070924286123},
{"mapping": [0, 2, 4, 7, 5, 1, 8, 10, 9, 12, 6, 11, 13], "R": [[-0.8101456409635199, 0.5760998893264577, -0.10850326237423037], [0.5698442271227826, 0.7304439011969266, -0.3764694728913001], [-0.1376284754062413, -0.36682506010666455, -0.9200531387018338]], "T": [0.08260822063483358, -0.08300521663742125, 0.072999286786123], "aligned_model": [[0.15839758646351232, -0.28966647013516245, 0.26726613583688685, 0.6793827189691033, 0.5954570573178402, -0.3233263293225339, -0.41533492818983686, 0.23797488701395395, -0.5628694992061585, -0.169471295723022, -0.01616953320665139, 0.6402014585832383, 0.0792411162631248], [-0.479161437761096, -0.05690932547494659, 0.5937265897252924, -0.3646379127892676, 0.29265965474315825, -0.6315158425978039, 0.4136196829890575, -0.6340709181893162, -0.0931585443441023, -0.026970502871951713, 0.666036470280441, -0.0537035334621814, -0.08508747608409993], [0.6102210159842784, 0.63178671100791, 0.41496968541643586, 0.23630059506804424, -0.0627170755241222, 0.10545772377030077, 0.2180954878524538, -0.14224012222896465, -0.16927878409322075, -0.6442139190354993, -0.35280199280898367, -0.5807218668828926, 0.10525228095604938]], "inverted": false, "swapped": true, "error_lsq": 0.03478747539544655, "error_max": 0.21829786936455586, "target": "345.xyz", "model": "6.xyz", "model_rescale": 4.08911054899281, "target_rescale": 4.107070924286123},
{"mapping": [1, 11, 9, 0, 3, 6, 4, 2, 8, 10, 13, 7, 5, 14], "R": [[0.9360248642883051, -0.30466492524389865, -0.17617246311552232], [0.08755704988610408, -0.2832499979846968, 0.9550409423982367], [-0.340868327143052, -0.9093672096396479, -0.23845347886516227]], "T": [0.034933984933989505, 0.01979124745327117, 0.07412252535194565], "aligned_model": [[-0.4471986903802614, 0.12581535233894942, 0.19790129153485309, -0.37425042390482843, 0.22790626076420792, -0.15834361889789172, 0.5180926163569157, -0.7390166517925661, 0.6532092325231575, 0.6140635985314611, -0.4927591477331283, -0.3878245512838845, 0.34431873216561376, 0.048372695542944516], [-0.34584170156671495, -0.557643965671285, -0.34474153304639044, 0.35795433943067095, 0.46360731239363334, 0.4509713919810778, 0.5327933842335958, 0.22027518285356068, -0.028616874448829738, -0.26870029218344244, -0.3315825647872969, 0.47034425062861634, 0.3914009523414525, -0.0942960353714285], [-0.34037317889680363, 0.12741618969921892, -0.600499455336674, -0.7023245275057497, -0.5521684912909023, -0.08672030872984267, 0.058759119394897946, -0.03050130963906557, -0.20967554588436194, 0.39138648598167924, 0.4401429129796256, 0.5405624206461292, 0.6629251535701552, -0.04490795578999242]], "inverted": true, "swapped": false, "error_lsq": 0.03730233108612394, "error_max": 0.23281619911383936, "target": "345.xyz", "model": "7.xyz", "model_rescale": 3.964800864290218, "target_rescale": 4.107070924286123},
{"mapping": [3, 0, 6, 10, 11, 9, 12, 5, 4, 2, 1, 8, 7, 13], "R": [[0.5190696861860865, 0.8129469026508271, -0.26397726105311414], [0.41943909267368185, 0.026830032612547128, 0.9073869058384566], [0.7447398931303171, -0.5817194193255336, -0.32705505463118567]], "T": [0.027887082972985512, -0.001461590498761059, -0.025044391970319803], "aligned_model": [[-0.3413693990058508, 0.015401498098800016, 0.22850199461376117, -0.5161386521126976, 0.3788053885813724, -0.05858470773363212, 0.45616324290727206, -0.8025286260590451, 0.6946173985211982, 0.5053617218811858, -0.20340445030407228, -0.40013444926303016, 0.19833157912612714, -0.024735843485846114], [-0.5181429394497882, -0.7116873194490955, -0.2388652381121273, 0.3867439741635864, 0.42777384861446793, 0.6715132632936337, 0.594690814402757, 0.09581120685663198, -0.039064688568794914, -0.3278499092959006, -0.23578406944823188, 0.5345631973527945, 0.22115911072454475, 0.055062595702741385], [-0.37526250952731743, 0.06759953189983339, -0.5148392352524545, -0.5030260361125417, -0.6412802275818917, -0.1411658902542721, 0.15344028034259133, -0.029342770253686055, -0.24674258402058902, 0.2975968364961493, 0.6492827494571308, 0.32213362599497264, 0.6293575197625677, -0.013729781752178594]], "inverted": false, "swapped": false, "error_lsq": 0.04482766526377447, "error_max": 0.3327667240734702, "target": "345.xyz", "model": "8.xyz", "model_rescale": 4.121658175737393, "target_rescale": 4.107070924286123},
{"mapping": [11, 12, 10, 7, 6, 4, 9, 2, 1, 8, 3, 0, 13], "R": [[-0.1897775242923846, -0.9765954120112513, 0.1012219961867378], [-0.9163602057274565, 0.1391639598171765, -0.3753896184594577], [0.35251732529421487, -0.1639963216861215, -0.9213233644279489]], "T": [-0.011291965196431289, -0.005136699675102068, -0.06868561216239885], "aligned_model": [[-0.4609687454240328, -0.16249642467204467, 0.3344885108647451, 0.02780024712641311, -0.7377008650049869, -0.5709471495391405, 0.19788256590958092, 0.2853113260242273, 0.6400923625599112, -0.1868715014468602, -0.345035048188979, 0.45387758796859, 0.0013046302577736472], [0.19319090726719274, -0.5399494419027757, 0.19235499990513247, 0.657345625933819, -0.47857591476434386, 0.10910754773530038, -0.6614003870088344, -0.09886297576008009, -0.18877954757552884, -0.5126619209735203, 0.7157452759528843, 0.39677469965149975, 0.006098570950964197], [-0.7740770694722511, -0.5904051694961457, -0.5329841180975611, -0.2160391390355806, -0.08636732571517537, 0.4630498140610606, -0.1004224791686889, 0.5269272647972877, -0.16182034113304475, 0.40799725322128055, 0.3239415749789186, 0.20219347475637175, -0.04091830573738304]], "inverted": false, "swapped": true, "error_lsq": 0.04755161538345379, "error_max": 0.3574769391427892, "target": "345.xyz", "model": "9.xyz", "model_rescale": 3.833441315466971, "target_rescale": 4.107070924286123},
{"mapping": [6, 7, 4, 1, 5, 0, 13, 12, 2, 9, 11, 10, 8, 14], "R": [[-0.7638566452761038, 0.20976912441358217, 0.6103441159790892], [0.12026400778719262, -0.8828748483706257, 0.45394776191265335], [0.6340816933948645, 0.4201534440621712, 0.6491621442630473]], "T": [-0.040880673157237576, 0.010630658041007143, -0.046540873969778754], "aligned_model": [[-0.4034455672634975, 0.004048721049774218, 0.15439152667939832, -0.4416020419201822, 0.3023466425496371, -0.17093977887818468, 0.4334433930229848, -0.6433590538234352, 0.6716326384354568, 0.593830076778222, -0.3554331571951941, -0.274437155705845, 0.22449335012584487, 0.03531710191056307], [-0.3067495561037533, -0.5799205473653376, -0.3857935019878249, 0.35923662392126954, 0.3078846230434005, 0.6677735147111945, 0.6493289011339408, 0.0166017570061147, 0.10488130282012666, -0.2552528409762115, -0.23375897176143368, 0.5090709285639581, 0.10345702335908936, -0.04083540957731389], [-0.5251284472268141, 0.25865512880732244, -0.7103399651160645, -0.5598684478280966, -0.5478095559258931, -0.16930429136307026, -0.09915053018339344, -0.0485912685069194, -0.05612480268231447, 0.38282884480349716, 0.5072348249139369, 0.564002170950397, 0.6804524245173009, -0.022834575961574455]], "inverted": false, "swapped": false, "error_lsq": 0.042981593129647826, "error_max": 0.25627745395891166, "target": "345.xyz", "model": "10.xyz", "model_rescale": 4.2482417240324, "target_rescale": 4.107070924286123},
{"mapping": [11, 10, 1, 0, 6, 8, 12, 2, 7, 4, 5, 13], "R": [[0.033110500983099235, -0.8452787235118867, -0.5332987664553176], [0.8472862985596422, 0.3067533004625099, -0.4335992861254018], [0.5301034078344989, -0.437500048266823, 0.7263498363521386]], "T": [0.05014696452298382, 0.0320408286844453, -0.008568623585665847], "aligned_model": [[-0.7362063396616677, 0.027151600523096155, 0.47925727751041514, 0.600902641701199, -0.5417918523846709, 0.19514109088880718, -0.42824153547453125, 0.6543884389550313, 0.020110002746344058, -0.0309718683606763, -0.44116331619283033, 0.07818946211249071], [-0.31143905104337316, -0.5558837727409058, -0.25191132847472975, -0.2565091808127162, 0.6571998374638219, 0.7191806241896723, 0.07564255978776002, 0.3218647623769229, -0.46138860238136187, 0.5935142921475873, 0.09859790617360262, 0.03726334336435902], [-0.06139103944371732, 0.15863211778578218, 0.44080408086407813, -0.2629267213641973, 0.09589129159479476, 0.14127190066183307, 0.5833115048473123, -0.05763138366989462, -0.47520474753640224, -0.5444562253338137, -0.42897475980905203, -0.02413372874236664]], "inverted": false, "swapped": true, "error_lsq": 0.04303191071500356, "error_max": 0.2171622299072657, "target": "345.xyz", "model": "11.xyz", "model_rescale": 3.6694154284099745, "target_rescale": 4.107070924286123},
{"mapping": [7, 9, 10, 5, 12, 0, 1, 6, 2, 8, 11, 4, 3, 13], "R": [[0.1641207893250395, -0.9544089029956556, 0.24933514071216578], [0.032588796480125276, 0.2578705221368963, 0.965629724147316], [-0.98590178864596, -0.1503543803667654, 0.07342495113531256]], "T": [-0.03994089749358308, 0.05538717858294258, -0.07658681541115275], "aligned_model": [[-0.3594424903025242, -0.03876959602637524, 0.2915637486548753, -0.5456464582198445, 0.26041817844558834, -0.2639543089014916, 0.4961472117911375, -0.594419757353723, 0.6104605072490396, 0.37727394567033035, -0.36804056537198415, -0.13451902031170782, 0.4445142012716049, -0.04529890082938323], [-0.43230763987956444, -0.7401047586081286, -0.3431211615664986, 0.25769253181696977, 0.2848266819532121, 0.7329510982337881, 0.6921956114165342, 0.13641529062182295, 0.07593955420965166, -0.34906069286242203, -0.30296813047628796, 0.449033213833126, 0.2784632880518707, 0.1759689600431456], [-0.5372795706254236, 0.0323970036032241, -0.4437714552339061, -0.6664217265346593, -0.6413083751737141, -0.11483587712816995, 0.07689951315631416, -0.00015074747667530308, -0.023022032603425807, 0.40813119048311436, 0.4792555447182464, 0.5429100993239436, 0.59927501016264, -0.05805706747319411]], "inverted": true, "swapped": false, "error_lsq": 0.04841242302494784, "error_max": 0.25538127292042123, "target": "345.xyz", "model": "12.xyz", "model_rescale": 3.9764082729961374, "target_rescale": 4.107070924286123},
{"mapping": [12, 5, 13, 10, 11, 8, 3, 1, 14, 4, 9, 2, 7, 15], "R": [[-0.15777686569654603, -0.9470032909482408, -0.2798056961253219], [0.9678447364020691, -0.09208466324510058, -0.23408754989073266], [0.19591586681477313, -0.3077420701305532, 0.9310809800452258]], "T": [0.024373663893220588, -0.0504022067607193, -0.0013157493360348924], "aligned_model": [[-0.41530585015777993, 0.022569348491815373, 0.15276223735011793, -0.42946506382550953, 0.21156609538108614, -0.08170843516255079, 0.552971725917878, -0.579398900105813, 0.6773839598853315, 0.4571156086049488, -0.39962754576474424, -0.3954545121418531, 0.2360354528068087, 0.12084257448580668], [-0.3264216585642552, -0.8152658378938241, -0.27355283769065364, 0.34467236814919733, 0.4462031645650425, 0.6437615861504372, 0.604461021632438, 0.14320298399093953, 0.06563310759612616, -0.2720420333581125, -0.37928934647280255, 0.44880017500453073, 0.3101831320744498, -0.024421978396293842], [-0.3724070077863246, 0.34191052595554655, -0.5564740297463825, -0.5343198660562142, -0.5919821505418877, -0.0821616120605288, 0.012163428527597837, -0.03734767042057233, -0.4473218016777864, 0.52733717871054, 0.2698951465701019, 0.4578147316310693, 0.6281373461794423, 0.0387772899137132]], "inverted": true, "swapped": false, "error_lsq": 0.042995155525984666, "error_max": 0.24943564186552045, "target": "345.xyz", "model": "13.xyz", "model_rescale": 4.170626492500431, "target_rescale": 4.107070924286123},
{"mapping": [9, 11, 10, 7, 8, 0, 4, 1, 12, 5, 3, 2, 6, 13], "R": [[0.16315952710337464, 0.9679417306281126, 0.1909653759822908], [0.516427205739158, 0.08113495721011776, -0.8524787738653425], [-0.8406437473078883, 0.23770974912099607, -0.48663350201664557]], "T": [-0.027177961513404077, 0.1302713445815744, -0.005280699458022162], "aligned_model": [[-0.3933305868231912, 0.09255945580319169, 0.07997392747167056, -0.33119790779576364, 0.31642868826195775, -0.41501764493795784, 0.47482614244349647, -0.7657336256826129, 0.6418720805809726, 0.7185641189204643, -0.4310630852375151, -0.14828611720810392, 0.26945942317923205, 0.02123182678970209], [-0.5367013467328281, -0.5397944424831808, -0.1538226791948465, 0.3355956381892292, 0.46362896338992915, 0.5696086462561816, 0.6271098496564738, 0.04448475265393688, -0.014338899221013834, -0.27092019448600785, -0.139645107758056, 0.5835662667427824, -0.1090148657465905, 0.056167265521209736], [-0.28346431235326797, 0.18533525745741314, -0.48081972342585794, -0.728359954869071, -0.5730513054403141, -0.11673258076246491, 0.0595769144233816, -0.20019263204391113, -0.2644448168567117, 0.32658362041830474, 0.484102095520133, 0.45600955125560066, 0.744544372528495, 0.044935023346584294]], "inverted": false, "swapped": false, "error_lsq": 0.04711522308282063, "error_max": 0.2937139431632655, "target": "345.xyz", "model": "14.xyz", "model_rescale": 3.9786697098870705, "target_rescale": 4.107070924286123},
{"mapping": [0, 9, 7, 3, 10, 11, 8, 6, 5, 4, 12, 13], "R": [[-0.7594662382581645, 0.6002820575031943, -0.2507438621097724], [-0.14059399744910672, 0.22487528724277822, 0.9641910770530697], [0.6351727015759363, 0.7675236521614235, -0.08638913441814844]], "T": [-0.06730451015945776, -0.0302988062939554, -0.14806075585369186], "aligned_model": [[0.029739515620774537, -0.734118705649168, 0.5130862259722129, 0.6654192217185164, 0.006330480418722487, 0.4115085833153251, -0.49302752415561135, -0.13893104460301953, 0.4615383153128962, 0.22226448342852295, -0.39332414034336355, -0.06713081426847184], [-0.4198033340316478, 0.11314197696952885, -0.024090341455479503, -0.5266910912149875, 0.34946475588059955, 0.6601403105867599, -0.37578974952266053, 0.1517363326187803, 0.06511352893869943, -0.5183225783601785, 0.6006086421067681, -0.06083396229174361], [-0.6867254435422038, -0.04693305987563444, -0.5019422940375186, -0.10422003817168152, -0.6218726770300711, 0.034016155903739936, 0.31565521481724523, 0.6968416473055027, 0.21769696191463503, 0.3876544975970423, 0.12896947102805975, -0.1591739420352854]], "inverted": false, "swapped": true, "error_lsq": 0.05026633328029815, "error_max": 0.22921543417088064, "target": "345.xyz", "model": "15.xyz", "model_rescale": 3.769337070930944, "target_rescale": 4.107070924286123},
{"mapping": [4, 3, 6, 5, 8, 2, 9, 0, 12, 11, 13], "R": [[0.45238373960015, -0.8831332291169038, 0.12419602157450277], [0.6581740770094211, 0.4245820548455439, 0.6217209688083012], [-0.6017938488371086, -0.19951385498928692, 0.7733294156885109]], "T": [0.09131698199494968, -0.03580999575307487, 0.1327953832646314], "aligned_model": [[-0.3161144436931514, -0.5185602887376014, -0.2087889188842762, -0.5475395894753087, 0.33969425573005074, 0.4932282114294685, 0.6336708530179743, 0.27511126431091976, 0.18529277293902574, -0.5133362455500979, 0.09996825960416672], [-0.07611760396925948, -0.598314915924544, 0.6857314606495363, 0.06211510782967799, 0.24679845783377252, -0.3487621147250849, 0.38771488749390326, -0.6811488847107021, 0.6661573437408521, 0.3138353352751314, -0.06194457586794114], [-0.5315713580844049, -0.17841082769505753, -0.24329183806763235, 0.06329782177647438, -0.47882359110379735, -0.3054296288892183, 0.08895256902289114, 0.1651735551903631, 0.4147336022402971, 0.6340565639943687, 0.11553073883949291]], "inverted": false, "swapped": true, "error_lsq": 0.05582060152477248, "error_max": 0.2611723130499831, "target": "345.xyz", "model": "16.xyz", "model_rescale": 3.7852294659196426, "target_rescale": 4.107070924286123},
{"mapping": [5, 12, 10, 11, 6, 9, 2, 1, 7, 3, 4, 0, 13], "R": [[-0.9559817906443376, -0.11916797563882103, -0.26813766900342717], [0.2903994177079949, -0.253332951681391, -0.9227624796160991], [0.04203562954570336, -0.9600111505469817, 0.2767879995125458]], "T": [-0.0441280661158972, 0.09104937558580178, 0.0767574173321196], "aligned_model": [[0.07608174782256474, -0.5617876143937512, 0.27176613070022543, 0.07424585554865065, -0.6940408345376088, -0.6153539043252512, -0.09577563696252653, -0.03758013040324589, 0.6128752128487751, 0.5300093501644052, -0.1233620833844414, 0.4485747247222512, -0.03188696758376454], [-0.05236225699913133, -0.46661626184673716, -0.3274132286252627, -0.6457027577009762, -0.01968029388396708, 0.05063374230669865, 0.7082458971667689, 0.054611137281907335, -0.021734223356383503, 0.48080990029148934, 0.5694373546721962, 0.4244227524660841, 0.12040386193018751], [-0.5457694175492619, 0.12276158260707418, 0.39178141155573115, -0.3502133816274515, -0.4866958254849737, 0.46082884148696607, 0.3373601966071619, 0.7589082035218071, -0.05647413272184307, -0.47430005419086807, -0.5346958915167314, 0.38884252963018573, 0.08342063482537765]], "inverted": false, "swapped": true, "error_lsq": 0.04977650802722527, "error_max": 0.33630984237831946, "target": "345.xyz", "model": "17.xyz", "model_rescale": 3.901054581598922, "target_rescale": 4.107070924286123},
{"mapping": [0, 7, 1, 2, 8, 5, 10, 3, 4, 6, 12, 9, 11, 14], "R": [[0.005165716263535736, 0.905470898930689, -0.424376915683611], [0.7195289637964899, -0.2980791548108745, -0.6272375050371145], [-0.6944432198772152, -0.30211135142010914, -0.6530523299933024]], "T": [0.004768032791560819, 0.11245985848384932, -0.04647892801529009], "aligned_model": [[-0.31430929314835165, -0.05722580879155045, 0.3098559793220955, -0.5827694076954604, 0.16094357507568915, -0.16307659141995523, 0.5949664198332596, -0.7022845154583682, 0.7252822793750517, 0.48439612693645373, -0.41600455628299754, -0.10352985171705534, 0.2094525559309057, -0.015410216194174275], [-0.4214341460483457, -0.5202622015439723, -0.41917755386560207, 0.3225585143217685, 0.3724343532749378, 0.7011336284710012, 0.5858378304552936, -0.1760212127158718, 0.22708688772155797, -0.3620478433355848, -0.12601961871707698, 0.5956201990311814, 0.01907579966890205, 0.1171392100690303], [-0.480819083302706, 0.141926438567411, -0.3780940002119517, -0.5890620210334636, -0.6367675982354202, -0.17048466033452148, 0.2698008653867552, -0.06264231520728293, -0.3519193224430244, 0.28295251779873265, 0.5174830133554701, 0.38828224190152577, 0.7191023233703101, 0.004263109586479852]], "inverted": true, "swapped": false, "error_lsq": 0.04717339826053683, "error_max": 0.2803132512961923, "target": "345.xyz", "model": "18.xyz", "model_rescale": 3.9405287249114394, "target_rescale": 4.107070924286123},
{"mapping": [2, 5, 6, 3, 1, 12, 4, 10, 0, 8, 11, 13, 7, 15], "R": [[-0.7715342594192726, 0.046253130498886075, -0.6345041642585239], [-0.6238559662411829, -0.250426469018585, 0.7403312211437283], [-0.12465400084888983, 0.9670301089076476, 0.22206789173229946]], "T": [-0.01595006992335226, 0.183388501663931, 0.05246322012721007], "aligned_model": [[-0.29107660584624484, 0.006890932732711831, 0.30953716074030524, -0.4606478063492354, 0.11518222637239017, -0.04671086167900248, 0.5680830571508413, -0.7189160579893278, 0.6080277796440275, 0.5531074262433542, -0.563585998258109, -0.3041892247899842, 0.3929506799656224, -0.03836601217180617], [-0.5062152289441104, -0.6398053282805729, -0.36608278702764857, 0.47356137529465253, 0.16263126934945624, 0.7032150667110066, 0.6094800760582451, -0.06844442702986414, 0.1672274263265297, -0.3073526800169469, -0.10139170964673183, 0.4659136417311471, 0.16771985477952392, 0.15546729748253352], [-0.39928601006094167, 0.16688721104621507, -0.33538059015050703, -0.6134738801311778, -0.5939831288873754, -0.11775187371383751, 0.16208212965559393, -0.19314425653923578, -0.23574628847574775, 0.1397490391065347, 0.42422702033185566, 0.5895177613087708, 0.6253333792264503, 0.034990996481716885]], "inverted": false, "swapped": false, "error_lsq": 0.04364846197883935, "error_max": 0.32124296826872445, "target": "345.xyz", "model": "19.xyz", "model_rescale": 4.410303926677745, "target_rescale": 4.107070924286123},
{"mapping": [3, 0, 6, 10, 11, 9, 12, 5, 4, 2, 1, 8, 7, 13], "R": [[0.5190696861860865, 0.8129469026508271, -0.26397726105311414], [0.41943909267368185, 0.026830032612547128, 0.9073869058384566], [0.7447398931303171, -0.5817194193255336, -0.32705505463118567]], "T": [0.027887082972985512, -0.001461590498761059, -0.025044391970319803], "aligned_model": [[-0.3413693990058508, 0.015401498098800016, 0.22850199461376117, -0.5161386521126976, 0.3788053885813724, -0.05858470773363212, 0.45616324290727206, -0.8025286260590451, 0.6946173985211982, 0.5053617218811858, -0.20340445030407228, -0.40013444926303016, 0.19833157912612714, -0.024735843485846114], [-0.5181429394497882, -0.7116873194490955, -0.2388652381121273, 0.3867439741635864, 0.42777384861446793, 0.6715132632936337, 0.594690814402757, 0.09581120685663198, -0.039064688568794914, -0.3278499092959006, -0.23578406944823188, 0.5345631973527945, 0.22115911072454475, 0.055062595702741385], [-0.37526250952731743, 0.06759953189983339, -0.5148392352524545, -0.5030260361125417, -0.6412802275818917, -0.1411658902542721, 0.15344028034259133, -0.029342770253686055, -0.24674258402058902, 0.2975968364961493, 0.6492827494571308, 0.32213362599497264, 0.6293575197625677, -0.013729781752178594]], "inverted": false, "swapped": false, "error_lsq": 0.04482766526377447, "error_max": 0.3327667240734702, "target": "345.xyz", "model": "20.xyz", "model_rescale": 4.121658175737393, "target_rescale": 4.107070924286123},
{"mapping": [0, 2, 4, 7, 5, 1, 8, 10, 9, 12, 6, 11, 13], "R": [[-0.8101456409635199, 0.5760998893264577, -0.10850326237423037], [0.5698442271227826, 0.7304439011969266, -0.3764694728913001], [-0.1376284754062413, -0.36682506010666455, -0.9200531387018338]], "T": [0.08260822063483358, -0.08300521663742125, 0.072999286786123], "aligned_model": [[0.15839758646351232, -0.28966647013516245, 0.26726613583688685, 0.6793827189691033, 0.5954570573178402, -0.3233263293225339, -0.41533492818983686, 0.23797488701395395, -0.5628694992061585, -0.169471295723022, -0.01616953320665139, 0.6402014585832383, 0.0792411162631248], [-0.479161437761096, -0.05690932547494659, 0.5937265897252924, -0.3646379127892676, 0.29265965474315825, -0.6315158425978039, 0.4136196829890575, -0.6340709181893162, -0.0931585443441023, -0.026970502871951713, 0.666036470280441, -0.0537035334621814, -0.08508747608409993], [0.6102210159842784, 0.63178671100791, 0.41496968541643586, 0.23630059506804424, -0.0627170755241222, 0.10545772377030077, 0.2180954878524538, -0.14224012222896465, -0.16927878409322075, -0.6442139190354993, -0.35280199280898367, -0.5807218668828926, 0.10525228095604938]], "inverted": false, "swapped": true, "error_lsq": 0.03478747539544655, "error_max": 0.21829786936455586, "target": "345.xyz", "model": "21.xyz", "model_rescale": 4.08911054899281, "target_rescale": 4.107070924286123},
{"mapping": [9, 11, 5, 12, 7, 13, 0, 14, 6, 8, 15, 2, 1, 16], "R": [[-0.584934928132402, -0.021075934534234703, -0.8108063485409145], [0.47334949976919455, -0.8206348627110606, -0.3201541397068801], [-0.658628408830803, -0.5710641181922639, 0.489994277511786]], "T": [-0.019775922626276497, 0.10042988565331068, -0.03278312796755338], "aligned_model": [[-0.36577896634469115, 0.06431909846808923, 0.13689994212740972, -0.419294036345772, 0.26001049277681954, -0.20459624584868305, 0.5061035200958786, -0.6567648939368452, 0.692329153159471, 0.524992448801688, -0.460728740863832, -0.25833752652226405, 0.319524551627423, -0.00839210142914882], [-0.35087031180901473, -0.5600831115703025, -0.5107711968421131, 0.2627134278209463, 0.4814235279593449, 0.6733221571932139, 0.648822166981643, 0.09531838930530173, 0.14481515499000425, -0.28490353585248596, -0.2055609302423549, 0.3525835798443222, 0.02252738268474777, 0.1465871463239661], [-0.4619190470777784, 0.34476638955864475, -0.3484015116340864, -0.6319649324189457, -0.5641583196049704, -0.30548417190037963, 0.11820069792455153, -0.11051027239504009, -0.24842272882382682, 0.15565145968140426, 0.46061047816251777, 0.6002735085395231, 0.6805223952610889, -0.03514243607438871]], "inverted": false, "swapped": false, "error_lsq": 0.04056237941512042, "error_max": 0.2555412722403255, "target": "345.xyz", "model": "22.xyz", "model_rescale": 4.204369325754507, "target_rescale": 4.107070924286123},
{"mapping": [2, 5, 6, 3, 1, 12, 4, 10, 0, 8, 11, 13, 7, 15], "R": [[-0.7715342594192726, 0.046253130498886075, -0.6345041642585239], [-0.6238559662411829, -0.250426469018585, 0.7403312211437283], [-0.12465400084888983, 0.9670301089076476, 0.22206789173229946]], "T": [-0.01595006992335226, 0.183388501663931, 0.05246322012721007], "aligned_model": [[-0.29107660584624484, 0.006890932732711831, 0.30953716074030524, -0.4606478063492354, 0.11518222637239017, -0.04671086167900248, 0.5680830571508413, -0.7189160579893278, 0.6080277796440275, 0.5531074262433542, -0.563585998258109, -0.3041892247899842, 0.3929506799656224, -0.03836601217180617], [-0.5062152289441104, -0.6398053282805729, -0.36608278702764857, 0.47356137529465253, 0.16263126934945624, 0.7032150667110066, 0.6094800760582451, -0.06844442702986414, 0.1672274263265297, -0.3073526800169469, -0.10139170964673183, 0.4659136417311471, 0.16771985477952392, 0.15546729748253352], [-0.39928601006094167, 0.16688721104621507, -0.33538059015050703, -0.6134738801311778, -0.5939831288873754, -0.11775187371383751, 0.16208212965559393, -0.19314425653923578, -0.23574628847574775, 0.1397490391065347, 0.42422702033185566, 0.5895177613087708, 0.6253333792264503, 0.034990996481716885]], "inverted": false, "swapped": false, "error_lsq": 0.04364846197883935, "error_max": 0.32124296826872445, "target": "345.xyz", "model": "23.xyz", "model_rescale": 4.410303926677745, "target_rescale": 4.107070924286123},
{"mapping": [2, 12, 0, 3, 1, 10, 11, 4, 7, 13, 5, 9, 14, 16], "R": [[-0.50630154612945, -0.8229801900721734, 0.2576089112117392], [-0.8551028674748393, 0.44045476239551173, -0.27349348862344214], [0.11161465147208914, -0.3587522948106153, -0.9267356476066309]], "T": [0.024170433679539444, 0.11095363685287365, 0.1341706040331092], "aligned_model": [[-0.5246254657016203, 0.17256663781250695, 0.04857100377778417, -0.39373020749805654, 0.2999864926560929, -0.2414162018859339, 0.41860018927152964, -0.634691854270336, 0.5877236198621382, 0.5721006484732314, -0.3695505693425216, -0.12428387318741474, 0.3291073803900011, -0.010071104591858657], [-0.34156739706217576, -0.6753629942138426, -0.3834287212357599, 0.15704647601372082, 0.4329843618699414, 0.6716609263197908, 0.6052150929441092, 0.08766903386412564, -0.007625636211988918, -0.23384251203393955, -0.3638545602449834, 0.5989527783995477, 0.2499851787480745, 0.11809181963059887], [-0.43761757865804995, 0.05761632857762525, -0.43624723165908785, -0.6611189589032515, -0.611856917795651, -0.06294616548001503, 0.16336422554496044, -0.06392706322287353, -0.19791019791898756, 0.40816826690288244, 0.257227424957092, 0.4978162285781399, 0.722246856660079, 0.019206291615450538]], "inverted": true, "swapped": false, "error_lsq": 0.04385578020746089, "error_max": 0.23078631834302743, "target": "345.xyz", "model": "24.xyz", "model_rescale": 4.28219845311461, "target_rescale": 4.107070924286123},
{"mapping": [3, 7, 9, 5, 11, 8, 14, 1, 12, 13, 4, 6, 2, 15], "R": [[-0.49359461474348704, -0.3990681338610155, -0.7727282710195837], [0.8245576096519561, -0.4972504660491366, -0.26990131970586717], [-0.27653047691218585, -0.7703808139813731, 0.5744948187652488]], "T": [0.01673694647083753, 0.06274881164458437, 0.0033091497073986023], "aligned_model": [[-0.5285118952773429, 0.14439271962344122, 0.14562659351681864, -0.38036040591629244, 0.2980806565704153, -0.37213307317614297, 0.5442720335982849, -0.6157194728799805, 0.7422354594081455, 0.48067839590705186, -0.31603097794575524, -0.2064314513172596, 0.21925601180327817, -0.02506789814911909], [-0.4449264465724264, -0.704753558557913, -0.3032302589688526, 0.2942473874225839, 0.32312406298430285, 0.6054497993423609, 0.5760303309635045, 0.08681117953033768, 0.07087111311665897, -0.2378221507165432, -0.40796310700852056, 0.8108619428430928, 0.17628251977526602, 0.07094103263336698], [-0.20885794865232254, -0.010479289819419181, -0.5501531007091559, -0.7136307243783093, -0.3833787302756409, -0.18695856352960524, 0.1992515868406709, -0.0931132487296033, -0.23753485826783766, 0.22086807280028095, 0.45313619551844964, 0.45355324363654537, 0.6474179523819864, 0.0639009223822747]], "inverted": true, "swapped": false, "error_lsq": 0.04915491340066932, "error_max": 0.2784033389680232, "target": "345.xyz", "model": "25.xyz", "model_rescale": 4.100010024507729, "target_rescale": 4.107070924286123},
{"mapping": [11, 10, 1, 0, 6, 8, 12, 2, 7, 4, 5, 13], "R": [[0.033110500983099235, -0.8452787235118867, -0.5332987664553176], [0.8472862985596422, 0.3067533004625099, -0.4335992861254018], [0.5301034078344989, -0.437500048266823, 0.7263498363521386]], "T": [0.05014696452298382, 0.0320408286844453, -0.008568623585665847], "aligned_model": [[-0.7362063396616677, 0.027151600523096155, 0.47925727751041514, 0.600902641701199, -0.5417918523846709, 0.19514109088880718, -0.42824153547453125, 0.6543884389550313, 0.020110002746344058, -0.0309718683606763, -0.44116331619283033, 0.07818946211249071], [-0.31143905104337316, -0.5558837727409058, -0.25191132847472975, -0.2565091808127162, 0.6571998374638219, 0.7191806241896723, 0.07564255978776002, 0.3218647623769229, -0.46138860238136187, 0.5935142921475873, 0.09859790617360262, 0.03726334336435902], [-0.06139103944371732, 0.15863211778578218, 0.44080408086407813, -0.2629267213641973, 0.09589129159479476, 0.14127190066183307, 0.5833115048473123, -0.05763138366989462, -0.47520474753640224, -0.5444562253338137, -0.42897475980905203, -0.02413372874236664]], "inverted": false, "swapped": true, "error_lsq": 0.04303191071500356, "error_max": 0.2171622299072657, "target": "345.xyz", "model": "26.xyz", "model_rescale": 3.6694154284099745, "target_rescale": 4.107070924286123},
{"mapping": [0, 2, 4, 5, 8, 7, 9, 1, 10, 11, 6, 3, 12, 13], "R": [[0.04466314239437219, -0.35906068994224527, -0.9322449381196227], [-0.6977826270559573, -0.6790213357755448, 0.22809960749743094], [-0.7149158055955591, 0.6403166767309704, -0.2808735381089844]], "T": [0.03639805369419588, 0.10162247795695303, -0.08013539255850005], "aligned_model": [[-0.3311680514102101, 0.09430940192963641, 0.290959498027648, -0.5408077816294171, 0.3170376569464425, -0.2300148102626334, 0.48418158598843697, -0.8406489757519056, 0.6005070176111396, 0.638666481342369, -0.38015158977031993, -0.18963653062266747, 0.1766952712947981, 0.04035752207222589], [-0.3706362454614932, -0.5436197201382941, -0.36415461642736247, 0.22735257694040628, 0.39323433059673696, 0.6708787219792448, 0.5500655481894429, 0.024135159496387643, -0.038427250594718826, -0.22946794147314306, -0.11040522038585376, 0.6380863137845254, 0.02218387884120883, 0.04669831144013133], [-0.360849125152219, 0.12587049994472504, -0.7076549057966923, -0.6064469595975797, -0.5746666179795689, -0.11330223260087807, 0.17136462023852428, -0.013570557147381368, -0.2352413893922529, 0.43350586791907525, 0.4225783246498412, 0.48017357566832847, 0.6968710508263067, -0.06461064238191516]], "inverted": true, "swapped": false, "error_lsq": 0.041880262900029885, "error_max": 0.23276434926270195, "target": "345.xyz", "model": "27.xyz", "model_rescale": 4.103607728864725, "target_rescale": 4.107070924286123},
