[{"mapping": [4, 12, 7, 3, 6, 5, 13, 11, 10, 9, 1, 14], "R": [[-0.7136028384081767, 0.06391260755631623, 0.6976289612760829], [-0.45154512669123015, -0.8033302097638715, -0.3882880021866959], [0.5356099210966829, -0.5920943781831465, 0.6021181443427183]], "T": [-0.08778094163648326, -0.08941141791550117, 0.07994766922270288], "aligned_model": [[-0.27589871664741145, 0.10061197507940928, 0.47375953005548693, -0.1091189729655303, -0.17890640401580188, -0.5253512689793516, 0.414890322562464, -0.2567147881357184, 0.6318124035251269, 0.19986850287466024, -0.4899963834318529, -0.1473137374609323], [-0.30697263245486317, -0.669776276252082, -0.23137536237336553, 0.5514945684675783, 0.383729668366138, -0.7411917674198378, -0.3275204192946418, -0.4715557741434137, 0.1485903466117446, 0.4458675612919892, 0.3123996166541271, -0.040134493476315675], [-0.5436511504370816, -0.03149654276147032, -0.49420908218217563, -0.07957225173253407, -0.6740047810581877, -0.10325033761467786, 0.508638153252462, 0.6222115636164357, 0.08363273420954967, 0.40502717128251997, 0.443980603704934, 0.04464566507378873]], "inverted": false, "swapped": true, "error_lsq": 0.03805199234408784, "error_max": 0.22805592565574595, "target": "346.xyz", "model": "0.xyz", "model_rescale": 3.751011558992144, "target_rescale": 3.846388485317975},
{"mapping": [7, 12, 3, 11, 1, 0, 6, 4, 13, 9, 10, 2, 8, 5, 14], "R": [[-0.05873336067442181, 0.6401976728195505, -0.7659617040429113], [-0.40034881815103696, -0.7179859011686568, -0.5694006230485705], [-0.9144786581156265, 0.2732090508007816, 0.2984721065888397]], "T": [-0.028241064251900108, 0.012158088674905376, -0.00013141137743343662], "aligned_model": [[0.11884437556517573, 0.21528061324554892, 0.6882148976131092, -0.45637372413590255, -0.05740652568457734, 0.5433736959607146, -0.4591700501059523, -0.6020834824008175, 0.40705817372823644, -0.20092076754905597, -0.7890616440872714, 0.6397754959502019, -0.028618236378734063, 0.021057821425517, -0.028785996778778973], [0.002526843927013616, -0.5819034742968299, -0.18243725696419627, -0.5409629949773557, 0.5753553836975457, 0.40878759025186456, 0.05785634254203416, 0.5402583276487978, -0.46044490705835833, -0.5459293412546414, -0.1536999582894923, 0.18176903955548926, 0.5143253576662031, -0.11591929361336682, -0.041432853798263766], [-0.6466220426441734, -0.3739805200638375, -0.17965688499178747, -0.3841763062617082, -0.40957460911606536, -0.3025320113857225, -0.6132689359299879, 0.1317358955584754, 0.3384881098236281, 0.3046796152573218, 0.2569617656712506, 0.4567319189799549, 0.43374200776100763, 0.6091729879278474, -0.011599906341730856]], "inverted": false, "swapped": false, "error_lsq": 0.04161070531650674, "error_max": 0.24285571230152697, "target": "346.xyz", "model": "1.xyz", "model_rescale": 3.9405287249114394, "target_rescale": 3.846388485317975},
{"mapping": [13, 8, 11, 3, 1, 12, 10, 9, 0, 4, 6, 7, 14], "R": [[-0.15062579875077747, -0.9604677263842558, -0.23412307730112586], [0.031188854136039723, -0.2413240391813146, 0.9699432784915296], [-0.988098742094317, 0.1387964505579088, 0.06630551398002171]], "T": [-0.1100671332805591, -0.05806468896379497, -0.06980553382848084], "aligned_model": [[-0.24178114170473397, 0.29573863126484473, -0.2576582775682709, 0.43343369983011343, 0.43730185864461474, -0.7108543395973701, 0.0283130577111302, 0.46710168612071906, 0.04877463379669415, -0.5068679726308976, 0.07921807676986621, -0.5072491808072168, -0.06948745254556149], [0.628780652254567, 0.5653838925304863, 0.31244427805403213, -0.31647462896233697, -0.12346470893717632, 0.0936810683250297, 0.3576339254439384, 0.262107687730427, -0.721714764785567, -0.5991596677787155, -0.7700722163945032, -0.09825739361770117, -0.13205553029046385], [-0.006207383554458629, -0.44390172774662506, -0.6261894337933853, 0.20312952705997914, -0.45949691245341784, -0.04218253405624904, 0.5486753363231434, 0.12845761020325522, -0.2651787496367981, 0.07635186427414226, 0.43796116933779505, 0.6413684291883152, -0.07966684555705221]], "inverted": false, "swapped": true, "error_lsq": 0.039149058457723845, "error_max": 0.2683306955372823, "target": "346.xyz", "model": "2.xyz", "model_rescale": 3.932901565614263, "target_rescale": 3.846388485317975},
{"mapping": [11, 1, 2, 13, 5, 4, 0, 12, 10, 7, 3, 9, 6, 14], "R": [[-0.11364051770795924, -0.7923918326379873, -0.5993338104125938], [-0.2096531124165646, -0.5705318858029589, 0.7940648208655052], [-0.9711495277191429, 0.21589013606631352, -0.10129187509447307]], "T": [0.0041316414896447155, -0.040391083157339344, -0.016884862077478153], "aligned_model": [[-0.25645188333792207, 0.5472222262642353, 0.21749150247822466, -0.38959897407769684, -0.4349447875044967, -0.1528045398444334, 0.4185811861757321, -0.608459850850348, -0.05555301745207995, -0.37148015830327413, 0.594842314326521, 0.4008078845729177, 0.439258902145617, 0.07089910745970722], [0.1349706659246483, 0.04574522352815606, -0.31881130436094884, 0.5383297520435949, -0.6206719396195612, -0.6579033902097399, -0.611327620514327, -0.13512547598140529, 0.500479273688182, -0.1045152806601851, -0.010061141643699076, 0.5112054386231804, -0.5159283611318526, -0.0928892013355539], [-0.6251344557479358, -0.4085256412464497, -0.645019295783291, -0.07352605518023662, -0.36377525140147127, 0.23933038503923812, -0.09496090694438261, 0.005299154115494385, 0.5107229473754564, 0.7041846915779368, 0.2777392981480818, 0.09857814715670639, 0.6037109798331752, -0.014727633885225647]], "inverted": false, "swapped": true, "error_lsq": 0.04451625415798153, "error_max": 0.32971098482617467, "target": "346.xyz", "model": "3.xyz", "model_rescale": 3.9243930471874484, "target_rescale": 3.846388485317975},
{"mapping": [9, 10, 8, 1, 11, 3, 0, 13, 12, 7, 5, 4, 14], "R": [[-0.8625160107240243, 0.15561875532631025, -0.4815069410043894], [0.18083886835685892, -0.7939112443824405, -0.5805189400308444], [-0.4726134096025262, -0.5877820506223497, 0.6566192397653758]], "T": [0.0014937340112317066, -0.07918934684384335, -0.048638530458166476], "aligned_model": [[-0.04904223992355394, -0.3111749829420718, 0.6099969027863092, 0.24381963568725104, 0.680601186703933, -0.4162836720878427, -0.2015414314444092, 0.32527367932977586, 0.1148713130497915, -0.5816122112803901, 0.2677795313972074, -0.37217134384051365, -0.03331048112413385], [-0.39998136103714177, 0.1548054697575685, -0.32711263639730503, -0.7075565828723747, 0.0027956353252907573, -0.5578732380858102, -0.5243217110739057, 0.30765583298912313, 0.5087741548767488, 0.4849487942570241, 0.2141379722829627, 0.11639672996185252, -0.14483950630244596], [-0.656488076099775, -0.6982212436405311, -0.5600799745133311, -0.09535170387928733, -0.021906245690728618, -0.23025948564453858, 0.4656247517865475, -0.5371742828205996, 0.11316232696029131, -0.1315424047868193, 0.653428334622735, 0.49331826060712336, -0.007439941530122861]], "inverted": true, "swapped": true, "error_lsq": 0.04362252008798621, "error_max": 0.2652176297759365, "target": "346.xyz", "model": "4.xyz", "model_rescale": 3.8936222436046832, "target_rescale": 3.846388485317975},
{"mapping": [7, 3, 13, 12, 8, 1, 0, 2, 5, 4, 11, 14], "R": [[0.2663675145957044, 0.9631318552893399, -0.03775415864539279], [0.8144005205329613, -0.20393726607123136, 0.5432875699507893], [0.5155580853053797, -0.17546116617162352, -0.8386973469863518]], "T": [-0.14227654875842544, -0.10734957584997562, -0.10935368544584503], "aligned_model": [[0.15415401954754715, -0.630703847549883, -0.20379659227998828, 0.3890673469027218, -0.6435331103761263, -0.5972473596333652, -0.09535062685927953, -0.10037540066528473, 0.5811163086755621, 0.3589882909399327, -0.02428064571287432, -0.16049034077386548], [-0.6768834909514478, -0.5096728725419672, 0.2622624352788688, -0.005641722275597921, 0.5439419802399134, 0.13433516623865507, -0.35944904877079065, 0.2919581035223089, 0.09524461778748627, -0.5279204305148597, 0.5669402086008635, -0.14619204150362525], [-0.6122428141619733, 0.08100686424447429, -0.7032830355887763, -0.41277459657502646, -0.24305328533591117, 0.326925345910987, 0.5525198955110575, 0.48763106113136256, 0.18305919320009664, 0.09909387130790823, -0.1035797697349897, -0.03601801063369084]], "inverted": false, "swapped": true, "error_lsq": 0.043839977992013085, "error_max": 0.2716099495074941, "target": "346.xyz", "model": "5.xyz", "model_rescale": 3.6523030999806103, "target_rescale": 3.846388485317975},
{"mapping": [2, 11, 9, 0, 3, 5, 13, 4, 12, 7, 10, 6, 14], "R": [[0.2463842770842439, 0.5450070724358917, 0.8014125523103149], [0.5136730097593014, 0.6277720622118996, -0.5848438056020082], [-0.8218484209697644, 0.5557603160545719, -0.12528225751648622]], "T": [0.049689680759037014, 0.009183267174633594, 0.10864612666111097], "aligned_model": [[0.19912902580359224, -0.36666069760331643, 0.29503544576568896, 0.579818229832353, 0.6565028712060977, -0.27459788483481495, -0.49041008234550887, 0.12315983797930558, -0.4958171396522426, -0.1396681188492408, -0.04750654373092514, 0.7148252708609008, 0.12727269023240517], [-0.39702304216621986, -0.06614074683844932, 0.6388595913377992, -0.4605923620000215, 0.24826062335945248, -0.7262549509834054, 0.4494885976928325, -0.5195723276324818, -0.19796298227857073, 0.09168376434766122, 0.6605175535472011, -0.15514639066105673, -0.025290423561558258], [0.6833264143580113, 0.6467927052095693, 0.24375961062960855, 0.15455258865426247, 0.002428567833161685, 0.170412842243784, 0.19567077431039173, -0.3233449892037682, -0.10170551337951421, -0.6803245507101041, -0.2665732003509057, -0.466854564078373, 0.11196905396566524]], "inverted": true, "swapped": true, "error_lsq": 0.05429602116772365, "error_max": 0.2849182622425919, "target": "346.xyz", "model": "6.xyz", "model_rescale": 4.08911054899281, "target_rescale": 3.846388485317975},
{"mapping": [11, 1, 9, 13, 10, 8, 12, 5, 0, 2, 7, 3, 4, 6, 14], "R": [[-0.6139096097310914, -0.789079198948226, 0.0216566125477956], [-0.7889478057891919, 0.6142492566003874, 0.016100015723319292], [-0.026006745667976693, -0.007201982581042634, -0.9996358240012528]], "T": [-0.03377733932900184, 0.008330061986695326, -0.061981647769282285], "aligned_model": [[0.05779130843716847, 0.2548947780989025, 0.7125064620536411, -0.48259342953090284, -0.07547555674687305, 0.4460119778410906, -0.5482819998284648, -0.5426361569163979, 0.4791218584231609, -0.23715959445877266, -0.6923904891163951, 0.5241647849942188, 0.04601711614345878, -0.032984216275835344, 0.1021978032494138], [-0.023124850004725885, -0.644207166830371, -0.12135716488804003, -0.4541875981352547, 0.5734514813982052, 0.48805473297065816, 0.1352887765129724, 0.552997404152405, -0.5224615017159214, -0.6953037293130141, -0.1446998100766296, 0.10473686582289515, 0.569214702217359, -0.12015005151273324, -0.040103285561361626], [-0.6409089611818071, -0.23171565285615053, -0.26396931790586114, -0.4091646738561272, -0.5071489629312059, -0.13137490726736986, -0.5386034655046487, 0.0958201891180851, 0.5209856857505365, 0.2751751248614635, 0.31497928087036065, 0.49106242854430926, 0.3574116699307346, 0.42034106353972495, -0.14278841686757127]], "inverted": false, "swapped": false, "error_lsq": 0.03797933842358227, "error_max": 0.29511803945807735, "target": "346.xyz", "model": "7.xyz", "model_rescale": 3.964800864290218, "target_rescale": 3.846388485317975},
{"mapping": [3, 6, 0, 9, 2, 10, 1, 4, 7, 12, 13, 11, 5, 14], "R": [[-0.1591375035117829, -0.8072217216861766, 0.5683910159512044], [-0.9749116473222321, 0.2192509429377954, 0.03842270079444732], [-0.15563590489179968, -0.5480165290015372, -0.8218609061450838]], "T": [-0.02769035038899113, 0.010074581612501644, 0.11056537662213341], "aligned_model": [[-0.22087907899018977, 0.33181827614614434, 0.37454433078275984, -0.6659330811821743, 0.11928347018668146, -0.4792402981053894, -0.31157844334440965, 0.6255762422344567, 0.207753541998908, 0.2578029618099247, -0.4542657760399818, -0.1578457076890964, 0.6332208607759864, 0.0009305908772525538], [-0.23421680298190606, -0.5148273595360665, 0.18571500207767785, -0.13073015841519597, 0.6809875470882144, -0.57690316911442, 0.4351191409863526, -0.1893173930199721, -0.7291981857352822, -0.05415473360442054, -0.03123875746065439, 0.5707200613550372, 0.3795497449524087, 0.01944352958942922], [-0.4722401095382426, -0.5185944872689594, -0.44727916043387017, -0.10798144431981836, -0.10360186056654143, 0.2719121054138806, -0.33044938473300334, 0.039275358791486206, 0.36192047812807926, 0.657468691662362, 0.6668714450162424, 0.4811855510099751, 0.38720846746576965, 0.031119388097661405]], "inverted": true, "swapped": true, "error_lsq": 0.04084714094465196, "error_max": 0.2504656167344772, "target": "346.xyz", "model": "8.xyz", "model_rescale": 4.121658175737393, "target_rescale": 3.846388485317975},
{"mapping": [12, 4, 7, 10, 5, 11, 0, 1, 3, 2, 13, 9, 14], "R": [[0.6495880251841599, 0.6159717735389748, 0.44566149905572183], [0.4258252828326413, 0.19084356296013819, -0.8844498645922114], [-0.6298477800531207, 0.7643019747978739, -0.13832666150177256]], "T": [-0.025431840491146475, 0.00618818344173094, -0.04294567872924463], "aligned_model": [[-0.5338999232373606, -0.09899033549509428, 0.04615198158713608, 0.28391716329664723, -0.655398840678699, -0.5482898648360568, 0.19940085082908882, 0.22365186749340196, 0.6283126288229148, -0.22687020235535718, -0.3051996552432414, 0.43988221091901, 0.024069615332808277], [0.12959657118955947, -0.42555480278586716, 0.2764568812546787, 0.6621304169141166, -0.4693199041318406, 0.078226817129149, -0.6669600779704961, -0.20645910665019165, -0.07840560608192998, -0.4926345599335527, 0.641407580944348, 0.4044424189616544, -0.06253918942791833], [-0.37606075029972263, -0.5718916200918862, -0.8090840640468305, -0.26320911697007826, -0.20689860614119868, 0.39300501376649755, -0.030515769914331338, 0.5473828594099288, 0.003146183454175458, 0.43474833811006464, 0.06371319034434983, 0.2729955636231086, -0.03625578728498814]], "inverted": true, "swapped": true, "error_lsq": 0.04132460813367914, "error_max": 0.32439390460437956, "target": "346.xyz", "model": "9.xyz", "model_rescale": 3.833441315466971, "target_rescale": 3.846388485317975},
{"mapping": [5, 3, 4, 2, 0, 1, 13, 10, 7, 9, 8, 6, 12, 11, 14], "R": [[0.29401179218626683, -0.10238009059415998, 0.9503027849613783], [-0.5665398521819288, 0.7820947947256884, 0.2595386829600972], [-0.7697984554057626, -0.6146918326388559, 0.17194269086526215]], "T": [0.04416719527911263, 0.03771109717898728, 0.021941951663125014], "aligned_model": [[0.14505569663209394, 0.28720703917876383, 0.704512467558299, -0.23900214015079912, -0.18517835171288788, 0.3740578441007007, -0.4300763720519671, -0.6197385017317959, 0.126135633724773, -0.3461182418588655, -0.6489143146375024, 0.7059467762526882, 0.2435986880054336, -0.13567170322089395, 0.029370126279372823], [0.03808104823742334, -0.7886102592874744, -0.2722904169270928, -0.4386771506151828, 0.5739607597339954, 0.6344969690812462, 0.09602683147565057, 0.44933996538937887, -0.41672247739080726, -0.6712059127430653, -0.20343734190045148, 0.1741213812306045, 0.4968252952904428, 0.042323129317595354, -0.05608301585581965], [-0.6468304871364823, -0.08962193080917095, -0.300169461858197, -0.4357911799358639, -0.3297111176939423, -0.26200824789968125, -0.6163204202445314, 0.27795961482752873, 0.5022390245089993, 0.07693356133140647, 0.2847057492418546, 0.09027634019709446, 0.3572944380296337, 0.6799493838319626, 0.021195817853862244]], "inverted": true, "swapped": false, "error_lsq": 0.04831263676325671, "error_max": 0.3546033269473637, "target": "346.xyz", "model": "10.xyz", "model_rescale": 4.2482417240324, "target_rescale": 3.846388485317975},
{"mapping": [1, 8, 10, 13, 0, 4, 3, 12, 11, 5, 2, 14], "R": [[-0.3952100665969927, 0.5703227683073464, 0.7200978705777747], [-0.13930280568110853, 0.7376390738338587, -0.660668846762808], [-0.9079668119429103, -0.3614146326641635, -0.21207482572539313]], "T": [0.050889762132955346, 0.09160155453518584, 0.06749951361643158], "aligned_model": [[-0.5461462350697243, -0.067262557647888, 0.5080142717766389, 0.5470426075072838, -0.5185411409065881, 0.09035963710188874, -0.30661977709754373, 0.5430347240660636, 0.06317627369982068, 0.0774730442905628, -0.4923146867630841, -0.021450558594423463], [-0.222676964252528, -0.7112261943221279, -0.20296019714878208, -0.3911273299965127, 0.5149257375993936, 0.7771143340449244, 0.06828424689875848, 0.29222010260792375, -0.24392360849142627, 0.5737340890071551, 0.08281545281607225, 0.12895172128778853], [0.04455660226878139, -0.11910715723071769, 0.5954612159687993, -0.05063179278685981, 0.08693932478686403, 0.05696265797775672, 0.6227522782813335, -0.25231388019092593, -0.5290698379785131, -0.5780146019484361, -0.40414107812603767, 0.09179855883231244]], "inverted": false, "swapped": true, "error_lsq": 0.04489711961195442, "error_max": 0.23106288303784328, "target": "346.xyz", "model": "11.xyz", "model_rescale": 3.6694154284099745, "target_rescale": 3.846388485317975},
{"mapping": [7, 10, 9, 13, 12, 6, 4, 0, 11, 2, 1, 5, 3, 14], "R": [[0.4535711338883445, 0.654952389564924, 0.6044092933653799], [0.29303667168786607, -0.7500728856035526, 0.5928913689104084], [0.8416666415804653, -0.09180432280430073, -0.5321364775742259]], "T": [0.07905387420275545, 0.1093006101688675, -0.03834393852817799], "aligned_model": [[0.1688869562939152, -0.04933140629305305, -0.3263897795201122, 0.4731887006538062, 0.6414064409982999, -0.5557392687632358, 0.12622031164539155, -0.2857799782079399, 0.5432352395327988, 0.1032500820560483, -0.28544797239534037, 0.607111846512151, -0.5777577743323673, 0.015411452075447488], [-0.3869307613107795, 0.28262209747710876, 0.5942620716609084, 0.5415608498954655, -0.1072749179897288, -0.5137314166176379, -0.5698162598190332, -0.24393591260272424, 0.5106473866399615, 0.2382647887067382, 0.49153589834935685, -0.29116602511249595, 0.10696347123219577, 0.07798601762691898], [-0.6792978225005827, -0.7649455376264649, -0.31288044919988434, -0.4268779154423119, -0.1852782894023753, -0.1357061177757207, 0.05205667709355081, 0.45759259236781974, 0.2651021188684024, 0.6690285947544111, 0.3821128782847501, 0.4205985164561501, -0.11083805052630968, 0.0084282643009808]], "inverted": false, "swapped": true, "error_lsq": 0.04549699681842243, "error_max": 0.30138737672610133, "target": "346.xyz", "model": "12.xyz", "model_rescale": 3.9764082729961374, "target_rescale": 3.846388485317975},
{"mapping": [0, 1, 2, 9, 4, 7, 5, 6, 10, 12, 13, 8, 3, 11, 15], "R": [[0.9672038224253594, 0.08808501085038606, 0.23823894885022726], [0.07612661339015606, -0.9953536283832325, 0.05895670613322677], [0.24232520425972934, -0.03888682717606715, -0.9694154476036883]], "T": [-0.08163836480973238, -0.02085505778822962, -0.011203985791005365], "aligned_model": [[0.1793838424434401, 0.256134740797601, 0.6572502271234475, -0.13596471442476227, -0.2028300109927763, 0.41064442501972964, -0.6163554271874476, -0.7270590163350868, 0.1955409022640254, -0.33188111925695507, -0.5284295246779648, 0.5248750115464704, 0.33473124033921786, 0.0679172095304113, -0.07277313982193677], [0.06687538476526675, -0.556975434900009, -0.15628361987512968, -0.35626264255408746, 0.539963392417924, 0.4640151415404699, -0.009313324983603134, 0.3794377988575753, -0.5763132059920424, -0.6041655623052551, -0.14611680342754008, -0.043042228191509574, 0.5666383397517951, 0.003348111489664681, 0.08634345844292433], [-0.6829767972922678, -0.05371102797105214, -0.27946182293317845, -0.5072377813499991, -0.4432444614215183, -0.3171324799912989, -0.6567799746883088, 0.07160070732574755, 0.4994669439247078, 0.054681931634709545, 0.38775428361807857, 0.351152317340379, 0.4246071052433982, 0.7682779161990959, -0.006895775394020247]], "inverted": true, "swapped": false, "error_lsq": 0.041471857623709286, "error_max": 0.29981584456115806, "target": "346.xyz", "model": "13.xyz", "model_rescale": 4.170626492500431, "target_rescale": 3.846388485317975},
{"mapping": [3, 9, 0, 1, 4, 5, 2, 10, 7, 8, 13, 11, 12, 14], "R": [[0.8875054163621163, -0.3808464274037291, -0.25940342068238553], [-0.33412718693294685, -0.9195434087409902, 0.2068790525724531], [-0.3173218537702409, -0.09693254445652583, -0.9433509012795829]], "T": [0.029705061968077387, 0.04301018937000661, 0.04073605038973668], "aligned_model": [[0.09490060693226315, 0.09071050162751285, -0.28944384259369166, -0.5082604115343183, 0.2128816548553336, -0.2336170303133306, -0.6715239079721589, 0.6297648776850594, 0.8141942495862811, -0.3610950374464775, 0.21918065676687326, -0.4050571017022461, 0.2518330550577839, -0.0012852488572409684], [-0.39055010191168443, -0.6426636273302939, 0.21819091250120504, -0.3302370140495129, 0.5856188372969657, 0.802003948866024, 0.18317103015859842, -0.3845366785259326, 0.2573321102663123, -0.49222129317049296, -0.13724593411564326, 0.14124802511383228, 0.5062429610638639, 0.03972129176242398], [-0.4536700730399701, 0.07348089108323319, -0.5685984345378802, -0.12366900113592219, -0.3382347377207381, 0.10734591334389709, -0.03816887397525612, 0.2185137074138678, -0.020747823848374466, 0.5448361961987074, 0.6924695514531523, 0.5603072902808589, 0.38831284213553197, -0.038304346530241354]], "inverted": true, "swapped": true, "error_lsq": 0.04695954857469114, "error_max": 0.27308876806730126, "target": "346.xyz", "model": "14.xyz", "model_rescale": 3.9786697098870705, "target_rescale": 3.846388485317975},
{"mapping": [7, 13, 4, 6, 12, 5, 9, 2, 0, 3, 11, 14], "R": [[-0.014223519333309675, 0.3944519506829539, -0.9188064813115915], [0.8699690063488531, 0.4578544264891512, 0.18309356115571115], [0.49290122691079263, -0.7967289267666283, -0.34967327287502603]], "T": [-0.07319537032002657, -0.019277138581123364, 0.00429225112111303], "aligned_model": [[0.036257890088032874, -0.7292047252365347, 0.5260461313070082, 0.6028438505782342, -0.12563561541349305, 0.3071578775051621, -0.48085855964680935, 0.1222871692034978, 0.55450192633998, 0.09612995537940744, -0.4193564312272192, -0.006814872109929496], [-0.33683780531861457, 0.07641738050076541, 0.05865853987495611, -0.6005800361804065, 0.34204726816418474, 0.6698858470737948, -0.4987160376094194, 0.4220935934728596, -0.026131169366682118, -0.5911138378681172, 0.5423718293770218, -0.043421081895903636], [-0.7388851468029394, -0.22731973640656547, -0.32194741535025306, -0.070997507519243, -0.49713547650294093, -0.16958331114155437, 0.2851686248781306, 0.5377447516219731, 0.3356258437275095, 0.2888869165130866, 0.18690123599340144, 0.05150771486322471]], "inverted": false, "swapped": true, "error_lsq": 0.058648141378164036, "error_max": 0.313398801202728, "target": "346.xyz", "model": "15.xyz", "model_rescale": 3.769337070930944, "target_rescale": 3.846388485317975},
{"mapping": [12, 7, 11, 13, 5, 4, 2, 6, 1, 9, 14], "R": [[0.4387746926301942, 0.08311977172076263, -0.8947445851506268], [0.827011574743676, -0.42680418906989054, 0.36590987883955617], [-0.35146639149037306, -0.9005161229769746, -0.25601189017554327]], "T": [-0.05280271662623356, 0.05589034492327685, 0.056411398224188836], "aligned_model": [[-0.23694229472611128, -0.385226667038777, -0.11828011906446737, -0.6922440397686059, 0.36588627531849127, 0.3246655411371302, 0.47300747475770216, 0.3372728252577169, 0.2267350867164524, -0.39145564801571336, 0.019207696117353353], [-0.014222391780443683, -0.648890208283497, 0.6797540980504061, 0.3076223553613018, 0.159084875269622, -0.4096255606663023, 0.5464324877186523, -0.6834024208753997, 0.46563667481596205, 0.1570670557907865, 0.036607532224254016], [-0.531731349903039, -0.1842462986640515, -0.2176867811878681, -0.08814176384973738, -0.6246886986859764, -0.2788635982372023, 0.03438492684165355, 0.3756259229060376, 0.5143588931950909, 0.6480362256340817, 0.09717012917478816]], "inverted": false, "swapped": true, "error_lsq": 0.03773967825579438, "error_max": 0.21632628183438468, "target": "346.xyz", "model": "16.xyz", "model_rescale": 3.7852294659196426, "target_rescale": 3.846388485317975},
{"mapping": [12, 10, 6, 7, 13, 9, 1, 3, 4, 5, 2, 0, 14], "R": [[0.08077297169727882, 0.6379958117943361, -0.7657917936202221], [0.8954162426479657, -0.3839439674373089, -0.22542577996027446], [-0.43784184295860756, -0.6674941003494974, -0.6022841078371778]], "T": [-0.09172268333657672, 0.11609130343025993, -0.06589889039860461], "aligned_model": [[0.039163819394636964, -0.5511163179807809, 0.4392681951906461, 0.09132796888597706, -0.6498878226860417, -0.6435772610153978, -0.2607952673354426, -0.11433264538928765, 0.5628256963476896, 0.45919155118794364, 0.085775823437663, 0.43915062507199565, -0.04322851489331848], [-0.09734266992449485, -0.47441627815136905, -0.24372085251022152, -0.6715738310726144, -0.049633786473768385, 0.06120562507913588, 0.6507940453615101, 0.037132507454216104, -0.08388299421404992, 0.37604330155194543, 0.813172707015688, 0.4128995998194736, 0.14437824976742336], [-0.6333931499874816, 0.05547362117596433, 0.5579556872591404, -0.1717928593833666, -0.4585013601795557, 0.34323013396328006, 0.3099425464061376, 0.5897814420029559, -0.12223152891613906, -0.5938812669519644, -0.07874075674815875, 0.300039887507783, -0.002127699005421313]], "inverted": false, "swapped": true, "error_lsq": 0.046669333806905314, "error_max": 0.29314875939804, "target": "346.xyz", "model": "17.xyz", "model_rescale": 3.901054581598922, "target_rescale": 3.846388485317975},
{"mapping": [7, 12, 3, 11, 1, 0, 6, 4, 13, 9, 10, 2, 8, 5, 14], "R": [[-0.05873336067442181, 0.6401976728195505, -0.7659617040429113], [-0.40034881815103696, -0.7179859011686568, -0.5694006230485705], [-0.9144786581156265, 0.2732090508007816, 0.2984721065888397]], "T": [-0.028241064251900108, 0.012158088674905376, -0.00013141137743343662], "aligned_model": [[0.11884437556517573, 0.21528061324554892, 0.6882148976131092, -0.45637372413590255, -0.05740652568457734, 0.5433736959607146, -0.4591700501059523, -0.6020834824008175, 0.40705817372823644, -0.20092076754905597, -0.7890616440872714, 0.6397754959502019, -0.028618236378734063, 0.021057821425517, -0.028785996778778973], [0.002526843927013616, -0.5819034742968299, -0.18243725696419627, -0.5409629949773557, 0.5753553836975457, 0.40878759025186456, 0.05785634254203416, 0.5402583276487978, -0.46044490705835833, -0.5459293412546414, -0.1536999582894923, 0.18176903955548926, 0.5143253576662031, -0.11591929361336682, -0.041432853798263766], [-0.6466220426441734, -0.3739805200638375, -0.17965688499178747, -0.3841763062617082, -0.40957460911606536, -0.3025320113857225, -0.6132689359299879, 0.1317358955584754, 0.3384881098236281, 0.3046796152573218, 0.2569617656712506, 0.4567319189799549, 0.43374200776100763, 0.6091729879278474, -0.011599906341730856]], "inverted": false, "swapped": false, "error_lsq": 0.04161070531650674, "error_max": 0.24285571230152697, "target": "346.xyz", "model": "18.xyz", "model_rescale": 3.9405287249114394, "target_rescale": 3.846388485317975},
{"mapping": [12, 0, 4, 1, 14, 13, 3, 10, 8, 6, 2, 7, 11, 5, 15], "R": [[-0.7651248912924139, 0.6380300890363333, 0.08661123604394946], [0.44401736364409583, 0.4254160247764779, 0.7885872092837458], [0.46629655961342764, 0.6418245954680049, -0.6087928277706738]], "T": [0.09700921943718413, 0.012589465920319145, -0.07400082495372869], "aligned_model": [[0.15350493248598707, 0.232455841450356, 0.6697389766782671, -0.3097822981987852, -0.12587399741537428, 0.43493214607366704, -0.5306418193237248, -0.575883433816367, 0.29501389233603936, -0.2125951385991928, -0.652104969325171, 0.7411210673643835, -0.04904505998161415, -0.12056308465128196, 0.060907591290224654], [0.05161140827553548, -0.6574288047069694, -0.32465958328098227, -0.44289105618118946, 0.6776525545504907, 0.5917312137074808, 0.08308611941642305, 0.4104193262311496, -0.5078141240648826, -0.5714254149022852, -0.13897379365258258, -0.022893547918714553, 0.6038675890859175, -0.11030412974963563, 0.01617104822668825], [-0.617530570810684, -0.14751264418567023, -0.3788101630644021, -0.32415593512539936, -0.40225853143346674, -0.11562746300477668, -0.6454139769393716, 0.00876943775569966, 0.43809917365659007, 0.27435993066444125, 0.3397403907301847, 0.2079325573018143, 0.31105959943319733, 0.7189822135759825, -0.057532934309665995]], "inverted": false, "swapped": false, "error_lsq": 0.03293172486156463, "error_max": 0.21694398328777026, "target": "346.xyz", "model": "19.xyz", "model_rescale": 4.410303926677745, "target_rescale": 3.846388485317975},
{"mapping": [3, 6, 0, 9, 2, 10, 1, 4, 7, 12, 13, 11, 5, 14], "R": [[-0.1591375035117829, -0.8072217216861766, 0.5683910159512044], [-0.9749116473222321, 0.2192509429377954, 0.03842270079444732], [-0.15563590489179968, -0.5480165290015372, -0.8218609061450838]], "T": [-0.02769035038899113, 0.010074581612501644, 0.11056537662213341], "aligned_model": [[-0.22087907899018977, 0.33181827614614434, 0.37454433078275984, -0.6659330811821743, 0.11928347018668146, -0.4792402981053894, -0.31157844334440965, 0.6255762422344567, 0.207753541998908, 0.2578029618099247, -0.4542657760399818, -0.1578457076890964, 0.6332208607759864, 0.0009305908772525538], [-0.23421680298190606, -0.5148273595360665, 0.18571500207767785, -0.13073015841519597, 0.6809875470882144, -0.57690316911442, 0.4351191409863526, -0.1893173930199721, -0.7291981857352822, -0.05415473360442054, -0.03123875746065439, 0.5707200613550372, 0.3795497449524087, 0.01944352958942922], [-0.4722401095382426, -0.5185944872689594, -0.44727916043387017, -0.10798144431981836, -0.10360186056654143, 0.2719121054138806, -0.33044938473300334, 0.039275358791486206, 0.36192047812807926, 0.657468691662362, 0.6668714450162424, 0.4811855510099751, 0.38720846746576965, 0.031119388097661405]], "inverted": true, "swapped": true, "error_lsq": 0.04084714094465196, "error_max": 0.2504656167344772, "target": "346.xyz", "model": "20.xyz", "model_rescale": 4.121658175737393, "target_rescale": 3.846388485317975},
{"mapping": [2, 11, 9, 0, 3, 5, 13, 4, 12, 7, 10, 6, 14], "R": [[0.2463842770842439, 0.5450070724358917, 0.8014125523103149], [0.5136730097593014, 0.6277720622118996, -0.5848438056020082], [-0.8218484209697644, 0.5557603160545719, -0.12528225751648622]], "T": [0.049689680759037014, 0.009183267174633594, 0.10864612666111097], "aligned_model": [[0.19912902580359224, -0.36666069760331643, 0.29503544576568896, 0.579818229832353, 0.6565028712060977, -0.27459788483481495, -0.49041008234550887, 0.12315983797930558, -0.4958171396522426, -0.1396681188492408, -0.04750654373092514, 0.7148252708609008, 0.12727269023240517], [-0.39702304216621986, -0.06614074683844932, 0.6388595913377992, -0.4605923620000215, 0.24826062335945248, -0.7262549509834054, 0.4494885976928325, -0.5195723276324818, -0.19796298227857073, 0.09168376434766122, 0.6605175535472011, -0.15514639066105673, -0.025290423561558258], [0.6833264143580113, 0.6467927052095693, 0.24375961062960855, 0.15455258865426247, 0.002428567833161685, 0.170412842243784, 0.19567077431039173, -0.3233449892037682, -0.10170551337951421, -0.6803245507101041, -0.2665732003509057, -0.466854564078373, 0.11196905396566524]], "inverted": true, "swapped": true, "error_lsq": 0.05429602116772365, "error_max": 0.2849182622425919, "target": "346.xyz", "model": "21.xyz", "model_rescale": 4.08911054899281, "target_rescale": 3.846388485317975},
{"mapping": [9, 11, 15, 5, 12, 3, 10, 7, 1, 8, 6, 2, 13, 0, 16], "R": [[0.05492938540814023, 0.4205463866831688, -0.9056067023086869], [-0.9320022694559523, 0.3470247367559777, 0.10462123019922365], [0.35826600780375273, 0.8382807219107303, 0.4110120423116413]], "T": [0.052653346455167345, -0.014355694179056439, -0.024120529533676053], "aligned_model": [[-0.029651279546556795, 0.24694353024589039, 0.7047097597727484, -0.3010719592208843, -0.09709226371376364, 0.5629952718097325, -0.6356016765987519, -0.5128310495991262, 0.32878691561925644, -0.20057906662237557, -0.5950159225741868, 0.6812517182865119, 0.001136191833351237, -0.18720471861862747, 0.04440919529419575], [3.3659686285384544e-05, -0.730361797740502, -0.2773587839487526, -0.4021295754210201, 0.569656161772313, 0.6882564418436706, 0.08689603649915106, 0.3963537782374307, -0.5602938039614765, -0.6417696631933199, -0.202555753259699, -0.010382930217789278, 0.6317810979786926, 0.09338148813872574, 0.016642448622733782], [-0.7316277779746887, -0.21248086082392142, -0.21688677792062377, -0.49554271727953825, -0.45012042434288424, -0.011231432069002376, -0.4330074570462261, 0.10756589761777788, 0.48154755679760386, 0.12749435928917902, 0.29316386067232414, 0.33098809251138717, 0.10465522372757935, 0.7045359096367704, 0.01104763144873613]], "inverted": true, "swapped": false, "error_lsq": 0.04181553541495756, "error_max": 0.2820803055267649, "target": "346.xyz", "model": "22.xyz", "model_rescale": 4.204369325754507, "target_rescale": 3.846388485317975},
{"mapping": [12, 0, 4, 1, 14, 13, 3, 10, 8, 6, 2, 7, 11, 5, 15], "R": [[-0.7651248912924139, 0.6380300890363333, 0.08661123604394946], [0.44401736364409583, 0.4254160247764779, 0.7885872092837458], [0.46629655961342764, 0.6418245954680049, -0.6087928277706738]], "T": [0.09700921943718413, 0.012589465920319145, -0.07400082495372869], "aligned_model": [[0.15350493248598707, 0.232455841450356, 0.6697389766782671, -0.3097822981987852, -0.12587399741537428, 0.43493214607366704, -0.5306418193237248, -0.575883433816367, 0.29501389233603936, -0.2125951385991928, -0.652104969325171, 0.7411210673643835, -0.04904505998161415, -0.12056308465128196, 0.060907591290224654], [0.05161140827553548, -0.6574288047069694, -0.32465958328098227, -0.44289105618118946, 0.6776525545504907, 0.5917312137074808, 0.08308611941642305, 0.4104193262311496, -0.5078141240648826, -0.5714254149022852, -0.13897379365258258, -0.022893547918714553, 0.6038675890859175, -0.11030412974963563, 0.01617104822668825], [-0.617530570810684, -0.14751264418567023, -0.3788101630644021, -0.32415593512539936, -0.40225853143346674, -0.11562746300477668, -0.6454139769393716, 0.00876943775569966, 0.43809917365659007, 0.27435993066444125, 0.3397403907301847, 0.2079325573018143, 0.31105959943319733, 0.7189822135759825, -0.057532934309665995]], "inverted": false, "swapped": false, "error_lsq": 0.03293172486156463, "error_max": 0.21694398328777026, "target": "346.xyz", "model": "23.xyz", "model_rescale": 4.410303926677745, "target_rescale": 3.846388485317975},
{"mapping": [12, 7, 0, 13, 5, 2, 6, 15, 1, 11, 9, 3, 4, 10, 16], "R": [[0.1828029447983936, 0.3002193119331028, 0.9361898568749021], [0.7581036213453268, 0.5632613613663553, -0.328657174111294], [-0.6259888039543016, 0.7698084200202895, -0.12463151202536561]], "T": [-0.1311348579798202, -0.07284772551515345, 0.012118567528225398], "aligned_model": [[0.14762252435788834, 0.1637006596328678, 0.5496439447755948, -0.3501375135836038, -0.0768721240514044, 0.5956613921657764, -0.5191495659030494, -0.7185354284879514, 0.46388323444815605, -0.33630086045363616, -0.6004645227906031, 0.6565218270441486, 0.12942113652832918, -0.07382652715062804, -0.01998353016447145], [0.018493206140308874, -0.6234528065696296, -0.04893133008808631, -0.42529002010351175, 0.4644688588551818, 0.47206956916437876, 0.08420741612962734, 0.328139768327878, -0.5694394178047077, -0.5883713734946963, -0.01785135493869569, 0.15353707366355834, 0.5113991049134476, -0.03616964453208911, -0.06466024462652095], [-0.7362977543009009, -0.2155587456879793, -0.3140011019718638, -0.5553397037595587, -0.3102918499448191, -0.07578082901019548, -0.6224492843820225, -0.04690507504791557, 0.380473709209058, 0.31685413554341674, 0.42336672689237276, 0.38306041455000284, 0.2663833662148562, 0.6595399294468653, 0.05704714649315616]], "inverted": true, "swapped": false, "error_lsq": 0.038408208381190155, "error_max": 0.23156161554438126, "target": "346.xyz", "model": "24.xyz", "model_rescale": 4.28219845311461, "target_rescale": 3.846388485317975},
{"mapping": [4, 13, 7, 2, 1, 3, 0, 8, 12, 14, 10, 9, 5, 11, 15], "R": [[-0.7408878471176976, 0.6595742600081305, -0.1266767284390885], [0.5707879346874523, 0.7177480233203728, 0.3987968262598521], [0.3539580930117803, 0.2231581738463217, -0.9082478174138593]], "T": [0.006764373611833378, -0.049064502013775046, -0.04432376246556184], "aligned_model": [[0.19679103052861283, 0.28984064104630647, 0.7318777434832245, -0.2975675583271294, -0.10547298622317744, 0.43657985931856663, -0.4638815034926865, -0.4905840465796068, 0.23534653063132185, -0.4255715288017923, -0.5964956837179985, 0.5717999894256872, -0.012651954383891129, -0.027018680733190803, -0.03180720580683351], [0.02300385025346141, -0.562259297158435, -0.15898190801846734, -0.5360938919577234, 0.5517670056885375, 0.5278459287674708, 0.06403068418381419, 0.3866772338340869, -0.5687828084058255, -0.6026026018785753, -0.06513003661480035, 0.10233682891283905, 0.6456689523329311, -0.10776611605842212, -0.041565018844448354], [-0.7467086963075614, -0.14135667435014748, -0.30446751203717815, -0.41710315154312816, -0.2348012499965127, -0.3315142009594416, -0.7010246907877746, 0.16714667400770677, 0.4675971100590119, 0.25033852622590186, 0.47096646707141415, 0.2943295613545041, 0.44786432610708676, 0.49594459399839846, -0.10710999859780732]], "inverted": true, "swapped": false, "error_lsq": 0.037857625397703085, "error_max": 0.21946471006663254, "target": "346.xyz", "model": "25.xyz", "model_rescale": 4.100010024507729, "target_rescale": 3.846388485317975},
{"mapping": [1, 8, 10, 13, 0, 4, 3, 12, 11, 5, 2, 14], "R": [[-0.3952100665969927, 0.5703227683073464, 0.7200978705777747], [-0.13930280568110853, 0.7376390738338587, -0.660668846762808], [-0.9079668119429103, -0.3614146326641635, -0.21207482572539313]], "T": [0.050889762132955346, 0.09160155453518584, 0.06749951361643158], "aligned_model": [[-0.5461462350697243, -0.067262557647888, 0.5080142717766389, 0.5470426075072838, -0.5185411409065881, 0.09035963710188874, -0.30661977709754373, 0.5430347240660636, 0.06317627369982068, 0.0774730442905628, -0.4923146867630841, -0.021450558594423463], [-0.222676964252528, -0.7112261943221279, -0.20296019714878208, -0.3911273299965127, 0.5149257375993936, 0.7771143340449244, 0.06828424689875848, 0.29222010260792375, -0.24392360849142627, 0.5737340890071551, 0.08281545281607225, 0.12895172128778853], [0.04455660226878139, -0.11910715723071769, 0.5954612159687993, -0.05063179278685981, 0.08693932478686403, 0.05696265797775672, 0.6227522782813335, -0.25231388019092593, -0.5290698379785131, -0.5780146019484361, -0.40414107812603767, 0.09179855883231244]], "inverted": false, "swapped": true, "error_lsq": 0.04489711961195442, "error_max": 0.23106288303784328, "target": "346.xyz", "model": "26.xyz", "model_rescale": 3.6694154284099745, "target_rescale": 3.846388485317975},
