[{"mapping": [8, 9, 3, 0, 10, 2, 1, 6, 7, 5, 11], "R": [[0.7407082406448763, -0.2173436066614256, 0.6356988743769929], [0.6320622743901846, -0.09526032376518978, -0.7690401498028946], [0.22770284041592315, 0.9714356527117763, 0.06681458753121128]], "T": [0.06371294602891331, -0.055745516164725444, -0.09712047817025037], "aligned_model": [[-0.34765648160689233, -0.2527236568702099, 0.3282301953971603, 0.4794941735603202, 0.2847824532104987, 0.03203837800020731, -0.2194789029028159, -0.6408671989466316, -0.27710761784971016, 0.39762418386781906, 0.10505608560115609], [-0.43930226258074645, 0.24146657604255284, 0.05588217973397328, -0.2933400265450764, 0.5840677582284196, -0.8211151163261726, -0.27571769254386336, 0.08017544205299454, 0.6039685013906197, 0.27900304427046085, -0.06145954566664827], [-0.39167591773393573, -0.5224312739648082, -0.722901907330568, 0.29462716186233384, -0.15652243832038126, 0.15178983193225304, 0.5138583903977296, 0.004105999978373187, 0.49043553460168565, 0.584886134012776, -0.04152955656191984]], "inverted": true, "swapped": false, "error_lsq": 0.056860650820359716, "error_max": 0.3275055169319852, "target": "347.xyz", "model": "0.xyz", "model_rescale": 3.751011558992144, "target_rescale": 3.73751308974062},
{"mapping": [10, 11, 6, 1, 7, 8, 5, 9, 12, 3, 14], "R": [[-0.1921296161012991, 0.5035964104463824, 0.8423044971993718], [-0.8653195783389076, -0.4918109905652245, 0.09666424831667747], [0.4629343775959428, -0.7102905074297221, 0.530263290352147]], "T": [0.036435214777554514, -0.11402931459771598, 0.11230689438565226], "aligned_model": [[-0.47248817054013514, -0.3027874605339673, 0.2833644590829263, 0.6889909534398766, 0.4399563896421281, 0.17510262985242486, -0.3901619209858612, -0.6160027092172067, -0.1306224827546432, 0.21225598435391974, 0.0017839391214404254], [-0.44066192071357774, 0.3610961386449768, 0.1313221813053522, -0.20607496971529093, 0.38526754129722296, -0.735355483931043, -0.4326778142557759, -0.021758818138066363, 0.6075591244047869, 0.37672183197723214, -0.07180895281930341], [-0.44155398763040393, -0.4316735916265719, -0.5529406813596831, -0.11437383869213723, -0.05367604126312796, 0.2997726017507607, 0.43874841199598563, 0.11157740772371892, 0.17041846354690587, 0.6705687134577822, 0.10777450097030919]], "inverted": true, "swapped": false, "error_lsq": 0.04479964161262898, "error_max": 0.22565182630888542, "target": "347.xyz", "model": "1.xyz", "model_rescale": 3.9405287249114394, "target_rescale": 3.73751308974062},
{"mapping": [11, 3, 8, 2, 4, 5, 0, 6, 7, 1, 12], "R": [[0.09810197666817039, 0.2500739371766646, 0.963244012760401], [-0.9942762967189064, 0.06578613532260774, 0.08418331296790718], [-0.042316048453687555, -0.9659892392486974, 0.2550963380744381]], "T": [-0.017497045518103577, -0.0008045099082058028, -0.06385646206307052], "aligned_model": [[-0.45138347389275457, -0.24379178779321387, 0.4151711673131947, 0.4783668120179284, 0.4074773774987227, 0.08215989072299126, -0.2724995596172938, -0.5280319989019797, -0.37305622844262964, 0.30976120425486264, 0.06521820830107367], [-0.514896125809138, 0.4138158977895782, 0.1112716151960983, -0.3663822973999452, 0.5520730270371111, -0.7143005988477457, -0.42198289567828673, -0.004289598564433892, 0.6741736257683285, 0.24291773119551183, -0.01877152263056487], [-0.29851934104021005, -0.3858506944773421, -0.6970443724788783, 0.22707573554273083, -0.13746957778034857, 0.03137014400775057, 0.6147542315154201, 0.12241647993282259, 0.15268923046581437, 0.6149128945708173, -0.03969277138503815]], "inverted": true, "swapped": false, "error_lsq": 0.04531902555614614, "error_max": 0.2878487930149913, "target": "347.xyz", "model": "2.xyz", "model_rescale": 3.932901565614263, "target_rescale": 3.73751308974062},
{"mapping": [7, 3, 0, 6, 1, 5, 9, 8, 11, 10, 13], "R": [[0.566732310717559, -0.5883863113990356, -0.5767287374034463], [0.566522879187071, 0.7865500599920079, -0.24574545872540665], [0.5982192870063016, -0.18745813315192833, 0.7790976402023474]], "T": [0.02552128807242196, -0.014763671239443377, -0.05545526562666625], "aligned_model": [[-0.37712324201824765, -0.2584724694821309, 0.2330205332979001, 0.5995674131155211, 0.5244228794636668, 0.1568997477195557, -0.41350799484895695, -0.6875736111709282, -0.3036770262483356, 0.3466520901212714, 0.06918329151158586], [-0.5395274134948748, 0.2753985572194554, 0.08083962971908505, -0.2563569718356277, 0.5092520014612881, -0.6704195103216469, -0.4487169054013133, 0.1292752638738089, 0.6682980170185692, 0.26947514518430554, -0.06388895536653573], [-0.32423574212985545, -0.36503385811495626, -0.6853397004396697, 0.22525095822988245, -0.2144313574877908, 0.2084667051768746, 0.34295509905633054, 0.042192956970908524, 0.4165234396661829, 0.5183293137362873, 0.039964144209344396]], "inverted": false, "swapped": false, "error_lsq": 0.046722838538186, "error_max": 0.2391845593448556, "target": "347.xyz", "model": "3.xyz", "model_rescale": 3.9243930471874484, "target_rescale": 3.73751308974062},
{"mapping": [0, 6, 3, 4, 10, 7, 1, 5, 11, 9, 12], "R": [[-0.7855465937622184, -0.517648375778974, -0.33905266269706047], [0.39416822403102364, 0.0037906601533687634, -0.9190304902775699], [0.4770198740019176, -0.8555850571094565, 0.20106280078175315]], "T": [0.09919812680968708, 0.03257048375444715, 0.07199878164440526], "aligned_model": [[-0.4148398291208585, -0.25808765692516644, 0.13689532717021935, 0.5700591276938778, 0.5765847772970988, 0.3505226108425548, -0.3006391401175782, -0.6472794407995707, -0.1454950419137419, 0.03369151005427612, -0.012020632720208979], [-0.5295675325559698, 0.44349068578100553, -0.05290029980464169, -0.2745377757111329, 0.5229270915377291, -0.702635440138458, -0.44790250014061855, 0.0043684391051953195, 0.7505218036987578, 0.24373972439659025, -0.0038753381119433425], [-0.30627120638256994, -0.4023512695247018, -0.5945048091992204, -0.11863622105561444, -0.09764821260717246, 0.27005688450962273, 0.4175941689191655, -0.05289711704186367, 0.29739895191458865, 0.7419270067138937, 0.049973782627410694]], "inverted": true, "swapped": false, "error_lsq": 0.04792800003890871, "error_max": 0.22978264957626035, "target": "347.xyz", "model": "4.xyz", "model_rescale": 3.8936222436046832, "target_rescale": 3.73751308974062},
{"mapping": [1, 3, 2, 4, 10, 5, 6, 9, 8, 7, 11], "R": [[0.43896898431186027, -0.8862153399440464, 0.14808309174268447], [-0.8919440468232991, -0.40992947008170666, 0.19077118989776207], [-0.10836073158063608, -0.21582446758046145, -0.9704008197878442]], "T": [-0.07015801746118065, 0.0760434514652793, 0.00033578895788867816], "aligned_model": [[-0.30556396777260136, -0.21178294426985006, 0.27306790302419104, 0.6260593585259798, 0.44583057655574665, 0.21934541348733494, -0.3602473957182769, -0.6854141149611194, -0.2952514279725735, 0.18029287040389597, 0.003055340158174935], [-0.6078867633738045, 0.485842048803324, 0.025855295938158912, -0.275587529285997, 0.43927789512189336, -0.6174173961937981, -0.40536529804315596, 0.11618360411252635, 0.7339110140162306, 0.1358404039691432, -0.07702441700800755], [-0.34597659451863405, -0.3768770449269076, -0.6605995947793398, -0.14886748733422042, -0.035495890753913614, 0.30442569881984954, 0.5648731186596999, 0.04374830392603074, 0.25014782433337607, 0.594849207332025, 0.01441441811557281]], "inverted": true, "swapped": false, "error_lsq": 0.03387607902735417, "error_max": 0.18644874352541113, "target": "347.xyz", "model": "5.xyz", "model_rescale": 3.6523030999806103, "target_rescale": 3.73751308974062},
{"mapping": [9, 11, 10, 6, 2, 8, 5, 7, 3, 1, 12], "R": [[0.351686035361585, -0.8252673906557506, -0.4418717760299918], [-0.8882309838151947, -0.1451426090262336, -0.43586619785864295], [0.29557173735379677, 0.5457722574163211, -0.7840726950432286]], "T": [0.015893162859267188, -0.003287586569427771, 0.04056293346399248], "aligned_model": [[-0.2617906695219255, -0.5386260638441572, 0.3692848036824729, 0.6063142543029221, 0.5517182994444026, 0.08299402942461119, -0.2892994457274083, -0.659829024932563, -0.2868846501750201, 0.37722965447660534, -0.06171957566903816], [-0.4599833177875227, 0.30142497459541767, -0.06179983614254556, -0.271505185244355, 0.5335660039624279, -0.6600047850793433, -0.29474448764332556, 0.09585794669663603, 0.5713684415708477, 0.1728445597287269, 0.026604543399549842], [-0.4462466530294385, -0.5711785850105797, -0.652519822426795, -0.005117659917099185, 0.07041723877652273, 0.1744401068504925, 0.5751785677913146, 0.06025424770135129, 0.2870112002548083, 0.6069446712164748, 0.10545864666648716]], "inverted": true, "swapped": false, "error_lsq": 0.04648948012555742, "error_max": 0.29680641659859275, "target": "347.xyz", "model": "6.xyz", "model_rescale": 4.08911054899281, "target_rescale": 3.73751308974062},
{"mapping": [11, 12, 10, 8, 5, 9, 1, 13, 7, 6, 14], "R": [[-0.8887931206929133, 0.13616055520289125, -0.4376152326139857], [0.352089275014274, 0.8141183339472503, -0.4617840195923591], [0.29339381559411803, -0.5645100898458714, -0.7715234458092189]], "T": [0.055397726887381385, 0.014644014228866062, 0.12863931233978879], "aligned_model": [[-0.19587979268296446, -0.28548243902697873, 0.2724792234095034, 0.6023314706215014, 0.33340744842725595, 0.1816419469576785, -0.4063957657869184, -0.656327759653054, -0.17274241170576604, 0.17747625266404193, 0.03888343823660259], [-0.33019329758738913, 0.2759404705655507, -0.026528486703883566, -0.3299982818815951, 0.6441152722302791, -0.7516159373103498, -0.4520883070337275, 0.15004013090961688, 0.7221557873083126, 0.2017536569127824, -0.14995214935308265], [-0.2744461618404027, -0.4401548441028441, -0.5572581636262931, -0.08869485658372175, -0.19843523522202924, 0.23571588061572435, 0.45552426039934335, 0.023714359405912128, 0.3446673953617143, 0.5749909468303211, 0.1290183776358145]], "inverted": false, "swapped": false, "error_lsq": 0.04311118040667564, "error_max": 0.24911259147409506, "target": "347.xyz", "model": "7.xyz", "model_rescale": 3.964800864290218, "target_rescale": 3.73751308974062},
{"mapping": [10, 5, 3, 6, 0, 11, 12, 8, 1, 2, 13], "R": [[0.39115703585641604, -0.6250963211812415, 0.6754633687667311], [-0.13092119714846057, 0.6886823467158798, 0.7131453326350266], [-0.9109642218206138, -0.3673842873172273, 0.18754458668587742]], "T": [0.027479466302131522, -0.007027293382870747, 0.10738860601211536], "aligned_model": [[-0.32318150501840404, -0.44605749016072105, 0.3937526513930265, 0.5175235767958104, 0.52114834712022, 0.13828473681038975, -0.29613833824479463, -0.7376146978757004, -0.19887991090866705, 0.366395405034574, -0.045841163484831915], [-0.428472692252911, 0.18258457990083382, 0.16448023610281923, -0.28118695170004776, 0.4982283347083754, -0.8263921556770327, -0.3705851588499251, 0.049523564981194236, 0.6994723934617608, 0.2832671630912244, -0.017290455709777407], [-0.5046201128563685, -0.5550921947226104, -0.49460127506188817, -0.038210414246972996, -0.011637268975971532, 0.16652183659307296, 0.6851187612972935, 0.05748367873440986, 0.22025807048134893, 0.5967492529460601, 0.0826716246851652]], "inverted": true, "swapped": false, "error_lsq": 0.048748328610688445, "error_max": 0.28647792787486354, "target": "347.xyz", "model": "8.xyz", "model_rescale": 4.121658175737393, "target_rescale": 3.73751308974062},
{"mapping": [2, 6, 8, 11, 7, 3, 0, 1, 9, 5, 12], "R": [[-0.3898585569977212, -0.5664398524117726, -0.7260552314634087], [0.10918633484167987, 0.7544457386283286, -0.6472170978500154], [0.914378832770912, -0.3315984334481771, -0.23227963560161666]], "T": [0.031111790604399676, 0.008278435522005786, 0.08133227154880142], "aligned_model": [[-0.26312469227793606, -0.2901356988897109, 0.17146521263358425, 0.6112987166488286, 0.5372270222681101, 0.23616619927600924, -0.4210697817284336, -0.6453875764268381, -0.12162125285756231, 0.13061678603123453, -0.056043323216383466], [-0.5140994155706016, 0.406125462171814, 0.02578669200828205, -0.19424260887495065, 0.4473028378749749, -0.7536353640331032, -0.36799189833354207, -0.11180472608489557, 0.8253626674876885, 0.19320313942753764, -0.0023779280166902478], [-0.2692283133545623, -0.386321279676474, -0.6331939460295378, -0.07804285818286795, 0.0018599069821662734, 0.07019481215018156, 0.6036125647105474, 0.027849971501438586, 0.12861643742749757, 0.6623826274099208, 0.07691203593522773]], "inverted": true, "swapped": false, "error_lsq": 0.0426955034411107, "error_max": 0.21419522556789872, "target": "347.xyz", "model": "9.xyz", "model_rescale": 3.833441315466971, "target_rescale": 3.73751308974062},
{"mapping": [13, 5, 1, 12, 6, 10, 8, 2, 3, 7, 14], "R": [[0.6614585390572338, -0.01969458812665631, -0.7497230984215382], [-0.670334473379778, 0.4327837146862405, -0.6027851608168823], [0.33633955299209994, 0.9012826302003719, 0.27306652228380957]], "T": [0.07995056202436715, 0.0016753834059168235, 0.03616587333525727], "aligned_model": [[-0.5301943556059048, -0.2864244854836049, 0.4213710072390603, 0.6612365973158765, 0.5439493760876215, 0.1383505987435538, -0.2541772823389753, -0.6312518245247897, -0.34765921416173906, 0.1571865909884851, 0.01700460320131844], [-0.32381736897502417, 0.18148768634173507, -0.023440215650242464, -0.14295324151146932, 0.4538751998255635, -0.8076143188872921, -0.4656249709219175, 0.10573766109368526, 0.6801211669303935, 0.25342697981230483, 0.0424302799987771], [-0.36065170320600815, -0.5031596885876498, -0.6183646600910115, -0.02871219183593103, -0.16742684417410475, 0.16805126673891324, 0.5629944268922247, 0.03969612217239814, 0.369607094355633, 0.648186874869114, 0.09442126173996064]], "inverted": false, "swapped": false, "error_lsq": 0.04603262350556198, "error_max": 0.24657134669683797, "target": "347.xyz", "model": "10.xyz", "model_rescale": 4.2482417240324, "target_rescale": 3.73751308974062},
{"mapping": [2, 5, 7, 8, 9, 1, 0, 6, 4, 10, 11], "R": [[-0.30013040959878073, 0.13802211810986775, 0.9438599642672284], [0.24780481209541, -0.9442240000986358, 0.2168728031360544], [0.9211484746426205, 0.29898316432568073, 0.24918779085937648]], "T": [0.004250163582375181, -0.1170435486507167, -0.026872798754133936], "aligned_model": [[-0.3557901070484216, -0.30981681189942994, 0.35318783493374856, 0.5650659178420494, 0.4652926359519425, -0.02952833414928267, -0.14523786495216495, -0.639070390553668, -0.3971499608178224, 0.36986979427790007, 0.012568897876051085], [-0.5512974477817885, 0.44751820138213055, 0.10574869178255339, -0.337809017451884, 0.5661476599418045, -0.7659763484130651, -0.231636322339473, -0.04098802571997753, 0.613505349455816, 0.14048693883405156, 0.007929178366345838], [-0.5059884851997364, -0.41004134604512715, -0.5627481254953047, 0.08977250339716378, -0.026156340693357105, 0.25042088714908667, 0.7068582837802139, 0.0020470940672862765, 0.23961515189107338, 0.436811033399218, -0.015948697376977752]], "inverted": true, "swapped": false, "error_lsq": 0.05287430667476211, "error_max": 0.28918087985702806, "target": "347.xyz", "model": "11.xyz", "model_rescale": 3.6694154284099745, "target_rescale": 3.73751308974062},
{"mapping": [4, 11, 8, 2, 10, 1, 0, 6, 7, 12, 13], "R": [[0.37897348208902626, -0.9253100788618627, 0.013429736779701607], [0.3942031687838423, 0.1482876213715299, -0.906981059928349], [0.8372472523658087, 0.34901581526433345, 0.420957241416841]], "T": [-0.05006950490673831, 0.07667216094787277, 0.04104813723529839], "aligned_model": [[-0.36841939659832634, -0.4146940032362664, 0.3188037275977209, 0.5500547596744909, 0.4351625912941156, 0.28683312735237043, -0.39817120098271963, -0.6112190142403464, -0.14156880120554866, 0.3178084727609639, -0.08519865095555254], [-0.5151542215574562, 0.2061859571618944, 0.052354301049510416, -0.16291060735360652, 0.4802381301402565, -0.6842330968380049, -0.3959946997615741, 0.14133723136004894, 0.7956826115442431, 0.06612287163078562, -0.029999619319583504], [-0.2689091649547008, -0.5876837616812804, -0.61920865473489, -0.05257097185123037, 0.11324999756299055, 0.19594584268070725, 0.4486620629070788, 0.06905689116883099, 0.20480762300504268, 0.6122950245865687, 0.08899707018442145]], "inverted": true, "swapped": false, "error_lsq": 0.04750762992457474, "error_max": 0.2744917625532855, "target": "347.xyz", "model": "12.xyz", "model_rescale": 3.9764082729961374, "target_rescale": 3.73751308974062},
{"mapping": [3, 8, 11, 13, 10, 6, 4, 7, 2, 9, 15], "R": [[0.5741342581769289, -0.6064286275315374, 0.5501037841151825], [-0.5822638603448798, -0.7747641354315431, -0.24639263662961164], [0.5756202311627919, -0.17884309927763276, -0.7979201058482388]], "T": [0.0968921466362906, -0.016777416366403106, 0.16937639482432768], "aligned_model": [[-0.40449666294674175, -0.13763664653897256, 0.2746322444897861, 0.6126743901179247, 0.48826525655962955, 0.26399289284045824, -0.36771794182652306, -0.6576536077678824, -0.3781334249040407, 0.17545586683878078, 0.02000924459848323], [-0.2036487332656114, 0.37124876798042666, -0.030493517044920246, -0.2869103446387405, 0.504858636604284, -0.7579138851196041, -0.44463842201893045, 0.016699097683220906, 0.6239136802304893, 0.2480827435273366, -0.08756916588143718], [-0.4803403279548205, -0.37291943042379616, -0.6044226908216925, -0.018978123462235846, -0.30059149347056624, 0.24970622117343286, 0.5113356721071823, 0.19332898217335312, 0.1805629506111773, 0.7033950874621692, 0.14356511147933512]], "inverted": false, "swapped": false, "error_lsq": 0.045939251761431904, "error_max": 0.303615175574952, "target": "347.xyz", "model": "13.xyz", "model_rescale": 4.170626492500431, "target_rescale": 3.73751308974062},
{"mapping": [3, 6, 2, 0, 4, 1, 9, 11, 5, 10, 13], "R": [[0.8320958112037959, -0.062357681988472885, -0.5511153059697415], [0.10983498137394346, 0.9925071835315968, 0.05353286378256915], [0.5436477148334965, -0.10507621108130087, 0.8327101248460449]], "T": [0.14710711797338566, 0.010757643980559978, 0.0725073961049439], "aligned_model": [[-0.3006016580163319, -0.4102966876796332, 0.35038571589254563, 0.6013761060764413, 0.5476013751464595, 0.17936627653162932, -0.31445020221658804, -0.5408595794172648, -0.38205288582905367, 0.10194712930489089, 0.05697602166780692], [-0.3558202395883543, 0.3702992938581561, -0.01324760563751625, -0.3456025066379924, 0.5602963829290132, -0.7503205569450914, -0.44510879205500564, 0.09017714086853731, 0.7504265561408116, 0.03478863044172764, 0.057740554682227885], [-0.3025274177587934, -0.44471602416613715, -0.5528194998903737, -0.07751105618287045, -0.1291721887799735, 0.17514164311944802, 0.5577465857209111, 0.21411960577136907, 0.06253648262123997, 0.6343894051495421, 0.06745442326917697]], "inverted": false, "swapped": false, "error_lsq": 0.04354923199165967, "error_max": 0.2056649973502399, "target": "347.xyz", "model": "14.xyz", "model_rescale": 3.9786697098870705, "target_rescale": 3.73751308974062},
{"mapping": [7, 5, 10, 1, 4, 6, 9, 8, 2, 0, 11], "R": [[-0.8346696692875699, 0.04740016020502316, -0.5487073609711434], [0.5183339906248458, 0.40436863905219933, -0.7535355850349699], [0.18616234134298176, -0.9133669736549543, -0.36208335242329065]], "T": [-0.035062730401340406, -0.032945228170208306, 0.06879113128249387], "aligned_model": [[-0.25366169634763475, -0.45932712717752594, 0.44722570911545007, 0.6059217793207202, 0.23815889078167574, 0.11872138562444255, -0.28003563937278186, -0.528236505464185, -0.25051322889818034, 0.2760289121486258, -0.02489086826970433], [-0.3974029959011316, 0.4148359619088645, -0.09512796731632744, -0.2560223305813638, 0.45983958642993045, -0.8067252086138866, -0.37014331559888874, 0.13731676366998272, 0.7690649599975556, 0.22215753942853864, -0.12416413536675991], [-0.4374311845220344, -0.44516539914537795, -0.6063771118670427, 0.06189503321516465, -0.17084985500486632, 0.1392941689948163, 0.5310680956163596, 0.06447746151441291, 0.3221844165913276, 0.6361976469110746, 0.10934868656970392]], "inverted": false, "swapped": false, "error_lsq": 0.039582470797969845, "error_max": 0.23844965775563315, "target": "347.xyz", "model": "15.xyz", "model_rescale": 3.769337070930944, "target_rescale": 3.73751308974062},
{"mapping": [7, 5, 1, 3, 0, 9, 8, 6, 4, 2, 10], "R": [[0.966331134029962, -0.03627653943711441, 0.25473152943998767], [-0.2569456588642891, -0.08399302569560606, 0.9627689754168929], [-0.01353025480780723, -0.9958057964889362, -0.09048617509802852]], "T": [-0.024741469525769222, -0.029346806818470857, -0.033157351308735136], "aligned_model": [[-0.409607189403013, -0.36262550414763856, 0.3374269667705414, 0.5600861976769997, 0.3896634040742251, 0.30332949877279797, -0.28395753090300785, -0.5943965221387246, -0.25037470080688073, 0.19284886364494203, 0.006998127920660527], [-0.3577297329073629, 0.33067668279905754, -0.0822871857857573, -0.22973651290128433, 0.46328732861113303, -0.7573710316468226, -0.46559388776054894, 0.190712970228918, 0.700543594763273, 0.1658263703902767, -0.00469973773436869], [-0.5383103316027114, -0.4873251480420908, -0.7453088705979208, 0.2787144237638183, -0.08838708938480783, 0.11892766023088301, 0.518194831638081, 0.36505583915315176, 0.12299056304803292, 0.6458770631611047, 0.014213017505997558]], "inverted": true, "swapped": false, "error_lsq": 0.05156089028234383, "error_max": 0.3081382107706739, "target": "347.xyz", "model": "16.xyz", "model_rescale": 3.7852294659196426, "target_rescale": 3.73751308974062},
{"mapping": [10, 0, 9, 11, 8, 6, 5, 4, 3, 2, 12], "R": [[-0.8552031885359754, -0.1545598922361554, -0.49471077007666686], [-0.37672901285563787, 0.8409042743670051, 0.38852960276421283], [0.35595330759906885, 0.5186436551846059, -0.7773712123213942]], "T": [-0.01876578421773291, 0.04549646427769692, 0.1461790743022385], "aligned_model": [[-0.14906242235241085, -0.3697398722225161, 0.25816191492680096, 0.6690306320628296, 0.41939672994208466, 0.05533588573721575, -0.4473905390292175, -0.7134145616828544, -0.18848876067092712, 0.3404052679686611, 0.015157336781235958], [-0.5420055779922766, 0.4026310814728827, 0.0538736932356149, -0.20017959509144356, 0.4061001214512986, -0.8379067084101733, -0.3387807703624861, -0.05216141589823618, 0.8037336560616481, 0.2575528284006406, 0.000771545189044584], [-0.38965598585951566, -0.31752256521263333, -0.6726631919452618, 0.07901183498321465, -0.1734840685069389, 0.1849219819999999, 0.46370204522004643, 0.04762604545304866, 0.31578403714829395, 0.5935215323101332, 0.07340029328315151]], "inverted": true, "swapped": false, "error_lsq": 0.04187424553896814, "error_max": 0.20710078689417458, "target": "347.xyz", "model": "17.xyz", "model_rescale": 3.901054581598922, "target_rescale": 3.73751308974062},
{"mapping": [10, 11, 6, 1, 7, 8, 5, 9, 12, 3, 14], "R": [[-0.1921296161012991, 0.5035964104463824, 0.8423044971993718], [-0.8653195783389076, -0.4918109905652245, 0.09666424831667747], [0.4629343775959428, -0.7102905074297221, 0.530263290352147]], "T": [0.036435214777554514, -0.11402931459771598, 0.11230689438565226], "aligned_model": [[-0.47248817054013514, -0.3027874605339673, 0.2833644590829263, 0.6889909534398766, 0.4399563896421281, 0.17510262985242486, -0.3901619209858612, -0.6160027092172067, -0.1306224827546432, 0.21225598435391974, 0.0017839391214404254], [-0.44066192071357774, 0.3610961386449768, 0.1313221813053522, -0.20607496971529093, 0.38526754129722296, -0.735355483931043, -0.4326778142557759, -0.021758818138066363, 0.6075591244047869, 0.37672183197723214, -0.07180895281930341], [-0.44155398763040393, -0.4316735916265719, -0.5529406813596831, -0.11437383869213723, -0.05367604126312796, 0.2997726017507607, 0.43874841199598563, 0.11157740772371892, 0.17041846354690587, 0.6705687134577822, 0.10777450097030919]], "inverted": true, "swapped": false, "error_lsq": 0.04479964161262898, "error_max": 0.22565182630888542, "target": "347.xyz", "model": "18.xyz", "model_rescale": 3.9405287249114394, "target_rescale": 3.73751308974062},
{"mapping": [13, 12, 4, 8, 1, 9, 11, 14, 3, 2, 15], "R": [[0.27010844237104065, 0.05048109152212153, 0.9615056363634203], [0.017464581017137243, 0.998203433342816, -0.05731399543314518], [-0.9626715004453942, 0.032273287117210836, 0.26874154343693124]], "T": [0.06091021347119395, -0.021134839381678334, -0.039976025174348145], "aligned_model": [[-0.4470711960616388, -0.20113517925306446, 0.28637907811301083, 0.7658103652380458, 0.3267687324068017, 0.11314090816839224, -0.31992070303265085, -0.6978978048161448, -0.30373869630617323, 0.30562790402562695, 0.06142820297869665], [-0.42594808400556855, 0.3004250585484858, -0.036414569710035684, -0.29223361216275834, 0.5778881811051567, -0.7678036636124983, -0.4230089743233303, 0.08364488192553897, 0.7304857566396338, 0.21804384357256829, -0.011449959920678671], [-0.21147229311648727, -0.39784542370476805, -0.7353862275256663, 0.003537041502442606, 0.03754876322028419, 0.1296337281116827, 0.42119443636840603, 0.07391235641837379, 0.1259343334796865, 0.7589182685610769, -0.0013330244414927195]], "inverted": true, "swapped": false, "error_lsq": 0.04067766607442291, "error_max": 0.21368539715181797, "target": "347.xyz", "model": "19.xyz", "model_rescale": 4.410303926677745, "target_rescale": 3.73751308974062},
{"mapping": [10, 5, 3, 6, 0, 11, 12, 8, 1, 2, 13], "R": [[0.39115703585641604, -0.6250963211812415, 0.6754633687667311], [-0.13092119714846057, 0.6886823467158798, 0.7131453326350266], [-0.9109642218206138, -0.3673842873172273, 0.18754458668587742]], "T": [0.027479466302131522, -0.007027293382870747, 0.10738860601211536], "aligned_model": [[-0.32318150501840404, -0.44605749016072105, 0.3937526513930265, 0.5175235767958104, 0.52114834712022, 0.13828473681038975, -0.29613833824479463, -0.7376146978757004, -0.19887991090866705, 0.366395405034574, -0.045841163484831915], [-0.428472692252911, 0.18258457990083382, 0.16448023610281923, -0.28118695170004776, 0.4982283347083754, -0.8263921556770327, -0.3705851588499251, 0.049523564981194236, 0.6994723934617608, 0.2832671630912244, -0.017290455709777407], [-0.5046201128563685, -0.5550921947226104, -0.49460127506188817, -0.038210414246972996, -0.011637268975971532, 0.16652183659307296, 0.6851187612972935, 0.05748367873440986, 0.22025807048134893, 0.5967492529460601, 0.0826716246851652]], "inverted": true, "swapped": false, "error_lsq": 0.048748328610688445, "error_max": 0.28647792787486354, "target": "347.xyz", "model": "20.xyz", "model_rescale": 4.121658175737393, "target_rescale": 3.73751308974062},
{"mapping": [9, 11, 10, 6, 2, 8, 5, 7, 3, 1, 12], "R": [[0.351686035361585, -0.8252673906557506, -0.4418717760299918], [-0.8882309838151947, -0.1451426090262336, -0.43586619785864295], [0.29557173735379677, 0.5457722574163211, -0.7840726950432286]], "T": [0.015893162859267188, -0.003287586569427771, 0.04056293346399248], "aligned_model": [[-0.2617906695219255, -0.5386260638441572, 0.3692848036824729, 0.6063142543029221, 0.5517182994444026, 0.08299402942461119, -0.2892994457274083, -0.659829024932563, -0.2868846501750201, 0.37722965447660534, -0.06171957566903816], [-0.4599833177875227, 0.30142497459541767, -0.06179983614254556, -0.271505185244355, 0.5335660039624279, -0.6600047850793433, -0.29474448764332556, 0.09585794669663603, 0.5713684415708477, 0.1728445597287269, 0.026604543399549842], [-0.4462466530294385, -0.5711785850105797, -0.652519822426795, -0.005117659917099185, 0.07041723877652273, 0.1744401068504925, 0.5751785677913146, 0.06025424770135129, 0.2870112002548083, 0.6069446712164748, 0.10545864666648716]], "inverted": true, "swapped": false, "error_lsq": 0.04648948012555742, "error_max": 0.29680641659859275, "target": "347.xyz", "model": "21.xyz", "model_rescale": 4.08911054899281, "target_rescale": 3.73751308974062},
{"mapping": [13, 2, 14, 9, 15, 10, 6, 0, 1, 8, 16], "R": [[-0.01804503067491823, -0.8250495070791184, -0.5647722441271749], [0.6930642432155101, 0.3968139232062857, -0.6018310935185622], [0.7206499369624989, -0.4022835085087877, 0.5646517928226267]], "T": [0.02182309436540688, -0.03852887580967859, -0.017499264261785375], "aligned_model": [[-0.31869794362419, -0.20703503969338707, 0.3516905569974905, 0.6617730247720267, 0.3941657985719989, 0.25637804466743236, -0.3173739931797033, -0.7306018999759808, -0.22402476982229053, 0.04554206401735788, -0.022424231269852664], [-0.40327954856480364, 0.5490903407543811, -0.06627704483915017, -0.3444864693066406, 0.5364173832742455, -0.7489323199827624, -0.31092165635151003, -0.03688716830219599, 0.6490839257486264, 0.18050772333710546, -0.05068630771078192], [-0.45078016095515366, -0.3690407841040658, -0.5672629245370407, -0.0838441895886608, -0.26710841410148356, 0.28490167986830683, 0.5877375798422176, 0.16671075410338632, 0.2935406754140157, 0.6399369659331545, -0.030149223001138047]], "inverted": true, "swapped": false, "error_lsq": 0.042786398224486884, "error_max": 0.19929437186922033, "target": "347.xyz", "model": "22.xyz", "model_rescale": 4.204369325754507, "target_rescale": 3.73751308974062},
{"mapping": [13, 12, 4, 8, 1, 9, 11, 14, 3, 2, 15], "R": [[0.27010844237104065, 0.05048109152212153, 0.9615056363634203], [0.017464581017137243, 0.998203433342816, -0.05731399543314518], [-0.9626715004453942, 0.032273287117210836, 0.26874154343693124]], "T": [0.06091021347119395, -0.021134839381678334, -0.039976025174348145], "aligned_model": [[-0.4470711960616388, -0.20113517925306446, 0.28637907811301083, 0.7658103652380458, 0.3267687324068017, 0.11314090816839224, -0.31992070303265085, -0.6978978048161448, -0.30373869630617323, 0.30562790402562695, 0.06142820297869665], [-0.42594808400556855, 0.3004250585484858, -0.036414569710035684, -0.29223361216275834, 0.5778881811051567, -0.7678036636124983, -0.4230089743233303, 0.08364488192553897, 0.7304857566396338, 0.21804384357256829, -0.011449959920678671], [-0.21147229311648727, -0.39784542370476805, -0.7353862275256663, 0.003537041502442606, 0.03754876322028419, 0.1296337281116827, 0.42119443636840603, 0.07391235641837379, 0.1259343334796865, 0.7589182685610769, -0.0013330244414927195]], "inverted": true, "swapped": false, "error_lsq": 0.04067766607442291, "error_max": 0.21368539715181797, "target": "347.xyz", "model": "23.xyz", "model_rescale": 4.410303926677745, "target_rescale": 3.73751308974062},
{"mapping": [11, 13, 15, 8, 5, 10, 1, 7, 12, 2, 16], "R": [[-0.49715181903163663, -0.7009741282905644, 0.5113465950808889], [-0.8489348609330218, 0.5147599494234203, -0.11971548087957948], [-0.17930329256922756, -0.4936167196690986, -0.8509952193384829]], "T": [-0.01606475796111024, -0.028151358557175345, -0.06565781744516111], "aligned_model": [[-0.3751263559958998, -0.4742086086089216, 0.44773263427210086, 0.7133997545992056, 0.38508285812698656, 0.19737260555430072, -0.48069421508174043, -0.6523268960157008, -0.19831118060136843, 0.3414333640666979, -0.014962348854758632], [-0.5005496916651383, 0.3712847153171448, 0.087297901723429, -0.40693421450986406, 0.4507464757404138, -0.6204300145762887, -0.46436861595098544, 0.04664438940089538, 0.7374438674037964, 0.3078929592004065, -0.05539891402729548], [-0.2861936882333033, -0.41884566948795376, -0.5956367208866881, -0.07622854144682487, 0.007413981765261535, 0.09997560839454703, 0.508945803756401, 0.11184425141008311, 0.09812870887582373, 0.7038636315267383, 0.051374593199454005]], "inverted": false, "swapped": false, "error_lsq": 0.04473872610478441, "error_max": 0.179039008079035, "target": "347.xyz", "model": "24.xyz", "model_rescale": 4.28219845311461, "target_rescale": 3.73751308974062},
{"mapping": [13, 2, 4, 3, 0, 9, 11, 14, 6, 8, 15], "R": [[0.14015524788413508, 0.6855749037985085, 0.7143833409117284], [0.5248438505631484, -0.6632413386750007, 0.5335258749101496], [0.8395805137189549, 0.3001632521716457, -0.4527765265880695]], "T": [0.0016014094626242165, -0.13856874282861487, 0.056842888390434734], "aligned_model": [[-0.32189588393281415, -0.3278896655916461, 0.4257898635255095, 0.734975985645796, 0.270206405629278, 0.12592312222678204, -0.298502129808069, -0.7157280565189922, -0.1819954605542388, 0.15240751867525412, 0.02609991216404252], [-0.36688379958925255, 0.28235188212820034, 0.008015812381487158, -0.3735149948836336, 0.5796635174783691, -0.789466892985488, -0.3518979585460278, 0.09614048460839478, 0.7176458369591263, 0.2273391723164302, -0.07576420181109246], [-0.38603202957085253, -0.37099058778162064, -0.520414157161465, -0.026866934887823463, -0.22163143416810738, 0.1900697390498129, 0.45797326954747375, 0.1592862419331615, 0.26988259745880167, 0.6272067827483953, 0.026158471705762805]], "inverted": true, "swapped": false, "error_lsq": 0.03946013775018367, "error_max": 0.21694777594973613, "target": "347.xyz", "model": "25.xyz", "model_rescale": 4.100010024507729, "target_rescale": 3.73751308974062},
{"mapping": [2, 5, 7, 8, 9, 1, 0, 6, 4, 10, 11], "R": [[-0.30013040959878073, 0.13802211810986775, 0.9438599642672284], [0.24780481209541, -0.9442240000986358, 0.2168728031360544], [0.9211484746426205, 0.29898316432568073, 0.24918779085937648]], "T": [0.004250163582375181, -0.1170435486507167, -0.026872798754133936], "aligned_model": [[-0.3557901070484216, -0.30981681189942994, 0.35318783493374856, 0.5650659178420494, 0.4652926359519425, -0.02952833414928267, -0.14523786495216495, -0.639070390553668, -0.3971499608178224, 0.36986979427790007, 0.012568897876051085], [-0.5512974477817885, 0.44751820138213055, 0.10574869178255339, -0.337809017451884, 0.5661476599418045, -0.7659763484130651, -0.231636322339473, -0.04098802571997753, 0.613505349455816, 0.14048693883405156, 0.007929178366345838], [-0.5059884851997364, -0.41004134604512715, -0.5627481254953047, 0.08977250339716378, -0.026156340693357105, 0.25042088714908667, 0.7068582837802139, 0.0020470940672862765, 0.23961515189107338, 0.436811033399218, -0.015948697376977752]], "inverted": true, "swapped": false, "error_lsq": 0.05287430667476211, "error_max": 0.28918087985702806, "target": "347.xyz", "model": "26.xyz", "model_rescale": 3.6694154284099745, "target_rescale": 3.73751308974062},
{"mapping": [4, 5, 8, 9, 7, 11, 2, 0, 1, 6, 13], "R": [[-0.8732542394194557, -0.37850546306252647, -0.3068560701171976], [-0.31416680118270807, -0.044011443668802996, 0.9483470956674106], [-0.37245973523398856, 0.924552111704911, -0.0804806707937808]], "T": [0.0967327547630595, -0.040738055515333306, 0.000883859283374349], "aligned_model": [[-0.47046408670355094, -0.2705737130988897, 0.20493368906823317, 0.7430768025172986, 0.43251209629278653, 0.3041651163268908, -0.29849776411624246, -0.5515321027392383, -0.26969627223855136, 0.0036906459632307237, 0.06177720018893479], [-0.4382347371145247, 0.5638725623824579, -0.11803996002349362, -0.24470218479310166, 0.4615879793174554, -0.7621550067674417, -0.4065535244206984, 0.08340756555718401, 0.6923785213892922, 0.19294802271696762, -0.07088038018758278], [-0.44162569003376534, -0.35339069401276674, -0.6241554721230166, -0.07328851678063368, -0.17532429390334572, 0.4164616102125559, 0.4157350685852497, 0.036575348873834734, 0.3293903379623284, 0.63957346671008, 0.03469079338301785]], "inverted": true, "swapped": false, "error_lsq": 0.04965753561452117, "error_max": 0.2658799850651263, "target": "347.xyz", "model": "27.xyz", "model_rescale": 4.103607728864725, "target_rescale": 3.73751308974062},
{"mapping": [10, 2, 0, 5, 1, 6, 11, 13, 4, 8, 14], "R": [[0.4419368219257487, -0.8751656526518095, 0.19691857668768148], [-0.6963897399202865, -0.19634062366873806, 0.6902837747123479], [-0.5654495340522667, -0.44219389402829185, -0.6962265324764427]], "T": [-0.11430464218355059, -0.16975489848057848, -0.07453485795443295], "aligned_model": [[-0.3293004307306589, -0.22656719772670653, 0.34167720288811426, 0.5981600450057036, 0.5082956896251588, 0.16271923243628172, -0.2773629754598024, -0.6002220367837666, -0.27245403474517604, 0.013898249025925222, -0.0294521320741713], [-0.5816911893129078, 0.48566178754480127, 0.0722956765574056, -0.33050892840386215, 0.47083331203661827, -0.6905218155385507, -0.4561647890119277, 0.08552955827521494, 0.6822319398199481, 0.26765785223221183, -0.051694546142437944], [-0.2839640333528529, -0.3894106946496455, -0.5676715703075782, -0.03339337337243034, -0.14436610778522196, 0.15639122078164264, 0.5283271395327858, 0.26982928756240043, 0.19139085372004777, 0.6070178406727693, -0.12950860392837824]], "inverted": true, "swapped": false, "error_lsq": 0.04344632092624543, "error_max": 0.25263743382329407, "target": "347.xyz", "model": "28.xyz", "model_rescale": 4.137296879288765, "target_rescale": 3.73751308974062},
{"mapping": [4, 5, 6, 9, 0, 8, 3, 2, 1, 7, 10], "R": [[-0.2613338454251002, -0.02568116798189618, -0.9649067824647187], [-0.5489319811240349, 0.8262114269848421, 0.12668211404501364], [0.7939636649964358, 0.5627745157083407, -0.2300142237659895]], "T": [0.0019120882083916609, -0.023574873372581972, 0.03451076342599931], "aligned_model": [[-0.23484184135570155, -0.34577674228981803, 0.1533922093746861, 0.7418546838783971, 0.4204214723484293, 0.19433624364303187, -0.43578972239077846, -0.7407513448498859, -0.1416237135401427, 0.2490299425820066, 0.029140424060677732], [-0.5575246093348657, 0.38374389965238515, -0.03848569036365278, -0.258863113648613, 0.5222227776457703, -0.5704499732849143, -0.46399564604446414, 0.20316874916101585, 0.6690691763929809, 0.1493328262238676, -0.08458953834299637], [-0.4738938186540474, -0.3734133002426018, -0.6676140569479068, -0.054475838654424326, -0.09768288958638163, 0.46142345646396615, 0.3179104687185747, 0.13020522985214714, 0.2925817998299486, 0.6849321023701607, -0.015331194275897138]], "inverted": true, "swapped": false, "error_lsq": 0.05194679140113156, "error_max": 0.3337553240274647, "target": "347.xyz", "model": "29.xyz", "model_rescale": 3.607286011436655, "target_rescale": 3.73751308974062},
{"mapping": [11, 12, 10, 8, 5, 9, 1, 13, 7, 6, 14], "R": [[-0.8887931206929133, 0.13616055520289125, -0.4376152326139857], [0.352089275014274, 0.8141183339472503, -0.4617840195923591], [0.29339381559411803, -0.5645100898458714, -0.7715234458092189]], "T": [0.055397726887381385, 0.014644014228866062, 0.12863931233978879], "aligned_model": [[-0.19587979268296446, -0.28548243902697873, 0.2724792234095034, 0.6023314706215014, 0.33340744842725595, 0.1816419469576785, -0.4063957657869184, -0.656327759653054, -0.17274241170576604, 0.17747625266404193, 0.03888343823660259], [-0.33019329758738913, 0.2759404705655507, -0.026528486703883566, -0.3299982818815951, 0.6441152722302791, -0.7516159373103498, -0.4520883070337275, 0.15004013090961688, 0.7221557873083126, 0.2017536569127824, -0.14995214935308265], [-0.2744461618404027, -0.4401548441028441, -0.5572581636262931, -0.08869485658372175, -0.19843523522202924, 0.23571588061572435, 0.45552426039934335, 0.023714359405912128, 0.3446673953617143, 0.5749909468303211, 0.1290183776358145]], "inverted": false, "swapped": false, "error_lsq": 0.04311118040667564, "error_max": 0.24911259147409506, "target": "347.xyz", "model": "30.xyz", "model_rescale": 3.964800864290218, "target_rescale": 3.73751308974062},
