[{"mapping": [7, 6, 0, 1, 4, 8, 3, 11, 10, 9, 13, 15], "R": [[-0.13807539798415425, 0.9659607926860081, 0.21875770035575015], [0.8911971377587327, 0.21753433290583152, -0.39805335780251544], [-0.43209124744914695, 0.13999486062221572, -0.8908976332201171]], "T": [-0.06403747977373891, -0.06286938563325825, -0.007895140654535077], "aligned_model": [[-0.24983892636805788, 0.0963832399790539, 0.34600890492530184, -0.0081644425676302, -0.13687619017738434, -0.4488622726997731, 0.42905361907947714, -0.32788030036531635, 0.48341474668444356, 0.19287056098829242, -0.4300246509168597, -0.1084418261009984], [-0.35681952304326037, -0.7063570248229672, -0.33271107716456694, 0.6974808915831223, 0.23345503322467467, -0.735544158885386, -0.20489668113602613, -0.5697313453235002, 0.31683952363594126, 0.3996078121807457, 0.37299808410459057, -0.06076649837631017], [-0.6224855536558838, 0.027459861110395094, -0.5728584918501577, 0.09029865525139237, -0.7218018458751841, -0.012247115313296909, 0.5253234576861346, 0.4831930152202555, 0.054324796187522104, 0.559998108640102, 0.3949381011686737, -0.02419124321639058]], "inverted": true, "swapped": true, "error_lsq": 0.04890046242195136, "error_max": 0.24421335587096613, "target": "348.xyz", "model": "0.xyz", "model_rescale": 3.751011558992144, "target_rescale": 4.373056573273431},
{"mapping": [12, 11, 9, 3, 14, 1, 8, 6, 13, 4, 5, 7, 2, 10, 15], "R": [[0.7371013602489757, -0.03995573235727244, -0.6745999734441919], [-0.2322878348849921, -0.9524052917413465, -0.19739939723191585], [-0.6346053470335347, 0.3022047314567975, -0.7113004666113838]], "T": [0.0694146712602244, 0.07439563675416905, 0.04561534827440482], "aligned_model": [[-0.15538181391888345, 0.32211420160233706, -0.4378359814374353, 0.1939456149494161, -0.30671795740749075, -0.6387296240068447, 0.5764776385742146, 0.6957262135590554, -0.5470946000017769, -0.02552210789689273, -0.05794425000484456, 0.45557597347579276, 0.5435314154391541, -0.13827193798294035, 0.059213426146173254], [-0.07537031871078473, -0.4115567284677026, 0.38766584917273317, 0.40964630627621074, -0.49731049115350046, 0.36757531043738656, -0.5090539711955308, 0.002743345870369729, -0.17765273911591295, 0.20804564003922288, -0.3329799054548903, -0.10943351317798339, 0.5476806429119797, 0.7026724869884542, 0.03608543540705417], [-0.6843508475698681, -0.47176546225049165, -0.4513234727584524, -0.6022516833774564, 0.24615154046247745, 0.10455343378611275, -0.009829341875961892, -0.16333662338442057, -0.16075716928562467, 0.8044968326241935, 0.7133181181670651, 0.6075197252812652, -0.10043220487899733, -0.05382603332208455, 0.07149959323421998]], "inverted": false, "swapped": true, "error_lsq": 0.04652844898147637, "error_max": 0.31170121325572137, "target": "348.xyz", "model": "1.xyz", "model_rescale": 3.9405287249114394, "target_rescale": 4.373056573273431},
{"mapping": [4, 0, 10, 11, 6, 1, 14, 8, 3, 9, 12, 13, 15], "R": [[0.8283595612692389, 0.40119686074867916, -0.39097508383430113], [-0.5396073484926013, 0.38396627512642334, -0.7492621764231292], [-0.15048038645158474, 0.8316315160519981, 0.534550909458058]], "T": [-0.009526312315762078, 0.07969304519049122, -0.02805356607365957], "aligned_model": [[-0.2533557414785192, 0.20458865875717497, -0.48769019782044476, 0.5144160731020023, 0.5900750779499969, -0.770587770319267, -0.07336534259347298, 0.7228676824924283, 0.012474926535682843, -0.5379234339273697, -0.03576400130636355, -0.3872536616255737, -0.0024989904823430886], [0.8109429486905108, 0.4767360498991082, -0.09615866590138156, -0.3649873081054311, -0.06299387275160995, 0.045615248792339996, 0.2966184288503976, 0.12549488281350993, -0.5821076845987828, -0.48879646942580535, -0.650931967239855, -0.158553605575209, 0.10795460812422544], [-0.12077471149980724, -0.625253529119379, -0.4618618081324996, 0.28086942943591847, -0.27539895516611923, 0.07451603389778576, 0.6482646811666181, 0.22114843942198673, -0.3584599788320642, -0.025646047767308017, 0.23899066832985563, 0.5074483147046663, 0.009277813148990153]], "inverted": false, "swapped": true, "error_lsq": 0.05341042334509754, "error_max": 0.2968024864561904, "target": "348.xyz", "model": "2.xyz", "model_rescale": 3.932901565614263, "target_rescale": 4.373056573273431},
{"mapping": [6, 0, 2, 8, 3, 9, 10, 12, 14, 13, 4, 5, 1, 15], "R": [[0.6726277830306514, 0.19969670530633502, 0.7125258531345133], [-0.15076160086998394, -0.9057189222930472, 0.3961618021761326], [0.724460354469719, -0.3738909729989699, -0.5791051157704384]], "T": [0.04388465767169661, -0.03637794622217978, -0.010373304192892382], "aligned_model": [[-0.17797459327389537, 0.5589066303421992, 0.14348111973991723, -0.29235102043192807, -0.35950651989019444, -0.2338890687868699, 0.2645501123437889, -0.6649550149664921, -0.05676547072558352, -0.254709516540615, 0.7724116443634571, 0.4294879344975302, 0.24322121655962523, 0.04790245882176428], [0.1405706884659867, 0.015151816402758658, -0.32912108662383177, 0.5897340105438934, -0.5663868767236405, -0.6951628469830299, -0.6680005022552661, -0.3262373763989509, 0.3955988450386077, -0.13570052316455794, 0.17057434690438672, 0.5608855670646737, -0.4918355491939788, 0.0034261252734370667], [-0.6108137914333867, -0.5509592969061903, -0.6223351252552815, -0.319452255059094, -0.33286167531101535, 0.29167611878178984, -0.021041968478810916, 0.1287014148338012, 0.5480208387550817, 0.6118631670708929, 0.1604938978537256, 0.3397531368761621, 0.5759027997802949, 0.014949101549127639]], "inverted": true, "swapped": true, "error_lsq": 0.04413512254086629, "error_max": 0.2602139156380291, "target": "348.xyz", "model": "3.xyz", "model_rescale": 3.9243930471874484, "target_rescale": 4.373056573273431},
{"mapping": [12, 13, 9, 3, 10, 11, 6, 1, 4, 5, 0, 7, 15], "R": [[-0.28144208698225043, -0.9576519519159313, 0.06077080439390485], [-0.9097490464425358, 0.2461489273423102, -0.33431628447493705], [0.3051999740694162, -0.14937685416367885, -0.9404996178990137]], "T": [-0.029578200209945393, -0.05858483569794849, -0.04916905198570409], "aligned_model": [[-0.014485862499016212, -0.11155143473405102, 0.4560278085838717, 0.36770599341329835, 0.6359622367529751, -0.47216386591310566, -0.1982109270882857, 0.3932349693953559, 0.0025192008875280086, -0.49895639004018394, 0.16030240467896667, -0.37477059809847213, -0.06840764902752831], [-0.6120696828516976, 0.027473524795524853, -0.2564472807774973, -0.6771445113451232, -0.02562376860614049, -0.6545926959807674, -0.532422371896084, 0.328536859050765, 0.6653706616169165, 0.5758124921018256, 0.06380114056493352, 0.2576980363020209, -0.03256284929308928], [-0.5961980215606077, -0.7362469433092758, -0.6213813373754725, -0.1339148790976179, -0.11019045312030741, -0.1779410054322549, 0.3845383585816081, -0.5612844481292683, 0.22946084133899813, 0.02312383515025415, 0.6643456240992537, 0.47946843241403936, -0.056709688188384996]], "inverted": false, "swapped": true, "error_lsq": 0.04571168909893412, "error_max": 0.28928589264486015, "target": "348.xyz", "model": "4.xyz", "model_rescale": 3.8936222436046832, "target_rescale": 4.373056573273431},
{"mapping": [1, 14, 4, 10, 7, 8, 11, 6, 3, 12, 0, 15], "R": [[0.13974695153134065, -0.9253247141312417, 0.3524839896443994], [0.2579580850318003, -0.3096638898409102, -0.9151862661203585], [0.9559960334145869, 0.2188205857467085, 0.19542040668528915]], "T": [-0.06735266801169171, -0.06212364471321771, -0.09686403710256922], "aligned_model": [[0.19388090430330485, -0.6002030257493317, -0.4237023164401573, 0.5040989179198252, -0.5962124090161556, -0.537272517550165, -0.15046160908373785, -0.055093802077888984, 0.58276703403878, 0.2898107484934203, -0.06783254140989253, -0.11223134121290429], [-0.49766326904754266, -0.5292020667105322, 0.21435431853205436, -0.010403655211484189, 0.3992942270814078, 0.0892707194480202, -0.2606147641731307, 0.3393431640877256, -0.07572793271224623, -0.5960656695222377, 0.6725592282258398, -0.07622139488806694], [-0.6738897022461031, -0.17715512861542132, -0.7288065080668301, -0.44113463444621515, -0.17465322996558302, 0.5005097931023959, 0.6252050983745597, 0.43203599778394064, 0.2563950100658462, 0.3426290302987387, -0.2396121026549772, -0.10223890435483268]], "inverted": false, "swapped": true, "error_lsq": 0.04858689145390869, "error_max": 0.26091369443488993, "target": "348.xyz", "model": "5.xyz", "model_rescale": 3.6523030999806103, "target_rescale": 4.373056573273431},
{"mapping": [4, 5, 14, 1, 13, 0, 11, 10, 6, 3, 12, 9, 15], "R": [[-0.7966607644092957, -0.1769956222901251, 0.5779309440936072], [0.34608080425049315, 0.6503365364348103, 0.6762325534217549], [-0.49553981008606035, 0.7387387488605875, -0.4568428149284666]], "T": [-0.03204789530164419, -0.08387661726487068, 0.07692739914577562], "aligned_model": [[0.12316696220549762, 0.021280476362295533, 0.20408080623297675, 0.7275114090459407, 0.49714200456814106, -0.4333445850389559, -0.41478730519112916, 0.3158350767611346, -0.6653121008665815, -0.09909693656698278, 0.12020977239519239, 0.5146656561628674, -0.03026833140610189], [-0.5562323616552177, -0.05209128710024412, 0.37682544099751436, -0.19708101170894143, 0.3701705553578591, -0.7071779975402782, 0.5244763192683541, -0.5101077935458329, -0.06105931724252196, -0.06491994062715466, 0.45993517610505125, 0.02077495814519935, -0.06268583629060445], [0.6732199627873486, 0.8669577110327666, 0.5673713462358924, 0.04300410093287707, 0.07787410074929046, 0.17984737019157335, -0.14914096601862623, -0.30393811345410676, -0.121861287744717, -0.6598071042737014, -0.4587033358385787, -0.46394410399499, 0.11923005887676073]], "inverted": false, "swapped": true, "error_lsq": 0.05270294159684749, "error_max": 0.34012885456670827, "target": "348.xyz", "model": "6.xyz", "model_rescale": 4.08911054899281, "target_rescale": 4.373056573273431},
{"mapping": [7, 4, 0, 8, 11, 12, 6, 2, 14, 5, 13, 1, 9, 10, 15], "R": [[-0.10882018244882774, -0.8770599672783228, -0.46789313062872767], [0.4637303356655642, -0.46112330581649297, 0.7565179922621621], [-0.8792680727032611, -0.13465181257828218, 0.4568988352951626]], "T": [0.03618941624556548, -0.02827753231578437, -0.03636450360881477], "aligned_model": [[0.04233352504939047, 0.24170342723075838, 0.5846951393718649, -0.39025153152821657, -0.4293408780342831, -0.267205371885163, 0.10871959203763273, 0.5954628078644485, -0.5829178673706159, -0.2951143705965063, -0.39898619669564317, 0.13210683413113292, 0.12953408035827896, 0.5651305767233733, 0.00046377314310237783], [-0.6657530694035142, -0.727130273799752, -0.4144936004603647, -0.1567709358041665, 0.3480537991791054, 0.6875356498824999, 0.06770908687328131, 0.12867165948950593, -0.2708087096269521, -0.7321927042412203, 0.21890371002445255, 0.07414042351921513, 0.5878178848949691, 0.21395229678219563, -0.0588764011401417], [-0.3400706545751499, 0.23223419280068264, -0.3681999819592416, -0.6705868422453276, -0.49390786881287446, 0.000743972065174292, -0.6895008353206347, -0.40063843427844276, 0.2213625124729489, 0.11444447389433327, 0.4491509963200701, 0.7194177224145435, 0.4263479914397763, 0.2942411152493793, -0.03096832738315691]], "inverted": false, "swapped": true, "error_lsq": 0.054025707395734125, "error_max": 0.3051280800820495, "target": "348.xyz", "model": "7.xyz", "model_rescale": 3.964800864290218, "target_rescale": 4.373056573273431},
{"mapping": [0, 4, 7, 2, 8, 10, 6, 5, 1, 13, 9, 12, 14, 15], "R": [[0.5063177798695052, -0.8608826287325673, 0.05023350808494334], [-0.8420592739056951, -0.5061277620953272, -0.1864694818617494], [0.18595291075277248, 0.05211322272591467, -0.981175686102999]], "T": [-0.02470723194778079, 0.022680060850224906, 0.07533392053631394], "aligned_model": [[-0.23871179192507813, 0.3866215890692304, 0.30506827015529214, -0.6197280745336551, 0.1555436277772164, -0.4434743408820556, -0.3381262828462789, 0.7170584191442335, 0.07332317766975516, 0.25283222044342385, -0.3587550534173412, -0.28754115772021804, 0.6354709489800077, 0.021606337546340355], [-0.194045806656449, -0.5079776454276499, 0.048463977207421, -0.015332576761460916, 0.708712681852269, -0.4736546422996669, 0.47857515934882877, -0.08996181174015923, -0.5532125109286133, 0.016205468853615276, -0.1864559817443074, 0.39822051310656725, 0.1495091203019967, 0.03190252106881083], [-0.608309342393866, -0.31452172258357314, -0.5485519219565418, -0.2632225861459858, -0.2368667873316571, 0.23670333367583657, -0.29207495655374804, -0.17980847801325994, 0.5749679330537272, 0.7149678888022919, 0.743962226218805, 0.7043821257024374, 0.3132783983424031, 0.07190892790815225]], "inverted": true, "swapped": true, "error_lsq": 0.0479183910253636, "error_max": 0.3806701478692259, "target": "348.xyz", "model": "8.xyz", "model_rescale": 4.121658175737393, "target_rescale": 4.373056573273431},
{"mapping": [4, 7, 14, 13, 0, 10, 6, 3, 11, 2, 1, 12, 15], "R": [[0.6668720636262514, 0.4604479481098946, 0.5858919165138338], [-0.6810583538517757, 0.0575499359904912, 0.7299640563179809], [0.3023924096328725, -0.8858192208057344, 0.35197036614969013]], "T": [-0.04519267550481957, -0.00633708872606047, -0.10165246164478224], "aligned_model": [[-0.6791810977087951, -0.2785343478815981, 0.19036044466083613, 0.23012487535194256, -0.5391717962899812, -0.43719320136783163, 0.20084553625336735, 0.1808083080265099, 0.6816601194288222, -0.24150724900061646, -0.349561231210607, 0.5550486576882956, -0.03696152151514692], [0.030010466000284963, -0.4228824623090038, 0.3778777091685908, 0.6327924854807473, -0.5685807011453949, 0.18202366280561805, -0.6131426883111807, -0.09899820133452535, -0.2024087715442075, -0.4880046518355954, 0.6834629364906011, 0.27464964851232604, 0.003588007433449109], [-0.5483223156538589, -0.6219330131476456, -0.6543116080197915, -0.14541677243877915, -0.10335915710561881, 0.40688458870514, 0.009312793875691422, 0.5968961277214296, -0.07114727039365254, 0.3450826039455617, 0.04812093189607168, 0.3064783307040045, -0.1472098061294637]], "inverted": false, "swapped": true, "error_lsq": 0.04783453071881557, "error_max": 0.2771753781291165, "target": "348.xyz", "model": "9.xyz", "model_rescale": 3.833441315466971, "target_rescale": 4.373056573273431},
{"mapping": [5, 14, 0, 6, 8, 7, 11, 3, 10, 2, 1, 9, 13, 4, 15], "R": [[0.49199388432747654, 0.23812603353047912, -0.837399552149034], [-0.6894093766888676, 0.6939531364093477, -0.20771075032625633], [0.5316547085447743, 0.6795035221561919, 0.5055870194729102]], "T": [-0.03623061516832161, 0.02328965254438608, 0.05899002648056947], "aligned_model": [[-0.22820627433356486, 0.1373172683841418, -0.587336453545504, -0.549549082395721, -0.5845884671211274, -0.62274796132397, -0.16976946068704035, 0.13861424326839877, 0.30020984489430824, -0.33639657652933436, 0.64446530529126, 0.6611169030475007, 0.5587900944769771, -0.19527615536693094, -0.04279820976486123], [-0.7452182313334147, -0.5478512036865797, 0.09357487339379406, 0.4043299989243654, -0.00021255315043156725, -0.35509385776480984, 0.3111677289441069, 0.7417479536979638, 0.30901564502988277, 0.5446410458666536, -0.16902796044932838, 0.3616189153676407, -0.17253491228906093, -0.5561168620669119, -0.018939041188891663], [0.03568563110130856, -0.3311608031625024, 0.5604663538621848, -0.12093643321806974, -0.4881404186903973, 0.16610472378068278, -0.6243716982781257, 0.02933192414327184, 0.5619041251336893, 0.3879404669239171, 0.35992749757076087, 0.099355745304918, -0.24728562752381036, 0.5506901685109342, 0.03861025236333048]], "inverted": true, "swapped": true, "error_lsq": 0.0481734933016222, "error_max": 0.3552752211894437, "target": "348.xyz", "model": "10.xyz", "model_rescale": 4.2482417240324, "target_rescale": 4.373056573273431},
{"mapping": [9, 10, 0, 4, 11, 8, 6, 5, 1, 14, 13, 15], "R": [[-0.46416684881604664, 0.28910361631079873, -0.8372384579653517], [0.48675119490019325, 0.8729694217737083, 0.031585802369284294], [0.7400151422257625, -0.39286573747795306, -0.5459249963067168]], "T": [-0.039236157411751994, 0.02397619265283219, 0.04698304767636235], "aligned_model": [[-0.6327660318104444, -0.1816967269242456, 0.44792851808359796, 0.6821962512261028, -0.49051213020766926, 0.014930416807363671, -0.11109509232948145, 0.5874470747924844, -0.131784679180786, 0.07866195892765776, -0.37054131294291903, -0.016002644078654173], [-0.3937828365465335, -0.6294689385285138, -0.19784308729055078, -0.18307513370615708, 0.5973951975438907, 0.7358554772478523, 0.29573159340608185, 0.3276377579024533, -0.47301963528835983, 0.44014771447957646, 0.09098998796841531, 0.05556329286248478], [-0.22795207961583352, 0.06862936936447843, 0.570053741065248, -0.1516156701536555, 0.234680405692135, 0.3484698266661626, 0.6486859817723143, -0.3312495479608449, -0.5320905918821075, -0.5199734885739821, -0.5628921251997638, 0.020446468680205325]], "inverted": false, "swapped": true, "error_lsq": 0.04733931486287182, "error_max": 0.29128094532126686, "target": "348.xyz", "model": "11.xyz", "model_rescale": 3.6694154284099745, "target_rescale": 4.373056573273431},
{"mapping": [14, 13, 9, 12, 11, 4, 7, 0, 3, 2, 10, 6, 1, 15], "R": [[0.9375154917629445, 0.30292090507480474, 0.17118302478092232], [0.09486366355030282, -0.6958773943162444, 0.7118676403780758], [0.3347619871525136, -0.6511478920708381, -0.6811320243604796]], "T": [0.0405647888794463, -0.04488120183829683, -0.0397165366325197], "aligned_model": [[0.012019940854950527, -0.041672388676498376, -0.10376658874535007, 0.4511382457421906, 0.7688498335327512, -0.5595389959997498, 0.006145518850849685, -0.10790854746054822, 0.3347023140763648, 0.14340923829235885, -0.35360299344233087, 0.5627943754332819, -0.553629946253784, 0.039324844051323346], [-0.3427650677816928, 0.2251781209273532, 0.6918854869566419, 0.5332644390441573, 0.017316182881053688, -0.5312537172439876, -0.7210536860085676, -0.3587301999525292, 0.5784738519975325, 0.1239642919086831, 0.42607315840637605, -0.1579598276558935, 0.32684442685705517, -0.08025017219992839], [-0.6870099859079105, -0.6772953083539479, -0.23652340189786195, -0.3606386497518298, -0.2225334835156282, 0.038345274359574216, 0.16092324530210234, 0.6232997822210841, 0.22962386356925815, 0.6168118255979453, 0.22596723501926777, 0.35468251075066204, -0.35538889148018904, -0.07116855626011104]], "inverted": false, "swapped": true, "error_lsq": 0.046977752073888726, "error_max": 0.3015569355014816, "target": "348.xyz", "model": "12.xyz", "model_rescale": 3.9764082729961374, "target_rescale": 4.373056573273431},
{"mapping": [7, 11, 2, 1, 3, 6, 0, 4, 5, 10, 8, 9, 12, 13, 6, 15], "R": [[0.2012525303081092, -0.5463062194636628, -0.8130479282427967], [0.9239662437944882, 0.3814758297987406, -0.027614699123234054], [0.32524421497220835, -0.7456713122111396, 0.58154148155779]], "T": [0.024177370647664793, 0.02781291359098549, 0.058342576760684814], "aligned_model": [[0.062100448853153585, -0.650086420242787, 0.35847198020780296, 0.35062906023054463, -0.6304929251331889, -0.2819401299721791, 0.5681570569794525, 0.10257084765409408, 0.5470851502107457, -0.1170784638982234, -0.24684499575979146, 0.6187529380205944, 0.2539922668522338, -0.27525277679067517, -0.2819401299721791, -0.03389668886791043], [-0.2024852914302081, -0.28618388146502904, -0.6313247419150027, -0.4398754166000109, -0.27560683245521067, 0.727003320356065, -0.026795069097466227, 0.41569382576919867, 0.6759594918009064, -0.5205606656116124, -0.6229528513559015, 0.09050371661756348, 0.0612644278441161, 0.3061235010434948, 0.727003320356065, 0.05197277250171038], [-0.6603773101399261, 0.33640561230837995, -0.2417310459041931, 0.33766228324885245, -0.37500106152777885, 0.025423636905730213, -0.4193728223917067, -0.5410459303946223, -0.03808030984772039, 0.6288512145546642, 0.006346108336912432, 0.12197342161334744, 0.6527158976835907, 0.5137164340513642, 0.025423636905730213, -0.029020914480595142]], "inverted": false, "swapped": false, "error_lsq": 0.05022611806848701, "error_max": 0.40491669442833994, "target": "348.xyz", "model": "13.xyz", "model_rescale": 4.170626492500431, "target_rescale": 4.373056573273431},
{"mapping": [4, 7, 1, 14, 10, 12, 13, 0, 2, 8, 6, 11, 3, 15], "R": [[-0.15284303451394932, 0.7365798847188214, 0.658854369514368], [-0.16926120651055682, 0.6373249053929864, -0.7517763024573276], [-0.9736476009168606, -0.22642225684200873, 0.02726372746733488]], "T": [-0.02627968165900732, 0.008249019007368328, 0.01114357719805345], "aligned_model": [[0.13754199595577818, 0.1376350450381201, -0.19946674479388257, -0.6721337537995681, 0.33723541839615534, -0.3861620485633319, -0.619305694726458, 0.6335606248394282, 0.6068182382616191, -0.2015941526597563, 0.25290110029055823, -0.34202872498324166, 0.21708477716977503, -0.05890305833355219], [-0.5353105774756917, -0.6757075646968452, 0.3347242187813024, -0.2646016776906676, 0.42880614905513836, 0.6350338782796698, 0.294887254316174, -0.3447355390917383, 0.15937702541410942, -0.37107486504682446, -0.07091275504738213, 0.146194530445304, 0.6451738261406903, -0.025779435457572993], [-0.5184617907113086, 0.07427511109780954, -0.6628865015071653, -0.11910015671574717, -0.3613380853988104, 0.3000023150248893, -0.21768026600713344, 0.02334341125631386, 0.2266954767916855, 0.6638139677839646, 0.6085150108842325, 0.6811907654715448, 0.2987773517963185, 0.006726491354272809]], "inverted": true, "swapped": true, "error_lsq": 0.04695938662373653, "error_max": 0.307979360654806, "target": "348.xyz", "model": "14.xyz", "model_rescale": 3.9786697098870705, "target_rescale": 4.373056573273431},
{"mapping": [10, 0, 1, 9, 4, 14, 6, 8, 13, 3, 7, 15], "R": [[0.3677980185679521, -0.17405495293999712, -0.9134711220911931], [0.43500625760984796, -0.8360117666204849, 0.334445633717007], [-0.8218845255738563, -0.5203740956553767, -0.23176847756562108]], "T": [0.030383917840717534, -0.000673861704307898, 0.019445033591162165], "aligned_model": [[0.0885234275500655, -0.6738899634629096, 0.5658107345654608, 0.5831153589002902, -0.19559168938078497, 0.44282786789605605, -0.43503618820084383, -0.2508291225326394, 0.7224844832587842, 0.06729177132738812, -0.47142928267936585, 0.04007719952583556], [-0.44551609063441827, -0.005403397357943578, -0.04900087246015321, -0.5135744046310048, 0.5091871938209027, 0.5610553616714458, -0.1962122873081638, 0.25878114639073785, 0.07887805456016324, -0.7242442104660164, 0.4961418761039909, 0.044582120534898254], [-0.47703185947064364, -0.23375863125878654, -0.529990118057774, -0.1644316360279265, -0.520696754926771, 0.17073509632292014, 0.45096557107503943, 0.6933906814012578, 0.04894047902697787, 0.17016470316470333, 0.022250571481686566, 0.029428391143146538]], "inverted": true, "swapped": true, "error_lsq": 0.0486195137489008, "error_max": 0.24451320012509445, "target": "348.xyz", "model": "15.xyz", "model_rescale": 3.769337070930944, "target_rescale": 4.373056573273431},
{"mapping": [11, 3, 14, 13, 8, 6, 7, 2, 4, 1, 15], "R": [[-0.23031721229478513, -0.1076899644499752, 0.9671384871245285], [0.5921724790302263, -0.8041652211757782, 0.05147865703869697], [0.7721954006596743, 0.5845692162679068, 0.2489841251806434]], "T": [-0.036841611338667556, 0.03347789128120849, 0.07192987036964188], "aligned_model": [[-0.14423119780642082, -0.29538186496414426, -0.24923193222908205, -0.6683872288392241, 0.3257085178894414, 0.35291588339342606, 0.5952992914880962, 0.28355308601506635, 0.3260006247242378, -0.5719644196460998, -0.03165462933412591], [-0.11487310005524426, -0.652433790150464, 0.6815326699170833, 0.32152414145614816, 0.1377994831360012, -0.3309361552488463, 0.34785501263080537, -0.5605364351370313, 0.4894489740922645, 0.19813169145191165, 0.07855200553271367], [-0.658925188507993, -0.02963173942136739, -0.13652581051296503, 0.005739447264701353, -0.6050301142478838, -0.32348462513792087, 0.05726218008201392, 0.19279959306402486, 0.5849720772812608, 0.598645228055926, 0.05839655930397991]], "inverted": true, "swapped": true, "error_lsq": 0.040324932911211614, "error_max": 0.18976380554958086, "target": "348.xyz", "model": "16.xyz", "model_rescale": 3.7852294659196426, "target_rescale": 4.373056573273431},
{"mapping": [7, 1, 10, 4, 14, 13, 12, 9, 2, 6, 11, 3, 15], "R": [[0.4744683232603101, -0.6805837215695167, -0.5582881049755017], [0.8589512933269663, 0.21920834026016603, 0.4627638482555824], [-0.19256813317494229, -0.6991090769650828, 0.6885956815073326]], "T": [0.006538701628327179, 0.01484496671864239, -0.11502942547034427], "aligned_model": [[0.11675239451923325, -0.3435093876748318, 0.2681816606443643, -0.06159355454495738, -0.669457019229634, -0.5987710137836746, -0.17987974249542457, -0.11814416541383163, 0.686599415084886, 0.45496389407502996, -0.06128859853089483, 0.38873103102717294, -0.028819063461154645], [-0.22677371978932545, -0.4003437084526396, -0.28356133273978895, -0.6947582690027451, 0.021034349173718193, 0.11506115853020721, 0.6093174264452765, 0.10149209210436577, 0.04439414722624064, 0.41501328744352006, 0.7545924864141158, 0.4097007036805023, 0.009887002669427002], [-0.7693409635182246, 0.4290119893951055, 0.4237198288343957, -0.4225967615550391, -0.3420313909673588, 0.21626884597314472, 0.3515159705605413, 0.6461118891546328, -0.032812980089819796, -0.3975914312905121, -0.2409767218159216, 0.3806021195199661, -0.14612569705773654]], "inverted": false, "swapped": true, "error_lsq": 0.04154246821288518, "error_max": 0.232967901303883, "target": "348.xyz", "model": "17.xyz", "model_rescale": 3.901054581598922, "target_rescale": 4.373056573273431},
{"mapping": [12, 11, 9, 3, 14, 1, 8, 6, 13, 4, 5, 7, 2, 10, 15], "R": [[0.7371013602489757, -0.03995573235727244, -0.6745999734441919], [-0.2322878348849921, -0.9524052917413465, -0.19739939723191585], [-0.6346053470335347, 0.3022047314567975, -0.7113004666113838]], "T": [0.0694146712602244, 0.07439563675416905, 0.04561534827440482], "aligned_model": [[-0.15538181391888345, 0.32211420160233706, -0.4378359814374353, 0.1939456149494161, -0.30671795740749075, -0.6387296240068447, 0.5764776385742146, 0.6957262135590554, -0.5470946000017769, -0.02552210789689273, -0.05794425000484456, 0.45557597347579276, 0.5435314154391541, -0.13827193798294035, 0.059213426146173254], [-0.07537031871078473, -0.4115567284677026, 0.38766584917273317, 0.40964630627621074, -0.49731049115350046, 0.36757531043738656, -0.5090539711955308, 0.002743345870369729, -0.17765273911591295, 0.20804564003922288, -0.3329799054548903, -0.10943351317798339, 0.5476806429119797, 0.7026724869884542, 0.03608543540705417], [-0.6843508475698681, -0.47176546225049165, -0.4513234727584524, -0.6022516833774564, 0.24615154046247745, 0.10455343378611275, -0.009829341875961892, -0.16333662338442057, -0.16075716928562467, 0.8044968326241935, 0.7133181181670651, 0.6075197252812652, -0.10043220487899733, -0.05382603332208455, 0.07149959323421998]], "inverted": false, "swapped": true, "error_lsq": 0.04652844898147637, "error_max": 0.31170121325572137, "target": "348.xyz", "model": "18.xyz", "model_rescale": 3.9405287249114394, "target_rescale": 4.373056573273431},
{"mapping": [7, 12, 9, 11, 4, 0, 5, 8, 6, 14, 13, 2, 10, 3, 1, 15], "R": [[-0.8168130589002935, -0.32143390192828014, 0.47905811077687277], [0.09748365298354547, 0.741553212467508, 0.6637738850543178], [-0.5686065108763083, 0.5888795120992747, -0.574375796860201]], "T": [-0.08288314958513354, -0.032622387955648244, 0.015059959758056369], "aligned_model": [[-0.13660307302555583, -0.5818712980662832, 0.3529747012285437, 0.3948291316689806, -0.6560234072772368, -0.29148179039234723, 0.6994453496182831, 0.21250765344183586, 0.29506731426094396, -0.18763302375305232, -0.20492510465482583, 0.6079075573347466, 0.3487043845757963, -0.2869016555992111, -0.17045075304336954, -0.051318767945560555], [-0.3281293400115074, -0.029054061119916083, -0.5031244986609317, -0.5328084938733091, 0.03946692283265141, 0.5053200277703838, 0.08199584022976099, 0.2761079212386143, 0.5829208077462664, -0.4791904806350164, -0.6927615293835909, 0.39417660562169604, -0.08643220259201306, 0.2584456510939413, 0.5840565749635332, -0.021250118861884472], [-0.6216623973596704, 0.2411952222191338, -0.4064439484830068, 0.2170947035169775, -0.43324619110179474, -0.3588101010547548, -0.24201478396569967, -0.6092012237283543, -0.17610352183774797, 0.6390338090007165, 0.040592694228005724, 0.32486005873729323, 0.6698429323163037, 0.7890654124013666, 0.23313883424373988, 0.03654735178952108]], "inverted": true, "swapped": false, "error_lsq": 0.03945420200594404, "error_max": 0.2577976888939824, "target": "348.xyz", "model": "19.xyz", "model_rescale": 4.410303926677745, "target_rescale": 4.373056573273431},
{"mapping": [0, 4, 7, 2, 8, 10, 6, 5, 1, 13, 9, 12, 14, 15], "R": [[0.5063177798695052, -0.8608826287325673, 0.05023350808494334], [-0.8420592739056951, -0.5061277620953272, -0.1864694818617494], [0.18595291075277248, 0.05211322272591467, -0.981175686102999]], "T": [-0.02470723194778079, 0.022680060850224906, 0.07533392053631394], "aligned_model": [[-0.23871179192507813, 0.3866215890692304, 0.30506827015529214, -0.6197280745336551, 0.1555436277772164, -0.4434743408820556, -0.3381262828462789, 0.7170584191442335, 0.07332317766975516, 0.25283222044342385, -0.3587550534173412, -0.28754115772021804, 0.6354709489800077, 0.021606337546340355], [-0.194045806656449, -0.5079776454276499, 0.048463977207421, -0.015332576761460916, 0.708712681852269, -0.4736546422996669, 0.47857515934882877, -0.08996181174015923, -0.5532125109286133, 0.016205468853615276, -0.1864559817443074, 0.39822051310656725, 0.1495091203019967, 0.03190252106881083], [-0.608309342393866, -0.31452172258357314, -0.5485519219565418, -0.2632225861459858, -0.2368667873316571, 0.23670333367583657, -0.29207495655374804, -0.17980847801325994, 0.5749679330537272, 0.7149678888022919, 0.743962226218805, 0.7043821257024374, 0.3132783983424031, 0.07190892790815225]], "inverted": true, "swapped": true, "error_lsq": 0.0479183910253636, "error_max": 0.3806701478692259, "target": "348.xyz", "model": "20.xyz", "model_rescale": 4.121658175737393, "target_rescale": 4.373056573273431},
{"mapping": [4, 5, 14, 1, 13, 0, 11, 10, 6, 3, 12, 9, 15], "R": [[-0.7966607644092957, -0.1769956222901251, 0.5779309440936072], [0.34608080425049315, 0.6503365364348103, 0.6762325534217549], [-0.49553981008606035, 0.7387387488605875, -0.4568428149284666]], "T": [-0.03204789530164419, -0.08387661726487068, 0.07692739914577562], "aligned_model": [[0.12316696220549762, 0.021280476362295533, 0.20408080623297675, 0.7275114090459407, 0.49714200456814106, -0.4333445850389559, -0.41478730519112916, 0.3158350767611346, -0.6653121008665815, -0.09909693656698278, 0.12020977239519239, 0.5146656561628674, -0.03026833140610189], [-0.5562323616552177, -0.05209128710024412, 0.37682544099751436, -0.19708101170894143, 0.3701705553578591, -0.7071779975402782, 0.5244763192683541, -0.5101077935458329, -0.06105931724252196, -0.06491994062715466, 0.45993517610505125, 0.02077495814519935, -0.06268583629060445], [0.6732199627873486, 0.8669577110327666, 0.5673713462358924, 0.04300410093287707, 0.07787410074929046, 0.17984737019157335, -0.14914096601862623, -0.30393811345410676, -0.121861287744717, -0.6598071042737014, -0.4587033358385787, -0.46394410399499, 0.11923005887676073]], "inverted": false, "swapped": true, "error_lsq": 0.05270294159684749, "error_max": 0.34012885456670827, "target": "348.xyz", "model": "21.xyz", "model_rescale": 4.08911054899281, "target_rescale": 4.373056573273431},
{"mapping": [5, 0, 10, 12, 8, 1, 9, 11, 15, 13, 7, 14, 3, 4, 2, 16], "R": [[0.5656910147491253, 0.528768775927422, 0.6327695136748613], [-0.5247172772272972, -0.36113924181727247, 0.7708762721726602], [0.6361332052418555, -0.7681028769792894, 0.07316088821810504]], "T": [-0.015266716154806938, -0.001679204079304155, -0.025443164219292606], "aligned_model": [[0.19117474406750726, -0.7221871842320501, 0.16332206067755836, 0.4849111928307817, -0.4076869546399799, -0.536664479573436, 0.6034244192053458, 0.01877009840374124, 0.2947830415688959, 0.030919019390836612, -0.2013173997037931, 0.5596317496756885, 0.331153495095181, -0.2898500285600482, -0.13499554081422185, -0.041161015020319866], [-0.22219685749272966, -0.13364065583088652, -0.7226157296668877, -0.4668655055544826, 0.08094129354913655, 0.5715124845209922, -0.20342824281048505, 0.45447866110731294, 0.6547035941062822, -0.3116803525280945, -0.6582379261366764, 0.1248671804457757, 0.13683988802669805, 0.15092389632788408, 0.6107213625641169, -0.016583464269277832], [-0.6630033119563378, 0.2625308367674988, -0.3408666637848127, 0.2545448182312647, -0.5910775230227001, -0.19747235269506125, -0.3153849100240801, -0.6391650291887121, -0.09280626892584763, 0.556361039805375, 0.17483657926660956, 0.23009617227596574, 0.758829952529025, 0.5971389461584777, 0.33771573198696103, 0.01161083349840376]], "inverted": false, "swapped": false, "error_lsq": 0.04534637796847457, "error_max": 0.2996809083049435, "target": "348.xyz", "model": "22.xyz", "model_rescale": 4.204369325754507, "target_rescale": 4.373056573273431},
{"mapping": [7, 12, 9, 11, 4, 0, 5, 8, 6, 14, 13, 2, 10, 3, 1, 15], "R": [[-0.8168130589002935, -0.32143390192828014, 0.47905811077687277], [0.09748365298354547, 0.741553212467508, 0.6637738850543178], [-0.5686065108763083, 0.5888795120992747, -0.574375796860201]], "T": [-0.08288314958513354, -0.032622387955648244, 0.015059959758056369], "aligned_model": [[-0.13660307302555583, -0.5818712980662832, 0.3529747012285437, 0.3948291316689806, -0.6560234072772368, -0.29148179039234723, 0.6994453496182831, 0.21250765344183586, 0.29506731426094396, -0.18763302375305232, -0.20492510465482583, 0.6079075573347466, 0.3487043845757963, -0.2869016555992111, -0.17045075304336954, -0.051318767945560555], [-0.3281293400115074, -0.029054061119916083, -0.5031244986609317, -0.5328084938733091, 0.03946692283265141, 0.5053200277703838, 0.08199584022976099, 0.2761079212386143, 0.5829208077462664, -0.4791904806350164, -0.6927615293835909, 0.39417660562169604, -0.08643220259201306, 0.2584456510939413, 0.5840565749635332, -0.021250118861884472], [-0.6216623973596704, 0.2411952222191338, -0.4064439484830068, 0.2170947035169775, -0.43324619110179474, -0.3588101010547548, -0.24201478396569967, -0.6092012237283543, -0.17610352183774797, 0.6390338090007165, 0.040592694228005724, 0.32486005873729323, 0.6698429323163037, 0.7890654124013666, 0.23313883424373988, 0.03654735178952108]], "inverted": true, "swapped": false, "error_lsq": 0.03945420200594404, "error_max": 0.2577976888939824, "target": "348.xyz", "model": "23.xyz", "model_rescale": 4.410303926677745, "target_rescale": 4.373056573273431},
{"mapping": [4, 15, 2, 12, 8, 10, 0, 3, 1, 6, 5, 7, 13, 14, 11, 16], "R": [[0.09030438514460443, -0.38200671960770416, 0.9197369103163233], [-0.9876828290570381, 0.08413820931720611, 0.13192191220104613], [-0.1277800736012524, -0.920321480737821, -0.3697034282813774]], "T": [-0.04254915171942449, 0.07701781039917216, 0.1003754793171301], "aligned_model": [[-0.22438984508846463, -0.6432385970911871, 0.30813451366327144, 0.4772811931073398, -0.6998849089401442, -0.31649798652817496, 0.6177792972960233, 0.2841137225233975, 0.4629663749675165, -0.11385011395345382, -0.09240732922749251, 0.5355093113115734, 0.2126208902261292, -0.3722035128714451, -0.10937251757654087, 0.017666726553339528], [-0.19687673955708823, -0.2422836972483962, -0.41049647024048797, -0.49876723033004783, 0.0409156836332806, 0.47945646805944686, -0.1798273800075581, 0.13065683781163737, 0.6734791702606591, -0.45061946879085973, -0.5397845569219226, 0.3259272208439396, -0.031817569440628996, 0.18183558074337505, 0.6706049496194895, 0.09733682792383963], [-0.5044386332252899, 0.3160904029262848, -0.5868251785583788, 0.31114510296682957, -0.39187751049247654, -0.33180400770549495, -0.16112537856282305, -0.7360844455828764, -0.25321078744240916, 0.6429740087597002, -0.012190213638584177, 0.3144395243891055, 0.7463087062204748, 0.6821754683237979, 0.3099236421306674, -0.0016118495864978627]], "inverted": true, "swapped": false, "error_lsq": 0.048927796485088965, "error_max": 0.38768915584835006, "target": "348.xyz", "model": "24.xyz", "model_rescale": 4.28219845311461, "target_rescale": 4.373056573273431},
{"mapping": [0, 8, 4, 3, 6, 14, 4, 2, 13, 5, 1, 7, 9, 11, 14, 15], "R": [[0.8995117045375837, -0.3551025887893634, -0.25452081414883054], [0.4240157466325031, 0.5691368893083458, 0.7044812615223354], [-0.10530593529128482, -0.7416099734115719, 0.6625143827336246]], "T": [0.03373922037765079, 0.05909609462039831, 0.10403401661726029], "aligned_model": [[-0.0838821231057715, -0.566056517360884, 0.5177830362950566, 0.4514594510560534, -0.6735350201138077, -0.39335460304866726, 0.5177830362950566, 0.021266854763635476, 0.4058012855197778, -0.3237155675585653, -0.0685080183839041, 0.8030484087324418, 0.34137150719649884, -0.24047449032986515, -0.39335460304866726, 0.02859458146329917], [-0.2976465789965698, -0.2839971211119189, -0.2575037092268971, -0.5704191975240528, 0.0006008126601673783, 0.6694807371421978, -0.2575037092268971, 0.3689985628714124, 0.50984664582727, -0.410025058312042, -0.5727962695407188, 0.08741680013357897, 0.05674013903630832, 0.30881215218969427, 0.6694807371421978, 0.028254683294948332], [-0.6201579858334562, 0.1709531860529952, -0.34330782303300394, 0.2751060794974778, -0.45142848048461015, -0.05460418514780381, -0.34330782303300394, -0.5063633331933683, -0.002315488345770597, 0.7183890437529991, 0.09241760033757616, 0.21764438631278388, 0.705889904233857, 0.5026890086851602, -0.05460418514780381, 0.03688894626800106]], "inverted": false, "swapped": false, "error_lsq": 0.052730531518441905, "error_max": 0.3182669077924805, "target": "348.xyz", "model": "25.xyz", "model_rescale": 4.100010024507729, "target_rescale": 4.373056573273431},
{"mapping": [9, 10, 0, 4, 11, 8, 6, 5, 1, 14, 13, 15], "R": [[-0.46416684881604664, 0.28910361631079873, -0.8372384579653517], [0.48675119490019325, 0.8729694217737083, 0.031585802369284294], [0.7400151422257625, -0.39286573747795306, -0.5459249963067168]], "T": [-0.039236157411751994, 0.02397619265283219, 0.04698304767636235], "aligned_model": [[-0.6327660318104444, -0.1816967269242456, 0.44792851808359796, 0.6821962512261028, -0.49051213020766926, 0.014930416807363671, -0.11109509232948145, 0.5874470747924844, -0.131784679180786, 0.07866195892765776, -0.37054131294291903, -0.016002644078654173], [-0.3937828365465335, -0.6294689385285138, -0.19784308729055078, -0.18307513370615708, 0.5973951975438907, 0.7358554772478523, 0.29573159340608185, 0.3276377579024533, -0.47301963528835983, 0.44014771447957646, 0.09098998796841531, 0.05556329286248478], [-0.22795207961583352, 0.06862936936447843, 0.570053741065248, -0.1516156701536555, 0.234680405692135, 0.3484698266661626, 0.6486859817723143, -0.3312495479608449, -0.5320905918821075, -0.5199734885739821, -0.5628921251997638, 0.020446468680205325]], "inverted": false, "swapped": true, "error_lsq": 0.04733931486287182, "error_max": 0.29128094532126686, "target": "348.xyz", "model": "26.xyz", "model_rescale": 3.6694154284099745, "target_rescale": 4.373056573273431},
