[{"mapping": [4, 3, 5, 0, 10, 2, 8, 1, 9, 7, 6, 11], "R": [[0.5048872368540431, 0.728622203627086, -0.4628159055645117], [0.2814348440183856, -0.6458256862880001, -0.7097207982742095], [-0.8160167318347319, 0.2280764505867351, -0.5311288224654358]], "T": [-0.11377424632560595, 0.016406214919117684, -0.06906097569536188], "aligned_model": [[-0.6730624581157055, -0.5624849421036664, 0.6027639240089584, 0.01985596181446239, 0.20930602611026067, -0.3777197132258829, -0.546980667278094, 0.2590655751956034, -0.2456833218541849, 0.7778168122730211, 0.10407973221860684, -0.07646465934692301], [-0.1707101393324422, 0.45915992587726606, -0.1714301332423351, -0.4519528627764703, 0.5324468407335409, -0.733340878559913, -0.06277687539549971, -0.5004693109798184, 0.5419080149658085, 0.21047130494689645, 0.13342001682630786, -0.02626178624552689], [-0.6209057300128911, -0.3459370810459008, -0.4431958301166964, -0.45060276346451533, -0.3708598425532236, 0.06117854176751761, 0.38828542009777534, 0.24031051254116928, 0.2062647920214443, 0.18393593125312732, 0.6121158747998964, -0.10930637647851132]], "inverted": true, "swapped": false, "error_lsq": 0.06553162034131481, "error_max": 0.306103883293232, "target": "349.xyz", "model": "0.xyz", "model_rescale": 3.751011558992144, "target_rescale": 3.7134457192097017},
{"mapping": [2, 5, 4, 8, 10, 0, 12, 1, 11, 6, 7, 14], "R": [[-0.16588873818740654, 0.9657637361463172, -0.1994525820522181], [-0.21977116156132737, -0.2333740969446819, -0.9472260381879496], [-0.9613436238351898, -0.11330020661923318, 0.25096115255446216]], "T": [-0.13314100101684745, 0.010090105587482839, -0.09124862772744408], "aligned_model": [[-0.7302987186939781, -0.4543194916357438, 0.5391034181761373, -0.029492549232179144, 0.28421741444349113, -0.26815429334347596, -0.4951865552565288, 0.324562149437049, 0.05388817169806745, 0.44508207848825476, -0.022762097283943752, -0.15614725710069433], [-0.4517465297855409, 0.17151565811954442, -0.05249030228632619, -0.3257277387478089, 0.6274928013152185, -0.685894193192246, 0.28446598174146603, -0.47998904819074356, 0.6460711328416658, 0.1383854755633466, -0.16296069779741162, 0.05134157723664988], [-0.4286618527706738, -0.6020051403135356, -0.5032499667107564, -0.654188789741589, -0.4334176100759632, 0.1787176391406568, 0.49664251807867105, 0.09852966010451913, 0.352912616026403, 0.3701883816687824, 0.539264608339658, -0.06344861493698092]], "inverted": true, "swapped": false, "error_lsq": 0.056171602075185345, "error_max": 0.27157466355090104, "target": "349.xyz", "model": "1.xyz", "model_rescale": 3.9405287249114394, "target_rescale": 3.7134457192097017},
{"mapping": [0, 6, 9, 5, 11, 1, 7, 2, 3, 8, 4, 12], "R": [[0.40757766906049825, 0.8498050077048509, 0.3342332906264267], [-0.32058766722542087, 0.4758765420545132, -0.8190024812814686], [-0.8550461924984953, 0.226656051324463, 0.4663936567877276]], "T": [-0.051931509744549964, 0.019996722593103925, -0.02675810172756152], "aligned_model": [[-0.5740509953273321, -0.4843297352989495, 0.6855799570265908, 0.16279788044691448, 0.04062634288815278, -0.4532605925369063, -0.6360205634200881, 0.1313009317879555, -0.07267730892643648, 0.6373335854676769, 0.07003029067608268, -0.01683752308720491], [-0.36408101439889745, 0.2550601412135878, 0.20263121483237356, -0.31284803095818325, 0.33349928416747776, -0.585638890982032, 0.31726292131434514, -0.6211186625175755, 0.5061847845796557, 0.16282277837391027, -0.07441600493198441, -0.05889440387486311], [-0.5585527265572536, -0.25726332325905205, -0.2971330001845818, -0.6360051283088438, -0.6598169274614039, 0.28846690240881817, 0.41976472818192806, -0.16663863241726437, 0.27322599579588563, 0.29759373875116935, 0.6572793811651828, -0.009637559305392843]], "inverted": true, "swapped": false, "error_lsq": 0.053968893761861585, "error_max": 0.3000795213661734, "target": "349.xyz", "model": "2.xyz", "model_rescale": 3.932901565614263, "target_rescale": 3.7134457192097017},
{"mapping": [11, 8, 0, 3, 7, 10, 12, 1, 5, 4, 6, 13], "R": [[0.3922154459335544, 0.2406901973564663, 0.8878261501373163], [0.7826073437462785, 0.419906404470789, -0.45956975204946726], [-0.48341782081915186, 0.8750696203051045, -0.023672138339045752]], "T": [-0.024295093346111615, -0.0199009110183531, -0.1269762074609937], "aligned_model": [[-0.7142763053350268, -0.4458014026308702, 0.6017944095744173, 0.069904617063638, 0.14032347592505456, -0.4463487566899739, -0.5172631847942102, 0.22969902000122105, -0.07343297201043554, 0.7032627337165306, 0.022678512952378063, -0.08004787807626673], [-0.4883845982194224, 0.17842990237798842, -0.18064127076250378, -0.13636450423179564, 0.6396092557364346, -0.4381263243080142, 0.1302814233975823, -0.709737112673425, 0.49246904481659104, 0.3518753760032117, -0.07945247553858936, 0.0005054002197565424], [-0.4465973273767878, -0.6942363287656698, -0.30339842892148045, -0.6150828803264157, -0.34535572560619165, 0.27315333311049467, 0.4365462298943742, -0.035424985824366234, 0.37488252056187776, 0.18232688858901497, 0.5519489372760864, -0.027478783801744802]], "inverted": true, "swapped": false, "error_lsq": 0.05200924201039652, "error_max": 0.34191105409080214, "target": "349.xyz", "model": "3.xyz", "model_rescale": 3.9243930471874484, "target_rescale": 3.7134457192097017},
{"mapping": [2, 0, 9, 1, 5, 4, 3, 8, 6, 11, 10, 12], "R": [[-0.6992267877271326, 0.6288966882970491, 0.3399571366713752], [-0.5975903965250206, -0.7751791475514448, 0.20489755289530515], [0.3923870758649734, -0.059885262380823256, 0.9178486465881593]], "T": [0.02886869045239917, -0.09163787453033596, -0.01157820382979615], "aligned_model": [[-0.8069943634790466, -0.5484499817388775, 0.69777841635314, 0.06844837388032696, -0.007006551174795504, -0.35519483930691775, -0.5606572444485672, 0.28848123711089824, -0.07274866981310865, 0.6569411051541137, 0.12799962417398006, 0.0018951629853100685], [-0.30398953455433836, 0.23894205995541445, -0.22997083528638856, -0.12126995135430028, 0.54680614528854, -0.520034700817176, 0.12118845150970654, -0.6539042062876318, 0.5689376271332244, 0.3163126449786127, -0.19370958067367516, -0.008844003074174434], [-0.3393803055177285, -0.5414295141190983, -0.18796176978970955, -0.7241199139530201, -0.417441851340371, 0.1344992885372822, 0.2336104936831874, 0.10153354050257049, 0.26197331495837684, 0.2438342017237605, 0.6789883348204543, -0.09282237069651289]], "inverted": false, "swapped": false, "error_lsq": 0.05167913206594776, "error_max": 0.3123832752232622, "target": "349.xyz", "model": "4.xyz", "model_rescale": 3.8936222436046832, "target_rescale": 3.7134457192097017},
{"mapping": [4, 2, 8, 10, 3, 5, 1, 7, 0, 9, 6, 11], "R": [[-0.9031767794259536, 0.04542763817323359, -0.42685833106050985], [-0.3182620203003545, 0.5964267679107295, 0.7368747498414486], [0.2880642142649774, 0.8013809582274604, -0.5242209155025566]], "T": [0.043021644661688056, -0.03400367311098572, -0.08288209390530171], "aligned_model": [[-0.6280711300959778, -0.49595848289797745, 0.7451760029155093, 0.02333500711907887, 0.2134801578374286, -0.43822727516808696, -0.4957715477811498, 0.2586178178097617, -0.13028190305252546, 0.4007357970011326, 0.13196041058414476, -0.09450258457488245], [-0.36582129579542905, 0.2999448401428674, 0.008070150484813798, -0.22815533068571353, 0.4242091706180814, -0.566770540823118, 0.25481887901661116, -0.6444227273059364, 0.8256751824575742, 0.2821069996520035, -0.4153112811964039, -0.11387992974753662], [-0.34775215988285174, -0.4767567916397844, -0.30887297178318757, -0.6840351273737488, -0.38498624390795555, 0.29358808934662756, 0.43614795948352164, -0.10846325470192741, 0.03389313726560644, 0.3097380426168341, 0.6108779741586383, -0.02209520477258061]], "inverted": true, "swapped": false, "error_lsq": 0.054290725543863605, "error_max": 0.274101122814041, "target": "349.xyz", "model": "5.xyz", "model_rescale": 3.6523030999806103, "target_rescale": 3.7134457192097017},
{"mapping": [0, 5, 6, 1, 8, 3, 7, 2, 9, 10, 4, 12], "R": [[0.3060770897807811, -0.9500055315036758, 0.0616952609504694], [0.5604864776991564, 0.23220531468054806, 0.7949437716911185], [-0.7695269478242598, -0.20873471667771634, 0.6035379810962628]], "T": [-0.0014740848028607298, 0.04737592079887204, -0.014117833847451196], "aligned_model": [[-0.7449038055453544, -0.47307928791174725, 0.5737906649970722, 0.012706951628097408, 0.09839641417229195, -0.4730442951157183, -0.61089225194966, 0.3611009834581009, 0.06388059981253036, 0.6435865888013738, 0.14323611514161283, -0.10428640779214321], [-0.48950875770091345, 0.2319106315438556, 0.09384012352428371, -0.41963160212319567, 0.556493736733906, -0.43404633025172473, 0.18745782666900657, -0.6191555470319401, 0.7054719832155005, 0.2058961374622394, -0.2847567079183894, 0.026492622695185777], [-0.39651922349923724, -0.4695725548874637, -0.31334351385306486, -0.5280027798551943, -0.44368509935832057, 0.15468636007806486, 0.26120854864505605, 0.007944724389987771, 0.2779458801109824, 0.39507785276867596, 0.4307175029911477, -0.025174248721442475]], "inverted": true, "swapped": false, "error_lsq": 0.04622562154552893, "error_max": 0.22884194132014177, "target": "349.xyz", "model": "6.xyz", "model_rescale": 4.08911054899281, "target_rescale": 3.7134457192097017},
{"mapping": [0, 6, 8, 3, 4, 1, 13, 9, 5, 10, 11, 14], "R": [[0.8919722779933956, -0.17439938678124817, -0.41709748162941146], [-0.05468024767029598, -0.9574425674337288, 0.28339689585566197], [-0.4487711285343429, -0.2299751811744789, -0.8635484295844547]], "T": [-0.1165642582544292, 0.08680393743404265, 0.041568471583290745], "aligned_model": [[-0.5658835317615685, -0.411791625462144, 0.5040855871350939, -0.022418344530034245, 0.2097647054495729, -0.46205060648810614, -0.5456188790107475, 0.1698938514704805, 0.053185228369412696, 0.5038272572691022, 0.12476628963908507, -0.06726766238369093], [-0.44759638104403426, 0.1493690823694958, -0.054562006308270586, -0.15270123170011457, 0.4417795432923837, -0.5420570568491058, 0.09829006821366533, -0.632269571469891, 0.8291837345264149, 0.30294704855171334, -0.16220145353192467, -0.06971765923251845], [-0.5886574190062941, -0.35601091765146603, -0.20329559816315057, -0.7069134969054571, -0.47258249495827925, 0.1936181079155216, 0.6345901605281292, -0.08265853060708048, 0.01793421163383488, 0.33766207415648614, 0.5151578980704734, 0.06243945379647374]], "inverted": true, "swapped": false, "error_lsq": 0.043233492842374245, "error_max": 0.23746719174495332, "target": "349.xyz", "model": "7.xyz", "model_rescale": 3.964800864290218, "target_rescale": 3.7134457192097017},
{"mapping": [11, 9, 7, 12, 8, 6, 3, 2, 5, 1, 0, 13], "R": [[0.7474227411321005, -0.47481118843650927, -0.46466502060526055], [-0.2442732741883132, -0.8468470405286361, 0.4724200011273994], [-0.6178104997132201, -0.23959220622424376, -0.7489364199721504]], "T": [-0.09038474314633546, -0.0739313031165578, -0.013611742792745511], "aligned_model": [[-0.7054098998612425, -0.2968633764019276, 0.548412859073912, 0.06670704427773819, 0.13338655995549148, -0.5190434080880876, -0.4188521770891842, 0.3263151224528146, -0.20986943308783568, 0.5731990150610385, 0.08514246170747977, -0.09263249830374105], [-0.3697628642884361, 0.19344970612276993, -0.06435920090270295, -0.267682181831293, 0.5452920914158673, -0.4110535606675697, 0.06163817904130206, -0.571389768811377, 0.7354633353665682, 0.1776855162725536, -0.26327028306574374, -0.005546851834124539], [-0.48410198553545497, -0.6133872813867062, -0.32777597248572465, -0.7266739452756336, -0.41053285961462965, 0.18414102106304114, 0.618600844909253, 0.11869481287362643, 0.15865099558306842, 0.23024367177965946, 0.6545950542025799, -0.05117090730388794]], "inverted": false, "swapped": false, "error_lsq": 0.050348154032272635, "error_max": 0.3562972808673009, "target": "349.xyz", "model": "8.xyz", "model_rescale": 4.121658175737393, "target_rescale": 3.7134457192097017},
{"mapping": [10, 5, 8, 11, 7, 0, 4, 2, 9, 6, 1, 12], "R": [[0.9185757888416881, -0.35044541766504583, -0.18277453157221366], [-0.09468016105003427, -0.6440717098109751, 0.759083196839916], [-0.3837371330186983, -0.6799703242485945, -0.6248089074940043]], "T": [-0.018865003261295615, -0.05891435804126986, -0.13924127763805239], "aligned_model": [[-0.5521016742887795, -0.587948161710342, 0.6992304203305203, 0.14661872506390147, 0.09421957510604961, -0.5698071092777348, -0.45757524525050297, 0.2993589341952414, -0.03276799836931128, 0.4577074064668152, 0.010841300199024032, -0.017283902768425445], [-0.3432392370661705, 0.16723046723534057, -0.0558962051308187, -0.18009575234885938, 0.44633498877706246, -0.472294379015595, 0.20791297035426515, -0.6360343543916758, 0.7275086236537947, 0.26292018923827165, -0.28120650041481465, -0.08267669407298671], [-0.5989138202533006, -0.22122165971843383, -0.2612379624159555, -0.7400426423891362, -0.5718448906469284, 0.24076398179886005, 0.5849578787504354, 0.07987623946418934, 0.13377047599870495, 0.24738944095177623, 0.5123993094091587, -0.054612902140177916]], "inverted": false, "swapped": false, "error_lsq": 0.04511936297941457, "error_max": 0.23326327525696755, "target": "349.xyz", "model": "9.xyz", "model_rescale": 3.833441315466971, "target_rescale": 3.7134457192097017},
{"mapping": [1, 12, 8, 10, 11, 5, 4, 13, 7, 9, 2, 14], "R": [[0.14476592879601963, 0.3556784277694068, 0.9233285882497676], [0.31286316109076767, 0.8688282441192468, -0.38373705144663706], [-0.9387009472095563, 0.34442755151141646, 0.014498050480406737]], "T": [-0.16290427263937005, 0.017441297356776558, -0.08560473155381006], "aligned_model": [[-0.763115088784396, -0.48175062470866603, 0.5996028157460777, 0.2881885606283018, 0.10671533549852205, -0.3667794120477926, -0.6664629126854728, 0.12137579396726758, 0.04499191428934876, 0.5003135985223891, 0.21649454624696854, -0.1090822569760919], [-0.3423319665560858, 0.18668673480567397, 0.08485627068297934, -0.17311415761034799, 0.50385668246328, -0.5085832266289178, 0.11021054132290414, -0.7142463200486224, 0.6339409222562398, 0.2079972302856141, -0.2780387152830255, 0.04923012112812236], [-0.32207694486825567, -0.5680081343046682, -0.23256569205051664, -0.7458759015110382, -0.4806267829418713, 0.2874479847797272, 0.5257340808073154, 0.05405419469292504, 0.057996677705069846, 0.3407057402035693, 0.44862214280358165, -0.014123916506647335]], "inverted": false, "swapped": false, "error_lsq": 0.05539536841928791, "error_max": 0.30043045983565597, "target": "349.xyz", "model": "10.xyz", "model_rescale": 4.2482417240324, "target_rescale": 3.7134457192097017},
{"mapping": [3, 8, 9, 7, 10, 2, 1, 5, 0, 4, 6, 11], "R": [[-0.3768183848712294, 0.9230926921126985, -0.07686212715745808], [-0.7918711187683611, -0.3640768030541221, -0.4902940064271988], [-0.48057053185103027, -0.12388689699084884, 0.8681612757261157]], "T": [-0.10035549838588093, -0.025648522569903773, -0.020660933664032675], "aligned_model": [[-0.6955206334722173, -0.4007327413226884, 0.4929315803554057, 0.011370163520067492, 0.13289906822976053, -0.5094212377981957, -0.7066778673792486, 0.4720088050580978, -0.12150498943024905, 0.7082628435409248, 0.08496398267438557, 0.021913295720412895], [-0.3433898755895084, 0.24990544643583582, 0.0738361982326845, -0.453434165968127, 0.509763338645615, -0.5670631217627934, 0.2581215809622858, -0.5034111959428769, 0.6426300949822737, 0.08966942482816148, -0.1781478219504468, -0.018015786055290077], [-0.4710946368997913, -0.47968310202377556, -0.5840649935219356, -0.5335674226748441, -0.2925594598777208, 0.27479251276118066, 0.20515816862318031, 0.07059750373289556, 0.3354231354614573, 0.2934691800463316, 0.5817366026614186, -0.048924039479204845]], "inverted": false, "swapped": false, "error_lsq": 0.05827652160190346, "error_max": 0.29696267016342015, "target": "349.xyz", "model": "11.xyz", "model_rescale": 3.6694154284099745, "target_rescale": 3.7134457192097017},
{"mapping": [3, 2, 9, 8, 10, 4, 0, 11, 12, 7, 6, 13], "R": [[-0.15864303264433033, -0.21238282791969182, 0.9642229631149866], [-0.9744263423367169, 0.19108752045142507, -0.11823224132195703], [-0.159140477420728, -0.958320976464859, -0.23726612592981325]], "T": [-0.04516193425794106, 0.054695070060747156, 0.04699021166696715], "aligned_model": [[-0.6166901259631946, -0.34821485013368764, 0.6190966852767684, 0.007551219393255995, 0.25888450680550024, -0.5091729557450785, -0.5320755776028684, 0.25982131413377, -0.22396988625528552, 0.632330749729759, 0.09570439248994707, -0.1527732024324299], [-0.3676423867116716, 0.24903169724030072, -0.12237447028572838, -0.2768112663241296, 0.47843935734049975, -0.5143889413475226, 0.07221139121380082, -0.6151160242930683, 0.7099312917058944, 0.31412325495843446, -0.21418878318254764, 0.04724899650355227], [-0.4390504237704921, -0.4977168462164422, -0.3678508797709701, -0.6311858153937894, -0.3156739966344203, 0.13927135626448345, 0.5698153706286322, -0.011035342945272877, 0.06847765947250167, 0.20781930882720753, 0.524183028992695, 0.10423002935505893]], "inverted": false, "swapped": false, "error_lsq": 0.04299320737321972, "error_max": 0.24732594800099428, "target": "349.xyz", "model": "12.xyz", "model_rescale": 3.9764082729961374, "target_rescale": 3.7134457192097017},
{"mapping": [12, 10, 14, 13, 11, 9, 2, 4, 8, 3, 7, 15], "R": [[-0.06205540111151339, -0.9415537465051453, -0.33109767385926087], [0.8302635288882232, 0.13540729881253596, -0.5406730398552968], [0.553905767970477, -0.3084500054634737, 0.773334981970051]], "T": [-0.09580499766055342, -0.20432838093834077, -0.07490061827443872], "aligned_model": [[-0.5502469907786324, -0.4894614609738338, 0.5791136510238407, 0.025616427116796098, 0.1601235897229912, -0.5598737311146559, -0.47524657889763755, 0.29507586599934954, -0.12648345281213774, 0.49745769257066275, 0.1328479086052543, 0.0015693492344588111], [-0.26824775043637905, 0.411036763458876, 0.002225429258526368, -0.21066091255496378, 0.4570633281419882, -0.564083420347798, 0.12350843616286306, -0.6565977820548343, 0.4750473511528864, 0.33440101236349656, -0.13699542999988268, -0.20623290832696517], [-0.5183082456807669, -0.41032158796914614, -0.4499051258823568, -0.6746483009171163, -0.43212080817007625, 0.05438839428048481, 0.5454272157676687, 0.32325545792865606, 0.11786940969560192, 0.18249687294462036, 0.6421892094996756, -0.02903904268805374]], "inverted": true, "swapped": false, "error_lsq": 0.052449477306297364, "error_max": 0.2765416085027309, "target": "349.xyz", "model": "13.xyz", "model_rescale": 4.170626492500431, "target_rescale": 3.7134457192097017},
{"mapping": [9, 10, 5, 11, 12, 3, 0, 6, 8, 4, 2, 13], "R": [[-0.1928812355891245, 0.9602622498828214, -0.20172565629486755], [0.9720835816412253, 0.21499611209428388, 0.09396904856339533], [0.13360516180589838, -0.17796933228599948, -0.9749238829285576]], "T": [-0.16714958753981893, 0.011560619031861032, 0.04813045470344923], "aligned_model": [[-0.717990694864795, -0.35008083116269023, 0.5756584442033572, -0.07179680012888166, 0.25953743652040373, -0.3157427132784716, -0.48892590135713465, 0.41819402344596357, -0.09912997661521945, 0.3706623348428212, 0.022250442909351326, -0.11214349481824845], [-0.19648510709594463, 0.31400247797119163, -0.1472564928290716, -0.39151533073590583, 0.4157675989963232, -0.6596620946987617, 0.14587496013065093, -0.5881729890599036, 0.7511047921011943, 0.3702916059204014, -0.2103444505285592, -0.043140853353800745], [-0.5082843984275819, -0.3916346951694586, -0.4521026722625764, -0.5246673069741983, -0.3880587496939234, 0.10155101240550776, 0.5321532518620343, -0.023853734070518537, 0.04612012791763143, 0.33990698868465175, 0.6378913688081252, -0.017737744270502384]], "inverted": false, "swapped": false, "error_lsq": 0.05370478966144818, "error_max": 0.31631347646024904, "target": "349.xyz", "model": "14.xyz", "model_rescale": 3.9786697098870705, "target_rescale": 3.7134457192097017},
{"mapping": [6, 7, 3, 9, 8, 1, 10, 0, 5, 2, 4, 11], "R": [[-0.7488220494486635, 0.3493764409674684, 0.5632065702354766], [-0.62258449459751, -0.6622054053838314, -0.41698027311516644], [0.22727535138300128, -0.6628877005778135, 0.7133903637395117]], "T": [-0.08815304113734426, -0.03403293525141991, -0.06593051092241024], "aligned_model": [[-0.6119960116806938, -0.5954463695014595, 0.7052232898111782, 0.07319422152696584, 0.18728131074136942, -0.4556193794470811, -0.7375337247961035, 0.35550765793708716, 0.013045884931645269, 0.6897080861857597, -0.006972439534229907, -0.12590025647798161], [-0.40319601929933857, 0.3459668437668855, -0.10850436394127608, -0.24734880704424234, 0.36940323899566474, -0.550876890595707, 0.03500728122433763, -0.5497204054663289, 0.7227904991502341, 0.17988154968440523, 0.059542704494674234, -0.09248151415149428], [-0.5314010796939114, -0.25335957039290313, -0.5243596069691273, -0.627960463612858, -0.2492425321758555, 0.17596390308016396, 0.4496848153594509, 0.07911156310742963, 0.1823367930725298, 0.25503689552457426, 0.5337094140830996, -0.13823668257340105]], "inverted": true, "swapped": false, "error_lsq": 0.048794488245733604, "error_max": 0.262891233336482, "target": "349.xyz", "model": "15.xyz", "model_rescale": 3.769337070930944, "target_rescale": 3.7134457192097017},
{"mapping": [1, 0, 8, 4, 6, 5, 10, 7, 9, 2, 11], "R": [[0.03515870200800031, 0.4239686815470484, -0.9049941561912821], [-0.3150657183300671, -0.8546731702044018, -0.4126346631899908], [-0.948418398601731, 0.2996403330661876, 0.10352879789562275]], "T": [-0.0056638200037015815, 0.07331074568801843, 0.02263350716275153], "aligned_model": [[-0.4162013695103957, -0.3499988131235502, -0.1403603636385573, -0.6440258711485816, 0.36904360428172006, 0.369328289324305, 0.607484666899089, 0.30915774568616194, 0.15371338356476924, -0.3292681173876871, -0.00624702425610268], [-0.07276959355949647, -0.7395118123600022, 0.6955177723531318, 0.3365619536572961, 0.21620233218628648, -0.4526858936756548, 0.20440526722787888, -0.38667465707167487, 0.6626713041426839, 0.045405732919414715, 0.08694209180547854], [-0.5344218394973508, -0.4305515519154799, -0.23335259124097202, 0.09343460189221182, -0.6477884754883345, -0.24638058624659526, 0.10431410835641, 0.4864657951210038, 0.5431963603755869, 0.6265404011906455, -0.017238615323348833]], "inverted": true, "swapped": true, "error_lsq": 0.049954058821468195, "error_max": 0.3279853893445441, "target": "349.xyz", "model": "16.xyz", "model_rescale": 3.7852294659196426, "target_rescale": 3.7134457192097017},
{"mapping": [6, 10, 1, 5, 4, 11, 9, 2, 0, 3, 8, 12], "R": [[-0.2332026322145364, -0.966411352246, 0.10800754870966006], [-0.310377627581158, -0.03128782560820215, -0.9500983108425165], [0.9215651146963539, -0.2550885536804203, -0.2926560594895102]], "T": [0.019385068805777783, -0.06472862803443744, -0.05022872829746617], "aligned_model": [[-0.5798386694528055, -0.7013415003204602, 0.6166528588400244, 0.09575538972140105, 0.09202718016248566, -0.3964089205374432, -0.60383693871589, 0.357008644731259, 0.057076231654909174, 0.7006010097757689, -0.07739777768887623, -0.06980523847391748], [-0.38933968351442594, 0.195958915774145, -0.16294082622135106, -0.048733069131767615, 0.48261868867395663, -0.6012300390846668, 0.23362282738177367, -0.54527507236222, 0.5782922156081377, 0.16832663633427583, -0.09306907647479942, -0.05776740016524392], [-0.6185172202358141, -0.29892591834534504, -0.3786791893444421, -0.7030079610699395, -0.49398623374312606, 0.22764474794745343, 0.46923496042729196, 0.12057073555849926, 0.17527232851378852, 0.28759586624969674, 0.5932274169518126, -0.029146084100684158]], "inverted": false, "swapped": false, "error_lsq": 0.038936938791267285, "error_max": 0.20649878235781194, "target": "349.xyz", "model": "17.xyz", "model_rescale": 3.901054581598922, "target_rescale": 3.7134457192097017},
{"mapping": [2, 5, 4, 8, 10, 0, 12, 1, 11, 6, 7, 14], "R": [[-0.16588873818740654, 0.9657637361463172, -0.1994525820522181], [-0.21977116156132737, -0.2333740969446819, -0.9472260381879496], [-0.9613436238351898, -0.11330020661923318, 0.25096115255446216]], "T": [-0.13314100101684745, 0.010090105587482839, -0.09124862772744408], "aligned_model": [[-0.7302987186939781, -0.4543194916357438, 0.5391034181761373, -0.029492549232179144, 0.28421741444349113, -0.26815429334347596, -0.4951865552565288, 0.324562149437049, 0.05388817169806745, 0.44508207848825476, -0.022762097283943752, -0.15614725710069433], [-0.4517465297855409, 0.17151565811954442, -0.05249030228632619, -0.3257277387478089, 0.6274928013152185, -0.685894193192246, 0.28446598174146603, -0.47998904819074356, 0.6460711328416658, 0.1383854755633466, -0.16296069779741162, 0.05134157723664988], [-0.4286618527706738, -0.6020051403135356, -0.5032499667107564, -0.654188789741589, -0.4334176100759632, 0.1787176391406568, 0.49664251807867105, 0.09852966010451913, 0.352912616026403, 0.3701883816687824, 0.539264608339658, -0.06344861493698092]], "inverted": true, "swapped": false, "error_lsq": 0.056171602075185345, "error_max": 0.27157466355090104, "target": "349.xyz", "model": "18.xyz", "model_rescale": 3.9405287249114394, "target_rescale": 3.7134457192097017},
{"mapping": [9, 13, 10, 11, 14, 8, 4, 2, 12, 3, 1, 15], "R": [[0.6925543232401319, -0.6993612991318301, 0.17681143243026548], [-0.43252234232266057, -0.20641985299279925, 0.8776760607890309], [-0.577315280200622, -0.6843132452079753, -0.4454463488230734]], "T": [-0.1658664806457147, -0.028249215986962683, 0.029001747772643235], "aligned_model": [[-0.593612974997004, -0.39428253972084526, 0.5207522017179809, -0.02713119615059356, 0.22432202926612194, -0.5534778304076111, -0.6953354145494706, 0.4345900400676465, -0.08736249832169679, 0.5811747265381717, 0.21534741881532526, -0.1344916925615693], [-0.3722274740625902, 0.33967419055287523, -0.1213366898555359, -0.1591105267293199, 0.4696722416402853, -0.6330463219412998, 0.2550829364296372, -0.6562562316129332, 0.47543958952296445, 0.32432181932734055, -0.11073761623853325, -0.05101180021507645], [-0.5073952521238649, -0.48460151959300996, -0.34220378045186534, -0.6658658943626533, -0.41772648151595115, 0.2661726939295793, 0.4461954294768074, 0.009394655422837087, 0.22968501606535852, 0.236490770857257, 0.5613466084232215, 0.0197912026814755]], "inverted": false, "swapped": false, "error_lsq": 0.04360564065771528, "error_max": 0.23430841584469558, "target": "349.xyz", "model": "19.xyz", "model_rescale": 4.410303926677745, "target_rescale": 3.7134457192097017},
{"mapping": [11, 9, 7, 12, 8, 6, 3, 2, 5, 1, 0, 13], "R": [[0.7474227411321005, -0.47481118843650927, -0.46466502060526055], [-0.2442732741883132, -0.8468470405286361, 0.4724200011273994], [-0.6178104997132201, -0.23959220622424376, -0.7489364199721504]], "T": [-0.09038474314633546, -0.0739313031165578, -0.013611742792745511], "aligned_model": [[-0.7054098998612425, -0.2968633764019276, 0.548412859073912, 0.06670704427773819, 0.13338655995549148, -0.5190434080880876, -0.4188521770891842, 0.3263151224528146, -0.20986943308783568, 0.5731990150610385, 0.08514246170747977, -0.09263249830374105], [-0.3697628642884361, 0.19344970612276993, -0.06435920090270295, -0.267682181831293, 0.5452920914158673, -0.4110535606675697, 0.06163817904130206, -0.571389768811377, 0.7354633353665682, 0.1776855162725536, -0.26327028306574374, -0.005546851834124539], [-0.48410198553545497, -0.6133872813867062, -0.32777597248572465, -0.7266739452756336, -0.41053285961462965, 0.18414102106304114, 0.618600844909253, 0.11869481287362643, 0.15865099558306842, 0.23024367177965946, 0.6545950542025799, -0.05117090730388794]], "inverted": false, "swapped": false, "error_lsq": 0.050348154032272635, "error_max": 0.3562972808673009, "target": "349.xyz", "model": "20.xyz", "model_rescale": 4.121658175737393, "target_rescale": 3.7134457192097017},
{"mapping": [0, 5, 6, 1, 8, 3, 7, 2, 9, 10, 4, 12], "R": [[0.3060770897807811, -0.9500055315036758, 0.0616952609504694], [0.5604864776991564, 0.23220531468054806, 0.7949437716911185], [-0.7695269478242598, -0.20873471667771634, 0.6035379810962628]], "T": [-0.0014740848028607298, 0.04737592079887204, -0.014117833847451196], "aligned_model": [[-0.7449038055453544, -0.47307928791174725, 0.5737906649970722, 0.012706951628097408, 0.09839641417229195, -0.4730442951157183, -0.61089225194966, 0.3611009834581009, 0.06388059981253036, 0.6435865888013738, 0.14323611514161283, -0.10428640779214321], [-0.48950875770091345, 0.2319106315438556, 0.09384012352428371, -0.41963160212319567, 0.556493736733906, -0.43404633025172473, 0.18745782666900657, -0.6191555470319401, 0.7054719832155005, 0.2058961374622394, -0.2847567079183894, 0.026492622695185777], [-0.39651922349923724, -0.4695725548874637, -0.31334351385306486, -0.5280027798551943, -0.44368509935832057, 0.15468636007806486, 0.26120854864505605, 0.007944724389987771, 0.2779458801109824, 0.39507785276867596, 0.4307175029911477, -0.025174248721442475]], "inverted": true, "swapped": false, "error_lsq": 0.04622562154552893, "error_max": 0.22884194132014177, "target": "349.xyz", "model": "21.xyz", "model_rescale": 4.08911054899281, "target_rescale": 3.7134457192097017},
{"mapping": [6, 0, 11, 8, 1, 10, 13, 5, 2, 15, 14, 16], "R": [[-0.4741407316046204, 0.3813971390988178, 0.7935532678533131], [-0.1502208555800359, -0.9231328698801742, 0.35392004619065454], [0.8675391986430568, 0.048599658785119876, 0.4949886988444611]], "T": [-0.09816832673778556, -0.027381582923345568, 0.06877524268983802], "aligned_model": [[-0.5039297918638639, -0.6559769111518222, 0.5756303092950892, 0.09408360117176073, 0.18130532100117133, -0.37222958966087594, -0.6142589150684818, 0.174427515141047, 0.09747311399986039, 0.5474501868376104, 0.10661752152126877, -0.14010009152630787], [-0.3022714566765122, 0.3131725319271051, -0.11919295614704895, -0.19543239856002698, 0.4373258278083228, -0.7852803660352123, 0.11613389004007572, -0.6581746133074707, 0.6661372473703593, 0.27093511876995635, 0.021969610335756687, -0.004858318707490702], [-0.4927916004179749, -0.34709958967166543, -0.2825922288915004, -0.5758642981692237, -0.5108279697724369, 0.10896563877508252, 0.4557943374187663, -0.09097679566132123, 0.11360701788781612, 0.22905904821522177, 0.6749516213320496, 0.06905826776437735]], "inverted": false, "swapped": false, "error_lsq": 0.045814226713761425, "error_max": 0.2678563612565717, "target": "349.xyz", "model": "22.xyz", "model_rescale": 4.204369325754507, "target_rescale": 3.7134457192097017},
{"mapping": [9, 13, 10, 11, 14, 8, 4, 2, 12, 3, 1, 15], "R": [[0.6925543232401319, -0.6993612991318301, 0.17681143243026548], [-0.43252234232266057, -0.20641985299279925, 0.8776760607890309], [-0.577315280200622, -0.6843132452079753, -0.4454463488230734]], "T": [-0.1658664806457147, -0.028249215986962683, 0.029001747772643235], "aligned_model": [[-0.593612974997004, -0.39428253972084526, 0.5207522017179809, -0.02713119615059356, 0.22432202926612194, -0.5534778304076111, -0.6953354145494706, 0.4345900400676465, -0.08736249832169679, 0.5811747265381717, 0.21534741881532526, -0.1344916925615693], [-0.3722274740625902, 0.33967419055287523, -0.1213366898555359, -0.1591105267293199, 0.4696722416402853, -0.6330463219412998, 0.2550829364296372, -0.6562562316129332, 0.47543958952296445, 0.32432181932734055, -0.11073761623853325, -0.05101180021507645], [-0.5073952521238649, -0.48460151959300996, -0.34220378045186534, -0.6658658943626533, -0.41772648151595115, 0.2661726939295793, 0.4461954294768074, 0.009394655422837087, 0.22968501606535852, 0.236490770857257, 0.5613466084232215, 0.0197912026814755]], "inverted": false, "swapped": false, "error_lsq": 0.04360564065771528, "error_max": 0.23430841584469558, "target": "349.xyz", "model": "23.xyz", "model_rescale": 4.410303926677745, "target_rescale": 3.7134457192097017},
{"mapping": [15, 14, 10, 9, 11, 5, 12, 4, 7, 1, 0, 16], "R": [[-0.5542922598701855, 0.6958643343766635, 0.4566540471631953], [-0.6428929610051088, -0.7064094696010331, 0.29609846664255246], [0.5286291056478885, -0.12945458431631607, 0.8389235836841181]], "T": [-0.07866379590438577, -0.018065875861426328, -0.07447665125990977], "aligned_model": [[-0.5132330539202501, -0.4727640193578375, 0.48006860836794196, -2.2455034270701946e-05, 0.15512554639914716, -0.4116831113735078, -0.5637947158627747, 0.16652424360036788, -0.01070660724396777, 0.6324619921636879, 0.012062907299639103, 0.016452934658280544], [-0.3707721637760129, 0.2491070645399862, -0.17251695299392192, -0.12082240906739133, 0.44490916305702477, -0.49139693057035744, 0.010990077182541233, -0.6511167252584489, 0.5480891871310807, 0.3730395408896255, -0.01910210482866062, -0.039943629487651025], [-0.5172655685645359, -0.555572924167774, -0.3706977029498443, -0.6874012942773249, -0.43740659405121884, 0.17181155714751828, 0.5658198245048187, 0.03960148140658304, 0.2672559369426506, 0.20422034567921132, 0.6752922482294087, -0.004373861090300898]], "inverted": true, "swapped": false, "error_lsq": 0.042829277646984215, "error_max": 0.2039623880724049, "target": "349.xyz", "model": "24.xyz", "model_rescale": 4.28219845311461, "target_rescale": 3.7134457192097017},
{"mapping": [7, 13, 0, 4, 2, 9, 11, 1, 14, 6, 8, 15], "R": [[0.5795745926918959, -0.3943711393519622, 0.7131372209836327], [-0.09104479523158993, -0.9009589181237844, -0.4242450625693341], [0.8098173477811285, 0.18095422708368974, -0.5580783376312717]], "T": [-0.14693071946957661, -0.07212566252334426, -0.0018232293063088281], "aligned_model": [[-0.6108992993771407, -0.4866652328380895, 0.6060935435781801, 0.1014762523345005, 0.12642078870917475, -0.7169665593828877, -0.42673145048116057, 0.2412266011565716, -0.14996847076721218, 0.6140913489436141, 0.27346194441594485, -0.08104719659503916], [-0.3593063962851789, 0.2245703693677756, -0.04747391452411523, -0.33134918624905074, 0.4378152817154545, -0.419318279059522, 0.07693866660401447, -0.5694024776397901, 0.6575613401907462, 0.3432077176132172, -0.1828457358356318, -0.06993326908010536], [-0.5566262472908883, -0.38843463889393076, -0.31471446059566904, -0.6388049512827472, -0.36790957260958457, 0.10490123890955236, 0.44086000728142133, 0.10738786188247587, 0.21656238155624216, 0.2442270291643326, 0.5394319142681248, -0.03559711358013753]], "inverted": true, "swapped": false, "error_lsq": 0.044028525586600815, "error_max": 0.30641597940495535, "target": "349.xyz", "model": "25.xyz", "model_rescale": 4.100010024507729, "target_rescale": 3.7134457192097017},
{"mapping": [3, 8, 9, 7, 10, 2, 1, 5, 0, 4, 6, 11], "R": [[-0.3768183848712294, 0.9230926921126985, -0.07686212715745808], [-0.7918711187683611, -0.3640768030541221, -0.4902940064271988], [-0.48057053185103027, -0.12388689699084884, 0.8681612757261157]], "T": [-0.10035549838588093, -0.025648522569903773, -0.020660933664032675], "aligned_model": [[-0.6955206334722173, -0.4007327413226884, 0.4929315803554057, 0.011370163520067492, 0.13289906822976053, -0.5094212377981957, -0.7066778673792486, 0.4720088050580978, -0.12150498943024905, 0.7082628435409248, 0.08496398267438557, 0.021913295720412895], [-0.3433898755895084, 0.24990544643583582, 0.0738361982326845, -0.453434165968127, 0.509763338645615, -0.5670631217627934, 0.2581215809622858, -0.5034111959428769, 0.6426300949822737, 0.08966942482816148, -0.1781478219504468, -0.018015786055290077], [-0.4710946368997913, -0.47968310202377556, -0.5840649935219356, -0.5335674226748441, -0.2925594598777208, 0.27479251276118066, 0.20515816862318031, 0.07059750373289556, 0.3354231354614573, 0.2934691800463316, 0.5817366026614186, -0.048924039479204845]], "inverted": false, "swapped": false, "error_lsq": 0.05827652160190346, "error_max": 0.29696267016342015, "target": "349.xyz", "model": "26.xyz", "model_rescale": 3.6694154284099745, "target_rescale": 3.7134457192097017},
{"mapping": [5, 7, 10, 8, 9, 0, 6, 4, 12, 11, 2, 13], "R": [[0.23769125081863723, -0.20096943046201599, -0.950323185713179], [-0.9542076270893243, 0.13463567865468923, -0.26713486937828435], [0.18163334960527897, 0.970301253247137, -0.15976484049440398]], "T": [-0.1203056803816698, 0.001353537408647413, -0.11533789266486827], "aligned_model": [[-0.6937207156174142, -0.517461023744034, 0.4655431841980332, 0.09544185064777266, 0.19510617460239152, -0.35122170725096435, -0.48756062965190705, 0.26083528824037405, 0.010531074021689873, 0.5283413392039309, 0.08809928089038066, -0.10344184584379737], [-0.4692298560927358, 0.2235660522347883, -0.112206452326962, -0.2216457012054327, 0.5145212570715736, -0.536001980902204, 0.2506346100555103, -0.7268335909275639, 0.6380829762563173, 0.3597647991325402, -0.1470590688656102, -0.013128927612406846], [-0.39051959054367485, -0.5500996161546536, -0.19133760644431658, -0.6739804750574833, -0.43477143614741937, 0.19265590371570374, 0.4082775968509945, -0.11771239308369244, 0.3398435862634555, 0.3170668722226116, 0.5144801101100288, -0.06261950292236236]], "inverted": true, "swapped": false, "error_lsq": 0.04452744820120902, "error_max": 0.21792875830747657, "target": "349.xyz", "model": "27.xyz", "model_rescale": 4.103607728864725, "target_rescale": 3.7134457192097017},
{"mapping": [9, 5, 2, 0, 1, 10, 11, 12, 8, 4, 13, 14], "R": [[0.6461448592643133, -0.20002200402452303, -0.7365378596870054], [0.4029579919036967, 0.9089831634881211, 0.10665113809082526], [0.6481679393546411, -0.3657059015125974, 0.6679352633239372]], "T": [-0.19025335966204343, -0.12060282946463848, -0.0021485284220167378], "aligned_model": [[-0.7456860706119457, -0.5725418092759693, 0.5218514588149497, 0.004648031555483323, 0.21852002250269226, -0.45162373322982247, -0.5442462531009116, 0.4480712430716787, 0.010555943329979167, 0.5800013451474442, 0.11649373141017089, -0.09555163991729362], [-0.36562065748627093, 0.2713310065004986, -0.15660719072992763, -0.10253457796655938, 0.4484934698036977, -0.5550690049519025, 0.09618982686721321, -0.6479935483285651, 0.6043177961112361, 0.30071069286594704, -0.06956313173955209, -0.06319056412800063], [-0.5513158013101558, -0.4873122326490568, -0.1836178638586367, -0.6887187921029613, -0.5606237349151577, 0.04981248084706734, 0.5453468679190351, 0.22521538323891988, 0.3241116242984169, 0.22326640620912483, 0.5663351602873145, -0.11121604915471886]], "inverted": false, "swapped": false, "error_lsq": 0.04399569828032892, "error_max": 0.24287440571078828, "target": "349.xyz", "model": "28.xyz", "model_rescale": 4.137296879288765, "target_rescale": 3.7134457192097017},
{"mapping": [4, 3, 0, 5, 6, 1, 8, 7, 10, 9, 11], "R": [[0.04014693672224201, 0.8965935510093542, -0.44103086939607394], [-0.35882835896000953, 0.4248798397975159, 0.8310952596060839], [0.9325397751720229, 0.12488845431853873, 0.33878081660572135]], "T": [0.026802892297608565, -0.014805293462055539, 0.08494243964691411], "aligned_model": [[0.669210216596685, 0.09815316620466963, -0.10580380755914676, -0.5301941789285312, -0.05644486613424413, 0.3631038131535891, 0.5507252754088169, -0.5793329146571576, -0.3887097685781773, 0.15794338487320908, 0.04276869033018573], [-0.27109035639388884, -0.6188108953911886, -0.4472110466381741, 0.041441834397143044, 0.6601865405259385, -0.03301412992902334, 0.41716114640602653, -0.36034617883578407, 0.3761684849318102, 0.1396489221774667, 0.015013495397626067], [0.14368678455771797, -0.11306104122786556, -0.7982701756975497, -0.33487972792656207, -0.29943384590412775, -0.5369589457978972, 0.18355256477281176, 0.28252902924862566, 0.3575177401432216, 0.8612662841233012, 0.05980535549132267]], "inverted": false, "swapped": true, "error_lsq": 0.0575337636340856, "error_max": 0.2769187005142662, "target": "349.xyz", "model": "29.xyz", "model_rescale": 3.607286011436655, "target_rescale": 3.7134457192097017},
