[{"mapping": [11, 7, 12, 3, 10, 5, 9, 0, 8, 1, 4, 14], "R": [[-0.8030267457247477, -0.3476227468180314, 0.4840521372180985], [-0.5896595150896293, 0.5811182454852926, -0.5608950356602909], [-0.0863116557307595, -0.7358396636895721, -0.6716325538761747]], "T": [-0.08338263120003307, 0.04093631742191063, 0.0800386075444923], "aligned_model": [[-0.2407210433662973, 0.24340533950967036, 0.25427331385008367, -0.18343608419010624, 0.08842096851564414, -0.4917772742980703, 0.1278405071657066, -0.2506865687007949, 0.6759953090324123, 0.28498352737134086, -0.6382673913565798, -0.03238814107246091], [-0.4852272457297694, -0.6882032103182575, -0.14581800104452652, 0.5352287530432609, 0.5091226813298082, -0.5243276320832457, -0.22438221978489342, -0.49285598790580587, 0.1482949324611908, 0.34970489847397845, 0.11400401304583223, -0.0419859455105146], [-0.46434006244722714, -0.07526091695372863, -0.6107633639094974, -0.07214403822880544, -0.6202480548477091, 0.06587917342959639, 0.48780268204379595, 0.7480911550361392, -0.04298780332566046, 0.4300725821275957, 0.3212241451679809, 0.014626247261082803]], "inverted": false, "swapped": true, "error_lsq": 0.048717564634746656, "error_max": 0.2912441589585824, "target": "350.xyz", "model": "0.xyz", "model_rescale": 3.751011558992144, "target_rescale": 4.057663834387499},
{"mapping": [12, 9, 13, 5, 3, 7, 2, 6, 10, 11, 8, 1, 4, 8, 14], "R": [[-0.4385432672333057, 0.042224235065780547, 0.8977176152540659], [0.8956542136310603, 0.10283844046674256, 0.43269826064741135], [-0.07404952646212062, 0.9938014737036155, -0.08291741973347783]], "T": [0.07292313114318248, 0.0733311758379067, 0.0802241861171514], "aligned_model": [[0.2645573624456886, -0.44833643058102923, -0.054102103855583436, -0.3572876767318023, 0.5787162070747982, 0.6027216165348749, 0.24815702666369482, 0.23332974072568408, -0.6457125471974345, -0.13990901421047525, -0.038828486200145326, 0.5391194919719453, -0.18787077051161682, -0.038828486200145326, 0.06077240559165288], [-0.49984111129086917, -0.15871140308352688, 0.11514715543162575, 0.4053253392202901, 0.05040479865164267, -0.31425929457912116, 0.7033805028530216, -0.43855185906219607, -0.1111958679914407, -0.692518010856343, 0.7012195330601758, 0.17536870189678344, 0.3364757345871001, 0.7012195330601758, 0.029190833611024702], [-0.35189264384654795, -0.2493730411358502, -0.6336513015028569, -0.22764686361504485, -0.4916618471810249, 0.1738415772142115, -0.42580845055425454, 0.605553819256048, 0.4294608967310044, 0.15028480323255766, 0.2637617545486396, 0.5880970499931791, 0.7790199015949778, 0.2637617545486396, 0.05009442508204473]], "inverted": true, "swapped": false, "error_lsq": 0.04847222898871107, "error_max": 0.31703269446397375, "target": "350.xyz", "model": "1.xyz", "model_rescale": 3.9405287249114394, "target_rescale": 4.057663834387499},
{"mapping": [5, 0, 7, 3, 1, 11, 4, 2, 8, 12, 10, 13, 14], "R": [[0.5241209796919744, 0.14882680176483326, 0.8385390758474982], [-0.8016761052759755, 0.4185176667429647, 0.4268001696972112], [-0.28742411324777284, -0.8959316635215412, 0.3386647803112331]], "T": [0.06739553771489762, 0.009326044881396135, -0.02404648627435466], "aligned_model": [[-0.36169007592703517, 0.16599033603745286, -0.5275166150075893, 0.2939565778359111, 0.5572228439620089, -0.6985123328843772, 0.2541578911537833, 0.7769538483716114, 0.1041259053812176, -0.5354320412948229, -0.09949952661946779, -0.400152560724253, -0.033620971000508953], [0.5591209526567181, 0.7326332815875509, 0.04484374427723007, -0.2356559420687882, -0.21354954229162623, 0.08493690554722158, 0.4923548818418295, 0.08072356466443034, -0.6417408732933976, -0.5026459837198329, -0.7028258956293264, -0.2178900941841536, -0.021472405815838896], [-0.035051132822351116, -0.49978249081117465, -0.5784567987648587, 0.3835675274831567, -0.2769320918057128, 0.050918432033372346, 0.2972157349081701, 0.2909933609066486, -0.44604053155922474, -0.04812195872021097, 0.4277300169621597, 0.6221408542709699, -0.07506057249230091]], "inverted": true, "swapped": true, "error_lsq": 0.05201975206778245, "error_max": 0.30921677109902074, "target": "350.xyz", "model": "2.xyz", "model_rescale": 3.932901565614263, "target_rescale": 4.057663834387499},
{"mapping": [3, 2, 1, 10, 8, 7, 9, 12, 13, 11, 4, 6, 5, 14], "R": [[0.4226045330347684, -0.2892791396683529, -0.858908020693254], [0.0802951274610837, 0.9559172574791942, -0.2824444889875966], [0.9027502983463778, 0.05039619237793508, 0.4272026716083743]], "T": [0.1300811123928283, -0.19270668199958557, -0.04073681300352343], "aligned_model": [[0.11280084468373153, 0.6217707722780499, 0.17253254221921333, -0.47969211913616683, -0.4527269361115914, -0.24780115552892176, 0.2818724524317177, -0.6233247154371142, -0.21203099450603466, -0.21090519473410776, 0.6796707253591017, 0.3852615508325117, 0.3502974027216331, 0.042084736980682186], [0.2693861673302413, 0.13639422025780917, -0.3656500598763406, 0.39231117120622355, -0.4622171405499063, -0.7722193371019133, -0.6945437967360746, -0.13767603268632808, 0.46177924693579125, -0.17607360093749305, 0.026457818311238335, 0.5709275161298999, -0.3442493908564969, -0.24113014307616226], [-0.29305972910197914, -0.548432176248385, -0.6080496992860898, -0.19899949113745563, -0.4777895757643612, 0.3881254553177407, -0.12073418909210847, 0.19473582380659482, 0.33661441917384466, 0.6530955056727856, 0.10529273154003212, 0.15977070789608533, 0.6035066189086103, 0.0198199613717832]], "inverted": false, "swapped": true, "error_lsq": 0.05629794536517163, "error_max": 0.5064487252549498, "target": "350.xyz", "model": "3.xyz", "model_rescale": 3.9243930471874484, "target_rescale": 4.057663834387499},
{"mapping": [6, 3, 13, 11, 12, 4, 5, 10, 8, 1, 7, 9, 14], "R": [[0.04331007531909298, 0.4491760883710247, 0.8923928949804343], [-0.9784070958234061, -0.16162061694898505, 0.12883451020374193], [0.2020984715881422, -0.878703373051871, 0.432477271043233]], "T": [-0.16492280760188344, -0.03209329496744298, -0.05492200533836872], "aligned_model": [[-0.16211686336506165, -0.17797257892501647, 0.4209781454139974, 0.4448557919751766, 0.6109125066356451, -0.543215567176898, -0.10031878764821699, 0.40619658918785445, 0.1045231817901, -0.48476976090343793, 0.2520977168828122, -0.42438251317197406, -0.06958197438362781], [-0.5273673717178216, 0.0626807856365126, -0.3607263366974758, -0.454090327389731, 0.11580108816528137, -0.475644728551748, -0.6352101666652754, 0.2337365109089833, 0.6842828760437554, 0.46872002570183724, -0.05423644334402976, 0.09756898081912943, -0.02768533922783053], [-0.7206195539506786, -0.5729401904982852, -0.5412417298255723, 0.1642586772001444, -0.0069335371609416385, -0.23258225011737846, 0.2894417069993887, -0.6399634625593074, 0.07744213827433605, -0.07588366299955095, 0.6437598494149781, 0.3890926748719066, 0.013239655721924315]], "inverted": false, "swapped": true, "error_lsq": 0.03958164478392779, "error_max": 0.2157029826197649, "target": "350.xyz", "model": "4.xyz", "model_rescale": 3.8936222436046832, "target_rescale": 4.057663834387499},
{"mapping": [6, 4, 11, 13, 7, 9, 1, 8, 10, 3, 12, 14], "R": [[0.4295207634503267, -0.8960167102957366, -0.1125431856482419], [0.17053966156425326, 0.2028636147507849, -0.9642419704844811], [0.8868078357787545, 0.39496887052152774, 0.23994052121380058]], "T": [-0.2377357267609121, -0.141816749217304, 0.0460899943373576], "aligned_model": [[0.16953867336354678, -0.4028894413006959, -0.24569644929933376, 0.3521753366607911, -0.618931034096817, -0.6923178592857112, -0.2301330676017384, -0.008805745806695187, 0.5988611836186095, 0.21102861713529297, 0.14126717626824487, -0.24654934744039617], [-0.6734097599727688, -0.673352771879352, 0.30906380557635194, -0.07453976428417405, 0.5605944613012467, -0.04851948047896347, -0.23508823500129816, 0.36973875311676996, 0.05136327983344416, -0.41157230300486813, 0.52416139084573, -0.02951647094231108], [-0.44380177388460473, -0.20210379273804804, -0.582077944735513, -0.5329309222433328, -0.1083813623150772, 0.30286106991651246, 0.6332850865352898, 0.583880155978913, 0.002461521199249396, 0.10386341288306575, -0.15120671853927076, 0.013435987218334673]], "inverted": true, "swapped": true, "error_lsq": 0.04320498558771515, "error_max": 0.23240525932587505, "target": "350.xyz", "model": "5.xyz", "model_rescale": 3.6523030999806103, "target_rescale": 4.057663834387499},
{"mapping": [6, 4, 5, 13, 11, 3, 9, 10, 1, 8, 7, 12, 14], "R": [[0.5146232903247235, 0.5560878562946341, 0.6526324885699408], [0.46377645915605203, -0.8207367273146563, 0.33362047354666735], [0.72116174675868, 0.13098671886289134, -0.6802706920730185]], "T": [-0.113120600491038, 0.0012298341351260136, 0.08614244650530872], "aligned_model": [[0.20967854562738542, -0.19226981689841877, 0.2139951847959906, 0.6046819598436485, 0.6004042884854229, -0.11950394111321688, -0.446319418778857, 0.2993961697099602, -0.6393421023131777, -0.26129154210054173, 0.1829572183410162, 0.4695742508564308, -0.04087789179134768], [-0.49969546044201907, -0.026579485471553664, 0.4960034041848671, -0.40363480314195616, 0.2978317099402674, -0.521347271097081, 0.40425678318146907, -0.6629160267524532, -0.14190513596551071, -0.08475536926374322, 0.6563564411628133, -0.033324162145990675, 0.06053627997407384], [0.6634916226287839, 0.6897718792217897, 0.45316340516036924, 0.17904339992574245, 0.056796790039196576, 0.1522309106417411, -0.0023364021134519575, -0.27142789275370327, -0.15083594521495827, -0.6714644060015988, -0.29556401791877984, -0.44805677477119715, 0.01529717063785574]], "inverted": false, "swapped": true, "error_lsq": 0.04184911739752536, "error_max": 0.23262067471812567, "target": "350.xyz", "model": "6.xyz", "model_rescale": 4.08911054899281, "target_rescale": 4.057663834387499},
{"mapping": [12, 2, 7, 6, 5, 10, 4, 11, 1, 13, 0, 8, 9, 3, 14], "R": [[-0.7467242084519973, 0.6094819278861817, 0.2663357581923265], [-0.5156954354880331, -0.2776208135714354, -0.8105460515533601], [-0.42007282026875564, -0.7426024935671017, 0.5216132304872801]], "T": [0.08083610989261741, 0.026191453359688248, 0.04662629880417669], "aligned_model": [[0.33204967694665605, -0.6814243128843289, -0.1509346896051218, -0.16468221777288963, 0.5768361313395192, 0.7402817873017946, 0.5169627713671603, 0.19429290906363897, -0.5128756440568005, -0.27205439868045794, -0.5878901545884525, 0.5545083093758465, -0.0064257701809603, 0.025867995842535296, 0.05198594205196748], [-0.6055554766090825, 0.04208991679309409, -0.03796305234037218, 0.39615097409791805, 0.014454449253141842, -0.23679060605768137, 0.5390436811505873, -0.411388097441083, -0.11008757789666485, -0.5962669163774731, 0.6547447929013838, 0.3245879092767551, 0.21711232252952697, 0.7934150825723812, 0.01910718365591168], [-0.16735846283603042, -0.2157585902798218, -0.6892102730213956, -0.18139490689596754, -0.531601555110354, 0.1701039626666486, -0.1622411646822077, 0.4210361736739755, 0.4551363203673333, -0.10799707994177793, 0.25249534856169764, 0.436168563286271, 0.8019354367796471, 0.2331681050601861, 0.20935995673751878]], "inverted": false, "swapped": false, "error_lsq": 0.05384896986853818, "error_max": 0.30313444938474615, "target": "350.xyz", "model": "7.xyz", "model_rescale": 3.964800864290218, "target_rescale": 4.057663834387499},
{"mapping": [11, 12, 13, 5, 6, 7, 4, 10, 8, 1, 9, 2, 3, 14], "R": [[-0.6537447864768615, 0.7493098143393737, 0.10560566409533237], [0.2747801427132685, 0.365098202763811, -0.8894937748568625], [-0.705062853456909, -0.5524835784648522, -0.4445765043295393]], "T": [-0.07300454416905168, 0.009865793139025207, 0.182383492900134], "aligned_model": [[-0.2153870979940361, 0.2822231329726595, 0.3501899252235583, -0.6244443118303445, 0.16043253923658285, -0.43736383504917453, -0.328960792880766, 0.7341068686847401, 0.31805887562900176, 0.0803686757712853, -0.43917300954048166, 0.10616153126846399, 0.35803119952405865, -0.08305581155467524], [-0.32265324166618364, -0.5661372831700625, 0.10934273945991198, 0.012973342350845575, 0.6599478357552971, -0.6921267572957083, 0.555330015955512, -0.08037930260159519, -0.5596146168211322, -0.0004673103408338996, -0.17578209977675793, 0.6531215928130865, 0.312690398643723, -0.09529684712490014], [-0.5010709001151674, -0.2276528834535267, -0.5238723074393313, -0.24471665048002283, -0.2773533629330314, -0.009974343713211764, 0.09094154886380756, -0.09965080941944904, 0.5374576970798767, 0.7567747612578538, 0.5181456045839361, 0.5848039210135818, 0.18154147025444645, 0.13144129322525927]], "inverted": false, "swapped": true, "error_lsq": 0.05255280323598506, "error_max": 0.3226270385455605, "target": "350.xyz", "model": "8.xyz", "model_rescale": 4.121658175737393, "target_rescale": 4.057663834387499},
{"mapping": [6, 4, 5, 13, 2, 3, 9, 8, 7, 1, 10, 12, 14], "R": [[0.24242799503320328, -0.5430180675363326, 0.8039652017054522], [0.15029712911708987, 0.8397018443213462, 0.521834825996206], [-0.9584568014278694, -0.005673708878389194, 0.2851812911539277]], "T": [-0.003953220540659906, -0.1391353899443093, -0.07539070450299377], "aligned_model": [[-0.5616007902096626, -0.3219721374030629, 0.35589162207849084, -0.13025128898956875, -0.7266120138061468, -0.46728189190950226, 0.25251124412629333, 0.20928812022740342, 0.8094555149049595, -0.20005290861412586, -0.2509307013021221, 0.4067365466607201, 0.1015561806715212], [0.2907245352628008, -0.27924803188475683, -0.1201822472479293, 0.6636453001873989, -0.43163887205019985, 0.07893068315357218, -0.6013809653925255, -0.1284532412852993, -0.11677966545644569, -0.508645636691692, 0.5705264392329539, 0.4648351906902427, -0.09194604910641013], [-0.5143749222097708, -0.5760291617180199, -0.6726029568204797, -0.24085501710451251, -0.07022458052001605, 0.04817706270810826, -0.032545784611077905, 0.6714226914627459, -0.054915800193675715, 0.3471759016955559, 0.3423395552992789, 0.22899314740493504, -0.05548470143398305]], "inverted": false, "swapped": true, "error_lsq": 0.04996723179090468, "error_max": 0.3224015675499731, "target": "350.xyz", "model": "9.xyz", "model_rescale": 3.833441315466971, "target_rescale": 4.057663834387499},
{"mapping": [10, 8, 11, 7, 12, 0, 6, 13, 9, 10, 3, 5, 2, 4, 14], "R": [[-0.029404689844209964, 0.8498031284200005, 0.5262794002644852], [0.518843619548167, -0.4370467289771354, 0.7347050123311694], [0.8543633083585244, 0.2946604819414485, -0.4280637075397898]], "T": [0.14015356161807246, 0.13258122891184845, 0.0037590359547128027], "aligned_model": [[0.1035073674189928, -0.4449448597454616, -0.1980989080369413, -0.39491964355811815, 0.4590769845869207, 0.6298850901432205, 0.4914292219133901, 0.2572315977321583, -0.6200183645781259, 0.1035073674189928, -0.391713863931779, 0.454952576880347, -0.17668463974186832, 0.2855264628602215, 0.05776194615815672], [-0.6462740244084877, -0.38189667611668365, -0.03342837025316012, 0.4061116497520696, 0.10534415856408655, -0.3099068097626507, 0.6641785561771562, -0.31522396990069956, 0.09836356552416667, -0.6462740244084877, 0.7184869123015046, 0.22572239918074602, 0.09306268052093611, 0.8633092874081261, 0.16107925092972006], [-0.2566170273573908, -0.01929925826002557, -0.5648912615049191, -0.28397652104036186, -0.5066976709181394, 0.1716587896831908, -0.23127130288133105, 0.6529506708290218, 0.2846111690571047, -0.2566170273573908, 0.361744261289929, 0.595080863606841, 0.6477327104319446, 0.2880402421589573, 0.041393196628292356]], "inverted": true, "swapped": false, "error_lsq": 0.052683634397728156, "error_max": 0.305086531888461, "target": "350.xyz", "model": "10.xyz", "model_rescale": 4.2482417240324, "target_rescale": 4.057663834387499},
{"mapping": [7, 5, 13, 6, 8, 10, 12, 3, 4, 1, 9, 14], "R": [[0.12819649660656546, 0.8156300882210272, -0.5641925357946187], [-0.9865103811400855, 0.16326755818965394, 0.011873177570947413], [0.10179845853767205, 0.5550596937549576, 0.8255578781696693]], "T": [-0.047256605327851045, 0.03166447955044292, -0.1925625245475941], "aligned_model": [[-0.7479372924525675, -0.17867237364409233, 0.43869279879669404, 0.7380709673762836, -0.4427995965395565, 0.3367854059565092, -0.24298659653968746, 0.4074284307065224, 0.31493402551222666, -0.15081793681917816, -0.4709607246292566, -0.12497150536088995], [-0.20791992004526533, -0.6491070543269312, -0.08899283543571972, -0.20914458301747413, 0.6717127091422117, 0.5027402713012918, 0.18650010249439952, 0.29518297894567097, -0.3410212784071098, 0.4965040955587933, -0.0070429071583072225, 0.016719810999079633], [0.14537039954222236, -0.11647033575075187, 0.4685588457455537, -0.07539124142655224, 0.0003110921192644722, 0.4154799819796598, 0.5583114841023529, -0.15630260831503648, -0.5108858216902639, -0.5485886876268476, -0.5091967588307866, -0.10600405999445787]], "inverted": false, "swapped": true, "error_lsq": 0.05437103235323381, "error_max": 0.32291201715454715, "target": "350.xyz", "model": "11.xyz", "model_rescale": 3.6694154284099745, "target_rescale": 4.057663834387499},
{"mapping": [5, 6, 3, 13, 11, 0, 7, 9, 10, 8, 1, 12, 4, 14], "R": [[0.06126509109078448, 0.5062993581472297, 0.8601787887139168], [-0.5028118502840375, 0.7601145829597069, -0.41158967915380706], [-0.8622220316296615, -0.40729200914294184, 0.3011418062320892]], "T": [-0.09364453785355384, 0.08461976846833114, 0.015270510112007897], "aligned_model": [[-0.03135662594089614, -0.035243293668445946, -0.07825853620596052, 0.530494381921192, 0.5145253596861576, -0.6442274755646371, 0.2808287568912242, -0.3833793324863699, 0.5033208557673544, 0.1449991156746455, -0.42698412610920455, 0.6729168521660788, -0.4465869448868829, -0.0027841369884459843], [-0.435387381772627, 0.5587133997276517, 0.606038410075366, 0.4136327596709307, -0.28550228826044605, -0.582661554542355, -0.6042768889884871, -0.2827531899275011, 0.6957758626517914, 0.17279097074220615, 0.27801863510191654, 0.04892555662639364, 0.13078870395395456, 0.016884293077459825], [-0.44540593428648073, -0.6631703746594078, -0.05808570421410974, -0.4206050888027414, -0.28654175988843983, -0.08871556396984975, 0.23377432676267573, 0.26501345603336557, 0.11137932922047084, 0.7491582888811514, 0.4680806735076416, 0.20815813291456362, -0.47940770395260385, 0.045463382106179916]], "inverted": false, "swapped": true, "error_lsq": 0.05482292578926374, "error_max": 0.3212558868434504, "target": "350.xyz", "model": "12.xyz", "model_rescale": 3.9764082729961374, "target_rescale": 4.057663834387499},
{"mapping": [12, 6, 5, 4, 9, 1, 0, 11, 14, 13, 7, 8, 3, 7, 15], "R": [[0.4820202034403154, 0.834016540201514, 0.2684640276566937], [0.4203798327069349, -0.4889855560095653, 0.7643127123549014], [0.7687244758225453, -0.25555730606717786, -0.5863046508318354]], "T": [0.10391074800838435, -0.015981183423940656, 0.023166027903325045], "aligned_model": [[0.39486090147060765, -0.6115266011711387, -0.1142943431945034, -0.3293606719471755, 0.41917912955091313, 0.7321758824822673, 0.3114032116666401, 0.038271728398951044, -0.5117638776502895, -0.1385506857646408, 0.07783206129196718, 0.42354530125996953, -0.17825053032060945, 0.07783206129196718, 0.025144768155181033], [-0.5222258633974248, -0.19379635530745365, 0.09907015792769099, 0.5019599348191053, 0.07284990502502493, -0.10758461349697994, 0.5924301102255279, -0.4040569701734103, -0.2861229876690288, -0.5777496851340915, 0.715663595141634, 0.07774975668665353, 0.272183496140046, 0.715663595141634, 0.04662050957941603], [-0.23427885386192082, -0.17730833391445416, -0.7780665431152578, -0.2215309203041756, -0.48103037414864197, 0.03780538118013296, -0.31431065097548144, 0.7128278302332085, 0.4553421499812688, 0.03361350635318115, 0.21038119561114915, 0.6466250080152429, 0.7619417569152794, 0.21038119561114915, 0.06144948678504265]], "inverted": true, "swapped": false, "error_lsq": 0.04597371945209136, "error_max": 0.4390345617729783, "target": "350.xyz", "model": "13.xyz", "model_rescale": 4.170626492500431, "target_rescale": 4.057663834387499},
{"mapping": [8, 10, 1, 3, 9, 4, 2, 12, 7, 13, 11, 6, 5, 14], "R": [[0.13649936493103393, -0.498370955486776, 0.8561508711089549], [0.5256255168997545, -0.6961178359251907, -0.48901715153018405], [0.839693836679352, 0.5167652747950728, 0.16693684856460694]], "T": [-0.021809841890745155, 0.1441265068465704, -0.020012813467870164], "aligned_model": [[0.2770011928369059, -0.18366411452496806, -0.18529551281685064, -0.45645105746712794, 0.21502923866604307, -0.40228498065675256, -0.7523845303035289, 0.4504384101728547, 0.7885863132767345, -0.12714418127853877, 0.4701831533956515, -0.6050268230823098, 0.26672198939785846, 0.08747392447567176], [-0.31749380552807527, -0.690510164664502, 0.13305562722203335, -0.1527785369791385, 0.49716951862731423, 0.5350634179469751, 0.28219758322732524, -0.46380515424070384, 0.205358552878658, -0.37496234991551897, 0.008367752459405464, 0.035154743036820535, 0.5519080155455311, 0.10734926830954136], [-0.5685881308441992, 0.10766325612990675, -0.5915942318276369, 0.0007157107300206286, -0.3371067468262693, 0.2516734929164801, -0.2545713560167011, 0.16300838838812115, 0.025390702382613456, 0.6181391378870749, 0.5609037559892175, 0.5600222011600645, 0.466786560188505, 0.0014303608636682327]], "inverted": false, "swapped": true, "error_lsq": 0.047460967889080954, "error_max": 0.24666606812879346, "target": "350.xyz", "model": "14.xyz", "model_rescale": 3.9786697098870705, "target_rescale": 4.057663834387499},
{"mapping": [4, 13, 1, 0, 3, 8, 11, 12, 9, 5, 10, 14], "R": [[0.3902429959025364, 0.9010669862951317, 0.1891789902658915], [0.9105596717992455, -0.34727667787763106, -0.22423200729406734], [-0.13635060777958977, 0.259763729591499, -0.955997550492077]], "T": [0.11737567610182992, -0.017944126209886443, -0.12484541961263375], "aligned_model": [[0.005484191645945477, -0.7008133617295198, 0.5449507765280611, 0.6782281486823076, -0.15415528270815687, 0.40220238411275755, -0.3166487805818865, -0.23603811370255623, 0.6160184792011196, -0.006859725774731595, -0.45532823533876193, 0.10631411643275825], [-0.45113150283859693, 0.074492124520866, 0.32152823508415457, -0.6842521945967618, 0.2629432349967377, 0.6341692912886343, -0.27527934873109533, 0.3366373458181359, -0.16226210102421917, -0.6534344071205146, 0.6219438596857317, -0.010680046858633097], [-0.5386514625751597, -0.02580646156878226, -0.3604159954512324, -0.09844275036628984, -0.47821278053380484, 0.1865033610634323, 0.4611178571580109, 0.48790799680282093, -0.01617915124163992, 0.13443758115003723, -0.08398036025787696, -0.008311340305685325]], "inverted": true, "swapped": true, "error_lsq": 0.057706974994688624, "error_max": 0.33749907776868643, "target": "350.xyz", "model": "15.xyz", "model_rescale": 3.769337070930944, "target_rescale": 4.057663834387499},
{"mapping": [12, 8, 13, 3, 11, 7, 5, 9, 4, 2, 14], "R": [[-0.776413136065267, 0.601983547264144, -0.18654342917555589], [-0.6290473582875521, -0.7221556161023098, 0.2877337087714013], [0.038497573647565134, 0.34074488250767837, 0.9393672667642188]], "T": [-0.05291648755166233, 0.013126192969450778, 0.11980320272347716], "aligned_model": [[-0.16507630725660288, -0.4276730976990557, -0.2571213727465167, -0.5095836879103618, 0.34159953451859465, 0.4674778411919953, 0.5914975003125722, 0.22291791424740304, 0.12062019583403813, -0.4518492434857632, -0.010183146315131779], [-0.05737783222768153, -0.5960264767973167, 0.6287888842181033, 0.2663033401471565, 0.25708975324280336, -0.37176245221764637, 0.265608305194775, -0.3917848710599984, 0.4307058871004717, 0.18881100058382413, -0.02429104055914867], [-0.6602900184578293, -0.18319305826544885, -0.39696201742391507, 0.18945708492533367, -0.49889744950022724, -0.3737585912198685, 0.03323876460395769, 0.3228871603114543, 0.5283600131249729, 0.7661840594800273, 0.017191659645320642]], "inverted": true, "swapped": true, "error_lsq": 0.046220024799588505, "error_max": 0.2503425542292333, "target": "350.xyz", "model": "16.xyz", "model_rescale": 3.7852294659196426, "target_rescale": 4.057663834387499},
{"mapping": [9, 5, 4, 0, 7, 11, 10, 13, 1, 8, 12, 3, 14], "R": [[-0.6672473927257578, -0.000965170482950195, -0.7448355424834514], [-0.6110906605375566, 0.5724467790020951, 0.5466926831537984], [0.4258510555399051, 0.8199413111046823, -0.38255342743136334]], "T": [0.12882617988810888, -0.0023093168824052657, 0.03834737562766095], "aligned_model": [[0.17859567168416396, -0.40904066253283267, 0.2253299335337365, 0.03986550676303757, -0.4916150608439467, -0.6294123039737669, 0.14738818412921922, -0.23903667716774527, 0.6393374587708777, 0.280497717832193, -0.34912393641996464, 0.4269570156079029, 0.034023002833408256], [-0.28727848933630956, -0.43749887216485384, -0.4602225260701667, -0.7930847185516028, 0.012039959920336962, 0.10734591554993322, 0.7893355396404014, 0.4191500684520057, 0.06442137655109856, 0.552158515253274, 0.621589467560584, 0.24495398337815738, 0.042145403520015425], [-0.4061706209216391, 0.12677428043036137, 0.42874328639028525, -0.3165882547230683, -0.4883399472473066, 0.14323655078163097, 0.37311629725646017, 0.6505853866978695, -0.25910967249079614, -0.4840293024609111, -0.05335905571675891, 0.39538256742191025, -0.014486818274863658]], "inverted": false, "swapped": true, "error_lsq": 0.06373495242720385, "error_max": 0.43568819726976415, "target": "350.xyz", "model": "17.xyz", "model_rescale": 3.901054581598922, "target_rescale": 4.057663834387499},
{"mapping": [12, 9, 13, 5, 3, 7, 2, 6, 10, 11, 8, 1, 4, 8, 14], "R": [[-0.4385432672333057, 0.042224235065780547, 0.8977176152540659], [0.8956542136310603, 0.10283844046674256, 0.43269826064741135], [-0.07404952646212062, 0.9938014737036155, -0.08291741973347783]], "T": [0.07292313114318248, 0.0733311758379067, 0.0802241861171514], "aligned_model": [[0.2645573624456886, -0.44833643058102923, -0.054102103855583436, -0.3572876767318023, 0.5787162070747982, 0.6027216165348749, 0.24815702666369482, 0.23332974072568408, -0.6457125471974345, -0.13990901421047525, -0.038828486200145326, 0.5391194919719453, -0.18787077051161682, -0.038828486200145326, 0.06077240559165288], [-0.49984111129086917, -0.15871140308352688, 0.11514715543162575, 0.4053253392202901, 0.05040479865164267, -0.31425929457912116, 0.7033805028530216, -0.43855185906219607, -0.1111958679914407, -0.692518010856343, 0.7012195330601758, 0.17536870189678344, 0.3364757345871001, 0.7012195330601758, 0.029190833611024702], [-0.35189264384654795, -0.2493730411358502, -0.6336513015028569, -0.22764686361504485, -0.4916618471810249, 0.1738415772142115, -0.42580845055425454, 0.605553819256048, 0.4294608967310044, 0.15028480323255766, 0.2637617545486396, 0.5880970499931791, 0.7790199015949778, 0.2637617545486396, 0.05009442508204473]], "inverted": true, "swapped": false, "error_lsq": 0.04847222898871107, "error_max": 0.31703269446397375, "target": "350.xyz", "model": "18.xyz", "model_rescale": 3.9405287249114394, "target_rescale": 4.057663834387499},
{"mapping": [0, 2, 3, 10, 12, 4, 14, 8, 5, 6, 11, 7, 9, 13, 15], "R": [[-0.9329284298987573, 0.04380525564318813, 0.3573872469250602], [0.3452508355765289, 0.39058440463614763, 0.853373120849687], [-0.10220765734693074, 0.9195242913773735, -0.37951109647359643]], "T": [0.14559000644229464, 0.06782761654315939, 0.007891768807549028], "aligned_model": [[0.3723855775833365, -0.6743878166766237, 0.009414184663299408, -0.4713101227812408, 0.5242291620134318, 0.8168601735132108, 0.10269245376362057, 0.03799978020323763, -0.5037512976830196, -0.24474551370431097, -0.27500006865573723, 0.47127631693794103, -0.02297946671157669, 0.3668123990391801, 0.10700257401535804], [-0.5811963560697506, -0.17137399331266173, 0.16241349397364704, 0.41404272226844696, 0.16850493551927065, -0.20022403078530826, 0.7501104812178142, -0.4921870608846043, -0.15248577318548917, -0.5675832381296407, 0.6044821333437497, 0.04018117311430969, 0.29350244366288036, 0.6669901184241614, 0.06747753635151782], [0.005460752452971153, -0.15255835568161927, -0.8275352191617679, -0.3348521123605021, -0.375038420027898, 0.1183893062514079, -0.35596102370848004, 0.5049632524185718, 0.47808377620662856, 0.054525266082364805, 0.24095639552377285, 0.631421760277736, 0.7218000626952481, 0.21620594193404205, -0.0020195485367529124]], "inverted": false, "swapped": false, "error_lsq": 0.05308313368039172, "error_max": 0.295825473179177, "target": "350.xyz", "model": "19.xyz", "model_rescale": 4.410303926677745, "target_rescale": 4.057663834387499},
{"mapping": [11, 12, 13, 5, 6, 7, 4, 10, 8, 1, 9, 2, 3, 14], "R": [[-0.6537447864768615, 0.7493098143393737, 0.10560566409533237], [0.2747801427132685, 0.365098202763811, -0.8894937748568625], [-0.705062853456909, -0.5524835784648522, -0.4445765043295393]], "T": [-0.07300454416905168, 0.009865793139025207, 0.182383492900134], "aligned_model": [[-0.2153870979940361, 0.2822231329726595, 0.3501899252235583, -0.6244443118303445, 0.16043253923658285, -0.43736383504917453, -0.328960792880766, 0.7341068686847401, 0.31805887562900176, 0.0803686757712853, -0.43917300954048166, 0.10616153126846399, 0.35803119952405865, -0.08305581155467524], [-0.32265324166618364, -0.5661372831700625, 0.10934273945991198, 0.012973342350845575, 0.6599478357552971, -0.6921267572957083, 0.555330015955512, -0.08037930260159519, -0.5596146168211322, -0.0004673103408338996, -0.17578209977675793, 0.6531215928130865, 0.312690398643723, -0.09529684712490014], [-0.5010709001151674, -0.2276528834535267, -0.5238723074393313, -0.24471665048002283, -0.2773533629330314, -0.009974343713211764, 0.09094154886380756, -0.09965080941944904, 0.5374576970798767, 0.7567747612578538, 0.5181456045839361, 0.5848039210135818, 0.18154147025444645, 0.13144129322525927]], "inverted": false, "swapped": true, "error_lsq": 0.05255280323598506, "error_max": 0.3226270385455605, "target": "350.xyz", "model": "20.xyz", "model_rescale": 4.121658175737393, "target_rescale": 4.057663834387499},
{"mapping": [6, 4, 5, 13, 11, 3, 9, 10, 1, 8, 7, 12, 14], "R": [[0.5146232903247235, 0.5560878562946341, 0.6526324885699408], [0.46377645915605203, -0.8207367273146563, 0.33362047354666735], [0.72116174675868, 0.13098671886289134, -0.6802706920730185]], "T": [-0.113120600491038, 0.0012298341351260136, 0.08614244650530872], "aligned_model": [[0.20967854562738542, -0.19226981689841877, 0.2139951847959906, 0.6046819598436485, 0.6004042884854229, -0.11950394111321688, -0.446319418778857, 0.2993961697099602, -0.6393421023131777, -0.26129154210054173, 0.1829572183410162, 0.4695742508564308, -0.04087789179134768], [-0.49969546044201907, -0.026579485471553664, 0.4960034041848671, -0.40363480314195616, 0.2978317099402674, -0.521347271097081, 0.40425678318146907, -0.6629160267524532, -0.14190513596551071, -0.08475536926374322, 0.6563564411628133, -0.033324162145990675, 0.06053627997407384], [0.6634916226287839, 0.6897718792217897, 0.45316340516036924, 0.17904339992574245, 0.056796790039196576, 0.1522309106417411, -0.0023364021134519575, -0.27142789275370327, -0.15083594521495827, -0.6714644060015988, -0.29556401791877984, -0.44805677477119715, 0.01529717063785574]], "inverted": false, "swapped": true, "error_lsq": 0.04184911739752536, "error_max": 0.23262067471812567, "target": "350.xyz", "model": "21.xyz", "model_rescale": 4.08911054899281, "target_rescale": 4.057663834387499},
{"mapping": [12, 4, 3, 2, 14, 9, 15, 10, 0, 13, 1, 5, 8, 11, 16], "R": [[-0.21093187581098682, -0.8781973490687046, -0.4292751563456223], [0.8092037988124833, 0.08948110082263759, -0.5806740433177767], [0.5483584190602937, -0.4698537524424692, 0.6917662145272971]], "T": [0.020356853372022112, 0.04455437827823255, 0.13559031084244727], "aligned_model": [[0.35074818270598596, -0.5461571506352261, -0.09593092683026166, -0.3262319628128083, 0.36975472151033334, 0.7166549972784869, 0.25622091227395855, 0.4035128326815079, -0.7180629955598481, -0.20621097251857287, -0.39359793053791653, 0.542792931897435, -0.03540949267633564, 0.31762073829766646, -0.019205549554298488], [-0.5580618709676215, -0.030856883962621866, -0.19432234748407395, 0.4684265325170328, -0.023230752846372667, -0.10608896098147425, 0.622791540228327, -0.5048586526093071, -0.09372075657218681, -0.47699901815743145, 0.7042206528357742, 0.07395728147628072, 0.4015623290816302, 0.7001516514459751, 0.019683841504412804], [-0.13397365499846414, -0.2639934859495094, -0.6912675278209972, -0.33500762660501904, -0.3984030333912491, 0.13078503336705366, -0.24059707351856174, 0.5855594500345627, 0.3245228701455138, -0.20112773287643376, 0.2888228933942321, 0.6087975245307877, 0.7273651462077633, 0.3958198794782598, 0.12653917236778423]], "inverted": true, "swapped": false, "error_lsq": 0.045791281199460146, "error_max": 0.36666908393617564, "target": "350.xyz", "model": "22.xyz", "model_rescale": 4.204369325754507, "target_rescale": 4.057663834387499},
{"mapping": [0, 2, 3, 10, 12, 4, 14, 8, 5, 6, 11, 7, 9, 13, 15], "R": [[-0.9329284298987573, 0.04380525564318813, 0.3573872469250602], [0.3452508355765289, 0.39058440463614763, 0.853373120849687], [-0.10220765734693074, 0.9195242913773735, -0.37951109647359643]], "T": [0.14559000644229464, 0.06782761654315939, 0.007891768807549028], "aligned_model": [[0.3723855775833365, -0.6743878166766237, 0.009414184663299408, -0.4713101227812408, 0.5242291620134318, 0.8168601735132108, 0.10269245376362057, 0.03799978020323763, -0.5037512976830196, -0.24474551370431097, -0.27500006865573723, 0.47127631693794103, -0.02297946671157669, 0.3668123990391801, 0.10700257401535804], [-0.5811963560697506, -0.17137399331266173, 0.16241349397364704, 0.41404272226844696, 0.16850493551927065, -0.20022403078530826, 0.7501104812178142, -0.4921870608846043, -0.15248577318548917, -0.5675832381296407, 0.6044821333437497, 0.04018117311430969, 0.29350244366288036, 0.6669901184241614, 0.06747753635151782], [0.005460752452971153, -0.15255835568161927, -0.8275352191617679, -0.3348521123605021, -0.375038420027898, 0.1183893062514079, -0.35596102370848004, 0.5049632524185718, 0.47808377620662856, 0.054525266082364805, 0.24095639552377285, 0.631421760277736, 0.7218000626952481, 0.21620594193404205, -0.0020195485367529124]], "inverted": false, "swapped": false, "error_lsq": 0.05308313368039172, "error_max": 0.295825473179177, "target": "350.xyz", "model": "23.xyz", "model_rescale": 4.410303926677745, "target_rescale": 4.057663834387499},
{"mapping": [1, 0, 3, 4, 10, 11, 8, 13, 12, 7, 5, 14, 6, 15, 16], "R": [[-0.8464874059925958, 0.0775010093008911, -0.5267377573833772], [0.49443348087303385, 0.48138098410037067, -0.7237457296166478], [0.1974705154895324, -0.8730784281517336, -0.4458020343250988]], "T": [0.11234374226064608, 0.06870686316569959, 0.08520765822182338], "aligned_model": [[0.19307167226990746, -0.5367076920723202, -0.23278849330706092, -0.13208398670538024, 0.4851533440581867, 0.659228020969781, 0.3586016191477841, 0.027106031989591328, -0.5909467586775146, 0.012998020283339767, -0.36112801590856997, 0.5227715041130812, -0.1278131853910145, 0.2701596721210547, 0.06887658262924082], [-0.5778724691835736, -0.26083797606133335, -0.023759458003139708, 0.5082103903423384, 0.1736871001647684, -0.25001934478676757, 0.7348770300542377, -0.2316872136372174, -0.08716464727698749, -0.5828904743937281, 0.4708197655011353, 0.13825865399926152, 0.2832902976465616, 0.6742058334611774, 0.033537097681610416], [-0.47314126303219417, -0.11608378624444216, -0.7403737757116191, -0.38487330065968106, -0.43802851877934057, 0.09246552814300073, -0.32865347074922446, 0.7150366470740418, 0.44194618754850556, 0.17170756511524599, 0.18385724727041586, 0.6189319229009561, 0.7738125445732856, 0.42839757661710487, -0.02115926970033183]], "inverted": true, "swapped": false, "error_lsq": 0.04702236273772654, "error_max": 0.3546977237562973, "target": "350.xyz", "model": "24.xyz", "model_rescale": 4.28219845311461, "target_rescale": 4.057663834387499},
{"mapping": [3, 8, 5, 11, 9, 7, 12, 4, 6, 1, 14, 13, 2, 12, 15], "R": [[-0.8913419419780511, 0.44468522044155523, -0.08811695178364892], [-0.12554950104644735, -0.4289208201541199, -0.8945749006233659], [-0.43559943211370755, -0.7863090898362821, 0.4381451243401584]], "T": [0.024042022498905535, 0.02119781822662503, 0.0952487233340659], "aligned_model": [[0.3482208999025987, -0.582560058160083, -0.21787450819493512, -0.0689622195458559, 0.4890562132515296, 0.7838093660061792, 0.2916496396764151, 0.2868790965757887, -0.8132597170959038, -0.19332981233141472, -0.30883917758546253, 0.42572029049959736, -0.10935556021511704, 0.2916496396764151, -0.006305756939645302], [-0.6295639825743311, -0.1193675262401766, -0.15791157033938547, 0.43024845185900124, 0.0941529811116597, -0.12829629319537122, 0.7305353483639992, -0.5186545445756237, 0.010655213724417856, -0.5406501181212056, 0.6599678009202135, 0.31213637915450854, 0.15245135453543726, 0.7305353483639992, -0.023584257478799803], [-0.17207594616615476, -0.21170625154651665, -0.701417392437596, -0.25188937790984156, -0.38984202125499523, 0.17239209725738366, -0.002967017767902952, 0.5125312078613271, 0.4284330346736568, -0.12143948744551272, 0.3428525212343654, 0.42224379931867595, 0.7538515008262399, -0.002967017767902952, 0.14584218549049768]], "inverted": true, "swapped": false, "error_lsq": 0.05100124186879384, "error_max": 0.35698083712263695, "target": "350.xyz", "model": "25.xyz", "model_rescale": 4.100010024507729, "target_rescale": 4.057663834387499},
{"mapping": [7, 5, 13, 6, 8, 10, 12, 3, 4, 1, 9, 14], "R": [[0.12819649660656546, 0.8156300882210272, -0.5641925357946187], [-0.9865103811400855, 0.16326755818965394, 0.011873177570947413], [0.10179845853767205, 0.5550596937549576, 0.8255578781696693]], "T": [-0.047256605327851045, 0.03166447955044292, -0.1925625245475941], "aligned_model": [[-0.7479372924525675, -0.17867237364409233, 0.43869279879669404, 0.7380709673762836, -0.4427995965395565, 0.3367854059565092, -0.24298659653968746, 0.4074284307065224, 0.31493402551222666, -0.15081793681917816, -0.4709607246292566, -0.12497150536088995], [-0.20791992004526533, -0.6491070543269312, -0.08899283543571972, -0.20914458301747413, 0.6717127091422117, 0.5027402713012918, 0.18650010249439952, 0.29518297894567097, -0.3410212784071098, 0.4965040955587933, -0.0070429071583072225, 0.016719810999079633], [0.14537039954222236, -0.11647033575075187, 0.4685588457455537, -0.07539124142655224, 0.0003110921192644722, 0.4154799819796598, 0.5583114841023529, -0.15630260831503648, -0.5108858216902639, -0.5485886876268476, -0.5091967588307866, -0.10600405999445787]], "inverted": false, "swapped": true, "error_lsq": 0.05437103235323381, "error_max": 0.32291201715454715, "target": "350.xyz", "model": "26.xyz", "model_rescale": 3.6694154284099745, "target_rescale": 4.057663834387499},
