[{"mapping": [10, 11, 3, 0, 4, 9, 5, 8, 2, 7, 1, 12], "R": [[0.918700529028292, 0.3795431506341191, -0.10925353435867816], [0.12610899749811494, -0.019751616613626136, 0.9918197388594205], [0.37428045462347737, -0.9249631724819507, -0.06600962686584712]], "T": [0.059790368015790664, 0.014456281199706239, 0.008475304577231817], "aligned_model": [[-0.4017484237987428, 0.23456804902995565, 0.3771764533023535, -0.3537758733108617, -0.018872612099728993, -0.4872013550262539, 0.4674701890100804, -0.30621686548254173, 0.7175356304104882, 0.1845972199946467, -0.5964625088121189, 0.020572559243272392], [-0.15151458014438804, -0.5739617457364475, -0.21512203869029672, 0.5940387641596988, 0.321952228089728, -0.6905546710652578, -0.39966788255574126, -0.4392397767028646, 0.06924249315945796, 0.2680085166093755, 0.2891930249318868, -0.018819296078094044], [-0.3884157456509923, -0.03189775631316136, -0.5390856612188224, -0.26315611923582405, -0.7444133883318306, -0.014669655476891304, 0.5061165431013541, 0.5820229704468682, -0.02114803999877646, 0.6628494444680705, 0.34339730522970435, 0.09035184833386363]], "inverted": true, "swapped": true, "error_lsq": 0.05419589550137759, "error_max": 0.33030333057601063, "target": "351.xyz", "model": "0.xyz", "model_rescale": 3.751011558992144, "target_rescale": 3.8316951786624984},
{"mapping": [10, 9, 7, 1, 4, 3, 6, 12, 13, 2, 8, 0, 14], "R": [[-0.9458798509971895, -0.043220720119506895, 0.3216259890461064], [0.08000114250396105, 0.9294466831116546, 0.36017867850666097], [-0.3145013905781592, 0.3664162013409, -0.8756871831420793]], "T": [0.10486439692239743, 0.019298795615278138, -0.020146635941430353], "aligned_model": [[0.4775259262905709, 0.3054571648634054, -0.5430841178839143, -0.1497880550533873, 0.4750527242431791, -0.26615096777598823, -0.37261181535030985, -0.43778790408946433, 0.22409226077604405, 0.4309976255189184, 0.630549527301249, -0.21717820552133763, 0.0819552181504414], [0.0041838494972936645, 0.5576289071552448, -0.11210809887727735, -0.6172857381305441, -0.6007674102115164, 0.3688342726931403, -0.3342909491430346, 0.5253968576621113, 0.6812368830653159, 0.20765481246850698, -0.3099261358616452, -0.24686255155046377, 0.06429134041759807], [-0.7504538802309043, -0.342873848604735, 0.030567997423717484, 0.10474455483746725, -0.3427182909528608, 0.5486929187086047, -0.4791853101134447, -0.05713766020655032, 0.2539425523978059, 0.7159900566018118, 0.21582866008011908, 0.6130604533948065, -0.04146922686217174]], "inverted": false, "swapped": false, "error_lsq": 0.04908049584552379, "error_max": 0.25988275027017027, "target": "351.xyz", "model": "1.xyz", "model_rescale": 3.9405287249114394, "target_rescale": 3.8316951786624984},
{"mapping": [4, 8, 0, 6, 7, 5, 1, 2, 9, 10, 3, 11, 12], "R": [[-0.6130723952901216, 0.7571260504741864, -0.22561556202219896], [0.5308707864532274, 0.6063025825605892, 0.5920923800142102], [0.585079863115938, 0.24322278280152912, -0.7736434784204644]], "T": [0.039444189798639354, -0.02620886252510067, -0.003464624675371772], "aligned_model": [[0.412208439046816, 0.5561985914336596, -0.7255671748156095, -0.059918415604517425, 0.3377994157128367, -0.4989027743588465, -0.35121408138742777, -0.46034134342476685, 0.24983211537444194, 0.6786302001343364, 0.5705786393861941, -0.07248654827934875, 0.0022123182516382706], [0.09416623744722032, 0.5490220084247113, -0.3492660600976339, -0.5049974879574848, -0.6961153785516379, 0.3199837319604182, -0.18994569698481206, 0.38477784746715404, 0.6032704418420601, 0.20783701078501, -0.23582817979975473, -0.029559631225676772, 0.034641195875155364], [-0.5850593045615509, -0.056039367726721176, 0.11195481642319209, 0.2336940104056398, -0.3053243141190209, 0.3406422105990131, -0.6726452404685165, -0.2167108966520434, 0.45465526491184644, 0.4946828361131104, 0.02402386119643081, 0.7001507327889283, -0.05503563243664204]], "inverted": true, "swapped": false, "error_lsq": 0.04350095551673528, "error_max": 0.28956407077487206, "target": "351.xyz", "model": "2.xyz", "model_rescale": 3.932901565614263, "target_rescale": 3.8316951786624984},
{"mapping": [0, 3, 5, 6, 2, 9, 4, 7, 8, 11, 1, 12, 13], "R": [[0.5240445143293667, 0.7041473305610373, -0.47911781835480055], [-0.6168555303587466, 0.7016845556052461, 0.356550191545171], [0.5872534390424019, 0.10869830398324419, 0.8020711171984929]], "T": [0.12914633473447187, 0.06941726458077926, 0.05732592766231753], "aligned_model": [[0.3755303265746979, 0.4243764652147324, -0.5355640121134273, -0.06738962674141508, 0.20977293971719801, -0.4373408599789519, -0.2942150733348601, -0.3915462979878678, 0.13653207661794747, 0.64781034711096, 0.7464566144956227, -0.24560589339538, 0.07021237529015001], [0.0198334368844075, 0.44662903621485184, -0.19184749411303412, -0.5765814964787884, -0.5995345441479943, 0.35585462771894816, -0.2564321912927927, 0.4588296395399126, 0.7545416677268723, 0.36140350094439, -0.3179774116647195, -0.2669845135056311, 0.00025178135830769555], [-0.5637913734482367, -0.11941096005077892, 0.1391829146131938, 0.1610152580585101, -0.43277883802126715, 0.4272432624994586, -0.633914735784376, -0.23759733660231863, 0.3206446101792434, 0.7232391190072287, -0.0754219696091965, 0.631368105007805, 0.12921092062440043]], "inverted": false, "swapped": false, "error_lsq": 0.04702823622305557, "error_max": 0.25528722285040467, "target": "351.xyz", "model": "3.xyz", "model_rescale": 3.9243930471874484, "target_rescale": 3.8316951786624984},
{"mapping": [6, 3, 8, 9, 11, 7, 10, 4, 2, 0, 5, 1, 12], "R": [[0.48642425129285155, 0.8704226846048151, 0.07586697489379172], [-0.8493357782449644, 0.45068939627540044, 0.2747868335236166], [0.2049882522175588, -0.19809951592636846, 0.9585073803797908]], "T": [-0.005946861544366286, -0.05952537824816249, -0.03569327575112701], "aligned_model": [[0.5881978571965218, 0.2825240788438101, -0.6241066796642272, -0.2564985206403065, 0.1819428455685278, -0.4123330093240108, -0.26990406472108525, -0.35379134115591243, 0.05547249324624277, 0.5530289399173999, 0.6934263290187186, 0.10515762394312754, 0.09591282924059998], [-0.0730151252866571, 0.4935875309615926, -0.1787159579644937, -0.6982428414359388, -0.7291212614135527, 0.310979298626948, -0.059248715879756476, 0.4209681730300345, 0.7620033896188475, 0.37274079294182605, -0.2054936221158227, -0.16857752687360433, -0.05987809502469338], [-0.4459695176343963, -0.2882878057428836, -0.032792605978028765, 0.12847511377657092, -0.41314909117395227, 0.5478265115900285, -0.6894931211686451, -0.05799651820409279, 0.37967720555152323, 0.4376082813829221, 0.21568992153676864, 0.6613890164979435, 0.026011586039907976]], "inverted": true, "swapped": false, "error_lsq": 0.053880678399556764, "error_max": 0.2872994240953717, "target": "351.xyz", "model": "4.xyz", "model_rescale": 3.8936222436046832, "target_rescale": 3.8316951786624984},
{"mapping": [5, 7, 2, 11, 6, 0, 1, 10, 9, 8, 3, 12], "R": [[0.34412228070278594, -0.010560848007188539, 0.9388654453185942], [0.24121360802620417, -0.9653813962793838, -0.09927111876395875], [0.9074116217168996, 0.2606285253133976, -0.32966182758407125]], "T": [-0.1546901865938919, 0.04104405202435779, -0.05177114177521467], "aligned_model": [[0.12544419109506622, -0.4781255650634236, -0.3436651998946444, 0.38535968494258643, -0.7663773340565404, -0.612188888705391, -0.3106274456720233, 0.13421684580285453, 0.6489497648500098, 0.32034056120094545, 0.044527427534671316, -0.12030599981901388], [-0.4171793115523186, -0.5775047005006867, 0.1611558736712822, 0.07560071610382506, 0.21928310163512926, 0.28288249311643276, -0.3649079310747204, 0.36392413303456334, -0.04384574244619885, -0.5978869662544133, 0.6142796742094382, -0.0468784348325256], [-0.5966606179455701, -0.19619412486298124, -0.6733574160896295, -0.3442860464739612, -0.17627597679535964, 0.5076442914211546, 0.6033680967624029, 0.40688784792708144, 0.3273497206208725, 0.13496737991935662, -0.3432782721160693, -0.030880163091778552]], "inverted": false, "swapped": true, "error_lsq": 0.050723621436056236, "error_max": 0.2919960836133293, "target": "351.xyz", "model": "5.xyz", "model_rescale": 3.6523030999806103, "target_rescale": 3.8316951786624984},
{"mapping": [5, 8, 2, 3, 0, 10, 1, 6, 9, 11, 7, 4, 12], "R": [[0.02764340122332759, -0.8836325301264134, -0.4673643055167991], [-0.6968480060048965, 0.3181749166491479, -0.6427811283339827], [0.7166859136998622, 0.34345054100656414, -0.6069621297795215]], "T": [0.029377619241723222, 0.09122798629784284, 0.01691347029291016], "aligned_model": [[0.4650721818738982, 0.1822264927784651, -0.6390480587188667, 0.16552015528047706, 0.29153084646422506, -0.36136263060707985, -0.3054319531831044, -0.45131300203210034, 0.3799088662790607, 0.39413779153577366, 0.6398942692107458, -0.22266028291997297, 0.10055470550788503], [0.019415102546245136, 0.6032330772155832, -0.26093798297800463, -0.5828742379710921, -0.7345825617313331, 0.5470688901121477, -0.2453449860202983, 0.473582227059545, 0.648282055570446, -0.0041400018671760574, -0.15373364647315071, -0.13974802955580112, 0.017766133277618612], [-0.501658306616306, -0.39319762611799725, 0.09038371825796673, 0.11536195461131388, -0.4693748749501942, 0.5151144028741792, -0.490034308586807, -0.1960800114454697, 0.3160480285404067, 0.8121643531483461, 0.2015246245549291, 0.4776287597084299, -0.008891737505131576]], "inverted": false, "swapped": false, "error_lsq": 0.056064636772876666, "error_max": 0.32231652195350674, "target": "351.xyz", "model": "6.xyz", "model_rescale": 4.08911054899281, "target_rescale": 3.8316951786624984},
{"mapping": [3, 4, 11, 1, 0, 12, 9, 10, 5, 7, 6, 13, 14], "R": [[0.12590903239924972, 0.08475854583643821, -0.9884143384572975], [-0.5020591630538185, 0.8647731089308388, 0.010201316767508545], [0.8556187891543664, 0.49495803759286927, 0.15143654997467376]], "T": [0.030454201542976303, 0.03880425498932666, 0.04984607905956673], "aligned_model": [[0.4762656014110697, 0.39455543366097107, -0.5524831393563182, -0.1431608226459059, 0.5528038547298244, -0.36145091311623745, -0.28371386023795264, -0.4364692471575056, 0.23560116899848776, 0.5201726114399908, 0.5131283382836311, -0.2076913495316225, -0.06852829500902631], [-0.08228029268126823, 0.5277453865350512, -0.022658990294120926, -0.6737634168468805, -0.6472324590959486, 0.35054870062999666, -0.35985491633681216, 0.5800175923531794, 0.7337037356044209, 0.14188521550278532, -0.08227589655618796, -0.22115982471072249, -0.05668879491876319], [-0.5928374856352461, -0.3040131476891493, 0.08046288852174341, 0.057001167124455826, -0.3258674419195784, 0.5570222809138503, -0.5475872661616062, -0.04150771131123415, 0.2854955288106909, 0.6404721529210357, 0.011009999483298151, 0.6914065953950917, -0.042068583979686006]], "inverted": false, "swapped": false, "error_lsq": 0.0484772686735513, "error_max": 0.2657818991501556, "target": "351.xyz", "model": "7.xyz", "model_rescale": 3.964800864290218, "target_rescale": 3.8316951786624984},
{"mapping": [3, 0, 8, 9, 10, 7, 5, 1, 2, 4, 6, 12, 13], "R": [[0.5760563488058681, -0.7689421846155998, 0.2772850513804177], [-0.29135740990354797, 0.12378864978534526, 0.9485711517216919], [-0.7637211157842554, -0.6272194886185458, -0.15272776565622279]], "T": [0.12388286640798032, 0.028929734246374003, 0.050869042645926656], "aligned_model": [[0.49576527506746404, 0.381762182432284, -0.5731000571562872, -0.13746008284505948, 0.09871176110911481, -0.4273891464144065, -0.2502897400173688, -0.38750445002027656, 0.21530670264949475, 0.5820479298874073, 0.7009817543750356, -0.12707150093506317, 0.06726875333706765], [0.09121380344154291, 0.6075573654763777, -0.28950831509400293, -0.565918764566287, -0.709229329892398, 0.3072237161078726, -0.2957635443413946, 0.5372167333366012, 0.6081137716991232, 0.12466411498253147, -0.028070338892701746, -0.17745168757868002, -0.022061485493855407], [-0.5686362959561868, -0.28356734183808163, -0.011337021362197004, 0.27827144616150273, -0.3091609901222263, 0.4051355983637067, -0.6226588769009672, -0.1570906417271554, 0.35875905658095036, 0.5762385297364878, 0.03625095973924092, 0.7328540509309266, 0.03393050286766531]], "inverted": true, "swapped": false, "error_lsq": 0.03841184411410213, "error_max": 0.22849155969709936, "target": "351.xyz", "model": "8.xyz", "model_rescale": 4.121658175737393, "target_rescale": 3.8316951786624984},
{"mapping": [11, 7, 0, 2, 3, 4, 10, 5, 9, 6, 8, 1, 12], "R": [[0.9495319813877252, -0.20943726777717422, 0.23350598961896654], [-0.30785519333920774, -0.47956979562954993, 0.8217286602364011], [-0.06011818573426612, -0.8521436744973607, -0.5198432088218103]], "T": [0.09439734884553234, 0.03093015501312723, -0.003233741352339038], "aligned_model": [[0.4378952993087748, 0.4679284705867122, -0.6347246451991396, 0.17286910970419123, 0.034038071174431694, -0.5088303444715309, -0.28117575634685504, -0.33903175342883946, 0.15619042322212018, 0.4540114208516142, 0.7883384527890727, -0.16789230385029702, 0.05941293712915168], [-0.087887441479228, 0.5168475857633996, -0.24699353757003772, -0.6236000055156183, -0.6370252182593624, 0.3536716062549833, -0.06945938479246905, 0.40486502318681306, 0.7720925717114921, 0.18746134729251934, -0.1479607329133106, -0.23582696500796396, 0.0018011905135120396], [-0.5237369702998986, -0.2853146905442956, 0.09658500450001911, 0.21535011570220597, -0.4190177819136069, 0.5625243548198682, -0.65542053480122, -0.23567692568205187, 0.37099841262146876, 0.5680435600983397, 0.12713930878384003, 0.5755377962341987, 0.07197732695479875]], "inverted": false, "swapped": false, "error_lsq": 0.0456158477118, "error_max": 0.2876710803257777, "target": "351.xyz", "model": "9.xyz", "model_rescale": 3.833441315466971, "target_rescale": 3.8316951786624984},
{"mapping": [9, 8, 6, 4, 3, 1, 7, 12, 0, 13, 2, 5, 14], "R": [[0.36690701373840634, -0.048888049355220065, -0.9289721211639274], [-0.8312385518983958, 0.43109892888158646, -0.35099313861528225], [0.41763825627859197, 0.9009792850822878, 0.11753558927059805]], "T": [-0.0408295504432066, 0.13619065804627947, -0.022682252006631508], "aligned_model": [[0.5823866414687696, 0.5019890345103282, -0.6449721627615976, -0.26546119275871305, 0.22061549409907713, -0.4685560834805962, -0.08047760391034342, -0.5562668854011696, 0.019409225875660907, 0.558933256695856, 0.5979315659893916, 0.15693039079414914, 0.016567700348594214], [-0.11201254959514487, 0.4770910145746331, -0.15618956554411148, -0.5981835394345354, -0.6425582634330121, 0.26954971700624375, -0.08955242584995715, 0.4467929685736186, 0.5527396612170464, 0.27225932479849857, -0.17319933907562432, -0.1366620987805792, 0.07791113472765404], [-0.4786503127169815, -0.4661845554105975, 0.08102443475588447, 0.1921380064311753, -0.3046724215635777, 0.5645777476893742, -0.6482876138051856, -0.052188450292477186, 0.512743914227997, 0.484719398084891, 0.09095014100840582, 0.5637285086388322, -0.07090982057407472]], "inverted": true, "swapped": false, "error_lsq": 0.05099446304788629, "error_max": 0.24748777956481086, "target": "351.xyz", "model": "10.xyz", "model_rescale": 4.2482417240324, "target_rescale": 3.8316951786624984},
{"mapping": [0, 1, 8, 9, 6, 2, 7, 11, 10, 3, 4, 12], "R": [[-0.02184603056257378, -0.18432389156079995, -0.9826227424340135], [0.8493269839355256, 0.5150756233788312, -0.11550227945755775], [0.5274148512391763, -0.8370912765050124, 0.1452988970762224]], "T": [-0.009111239030203399, 0.13222309032484494, 0.021604271330861714], "aligned_model": [[-0.6423245065428687, -0.2119052745540643, 0.556608503046219, 0.6626218418999432, -0.59311302253277, -0.05779010013808315, -0.10517239929679117, 0.557687081451426, 0.05433246183386016, 0.09553375071402599, -0.4809230107758422, 0.04121027725795186], [-0.2457622878706804, -0.5717970156531852, -0.3080961378837822, -0.39250033775311344, 0.40882113664537656, 0.7858367746703948, 0.15235744891319158, 0.32143427702486443, -0.2611352054609377, 0.5326054021272703, 0.1626767134717028, 0.08169062181953773], [-0.1705012534157009, 0.3071758608791818, 0.41509948559488385, -0.24337887733367428, 0.0837912213929346, 0.10483540664038865, 0.7276055903327884, -0.12451823541111548, -0.4676104431589607, -0.5094386401911065, -0.6447659220183249, 0.0868980965430621]], "inverted": true, "swapped": true, "error_lsq": 0.054605161106006384, "error_max": 0.2701100697368928, "target": "351.xyz", "model": "11.xyz", "model_rescale": 3.6694154284099745, "target_rescale": 3.8316951786624984},
{"mapping": [9, 10, 3, 4, 11, 1, 8, 2, 12, 5, 6, 0, 13], "R": [[-0.368754729100253, -0.6856486117269956, 0.6276192563991668], [-0.8913291913038696, 0.4523978275883672, -0.029469956276118148], [-0.2637275535392337, -0.5702825499962014, -0.777962460967135]], "T": [0.17436777495480174, 0.04570941437174374, 0.042434901677589495], "aligned_model": [[0.4495064165133219, 0.2801538530706381, -0.6287524899924964, -0.23653681963676512, 0.2850765840713517, -0.5722767278063451, -0.21847653964912453, -0.34970418147497606, 0.1428134262475936, 0.7718464615932951, 0.5174268052794015, 0.07937451655401015, 0.11857807669950171], [0.005330894829198546, 0.5602461334839951, -0.23037167459550095, -0.5338559114285938, -0.5746059588002521, 0.19776196837773075, -0.0780580166847585, 0.381931179010529, 0.6645909118275328, 0.21462706078215543, -0.3454837575428091, -0.09458373372839081, 0.02045694365389277], [-0.710794525503116, -0.3147626034515935, -0.09907825300763036, 0.24965482597006927, -0.3422481448653499, 0.41104784423167096, -0.5923507462415607, -0.1540773952897086, 0.3212870407244918, 0.5514111685315461, 0.2640950862255741, 0.73672012972152, 0.14808454942775262]], "inverted": false, "swapped": false, "error_lsq": 0.04686484353609404, "error_max": 0.24368105217360933, "target": "351.xyz", "model": "12.xyz", "model_rescale": 3.9764082729961374, "target_rescale": 3.8316951786624984},
{"mapping": [6, 14, 0, 9, 5, 2, 4, 7, 8, 10, 13, 1, 15], "R": [[0.4410545713941889, -0.17256875672129995, 0.8807331543980578], [-0.7492976184997849, 0.46934126109347163, 0.4671957400766199], [-0.49398779738252563, -0.8659900720209525, 0.07769975031045044]], "T": [0.13909293492548636, 0.015910204591666536, 0.04516106322953296], "aligned_model": [[0.49834725868797647, 0.6392536121579758, -0.5428788861603911, -0.10803683021254512, -0.009562607539298218, -0.4836398150765233, -0.2497012024560048, -0.517912007147671, 0.036245137368840136, 0.48780917671340385, 0.7441833713834142, 0.035726225803733136, 0.10919594794649692], [-0.10046257109506261, 0.4802892246075729, -0.2296802798643205, -0.5055283906150703, -0.7056449208954279, 0.196249625530319, -0.05689249064791152, 0.3386593499817491, 0.588384782760019, 0.23193670947029502, -0.04148842354268839, -0.08487144901277774, 0.0770348725080332], [-0.6189567829665722, -0.3707709772463999, 0.0038369456739628244, 0.2140628013178913, -0.3549434686274834, 0.5098557256010361, -0.5543409034752171, -0.14248539734035992, 0.44684255961349995, 0.7364471334359995, -0.025912893902086495, 0.6636115139554485, -0.038257279566053265]], "inverted": false, "swapped": false, "error_lsq": 0.050563667440472984, "error_max": 0.32807643153739824, "target": "351.xyz", "model": "13.xyz", "model_rescale": 4.170626492500431, "target_rescale": 3.8316951786624984},
{"mapping": [6, 3, 8, 12, 5, 7, 4, 0, 1, 9, 11, 10, 13], "R": [[-0.8980703994674848, -0.08583402239271651, 0.431395500903984], [-0.1525943320446615, -0.8590638168160241, -0.48859423703654986], [0.41253427424658445, -0.5046205299404408, 0.7584019998223057]], "T": [-0.0018895236103049218, 0.09781503101350023, -0.04731665257561669], "aligned_model": [[0.5484548885466523, 0.5406423430573637, -0.6298665091218766, -0.11509985707054146, 0.3988208161121155, -0.5086382301290349, -0.4583764585385185, -0.3716459029331165, 0.07652522480532763, 0.46533933379696724, 0.6423382364944289, -0.028928750402901438, 0.07946424685254048], [-0.12669204374156648, 0.48825385537709687, -0.23105874488857395, -0.6182982549942755, -0.6642519205798882, 0.3245597380106304, -0.23529597997672028, 0.5658671311118306, 0.7447045771449695, 0.22178256465978494, -0.16463997131113137, -0.15704983996782548, 0.04010492834039783], [-0.6424694635600087, -0.21669877238036772, 0.17414042677980868, 0.05303923009770014, -0.3404122227996128, 0.5436337592011986, -0.47594220383211694, -0.05543195118441636, 0.3603590914073689, 0.6027877112548615, 0.07817285294719878, 0.4553174914386553, -0.0675069728966034]], "inverted": false, "swapped": false, "error_lsq": 0.040111579859178965, "error_max": 0.1966193560404918, "target": "351.xyz", "model": "14.xyz", "model_rescale": 3.9786697098870705, "target_rescale": 3.8316951786624984},
{"mapping": [1, 0, 8, 9, 7, 5, 4, 2, 11, 10, 6, 12], "R": [[-0.036592527334380454, 0.29675359475521335, 0.9542527395523377], [-0.9698123431769021, 0.21982520722854892, -0.10555044902155891], [-0.24109128139567762, -0.929308443019208, 0.2797513391714258]], "T": [0.0028350713635524327, 0.04465392747544255, 0.04346291958851335], "aligned_model": [[-0.1532605884897404, -0.6454658133062043, 0.6196562465869229, 0.6407694919193375, -0.0015341846110817903, 0.5754915236706185, -0.5513510936556936, -0.04224312324663186, 0.5438110003544372, 0.007151672380237464, -0.5714133649395026, 0.06174283010463758], [-0.22683284649205931, -0.3024059165742014, -0.030831756146126883, -0.5667895760530322, 0.5686756384917515, 0.551721191324779, -0.36795292280773223, 0.5643246924417015, 0.025075568104663958, -0.5831250670554393, 0.3312794825094223, 0.05153600248071155], [-0.6778206167258878, -0.15651695066467114, -0.48813079963528294, -0.08284065965191088, -0.4397069856474767, 0.026262940072838706, 0.47960084193122926, 0.44894800461323664, 0.3356524614044085, 0.10640567054238108, 0.14101446353065572, -0.03290187589569045]], "inverted": false, "swapped": true, "error_lsq": 0.057057170741591536, "error_max": 0.30552055637120906, "target": "351.xyz", "model": "15.xyz", "model_rescale": 3.769337070930944, "target_rescale": 3.8316951786624984},
{"mapping": [7, 1, 2, 6, 5, 8, 11, 9, 3, 4, 12], "R": [[0.01929544442154979, 0.047312751832875255, 0.9986937415136712], [-0.760375127970925, -0.6478965058153697, 0.04538482692964885], [0.6491974665598861, -0.7602576019128223, 0.02347398871070233]], "T": [-0.10091297130453657, 0.05234157294663386, 0.028204930009672433], "aligned_model": [[-0.2762286214637535, -0.38732725919314576, -0.11000131487573213, -0.6659173639594205, 0.39083270274846893, 0.3810572040242975, 0.491507828431452, 0.5559386945029275, 0.09403335023516422, -0.48887601780586404, -0.06239307195322345], [-0.02347166900253611, -0.6646484652547675, 0.6881377555001762, 0.36892740417648917, 0.2685210374690771, -0.4911992872898133, 0.20845624045430095, -0.48661584045664086, 0.5156019158347193, 0.22403531530942716, -0.011679909115090398], [-0.6585175586962057, -0.1208353465458211, -0.1512066583253956, -0.016238594442419152, -0.5165896119057657, -0.3473299103192372, 0.08369189135129587, 0.30178649504937666, 0.47614346350049247, 0.7264806198970044, -0.03316718233954804]], "inverted": false, "swapped": true, "error_lsq": 0.04352232543219992, "error_max": 0.28907894568794196, "target": "351.xyz", "model": "16.xyz", "model_rescale": 3.7852294659196426, "target_rescale": 3.8316951786624984},
{"mapping": [5, 6, 0, 3, 1, 9, 4, 10, 11, 11, 2, 8, 12], "R": [[0.014639313565518175, 0.1572354325225098, -0.9874526364630304], [-0.13163020407578105, -0.9786607050835427, -0.15778692499808528], [-0.9911907888359831, 0.13228848432438262, 0.006370011134912534]], "T": [0.07722520879648667, -0.06787290446990032, 0.009899809743357899], "aligned_model": [[0.2536476461796651, 0.37078679873982145, -0.5692451145473709, -0.04935770757005184, 0.4111068351467436, -0.49944444298724633, -0.29564315645369, -0.2884742409563874, 0.3936303978538589, 0.3936303978538589, 0.5671675913531062, -0.09063479442569383, 0.04185917128279244], [-0.03076627751772075, 0.6780891006733988, -0.2857464276622057, -0.8320125982870687, -0.5618542873244429, 0.3733665926068881, -0.1813021184473305, 0.6093118814401234, 0.40133939343940717, 0.40133939343940717, -0.3152235056415566, -0.081034825309946, 0.012479717775775612], [-0.6223242268009616, -0.3705676864958275, 0.028725448276525428, 0.19035109064682537, -0.33471534840539613, 0.47896441557382585, -0.5816149243941082, -0.22872071213516887, 0.476439894046421, 0.476439894046421, 0.2798278796157449, 0.6390704498804508, 0.03711280261891421]], "inverted": true, "swapped": false, "error_lsq": 0.050360530773366725, "error_max": 0.34811626182399596, "target": "351.xyz", "model": "17.xyz", "model_rescale": 3.901054581598922, "target_rescale": 3.8316951786624984},
{"mapping": [10, 9, 7, 1, 4, 3, 6, 12, 13, 2, 8, 0, 14], "R": [[-0.9458798509971895, -0.043220720119506895, 0.3216259890461064], [0.08000114250396105, 0.9294466831116546, 0.36017867850666097], [-0.3145013905781592, 0.3664162013409, -0.8756871831420793]], "T": [0.10486439692239743, 0.019298795615278138, -0.020146635941430353], "aligned_model": [[0.4775259262905709, 0.3054571648634054, -0.5430841178839143, -0.1497880550533873, 0.4750527242431791, -0.26615096777598823, -0.37261181535030985, -0.43778790408946433, 0.22409226077604405, 0.4309976255189184, 0.630549527301249, -0.21717820552133763, 0.0819552181504414], [0.0041838494972936645, 0.5576289071552448, -0.11210809887727735, -0.6172857381305441, -0.6007674102115164, 0.3688342726931403, -0.3342909491430346, 0.5253968576621113, 0.6812368830653159, 0.20765481246850698, -0.3099261358616452, -0.24686255155046377, 0.06429134041759807], [-0.7504538802309043, -0.342873848604735, 0.030567997423717484, 0.10474455483746725, -0.3427182909528608, 0.5486929187086047, -0.4791853101134447, -0.05713766020655032, 0.2539425523978059, 0.7159900566018118, 0.21582866008011908, 0.6130604533948065, -0.04146922686217174]], "inverted": false, "swapped": false, "error_lsq": 0.04908049584552379, "error_max": 0.25988275027017027, "target": "351.xyz", "model": "18.xyz", "model_rescale": 3.9405287249114394, "target_rescale": 3.8316951786624984},
{"mapping": [14, 13, 2, 1, 3, 8, 10, 5, 7, 4, 12, 0, 15], "R": [[-0.6138025986595611, -0.0183310981724744, 0.7892466919275374], [-0.08309054929634718, 0.9956777461950276, -0.04149441347485046], [-0.7850747292432749, -0.0910483199833015, -0.612672729058359]], "T": [0.10252432859986509, 0.08260323497573266, 0.037217300370331885], "aligned_model": [[0.4682457682632893, 0.510874162005265, -0.6656591067515291, -0.07262974496394518, 0.24113306880735585, -0.3699246630333804, -0.17997261574558637, -0.6713307069740116, 0.20990585477874985, 0.5258777284448055, 0.5687254661782448, 0.001854660160558616, 0.07192951029959008], [-0.04229741609719183, 0.49649892306212984, -0.2330454241333362, -0.517931294802702, -0.6862772853880104, 0.3564166118238208, -0.19263261287824338, 0.38389991359025744, 0.6942326413807168, 0.17074345331823948, -0.20432001605755304, -0.10637443369399918, 0.06907297906060085], [-0.6338911990604664, -0.2993397056676305, -0.2188791983707168, 0.24745229516719347, -0.3019566335002376, 0.5607536797173011, -0.6427420671201912, -0.0031725267112180378, 0.36888615027566, 0.6268512795187047, 0.05891083734583619, 0.6905375254946001, 0.015578539384830923]], "inverted": false, "swapped": false, "error_lsq": 0.04397950921234553, "error_max": 0.38338233744650413, "target": "351.xyz", "model": "19.xyz", "model_rescale": 4.410303926677745, "target_rescale": 3.8316951786624984},
{"mapping": [3, 0, 8, 9, 10, 7, 5, 1, 2, 4, 6, 12, 13], "R": [[0.5760563488058681, -0.7689421846155998, 0.2772850513804177], [-0.29135740990354797, 0.12378864978534526, 0.9485711517216919], [-0.7637211157842554, -0.6272194886185458, -0.15272776565622279]], "T": [0.12388286640798032, 0.028929734246374003, 0.050869042645926656], "aligned_model": [[0.49576527506746404, 0.381762182432284, -0.5731000571562872, -0.13746008284505948, 0.09871176110911481, -0.4273891464144065, -0.2502897400173688, -0.38750445002027656, 0.21530670264949475, 0.5820479298874073, 0.7009817543750356, -0.12707150093506317, 0.06726875333706765], [0.09121380344154291, 0.6075573654763777, -0.28950831509400293, -0.565918764566287, -0.709229329892398, 0.3072237161078726, -0.2957635443413946, 0.5372167333366012, 0.6081137716991232, 0.12466411498253147, -0.028070338892701746, -0.17745168757868002, -0.022061485493855407], [-0.5686362959561868, -0.28356734183808163, -0.011337021362197004, 0.27827144616150273, -0.3091609901222263, 0.4051355983637067, -0.6226588769009672, -0.1570906417271554, 0.35875905658095036, 0.5762385297364878, 0.03625095973924092, 0.7328540509309266, 0.03393050286766531]], "inverted": true, "swapped": false, "error_lsq": 0.03841184411410213, "error_max": 0.22849155969709936, "target": "351.xyz", "model": "20.xyz", "model_rescale": 4.121658175737393, "target_rescale": 3.8316951786624984},
{"mapping": [5, 8, 2, 3, 0, 10, 1, 6, 9, 11, 7, 4, 12], "R": [[0.02764340122332759, -0.8836325301264134, -0.4673643055167991], [-0.6968480060048965, 0.3181749166491479, -0.6427811283339827], [0.7166859136998622, 0.34345054100656414, -0.6069621297795215]], "T": [0.029377619241723222, 0.09122798629784284, 0.01691347029291016], "aligned_model": [[0.4650721818738982, 0.1822264927784651, -0.6390480587188667, 0.16552015528047706, 0.29153084646422506, -0.36136263060707985, -0.3054319531831044, -0.45131300203210034, 0.3799088662790607, 0.39413779153577366, 0.6398942692107458, -0.22266028291997297, 0.10055470550788503], [0.019415102546245136, 0.6032330772155832, -0.26093798297800463, -0.5828742379710921, -0.7345825617313331, 0.5470688901121477, -0.2453449860202983, 0.473582227059545, 0.648282055570446, -0.0041400018671760574, -0.15373364647315071, -0.13974802955580112, 0.017766133277618612], [-0.501658306616306, -0.39319762611799725, 0.09038371825796673, 0.11536195461131388, -0.4693748749501942, 0.5151144028741792, -0.490034308586807, -0.1960800114454697, 0.3160480285404067, 0.8121643531483461, 0.2015246245549291, 0.4776287597084299, -0.008891737505131576]], "inverted": false, "swapped": false, "error_lsq": 0.056064636772876666, "error_max": 0.32231652195350674, "target": "351.xyz", "model": "21.xyz", "model_rescale": 4.08911054899281, "target_rescale": 3.8316951786624984},
{"mapping": [14, 2, 5, 10, 12, 8, 9, 11, 1, 0, 13, 6, 16], "R": [[0.5290396782368915, -0.8484229810118613, -0.017189070421444158], [-0.7369569849458131, -0.46938847081210355, 0.48638345552480683], [-0.42072725273100986, -0.2446485412987825, -0.8735763676117818]], "T": [0.12821144394625145, 0.05050136416391889, -0.004562045661668852], "aligned_model": [[0.29027401150952675, 0.5153414770427891, -0.5375400252287079, -0.22292442408916702, 0.31717319669776245, -0.3658862881500449, -0.26021528697963187, -0.4758657845261482, 0.05088012293060666, 0.5236426475632918, 0.690206769015872, -0.05475630807188217, 0.16869927375513982], [-0.05565984604323549, 0.6371252836977166, -0.1822613660537921, -0.6616870284935614, -0.5817296396172456, 0.3087630362028672, -0.3373546096391632, 0.507696067806477, 0.7830374234450559, 0.1592918313497285, -0.2969447858167528, -0.1354730386520606, 0.04318271099869548], [-0.6163529475139395, -0.16965760550120812, -0.022604957321046844, 0.13905795558434353, -0.3355407759284685, 0.4076640548620806, -0.4586986218697661, -0.1139089032330928, 0.2910883727531834, 0.65261235709208, -0.01769191587192704, 0.6936502800459481, 0.019371683375479593]], "inverted": false, "swapped": false, "error_lsq": 0.04269738017717799, "error_max": 0.23656606830253601, "target": "351.xyz", "model": "22.xyz", "model_rescale": 4.204369325754507, "target_rescale": 3.8316951786624984},
{"mapping": [14, 13, 2, 1, 3, 8, 10, 5, 7, 4, 12, 0, 15], "R": [[-0.6138025986595611, -0.0183310981724744, 0.7892466919275374], [-0.08309054929634718, 0.9956777461950276, -0.04149441347485046], [-0.7850747292432749, -0.0910483199833015, -0.612672729058359]], "T": [0.10252432859986509, 0.08260323497573266, 0.037217300370331885], "aligned_model": [[0.4682457682632893, 0.510874162005265, -0.6656591067515291, -0.07262974496394518, 0.24113306880735585, -0.3699246630333804, -0.17997261574558637, -0.6713307069740116, 0.20990585477874985, 0.5258777284448055, 0.5687254661782448, 0.001854660160558616, 0.07192951029959008], [-0.04229741609719183, 0.49649892306212984, -0.2330454241333362, -0.517931294802702, -0.6862772853880104, 0.3564166118238208, -0.19263261287824338, 0.38389991359025744, 0.6942326413807168, 0.17074345331823948, -0.20432001605755304, -0.10637443369399918, 0.06907297906060085], [-0.6338911990604664, -0.2993397056676305, -0.2188791983707168, 0.24745229516719347, -0.3019566335002376, 0.5607536797173011, -0.6427420671201912, -0.0031725267112180378, 0.36888615027566, 0.6268512795187047, 0.05891083734583619, 0.6905375254946001, 0.015578539384830923]], "inverted": false, "swapped": false, "error_lsq": 0.04397950921234553, "error_max": 0.38338233744650413, "target": "351.xyz", "model": "23.xyz", "model_rescale": 4.410303926677745, "target_rescale": 3.8316951786624984},
{"mapping": [1, 7, 8, 4, 3, 15, 10, 11, 13, 12, 0, 5, 16], "R": [[0.2655994375976244, -0.36815219855789816, 0.8910223888572114], [-0.439621461460443, -0.8687839777029999, -0.22791965845432904], [0.8580150985683236, -0.33117723168047, -0.3925961434416422]], "T": [-0.039132536397056494, 0.13743715543368584, 0.07413918694642671], "aligned_model": [[0.3622010834228071, 0.4807510094625558, -0.667612619934769, -0.15510924854811187, 0.2934395892782615, -0.5794600461787404, -0.36886199466334524, -0.21436416523589652, 0.2152687546927879, 0.5684748265080886, 0.6622732332364284, 0.022970470541692115, 0.01905848888764803], [0.04425298926845844, 0.46877805777318343, -0.3914976534014031, -0.5367692380849819, -0.6041090636324719, 0.1849166822567727, -0.1582029965716965, 0.5253971029986209, 0.7296498602623159, 0.18786654782192697, -0.13888574190837977, -0.17667734541833063, 0.05326683782071524], [-0.6785781480131939, -0.17458797655523378, 0.043359000893191724, 0.15081717706310283, -0.31154976913936516, 0.5379344731886754, -0.4029974089559094, -0.39437169014252915, 0.354764772309763, 0.5980151300002243, 0.11954198218540416, 0.6155053572153002, 0.011136076424235891]], "inverted": true, "swapped": false, "error_lsq": 0.03974155558267836, "error_max": 0.26961733962643936, "target": "351.xyz", "model": "24.xyz", "model_rescale": 4.28219845311461, "target_rescale": 3.8316951786624984},
{"mapping": [0, 4, 14, 10, 6, 12, 2, 13, 9, 5, 1, 11, 15], "R": [[-0.4539223904573694, -0.585724365800423, -0.6714770515432078], [0.8370465425713236, -0.5386451280101863, -0.09599224781347537], [-0.3054628439120888, -0.6056305750030974, 0.7347816394076248]], "T": [0.09466664242649128, 0.14337360605017604, 0.04910559732779798], "aligned_model": [[0.42744146519300086, 0.3799792241507235, -0.5083870346735785, -0.06352945422800302, 0.1531698260554876, -0.5687015429715774, -0.23729691047576792, -0.3704862792430188, 0.11043123212905392, 0.5966968105406651, 0.7284190856958261, -0.13182595033125002, 0.12311890962784428], [-0.14308440772309491, 0.507520775983716, -0.3213846208265413, -0.5725374438421816, -0.6781936243720607, 0.25627639169688077, -0.025887485530002974, 0.4687380058195495, 0.5904969476821452, -0.041643329136916984, 0.05362969012878592, -0.028296039768061332, 0.1223511790725114], [-0.6384675956586628, -0.517147122193229, 0.027410483105386428, 0.35266808261407684, -0.3166836840387138, 0.4118941195110555, -0.5252905262746463, -0.1260720946367854, 0.5557671006594017, 0.7116877619771121, 0.03564197775823199, 0.5135490377800358, -0.015968564129597677]], "inverted": false, "swapped": false, "error_lsq": 0.04588704909900454, "error_max": 0.28786796359159716, "target": "351.xyz", "model": "25.xyz", "model_rescale": 4.100010024507729, "target_rescale": 3.8316951786624984},
{"mapping": [0, 1, 8, 9, 6, 2, 7, 11, 10, 3, 4, 12], "R": [[-0.02184603056257378, -0.18432389156079995, -0.9826227424340135], [0.8493269839355256, 0.5150756233788312, -0.11550227945755775], [0.5274148512391763, -0.8370912765050124, 0.1452988970762224]], "T": [-0.009111239030203399, 0.13222309032484494, 0.021604271330861714], "aligned_model": [[-0.6423245065428687, -0.2119052745540643, 0.556608503046219, 0.6626218418999432, -0.59311302253277, -0.05779010013808315, -0.10517239929679117, 0.557687081451426, 0.05433246183386016, 0.09553375071402599, -0.4809230107758422, 0.04121027725795186], [-0.2457622878706804, -0.5717970156531852, -0.3080961378837822, -0.39250033775311344, 0.40882113664537656, 0.7858367746703948, 0.15235744891319158, 0.32143427702486443, -0.2611352054609377, 0.5326054021272703, 0.1626767134717028, 0.08169062181953773], [-0.1705012534157009, 0.3071758608791818, 0.41509948559488385, -0.24337887733367428, 0.0837912213929346, 0.10483540664038865, 0.7276055903327884, -0.12451823541111548, -0.4676104431589607, -0.5094386401911065, -0.6447659220183249, 0.0868980965430621]], "inverted": true, "swapped": true, "error_lsq": 0.054605161106006384, "error_max": 0.2701100697368928, "target": "351.xyz", "model": "26.xyz", "model_rescale": 3.6694154284099745, "target_rescale": 3.8316951786624984},
{"mapping": [5, 8, 2, 6, 1, 11, 0, 10, 9, 3, 7, 12, 13], "R": [[0.553385832383685, 0.5374467355192228, -0.636329417044935], [-0.04565063810037834, 0.7823916572543544, 0.621111353864839], [0.8316730966900665, -0.3146653796313084, 0.4574992449211695]], "T": [0.045000278644257256, 0.0963915161394085, -0.049433681770341874], "aligned_model": [[0.4699372801144024, 0.25001574504964497, -0.5841052825700371, -0.03197520645308533, 0.33978969658275626, -0.5730245513663312, -0.1863339001501999, -0.30050126794012183, 0.22461858678892543, 0.5505546376518197, 0.6726168513808213, -0.1846809849712192, -0.007882222647968944], [-0.16714763320356046, 0.6202358581046572, -0.1585018377653778, -0.5190754174509626, -0.7112439238640964, 0.31262133919187063, -0.28856807718890426, 0.588257322069895, 0.5524707916816427, -0.10778002146044824, 0.08229844539538678, -0.09016138536498186, 0.07458057903960894], [-0.6625846919352901, -0.35260517837849303, -0.012215175786087697, 0.24461675634408422, -0.25060736001273815, 0.5050619830984432, -0.5344326017270112, -0.07367064025922429, 0.42447822277571484, 0.5468548336784346, -0.00440760375041032, 0.6868932465989394, -0.0483928141726952]], "inverted": false, "swapped": false, "error_lsq": 0.04655889687822998, "error_max": 0.3030027546147177, "target": "351.xyz", "model": "27.xyz", "model_rescale": 4.103607728864725, "target_rescale": 3.8316951786624984},
{"mapping": [6, 11, 1, 0, 9, 4, 5, 8, 13, 12, 10, 2, 14], "R": [[0.3739230486218008, 0.8043787205334414, -0.46168866962744765], [-0.8127229321960543, 0.04434869223528581, -0.5809600924157078], [-0.4468366471005106, 0.5924593382249993, 0.6703200305510569]], "T": [0.18942398901915053, 0.014340638020551699, 0.0031558219019564224], "aligned_model": [[0.3420843332783885, 0.35506663704483643, -0.6575561459155423, -0.1549159641469659, 0.42933506324009535, -0.40427000831952636, -0.15079289806325874, -0.38112827136345423, 0.22261544104067332, 0.44183710231289275, 0.6798526532674085, -0.14558982064724518, 0.06249125974110342], [-0.01396650849434843, 0.5622121459548959, -0.2635547923137968, -0.5978969434894466, -0.6414396808391055, 0.45303999561038716, -0.3410915696149699, 0.5925100408939498, 0.5939920269716398, 0.10962410473987937, -0.11670496807051599, -0.0916254921109219, -0.057112320052917526], [-0.6109783552928195, -0.3769238505459056, 0.09403823439285605, 0.1307758885920807, -0.424066340345591, 0.5291592423364686, -0.5381951048555061, -0.10851439149417974, 0.29086249153872107, 0.818325925826311, -0.04247367199888009, 0.6495749064205439, 0.057404001899566445]], "inverted": true, "swapped": false, "error_lsq": 0.04256973906086147, "error_max": 0.24799865539004495, "target": "351.xyz", "model": "28.xyz", "model_rescale": 4.137296879288765, "target_rescale": 3.8316951786624984},
