[{"mapping": [12, 10, 13, 6, 15, 9, 3, 4, 1, 0, 5, 16], "R": [[-0.8432238195952927, 0.4803942328932387, -0.24123633861846405], [-0.531827901016334, -0.8108849135955921, 0.2441817777878398], [-0.07831138976985363, 0.3341961069581546, 0.939244530634237]], "T": [-0.02990327927351457, -0.011001182485823727, -0.10927482205564885], "aligned_model": [[-0.17236509161201383, 0.15338268498291163, 0.3207667732475307, -0.12535905616135007, -0.20374014652150893, -0.5926025338773242, 0.5350779356299972, -0.2526621392504319, 0.608035991899514, 0.10257442028622576, -0.5251639740399708, -0.010302402123030546], [-0.41558565515838974, -0.6520329909990522, -0.27182869646023355, 0.6327384920273867, 0.3751008835831931, -0.4065007386907316, -0.3328768516065978, -0.42572022557228484, 0.21916680534239286, 0.22629852136146383, 0.09112553576307607, 0.013669956386834298], [-0.4111264504198559, 0.08769430434747187, -0.700287207912534, -0.11891829118804452, -0.6660176746563992, -0.07553036146180461, 0.5400960649992121, 0.635740910575136, 0.16962702455512202, 0.5192745167407573, 0.27379286483322074, -0.07239395505871943]], "inverted": true, "swapped": true, "error_lsq": 0.0418885405685439, "error_max": 0.19275606135187892, "target": "352.xyz", "model": "0.xyz", "model_rescale": 3.751011558992144, "target_rescale": 4.119838060318227},
{"mapping": [1, 7, 0, 3, 15, 5, 13, 8, 6, 9, 11, 12, 10, 4, 16], "R": [[-0.014667572818943542, 0.7441766499707204, -0.6678218145178827], [0.35891435175976805, 0.6273008118242298, 0.6911397684879146], [0.9332552439758734, -0.22955349076635362, -0.2762966602558112]], "T": [-0.004888597854037655, -0.03173059679860639, 0.035579987492759965], "aligned_model": [[0.053949370079643774, 0.06132853558289429, -0.35180242742028933, 0.2942380158986014, -0.18001658767002587, -0.4899105179797964, 0.6022461821574532, 0.604288405560861, -0.540345552075313, -0.01632979540049681, -0.22656081675617568, 0.34034955950518314, 0.5044525799506505, -0.08968255991309064, -0.02711818043106522], [-0.029408757798916524, -0.5180267732792435, 0.3421806801584264, 0.5836092136378352, -0.6699369121997645, 0.31548449622303953, -0.44315150884850824, 0.04816699416262228, -0.3653904590704589, 0.3007714347202562, -0.2403087943465464, -0.04378951828005988, 0.44134297379102455, 0.8446970000228676, -0.01748271906546805], [-0.6953528130858279, -0.41667681658368755, -0.42134113638759807, -0.5779103996830579, 0.2620298758223187, 0.25156445747781303, 0.08473596419811204, -0.4177196771269274, -0.12430283480327393, 0.6384900444210416, 0.7239220963116146, 0.4302489198456189, 0.04481699876628649, 0.0722745074135168, -0.005112781733973622]], "inverted": true, "swapped": true, "error_lsq": 0.03613109035072335, "error_max": 0.2823334433843733, "target": "352.xyz", "model": "1.xyz", "model_rescale": 3.9405287249114394, "target_rescale": 4.119838060318227},
{"mapping": [1, 10, 13, 5, 9, 7, 0, 4, 11, 15, 14, 6, 16], "R": [[0.7250926712812815, 0.3956583149647927, 0.5636444942101329], [-0.5785402165803921, 0.7939436627649379, 0.18693495701582338], [-0.3735396041295871, -0.4616361750931306, 0.8045869785126378]], "T": [-0.07432117322203746, 0.02571447647798949, -0.07417413636076602], "aligned_model": [[-0.3920876156843666, 0.30730216019577405, -0.47885990029887027, 0.3752990479527882, 0.48466018967162383, -0.7116806816128876, 0.09703932928923634, 0.736347354601503, 0.05498718010289322, -0.5338070700253406, 0.026885725346984496, -0.39313100375060944, -0.07697143650479717], [0.6202222681782644, 0.4587377688426926, 0.10312060100773449, -0.2258647942957813, -0.3067470516525351, 0.20305548032383716, 0.37157940437486103, 0.3248292738797421, -0.6996409805799373, -0.5004007033846787, -0.6980638576412739, -0.24462928765727718, 0.05263447217636874], [0.2144692942262832, -0.46168777565087826, -0.6829867743683656, 0.2959655701378354, -0.30044434421277855, 0.013734465450742514, 0.4914660243934241, 0.09905609262907496, -0.2277876337339257, -0.11067336808305615, 0.39121225409838706, 0.42470471820420763, -0.033908173502306516]], "inverted": true, "swapped": true, "error_lsq": 0.0395989419705529, "error_max": 0.21522858914994122, "target": "352.xyz", "model": "2.xyz", "model_rescale": 3.932901565614263, "target_rescale": 4.119838060318227},
{"mapping": [7, 15, 13, 6, 8, 10, 12, 0, 2, 4, 11, 14, 9, 16], "R": [[-0.7028768900444271, 0.4529630649474457, 0.5484419196550265], [0.27095945099174984, 0.8833976472462803, -0.3823474503092522], [-0.657681574441404, -0.12013766533919593, -0.7436544143667295]], "T": [-0.010811654785406802, -0.14498494936144457, -0.030104805533733802], "aligned_model": [[-0.22195372618881073, 0.4545403523298701, 0.2145095983970408, -0.029535612298510625, -0.44532120467682207, -0.18717848859474, 0.36038842645191305, -0.5874776156392015, -0.2348005672348432, -0.3391083025052594, 0.6981221714059975, 0.38992320538396497, 0.4018779657638845, -0.05417629054177964], [0.05353869710066633, 0.22598400654884643, -0.5451032111129088, 0.4956973672447249, -0.6589272160855665, -0.7924484402417079, -0.5155194977536683, 0.09667506850983729, 0.6236291109604437, -0.4129516602964761, 0.03002085245510372, 0.5440706533618674, -0.3572066492674788, -0.12396244307319525], [-0.6312805571510127, -0.39764556379598787, -0.6040663264519129, -0.14315856700915333, -0.39069547374759, 0.1515490655628406, -0.033712739265025674, 0.2491666877896483, 0.3553784184551063, 0.7426027647609532, 0.15222482812655572, 0.309448362443923, 0.47865669644003644, -0.02457123310128384]], "inverted": false, "swapped": true, "error_lsq": 0.04291611335724632, "error_max": 0.27793365602574077, "target": "352.xyz", "model": "3.xyz", "model_rescale": 3.9243930471874484, "target_rescale": 4.119838060318227},
{"mapping": [4, 0, 3, 10, 8, 5, 9, 1, 7, 6, 13, 11, 16], "R": [[0.433580341457465, -0.8029830457871797, 0.4089331432886953], [0.7838614824618434, 0.5599366774143627, 0.2683879535278837], [-0.44448764191409146, 0.20417919939236798, 0.8722050164503425]], "T": [-0.06473705253325765, -0.007091505297500522, 0.03643489793076628], "aligned_model": [[-0.09919433910506212, -0.1270219951172378, 0.529894285317956, 0.40853546320163814, 0.6905132849358258, -0.5701833667167385, -0.33997855755034057, 0.3349274702331555, 0.17676763296144193, -0.4800822905214245, 0.4173989174702776, -0.6004396208795134, -0.06393099791862605], [-0.7243266973342919, 0.007050939679050711, -0.25363391850994627, -0.514079526425754, 0.02962541714250464, -0.29577058089277297, -0.5953706349488883, 0.3642698688355849, 0.6149532565705653, 0.471415291967553, 0.1663003974956439, -0.15040028896179536, 0.0077960290641337655], [-0.47449387496248785, -0.6453688412826866, -0.619400964959386, -0.011404764041044062, -0.06944063198363119, -0.215839337557175, 0.2652553914257076, -0.45355393399547744, 0.024573280404431866, -0.11231034949662515, 0.563479746584042, 0.5452999553776481, -0.009725360142352542]], "inverted": false, "swapped": true, "error_lsq": 0.045027493079706805, "error_max": 0.21882235148574558, "target": "352.xyz", "model": "4.xyz", "model_rescale": 3.8936222436046832, "target_rescale": 4.119838060318227},
{"mapping": [2, 0, 6, 14, 7, 8, 10, 12, 11, 5, 15, 16], "R": [[0.870578076641624, -0.49154306504851597, 0.021891269348335768], [-0.15521866859572975, -0.3165853696177971, -0.9357782155315073], [0.46690574786603345, 0.8112700653584315, -0.3519089422890342]], "T": [-0.15587485483883437, -0.0012704341756482294, 0.10884337732897789], "aligned_model": [[0.02298495575306725, -0.4323057818191268, -0.09873772956824811, 0.49607543357729256, -0.6070112559987977, -0.8105550029927031, -0.3385427573971429, 0.07095382670065961, 0.5600327450914575, 0.24005640461040886, 0.10886468910199867, -0.1842674848437682], [-0.47389764016191654, -0.5591976524138362, 0.05988694286415938, -0.09058037966355939, 0.3785564485457641, 0.08081954141773179, -0.2263503753183918, 0.21834884831926782, 0.22814487795366298, -0.4638205308422678, 0.547410637147432, -0.030397812738238928], [-0.622025020481636, -0.1761810486170524, -0.5366027432186369, -0.45477614039028214, -0.20358642849035266, 0.4930516177346086, 0.7407324644679188, 0.5276685067518727, 0.07274325515199861, -0.06931307347724239, -0.2348406659508023, 0.08241399579512422]], "inverted": true, "swapped": true, "error_lsq": 0.0441949040691475, "error_max": 0.23711340737251319, "target": "352.xyz", "model": "5.xyz", "model_rescale": 3.6523030999806103, "target_rescale": 4.119838060318227},
{"mapping": [3, 8, 7, 0, 6, 10, 13, 5, 12, 11, 15, 14, 16], "R": [[0.4228797646067175, 0.5237836124955777, -0.7394751057116458], [0.48518623523690063, 0.5583391013415191, 0.6729426164613056], [0.7653541806397939, -0.643356957834628, -0.018022291279485306]], "T": [0.053558135098903475, -0.06286977734498511, 0.02249726207915239], "aligned_model": [[0.10370707327297005, -0.26148251783130494, 0.19702252974227163, 0.5881827901846789, 0.5896668744942165, -0.38323230482062653, -0.515332438925939, 0.3863994327493201, -0.4386732118288812, -0.08788394925268306, 0.0791962736267893, 0.5305306320258242, 0.09298172122765877], [-0.574376457268664, -0.05406552743582546, 0.48375780083480857, -0.3837033599546851, 0.267493404081809, -0.5113569913350375, 0.3623109783172912, -0.4562864350531079, -0.09151763630687088, 0.03894771787958612, 0.530032625951083, 0.0018262826640237373, -0.07223549821122752], [0.784295312033128, 0.7179343222507607, 0.3774918466810007, 0.30565455418424886, -0.14198118113477476, 0.32479792608355196, 0.21191995823136137, -0.347494466362699, -0.1563489576941214, -0.7096814253592392, -0.3477271182335878, -0.6979151633256465, 0.04916413212780614]], "inverted": false, "swapped": true, "error_lsq": 0.04350510636077381, "error_max": 0.20897380406491087, "target": "352.xyz", "model": "6.xyz", "model_rescale": 4.08911054899281, "target_rescale": 4.119838060318227},
{"mapping": [11, 6, 15, 9, 10, 8, 12, 13, 4, 5, 3, 0, 1, 7, 16], "R": [[0.5307185357467478, 0.6136406990557803, 0.584622038822658], [0.4963831013578601, -0.7841450162158301, 0.3724518898196491], [0.6869800961463006, 0.092529379151753, -0.7207611681358886]], "T": [0.06292405524747569, -0.10938165707735353, -0.0642476849084267], "aligned_model": [[0.14739434481518826, 0.4518747261101925, 0.6545845824107479, -0.3783881419940516, -0.4319923699097834, 0.03650335394620441, -0.021576452487177294, 0.42093169349068577, -0.797637513120893, -0.29047947357373183, -0.4389255176537121, -0.19489429914091777, 0.1982102329232165, 0.6226106859805923, 0.05811768800299358], [-0.6791789935195227, -0.49132619063559263, -0.4147163947246724, -0.4260421590807887, 0.33989014626206826, 0.6514951478819142, -0.03347313650844043, 0.3506088167700467, -0.15103869677691878, -0.6137358987880175, 0.5079054870874564, -0.13267980574848456, 0.3351049796555341, 0.1631994253160577, -0.10525391102152679], [-0.5486587308831125, 0.2913381968430333, -0.27864261101933674, -0.487519122342515, -0.2553626759710317, -0.00654788687576946, -0.5762983950400075, -0.512059490186709, 0.12111766879876734, 0.08802384816460482, 0.3957456371604481, 0.569726016468065, 0.5030787962858999, 0.17628365557256295, -0.016154874892819186]], "inverted": false, "swapped": true, "error_lsq": 0.042317846466319316, "error_max": 0.2354844727237391, "target": "352.xyz", "model": "7.xyz", "model_rescale": 3.964800864290218, "target_rescale": 4.119838060318227},
{"mapping": [12, 15, 13, 9, 8, 14, 10, 7, 6, 0, 5, 3, 1, 16], "R": [[0.9204674254113984, 0.17898968674219862, 0.3474225248835223], [0.206938544861684, -0.9773298318347811, -0.04475308320470886], [0.3315360574764695, 0.11308886702822876, -0.936640139406395]], "T": [-0.025279641693689587, -0.061187740182772336, 0.027178831873331998], "aligned_model": [[-0.2632018422696682, 0.22731068902056004, 0.28832849821824186, -0.6888579753067084, 0.31585056453732335, -0.28700670633286707, -0.29773939146988754, 0.6406921642639217, 0.25781878391829144, 0.010336625160399942, -0.47275336029102766, 0.031094255915704205, 0.5074417616508696, -0.008126177554280353], [0.004120453194342628, -0.6448042400523173, 0.10855132689456462, -0.13891850534140407, 0.6058803259877842, -0.8462418055787873, 0.5611396214468871, -0.09746814437164589, -0.5576250709932212, 0.10524963886065075, -0.2959410384741822, 0.762622130398053, 0.2955333495133955, -0.051149575302917576], [-0.4356669690145368, -0.26410551660606785, -0.6155767217441572, -0.13958675815636892, -0.11982868483089948, 0.2838331981396494, -0.1204243547254516, 0.003300331183731263, 0.3386444453435132, 0.6904780418989318, 0.41073069955905567, 0.430477169735194, 0.3831114476212358, 0.07142871032119211]], "inverted": false, "swapped": true, "error_lsq": 0.04520738571636905, "error_max": 0.28020503502522953, "target": "352.xyz", "model": "8.xyz", "model_rescale": 4.121658175737393, "target_rescale": 4.119838060318227},
{"mapping": [11, 12, 13, 7, 9, 5, 10, 0, 8, 4, 6, 1, 16], "R": [[-0.7430854977129872, 0.6325684448738367, -0.21836003672498866], [-0.6193872169982246, -0.773662917087692, -0.13343600017445498], [-0.25334446610857025, 0.036095058848255784, 0.9667025024374897]], "T": [-0.07993045427956638, 0.05796583068685953, -0.08145636633684375], "aligned_model": [[-0.7504630419023327, -0.17025008790115276, 0.2713275698494191, 0.3237594676445248, -0.5633128547380769, -0.5596063927993512, 0.22262985906334612, 0.05026226569755857, 0.6534780142492299, -0.17993665947784554, -0.2845214959577548, 0.5258723454199726, -0.06250149271233989], [0.08038711481107252, -0.24075007032781917, 0.07923386279915881, 0.5797399481195933, -0.4217288789458612, -0.0666618120740298, -0.5670137090467786, 0.09068834175294235, -0.13203859720022448, -0.6158926082058701, 0.6386789084144122, 0.29376449106432456, 0.07198044825078935], [-0.42254525629468354, -0.5030124638044079, -0.7267947189182649, -0.18240741471152067, -0.183551807900507, 0.3145648701698114, -0.11566444548965298, 0.5900455730218885, -0.17617261704827974, 0.47762806335069785, 0.12954220570043043, 0.2578547239755068, -0.03841127809192929]], "inverted": true, "swapped": true, "error_lsq": 0.04388408417981372, "error_max": 0.24745247338438356, "target": "352.xyz", "model": "9.xyz", "model_rescale": 3.833441315466971, "target_rescale": 4.119838060318227},
{"mapping": [1, 3, 5, 9, 4, 0, 10, 12, 15, 11, 7, 13, 8, 2, 16], "R": [[-0.5770186337388217, 0.09659204970585478, -0.8109990581078411], [0.8074602139955424, -0.08172220662529756, -0.5842341001332987], [-0.12270900183954159, -0.9919634352524866, -0.0308390011127066]], "T": [-0.016604525177270173, 0.06724269630778794, 0.15190529992430174], "aligned_model": [[0.2643817512331692, -0.05911963964699362, -0.6364523678399057, -0.46174746303106406, -0.7013467406840737, -0.3429294937065209, -0.03740334238761425, 0.07379503107646795, 0.24947713675644434, -0.23870136857133056, 0.5206317441952857, 0.6353391537171749, 0.45836423058834175, -0.5736371707362159, -0.02680644266863296], [-0.5969666803544451, -0.5123089894436492, 0.057546083170624526, 0.5716325788135738, -0.07023970023482255, -0.5313395246574744, 0.15941414081132618, 0.5473715370375964, 0.32854479200892067, 0.6740647752063551, -0.2536700027239133, 0.37389467395426784, -0.17581070321964093, -0.39086498118049323, 0.019833540106752853], [0.019230235230415976, -0.5599953793171955, 0.2866216788074103, 0.004841878179040859, -0.3855782116440862, 0.08750730859904418, -0.5368502408853086, -0.03888931629221734, 0.7436640596602007, 0.5377786633664393, 0.38384737744492053, 0.0061996988908796236, -0.39425452878878736, 0.6709312243341581, 0.15306746023717788]], "inverted": true, "swapped": true, "error_lsq": 0.04636682087888664, "error_max": 0.2997379794756323, "target": "352.xyz", "model": "10.xyz", "model_rescale": 4.2482417240324, "target_rescale": 4.119838060318227},
{"mapping": [9, 4, 0, 3, 15, 7, 6, 8, 10, 13, 12, 16], "R": [[-0.7827890627811034, 0.5852281934889181, 0.21154017286553245], [-0.525308989726645, -0.4392061054341824, -0.7287993292132681], [-0.33360417938427195, -0.6816200983649435, 0.6512313667217752]], "T": [-0.1254642865004161, 0.09574722604915226, 0.04543724215937151], "aligned_model": [[-0.6083862779473399, 0.0183809821739859, 0.27724881815564595, 0.675423136180495, -0.5363892489310832, 0.1993650025998446, -0.21907180766482726, 0.49788645935491815, 0.1316496620050749, -0.08083536832646004, -0.3871289458448792, -0.09137680939236778], [-0.34133528166451405, -0.7735315548347796, -0.23831007194038395, -0.3342552066743801, 0.6414441861247611, 0.6625117223240633, 0.35899234707594757, 0.20575129540424297, -0.278462034748304, 0.5863938070204708, 0.09104563899337381, 0.08588654297014137], [-0.1780225312639487, 0.027415698133270057, 0.48721053087911326, -0.08934967324261722, 0.19581067324004836, 0.1820711894733495, 0.6332681775630672, -0.3815215203015986, -0.48103422676605245, -0.5000628130754643, -0.4091041422908614, 0.07851092750605054]], "inverted": true, "swapped": true, "error_lsq": 0.04131156930978802, "error_max": 0.21382051030044916, "target": "352.xyz", "model": "11.xyz", "model_rescale": 3.6694154284099745, "target_rescale": 4.119838060318227},
{"mapping": [5, 4, 10, 3, 0, 14, 6, 15, 8, 13, 12, 7, 9, 16], "R": [[-0.9341986433553109, 0.25538317109581865, 0.24910305231799285], [0.17553817185589898, 0.9369300692656782, -0.30223897089439056], [-0.3105788868783352, -0.23862414217102013, -0.9201082946037162]], "T": [0.024774037812413635, 0.01775502833219375, 0.043284158782213054], "aligned_model": [[-0.21021379896073117, -0.017633738175507674, 0.033204732975651886, 0.6472157819437037, 0.4673047071350044, -0.3901732802877793, 0.16549799201681856, -0.20619552104174385, 0.5003014490755407, -0.0004372832186390896, -0.3566712166134858, 0.480613767787459, -0.579113860400204, 0.06456511801972242], [-0.2566876451372493, 0.33017028711399043, 0.6837096047324817, 0.5380254728195781, -0.14278070925939465, -0.718062982489189, -0.6148714329143331, -0.41393676672669544, 0.5845695138522427, 0.3818553635116174, 0.3346653802648569, -0.15233817301724512, 0.17386042497117898, 0.0028089504144149773], [-0.47817131452960737, -0.7796739950021772, -0.1560792945529814, -0.38842779180047377, -0.4540393227596049, -0.14925930081934316, 0.10316821028438478, 0.5428358805497701, 0.23184675480092298, 0.6813213467513248, 0.21406388756320108, 0.5001028758732604, -0.2485026645036643, 0.019910187797402917]], "inverted": true, "swapped": true, "error_lsq": 0.042351891241687076, "error_max": 0.26031191030764367, "target": "352.xyz", "model": "12.xyz", "model_rescale": 3.9764082729961374, "target_rescale": 4.119838060318227},
{"mapping": [3, 9, 4, 2, 1, 8, 7, 0, 5, 10, 11, 14, 12, 15, 6, 16], "R": [[0.4777056464289787, -0.15305093137200265, 0.8650853875635829], [0.855314149587636, 0.30585679192851967, -0.41819771442031295], [-0.20058669169476584, 0.9396951820869132, 0.27701614371294714]], "T": [0.055247581009111854, -0.0376579671508228, 0.03261950062474021], "aligned_model": [[-0.0016838763854478273, -0.32249763803640746, -0.6030043503230006, -0.5809613908409631, 0.27162780156723104, 0.5367053056050439, 0.5383684687481954, -0.3283406045014945, -0.5696500056950703, 0.09031212910927702, -0.12570788735145882, -0.4677266677438947, 0.2090758936390968, 0.3078431781000768, -0.055488743636018995, 0.039968701554229547], [0.2028790773957163, -0.6103585199077063, -0.21058263345003697, 0.5149200962126687, 0.5493560023417674, 0.02681966477083053, 0.41314720841309793, 0.4408271777429683, -0.05293609433748446, -0.3964998278981552, -0.4649714783623413, 0.043198891172086126, -0.5387234227290212, -0.008202818621117755, 0.4319221513551498, 0.004668643244820442], [-0.85247428416869, 0.09187880429044637, -0.5272584244151743, 0.3144555356318604, -0.34990403608945336, -0.5564491939126351, 0.1262880565478242, -0.2720899210883058, 0.1408944287484272, -0.5617838619305872, 0.6251704077247316, 0.7186533986840073, 0.05181920135823156, 0.6842210079240502, 0.4694690732336036, 0.014506750314360991]], "inverted": false, "swapped": true, "error_lsq": 0.042059202019631675, "error_max": 0.2921588901315102, "target": "352.xyz", "model": "13.xyz", "model_rescale": 4.170626492500431, "target_rescale": 4.119838060318227},
{"mapping": [8, 10, 13, 12, 7, 14, 11, 3, 1, 4, 0, 5, 6, 16], "R": [[-0.9317954069847868, 0.25380638231553915, 0.25949882430938687], [-0.27876094142093705, -0.9582430772388469, -0.06373807701788733], [0.23248582120243058, -0.13172898397742108, 0.9636378042190478]], "T": [-0.09203478473742785, 0.08823518540463432, 0.016071153562680907], "aligned_model": [[0.3792123299674758, -0.08441916685624773, -0.1251120822315728, -0.4764848391309724, 0.3599537314246174, -0.5019563883239009, -0.7874204492442775, 0.5324761428786793, 0.6403094463761614, -0.1275750591771203, 0.35608508396634586, -0.32067612961049163, 0.05074145605269298, -0.051951053999746304], [-0.36705600398567767, -0.6039617091977938, -0.01090322918569911, -0.14177178561582313, 0.4167079986049483, 0.6987738700279904, 0.3758623389617046, -0.5558239312346032, 0.06379436696975377, -0.5092050122906631, 0.05110838638746697, 0.14785264661405595, 0.6973454533762893, 0.09335107849371639], [-0.37584327870684203, -0.04809910779099856, -0.7115094846901728, -0.25668023141533614, -0.3489177354457896, 0.4742078134956012, 0.029020826668883143, 0.21522994468716353, -0.012294845757662404, 0.662959038234133, 0.532545688942405, 0.6048179317558291, 0.19552921801753276, 0.042907323126120236]], "inverted": true, "swapped": true, "error_lsq": 0.048376779378862304, "error_max": 0.2979658579052174, "target": "352.xyz", "model": "14.xyz", "model_rescale": 3.9786697098870705, "target_rescale": 4.119838060318227},
{"mapping": [14, 0, 15, 11, 7, 13, 4, 10, 12, 9, 1, 16], "R": [[0.43996188515122947, -0.24558435264386763, -0.8637834597575187], [-0.7931414359312152, 0.34482438676627125, -0.5020187296309123], [0.4211415465412391, 0.905971560275353, -0.0430735388503897]], "T": [0.007593765625103707, 0.04920737265076729, -0.047455812126669675], "aligned_model": [[0.07583070350490127, -0.6710851808414777, 0.4780438574946897, 0.5310969049668893, 0.0025780127043244366, 0.5216617208816632, -0.5192289000803083, -0.06904588391052316, 0.4270662826946577, 0.23137045491473546, -0.48674488895883106, -0.038188486603383885], [-0.6103488421739314, -0.00444657695603002, 0.05444725076705483, -0.46646649369226895, 0.5989711320185619, 0.5530306767705326, -0.3909457137695516, 0.15382907594627393, -0.006064625577768497, -0.5061667793908888, 0.5812634939416633, 0.05757189234079165], [-0.6051400646189917, -0.12129281465692332, -0.5650521031649706, -0.21019247845805356, -0.4257936875266364, 0.10151510322801809, 0.5051606694207609, 0.6355471339092607, 0.26252190107831047, 0.2926509112489711, -0.1488246177307374, -0.061133458855178166]], "inverted": true, "swapped": true, "error_lsq": 0.046434934562573256, "error_max": 0.23448541960084565, "target": "352.xyz", "model": "15.xyz", "model_rescale": 3.769337070930944, "target_rescale": 4.119838060318227},
{"mapping": [7, 13, 6, 15, 1, 8, 0, 10, 5, 11, 16], "R": [[-0.17012961740032345, 0.6686645197767628, 0.7238395355843246], [-0.12579214265852834, -0.7432751801949757, 0.6570527705987569], [0.9773598365640956, 0.020730810351682782, 0.21056586469218258]], "T": [0.0028900171289777746, 0.042984579254427766, 0.09931583826416157], "aligned_model": [[-0.181895476803649, -0.3654223474401903, -0.21065465186083834, -0.664043394556048, 0.38029642227721505, 0.3138797941869178, 0.5522239095776375, 0.41287856157598424, 0.1822891413196264, -0.5325240931986609, 0.035598265613176104], [0.0633165233322127, -0.5408627182202062, 0.6127593511204504, 0.22388071213528687, 0.07838798947143874, -0.5065593009639783, 0.4236648998634237, -0.48959032492143306, 0.47558727637188625, 0.1860812320604368, 0.06939885737582391], [-0.5416567275573612, -0.1532004054796136, -0.13168406232368116, -0.009003500943125242, -0.5284110611647646, -0.32992502040988747, -0.049850276307100067, 0.2770395728621443, 0.5272465987681955, 0.6085440526399091, 0.07511843713906115]], "inverted": true, "swapped": true, "error_lsq": 0.03816482814888199, "error_max": 0.16987649232809654, "target": "352.xyz", "model": "16.xyz", "model_rescale": 3.7852294659196426, "target_rescale": 4.119838060318227},
{"mapping": [13, 11, 6, 15, 12, 9, 4, 5, 7, 8, 10, 0, 16], "R": [[0.9835916297140459, 0.07942475860234743, -0.1619852267258535], [-0.0006371745889913391, -0.8963414213257075, -0.44336401570758294], [-0.1804081482777606, 0.436192347636647, -0.8815833119440386]], "T": [0.04882965723504257, 0.04948872122281503, 0.011490691296780714], "aligned_model": [[0.029278919936867903, -0.5067277644819481, 0.3787411757289445, 0.047375267758925366, -0.37318564950748473, -0.6155722318347852, -0.22781323332930847, -0.18202433852725547, 0.607309633201518, 0.36059734569146656, -0.1753646841841701, 0.4246355108591517, 0.08651589890436143], [-0.09890437078331682, -0.4395228460012187, -0.38667263841395116, -0.644229636424353, 0.03775393256976331, 0.1366143132265974, 0.7675669027083276, 0.10051090990021888, -0.20031842737312153, 0.49341144667801096, 0.6464647599074725, 0.39542440970552817, 0.06695686800291639], [-0.7081574011299197, 0.14817256352128833, 0.3643748489255939, -0.07800450842895007, -0.2997387171126918, 0.1701358920724943, 0.4410186562057147, 0.6001816492725088, -0.2551577698061971, -0.5258121606724351, -0.2654007449867138, 0.46759837753315225, 0.03654401174932893]], "inverted": false, "swapped": true, "error_lsq": 0.03970023141298715, "error_max": 0.2377127309944607, "target": "352.xyz", "model": "17.xyz", "model_rescale": 3.901054581598922, "target_rescale": 4.119838060318227},
{"mapping": [1, 7, 0, 3, 15, 5, 13, 8, 6, 9, 11, 12, 10, 4, 16], "R": [[-0.014667572818943542, 0.7441766499707204, -0.6678218145178827], [0.35891435175976805, 0.6273008118242298, 0.6911397684879146], [0.9332552439758734, -0.22955349076635362, -0.2762966602558112]], "T": [-0.004888597854037655, -0.03173059679860639, 0.035579987492759965], "aligned_model": [[0.053949370079643774, 0.06132853558289429, -0.35180242742028933, 0.2942380158986014, -0.18001658767002587, -0.4899105179797964, 0.6022461821574532, 0.604288405560861, -0.540345552075313, -0.01632979540049681, -0.22656081675617568, 0.34034955950518314, 0.5044525799506505, -0.08968255991309064, -0.02711818043106522], [-0.029408757798916524, -0.5180267732792435, 0.3421806801584264, 0.5836092136378352, -0.6699369121997645, 0.31548449622303953, -0.44315150884850824, 0.04816699416262228, -0.3653904590704589, 0.3007714347202562, -0.2403087943465464, -0.04378951828005988, 0.44134297379102455, 0.8446970000228676, -0.01748271906546805], [-0.6953528130858279, -0.41667681658368755, -0.42134113638759807, -0.5779103996830579, 0.2620298758223187, 0.25156445747781303, 0.08473596419811204, -0.4177196771269274, -0.12430283480327393, 0.6384900444210416, 0.7239220963116146, 0.4302489198456189, 0.04481699876628649, 0.0722745074135168, -0.005112781733973622]], "inverted": true, "swapped": true, "error_lsq": 0.03613109035072335, "error_max": 0.2823334433843733, "target": "352.xyz", "model": "18.xyz", "model_rescale": 3.9405287249114394, "target_rescale": 4.119838060318227},
{"mapping": [1, 0, 4, 2, 7, 10, 3, 13, 8, 12, 5, 9, 6, 15, 14, 16], "R": [[-0.8527090121827184, -0.2190286569237485, -0.47425076487924783], [-0.44199641706195925, -0.1813852694503143, 0.878486511752359], [-0.27843582356938795, 0.9587105045177173, 0.05785897234328374]], "T": [0.06429216535534785, 0.10812729615419359, -0.027079957572795507], "aligned_model": [[-0.3928429827981825, 0.12955612923377618, 0.7768537010233645, 0.1858696535930338, -0.599660027813023, 0.3501460772560352, 0.11215273146273935, -0.3237200386889947, -0.25389507233861597, 0.2401216069497926, 0.5454133647210726, 0.6931038381940978, -0.2022712009653362, -0.259644919316547, 0.31201167971200316, 0.05397055774617123], [-0.2990569198838764, -0.5454949899837725, -0.2233709051864648, -0.6557269698142629, 0.040768219835567776, 0.3197072880553906, -0.26034733405987964, 0.7102112976680672, 0.23891324461022911, 0.6012298014049418, -0.2224479865603649, 0.35857880952766075, -0.2612299843445829, 0.33545590839768996, -0.14732910647251207, 0.0624917557838055], [-0.43076117697825045, -0.2206110499344736, -0.4258616480482949, 0.4102774446936082, -0.033007594382307055, -0.6244356380959828, -0.8675715289884125, -0.1921178400456524, -0.7087050377528196, -0.059209318485409994, 0.2213073389588679, 0.09964398752600785, 0.43781222504471706, 0.5496722708486478, 0.7628943928000131, -0.03988307048538081]], "inverted": false, "swapped": true, "error_lsq": 0.03708378675799265, "error_max": 0.26167343709834523, "target": "352.xyz", "model": "19.xyz", "model_rescale": 4.410303926677745, "target_rescale": 4.119838060318227},
{"mapping": [12, 15, 13, 9, 8, 14, 10, 7, 6, 0, 5, 3, 1, 16], "R": [[0.9204674254113984, 0.17898968674219862, 0.3474225248835223], [0.206938544861684, -0.9773298318347811, -0.04475308320470886], [0.3315360574764695, 0.11308886702822876, -0.936640139406395]], "T": [-0.025279641693689587, -0.061187740182772336, 0.027178831873331998], "aligned_model": [[-0.2632018422696682, 0.22731068902056004, 0.28832849821824186, -0.6888579753067084, 0.31585056453732335, -0.28700670633286707, -0.29773939146988754, 0.6406921642639217, 0.25781878391829144, 0.010336625160399942, -0.47275336029102766, 0.031094255915704205, 0.5074417616508696, -0.008126177554280353], [0.004120453194342628, -0.6448042400523173, 0.10855132689456462, -0.13891850534140407, 0.6058803259877842, -0.8462418055787873, 0.5611396214468871, -0.09746814437164589, -0.5576250709932212, 0.10524963886065075, -0.2959410384741822, 0.762622130398053, 0.2955333495133955, -0.051149575302917576], [-0.4356669690145368, -0.26410551660606785, -0.6155767217441572, -0.13958675815636892, -0.11982868483089948, 0.2838331981396494, -0.1204243547254516, 0.003300331183731263, 0.3386444453435132, 0.6904780418989318, 0.41073069955905567, 0.430477169735194, 0.3831114476212358, 0.07142871032119211]], "inverted": false, "swapped": true, "error_lsq": 0.04520738571636905, "error_max": 0.28020503502522953, "target": "352.xyz", "model": "20.xyz", "model_rescale": 4.121658175737393, "target_rescale": 4.119838060318227},
{"mapping": [3, 8, 7, 0, 6, 10, 13, 5, 12, 11, 15, 14, 16], "R": [[0.4228797646067175, 0.5237836124955777, -0.7394751057116458], [0.48518623523690063, 0.5583391013415191, 0.6729426164613056], [0.7653541806397939, -0.643356957834628, -0.018022291279485306]], "T": [0.053558135098903475, -0.06286977734498511, 0.02249726207915239], "aligned_model": [[0.10370707327297005, -0.26148251783130494, 0.19702252974227163, 0.5881827901846789, 0.5896668744942165, -0.38323230482062653, -0.515332438925939, 0.3863994327493201, -0.4386732118288812, -0.08788394925268306, 0.0791962736267893, 0.5305306320258242, 0.09298172122765877], [-0.574376457268664, -0.05406552743582546, 0.48375780083480857, -0.3837033599546851, 0.267493404081809, -0.5113569913350375, 0.3623109783172912, -0.4562864350531079, -0.09151763630687088, 0.03894771787958612, 0.530032625951083, 0.0018262826640237373, -0.07223549821122752], [0.784295312033128, 0.7179343222507607, 0.3774918466810007, 0.30565455418424886, -0.14198118113477476, 0.32479792608355196, 0.21191995823136137, -0.347494466362699, -0.1563489576941214, -0.7096814253592392, -0.3477271182335878, -0.6979151633256465, 0.04916413212780614]], "inverted": false, "swapped": true, "error_lsq": 0.04350510636077381, "error_max": 0.20897380406491087, "target": "352.xyz", "model": "21.xyz", "model_rescale": 4.08911054899281, "target_rescale": 4.119838060318227},
{"mapping": [5, 9, 11, 10, 6, 8, 15, 14, 12, 0, 7, 2, 4, 13, 1, 2, 16], "R": [[0.4367113129930351, 0.699725408682708, 0.5653915294269244], [-0.5715144093548039, -0.2695646533575391, 0.7750523708499056], [0.6947334085847098, -0.661603544506865, 0.28218121994956336]], "T": [0.0297814895547257, -0.00457155229055187, -0.0862030393857587], "aligned_model": [[0.3803375543051175, 0.7054531839555128, 0.1759460019089625, 0.30588752700935146, -0.4249660865886372, -0.23307775932152464, 0.31652791540908115, 0.5285890338391053, 0.4776351133468424, -0.7161154067717471, -0.16509702428077114, -0.19437527464869292, -0.3808054765071108, -0.03793825222171128, -0.467291948325734, -0.19437527464869292, -0.002863151018129357], [-0.15521445376505003, -0.16110052813033612, 0.5112581267217894, -0.685817726042804, -0.41943065549303526, 0.12441276094777079, 0.6626822206672317, 0.10993878147068611, -0.4829372280035519, -0.1819588290072334, -0.6822163828042834, 0.5653968927160906, 0.07833564485904462, -0.36986039922817654, 0.5699310679174372, 0.5653968927160906, -0.023731728704562183], [-0.6796221287738838, -0.24903440206087812, -0.6325076319316394, -0.4190761624280941, -0.5065132760361838, -0.7147172240138584, -0.022517031287208097, 0.30096746978809374, 0.25374242387268703, 0.024481070986276846, 0.006619568489250591, 0.2960842166558413, 0.47132447188941906, 0.4603388720034334, -0.3161228471316231, 0.2960842166558413, -0.057343629931248113]], "inverted": false, "swapped": false, "error_lsq": 0.04876429506463701, "error_max": 0.40766235220397273, "target": "352.xyz", "model": "22.xyz", "model_rescale": 4.204369325754507, "target_rescale": 4.119838060318227},
{"mapping": [1, 0, 4, 2, 7, 10, 3, 13, 8, 12, 5, 9, 6, 15, 14, 16], "R": [[-0.8527090121827184, -0.2190286569237485, -0.47425076487924783], [-0.44199641706195925, -0.1813852694503143, 0.878486511752359], [-0.27843582356938795, 0.9587105045177173, 0.05785897234328374]], "T": [0.06429216535534785, 0.10812729615419359, -0.027079957572795507], "aligned_model": [[-0.3928429827981825, 0.12955612923377618, 0.7768537010233645, 0.1858696535930338, -0.599660027813023, 0.3501460772560352, 0.11215273146273935, -0.3237200386889947, -0.25389507233861597, 0.2401216069497926, 0.5454133647210726, 0.6931038381940978, -0.2022712009653362, -0.259644919316547, 0.31201167971200316, 0.05397055774617123], [-0.2990569198838764, -0.5454949899837725, -0.2233709051864648, -0.6557269698142629, 0.040768219835567776, 0.3197072880553906, -0.26034733405987964, 0.7102112976680672, 0.23891324461022911, 0.6012298014049418, -0.2224479865603649, 0.35857880952766075, -0.2612299843445829, 0.33545590839768996, -0.14732910647251207, 0.0624917557838055], [-0.43076117697825045, -0.2206110499344736, -0.4258616480482949, 0.4102774446936082, -0.033007594382307055, -0.6244356380959828, -0.8675715289884125, -0.1921178400456524, -0.7087050377528196, -0.059209318485409994, 0.2213073389588679, 0.09964398752600785, 0.43781222504471706, 0.5496722708486478, 0.7628943928000131, -0.03988307048538081]], "inverted": false, "swapped": true, "error_lsq": 0.03708378675799265, "error_max": 0.26167343709834523, "target": "352.xyz", "model": "23.xyz", "model_rescale": 4.410303926677745, "target_rescale": 4.119838060318227},
{"mapping": [5, 4, 15, 2, 12, 6, 9, 10, 3, 13, 0, 11, 7, 1, 14, 11, 16], "R": [[0.08035439904019469, 0.9833140932200837, -0.1632071218717292], [-0.5401442929881921, -0.0946555115733899, -0.8362323103546443], [-0.8377274695909018, 0.15535034021058383, 0.5235255089193654]], "T": [0.009413945714762294, 0.07114948872594679, -0.0995135011849815], "aligned_model": [[0.14269813049562544, 0.6257218820024837, 0.14224703644689873, 0.4239279510907042, -0.4298386795722065, -0.40789977338399896, 0.27141878909271794, 0.513611200656707, 0.5541554075945382, -0.6731158336662189, -0.10473547781889235, -0.14586091618593355, -0.47782265157113035, 0.03875896198791921, -0.3189468185010827, -0.14586091618593355, 0.06501238295902405], [-0.1983529391153323, -0.18183813292452317, 0.5085208441560412, -0.725160226662056, -0.4762208835607639, 0.16027388737899415, 0.6398632262810373, 0.2513112462689791, -0.5511392963097781, 0.12703237364985143, -0.6733690945737849, 0.4673515162947855, -0.1777856436973975, -0.24089220635494119, 0.64307861033188, 0.4673515162947855, -0.014940340620668832], [-0.6519678440069828, -0.27285179456402364, -0.6475790613970234, -0.2637174222838735, -0.4914556416916015, -0.7286432105267754, -0.08112517904845842, 0.2707712750395185, 0.2544135991646628, -0.25831157189072873, -0.04430662376502123, 0.3691389897108034, 0.2780612527286438, 0.6993007451334674, -0.25191520195399353, 0.3691389897108034, -0.036763323613190166]], "inverted": true, "swapped": false, "error_lsq": 0.045556739444588504, "error_max": 0.46279013422328885, "target": "352.xyz", "model": "24.xyz", "model_rescale": 4.28219845311461, "target_rescale": 4.119838060318227},
{"mapping": [11, 9, 15, 10, 12, 4, 14, 8, 5, 3, 2, 0, 1, 7, 6, 16], "R": [[-0.5779987207415712, 0.32774126810760895, -0.7473306764748278], [-0.19133713528385826, -0.9447041971713835, -0.26631575339836416], [-0.7932890894765123, -0.010938054031140787, 0.6087468927982616]], "T": [0.0459627870536796, 0.04623308166122833, -0.09091881505113178], "aligned_model": [[-0.2934544552474468, -0.3810832643711427, 0.15275811423031632, 0.1797145466594087, 0.15055424588958105, -0.48704742378085764, -0.6049740471686769, 0.6473409300319505, -0.5866553176582141, 0.20217877349284194, -0.5889678604475979, -0.22205169280910883, 0.38731802461750475, 0.532400853807948, -0.11819271008793222, 0.038482048962436025], [0.41535797518650797, -0.1614194593831216, 0.7025557010812289, -0.6187096588513655, -0.07976064708268918, -0.6462549418840916, 0.6144491236114188, -0.39023667369248805, 0.030239051745790974, -0.6988328986401907, 0.382220473406345, -0.1397538321080464, -0.0682385812400331, 0.3721365386927957, 0.5901110475508291, 0.04124815732134181], [-0.6521683535874072, -0.589618254464316, -0.30792582666662116, -0.24347693386861446, -0.5892004383370136, 0.02319642782452172, -0.15490454163176318, 0.08457851907322897, -0.04628251035385891, 0.42382725739482285, 0.4320644237371998, 0.5111716001844123, 0.5479105021760344, 0.22934645119073963, 0.2266584217882269, -0.04325072388184573]], "inverted": true, "swapped": true, "error_lsq": 0.042736185250425024, "error_max": 0.25507756723172187, "target": "352.xyz", "model": "25.xyz", "model_rescale": 4.100010024507729, "target_rescale": 4.119838060318227},
{"mapping": [9, 4, 0, 3, 15, 7, 6, 8, 10, 13, 12, 16], "R": [[-0.7827890627811034, 0.5852281934889181, 0.21154017286553245], [-0.525308989726645, -0.4392061054341824, -0.7287993292132681], [-0.33360417938427195, -0.6816200983649435, 0.6512313667217752]], "T": [-0.1254642865004161, 0.09574722604915226, 0.04543724215937151], "aligned_model": [[-0.6083862779473399, 0.0183809821739859, 0.27724881815564595, 0.675423136180495, -0.5363892489310832, 0.1993650025998446, -0.21907180766482726, 0.49788645935491815, 0.1316496620050749, -0.08083536832646004, -0.3871289458448792, -0.09137680939236778], [-0.34133528166451405, -0.7735315548347796, -0.23831007194038395, -0.3342552066743801, 0.6414441861247611, 0.6625117223240633, 0.35899234707594757, 0.20575129540424297, -0.278462034748304, 0.5863938070204708, 0.09104563899337381, 0.08588654297014137], [-0.1780225312639487, 0.027415698133270057, 0.48721053087911326, -0.08934967324261722, 0.19581067324004836, 0.1820711894733495, 0.6332681775630672, -0.3815215203015986, -0.48103422676605245, -0.5000628130754643, -0.4091041422908614, 0.07851092750605054]], "inverted": true, "swapped": true, "error_lsq": 0.04131156930978802, "error_max": 0.21382051030044916, "target": "352.xyz", "model": "26.xyz", "model_rescale": 3.6694154284099745, "target_rescale": 4.119838060318227},
