[{"mapping": [7, 11, 10, 1, 3, 9, 5, 4, 2, 0, 6, 12], "R": [[-0.6851279288470199, 0.7277989215162834, -0.030140520127032333], [0.017266601598817766, -0.025139730024689666, -0.999534821026018], [-0.7282180892995044, -0.6853296460930469, 0.004657317141717965]], "T": [-0.028229746845067856, -0.14821965618139496, 0.09918453058807428], "aligned_model": [[-0.2589567048402955, 0.26719652069653027, 0.38508169582779844, -0.079791646828373, -0.09903703769129751, -0.6677229308919997, 0.45422760593166017, -0.38092129892688664, 0.536491690083285, 0.1564311438301741, -0.5037081637618566, 0.02835158903181028], [-0.38385729852188344, -0.7880200906362578, -0.13072809580962913, 0.6286227726931995, 0.290905999373518, -0.48748010848494616, -0.22364276800305127, -0.38451364211158057, 0.23990206445028475, 0.4231357333428888, 0.13103126057058592, -0.26180079088607133], [-0.5043361060856639, -0.27976661345290876, -0.4306916113128735, 0.015588640874585336, -0.6875639434018324, 0.024406752948652022, 0.507264784893509, 0.7014633843587909, -0.07294594294052842, 0.592983677165504, 0.2530336889835473, 0.06251503332278105]], "inverted": false, "swapped": true, "error_lsq": 0.048681814416492324, "error_max": 0.27973353066773676, "target": "353.xyz", "model": "0.xyz", "model_rescale": 3.751011558992144, "target_rescale": 3.840044631237606},
{"mapping": [8, 2, 5, 13, 1, 4, 0, 12, 6, 7, 9, 11, 14], "R": [[0.5736055334785662, 0.7518334812141, -0.32515090110325306], [-0.15695768273643004, 0.4904716899828504, 0.857205813766669], [0.8039533430447193, -0.44066306612972983, 0.39934331640377524]], "T": [0.0023056251045813284, 0.06991409523907159, -0.011004129245356726], "aligned_model": [[-0.471951118566218, 0.17845583715634844, -0.14209892235195984, 0.44078717087889546, -0.1766871700303306, -0.7609366408006556, 0.2946442277651614, 0.6746705120057015, -0.06943593372126622, 0.379468948656599, 0.08123705541202902, 0.1870603226576819, 0.03801262387406556], [-0.08892596795708345, -0.04095364448525597, 0.4780431922281027, 0.47281928545278185, -0.5765888114275248, -0.07899709222974986, -0.5902842579869381, 0.2511527787944031, -0.14899362065132976, -0.31646248234102053, 0.7239240222714993, 0.4377959995550263, 0.10564060242169969], [-0.4472020516916748, -0.8112650548631486, -0.46118632998235826, -0.4268208436939235, 0.17789033969767468, 0.13342810985753026, -0.2437718123364807, 0.24794200902047173, 0.7035994713130408, 0.37388285606583244, 0.004176977003956011, 0.672559763258925, 0.010266492907583826]], "inverted": false, "swapped": false, "error_lsq": 0.03901463942384696, "error_max": 0.21356589044744384, "target": "353.xyz", "model": "1.xyz", "model_rescale": 3.9405287249114394, "target_rescale": 3.840044631237606},
{"mapping": [0, 5, 11, 9, 1, 6, 2, 8, 4, 4, 10, 3, 12], "R": [[0.1972503827741825, 0.7594569919526111, 0.6199333543774932], [0.06401739797974182, 0.6210292760871653, -0.7811686188004197], [-0.978260731733285, 0.19377232933766247, 0.07387980191983891]], "T": [-0.04595162673196896, 0.02993575954454554, 0.030449084863706108], "aligned_model": [[-0.6082057139821156, 0.04586561744399364, -0.21053194599983058, 0.5247509075067196, -0.2012344748047108, -0.5660807715660745, 0.21842055817405415, 0.6621028888642815, 0.28777832348890425, 0.28777832348890425, 0.2836628859102633, -0.07941200761996325, 0.00833232203162676], [-0.3262628744772389, -0.04212479600165299, 0.5200076302695873, 0.48816471987437604, -0.7293137490675744, 0.1825350915653044, -0.46397758113583687, 0.2721057855317144, -0.2111016452470454, -0.2111016452470454, 0.8008296204313312, 0.3851333671496101, -0.03672392000091908], [-0.4793772216048776, -0.6868048104781415, -0.4598132623249489, -0.3082335754816984, 0.19370885677625777, -0.008727565712677021, -0.35727064286183907, 0.23219707510622545, 0.598094230795316, 0.598094230795316, 0.1229912245356391, 0.4771198148554532, 0.011521572157403605]], "inverted": true, "swapped": false, "error_lsq": 0.055263077163334014, "error_max": 0.3675066441746488, "target": "353.xyz", "model": "2.xyz", "model_rescale": 3.932901565614263, "target_rescale": 3.840044631237606},
{"mapping": [7, 8, 9, 11, 0, 5, 3, 10, 2, 1, 12, 6, 13], "R": [[0.7573187626292259, 0.6474404890654667, -0.08537625482772032], [0.44286364732950256, -0.4130884185685464, 0.7957573426105146], [0.4799375809870993, -0.640452005667253, -0.5995674664231248]], "T": [0.04199203893580913, -0.04558903420839175, -0.04112297749142262], "aligned_model": [[-0.5719182263163997, 0.13653536396253274, -0.3114430256117422, 0.790283483050267, -0.013088986346624712, -0.5041654465982027, 0.21055998922672778, 0.4981030187796138, -0.07588856146945938, 0.5511456991738034, -0.021958419500978633, -0.05936380827716415, 0.024425832863678984], [-0.1769178889750831, -0.015480688980406249, 0.43938828312619294, 0.21292102893392204, -0.6702395976837315, 0.3897544984383521, -0.43169887526118667, 0.44123543465209936, -0.3124899438648884, -0.322326293676534, 0.7031865757194274, 0.30982494528127236, 0.061012525935174394], [-0.38113689701645387, -0.7684068098240496, -0.46500220110124185, -0.45457328924204277, 0.19494498591484627, 0.12913475429332238, -0.3295489036113242, 0.2198562379374263, 0.7393050599668225, 0.4203395457978136, 0.09443230644278017, 0.5334204552452328, 0.0007346817542971465]], "inverted": false, "swapped": false, "error_lsq": 0.055343326412424676, "error_max": 0.3465574355253706, "target": "353.xyz", "model": "3.xyz", "model_rescale": 3.9243930471874484, "target_rescale": 3.840044631237606},
{"mapping": [0, 2, 7, 4, 5, 1, 3, 10, 11, 6, 8, 9, 12], "R": [[0.5602534247620756, -0.1111156491605535, 0.8208345829422603], [0.3041304952541647, 0.9493432477438994, -0.07906984140316839], [-0.7704678720743794, 0.29393997767349456, 0.5656664632329582]], "T": [0.10743263171271938, 0.09814970818851733, 0.08381212017560917], "aligned_model": [[-0.33296536792319215, -0.04407950731584637, -0.2234867709535719, 0.3551711893443208, -0.3351023947710354, -0.5956229968684785, 0.43819599619410293, 0.774229335137258, 0.21020632508342196, 0.34087307029543973, 0.21612246225686693, -0.17639794619360416, 0.026083518650369897], [-0.4116120344174138, 0.0009401855475965754, 0.5544564781167517, 0.3594340588588307, -0.5067969466479286, 0.14716047141925176, -0.3138303691489756, 0.22194261386772143, -0.0608575754736808, -0.5578221394406851, 0.7148973900506532, 0.4682492928204138, 0.012008578092075423], [-0.4353361448245198, -0.8210684635195494, -0.48644680309418326, -0.3881236430353207, 0.1925567518228749, -0.03225263843062086, -0.33310679635208074, 0.27664674446435067, 0.8521143608861462, 0.27544461086794525, 0.14819524350924052, 0.6131077769474506, 0.07176892731569545]], "inverted": false, "swapped": false, "error_lsq": 0.05903244810063064, "error_max": 0.30242462091561717, "target": "353.xyz", "model": "4.xyz", "model_rescale": 3.8936222436046832, "target_rescale": 3.840044631237606},
{"mapping": [3, 7, 6, 1, 4, 8, 11, 5, 2, 10, 0, 12], "R": [[-0.34010508571751735, 0.607801911568124, -0.7175690677302184], [-0.745152225127968, -0.6396607526153887, -0.18863266671060222], [-0.5736520653287311, 0.4705432582214405, 0.6704568219404083]], "T": [-0.1540675259387312, 0.031183251533624858, -0.04058595782544895], "aligned_model": [[0.23773818249322676, -0.37497188460178, -0.31758995317285155, 0.36513700430713514, -0.6680960876177627, -0.8225752700480827, -0.32824780240694434, 0.05942706061777686, 0.53935234423793, 0.2374396447983046, 0.28731188962523246, -0.18737708601708725], [-0.6593160669065239, -0.6172231241779365, 0.21143453041476898, 0.09560268949222603, 0.5583158116132959, -0.025128060841436903, -0.44795926153689297, 0.44113721860895533, -0.034489503871927576, -0.4638711118859734, 0.6340910651691553, -0.023671280967903125], [-0.4724622748454761, -0.1019669221780438, -0.5587560604487926, -0.6231731645094997, -0.07011388152595975, 0.3844878830841157, 0.5761059656745159, 0.3968395139859708, 0.07787772484280552, 0.1908105451842042, -0.25522659381420126, 0.07486198382587926]], "inverted": false, "swapped": true, "error_lsq": 0.052428587581676685, "error_max": 0.2458209448561311, "target": "353.xyz", "model": "5.xyz", "model_rescale": 3.6523030999806103, "target_rescale": 3.840044631237606},
{"mapping": [11, 3, 7, 0, 10, 9, 4, 1, 6, 2, 5, 8, 12], "R": [[-0.0750541243616011, -0.08178367926626579, -0.9938200582711069], [0.49421601483676797, 0.8625661237789406, -0.10830610688154788], [0.8660931873044478, -0.4992906086785994, -0.024320341078546484]], "T": [0.019756029951970587, 0.04826638331591128, 0.0705276497804693], "aligned_model": [[-0.526431335517413, 0.34397829453841994, -0.23999024499909613, 0.6823460561224058, -0.3342304620847533, -0.6941006013460649, 0.06794639729249846, 0.6869070606698007, 0.1335068514371591, 0.5730609975795191, 0.10491421765718709, -0.18869196547482445, 0.044011647061213695], [-0.2667408870642952, 0.07255248603083682, 0.3420565517055421, 0.5792260486265949, -0.5810890949765507, 0.07885416034018053, -0.4576667899669361, 0.17755610819505535, -0.13454450387989436, -0.4709696660451794, 0.7237117649485321, 0.4488250705304787, 0.11639875520024627], [-0.5434909041331762, -0.543419262671523, -0.4889696864989995, -0.4454374861844773, 0.3659566379752539, 0.18069104219907697, -0.19563191625924833, 0.2139449961729294, 0.683932403761262, 0.09195595003230214, 0.049908496435318334, 0.5703328858134505, -0.006273230084739637]], "inverted": true, "swapped": false, "error_lsq": 0.052856827208179274, "error_max": 0.33753789692116226, "target": "353.xyz", "model": "6.xyz", "model_rescale": 4.08911054899281, "target_rescale": 3.840044631237606},
{"mapping": [1, 2, 13, 7, 9, 11, 6, 5, 8, 4, 12, 10, 14], "R": [[0.0943480222687868, -0.6159986994272242, 0.7820767564618814], [-0.42340586757322307, -0.7358195193680467, -0.5284856726738608], [0.9010138300817223, -0.281274309564427, -0.3302405801541054]], "T": [0.06817513464672516, -0.01160845137216883, -0.002663827586865228], "aligned_model": [[-0.4799299914761796, 0.11186169739057995, -0.2064088197129917, 0.5879064194221522, -0.4785895152107678, -0.43788091343373553, 0.38738218172514904, 0.6574912608411987, 0.01169814571773417, 0.6066195502982896, -0.018609349608247824, -0.011632781268620593, -0.07668097174850867], [-0.24101774892525757, -0.1155671182284856, 0.4911048620457934, 0.3098091830352052, -0.536752397460329, 0.2237802434882486, -0.29118594058150077, 0.3932185404243994, -0.31095714394436014, -0.23525160576196047, 0.690594081763685, 0.33685775192110395, -0.08646270413193148], [-0.43266173894154636, -0.8010519682254514, -0.4584899993586691, -0.4779101431487035, 0.19690962120069, 0.17907912685773603, -0.26550647077163114, 0.26062848089063045, 0.6075407965039541, 0.3934559023566002, 0.08325458581437012, 0.623017321419243, 0.025234411960206267]], "inverted": true, "swapped": false, "error_lsq": 0.054810788421951764, "error_max": 0.30965088677784697, "target": "353.xyz", "model": "7.xyz", "model_rescale": 3.964800864290218, "target_rescale": 3.840044631237606},
{"mapping": [10, 3, 5, 0, 11, 9, 6, 2, 12, 4, 1, 7, 13], "R": [[-0.047839618024136055, -0.3638376244972972, 0.9302330643163942], [-0.3137460170787907, 0.8896380239538615, 0.3318246873013877], [-0.9483010111322775, -0.27598255259279036, -0.15671254879513555]], "T": [0.07139124204903906, 0.08303375855353655, -0.017664699043904362], "aligned_model": [[-0.6140033226863106, 0.23813495439716825, -0.4785236788035782, 0.6545044375430299, -0.15844490609031742, -0.5404274537411307, 0.3154822220652724, 0.6488546117015082, -0.14866536351182086, 0.4510696710296049, 0.21769637640119238, 0.07052614670257505, -0.002976782071141215], [-0.1457507411078614, 0.056434451430877816, 0.4531317588421603, 0.30591584060217786, -0.6956522268233218, -0.10604417129778694, -0.38698554512538386, 0.19778212423658098, -0.08127698023956777, -0.41550549831246963, 0.8174147711010342, 0.5219960745861222, 0.10671014575204879], [-0.40885002130581666, -0.7229672631646975, -0.527264319309071, -0.369036227863746, 0.14953818872964694, 0.23489053593127487, -0.25432325228556535, 0.28561338627842486, 0.6860767369642831, 0.3023295117540128, 0.031317208272014146, 0.5428390936953265, -0.016663651138657396]], "inverted": true, "swapped": false, "error_lsq": 0.04873119031087636, "error_max": 0.26394531190096965, "target": "353.xyz", "model": "8.xyz", "model_rescale": 4.121658175737393, "target_rescale": 3.840044631237606},
{"mapping": [7, 9, 6, 4, 11, 8, 5, 0, 3, 10, 1, 2, 12], "R": [[0.9643673698484818, -0.2005764163649513, 0.17252442484968805], [-0.005743454034001644, 0.6360762075522381, 0.7716048670930749], [-0.26450442095980414, -0.7451014423447024, 0.6122591378726521]], "T": [0.0069826413133268, 0.003934212488486549, -0.009720312492060887], "aligned_model": [[-0.33060388327526413, -0.019715933624029687, -0.35597210674580465, 0.6148582338366079, -0.3307208810351152, -0.6991382848798054, 0.46698215072363397, 0.7159412873896783, 0.03753058433630542, 0.39105443038366133, 0.2395650652950011, -0.11498477368153609, 0.03843102421271944], [-0.4382426546139926, 0.10903639346387453, 0.4758309305938465, 0.45560977083863863, -0.46174864875413835, 0.15722168989915253, -0.3209122724727921, 0.22023374048345604, -0.1646175148969883, -0.5621516128759353, 0.6487203678511122, 0.4232597813379082, 0.08593003279046893], [-0.39146088792102735, -0.8352083709674567, -0.36434601431963015, -0.4729744238847968, 0.2588460262249152, 0.08220098312830927, -0.263872075866536, 0.2537496012837214, 0.7605660821966027, 0.31969815960256626, 0.06160952432973184, 0.5303134529777158, -0.005622130226686721]], "inverted": true, "swapped": false, "error_lsq": 0.05121115952402883, "error_max": 0.32093605626068694, "target": "353.xyz", "model": "9.xyz", "model_rescale": 3.833441315466971, "target_rescale": 3.840044631237606},
{"mapping": [10, 12, 11, 6, 13, 8, 0, 4, 2, 5, 7, 3, 14], "R": [[0.4748261503961259, 0.2934094575353985, 0.8297294843072524], [-0.11943684792115172, -0.9125834146871861, 0.391057988790071], [0.8719374784115289, -0.28478483363174173, -0.3982745689529849]], "T": [0.08662720612860553, 0.061693105073952, -0.08080254646219831], "aligned_model": [[-0.5404589946938968, 0.21122898901931558, -0.33938373754969864, 0.6773741321368556, -0.07166468966200712, -0.6841474410530989, 0.1167312739236461, 0.7550330623630375, -0.06686792705874117, 0.44695246575874215, -0.11331660210300348, 0.204597195513966, 0.05714918634093562], [-0.2635360064411156, 0.13891870438871284, 0.4557190672827304, 0.32114315267094734, -0.633596928050067, 0.08425890133956268, -0.5821740198038108, 0.28245190339640547, -0.1302588400585116, -0.37674196119697684, 0.6902845400925715, 0.5358304121761007, 0.10587107784806135], [-0.5012107591329192, -0.6652087919983879, -0.4394044120671302, -0.29277733330873673, 0.2758513291371975, 0.03302447351793725, -0.3006930471835834, 0.29391300486304495, 0.5946557792510149, 0.28713168869877653, 0.013055101882997161, 0.6372495027417384, -0.002086609844520179]], "inverted": true, "swapped": false, "error_lsq": 0.044495115095309096, "error_max": 0.22265484152309092, "target": "353.xyz", "model": "10.xyz", "model_rescale": 4.2482417240324, "target_rescale": 3.840044631237606},
{"mapping": [11, 8, 4, 9, 2, 0, 5, 6, 7, 1, 10, 12], "R": [[-0.3389180184841727, 0.9264693836959838, 0.1636736320264996], [0.32357369836300814, -0.04857078568059919, 0.9449555230306103], [0.8834221179450099, 0.37322293586053, -0.2833196104635182]], "T": [0.0058486275034518136, 0.08499753451771672, -0.038566948781622784], "aligned_model": [[-0.5306028927448395, 0.04534844443977547, 0.5115789002753005, 0.4880294198084749, -0.49514842339437226, 0.14077276066373481, -0.28557165639454957, 0.547936648398138, -0.06534071640744009, 0.1696810871452091, -0.5686592504874637, -0.08125871893896072], [-0.5056092929529734, -0.6641570277434252, -0.11806025431894915, -0.4305199692920033, 0.5761096888383711, 0.7712311782973387, 0.23280134400665659, 0.24154799648178002, -0.32130248440097897, 0.7821794865803365, 0.11452249449029696, -0.012611769935810077], [-0.09880470123358678, 0.2221408270258883, 0.45738710351647105, -0.21572306571321312, -0.12216406679360123, 0.30093722980813564, 0.507520488386221, -0.1353289943409899, -0.58888463745317, -0.3551539233913569, -0.38637437243642525, -0.02035959752001661]], "inverted": true, "swapped": true, "error_lsq": 0.06193384534322144, "error_max": 0.3647320672468228, "target": "353.xyz", "model": "11.xyz", "model_rescale": 3.6694154284099745, "target_rescale": 3.840044631237606},
{"mapping": [5, 7, 6, 9, 12, 0, 10, 8, 1, 2, 11, 3, 13], "R": [[0.12438556389048583, 0.7802556843000126, 0.6129676162842254], [0.9193170645488984, -0.3230671311941582, 0.22468592205826673], [0.3733421571760184, 0.5355639045524783, -0.7574872525763463]], "T": [-0.001338586902694082, 0.06930158872245067, -0.036461304385526756], "aligned_model": [[-0.566567735231083, 0.11504988086440116, -0.36787865839070233, 0.6547089810369903, -0.12268933829178297, -0.6769294847185867, 0.43418991131608664, 0.6539720482029235, -0.1727159566126161, 0.36438152186717987, 0.2051956291947785, 0.22942102828854635, -0.09691091459008322], [-0.19945770423763898, -0.07385880375994809, 0.40603805710102125, 0.29053755834979, -0.5980859137925247, 0.04168526223531241, -0.34520798862543955, 0.3282947962730985, -0.18197680003972072, -0.2241102018837583, 0.7646045504553247, 0.35178495380554997, 0.06792223776354393], [-0.5393084429915238, -0.7562697129670448, -0.3049976339783098, -0.44308459593873484, 0.003991345597091321, 0.194952052457008, -0.24146258446594324, 0.23937984785827654, 0.7534516418268757, 0.41793048313591036, -0.1740333142333527, 0.7434117936576358, 0.03953904659954025]], "inverted": false, "swapped": false, "error_lsq": 0.051720946377466, "error_max": 0.26598992372360425, "target": "353.xyz", "model": "12.xyz", "model_rescale": 3.9764082729961374, "target_rescale": 3.840044631237606},
{"mapping": [10, 11, 13, 14, 2, 12, 8, 4, 0, 7, 6, 5, 15], "R": [[-0.231101356104307, 0.9718563769872242, -0.04568747876624829], [0.9325879411839006, 0.2346564630132596, 0.2742554946112835], [0.27725781353304246, 0.020773224963226367, -0.9605709645619648]], "T": [-0.007989164807636333, 0.05896070750273666, 0.030078955789797412], "aligned_model": [[-0.4900501181941274, 0.07675594683932616, -0.17843390283356345, 0.4233903956625883, -0.04507481469893463, -0.6180572311017402, 0.07828584489981041, 0.5064693499444013, 0.08424069142494714, 0.5289892320004882, 0.2954111277784661, -0.1081150519083438, 0.09941544312273415], [-0.27119125810630973, -0.04706145208827875, 0.5016066998816147, 0.41866247276194923, -0.7040415889917742, 0.22403388767104454, -0.5257726918992969, 0.23963312558880784, -0.2190069707923282, -0.3714252948562554, 0.7593046365300877, 0.55732145361872, 0.06610698432663001], [-0.5219752225141578, -0.7523034740212327, -0.3565651478728475, -0.538546012403643, 0.25966916468896173, -0.05813291770556736, -0.35760172592167305, 0.49757615976142233, 0.6944098650096147, 0.3422580538373957, -0.0034687599659937174, 0.6967387485609939, 0.0314411951041554]], "inverted": false, "swapped": false, "error_lsq": 0.046419733296330784, "error_max": 0.2724577942358247, "target": "353.xyz", "model": "13.xyz", "model_rescale": 4.170626492500431, "target_rescale": 3.840044631237606},
{"mapping": [11, 9, 3, 1, 12, 6, 10, 0, 4, 8, 2, 2, 13], "R": [[0.777505516364599, -0.6173800811343078, -0.11969547794805895], [-0.4989657430899091, -0.4897656521462044, -0.7149564974182262], [0.3827771665673822, 0.615606563802238, -0.6888470072216674]], "T": [0.09043221310295682, 0.022695099378599433, 0.00647427922979868], "aligned_model": [[-0.4139835499309431, 0.17515167337216148, -0.1957924499025778, 0.5607197689182442, -0.11305018405801112, -0.7209501595389468, 0.26161913644676915, 0.5638024271075279, 0.01981935381460892, 0.4933511343779331, 0.013435988167729299, 0.013435988167729299, -0.0043322140061723136], [-0.14518875083830263, -0.1131499938608671, 0.5365189806996558, 0.380131559666089, -0.6541243506866512, 0.23084630316813748, -0.44966480162489814, 0.3556366462333283, -0.1274286188889237, -0.4806443373588642, 0.5482398669915248, 0.5482398669915248, -0.0012423668471427014], [-0.45940059879049433, -0.7876763123826069, -0.35343413370523774, -0.4853420092334639, 0.19678052517346376, 0.08276968379028618, -0.25023463408424057, 0.15114277406930918, 0.6960682350542955, 0.37506897141668555, 0.3948123353313666, 0.3948123353313666, -0.02186724541330079]], "inverted": false, "swapped": false, "error_lsq": 0.05041204994878922, "error_max": 0.45147034932084573, "target": "353.xyz", "model": "14.xyz", "model_rescale": 3.9786697098870705, "target_rescale": 3.840044631237606},
{"mapping": [1, 7, 0, 2, 6, 4, 11, 8, 5, 10, 9, 12], "R": [[-0.9385686214085454, -0.12031846654195304, -0.3234384168837331], [0.01579206498299078, -0.9512440165547273, 0.3080347896787023], [-0.34473113232029917, 0.2840040273971873, 0.8947078622831823]], "T": [0.053771785339643614, 0.003606134046871004, -0.059109104424688585], "aligned_model": [[0.2016285453634779, -0.6110644307760561, 0.7128040363688241, 0.36174073104889676, -0.010773212309116341, 0.24154939461788247, -0.26733689563783714, -0.20042060822266, 0.6150278256431522, -0.11224724467748062, -0.4700525610283965, 0.022499016376649993], [-0.23371020042548157, -0.15253811700603537, 0.026899187144279815, -0.6193057310732177, 0.3618689488106691, 0.7084806302842661, -0.26857637796021055, 0.4048150172815664, -0.056780982686233425, -0.6359080805918318, 0.5074464536907424, -0.02801625724407413], [-0.7905121379940867, 0.022186437449851798, -0.47083492171676705, -0.18683383985617516, -0.5009371952423216, 0.0450902737109429, 0.6213548110113747, 0.5774276165347711, 0.23470765880482353, 0.0648274923964863, -0.021774275890986905, 0.06526457466591666]], "inverted": false, "swapped": true, "error_lsq": 0.06566122671900011, "error_max": 0.3564178120964045, "target": "353.xyz", "model": "15.xyz", "model_rescale": 3.769337070930944, "target_rescale": 3.840044631237606},
{"mapping": [6, 4, 3, 7, 1, 0, 2, 5, 10, 11, 12], "R": [[0.6618108742093144, -0.34560433999656837, 0.665254843615467], [-0.6585886690531086, -0.6919720995664906, 0.2956950767537358], [0.3581442890416626, -0.6338235192836246, -0.6855657624398719]], "T": [-0.10894480277880839, -0.06225453915208815, -0.013262948823747497], "aligned_model": [[-0.23637036262020114, -0.3712716051547751, -0.06750567597397619, -0.5742163906889237, 0.3343740978671088, 0.5128577083604328, 0.509100358455706, 0.2909568781623947, 0.07376234906305804, -0.39902407181000954, -0.15003715496964343], [-0.15751149887756816, -0.7275916683956607, 0.8120495536859647, 0.4318586654103676, 0.239356727177351, -0.35718449199724095, 0.2491628783790387, -0.4443110698090438, 0.4742894962341247, 0.1325900722326279, -0.05664416641461899], [-0.5631894905749875, -0.1906809569321325, -0.2384147357259257, 0.09796509208865102, -0.5839029911971381, -0.37487348918410157, 0.12892369612769256, 0.30153014189132743, 0.3481780890257333, 0.7065389962589425, 0.11214325544571564]], "inverted": true, "swapped": true, "error_lsq": 0.04816457078760716, "error_max": 0.23925397853237318, "target": "353.xyz", "model": "16.xyz", "model_rescale": 3.7852294659196426, "target_rescale": 3.840044631237606},
{"mapping": [8, 3, 2, 1, 9, 11, 0, 5, 10, 4, 7, 6, 12], "R": [[-0.9257423589681729, -0.3028624756927269, -0.2264407331495711], [-0.20515648768474298, -0.10078479678784663, 0.9735261888091623], [-0.31766633496941843, 0.9476902160272128, 0.031166553761883375]], "T": [0.061888926349283065, 0.04562628591830812, -0.0727092105254618], "aligned_model": [[-0.4560744367525635, 0.2712673468720359, -0.14187584050305163, 0.5338279754387786, -0.45569852277525297, -0.6112451317246699, 0.24931134877344144, 0.5702660122939645, 0.02290731559020924, 0.6921617935587817, -0.03780591469436683, 0.008871263031348796, 0.007313703827396996], [-0.24272629906318063, -0.1352267583468094, 0.46596552673657265, 0.4266867529085466, -0.5993000508545251, 0.27733511775730474, -0.5978069251247008, 0.3436403209684363, -0.2470551402953338, -0.20695176414364555, 0.7068558234146737, 0.42888368526572096, 0.007869714421550815], [-0.34247327868723093, -0.8183285668742578, -0.467527983443123, -0.39877762158172136, 0.17915392325431856, 0.1037380380843516, -0.20160333078804293, 0.21875156549751867, 0.6770061301547972, 0.12914996458434935, 0.1376795785961198, 0.7258495719844728, -0.009118064224122965]], "inverted": false, "swapped": false, "error_lsq": 0.05548264519458734, "error_max": 0.36615127572215667, "target": "353.xyz", "model": "17.xyz", "model_rescale": 3.901054581598922, "target_rescale": 3.840044631237606},
{"mapping": [8, 2, 5, 13, 1, 4, 0, 12, 6, 7, 9, 11, 14], "R": [[0.5736055334785662, 0.7518334812141, -0.32515090110325306], [-0.15695768273643004, 0.4904716899828504, 0.857205813766669], [0.8039533430447193, -0.44066306612972983, 0.39934331640377524]], "T": [0.0023056251045813284, 0.06991409523907159, -0.011004129245356726], "aligned_model": [[-0.471951118566218, 0.17845583715634844, -0.14209892235195984, 0.44078717087889546, -0.1766871700303306, -0.7609366408006556, 0.2946442277651614, 0.6746705120057015, -0.06943593372126622, 0.379468948656599, 0.08123705541202902, 0.1870603226576819, 0.03801262387406556], [-0.08892596795708345, -0.04095364448525597, 0.4780431922281027, 0.47281928545278185, -0.5765888114275248, -0.07899709222974986, -0.5902842579869381, 0.2511527787944031, -0.14899362065132976, -0.31646248234102053, 0.7239240222714993, 0.4377959995550263, 0.10564060242169969], [-0.4472020516916748, -0.8112650548631486, -0.46118632998235826, -0.4268208436939235, 0.17789033969767468, 0.13342810985753026, -0.2437718123364807, 0.24794200902047173, 0.7035994713130408, 0.37388285606583244, 0.004176977003956011, 0.672559763258925, 0.010266492907583826]], "inverted": false, "swapped": false, "error_lsq": 0.03901463942384696, "error_max": 0.21356589044744384, "target": "353.xyz", "model": "18.xyz", "model_rescale": 3.9405287249114394, "target_rescale": 3.840044631237606},
{"mapping": [14, 10, 3, 2, 13, 12, 11, 6, 7, 9, 1, 0, 15], "R": [[0.5248440567829279, 0.3002157712086377, -0.7964980896256071], [-0.18247328335554025, -0.8743005928578765, -0.4497799175038993], [-0.8314097767774249, 0.381403938162637, -0.40409011251569105]], "T": [0.004448233610447168, 0.04507286540180797, 0.1294633474116573], "aligned_model": [[-0.4139298659038643, 0.16217243823598895, -0.3663045472239585, 0.6355817449738842, -0.28306340187614115, -0.523056222894052, 0.24226902380348816, 0.5682689086561474, 0.09425400354224733, 0.4212990698919474, 0.008997385579588242, 0.07798627667471092, 0.028752099476065537], [-0.2679249125836119, 0.0005667580073010145, 0.487880823959689, 0.3558749262629294, -0.561659382730255, 0.19014517170641995, -0.5091040838731564, 0.5285631685358162, -0.32573379390661694, -0.5667377659378997, 0.6920773115143288, 0.5516698008708132, 0.05255198181885295], [-0.442140640414852, -0.63933202108789, -0.4965494976764624, -0.3808285815972039, 0.10616347813290761, 0.10061657080236315, -0.26492527126802423, 0.21086868359188313, 0.7211244785000744, 0.3317823495534661, -0.0004750068430826315, 0.5884033861439979, 0.09879199872025218]], "inverted": false, "swapped": false, "error_lsq": 0.042928332080368774, "error_max": 0.2795863799470649, "target": "353.xyz", "model": "19.xyz", "model_rescale": 4.410303926677745, "target_rescale": 3.840044631237606},
{"mapping": [10, 3, 5, 0, 11, 9, 6, 2, 12, 4, 1, 7, 13], "R": [[-0.047839618024136055, -0.3638376244972972, 0.9302330643163942], [-0.3137460170787907, 0.8896380239538615, 0.3318246873013877], [-0.9483010111322775, -0.27598255259279036, -0.15671254879513555]], "T": [0.07139124204903906, 0.08303375855353655, -0.017664699043904362], "aligned_model": [[-0.6140033226863106, 0.23813495439716825, -0.4785236788035782, 0.6545044375430299, -0.15844490609031742, -0.5404274537411307, 0.3154822220652724, 0.6488546117015082, -0.14866536351182086, 0.4510696710296049, 0.21769637640119238, 0.07052614670257505, -0.002976782071141215], [-0.1457507411078614, 0.056434451430877816, 0.4531317588421603, 0.30591584060217786, -0.6956522268233218, -0.10604417129778694, -0.38698554512538386, 0.19778212423658098, -0.08127698023956777, -0.41550549831246963, 0.8174147711010342, 0.5219960745861222, 0.10671014575204879], [-0.40885002130581666, -0.7229672631646975, -0.527264319309071, -0.369036227863746, 0.14953818872964694, 0.23489053593127487, -0.25432325228556535, 0.28561338627842486, 0.6860767369642831, 0.3023295117540128, 0.031317208272014146, 0.5428390936953265, -0.016663651138657396]], "inverted": true, "swapped": false, "error_lsq": 0.04873119031087636, "error_max": 0.26394531190096965, "target": "353.xyz", "model": "20.xyz", "model_rescale": 4.121658175737393, "target_rescale": 3.840044631237606},
{"mapping": [11, 3, 7, 0, 10, 9, 4, 1, 6, 2, 5, 8, 12], "R": [[-0.0750541243616011, -0.08178367926626579, -0.9938200582711069], [0.49421601483676797, 0.8625661237789406, -0.10830610688154788], [0.8660931873044478, -0.4992906086785994, -0.024320341078546484]], "T": [0.019756029951970587, 0.04826638331591128, 0.0705276497804693], "aligned_model": [[-0.526431335517413, 0.34397829453841994, -0.23999024499909613, 0.6823460561224058, -0.3342304620847533, -0.6941006013460649, 0.06794639729249846, 0.6869070606698007, 0.1335068514371591, 0.5730609975795191, 0.10491421765718709, -0.18869196547482445, 0.044011647061213695], [-0.2667408870642952, 0.07255248603083682, 0.3420565517055421, 0.5792260486265949, -0.5810890949765507, 0.07885416034018053, -0.4576667899669361, 0.17755610819505535, -0.13454450387989436, -0.4709696660451794, 0.7237117649485321, 0.4488250705304787, 0.11639875520024627], [-0.5434909041331762, -0.543419262671523, -0.4889696864989995, -0.4454374861844773, 0.3659566379752539, 0.18069104219907697, -0.19563191625924833, 0.2139449961729294, 0.683932403761262, 0.09195595003230214, 0.049908496435318334, 0.5703328858134505, -0.006273230084739637]], "inverted": true, "swapped": false, "error_lsq": 0.052856827208179274, "error_max": 0.33753789692116226, "target": "353.xyz", "model": "21.xyz", "model_rescale": 4.08911054899281, "target_rescale": 3.840044631237606},
{"mapping": [0, 6, 7, 10, 1, 4, 8, 9, 15, 11, 12, 14, 16], "R": [[0.16725999909582934, -0.9839284095821987, -0.06252181634844423], [-0.9831647200649802, -0.17118960556022322, 0.0638846786615133], [-0.07356103535169148, 0.05078389277301021, -0.9959968726420817]], "T": [0.01610384937061992, 0.06391757273753301, 0.057029265586272776], "aligned_model": [[-0.5307790438270821, 0.0854697964192706, -0.09817422456699545, 0.5278430874754346, -0.20467236167651848, -0.6790299341177152, 0.3004980559139682, 0.5968361623779442, 0.07411960408233065, 0.45818683205071775, 0.11073094666191349, 0.036647853063751484, -0.024449860920967348], [-0.1410345480510773, -0.12849373343344284, 0.4607426473365114, 0.4698596750101656, -0.6957181197124671, 0.10637645319579318, -0.5025329998918595, 0.42363790814076924, -0.19259055528211166, -0.5017058825607739, 0.7957938196782146, 0.4581432452527496, 0.07569209396213938], [-0.45188440832241317, -0.6597206093345338, -0.521992815163726, -0.41675272119806694, 0.12191270459591363, 0.09278471819398834, -0.22406805228155427, 0.2592639621372479, 0.7369886543436174, 0.3225961564057426, 0.07632635490906138, 0.5629804974152363, 0.03506548485691541]], "inverted": true, "swapped": false, "error_lsq": 0.036568023486268156, "error_max": 0.20365949467310052, "target": "353.xyz", "model": "22.xyz", "model_rescale": 4.204369325754507, "target_rescale": 3.840044631237606},
{"mapping": [14, 10, 3, 2, 13, 12, 11, 6, 7, 9, 1, 0, 15], "R": [[0.5248440567829279, 0.3002157712086377, -0.7964980896256071], [-0.18247328335554025, -0.8743005928578765, -0.4497799175038993], [-0.8314097767774249, 0.381403938162637, -0.40409011251569105]], "T": [0.004448233610447168, 0.04507286540180797, 0.1294633474116573], "aligned_model": [[-0.4139298659038643, 0.16217243823598895, -0.3663045472239585, 0.6355817449738842, -0.28306340187614115, -0.523056222894052, 0.24226902380348816, 0.5682689086561474, 0.09425400354224733, 0.4212990698919474, 0.008997385579588242, 0.07798627667471092, 0.028752099476065537], [-0.2679249125836119, 0.0005667580073010145, 0.487880823959689, 0.3558749262629294, -0.561659382730255, 0.19014517170641995, -0.5091040838731564, 0.5285631685358162, -0.32573379390661694, -0.5667377659378997, 0.6920773115143288, 0.5516698008708132, 0.05255198181885295], [-0.442140640414852, -0.63933202108789, -0.4965494976764624, -0.3808285815972039, 0.10616347813290761, 0.10061657080236315, -0.26492527126802423, 0.21086868359188313, 0.7211244785000744, 0.3317823495534661, -0.0004750068430826315, 0.5884033861439979, 0.09879199872025218]], "inverted": false, "swapped": false, "error_lsq": 0.042928332080368774, "error_max": 0.2795863799470649, "target": "353.xyz", "model": "23.xyz", "model_rescale": 4.410303926677745, "target_rescale": 3.840044631237606},
{"mapping": [2, 4, 5, 15, 1, 0, 10, 14, 7, 11, 6, 13, 16], "R": [[-0.5362938766151671, 0.007921284357611857, -0.8439941535100832], [0.6863612190368049, -0.5778741386674396, -0.44155379837758846], [-0.4912200676961267, -0.8160874543291857, 0.30447349963358417]], "T": [0.12772896615041643, 0.02530235405403946, -0.01060506123415127], "aligned_model": [[-0.6233178238185504, -0.0622814674525044, -0.13146831619833035, 0.5716518069120222, -0.1727464986605636, -0.6240610545240101, 0.36178836318826374, 0.6616722679599668, -0.1665357778679851, 0.5099772012039938, 0.1681913440317225, 0.11202344817262333, 0.04833341998940362], [-0.0527595172509299, -0.10466174366797457, 0.44713837388643607, 0.4810155397304548, -0.7199165330960672, -0.01343023879281164, -0.5192163988255474, 0.33708458086241283, -0.1113412405857066, -0.30501435431675705, 0.7777366073384162, 0.47155206562101915, -0.06001713725833429], [-0.5231760462733522, -0.6593652183157057, -0.3985137806810316, -0.3339813044641514, 0.2905571124393026, 0.050200877224794424, -0.27986232241080694, 0.2647971600963293, 0.5696256559413626, 0.3708377858350656, 0.0899115056609143, 0.5323508812331668, -0.03988237972845887]], "inverted": true, "swapped": false, "error_lsq": 0.04695578886620825, "error_max": 0.287493619716638, "target": "353.xyz", "model": "24.xyz", "model_rescale": 4.28219845311461, "target_rescale": 3.840044631237606},
{"mapping": [12, 14, 10, 6, 7, 9, 13, 0, 3, 4, 8, 1, 15], "R": [[0.02790906932041695, -0.6682384924797757, 0.7434234331913576], [0.9994233511465787, 0.03304296502478163, -0.00781841705933306], [-0.019340347272238267, 0.743212943664686, 0.668775351920704]], "T": [-0.006053630168768885, 0.0182458891666548, -0.016782972287943933], "aligned_model": [[-0.4630842717174799, 0.08672817640918015, -0.08787461973811161, 0.6020069521344894, -0.17867366298315165, -0.6211263129556914, 0.0015143058728810319, 0.7713821571544468, -0.10742894438179831, 0.4483775309453256, 0.025176482541376884, 0.11096958385353603, 0.0652595358010494], [-0.2644813111317683, 0.1098533450288747, 0.6314401793876898, 0.597806945889776, -0.6629104367218358, -0.17307776859177074, -0.5239690049714991, 0.18104661218125795, -0.05498698546033129, -0.334173533482615, 0.7105987444426197, 0.38378251332631136, 0.027240703747901038], [-0.5604816233162622, -0.7672123395792384, -0.5137768424051644, -0.3432311990253901, 0.31754379858671805, 0.18804509402647548, -0.2593982889021771, 0.16934519111260202, 0.7476811122849693, 0.43481579141027876, 0.023444639872786992, 0.49562891538107084, 0.0010956771107600606]], "inverted": true, "swapped": false, "error_lsq": 0.04704883073973873, "error_max": 0.2765732268216871, "target": "353.xyz", "model": "25.xyz", "model_rescale": 4.100010024507729, "target_rescale": 3.840044631237606},
{"mapping": [11, 8, 4, 9, 2, 0, 5, 6, 7, 1, 10, 12], "R": [[-0.3389180184841727, 0.9264693836959838, 0.1636736320264996], [0.32357369836300814, -0.04857078568059919, 0.9449555230306103], [0.8834221179450099, 0.37322293586053, -0.2833196104635182]], "T": [0.0058486275034518136, 0.08499753451771672, -0.038566948781622784], "aligned_model": [[-0.5306028927448395, 0.04534844443977547, 0.5115789002753005, 0.4880294198084749, -0.49514842339437226, 0.14077276066373481, -0.28557165639454957, 0.547936648398138, -0.06534071640744009, 0.1696810871452091, -0.5686592504874637, -0.08125871893896072], [-0.5056092929529734, -0.6641570277434252, -0.11806025431894915, -0.4305199692920033, 0.5761096888383711, 0.7712311782973387, 0.23280134400665659, 0.24154799648178002, -0.32130248440097897, 0.7821794865803365, 0.11452249449029696, -0.012611769935810077], [-0.09880470123358678, 0.2221408270258883, 0.45738710351647105, -0.21572306571321312, -0.12216406679360123, 0.30093722980813564, 0.507520488386221, -0.1353289943409899, -0.58888463745317, -0.3551539233913569, -0.38637437243642525, -0.02035959752001661]], "inverted": true, "swapped": true, "error_lsq": 0.06193384534322144, "error_max": 0.3647320672468228, "target": "353.xyz", "model": "26.xyz", "model_rescale": 3.6694154284099745, "target_rescale": 3.840044631237606},
{"mapping": [1, 5, 0, 4, 3, 6, 7, 10, 12, 9, 2, 11, 13], "R": [[-0.24303992266039143, 0.8448834698839143, 0.4765537937212839], [-0.8127425925373921, -0.4455467392444318, 0.37541654388725704], [0.5295102211183741, -0.2960743580007755, 0.7949584267529964]], "T": [0.16366287925557124, 0.019737273133009985, -0.05222625675464381], "aligned_model": [[-0.563120619015295, 0.06873402460622896, -0.0915718000307332, 0.5836744714826975, -0.17478820471380077, -0.5069408406271686, 0.14901944318812202, 0.6402597565686793, -0.20474923548051574, 0.48967608870239476, -0.10268657609365081, 0.22429734686539818, 0.14142305748369557], [-0.11738499535674335, -0.13083269614189974, 0.4411203263490532, 0.6417164591683442, -0.6505216466564787, 0.03234859893343522, -0.5780428644895886, 0.3107012340390535, -0.02049641644184417, -0.35518212833503104, 0.6100290353973489, 0.37456798353923526, 0.070147113639726], [-0.5345434592481221, -0.8231320205342817, -0.49293582561500343, -0.3872825574304907, 0.24616118355765743, 0.09379441693705912, -0.2486263625654327, 0.17157300571486755, 0.6494763706426946, 0.41469382756319756, 0.15451814883185996, 0.7266152531403272, -0.03681205443690429]], "inverted": false, "swapped": false, "error_lsq": 0.05065665484025969, "error_max": 0.30212109008766524, "target": "353.xyz", "model": "27.xyz", "model_rescale": 4.103607728864725, "target_rescale": 3.840044631237606},
{"mapping": [9, 5, 6, 7, 3, 10, 0, 8, 12, 2, 11, 13, 14], "R": [[0.6498726952809397, 0.6775343415925303, -0.3444019394414959], [0.3367296159998687, 0.14957238152304383, 0.9296457757630626], [0.6813799568793233, -0.7201217387694264, -0.13094287195120705]], "T": [0.005275485048252024, 0.08592961255417997, 0.039779859157506266], "aligned_model": [[-0.46856258475502793, 0.15665797825833855, -0.22132555763467732, 0.4908373833062919, -0.18806104352594377, -0.5036861304477676, 0.1641916479397268, 0.7045228905292523, -0.10767687352357243, 0.3684165539530634, -0.03385059272956541, 0.18107672299564098, 0.1106865185702929], [-0.1596600107005673, 0.0406657407907047, 0.4357378232713023, 0.3890514859442529, -0.6135733214706149, 0.09551244372547343, -0.5428637364142946, 0.5108631156575602, -0.24854295749416555, -0.4237429958242269, 0.7717818804448302, 0.3983588852904485, -0.025418349576092264], [-0.5809351693440477, -0.6744854508249588, -0.4372457649150002, -0.39888632189127865, 0.23173684542367914, 0.06510809644668139, -0.2586431936492556, 0.09235894887004419, 0.822508088942949, 0.4266688646558579, 0.051486700160250386, 0.5795524105412843, 0.014275872141224027]], "inverted": false, "swapped": false, "error_lsq": 0.04400659397465404, "error_max": 0.318178613545199, "target": "353.xyz", "model": "28.xyz", "model_rescale": 4.137296879288765, "target_rescale": 3.840044631237606},
