[{"mapping": [3, 4, 10, 8, 9, 0, 2, 1, 6, 5, 7, 11], "R": [[-0.2548734302564633, 0.01399132994157043, 0.9668731960478427], [-0.5335134375388787, -0.8359669966078617, -0.1285402370772697], [0.8064756329330434, -0.5486013336375495, 0.22053033853950677]], "T": [-0.03931870134719934, -0.1417046656641173, 0.07724777147961691], "aligned_model": [[-0.03741177630800913, -0.6662310665094302, 0.4480741112153135, -0.20694882212494867, 0.37231990847260704, -0.43827179122467175, -0.7243632164594495, -0.13119073249693358, 0.37968950332410484, 0.10903177991006191, 0.6906370899738995, -0.06309653962496418], [-0.6354868821145375, -0.33704546835989724, -0.030855946784433957, -0.6015390821158717, -0.588651243601787, 0.3124093738261643, -0.03802639167376666, 0.3154213150143832, -0.23275002319995142, 0.6525576649015655, 0.41597096600234384, -0.07803170835607337], [-0.4025521880255195, -0.3930407824448888, -0.383102262461949, 0.48166827386014865, 0.08944759948614905, -0.054692613605988025, 0.48799717610904203, 0.6106106190797254, 0.6614543742703243, -0.11202932033293646, 0.3069557217734943, 0.06266611167742639]], "inverted": false, "swapped": false, "error_lsq": 0.06007509385270863, "error_max": 0.3580393966781352, "target": "354.xyz", "model": "0.xyz", "model_rescale": 3.751011558992144, "target_rescale": 3.8892424726236814},
{"mapping": [12, 13, 9, 7, 11, 3, 0, 1, 6, 8, 10, 14], "R": [[0.039984205526980066, -0.42037280795429005, 0.9064700577741119], [-0.9082358264895016, -0.39347965623134273, -0.14241293344705802], [0.4165440514391102, -0.8175943141098097, -0.3975306161115167]], "T": [-0.004116173478917132, 0.08790338727243206, 0.08225206140240526], "aligned_model": [[-0.14701784010358102, -0.2753258785244403, 0.3275166565235562, -0.2209756372925811, 0.4910155925778574, -0.6726309380946792, -0.6835612037227576, -0.15445167839305565, 0.3284954271043804, -0.06772393648460517, 0.7995105141470238, 0.007387370410462564], [-0.6203207970965542, -0.06428110585964981, -0.09505424227792665, -0.3722331720914333, -0.5373886909587899, -0.23989297777058888, 0.11939099943958173, 0.22142989672028018, -0.25757853309468665, 0.7483944024653553, 0.21033165847178587, 0.041175135590764536], [-0.09087425787917744, -0.5740918836750445, -0.4569471533486533, 0.5076029089253393, 0.10644586369668343, -0.08816930482873864, 0.41820964749988127, 0.7495267100087502, 0.6599522527880457, 0.09338415351066337, -0.025679460755658967, 0.056023233442937845]], "inverted": false, "swapped": false, "error_lsq": 0.055865054871158594, "error_max": 0.3544101767321445, "target": "354.xyz", "model": "1.xyz", "model_rescale": 3.9405287249114394, "target_rescale": 3.8892424726236814},
{"mapping": [11, 10, 9, 6, 5, 3, 7, 1, 0, 4, 2, 12], "R": [[0.8147374487671306, -0.15044257173287418, 0.5599731441657054], [-0.5300634413842779, 0.19820130604418337, 0.8244689141442727], [-0.23502263228098533, -0.9685469915769596, 0.08173791912532287]], "T": [-0.04410131706016869, -0.017345192888038007, 0.11120248245102467], "aligned_model": [[0.041281186520059174, -0.35602416137347875, 0.22697015650253693, -0.29112746072372414, 0.58943915546304, -0.5778563780017977, -0.7176357852581889, 0.13010900293803063, 0.3052254463336379, -0.242851406707498, 0.6006791419831373, 0.02402955047182509], [-0.683880777363464, -0.20430786023455355, -0.16294092536354096, -0.4159838295586675, -0.36937004750161556, 0.04289656597301212, 0.12147131178207254, 0.41832301509653685, -0.4479168014885984, 0.6530451761822664, 0.16444658875860957, 0.03819015725608015], [-0.12555568899730618, -0.6498732164952372, -0.6342525772242882, 0.3858313503610059, 0.05846490774278017, -0.08444041667239392, 0.5061596337174933, 0.7492231007039931, 0.7400974581980186, 0.05856336386256693, 0.23521673680612576, 0.11594805738227029]], "inverted": true, "swapped": false, "error_lsq": 0.06116757801419793, "error_max": 0.33646436312586003, "target": "354.xyz", "model": "2.xyz", "model_rescale": 3.932901565614263, "target_rescale": 3.8892424726236814},
{"mapping": [3, 11, 1, 7, 0, 12, 9, 5, 4, 10, 2, 13], "R": [[0.08793052550508879, -0.2114225351656764, -0.9734314224990466], [0.743757888028421, -0.6361266429677763, 0.20534628825973433], [-0.6626404958044003, -0.7420535059755904, 0.10131222823249353]], "T": [-0.06211149979998208, -0.15499512432918433, 0.054022824771127215], "aligned_model": [[-0.02918434779300061, -0.5348603083757799, 0.47511897858950314, -0.24366771230610396, 0.521872689681787, -0.44519981041354995, -0.7037461078233159, -0.22175278940617454, 0.4829513794837841, -0.17322362359079302, 0.7035166112220057, -0.09958651112078229], [-0.609111536513329, -0.12461932057594885, -1.3413640366055635e-05, -0.5544434322549114, -0.48295581621707023, 0.48911702998867673, -0.10769063601732025, 0.2099954150358817, -0.18560111374170973, 0.4412471775584131, 0.12800945683125792, -0.049961236915435775], [-0.17701735555889264, -0.7031393592449109, -0.4319120508588542, 0.6172465266364229, 0.07285312362024653, 0.20062667564408865, 0.40879071306027415, 0.6524342639010428, 0.7360757080409995, -0.3271525334141925, 0.221121166574405, 0.08545583098439871]], "inverted": false, "swapped": false, "error_lsq": 0.06270233180906463, "error_max": 0.472923489554137, "target": "354.xyz", "model": "3.xyz", "model_rescale": 3.9243930471874484, "target_rescale": 3.8892424726236814},
{"mapping": [0, 2, 6, 1, 5, 4, 7, 8, 9, 10, 11, 12], "R": [[-0.7965071499259384, -0.21710215930909094, 0.5643075513761877], [0.47646819616706293, 0.3491995945173205, 0.8068690731650607], [-0.3722289861874863, 0.9115515869177504, -0.17469769955430736]], "T": [0.0252079533334319, 0.029136225177849348, 0.11551169001989503], "aligned_model": [[-0.19276891474806565, -0.7195070875724683, 0.5247134548770978, -0.1287040788145588, 0.39975416431860916, -0.5035681397136811, -0.7089298145313283, -0.21840884784596906, 0.291100585071133, 0.15916306108581668, 0.7755297954128526, 0.05386427060814199], [-0.6730080337228703, -0.3195879674304583, 0.0031213013957745867, -0.598954729885989, -0.5936563915543219, 0.26695313453505926, -0.18671527812534733, 0.3927600204340667, 0.030713517953721608, 0.7109793955339275, 0.2025238223243409, -0.0811562179197652], [-0.31204167277208716, -0.302824820043218, -0.4053856054280024, 0.4187824246936447, -0.09771962136617901, -0.011792003900163384, 0.35502917420105834, 0.5680213127052123, 0.7689533571271994, -0.003960648472039502, 0.2974126406546528, 0.08090817198495051]], "inverted": false, "swapped": false, "error_lsq": 0.07103580197440158, "error_max": 0.45267194198378113, "target": "354.xyz", "model": "4.xyz", "model_rescale": 3.8936222436046832, "target_rescale": 3.8892424726236814},
{"mapping": [5, 6, 7, 1, 4, 9, 0, 3, 2, 8, 10, 11], "R": [[-0.13807049539968203, 0.9838547789026161, -0.11386971647708202], [0.9903553635974479, 0.13848333111917077, -0.004315182024548753], [0.0115235451946549, -0.11336728378426811, -0.9934863194194092]], "T": [-0.009970719541487583, 0.013437615749421164, 0.07923500579213438], "aligned_model": [[0.08195256115328294, -0.3816577315523299, 0.29750441438328096, -0.4700142057212564, 0.5318886954921224, -0.578192073539802, -0.5366868773118771, -0.053487063599107945, 0.24330791432601145, -0.003366963553386733, 0.5864387859990129, 0.0145509920716296], [-0.6887565514292826, -0.27411800611756254, 0.07079955736742231, -0.602861792836065, -0.5540514692059965, 0.2485538206816864, 0.015987569609256, 0.3929530569465453, -0.22857157630391461, 0.7357634859365662, 0.1897872729708921, -0.15151279408140916], [-0.315282825355433, -0.5640139021298766, -0.4881415685038212, 0.3064877218634574, 0.2015833270014908, 0.016938883442272415, 0.7900668395305592, 0.5086024358727119, 0.7383555937819404, -0.07589253527023515, 0.1917689988070005, 0.04490974034496122]], "inverted": false, "swapped": false, "error_lsq": 0.060827025206019965, "error_max": 0.34744495130220204, "target": "354.xyz", "model": "5.xyz", "model_rescale": 3.6523030999806103, "target_rescale": 3.8892424726236814},
{"mapping": [4, 2, 10, 3, 11, 1, 0, 5, 7, 8, 9, 12], "R": [[0.0073256350866861, -0.05260018347998899, 0.9985887821162663], [0.9942849651162704, 0.10674556163737275, -0.0016712912549277648], [-0.1065070101651232, 0.992894055661828, 0.053081550628189034]], "T": [0.0043733275956940355, 0.0299965508710308, 0.025299172121379193], "aligned_model": [[0.030355723766606106, -0.46464637838868117, 0.4511488445291321, -0.3249235595801664, 0.5864812729005717, -0.6734035112693856, -0.734593127410783, -0.18124315257659376, 0.21247938833307695, 0.154572447117309, 0.7064702718829488, -0.03045977115645435], [-0.4842539033062643, -0.30094455860543967, -0.06973339322751809, -0.47831576719133495, -0.605293953037437, 0.16681879466184485, -0.13108142443171283, 0.40060379133084506, -0.22932435806966506, 0.6845968667891668, 0.1951666069191466, 0.005733871706506594], [-0.2276889449801575, -0.4714000645057077, -0.6064591815123124, 0.365626735434039, 0.20453454473972438, -0.04006975241887373, 0.669617567595407, 0.5657622380139121, 0.6221765409063951, 0.0766971639235794, 0.0747118080377479, 0.1218740541512746]], "inverted": true, "swapped": false, "error_lsq": 0.051296523576808174, "error_max": 0.2552520328882115, "target": "354.xyz", "model": "6.xyz", "model_rescale": 4.08911054899281, "target_rescale": 3.8892424726236814},
{"mapping": [4, 5, 10, 6, 8, 7, 2, 1, 9, 13, 11, 14], "R": [[0.61824339305922, 0.25254899646168516, -0.7443078068412416], [-0.759643711838742, -0.05111998807797233, -0.6483272151335056], [-0.20178339377283183, 0.9662327624362073, 0.1602426622108313]], "T": [-0.023063099581636295, -0.08614449113269207, 0.10656758489982586], "aligned_model": [[-0.08683728571764629, -0.25269101892495893, 0.4701327479755827, -0.4171012008018303, 0.47809609590443364, -0.7413651885342212, -0.6313715930417902, 0.04705625362283754, 0.5229141609581239, -0.19737261801485992, 0.4409573213582069, 0.09982077336370215], [-0.718382558305679, -0.24454246825887843, -0.08317864866153557, -0.3372053695196382, -0.5435802065598783, 0.07174130355119451, 0.1810207530748501, 0.24883704309226284, -0.24653164833872543, 0.6248022746838293, 0.27312774123189826, -0.0721356424515617], [-0.1984854749148729, -0.6024333523941364, -0.41881223792622835, 0.2821961036085898, 0.03771266266214182, -0.13509985059954327, 0.5634297658286231, 0.7552714517681195, 0.6457726467127288, 0.11465524897726533, 0.0947534002165165, 0.21642234544582423]], "inverted": true, "swapped": false, "error_lsq": 0.05912692143756865, "error_max": 0.39501841846968216, "target": "354.xyz", "model": "7.xyz", "model_rescale": 3.964800864290218, "target_rescale": 3.8892424726236814},
{"mapping": [8, 5, 1, 9, 7, 10, 11, 6, 4, 3, 2, 13], "R": [[0.5856101891915376, -0.018779628898697, -0.8103752413872716], [-0.7919490724958901, 0.19992742367116464, -0.5769278047009955], [0.17285072429108, 0.9796307216510912, 0.10220702671250728]], "T": [0.06472264739936312, -0.012979564037585975, 0.13403605191349477], "aligned_model": [[-0.16594987476772324, -0.4034100688316618, 0.5435152878904155, -0.3913214263749343, 0.507256323841728, -0.7393828345778699, -0.40812256877036285, -0.06684532200726823, 0.26040301236974145, -0.11698469706772313, 0.6944587776577493, 0.018621838785488856], [-0.6072015032660737, -0.013539312737147466, -0.1403755593385269, -0.516809395306097, -0.5572753702828165, -0.043397965312371375, -0.09289063744017466, 0.4230021738142762, 0.06953044308458425, 0.6431059432470144, 0.051655549778288415, -0.06183179270281743], [-0.29578723254639927, -0.5587280996156794, -0.4295664311943098, 0.24374489698945434, 0.012548663761591014, -0.03216595687484497, 0.8101757907151208, 0.4933626677721372, 0.8048524861960792, -0.11595783561225059, 0.3286213444288688, 0.09428241536526108]], "inverted": false, "swapped": false, "error_lsq": 0.06736140784320184, "error_max": 0.46845526004620897, "target": "354.xyz", "model": "8.xyz", "model_rescale": 4.121658175737393, "target_rescale": 3.8892424726236814},
{"mapping": [2, 3, 11, 1, 8, 0, 4, 9, 6, 5, 7, 12], "R": [[0.7804919605730406, -0.10875946400623196, 0.6156327464243014], [-0.5962284325108861, 0.16663797857532603, 0.7853301473660239], [-0.1879998823043858, -0.9800016138177561, 0.06521411785902473]], "T": [0.0233620048999022, -0.020939546452928115, 0.04044226151764595], "aligned_model": [[-0.17335157034322066, -0.1296337900435644, 0.44013809183751157, -0.4582093369941104, 0.5606038234336435, -0.7541056449969004, -0.576766691452143, 0.21231827057662117, 0.24281237572895295, -0.1874572135264423, 0.5941658272612387, -0.03827569333400696], [-0.6563750403773054, -0.28212474733783527, 0.014354049849835654, -0.40890621618513384, -0.5118177599269984, 0.024082243871786313, 0.18169799689546098, 0.31585083733634445, -0.34776630600732855, 0.5597200542190426, 0.3320909196098783, -0.06683345840960866], [-0.15923736497198016, -0.6882953929495494, -0.4371392812271463, 0.34458469781490497, 0.07147685000151681, -0.07064929928774773, 0.6624643604492266, 0.7780448537606035, 0.6107122450133015, 0.05081489692766894, 0.10945962688586723, 0.08314651696836216]], "inverted": false, "swapped": false, "error_lsq": 0.06677718623543925, "error_max": 0.35647530133819433, "target": "354.xyz", "model": "9.xyz", "model_rescale": 3.833441315466971, "target_rescale": 3.8892424726236814},
{"mapping": [4, 3, 7, 5, 6, 2, 13, 0, 12, 8, 11, 14], "R": [[0.7763537069177697, 0.3125726953258464, -0.5473328346552703], [0.5169665222031878, 0.1810044963509776, 0.8366498593927272], [0.3605836056675052, -0.932488971751122, -0.021066107527414012]], "T": [0.06461136379187692, -0.04876005011436657, 0.1903513823928172], "aligned_model": [[-0.11083017575781214, -0.23410699667718254, 0.3623461839556637, -0.4937041260024907, 0.38537402767066115, -0.5924289767817918, -0.6334557850104664, -0.13954226092943517, 0.5805322750780322, -0.008979206650436236, 0.5895227835236179, 0.027510705729219813], [-0.7591961035202058, -0.26080100640024595, 0.08052623043992171, -0.38680961030211647, -0.6472566180811175, 0.07828956891868921, 0.15455304098689282, 0.00041502410516319754, -0.14163297190624818, 0.7066677315435435, 0.3583365123315826, -0.029119224577721117], [-0.12652944743412167, -0.5971305689709451, -0.39150170155904385, 0.36766892292266734, 0.17840401287806812, -0.07195881582682392, 0.5175402944367201, 0.8382140771764572, 0.48737039021264483, 0.01294603574812292, 0.03518221237676605, 0.1051772974245161]], "inverted": false, "swapped": false, "error_lsq": 0.061240835131964266, "error_max": 0.31701174189210796, "target": "354.xyz", "model": "10.xyz", "model_rescale": 4.2482417240324, "target_rescale": 3.8892424726236814},
{"mapping": [7, 9, 8, 5, 3, 9, 4, 6, 2, 0, 1, 11], "R": [[-0.38076856364607414, 0.9161298305587917, -0.12538514465129158], [0.924159804340188, 0.38154891675059155, -0.01868368722591121], [0.030723882905829017, -0.1229900714967265, -0.9919321979512606]], "T": [0.0668480067873857, -0.014344396785899126, 0.14277895858973563], "aligned_model": [[-0.052333213657956304, -0.55083012251786, 0.34067661119963943, -0.48715994249560124, 0.6529207839390079, -0.55083012251786, -0.73182332632739, -0.09004242451858055, 0.5029961579004192, 0.08230591412752396, 0.6729684472673857, -0.05661031425114829], [-0.6438724144756335, -0.2178271047276871, -0.008319427875854274, -0.38273661702814427, -0.5135320578673838, -0.2178271047276871, 0.24009940985235714, 0.1590512469376786, -0.32862458506619124, 0.7422903637780384, 0.34804620344859405, -0.022775338709949022], [-0.07641629302887065, -0.36356027382817124, -0.4066201896714211, 0.4914170725672219, -0.11295919921532685, -0.36356027382817124, 0.3942188741885655, 0.7475942043014242, 0.6514635759312315, 0.10954692373075078, 0.16369828583074228, 0.12056000240705288]], "inverted": true, "swapped": false, "error_lsq": 0.07095702128847713, "error_max": 0.49037680696375346, "target": "354.xyz", "model": "11.xyz", "model_rescale": 3.6694154284099745, "target_rescale": 3.8892424726236814},
{"mapping": [10, 9, 8, 12, 2, 7, 5, 0, 1, 6, 3, 13], "R": [[0.6176001248349452, 0.6252029229088563, -0.4771701908020697], [0.6865689900719896, -0.7245285211643286, -0.060674903304082886], [-0.3836575395784488, -0.29013742813648563, -0.8767138444891567]], "T": [-0.05407953089786428, 0.022092073153224992, 0.09094974690466176], "aligned_model": [[-0.23274055913103184, -0.195214944359285, 0.4468983364408628, -0.22218026273341282, 0.3907407434773359, -0.7265856671471971, -0.7434704522278104, -0.030593267987534874, 0.566446947834478, -0.31565782845538787, 0.80459960814696, -0.01000420571039698], [-0.5385478820504175, -0.09388300729299694, -0.11986577030519106, -0.4869808522559312, -0.4558609274898487, -0.09829035332893736, 0.12861574388137353, 0.3280857375341645, -0.17101060403837892, 0.5214286414710471, 0.07645974756494756, 0.0638220998483077], [-0.14840744418925023, -0.6909177883419779, -0.4581103576635601, 0.5085086060349713, 0.0940199380014548, -0.2012982412335034, 0.4883961679970291, 0.7363598004664964, 0.6332888837508214, 0.13671675730690358, 0.05991440009458818, 0.19691198716105496]], "inverted": false, "swapped": false, "error_lsq": 0.060163321179968914, "error_max": 0.35590487024099265, "target": "354.xyz", "model": "12.xyz", "model_rescale": 3.9764082729961374, "target_rescale": 3.8892424726236814},
{"mapping": [7, 3, 4, 1, 0, 11, 10, 12, 9, 6, 5, 15], "R": [[0.583582564716281, 0.163355835379991, -0.7954534940563611], [0.7848514578339049, 0.1379500018900256, 0.6041340795837764], [0.20842163826043222, -0.9768749500452183, -0.047704849638064324]], "T": [-0.06885290829591453, -0.021797135651272573, 0.1286936187374565], "aligned_model": [[0.09675501334037351, -0.5289067814952644, 0.46241358097358887, -0.2503331283991804, 0.4527595620895387, -0.829441529640283, -0.7312184577984244, -0.1274182741556752, 0.3464331257803748, 0.17346396045187942, 0.7262447462909448, -0.05851336929029269], [-0.5746188195852839, -0.20352641304463154, -0.06053679527198062, -0.37044880403052166, -0.5262706739671293, 0.15478745246217263, -0.09407349629916979, 0.20916604339451422, -0.18497246626588876, 0.6188663250302024, 0.2092876130129646, -0.023687391897110124], [-0.3591546168713889, -0.5523117783086873, -0.3530935520454075, 0.6275217676110261, 0.10556758622589528, -0.015762364425888326, 0.5783544970468761, 0.720673046416362, 0.5316954151324849, -0.2096725600794167, 0.260007991294234, 0.021557277388938312]], "inverted": false, "swapped": false, "error_lsq": 0.046993696758822485, "error_max": 0.2619457800307745, "target": "354.xyz", "model": "13.xyz", "model_rescale": 4.170626492500431, "target_rescale": 3.8892424726236814},
{"mapping": [9, 1, 3, 10, 11, 7, 8, 12, 5, 2, 6, 13], "R": [[0.9225622222652401, -0.38581934800138257, 0.004730407679037818], [-0.1236449133065067, -0.2839991460560005, 0.950818815786104], [-0.36550086383269775, -0.877774410510611, -0.3097114831424582]], "T": [-0.08109862619851683, 0.07166699894073457, 0.07563493701314453], "aligned_model": [[-0.11008860537249666, -0.37672195309116696, 0.3738382714420957, -0.3455048250735506, 0.40680417295669424, -0.8679281177483249, -0.6455656089676048, -0.09412591125315399, 0.5500148850758871, 0.09318423397917501, 0.7423295029308833, 0.006002403269142684], [-0.6870441413395697, -0.17222922569281945, -0.007799727301998252, -0.3738388407493352, -0.43483953583931656, -0.08679550953425501, 0.1678133716728346, -0.09265290147206869, -0.06228058570636914, 0.6613641999988695, 0.21021343975756623, 0.03206202974459958], [-0.2068954599106755, -0.5906502497513269, -0.436411020900089, 0.2991124834766118, 0.14678014017372432, -0.03933804904920116, 0.5485928560492312, 0.7887516044376301, 0.716707170704736, -0.15849080473438112, 0.17692791271003822, 0.11029612617873014]], "inverted": true, "swapped": false, "error_lsq": 0.053966037909004554, "error_max": 0.3545762233913505, "target": "354.xyz", "model": "14.xyz", "model_rescale": 3.9786697098870705, "target_rescale": 3.8892424726236814},
{"mapping": [8, 3, 2, 7, 5, 9, 6, 1, 10, 0, 4, 11], "R": [[0.12258124081541649, 0.8063116097129559, -0.5786496586383295], [-0.5005175186318584, -0.4532451837986297, -0.7375981405250112], [-0.8570041148925486, 0.38003998658752836, 0.3480137291139405]], "T": [-0.04463368684650688, -0.07068807690704233, 0.1568649185991205], "aligned_model": [[-0.026864706381995125, -0.3857217837015809, 0.4351820807682127, -0.1457363908308305, 0.4766434345979736, -0.6181526867360851, -0.6800514733069858, -0.06289945296115146, 0.36661076925116914, -0.041221664988597424, 0.552264147985887, -0.1378138255484362], [-0.4490048688212423, 1.3939528070716634e-07, -0.003600708899570995, -0.5846001105780586, -0.6620280013324467, -0.03328774820193693, 0.0064320259279043585, 0.4134634088263303, -0.08831704652933137, 0.5409126584110725, 0.06301666168048807, -0.04901383634035118], [-0.20200663824398513, -0.6939060955771017, -0.5636373579199485, 0.5600381695544325, 0.004395760507848234, -0.08207323287031879, 0.6233972510181167, 0.6321919556407296, 0.8799750106707707, -0.17440307675196354, 0.1842646949264559, 0.1871462684299921]], "inverted": false, "swapped": false, "error_lsq": 0.060854838988778026, "error_max": 0.31068769204543456, "target": "354.xyz", "model": "15.xyz", "model_rescale": 3.769337070930944, "target_rescale": 3.8892424726236814},
{"mapping": [7, 9, 3, 5, 8, 10, 4, 2, 0, 1, 11], "R": [[0.8832622153178753, -0.46700831786578256, 0.04184602771986491], [-0.4467603636444568, -0.8111486765280699, 0.3774162185744455], [-0.14231316336879093, -0.352052631876163, -0.9250977828970487]], "T": [-0.08873034426491754, -0.009576854053056964, 0.021932866050462782], "aligned_model": [[-0.2654818119906139, -0.40799710344665935, -0.1989316425534271, -0.6879188495274172, 0.40970346976090277, 0.5589312996133294, 0.5897222697220057, 0.30133016566207965, 0.14233852031714478, -0.4413679904084278, -0.07770219645774624], [0.0941828170997629, -0.5234710892289345, 0.6322530810480905, 0.19040017323957528, 0.1656703752042567, -0.4592228303931217, 0.17054951540816432, -0.2827385560334365, 0.4417211006146626, 0.120818617329283, 0.04590129333703897], [-0.6541814448904493, -0.1576251744806495, -0.1833707501428456, 0.07348245125452564, -0.6075657690273135, -0.30093675572616047, 0.03837723665296297, 0.3620080557397834, 0.46271332663841763, 0.7827208686290461, -0.07140443742354051]], "inverted": false, "swapped": true, "error_lsq": 0.04694597167802128, "error_max": 0.2627307813245284, "target": "354.xyz", "model": "16.xyz", "model_rescale": 3.7852294659196426, "target_rescale": 3.8892424726236814},
{"mapping": [11, 6, 7, 8, 2, 10, 9, 0, 3, 4, 1, 12], "R": [[-0.2980020277285345, -0.8322321037341169, 0.4675302310909616], [-0.8547107852365219, 0.014543749824961094, -0.5189007158805982], [0.42504619168985625, -0.5542365964597747, -0.7156518218202446]], "T": [0.0472939370138892, -0.04121644767706, 0.1269019387362696], "aligned_model": [[-0.21763237482694095, -0.287654472984362, 0.25911359370423814, -0.16108132665650363, 0.4818312633017826, -0.654218924634198, -0.7293519323340887, -0.172191423099156, 0.5337414763192142, 0.024560650309353643, 0.6967298125647783, -0.041607893516537944], [-0.6792311579925739, -0.0012168214754531212, -0.29380563331097914, -0.48670459560461715, -0.47099344371355245, 0.22225644422079838, -0.22785685469902067, 0.3067446427768246, 0.007381594545573543, 0.666761966482811, 0.17158544157570207, -0.06094900926737533], [-0.11943797509967291, -0.6938311655341503, -0.49177256495432037, 0.5538983916475775, 0.1033208706797431, -0.16926830868306747, 0.4574293016024053, 0.6714167796404564, 0.7541996295964206, 0.13293914412266777, 0.042034078359241, 0.11445452800772744]], "inverted": false, "swapped": false, "error_lsq": 0.058129419293838865, "error_max": 0.2827925600606705, "target": "354.xyz", "model": "17.xyz", "model_rescale": 3.901054581598922, "target_rescale": 3.8892424726236814},
{"mapping": [12, 13, 9, 7, 11, 3, 0, 1, 6, 8, 10, 14], "R": [[0.039984205526980066, -0.42037280795429005, 0.9064700577741119], [-0.9082358264895016, -0.39347965623134273, -0.14241293344705802], [0.4165440514391102, -0.8175943141098097, -0.3975306161115167]], "T": [-0.004116173478917132, 0.08790338727243206, 0.08225206140240526], "aligned_model": [[-0.14701784010358102, -0.2753258785244403, 0.3275166565235562, -0.2209756372925811, 0.4910155925778574, -0.6726309380946792, -0.6835612037227576, -0.15445167839305565, 0.3284954271043804, -0.06772393648460517, 0.7995105141470238, 0.007387370410462564], [-0.6203207970965542, -0.06428110585964981, -0.09505424227792665, -0.3722331720914333, -0.5373886909587899, -0.23989297777058888, 0.11939099943958173, 0.22142989672028018, -0.25757853309468665, 0.7483944024653553, 0.21033165847178587, 0.041175135590764536], [-0.09087425787917744, -0.5740918836750445, -0.4569471533486533, 0.5076029089253393, 0.10644586369668343, -0.08816930482873864, 0.41820964749988127, 0.7495267100087502, 0.6599522527880457, 0.09338415351066337, -0.025679460755658967, 0.056023233442937845]], "inverted": false, "swapped": false, "error_lsq": 0.055865054871158594, "error_max": 0.3544101767321445, "target": "354.xyz", "model": "18.xyz", "model_rescale": 3.9405287249114394, "target_rescale": 3.8892424726236814},
{"mapping": [13, 11, 9, 12, 7, 10, 3, 1, 0, 2, 8, 15], "R": [[-0.4977394382123014, 0.4954419687178315, -0.7118937471850012], [0.6323531700626104, -0.3544747548791666, -0.6888229935659252], [-0.5936201815638268, -0.7930226376254051, -0.13685823414678183]], "T": [-0.0035779975609869057, -0.16027943169003217, 0.16484022853388644], "aligned_model": [[-0.14157062904976964, -0.23439630419345933, 0.3795970015645827, -0.2722419977033488, 0.5723022610061095, -0.615482769635496, -0.7393392264901659, -0.1315432273050504, 0.4272949933617495, -0.17798796259911667, 0.685614752229343, -0.02000844303779767], [-0.6799364076825964, -0.10478586604391138, -0.22356167348441947, -0.48442437322283755, -0.5041426182568395, 0.23350862176554882, 0.01555530771230057, 0.21927187771036266, -0.023439777151494395, 0.6802782298319736, 0.15160789773483474, -0.12595864537478377], [-0.23795563332299965, -0.5154954058371305, -0.4971130363384396, 0.5153951801685653, -0.049041948512631967, -0.13249385261833194, 0.5562047048189771, 0.6893258122141566, 0.6828147767454956, 0.029306967800211692, 0.16140469122140005, 0.15303045304575597]], "inverted": false, "swapped": false, "error_lsq": 0.04615872824673109, "error_max": 0.3063593088389992, "target": "354.xyz", "model": "19.xyz", "model_rescale": 4.410303926677745, "target_rescale": 3.8892424726236814},
{"mapping": [8, 5, 1, 9, 7, 10, 11, 6, 4, 3, 2, 13], "R": [[0.5856101891915376, -0.018779628898697, -0.8103752413872716], [-0.7919490724958901, 0.19992742367116464, -0.5769278047009955], [0.17285072429108, 0.9796307216510912, 0.10220702671250728]], "T": [0.06472264739936312, -0.012979564037585975, 0.13403605191349477], "aligned_model": [[-0.16594987476772324, -0.4034100688316618, 0.5435152878904155, -0.3913214263749343, 0.507256323841728, -0.7393828345778699, -0.40812256877036285, -0.06684532200726823, 0.26040301236974145, -0.11698469706772313, 0.6944587776577493, 0.018621838785488856], [-0.6072015032660737, -0.013539312737147466, -0.1403755593385269, -0.516809395306097, -0.5572753702828165, -0.043397965312371375, -0.09289063744017466, 0.4230021738142762, 0.06953044308458425, 0.6431059432470144, 0.051655549778288415, -0.06183179270281743], [-0.29578723254639927, -0.5587280996156794, -0.4295664311943098, 0.24374489698945434, 0.012548663761591014, -0.03216595687484497, 0.8101757907151208, 0.4933626677721372, 0.8048524861960792, -0.11595783561225059, 0.3286213444288688, 0.09428241536526108]], "inverted": false, "swapped": false, "error_lsq": 0.06736140784320184, "error_max": 0.46845526004620897, "target": "354.xyz", "model": "20.xyz", "model_rescale": 4.121658175737393, "target_rescale": 3.8892424726236814},
{"mapping": [4, 2, 10, 3, 11, 1, 0, 5, 7, 8, 9, 12], "R": [[0.0073256350866861, -0.05260018347998899, 0.9985887821162663], [0.9942849651162704, 0.10674556163737275, -0.0016712912549277648], [-0.1065070101651232, 0.992894055661828, 0.053081550628189034]], "T": [0.0043733275956940355, 0.0299965508710308, 0.025299172121379193], "aligned_model": [[0.030355723766606106, -0.46464637838868117, 0.4511488445291321, -0.3249235595801664, 0.5864812729005717, -0.6734035112693856, -0.734593127410783, -0.18124315257659376, 0.21247938833307695, 0.154572447117309, 0.7064702718829488, -0.03045977115645435], [-0.4842539033062643, -0.30094455860543967, -0.06973339322751809, -0.47831576719133495, -0.605293953037437, 0.16681879466184485, -0.13108142443171283, 0.40060379133084506, -0.22932435806966506, 0.6845968667891668, 0.1951666069191466, 0.005733871706506594], [-0.2276889449801575, -0.4714000645057077, -0.6064591815123124, 0.365626735434039, 0.20453454473972438, -0.04006975241887373, 0.669617567595407, 0.5657622380139121, 0.6221765409063951, 0.0766971639235794, 0.0747118080377479, 0.1218740541512746]], "inverted": true, "swapped": false, "error_lsq": 0.051296523576808174, "error_max": 0.2552520328882115, "target": "354.xyz", "model": "21.xyz", "model_rescale": 4.08911054899281, "target_rescale": 3.8892424726236814},
{"mapping": [6, 10, 5, 0, 8, 13, 4, 2, 1, 14, 11, 16], "R": [[0.7925396883064943, -0.4899879784755084, -0.3630325376719423], [-0.45769621130938987, -0.08455290468780434, -0.8850790837331352], [0.4029826554730065, 0.8676189182229374, -0.2912771740620682]], "T": [-0.05479716261770052, 0.04514905667199805, 0.05246958591364178], "aligned_model": [[-0.07187630111871579, -0.1522012557498707, 0.3836151357877453, -0.3977838834989037, 0.45521059803062114, -0.7105824029267338, -0.5184079901126857, -0.052078971525134306, 0.36835446252382575, -0.18410281939982334, 0.707311502464412, -0.09521962632715705], [-0.6819358748810375, -0.1891153566979265, -0.05282234456569081, -0.5359242776068549, -0.4243475885866282, 0.12672898337600025, 0.05195705544222227, 0.29946626693092543, -0.21930323924550632, 0.6681121469687911, 0.08372507437195449, 0.027431728031889063], [-0.11068657819899522, -0.7135382707591742, -0.49152059331255155, 0.4329867178124441, 0.06753617907379264, 0.04795293006760721, 0.5733446550520283, 0.7281686294060488, 0.6697264745670496, -0.031313593777018124, 0.1124304375055, 0.07029572194829692]], "inverted": true, "swapped": false, "error_lsq": 0.049624497642708876, "error_max": 0.3293755344620555, "target": "354.xyz", "model": "22.xyz", "model_rescale": 4.204369325754507, "target_rescale": 3.8892424726236814},
{"mapping": [13, 11, 9, 12, 7, 10, 3, 1, 0, 2, 8, 15], "R": [[-0.4977394382123014, 0.4954419687178315, -0.7118937471850012], [0.6323531700626104, -0.3544747548791666, -0.6888229935659252], [-0.5936201815638268, -0.7930226376254051, -0.13685823414678183]], "T": [-0.0035779975609869057, -0.16027943169003217, 0.16484022853388644], "aligned_model": [[-0.14157062904976964, -0.23439630419345933, 0.3795970015645827, -0.2722419977033488, 0.5723022610061095, -0.615482769635496, -0.7393392264901659, -0.1315432273050504, 0.4272949933617495, -0.17798796259911667, 0.685614752229343, -0.02000844303779767], [-0.6799364076825964, -0.10478586604391138, -0.22356167348441947, -0.48442437322283755, -0.5041426182568395, 0.23350862176554882, 0.01555530771230057, 0.21927187771036266, -0.023439777151494395, 0.6802782298319736, 0.15160789773483474, -0.12595864537478377], [-0.23795563332299965, -0.5154954058371305, -0.4971130363384396, 0.5153951801685653, -0.049041948512631967, -0.13249385261833194, 0.5562047048189771, 0.6893258122141566, 0.6828147767454956, 0.029306967800211692, 0.16140469122140005, 0.15303045304575597]], "inverted": false, "swapped": false, "error_lsq": 0.04615872824673109, "error_max": 0.3063593088389992, "target": "354.xyz", "model": "23.xyz", "model_rescale": 4.410303926677745, "target_rescale": 3.8892424726236814},
{"mapping": [10, 1, 11, 4, 9, 0, 2, 5, 15, 13, 14, 16], "R": [[0.3943567691293749, 0.33233423315478267, 0.856759415539312], [-0.3306510245097964, 0.9211899379076411, -0.20513166086281842], [-0.8574104260110572, -0.20239331948248418, 0.4731641423400532]], "T": [0.013963608018458348, -0.00935588722401897, 0.08811150423357156], "aligned_model": [[0.01396792527835617, -0.4279374828560521, 0.3490540408829103, -0.3344580589722133, 0.5000409790804026, -0.6858723478689701, -0.8139745276946891, -0.18034127541649875, 0.4982589842115851, 0.2438601126419237, 0.6612131245573224, -0.09157302569649706], [-0.6327152794377018, -0.2038892526412166, -0.11836269829817145, -0.45115217500350735, -0.40378378465860604, 0.27333244635241444, -0.12696366690260055, 0.11261364904675603, -0.07421334346202718, 0.6485726325393173, 0.1876223225052593, -0.05708827650177792], [-0.09952381865624046, -0.6212653668256092, -0.43777194630744026, 0.4847256177833233, 0.11209914053279715, 0.06160203435814726, 0.45359858303293427, 0.6737488305056871, 0.6082707969536401, -0.003890038541945251, 0.06767530481463366, 0.05611357173510095]], "inverted": false, "swapped": false, "error_lsq": 0.04295019089284716, "error_max": 0.2739634459481565, "target": "354.xyz", "model": "24.xyz", "model_rescale": 4.28219845311461, "target_rescale": 3.8892424726236814},
{"mapping": [2, 0, 6, 13, 14, 4, 7, 9, 11, 1, 10, 15], "R": [[-0.734906820904172, 0.2796624290296728, 0.6178194642270076], [-0.5304689230021502, -0.8046321560563592, -0.2667767140682148], [0.4225099836896902, -0.5237900526253991, 0.7396818873361842]], "T": [-0.035171343951651265, 0.014063262411478622, 0.21452741537084072], "aligned_model": [[-0.10657358195260923, -0.23039552101641514, 0.442148351325572, -0.27881393086075196, 0.48504224918997046, -0.693814342305517, -0.7013594555999961, -0.15002462175430475, 0.3984156944553655, -0.12328922167110899, 0.748829097658733, -0.05792626932135757], [-0.5447151061624521, -0.005350909650885777, -0.11193665370273548, -0.47502430642784754, -0.5401923713862673, 0.01710174659698213, -0.05157548156817253, 0.2644991682125106, 0.02017921279673493, 0.5714264765988888, -4.4688278252033586e-05, 0.009605486509634123], [-0.17463640567401242, -0.577346806111539, -0.5394533964544281, 0.4476541980194316, 0.1663285065785111, -0.10300800211671482, 0.6113031214535232, 0.8317504427624577, 0.5438326636207157, -0.08789428679943842, 0.09267056447628905, 0.14418210963023242]], "inverted": false, "swapped": false, "error_lsq": 0.049189179813294466, "error_max": 0.3334846824640698, "target": "354.xyz", "model": "25.xyz", "model_rescale": 4.100010024507729, "target_rescale": 3.8892424726236814},
{"mapping": [7, 9, 8, 5, 3, 9, 4, 6, 2, 0, 1, 11], "R": [[-0.38076856364607414, 0.9161298305587917, -0.12538514465129158], [0.924159804340188, 0.38154891675059155, -0.01868368722591121], [0.030723882905829017, -0.1229900714967265, -0.9919321979512606]], "T": [0.0668480067873857, -0.014344396785899126, 0.14277895858973563], "aligned_model": [[-0.052333213657956304, -0.55083012251786, 0.34067661119963943, -0.48715994249560124, 0.6529207839390079, -0.55083012251786, -0.73182332632739, -0.09004242451858055, 0.5029961579004192, 0.08230591412752396, 0.6729684472673857, -0.05661031425114829], [-0.6438724144756335, -0.2178271047276871, -0.008319427875854274, -0.38273661702814427, -0.5135320578673838, -0.2178271047276871, 0.24009940985235714, 0.1590512469376786, -0.32862458506619124, 0.7422903637780384, 0.34804620344859405, -0.022775338709949022], [-0.07641629302887065, -0.36356027382817124, -0.4066201896714211, 0.4914170725672219, -0.11295919921532685, -0.36356027382817124, 0.3942188741885655, 0.7475942043014242, 0.6514635759312315, 0.10954692373075078, 0.16369828583074228, 0.12056000240705288]], "inverted": true, "swapped": false, "error_lsq": 0.07095702128847713, "error_max": 0.49037680696375346, "target": "354.xyz", "model": "26.xyz", "model_rescale": 3.6694154284099745, "target_rescale": 3.8892424726236814},
{"mapping": [6, 1, 3, 2, 12, 0, 4, 10, 11, 8, 9, 13], "R": [[0.8748349749791047, 0.13142118380710405, 0.46625340642192525], [-0.11318613175299927, 0.991309185856655, -0.0670447433808848], [-0.4710123842661701, 0.005879666908540098, 0.8821070022309894]], "T": [-0.05483447798152839, 0.06071881047261575, 0.0378872507288423], "aligned_model": [[-0.027131322731034746, -0.4443993213649475, 0.5400449923668623, -0.27354883072469743, 0.4824878145449474, -0.6864970327733588, -0.640323956828007, 0.0075761242696320424, 0.3606810052898276, -0.08999528035407924, 0.578577373221397, -0.07523311676896147], [-0.5620792310287159, -0.2971891868989954, -0.09135963224351847, -0.46653897659689336, -0.5165283286717552, -0.13062291769096995, 0.3137574511989165, 0.2576761112877508, -0.33855600244567935, 0.685439827085177, 0.2829483612151944, 0.017025098327627296], [-0.24942019173595725, -0.6690694324652868, -0.48730012854887433, 0.40706593928220886, 0.1262235833512741, 0.0014990236440857174, 0.5562539998055855, 0.6028681869336852, 0.6735774080979997, 0.1676738517673756, 0.15733175249760345, 0.06867871675532874]], "inverted": false, "swapped": false, "error_lsq": 0.05598981828238173, "error_max": 0.39123729307131744, "target": "354.xyz", "model": "27.xyz", "model_rescale": 4.103607728864725, "target_rescale": 3.8892424726236814},
{"mapping": [6, 11, 7, 10, 5, 13, 12, 3, 0, 4, 1, 14], "R": [[-0.30564792737346974, 0.8595585712815599, -0.4095587955699472], [0.8460246096360711, 0.04782964752527119, -0.5309940533638223], [-0.4368314370354262, -0.5087940520033739, -0.7418267373609235]], "T": [-0.11865022125025303, -0.16576763340426232, 0.11315791669068129], "aligned_model": [[0.0072494799663998105, -0.39178579560585036, 0.3678959694898316, -0.4087511075678398, 0.5294388303480568, -0.5549119434668276, -0.6646913425136984, -0.12022241543420877, 0.4188992501377027, -0.08913923376306725, 0.6423171923044314, -0.004060435747350419], [-0.7013848971112207, -0.3268116659967576, -0.12364546310090628, -0.5416114266716476, -0.47763079572138634, 0.2358485197309122, 0.29392178574423433, -0.055275605314504955, -0.09991810803965101, 0.7269788951788052, 0.3017691947314638, -0.0782678598912035], [-0.20073804522106073, -0.4963689580630679, -0.41748299071152006, 0.29851755395264257, -0.020492221991757292, -0.14809427607185507, 0.5904611210974953, 0.85566710350312, 0.5783419091081242, -0.04092655512569118, 0.1852602184538518, 0.17123785045474674]], "inverted": false, "swapped": false, "error_lsq": 0.05892909160573886, "error_max": 0.3609147862724934, "target": "354.xyz", "model": "28.xyz", "model_rescale": 4.137296879288765, "target_rescale": 3.8892424726236814},
{"mapping": [2, 10, 8, 7, 3, 4, 0, 9, 5, 1, 11], "R": [[0.46853679566911216, -0.7072642972413041, -0.529386895334485], [-0.7699218142718629, -0.620758985085724, 0.1479144426473133], [-0.4332362761963085, 0.3382831599165206, -0.8353866366566142]], "T": [-0.018981497926400803, -0.024939709191930757, 0.08694981214986683], "aligned_model": [[0.44622919339109524, 0.15763703078143865, -0.053332505098860505, -0.583900138301971, -0.13089134124340712, 0.5115475641415116, 0.5183453115932913, -0.4547331730771483, -0.3840326200868259, 0.2591661033754029, -0.06461641476462844], [-0.35641056591400966, -0.7415443267821097, -0.1784172454479558, 0.007329782483690064, 0.557883310326141, -0.11957623126961732, 0.3783187712750517, -0.4009137998568944, 0.3956249861842385, 0.3737654651875788, 0.003087670461838634], [0.21392120776077864, -0.3386974820052524, -0.7196982177011289, -0.33609075543585265, -0.25073803401440653, -0.3631576402610688, 0.09049610676382519, 0.3458389759569991, 0.3895023716015795, 0.7825235099815391, -0.008146020864013073]], "inverted": false, "swapped": true, "error_lsq": 0.051994211521728555, "error_max": 0.2745101228944741, "target": "354.xyz", "model": "29.xyz", "model_rescale": 3.607286011436655, "target_rescale": 3.8892424726236814},
