[{"mapping": [9, 5, 4, 2, 10, 11, 6, 7, 0, 1, 12, 13], "R": [[-0.3294933774050023, -0.841530091127972, -0.4280902007432451], [-0.3085069085954132, 0.5244820984559057, -0.7935628618755991], [0.8923326742841743, -0.12940492311128204, -0.43243122491260627]], "T": [-0.09275705580165035, -0.009612753873008528, 0.05627347963497095], "aligned_model": [[-0.09025393342121145, 0.0013761977128893127, 0.4384493172115472, -0.07165901274333945, -0.05855064924553957, -0.6883939408123979, 0.4163739881774046, -0.17124284719756466, 0.40982746868293624, 0.21691032342633326, -0.5446738008647677, -0.020520648465740685], [-0.2818367272794519, -0.7417285622721798, -0.4513805100607195, 0.7266957243201487, 0.37547212767213073, -0.5660883478547898, -0.23691360837902076, -0.6138576159317678, 0.3668361503290155, 0.4491890849056694, 0.08566740922547736, -0.05850008869745513], [-0.6770041499608063, -0.030867605179808882, -0.40157301547563096, -0.026203528191301423, -0.5927771569227269, 0.077366197401978, 0.47512055724737545, 0.6132036161758866, -0.08764672857914024, 0.4975225085503575, 0.35187983333077777, -0.017068783043397942]], "inverted": false, "swapped": true, "error_lsq": 0.04809843631166949, "error_max": 0.29987914728485443, "target": "355.xyz", "model": "0.xyz", "model_rescale": 3.751011558992144, "target_rescale": 4.093526030158592},
{"mapping": [3, 12, 13, 11, 0, 1, 7, 6, 5, 8, 2, 4, 9, 14], "R": [[0.5878232933364473, -0.41918107311843017, 0.6919183504940263], [-0.628205222340829, 0.3023806456981125, 0.7168850282513244], [-0.5097273530376829, -0.8560684394640852, -0.08558535224396473]], "T": [0.04136462553854605, 0.020332908544031143, 0.0779257407992087], "aligned_model": [[-0.41146383951735427, 0.2001732083536711, -0.3168782688799258, 0.7506717613382797, -0.4302094080411369, 0.06316194553430146, 0.21007328283366986, 0.6584541550123317, -0.2291211436466741, -0.3165219525772881, -0.7742541903868052, 0.2871441680753595, 0.23261923959710687, 0.06452478180205189], [-0.2915875722653172, -0.16084650947955673, 0.3532525142125116, 0.028975681303246688, -0.5734683990564172, -0.5375476241083395, -0.5860667081052353, -0.39352541420055476, 0.5832429972994112, 0.21067499637016013, 0.14204181049194575, 0.12063597984356672, 0.5494753229620537, 0.03054896964562384], [-0.4522231858238272, -0.6248750535843042, -0.45903679333217545, -0.2875050714064487, 0.10078304695874761, 0.49503452464863346, -0.1306262135875661, 0.18584954067208523, 0.07046064593643618, 0.6033830073265657, 0.017172203591328546, 0.822979886662503, -0.26503139821304517, 0.029314510607142956]], "inverted": false, "swapped": false, "error_lsq": 0.050109211104053086, "error_max": 0.37132471773111364, "target": "355.xyz", "model": "1.xyz", "model_rescale": 3.9405287249114394, "target_rescale": 4.093526030158592},
{"mapping": [11, 7, 5, 1, 6, 9, 12, 3, 0, 10, 2, 8, 13], "R": [[-0.6592859834746855, 0.2712600665017333, 0.7012559934255764], [-0.7446940868056163, -0.10682922374894799, -0.6588006026332601], [-0.10379166185472838, -0.9565591948618092, 0.27243677735350136]], "T": [-0.07050004099616478, -0.056448459360306055, -0.0063035195990734354], "aligned_model": [[-0.35366204285464986, 0.2937607757527817, -0.2762994991835459, 0.5314924595054176, 0.42816769366867424, -0.8066042524145065, 0.08285464648309473, 0.6453116463189009, 0.031927709993075454, -0.5801104788724851, 0.014871811918395456, -0.3894410114331849, -0.12628617959803717], [0.7065451849341235, 0.6165926752666815, 0.36349480665999906, -0.4057559271959148, -0.05919975038880336, -0.13662250329119957, 0.2642891020592083, 0.1683396866687652, -0.6815410322797479, -0.5832063713857653, -0.6124911000505084, -0.0877940567142549, -0.09381812071056654], [0.044226349738598236, -0.3157752279091265, -0.5840079694018085, 0.12285932644235953, -0.4937826408224667, -0.25835699010958585, 0.4111889076575764, 0.20132020397405098, -0.12371663286558335, 0.17686437274604408, 0.4763205450352856, 0.5543627900780405, -0.09838268497474029]], "inverted": true, "swapped": true, "error_lsq": 0.050219888808348476, "error_max": 0.3323157450939293, "target": "355.xyz", "model": "2.xyz", "model_rescale": 3.932901565614263, "target_rescale": 4.093526030158592},
{"mapping": [5, 9, 12, 8, 4, 0, 7, 3, 10, 2, 6, 1, 10, 13], "R": [[-0.1377092767387208, 0.9769574133167933, 0.16306553181300745], [0.9577728796218778, 0.089392016324494, 0.2732767433907563], [0.25240298366087965, 0.19381248665347112, -0.9480134249346283]], "T": [0.14830160041687085, -0.06729962137383097, 0.025811154756668297], "aligned_model": [[-0.4127716316749643, 0.13883406226537193, -0.24230391494399312, 0.761076610940205, -0.45722166427699223, 0.1427145195892534, 0.14498939626667337, 0.5919938042054, 0.013839913149103822, -0.43915916092226565, -0.4764514056066674, 0.13846483303376958, 0.013839913149103822, 0.0705284643235903], [-0.17844589359117147, -0.14373023009826064, 0.3692282323788302, -0.1507608036265922, -0.6577026858440703, -0.4305605143574862, -0.6943323437332575, -0.24149772638825343, 0.6359359431420948, -0.1320813202483585, 0.20766980551424877, 0.2623477258114245, 0.6359359431420948, -0.006200087188143438], [-0.40966906299940553, -0.7048472244878377, -0.4640873800720289, -0.3695718786008699, 0.24488238042633853, 0.5888037277978674, -0.3155999489604429, 0.20878035049158303, 0.0028931321913418066, 0.6130871022941711, 0.05351957266805944, 0.6891394938266404, 0.0028931321913418066, -0.03454374631068281]], "inverted": false, "swapped": false, "error_lsq": 0.05341749989651055, "error_max": 0.4428905612478909, "target": "355.xyz", "model": "3.xyz", "model_rescale": 3.9243930471874484, "target_rescale": 4.093526030158592},
{"mapping": [1, 0, 2, 12, 8, 6, 7, 10, 9, 4, 11, 5, 13], "R": [[-0.0861254535066664, 0.9961913576460871, 0.013608277242805722], [-0.8432958970698682, -0.08016651014322877, 0.5314370711914838], [0.5305039455493217, 0.03429445440157369, 0.8469884616415392]], "T": [0.058676880256789424, -0.1352211509591532, -0.09802785286445878], "aligned_model": [[-0.0403786260203894, -0.1182314928567907, 0.4552441832758462, 0.41605850543711875, 0.6915877816329684, -0.5676530626035554, -0.3204087063919502, 0.3754174889050877, 0.06530643869350353, -0.5155480197102639, 0.2405907756851478, -0.39373670736320887, -0.011042672372161527], [-0.6210197722556219, -0.01277488354181644, -0.20249421528849837, -0.4951767534776951, -0.010237003717909837, -0.43604695019244577, -0.5627375719080988, 0.4212371588480538, 0.6332011494351, 0.46231250632301524, -0.11259472113931585, 0.10963279968747427, -0.04547218909065397], [-0.6032816749836166, -0.7052579140246127, -0.720608344280565, 0.11030003411380254, -0.1272742844640437, -0.15742157323139186, 0.49776311515798444, -0.4989726237989117, 0.04788807017406324, -0.08454946665366012, 0.6965089100037988, 0.4384576395558327, -0.10648157219771612]], "inverted": false, "swapped": true, "error_lsq": 0.045062972700608515, "error_max": 0.2195897522002759, "target": "355.xyz", "model": "4.xyz", "model_rescale": 3.8936222436046832, "target_rescale": 4.093526030158592},
{"mapping": [1, 6, 12, 2, 11, 5, 4, 9, 10, 0, 8, 13], "R": [[0.7556330695239984, -0.40478339576693795, 0.5149456930134739], [0.05028961338878514, -0.7480079093585047, -0.6617817784755984], [0.653061726812211, 0.5259606164424346, -0.5448631120974766]], "T": [-0.14983257131513675, -0.0325098982545049, -0.12806306187149552], "aligned_model": [[0.05951194073754304, -0.48948450872529536, -0.27563538028821377, 0.5233037915457976, -0.7124344397253235, -0.7190645698783382, -0.22797485447373558, -0.012450094973438658, 0.5105662753443839, 0.3089343911416781, 0.20759519012683295, -0.1453196986167933], [-0.5526545617111972, -0.6413268148837912, 0.234845788550755, -0.10252458354378724, 0.5575709475584368, 0.006312604137849731, -0.2608566363254946, 0.31091787693275935, 0.16934442728427468, -0.4655223957031852, 0.47294931690767816, -0.060133064094491165], [-0.5601719866744266, -0.11098980013414626, -0.5899989451726506, -0.43035950600900763, -0.11475812701514942, 0.34829388423891916, 0.6648517664783871, 0.561133323644704, 0.17829517231216108, 0.0025166427923604684, -0.31193523774905946, -0.017592467436573445]], "inverted": true, "swapped": true, "error_lsq": 0.0386681320103267, "error_max": 0.2145364314642767, "target": "355.xyz", "model": "5.xyz", "model_rescale": 3.6523030999806103, "target_rescale": 4.093526030158592},
{"mapping": [10, 0, 4, 9, 5, 2, 6, 8, 1, 12, 7, 11, 13], "R": [[0.27089705392028585, -0.09875118183618997, -0.9575296289218761], [-0.4345006705515661, 0.8750806318728519, -0.21317376717422282], [0.85896679415886, 0.47379541134013325, 0.1941493103914736]], "T": [0.01994446783969736, -0.05850775645255171, -0.02839837282986704], "aligned_model": [[0.19958965339096865, -0.3218435288374444, 0.38745423501650356, 0.6791868348574724, 0.497399566453507, -0.39325143379532324, -0.32370121260725404, 0.17676837386838676, -0.6866110767432488, -0.054729872874308735, 0.05663054008934856, 0.593847378464437, 0.07034344738124997], [-0.6001559242620922, -0.15197031904141783, 0.3576981140360498, -0.1495144956752278, 0.511126555901506, -0.6428291483028509, 0.5415260322345065, -0.6661078528554045, -0.07237610231966132, -0.23714635972878656, 0.5902950068033087, 0.07524736260261217, -0.014965965229358544], [0.4666491427450381, 0.5096199565794982, 0.586964624613511, 0.3826071190182374, -0.027143787440758557, 0.16456643535582297, 0.062045375272608186, -0.18097945046692532, 0.012597357989354602, -0.5414306939874055, -0.5374682661229082, -0.5919924692578482, 0.06407439518356434]], "inverted": true, "swapped": true, "error_lsq": 0.055233681452023356, "error_max": 0.30125209833397504, "target": "355.xyz", "model": "6.xyz", "model_rescale": 4.08911054899281, "target_rescale": 4.093526030158592},
{"mapping": [1, 9, 0, 8, 13, 12, 11, 10, 6, 7, 2, 5, 4, 14], "R": [[0.9056242647546187, -0.32234106899460524, -0.2755738128470701], [0.2868156981070161, -0.01310363874112528, 0.957896158240092], [-0.3123802913229992, -0.9465328995292017, 0.08058550553170785]], "T": [0.03669762440194115, -0.02730956246305575, 0.018339872208912467], "aligned_model": [[-0.42968458154224665, 0.1986851124177706, -0.440452426807983, 0.6417886484149793, -0.4371774668741696, 0.11603194803115827, 0.18320913495531513, 0.6552261371884681, -0.2034920065216957, -0.40203950036742864, -0.7567589511214751, 0.3394784008289899, 0.4689027199743622, 0.054656570921543295], [-0.2920786539631524, -0.14239274489801976, 0.49337488485868025, 0.08031499470495018, -0.5286358945162728, -0.5340155150126332, -0.5795323655696404, -0.3391925143595018, 0.4100789483899715, 0.20742975542944803, 0.11449577893825494, 0.17040648594495703, 0.5117207661733036, -0.09616788120724615], [-0.48199104330625137, -0.7399959523139391, -0.6028458633416668, -0.27734709172123345, 0.2633068679649711, 0.5132712419525541, -0.11625364903795742, 0.2169006983766884, 0.006373326173658964, 0.6113796284832448, -0.00304823663609452, 0.6889615205408779, 0.157962756700201, -0.1309945533789776]], "inverted": true, "swapped": false, "error_lsq": 0.04467217018863845, "error_max": 0.31806469918796243, "target": "355.xyz", "model": "7.xyz", "model_rescale": 3.964800864290218, "target_rescale": 4.093526030158592},
{"mapping": [8, 7, 12, 2, 5, 3, 1, 0, 11, 10, 9, 6, 4, 13], "R": [[-0.06483522598406821, -0.3181719982918768, 0.9458133922579804], [-0.19052369102839647, -0.9264253900797189, -0.32471020891335783], [0.9795392369009578, -0.20125251829131058, -0.0005543039732519017]], "T": [0.06419474355750045, -0.04975096411678315, 0.028504452816822613], "aligned_model": [[-0.5487607640380643, 0.08637518386385765, -0.16322012825241727, 0.6470946222895427, -0.46662470986632065, 0.2286039349100717, 0.24790848985082553, 0.6575636806685572, -0.20497411107771246, -0.6324198302205836, -0.5562197616559633, 0.28368134064201195, 0.4182301616936545, -0.00886436930987168], [-0.3383671007982844, -0.15953359928368838, 0.4267319355513066, 0.023420775170752473, -0.6450953387606936, -0.36284405889813665, -0.6599225627298609, -0.38960883282339687, 0.700708716632622, -0.07105996333604178, 0.21121081723707036, 0.2556403875795986, 0.5577191675960463, -0.07319429822419445], [-0.33487393504160384, -0.6745666431936299, -0.5117931130597387, -0.27724439133127715, 0.27923639417066687, 0.6616750676604323, -0.3678032191266149, 0.2419741370172634, 0.2554223228877988, 0.4637148331611836, -0.11586146138029847, 0.47016900786720994, 0.0014423613270980531, 0.014188289497586134]], "inverted": true, "swapped": false, "error_lsq": 0.04241793415638234, "error_max": 0.24544035775867548, "target": "355.xyz", "model": "8.xyz", "model_rescale": 4.121658175737393, "target_rescale": 4.093526030158592},
{"mapping": [6, 0, 1, 3, 4, 5, 10, 11, 8, 9, 7, 12, 13], "R": [[-0.02834551829404447, -0.9661931760874052, 0.2562562742154328], [-0.9830948753262743, 0.07333724543914577, 0.16776803789344416], [-0.18088946265567712, -0.24716875796413182, -0.9519383422189744]], "T": [0.03931451927679099, -0.03504934536942863, -0.08005287619913276], "aligned_model": [[-0.4783337727642428, -0.05645458487484562, 0.1452821590231381, 0.1907108695453487, -0.654197026114229, -0.5422193073850281, 0.27782939853875027, 0.0737795072216608, 0.6199971836866994, -0.16151926444032091, -0.32237238601154583, 0.43150459021202237, -0.047269870202210636], [0.3172321755096702, -0.347331203365088, 0.2335619900454907, 0.6814237905359146, -0.4832282548683605, 0.016170439135006494, -0.7445238822373638, 0.2146792366982205, -0.26137075378124436, -0.6821572087952456, 0.640206949852082, 0.3146837190198407, -0.1089595583372131], [-0.38705604983244773, -0.6353242764310083, -0.72635971382086, -0.3441912557158582, -0.008360647110261299, 0.3799940095758741, -0.18244285113198858, 0.6954089785235369, 0.0891773316599821, 0.3107481521961212, 0.22760694904556994, 0.07667587746960744, -0.07480107046917867]], "inverted": true, "swapped": true, "error_lsq": 0.04724044623135381, "error_max": 0.32773179597846763, "target": "355.xyz", "model": "9.xyz", "model_rescale": 3.833441315466971, "target_rescale": 4.093526030158592},
{"mapping": [9, 3, 2, 4, 11, 12, 7, 6, 13, 10, 8, 1, 5, 14], "R": [[0.45943931774379854, 0.1777193835171974, 0.8702478578160249], [0.5264389418482445, 0.7346527900985815, -0.4279571456420258], [-0.7153862969171367, 0.6547527004317254, 0.2439699724567546]], "T": [0.030181946632982445, -0.05467618402786429, 0.11230225742433338], "aligned_model": [[-0.42955895682515893, 0.20812999576788044, -0.14350991873554259, 0.7219690205658842, -0.3452271971535429, 0.16136876801160116, -0.09043761573150262, 0.6476811700817912, -0.21139304132426806, -0.6336328031392209, -0.731542989611244, 0.49292149009219133, 0.3349644911674397, 0.006641326331280326], [-0.095317177521245, -0.1669268177007168, 0.3851174560634144, -0.02221849770872101, -0.6073085082428409, -0.35606618747464275, -0.6034627526463172, -0.31219801107379974, 0.7039493105451017, -0.007680432929850579, -0.11228326280804746, 0.20021980129976596, 0.5346219167395134, -0.06464079162851485], [-0.5547035430512527, -0.7303460302952578, -0.42905062653187104, -0.2830326930017588, 0.25015206713690225, 0.61725189949738, -0.24574550483763113, 0.22895038505592885, 0.06969444602746001, 0.5948947572453217, -0.042668411913070844, 0.6285474360912576, -0.019115208865630576, 0.02085067789829856]], "inverted": true, "swapped": false, "error_lsq": 0.04907096818631111, "error_max": 0.370143540244041, "target": "355.xyz", "model": "10.xyz", "model_rescale": 4.2482417240324, "target_rescale": 4.093526030158592},
{"mapping": [1, 3, 11, 7, 10, 9, 8, 5, 6, 4, 0, 13], "R": [[-0.4741856754598448, 0.31401278858747256, -0.8225228956036483], [0.8731887243551153, 0.048201380220352086, -0.4849928644876538], [-0.11264722299185798, -0.9481943870053084, -0.2970488303357722]], "T": [-0.0868714246321742, 0.01674864827713582, 0.05026778297073305], "aligned_model": [[-0.5569221844076916, -0.12002500242220418, 0.5970851225085515, 0.5747963153359994, -0.5364808619772791, 0.0956079631478374, -0.32323661818204197, 0.5862772657923327, 0.05316888527860433, 0.15970908986797241, -0.5878958964004625, -0.06531847617861153], [-0.44407336295876043, -0.7607500320110631, 0.002490894623672829, -0.4549371443582262, 0.6044662672734215, 0.775936252999268, 0.16444398682788308, 0.21679510059809803, -0.3014125391412279, 0.5929357243024677, 0.1658195726160557, 0.10441666927905034], [-0.21009557032300122, 0.02976570229029058, 0.49399455285235166, -0.09516730452294761, 0.20247332568066143, 0.09656781813431778, 0.6328226577698812, -0.1932490593245582, -0.5542776191683019, -0.49210559166360984, -0.32625624848641527, -0.019280373384312204]], "inverted": true, "swapped": true, "error_lsq": 0.052889872182362296, "error_max": 0.3023206579154321, "target": "355.xyz", "model": "11.xyz", "model_rescale": 3.6694154284099745, "target_rescale": 4.093526030158592},
{"mapping": [4, 0, 1, 5, 11, 9, 6, 7, 2, 8, 3, 10, 12, 13], "R": [[0.8469821369425067, 0.4676059486349676, -0.25291487995271644], [0.5284306394536425, -0.6884763677526963, 0.4967507929864517], [0.05815770788914679, -0.5543870199123048, -0.8302244956430967]], "T": [0.06629896525930701, -0.0636142548087929, 0.0024896634699528323], "aligned_model": [[-0.5088443809789928, 0.11952717267907925, -0.33520289003427856, 0.7791122894691698, -0.29132944797707494, 0.04157068474234876, 0.19324246835799286, 0.6571030324191468, -0.22603428119027014, -0.4972098517979363, -0.7589791465878797, 0.3210499284950665, 0.4547853382066154, 0.039582823694601345], [-0.2559850195063643, -0.02702468012383802, 0.5464287964866801, -0.21307038919583646, -0.6745127734419689, -0.35816853856941155, -0.5479642619355041, -0.32106728616395497, 0.48687663673389925, -0.015446725254135818, 0.17047797167383288, 0.23664935853119212, 0.48542681655601083, -0.03681386087750187], [-0.4216356363151165, -0.7092447149218107, -0.4254323269248848, -0.3353428707828166, 0.2120930195616264, 0.7490233552421544, -0.2604651825988329, 0.3724002058217132, 0.196949491560743, 0.5052177743872134, -0.07076174067816118, 0.5009598195905686, -0.09446775117855231, -0.11361379230776775]], "inverted": true, "swapped": false, "error_lsq": 0.045585479676972476, "error_max": 0.27919723050004736, "target": "355.xyz", "model": "12.xyz", "model_rescale": 3.9764082729961374, "target_rescale": 4.093526030158592},
{"mapping": [9, 1, 2, 10, 5, 6, 12, 13, 7, 4, 0, 14, 8, 15], "R": [[0.15320014376773694, 0.2195875866213437, -0.9634889764555477], [0.9041232279091027, -0.42468203349957145, 0.0469718977463541], [-0.3988620121104162, -0.8783088649356121, -0.2635955862125682]], "T": [0.054427979595580246, -0.04367182703463464, 0.04558542255538391], "aligned_model": [[-0.3312378760729965, 0.13394059114733872, -0.21391268308326858, 0.6752909058037191, -0.5368867158225874, 0.06860611472751207, 0.2871949799742265, 0.4992114345385598, -0.39845785590525507, -0.5018330721644363, -0.6315492855955004, 0.5367832141264048, 0.37146793611158296, 0.029756051712287748], [-0.34983001653732776, -0.0302413407199542, 0.46516206404095634, 0.013944072074718178, -0.6142478278375121, -0.37754646328496827, -0.531752053185478, -0.40875134058965595, 0.5554350073049358, 0.048624380798927, 0.09342234972682768, 0.06521965436831695, 0.5287116937360694, 0.01765586501724431], [-0.2994191242110026, -0.5843510384488718, -0.5069911548997862, -0.4617177747422022, 0.211759620688045, 0.7325974409743632, -0.2932519297591699, 0.2538284852929321, 0.12924616587815846, 0.49046605159379497, -0.14870382532345275, 0.6735058893134387, -0.2218385998715722, 0.1305494439714011]], "inverted": true, "swapped": false, "error_lsq": 0.04814930388795752, "error_max": 0.25240526681258035, "target": "355.xyz", "model": "13.xyz", "model_rescale": 4.170626492500431, "target_rescale": 4.093526030158592},
{"mapping": [3, 1, 9, 7, 2, 4, 0, 8, 11, 6, 11, 12, 10, 13], "R": [[-0.9893026969981631, 0.0451035797927516, -0.13872937973637567], [0.1328271387263752, -0.11464567564259814, -0.9844863230508671], [-0.06030858089795278, -0.9923820011196953, 0.10742829666221104]], "T": [0.006191027446490653, -0.12072845464822388, 0.03946049860271196], "aligned_model": [[-0.6023420873536874, 0.043632926691142895, -0.05295028286817775, 0.7001209445385731, -0.2546764557184245, 0.21285178227847887, 0.22254691006351274, 0.7020300845484669, -0.4106170486107746, -0.7263498715365332, -0.4106170486107746, 0.28225946556763193, 0.34382573060421195, -0.061341310096058185], [-0.15666750267211338, -0.1821439923409484, 0.4716737250817431, -0.14355632013564357, -0.7185366048261392, -0.4500178359407335, -0.585129519987925, -0.13184430883084794, 0.4497186996030893, -0.07852954739376689, 0.4497186996030893, 0.28289924309188197, 0.32602159214013027, -0.05780028247871703], [-0.2828273191140197, -0.7258111563056695, -0.5099650207621301, -0.37931146990840003, 0.12609616703324933, 0.6326914539424426, -0.26612122384848846, 0.2987686882191347, 0.06227985598114896, 0.45066890145187555, 0.06227985598114896, 0.584049352947481, -0.029427148279946982, 0.08230871311824987]], "inverted": true, "swapped": false, "error_lsq": 0.056600434530283836, "error_max": 0.3696234285041628, "target": "355.xyz", "model": "14.xyz", "model_rescale": 3.9786697098870705, "target_rescale": 4.093526030158592},
{"mapping": [6, 0, 7, 3, 5, 11, 2, 8, 12, 1, 9, 13], "R": [[-0.9495620459200882, -0.24821418227128275, -0.19162891396512877], [0.23245043565966814, -0.14699921511855174, -0.961435398618212], [0.21047260132778983, -0.9574867886680882, 0.19728237026248718]], "T": [-0.04415936031060203, 0.0394777903189045, 0.0017701889909827843], "aligned_model": [[0.026732707219184047, -0.5715307166758122, 0.6013267045991255, 0.5117888368445777, 0.0656808524987339, 0.506122802577591, -0.3491128065014157, -0.04734009092978543, 0.41518954187476037, -0.0524347773779052, -0.4969735016017038, -0.12609495576001403], [-0.32344502891600213, -0.3298248482926067, 0.0889141448655042, -0.5045731378461868, 0.5018891687999918, 0.6409059775204351, -0.369435688799571, 0.2196421497600865, -0.0015851317978965718, -0.6677075641205755, 0.6764266018432195, 0.08346784720804126], [-0.5894779102590334, -0.020879792439246234, -0.510427855342879, -0.029114799676743828, -0.5696832559099311, -0.017386143436028113, 0.5395349345364296, 0.6219179830236747, 0.2984224985760912, 0.03200444906237507, -0.030845824392171057, -0.0640977898687081]], "inverted": true, "swapped": true, "error_lsq": 0.054011558146895865, "error_max": 0.3293657178327826, "target": "355.xyz", "model": "15.xyz", "model_rescale": 3.769337070930944, "target_rescale": 4.093526030158592},
{"mapping": [9, 11, 4, 5, 10, 8, 0, 12, 6, 7, 13], "R": [[0.26940814461658696, -0.38286820571981545, 0.8836465292542811], [0.4133388367422329, 0.8747284472709849, 0.25298448485128355], [-0.8698104722609551, 0.2970893478127087, 0.3939132668004386]], "T": [0.1515864348266284, 0.007379175660971786, 0.057454558143560513], "aligned_model": [[-0.1838185892282986, -0.4809619581412099, -0.24887388908715516, -0.5640543152247487, 0.47608529870988503, 0.39161096464360456, 0.5819814542932596, 0.20723597414930156, 0.040015197675945274, -0.40372280931892657, 0.10712880221951382], [0.1525964963585363, -0.5071673274476467, 0.6528903842404118, 0.20797320150632664, 0.08558679958613283, -0.47470195036647694, 0.47213486958901163, -0.49143640396752153, 0.47504433413443165, -0.07217603475929732, 0.09532012875143389], [-0.634082598481143, 0.06166346750098764, -0.2740709805275977, 0.0657339692915011, -0.6202704804661435, -0.298970206593661, -0.05993488021645513, 0.2783081670950819, 0.5625823948517318, 0.6630498533898279, 0.00020890137964662409]], "inverted": true, "swapped": true, "error_lsq": 0.046762211487165375, "error_max": 0.2774819504048304, "target": "355.xyz", "model": "16.xyz", "model_rescale": 3.7852294659196426, "target_rescale": 4.093526030158592},
{"mapping": [10, 11, 5, 9, 8, 12, 3, 7, 4, 0, 1, 6, 13], "R": [[-0.3991107287137984, -0.9150873299737489, -0.0576697905931334], [0.3304579160925146, -0.08488802325683042, -0.9399955261592154], [0.8552825216952193, -0.3942197382540134, 0.33627757292689575]], "T": [-0.06280018759395281, 0.10185262819926183, -0.05666482596650889], "aligned_model": [[-0.012790191907286273, -0.4459125256870289, 0.2706619727580255, 0.1802248265649036, -0.5625616610410973, -0.5739329077702893, -0.3289231677102037, -0.0660522768995823, 0.6640743067966046, 0.3162547299884846, -0.01256896895881706, 0.39036909807691034, 0.03492261600565946], [-0.11716401847621058, -0.4340957678243342, -0.3647525723722746, -0.5827731703980936, -0.0559504350160607, 0.20461562420225068, 0.7036411039721173, 0.10770668121886712, -0.2952550174524949, 0.4084238837809446, 0.8042297092481527, 0.44976578043343496, 0.04666382238657485], [-0.7779538678010008, 0.4238323555299829, 0.4161255815090331, -0.34655204157365893, -0.4340098442210728, 0.11325656559875448, 0.3593314273380449, 0.7688036493499787, -0.08701876131950373, -0.4777935981566049, -0.12903180210248072, 0.3432189194569054, -0.07645388646520387]], "inverted": false, "swapped": true, "error_lsq": 0.04371712950424814, "error_max": 0.24420975474853204, "target": "355.xyz", "model": "17.xyz", "model_rescale": 3.901054581598922, "target_rescale": 4.093526030158592},
{"mapping": [3, 12, 13, 11, 0, 1, 7, 6, 5, 8, 2, 4, 9, 14], "R": [[0.5878232933364473, -0.41918107311843017, 0.6919183504940263], [-0.628205222340829, 0.3023806456981125, 0.7168850282513244], [-0.5097273530376829, -0.8560684394640852, -0.08558535224396473]], "T": [0.04136462553854605, 0.020332908544031143, 0.0779257407992087], "aligned_model": [[-0.41146383951735427, 0.2001732083536711, -0.3168782688799258, 0.7506717613382797, -0.4302094080411369, 0.06316194553430146, 0.21007328283366986, 0.6584541550123317, -0.2291211436466741, -0.3165219525772881, -0.7742541903868052, 0.2871441680753595, 0.23261923959710687, 0.06452478180205189], [-0.2915875722653172, -0.16084650947955673, 0.3532525142125116, 0.028975681303246688, -0.5734683990564172, -0.5375476241083395, -0.5860667081052353, -0.39352541420055476, 0.5832429972994112, 0.21067499637016013, 0.14204181049194575, 0.12063597984356672, 0.5494753229620537, 0.03054896964562384], [-0.4522231858238272, -0.6248750535843042, -0.45903679333217545, -0.2875050714064487, 0.10078304695874761, 0.49503452464863346, -0.1306262135875661, 0.18584954067208523, 0.07046064593643618, 0.6033830073265657, 0.017172203591328546, 0.822979886662503, -0.26503139821304517, 0.029314510607142956]], "inverted": false, "swapped": false, "error_lsq": 0.050109211104053086, "error_max": 0.37132471773111364, "target": "355.xyz", "model": "18.xyz", "model_rescale": 3.9405287249114394, "target_rescale": 4.093526030158592},
{"mapping": [0, 1, 6, 3, 4, 13, 12, 14, 5, 7, 8, 11, 10, 15], "R": [[0.581136893777107, -0.38706513896676886, 0.7158634568740968], [0.8081669090117519, 0.17111393184774792, -0.5635479300875796], [0.09563554710193656, 0.9060356508020204, 0.4122538557809655]], "T": [-0.005218540654937115, -0.08363986392328158, 0.046562372950125754], "aligned_model": [[-0.5009159295367764, 0.05461899820182821, -0.3384733911647529, 0.6724707821822965, -0.46171744553656596, 0.18024052375802643, 0.2095021919290357, 0.7083035302435986, -0.27679263622866607, -0.5506064667784417, -0.6838811307376631, 0.316604862540003, 0.6459580163435551, 0.013061834282110964], [-0.2116560208754969, -0.05840733381311862, 0.3856268216130016, -0.20845467669696421, -0.6518225682409419, -0.3141315522879347, -0.5666581232822564, -0.24014242066132618, 0.6973124927076929, -0.20865423108314973, 0.23744087144065146, 0.3098097057468646, 0.35542030955456283, -0.04987722920848582], [-0.4123169359872719, -0.6101736564766476, -0.42989689923343843, -0.45402432193763065, -0.012107832198845557, 0.6497276590814208, -0.0974078681895662, 0.30372412389941816, 0.13387543064888155, 0.47381986789159924, -0.04615443100859034, 0.5572876760066908, 0.013406790799890538, 0.03592004716016549]], "inverted": false, "swapped": false, "error_lsq": 0.04708220235926919, "error_max": 0.33513773317585527, "target": "355.xyz", "model": "19.xyz", "model_rescale": 4.410303926677745, "target_rescale": 4.093526030158592},
{"mapping": [8, 7, 12, 2, 5, 3, 1, 0, 11, 10, 9, 6, 4, 13], "R": [[-0.06483522598406821, -0.3181719982918768, 0.9458133922579804], [-0.19052369102839647, -0.9264253900797189, -0.32471020891335783], [0.9795392369009578, -0.20125251829131058, -0.0005543039732519017]], "T": [0.06419474355750045, -0.04975096411678315, 0.028504452816822613], "aligned_model": [[-0.5487607640380643, 0.08637518386385765, -0.16322012825241727, 0.6470946222895427, -0.46662470986632065, 0.2286039349100717, 0.24790848985082553, 0.6575636806685572, -0.20497411107771246, -0.6324198302205836, -0.5562197616559633, 0.28368134064201195, 0.4182301616936545, -0.00886436930987168], [-0.3383671007982844, -0.15953359928368838, 0.4267319355513066, 0.023420775170752473, -0.6450953387606936, -0.36284405889813665, -0.6599225627298609, -0.38960883282339687, 0.700708716632622, -0.07105996333604178, 0.21121081723707036, 0.2556403875795986, 0.5577191675960463, -0.07319429822419445], [-0.33487393504160384, -0.6745666431936299, -0.5117931130597387, -0.27724439133127715, 0.27923639417066687, 0.6616750676604323, -0.3678032191266149, 0.2419741370172634, 0.2554223228877988, 0.4637148331611836, -0.11586146138029847, 0.47016900786720994, 0.0014423613270980531, 0.014188289497586134]], "inverted": true, "swapped": false, "error_lsq": 0.04241793415638234, "error_max": 0.24544035775867548, "target": "355.xyz", "model": "20.xyz", "model_rescale": 4.121658175737393, "target_rescale": 4.093526030158592},
{"mapping": [10, 0, 4, 9, 5, 2, 6, 8, 1, 12, 7, 11, 13], "R": [[0.27089705392028585, -0.09875118183618997, -0.9575296289218761], [-0.4345006705515661, 0.8750806318728519, -0.21317376717422282], [0.85896679415886, 0.47379541134013325, 0.1941493103914736]], "T": [0.01994446783969736, -0.05850775645255171, -0.02839837282986704], "aligned_model": [[0.19958965339096865, -0.3218435288374444, 0.38745423501650356, 0.6791868348574724, 0.497399566453507, -0.39325143379532324, -0.32370121260725404, 0.17676837386838676, -0.6866110767432488, -0.054729872874308735, 0.05663054008934856, 0.593847378464437, 0.07034344738124997], [-0.6001559242620922, -0.15197031904141783, 0.3576981140360498, -0.1495144956752278, 0.511126555901506, -0.6428291483028509, 0.5415260322345065, -0.6661078528554045, -0.07237610231966132, -0.23714635972878656, 0.5902950068033087, 0.07524736260261217, -0.014965965229358544], [0.4666491427450381, 0.5096199565794982, 0.586964624613511, 0.3826071190182374, -0.027143787440758557, 0.16456643535582297, 0.062045375272608186, -0.18097945046692532, 0.012597357989354602, -0.5414306939874055, -0.5374682661229082, -0.5919924692578482, 0.06407439518356434]], "inverted": true, "swapped": true, "error_lsq": 0.055233681452023356, "error_max": 0.30125209833397504, "target": "355.xyz", "model": "21.xyz", "model_rescale": 4.08911054899281, "target_rescale": 4.093526030158592},
{"mapping": [13, 7, 12, 6, 2, 1, 0, 8, 9, 15, 14, 11, 5, 16], "R": [[0.6259799904756499, -0.34067838428356034, 0.7014893370579828], [-0.29432213928562256, -0.9362148248689095, -0.19203197656122747], [0.7221658603468043, -0.08625566751014127, -0.686320938025309]], "T": [-0.039092305939780796, -0.04638445526732601, -0.016791615972533785], "aligned_model": [[-0.37745682140792625, 0.15358440285287517, -0.39126546798588957, 0.633138192553304, -0.4287548282756962, 0.213193246191472, 0.23712254319382836, 0.5779417559327484, -0.14749142313962457, -0.40285400992611636, -0.6184702410806852, 0.22339558316924635, 0.36073936012834557, -0.044448552708293454], [-0.20469806451310632, -0.06959339860488878, 0.36055229627693236, -0.1877519161466389, -0.5391694669675615, -0.5630505035968546, -0.703598007494847, -0.08922832024245328, 0.6577257846294131, 0.005153901834371082, 0.22786639920224047, 0.14092328849655714, 0.5213881244154502, -0.08071407237551517], [-0.5619303339405568, -0.7009942313193457, -0.5221093874897612, -0.30607612377003657, 0.3389890472227326, 0.5303889538172, -0.31986768244076447, 0.2965698171732095, -0.011691319376298831, 0.6129132659796303, 0.013708597824064944, 0.6774050041975864, 0.1076993094707269, -0.049325266892310836]], "inverted": true, "swapped": false, "error_lsq": 0.04121661239736473, "error_max": 0.26916481123131825, "target": "355.xyz", "model": "22.xyz", "model_rescale": 4.204369325754507, "target_rescale": 4.093526030158592},
{"mapping": [0, 1, 6, 3, 4, 13, 12, 14, 5, 7, 8, 11, 10, 15], "R": [[0.581136893777107, -0.38706513896676886, 0.7158634568740968], [0.8081669090117519, 0.17111393184774792, -0.5635479300875796], [0.09563554710193656, 0.9060356508020204, 0.4122538557809655]], "T": [-0.005218540654937115, -0.08363986392328158, 0.046562372950125754], "aligned_model": [[-0.5009159295367764, 0.05461899820182821, -0.3384733911647529, 0.6724707821822965, -0.46171744553656596, 0.18024052375802643, 0.2095021919290357, 0.7083035302435986, -0.27679263622866607, -0.5506064667784417, -0.6838811307376631, 0.316604862540003, 0.6459580163435551, 0.013061834282110964], [-0.2116560208754969, -0.05840733381311862, 0.3856268216130016, -0.20845467669696421, -0.6518225682409419, -0.3141315522879347, -0.5666581232822564, -0.24014242066132618, 0.6973124927076929, -0.20865423108314973, 0.23744087144065146, 0.3098097057468646, 0.35542030955456283, -0.04987722920848582], [-0.4123169359872719, -0.6101736564766476, -0.42989689923343843, -0.45402432193763065, -0.012107832198845557, 0.6497276590814208, -0.0974078681895662, 0.30372412389941816, 0.13387543064888155, 0.47381986789159924, -0.04615443100859034, 0.5572876760066908, 0.013406790799890538, 0.03592004716016549]], "inverted": false, "swapped": false, "error_lsq": 0.04708220235926919, "error_max": 0.33513773317585527, "target": "355.xyz", "model": "23.xyz", "model_rescale": 4.410303926677745, "target_rescale": 4.093526030158592},
{"mapping": [7, 13, 12, 14, 1, 10, 11, 9, 5, 3, 0, 8, 15, 16], "R": [[0.26179300333409383, 0.054250181014810744, 0.9635981222818853], [-0.9641447822044048, -0.030264520276274492, 0.2636454015538061], [0.0434656456679966, -0.9980686232280358, 0.044381989301482766]], "T": [0.033358455921542324, -0.010113791891759968, -0.015265662969024603], "aligned_model": [[-0.35494543208900975, 0.07662686241078279, -0.4092595442782717, 0.5955520848052509, -0.49589659029570354, 0.13801279053412566, 0.26021552194485725, 0.5912810033388916, -0.05005815097685096, -0.618024442482185, -0.7013402917252347, 0.39685669956611547, 0.6217951822485881, -0.062441953503767716], [-0.36315943821015284, 0.019817207650539896, 0.45865449370562045, -0.08943524959114972, -0.6627971182683806, -0.33741569697805285, -0.5945720625315191, -0.16046695656043797, 0.6114869215867602, -0.07264915563357092, 0.1465015669980459, 0.16156563893480752, 0.39298404496787354, -0.034708151157284164], [-0.42332173614257096, -0.7162782192727027, -0.49539214120252884, -0.3837713210065183, 0.15859900018559073, 0.5376401874696332, -0.10282072042910545, 0.2266771827318412, 0.03223440149920661, 0.6020192247310548, -0.0932091723347323, 0.7017433098847535, 0.008578494876093013, 0.05298115946606131]], "inverted": false, "swapped": false, "error_lsq": 0.038189836045521126, "error_max": 0.23922979315078055, "target": "355.xyz", "model": "24.xyz", "model_rescale": 4.28219845311461, "target_rescale": 4.093526030158592},
{"mapping": [1, 8, 5, 10, 0, 2, 6, 14, 9, 4, 3, 13, 11, 15], "R": [[-0.15391422303626262, 0.5870986644575178, 0.7947487465478275], [0.3382510733178147, -0.7244279976620867, 0.600658211966378], [0.9283838771469969, 0.3612744585429462, -0.0870869809903353]], "T": [-0.004228605061050563, 0.07216914160252079, 0.11850488087502616], "aligned_model": [[-0.47300958176038443, 0.04802429047108028, -0.13075555425609917, 0.5803956897624275, -0.3130216277186813, 0.19393555892542824, 0.27610869715714464, 0.7191703843598668, -0.11053063238351575, -0.5804742765714893, -0.7369996383124015, 0.153581531856877, 0.396119756795297, -0.03417085882796204], [-0.07754839892071048, -0.16565685635293542, 0.4063826463221223, -0.11183897780314721, -0.6823913710204697, -0.43421026823255343, -0.725542970549862, -0.15089013450464583, 0.7389227703563812, -0.18129605888997136, 0.2996317868766918, 0.1980758482539614, 0.3572608124456857, 0.00490721693255175], [-0.2910149022749023, -0.5316139440591726, -0.654523543767028, -0.38553903062755185, 0.1474785583064501, 0.5345468039964121, -0.19336611500537065, 0.2026659546679107, 0.08667468436977697, 0.49045231161019914, 0.011955818502573615, 0.6772176146149488, -0.11584741722206109, 0.12659285734389106]], "inverted": false, "swapped": false, "error_lsq": 0.04489900195306364, "error_max": 0.23355779564495893, "target": "355.xyz", "model": "25.xyz", "model_rescale": 4.100010024507729, "target_rescale": 4.093526030158592},
{"mapping": [1, 3, 11, 7, 10, 9, 8, 5, 6, 4, 0, 13], "R": [[-0.4741856754598448, 0.31401278858747256, -0.8225228956036483], [0.8731887243551153, 0.048201380220352086, -0.4849928644876538], [-0.11264722299185798, -0.9481943870053084, -0.2970488303357722]], "T": [-0.0868714246321742, 0.01674864827713582, 0.05026778297073305], "aligned_model": [[-0.5569221844076916, -0.12002500242220418, 0.5970851225085515, 0.5747963153359994, -0.5364808619772791, 0.0956079631478374, -0.32323661818204197, 0.5862772657923327, 0.05316888527860433, 0.15970908986797241, -0.5878958964004625, -0.06531847617861153], [-0.44407336295876043, -0.7607500320110631, 0.002490894623672829, -0.4549371443582262, 0.6044662672734215, 0.775936252999268, 0.16444398682788308, 0.21679510059809803, -0.3014125391412279, 0.5929357243024677, 0.1658195726160557, 0.10441666927905034], [-0.21009557032300122, 0.02976570229029058, 0.49399455285235166, -0.09516730452294761, 0.20247332568066143, 0.09656781813431778, 0.6328226577698812, -0.1932490593245582, -0.5542776191683019, -0.49210559166360984, -0.32625624848641527, -0.019280373384312204]], "inverted": true, "swapped": true, "error_lsq": 0.052889872182362296, "error_max": 0.3023206579154321, "target": "355.xyz", "model": "26.xyz", "model_rescale": 3.6694154284099745, "target_rescale": 4.093526030158592},
{"mapping": [3, 12, 6, 11, 7, 8, 9, 10, 0, 5, 1, 4, 2, 13], "R": [[0.309068785500011, -0.03182441288106075, -0.9505070712910686], [0.6167227754134811, 0.767518727474789, 0.17483712781264205], [0.7239678888706609, -0.6402360578101306, 0.2568429211870592]], "T": [0.007565514688459008, -0.08165806558862199, 0.06314095564418769], "aligned_model": [[-0.4044771833982873, 0.18798155870883543, -0.2720490318171872, 0.7056355327745866, -0.46996318001211534, 0.13083184270797324, 0.23784549305920272, 0.5752234637855773, -0.1405733603510495, -0.5836137813281905, -0.7581760588556468, 0.41484012393920694, 0.3307300550708084, 0.034138265213874405], [-0.47699307528605517, -0.06578565759531937, 0.28357127255209497, -0.026639914882188143, -0.4911469352725415, -0.4635626997377615, -0.6741580808997222, -0.18607666028154463, 0.49953867854346334, 0.04021449483763534, 0.3495714032685013, 0.23741507195369949, 0.4830513236667239, -0.03319317595388657], [-0.5084902763528645, -0.7094720982721834, -0.44638202494464446, -0.43268837203547855, 0.08348145861229163, 0.5604451434629178, -0.18339179854532933, 0.23270489580200948, 0.34098724668553654, 0.5746413160522301, -0.022460688213565158, 0.701772536172019, -0.13383018876433256, 0.04836250079746901]], "inverted": true, "swapped": false, "error_lsq": 0.0446296796119773, "error_max": 0.3164186176000445, "target": "355.xyz", "model": "27.xyz", "model_rescale": 4.103607728864725, "target_rescale": 4.093526030158592},
