[{"mapping": [3, 10, 5, 9, 6, 8, 7, 0, 1, 2, 11], "R": [[0.37065800291564033, -0.2513323399836016, 0.8941167148381449], [-0.3049417818599518, -0.9422538540747969, -0.13844921147218225], [0.8772816848371262, -0.22133623598398605, -0.4258956633845601]], "T": [-0.11901694915034222, -0.1424975294898954, 0.021049669349474463], "aligned_model": [[-0.37109263914774576, -0.048652066264901844, -0.2067759849472934, 0.25008850919436143, 0.5818759449296784, 0.05605824124577413, 0.5289297600111627, -0.5550480818497059, 0.10181782114650548, -0.39433526212199044, -0.15301877989545176], [-0.7360731190128342, -0.1796607537162423, 0.5706931677282114, -0.6008253669526051, -0.11921431029733466, -0.47883159313332924, 0.4020647884982131, 0.2930973048986616, 0.4347048320214218, 0.10414153179420155, -0.08270858354301744], [-0.22011081833819324, -0.6538051476196904, -0.3940933344063986, -0.13078306248021795, 0.20370105912551978, 0.5302957454581355, -0.40347389157524827, 0.0751365029822258, 0.367387651113895, 0.7366747426789156, 0.010979250458257872]], "inverted": false, "swapped": false, "error_lsq": 0.053671680102725564, "error_max": 0.27227577990143775, "target": "357.xyz", "model": "0.xyz", "model_rescale": 3.751011558992144, "target_rescale": 3.757725738857213},
{"mapping": [13, 9, 11, 8, 1, 0, 10, 12, 6, 7, 14], "R": [[0.5041073302365515, 0.8619163625193037, -0.05455257668770977], [-0.7347324152851814, 0.39480765919448074, -0.5516295769541172], [-0.45392078332125296, 0.31816205974764944, 0.8323033258410981]], "T": [0.0545646874904466, -0.16865678290442102, -0.026570114151385184], "aligned_model": [[-0.4822239560174032, -0.2150128115132722, -0.23358407730513422, 0.5561970202924065, 0.4167129059783773, -0.027751260416592177, 0.4148499457555779, -0.6422410687905289, 0.18542757603584453, -0.19231038423206895, 0.009783572513186664], [-0.5361889318275948, -0.05083546879473591, 0.5548043632691569, -0.5983627944160751, -0.07876404464068992, -0.5221313571860094, 0.2736690538708658, 0.07928922818444437, 0.5032466763639207, 0.12646667398836683, -0.14380550052630325], [-0.34949467191913236, -0.6161765348310286, -0.20065414056009848, -0.09088184323934123, 0.5620329039255716, 0.6396012816290855, -0.6156338924697694, 0.04385443892514383, 0.28188797229624096, 0.513459392404412, -0.046086208763883044]], "inverted": true, "swapped": false, "error_lsq": 0.04814046240495788, "error_max": 0.2809388039360578, "target": "357.xyz", "model": "1.xyz", "model_rescale": 3.9405287249114394, "target_rescale": 3.757725738857213},
{"mapping": [8, 4, 3, 2, 0, 5, 1, 10, 6, 11, 12], "R": [[0.060555391873270525, -0.9336453121922386, 0.3530431638433636], [-0.6517074364290107, -0.3048817568404899, -0.6944958831044166], [0.7560492456303369, -0.1880253849013847, -0.6269258272032543]], "T": [-0.015818628133159762, 0.021700526236223698, -0.029403498751202652], "aligned_model": [[-0.6039017120141945, -0.09164416998728347, -0.3979678977402668, 0.361424526238978, 0.6656068252382432, 0.1551885808260507, 0.6701732433479255, -0.849863183724124, 0.11134911586075155, -0.24956555706563155, 0.01904769131994439], [-0.3563346970812062, -0.017995202182554355, 0.3942481470967834, -0.5455419460886143, 0.08654136009253097, -0.4514397018221806, -0.005938293975016225, 0.049980025768838414, 0.4598090678960276, 0.046016753799174075, -0.05195761521843665], [-0.3639740092479812, -0.7253707811938771, -0.234269026595158, -0.01974909085761525, 0.45472975360632284, 0.4949734071605385, -0.4242168473571924, 0.09330374841711295, 0.2659690863030685, 0.6431925043062994, -0.06268004714431721]], "inverted": true, "swapped": false, "error_lsq": 0.0526365714885187, "error_max": 0.3003656687581975, "target": "357.xyz", "model": "2.xyz", "model_rescale": 3.932901565614263, "target_rescale": 3.757725738857213},
{"mapping": [4, 0, 3, 6, 10, 5, 1, 7, 8, 9, 13], "R": [[0.9950028054580587, 0.0997230181040102, -0.004973609435824583], [-0.09666069538231505, 0.9745383315727009, 0.20231596640824953], [0.02502253182234291, -0.20082420161853973, 0.9793076702168099]], "T": [0.04294033605123611, 0.054986210411932274, -0.004958608501507297], "aligned_model": [[-0.4394142497635426, -0.1508345289870452, -0.09196227728171365, 0.3399293271496289, 0.7175541255146554, -0.1609863530216002, 0.5425154622666352, -0.6531680480970413, -0.17079123176658467, -0.23115762518074007, 0.08816286146774144], [-0.5849602403525898, 0.01592877657063821, 0.4842837242084479, -0.5558139026815905, -0.04359329589798791, -0.49882192165654504, 0.043469276827358266, 0.02976399507251728, 0.6734137542574704, 0.061685926210497705, -0.017968194272869956], [-0.35285083065532286, -0.6451743125295604, -0.24618548852380112, 0.06861463183121837, 0.214868042072827, 0.40554126237944865, -0.5518230107255232, 0.1516922922906323, 0.3276867213367759, 0.6766705875028436, 0.07286880241766251]], "inverted": false, "swapped": false, "error_lsq": 0.054567065904027, "error_max": 0.2617064133275524, "target": "357.xyz", "model": "3.xyz", "model_rescale": 3.9243930471874484, "target_rescale": 3.757725738857213},
{"mapping": [11, 5, 1, 6, 3, 10, 0, 9, 7, 8, 12], "R": [[0.5951145143960563, -0.7901962992244416, -0.14638484705441066], [0.21736259875752983, 0.33363199648094416, -0.9173021266657527], [0.7736874145393082, 0.5140812188906888, 0.370308364700751]], "T": [-0.021753312240478207, -0.04128420305876235, 0.11896116469972082], "aligned_model": [[-0.49650208324047557, 0.09821147150921515, -0.17095716895810648, 0.26605119142243877, 0.6300717899729581, -0.03920952575405624, 0.5315125539955061, -0.723029967135792, 0.06533080171504943, -0.38273614144067286, 0.011104540214328783], [-0.6343540167945467, -0.08500877846230359, 0.5191282733677474, -0.6087246840691084, -0.204649376516548, -0.543940320763298, 0.3262906173791217, 0.005537079589104994, 0.7231172520352718, 0.12905585472597214, -0.01906400220606677], [-0.10243414206379692, -0.6275773218771953, -0.2979757194789002, -0.22264735820156703, 0.15623349478820645, 0.613086480245165, -0.4121772221626818, 0.0580824938295202, 0.34484948103963375, 0.6057999785310996, 0.006668532747717296]], "inverted": false, "swapped": false, "error_lsq": 0.0510866459143938, "error_max": 0.29491550953773354, "target": "357.xyz", "model": "4.xyz", "model_rescale": 3.8936222436046832, "target_rescale": 3.757725738857213},
{"mapping": [2, 3, 9, 10, 7, 4, 8, 1, 6, 5, 11], "R": [[-0.5401589765165432, -0.6534889345159323, -0.5302645495918359], [-0.24795311928719296, 0.72570734661805, -0.641769505118731], [0.804206149394763, -0.21517680992574797, -0.5540319573326317]], "T": [0.004061803985207394, -0.009742990942144678, -0.08471678104647586], "aligned_model": [[-0.41004795875852507, -0.03687729538870915, -0.10102133341700865, 0.3499973476621362, 0.5333997117431096, -0.14707855663038458, 0.5497895899754807, -0.7488224009963134, 0.018581600771301502, -0.15221348479404778, -0.06585975786664597], [-0.6163361959306419, -0.15720861706325717, 0.5248111093820225, -0.5366534484367935, 0.0593419032847646, -0.60311705611768, 0.17331777307291643, 0.15484862172665603, 0.6099771006745224, 0.032797571007600335, -0.03439086331476335], [-0.21781919644993541, -0.6386661574125384, -0.37668491609135524, -0.13120730576702755, 0.2824019792861973, 0.42093963301044024, -0.5478936010701041, 0.13705729789305077, 0.41562791179600433, 0.7096000271307298, 0.0685530250717392]], "inverted": true, "swapped": false, "error_lsq": 0.046805126845916374, "error_max": 0.232507068760295, "target": "357.xyz", "model": "5.xyz", "model_rescale": 3.6523030999806103, "target_rescale": 3.757725738857213},
{"mapping": [5, 7, 9, 3, 2, 1, 11, 8, 10, 6, 12], "R": [[0.9196658093512529, 0.35675195223704487, 0.16414275398372724], [-0.07709098070930918, 0.573861330939994, -0.8153159838645724], [-0.3850607481990109, 0.7371643082968927, 0.5552630032422312]], "T": [-0.024521730863588057, -0.052778863467196346, 0.03998041494446307], "aligned_model": [[-0.4924396992825953, 0.03264036952633527, -0.30152942857709647, 0.41933697951758403, 0.4934570963926022, -0.034542038804311975, 0.4445069153312196, -0.6842755252150629, 0.16998791188628523, -0.23557697111900075, -0.02171814735556572], [-0.49340347330490164, -0.19974517032669672, 0.5163293316918134, -0.5201173879154759, -0.18811109316156288, -0.5885694055632091, 0.33429953086773306, 0.055827799210834195, 0.6611206524948838, 0.16394755234683045, -0.1341904380549025], [-0.18542202076274777, -0.6248138830336977, -0.30936965703342817, -0.21929714238213494, 0.5781205048182533, 0.48179819913006644, -0.5962203779100709, 0.12142135260644807, 0.28733950948803866, 0.6154018329688924, -0.027049620492419116]], "inverted": false, "swapped": false, "error_lsq": 0.041700791276909864, "error_max": 0.2565531734347766, "target": "357.xyz", "model": "6.xyz", "model_rescale": 4.08911054899281, "target_rescale": 3.757725738857213},
{"mapping": [1, 13, 7, 11, 10, 8, 12, 6, 5, 4, 14], "R": [[-0.23907505279626062, 0.5339423840744808, 0.811017046441889], [0.26162316060782115, 0.8397707652769947, -0.475750337487705], [-0.935091675165617, 0.0984408059442352, -0.3404599341493944]], "T": [-0.13701578954267996, -0.1099433590159873, 0.026281135096934638], "aligned_model": [[-0.4196123710419665, 0.013998082470018991, -0.3535281006350834, 0.2907677124631481, 0.5328668840549751, 0.04986351204622286, 0.44772655678071865, -0.5951543136576318, 0.15467843906530016, -0.1994665563131171, -0.13229238293219198], [-0.6260204948063874, -0.03604796748968063, 0.5673020632773231, -0.4636475763227268, -0.11064326154557223, -0.39722472972102774, 0.13669448209214352, 0.07380793727085881, 0.5516006468531042, 0.18686049852607955, -0.27529369984876795], [-0.41161111294439473, -0.6861996042374908, -0.279905118130791, -0.1645739539843189, 0.2918590186868335, 0.6159374027380587, -0.2981384724500263, 0.10035893398535198, 0.26664593052005603, 0.662564768062759, 0.024970905151163257]], "inverted": false, "swapped": false, "error_lsq": 0.04884631684555171, "error_max": 0.2628705720120913, "target": "357.xyz", "model": "7.xyz", "model_rescale": 3.964800864290218, "target_rescale": 3.757725738857213},
{"mapping": [1, 7, 2, 8, 10, 5, 12, 0, 6, 3, 13], "R": [[0.08344665629446955, 0.2701025687074025, 0.9592086623519074], [-0.09198152222200827, 0.9605443120255985, -0.26247671173837817], [-0.992258058734216, -0.0663266689419298, 0.10499865648698933]], "T": [0.028201286558466657, 0.09547226227387998, 0.006734293202240411], "aligned_model": [[-0.46347829425494186, -0.03442848551702443, -0.3969043572661621, 0.37135480608157617, 0.5725645106915327, 0.11068912091052163, 0.5034648674801436, -0.6579493866377097, 0.013659743844483891, -0.30377769963393, 0.07465263660190313], [-0.3964075949652984, -0.17794301590011288, 0.38583477614626915, -0.5704793744387244, -0.17970131377587176, -0.5929514140005516, 0.1928705643621228, 0.21354431076734026, 0.5812187798004592, 0.11846761623865418, 0.03293456405105974], [-0.27509062944639784, -0.6476163484819585, -0.40989927467275256, -0.16592624370757836, 0.5572633081166919, 0.47400222715136675, -0.5723279113046688, 0.1753036188808321, 0.32350658906290525, 0.6511129568194571, 0.011580404979303315]], "inverted": false, "swapped": false, "error_lsq": 0.04142404625371148, "error_max": 0.22063210702541833, "target": "357.xyz", "model": "8.xyz", "model_rescale": 4.121658175737393, "target_rescale": 3.757725738857213},
{"mapping": [3, 11, 8, 5, 9, 0, 7, 2, 6, 1, 12], "R": [[0.375306552291325, 0.40749829045650154, -0.8325203511519872], [-0.7227472787922983, 0.6910010213813838, 0.012408039660342096], [0.5803286679163171, 0.5970449997486902, 0.5538554915043812]], "T": [0.026518988741374355, -0.0911584773277366, -0.013969980250307566], "aligned_model": [[-0.6073363720816894, -0.08525602868617811, -0.21287053226677075, 0.44645737002721175, 0.7357271369070009, -0.20045347686951545, 0.499182823671572, -0.6445611072301309, 0.11875073275713786, -0.25527123074092756, -0.00452185318731722], [-0.43650235221999467, -0.10566531163449377, 0.5377812162255245, -0.5414468432470209, 0.23966753873895483, -0.6672851392449516, 0.11045278528624836, 0.029852493611217473, 0.5373329344937452, -0.015299779035354039, -0.081499644688529], [-0.3327943536916839, -0.6387323124943144, -0.2926828375639244, 0.03711866542119142, 0.2702267239949586, 0.47119577740878243, -0.4511801222295152, 0.1177657421721727, 0.26293054476982364, 0.6103468029703841, 0.06771406663932555]], "inverted": true, "swapped": false, "error_lsq": 0.05145474749148557, "error_max": 0.3547328904273766, "target": "357.xyz", "model": "9.xyz", "model_rescale": 3.833441315466971, "target_rescale": 3.757725738857213},
{"mapping": [6, 12, 0, 7, 9, 3, 10, 5, 13, 2, 14], "R": [[-0.5450096969502672, -0.5582461661921979, -0.6255602674098565], [-0.06370902814396465, 0.7715261154920628, -0.6329996941916163], [0.836005735604206, -0.3051371348188241, -0.4560545351067452]], "T": [-0.03154690196376998, -0.09336495563808689, -0.12238780138467663], "aligned_model": [[-0.48799269680827007, -0.08419001847614387, -0.25755955425689897, 0.3578070454928841, 0.48244647205597946, -0.03438157264932315, 0.47984201683811434, -0.5401670156595579, -0.13580620161732132, 0.004344899460017801, 0.005504087920912656], [-0.5277918799076418, -0.19373708960547675, 0.5096394125319031, -0.6231361617969088, -0.1867076248588716, -0.596411080417661, 0.42976429879215094, 0.19341956189476434, 0.6068300014264729, 0.12271004591005827, -0.12719158568344352], [-0.37568614698405584, -0.7141429824498446, -0.34403385859076063, -0.014406555296459136, 0.4981023952334874, 0.5856082513825615, -0.49731619508909236, 0.2189264554440472, 0.24441400061711965, 0.5622096184352926, -0.04176628530509495]], "inverted": true, "swapped": false, "error_lsq": 0.04858400783631835, "error_max": 0.28930868845469426, "target": "357.xyz", "model": "10.xyz", "model_rescale": 4.2482417240324, "target_rescale": 3.757725738857213},
{"mapping": [0, 1, 8, 6, 5, 4, 2, 10, 7, 9, 11], "R": [[0.5413487642659174, 0.28764010286496505, 0.7900662545961552], [0.8385925721046142, -0.11669475755464231, -0.5321135513875125], [-0.06086060662474335, 0.9506027060676271, -0.3043854165004833]], "T": [0.01134988699829292, 0.02569432315272291, -0.09044155549415173], "aligned_model": [[-0.46508218323271405, -0.16232725848213042, -0.4216827558983551, 0.38691835927654716, 0.48731794383327526, 0.02836413102165262, 0.6247985459271516, -0.5875235777966217, 0.20523819421190612, -0.2995681051059031, -0.006605831454415432], [-0.510095285066089, -0.03660525591591068, 0.4316987142426818, -0.502588835646724, -0.09871368900430656, -0.592621608380452, 0.12628398698927656, -0.025460239683236796, 0.5734473809669309, 0.2418700973537189, 0.00017263242945714588], [-0.3349440178825315, -0.772425107600685, -0.2469694876865563, -0.10907928342523296, 0.47715268840319186, 0.5286186229576861, -0.4920878535877746, 0.14136902752588343, 0.25730858278961105, 0.6416164606312105, 0.031349065272397614]], "inverted": false, "swapped": false, "error_lsq": 0.0399222422269282, "error_max": 0.18247086363330423, "target": "357.xyz", "model": "11.xyz", "model_rescale": 3.6694154284099745, "target_rescale": 3.757725738857213},
{"mapping": [5, 7, 10, 6, 4, 0, 9, 12, 2, 1, 13], "R": [[-0.9508099995881807, 0.024311119379357878, -0.30881922569303677], [0.043792428114718236, -0.9763548145138716, -0.21169199185467774], [-0.30666360710547547, -0.2148028064297725, 0.9272632778380435]], "T": [0.08557619461228919, -0.008978101929567765, -0.008058058756139727], "aligned_model": [[-0.3875493925914998, -0.09478996205218629, -0.2052176025375285, 0.2711346142748032, 0.5471031279328552, -0.11066821179077233, 0.4414500510691439, -0.5799854515923455, -0.03892438915164566, -0.11759802457622287, 0.06489270331579142], [-0.6011118787560424, -0.11092838735775656, 0.4337013932739597, -0.5304991421273966, -0.21724720471631642, -0.519008624277462, 0.3634188873872393, 0.10313268368119266, 0.5628095951650207, 0.19005109707231382, -0.06693052105940606], [-0.2728231651258546, -0.7216682515790429, -0.35877535142073486, -0.12398351315246764, 0.5316599420502154, 0.45247952239712796, -0.6239805762276094, 0.0708556100066531, 0.281548583926696, 0.7891753504179678, 0.09742054610424965]], "inverted": true, "swapped": false, "error_lsq": 0.04457712555521109, "error_max": 0.21426892162468428, "target": "357.xyz", "model": "12.xyz", "model_rescale": 3.9764082729961374, "target_rescale": 3.757725738857213},
{"mapping": [2, 9, 12, 4, 6, 3, 5, 10, 13, 11, 15], "R": [[-0.7358965386522855, -0.6498428258036524, 0.19015937040048592], [-0.6371520275789315, 0.5695824758455823, -0.5192428111795803], [0.22911477069722486, -0.503269415880938, -0.8332024465201826]], "T": [-0.033744648491591825, -0.08015084652575065, -0.022953268074186867], "aligned_model": [[-0.5594980771150381, -0.028986990552544875, -0.22603450407132697, 0.5373520860660058, 0.646389630316884, -0.12843489769464195, 0.5779953013208886, -0.7410325164233558, 0.07958060087977917, -0.39040410082914656, 0.022920930402889582], [-0.5900039565895425, 0.011902754142154623, 0.49084564119613006, -0.5000699703995537, 0.13350398418483128, -0.6044800398038205, 0.0702502700630588, 0.2544044318641241, 0.4393515419533949, 0.055797156829864844, -0.15411391515529574], [-0.3390112569861731, -0.617093508937092, -0.23319398106448436, -0.13862595699397665, 0.25168791930115686, 0.628626428582979, -0.5761057278598969, 0.161338719099099, 0.279957944009946, 0.6733633798607219, 0.030964738384921125]], "inverted": true, "swapped": false, "error_lsq": 0.04850367813656673, "error_max": 0.2658743796158482, "target": "357.xyz", "model": "13.xyz", "model_rescale": 4.170626492500431, "target_rescale": 3.757725738857213},
{"mapping": [1, 3, 2, 11, 5, 10, 6, 0, 4, 8, 13], "R": [[0.54834583756454, -0.7408679852325717, -0.3878549611427877], [-0.10398786435749147, -0.5206112234526594, 0.8474375953906539], [-0.8297610297501392, -0.4243566689384714, -0.36251627692482097]], "T": [-0.1072264047466915, -0.07028141019009207, 0.05612829251472955], "aligned_model": [[-0.6653672300026308, -0.021778157118810773, -0.2363921115917173, 0.4332756112051502, 0.7870013069003133, -0.08793019500156114, 0.5695940726661116, -0.6726119799384181, -0.0009880523973535976, -0.30524469153527545, -0.00971111088541525], [-0.49313213478879925, -0.21658879014095078, 0.46418874211307026, -0.49011200242338804, 0.0180785606422115, -0.4776884857796998, 0.176873251775072, 0.09998849444093849, 0.5456650199608609, 0.07112568285663173, -0.09101044037060094], [-0.2608741582396987, -0.6122775362892412, -0.3052441520747879, -0.12067525866052457, 0.19673107923427724, 0.4459685623994926, -0.37782778988725496, -0.02875820505669051, 0.39136930770740525, 0.7578042041279991, 0.0356926441362244]], "inverted": true, "swapped": false, "error_lsq": 0.04314181856429034, "error_max": 0.2722798998726325, "target": "357.xyz", "model": "14.xyz", "model_rescale": 3.9786697098870705, "target_rescale": 3.757725738857213},
{"mapping": [0, 1, 6, 4, 5, 2, 10, 9, 7, 8, 11], "R": [[-0.08721650854795904, 0.9949921866334914, -0.048824473115511524], [-0.2635931295101148, 0.02421449266543496, 0.964329985233281], [0.9606830604896538, 0.09697529006535183, 0.2601612008062948]], "T": [-0.07962952762830576, -0.02456627666289972, 0.024592027984943438], "aligned_model": [[-0.4483216557552926, -0.06718396683621695, -0.42584577073185015, 0.37202564886461453, 0.5008417970169903, -0.025229803681295924, 0.5792653888768081, -0.6678582936077216, 0.20404244853200731, -0.08101796937666886, -0.1508703610009813], [-0.5766158070871424, -0.028678911339219168, 0.5588529414821063, -0.42856619215998787, -0.060038186799290044, -0.7492398383292195, 0.16378485542674664, 0.14435503480080658, 0.5666126974079335, -0.016186001119996865, 0.03310730600260933], [-0.1830447141738329, -0.6540096856475316, -0.3842013424532935, -0.06319407522417667, 0.5781752399646409, 0.4997091875607399, -0.4473214477085935, 0.1380238465233922, 0.1077403048676094, 0.5462777276483816, -0.01624634396013513]], "inverted": false, "swapped": false, "error_lsq": 0.05619388140147943, "error_max": 0.27687031822891045, "target": "357.xyz", "model": "15.xyz", "model_rescale": 3.769337070930944, "target_rescale": 3.757725738857213},
{"mapping": [6, 4, 2, 5, 1, 7, 0, 8, 3, 9, 10], "R": [[0.39894956042507385, 0.7151373471041517, 0.5739493209452179], [0.8305319533058374, -0.5471016150070103, 0.10438628930425539], [0.38865913442839717, 0.43503838639085346, -0.8122103665872604]], "T": [0.003494640367486198, -0.07360741787972605, 0.050808789505400145], "aligned_model": [[-0.5052128107299849, 0.05388462388172616, -0.33283118307671117, 0.3224802772085447, 0.7140037273600263, 0.06946715312636823, 0.44771912749719583, -0.7219990183253572, -0.018841779098420223, -0.23153288140179606, -0.007289774141198798], [-0.3632677895346206, -0.23219598330776267, 0.4539598292412591, -0.6226166060659303, -0.13583562208871186, -0.6431388120574517, 0.2162963463644059, 0.02449979102087939, 0.5997903762049702, 0.3333788102243639, -0.023482441716054847], [-0.38372605120373443, -0.7109937052492414, -0.3429977600532185, -0.16572757301737612, 0.4147221504889756, 0.47791313341853986, -0.31809570644616936, 0.21058249981106042, 0.21043314229657856, 0.7140613485331683, 0.01573721881861776]], "inverted": true, "swapped": false, "error_lsq": 0.044515220470535924, "error_max": 0.226539034471782, "target": "357.xyz", "model": "16.xyz", "model_rescale": 3.7852294659196426, "target_rescale": 3.757725738857213},
{"mapping": [3, 0, 8, 4, 10, 5, 9, 2, 11, 7, 12], "R": [[0.1942369508968313, -0.8559226952867443, 0.4792372550202846], [-0.8861822479625092, -0.3626046685135085, -0.2884421567113982], [0.42065785420269547, -0.36866542293153, -0.8289347233843569]], "T": [-0.08328780389257882, -0.08578586448072845, 0.053720782654810714], "aligned_model": [[-0.6241012077803162, 0.14164561525146713, -0.1818834002420574, 0.23779841577069094, 0.7089056974991728, 0.028686745751083098, 0.44854969707359105, -0.6435590987346824, -0.0703612261881058, -0.24488120046055445, -0.010952575639895615], [-0.3585452629074105, -0.3217189702832415, 0.39265860067838637, -0.7146485876750863, -0.011941603324545094, -0.5525406904122396, 0.4071108268822905, 0.11523834280618628, 0.6113460363144022, 0.06972055635904897, -0.029291350152445113], [-0.46166115717993905, -0.5458521339093639, -0.3770642140565055, -0.0030418812055244687, 0.18112390948501905, 0.5029541777426279, -0.41687831394577746, 0.19433502549986958, 0.281255595191029, 0.7178987199876076, 0.04883896978815813]], "inverted": true, "swapped": false, "error_lsq": 0.05721346178226134, "error_max": 0.3160675291992834, "target": "357.xyz", "model": "17.xyz", "model_rescale": 3.901054581598922, "target_rescale": 3.757725738857213},
{"mapping": [13, 9, 11, 8, 1, 0, 10, 12, 6, 7, 14], "R": [[0.5041073302365515, 0.8619163625193037, -0.05455257668770977], [-0.7347324152851814, 0.39480765919448074, -0.5516295769541172], [-0.45392078332125296, 0.31816205974764944, 0.8323033258410981]], "T": [0.0545646874904466, -0.16865678290442102, -0.026570114151385184], "aligned_model": [[-0.4822239560174032, -0.2150128115132722, -0.23358407730513422, 0.5561970202924065, 0.4167129059783773, -0.027751260416592177, 0.4148499457555779, -0.6422410687905289, 0.18542757603584453, -0.19231038423206895, 0.009783572513186664], [-0.5361889318275948, -0.05083546879473591, 0.5548043632691569, -0.5983627944160751, -0.07876404464068992, -0.5221313571860094, 0.2736690538708658, 0.07928922818444437, 0.5032466763639207, 0.12646667398836683, -0.14380550052630325], [-0.34949467191913236, -0.6161765348310286, -0.20065414056009848, -0.09088184323934123, 0.5620329039255716, 0.6396012816290855, -0.6156338924697694, 0.04385443892514383, 0.28188797229624096, 0.513459392404412, -0.046086208763883044]], "inverted": true, "swapped": false, "error_lsq": 0.04814046240495788, "error_max": 0.2809388039360578, "target": "357.xyz", "model": "18.xyz", "model_rescale": 3.9405287249114394, "target_rescale": 3.757725738857213},
{"mapping": [7, 13, 11, 12, 3, 1, 14, 5, 10, 2, 15], "R": [[0.06037713938485975, 0.6542695110731734, -0.7538474699299402], [-0.9509908365503402, -0.19174934175370303, -0.24258734248576574], [-0.30326725810246286, 0.7315487658502969, 0.6106270329308408]], "T": [-0.09782236034301264, -0.25304619502575687, -0.03471409705867774], "aligned_model": [[-0.56087679560671, 0.004106823097038498, -0.23131843192806692, 0.3891732683878647, 0.6328892913896456, 0.12174897985659869, 0.4605275481511856, -0.7860605136306724, 0.14808291925439726, -0.2877483754132064, -0.10067725125768129], [-0.5359678922096138, -0.06534084740160531, 0.4045792683007494, -0.48657516634237125, -0.07664522253644096, -0.43675895777549245, 0.2020012039096981, 0.12077184189479107, 0.45131790638410685, 0.2525718334412529, -0.22256606937972787], [-0.4832243557892525, -0.6716654212652516, -0.2972417160928898, -0.12657561981012222, 0.3657503505529916, 0.5598928919224849, -0.31917183817813305, 0.2443037561172926, 0.2128860706668741, 0.6461704754657241, -0.009215896192517246]], "inverted": true, "swapped": false, "error_lsq": 0.044391612829591386, "error_max": 0.19885320483538782, "target": "357.xyz", "model": "19.xyz", "model_rescale": 4.410303926677745, "target_rescale": 3.757725738857213},
{"mapping": [1, 7, 2, 8, 10, 5, 12, 0, 6, 3, 13], "R": [[0.08344665629446955, 0.2701025687074025, 0.9592086623519074], [-0.09198152222200827, 0.9605443120255985, -0.26247671173837817], [-0.992258058734216, -0.0663266689419298, 0.10499865648698933]], "T": [0.028201286558466657, 0.09547226227387998, 0.006734293202240411], "aligned_model": [[-0.46347829425494186, -0.03442848551702443, -0.3969043572661621, 0.37135480608157617, 0.5725645106915327, 0.11068912091052163, 0.5034648674801436, -0.6579493866377097, 0.013659743844483891, -0.30377769963393, 0.07465263660190313], [-0.3964075949652984, -0.17794301590011288, 0.38583477614626915, -0.5704793744387244, -0.17970131377587176, -0.5929514140005516, 0.1928705643621228, 0.21354431076734026, 0.5812187798004592, 0.11846761623865418, 0.03293456405105974], [-0.27509062944639784, -0.6476163484819585, -0.40989927467275256, -0.16592624370757836, 0.5572633081166919, 0.47400222715136675, -0.5723279113046688, 0.1753036188808321, 0.32350658906290525, 0.6511129568194571, 0.011580404979303315]], "inverted": false, "swapped": false, "error_lsq": 0.04142404625371148, "error_max": 0.22063210702541833, "target": "357.xyz", "model": "20.xyz", "model_rescale": 4.121658175737393, "target_rescale": 3.757725738857213},
{"mapping": [5, 7, 9, 3, 2, 1, 11, 8, 10, 6, 12], "R": [[0.9196658093512529, 0.35675195223704487, 0.16414275398372724], [-0.07709098070930918, 0.573861330939994, -0.8153159838645724], [-0.3850607481990109, 0.7371643082968927, 0.5552630032422312]], "T": [-0.024521730863588057, -0.052778863467196346, 0.03998041494446307], "aligned_model": [[-0.4924396992825953, 0.03264036952633527, -0.30152942857709647, 0.41933697951758403, 0.4934570963926022, -0.034542038804311975, 0.4445069153312196, -0.6842755252150629, 0.16998791188628523, -0.23557697111900075, -0.02171814735556572], [-0.49340347330490164, -0.19974517032669672, 0.5163293316918134, -0.5201173879154759, -0.18811109316156288, -0.5885694055632091, 0.33429953086773306, 0.055827799210834195, 0.6611206524948838, 0.16394755234683045, -0.1341904380549025], [-0.18542202076274777, -0.6248138830336977, -0.30936965703342817, -0.21929714238213494, 0.5781205048182533, 0.48179819913006644, -0.5962203779100709, 0.12142135260644807, 0.28733950948803866, 0.6154018329688924, -0.027049620492419116]], "inverted": false, "swapped": false, "error_lsq": 0.041700791276909864, "error_max": 0.2565531734347766, "target": "357.xyz", "model": "21.xyz", "model_rescale": 4.08911054899281, "target_rescale": 3.757725738857213},
{"mapping": [1, 2, 15, 0, 7, 6, 3, 11, 9, 5, 16], "R": [[-0.8633310399127225, 0.3136645613336841, 0.39531513819554764], [-0.5046090236449168, -0.5281889175954981, -0.6829247400595618], [-0.005408214062081612, -0.7890697119346578, 0.6142798555446981]], "T": [0.056482761513184335, 0.011652675460444434, 0.044716021456319796], "aligned_model": [[-0.4816072134699103, -0.07041915141425882, -0.39536995759471144, 0.3095666394771104, 0.6185997714423612, 0.09076990194324515, 0.5892729636281859, -0.7021966747892833, 0.01058053120032583, -0.27176865792840665, 0.0924193098057353], [-0.46148712732504205, -0.07688517484576143, 0.3696273742599204, -0.7124235997480266, -0.22734045299146763, -0.5545582909731043, 0.33956832527690817, 0.09925717567274461, 0.624175590690722, 0.22395919802675993, -0.016505119758306534], [-0.29674596340999426, -0.6604866323473682, -0.4015913313269375, -0.06364216500986881, 0.4090001683945076, 0.5282381637030682, -0.5576831405867393, 0.09594096394306852, 0.40562636369193095, 0.6320030041645586, 0.03124926618097515]], "inverted": true, "swapped": false, "error_lsq": 0.03914565960528073, "error_max": 0.1849806406302977, "target": "357.xyz", "model": "22.xyz", "model_rescale": 4.204369325754507, "target_rescale": 3.757725738857213},
{"mapping": [7, 13, 11, 12, 3, 1, 14, 5, 10, 2, 15], "R": [[0.06037713938485975, 0.6542695110731734, -0.7538474699299402], [-0.9509908365503402, -0.19174934175370303, -0.24258734248576574], [-0.30326725810246286, 0.7315487658502969, 0.6106270329308408]], "T": [-0.09782236034301264, -0.25304619502575687, -0.03471409705867774], "aligned_model": [[-0.56087679560671, 0.004106823097038498, -0.23131843192806692, 0.3891732683878647, 0.6328892913896456, 0.12174897985659869, 0.4605275481511856, -0.7860605136306724, 0.14808291925439726, -0.2877483754132064, -0.10067725125768129], [-0.5359678922096138, -0.06534084740160531, 0.4045792683007494, -0.48657516634237125, -0.07664522253644096, -0.43675895777549245, 0.2020012039096981, 0.12077184189479107, 0.45131790638410685, 0.2525718334412529, -0.22256606937972787], [-0.4832243557892525, -0.6716654212652516, -0.2972417160928898, -0.12657561981012222, 0.3657503505529916, 0.5598928919224849, -0.31917183817813305, 0.2443037561172926, 0.2128860706668741, 0.6461704754657241, -0.009215896192517246]], "inverted": true, "swapped": false, "error_lsq": 0.044391612829591386, "error_max": 0.19885320483538782, "target": "357.xyz", "model": "23.xyz", "model_rescale": 4.410303926677745, "target_rescale": 3.757725738857213},
{"mapping": [1, 7, 0, 11, 15, 10, 13, 3, 5, 4, 16], "R": [[0.018300752978261545, 0.5848274755824874, 0.8109512354292604], [-0.9676518269481744, 0.214483819156483, -0.13284063054618994], [-0.2516247687416501, -0.7822873609639006, 0.5698345905890998]], "T": [0.15126456128436935, -0.03512633746943959, 0.037484208867387625], "aligned_model": [[-0.4932051157311733, -0.006182287085519322, -0.3791039673481935, 0.280404794747323, 0.6914718434405, -0.12393386354219751, 0.5753887725672046, -0.7302933325431343, 0.167986252870749, -0.22387631307634479, 0.0311906780011795], [-0.466850551636486, -0.09937184364322413, 0.3965238527948294, -0.6170632302466941, 0.10042306237030509, -0.5104622823720406, 0.1592421221493472, -0.011804893521530413, 0.5373872789770436, 0.1588807376230319, -0.03951635420923581], [-0.32940594891783515, -0.6051773673585146, -0.2830983049525619, -0.17557385724758162, 0.483709088657075, 0.3869202011923665, -0.4883733565800154, 0.21514336206997725, 0.2973891481082407, 0.5810970786461422, 0.03927865377990782]], "inverted": false, "swapped": false, "error_lsq": 0.040263650538981115, "error_max": 0.18823667688501447, "target": "357.xyz", "model": "24.xyz", "model_rescale": 4.28219845311461, "target_rescale": 3.757725738857213},
{"mapping": [9, 11, 8, 13, 2, 4, 14, 1, 6, 0, 15], "R": [[-0.3974993370136967, -0.8643797661005416, -0.30796411646431215], [0.9027271953919168, -0.42855990592604526, 0.03768312264798945], [-0.1645536015209504, -0.26302856686799647, 0.9506514004817181]], "T": [-0.082572541554103, -0.1677366247268115, -0.08817711493556837], "aligned_model": [[-0.38138851219221614, -0.04674387974486674, -0.3990079201565367, 0.35353305910525384, 0.48199367863507203, -0.15960149092178866, 0.5408369549436355, -0.6286251377197867, 0.15173208425696183, -0.045543026955002744, -0.07733834695033245], [-0.6101105145194761, -0.0460336480701727, 0.44500431966028775, -0.5711212531066466, -0.05587875806262273, -0.46662033074662973, 0.17830570121276473, 0.03726710467356284, 0.6547099702568318, 0.18295573306906238, -0.14109042608161532], [-0.5027709417108585, -0.617687987075572, -0.16794705394246556, -0.0912108580704517, 0.2826770680994404, 0.5746830846999816, -0.3560575607120249, 0.1757877160539518, 0.19621711089254054, 0.6474843950457082, -0.019266275883048994]], "inverted": true, "swapped": false, "error_lsq": 0.0476732675212678, "error_max": 0.2292476125016718, "target": "357.xyz", "model": "25.xyz", "model_rescale": 4.100010024507729, "target_rescale": 3.757725738857213},
{"mapping": [0, 1, 8, 6, 5, 4, 2, 10, 7, 9, 11], "R": [[0.5413487642659174, 0.28764010286496505, 0.7900662545961552], [0.8385925721046142, -0.11669475755464231, -0.5321135513875125], [-0.06086060662474335, 0.9506027060676271, -0.3043854165004833]], "T": [0.01134988699829292, 0.02569432315272291, -0.09044155549415173], "aligned_model": [[-0.46508218323271405, -0.16232725848213042, -0.4216827558983551, 0.38691835927654716, 0.48731794383327526, 0.02836413102165262, 0.6247985459271516, -0.5875235777966217, 0.20523819421190612, -0.2995681051059031, -0.006605831454415432], [-0.510095285066089, -0.03660525591591068, 0.4316987142426818, -0.502588835646724, -0.09871368900430656, -0.592621608380452, 0.12628398698927656, -0.025460239683236796, 0.5734473809669309, 0.2418700973537189, 0.00017263242945714588], [-0.3349440178825315, -0.772425107600685, -0.2469694876865563, -0.10907928342523296, 0.47715268840319186, 0.5286186229576861, -0.4920878535877746, 0.14136902752588343, 0.25730858278961105, 0.6416164606312105, 0.031349065272397614]], "inverted": false, "swapped": false, "error_lsq": 0.0399222422269282, "error_max": 0.18247086363330423, "target": "357.xyz", "model": "26.xyz", "model_rescale": 3.6694154284099745, "target_rescale": 3.757725738857213},
{"mapping": [4, 0, 7, 2, 12, 11, 1, 8, 3, 9, 13], "R": [[0.33281286819439, -0.9315663730080209, -0.14635466321543839], [0.690843494394131, 0.3465053736984261, -0.6345622839811867], [0.6418495626060128, 0.11008232682313213, 0.7588880156542699]], "T": [-0.09508333304034292, -0.01957269062229829, -0.0354983713811219], "aligned_model": [[-0.545661396131892, 0.03407056264775127, -0.20085649832664912, 0.2769776350325929, 0.4823280369684123, 0.14131331147180934, 0.4122194235076323, -0.7307427302197296, 0.26237919216454286, -0.2776432308957507, -0.06453684391832623], [-0.6067411077343635, -0.2699785010664214, 0.6007400097549263, -0.5853462225594604, -0.08504908794730763, -0.5567603122115599, 0.3566445628113976, 0.045679594006423976, 0.6080235821410684, 0.1676132298408769, -0.0674378487502341], [-0.39291021938801984, -0.633452838257616, -0.04785620187336305, -0.09550331117162196, 0.5049105150515489, 0.5903782577718281, -0.6525487300337857, -0.02945994788485755, 0.3266820833941442, 0.5941815872849687, -0.04251249749602497]], "inverted": false, "swapped": false, "error_lsq": 0.05306893618583828, "error_max": 0.28232872426704675, "target": "357.xyz", "model": "27.xyz", "model_rescale": 4.103607728864725, "target_rescale": 3.757725738857213},
{"mapping": [12, 2, 4, 0, 5, 10, 1, 13, 8, 11, 14], "R": [[0.5979648488645535, -0.7542021056027399, 0.2713249406648525], [-0.7275505085279315, -0.6527729950555892, -0.2110868884296338], [0.3363157698698362, -0.07118005921990943, -0.9390554307953869]], "T": [-0.008230619793714759, -0.19220809045550039, 0.20524163777513518], "aligned_model": [[-0.63484885207771, -0.11017829297653306, -0.28337098253830906, 0.51341697952175, 0.693443644832713, -0.1445274817021578, 0.5621100213252075, -0.5706636387651626, -0.05022454836008898, -0.2611130261343506, 0.07580363917503471], [-0.46914067435556084, -0.1617085263198408, 0.4168283196012099, -0.3965799984670313, -0.08766269166343381, -0.6158398767722337, 0.19158209393594458, 0.12317373430922737, 0.6257086888997231, 0.1443880331351726, -0.16336120401783105], [-0.3123987316595265, -0.5227673970260994, -0.4071158714860196, -0.2372599399913012, 0.3837462492960666, 0.4537060242810423, -0.36945609105951616, 0.14139857446803128, 0.1661439547317475, 0.7482101190025351, 0.07770180684024094]], "inverted": true, "swapped": false, "error_lsq": 0.045109507120337074, "error_max": 0.25493341401877523, "target": "357.xyz", "model": "28.xyz", "model_rescale": 4.137296879288765, "target_rescale": 3.757725738857213},
{"mapping": [9, 6, 5, 8, 3, 7, 4, 0, 2, 1, 10], "R": [[-0.7454223731461219, 0.5195108210540541, -0.41767689955388504], [0.41531198060848995, -0.12815814800018394, -0.9006061557996459], [-0.5214033413550943, -0.8447981983343154, -0.12022711721919305]], "T": [-0.007657302459256476, -0.06089736903624353, 0.013245445145565736], "aligned_model": [[-0.27342117279457995, -0.2272938488955361, -0.20735976416758595, 0.3962782580868604, 0.6517650929867496, -0.15561694872165324, 0.44672934845603235, -0.7078803983123194, 0.2677730170721854, -0.4153435448612471, 0.014217423451487002], [-0.6900738733046771, 0.14305628690361416, 0.5767038769382715, -0.6512543432915875, -0.05560380153921772, -0.4744774138026735, 0.1170315397167551, -0.07460468620172232, 0.5634119759000326, 0.23905825099854883, -0.08585991403199789], [-0.3666238849533762, -0.6396791421195304, -0.0691057864849391, 0.09490684269763183, 0.18932158631754145, 0.5798773488827049, -0.5880066132111379, 0.017725161348550407, 0.39599217207369464, 0.5707196774249876, -0.06321866457892668]], "inverted": false, "swapped": false, "error_lsq": 0.06838858536481109, "error_max": 0.3169605796720247, "target": "357.xyz", "model": "29.xyz", "model_rescale": 3.607286011436655, "target_rescale": 3.757725738857213},
{"mapping": [1, 13, 7, 11, 10, 8, 12, 6, 5, 4, 14], "R": [[-0.23907505279626062, 0.5339423840744808, 0.811017046441889], [0.26162316060782115, 0.8397707652769947, -0.475750337487705], [-0.935091675165617, 0.0984408059442352, -0.3404599341493944]], "T": [-0.13701578954267996, -0.1099433590159873, 0.026281135096934638], "aligned_model": [[-0.4196123710419665, 0.013998082470018991, -0.3535281006350834, 0.2907677124631481, 0.5328668840549751, 0.04986351204622286, 0.44772655678071865, -0.5951543136576318, 0.15467843906530016, -0.1994665563131171, -0.13229238293219198], [-0.6260204948063874, -0.03604796748968063, 0.5673020632773231, -0.4636475763227268, -0.11064326154557223, -0.39722472972102774, 0.13669448209214352, 0.07380793727085881, 0.5516006468531042, 0.18686049852607955, -0.27529369984876795], [-0.41161111294439473, -0.6861996042374908, -0.279905118130791, -0.1645739539843189, 0.2918590186868335, 0.6159374027380587, -0.2981384724500263, 0.10035893398535198, 0.26664593052005603, 0.662564768062759, 0.024970905151163257]], "inverted": false, "swapped": false, "error_lsq": 0.04884631684555171, "error_max": 0.2628705720120913, "target": "357.xyz", "model": "30.xyz", "model_rescale": 3.964800864290218, "target_rescale": 3.757725738857213},
