[{"mapping": [2, 1, 5, 3, 8, 0, 6, 9, 7, 11, 10, 12], "R": [[0.31181188046053904, -0.9438251907786724, 0.1093954316014403], [-0.8571471017611664, -0.3291006557536935, -0.3962216605953313], [0.40996609267852324, 0.02977864392634122, -0.9116145211764746]], "T": [-0.10151375745691973, -0.06318848701156327, -0.043648833561650634], "aligned_model": [[-0.2150730463284853, 0.22711354110214513, 0.4100591217604256, -0.12574504792551103, -0.010158029825555664, -0.6272333649838241, 0.4460637308008156, -0.26137889085104804, 0.5697371596025127, 0.10318236868862476, -0.5834768306074494, -0.09544824897210158], [-0.3344380945196195, -0.6202010264513964, -0.3006267877778246, 0.7075062531080292, 0.3209620486856321, -0.5661492035459799, -0.1912029480119978, -0.5935007913594332, 0.019003557023504952, 0.45404696895912205, 0.16211033670863295, -0.003955276841612856], [-0.5827433885399874, 0.07603592478580473, -0.6916971813300047, -0.05691589425462514, -0.5615966346424616, -0.010409035913584976, 0.571824824900643, 0.612223957096654, -0.11447026384237005, 0.5687428460367081, 0.40659240667952556, -0.035635815622738896]], "inverted": true, "swapped": true, "error_lsq": 0.03220897568719151, "error_max": 0.18601211266178297, "target": "358.xyz", "model": "0.xyz", "model_rescale": 3.751011558992144, "target_rescale": 3.7229425123378506},
{"mapping": [7, 1, 3, 9, 12, 2, 4, 8, 13, 6, 11, 10, 14], "R": [[-0.07215567068976476, 0.8491343770600062, 0.5232249696662283], [-0.9799106098883055, -0.15814387040946323, 0.12151424970037038], [0.18592674852112942, -0.5039457569489302, 0.843486762336867]], "T": [-0.055531217798988695, 0.11031054908986995, 0.0014605185382541262], "aligned_model": [[-0.3190345501856681, -0.7406506663254254, 0.13930742447979824, 0.547892401444319, 0.3325090510347621, 0.1011656709466951, -0.544089701952187, -0.2998018852403255, 0.5775533000021438, -0.4375209025599692, 0.19311621193680198, 0.09506356683585002, -0.013729157070852205], [-0.4888510284198506, -0.0038388825549337674, -0.23227642511573274, 0.16126089668821864, -0.5148134177311695, 0.4992406116199495, 0.5366452908834145, 0.7154259736807607, 0.14549975228802864, -0.355982000999986, -0.41414318675248407, 0.3705400231870931, 0.07678657394171431], [-0.10459805798633642, -0.05569539053364886, -0.6528161493113518, 0.2612173647487226, -0.10159228320225877, -0.711222856815682, 0.4543658788637517, -0.11930957746991595, -0.3527539808817511, 0.4490997524499461, 0.5490495282649461, 0.7643861897413732, 0.012973261587350704]], "inverted": false, "swapped": false, "error_lsq": 0.04211109880444183, "error_max": 0.2403603996660467, "target": "358.xyz", "model": "1.xyz", "model_rescale": 3.9405287249114394, "target_rescale": 3.7229425123378506},
{"mapping": [6, 0, 7, 8, 3, 1, 5, 2, 4, 11, 10, 9, 12], "R": [[-0.6112189692113923, 0.7126782866137917, 0.34423978774307], [0.42376509950919083, -0.07266199537640383, 0.902852908765257], [0.6684568139484623, 0.6977176321529722, -0.2575957951301244]], "T": [-0.031299414692706404, 0.0325663711659125, -0.026963930743111653], "aligned_model": [[-0.37040698168683844, -0.8239613664132893, 0.14569556404742662, 0.6038803496991941, 0.3354001031534702, -0.10760855848748892, -0.5289361320524513, -0.22535597033929916, 0.5801224689854108, -0.44303192017285337, 0.3519019320047864, 0.13434175696049527, -0.020260482352620315], [-0.36952065431638603, 0.14404937183340905, -0.46010221368314, 0.20080756562144164, -0.4056820129380982, 0.43130181823133074, 0.39828076355137093, 0.6856107374202127, 0.19772626319216952, -0.24124258068662202, -0.36464688531787953, 0.15935668648060597, 0.11955532132660802], [-0.16366716894741123, -0.2763402711055578, -0.622665446738961, 0.38404864510462244, -0.04338026439275508, -0.7069737028678322, 0.3560334075169623, -0.020275400582368486, -0.32793105869596384, 0.48598761750841657, 0.6108961448809548, 0.7520536077538176, -0.03468242997877866]], "inverted": true, "swapped": false, "error_lsq": 0.05274849779993955, "error_max": 0.3109772339166158, "target": "358.xyz", "model": "2.xyz", "model_rescale": 3.932901565614263, "target_rescale": 3.7229425123378506},
{"mapping": [5, 7, 9, 10, 12, 8, 0, 3, 11, 4, 6, 1, 13], "R": [[-0.900499709389224, -0.17636572128618533, -0.39748635919378056], [0.011286213030732684, -0.9232339453711618, 0.38407252376318685], [-0.4347101273093928, 0.3413710803064642, 0.8333624006067524]], "T": [-0.06105289916256337, 0.12628436157574444, 0.05560373471637702], "aligned_model": [[-0.1839692596804789, -0.6408410007885478, -0.05326767697530074, 0.6203792700309506, 0.38206944858661984, -0.02849802790932121, -0.48511599274624917, -0.20388203854044262, 0.6418815772108719, -0.7374617897884536, 0.13644181165508945, 0.18663538409950495, -0.0025909418083003635], [-0.5770624044953637, -0.04008690261944378, -0.2738318021876269, -0.02253676390930412, -0.48131846829198033, 0.4307494922474292, 0.43778412574576, 0.6040070868005707, 0.5643175766363836, -0.24492713962952226, -0.393232940040372, 0.46538028853976354, 0.02625203191872849], [-0.028029874729889166, -0.32637650955048875, -0.560545098926618, 0.21884561567472055, -0.07702807225887254, -0.6115003726721681, 0.4704395079149594, -0.05424303505660471, -0.27863977351777336, 0.46535907463638393, 0.4528314694005495, 0.665876696237085, 0.05611405230386211]], "inverted": true, "swapped": false, "error_lsq": 0.04879722223284711, "error_max": 0.36369168224309595, "target": "358.xyz", "model": "3.xyz", "model_rescale": 3.9243930471874484, "target_rescale": 3.7229425123378506},
{"mapping": [0, 1, 2, 10, 3, 7, 9, 8, 4, 5, 6, 11, 12], "R": [[0.7060508998161759, -0.14956534816195483, 0.6921866319844392], [0.01879689567518876, 0.9810560753748583, 0.19280989000322696], [-0.707911578928996, -0.12312263642106455, 0.6954868890345685]], "T": [0.011168194973739293, 0.12152280959904108, 0.10196413110333041], "aligned_model": [[-0.32779698253885453, -0.6543988788417393, 0.03860525203000466, 0.62922298992771, 0.4098993745157656, -0.19302990382346624, -0.36437789306473556, 0.11618647727383453, 0.3514376617279641, -0.4549284070534269, 0.19057029226722735, -0.041840034322408834, -0.06776918475193265], [-0.5735308994927344, 0.0802223600569746, -0.3236748773365098, 0.34935057633619615, -0.39813936987601595, 0.3039923739545919, 0.6484194456988461, 0.7212133813407361, 0.19646346679433038, -0.4209480879254548, -0.39582886701475206, 0.2753148567397347, 0.03263982143907905], [-0.25204900886779147, -0.15391678475951603, -0.7056624643978977, 0.353420884158161, -0.0526904389841126, -0.6516450205420559, 0.3830912596458853, -0.05828176576483768, -0.378627022928878, 0.35116762765299836, 0.5727917481016387, 0.8763491872935176, 0.1091554788480333]], "inverted": false, "swapped": false, "error_lsq": 0.048892596476102015, "error_max": 0.26417293504056233, "target": "358.xyz", "model": "4.xyz", "model_rescale": 3.8936222436046832, "target_rescale": 3.7229425123378506},
{"mapping": [5, 7, 8, 2, 3, 11, 6, 10, 0, 1, 4, 12], "R": [[-0.46553516339283896, -0.7569193723601141, -0.4586393740083529], [0.7121848135743266, -0.6280463721098025, 0.31360890579480877], [-0.5254234510934056, -0.18064002387534897, 0.8314441525535008]], "T": [-0.01664394792654937, -0.0014092936798985947, -0.004861012196008058], "aligned_model": [[0.04751647670872257, -0.4187781666958389, -0.27682556214427095, 0.3777568205797362, -0.6409173118253225, -0.6774886415731382, -0.32063242351160814, -0.04560698603363443, 0.6668211320725277, 0.2505170272670261, 0.1357734969607315, -0.07058781958983365], [-0.569357020123397, -0.5288911968005936, 0.11731706384642968, -0.05500939450211154, 0.42593767176954467, 0.105612168830619, -0.5262054140859916, 0.5324891425746463, 0.17984937121664954, -0.5730608148766807, 0.5354239172295343, 0.024817410031158164], [-0.6462417403170442, -0.15452701607725405, -0.5900080085512288, -0.4724827224095964, -0.15449687364931222, 0.48123289607146885, 0.5671675455273172, 0.44221699045328194, 0.16971347930981429, 0.18067298328501405, -0.19566803468698987, -0.008294779679952714]], "inverted": false, "swapped": true, "error_lsq": 0.03458254344931601, "error_max": 0.23912420822894415, "target": "358.xyz", "model": "5.xyz", "model_rescale": 3.6523030999806103, "target_rescale": 3.7229425123378506},
{"mapping": [2, 3, 1, 8, 6, 0, 11, 7, 5, 4, 10, 9, 12], "R": [[0.9948618566972439, 0.06834596008490745, 0.07469080150182386], [-0.09318142018729642, 0.9066067009118187, 0.41155985323360533], [-0.03958672783637367, -0.41640499468889713, 0.9083169993880708]], "T": [0.038815208060758694, 0.011494348373309683, 0.06812334068081022], "aligned_model": [[-0.3106763621246681, -0.5050340644209279, 0.12431371676045452, 0.7010271445484985, 0.4285494928784299, -0.20151309919305818, -0.5547062584816063, -0.22364245816037662, 0.37509027933339456, -0.4628871323442594, -0.004012636374139483, 0.2566542191689015, 0.00861792175529948], [-0.6226060441354911, 0.20750326828761187, -0.29472246450045214, 0.11610896916176455, -0.5023701167535, 0.34344754421765683, 0.3874224320285818, 0.6423144683201332, 0.4491394063574563, -0.2166214915609686, -0.41560175144282474, 0.3126983274257515, 0.08878163330930339], [-0.1598765908951175, -0.3171676857954738, -0.5493684685903784, 0.13319434003487135, 0.14982377390919432, -0.8369805820816183, 0.5981981918232255, 0.06802633957684218, -0.3309874329765555, 0.22746425548339164, 0.7196045291505155, 0.6881920493115912, 0.0029809605046574317]], "inverted": true, "swapped": false, "error_lsq": 0.05501089400939396, "error_max": 0.304102449405763, "target": "358.xyz", "model": "6.xyz", "model_rescale": 4.08911054899281, "target_rescale": 3.7229425123378506},
{"mapping": [12, 7, 13, 9, 11, 2, 4, 6, 1, 5, 10, 8, 14], "R": [[0.1643946868726237, 0.8065212129912163, -0.5678890031715963], [0.14776359725586324, 0.5490896620240122, 0.8225973877811448], [0.9752642238152996, -0.21914396193720106, -0.028907052641312048]], "T": [-0.022897436714712872, 0.09713182064481002, 0.05039934003346774], "aligned_model": [[-0.18809145908816474, -0.6722423043936037, -0.0008385211510568494, 0.6954098108642173, 0.3797698055153908, -0.1124672213195764, -0.39692484147811335, -0.24543391474741255, 0.5208143264577693, -0.6865522186039575, -0.007432699867502036, 0.2044089720762125, 0.14136102908173975], [-0.5886397984217304, 0.11247281099865764, -0.3100389786127208, 0.33755186528347025, -0.32972460388648794, 0.4386681109770567, 0.3544424980919801, 0.5279641967685544, 0.2550119297737381, -0.15687040705425442, -0.425712742393404, 0.17015701106205475, 0.11021228812810799], [-0.05172871422260972, -0.3707952247124435, -0.5575643651560462, 0.2523651988297418, 0.06395470164118343, -0.6744935895521227, 0.5896063554365396, -0.06793892969296333, -0.415859653000129, 0.32525644542239535, 0.5460497241931179, 0.6892640294412338, 0.0649877008272481]], "inverted": true, "swapped": false, "error_lsq": 0.04564835647491649, "error_max": 0.22766139296113544, "target": "358.xyz", "model": "7.xyz", "model_rescale": 3.964800864290218, "target_rescale": 3.7229425123378506},
{"mapping": [0, 1, 3, 11, 6, 5, 7, 8, 10, 2, 4, 12, 13], "R": [[-0.48866238291195074, 0.5924142162830237, 0.6405111020681726], [0.39536831753089147, -0.5040681609873947, 0.7678536205368693], [0.7777486541419449, 0.6284589767236657, 0.012097336724944396]], "T": [-0.026955368401968778, 0.012344532106251263, 0.033292056142388345], "aligned_model": [[-0.39123506163802385, -0.7515056422909889, 0.07021399161637315, 0.7277376583498815, 0.3414091074375518, -0.03375404791803769, -0.5303857166302549, -0.16068548800912758, 0.5320414395779867, -0.4230234331418811, 0.20107585243348586, 0.06816820238828361, -0.01827609882930615], [-0.554408575232935, 0.13452704606019622, -0.39382578580861044, 0.026484532815757536, -0.4357605359300743, 0.43167647877617626, 0.35218041241214476, 0.7586089901535673, 0.4026450511553818, -0.3506456227606583, -0.3657209957187828, 0.4041581621069605, 0.08557502268589925], [-0.21012239071721334, -0.11908322093245344, -0.559621499125977, 0.3758877657561346, 0.02938256536046143, -0.6900233794921828, 0.40467140923189154, -0.09423517691973704, -0.42531680389569676, 0.42056064939127247, 0.5811621265135601, 0.6721257770074887, 0.007715857277597476]], "inverted": false, "swapped": false, "error_lsq": 0.04355084286831104, "error_max": 0.2511008507722762, "target": "358.xyz", "model": "8.xyz", "model_rescale": 4.121658175737393, "target_rescale": 3.7229425123378506},
{"mapping": [1, 6, 2, 10, 3, 8, 9, 7, 11, 4, 0, 5, 12], "R": [[-0.0585799023367542, -0.9953112166247102, -0.07696737687654251], [-0.33126358484210794, 0.09211205887075019, -0.9390313125599952], [0.9417180217027664, -0.02951187340090161, -0.3351062770653472]], "T": [-0.0064906563340180155, 0.09178095723546315, 0.007732712703524967], "aligned_model": [[-0.37192975757998986, -0.6320235707703704, 0.07084803810833926, 0.6690806135357793, 0.6610255698051238, -0.1390259405628403, -0.6687826463301679, -0.015307977961561355, 0.4626503203877455, -0.5690748647048991, 0.12292519061647283, 0.09764584775921653, -0.056250058956905755], [-0.4923338727943651, 0.1570168922806306, -0.4259311104091585, 0.09254951388927549, -0.2397964236029992, 0.29190354061189216, 0.4942576686331015, 0.7664158298459751, 0.42055055883934145, -0.2545217352557416, -0.5527684427556874, 0.21882231923588677, 0.019329442196871424], [-0.006261726666882541, -0.28318805972346905, -0.44870938900924234, 0.3542636626092214, -0.251424613697419, -0.6799726659176031, 0.31198858167638305, 0.008709344834865799, -0.26585341189946177, 0.6007768690559637, 0.43974180132483315, 0.6033282022197684, 0.009705084648188141]], "inverted": true, "swapped": false, "error_lsq": 0.05879063012237095, "error_max": 0.3613131227353006, "target": "358.xyz", "model": "9.xyz", "model_rescale": 3.833441315466971, "target_rescale": 3.7229425123378506},
{"mapping": [13, 5, 0, 11, 10, 1, 3, 6, 12, 2, 8, 7, 14], "R": [[0.9895862548131584, 0.13409969031206975, -0.052309820713456245], [-0.09809082060823165, 0.36229815975363633, -0.9268863114489999], [-0.10534341553827967, 0.9223650668240507, 0.3716792277023209]], "T": [-0.01881210434506924, 0.11671644190514793, 0.03628135080690827], "aligned_model": [[-0.42811627195877816, -0.6121925101191139, -0.014983890387057006, 0.5856838254002593, 0.5438624177131894, -0.056039677942226744, -0.5571171257618626, -0.04704822420928258, 0.43741957782529833, -0.5685158249459388, 0.24988300490394666, 0.1590488042748477, -0.060103341447338955], [-0.5336793943816307, 0.007175900207226249, -0.26096735246773994, 0.1477201460072384, -0.4738420622305558, 0.28329288355795673, 0.3938919955983524, 0.7507906510117324, 0.3631768174711179, -0.24484139363074978, -0.43518844731435136, 0.3862602415262918, 0.11170419536013448], [-0.17618487222519047, -0.2692276756308822, -0.530431325908247, 0.35086126481422614, -0.06566068634842989, -0.682380829750954, 0.6589556365293582, -0.20534271034137366, -0.2705247651208067, 0.32568073927860614, 0.5166596328909463, 0.6190554185660273, 0.12164385270186603]], "inverted": false, "swapped": false, "error_lsq": 0.04391021407522249, "error_max": 0.21901710648055192, "target": "358.xyz", "model": "10.xyz", "model_rescale": 4.2482417240324, "target_rescale": 3.7229425123378506},
{"mapping": [2, 1, 9, 6, 4, 10, 0, 11, 7, 3, 8, 12], "R": [[0.37691072049541924, -0.3427758598653152, -0.8604899875473379], [-0.7687634982630227, 0.4024328163024636, -0.49704176092282926], [0.5166633260780403, 0.8488536612729318, -0.11183232640661309]], "T": [-0.10212983196765414, 0.028294346940966292, -0.05340554169824565], "aligned_model": [[-0.6776562614170417, 0.050239005265939066, 0.38224816782487836, 0.6427220479931312, -0.4523713576750739, 0.17827527691403489, -0.3193661150074386, 0.605234213559025, 0.07570115085814737, -0.02213978587767028, -0.5012780519932771, -0.08484268808164691], [-0.17223512410852018, -0.5781926490208855, -0.14928741317432995, -0.34105811160211535, 0.48305583001138575, 0.5835880058685172, 0.02370305190586085, 0.35635134880898606, -0.3752252671287424, 0.6001872950953187, 0.1669845662672762, 0.0682598571278883], [0.021775979405236977, 0.1504095043640621, 0.6327429774542199, -0.11513940938776514, 0.0820609148838336, 0.26089855552643293, 0.6417511238122704, -0.32993998952525755, -0.5709932766292822, -0.5645548360957394, -0.5490194531308671, -0.09479980082278797]], "inverted": true, "swapped": true, "error_lsq": 0.039835494770624695, "error_max": 0.21777485356008483, "target": "358.xyz", "model": "11.xyz", "model_rescale": 3.6694154284099745, "target_rescale": 3.7229425123378506},
{"mapping": [11, 7, 6, 1, 4, 5, 10, 12, 0, 9, 3, 2, 13], "R": [[0.27926317857107225, -0.016406654058612857, -0.9600744235719345], [-0.9499149347314139, 0.14133282399699165, -0.2787232491832159], [0.140262945458147, 0.9898261739131959, 0.02388412794657771]], "T": [-0.07708708379868477, 0.03614173651271068, 0.017618498919942827], "aligned_model": [[-0.275079899745023, -0.7418581635132124, -0.07475346332737703, 0.6582456720355648, 0.4818173246441756, -0.1830005228402276, -0.5116968856775929, -0.005964677401123983, 0.49478427885414955, -0.7730665466951258, 0.4468731911232241, 0.0759571460458985, 0.039523309842612805], [-0.6739217853053452, 0.20467836721917734, -0.21066115870310065, 0.25984321879187955, -0.44847739910966294, 0.43507076954260054, 0.3790691802349591, 0.7101666694533715, 0.16830123762376942, -0.2706908128876593, -0.33526734332707775, 0.22796054542403063, 0.0494226917580803], [-0.022844925602122743, -0.26845864828835336, -0.49124073366040366, 0.37218426027440904, -0.0035665279162867478, -0.671009675433178, 0.32913715929415327, 0.06661332873949238, -0.3901006142807077, 0.27482005557335765, 0.5910030350906003, 0.6226776544175171, -0.0161106887533322]], "inverted": false, "swapped": false, "error_lsq": 0.04316416655452115, "error_max": 0.2965356687385277, "target": "358.xyz", "model": "12.xyz", "model_rescale": 3.9764082729961374, "target_rescale": 3.7229425123378506},
{"mapping": [14, 13, 11, 7, 3, 10, 9, 1, 8, 6, 4, 0, 15], "R": [[0.8917494247435677, -0.3414276879770155, 0.2970018473885069], [0.18400623505540215, 0.8731858357531275, 0.4513182931156772], [-0.41343036769237484, -0.3478126365196958, 0.8414877901354041]], "T": [-0.13002183601908382, 0.12200539906522559, 0.10219915562483087], "aligned_model": [[-0.21741640703365042, -0.610181544718222, -0.03029014574047703, 0.5386975631275882, 0.4703458402219741, -0.1457775756822077, -0.2926748188414043, -0.05043957245290637, 0.38712270372368307, -0.5475853969779801, 0.02429553252583666, 0.18236688991896824, -0.07668230472525978], [-0.6039681253890866, -0.10644192553024376, -0.17659315620163454, 0.029286434344733853, -0.3998842485010522, 0.46466570271042373, 0.5919539516527592, 0.7067449563222159, 0.20550985470850525, -0.47889548074539723, -0.20213071286536807, 0.43068312820382837, 0.034563802005338304], [-0.22049678535310166, -0.20068534416680592, -0.6267982322279148, 0.4416859119336215, -0.17281592832815898, -0.6247689124027228, 0.4401214715755626, -0.1324684641389064, -0.37239684894169534, 0.32178424369179637, 0.7242808644759405, 0.6803334626356647, 0.13532824070186522]], "inverted": true, "swapped": false, "error_lsq": 0.05216155603050968, "error_max": 0.2906817936232087, "target": "358.xyz", "model": "13.xyz", "model_rescale": 4.170626492500431, "target_rescale": 3.7229425123378506},
{"mapping": [11, 3, 9, 8, 10, 1, 2, 0, 7, 6, 12, 4, 13], "R": [[0.9238602577228076, 0.05392150115740876, 0.3789125174935234], [0.3667459251387786, -0.4078472180458944, -0.8361567276093201], [0.1094515901869387, 0.9114565916406313, -0.39656932680225565]], "T": [-0.06122161702071473, 0.06312614272469101, 0.07815588050615592], "aligned_model": [[-0.3151865073003792, -0.6792176023782828, -0.003935360143285396, 0.6245618965556927, 0.37416809627461883, -0.09331423680154625, -0.4601297924992047, 0.00731073855437718, 0.5732540431133787, -0.7284721254458033, 0.3457866881236682, 0.09420801077475778, -0.10725308548204913], [-0.5781455540228311, 0.029111883164066613, -0.33590412619331805, 0.18196300471551652, -0.23756674351024382, 0.35354425436489567, 0.5177531067840746, 0.6366057760625239, 0.39075474578201863, -0.29032356869941905, -0.3939037410095264, 0.2467449736890353, -0.025139830411770273], [-0.07654414078323456, -0.22581384933277832, -0.624552855546039, 0.33726023312087866, -0.11767029419768989, -0.632788459145189, 0.33722876276694885, -0.07111847400230135, -0.3059403809243852, 0.44874909082005476, 0.4796207558110295, 0.7453806449683791, 0.09929264589947193]], "inverted": false, "swapped": false, "error_lsq": 0.040098808850560934, "error_max": 0.20065388618796404, "target": "358.xyz", "model": "14.xyz", "model_rescale": 3.9786697098870705, "target_rescale": 3.7229425123378506},
{"mapping": [7, 6, 2, 8, 1, 0, 11, 10, 4, 3, 9, 12], "R": [[-0.5462892720067307, 0.45515401748818823, 0.7031378610590658], [0.6656332348245326, 0.7454769864458956, 0.034589873902266116], [-0.508429373647299, 0.4869280060172224, -0.7102117212273443]], "T": [0.12176397884007326, -0.006091325859420985, -0.08106857190314914], "aligned_model": [[-0.16573042230507964, -0.6937369777680877, 0.6293274128832966, 0.5302759701222388, -0.17421175612449388, 0.34836964938621706, -0.4860643660946825, -0.0005203149228183157, 0.5792343653030495, 0.1764527514643637, -0.37417219798323964, 0.11413048280657263], [-0.4233745116900255, -0.0072342009726574395, 0.132754778284604, -0.5062561031063751, 0.32577158757816665, 0.678711875546649, -0.3745499148316909, 0.16291916116563596, 0.03365215056688149, -0.6370186956115951, 0.6854028074489469, -0.05610444415410084], [-0.5344676377116808, -0.25425493320360393, -0.39760628001366516, -0.16557050248541505, -0.565680460767867, 0.019678227962008965, 0.34229836294171245, 0.583948078293508, 0.28902546380148114, 0.35901476683130257, 0.032246434436556115, -0.048665026210507306]], "inverted": true, "swapped": true, "error_lsq": 0.04969039916432158, "error_max": 0.23010650904754268, "target": "358.xyz", "model": "15.xyz", "model_rescale": 3.769337070930944, "target_rescale": 3.7229425123378506},
{"mapping": [10, 9, 3, 11, 4, 0, 8, 1, 7, 6, 12], "R": [[-0.16873512558070963, 0.14567279920110573, 0.9748373674455533], [-0.8234806928537151, -0.5643508024354206, -0.05820412603641045], [0.5416714925971529, -0.812580831279825, 0.21518454113658153]], "T": [0.15328954396113312, 0.054228926457789706, -0.022721577672568546], "aligned_model": [[-0.30103468086330476, -0.30519345924775376, -0.05520158706263295, -0.5974899877375961, 0.3423240056277268, 0.31111002097546825, 0.5282998938095652, 0.17303068180599107, 0.1409961114296637, -0.4422059804726308, 0.12799111242667421], [-0.005277014745565828, -0.6715420515130615, 0.756599956762779, 0.3979365785048838, 0.15375866676459204, -0.5574994990538171, 0.5862883818696314, -0.4027317122044494, 0.3316552066810385, -0.1007496855115079, 0.10762567007081883], [-0.5479012421336897, -0.025356316288913907, -0.26342873763659747, 0.028773421307960876, -0.5724379561533762, -0.3851253617571151, -0.044341038936817664, 0.44990996382896725, 0.5979494554044422, 0.5397758377386209, -0.033600418149704325]], "inverted": true, "swapped": true, "error_lsq": 0.048131531219164116, "error_max": 0.23045463648930267, "target": "358.xyz", "model": "16.xyz", "model_rescale": 3.7852294659196426, "target_rescale": 3.7229425123378506},
{"mapping": [7, 1, 2, 9, 11, 3, 4, 0, 8, 5, 6, 10, 12], "R": [[0.8874008350138733, 0.4352859852668937, -0.15180865932781953], [-0.037751116971716944, -0.25958196683459583, -0.9649829302436757], [-0.459450335927691, 0.8620576045279762, -0.21392072197760437]], "T": [-0.04652415285827986, 0.062271075872735365, -0.03138062235688484], "aligned_model": [[-0.17553521383126186, -0.6636739051282674, -0.06606259287538392, 0.7018440485713316, 0.5076787957633322, -0.2652112092787738, -0.5059161258163695, 0.005477103951206895, 0.5032658307998563, -0.5883840175650374, -0.040503804679786905, 0.1930579568122201, 0.025743896622876572], [-0.6251588120599773, -0.03996013608952839, -0.281757815267215, 0.40787839076640076, -0.4176776228405463, 0.4924763501151014, 0.44697873857204473, 0.7411965506630527, 0.22262011792562947, -0.11573987552465922, -0.513274062442113, 0.11636831301012787, 0.061544043886705396], [0.015771265196690157, -0.3193547823450497, -0.5367017009326585, 0.22893150662069606, -0.05236663617113864, -0.6635157064415657, 0.3464364160779937, 0.014480305563268722, -0.3415822823046921, 0.29558879328156834, 0.6439746804815074, 0.7360364591177675, 0.025405361310758184]], "inverted": false, "swapped": false, "error_lsq": 0.05042422149558912, "error_max": 0.26800048787379527, "target": "358.xyz", "model": "17.xyz", "model_rescale": 3.901054581598922, "target_rescale": 3.7229425123378506},
{"mapping": [7, 1, 3, 9, 12, 2, 4, 8, 13, 6, 11, 10, 14], "R": [[-0.07215567068976476, 0.8491343770600062, 0.5232249696662283], [-0.9799106098883055, -0.15814387040946323, 0.12151424970037038], [0.18592674852112942, -0.5039457569489302, 0.843486762336867]], "T": [-0.055531217798988695, 0.11031054908986995, 0.0014605185382541262], "aligned_model": [[-0.3190345501856681, -0.7406506663254254, 0.13930742447979824, 0.547892401444319, 0.3325090510347621, 0.1011656709466951, -0.544089701952187, -0.2998018852403255, 0.5775533000021438, -0.4375209025599692, 0.19311621193680198, 0.09506356683585002, -0.013729157070852205], [-0.4888510284198506, -0.0038388825549337674, -0.23227642511573274, 0.16126089668821864, -0.5148134177311695, 0.4992406116199495, 0.5366452908834145, 0.7154259736807607, 0.14549975228802864, -0.355982000999986, -0.41414318675248407, 0.3705400231870931, 0.07678657394171431], [-0.10459805798633642, -0.05569539053364886, -0.6528161493113518, 0.2612173647487226, -0.10159228320225877, -0.711222856815682, 0.4543658788637517, -0.11930957746991595, -0.3527539808817511, 0.4490997524499461, 0.5490495282649461, 0.7643861897413732, 0.012973261587350704]], "inverted": false, "swapped": false, "error_lsq": 0.04211109880444183, "error_max": 0.2403603996660467, "target": "358.xyz", "model": "18.xyz", "model_rescale": 3.9405287249114394, "target_rescale": 3.7229425123378506},
{"mapping": [13, 12, 7, 5, 9, 0, 3, 1, 8, 14, 11, 2, 15], "R": [[-0.2917798860322135, -0.5356968130968282, 0.7923972630852096], [0.04008986142426592, 0.8208693080588239, 0.5697072775540184], [-0.9556449660402193, 0.19799622098648767, -0.21803714215027276]], "T": [-0.11092435435957815, 0.04456266144397899, -0.04304882014515598], "aligned_model": [[-0.2889915801637052, -0.641570561823334, 0.2020139799773445, 0.6741567462886402, 0.44115319647645435, 0.0042763820581556145, -0.7109666917182484, -0.2501418438013331, 0.5309136182588099, -0.6157809329218853, 0.09420112881884965, 0.2903545838114257, -0.09783726191523115], [-0.6031970194751196, 0.09007331037331251, -0.33186940233869516, 0.10531380873809046, -0.4881399632479127, 0.5326225349344986, 0.44100919950944956, 0.6867168085180178, 0.2601943548007756, -0.31218875771096444, -0.4353790029128527, 0.49238977470359885, 0.057948534822824235], [-0.03763548088212223, -0.17143279713510723, -0.549007365087419, 0.22382119740327344, -0.06421810132787273, -0.5133685073507642, 0.4132492520697203, 0.018400069255608754, -0.38041975140799456, 0.42341363503155016, 0.45373356366593204, 0.5844472941240514, -0.007879328903710951]], "inverted": true, "swapped": false, "error_lsq": 0.0459168087421072, "error_max": 0.271772622417381, "target": "358.xyz", "model": "19.xyz", "model_rescale": 4.410303926677745, "target_rescale": 3.7229425123378506},
{"mapping": [0, 1, 3, 11, 6, 5, 7, 8, 10, 2, 4, 12, 13], "R": [[-0.48866238291195074, 0.5924142162830237, 0.6405111020681726], [0.39536831753089147, -0.5040681609873947, 0.7678536205368693], [0.7777486541419449, 0.6284589767236657, 0.012097336724944396]], "T": [-0.026955368401968778, 0.012344532106251263, 0.033292056142388345], "aligned_model": [[-0.39123506163802385, -0.7515056422909889, 0.07021399161637315, 0.7277376583498815, 0.3414091074375518, -0.03375404791803769, -0.5303857166302549, -0.16068548800912758, 0.5320414395779867, -0.4230234331418811, 0.20107585243348586, 0.06816820238828361, -0.01827609882930615], [-0.554408575232935, 0.13452704606019622, -0.39382578580861044, 0.026484532815757536, -0.4357605359300743, 0.43167647877617626, 0.35218041241214476, 0.7586089901535673, 0.4026450511553818, -0.3506456227606583, -0.3657209957187828, 0.4041581621069605, 0.08557502268589925], [-0.21012239071721334, -0.11908322093245344, -0.559621499125977, 0.3758877657561346, 0.02938256536046143, -0.6900233794921828, 0.40467140923189154, -0.09423517691973704, -0.42531680389569676, 0.42056064939127247, 0.5811621265135601, 0.6721257770074887, 0.007715857277597476]], "inverted": false, "swapped": false, "error_lsq": 0.04355084286831104, "error_max": 0.2511008507722762, "target": "358.xyz", "model": "20.xyz", "model_rescale": 4.121658175737393, "target_rescale": 3.7229425123378506},
{"mapping": [2, 3, 1, 8, 6, 0, 11, 7, 5, 4, 10, 9, 12], "R": [[0.9948618566972439, 0.06834596008490745, 0.07469080150182386], [-0.09318142018729642, 0.9066067009118187, 0.41155985323360533], [-0.03958672783637367, -0.41640499468889713, 0.9083169993880708]], "T": [0.038815208060758694, 0.011494348373309683, 0.06812334068081022], "aligned_model": [[-0.3106763621246681, -0.5050340644209279, 0.12431371676045452, 0.7010271445484985, 0.4285494928784299, -0.20151309919305818, -0.5547062584816063, -0.22364245816037662, 0.37509027933339456, -0.4628871323442594, -0.004012636374139483, 0.2566542191689015, 0.00861792175529948], [-0.6226060441354911, 0.20750326828761187, -0.29472246450045214, 0.11610896916176455, -0.5023701167535, 0.34344754421765683, 0.3874224320285818, 0.6423144683201332, 0.4491394063574563, -0.2166214915609686, -0.41560175144282474, 0.3126983274257515, 0.08878163330930339], [-0.1598765908951175, -0.3171676857954738, -0.5493684685903784, 0.13319434003487135, 0.14982377390919432, -0.8369805820816183, 0.5981981918232255, 0.06802633957684218, -0.3309874329765555, 0.22746425548339164, 0.7196045291505155, 0.6881920493115912, 0.0029809605046574317]], "inverted": true, "swapped": false, "error_lsq": 0.05501089400939396, "error_max": 0.304102449405763, "target": "358.xyz", "model": "21.xyz", "model_rescale": 4.08911054899281, "target_rescale": 3.7229425123378506},
{"mapping": [2, 11, 14, 7, 13, 9, 8, 5, 12, 1, 0, 6, 16], "R": [[-0.8525537707148942, 0.10326363459145602, 0.5123365005645977], [0.10278486879364834, -0.9280144120994924, 0.35808451751326276], [0.5124327651379137, 0.35794674562928486, 0.78056824718055]], "T": [-0.0358468044778373, -0.011984177037291703, -0.02216743977899665], "aligned_model": [[-0.3290757890902486, -0.7580528822663555, 0.07105697126306296, 0.5904300613330745, 0.558359069349128, 0.02121382934358853, -0.4733953953519785, -0.20940933026773959, 0.5539543495355196, -0.651722377183614, 0.16545101711545704, 0.09785389649777834, -0.004882656931729942], [-0.6700271005498665, 0.23450707757787467, -0.1696409767556046, 0.15445648015945146, -0.297722773924489, 0.4611025729752382, 0.3161391234899282, 0.666269851221828, 0.1250441103487148, -0.3004103717974007, -0.3157015787096925, 0.33029614751513114, -0.03881838083609082], [-0.06960268797536101, -0.08177845270457432, -0.6349794029308127, 0.2708700714570414, -0.06692009094858156, -0.5517716529353854, 0.40403479899415945, -0.10921097336923266, -0.44445567453655593, 0.3871075171711868, 0.6614364843776998, 0.6263172790342426, 0.0020564638213192016]], "inverted": true, "swapped": false, "error_lsq": 0.038157222621050195, "error_max": 0.22621309095922915, "target": "358.xyz", "model": "22.xyz", "model_rescale": 4.204369325754507, "target_rescale": 3.7229425123378506},
{"mapping": [13, 12, 7, 5, 9, 0, 3, 1, 8, 14, 11, 2, 15], "R": [[-0.2917798860322135, -0.5356968130968282, 0.7923972630852096], [0.04008986142426592, 0.8208693080588239, 0.5697072775540184], [-0.9556449660402193, 0.19799622098648767, -0.21803714215027276]], "T": [-0.11092435435957815, 0.04456266144397899, -0.04304882014515598], "aligned_model": [[-0.2889915801637052, -0.641570561823334, 0.2020139799773445, 0.6741567462886402, 0.44115319647645435, 0.0042763820581556145, -0.7109666917182484, -0.2501418438013331, 0.5309136182588099, -0.6157809329218853, 0.09420112881884965, 0.2903545838114257, -0.09783726191523115], [-0.6031970194751196, 0.09007331037331251, -0.33186940233869516, 0.10531380873809046, -0.4881399632479127, 0.5326225349344986, 0.44100919950944956, 0.6867168085180178, 0.2601943548007756, -0.31218875771096444, -0.4353790029128527, 0.49238977470359885, 0.057948534822824235], [-0.03763548088212223, -0.17143279713510723, -0.549007365087419, 0.22382119740327344, -0.06421810132787273, -0.5133685073507642, 0.4132492520697203, 0.018400069255608754, -0.38041975140799456, 0.42341363503155016, 0.45373356366593204, 0.5844472941240514, -0.007879328903710951]], "inverted": true, "swapped": false, "error_lsq": 0.0459168087421072, "error_max": 0.271772622417381, "target": "358.xyz", "model": "23.xyz", "model_rescale": 4.410303926677745, "target_rescale": 3.7229425123378506},
{"mapping": [1, 0, 3, 9, 10, 2, 13, 5, 4, 7, 11, 14, 16], "R": [[-0.21591704396410522, 0.6716402127708277, -0.7087166251153983], [0.8469328107764246, -0.23236708553556645, -0.47823671083476227], [-0.48588542286854813, -0.7034948202715243, -0.5186621190090791]], "T": [0.011508205119531347, 0.1388047960500446, 0.15851394666274268], "aligned_model": [[-0.23626059037953132, -0.5605785683894816, -0.007354017961655555, 0.5759472403338199, 0.4786245843699178, -0.1740682924966404, -0.4566513775879478, -0.013973744061475783, 0.3306519543788892, -0.5513218423707626, 0.10930630954785957, 0.14473877185751613, -0.007279663894565119], [-0.6481104543335826, 0.11969532094336777, -0.23644740873382003, 0.07868568245679053, -0.27792934677820286, 0.2965093714154834, 0.35120459199048415, 0.6876322182016851, 0.2696650919674216, -0.1882560538632292, -0.3292518297192255, 0.29730880549997785, 0.0747881916678726], [-0.07751647989483965, -0.3341698897104046, -0.6588482643424797, 0.4234936653876078, -0.020144634751165402, -0.7210226254135419, 0.637992367066368, -0.1476578423516179, -0.43722695612323115, 0.2933636214060594, 0.5733392260931, 0.8029331309594289, 0.05856836112986136]], "inverted": true, "swapped": false, "error_lsq": 0.04427723650851419, "error_max": 0.22809440379859006, "target": "358.xyz", "model": "24.xyz", "model_rescale": 4.28219845311461, "target_rescale": 3.7229425123378506},
{"mapping": [4, 9, 1, 6, 0, 5, 12, 11, 8, 7, 2, 14, 15], "R": [[-0.719727318106285, 0.6029425055449743, -0.3441699036503386], [-0.4632121090938782, -0.047782945780184494, 0.8849583787282707], [0.5171335703281462, 0.7963523875142944, 0.31368096107342514]], "T": [-0.11288944799311466, 0.022110516702149446, 0.04685569702626982], "aligned_model": [[-0.1546328741577645, -0.7112246182427422, 0.10241285369813573, 0.7793689727865107, 0.4851477684098064, -0.10855373761124903, -0.4940618786217596, -0.19067785289837452, 0.3813453141281516, -0.7821525735049932, 0.19925053408036947, 0.18791533547853373, -0.062356480198681986], [-0.7069217995645962, 0.23246983687285813, -0.1744313344616623, 0.06827939426130941, -0.5326008994883537, 0.4698605051775715, 0.5055296877137346, 0.5606247502204695, 0.30463559130299156, -0.3711586505805068, -0.25546533850713204, 0.42669987723714553, -0.03202743946880663], [0.009200136527292485, -0.18684852702313884, -0.5231387051166138, 0.16492550795945415, 0.03268161572346767, -0.6775625732774861, 0.5001032932252423, 0.06755486631071639, -0.35045732700081633, 0.10137392008152608, 0.5893502136657658, 0.6177922578428695, 0.04812900053686614]], "inverted": false, "swapped": false, "error_lsq": 0.04838528621398292, "error_max": 0.32376768539337875, "target": "358.xyz", "model": "25.xyz", "model_rescale": 4.100010024507729, "target_rescale": 3.7229425123378506},
{"mapping": [2, 1, 9, 6, 4, 10, 0, 11, 7, 3, 8, 12], "R": [[0.37691072049541924, -0.3427758598653152, -0.8604899875473379], [-0.7687634982630227, 0.4024328163024636, -0.49704176092282926], [0.5166633260780403, 0.8488536612729318, -0.11183232640661309]], "T": [-0.10212983196765414, 0.028294346940966292, -0.05340554169824565], "aligned_model": [[-0.6776562614170417, 0.050239005265939066, 0.38224816782487836, 0.6427220479931312, -0.4523713576750739, 0.17827527691403489, -0.3193661150074386, 0.605234213559025, 0.07570115085814737, -0.02213978587767028, -0.5012780519932771, -0.08484268808164691], [-0.17223512410852018, -0.5781926490208855, -0.14928741317432995, -0.34105811160211535, 0.48305583001138575, 0.5835880058685172, 0.02370305190586085, 0.35635134880898606, -0.3752252671287424, 0.6001872950953187, 0.1669845662672762, 0.0682598571278883], [0.021775979405236977, 0.1504095043640621, 0.6327429774542199, -0.11513940938776514, 0.0820609148838336, 0.26089855552643293, 0.6417511238122704, -0.32993998952525755, -0.5709932766292822, -0.5645548360957394, -0.5490194531308671, -0.09479980082278797]], "inverted": true, "swapped": true, "error_lsq": 0.039835494770624695, "error_max": 0.21777485356008483, "target": "358.xyz", "model": "26.xyz", "model_rescale": 3.6694154284099745, "target_rescale": 3.7229425123378506},
{"mapping": [3, 9, 12, 0, 6, 11, 8, 10, 2, 7, 1, 5, 13], "R": [[-0.569842325138405, -0.7943432123178302, -0.2104722915859643], [-0.7568305260475878, 0.40753451854659306, 0.5110021242964928], [-0.3201363448960271, 0.4504824938192243, -0.8334136088635851]], "T": [-0.05790936562651146, 0.14005281280389523, 0.08291981508764895], "aligned_model": [[-0.4081518638906938, -0.6501571872606053, -0.018529410446463335, 0.5177023647206256, 0.3416966490110106, -0.016555875635033343, -0.4659484596073425, -0.19716143758806048, 0.49797855612423775, -0.4438931408614165, 0.41369477591290155, 0.07133937442556361, -0.010233581558780985], [-0.5746870737666994, 0.1034171756626833, -0.25026631574277236, 0.2573518390424933, -0.38643776448652334, 0.319039676657922, 0.5426467725784553, 0.6640626855972598, 0.2798276472079565, -0.222461013200873, -0.45106042252358347, 0.06142299985240543, 0.15263797383629873], [-0.05603452017491273, -0.2528835251745956, -0.6068866870403296, 0.3859799039535256, -0.10231823957259042, -0.7551905957046385, 0.36537227793120736, -0.17768186096631317, -0.2825678869246529, 0.4231091387432255, 0.5387940635370467, 0.8595089055539746, 0.05390270529419848]], "inverted": false, "swapped": false, "error_lsq": 0.04841065363933169, "error_max": 0.3128447582790199, "target": "358.xyz", "model": "27.xyz", "model_rescale": 4.103607728864725, "target_rescale": 3.7229425123378506},
{"mapping": [1, 7, 0, 12, 2, 9, 11, 10, 3, 8, 4, 13, 14], "R": [[-0.055579705644527744, 0.7827106306306268, 0.6198991571362831], [0.42652625870295663, 0.5799704993349255, -0.6940530026864343], [-0.9027658871254087, 0.22582800667544237, -0.36608122656545794]], "T": [-0.09084694915595251, 0.22657778849882076, -0.00644808296584827], "aligned_model": [[-0.2040465263057876, -0.7311155286787826, 0.08502637609892838, 0.7008684415805588, 0.4151917767578325, -0.21591110390025858, -0.5345777231215542, 0.06284445441516576, 0.5663843024808961, -0.537908403135953, 0.07022717009061555, 0.017524413414670356, -0.06272688635038881], [-0.6262814548033897, -0.10498439915550267, -0.18954574114236816, 0.21880329341227872, -0.3010353302067494, 0.5330606121561405, 0.547100266286672, 0.6942017374545689, 0.11910128575429807, -0.23097286069124168, -0.46344424785148236, 0.21586453889004326, 0.08362648061175529], [-0.2568034282691753, 0.007831530372050435, -0.5592604584825295, 0.3258468378828135, 0.0764368437543717, -0.7551477303907151, 0.408798319701185, -0.13866786642174295, -0.35289683212865985, 0.5064490184079654, 0.5588253062843804, 0.6323111885998235, -0.060619049854621895]], "inverted": true, "swapped": false, "error_lsq": 0.0458683388077816, "error_max": 0.29441919363441355, "target": "358.xyz", "model": "28.xyz", "model_rescale": 4.137296879288765, "target_rescale": 3.7229425123378506},
