[{"mapping": [2, 1, 3, 8, 6, 10, 5, 11, 7, 4, 13, 14], "R": [[0.2625099954380458, 0.14710713425112026, 0.9536498274248993], [-0.4232177222537301, -0.8706244153343922, 0.2507984987873985], [0.867165071866644, -0.4694386205629774, -0.16628926501264973]], "T": [-0.029128101348352656, -0.07382379030163229, -0.009255539798317], "aligned_model": [[-0.3114941375748679, 0.07171348073961799, 0.44079541611707523, 0.16386486944479528, -0.10417314069790144, -0.5126418030094088, 0.32427086857572107, -0.28265185495961237, 0.5061890501788746, 0.20298492491556508, -0.6253548110696214, -0.03586040019968852], [-0.34782691046580266, -0.7280690543905304, -0.2880203898456022, 0.6869996912465057, 0.418660939411239, -0.6020433828152661, -0.11853372519358352, -0.5486547077798913, 0.2642215690591974, 0.4559435858435353, -0.028455300885863663, -0.11066727820688088], [-0.5384433151322553, -0.1836909474519003, -0.4365265202420494, -0.10015442493492716, -0.6156122853278833, -0.04000042507508515, 0.7313726881501889, 0.6584474318452537, -0.227515856637491, 0.5003748854588744, 0.4379625995695616, -0.004262084868724656]], "inverted": true, "swapped": true, "error_lsq": 0.051227665929975165, "error_max": 0.2941800964556173, "target": "359.xyz", "model": "0.xyz", "model_rescale": 3.751011558992144, "target_rescale": 4.17500130003924},
{"mapping": [1, 0, 3, 7, 10, 4, 12, 6, 11, 9, 2, 8, 13, 5, 14], "R": [[-0.670133826700309, -0.7394258845023892, -0.06457565826114298], [0.08595528291251803, 0.009104947911277916, -0.9962573910706823], [0.737246460589286, -0.6731763968317611, 0.057456027509550034]], "T": [-0.07474960058047314, 0.03876591542407649, -0.0007713259656091489], "aligned_model": [[-0.39646266361893284, -0.0680958946290514, 0.4337311771010039, 0.24298567501694956, -0.3293388017681641, -0.7885224483992326, 0.6618801453796344, -0.0386055415529612, 0.37335835150431407, 0.20603763149522686, -0.13852234577123418, -0.6645583978619343, 0.35514207105675655, -0.18728624487669776, -0.025669318316661985], [-0.3882929199935438, -0.7195688403322105, -0.4731454859843396, -0.3099659278113422, 0.803249632691425, 0.24840895891957868, 0.02579021546489546, 0.11490055695817705, 0.5134948883687185, 0.5782427469897992, -0.39015971801118465, -0.06320730972674665, 0.08145683772730487, 0.29607541015774996, 0.06310501577591685], [-0.4477690950853156, -0.020485404910620803, 0.2498277669084218, -0.4667191985349573, -0.15309575867609454, -0.269382729186785, -0.09660113685203355, -0.7468429502924098, -0.4596423911374932, 0.25282855542507665, 0.703284026930101, 0.2858386810851018, 0.5830718328625363, 0.5570936887163183, -0.002367111143870352]], "inverted": true, "swapped": false, "error_lsq": 0.038241728690654196, "error_max": 0.25764161934721397, "target": "359.xyz", "model": "1.xyz", "model_rescale": 3.9405287249114394, "target_rescale": 4.17500130003924},
{"mapping": [0, 1, 3, 13, 10, 7, 5, 11, 12, 8, 9, 4, 14], "R": [[0.4018975555084828, 0.2438119068619828, -0.8826290891131052], [0.6713768446629891, 0.5770092737316983, 0.4650950768154687], [0.6226808872341232, -0.7794973073076916, 0.06820894789823]], "T": [-0.06494193325088199, -0.09571675481655562, -0.1057050483336329], "aligned_model": [[-0.3495204902586605, 0.19298512014395414, -0.4274551327239801, 0.49554925987177195, 0.5808757552275405, -0.7270563368720409, -0.0034003871407746744, 0.6535592072237613, 0.21010825622655055, -0.6940465172907362, -0.046281135658318484, -0.3532521857452339, -0.036082133719902564], [0.7037276481389996, 0.37277489744757275, 0.2789265240068898, -0.4416041150299794, -0.08979600777214586, 0.0039918497500033845, 0.3565545101613421, 0.19993241372504106, -0.6110934930669384, -0.49062955917969575, -0.5815637561966587, -0.1677756246416833, -0.07461269377073008], [-0.017056912934836452, -0.5330489480091902, -0.5270070541356754, 0.24609064503557113, -0.4165605510720448, -0.09389851183302289, 0.5777298960709187, 0.25749411529059996, -0.30007940491044705, 0.1637992437653157, 0.26799909127354227, 0.6055880120311674, -0.11792927098325429]], "inverted": true, "swapped": true, "error_lsq": 0.04732929689831031, "error_max": 0.3050321478641233, "target": "359.xyz", "model": "2.xyz", "model_rescale": 3.932901565614263, "target_rescale": 4.17500130003924},
{"mapping": [9, 4, 8, 13, 6, 3, 7, 2, 10, 1, 5, 11, 0, 14], "R": [[0.7804291572936792, -0.38549048851446677, 0.4922676240732835], [0.4491351212870005, -0.20209578359384509, -0.8703073808029559], [0.4349804286084481, 0.9003079348303377, 0.01541587523117982]], "T": [-0.036997268011843665, -0.09018882604464465, 0.011708612312524281], "aligned_model": [[0.007707411145094864, 0.5699903784477959, 0.10965570801832869, -0.052410361346728995, -0.49037264821985105, -0.10585703068219818, 0.16781624998976508, -0.6572568674211255, -0.4275027960485423, -0.1943123411456833, 0.7501369286498796, 0.2633197851640724, 0.5209213898158048, -0.04202589431390801], [0.17460668870766613, -0.06489693581978251, -0.46735040571308883, 0.6228766917971502, -0.5304162633658598, -0.6577786773278265, -0.7031486986725896, -0.1499468505226079, 0.3718993971834834, -0.12267517674319436, 0.1239580794824548, 0.6282577138448266, -0.48839789651297516, -0.0734910279871679], [-0.5395945212763403, -0.46282212164597947, -0.6669690074843649, -0.20930871102537416, -0.45357843654160274, 0.3615212479590175, -0.16381432351949674, 0.22747468399198317, 0.39606078429361047, 0.6771634992035998, 0.11161277416003655, 0.37116680052448203, 0.5197549762202099, 0.04522871819731647]], "inverted": true, "swapped": true, "error_lsq": 0.048293871474240115, "error_max": 0.2546706113544785, "target": "359.xyz", "model": "3.xyz", "model_rescale": 3.9243930471874484, "target_rescale": 4.17500130003924},
{"mapping": [2, 3, 6, 12, 9, 1, 10, 8, 4, 5, 13, 11, 14], "R": [[0.6611371479818263, 0.71857361775121, 0.21575362669117515], [-0.5117400011042205, 0.6421932172140626, -0.5707101217203919], [-0.548652752502263, 0.2669079010373993, 0.7923006560236465]], "T": [-0.027725417097850938, -0.045334289419597884, -0.1836601548455274], "aligned_model": [[-0.0181363621065505, -0.35248999355909716, 0.5492647041194139, 0.37155176195556555, 0.48342725435829614, -0.598688987077178, -0.236735620691222, 0.5445503918133308, 0.20870530484130212, -0.3853992613350351, 0.21058284474195138, -0.44260182302183027, -0.05682432772759441], [-0.6874914498210039, -0.15273609892316797, -0.24431951352060716, -0.4600799199186039, 0.15103026528794272, -0.4176149804016485, -0.6042979420637922, 0.37778834766844255, 0.6789659008073092, 0.6210332682406507, -0.08073075705038135, 0.010195408556828156, -0.06391297518038125], [-0.3332937780938933, -0.7600815349520729, -0.6769437957537779, 0.03453923980293086, 0.0924090868206191, -0.2472313006777186, 0.21335502798309652, -0.526922294745034, -0.06643025977796205, 0.13796646330367462, 0.5230964622545469, 0.5649118007006921, -0.16830480149413768]], "inverted": false, "swapped": true, "error_lsq": 0.05102107997776381, "error_max": 0.29919945941706433, "target": "359.xyz", "model": "4.xyz", "model_rescale": 3.8936222436046832, "target_rescale": 4.17500130003924},
{"mapping": [6, 7, 2, 12, 1, 0, 5, 11, 13, 9, 10, 14], "R": [[-0.13266521861618086, -0.5937355509928687, -0.7936485590339817], [0.33757753020076314, 0.7257862406304234, -0.5993961494830526], [0.9319020071193505, -0.3474369416149523, 0.10414519061471073]], "T": [-0.12601137409788662, -0.12435221313827735, -0.056008694225850184], "aligned_model": [[-0.055117152264508903, -0.5346656731173852, -0.13674268266028586, 0.3615030401211832, -0.5109285138376501, -0.8802635959209039, -0.2344122247495795, 0.11665693622071258, 0.5472817259734227, 0.39427629465857306, 0.09235726013591988, -0.13239737234440077], [-0.5830542515781133, -0.6497571698758248, 0.20800051706157321, -0.004757964910899887, 0.43392224749379205, -0.10589954648336494, -0.17766256477959746, 0.44480681053736837, 0.08111506579090647, -0.43492956336974586, 0.544617204409776, -0.08747787918606265], [-0.6887866323860878, -0.12968351312519766, -0.6254597382867958, -0.4124832252591222, -0.14982779592992607, 0.34238543901865626, 0.7569041204359996, 0.5379071660740281, 0.19300586776277862, 0.03829278688412906, -0.19217676518305954, -0.05079299072988423]], "inverted": true, "swapped": true, "error_lsq": 0.04108084413182796, "error_max": 0.22483394244452234, "target": "359.xyz", "model": "5.xyz", "model_rescale": 3.6523030999806103, "target_rescale": 4.17500130003924},
{"mapping": [6, 12, 10, 3, 1, 8, 13, 7, 9, 5, 11, 0, 14], "R": [[-0.01846217376207948, 0.9021729612430163, 0.43097922936260663], [0.5124410186738777, 0.37867031078141566, -0.7707223871882696], [-0.8585239370690008, 0.2066222246872623, -0.46930150835558715]], "T": [0.07917697113646109, -0.04979482030536624, 0.06459323576571988], "aligned_model": [[0.018958022215492962, -0.19898154751233338, 0.18801124025464067, 0.6942390358064378, 0.6607385072904043, -0.27976797807434595, -0.5011041896969458, 0.2528790056246501, -0.5243477138371605, -0.07905340319064498, -0.0808407006077984, 0.6326875146440806, 0.09766511174781706], [-0.6126492627270679, 0.11974421009061315, 0.5922764609531116, -0.3159976323485185, 0.3104504794215555, -0.7537115760627249, 0.4179965986537442, -0.6776869949285103, -0.1413939707167776, 0.0831402996659481, 0.7032116838816391, -0.16765606638842712, -0.01689732533140194], [0.6081095875138081, 0.587021733487011, 0.3640030840147982, 0.07476701170448116, 0.08995275853242074, 0.060011907381992885, 0.1092431643954723, -0.09050577736149742, 0.12305577375173551, -0.7308383356306505, -0.3134828168502255, -0.5739125240618052, 0.06268417260424734]], "inverted": true, "swapped": true, "error_lsq": 0.05316696628243978, "error_max": 0.3019452205699315, "target": "359.xyz", "model": "6.xyz", "model_rescale": 4.08911054899281, "target_rescale": 4.17500130003924},
{"mapping": [7, 13, 1, 2, 4, 5, 0, 6, 3, 8, 11, 10, 9, 8, 14], "R": [[-0.07073257720225123, 0.9669070109448681, 0.2451279965813537], [0.8897499859110966, -0.04993485857011082, 0.4537085765894079], [0.45093443547097967, 0.25019460842560864, -0.8567734781266431]], "T": [-0.11702719235901113, -0.049302339643606974, 0.0031173503362010085], "aligned_model": [[-0.3930981177790387, -0.22210406151797688, 0.4732369822966537, 0.2820006156267747, -0.3217536658971287, -0.7970296051335977, 0.7421037061125448, 0.0881824614758237, 0.35680670949612736, -0.10528785217899489, -0.17589062296466196, -0.627578302221927, 0.4502373907170857, -0.10528785217899489, -0.008464391093674958], [-0.30807410345866015, -0.7732140484832235, -0.45998866400665145, -0.500156793218484, 0.5969508159689549, 0.16802642855303124, 0.0982870816007127, 0.08764234790897607, 0.5613484929295001, 0.5040588658301604, -0.3023647700552032, 0.12783201180674825, 0.13132102979235047, 0.5040588658301604, -0.05534349980417344], [-0.6722425410752055, -0.02525890248687781, 0.14758536047904888, -0.5332096147112522, -0.18999769204969696, -0.26308962687927445, -0.35010728800618873, -0.43079291340226833, -0.16728931149449014, 0.401617711005725, 0.529449532335997, 0.4798100021108953, 0.5131598967074757, 0.401617711005725, 0.12778645256836205]], "inverted": true, "swapped": false, "error_lsq": 0.047005569238840514, "error_max": 0.30356155776795635, "target": "359.xyz", "model": "7.xyz", "model_rescale": 3.964800864290218, "target_rescale": 4.17500130003924},
{"mapping": [5, 0, 4, 11, 9, 1, 13, 7, 3, 2, 10, 12, 6, 14], "R": [[0.5888191065527261, 0.278370908953344, -0.7588159834946405], [0.34897800013041863, 0.7592467511028012, 0.5493257015330837], [0.7290448650003806, -0.5882635531701161, 0.34991367053638656]], "T": [0.07234291971073047, 0.0016493346214915983, 0.08483551795788688], "aligned_model": [[-0.14634299267722212, 0.1786165567280535, 0.298228977468235, -0.7232495484435434, 0.11621395751833132, -0.23222408477918954, -0.4379440120635699, 0.6960211608509906, 0.3907127513840404, 0.004211923755380695, -0.5276262861398677, -0.0719686102613513, 0.6754001789003314, 0.041137917220254366], [-0.1778292643267019, -0.7556426181530977, 0.2622786031125594, -0.03566733013974564, 0.5813923110656807, -0.5359584815643633, 0.5305558419210539, -0.1924851404477124, -0.5457925868319694, -0.05367327306584958, -0.00562371209616523, 0.4582057828522105, 0.2986385871137482, -0.017450253258444758], [-0.6867757096031336, -0.2935420881094334, -0.6045852341619918, -0.23329345483040068, -0.11016122914750484, 0.3795393989230711, -0.04712586727709189, -0.06285991436535601, 0.30441871214241256, 0.7383992610661331, 0.47692063678079344, 0.4718465920266962, 0.489756245784161, 0.0942776894966663]], "inverted": false, "swapped": true, "error_lsq": 0.043226567427131476, "error_max": 0.23534758801495825, "target": "359.xyz", "model": "8.xyz", "model_rescale": 4.121658175737393, "target_rescale": 4.17500130003924},
{"mapping": [3, 7, 8, 6, 0, 1, 4, 13, 9, 5, 2, 12, 14], "R": [[-0.2717073897914701, -0.8726498384695411, -0.4057799326627549], [-0.8128943825087682, 0.43380406021351836, -0.38860874955146685], [0.5151483448662091, 0.22426835880558346, -0.8272399204706308]], "T": [-0.07175811052113143, 0.01850863665279958, 0.05613230538866016], "aligned_model": [[-0.6162099691146565, -0.17722690990215237, 0.38116062111769267, 0.20650025236177746, -0.7384594907255764, -0.6787617754048447, 0.32464814829752897, 0.4211102261588302, 0.5345086124197878, -0.13477207915239675, -0.24570705622632472, 0.29502838613759286, -0.09508146953206137], [0.1627399357974872, -0.1200731805023165, -0.10492115396565968, 0.5047012609032926, -0.474112533228498, 0.19904502676170516, -0.6017848761688449, -0.05472185342211814, -0.0732908924205895, -0.7845015097383697, 0.6479139577911026, 0.46676620565061344, 0.02262705195390553], [-0.3072384312890753, -0.5905114109826237, -0.5794705371854078, -0.4934406973968524, -0.1458292084043072, 0.31610685100459984, -0.1726714010011902, 0.6122498751689194, 0.06412137246499505, 0.21930070553327638, 0.147994679882783, 0.26489053219856423, 0.08557310396540832]], "inverted": true, "swapped": true, "error_lsq": 0.050321697274799876, "error_max": 0.25214973064009466, "target": "359.xyz", "model": "9.xyz", "model_rescale": 3.833441315466971, "target_rescale": 4.17500130003924},
{"mapping": [13, 0, 1, 5, 9, 8, 4, 2, 3, 7, 12, 10, 6, 11, 14], "R": [[-0.5658817318519003, 0.06763323420160736, -0.8217077407373772], [-0.054099394127490326, 0.991436150147047, 0.11885964721738357], [0.8227096213800666, 0.1117143939384399, -0.5573766886726019]], "T": [-0.004639833874824088, 0.0011564031143708985, 0.08083842152631464], "aligned_model": [[-0.30516933083698444, -0.22051355150586605, 0.28628196456504224, 0.2606011497902197, -0.27735202683391236, -0.69373506795055, 0.7565279217846264, -0.0828083197897112, 0.38785762401905366, 0.024986499303443137, 0.027328416270768093, -0.7687826063012073, 0.5876830840580824, -0.34329035867561714, -0.003542003138372763], [-0.3991109695170377, -0.641126004474199, -0.6522393856403267, -0.36475286283543074, 0.6228057055162388, 0.34370609213265174, 0.08723194723837602, 0.1480435315621015, 0.6327199507663871, 0.6447231852374288, -0.1986317738395416, -0.2061625376462223, -0.07265298011911045, 0.3566522537154055, 0.0791779090974774], [-0.5397698230830161, 0.012319747852274104, 0.2653577520691212, -0.42234428002798957, -0.3631101466293114, -0.0431246024136482, -0.14080820835636643, -0.618421268598741, -0.36793221094831075, 0.2507150064696171, 0.6483617890124771, 0.301878742893925, 0.40477561278884266, 0.5544158737990816, 0.02672479128001992]], "inverted": false, "swapped": false, "error_lsq": 0.04722032667777208, "error_max": 0.29095457565542826, "target": "359.xyz", "model": "10.xyz", "model_rescale": 4.2482417240324, "target_rescale": 4.17500130003924},
{"mapping": [0, 3, 2, 6, 11, 13, 10, 9, 7, 4, 5, 14], "R": [[0.886012758429745, 0.4059850804529965, 0.22395871572521586], [-0.43795685784751637, 0.5742005954722924, 0.6917278849544778], [0.15223397309419595, -0.7109639868578709, 0.6865530036545735]], "T": [0.048083877481446505, 0.014093580533702028, 0.007776723129295303], "aligned_model": [[-0.6469695269452811, -0.10270602614735812, 0.29274797146603954, 0.7448613528226756, -0.5037634240619143, 0.13849006336683067, -0.045799927136131416, 0.40308747917603627, 0.12249818815415282, 0.01135501602845898, -0.5610576022072659, 0.024022037846763794], [-0.397236073149803, -0.638373939082633, -0.2513965383630141, -0.33268665337500875, 0.61697964276036, 0.737455851276346, 0.2202843826488319, 0.452125120821471, -0.4418491345275578, 0.33233500761238477, 0.3515453980833454, 0.016948325345916906], [-0.26729323421010687, 0.036365655637377335, 0.5595941455796587, -0.09265279946174862, 0.2676976802146906, 0.16940097940380724, 0.6877898626593895, -0.23336873209091247, -0.4770484356248954, -0.693384089355434, -0.42867821247193133, 0.03676946957446175]], "inverted": false, "swapped": true, "error_lsq": 0.057467358051455086, "error_max": 0.35853830367007583, "target": "359.xyz", "model": "11.xyz", "model_rescale": 3.6694154284099745, "target_rescale": 4.17500130003924},
{"mapping": [2, 6, 9, 7, 3, 10, 1, 11, 4, 5, 13, 0, 12, 14], "R": [[0.09874026798126423, 0.17544060158853977, 0.9795258826561143], [-0.15972226732024605, -0.9687798278218092, 0.18961656712330371], [0.9822113605538619, -0.17517488552814214, -0.06763580914821893]], "T": [0.06017233228678405, 0.07981978578036883, -0.07497244975374537], "aligned_model": [[-0.14774110202847573, 0.1081568316068103, -0.26031263540212973, 0.6400401474265089, 0.5806963977426909, -0.43860288715580675, 0.1539776452463451, -0.32062223530668027, 0.23474315306807964, 0.2880674242277996, -0.5966846718424508, 0.7801215002868097, -0.47442905263334617, 0.050854335019655125], [-0.3325017744505, 0.37952750082558173, 0.6018027670827331, 0.3397847216490102, -0.24887084058301076, -0.433535944951306, -0.5973715883227962, -0.1843090877767797, 0.7319287989394342, 0.24657421242000468, 0.2528089213970097, -0.1899041947928353, 0.11910583386371748, 0.045947962835991125], [-0.545728145031958, -0.7986534866394209, -0.04541791046619532, -0.2862737339316905, -0.34008743551413667, -0.03707970935573174, -0.03967361401013241, 0.646690482386171, 0.2972263729545084, 0.6968285417724804, 0.2351279992648911, 0.2949964276333855, -0.37780102374123636, -0.06105930566851882]], "inverted": true, "swapped": true, "error_lsq": 0.04834146925036588, "error_max": 0.250070192281919, "target": "359.xyz", "model": "12.xyz", "model_rescale": 3.9764082729961374, "target_rescale": 4.17500130003924},
{"mapping": [11, 3, 7, 8, 12, 13, 2, 10, 1, 9, 4, 6, 0, 5, 15], "R": [[0.6817707154912673, 0.25460642009739703, 0.6858310742039273], [-0.5243080608261022, 0.8238449114841653, 0.21536160097477913], [-0.510185994369992, -0.5064139933560639, 0.6951655331515414]], "T": [-0.10174272548159713, 0.049851657881533784, 0.018095295445240186], "aligned_model": [[-0.3764144881791466, -0.06651865254376638, 0.3921271521444315, 0.22983747256618992, -0.25286285391204244, -0.662493325525733, 0.6812936321259112, -0.03819501879420173, 0.2917751578835524, 0.15912117778466456, -0.074374329541814, -0.7539468127450465, 0.4470477627413617, -0.2266102618512275, -0.11371321739411899], [-0.31471311848338224, -0.7677802751779906, -0.4370673998874712, -0.2970869671279011, 0.6157171842854876, 0.18044184257491516, -0.01989545157310639, 0.2263714952274799, 0.39026070286341036, 0.5373134537802005, -0.21991517651851455, -0.07240192357282796, 0.12261159254161039, 0.48248097068684626, -0.04595286842455798], [-0.6316682348948599, -0.17857888700031357, 0.318155412885039, -0.5008854357844479, -0.2352275178957809, -0.18923418725991897, -0.1169932580802448, -0.7635371853002818, -0.3460309681328417, 0.25437933644157795, 0.6831821677714709, 0.39670155011843505, 0.4878217322640857, 0.7252472465118408, 0.06570700446421496]], "inverted": true, "swapped": false, "error_lsq": 0.04253764118383572, "error_max": 0.28834721895845783, "target": "359.xyz", "model": "13.xyz", "model_rescale": 4.170626492500431, "target_rescale": 4.17500130003924},
{"mapping": [7, 6, 3, 2, 0, 11, 1, 8, 4, 12, 9, 10, 5, 14], "R": [[-0.15510324396738318, 0.8310073139188133, -0.5342001758931137], [-0.9811516791448059, -0.19266830871994836, -0.014842685953789236], [-0.11525782499302403, 0.5218292508363573, 0.8452277011252316]], "T": [-0.04073033086389921, 0.01468581154832809, 0.10884365703269973], "aligned_model": [[0.3608984783977745, 0.05288583597344741, -0.19544715381292035, -0.6091279720728509, 0.10112335300733527, -0.23423204863975378, -0.5916446013784893, 0.6046840154293511, 0.7001626493990988, -0.29535594121731706, 0.30129603809550426, -0.6792878460865662, 0.3978370901135807, -0.07060887511655088], [-0.18592409775788796, -0.7526705048225313, -0.04406493034800866, -0.3123965917804174, 0.5547716291132595, 0.7197204112056163, 0.29171671232088753, -0.43701221281034097, 0.16371267046300092, -0.3576385090085875, -0.18216202900255948, 0.15227755242240884, 0.7079521185991207, 0.03779224933170548], [-0.38807348643344747, -0.026218427998483188, -0.5406791226108011, 0.03963951887862001, -0.5362452069795824, 0.5572288158904878, -0.1884456772269575, 0.0474394180991783, 0.26090182766484465, 0.5278753723357377, 0.5782253872728808, 0.4039021227235198, 0.15844634870261837, 0.1098762108022507]], "inverted": false, "swapped": true, "error_lsq": 0.05186077194592232, "error_max": 0.29474807557860083, "target": "359.xyz", "model": "14.xyz", "model_rescale": 3.9786697098870705, "target_rescale": 4.17500130003924},
{"mapping": [2, 1, 12, 6, 10, 13, 0, 5, 9, 7, 11, 14], "R": [[-0.5749100298661736, -0.7861071790026536, -0.22696687132655674], [0.6059379646015325, -0.2226419711425657, -0.7637209802933956], [0.5498341937473765, -0.5765986956334911, 0.6043312862825565]], "T": [0.07553148686154293, -0.09047736051466794, 0.019867725629892054], "aligned_model": [[0.021880535137139112, -0.5268801719403284, 0.45494890642556846, 0.5962770333886176, -0.14807586029079195, 0.3619791335347012, -0.595549285531171, -0.20206428848948016, 0.6199999005275023, 0.13136625981287364, -0.27676949650220345, 0.04624193069490956], [-0.2514292445644671, -0.11695227094936209, 0.08964376570400524, -0.6294526159818593, 0.31157489814875916, 0.5954545933192154, -0.3533892872428003, 0.26876444053249815, 0.1493630280423643, -0.6638716108724484, 0.6882497476420465, -0.07328095355351197], [-0.6173638305855412, -0.304220031252532, -0.43029444645581155, -0.2128793893830262, -0.529768900863521, -0.05079877153550463, 0.4764668015643234, 0.7049267713648092, 0.16846467248026734, 0.36130321792304226, 0.09081883783302228, 0.003311562784301777]], "inverted": true, "swapped": true, "error_lsq": 0.05205691295261295, "error_max": 0.30009291888321715, "target": "359.xyz", "model": "15.xyz", "model_rescale": 3.769337070930944, "target_rescale": 4.17500130003924},
{"mapping": [9, 4, 12, 13, 6, 7, 2, 0, 10, 11, 14], "R": [[0.505281402721188, -0.7040076243439364, -0.49906309113148817], [0.45063225730360035, -0.2779480231793561, 0.8483368818389015], [-0.7359492324485235, -0.6535427769291736, 0.17680657788140675]], "T": [0.07808064267104353, -0.006932536504823179, 0.0021385344954524543], "aligned_model": [[-0.3859762396282411, -0.3973328100329907, -0.04466020586836618, -0.5816418920663573, 0.42604344614802764, 0.4105719991747874, 0.47763571252860926, 0.3779668526108196, 0.03289270923002097, -0.47378519289715426, 0.08091175149201531], [0.05823803621720124, -0.5463125306277189, 0.552357769174968, 0.33957344876053086, 0.1600826438373786, -0.4877271118391652, 0.5168977216561985, -0.6660518384561938, 0.5728222622837331, 0.08931944170540546, 0.006864654913004054], [-0.39340454093138255, -0.2758981016965598, -0.2240830772666804, 0.049556176059868146, -0.6811398031622274, -0.32460717364885305, 0.03052156856389618, 0.4533422659941755, 0.42117207674821544, 0.651557973997594, 0.037200242565730755]], "inverted": false, "swapped": true, "error_lsq": 0.04713346637628351, "error_max": 0.23088023787639375, "target": "359.xyz", "model": "16.xyz", "model_rescale": 3.7852294659196426, "target_rescale": 4.17500130003924},
{"mapping": [7, 2, 12, 6, 3, 1, 11, 10, 9, 4, 5, 13, 14], "R": [[0.1343221678577697, 0.9384017666133783, 0.3183703498111593], [-0.9900202567440307, 0.14090511590450686, 0.002374773341048686], [-0.04263151954215336, -0.3155120801630713, 0.9479634385421722]], "T": [-0.04107678504861799, 0.04790635910272065, -0.06274449456797164], "aligned_model": [[-0.11025435920133832, -0.323463500535631, 0.23858177019220594, 0.15715786893083722, -0.5963385242141017, -0.6743978202947118, -0.045466687678068204, -0.24147395360154145, 0.5717005441113221, 0.46097965135961594, 0.03408561433946815, 0.4478923980634797, -0.06523715125525371], [-0.12755109556477617, -0.4271562832559811, -0.2927581478461907, -0.6770089937124416, -0.1724199270491105, 0.10468836545371166, 0.7464914232302347, 0.06175855126421313, 0.043197288141815934, 0.4170325681546637, 0.8300204250082259, 0.30689139076082017, 0.061870059117689426], [-0.705321982850359, 0.2970071122227169, 0.367122887006504, -0.28866975432229164, -0.3667338281013902, 0.1908573030865412, 0.4347749413467512, 0.6252931331735785, -0.039677470601643824, -0.516548721728717, -0.3037179036540525, 0.43863813849815986, -0.037269156932623546]], "inverted": false, "swapped": true, "error_lsq": 0.04070587443055906, "error_max": 0.23935736705462654, "target": "359.xyz", "model": "17.xyz", "model_rescale": 3.901054581598922, "target_rescale": 4.17500130003924},
{"mapping": [1, 0, 3, 7, 10, 4, 12, 6, 11, 9, 2, 8, 13, 5, 14], "R": [[-0.670133826700309, -0.7394258845023892, -0.06457565826114298], [0.08595528291251803, 0.009104947911277916, -0.9962573910706823], [0.737246460589286, -0.6731763968317611, 0.057456027509550034]], "T": [-0.07474960058047314, 0.03876591542407649, -0.0007713259656091489], "aligned_model": [[-0.39646266361893284, -0.0680958946290514, 0.4337311771010039, 0.24298567501694956, -0.3293388017681641, -0.7885224483992326, 0.6618801453796344, -0.0386055415529612, 0.37335835150431407, 0.20603763149522686, -0.13852234577123418, -0.6645583978619343, 0.35514207105675655, -0.18728624487669776, -0.025669318316661985], [-0.3882929199935438, -0.7195688403322105, -0.4731454859843396, -0.3099659278113422, 0.803249632691425, 0.24840895891957868, 0.02579021546489546, 0.11490055695817705, 0.5134948883687185, 0.5782427469897992, -0.39015971801118465, -0.06320730972674665, 0.08145683772730487, 0.29607541015774996, 0.06310501577591685], [-0.4477690950853156, -0.020485404910620803, 0.2498277669084218, -0.4667191985349573, -0.15309575867609454, -0.269382729186785, -0.09660113685203355, -0.7468429502924098, -0.4596423911374932, 0.25282855542507665, 0.703284026930101, 0.2858386810851018, 0.5830718328625363, 0.5570936887163183, -0.002367111143870352]], "inverted": true, "swapped": false, "error_lsq": 0.038241728690654196, "error_max": 0.25764161934721397, "target": "359.xyz", "model": "18.xyz", "model_rescale": 3.9405287249114394, "target_rescale": 4.17500130003924},
{"mapping": [14, 13, 9, 11, 1, 12, 5, 10, 2, 6, 7, 4, 8, 0, 15], "R": [[0.6383725500219897, 0.47103164315655144, -0.6087771994117892], [0.05062595076423865, -0.8148805891116582, -0.5774137499213657], [-0.7680608703010712, 0.33778516343124937, -0.5440438244094725]], "T": [-0.15645592352072402, 0.00789203194537227, -0.015693297768942082], "aligned_model": [[-0.4189338709713362, -0.27599631844410855, 0.37872145904749865, 0.25465505319026893, -0.30308511251198916, -0.6974590684467052, 0.6651135108852487, 0.0872948416650875, 0.4248144663021979, 0.2539710193208319, -0.037934188336776226, -0.5913901419246126, 0.29099143721413434, -0.26291823802699943, -0.13177145420372563], [-0.32633843882651803, -0.6430896131528886, -0.504612440100875, -0.42106848998433344, 0.6475426281601838, 0.023462803291857678, 0.11885414382280549, 0.09509911169821504, 0.5208149587171576, 0.6000765801062752, -0.3981876069384598, -0.03273901485745433, 0.21731310670921322, 0.45861771759078485, 0.024638614958234568], [-0.663099106814474, -0.13085768939539033, 0.18414209017963498, -0.42336208165280037, -0.08545302595962774, -0.10061803191198129, 0.04734412711832191, -0.7579092546567193, -0.40858016204416897, 0.18217191165763003, 0.5470477386894853, 0.570690853034252, 0.5571992125260731, 0.49242715039801627, -0.04210495506027684]], "inverted": false, "swapped": false, "error_lsq": 0.04234494148929046, "error_max": 0.260826736938428, "target": "359.xyz", "model": "19.xyz", "model_rescale": 4.410303926677745, "target_rescale": 4.17500130003924},
{"mapping": [5, 0, 4, 11, 9, 1, 13, 7, 3, 2, 10, 12, 6, 14], "R": [[0.5888191065527261, 0.278370908953344, -0.7588159834946405], [0.34897800013041863, 0.7592467511028012, 0.5493257015330837], [0.7290448650003806, -0.5882635531701161, 0.34991367053638656]], "T": [0.07234291971073047, 0.0016493346214915983, 0.08483551795788688], "aligned_model": [[-0.14634299267722212, 0.1786165567280535, 0.298228977468235, -0.7232495484435434, 0.11621395751833132, -0.23222408477918954, -0.4379440120635699, 0.6960211608509906, 0.3907127513840404, 0.004211923755380695, -0.5276262861398677, -0.0719686102613513, 0.6754001789003314, 0.041137917220254366], [-0.1778292643267019, -0.7556426181530977, 0.2622786031125594, -0.03566733013974564, 0.5813923110656807, -0.5359584815643633, 0.5305558419210539, -0.1924851404477124, -0.5457925868319694, -0.05367327306584958, -0.00562371209616523, 0.4582057828522105, 0.2986385871137482, -0.017450253258444758], [-0.6867757096031336, -0.2935420881094334, -0.6045852341619918, -0.23329345483040068, -0.11016122914750484, 0.3795393989230711, -0.04712586727709189, -0.06285991436535601, 0.30441871214241256, 0.7383992610661331, 0.47692063678079344, 0.4718465920266962, 0.489756245784161, 0.0942776894966663]], "inverted": false, "swapped": true, "error_lsq": 0.043226567427131476, "error_max": 0.23534758801495825, "target": "359.xyz", "model": "20.xyz", "model_rescale": 4.121658175737393, "target_rescale": 4.17500130003924},
{"mapping": [6, 12, 10, 3, 1, 8, 13, 7, 9, 5, 11, 0, 14], "R": [[-0.01846217376207948, 0.9021729612430163, 0.43097922936260663], [0.5124410186738777, 0.37867031078141566, -0.7707223871882696], [-0.8585239370690008, 0.2066222246872623, -0.46930150835558715]], "T": [0.07917697113646109, -0.04979482030536624, 0.06459323576571988], "aligned_model": [[0.018958022215492962, -0.19898154751233338, 0.18801124025464067, 0.6942390358064378, 0.6607385072904043, -0.27976797807434595, -0.5011041896969458, 0.2528790056246501, -0.5243477138371605, -0.07905340319064498, -0.0808407006077984, 0.6326875146440806, 0.09766511174781706], [-0.6126492627270679, 0.11974421009061315, 0.5922764609531116, -0.3159976323485185, 0.3104504794215555, -0.7537115760627249, 0.4179965986537442, -0.6776869949285103, -0.1413939707167776, 0.0831402996659481, 0.7032116838816391, -0.16765606638842712, -0.01689732533140194], [0.6081095875138081, 0.587021733487011, 0.3640030840147982, 0.07476701170448116, 0.08995275853242074, 0.060011907381992885, 0.1092431643954723, -0.09050577736149742, 0.12305577375173551, -0.7308383356306505, -0.3134828168502255, -0.5739125240618052, 0.06268417260424734]], "inverted": true, "swapped": true, "error_lsq": 0.05316696628243978, "error_max": 0.3019452205699315, "target": "359.xyz", "model": "21.xyz", "model_rescale": 4.08911054899281, "target_rescale": 4.17500130003924},
{"mapping": [2, 13, 7, 0, 11, 15, 6, 1, 8, 5, 12, 14, 10, 9, 16], "R": [[-0.19906417652517472, 0.1505698587115071, -0.968350231719883], [-0.651999611517257, 0.7173494651281395, 0.24557331178635478], [0.7316214596399561, 0.6802488239813201, -0.04462709117039668]], "T": [-0.07476733105346034, -0.020934684744948574, -0.032832656814923776], "aligned_model": [[-0.5376474414222623, -0.07088574679303195, 0.43988761230958673, 0.3834407634379311, -0.222240927436176, -0.7109904287281381, 0.6616766192087583, -0.08338735907859243, 0.2982119012159666, 0.14513440643958564, -0.1614652470767016, -0.6141434166840687, 0.4107422017907115, -0.242989709806054, -0.05926983261850048], [-0.21820014644065816, -0.6491337960225162, -0.42043840551854333, -0.44707358933421254, 0.690629539391244, 0.27311209964728805, 0.024562509454490105, 0.21174108029618743, 0.4725786727019056, 0.557521801418311, -0.33003631646864473, -0.1333062452637025, 0.11129014911702366, 0.30154529218695403, -0.06440858397092808], [-0.5505991779614701, 0.1723033369110468, 0.25233966717438994, -0.4894839179730472, -0.27329247374460036, -0.2334907652182383, -0.13839989602068384, -0.7916383399416431, -0.3460307991742223, 0.3059303479706668, 0.6319298260743113, 0.2962093717824064, 0.5979862522568831, 0.579748364216039, -0.04447302024386278]], "inverted": false, "swapped": false, "error_lsq": 0.04000077491279627, "error_max": 0.3332879647315515, "target": "359.xyz", "model": "22.xyz", "model_rescale": 4.204369325754507, "target_rescale": 4.17500130003924},
{"mapping": [14, 13, 9, 11, 1, 12, 5, 10, 2, 6, 7, 4, 8, 0, 15], "R": [[0.6383725500219897, 0.47103164315655144, -0.6087771994117892], [0.05062595076423865, -0.8148805891116582, -0.5774137499213657], [-0.7680608703010712, 0.33778516343124937, -0.5440438244094725]], "T": [-0.15645592352072402, 0.00789203194537227, -0.015693297768942082], "aligned_model": [[-0.4189338709713362, -0.27599631844410855, 0.37872145904749865, 0.25465505319026893, -0.30308511251198916, -0.6974590684467052, 0.6651135108852487, 0.0872948416650875, 0.4248144663021979, 0.2539710193208319, -0.037934188336776226, -0.5913901419246126, 0.29099143721413434, -0.26291823802699943, -0.13177145420372563], [-0.32633843882651803, -0.6430896131528886, -0.504612440100875, -0.42106848998433344, 0.6475426281601838, 0.023462803291857678, 0.11885414382280549, 0.09509911169821504, 0.5208149587171576, 0.6000765801062752, -0.3981876069384598, -0.03273901485745433, 0.21731310670921322, 0.45861771759078485, 0.024638614958234568], [-0.663099106814474, -0.13085768939539033, 0.18414209017963498, -0.42336208165280037, -0.08545302595962774, -0.10061803191198129, 0.04734412711832191, -0.7579092546567193, -0.40858016204416897, 0.18217191165763003, 0.5470477386894853, 0.570690853034252, 0.5571992125260731, 0.49242715039801627, -0.04210495506027684]], "inverted": false, "swapped": false, "error_lsq": 0.04234494148929046, "error_max": 0.260826736938428, "target": "359.xyz", "model": "23.xyz", "model_rescale": 4.410303926677745, "target_rescale": 4.17500130003924},
{"mapping": [11, 1, 0, 7, 15, 9, 12, 13, 6, 5, 3, 10, 2, 4, 16], "R": [[0.6966640569015662, -0.4955566771674196, 0.5187318879115078], [0.5979480391040966, 0.0015901922100368452, -0.8015332892776823], [0.3963802900662658, 0.8685741482472991, 0.2974249731334979]], "T": [-0.1230365301259693, 0.06350734526714383, -0.10275664545052642], "aligned_model": [[-0.5276099403028266, -0.21079887401961064, 0.48257981287065577, 0.1714546860617133, -0.3121499168359383, -0.6994029851554916, 0.6738192405344177, 0.2482563573758835, 0.2690173835662024, 0.2287911987014916, -0.06688075020466752, -0.664732875448429, 0.33468906496523554, -0.18052509386360505, -0.11043391348601678], [-0.25826907612131167, -0.7746635702113908, -0.26634652303611916, -0.4582982546291524, 0.743684070290474, 0.2912804160607332, 0.1549422290740435, 0.10590029327185094, 0.5981351505045037, 0.5024207630835761, -0.3799441221866763, -0.1237511563141597, 0.0129824342806448, 0.24640633120017405, -0.014094924072991274], [-0.46813559534648064, 0.058806459900003785, 0.20515743631082345, -0.3907231993894581, -0.20720730623528075, -0.19408638521991442, -0.15601429816032078, -0.6981817486156042, -0.4747310106768575, 0.17862262584844651, 0.6779150582947451, 0.20592323618323066, 0.6851700415874162, 0.5583994624205295, -0.01187600079330374]], "inverted": true, "swapped": false, "error_lsq": 0.03722165061293168, "error_max": 0.2772024902669096, "target": "359.xyz", "model": "24.xyz", "model_rescale": 4.28219845311461, "target_rescale": 4.17500130003924},
{"mapping": [12, 13, 2, 14, 5, 9, 6, 10, 8, 1, 4, 7, 0, 3, 15], "R": [[0.560017908847537, -0.7181701138939254, 0.41305160607316166], [0.7185249548919359, 0.6692193581398258, 0.1893867468659343], [-0.4124340322616134, 0.19072791667846176, 0.8907979741961252]], "T": [-0.09179064329377246, -0.0037942560090629095, -0.01379064454961968], "aligned_model": [[-0.4633279411420805, -0.3094687037656652, 0.33540310505982, 0.2328539053242043, -0.2610845018749366, -0.742344105408753, 0.7925987461525716, 0.30257515529007944, 0.2913207449295244, 0.05936419240115265, -0.03599001990781467, -0.6829283103841681, 0.5689706638220002, -0.41730980278613045, -0.034559732950789734], [-0.41351471508875304, -0.5545463911893931, -0.5256351208580844, -0.42054982689998666, 0.7835581629777782, 0.1559653456860569, 0.051057190800823896, 0.16939569642457664, 0.5232779540610375, 0.5453731897654588, -0.11873269167407309, -0.2535800262180329, 0.007417672819462321, 0.4375592056097655, -0.0066615850224380525], [-0.541530241275249, 0.033164701477290386, 0.1043941155895469, -0.5624848545415235, -0.29073186336042134, -0.10396129651187958, -0.17824082417435122, -0.6802632067089578, -0.253303914566674, 0.2785186625108965, 0.7061565892545882, 0.42633358029861707, 0.4645637844111728, 0.5332831563038765, 0.0331403874010434]], "inverted": true, "swapped": false, "error_lsq": 0.044758094929875966, "error_max": 0.3097069972650148, "target": "359.xyz", "model": "25.xyz", "model_rescale": 4.100010024507729, "target_rescale": 4.17500130003924},
{"mapping": [0, 3, 2, 6, 11, 13, 10, 9, 7, 4, 5, 14], "R": [[0.886012758429745, 0.4059850804529965, 0.22395871572521586], [-0.43795685784751637, 0.5742005954722924, 0.6917278849544778], [0.15223397309419595, -0.7109639868578709, 0.6865530036545735]], "T": [0.048083877481446505, 0.014093580533702028, 0.007776723129295303], "aligned_model": [[-0.6469695269452811, -0.10270602614735812, 0.29274797146603954, 0.7448613528226756, -0.5037634240619143, 0.13849006336683067, -0.045799927136131416, 0.40308747917603627, 0.12249818815415282, 0.01135501602845898, -0.5610576022072659, 0.024022037846763794], [-0.397236073149803, -0.638373939082633, -0.2513965383630141, -0.33268665337500875, 0.61697964276036, 0.737455851276346, 0.2202843826488319, 0.452125120821471, -0.4418491345275578, 0.33233500761238477, 0.3515453980833454, 0.016948325345916906], [-0.26729323421010687, 0.036365655637377335, 0.5595941455796587, -0.09265279946174862, 0.2676976802146906, 0.16940097940380724, 0.6877898626593895, -0.23336873209091247, -0.4770484356248954, -0.693384089355434, -0.42867821247193133, 0.03676946957446175]], "inverted": false, "swapped": true, "error_lsq": 0.057467358051455086, "error_max": 0.35853830367007583, "target": "359.xyz", "model": "26.xyz", "model_rescale": 3.6694154284099745, "target_rescale": 4.17500130003924},
