[{"mapping": [3, 9, 4, 2, 8, 10, 5, 6, 0, 1, 7, 11], "R": [[0.859664724007901, -0.4665061833039036, 0.2082031297450745], [-0.41426909353286057, -0.39812147474840587, 0.8184622223949108], [-0.29892755048653785, -0.7898552223562109, -0.5355100813959894]], "T": [-0.00512061537075869, -0.1374925839421355, -0.06974896988936684], "aligned_model": [[-0.4355175947624769, 0.03965436610904576, -0.43923300514519836, 0.41040416978739863, 0.44529019981949913, -0.48566720181906997, -0.27287625296380724, 0.5747411344247714, -0.17004670185993717, 0.4842652632731787, 0.1524992706021453, -0.025128728895374132], [-0.3884127216524198, 0.029705067395542545, -0.8144143542738576, -0.6749845057710063, -0.46699777899833683, 0.3168480729212324, 0.33880451475271967, 0.23301224880431784, -0.2979273939293802, 0.020262030457937674, 0.7782409936743149, -0.13106677606626863], [-0.5449647518335927, -0.6523264933560833, 0.005562494303202839, 0.36290774446324453, -0.37250285455780857, -0.2259888231237565, 0.5548583666364797, -0.2969955485006746, 0.5045779855473617, 0.4175861334413295, 0.11243581607718324, -0.0034870632277645836]], "inverted": false, "swapped": false, "error_lsq": 0.057802405337496636, "error_max": 0.33002655007333825, "target": "36.xyz", "model": "0.xyz", "model_rescale": 3.751011558992144, "target_rescale": 3.906412766846262},
{"mapping": [11, 10, 12, 3, 13, 6, 1, 5, 7, 8, 4, 14], "R": [[0.905470340676667, -0.40968797237608695, 0.1108116755818243], [0.4239584825749135, 0.8851676078136118, -0.19167031885585475], [-0.019561881495848237, 0.22053133874327, 0.9751837065007002]], "T": [0.11414660874468957, -0.07913151414842046, 0.025568488610318338], "aligned_model": [[-0.4782461566749165, 0.020912695405941123, -0.20549116550275914, 0.21258331837556316, 0.5333811843343018, -0.6084125347094536, -0.19481695934314663, 0.6696189585994805, -0.4145308291641438, 0.5734807925882027, 0.07342235371273924, 0.09648326094836623], [-0.24735655941842127, 0.3815145739369964, -0.736283094386228, -0.744399579246997, -0.639105311185007, 0.12490361602786207, 0.24986423672131208, -0.07850364893938663, -0.31840332949151384, 0.3588110416967423, 0.7104190419273309, -0.11839159032789456], [-0.48187819287365163, -0.6464183915175647, -0.10844120485362703, 0.38769347431251816, -0.169812973056863, 0.023646215241813706, 0.556594720485854, -0.2599768166000743, 0.34638960516254347, 0.21957023466558712, 0.0026463516599205122, -0.008350016757334558]], "inverted": true, "swapped": false, "error_lsq": 0.04737331549955464, "error_max": 0.2987553812315794, "target": "36.xyz", "model": "1.xyz", "model_rescale": 3.9405287249114394, "target_rescale": 3.906412766846262},
{"mapping": [10, 3, 11, 0, 6, 9, 2, 7, 5, 1, 4, 12], "R": [[0.6493992376838964, 0.7577845819717384, 0.06358582720616314], [0.5127613999493565, -0.3746012922411173, -0.7724957078024843], [-0.5615660039724186, 0.5342624815361854, -0.6318284767286506]], "T": [0.03900670640026921, -0.03460923653304155, -0.02548098982996671], "aligned_model": [[-0.5176804749847235, 0.115661984227865, -0.30253195090587687, 0.37488971581911507, 0.3359420591745478, -0.7608066366686794, -0.11654573214825625, 0.7103269177153633, -0.34285555338920737, 0.5845199620691433, 0.17711735377512597, 0.02034727388575834], [-0.06906463971933385, 0.08183235148104115, -0.6509026984226579, -0.5850253630432481, -0.4653890964677941, -0.05542259059894815, 0.09507480155052966, 0.059058267229674326, -0.39750065773057874, 0.2720776858852498, 0.6420333348329622, 0.016298002317899525], [-0.658252138496902, -0.5798860795710549, -0.13106509580624282, 0.5103871655376747, -0.1724973220411649, -0.1267061232280444, 0.6250227508583993, -0.4371427754924933, 0.4750860000389767, 0.4598897466853374, -0.1470375675199902, 0.04386444490462565]], "inverted": false, "swapped": false, "error_lsq": 0.05036491263652788, "error_max": 0.28378190292953887, "target": "36.xyz", "model": "2.xyz", "model_rescale": 3.932901565614263, "target_rescale": 3.906412766846262},
{"mapping": [2, 1, 4, 7, 0, 6, 9, 3, 5, 8, 11, 13], "R": [[0.4802527231875, -0.8737945927977888, 0.0764220613981105], [-0.7410182989682736, -0.45080222614016635, -0.49766377555658625], [0.4693071515171663, 0.1823742375019466, -0.863996779525495]], "T": [0.055574203549013906, 0.0015698113689882748, -0.012258163674136851], "aligned_model": [[-0.3805418002090737, -0.006128621368547457, -0.22963769137606835, 0.2639357758614168, 0.26469516709138324, -0.6186871168263185, -0.0103396748185752, 0.5503720164352828, -0.4612545671878072, 0.5975023301245473, 0.35534658524727614, -0.04687748440334037], [-0.4182005302130249, 0.15858749402549455, -0.8188136419301499, -0.487996936824029, -0.4337590571721967, -0.022366754175733868, 0.07409997569316092, -0.0027512746575569097, -0.24633323436735716, 0.262736178340395, 0.8428759324588017, 0.034991246136991686], [-0.5847924812241813, -0.7335811354714634, -0.10634094150302298, 0.46382208333718394, -0.4767014088233902, -0.11945412142159481, 0.7158817097639932, -0.13812289527014382, 0.4215987105458949, 0.40832804618205626, -0.01927444154718034, 0.03029988130096968]], "inverted": true, "swapped": false, "error_lsq": 0.047607817241606266, "error_max": 0.2655610036540689, "target": "36.xyz", "model": "3.xyz", "model_rescale": 3.9243930471874484, "target_rescale": 3.906412766846262},
{"mapping": [0, 5, 2, 4, 3, 1, 8, 6, 7, 10, 11, 12], "R": [[-0.25478992550301144, 0.36247169757696707, -0.8964911390068737], [0.8442004319224179, -0.36876005663367206, -0.3890265432763351], [-0.4716012347356324, -0.8559382507442945, -0.21204241629594806]], "T": [0.058449454491047395, 0.047256984059169435, 0.08243295300930306], "aligned_model": [[-0.28022456841517185, -0.12180774879940832, -0.23279861476235936, 0.10151107949799106, 0.41627081266903726, -0.627833360139618, -0.03668112877091022, 0.5334943449138762, -0.5161193244690723, 0.6687730778835419, 0.36348893579517844, 0.010311413167090222], [-0.4071169781969619, 0.20197595309644556, -0.8151103884453264, -0.4465767554482408, -0.45100745575290174, 0.07353501823436491, 0.1277192622603084, 0.14836580387723908, -0.41800509797399027, 0.1139968627183127, 0.7693833811321935, 0.04590979181335221], [-0.5517330836031705, -0.6367280032840906, -0.06827062129944644, 0.40899260087775147, -0.19442403898312546, -0.11374467885779757, 0.6995329147911441, -0.4520068222459357, 0.39278867178796983, 0.4291007808279973, -0.02535602084033392, -0.026488693301840796]], "inverted": true, "swapped": false, "error_lsq": 0.0505324522613315, "error_max": 0.2646499954003628, "target": "36.xyz", "model": "4.xyz", "model_rescale": 3.8936222436046832, "target_rescale": 3.906412766846262},
{"mapping": [9, 6, 0, 2, 1, 8, 10, 5, 3, 4, 7, 11], "R": [[-0.9919704461103951, 0.12275569353311461, 0.030424886996478294], [0.10232387219492967, 0.6376262384820136, 0.7635198787054038], [0.07432670598499658, 0.7605023469421268, -0.6450672221349784]], "T": [-0.052836155502049384, -0.03796986876822306, -0.004988323688214476], "aligned_model": [[-0.42086930401688866, 0.16604760114680794, -0.22873086386306912, 0.20860351901734392, 0.4126172699388386, -0.7399667748569808, -0.0777121625957384, 0.6704552892769474, -0.4541982724438703, 0.6260741824436202, 0.001492445476335938, 0.11457198904682846], [-0.24150671318048073, 0.24651509636416258, -0.9044293905592713, -0.49661727685250034, -0.5834572238950233, 0.2288078031082572, 0.21539503877026173, 0.20687002458846046, -0.34637700313322245, 0.03993586383874015, 0.6052574650407634, -0.027324286775352043], [-0.4579345659534667, -0.7161611815762421, -0.03703918397684239, 0.5226955936040325, -0.36402233503416, 0.04544987675448048, 0.5735052435916254, -0.2771532912675541, 0.26717986489733303, 0.39953120459728136, -0.060256104037796104, -0.03413211572957014]], "inverted": false, "swapped": false, "error_lsq": 0.05163954355273557, "error_max": 0.2845975759505707, "target": "36.xyz", "model": "5.xyz", "model_rescale": 3.6523030999806103, "target_rescale": 3.906412766846262},
{"mapping": [7, 5, 11, 10, 9, 3, 2, 8, 4, 6, 1, 12], "R": [[-0.9083512332936634, 0.3226807663052476, -0.266036012657194], [-0.32594200491982944, -0.14766636282019086, 0.9337860861676498], [0.2620302394814812, 0.9349180543492107, 0.23930813870230933]], "T": [0.05933709581324546, -0.04207892339965442, -0.03476243982434436], "aligned_model": [[-0.34616979700214345, 0.10961477725361399, -0.39610419924433715, 0.35659745312197644, 0.3859436639689206, -0.6144332412590621, -0.16351532185351753, 0.650444092528188, -0.27769782437533386, 0.5760247655639517, 0.008407654013550328, -0.010727104145631938], [-0.2885771472863252, 0.29221720379531785, -0.7937247762535123, -0.5345151859604116, -0.6410694089014024, 0.11442667675306759, 0.2538442371613464, 0.04374329977332602, -0.257782943797169, 0.12997223193898638, 0.6362093200463754, -0.01167410995480387], [-0.5263118729408001, -0.6260506809370591, -0.08135365986468066, 0.49231995312278454, -0.2739306298007586, -0.09941716084520176, 0.6277916464152506, -0.3460985397401406, 0.37634684015452435, 0.3202822248959319, 0.10561603699569087, -0.10753115158642006]], "inverted": false, "swapped": false, "error_lsq": 0.04349411115795814, "error_max": 0.3429368464417318, "target": "36.xyz", "model": "6.xyz", "model_rescale": 4.08911054899281, "target_rescale": 3.906412766846262},
{"mapping": [5, 12, 4, 3, 8, 7, 2, 11, 6, 1, 13, 14], "R": [[0.33138709707281433, 0.660752137408598, -0.6734903153005416], [-0.8917811281986215, -0.013722585837125007, -0.4522588971228059], [-0.3080730615981332, 0.7504787162524416, 0.5846987986729926]], "T": [0.0953884049931442, -0.11742084554909615, -0.040139156511761566], "aligned_model": [[-0.45775139427597106, 0.012505800880618131, -0.19727560356086432, 0.13012431742670166, 0.43186147106944167, -0.6199020422159662, -0.18348533769848469, 0.5493127020277652, -0.20513259952610463, 0.5080017974032927, 0.05440426822624157, 0.25572153881350557], [-0.2879789498444324, 0.3040378914915832, -0.7463712429900696, -0.7526791756297133, -0.6775826142116957, 0.1698941207637869, 0.3178566612792845, 0.12920321293230322, -0.25876891736567653, 0.2537827394127964, 0.6119501751307251, -0.12027450365409637], [-0.5355657657154179, -0.6089140899597811, -0.16511381537585154, 0.4307023313760067, -0.2354687293341781, 0.031265680869671734, 0.5786519802845623, -0.31881525756268636, 0.332487754607057, 0.43934405046281355, -0.08739100385735302, 0.000479870074278084]], "inverted": true, "swapped": false, "error_lsq": 0.04297204329672172, "error_max": 0.24295153590409233, "target": "36.xyz", "model": "7.xyz", "model_rescale": 3.964800864290218, "target_rescale": 3.906412766846262},
{"mapping": [4, 2, 11, 10, 6, 12, 8, 3, 9, 5, 1, 13], "R": [[-0.8541722034915178, -0.39324625767429244, -0.3402164422946211], [0.5182598793000884, -0.6971556300785986, -0.49535918781987903], [-0.0423856613762614, -0.5994425812993904, 0.7992947187582442]], "T": [0.0618226402460091, -0.005140840753570228, -0.1152233322878381], "aligned_model": [[-0.29593226581055754, -0.1340369916826345, -0.28278305276834914, 0.30660237297302323, 0.23263843254739708, -0.6832789053259785, -0.11598621583476408, 0.7641963635571294, -0.3015374130610253, 0.5562705413536718, 0.17662811161825898, 0.055603941004003656], [-0.3184315780690153, 0.3046416430608643, -0.758988855628236, -0.46743668605025923, -0.44612826018849355, -0.055981968556069614, 0.26293171788839775, -0.14783905690311522, -0.2702152911198914, 0.10502146965199201, 0.7352384111863621, 0.0002578520422593933], [-0.6338308294556327, -0.6668414475239386, -0.10555837986685723, 0.5184165077433449, -0.451166607528041, -0.0015844137846477702, 0.5830450225798849, -0.22599818327947152, 0.40589252259696207, 0.5499505257558437, -0.07305511899563671, -0.03760659237268882]], "inverted": false, "swapped": false, "error_lsq": 0.04571905148762433, "error_max": 0.26164564750320696, "target": "36.xyz", "model": "8.xyz", "model_rescale": 4.121658175737393, "target_rescale": 3.906412766846262},
{"mapping": [9, 7, 4, 0, 5, 6, 2, 10, 1, 3, 11, 12], "R": [[-0.3292186165815492, 0.9289395164896532, 0.16937082747657695], [0.9388805410798362, 0.3029281255504632, 0.1635172172345079], [0.10059041742514702, 0.21285188618955747, -0.9718928142896124]], "T": [-8.668251093645052e-05, 0.01626589985694235, -0.04314797147752252], "aligned_model": [[-0.5026737554997147, -0.03180255727316372, -0.2706257516299331, 0.3119928186797132, 0.32581086943646265, -0.6915380162560057, -0.0905745052710349, 0.7568898447581703, -0.32041571544601033, 0.5225533607261541, 0.3111954261351275, -0.042427099789590465], [-0.3020544072980519, 0.30679723613857424, -0.8291451987123566, -0.5718485815873242, -0.37846550168941684, 0.05255093439155715, 0.19322274247292456, -0.018352711495267765, -0.36219403780750004, 0.33047345847674814, 0.557440363501165, -0.035354899076256455], [-0.6256153380760898, -0.6512569717724378, -0.05786545138417109, 0.3758412703586076, -0.3891187976229013, -0.07072512551777507, 0.622317790708937, -0.09078114801460352, 0.4354845618457334, 0.45765636834126894, -0.1583248931665143, 0.014050740169067412]], "inverted": false, "swapped": false, "error_lsq": 0.044113988545095045, "error_max": 0.29056243076674915, "target": "36.xyz", "model": "9.xyz", "model_rescale": 3.833441315466971, "target_rescale": 3.906412766846262},
{"mapping": [8, 9, 10, 0, 13, 11, 6, 2, 12, 4, 3, 14], "R": [[-0.8889259382345103, -0.4469168549655883, 0.10037928611802056], [-0.4491885138416567, 0.8076376253493283, -0.38203552865253537], [0.08966802867588809, -0.3846905130982122, -0.9186799517599231]], "T": [-0.0009680953833055249, -0.09645767925412654, 0.1182330191365108], "aligned_model": [[-0.2973719469402719, 0.02612890786572222, -0.4048654082356421, 0.2181745175524265, 0.554635210817657, -0.6658096042858692, -0.012701254683859523, 0.4976765931846717, -0.3870906840844703, 0.4487200991805511, 0.2860114824381174, 0.014877005761142204], [-0.25029339160519704, 0.24783515661656366, -0.7486173624889761, -0.7270722484327881, -0.5544591587860976, -0.06163743568733835, 0.1933521824913674, 0.015802787126529633, -0.269985009485619, 0.4593666460354885, 0.6701320838029643, -0.03135485227210147], [-0.5860671248109222, -0.6156868144391698, -0.17724769386105937, 0.25286118126827817, -0.22415002994702654, -0.030462642271893103, 0.7323194503925687, -0.3871394347809712, 0.5469726481285304, 0.471436115352388, -0.17211970917363184, 0.05094706001203034]], "inverted": false, "swapped": false, "error_lsq": 0.04898382593850354, "error_max": 0.29200653442656405, "target": "36.xyz", "model": "10.xyz", "model_rescale": 4.2482417240324, "target_rescale": 3.906412766846262},
{"mapping": [7, 9, 3, 1, 8, 5, 6, 10, 2, 0, 4, 11], "R": [[0.7185572351946934, 0.46333971011974784, 0.5186442063452616], [0.6303523163740157, -0.7489653693704204, -0.20422250788231633], [0.29382215197508704, 0.47367413747214226, -0.8302417446134295]], "T": [0.02274738132914116, -0.12872695935655315, 0.04183156111884263], "aligned_model": [[-0.39030204725085527, 0.07876361522474128, -0.20135047066432382, 0.3644913360581958, 0.35308488541215866, -0.5225347475335013, -0.17886852734427947, 0.5394871074879181, -0.4804837085570542, 0.6712142780295925, 0.02753513853274381, 0.017348059174838823], [-0.2794697290375508, 0.20734482924519804, -0.8868911534628046, -0.5590729717332064, -0.5460580329443314, 0.3689466205400707, 0.2546308614489222, 0.04658393291134816, -0.45622019911784695, 0.07435609981372565, 0.745976620038616, -0.02705748038734493], [-0.47316652978440726, -0.7086541726463498, -0.13993431565366565, 0.4858585116475926, -0.2640601474466053, -0.09664073985659895, 0.5243975615167616, -0.3005841350693971, 0.4745715921620558, 0.3766261711345646, 0.015179998191232405, -0.03193078832606176]], "inverted": true, "swapped": false, "error_lsq": 0.05037954312573359, "error_max": 0.3080243592442531, "target": "36.xyz", "model": "11.xyz", "model_rescale": 3.6694154284099745, "target_rescale": 3.906412766846262},
{"mapping": [9, 7, 8, 3, 11, 10, 12, 6, 2, 0, 5, 13], "R": [[0.5360395915000744, -0.739286934128204, -0.4075737790532584], [-0.827729340866024, -0.5551561772685694, -0.08164408802875116], [-0.16590869360564278, 0.3811252390853559, -0.9095151771785888]], "T": [0.08126876128007611, -0.06537365175031687, 0.03379969889750467], "aligned_model": [[-0.32163285187278573, -0.18009797920334258, -0.2198403950174258, 0.1747643834110666, 0.3538016204018558, -0.5381847711706315, -0.2491019977606161, 0.545039890336111, -0.33316178830728543, 0.6031648061405896, 0.2820322273146583, 0.161601774297981], [-0.36124666922472404, 0.3442287859201729, -0.7550709644108702, -0.7947531535381105, -0.5286668149416249, 0.03963778331208828, 0.3841221239374356, 0.09367808494216623, -0.3511357922249594, 0.22119779581180868, 0.7009855041459914, -0.04990728641457841], [-0.5945439288568475, -0.5284089709867387, -0.04524929991783419, 0.4815864914868462, -0.47227730566422665, -0.059895055218811444, 0.4218424922544121, -0.24811113516686, 0.4496132292598357, 0.4290707302501188, -0.0964249813914522, 0.12446073982067898]], "inverted": false, "swapped": false, "error_lsq": 0.04763478366031704, "error_max": 0.30346180343359774, "target": "36.xyz", "model": "12.xyz", "model_rescale": 3.9764082729961374, "target_rescale": 3.906412766846262},
{"mapping": [7, 4, 2, 1, 9, 3, 11, 5, 8, 13, 6, 15], "R": [[0.8291293323165043, -0.5454271391715914, -0.12269387167858649], [0.5215046649840988, 0.6755024447846851, 0.5212766362400452], [-0.20143841414241453, -0.4961911758032451, 0.8445216885094083]], "T": [0.12783272445243446, -0.0807188590199942, 0.039470468018436414], "aligned_model": [[-0.41489277038770933, 0.02720612922528201, -0.23502583055470525, 0.21857617897466097, 0.537218050754614, -0.6743151099527865, -0.260894988853821, 0.7285980005920226, -0.4219886090290713, 0.390536796790225, 0.32761616609846633, 0.055750904912997154], [-0.2515669462698904, 0.16517097244227577, -0.7793659074439349, -0.6530699535096598, -0.4462362867258899, 0.16301399238862058, 0.1468098029019342, 0.03255714924398284, -0.3645736646844308, 0.3129844636435641, 0.6378928363342234, -0.020547061005999664], [-0.4578158350872927, -0.6278197243983824, -0.08892534457981764, 0.29928276249052266, -0.2060896899252847, 0.11428086981425499, 0.6934323718485578, -0.5341788453877788, 0.38119519231911203, 0.4273684059966035, -0.12588555226336434, -0.013181604958009081]], "inverted": false, "swapped": false, "error_lsq": 0.05014341726923069, "error_max": 0.2836365991624414, "target": "36.xyz", "model": "13.xyz", "model_rescale": 4.170626492500431, "target_rescale": 3.906412766846262},
{"mapping": [1, 3, 7, 8, 0, 9, 12, 2, 10, 4, 6, 13], "R": [[0.11512395325810482, 0.417939564968248, -0.90115092821368], [-0.8548338432486939, 0.5037621070487083, 0.12443006042959792], [0.5059699356907417, 0.7560094308512278, 0.41526396983257463]], "T": [0.04809996476863599, -0.018687229214197562, -0.014330026191230678], "aligned_model": [[-0.29733914242123666, -0.07005683536224688, -0.17032908692927953, 0.1711950523392117, 0.28002107875545473, -0.7412444556750111, -0.022720417017529575, 0.6116959291376913, -0.37950824444062653, 0.6308937067387388, 0.24721111071354004, 0.018566222731468955], [-0.40149539104883386, 0.348509871812016, -0.7981988436774126, -0.501415707331541, -0.4722078989214363, -0.033303948338571365, 0.10182081628372902, 0.06540119783960971, -0.20477625047075354, -0.03327372743435824, 0.7960890919840146, 0.07592018661833284], [-0.5843688006197748, -0.5858883031942489, 0.03127913056603931, 0.5364667681308035, -0.32479742474266193, -0.1960665825039339, 0.7041185841352869, -0.3432994664419557, 0.303239494637601, 0.389652422664136, -0.07744551561579398, 0.008772698853623967]], "inverted": false, "swapped": false, "error_lsq": 0.04899262557601261, "error_max": 0.24658493264790687, "target": "36.xyz", "model": "14.xyz", "model_rescale": 3.9786697098870705, "target_rescale": 3.906412766846262},
{"mapping": [2, 4, 3, 9, 0, 5, 7, 1, 8, 6, 10, 11], "R": [[0.8511467777941579, 0.5127140549416895, 0.1125764651953191], [0.5248228064800684, -0.8268880254288138, -0.20203270824503242], [-0.010496878060048901, 0.23104218503919963, -0.9728871076765819]], "T": [0.05491955611335064, -0.062224279732822185, 0.01589949434842485], "aligned_model": [[-0.46944528656433704, -0.10252873251921424, -0.159770690705469, 0.22385247814681164, 0.34272536526771324, -0.6949846948824243, -0.08061932823172327, 0.6576336130611015, -0.4114073064337054, 0.6308120010466143, 0.21395303466860024, 0.1281644657162077], [-0.4479373589351197, 0.21551132377093535, -0.9561059775441572, -0.5497825497688134, -0.49665712933334283, 0.2180500195673022, 0.3592655073069918, 0.19906919297493864, -0.254231384976825, -0.0016059628386789065, 0.745350741718082, -0.0878570246265179], [-0.5586562893339947, -0.5065827551531518, 0.021630161103460437, 0.3639840662874477, -0.44479726218858123, -0.04533382354500339, 0.5066658090464912, -0.15478611772899725, 0.14969282312393675, 0.5562965727358133, -0.10596898362711929, 0.07951880514881957]], "inverted": true, "swapped": false, "error_lsq": 0.05356448729001734, "error_max": 0.2658630836273614, "target": "36.xyz", "model": "15.xyz", "model_rescale": 3.769337070930944, "target_rescale": 3.906412766846262},
{"mapping": [1, 10, 4, 7, 0, 5, 2, 6, 3, 9, 11], "R": [[-0.8249804243605632, -0.5040803210387099, 0.2555588569456673], [0.4392783567849139, -0.8564300765623503, -0.2712232460902877], [0.35558659238251783, -0.11149239391509139, 0.9279696231110538]], "T": [0.015485326239935237, -0.04078986927627599, -0.005332634999182198], "aligned_model": [[-0.2877119544643738, -0.5774833842091203, -0.11273308352540146, -0.5733210669805879, 0.39995952745670527, 0.4635045191101881, 0.6598940856244451, 0.17084672150753524, 0.22155861971214846, -0.38761682983998175, -0.05427102370038577], [-0.08470178538325879, -0.6243482584293738, 0.6831527591353566, 0.2618622719124097, 0.22889297371590994, -0.3642102353859979, 0.5464728807118584, -0.4525359448634084, 0.5187029305543783, -0.08610633330496664, -0.03111676103756531], [-0.6089516271602653, -0.15405231531843822, -0.06220712990430262, -0.05824843792910335, -0.7218768839990917, -0.2533945822587846, -0.117639213003512, 0.5210215316153604, 0.5561411443262422, 0.577920402232032, 0.0655047186236397]], "inverted": false, "swapped": true, "error_lsq": 0.04677420364329457, "error_max": 0.2266686513317885, "target": "36.xyz", "model": "16.xyz", "model_rescale": 3.7852294659196426, "target_rescale": 3.906412766846262},
{"mapping": [6, 10, 7, 1, 5, 11, 8, 4, 2, 0, 9, 12], "R": [[-0.6321495427408489, -0.3269727861309826, -0.7024782934313905], [0.595393993432408, 0.3752191908971362, -0.7104340584228128], [0.4958759403289757, -0.8673519216052048, -0.042517007074969526]], "T": [0.07565035518877675, -0.10743999663291862, 0.11662755720342619], "aligned_model": [[-0.27339921829982716, 0.09715820781817017, -0.38063091142404604, 0.3177146302572008, 0.3108644165340406, -0.6358881567517495, -0.1755249593689133, 0.7123823590389803, -0.26358054567514166, 0.5859648888516211, -0.05765545957833393, 0.04097966716817324], [-0.2918579522726935, 0.26964358036534286, -0.589934357019123, -0.7168375112607783, -0.5753612463032948, 0.05992832956711766, 0.36021576934915656, -0.1808417845778925, -0.4196875941391407, 0.3274495971931842, 0.7389591637639468, -0.03860659735102995], [-0.6780721651993531, -0.5951311543783911, -0.10794671360720595, 0.3270882664772843, -0.2807803692559777, 0.05635431402095411, 0.4940066201534441, -0.18498679571927498, 0.518511688242356, 0.24389606726370197, 0.0021731709152646717, 0.06655007695631837]], "inverted": false, "swapped": false, "error_lsq": 0.055132727740835885, "error_max": 0.2830030745407572, "target": "36.xyz", "model": "17.xyz", "model_rescale": 3.901054581598922, "target_rescale": 3.906412766846262},
{"mapping": [11, 10, 12, 3, 13, 6, 1, 5, 7, 8, 4, 14], "R": [[0.905470340676667, -0.40968797237608695, 0.1108116755818243], [0.4239584825749135, 0.8851676078136118, -0.19167031885585475], [-0.019561881495848237, 0.22053133874327, 0.9751837065007002]], "T": [0.11414660874468957, -0.07913151414842046, 0.025568488610318338], "aligned_model": [[-0.4782461566749165, 0.020912695405941123, -0.20549116550275914, 0.21258331837556316, 0.5333811843343018, -0.6084125347094536, -0.19481695934314663, 0.6696189585994805, -0.4145308291641438, 0.5734807925882027, 0.07342235371273924, 0.09648326094836623], [-0.24735655941842127, 0.3815145739369964, -0.736283094386228, -0.744399579246997, -0.639105311185007, 0.12490361602786207, 0.24986423672131208, -0.07850364893938663, -0.31840332949151384, 0.3588110416967423, 0.7104190419273309, -0.11839159032789456], [-0.48187819287365163, -0.6464183915175647, -0.10844120485362703, 0.38769347431251816, -0.169812973056863, 0.023646215241813706, 0.556594720485854, -0.2599768166000743, 0.34638960516254347, 0.21957023466558712, 0.0026463516599205122, -0.008350016757334558]], "inverted": true, "swapped": false, "error_lsq": 0.04737331549955464, "error_max": 0.2987553812315794, "target": "36.xyz", "model": "18.xyz", "model_rescale": 3.9405287249114394, "target_rescale": 3.906412766846262},
{"mapping": [5, 2, 9, 13, 11, 8, 4, 10, 7, 12, 1, 15], "R": [[-0.3574772765419939, 0.39895238854147663, -0.8444210966296198], [0.24962537533424034, 0.9120870244667253, 0.3252451871875666], [0.8999428697119384, -0.09452116946211728, -0.42563902520581365]], "T": [0.10503427398857512, 0.008625769489719284, 0.09644989550899088], "aligned_model": [[-0.3549922112618899, 0.0968934037597598, -0.24812675806121604, 0.3557079138095725, 0.3263460056125766, -0.634881303709647, -0.1924436895964744, 0.6217414928878271, -0.38135556375252877, 0.4328788531280783, 0.14275093791953458, 0.11386583783458251], [-0.20685912352735386, 0.2286321163271543, -0.659194448595436, -0.5494795009073445, -0.5707665232005802, 0.06072803380912821, 0.17688442225269657, -0.051550612577404564, -0.37656489892031275, 0.22929898591638542, 0.649186175566238, 0.012754771171624709], [-0.5617328576138725, -0.7442975199471679, -0.038839751969141134, 0.3739585959597699, -0.2703455386453625, -0.05215174468469508, 0.7428715191941506, -0.4928687703461121, 0.4291338651458795, 0.4758709356347919, -0.05775530352282868, 0.05781957666370877]], "inverted": true, "swapped": false, "error_lsq": 0.041089870663179456, "error_max": 0.23263740412525774, "target": "36.xyz", "model": "19.xyz", "model_rescale": 4.410303926677745, "target_rescale": 3.906412766846262},
{"mapping": [4, 2, 11, 10, 6, 12, 8, 3, 9, 5, 1, 13], "R": [[-0.8541722034915178, -0.39324625767429244, -0.3402164422946211], [0.5182598793000884, -0.6971556300785986, -0.49535918781987903], [-0.0423856613762614, -0.5994425812993904, 0.7992947187582442]], "T": [0.0618226402460091, -0.005140840753570228, -0.1152233322878381], "aligned_model": [[-0.29593226581055754, -0.1340369916826345, -0.28278305276834914, 0.30660237297302323, 0.23263843254739708, -0.6832789053259785, -0.11598621583476408, 0.7641963635571294, -0.3015374130610253, 0.5562705413536718, 0.17662811161825898, 0.055603941004003656], [-0.3184315780690153, 0.3046416430608643, -0.758988855628236, -0.46743668605025923, -0.44612826018849355, -0.055981968556069614, 0.26293171788839775, -0.14783905690311522, -0.2702152911198914, 0.10502146965199201, 0.7352384111863621, 0.0002578520422593933], [-0.6338308294556327, -0.6668414475239386, -0.10555837986685723, 0.5184165077433449, -0.451166607528041, -0.0015844137846477702, 0.5830450225798849, -0.22599818327947152, 0.40589252259696207, 0.5499505257558437, -0.07305511899563671, -0.03760659237268882]], "inverted": false, "swapped": false, "error_lsq": 0.04571905148762433, "error_max": 0.26164564750320696, "target": "36.xyz", "model": "20.xyz", "model_rescale": 4.121658175737393, "target_rescale": 3.906412766846262},
{"mapping": [7, 5, 11, 10, 9, 3, 2, 8, 4, 6, 1, 12], "R": [[-0.9083512332936634, 0.3226807663052476, -0.266036012657194], [-0.32594200491982944, -0.14766636282019086, 0.9337860861676498], [0.2620302394814812, 0.9349180543492107, 0.23930813870230933]], "T": [0.05933709581324546, -0.04207892339965442, -0.03476243982434436], "aligned_model": [[-0.34616979700214345, 0.10961477725361399, -0.39610419924433715, 0.35659745312197644, 0.3859436639689206, -0.6144332412590621, -0.16351532185351753, 0.650444092528188, -0.27769782437533386, 0.5760247655639517, 0.008407654013550328, -0.010727104145631938], [-0.2885771472863252, 0.29221720379531785, -0.7937247762535123, -0.5345151859604116, -0.6410694089014024, 0.11442667675306759, 0.2538442371613464, 0.04374329977332602, -0.257782943797169, 0.12997223193898638, 0.6362093200463754, -0.01167410995480387], [-0.5263118729408001, -0.6260506809370591, -0.08135365986468066, 0.49231995312278454, -0.2739306298007586, -0.09941716084520176, 0.6277916464152506, -0.3460985397401406, 0.37634684015452435, 0.3202822248959319, 0.10561603699569087, -0.10753115158642006]], "inverted": false, "swapped": false, "error_lsq": 0.04349411115795814, "error_max": 0.3429368464417318, "target": "36.xyz", "model": "21.xyz", "model_rescale": 4.08911054899281, "target_rescale": 3.906412766846262},
{"mapping": [1, 2, 8, 5, 11, 0, 7, 14, 6, 12, 3, 16], "R": [[0.4359007018305594, 0.5936867523140722, 0.6764071394289061], [0.7530589696240099, -0.6521612952456264, 0.08710816983711597], [0.4928415226139643, 0.47140395109748146, -0.7313587002813551]], "T": [0.09118421307253377, -0.07408413920896292, -0.0015982642910251001], "aligned_model": [[-0.3571148688598922, -0.026152994512074146, -0.2171614329042732, 0.36038432369865814, 0.23986083673645658, -0.6551680056213522, -0.17002062331925344, 0.6363653540768346, -0.44836789521746356, 0.5130116344730327, 0.3431170048644904, 0.05963158515501158], [-0.3678225676133038, 0.21116981490862916, -0.693112555507161, -0.6544141251764631, -0.7169696827228602, 0.1258245875907258, 0.1588203204794996, 0.24460854652964, -0.3724877298898376, 0.31325971646721695, 0.7338796877195303, -0.03968661547082046], [-0.5870417287546156, -0.6543738694952774, -0.05148614340573187, 0.2958533482008409, -0.3895241203191902, 0.05384778858305684, 0.6175331709569349, -0.11576954569326024, 0.41721308710713007, 0.4642298907818535, -0.19654222056936743, 0.007723348476748035]], "inverted": false, "swapped": false, "error_lsq": 0.046051079044464475, "error_max": 0.2632389421423415, "target": "36.xyz", "model": "22.xyz", "model_rescale": 4.204369325754507, "target_rescale": 3.906412766846262},
{"mapping": [5, 2, 9, 13, 11, 8, 4, 10, 7, 12, 1, 15], "R": [[-0.3574772765419939, 0.39895238854147663, -0.8444210966296198], [0.24962537533424034, 0.9120870244667253, 0.3252451871875666], [0.8999428697119384, -0.09452116946211728, -0.42563902520581365]], "T": [0.10503427398857512, 0.008625769489719284, 0.09644989550899088], "aligned_model": [[-0.3549922112618899, 0.0968934037597598, -0.24812675806121604, 0.3557079138095725, 0.3263460056125766, -0.634881303709647, -0.1924436895964744, 0.6217414928878271, -0.38135556375252877, 0.4328788531280783, 0.14275093791953458, 0.11386583783458251], [-0.20685912352735386, 0.2286321163271543, -0.659194448595436, -0.5494795009073445, -0.5707665232005802, 0.06072803380912821, 0.17688442225269657, -0.051550612577404564, -0.37656489892031275, 0.22929898591638542, 0.649186175566238, 0.012754771171624709], [-0.5617328576138725, -0.7442975199471679, -0.038839751969141134, 0.3739585959597699, -0.2703455386453625, -0.05215174468469508, 0.7428715191941506, -0.4928687703461121, 0.4291338651458795, 0.4758709356347919, -0.05775530352282868, 0.05781957666370877]], "inverted": true, "swapped": false, "error_lsq": 0.041089870663179456, "error_max": 0.23263740412525774, "target": "36.xyz", "model": "23.xyz", "model_rescale": 4.410303926677745, "target_rescale": 3.906412766846262},
{"mapping": [8, 10, 15, 6, 14, 4, 0, 11, 5, 7, 1, 16], "R": [[0.650582797553931, 0.7585379916956559, -0.036907163006953514], [0.37228084338477985, -0.36090213106654345, -0.8550769704771288], [-0.6619282417117567, 0.5425585378057822, -0.5171858813603032]], "T": [0.07381909139766832, -0.09324422305770357, 0.02263862160463035], "aligned_model": [[-0.49926536120919074, -0.09563167088789229, -0.10611007978420964, 0.16348023240576592, 0.49422820308602633, -0.5984575404693196, -0.10184295180250086, 0.5633867873893305, -0.3857711002661809, 0.536562116261098, 0.28445782997492636, 0.023348453872321914], [-0.22022609369115087, 0.20349030536563845, -0.7553442500061953, -0.7325819734051553, -0.591908586564029, 0.018320316912532414, 0.33870220291840897, 0.04302888095485004, -0.37138911613939823, 0.26080926113957653, 0.734738169780066, 0.015430280049652148], [-0.5528233510444587, -0.5314543354683089, -0.17373662761827452, 0.42401900295576556, -0.1583034171615794, -0.07473620398164876, 0.6167353668838584, -0.354819453914972, 0.3497690353647872, 0.3427103634849584, -0.057435272590420826, 0.03173789895941455]], "inverted": false, "swapped": false, "error_lsq": 0.040181309681040556, "error_max": 0.22858413370264424, "target": "36.xyz", "model": "24.xyz", "model_rescale": 4.28219845311461, "target_rescale": 3.906412766846262},
{"mapping": [8, 0, 5, 9, 3, 10, 12, 4, 11, 13, 2, 15], "R": [[0.8184113447369125, -0.26181705826020485, -0.511521943624994], [0.2561550324329551, 0.9630575711716151, -0.08309460853931391], [0.5143806665935169, -0.06302334974438137, 0.8552429989317697]], "T": [0.0671689154623764, -0.05407096145013192, 0.0010301457231445873], "aligned_model": [[-0.46798807099377154, 0.17946885435238108, -0.34144876696801935, 0.22370058340979582, 0.5306014273979147, -0.7210578462451864, -0.08668912806989841, 0.6862235333451709, -0.3284876040499534, 0.3754797316448327, 0.14583734128068404, 0.08274486346622459], [-0.25835462387847935, 0.3197956731899219, -0.7915452972005571, -0.562517723053403, -0.604623408325058, 0.037555459304452574, 0.06464969588238237, 0.06896682482539684, -0.1973242855221577, 0.26659965744358216, 0.6184585977743563, -0.01859117312564163], [-0.3911703668222363, -0.7153263543967524, -0.11915252619266531, 0.41798747138563375, -0.2856188643588256, 0.003856800210552685, 0.7403900095215392, -0.3681333089309105, 0.34658980042591664, 0.39477022717312166, -0.10043558808144817, -0.062094294064804496]], "inverted": false, "swapped": false, "error_lsq": 0.046118906087330463, "error_max": 0.2636720244165097, "target": "36.xyz", "model": "25.xyz", "model_rescale": 4.100010024507729, "target_rescale": 3.906412766846262},
{"mapping": [7, 9, 3, 1, 8, 5, 6, 10, 2, 0, 4, 11], "R": [[0.7185572351946934, 0.46333971011974784, 0.5186442063452616], [0.6303523163740157, -0.7489653693704204, -0.20422250788231633], [0.29382215197508704, 0.47367413747214226, -0.8302417446134295]], "T": [0.02274738132914116, -0.12872695935655315, 0.04183156111884263], "aligned_model": [[-0.39030204725085527, 0.07876361522474128, -0.20135047066432382, 0.3644913360581958, 0.35308488541215866, -0.5225347475335013, -0.17886852734427947, 0.5394871074879181, -0.4804837085570542, 0.6712142780295925, 0.02753513853274381, 0.017348059174838823], [-0.2794697290375508, 0.20734482924519804, -0.8868911534628046, -0.5590729717332064, -0.5460580329443314, 0.3689466205400707, 0.2546308614489222, 0.04658393291134816, -0.45622019911784695, 0.07435609981372565, 0.745976620038616, -0.02705748038734493], [-0.47316652978440726, -0.7086541726463498, -0.13993431565366565, 0.4858585116475926, -0.2640601474466053, -0.09664073985659895, 0.5243975615167616, -0.3005841350693971, 0.4745715921620558, 0.3766261711345646, 0.015179998191232405, -0.03193078832606176]], "inverted": true, "swapped": false, "error_lsq": 0.05037954312573359, "error_max": 0.3080243592442531, "target": "36.xyz", "model": "26.xyz", "model_rescale": 3.6694154284099745, "target_rescale": 3.906412766846262},
{"mapping": [2, 0, 11, 9, 10, 6, 3, 8, 12, 7, 5, 13], "R": [[0.15225106121979276, -0.9881268161761713, -0.02061575880219485], [0.09201909930208915, -0.006596152537039601, 0.9957353946382244], [-0.9840488299475181, -0.15349881408418586, 0.08992226839704034]], "T": [0.09574793379720917, -0.030947724305693265, -0.07713344400009269], "aligned_model": [[-0.39511913132058385, -0.10216011103311223, -0.2382371470026344, 0.3323614740555376, 0.34626184400792626, -0.5515023213761492, -0.10215875183089657, 0.7297895824909308, -0.4670099729718018, 0.33749079582116903, 0.33359409887237956, 0.05507455885740968], [-0.2643783623799853, 0.3269784226302957, -0.8211494789725649, -0.4565886223758803, -0.5201438374616943, 0.14173972764442244, 0.07127927778222312, -0.06789371603706301, -0.4452778753396465, 0.32151868664921174, 0.7062055886847168, -0.04922041350924], [-0.48540946312705063, -0.5964162400410726, -0.09164626487375206, 0.4000535150911819, -0.32171607534711727, 0.07265501657478186, 0.6995349563879737, -0.14772645956666408, 0.29885442504702436, 0.3848799135205274, -0.23841795853092868, -0.11298235926578276]], "inverted": true, "swapped": false, "error_lsq": 0.05132005687259708, "error_max": 0.241919285128558, "target": "36.xyz", "model": "27.xyz", "model_rescale": 4.103607728864725, "target_rescale": 3.906412766846262},
{"mapping": [12, 13, 3, 9, 10, 2, 1, 11, 0, 7, 8, 14], "R": [[-0.29194069398470257, 0.2460753724121968, 0.9242388989259916], [0.8242281776486898, 0.5549503805528572, 0.11259656430886023], [-0.48519948718609596, 0.7946552624984233, -0.36483485499320345]], "T": [0.1572111718946349, -0.14563048002347223, -0.06847602001038632], "aligned_model": [[-0.4601839312258094, 0.0780907904036586, -0.4302370547937849, 0.43161387367354476, 0.3259770369760878, -0.5656477723172528, -0.29067101076678, 0.7118604078771125, -0.2502659982735745, 0.4513719837665014, 0.23138794146128233, 0.04508865178918947], [-0.2845799016464856, 0.2326434226059375, -0.6115478808787437, -0.7648721009413142, -0.581696767953868, -0.00880476668223118, 0.2486996888774916, 0.14101520691746022, -0.34338601291310833, 0.3546295943031442, 0.6701466958022027, -0.10917778017568999], [-0.6488293279170977, -0.5885926922830019, -0.03164656023009217, 0.3912705386852389, -0.27130489275701075, -0.07710024018480675, 0.5999296206180075, -0.3552855537457602, 0.4833816119789621, 0.3596484015740358, -0.03262378067777716, 0.032815880808423153]], "inverted": false, "swapped": false, "error_lsq": 0.04533909830788178, "error_max": 0.24416742251643478, "target": "36.xyz", "model": "28.xyz", "model_rescale": 4.137296879288765, "target_rescale": 3.906412766846262},
{"mapping": [8, 2, 0, 1, 10, 5, 6, 4, 7, 9, 11], "R": [[0.5766176611256622, -0.04506076613393774, -0.8157705561206495], [-0.22822374828183353, -0.9676146916478876, -0.10786903738957776], [-0.7844909136492032, 0.24837740610326542, -0.5682276573163719]], "T": [0.0635204714648124, 0.03426138313826598, 0.0017856371278424828], "aligned_model": [[0.5502978309088686, 0.12699629084761774, -0.2124635908868098, -0.444648458583052, -0.11059861923588174, 0.39015158340635947, 0.6654594631922522, -0.4238845874012743, -0.5101983094286674, 0.13914734963202882, 0.05116005825845676], [-0.2943926821448781, -0.8368249110091379, -0.4719694872207485, 0.21985926401618414, 0.8500319190663872, -0.029410882024272562, 0.28411223946915765, -0.43529518650195426, 0.18288279148650735, 0.3727904467191207, 0.07736430479158624], [0.05388962953603592, -0.0978760037395255, -0.6318925234583624, -0.405068759736528, -0.13412169675059799, -0.5042920440968733, 0.21617943937562895, 0.29456633065879106, 0.301535210762002, 0.6217918338690754, 0.09104260536335303]], "inverted": true, "swapped": true, "error_lsq": 0.05585275320609211, "error_max": 0.2734656028657269, "target": "36.xyz", "model": "29.xyz", "model_rescale": 3.607286011436655, "target_rescale": 3.906412766846262},
