[{"mapping": [6, 9, 12, 2, 1, 7, 10, 11, 8, 0, 5, 14], "R": [[0.19569919845556003, 0.4898449542169139, -0.8495609127967702], [0.2019198706819357, 0.827621960525764, 0.5237081785491626], [0.9596510769793581, -0.27403250041504346, 0.06305552448943312]], "T": [-0.08834270921590681, -0.06840331943109645, 0.0061916704424521355], "aligned_model": [[-0.33215323184402634, 0.24719441849297874, 0.4784679926695852, -0.25561036509518953, -0.15426103361455046, -0.7107720052774762, 0.42771535367077096, -0.2950392065343714, 0.6678782116019526, 0.1773921300457656, -0.44848207561277276, 0.03531227395788217], [-0.2893539681841056, -0.688176341928479, -0.2874424597800187, 0.6501064703259389, 0.3309364981041031, -0.410451010231044, -0.24421374437655752, -0.5846140684549754, 0.10725894790558022, 0.4874351297487246, 0.06113651996246347, -0.079066937114573], [-0.528188265533261, 0.08178364989224465, -0.561787232702274, -0.13935351238040747, -0.7197450526596458, -0.0019439994573383548, 0.593299797134502, 0.3923828627453163, 0.14818520843050412, 0.34461984509357135, 0.607259393932644, -0.034560949142293435]], "inverted": true, "swapped": true, "error_lsq": 0.04825665200565076, "error_max": 0.2929237772517126, "target": "361.xyz", "model": "0.xyz", "model_rescale": 3.751011558992144, "target_rescale": 4.199396093506882},
{"mapping": [7, 4, 1, 6, 0, 3, 8, 2, 11, 9, 12, 13, 10, 5, 14], "R": [[0.7986222249029076, 0.5401225451661544, -0.26546219710980623], [0.5719872925457237, -0.8183703593168277, 0.055682063160942825], [-0.18717125595919562, -0.1963099365668537, -0.9625119894046907]], "T": [0.07240799708766993, -0.0338471814834899, 0.03642324574808604], "aligned_model": [[-0.43478895939512935, 0.7417150667053345, 0.12935615880705797, -0.09163914488531699, -0.1941764737270114, -0.5145174226678366, 0.6392097001101609, 0.1337270365748318, -0.27455374995640436, 0.05040673955242092, -0.6278961877289881, -0.1849862268232625, 0.5324162228968101, 0.3797438003975806, 0.03527306420573765], [-0.4143855318213514, -0.45460331110843827, -0.5343569573768693, -0.7550259326084389, -0.041197903553677466, 0.32869263391293796, 0.11852231913641004, 0.6451570898533512, -0.3903604324816972, 0.2674667780040947, 0.03356809306090886, 0.6290921869073216, -0.24856127860111943, 0.4824206211226449, -0.025028924731972272], [-0.15753250965496624, 0.0126262742463037, -0.4451703801937216, 0.16571164200426344, -0.673776166603817, -0.2914323984155026, -0.2733147352479796, -0.4314776806143286, 0.6603197410720212, 0.6220130884016928, 0.275179048952093, 0.18394207720854583, 0.6804294854816381, 0.20700550447303429, 0.07575577110670226]], "inverted": true, "swapped": false, "error_lsq": 0.04233037981552313, "error_max": 0.261446253107224, "target": "361.xyz", "model": "1.xyz", "model_rescale": 3.9405287249114394, "target_rescale": 4.199396093506882},
{"mapping": [13, 12, 9, 2, 3, 11, 6, 1, 0, 5, 4, 7, 14], "R": [[-0.419055469625566, 0.9043298390595212, 0.08111754165084722], [-0.7887096935919607, -0.31830146208523863, -0.5259479047096538], [-0.44981055191154873, -0.28437953762705925, 0.846639678947336]], "T": [-0.07779156401838844, -0.1029550342060272, -0.06424433185743463], "aligned_model": [[-0.3942130281268583, 0.29930076967914276, -0.4662920816849633, 0.4747013440484135, 0.5056648891799331, -0.7517981371678357, 0.039535776143488355, 0.6531327251433385, 0.1741777986260527, -0.4790752845917373, -0.040299340327456634, -0.49592247734415223, -0.022929674293434316], [0.605398600318029, 0.5265548833218299, 0.3224206111417469, -0.5251188748953204, -0.13174246785820237, -0.042222071167720664, 0.3935795253661432, 0.11945775470975659, -0.692571982137933, -0.6650158926515286, -0.45848571835851454, 0.056560777630527054, -0.04998255184679611], [0.17834665366288555, -0.45587066753319794, -0.4772102129681818, 0.22202034475031945, -0.40711486556657994, -0.045080225414648206, 0.3011491580996112, 0.2629923961376215, -0.35228653498357754, 0.11131850147252605, 0.4578610332955756, 0.48730102946607734, -0.1703062608297869]], "inverted": true, "swapped": true, "error_lsq": 0.04622434602487749, "error_max": 0.2966200549543218, "target": "361.xyz", "model": "2.xyz", "model_rescale": 3.932901565614263, "target_rescale": 4.199396093506882},
{"mapping": [3, 0, 2, 8, 1, 6, 4, 12, 9, 13, 5, 10, 7, 14], "R": [[-0.7578006487650247, 0.24862750537126257, -0.6032599276465913], [-0.638854546924092, -0.09472545894786483, 0.7634736113982785], [0.1326764659075637, 0.9639561457867154, 0.23061982654208185]], "T": [0.10039503467880163, -0.10674527689564436, 0.06958344874091008], "aligned_model": [[-0.24594833185598147, 0.39957809732208016, 0.24948514096762764, -0.10255670933834309, -0.36746387237949063, -0.284613389450511, 0.5046658695262131, -0.7060685925910415, -0.16278637890456216, -0.27716141009044387, 0.8104394829460444, 0.29261758159825385, 0.3060924285162032, 0.0035299957866547077], [0.08410635731781371, 0.18660651051176638, -0.46062962798097795, 0.5561136813519264, -0.6289154105410464, -0.5521788156737552, -0.5703745957765031, 0.09408721477720258, 0.32842254483805877, -0.35643695283004395, -0.10304102780791599, 0.6667158054140331, -0.555723338834833, -0.025255706415236515], [-0.48035498251884745, -0.49480935740921184, -0.5769118669317462, -0.30766722276304104, -0.37678863363403703, 0.28679797860263967, -0.078790043833177, 0.03588954167377506, 0.5633267234450967, 0.7447449099707305, 0.12947085529763114, 0.15161776366974497, 0.5800619718619386, 0.03730872562560083]], "inverted": false, "swapped": true, "error_lsq": 0.04858274141882024, "error_max": 0.3056605358253038, "target": "361.xyz", "model": "3.xyz", "model_rescale": 3.9243930471874484, "target_rescale": 4.199396093506882},
{"mapping": [10, 9, 8, 0, 3, 11, 5, 12, 1, 6, 2, 4, 14], "R": [[0.12340372212317287, 0.954387363316055, -0.2718754900846627], [-0.9916174872876814, 0.12916536183563684, 0.003326891512243496], [0.038292039269435175, 0.2691859395371493, 0.9623266855304858]], "T": [-0.11059804260919857, -0.05042055034002831, -0.0693535308547205], "aligned_model": [[0.050018052264750604, -0.29698295004859626, 0.5312289976024187, 0.400944486239338, 0.5483751631417545, -0.6689536072004917, -0.3800631911504729, 0.24273088756255612, 0.22661891801831446, -0.34971520694939345, 0.2749842131168341, -0.28009861976342515, -0.021881256522234493], [-0.682625539113867, -0.11308482776366394, -0.3076685269192926, -0.47079126295104645, 0.09775433369573214, -0.3566164623507419, -0.607293858172455, 0.4543835249913289, 0.6381625138039424, 0.5297138415766505, 0.04974704993259734, -0.07809963408811535, -0.02575159895948189], [-0.5345851983652362, -0.750346750687039, -0.44984138490252973, 0.16669248359986122, -0.12043062791728533, -0.29918769581217314, 0.2842620714395327, -0.6280878718672827, 0.25148868355607956, -0.07893189894898364, 0.5683854148337458, 0.5396663121717897, -0.162013221729515]], "inverted": true, "swapped": true, "error_lsq": 0.05092546362724805, "error_max": 0.33420474064242683, "target": "361.xyz", "model": "4.xyz", "model_rescale": 3.8936222436046832, "target_rescale": 4.199396093506882},
{"mapping": [5, 4, 11, 10, 13, 6, 1, 12, 8, 0, 9, 14], "R": [[0.6768467174112879, 0.5137147760316221, -0.5272339613647293], [-0.33447596614638475, -0.4234026902512695, -0.8419358585773803], [-0.6557471686557305, 0.7462086107616076, -0.11475347500282962]], "T": [-0.12372051292373613, -0.1239224443731499, -0.029913860005970204], "aligned_model": [[-0.10053304145623797, -0.4374850497464134, -0.25954332672188446, 0.5345967368351588, -0.6825699343267915, -0.6438102815909742, -0.4096641217701644, 0.015209063632566591, 0.6231771060345853, 0.4171142577538876, 0.014319492890611255, -0.04326285931924628], [-0.5496152180444024, -0.6654718613559091, 0.12834239570344919, 0.10389225949041893, 0.46327881875885735, 0.09587528310833791, -0.3087494360135155, 0.4615364651849334, 0.023129064048210815, -0.5710860983384465, 0.5373318294702537, -0.049540596902380704], [-0.6008878918599128, -0.12306852135401636, -0.6433103305997497, -0.42569162794037696, -0.09007864639596141, 0.2439844196958418, 0.7282924951704003, 0.5443587139266108, 0.17843507506265485, 0.010674724352571684, -0.24463612937367138, 0.04121243859112767]], "inverted": true, "swapped": true, "error_lsq": 0.04272662063086551, "error_max": 0.20553747335534292, "target": "361.xyz", "model": "5.xyz", "model_rescale": 3.6523030999806103, "target_rescale": 4.199396093506882},
{"mapping": [12, 9, 10, 3, 0, 6, 11, 1, 7, 4, 5, 2, 14], "R": [[0.2847869338829337, 0.9507379596647856, -0.12244890502572292], [0.9585899150198252, -0.28263129669939674, 0.03499892781646799], [-0.0013330835841574643, -0.12734552280492037, -0.9918575203675675]], "T": [0.03740816502898793, -0.017949514613242443, 0.042453749171467096], "aligned_model": [[0.21816962046833532, -0.23590519450323855, 0.22597724289490523, 0.6491198981158839, 0.6390057402034445, -0.29017535179872217, -0.49269031309429456, 0.3040940353073619, -0.6188218262158443, -0.032822272460918234, -0.08374867886119548, 0.4926543189158118, 0.10622568569276475], [-0.5698541487987457, 0.07777474047382112, 0.5827974038683931, -0.2699683851127163, 0.31325032810949277, -0.5519666231992268, 0.3754311313785772, -0.7536483221225654, -0.030633432614169474, 0.033183750406706715, 0.5730135727939707, -0.18250429506608468, -0.05604881595427003], [0.6379192160007534, 0.689411696284757, 0.53789902871838, 0.187731402363668, -0.10751970683456502, 0.005855342891491401, 0.19274642122923064, -0.2375954474565714, -0.228991194264488, -0.584327569464595, -0.3368179080100729, -0.5329511956494476, 0.146749653673248]], "inverted": true, "swapped": true, "error_lsq": 0.04321188125857623, "error_max": 0.20027731348397884, "target": "361.xyz", "model": "6.xyz", "model_rescale": 4.08911054899281, "target_rescale": 4.199396093506882},
{"mapping": [7, 10, 5, 12, 4, 6, 8, 3, 13, 1, 2, 0, 11, 9, 14], "R": [[-0.7594400125468921, -0.0725336555044735, 0.646521257316366], [-0.27087888813127764, -0.868274049417175, -0.4156017361290302], [0.5915027432798087, -0.4907535470354337, 0.6397542190283712]], "T": [0.04284362436910097, -0.07857499738249896, 0.03923304937549606], "aligned_model": [[-0.6335834664414727, 0.6184142020776947, -0.021690979683550105, 0.1364208161790519, 0.1400921999580322, -0.331263356727474, 0.6152051321610229, 0.05097577748284279, -0.24236658521079232, -0.0644424306781854, -0.6750942422458216, -0.3463412346721536, 0.43670194040961596, 0.49711594544805626, 0.13914590600911786], [-0.4218536696367578, -0.48897726786074236, -0.6173315495544811, -0.7577897996294786, -0.014566508322029437, 0.17081367263844222, 0.139319374284191, 0.5971104969464897, -0.4545979086377343, 0.3047733673557867, 0.12425355183480372, 0.7766609391133847, -0.2393844854591899, 0.5058355429458813, 0.017133693695538854], [-0.11534737800891735, -0.10063612151102012, -0.4956294488003004, 0.23394432175785485, -0.6559612526555076, -0.17754385071643813, -0.26088912654477797, -0.3728766655122972, 0.5988368636174597, 0.6552523611671542, 0.3451175743094526, 0.08121901754268536, 0.44364249336438094, 0.29741571061055955, 0.13373426359569063]], "inverted": false, "swapped": false, "error_lsq": 0.04330380341575808, "error_max": 0.3151271713689207, "target": "361.xyz", "model": "7.xyz", "model_rescale": 3.964800864290218, "target_rescale": 4.199396093506882},
{"mapping": [2, 0, 4, 1, 7, 8, 6, 5, 10, 9, 12, 13, 11, 14], "R": [[0.7678936776655496, -0.5808351798041087, 0.2701292166782516], [-0.6405757769692282, -0.6972008240650838, 0.3218286576475718], [0.0014049062412903046, -0.4201684243549209, -0.9074450514568672]], "T": [0.028404083152845552, -0.029959486419777408, 0.03244746677877602], "aligned_model": [[-0.17599620507620606, 0.138389737481781, 0.22288195628383012, -0.6840342970574234, 0.31037594552256287, -0.14935875668779336, -0.3301648852113221, 0.684380605112624, 0.4091734386854878, 0.0895376428986606, -0.6560472334879645, -0.09743200622948896, 0.5513029405770679, -0.05182099335094324], [-0.23385073722011457, -0.6621372797282072, 0.15531560825738983, 0.09689542428441461, 0.6180625392013813, -0.7415369281109087, 0.48492183896060603, -0.07547866810344125, -0.554267625307339, 0.024478173108246022, -0.10265067969460012, 0.6556206029285775, 0.24490275539909578, -0.09932655779389826], [-0.6618630307235615, -0.2545358241481765, -0.5404864235502915, -0.37638138169254093, -0.03854805169668158, 0.32390483128846476, 0.04470274330669963, -0.24211791373546349, 0.5036553355598689, 0.7365192954594322, 0.49945382301298097, 0.450637639362698, 0.3631560232912588, 0.10871797299033353]], "inverted": true, "swapped": true, "error_lsq": 0.04684737118998775, "error_max": 0.25480388825125905, "target": "361.xyz", "model": "8.xyz", "model_rescale": 4.121658175737393, "target_rescale": 4.199396093506882},
{"mapping": [4, 7, 6, 1, 5, 0, 9, 8, 12, 10, 2, 3, 14], "R": [[-0.644254152305463, 0.1299149139723862, -0.7536966912257987], [-0.41371695662245034, 0.7696399135631785, 0.48630513389591196], [0.6432533459222944, 0.6251212031102535, -0.4420957072645723]], "T": [-0.07659258419054565, -0.09661685940143844, -0.13150409090195603], "aligned_model": [[-0.5723933271294934, -0.2878380224144722, 0.24952202205957436, 0.22783796967364156, -0.7603408445010575, -0.39234365922369924, 0.3229065979014856, 0.18751110131608, 0.7407233804727027, -0.11680421641354172, -0.37099118515509505, 0.22105080310948494, 0.027896876739586712], [0.19732964772947303, -0.29544434274574893, 0.061860554963911185, 0.6528737487053131, -0.29673536971957204, 0.12608248333957386, -0.6803948441458558, -0.1251873270197467, -0.012127534427035347, -0.6380428546102466, 0.5876281053054058, 0.30873506043034094, -0.0961898883941025], [-0.39261483518397344, -0.7798281126677278, -0.643713861238663, -0.3222591892414221, -0.1172128421487316, 0.4557022417783657, -0.08654211942213033, 0.6116799036516984, -0.0022418803910776997, 0.45770054126229986, -0.028759363803995686, 0.3222674232836442, -0.053102471919197675]], "inverted": true, "swapped": true, "error_lsq": 0.04222218107900379, "error_max": 0.2349398903742086, "target": "361.xyz", "model": "9.xyz", "model_rescale": 3.833441315466971, "target_rescale": 4.199396093506882},
{"mapping": [0, 11, 10, 12, 8, 13, 7, 9, 1, 4, 5, 2, 6, 3, 14], "R": [[-0.3403722925287833, -0.8799874908674422, 0.33131362542992987], [0.83125993440044, -0.4462965343329326, -0.33140055054720374], [0.4394924617547798, 0.1626081774058028, 0.8834053184702289]], "T": [0.05097378534791986, -0.10005427611292601, 0.0747996068458714], "aligned_model": [[-0.5408811903689228, 0.5600830814481511, -0.09980381645572603, 0.212179570143311, 0.1643563158829518, -0.666328706387306, 0.6750236042827514, 0.26951391399835645, -0.33695401806977343, 0.10222420317181954, -0.4935015312287192, -0.23392467953990143, 0.255642560180639, 0.3674389979232143, 0.08422131908513897], [-0.4316085638349933, -0.37780662912994145, -0.5646793441552413, -0.6626681541398374, 0.02461057905283434, 0.12858889280131203, 0.10667687240829195, 0.5286815869111502, -0.5289528911235679, 0.3005128059688615, 0.17969418377814494, 0.5320017266244338, -0.26895436387162713, 0.6896968006084718, -0.014394052184187031], [0.014779579221797456, -0.28436391588633597, -0.5863689075745334, 0.2179721478961526, -0.6862276187070075, -0.18766177712126836, -0.033542594074721335, -0.38871042891337215, 0.5343286378018077, 0.7624274040702106, 0.36241502766741435, -0.11490629458017308, 0.6999500055568473, 0.2493414522431816, 0.05084604461597965]], "inverted": true, "swapped": false, "error_lsq": 0.04586854825617854, "error_max": 0.28142411766788805, "target": "361.xyz", "model": "10.xyz", "model_rescale": 4.2482417240324, "target_rescale": 4.199396093506882},
{"mapping": [7, 6, 1, 12, 5, 0, 4, 8, 9, 10, 11, 14], "R": [[0.22242839375327728, -0.7841242512915463, 0.5793744628379898], [-0.9265305350309476, -0.3549555275791335, -0.12469058142572415], [0.3034250769260892, -0.5090734052938644, -0.8054672499331713]], "T": [-0.022063506714593447, 0.04610135343838741, 0.029040862898087598], "aligned_model": [[-0.6394580576383414, -0.04311490943352171, 0.3805516807419682, 0.6481511192344361, -0.5624527658686583, 0.2090114736854087, -0.39600817568984137, 0.5945059429754157, 0.03590888687733185, 0.0819246599408868, -0.5289072727428208, 0.09665302028074281], [-0.30236435462087563, -0.562709317089838, -0.3327879843570715, -0.38647850404721973, 0.5077784630861047, 0.6865674195785699, 0.15207307228024936, 0.44409533330194184, -0.14830043606657461, 0.5482486443722094, 0.021500641235253644, 0.03850841237789004], [0.07236128877798378, 0.17980916857443888, 0.64964179896169, -0.20662749148140758, 0.08000198983595658, 0.20371938858971803, 0.5283775487959677, -0.2613595223980847, -0.6501241072397272, -0.5865529493037225, -0.41911627273766916, -0.02493855052078705]], "inverted": false, "swapped": true, "error_lsq": 0.04410398923003763, "error_max": 0.23573063326676572, "target": "361.xyz", "model": "11.xyz", "model_rescale": 3.6694154284099745, "target_rescale": 4.199396093506882},
{"mapping": [10, 11, 7, 13, 9, 0, 8, 2, 6, 1, 4, 12, 5, 14], "R": [[-0.6131295745053305, -0.1331769519337619, -0.7786758146626522], [-0.5288713192973826, -0.6630067438429047, 0.529827505178313], [-0.5868281285790233, 0.7366722182168008, 0.3360755724773518]], "T": [0.007814097981087162, 0.04412164991197399, -0.01264154348364725], "aligned_model": [[0.013606131278424402, 0.008579322842890105, -0.06423038097053664, 0.5634467113877432, 0.5199865434296078, -0.4257576014846915, 0.16992640549666488, -0.445540216744709, 0.35465623846712624, 0.1563962531975519, -0.5024764414701234, 0.7597271950446497, -0.6081034902723673, 0.09804818005357917], [-0.5144095512925259, 0.3078900000913221, 0.7225425937550419, 0.6099534418103209, -0.03842207981921147, -0.4983922729160426, -0.7280664941599021, -0.038009838965974534, 0.49808235832152287, 0.16335132313476325, 0.3641523721851002, -0.20485698141246436, 0.13571936503176724, -0.04854694762746364], [-0.587037340690628, -0.636152801039114, -0.21021597631761865, -0.19109204906909852, -0.49563619112392365, 0.09598276660326295, -0.030932196442027035, 0.5816163725571776, 0.2470599792406967, 0.796375928196168, 0.18122864164216906, 0.24130507847123592, -0.35907873043881305, 0.005671978062928339]], "inverted": true, "swapped": true, "error_lsq": 0.04358925059967424, "error_max": 0.22111327687936688, "target": "361.xyz", "model": "12.xyz", "model_rescale": 3.9764082729961374, "target_rescale": 4.199396093506882},
{"mapping": [11, 6, 14, 13, 3, 8, 4, 7, 12, 9, 1, 2, 5, 0, 15], "R": [[-0.6100572703825414, -0.6422662317223707, 0.46403040249810024], [0.596477709736296, 0.013247248292729996, 0.8025203126403804], [-0.5215788230374637, 0.7663671430860126, 0.37501591080517827]], "T": [0.0009141620130869096, -0.0698306889110426, 0.10294974613475147], "aligned_model": [[-0.510653107807267, 0.5477462236569198, 0.0743639266200472, -0.06574130223507343, -0.10751504163209744, -0.545501680388558, 0.6611276974638604, 0.2129335865623688, -0.2644379033013803, 0.10609390139859129, -0.48831439073339844, -0.32554720634826695, 0.66443805321551, 0.3001180888979177, 0.06017877869681124], [-0.44700833677785534, -0.5869922533646132, -0.6246267658885108, -0.6764175960626102, 0.020916477954820795, 0.16526413194026074, 0.15543672457741697, 0.5413774483675214, -0.35049848921422777, 0.17616065883406, 0.17431576632897605, 0.6578674639647383, -0.07099428983247708, 0.5638144466569125, -0.05721593777030724], [-0.37305513739861995, -0.02811290418761206, -0.4676766505773726, 0.14866538180851913, -0.7267800332611081, -0.27890492390339705, -0.06803680832798314, -0.28757051641413267, 0.6109137234545868, 0.6413962205172732, 0.4260139964508589, 0.09120720914616062, 0.6153544667133279, 0.2928939111149528, 0.013970827080525786]], "inverted": true, "swapped": false, "error_lsq": 0.04665515767755147, "error_max": 0.2915892287942581, "target": "361.xyz", "model": "13.xyz", "model_rescale": 4.170626492500431, "target_rescale": 4.199396093506882},
{"mapping": [9, 13, 12, 6, 8, 2, 1, 11, 10, 7, 5, 4, 0, 14], "R": [[0.8395974476472641, -0.280457828223361, -0.46520912769681966], [0.3683071731349286, 0.9234072818178558, 0.10802230372990965], [0.3992817953796013, -0.2620351092391913, 0.8785850268496771]], "T": [-0.014337178838640705, 0.053191944951874626, 0.09772571637166746], "aligned_model": [[0.3815924953794482, -0.21115026959790134, -0.1926071661926479, -0.5055585232484021, 0.3722666052657827, -0.4291533735195171, -0.783847793319941, 0.38599158573986503, 0.7582980302483094, -0.17929783718689868, 0.3068181720508157, -0.28292398446721495, 0.21639760911451372, 0.006357471825431435], [-0.3483433080555751, -0.7008964321618608, 0.04143927809618182, -0.3073704829869378, 0.5528293444714232, 0.6084125029115173, 0.30432100548215063, -0.45692431009534074, 0.18202091941578152, -0.5231551301579315, 0.0777875513694618, 0.13116628596960356, 0.702013199615909, 0.09277404405128312], [-0.3317239832552028, -0.13325724307657333, -0.714637649139596, -0.05234427548918036, -0.37533819178062533, 0.3894033527657682, -0.09092541791216319, 0.2922993605567822, -0.07067592030519179, 0.4786365598924005, 0.7333495345066935, 0.665337270621468, 0.23878404794461874, -0.02503434420833145]], "inverted": true, "swapped": true, "error_lsq": 0.05191530709283347, "error_max": 0.3280388617782978, "target": "361.xyz", "model": "14.xyz", "model_rescale": 3.9786697098870705, "target_rescale": 4.199396093506882},
{"mapping": [10, 9, 5, 0, 11, 7, 12, 6, 4, 3, 13, 14], "R": [[-0.3571037389207047, -0.2670436806830172, -0.8950779811033897], [0.35145039374689935, 0.8494291000315796, -0.39364047651974265], [0.8654244856623844, -0.455145994848694, -0.20948170084565867]], "T": [0.12523482087402388, -0.05479803050798099, 0.031127792944854866], "aligned_model": [[-0.10619207668176583, -0.5101261109219628, 0.6214300886166928, 0.5102888244219487, -0.02647917932946811, 0.21037593286083717, -0.5440422329973482, -0.08081910257554664, 0.7012687293799413, 0.06657762207789636, -0.393541592817277, 0.03461369473338857], [-0.4245494178851529, 0.016195667133274833, 0.1188134996170975, -0.6150918608136595, 0.3768892632129192, 0.6500203995218565, -0.34955013932976303, 0.31299096721393077, 0.1847113850755134, -0.6595270889458205, 0.5505769160192722, -0.14680510059502988], [-0.6409188459412125, -0.27496744074290635, -0.44992587798796, -0.14750382199172277, -0.4678407020585911, 0.009610073690265845, 0.4274130067752143, 0.49599090170670285, 0.13706136944934968, 0.3305813801855378, 0.18965226254631784, 0.05081418824283441]], "inverted": false, "swapped": true, "error_lsq": 0.0483162940899017, "error_max": 0.28990066989534996, "target": "361.xyz", "model": "15.xyz", "model_rescale": 3.769337070930944, "target_rescale": 4.199396093506882},
{"mapping": [0, 1, 10, 8, 5, 4, 11, 6, 9, 12, 14], "R": [[-0.004362309277643122, 0.8935860071881567, -0.44887082553368746], [-0.7132384825111129, 0.31184275306669673, 0.627730009179925], [0.70090786650102, 0.32289029889005827, 0.6359795732251765]], "T": [0.06298995656497605, -0.02906904411080092, -0.04145614167892713], "aligned_model": [[-0.3404858938825275, -0.28552701176230144, -0.10787463807923686, -0.6048348177462083, 0.4591366394061025, 0.34809193464846855, 0.5991855717753826, 0.22553041063141696, 0.12153061866519846, -0.44800805294708357, -0.04411863001804059], [0.11017505034517613, -0.7703652148030533, 0.7459799892752191, 0.3901730967485665, 0.1652322570354695, -0.40410774836548125, 0.3740596848697409, -0.4483143679409589, 0.47510481795282544, -0.05207856242899867, 0.01020549493683677], [-0.5999571139668387, 0.09931868353407086, -0.15111683820310157, -0.0751544535462535, -0.6009900115093114, -0.46390682393264876, 0.04976943874394885, 0.3963093610053307, 0.4533161479013635, 0.6144433533168251, 0.02218586388039185]], "inverted": false, "swapped": true, "error_lsq": 0.04065815263096009, "error_max": 0.23370317585491762, "target": "361.xyz", "model": "16.xyz", "model_rescale": 3.7852294659196426, "target_rescale": 4.199396093506882},
{"mapping": [10, 12, 6, 9, 8, 3, 2, 1, 11, 5, 0, 4, 14], "R": [[0.05791724078061475, -0.8481579891375973, 0.5265677721646357], [0.461438601137354, 0.49047219677982357, 0.7392641216550253], [-0.885279622831545, 0.20016255805729866, 0.419779632368218]], "T": [0.11744761408657459, 0.038654123219062676, 0.03687305696555917], "aligned_model": [[-0.060512295745238115, -0.45683047959076895, 0.24498417379243936, 0.11291484898673074, -0.5536629513536173, -0.5444189993303126, -0.08469317940488327, -0.22512247047919717, 0.6314582287994995, 0.5634736397849173, -0.23050625829593877, 0.4531941022929421, 0.0034874907597098187], [-0.06224143044119609, -0.5257415652833496, -0.27435418446233617, -0.5836066193419263, 0.01977884377304793, 0.15016636276913095, 0.6735269341110183, 0.15445341640611626, -0.22024204069180817, 0.4739949118302988, 0.5723684380312798, 0.5190038222664207, -0.022051265263821777], [-0.7377697897463593, 0.2454749004770909, 0.5656309423562159, -0.3025218946053267, -0.378029113261614, 0.1280210601012659, 0.3854326652390647, 0.7852298583422569, -0.31964690137969315, -0.30852891698886903, -0.2600817352845121, 0.27549453297932563, 0.017049088914328235]], "inverted": true, "swapped": true, "error_lsq": 0.044506265414850324, "error_max": 0.21308126117243129, "target": "361.xyz", "model": "17.xyz", "model_rescale": 3.901054581598922, "target_rescale": 4.199396093506882},
{"mapping": [7, 4, 1, 6, 0, 3, 8, 2, 11, 9, 12, 13, 10, 5, 14], "R": [[0.7986222249029076, 0.5401225451661544, -0.26546219710980623], [0.5719872925457237, -0.8183703593168277, 0.055682063160942825], [-0.18717125595919562, -0.1963099365668537, -0.9625119894046907]], "T": [0.07240799708766993, -0.0338471814834899, 0.03642324574808604], "aligned_model": [[-0.43478895939512935, 0.7417150667053345, 0.12935615880705797, -0.09163914488531699, -0.1941764737270114, -0.5145174226678366, 0.6392097001101609, 0.1337270365748318, -0.27455374995640436, 0.05040673955242092, -0.6278961877289881, -0.1849862268232625, 0.5324162228968101, 0.3797438003975806, 0.03527306420573765], [-0.4143855318213514, -0.45460331110843827, -0.5343569573768693, -0.7550259326084389, -0.041197903553677466, 0.32869263391293796, 0.11852231913641004, 0.6451570898533512, -0.3903604324816972, 0.2674667780040947, 0.03356809306090886, 0.6290921869073216, -0.24856127860111943, 0.4824206211226449, -0.025028924731972272], [-0.15753250965496624, 0.0126262742463037, -0.4451703801937216, 0.16571164200426344, -0.673776166603817, -0.2914323984155026, -0.2733147352479796, -0.4314776806143286, 0.6603197410720212, 0.6220130884016928, 0.275179048952093, 0.18394207720854583, 0.6804294854816381, 0.20700550447303429, 0.07575577110670226]], "inverted": true, "swapped": false, "error_lsq": 0.04233037981552313, "error_max": 0.261446253107224, "target": "361.xyz", "model": "18.xyz", "model_rescale": 3.9405287249114394, "target_rescale": 4.199396093506882},
{"mapping": [11, 3, 10, 14, 2, 5, 1, 6, 13, 7, 9, 8, 12, 0, 15], "R": [[0.42355948944610516, 0.8987404214699231, -0.11341522700334475], [0.439800877869569, -0.09456611439444293, 0.8931027028474912], [0.7919422622422114, -0.4281622412408672, -0.4353212014711507]], "T": [0.09030662123906255, -0.027464833811084367, 0.18229562981135702], "aligned_model": [[-0.48384994380554924, 0.6886586910245784, -0.009669909270189903, 0.10066561641952973, -0.006307917956983974, -0.467261066948234, 0.6177918790082606, 0.15155520357161661, -0.23407590296395062, -0.2846859480825571, -0.6566847656209136, -0.13871974675139245, 0.5164107052318362, 0.4421202756973074, 0.08334245451262726], [-0.42846841264143704, -0.5167543970548538, -0.5512623296777919, -0.8012710191369462, 0.028667915977164025, 0.3252943986932056, 0.13408815646311137, 0.5145990092396151, -0.4338049525694846, 0.32139669116703573, 0.09469079953480863, 0.6874955714974769, -0.25999699384632746, 0.562225447567408, -0.03550043549887938], [0.012726851785335863, -0.17547401501346008, -0.39523784421211927, 0.21154696903667639, -0.6795860489765101, -0.323611317888836, -0.17989128070456276, -0.328291147153714, 0.6077289750618884, 0.6653088369650058, 0.30914875809524534, 0.08928650583915873, 0.4362703654907475, 0.21645382854080703, 0.14389932535031602]], "inverted": true, "swapped": false, "error_lsq": 0.036960757017851925, "error_max": 0.28235806036256794, "target": "361.xyz", "model": "19.xyz", "model_rescale": 4.410303926677745, "target_rescale": 4.199396093506882},
{"mapping": [2, 0, 4, 1, 7, 8, 6, 5, 10, 9, 12, 13, 11, 14], "R": [[0.7678936776655496, -0.5808351798041087, 0.2701292166782516], [-0.6405757769692282, -0.6972008240650838, 0.3218286576475718], [0.0014049062412903046, -0.4201684243549209, -0.9074450514568672]], "T": [0.028404083152845552, -0.029959486419777408, 0.03244746677877602], "aligned_model": [[-0.17599620507620606, 0.138389737481781, 0.22288195628383012, -0.6840342970574234, 0.31037594552256287, -0.14935875668779336, -0.3301648852113221, 0.684380605112624, 0.4091734386854878, 0.0895376428986606, -0.6560472334879645, -0.09743200622948896, 0.5513029405770679, -0.05182099335094324], [-0.23385073722011457, -0.6621372797282072, 0.15531560825738983, 0.09689542428441461, 0.6180625392013813, -0.7415369281109087, 0.48492183896060603, -0.07547866810344125, -0.554267625307339, 0.024478173108246022, -0.10265067969460012, 0.6556206029285775, 0.24490275539909578, -0.09932655779389826], [-0.6618630307235615, -0.2545358241481765, -0.5404864235502915, -0.37638138169254093, -0.03854805169668158, 0.32390483128846476, 0.04470274330669963, -0.24211791373546349, 0.5036553355598689, 0.7365192954594322, 0.49945382301298097, 0.450637639362698, 0.3631560232912588, 0.10871797299033353]], "inverted": true, "swapped": true, "error_lsq": 0.04684737118998775, "error_max": 0.25480388825125905, "target": "361.xyz", "model": "20.xyz", "model_rescale": 4.121658175737393, "target_rescale": 4.199396093506882},
{"mapping": [12, 9, 10, 3, 0, 6, 11, 1, 7, 4, 5, 2, 14], "R": [[0.2847869338829337, 0.9507379596647856, -0.12244890502572292], [0.9585899150198252, -0.28263129669939674, 0.03499892781646799], [-0.0013330835841574643, -0.12734552280492037, -0.9918575203675675]], "T": [0.03740816502898793, -0.017949514613242443, 0.042453749171467096], "aligned_model": [[0.21816962046833532, -0.23590519450323855, 0.22597724289490523, 0.6491198981158839, 0.6390057402034445, -0.29017535179872217, -0.49269031309429456, 0.3040940353073619, -0.6188218262158443, -0.032822272460918234, -0.08374867886119548, 0.4926543189158118, 0.10622568569276475], [-0.5698541487987457, 0.07777474047382112, 0.5827974038683931, -0.2699683851127163, 0.31325032810949277, -0.5519666231992268, 0.3754311313785772, -0.7536483221225654, -0.030633432614169474, 0.033183750406706715, 0.5730135727939707, -0.18250429506608468, -0.05604881595427003], [0.6379192160007534, 0.689411696284757, 0.53789902871838, 0.187731402363668, -0.10751970683456502, 0.005855342891491401, 0.19274642122923064, -0.2375954474565714, -0.228991194264488, -0.584327569464595, -0.3368179080100729, -0.5329511956494476, 0.146749653673248]], "inverted": true, "swapped": true, "error_lsq": 0.04321188125857623, "error_max": 0.20027731348397884, "target": "361.xyz", "model": "21.xyz", "model_rescale": 4.08911054899281, "target_rescale": 4.199396093506882},
{"mapping": [12, 6, 10, 7, 5, 9, 8, 11, 13, 2, 3, 15, 0, 1, 16], "R": [[0.7954305021903193, 0.1584749963210059, 0.5849581110868658], [0.5841000577957676, 0.05691741081651881, -0.8096835992095462], [-0.16160890652509757, 0.9857210984284556, -0.04729140984112733]], "T": [-0.004524321573732119, 0.01178138339892094, 0.06948186013551315], "aligned_model": [[-0.5872282637323797, 0.5936150128957819, -0.04831389836238076, 0.06256923693008604, 0.0759335476112343, -0.4447155514237124, 0.5937096412694918, 0.23761276014059057, -0.30208352205487693, -0.03689496929330319, -0.6493166959787167, -0.24047062580186715, 0.5083571132557211, 0.5538116620081083, 0.002704176602207767], [-0.4299748437131367, -0.4087846635773728, -0.5621390609274001, -0.6947873623569265, 0.004621420667729147, -0.008308894220886893, 0.1827257431367864, 0.6157020006674376, -0.4323604100885103, 0.4785758347170426, -0.01452570527889201, 0.7013064531299377, -0.2984235740972255, 0.5240527022982716, -0.016280190642749603], [-0.0318939635828505, -0.07514754642646414, -0.49605611892856905, 0.11481672461901091, -0.6313778406378089, -0.4903178124892924, -0.2365510950094788, -0.3336838030295594, 0.45797453125689747, 0.619308115199858, 0.650712928032746, 0.0892691698994621, 0.5602006353330489, 0.30578126033969916, 0.10724357763927961]], "inverted": true, "swapped": false, "error_lsq": 0.03480100644365865, "error_max": 0.2693649944414791, "target": "361.xyz", "model": "22.xyz", "model_rescale": 4.204369325754507, "target_rescale": 4.199396093506882},
{"mapping": [11, 3, 10, 14, 2, 5, 1, 6, 13, 7, 9, 8, 12, 0, 15], "R": [[0.42355948944610516, 0.8987404214699231, -0.11341522700334475], [0.439800877869569, -0.09456611439444293, 0.8931027028474912], [0.7919422622422114, -0.4281622412408672, -0.4353212014711507]], "T": [0.09030662123906255, -0.027464833811084367, 0.18229562981135702], "aligned_model": [[-0.48384994380554924, 0.6886586910245784, -0.009669909270189903, 0.10066561641952973, -0.006307917956983974, -0.467261066948234, 0.6177918790082606, 0.15155520357161661, -0.23407590296395062, -0.2846859480825571, -0.6566847656209136, -0.13871974675139245, 0.5164107052318362, 0.4421202756973074, 0.08334245451262726], [-0.42846841264143704, -0.5167543970548538, -0.5512623296777919, -0.8012710191369462, 0.028667915977164025, 0.3252943986932056, 0.13408815646311137, 0.5145990092396151, -0.4338049525694846, 0.32139669116703573, 0.09469079953480863, 0.6874955714974769, -0.25999699384632746, 0.562225447567408, -0.03550043549887938], [0.012726851785335863, -0.17547401501346008, -0.39523784421211927, 0.21154696903667639, -0.6795860489765101, -0.323611317888836, -0.17989128070456276, -0.328291147153714, 0.6077289750618884, 0.6653088369650058, 0.30914875809524534, 0.08928650583915873, 0.4362703654907475, 0.21645382854080703, 0.14389932535031602]], "inverted": true, "swapped": false, "error_lsq": 0.036960757017851925, "error_max": 0.28235806036256794, "target": "361.xyz", "model": "23.xyz", "model_rescale": 4.410303926677745, "target_rescale": 4.199396093506882},
{"mapping": [11, 15, 14, 9, 13, 7, 5, 12, 10, 3, 1, 0, 8, 2, 16], "R": [[-0.7990162709855542, -0.2511250782427268, 0.5463599489145631], [-0.5763568896152197, 0.06081556726461734, -0.8149320232825266], [0.17142267788542156, -0.9660422671166451, -0.19333029677400243]], "T": [0.028367177406154673, -0.09150024198403353, -0.019972406698846208], "aligned_model": [[-0.4626480666366044, 0.5844460946668958, 0.03745376715347952, 0.11726922527678423, -0.09925106322898462, -0.513060333991807, 0.5875673731525609, 0.21086069626428283, -0.10884366709556954, -0.07885088242534836, -0.6923794848281222, -0.06905695621750814, 0.46923772723102036, 0.34355605759882857, -0.0070108628539226475], [-0.4905802932302088, -0.5066834786553817, -0.5979070487089596, -0.6924270948562873, -0.03625065399519971, 0.20079827986896245, 0.19124545424246822, 0.5388452603101016, -0.3674913426241784, 0.41968726536734047, 0.15976189629460144, 0.6564613576507518, -0.4598084414543925, 0.6445387052100485, -0.018790415705561198], [-0.03896265224076895, -0.1864455534822671, -0.46899308551449126, 0.13300905299428456, -0.7090643392545777, -0.2716641242945224, -0.07430513873492371, -0.48423149179684427, 0.5534262703088532, 0.7124500155466217, 0.37210786099660237, 0.018077491403769123, 0.5679807340823532, 0.417973468033061, 0.06892025416882941]], "inverted": false, "swapped": false, "error_lsq": 0.03981686248190911, "error_max": 0.30249577542361644, "target": "361.xyz", "model": "24.xyz", "model_rescale": 4.28219845311461, "target_rescale": 4.199396093506882},
{"mapping": [2, 7, 13, 4, 12, 14, 9, 11, 0, 8, 6, 10, 3, 5, 15], "R": [[0.27602470695595877, -0.9591098574806834, 0.06259906096148926], [-0.7567217292712153, -0.1766990286177893, 0.6294042244331629], [-0.59260660272955, -0.22110118626753866, -0.7745525675074794]], "T": [0.07396027792408626, -0.05976419574375752, 0.039797160763284906], "aligned_model": [[-0.49415234974419103, 0.5860491478975207, 0.036748726910704826, 0.14935380109814994, 0.0928622065775876, -0.5203735894207181, 0.686678414930075, 0.10928388520980882, -0.38027249002053826, -0.08925921141732705, -0.7107420073104219, -0.3547024808341454, 0.6792820023948335, 0.4942476427886015, 0.034285925006045215], [-0.42640642209641816, -0.5864492587124202, -0.4061289615707449, -0.7241755103495131, 0.14694996454351494, 0.1864038868475499, 0.07860206012991378, 0.40934052572309426, -0.43066775834962906, 0.4414217178880035, 0.14062778144595836, 0.608007307425305, -0.2912538467085514, 0.5937149154611685, -0.09858695196312689], [-0.06791330542700272, -0.2169397462938266, -0.4414129870950071, 0.3356383254327161, -0.6959554289453276, -0.3680179372099469, -0.2098124297942127, -0.23437445394988318, 0.6069455644526925, 0.4915915113311613, 0.43512299344660277, 0.033942450096570514, 0.46411248718902587, 0.38851518878621816, 0.08883653019619842]], "inverted": false, "swapped": false, "error_lsq": 0.04126166852219002, "error_max": 0.2647943423616577, "target": "361.xyz", "model": "25.xyz", "model_rescale": 4.100010024507729, "target_rescale": 4.199396093506882},
{"mapping": [7, 6, 1, 12, 5, 0, 4, 8, 9, 10, 11, 14], "R": [[0.22242839375327728, -0.7841242512915463, 0.5793744628379898], [-0.9265305350309476, -0.3549555275791335, -0.12469058142572415], [0.3034250769260892, -0.5090734052938644, -0.8054672499331713]], "T": [-0.022063506714593447, 0.04610135343838741, 0.029040862898087598], "aligned_model": [[-0.6394580576383414, -0.04311490943352171, 0.3805516807419682, 0.6481511192344361, -0.5624527658686583, 0.2090114736854087, -0.39600817568984137, 0.5945059429754157, 0.03590888687733185, 0.0819246599408868, -0.5289072727428208, 0.09665302028074281], [-0.30236435462087563, -0.562709317089838, -0.3327879843570715, -0.38647850404721973, 0.5077784630861047, 0.6865674195785699, 0.15207307228024936, 0.44409533330194184, -0.14830043606657461, 0.5482486443722094, 0.021500641235253644, 0.03850841237789004], [0.07236128877798378, 0.17980916857443888, 0.64964179896169, -0.20662749148140758, 0.08000198983595658, 0.20371938858971803, 0.5283775487959677, -0.2613595223980847, -0.6501241072397272, -0.5865529493037225, -0.41911627273766916, -0.02493855052078705]], "inverted": false, "swapped": true, "error_lsq": 0.04410398923003763, "error_max": 0.23573063326676572, "target": "361.xyz", "model": "26.xyz", "model_rescale": 3.6694154284099745, "target_rescale": 4.199396093506882},
