[{"mapping": [11, 0, 1, 10, 9, 5, 3, 2, 6, 4, 8, 12], "R": [[0.8214164398463583, -0.5330555223281844, -0.20279754058065141], [0.37616392506373825, 0.2390897514225562, 0.8951741686651502], [-0.42869072048596624, -0.8115958975254416, 0.3969085099731378]], "T": [-0.033314294662301736, -0.09420910612822171, 0.006607862151344939], "aligned_model": [[-0.3767448694020343, 0.2848385132287552, 0.38788231071313395, -0.14812485334665418, 0.02159956720799941, -0.5061052890495987, 0.3716098328324324, -0.28287620263708985, 0.6820551256943075, 0.14416343678549165, -0.6729212320038683, -0.06773387756232584], [-0.20700759905021796, -0.6934258756040438, -0.21395703276094075, 0.6612706348446103, 0.32436608574250164, -0.5370333896522534, -0.2630383324384842, -0.4772211595905975, 0.1376306078840313, 0.3117289088698805, 0.11789172475284317, -0.10764953702027212], [-0.5390396644733254, -0.08180127673605726, -0.5851840444073065, -0.009991532922396146, -0.6930666052878911, 0.1166966339342693, 0.47783430595222587, 0.784418064790313, -0.011315661493361977, 0.5094854783636625, 0.23237448279237105, -0.018458435158940953]], "inverted": false, "swapped": true, "error_lsq": 0.03600004514263057, "error_max": 0.1799022382981763, "target": "362.xyz", "model": "0.xyz", "model_rescale": 3.751011558992144, "target_rescale": 3.95321201246878},
{"mapping": [13, 9, 0, 2, 8, 7, 5, 12, 1, 10, 4, 11, 14], "R": [[0.6658812146034943, -0.229717492600934, -0.7098113000166417], [-0.5867056227998642, 0.42645947639175463, -0.6884103624806166], [0.4608456576915951, 0.8748498091608699, 0.14919480955445755]], "T": [-0.03900469073822424, 0.01908839260392164, -0.014771499137120142], "aligned_model": [[0.24752829143308266, 0.4608782072601444, -0.630539172882435, 0.07452322319723961, 0.19256700504868232, -0.6598855599692875, 0.5204690317419232, -0.2766697820106571, -0.5607190535823185, 0.510329917783808, 0.12290515897175658, -0.057937484217315344, -0.03273077728915395], [-0.34429161015821813, 0.20577765394318165, -0.44992440114763105, -0.7974231716327631, -0.3358190858706044, 0.1887443749817937, -0.2537006520868258, 0.1736284511167111, 0.0460858522324461, 0.5923205519677013, 0.2697476322101393, 0.7257424118298175, 0.0418615995712187], [-0.5745536192706444, -0.4013640874308534, 0.06018498311244183, -0.07925700303786073, 0.4959470961510316, -0.17414783886018723, -0.06635965617472533, -0.7015085512775597, 0.44649936511903787, 0.19038728687981973, 0.7177099791793845, -0.38492367780103276, -0.06422684766309575]], "inverted": true, "swapped": false, "error_lsq": 0.04107249412404365, "error_max": 0.2111745830966643, "target": "362.xyz", "model": "1.xyz", "model_rescale": 3.9405287249114394, "target_rescale": 3.95321201246878},
{"mapping": [4, 1, 10, 8, 9, 3, 2, 7, 11, 0, 5, 6, 12], "R": [[0.28858654530808436, -0.46094214093258856, 0.8391961323669378], [0.045477918938176376, -0.8688988880023881, -0.4928960147102698], [0.9563731305072294, 0.18040805176237418, -0.2297898389901235]], "T": [0.008434121851165093, 0.03494547412017622, -0.08778965265253139], "aligned_model": [[0.13102378865583897, 0.6236621925463209, -0.6571584641611704, -0.11683620250028265, -0.1801905867941928, -0.4654353313830261, 0.6445729134058591, -0.27438811883944225, -0.32964405682342734, 0.3674938009629131, 0.3179064823264872, -0.23845956245195882, 0.08817215054155028], [-0.38920322475830976, 0.2579265765949281, -0.4203115104695094, -0.7293160820026916, -0.4959951326703693, -0.09826430199652682, -0.04636458862831884, 0.336432032826889, 0.24024600767969428, 0.7538410907050179, 0.13684483467869812, 0.5190620503658325, -0.002148145368367771], [-0.6325514140815224, -0.5338840163538974, 0.1596264073356779, -0.05776649859939914, 0.4891885951518383, -0.37848291952907565, 0.1421793432942707, -0.7645667860177694, 0.5048055929084082, 0.15136558472927455, 0.5617637776334966, -0.09329806847169825, -0.08399216907384695]], "inverted": true, "swapped": false, "error_lsq": 0.05835335024172099, "error_max": 0.2814223645866876, "target": "362.xyz", "model": "2.xyz", "model_rescale": 3.932901565614263, "target_rescale": 3.95321201246878},
{"mapping": [9, 5, 11, 8, 3, 10, 7, 12, 1, 4, 0, 6, 13], "R": [[0.9432133453600136, 0.3309037808708915, 0.029176582050010738], [-0.2934309235066955, 0.7887764062174754, 0.5401204255762342], [0.1557140914136541, -0.5180101049207377, 0.8410818348622368]], "T": [-0.008707484810536455, -0.016967902780299277, 0.053719931063174374], "aligned_model": [[0.2656823197920711, 0.3266076068924635, -0.688013501392972, 0.056954308262760336, 0.017052642082859757, -0.6374730482955254, 0.6756796343433142, -0.207557112647739, -0.49904832690106415, 0.6066632497236525, 0.1796395428967199, -0.15125055481637656, -0.034217754454694785], [-0.32980817011590924, 0.29182709022219666, -0.5925824516524009, -0.7444478114155715, -0.3475787210931728, 0.13824857105490798, -0.20135693925601644, 0.1494504194317943, 0.2999934977368658, 0.5852039897745948, 0.20910125979519154, 0.5740448659046606, 0.03065400656982588], [-0.5517832825140718, -0.5021659630081396, -0.01642224832340492, -0.018724785751265717, 0.44194458349800797, -0.2523963094841072, -0.03205594964342073, -0.6645373889139026, 0.5096475021447037, 0.20182217761428328, 0.6556904120913268, -0.25785291936896276, -0.04877839941528989]], "inverted": true, "swapped": false, "error_lsq": 0.03798389582076186, "error_max": 0.24850043270750521, "target": "362.xyz", "model": "3.xyz", "model_rescale": 3.9243930471874484, "target_rescale": 3.95321201246878},
{"mapping": [1, 9, 2, 7, 4, 0, 8, 5, 3, 11, 10, 6, 12], "R": [[-0.2874321795689536, 0.8917426065055216, 0.34953950547968027], [-0.5535435733516998, -0.45248111370919014, 0.6991783421542193], [0.7816471419696182, 0.007481007901986525, 0.6236760216422452]], "T": [0.09170117591086219, 0.0515083580749269, 0.0008238549534877113], "aligned_model": [[0.029641740921463378, 0.7154384659371811, -0.5999625459628, 0.028113412801035104, -0.03205713280120889, -0.6466916907733433, 0.589637533688421, -0.28859542830523044, -0.484852720251507, 0.5015819864145727, 0.3315008151098684, -0.25133851214838193, 0.018303080855398723], [-0.2812758807320944, 0.08529898412365894, -0.5560303125929296, -0.7433786208471574, -0.36651296000663536, -0.11151772655589456, -0.27285252213242006, 0.3825952961918977, 0.1372397439550535, 0.7169984930102585, 0.31292425825547343, 0.6853320223646715, 0.07392883192308425], [-0.6281145974509689, -0.32704407333278607, 0.06175455165543816, -0.08302151483511108, 0.40370017356027493, -0.388432902881771, 0.20863572157943727, -0.5643124401160476, 0.3372597398702708, -0.12268599433835373, 0.6101559316503685, 0.04673517969203519, -0.09024234612703042]], "inverted": false, "swapped": false, "error_lsq": 0.05193360849289437, "error_max": 0.34656052961968337, "target": "362.xyz", "model": "4.xyz", "model_rescale": 3.8936222436046832, "target_rescale": 3.95321201246878},
{"mapping": [8, 5, 4, 10, 3, 0, 7, 1, 9, 11, 6, 12], "R": [[0.43922536454871985, 0.7956818449701879, 0.417098886023305], [0.864504930550861, -0.5006350087357769, 0.044674523851737646], [0.2443610120094754, 0.34096185946959895, -0.9077624723443565]], "T": [-0.12683100086251275, -0.041047275062850413, -0.10411110497198167], "aligned_model": [[-0.028547422024560176, -0.4532274810144709, -0.19340577615059037, 0.4518722913846849, -0.6248066769954352, -0.551527431721731, -0.3699214386352284, 0.11920066868520046, 0.637859774047876, 0.2065382098009101, -0.05170908019675127, -0.11477759496480705], [-0.5960051537018672, -0.6014994355368385, 0.2572653784601251, 0.03240063886796775, 0.334625174933717, 0.11507426296797973, -0.4540449504137468, 0.3056172344029139, 0.07747094347563423, -0.4303125148085899, 0.7073332074382874, -0.07900188097577547], [-0.5370273264500545, 0.0012592973686434972, -0.7005566382030226, -0.5979881613372984, -0.26352143812091366, 0.4090722236807966, 0.5272628491210558, 0.49693460247244786, 0.1585036975485824, 0.30299677445372447, -0.09373499195565754, -0.0839161693027856]], "inverted": false, "swapped": true, "error_lsq": 0.0506330135181416, "error_max": 0.23567452171145414, "target": "362.xyz", "model": "5.xyz", "model_rescale": 3.6523030999806103, "target_rescale": 3.95321201246878},
{"mapping": [7, 9, 0, 5, 1, 3, 8, 11, 2, 10, 6, 4, 12], "R": [[0.775388096575486, -0.11433612978825139, 0.6210479442958399], [-0.41817433949071586, -0.8299036623802689, 0.36931034775554294], [0.4731844476317328, -0.546065161489781, -0.6913098566681883]], "T": [0.06740432072370943, 0.016312164289200605, -0.009524609518128377], "aligned_model": [[-0.09496724411667, 0.6281257673162638, -0.626689573154821, 0.14276178158406175, -0.2465231823866626, -0.5813440686637932, 0.6499246112660099, -0.07539078059376443, -0.3986795006024282, 0.37720589441158403, 0.3896004741038329, -0.264560085926051, 0.01125491224790702], [-0.22108492438924976, 0.1827796501115341, -0.6944568589111307, -0.6575069452714795, -0.2805777263762137, -0.12040505565384985, -0.29182174763968244, 0.4392357721903845, 0.36885147480748354, 0.7296259131815672, 0.1883123122441445, 0.4788769069518945, -0.05907916428843562], [-0.629279526332401, -0.4344280228673105, 0.0047859683207609055, -0.07427482704885892, 0.5342407641542011, -0.21706889873405527, 0.1298551095675689, -0.7680192924662401, 0.47492718400361766, 0.05276120145537595, 0.5282765153622856, -0.07998802903482284, -0.05740071745436477]], "inverted": true, "swapped": false, "error_lsq": 0.05736413472975838, "error_max": 0.35245687476485094, "target": "362.xyz", "model": "6.xyz", "model_rescale": 4.08911054899281, "target_rescale": 3.95321201246878},
{"mapping": [4, 5, 0, 6, 2, 9, 7, 8, 1, 12, 13, 10, 14], "R": [[0.3426504633854414, 0.9212216394674447, -0.18423178585319086], [-0.17059542560689678, 0.25385617194087723, 0.9520789067769152], [0.9238440673099246, -0.2948011786686707, 0.2441401326120278]], "T": [-0.011771730435733156, 0.05788034674397128, -0.07002215463556788], "aligned_model": [[0.14793085801775696, 0.6531546614157084, -0.551534038171647, 0.03122225876245131, 0.03066019246149151, -0.7862213758761547, 0.6269487737701844, -0.33473234774197275, -0.5030149388022441, 0.4292881626048586, 0.216826405914677, 0.11774572145650397, -0.16755532832614461], [-0.1746107677354086, 0.11283946903499947, -0.6962194092210471, -0.4392587681088645, -0.4620835327450001, 0.15398261602213797, -0.29733444174777335, 0.2345003361677254, -0.0022397130382098215, 0.5876529790446675, 0.2795837360737065, 0.6563676758467217, 0.10956942736331143], [-0.716003930409193, -0.43792651432671276, 0.0869695403835942, -0.08215408892655468, 0.5447758928867685, -0.14451650626428336, 0.18521799910430597, -0.644174392539514, 0.47128344066246614, 0.11111052277911165, 0.5891326235223779, -0.4499077230121271, -0.04941943493448291]], "inverted": false, "swapped": false, "error_lsq": 0.04777412740514391, "error_max": 0.29583691600074985, "target": "362.xyz", "model": "7.xyz", "model_rescale": 3.964800864290218, "target_rescale": 3.95321201246878},
{"mapping": [10, 5, 11, 9, 12, 6, 8, 3, 4, 1, 7, 0, 13], "R": [[0.2849991097562655, -0.9246123199876248, 0.2527203299405067], [-0.056678656374127334, -0.27944932644166237, -0.9584860999842018], [0.9568505825622724, 0.25884383646979825, -0.13204859322172502]], "T": [-0.06005758818750352, 0.1027547346348582, -0.012319229079498784], "aligned_model": [[0.11144095323475188, 0.5253372812648587, -0.5675479524569522, 0.13848562339407217, -0.03487713739837443, -0.598406950246795, 0.6323301522556488, -0.21368021521456848, -0.6672196628526265, 0.4691651330374559, 0.3345977053472146, -0.21999737587765195, 0.001091450998435911], [-0.4524287413350916, 0.016220436890736697, -0.5525778213478139, -0.5536552092642053, -0.3584729963682826, 0.10344799605734017, -0.22805003051021844, 0.4176659401207936, 0.038069526548651825, 0.6072464093111004, 0.18546383028696073, 0.7828962430522189, 0.056924023514775435], [-0.5932611980464472, -0.6029928996465593, -0.0010899932835712611, 0.04737419998866879, 0.5854347858299122, -0.2283870585624939, 0.034850736455972156, -0.6472945961821174, 0.33734265611394076, 0.15659303422309412, 0.5744171425075623, -0.17038935707378755, -0.028210023398416776]], "inverted": false, "swapped": false, "error_lsq": 0.048159197716880014, "error_max": 0.2759429891422728, "target": "362.xyz", "model": "8.xyz", "model_rescale": 4.121658175737393, "target_rescale": 3.95321201246878},
{"mapping": [11, 7, 3, 10, 0, 2, 5, 8, 1, 9, 4, 6, 12], "R": [[0.4272643685899233, 0.11889205457543366, -0.8962755372608844], [-0.24881933546124024, 0.9684997482905102, 0.009857781791344652], [0.8692146441668374, 0.21879880465864313, 0.4433880754439252]], "T": [0.013930941597057989, -0.0012130145267863638, -0.09946086375218588], "aligned_model": [[0.021514568666705036, 0.4949654273431341, -0.45268835134163593, 0.20652353668982443, -0.15193728584985497, -0.6790830478301791, 0.5129586225233193, -0.31475950108583384, -0.38400469473185495, 0.5621072395518604, 0.22419627754232327, -0.09656861155831772, -0.032505174434020595], [-0.3207487105571634, 0.11645092225811506, -0.6203004458190284, -0.7352242518662704, -0.3438396170238552, -0.03725465245708966, -0.23807813196629501, 0.3402793199383287, 0.25488353113395046, 0.6124178007125917, 0.319219201736311, 0.6811688001367919, 0.033775840730579855], [-0.6479784132584485, -0.5576878073254466, -0.24670616705042084, -0.07463292847438792, 0.5889568768001717, -0.07154918783811287, 0.17727763390490225, -0.6525421562560912, 0.40153165550700654, 0.02762094448239777, 0.7013135120861458, -0.1476994153771824, -0.0335171182747768]], "inverted": true, "swapped": false, "error_lsq": 0.05024804655215049, "error_max": 0.35072464207507636, "target": "362.xyz", "model": "9.xyz", "model_rescale": 3.833441315466971, "target_rescale": 3.95321201246878},
{"mapping": [8, 9, 0, 13, 5, 12, 2, 11, 6, 3, 4, 7, 14], "R": [[-0.7069004574106552, 0.410016824801662, 0.5763488064463826], [0.04131595880737102, 0.8373874465023252, -0.5450461044610293], [-0.7061053284464254, -0.3614809370075811, -0.6088898072062687]], "T": [-0.16326712251937325, -0.0189207873954981, -0.052057382262701554], "aligned_model": [[0.1503717580780493, 0.548766117920275, -0.4243040417592856, 0.1769389246342845, 0.06800469793445818, -0.7536489201059143, 0.5149804183985408, -0.3711466868245574, -0.5059187811335648, 0.5274956845752129, 0.03597532889519789, 0.020101123809098342, -0.07689661893632556], [-0.14249767670050917, 0.13282109467690015, -0.642525333533556, -0.7366857935195231, -0.3876083235735097, 0.08877499750249138, -0.24604105308367683, 0.293730390077934, 0.34945434273578535, 0.4583559377771036, 0.31738378779841847, 0.5597751667765177, 0.017812070022590776], [-0.7548509276115706, -0.4096789591660746, 0.030405085159445344, 0.016933797452652846, 0.46564721226777855, -0.10563917305456676, 0.018984246942774133, -0.6215943951181734, 0.40414342044880075, 0.1701486520634536, 0.6430068294099974, -0.32664990882738676, -0.06646845104137389]], "inverted": false, "swapped": false, "error_lsq": 0.045629372607594414, "error_max": 0.2638998111252591, "target": "362.xyz", "model": "10.xyz", "model_rescale": 4.2482417240324, "target_rescale": 3.95321201246878},
{"mapping": [7, 1, 6, 9, 2, 4, 3, 10, 11, 8, 5, 12], "R": [[0.6521372813993698, 0.34204646033526265, 0.6765509479567354], [-0.5168878675762884, -0.4522135062901578, 0.7268630387364592], [0.554566405907784, -0.8237154628273524, -0.11810562110942888]], "T": [-0.015726843542174847, 0.053854157791882934, -0.006850078323645058], "aligned_model": [[-0.6082214258154036, 0.13443543907653172, 0.36031099466480687, 0.5885103696333545, -0.6514185918799171, 0.2561103249591347, -0.22169041046996743, 0.6689008414601536, -0.03767110257964679, -0.021308124918479995, -0.5627252509501327, -0.028467460817426665], [-0.39323914579677444, -0.646278391127376, -0.11789782970772042, -0.4322892515617931, 0.6853254385328235, 0.5775071047206493, 0.27439179308526707, 0.34028297860406287, -0.3503469733820581, 0.537374974995052, 0.15272042301893696, 0.038580268669570095], [-0.28497030152200425, 0.16411632130947157, 0.6215774133578, -0.2643904821777901, 0.09854495492487086, 0.3110525153459366, 0.5618883312626087, -0.1897437820400433, -0.5211838007608968, -0.5276483428953924, -0.35722475209186355, -0.04682578485834072]], "inverted": false, "swapped": true, "error_lsq": 0.051082537993061526, "error_max": 0.29392431615141784, "target": "362.xyz", "model": "11.xyz", "model_rescale": 3.6694154284099745, "target_rescale": 3.95321201246878},
{"mapping": [6, 0, 9, 11, 8, 7, 4, 5, 10, 1, 2, 12, 13], "R": [[0.5807695185454349, -0.04878381009473248, -0.8126050124144848], [-0.7931918858870984, 0.19069791228903166, -0.5783432703952499], [0.18317586765557328, 0.9804358449797957, 0.0720566123779215]], "T": [-0.00530332021114258, 0.0037836228736481013, -0.058535996550357496], "aligned_model": [[0.07185280584019244, 0.48455649780426513, -0.5562811981784846, 0.04320402743682524, 0.00814899407772279, -0.6921877730689958, 0.682469823135468, -0.24715232234395115, -0.5247981680940024, 0.6188178481570193, 0.08366856479364915, -0.16138310690030702, 0.09980301282606802], [-0.2602468121727309, 0.2913286481106055, -0.49885434106445037, -0.7328588121804773, -0.36681453551812204, -0.07552287323860533, -0.2691080475086677, 0.300546291842125, 0.2028410602801597, 0.48011787688253466, 0.27353732214092186, 0.6650897539934839, 0.052694075390189235], [-0.5526915338416443, -0.4922329893700535, 0.23889420045199186, -0.05273866882441093, 0.6010653160226178, -0.33068585704289755, -0.071835969383579, -0.7642354870920135, 0.2481071624223473, 0.25777388276756713, 0.5293674979133448, -0.04949158408363312, -0.0969085410138804]], "inverted": false, "swapped": false, "error_lsq": 0.047707755486606745, "error_max": 0.2714413904137568, "target": "362.xyz", "model": "12.xyz", "model_rescale": 3.9764082729961374, "target_rescale": 3.95321201246878},
{"mapping": [9, 6, 2, 0, 7, 1, 4, 12, 8, 14, 3, 13, 15], "R": [[-0.5959830029137011, -0.798623338698724, 0.08369601617562461], [-0.14934756805354865, 0.007830803017646604, -0.9887537521752267], [0.7889864156970372, -0.601780226835181, -0.12393947892314255]], "T": [-0.013285615991130869, 0.06026051095448523, -0.13782600688973728], "aligned_model": [[-0.1358091827345788, 0.6771985737414029, -0.5264546359773643, 0.01994588422953875, 0.10345687568926511, -0.621239447820361, 0.5698399593177775, -0.30933166331460116, -0.48069369603761414, 0.3737310669433344, 0.08419962124600289, 0.09467753048337363, 0.06119811971929316], [-0.3505047192796322, 0.3504228641082835, -0.4568628790476663, -0.6649322545327916, -0.44610026632688027, -0.0655291487487292, -0.33555776819428174, 0.2611121655035067, 0.16601579303650693, 0.6861895421773289, 0.25864337561322504, 0.6072862153988823, 0.0525666872492146], [-0.5594407928505695, -0.28847858151389816, 0.18698235252419598, -0.12787343032583467, 0.41081199105631644, -0.27158578461421334, 0.0005798278557362369, -0.666247132203003, 0.38178764157184913, 0.17400563771661948, 0.6743219567500314, -0.38999139679750155, -0.060484860243971664]], "inverted": true, "swapped": false, "error_lsq": 0.04558548898528382, "error_max": 0.26665292073817887, "target": "362.xyz", "model": "13.xyz", "model_rescale": 4.170626492500431, "target_rescale": 3.95321201246878},
{"mapping": [0, 1, 4, 2, 6, 8, 3, 7, 12, 9, 11, 10, 13], "R": [[-0.7101031014964523, -0.7040953240269555, 0.0018330107734814693], [0.2638182133201383, -0.26365377653129385, 0.92783976873238], [-0.6528043623978697, 0.6593454790958706, 0.3729745348279796]], "T": [-0.017939608489749, -0.056346396357141296, -0.029408089348967985], "aligned_model": [[0.05650749834251066, 0.5236528450604776, -0.6016083735885586, 0.08349983856518528, 0.16886035323456267, -0.6770105487293323, 0.628583638294337, -0.17294238863308858, -0.600775551448316, 0.43837820436733643, 0.2533891439981712, -0.18634269218060912, -0.003472961797207042], [-0.25779929814118585, 0.1709325430371636, -0.4575541493951227, -0.6980842410492051, -0.45678331850348286, 0.12411093663344121, -0.21989811037348073, 0.3476267097657687, 0.2087650403252661, 0.6121413482733065, 0.2522186565917918, 0.48196735058484946, -0.04489386079214373], [-0.5859444881361243, -0.5252269754965124, 0.008357531833071648, -0.1334020531522493, 0.6863050603917976, -0.320297998948048, 0.14589773668075862, -0.7151264503150803, 0.3251681519898457, 0.005299653477405471, 0.5457683768795422, -0.043083477150147646, 0.07067236087149731]], "inverted": false, "swapped": false, "error_lsq": 0.04071737434695902, "error_max": 0.2545519630151261, "target": "362.xyz", "model": "14.xyz", "model_rescale": 3.9786697098870705, "target_rescale": 3.95321201246878},
{"mapping": [6, 3, 10, 9, 4, 8, 0, 5, 11, 1, 2, 12], "R": [[-0.056402007871376225, -0.9153148491528036, -0.39877003451670934], [0.8440946698657577, 0.16959456804787226, -0.5086667580969622], [0.533219468710863, -0.3652894871318308, 0.7630469112568827]], "T": [0.046666306079032535, 0.007700444047951465, -0.003493889890212199], "aligned_model": [[-0.1777551151570751, -0.5525517959239873, 0.5677968433290267, 0.6938177570535867, -0.10983804832334985, 0.3700214702617204, -0.42348185628130286, -0.03771923929022568, 0.49092269125268334, 0.11538269851188969, -0.5251250456736923, 0.07188423700806318], [-0.487444667126129, 0.035871870136660815, 0.15061857397830658, -0.48110203491760006, 0.2745858922720789, 0.6383147863489589, -0.3372499546672354, 0.37567898969215624, -0.14348679464077338, -0.7164361842845003, 0.6922084577090685, 0.01311555572344721], [-0.5233887425722228, -0.23729990992636296, -0.5440528733557979, -0.1036548599342497, -0.5980092039462401, 0.04962251842417227, 0.354372076198, 0.5342933150554638, 0.45277134664800595, 0.10994335222749414, 0.13241607896144575, 0.03295339609412151]], "inverted": true, "swapped": true, "error_lsq": 0.05334726312545749, "error_max": 0.36427424029802963, "target": "362.xyz", "model": "15.xyz", "model_rescale": 3.769337070930944, "target_rescale": 3.95321201246878},
{"mapping": [5, 0, 8, 11, 2, 3, 4, 6, 10, 9, 12], "R": [[-0.126344088293885, 0.7975732735284237, -0.5898423897163898], [0.5158375998459447, -0.45506831384658974, -0.7258267012985931], [-0.8473185598925368, -0.3959667954336276, -0.3539230918937923]], "T": [-0.06305081772542583, 0.016173585396653894, -0.0021667387496532783], "aligned_model": [[-0.33591788558188973, -0.23657007490720555, -0.05645702261862333, -0.6984229569611364, 0.33084924706785, 0.4275426619172389, 0.5818264696936535, 0.3041546895381635, 0.16696718174152175, -0.4582981699235421, -0.1030480092748596], [0.16620859226689041, -0.5932683638359154, 0.6878017133097886, 0.15554509764055294, 0.11178575569574067, -0.3426130556683753, 0.1712984029906011, -0.4374051864171066, 0.5337200673759839, 0.10991160268269526, 0.03307987158448654], [-0.5807661408560137, -0.26017778450449314, -0.23438763232633641, 0.07047697564493463, -0.8081872981557434, -0.21456118770370342, 0.09395552300740512, 0.4724391255943172, 0.5111012246326792, 0.7068874189542291, -0.012562617063497766]], "inverted": true, "swapped": true, "error_lsq": 0.04963189151128773, "error_max": 0.2573663431921884, "target": "362.xyz", "model": "16.xyz", "model_rescale": 3.7852294659196426, "target_rescale": 3.95321201246878},
{"mapping": [4, 10, 3, 0, 8, 1, 9, 5, 2, 6, 11, 7, 12], "R": [[0.21179941783295875, 0.8991926040378194, -0.3828755247457134], [-0.2334652908736333, 0.4269723832233352, 0.8736066288220778], [0.9490178947537871, -0.09564122964637684, 0.3003627650505626]], "T": [-0.06219154628944675, -0.03297442420219019, -0.026300268911228688], "aligned_model": [[-0.018733683243757966, 0.6805098020532535, -0.626773216991416, 0.09274324669289494, 0.07314747459087165, -0.6874924307290934, 0.65690873519422, -0.18199773234485675, -0.5026201935177842, 0.38104372995888625, 0.2136965363126541, -0.19664122684088478, 0.026927964350481677], [-0.2168324907656349, 0.10038722439549172, -0.5882129839651784, -0.6693598961172503, -0.3586266676646066, 0.07557538332555899, -0.39970299593402125, 0.3129849675587375, 0.14938928146827501, 0.7048213936812796, 0.329225103807898, 0.6501334506392231, -0.02703216347280585], [-0.7090112696931471, -0.3089032645294341, 0.04754450085787558, -0.21801854346450866, 0.5212760974592725, -0.2936388135540727, 0.2830001115565038, -0.572347508255636, 0.3569139095647533, -0.2421545181274781, 0.548703506920443, 0.055638244046267854, -0.004615023855082678]], "inverted": false, "swapped": false, "error_lsq": 0.05322482768030013, "error_max": 0.3559777552347718, "target": "362.xyz", "model": "17.xyz", "model_rescale": 3.901054581598922, "target_rescale": 3.95321201246878},
{"mapping": [13, 9, 0, 2, 8, 7, 5, 12, 1, 10, 4, 11, 14], "R": [[0.6658812146034943, -0.229717492600934, -0.7098113000166417], [-0.5867056227998642, 0.42645947639175463, -0.6884103624806166], [0.4608456576915951, 0.8748498091608699, 0.14919480955445755]], "T": [-0.03900469073822424, 0.01908839260392164, -0.014771499137120142], "aligned_model": [[0.24752829143308266, 0.4608782072601444, -0.630539172882435, 0.07452322319723961, 0.19256700504868232, -0.6598855599692875, 0.5204690317419232, -0.2766697820106571, -0.5607190535823185, 0.510329917783808, 0.12290515897175658, -0.057937484217315344, -0.03273077728915395], [-0.34429161015821813, 0.20577765394318165, -0.44992440114763105, -0.7974231716327631, -0.3358190858706044, 0.1887443749817937, -0.2537006520868258, 0.1736284511167111, 0.0460858522324461, 0.5923205519677013, 0.2697476322101393, 0.7257424118298175, 0.0418615995712187], [-0.5745536192706444, -0.4013640874308534, 0.06018498311244183, -0.07925700303786073, 0.4959470961510316, -0.17414783886018723, -0.06635965617472533, -0.7015085512775597, 0.44649936511903787, 0.19038728687981973, 0.7177099791793845, -0.38492367780103276, -0.06422684766309575]], "inverted": true, "swapped": false, "error_lsq": 0.04107249412404365, "error_max": 0.2111745830966643, "target": "362.xyz", "model": "18.xyz", "model_rescale": 3.9405287249114394, "target_rescale": 3.95321201246878},
{"mapping": [2, 5, 3, 10, 14, 1, 11, 6, 12, 9, 13, 8, 15], "R": [[0.5650896339471382, 0.8250004954513743, -0.006920123588257665], [-0.7292076883721972, 0.4955171382058535, -0.4719310468311636], [-0.38591430761811135, 0.27172954982715525, 0.8816083024372932]], "T": [-0.11424903515065353, 0.16246021320753948, 0.08370159557016066], "aligned_model": [[0.05522138157085242, 0.4243111282373324, -0.5863740489450057, 0.12615494716408426, -0.00010429554787054485, -0.6233343349444641, 0.5317354943249235, -0.21376895248161248, -0.5190098088738742, 0.5865779693815183, 0.22954365133347288, 0.0021225939744431294, -0.10235671970833093], [-0.27841167412299206, 0.25118740652620963, -0.5463140867379137, -0.5692465927029131, -0.4329894645283592, -0.02188367161764368, -0.1439235585600462, 0.2802471563283414, 0.046394954140066974, 0.4748861439211697, 0.1520144364851842, 0.7157771370077488, 0.13501142081811376], [-0.6458441808077862, -0.5434690975717981, 0.09656852840129432, -0.0735088125396868, 0.5655206713459264, -0.29361645812041537, 0.17340206365980695, -0.64739721969144, 0.43418217121162633, 0.09923847082615805, 0.6607867884495665, -0.4188620136446345, 0.05738651740713897]], "inverted": false, "swapped": false, "error_lsq": 0.042302363904608016, "error_max": 0.254367356519655, "target": "362.xyz", "model": "19.xyz", "model_rescale": 4.410303926677745, "target_rescale": 3.95321201246878},
{"mapping": [10, 5, 11, 9, 12, 6, 8, 3, 4, 1, 7, 0, 13], "R": [[0.2849991097562655, -0.9246123199876248, 0.2527203299405067], [-0.056678656374127334, -0.27944932644166237, -0.9584860999842018], [0.9568505825622724, 0.25884383646979825, -0.13204859322172502]], "T": [-0.06005758818750352, 0.1027547346348582, -0.012319229079498784], "aligned_model": [[0.11144095323475188, 0.5253372812648587, -0.5675479524569522, 0.13848562339407217, -0.03487713739837443, -0.598406950246795, 0.6323301522556488, -0.21368021521456848, -0.6672196628526265, 0.4691651330374559, 0.3345977053472146, -0.21999737587765195, 0.001091450998435911], [-0.4524287413350916, 0.016220436890736697, -0.5525778213478139, -0.5536552092642053, -0.3584729963682826, 0.10344799605734017, -0.22805003051021844, 0.4176659401207936, 0.038069526548651825, 0.6072464093111004, 0.18546383028696073, 0.7828962430522189, 0.056924023514775435], [-0.5932611980464472, -0.6029928996465593, -0.0010899932835712611, 0.04737419998866879, 0.5854347858299122, -0.2283870585624939, 0.034850736455972156, -0.6472945961821174, 0.33734265611394076, 0.15659303422309412, 0.5744171425075623, -0.17038935707378755, -0.028210023398416776]], "inverted": false, "swapped": false, "error_lsq": 0.048159197716880014, "error_max": 0.2759429891422728, "target": "362.xyz", "model": "20.xyz", "model_rescale": 4.121658175737393, "target_rescale": 3.95321201246878},
{"mapping": [7, 9, 0, 5, 1, 3, 8, 11, 2, 10, 6, 4, 12], "R": [[0.775388096575486, -0.11433612978825139, 0.6210479442958399], [-0.41817433949071586, -0.8299036623802689, 0.36931034775554294], [0.4731844476317328, -0.546065161489781, -0.6913098566681883]], "T": [0.06740432072370943, 0.016312164289200605, -0.009524609518128377], "aligned_model": [[-0.09496724411667, 0.6281257673162638, -0.626689573154821, 0.14276178158406175, -0.2465231823866626, -0.5813440686637932, 0.6499246112660099, -0.07539078059376443, -0.3986795006024282, 0.37720589441158403, 0.3896004741038329, -0.264560085926051, 0.01125491224790702], [-0.22108492438924976, 0.1827796501115341, -0.6944568589111307, -0.6575069452714795, -0.2805777263762137, -0.12040505565384985, -0.29182174763968244, 0.4392357721903845, 0.36885147480748354, 0.7296259131815672, 0.1883123122441445, 0.4788769069518945, -0.05907916428843562], [-0.629279526332401, -0.4344280228673105, 0.0047859683207609055, -0.07427482704885892, 0.5342407641542011, -0.21706889873405527, 0.1298551095675689, -0.7680192924662401, 0.47492718400361766, 0.05276120145537595, 0.5282765153622856, -0.07998802903482284, -0.05740071745436477]], "inverted": true, "swapped": false, "error_lsq": 0.05736413472975838, "error_max": 0.35245687476485094, "target": "362.xyz", "model": "21.xyz", "model_rescale": 4.08911054899281, "target_rescale": 3.95321201246878},
{"mapping": [11, 9, 1, 8, 6, 2, 5, 15, 4, 12, 7, 14, 16], "R": [[0.2690382463286202, 0.9210500663761637, -0.28157627251046113], [0.9221705725405774, -0.16199120819313978, 0.35122682643600966], [0.2778846112194856, -0.3541548018827243, -0.8929470976215803]], "T": [-0.014154079236496971, 0.052268911152361874, 0.028579556991257672], "aligned_model": [[0.028190955258674714, 0.5719419181110196, -0.5547277554604988, 0.06285634015127295, 0.18002452822355938, -0.6946847272588941, 0.5884386066899729, -0.28715890857781073, -0.5929022704461763, 0.38189596045155794, 0.24211749777189961, 0.0211586101238081, -0.03643174955291595], [-0.4480163629840045, 0.27710664961284437, -0.5063143837752201, -0.6355466751046629, -0.4380105544929489, 0.14632017089401417, -0.2474622038233465, 0.10523754413067715, 0.3066117148631843, 0.6597219647291996, 0.17887599456008133, 0.5993979156611393, 0.06482783268600913], [-0.5491873274823603, -0.308298885209656, -0.13192958439188404, -0.01314732484405897, 0.5553478575967429, -0.1934254587549576, -0.18301526225418005, -0.645341584516339, 0.3229474479708983, 0.16683533371451312, 0.6798028007856219, -0.30492524408728816, 0.0687246603987048]], "inverted": false, "swapped": false, "error_lsq": 0.04272800598119442, "error_max": 0.26409941866219344, "target": "362.xyz", "model": "22.xyz", "model_rescale": 4.204369325754507, "target_rescale": 3.95321201246878},
{"mapping": [2, 5, 3, 10, 14, 1, 11, 6, 12, 9, 13, 8, 15], "R": [[0.5650896339471382, 0.8250004954513743, -0.006920123588257665], [-0.7292076883721972, 0.4955171382058535, -0.4719310468311636], [-0.38591430761811135, 0.27172954982715525, 0.8816083024372932]], "T": [-0.11424903515065353, 0.16246021320753948, 0.08370159557016066], "aligned_model": [[0.05522138157085242, 0.4243111282373324, -0.5863740489450057, 0.12615494716408426, -0.00010429554787054485, -0.6233343349444641, 0.5317354943249235, -0.21376895248161248, -0.5190098088738742, 0.5865779693815183, 0.22954365133347288, 0.0021225939744431294, -0.10235671970833093], [-0.27841167412299206, 0.25118740652620963, -0.5463140867379137, -0.5692465927029131, -0.4329894645283592, -0.02188367161764368, -0.1439235585600462, 0.2802471563283414, 0.046394954140066974, 0.4748861439211697, 0.1520144364851842, 0.7157771370077488, 0.13501142081811376], [-0.6458441808077862, -0.5434690975717981, 0.09656852840129432, -0.0735088125396868, 0.5655206713459264, -0.29361645812041537, 0.17340206365980695, -0.64739721969144, 0.43418217121162633, 0.09923847082615805, 0.6607867884495665, -0.4188620136446345, 0.05738651740713897]], "inverted": false, "swapped": false, "error_lsq": 0.042302363904608016, "error_max": 0.254367356519655, "target": "362.xyz", "model": "23.xyz", "model_rescale": 4.410303926677745, "target_rescale": 3.95321201246878},
{"mapping": [13, 7, 15, 14, 9, 5, 11, 12, 4, 1, 10, 0, 16], "R": [[-0.9006029245640228, -0.28937362775128117, 0.32431046210196884], [0.195292812142667, 0.39718310661056955, 0.8967197429233876], [-0.38829768192990616, 0.8709239251422826, -0.30119167787742995]], "T": [-0.028913052441653358, -0.007904216731911069, -0.006116209737861644], "aligned_model": [[0.12474679010901692, 0.44237148937064924, -0.45913537402783383, 0.11043489899840626, 0.017871879553590726, -0.6347003877298201, 0.5429441716791925, -0.3263376792105833, -0.49530363023373886, 0.5857336270871752, 0.13374916934128978, -0.11424244865634849, -0.01741350079552698], [-0.2935595808981265, 0.22653027199712733, -0.5653758851087438, -0.6599633719254498, -0.4408828497153055, 0.06432968307494558, -0.2297914518049001, 0.22264771604672798, 0.3144658000048024, 0.5719684469408162, 0.09836064952700461, 0.647536571803463, 0.10648360701460494], [-0.6297958466825891, -0.4121485333592949, 0.1098505260138065, -0.12252495757230517, 0.4441733161745402, -0.15910641057140468, 0.1503026406070624, -0.7164402431670386, 0.3843217165027718, 0.1431905310330065, 0.6151991096284215, -0.3714955714318826, 0.02886115175066299]], "inverted": true, "swapped": false, "error_lsq": 0.03714737587310728, "error_max": 0.24333828419643863, "target": "362.xyz", "model": "24.xyz", "model_rescale": 4.28219845311461, "target_rescale": 3.95321201246878},
{"mapping": [6, 1, 14, 10, 11, 2, 5, 0, 13, 3, 9, 4, 15], "R": [[-0.5747814071368792, -0.8102719153161992, -0.11439299480111194], [0.6522343421301555, -0.3692111994018116, -0.6620222452322269], [0.4941828578125632, -0.4551291173788971, 0.7407029023556705]], "T": [-0.03146034386229724, 0.05035544632801003, 0.06879958697796873], "aligned_model": [[-0.16923896640165498, 0.4785301462759488, -0.5183042298149284, 0.04090098530006047, 0.060760128629653236, -0.6298567106599332, 0.768364799170016, -0.15182878929276147, -0.5222684495868264, 0.4795681285101784, 0.26128395483770084, -0.1416628916346364, -0.04552909984734761], [-0.4234199189203145, 0.21517532829238872, -0.5352667856830111, -0.7263329941118963, -0.38563039346764105, 0.057864861700769175, -0.22226341701673552, 0.2578683586855146, 0.22466273925187386, 0.6324183327549417, 0.1834349088910338, 0.7104310680875516, 0.07380751849249151], [-0.685356291747375, -0.28137394903592106, 0.05559894382696462, -0.07688405437122586, 0.3816714508450104, -0.26383447813272887, 0.17481551425354408, -0.7109465259237667, 0.35452817834687284, 0.07870117921492964, 0.6633282373401297, -0.22582584479761925, -3.493089305793562e-05]], "inverted": false, "swapped": false, "error_lsq": 0.040226798151412495, "error_max": 0.30782501709673304, "target": "362.xyz", "model": "25.xyz", "model_rescale": 4.100010024507729, "target_rescale": 3.95321201246878},
{"mapping": [7, 1, 6, 9, 2, 4, 3, 10, 11, 8, 5, 12], "R": [[0.6521372813993698, 0.34204646033526265, 0.6765509479567354], [-0.5168878675762884, -0.4522135062901578, 0.7268630387364592], [0.554566405907784, -0.8237154628273524, -0.11810562110942888]], "T": [-0.015726843542174847, 0.053854157791882934, -0.006850078323645058], "aligned_model": [[-0.6082214258154036, 0.13443543907653172, 0.36031099466480687, 0.5885103696333545, -0.6514185918799171, 0.2561103249591347, -0.22169041046996743, 0.6689008414601536, -0.03767110257964679, -0.021308124918479995, -0.5627252509501327, -0.028467460817426665], [-0.39323914579677444, -0.646278391127376, -0.11789782970772042, -0.4322892515617931, 0.6853254385328235, 0.5775071047206493, 0.27439179308526707, 0.34028297860406287, -0.3503469733820581, 0.537374974995052, 0.15272042301893696, 0.038580268669570095], [-0.28497030152200425, 0.16411632130947157, 0.6215774133578, -0.2643904821777901, 0.09854495492487086, 0.3110525153459366, 0.5618883312626087, -0.1897437820400433, -0.5211838007608968, -0.5276483428953924, -0.35722475209186355, -0.04682578485834072]], "inverted": false, "swapped": true, "error_lsq": 0.051082537993061526, "error_max": 0.29392431615141784, "target": "362.xyz", "model": "26.xyz", "model_rescale": 3.6694154284099745, "target_rescale": 3.95321201246878},
{"mapping": [7, 3, 4, 8, 10, 0, 9, 1, 2, 12, 11, 6, 13], "R": [[-0.8933283296621084, -0.31745406098226836, -0.3180996928464001], [-0.3514034963151669, 0.9346600988046434, 0.05409327573711096], [0.28014296029096347, 0.16010439990319084, -0.9465128118155903]], "T": [-0.027786340625337108, -0.0909995672356905, -0.0960932244362766], "aligned_model": [[0.2923173402192716, 0.5935665411247617, -0.6196628657698003, 0.040209405085981725, -0.007424367227456291, -0.6732320908172431, 0.6138102699276561, -0.37730292294581935, -0.3927056523680845, 0.37105277879854315, 0.21122623545338795, -0.08087206465196108, -0.060263601343768736], [-0.22632700406263906, 0.2650794429204507, -0.54128310319379, -0.7264000103043258, -0.39423780700353506, 0.0004964792217670988, -0.23011871004075382, 0.3461004742414624, 0.30097863128832203, 0.5310159923807962, 0.22055205391102636, 0.575815223994311, -0.0589220563961251], [-0.6208299613530137, -0.47020491257313907, 0.253846036460401, -0.09587426463872115, 0.4230625131555176, -0.20546232507719833, 0.0879263095878268, -0.7790488350870934, 0.3226150678178324, 0.1933144702949144, 0.6667855634994324, -0.2501398794010966, -0.06160235375990585]], "inverted": true, "swapped": false, "error_lsq": 0.0413354463853208, "error_max": 0.25030634615262093, "target": "362.xyz", "model": "27.xyz", "model_rescale": 4.103607728864725, "target_rescale": 3.95321201246878},
{"mapping": [7, 8, 9, 5, 0, 10, 1, 11, 3, 4, 2, 13, 14], "R": [[0.6092296397589292, 0.7084738983171393, -0.35623585086641885], [0.7740628221206585, -0.6288744985583838, 0.07310001691890139], [-0.1722381881285554, -0.320283625036088, -0.9315322893404904]], "T": [-0.1960875578590336, 0.0639548760323512, -0.10093480931526597], "aligned_model": [[0.3039684567366921, 0.4911286900702238, -0.634290396820566, -0.009417572101557303, -0.01032579234193609, -0.7057682871974731, 0.5557838155033972, -0.24948450603769023, -0.3844220806529782, 0.5357892746694646, 0.15804332288878042, -0.052933074627572935, -0.08735284460331508], [-0.26563020489408284, 0.2508693742449444, -0.6207270657907541, -0.6321778827698414, -0.364982998778249, 0.06443396390715794, -0.2814615108561286, 0.23415600104674084, 0.07621618114243828, 0.5744250732718041, 0.33878106757428106, 0.6703077338294818, 0.018539875029174292], [-0.50267963163503, -0.5072312229674023, -0.004431770397381851, -0.2262101417699073, 0.4386915493872937, -0.10015961798602299, 0.24292241347039725, -0.7644418374832648, 0.6256397708124614, 0.058394305641430055, 0.4824883561276373, -0.27902337920588915, 0.000428634931435537]], "inverted": false, "swapped": false, "error_lsq": 0.04858599605137411, "error_max": 0.29880268478795213, "target": "362.xyz", "model": "28.xyz", "model_rescale": 4.137296879288765, "target_rescale": 3.95321201246878},
