[{"mapping": [11, 9, 15, 4, 12, 10, 3, 8, 6, 5, 1, 16], "R": [[0.49054633080036847, 0.7706953315818414, -0.40668538603723053], [0.7978565941230067, -0.584892986271056, -0.1460309892637951], [-0.3504128316039978, -0.25284165101676215, -0.9018214606885259]], "T": [0.029038540201599836, -0.09921498883812652, -0.00829230554548277], "aligned_model": [[-0.27314347124209787, 0.08214473874112327, 0.38795082300323763, -0.20848312347866832, -0.06820477780776661, -0.4526997872529811, 0.3863665439083916, -0.31387309610082004, 0.6323556759201947, 0.30083637947407016, -0.6200123690169894, -0.01559507368714496], [-0.27359356315915456, -0.7922768476072849, -0.1023975386681659, 0.7485063082481772, 0.3235511952836825, -0.6158928924551118, -0.2731103008803034, -0.5447444840049225, 0.06970357632250127, 0.47311470501324693, 0.1403265082708524, -0.09963163038646033], [-0.5361895409206, 0.08506978642936422, -0.6346695454355662, -0.034177925421385896, -0.6928036237534513, 0.03075709778956734, 0.5511319141029248, 0.6060527977720473, 0.04199845809491998, 0.3780506769839621, 0.3508988546707628, 0.035832795041017176]], "inverted": false, "swapped": true, "error_lsq": 0.04020385156416691, "error_max": 0.23328683410435486, "target": "363.xyz", "model": "0.xyz", "model_rescale": 3.751011558992144, "target_rescale": 4.230760363863669},
{"mapping": [12, 11, 4, 2, 10, 0, 14, 15, 1, 3, 8, 7, 6, 5, 16], "R": [[0.24933409231378906, 0.9363721340134958, 0.24706221292028993], [0.7243164949557028, -0.010975316579886096, -0.6893802706497021], [-0.6428048891733353, 0.3508372401399017, -0.6809663026801495]], "T": [0.05410968268755504, -0.02938937808540311, 0.016553165233718727], "aligned_model": [[0.19349944332189875, 0.18526774193667098, -0.4345508904311876, 0.13690716149828916, -0.12658595257453886, -0.533496448471711, 0.5374470081594752, 0.6647667873423985, -0.7170873040361111, 0.0807330601962156, -0.3653954651195423, 0.6858272767852066, 0.4101611937071638, -0.1753593985450702, -0.0030480026801232643], [-0.05451376078392857, -0.5340416777312881, 0.39272051364858623, 0.5831550068266175, -0.6709874649408254, 0.40349291758588096, -0.5450988041683605, -0.038629884729029576, -0.13925989628142427, 0.2829726351427028, -0.32193662127056893, 0.0725012214025272, 0.4833676286766877, 0.6763295469665254, -0.04131401051699609], [-0.781370712159053, -0.3419450443785617, -0.5824060046160038, -0.41069445892692646, 0.25373181196713207, 0.229136302951589, 0.0008411084525523985, -0.3684002288195809, -0.012587494879876752, 0.6269624605222756, 0.673771826573698, 0.4177097331739139, 0.0897773574940906, 0.01556138464172916, 0.03957836285499834]], "inverted": false, "swapped": true, "error_lsq": 0.03889435406779449, "error_max": 0.255486270408089, "target": "363.xyz", "model": "1.xyz", "model_rescale": 3.9405287249114394, "target_rescale": 4.230760363863669},
{"mapping": [14, 15, 7, 13, 2, 9, 11, 12, 0, 8, 1, 10, 16], "R": [[0.846968003419784, -0.44463477381853, 0.2914534595685042], [0.13649247823171795, 0.7116966810679957, 0.6890991492832973], [-0.5138239042408099, -0.5438637256410329, 0.6634736191911376]], "T": [-0.023341483914741102, -0.09892959833188644, -0.10331475835063089], "aligned_model": [[-0.2888512993875644, 0.23752152559277878, -0.425527255217039, 0.4163025066402444, 0.6053808398246786, -0.6866075849898055, 0.07079027271028566, 0.6648633511815142, 0.04451069004557416, -0.6803725884284854, 0.059681139347874446, -0.4803028167047715, -0.04140550133135301], [0.5247701403360373, 0.5546119614973662, 0.2887021602101919, -0.1481985749578024, -0.13076055931800834, 0.12235287559742392, 0.31922205013315763, 0.2772874837301046, -0.8421090140577355, -0.5538174612689377, -0.7192622578992364, -0.08277303354376589, -0.15119317688677836], [0.09748669818444497, -0.2645925369447375, -0.6116095843026993, 0.38401265806738805, -0.5135605479572767, -0.04869210262787931, 0.3621804162964736, 0.10059224546261206, -0.24802162153901378, 0.1309756324028556, 0.3614003551037015, 0.4365722982404765, -0.07362356079770166]], "inverted": false, "swapped": true, "error_lsq": 0.04452422550992551, "error_max": 0.2509683494675757, "target": "363.xyz", "model": "2.xyz", "model_rescale": 3.932901565614263, "target_rescale": 4.230760363863669},
{"mapping": [6, 15, 7, 2, 3, 8, 9, 0, 4, 1, 11, 12, 10, 16], "R": [[0.18160171347569565, -0.4114280003467885, -0.8931672957477421], [-0.9041505028027415, 0.28730343455517837, -0.31617812190970496], [0.38669456415139997, 0.8649761482396154, -0.3198180373780026]], "T": [0.06514579668621766, -0.09885937371028752, 0.015539315187751868], "aligned_model": [[-0.14613987732848904, 0.548082297864792, 0.20345424196178302, -0.20062227813638578, -0.36665339022623256, -0.17825790346813497, 0.33658657212112697, -0.6635185324784617, -0.3182301023804243, -0.27450182561610376, 0.6425162066886694, 0.4391709082793312, 0.36385074298927966, 0.03407285178195371], [0.07338349166632513, 0.2635760744919352, -0.3921635850974365, 0.5569339066169996, -0.5081943176364655, -0.8318071131196253, -0.7277374079614493, -0.11939663092663164, 0.6074725646681822, -0.14769122267287818, 0.005262133148416934, 0.6108705494679053, -0.6002707005193891, -0.12674110377540065], [-0.5508041919685981, -0.380174576073944, -0.666530196303643, -0.23726314171929458, -0.32632718679110007, 0.32706311426467816, -0.1351385268776603, 0.23114579512885644, 0.37586710541332513, 0.7154824874263664, 0.25260358453713927, 0.1301338444307834, 0.4154327566533806, 0.0624054949368079]], "inverted": true, "swapped": true, "error_lsq": 0.040888318405044685, "error_max": 0.26510643599418476, "target": "363.xyz", "model": "3.xyz", "model_rescale": 3.9243930471874484, "target_rescale": 4.230760363863669},
{"mapping": [9, 14, 7, 3, 6, 10, 8, 15, 2, 13, 0, 1, 16], "R": [[0.5493495031270181, 0.5598816421073167, -0.6202803158615571], [0.834313776498895, -0.32646876658261803, 0.4442281697395791], [0.0462130474893242, -0.7615449371358456, -0.6464624219276097]], "T": [0.003677284272595213, 0.035809796935675625, -0.0935158039436948], "aligned_model": [[-0.06425392581888684, -0.17752627880168254, 0.5146482106047386, 0.4353219412495, 0.6241361238458736, -0.5508003917269969, -0.27450880379381226, 0.20402897146783233, 0.434118927263188, -0.4694606541411665, 0.11635564734638275, -0.48584310803576547, -0.02901077314785195], [-0.5711275283605677, -0.09893600154696439, -0.3082645409402307, -0.4515744936671101, 0.12497487179110425, -0.3860222106547272, -0.6840582603062209, 0.40739084479658805, 0.6288962237070759, 0.4792196869089995, -0.04337410627078789, 0.021133606476387637, 0.00957146174804083], [-0.43831128314774237, -0.7634612417174877, -0.530433379026936, 0.12332003877947259, -0.13971782377569, -0.2166620272554347, 0.21938563087963187, -0.6791465138029291, 0.07254159786263181, 0.019313456396690798, 0.6540757514470665, 0.5129657671860901, -0.04679965845439994]], "inverted": false, "swapped": true, "error_lsq": 0.04557059554650781, "error_max": 0.24920119920846673, "target": "363.xyz", "model": "4.xyz", "model_rescale": 3.8936222436046832, "target_rescale": 4.230760363863669},
{"mapping": [7, 9, 3, 6, 8, 10, 11, 13, 2, 15, 0, 16], "R": [[-0.9984005264081895, -0.028215371105251276, 0.048992669872574605], [-0.00027131930069339283, 0.8689465135347173, 0.49490593348806866], [-0.05653596425008774, 0.49410105186009523, -0.8675643119083797]], "T": [-0.035475802328604956, 0.012731480547652326, 0.04231619176653343], "aligned_model": [[-0.03218104322709546, -0.5820579092565925, -0.15746627373547167, 0.40239303998874515, -0.760614423634452, -0.7104469923679538, -0.1682130768356595, 0.045140727742276794, 0.7055000971396229, 0.34868932393268887, 0.010130585157485293, -0.07332601268849676], [-0.5298851075831029, -0.35244615106778865, 0.11694874337291228, -0.13820936466406666, 0.32369074433835904, -0.035721463239325055, -0.29856802604803423, 0.23676996918085882, 0.13652971252412568, -0.5743132469621864, 0.721352021930567, 0.06277507332748816], [-0.48297590583811667, -0.2021521832346081, -0.6248685100422667, -0.38258608757494633, -0.22411042758447428, 0.24875972637307983, 0.5769850420737176, 0.6559203084181556, 0.026976944642700527, 0.21252854645668484, -0.22904449712231403, 0.04385176270790635]], "inverted": true, "swapped": true, "error_lsq": 0.04510391586429487, "error_max": 0.21692989551180933, "target": "363.xyz", "model": "5.xyz", "model_rescale": 3.6523030999806103, "target_rescale": 4.230760363863669},
{"mapping": [8, 9, 11, 1, 13, 3, 15, 0, 6, 2, 12, 4, 16], "R": [[-0.24341316298221674, -0.9375761690392742, 0.24839677803190507], [0.26744401124981254, 0.18129158518201552, 0.9463651842649341], [-0.9323216896187727, 0.29678997353655784, 0.20662037332888133]], "T": [-0.011716546442116157, -0.03148164456608313, 0.12770071849077813], "aligned_model": [[0.23043622766888633, -0.2729385335133002, 0.1658939408170076, 0.7118194972253399, 0.5285906850779954, -0.34894581495013743, -0.4127866279637251, 0.28514075787313986, -0.5220059683131957, -0.1449793121088619, 0.1470645000989892, 0.47921315681211873, 0.034580395940037624], [-0.5887066111473546, -0.10885976532125498, 0.53253996667275, -0.3215863169274136, 0.30461309521803204, -0.622348869100188, 0.5497119444027373, -0.6672469987828695, -0.15538550617731803, 0.0468783234526933, 0.6462805863545837, -0.004864036840262154, -0.07019890764095262], [0.6972331565083653, 0.7739570055168926, 0.35293722354760143, 0.12708935906207203, -0.04055712750179033, 0.21731479520568564, -0.02241058645130306, -0.16476772933883022, -0.21770737032512238, -0.6076273232936503, -0.28723324214145174, -0.6030506297728775, 0.14493220846619728]], "inverted": false, "swapped": true, "error_lsq": 0.042834000386897296, "error_max": 0.2489821364156504, "target": "363.xyz", "model": "6.xyz", "model_rescale": 4.08911054899281, "target_rescale": 4.230760363863669},
{"mapping": [4, 0, 1, 2, 15, 14, 13, 10, 6, 5, 7, 3, 9, 8, 16], "R": [[-0.7817571749622042, -0.6235226955392383, -0.008669921717972595], [-0.5091355619248641, 0.6301903595564602, 0.5862090841206336], [-0.36005096719571006, 0.4626873230050523, -0.8101134131415502]], "T": [-0.010381025005038909, 0.018690485244531353, -0.09405755182403014], "aligned_model": [[-0.03588316503491926, 0.2704991927279003, 0.6442178240551137, -0.5377915698212969, -0.5936434072534846, -0.1069716367601794, 0.20491886272354465, 0.5545014782092804, -0.5509842995670424, -0.2220321429773881, -0.44388231645442466, -0.027223691977167883, 0.16359534333618073, 0.6694901393438771, 0.04752292924956056], [-0.6969240604076851, -0.6444149962209695, -0.3688490594412041, -0.4723774155159152, 0.33973488897329224, 0.7123618032956173, -0.1075447196023685, 0.4445403398982588, -0.153768906726962, -0.6712982630921185, 0.3831499748872445, -0.11764585612775738, 0.5673044628765677, 0.08981686044022397, -0.0033262370671107502], [-0.606857187619879, 0.14937018172389407, -0.2642895972387433, -0.30688849974965904, -0.3731849175729561, -0.19053763944574337, -0.703083752149483, -0.08345627929066496, 0.17623870502909617, 0.07861432045635902, 0.4055636203446234, 0.5782571556627549, 0.30672470255776657, 0.38156947220191845, -0.08397025282720351]], "inverted": false, "swapped": true, "error_lsq": 0.04469481835161759, "error_max": 0.31331021273443593, "target": "363.xyz", "model": "7.xyz", "model_rescale": 3.964800864290218, "target_rescale": 4.230760363863669},
{"mapping": [10, 13, 11, 8, 14, 0, 9, 12, 2, 6, 3, 7, 15, 16], "R": [[-0.7086367867711243, -0.05113114630205365, -0.7037183458689521], [0.33573023199735524, -0.9016620606548118, -0.2725632765042286], [-0.6205796610892901, -0.42940788797314444, 0.6561171770261356]], "T": [0.0011794229180132794, -0.10605909144380446, 0.07101684342760706], "aligned_model": [[-0.3059559709406892, 0.3513140907300959, 0.3681805060374392, -0.7765614469557073, 0.19393212285991449, -0.41589018029744895, -0.3770075958366712, 0.787547624053191, 0.44276040591516047, 0.09005444469153685, -0.5392101560202225, -0.11209053458006012, 0.5971464541203961, -0.04303187431606208], [0.10945663894550944, -0.47779994439563744, 0.10083277662037926, -0.09661993330338273, 0.5160745799142369, -0.7097713373214102, 0.4616987669100202, -0.25608802765291117, -0.45568142120359156, -0.012011865508795433, -0.010228720252097284, 0.51103973382236, 0.27019088602840635, -0.1401436664218842], [-0.5287944168198339, -0.34421409704324046, -0.40110952340352624, -0.226531251789079, -0.2039634153204144, 0.26962225114524857, -0.09176239893677374, -0.05491815819062851, 0.5683869675044233, 0.6860863993428991, 0.48293186165924723, 0.49141470443738455, 0.2273365612932729, 0.04232955484604208]], "inverted": true, "swapped": true, "error_lsq": 0.04049774560899427, "error_max": 0.24981927632294662, "target": "363.xyz", "model": "8.xyz", "model_rescale": 4.121658175737393, "target_rescale": 4.230760363863669},
{"mapping": [0, 3, 6, 2, 8, 1, 9, 11, 15, 10, 4, 12, 16], "R": [[-0.43393536179031145, -0.7264698873478621, -0.5328617124214279], [-0.85763374299482, 0.5142539613464578, -0.0026881436292499616], [0.2759791018620923, 0.45583370434431547, -0.8461980674281482]], "T": [0.01693259465517253, -0.06400103126696191, -0.05871416149755111], "aligned_model": [[-0.6323826474328862, -0.21381098516320693, 0.284916360593481, 0.2210541765849961, -0.6054953575576815, -0.674660301966437, 0.07871846847241398, 0.3071108585947087, 0.7283041818954089, -0.20194936638277106, -0.2266813343210063, 0.4554525883204653, -0.04383914520228801], [0.20751666835090934, -0.32364775528014256, 0.10767660163016174, 0.6101267668765039, -0.6169156931588471, 0.0946409257051401, -0.7613393351177024, -0.15145343784353205, 0.049538153240841765, -0.5907217632723138, 0.7696621089936004, 0.46838501815742206, -0.07308081887033167], [-0.34599014885104, -0.6505074686533344, -0.6007157301036872, -0.3204252042456266, -0.07804414635283487, 0.26408220775522473, -0.10082454502717433, 0.49675500781798226, -0.011428640772572898, 0.35986520461302746, 0.08749126161381933, 0.36673685051591914, -0.04591921435061358]], "inverted": true, "swapped": true, "error_lsq": 0.03999890226372385, "error_max": 0.22511444123280275, "target": "363.xyz", "model": "9.xyz", "model_rescale": 3.833441315466971, "target_rescale": 4.230760363863669},
{"mapping": [2, 4, 3, 8, 0, 5, 1, 10, 14, 9, 15, 11, 13, 6, 16], "R": [[-0.2017179396220877, -0.009234332908617526, -0.9794001224884308], [0.9772263124253509, -0.06914505986904423, -0.2006182818171297], [-0.06586810410335758, -0.9975638765469806, 0.02297183210782583]], "T": [-0.026309406286296008, 0.021870762326750386, 0.1352188746542477], "aligned_model": [[0.01342660814488135, 0.07846900601578195, -0.6678683009191125, -0.5191502462060025, -0.6008540893761041, -0.46802046937268876, -0.17711426563814475, 0.07066390171446275, 0.4044986987357106, -0.13978368907587413, 0.4677442824760004, 0.5646258488153966, 0.4012726937188696, -0.24859879560017029, -0.05546616513847425], [-0.7279703858459986, -0.581350035871964, 0.06874864941610934, 0.6628849013039101, -0.15907304869024752, -0.5466209743977806, 0.1996376861437063, 0.7109401049159563, 0.38799418374143324, 0.5970612573235444, -0.24785203599516703, 0.2473701702932179, -0.04125033683389908, -0.4206578194929532, 0.051239223285110956], [0.10754433762695505, -0.4979194644971963, 0.37413933784673525, -0.06406385787423477, -0.3284807933545332, -0.04479425283914604, -0.6086375068904069, 0.007420804384494162, 0.5596903907921522, 0.520122720091694, 0.5872555620009552, 0.11670164959875781, -0.36115956552769907, 0.5222719594969555, 0.08803058696660994]], "inverted": true, "swapped": true, "error_lsq": 0.04227942176110262, "error_max": 0.3169112835730308, "target": "363.xyz", "model": "10.xyz", "model_rescale": 4.2482417240324, "target_rescale": 4.230760363863669},
{"mapping": [10, 1, 0, 4, 7, 6, 3, 2, 13, 15, 11, 16], "R": [[-0.8440262922590607, 0.46027055946576445, 0.27526465458626315], [-0.4513718332899991, -0.8868410078227101, 0.09887615969699096], [0.2896257690328121, -0.040792633318673915, 0.9562702938913664]], "T": [-0.11917036013232808, 0.07599158342070486, -0.02872876990059303], "aligned_model": [[-0.7067804569967288, 0.029837273238810594, 0.289536648032539, 0.6715270862395701, -0.4265399773536295, 0.15362787540794925, -0.190364231282047, 0.5714517079326256, 0.09127106796472219, -0.10396464385531035, -0.3786516638764113, -0.12418508308908278], [-0.3162837100217608, -0.6772878787906309, -0.27814619475801894, -0.26309213836798306, 0.7309382579021065, 0.6071010910121346, 0.274733457995494, 0.35036078229232726, -0.3527802176258933, 0.5993349771566079, -0.029676074834857888, 0.020929038091113947], [-0.06597385472047426, 0.10555554854319885, 0.5055040007781969, -0.2172434417072665, 0.18793727947741873, 0.1676331980240784, 0.624196523922347, -0.13994603541187273, -0.4815769003475109, -0.5257771382181169, -0.5960920973594107, 0.0009752068737688586]], "inverted": true, "swapped": true, "error_lsq": 0.03500973039360144, "error_max": 0.17008346297729546, "target": "363.xyz", "model": "11.xyz", "model_rescale": 3.6694154284099745, "target_rescale": 4.230760363863669},
{"mapping": [3, 8, 10, 1, 0, 7, 6, 15, 13, 12, 11, 2, 9, 16], "R": [[-0.4806651355681681, 0.7909786816708514, 0.3785680290139102], [0.523531379131701, 0.6051767101901037, -0.5997299763292998], [-0.7034741804172303, -0.090077048051795, -0.7049895055251397]], "T": [0.05154832611290677, 0.03887262677961929, -0.009248599933328848], "aligned_model": [[0.02487806239351026, -0.0455431083904764, -0.29371923682154016, 0.5441393814966026, 0.668862149663709, -0.4686145880907158, 0.08992836264917708, -0.2638447078350242, 0.340879881256602, 0.19872221383832944, -0.236089158010232, 0.5112712690920749, -0.5500484195941022, 0.07744274860789513], [-0.39473153267687006, 0.31236586953896067, 0.5749755348684106, 0.5569260160304913, -0.03917116600989405, -0.5020512444358342, -0.5804493663480333, -0.17973762868508686, 0.5288533478642407, 0.20884942100270298, 0.46540043090472166, -0.3666296402467712, 0.07330374128501589, 0.07308350504419964], [-0.5404307431269098, -0.7898121955848716, -0.3157395623606929, -0.3201187323260083, -0.44593206353561954, -0.09414449615083798, 0.09085859480818684, 0.6022359807098775, 0.32152084461236025, 0.7693340805101966, 0.35917514573816656, 0.42529634074669603, -0.36809026770680847, -0.05505746668131984]], "inverted": true, "swapped": true, "error_lsq": 0.040556490720026386, "error_max": 0.2763636296105918, "target": "363.xyz", "model": "12.xyz", "model_rescale": 3.9764082729961374, "target_rescale": 4.230760363863669},
{"mapping": [14, 6, 7, 8, 11, 12, 13, 9, 3, 15, 5, 0, 2, 4, 1, 16], "R": [[0.5229845386530143, -0.48428288420378507, 0.7013966498331436], [-0.8476879769466399, -0.38140507821784, 0.3687211141903275], [0.08895091944441608, -0.7874009489306621, -0.6099897372522642]], "T": [-0.10192111117784869, 0.07849538828775411, -0.030072179923690524], "aligned_model": [[-0.10759510132593336, -0.27825460222404874, -0.6012913682366618, -0.6565170716052895, 0.28125784710263607, 0.6646231701773466, 0.4911931354926324, -0.6025153517888038, -0.7374250632116883, 0.18621381600935105, -0.13672880447764912, -0.2660596857279268, 0.24507307346960933, 0.5185123072155515, 0.05317859758159926, -0.11482458464133108], [0.2908090087620322, -0.5227875651368358, -0.2469331156729639, 0.6366813032317648, 0.39453933836858657, -0.09400953348341694, 0.323773373361832, 0.38997884574989017, -0.10642889556930975, -0.26663966715246373, -0.4218546402200936, 0.019021281049678304, -0.5586283960654806, -0.14875470188037382, 0.5369282669578486, 0.11976921504254831], [-0.70439315948043, -0.07926078298996603, -0.4938620462780513, 0.24261194572555275, -0.4221020944550591, -0.2285543473230977, 0.11572384785500647, -0.4098812775192783, 0.15107989845765246, -0.5949054821135734, 0.5168597331205936, 0.7097798300326784, 0.1655675337538616, 0.5522831870359909, 0.5810324569996157, 0.015417700031201957]], "inverted": false, "swapped": true, "error_lsq": 0.041611007044917346, "error_max": 0.29921076364543636, "target": "363.xyz", "model": "13.xyz", "model_rescale": 4.170626492500431, "target_rescale": 4.230760363863669},
{"mapping": [13, 1, 11, 10, 15, 7, 9, 4, 2, 0, 5, 3, 6, 16], "R": [[-0.9524589590057326, 0.2837899991535054, -0.11083847612706407], [-0.28191798184569744, -0.9588864236001058, -0.03254348087478852], [-0.11551702438067452, 0.0002510295841703751, 0.993305468656235]], "T": [-0.0796528036177535, 0.051595296692935604, 0.007654647816881854], "aligned_model": [[0.21702638199929436, -0.12378560688286448, -0.10868769607371548, -0.6618241975981015, 0.21718789839907604, -0.3332023202534153, -0.7331390477315839, 0.6525914670770564, 0.6343282655785527, 0.02040310758694429, 0.3564641243463085, -0.36764479289488544, 0.17854859603935613, -0.10508315750037896], [-0.3775393905973693, -0.7239430595967311, 0.04552415720042531, -0.20311476044683063, 0.5949286196941355, 0.7390971710662764, 0.2989884352013388, -0.43283852413923174, 0.1804758094788212, -0.4196226181846885, -0.051699312240262314, 0.2122788142549279, 0.4967203685318433, -0.0031812422969887955], [-0.39362725093684436, 0.07290841990452158, -0.6244192898078382, -0.3033951600088723, -0.3636283975329595, 0.19049124236255016, -0.05254379397990188, 0.07736981715656643, 0.20317299628812524, 0.595704075207946, 0.5991176584569929, 0.6094185222798326, 0.368556180718401, 0.024748081012346608]], "inverted": true, "swapped": true, "error_lsq": 0.03771363985662612, "error_max": 0.2416135899306466, "target": "363.xyz", "model": "14.xyz", "model_rescale": 3.9786697098870705, "target_rescale": 4.230760363863669},
{"mapping": [0, 6, 8, 1, 3, 9, 12, 14, 10, 13, 7, 16], "R": [[0.8984733445606923, 0.4260359427110805, -0.10601426617302218], [0.43835943200342387, -0.883879074914117, 0.1630913526297458], [-0.024221013347070802, -0.19300558657004083, -0.9808986624851699]], "T": [-0.07296536680806254, -0.06722197881550368, 0.01089906624192893], "aligned_model": [[0.042023151703624695, -0.6281504742694058, 0.6216652158588445, 0.4558979989007963, -0.0962663694365847, 0.24927849527620527, -0.422044378543961, 0.0039001867076656482, 0.5807025958393285, 0.07889491998572701, -0.3804608655954925, -0.022085879659411334], [-0.40918903043619376, 0.11554017857876406, 0.17314993138833448, -0.5870166840269273, 0.3128201586458549, 0.5524508376203523, -0.5282030227255501, 0.3602233757183018, 0.11478168608211356, -0.6238684011414688, 0.6212166636747771, -0.08723120315391895], [-0.6582016839742967, -0.22023227973450704, -0.38052720491804404, -0.22948085392081619, -0.559980409954986, 0.07442844953240907, 0.5786873849050453, 0.568752278694494, 0.21126270739932007, 0.3275779179010655, -0.03239248847374959, -0.01992732358210485]], "inverted": true, "swapped": true, "error_lsq": 0.050620325021239414, "error_max": 0.2536372882682572, "target": "363.xyz", "model": "15.xyz", "model_rescale": 3.769337070930944, "target_rescale": 4.230760363863669},
{"mapping": [9, 8, 15, 11, 7, 3, 6, 0, 2, 13, 16], "R": [[0.522180062314016, 0.29689742010355347, -0.7994872759822914], [0.6655611583412532, 0.44428733647409807, 0.5996975130482041], [0.5332507168576334, -0.8452577622149386, 0.034394598212722]], "T": [-0.08891647721212997, 0.0532991469861746, 0.04678662399056853], "aligned_model": [[-0.25198202112603496, -0.24256949229750174, -0.0892827938696219, -0.6408341506911468, 0.26406929392611284, 0.39698931058517944, 0.48388288328807944, 0.2547083568065908, 0.36211723511086813, -0.5096756019063887, -0.1047968891349653], [-0.13412145735557612, -0.7187760224066408, 0.7604618785607904, 0.3607701271850296, 0.24811478820919058, -0.3226176486959297, 0.29615010484384513, -0.49274490844060387, 0.4434888438020858, 0.16019730421508444, -0.004858512291933292], [-0.6090751252203721, -0.22486666810735478, -0.09846260631946331, 0.011490386568574373, -0.5918238333830146, -0.25892642352577766, -0.042535902246168156, 0.4488034155581103, 0.5038721402590435, 0.5414954517358623, 0.06424677190433684]], "inverted": false, "swapped": true, "error_lsq": 0.04333716035414474, "error_max": 0.22657661076027555, "target": "363.xyz", "model": "16.xyz", "model_rescale": 3.7852294659196426, "target_rescale": 4.230760363863669},
{"mapping": [15, 9, 3, 7, 11, 10, 1, 8, 6, 2, 13, 0, 16], "R": [[0.6821884814766226, 0.039152627520466665, -0.730127350192323], [0.2455447913993648, -0.9528416241287365, 0.17832721257383574], [-0.6887137512473974, -0.30093173824964886, -0.6596313044093516]], "T": [-0.0006895657950031116, 0.0998530305213994, -0.065439896601793], "aligned_model": [[-0.021677257586247656, -0.36256446350079435, 0.35564780635219506, 0.1466042083407992, -0.526343129049118, -0.627968934675002, -0.13267798939524517, -0.25583606214574584, 0.5252331509007907, 0.581277487195171, -0.24631624306828626, 0.43080575915713354, -0.01241848230936711], [-0.14510399180148298, -0.44113490417004453, -0.2752027548518289, -0.6367412456253834, 0.1836106657110847, 0.054579884875169515, 0.7174308931936314, 0.007604555378824887, -0.1917423911204603, 0.3368857488574486, 0.6748176728686357, 0.4601261617698107, 0.1299253286174687], [-0.7442124476301955, 0.19580730730766238, 0.3853762237642123, -0.14359884622830743, -0.40759532374678076, 0.25863365027670254, 0.391552598681118, 0.7218944107792711, -0.24828303963967455, -0.4774306950521114, -0.2710742243385288, 0.44629704086558514, -0.011611957895779804]], "inverted": false, "swapped": true, "error_lsq": 0.040191161649503655, "error_max": 0.21850184202233083, "target": "363.xyz", "model": "17.xyz", "model_rescale": 3.901054581598922, "target_rescale": 4.230760363863669},
{"mapping": [12, 11, 4, 2, 10, 0, 14, 15, 1, 3, 8, 7, 6, 5, 16], "R": [[0.24933409231378906, 0.9363721340134958, 0.24706221292028993], [0.7243164949557028, -0.010975316579886096, -0.6893802706497021], [-0.6428048891733353, 0.3508372401399017, -0.6809663026801495]], "T": [0.05410968268755504, -0.02938937808540311, 0.016553165233718727], "aligned_model": [[0.19349944332189875, 0.18526774193667098, -0.4345508904311876, 0.13690716149828916, -0.12658595257453886, -0.533496448471711, 0.5374470081594752, 0.6647667873423985, -0.7170873040361111, 0.0807330601962156, -0.3653954651195423, 0.6858272767852066, 0.4101611937071638, -0.1753593985450702, -0.0030480026801232643], [-0.05451376078392857, -0.5340416777312881, 0.39272051364858623, 0.5831550068266175, -0.6709874649408254, 0.40349291758588096, -0.5450988041683605, -0.038629884729029576, -0.13925989628142427, 0.2829726351427028, -0.32193662127056893, 0.0725012214025272, 0.4833676286766877, 0.6763295469665254, -0.04131401051699609], [-0.781370712159053, -0.3419450443785617, -0.5824060046160038, -0.41069445892692646, 0.25373181196713207, 0.229136302951589, 0.0008411084525523985, -0.3684002288195809, -0.012587494879876752, 0.6269624605222756, 0.673771826573698, 0.4177097331739139, 0.0897773574940906, 0.01556138464172916, 0.03957836285499834]], "inverted": false, "swapped": true, "error_lsq": 0.03889435406779449, "error_max": 0.255486270408089, "target": "363.xyz", "model": "18.xyz", "model_rescale": 3.9405287249114394, "target_rescale": 4.230760363863669},
{"mapping": [10, 13, 12, 4, 8, 15, 11, 9, 14, 7, 2, 6, 1, 3, 5, 16], "R": [[-0.9632305340535434, -0.22580664760353775, -0.14559634667455473], [0.1584493380665536, -0.9150544656901278, 0.37090313032761774], [-0.21698097965765673, 0.3341955755521106, 0.9171873155185897]], "T": [0.054760442686291586, 0.019572417134337577, -0.04584595694643136], "aligned_model": [[-0.5665664980419142, 0.1146442168890087, 0.6177272478761213, 0.45037766358216635, -0.743822151971191, 0.5930274508104774, 0.04763968912414532, -0.38951188882843557, -0.006295707319528235, 0.16700238185217342, 0.7325443614277041, 0.48657109587453223, -0.3679882956465456, -0.1365640000331778, 0.3632962884998591, 0.005083243875990774], [-0.03532587570478753, -0.6070316998237277, -0.42152782547451206, -0.6843688213757653, 0.1207776709409854, 0.20148933785542428, -0.19344910113098637, 0.4967299800254429, 0.2922144067672403, 0.7623034653570251, -0.1287594293257866, 0.39452599094839813, -0.5741398980196422, 0.4920824128933582, -0.055254089427649505, -0.007914395527381123], [-0.3797497429301803, -0.2381568913208958, -0.42695251201202805, 0.30582398891612667, 0.16752733908065948, -0.4912126193068037, -0.6416382646877521, -0.3043304714692336, -0.6952738152254982, -0.12412585255444793, 0.2426210275714511, 0.2149290151892363, 0.23065845937395313, 0.4135096796124895, 0.6249020358278836, -0.01908761939008239]], "inverted": true, "swapped": true, "error_lsq": 0.042659040168080316, "error_max": 0.3218316040379275, "target": "363.xyz", "model": "19.xyz", "model_rescale": 4.410303926677745, "target_rescale": 4.230760363863669},
{"mapping": [10, 13, 11, 8, 14, 0, 9, 12, 2, 6, 3, 7, 15, 16], "R": [[-0.7086367867711243, -0.05113114630205365, -0.7037183458689521], [0.33573023199735524, -0.9016620606548118, -0.2725632765042286], [-0.6205796610892901, -0.42940788797314444, 0.6561171770261356]], "T": [0.0011794229180132794, -0.10605909144380446, 0.07101684342760706], "aligned_model": [[-0.3059559709406892, 0.3513140907300959, 0.3681805060374392, -0.7765614469557073, 0.19393212285991449, -0.41589018029744895, -0.3770075958366712, 0.787547624053191, 0.44276040591516047, 0.09005444469153685, -0.5392101560202225, -0.11209053458006012, 0.5971464541203961, -0.04303187431606208], [0.10945663894550944, -0.47779994439563744, 0.10083277662037926, -0.09661993330338273, 0.5160745799142369, -0.7097713373214102, 0.4616987669100202, -0.25608802765291117, -0.45568142120359156, -0.012011865508795433, -0.010228720252097284, 0.51103973382236, 0.27019088602840635, -0.1401436664218842], [-0.5287944168198339, -0.34421409704324046, -0.40110952340352624, -0.226531251789079, -0.2039634153204144, 0.26962225114524857, -0.09176239893677374, -0.05491815819062851, 0.5683869675044233, 0.6860863993428991, 0.48293186165924723, 0.49141470443738455, 0.2273365612932729, 0.04232955484604208]], "inverted": true, "swapped": true, "error_lsq": 0.04049774560899427, "error_max": 0.24981927632294662, "target": "363.xyz", "model": "20.xyz", "model_rescale": 4.121658175737393, "target_rescale": 4.230760363863669},
{"mapping": [8, 9, 11, 1, 13, 3, 15, 0, 6, 2, 12, 4, 16], "R": [[-0.24341316298221674, -0.9375761690392742, 0.24839677803190507], [0.26744401124981254, 0.18129158518201552, 0.9463651842649341], [-0.9323216896187727, 0.29678997353655784, 0.20662037332888133]], "T": [-0.011716546442116157, -0.03148164456608313, 0.12770071849077813], "aligned_model": [[0.23043622766888633, -0.2729385335133002, 0.1658939408170076, 0.7118194972253399, 0.5285906850779954, -0.34894581495013743, -0.4127866279637251, 0.28514075787313986, -0.5220059683131957, -0.1449793121088619, 0.1470645000989892, 0.47921315681211873, 0.034580395940037624], [-0.5887066111473546, -0.10885976532125498, 0.53253996667275, -0.3215863169274136, 0.30461309521803204, -0.622348869100188, 0.5497119444027373, -0.6672469987828695, -0.15538550617731803, 0.0468783234526933, 0.6462805863545837, -0.004864036840262154, -0.07019890764095262], [0.6972331565083653, 0.7739570055168926, 0.35293722354760143, 0.12708935906207203, -0.04055712750179033, 0.21731479520568564, -0.02241058645130306, -0.16476772933883022, -0.21770737032512238, -0.6076273232936503, -0.28723324214145174, -0.6030506297728775, 0.14493220846619728]], "inverted": false, "swapped": true, "error_lsq": 0.042834000386897296, "error_max": 0.2489821364156504, "target": "363.xyz", "model": "21.xyz", "model_rescale": 4.08911054899281, "target_rescale": 4.230760363863669},
{"mapping": [7, 6, 9, 13, 5, 10, 14, 3, 0, 4, 0, 1, 11, 8, 2, 15, 16], "R": [[-0.11906043640620856, -0.8573595595009811, -0.5007586227066361], [-0.44074831877983955, 0.4975685486204332, -0.7471053867537704], [0.8896996863973305, 0.13175782768412467, -0.4371205129806338]], "T": [0.10032140424780525, -0.016812452381618458, -0.010603813551086774], "aligned_model": [[-0.17403515221943114, -0.21753238121735738, 0.774060339675093, -0.18307331108662125, 0.6183720768030414, 0.4121359555228, 0.44402910778752847, -0.035945170633458784, -0.6508867609229286, -0.4675673630021663, -0.6508867609229286, -0.2344436634231126, 0.47037479824963935, 0.08172614354610354, -0.18977701303067027, 0.4059377589114421, 0.05818818509227619], [-0.3028267646069871, -0.6851436220758014, -0.04658738594530195, 0.2591168680469839, -0.49495859705903855, -0.5390944384341186, 0.49668282153926213, 0.7773121343355585, -0.20392459446439817, 0.38370490035249005, -0.20392459446439817, -0.07895033844606159, -0.20217645491033848, -0.5592840068072066, 0.5098106556498574, 0.4213521075151542, -0.009936531032512914], [-0.6011294109091718, -0.09929737155864657, -0.24024900026986346, -0.5400189733987881, 0.016392833339867307, -0.5408194506961699, -0.18383834860525305, -0.33475869109557077, -0.038076291511539684, -0.06874488387085637, -0.038076291511539684, 0.7063826673875482, 0.633285697477555, 0.42083661916077103, 0.38910212805229344, 0.48549847439642024, -0.03165527387105174]], "inverted": true, "swapped": false, "error_lsq": 0.045153794301702445, "error_max": 0.3267477807680006, "target": "363.xyz", "model": "22.xyz", "model_rescale": 4.204369325754507, "target_rescale": 4.230760363863669},
{"mapping": [10, 13, 12, 4, 8, 15, 11, 9, 14, 7, 2, 6, 1, 3, 5, 16], "R": [[-0.9632305340535434, -0.22580664760353775, -0.14559634667455473], [0.1584493380665536, -0.9150544656901278, 0.37090313032761774], [-0.21698097965765673, 0.3341955755521106, 0.9171873155185897]], "T": [0.054760442686291586, 0.019572417134337577, -0.04584595694643136], "aligned_model": [[-0.5665664980419142, 0.1146442168890087, 0.6177272478761213, 0.45037766358216635, -0.743822151971191, 0.5930274508104774, 0.04763968912414532, -0.38951188882843557, -0.006295707319528235, 0.16700238185217342, 0.7325443614277041, 0.48657109587453223, -0.3679882956465456, -0.1365640000331778, 0.3632962884998591, 0.005083243875990774], [-0.03532587570478753, -0.6070316998237277, -0.42152782547451206, -0.6843688213757653, 0.1207776709409854, 0.20148933785542428, -0.19344910113098637, 0.4967299800254429, 0.2922144067672403, 0.7623034653570251, -0.1287594293257866, 0.39452599094839813, -0.5741398980196422, 0.4920824128933582, -0.055254089427649505, -0.007914395527381123], [-0.3797497429301803, -0.2381568913208958, -0.42695251201202805, 0.30582398891612667, 0.16752733908065948, -0.4912126193068037, -0.6416382646877521, -0.3043304714692336, -0.6952738152254982, -0.12412585255444793, 0.2426210275714511, 0.2149290151892363, 0.23065845937395313, 0.4135096796124895, 0.6249020358278836, -0.01908761939008239]], "inverted": true, "swapped": true, "error_lsq": 0.042659040168080316, "error_max": 0.3218316040379275, "target": "363.xyz", "model": "23.xyz", "model_rescale": 4.410303926677745, "target_rescale": 4.230760363863669},
{"mapping": [12, 5, 13, 0, 6, 12, 7, 1, 2, 3, 4, 9, 14, 15, 10, 11, 16], "R": [[-0.3383480696930211, -0.9218298276405417, -0.1890776364544893], [-0.8079887291401862, 0.18159595249872196, 0.5605150520891556], [-0.48236376036911555, 0.3424217850959419, -0.8062707509108061]], "T": [0.06260648528007076, 0.004694198955079838, 0.1198444625663689], "aligned_model": [[0.20864273175711415, -0.1958891048281062, 0.6961533086592524, -0.1508124128051512, 0.45155270199224273, 0.20864273175711415, 0.41147193512048996, -0.0645276211361098, -0.6593015068694024, -0.6809921533118598, -0.6092430086466383, 0.07031407362264536, 0.5976141966342349, 0.10733013119149247, -0.30016516876322363, 0.3917413146854398, -0.021855359930285603], [-0.36932196710354326, -0.530659203313154, -0.17176047952205664, 0.0941285881352103, -0.6371678740580067, -0.36932196710354326, 0.3832334540800152, 0.8184235263938796, -0.11068155249656553, 0.40096288480433045, -0.14221389020364664, 0.0007220108303415199, -0.18305863763182198, -0.5612625299165405, 0.3766932943037601, 0.4496126631158138, 0.07284383887866885], [-0.576547063103927, -0.0855303119371822, -0.12848755884612495, -0.5990711618696521, -0.001118380870898092, -0.576547063103927, -0.30078818823406395, -0.12102240983848288, -0.4264441406701111, -0.19524786982779885, 0.15018657589598108, 0.7462187902904761, 0.48952758519950595, 0.5522874846815075, 0.5120145103238063, 0.42715425891512665, 0.06824937551176818]], "inverted": true, "swapped": false, "error_lsq": 0.03851457653434717, "error_max": 0.28821383058682315, "target": "363.xyz", "model": "24.xyz", "model_rescale": 4.28219845311461, "target_rescale": 4.230760363863669},
{"mapping": [3, 5, 9, 2, 6, 4, 8, 15, 0, 12, 1, 13, 11, 14, 10, 16], "R": [[0.1541004580789383, 0.8197154600411913, 0.5516517138460821], [-0.9560239105126342, 0.2647099946879777, -0.1262810407005804], [-0.24954224361416683, -0.5079322624934837, 0.8244595110557333]], "T": [-0.00889545110979744, 0.0716648571387594, -0.04636266755262655], "aligned_model": [[-0.18476815405383312, -0.4208943709139036, 0.24882173583784362, -0.021017872781517587, 0.17051950376868782, -0.47447668458369724, -0.4459331433665593, 0.6411112418157291, -0.7225624138703037, 0.27873662930114723, -0.6996124534327608, -0.1670539682053682, 0.3219059724137937, 0.5926812558055236, -0.04538546920088898, -0.06375104241288218], [0.36537185345863454, -0.3534405370718619, 0.7191520268714876, -0.6417293082783105, -0.18988294869083971, -0.649719857920999, 0.78016656681946, -0.2413882943361273, -0.010247834343429615, -0.5491495025219929, 0.1321165558839704, -0.22241685907961034, 0.09137281591759114, 0.3624227424802053, 0.6540565790956734, 0.09842737743038116], [-0.6410754822661424, -0.49384287710408736, -0.12518972639091783, -0.2820072940079549, -0.5890017999848747, 0.14999468902603716, -0.06934549313648267, -0.0205629480718931, -0.2950178805724111, 0.38791900515148203, 0.30989723194909746, 0.5208269911486996, 0.4926914678499533, 0.18468574486811612, 0.3536886902770595, -0.03173429815793473]], "inverted": false, "swapped": true, "error_lsq": 0.042910068725173896, "error_max": 0.26958964803906804, "target": "363.xyz", "model": "25.xyz", "model_rescale": 4.100010024507729, "target_rescale": 4.230760363863669},
{"mapping": [10, 1, 0, 4, 7, 6, 3, 2, 13, 15, 11, 16], "R": [[-0.8440262922590607, 0.46027055946576445, 0.27526465458626315], [-0.4513718332899991, -0.8868410078227101, 0.09887615969699096], [0.2896257690328121, -0.040792633318673915, 0.9562702938913664]], "T": [-0.11917036013232808, 0.07599158342070486, -0.02872876990059303], "aligned_model": [[-0.7067804569967288, 0.029837273238810594, 0.289536648032539, 0.6715270862395701, -0.4265399773536295, 0.15362787540794925, -0.190364231282047, 0.5714517079326256, 0.09127106796472219, -0.10396464385531035, -0.3786516638764113, -0.12418508308908278], [-0.3162837100217608, -0.6772878787906309, -0.27814619475801894, -0.26309213836798306, 0.7309382579021065, 0.6071010910121346, 0.274733457995494, 0.35036078229232726, -0.3527802176258933, 0.5993349771566079, -0.029676074834857888, 0.020929038091113947], [-0.06597385472047426, 0.10555554854319885, 0.5055040007781969, -0.2172434417072665, 0.18793727947741873, 0.1676331980240784, 0.624196523922347, -0.13994603541187273, -0.4815769003475109, -0.5257771382181169, -0.5960920973594107, 0.0009752068737688586]], "inverted": true, "swapped": true, "error_lsq": 0.03500973039360144, "error_max": 0.17008346297729546, "target": "363.xyz", "model": "26.xyz", "model_rescale": 3.6694154284099745, "target_rescale": 4.230760363863669},
