[{"mapping": [3, 5, 10, 9, 0, 2, 1, 4, 11, 7, 6, 12], "R": [[0.09627546245768337, 0.9372589854897369, -0.33507705001582677], [0.684445599559262, 0.1820799363949407, 0.7059611306625719], [0.7226792210742757, -0.29730874672831953, -0.6239729581851401]], "T": [0.012718289307589776, -0.010107424766321385, 0.058497349577639884], "aligned_model": [[-0.2675755711247689, 0.2144644665465777, 0.3980754006633139, 0.09542813656463703, -0.10165543676680228, -0.5278470357410974, 0.16729294422443436, -0.19586838075580382, 0.5891409963327663, -0.06275312763792096, -0.44768336516899304, -0.023376564675793944], [-0.2394838786261489, -0.7250924527433008, -0.19783155289627674, 0.716096155363607, 0.24369732344934908, -0.5219472369058822, -0.11038425045971313, -0.6593392609602992, 0.02910745170428093, 0.4185098606788185, 0.0919253593521598, 0.008297518020462809], [-0.5188553543100877, -0.014888263973988708, -0.6772563258608925, -0.23480838533593254, -0.7041168598434767, -0.035210030106632345, 0.6897156756133749, 0.547158120678017, -0.09948657153227794, 0.52481938183535, 0.6687388666808919, 0.03614149150921711]], "inverted": false, "swapped": true, "error_lsq": 0.058574582913411694, "error_max": 0.33935317851369995, "target": "364.xyz", "model": "0.xyz", "model_rescale": 3.751011558992144, "target_rescale": 4.172921568166941},
{"mapping": [13, 6, 8, 5, 4, 10, 1, 7, 0, 3, 9, 11, 14], "R": [[-0.7983696346126092, 0.22564267856523523, 0.5582932098265525], [-0.5881983530001442, -0.4907663127595694, -0.6427838857565539], [0.12895202230460273, -0.8415662825174751, 0.5245355736966473]], "T": [-0.07878944376675028, -0.08654681803030462, 0.05870551503571741], "aligned_model": [[-0.3762055470258881, 0.41432844219023984, -0.41420724313260515, -0.6716102547132317, -0.2561167487918803, -0.5315338188755419, 0.39698528187228016, 0.5740010816197223, 0.40965679731325255, 0.2313618917812072, -0.5011612346704958, 0.09945719683452921, -0.07651634636088503], [0.19988015049555874, 0.09148627222937389, -0.6574223177691237, -0.10401466962718728, -0.49616503603099016, 0.17899536501278307, -0.5307629160510718, 0.028383940693459647, -0.5223613928485826, -0.015275338333563648, 0.4179070024929953, 0.6135164419860859, -0.03288235909739823], [0.656204846854434, -0.47875584598667165, 0.013824385299563181, 0.2545227953379565, -0.5942431140954537, -0.5713449813222508, -0.19028448102465767, 0.07693939729039245, 0.4420988436817237, 0.7530630704439023, 0.09501026049003658, -0.2802200756420269, 0.06960374053298723]], "inverted": true, "swapped": false, "error_lsq": 0.04792219254626026, "error_max": 0.32943859478018417, "target": "364.xyz", "model": "1.xyz", "model_rescale": 3.9405287249114394, "target_rescale": 4.172921568166941},
{"mapping": [1, 11, 8, 4, 10, 3, 9, 5, 2, 0, 7, 6, 12], "R": [[-0.9435820468447991, 0.23237241216962995, 0.23591520284764947], [0.3301596237976053, 0.7149368082862371, 0.6163278210265316], [-0.025446879690911556, 0.6594455415119252, -0.7513215251102822]], "T": [-0.08292892811820902, -0.026548277401839, 0.05195795199693225], "aligned_model": [[-0.2988303821237632, 0.4719160518173248, -0.3541714844153867, -0.7121442662606946, -0.141772844845531, -0.48290705999620576, 0.21888926038971662, 0.604166762331025, 0.21348237528396768, 0.4605687263788321, -0.6444275566330612, 0.04205247835974295, -0.07838256224526349], [0.13749359877274664, 0.07630998013391847, -0.695664204846885, -0.2820788866767134, -0.32748384815780757, 0.07442958015948097, -0.631208460241607, -0.2182751526166895, -0.35024332173859646, 0.45354301224240706, 0.5329620501507664, 0.48551679797127106, -0.08401600199995318], [0.796070280464668, -0.38299206367639493, -0.22982409392241104, 0.22656576354229097, -0.7338297388142296, -0.343795310618305, -0.38812493958604216, 0.19058189604408649, 0.5730447825816806, 0.47273418877821566, 0.02793012034158847, -0.08042293789034648, 0.11848089461513411]], "inverted": false, "swapped": false, "error_lsq": 0.05782652763698766, "error_max": 0.3424487570529844, "target": "364.xyz", "model": "2.xyz", "model_rescale": 3.932901565614263, "target_rescale": 4.172921568166941},
{"mapping": [8, 6, 0, 3, 2, 1, 4, 5, 7, 9, 11, 10, 13], "R": [[-0.16520728215780045, -0.8979808385413972, 0.4078442932474631], [0.7522345886215582, 0.15271440514696322, 0.6409535350881251], [-0.6378476915403772, 0.41268477567399897, 0.6502627148495546]], "T": [-0.10554928136840647, -0.04223499523518087, 0.06631791776587011], "aligned_model": [[-0.3396615619848074, 0.33515116956156243, -0.3941303293056051, -0.5432788232753143, 0.011856080087121523, -0.5392550592882857, 0.3146689782584047, 0.613040853889536, 0.18238415011716913, 0.35175630051826345, -0.6032957394623417, -0.07512903102527747, -0.01566749004972219], [0.1273424352334926, 0.10324347643613416, -0.5919151528209647, -0.20504402743244549, -0.41729306701694263, -0.0014533639806173504, -0.7550157376441082, -0.05848845474501624, -0.4803549580868074, 0.17046540984520175, 0.6688121575207489, 0.5859125873613011, 0.025073838482362415], [0.7410190817430332, -0.43499175450473254, -0.18571984184753187, 0.2726466488194434, -0.6683570287724907, -0.5328521563059936, -0.2140151556752914, 0.0791135505599621, 0.5509701482682925, 0.6005679358686127, 0.2769576774981112, -0.27668450664026983, 0.03776424284879015]], "inverted": false, "swapped": false, "error_lsq": 0.040408394789076256, "error_max": 0.22893587137446628, "target": "364.xyz", "model": "3.xyz", "model_rescale": 3.9243930471874484, "target_rescale": 4.172921568166941},
{"mapping": [7, 6, 3, 4, 6, 10, 5, 5, 0, 1, 8, 9, 12], "R": [[-0.8870830286101802, -0.31905038544621045, -0.3336023859303396], [-0.38235901816562967, 0.9127574159686869, 0.14378971041622432], [0.2586218892112699, 0.2551092925410411, -0.9316834050684832]], "T": [-0.15235062171878788, 0.05207033415583823, -0.011987228022358569], "aligned_model": [[-0.3869440411018429, 0.11118155122234774, -0.33769630705295883, -0.6665067892688374, 0.11118155122234774, -0.6329996127574947, 0.5471637317038193, 0.5471637317038193, 0.24182049672729888, 0.29134277878404946, -0.5433906940772066, 0.06642207094828151, -0.05029897001292036], [0.08723554873376353, -0.35527897274206455, -0.5862805174111034, -0.10786663071001729, -0.35527897274206455, 0.1359988812140384, -0.23739614047396596, -0.23739614047396596, -0.5719961159084221, 0.15244264742400537, 0.5277617710153619, 0.7225990013986883, -0.003259216171915144], [0.7539423341294303, -0.5469020350070151, -0.11738427540245014, 0.23787447788677024, -0.5469020350070151, -0.5209668601502907, -0.034613080404709, -0.034613080404709, 0.4104965570484357, 0.5386686219074417, 0.11893903987172005, -0.026725176509244636, 0.014604353901570645]], "inverted": false, "swapped": false, "error_lsq": 0.057469914110568975, "error_max": 0.4151101283188539, "target": "364.xyz", "model": "4.xyz", "model_rescale": 3.8936222436046832, "target_rescale": 4.172921568166941},
{"mapping": [10, 5, 3, 0, 2, 4, 1, 7, 9, 11, 8, 12], "R": [[0.4120961922671089, 0.550664523149538, 0.7259099884031368], [0.28276220167529004, -0.8346607669436112, 0.4726382775747701], [0.8661537193955198, 0.010487472030707545, -0.49966763684244403]], "T": [-0.0544212801564509, -0.0321554618909332, 0.06948265288965683], "aligned_model": [[0.13264738052077502, -0.6077245281022443, -0.16318110366170427, 0.3800930585299221, -0.6514858782007188, -0.8563504668445344, -0.29710004649437316, 0.15682300295397383, 0.714748469553413, 0.21120455653060746, 0.049979765739446035, -0.042106168309465036], [-0.5705385647623374, -0.49628302927089063, 0.046826588540059305, 0.04737550397531744, 0.25479703133041165, -0.008226206555606339, -0.11150612278179335, 0.2710962116709392, 0.1185629479196197, -0.5688647762004276, 0.6814852383434936, 0.004198082901021596], [-0.5631490513513471, -0.11954558719296943, -0.5986846068355383, -0.611656647685695, -0.2828581896756591, 0.314710497037175, 0.6754495082720677, 0.5893665103637766, -0.007346181771842486, 0.08156114028809991, 0.09780274245352147, 0.043634585373929106]], "inverted": false, "swapped": true, "error_lsq": 0.05229086927116374, "error_max": 0.2936612597722405, "target": "364.xyz", "model": "5.xyz", "model_rescale": 3.6523030999806103, "target_rescale": 4.172921568166941},
{"mapping": [1, 11, 8, 6, 9, 10, 7, 7, 5, 0, 2, 4, 12], "R": [[0.6026986456279864, -0.7841934340849471, -0.1476312991755082], [0.7544140227067294, 0.49967839470036135, 0.4256535964996892], [-0.260026584990153, -0.36791596840545987, 0.8927620149237037]], "T": [-0.12942465421732544, -0.0686083741266116, 0.024281471328102332], "aligned_model": [[-0.32457241455096764, 0.40995414659647855, -0.40805632592271057, -0.7771131197393554, -0.10114044739938424, -0.5699259925833371, 0.5332408328067858, 0.5332408328067858, 0.12027545359222455, 0.42655036661993606, -0.42897174548631656, -0.07673867943467741, -0.03830340926475813], [0.12423891229096813, 0.12744230957399438, -0.6773317819953455, -0.11228441170844743, -0.5067115559955474, 0.1077630867286546, -0.20623445292598924, -0.20623445292598924, -0.5279854152466414, 0.07700414313931712, 0.6044096504320148, 0.4445939161173026, -0.07738480433195248], [0.6623270353371171, -0.6429543503977446, 0.0986004251812639, 0.05916008143483725, -0.5501125405327768, -0.5950122557195119, -0.06926837869095785, -0.06926837869095785, 0.4607744497807341, 0.8347458453256167, 0.2073932211985262, -0.22667509717832457, 0.07670878481211356]], "inverted": false, "swapped": false, "error_lsq": 0.06163438354811105, "error_max": 0.4029378665606394, "target": "364.xyz", "model": "6.xyz", "model_rescale": 4.08911054899281, "target_rescale": 4.172921568166941},
{"mapping": [9, 7, 10, 8, 5, 4, 12, 13, 11, 1, 3, 6, 14], "R": [[-0.978407273982676, -0.04392949367842057, -0.20196387251918785], [-0.192069617797325, 0.5541803255556437, 0.8099342125668175], [0.0763444047522715, 0.831236648826433, -0.5506515826825734]], "T": [-0.006720349920661589, -0.015110838634178746, 0.017701491974492178], "aligned_model": [[-0.33541444886757144, 0.4365102846820148, -0.29820549877669666, -0.6494436045421211, -0.1255502457045064, -0.5685370671732145, 0.3322445856881485, 0.6985328796142566, 0.09062827758361816, 0.33375593410361115, -0.5561546137229427, -0.021731698951296577, -0.03819528589259694], [0.1123010234335762, 0.1681950588101516, -0.6730487057607168, -0.1686561300902357, -0.31614466978304145, 0.06487620733421742, -0.6199326464725421, -0.197764104886304, -0.4397289674800204, 0.2642853172385846, 0.551825193175862, 0.4400313420392676, -0.014953774406460292], [0.7179041159553632, -0.5899452121631081, -0.020101543609180306, 0.1864605946192298, -0.6720515927994484, -0.40040559765096456, -0.14751131383076727, 0.08946630863016032, 0.41108902651981305, 0.6041823074799446, 0.07388833973536586, -0.18665902580126587, 0.18010243477479265]], "inverted": true, "swapped": false, "error_lsq": 0.044100903853521674, "error_max": 0.2431393923457749, "target": "364.xyz", "model": "7.xyz", "model_rescale": 3.964800864290218, "target_rescale": 4.172921568166941},
{"mapping": [12, 3, 8, 9, 5, 10, 1, 0, 7, 4, 11, 6, 13], "R": [[-0.06969097088530651, -0.042301620953786784, -0.9966713307012226], [-0.4946917683785731, 0.8690654678574858, -0.0022949675661399216], [0.8662697171640851, 0.49288516455897874, -0.08149227989279013]], "T": [0.05506065300748945, -0.04146365109088173, 0.04844698887015317], "aligned_model": [[-0.3664157720621737, 0.3623242090448585, -0.4246958624868227, -0.6253220192017623, -0.19703140062440164, -0.5553117385143035, 0.43096068767206724, 0.7441980572526966, 0.07523818739747534, 0.15236336282030782, -0.4626482501914067, 0.16930678239155164, -0.004526745457382825], [-0.11549238655224447, 0.19430208464203977, -0.6372161205816858, -0.1043523443963991, -0.4297895444499065, 0.05862081555956889, -0.6908115707105656, 0.0043008668807301975, -0.5776080694873305, 0.4593801064801231, 0.5747252620747367, 0.5207956302300667, -0.08556958653679425], [0.6709839811244753, -0.5647139367342038, -0.02882048386996744, 0.13200031555638897, -0.6477737519950926, -0.4924436250348154, 0.035549919545979664, -0.14169669229687185, 0.516416212954374, 0.5329891523390108, 0.24699682980197069, -0.03709917216439844, 0.024030092633085583]], "inverted": false, "swapped": false, "error_lsq": 0.05510332962602286, "error_max": 0.2829841293230431, "target": "364.xyz", "model": "8.xyz", "model_rescale": 4.121658175737393, "target_rescale": 4.172921568166941},
{"mapping": [3, 6, 5, 10, 9, 7, 4, 1, 0, 2, 11, 8, 12], "R": [[0.03419912633336085, 0.6429354079076682, 0.7651565075307373], [-0.9907001143123805, -0.07907680632341195, 0.11072552642966221], [0.13169549445395257, -0.7618273557442592, 0.6342518244201107]], "T": [-0.09978391220340266, -0.02752652847938291, -0.0023067578250425443], "aligned_model": [[-0.2822090313740082, 0.36559695066350656, -0.40279517718800645, -0.658019041486951, 0.02046705253731329, -0.5462608248955181, 0.3825045408312896, 0.5514397377447925, 0.13670770028719617, 0.3041964198946558, -0.5825127714641879, 0.026128381080606694, -0.016804438589985732], [0.23692915138333653, 0.187952713406045, -0.5629922913180156, -0.2760876431264677, -0.31957585115968007, 0.11674244193884759, -0.7486892633249121, -0.18754851627708855, -0.568820041645494, 0.31179876640528165, 0.3687021411235173, 0.6644053733248639, -0.05153183757789515], [0.7184347081348114, -0.46832327994384604, -0.058684913132286284, 0.44832806474700826, -0.7726551956347482, -0.4871322325276265, -0.19058866258023946, 0.15654045456142698, 0.5172096451384861, 0.4493620216896186, 0.11174482863915731, -0.19185800523011595, 0.014041407998289197]], "inverted": true, "swapped": false, "error_lsq": 0.0478534680638844, "error_max": 0.25626826023472277, "target": "364.xyz", "model": "9.xyz", "model_rescale": 3.833441315466971, "target_rescale": 4.172921568166941},
{"mapping": [10, 4, 9, 8, 3, 7, 5, 5, 13, 0, 11, 12, 14], "R": [[-0.5065866065723627, -0.7420784946826271, -0.4389641417827481], [0.7346108166873679, -0.1049726617164804, -0.670319094385708], [0.4513501501577425, -0.6620424820370092, 0.5983166335067577]], "T": [-0.012387643772223858, 0.07004172919807437, -0.009095138003012284], "aligned_model": [[-0.3674199232727315, 0.4332273287964242, -0.534795729427845, -0.6527961146796941, -0.14385643521989738, -0.5274427247718528, 0.5525946949972822, 0.5525946949972822, 0.2708016673572871, 0.3646207311595581, -0.6057397862713874, 0.013918601562638758, -0.05726750718636131], [0.23214554499838014, -0.06593211873654599, -0.5327704554386326, -0.21450253003611613, -0.4544961421806508, 0.09414928569764358, -0.30043714489402606, -0.30043714489402606, -0.4786434510801242, 0.11974530388015199, 0.4048446787471747, 0.6671621439852893, 0.00045717310382137333], [0.7143885017121675, -0.6562821194780221, -0.15612366798228064, 0.3321832195052859, -0.6887257936626845, -0.4310561149166386, 0.022138853048392745, 0.022138853048392745, 0.4953202943736435, 0.5558979607148272, 0.02521668224082906, 0.0668999211225596, -0.05557774786653702]], "inverted": false, "swapped": false, "error_lsq": 0.04627631682743802, "error_max": 0.35354748241350764, "target": "364.xyz", "model": "10.xyz", "model_rescale": 4.2482417240324, "target_rescale": 4.172921568166941},
{"mapping": [9, 7, 1, 6, 10, 5, 11, 2, 8, 3, 0, 12], "R": [[0.036683000994997994, -0.7480384746581225, -0.6626407758877739], [-0.9520280520587167, 0.17542512806155763, -0.2507361412678118], [0.30380412362456, 0.640050361202723, -0.705718491746516]], "T": [0.02038193027405479, 0.03372332338975398, 0.053697328368563356], "aligned_model": [[-0.6336239764512979, 0.11702916792440973, 0.42303074385852923, 0.5844652042434508, -0.5415451212793542, 0.2897353147858023, -0.3810755793190846, 0.5116727070464364, 0.16825628064930245, -0.09596887637231534, -0.5772941361745051, 0.012083873451632917], [-0.3606548799976312, -0.5917783083600132, -0.2306050805853307, -0.47595125587130743, 0.6731643375608221, 0.6778030900560419, 0.18506926495657056, 0.41144551998078516, -0.4170794390979719, 0.5095278172011185, 0.2587392992001426, 0.026451025007413045], [-0.138612108272721, 0.13289309883655634, 0.5013464863127725, -0.07598291283744821, 0.07436374083559544, 0.31808448191673216, 0.4716520352479453, -0.3693053333301338, -0.4902647114124117, -0.4202087002167505, -0.44753092509349945, 0.008757137867719748]], "inverted": false, "swapped": true, "error_lsq": 0.050063365378670704, "error_max": 0.29171205332561095, "target": "364.xyz", "model": "11.xyz", "model_rescale": 3.6694154284099745, "target_rescale": 4.172921568166941},
{"mapping": [7, 4, 2, 10, 3, 8, 1, 0, 12, 5, 9, 11, 13], "R": [[0.08043452389796935, -0.6848401084396701, -0.7242405078685172], [0.4539005121704892, -0.6217209183240162, 0.6383082521554219], [-0.8874145662635218, -0.3800751578184015, 0.26084144991285907]], "T": [-0.012909584503060241, 0.0021895641476742528, 0.0940698165889961], "aligned_model": [[-0.29706686683478833, 0.3951406002298343, -0.30963108041906984, -0.5329637500748541, -0.03370847163603181, -0.5546876906300743, 0.28709423886661717, 0.68662081652494, 0.024755110164637238, 0.39225781147072786, -0.7049876638169069, -0.14993336562345175, 0.09554980981912356], [0.354545899633943, 0.0853459966054206, -0.5289316084784588, -0.19712222944039054, -0.29590432026480196, -0.003543739244563429, -0.6938572176504731, -0.14331738695112078, -0.5277002995309329, 0.1439959243768399, 0.40924363651219847, 0.612992707977453, -0.04446222039277492], [0.6833617393319424, -0.5176970542291637, -0.1429538683919015, 0.3995976567551192, -0.7133683191051461, -0.4341739380023177, -0.28274589116955723, 0.1089966261944105, 0.5178228147055228, 0.7725247745007631, 0.08946751338273676, -0.29730296197666223, 0.0628897498641887]], "inverted": false, "swapped": false, "error_lsq": 0.052491871902599185, "error_max": 0.2721441144128537, "target": "364.xyz", "model": "12.xyz", "model_rescale": 3.9764082729961374, "target_rescale": 4.172921568166941},
{"mapping": [6, 2, 3, 14, 8, 11, 7, 0, 4, 5, 13, 12, 15], "R": [[0.05953060917670826, 0.26426599020514074, 0.962610821148374], [-0.5460826901134952, 0.8158527505831964, -0.190205112771034], [-0.8356134286435678, -0.5143420805132805, 0.19287929407744042]], "T": [-0.005595316163623569, 0.07404768142291675, -0.009257741600318843], "aligned_model": [[-0.3634846280048055, 0.5001389539261607, -0.39984918385073376, -0.7419922253981273, -0.14962253662591812, -0.6882427960316718, 0.33349404527673754, 0.6817612634439194, 0.2450397076056024, 0.4259668752887085, -0.48955271371193776, -0.026741696736385843, -0.02847556714084512], [0.05329702487999642, -0.1849251897724009, -0.6340439959990471, -0.1656577316574882, -0.2036374254476901, -0.006056278596162548, -0.598451645671991, -0.14641918417852184, -0.35896645625500057, 0.3191662806674121, 0.4146124632188745, 0.7053893529336811, -0.023022070969323294], [0.6653854651557521, -0.5691018394951938, -0.23644381400159034, 0.1884009202005041, -0.6431346837876132, -0.4069013918306162, -0.07087558753682344, 0.06848045457349328, 0.5060524205452354, 0.6663862867518864, 0.14656720167075593, -0.09966824624958062, 0.03127165586372535]], "inverted": true, "swapped": false, "error_lsq": 0.04595223568885336, "error_max": 0.26305455792529375, "target": "364.xyz", "model": "13.xyz", "model_rescale": 4.170626492500431, "target_rescale": 4.172921568166941},
{"mapping": [6, 10, 0, 2, 7, 1, 8, 12, 4, 5, 3, 11, 13], "R": [[-0.4402456518288274, -0.6381117758582693, -0.6316621941804157], [0.7701510779455683, 0.0932836867539227, -0.63100354271975], [0.4615745694739802, -0.7642718857164656, 0.45037473454703]], "T": [-0.11317108834783264, -0.07493732188546794, -0.016590774287724402], "aligned_model": [[-0.20505517264399514, 0.297348563699123, -0.48270609266226666, -0.5713873242685168, -0.032522399599742485, -0.5867510722818892, 0.3772613426653303, 0.6026049068430058, 0.13055090056336505, 0.4205202471798247, -0.6276735618105762, 0.05738705649846078, -0.08113789614142], [0.3610261055164709, 0.031488643415791315, -0.4877680554712405, -0.3441572658043191, -0.46965276287806507, 0.014456197944326163, -0.6028156851212368, -0.08486153224307073, -0.570841953683227, 0.3378827666644381, 0.3739146650718798, 0.6062985123351822, 0.006315507405409371], [0.6968393008080045, -0.38871364938111463, -0.23766332464449438, 0.3713404956188854, -0.7202421883657757, -0.6153772698976415, -0.1965261989349248, 0.13596202294495757, 0.42809036864023897, 0.5933050866824745, 0.07980789289726961, 0.06395305559036865, 0.03564324990168666]], "inverted": true, "swapped": false, "error_lsq": 0.04521455648026705, "error_max": 0.26789792200267676, "target": "364.xyz", "model": "14.xyz", "model_rescale": 3.9786697098870705, "target_rescale": 4.172921568166941},
{"mapping": [2, 0, 6, 4, 8, 7, 10, 11, 1, 5, 9, 12], "R": [[-0.5374993396679153, 0.32225009696488116, 0.7792620450546015], [-0.8422183397719041, -0.15913887637039298, -0.5151146340179305], [-0.04198485451222356, -0.9331825614710627, 0.3569419826216776]], "T": [0.023110550203689975, 0.01946077332179033, 0.024768277132394014], "aligned_model": [[0.04962492558278821, -0.779379636331731, 0.5857743665319197, 0.6514997537502912, 0.030337949643892262, 0.371591883225302, -0.6415293708567782, -0.13341595803531908, 0.6615310627120713, 0.1263261380720695, -0.43559612680368803, -0.003410390723481198], [-0.5301913828830985, 0.07585722526369407, 0.23821365032172306, -0.5044778451750018, 0.3662063602369946, 0.542356376346611, -0.3167723325729891, 0.05278199726547955, 0.08263726279810837, -0.67939558084055, 0.6576061812844567, 0.029852578179011106], [-0.485282143925092, -0.08435354729637978, -0.45516056162958984, -0.1607446824744621, -0.6082403464583971, -0.08480315527529998, 0.43741218694928863, 0.6019588966797839, 0.16903650379074123, 0.26609149857211073, 0.07575293683520423, -0.011701091894077965]], "inverted": true, "swapped": true, "error_lsq": 0.05130924741800597, "error_max": 0.2551044230870463, "target": "364.xyz", "model": "15.xyz", "model_rescale": 3.769337070930944, "target_rescale": 4.172921568166941},
{"mapping": [2, 3, 6, 8, 4, 5, 1, 11, 7, 9, 12], "R": [[-0.17189230557235563, -0.4470316541869219, 0.8778472164562149], [-0.8186413421169549, 0.5605073175983278, 0.12513153038174818], [-0.5479775435745254, -0.6971328761962328, -0.46230548846449726]], "T": [-0.0007084741486153793, -0.05469188519579219, 0.08599919133185994], "aligned_model": [[-0.23034235737477768, -0.4199725130095649, -0.05061482726505453, -0.5450500214858071, 0.383630723253284, 0.4077213161974166, 0.4945365064903022, 0.31823437842064906, 0.015290992794204808, -0.4039679587083851, -0.04684010862109666], [-0.10369186477427964, -0.5089986370519869, 0.6796969944040433, 0.41736017898883027, 0.19822287726334473, -0.46218037036739684, 0.37358483751582616, -0.4055321330786044, 0.524400458048188, -0.06482113837702821, -0.05197670494559444], [-0.6266291961318498, -0.2009457361433129, -0.14412558159564914, 0.043059891969450606, -0.6155114853788058, -0.38773997672223237, 0.025197885650867044, 0.4519861314002308, 0.3529467985150418, 0.7624014378557605, 0.08357743780427562]], "inverted": true, "swapped": true, "error_lsq": 0.04757530862621557, "error_max": 0.23398572601860634, "target": "364.xyz", "model": "16.xyz", "model_rescale": 3.7852294659196426, "target_rescale": 4.172921568166941},
{"mapping": [6, 0, 2, 7, 3, 1, 8, 9, 11, 10, 5, 4, 12], "R": [[0.5050365394063492, 0.34436623300131586, -0.7914227640350906], [-0.8586762335385235, 0.29316995494774467, -0.42038851491451673], [0.08725376679865746, 0.891887478936901, 0.44376063941614374]], "T": [-0.0656356980560216, -0.090043729896022, -0.043366538270931114], "aligned_model": [[-0.2803209295938116, 0.42731710594159406, -0.4234030692039232, -0.5976937185300777, -0.08880567863573788, -0.6432898565523437, 0.36167314539290824, 0.7592575848770453, 0.012998813454811409, 0.32155484170876797, -0.4948962730110949, -0.055039272710875, -0.0009131950965600988], [0.19604153970443178, 0.15985305053358723, -0.5759399305402166, -0.23051332019773108, -0.2755395980760515, 0.012782212944823623, -0.574361589109511, -0.20003154682281535, -0.5954522667419093, 0.35856607416362235, 0.3957170621077258, 0.5898421218138123, -0.08967866662742953], [0.7687040902948273, -0.4437367268471106, -0.14333859122437015, 0.39092548586273906, -0.8163799961425445, -0.4039170241919276, -0.12732649783303768, 0.19054698722818733, 0.48228629289810726, 0.502607641427485, 0.06609040441209141, -0.24193549230023642, 0.02189226827572454]], "inverted": false, "swapped": false, "error_lsq": 0.050872052727962976, "error_max": 0.27564063627318885, "target": "364.xyz", "model": "17.xyz", "model_rescale": 3.901054581598922, "target_rescale": 4.172921568166941},
{"mapping": [13, 6, 8, 5, 4, 10, 1, 7, 0, 3, 9, 11, 14], "R": [[-0.7983696346126092, 0.22564267856523523, 0.5582932098265525], [-0.5881983530001442, -0.4907663127595694, -0.6427838857565539], [0.12895202230460273, -0.8415662825174751, 0.5245355736966473]], "T": [-0.07878944376675028, -0.08654681803030462, 0.05870551503571741], "aligned_model": [[-0.3762055470258881, 0.41432844219023984, -0.41420724313260515, -0.6716102547132317, -0.2561167487918803, -0.5315338188755419, 0.39698528187228016, 0.5740010816197223, 0.40965679731325255, 0.2313618917812072, -0.5011612346704958, 0.09945719683452921, -0.07651634636088503], [0.19988015049555874, 0.09148627222937389, -0.6574223177691237, -0.10401466962718728, -0.49616503603099016, 0.17899536501278307, -0.5307629160510718, 0.028383940693459647, -0.5223613928485826, -0.015275338333563648, 0.4179070024929953, 0.6135164419860859, -0.03288235909739823], [0.656204846854434, -0.47875584598667165, 0.013824385299563181, 0.2545227953379565, -0.5942431140954537, -0.5713449813222508, -0.19028448102465767, 0.07693939729039245, 0.4420988436817237, 0.7530630704439023, 0.09501026049003658, -0.2802200756420269, 0.06960374053298723]], "inverted": true, "swapped": false, "error_lsq": 0.04792219254626026, "error_max": 0.32943859478018417, "target": "364.xyz", "model": "18.xyz", "model_rescale": 3.9405287249114394, "target_rescale": 4.172921568166941},
{"mapping": [7, 10, 12, 4, 3, 1, 14, 11, 13, 9, 8, 5, 15], "R": [[0.814200135374662, 0.41345229582050924, 0.4075970297200804], [0.33044451779924255, 0.2472338785719876, -0.9108687226723057], [-0.47737255913207677, 0.8763176412505923, 0.06467481287711713]], "T": [-0.15496036279569717, -0.06928449383521121, -0.0018317080282871726], "aligned_model": [[-0.2821473084413907, 0.4374872864896975, -0.3554604219802726, -0.7510626256362231, -0.11792248399683564, -0.5136777322239895, 0.3581239801591146, 0.5529745636803146, 0.2164632961314116, 0.22542441615554584, -0.46278545082414113, 0.12467843616625604, -0.13365645763878406], [0.0797218536001923, -0.06597567235737803, -0.5687147452081543, -0.2759954567607888, -0.488549748880479, -0.00303375333556391, -0.6253887295984083, 0.014315955424195698, -0.43429016985932056, 0.2928247939164301, 0.5831247937706063, 0.7136374565168482, -0.05039143407584102], [0.6743680688295745, -0.5184542699660755, -0.10434128070290768, 0.36775955087655127, -0.7422865927578515, -0.5517881719716914, -0.1668513979354162, 0.10329824326460246, 0.42260340766237836, 0.5578057912717045, 0.22593570000435315, 0.008068015751257304, -0.02969822246654366]], "inverted": false, "swapped": false, "error_lsq": 0.03932858973351519, "error_max": 0.2205769149257929, "target": "364.xyz", "model": "19.xyz", "model_rescale": 4.410303926677745, "target_rescale": 4.172921568166941},
{"mapping": [12, 3, 8, 9, 5, 10, 1, 0, 7, 4, 11, 6, 13], "R": [[-0.06969097088530651, -0.042301620953786784, -0.9966713307012226], [-0.4946917683785731, 0.8690654678574858, -0.0022949675661399216], [0.8662697171640851, 0.49288516455897874, -0.08149227989279013]], "T": [0.05506065300748945, -0.04146365109088173, 0.04844698887015317], "aligned_model": [[-0.3664157720621737, 0.3623242090448585, -0.4246958624868227, -0.6253220192017623, -0.19703140062440164, -0.5553117385143035, 0.43096068767206724, 0.7441980572526966, 0.07523818739747534, 0.15236336282030782, -0.4626482501914067, 0.16930678239155164, -0.004526745457382825], [-0.11549238655224447, 0.19430208464203977, -0.6372161205816858, -0.1043523443963991, -0.4297895444499065, 0.05862081555956889, -0.6908115707105656, 0.0043008668807301975, -0.5776080694873305, 0.4593801064801231, 0.5747252620747367, 0.5207956302300667, -0.08556958653679425], [0.6709839811244753, -0.5647139367342038, -0.02882048386996744, 0.13200031555638897, -0.6477737519950926, -0.4924436250348154, 0.035549919545979664, -0.14169669229687185, 0.516416212954374, 0.5329891523390108, 0.24699682980197069, -0.03709917216439844, 0.024030092633085583]], "inverted": false, "swapped": false, "error_lsq": 0.05510332962602286, "error_max": 0.2829841293230431, "target": "364.xyz", "model": "20.xyz", "model_rescale": 4.121658175737393, "target_rescale": 4.172921568166941},
{"mapping": [1, 11, 8, 6, 9, 10, 7, 7, 5, 0, 2, 4, 12], "R": [[0.6026986456279864, -0.7841934340849471, -0.1476312991755082], [0.7544140227067294, 0.49967839470036135, 0.4256535964996892], [-0.260026584990153, -0.36791596840545987, 0.8927620149237037]], "T": [-0.12942465421732544, -0.0686083741266116, 0.024281471328102332], "aligned_model": [[-0.32457241455096764, 0.40995414659647855, -0.40805632592271057, -0.7771131197393554, -0.10114044739938424, -0.5699259925833371, 0.5332408328067858, 0.5332408328067858, 0.12027545359222455, 0.42655036661993606, -0.42897174548631656, -0.07673867943467741, -0.03830340926475813], [0.12423891229096813, 0.12744230957399438, -0.6773317819953455, -0.11228441170844743, -0.5067115559955474, 0.1077630867286546, -0.20623445292598924, -0.20623445292598924, -0.5279854152466414, 0.07700414313931712, 0.6044096504320148, 0.4445939161173026, -0.07738480433195248], [0.6623270353371171, -0.6429543503977446, 0.0986004251812639, 0.05916008143483725, -0.5501125405327768, -0.5950122557195119, -0.06926837869095785, -0.06926837869095785, 0.4607744497807341, 0.8347458453256167, 0.2073932211985262, -0.22667509717832457, 0.07670878481211356]], "inverted": false, "swapped": false, "error_lsq": 0.06163438354811105, "error_max": 0.4029378665606394, "target": "364.xyz", "model": "21.xyz", "model_rescale": 4.08911054899281, "target_rescale": 4.172921568166941},
{"mapping": [11, 13, 6, 8, 7, 0, 12, 14, 9, 15, 1, 2, 16], "R": [[-0.8054889811157527, -0.044041839245921144, -0.5909719263187913], [0.3477085330778794, 0.7724120943909771, -0.5314869071420042], [0.47988152425982783, -0.6335928289006912, -0.6068557075942218]], "T": [-0.02831785475104238, -0.09314259396395166, 0.023759389546377574], "aligned_model": [[-0.3117736874823904, 0.3093902509376, -0.6414063376958761, -0.6567571330818622, -0.09365852472460946, -0.48322448724132855, 0.5364691889577647, 0.597504131256903, 0.34463623513298286, 0.2121346484237298, -0.5530328446211886, 0.06947951841260312, -0.03132146023362499], [0.04283867857084517, -0.13648834678434774, -0.43096987877583526, -0.14815148753784763, -0.5327504481462315, 0.10028868196397009, -0.5177534599853112, -0.03242462700279761, -0.5543630404398567, 0.3676063088180499, 0.4756264572596496, 0.6217626431244715, -0.08393633791241976], [0.7216525867254607, -0.542636538310506, -0.23228624362943262, 0.31150947753748015, -0.5314628356914909, -0.5726663773253414, -0.18999447299028382, 0.1521445766367838, 0.41838396829669255, 0.5350323696620308, 0.2003219196647924, -0.0007356131906873231, -0.022843975525563505]], "inverted": true, "swapped": false, "error_lsq": 0.037883252249215064, "error_max": 0.24790274004625554, "target": "364.xyz", "model": "22.xyz", "model_rescale": 4.204369325754507, "target_rescale": 4.172921568166941},
{"mapping": [7, 10, 12, 4, 3, 1, 14, 11, 13, 9, 8, 5, 15], "R": [[0.814200135374662, 0.41345229582050924, 0.4075970297200804], [0.33044451779924255, 0.2472338785719876, -0.9108687226723057], [-0.47737255913207677, 0.8763176412505923, 0.06467481287711713]], "T": [-0.15496036279569717, -0.06928449383521121, -0.0018317080282871726], "aligned_model": [[-0.2821473084413907, 0.4374872864896975, -0.3554604219802726, -0.7510626256362231, -0.11792248399683564, -0.5136777322239895, 0.3581239801591146, 0.5529745636803146, 0.2164632961314116, 0.22542441615554584, -0.46278545082414113, 0.12467843616625604, -0.13365645763878406], [0.0797218536001923, -0.06597567235737803, -0.5687147452081543, -0.2759954567607888, -0.488549748880479, -0.00303375333556391, -0.6253887295984083, 0.014315955424195698, -0.43429016985932056, 0.2928247939164301, 0.5831247937706063, 0.7136374565168482, -0.05039143407584102], [0.6743680688295745, -0.5184542699660755, -0.10434128070290768, 0.36775955087655127, -0.7422865927578515, -0.5517881719716914, -0.1668513979354162, 0.10329824326460246, 0.42260340766237836, 0.5578057912717045, 0.22593570000435315, 0.008068015751257304, -0.02969822246654366]], "inverted": false, "swapped": false, "error_lsq": 0.03932858973351519, "error_max": 0.2205769149257929, "target": "364.xyz", "model": "23.xyz", "model_rescale": 4.410303926677745, "target_rescale": 4.172921568166941},
{"mapping": [6, 1, 4, 5, 3, 0, 10, 11, 9, 14, 12, 7, 16], "R": [[0.9880483560185764, 0.035122728845704825, 0.15008944029284726], [0.02729744388644293, 0.918436297270731, -0.3946259208578377], [-0.15170792901577546, 0.39400655042024496, 0.9065007129063296]], "T": [-0.0221387217221006, -0.07502474456880759, 0.1235478471334116], "aligned_model": [[-0.3936425389501519, 0.36256683438779913, -0.3737771236453158, -0.6234615753952862, -0.2199285909508734, -0.4641339282451893, 0.3275042562485546, 0.6027702174298619, 0.3448898153211367, 0.2728057700592429, -0.6369803537772863, 0.13730811015704578, -0.0374813945988351], [0.2547008386660159, 0.03708945799420879, -0.6299463021697159, -0.1906840562108779, -0.43047012705231064, 0.21044628130178433, -0.5729493466217088, 0.025758434392443783, -0.45734612024473187, 0.09958148425429911, 0.4418836494313544, 0.48705833058049464, -0.10383738116891722], [0.699016389544932, -0.6352455307054895, -0.082114186781017, 0.2671994489648975, -0.6788166163965248, -0.4182384039704454, -0.10797931088889653, 0.13083174836805847, 0.4575244965051214, 0.7072176181843489, 0.09270446068531174, -0.19358023600762003, 0.007898964357258495]], "inverted": false, "swapped": false, "error_lsq": 0.04182523354528057, "error_max": 0.23701660366108362, "target": "364.xyz", "model": "24.xyz", "model_rescale": 4.28219845311461, "target_rescale": 4.172921568166941},
{"mapping": [10, 4, 9, 11, 7, 13, 3, 1, 5, 6, 14, 2, 15], "R": [[0.3180946321066842, 0.17252334355183607, 0.9322293177939688], [-0.01806142763457806, -0.9820218690492313, 0.18790112703455314], [0.9478869077356825, -0.07660773223865536, -0.30925986727109667]], "T": [-0.07267239001252063, -0.05661261722906929, -0.007386857431193938], "aligned_model": [[-0.29722317182843816, 0.41910962720980355, -0.3413101799500076, -0.48012828569930005, -0.14015468004760268, -0.42062295332027205, 0.4146167490276767, 0.49361903107362054, 0.0600672022769384, 0.22398997708271862, -0.5487272642004644, -0.07013294372462472, -0.014663609859345027], [0.14654296402592723, 0.05046906527075815, -0.6595882455512786, -0.210851138491303, -0.3603967827100632, 0.12408582211233649, -0.595054575620608, -0.29194164157057206, -0.6836205611936648, 0.5940481186883125, 0.4655643618232588, 0.6031803754317975, -0.011152619062562326], [0.7261045024488546, -0.5377947512595754, -0.15274095385028016, 0.31921265707781177, -0.7206240739902167, -0.45369945690649816, -0.27696967824285473, 0.17649265625476912, 0.5534356811300343, 0.541092113584033, 0.27695023864371937, -0.19027147251974494, -0.014768620510116924]], "inverted": true, "swapped": false, "error_lsq": 0.04952744266180534, "error_max": 0.3303547622558141, "target": "364.xyz", "model": "25.xyz", "model_rescale": 4.100010024507729, "target_rescale": 4.172921568166941},
{"mapping": [9, 7, 1, 6, 10, 5, 11, 2, 8, 3, 0, 12], "R": [[0.036683000994997994, -0.7480384746581225, -0.6626407758877739], [-0.9520280520587167, 0.17542512806155763, -0.2507361412678118], [0.30380412362456, 0.640050361202723, -0.705718491746516]], "T": [0.02038193027405479, 0.03372332338975398, 0.053697328368563356], "aligned_model": [[-0.6336239764512979, 0.11702916792440973, 0.42303074385852923, 0.5844652042434508, -0.5415451212793542, 0.2897353147858023, -0.3810755793190846, 0.5116727070464364, 0.16825628064930245, -0.09596887637231534, -0.5772941361745051, 0.012083873451632917], [-0.3606548799976312, -0.5917783083600132, -0.2306050805853307, -0.47595125587130743, 0.6731643375608221, 0.6778030900560419, 0.18506926495657056, 0.41144551998078516, -0.4170794390979719, 0.5095278172011185, 0.2587392992001426, 0.026451025007413045], [-0.138612108272721, 0.13289309883655634, 0.5013464863127725, -0.07598291283744821, 0.07436374083559544, 0.31808448191673216, 0.4716520352479453, -0.3693053333301338, -0.4902647114124117, -0.4202087002167505, -0.44753092509349945, 0.008757137867719748]], "inverted": false, "swapped": true, "error_lsq": 0.050063365378670704, "error_max": 0.29171205332561095, "target": "364.xyz", "model": "26.xyz", "model_rescale": 3.6694154284099745, "target_rescale": 4.172921568166941},
{"mapping": [10, 6, 7, 8, 1, 5, 3, 12, 9, 11, 4, 2, 13], "R": [[-0.5997971240824984, 0.721476847572837, -0.3459979311480429], [0.797541787166848, 0.504157726513113, -0.33128852156366617], [-0.06457946782898175, -0.47465371083927177, -0.8778002888592797]], "T": [-0.13463298465574558, -0.05364654017872292, 0.021199113131867408], "aligned_model": [[-0.24611351360862377, 0.37860166095719217, -0.26273578878341364, -0.6567340636668857, -0.08942203853917358, -0.6946942763950591, 0.33000524091601013, 0.6501077106743245, 0.06288047305495184, 0.4446946969274348, -0.6752489082747384, 0.16799342962914743, -0.1108951248504633], [0.19895077717475226, 0.007304024902104134, -0.6467609427518437, -0.21562048600971082, -0.13175743165536882, -0.18928543096530076, -0.6997841955670653, -0.07320609863094941, -0.45623662993545966, 0.2881490992391228, 0.5386464491389158, 0.552762216625865, -0.0018762084127230821], [0.5556683889774028, -0.43053715833997463, -0.14593407254172094, 0.3521554495229281, -0.8571523613245242, -0.520937346186844, -0.11825937517317901, 0.13752743351638005, 0.5347876538170934, 0.5538628414554648, 0.20134907295335952, -0.03186046895342072, 0.015748784136969722]], "inverted": true, "swapped": false, "error_lsq": 0.0575161046284987, "error_max": 0.3665978294811442, "target": "364.xyz", "model": "27.xyz", "model_rescale": 4.103607728864725, "target_rescale": 4.172921568166941},
{"mapping": [13, 5, 3, 2, 0, 1, 9, 6, 10, 11, 4, 8, 14], "R": [[0.5547064548981655, -0.2672977440934884, -0.7879420441230698], [-0.7305495536658103, -0.609724739889446, -0.30746234111746606], [-0.39824376772649567, 0.7461820539045948, -0.5334924965711566]], "T": [0.009804026684119942, -0.11993838079059468, 0.15356003445085548], "aligned_model": [[-0.25005485228859353, 0.39620589791274446, -0.4420561545317664, -0.7130184658201753, -0.22908694335409518, -0.3754391060252557, 0.49767738349736995, 0.6381663496888582, 0.22777134540605626, 0.42125874123437146, -0.6953186794743976, -0.09191916781025522, -0.08574685039415816], [0.22214351532354862, -0.04293562327670375, -0.7033924865085399, -0.1463714097559265, -0.3929283414471757, 0.1775875233534591, -0.6549301818086606, -0.08799579974697705, -0.5115001685890916, 0.276985920136379, 0.4493981198735151, 0.6925760133411281, -0.10735193774261609], [0.6386640153907136, -0.46280396484513137, 0.015957215732530783, 0.018839414122424486, -0.4613377837242995, -0.5987210946082209, -0.2283919083485086, 0.08002279629065265, 0.3963457230961441, 0.5346339782823537, 0.16990645319480033, 0.11169444192860642, 0.03160955534786944]], "inverted": true, "swapped": false, "error_lsq": 0.047802191812906306, "error_max": 0.29568711517212, "target": "364.xyz", "model": "28.xyz", "model_rescale": 4.137296879288765, "target_rescale": 4.172921568166941},
