[{"mapping": [5, 2, 8, 1, 4, 6, 0, 7, 9, 3, 10, 11], "R": [[0.4638120852469225, -0.2544970249471452, -0.8485927255591779], [0.8462783721114453, -0.15609316626701505, 0.5093602265009907], [-0.2620901876745943, -0.9543930991671046, 0.14297743104037708]], "T": [0.052190588291499654, 0.10356589979841234, 0.09735234019848768], "aligned_model": [[0.19470255284072824, -0.7351300849173403, -0.20361309030418, -0.24253616191432587, -0.3704284406529494, 0.2630143092226337, -0.3144194716058994, 0.6235094200627367, 0.46931943715287733, 0.24738378000692285, 0.6535125208016707, 0.029811176736632118], [0.5364502436902339, -0.029895169912034628, -0.38419884947102345, -0.16414010797437323, 0.6142979575741554, -0.5610587747142481, 0.5047993567749349, -0.08360282326569048, -0.1929536026084469, 0.33464976939842955, 0.4178870765623211, 0.14754282073824598], [-0.5961805121622173, -0.007835805503133675, 0.41319014363286566, -0.4886085762749792, 0.5587571389140435, -0.10008597466630284, -0.19828285896797812, -0.634198048658025, 0.42512685502222414, 0.7158443594724261, 0.060264912613794505, 0.04838859594611431]], "inverted": true, "swapped": false, "error_lsq": 0.05361175320367715, "error_max": 0.28758241563391906, "target": "365.xyz", "model": "0.xyz", "model_rescale": 3.751011558992144, "target_rescale": 3.8175874547531436},
{"mapping": [13, 11, 6, 12, 10, 0, 9, 2, 1, 4, 8, 14], "R": [[0.7143453828387762, 0.1590089205259399, 0.6814886919165262], [0.6997932015064665, -0.16177803049867118, -0.6957854151771948], [-0.000386189399647463, 0.9739322522851098, -0.2268387506944112]], "T": [0.08807546185069406, 0.0885252216534259, -0.009116179460542356], "aligned_model": [[0.05436452375183984, -0.7018318019654908, -0.3242430954974014, -0.41955013102458827, -0.28978420414494077, 0.54197247977151, -0.30773301271495523, 0.716159384225188, 0.35210505341546683, 0.2927092892196925, 0.6600347396578254, 0.04092272273536007], [0.3312227379341225, 0.040680022980670624, -0.3015731497818423, -0.20150771556779545, 0.651720072787339, -0.49519096057197454, 0.556981282275173, 0.1972114764120093, -0.39605883724006974, 0.3063238898612811, 0.35901767717167427, 0.09095140053191653], [-0.6928293404749075, 0.09329641967193206, 0.48235346674365387, -0.46756165807502315, 0.45184735553846145, -0.17869634997077363, -0.25010205469612934, -0.535838104644345, 0.416503620455158, 0.7231834222961484, 0.191170285828368, -0.03694683330371154]], "inverted": true, "swapped": false, "error_lsq": 0.04281864000896494, "error_max": 0.2740696096939605, "target": "365.xyz", "model": "1.xyz", "model_rescale": 3.9405287249114394, "target_rescale": 3.8175874547531436},
{"mapping": [5, 8, 4, 2, 10, 1, 9, 0, 7, 3, 6, 12], "R": [[0.16629415645009632, 0.8146013935946307, 0.555671506453441], [-0.5084655920830946, -0.4119858432033738, 0.7561285649065199], [0.844872176839869, -0.4082796034015056, 0.3456859416409212]], "T": [0.10151457872741965, 0.10392334470245797, 0.014370505935070504], "aligned_model": [[0.04199261078605152, -0.6309399376885386, -0.2315427941287066, -0.10700945718967081, -0.2936831337176212, 0.31286352150420915, -0.49238829346208035, 0.7093234244096864, 0.5551422559874143, 0.08936909673840868, 0.6083648019657387, 0.053633852224614684], [0.3750538186355006, 0.1819458048806571, -0.395257995958343, -0.1613885729382138, 0.7194631675690377, -0.6321753217214875, 0.6353723317361017, 0.06341737942156389, -0.18999483306664122, 0.20655302117238028, 0.2855196562181579, 0.051269440843790204], [-0.6572109722297009, 0.2554361550835305, 0.3771190378481175, -0.5774883795471769, 0.43439028386934453, -0.18741331411571635, -0.10900882651585277, -0.5617003769976916, 0.59466688569005, 0.5766153950570836, 0.08840647176643276, -0.03743213053958897]], "inverted": false, "swapped": false, "error_lsq": 0.04890359593058638, "error_max": 0.26774767524379967, "target": "365.xyz", "model": "2.xyz", "model_rescale": 3.932901565614263, "target_rescale": 3.8175874547531436},
{"mapping": [9, 3, 0, 7, 11, 4, 8, 5, 2, 1, 10, 13], "R": [[-0.5514939933897584, 0.8328983706221504, -0.04620259159380541], [-0.553125675538888, -0.40658210233200676, -0.7271471523171457], [-0.6244248251908837, -0.3754614471264027, 0.684925061161498]], "T": [0.04321326999746114, 0.13424167103030454, 0.02670456224106427], "aligned_model": [[0.06416318022370232, -0.4414988182408347, -0.1584483186031295, -0.22375629308626685, -0.20766936706152125, 0.28754063540772606, -0.5101446689484825, 0.51506385887723, 0.49243357612940686, 0.16183232668513792, 0.4913109088894194, 0.1442989271571184], [0.4157153249234459, 0.10989792051383387, -0.4111783528865474, -0.18600348882360457, 0.9458655125538156, -0.6866796637115713, 0.5259930648489846, 0.0076600241708045524, -0.45013014950696867, 0.06965638965874438, 0.623776209927001, 0.17520510512456586], [-0.6516217772257159, 0.1852827808200398, 0.359570797141262, -0.5528753177790842, 0.30244600029558955, -0.14539629544149119, -0.2545649924187451, -0.5006793530491339, 0.4151766270011618, 0.755077325139867, 0.29635226118893804, -0.012387826303856053]], "inverted": true, "swapped": false, "error_lsq": 0.0509674622527502, "error_max": 0.2994684057444118, "target": "365.xyz", "model": "3.xyz", "model_rescale": 3.9243930471874484, "target_rescale": 3.8175874547531436},
{"mapping": [8, 3, 6, 10, 2, 11, 4, 9, 5, 0, 1, 12], "R": [[-0.8098448213068079, 0.40673576649439425, -0.4227497861108416], [0.5654897476774194, 0.34946713688257974, -0.747056935923107], [-0.1561176180777597, -0.8440608606571627, -0.5130190569875712]], "T": [0.06274675119321574, 0.09835824370050372, -0.0926602359268129], "aligned_model": [[0.1101350994201172, -0.4987180721594532, -0.15172351215337995, -0.3826000862623069, -0.28233214439076637, 0.33577497865091466, -0.3395851985617292, 0.6339345145855791, 0.38713177491952044, 0.0851191848630776, 0.6074269258576719, 0.11056248266026061], [0.36039371169730056, 0.0706141470398794, -0.4938771861289297, -0.20119226627652398, 0.7781240781726835, -0.606080012100883, 0.5189386710063763, 0.0018915751277325948, -0.1759299648546392, 0.3513325280999922, 0.4493165793238566, 0.08624603568565875], [-0.6631233170111659, 0.27739501346537765, 0.260576535278421, -0.549894755467693, 0.4270064422626379, -0.32793967013712594, -0.20931517930115373, -0.4953091060136111, 0.5343672234436506, 0.7190206367102392, 0.20785940397458919, 0.01573700216466571]], "inverted": false, "swapped": false, "error_lsq": 0.04179684664197458, "error_max": 0.22103206996348543, "target": "365.xyz", "model": "4.xyz", "model_rescale": 3.8936222436046832, "target_rescale": 3.8175874547531436},
{"mapping": [4, 6, 9, 1, 7, 0, 5, 2, 3, 8, 10, 11], "R": [[0.3438288776052928, 0.49783423500168, -0.7962052357181386], [-0.2609246495212997, 0.8651596180492668, 0.4282722995583929], [0.9020532302457942, 0.060497188010179115, 0.4273640837108209]], "T": [0.06759808541918856, 0.11129379602034412, 0.10469307745870934], "aligned_model": [[0.21245121981380383, -0.7243024104139353, -0.18418803776156234, -0.26422753493855894, -0.16386929211493256, 0.31289762927687864, -0.46470548510313847, 0.5894581307992531, 0.51820897086124, 0.2547907784770176, 0.5414012313969716, -0.012789252863531067], [0.5808925116286481, 0.17875453050752402, -0.36534934700315747, -0.30753746864548737, 0.6598037407636583, -0.704992481303548, 0.49472860851728834, 0.010571248572231462, -0.20458603316272728, 0.0970684747461516, 0.5273287919322761, 0.17309532023964644], [-0.5191011311244881, 0.15901878140645506, 0.4071017516126483, -0.49328760498317736, 0.3602458529146185, -0.13242114862849086, -0.3715437443237717, -0.419401881871756, 0.2703789119696679, 0.8192694290344017, 0.14820009440056447, -0.03207908103784021]], "inverted": false, "swapped": false, "error_lsq": 0.05406453885450555, "error_max": 0.36727826720689494, "target": "365.xyz", "model": "5.xyz", "model_rescale": 3.6523030999806103, "target_rescale": 3.8175874547531436},
{"mapping": [8, 1, 2, 6, 0, 10, 5, 9, 4, 3, 7, 12], "R": [[-0.45362050846090185, 0.11454088192735948, 0.8838036097861197], [0.14589428214893793, 0.9878716063421397, -0.05314647513473435], [-0.8791719358236585, 0.10483356213686312, -0.46482968010850756]], "T": [0.10961809911449583, 0.062319884672477885, -0.04140200567533557], "aligned_model": [[-0.03669331470683507, -0.556121361729121, -0.25801512666654125, -0.23632360295336646, -0.33010133333180214, 0.41164651114683853, -0.10270201532877005, 0.6602992539337247, 0.30585654314339483, 0.1169851576494903, 0.5302316134447227, 0.11006362282777149], [0.2602175841029709, 0.1041555275743156, -0.4499214629987112, -0.33636648415248266, 0.7189315974076906, -0.6171838000639935, 0.6946831159984733, 0.07827734168893388, -0.3127516872892439, 0.2967345846975142, 0.5501879573291379, 0.15281362249789882], [-0.6684048552798748, 0.15202915844276338, 0.38128729776982023, -0.420872663507621, 0.5608202206885979, -0.27746687477231224, -0.1790262864418063, -0.5095456807080868, 0.34582324003857323, 0.6125369653370164, 0.18638534020286657, 0.012814367598894677]], "inverted": true, "swapped": false, "error_lsq": 0.03610688823551194, "error_max": 0.1899263855951901, "target": "365.xyz", "model": "6.xyz", "model_rescale": 4.08911054899281, "target_rescale": 3.8175874547531436},
{"mapping": [2, 11, 10, 12, 9, 5, 1, 7, 4, 8, 3, 14], "R": [[-0.17168161557267214, 0.1851434296970687, -0.9675987460276928], [0.15538709163659015, -0.9647980938964646, -0.21217796720317245], [-0.972820782378275, -0.18677941121482095, 0.13686919638532874]], "T": [0.05525425477066851, 0.11243769171016182, -0.04924094725163873], "aligned_model": [[0.23059797107630134, -0.5195169315728229, -0.24214672191478906, -0.3458726485654017, -0.21705317820868011, 0.36698404395629725, -0.2796772968349374, 0.42590596983637846, 0.588323967420802, 0.0703978606150791, 0.5800384493162494, -0.04285553769497035], [0.5560854836813552, 0.07112383558720936, -0.41696841920867334, -0.4215256319364957, 0.6557339780455599, -0.5815657632772104, 0.735782277984815, -0.1320897879599226, -0.14769149637442897, 0.0700618140263594, 0.5310399397913532, 0.2197916664325828], [-0.699295376605419, 0.062393776731108366, 0.3387754535490401, -0.2982033830354871, 0.44597124474907623, -0.09028936479972173, -0.24213584442763408, -0.6833644228796073, 0.33157262480667227, 0.6312911456562125, 0.37007414110351666, 0.029590234521074704]], "inverted": false, "swapped": false, "error_lsq": 0.05889374994412085, "error_max": 0.3664776208001072, "target": "365.xyz", "model": "7.xyz", "model_rescale": 3.964800864290218, "target_rescale": 3.8175874547531436},
{"mapping": [7, 11, 6, 2, 9, 0, 12, 1, 3, 10, 5, 13], "R": [[-0.323355016970884, -0.9127701643101492, -0.24958397413492478], [0.4693736918126229, -0.3837313315402421, 0.7952600848958422], [-0.821662869085581, 0.14000318689078578, 0.552511753021124]], "T": [0.03402869685917594, 0.05341736793395333, -0.017354344359497318], "aligned_model": [[0.04741162818547823, -0.6571899292084842, -0.22561187053807105, -0.12282490383934255, -0.19632542426528246, 0.3535741462873124, -0.4915393744517215, 0.5705301023077209, 0.41521361671503315, 0.1653994626442213, 0.6956912692814734, 0.06079722431116849], [0.4127988992442464, 0.15290996721610992, -0.37116445743228954, -0.2749724878564917, 0.6523544465832865, -0.5591571923821004, 0.5314795270401428, 0.1158211035506573, -0.4225918085003161, 0.4078927912498893, 0.3714751167354797, 0.12293199134389027], [-0.6317800738532232, 0.42924542966518425, 0.2806773192416098, -0.5706768346993827, 0.2317803210096468, -0.20656979385056606, -0.27408321250221623, -0.538307227934597, 0.3751708351223536, 0.7121817473928372, 0.3827864204360856, 0.005955299341099219]], "inverted": false, "swapped": false, "error_lsq": 0.05057635248198323, "error_max": 0.28958925174999045, "target": "365.xyz", "model": "8.xyz", "model_rescale": 4.121658175737393, "target_rescale": 3.8175874547531436},
{"mapping": [1, 11, 7, 6, 3, 9, 2, 4, 5, 10, 0, 12], "R": [[0.9899636254967115, 0.13892593800374808, 0.025915322556079284], [0.05256539728632142, -0.5321968557421431, 0.8449872104039847], [0.13118269398643284, -0.8351443530839177, -0.5341582259129841]], "T": [-0.05175015999062673, 0.05427235145796383, 0.029059692769041627], "aligned_model": [[0.20612838841566042, -0.507930035682046, -0.2781273543644099, -0.21737389478325128, -0.30982021123372894, 0.2226827133362206, -0.31102225264879557, 0.7226439523002085, 0.4321154117448709, 0.1326784469477265, 0.5386263707889399, -0.01547558739188877], [0.39092378049668514, 0.047739601712568386, -0.5301318182755734, -0.22715445649193777, 0.7039971439569758, -0.6638369850936614, 0.6346363211020704, -0.036876898648186246, -0.13671471174948896, 0.2899182295681807, 0.5741020927664985, 0.09317559744837323], [-0.514167870330976, 0.4705223964580728, 0.2789317451853024, -0.5821274965064246, 0.3950399301228098, -0.29062045336127773, -0.25076542327037754, -0.39536166717070087, 0.3624002940348475, 0.7268690791116217, 0.03659859707029169, -0.04093890197435738]], "inverted": true, "swapped": false, "error_lsq": 0.055348661876024004, "error_max": 0.32644172318854786, "target": "365.xyz", "model": "9.xyz", "model_rescale": 3.833441315466971, "target_rescale": 3.8175874547531436},
{"mapping": [12, 5, 2, 0, 4, 8, 6, 11, 9, 3, 7, 14], "R": [[0.5212681439510123, 0.8310639922665385, 0.19393855434098176], [-0.04089960738430626, 0.2513233025117541, -0.96703868574654], [-0.8524123088140367, 0.49615445011869885, 0.16499702242687636]], "T": [-0.008197215624779416, 0.08888492202916269, -0.1375345673188642], "aligned_model": [[0.0502152439386461, -0.6215182494413396, -0.14601706685238436, -0.4764902741892642, -0.3324344252046567, 0.49536009649855933, -0.17047380795402467, 0.6135791782830468, 0.42576683815669963, 0.1670507004858025, 0.577219401358591, 0.03286831234983068], [0.39104700611786036, -0.008040544774335232, -0.3293338985928009, -0.21550322733225974, 0.6177920973415063, -0.5057357324147683, 0.7460635770824482, 0.10731741516216106, -0.290763531421814, 0.263310887223759, 0.2920430852393947, 0.07158076316135269], [-0.6555173052722625, 0.1305660944298913, 0.4305754234512414, -0.5272426985303067, 0.3635043652175321, -0.11714650481822929, -0.1924170870248533, -0.41751928157921897, 0.43294976932022516, 0.6950431169319595, 0.10726764276635309, -0.05368330552350044]], "inverted": false, "swapped": false, "error_lsq": 0.040755875231028194, "error_max": 0.2560195152589686, "target": "365.xyz", "model": "10.xyz", "model_rescale": 4.2482417240324, "target_rescale": 3.8175874547531436},
{"mapping": [10, 7, 5, 9, 3, 4, 8, 0, 6, 2, 1, 11], "R": [[-0.717426330136797, -0.4587032141763167, 0.5243003167372341], [0.29832839680143713, -0.8824137391751964, -0.3637941183921658], [0.6295233343477683, -0.10458180634873823, 0.7699110450516365]], "T": [0.08835339796794148, 0.13384710168036204, 0.056532303402286946], "aligned_model": [[0.066242875966527, -0.5772033139791694, -0.17253996623702708, -0.4615331265570882, -0.33436911066875863, 0.25624654545880154, -0.11510960301860404, 0.7169998876319841, 0.4957341949946219, 0.16177489597518493, 0.5347406030924934, 0.04414206477054078], [0.16030711718314225, 0.10018472208593704, -0.5384800381141801, -0.17619220360203328, 0.7428089851447267, -0.6726372539128085, 0.6370695366532492, 0.20429488028854143, -0.28369028069437796, 0.2556194196476217, 0.6746668337397249, 0.03582617837296069], [-0.5867509584123743, 0.17677104124306425, 0.26652525550076556, -0.4733840498693401, 0.3859905429883899, -0.23882249246418763, -0.230221627912214, -0.3602172346371714, 0.33970285038154663, 0.782850465499264, 0.14254994272430066, -0.008613505673212035]], "inverted": false, "swapped": false, "error_lsq": 0.04726221758641821, "error_max": 0.24569604510004223, "target": "365.xyz", "model": "11.xyz", "model_rescale": 3.6694154284099745, "target_rescale": 3.8175874547531436},
{"mapping": [10, 1, 0, 12, 3, 5, 2, 7, 6, 4, 11, 13], "R": [[-0.24119870688174855, 0.5403397496722537, -0.8061365509159717], [-0.5316092294071553, -0.7685125957498652, -0.35606181680002574], [-0.8119204462308505, 0.3426679808472494, 0.4726138422585254]], "T": [0.13953614583494411, 0.13809160245053467, -0.042447279868415], "aligned_model": [[0.11088762342945668, -0.6629416892759076, -0.13312051267427782, -0.2910427320074048, -0.30536599743700293, 0.33368438151954005, -0.360436310272742, 0.6518313930481487, 0.5139032961696031, 0.016711880694495557, 0.6736327524951649, 0.0673818617404325], [0.32050898323191146, 0.17491703103646702, -0.3892294019693884, -0.16927290256872693, 0.6980329386333114, -0.6188430848287012, 0.522024434293031, -0.0498782641028771, -0.16942776823517522, 0.24526674822481198, 0.4966504416942945, 0.07902874138354551], [-0.650256418218018, 0.2242861189904931, 0.35545819796973643, -0.46894158378908507, 0.43690299242648595, -0.22664047803470388, -0.21255517844859995, -0.5468144352425517, 0.24933330011771426, 0.6794296748622812, 0.31977505856652955, 0.03640298016854965]], "inverted": true, "swapped": false, "error_lsq": 0.037648058738667924, "error_max": 0.19403837996481157, "target": "365.xyz", "model": "12.xyz", "model_rescale": 3.9764082729961374, "target_rescale": 3.8175874547531436},
{"mapping": [12, 6, 4, 5, 14, 0, 13, 1, 7, 3, 8, 15], "R": [[-0.8767762597560838, -0.4287647429845961, -0.2177709473311021], [-0.11682413360297167, -0.24937276178541062, 0.9613351899766449], [-0.46649277822496604, 0.8683167744854814, 0.16855404774458088]], "T": [0.10335861141795313, 0.14008614402743025, -0.08126738139690684], "aligned_model": [[0.07022214030813706, -0.642078508648712, -0.19837002091302422, -0.39214754046661093, -0.3121417468533234, 0.3279433314648056, -0.27820659802364, 0.6068639679962006, 0.4013033259783788, 0.28312968779688574, 0.6742206155852334, 0.0743872932051755], [0.3989123464790737, 0.16102384908837122, -0.4251885900183844, -0.4266792485261657, 0.6092867740201564, -0.5489863924676547, 0.5984203336388897, 0.226597846002063, -0.3405416861931232, 0.34128020526489794, 0.4340356332829199, 0.11161682622145994], [-0.6636113572008274, 0.0846962237481039, 0.243213787949389, -0.4501502206329411, 0.41473489749497394, -0.12426361927847031, -0.218447218705087, -0.45852148618499233, 0.4199905709649281, 0.7160071993680549, 0.2143051251274681, 0.018426326718232244]], "inverted": false, "swapped": false, "error_lsq": 0.03907987926597117, "error_max": 0.20075506147676425, "target": "365.xyz", "model": "13.xyz", "model_rescale": 4.170626492500431, "target_rescale": 3.8175874547531436},
{"mapping": [8, 9, 11, 12, 1, 5, 7, 4, 6, 3, 2, 13], "R": [[-0.20942626942000203, 0.4911812315204035, -0.845506732958952], [0.4844575328716718, -0.698976425126917, -0.5260540428137477], [-0.8493771462199308, -0.5197816415754746, -0.09157242248838454]], "T": [0.0721273158297027, 0.2062181093882104, 0.007494804577966686], "aligned_model": [[-0.014083205182880379, -0.6614206604810922, -0.19732726670932949, -0.01754524264725006, -0.327765283661702, 0.25274014055377064, -0.38820743236492355, 0.5824408614969301, 0.5270731993807799, 0.12765989263292837, 0.6588744253568076, 0.07268651905546691], [0.36059582491414965, 0.12193893067968004, -0.3679930822840126, -0.27133388385955304, 0.7285163920916491, -0.6771704942979062, 0.7797372908086346, 0.1541745266856917, -0.392438694860892, 0.15951963344133574, 0.4353110218737313, 0.10892043159999545], [-0.7138175825475107, 0.34082770867000434, 0.3194810004877007, -0.5398707471216797, 0.405118851451885, -0.11176713729333237, -0.33396891389918604, -0.4823364737220711, 0.3844875641851888, 0.6932126690730639, 0.19769584071298157, 0.03731744937178741]], "inverted": false, "swapped": false, "error_lsq": 0.04136052610967119, "error_max": 0.2603088560549799, "target": "365.xyz", "model": "14.xyz", "model_rescale": 3.9786697098870705, "target_rescale": 3.8175874547531436},
{"mapping": [6, 8, 5, 7, 3, 10, 9, 1, 4, 2, 0, 11], "R": [[0.6552159274375744, -0.008263285364339124, 0.7553964565359749], [-0.15413159213692756, 0.9774441232856834, 0.14438295661059758], [-0.7395509047641381, -0.21103247136227493, 0.6391633244275485]], "T": [0.05623718439167652, 0.08587717787474825, -0.03179323667689668], "aligned_model": [[0.03405096449724393, -0.3790441177316209, -0.32150876721358485, -0.31179381566874875, -0.2621711680563386, 0.40838480421205864, -0.19135303130956177, 0.6197619195032456, 0.3992963354653236, 0.07232896121381105, 0.4965621054307335, 0.05061175708694492], [0.299633632706904, 0.09373208916733715, -0.4664486060617684, -0.31083641929286676, 0.8243094682059342, -0.604896989184905, 0.6291222438183194, 0.06386254029543231, -0.27542165247452166, 0.18758440645789876, 0.5558995832483299, 0.14323759990641013], [-0.7941393788382515, 0.2557769537330742, 0.4119452135104804, -0.41132915092948896, 0.41372119181025957, -0.33369403573971634, -0.20785615573199992, -0.4094535604362629, 0.3241397684575327, 0.8303228289660506, 0.23088239682861936, -0.11393584226146544]], "inverted": true, "swapped": false, "error_lsq": 0.039849881095007346, "error_max": 0.26608134193976496, "target": "365.xyz", "model": "15.xyz", "model_rescale": 3.769337070930944, "target_rescale": 3.8175874547531436},
{"mapping": [3, 0, 2, 1, 5, 7, 8, 10, 9, 4, 11], "R": [[-0.9222299756943457, 0.30741705162431604, -0.2344922777010352], [0.37705947950614477, 0.5809017891904098, -0.7213731768162276], [-0.08554543146984529, -0.753689503499945, -0.6516395564026518]], "T": [-0.07474478066490571, 0.08686436634598349, -0.08344077049021467], "aligned_model": [[-0.36121167700662016, -0.3067189665127403, -0.06906515917866163, -0.6263994703968951, 0.42319375644971924, 0.3224766052665309, 0.5168579403944741, 0.40839184181888555, 0.13463759477725468, -0.45258163197321816, -0.06695470294755818], [-0.011249466095428984, -0.6461002040063284, 0.6632365993989614, 0.41518175029772547, 0.195726789127199, -0.5709400500833028, 0.36122295752074135, -0.25785635177997157, 0.4268315274237035, 0.05877660234705917, -0.03876565652501604], [-0.6357435647408773, -0.3050205554776778, -0.09303207484336931, 0.005992643886261806, -0.72337077865067, -0.2566775047102561, -0.025337237615752572, 0.493489662595217, 0.5813217400559278, 0.6677332573417585, 0.03486201938321501]], "inverted": true, "swapped": true, "error_lsq": 0.04789010737924058, "error_max": 0.33784830311148106, "target": "365.xyz", "model": "16.xyz", "model_rescale": 3.7852294659196426, "target_rescale": 3.8175874547531436},
{"mapping": [6, 4, 0, 10, 1, 9, 5, 11, 8, 3, 2, 12], "R": [[0.8773781977730987, -0.09938265638466384, 0.4693938492165799], [-0.471214779913427, -0.36271831701922, 0.8039851078781779], [0.09035557129236757, -0.9265843243378731, -0.36507171984112585]], "T": [0.0823670269445817, 0.15375641355755543, 0.054066030877377644], "aligned_model": [[-0.04664072644553033, -0.6223834297639466, -0.2226183479893386, -0.23559492610666566, -0.1107335115843043, 0.26688256647023556, -0.38817964960746415, 0.6836718371317685, 0.5564297527048977, 0.1115814913628515, 0.5254765185436883, 0.09723437271331435], [0.350538780294426, 0.11773219344096486, -0.34557445567323614, -0.25520986207320084, 0.7296823194729852, -0.6679285953987656, 0.5625206242494958, 0.09113040592201993, -0.25331490734997686, 0.19033436770980222, 0.5313063606634181, 0.08856066553457125], [-0.801519695750093, 0.11583766209840492, 0.4053490504618143, -0.5631064386055739, 0.37852818146264283, -0.1409969006135876, -0.15499533763340723, -0.3611960343858229, 0.2378141818660769, 0.8479828649987772, 0.24167476448381348, -0.00899206901421365]], "inverted": false, "swapped": false, "error_lsq": 0.036424062961821144, "error_max": 0.18050458686488555, "target": "365.xyz", "model": "17.xyz", "model_rescale": 3.901054581598922, "target_rescale": 3.8175874547531436},
{"mapping": [13, 11, 6, 12, 10, 0, 9, 2, 1, 4, 8, 14], "R": [[0.7143453828387762, 0.1590089205259399, 0.6814886919165262], [0.6997932015064665, -0.16177803049867118, -0.6957854151771948], [-0.000386189399647463, 0.9739322522851098, -0.2268387506944112]], "T": [0.08807546185069406, 0.0885252216534259, -0.009116179460542356], "aligned_model": [[0.05436452375183984, -0.7018318019654908, -0.3242430954974014, -0.41955013102458827, -0.28978420414494077, 0.54197247977151, -0.30773301271495523, 0.716159384225188, 0.35210505341546683, 0.2927092892196925, 0.6600347396578254, 0.04092272273536007], [0.3312227379341225, 0.040680022980670624, -0.3015731497818423, -0.20150771556779545, 0.651720072787339, -0.49519096057197454, 0.556981282275173, 0.1972114764120093, -0.39605883724006974, 0.3063238898612811, 0.35901767717167427, 0.09095140053191653], [-0.6928293404749075, 0.09329641967193206, 0.48235346674365387, -0.46756165807502315, 0.45184735553846145, -0.17869634997077363, -0.25010205469612934, -0.535838104644345, 0.416503620455158, 0.7231834222961484, 0.191170285828368, -0.03694683330371154]], "inverted": true, "swapped": false, "error_lsq": 0.04281864000896494, "error_max": 0.2740696096939605, "target": "365.xyz", "model": "18.xyz", "model_rescale": 3.9405287249114394, "target_rescale": 3.8175874547531436},
{"mapping": [6, 4, 12, 1, 7, 3, 8, 2, 14, 13, 11, 15], "R": [[0.960777636109226, 0.09296991223212578, 0.2612717538730867], [0.07163030884943569, 0.8269655461850478, -0.5576711255543004], [-0.26790937424155664, 0.554512922159995, 0.7878705390805528]], "T": [0.02374356785574118, 0.12490390582473904, 0.05900389583497616], "aligned_model": [[-0.04515614851511081, -0.6833020178886963, -0.1764114182294308, -0.10393027205824738, -0.32253422957344297, 0.28188779121493845, -0.2768691252667317, 0.5553994290036273, 0.5019351788517497, 0.17780365562209055, 0.6508306105665261, 0.055472493702234074], [0.34107445950667986, 0.11153298434315048, -0.3444776791539829, -0.24826570945209891, 0.6551123602205584, -0.6618783689387553, 0.7009600566923286, 0.18928770408888593, -0.30370472934106235, 0.19821654096559, 0.37766186160022636, 0.12425841626098405], [-0.6528995922847824, 0.24494148416535333, 0.25839790637064963, -0.4701116424127609, 0.36656889845414936, -0.14040474725308966, -0.32837637640049494, -0.625482813196856, 0.49186228273597704, 0.7087889312567656, 0.3081794535372821, 0.03491644439663841]], "inverted": false, "swapped": false, "error_lsq": 0.03729750232753313, "error_max": 0.18286584150887544, "target": "365.xyz", "model": "19.xyz", "model_rescale": 4.410303926677745, "target_rescale": 3.8175874547531436},
{"mapping": [7, 11, 6, 2, 9, 0, 12, 1, 3, 10, 5, 13], "R": [[-0.323355016970884, -0.9127701643101492, -0.24958397413492478], [0.4693736918126229, -0.3837313315402421, 0.7952600848958422], [-0.821662869085581, 0.14000318689078578, 0.552511753021124]], "T": [0.03402869685917594, 0.05341736793395333, -0.017354344359497318], "aligned_model": [[0.04741162818547823, -0.6571899292084842, -0.22561187053807105, -0.12282490383934255, -0.19632542426528246, 0.3535741462873124, -0.4915393744517215, 0.5705301023077209, 0.41521361671503315, 0.1653994626442213, 0.6956912692814734, 0.06079722431116849], [0.4127988992442464, 0.15290996721610992, -0.37116445743228954, -0.2749724878564917, 0.6523544465832865, -0.5591571923821004, 0.5314795270401428, 0.1158211035506573, -0.4225918085003161, 0.4078927912498893, 0.3714751167354797, 0.12293199134389027], [-0.6317800738532232, 0.42924542966518425, 0.2806773192416098, -0.5706768346993827, 0.2317803210096468, -0.20656979385056606, -0.27408321250221623, -0.538307227934597, 0.3751708351223536, 0.7121817473928372, 0.3827864204360856, 0.005955299341099219]], "inverted": false, "swapped": false, "error_lsq": 0.05057635248198323, "error_max": 0.28958925174999045, "target": "365.xyz", "model": "20.xyz", "model_rescale": 4.121658175737393, "target_rescale": 3.8175874547531436},
{"mapping": [8, 1, 2, 6, 0, 10, 5, 9, 4, 3, 7, 12], "R": [[-0.45362050846090185, 0.11454088192735948, 0.8838036097861197], [0.14589428214893793, 0.9878716063421397, -0.05314647513473435], [-0.8791719358236585, 0.10483356213686312, -0.46482968010850756]], "T": [0.10961809911449583, 0.062319884672477885, -0.04140200567533557], "aligned_model": [[-0.03669331470683507, -0.556121361729121, -0.25801512666654125, -0.23632360295336646, -0.33010133333180214, 0.41164651114683853, -0.10270201532877005, 0.6602992539337247, 0.30585654314339483, 0.1169851576494903, 0.5302316134447227, 0.11006362282777149], [0.2602175841029709, 0.1041555275743156, -0.4499214629987112, -0.33636648415248266, 0.7189315974076906, -0.6171838000639935, 0.6946831159984733, 0.07827734168893388, -0.3127516872892439, 0.2967345846975142, 0.5501879573291379, 0.15281362249789882], [-0.6684048552798748, 0.15202915844276338, 0.38128729776982023, -0.420872663507621, 0.5608202206885979, -0.27746687477231224, -0.1790262864418063, -0.5095456807080868, 0.34582324003857323, 0.6125369653370164, 0.18638534020286657, 0.012814367598894677]], "inverted": true, "swapped": false, "error_lsq": 0.03610688823551194, "error_max": 0.1899263855951901, "target": "365.xyz", "model": "21.xyz", "model_rescale": 4.08911054899281, "target_rescale": 3.8175874547531436},
{"mapping": [12, 15, 11, 9, 2, 5, 3, 7, 8, 1, 0, 16], "R": [[-0.1274695176354032, -0.0839327155619049, -0.9882847875649015], [0.4210866750099322, -0.9067364272770198, 0.022695012182989027], [-0.8980186714110558, -0.41326063290290627, 0.15092420312796745]], "T": [0.09814676640195291, 0.1192985061926065, -0.03912588338202022], "aligned_model": [[0.01138000102855466, -0.5621360684337808, -0.17571427858628735, -0.2009521747614061, -0.25235695210093484, 0.148259135448604, -0.32064959358130435, 0.6547390609760733, 0.38464608402760153, 0.11926982301962503, 0.6846734040844658, 0.12396750630829541], [0.21859696439638304, 0.06527205498439533, -0.4247116197107542, -0.3261745873162996, 0.5732117628271195, -0.5707647710269508, 0.8154799207112738, 0.2735659465102709, -0.3278205285103134, 0.14249503220493442, 0.5415083003562435, 0.15911942136620144], [-0.7654734934552383, 0.26520081358245456, 0.42449696032933787, -0.5077847763063748, 0.39946701229727827, -0.17707688138386352, -0.3460784371065972, -0.4540990903339693, 0.40670449676993853, 0.7539782200786325, 0.23980921871239164, -0.04276381381515848]], "inverted": false, "swapped": false, "error_lsq": 0.04122248832665148, "error_max": 0.25569685867965114, "target": "365.xyz", "model": "22.xyz", "model_rescale": 4.204369325754507, "target_rescale": 3.8175874547531436},
{"mapping": [6, 4, 12, 1, 7, 3, 8, 2, 14, 13, 11, 15], "R": [[0.960777636109226, 0.09296991223212578, 0.2612717538730867], [0.07163030884943569, 0.8269655461850478, -0.5576711255543004], [-0.26790937424155664, 0.554512922159995, 0.7878705390805528]], "T": [0.02374356785574118, 0.12490390582473904, 0.05900389583497616], "aligned_model": [[-0.04515614851511081, -0.6833020178886963, -0.1764114182294308, -0.10393027205824738, -0.32253422957344297, 0.28188779121493845, -0.2768691252667317, 0.5553994290036273, 0.5019351788517497, 0.17780365562209055, 0.6508306105665261, 0.055472493702234074], [0.34107445950667986, 0.11153298434315048, -0.3444776791539829, -0.24826570945209891, 0.6551123602205584, -0.6618783689387553, 0.7009600566923286, 0.18928770408888593, -0.30370472934106235, 0.19821654096559, 0.37766186160022636, 0.12425841626098405], [-0.6528995922847824, 0.24494148416535333, 0.25839790637064963, -0.4701116424127609, 0.36656889845414936, -0.14040474725308966, -0.32837637640049494, -0.625482813196856, 0.49186228273597704, 0.7087889312567656, 0.3081794535372821, 0.03491644439663841]], "inverted": false, "swapped": false, "error_lsq": 0.03729750232753313, "error_max": 0.18286584150887544, "target": "365.xyz", "model": "23.xyz", "model_rescale": 4.410303926677745, "target_rescale": 3.8175874547531436},
{"mapping": [1, 4, 5, 0, 8, 12, 10, 7, 6, 15, 14, 16], "R": [[-0.348649807033372, -0.9139402917211499, -0.2077413180478358], [-0.8421417748648394, 0.4027656095465654, -0.35857648388326024], [0.41138855487615444, 0.04993002038096188, -0.9100914514386268]], "T": [0.12189129620706807, 0.18006805071593013, -0.014657199465630901], "aligned_model": [[-0.011255731267370034, -0.5489917379678048, -0.14082600255514527, -0.10786834383051397, -0.44376000254194714, 0.252332329984682, -0.23213925020855175, 0.46084355863698023, 0.5084413427878784, 0.17682686817651536, 0.6652918556423101, 0.03623106057247297], [0.431386978556345, 0.13662968210670548, -0.2820984979789119, -0.3655852848653235, 0.5826754222673778, -0.6095835583283601, 0.719133749291146, 0.032287055247256585, -0.28262596228206766, 0.2268248567466056, 0.3744312276480538, 0.17630222838367696], [-0.8242534044679783, 0.13337467406178197, 0.32147333414670953, -0.4835481849462863, 0.4254025463081003, -0.08956586267949726, -0.10328276631790605, -0.5671090415787963, 0.448366991677747, 0.6953498954686019, 0.3390217191497619, -0.09884967145340667]], "inverted": true, "swapped": false, "error_lsq": 0.04252422392977434, "error_max": 0.21071667387330364, "target": "365.xyz", "model": "24.xyz", "model_rescale": 4.28219845311461, "target_rescale": 3.8175874547531436},
{"mapping": [11, 13, 2, 14, 7, 6, 9, 8, 0, 4, 1, 15], "R": [[0.791008373636588, 0.26325285869112847, 0.5522713872977207], [-0.22665581611429866, 0.9645537162175084, -0.13514166475427256], [-0.5682718485534557, -0.018277333556722668, 0.822637857881398]], "T": [0.02126694634807043, 0.2032478016504537, -0.04481427782444572], "aligned_model": [[-0.10095363407325335, -0.5411802883805032, -0.1903993364478978, -0.29460225315653993, -0.3807443624873707, 0.45863922732574286, -0.17613745101476236, 0.6017719760325393, 0.4525900007926272, 0.10602804520100269, 0.623560528674177, 0.056553494963744906], [0.2848837781797129, 0.14947329030721868, -0.390688339470097, -0.3576238922076687, 0.6757324475227038, -0.5717641107368128, 0.8316398262785514, 0.07112442005327382, -0.2949692783819706, 0.21494188991876068, 0.3678230756772844, 0.15920478965154783], [-0.5690992845776272, 0.1387010267498092, 0.2220513613764191, -0.4519926376714132, 0.42496351298054247, -0.1871489484119093, -0.19656621739849853, -0.40189043143202574, 0.43611641978633187, 0.6813588265016018, 0.09673012762646033, 0.003156473839140972]], "inverted": true, "swapped": false, "error_lsq": 0.04148598610060548, "error_max": 0.21910026898463872, "target": "365.xyz", "model": "25.xyz", "model_rescale": 4.100010024507729, "target_rescale": 3.8175874547531436},
{"mapping": [10, 7, 5, 9, 3, 4, 8, 0, 6, 2, 1, 11], "R": [[-0.717426330136797, -0.4587032141763167, 0.5243003167372341], [0.29832839680143713, -0.8824137391751964, -0.3637941183921658], [0.6295233343477683, -0.10458180634873823, 0.7699110450516365]], "T": [0.08835339796794148, 0.13384710168036204, 0.056532303402286946], "aligned_model": [[0.066242875966527, -0.5772033139791694, -0.17253996623702708, -0.4615331265570882, -0.33436911066875863, 0.25624654545880154, -0.11510960301860404, 0.7169998876319841, 0.4957341949946219, 0.16177489597518493, 0.5347406030924934, 0.04414206477054078], [0.16030711718314225, 0.10018472208593704, -0.5384800381141801, -0.17619220360203328, 0.7428089851447267, -0.6726372539128085, 0.6370695366532492, 0.20429488028854143, -0.28369028069437796, 0.2556194196476217, 0.6746668337397249, 0.03582617837296069], [-0.5867509584123743, 0.17677104124306425, 0.26652525550076556, -0.4733840498693401, 0.3859905429883899, -0.23882249246418763, -0.230221627912214, -0.3602172346371714, 0.33970285038154663, 0.782850465499264, 0.14254994272430066, -0.008613505673212035]], "inverted": false, "swapped": false, "error_lsq": 0.04726221758641821, "error_max": 0.24569604510004223, "target": "365.xyz", "model": "26.xyz", "model_rescale": 3.6694154284099745, "target_rescale": 3.8175874547531436},
{"mapping": [5, 9, 10, 8, 3, 4, 7, 0, 2, 12, 6, 13], "R": [[-0.5099664307904952, -0.8192255499974672, -0.2623046657956176], [0.7086453202301881, -0.2272576554782371, -0.6679638973345708], [0.487602347802651, -0.5265201385112278, 0.6964341276527597]], "T": [0.038384424072250664, 0.08502710754539536, 0.004367555939819018], "aligned_model": [[0.18358709600994555, -0.5531259260734613, -0.14666767691293753, -0.3976173412537535, -0.2538650105203502, 0.24987065190783642, -0.3122027577484515, 0.6062864415686007, 0.5762178776181628, 0.10076900366307281, 0.47738091529234267, 0.0844926738784994], [0.3272657972532894, 0.09317803837268632, -0.47116135846486973, -0.20760584595526918, 0.7758806487550178, -0.6232265952669828, 0.546064027951386, -0.007460717381977261, -0.1796992138414227, 0.3035877940439067, 0.5206823627792041, 0.06227295854753529], [-0.7346961091066417, 0.3433551714473753, 0.13964811659341972, -0.3598104329449229, 0.3046055830316116, -0.3550498030974938, -0.24192923795734436, -0.3210039915208042, 0.3249682378092796, 0.7646781529355635, 0.3021544110694639, 0.029460131109324765]], "inverted": false, "swapped": false, "error_lsq": 0.05200801079049275, "error_max": 0.3068677443692688, "target": "365.xyz", "model": "27.xyz", "model_rescale": 4.103607728864725, "target_rescale": 3.8175874547531436},
{"mapping": [0, 7, 8, 1, 6, 4, 5, 3, 13, 11, 10, 14], "R": [[-0.05797428449783726, 0.9874606242617805, 0.14683493409096765], [0.9476177415132485, 0.10070809783312717, -0.30311465652482633], [-0.3141012548626541, 0.12157053328569498, -0.9415736865112246]], "T": [0.22436492171124364, 0.19898454548899464, 0.059154991108298846], "aligned_model": [[0.06876399577119158, -0.47557050217698527, -0.25374736379834795, -0.3096945509391479, -0.1038385613392522, 0.18150143230608148, -0.401433141311064, 0.6695700815762725, 0.45509567906225856, 0.07457008286221986, 0.5369277687873485, 0.17298102662893147], [0.28950305714993374, 0.0691061133485254, -0.4068172294517424, -0.1759552719025162, 0.651680335237238, -0.6994289306175907, 0.519738169476126, 0.27040946279700057, -0.286790582117664, 0.1867446279646042, 0.584254705763807, 0.1373334391447828], [-0.6317042506153201, 0.17449466691208412, 0.33608969231070707, -0.5548983006194429, 0.35683982194387687, -0.05320707704912213, -0.14242454009097416, -0.5410297299434016, 0.42062196880427416, 0.7295824100974677, 0.1759738531779671, -0.07395828555928478]], "inverted": true, "swapped": false, "error_lsq": 0.0427337366268259, "error_max": 0.2479709195163078, "target": "365.xyz", "model": "28.xyz", "model_rescale": 4.137296879288765, "target_rescale": 3.8175874547531436},
{"mapping": [8, 10, 4, 6, 1, 9, 2, 7, 0, 3, 11], "R": [[0.10405347782199503, -0.6856303089934714, 0.7204748109008842], [-0.9459447728601138, -0.2919645076767077, -0.14122752194854143], [0.3071829429701064, -0.6668341665261424, -0.6789483293311869]], "T": [0.10495155289091651, 0.06845801097365202, 0.11256408225744624], "aligned_model": [[0.6252381230898855, 0.009705032745420311, -0.1282773423792657, -0.4840484887227048, 0.12762786019986921, 0.47780638122259567, 0.6145259868342121, -0.2775178737571603, -0.6410093424980575, -0.09634899698351168, -0.0062823290413845795], [-0.32053261784096637, -0.698690807351953, 0.06954197285091401, 0.14639417446658423, 0.6226563347951743, -0.2193133133799442, 0.3122080688584252, -0.46666308561707714, 0.0336979681774974, 0.4775566239367993, -0.03770750224750195], [0.19399265349478995, -0.18326168580927416, -0.6957768954370214, -0.3071392715198141, -0.22279175841853288, -0.5034673999365953, -0.002540252180652458, 0.5459980396966589, 0.3997587329421253, 0.5471263871631612, 0.033855471788153124]], "inverted": false, "swapped": true, "error_lsq": 0.059560227333823705, "error_max": 0.36101502984737055, "target": "365.xyz", "model": "29.xyz", "model_rescale": 3.607286011436655, "target_rescale": 3.8175874547531436},
