[{"mapping": [4, 12, 11, 1, 3, 8, 9, 7, 2, 5, 6, 14], "R": [[0.09706603081788294, 0.9926128617644316, 0.07278662185516777], [-0.6940497709689692, 0.11992347720968995, -0.7098684913643222], [-0.7133534194767581, 0.018386578631229167, 0.7005632253030802]], "T": [0.01762064563357489, -0.09203684552603257, 0.0236827680034322], "aligned_model": [[-0.20582883531103174, 0.11559511007531487, 0.4251446864644749, -0.060357220930747246, -0.26952556423369334, -0.5606507418591331, 0.39892248011076686, -0.3951439980966998, 0.6086678542778077, 0.15694678446202864, -0.43668399185325807, 0.060555899354719306], [-0.3380716311990285, -0.7704211124881738, -0.30211014864971136, 0.5795970554804221, 0.34431236106581303, -0.5419002959661209, -0.14314417224703913, -0.5372343376033659, 0.2748521657521104, 0.39650257692956925, 0.20325102859755512, -0.11207845369497285], [-0.5153488831548849, -0.24395841780657676, -0.41441591817075035, -0.13115554283974803, -0.6702139820585322, -0.05110205449336449, 0.6860390594781336, 0.549045457144015, -0.05005711252107451, 0.5083210190732839, 0.5239795971395704, -0.009181476436509399]], "inverted": false, "swapped": true, "error_lsq": 0.04480222784361002, "error_max": 0.2520992740771238, "target": "366.xyz", "model": "0.xyz", "model_rescale": 3.751011558992144, "target_rescale": 4.054509499444999},
{"mapping": [10, 6, 7, 11, 9, 1, 4, 8, 5, 0, 2, 12, 13, 3, 14], "R": [[-0.028025828906609096, 0.9356070961612125, 0.3519288486709796], [0.6384888098085554, 0.28764359793068195, -0.7138579692899327], [-0.769120661966217, 0.20469617041428984, -0.605436111538098]], "T": [-0.005621118635603363, -0.05653901115784337, 0.054858403724195676], "aligned_model": [[-0.015392705201413982, -0.4244717495677657, -0.19836640059613145, 0.1804855365806368, 0.5354258802403266, -0.6583072369859777, -0.5993089231270542, -0.2704730272028384, 0.35633000881525473, -0.2746648139242447, 0.24598784439323115, 0.4420254249471529, 0.6761650671879965, 0.3297485892045095, 0.03590592929622212], [-0.7595724615626123, 0.0825513051953447, 0.5104072710649479, -0.04674463545909035, -0.3641773338000938, 0.18601213973480757, -0.5785907106237754, -0.3964359203602354, -0.4529256728993932, 0.5349922343093931, 0.0690510302577223, 0.4139595990608031, 0.028371345034788782, 0.5800753921143814, -0.04569486268859975], [-0.3671631974253341, -0.5525490197854617, -0.22991904122704301, -0.7210277812382452, -0.16151264051117814, 0.08410425042432887, 0.03096732185959286, 0.5595779394891853, 0.37416240107791354, 0.4462799081933523, 0.8324560973993372, -0.3059999256489043, 0.2903579292692102, 0.3110910131289346, 0.020774372603854875]], "inverted": false, "swapped": false, "error_lsq": 0.04032200917032517, "error_max": 0.2358073895869877, "target": "366.xyz", "model": "1.xyz", "model_rescale": 3.9405287249114394, "target_rescale": 4.054509499444999},
{"mapping": [8, 12, 4, 9, 13, 0, 7, 10, 2, 1, 5, 6, 14], "R": [[-0.151093664107578, -0.6749248994970065, -0.7222513999332243], [-0.609886837235194, 0.6386509652453967, -0.4692152921190603], [0.7779516375931079, 0.36959616425238895, -0.5081239267502788]], "T": [-0.10282149940191466, -0.10159197601109979, -0.0805164937995957], "aligned_model": [[-0.3184057593311773, 0.22354876989449002, -0.35684447761979793, 0.4776601600571687, 0.546952056357808, -0.7384403875993159, 0.04752390890683554, 0.6205194035283866, 0.10572181116993536, -0.5843022605060122, -0.0632820418926271, -0.3907578014246843, -0.07391010225707764], [0.5945614882792839, 0.4421197392116095, 0.287793897906632, -0.3433654373035067, -0.22126555345442445, 0.1396876499108833, 0.4303321620570707, 0.35391673344226826, -0.7179975854534704, -0.6005990226111744, -0.6410760942628355, -0.16104833684099903, -0.10422704730932042], [0.025603590716626948, -0.45374032976826284, -0.5104803003887943, 0.3568683951971288, -0.32476721537244874, 0.04277818500268844, 0.5017500969882165, 0.07811384154606409, -0.33729603287207255, -0.09828701123523899, 0.3670885688484506, 0.595828223503986, -0.13033966257769947]], "inverted": true, "swapped": true, "error_lsq": 0.03875250239709811, "error_max": 0.20542943726003268, "target": "366.xyz", "model": "2.xyz", "model_rescale": 3.932901565614263, "target_rescale": 4.054509499444999},
{"mapping": [9, 6, 7, 5, 10, 12, 8, 13, 2, 11, 0, 1, 4, 14], "R": [[-0.17820707987402573, -0.8873643923191181, -0.42523719490055845], [-0.7705064056360351, 0.39462768491197286, -0.5005885228157502], [0.6120148001123917, 0.2384395637161324, -0.7540453957808179]], "T": [0.0763039121133136, -0.033749102864243895, 0.08349226101848857], "aligned_model": [[-0.41818238322543333, 0.49901140524851406, 0.21941655889175088, 0.012095815734539397, -0.4410514750738063, -0.181139005821991, 0.4839784954920205, -0.6220357710632654, -0.34193144269160175, -0.28738408181526953, 0.7625702173326391, 0.3920590010347729, 0.3062351567582078, 0.036167421251626274], [0.161871849871463, 0.2188052208726258, -0.45854040254720113, 0.5632447523365148, -0.5910733704629706, -0.6974068918004214, -0.6330904875505136, -0.10540524297389481, 0.4607650073694914, -0.20671501956623214, -0.10554014184044544, 0.5420718286508999, -0.4382193882697352, -0.0472710757390921], [-0.4678104246717731, -0.46552434920319846, -0.5825802089519246, -0.280420409640411, -0.3379420679412928, 0.2698185792762576, -0.04673457945544669, 0.14156926487541832, 0.34791030539803713, 0.5733401252576081, 0.11973328449526664, 0.30682279141922475, 0.5130889535174917, 0.12262509868183943]], "inverted": false, "swapped": true, "error_lsq": 0.0386341362546344, "error_max": 0.2850212339023918, "target": "366.xyz", "model": "3.xyz", "model_rescale": 3.9243930471874484, "target_rescale": 4.054509499444999},
{"mapping": [1, 2, 3, 0, 4, 5, 6, 11, 12, 10, 8, 7, 14], "R": [[0.661319444236169, -0.43788074480137074, -0.6090295937040842], [0.7497434778534903, 0.41104953509394204, 0.5185778602246798], [0.023266071677832234, -0.7995615880163649, 0.6001332825943176]], "T": [-0.057453671137556936, -0.051531594828693135, -0.16035191201974708], "aligned_model": [[0.06207328375275163, -0.2648139815661952, 0.6561002979543576, 0.3606816560477032, 0.5433237257112797, -0.5932311950390945, -0.34589719808933644, 0.18726654369887036, 0.1982242540926068, -0.44122110704803147, 0.28580960504745234, -0.32722460938417497, -0.04388538886683656], [-0.6302020378387664, -0.040850738423626305, -0.45282137751228624, -0.4904003998450543, 0.12746076428985847, -0.4687321060601253, -0.6169428709411694, 0.4079123296760548, 0.6124497832884703, 0.6267263929732592, 0.0383980365695654, 0.021892359495841722, -0.007060581990435057], [-0.5236718434865142, -0.8283859982668145, -0.4504441718061064, 0.1712891995489148, -0.07065151035540856, -0.33879785051180733, 0.21514105741460093, -0.5225126388442766, 0.027247506289122786, 0.22508613313059783, 0.48497798495527167, 0.592252882687037, -0.19446043538365354]], "inverted": false, "swapped": true, "error_lsq": 0.04965327658798775, "error_max": 0.2658920811709097, "target": "366.xyz", "model": "4.xyz", "model_rescale": 3.8936222436046832, "target_rescale": 4.054509499444999},
{"mapping": [10, 7, 12, 13, 4, 0, 6, 1, 2, 9, 11, 14], "R": [[-0.2739634251937339, 0.9617008812040402, 0.00868658433966546], [0.5079547637742183, 0.15236081498936038, -0.8478019462202573], [-0.816655373835987, -0.2278543331761559, -0.5302418346732498]], "T": [-0.10363494106798035, 0.028126263548000043, 0.06751393928454336], "aligned_model": [[-0.03543261874477446, -0.5050347373503246, -0.2743655389199605, 0.4219891293384106, -0.5029346275213761, -0.6984016870271046, -0.32747122447448995, -0.008962990849204988, 0.5388821508786937, 0.38034788433692535, 0.11589849030438062, -0.07696618775607787], [-0.5092613173282445, -0.6492202198640985, 0.11541691360015557, -0.015389438257518349, 0.44523747310362155, 0.14969677085220764, -0.4329677224970639, 0.34463513524601347, 0.27865505795403134, -0.564160126388847, 0.4462198540347167, 0.060060524654833344], [-0.6125131636175924, -0.08952541298267885, -0.6428855392180612, -0.3994031563516806, -0.1924781884949318, 0.3975168732022635, 0.5977725589730685, 0.6774376256077297, 0.18494063621676016, 0.026570543174537775, -0.35573529872042386, 0.027587241486527365]], "inverted": false, "swapped": true, "error_lsq": 0.04245568529825991, "error_max": 0.23512832678491452, "target": "366.xyz", "model": "5.xyz", "model_rescale": 3.6523030999806103, "target_rescale": 4.054509499444999},
{"mapping": [2, 1, 4, 13, 12, 5, 0, 9, 6, 7, 8, 10, 14], "R": [[0.736689334649298, 0.5930076647255036, 0.3250088210968728], [0.670252943672808, -0.7040809820585467, -0.23458679033868823], [0.08972076522137994, 0.39065570555193063, -0.9161540831147417]], "T": [0.06255124680182861, -0.01145477869643496, 0.15119384316854514], "aligned_model": [[0.24171714103117495, -0.39693917295875064, 0.22948541642054604, 0.6739490677541278, 0.661464836013316, -0.30899438906779314, -0.4353003244497365, 0.16752163598481137, -0.5897546557233659, -0.07175262316345607, -0.009595567981745406, 0.6044960580091396, 0.11478548279602657], [-0.48838946317812193, -0.11651809968984422, 0.5815330617180151, -0.36116418159282615, 0.3600786138069361, -0.6069400726218391, 0.4675811138385657, -0.6741821310699991, -0.1567766877578094, 0.08343572593437804, 0.5862970287046586, -0.12394451062834101, -0.010183493300589527], [0.6305838811396248, 0.6600924577175757, 0.2978782369544841, 0.14214442593837254, -0.060233365579393516, 0.16874034820391332, 0.16105454318699122, -0.21825517697775018, -0.1606764852817477, -0.6346430838398577, -0.27289966677447564, -0.5192654854615607, 0.17558911025561252]], "inverted": false, "swapped": true, "error_lsq": 0.04837718282907783, "error_max": 0.2909500446879143, "target": "366.xyz", "model": "6.xyz", "model_rescale": 4.08911054899281, "target_rescale": 4.054509499444999},
{"mapping": [6, 3, 9, 0, 2, 8, 4, 5, 7, 10, 12, 1, 13, 11, 14], "R": [[-0.9617041947478675, 0.19583198404501242, -0.19176776535525963], [0.2650668774384846, 0.48646278022183886, -0.832522380446226], [-0.06974662923301223, -0.8514715482526901, -0.519741868841447]], "T": [0.019465840693572187, -0.008204772024609615, 0.09886631347818306], "aligned_model": [[0.02782058594769492, -0.42492435575966914, -0.14563400025229897, 0.13746513058194804, 0.6510192142743264, -0.5929366886378655, -0.5965770515147599, -0.2719184393220101, 0.3566873566308141, -0.36169897587022243, 0.23299561988231252, 0.5029651622741069, 0.6931125598191296, 0.13212847510403766, 0.02058483090235945], [-0.39433976149217315, -0.15504059931678127, 0.5890485199296239, -0.1572202300597157, -0.3464457442500198, 0.28312581089453315, -0.3506037185222339, -0.4667470561544927, -0.6781886746035162, 0.2909916796061934, 0.08331223120226483, 0.3440515696760801, 0.05899161980967563, 0.5216709443134816, 0.13867212834546921], [-0.21731865547843707, -0.5394189122520124, -0.381329329647897, -0.8222888004718594, -0.2710970959531175, 0.02648809293198559, 0.08868760534968118, 0.6330342689080072, 0.29041835343489464, 0.6322233837860667, 0.7726849756798004, -0.3255037309620493, 0.3773968595363292, 0.32485285953799914, 0.022769753210151872]], "inverted": true, "swapped": false, "error_lsq": 0.036302176945497415, "error_max": 0.25401053327015527, "target": "366.xyz", "model": "7.xyz", "model_rescale": 3.964800864290218, "target_rescale": 4.054509499444999},
{"mapping": [13, 9, 10, 2, 12, 5, 11, 7, 6, 0, 1, 4, 8, 14], "R": [[-0.05575598969873309, 0.6752047778954701, -0.7355200728191204], [-0.9745509626830121, 0.12339208292552185, 0.18714917847780116], [0.21712137330610612, 0.7272364827058875, 0.651141618601699]], "T": [-0.05684524139668071, -0.008050699040493823, 0.13532253698080904], "aligned_model": [[-0.2409225042338438, 0.049607615636555275, 0.4649833930196313, -0.6877489669629405, 0.1947062685000441, -0.23112102161577552, -0.3740075417856894, 0.7244796720092084, 0.2630258108570659, 0.15681874122019224, -0.5119336938656951, -0.01197425525097695, 0.5507211372533583, -0.08544676532026141], [0.07290066713811272, -0.5441561290665154, 0.07896544554557847, -0.17633021145720212, 0.58840870175575, -0.6881619596180952, 0.4553240728105086, -0.17765354709177975, -0.568597886923889, 0.07886239898078995, -0.2515139861399847, 0.5852230292667454, 0.3290901922703384, 0.02858767871084486], [-0.5397687838875393, -0.40131296482878537, -0.5546027462320586, -0.11572410049910137, -0.21452605134942693, 0.1295432360962023, -0.15934505776277103, 0.06219479374388803, 0.4921893322647685, 0.7866462834110697, 0.5987528720085337, 0.35218835989620734, 0.3793856563796565, 0.10119420948437781]], "inverted": true, "swapped": true, "error_lsq": 0.041356239630882995, "error_max": 0.24257320026494664, "target": "366.xyz", "model": "8.xyz", "model_rescale": 4.121658175737393, "target_rescale": 4.054509499444999},
{"mapping": [9, 7, 6, 5, 10, 13, 8, 4, 0, 12, 2, 1, 14], "R": [[-0.1553169984637041, -0.7313123109134828, -0.6641226798526063], [-0.6366996709108771, 0.5881243888841957, -0.4987215979497702], [0.7553079895315598, 0.34538675004402364, -0.556972022496481]], "T": [0.015161270131513853, 0.045334720637282146, 0.04933076489039608], "aligned_model": [[-0.5546187203452819, -0.07115012433904261, 0.33483562889483326, -0.03298109455825803, -0.6696342454019026, -0.6528483842780027, 0.2779955208909834, 0.2689159615921256, 0.6699547954342424, -0.29715476120241285, -0.24389840606977248, 0.4638100117577766, -0.016488685940091626], [0.2628234401472953, -0.48013858800360987, 0.1383876816762014, 0.5923347896788758, -0.44835027260768573, 0.12012830532756019, -0.6339531112199231, -0.33869104692603824, -0.15462306886728241, -0.5258172312437958, 0.6417612749001507, 0.5715028091677744, 0.04502245738218705], [-0.41410026990822074, -0.5515099446968408, -0.6087224246629216, -0.3881963906607902, -0.15852509594064051, 0.2599367363072401, -0.059544803668055986, 0.484245323919138, -0.04389545662149442, 0.39237618188420426, 0.30729465569522807, 0.10418508476749963, 0.0975318375447424]], "inverted": false, "swapped": true, "error_lsq": 0.047935707359720754, "error_max": 0.3099803779749025, "target": "366.xyz", "model": "9.xyz", "model_rescale": 3.833441315466971, "target_rescale": 4.054509499444999},
{"mapping": [11, 9, 2, 8, 10, 3, 7, 6, 12, 4, 1, 13, 0, 5, 14], "R": [[0.4284784349532716, -0.8544660336441715, 0.2937584520118407], [-0.8880557046100136, -0.3382975346384728, 0.31130667125383604], [-0.1666232165384155, -0.3942620643758783, -0.9037666337636412]], "T": [0.04140038643453374, -0.08355062869977917, 0.09525950122973796], "aligned_model": [[-0.02796238694078658, -0.3716517264565015, -0.10422873707954795, 0.11690427448958546, 0.6491172966663276, -0.7406897198732222, -0.49643707705467294, -0.18753446923178907, 0.24395368062439426, -0.46347341317558105, 0.44690010557015986, 0.48065125796387703, 0.6885033059974968, 0.15646150063988504, -0.02942446807972103], [-0.6944302091678395, 0.11793312067697195, 0.5208238015107347, -0.20680137129019954, -0.4109037820200234, 0.2689010408750969, -0.3980492222687466, -0.23760267618522776, -0.5609379345338609, 0.27406158780352985, -0.02864870849786494, 0.5339477073745508, 0.09346368722509615, 0.5413889580605333, -0.05186728018436215], [-0.20029425848314625, -0.5730984697005509, -0.26553678674988074, -0.6706829115639528, -0.351141902833337, -0.040515076571254346, -0.14082411593260108, 0.7158127757932492, 0.40200627065377853, 0.5983783034674153, 0.7102104666350264, -0.15261348685246762, 0.21250584511475745, 0.3268769754511009, 0.040515999181405374]], "inverted": false, "swapped": false, "error_lsq": 0.04522821615658824, "error_max": 0.2717991770012548, "target": "366.xyz", "model": "10.xyz", "model_rescale": 4.2482417240324, "target_rescale": 4.054509499444999},
{"mapping": [2, 13, 12, 10, 3, 0, 4, 7, 9, 6, 5, 14], "R": [[0.26333118271527917, -0.4581248167949846, 0.8489866550460815], [-0.24323665392674332, -0.8831449537585128, -0.401112105074624], [0.9335376898638287, -0.10087934817115107, -0.34399235270027406]], "T": [-0.08595515921815748, 0.09219256255400815, 0.002079369905621478], "aligned_model": [[-0.6408061914444606, -0.061177079117818736, 0.3414925137020891, 0.6133863326383302, -0.6236742760090455, -0.05019545950772393, -0.011904600214831876, 0.6491763496455852, 0.0808566264186313, 0.03216439193911101, -0.3545701988224141, -0.09798280686444498], [-0.3204714575914119, -0.6106149015021451, -0.2015897714089689, -0.42202104309944083, 0.5966236330392782, 0.7718871402178669, 0.2810332984084076, 0.25605372875940036, -0.36191923689464894, 0.5551897853669089, 0.07257394327417885, 0.04938627148121466], [-0.10389542869002215, 0.04249680556247637, 0.5240146540669117, -0.0467025433470802, 0.4611585812055217, 0.12109756897735759, 0.6019740260239242, -0.27597205715829126, -0.5917852665651216, -0.5596731492628209, -0.6463169941573641, 0.038796093198865476]], "inverted": false, "swapped": true, "error_lsq": 0.04967942307502257, "error_max": 0.3239776901170682, "target": "366.xyz", "model": "11.xyz", "model_rescale": 3.6694154284099745, "target_rescale": 4.054509499444999},
{"mapping": [4, 12, 13, 10, 7, 3, 0, 1, 9, 5, 2, 6, 11, 14], "R": [[-0.37750964339815857, -0.5110892411806583, 0.772187967201493], [-0.00015915355473816728, 0.83392700076522, 0.551874743093821], [-0.9260056391899248, 0.20821514100589267, -0.31489682634849636]], "T": [0.03705426242175625, 0.013702195683091924, -0.01947346682598207], "aligned_model": [[-0.20016987819433585, 0.010615081501868136, -0.13033407136683972, 0.49733880210512016, 0.8138031177666135, -0.5302107588115967, 0.1565720012618868, -0.28226457201601274, 0.39928920669868784, 0.18749374079663542, -0.43775549587565876, 0.5567208462795453, -0.43958889365631765, -0.003244276233786203], [-0.32520873442946363, 0.1889701981235857, 0.6779165611143955, 0.580047459298535, -0.0034745150194447003, -0.6417698711534884, -0.6668448387035856, -0.3121078967551599, 0.6258602028582644, 0.18700662843745797, 0.39003576773222925, -0.26556174384174996, 0.2525202675059562, 0.04359780296872275], [-0.4989335754953392, -0.7336289896072594, -0.18374846905621883, -0.49198274127527863, -0.2218285743391052, 0.034499127730253196, -0.01969892048320926, 0.5030500377157017, 0.2647224586767758, 0.6440702857541509, 0.33025593627997374, 0.4230678794827956, -0.362860021167769, -0.04788897456305581]], "inverted": false, "swapped": true, "error_lsq": 0.042301259972799335, "error_max": 0.28576721648801523, "target": "366.xyz", "model": "12.xyz", "model_rescale": 3.9764082729961374, "target_rescale": 4.054509499444999},
{"mapping": [11, 14, 4, 3, 8, 6, 13, 12, 10, 5, 9, 7, 2, 0, 15], "R": [[-0.8803950481598602, -0.246647879819354, -0.4050547895732314], [0.21946972434440892, 0.5452464350961835, -0.8090360715759789], [0.4204017117850335, -0.8011686142102178, -0.42590051929141015]], "T": [-0.0014614193744045094, -0.026327273014210208, 0.11731209671609191], "aligned_model": [[-0.007428570151128338, -0.4447530924485869, -0.12406975740028493, 0.2291539724248274, 0.5216785615092466, -0.7048845910111396, -0.49074002563210833, -0.16640092467577353, 0.256732250121236, -0.3998266626219938, 0.09141828258081035, 0.45876242574912496, 0.7866891302024775, 0.36500956167802756, -0.010251136264831168], [-0.6588146296170042, -0.24678103584631536, 0.6562661757037684, -0.07314896098509274, -0.3758111856230983, 0.1793331196970358, -0.3936654743927879, -0.39785004930714574, -0.7805672652605393, 0.5433833931045848, 0.1898168542491679, 0.4683087479011293, 0.0650318607388797, 0.5547198362165142, 0.03105733279929203], [-0.36275960167762555, -0.510143615355547, -0.06949556103126991, -0.6908139565172235, -0.20492755304350083, -0.09846197534448645, 0.10507945786058467, 0.6092260335330894, 0.22029249333068368, 0.5858831113099162, 0.6706241277906793, -0.22115934685890667, 0.19935924040594322, 0.3522401929569371, 0.0266565802502694]], "inverted": false, "swapped": false, "error_lsq": 0.042598107293510164, "error_max": 0.27242042743624967, "target": "366.xyz", "model": "13.xyz", "model_rescale": 4.170626492500431, "target_rescale": 4.054509499444999},
{"mapping": [9, 7, 5, 6, 2, 3, 1, 10, 13, 8, 12, 0, 11, 14], "R": [[-0.5020402050956255, -0.6906447340697013, -0.5205434504144049], [-0.21732100551441047, -0.48183612164380535, 0.8488848758468144], [-0.8370945066297759, 0.5392993632307084, 0.09180949727127674]], "T": [-0.037016878625321506, 0.07771496204826486, 0.08833449770767239], "aligned_model": [[0.3026138842957911, -0.06287026832589106, -0.2303978563345071, -0.5657354217816147, 0.184925247356289, -0.5492311665968792, -0.5267849348546657, 0.6162974338759629, 0.6394952702672828, -0.19925175613861917, 0.46435064011830934, -0.6411144438303356, 0.4026534891542331, 0.008232904886287577], [-0.2721917320814451, -0.7189766250249991, 0.028564879674823816, -0.3412702318243812, 0.5779266520832769, 0.6884892666959109, 0.5005374261735269, -0.4915103519789743, 0.17075616830329962, -0.34914899884472483, -0.026796728150106114, 0.005485954935311149, 0.4735702627059095, 0.11063852525823792], [-0.5023728367289332, 0.18422782664366544, -0.584825840931694, -0.20964647304101958, -0.3474543012415904, 0.43320773189815176, -0.16165742633830932, 0.15930477658085693, -0.08446741267208789, 0.6661187954516263, 0.6166752319378941, 0.41586756318986406, 0.31664490922195226, 0.10225055715048988]], "inverted": true, "swapped": true, "error_lsq": 0.04377073842827234, "error_max": 0.2294366654926153, "target": "366.xyz", "model": "14.xyz", "model_rescale": 3.9786697098870705, "target_rescale": 4.054509499444999},
{"mapping": [11, 12, 2, 1, 13, 9, 8, 7, 5, 0, 10, 14], "R": [[0.8565038738707804, -0.30808911665665, 0.414104105560512], [0.22078005662135675, -0.5065135608215239, -0.8334867601241014], [0.4665375447299146, 0.8053105667390847, -0.36581089439183945]], "T": [0.09531536157560008, -0.12923663291302775, -0.01956065289733756], "aligned_model": [[-0.16367671717430896, -0.6009706413946622, 0.5245381941037213, 0.6512447893122527, -0.02222823556389994, 0.33772781075153385, -0.4567296795145691, -0.22456890022896955, 0.7324746349560273, 0.05728658849564387, -0.4260475959426462, 0.07430434896721314], [-0.15790078594961393, -0.02083708351385344, -0.002812538454788932, -0.5414110320963383, 0.3707278714325619, 0.5939773130817741, -0.32889752966099983, 0.2095874117139014, 0.1255888442349691, -0.6738253258040382, 0.5635449442610565, -0.12306759902019149], [-0.5976943440479909, -0.23138924738813596, -0.5573028102548503, -0.06648914311506741, -0.5016445159933262, 0.05055851338059454, 0.42512967781385524, 0.6342388110357151, 0.12892776818580565, 0.4040025356974753, 0.04453445134462912, -0.0729052027848739]], "inverted": true, "swapped": true, "error_lsq": 0.04950323354976426, "error_max": 0.2824350540226569, "target": "366.xyz", "model": "15.xyz", "model_rescale": 3.769337070930944, "target_rescale": 4.054509499444999},
{"mapping": [6, 0, 9, 5, 7, 8, 10, 4, 13, 2, 14], "R": [[-0.772669549813921, 0.16683294840188942, -0.6124937012883358], [0.362650839259271, -0.6759011900288379, -0.6415932902564889], [-0.521024121874313, -0.7178609535593459, 0.46174615946423186]], "T": [-0.07275141231040363, -0.050484767920108344, 0.10761969670710353], "aligned_model": [[-0.40711396460091187, -0.17595549475349218, -0.12255053173102518, -0.6239979889142752, 0.3217086358686324, 0.40906590684870103, 0.6081301432499839, 0.2488358609769333, 0.16958829403768316, -0.45433347383450184, -0.05075125645655629], [-0.03621980351463685, -0.6408569870403718, 0.6932841235240512, 0.3338835590391177, 0.10104203368674233, -0.4437961045336044, 0.47164094509898413, -0.5612089789429172, 0.4660062988878133, 0.2546979751356693, -0.04240856371550546], [-0.5495581665129174, -0.23623836557645955, -0.06858129222660228, -0.09571494290754803, -0.5750385721156972, -0.28674809452351846, -0.03259041931076401, 0.2993494888124978, 0.5207713619903431, 0.6082598300229729, 0.16030677957146974]], "inverted": true, "swapped": true, "error_lsq": 0.04354456026768248, "error_max": 0.24392216417542587, "target": "366.xyz", "model": "16.xyz", "model_rescale": 3.7852294659196426, "target_rescale": 4.054509499444999},
{"mapping": [1, 11, 4, 3, 2, 13, 10, 12, 0, 6, 9, 8, 14], "R": [[0.13072381618075357, 0.9896851500670385, 0.05860535487414428], [0.44550536470896585, -0.005831263683440002, -0.8952602785667337], [-0.8856840598648437, 0.14314084008639194, -0.441672328769519]], "T": [0.0006721458287869634, 0.10943332552421531, -0.06854192606336225], "aligned_model": [[0.08249745458755758, -0.4243394151877876, 0.20228830322344618, 0.269987829014567, -0.5874793704356699, -0.6434084084912159, -0.2188963242100234, -0.1155921546692352, 0.6452999955970502, 0.4757102567826732, -0.3585518785925516, 0.5698746445898683, -0.043625081992396036], [-0.2577583765034243, -0.22491762258786419, -0.32608225179153366, -0.696403962815525, -0.06334591493656694, 0.2758517561628893, 0.723985973135383, 0.08009324715034222, -0.12782465078180716, 0.4735242014430774, 0.7626301957666315, 0.16921410021037153, 0.08608892925090014], [-0.6513132534023259, 0.2626856571280003, 0.3446106053808667, -0.24865745341305462, -0.405598371490796, 0.16308492769538235, 0.5059043810974485, 0.6574455296939087, -0.14332424163079677, -0.4994261062140656, -0.24464091430693174, 0.39492594304143896, -0.039942006435900866]], "inverted": true, "swapped": true, "error_lsq": 0.04277248012793656, "error_max": 0.2658865340242171, "target": "366.xyz", "model": "17.xyz", "model_rescale": 3.901054581598922, "target_rescale": 4.054509499444999},
{"mapping": [10, 6, 7, 11, 9, 1, 4, 8, 5, 0, 2, 12, 13, 3, 14], "R": [[-0.028025828906609096, 0.9356070961612125, 0.3519288486709796], [0.6384888098085554, 0.28764359793068195, -0.7138579692899327], [-0.769120661966217, 0.20469617041428984, -0.605436111538098]], "T": [-0.005621118635603363, -0.05653901115784337, 0.054858403724195676], "aligned_model": [[-0.015392705201413982, -0.4244717495677657, -0.19836640059613145, 0.1804855365806368, 0.5354258802403266, -0.6583072369859777, -0.5993089231270542, -0.2704730272028384, 0.35633000881525473, -0.2746648139242447, 0.24598784439323115, 0.4420254249471529, 0.6761650671879965, 0.3297485892045095, 0.03590592929622212], [-0.7595724615626123, 0.0825513051953447, 0.5104072710649479, -0.04674463545909035, -0.3641773338000938, 0.18601213973480757, -0.5785907106237754, -0.3964359203602354, -0.4529256728993932, 0.5349922343093931, 0.0690510302577223, 0.4139595990608031, 0.028371345034788782, 0.5800753921143814, -0.04569486268859975], [-0.3671631974253341, -0.5525490197854617, -0.22991904122704301, -0.7210277812382452, -0.16151264051117814, 0.08410425042432887, 0.03096732185959286, 0.5595779394891853, 0.37416240107791354, 0.4462799081933523, 0.8324560973993372, -0.3059999256489043, 0.2903579292692102, 0.3110910131289346, 0.020774372603854875]], "inverted": false, "swapped": false, "error_lsq": 0.04032200917032517, "error_max": 0.2358073895869877, "target": "366.xyz", "model": "18.xyz", "model_rescale": 3.9405287249114394, "target_rescale": 4.054509499444999},
{"mapping": [1, 10, 11, 2, 6, 14, 12, 4, 0, 13, 7, 5, 8, 9, 15], "R": [[0.015588457322421145, -0.26221880943202447, 0.9648825296264613], [-0.5150020663035771, -0.829256477643702, -0.21704047085510686], [0.8570471817241762, -0.493533170380687, -0.14797005789224665]], "T": [-0.08310051947334977, -0.07682495598436365, 0.09340414575934253], "aligned_model": [[-0.01032623511134688, -0.3466024318131268, -0.19691059316744897, 0.2543657467053921, 0.5312783162026489, -0.7865606050535396, -0.5101059051635236, -0.03512089423210888, 0.3145455345164377, -0.4619992502467376, 0.21281315374472903, 0.5702396525725739, 0.6606404283301575, 0.2414117227740094, -0.07657921599821267], [-0.6423668604300807, 0.1720539048656001, 0.5922375538608673, -0.041244617335986916, -0.34095161085059045, 0.17924780453137182, -0.3867590843216788, -0.4376804095819934, -0.607311158312011, 0.38437687943372933, 0.17607293180629704, 0.304917755615171, -0.11014918216288018, 0.5879748738933795, -0.0691400616328059], [-0.23883926174628178, -0.6041129448999696, -0.1487029110257915, -0.7067057477590991, -0.23985132989679936, -0.104862370308168, 0.24087040933432874, 0.7275542271964084, 0.27543783176908276, 0.40171967277227955, 0.6800073381261666, -0.25109805233307175, 0.22760941408328333, 0.2977147861642174, 0.05485856613295735]], "inverted": true, "swapped": false, "error_lsq": 0.03682787494843797, "error_max": 0.24886240392925751, "target": "366.xyz", "model": "19.xyz", "model_rescale": 4.410303926677745, "target_rescale": 4.054509499444999},
{"mapping": [13, 9, 10, 2, 12, 5, 11, 7, 6, 0, 1, 4, 8, 14], "R": [[-0.05575598969873309, 0.6752047778954701, -0.7355200728191204], [-0.9745509626830121, 0.12339208292552185, 0.18714917847780116], [0.21712137330610612, 0.7272364827058875, 0.651141618601699]], "T": [-0.05684524139668071, -0.008050699040493823, 0.13532253698080904], "aligned_model": [[-0.2409225042338438, 0.049607615636555275, 0.4649833930196313, -0.6877489669629405, 0.1947062685000441, -0.23112102161577552, -0.3740075417856894, 0.7244796720092084, 0.2630258108570659, 0.15681874122019224, -0.5119336938656951, -0.01197425525097695, 0.5507211372533583, -0.08544676532026141], [0.07290066713811272, -0.5441561290665154, 0.07896544554557847, -0.17633021145720212, 0.58840870175575, -0.6881619596180952, 0.4553240728105086, -0.17765354709177975, -0.568597886923889, 0.07886239898078995, -0.2515139861399847, 0.5852230292667454, 0.3290901922703384, 0.02858767871084486], [-0.5397687838875393, -0.40131296482878537, -0.5546027462320586, -0.11572410049910137, -0.21452605134942693, 0.1295432360962023, -0.15934505776277103, 0.06219479374388803, 0.4921893322647685, 0.7866462834110697, 0.5987528720085337, 0.35218835989620734, 0.3793856563796565, 0.10119420948437781]], "inverted": true, "swapped": true, "error_lsq": 0.041356239630882995, "error_max": 0.24257320026494664, "target": "366.xyz", "model": "20.xyz", "model_rescale": 4.121658175737393, "target_rescale": 4.054509499444999},
{"mapping": [2, 1, 4, 13, 12, 5, 0, 9, 6, 7, 8, 10, 14], "R": [[0.736689334649298, 0.5930076647255036, 0.3250088210968728], [0.670252943672808, -0.7040809820585467, -0.23458679033868823], [0.08972076522137994, 0.39065570555193063, -0.9161540831147417]], "T": [0.06255124680182861, -0.01145477869643496, 0.15119384316854514], "aligned_model": [[0.24171714103117495, -0.39693917295875064, 0.22948541642054604, 0.6739490677541278, 0.661464836013316, -0.30899438906779314, -0.4353003244497365, 0.16752163598481137, -0.5897546557233659, -0.07175262316345607, -0.009595567981745406, 0.6044960580091396, 0.11478548279602657], [-0.48838946317812193, -0.11651809968984422, 0.5815330617180151, -0.36116418159282615, 0.3600786138069361, -0.6069400726218391, 0.4675811138385657, -0.6741821310699991, -0.1567766877578094, 0.08343572593437804, 0.5862970287046586, -0.12394451062834101, -0.010183493300589527], [0.6305838811396248, 0.6600924577175757, 0.2978782369544841, 0.14214442593837254, -0.060233365579393516, 0.16874034820391332, 0.16105454318699122, -0.21825517697775018, -0.1606764852817477, -0.6346430838398577, -0.27289966677447564, -0.5192654854615607, 0.17558911025561252]], "inverted": false, "swapped": true, "error_lsq": 0.04837718282907783, "error_max": 0.2909500446879143, "target": "366.xyz", "model": "21.xyz", "model_rescale": 4.08911054899281, "target_rescale": 4.054509499444999},
{"mapping": [2, 4, 7, 3, 14, 0, 1, 11, 15, 6, 5, 12, 9, 10, 16], "R": [[0.5947430384234149, 0.6182758961432122, 0.5138245172188584], [0.46166455920917726, 0.2605782314611753, -0.847917932384239], [-0.658138703479047, 0.7415078566926141, -0.13045897993639574]], "T": [-0.000835203823545929, -0.021678417096423475, 0.0732972100960608], "aligned_model": [[-0.22588630267484763, -0.33022673213616555, -0.10512414716312685, 0.2760603074412114, 0.5347583970512524, -0.6982302029464441, -0.5859140793813313, 0.005477660977344482, 0.21821277034874106, -0.4655293645174193, 0.27153931895982847, 0.5418604683983851, 0.6559339862878021, 0.2946985845381191, -0.026541241123445105], [-0.6000364599753396, -0.11536523727383817, 0.6602137462427511, -0.1817746046528158, -0.21801081376882486, 0.21529780081092145, -0.522809566037799, -0.49728157214450786, -0.7162714475960316, 0.471188714557403, 0.14814701813760023, 0.3788484880513891, 0.08379244796335071, 0.657533735432395, -0.0021935303682647893], [-0.2956307049718345, -0.5341698150737673, -0.09974348420203819, -0.734153661391372, -0.22066821417336194, -0.16662337160542226, 0.2644742542273425, 0.673009488530279, 0.10593958878636461, 0.38427221890499264, 0.701549145894329, -0.22675130537833185, 0.3284005991494907, 0.3934003825400536, 0.03829450637281959]], "inverted": false, "swapped": false, "error_lsq": 0.03728592812339292, "error_max": 0.1962422481941587, "target": "366.xyz", "model": "22.xyz", "model_rescale": 4.204369325754507, "target_rescale": 4.054509499444999},
{"mapping": [1, 10, 11, 2, 6, 14, 12, 4, 0, 13, 7, 5, 8, 9, 15], "R": [[0.015588457322421145, -0.26221880943202447, 0.9648825296264613], [-0.5150020663035771, -0.829256477643702, -0.21704047085510686], [0.8570471817241762, -0.493533170380687, -0.14797005789224665]], "T": [-0.08310051947334977, -0.07682495598436365, 0.09340414575934253], "aligned_model": [[-0.01032623511134688, -0.3466024318131268, -0.19691059316744897, 0.2543657467053921, 0.5312783162026489, -0.7865606050535396, -0.5101059051635236, -0.03512089423210888, 0.3145455345164377, -0.4619992502467376, 0.21281315374472903, 0.5702396525725739, 0.6606404283301575, 0.2414117227740094, -0.07657921599821267], [-0.6423668604300807, 0.1720539048656001, 0.5922375538608673, -0.041244617335986916, -0.34095161085059045, 0.17924780453137182, -0.3867590843216788, -0.4376804095819934, -0.607311158312011, 0.38437687943372933, 0.17607293180629704, 0.304917755615171, -0.11014918216288018, 0.5879748738933795, -0.0691400616328059], [-0.23883926174628178, -0.6041129448999696, -0.1487029110257915, -0.7067057477590991, -0.23985132989679936, -0.104862370308168, 0.24087040933432874, 0.7275542271964084, 0.27543783176908276, 0.40171967277227955, 0.6800073381261666, -0.25109805233307175, 0.22760941408328333, 0.2977147861642174, 0.05485856613295735]], "inverted": true, "swapped": false, "error_lsq": 0.03682787494843797, "error_max": 0.24886240392925751, "target": "366.xyz", "model": "23.xyz", "model_rescale": 4.410303926677745, "target_rescale": 4.054509499444999},
{"mapping": [0, 2, 4, 3, 1, 5, 12, 13, 7, 15, 14, 10, 11, 9, 16], "R": [[-0.9786074979629774, 0.14252696939932527, 0.14836922836115732], [-0.02055391378354561, 0.6498250485796846, -0.7598058586682452], [-0.2047068673953564, -0.7466012786168095, -0.6329941778633715]], "T": [0.04405242398354306, 0.03132720275793286, 0.1475483262398372], "aligned_model": [[-0.20056263308180494, -0.40287128026156893, -0.19129117035965051, 0.14651815136748908, 0.657738184117452, -0.5644088090564093, -0.5468067277009888, -0.1055875202436653, 0.27576531619473976, -0.2839827680434268, 0.11529277167930167, 0.47382875971438776, 0.6241703057424139, 0.2931176342109133, 0.07016920978072116], [-0.5065338389993871, -0.07299014070296769, 0.4010223126890399, -0.016920699660388137, -0.3522207490679713, 0.12962232279273098, -0.5136948193620646, -0.4112165245482139, -0.5908156233983856, 0.5415494176248417, 0.1585066059558963, 0.41704467653309996, 0.013836558784802257, 0.5583380918812599, 0.0057511288560954665], [-0.3228289528700436, -0.6412932583736186, -0.3833219887013954, -0.7448775246060315, -0.3135548140979375, 0.022188720733206352, 0.15105447206712733, 0.6728573403856044, 0.1818752271726211, 0.5235541707195264, 0.8085325940382719, -0.15294839245420538, 0.40029089734286444, 0.37699554768350696, 0.03307558857004558]], "inverted": true, "swapped": false, "error_lsq": 0.039123285394093356, "error_max": 0.2595115640164121, "target": "366.xyz", "model": "24.xyz", "model_rescale": 4.28219845311461, "target_rescale": 4.054509499444999},
{"mapping": [13, 4, 1, 7, 9, 0, 2, 14, 12, 6, 10, 5, 11, 8, 15], "R": [[0.13146284917293902, 0.6832358701329868, -0.7182661519596715], [0.7895602385186857, 0.3659539633759237, 0.4926178300059484], [0.5994265167955529, -0.6318753377471492, -0.49134652589519445]], "T": [0.04535025274981344, -0.03954813592508333, -0.053154548709121154], "aligned_model": [[-0.05468270771656257, -0.44811393878679406, 0.0009484841560092605, 0.11532675192735878, 0.6269145353860283, -0.6912668740892679, -0.5430902101848468, -0.050271908342938015, 0.43773157888177483, -0.4703664416155089, 0.2115804721806913, 0.6495780640142507, 0.4739316838693831, 0.12601624954803106, -0.023146315167705572], [-0.6130050812307918, 0.009470388062599311, 0.5690852787352212, -0.41150360556464266, -0.16043196401927579, 0.3110907602560608, -0.32691741907790933, -0.3930443821480357, -0.6493570979806633, 0.3185982316802219, 0.14630183246868525, 0.5579285017695736, -0.1258536579585277, 0.540564536835842, -0.011647602449969381], [-0.17171675026586813, -0.5904988042873336, -0.24672946534697313, -0.7330798563115775, -0.37571271268267215, -0.051833576335431876, 0.14668724138842895, 0.6147087839487384, 0.18889880270879203, 0.5933472730091568, 0.7001927299239642, 0.0035120236048707468, 0.27141652981549214, 0.31954954409313036, -0.05714213565317398]], "inverted": true, "swapped": false, "error_lsq": 0.040253894710623635, "error_max": 0.2741997534004368, "target": "366.xyz", "model": "25.xyz", "model_rescale": 4.100010024507729, "target_rescale": 4.054509499444999},
{"mapping": [2, 13, 12, 10, 3, 0, 4, 7, 9, 6, 5, 14], "R": [[0.26333118271527917, -0.4581248167949846, 0.8489866550460815], [-0.24323665392674332, -0.8831449537585128, -0.401112105074624], [0.9335376898638287, -0.10087934817115107, -0.34399235270027406]], "T": [-0.08595515921815748, 0.09219256255400815, 0.002079369905621478], "aligned_model": [[-0.6408061914444606, -0.061177079117818736, 0.3414925137020891, 0.6133863326383302, -0.6236742760090455, -0.05019545950772393, -0.011904600214831876, 0.6491763496455852, 0.0808566264186313, 0.03216439193911101, -0.3545701988224141, -0.09798280686444498], [-0.3204714575914119, -0.6106149015021451, -0.2015897714089689, -0.42202104309944083, 0.5966236330392782, 0.7718871402178669, 0.2810332984084076, 0.25605372875940036, -0.36191923689464894, 0.5551897853669089, 0.07257394327417885, 0.04938627148121466], [-0.10389542869002215, 0.04249680556247637, 0.5240146540669117, -0.0467025433470802, 0.4611585812055217, 0.12109756897735759, 0.6019740260239242, -0.27597205715829126, -0.5917852665651216, -0.5596731492628209, -0.6463169941573641, 0.038796093198865476]], "inverted": false, "swapped": true, "error_lsq": 0.04967942307502257, "error_max": 0.3239776901170682, "target": "366.xyz", "model": "26.xyz", "model_rescale": 3.6694154284099745, "target_rescale": 4.054509499444999},
