[{"mapping": [12, 8, 9, 1, 6, 11, 0, 3, 2, 5, 4, 13], "R": [[-0.7763118449547364, 0.6297997058014002, 0.026310643387104093], [-0.30837046637768106, -0.41584949023926576, 0.8555564604009219], [0.5497704746973822, 0.6560651888648054, 0.5170405139936352]], "T": [-0.09427862375546062, -0.024294944517758037, -0.018013747613457073], "aligned_model": [[-0.35918123686200654, 0.26419116795197894, 0.4171813911296596, -0.2421059548958019, 0.08643864206341667, -0.7132702484219259, 0.3638910361467923, -0.1479748664612057, 0.5971917638634414, 0.09774699998151626, -0.4836483238635797, -0.0428179081717365], [-0.21232334920669427, -0.7232247690064499, -0.26155767233386656, 0.5271755580882037, 0.29968771247886977, -0.39304836738763316, -0.19243345097633008, -0.5798221394031395, 0.19593426421031765, 0.3780348864008173, 0.13502333135997707, -0.11989096824701509], [-0.5733629101658778, 0.04275418073298244, -0.46518602098840056, -0.021552091709365326, -0.7281164032904476, -0.07377979058927688, 0.45371793256604076, 0.6874642817847912, -0.07605119280569679, 0.5040681805530306, 0.44939284741543517, -0.01739726814965281]], "inverted": true, "swapped": true, "error_lsq": 0.04269113067408761, "error_max": 0.23516487576999234, "target": "367.xyz", "model": "0.xyz", "model_rescale": 3.751011558992144, "target_rescale": 4.100980416963791},
{"mapping": [11, 13, 12, 10, 5, 9, 3, 4, 6, 7, 2, 8, 0, 14], "R": [[-0.8420037618654439, -0.41631959034171123, 0.3430855049432295], [0.5016858371727991, -0.3704528902834145, 0.781713487705625], [-0.19834562204563205, 0.8303268361183892, 0.5207843694245797]], "T": [-0.08835679274041232, -0.05942504043656668, 0.12838748709851244], "aligned_model": [[0.2412898937618455, 0.07188674297121468, 0.5738977852494462, -0.5754055163152042, -0.47051328718739027, -0.15654217731027864, 0.4773910736414809, -0.6964737534291563, 0.14987803641391817, 0.47693065495063003, -0.1891407657262804, -0.6389793027201802, 0.24058131233099606, -0.05630262301050879], [-0.7655577986157854, 0.24831829789384982, -0.1965397124754191, -0.6968696879780422, 0.133614194599878, -0.32134789618069864, 0.4280018890610729, -0.31227968345403306, -0.6152780638574802, -0.14698887449317763, 0.7323637160826346, 0.2727953070170893, 0.4871698057680998, -0.0840064149150432], [-0.043195084367727066, -0.5096706962017772, -0.17917314874483392, -0.04161724905242789, -0.3263413491150726, -0.4723926659559905, -0.032081293658411336, 0.5663740868216116, 0.573356393654664, 0.4637376030154413, -0.08760153537038312, 0.29228606665680323, 0.5389216703695445, 0.09134563677967808]], "inverted": true, "swapped": false, "error_lsq": 0.04004325544922255, "error_max": 0.2302264118233343, "target": "367.xyz", "model": "1.xyz", "model_rescale": 3.9405287249114394, "target_rescale": 4.100980416963791},
{"mapping": [10, 6, 12, 0, 2, 11, 4, 5, 8, 7, 3, 11, 13], "R": [[-0.5637614398466062, 0.49509072691439066, 0.6611037823711658], [-0.14435618743992745, -0.8471715472201141, 0.5113332188783423], [0.8132246492144037, 0.19283553019103705, 0.5490720610321124]], "T": [0.07085390995692051, 0.07606940174315036, -0.0591912464845291], "aligned_model": [[-0.32318226489060475, 0.12902105754882315, -0.4307032467868199, 0.5007516671034251, 0.6979202410479048, -0.6204730615608138, 0.02399068230782342, 0.6190048187374311, -0.005507825409765993, -0.5187923842433958, -0.015102420325379742, -0.6204730615608138, 0.059529077316117764], [0.6648028083494651, 0.5359191252012971, 0.23320187933600967, -0.4260627057331723, -0.0008175895539719591, 0.04166767323708853, 0.1945544324185596, 0.13979636115169153, -0.6758355270881137, -0.6380823387674622, -0.6270681572680799, 0.04166767323708853, -0.024911040948383645], [0.07501474823335229, -0.7126620481089382, -0.43025804741514617, 0.09499058686761759, -0.42096016908103856, 0.14846979791853887, 0.5566213360985162, 0.3491984308877382, -0.2816864051130414, 0.1881008686831644, 0.4952472831052709, 0.14846979791853887, -0.09742583040592863]], "inverted": true, "swapped": true, "error_lsq": 0.058386864913899515, "error_max": 0.41817673981702724, "target": "367.xyz", "model": "2.xyz", "model_rescale": 3.932901565614263, "target_rescale": 4.100980416963791},
{"mapping": [3, 12, 8, 1, 10, 11, 9, 2, 0, 7, 12, 6, 5, 13], "R": [[0.8027003661759631, -0.3297842200085133, -0.49690491079717786], [-0.09631232352143015, 0.7505785901300199, -0.6537244957750434], [0.5885542103144605, 0.5726029586649093, 0.5707274246514826]], "T": [0.014072915860107206, -0.1869317569878475, 0.11084551700897577], "aligned_model": [[0.23558768987171883, -0.15133954676481995, 0.6203479328063003, -0.5944046903086031, -0.4654577858136422, 0.03210199425051736, 0.5008636584953489, -0.6067361792756846, -0.11284834485396472, 0.5989844822180983, -0.15133954676481995, -0.48974383686234596, 0.05843898143428156, -0.025956734811852476], [-0.6419342937035334, 0.5149646676211074, -0.30314421960648164, -0.6049165299525594, 0.05941403516206273, -0.36790297093481006, 0.34489655923254237, -0.2593043219172285, -0.6745100019091435, -0.059647671549015374, 0.5149646676211074, 0.2483855495246127, 0.4721217589126627, -0.07999215004837774], [0.04310059426125701, -0.14037139422324568, -0.2862841757752764, 0.04910126000488235, -0.3608636064384588, -0.7635874823811337, -0.030527586301590692, 0.6618066158358544, 0.5525567097596531, 0.4999724480761838, -0.14037139422324568, 0.26368459253842813, 0.39453513800225537, 0.09119671569555561]], "inverted": true, "swapped": false, "error_lsq": 0.04861224124509247, "error_max": 0.4310260068100845, "target": "367.xyz", "model": "3.xyz", "model_rescale": 3.9243930471874484, "target_rescale": 4.100980416963791},
{"mapping": [12, 10, 6, 9, 2, 11, 8, 1, 5, 4, 0, 3, 13], "R": [[-0.9673503600003703, 0.08228772539643653, 0.23971235107151745], [0.24645396965239097, 0.08483372254454324, 0.9654344516132692], [0.05910771396131072, 0.9929914248211393, -0.10234406862125311]], "T": [0.015937810763914706, -0.052633905355360784, -0.13095223639020753], "aligned_model": [[-0.09007705759956, -0.24989847756109435, 0.5654595004443832, 0.4766934671250455, 0.6992687532641371, -0.6381596065034338, -0.043447823728467116, 0.15631696067548512, 0.17530505360851187, -0.38976492743420726, 0.14081323531132073, -0.5378087337579831, 0.012505542467214581], [-0.5405863138847469, 0.06168120754666886, -0.3316081608013266, -0.5884353613566424, -0.013086401313390762, -0.2850468075997409, -0.5505406820894329, 0.35569299799506243, 0.5737144907481118, 0.4276936337994502, 0.10129931227935807, 0.043372184079709004, -0.1263205457214929], [-0.5366664984570761, -0.7913656697277955, -0.642878550588112, 0.004948520747026397, 0.11703035235561382, -0.33190093986745933, 0.4767141361698603, -0.5045134619287373, 0.10056977410404463, -0.14323005441594822, 0.5182252936790062, 0.5714298504564133, -0.0512924371558717]], "inverted": true, "swapped": true, "error_lsq": 0.048545913845860836, "error_max": 0.27306273288936256, "target": "367.xyz", "model": "4.xyz", "model_rescale": 3.8936222436046832, "target_rescale": 4.100980416963791},
{"mapping": [10, 11, 6, 1, 9, 8, 3, 0, 5, 4, 2, 13], "R": [[-0.07436408144090312, 0.013320829295518033, -0.9971421858984459], [0.9002180680166915, -0.4292985944713724, -0.07287075408694521], [-0.4290424377701425, -0.9030643788190209, 0.01993274442894305]], "T": [-0.09969975630527213, -0.06553523622245207, -0.09967369621996627], "aligned_model": [[0.041415993262059234, -0.41372982669638236, -0.22507692128990753, 0.3651326667570516, -0.5633029775598934, -0.6648229427724247, -0.17542782008008811, -0.00011922009088861929, 0.5148241144809197, 0.30497684771207423, 0.02498411324806156, -0.18130598475548432], [-0.56568545942166, -0.7163954520332784, 0.28695010772676854, -0.11945535206083403, 0.47138249035908986, 0.1590960216193144, -0.3312298429227912, 0.2694395064752392, 0.09422184537674373, -0.5000211216436021, 0.6517194300426044, -0.031099268407786894], [-0.59949254302228, -0.09729373834235581, -0.8081254748193112, -0.4267953777598388, -0.22066708049030825, 0.4011983576617859, 0.7564014389339759, 0.48221668113294114, 0.16138330876064302, 0.10749498625455947, -0.10014568083952886, -0.03689015819476385]], "inverted": false, "swapped": true, "error_lsq": 0.03779587313895942, "error_max": 0.21384039820428588, "target": "367.xyz", "model": "5.xyz", "model_rescale": 3.6523030999806103, "target_rescale": 4.100980416963791},
{"mapping": [6, 1, 5, 2, 0, 12, 4, 9, 11, 7, 3, 8, 13], "R": [[0.7148163414861115, -0.6957104451479741, -0.07088423277724505], [-0.573451148178955, -0.5251326094867159, -0.6288000660829408], [0.4002391517538597, 0.4901252074375283, -0.7743293242785467]], "T": [0.009209061112443073, -0.0636982913676157, 0.15106872215389638], "aligned_model": [[0.11526507573350601, -0.14276750700916035, 0.249208270046613, 0.689559722649898, 0.5136657186399287, -0.3083938055426673, -0.33271840152509535, 0.47527692834425256, -0.6091972358379281, -0.23875686054080086, 0.030976156811255838, 0.3777061267345258, 0.06125871615996665], [-0.7345208834913008, 0.026019003423197434, 0.4891391123100889, -0.1571170869004101, 0.33205088424204754, -0.6115715163366614, 0.4575174732832721, -0.5880659363113004, -0.11066454449522162, 0.1014640437757933, 0.5570777118407505, -0.1387244856737674, -0.08177687150330509], [0.5760610108584291, 0.6940595919785071, 0.47982981708827177, 0.39272230139910547, -0.07170210936249924, 0.037472436111212065, 0.23401291086587783, -0.009141474096372032, -0.21988598235049878, -0.7600202722430551, -0.4995896736937679, -0.5412297792441183, 0.057520962170697576]], "inverted": false, "swapped": true, "error_lsq": 0.04492222262727273, "error_max": 0.2803018574689793, "target": "367.xyz", "model": "6.xyz", "model_rescale": 4.08911054899281, "target_rescale": 4.100980416963791},
{"mapping": [8, 0, 9, 4, 6, 3, 1, 5, 10, 11, 2, 7, 13, 14], "R": [[-0.09821473655554785, -0.6747796652162511, 0.7314548987695472], [0.9553058695877242, -0.2698638830120261, -0.12068214522833781], [0.27882711678487515, 0.6869103930326834, 0.6711255850354074]], "T": [-0.045514569555726955, -0.07819485779679201, 0.1697042701598096], "aligned_model": [[0.14068953820512836, 0.017318179611048715, 0.5970370221868521, -0.482909627183256, -0.3523404484297149, -0.1375889969317587, 0.4652359289747503, -0.6465509184255275, 0.06752017191796088, 0.43945584295635093, -0.18448063846237917, -0.6694065274456936, 0.08304256691413954, 0.1114759797326315], [-0.7074606484044426, 0.27492809487301806, -0.2591516442604423, -0.5840136963007471, 0.08702845726419252, -0.3228352940491375, 0.39787768682533503, -0.3732217918594034, -0.6267189233731191, -0.14023806797377525, 0.6795817175873381, 0.347380418135123, 0.48285114522590644, -0.0926123752369006], [-0.016041707747912637, -0.6997854704546435, -0.2413181152276742, -0.05319112207559584, -0.1876500395482712, -0.5773732312009335, -0.05487293118368586, 0.5333189633423088, 0.6231570187517407, 0.49448943302282633, -0.06820881645584054, 0.3398026944122092, 0.6220260223523675, 0.11959573684422378]], "inverted": false, "swapped": false, "error_lsq": 0.04387365998529541, "error_max": 0.25313347955222704, "target": "367.xyz", "model": "7.xyz", "model_rescale": 3.964800864290218, "target_rescale": 4.100980416963791},
{"mapping": [7, 5, 1, 12, 9, 8, 3, 4, 2, 0, 10, 11, 6, 13], "R": [[-0.28859613622359825, -0.5976047507564158, -0.7480513565459077], [-0.9483003501685754, 0.07064975783755267, 0.3094108233201498], [-0.1320557307615543, 0.7986721314725196, -0.5870980415417637]], "T": [0.006908752001384036, -0.06137402895661473, 0.11126359268604627], "aligned_model": [[-0.0024510085863654676, 0.2897761480555026, 0.553889284785191, -0.5997620445431603, -0.548072680889964, -0.11185784565943051, 0.4580771632076215, -0.3382038221367082, 0.18573961295643815, 0.6267804562491703, -0.25181610882214683, -0.7295857639594318, -0.07213522830279871, -0.011880088733385911], [-0.7303085957914792, 0.3599673647207817, -0.4871326725370325, -0.502637484241655, 0.004357529192825421, -0.19659996070116673, 0.48598068814413575, -0.21327905699352184, -0.5441809472672804, -0.051787266829254164, 0.5805005922576525, 0.23087280785935158, 0.27794449304841506, -0.050302412408827234], [-0.13223610985361803, -0.5532122828669587, -0.17624599905742985, 0.02231391624770776, -0.29064646963850815, -0.6361760530855524, 0.262301912656853, 0.7053305658824433, 0.5278277900860681, 0.4701877306143859, -0.33167255399891027, 0.35478143356097236, 0.5750747751520717, 0.036319779131594704]], "inverted": false, "swapped": false, "error_lsq": 0.05202903952851325, "error_max": 0.3438316073497026, "target": "367.xyz", "model": "8.xyz", "model_rescale": 4.121658175737393, "target_rescale": 4.100980416963791},
{"mapping": [2, 5, 1, 6, 0, 8, 4, 11, 10, 3, 9, 12, 13], "R": [[0.4047452711932654, -0.906787469942925, 0.11797351313408927], [-0.7775420889014029, -0.40917878014716014, -0.4774945296693197], [0.4812583146643109, 0.10153428106699268, -0.8706785999062318]], "T": [-0.0024611861472189286, -0.014125250014930743, -0.059480644495414375], "aligned_model": [[-0.5166161431768592, -0.1923347115654131, 0.32383791535479267, 0.17366794484240017, -0.6129421207134803, -0.5844939299027475, 0.2517636948028372, 0.43073117464807825, 0.7164011397876431, -0.37099157495601975, -0.39822560104849464, 0.3377567998771084, -0.08181709151464772], [0.2714043432973031, -0.44176798855956917, -0.05929330619194613, 0.7160579987923067, -0.30637933292687114, 0.047097517899106475, -0.5843701183936951, -0.16840840747567976, 0.013142509456085846, -0.6979309261441896, 0.5776321725439291, 0.42088919311352485, 0.002313784001404591], [-0.488570469450598, -0.5618574007768833, -0.5258216120456171, -0.33819237043694994, -0.11067978751990537, 0.46795265946579934, -0.1346504619826147, 0.4979964005093095, -0.10822698595724357, 0.39415814410120875, 0.04559871435630833, 0.2706025632013842, 0.012766040494890676]], "inverted": true, "swapped": true, "error_lsq": 0.04631677155282051, "error_max": 0.26707044734251395, "target": "367.xyz", "model": "9.xyz", "model_rescale": 3.833441315466971, "target_rescale": 4.100980416963791},
{"mapping": [6, 0, 12, 4, 5, 1, 10, 3, 7, 11, 13, 2, 8, 14], "R": [[-0.9963451268335047, -0.00651636186364226, 0.08516997864969644], [-0.08110286586950263, 0.3851044452070238, -0.9193023938996049], [-0.02680883031542299, -0.922849989602781, -0.3842254329261226]], "T": [0.008350785054540538, -0.09406150247682837, 0.07178763994993001], "aligned_model": [[0.0015004683492056067, 0.09236534309749914, 0.4966336424554818, -0.5645227551997004, -0.5381660806550412, 0.06257058087202272, 0.5891452476062025, -0.611147432302058, 0.10412328839971816, 0.565992007300316, -0.35895785534582336, -0.568426494030912, 0.22103559694967637, -0.043647483876054494], [-0.7219798319560136, 0.29588864453002306, -0.34252951391866165, -0.6393236972269267, 0.03372732099322198, -0.2439836423043292, 0.4875338021332744, -0.3743740506843811, -0.37981085402738274, -0.14376410120793987, 0.5687109267005548, 0.2716583448486663, 0.4417726258058729, -0.09013089523303328], [-0.18686504747090774, -0.48021181529422863, -0.17893841727046714, -0.030279132033498468, -0.30560411083183525, -0.649456076587607, 0.058414628147113096, 0.6121289059633793, 0.6660004911011415, 0.46153499398223463, -0.17621157622665787, 0.2959019378664924, 0.5963887456801682, 0.15114490780579226]], "inverted": true, "swapped": false, "error_lsq": 0.033158041289473944, "error_max": 0.2286695731739713, "target": "367.xyz", "model": "10.xyz", "model_rescale": 4.2482417240324, "target_rescale": 4.100980416963791},
{"mapping": [10, 11, 7, 3, 6, 9, 12, 0, 4, 2, 1, 13], "R": [[-0.22308731236201285, -0.9500495597630132, 0.21826104796137769], [0.9742810832122255, -0.21001397376138276, 0.08167313952436286], [-0.03175566024989141, 0.23086785141950433, 0.9724667671560995]], "T": [-0.035854182198784834, 0.09572111094641839, -0.1106521801057648], "aligned_model": [[-0.6404378356843374, -0.09085921463969839, 0.5840621242236244, 0.7496862503999231, -0.6204039326835373, 0.04992237196595517, -0.3762122249208681, 0.564349325749377, -0.006903178810156577, 0.0741320882113459, -0.4588849001168431, 0.04831472866822217], [-0.29384999149082064, -0.4812675464078509, -0.3981832674090135, -0.3419107091323825, 0.6148236922623191, 0.7119189058411699, 0.07835943072435067, 0.27019157128316185, -0.43231661770887203, 0.7657687794055865, 0.04522142179646196, 0.1273757208865292], [-0.05970375280071853, 0.3209704624019608, 0.42843138395044644, -0.13509843766641405, 0.06457159989724248, 0.25099772136638066, 0.4350544650457092, -0.3752964322833685, -0.45094322904299045, -0.37321586512136906, -0.4907573603506272, -0.04981826554189524]], "inverted": false, "swapped": true, "error_lsq": 0.05243950459125666, "error_max": 0.3024203203171704, "target": "367.xyz", "model": "11.xyz", "model_rescale": 3.6694154284099745, "target_rescale": 4.100980416963791},
{"mapping": [9, 12, 7, 8, 2, 10, 5, 3, 11, 6, 12, 1, 0, 13], "R": [[-0.2668135146296804, -0.8427295144134064, 0.4675655183474312], [-0.5657263624641161, -0.2558172548545812, -0.7839076571457803], [0.7802334466197134, -0.4736712970565252, -0.4084988018595797]], "T": [0.0142893592447286, -0.0793736438782598, 0.12126042037025886], "aligned_model": [[0.14641440260699365, -0.061397248620848194, 0.5998674916568333, -0.46601716724265074, -0.5835279280477494, -0.030895857987101788, 0.6623702650669737, -0.7475531262242519, 0.1471413842165762, 0.4499359817038481, -0.061397248620848194, -0.6645960828142023, 0.07421202055186868, -0.01605881262490798], [-0.8073286068404797, 0.4311204510219873, -0.2556557178975201, -0.6623398195015543, -0.062219966910836186, -0.2022444545419922, 0.3862311925010767, -0.2343529275200324, -0.6947753378100815, -0.07685148385012863, 0.4311204510219873, 0.39740843426703204, 0.5014204837394073, 0.011862380774079362], [-0.1906863887259101, -0.32082081280784036, -0.30086302092359296, 0.07594011582727803, -0.14072014336124605, -0.5003422238800627, 0.033089743127359295, 0.4911608793854518, 0.5068246088963699, 0.48189942616750203, -0.32082081280784036, 0.28938805230941655, 0.5333590983736725, 0.1965399132505623]], "inverted": false, "swapped": false, "error_lsq": 0.051273962024056, "error_max": 0.36463856897448044, "target": "367.xyz", "model": "12.xyz", "model_rescale": 3.9764082729961374, "target_rescale": 4.100980416963791},
{"mapping": [8, 9, 2, 11, 13, 10, 0, 14, 3, 7, 5, 6, 4, 15], "R": [[0.6198687979042151, 0.0714536109853221, 0.7814454906530217], [-0.7807777942236186, -0.04335101004442564, 0.6233030771425961], [0.07841370691457156, -0.9965014156564388, 0.028917454290260616]], "T": [-0.07589853329860488, -0.0031948243629133927, -0.05062790548607254], "aligned_model": [[0.18289273965571204, 0.17628661049682573, 0.6699740698372578, -0.43248696978667656, -0.675942169975491, -0.1802358496093958, 0.5426324277720528, -0.6479745549931233, 0.000979593429795922, 0.5113770274474796, -0.10526617137490371, -0.6287328959722476, 0.10412675569809512, -0.06913253900484839], [-0.6608197803860594, 0.4158465797115961, -0.24465850009093215, -0.7111619979467934, -0.04887154987687896, -0.5881024862553274, 0.37112755021596366, -0.31054592416016796, -0.5904225033208063, -0.05158996899813455, 0.8346219386874252, 0.33345979377280954, 0.42433674698719226, -0.009824819886941864], [-0.06509617790501082, -0.4003507692478858, -0.1976954651359343, -0.004024613327091635, -0.16172163625787586, -0.5920553248535044, 0.01578100648288463, 0.4152823502828473, 0.5474497266070107, 0.4224461105506342, -0.05557959412639448, 0.3552004341285353, 0.49770718604080766, 0.056605201592096775]], "inverted": true, "swapped": false, "error_lsq": 0.047494078205694276, "error_max": 0.33711436232131453, "target": "367.xyz", "model": "13.xyz", "model_rescale": 4.170626492500431, "target_rescale": 4.100980416963791},
{"mapping": [8, 11, 4, 7, 10, 12, 6, 1, 0, 2, 11, 9, 3, 13], "R": [[0.24938634916082228, -0.6566023603328638, 0.7118144345667267], [0.9298420022924051, -0.04300021697561932, -0.36543786354577557], [0.2705555388919022, 0.7530101737329729, 0.5998127863171563]], "T": [0.03006364092981493, -0.10821554128671579, 0.0884092072053062], "aligned_model": [[-0.03945493852839701, -0.13524334745253283, 0.5706007093520156, -0.5152919912735606, -0.41033757916552166, 0.07572595276445462, 0.5730337455897309, -0.49326055337133934, 0.006120573631884764, 0.5438078588911104, -0.13524334745253283, -0.6904309918019611, 0.049802802177672266, 0.048669180259509434], [-0.733470001242335, 0.5321760231396466, -0.48024819811981, -0.7018149031647412, -0.1806076859960239, -0.18033522984215075, 0.5288746946352927, -0.13051442624832726, -0.507322076457178, -0.1773804490574372, 0.5321760231396466, 0.26145384309472663, 0.42132761378899525, -0.020920149217359102], [-0.3062809500328024, -0.16105400638471434, -0.18080169618507091, 0.17591254937499545, -0.2567493761991264, -0.6385157029379327, 0.006015252520954251, 0.6509472212842328, 0.5311270740691565, 0.4936440295993706, -0.16105400638471434, 0.11161414029349126, 0.5296211935061954, 0.03952271230708411]], "inverted": true, "swapped": false, "error_lsq": 0.05393922442257336, "error_max": 0.416083837148467, "target": "367.xyz", "model": "14.xyz", "model_rescale": 3.9786697098870705, "target_rescale": 4.100980416963791},
{"mapping": [9, 7, 2, 6, 0, 5, 11, 4, 1, 12, 3, 13], "R": [[0.6707438523400167, 0.33609657594457226, -0.661166980562708], [-0.30712954376017004, -0.6855503383336856, -0.6600698273366531], [-0.6751104560719999, 0.64580169189071, -0.35660348687772636]], "T": [0.10708519642101749, -0.040004260263719116, 0.015496793710743178], "aligned_model": [[0.16822621813232752, -0.8505721806201465, 0.5480679889280813, 0.6373196526114939, -0.013452043150608203, 0.40763446526306885, -0.417576769709385, 0.009685549699359614, 0.5627949061522433, -0.013522163217006944, -0.5917726760926407, 0.03652164877054953], [-0.4053584026941829, -0.005875488198951728, 0.09070436892584294, -0.6236399301654503, 0.47825194971049795, 0.5760047152245897, -0.29214846716436044, 0.3560825843433671, 0.02743667199941008, -0.6636703658245313, 0.5231354106463675, -0.04624855657815952], [-0.6014522455018491, -0.008512081285887974, -0.548816928737443, -0.12624275647164987, -0.4059317855214324, 0.05442945163355138, 0.443740521110558, 0.49412872099426847, 0.35278826420421905, 0.11764972476987477, -0.04503737659441204, -0.0667770147259672]], "inverted": false, "swapped": true, "error_lsq": 0.045001441925472896, "error_max": 0.2674422152753379, "target": "367.xyz", "model": "15.xyz", "model_rescale": 3.769337070930944, "target_rescale": 4.100980416963791},
{"mapping": [0, 7, 2, 9, 5, 4, 1, 11, 6, 12, 13], "R": [[0.3396872003459097, -0.5011570770850118, 0.7958983540683859], [-0.9352710196327738, -0.09055222456188017, 0.3421526186688725], [-0.09940183980304346, -0.8606055302602365, -0.49947712212799855]], "T": [0.034517123266807774, 0.04260119417635308, -0.015781543971356206], "aligned_model": [[-0.22612344248504607, -0.4228584398086441, -0.19444302878191289, -0.5577316703280581, 0.3836420378786013, 0.502889680091474, 0.5487886849851118, 0.07580818165764575, -0.00355082054258226, -0.11473917524667337, -0.06905587672874525], [0.062083165948135774, -0.7973385441862741, 0.67074173664029, 0.41995814619939276, 0.21465917144339217, -0.308232773180255, 0.285021039736311, -0.5831583520306434, 0.647300837304724, -0.03306418739802616, 0.018094257148295156], [-0.6422060972532934, -0.08026162758908814, -0.3039086930951571, 0.14135243757830956, -0.5813083065499851, -0.24600464626517712, 0.03658766684943101, 0.34332792215622776, 0.5083925178189104, 0.6054576009104484, -0.03721116733684945]], "inverted": true, "swapped": true, "error_lsq": 0.055234367158793, "error_max": 0.41103357618181185, "target": "367.xyz", "model": "16.xyz", "model_rescale": 3.7852294659196426, "target_rescale": 4.100980416963791},
{"mapping": [4, 0, 8, 3, 5, 2, 6, 9, 11, 10, 1, 12, 13], "R": [[0.5727558852272214, -0.4807986187804454, -0.6639151934670557], [-0.46251393100498606, -0.8582354577831609, 0.22251463464240595], [-0.6767802889888985, 0.1796234594437608, -0.7139354685498954]], "T": [-0.0008671845405416167, 0.09937332468311125, -0.015433303495025068], "aligned_model": [[0.04948135324057566, -0.42193369127964503, 0.08474733111175183, 0.10024143272832207, -0.5464014400909291, -0.6297850851078342, -0.0714238003827984, -0.10910488692292057, 0.6926398350546631, 0.38551654278876374, -0.18696063759340037, 0.4951199916864472, 0.011628904983287012], [-0.05059062011649862, -0.42837302476610606, -0.48844195963704173, -0.7699005955444541, -0.023432598073554883, 0.1706405386885448, 0.7898475794574467, 0.15991350641869315, -0.0071653804990542275, 0.5841450039307695, 0.5082751821749716, 0.40618580616937805, 0.023952185499779316], [-0.6240677105662048, 0.054620677402498416, 0.5020988969247439, -0.2235988621923024, -0.41370928079412145, 0.34426630024287724, 0.3847370867812599, 0.6934161001802193, -0.18845667736382968, -0.38365445228401085, -0.36778774525226915, 0.2562348580013761, 0.06165550606293768]], "inverted": true, "swapped": true, "error_lsq": 0.045363859173134714, "error_max": 0.2730572192132026, "target": "367.xyz", "model": "17.xyz", "model_rescale": 3.901054581598922, "target_rescale": 4.100980416963791},
{"mapping": [11, 13, 12, 10, 5, 9, 3, 4, 6, 7, 2, 8, 0, 14], "R": [[-0.8420037618654439, -0.41631959034171123, 0.3430855049432295], [0.5016858371727991, -0.3704528902834145, 0.781713487705625], [-0.19834562204563205, 0.8303268361183892, 0.5207843694245797]], "T": [-0.08835679274041232, -0.05942504043656668, 0.12838748709851244], "aligned_model": [[0.2412898937618455, 0.07188674297121468, 0.5738977852494462, -0.5754055163152042, -0.47051328718739027, -0.15654217731027864, 0.4773910736414809, -0.6964737534291563, 0.14987803641391817, 0.47693065495063003, -0.1891407657262804, -0.6389793027201802, 0.24058131233099606, -0.05630262301050879], [-0.7655577986157854, 0.24831829789384982, -0.1965397124754191, -0.6968696879780422, 0.133614194599878, -0.32134789618069864, 0.4280018890610729, -0.31227968345403306, -0.6152780638574802, -0.14698887449317763, 0.7323637160826346, 0.2727953070170893, 0.4871698057680998, -0.0840064149150432], [-0.043195084367727066, -0.5096706962017772, -0.17917314874483392, -0.04161724905242789, -0.3263413491150726, -0.4723926659559905, -0.032081293658411336, 0.5663740868216116, 0.573356393654664, 0.4637376030154413, -0.08760153537038312, 0.29228606665680323, 0.5389216703695445, 0.09134563677967808]], "inverted": true, "swapped": false, "error_lsq": 0.04004325544922255, "error_max": 0.2302264118233343, "target": "367.xyz", "model": "18.xyz", "model_rescale": 3.9405287249114394, "target_rescale": 4.100980416963791},
{"mapping": [8, 12, 7, 6, 1, 0, 13, 2, 5, 9, 14, 10, 11, 15], "R": [[-0.4608117842824262, 0.8707092302843136, 0.17180784546738376], [0.18036828443791658, -0.09766644793288703, 0.9787382422880466], [0.8689762835862491, 0.4820028021141271, -0.11204247997416028]], "T": [-0.008240347335711704, 0.0222967391116387, -0.09318903966172476], "aligned_model": [[0.14030729655988655, -0.0744439302918717, 0.643069765743665, -0.38657481743163274, -0.5808202390756887, -0.10269038213312444, 0.4681875087638529, -0.6462974811241796, -0.05626764337780894, 0.5351006774789796, -0.09215952423344771, -0.48964340765950976, 0.12727126534978767, -0.03654101494837542], [-0.7164605762143815, 0.3596094312303872, -0.24283403220868588, -0.6152984846188678, -0.15610522630238188, -0.49408148262313706, 0.4764740057946302, -0.25162937150995507, -0.507662918458626, -0.15609600821251837, 0.7755505122659716, 0.3748877000262811, 0.2971305551535834, 0.019910974130645402], [-0.026530341194724458, -0.5197758368657193, -0.126750321534767, -0.00035146641950878355, -0.36858771484170627, -0.5371563594058126, 0.041233256601603735, 0.4294703742537024, 0.5456370579123804, 0.4186374987397099, 0.06588731638703738, 0.418508864123992, 0.5589736534502115, -0.06524754637528009]], "inverted": false, "swapped": false, "error_lsq": 0.04746277409418692, "error_max": 0.2603358651449696, "target": "367.xyz", "model": "19.xyz", "model_rescale": 4.410303926677745, "target_rescale": 4.100980416963791},
{"mapping": [7, 5, 1, 12, 9, 8, 3, 4, 2, 0, 10, 11, 6, 13], "R": [[-0.28859613622359825, -0.5976047507564158, -0.7480513565459077], [-0.9483003501685754, 0.07064975783755267, 0.3094108233201498], [-0.1320557307615543, 0.7986721314725196, -0.5870980415417637]], "T": [0.006908752001384036, -0.06137402895661473, 0.11126359268604627], "aligned_model": [[-0.0024510085863654676, 0.2897761480555026, 0.553889284785191, -0.5997620445431603, -0.548072680889964, -0.11185784565943051, 0.4580771632076215, -0.3382038221367082, 0.18573961295643815, 0.6267804562491703, -0.25181610882214683, -0.7295857639594318, -0.07213522830279871, -0.011880088733385911], [-0.7303085957914792, 0.3599673647207817, -0.4871326725370325, -0.502637484241655, 0.004357529192825421, -0.19659996070116673, 0.48598068814413575, -0.21327905699352184, -0.5441809472672804, -0.051787266829254164, 0.5805005922576525, 0.23087280785935158, 0.27794449304841506, -0.050302412408827234], [-0.13223610985361803, -0.5532122828669587, -0.17624599905742985, 0.02231391624770776, -0.29064646963850815, -0.6361760530855524, 0.262301912656853, 0.7053305658824433, 0.5278277900860681, 0.4701877306143859, -0.33167255399891027, 0.35478143356097236, 0.5750747751520717, 0.036319779131594704]], "inverted": false, "swapped": false, "error_lsq": 0.05202903952851325, "error_max": 0.3438316073497026, "target": "367.xyz", "model": "20.xyz", "model_rescale": 4.121658175737393, "target_rescale": 4.100980416963791},
{"mapping": [6, 1, 5, 2, 0, 12, 4, 9, 11, 7, 3, 8, 13], "R": [[0.7148163414861115, -0.6957104451479741, -0.07088423277724505], [-0.573451148178955, -0.5251326094867159, -0.6288000660829408], [0.4002391517538597, 0.4901252074375283, -0.7743293242785467]], "T": [0.009209061112443073, -0.0636982913676157, 0.15106872215389638], "aligned_model": [[0.11526507573350601, -0.14276750700916035, 0.249208270046613, 0.689559722649898, 0.5136657186399287, -0.3083938055426673, -0.33271840152509535, 0.47527692834425256, -0.6091972358379281, -0.23875686054080086, 0.030976156811255838, 0.3777061267345258, 0.06125871615996665], [-0.7345208834913008, 0.026019003423197434, 0.4891391123100889, -0.1571170869004101, 0.33205088424204754, -0.6115715163366614, 0.4575174732832721, -0.5880659363113004, -0.11066454449522162, 0.1014640437757933, 0.5570777118407505, -0.1387244856737674, -0.08177687150330509], [0.5760610108584291, 0.6940595919785071, 0.47982981708827177, 0.39272230139910547, -0.07170210936249924, 0.037472436111212065, 0.23401291086587783, -0.009141474096372032, -0.21988598235049878, -0.7600202722430551, -0.4995896736937679, -0.5412297792441183, 0.057520962170697576]], "inverted": false, "swapped": true, "error_lsq": 0.04492222262727273, "error_max": 0.2803018574689793, "target": "367.xyz", "model": "21.xyz", "model_rescale": 4.08911054899281, "target_rescale": 4.100980416963791},
{"mapping": [4, 15, 14, 0, 1, 2, 9, 6, 7, 12, 11, 8, 5, 16], "R": [[-0.8450915945102547, -0.2817308878707633, -0.4543653856838862], [0.4761788560909527, -0.7830332729419199, -0.40014071334691326], [-0.24305121661910478, -0.5545147430730911, 0.7958891290968592]], "T": [0.017043297938755732, -0.0907567194498615, 0.07968097523315648], "aligned_model": [[-0.04315481866995002, 0.148779030183632, 0.6087164578137774, -0.5016739707687511, -0.6324945478411698, -0.08310585807234785, 0.5194203256450226, -0.49379020162022763, 0.04585415796361506, 0.6643867671182007, -0.2582664758649153, -0.5584251201891829, 0.022852069208612845, 0.009400258714216283], [-0.7027724197926613, 0.2724074721478883, -0.05077341296499335, -0.6603820427208879, 0.010269310457271419, -0.28745217936237233, 0.3535380678495764, -0.19289198972550767, -0.5209476774402146, -0.26493983415421307, 0.5855336488496007, 0.27085590308920926, 0.48854168997315484, -0.1375914577529057], [-0.24911250882398844, -0.5385944364445461, -0.1655674560219846, 0.16054372569514264, -0.3651703588626471, -0.607730744170377, 0.3200287973037599, 0.6127678826370164, 0.645279650989566, 0.3888349522360355, -0.1499467592677016, 0.2169195595227673, 0.48230817869122583, 0.08338795134685087]], "inverted": true, "swapped": false, "error_lsq": 0.04224328525542313, "error_max": 0.29198203615395535, "target": "367.xyz", "model": "22.xyz", "model_rescale": 4.204369325754507, "target_rescale": 4.100980416963791},
{"mapping": [8, 12, 7, 6, 1, 0, 13, 2, 5, 9, 14, 10, 11, 15], "R": [[-0.4608117842824262, 0.8707092302843136, 0.17180784546738376], [0.18036828443791658, -0.09766644793288703, 0.9787382422880466], [0.8689762835862491, 0.4820028021141271, -0.11204247997416028]], "T": [-0.008240347335711704, 0.0222967391116387, -0.09318903966172476], "aligned_model": [[0.14030729655988655, -0.0744439302918717, 0.643069765743665, -0.38657481743163274, -0.5808202390756887, -0.10269038213312444, 0.4681875087638529, -0.6462974811241796, -0.05626764337780894, 0.5351006774789796, -0.09215952423344771, -0.48964340765950976, 0.12727126534978767, -0.03654101494837542], [-0.7164605762143815, 0.3596094312303872, -0.24283403220868588, -0.6152984846188678, -0.15610522630238188, -0.49408148262313706, 0.4764740057946302, -0.25162937150995507, -0.507662918458626, -0.15609600821251837, 0.7755505122659716, 0.3748877000262811, 0.2971305551535834, 0.019910974130645402], [-0.026530341194724458, -0.5197758368657193, -0.126750321534767, -0.00035146641950878355, -0.36858771484170627, -0.5371563594058126, 0.041233256601603735, 0.4294703742537024, 0.5456370579123804, 0.4186374987397099, 0.06588731638703738, 0.418508864123992, 0.5589736534502115, -0.06524754637528009]], "inverted": false, "swapped": false, "error_lsq": 0.04746277409418692, "error_max": 0.2603358651449696, "target": "367.xyz", "model": "23.xyz", "model_rescale": 4.410303926677745, "target_rescale": 4.100980416963791},
{"mapping": [10, 0, 3, 11, 7, 1, 2, 14, 9, 4, 12, 13, 5, 16], "R": [[0.395765521379028, 0.9013992901654035, 0.17563875363054976], [0.8552528303147402, -0.4314385661730757, 0.2870598541369844], [0.3345328807848525, 0.03660714831596973, -0.9416728032421666]], "T": [-0.1224671752379482, -0.10785024628902307, 0.19493266057238975], "aligned_model": [[0.20880184919190758, 0.10253239085473648, 0.6043612895169663, -0.48393548989098495, -0.482435673537413, -0.03673404639271119, 0.6177172945278167, -0.6544311750332759, -0.1448739648671939, 0.5558172228177101, -0.23004892076252684, -0.7386858394573925, 0.17127989957864187, -0.04086676292574838], [-0.6643079310995191, 0.39537593992345044, -0.13970699750486706, -0.6040853152796087, 0.013702018493946422, -0.4191618744823787, 0.35583531655925427, -0.2573693609043977, -0.600932700944379, -0.07880443581069214, 0.6789770974344151, 0.23038124419280964, 0.3665272321227732, -0.11303515424786101], [0.12860299342224435, -0.32132736291802144, -0.3341765104481538, 0.04061836954085685, -0.3505750147544171, -0.6000957982517866, -0.06967384105224814, 0.5858397176857483, 0.5806626338930324, 0.3088229114241663, 0.07041465391190421, 0.2027198643823966, 0.48524404071497884, 0.10687177728041825]], "inverted": true, "swapped": false, "error_lsq": 0.046778816028845434, "error_max": 0.2914674819096282, "target": "367.xyz", "model": "24.xyz", "model_rescale": 4.28219845311461, "target_rescale": 4.100980416963791},
{"mapping": [0, 14, 6, 4, 13, 2, 10, 3, 1, 8, 12, 9, 11, 15], "R": [[0.9006742601524225, -0.4303810615841236, -0.059649131834498534], [-0.03514714210190459, 0.06466647079744599, -0.997287784923024], [0.4330710744219187, 0.9003279343574351, 0.043116761412692134]], "T": [-0.14856678012581687, -0.03576189574638765, 0.107373466692922], "aligned_model": [[0.13419242234979478, 0.24057970373069204, 0.6514818245415863, -0.5093190330794288, -0.5356463318832385, -0.052978822776408266, 0.5604630062081561, -0.5290259984716175, 0.013583300087058409, 0.4583438653595398, -0.31676841649643644, -0.5604914529365084, 0.022281466463877492, -0.12819745947653505], [-0.7656856797073016, 0.35297182306792424, -0.32623843250004875, -0.6630725877835023, 0.12194251797292781, -0.2526496332743774, 0.32032052540954, -0.4268840118973653, -0.4536880073546905, -0.10260820819946266, 0.666530192895009, 0.3256306389949525, 0.4698910645185813, -0.10306512368924106], [-0.12243661807130943, -0.419500080615671, -0.18884055513312484, 0.002551328427566224, -0.3147819495245241, -0.5349680905082892, 0.09370268533956769, 0.6572094588697783, 0.5644538924055024, 0.43773250749065384, -0.14345303108387705, 0.5030844516831084, 0.21509083604947066, 0.08410359950226781]], "inverted": true, "swapped": false, "error_lsq": 0.03810039496622687, "error_max": 0.24126208644783123, "target": "367.xyz", "model": "25.xyz", "model_rescale": 4.100010024507729, "target_rescale": 4.100980416963791},
{"mapping": [10, 11, 7, 3, 6, 9, 12, 0, 4, 2, 1, 13], "R": [[-0.22308731236201285, -0.9500495597630132, 0.21826104796137769], [0.9742810832122255, -0.21001397376138276, 0.08167313952436286], [-0.03175566024989141, 0.23086785141950433, 0.9724667671560995]], "T": [-0.035854182198784834, 0.09572111094641839, -0.1106521801057648], "aligned_model": [[-0.6404378356843374, -0.09085921463969839, 0.5840621242236244, 0.7496862503999231, -0.6204039326835373, 0.04992237196595517, -0.3762122249208681, 0.564349325749377, -0.006903178810156577, 0.0741320882113459, -0.4588849001168431, 0.04831472866822217], [-0.29384999149082064, -0.4812675464078509, -0.3981832674090135, -0.3419107091323825, 0.6148236922623191, 0.7119189058411699, 0.07835943072435067, 0.27019157128316185, -0.43231661770887203, 0.7657687794055865, 0.04522142179646196, 0.1273757208865292], [-0.05970375280071853, 0.3209704624019608, 0.42843138395044644, -0.13509843766641405, 0.06457159989724248, 0.25099772136638066, 0.4350544650457092, -0.3752964322833685, -0.45094322904299045, -0.37321586512136906, -0.4907573603506272, -0.04981826554189524]], "inverted": false, "swapped": true, "error_lsq": 0.05243950459125666, "error_max": 0.3024203203171704, "target": "367.xyz", "model": "26.xyz", "model_rescale": 3.6694154284099745, "target_rescale": 4.100980416963791},
{"mapping": [6, 7, 1, 11, 9, 3, 5, 11, 2, 0, 8, 10, 4, 13], "R": [[0.3084883827922058, 0.27348581025085017, 0.9110655460907771], [0.36651800866184314, -0.9179996234768462, 0.151463661064052], [0.8777809903437228, 0.28719714986017003, -0.38342969382063835]], "T": [-0.0333102066912723, -0.006510379119149354, 0.02164869998105902], "aligned_model": [[0.24512043365476785, 0.11549823697062434, 0.7805470044498471, -0.6865033412470567, -0.6138281710817914, -0.09469755197087931, 0.6399630898544746, -0.6865033412470567, -0.02483246893087393, 0.4857068320453919, -0.2026709817277164, -0.48626375584608084, 0.008038960385628707, -0.031076871688746597], [-0.6256915954972853, 0.1974502785340193, -0.2766795384866569, -0.474683176169932, 0.04109239196151987, -0.3370751539083257, 0.3955179986584192, -0.474683176169932, -0.4379647577209201, -0.02119315980937537, 0.6095404185598688, 0.19110553571535732, 0.41829977405981145, -0.04164076127362347], [-0.0797486944892992, -0.5548793756085473, -0.18880727854177332, 0.32219558536839343, -0.33274713051879634, -0.7130551477301436, -0.08349287762318687, 0.32219558536839343, 0.5469151974384057, 0.4307196872013314, 0.009177333249631738, 0.36468186514853984, 0.7240425711296055, 0.06675111443856506]], "inverted": true, "swapped": false, "error_lsq": 0.050272710022771575, "error_max": 0.32199467639269697, "target": "367.xyz", "model": "27.xyz", "model_rescale": 4.103607728864725, "target_rescale": 4.100980416963791},
