[{"mapping": [1, 3, 5, 12, 6, 0, 11, 10, 8, 13, 9, 15], "R": [[0.7563322175097826, 0.652702015994204, -0.04406421534348107], [-0.560345401991568, 0.6811265696996458, 0.47125325093425263], [0.33760125477202096, -0.3317328358277114, 0.8808965423987437]], "T": [0.050070578925355984, -0.05252113286024033, 0.08835599684001756], "aligned_model": [[-0.2479159727554031, 0.04706783645975814, 0.499988936105976, -0.15272939694695278, -0.06013177256196552, -0.5918621281187604, 0.2445612859828201, -0.26013799970630097, 0.7107159333206479, 0.03624242228796105, -0.4679339477739774, 0.07977726616674616], [-0.32333222187298366, -0.6957617821610397, -0.2491944802077059, 0.6296278525072582, 0.3094998051772777, -0.4570006773576709, -0.1598533184810306, -0.5841852497826688, 0.12189003413162391, 0.47849944702584063, 0.029276952292435036, -0.04591132529427853], [-0.5095293804385449, -0.11444136996360886, -0.5438895376473462, -0.02755729322168786, -0.6771121295393955, 0.0819220933622178, 0.6117732771925357, 0.5857592483918422, -0.23382074614034848, 0.5635498900619407, 0.4298540969107295, 0.015443596385228783]], "inverted": false, "swapped": true, "error_lsq": 0.04337850550538555, "error_max": 0.24330605378941733, "target": "368.xyz", "model": "0.xyz", "model_rescale": 3.751011558992144, "target_rescale": 4.2388452271706765},
{"mapping": [1, 6, 3, 0, 8, 4, 12, 2, 5, 11, 14, 13, 9, 10, 15], "R": [[-0.8475512910039723, -0.10476317015744263, 0.5202705904585258], [0.2744702020182761, -0.9255667627522502, 0.2607532854871954], [0.4542278253492921, 0.36380055781551907, 0.8132196731582252]], "T": [0.039774493502429696, 0.06474785307206118, 0.039404157360039146], "aligned_model": [[-0.04140314917184449, 0.19694491558302776, -0.4172883655784734, 0.2461492695367426, -0.397556902736567, -0.663405878083928, 0.6068466355173535, 0.5987527282286212, -0.5481334710470522, -0.06398152609279764, -0.045603449241666656, 0.49272640416841024, 0.5428572300872182, 0.02496174021846504, 0.007220029701525223], [-0.010876928815129736, -0.6114933300944969, 0.3637368019709798, 0.590119480952424, -0.5229314443973382, 0.20484117168735091, -0.3765978045162319, -0.07363468371917989, -0.3866928901809106, 0.38581402194723646, -0.3271227488615367, 0.018288561072418996, 0.4369450846894296, 0.8559974443059053, 0.002364613786184841], [-0.6728406305975491, -0.4577281097140356, -0.356314774007698, -0.46766270395010695, 0.2239134697605375, 0.2302921893234703, 0.09885292137754383, -0.4215868032381061, -0.26293146759121727, 0.4970761864103701, 0.7611158749457255, 0.5877283417116653, 0.04359339288436691, 0.042683920511505616, 0.0034745970255040323]], "inverted": false, "swapped": true, "error_lsq": 0.035578923542184455, "error_max": 0.22457917439758465, "target": "368.xyz", "model": "1.xyz", "model_rescale": 3.9405287249114394, "target_rescale": 4.2388452271706765},
{"mapping": [14, 4, 11, 1, 3, 13, 7, 5, 0, 9, 2, 12, 15], "R": [[-0.23374825496160334, 0.04217491222368652, 0.9713820206702048], [-0.644527100032382, -0.754732340441123, -0.12232706820697181], [0.7279742925586409, -0.6546757755341109, 0.2036002414108521]], "T": [-0.05197263477858112, -0.03736309709051752, -0.055941831122959196], "aligned_model": [[-0.43802741748048174, 0.2851238942137864, -0.3475962413417761, 0.5140691322240143, 0.4993247605098227, -0.7449891273024236, -0.00887271966176359, 0.6381481526455232, 0.07939628505091927, -0.4624610588590887, -0.09968450712444456, -0.4237158378087102, 0.005267964218553772], [0.6837603687148656, 0.4162849093715719, 0.16885415739651016, -0.42966252482735456, -0.19093498615792334, 0.0965995157380963, 0.35324916149528807, 0.3123555419167846, -0.7487046038616629, -0.4994338630076077, -0.5909595185862285, -0.10009231446356963, -0.012483250156753115], [0.05658557391828743, -0.536666731690961, -0.4957072342277016, 0.1568948017303084, -0.41284682995906874, 0.04287856043682281, 0.6109827128374252, 0.1496585625055351, -0.28497930633429897, -0.15407658413251157, 0.42921138022783084, 0.5586824407320583, -0.007496996455081971]], "inverted": true, "swapped": true, "error_lsq": 0.03815484510380033, "error_max": 0.2389305509609115, "target": "368.xyz", "model": "2.xyz", "model_rescale": 3.932901565614263, "target_rescale": 4.2388452271706765},
{"mapping": [14, 4, 8, 11, 7, 6, 5, 12, 9, 2, 3, 10, 1, 15], "R": [[0.6404444638396313, -0.4527035182143203, -0.6203953685622936], [0.3107340036097147, -0.5859886011455958, 0.7483727268735184], [-0.702335580572311, -0.6720691065089993, -0.23462277881388746]], "T": [0.02289382617499282, 0.03954592816955593, 0.04627089300215684], "aligned_model": [[-0.34996782012966055, 0.5866548611047725, 0.05642174412623181, 0.07367150797676088, -0.3700798174443989, -0.21045515664229889, 0.42278625071840625, -0.6546610868016635, -0.22912241856225032, -0.31996554471419353, 0.6760129148330086, 0.3763992206785517, 0.326007697784955, 0.03610755912448238], [0.0883528190036148, 0.12547179361838895, -0.4269459600407396, 0.5298419042762039, -0.5546896273910367, -0.754151371777198, -0.6042823494326818, -0.18543578138495487, 0.44230667084753245, -0.21691777960239234, -0.012416067058288294, 0.6895697542707608, -0.4200461418863216, -0.03716122509239887], [-0.688788182983979, -0.4284050541382243, -0.5469664879212218, -0.2371792179837843, -0.25651567622679805, 0.25778452998350265, -0.21143542689842973, 0.14723390371286843, 0.45359406360944454, 0.6469312608714921, 0.2063637674225309, 0.32700039214953946, 0.5115650636703047, 0.0327134277898521]], "inverted": false, "swapped": true, "error_lsq": 0.03906676491951959, "error_max": 0.2809307813501669, "target": "368.xyz", "model": "3.xyz", "model_rescale": 3.9243930471874484, "target_rescale": 4.2388452271706765},
{"mapping": [10, 3, 0, 9, 2, 11, 13, 1, 6, 8, 12, 14, 15], "R": [[0.9109493247512997, 0.37571668495073623, 0.17031823268452617], [0.1033654181617476, -0.6075976661690837, 0.7874901055849083], [0.399358132587028, -0.6997585645888961, -0.5923267959674707]], "T": [-0.08019489090853775, -0.05988666446476983, -0.1259708581424317], "aligned_model": [[-0.05097897721002749, -0.1219935701232092, 0.44634061516426843, 0.30040247337321746, 0.6340809559625147, -0.4533985291442559, -0.1330455384268896, 0.34781186212031984, 0.33987013494883034, -0.5547608803038682, 0.26521238335026825, -0.6600376140084971, -0.082297429391319], [-0.685602760860489, 0.0629346206200457, -0.32128623371949594, -0.5522065757803181, 0.049613613612575914, -0.48887465995104445, -0.4533181259997541, 0.36375813581508576, 0.6496461714969136, 0.490619184881035, 0.04498931408349436, -0.051531058376268556, 0.0190879278598066], [-0.6096359150071704, -0.7878334750832412, -0.6057138345807487, -0.05958320875203332, 0.022146537247893117, -0.12506162232817464, 0.4659766095143558, -0.5221234270296251, 0.09596088608837494, 0.07994131905519508, 0.4981972308186202, 0.461764086694451, -0.12696487126693304]], "inverted": true, "swapped": true, "error_lsq": 0.04182277010967856, "error_max": 0.22086369989846255, "target": "368.xyz", "model": "4.xyz", "model_rescale": 3.8936222436046832, "target_rescale": 4.2388452271706765},
{"mapping": [5, 8, 6, 1, 12, 13, 11, 9, 0, 3, 2, 15], "R": [[0.013757746851158603, 0.8323085902467905, 0.5541418004473043], [0.9329173084043457, 0.18874878307007154, -0.30665810370697577], [-0.35982776446679415, 0.521187401508294, -0.7738783317989089]], "T": [-0.12431263310299255, -0.12155714079506989, 0.10487382380360286], "aligned_model": [[-0.06409088244960574, -0.5472170921841555, -0.1971062749575122, 0.38510102910246924, -0.5514608004998052, -0.6555774619523453, -0.2526106721361065, 0.008735837803995186, 0.5486266414045499, 0.4488948287355722, 0.03391087489825055, -0.1296579855502094], [-0.6177252666821896, -0.5897981030224738, 0.15266943169955693, -0.027088554126982203, 0.41467860497948267, 0.18461096370676822, -0.33388449117011904, 0.36490248614253024, 0.20113509671476243, -0.4691552463294146, 0.5328938703092585, -0.14431588711137228], [-0.5204515964106099, -0.31054357226281815, -0.7005118248127069, -0.39629976106469467, -0.11847932103165534, 0.4681947339469169, 0.6165076694749418, 0.4754081737856175, 0.24178675263049856, 0.030691048988702313, -0.19642047537892712, 0.02940289141025336]], "inverted": true, "swapped": true, "error_lsq": 0.038995514591205455, "error_max": 0.20302347666115103, "target": "368.xyz", "model": "5.xyz", "model_rescale": 3.6523030999806103, "target_rescale": 4.2388452271706765},
{"mapping": [5, 8, 14, 4, 11, 1, 12, 3, 2, 9, 13, 10, 15], "R": [[-0.9431222661051913, 0.2606383380061614, -0.20636871840953683], [0.07751535334840282, -0.43124267904058267, -0.8988999509228897], [-0.3232827882394622, -0.8637693028438131, 0.38651109983133997]], "T": [0.04768258822632492, -0.04063214931539379, -0.009770537182723915], "aligned_model": [[0.03680187719481622, 0.1053558857895787, 0.24923316336808943, 0.6883758250507533, 0.5239620530913425, -0.2973661933644669, -0.5438919470257921, 0.3186802735408929, -0.6316442503057867, -0.07843857094775536, -0.0041888253890998775, 0.49745250708577365, 0.016751106575948492], [-0.5014582568846437, 0.01251898138169609, 0.6059751901590595, -0.24721351262438185, 0.23923535444483618, -0.6735107506153195, 0.3690010221756402, -0.6568081595960924, -0.1350785561491341, 0.13930117328179098, 0.6566826568746551, -0.1922619345685384, -0.07555630371638503], [0.6447233575742861, 0.7415736856783978, 0.4624540696150252, 0.302260439280642, -0.14447218624607006, -0.007019243351363613, 0.03639431221684225, -0.05198072868217202, -0.28127372653001503, -0.5957381313338634, -0.14777317430107212, -0.6430331355154824, 0.053994201076634246]], "inverted": true, "swapped": true, "error_lsq": 0.053009606558159, "error_max": 0.2670665628862006, "target": "368.xyz", "model": "6.xyz", "model_rescale": 4.08911054899281, "target_rescale": 4.2388452271706765},
{"mapping": [10, 3, 0, 11, 13, 12, 9, 2, 14, 4, 7, 5, 6, 1, 15], "R": [[-0.4891090040204794, -0.6211222017565059, -0.6123557729549427], [-0.837112013536375, 0.5314696187619481, 0.12955122973598499], [0.24498134414516343, 0.5759750470447312, -0.7798954328643354]], "T": [-0.045533571029401226, -0.09954530205342477, -0.0617594732699963], "aligned_model": [[0.1712959292489932, 0.33926908498856656, 0.6150535032467453, -0.4050394528438629, -0.5044263759082044, -0.13447100936146145, 0.13608826265680732, 0.4417432464307951, -0.852205209129537, -0.3000024296402556, -0.3097848287189374, 0.019000192193074833, 0.26011346178370365, 0.5940093020283385, -0.034310137175211274], [-0.6547902287492686, -0.6025939143011882, -0.2707581961711193, -0.4325521393880983, 0.21438230747067366, 0.60818856219234, 0.006914255960998747, 0.43638027834021503, 0.04959697098329674, -0.7186255947219242, 0.458631239100506, -0.18836144829906443, 0.5195245212574562, -0.04799613096536953, -0.07718166654034003], [-0.5823304380014683, 0.17010973769780385, -0.3934725414342187, -0.35015928222041753, -0.5076856554379605, -0.1670869090468836, -0.6510984595956794, -0.2012733958196543, 0.031820523234488876, 0.2584157988523511, 0.40496754361704895, 0.7312023386318102, 0.44071203393423175, 0.2667662513842127, 0.013182486286415246]], "inverted": false, "swapped": true, "error_lsq": 0.03735345916910048, "error_max": 0.23140367843429602, "target": "368.xyz", "model": "7.xyz", "model_rescale": 3.964800864290218, "target_rescale": 4.2388452271706765},
{"mapping": [5, 14, 4, 6, 3, 12, 1, 11, 13, 9, 2, 0, 10, 15], "R": [[-0.7443313253160397, 0.31449913210555197, -0.589118981240736], [-0.16600806343188845, 0.7673355024750834, 0.6193848153748246], [0.6468478963627093, 0.5588260217153153, -0.5189424596474757]], "T": [0.06538079792860196, -0.056926473625857905, 0.031128459991679576], "aligned_model": [[-0.2687534113834714, 0.34312933331480056, 0.4953644631444375, -0.7686684409713035, 0.11452054124495653, -0.3445250617032363, -0.4605839628507028, 0.6256242265163735, 0.28857663797654043, 0.1632781512150538, -0.5112893204875807, -0.010140323502082188, 0.5855243894630292, 0.00913066748405833], [0.11358867496203248, -0.7677175201379974, 0.1602929899441487, -0.1672337062274425, 0.5755601835708493, -0.5782041799110932, 0.43306248248021195, -0.15021003726611962, -0.6457278672378972, -0.031160663337949625, -0.026879705668123373, 0.5350628138333089, 0.4166421544492821, -0.05612715327200796], [-0.6760633554541882, -0.28407243524260595, -0.5331912773432467, -0.11495149030943802, -0.19786987068488043, 0.3142144865527471, -0.022476097564926516, 0.058293880147947764, 0.3650144378340589, 0.6486985369928778, 0.49011410835200586, 0.49970923334376455, 0.39374325398470356, -0.024348371883798396]], "inverted": true, "swapped": true, "error_lsq": 0.04126572703595773, "error_max": 0.2099350033276171, "target": "368.xyz", "model": "8.xyz", "model_rescale": 4.121658175737393, "target_rescale": 4.2388452271706765},
{"mapping": [5, 8, 7, 6, 4, 3, 14, 9, 12, 11, 1, 2, 15], "R": [[-0.7486103228443037, 0.32137818671679763, 0.5799126189639014], [-0.6505491945894176, -0.187269447510308, -0.7360135185227543], [-0.12793877422426742, -0.9282490049182965, 0.34926416208678607]], "T": [-0.047406926465518015, -0.0978408281435294, 0.14216398304437075], "aligned_model": [[-0.4943551990383731, -0.18957009061173186, 0.2792014001213279, 0.20876282501021626, -0.6838892990133165, -0.6634037919813393, 0.19269024612187752, 0.276773508241143, 0.6343908271884849, -0.14025345872526696, -0.2710482721115256, 0.39121356824775333, -0.06377476701405295], [0.1714894921831125, -0.2417595931028132, 0.006619558024059724, 0.543358757594752, -0.44137024709233397, 0.13800474943473182, -0.7310498125549802, -0.08063495809074855, 0.03861546457555953, -0.6210070138229198, 0.5870997328828231, 0.4781158308995687, -0.057094521519101285], [-0.46491078151191256, -0.5856728235445191, -0.5518381173149913, -0.36021567421856615, -0.023379791844531483, 0.28294411860750035, -0.33019128033654455, 0.6771888166331287, -0.04868271604776367, 0.34462174699155, 0.12112754663190908, 0.2836031843323691, 0.07648120558146099]], "inverted": false, "swapped": true, "error_lsq": 0.04157613695087407, "error_max": 0.2713332273413558, "target": "368.xyz", "model": "9.xyz", "model_rescale": 3.833441315466971, "target_rescale": 4.2388452271706765},
{"mapping": [1, 0, 12, 13, 9, 2, 10, 11, 8, 14, 5, 4, 3, 6, 15], "R": [[-0.7905110821593326, 0.060693883481083344, 0.6094329179583801], [-0.6005149391222162, -0.27228484681144516, -0.7518262898355637], [0.12030809147485463, -0.9603005856005986, 0.2516917726522372]], "T": [-0.06679398392775196, 0.06450847483233807, 0.0413497584382844], "aligned_model": [[0.11714864644520726, -0.12874483292820563, -0.6827743859334611, -0.6032862397810459, -0.5183183788866299, -0.5576796521636654, 0.037602286572220686, -0.0009538688687271424, 0.2657018171968404, -0.142300371455856, 0.5061562406680445, 0.6085489718711566, 0.47837308651219, -0.21933320946710586, -0.03629509148643008], [-0.6321424946687844, -0.4070695645416576, -0.008063985823498987, 0.5322943978518535, 0.03551904583372595, -0.4856138121158799, 0.1560259286776976, 0.5646350254232555, 0.24595502215765402, 0.7439558699860134, -0.19586006668707695, 0.370346711274618, -0.22514305890911696, -0.5208927948768229, 0.027155315712998555], [0.06242321812125679, -0.5498345973189525, 0.4090348704075993, 0.07789698771999914, -0.39099952458518067, 0.06406075275892412, -0.7377728663655815, -0.22104497324762365, 0.6949498547289896, 0.5043506091165928, 0.536099808753447, 0.011318460855353478, -0.23029187251482883, 0.6439958473233488, 0.10393533206874883]], "inverted": true, "swapped": true, "error_lsq": 0.04103208791784105, "error_max": 0.28289709998484314, "target": "368.xyz", "model": "10.xyz", "model_rescale": 4.2482417240324, "target_rescale": 4.2388452271706765},
{"mapping": [5, 1, 2, 0, 14, 13, 7, 9, 3, 11, 4, 15], "R": [[-0.5846326415523221, -0.7360096481035364, 0.3413128657552521], [0.1967643062379447, 0.2795063466258476, 0.9397659336167554], [-0.7870759062646083, 0.6165760294516649, -0.018588105964982116]], "T": [0.012431330918571674, 0.0978746795434203, -0.045959777510840155], "aligned_model": [[-0.6265569579230635, 0.08757987850636956, 0.46529051432721846, 0.6172867234307728, -0.4751465300249882, 0.18366480250791553, -0.43813015440263253, 0.6157175835628184, -0.04693309579102826, 0.013316400429413087, -0.478483264329541, -0.04084029793024766], [-0.381349784605143, -0.6093573809251276, -0.1843771989632235, -0.30488153972227927, 0.7465052007186045, 0.7524739910284138, 0.13574756801677795, 0.264239512727821, -0.401955511738892, 0.5176542405189726, 0.07993287837069721, 0.05149941462401755], [0.0076986724196084, 0.07141595984251327, 0.46332550228969904, -0.2642716631137748, 0.10657232266878575, 0.17800930505365198, 0.5823585167009253, -0.04295837491548065, -0.4948918058646222, -0.42949180930558906, -0.6020244910064055, -0.010549844914954629]], "inverted": false, "swapped": true, "error_lsq": 0.04457375986891459, "error_max": 0.22163912619045087, "target": "368.xyz", "model": "11.xyz", "model_rescale": 3.6694154284099745, "target_rescale": 4.2388452271706765},
{"mapping": [8, 7, 6, 12, 13, 4, 11, 3, 2, 0, 1, 9, 5, 15], "R": [[-0.4686428161914, -0.09849285217498693, 0.8778798715670785], [-0.878215831083847, 0.15932239221049316, -0.45094714698513594], [-0.09545085052476845, -0.982301141916654, -0.16116327659655094]], "T": [0.10585399780185237, -0.07963749651628928, 0.01575640691163658], "aligned_model": [[-0.2987829421409185, 0.024803378843951243, -0.11904225254091835, 0.539110724800583, 0.7435085713433192, -0.3862489350531365, 0.2905607272326118, -0.4160153614626373, 0.3480036914739244, 0.14890178489736855, -0.31012295838479265, 0.6138479440542409, -0.6293207208986373, 0.04906119809085139], [-0.12840438045139785, 0.29159996163548463, 0.6918974956768748, 0.3812367748400418, -0.22083834016897647, -0.6323102149106521, -0.6171612191441602, -0.1762608806706482, 0.5922169022644787, 0.11505849767696678, 0.4226454704815946, -0.02293517094283086, 0.072932188500818, -0.038689796651339335], [-0.6202940085728531, -0.6586599581099268, -0.2728620310942622, -0.3303280824500857, -0.2696245261013558, -0.038230475476113725, 0.032009230935251674, 0.43194220058213617, 0.20040269534723876, 0.7478513838614015, 0.32280127051284335, 0.37682089646030126, -0.2618799987732337, -0.0208531374689264]], "inverted": false, "swapped": true, "error_lsq": 0.043911973618913795, "error_max": 0.3838469914182848, "target": "368.xyz", "model": "12.xyz", "model_rescale": 3.9764082729961374, "target_rescale": 4.2388452271706765},
{"mapping": [1, 9, 2, 12, 13, 5, 0, 4, 6, 8, 10, 11, 7, 3, 14, 15], "R": [[0.6347237637848255, -0.0743003215864719, 0.7691587650797278], [0.39034483229694195, 0.8898650266997774, -0.2361591542915007], [-0.6669007839145922, 0.4501329764289119, 0.5938212255766471]], "T": [-0.0011693481563667951, 0.06196610462201041, -0.11286145973679537], "aligned_model": [[-0.20338340735510438, -0.19412899323403082, -0.7206249879768931, 0.33325205307053785, 0.6080237212781205, 0.039443940229507396, -0.6178714732970997, -0.2538037255161395, 0.49077306693947886, -0.2635589670868449, 0.1735500327304982, 0.3355987114532677, -0.6518179580701171, -0.17216560271379658, 0.49269931202111417, -0.023609770396466792], [-0.5271400024178032, -0.06478993808022326, -0.27365008101039123, -0.3645006193356567, 0.0162946181948022, 0.4722356651990573, 0.22805525140625887, 0.7231056347537075, 0.6442235903829889, -0.3044301668034236, -0.679571129042962, -0.20196070346532619, 0.37541481894449263, 0.28072503289463047, 0.3824852723754562, 0.15043430347316994], [-0.23690196591022492, -0.6680178408832194, -0.03537034942010095, -0.4497620306869151, -0.07710582147628961, -0.8428295099315426, -0.4581161739256756, -0.23506667587958835, -0.16412242153231915, 0.4317102038774686, 0.1435416759485467, 0.5560739726847518, 0.10948958889998875, 0.6817128033386939, 0.4276653658437741, -0.055778362284155086]], "inverted": false, "swapped": false, "error_lsq": 0.04432841172647129, "error_max": 0.3217951868754207, "target": "368.xyz", "model": "13.xyz", "model_rescale": 4.170626492500431, "target_rescale": 4.2388452271706765},
{"mapping": [8, 14, 4, 11, 1, 0, 10, 7, 6, 13, 12, 9, 2, 15], "R": [[-0.4805842005306244, 0.6854642123513724, -0.5469713336052023], [-0.39801992476542836, -0.7262727940871274, -0.5604533593963015], [-0.7814211193012789, -0.05163954060978554, 0.6218636443429917]], "T": [-0.08208021233924694, 0.04838244069406758, -0.0019115939042110008], "aligned_model": [[0.3534920189146592, -0.028822971823152174, -0.3242141636209178, -0.5685584804206267, 0.2772031584400565, -0.33932842513472106, -0.8034165569283332, 0.5965679296469344, 0.7462893065894097, -0.24363705552208215, 0.32337950795546233, -0.39650620043858503, 0.2629034770951291, -0.012168522661589312], [-0.4160672813265963, -0.775468116871847, -0.15084761871757016, -0.2426922341281307, 0.6485461992519441, 0.749274382348344, 0.3734392900357776, -0.31970205835923693, 0.23346292486401157, -0.40971527863656176, -0.12004078366957932, 0.26104793886991695, 0.4740596147038004, 0.050777489561393704], [-0.4083998228216096, 0.010485591197180205, -0.6743738952382009, -0.045808187566674985, -0.17603935640500043, 0.1333531115493215, -0.019744507429553637, 0.05443010923590717, 0.09133176962925535, 0.5196525692615679, 0.5700385717379842, 0.4956326279102157, 0.4919550446642619, -0.03864052460378793]], "inverted": false, "swapped": true, "error_lsq": 0.040046660983802045, "error_max": 0.2382802650036953, "target": "368.xyz", "model": "14.xyz", "model_rescale": 3.9786697098870705, "target_rescale": 4.2388452271706765},
{"mapping": [9, 12, 10, 0, 11, 4, 6, 5, 3, 1, 14, 15], "R": [[-0.49707254775510096, 0.7977866583008814, 0.3412555202562529], [-0.8623436633653531, -0.4105236505466437, -0.2963675734547895], [-0.0963446341104465, -0.4415957202905957, 0.89202630639413]], "T": [-0.03866228425674211, 0.03653868336577418, -0.08557612767265277], "aligned_model": [[-0.006821512150086521, -0.6980147349972152, 0.589654381405398, 0.4412656706482923, 0.11060131840579013, 0.36847454229236026, -0.48106947941582345, 0.012886485397730137, 0.5671284516023207, 0.18729947244898834, -0.5494244255311658, -0.05862557333925293], [-0.29650913272042545, -0.2392525293486573, -0.003939862293083331, -0.522583262886223, 0.4375729307520311, 0.6123372625662655, -0.40501486396827935, 0.19421383812738527, -0.00943072785744764, -0.465183487996628, 0.6797335249856457, 0.03273080086385553], [-0.6144484054481245, -0.1808888338386248, -0.5650401462668123, -0.2666134296958771, -0.4600148969220654, 0.14512414174649352, 0.4961897263114884, 0.6975730404187073, 0.20733805589796023, 0.3800607507511288, -0.1700876406271022, -0.009225868453341737]], "inverted": true, "swapped": true, "error_lsq": 0.04711908037241033, "error_max": 0.26343860244715006, "target": "368.xyz", "model": "15.xyz", "model_rescale": 3.769337070930944, "target_rescale": 4.2388452271706765},
{"mapping": [11, 0, 14, 13, 4, 3, 8, 1, 7, 12, 15], "R": [[-0.43039832525870386, -0.2975179588134045, 0.8521973631724099], [-0.286587213852015, -0.850226051987955, -0.4415692803824954], [0.8559351905787275, -0.4342795467259318, 0.2806710259796633]], "T": [-0.07243671235170282, -0.051817483006012736, -0.039355450401676643], "aligned_model": [[-0.28534753072757846, -0.24761238792427548, -0.1330330586824873, -0.6484379936602097, 0.39029204809412754, 0.35178416068989815, 0.445797613287341, 0.3016620617878464, 0.15904320459708993, -0.4040676393404721, -0.007454347430109004], [0.13384090790727243, -0.7894695121814842, 0.7656910335324917, 0.3673137320330363, 0.08941621020820928, -0.498446311326714, 0.4888149650068123, -0.5674476720029652, 0.44706801205430663, 0.19946307717841233, -0.040179944784035034], [-0.5328252345581934, -0.06944970142741402, -0.1379844180829278, -0.016228434926369738, -0.6019051387041248, -0.31404375001855644, 0.05973608837983193, 0.2979532667412996, 0.5053960502342991, 0.5495163247774507, 0.00405255480848158]], "inverted": true, "swapped": true, "error_lsq": 0.03827989839600501, "error_max": 0.2118094930494021, "target": "368.xyz", "model": "16.xyz", "model_rescale": 3.7852294659196426, "target_rescale": 4.2388452271706765},
{"mapping": [9, 3, 1, 0, 11, 4, 8, 5, 2, 12, 14, 6, 15], "R": [[-0.9690793585008434, 0.1648823122912615, -0.18357292834478922], [0.09835498930925951, 0.9404261586213553, 0.3254611132818438], [0.22629956474896196, 0.2973423334713182, -0.9275645765768882]], "T": [-0.07877836269824207, 0.06351934358615118, -0.11442804470243279], "aligned_model": [[0.10185424561381054, -0.33257607043179993, 0.2761000645380917, 0.09086986057320304, -0.5443905255286654, -0.743446202179999, -0.2122209658750041, -0.12468742638098865, 0.6259302115016165, 0.4974211822414499, -0.33861653621619175, 0.6112498569828937, -0.05372184462213352], [-0.22240411788541692, -0.4153460334436747, -0.34210435625455354, -0.667942228615025, 0.11943359057926974, 0.09043639991902774, 0.635007090511407, 0.2163845015541856, -0.13885015983730709, 0.42991914987905777, 0.8320280215997713, 0.2506510477338959, 0.0878427179622363], [-0.6409830786372077, 0.2870305404455093, 0.36424958302649185, -0.22354333298791357, -0.4359733655843306, 0.2142346226160065, 0.36124434249771326, 0.6700245994484799, -0.19536918796674735, -0.34602300497674066, -0.26804542805506637, 0.3524637540048822, -0.043555346687902854]], "inverted": false, "swapped": true, "error_lsq": 0.03502500047214914, "error_max": 0.21288021992300216, "target": "368.xyz", "model": "17.xyz", "model_rescale": 3.901054581598922, "target_rescale": 4.2388452271706765},
{"mapping": [1, 6, 3, 0, 8, 4, 12, 2, 5, 11, 14, 13, 9, 10, 15], "R": [[-0.8475512910039723, -0.10476317015744263, 0.5202705904585258], [0.2744702020182761, -0.9255667627522502, 0.2607532854871954], [0.4542278253492921, 0.36380055781551907, 0.8132196731582252]], "T": [0.039774493502429696, 0.06474785307206118, 0.039404157360039146], "aligned_model": [[-0.04140314917184449, 0.19694491558302776, -0.4172883655784734, 0.2461492695367426, -0.397556902736567, -0.663405878083928, 0.6068466355173535, 0.5987527282286212, -0.5481334710470522, -0.06398152609279764, -0.045603449241666656, 0.49272640416841024, 0.5428572300872182, 0.02496174021846504, 0.007220029701525223], [-0.010876928815129736, -0.6114933300944969, 0.3637368019709798, 0.590119480952424, -0.5229314443973382, 0.20484117168735091, -0.3765978045162319, -0.07363468371917989, -0.3866928901809106, 0.38581402194723646, -0.3271227488615367, 0.018288561072418996, 0.4369450846894296, 0.8559974443059053, 0.002364613786184841], [-0.6728406305975491, -0.4577281097140356, -0.356314774007698, -0.46766270395010695, 0.2239134697605375, 0.2302921893234703, 0.09885292137754383, -0.4215868032381061, -0.26293146759121727, 0.4970761864103701, 0.7611158749457255, 0.5877283417116653, 0.04359339288436691, 0.042683920511505616, 0.0034745970255040323]], "inverted": false, "swapped": true, "error_lsq": 0.035578923542184455, "error_max": 0.22457917439758465, "target": "368.xyz", "model": "18.xyz", "model_rescale": 3.9405287249114394, "target_rescale": 4.2388452271706765},
{"mapping": [7, 9, 8, 13, 14, 11, 5, 2, 10, 0, 4, 12, 6, 1, 3, 15], "R": [[-0.04447979903423327, 0.16962309339071657, -0.9845047250604941], [-0.8809572028561685, 0.4580605577919777, 0.11872207937506146], [0.4711007898674236, 0.8725872630195028, 0.12905624433720034]], "T": [0.026477360599002603, -0.028533544684115383, -0.02048362269985099], "aligned_model": [[-0.22974302448369163, -0.22780482694524015, -0.7136185438722414, 0.45511142461673915, 0.7463291690855081, 0.19813679661989322, -0.595258784430927, -0.32499906119701594, 0.29593255385943307, -0.4157676548706869, -0.04076286687822031, 0.4251775836604411, -0.61817415509176, -0.10811044110520004, 0.5061216072677531, 0.01980617584124726], [-0.6078991359445722, -0.206868362852831, -0.17850901030422106, -0.3069518999879812, 0.19534926880706655, 0.24761097294210516, 0.3212551194953538, 0.7657022442965236, 0.6850959523197905, -0.2434987001349514, -0.6801068268910416, -0.18246490427549228, 0.27972329180131483, 0.2746698947522326, 0.48361970211756655, 0.010203941327915203], [-0.3275864961361638, -0.7223006278251052, -0.06562304485921111, -0.45647204452489953, -0.19776538069589, -0.6635158499713838, -0.447513714301992, -0.05177450694456482, -0.21030163232344518, 0.460019848869464, 0.3044718178438998, 0.32227333328281377, 0.19788670877816253, 0.5500189819618961, 0.4622886251583164, -0.026983559648704303]], "inverted": true, "swapped": false, "error_lsq": 0.04036296399074347, "error_max": 0.2950809266547111, "target": "368.xyz", "model": "19.xyz", "model_rescale": 4.410303926677745, "target_rescale": 4.2388452271706765},
{"mapping": [5, 14, 4, 6, 3, 12, 1, 11, 13, 9, 2, 0, 10, 15], "R": [[-0.7443313253160397, 0.31449913210555197, -0.589118981240736], [-0.16600806343188845, 0.7673355024750834, 0.6193848153748246], [0.6468478963627093, 0.5588260217153153, -0.5189424596474757]], "T": [0.06538079792860196, -0.056926473625857905, 0.031128459991679576], "aligned_model": [[-0.2687534113834714, 0.34312933331480056, 0.4953644631444375, -0.7686684409713035, 0.11452054124495653, -0.3445250617032363, -0.4605839628507028, 0.6256242265163735, 0.28857663797654043, 0.1632781512150538, -0.5112893204875807, -0.010140323502082188, 0.5855243894630292, 0.00913066748405833], [0.11358867496203248, -0.7677175201379974, 0.1602929899441487, -0.1672337062274425, 0.5755601835708493, -0.5782041799110932, 0.43306248248021195, -0.15021003726611962, -0.6457278672378972, -0.031160663337949625, -0.026879705668123373, 0.5350628138333089, 0.4166421544492821, -0.05612715327200796], [-0.6760633554541882, -0.28407243524260595, -0.5331912773432467, -0.11495149030943802, -0.19786987068488043, 0.3142144865527471, -0.022476097564926516, 0.058293880147947764, 0.3650144378340589, 0.6486985369928778, 0.49011410835200586, 0.49970923334376455, 0.39374325398470356, -0.024348371883798396]], "inverted": true, "swapped": true, "error_lsq": 0.04126572703595773, "error_max": 0.2099350033276171, "target": "368.xyz", "model": "20.xyz", "model_rescale": 4.121658175737393, "target_rescale": 4.2388452271706765},
{"mapping": [5, 8, 14, 4, 11, 1, 12, 3, 2, 9, 13, 10, 15], "R": [[-0.9431222661051913, 0.2606383380061614, -0.20636871840953683], [0.07751535334840282, -0.43124267904058267, -0.8988999509228897], [-0.3232827882394622, -0.8637693028438131, 0.38651109983133997]], "T": [0.04768258822632492, -0.04063214931539379, -0.009770537182723915], "aligned_model": [[0.03680187719481622, 0.1053558857895787, 0.24923316336808943, 0.6883758250507533, 0.5239620530913425, -0.2973661933644669, -0.5438919470257921, 0.3186802735408929, -0.6316442503057867, -0.07843857094775536, -0.0041888253890998775, 0.49745250708577365, 0.016751106575948492], [-0.5014582568846437, 0.01251898138169609, 0.6059751901590595, -0.24721351262438185, 0.23923535444483618, -0.6735107506153195, 0.3690010221756402, -0.6568081595960924, -0.1350785561491341, 0.13930117328179098, 0.6566826568746551, -0.1922619345685384, -0.07555630371638503], [0.6447233575742861, 0.7415736856783978, 0.4624540696150252, 0.302260439280642, -0.14447218624607006, -0.007019243351363613, 0.03639431221684225, -0.05198072868217202, -0.28127372653001503, -0.5957381313338634, -0.14777317430107212, -0.6430331355154824, 0.053994201076634246]], "inverted": true, "swapped": true, "error_lsq": 0.053009606558159, "error_max": 0.2670665628862006, "target": "368.xyz", "model": "21.xyz", "model_rescale": 4.08911054899281, "target_rescale": 4.2388452271706765},
{"mapping": [5, 8, 11, 6, 7, 0, 1, 2, 4, 9, 10, 12, 15, 14, 3, 16], "R": [[-0.6793405911195255, 0.2833034023712896, 0.676930973927346], [-0.031659836055419166, 0.910297377669878, -0.41274246084972654], [-0.7331398338914058, -0.3018242309891558, -0.6094326193677913]], "T": [-0.037719171492538686, 0.059826412378020576, -0.052645032413052455], "aligned_model": [[-0.28930411783540316, -0.3652738203692356, -0.7666621172156228, 0.24174371242271825, 0.6280367778744784, 0.37456556658905693, -0.4846907486752062, -0.2717409011184425, 0.27078484582633777, -0.17512947651307875, 0.2977668104417993, 0.3943561655328097, -0.6475945102249607, -0.09397562373770392, 0.25838662919172134, 0.0011067598867643344], [-0.5987969403079593, -0.23269274483183758, -0.11954733323975786, -0.3012636074402047, -0.16625853666010565, 0.33547717006693156, 0.39762548612250354, 0.7422430464437503, 0.6781983849474553, -0.4097937020397746, -0.6671262584188866, -0.1246852015051492, 0.3603470216292762, 0.21484897087632174, 0.6649129259409821, 0.08344286588523263], [-0.02716272446213617, -0.5892105109192375, -0.2021785454529352, -0.6417788225259692, -0.15965344194372116, -0.6477226346716098, -0.614878592630021, -0.08084426975297171, -0.14609855405060104, 0.46516088467451616, 0.047974943544673916, 0.5167721024808185, 0.210502174517671, 0.5675370407594088, 0.4955068527427237, -0.06680344364741526]], "inverted": true, "swapped": false, "error_lsq": 0.0331536459839783, "error_max": 0.20290462637811865, "target": "368.xyz", "model": "22.xyz", "model_rescale": 4.204369325754507, "target_rescale": 4.2388452271706765},
{"mapping": [7, 9, 8, 13, 14, 11, 5, 2, 10, 0, 4, 12, 6, 1, 3, 15], "R": [[-0.04447979903423327, 0.16962309339071657, -0.9845047250604941], [-0.8809572028561685, 0.4580605577919777, 0.11872207937506146], [0.4711007898674236, 0.8725872630195028, 0.12905624433720034]], "T": [0.026477360599002603, -0.028533544684115383, -0.02048362269985099], "aligned_model": [[-0.22974302448369163, -0.22780482694524015, -0.7136185438722414, 0.45511142461673915, 0.7463291690855081, 0.19813679661989322, -0.595258784430927, -0.32499906119701594, 0.29593255385943307, -0.4157676548706869, -0.04076286687822031, 0.4251775836604411, -0.61817415509176, -0.10811044110520004, 0.5061216072677531, 0.01980617584124726], [-0.6078991359445722, -0.206868362852831, -0.17850901030422106, -0.3069518999879812, 0.19534926880706655, 0.24761097294210516, 0.3212551194953538, 0.7657022442965236, 0.6850959523197905, -0.2434987001349514, -0.6801068268910416, -0.18246490427549228, 0.27972329180131483, 0.2746698947522326, 0.48361970211756655, 0.010203941327915203], [-0.3275864961361638, -0.7223006278251052, -0.06562304485921111, -0.45647204452489953, -0.19776538069589, -0.6635158499713838, -0.447513714301992, -0.05177450694456482, -0.21030163232344518, 0.460019848869464, 0.3044718178438998, 0.32227333328281377, 0.19788670877816253, 0.5500189819618961, 0.4622886251583164, -0.026983559648704303]], "inverted": true, "swapped": false, "error_lsq": 0.04036296399074347, "error_max": 0.2950809266547111, "target": "368.xyz", "model": "23.xyz", "model_rescale": 4.410303926677745, "target_rescale": 4.2388452271706765},
{"mapping": [6, 5, 15, 12, 0, 2, 8, 10, 3, 14, 13, 7, 9, 11, 1, 16], "R": [[0.10352141760731384, -0.24144330688355004, 0.964877425198511], [-0.406986567391546, 0.8748769074493452, 0.2625877582346837], [-0.9075490345206803, -0.41987560821391623, -0.007695684997140687]], "T": [-0.08388001862900799, 0.04674785603963285, -0.002265595970267903], "aligned_model": [[-0.23705620314587314, -0.11947588319788385, -0.7113502120402011, 0.39637851509543254, 0.6066147340428583, 0.36217428334936985, -0.6614395245856163, -0.28906628993017536, 0.36302740419246304, -0.495373240480834, 0.07254157810001707, 0.4573790405219248, -0.6558357277416411, -0.17812196410888928, 0.4711412972844854, -0.009161855279404885], [-0.6745766424525415, -0.1657980083275973, -0.2218187448783515, -0.49352957423041066, 0.05255873600181076, 0.3368972125088924, 0.5319542457261727, 0.6550023943421577, 0.7430234316608091, -0.3517690197796369, -0.5910145345166504, -0.08308828148510009, 0.21668885867273513, 0.1800944851705276, 0.5862727988305758, 0.13603419022538546], [-0.18699814354016964, -0.5931625610952496, -0.21075379248659154, -0.35387315264296837, -0.3081561667514724, -0.7437120618769011, -0.3289251186249216, 0.10594233802498494, -0.3554299526861344, 0.3583000957862943, 0.24868866499737166, 0.3612066931550568, 0.18853981817174495, 0.6093377222208268, 0.3681389457924126, -0.03202086978108998]], "inverted": true, "swapped": false, "error_lsq": 0.04270844580725175, "error_max": 0.25583284150962277, "target": "368.xyz", "model": "24.xyz", "model_rescale": 4.28219845311461, "target_rescale": 4.2388452271706765},
{"mapping": [7, 9, 3, 12, 14, 11, 5, 8, 10, 4, 13, 2, 1, 0, 6, 15], "R": [[-0.06835935471144763, -0.8351238208872205, -0.5457977669523433], [0.9966223634139519, -0.08211691060444334, 0.0008232472110876743], [-0.04550673979338865, -0.5438979837979838, 0.8379165351357288]], "T": [-0.04795161117630997, -0.009991220989183355, -0.0712205293562589], "aligned_model": [[-0.34058732516746004, -0.32454758781005777, -0.8090009703022029, 0.4444244638763749, 0.696306000697069, 0.1709262219788816, -0.4939848221209653, -0.1463060570958116, 0.37277037962544723, -0.39184869551593565, 0.2417022350433647, 0.39386707669505006, -0.5682547395372606, -0.12916807339571879, 0.31172783799106757, -0.05564999288581085], [-0.7276462651661364, -0.26761022405233426, -0.15214977371435284, -0.2855403225926305, 0.14858413514220947, 0.16711656462949748, 0.5241244073781917, 0.6771352837042695, 0.6319336585550002, -0.35822207155525515, -0.5286082199654408, -0.14166091115405355, 0.3219872662298094, 0.20163944717455223, 0.6423904796251421, 0.0034580932303097407], [-0.14108884989203746, -0.6315782712048401, -0.04591907246189371, -0.5870290147016147, -0.10407001171086634, -0.5372703096106111, -0.5621946133793021, -0.08260589032770993, -0.27279005658165484, 0.47202770407156047, -0.06390515650081545, 0.4349803834515277, 0.09893333480282639, 0.7124697912378776, 0.4359539430999504, 0.001208548370796203]], "inverted": true, "swapped": false, "error_lsq": 0.037515277532878206, "error_max": 0.3329193340929201, "target": "368.xyz", "model": "25.xyz", "model_rescale": 4.100010024507729, "target_rescale": 4.2388452271706765},
{"mapping": [5, 1, 2, 0, 14, 13, 7, 9, 3, 11, 4, 15], "R": [[-0.5846326415523221, -0.7360096481035364, 0.3413128657552521], [0.1967643062379447, 0.2795063466258476, 0.9397659336167554], [-0.7870759062646083, 0.6165760294516649, -0.018588105964982116]], "T": [0.012431330918571674, 0.0978746795434203, -0.045959777510840155], "aligned_model": [[-0.6265569579230635, 0.08757987850636956, 0.46529051432721846, 0.6172867234307728, -0.4751465300249882, 0.18366480250791553, -0.43813015440263253, 0.6157175835628184, -0.04693309579102826, 0.013316400429413087, -0.478483264329541, -0.04084029793024766], [-0.381349784605143, -0.6093573809251276, -0.1843771989632235, -0.30488153972227927, 0.7465052007186045, 0.7524739910284138, 0.13574756801677795, 0.264239512727821, -0.401955511738892, 0.5176542405189726, 0.07993287837069721, 0.05149941462401755], [0.0076986724196084, 0.07141595984251327, 0.46332550228969904, -0.2642716631137748, 0.10657232266878575, 0.17800930505365198, 0.5823585167009253, -0.04295837491548065, -0.4948918058646222, -0.42949180930558906, -0.6020244910064055, -0.010549844914954629]], "inverted": false, "swapped": true, "error_lsq": 0.04457375986891459, "error_max": 0.22163912619045087, "target": "368.xyz", "model": "26.xyz", "model_rescale": 3.6694154284099745, "target_rescale": 4.2388452271706765},
