[{"mapping": [4, 12, 5, 2, 0, 11, 7, 13, 8, 6, 10, 14], "R": [[0.32687522592630214, 0.7762961871294505, -0.5389961192104322], [-0.6066127450249668, -0.26498848394217844, -0.7495345762213379], [-0.724688598122603, 0.5719661993739695, 0.3842929904705434]], "T": [0.021417014741850905, -0.11738878906772084, 0.07121659054254521], "aligned_model": [[-0.33167926543211684, -0.01824113780228325, 0.47809092727633434, -0.001286478188422445, -0.0322947897170924, -0.5009338507626315, 0.435601375859846, -0.21437821641077823, 0.5854386714129058, 0.005802828237748477, -0.6079658695089792, 0.03948826749601769], [-0.2819138766400397, -0.7529253631433283, -0.253120527525925, 0.6852979327358609, 0.33829400077227306, -0.7112145180969169, -0.09766979387272126, -0.41245138420101385, 0.046427516827523316, 0.43710576094400205, 0.07943474972321694, -0.023709461545874166], [-0.5191198722752003, -0.22636566229121752, -0.5483442026918371, -0.06416361952014561, -0.652195739612095, 0.06223150934922929, 0.5277860497129618, 0.5887202102552515, -0.009727519417235847, 0.5391876370605128, 0.3979324950577302, 0.08601045972560795]], "inverted": false, "swapped": true, "error_lsq": 0.04754053819466097, "error_max": 0.31053602212818204, "target": "369.xyz", "model": "0.xyz", "model_rescale": 3.751011558992144, "target_rescale": 4.135526565078614},
{"mapping": [1, 7, 6, 10, 0, 8, 11, 9, 4, 5, 12, 3, 2, 13, 14], "R": [[-0.7740312177444111, -0.18916685478783676, -0.604228081941564], [-0.6329443355662203, 0.2070147701777223, 0.7460069389777151], [-0.016035648778257305, 0.9598754012776565, -0.2799679838665809]], "T": [0.013054657256051795, -0.002969041425094913, -0.10298074089928387], "aligned_model": [[0.2517311167291076, -0.2452093477586111, -0.40943473081319154, -0.290173801185468, 0.4037217718355424, 0.615935273504731, -0.772265282194328, -0.34952004892672967, 0.27068881656542254, 0.2209045303559171, -0.539700449017824, 0.05134577748461231, 0.6230217797394851, -0.030529483790935334, -0.03493654218625108], [-0.5227993978236065, -0.6136836086061159, -0.37057890373715585, 0.5763296531324861, -0.6189873240981377, 0.20876135748566538, 0.016496572675394002, 0.5065307689393611, 0.17169603185924082, 0.5410178195446167, -0.23146217911712694, -0.3825409558389025, 0.06641078120573168, 0.26395393106230003, 0.004559239765067393], [-0.5010956711591763, -0.10087243733282357, -0.6030721839073846, -0.5978739340267732, 0.10535840448193194, -0.28221090819423356, -0.24306882567460764, 0.10471891487642192, -0.8300919580052637, 0.12276861644267963, 0.3377320710236475, 0.5587328235775627, 0.4509729139213188, 0.5710776747504789, -0.07760393649489825]], "inverted": false, "swapped": false, "error_lsq": 0.049654547090553426, "error_max": 0.4310452974068226, "target": "369.xyz", "model": "1.xyz", "model_rescale": 3.9405287249114394, "target_rescale": 4.135526565078614},
{"mapping": [0, 2, 1, 7, 6, 4, 8, 3, 13, 12, 9, 5, 14], "R": [[0.7168907806184741, -0.6276449997240657, 0.3035281914182145], [0.050115509140522985, 0.4806278760700746, 0.8754914508365889], [-0.6953819413874802, -0.6124202797636166, 0.37601244198354994]], "T": [-0.08955937500727418, -0.1692551116871036, -0.06740070280867035], "aligned_model": [[-0.43703058105112425, 0.19602409812178656, -0.3093367102416532, 0.4405791760042872, 0.5355338582952843, -0.768000261321019, 0.16495251270921457, 0.7185820842802283, 0.06013234908615883, -0.648061425356425, 0.005607822644115107, -0.43870873640403396, -0.024290907482888008], [0.6132164059920459, 0.5600869619658634, 0.1968856182463834, -0.3816186383855613, 0.011704376170879882, 0.007193627855030638, 0.057104958757660945, 0.2698136443046445, -0.7264365413274887, -0.5187134445002222, -0.6445405689781215, 0.11415682313693798, -0.1000206296660363], [-0.03808778235227987, -0.2902267396687441, -0.545680251928732, 0.16551139235374135, -0.3886747643597693, -0.16134980039535324, 0.4178754842513763, 0.181235867747146, -0.3459910197593868, 0.17752589157393556, 0.4529299215709079, 0.5718192455371118, -0.08376709498130962]], "inverted": true, "swapped": true, "error_lsq": 0.050287610614824944, "error_max": 0.2752779422054309, "target": "369.xyz", "model": "2.xyz", "model_rescale": 3.932901565614263, "target_rescale": 4.135526565078614},
{"mapping": [13, 6, 10, 7, 11, 4, 1, 12, 8, 5, 2, 3, 0, 14], "R": [[-0.6985259482754881, -0.37874731619117286, -0.6071342273861803], [-0.23470897453666473, 0.9227743519651221, -0.30561281489377456], [0.6759979266667745, -0.0709786294128944, -0.7334772234424799]], "T": [-0.0753645317727223, -0.06506240026548678, -0.024717827691784027], "aligned_model": [[-0.2891567219525724, 0.4969551347147704, 0.2585389789294899, -0.11117780626102813, -0.5554095565445867, -0.2007857974088379, 0.3344819454402391, -0.7066667181810862, -0.02956056638918371, -0.3322292293234198, 0.7074117983344466, 0.4931376827710485, 0.34060109631546304, 0.013669671607961065], [0.00820706770800779, 0.26438487322589405, -0.35668592809314587, 0.535601436617973, -0.5657990325741208, -0.7126128375973743, -0.5570224140374797, -0.3503530645707612, 0.36241655913166376, -0.07458292239569285, -0.06002708211390183, 0.6703488469208767, -0.4703288555242778, -0.030050008347173064], [-0.6242141220738698, -0.32574872732295196, -0.6121442198732602, -0.16004542740542166, -0.40469118740319404, 0.23060660138435438, -0.05808919672314301, 0.0940318651451494, 0.38353686761027833, 0.7133605086236872, 0.19974839654406598, 0.18425505211767493, 0.6050351864379919, -0.011745234004263954]], "inverted": false, "swapped": true, "error_lsq": 0.04256372756933002, "error_max": 0.2878284924829781, "target": "369.xyz", "model": "3.xyz", "model_rescale": 3.9243930471874484, "target_rescale": 4.135526565078614},
{"mapping": [2, 8, 0, 1, 4, 6, 10, 5, 12, 9, 11, 13, 14], "R": [[0.5721310197882368, -0.8182360183911501, -0.056177525786292704], [0.7984071441030252, 0.539975535744859, 0.2664065559296611], [-0.18764895001391113, -0.197271992448117, 0.9622222365723143]], "T": [-0.08596504176296839, -0.029098586305604746, -0.09419388621825237], "aligned_model": [[-0.024807571370896835, -0.2629159463773556, 0.5504366744716037, 0.3040819998554082, 0.6098807168079069, -0.5514520642781212, -0.13571264915431158, 0.2953661916806067, 0.2556955489839578, -0.4116476664789255, 0.19278399001033764, -0.4293534662542531, -0.11514987158460449], [-0.6825177966617153, 0.151594074083313, -0.3137323349592767, -0.5308821426420247, 0.016323515922406454, -0.57441937454624, -0.5842793858703439, 0.43189712537320885, 0.5250759578698774, 0.6030424121147557, 0.18327691486843187, 0.0018102096024899816, -0.09935962147329506], [-0.5763269825521107, -0.6304276972056164, -0.5920228197038537, -0.009405878690253222, 0.024035296954307908, -0.20667490228140534, 0.38633192789244725, -0.5970847172559659, 0.17074633075710471, -0.08913363300055546, 0.6148588470963507, 0.445806445964769, -0.1536319026042548]], "inverted": false, "swapped": true, "error_lsq": 0.03353934487602232, "error_max": 0.18621340864521208, "target": "369.xyz", "model": "4.xyz", "model_rescale": 3.8936222436046832, "target_rescale": 4.135526565078614},
{"mapping": [9, 12, 13, 7, 10, 1, 0, 2, 3, 8, 6, 14], "R": [[0.1559346269455079, -0.7592899555747911, 0.6317936019639617], [0.9815934099802978, 0.19051870700097412, -0.013304125898682073], [-0.11026681097509039, 0.6222390100643873, 0.7750224801587855]], "T": [-0.20054629442080613, -0.14425470462017267, -0.08812802146210573], "aligned_model": [[0.08968086472475445, -0.559222790351761, -0.35850085170255247, 0.3097808793293623, -0.5820650890815313, -0.5843936900680606, -0.30082845904246247, 0.03281220331349613, 0.6636852892877096, 0.3306904696073441, 0.13169153257524008, -0.1457823163764413], [-0.5688985637989958, -0.7103352096374567, 0.09469809845089641, -0.0514740163327521, 0.47893574830031327, 0.16019322329647515, -0.2683626917897475, 0.29478513697426134, 0.18125205389072788, -0.3576808293325384, 0.5001017792926064, -0.08429182420398262], [-0.5791909594287227, -0.30011560685016514, -0.6612102478792884, -0.42182116557277916, -0.1757788707600101, 0.3254962940072831, 0.75353572213974, 0.5568037983883012, 0.1460583462231837, 0.06596594351857683, -0.05454741478927273, -0.03591111972132843]], "inverted": true, "swapped": true, "error_lsq": 0.03694739252709705, "error_max": 0.19611346524448994, "target": "369.xyz", "model": "5.xyz", "model_rescale": 3.6523030999806103, "target_rescale": 4.135526565078614},
{"mapping": [11, 12, 9, 13, 7, 4, 5, 10, 0, 2, 8, 6, 14], "R": [[0.6637460166669875, -0.5810961809774191, -0.4709229807645473], [-0.3413107374175303, -0.7955498696435203, 0.5006070169640853], [-0.6655435416877015, -0.1715448435938455, -0.7263774230757412]], "T": [0.1044415731252283, -0.03888011650354728, 0.022084938016455544], "aligned_model": [[0.167737699550432, -0.12437914043363986, 0.3365939203032855, 0.654443337170998, 0.5482206112807234, -0.45844488501451774, -0.506448148519838, 0.42116797114247273, -0.6613622510423366, -0.113463003505667, -0.004237232098065674, 0.5122305508356102, 0.10902347499483754], [-0.5355159332794975, -0.05595706473562856, 0.45631940891544354, -0.2539341954119821, 0.38102572754218444, -0.3936342544427492, 0.41363000116328674, -0.6710081060699398, -0.12303479845028942, -0.09785287267591836, 0.5163399309860217, -0.0709561252397652, -0.024594814137983232], [0.6343811250936233, 0.6864524282942993, 0.4765953755345807, 0.27052230474749867, -0.06236884960384183, 0.2619827573134336, 0.20340808911751668, -0.18213111492510486, -0.3525077136882168, -0.7603401591911804, -0.15519387168516946, -0.5774016660986705, -0.07328896542697944]], "inverted": true, "swapped": true, "error_lsq": 0.04605268580333965, "error_max": 0.2974461899871686, "target": "369.xyz", "model": "6.xyz", "model_rescale": 4.08911054899281, "target_rescale": 4.135526565078614},
{"mapping": [13, 11, 1, 0, 12, 7, 9, 3, 6, 4, 11, 10, 5, 8, 14], "R": [[0.35622575698440984, 0.8635034629104825, -0.35702237969417105], [-0.4929680791008666, -0.15090878574085465, -0.8568599718587759], [-0.7937793667313895, 0.48123622881888845, 0.3719220469717929]], "T": [0.038790423602657664, -0.029498173349686435, -0.09349950884015458], "aligned_model": [[0.21501580224398442, -0.24964909437304245, -0.44018110767644875, -0.357095148052754, 0.37406111386488944, 0.7280936772215498, -0.7392363911152959, -0.25540617948738215, 0.17144016531960005, 0.24617791771541353, -0.24964909437304245, 0.06233158057095664, 0.6872938767988785, -0.3035833676412747, -0.12403437067455267], [-0.6432814058669634, -0.5053956392589395, -0.24516230238070089, 0.5348151985088856, -0.6159463271582344, -0.010118113754847585, 0.058924264500427564, 0.704070635300448, 0.35437464136312824, 0.5261483529862115, -0.5053956392589395, -0.27419738740611477, 0.05654280298890213, 0.23902107230593514, -0.05869636642038016], [-0.4514230785516037, 0.09319625803272748, -0.6053796847884295, -0.7334067017990752, 0.13381974937794971, -0.44531537314698233, -0.05590887207688469, -0.13564921787446538, -0.3836523558025183, 0.28741630175155164, 0.09319625803272748, 0.5838800059598895, 0.29706604412964754, 0.43169243232685905, -0.09406020129251325]], "inverted": false, "swapped": false, "error_lsq": 0.04438522355483546, "error_max": 0.4131116762548449, "target": "369.xyz", "model": "7.xyz", "model_rescale": 3.964800864290218, "target_rescale": 4.135526565078614},
{"mapping": [4, 0, 1, 12, 10, 5, 11, 2, 8, 7, 9, 13, 6, 14], "R": [[-0.7656949148567656, -0.1761138537578642, -0.6186236399274154], [-0.6149518979006713, -0.08147296619000438, 0.7843445155341913], [-0.18853503820471512, 0.980992388499909, -0.04591811270501639]], "T": [0.007244670017595963, 0.0048147389417170176, 0.12559512924978106], "aligned_model": [[-0.26198899716036445, 0.29776874976034645, 0.3079669625394214, -0.6745746240387097, 0.3035382351787225, -0.2836226867048248, -0.5455970182581545, 0.7616426654936569, 0.11920577033868324, 0.10309421335464786, -0.4611861704968854, -0.1557582438965714, 0.6498993552338864, 0.10079967811701848], [-0.13431566719194515, -0.5530788077857696, 0.11512842435783217, -0.05355812660068466, 0.6280266645492095, -0.7166781045109365, 0.47215210103133104, -0.2295491818261396, -0.47103732643358387, 0.03626328287412812, -0.08956715117646569, 0.5863302171778069, 0.23617512345239286, -0.015342981735973036], [-0.5134655794411298, -0.4559611551490857, -0.4298411244245475, -0.03487219475582823, -0.13018333289660028, 0.050269161831011516, -0.19303006205487333, -0.07215835438995905, 0.4610614973126, 0.73404976925181, 0.6522464622595896, 0.33946686914126595, 0.3708954293731865, 0.13833765266758133]], "inverted": false, "swapped": true, "error_lsq": 0.04213758879809299, "error_max": 0.28481950164976827, "target": "369.xyz", "model": "8.xyz", "model_rescale": 4.121658175737393, "target_rescale": 4.135526565078614},
{"mapping": [8, 7, 6, 2, 9, 5, 13, 4, 10, 12, 0, 1, 14], "R": [[-0.7036240084990808, -0.570056550632944, 0.4242037054814062], [-0.12005877781692287, -0.49303036120394395, -0.8616884313951392], [0.7003564410589743, -0.6572340466010405, 0.2784677063065466]], "T": [-0.033641157343437006, -0.10337741701209574, -0.05263474683253792], "aligned_model": [[-0.5274194381703468, -0.24339587433249577, 0.28688677755293257, 0.1485014598516414, -0.5216484422239114, -0.6953740380779185, 0.2816640870521835, 0.037022801067830846, 0.6980319972899476, -0.2663209769518722, -0.1177244052785213, 0.4169583449469646, -0.02044479629123752], [0.10229705207205847, -0.3092568949921745, 0.12070025946929178, 0.6486417887439773, -0.6057463951278246, 0.12670349253138402, -0.6362748080858194, 0.05248542985303534, -0.1348294184896916, -0.4882816557207034, 0.6619827619989489, 0.28279361170024325, -0.03082778454101573], [-0.30834783284668693, -0.5948614467108074, -0.6639905737008038, -0.3064858929850934, -0.17580665848019508, 0.2937784650202236, -0.21717743412159832, 0.6336275971688556, -0.12523480926461775, 0.48749813665422476, 0.32287952202449294, 0.19015006205042576, -0.11495370084933107]], "inverted": false, "swapped": true, "error_lsq": 0.04389939632556729, "error_max": 0.2294284715703059, "target": "369.xyz", "model": "9.xyz", "model_rescale": 3.833441315466971, "target_rescale": 4.135526565078614},
{"mapping": [11, 6, 7, 9, 12, 10, 3, 2, 8, 13, 4, 1, 0, 5, 14], "R": [[0.7592990838096108, -0.5774191977457577, 0.3000866064997431], [-0.468227335395516, -0.16453024804209943, 0.8681549169748569], [-0.451915991877142, -0.7996979852130747, -0.39529111896404673]], "T": [0.016896110709961606, -0.10737399890422447, -0.055534232272863984], "aligned_model": [[0.23977670658161507, -0.23686508226331232, -0.3094555277259158, -0.3217054173297597, 0.33247188292402097, 0.7701512156757847, -0.8051602741313328, -0.28682275425601717, 0.26315175716695627, 0.21932925974008885, -0.6644045813529945, 0.25888417943007325, 0.5155551688366928, -0.15908854243790468, -0.050238610516515625], [-0.38434549961223574, -0.664503130295385, -0.2940198515109975, 0.3904345003528402, -0.6188199115995014, 0.05478081961260503, 0.08868315436717586, 0.5440470498158504, 0.30745254882734685, 0.5953605297320388, -0.2634283565918395, -0.38221246501125916, 0.07486118612138123, 0.22996636439824306, -0.06255315215744581], [-0.6377267337902053, 0.23847589670406016, -0.6055996016397468, -0.5990835214907873, -0.012463735531263564, -0.3420071021830373, -0.25580091083025275, -0.048069429807275424, -0.6677731188701581, 0.26206857604401806, 0.32837849808584924, 0.5859597467003357, 0.37102460633033607, 0.5036312911729177, -0.10554289661591051]], "inverted": false, "swapped": false, "error_lsq": 0.04244324007593957, "error_max": 0.32072102459560964, "target": "369.xyz", "model": "10.xyz", "model_rescale": 4.2482417240324, "target_rescale": 4.135526565078614},
{"mapping": [9, 5, 4, 0, 13, 10, 11, 2, 8, 6, 7, 14], "R": [[0.10322892868704747, 0.8098058918239114, 0.577544981667579], [0.908957060542915, 0.1589839935953523, -0.385384420896404], [-0.40390698232552025, 0.5647464097696883, -0.7196670357053597]], "T": [-0.05251267793995795, 0.05606797462203726, -0.004347984337561402], "aligned_model": [[-0.687333806178617, 0.06889705253253156, 0.31492320164931764, 0.7314378530819636, -0.4950916384796378, 0.10882542566027492, -0.2853078683498179, 0.6080707765259304, -0.08481181616773625, 0.06110379485020226, -0.46258254731345666, -0.0013648254479481162], [-0.25510325286213426, -0.7157208656772022, -0.19482974187008822, -0.28923620224139657, 0.4847846120394676, 0.7453328156240597, 0.19689332702908302, 0.2179583142781965, -0.3063200608422733, 0.5698172751125874, 0.12871007689775052, 0.0838450925625892], [-0.08097449682627073, -0.02511832530272507, 0.5454554688118636, -0.010962564103151724, 0.17114341427210464, 0.19687228789760483, 0.738305888119761, -0.4521986746792878, -0.47247172613065536, -0.504205826676964, -0.45927547528788343, -0.08137768024003947]], "inverted": true, "swapped": true, "error_lsq": 0.047056715241568514, "error_max": 0.24170343969100247, "target": "369.xyz", "model": "11.xyz", "model_rescale": 3.6694154284099745, "target_rescale": 4.135526565078614},
{"mapping": [8, 5, 4, 12, 9, 3, 7, 6, 11, 10, 1, 13, 0, 14], "R": [[-0.26066953618128397, -0.5064535508422894, -0.8219222552932066], [-0.4520846084936273, 0.8162772679907572, -0.35959828771103675], [0.8530362827396021, 0.2778420821272086, -0.4417384720952199]], "T": [0.06263196326471716, 0.05133839919308076, -0.006612720813072886], "aligned_model": [[-0.09996163492481978, -0.056053743632992994, -0.04634904348035232, 0.5145629974653031, 0.6101615506158329, -0.41632749937855357, 0.24958156316049473, -0.24664643003564374, 0.5798473904468495, -0.0022906460698024905, -0.35593301744073524, 0.5379348956040366, -0.6545986281559298, -0.015662903917876933], [-0.3325581599124747, 0.1920013332861664, 0.7326667247012615, 0.48171938227820027, -0.231610264449561, -0.7684897540655794, -0.5363004518486161, -0.42676253877311204, 0.6067462841240893, 0.20026133324666287, 0.4326417296448095, -0.031407573356339306, 0.4134105731000773, -0.001331329839330049], [-0.42815146629562156, -0.7661898305775598, -0.16203948773109625, -0.3299782306895383, -0.36136393618287643, -0.08518604449354909, -0.01773129349988726, 0.44335536443898554, 0.21603147532879052, 0.7111704060318865, 0.2942586228188938, 0.4149457555972152, -0.303835166006925, 0.013809290913697498]], "inverted": true, "swapped": true, "error_lsq": 0.04549796211365215, "error_max": 0.2782380739530918, "target": "369.xyz", "model": "12.xyz", "model_rescale": 3.9764082729961374, "target_rescale": 4.135526565078614},
{"mapping": [14, 13, 6, 4, 11, 3, 5, 0, 7, 2, 12, 10, 8, 1, 15], "R": [[-0.8685953864972393, 0.323606526757023, 0.375261069651473], [-0.38109072627888235, 0.047791077992460795, -0.9233016144297336], [-0.31672055964200585, -0.9449840362167895, 0.08181233645043934]], "T": [-0.11767424174959773, -0.02501658163207721, -0.05160273386272357], "aligned_model": [[0.2082371964560456, -0.2520774817818662, -0.3886563981170801, -0.25342549952881954, 0.45663525072691846, 0.6538672056458297, -0.8784791389142892, -0.29127535321651643, 0.23583108904497152, 0.208944740842735, -0.4732860428696852, 0.17883833766122192, 0.5248771836752392, -0.09495381792062355, -0.06949789136260187], [-0.6084750663388081, -0.6220181060156528, -0.416037894426864, 0.32364323924386623, -0.5587060936132682, -0.05376307259437732, 0.18104784269586405, 0.6769991563109027, 0.5711785341111634, 0.6038451934452957, -0.30043330582427885, -0.3447946026912145, 0.03629672704399081, 0.13616307588253013, -0.009241840780331433], [-0.48997012617826013, -0.05394690523322975, -0.6493734336882522, -0.6646864533475441, 0.07444809081547929, -0.3867756467329835, -0.33715004572423557, -0.1159804573397535, -0.35263273898964814, 0.3146108949975419, 0.4010554262179626, 0.6236521857468336, 0.23653122892585893, 0.5622600183918021, -0.14657047358269149]], "inverted": false, "swapped": false, "error_lsq": 0.040424478162353596, "error_max": 0.26329372016103203, "target": "369.xyz", "model": "13.xyz", "model_rescale": 4.170626492500431, "target_rescale": 4.135526565078614},
{"mapping": [12, 11, 9, 13, 5, 3, 7, 4, 0, 10, 1, 6, 2, 14], "R": [[-0.5890627948837153, 0.7394521921637082, 0.32590716345007364], [0.05325943272908823, -0.36690354282992327, 0.9287331280212991], [0.8063302403538901, 0.5644397627410187, 0.1767464221072117]], "T": [-0.04623887299229627, 0.008255218610869457, 0.01375183779528194], "aligned_model": [[0.19940701264220306, 0.020809703782882064, -0.37041130134668127, -0.5267691430041956, 0.45263363150314373, -0.3945552762124228, -0.5750406075676541, 0.588418911702877, 0.7079681479968204, -0.21895516623770456, 0.31268714610663384, -0.4533677182586373, 0.15697582980761388, -0.05661814882323479], [-0.391079481165338, -0.7667588218262299, 0.03607773817180894, -0.4152038059561976, 0.3405000055431928, 0.8672647564394133, 0.2892793266978087, -0.3027474776313445, 0.3330876463026629, -0.3863091124348192, -0.13536143452723517, 0.29550788254846533, 0.5121573238540591, 0.07965992190941938], [-0.5099127492049087, -0.12913931067856096, -0.618573366659273, 0.029386306506046414, -0.48781507652662487, 0.23391639464451405, -0.1338536194121739, -0.013256422078838655, 0.25770434490463734, 0.6104876867161353, 0.5252777980950938, 0.5414230608166444, 0.6203288536185487, 0.07789920037962617]], "inverted": true, "swapped": true, "error_lsq": 0.05029988916450023, "error_max": 0.2922963740459905, "target": "369.xyz", "model": "14.xyz", "model_rescale": 3.9786697098870705, "target_rescale": 4.135526565078614},
{"mapping": [1, 11, 0, 2, 4, 5, 13, 9, 8, 6, 12, 14], "R": [[-0.02646433110502766, -0.07574794333259033, 0.9967757462238167], [-0.9928426116232902, -0.11417529256065354, -0.035036425527355974], [0.11646109961789064, -0.9905686506495005, -0.07218421313708345]], "T": [0.00195827561079049, -0.06692635768186153, 0.07131554335523647], "aligned_model": [[0.024641444208152744, -0.7328938750040122, 0.553102717926635, 0.6075219238519755, -0.11666323681254118, 0.4039748768397551, -0.5361526813600959, -0.1346293455785367, 0.4885522210175217, 0.21879924236114248, -0.36708048689929446, 0.07418179621663451], [-0.3307998202331628, 0.1240803189088715, 0.07521212082736889, -0.5179351115965876, 0.28048817407359816, 0.5995247211565952, -0.29709511709519854, 0.3242216405533751, 0.09940241402419076, -0.7382211919327406, 0.5267911319042347, -0.13099479036610542], [-0.5126097154998774, -0.15019951497929557, -0.5689138053517716, -0.2336975630004522, -0.5332294977798933, 0.0002145196001196864, 0.33194989004590375, 0.6492810140390833, 0.36639050366968595, 0.2417507211762116, -0.0017914848787201065, 0.0708214268328357]], "inverted": true, "swapped": true, "error_lsq": 0.047473880090252475, "error_max": 0.2283083662397609, "target": "369.xyz", "model": "15.xyz", "model_rescale": 3.769337070930944, "target_rescale": 4.135526565078614},
{"mapping": [8, 5, 6, 2, 7, 9, 13, 12, 10, 1, 14], "R": [[-0.019966845734689487, 0.4775001187454575, 0.8784047823580432], [-0.9995484004797892, -0.02926793511596787, -0.006810511900182392], [0.022457073934556704, -0.8781440796202646, 0.47786886826636477]], "T": [0.005660946081568639, -0.0031639161430616347, 0.04404175570462529], "aligned_model": [[-0.23318942803619178, -0.3266763960472568, -0.12860251696500224, -0.6968183049900845, 0.2305743749611009, 0.45736073958268425, 0.5829791094641805, 0.3151145391159849, 0.12659153606579876, -0.34524485445417996, -0.059462668005863514], [-0.15382081865032973, -0.6819091258625732, 0.6754990650159487, 0.40626583041552367, 0.1877137123669487, -0.3395090679372651, 0.26050825149706747, -0.5927713770822045, 0.5666713703978019, 0.20839330652812033, 0.05902335093630381], [-0.4772654058796255, -0.15517314092015191, -0.17526348747737552, -0.0011180458274424876, -0.49759730793225365, -0.3901658622662898, 0.13151774519518258, 0.26906668546925894, 0.4937851728795908, 0.5372162674055669, 0.009214986577316717]], "inverted": false, "swapped": true, "error_lsq": 0.044984225236853706, "error_max": 0.2227847332957456, "target": "369.xyz", "model": "16.xyz", "model_rescale": 3.7852294659196426, "target_rescale": 4.135526565078614},
{"mapping": [2, 8, 7, 3, 0, 5, 12, 9, 6, 10, 4, 13, 14], "R": [[-0.848016808089118, 0.16802440906964455, 0.5026283827592122], [0.32112060895689465, -0.5915740800395279, 0.7395415217068879], [0.4216029502998022, 0.7885479730379015, 0.44770866254331015]], "T": [0.030304594177379542, 0.18775726999414985, 0.04245475069105024], "aligned_model": [[-0.007795581222531909, -0.2631699856416837, 0.27179917771427003, 0.10550253005375373, -0.5586383924337911, -0.7330449103485562, -0.28129273689264556, -0.04062441409927474, 0.5114371030292977, 0.606805327128128, -0.3710942365281133, 0.5690276474376871, 0.04485432201974293], [-0.23178235202836608, -0.31069910797744704, -0.2667315750566369, -0.7499558256961839, 0.16580016707306552, 0.10207157889622526, 0.6794416746335238, 0.07238005635278902, -0.2631884466691725, 0.45129363415204327, 0.7204036577355847, 0.3916050462841839, 0.11441711600326544], [-0.6544556491562574, 0.17253960940937915, 0.38232744841791183, -0.10832175787714943, -0.5792535462354016, 0.18662562156563442, 0.4363941530831605, 0.7405623315449172, -0.2606366195933431, -0.3314450919766691, -0.19293732899686913, 0.3229808252088545, -0.018625298250993773]], "inverted": false, "swapped": true, "error_lsq": 0.04620349655901768, "error_max": 0.24677875181861994, "target": "369.xyz", "model": "17.xyz", "model_rescale": 3.901054581598922, "target_rescale": 4.135526565078614},
{"mapping": [1, 7, 6, 10, 0, 8, 11, 9, 4, 5, 12, 3, 2, 13, 14], "R": [[-0.7740312177444111, -0.18916685478783676, -0.604228081941564], [-0.6329443355662203, 0.2070147701777223, 0.7460069389777151], [-0.016035648778257305, 0.9598754012776565, -0.2799679838665809]], "T": [0.013054657256051795, -0.002969041425094913, -0.10298074089928387], "aligned_model": [[0.2517311167291076, -0.2452093477586111, -0.40943473081319154, -0.290173801185468, 0.4037217718355424, 0.615935273504731, -0.772265282194328, -0.34952004892672967, 0.27068881656542254, 0.2209045303559171, -0.539700449017824, 0.05134577748461231, 0.6230217797394851, -0.030529483790935334, -0.03493654218625108], [-0.5227993978236065, -0.6136836086061159, -0.37057890373715585, 0.5763296531324861, -0.6189873240981377, 0.20876135748566538, 0.016496572675394002, 0.5065307689393611, 0.17169603185924082, 0.5410178195446167, -0.23146217911712694, -0.3825409558389025, 0.06641078120573168, 0.26395393106230003, 0.004559239765067393], [-0.5010956711591763, -0.10087243733282357, -0.6030721839073846, -0.5978739340267732, 0.10535840448193194, -0.28221090819423356, -0.24306882567460764, 0.10471891487642192, -0.8300919580052637, 0.12276861644267963, 0.3377320710236475, 0.5587328235775627, 0.4509729139213188, 0.5710776747504789, -0.07760393649489825]], "inverted": false, "swapped": false, "error_lsq": 0.049654547090553426, "error_max": 0.4310452974068226, "target": "369.xyz", "model": "18.xyz", "model_rescale": 3.9405287249114394, "target_rescale": 4.135526565078614},
{"mapping": [14, 11, 10, 2, 13, 12, 5, 6, 1, 0, 9, 7, 4, 8, 15], "R": [[0.7432132934643854, 0.3987035027112444, -0.5372797384450733], [0.23034667832714856, 0.6014654547535068, 0.7649704010756277], [0.6281515805929893, -0.692296774269491, 0.3551770940454735]], "T": [0.11359642226327377, -0.05167843040670293, -0.08988651013694933], "aligned_model": [[0.2878178948497805, -0.3419233683718613, -0.2363268136654798, -0.5297695158742111, 0.23024325360209263, 0.6362542188531113, -0.692688861146914, -0.27758702413537245, 0.23393810081894748, 0.2816678672093212, -0.3753564822799166, 0.0866158479483135, 0.6291772566281968, -0.25147431598986825, 0.08499132189533971], [-0.6209457741598519, -0.5908272327020699, -0.25223271486043386, 0.2876387768588838, -0.6998200622824361, -0.0895847840209759, 0.10403984657243405, 0.584887818580805, 0.5045224989112546, 0.5574335691055409, -0.42643188096087925, -0.20171978075541913, 0.12421328940503341, 0.3802254037076468, -0.04569518695071463], [-0.5851849372515616, -0.23491578726060552, -0.7645981114088766, -0.5655643270582387, 0.042913290841974774, -0.2496707341045193, 0.0401846347402663, -0.0833767093818071, -0.42406884151861013, 0.18105410955654605, 0.36781946032121676, 0.5974163275819936, 0.3978670493101528, 0.4125620839347101, -0.11696594402376152]], "inverted": true, "swapped": false, "error_lsq": 0.048986459062173165, "error_max": 0.267855393035471, "target": "369.xyz", "model": "19.xyz", "model_rescale": 4.410303926677745, "target_rescale": 4.135526565078614},
{"mapping": [4, 0, 1, 12, 10, 5, 11, 2, 8, 7, 9, 13, 6, 14], "R": [[-0.7656949148567656, -0.1761138537578642, -0.6186236399274154], [-0.6149518979006713, -0.08147296619000438, 0.7843445155341913], [-0.18853503820471512, 0.980992388499909, -0.04591811270501639]], "T": [0.007244670017595963, 0.0048147389417170176, 0.12559512924978106], "aligned_model": [[-0.26198899716036445, 0.29776874976034645, 0.3079669625394214, -0.6745746240387097, 0.3035382351787225, -0.2836226867048248, -0.5455970182581545, 0.7616426654936569, 0.11920577033868324, 0.10309421335464786, -0.4611861704968854, -0.1557582438965714, 0.6498993552338864, 0.10079967811701848], [-0.13431566719194515, -0.5530788077857696, 0.11512842435783217, -0.05355812660068466, 0.6280266645492095, -0.7166781045109365, 0.47215210103133104, -0.2295491818261396, -0.47103732643358387, 0.03626328287412812, -0.08956715117646569, 0.5863302171778069, 0.23617512345239286, -0.015342981735973036], [-0.5134655794411298, -0.4559611551490857, -0.4298411244245475, -0.03487219475582823, -0.13018333289660028, 0.050269161831011516, -0.19303006205487333, -0.07215835438995905, 0.4610614973126, 0.73404976925181, 0.6522464622595896, 0.33946686914126595, 0.3708954293731865, 0.13833765266758133]], "inverted": false, "swapped": true, "error_lsq": 0.04213758879809299, "error_max": 0.28481950164976827, "target": "369.xyz", "model": "20.xyz", "model_rescale": 4.121658175737393, "target_rescale": 4.135526565078614},
{"mapping": [11, 12, 9, 13, 7, 4, 5, 10, 0, 2, 8, 6, 14], "R": [[0.6637460166669875, -0.5810961809774191, -0.4709229807645473], [-0.3413107374175303, -0.7955498696435203, 0.5006070169640853], [-0.6655435416877015, -0.1715448435938455, -0.7263774230757412]], "T": [0.1044415731252283, -0.03888011650354728, 0.022084938016455544], "aligned_model": [[0.167737699550432, -0.12437914043363986, 0.3365939203032855, 0.654443337170998, 0.5482206112807234, -0.45844488501451774, -0.506448148519838, 0.42116797114247273, -0.6613622510423366, -0.113463003505667, -0.004237232098065674, 0.5122305508356102, 0.10902347499483754], [-0.5355159332794975, -0.05595706473562856, 0.45631940891544354, -0.2539341954119821, 0.38102572754218444, -0.3936342544427492, 0.41363000116328674, -0.6710081060699398, -0.12303479845028942, -0.09785287267591836, 0.5163399309860217, -0.0709561252397652, -0.024594814137983232], [0.6343811250936233, 0.6864524282942993, 0.4765953755345807, 0.27052230474749867, -0.06236884960384183, 0.2619827573134336, 0.20340808911751668, -0.18213111492510486, -0.3525077136882168, -0.7603401591911804, -0.15519387168516946, -0.5774016660986705, -0.07328896542697944]], "inverted": true, "swapped": true, "error_lsq": 0.04605268580333965, "error_max": 0.2974461899871686, "target": "369.xyz", "model": "21.xyz", "model_rescale": 4.08911054899281, "target_rescale": 4.135526565078614},
{"mapping": [6, 0, 7, 12, 8, 5, 13, 14, 9, 15, 4, 1, 11, 2, 16], "R": [[0.6808463384518477, -0.7241920252317541, -0.10951791637646763], [-0.4656145509966648, -0.3125345272814783, -0.8279645277166876], [0.565377177923629, 0.6147097525236394, -0.5499823332030219]], "T": [-0.01524630805767796, 0.0006658836361456942, -0.08971696417702245], "aligned_model": [[0.1329190385617399, -0.3690425836236157, -0.3425455076569552, -0.34025998336960633, 0.5283987477956347, 0.58454739669932, -0.6389463374000317, -0.20465878641077026, 0.2744470741789528, 0.18990137944158283, -0.6171466301074129, 0.22185485282019451, 0.6714865767484863, -0.2693446824134885, -0.05603117492255132], [-0.6722541824608268, -0.6762023136693237, -0.33772613985782446, 0.3790423642294315, -0.41593125774290746, 0.060923801257196875, 0.025429222994994224, 0.6136855539941776, 0.499463162829841, 0.4726379568747834, -0.14533851901541392, -0.3549666280030472, 0.08967533192633978, 0.10113017242927388, -0.023864739337876893], [-0.3739523301267275, 0.039732010524941366, -0.6227856843123937, -0.6339291064783097, 0.01825939018412019, -0.45624874867328924, -0.30677690163758614, -0.10206130479663493, -0.5078397094561892, 0.42667804576275337, 0.23073724876227691, 0.5790931265375273, 0.23642455924390982, 0.578560502299499, -0.09041953355501771]], "inverted": true, "swapped": false, "error_lsq": 0.04640914362225371, "error_max": 0.29923856924480186, "target": "369.xyz", "model": "22.xyz", "model_rescale": 4.204369325754507, "target_rescale": 4.135526565078614},
{"mapping": [14, 11, 10, 2, 13, 12, 5, 6, 1, 0, 9, 7, 4, 8, 15], "R": [[0.7432132934643854, 0.3987035027112444, -0.5372797384450733], [0.23034667832714856, 0.6014654547535068, 0.7649704010756277], [0.6281515805929893, -0.692296774269491, 0.3551770940454735]], "T": [0.11359642226327377, -0.05167843040670293, -0.08988651013694933], "aligned_model": [[0.2878178948497805, -0.3419233683718613, -0.2363268136654798, -0.5297695158742111, 0.23024325360209263, 0.6362542188531113, -0.692688861146914, -0.27758702413537245, 0.23393810081894748, 0.2816678672093212, -0.3753564822799166, 0.0866158479483135, 0.6291772566281968, -0.25147431598986825, 0.08499132189533971], [-0.6209457741598519, -0.5908272327020699, -0.25223271486043386, 0.2876387768588838, -0.6998200622824361, -0.0895847840209759, 0.10403984657243405, 0.584887818580805, 0.5045224989112546, 0.5574335691055409, -0.42643188096087925, -0.20171978075541913, 0.12421328940503341, 0.3802254037076468, -0.04569518695071463], [-0.5851849372515616, -0.23491578726060552, -0.7645981114088766, -0.5655643270582387, 0.042913290841974774, -0.2496707341045193, 0.0401846347402663, -0.0833767093818071, -0.42406884151861013, 0.18105410955654605, 0.36781946032121676, 0.5974163275819936, 0.3978670493101528, 0.4125620839347101, -0.11696594402376152]], "inverted": true, "swapped": false, "error_lsq": 0.048986459062173165, "error_max": 0.267855393035471, "target": "369.xyz", "model": "23.xyz", "model_rescale": 4.410303926677745, "target_rescale": 4.135526565078614},
{"mapping": [2, 4, 3, 1, 5, 12, 10, 11, 7, 13, 8, 15, 6, 9, 16], "R": [[0.6611154850862186, -0.7445277785308166, 0.09276153499797879], [-0.7502835243790762, -0.6558822012638086, 0.08302512337029815], [-0.000973870898050927, -0.12448664611639436, -0.9922208053221651]], "T": [0.002620050285771589, 0.07757961365305846, -0.01639289850918859], "aligned_model": [[0.10686868239066345, -0.22540357492996366, -0.3686275691578026, -0.400116220029165, 0.35129382032385464, 0.7502337365874121, -0.642889952723921, -0.32489737443957745, 0.19703261302002797, 0.5546288647255045, -0.5330962670669764, 0.09144239214775954, 0.6504756080546958, -0.397783107889483, -0.04358227067154953], [-0.6308417473302783, -0.5648976529326857, -0.3598102456483149, 0.3877306097474016, -0.4404196054350056, -0.04795216107386932, -0.0020345066222359903, 0.6140249646570529, 0.543997006133564, 0.4998711198963445, -0.4471494062864906, -0.15631694729580095, 0.05432769000436827, 0.12604011446899255, 0.039134554165775146], [-0.5822244539964692, -0.11185263481269486, -0.709297149233533, -0.7077287110958347, 0.059141494581100774, -0.28377162685547574, -0.04400402204359984, 0.058974259445978554, -0.44835292921235753, 0.08916645145448945, 0.3203178827404532, 0.651976147151364, 0.3806469157089186, 0.4629283657930902, -0.12044842534654979]], "inverted": true, "swapped": false, "error_lsq": 0.03954562030103715, "error_max": 0.27963020788202697, "target": "369.xyz", "model": "24.xyz", "model_rescale": 4.28219845311461, "target_rescale": 4.135526565078614},
{"mapping": [5, 1, 8, 10, 3, 9, 6, 14, 11, 13, 0, 4, 7, 2, 15], "R": [[-0.6197327295964201, 0.7118271682445589, -0.33050480543541716], [-0.3430972389594542, -0.6244845544925466, -0.7016433038365328], [-0.705843912267698, -0.3214360336819415, 0.6312394535875052]], "T": [0.06707363370693048, 0.033431189918653084, -0.04638771088466146], "aligned_model": [[0.18381980589291283, -0.07226268773487549, -0.3538751593245837, -0.39531142602035313, 0.43002563211109895, 0.7004602146037942, -0.830380510356395, -0.2959406909220721, 0.1622836260070194, 0.3055286433098887, -0.5442214422940967, 0.08498610610504465, 0.7056747954873486, -0.3299888161993106, 0.01478128967605899], [-0.4217854152781542, -0.5856443436048345, -0.25530163939978906, 0.28377611110528145, -0.6372550261000088, -0.017836210963596152, 0.05919857257717874, 0.6855107115716929, 0.29338092477793776, 0.45154766756484893, -0.2858914937195613, -0.3106509090317184, -0.012853334350866386, 0.3639880458202925, 0.005520125480114591], [-0.7566192608366166, -0.13128925484203682, -0.5168996914419082, -0.6407211995969629, 0.08959460913089748, -0.27674998345859936, -0.12454931434514735, -0.19856366972678985, -0.515256843971282, 0.30179941761522416, 0.3893938006630329, 0.5985426927560769, 0.3958704769830926, 0.4028934931276987, -0.001973707777799337]], "inverted": true, "swapped": false, "error_lsq": 0.04130062034937893, "error_max": 0.23219657383837586, "target": "369.xyz", "model": "25.xyz", "model_rescale": 4.100010024507729, "target_rescale": 4.135526565078614},
{"mapping": [9, 5, 4, 0, 13, 10, 11, 2, 8, 6, 7, 14], "R": [[0.10322892868704747, 0.8098058918239114, 0.577544981667579], [0.908957060542915, 0.1589839935953523, -0.385384420896404], [-0.40390698232552025, 0.5647464097696883, -0.7196670357053597]], "T": [-0.05251267793995795, 0.05606797462203726, -0.004347984337561402], "aligned_model": [[-0.687333806178617, 0.06889705253253156, 0.31492320164931764, 0.7314378530819636, -0.4950916384796378, 0.10882542566027492, -0.2853078683498179, 0.6080707765259304, -0.08481181616773625, 0.06110379485020226, -0.46258254731345666, -0.0013648254479481162], [-0.25510325286213426, -0.7157208656772022, -0.19482974187008822, -0.28923620224139657, 0.4847846120394676, 0.7453328156240597, 0.19689332702908302, 0.2179583142781965, -0.3063200608422733, 0.5698172751125874, 0.12871007689775052, 0.0838450925625892], [-0.08097449682627073, -0.02511832530272507, 0.5454554688118636, -0.010962564103151724, 0.17114341427210464, 0.19687228789760483, 0.738305888119761, -0.4521986746792878, -0.47247172613065536, -0.504205826676964, -0.45927547528788343, -0.08137768024003947]], "inverted": true, "swapped": true, "error_lsq": 0.047056715241568514, "error_max": 0.24170343969100247, "target": "369.xyz", "model": "26.xyz", "model_rescale": 3.6694154284099745, "target_rescale": 4.135526565078614},
