[{"mapping": [2, 0, 7, 8, 10, 1, 5, 3, 6, 9, 11, 12], "R": [[-0.3386637312464897, -0.9029757589936684, 0.26446484796285186], [0.42995716840665893, 0.10149494315395963, 0.897126306519825], [-0.8369251522531355, 0.41753269953859123, 0.353868244325601]], "T": [-0.0012334563747454213, -0.04756452843024734, -0.025353550734159493], "aligned_model": [[-0.21531437859765667, 0.09546953176214182, 0.3870940927509053, 0.033390730851808936, -0.164170310502393, -0.6772949533767885, 0.4912736854740468, -0.12376641752918344, 0.5726245975378323, -0.037430710434171094, -0.5191024598334982, -0.005130945642495265], [-0.39435023980308986, -0.8407249682006578, -0.14805159220016761, 0.6025275429258262, 0.31876523128134804, -0.47068620419627577, -0.3529331601020602, -0.5008122771853986, 0.29078701627256415, 0.4473471900640003, 0.22711861329447758, -0.12543211617350927], [-0.5571591969174065, 0.08716481422473374, -0.5919591508029222, -0.04261632307339464, -0.636694993616142, 0.004154562007792344, 0.38565731362026295, 0.6568511708881555, 0.1096833112601644, 0.5730286469118194, 0.21875559761706123, -0.024914006766561705]], "inverted": false, "swapped": true, "error_lsq": 0.049826434096099104, "error_max": 0.23213525586257894, "target": "371.xyz", "model": "0.xyz", "model_rescale": 3.751011558992144, "target_rescale": 3.96426060425233},
{"mapping": [10, 9, 5, 11, 13, 6, 1, 8, 0, 7, 2, 12, 14], "R": [[-0.665729067508003, 0.5720282288026043, -0.4791539566025523], [0.5422074468018204, 0.811994051616242, 0.21604801497003195], [0.5126557259092852, -0.11597139989150572, -0.8507260082421535]], "T": [0.014157250311222468, -0.010689118498931172, -0.040781736253458725], "aligned_model": [[-0.43485221767114896, -0.0013914354377538643, 0.4147818221085941, -0.6265579201656478, 0.5001943414529133, -0.6941920875811698, -0.1906147421566206, 0.34836499475035737, 0.318542035274682, -0.2756426691822625, 0.8361014295588389, -0.10674673472847876, -0.0002920265237978392], [-0.15682003512125897, 0.3849250590161762, -0.004217498597825872, 0.4422767404598599, 0.49500921516062013, -0.06339249345052729, -0.45419519561153476, -0.5652567362867933, -0.12910889811148016, 0.18108282169315454, -0.047532478901737604, 0.6945453027485392, 0.04100716409539157], [-0.711221890926616, -0.5675048914828627, -0.5198893625793695, -0.18582307472355042, -0.2293005408037097, 0.20250680652293657, 0.456265887320757, -0.186309029218986, 0.6439307413448024, 0.5239452361976339, 0.04161022320436501, 0.15922261761534173, -0.05185084679768762]], "inverted": false, "swapped": false, "error_lsq": 0.043816927346849756, "error_max": 0.3177512311265391, "target": "371.xyz", "model": "1.xyz", "model_rescale": 3.9405287249114394, "target_rescale": 3.96426060425233},
{"mapping": [9, 11, 5, 10, 0, 8, 4, 2, 7, 3, 1, 6, 12], "R": [[-0.11391314736049576, 0.9653998587148054, -0.23457814828295398], [-0.024742827575866544, 0.23328506781884106, 0.9720935498275407], [0.9931825548920887, 0.11653836246572324, -0.002687514061504498]], "T": [0.044558396812744545, 0.06324114470746872, 0.010733328150559482], "aligned_model": [[-0.5381777568254484, -0.10460532720792409, 0.2502109191623618, -0.7656127360224951, 0.7819734378477975, -0.600223669296659, -0.11677886265871096, 0.3871557591723671, 0.15395379710493484, -0.33757274288459815, 0.6752270665340423, 0.2312564214509635, 0.07088848332187422], [-0.04887406813265975, 0.5619381071361277, 0.04899086039938739, 0.2696751981915877, 0.35150046015126174, -0.3647434853562402, -0.42403807584289444, -0.39115847755154404, 0.3287267091766052, 0.2449170459849354, -0.30723884816291686, 0.5658466133065077, -0.017219072207573585], [-0.5353709305609398, -0.47574977755599723, -0.6861025562764179, -0.10104697599534244, -0.2650484924813046, -0.031397584047980195, 0.4884623013235092, -0.363856658523813, 0.7499625988166746, 0.3951411032247914, 0.3144238552879621, 0.09954370997583452, -0.013378717513922025]], "inverted": false, "swapped": false, "error_lsq": 0.0609575547850491, "error_max": 0.3660405700653675, "target": "371.xyz", "model": "2.xyz", "model_rescale": 3.932901565614263, "target_rescale": 3.96426060425233},
{"mapping": [2, 6, 5, 1, 12, 0, 3, 7, 8, 11, 9, 10, 13], "R": [[-0.2912934337833595, -0.3351219252676113, 0.896014191092769], [0.9563350041176836, -0.12541835992687483, 0.2639954448328286], [0.023905968583803505, 0.9337898747567264, 0.3570223725033037]], "T": [-0.04020462584419684, -0.0202616600760058, -0.0001577068491264988], "aligned_model": [[-0.5332911789737814, 0.002999895724646401, 0.4763436464147419, -0.7152502351994723, 0.47093717589515605, -0.5723190032005974, -0.27243601390758465, 0.33773235217228004, 0.26923659962820257, -0.046944760948663865, 0.6878534222313724, -0.04365144064209183, 0.026484330504297805], [0.02101592712169914, 0.37936464184663454, 0.004103195967790227, 0.2818223450502183, 0.5049251976261305, -0.39263530886941145, -0.29020422966779735, -0.6207666820515525, -0.21807141143346057, 0.4637129269053055, -0.06867048156239547, 0.6958739116366686, 0.05785293452275425], [-0.6705021445050385, -0.5525384168756449, -0.4995412486994134, -0.042904637139122626, -0.21473317881910522, -0.16490746933120834, 0.3657453808688538, -0.07952965766969936, 0.6353768364905337, 0.750463281468194, 0.0857550630022536, 0.016676861655655503, -0.05377879477320372]], "inverted": false, "swapped": false, "error_lsq": 0.05150176767221037, "error_max": 0.28350907876456344, "target": "371.xyz", "model": "3.xyz", "model_rescale": 3.9243930471874484, "target_rescale": 3.96426060425233},
{"mapping": [10, 3, 4, 6, 2, 11, 9, 8, 1, 5, 7, 0, 12], "R": [[0.5763330162182988, 0.3296687090620535, -0.7477692135158264], [0.12926508756602462, -0.9402775811486447, -0.3149104754145251], [-0.8069267572421096, 0.08483285127009099, -0.5845276689705291]], "T": [-0.05319479123676695, -0.03227358902460015, -0.06428734867876701], "aligned_model": [[-0.35233993953478826, -0.06595632061334841, 0.37213554000585874, -0.6362992745098665, 0.6400972419068445, -0.7655868233237578, -0.16527450801671795, 0.1992145663231054, 0.29329194704303874, -0.32313011822085097, 0.7441376581905705, 0.21183172039877862, -0.06442689995036102], [-0.29608310998767207, 0.5130583178610093, -0.007436524727422629, 0.3859226554038951, 0.5620266948332411, -0.334658983211676, -0.6090090369097989, -0.5877510459407917, 0.04879875975744377, 0.44473296415721797, -0.06730532711957904, 0.7136285881356741, 0.05239901484104317], [-0.6457032380539214, -0.4585000134488752, -0.4776207480093953, -0.14563584263793367, -0.19607437269731365, 0.1006209512603583, 0.3262273783368218, -0.2194346335095384, 0.5550142857786828, 0.4584198037904527, 0.012865106424254147, 0.24670018097226104, 0.01870301746720185]], "inverted": false, "swapped": false, "error_lsq": 0.041339839976281136, "error_max": 0.2534852824471255, "target": "371.xyz", "model": "4.xyz", "model_rescale": 3.8936222436046832, "target_rescale": 3.96426060425233},
{"mapping": [3, 5, 0, 1, 7, 6, 8, 10, 4, 11, 2, 12], "R": [[-0.3907942560435609, -0.8795310781767754, 0.2714865226204771], [-0.6943815203025755, 0.4753030290572302, 0.5402974503283408], [-0.6042467655731754, 0.02262991582443019, -0.7964758208534239]], "T": [-0.15268361373080958, -0.0775913592018162, 0.021946859475586472], "aligned_model": [[-0.0747165265118458, -0.6715450431340337, -0.2664104538423441, 0.5147955991704374, -0.5100724419286553, -0.728491746987447, -0.177356298215363, 0.04919043338875803, 0.6015795004908662, 0.3544529691811405, 0.08600872500178952, -0.14988667439820552], [-0.6398954271303678, -0.37983471088888754, 0.004039523238618836, -0.04162806805617436, 0.5158776608757574, -0.25864990851763625, -0.21144485472898725, 0.4216951080089521, 0.2151450750084265, -0.4054387685281459, 0.509022355141155, -0.05996507931290378], [-0.5810343997906207, -0.3577569593584612, -0.7727341699032817, -0.4141035630491403, 0.06673066359998153, 0.33450498740628143, 0.6588071575515846, 0.5163598081613492, 0.20088203626276338, 0.21830615227908495, -0.1967276332291328, -0.05394936065488991]], "inverted": true, "swapped": true, "error_lsq": 0.05419667934472652, "error_max": 0.30117497167124396, "target": "371.xyz", "model": "5.xyz", "model_rescale": 3.6523030999806103, "target_rescale": 3.96426060425233},
{"mapping": [11, 7, 3, 9, 0, 10, 6, 2, 1, 8, 1, 5, 12], "R": [[-0.19483623898060992, 0.2653890387978646, -0.944249701120332], [0.29182501714675746, 0.9347866739912449, 0.20251427973276542], [0.9364171075686226, -0.2360985646172623, -0.25957748060739605]], "T": [-0.0897688299804993, 0.03126203768662102, -0.02158920450182987], "aligned_model": [[-0.5015699323972496, -0.10696858093115989, 0.3887488380150134, -0.7780794403488729, 0.7956285341837414, -0.6494933593244153, -0.19747307469591005, 0.29761453056961884, 0.522028815786979, -0.32890500240139225, 0.522028815786979, 0.15393686752000502, -0.02980222206483106], [0.036804024795162836, 0.5043798407563234, 0.0910699272429561, 0.24943308775684422, 0.43874095944581015, -0.5117732582675063, -0.30685791632340004, -0.6213735577935998, -0.07996280444161705, 0.35626643975542754, -0.07996280444161705, 0.6374838907940522, 0.10407513781374772], [-0.7993797557225404, -0.5142166222151738, -0.5216737580634582, -0.05754433968743379, -0.21445228119532378, 0.0006405113249213223, 0.5231117725880351, -0.03616815131539371, 0.2877771497133017, 0.5177521830647773, 0.2877771497133017, 0.17078056393263363, -0.06882254646459293]], "inverted": true, "swapped": false, "error_lsq": 0.05661411714504169, "error_max": 0.3976752491050191, "target": "371.xyz", "model": "6.xyz", "model_rescale": 4.08911054899281, "target_rescale": 3.96426060425233},
{"mapping": [2, 1, 3, 13, 9, 7, 5, 4, 10, 12, 8, 11, 14], "R": [[-0.935031692005521, -0.34965389568519856, 0.05880381090930484], [0.2496934426124423, -0.531606897028321, 0.8093499192242299], [-0.251731840778317, 0.7714507503814387, 0.5843755813466847]], "T": [-0.0025734256235687035, 0.03760548397358986, -0.0661739112343946], "aligned_model": [[-0.5550721088102524, -0.09327264138640141, 0.5051844635710115, -0.6158115987229957, 0.571180155512985, -0.6553964746363793, -0.15542567715307934, 0.3457763509819006, 0.27220108384305886, -0.3587856827001073, 0.6593517631231943, 0.07738704006928508, 0.09037811600628605], [0.06543283339813565, 0.590406302953381, -0.30222911568444577, 0.4282005169114709, 0.4795033107727533, -0.37711977316901324, -0.5129128215611116, -0.5665190834666584, 0.09862968886404065, 0.21370167960043895, -0.01484270105292329, 0.5495700851029077, 0.16650204442360833], [-0.6527831397607105, -0.5395986313860515, -0.5693098840108408, 0.01908443527523744, -0.36632461789847587, -0.09955043446660479, 0.43787669540832, 0.03646833083147015, 0.5971886697624882, 0.525522696669847, 0.08956049625146205, 0.20956080561104956, -0.11211354661413661]], "inverted": false, "swapped": false, "error_lsq": 0.04857290850177477, "error_max": 0.2750497554721058, "target": "371.xyz", "model": "7.xyz", "model_rescale": 3.964800864290218, "target_rescale": 3.96426060425233},
{"mapping": [5, 3, 1, 10, 0, 9, 12, 7, 4, 11, 2, 6, 13], "R": [[0.32809033499302187, 0.11181973398724365, -0.9380048396331379], [-0.8978196515590461, 0.34566592810950036, -0.27282767348381465], [0.2937287955896729, 0.9316713010687943, 0.2138036047549721]], "T": [0.034863966875354, 0.06277827074419327, -0.06456684060338913], "aligned_model": [[-0.45886935532142725, 0.04386023434347305, 0.4114420291344393, -0.7501074181875819, 0.5781719066262545, -0.5437395493976813, -0.08404286220971369, 0.28150017135748934, 0.29306393585567614, -0.3910987070315943, 0.6665438094526462, 0.06754386999811318, -0.026573274921587925], [0.10016247051598381, 0.6955381685021522, -0.2933157237821528, 0.25862127107428495, 0.4285753815351505, -0.25060799222724994, -0.4914783541251332, -0.6041205846209606, 0.18359078506291432, 0.24016878119915613, -0.04231153602906919, 0.5683613144774851, 0.025138985510022617], [-0.7382882601295407, -0.41882193889187724, -0.6072508382114427, -0.20809194942172587, -0.3546846250692216, 0.13758099620395092, 0.4347684145849129, -0.1001991898524436, 0.5787297530580352, 0.6240707503922307, 0.10438710799793072, 0.21796392409278698, -0.09458226908054107]], "inverted": false, "swapped": false, "error_lsq": 0.041475233646249735, "error_max": 0.2396047729009405, "target": "371.xyz", "model": "8.xyz", "model_rescale": 4.121658175737393, "target_rescale": 3.96426060425233},
{"mapping": [10, 0, 5, 3, 4, 11, 8, 7, 6, 2, 9, 1, 12], "R": [[-0.44149399631962566, -0.8395335200216877, 0.31664889068765334], [-0.5125748964908522, -0.05367005863756591, -0.8569635349845599], [0.7364441775865426, -0.5406505281286936, -0.4066287984551097]], "T": [-0.01046026256363788, 0.0032880448052727135, -0.029830695576701302], "aligned_model": [[-0.4035376939695765, -0.05127225298343821, 0.22745666854771995, -0.7737967695755974, 0.6761695218890187, -0.46407294784266473, -0.19566058900465644, 0.15150855382338715, 0.3834513205425472, -0.42035347985730376, 0.7871165521867828, 0.15506232840387996, 0.015623577538407103], [-0.031182316796888584, 0.6926734776801152, -0.019933966936552708, 0.17478440606867718, 0.5381213282264546, -0.43862824028889874, -0.3043192931563918, -0.6493104898441846, -0.02292819783429749, 0.4051672705594481, -0.22898409266022984, 0.6215115263794957, 0.0813515556958365], [-0.6785083949665377, -0.40653528739928363, -0.5995448154096159, -0.13274020245636114, -0.2048187402144454, -0.07430094716157233, 0.6039136554399988, -0.08543793795368575, 0.5396677007429157, 0.36110035868064233, 0.025942916147188286, 0.22577391006094583, 0.0010696601628659048]], "inverted": false, "swapped": false, "error_lsq": 0.049174102561810935, "error_max": 0.3277489524726334, "target": "371.xyz", "model": "9.xyz", "model_rescale": 3.833441315466971, "target_rescale": 3.96426060425233},
{"mapping": [3, 6, 5, 7, 1, 9, 8, 13, 10, 11, 0, 12, 14], "R": [[0.06312047241621618, -0.9960570899436312, -0.06233842743428364], [0.4405606763292665, 0.08385698052282556, -0.893797682526585], [0.8955010309509717, 0.02895307221384641, 0.4441166774341252]], "T": [0.012225694176678632, 0.1219074842187067, -0.08614218725741214], "aligned_model": [[-0.6276131269587647, 0.04722650037616797, 0.37615328479012144, -0.635995148638371, 0.6449178216114138, -0.5833351927678864, -0.29097259463646613, 0.4426847936235498, 0.25339510650370817, -0.33677030103787864, 0.6663301016737077, 0.19606656567219197, -0.06439302051298837], [-0.10552449894195051, 0.6979140736112208, -0.16850843252579525, 0.2540378337288353, 0.4558913129662865, -0.42735338347928664, -0.3402298194701562, -0.5467405587869432, -0.05110325928073031, 0.3510255501819062, -0.013512876743851543, 0.6407214502830159, 0.07170557555003258], [-0.6276242513659558, -0.4442216764587694, -0.5767036060000154, -0.006988624733074086, -0.2698931244823459, -0.04702881754620565, 0.4634570054063952, -0.14359912506964112, 0.6804468426089676, 0.4533425560088404, 0.04664226828388128, 0.15891833566532387, -0.11116590664434657]], "inverted": false, "swapped": false, "error_lsq": 0.040952586949846465, "error_max": 0.230764978539689, "target": "371.xyz", "model": "10.xyz", "model_rescale": 4.2482417240324, "target_rescale": 3.96426060425233},
{"mapping": [4, 10, 7, 6, 1, 0, 2, 5, 8, 3, 11, 12], "R": [[-0.4710069570260582, -0.8271837758590226, 0.30646279935526133], [-0.7714794446884621, 0.21780494564592146, -0.5978130745269455], [0.4277521628890205, -0.5180038673675974, -0.7407429247289357]], "T": [0.06480812135133335, 0.01672924719821181, -0.09431523743238657], "aligned_model": [[-0.718554059450689, -0.19645954847194547, 0.36032657270220686, 0.64882158084946, -0.5932747169762853, 0.1871435186029484, -0.2262316219833546, 0.6193139235297078, 0.08878738545504342, 0.05632454176104217, -0.4113584606876456, 0.06192648703251834], [-0.20583172445618844, -0.5989118003070496, -0.23208098023570858, -0.25223929271255385, 0.4533585588848609, 0.7377098052047729, 0.05086373594538682, 0.44480104593124126, -0.5454921513159119, 0.7697946536035043, -0.039033953242034, 0.08319349275031938], [0.0587715695325359, 0.20099743821857868, 0.4824864243715469, -0.31480104560081346, 0.020765825405924865, 0.2467660126243314, 0.5082118745403522, -0.21272582428397216, -0.422108820096589, -0.43880275981546835, -0.5107095950140695, -0.05365881002800128]], "inverted": false, "swapped": true, "error_lsq": 0.04876229274008343, "error_max": 0.2547879095179594, "target": "371.xyz", "model": "11.xyz", "model_rescale": 3.6694154284099745, "target_rescale": 3.96426060425233},
{"mapping": [6, 7, 11, 5, 9, 0, 1, 4, 2, 12, 8, 10, 13], "R": [[-0.5499547890499485, -0.6768526604459101, -0.4893058410118568], [0.7148182397061488, -0.07845312164617532, -0.6948956697860287], [0.4319544121599287, -0.7319259414389303, 0.5269722972456012]], "T": [-0.006673808237673909, 0.06128963038068302, -0.043656844525487494], "aligned_model": [[-0.25457355917164903, -0.10107988686200861, 0.4272823602428789, -0.7191830208002805, 0.5890640966921777, -0.5776398762217697, -0.10427441025660814, 0.06722921380853072, 0.29433073824537553, -0.3723382505048558, 0.7379533477800023, 0.17883590355344764, -0.07791186680673551], [-0.06019568115126187, 0.7237361660208307, -0.11908769772433414, 0.3554047524194389, 0.5115783123307067, -0.36707229571538635, -0.46810519546610585, -0.6643213144225112, 0.020024000634142204, 0.3338566401147537, -0.021276538630407328, 0.6069214616073446, -0.03313964292462617], [-0.5372577622946195, -0.366793654880926, -0.613020271740871, -0.2681511862765077, -0.3386529774282603, -0.00841945092855887, 0.6095573125116605, -0.1689794277439414, 0.5342765289618655, 0.46009432533176126, 0.06269670533040222, 0.22355250952458558, -0.013320774693535493]], "inverted": true, "swapped": false, "error_lsq": 0.0426152026716268, "error_max": 0.2622083663272209, "target": "371.xyz", "model": "12.xyz", "model_rescale": 3.9764082729961374, "target_rescale": 3.96426060425233},
{"mapping": [7, 8, 1, 3, 10, 4, 6, 9, 13, 14, 12, 11, 15], "R": [[-0.2144134299678056, 0.9567070433261902, -0.19682102097972243], [0.6607206687030561, -0.006342037672486922, -0.7506050735951277], [-0.7193574069946227, -0.29098352497730895, -0.6307562993690611]], "T": [0.032139918221653706, -0.08982718331076711, -0.07379723349477108], "aligned_model": [[-0.5579070936730195, -0.012389987852407976, 0.4958968665758593, -0.5702012805310875, 0.5813776509619608, -0.5408778537876852, -0.24208442093876867, 0.3197210097629268, 0.2714249024888441, -0.2986115592933956, 0.6531320813327683, 0.06221849327299802, -0.07400401862048703], [-0.12921358725676085, 0.5104682288020417, 0.021065138720699123, 0.4958273822233761, 0.48419730104677094, -0.5222585046375862, -0.3080297670910209, -0.5594242676454948, 0.05752512201475116, 0.33092407191261475, -0.15355762868371015, 0.6714011414960708, -0.08060166380916763], [-0.5442511992144369, -0.4443580818178192, -0.4932670941864062, -0.12515146864374277, -0.1961929166319426, -0.051048451632379144, 0.605060225728358, -0.3151990161929827, 0.4698115786177669, 0.5198187037277985, 0.058568542427153925, 0.15019253320019743, -0.05840147970851062]], "inverted": true, "swapped": false, "error_lsq": 0.04102490304596494, "error_max": 0.2462082850635776, "target": "371.xyz", "model": "13.xyz", "model_rescale": 4.170626492500431, "target_rescale": 3.96426060425233},
{"mapping": [2, 6, 4, 3, 5, 0, 7, 8, 10, 9, 12, 11, 13], "R": [[0.32122357901954524, 0.8296882587216373, 0.45654441801574097], [-0.9119139011097451, 0.14098588897304742, 0.3854037053185734], [0.25539860854100227, -0.5401299588524388, 0.8018922485629743]], "T": [-0.095463365174977, 0.010859511896382922, -0.043135706707293], "aligned_model": [[-0.4164103759833581, 0.0003152566197862916, 0.28113519275198506, -0.5784535365012851, 0.5722246915067627, -0.49672974479667675, -0.2007931913967977, 0.34392986739278975, 0.19013688321223843, -0.2545309471783379, 0.6342456109564243, 0.06570645421251736, -0.053081371097542636], [-0.07121220095511868, 0.6769168220781595, -0.3101818671829173, 0.4985926305839578, 0.5760005408008656, -0.42739539424842826, -0.6125032388277881, -0.5785790097422125, -0.04999039761142086, 0.34362464870841736, 0.007063747196339752, 0.6630032210706, 0.10298346522212942], [-0.6116332154433735, -0.5477973579059943, -0.5512391309028148, -0.10879013357524306, -0.29219012800828403, -0.09582665804790952, 0.4645593903800081, 0.06199330540201499, 0.4396251985127571, 0.6781626410947454, 0.01357869631148853, 0.17684729953237616, -0.05170803167671677]], "inverted": false, "swapped": false, "error_lsq": 0.04651039445111423, "error_max": 0.26132224329834175, "target": "371.xyz", "model": "14.xyz", "model_rescale": 3.9786697098870705, "target_rescale": 3.96426060425233},
{"mapping": [0, 7, 1, 3, 2, 4, 6, 8, 11, 5, 10, 12], "R": [[0.3089628401208781, -0.9465374113883716, 0.09278411645665244], [-0.951030202946346, -0.30841228050413, 0.02057713094855632], [0.009138736689110916, -0.09459806592337273, -0.9954736005617048]], "T": [0.003059080192666215, -0.04189642871891008, 0.05692506098856581], "aligned_model": [[0.09320954253012881, -0.6375184165041092, 0.5958415265773678, 0.5759872961797159, -0.11972262270483414, 0.32862988305119445, -0.3982076706277129, -0.11249863396204157, 0.5228184156212271, -0.08657172485470604, -0.2943090014948782, 0.015696002955984507], [-0.5108983472440475, 0.0625407004549452, 0.1694528228988456, -0.6189081420053489, 0.30026048029361446, 0.6995485915254139, -0.33803810628895514, 0.2229364424871657, 0.2231439631267772, -0.7463547094571404, 0.6236619633706972, -0.07267116893752804], [-0.5934789889254075, -0.1894307755567315, -0.43389292365347054, -0.10011592914080336, -0.505890645289383, -0.11882532211859609, 0.5187853098003019, 0.6405572258990091, 0.30758864694598126, 0.035757489459281644, 0.11249953157497967, -0.013587125121331395]], "inverted": true, "swapped": true, "error_lsq": 0.056550145199432376, "error_max": 0.3260802259036629, "target": "371.xyz", "model": "15.xyz", "model_rescale": 3.769337070930944, "target_rescale": 3.96426060425233},
{"mapping": [7, 6, 2, 0, 10, 8, 4, 9, 1, 3, 12], "R": [[0.6763121827307392, 0.6249234090939595, 0.3899648243833884], [0.31598782341152987, 0.23208802680314958, -0.9199384997217283], [-0.6653972700166624, 0.74538975078881, -0.04050422784560492]], "T": [-0.05419404589109023, -0.02730988662295946, -0.022369434206504342], "aligned_model": [[-0.29828691894578085, -0.23461661233312822, -0.061727927857412164, -0.6981726102681861, 0.4183386052413235, 0.3824964448452943, 0.5948905208830594, 0.2192466608341599, 0.10959067496822511, -0.4027318461924818, -0.10640086048390207], [0.10157603842227705, -0.6404869238735688, 0.58569620423987, 0.39121964133221776, 0.1214280891577118, -0.47106891743547596, 0.487734114124811, -0.6316545466322948, 0.6183997478922527, 0.006714782091824641, 0.026506268305716875], [-0.6593505399494121, -0.25365152700103216, -0.2926932943671478, 0.22509768772456562, -0.5600256247621741, -0.21340837464200182, -0.029015135878396985, 0.3829783381912226, 0.41717062319049153, 0.7281069839470469, -0.0009915292293848875]], "inverted": false, "swapped": true, "error_lsq": 0.04448613341218925, "error_max": 0.2113981798110363, "target": "371.xyz", "model": "16.xyz", "model_rescale": 3.7852294659196426, "target_rescale": 3.96426060425233},
{"mapping": [2, 1, 7, 3, 5, 8, 9, 11, 10, 0, 6, 4, 12], "R": [[0.5338924019458231, -0.7266478871320585, -0.4323676112650383], [0.8454075447086258, 0.44927048010372556, 0.2888634955426196], [-0.015652044411280597, -0.5197488661208253, 0.8541757018739553]], "T": [-0.05135669704107298, 0.08580709309855658, -0.06116516103786973], "aligned_model": [[-0.2392554698594683, -0.07817974633485172, 0.41679467280793026, -0.7471048808372673, 0.4285804691370742, -0.5096529366002515, -0.21790971206377352, 0.08974469091294779, 0.4614890004689582, -0.42486792070863966, 0.8106434750646573, 0.12021943968121926, -0.022806291970029296], [-0.07536403290687296, 0.5806284021874693, -0.08859701087850597, 0.427093267770702, 0.519035013963066, -0.36106486095166135, -0.42511265222412487, -0.6204378993596985, -0.05887729672405123, 0.33188674427350107, -0.1230520413834279, 0.6882962636370792, 0.023889069689109366], [-0.6204548358448986, -0.5393769868485537, -0.552942050085008, -0.23992081237372803, -0.1802571240945208, 0.05915077615137104, 0.6159484871321371, -0.19987523052945916, 0.543244297165962, 0.4542776843006763, -0.034205911509874454, 0.2695236863411287, 0.00046989586782213155]], "inverted": true, "swapped": false, "error_lsq": 0.04460378045228779, "error_max": 0.24302386220780103, "target": "371.xyz", "model": "17.xyz", "model_rescale": 3.901054581598922, "target_rescale": 3.96426060425233},
{"mapping": [10, 9, 5, 11, 13, 6, 1, 8, 0, 7, 2, 12, 14], "R": [[-0.665729067508003, 0.5720282288026043, -0.4791539566025523], [0.5422074468018204, 0.811994051616242, 0.21604801497003195], [0.5126557259092852, -0.11597139989150572, -0.8507260082421535]], "T": [0.014157250311222468, -0.010689118498931172, -0.040781736253458725], "aligned_model": [[-0.43485221767114896, -0.0013914354377538643, 0.4147818221085941, -0.6265579201656478, 0.5001943414529133, -0.6941920875811698, -0.1906147421566206, 0.34836499475035737, 0.318542035274682, -0.2756426691822625, 0.8361014295588389, -0.10674673472847876, -0.0002920265237978392], [-0.15682003512125897, 0.3849250590161762, -0.004217498597825872, 0.4422767404598599, 0.49500921516062013, -0.06339249345052729, -0.45419519561153476, -0.5652567362867933, -0.12910889811148016, 0.18108282169315454, -0.047532478901737604, 0.6945453027485392, 0.04100716409539157], [-0.711221890926616, -0.5675048914828627, -0.5198893625793695, -0.18582307472355042, -0.2293005408037097, 0.20250680652293657, 0.456265887320757, -0.186309029218986, 0.6439307413448024, 0.5239452361976339, 0.04161022320436501, 0.15922261761534173, -0.05185084679768762]], "inverted": false, "swapped": false, "error_lsq": 0.043816927346849756, "error_max": 0.3177512311265391, "target": "371.xyz", "model": "18.xyz", "model_rescale": 3.9405287249114394, "target_rescale": 3.96426060425233},
{"mapping": [5, 6, 8, 2, 0, 11, 13, 7, 12, 3, 4, 1, 15], "R": [[-0.9875010565678554, -0.041435936842213986, -0.15206816371409795], [0.09795974066904006, -0.917193581668471, -0.38621214760053396], [-0.12347288157900935, -0.3962814616963179, 0.9097886846023124]], "T": [-0.0043729664580482155, -0.02326447264488124, 0.08886662890458913], "aligned_model": [[-0.4021760277872437, -0.02705752066698533, 0.2351332491346581, -0.6166159553414152, 0.5075398112250156, -0.6014261282800674, -0.07960863213634177, 0.3660013786532173, 0.22801244381850733, -0.26893507984824816, 0.7201777941469003, 0.06542888546194489, -0.038779428681435774], [-0.03646189209656822, 0.464567464825583, 0.020651883967243656, 0.4676456358933488, 0.34177516169656824, -0.4255850494288064, -0.6220005344364579, -0.533711720684029, 0.07947665414695396, 0.5420866214327418, -0.1070305937587535, 0.6325363507809325, -0.0056270152461732025], [-0.6410930927758638, -0.47663214861519904, -0.6273597891018494, -0.2846184054825887, -0.18928015134034237, 0.05922076318277214, 0.3841369597748349, -0.22401034435168132, 0.5742328248489852, 0.6683609114110785, 0.14058181890138893, 0.11279162508019216, 0.0792509041413274]], "inverted": false, "swapped": false, "error_lsq": 0.043107368426319126, "error_max": 0.24242005925844942, "target": "371.xyz", "model": "19.xyz", "model_rescale": 4.410303926677745, "target_rescale": 3.96426060425233},
{"mapping": [5, 3, 1, 10, 0, 9, 12, 7, 4, 11, 2, 6, 13], "R": [[0.32809033499302187, 0.11181973398724365, -0.9380048396331379], [-0.8978196515590461, 0.34566592810950036, -0.27282767348381465], [0.2937287955896729, 0.9316713010687943, 0.2138036047549721]], "T": [0.034863966875354, 0.06277827074419327, -0.06456684060338913], "aligned_model": [[-0.45886935532142725, 0.04386023434347305, 0.4114420291344393, -0.7501074181875819, 0.5781719066262545, -0.5437395493976813, -0.08404286220971369, 0.28150017135748934, 0.29306393585567614, -0.3910987070315943, 0.6665438094526462, 0.06754386999811318, -0.026573274921587925], [0.10016247051598381, 0.6955381685021522, -0.2933157237821528, 0.25862127107428495, 0.4285753815351505, -0.25060799222724994, -0.4914783541251332, -0.6041205846209606, 0.18359078506291432, 0.24016878119915613, -0.04231153602906919, 0.5683613144774851, 0.025138985510022617], [-0.7382882601295407, -0.41882193889187724, -0.6072508382114427, -0.20809194942172587, -0.3546846250692216, 0.13758099620395092, 0.4347684145849129, -0.1001991898524436, 0.5787297530580352, 0.6240707503922307, 0.10438710799793072, 0.21796392409278698, -0.09458226908054107]], "inverted": false, "swapped": false, "error_lsq": 0.041475233646249735, "error_max": 0.2396047729009405, "target": "371.xyz", "model": "20.xyz", "model_rescale": 4.121658175737393, "target_rescale": 3.96426060425233},
{"mapping": [11, 7, 3, 9, 0, 10, 6, 2, 1, 8, 1, 5, 12], "R": [[-0.19483623898060992, 0.2653890387978646, -0.944249701120332], [0.29182501714675746, 0.9347866739912449, 0.20251427973276542], [0.9364171075686226, -0.2360985646172623, -0.25957748060739605]], "T": [-0.0897688299804993, 0.03126203768662102, -0.02158920450182987], "aligned_model": [[-0.5015699323972496, -0.10696858093115989, 0.3887488380150134, -0.7780794403488729, 0.7956285341837414, -0.6494933593244153, -0.19747307469591005, 0.29761453056961884, 0.522028815786979, -0.32890500240139225, 0.522028815786979, 0.15393686752000502, -0.02980222206483106], [0.036804024795162836, 0.5043798407563234, 0.0910699272429561, 0.24943308775684422, 0.43874095944581015, -0.5117732582675063, -0.30685791632340004, -0.6213735577935998, -0.07996280444161705, 0.35626643975542754, -0.07996280444161705, 0.6374838907940522, 0.10407513781374772], [-0.7993797557225404, -0.5142166222151738, -0.5216737580634582, -0.05754433968743379, -0.21445228119532378, 0.0006405113249213223, 0.5231117725880351, -0.03616815131539371, 0.2877771497133017, 0.5177521830647773, 0.2877771497133017, 0.17078056393263363, -0.06882254646459293]], "inverted": true, "swapped": false, "error_lsq": 0.05661411714504169, "error_max": 0.3976752491050191, "target": "371.xyz", "model": "21.xyz", "model_rescale": 4.08911054899281, "target_rescale": 3.96426060425233},
{"mapping": [3, 12, 7, 14, 10, 2, 1, 0, 8, 11, 6, 5, 16], "R": [[0.10537305640733285, -0.28316380876128217, 0.9532653231871918], [-0.3053185960558213, -0.9215144379898084, -0.23998269829058494], [0.9464021734367897, -0.2657619197404544, -0.18355796939928548]], "T": [-0.06830111042787468, 0.07478031957033587, -0.04178086674779494], "aligned_model": [[-0.6321845750946646, -0.06043110017905706, 0.469514654171155, -0.5527355962976264, 0.5154573662691302, -0.6143150297029095, -0.18797124736066567, 0.29555297904111427, 0.2688349752409238, -0.22497357879315724, 0.6433827881089824, 0.22405322127308813, -0.05649006697780761], [-0.07567577589991184, 0.48523841809222634, 0.026613845251077517, 0.37577079409945136, 0.5982785740903975, -0.3911822270742051, -0.4397225326898991, -0.6013256015787849, 0.011327009235754915, 0.2663431485442343, -0.10386263958530506, 0.6265511964667738, 0.039968758140774246], [-0.6849583110862156, -0.655321181910998, -0.5046311471947739, -0.3359756136246057, -0.23233539336361117, 0.035688704412127556, 0.55064149492385, -0.14459323537660473, 0.5607761473243815, 0.6825467183062978, 0.08920329358796966, 0.2865587411169692, -0.07201834144173178]], "inverted": true, "swapped": false, "error_lsq": 0.03477480734574774, "error_max": 0.2219920169798373, "target": "371.xyz", "model": "22.xyz", "model_rescale": 4.204369325754507, "target_rescale": 3.96426060425233},
{"mapping": [5, 6, 8, 2, 0, 11, 13, 7, 12, 3, 4, 1, 15], "R": [[-0.9875010565678554, -0.041435936842213986, -0.15206816371409795], [0.09795974066904006, -0.917193581668471, -0.38621214760053396], [-0.12347288157900935, -0.3962814616963179, 0.9097886846023124]], "T": [-0.0043729664580482155, -0.02326447264488124, 0.08886662890458913], "aligned_model": [[-0.4021760277872437, -0.02705752066698533, 0.2351332491346581, -0.6166159553414152, 0.5075398112250156, -0.6014261282800674, -0.07960863213634177, 0.3660013786532173, 0.22801244381850733, -0.26893507984824816, 0.7201777941469003, 0.06542888546194489, -0.038779428681435774], [-0.03646189209656822, 0.464567464825583, 0.020651883967243656, 0.4676456358933488, 0.34177516169656824, -0.4255850494288064, -0.6220005344364579, -0.533711720684029, 0.07947665414695396, 0.5420866214327418, -0.1070305937587535, 0.6325363507809325, -0.0056270152461732025], [-0.6410930927758638, -0.47663214861519904, -0.6273597891018494, -0.2846184054825887, -0.18928015134034237, 0.05922076318277214, 0.3841369597748349, -0.22401034435168132, 0.5742328248489852, 0.6683609114110785, 0.14058181890138893, 0.11279162508019216, 0.0792509041413274]], "inverted": false, "swapped": false, "error_lsq": 0.043107368426319126, "error_max": 0.24242005925844942, "target": "371.xyz", "model": "23.xyz", "model_rescale": 4.410303926677745, "target_rescale": 3.96426060425233},
{"mapping": [15, 5, 4, 6, 2, 14, 11, 10, 1, 7, 3, 0, 16], "R": [[-0.04749813295224126, -0.8154117472973361, -0.5769294668636337], [-0.764510520305753, 0.4013997431780596, -0.5043827024377568], [0.6428589205322409, 0.4171114102324379, -0.6424565975581764]], "T": [-0.12671601834309087, 5.5247702654651065e-05, -0.02804810987888747], "aligned_model": [[-0.5013518679826694, -0.08901440630680925, 0.3924198039869543, -0.7204647325819292, 0.5704022111403666, -0.7543471776737476, -0.2868110377389316, 0.270567408020659, 0.3874714355009259, -0.18082195662848538, 0.7627144514800746, 0.24929835265418387, -0.012367694172086205], [-0.16315189665194407, 0.40177547222936805, 0.02154032543826244, 0.3785097968834198, 0.5342782795706599, -0.2522895413275237, -0.4567033519640701, -0.5154874685264171, -0.11400770933946945, 0.23521853188073305, 0.11417811566606141, 0.6164544681867906, 0.018007945046713214], [-0.6131340856390294, -0.5105431700442793, -0.4796239754868194, -0.3146361562170196, -0.2760922138644198, -0.05152629765405955, 0.37995023938971045, -0.040914078767573886, 0.6494002303733791, 0.5913884679070348, 0.04364843809945838, 0.1934265046398896, 0.004237972936782838]], "inverted": false, "swapped": false, "error_lsq": 0.04119470003304983, "error_max": 0.21332187686059903, "target": "371.xyz", "model": "24.xyz", "model_rescale": 4.28219845311461, "target_rescale": 3.96426060425233},
{"mapping": [13, 14, 2, 12, 6, 9, 3, 4, 1, 5, 0, 8, 15], "R": [[0.3664988290743239, -0.5066968693179643, 0.7803440849462008], [0.7389886028954742, -0.3510571501917425, -0.5750258447146941], [0.5653091659240496, 0.7874116838875496, 0.24578117706535046]], "T": [-0.092897500826478, 0.043032833793862316, -0.061866625570938534], "aligned_model": [[-0.30561770987669784, -0.07895751983159159, 0.3032072678188446, -0.689697343819402, 0.6258902610879248, -0.7016697430602759, -0.10657013914969664, 0.27062199184786734, 0.21216920528422678, -0.31098493759300844, 0.7109371006640083, 0.179457462664245, -0.021091106337938856], [-0.1948092519087704, 0.5891635396184323, 0.023932017378401532, 0.27367753851856114, 0.5775842864206391, -0.1260903564076179, -0.497436824373868, -0.5909829719420009, -0.04782409797744909, 0.3626564599861856, -0.09461762287659191, 0.5175391581188458, 0.025531092537816727], [-0.5629631351050369, -0.5926128492786992, -0.6200029847669846, -0.4802598231962129, -0.1608415354102923, 0.1782737240177502, 0.49288642977996594, -0.08480370360198855, 0.49361219636428094, 0.6967896130631454, -0.08323148599296448, 0.3654653050946561, -0.06672987529456495]], "inverted": true, "swapped": false, "error_lsq": 0.044813798731987556, "error_max": 0.29467644277938065, "target": "371.xyz", "model": "25.xyz", "model_rescale": 4.100010024507729, "target_rescale": 3.96426060425233},
{"mapping": [4, 10, 7, 6, 1, 0, 2, 5, 8, 3, 11, 12], "R": [[-0.4710069570260582, -0.8271837758590226, 0.30646279935526133], [-0.7714794446884621, 0.21780494564592146, -0.5978130745269455], [0.4277521628890205, -0.5180038673675974, -0.7407429247289357]], "T": [0.06480812135133335, 0.01672924719821181, -0.09431523743238657], "aligned_model": [[-0.718554059450689, -0.19645954847194547, 0.36032657270220686, 0.64882158084946, -0.5932747169762853, 0.1871435186029484, -0.2262316219833546, 0.6193139235297078, 0.08878738545504342, 0.05632454176104217, -0.4113584606876456, 0.06192648703251834], [-0.20583172445618844, -0.5989118003070496, -0.23208098023570858, -0.25223929271255385, 0.4533585588848609, 0.7377098052047729, 0.05086373594538682, 0.44480104593124126, -0.5454921513159119, 0.7697946536035043, -0.039033953242034, 0.08319349275031938], [0.0587715695325359, 0.20099743821857868, 0.4824864243715469, -0.31480104560081346, 0.020765825405924865, 0.2467660126243314, 0.5082118745403522, -0.21272582428397216, -0.422108820096589, -0.43880275981546835, -0.5107095950140695, -0.05365881002800128]], "inverted": false, "swapped": true, "error_lsq": 0.04876229274008343, "error_max": 0.2547879095179594, "target": "371.xyz", "model": "26.xyz", "model_rescale": 3.6694154284099745, "target_rescale": 3.96426060425233},
{"mapping": [4, 5, 0, 8, 1, 10, 11, 2, 12, 9, 6, 7, 13], "R": [[0.23570230280502238, -0.8260483413098723, -0.5119458587308022], [0.44135893414101607, 0.560315585460298, -0.7008913866956775], [0.8658214109770651, -0.060750164686957486, 0.496651489260016]], "T": [-0.034126319011842335, 0.12944412761946622, -0.005045212555848742], "aligned_model": [[-0.45096634835640237, 0.09207378005293008, 0.23084371489842026, -0.6096050815119974, 0.7123421615592751, -0.523314080147001, -0.12956885562552417, 0.2149524086359173, 0.3082300404160818, -0.3715317164029917, 0.6302322456692548, -0.0027167838376990633, -0.013276695651757521], [-0.23514300511066294, 0.6348728182308594, -0.03031269105852674, 0.3631206464551491, 0.46163076669231673, -0.2183383229398872, -0.5589796664740547, -0.49471587341889467, -0.19071922714937894, 0.23815543705588627, 0.025454823211975397, 0.7460421374216233, 0.0772551241761791], [-0.6123764094102305, -0.6005230655647111, -0.5891701847566807, -0.15530056482716095, -0.3398339489719355, 0.0353703949632587, 0.49808386747811156, -0.10758167797400783, 0.6352831116496842, 0.577366140769524, 0.13281106734503226, 0.11722031867273133, -0.01576717370056098]], "inverted": false, "swapped": false, "error_lsq": 0.04199511386827249, "error_max": 0.22517136827864628, "target": "371.xyz", "model": "27.xyz", "model_rescale": 4.103607728864725, "target_rescale": 3.96426060425233},
{"mapping": [4, 12, 2, 13, 3, 8, 7, 1, 5, 6, 0, 10, 14], "R": [[-0.6969400432484687, -0.019417932181181152, -0.7168664589912335], [-0.30063092054626933, -0.8996433122607843, 0.3166432698099673], [-0.6510726731543304, 0.43619359763097404, 0.621159818128493]], "T": [-0.041137031563806596, 0.24378023714030675, 0.09611610420340376], "aligned_model": [[-0.34444439537677674, -0.0012944975930336208, 0.1980196146195689, -0.5602241408931652, 0.5631485622294232, -0.5978489721343095, -0.26059051249767845, 0.2945493987666894, 0.22875715942848718, -0.1326188325738456, 0.6019999793356015, 0.05246222155325645, 0.04577920483428829], [-0.2503063400699702, 0.6417254318695392, 0.03738346329878281, 0.3181480616846713, 0.4565905235058022, -0.34930388805204005, -0.35839586410657465, -0.5655404561072123, -0.18403993100214197, 0.27982660787536573, -0.05812441193799453, 0.7196844021160023, 0.13067536801835403], [-0.6006567313836166, -0.6637166481858551, -0.5683575044269252, -0.28452878615285754, -0.2951402768535808, -0.006854826052048915, 0.4267297130529123, -0.09143513692337003, 0.624573708729113, 0.7218948207579537, 0.02597261514041664, 0.25273564921763975, 0.03436527875327329]], "inverted": false, "swapped": false, "error_lsq": 0.043723019226838473, "error_max": 0.2215404423286435, "target": "371.xyz", "model": "28.xyz", "model_rescale": 4.137296879288765, "target_rescale": 3.96426060425233},
