[{"mapping": [1, 6, 5, 12, 7, 3, 0, 8, 9, 10, 2, 13], "R": [[-0.49767209205108115, 0.8619654378864134, 0.09663370365862906], [0.5651361158150858, 0.23772574975819105, 0.7900048344809948], [0.6579845434316358, 0.44777455464908844, -0.605437270750548]], "T": [-0.11407018739090179, 0.04402910590023172, 0.0002261741940711333], "aligned_model": [[-0.19170133872197068, 0.0968021408756123, 0.39465075885398004, -0.10429809011207591, -0.09023248539074684, -0.6032126622831517, 0.4869197484174974, -0.220534395646535, 0.6199961221921908, 0.242036511161006, -0.6946403380803149, -0.09814350880494273], [-0.33060029430666676, -0.49583935079562685, -0.2187775054709546, 0.6487276958250909, 0.32881070408327445, -0.5898493941586151, -0.4250616568726086, -0.3097627579182208, 0.2264988804498893, 0.20291116476944343, 0.0399928679876851, -0.023495317615632963], [-0.4987316222267845, 0.03815536785334951, -0.5987280689200667, -0.14820831315825508, -0.6987268057076079, 0.042608115725370335, 0.5584119327951389, 0.5813471848745854, -0.01546897864909223, 0.5961257692728605, 0.30639975739843534, 0.018767406095629154]], "inverted": false, "swapped": true, "error_lsq": 0.047829970668631955, "error_max": 0.3014256436851072, "target": "372.xyz", "model": "0.xyz", "model_rescale": 3.751011558992144, "target_rescale": 4.005967216000523},
{"mapping": [11, 13, 0, 3, 2, 9, 12, 5, 7, 10, 6, 1, 8, 14], "R": [[0.024888514935788697, -0.7251933912491589, -0.6880952747351456], [0.3284194038207612, -0.6441737222816943, 0.6907828245662762], [-0.9442040335744744, -0.24317639854700346, 0.22213505390055419]], "T": [0.020496881156513703, 0.06727019512626345, 0.026173188478589786], "aligned_model": [[-0.34125398941495727, -0.5236822555924848, 0.5424195008542971, -0.034665710859982615, 0.01979454124485518, -0.6237066744609577, -0.34135988109067167, -0.3517979210086832, 0.2964020474622967, -0.2854408507888145, 0.2966733593677154, 0.701535079649498, 0.28874218399475265, -0.023014605787194605], [0.6168323211950504, -0.4129964205070621, -0.4249578200018467, -0.5604783962657686, -0.7085489875290513, 0.18560981877328256, -0.028697250386136658, -0.13671801160247793, 0.10119811529375528, 0.739148363011377, 0.644097230281929, 0.17081129471947606, -0.08086557234530242, 0.07423103113329792], [-0.4253229534298583, -0.0005708451701527811, -0.2204294852099356, -0.40544549040372696, 0.31225395422630015, 0.0981949472684388, -0.6155627674215138, 0.48429046472124526, -0.575825365702507, 0.3831543922139581, -0.36717509188694464, -0.07942871644880828, 0.6148314119331717, -0.006416836212995887]], "inverted": false, "swapped": false, "error_lsq": 0.0453440813157354, "error_max": 0.27034654758447774, "target": "372.xyz", "model": "1.xyz", "model_rescale": 3.9405287249114394, "target_rescale": 4.005967216000523},
{"mapping": [5, 9, 12, 8, 10, 7, 6, 0, 11, 4, 2, 1, 13], "R": [[-0.2613735996246146, -0.6528321794798223, 0.7109810031603495], [0.8586938728448922, -0.49366682401843065, -0.13761504133704233], [0.4408272611328746, 0.5745460924061543, 0.6896144673242488]], "T": [-0.08221588260739461, -0.0863104807625007, 0.018948143327706172], "aligned_model": [[-0.36498503945421007, 0.12367570267650761, -0.36795100178497087, 0.4905507400389932, 0.539454504189681, -0.7726261744675762, 0.1681681581799514, 0.7573332078178805, 0.13784451063553943, -0.694643475272138, -0.018511026390233762, -0.4599705196837356, -0.04235630720175751], [0.6783661804826485, 0.5089247395723193, -0.17116504772676533, -0.3351193329825336, -0.07365647062756456, 0.15916401715098286, 0.2200713053248865, 0.31734187440010275, -0.7235410450572951, -0.49640725879246483, -0.7189564407807836, 0.15674484087413965, -0.06293476826565583], [0.16700795947049252, -0.4002160141263319, -0.5278094077968952, 0.30918509934326255, -0.3282083386889825, -0.16347982213108903, 0.4441560293884597, 0.17715208987966624, -0.414546828338491, 0.1352591733844442, 0.18180094406232783, 0.4589006527613438, 0.07391881238043684]], "inverted": true, "swapped": true, "error_lsq": 0.05446949194076715, "error_max": 0.35375244178400655, "target": "372.xyz", "model": "2.xyz", "model_rescale": 3.932901565614263, "target_rescale": 4.005967216000523},
{"mapping": [10, 4, 9, 5, 7, 2, 6, 0, 12, 1, 11, 8, 3, 13], "R": [[-0.2575272308869221, 0.6122712963147173, 0.7475316615774946], [0.8381510160711142, 0.5264983338736211, -0.14248641579905139], [-0.4808145168468535, 0.589850289596773, -0.6487634671064102]], "T": [0.02765468927172517, 0.04006755219116027, 0.023250239965872187], "aligned_model": [[-0.050229051086077794, -0.5806240066799185, 0.498141658066063, -0.11238172527016509, 0.24102643053617706, -0.8016552070028001, -0.4591107154647858, -0.349820202791224, 0.058825575185769266, -0.41018521839585526, 0.5880319598514466, 0.7485666374959172, 0.24087533090865684, 0.009183358216465026], [0.5495092254268944, -0.5678915826243554, -0.3532924678907563, -0.4562485973960814, -0.6228100816370074, 0.030316532165035333, 0.04074174206937067, -0.0039948671829779445, 0.02748256548814678, 0.6012951945557433, 0.7274208389991579, 0.02521863282054896, 0.14760614174485956, 0.0333124392319443], [-0.4742924666030076, 0.1769028448364468, -0.38135184379632914, -0.4776087900174292, 0.18075671585587427, 0.10293629099041549, -0.45607349917237183, 0.5750849418503853, -0.7396388765776487, 0.22840474177290018, -0.08272839985976818, 0.1605535466741739, 0.47453494812465213, -0.09093253560162265]], "inverted": false, "swapped": false, "error_lsq": 0.04993572080323895, "error_max": 0.3281452149151597, "target": "372.xyz", "model": "3.xyz", "model_rescale": 3.9243930471874484, "target_rescale": 4.005967216000523},
{"mapping": [6, 5, 0, 8, 10, 3, 2, 9, 12, 7, 11, 4, 13], "R": [[0.43701183953683576, 0.8725908664983377, -0.21818760690816422], [-0.07893060829088328, 0.27884555634911823, 0.9570867853957562], [0.895985832019381, -0.4010365761474025, 0.1907329374085832]], "T": [-0.0336989591949132, -0.019268588573375323, -0.07272953147642419], "aligned_model": [[-0.0469285995572111, -0.331931275181939, 0.5949865784117045, 0.2827639957166572, 0.6768969503626657, -0.42934155576417465, -0.08488705470587024, 0.3820404465030075, 0.021581577351658998, -0.5075475201569815, 0.37030931273741574, -0.6211981998347663, -0.029538769570814534], [-0.37991214479668733, 0.26902035172308586, -0.44321647994277025, -0.62841650481522, -0.06501845017226643, -0.7157792937188708, -0.39353825816590493, 0.4037672484772926, 0.5298802829563278, 0.5651424407317385, -0.00784921242540619, 0.06900269313064555, -0.07525311930037734], [-0.5278393150076495, -0.7900561475146706, -0.6364928399442247, -0.018003359448482567, -0.08332293899449639, -0.038112831082120976, 0.46404066836823404, -0.5424063676443305, 0.2156595368924456, -0.13703624119234492, 0.6194078633117919, 0.37874361544870067, -0.11751132782188772]], "inverted": false, "swapped": true, "error_lsq": 0.05457965185836765, "error_max": 0.32183776930251273, "target": "372.xyz", "model": "4.xyz", "model_rescale": 3.8936222436046832, "target_rescale": 4.005967216000523},
{"mapping": [5, 9, 7, 1, 12, 11, 8, 2, 3, 6, 4, 13], "R": [[0.5121894086273273, 0.6614053147242538, 0.5479096817400656], [-0.5352335920622446, 0.7447201047212662, -0.3986439107174389], [-0.6717045567942322, -0.08907847820016654, 0.7354440924389882]], "T": [-0.15968466170952283, -0.07505832510514408, 0.0065582194033571295], "aligned_model": [[0.06473127494525718, -0.5856915383577551, -0.20823955017086027, 0.348807362537726, -0.6503942361283404, -0.6489928865199475, 0.015507002473581, -0.03469165084670148, 0.5651406901697802, 0.22608493365301413, 0.04703346742562903, -0.11174682696628584], [-0.4999074668311528, -0.6296792860634036, 0.18523646872046695, -0.061422469284264924, 0.21578231216946137, 0.3145269910781487, -0.2676423715873737, 0.35995946227137493, 0.061805761497034165, -0.5046563682277386, 0.6176946997059629, -0.1227748283387082], [-0.6685352523641866, -0.2820741315659486, -0.7006143945513711, -0.3630125998972087, -0.24325073332110456, 0.5077647654029172, 0.6440723019452732, 0.48190706608513745, 0.32081126015257166, 0.06973300657683065, -0.17820119449069688, 0.030684625303304725]], "inverted": true, "swapped": true, "error_lsq": 0.04955476225079793, "error_max": 0.3094432327196581, "target": "372.xyz", "model": "5.xyz", "model_rescale": 3.6523030999806103, "target_rescale": 4.005967216000523},
{"mapping": [0, 8, 3, 6, 1, 10, 2, 9, 11, 12, 4, 7, 13], "R": [[0.990780336404493, 0.12329538169980794, -0.05614778575953283], [-0.11972373839255882, 0.9908017673584254, 0.0630720561321011], [0.06340781859920647, -0.05576833017869044, 0.9964282923971856]], "T": [0.10453833929017785, -0.03864597546133986, -0.04703528264626815], "aligned_model": [[0.18218132309517443, -0.17512739514477227, 0.22665754180922038, 0.45330244628106814, 0.6480045267974156, -0.28398983780199394, -0.34789281122588356, 0.3046714822847287, -0.6904835065042135, -0.1111085509757415, 0.06430582590201664, 0.47672518460382635, 0.1338366755434493], [-0.6716169994184495, -0.053554929424944726, 0.5353789905877196, -0.127446952797305, 0.2773178219266385, -0.5954286096526856, 0.3961669218209779, -0.7483750038385473, -0.024252653543615867, -0.1307875501098838, 0.6223019853551766, 0.10577467876924268, -0.04465079551114022], [0.650191823584825, 0.5820670458128205, 0.499262055144262, 0.40886130342822297, -0.035033301891397584, 0.1678850995130426, 0.14548498262438814, -0.21622847005575457, -0.14773461829167284, -0.6239191743591614, -0.3909892290976936, -0.68799057720343, 0.01825280027333838]], "inverted": true, "swapped": true, "error_lsq": 0.040177346506286835, "error_max": 0.26906568187290236, "target": "372.xyz", "model": "6.xyz", "model_rescale": 4.08911054899281, "target_rescale": 4.005967216000523},
{"mapping": [7, 0, 8, 3, 9, 2, 6, 1, 4, 13, 5, 10, 11, 14], "R": [[0.718487979303056, -0.4437926962414564, -0.5355586488515989], [-0.5932378984968574, -0.7929773651257767, -0.1387648881569591], [-0.3631030423778408, 0.41741459145664705, -0.8330193511888165]], "T": [0.039057723669715744, 0.09804461036910934, -0.02809966398821903], "aligned_model": [[-0.3542009976060626, -0.6615902354692577, 0.5311514372792329, -0.10950815084840276, 0.11057409929685542, -0.7537992333881277, -0.3205684514048295, -0.39651190124006486, 0.30487485611725973, -0.2187012493817493, 0.3667806342332116, 0.74547807786587, 0.3227366804057571, 0.05392925770997582], [0.6845213560554806, -0.5126292580009378, -0.35416060356835405, -0.5389486589492104, -0.6089433354227072, 0.22989148739145648, 0.017426025747719107, -0.17360655202901792, -0.03580787653213503, 0.586639468006753, 0.5866117626017094, 0.22238787537910906, 0.09954851760139284, -0.024264492510735716], [-0.3454032559110244, -0.17241198829990986, -0.16412611288236376, -0.47376679541884026, 0.3029754942916133, 0.036194892201908996, -0.3647190699474889, 0.49576177444669256, -0.667063085124337, 0.4522438581426912, -0.5122494974431595, 0.04106632567444915, 0.48576320753038427, 0.08228187121605503]], "inverted": true, "swapped": false, "error_lsq": 0.05321261820620057, "error_max": 0.34435677538378523, "target": "372.xyz", "model": "7.xyz", "model_rescale": 3.964800864290218, "target_rescale": 4.005967216000523},
{"mapping": [0, 12, 8, 7, 9, 4, 2, 11, 1, 6, 3, 5, 10, 13], "R": [[0.4034992878496534, 0.8542410451521294, -0.3278117775221332], [0.7843353881308872, -0.13843036736097686, 0.6046941642829672], [0.4711754701068316, -0.5011080424117168, -0.7258680363536499]], "T": [-0.052571742598455096, 0.06886341409617708, -0.08936703876802485], "aligned_model": [[-0.10671973810311688, -0.39805814348760693, 0.45876526993607347, -0.13956390122144088, 0.09357012256023195, -0.7366604037899162, -0.5310588631438881, -0.4099153287943128, 0.21199453053731204, -0.3199598080381599, 0.2275061161753305, 0.7797566337340772, 0.4844798428004504, 0.006508494404634267], [0.648002165822207, -0.5932821364014478, -0.5039252993109429, -0.4542320323408365, -0.45340273808484527, 0.11525085525830255, 0.13903555609655843, -0.065919983412494, -0.009966127448635342, 0.47794676542116743, 0.7337689185527829, 0.09793301147264302, 0.02617362643520138, 0.02128313371086151], [-0.5074886399258536, 0.024111391100507917, -0.12816305419436305, -0.5644003883517018, 0.3345873789735335, 0.06863392308204475, -0.5418431969391606, 0.6463450799675464, -0.7871567504084876, 0.22313937285846544, -0.015748027158216132, -0.015508014753342597, 0.5310257317066275, -0.07098718748092962]], "inverted": true, "swapped": false, "error_lsq": 0.049242659580935565, "error_max": 0.2551669504094256, "target": "372.xyz", "model": "8.xyz", "model_rescale": 4.121658175737393, "target_rescale": 4.005967216000523},
{"mapping": [6, 9, 10, 8, 5, 1, 12, 4, 11, 7, 3, 2, 13], "R": [[-0.9851710030729528, -0.07266155863413937, -0.1554297030849954], [-0.1702031324492216, 0.29953786053140635, 0.9387800401652885], [-0.02165614020791856, 0.9513134961752227, -0.3074632394062251]], "T": [-0.021925655285070622, -0.03579305700767313, -0.07557412781639036], "aligned_model": [[-0.4628794315823115, -0.20689046320249746, 0.2914330352272055, 0.11639740557377337, -0.7663560470753638, -0.5436597013272133, 0.3083270930656755, 0.11461055773495515, 0.7762684562551474, -0.24336870435053287, -0.23692066984427862, 0.39444854195392903, -0.06467257599329139], [0.28039053122989255, -0.49343700206416075, 0.02143243219297364, 0.5813504749436452, -0.395210210366401, -0.006198624089514718, -0.5544746524090312, -0.09189829419650047, 0.024808342496123098, -0.6320159010352506, 0.6537326103782511, 0.38608680071239443, 0.015820931619288624], [-0.2828213685550117, -0.6489369646807251, -0.7125069274627129, -0.34798105027481196, -0.13261098540499572, 0.27406914826120243, 0.022869766745783435, 0.6558527271832639, -0.11583440459484075, 0.33147053692450934, 0.2725494713250828, 0.20633040862083776, -0.10137492412849303]], "inverted": true, "swapped": true, "error_lsq": 0.04065724885849756, "error_max": 0.23854451967365395, "target": "372.xyz", "model": "9.xyz", "model_rescale": 3.833441315466971, "target_rescale": 4.005967216000523},
{"mapping": [1, 2, 10, 13, 9, 4, 5, 3, 0, 6, 12, 11, 7, 14], "R": [[0.9464563850651311, 0.17406667047302377, 0.27188436034439406], [0.3002049000540589, -0.1648074995488466, -0.9395294067116737], [-0.11873217404299924, 0.9708446231621684, -0.2082387776667215]], "T": [0.04545340990741359, 0.05668010740633988, -0.05719866226953635], "aligned_model": [[-0.1530456262916191, -0.32567772039207327, 0.7274892120998835, -0.19276405390653154, 0.05772956066702267, -0.6533852381276177, -0.5343151723413286, -0.4409218945907616, 0.06374481662658725, -0.19903969794336487, 0.35780014512432634, 0.6593329328410076, 0.2320612406523195, 0.021636319151818843], [0.5577558017714861, -0.5583188032879983, -0.1682522017819415, -0.47117628104299314, -0.619539357421482, 0.3147174266665229, -0.058487069036137075, -0.23292147523595108, 0.06466066844558543, 0.6719184781234042, 0.5606880449345717, 0.10922607258859057, 0.014500412336282784, -0.00610600128941783], [-0.5623028238623375, -0.03096359232418515, -0.4571821173408324, -0.6052010477770571, 0.39055870287727634, 0.22732526637588868, -0.3858932225752425, 0.6015060031557358, -0.7379516988322821, 0.09424253244245462, -0.1641359018946854, 0.23559466741790575, 0.581011622519336, 0.00993922829469561]], "inverted": false, "swapped": false, "error_lsq": 0.05145802810933412, "error_max": 0.37536705208314114, "target": "372.xyz", "model": "10.xyz", "model_rescale": 4.2482417240324, "target_rescale": 4.005967216000523},
{"mapping": [11, 10, 9, 0, 4, 1, 12, 6, 8, 3, 2, 13], "R": [[-0.808860449181564, 0.4443062785624788, -0.38514504356120133], [-0.5376529027196054, -0.8240516497373577, 0.178516763252984], [-0.23806328979282204, 0.35146949994999627, 0.9054253479210302]], "T": [-0.025408089026959416, 0.1330586891122912, 0.09464262600017023], "aligned_model": [[-0.6554821777514446, 0.07723814421650244, 0.40581265926199406, 0.6760596477751217, -0.5516513884374611, 0.2121063262626367, -0.3997760784391779, 0.48261664242395835, 0.06876361493349749, 0.01999373944821868, -0.48784951427548345, 0.028933986944644385], [-0.3494203329810608, -0.5705462667951015, -0.23168547030235373, -0.41814068102536384, 0.6620575470794001, 0.7150275098209399, 0.03531057148672927, 0.2054836598682086, -0.17754923567686423, 0.5333483026217599, 0.12714619483699502, 0.1350995911173509], [-0.017731281840691712, 0.05520110444472115, 0.5980363761897539, -0.21669104765633782, 0.09648040063098126, 0.07941567561114568, 0.5825797014330586, -0.17744046597832638, -0.5126952921552289, -0.5985856494157147, -0.3711182834434762, 0.04774105203447219]], "inverted": false, "swapped": true, "error_lsq": 0.04144576858178296, "error_max": 0.22352184265448954, "target": "372.xyz", "model": "11.xyz", "model_rescale": 3.6694154284099745, "target_rescale": 4.005967216000523},
{"mapping": [10, 0, 3, 1, 4, 5, 12, 6, 2, 7, 10, 8, 11, 13], "R": [[0.670792628899503, 0.6806934974564312, 0.29443778890391303], [-0.5161414800365356, 0.14337647782873206, 0.8444176444101116], [0.532574146574717, -0.7184006877265351, 0.4475100337134946]], "T": [-0.05581362864054504, 0.05385013635707551, 0.010331237397822747], "aligned_model": [[0.018210344831801506, -0.5150104539626307, 0.5640911390625635, 0.0012266433994526371, 0.17018045836498916, -0.826697197535616, -0.44538105557196817, -0.29659853206099285, 0.2772225045110305, -0.3116864925963593, 0.018210344831801506, 0.6931901560980064, 0.3763333641301362, -0.10264639993254568], [0.5921689765271397, -0.49374132617653615, -0.4984652231533862, -0.5566442147089209, -0.6163956915154806, 0.20325009178888773, 0.17565507311246648, -0.06194244518968354, 0.014412593200625302, 0.7108881015396459, 0.5921689765271397, 0.13011742568572593, 0.044332503798851654, -0.05713912566595226], [-0.3187007746887892, 0.01477310635991811, -0.21751678921444634, -0.5732067209079528, 0.22799118458209233, 0.17763027804436282, -0.5329635974041789, 0.5087984296955834, -0.5498876373266425, 0.2448424487915234, -0.3187007746887892, -0.06565877732039754, 0.6088185306771517, -0.009671288122764417]], "inverted": false, "swapped": false, "error_lsq": 0.04920116464952978, "error_max": 0.40059227310553397, "target": "372.xyz", "model": "12.xyz", "model_rescale": 3.9764082729961374, "target_rescale": 4.005967216000523},
{"mapping": [5, 1, 13, 12, 11, 2, 9, 8, 6, 7, 4, 14, 3, 15], "R": [[0.38000009179846594, 0.6459182526686379, 0.6621099161790674], [0.08305331119127324, 0.6890879402965149, -0.7199027420687275], [-0.9212502796381249, 0.32855352898333157, 0.2082078309268796]], "T": [-0.06798930923780362, -0.006905992262718135, -0.1237334281568172], "aligned_model": [[-0.12119274552273264, -0.5973130264351839, 0.3494596803310572, -0.21980338282690132, 0.3069782963018485, -0.7302355765886934, -0.5143722843447249, -0.22552563217782995, 0.5855111023414707, -0.2516820867022896, 0.076632253838866, 0.6932902425985195, 0.27793750606023054, -0.009039523303968407], [0.4313598250779004, -0.3543113386181342, -0.38673015054796744, -0.48122904635299774, -0.5236615690100699, 0.1032594497532285, 0.09213721159509654, -0.2549039597114961, 0.20519923271193866, 0.5696410043401348, 0.6929471971426924, -0.11154723513025121, 0.12872071397873694, 0.06778438054171064], [-0.8364159476232016, -0.07425104748432937, -0.3602720002285581, -0.5227117012081475, 0.34839755731838173, 0.30702517091157594, -0.514158593613522, 0.5191757036373731, -0.4578103523874515, 0.32890795653817834, -0.19552366810323074, 0.09606578435791086, 0.6315039400430524, -0.07338518368136049]], "inverted": false, "swapped": false, "error_lsq": 0.054936154930841655, "error_max": 0.41347534502663913, "target": "372.xyz", "model": "13.xyz", "model_rescale": 4.170626492500431, "target_rescale": 4.005967216000523},
{"mapping": [7, 11, 4, 12, 6, 9, 10, 3, 8, 1, 0, 2, 3, 13], "R": [[0.1208696509450713, 0.3208345112985763, -0.9393911559303827], [0.4353441971037805, -0.8676007171207588, -0.2403006985000462], [-0.8921131977100674, -0.37991342699534725, -0.24454003856254208]], "T": [0.032649174205904685, -0.008206665786736636, -0.09227540978320092], "aligned_model": [[-0.1428568949177515, -0.46284192493569115, 0.5782160627563, -0.10690781517263612, 0.18838906507707487, -0.7358278952871913, -0.409153992981907, -0.05700139613787236, 0.13577325477504404, -0.2392323864805585, 0.3166939016814389, 0.6166580441847775, -0.05700139613787236, -0.004261802853486672], [0.6424261144777675, -0.43327422212362515, -0.2681844820576965, -0.487211971728814, -0.6772037023088892, 0.17709472374468804, 0.018930411232939356, 0.0010399843700809874, 0.09013302027715384, 0.6513699926204967, 0.5163317010583649, 0.043303531333540715, 0.0010399843700809874, -0.09712936949556612], [-0.5431683104091164, 0.17877033239399143, -0.46353197303487514, -0.6277974772847257, 0.39319067404357, 0.08496123192755009, -0.4421351609528316, 0.5913552500966763, -0.8211450983809288, 0.19382512943052932, -0.08623380166071977, 0.2064092175664075, 0.5913552500966763, -0.05930764535553286]], "inverted": false, "swapped": false, "error_lsq": 0.051046338328443484, "error_max": 0.34480228389863027, "target": "372.xyz", "model": "14.xyz", "model_rescale": 3.9786697098870705, "target_rescale": 4.005967216000523},
{"mapping": [9, 10, 7, 5, 12, 4, 8, 2, 1, 6, 11, 13], "R": [[0.6908570359692439, 0.6225675788649129, -0.36759511095507225], [-0.7142542493383067, 0.5089025469591174, -0.4804779547499508], [-0.11205990877188637, 0.594497945702762, 0.7962504438939]], "T": [0.025811867998378354, -0.006732142958913046, 0.004213410504324607], "aligned_model": [[-0.11990337008388065, -0.6392267283400715, 0.6195574340355359, 0.5835182474181543, 0.01618180107292587, 0.4549210156263672, -0.4251855812650886, -0.17454051852853358, 0.6078937502387689, 0.0902891983378173, -0.552481737358989, 0.02233108561433], [-0.433979626464277, -0.19685248351588025, 0.1981538191390348, -0.5319102864012855, 0.3936682137767342, 0.5778945832322545, -0.1897904660750277, 0.409738924501469, -0.1724355256597933, -0.5237792052292212, 0.5482299625037198, -0.06426341958328836], [-0.6029287149826805, -0.16528508000757214, -0.4149428946614058, -0.31163784163508274, -0.47262565219384156, 0.1798610969836193, 0.4913436710032374, 0.47029390282469113, 0.17467084535095612, 0.26086243615081867, 0.0033041752027464753, 0.04705054983834371]], "inverted": true, "swapped": true, "error_lsq": 0.04384758572300559, "error_max": 0.24900585746404805, "target": "372.xyz", "model": "15.xyz", "model_rescale": 3.769337070930944, "target_rescale": 4.005967216000523},
{"mapping": [6, 3, 9, 10, 5, 1, 7, 4, 12, 11, 13], "R": [[0.49001946940860797, 0.45280259152819546, -0.7448830329023858], [0.03312642922067752, -0.863561936796718, -0.5031534765883953], [-0.8710818327158442, 0.22187968456181734, -0.43816189506979564]], "T": [-0.10519091950390437, 0.033449536213099706, 0.01529008146776336], "aligned_model": [[-0.26798948904326947, -0.2393874910017143, -0.10731758038420171, -0.6810011782973538, 0.3880251822630998, 0.3112672885168214, 0.6333876719995892, 0.35133434107701156, 0.16226955125020837, -0.4897187155695102, -0.1382434501195103], [-0.10888807256446043, -0.7301673552922225, 0.7332811164484117, 0.45041066175512473, 0.25565629481458696, -0.27826328592284866, 0.17695950606297625, -0.3986833412792152, 0.38559805682547266, 0.10214057128479279, 0.00802034549272368], [-0.5237835164562811, -0.18901132761820832, -0.27215754842464, 0.05697679942531771, -0.6123822334089597, -0.33788175100721246, 0.07940416369761624, 0.4173112773794823, 0.4537475954784065, 0.7151666241231672, -0.04317247596491173]], "inverted": true, "swapped": true, "error_lsq": 0.04515185168278119, "error_max": 0.2446061500725251, "target": "372.xyz", "model": "16.xyz", "model_rescale": 3.7852294659196426, "target_rescale": 4.005967216000523},
{"mapping": [7, 2, 3, 4, 12, 11, 10, 8, 1, 5, 9, 6, 13], "R": [[-0.8958219017039935, -0.27890262260565857, -0.3460006467206769], [-0.2764185287174461, 0.9593092410231775, -0.05760709217811539], [0.34798838688830336, 0.04403529483517777, -0.9364640812116906]], "T": [-0.038143085328702794, 0.09801265113104245, 0.0028464117357297827], "aligned_model": [[0.07791821179448118, -0.2891475476826456, 0.392536733265192, -0.08104361305653124, -0.47304470335275944, -0.7917919937687458, -0.4121314579493567, -0.0505524008012304, 0.5173008919294498, 0.574035869984312, -0.05832278572180756, 0.4356536345698562, 0.012355011006068561], [-0.06912272544331081, -0.37228661639468624, -0.3757353399214796, -0.5999833544694319, 0.08136329394524072, -0.05015183740872971, 0.6120360786785293, 0.15080759134883256, -0.12727239555610953, 0.40966487926914524, 0.8022712511664447, 0.296719153211771, 0.1167456452766587], [-0.7243396745043787, 0.38577670954903365, 0.48548113632375683, -0.25741557205561527, -0.442543369381041, 0.23190506437398695, 0.3238829047953396, 0.68933285936225, -0.18705172314804566, -0.46053282478824875, -0.2728481788534468, 0.2737635712874266, 0.05034379418215645]], "inverted": false, "swapped": true, "error_lsq": 0.04289864035596001, "error_max": 0.22492032207873724, "target": "372.xyz", "model": "17.xyz", "model_rescale": 3.901054581598922, "target_rescale": 4.005967216000523},
{"mapping": [11, 13, 0, 3, 2, 9, 12, 5, 7, 10, 6, 1, 8, 14], "R": [[0.024888514935788697, -0.7251933912491589, -0.6880952747351456], [0.3284194038207612, -0.6441737222816943, 0.6907828245662762], [-0.9442040335744744, -0.24317639854700346, 0.22213505390055419]], "T": [0.020496881156513703, 0.06727019512626345, 0.026173188478589786], "aligned_model": [[-0.34125398941495727, -0.5236822555924848, 0.5424195008542971, -0.034665710859982615, 0.01979454124485518, -0.6237066744609577, -0.34135988109067167, -0.3517979210086832, 0.2964020474622967, -0.2854408507888145, 0.2966733593677154, 0.701535079649498, 0.28874218399475265, -0.023014605787194605], [0.6168323211950504, -0.4129964205070621, -0.4249578200018467, -0.5604783962657686, -0.7085489875290513, 0.18560981877328256, -0.028697250386136658, -0.13671801160247793, 0.10119811529375528, 0.739148363011377, 0.644097230281929, 0.17081129471947606, -0.08086557234530242, 0.07423103113329792], [-0.4253229534298583, -0.0005708451701527811, -0.2204294852099356, -0.40544549040372696, 0.31225395422630015, 0.0981949472684388, -0.6155627674215138, 0.48429046472124526, -0.575825365702507, 0.3831543922139581, -0.36717509188694464, -0.07942871644880828, 0.6148314119331717, -0.006416836212995887]], "inverted": false, "swapped": false, "error_lsq": 0.0453440813157354, "error_max": 0.27034654758447774, "target": "372.xyz", "model": "18.xyz", "model_rescale": 3.9405287249114394, "target_rescale": 4.005967216000523},
{"mapping": [14, 5, 7, 9, 8, 2, 11, 6, 13, 3, 12, 4, 0, 15], "R": [[0.9746594748465393, -0.1437476126147055, -0.17139291688818734], [-0.012919357651914612, 0.728742269475508, -0.684666192299246], [0.22332039380614224, 0.669530677823846, 0.7084184308464955]], "T": [0.022086558627770956, 0.1106060244750618, -0.06017227175403646], "aligned_model": [[-0.17198068115617174, -0.5042667242880382, 0.44791118347793846, -0.05379490408894132, 0.07497056293780334, -0.7735787357286843, -0.4218602686250608, -0.26622684878688874, 0.19257744586861025, -0.26292735902934106, 0.31460123729928763, 0.7321786574598854, 0.33025415685611625, -0.01721289862684611], [0.6483183424142659, -0.5245929426217116, -0.41309650685727667, -0.5194313070833154, -0.5441902400823755, 0.022702457342124102, -0.027658439904501633, -0.20439693857925778, 0.14322091153468353, 0.8900327184101233, 0.5738264694702858, 0.06092416726477992, -0.03897741364027525, 0.1119844381029741], [-0.5826111022933405, 0.04344788324396513, -0.2602587442819362, -0.4918026824242146, 0.314950760790914, 0.27822835657724665, -0.6106333097592643, 0.5529606403981064, -0.7091707092574611, 0.13137325911831238, -0.05915035712020118, 0.1070579673070199, 0.5359248548954043, -0.053769198717880176]], "inverted": true, "swapped": false, "error_lsq": 0.03666452062898832, "error_max": 0.23999463672953225, "target": "372.xyz", "model": "19.xyz", "model_rescale": 4.410303926677745, "target_rescale": 4.005967216000523},
{"mapping": [0, 12, 8, 7, 9, 4, 2, 11, 1, 6, 3, 5, 10, 13], "R": [[0.4034992878496534, 0.8542410451521294, -0.3278117775221332], [0.7843353881308872, -0.13843036736097686, 0.6046941642829672], [0.4711754701068316, -0.5011080424117168, -0.7258680363536499]], "T": [-0.052571742598455096, 0.06886341409617708, -0.08936703876802485], "aligned_model": [[-0.10671973810311688, -0.39805814348760693, 0.45876526993607347, -0.13956390122144088, 0.09357012256023195, -0.7366604037899162, -0.5310588631438881, -0.4099153287943128, 0.21199453053731204, -0.3199598080381599, 0.2275061161753305, 0.7797566337340772, 0.4844798428004504, 0.006508494404634267], [0.648002165822207, -0.5932821364014478, -0.5039252993109429, -0.4542320323408365, -0.45340273808484527, 0.11525085525830255, 0.13903555609655843, -0.065919983412494, -0.009966127448635342, 0.47794676542116743, 0.7337689185527829, 0.09793301147264302, 0.02617362643520138, 0.02128313371086151], [-0.5074886399258536, 0.024111391100507917, -0.12816305419436305, -0.5644003883517018, 0.3345873789735335, 0.06863392308204475, -0.5418431969391606, 0.6463450799675464, -0.7871567504084876, 0.22313937285846544, -0.015748027158216132, -0.015508014753342597, 0.5310257317066275, -0.07098718748092962]], "inverted": true, "swapped": false, "error_lsq": 0.049242659580935565, "error_max": 0.2551669504094256, "target": "372.xyz", "model": "20.xyz", "model_rescale": 4.121658175737393, "target_rescale": 4.005967216000523},
{"mapping": [0, 8, 3, 6, 1, 10, 2, 9, 11, 12, 4, 7, 13], "R": [[0.990780336404493, 0.12329538169980794, -0.05614778575953283], [-0.11972373839255882, 0.9908017673584254, 0.0630720561321011], [0.06340781859920647, -0.05576833017869044, 0.9964282923971856]], "T": [0.10453833929017785, -0.03864597546133986, -0.04703528264626815], "aligned_model": [[0.18218132309517443, -0.17512739514477227, 0.22665754180922038, 0.45330244628106814, 0.6480045267974156, -0.28398983780199394, -0.34789281122588356, 0.3046714822847287, -0.6904835065042135, -0.1111085509757415, 0.06430582590201664, 0.47672518460382635, 0.1338366755434493], [-0.6716169994184495, -0.053554929424944726, 0.5353789905877196, -0.127446952797305, 0.2773178219266385, -0.5954286096526856, 0.3961669218209779, -0.7483750038385473, -0.024252653543615867, -0.1307875501098838, 0.6223019853551766, 0.10577467876924268, -0.04465079551114022], [0.650191823584825, 0.5820670458128205, 0.499262055144262, 0.40886130342822297, -0.035033301891397584, 0.1678850995130426, 0.14548498262438814, -0.21622847005575457, -0.14773461829167284, -0.6239191743591614, -0.3909892290976936, -0.68799057720343, 0.01825280027333838]], "inverted": true, "swapped": true, "error_lsq": 0.040177346506286835, "error_max": 0.26906568187290236, "target": "372.xyz", "model": "21.xyz", "model_rescale": 4.08911054899281, "target_rescale": 4.005967216000523},
{"mapping": [15, 12, 4, 3, 7, 9, 14, 10, 2, 11, 1, 0, 6, 16], "R": [[-0.39699794825980433, -0.7810915876729987, -0.4819632358842115], [-0.9002613055807351, 0.2291713569024849, 0.37014871450478465], [-0.17866787834296452, 0.5808411321884396, -0.7941670909868248]], "T": [-0.040307452195616086, 0.06717813886748408, 0.00012340383214110712], "aligned_model": [[-0.27555971918076133, -0.47965129923322897, 0.43098575896567964, -0.10555295209244096, 0.11953700655484563, -0.737951626950535, -0.48737852047326796, -0.3927909317821469, 0.2586967698631673, -0.20974616882286412, 0.4655748920901232, 0.700219519552629, 0.34036740888835265, -0.0061053138098838], [0.511112830192507, -0.5258154617971582, -0.23684603154944878, -0.4585889131803705, -0.49187232735259273, 0.04503795838772144, -0.12027477997240582, -0.21928416771060505, 0.2368788049219897, 0.8127104378092516, 0.658429452247113, -0.12092646145531213, 0.05374096623074001, 0.03436340899909294], [-0.5281619154894166, 0.017589933970053907, -0.41429691273466174, -0.6880559732336058, 0.40964570265763917, 0.1427769330607243, -0.4203661312035699, 0.6670792889875758, -0.6347403520280683, 0.03707124275083724, -0.15641195777305067, 0.12785696101289695, 0.6408029033337252, -0.004242104834408844]], "inverted": false, "swapped": false, "error_lsq": 0.047036034125465954, "error_max": 0.24440165217355947, "target": "372.xyz", "model": "22.xyz", "model_rescale": 4.204369325754507, "target_rescale": 4.005967216000523},
{"mapping": [14, 5, 7, 9, 8, 2, 11, 6, 13, 3, 12, 4, 0, 15], "R": [[0.9746594748465393, -0.1437476126147055, -0.17139291688818734], [-0.012919357651914612, 0.728742269475508, -0.684666192299246], [0.22332039380614224, 0.669530677823846, 0.7084184308464955]], "T": [0.022086558627770956, 0.1106060244750618, -0.06017227175403646], "aligned_model": [[-0.17198068115617174, -0.5042667242880382, 0.44791118347793846, -0.05379490408894132, 0.07497056293780334, -0.7735787357286843, -0.4218602686250608, -0.26622684878688874, 0.19257744586861025, -0.26292735902934106, 0.31460123729928763, 0.7321786574598854, 0.33025415685611625, -0.01721289862684611], [0.6483183424142659, -0.5245929426217116, -0.41309650685727667, -0.5194313070833154, -0.5441902400823755, 0.022702457342124102, -0.027658439904501633, -0.20439693857925778, 0.14322091153468353, 0.8900327184101233, 0.5738264694702858, 0.06092416726477992, -0.03897741364027525, 0.1119844381029741], [-0.5826111022933405, 0.04344788324396513, -0.2602587442819362, -0.4918026824242146, 0.314950760790914, 0.27822835657724665, -0.6106333097592643, 0.5529606403981064, -0.7091707092574611, 0.13137325911831238, -0.05915035712020118, 0.1070579673070199, 0.5359248548954043, -0.053769198717880176]], "inverted": true, "swapped": false, "error_lsq": 0.03666452062898832, "error_max": 0.23999463672953225, "target": "372.xyz", "model": "23.xyz", "model_rescale": 4.410303926677745, "target_rescale": 4.005967216000523},
{"mapping": [2, 15, 13, 6, 14, 8, 5, 9, 12, 4, 0, 7, 11, 16], "R": [[-0.39526426972241707, -0.6678230868171007, 0.6306968224074732], [0.06711611923380018, 0.6637770924972121, 0.7449130137237112], [-0.916112211260061, 0.3367674215093064, -0.21754567380247888]], "T": [0.026036898726419625, 0.05392533661141964, 0.0710107811101249], "aligned_model": [[-0.19392147594659104, -0.4943123723436987, 0.46362453464596604, -0.016833973680730387, 0.05753948446031715, -0.7271961402634, -0.3199058190267547, -0.3136289752828832, 0.2923417742060549, -0.49491797137964727, 0.33380121656924694, 0.6845527279502697, 0.3108945709485674, 0.03860724271295196], [0.7795216083256998, -0.43002608317641533, -0.42198743101461983, -0.5091699934668388, -0.6017613675657523, 0.20359097411633692, 0.07866349970407457, -0.2080835760314237, 0.04223148546709517, 0.4915172687576645, 0.5543449709904066, 0.1371979355561077, -0.11069957145988586, 0.173325995568073], [-0.43694818875252417, 0.005118063630235814, -0.20505211449521124, -0.437893755421929, 0.23603357672331224, 0.36417771850051606, -0.4536926520292831, 0.5275175251540607, -0.6873564135422334, -0.03388772805200492, -0.4035912893414354, 0.03422119550603939, 0.6118214992264142, 0.07608018137071428]], "inverted": true, "swapped": false, "error_lsq": 0.04969378165863912, "error_max": 0.3844457647247616, "target": "372.xyz", "model": "24.xyz", "model_rescale": 4.28219845311461, "target_rescale": 4.005967216000523},
{"mapping": [7, 11, 1, 5, 10, 12, 9, 14, 3, 13, 4, 0, 2, 15], "R": [[0.33738885581629785, -0.19000986613063825, 0.9219897020813121], [-0.9407065248495321, -0.10468954255122145, 0.322662879466996], [0.035213549614979245, -0.9761845883097281, -0.21406460583216563]], "T": [-0.008080279881531344, -0.0027993342424765238, -0.0409257184387059], "aligned_model": [[-0.2136848403728039, -0.4271458073383495, 0.44666818763742255, -0.07828670844876905, -0.10984770584900136, -0.7301157121144988, -0.4794543633031323, -0.25402367020039474, 0.24332913849370477, -0.2911326026712673, 0.4630352065007458, 0.7707975787863474, 0.2186857515431051, 0.06182037090655934], [0.6449364949344942, -0.34509964853523106, -0.235438682999685, -0.6696593344005394, -0.6837918408949337, 0.050185175778750174, 0.03578862418612494, -0.18036145942750886, 0.15713270520793496, 0.4744705637034049, 0.5300366696571998, 0.09270021197123321, 0.29606088443813333, 0.011705352151145437], [-0.42001814259914466, 0.019833229717222213, -0.42687929536947644, -0.5659490307698476, 0.3535326643129308, 0.20458879545199407, -0.523824389819802, 0.6577359774863444, -0.7559504676392367, 0.1712329109287271, -0.21058586244644484, 0.18219597478210522, 0.5318218359602793, -0.021186581518979536]], "inverted": true, "swapped": false, "error_lsq": 0.04456136245349007, "error_max": 0.25698139123035807, "target": "372.xyz", "model": "25.xyz", "model_rescale": 4.100010024507729, "target_rescale": 4.005967216000523},
{"mapping": [11, 10, 9, 0, 4, 1, 12, 6, 8, 3, 2, 13], "R": [[-0.808860449181564, 0.4443062785624788, -0.38514504356120133], [-0.5376529027196054, -0.8240516497373577, 0.178516763252984], [-0.23806328979282204, 0.35146949994999627, 0.9054253479210302]], "T": [-0.025408089026959416, 0.1330586891122912, 0.09464262600017023], "aligned_model": [[-0.6554821777514446, 0.07723814421650244, 0.40581265926199406, 0.6760596477751217, -0.5516513884374611, 0.2121063262626367, -0.3997760784391779, 0.48261664242395835, 0.06876361493349749, 0.01999373944821868, -0.48784951427548345, 0.028933986944644385], [-0.3494203329810608, -0.5705462667951015, -0.23168547030235373, -0.41814068102536384, 0.6620575470794001, 0.7150275098209399, 0.03531057148672927, 0.2054836598682086, -0.17754923567686423, 0.5333483026217599, 0.12714619483699502, 0.1350995911173509], [-0.017731281840691712, 0.05520110444472115, 0.5980363761897539, -0.21669104765633782, 0.09648040063098126, 0.07941567561114568, 0.5825797014330586, -0.17744046597832638, -0.5126952921552289, -0.5985856494157147, -0.3711182834434762, 0.04774105203447219]], "inverted": false, "swapped": true, "error_lsq": 0.04144576858178296, "error_max": 0.22352184265448954, "target": "372.xyz", "model": "26.xyz", "model_rescale": 3.6694154284099745, "target_rescale": 4.005967216000523},
{"mapping": [3, 0, 10, 8, 4, 1, 7, 0, 9, 6, 12, 11, 2, 13], "R": [[0.0011074402957395313, 0.051079593876155294, -0.9986939714774686], [-0.7710159824591272, 0.6360275267500269, 0.0316755427551173], [0.6368148305187143, 0.7699739348222714, 0.04008754576835963]], "T": [-0.05960709875781099, -0.05112176237493589, -0.13838315407088028], "aligned_model": [[-0.23209285253950906, -0.3584729920416801, 0.44368631911395506, -0.034728985551990985, 0.09930920110151094, -0.8189241326645396, -0.46299541009280537, -0.3584729920416801, 0.30961880678901216, -0.22693004482426116, 0.33211412584698036, 0.7377403668612246, 0.22747702866159647, -0.03668361504814508], [0.6078198044462261, -0.26375741490958543, -0.37919144262840004, -0.569702853280675, -0.7742118015927971, 0.2596972690821745, 0.05979190612526575, -0.26375741490958543, 0.10762320419547881, 0.5239817575518686, 0.6366845495698489, 0.22302337149250717, 0.054427831039407334, -0.04376305041121176], [-0.5729817005378172, 0.41152465659918147, -0.16931437321889437, -0.5109578768693835, 0.21857199004650144, 0.1879231826725258, -0.6086007134373642, 0.41152465659918147, -0.6891424497092193, 0.1969516113380094, -0.08172829725802105, 0.020541148327760467, 0.4687178534370856, -0.08648206951287538]], "inverted": true, "swapped": false, "error_lsq": 0.04836457592331041, "error_max": 0.4519750585696661, "target": "372.xyz", "model": "27.xyz", "model_rescale": 4.103607728864725, "target_rescale": 4.005967216000523},
