[{"mapping": [5, 1, 4, 0, 2, 8, 7, 9, 6, 10, 11], "R": [[0.31389322432289773, -0.15145711383131955, -0.9373002647999531], [-0.21658987744804015, -0.972587986314188, 0.08462525547586852], [-0.9244240740651546, 0.17644645518456803, -0.33809285668523414]], "T": [0.008873242363497822, 0.14499399915480954, -0.07168962648284645], "aligned_model": [[0.11677127613298517, -0.18741889175604673, -0.5342770436036663, -0.4045104048751261, -0.7296675463568381, -0.17257829780128614, 0.6561802315976777, 0.44973461531172965, 0.35458479290369416, 0.5414031593339975, -0.017809437117281054], [-0.530769460944339, -0.464556121491654, 0.5791932286599288, -0.17270699787254173, -0.02068704644286873, 0.4349956445790336, -0.5436156633929052, 0.4997597832223813, -0.04373177813344378, 0.1569181317520199, 0.0949994994992103], [-0.5411447285250055, 0.23129322455270523, -0.48255123663215826, -0.4048133732872755, 0.20373284920210483, 0.46317285576308614, -0.013262713159307285, 0.14998335952376274, 0.536603553049026, -0.49362688314319597, -0.1119492900186319]], "inverted": true, "swapped": false, "error_lsq": 0.03642011814742704, "error_max": 0.2239317762722325, "target": "373.xyz", "model": "0.xyz", "model_rescale": 3.751011558992144, "target_rescale": 3.7147843498716053},
{"mapping": [10, 5, 12, 9, 13, 0, 4, 1, 8, 6, 14], "R": [[-0.017336549199972878, 0.9956913008427648, 0.09109488178750569], [-0.727985422471253, -0.07502293159053228, 0.6814754466632775], [0.6853733790651546, -0.05450131339339476, 0.7261493910396171]], "T": [-0.02190859616269107, 0.05905475605169673, -0.0215308137206096], "aligned_model": [[0.20373050118767833, -0.33923652180410013, -0.4939850612579131, -0.44379368106483913, -0.7352398756214935, 0.04967057328704738, 0.6641390493768793, 0.5516118317064284, 0.22316050354278733, 0.45105993089401764, -0.05870479647665241], [-0.5673555831634512, -0.43749839209532615, 0.4793355922848915, -0.31450497691702317, -0.018983230040866855, 0.6340127280524465, -0.3328542612527269, 0.41520275507386445, -0.2878907042607285, 0.3541246809742083, 0.06621061077953319], [-0.50022782937888, 0.1854088046926399, -0.41202144597129126, -0.36307981807538714, 0.09058857252843865, 0.46816732945858996, 0.014799891129435538, 0.15143875309726834, 0.4883596020336173, -0.5244823591901224, -0.06151388299919827]], "inverted": true, "swapped": false, "error_lsq": 0.043271296318283685, "error_max": 0.24717704405070784, "target": "373.xyz", "model": "1.xyz", "model_rescale": 3.9405287249114394, "target_rescale": 3.7147843498716053},
{"mapping": [0, 11, 2, 5, 9, 8, 7, 4, 3, 1, 12], "R": [[-0.924802396464096, -0.3802146095514752, 0.013318339907217785], [-0.15042508141921357, 0.3975874863372064, 0.9051499796100559], [-0.3494464513688583, 0.8350814579378953, -0.42488367376733965]], "T": [0.0541860504684719, -0.056749777724463865, -0.004903673143985696], "aligned_model": [[-0.0008142427725708612, -0.4273588908157187, -0.2397769956334796, -0.5630466735973854, -0.6318836913579561, -0.17976834607325476, 0.8089557162145783, 0.44567389553575104, 0.33271334640768907, 0.4940291310469238, 0.03368920481526342], [-0.5063945293364771, -0.5668444027566705, 0.2827641542164914, -0.1551449516928341, 0.10502866326718412, 0.47830444947317174, -0.25860915138228074, 0.49984568705422205, -0.12149286434333852, 0.2180441378170861, 0.01429802711826629], [-0.7103996358305548, 0.11972470273422439, -0.517237202269364, -0.3756035982299292, 0.38690897656322976, 0.5046766290719651, 0.13105734366644312, 0.16431357667170815, 0.49010193967342447, -0.6034458193683486, -0.05265929535768776]], "inverted": true, "swapped": false, "error_lsq": 0.05032781229823415, "error_max": 0.28673822744795113, "target": "373.xyz", "model": "2.xyz", "model_rescale": 3.932901565614263, "target_rescale": 3.7147843498716053},
{"mapping": [10, 8, 5, 12, 9, 7, 1, 0, 3, 2, 13], "R": [[0.23806308019450342, 0.2533874280518023, -0.9376144096341512], [-0.6905200269236629, -0.6347223161888544, -0.346856849073504], [-0.6830139546639213, 0.7300153372615867, 0.02386514398034001]], "T": [0.05417575108812554, -0.03555225646526176, 0.010536370749727547], "aligned_model": [[0.01906755584728838, -0.3020649718645335, -0.4145596746588349, -0.46137451904354576, -0.6752316707382431, -0.2832901464560003, 0.7137791034901201, 0.617757518741595, 0.26521372184344827, 0.6043302853221644, -0.011214748713618522], [-0.5297282591193709, -0.33653866710892905, 0.3673727084941367, -0.17867864297777786, 0.009054021857902599, 0.4653208441166165, -0.27689089184692844, 0.28073225104397775, -0.14621804813940176, 0.3772653419094982, -0.04189143879490295], [-0.5068637967502156, 0.5773577301301916, -0.3565307333565241, -0.5343054105139393, 0.08648393363104287, 0.3913059237018711, -0.22493698545924654, 0.18742625350517314, 0.46209094722286026, -0.45968854576589335, -0.08490169902020937]], "inverted": false, "swapped": false, "error_lsq": 0.05709136705704783, "error_max": 0.3638161616893285, "target": "373.xyz", "model": "3.xyz", "model_rescale": 3.9243930471874484, "target_rescale": 3.7147843498716053},
{"mapping": [7, 8, 3, 4, 10, 11, 1, 5, 9, 0, 12], "R": [[-0.6457338247654114, -0.11526122621955685, -0.7548130081577801], [-0.3282454191655175, -0.8506336930625678, 0.41070337839320364], [-0.6894075517070338, 0.5129689756282552, 0.511448978581649]], "T": [-0.0622520911946637, 0.03613380398410757, -0.006980229403594218], "aligned_model": [[0.12504004018273207, -0.3169605386068555, -0.29649783879803815, -0.38381032242088425, -0.7314724608031904, -0.09448724945607435, 0.602369770216112, 0.519243236469381, 0.14096538727889835, 0.4707242506590842, 0.03729817904867498], [-0.6088242544850039, -0.5014459560266087, 0.40722009018313954, -0.2590531881300217, 0.1303305152352581, 0.39173303761598166, -0.2113992411458618, 0.5206340302236839, -0.25753449858422894, 0.2840310500907433, 0.09410763445773948], [-0.4450093600011413, 0.19909737093161603, -0.5172519886548977, -0.40926397635014156, 0.19401428795796608, 0.6991671780120271, -0.09162934567804093, -0.034289833091079774, 0.6014184690551994, -0.6216391004512141, -0.03717608440518252]], "inverted": false, "swapped": false, "error_lsq": 0.04662452243944703, "error_max": 0.2286904751107416, "target": "373.xyz", "model": "4.xyz", "model_rescale": 3.8936222436046832, "target_rescale": 3.7147843498716053},
{"mapping": [7, 6, 4, 5, 1, 0, 8, 3, 9, 10, 11], "R": [[-0.9326543934713835, -0.3487071498996465, 0.09251543626547637], [0.1391887461857461, -0.11120985585638382, 0.9840014537060615], [-0.3328397140873756, 0.9306103865578053, 0.15225647164231243]], "T": [0.08389454137848347, 0.021926173184646965, -0.056462242982141836], "aligned_model": [[0.17298547755820937, -0.3198870496094562, -0.338347459735009, -0.6031202273510301, -0.6044533687553689, 0.01282082607833672, 0.7779389573766254, 0.4702368981168428, 0.18081800832741474, 0.3965685938605922, -0.07314820209731708], [-0.45745032282893244, -0.6532360396591352, 0.33728588128667875, -0.2530215167350948, 0.20297991678188854, 0.5796561435432387, -0.2113098091064598, 0.38023832888641207, -0.2026389185946282, 0.2530387332714982, 0.014256822589354824], [-0.48308679402019195, 0.06893728347171266, -0.650503105135854, -0.38749899683614164, 0.3130042151772292, 0.6266220242457448, 0.04236159785256979, 0.1729587996172521, 0.5111752336964358, -0.5547486274635779, -0.12178401328006837]], "inverted": true, "swapped": false, "error_lsq": 0.05025865649222141, "error_max": 0.25025270905267816, "target": "373.xyz", "model": "5.xyz", "model_rescale": 3.6523030999806103, "target_rescale": 3.7147843498716053},
{"mapping": [1, 3, 8, 5, 7, 11, 2, 10, 4, 6, 12], "R": [[-0.05053610637296921, -0.974108525969446, -0.22036034485880834], [0.35504679708770936, -0.2237518841989018, 0.9076766308521995], [-0.9334815873012272, -0.03236779187825797, 0.35716166118230963]], "T": [-0.025102462524279386, 0.05106987879474253, -0.09953918923197412], "aligned_model": [[0.13214984779056227, -0.22249155347393162, -0.20126665537514837, -0.576862975536953, -0.6014716260086155, -0.20032379963234737, 0.5887030442062975, 0.5296735100608739, 0.2959090026270393, 0.43788570066127397, -0.10949204154921123], [-0.5143339556898076, -0.4907468685064849, 0.3929398918775124, -0.11289046186591117, 0.031312903138943186, 0.3409623195537069, -0.38401028383567315, 0.5635763524546209, -0.03990130985736635, 0.2122969080962216, -0.009406275930940934], [-0.4709756990748471, 0.28790482229222947, -0.6525257839867469, -0.4636557543003295, 0.2668298992491456, 0.7127593143699035, 0.0012560795152676413, 0.09599540199399455, 0.3671593044484142, -0.526472752968531, -0.08083721421338982]], "inverted": true, "swapped": false, "error_lsq": 0.04450532086717519, "error_max": 0.23842751651428828, "target": "373.xyz", "model": "6.xyz", "model_rescale": 4.08911054899281, "target_rescale": 3.7147843498716053},
{"mapping": [7, 13, 0, 2, 1, 9, 5, 8, 11, 4, 14], "R": [[-0.6622946682713861, 0.7485761533835217, 0.03161510659202578], [-0.7358120521762331, -0.6418887402532846, -0.21577643293059565], [-0.14123171121067402, -0.16617035752980067, 0.9759308459245066]], "T": [0.11662036855063718, -0.0361550277160581, -0.013063136363616126], "aligned_model": [[0.07956176930256591, -0.2487768609055741, -0.5106589720317989, -0.5443002001228161, -0.5743077526787178, -0.14372513974742873, 0.7421507641919198, 0.5014844273460809, 0.08035630371351819, 0.6449517304263135, 0.045676384275776805], [-0.6018781347234022, -0.6317904185266583, 0.4955061881438512, -0.27795438456055077, 0.07920428791691389, 0.6033945794806943, -0.38404533530995055, 0.4924076794579733, -0.09321662521850493, 0.24286887631620868, 0.06530250645824609], [-0.5401997324724224, 0.20510622049305105, -0.469695552572448, -0.4065813903559859, 0.20432273816957702, 0.3580888866017612, -0.2741862636319902, 0.18097318528091555, 0.5699977135046586, -0.3870432464489525, 0.09665505875694619]], "inverted": false, "swapped": false, "error_lsq": 0.04773839289448716, "error_max": 0.24600167370250267, "target": "373.xyz", "model": "7.xyz", "model_rescale": 3.964800864290218, "target_rescale": 3.7147843498716053},
{"mapping": [1, 8, 3, 5, 10, 11, 7, 4, 12, 2, 13], "R": [[0.781019957454392, 0.3630686515290011, -0.5081229972505208], [-0.5327477284337998, 0.8118997569791587, -0.23874388466683236], [0.3258645177164373, 0.45716511119517445, 0.8275339130206917]], "T": [0.022391691972700932, 0.09705346032450889, -0.11667852739148565], "aligned_model": [[0.22019657853774335, -0.21488984621413176, -0.40983338454087576, -0.6850923486004257, -0.7362386455869034, -0.0685048306555488, 0.4882910943834348, 0.46458762890362476, 0.40188837502096836, 0.634462142840236, -0.02245431031828205], [-0.4415800377130886, -0.5928978249247955, 0.42531642953642235, -0.3110345121743271, 0.06981716011159546, 0.5616210671116787, -0.4375776827150758, 0.5858497078027167, -0.10226243335052122, 0.19158504694551315, 0.0409622988047027], [-0.6002765762038924, 0.12564827060205983, -0.5977061793819073, -0.2955674929664829, 0.19776098649337037, 0.5637978391281855, -0.053746399767981456, 0.12956195836755285, 0.505358753944976, -0.3512894181442806, -0.08610412474648942]], "inverted": false, "swapped": false, "error_lsq": 0.04458763065262128, "error_max": 0.25160322131419344, "target": "373.xyz", "model": "8.xyz", "model_rescale": 4.121658175737393, "target_rescale": 3.7147843498716053},
{"mapping": [1, 6, 3, 2, 8, 7, 4, 5, 9, 0, 12], "R": [[0.9713465995771395, 0.16773891241311933, -0.16837292167207896], [0.05211728817296716, -0.8415280057922627, -0.5376935965220278], [-0.23188266809622504, 0.513511706516766, -0.8261574641113005]], "T": [-0.05393796220513704, 0.14605144943524723, -0.015236208946591188], "aligned_model": [[0.09618336280548116, -0.21277502959287253, -0.39596892296051756, -0.43453395270601675, -0.7201137046986156, -0.15112482682299505, 0.6890382417664177, 0.4807395728801258, 0.3200575285020377, 0.4317101431343043, -0.030799958537509033], [-0.4171617917980805, -0.44902910948136315, 0.5288962256432945, -0.11451826540732651, -0.06270695691212214, 0.4152655329249257, -0.3380615616859, 0.44071020093610996, -0.19167977196186087, 0.10483171390088158, 0.07325300327626169], [-0.38291289897471403, 0.302304283773836, -0.6145096779780372, -0.5344631021064118, 0.19256933866912723, 0.5957379320035538, -0.05705570815401136, 0.07970619419803554, 0.647526804550137, -0.6327077421406049, -0.058757806515799725]], "inverted": true, "swapped": false, "error_lsq": 0.041937760977285216, "error_max": 0.24269989237511316, "target": "373.xyz", "model": "9.xyz", "model_rescale": 3.833441315466971, "target_rescale": 3.7147843498716053},
{"mapping": [7, 8, 12, 11, 10, 13, 3, 5, 2, 4, 14], "R": [[-0.9425664237360696, 0.22037152935895332, -0.2510078203829354], [-0.10631167174627809, -0.9103264911156486, -0.40000438500544305], [-0.3166486464457216, -0.35034564164702703, 0.8814712508545162]], "T": [-0.039199963296871976, 0.118745803398462, -0.14404087582562208], "aligned_model": [[0.03359649509470178, -0.4013278535999994, -0.4096754887894012, -0.49885836518415005, -0.800500052656316, 0.017268105210391183, 0.6824735726206594, 0.38065931692390564, 0.36422048447614763, 0.691170774904174, 0.013385464769727004], [-0.47355280318201165, -0.4344468681510467, 0.33705126775031113, -0.31178668460977776, 0.07190428587320608, 0.3773988046143728, -0.3643639456464497, 0.534086134380952, -0.06917603804672659, 0.27908617156918447, 0.04359889488280687], [-0.4403464833835777, 0.2687552258823077, -0.566072470088339, -0.4061343923181881, 0.16252427173212547, 0.6080206400198012, -0.15472393164696358, 0.1855737411725577, 0.42039475270441706, -0.42110067299001575, -0.11945306375901424]], "inverted": false, "swapped": false, "error_lsq": 0.038965110938171156, "error_max": 0.22316580033946556, "target": "373.xyz", "model": "10.xyz", "model_rescale": 4.2482417240324, "target_rescale": 3.7147843498716053},
{"mapping": [7, 8, 2, 3, 1, 0, 9, 4, 10, 5, 11], "R": [[0.27762611792846414, -0.9386844034812184, 0.20443906012570112], [0.478035913272293, -0.049606866565815234, -0.8769383241776165], [0.8333099088969813, 0.3411901954198434, 0.43495269430533917]], "T": [-0.053308748294604705, 0.08294744606697003, -0.057631073939081075], "aligned_model": [[0.14846482317025028, -0.28209182283535894, -0.49262712324721586, -0.5615129176867006, -0.6940026294101883, -0.14576456363332468, 0.6203494167129868, 0.6917801667710776, 0.20886836280167725, 0.5072333009617664, 0.0717154401648697], [-0.3747868852468701, -0.43590764257042214, 0.3467114595313953, -0.4329594195684201, 0.18952857736673756, 0.38387595634605093, -0.3848170688050495, 0.5125080880544032, -0.1850698721748169, 0.29675324871893227, 0.07396277778287995], [-0.5140551689322579, 0.1775402056712868, -0.5916584112681853, -0.42319947335908403, 0.22039476462653496, 0.6313779462087815, 0.024173189299791474, 0.10410866679842212, 0.4662317345081124, -0.5095888818032092, -0.047886954425082326]], "inverted": true, "swapped": false, "error_lsq": 0.04329972648708942, "error_max": 0.23421355117452364, "target": "373.xyz", "model": "11.xyz", "model_rescale": 3.6694154284099745, "target_rescale": 3.7147843498716053},
{"mapping": [8, 10, 11, 9, 7, 5, 1, 0, 12, 4, 13], "R": [[0.160929993180786, 0.16329234432340917, -0.9733638310417116], [0.24349703270014794, -0.9623019367126141, -0.12117828875411407], [-0.956457386589207, -0.21750998341344602, -0.19462444541841906]], "T": [0.01967875918255635, 0.015012183104981393, -0.04438248499538423], "aligned_model": [[-0.06260676879552327, -0.30616503427501923, -0.28070599507939387, -0.6621504403347852, -0.6518424618009876, -0.13816068101767473, 0.8266505331658739, 0.5313393177088783, 0.1924144391364911, 0.49360943957322245, 0.13003010548875749], [-0.4661733572303109, -0.4733296895842312, 0.2494935574172026, -0.2588821715238591, 0.08930983097601529, 0.49516095477675126, -0.23908299680734593, 0.460992557950042, -0.24069910933154706, 0.30801696582622057, 0.06499267696588323], [-0.6225584261834377, 0.1982629867365484, -0.676692641022246, -0.3680753827829032, 0.2649788373433119, 0.5794080733301247, -0.017817665381812273, 0.17932009104487923, 0.5610451490433844, -0.5314313092801904, -0.029002095522548475]], "inverted": false, "swapped": false, "error_lsq": 0.04600562565474151, "error_max": 0.2364483470474412, "target": "373.xyz", "model": "12.xyz", "model_rescale": 3.9764082729961374, "target_rescale": 3.7147843498716053},
{"mapping": [12, 11, 6, 13, 14, 3, 1, 7, 8, 0, 15], "R": [[0.46244787263511, 0.42728692722110106, 0.7768962909688854], [-0.04600601644876613, -0.8634747723676273, 0.5022895220240915], [0.8854520944386418, -0.2680246244482472, -0.3796543021534184]], "T": [0.09611223282410755, 0.001398059697765943, -0.20393636824807013], "aligned_model": [[0.08594588237973419, -0.3246737983400395, -0.5286014095544113, -0.4225038294908261, -0.6358350673762597, -0.11381585830567167, 0.5349614834409172, 0.4602124123611928, 0.271801155722592, 0.6826107367756824, 0.06231074615692985], [-0.5455472283451158, -0.3393692329059032, 0.3179996863269428, -0.29444742404979696, 0.11567251909762848, 0.31886233488957827, -0.4539327795614774, 0.5724506850287853, -0.18710471653660463, 0.3908941756567546, 0.09432119983402987], [-0.5325106097135255, 0.3768918912384165, -0.5091495408687078, -0.33807575784718213, 0.09606786044434693, 0.5467899985761916, -0.14556051439107479, 0.13127051904185863, 0.4542831562050216, -0.38119384768882014, -0.16137553767141463]], "inverted": true, "swapped": false, "error_lsq": 0.04714216813443662, "error_max": 0.21524490391171736, "target": "373.xyz", "model": "13.xyz", "model_rescale": 4.170626492500431, "target_rescale": 3.7147843498716053},
{"mapping": [3, 2, 5, 6, 4, 8, 1, 10, 0, 9, 13], "R": [[-0.16332982993908157, 0.8890478935441247, -0.42768821545236135], [-0.49496224078754525, -0.4488464036157302, -0.7440089288145654], [-0.8534258883152319, 0.09017066566228593, 0.5133551443273725]], "T": [0.025097080762269488, 0.019946635186080672, 0.004796323568059112], "aligned_model": [[0.1515511734504725, -0.30036477086488395, -0.5792666270272114, -0.5311973594111521, -0.5637089133861288, -0.03472590384441056, 0.7194060656354778, 0.3093673742229154, 0.22407825228915967, 0.6904366495809904, -0.013163486875389447], [-0.48175023196996275, -0.5245189529901738, 0.42458520354068147, -0.20665705032904122, 0.13633321913917715, 0.5129453662952762, -0.3052702329467839, 0.5069018077774178, -0.310495098551347, 0.19431636546556477, 0.04340882400401229], [-0.4510361241121143, 0.17962187565829077, -0.5413098621349749, -0.5839961123320554, 0.3827180018608845, 0.5570007734255332, 0.05941767563418772, -0.015037110758060003, 0.4598492441281535, -0.4232514468854931, -0.08653929715924119]], "inverted": true, "swapped": false, "error_lsq": 0.05018948541540476, "error_max": 0.2576360928662456, "target": "373.xyz", "model": "14.xyz", "model_rescale": 3.9786697098870705, "target_rescale": 3.7147843498716053},
{"mapping": [0, 9, 10, 1, 6, 7, 2, 5, 8, 4, 11], "R": [[0.8089293193126849, 0.3796834315560219, -0.44885838318801674], [-0.2044420860205497, 0.8975080852094058, 0.39074629933924215], [0.5512139238262064, -0.2243205937616742, 0.8036438772208292]], "T": [-0.01100591830706404, -0.04997182391651412, -0.006627933712081445], "aligned_model": [[0.07447326583114591, -0.23312045197122017, -0.24309465103809813, -0.4773903822302082, -0.7815286511187104, -0.2361794330032405, 0.7996680082379624, 0.5885860204544735, 0.34690296982039587, 0.33375277931025127, -0.09965702052291144], [-0.6269220634399222, -0.4989838913732048, 0.6264631430297313, -0.03550133382214702, -0.0916069122165338, 0.469823589304607, -0.33298807115613016, 0.44735571582679373, -0.05144117067747532, 0.17069401532795, -0.08709380136884759], [-0.38560988087011105, 0.36278723281827, -0.4319413994389752, -0.4995257204994561, 0.17202516154976386, 0.33393868541602884, -0.13530195939522818, 0.18783134972534457, 0.3730129424346476, -0.46199894497531113, 0.02222015056013726]], "inverted": false, "swapped": false, "error_lsq": 0.05839229796455219, "error_max": 0.3133279337987488, "target": "373.xyz", "model": "15.xyz", "model_rescale": 3.769337070930944, "target_rescale": 3.7147843498716053},
{"mapping": [9, 3, 6, 8, 2, 4, 1, 5, 0, 7, 10], "R": [[0.07925854869973042, 0.9931579569712163, 0.08576336608816224], [-0.9403449177272434, 0.04593316171526945, 0.3371076687934923], [0.3308617810545008, -0.10736581001230594, 0.9375516330729978]], "T": [0.057848122988656825, 0.00033729681992836625, -0.07199714423157064], "aligned_model": [[-0.05798808309742948, -0.21259640127921015, -0.3797184197719748, -0.4992280493714468, -0.610270352137217, -0.1275248856901338, 0.7921762329198253, 0.4823042027257895, 0.12836972087895196, 0.5448497432744341, 0.012038745318251005], [-0.6891907658211097, -0.6143335811131647, 0.568454178078568, -0.06627579792984088, -0.11244522464307928, 0.5868777274492993, -0.2827956130929092, 0.5102118160989997, -0.06080633979278607, 0.16508371646803727, -0.014980896267193773], [-0.4866207170085729, 0.09677166162775339, -0.20347208247044365, -0.5687088770737758, 0.22367778584100076, 0.4072102173854738, 0.07540173191617058, 0.02758163102945943, 0.5673449195767041, -0.5688115371746244, -0.032937116324034746]], "inverted": true, "swapped": false, "error_lsq": 0.06460785590822929, "error_max": 0.40087186044069356, "target": "373.xyz", "model": "16.xyz", "model_rescale": 3.7852294659196426, "target_rescale": 3.7147843498716053},
{"mapping": [1, 4, 7, 5, 10, 9, 3, 8, 0, 2, 12], "R": [[-0.5476679192525807, 0.826880303249036, 0.12778424910892278], [-0.8041138183876656, -0.47796179362948726, -0.35348761068599266], [-0.2312159538171129, -0.2963469047067404, 0.9266702189944258]], "T": [0.001972565695019411, 0.058451244552571856, -0.0872160518557244], "aligned_model": [[0.1496230725904048, -0.2968518786395391, -0.2790873849845984, -0.43973684664181284, -0.6651649249796341, -0.023449390080992963, 0.6990341094003428, 0.42351862976817195, 0.181968471459308, 0.3635184995329743, -0.04095990365478462], [-0.41703599451118517, -0.5434009275841105, 0.28556337704206486, -0.33445244392710954, 0.21423753891155065, 0.5281429876712057, -0.32365777554044783, 0.4664360867835723, -0.2343609532388489, 0.22866621509369686, 0.11966110873443267], [-0.5629947478354108, 0.1369816275526358, -0.6879259556998905, -0.3748416717029394, 0.33694579733083824, 0.6380460911812216, -0.06285887194383985, 0.19572068246247748, 0.5023682478600777, -0.5502478245875684, -0.03375575729249089]], "inverted": true, "swapped": false, "error_lsq": 0.04496648051549401, "error_max": 0.22113380074846667, "target": "373.xyz", "model": "17.xyz", "model_rescale": 3.901054581598922, "target_rescale": 3.7147843498716053},
{"mapping": [10, 5, 12, 9, 13, 0, 4, 1, 8, 6, 14], "R": [[-0.017336549199972878, 0.9956913008427648, 0.09109488178750569], [-0.727985422471253, -0.07502293159053228, 0.6814754466632775], [0.6853733790651546, -0.05450131339339476, 0.7261493910396171]], "T": [-0.02190859616269107, 0.05905475605169673, -0.0215308137206096], "aligned_model": [[0.20373050118767833, -0.33923652180410013, -0.4939850612579131, -0.44379368106483913, -0.7352398756214935, 0.04967057328704738, 0.6641390493768793, 0.5516118317064284, 0.22316050354278733, 0.45105993089401764, -0.05870479647665241], [-0.5673555831634512, -0.43749839209532615, 0.4793355922848915, -0.31450497691702317, -0.018983230040866855, 0.6340127280524465, -0.3328542612527269, 0.41520275507386445, -0.2878907042607285, 0.3541246809742083, 0.06621061077953319], [-0.50022782937888, 0.1854088046926399, -0.41202144597129126, -0.36307981807538714, 0.09058857252843865, 0.46816732945858996, 0.014799891129435538, 0.15143875309726834, 0.4883596020336173, -0.5244823591901224, -0.06151388299919827]], "inverted": true, "swapped": false, "error_lsq": 0.043271296318283685, "error_max": 0.24717704405070784, "target": "373.xyz", "model": "18.xyz", "model_rescale": 3.9405287249114394, "target_rescale": 3.7147843498716053},
{"mapping": [7, 13, 5, 9, 11, 10, 4, 1, 12, 0, 15], "R": [[-0.749393245574557, -0.6470969533673027, -0.14026865804586142], [0.614781236842984, -0.6013496721930834, -0.5103161790293171], [0.24587353316907157, -0.46866203675572693, 0.8484704479184477]], "T": [0.07630197431520377, 0.038705866743251535, 0.02909148567648972], "aligned_model": [[0.005827701144638445, -0.26147910606800284, -0.4063881740312476, -0.50286781613773, -0.6318826625237418, -0.3656596952451392, 0.6107133401480699, 0.5132242893348725, 0.4258975550359536, 0.6278428349819607, 0.057184187130206204], [-0.46660811121601803, -0.4967681844899044, 0.44911695368093274, -0.23416738961128275, 0.02349036385870873, 0.5073612348665546, -0.4102534182425776, 0.526719292614329, -0.14197114855987558, 0.1596438367420815, 0.07323578979187237], [-0.4560030509258123, 0.25381648998858736, -0.5092723347709653, -0.39412522801723066, 0.16121343887533346, 0.47957574235497963, -0.18886511805402784, 0.1094731427063513, 0.4102447465717208, -0.36314689131317496, 0.03452667990934898]], "inverted": false, "swapped": false, "error_lsq": 0.0388568445992389, "error_max": 0.23615222228900903, "target": "373.xyz", "model": "19.xyz", "model_rescale": 4.410303926677745, "target_rescale": 3.7147843498716053},
{"mapping": [1, 8, 3, 5, 10, 11, 7, 4, 12, 2, 13], "R": [[0.781019957454392, 0.3630686515290011, -0.5081229972505208], [-0.5327477284337998, 0.8118997569791587, -0.23874388466683236], [0.3258645177164373, 0.45716511119517445, 0.8275339130206917]], "T": [0.022391691972700932, 0.09705346032450889, -0.11667852739148565], "aligned_model": [[0.22019657853774335, -0.21488984621413176, -0.40983338454087576, -0.6850923486004257, -0.7362386455869034, -0.0685048306555488, 0.4882910943834348, 0.46458762890362476, 0.40188837502096836, 0.634462142840236, -0.02245431031828205], [-0.4415800377130886, -0.5928978249247955, 0.42531642953642235, -0.3110345121743271, 0.06981716011159546, 0.5616210671116787, -0.4375776827150758, 0.5858497078027167, -0.10226243335052122, 0.19158504694551315, 0.0409622988047027], [-0.6002765762038924, 0.12564827060205983, -0.5977061793819073, -0.2955674929664829, 0.19776098649337037, 0.5637978391281855, -0.053746399767981456, 0.12956195836755285, 0.505358753944976, -0.3512894181442806, -0.08610412474648942]], "inverted": false, "swapped": false, "error_lsq": 0.04458763065262128, "error_max": 0.25160322131419344, "target": "373.xyz", "model": "20.xyz", "model_rescale": 4.121658175737393, "target_rescale": 3.7147843498716053},
{"mapping": [1, 3, 8, 5, 7, 11, 2, 10, 4, 6, 12], "R": [[-0.05053610637296921, -0.974108525969446, -0.22036034485880834], [0.35504679708770936, -0.2237518841989018, 0.9076766308521995], [-0.9334815873012272, -0.03236779187825797, 0.35716166118230963]], "T": [-0.025102462524279386, 0.05106987879474253, -0.09953918923197412], "aligned_model": [[0.13214984779056227, -0.22249155347393162, -0.20126665537514837, -0.576862975536953, -0.6014716260086155, -0.20032379963234737, 0.5887030442062975, 0.5296735100608739, 0.2959090026270393, 0.43788570066127397, -0.10949204154921123], [-0.5143339556898076, -0.4907468685064849, 0.3929398918775124, -0.11289046186591117, 0.031312903138943186, 0.3409623195537069, -0.38401028383567315, 0.5635763524546209, -0.03990130985736635, 0.2122969080962216, -0.009406275930940934], [-0.4709756990748471, 0.28790482229222947, -0.6525257839867469, -0.4636557543003295, 0.2668298992491456, 0.7127593143699035, 0.0012560795152676413, 0.09599540199399455, 0.3671593044484142, -0.526472752968531, -0.08083721421338982]], "inverted": true, "swapped": false, "error_lsq": 0.04450532086717519, "error_max": 0.23842751651428828, "target": "373.xyz", "model": "21.xyz", "model_rescale": 4.08911054899281, "target_rescale": 3.7147843498716053},
{"mapping": [11, 9, 6, 5, 10, 13, 15, 4, 14, 1, 16], "R": [[-0.2517787910305452, -0.6895173181148176, 0.6790974218821233], [0.11354911504455092, -0.7179033447051117, -0.686819762480531], [0.9611004312036264, -0.09581573816948319, 0.2590469174864674]], "T": [0.03835538428216011, 0.08715768818889416, -0.02082891412328292], "aligned_model": [[0.19114090304181863, -0.31350986865417013, -0.42076714380779534, -0.4443168818521263, -0.7598347667388556, -0.0017932841323455018, 0.5799302855540881, 0.4585807922232003, 0.21549219031820216, 0.5250848942177537, 0.042405333600069824], [-0.4407094151398828, -0.47656575403340573, 0.48577724715769555, -0.36052866223135627, 0.010099341872213258, 0.4883602020373251, -0.400452899095728, 0.5997561081054281, -0.2392019203373462, 0.19052530082076252, 0.13273967027911493], [-0.553657157311532, 0.23598684868658082, -0.45195891767113977, -0.2744693468235072, 0.06911497555758038, 0.5027688258780274, -0.04179458545574366, 0.1958405398558556, 0.5025586514693784, -0.6392202967303533, -0.007731920130036131]], "inverted": false, "swapped": false, "error_lsq": 0.04317509224963249, "error_max": 0.2147093962244939, "target": "373.xyz", "model": "22.xyz", "model_rescale": 4.204369325754507, "target_rescale": 3.7147843498716053},
{"mapping": [7, 13, 5, 9, 11, 10, 4, 1, 12, 0, 15], "R": [[-0.749393245574557, -0.6470969533673027, -0.14026865804586142], [0.614781236842984, -0.6013496721930834, -0.5103161790293171], [0.24587353316907157, -0.46866203675572693, 0.8484704479184477]], "T": [0.07630197431520377, 0.038705866743251535, 0.02909148567648972], "aligned_model": [[0.005827701144638445, -0.26147910606800284, -0.4063881740312476, -0.50286781613773, -0.6318826625237418, -0.3656596952451392, 0.6107133401480699, 0.5132242893348725, 0.4258975550359536, 0.6278428349819607, 0.057184187130206204], [-0.46660811121601803, -0.4967681844899044, 0.44911695368093274, -0.23416738961128275, 0.02349036385870873, 0.5073612348665546, -0.4102534182425776, 0.526719292614329, -0.14197114855987558, 0.1596438367420815, 0.07323578979187237], [-0.4560030509258123, 0.25381648998858736, -0.5092723347709653, -0.39412522801723066, 0.16121343887533346, 0.47957574235497963, -0.18886511805402784, 0.1094731427063513, 0.4102447465717208, -0.36314689131317496, 0.03452667990934898]], "inverted": false, "swapped": false, "error_lsq": 0.0388568445992389, "error_max": 0.23615222228900903, "target": "373.xyz", "model": "23.xyz", "model_rescale": 4.410303926677745, "target_rescale": 3.7147843498716053},
{"mapping": [14, 7, 10, 11, 1, 2, 6, 5, 12, 15, 16], "R": [[0.7646640967730918, -0.3144127362798933, -0.562524177588112], [0.35379660344254316, 0.9344083842038486, -0.04133926610467048], [0.5386248996274787, -0.16740849080779363, 0.8257467012993425]], "T": [-0.02889574019320786, 0.028739165637970458, -0.10789865539447674], "aligned_model": [[0.22208532288828228, -0.3461223171083695, -0.45613994317642276, -0.43128050355729114, -0.8466294446842956, -0.0013456494313591368, 0.6629484437398452, 0.4704117009306749, 0.3775358431661887, 0.5277557444678841, -0.10680674346529712], [-0.39828006741548033, -0.4403673173694817, 0.40159406165925116, -0.297467462734531, -0.004910598261837408, 0.6476470365580168, -0.2824532247343171, 0.317414660692467, -0.1884568197751933, 0.1430564914044873, 0.09202245941143947], [-0.5692153260140884, 0.24029281948876308, -0.4276259826685342, -0.47176294936825774, 0.15000565146972955, 0.5622416217047355, -0.05881697762988902, 0.14302079626540182, 0.5507477647370503, -0.5396217894618364, -0.041828011197964074]], "inverted": true, "swapped": false, "error_lsq": 0.04277156060876522, "error_max": 0.19209146335389898, "target": "373.xyz", "model": "24.xyz", "model_rescale": 4.28219845311461, "target_rescale": 3.7147843498716053},
{"mapping": [9, 12, 8, 11, 14, 2, 7, 4, 13, 3, 15], "R": [[0.6431849503265981, -0.4845341236014138, -0.5929079209617472], [-0.4695959704493037, 0.36200486997868186, -0.8052528166045086], [0.6048080226081236, 0.7963536633792349, 0.005300812326816372]], "T": [-0.03995370794986666, 0.10552625400917576, -0.11367284945973491], "aligned_model": [[0.17746256647039615, -0.3248403052215859, -0.44310121878639486, -0.4325739288835614, -0.6657439830312968, -0.11980979533018749, 0.6301795935574509, 0.5749003080473734, 0.11658256931361241, 0.5841767096153305, -0.024820061981296753], [-0.4524956450371214, -0.5537310240902309, 0.45495943808754874, -0.23951944170434897, 0.03063600873789979, 0.3955094057316168, -0.26201920242632665, 0.4520871552716462, -0.1957670326264047, 0.18502348645129252, 0.17511607103924942], [-0.4270662247580118, 0.14831831107994228, -0.5578739202598685, -0.26621760103166175, 0.31402167665831704, 0.5013985296608887, 0.032538304064015755, 0.07737335896618988, 0.37380556674535803, -0.5655431370022564, -0.09331724679780215]], "inverted": false, "swapped": false, "error_lsq": 0.04362948412706134, "error_max": 0.22148429728197597, "target": "373.xyz", "model": "25.xyz", "model_rescale": 4.100010024507729, "target_rescale": 3.7147843498716053},
{"mapping": [7, 8, 2, 3, 1, 0, 9, 4, 10, 5, 11], "R": [[0.27762611792846414, -0.9386844034812184, 0.20443906012570112], [0.478035913272293, -0.049606866565815234, -0.8769383241776165], [0.8333099088969813, 0.3411901954198434, 0.43495269430533917]], "T": [-0.053308748294604705, 0.08294744606697003, -0.057631073939081075], "aligned_model": [[0.14846482317025028, -0.28209182283535894, -0.49262712324721586, -0.5615129176867006, -0.6940026294101883, -0.14576456363332468, 0.6203494167129868, 0.6917801667710776, 0.20886836280167725, 0.5072333009617664, 0.0717154401648697], [-0.3747868852468701, -0.43590764257042214, 0.3467114595313953, -0.4329594195684201, 0.18952857736673756, 0.38387595634605093, -0.3848170688050495, 0.5125080880544032, -0.1850698721748169, 0.29675324871893227, 0.07396277778287995], [-0.5140551689322579, 0.1775402056712868, -0.5916584112681853, -0.42319947335908403, 0.22039476462653496, 0.6313779462087815, 0.024173189299791474, 0.10410866679842212, 0.4662317345081124, -0.5095888818032092, -0.047886954425082326]], "inverted": true, "swapped": false, "error_lsq": 0.04329972648708942, "error_max": 0.23421355117452364, "target": "373.xyz", "model": "26.xyz", "model_rescale": 3.6694154284099745, "target_rescale": 3.7147843498716053},
{"mapping": [5, 7, 10, 8, 9, 12, 1, 2, 6, 0, 13], "R": [[0.3866887036592002, 0.7628509978000602, 0.5181989980864684], [0.3307074091434751, 0.40983150605101465, -0.8501004329992823], [-0.86087423936367, 0.5000964824945378, -0.09380326325140818]], "T": [-0.07833249773502368, 0.03601243933004973, -0.07748646824969505], "aligned_model": [[0.2294687963531389, -0.26464707830848616, -0.4121494643247203, -0.5140677004612423, -0.6931381356260725, -0.07727482785644707, 0.6267544386591097, 0.324586034065272, 0.40519216303631134, 0.4911396666219616, -0.04345143838898557], [-0.5727426298451131, -0.5487937008532214, 0.46577274352321707, -0.11465641797827743, 0.08295592217143834, 0.3901906912777303, -0.47084795737158447, 0.5823592987470019, 0.043187101455402124, 0.051028455768882056, 0.08134571253934536], [-0.47830329528212534, 0.06185907415522904, -0.33392950997492155, -0.5199691469757591, 0.21350128494011458, 0.6326469421311731, 0.0824872923410532, -0.04155024501449813, 0.40969199848887483, -0.4127614545013103, -0.07623532298271964]], "inverted": true, "swapped": false, "error_lsq": 0.0571784022763741, "error_max": 0.283957469569394, "target": "373.xyz", "model": "27.xyz", "model_rescale": 4.103607728864725, "target_rescale": 3.7147843498716053},
{"mapping": [7, 4, 0, 1, 2, 12, 11, 10, 13, 6, 14], "R": [[-0.1908547178843253, -0.1702657482427803, 0.9667388745864218], [-0.7402035164208243, -0.6218815922983296, -0.25566000750751233], [0.6447272531385204, -0.7643774330367301, -0.007342269719776029]], "T": [0.14315949114376147, 0.1190124200619948, -0.08626190762233008], "aligned_model": [[0.16926653626698315, -0.396511011020497, -0.4164880304321916, -0.5838672256923337, -0.5288518311488845, -0.1676801506786776, 0.7188323800233141, 0.43881595876232027, 0.2229537830543589, 0.6197748665844247, -0.0038328219489766335], [-0.4420768588328526, -0.4792202667760746, 0.36114208949138127, -0.21933619295989665, 0.10995390405046077, 0.38692289723723305, -0.24714753603617584, 0.5273360372993878, -0.21778130511034394, 0.11167101417429152, 0.09833543689741006], [-0.5385654438317852, 0.32904844455637394, -0.45755642112550077, -0.48602834086499225, 0.2131365429919639, 0.6679902454512756, -0.005090206774412354, -0.011199579739167603, 0.46152946746195034, -0.503456287384351, -0.1323708034162438]], "inverted": false, "swapped": false, "error_lsq": 0.04434178365876972, "error_max": 0.1845654430898073, "target": "373.xyz", "model": "28.xyz", "model_rescale": 4.137296879288765, "target_rescale": 3.7147843498716053},
{"mapping": [2, 4, 7, 3, 8, 9, 5, 0, 6, 1, 10], "R": [[-0.865860351041352, 0.4122286281436855, 0.28346677165643575], [-0.033560960668029965, 0.5174720790374235, -0.8550417003490095], [-0.49915880680759883, -0.7498601239934429, -0.4342237672340755]], "T": [-0.018881577595337967, 0.009692531710177631, -0.03891923483639995], "aligned_model": [[0.16737844131748317, -0.1952957405418235, -0.22454515799344785, -0.5162776442133132, -0.7181164067950881, -0.21575512764757018, 0.5605712874594025, 0.4906553466725531, 0.32523404132689443, 0.4450403311471807, -0.04647691696243118], [-0.4789777081710786, -0.5993532177828381, 0.5708424371449927, -0.36743840788535054, 0.17984148857760895, 0.496339199939249, -0.3262158575564002, 0.4763989313016475, -0.19490207726223116, 0.24482130723685616, -0.011556876107634813], [-0.6208364781581123, 0.4055706760891465, -0.43493122961963726, -0.31503177036379815, -0.01715081535522709, 0.5400540303842415, -0.10672836867446003, 0.07543810753901076, 0.5576319446529897, -0.5833913529451837, 0.03681287377614086]], "inverted": true, "swapped": false, "error_lsq": 0.051697551632091804, "error_max": 0.2879423198131832, "target": "373.xyz", "model": "29.xyz", "model_rescale": 3.607286011436655, "target_rescale": 3.7147843498716053},
{"mapping": [7, 13, 0, 2, 1, 9, 5, 8, 11, 4, 14], "R": [[-0.6622946682713861, 0.7485761533835217, 0.03161510659202578], [-0.7358120521762331, -0.6418887402532846, -0.21577643293059565], [-0.14123171121067402, -0.16617035752980067, 0.9759308459245066]], "T": [0.11662036855063718, -0.0361550277160581, -0.013063136363616126], "aligned_model": [[0.07956176930256591, -0.2487768609055741, -0.5106589720317989, -0.5443002001228161, -0.5743077526787178, -0.14372513974742873, 0.7421507641919198, 0.5014844273460809, 0.08035630371351819, 0.6449517304263135, 0.045676384275776805], [-0.6018781347234022, -0.6317904185266583, 0.4955061881438512, -0.27795438456055077, 0.07920428791691389, 0.6033945794806943, -0.38404533530995055, 0.4924076794579733, -0.09321662521850493, 0.24286887631620868, 0.06530250645824609], [-0.5401997324724224, 0.20510622049305105, -0.469695552572448, -0.4065813903559859, 0.20432273816957702, 0.3580888866017612, -0.2741862636319902, 0.18097318528091555, 0.5699977135046586, -0.3870432464489525, 0.09665505875694619]], "inverted": false, "swapped": false, "error_lsq": 0.04773839289448716, "error_max": 0.24600167370250267, "target": "373.xyz", "model": "30.xyz", "model_rescale": 3.964800864290218, "target_rescale": 3.7147843498716053},
