[{"mapping": [9, 7, 3, 5, 8, 4, 6, 10, 1, 0, 2, 12], "R": [[-0.677848901819173, 0.06656992595477412, 0.7321812011113895], [0.7011407765171119, 0.35814617605577864, 0.6165492097810233], [-0.22118426211537393, 0.9312893006660169, -0.2894438817067627]], "T": [-0.05301726518957758, -0.08721038396115671, 0.018905253307138353], "aligned_model": [[-0.19151976410978241, 0.016814749064236946, 0.4984761529940733, -0.39247793792787006, 0.056119932758389314, -0.5621615132079416, 0.4769343696051786, -0.2310906493311805, 0.5152563938037871, 0.2101028955615438, -0.44774797495798796, -0.11106419179189748], [-0.30927800852036547, -0.6951170440767049, -0.1912477329857919, 0.44507834940968855, 0.4786223436932177, -0.5110377110116072, -0.3926154161160263, -0.3951793747768941, 0.19918945959331175, 0.34031797929364066, 0.193711839808894, -0.10888964833430552], [-0.5972157499715188, 0.11437879405163363, -0.5319955692928251, -0.2063918034111503, -0.6596821683866283, -0.011882571198271491, 0.4633334203787596, 0.6300569829464957, -0.06083802388125964, 0.5471043118629212, 0.4924001102583695, 0.0026840119970364465]], "inverted": true, "swapped": true, "error_lsq": 0.0550693178280911, "error_max": 0.39108128527987246, "target": "374.xyz", "model": "0.xyz", "model_rescale": 3.751011558992144, "target_rescale": 4.002175975797333},
{"mapping": [11, 10, 12, 4, 0, 13, 6, 1, 5, 8, 7, 2, 14], "R": [[0.298442117796525, -0.9543461811019107, -0.012476736004427252], [-0.8970449130445912, -0.27601057375526156, -0.345150093663776], [0.3259489627318165, 0.11419951747485804, -0.9384645672067554]], "T": [-0.06959025346145856, 0.05632904312714357, -0.025002563593619024], "aligned_model": [[0.08493208664737018, 0.1681485785377972, -0.35971395180731536, 0.5172340948372052, -0.033681492913363094, -0.7917036016488301, 0.5527943296360779, 0.49110415924310236, -0.500897364597057, -0.014854549820342206, 0.18126575554292249, -0.6314041778530927, -0.09378856621265447], [-0.66724153278467, -0.010457678405515508, -0.5972877347348885, 0.45853067939251024, 0.24143922546477234, -0.021476012691078072, -0.3632803420534162, 0.21396871494693676, 0.35781356185259205, 0.7133297718374317, -0.3452705718091581, 0.5712093658866243, 0.0084923791994405], [-0.32383271101622096, -0.8069702929248298, 0.17646319387545642, -0.37061072023798775, 0.7098098613219608, -0.025942754705069255, -0.00793974257717341, 0.35769452140477975, -0.3614060532431312, -0.10097820022099505, 0.43918062850477263, 0.2959358566412797, -0.03640026896052473]], "inverted": false, "swapped": false, "error_lsq": 0.044290655738352544, "error_max": 0.27293229524853857, "target": "374.xyz", "model": "1.xyz", "model_rescale": 3.9405287249114394, "target_rescale": 4.002175975797333},
{"mapping": [10, 3, 11, 4, 5, 6, 8, 2, 7, 1, 9, 0, 12], "R": [[-0.03274329201936388, 0.6215567100640176, 0.7826845680107215], [-0.3035881035797506, -0.7522891292741074, 0.5847181623148509], [0.9522405894481634, -0.21846812616581024, 0.21332964551841904]], "T": [-0.05091463188625967, 0.091233937417029, -0.030198623697006495], "aligned_model": [[0.10656564884678038, -0.06960282551336683, -0.42198922976675385, 0.4406053372153325, -0.0980571201575445, -0.5884080629155775, 0.6096363195142026, 0.2312793284526229, -0.3655350701170077, 0.008504671080180208, 0.3162380851453173, -0.6116849635724996, 0.011883181380134188], [-0.7066062101262254, -0.14802569279359867, -0.42218266484126055, 0.3393025401243706, -0.004903021435873692, 0.079429618536923, -0.28827855807693603, 0.41076537340781416, 0.3644623706561675, 0.880972695142408, -0.5602640063204316, 0.47924462522910255, 0.13585275659912138], [-0.2541141869363035, -0.549048562830973, 0.2958708847985987, -0.46444027325173, 0.6885583250129562, -0.10967920651779675, -0.1727906167318527, 0.5012483234986047, -0.7049356511923996, -0.02730495135486353, 0.27167952849730287, 0.45756600142456294, 0.012393703446210637]], "inverted": true, "swapped": false, "error_lsq": 0.058949761880448065, "error_max": 0.417140811847273, "target": "374.xyz", "model": "2.xyz", "model_rescale": 3.932901565614263, "target_rescale": 4.002175975797333},
{"mapping": [2, 5, 1, 9, 3, 10, 4, 7, 12, 8, 0, 11, 13], "R": [[-0.9451657094542356, -0.31021641336545946, -0.1021154177905654], [-0.23064508218179672, 0.4126590317542722, 0.8812010948568882], [-0.2312241936675822, 0.8564334769205935, -0.4615810566655432]], "T": [-0.04445523546090899, 0.050093702041786314, 0.05618535013278846], "aligned_model": [[0.01059384932750125, 0.2566167541448009, -0.4932581473098292, 0.17828598390108533, 0.0018853229071585445, -0.6900723040199591, 0.5934155497553999, 0.6276065190459619, -0.290966421103244, -0.0005970004302174522, 0.19200112643520023, -0.739837953198356, -0.07623797986368237], [-0.7713176092484987, 0.07345965512034977, -0.47657790405138245, 0.6347586367935912, 0.14805430288535307, 0.030880095549435216, -0.5120396370323442, 0.29034664241888, 0.24747442695741317, 0.7216032394297117, -0.4318365072795547, 0.5472942395943938, 0.0576702449642333], [-0.07208354370602355, -0.59620209224042, 0.3206878767054579, -0.3289720237517636, 0.5551259792799065, -0.2535804943562515, -0.1446961448006009, 0.03736859917920279, -0.6390864635807596, 0.34933739591953655, 0.4571616479427105, 0.3149191896221534, -0.05497660835083113]], "inverted": false, "swapped": false, "error_lsq": 0.05840450541120246, "error_max": 0.3792712024566173, "target": "374.xyz", "model": "3.xyz", "model_rescale": 3.9243930471874484, "target_rescale": 4.002175975797333},
{"mapping": [7, 4, 1, 3, 5, 9, 2, 0, 10, 6, 0, 11, 12], "R": [[0.5726439650147874, -0.7403567596936503, -0.3520664109341618], [-0.14489365082929834, -0.5140929053900005, 0.845407780054706], [-0.8068982087484771, -0.43310547561025725, -0.4016651935566642]], "T": [-0.20494440292802404, 0.08662209246187903, -0.12669510129990727], "aligned_model": [[0.018021348880510518, 0.09736704217993061, -0.21013146383173972, 0.39684601225771776, -0.04574778004697788, -0.8768201398876125, 0.6028218389067579, 0.44553937108464226, -0.3563111316776417, -0.014176702029489258, 0.44553937108464226, -0.77276302088725, -0.16074944644167027], [-0.6585641442748833, -0.11097913135561503, -0.46462358654618063, 0.3720370810183261, 0.20022564412565574, -0.09296394216067076, -0.35365826395065586, -0.13083823291826524, 0.5437575065003911, 0.719981147281317, -0.13083823291826524, 0.5877950331963812, 0.07843894810404589], [-0.32138075822083656, -0.5977883149451956, 0.32746521814313856, -0.22333852250678465, 0.6049972986110996, -0.008292221138851752, -0.19656209367071145, 0.37620073283713606, -0.6417126215634323, 0.16309880255044326, 0.37620073283713606, 0.10252484103043205, -0.016409776101255907]], "inverted": false, "swapped": false, "error_lsq": 0.060962634632927365, "error_max": 0.40109511337152476, "target": "374.xyz", "model": "4.xyz", "model_rescale": 3.8936222436046832, "target_rescale": 4.002175975797333},
{"mapping": [11, 5, 9, 4, 3, 1, 0, 6, 10, 2, 7, 12], "R": [[-0.10369984529850204, 0.3623752856164302, -0.9262453748653632], [-0.951993687706516, -0.305838477731044, -0.013070734719431043], [-0.28801798668141343, 0.8804243169708388, 0.37669438731472615]], "T": [-0.12125519635813115, -0.035074983454249656, -0.004737435998246706], "aligned_model": [[-0.06340765206760385, -0.3382885374391589, -0.31349722800252017, 0.3744616699665594, -0.7359677140034571, -0.6503216173191322, -0.16262709223261174, 0.005684008026492826, 0.5251081956864352, 0.2623756971335512, 0.2104498812725174, -0.08642156880597511], [-0.4906813101357795, -0.6459805664257996, 0.09745443151683068, -0.013485094208764425, 0.4248037706297859, 0.09540264494344396, -0.2460232715339663, 0.49949056074176634, 0.05405056529075958, -0.5318981625077999, 0.47842208406415543, -0.052632747264824475], [-0.851642896249566, -0.17507388344503771, -0.6320977935299216, -0.4447420083679977, -0.17532620709862512, 0.33346830441682485, 0.6915356080212853, 0.5146501667825745, 0.2679023778045577, 0.25005870784099515, -0.10390758137436425, -0.05554007552520727]], "inverted": true, "swapped": true, "error_lsq": 0.04605269887803363, "error_max": 0.27453482352695957, "target": "374.xyz", "model": "5.xyz", "model_rescale": 3.6523030999806103, "target_rescale": 4.002175975797333},
{"mapping": [2, 4, 1, 11, 5, 6, 3, 7, 10, 9, 0, 8, 12], "R": [[-0.8211260462882709, 0.558980995913362, 0.11529207394569105], [0.24607857449177983, 0.16446937471451395, 0.9551937813643421], [0.5149731558859028, 0.8127054023376017, -0.2726033340371884]], "T": [-0.10523408748634526, 0.08112246622367852, -0.0057944802048174315], "aligned_model": [[-0.21426354443801054, 0.12201844552375322, -0.3052266188317244, 0.5383036859999425, -0.050027752243273604, -0.737284912915038, 0.47401898700062334, 0.49477460797739065, -0.403878251695336, -0.14224721699110504, 0.37568575778264063, -0.5554299771752049, -0.027007910402837995], [-0.5425693670483769, -0.07581233548342314, -0.5373460673383352, 0.5004594531424221, 0.10343244884119185, 0.006365733887295305, -0.29929164554145377, 0.32270140720993945, 0.35958397109427126, 0.798334484471152, -0.5396593157467113, 0.40362282550006356, 0.0599482331135458], [-0.4245219677616838, -0.5086457068917614, 0.23889823810359956, -0.4354276128182131, 0.6727024285658713, -0.1382620125189818, 0.04311034793433102, 0.21431285801234984, -0.6705830895808441, -0.08885966127541746, 0.6029006915345508, 0.37763775871146044, 0.0617410458470562]], "inverted": true, "swapped": false, "error_lsq": 0.04982619057105529, "error_max": 0.27026548572685943, "target": "374.xyz", "model": "6.xyz", "model_rescale": 4.08911054899281, "target_rescale": 4.002175975797333},
{"mapping": [4, 8, 5, 9, 13, 6, 10, 11, 0, 1, 12, 2, 14], "R": [[-0.4461461937229935, -0.03727300366557133, 0.8941835924597542], [0.42475465818515873, -0.888252576789267, 0.17490237327502664], [0.7877417433248631, 0.45784067427979147, 0.4121223881306763]], "T": [-0.06410634819950578, -0.011148949036900932, 0.011937142953616822], "aligned_model": [[-0.21560154670309942, 0.3166905304474336, -0.18039239791861594, 0.31030137387381973, -0.061583964937128144, -0.5333839638816302, 0.5091827019882953, 0.4652419091469526, -0.5950989909048869, -0.045395837218421164, 0.23386138732442213, -0.668788867669535, 0.03440296604421347], [-0.5434036215030115, -0.20685271763105034, -0.7435338384043401, 0.47025467935011633, 0.2579690884981812, 0.0154249335127421, -0.44587890683943293, 0.1610258005831509, 0.5778888434402318, 0.7203296475164892, -0.26546160537802704, 0.4557696689873189, 0.10623785396921268], [-0.4246446456846692, -0.5189514945738591, 0.18684042494196818, -0.4806343870148424, 0.6927187832815324, -0.1560370057699696, 0.052241326678894515, 0.19815567316663513, -0.4937677863582406, 0.06228630797653063, 0.6073716224915926, 0.26978515648287604, -0.05036065775613196]], "inverted": false, "swapped": false, "error_lsq": 0.05267155893240531, "error_max": 0.2977256536745029, "target": "374.xyz", "model": "7.xyz", "model_rescale": 3.964800864290218, "target_rescale": 4.002175975797333},
{"mapping": [12, 2, 9, 0, 10, 8, 4, 6, 1, 3, 11, 5, 13], "R": [[-0.25068579760539966, 0.8431246731115422, -0.47570728023596615], [-0.6996065998206161, -0.49742867005351693, -0.5129476812465631], [-0.6691092858168843, 0.2042192542326623, 0.7145538886845935]], "T": [-0.008407311104205395, 0.061328114641527515, -0.07949831398462685], "aligned_model": [[-0.11642872847544636, 0.31622960227559843, -0.35274523287610865, 0.2999525522255072, -0.329120029324549, -0.7565245488253594, 0.5805150233778937, 0.5057173205005139, -0.39711546727086594, 0.18850845224483137, 0.331232166164623, -0.6215843750758223, -0.07920143534899585], [-0.6811662845337865, -0.009063141617940501, -0.39628283868781655, 0.6117585671904712, 0.13597665123142003, -0.10422934689335744, -0.31692169491983757, 0.14914284764768243, 0.34539456568639637, 0.7161185396455018, -0.45258663174684177, 0.5114090993116925, 0.05021949378799766], [-0.16729568223087266, -0.6524421797058155, 0.3024445322783051, -0.4187620522720974, 0.673299774060194, -0.01649905238676079, -0.15154663477552174, 0.17441162875670835, -0.6551128654795338, 0.16223785867099344, 0.4751817590474005, 0.2676496637220893, -0.04856343182277137]], "inverted": false, "swapped": false, "error_lsq": 0.04912470689989493, "error_max": 0.28935554312388034, "target": "374.xyz", "model": "8.xyz", "model_rescale": 4.121658175737393, "target_rescale": 4.002175975797333},
{"mapping": [7, 11, 9, 3, 1, 5, 8, 2, 10, 0, 6, 4, 12], "R": [[-0.8478517978417482, -0.14535044953011145, 0.5099221271114933], [0.5032755028222726, -0.5233407842517104, 0.6876250372098108], [0.1669164376432236, 0.8396354389615767, 0.5168667453844333]], "T": [-0.01935806248166167, 0.0006184924687456517, -0.047504829675312665], "aligned_model": [[-0.16425812079670685, 0.247929661460151, -0.5007538618459, 0.40434148887386584, 0.060929375984719474, -0.6048240513474515, 0.5814429959249514, 0.5425377996030748, -0.24915840222591987, -0.27995579398455256, 0.15058675853681985, -0.6057172560767383, -0.013665294514493657], [-0.5836019762198926, -0.14746758724599454, -0.5573744374482387, 0.5115632216685423, 0.3394599946566108, 0.09118138081190666, -0.4078148027435897, 0.361884911868085, 0.3859198038536439, 0.7239531426818092, -0.40514618569397476, 0.2055480909703339, 0.04166426894233977], [-0.3523020202442705, -0.6039757275470963, 0.3399119892059441, -0.4742344458892489, 0.5471985243871215, -0.2228497623426803, 0.005160807193393388, 0.1425111308262125, -0.6600532227789647, 0.11892848807978851, 0.4878976673850516, 0.586777972758455, 0.03003191682861124]], "inverted": true, "swapped": false, "error_lsq": 0.057498024140742524, "error_max": 0.4438919959041074, "target": "374.xyz", "model": "9.xyz", "model_rescale": 3.833441315466971, "target_rescale": 4.002175975797333},
{"mapping": [11, 12, 8, 6, 2, 0, 7, 3, 1, 5, 9, 13, 14], "R": [[-0.29111005404826445, 0.8011207500629214, -0.5229344894445562], [-0.7362617892109278, -0.5366336902761821, -0.4122412645629864], [-0.6108792959169103, 0.26500910603069605, 0.746054059395746]], "T": [-0.03291714085668686, 0.03765946703925555, -0.10912153055759222], "aligned_model": [[0.0802841550110046, -0.08130719158333012, -0.24123512201744984, 0.34190127102226103, -0.07269212584985892, -0.6629623903467214, 0.4916246990089166, 0.6304923937280248, -0.30676102983660924, -0.2057089432956719, 0.19229483303562128, -0.614983396435132, 0.018488147150765147], [-0.604690375487609, -0.07861284706870741, -0.5892119599730437, 0.36232977592613425, 0.20676485574048412, 0.2599024870658343, -0.3633887919174315, 0.17371433058274652, 0.5200452865938014, 0.6457625296372712, -0.30136404716684734, 0.308706916287271, 0.01981166588167728], [-0.30889447032461465, -0.6983237108602662, 0.30463588036988304, -0.5731580772742896, 0.5883536109411095, -0.24131073340022957, -0.0200702588090447, 0.43466033129133896, -0.59689440646898, 0.13127160523420048, 0.592485731494041, 0.3635503384886706, -0.03130252281950177]], "inverted": false, "swapped": false, "error_lsq": 0.05062570582691939, "error_max": 0.2823881512712206, "target": "374.xyz", "model": "10.xyz", "model_rescale": 4.2482417240324, "target_rescale": 4.002175975797333},
{"mapping": [3, 9, 4, 5, 6, 10, 7, 2, 5, 0, 1, 12], "R": [[-0.7727153906331243, -0.27293798115295337, 0.5730757223289504], [0.4316095387844701, -0.8879231959264964, 0.15907735277510082], [0.4654289753646148, 0.37026646699347066, 0.8039145553547453]], "T": [-0.018388301038938196, 0.02251754762508628, -0.030001699305940505], "aligned_model": [[-0.6956657262639715, -0.1073046300326192, 0.3237051392588436, 0.39189597601067483, -0.48538616322120204, 0.21049025241642388, -0.23319649989201474, 0.5451906367784826, 0.39189597601067483, -0.007870998535574422, -0.4820595153196025, 0.025071155152891496], [-0.3726720873392216, -0.5883607848654113, -0.09200258117757895, -0.3195227924665437, 0.6028117645502753, 0.5979540373394299, 0.18166975573579297, 0.3649894129074814, -0.3195227924665437, 0.5605706442916613, 0.05526831475665906, -0.005051501215361437], [-0.08984247412214681, 0.22888748953269536, 0.52647163948662, -0.4349693838577762, 0.09964776306922486, 0.3113909194752804, 0.5286307621289995, -0.18498173331043824, -0.4349693838577762, -0.521321572052606, -0.47187861027806227, 0.00812687364034213]], "inverted": false, "swapped": true, "error_lsq": 0.0512332692170582, "error_max": 0.3923328921508188, "target": "374.xyz", "model": "11.xyz", "model_rescale": 3.6694154284099745, "target_rescale": 4.002175975797333},
{"mapping": [8, 2, 9, 1, 6, 10, 3, 4, 12, 0, 11, 5, 13], "R": [[-0.7894856978827298, -0.16221463767401434, 0.5919448827069186], [0.43897247787903715, 0.5248281843085782, 0.7292863227979115], [-0.4289702746151039, 0.8356086334401108, -0.34313658390937146]], "T": [-0.14815244746243436, 0.06279956683258944, 0.05120261087757633], "aligned_model": [[0.13027357016984356, 0.01994962625669014, -0.45668735929196347, 0.39536430315702387, -0.13846665253987744, -0.6024341945756048, 0.6199406601360054, 0.5581378635603953, -0.45846351113232964, 0.12228209330398584, 0.0848714296477315, -0.6327121708413219, -0.0726203582587588], [-0.6076757329737786, -0.10485381480246683, -0.666662095886743, 0.403803895015557, 0.23393472858803888, -0.19113617257538199, -0.17603714715756077, 0.13846219603671153, 0.4432401355130148, 0.7142062418189835, -0.41679711084871596, 0.6306905135807794, 0.15859418979314338], [-0.16219766177004963, -0.5570305761732268, 0.18302885141860298, -0.5008653958553901, 0.590158801343299, -0.3130411561241045, -0.25578094358988984, 0.25882682152625375, -0.4186276965022923, 0.16640837188406535, 0.5618057330386876, 0.3466218715176069, 0.04569629714875472]], "inverted": true, "swapped": false, "error_lsq": 0.05088713928650574, "error_max": 0.29173581912629704, "target": "374.xyz", "model": "12.xyz", "model_rescale": 3.9764082729961374, "target_rescale": 4.002175975797333},
{"mapping": [7, 4, 2, 6, 10, 9, 3, 11, 5, 13, 8, 12, 15], "R": [[0.24340641048360043, -0.7226428423234025, -0.6469471707753606], [-0.816040474049779, 0.2079394051202562, -0.539295047734398], [0.5242435159809814, 0.6592029476853002, -0.5390920234198521]], "T": [-0.08361102930175818, 0.0848290750472843, -0.028360080631441506], "aligned_model": [[0.04581620148210774, -0.0019424241328634406, -0.35693348581542245, 0.2442196972996043, -0.10261586727215855, -0.6735349110932725, 0.6460637229208068, 0.4927030182854309, -0.5460685170836541, 0.10581869960735135, 0.17037638345917322, -0.44909361297708184, -0.005373605088201325], [-0.6008132191600575, -0.11185396234401652, -0.6240383777011943, 0.5711496633143366, 0.16452070950152087, 0.07738683201020814, -0.3283045932270784, 0.19010053448581937, 0.3576766511412287, 0.6508388696044564, -0.3391635073492855, 0.506304381329512, 0.045965844496131156], [-0.3184926972892439, -0.7142972085896294, 0.21466519193365452, -0.5179293870864549, 0.7712866904431354, -0.14426328692113288, 0.044706843627890694, 0.507666725723206, -0.6721855057653323, 0.10665783098649222, 0.47698487173302534, 0.28146984396039093, -0.09126659489368445]], "inverted": true, "swapped": false, "error_lsq": 0.04124372476155569, "error_max": 0.251071019580385, "target": "374.xyz", "model": "13.xyz", "model_rescale": 4.170626492500431, "target_rescale": 4.002175975797333},
{"mapping": [7, 0, 10, 2, 11, 12, 1, 3, 4, 6, 9, 5, 13], "R": [[0.42928570817516865, 0.8126704975376607, 0.39405639594915226], [0.6512576194771512, -0.5808264055249373, 0.4883689176410957], [0.6257613713145757, 0.04698243370529229, -0.7785983284682993]], "T": [-0.024702407414566835, 0.029532067597543954, -0.10193057997204535], "aligned_model": [[0.008616598471565914, 0.31788468851511487, -0.3092145873300829, 0.27586531071218445, -0.1001287322028815, -0.7483397423049764, 0.589360080304824, 0.5145596178038122, -0.44521764668644437, -0.043167688163445975, 0.1843132466738775, -0.6197514830349237, -0.055344363166804224], [-0.7221773875090023, -0.1581746821102082, -0.4067379926596614, 0.46909512523199454, 0.16375553557843295, 0.01454332451661855, -0.4291796614082269, 0.30053471802152737, 0.33463760032986223, 0.7989384052199506, -0.4448725824410255, 0.5553789240697018, 0.08402849926161746], [-0.40401093656443754, -0.5527727522945787, 0.11497852305898157, -0.4884218896019965, 0.5879640361130902, 0.006837367143509826, -0.04426533269298342, 0.23157749496832547, -0.5847770131464705, 0.23742496818272896, 0.5206118867172889, 0.3414896603169332, -0.021632694338074285]], "inverted": true, "swapped": false, "error_lsq": 0.03955982748070526, "error_max": 0.22597834120113444, "target": "374.xyz", "model": "14.xyz", "model_rescale": 3.9786697098870705, "target_rescale": 4.002175975797333},
{"mapping": [0, 5, 6, 10, 1, 3, 11, 9, 7, 4, 8, 12], "R": [[0.9579964153196951, -0.0889250157739607, 0.2726448418808168], [0.2785976625354637, 0.5140624773864007, -0.8112478732009919], [-0.06801625294288585, 0.8531307701126233, 0.5172443121220882]], "T": [0.06088993182032282, -0.06400100177161955, -0.09189822910280972], "aligned_model": [[0.032716289299251196, -0.6080268631024397, 0.7151719248267954, 0.45690882668634075, 0.058647601978593505, 0.19041582868790013, -0.5346428075907961, -0.05300169409699651, 0.6195343838301786, 0.15981207149755497, -0.6000755133522171, 0.0458945481031716], [-0.15976159095053705, -0.10698305595194994, 0.006116967417447938, -0.6329168046249247, 0.4479760173544692, 0.6954391400631812, -0.2476711200197531, 0.20717312085645784, -0.14735807472278556, -0.4762462184537721, 0.5284036042209495, -0.09949749496434428], [-0.8137313963010476, -0.08675310868682165, -0.4642366619808458, -0.23177428229906766, -0.47815373520482285, 0.0660074061476935, 0.642797875316144, 0.5094297641990257, 0.1620903321307598, 0.41807593709294416, -0.023050893436330724, -0.04073474310380066]], "inverted": false, "swapped": true, "error_lsq": 0.05883274935290059, "error_max": 0.34792786513280394, "target": "374.xyz", "model": "15.xyz", "model_rescale": 3.769337070930944, "target_rescale": 4.002175975797333},
{"mapping": [2, 11, 0, 5, 10, 4, 6, 9, 1, 8, 12], "R": [[0.9578359386935524, 0.09255000525368215, 0.27200149094184245], [0.24493379177285626, -0.7579059532300922, -0.6046370842961558], [0.1501923839441031, 0.6457654857499967, -0.748618183868959]], "T": [0.10018719062682624, 0.08175259159103684, 0.004710252014535194], "aligned_model": [[-0.22335782535546717, -0.3892505662630278, -0.04802495174876509, -0.560950041795856, 0.4147286953160926, 0.23761656570425965, 0.6927436626400906, 0.10650331826259749, 0.08631168156542271, -0.4837095135642048, 0.09001510593002823], [0.23127944719262775, -0.748076366330296, 0.7661980426784267, -0.022308482981006877, 0.17637660858736773, -0.4721357747808005, 0.5467753405032728, -0.47490122639313803, 0.5450238792900575, 0.024076895831581874, 0.02375613402724936], [-0.5713863984603387, 0.007337916757990965, -0.19672100469219958, 0.04202593824412017, -0.6215256486811814, -0.33311544719506386, -0.06061994807006264, 0.37646110436182995, 0.44800022076236845, 0.6742598360598335, -0.020498961863519738]], "inverted": false, "swapped": true, "error_lsq": 0.0528971944731784, "error_max": 0.34248887987324805, "target": "374.xyz", "model": "16.xyz", "model_rescale": 3.7852294659196426, "target_rescale": 4.002175975797333},
{"mapping": [4, 5, 0, 7, 8, 10, 1, 2, 6, 11, 3, 9, 12], "R": [[0.10378103950347806, 0.7414513130942815, -0.66293245971995], [-0.6101554792116957, -0.4789112249580759, -0.631153174591637], [-0.7854551464135451, 0.46999360519045436, 0.4026986764971492]], "T": [0.010737785525732832, 0.013037350161692964, 0.03920727080966029], "aligned_model": [[-0.2000653220302946, 0.12920380572301066, -0.3506880647791014, 0.3474238546202066, -0.11628182588899301, -0.6994964723878964, 0.5853605003930311, 0.5438840980853501, -0.23244969595148063, -0.04677503437837656, 0.39629052814303983, -0.7191370808390755, -0.0678339911176002], [-0.5793914827292638, -0.20756458534451586, -0.4666045230187611, 0.4485068843431822, 0.25214392125356505, 0.12690754587645192, -0.31259209947713656, 0.26174688308672744, 0.4506282591366192, 0.7386293130398914, -0.4538318652879358, 0.24047585211114655, 0.06071572311161033], [-0.28694731354226194, -0.5686657411508276, 0.36334024346454813, -0.3948846328857316, 0.6315753803743201, -0.3239124789877015, -0.155801322163875, 0.20649623836748493, -0.6934367635871621, 0.12943284028147894, 0.5548404635816894, 0.44271215651958923, 0.04025424759076604]], "inverted": true, "swapped": false, "error_lsq": 0.05097127070234835, "error_max": 0.35632155528129617, "target": "374.xyz", "model": "17.xyz", "model_rescale": 3.901054581598922, "target_rescale": 4.002175975797333},
{"mapping": [11, 10, 12, 4, 0, 13, 6, 1, 5, 8, 7, 2, 14], "R": [[0.298442117796525, -0.9543461811019107, -0.012476736004427252], [-0.8970449130445912, -0.27601057375526156, -0.345150093663776], [0.3259489627318165, 0.11419951747485804, -0.9384645672067554]], "T": [-0.06959025346145856, 0.05632904312714357, -0.025002563593619024], "aligned_model": [[0.08493208664737018, 0.1681485785377972, -0.35971395180731536, 0.5172340948372052, -0.033681492913363094, -0.7917036016488301, 0.5527943296360779, 0.49110415924310236, -0.500897364597057, -0.014854549820342206, 0.18126575554292249, -0.6314041778530927, -0.09378856621265447], [-0.66724153278467, -0.010457678405515508, -0.5972877347348885, 0.45853067939251024, 0.24143922546477234, -0.021476012691078072, -0.3632803420534162, 0.21396871494693676, 0.35781356185259205, 0.7133297718374317, -0.3452705718091581, 0.5712093658866243, 0.0084923791994405], [-0.32383271101622096, -0.8069702929248298, 0.17646319387545642, -0.37061072023798775, 0.7098098613219608, -0.025942754705069255, -0.00793974257717341, 0.35769452140477975, -0.3614060532431312, -0.10097820022099505, 0.43918062850477263, 0.2959358566412797, -0.03640026896052473]], "inverted": false, "swapped": false, "error_lsq": 0.044290655738352544, "error_max": 0.27293229524853857, "target": "374.xyz", "model": "18.xyz", "model_rescale": 3.9405287249114394, "target_rescale": 4.002175975797333},
{"mapping": [11, 5, 13, 6, 12, 7, 10, 3, 8, 0, 14, 4, 15], "R": [[-0.6989289642225172, 0.7151871483034502, 0.002376104462828127], [0.570920246936276, 0.5559344774582526, 0.6041414804592063], [0.4307532641885158, 0.4236085453278754, -0.7968735318205394]], "T": [-0.049472750451540384, 0.060321845404492556, 0.03811012360309314], "aligned_model": [[0.047097448831916855, 0.06127380593018372, -0.37653096208231807, 0.20910550511060366, -0.03374522428120676, -0.7252425197020562, 0.6083322242969996, 0.6482428991694459, -0.3153712334936225, -0.17688089439797483, 0.21749006760450135, -0.578496811724704, -0.015839005669948808], [-0.613733580934367, -0.029790179717303057, -0.4786788478973077, 0.5265869959623726, 0.16302068765274141, 0.04184703701787484, -0.3653248437347431, 0.11933420173532996, 0.4384451989090806, 0.7306396017834094, -0.5052673954690848, 0.4811092948894498, 0.0515816559041283], [-0.19755209384660305, -0.7809610979258446, 0.2701468107821321, -0.4853567337220828, 0.5760177875481458, -0.15840819453423766, -0.025305554012190604, 0.5230214649307761, -0.5607161298179812, -0.04624346728200833, 0.49481421430057404, 0.31692277318354317, 0.018623538258094277]], "inverted": true, "swapped": false, "error_lsq": 0.036523857114079746, "error_max": 0.2304120978383509, "target": "374.xyz", "model": "19.xyz", "model_rescale": 4.410303926677745, "target_rescale": 4.002175975797333},
{"mapping": [12, 2, 9, 0, 10, 8, 4, 6, 1, 3, 11, 5, 13], "R": [[-0.25068579760539966, 0.8431246731115422, -0.47570728023596615], [-0.6996065998206161, -0.49742867005351693, -0.5129476812465631], [-0.6691092858168843, 0.2042192542326623, 0.7145538886845935]], "T": [-0.008407311104205395, 0.061328114641527515, -0.07949831398462685], "aligned_model": [[-0.11642872847544636, 0.31622960227559843, -0.35274523287610865, 0.2999525522255072, -0.329120029324549, -0.7565245488253594, 0.5805150233778937, 0.5057173205005139, -0.39711546727086594, 0.18850845224483137, 0.331232166164623, -0.6215843750758223, -0.07920143534899585], [-0.6811662845337865, -0.009063141617940501, -0.39628283868781655, 0.6117585671904712, 0.13597665123142003, -0.10422934689335744, -0.31692169491983757, 0.14914284764768243, 0.34539456568639637, 0.7161185396455018, -0.45258663174684177, 0.5114090993116925, 0.05021949378799766], [-0.16729568223087266, -0.6524421797058155, 0.3024445322783051, -0.4187620522720974, 0.673299774060194, -0.01649905238676079, -0.15154663477552174, 0.17441162875670835, -0.6551128654795338, 0.16223785867099344, 0.4751817590474005, 0.2676496637220893, -0.04856343182277137]], "inverted": false, "swapped": false, "error_lsq": 0.04912470689989493, "error_max": 0.28935554312388034, "target": "374.xyz", "model": "20.xyz", "model_rescale": 4.121658175737393, "target_rescale": 4.002175975797333},
{"mapping": [2, 4, 1, 11, 5, 6, 3, 7, 10, 9, 0, 8, 12], "R": [[-0.8211260462882709, 0.558980995913362, 0.11529207394569105], [0.24607857449177983, 0.16446937471451395, 0.9551937813643421], [0.5149731558859028, 0.8127054023376017, -0.2726033340371884]], "T": [-0.10523408748634526, 0.08112246622367852, -0.0057944802048174315], "aligned_model": [[-0.21426354443801054, 0.12201844552375322, -0.3052266188317244, 0.5383036859999425, -0.050027752243273604, -0.737284912915038, 0.47401898700062334, 0.49477460797739065, -0.403878251695336, -0.14224721699110504, 0.37568575778264063, -0.5554299771752049, -0.027007910402837995], [-0.5425693670483769, -0.07581233548342314, -0.5373460673383352, 0.5004594531424221, 0.10343244884119185, 0.006365733887295305, -0.29929164554145377, 0.32270140720993945, 0.35958397109427126, 0.798334484471152, -0.5396593157467113, 0.40362282550006356, 0.0599482331135458], [-0.4245219677616838, -0.5086457068917614, 0.23889823810359956, -0.4354276128182131, 0.6727024285658713, -0.1382620125189818, 0.04311034793433102, 0.21431285801234984, -0.6705830895808441, -0.08885966127541746, 0.6029006915345508, 0.37763775871146044, 0.0617410458470562]], "inverted": true, "swapped": false, "error_lsq": 0.04982619057105529, "error_max": 0.27026548572685943, "target": "374.xyz", "model": "21.xyz", "model_rescale": 4.08911054899281, "target_rescale": 4.002175975797333},
{"mapping": [12, 7, 14, 6, 11, 4, 10, 5, 0, 8, 9, 1, 16], "R": [[0.03935466321071386, 0.8767541535360187, -0.47932594832839065], [-0.9078844140606336, -0.1689916753501683, -0.3836504976774087], [-0.4173692623916517, 0.45027099386889563, 0.7893408204894548]], "T": [-0.16635890969460643, -0.008291469259811321, 0.04068028474823995], "aligned_model": [[0.06237504808728761, 0.12683388573632098, -0.32549970005100404, 0.22074900810055637, -0.06308826113276433, -0.7498603606790578, 0.5913714317844562, 0.4629403575416978, -0.3989681090917483, 0.09020063235912645, 0.28734841080430223, -0.5490896120686213, -0.18587743179873206], [-0.6769306397427135, -0.10490860799645303, -0.5854881389252933, 0.47723859461581514, 0.3651702236105439, -0.03542196025209739, -0.18347083249256202, 0.06718069934464699, 0.4206438332430395, 0.6126747595460684, -0.44232098015143606, 0.6530276417872061, -0.0076247664851831175], [-0.17279557404486143, -0.6000219091134453, 0.2716365561913016, -0.3715964980137685, 0.700797370849238, -0.34021626160695684, -0.17447623854196392, 0.35054386436055696, -0.5609731576934059, 0.21196998707694356, 0.37730420333305503, 0.25555844578447817, -0.0027274707188542704]], "inverted": false, "swapped": false, "error_lsq": 0.04410580637294686, "error_max": 0.23126414867936992, "target": "374.xyz", "model": "22.xyz", "model_rescale": 4.204369325754507, "target_rescale": 4.002175975797333},
{"mapping": [11, 5, 13, 6, 12, 7, 10, 3, 8, 0, 14, 4, 15], "R": [[-0.6989289642225172, 0.7151871483034502, 0.002376104462828127], [0.570920246936276, 0.5559344774582526, 0.6041414804592063], [0.4307532641885158, 0.4236085453278754, -0.7968735318205394]], "T": [-0.049472750451540384, 0.060321845404492556, 0.03811012360309314], "aligned_model": [[0.047097448831916855, 0.06127380593018372, -0.37653096208231807, 0.20910550511060366, -0.03374522428120676, -0.7252425197020562, 0.6083322242969996, 0.6482428991694459, -0.3153712334936225, -0.17688089439797483, 0.21749006760450135, -0.578496811724704, -0.015839005669948808], [-0.613733580934367, -0.029790179717303057, -0.4786788478973077, 0.5265869959623726, 0.16302068765274141, 0.04184703701787484, -0.3653248437347431, 0.11933420173532996, 0.4384451989090806, 0.7306396017834094, -0.5052673954690848, 0.4811092948894498, 0.0515816559041283], [-0.19755209384660305, -0.7809610979258446, 0.2701468107821321, -0.4853567337220828, 0.5760177875481458, -0.15840819453423766, -0.025305554012190604, 0.5230214649307761, -0.5607161298179812, -0.04624346728200833, 0.49481421430057404, 0.31692277318354317, 0.018623538258094277]], "inverted": true, "swapped": false, "error_lsq": 0.036523857114079746, "error_max": 0.2304120978383509, "target": "374.xyz", "model": "23.xyz", "model_rescale": 4.410303926677745, "target_rescale": 4.002175975797333},
{"mapping": [9, 11, 8, 7, 5, 3, 14, 6, 1, 0, 15, 2, 16], "R": [[0.055421411350102284, 0.9143373844123834, 0.4011428855531211], [-0.351173724475344, 0.39394101249453206, -0.849404199373242], [-0.9346686484535993, -0.09379566163050751, 0.34292403161227625]], "T": [0.04510847390307203, 0.02579068726535328, -0.035832806238072695], "aligned_model": [[0.07693106099409926, 0.21106392357547538, -0.42667711954638277, 0.22554717718280137, -0.01954606821366131, -0.8008202456942951, 0.6253462163699519, 0.6273991050996555, -0.3646420534241643, -0.21257064046199003, 0.29894903376336085, -0.6119738787713191, -0.059571211281711944], [-0.5936140895991183, -0.19686865089926034, -0.5996300828921144, 0.5167982284743861, 0.14261005076923594, 0.3230806891479404, -0.3177680605625684, 0.10045315046619285, 0.35171272784862007, 0.7298341302771395, -0.4665899953045152, 0.4917639971029151, 0.07798773127272765], [-0.12383865250235318, -0.6046940322527214, 0.21311273263266067, -0.4460575806202248, 0.5788012799645684, -0.10845677456170322, -0.09449743802320221, 0.4471384425638256, -0.715696526690509, 0.05532702843879794, 0.41410099382210797, 0.3931259417800722, -0.0633620966890016]], "inverted": false, "swapped": false, "error_lsq": 0.04352992856183365, "error_max": 0.3197871684524525, "target": "374.xyz", "model": "24.xyz", "model_rescale": 4.28219845311461, "target_rescale": 4.002175975797333},
{"mapping": [6, 8, 2, 5, 13, 4, 10, 11, 3, 9, 14, 7, 15], "R": [[-0.6183279874892863, 0.00017083752446084288, 0.7859201427002549], [0.33006593255889627, -0.9074797271561205, 0.25987886594465354], [0.7132509937262443, 0.4200958409877361, 0.5610637257329434]], "T": [-0.08502918519580013, 0.06848478614362047, 0.018487012996216762], "aligned_model": [[0.10749901085553196, 0.30774112443097457, -0.34272598513304875, 0.40833121913999204, -0.2972696758247032, -0.8054149894167509, 0.611284585029959, 0.428648279252407, -0.4843093260546346, 0.03411469663949526, 0.32304406343882097, -0.5920516527313049, -0.12945605003491845], [-0.761476776402527, -0.14260094153121122, -0.49303532905112096, 0.45944221297324334, 0.10085252352531393, 0.034876322621233635, -0.2999737942799436, 0.19161180563882985, 0.5599016879846985, 0.7268127993750171, -0.41433841437977886, 0.580506896954367, 0.01719083267345889], [-0.2752711075420908, -0.5136035398014233, 0.31355911252734026, -0.5551230311579324, 0.5724028555674477, -0.10219163997235924, -0.07685566755199748, 0.1505940560971866, -0.42775299256187943, 0.1148335038243141, 0.44334299527698545, 0.3122685325057678, -0.011199759349042285]], "inverted": false, "swapped": false, "error_lsq": 0.04511752814138691, "error_max": 0.2729021103329566, "target": "374.xyz", "model": "25.xyz", "model_rescale": 4.100010024507729, "target_rescale": 4.002175975797333},
{"mapping": [3, 9, 4, 5, 6, 10, 7, 2, 5, 0, 1, 12], "R": [[-0.7727153906331243, -0.27293798115295337, 0.5730757223289504], [0.4316095387844701, -0.8879231959264964, 0.15907735277510082], [0.4654289753646148, 0.37026646699347066, 0.8039145553547453]], "T": [-0.018388301038938196, 0.02251754762508628, -0.030001699305940505], "aligned_model": [[-0.6956657262639715, -0.1073046300326192, 0.3237051392588436, 0.39189597601067483, -0.48538616322120204, 0.21049025241642388, -0.23319649989201474, 0.5451906367784826, 0.39189597601067483, -0.007870998535574422, -0.4820595153196025, 0.025071155152891496], [-0.3726720873392216, -0.5883607848654113, -0.09200258117757895, -0.3195227924665437, 0.6028117645502753, 0.5979540373394299, 0.18166975573579297, 0.3649894129074814, -0.3195227924665437, 0.5605706442916613, 0.05526831475665906, -0.005051501215361437], [-0.08984247412214681, 0.22888748953269536, 0.52647163948662, -0.4349693838577762, 0.09964776306922486, 0.3113909194752804, 0.5286307621289995, -0.18498173331043824, -0.4349693838577762, -0.521321572052606, -0.47187861027806227, 0.00812687364034213]], "inverted": false, "swapped": true, "error_lsq": 0.0512332692170582, "error_max": 0.3923328921508188, "target": "374.xyz", "model": "26.xyz", "model_rescale": 3.6694154284099745, "target_rescale": 4.002175975797333},
{"mapping": [2, 0, 11, 5, 9, 6, 4, 8, 1, 7, 10, 3, 13], "R": [[0.7046857528296291, -0.7095195036559976, -0.0002523701362039388], [-0.480316533554723, -0.47730601178099846, 0.7358498479388931], [-0.5222202766581489, -0.5184216865153928, -0.677144694727517]], "T": [-0.02207966468170098, 0.0488093432620257, 0.04600028518232698], "aligned_model": [[-0.19640121879873096, 0.14627891724851447, -0.33832607938719855, 0.31553785421142844, -0.139232517896789, -0.6209073690401123, 0.6566874408346023, 0.529179315723364, -0.3363237425305336, -0.07231408268261676, 0.2895175280820655, -0.6289910891838421, -0.03526965698833131], [-0.5507164473283275, -0.09734075413959455, -0.634656062977431, 0.5511254575948644, 0.13719465352309052, 0.011817743412671985, -0.3668961970437815, 0.22309949066018214, 0.44362736038130646, 0.6680604396124193, -0.3432235271109112, 0.5190413487878316, -0.0013636792707397288], [-0.2229057734896899, -0.5762768878307004, 0.45714346329068933, -0.46357937683251044, 0.7118281768960731, -0.2875074865978995, -0.1589257754273542, 0.3182018161713098, -0.6785796252421098, 0.14666362327216095, 0.3793291586714575, 0.2977374578873185, 0.021874547093572172]], "inverted": true, "swapped": false, "error_lsq": 0.038605643487886615, "error_max": 0.23756949739849004, "target": "374.xyz", "model": "27.xyz", "model_rescale": 4.103607728864725, "target_rescale": 4.002175975797333},
{"mapping": [6, 10, 7, 3, 1, 13, 9, 0, 12, 2, 5, 4, 14], "R": [[0.9222548448086455, -0.017127734665718902, 0.386202850756183], [-0.34723391716393354, 0.40242415977356066, 0.8470439199956131], [-0.16992530122960603, -0.915293087669608, 0.3651903006190925]], "T": [-0.11051579606862197, -0.0787729117247784, -0.13723085694916487], "aligned_model": [[0.04072425884833478, 0.09958676329225344, -0.2746187011149177, 0.3306966723894825, 0.01609943816235246, -0.7174127441579462, 0.6350951757531522, 0.41275778707104904, -0.2979947142749051, -0.16401660586181308, 0.27237488592239334, -0.7147301284541645, -0.06912678798345114], [-0.6938509579916721, -0.19418914485528715, -0.4610054174655045, 0.5073879543601659, 0.22899857113912497, 0.07995308250409691, -0.4108622032245911, 0.22940165574635496, 0.6368282227765958, 0.6290910832160406, -0.46385692166587866, 0.4597399390701813, 0.01213396249195399], [-0.14575761724171296, -0.5870211236132248, 0.45187846539594606, -0.29622094882429717, 0.6946983040202404, -0.2995721212956657, -0.19972011381091298, 0.23814220299759886, -0.573189901646352, 0.05612615546563823, 0.35291753008684984, 0.2708601098745279, -0.018137623546318232]], "inverted": true, "swapped": false, "error_lsq": 0.0473387064989116, "error_max": 0.28179263244066854, "target": "374.xyz", "model": "28.xyz", "model_rescale": 4.137296879288765, "target_rescale": 4.002175975797333},
