[{"mapping": [3, 1, 7, 6, 5, 0, 9, 10, 11, 12, 2, 13], "R": [[-0.29767089930205587, -0.7797410732623185, -0.5508138472990968], [-0.9546641514281594, 0.2448773910462695, 0.1692673073346544], [0.0028971859894149077, 0.5762281857234162, -0.817283723251138]], "T": [-0.037350088642516474, -0.01764321238227823, -0.04817902403984274], "aligned_model": [[-0.1295021767313648, 0.09793843638375234, 0.5054520233400736, 0.048099969873262066, -0.24752068309928366, -0.4960227873826116, 0.3055186820009403, -0.26789351345322393, 0.5691500473834759, 0.1820023279583357, -0.7189594872817937, -0.010620376531013158], [-0.300597750757666, -0.7007926071388515, -0.13253732428510615, 0.5909678628275734, 0.30676284995750835, -0.5014290043096993, -0.3995853076725831, -0.5060620582379021, 0.2123210390857055, 0.37035722802143417, 0.17522525455294147, -0.06107514606629795], [-0.4755772291788119, -0.048084464532555146, -0.6346358642190174, -0.14955246117914428, -0.6468904439447434, 0.09681040348308285, 0.4612973992853876, 0.6869914594096225, 0.013246869751792692, 0.45569333443889526, 0.3173099730906418, 0.10534276894841145]], "inverted": true, "swapped": true, "error_lsq": 0.0442136877729896, "error_max": 0.22078339525068755, "target": "375.xyz", "model": "0.xyz", "model_rescale": 3.751011558992144, "target_rescale": 3.9158733882842665},
{"mapping": [7, 6, 3, 1, 0, 8, 5, 4, 13, 11, 12, 10, 9, 14], "R": [[-0.831026388048918, 0.38063043048846845, 0.4056052486747825], [-0.19845950052665357, -0.8841046207381674, 0.4230518245323286], [0.5196238726397009, 0.2710710146356192, 0.8102539947493844]], "T": [0.033733345050056186, -0.06494985478997226, -0.04553860962780998], "aligned_model": [[-0.6040894330939872, -0.5702131474816787, -0.12275292007806324, -0.4656516831584705, -0.34256931917314704, 0.37496847790380605, 0.6549773880946745, 0.08347266301436135, 0.4404282174928398, -0.24188490405266141, -0.23703674105641634, 0.3292632572464114, 0.43284980258433986, 0.0316396042268094], [-0.24151130414220082, 0.2946071608399846, -0.7982720863531657, 0.2001439305731211, -0.39932973184229736, 0.201805250568282, -0.1285352139673511, 0.6978087824577363, -0.6485935087533262, 0.023873134821162212, -0.5848030851392398, 0.5418598742203145, -0.15725453024650868, -0.09059735911151917], [-0.004487640327451553, 0.21845595838455378, -0.19099115527141458, -0.4530007894664684, -0.6130691561365209, -0.5483492598844081, -0.05547782868568249, -0.24876073308456406, 0.10095904979933362, 0.6980177407618348, 0.41098223704026465, 0.42018423918308684, 0.47057719283171706, 0.0028518255304812723]], "inverted": false, "swapped": false, "error_lsq": 0.04503765982686355, "error_max": 0.34840402295746925, "target": "375.xyz", "model": "1.xyz", "model_rescale": 3.9405287249114394, "target_rescale": 3.9158733882842665},
{"mapping": [7, 1, 3, 12, 10, 5, 11, 9, 2, 8, 8, 6, 13], "R": [[0.3497266462980174, 0.15835430712078033, -0.92337164039483], [0.29211364150219443, -0.9549070118864994, -0.053124562100068815], [-0.8901465572126137, -0.2511503773962807, -0.3802138800941346]], "T": [-0.08321979097093682, 0.057561055597336076, -0.08026441299407111], "aligned_model": [[-0.37549644306383434, 0.2632473392435114, -0.3433652214668611, 0.23002297087703907, 0.6950881565959443, -0.7957768190781642, 0.03544213914182032, 0.6170255213050748, -0.05229030192059601, -0.21602439532164525, -0.21602439532164525, -0.41978240378866827, 0.07391713208195569], [0.7870809874873936, 0.5068388500270331, 0.3581346579785604, -0.2491367615674158, -0.21797116629763189, 0.04689153138750808, 0.32310673010847757, 0.23454695823850355, -0.6961776677383299, -0.7527099228788402, -0.7527099228788402, -0.14996241972091864, 0.02090073942651728], [0.10450961854752588, -0.4841283512392526, -0.41672298165600896, 0.42999297221192795, -0.4682046311947135, -0.084134726907792, 0.5027484114542569, -0.04369288221758688, -0.33773893314352593, 0.2890798670100906, 0.2890798670100906, 0.4010310700213144, -0.06869895030768215]], "inverted": true, "swapped": true, "error_lsq": 0.05397015171096743, "error_max": 0.37916939740332084, "target": "375.xyz", "model": "2.xyz", "model_rescale": 3.932901565614263, "target_rescale": 3.9158733882842665},
{"mapping": [6, 4, 10, 5, 12, 9, 8, 7, 11, 0, 2, 3, 3, 13], "R": [[0.09860310835038925, -0.9112219507535764, -0.39993997485683813], [0.9940993170771388, 0.10845502844022765, -0.00201360194569708], [0.04521033964048159, -0.3973815084662047, 0.9165391218702648]], "T": [0.031207170353289085, -0.10335006418655744, 0.08297736234815709], "aligned_model": [[-0.5540101828957368, -0.6622426049913479, -0.02614741693200752, -0.42414736108042705, -0.19383739600890404, 0.18084546649515798, 0.706882168143503, 0.04525463050643243, 0.7249131715279624, -0.1372341948697906, -0.6778574190093959, 0.4027639466159417, 0.4027639466159417, -0.024545491648511497], [-0.3947920635212904, 0.3852592119735985, -0.7772751466319593, 0.10519981268768168, -0.4010283429219359, 0.16990936113532606, 0.1043119425970616, 0.5927845393320171, -0.6521466724374791, 0.09149432745671678, -0.22026809385287957, 0.027869786661377224, 0.027869786661377224, -0.14798713521461987], [-0.11520051523089248, 0.29181890242698366, -0.15299059070802368, -0.4327346553644297, -0.5832601296016204, -0.5824026840834724, -0.11482686872818623, -0.07495246382291501, -0.04072779144083058, 0.7015349576211878, 0.504590260193054, 0.4076501065660384, 0.4076501065660384, -0.008256953718169424]], "inverted": true, "swapped": false, "error_lsq": 0.05177187232239112, "error_max": 0.35879745673736213, "target": "375.xyz", "model": "3.xyz", "model_rescale": 3.9243930471874484, "target_rescale": 3.9158733882842665},
{"mapping": [6, 11, 5, 4, 3, 12, 2, 7, 1, 9, 0, 10, 13], "R": [[0.3198731953867439, -0.3102061802800242, 0.8952392219899391], [0.5682646115055121, -0.69325060252152, -0.44325944255485317], [0.7581269485934158, 0.6505195829639773, -0.04547309090890733]], "T": [0.026733635612277165, -0.08926005177315187, -0.16506043410565313], "aligned_model": [[-0.05053074803349704, -0.29209794888225854, 0.569518670667282, 0.5778935146541812, 0.5123953668506731, -0.5966879515170136, -0.1138537131261617, 0.39845928857989876, 0.13676458338552128, -0.4676444038987581, 0.16494679450593513, -0.44978529467437334, -0.11217227220007682], [-0.512211572181377, 0.10084009746083862, -0.4527463500211657, -0.5284207943701633, 0.09197974290459555, -0.27762216208792534, -0.6736661865925538, 0.3561707398736002, 0.531852373122162, 0.404379564270337, 0.004128134472989542, 0.12721734464897183, -0.044071377818722196], [-0.6157576201741786, -0.7005111474031491, -0.4498910031953351, 0.23491506853187588, -0.11496728569124326, -0.33362026965373415, 0.3584627189973691, -0.7264674735114531, 0.130081287232319, 0.021795840831088986, 0.49647342029038793, 0.5820982674848967, -0.09554148836788037]], "inverted": true, "swapped": true, "error_lsq": 0.04322521784507752, "error_max": 0.25872275894264035, "target": "375.xyz", "model": "4.xyz", "model_rescale": 3.8936222436046832, "target_rescale": 3.9158733882842665},
{"mapping": [7, 11, 1, 3, 10, 12, 8, 2, 4, 5, 0, 13], "R": [[0.22970808802534426, 0.012747289972015075, 0.9731760893559349], [0.7594967725023316, 0.6229240391961087, -0.18743077108667944], [-0.6086040148193923, 0.78217846300571, 0.1334091644368659]], "T": [-0.11954048973549522, -0.11797498253056438, -0.0797313758488005], "aligned_model": [[0.014643517770784598, -0.552341752339903, -0.16758517007516532, 0.2881424976426048, -0.5316143264143717, -0.6709858344485494, -0.22712166754147015, 0.0015201897633472794, 0.5902293695337397, 0.464285274340992, 0.07297900729411583, -0.25460306331102767], [-0.6805107675209651, -0.5944294710651323, 0.21253563551907728, -0.11074366340971817, 0.6955726473921214, -0.22675633355209668, -0.17635389454127615, 0.36826676226262317, 0.17635549178068127, -0.49403177608848037, 0.528055133115558, -0.029036858782584954], [-0.6430381819948214, -0.18059415304719373, -0.6908373646503009, -0.4037171682975076, -0.10240925973691191, 0.2898925242513769, 0.8122380807379181, 0.5401759578507955, 0.17759349970472346, 0.08025331592233123, -0.1847675794907523, -0.07550495197413926]], "inverted": true, "swapped": true, "error_lsq": 0.04697659317357131, "error_max": 0.2861915130197501, "target": "375.xyz", "model": "5.xyz", "model_rescale": 3.6523030999806103, "target_rescale": 3.9158733882842665},
{"mapping": [8, 2, 4, 6, 3, 12, 0, 11, 10, 9, 1, 7, 13], "R": [[-0.44451931933268335, -0.6117916582039671, 0.6543038603676798], [0.845090721326839, -0.04421732376418669, 0.5327912358573628], [-0.2970256680276818, 0.789782118834792, 0.5366749083957025]], "T": [0.18408207094468015, -0.027261428683427763, 0.0030664140005007556], "aligned_model": [[0.06885628548352607, -0.2360612250577352, 0.2793261295897111, 0.529934112396474, 0.43188990438556973, -0.059536012237823344, -0.24534756809628444, 0.3691013771033439, -0.7147556364429819, -0.33042768444204046, -0.04554138565088822, 0.7960575158317604, 0.03758709180166281], [-0.5601097830592011, 0.01287068602872403, 0.5065941654952603, -0.4671277755808423, 0.4215643205869394, -0.6525032032634621, 0.4923562769367943, -0.532352879406362, 0.10867336365330785, -0.1580609878639843, 0.40056126876746867, 0.048061921517717446, -0.07970046964917663], [0.7195766848781562, 0.6792622799060417, 0.6051847966055584, 0.2767262199944164, -0.0884280030947624, 0.05071230498311327, 0.10813256579503905, -0.36456056424789574, -0.07303475193124237, -0.48803049180490343, -0.49616990001170935, -0.5180658752364816, -0.04119552635354092]], "inverted": true, "swapped": true, "error_lsq": 0.05560532371812304, "error_max": 0.3008822239330899, "target": "375.xyz", "model": "6.xyz", "model_rescale": 4.08911054899281, "target_rescale": 3.9158733882842665},
{"mapping": [4, 3, 10, 6, 5, 7, 13, 2, 12, 9, 8, 1, 11, 14], "R": [[-0.7478438430229388, -0.0704639546311236, -0.6601245469988414], [-0.5333655857939683, 0.6558307299192847, 0.5342351594421652], [0.39528564145860334, 0.751612190422216, -0.5280420218745656]], "T": [-0.016367756576873463, -0.07241300267165651, 0.013617814273419094], "aligned_model": [[-0.6421085059064513, -0.7232353067391712, 0.004180234660197554, -0.275789112532512, -0.16100351309642758, 0.138977412073919, 0.6922106633478431, 0.2334123169434268, 0.4970620186099359, -0.18297404024162073, -0.466464806492784, 0.3043934740820691, 0.3482512555856485, -0.0035108278252552125], [-0.3048255597286843, 0.2372315643065923, -0.7838389849983844, 0.2878228656788261, -0.5337076332251991, 0.1352502449692025, 0.05016875246131958, 0.6538493931604737, -0.5200849754685984, 0.06270381126681035, -0.42244449863688444, 0.4330903120171439, -0.33376517002524386, -0.050248807852382046], [-0.2128383793997223, 0.18943005768717544, 0.12642628128079694, -0.214578692451349, -0.5752701133849896, -0.7157879840950605, -0.12344005115988849, -0.231927274383679, -0.19610006463754504, 0.767635785373797, 0.3878364278862683, 0.43732135520763354, 0.3921400508016921, 0.17704428194963298]], "inverted": true, "swapped": false, "error_lsq": 0.0453006122312527, "error_max": 0.24888034982420068, "target": "375.xyz", "model": "7.xyz", "model_rescale": 3.964800864290218, "target_rescale": 3.9158733882842665},
{"mapping": [0, 3, 1, 6, 2, 4, 12, 11, 7, 10, 5, 9, 8, 13], "R": [[0.849693694262542, 0.11266342182356592, 0.515099581938754], [-0.4180443709282142, 0.739302499623994, 0.5278927144647371], [-0.32134020891526716, -0.6638815914247961, 0.6752789813858956]], "T": [-0.0649628779060878, -0.09455887621970904, -0.03234227906872632], "aligned_model": [[-0.6201926611876193, -0.778298136838776, -0.08152959655529186, -0.3770025763397932, -0.016759051248677118, 0.08000259924907126, 0.6690043828543439, 0.18337860127500477, 0.44768509796258105, -0.15040314283759282, -0.3156476089566477, 0.41085172690338245, 0.34690107310807655, -0.03458944491924385], [-0.4120489330449413, -0.031930339314409695, -0.8433198071827469, 0.3254238438064029, -0.37823145719819007, 0.25904764154924215, 0.03993435134493753, 0.6934256982858348, -0.578996732419776, 0.33481736803257534, -0.26233876559631364, 0.2081287458049429, -0.3432194078563348, -0.09949089228623101], [-0.3549555523495971, 0.08251924813226126, 0.014588555879714929, -0.2828449031256597, -0.6288445721495505, -0.6231390597288241, -0.15014961822738104, -0.09972287385049015, -0.1291161457877575, 0.6629778019065528, 0.7474511533909626, 0.36242017116138786, 0.5673189646918434, 0.03938851073129929]], "inverted": false, "swapped": false, "error_lsq": 0.06201007321531389, "error_max": 0.3667444987123351, "target": "375.xyz", "model": "8.xyz", "model_rescale": 4.121658175737393, "target_rescale": 3.9158733882842665},
{"mapping": [1, 11, 12, 10, 7, 3, 6, 4, 8, 5, 0, 2, 13], "R": [[0.568353212581429, -0.8169115275847327, 0.0981334899386922], [-0.7817688472859516, -0.49897849014480933, 0.3739758492015236], [-0.2565386816087648, -0.2892680806310729, -0.9222320111373556]], "T": [-0.11061185459509584, -0.04555782861121803, -0.10249087495817255], "aligned_model": [[-0.6625140368247654, -0.1608490153448979, 0.3570969093368206, 0.03399001203184912, -0.7407394425630363, -0.5126776793188825, 0.24021400748148927, 0.014533897375040239, 0.7738047296810062, -0.11699257426654182, -0.19243604095022768, 0.512183219941864, -0.06887649014452028], [0.3678707217030062, -0.41924772615146344, -0.10346688968541422, 0.8238051992131065, -0.5414650141803916, -0.06721513365424035, -0.5598322300979784, 0.08013593063102788, -0.20407113723752962, -0.5376737237863471, 0.5640604343540578, 0.3228897944662877, 0.06459721383758847], [-0.19984026908450303, -0.6338393486899017, -0.582534863409042, -0.33802665879119587, -0.1962016069914288, 0.2278098026218633, -0.12319791722723733, 0.6881793423039739, -0.045288120522629, 0.4129192224536986, 0.19267288826541507, 0.23179114528196199, -0.21336818225188614]], "inverted": false, "swapped": true, "error_lsq": 0.051151412909692925, "error_max": 0.3052636386622229, "target": "375.xyz", "model": "9.xyz", "model_rescale": 3.833441315466971, "target_rescale": 3.9158733882842665},
{"mapping": [2, 9, 5, 8, 13, 0, 12, 10, 1, 7, 3, 11, 6, 14], "R": [[-0.5476934191866072, 0.45194828821338595, 0.7041126780286475], [-0.8351935888524348, -0.3454479665159249, -0.42792215596975414], [0.04983560694396655, -0.8224405432680242, 0.5666638907408198]], "T": [0.07000627943826651, -0.10947815566231642, 0.06819049389510332], "aligned_model": [[-0.5852710562668257, -0.6957691509251005, -0.06022694958388641, -0.3846073196093651, -0.268702834487474, 0.32488255685422107, 0.63957402178954, 0.17965649830158, 0.6523263391621124, -0.1496003489769935, -0.5467847067432032, 0.1651444336363427, 0.5092015460727423, -0.01642176675487171], [-0.3364117061340535, 0.10908005902769455, -0.6944539534350165, 0.5012775750976876, -0.31050952390931486, -0.19359331806497232, 0.07185606078234938, 0.5380202884706754, -0.4800670769980234, 0.17362825366090698, -0.42257316942109324, 0.516240879115108, -0.4517361861902376, -0.10955686807671826], [-0.12092066894083844, 0.2222373165693465, -0.24530244628962747, -0.09873246822069692, -0.6250259705220614, -0.5577373648619793, 0.14389086463425657, -0.4262553958324302, -0.19482306533764612, 0.6299178891127564, 0.5934163895555452, 0.32267330702118036, 0.45703046914190826, 0.10752282464504884]], "inverted": true, "swapped": false, "error_lsq": 0.06370571392630542, "error_max": 0.38661310732503684, "target": "375.xyz", "model": "10.xyz", "model_rescale": 4.2482417240324, "target_rescale": 3.9158733882842665},
{"mapping": [11, 6, 5, 8, 1, 0, 3, 2, 12, 10, 9, 13], "R": [[0.1982515556100411, -0.855921498707328, -0.477592617979801], [-0.9707526055698881, -0.23878030714959358, 0.02496685196053358], [-0.13540937736165928, 0.4586745610649745, -0.8782265923748727]], "T": [-0.07381750160878794, 0.01894078836072803, 0.09584094811578495], "aligned_model": [[-0.48575289146468137, 0.13329731055527458, 0.2037029347257953, 0.6244089254442959, -0.5194117149830705, 0.10865260442561112, -0.1729692574857616, 0.6500793825668565, -0.027300135857632357, -0.031995364606204196, -0.5037065696662202, -0.10223962129125645], [-0.45166331943558574, -0.5677988969929535, -0.2634082996427532, -0.4181186033671082, 0.5525796523827049, 0.6759894132643273, 0.23960702453625876, 0.22393197005693605, -0.3397700791092949, 0.6696796584517624, 0.2759131844116802, 0.06918968549466532], [-0.08675182471596588, 0.12457635030864891, 0.6884012710382059, -0.26754626043242347, 0.13672431043158167, 0.0747925265627468, 0.557034882812474, -0.16745307267157047, -0.4713537506460349, -0.5421000454368256, -0.4258539443205107, -0.05527815307596959]], "inverted": false, "swapped": true, "error_lsq": 0.05477944351211947, "error_max": 0.27681857609972815, "target": "375.xyz", "model": "11.xyz", "model_rescale": 3.6694154284099745, "target_rescale": 3.9158733882842665},
{"mapping": [10, 12, 9, 2, 8, 3, 4, 1, 11, 5, 7, 0, 6, 13], "R": [[-0.8376521824773459, 0.470260979347989, 0.2778370610512744], [0.269783650243042, -0.08607811537136861, 0.9590658684968689], [0.47492694517418077, 0.8783195143891451, -0.05476520237100457]], "T": [-0.035303889560556606, -0.09546070325121458, 0.0824163706100761], "aligned_model": [[-0.6358267764938942, -0.545443094449124, -0.2395602784825153, -0.32258958124972703, -0.021610381113204707, 0.3191883898015724, 0.6366387140564821, 0.03724838868571034, 0.4355911502322959, -0.15799509897116, -0.40406903222488955, 0.29630425431669105, 0.34000629466363386, 0.025518313696946772], [-0.270938773784852, 0.32687595812093717, -0.8409784382723711, 0.15127598053271596, -0.4006008452309052, 0.16181258488669398, 0.11611341704673811, 0.6536954370531128, -0.6439778227000875, 0.012032148832106238, -0.5732443340464803, 0.448044868175265, -0.23816029860274088, 0.009251431914859942], [-0.027622242337761657, 0.23459467511887788, -0.13476765560634518, -0.44946849815223466, -0.6098984659275402, -0.6587951914197345, -0.1443173472503136, -0.304849350138819, -0.06730163123697287, 0.8685225634116839, 0.5158911566927173, 0.407032447180724, 0.4807051158160948, 0.09816610452438651]], "inverted": true, "swapped": false, "error_lsq": 0.04244116900315383, "error_max": 0.23184869213721634, "target": "375.xyz", "model": "12.xyz", "model_rescale": 3.9764082729961374, "target_rescale": 3.9158733882842665},
{"mapping": [2, 0, 8, 9, 1, 12, 13, 5, 11, 4, 7, 6, 14, 15], "R": [[0.4299573964823369, 0.0862508158100237, 0.8987198862728233], [0.9013868748836295, 0.015623571221213411, -0.43273271867264695], [-0.0513647641643096, 0.9961509427764456, -0.07102788331313148]], "T": [0.0265243609307306, -0.08750570710931299, -0.012984112506631344], "aligned_model": [[-0.6512475532919508, -0.6574143463511499, -0.08101127279425915, -0.32102699754560593, -0.2216463655979992, 0.2367507016499763, 0.6187220206090506, -0.12990788689818664, 0.5316872161999877, -0.22897634155905425, -0.5229592844297335, 0.5018671654769564, 0.6643586700734747, 0.024205536927311776], [-0.48183147443201296, 0.1371952643910423, -0.7849112146850155, 0.279705675968492, -0.305763314633221, 0.0792914418358972, 0.005759440762242329, 0.7354035691367207, -0.7001251005781863, 0.26571851240983574, -0.2850033218811065, 0.3457339171150151, -0.27993952775610476, -0.10003255372860631], [-0.15924393413378135, 0.0810650852073744, -0.05439041795629275, -0.33835002940168774, -0.5552916687080343, -0.591946228469164, -0.13580141686931765, 0.02126761361249376, -0.005726898753950934, 0.5578186236041399, 0.466699235717818, 0.3993403372502601, 0.4285412642575431, 0.09391011531736193]], "inverted": false, "swapped": false, "error_lsq": 0.043362376933859366, "error_max": 0.2641064285643145, "target": "375.xyz", "model": "13.xyz", "model_rescale": 4.170626492500431, "target_rescale": 3.9158733882842665},
{"mapping": [11, 12, 3, 10, 9, 7, 0, 8, 2, 5, 6, 4, 2, 13], "R": [[-0.3478952218146789, 0.30744074793265386, 0.8856913125627495], [-0.8684933441944831, -0.4614952689371823, -0.1809459251778866], [0.3531121999144165, -0.8321672327478464, 0.42756224226700956]], "T": [0.038306230282410994, -0.09979667004365911, -0.051546144538042835], "aligned_model": [[-0.6078949344273707, -0.38450335240027306, -0.009634801874391155, -0.2952098384076467, -0.4365781979221128, 0.3023963051981642, 0.5896955116649255, 0.16354262933498193, 0.5305416880291371, -0.6106748024294338, -0.25190316685861364, 0.28875101153167704, 0.5305416880291371, -0.04566847699936277], [-0.38251018738638876, 0.45262924289323025, -0.7876338274604107, 0.20961288280679202, -0.35205408963466134, 0.29118123178363364, -0.11671670447245251, 0.6270667769950924, -0.35168121669608476, -0.0034156855246358364, -0.5255868798750303, 0.33178617261536353, -0.35168121669608476, -0.1297951854233708], [-0.0051050746691300025, 0.17597042341627506, -0.04410929423250294, -0.38525419883886713, -0.6574812999581836, -0.7109568780740748, -0.27857473159105056, -0.13838891347255503, 0.305091762211811, 0.5783380935245063, 0.6132624520165499, 0.4525141614377256, 0.305091762211811, -0.0025065833075524208]], "inverted": true, "swapped": false, "error_lsq": 0.06345584245399237, "error_max": 0.4590932241189291, "target": "375.xyz", "model": "14.xyz", "model_rescale": 3.9786697098870705, "target_rescale": 3.9158733882842665},
{"mapping": [10, 12, 0, 1, 2, 4, 11, 6, 3, 9, 8, 13], "R": [[0.7733129452516276, -0.2821818500384226, 0.5677679915380461], [-0.3569520408337999, 0.5463264845322416, 0.7577021927137524], [-0.523996497365048, -0.788606857570701, 0.3217559555651233]], "T": [0.10077057040796472, -0.007918883481134883, 0.1528929107651113], "aligned_model": [[0.06356856061616056, -0.56063509758949, 0.5024380048211101, 0.5429167677935238, -0.044523450552877486, 0.547871046134754, -0.2969829598449234, -0.29639908806319987, 0.5986400371409784, -0.05639617294931573, -0.5443163789790253, 0.02717332823964136], [-0.3569914433831467, -0.08963705019342826, -0.0057560430838903, -0.5194747525253601, 0.49910148886614614, 0.6326423524046028, -0.3351057952848559, 0.32693918065469124, 0.020001754927192597, -0.6465182812858223, 0.5901735824207546, -0.10070050329244441], [-0.6890947600689799, 0.06117670919168397, -0.3985686612298624, -0.013880655741856762, -0.44476235305563167, -0.06251888208617162, 0.5519417377231515, 0.49656727175088994, 0.30312917778553583, -0.14792997378247558, -0.038782723135667635, 0.04268960652321428]], "inverted": true, "swapped": true, "error_lsq": 0.06149230164471913, "error_max": 0.4143212608844656, "target": "375.xyz", "model": "15.xyz", "model_rescale": 3.769337070930944, "target_rescale": 3.9158733882842665},
{"mapping": [3, 4, 11, 6, 1, 0, 9, 2, 12, 8, 13], "R": [[0.6638094618157827, 0.19819904223349055, -0.7211616587572915], [-0.4796040070785473, -0.6270766073703425, -0.6138036533640887], [-0.5738789025552709, 0.7533206940915858, -0.3212023304014616]], "T": [-0.06507070907669892, 0.11320819505826712, -0.1393878493541863], "aligned_model": [[-0.1706458864434653, -0.3174892033139875, -0.15703123466442676, -0.5631796647052185, 0.4242527274513325, 0.35870096671543206, 0.5799642379999506, 0.02565419899764712, 0.025900034061465613, -0.35866509512909805, 0.07516504972153921], [-0.09224361868129297, -0.6551310637964691, 0.7560198799504458, 0.3039655828585221, 0.10751800950764089, -0.40843027379372326, 0.4399609598354772, -0.4583985044825359, 0.47369650487081133, -0.022647646698325724, 0.15175466805479174], [-0.6061511063030136, -0.1899789541407327, -0.08613832465596795, 0.1823027076228042, -0.6348939398862337, -0.25670002154390437, -0.1264444447848155, 0.40870575302569784, 0.42125435423239715, 0.7008126299413231, -0.06855104628377733]], "inverted": true, "swapped": true, "error_lsq": 0.04571759178283523, "error_max": 0.27219671425874087, "target": "375.xyz", "model": "16.xyz", "model_rescale": 3.7852294659196426, "target_rescale": 3.9158733882842665},
{"mapping": [2, 5, 3, 4, 8, 6, 11, 7, 0, 10, 12, 1, 13], "R": [[-0.9776671051660227, 0.019042586830371244, 0.20929503425331625], [0.20905065574204124, 0.19028819968807031, 0.9592122937042121], [-0.021560491880094547, 0.9815435705796666, -0.19001937860020363]], "T": [-5.3489741374495095e-05, 0.11788228724197208, 0.08794779323241494], "aligned_model": [[-0.018589617217268532, -0.3795643580790761, 0.22058178765687528, 0.07708257486252863, -0.6161452305968937, -0.6227592842575399, -0.31148246486033154, -0.0710857606164275, 0.5682973831467207, 0.6322513287761102, -0.3309508811194275, 0.6431956569114159, 0.06293471560959656], [-0.14137678610992666, -0.44381685966652257, -0.23549280450424698, -0.6476746610637116, 0.09600877449106382, 0.1070178152384147, 0.6052797734481834, 0.12497296643937644, -0.11883454617234701, 0.44738650331079455, 0.6157862526811082, 0.22433060604019878, 0.24146858957048928], [-0.6655858621126526, 0.3077929786640994, 0.40047078883933773, -0.16620247580600225, -0.568210598437487, 0.07769187543083125, 0.38787244423179656, 0.8921060823014855, -0.20598025442453702, -0.48108337245023214, -0.22050923074372633, 0.33268312018184454, 0.004709201468416649]], "inverted": false, "swapped": true, "error_lsq": 0.04171721355376245, "error_max": 0.23501344323073117, "target": "375.xyz", "model": "17.xyz", "model_rescale": 3.901054581598922, "target_rescale": 3.9158733882842665},
{"mapping": [7, 6, 3, 1, 0, 8, 5, 4, 13, 11, 12, 10, 9, 14], "R": [[-0.831026388048918, 0.38063043048846845, 0.4056052486747825], [-0.19845950052665357, -0.8841046207381674, 0.4230518245323286], [0.5196238726397009, 0.2710710146356192, 0.8102539947493844]], "T": [0.033733345050056186, -0.06494985478997226, -0.04553860962780998], "aligned_model": [[-0.6040894330939872, -0.5702131474816787, -0.12275292007806324, -0.4656516831584705, -0.34256931917314704, 0.37496847790380605, 0.6549773880946745, 0.08347266301436135, 0.4404282174928398, -0.24188490405266141, -0.23703674105641634, 0.3292632572464114, 0.43284980258433986, 0.0316396042268094], [-0.24151130414220082, 0.2946071608399846, -0.7982720863531657, 0.2001439305731211, -0.39932973184229736, 0.201805250568282, -0.1285352139673511, 0.6978087824577363, -0.6485935087533262, 0.023873134821162212, -0.5848030851392398, 0.5418598742203145, -0.15725453024650868, -0.09059735911151917], [-0.004487640327451553, 0.21845595838455378, -0.19099115527141458, -0.4530007894664684, -0.6130691561365209, -0.5483492598844081, -0.05547782868568249, -0.24876073308456406, 0.10095904979933362, 0.6980177407618348, 0.41098223704026465, 0.42018423918308684, 0.47057719283171706, 0.0028518255304812723]], "inverted": false, "swapped": false, "error_lsq": 0.04503765982686355, "error_max": 0.34840402295746925, "target": "375.xyz", "model": "18.xyz", "model_rescale": 3.9405287249114394, "target_rescale": 3.9158733882842665},
{"mapping": [14, 13, 10, 12, 3, 1, 6, 4, 2, 9, 11, 8, 5, 15], "R": [[0.07518991221228283, -0.2594975977267776, -0.9628122734342044], [-0.9674155130910748, 0.2151214210644506, -0.13352902017892654], [0.24177200444270222, 0.9414795648197805, -0.2348670408859343]], "T": [-0.06849067685934962, 0.07231479207158116, -0.012521928741505903], "aligned_model": [[-0.7055986032345816, -0.675304835047186, -0.1573183975013232, -0.3655611412924128, -0.19487773540373385, 0.32335453428220745, 0.6731798223814852, -0.1005789740867494, 0.4759635959416275, -0.11415826325084216, -0.34312283266945104, 0.5388538877553104, 0.4615040361672519, -0.05293383157278462], [-0.33944924324469367, 0.11781059838495603, -0.7058833295605703, 0.22989176466104533, -0.3699909840593642, -0.020018424053305603, -0.017582851522333548, 0.7883816853732208, -0.6050178916122926, 0.09248727328818461, -0.4055180510672781, 0.35580092007201986, -0.24536106241907846, 0.035650909684481494], [-0.1683514235301862, 0.2721472729692702, -0.07901521020865031, -0.4450236039757832, -0.7293346704723332, -0.535447670778463, -0.023779807064367556, -0.1570334304099291, -0.001785846802208644, 0.75332230444908, 0.4516613916317565, 0.3382491513097221, 0.5437606418971467, -0.011477418340292034]], "inverted": false, "swapped": false, "error_lsq": 0.0423551927118509, "error_max": 0.23393204545407886, "target": "375.xyz", "model": "19.xyz", "model_rescale": 4.410303926677745, "target_rescale": 3.9158733882842665},
{"mapping": [0, 3, 1, 6, 2, 4, 12, 11, 7, 10, 5, 9, 8, 13], "R": [[0.849693694262542, 0.11266342182356592, 0.515099581938754], [-0.4180443709282142, 0.739302499623994, 0.5278927144647371], [-0.32134020891526716, -0.6638815914247961, 0.6752789813858956]], "T": [-0.0649628779060878, -0.09455887621970904, -0.03234227906872632], "aligned_model": [[-0.6201926611876193, -0.778298136838776, -0.08152959655529186, -0.3770025763397932, -0.016759051248677118, 0.08000259924907126, 0.6690043828543439, 0.18337860127500477, 0.44768509796258105, -0.15040314283759282, -0.3156476089566477, 0.41085172690338245, 0.34690107310807655, -0.03458944491924385], [-0.4120489330449413, -0.031930339314409695, -0.8433198071827469, 0.3254238438064029, -0.37823145719819007, 0.25904764154924215, 0.03993435134493753, 0.6934256982858348, -0.578996732419776, 0.33481736803257534, -0.26233876559631364, 0.2081287458049429, -0.3432194078563348, -0.09949089228623101], [-0.3549555523495971, 0.08251924813226126, 0.014588555879714929, -0.2828449031256597, -0.6288445721495505, -0.6231390597288241, -0.15014961822738104, -0.09972287385049015, -0.1291161457877575, 0.6629778019065528, 0.7474511533909626, 0.36242017116138786, 0.5673189646918434, 0.03938851073129929]], "inverted": false, "swapped": false, "error_lsq": 0.06201007321531389, "error_max": 0.3667444987123351, "target": "375.xyz", "model": "20.xyz", "model_rescale": 4.121658175737393, "target_rescale": 3.9158733882842665},
{"mapping": [8, 2, 4, 6, 3, 12, 0, 11, 10, 9, 1, 7, 13], "R": [[-0.44451931933268335, -0.6117916582039671, 0.6543038603676798], [0.845090721326839, -0.04421732376418669, 0.5327912358573628], [-0.2970256680276818, 0.789782118834792, 0.5366749083957025]], "T": [0.18408207094468015, -0.027261428683427763, 0.0030664140005007556], "aligned_model": [[0.06885628548352607, -0.2360612250577352, 0.2793261295897111, 0.529934112396474, 0.43188990438556973, -0.059536012237823344, -0.24534756809628444, 0.3691013771033439, -0.7147556364429819, -0.33042768444204046, -0.04554138565088822, 0.7960575158317604, 0.03758709180166281], [-0.5601097830592011, 0.01287068602872403, 0.5065941654952603, -0.4671277755808423, 0.4215643205869394, -0.6525032032634621, 0.4923562769367943, -0.532352879406362, 0.10867336365330785, -0.1580609878639843, 0.40056126876746867, 0.048061921517717446, -0.07970046964917663], [0.7195766848781562, 0.6792622799060417, 0.6051847966055584, 0.2767262199944164, -0.0884280030947624, 0.05071230498311327, 0.10813256579503905, -0.36456056424789574, -0.07303475193124237, -0.48803049180490343, -0.49616990001170935, -0.5180658752364816, -0.04119552635354092]], "inverted": true, "swapped": true, "error_lsq": 0.05560532371812304, "error_max": 0.3008822239330899, "target": "375.xyz", "model": "21.xyz", "model_rescale": 4.08911054899281, "target_rescale": 3.9158733882842665},
{"mapping": [0, 1, 7, 8, 6, 5, 9, 11, 12, 2, 4, 15, 14, 16], "R": [[0.5646084043485313, 0.6882569364918306, 0.4555433449298605], [-0.7745829246793708, 0.25125431663378256, 0.5804244663761542], [0.28502393326553777, -0.6805686282394829, 0.6749723695989867]], "T": [0.021774326118766098, -0.13084348502086174, 0.030283116871964735], "aligned_model": [[-0.6787088644418422, -0.5723782887884542, -0.059116042096547465, -0.2984757081850847, -0.38962563641553255, 0.35185993447838637, 0.7014265258725846, 0.05007242426573708, 0.5596956551161996, -0.2625890435433527, -0.35932535982833974, 0.20507569633302677, 0.521032945675318, -0.005542975973280784], [-0.46058856838576845, 0.3849353575883365, -0.7722456271809521, 0.27174588763143637, -0.32117150572235087, 0.12378074630982971, -0.05996499336400592, 0.6141595777907901, -0.6349602275928957, 0.09547617182163942, -0.43188263451499886, 0.43260654083091643, -0.16303221251914762, -0.1676571987678364], [0.004381805747318793, 0.13494083030804005, -0.26612239652458464, -0.43460797856425104, -0.5614004505135086, -0.5388733167394649, -0.1712032061198534, -0.14310282344895608, 0.06870784461702058, 0.6541186050371944, 0.5307135772864192, 0.4550556370982366, 0.432187710734228, 0.04309584175692368]], "inverted": false, "swapped": false, "error_lsq": 0.04081610453272796, "error_max": 0.22942146329438576, "target": "375.xyz", "model": "22.xyz", "model_rescale": 4.204369325754507, "target_rescale": 3.9158733882842665},
{"mapping": [14, 13, 10, 12, 3, 1, 6, 4, 2, 9, 11, 8, 5, 15], "R": [[0.07518991221228283, -0.2594975977267776, -0.9628122734342044], [-0.9674155130910748, 0.2151214210644506, -0.13352902017892654], [0.24177200444270222, 0.9414795648197805, -0.2348670408859343]], "T": [-0.06849067685934962, 0.07231479207158116, -0.012521928741505903], "aligned_model": [[-0.7055986032345816, -0.675304835047186, -0.1573183975013232, -0.3655611412924128, -0.19487773540373385, 0.32335453428220745, 0.6731798223814852, -0.1005789740867494, 0.4759635959416275, -0.11415826325084216, -0.34312283266945104, 0.5388538877553104, 0.4615040361672519, -0.05293383157278462], [-0.33944924324469367, 0.11781059838495603, -0.7058833295605703, 0.22989176466104533, -0.3699909840593642, -0.020018424053305603, -0.017582851522333548, 0.7883816853732208, -0.6050178916122926, 0.09248727328818461, -0.4055180510672781, 0.35580092007201986, -0.24536106241907846, 0.035650909684481494], [-0.1683514235301862, 0.2721472729692702, -0.07901521020865031, -0.4450236039757832, -0.7293346704723332, -0.535447670778463, -0.023779807064367556, -0.1570334304099291, -0.001785846802208644, 0.75332230444908, 0.4516613916317565, 0.3382491513097221, 0.5437606418971467, -0.011477418340292034]], "inverted": false, "swapped": false, "error_lsq": 0.0423551927118509, "error_max": 0.23393204545407886, "target": "375.xyz", "model": "23.xyz", "model_rescale": 4.410303926677745, "target_rescale": 3.9158733882842665},
{"mapping": [4, 15, 3, 5, 2, 12, 7, 6, 1, 9, 8, 13, 11, 16], "R": [[0.5234185043291082, 0.6309634491582459, -0.5726414193474036], [-0.33637346773980137, 0.7704800413309476, 0.541491824602516], [0.7828703337887954, -0.0908054609425608, 0.6155228742592992]], "T": [0.04314273270716612, -0.043618233790037125, 0.1123876295257654], "aligned_model": [[-0.49922643623972457, -0.46783835745996644, -0.0571632775513663, -0.37456070860429364, -0.26671371759215334, 0.19892453742387733, 0.6871732883368495, -0.0563483554136919, 0.5749706811638087, -0.220728927944917, -0.6644612721142216, 0.44980902696648734, 0.4065318264667492, 0.05303295503138074], [-0.40773306935015263, 0.3969602636563888, -0.8499909745857658, 0.15647474128228375, -0.4713253938093698, 0.3186219599131649, -0.07497904564305272, 0.6859862527157498, -0.7169855621495049, -0.028810636611410673, -0.3392098779872901, 0.5227140145494711, -0.12859537731458967, -0.1519259807409303], [-0.10473087289178452, 0.34498836880706607, -0.27355626774644304, -0.3131575148140612, -0.6318902195699079, -0.5881049872581436, -0.0493901179475464, -0.07649568475834966, 0.10397193533167291, 0.6803422627482539, 0.4084092832877022, 0.022515868481232243, 0.6237082121603384, 0.06128141484473319]], "inverted": false, "swapped": false, "error_lsq": 0.05115412189788088, "error_max": 0.35599865445554807, "target": "375.xyz", "model": "24.xyz", "model_rescale": 4.28219845311461, "target_rescale": 3.9158733882842665},
{"mapping": [1, 0, 9, 8, 5, 10, 14, 6, 12, 4, 3, 2, 13, 15], "R": [[-0.36998950823985766, -0.5751303257652037, -0.7296114528827236], [0.39275406517231537, -0.8085425079092419, 0.4381817627360294], [-0.8419334938598468, -0.12443520920159146, 0.5250370183405235]], "T": [0.021306315889261594, -0.18020896781448453, 0.07761386451840012], "aligned_model": [[-0.6038203020731229, -0.34103634487015727, 0.01215148448733843, -0.2857129227287326, -0.4155621943689134, 0.25157318681820384, 0.65215415809277, -0.006622612479437663, 0.7003877383546193, -0.3303797315099182, -0.6278799500670639, 0.32044331891818795, 0.4480928232695795, -0.010387389374535878], [-0.10676344567520182, 0.5018927277602614, -0.8535870340765279, 0.08538803478366841, -0.5054183624770359, 0.12703192878293096, 0.17109728498439097, 0.6660783341059584, -0.5119672421607879, -0.05184336069489445, -0.5368207175512918, 0.33968446476920017, -0.29352446972080404, -0.12004682890487448], [-0.03943256062679769, 0.3402909383631638, 0.019718676306747215, -0.4855410664358868, -0.5771116010640538, -0.6168535705989624, -0.16478981042531554, -0.2309552728388773, -0.03729814224422258, 0.7056964769184512, 0.3043970140316742, 0.4077773036862538, 0.4750170993854972, 0.106976196217091]], "inverted": true, "swapped": false, "error_lsq": 0.05208042795407287, "error_max": 0.38523699108354686, "target": "375.xyz", "model": "25.xyz", "model_rescale": 4.100010024507729, "target_rescale": 3.9158733882842665},
{"mapping": [11, 6, 5, 8, 1, 0, 3, 2, 12, 10, 9, 13], "R": [[0.1982515556100411, -0.855921498707328, -0.477592617979801], [-0.9707526055698881, -0.23878030714959358, 0.02496685196053358], [-0.13540937736165928, 0.4586745610649745, -0.8782265923748727]], "T": [-0.07381750160878794, 0.01894078836072803, 0.09584094811578495], "aligned_model": [[-0.48575289146468137, 0.13329731055527458, 0.2037029347257953, 0.6244089254442959, -0.5194117149830705, 0.10865260442561112, -0.1729692574857616, 0.6500793825668565, -0.027300135857632357, -0.031995364606204196, -0.5037065696662202, -0.10223962129125645], [-0.45166331943558574, -0.5677988969929535, -0.2634082996427532, -0.4181186033671082, 0.5525796523827049, 0.6759894132643273, 0.23960702453625876, 0.22393197005693605, -0.3397700791092949, 0.6696796584517624, 0.2759131844116802, 0.06918968549466532], [-0.08675182471596588, 0.12457635030864891, 0.6884012710382059, -0.26754626043242347, 0.13672431043158167, 0.0747925265627468, 0.557034882812474, -0.16745307267157047, -0.4713537506460349, -0.5421000454368256, -0.4258539443205107, -0.05527815307596959]], "inverted": false, "swapped": true, "error_lsq": 0.05477944351211947, "error_max": 0.27681857609972815, "target": "375.xyz", "model": "26.xyz", "model_rescale": 3.6694154284099745, "target_rescale": 3.9158733882842665},
{"mapping": [9, 3, 10, 7, 8, 5, 0, 1, 4, 12, 11, 6, 2, 13], "R": [[-0.8655319053498456, -0.4071267603748984, -0.2917230224169946], [0.4583760011157833, -0.40914932615860394, -0.7889792586025719], [0.2018562915109896, -0.8166055534287044, 0.5407489322105314]], "T": [-0.03225437039865581, -0.11459680895188729, -0.04451519617336597], "aligned_model": [[-0.6778175604449259, -0.6296365285354069, -0.06409224974833647, -0.3798550877972863, -0.15847488717318586, 0.31605165079117187, 0.6151051439466522, 0.3343434481647487, 0.5263479193958853, -0.3627488668828081, -0.21736157218740204, 0.07717089932650885, 0.3802567001890892, 0.004112253424113428], [-0.326779098034754, 0.41482076903589105, -0.7121145565302436, 0.2401103555450551, -0.4852800640584596, 0.2407497855152837, 0.009116936719188923, 0.6845921372001994, -0.6788185312813054, 0.027095669682286938, -0.5428244820386028, 0.3994789851332824, -0.23429644488722268, -0.12465014807560729], [0.011075984127027122, 0.0807158127300801, 0.017530034586456272, -0.43114821783207036, -0.5495097485784545, -0.6596495011220052, -0.09505143516857521, -0.12544554566364918, -0.2569955481517236, 0.6628951816481926, 0.6755763626536136, 0.39700787240365487, 0.4823968078679004, -0.0015063788256845234]], "inverted": false, "swapped": false, "error_lsq": 0.05333722051430735, "error_max": 0.34618873421147, "target": "375.xyz", "model": "27.xyz", "model_rescale": 4.103607728864725, "target_rescale": 3.9158733882842665},
