[{"mapping": [8, 2, 4, 9, 6, 5, 7, 10, 1, 0, 11], "R": [[-0.21328039015590955, 0.47895914929790434, 0.8515336801787532], [-0.4421577220998851, -0.8245398857769185, 0.35303048813158755], [0.8712106656615173, -0.3012177120735333, 0.3876336749700704]], "T": [-0.15408835067798393, 0.23009799027737032, 0.09528444864854405], "aligned_model": [[-0.08808040464287671, 0.594262854522712, 0.20682786357942035, -0.6921414272721402, -0.41642905853562995, -0.017456483581145377, -0.5220446700389515, -0.6549231695211186, 0.23993918690152471, 0.34601178261922466, -0.11144239200595278], [0.6386278824779463, 0.3706994899796009, 0.7610107448471292, 0.4390591126224645, 0.02336881516516709, -0.5014833271922278, -0.623428627294119, -0.0031750915047493167, -0.22402783623121958, 0.030005567894009627, 0.18713113833738426], [-0.3862233591074903, -0.16730256082178893, 0.585406474336832, -0.09495371929839211, -0.5478289850574655, 0.4624449603501535, -0.08555738833978882, 0.49089726380384424, -0.2794055470090313, 0.3996760930515637, 0.12945209023254967]], "inverted": true, "swapped": false, "error_lsq": 0.05937226762850252, "error_max": 0.38944867096261926, "target": "376.xyz", "model": "0.xyz", "model_rescale": 3.751011558992144, "target_rescale": 3.883503516476037},
{"mapping": [10, 6, 11, 9, 8, 0, 2, 13, 1, 7, 14], "R": [[-0.6842752485906826, 0.6880413564499424, 0.24159154782542164], [-0.3085320502626576, 0.027021143428741123, -0.9508300751283187], [-0.6607384945096514, -0.7251682216026339, 0.19379291073409444]], "T": [-0.1433796338360262, 0.09149804162081154, 0.013487310701980192], "aligned_model": [[-0.20552187440644265, 0.5434984442542792, 0.125583457842804, -0.5619281110692529, -0.3480278346741088, 0.09735925699517334, -0.684913414196098, -0.7410385636983192, 0.42935380221585967, 0.38238324060912204, -0.15222432184794998], [0.7781429647318795, 0.3946221997693115, 0.7777249827962254, 0.5818878695261046, -0.23486138934504752, -0.5993552675184872, -0.5307857337760794, 0.06218659084053982, -0.24743748225425177, -0.01091100133721401, 0.12657413566840575], [-0.4304843546456461, 0.01981153839176076, 0.31923627545292793, 0.14959245471592963, -0.5269078112719782, 0.2141636924516253, 0.07042736334359051, 0.4251265225241694, -0.1933572476493886, 0.4043361453847009, 0.05466074344329467]], "inverted": true, "swapped": false, "error_lsq": 0.051222264088264476, "error_max": 0.25468434483683505, "target": "376.xyz", "model": "1.xyz", "model_rescale": 3.9405287249114394, "target_rescale": 3.883503516476037},
{"mapping": [11, 0, 5, 9, 3, 1, 4, 8, 6, 2, 12], "R": [[0.271452550038042, -0.9606284258253068, -0.05921604997158521], [0.8765159333943253, 0.27215958979599525, -0.3970503446515949], [0.39753406342566294, 0.05587651723638985, 0.9158845359748207]], "T": [-0.12398947085953915, 0.0217148481178963, -0.03971164757524672], "aligned_model": [[-0.04427615987717125, 0.6990910679324674, 0.17609212671086938, -0.6204887315367402, -0.4931544671463794, 0.31686290343247414, -0.49227251959950646, -0.8497093094522962, 0.18325847273569762, 0.12764145873614696, -0.1185207599104954], [0.6709930691560394, 0.18124018186534496, 0.5936249209854881, 0.6256389696687396, -0.16516415172650484, -0.5415966927185772, -0.536226676451628, 0.07756171620642777, 0.06666905408865594, 0.11598480068868185, 0.00906267733871844], [-0.32201975722666093, -0.03523026045695061, 0.29337420281309695, 0.15813992973990668, -0.43416458963878957, 0.30022308792525865, 0.1718647524665348, 0.22656192097290453, -0.485731281572967, 0.5863591781583307, 0.047228138960322165]], "inverted": true, "swapped": false, "error_lsq": 0.06376648602091356, "error_max": 0.27832207933467296, "target": "376.xyz", "model": "2.xyz", "model_rescale": 3.932901565614263, "target_rescale": 3.883503516476037},
{"mapping": [11, 8, 9, 10, 1, 0, 2, 6, 3, 7, 13], "R": [[0.8026139416541058, -0.5609929159221904, -0.20272594542282385], [-0.318855668061266, -0.1162667963654986, -0.9406450419834825], [0.5041249087355864, 0.819615141604901, -0.2721931226984157]], "T": [-0.07012510389546307, 0.08873025992368073, 0.10420651079593538], "aligned_model": [[-0.018153279851944426, 0.522146697877873, 0.18301212115213567, -0.6229372252384596, -0.4852815577666833, 0.005876188720318767, -0.6014669194216287, -0.6925144037585717, 0.299941857818001, 0.44107315270800623, -0.14717255021398043], [0.6839416944658743, 0.48945947269631856, 0.6191280117191951, 0.4796548801495403, -0.24781544104997794, -0.5646559334112471, -0.5426235421524098, 0.0850289753884591, -0.056398618020931754, -0.0019174628126380072, 0.15398583212920403], [-0.5596692125614127, -0.061374093100465626, 0.54510639690877, -0.12972112779932735, -0.4087756827326272, -0.023310605792503297, 0.2193937707499886, 0.3858270366644476, -0.21622059591621876, 0.5943104591124484, 0.16103897660788652]], "inverted": true, "swapped": false, "error_lsq": 0.04922376069570061, "error_max": 0.29079880479660913, "target": "376.xyz", "model": "3.xyz", "model_rescale": 3.9243930471874484, "target_rescale": 3.883503516476037},
{"mapping": [11, 10, 8, 9, 5, 2, 0, 1, 6, 4, 12], "R": [[-0.7165881932417695, 0.15245340896444984, -0.6806315592165961], [0.33343107899671487, -0.7822270129808856, -0.5262552761940616], [-0.6126378023478336, -0.604052032740657, 0.509701937289135]], "T": [-0.03742052927086198, 0.1602603814320886, 0.07783460295963304], "aligned_model": [[-0.10289439212155188, 0.5756410114253361, 0.06709421946318835, -0.41973788693501063, -0.5045930554224168, 0.004405849072296686, -0.3676027899891073, -0.6988284800842268, 0.13734640901077705, 0.3097177472897161, -0.11602454968393433], [0.683926823224811, 0.49128272655584093, 0.5977615691600242, 0.7524896772477392, -0.18717384120480246, -0.6318894569562252, -0.6223529607407616, -0.012662582817985962, -0.04577162931556747, -0.014112854206980052, 0.08629039815529387], [-0.5117590812086055, -0.030366477750717047, 0.5182954377110685, 0.10585764674999991, -0.40658504107305593, 0.5489648163079613, 0.03519208051287906, 0.28471009937793257, -0.5918846237075205, 0.5266733948207977, 0.027507070400246282]], "inverted": true, "swapped": false, "error_lsq": 0.0701403491152785, "error_max": 0.40263689990206786, "target": "376.xyz", "model": "4.xyz", "model_rescale": 3.8936222436046832, "target_rescale": 3.883503516476037},
{"mapping": [2, 0, 1, 4, 10, 8, 7, 5, 3, 9, 11], "R": [[-0.5823357341527062, 0.6907551957026306, 0.42865178448088803], [0.775953173308966, 0.31503488773710114, 0.5464885107119988], [0.2424495113638612, 0.6508535005039866, -0.719449758719212]], "T": [-0.10401945398219677, -0.0045917035429090675, 0.09956681942694348], "aligned_model": [[-0.06428796223574292, 0.6349594940106054, 0.041642483534420335, -0.7009290219222042, -0.38553087831504124, 0.1608516045269564, -0.5848546905525552, -0.7100431410165392, 0.3295562757843484, 0.38181153488723324, -0.21865161667641458], [0.5312676861703206, 0.4723534449707203, 0.688590473798427, 0.44845130040098335, -0.16712349801827336, -0.6787914215716784, -0.4175013434344659, 0.3263213487029932, -0.06117079735508123, -0.150581759241675, 0.10597243467911564], [-0.41853991469633467, 0.00390204686261561, 0.4755852180941871, -0.16325556011106115, -0.44246835769699167, -0.045901008304801344, 0.23391945968759353, 0.5243052090898815, -0.2733848195585825, 0.45268308599148543, 0.1597599627829943]], "inverted": true, "swapped": false, "error_lsq": 0.048465149391113745, "error_max": 0.23783604830911534, "target": "376.xyz", "model": "5.xyz", "model_rescale": 3.6523030999806103, "target_rescale": 3.883503516476037},
{"mapping": [2, 10, 6, 1, 3, 11, 7, 5, 4, 9, 12], "R": [[-0.11426921427477793, -0.7586061861777129, 0.6414508562329075], [0.599916650694224, -0.5673515369942779, -0.5641030452763531], [0.7918601889783636, 0.32035743750244955, 0.519931296757576]], "T": [-0.14718045251274223, 0.16339600295956974, 0.13975325095796257], "aligned_model": [[-0.0500133096412653, 0.6226175909839482, 0.09304373711979136, -0.5883611988884039, -0.5121250809701429, 0.24601283443460167, -0.37699875928883675, -0.7279479467572175, 0.14996039752488802, 0.26271990195977357, -0.2343840844520698], [0.5602783367929816, 0.2886444040129141, 0.7523080162388507, 0.6384003253849275, -0.15892926497817622, -0.6034331396255252, -0.47817100050518074, 0.10539736578046109, 0.039817933924946966, -0.1518593366385056, 0.10533422871369236], [-0.4999768434148567, 0.11983210818850282, 0.27428741540270896, -0.1094561162377416, -0.3557894240529086, -0.03896750419579795, 0.18867549163654979, 0.49082134364242147, -0.3351860904526075, 0.6449845301151915, 0.1273804115095239]], "inverted": true, "swapped": false, "error_lsq": 0.0543479706496411, "error_max": 0.26708115864035364, "target": "376.xyz", "model": "6.xyz", "model_rescale": 4.08911054899281, "target_rescale": 3.883503516476037},
{"mapping": [5, 7, 13, 10, 4, 0, 9, 11, 6, 2, 14], "R": [[0.7232615176901684, 0.08250634329287947, -0.6856278001546844], [0.31588260738882934, 0.8433547212175692, 0.43470793936765295], [0.6140936047360767, -0.5309854211901434, 0.5839036967735154]], "T": [-0.18292011420113, 0.11871486748520244, 0.04788526354917548], "aligned_model": [[-0.10040620526222817, 0.49447442076212245, 0.06661612877940423, -0.7576066744059692, -0.2432404241734504, 0.2184144254590075, -0.6396080867090332, -0.5997482069915825, 0.20609850209808514, 0.5217955001207621, -0.2822652976520513], [0.6306353692982873, 0.4671223134152982, 0.5284611042594074, 0.5098342343148896, 0.017350870428640253, -0.7252985031251417, -0.4607231722278481, 0.2920522816402758, -0.13388089640338136, -0.053814676515112236, 0.026048944016071343], [-0.5103531122710383, -0.09009248885981726, 0.6008176348570599, -0.1419459691620341, -0.64705091338207, 0.15384846759020265, 0.312922924661532, 0.42303795895714297, -0.13651338799595464, 0.39966502798882614, 0.14226917975713677]], "inverted": false, "swapped": false, "error_lsq": 0.05526253613874317, "error_max": 0.2497199767265091, "target": "376.xyz", "model": "7.xyz", "model_rescale": 3.964800864290218, "target_rescale": 3.883503516476037},
{"mapping": [12, 10, 8, 7, 2, 3, 0, 1, 6, 5, 13], "R": [[0.6767606959375121, -0.17479216992490687, -0.7151521920312607], [-0.699548930250737, 0.15001522292663655, -0.6986606666152899], [0.22940412947291078, 0.9731100298646675, -0.020751268818122073]], "T": [-0.06702423504036104, 0.08360901600275047, -0.08817074144040526], "aligned_model": [[-0.16689259307251508, 0.6943283453742534, 0.010026344972355383, -0.6019685820430968, -0.6486129145168004, 0.18292505717806284, -0.40244336446827045, -0.627771881683388, 0.1765808551009336, 0.3030343239224008, -0.03468150873886869], [0.7261408448200009, 0.22968303953335764, 0.6861055724046407, 0.5473428264151226, -0.06815180475032481, -0.5474106174235238, -0.5377039900583364, 0.11020109669017045, -0.310215271837054, 0.12468419750951157, 0.13711197579782206], [-0.4726887479229247, 0.18411337662897392, 0.3831239530458034, -0.013079705677461848, -0.36625703909510204, 0.1673723454402346, 0.032757041289216526, 0.4097999697479292, -0.4375484933698336, 0.6604548093999141, -0.04144218734576309]], "inverted": true, "swapped": false, "error_lsq": 0.05596555163977352, "error_max": 0.2869896611529585, "target": "376.xyz", "model": "8.xyz", "model_rescale": 4.121658175737393, "target_rescale": 3.883503516476037},
{"mapping": [9, 4, 1, 6, 7, 10, 11, 8, 5, 0, 12], "R": [[0.9788959592049411, -0.09903151321346, 0.17876090300423872], [0.031117569090562024, 0.9367698400695448, 0.34855984225090186], [-0.20197623114151983, -0.33564121637059385, 0.9200818311036989]], "T": [-0.17119565904192552, 0.023943621537381762, 0.1279774655319349], "aligned_model": [[-0.1279899596647745, 0.4998413710278368, 0.0994558177568991, -0.4726822518042572, -0.508758399652236, 0.1466752017021753, -0.5597231824112312, -0.869919202212178, 0.2830924042403034, 0.529071937763516, -0.13453965472098708], [0.5242368323448203, 0.5833518264282627, 0.5235572399820824, 0.6422011649072991, -0.13725039737249284, -0.6653943413643706, -0.478040894051383, 0.18020399605390724, -0.1766443625078873, 0.011820947719928879, 0.08974585696121948], [-0.5361232706491524, -0.0298188661574926, 0.5179335221392648, 0.04404002129679159, -0.43351945764088573, 0.14385573330998952, 0.11849146283686576, 0.26184846053407584, -0.2395884775200745, 0.4861709562127751, 0.17331523777882854]], "inverted": true, "swapped": false, "error_lsq": 0.0554313888759017, "error_max": 0.3152583442349402, "target": "376.xyz", "model": "9.xyz", "model_rescale": 3.833441315466971, "target_rescale": 3.883503516476037},
{"mapping": [0, 8, 11, 1, 5, 3, 4, 6, 2, 7, 14], "R": [[0.18023555958025983, 0.522111412656856, 0.8336155083947592], [0.8834706251596052, -0.4585114318814443, 0.09616091365063095], [0.43242895086116406, 0.7191431982626895, -0.5439101606420156]], "T": [-0.08529205732765745, 0.23506949173612188, 0.05684374401636341], "aligned_model": [[-0.2951947494713981, 0.6725833203260232, 0.26284037929573184, -0.7481734978530671, -0.37692652061266024, 0.11881774555708753, -0.5480009281802244, -0.6589078454356005, 0.24305044640331375, 0.23923318271234073, -0.024797450716479867], [0.6394540985395926, 0.41011228200347916, 0.5616786593324106, 0.49317644568397345, -0.06006487805748781, -0.5935513705621637, -0.4093448366030744, 0.1115042852563805, -0.2243178657571593, 0.006705624777519431, 0.1624354244879161], [-0.4493547460197871, 0.0064027299658019066, 0.5441499508886869, -0.142098280313702, -0.4772725776383936, 0.2182392355210154, 0.13773412883263095, 0.39878838197086863, -0.3879086713190141, 0.5920514510110509, 0.06587371924182836]], "inverted": false, "swapped": false, "error_lsq": 0.04027495809753383, "error_max": 0.21419589785502213, "target": "376.xyz", "model": "10.xyz", "model_rescale": 4.2482417240324, "target_rescale": 3.883503516476037},
{"mapping": [9, 5, 4, 10, 8, 2, 1, 0, 7, 6, 11], "R": [[0.5142064922222552, 0.6735432974310774, 0.5309718540960107], [-0.5452267742343245, 0.7346027151774447, -0.40383983893613007], [-0.6620569824528075, -0.08184300421903826, 0.7449713247138346]], "T": [-0.11536934018887904, -0.01935451436734001, 0.021347963829132136], "aligned_model": [[-0.049946190347235825, 0.554206262587086, 0.13341407931615798, -0.549211021473144, -0.5430376148219659, 0.2589545523258956, -0.5796766475132856, -0.68708359404726, 0.25145408165808414, 0.17413343922882188, -0.07868326488808745], [0.6604870626589914, 0.3146475732573971, 0.7055722063943021, 0.4367872669692897, -0.1118124249072035, -0.6426977267907283, -0.5116402897327093, 0.13947040951541245, 0.019954490410027365, -0.01329393876773513, 0.10031324009434252], [-0.4400045518788185, 0.08690166663111377, 0.4437549239249609, -0.1154673621909489, -0.40924373442546186, 0.15948611715020317, 0.22437503960051353, 0.49225871059824644, -0.5465002782419777, 0.6015492636172349, 0.009495527355920325]], "inverted": false, "swapped": false, "error_lsq": 0.04943966244918362, "error_max": 0.30386491779979263, "target": "376.xyz", "model": "11.xyz", "model_rescale": 3.6694154284099745, "target_rescale": 3.883503516476037},
{"mapping": [0, 5, 12, 1, 4, 9, 8, 2, 6, 7, 13], "R": [[0.42126093623636607, 0.7727102944771069, -0.47482420369054834], [0.6023989720882077, 0.15298000891468078, 0.7833981077967546], [0.6779783934819248, -0.6160486325620463, -0.4010353853341393]], "T": [-0.07905816527359952, 0.04005814842178363, 0.05958593080261145], "aligned_model": [[-0.04750946691626137, 0.6031909473139094, -0.0518529666771243, -0.7440936744819833, -0.4521591519227731, 0.05360218842908712, -0.5825245542143707, -0.626134474636334, 0.29398478577358145, 0.5529627629280779, -0.11494231357074279], [0.5808470266029115, 0.46005435515954035, 0.5875858500744, 0.5529935646370882, 0.0005436828059931578, -0.6694981797103623, -0.49910840445625354, 0.12323887228153896, -0.018784318593874715, -0.14732427110507185, 0.12723969140547683], [-0.40655775229629454, 0.00752704898467358, 0.46113517231455725, -0.04576360353684498, -0.5783113262214363, 0.41117847147034736, 0.22816491755850832, 0.4061433608261702, -0.3614026132258358, 0.402518422172117, -0.018026775904975957]], "inverted": true, "swapped": false, "error_lsq": 0.05177835053810868, "error_max": 0.2969685937173138, "target": "376.xyz", "model": "12.xyz", "model_rescale": 3.9764082729961374, "target_rescale": 3.883503516476037},
{"mapping": [7, 1, 9, 4, 3, 11, 14, 6, 8, 12, 15], "R": [[-0.4228739529703166, -0.9061195989302406, -0.011175523869548731], [0.16836313128684635, -0.06644315296809578, -0.9834831790360965], [0.8904108467008627, -0.4177709657912558, 0.18065421173970678]], "T": [-0.04724683345036589, 0.1933226704711169, 0.1555425591628998], "aligned_model": [[-0.24393401508090978, 0.5822854986759564, 0.18956363652827185, -0.6185630540073433, -0.32859318261396964, 0.04918851632548626, -0.5329215670228221, -0.7076678079743224, 0.2905643616283972, 0.3404102142740091, -0.13580851870768645], [0.5261619364494499, 0.2730496883220115, 0.6905950180532272, 0.6028452151006223, -0.22121491898272166, -0.572598702822634, -0.44102695054487456, 0.05248977399016802, -0.12051116358668673, 0.12053203423589443, 0.1874659388869299], [-0.4937384851686195, 0.12994522154366966, 0.39666522536476434, 0.008054310994125902, -0.5208051813195564, -0.030493383586973954, 0.13255014603897808, 0.5128506018611376, -0.38022302178513556, 0.6571769594728879, 0.09462292872570831]], "inverted": false, "swapped": false, "error_lsq": 0.049377395045751775, "error_max": 0.2737711651584738, "target": "376.xyz", "model": "13.xyz", "model_rescale": 4.170626492500431, "target_rescale": 3.883503516476037},
{"mapping": [4, 5, 6, 2, 0, 9, 1, 3, 10, 11, 13], "R": [[0.05284083101655773, 0.6147849602112705, 0.7869226768085326], [-0.2520079066255834, 0.7707274484002253, -0.5852104025738687], [-0.966281460846513, -0.16738773246718136, 0.19565654970847396]], "T": [-0.12543856584203486, 0.08252929752723726, -0.1181218908352818], "aligned_model": [[-0.06013679761501703, 0.5816763383191382, 0.0294059594692819, -0.6155818840939868, -0.6473357664428857, 0.07268295592013205, -0.576546950877225, -0.40734228398337535, 0.2577403912342905, 0.3090297836218714, -0.05906766352715735], [0.638655200904557, 0.5774575941015778, 0.6650442283546959, 0.5197904221131566, -0.03381377421063114, -0.6114180917743317, -0.5250489108394532, 0.05926223697503256, -0.2997258046314602, -0.005838598393144184, 0.11342336650138721], [-0.553464042771211, 0.16867825198090214, 0.4685541657532596, -0.07946437235352787, -0.38259496733168985, 0.2499695678540751, 0.016653535575511913, 0.5107362346757361, -0.2774430404117665, 0.4324124127424873, -0.047432423572790275]], "inverted": false, "swapped": false, "error_lsq": 0.0606588885813589, "error_max": 0.33216523004749765, "target": "376.xyz", "model": "14.xyz", "model_rescale": 3.9786697098870705, "target_rescale": 3.883503516476037},
{"mapping": [5, 10, 4, 2, 8, 6, 9, 0, 7, 1, 11], "R": [[-0.7388336195407418, 0.5773535142803241, 0.3475453958614422], [0.25173479343416083, 0.7148560569016756, -0.6523882369307783], [-0.6251035725469719, -0.39451709400119594, -0.6734996556271314]], "T": [-0.14060902628562377, 0.05051570090767517, 0.04802780870595562], "aligned_model": [[-0.11076445624460272, 0.6374849801301511, -0.029981019182647423, -0.7685823221517577, -0.43082096987366725, 0.19168342194322036, -0.47847936003250746, -0.5531812970918095, 0.31050229596168566, 0.24720382338059466, -0.13054101481359318], [0.5714876813365449, 0.3312153913976486, 0.6377992342298432, 0.6483923009707274, 0.1176156168715566, -0.6526371926768754, -0.47221219900446293, 0.1296374581060002, -0.1340634457984738, -0.03369762992835071, -0.04574934640277144], [-0.5621828802999286, 0.13801886068096303, 0.1813478207979204, 0.0028556154549796847, -0.3803444068945488, 0.19807256168876086, 0.05169499788022548, 0.6024008374315784, -0.3984082101502861, 0.5986469148361473, 0.07450321071517449]], "inverted": false, "swapped": false, "error_lsq": 0.05586886640395463, "error_max": 0.31861905822787273, "target": "376.xyz", "model": "15.xyz", "model_rescale": 3.769337070930944, "target_rescale": 3.883503516476037},
{"mapping": [0, 1, 5, 4, 2, 9, 8, 6, 3, 7, 10], "R": [[-0.586922158360722, -0.78642159066517, 0.19251873093508476], [0.3023016220605942, -0.4334431974806938, -0.8489645009405554], [0.7510899475593622, -0.44007735262494074, 0.492133939473695]], "T": [-0.05844431493963791, 0.10567164051103219, 0.08662852184511513], "aligned_model": [[-0.01097028583422175, 0.6911155042134921, -0.017311168510674282, -0.5832861770569053, -0.5557458290445491, 0.27733705074838627, -0.4364409150638496, -0.7339288092099681, 0.06720398336546171, 0.2760167488100792, -0.0894660203921844], [0.5185602387098996, 0.3862218186810832, 0.6748051717160206, 0.6742858654854803, -0.08915073542567627, -0.6261811223957284, -0.5232368477913055, 0.1459542307187269, -0.277245977727262, 0.11373945180832747, 0.10003577532182033], [-0.4080828451758224, 0.06254281155269487, 0.4393975814880492, -0.00955571523908988, -0.42450874360207913, -0.024825911869807732, 0.23857060088327134, 0.3579308263431893, -0.47642568646207717, 0.7184569868888304, 0.03310541733382774]], "inverted": false, "swapped": false, "error_lsq": 0.0586591169080573, "error_max": 0.3318008266138666, "target": "376.xyz", "model": "16.xyz", "model_rescale": 3.7852294659196426, "target_rescale": 3.883503516476037},
{"mapping": [11, 9, 10, 7, 2, 3, 1, 5, 8, 0, 12], "R": [[-0.5867583745492064, -0.12310994024306032, 0.8003490191845828], [-0.07514893540450251, -0.9758314571902922, -0.20519650256629954], [0.8062674788207345, -0.1805461430527431, 0.5633256987079813]], "T": [-0.1368278158199695, 0.08332397140596903, 0.10136340193489914], "aligned_model": [[-0.09609486752496582, 0.6341087551999467, 0.07467116742633195, -0.7199479123471996, -0.4014266576431905, 0.015093768482858788, -0.6418835328153784, -0.6391571480987176, 0.35846406140073894, 0.38732367511866805, -0.08662722717402585], [0.5403885156264527, 0.46940596284911995, 0.7544212883246604, 0.37210796344747504, -0.15488561008967466, -0.6949112531636104, -0.3739892484049181, 0.16416163723931163, 0.02694826912815209, -0.16609531354796853, 0.1602356576923865], [-0.47079470888150066, 0.03924025923279496, 0.4939849074455555, -0.15940807684118719, -0.39596010366256346, 0.04000267651047669, 0.2015507063378143, 0.5177040368426473, -0.3178187157709247, 0.4602539013613836, 0.09785043956648995]], "inverted": true, "swapped": false, "error_lsq": 0.05026300630935121, "error_max": 0.22580074673466938, "target": "376.xyz", "model": "17.xyz", "model_rescale": 3.901054581598922, "target_rescale": 3.883503516476037},
{"mapping": [10, 6, 11, 9, 8, 0, 2, 13, 1, 7, 14], "R": [[-0.6842752485906826, 0.6880413564499424, 0.24159154782542164], [-0.3085320502626576, 0.027021143428741123, -0.9508300751283187], [-0.6607384945096514, -0.7251682216026339, 0.19379291073409444]], "T": [-0.1433796338360262, 0.09149804162081154, 0.013487310701980192], "aligned_model": [[-0.20552187440644265, 0.5434984442542792, 0.125583457842804, -0.5619281110692529, -0.3480278346741088, 0.09735925699517334, -0.684913414196098, -0.7410385636983192, 0.42935380221585967, 0.38238324060912204, -0.15222432184794998], [0.7781429647318795, 0.3946221997693115, 0.7777249827962254, 0.5818878695261046, -0.23486138934504752, -0.5993552675184872, -0.5307857337760794, 0.06218659084053982, -0.24743748225425177, -0.01091100133721401, 0.12657413566840575], [-0.4304843546456461, 0.01981153839176076, 0.31923627545292793, 0.14959245471592963, -0.5269078112719782, 0.2141636924516253, 0.07042736334359051, 0.4251265225241694, -0.1933572476493886, 0.4043361453847009, 0.05466074344329467]], "inverted": true, "swapped": false, "error_lsq": 0.051222264088264476, "error_max": 0.25468434483683505, "target": "376.xyz", "model": "18.xyz", "model_rescale": 3.9405287249114394, "target_rescale": 3.883503516476037},
{"mapping": [2, 8, 9, 10, 1, 4, 12, 14, 0, 7, 15], "R": [[0.44457671760233175, -0.47082267296668767, 0.7620220159460227], [-0.8804482213123631, -0.3862169494512859, 0.27504071979334155], [0.16481041154560927, -0.7931976289532432, -0.5862380486364909]], "T": [-0.15894949039414807, 0.08500045907327777, 0.10422369785820154], "aligned_model": [[-0.2675226454292026, 0.5521883704200092, 0.22164688630025153, -0.737224720830675, -0.2600705532070704, 0.20147347711860886, -0.45354707673529315, -0.868161414500223, 0.2784819225168968, 0.38989144566584566, -0.1726316092940811], [0.7133118529348694, 0.24254523040950193, 0.5506638067041274, 0.5914741997205678, -0.09221970738431451, -0.539173851399347, -0.37616782436254603, 0.13945292597375253, -0.26350166536498454, 0.015306324722521969, 0.11609657714723765], [-0.48633700635643284, -0.10006713276627441, 0.5809981641175227, -0.06005090408881167, -0.5233804506588132, 0.2273770301371127, 0.1302071288137186, 0.410479044963191, -0.2956191290333361, 0.5395878023537738, 0.08341077465933583]], "inverted": true, "swapped": false, "error_lsq": 0.04529282637301701, "error_max": 0.20434914928327363, "target": "376.xyz", "model": "19.xyz", "model_rescale": 4.410303926677745, "target_rescale": 3.883503516476037},
{"mapping": [12, 10, 8, 7, 2, 3, 0, 1, 6, 5, 13], "R": [[0.6767606959375121, -0.17479216992490687, -0.7151521920312607], [-0.699548930250737, 0.15001522292663655, -0.6986606666152899], [0.22940412947291078, 0.9731100298646675, -0.020751268818122073]], "T": [-0.06702423504036104, 0.08360901600275047, -0.08817074144040526], "aligned_model": [[-0.16689259307251508, 0.6943283453742534, 0.010026344972355383, -0.6019685820430968, -0.6486129145168004, 0.18292505717806284, -0.40244336446827045, -0.627771881683388, 0.1765808551009336, 0.3030343239224008, -0.03468150873886869], [0.7261408448200009, 0.22968303953335764, 0.6861055724046407, 0.5473428264151226, -0.06815180475032481, -0.5474106174235238, -0.5377039900583364, 0.11020109669017045, -0.310215271837054, 0.12468419750951157, 0.13711197579782206], [-0.4726887479229247, 0.18411337662897392, 0.3831239530458034, -0.013079705677461848, -0.36625703909510204, 0.1673723454402346, 0.032757041289216526, 0.4097999697479292, -0.4375484933698336, 0.6604548093999141, -0.04144218734576309]], "inverted": true, "swapped": false, "error_lsq": 0.05596555163977352, "error_max": 0.2869896611529585, "target": "376.xyz", "model": "20.xyz", "model_rescale": 4.121658175737393, "target_rescale": 3.883503516476037},
{"mapping": [2, 10, 6, 1, 3, 11, 7, 5, 4, 9, 12], "R": [[-0.11426921427477793, -0.7586061861777129, 0.6414508562329075], [0.599916650694224, -0.5673515369942779, -0.5641030452763531], [0.7918601889783636, 0.32035743750244955, 0.519931296757576]], "T": [-0.14718045251274223, 0.16339600295956974, 0.13975325095796257], "aligned_model": [[-0.0500133096412653, 0.6226175909839482, 0.09304373711979136, -0.5883611988884039, -0.5121250809701429, 0.24601283443460167, -0.37699875928883675, -0.7279479467572175, 0.14996039752488802, 0.26271990195977357, -0.2343840844520698], [0.5602783367929816, 0.2886444040129141, 0.7523080162388507, 0.6384003253849275, -0.15892926497817622, -0.6034331396255252, -0.47817100050518074, 0.10539736578046109, 0.039817933924946966, -0.1518593366385056, 0.10533422871369236], [-0.4999768434148567, 0.11983210818850282, 0.27428741540270896, -0.1094561162377416, -0.3557894240529086, -0.03896750419579795, 0.18867549163654979, 0.49082134364242147, -0.3351860904526075, 0.6449845301151915, 0.1273804115095239]], "inverted": true, "swapped": false, "error_lsq": 0.0543479706496411, "error_max": 0.26708115864035364, "target": "376.xyz", "model": "21.xyz", "model_rescale": 4.08911054899281, "target_rescale": 3.883503516476037},
{"mapping": [4, 15, 1, 0, 13, 9, 10, 6, 14, 11, 16], "R": [[0.17277738720127767, -0.1271773076082997, -0.9767158782887702], [0.5256534943902121, 0.8505133985105005, -0.017758456843946058], [0.8329684137512414, -0.5103458546746735, 0.21380067892576488]], "T": [-0.09519164076515815, 0.06873300611105529, 0.040275315821718206], "aligned_model": [[-0.21955324763838968, 0.619715880255665, 0.07909413955961278, -0.6550031515128185, -0.39453548847888464, 0.14686233872254015, -0.5223823742167505, -0.7232893698200001, 0.3087392269209568, 0.37221475782037294, -0.12733862958723768], [0.5611843710099625, 0.21065417391278096, 0.7393203522599661, 0.6023886162888096, 0.03607230332903595, -0.5997421582946358, -0.5938338752651988, 0.12861181168921743, -0.19697533874611425, 0.11934870588616947, 0.09075890703139308], [-0.43755104365719366, 0.05678702111913828, 0.4274903196988746, -0.003338447367271187, -0.5479903600067838, 0.08608401750024045, 0.21246304526656679, 0.4371026081669546, -0.3816980429945338, 0.6443136753288167, 0.012942529086177632]], "inverted": true, "swapped": false, "error_lsq": 0.0404796454321277, "error_max": 0.18992851715700182, "target": "376.xyz", "model": "22.xyz", "model_rescale": 4.204369325754507, "target_rescale": 3.883503516476037},
{"mapping": [2, 8, 9, 10, 1, 4, 12, 14, 0, 7, 15], "R": [[0.44457671760233175, -0.47082267296668767, 0.7620220159460227], [-0.8804482213123631, -0.3862169494512859, 0.27504071979334155], [0.16481041154560927, -0.7931976289532432, -0.5862380486364909]], "T": [-0.15894949039414807, 0.08500045907327777, 0.10422369785820154], "aligned_model": [[-0.2675226454292026, 0.5521883704200092, 0.22164688630025153, -0.737224720830675, -0.2600705532070704, 0.20147347711860886, -0.45354707673529315, -0.868161414500223, 0.2784819225168968, 0.38989144566584566, -0.1726316092940811], [0.7133118529348694, 0.24254523040950193, 0.5506638067041274, 0.5914741997205678, -0.09221970738431451, -0.539173851399347, -0.37616782436254603, 0.13945292597375253, -0.26350166536498454, 0.015306324722521969, 0.11609657714723765], [-0.48633700635643284, -0.10006713276627441, 0.5809981641175227, -0.06005090408881167, -0.5233804506588132, 0.2273770301371127, 0.1302071288137186, 0.410479044963191, -0.2956191290333361, 0.5395878023537738, 0.08341077465933583]], "inverted": true, "swapped": false, "error_lsq": 0.04529282637301701, "error_max": 0.20434914928327363, "target": "376.xyz", "model": "23.xyz", "model_rescale": 4.410303926677745, "target_rescale": 3.883503516476037},
{"mapping": [8, 2, 3, 9, 15, 12, 13, 11, 5, 0, 16], "R": [[0.7645069679613349, 0.32697896415850636, 0.5555302448439663], [-0.3960964817319934, 0.9181970838220938, 0.004657512226532046], [-0.5085633422673164, -0.22360427602895672, 0.8314832858473243]], "T": [-0.26348100700782867, 0.0859962860278803, 0.10586815149938214], "aligned_model": [[-0.2416758385696273, 0.6301485465940191, 0.35529687528655923, -0.7090410501131792, -0.45821226102452095, 0.22250690243741472, -0.466291205408914, -0.80883621738101, 0.1853882454606275, 0.36301318491752105, -0.1877731001738235], [0.7122280668202832, 0.2703744868542067, 0.6522366053653694, 0.39281793930797804, -0.005915130705400201, -0.5506020616895745, -0.5768506187505759, 0.22315265010943786, -0.09466147181756428, -0.07869990039278361, 0.15370730400001006], [-0.42617034204165094, 0.12389177954117855, 0.4310401333396271, -0.20997469659886112, -0.5745333630623635, 0.17467316832334892, 0.2228665620837565, 0.3965523666221048, -0.29597908582669274, 0.4941541346979271, 0.17008466506261122]], "inverted": true, "swapped": false, "error_lsq": 0.046870419791504504, "error_max": 0.27261342601488564, "target": "376.xyz", "model": "24.xyz", "model_rescale": 4.28219845311461, "target_rescale": 3.883503516476037},
{"mapping": [6, 14, 2, 0, 1, 9, 3, 4, 11, 13, 15], "R": [[-0.07567670758876577, -0.3032373600364722, -0.9499053318129316], [0.15971603473133233, -0.9440234815783531, 0.2886355045353651], [-0.9842580069159836, -0.1298721282908532, 0.11987245769975641]], "T": [-0.016421781790654122, -0.01277453082617197, 0.02782685571331665], "aligned_model": [[-0.08875232286374968, 0.5742497510245134, 0.015893729280567842, -0.5821920382033025, -0.54444399877209, 0.13357772467505696, -0.6162436453277815, -0.6066450389219348, 0.4370095053105253, 0.23061694760736665, -0.06854653178410469], [0.7441554767660806, 0.4616063352129137, 0.6085783125789349, 0.5732493960060167, -0.12938328304998584, -0.6644494286652427, -0.49932146081560336, 0.0978979301233475, -0.1837468236694526, 0.049382120114587376, 0.039819294499790325], [-0.4559317528875921, -0.051005619526375126, 0.31358265377262784, -0.017274653959353337, -0.3149155200231624, 0.12628323928162263, 0.08725043521280172, 0.4450038998497735, -0.22045849263868297, 0.564506344662023, 0.029564788397303605]], "inverted": true, "swapped": false, "error_lsq": 0.04619002429312558, "error_max": 0.23432952952025735, "target": "376.xyz", "model": "25.xyz", "model_rescale": 4.100010024507729, "target_rescale": 3.883503516476037},
{"mapping": [9, 5, 4, 10, 8, 2, 1, 0, 7, 6, 11], "R": [[0.5142064922222552, 0.6735432974310774, 0.5309718540960107], [-0.5452267742343245, 0.7346027151774447, -0.40383983893613007], [-0.6620569824528075, -0.08184300421903826, 0.7449713247138346]], "T": [-0.11536934018887904, -0.01935451436734001, 0.021347963829132136], "aligned_model": [[-0.049946190347235825, 0.554206262587086, 0.13341407931615798, -0.549211021473144, -0.5430376148219659, 0.2589545523258956, -0.5796766475132856, -0.68708359404726, 0.25145408165808414, 0.17413343922882188, -0.07868326488808745], [0.6604870626589914, 0.3146475732573971, 0.7055722063943021, 0.4367872669692897, -0.1118124249072035, -0.6426977267907283, -0.5116402897327093, 0.13947040951541245, 0.019954490410027365, -0.01329393876773513, 0.10031324009434252], [-0.4400045518788185, 0.08690166663111377, 0.4437549239249609, -0.1154673621909489, -0.40924373442546186, 0.15948611715020317, 0.22437503960051353, 0.49225871059824644, -0.5465002782419777, 0.6015492636172349, 0.009495527355920325]], "inverted": false, "swapped": false, "error_lsq": 0.04943966244918362, "error_max": 0.30386491779979263, "target": "376.xyz", "model": "26.xyz", "model_rescale": 3.6694154284099745, "target_rescale": 3.883503516476037},
{"mapping": [5, 4, 8, 7, 6, 11, 12, 3, 2, 10, 13], "R": [[0.894548616285648, -0.10563700716288063, -0.43430818069557764], [0.22595862560303984, -0.7314854176248564, 0.643328674409726], [-0.38564941672070285, -0.6736244551082298, -0.6304796752181014]], "T": [-0.10445869310207385, 0.18454472761445906, 0.03525591418341535], "aligned_model": [[-0.1570429430632515, 0.6891187056459671, 0.13041958589292874, -0.5845559275496187, -0.46158979960278684, 0.10143902946053611, -0.4396614749335082, -0.8909888651512851, 0.2233465254385434, 0.34988617246175185, -0.07584692657421027], [0.8610041978401014, 0.3837222631404401, 0.63530676207487, 0.5750734435111304, -0.18974819321615743, -0.5895967529503651, -0.5297763410554873, 0.06485826228065757, -0.31482182872902276, 0.05778107267139329, 0.14398498353382602], [-0.3717035205508271, -0.04280682742239661, 0.42255808920378174, 0.1498093613352136, -0.4159121409690455, 0.3426425846127372, 0.11962012024346987, 0.1762405190368595, -0.28925360386878823, 0.4086088823166568, 0.006801858203324761]], "inverted": true, "swapped": false, "error_lsq": 0.05534606856913699, "error_max": 0.3362167142574721, "target": "376.xyz", "model": "27.xyz", "model_rescale": 4.103607728864725, "target_rescale": 3.883503516476037},
{"mapping": [1, 4, 8, 5, 0, 12, 10, 6, 2, 13, 14], "R": [[0.9209687548928976, -0.20449327662271993, -0.33166105036185617], [0.2542148179330745, 0.9604371518964973, 0.11373347616334623], [0.29528186340220713, -0.18905813146502953, 0.9365178290201804]], "T": [-0.25929204497634717, -0.007958580114261274, 0.17732973182528386], "aligned_model": [[-0.06560459606395624, 0.5833539329355498, 0.17299061000301225, -0.7554918970155102, -0.39411286239631915, 0.3259265046240567, -0.531082570064034, -0.7897875108286612, 0.2804548650540616, 0.27430552898574445, -0.21642792320887727], [0.5701580062872951, 0.2972440218290565, 0.6495002720552473, 0.47539034189159196, 0.06399490761463823, -0.6251753392133654, -0.4136004568713118, 0.1876083146542849, -0.10294796248183555, -0.054606596250841855, 0.050222359586626915], [-0.4792730527683322, 0.04165211830540749, 0.40789326041245677, -0.057829654153590176, -0.5200494933997758, 0.05961678174954252, 0.32347984164162813, 0.4629788404053635, -0.31355823561956375, 0.5419804203012452, 0.03971449526660489]], "inverted": false, "swapped": false, "error_lsq": 0.04491708276229099, "error_max": 0.23558981483107722, "target": "376.xyz", "model": "28.xyz", "model_rescale": 4.137296879288765, "target_rescale": 3.883503516476037},
{"mapping": [6, 9, 8, 4, 5, 1, 2, 3, 0, 7, 10], "R": [[0.18926391446767438, -0.39531499145309895, 0.8988354845091561], [-0.10047070573222996, 0.9027791097444791, 0.4182051127122114], [-0.9767726490693934, -0.16945777214811386, 0.13114593203205907]], "T": [-0.09224994990050858, 0.11584184697195779, 0.06678680861627426], "aligned_model": [[-0.15549658348746304, 0.47925849337403736, 0.028126376079850218, -0.6177806374710374, -0.39228174602077104, 0.06892816483310826, -0.6670595239990454, -0.549471821067353, 0.42311746731154576, 0.36797169171797717, -0.10078779924578227], [0.4224113628027262, 0.6426494638828266, 0.5181633408208416, 0.6458743683856143, -0.23577906165180698, -0.6188727737325896, -0.40698576592792435, 0.22257154184231348, -0.1387824525422546, -0.1488677540941212, 0.19540559931576046], [-0.579868291309638, -0.014736502647880678, 0.651595182108361, -0.1393999645864401, -0.42264327358866083, 0.032508428495086894, 0.15824344741423116, 0.5621913480809204, -0.33331722003159514, 0.5485928820247503, 0.04343928618185148]], "inverted": false, "swapped": false, "error_lsq": 0.06629542448650837, "error_max": 0.37585599977288364, "target": "376.xyz", "model": "29.xyz", "model_rescale": 3.607286011436655, "target_rescale": 3.883503516476037},
{"mapping": [5, 7, 13, 10, 4, 0, 9, 11, 6, 2, 14], "R": [[0.7232615176901684, 0.08250634329287947, -0.6856278001546844], [0.31588260738882934, 0.8433547212175692, 0.43470793936765295], [0.6140936047360767, -0.5309854211901434, 0.5839036967735154]], "T": [-0.18292011420113, 0.11871486748520244, 0.04788526354917548], "aligned_model": [[-0.10040620526222817, 0.49447442076212245, 0.06661612877940423, -0.7576066744059692, -0.2432404241734504, 0.2184144254590075, -0.6396080867090332, -0.5997482069915825, 0.20609850209808514, 0.5217955001207621, -0.2822652976520513], [0.6306353692982873, 0.4671223134152982, 0.5284611042594074, 0.5098342343148896, 0.017350870428640253, -0.7252985031251417, -0.4607231722278481, 0.2920522816402758, -0.13388089640338136, -0.053814676515112236, 0.026048944016071343], [-0.5103531122710383, -0.09009248885981726, 0.6008176348570599, -0.1419459691620341, -0.64705091338207, 0.15384846759020265, 0.312922924661532, 0.42303795895714297, -0.13651338799595464, 0.39966502798882614, 0.14226917975713677]], "inverted": false, "swapped": false, "error_lsq": 0.05526253613874317, "error_max": 0.2497199767265091, "target": "376.xyz", "model": "30.xyz", "model_rescale": 3.964800864290218, "target_rescale": 3.883503516476037},
