[{"mapping": [6, 9, 7, 3, 10, 5, 1, 2, 8, 0, 4, 11], "R": [[-0.2315239960947045, -0.9265366184893088, 0.2965240864259374], [0.9718015908052978, -0.20626776352740842, 0.1142596947208147], [-0.04470243103715832, 0.31461644001513756, 0.9481656966646547]], "T": [0.025827993697443145, 0.01986043095244628, 0.000500342488112494], "aligned_model": [[-0.2613727510087621, 0.26849160605273914, -0.7855321658118869, 0.6354961693223355, -0.05353278982719, -0.6333237740867381, -0.5431090754084904, 0.005666297973783312, 0.32054564169190275, -0.18088401640575025, 0.5844056037048666, -0.015373479331344905], [-0.49297117279871305, -0.09494325358131256, 0.11148049240337435, 0.28442804841107644, 0.5526132864688303, 0.501683458082007, -0.3199236922338377, -0.4174618462280749, -0.5424095050898706, 0.2494384635583593, 0.29521623596116336, 0.05294313282761449], [-0.4233793171904002, -0.5447435567754345, -0.47898246822227736, -0.17933626727031426, -0.41379135057652033, 0.14899899596552396, 0.25097573159177955, 0.6765868587666233, -0.009374761298316386, 0.5365558114700053, 0.5148141581589856, 0.04566924047111775]], "inverted": true, "swapped": false, "error_lsq": 0.046289692209212537, "error_max": 0.21299423345444224, "target": "377.xyz", "model": "0.xyz", "model_rescale": 3.751011558992144, "target_rescale": 3.6186867667530382},
{"mapping": [12, 7, 6, 0, 1, 4, 9, 13, 3, 8, 2, 14], "R": [[-0.07382250699490978, 0.3878420134922142, -0.9187648284687936], [-0.41058623524022625, -0.8513952189595942, -0.3264125067518129], [-0.9088284661542266, 0.3531356024292225, 0.22209472169483468]], "T": [-0.19504178884762685, 0.02798217140733094, 0.06850071554141891], "aligned_model": [[-0.08739034651238597, 0.008122016968923118, -0.5328608797573735, 0.4908713778529808, -0.0272331041302922, -0.612310216151891, -0.5439456703780717, 0.0575436486225776, 0.45487843220942453, -0.1014054540674639, 0.4443114122928728, -0.20910395008383584], [-0.626187671345877, -0.050503421954647375, 0.16081240708244765, 0.2407458480802301, 0.5588087956621408, 0.6972258379649999, -0.4480002685577513, -0.5289861718413095, -0.3613908703953467, 0.5306462579868495, 0.03084334360556506, -0.02392043850668455], [-0.26683208612372755, -0.5577911520714359, -0.5887360268715004, -0.17595636481188104, -0.35072343661529704, 0.12828319004090466, 0.3615816252441322, 0.4602775138557509, -0.028443753569813324, 0.4915601735517419, 0.5928645204261154, 0.057908872035782516]], "inverted": false, "swapped": false, "error_lsq": 0.04614417285526116, "error_max": 0.2770874923529964, "target": "377.xyz", "model": "1.xyz", "model_rescale": 3.9405287249114394, "target_rescale": 3.6186867667530382},
{"mapping": [0, 6, 11, 7, 3, 9, 5, 2, 1, 8, 4, 12], "R": [[0.8960254836135915, 0.33598654266788824, -0.2902608755259812], [0.4237358804035533, -0.8423483271651813, 0.33301231115477814], [-0.13261310785007419, -0.4213814647894476, -0.8971351206804047]], "T": [-0.031507745670711074, 0.054124757723706694, -0.008521927367390984], "aligned_model": [[-0.1389449574620309, -0.008277474120528983, -0.6398602238177105, 0.6276460992282649, 0.17392130428801927, -0.6831871584166225, -0.6165247131214415, -0.1776655632667693, 0.5177239289068161, -0.16121257030336517, 0.4759612118447358, -0.028102616893901894], [-0.693837663855523, -0.03404894674162113, 0.09594546738270321, 0.2202012238473219, 0.5580748270446894, 0.41284176241834497, -0.36499976374152143, -0.44135489571274195, -0.48396661870106655, 0.5964405040932009, 0.3025633022210309, 0.012234449525799405], [-0.3717566306980623, -0.5442844173888458, -0.37699523659508144, -0.4169881674790185, -0.18354453057429562, 0.30295385120312646, 0.09230497220828546, 0.4356710857560314, 0.18129000749531576, 0.5297717283786835, 0.40674818791788564, 0.06882222486674788]], "inverted": false, "swapped": false, "error_lsq": 0.04998430691534292, "error_max": 0.2921011257056192, "target": "377.xyz", "model": "2.xyz", "model_rescale": 3.932901565614263, "target_rescale": 3.6186867667530382},
{"mapping": [5, 6, 10, 2, 1, 11, 9, 7, 4, 3, 0, 13], "R": [[0.282818550992545, 0.334981988712098, 0.8987773553294305], [-0.5660724500588761, -0.6981575687246062, 0.4383354771369622], [0.7743227030759325, -0.6327425040812692, -0.007827836875319127]], "T": [-0.14320269502490934, 0.05372047555317474, 0.10702230581744437], "aligned_model": [[-0.15016394313586467, -0.0019335237859066656, -0.48540494399590195, 0.5680087801187861, 0.15571801467074764, -0.8452212269230769, -0.6202862100446438, -0.04349260484022807, 0.5995412458781643, -0.11000644425469278, 0.4606848304339469, -0.18596670725586537], [-0.6011211593969741, -0.12652231007734674, 0.30712452213832664, 0.11682572418686651, 0.6684673510906315, 0.6047186847451071, -0.4952606736920194, -0.48887380828161275, -0.40304951931545296, 0.33253129997327663, 0.2652080360585074, 4.550035130636981e-05], [-0.18951379622616993, -0.5365985609724335, -0.4690240901218909, -0.32239103631005445, -0.1784620356868366, 0.14279453955051558, 0.21096438997341027, 0.5602241244505112, 0.05299440027539212, 0.5334587151473736, 0.3058770203446324, 0.013669404666322452]], "inverted": true, "swapped": false, "error_lsq": 0.041781311359439056, "error_max": 0.2217417676424336, "target": "377.xyz", "model": "3.xyz", "model_rescale": 3.9243930471874484, "target_rescale": 3.6186867667530382},
{"mapping": [8, 4, 10, 2, 3, 6, 9, 1, 7, 5, 0, 12], "R": [[0.5237497793142188, -0.21168177446852363, -0.8251527101247166], [0.07398106047642192, -0.9536721430030647, 0.29160975009544315], [-0.8486536227219509, -0.21377621480838294, -0.48382513227726087]], "T": [-0.228868475255708, -0.02225911739056754, -0.01585415959110486], "aligned_model": [[-0.3135348032629629, 0.128103361530549, -0.646058322953289, 0.6672538245564341, 0.031008735034995877, -0.5071554177355097, -0.6114387265870581, 0.13387229365835948, 0.43291398385344193, -0.18506373829634457, 0.40192983234634905, -0.19035375527950016], [-0.5500417212969414, -0.08179474432677103, 0.09025904405345797, 0.163176090612452, 0.5507579771390735, 0.6292573419931448, -0.5585534217411329, -0.31858046811810414, -0.4653345893521636, 0.33586647536115144, 0.35869211552077795, 0.02638954793567195], [-0.34844024593838907, -0.486379277206345, -0.5730076517656022, -0.13329817913170333, -0.2547445430580913, 0.12414296728679244, 0.23656575581630823, 0.523379640956602, -0.10884266357752209, 0.6500664847885645, 0.40875390277971096, 0.08579688414044745]], "inverted": false, "swapped": false, "error_lsq": 0.0412605689993989, "error_max": 0.2029059925556235, "target": "377.xyz", "model": "4.xyz", "model_rescale": 3.8936222436046832, "target_rescale": 3.6186867667530382},
{"mapping": [8, 3, 10, 0, 2, 4, 7, 6, 9, 5, 1, 11], "R": [[-0.08596975271351504, 0.9409635482320213, 0.3274092279044398], [0.7226021796002153, -0.16735153884730153, 0.6707007920693533], [0.6858974352302207, 0.29424660294393284, -0.6655551404658824]], "T": [-0.08425853773813693, -0.060211836291591624, -0.03225337724853281], "aligned_model": [[-0.18897036478853765, 0.12420745167570402, -0.5802368245359898, 0.6976124965882065, -0.01635056116976208, -0.49432694063596694, -0.6092474953370428, -0.015514154293194082, 0.39008694073521943, -0.307101728468686, 0.4552988833846122, -0.11398043628909801], [-0.6551823822357395, -0.06236187593148403, 0.09334851532846902, 0.21277402287396577, 0.6141839684638442, 0.5939538857488579, -0.3575537299260057, -0.39964927487814367, -0.45579401119735435, 0.20321237250385918, 0.3532084041374815, 0.0399537528928662], [-0.4575865514373246, -0.5678085479904872, -0.3926589223230428, -0.343500409931765, -0.3448829826456853, 0.1535844874587726, 0.20380153178148508, 0.6851482279478108, -0.008864196630848968, 0.7013128812533028, 0.393270137114638, 0.10217742049391706]], "inverted": true, "swapped": false, "error_lsq": 0.037183962314751004, "error_max": 0.19825150748364181, "target": "377.xyz", "model": "5.xyz", "model_rescale": 3.6523030999806103, "target_rescale": 3.6186867667530382},
{"mapping": [3, 7, 5, 11, 9, 8, 1, 2, 4, 6, 10, 12], "R": [[0.6863419747673657, 0.4299410944469927, -0.5865878868321057], [-0.6588420323670502, 0.025992674682701597, -0.7518321336902902], [-0.30799654228398066, 0.9024827068529135, 0.3011031281347816]], "T": [-0.11541635386927365, 0.02920128802123048, 0.02009023564114002], "aligned_model": [[-0.05319374645930436, 0.006683351037187535, -0.6720689541932874, 0.6412804241897336, 0.1717913696542752, -0.5187738300983724, -0.6030435576945186, 0.003214732112585189, 0.35692620402931174, -0.27215367643123367, 0.43071288890757864, -0.14989793818849037], [-0.570081812615089, -0.015566908978845856, 0.0996741345689548, 0.0461835433765769, 0.6654265830416393, 0.566189455421731, -0.3911091045546782, -0.5134375174104304, -0.2717461861210878, 0.24504963670300803, 0.33788911189023474, -0.01837728754139724], [-0.32578375205785365, -0.6506597403531208, -0.3660120700224226, -0.4290095218951361, -0.16803730807656372, 0.07156408442316656, 0.28073127227140887, 0.5374696191573206, 0.14440728086060167, 0.6129370659097747, 0.4839088631734912, -0.06752271829989462]], "inverted": false, "swapped": false, "error_lsq": 0.04254894609827448, "error_max": 0.2372892372507304, "target": "377.xyz", "model": "6.xyz", "model_rescale": 4.08911054899281, "target_rescale": 3.6186867667530382},
{"mapping": [10, 11, 13, 9, 1, 2, 5, 4, 8, 6, 3, 14], "R": [[0.745721043382171, 0.6626901201602322, -0.06886167365830606], [-0.62296790291484, 0.7301814682130581, 0.28061720441931104], [0.23624376689109203, -0.1663635420404356, 0.9573463607727704]], "T": [-0.15246094736065222, 0.0024050555395716284, 0.004436686343382484], "aligned_model": [[-0.07046108233655442, -0.042397355264113756, -0.6621416998464315, 0.5659172559786682, 0.019644061462494866, -0.49561967354473113, -0.5599769159661676, 0.009477658932815075, 0.4093889182240792, -0.1966604228577643, 0.3884350562141541, -0.024128534130983675], [-0.6591931237056685, -0.10676530187369805, 0.2614521630462404, 0.21048552218950242, 0.6271529492654911, 0.7197255388362414, -0.5649916509308167, -0.3993318831191493, -0.37937983651203416, 0.25392687696871213, 0.16512888419863547, 0.0518835094171603], [-0.26913006941724704, -0.5616895378453777, -0.4527445129524563, -0.23049433390193838, -0.33909787389533175, 0.13797677836823807, 0.30856321001633114, 0.5605237385313497, 0.06537926610947749, 0.43330280317265957, 0.5588768591024565, -0.08747325219738925]], "inverted": true, "swapped": false, "error_lsq": 0.04101506977231346, "error_max": 0.20153710962517754, "target": "377.xyz", "model": "7.xyz", "model_rescale": 3.964800864290218, "target_rescale": 3.6186867667530382},
{"mapping": [2, 6, 3, 11, 10, 5, 1, 7, 12, 8, 9, 13], "R": [[0.34174786898601167, 0.7248181432011136, 0.5982031873285281], [-0.6653076761915626, -0.2629750925127133, 0.698720113291805], [0.6637575536625573, -0.6367752821870679, 0.3923558970519971]], "T": [-0.1034825415735429, -0.08411684131196641, -0.10560062896595282], "aligned_model": [[-0.1601775013115752, 0.02880968675650071, -0.5657715507244017, 0.6365459434056208, 0.012672583203602275, -0.5387770359186778, -0.6542372176020336, -0.08005008069075445, 0.5131070881199197, -0.1117592564562944, 0.360851324366523, -0.09973671628296446], [-0.7369391085298875, -0.03619637703864412, 0.2106823919151159, 0.15616525786463065, 0.7284000567633016, 0.5696525413500875, -0.37871176942688034, -0.5070841536470517, -0.2970898371628213, 0.22238308508957322, 0.2806157312487287, -0.03178417064553614], [-0.20160842406014307, -0.6683689814928511, -0.5803057793587502, -0.3915301285430548, -0.06741306112794845, 0.18106122837623154, 0.31033567184718325, 0.4665905431388987, 0.27536481419308234, 0.59941488328458, 0.2482650775429209, -0.04781276870937644]], "inverted": false, "swapped": false, "error_lsq": 0.045170252514753144, "error_max": 0.2600284409221883, "target": "377.xyz", "model": "8.xyz", "model_rescale": 4.121658175737393, "target_rescale": 3.6186867667530382},
{"mapping": [1, 4, 0, 9, 5, 10, 2, 8, 6, 11, 7, 12], "R": [[-0.14109145108813198, 0.7649705671791329, -0.6284212232089882], [0.43828576158961285, -0.5209102146931308, -0.7325012897027345], [-0.8876929613428611, -0.3787777443013145, -0.2617797295520602]], "T": [-0.09170707118995655, 0.04266694619868517, 0.09523519125107183], "aligned_model": [[-0.24808479421517038, 0.09253437981618967, -0.6149857375970538, 0.6764967940333224, -0.042396480005347514, -0.5481637693087057, -0.5375637726311817, 0.10532300581605061, 0.37923716693668796, -0.2048795077693508, 0.391735899022581, -0.10777591723255717], [-0.4563931770479272, -0.03813152089536064, 0.08589116608060554, 0.08298942060382103, 0.5638809612325792, 0.6474682441999389, -0.47840865410526545, -0.39434763969965503, -0.4645462384894192, 0.27865658584726305, 0.3722051547330351, -0.019170654678998776], [-0.353559546730621, -0.7694350425173441, -0.4905423665480362, -0.22324045389123492, -0.23282322184795012, 0.14364493483532098, 0.20495515938228068, 0.643642647613956, 0.06164412178554176, 0.6736234381326293, 0.4312387239427028, 0.03484468093352704]], "inverted": true, "swapped": false, "error_lsq": 0.039128045636312656, "error_max": 0.2014707585441987, "target": "377.xyz", "model": "9.xyz", "model_rescale": 3.833441315466971, "target_rescale": 3.6186867667530382},
{"mapping": [0, 12, 6, 11, 7, 3, 5, 13, 10, 2, 8, 14], "R": [[0.8268146833494137, 0.18780602457139725, 0.5301946590946545], [-0.15665685995068632, 0.9822026600789553, -0.1036173863992697], [-0.5402185739385497, 0.0026137460688128583, 0.8415206834673096]], "T": [-0.11406908421813158, 0.014001494314847445, -0.0855843723286753], "aligned_model": [[-0.08089494048155665, 0.04683736345415096, -0.5254101224457475, 0.4524352530729018, 0.060056466567164984, -0.5166385711953847, -0.629317066126788, -0.17996893765222047, 0.6139419061948557, -0.2980801637798485, 0.5195622385453205, -0.12104615928738288], [-0.6634827765221143, -0.1501989477818927, 0.09720205650640874, 0.29574216837439016, 0.6519029340658572, 0.7035521051316737, -0.2966169360958666, -0.47038538513784783, -0.36212000254287535, 0.11070760831786979, 0.17593724281332646, 0.08785358065168691], [-0.024449270631516196, -0.6425111064899067, -0.6195373522489589, -0.3405983120545113, -0.16729130293509423, 0.2561459497450985, 0.22339929923869414, 0.5442672782574771, -0.020111011644518922, 0.6024840145636456, 0.3384999619115978, -0.0263050726212347]], "inverted": false, "swapped": false, "error_lsq": 0.05271873389197862, "error_max": 0.32597086471459746, "target": "377.xyz", "model": "10.xyz", "model_rescale": 4.2482417240324, "target_rescale": 3.6186867667530382},
{"mapping": [5, 2, 6, 3, 1, 0, 4, 9, 7, 10, 8, 11], "R": [[0.8411437329925228, -0.2903084614033459, -0.4562874288045044], [-0.3526091715784503, -0.9341115865023492, -0.055698438764685], [-0.41005364596130905, 0.20774152497679998, -0.888087532979802]], "T": [-0.04665655041847721, 0.06122191732342707, -0.03758917469966657], "aligned_model": [[-0.27029194963969594, 0.13470983472002557, -0.5576857373273387, 0.7318885707851915, 0.018590049526559717, -0.532203760173982, -0.7702337582011863, 0.024283070176729378, 0.4279935955649678, -0.1473341772294141, 0.3766154095251948, -0.09485388086158678], [-0.6411292637170448, 0.07772563251079131, -0.02910458276992068, 0.18065844534614772, 0.7378488213338608, 0.5930075629470295, -0.3761643609568652, -0.438081087194649, -0.4178743987457586, 0.17389940853078048, 0.34850308195298796, -0.02919561145674284], [-0.18207514989362852, -0.7549392622521001, -0.4263981659166014, -0.23168718209692993, -0.2301131153487956, 0.19754357533993183, 0.18817363929267106, 0.6143118776448867, 0.023486233953743614, 0.5886457340761273, 0.30177524495763897, 0.03526964533382868]], "inverted": false, "swapped": false, "error_lsq": 0.044673866594594776, "error_max": 0.22916834765731994, "target": "377.xyz", "model": "11.xyz", "model_rescale": 3.6694154284099745, "target_rescale": 3.6186867667530382},
{"mapping": [5, 6, 0, 11, 4, 1, 12, 10, 7, 2, 8, 13], "R": [[0.5089764109744912, -0.009432134780361257, 0.8607287888208521], [0.8054666999400719, 0.3578882582136545, -0.47237632235374244], [-0.3035892098859514, 0.933716782255884, 0.18975395167042536]], "T": [0.0026947473452747714, -0.006295573589534814, 0.018911378873200567], "aligned_model": [[-0.2708548559468046, 0.1379240582642546, -0.5179671250546819, 0.6493920408991063, -0.03017106665888434, -0.6331548224845355, -0.5303914588576494, 0.07720650893277944, 0.3116693583387763, -0.19102849627155444, 0.4283395638796845, -0.08948643817502666], [-0.6240337835801794, -0.09287954513375893, 0.11540517521916366, 0.25597176999930427, 0.6424296495826386, 0.519545932800951, -0.32899761128076566, -0.35645777335321027, -0.6820799725523041, 0.2607034996264933, 0.4214716165107778, 0.0490146899415064], [-0.4148407518800466, -0.5233718338428829, -0.45525948357390467, -0.2219767692455428, -0.3357068282740779, 0.20774868664312185, 0.28992981347238034, 0.5436620039802442, 0.014980176832208543, 0.5823795440579549, 0.4754632078501103, -0.03901469092879301]], "inverted": false, "swapped": false, "error_lsq": 0.041496936284557244, "error_max": 0.3036072250804913, "target": "377.xyz", "model": "12.xyz", "model_rescale": 3.9764082729961374, "target_rescale": 3.6186867667530382},
{"mapping": [12, 13, 11, 6, 14, 3, 2, 0, 5, 7, 4, 15], "R": [[-0.9022481230101338, -0.3472047346009823, 0.2557287562933665], [0.21480626583348256, -0.8761039893220275, -0.43162491593130276], [0.37390719795607813, -0.334500631037806, 0.8650449324468319]], "T": [-0.11239922947355524, -0.12088067940151419, -0.04183723466919857], "aligned_model": [[-0.1017816543709378, 0.04662081512287719, -0.5844444401183734, 0.5106141761582834, -0.031029825052036053, -0.48901731609124227, -0.6527880145385812, -0.0023047091218748594, 0.6338457344787627, -0.2468844724317721, 0.3491651566744728, -0.09051818384411381], [-0.5979460813232206, -0.040084075645061015, 0.29744109492203413, 0.24840938055361417, 0.5630674356350233, 0.6175350618777411, -0.35258405090085587, -0.37686884280183364, -0.45148720315670077, 0.15684334511113524, 0.1417227407315279, -0.02595515722278731], [-0.4655227363523328, -0.6272132509398263, -0.5242529381693004, -0.28502019813618823, -0.44730244345673925, 0.10426018891195814, 0.49719247000198435, 0.6285784500292773, 0.14958294728932164, 0.6479575062196813, 0.44175503465843563, 0.0039780450345011445]], "inverted": true, "swapped": false, "error_lsq": 0.04525004244341747, "error_max": 0.22164948706199689, "target": "377.xyz", "model": "13.xyz", "model_rescale": 4.170626492500431, "target_rescale": 3.6186867667530382},
{"mapping": [4, 2, 0, 6, 3, 1, 8, 12, 5, 9, 11, 13], "R": [[-0.8009458588243494, 0.5722419719018949, 0.17613874311450056], [-0.5667157756255551, -0.8194810679273061, 0.08534640569963946], [0.19318116080314518, -0.0314627542111755, 0.9806585206932108]], "T": [-0.1734367566345175, 0.017896510750058083, -0.0018523736263496519], "aligned_model": [[-0.15420542766963652, -0.12947994652920816, -0.6585647006534548, 0.6284689486041651, 0.1358191205127017, -0.6075073784863495, -0.5997757922428236, 0.01949760454107663, 0.6149598635988163, -0.19695173954421286, 0.3658619766247725, -0.07664526189038226], [-0.6175540294153623, 0.03814587532801285, 0.138563463924895, 0.04337170417680343, 0.6030936016581325, 0.6502384392292169, -0.5611158300481769, -0.5635199976705304, -0.3774825739582041, 0.5575096834730177, 0.2489711650924196, 0.01987214599039185], [-0.31632955496506077, -0.6580458887694811, -0.3273501015313887, -0.254414289709531, -0.19518827736001804, 0.048554477373969056, 0.18398634334310124, 0.39869387488928687, 0.22024214889984822, 0.6019448670650074, 0.3923823680652327, 0.029517107789806936]], "inverted": false, "swapped": false, "error_lsq": 0.05043352999654862, "error_max": 0.24995778120798748, "target": "377.xyz", "model": "14.xyz", "model_rescale": 3.9786697098870705, "target_rescale": 3.6186867667530382},
{"mapping": [5, 8, 7, 3, 9, 6, 4, 4, 2, 1, 0, 11], "R": [[0.6152328126939834, -0.5575885584374222, -0.5573002652828434], [-0.41592671427146954, -0.8301108513568239, 0.3713770897820551], [-0.669696613803586, 0.003312696684991623, -0.7426274109542982]], "T": [-0.15255395948494235, 0.06372134137429881, 0.018088617149047973], "aligned_model": [[-0.24765960112018218, 0.04676933746866732, -0.7064103843788141, 0.6840962831081683, 0.113357559168729, -0.5275906994736174, -0.16139689365026036, -0.16139689365026036, 0.5188251110081896, -0.4228558716809603, 0.3740195813547865, -0.16828026128898083], [-0.6333438196454952, -0.13144906000950818, 0.0673344513645243, 0.25984054899422127, 0.5710226718029753, 0.7613289682995398, -0.44832483530654593, -0.44832483530654593, -0.4868207129226923, 0.312040558769512, 0.19404112901043968, 0.16274858273019194], [-0.3688411774539855, -0.4228273201192951, -0.3426134918421167, -0.30856542044130647, -0.22553135830825652, 0.011252439977783472, 0.35371526322028085, 0.35371526322028085, 0.017085411656529773, 0.5890058913909009, 0.4534535733831539, 0.014144000406802967]], "inverted": false, "swapped": false, "error_lsq": 0.06177582137519542, "error_max": 0.46720068459640296, "target": "377.xyz", "model": "15.xyz", "model_rescale": 3.769337070930944, "target_rescale": 3.6186867667530382},
{"mapping": [1, 2, 8, 0, 3, 4, 10, 5, 7, 6, 11], "R": [[-0.4591486695838317, -0.7289217245902608, -0.5077948588157991], [-0.6547576836517797, 0.6639964175160704, -0.36111097078984], [0.6003955986833628, 0.1666789637182342, -0.7821401716671138]], "T": [0.04045979805224108, 0.08711719839293824, -0.018243062151965063], "aligned_model": [[-0.24581174205703854, -0.40991047109266876, -0.024802553520060125, -0.6835785321213431, 0.3386780783646467, 0.370651875416911, 0.6640254921756331, 0.2973831931126182, -0.002569326190005952, -0.3688630395107536, -0.012576843886767726], [-0.047043328006160234, -0.621309388190229, 0.730493976804945, 0.26053728555456485, 0.23436455394791672, -0.35079564550166475, 0.35883133220457936, -0.6944070402348568, 0.6319682404929958, 0.03429871831626327, 0.059125792236988], [-0.4983818655504239, -0.08639384938281461, -0.19281986676121007, -0.044550400077101295, -0.6914205928679432, -0.3469704758431182, 0.024332900857303295, 0.3877687840912492, 0.486075976744522, 0.6400819949425701, 0.06649500107074371]], "inverted": true, "swapped": true, "error_lsq": 0.038544022825207545, "error_max": 0.20285331648257726, "target": "377.xyz", "model": "16.xyz", "model_rescale": 3.7852294659196426, "target_rescale": 3.6186867667530382},
{"mapping": [9, 8, 11, 3, 2, 7, 10, 4, 0, 5, 1, 12], "R": [[-0.09324238213659203, -0.8882180845144418, -0.44986052562432066], [-0.05393274319267782, -0.44665970777721153, 0.8930769085919135], [-0.9941816319894503, 0.1075348305893129, -0.006256422693628361]], "T": [-0.05516856964980892, 0.04425319103871775, 0.020256084470470153], "aligned_model": [[-0.28750819779676606, 0.02584474622014641, -0.5849961852283436, 0.716111293579674, 0.03943466470722102, -0.49230713804806925, -0.5959918625045486, 0.14939529135067542, 0.34889073457724423, -0.1616710785175164, 0.30449785821784486, -0.12022285969209678], [-0.6391109326641252, -0.11174387917021114, 0.203408091710457, 0.1553952906038763, 0.586123574255199, 0.5783322372395333, -0.5096027070347754, -0.2766108053815788, -0.5056803638898704, 0.20114680256770245, 0.5122566214750043, -0.01382028193059505], [-0.4554471393363701, -0.6068863778062082, -0.46128777624816364, -0.13870987868993345, -0.2471644399331023, 0.14312369454069243, 0.24388274959361853, 0.6177396471425866, 0.012751447911850754, 0.6497404931945138, 0.3750334851203133, -0.008782830399025023]], "inverted": false, "swapped": false, "error_lsq": 0.04767300965706542, "error_max": 0.28891807425195787, "target": "377.xyz", "model": "17.xyz", "model_rescale": 3.901054581598922, "target_rescale": 3.6186867667530382},
{"mapping": [12, 7, 6, 0, 1, 4, 9, 13, 3, 8, 2, 14], "R": [[-0.07382250699490978, 0.3878420134922142, -0.9187648284687936], [-0.41058623524022625, -0.8513952189595942, -0.3264125067518129], [-0.9088284661542266, 0.3531356024292225, 0.22209472169483468]], "T": [-0.19504178884762685, 0.02798217140733094, 0.06850071554141891], "aligned_model": [[-0.08739034651238597, 0.008122016968923118, -0.5328608797573735, 0.4908713778529808, -0.0272331041302922, -0.612310216151891, -0.5439456703780717, 0.0575436486225776, 0.45487843220942453, -0.1014054540674639, 0.4443114122928728, -0.20910395008383584], [-0.626187671345877, -0.050503421954647375, 0.16081240708244765, 0.2407458480802301, 0.5588087956621408, 0.6972258379649999, -0.4480002685577513, -0.5289861718413095, -0.3613908703953467, 0.5306462579868495, 0.03084334360556506, -0.02392043850668455], [-0.26683208612372755, -0.5577911520714359, -0.5887360268715004, -0.17595636481188104, -0.35072343661529704, 0.12828319004090466, 0.3615816252441322, 0.4602775138557509, -0.028443753569813324, 0.4915601735517419, 0.5928645204261154, 0.057908872035782516]], "inverted": false, "swapped": false, "error_lsq": 0.04614417285526116, "error_max": 0.2770874923529964, "target": "377.xyz", "model": "18.xyz", "model_rescale": 3.9405287249114394, "target_rescale": 3.6186867667530382},
{"mapping": [1, 12, 4, 14, 13, 7, 6, 2, 10, 9, 11, 15], "R": [[-0.687510973844009, 0.10411328966313872, -0.7186717496601502], [0.3170631141285347, -0.8473131296910317, -0.42606506769776914], [-0.6532990452336342, -0.5207887125972569, 0.5495265911019354]], "T": [-0.13886315131361643, 0.002209540971256566, -0.06306342544496843], "aligned_model": [[-0.2542139727969953, -0.036639704127880646, -0.665665232844435, 0.5901133686451938, 0.1689765000642452, -0.5615582880167689, -0.5221169204942369, 0.056847874223556916, 0.5319921479783687, -0.20370046543250453, 0.3572251546177638, -0.11978319495084278], [-0.6186689709447072, -0.004018488248062937, 0.24287445432066201, 0.14413769784805544, 0.5954670403061773, 0.5492437131167797, -0.5286330381112361, -0.6398473286946946, -0.31726629527186223, 0.5163811499119734, 0.2635817266268389, -0.02315801307930719], [-0.2546971526528026, -0.6012554364474555, -0.5094096979659767, -0.2825824307964011, -0.13096139223632447, 0.0700079270464983, 0.29694513033407843, 0.48901035006967597, 0.19343685606588487, 0.503005056466627, 0.3894784788949206, -0.03898461368795228]], "inverted": true, "swapped": false, "error_lsq": 0.042012483656697734, "error_max": 0.2140971728514302, "target": "377.xyz", "model": "19.xyz", "model_rescale": 4.410303926677745, "target_rescale": 3.6186867667530382},
{"mapping": [2, 6, 3, 11, 10, 5, 1, 7, 12, 8, 9, 13], "R": [[0.34174786898601167, 0.7248181432011136, 0.5982031873285281], [-0.6653076761915626, -0.2629750925127133, 0.698720113291805], [0.6637575536625573, -0.6367752821870679, 0.3923558970519971]], "T": [-0.1034825415735429, -0.08411684131196641, -0.10560062896595282], "aligned_model": [[-0.1601775013115752, 0.02880968675650071, -0.5657715507244017, 0.6365459434056208, 0.012672583203602275, -0.5387770359186778, -0.6542372176020336, -0.08005008069075445, 0.5131070881199197, -0.1117592564562944, 0.360851324366523, -0.09973671628296446], [-0.7369391085298875, -0.03619637703864412, 0.2106823919151159, 0.15616525786463065, 0.7284000567633016, 0.5696525413500875, -0.37871176942688034, -0.5070841536470517, -0.2970898371628213, 0.22238308508957322, 0.2806157312487287, -0.03178417064553614], [-0.20160842406014307, -0.6683689814928511, -0.5803057793587502, -0.3915301285430548, -0.06741306112794845, 0.18106122837623154, 0.31033567184718325, 0.4665905431388987, 0.27536481419308234, 0.59941488328458, 0.2482650775429209, -0.04781276870937644]], "inverted": false, "swapped": false, "error_lsq": 0.045170252514753144, "error_max": 0.2600284409221883, "target": "377.xyz", "model": "20.xyz", "model_rescale": 4.121658175737393, "target_rescale": 3.6186867667530382},
{"mapping": [3, 7, 5, 11, 9, 8, 1, 2, 4, 6, 10, 12], "R": [[0.6863419747673657, 0.4299410944469927, -0.5865878868321057], [-0.6588420323670502, 0.025992674682701597, -0.7518321336902902], [-0.30799654228398066, 0.9024827068529135, 0.3011031281347816]], "T": [-0.11541635386927365, 0.02920128802123048, 0.02009023564114002], "aligned_model": [[-0.05319374645930436, 0.006683351037187535, -0.6720689541932874, 0.6412804241897336, 0.1717913696542752, -0.5187738300983724, -0.6030435576945186, 0.003214732112585189, 0.35692620402931174, -0.27215367643123367, 0.43071288890757864, -0.14989793818849037], [-0.570081812615089, -0.015566908978845856, 0.0996741345689548, 0.0461835433765769, 0.6654265830416393, 0.566189455421731, -0.3911091045546782, -0.5134375174104304, -0.2717461861210878, 0.24504963670300803, 0.33788911189023474, -0.01837728754139724], [-0.32578375205785365, -0.6506597403531208, -0.3660120700224226, -0.4290095218951361, -0.16803730807656372, 0.07156408442316656, 0.28073127227140887, 0.5374696191573206, 0.14440728086060167, 0.6129370659097747, 0.4839088631734912, -0.06752271829989462]], "inverted": false, "swapped": false, "error_lsq": 0.04254894609827448, "error_max": 0.2372892372507304, "target": "377.xyz", "model": "21.xyz", "model_rescale": 4.08911054899281, "target_rescale": 3.6186867667530382},
{"mapping": [0, 6, 1, 10, 5, 15, 4, 13, 7, 14, 12, 16], "R": [[0.5254153183092481, 0.6222431040074763, -0.5803035953715374], [-0.2135751501769839, 0.7566470016853928, 0.617957094034355], [0.8236045158405039, -0.2007456957337987, 0.5304495896232579]], "T": [-0.14663627990511363, 0.12283842655674837, -0.006074456475456232], "aligned_model": [[-0.25830661667783994, 0.16941115639018767, -0.792920709933078, 0.6416182873553488, 0.23453144185816305, -0.6758668282868756, -0.4783012798696129, 0.05081917718706025, 0.3901377521711288, -0.16521855609041214, 0.3716902767930609, -0.14611683403166603], [-0.5860716226615471, -0.1996316519511394, 0.06958025247914769, 0.22723375621327307, 0.6200480095271921, 0.5827998853237819, -0.43138906658862963, -0.33478580383294654, -0.34336013607091426, 0.37639653042294396, 0.12338365718797321, 0.07588983773148161], [-0.2977175194508242, -0.5991100330049365, -0.4637625420352499, -0.14352176111932194, -0.33045517790679946, 0.19356897818397734, 0.2568369345065587, 0.4278856479730961, -0.024205278352808276, 0.5831500957307605, 0.519574465695091, 0.0017492648712292749]], "inverted": false, "swapped": false, "error_lsq": 0.04593347994997702, "error_max": 0.20142287204505105, "target": "377.xyz", "model": "22.xyz", "model_rescale": 4.204369325754507, "target_rescale": 3.6186867667530382},
{"mapping": [1, 12, 4, 14, 13, 7, 6, 2, 10, 9, 11, 15], "R": [[-0.687510973844009, 0.10411328966313872, -0.7186717496601502], [0.3170631141285347, -0.8473131296910317, -0.42606506769776914], [-0.6532990452336342, -0.5207887125972569, 0.5495265911019354]], "T": [-0.13886315131361643, 0.002209540971256566, -0.06306342544496843], "aligned_model": [[-0.2542139727969953, -0.036639704127880646, -0.665665232844435, 0.5901133686451938, 0.1689765000642452, -0.5615582880167689, -0.5221169204942369, 0.056847874223556916, 0.5319921479783687, -0.20370046543250453, 0.3572251546177638, -0.11978319495084278], [-0.6186689709447072, -0.004018488248062937, 0.24287445432066201, 0.14413769784805544, 0.5954670403061773, 0.5492437131167797, -0.5286330381112361, -0.6398473286946946, -0.31726629527186223, 0.5163811499119734, 0.2635817266268389, -0.02315801307930719], [-0.2546971526528026, -0.6012554364474555, -0.5094096979659767, -0.2825824307964011, -0.13096139223632447, 0.0700079270464983, 0.29694513033407843, 0.48901035006967597, 0.19343685606588487, 0.503005056466627, 0.3894784788949206, -0.03898461368795228]], "inverted": true, "swapped": false, "error_lsq": 0.042012483656697734, "error_max": 0.2140971728514302, "target": "377.xyz", "model": "23.xyz", "model_rescale": 4.410303926677745, "target_rescale": 3.6186867667530382},
{"mapping": [0, 7, 13, 1, 11, 14, 5, 4, 3, 9, 10, 16], "R": [[0.552715729599548, -0.6256922478733791, -0.550467558721127], [0.8165613638209139, 0.2746141451546307, 0.5077544784597381], [-0.16653186292169012, -0.7301344275078046, 0.6626996728531576]], "T": [-0.18791771416107642, 0.03373448454887392, 0.054683657819445834], "aligned_model": [[-0.03144842139643608, -0.04692538350433417, -0.6632895445087468, 0.5728800691297303, 0.047445215673983104, -0.6015530305385097, -0.5329568217568087, 0.017373233323276116, 0.511902052041828, -0.17197734189261413, 0.32893861769469934, -0.08891137740060262], [-0.5805310111205678, 0.07673891647672926, 0.19645054687814065, 0.048095386610393, 0.6022728767206788, 0.5694624401314974, -0.44774641946007887, -0.4127328545267139, -0.5259057144544802, 0.4815084747348386, 0.20599578143194947, -0.03351477564176975], [-0.35590259662397294, -0.5935467627972051, -0.43697855325752993, -0.34194696001295405, -0.09394296999979376, 0.06185113068223246, 0.26616932336724336, 0.5367696615686641, 0.13409478503257283, 0.4924785205956855, 0.41101149014856364, 0.043936006387266774]], "inverted": false, "swapped": false, "error_lsq": 0.040607397397276805, "error_max": 0.19577988302886276, "target": "377.xyz", "model": "24.xyz", "model_rescale": 4.28219845311461, "target_rescale": 3.6186867667530382},
{"mapping": [14, 11, 12, 5, 9, 7, 2, 0, 8, 4, 1, 15], "R": [[0.8592542656150791, 0.48950632697683927, 0.14854515431994117], [-0.4976541871184962, 0.8671158096736694, 0.021224576730897345], [-0.11841628716405626, -0.09216142611537995, 0.9886778314853931]], "T": [-0.08977098951091522, 0.02064413630756804, 0.012689361954024286], "aligned_model": [[-0.362696549893743, 0.01901581763296549, -0.491522177318488, 0.679719717066852, -0.04696104415745976, -0.502395783875657, -0.5311961212433242, -0.01421521926836164, 0.5271327194426686, -0.28361790794598346, 0.4358836112901726, -0.08766979486417684], [-0.5773851968216435, -0.03243739151698107, 0.053829765744588705, 0.24240638041428653, 0.6024682917060066, 0.6631430919636534, -0.432977912930629, -0.38031432754797284, -0.29514103659879515, 0.22522039147748377, 0.12409411758372854, -0.012812525693109686], [-0.37204064740497944, -0.5181824241147461, -0.6368601722056866, -0.27711443459347185, -0.3286633070740608, 0.1626289391393668, 0.27374666200112796, 0.7191437538870532, -0.02799964615178069, 0.6873896665779317, 0.36320718015629805, 0.07873750487372001]], "inverted": true, "swapped": false, "error_lsq": 0.041863797008799115, "error_max": 0.19706475309819574, "target": "377.xyz", "model": "25.xyz", "model_rescale": 4.100010024507729, "target_rescale": 3.6186867667530382},
{"mapping": [5, 2, 6, 3, 1, 0, 4, 9, 7, 10, 8, 11], "R": [[0.8411437329925228, -0.2903084614033459, -0.4562874288045044], [-0.3526091715784503, -0.9341115865023492, -0.055698438764685], [-0.41005364596130905, 0.20774152497679998, -0.888087532979802]], "T": [-0.04665655041847721, 0.06122191732342707, -0.03758917469966657], "aligned_model": [[-0.27029194963969594, 0.13470983472002557, -0.5576857373273387, 0.7318885707851915, 0.018590049526559717, -0.532203760173982, -0.7702337582011863, 0.024283070176729378, 0.4279935955649678, -0.1473341772294141, 0.3766154095251948, -0.09485388086158678], [-0.6411292637170448, 0.07772563251079131, -0.02910458276992068, 0.18065844534614772, 0.7378488213338608, 0.5930075629470295, -0.3761643609568652, -0.438081087194649, -0.4178743987457586, 0.17389940853078048, 0.34850308195298796, -0.02919561145674284], [-0.18207514989362852, -0.7549392622521001, -0.4263981659166014, -0.23168718209692993, -0.2301131153487956, 0.19754357533993183, 0.18817363929267106, 0.6143118776448867, 0.023486233953743614, 0.5886457340761273, 0.30177524495763897, 0.03526964533382868]], "inverted": false, "swapped": false, "error_lsq": 0.044673866594594776, "error_max": 0.22916834765731994, "target": "377.xyz", "model": "26.xyz", "model_rescale": 3.6694154284099745, "target_rescale": 3.6186867667530382},
{"mapping": [1, 6, 0, 12, 2, 4, 5, 7, 3, 8, 9, 13], "R": [[-0.8537904680229796, 0.18886604617796832, -0.4851509593046306], [0.496374851597557, 0.014260782932748794, -0.8679911501689684], [-0.15701542412962197, -0.9818993057698162, -0.10592407617793209]], "T": [-0.03938360297893526, 0.12333018779497171, 0.08672399754985802], "aligned_model": [[-0.31303394571466364, 0.17683766841345624, -0.5787546688923184, 0.6549797226967902, -0.0708555387543709, -0.6618635707714666, -0.6510431918143188, 0.04271487025228187, 0.5598898419663427, -0.26717598956557265, 0.4939251589297692, -0.04414308988046449], [-0.5651669490970767, -0.15461113292577003, 0.10989909661527394, 0.20405223235396616, 0.5076640408748426, 0.6556812662715721, -0.36958130454036253, -0.4087940569738515, -0.4177626037816371, 0.24405221160273038, 0.2192119766437006, 0.15544887073722818], [-0.39362362252108574, -0.5025021185022559, -0.2951553056053735, -0.288877302815585, -0.4731212068045332, 0.15492655637822075, 0.181007123456001, 0.4126567414415333, 0.11707444105228937, 0.6714410351081733, 0.5005500268289809, 0.039616707074406926]], "inverted": true, "swapped": false, "error_lsq": 0.046250288145917105, "error_max": 0.2734270717839818, "target": "377.xyz", "model": "27.xyz", "model_rescale": 4.103607728864725, "target_rescale": 3.6186867667530382},
{"mapping": [11, 13, 8, 12, 2, 1, 5, 9, 10, 0, 3, 14], "R": [[0.12275735926033715, 0.9852929398077672, 0.11886317138792929], [-0.42207647686495214, -0.05656557771236659, 0.9047937793195397], [0.8982104867038117, -0.16123944363285905, 0.40892513176896816]], "T": [-0.03412602020593909, -0.13164231466036586, -0.04426287580564742], "aligned_model": [[-0.20419098903152216, 0.09444203404073116, -0.6214983644180739, 0.6478235361904136, 0.11001661026255936, -0.6077162821089634, -0.5856867344371686, -0.024077606577087296, 0.3387889731300614, -0.14966882257782793, 0.43487752092321913, -0.09163260853087643], [-0.6254054533435154, -0.04045101802387974, 0.030622208084251673, 0.31477881462195817, 0.5883424993528326, 0.5150416213512352, -0.2668345024185604, -0.4846057524735684, -0.4467174783734437, 0.2927477915204017, 0.30084214686949345, 0.0017327706134110943], [-0.4907347144644881, -0.6727745589100131, -0.592846443477723, -0.3143491490330149, -0.0907975500183586, 0.19165009634601735, 0.41687079382579256, 0.6942760649440061, 0.1021520321174881, 0.5180845609072573, 0.35136791358055103, 0.01109402927325815]], "inverted": true, "swapped": false, "error_lsq": 0.03733243241429177, "error_max": 0.17005663988433237, "target": "377.xyz", "model": "28.xyz", "model_rescale": 4.137296879288765, "target_rescale": 3.6186867667530382},
{"mapping": [1, 3, 10, 9, 6, 8, 0, 4, 5, 2, 11], "R": [[0.24984755074245857, -0.7938675931335641, -0.5543919605841311], [-0.8004430584654447, -0.49150978908744747, 0.34308750689248035], [-0.5448551289494111, 0.35803962323119354, -0.7582483212338725]], "T": [0.0608543710246266, -0.014497378898464058, -0.10406433719484623], "aligned_model": [[0.42513833906838266, 0.21457382564308716, -0.28992746623963, -0.5520358550703071, 0.042981705107008855, 0.5038793742174665, 0.697539559875767, -0.25174295294083066, -0.6972578146440633, 0.07985127898861577, 0.04841901670440103], [-0.24561295704246408, -0.7491698401901614, -0.34313146704041064, 0.1975135943138168, 0.7621446758240754, -0.17105599664933707, 0.35020185090072153, -0.43740978535022434, 0.23883437524377513, 0.2296054525481628, 0.08722791408999782], [0.27589157105581685, -0.12432805310992273, -0.5872073768667312, -0.30276902032163855, -0.11937918737707673, -0.5814406667232946, 0.02487188076532995, 0.2596445970274873, 0.3461848405565262, 0.7017886660726654, -0.08750322929616315]], "inverted": false, "swapped": true, "error_lsq": 0.04013421813979108, "error_max": 0.21499772170675308, "target": "377.xyz", "model": "29.xyz", "model_rescale": 3.607286011436655, "target_rescale": 3.6186867667530382},
