[{"mapping": [11, 0, 1, 8, 10, 3, 4, 5, 6, 7, 9, 12], "R": [[0.6510423707625936, -0.4047359215823618, 0.642131345795156], [-0.4265390791926914, -0.8948490626749631, -0.13156583504539093], [0.6278600523948571, -0.18823917979691784, -0.7552203425465386]], "T": [0.07217891449589893, -0.08365009912627601, -0.027417982448536223], "aligned_model": [[-0.2459227991822996, 0.22941187257200357, 0.43784619600381314, -0.10587572625081153, -0.3294158624090221, -0.5931683584246756, 0.4973199234879848, -0.24753285185343582, 0.6141347693480352, 0.19437255350837251, -0.6264841441370309, 0.012956889797615181], [-0.3645729353391338, -0.6712709683533317, -0.2667508512560324, 0.7656833419886934, 0.35485469947535253, -0.5519965843569005, -0.22498132931888964, -0.392487210071261, -0.04294166716829997, 0.3310186414985807, 0.1497414915972169, -0.03274159271893732], [-0.5999751046967393, -0.07103664218391181, -0.5604803039841343, -0.044049833279395, -0.5387969569130713, -0.008505892039361647, 0.6614313455510218, 0.6049751507017553, 0.07059448501191032, 0.49005563869947444, 0.21375127124305893, -0.03601141275704503]], "inverted": true, "swapped": true, "error_lsq": 0.04181743584718219, "error_max": 0.2654881270593747, "target": "379.xyz", "model": "0.xyz", "model_rescale": 3.751011558992144, "target_rescale": 3.913746127141894},
{"mapping": [6, 1, 0, 10, 12, 11, 7, 3, 2, 5, 8, 4, 14], "R": [[0.9756686376698556, 0.21720349610987033, 0.029888973637408722], [0.1179808853381207, -0.6350196596215805, 0.763433391062328], [0.18480048745141717, -0.7413316890378704, -0.6451946269661404]], "T": [0.08307930972185247, 0.013675640428640837, 0.1264466522683103], "aligned_model": [[-0.3710078730582886, 0.06483318734611679, 0.02380004943141134, 0.24621972176095436, -0.5740904375042902, -0.5198880934609886, -0.46369110517493667, -0.21667968389958087, 0.5157912178431452, 0.5100421258722073, 0.7236073267450722, 0.5231313366528278, 0.04345919207980774], [-0.4481172550631513, -0.022709884436982793, 0.5784044961320856, -0.7363491413675187, 0.22131296247410018, -0.44863270219477225, 0.12564955980340214, 0.7141948796114674, 0.7093697373975161, 0.09216775722147955, 0.049575520762668565, -0.5383630283644573, 0.011124626966419575], [-0.2533926524096578, -0.5692750751733004, -0.3766157765959225, 0.4150671310639011, 0.40391695680868617, 0.3702340513815744, -0.23157706003395012, 0.17958073540290936, 0.23828685076956224, 0.5754764822595458, -0.04341596910607365, -0.23017848938731145, 0.164229598840985]], "inverted": true, "swapped": false, "error_lsq": 0.05015550383387016, "error_max": 0.3740509333630491, "target": "379.xyz", "model": "1.xyz", "model_rescale": 3.9405287249114394, "target_rescale": 3.913746127141894},
{"mapping": [1, 2, 8, 0, 7, 6, 4, 3, 10, 11, 9, 5, 12], "R": [[-0.8819004697212913, -0.4388354862820402, 0.17226426641927534], [0.4619176409553262, -0.8773969163008986, 0.12964082782804398], [0.09425314042318267, 0.19390221052190054, 0.9764826052086584]], "T": [-0.01507197493170944, 0.0039198549392404185, 0.0526396496365067], "aligned_model": [[-0.5582505810947386, 0.16829946439351431, 0.22125403889483242, -0.002360508449499768, -0.7174059751265225, -0.12164813594835347, -0.44184599025015825, -0.21687557519718623, 0.4011224334207186, 0.5337121737869371, 0.6935757652238344, 0.55522405040571, -0.00927419542563063], [-0.44110323733627926, -0.4071999499268699, 0.6271624533840149, -0.8061208090750565, 0.14154823228194433, -0.1833700750674949, 0.368025974562432, 0.47987517802072843, 0.6990239579549692, -0.07554573464786485, 0.3614988761472174, -0.4342590734410033, -0.02190826391448113], [-0.31360860156285275, -0.45875554862825796, -0.34284543071725987, 0.26851583993786315, 0.3942464924785488, 0.551558177464899, -0.3680578609155772, 0.29665095248778706, 0.28737273153857235, 0.5000046764590186, -0.08996726132662053, -0.05146582853170361, -0.03131155486346986]], "inverted": false, "swapped": false, "error_lsq": 0.06019582465621806, "error_max": 0.38498538576675306, "target": "379.xyz", "model": "2.xyz", "model_rescale": 3.932901565614263, "target_rescale": 3.913746127141894},
{"mapping": [6, 12, 9, 1, 4, 0, 5, 7, 8, 3, 11, 10, 13], "R": [[-0.4292637104303378, -0.8231694846036057, -0.3716512700435896], [0.7889040239484744, -0.14139204512181275, -0.5980290382365864], [0.43973072203961866, -0.5499093463414723, 0.7100961927096994]], "T": [0.06039292613479323, 0.007796996086546368, 0.14308071694200195], "aligned_model": [[-0.2840943867128542, 0.042983605619546325, 0.06965341582033922, 0.18972195415251242, -0.7921156919164455, -0.20462361582659694, -0.4200494270486481, -0.2810663423910151, 0.5385555275969187, 0.30029174185851076, 0.9413297073007856, 0.36629041112255717, 0.03865006505784713], [-0.38711850428005645, -0.01779617649835359, 0.5885372556919561, -0.6766009233677591, -0.020345249750456942, -0.19946695714629492, 0.20070712672730856, 0.6222231813613952, 0.5591906287900618, 0.1263567684368762, -0.049142559188414606, -0.4291104017970456, -0.009806660036960006], [-0.29516864077453964, -0.6199210623716324, -0.30686142777559444, 0.3953545984096706, 0.3319284722513838, 0.7225271901559894, -0.35567825532655606, 0.26809502865693857, 0.22126200568107404, 0.5779112778226911, 0.007371568387388089, -0.3351285412849606, 0.03064456998909522]], "inverted": true, "swapped": false, "error_lsq": 0.04236881382112261, "error_max": 0.26263941347055586, "target": "379.xyz", "model": "3.xyz", "model_rescale": 3.9243930471874484, "target_rescale": 3.913746127141894},
{"mapping": [7, 8, 10, 1, 2, 0, 4, 3, 6, 5, 11, 9, 12], "R": [[0.8572897936938634, -0.09966221753181453, -0.5050956860090714], [-0.37732993867729836, 0.5458197842450978, -0.7481329297019489], [0.35025180514327037, 0.8319544491877403, 0.43032019179978565]], "T": [0.11098005643110123, 0.04880109250068631, -0.03908658245354174], "aligned_model": [[-0.5139387049570376, 0.03836068662913203, 0.22239482774327557, 0.04163334016309175, -0.7400908934196486, -0.25661343971368666, -0.42226288647190746, -0.23623912310856623, 0.41516462904213913, 0.37568867756172153, 0.8853513156561188, 0.572851883585134, 0.12322665192369069], [-0.43956611114851984, -0.14197212650584703, 0.5770230240895419, -0.5936316756627882, -0.01518922915218008, -0.09113717538785171, 0.16066894607178495, 0.544132503195651, 0.5537349302654289, -0.06656054992271299, 0.1919391969089832, -0.38871123808133035, 0.01689703427209647], [-0.15695419877433486, -0.6346269882663442, -0.49262385682126847, 0.2652676048269099, 0.3113388266829574, 0.714978836547356, -0.27468118472959197, 0.2559371543938691, 0.3780825439236621, 0.6610877794959547, -0.11651214244620817, -0.3439550256334848, 0.07499743462147081]], "inverted": true, "swapped": false, "error_lsq": 0.044543910383210976, "error_max": 0.23199231358868788, "target": "379.xyz", "model": "4.xyz", "model_rescale": 3.8936222436046832, "target_rescale": 3.913746127141894},
{"mapping": [8, 9, 10, 2, 11, 3, 5, 0, 6, 7, 1, 12], "R": [[-0.6059154149911106, 0.6842687266795975, -0.405762023314692], [-0.012114567207445803, -0.5179304953059531, -0.8553369156616042], [-0.7954368278735443, -0.5133461909086423, 0.3221116904771714]], "T": [-0.010213289983057955, 0.008897605580359281, 0.04735278518544845], "aligned_model": [[0.07568393622299603, -0.5423121279371753, -0.3564317284292742, 0.4710297668484903, -0.5072028893149894, -0.7671981678248067, -0.2727315410581991, -0.049093427765359396, 0.5269861514777373, 0.3332124957822612, 0.1674578582060371, -0.051852283992620596], [-0.5343450222047583, -0.5469944172006109, -0.00920122122649088, 0.06076777577345931, 0.4829408141794977, 0.03596136275815891, -0.3880660930114804, 0.4371408946665232, 0.10144600208433564, -0.5704193592220931, 0.634637225470341, -0.03494505695707521], [-0.6241056883160191, -0.045486854523476915, -0.6561232301174522, -0.4863154294811087, -0.14294270326592395, 0.3450683184394318, 0.6564677491679753, 0.4798098313441697, 0.13584754897079573, 0.08068418800767566, -0.12080421299750466, -0.00281479795304463]], "inverted": false, "swapped": true, "error_lsq": 0.03516853698206736, "error_max": 0.18760580453551795, "target": "379.xyz", "model": "5.xyz", "model_rescale": 3.6523030999806103, "target_rescale": 3.913746127141894},
{"mapping": [10, 6, 1, 9, 4, 11, 2, 3, 0, 7, 5, 8, 12], "R": [[0.6303799799741555, 0.7747569157657132, -0.04871141879460095], [-0.3808154489716855, 0.25394981975007636, -0.8890945297736329], [-0.6764618796889273, 0.5790174526921475, 0.4551242850097319]], "T": [0.052859068182947784, -0.03642860943767704, -0.003931193828419596], "aligned_model": [[-0.4977130799671717, -0.035967081209110734, 0.16167543631223943, 0.14510091410444256, -0.4912072681026343, -0.32188767344441266, -0.4896555934297599, -0.04183452594187372, 0.4519293655245554, 0.2687437593237427, 0.7096313455579618, 0.5405584519000282, 0.10615291400545004], [-0.5605012034337548, -0.22509882789028954, 0.5123303749780321, -0.7168010259001131, 0.05798331718606129, -0.2962623592409146, 0.38145882994871166, 0.5227377679339812, 0.8461590546523559, 0.012759685649887768, 0.13432631317544805, -0.3887276265731577, 0.0272632284560081], [-0.1796903118581205, -0.6196729626936904, -0.415510397680646, 0.22244833695716704, 0.15166383102422504, 0.7488106644761677, -0.3314362535564405, 0.39732531838883955, 0.2173054294383372, 0.6424374095664281, 0.0543479796537749, -0.30681370622199633, 0.06112144632690131]], "inverted": true, "swapped": false, "error_lsq": 0.04546380592283453, "error_max": 0.31171575813975866, "target": "379.xyz", "model": "6.xyz", "model_rescale": 4.08911054899281, "target_rescale": 3.913746127141894},
{"mapping": [7, 4, 3, 12, 2, 13, 6, 1, 9, 11, 8, 5, 14], "R": [[-0.8403826487125284, 0.1388209641315457, 0.5239138704601201], [-0.2662669188810503, -0.9476960614915643, -0.17599461055091886], [0.47207937007722284, -0.2874037490203729, 0.8333907567261154]], "T": [0.0821097531886062, 9.05511428634688e-05, 0.055005527282696025], "aligned_model": [[-0.4983717015126626, 0.32897741107125683, 0.11002138736697892, 0.20293875018634755, -0.704849479273211, -0.2807828243959077, -0.25732718378984737, -0.2057415885565539, 0.3972863214308751, 0.3876811187447733, 0.6804441263754535, 0.20235631926490327, 0.142894307721051], [-0.4687036207009977, -0.058215360454451345, 0.575160793466034, -0.6048023829516453, 0.14326278964007144, -0.29965513097276786, 0.14046270490090443, 0.47447964117198244, 0.6876175567239475, -0.014833889846174533, 0.2424761293757012, -0.6359336393407474, 0.12631193793039938], [-0.15130072499914354, -0.602646561489624, -0.4881027430811753, 0.41208648417938243, 0.1566737123656458, 0.6156801437392696, -0.28296072949080164, 0.5346331486435292, 0.2612278716964984, 0.5559391202573145, -0.16498125098549743, -0.3468840372121466, 0.14297235019769633]], "inverted": false, "swapped": false, "error_lsq": 0.048602442130466945, "error_max": 0.3212529845276914, "target": "379.xyz", "model": "7.xyz", "model_rescale": 3.964800864290218, "target_rescale": 3.913746127141894},
{"mapping": [1, 7, 12, 0, 5, 3, 8, 10, 11, 6, 4, 2, 13], "R": [[-0.21514332749081583, -0.933879779072228, 0.2856254660848472], [-0.009449598064983689, -0.29047006076159165, -0.9568374203058573], [0.9765367651719981, -0.20855623232395593, 0.053667906855460024]], "T": [0.05713311851113239, 0.010090365224689413, 0.061986083942323925], "aligned_model": [[-0.3233121169930232, -0.0031353849377605478, 0.32493240617025293, 0.12067268187584418, -0.7414128983113906, -0.11651526316460892, -0.525559540648581, -0.37508418463668763, 0.5059096501360568, 0.42297741244600817, 0.7576558059193419, 0.4624700780337184, -0.004071681255713812], [-0.513658748533461, -0.10673324451232409, 0.44499116782249576, -0.6587430797943188, 0.10731384309905491, -0.27400719657357503, 0.32185525304890616, 0.5849624970705494, 0.6763920315283696, 0.031455216269903344, 0.07458382593848757, -0.4358488237874926, 0.05506478736566134], [-0.3175770594108398, -0.6377089329484337, -0.49462847813597904, 0.3105497965678204, 0.289895226662129, 0.7062666987555312, -0.3308618524002468, 0.4592822554489889, 0.2663755128209291, 0.5116607651437972, 0.047775068307265425, -0.21269357803182892, 0.04400136104181454]], "inverted": true, "swapped": false, "error_lsq": 0.03943996363830414, "error_max": 0.2475593072964419, "target": "379.xyz", "model": "8.xyz", "model_rescale": 4.121658175737393, "target_rescale": 3.913746127141894},
{"mapping": [6, 4, 0, 7, 2, 8, 1, 3, 10, 11, 5, 9, 12], "R": [[0.4892036632190926, -0.2750899114786372, -0.8276504796686199], [0.4027099840082818, -0.7704965180949619, 0.4941252719539752], [-0.773630690105473, -0.5750310045608116, -0.2661482652972096]], "T": [0.060488809736700996, -0.0021270012349241807, 0.10167401583334465], "aligned_model": [[-0.3113016354786473, 0.12499653279174634, 0.04265444050830568, 0.45639080143870114, -0.5615490549254181, -0.3755517214019934, -0.40732536957014864, -0.12228827734816512, 0.5281566265098422, 0.1951478967678506, 0.6119894482424139, 0.3203462457152406, 0.003861031383729348], [-0.55566515797063, -0.027244400413488953, 0.6220694319232012, -0.45902324468276234, 0.29054246227257063, -0.39192495928796267, 0.12724196881523772, 0.6290012209719422, 0.5557314693046835, 0.044324965768897745, 0.12720023774479686, -0.6662970538591598, 0.011670588354930483], [-0.08687153298227587, -0.7833885738423704, -0.3767452471872589, 0.40120422466518935, 0.20046637847192256, 0.535816325254192, -0.38755525449003847, 0.5386565040875009, 0.317455318538696, 0.7203348434238082, -0.14498246038702486, -0.32790958627307465, 0.03585584454168178]], "inverted": true, "swapped": false, "error_lsq": 0.05512590632196808, "error_max": 0.32650123277745996, "target": "379.xyz", "model": "9.xyz", "model_rescale": 3.833441315466971, "target_rescale": 3.913746127141894},
{"mapping": [5, 13, 8, 1, 3, 6, 2, 7, 11, 12, 10, 0, 14], "R": [[-0.896980611445838, 0.4152843862838504, -0.15154095551730135], [-0.3198090171127312, -0.8462549910188236, -0.42611580908142754], [-0.30520153221050483, -0.3337534549402845, 0.8918860106828584]], "T": [0.014397571839750031, 0.023600324178269034, 0.12494511997831569], "aligned_model": [[-0.3043727708832824, 0.013051726439730987, 0.24258705488474397, 0.22331261411497322, -0.7964777576289324, -0.14734810894140904, -0.42347340558347624, -0.18664241350466626, 0.3682645009721068, 0.4261881602104508, 0.7447581238964157, 0.39936299910274475, -0.05368375844594293], [-0.48174833840777537, -0.257720175463096, 0.6340815486389948, -0.6620863502194055, 0.3346339904683746, -0.2825602477521162, 0.10477024404968643, 0.5913884674209485, 0.5510954150771826, -0.09765164147067573, 0.23141427377461268, -0.4426308259569928, 0.08464116878251866], [-0.1919829464496159, -0.6210733158504156, -0.30260791390792796, 0.3032628773061382, 0.13276229599163908, 0.7091827488493208, -0.4392629144966739, 0.40974948347642565, 0.3736702827334202, 0.547729378751454, -0.18992147061605152, -0.18850837921963115, 0.09933665725286574]], "inverted": true, "swapped": false, "error_lsq": 0.043967047601158174, "error_max": 0.24193255448487977, "target": "379.xyz", "model": "10.xyz", "model_rescale": 4.2482417240324, "target_rescale": 3.913746127141894},
{"mapping": [3, 9, 7, 8, 0, 6, 5, 2, 10, 1, 11, 12], "R": [[0.04635398003329502, 0.9916392294535114, -0.12042818251522242], [-0.6729653481390167, -0.05809352142839083, -0.7373891665682253], [-0.7382201221446119, 0.11522491647597716, 0.6646459733451328]], "T": [-0.02198103747467757, 0.1530808248773617, 0.0180235310557113], "aligned_model": [[-0.7365672721182913, -0.11124898440821401, 0.4368853196066386, 0.6540594463011637, -0.4781104239472847, 0.2639005076606478, -0.39851331450932465, 0.6052831961878404, 0.1546752585968978, -0.05668266611721476, -0.45317516648117817, -0.0037402984086740317], [-0.23635268727238412, -0.6042248911380539, 0.005600116151809276, -0.37298456097574134, 0.5552896739883426, 0.6024092553264631, -0.08807933797841822, 0.3340406962483292, -0.3204880023052485, 0.6351298512735513, 0.07625639086443103, 0.07953488586755923], [0.028080560783531515, 0.15688893058192332, 0.48956515736592504, -0.12187586798891503, 0.06381764668836079, 0.16415864853216885, 0.6485647824399301, -0.2867391040736653, -0.5816417070042642, -0.44868667662870754, -0.5442020712045779, -0.002738009637353]], "inverted": false, "swapped": true, "error_lsq": 0.043758034312800974, "error_max": 0.2956932652329295, "target": "379.xyz", "model": "11.xyz", "model_rescale": 3.6694154284099745, "target_rescale": 3.913746127141894},
{"mapping": [12, 10, 9, 1, 5, 0, 7, 6, 11, 4, 8, 2, 13], "R": [[0.7405756026526644, 0.6714138211675226, 0.027409076979525104], [0.41139798732989663, -0.48527197831666763, 0.7715327621569534], [0.5313186170054214, -0.5601023011967137, -0.6355988824861105]], "T": [0.026172172693483653, 0.029973714326152305, 0.059537880123272297], "aligned_model": [[-0.33944584522684323, -0.01921704915904024, 0.2951106687860347, 0.2856495320921485, -0.767243671207261, -0.271926924346861, -0.4103796683504432, -0.2127150427271006, 0.3990572419682362, 0.4032415795819718, 0.732320836639266, 0.39926509587135117, 0.01181021071199784], [-0.48835249609411985, -0.05868487928462552, 0.5629775618482915, -0.718558842692023, 0.10471485084565219, -0.247703259386909, 0.44269031635710226, 0.4006638853333628, 0.6475472651458326, 0.020039393528569364, 0.118217650969489, -0.4385230239715991, -0.037400893656767166], [-0.18424461479763113, -0.56784418817883, -0.47736551038209774, 0.35760499529180334, 0.15688187652636293, 0.646709312533557, -0.37778673038787736, 0.4136233625719524, 0.21634439576279887, 0.6962470927229855, -0.19768755284237263, -0.20051221172689251, 0.1603665567271888]], "inverted": false, "swapped": false, "error_lsq": 0.03289947519997978, "error_max": 0.20118130642834428, "target": "379.xyz", "model": "12.xyz", "model_rescale": 3.9764082729961374, "target_rescale": 3.913746127141894},
{"mapping": [8, 3, 14, 2, 10, 1, 11, 13, 6, 9, 4, 7, 15], "R": [[0.4013512237559826, 0.5892735635789415, -0.7011945967108919], [0.7819899291868819, 0.17813024044963083, 0.5972950427449168], [0.4768741404604264, -0.7880522093772289, -0.3893132022623913]], "T": [0.12367829777704874, 0.07297887133417036, 0.20495640415474642], "aligned_model": [[-0.3284284432995064, 0.0322730431649713, 0.006501151036405681, 0.04332657568453961, -0.6688835315522461, -0.25673060169240297, -0.49050028420343095, -0.130001244065026, 0.47656722184182176, 0.312220144087865, 0.8175561165428098, 0.5095858362097433, 0.18204098087791298], [-0.3397490776566945, -0.08643869162981041, 0.5950635848999261, -0.7201451690585781, -0.02385310740024582, -0.2969714649829587, 0.2472653126282946, 0.629323762005494, 0.728984281700395, -0.10169586406146153, 0.05880240459462591, -0.4583896411672368, 0.07543119907050735], [-0.1484668144422771, -0.6164293562292147, -0.38876500165588607, 0.2324767823129296, 0.29777996551092634, 0.5538810322970991, -0.26722322751829325, 0.22960592466949298, 0.03529463903991689, 0.7485001793208286, 0.020033927979241833, -0.16888390216046373, 0.1145326346966466]], "inverted": false, "swapped": false, "error_lsq": 0.04351562157899961, "error_max": 0.23396071200147922, "target": "379.xyz", "model": "13.xyz", "model_rescale": 4.170626492500431, "target_rescale": 3.913746127141894},
{"mapping": [4, 8, 10, 2, 5, 6, 12, 11, 9, 3, 1, 0, 13], "R": [[0.08165146197990325, -0.9835060772065185, -0.16139651438116626], [-0.09003306163264518, -0.16855375045529775, 0.9815720457615454], [-0.992586060031873, -0.06561577024846107, -0.1023107234120865]], "T": [0.11597742616094335, -0.03840741884425615, -0.0022510377111388882], "aligned_model": [[-0.33556139388176126, -0.05670231382039577, 0.09016638666615025, 0.17542173572739916, -0.7214037044872942, -0.36340038667202595, -0.4890813785577161, -0.10975970306448819, 0.46656648504283565, 0.3709871615921225, 0.8670524550337723, 0.5608462400081217, 0.05039538104673709], [-0.507889678388277, -0.08312727809155497, 0.4276479297485418, -0.6500613397693741, 0.18190171565227925, -0.15239025366569744, 0.2122891801014426, 0.4794907218183154, 0.6792802215140866, -0.01651846720363015, 0.11760347997164326, -0.3869255614392936, 0.006326858693774598], [-0.2828971361356548, -0.7231796988100041, -0.31919662809389365, 0.23286174865625794, 0.2760950699460251, 0.6794337083112685, -0.32899433036710046, 0.42258294812151254, 0.13309371147796525, 0.6380336747889159, 0.046342895548892406, -0.19326216114690142, 0.061422981523664065]], "inverted": false, "swapped": false, "error_lsq": 0.03408555616799074, "error_max": 0.18006868618193772, "target": "379.xyz", "model": "14.xyz", "model_rescale": 3.9786697098870705, "target_rescale": 3.913746127141894},
{"mapping": [7, 8, 5, 4, 9, 3, 2, 11, 0, 6, 10, 12], "R": [[0.6918666855480039, 0.69721601366382, -0.1876441305225171], [-0.7179367168225143, 0.6366926502411118, -0.2814060052078825], [-0.07672913440752954, 0.3294120511148332, 0.9410634094009765]], "T": [0.07259472950943675, -0.03600172153225339, 0.08243172638305886], "aligned_model": [[-0.06221235581343197, -0.7028860543110108, 0.6148569840899903, 0.5257375598022205, -0.062209150705185665, 0.46808843950972184, -0.4980158712171295, 0.05392958152330054, 0.5862221063928031, 0.10567105569464824, -0.5662427411683314, 0.020415042969741268], [-0.42590643382104915, -0.06113177170054302, 0.09708805888564725, -0.6357542479337462, 0.45762485033602074, 0.6659739693840129, -0.423827208632648, 0.5207888424073055, -0.02971214955486525, -0.5712224208429583, 0.41156461793665855, 0.009188383760604255], [-0.4509178433479897, -0.3065996377168792, -0.4521295957309047, -0.24951898271285688, -0.4997409580238801, -0.032494100510686755, 0.28999398582256625, 0.5269133104183824, 0.41117240767134505, 0.21443372823955187, 0.16394452654841968, 0.044909653216762005]], "inverted": true, "swapped": true, "error_lsq": 0.05039678488552058, "error_max": 0.2920667383417341, "target": "379.xyz", "model": "15.xyz", "model_rescale": 3.769337070930944, "target_rescale": 3.913746127141894},
{"mapping": [7, 5, 2, 6, 8, 9, 10, 3, 1, 0, 12], "R": [[-0.9899034784867282, 0.11871510358213257, -0.0774456419778378], [-0.1293196677578186, -0.5327229953159527, 0.8363507839373424], [0.05803039557751872, 0.8379217949445422, 0.5426965438862069]], "T": [-0.07966204662583767, 0.06602059718780627, 0.06185487171764614], "aligned_model": [[-0.3380176224219066, -0.3132859602033087, -0.049017309937125324, -0.5260232934189967, 0.33927828271899985, 0.37387342503627163, 0.6608070398503859, 0.2503498967764708, -0.0987597175356994, -0.3625102134760413, -0.014068396697879057], [0.005647660333111634, -0.6653421219646576, 0.7343731465787442, 0.3854350888427324, 0.31546025787063986, -0.45028731428525215, 0.29578533016346387, -0.5878895727097593, 0.5597436816233103, -0.05003297353783116, 0.05317131471084013], [-0.55803858961355, -0.027841781137182553, -0.205451932321716, 0.0008976022516200555, -0.6562093481656225, -0.2966085567370298, -0.05641168404542474, 0.4166600265431343, 0.5171203763389636, 0.5895399669827504, 0.020561527127834593]], "inverted": true, "swapped": true, "error_lsq": 0.039814429994259506, "error_max": 0.2518159724420592, "target": "379.xyz", "model": "16.xyz", "model_rescale": 3.7852294659196426, "target_rescale": 3.913746127141894},
{"mapping": [0, 4, 5, 9, 3, 8, 1, 2, 7, 11, 6, 10, 12], "R": [[-0.08442573714945784, 0.919066314737618, 0.384953768680584], [-0.3370328366358851, -0.3899015646857891, 0.8569630312240677], [0.9376999317137331, -0.05739232501116581, 0.34267325412683336]], "T": [-0.02676263385073986, 0.039805318459900485, 0.06129764916752136], "aligned_model": [[-0.39056915337273446, -0.09986290535472576, 0.18156328911081565, 0.1579934131989667, -0.819457458972885, -0.20970082251782768, -0.3449294784445217, -0.2015442437500634, 0.3913078128001844, 0.39659083346598795, 0.8297755174264395, 0.5788905981810452, 0.03546956286277617], [-0.49214585917359394, -0.097119026256092, 0.37203879940370443, -0.749721714652805, 0.09450133540367467, -0.29069754292039696, 0.587299394672999, 0.4810412353929005, 0.5900296661194819, 0.05775948373642403, 0.20034717170252245, -0.42204445598552115, -0.023660958501041246], [-0.1632461476881312, -0.6298570073455735, -0.4663672393010615, 0.36092083347517273, 0.09504125771216504, 0.5918703482381674, -0.20939451872780543, 0.4471075446854621, 0.17918434924902465, 0.6599474333430452, -0.10592060541636356, -0.20163584746861676, 0.08468638306546211]], "inverted": false, "swapped": false, "error_lsq": 0.04212246156819173, "error_max": 0.3228556993535833, "target": "379.xyz", "model": "17.xyz", "model_rescale": 3.901054581598922, "target_rescale": 3.913746127141894},
{"mapping": [6, 1, 0, 10, 12, 11, 7, 3, 2, 5, 8, 4, 14], "R": [[0.9756686376698556, 0.21720349610987033, 0.029888973637408722], [0.1179808853381207, -0.6350196596215805, 0.763433391062328], [0.18480048745141717, -0.7413316890378704, -0.6451946269661404]], "T": [0.08307930972185247, 0.013675640428640837, 0.1264466522683103], "aligned_model": [[-0.3710078730582886, 0.06483318734611679, 0.02380004943141134, 0.24621972176095436, -0.5740904375042902, -0.5198880934609886, -0.46369110517493667, -0.21667968389958087, 0.5157912178431452, 0.5100421258722073, 0.7236073267450722, 0.5231313366528278, 0.04345919207980774], [-0.4481172550631513, -0.022709884436982793, 0.5784044961320856, -0.7363491413675187, 0.22131296247410018, -0.44863270219477225, 0.12564955980340214, 0.7141948796114674, 0.7093697373975161, 0.09216775722147955, 0.049575520762668565, -0.5383630283644573, 0.011124626966419575], [-0.2533926524096578, -0.5692750751733004, -0.3766157765959225, 0.4150671310639011, 0.40391695680868617, 0.3702340513815744, -0.23157706003395012, 0.17958073540290936, 0.23828685076956224, 0.5754764822595458, -0.04341596910607365, -0.23017848938731145, 0.164229598840985]], "inverted": true, "swapped": false, "error_lsq": 0.05015550383387016, "error_max": 0.3740509333630491, "target": "379.xyz", "model": "18.xyz", "model_rescale": 3.9405287249114394, "target_rescale": 3.913746127141894},
{"mapping": [2, 6, 0, 11, 3, 10, 1, 12, 4, 13, 7, 5, 15], "R": [[-0.3957286007472235, 0.902847472026886, -0.16812292171297222], [-0.9142605389105136, -0.3700072994511896, 0.16499171295521298], [0.08675564270813904, 0.219000092711166, 0.9718602872073736]], "T": [0.1166528435372775, 0.08483244243838257, 0.1302012946478477], "aligned_model": [[-0.3365163063097433, -0.0219550354199175, 0.14637288792548578, 0.22672832389485534, -0.7046210254039895, -0.39358919969463063, -0.39384692407802496, -0.10185677440362656, 0.4345005517444535, 0.4319033870666202, 0.8108502895180718, 0.31364442909218543, 0.09391236070171773], [-0.523582300569277, -0.07628815114523425, 0.49600279895742616, -0.5353904390094123, 0.1911355089744361, -0.47224785384586293, 0.27900611775628464, 0.5103048656557682, 0.7375064552898964, 0.027174018292677488, 0.19245649716109836, -0.5718981618881456, 0.0534481733126011], [-0.2938205268789444, -0.5861166974523583, -0.42000767914076365, 0.48008723013605703, 0.32929294468179315, 0.347499793853229, -0.24021198138002203, 0.3973451251179504, 0.04271131835441011, 0.7206438797494434, 0.08402210257904871, -0.3400772093477573, 0.12096848354886101]], "inverted": false, "swapped": false, "error_lsq": 0.0440032698405611, "error_max": 0.3558456396479415, "target": "379.xyz", "model": "19.xyz", "model_rescale": 4.410303926677745, "target_rescale": 3.913746127141894},
{"mapping": [1, 7, 12, 0, 5, 3, 8, 10, 11, 6, 4, 2, 13], "R": [[-0.21514332749081583, -0.933879779072228, 0.2856254660848472], [-0.009449598064983689, -0.29047006076159165, -0.9568374203058573], [0.9765367651719981, -0.20855623232395593, 0.053667906855460024]], "T": [0.05713311851113239, 0.010090365224689413, 0.061986083942323925], "aligned_model": [[-0.3233121169930232, -0.0031353849377605478, 0.32493240617025293, 0.12067268187584418, -0.7414128983113906, -0.11651526316460892, -0.525559540648581, -0.37508418463668763, 0.5059096501360568, 0.42297741244600817, 0.7576558059193419, 0.4624700780337184, -0.004071681255713812], [-0.513658748533461, -0.10673324451232409, 0.44499116782249576, -0.6587430797943188, 0.10731384309905491, -0.27400719657357503, 0.32185525304890616, 0.5849624970705494, 0.6763920315283696, 0.031455216269903344, 0.07458382593848757, -0.4358488237874926, 0.05506478736566134], [-0.3175770594108398, -0.6377089329484337, -0.49462847813597904, 0.3105497965678204, 0.289895226662129, 0.7062666987555312, -0.3308618524002468, 0.4592822554489889, 0.2663755128209291, 0.5116607651437972, 0.047775068307265425, -0.21269357803182892, 0.04400136104181454]], "inverted": true, "swapped": false, "error_lsq": 0.03943996363830414, "error_max": 0.2475593072964419, "target": "379.xyz", "model": "20.xyz", "model_rescale": 4.121658175737393, "target_rescale": 3.913746127141894},
{"mapping": [10, 6, 1, 9, 4, 11, 2, 3, 0, 7, 5, 8, 12], "R": [[0.6303799799741555, 0.7747569157657132, -0.04871141879460095], [-0.3808154489716855, 0.25394981975007636, -0.8890945297736329], [-0.6764618796889273, 0.5790174526921475, 0.4551242850097319]], "T": [0.052859068182947784, -0.03642860943767704, -0.003931193828419596], "aligned_model": [[-0.4977130799671717, -0.035967081209110734, 0.16167543631223943, 0.14510091410444256, -0.4912072681026343, -0.32188767344441266, -0.4896555934297599, -0.04183452594187372, 0.4519293655245554, 0.2687437593237427, 0.7096313455579618, 0.5405584519000282, 0.10615291400545004], [-0.5605012034337548, -0.22509882789028954, 0.5123303749780321, -0.7168010259001131, 0.05798331718606129, -0.2962623592409146, 0.38145882994871166, 0.5227377679339812, 0.8461590546523559, 0.012759685649887768, 0.13432631317544805, -0.3887276265731577, 0.0272632284560081], [-0.1796903118581205, -0.6196729626936904, -0.415510397680646, 0.22244833695716704, 0.15166383102422504, 0.7488106644761677, -0.3314362535564405, 0.39732531838883955, 0.2173054294383372, 0.6424374095664281, 0.0543479796537749, -0.30681370622199633, 0.06112144632690131]], "inverted": true, "swapped": false, "error_lsq": 0.04546380592283453, "error_max": 0.31171575813975866, "target": "379.xyz", "model": "21.xyz", "model_rescale": 4.08911054899281, "target_rescale": 3.913746127141894},
{"mapping": [9, 10, 7, 11, 3, 15, 12, 4, 0, 1, 6, 5, 16], "R": [[-0.7477253640067377, 0.09102697495910309, -0.6577392111245811], [0.37232658256553375, -0.7627078948438731, -0.5288190456648647], [-0.5497996871007315, -0.6403052061108221, 0.5364042757951464]], "T": [0.018072741977678216, 0.008257131678057222, 0.1120383229054614], "aligned_model": [[-0.2694337465307786, 0.17044971038975895, 0.1432278551521507, 0.28819694421043435, -0.74201881911927, -0.28405697775220035, -0.47517286478227283, -0.1568597575255755, 0.42578481701890675, 0.44807222625622645, 0.6727578105322854, 0.26582274140355233, 0.018757025380239045], [-0.4792012094724113, -0.09704152702192753, 0.4784529409343222, -0.6402739591203827, 0.3950849204636814, -0.42305867363014027, 0.11641014998957108, 0.5911577977468714, 0.6500113524367943, -0.03944725297969404, 0.2278975929590614, -0.5282082326032815, 0.0558436292397919], [-0.32071102287207826, -0.6733462078745029, -0.40666032430076043, 0.415902387734375, 0.27606241829057915, 0.6162122278643152, -0.4264607040910617, 0.4525050907137688, 0.26036830026403907, 0.7774878825797069, -0.16851409168276765, -0.27338858930895277, 0.1128794165042867]], "inverted": false, "swapped": false, "error_lsq": 0.041859739628481635, "error_max": 0.23648664471855538, "target": "379.xyz", "model": "22.xyz", "model_rescale": 4.204369325754507, "target_rescale": 3.913746127141894},
{"mapping": [2, 6, 0, 11, 3, 10, 1, 12, 4, 13, 7, 5, 15], "R": [[-0.3957286007472235, 0.902847472026886, -0.16812292171297222], [-0.9142605389105136, -0.3700072994511896, 0.16499171295521298], [0.08675564270813904, 0.219000092711166, 0.9718602872073736]], "T": [0.1166528435372775, 0.08483244243838257, 0.1302012946478477], "aligned_model": [[-0.3365163063097433, -0.0219550354199175, 0.14637288792548578, 0.22672832389485534, -0.7046210254039895, -0.39358919969463063, -0.39384692407802496, -0.10185677440362656, 0.4345005517444535, 0.4319033870666202, 0.8108502895180718, 0.31364442909218543, 0.09391236070171773], [-0.523582300569277, -0.07628815114523425, 0.49600279895742616, -0.5353904390094123, 0.1911355089744361, -0.47224785384586293, 0.27900611775628464, 0.5103048656557682, 0.7375064552898964, 0.027174018292677488, 0.19245649716109836, -0.5718981618881456, 0.0534481733126011], [-0.2938205268789444, -0.5861166974523583, -0.42000767914076365, 0.48008723013605703, 0.32929294468179315, 0.347499793853229, -0.24021198138002203, 0.3973451251179504, 0.04271131835441011, 0.7206438797494434, 0.08402210257904871, -0.3400772093477573, 0.12096848354886101]], "inverted": false, "swapped": false, "error_lsq": 0.0440032698405611, "error_max": 0.3558456396479415, "target": "379.xyz", "model": "23.xyz", "model_rescale": 4.410303926677745, "target_rescale": 3.913746127141894},
{"mapping": [4, 10, 1, 15, 2, 5, 3, 0, 7, 13, 11, 9, 16], "R": [[0.7125058960789323, 0.5982530007116093, 0.366645189784774], [0.24149582062993266, 0.28152658283317533, -0.9286670833924021], [-0.6587982366939313, 0.7502240533986034, 0.05611375082042159]], "T": [0.17105749842896706, -0.05896436355071091, 0.13233389215147734], "aligned_model": [[-0.43324196066594084, 0.1260616285545056, 0.1696661468629394, 0.24945412468755676, -0.7186553049915894, -0.2809806838820724, -0.5030888663940996, -0.30182527916497953, 0.38800278844944097, 0.5630649049250518, 0.7046112037693864, 0.4487883893772954, 0.09366987310596275], [-0.2899836237191635, -0.15760978984564245, 0.636240065015363, -0.7427615668177927, 0.14285202482302536, -0.3078914512053115, 0.31079859237270113, 0.4889689016175528, 0.5568754925671706, 0.10966753636156917, 0.06728937703332286, -0.5167469622713271, 0.009928933010788538], [-0.10290351592804756, -0.5095604900025861, -0.37068123308162687, 0.3209858060832934, 0.15631771986298162, 0.4919153435538859, -0.33462758362215284, 0.34805785156082714, 0.25726150894191024, 0.6909751897775347, -0.18405498742049992, -0.19281319479538594, 0.0714643688908139]], "inverted": false, "swapped": false, "error_lsq": 0.039760093423516496, "error_max": 0.23635907164009196, "target": "379.xyz", "model": "24.xyz", "model_rescale": 4.28219845311461, "target_rescale": 3.913746127141894},
{"mapping": [3, 0, 6, 7, 5, 9, 8, 11, 14, 13, 2, 4, 15], "R": [[0.6147093207307327, 0.7808078386001899, -0.11167618451246157], [-0.6208243110478752, 0.5662951038738843, 0.5421134845587205], [0.48652813466303546, -0.2639109215416573, 0.8328513670951984]], "T": [0.030454623789994688, 0.03245092794460036, 0.11833446000486691], "aligned_model": [[-0.3596124919826121, 0.2910440282141361, 0.17743363919279478, 0.20059020766957766, -0.8130524021618484, -0.3094683392936692, -0.41487287978446913, -0.1826649030900697, 0.39676390770318193, 0.502263649048302, 0.6588997494557435, 0.3004354185705722, 0.057767381091817054], [-0.6192733287071944, -0.022600569295945894, 0.6389072289705467, -0.6450052330279702, 0.1492067296906101, -0.24194416995736562, 0.4197860461732522, 0.3904973168933846, 0.6842088153275346, -0.10319720267541777, 0.1775162952911954, -0.5436361171066528, 0.02316171736627951], [-0.03381179642075116, -0.65277945310347, -0.5319001583738933, 0.46134034743026536, 0.13036196359725913, 0.6341187107286189, -0.24718021504355903, 0.4688482569826007, 0.2638466232345134, 0.45286739602328796, -0.11143235137457924, -0.24205790950297257, 0.0501153696436272]], "inverted": false, "swapped": false, "error_lsq": 0.04505418449142535, "error_max": 0.2882744354876029, "target": "379.xyz", "model": "25.xyz", "model_rescale": 4.100010024507729, "target_rescale": 3.913746127141894},
{"mapping": [3, 9, 7, 8, 0, 6, 5, 2, 10, 1, 11, 12], "R": [[0.04635398003329502, 0.9916392294535114, -0.12042818251522242], [-0.6729653481390167, -0.05809352142839083, -0.7373891665682253], [-0.7382201221446119, 0.11522491647597716, 0.6646459733451328]], "T": [-0.02198103747467757, 0.1530808248773617, 0.0180235310557113], "aligned_model": [[-0.7365672721182913, -0.11124898440821401, 0.4368853196066386, 0.6540594463011637, -0.4781104239472847, 0.2639005076606478, -0.39851331450932465, 0.6052831961878404, 0.1546752585968978, -0.05668266611721476, -0.45317516648117817, -0.0037402984086740317], [-0.23635268727238412, -0.6042248911380539, 0.005600116151809276, -0.37298456097574134, 0.5552896739883426, 0.6024092553264631, -0.08807933797841822, 0.3340406962483292, -0.3204880023052485, 0.6351298512735513, 0.07625639086443103, 0.07953488586755923], [0.028080560783531515, 0.15688893058192332, 0.48956515736592504, -0.12187586798891503, 0.06381764668836079, 0.16415864853216885, 0.6485647824399301, -0.2867391040736653, -0.5816417070042642, -0.44868667662870754, -0.5442020712045779, -0.002738009637353]], "inverted": false, "swapped": true, "error_lsq": 0.043758034312800974, "error_max": 0.2956932652329295, "target": "379.xyz", "model": "26.xyz", "model_rescale": 3.6694154284099745, "target_rescale": 3.913746127141894},
{"mapping": [9, 8, 4, 3, 11, 12, 10, 2, 0, 6, 5, 7, 13], "R": [[0.12114441557841524, -0.053138548567646327, 0.9912115441369154], [0.9401050883487863, 0.32667806124587107, -0.09738514856670841], [-0.31863216007629414, 0.9436406831823027, 0.08953104270783424]], "T": [0.10097045368889168, 0.01711610774010389, 0.00895378310257483], "aligned_model": [[-0.32253296756191124, 0.09765830366428421, 0.03963853756480787, 0.17601744118026316, -0.7045860847869083, -0.34940294080823764, -0.36946593885163626, -0.1479525258196453, 0.4597400612649856, 0.23741458791601205, 0.8525564229872223, 0.45498536132072775, 0.08145670656349341], [-0.4891075187207717, -0.02559707299428356, 0.7135925747147543, -0.713263981642563, 0.10070257187625486, -0.24765311816095661, 0.21945411335241968, 0.5090167339321277, 0.5587404581985795, -0.017465926294085655, 0.124265496738967, -0.48490520655103203, 0.05984840449284563], [-0.16206091706094206, -0.628636842835272, -0.42312201708066066, 0.3462134679677838, 0.2922688649060232, 0.6062760377543965, -0.3067037084146097, 0.4066983876263448, 0.13085856070899704, 0.6808001293466108, -0.21379279692102307, -0.1280738414490708, 0.04161145927236954]], "inverted": true, "swapped": false, "error_lsq": 0.032655735924481157, "error_max": 0.16706515183975562, "target": "379.xyz", "model": "27.xyz", "model_rescale": 4.103607728864725, "target_rescale": 3.913746127141894},
{"mapping": [10, 9, 0, 11, 12, 13, 3, 2, 1, 8, 5, 6, 14], "R": [[0.13982687245169081, -0.9597141342851907, -0.2437154615398991], [-0.0859417928652566, -0.25696747604704584, 0.9625911512647085], [-0.9864392804321431, -0.11365076641729419, -0.11841051183606002]], "T": [0.011501673207060241, -0.08997196774114785, 0.06865675035008312], "aligned_model": [[-0.24810626123689655, 0.2148203856975291, 0.12813471689507436, 0.20487230779589524, -0.790750746441596, -0.24568725292780164, -0.46345699697050463, -0.29708031119334755, 0.4576218545179945, 0.43818901294529156, 0.6533349308612943, 0.40711676950667525, 0.046518555183849376], [-0.3836815617780441, -0.1525197295059247, 0.5197108927199645, -0.6794843568247613, 0.12303458340343051, -0.2500375362838245, 0.38022410614275753, 0.5355015208823712, 0.6761877577447246, -0.04901635429226575, 0.03279835298281676, -0.5064548598658773, 0.06136471361688889], [-0.25709418372405923, -0.7218324682370056, -0.28401205144796754, 0.3638586715073298, 0.2884586644957623, 0.6414616062952885, -0.2731922898623026, 0.30292322290796403, 0.1984137961910745, 0.7676134933898487, -0.26015615709145473, -0.19836002627478916, 0.07425450567125823]], "inverted": true, "swapped": false, "error_lsq": 0.03451544525144367, "error_max": 0.2441074917664602, "target": "379.xyz", "model": "28.xyz", "model_rescale": 4.137296879288765, "target_rescale": 3.913746127141894},
