[{"mapping": [8, 9, 3, 2, 10, 7, 5, 0, 1, 4, 11], "R": [[0.4028384232503144, -0.5851744482904717, -0.7037698983482762], [-0.6427844190909784, -0.728264494795666, 0.23761106075662208], [-0.6515745508589746, 0.35665346022148126, -0.6695139386039475]], "T": [-0.040069647535892115, -0.17212554925617746, -0.07987656706481897], "aligned_model": [[0.12331447094333328, -0.5228341658957052, -0.4571154760356781, 0.7413883394032634, -0.6112174974083711, -0.3015762034762267, 0.0393500607223825, 0.3765135963909437, 0.4610809710756076, 0.15399725375654108, -0.005185725799044014], [-0.6868681963278862, -0.42684844366765456, -0.5943762086218932, -0.36654868039663524, 0.14744019175755446, 0.6061861169043767, 0.6290005526170412, 0.10202162388501035, 0.17830684128950453, -0.5611612786466913, -0.12161702506811756], [-0.413716540413708, -0.3471051046565634, 0.2691358573316067, -0.09640854556003262, 0.10296001768028493, -0.5515211168951113, 0.12155781770476479, 0.2863107106218745, -0.4375436701658798, 0.600812573309758, -0.047253616911530114]], "inverted": false, "swapped": false, "error_lsq": 0.049735271220925574, "error_max": 0.32807135190771747, "target": "38.xyz", "model": "0.xyz", "model_rescale": 3.751011558992144, "target_rescale": 3.6103070746871215},
{"mapping": [12, 3, 7, 11, 0, 2, 8, 10, 9, 6, 14], "R": [[-0.0011721524214240442, -0.07282464040625758, 0.9973440719272365], [-0.9872640230779381, -0.15857948329719623, -0.012739553098873868], [0.15908606096910483, -0.9846568535418285, -0.07171126814135104]], "T": [0.01985554330911401, 0.032165239608500804, 0.003972779538742484], "aligned_model": [[0.0242563766910232, -0.5106374519784164, -0.2746701109750445, 0.5446863481920511, -0.7320696306015038, -0.48153240676033093, -0.11753344826213238, 0.7936164195743295, 0.532295863834128, 0.17459810044863225, 0.04470556351430993], [-0.6027155284142215, -0.24613811255709195, -0.5309810485495273, -0.5676122819515679, -0.041104409458706345, 0.4881208346246166, 0.6627452142298702, 0.19221784604601627, 0.010651229491410747, -0.4543459464361244, -0.005302303300065293], [-0.3818797144763075, -0.4698735200532597, 0.1931761645496028, 0.043349673827980766, 0.0728539080467818, -0.469791635425877, 0.15860593491436678, 0.22336060432103205, -0.40970787821938465, 0.554506477084602, -0.027371632524073486]], "inverted": false, "swapped": false, "error_lsq": 0.04263621568268761, "error_max": 0.19169272354345018, "target": "38.xyz", "model": "1.xyz", "model_rescale": 3.9405287249114394, "target_rescale": 3.6103070746871215},
{"mapping": [8, 9, 10, 4, 11, 5, 0, 1, 2, 3, 12], "R": [[0.5721978136154324, 0.3264358714084618, -0.7523491768796702], [-0.4757443249171322, 0.8793625509474734, 0.019719059315653653], [0.6680246996951991, 0.3466426486296087, 0.6584693422993881]], "T": [0.06034194781572041, -0.06542348977112128, 0.09911655916909984], "aligned_model": [[0.046222417880806464, -0.4453462377385889, -0.4913327304384027, 0.6083369390253522, -0.6330328669162238, -0.2663478847697936, 0.014084983185746282, 0.7620250449239622, 0.28271133674881327, 0.00963640553380398, 0.11075821624157076], [-0.73021095426181, -0.41338361226833953, -0.7032633405784594, -0.5022189669541978, 0.09832070791806971, 0.37387314194282156, 0.7672598406363123, 0.30138321527188416, 0.2737522753047612, -0.5081390502533142, -0.0518377630331192], [-0.2990643495146545, -0.42393632461280845, 0.08172422155586162, 0.07448075992543018, 0.09332924064083531, -0.37876261282606266, 0.18530677184249447, 0.11700523509397903, -0.44831497332818276, 0.4572109029637564, 0.028249510304815248]], "inverted": false, "swapped": false, "error_lsq": 0.04287359484616582, "error_max": 0.2529221304812341, "target": "38.xyz", "model": "2.xyz", "model_rescale": 3.932901565614263, "target_rescale": 3.6103070746871215},
{"mapping": [10, 11, 1, 6, 3, 8, 7, 5, 12, 2, 13], "R": [[0.1046518214779959, -0.9516793878589195, 0.2887115151597011], [-0.8934711464744657, 0.037522689751691596, 0.44755039735364155], [-0.436757720800608, -0.3047923727363776, -0.8463712559171581]], "T": [-0.08566072412127713, -0.01730234597925165, 0.03701293553416555], "aligned_model": [[0.11100219821334219, -0.5340611552720183, -0.3322125317179185, 0.4886949400517897, -0.5790684329016841, -0.4725200840610899, 0.005732206642266716, 0.5952264164588438, 0.5173103441427175, 0.18169923971917545, 0.015912482401621728], [-0.5472835020400401, -0.25009977560223684, -0.6864669313381143, -0.38122215089876677, 0.09555138109756801, 0.4402540939466073, 0.6590785457092505, 0.21310206930652179, -0.1121163721377603, -0.4840353376232259, -0.04122652669519422], [-0.4029746887241881, -0.6994998671191144, 0.23751127663574087, 0.10312047898735963, 0.10408265509641626, -0.38697841513379455, 0.24653326608053322, 0.04731792772796973, -0.42186177660382757, 0.6733138214557532, -0.013336296357385077]], "inverted": false, "swapped": false, "error_lsq": 0.04372412260656965, "error_max": 0.218933755911826, "target": "38.xyz", "model": "3.xyz", "model_rescale": 3.9243930471874484, "target_rescale": 3.6103070746871215},
{"mapping": [7, 1, 0, 4, 5, 9, 11, 10, 8, 3, 12], "R": [[0.7654973806886151, 0.36666255631343647, 0.528745997579713], [-0.6355066234609332, 0.302204220872106, 0.7104955597499305], [0.10072284594943384, -0.8799040735698294, 0.4643530226229472]], "T": [0.048948160702008116, -0.045866448329694484, -0.0013469383828677017], "aligned_model": [[0.12718819556501818, -0.481412587586716, -0.4929677849640025, 0.4798078061119426, -0.66089260650636, -0.0817026681598906, -0.09281485037240264, 0.6286131368597793, 0.4590134690503973, 0.175051039401195, -0.0621675257219143], [-0.6519053342959411, -0.2939119553259324, -0.6591596807393963, -0.45080009553137557, -0.047569170004333375, 0.43195355712514916, 0.7212958789758899, 0.27689291598467775, 0.06138343990088026, -0.40599856015883323, -0.07664550220617569], [-0.5204944362614592, -0.41043275226070036, 0.2299988466964476, -0.05384433604452693, 0.2627482825561286, -0.5036474411515856, 0.13093795736004735, 0.23727960599622142, -0.4668362221262178, 0.553050298603336, 0.02846857867777256]], "inverted": false, "swapped": false, "error_lsq": 0.04514712562066314, "error_max": 0.2633460732469619, "target": "38.xyz", "model": "4.xyz", "model_rescale": 3.8936222436046832, "target_rescale": 3.6103070746871215},
{"mapping": [4, 2, 10, 5, 3, 0, 9, 6, 1, 7, 11], "R": [[-0.6378023005619193, -0.3067821820136338, 0.7064650863254861], [0.44174953160894254, -0.8970906978127864, 0.009253713905660738], [0.6309243827283922, 0.31798266100012695, 0.7076873960881849]], "T": [-0.07650816952684827, -0.06850010035896198, 0.09735503849746036], "aligned_model": [[0.0658485288872932, -0.4316746014710222, -0.44729711930092453, 0.6380375557130215, -0.6102868087586973, -0.4026777370430856, -0.026532619886861605, 0.6614037213058298, 0.3229232566578567, 0.17684235587470873, 0.0511290916989284], [-0.7461756529676682, -0.3192332452263695, -0.565681507837192, -0.4137789424223221, 0.1333837602616064, 0.49923836255092485, 0.5358344783648692, 0.12976825594838576, 0.1952254114596571, -0.3963654711502753, -0.14667995525700656], [-0.2913801087685934, -0.5093971025033492, 0.21898399174654573, -0.0681072980377066, 0.02949265243626331, -0.49762795280229993, 0.21701332370215576, 0.3227088233838911, -0.5460827264441912, 0.5954166183273895, 0.016208161005358365]], "inverted": false, "swapped": false, "error_lsq": 0.03720823185651969, "error_max": 0.17394167049823286, "target": "38.xyz", "model": "5.xyz", "model_rescale": 3.6523030999806103, "target_rescale": 3.6103070746871215},
{"mapping": [4, 2, 3, 11, 1, 6, 8, 9, 10, 7, 12], "R": [[-0.1406242604812712, -0.05418928125486777, 0.9885789493819787], [0.9820948553638335, -0.13406078463688595, 0.13235331915155668], [0.12535753839313746, 0.9894903879369539, 0.0720712130353704]], "T": [-0.060411042510819565, -0.02961249844063145, 0.03197020667847126], "aligned_model": [[0.03755984071955408, -0.48231918117269695, -0.3065893407753415, 0.6112935158664912, -0.7517753431226881, -0.20249989134911878, -0.007556642704656627, 0.6103176030384605, 0.3875151221349887, 0.19174009596986202, -0.08997015492780783], [-0.4621318943636803, -0.3020520079126668, -0.6453046930787827, -0.5968490814819108, 0.017848120170226675, 0.44415477675241527, 0.6102150628582059, 0.2206701522986158, 0.08560147951823378, -0.38628627216795236, -0.08033014886809545], [-0.331980724239886, -0.5372238467151186, 0.23923831776462118, 0.07227713233367905, -0.01426570484037859, -0.3899063037651328, 0.2357598209624275, 0.1326903832033669, -0.5963298267256212, 0.5573478634123599, 0.11962127065514636]], "inverted": true, "swapped": false, "error_lsq": 0.03977612264351734, "error_max": 0.21747467105505805, "target": "38.xyz", "model": "6.xyz", "model_rescale": 4.08911054899281, "target_rescale": 3.6103070746871215},
{"mapping": [6, 3, 4, 7, 8, 9, 11, 13, 2, 5, 14], "R": [[-0.9719588605712887, -0.23515072053983574, 0.00033464392821455635], [-0.11608971212033849, 0.47860017263605675, -0.8703246828009383], [0.2044973156224295, -0.8459586357395574, -0.4924782579169234]], "T": [0.023091088239307, -0.023849810179970538, 0.01200802197589091], "aligned_model": [[0.08958788216729205, -0.48809545232953694, -0.3995881288268644, 0.6234974928732928, -0.648953331882979, -0.47459674682775654, -0.013541115145616858, 0.6712932427575258, 0.6111410880131338, 0.07794999985997239, -0.05097930698141724], [-0.3952724390771014, -0.3591251525071524, -0.5709942527941331, -0.5089910951303364, 0.014291847251218397, 0.44269694794973524, 0.5210422182696155, 0.3039350759330026, -0.12174168131344637, -0.5289434496271761, 0.10863747477038288], [-0.3147432191754148, -0.4907147662826308, 0.14921125837729912, 0.07065141417526316, 0.12178272141017002, -0.37425387002578164, 0.22714012549467702, 0.1030330606491485, -0.5309044227361859, 0.5797862751602663, -0.05376019500134737]], "inverted": true, "swapped": false, "error_lsq": 0.04874623406247938, "error_max": 0.2802236306545691, "target": "38.xyz", "model": "7.xyz", "model_rescale": 3.964800864290218, "target_rescale": 3.6103070746871215},
{"mapping": [2, 1, 0, 4, 5, 8, 10, 11, 12, 6, 13], "R": [[-0.30762437110811286, -0.9120622876791572, -0.2711265934831929], [0.10137592689985073, 0.2519059636072999, -0.9624272995630756], [0.9460920503553207, -0.32355180248692816, 0.014968746170794078]], "T": [-0.028857029867288525, -0.14415176924762751, -0.040549323752143936], "aligned_model": [[0.11096727495806127, -0.5774246454869784, -0.35910581225575955, 0.5957091036974266, -0.677202103051702, -0.3052250224133256, -0.13858865388924663, 0.6741562781994895, 0.49496556492842203, 0.2338067069577188, -0.05434306796705964], [-0.7359488883707392, -0.38329062510160883, -0.7455817492978878, -0.46211352790699683, 0.36177965457440187, 0.43184227912089956, 0.5704829078740525, 0.18025467700281772, 0.08453600223357641, -0.32300738021633113, -0.07341785618757479], [-0.3029117854950257, -0.49332528367776973, 0.16530764929083855, 0.021987544158759482, 0.11029093425377531, -0.4682281405614281, 0.34982262958457766, 0.2555352432314167, -0.5344994524544443, 0.44475908845670464, -0.061510044741940745]], "inverted": true, "swapped": false, "error_lsq": 0.03834366923448739, "error_max": 0.2311713685559238, "target": "38.xyz", "model": "8.xyz", "model_rescale": 4.121658175737393, "target_rescale": 3.6103070746871215},
{"mapping": [7, 11, 8, 9, 2, 10, 0, 4, 5, 6, 12], "R": [[-0.6674464853836097, -0.6115494790409931, 0.42487930501938687], [-0.7344715702903818, 0.44659124237209397, -0.5109870592018263], [0.12274649316476618, -0.6531182870822404, -0.7472414613058569]], "T": [-0.07633280181763517, -0.09250185688174219, -0.052197035995468745], "aligned_model": [[0.0878289220729735, -0.49386905559300837, -0.46570167622968794, 0.6543589846087589, -0.5887984289888311, -0.23078703584694293, 0.018359494840739246, 0.6350850601387259, 0.33777959119404793, 0.10467017354483373, -0.06121040606456212], [-0.6107790444984221, -0.31986387466770566, -0.660413209479709, -0.47759417688501016, 0.08761710678724648, 0.3364762781639434, 0.6775011503204003, 0.2848864116725959, 0.16593177700019496, -0.5241302770367291, -0.054096647652195344], [-0.45176004168870554, -0.4729131685659068, 0.18533593636150422, 0.05260389605407475, 0.38056455050884225, -0.6593234477405933, 0.078006577531568, 0.32142126945238236, -0.43093294544754435, 0.45879893259764715, 0.02542682298219475]], "inverted": false, "swapped": false, "error_lsq": 0.04601609525119506, "error_max": 0.2787578149954563, "target": "38.xyz", "model": "9.xyz", "model_rescale": 3.833441315466971, "target_rescale": 3.6103070746871215},
{"mapping": [7, 3, 6, 11, 5, 2, 13, 10, 8, 12, 14], "R": [[0.8920466768593103, 0.14421712591942729, 0.4283154759004181], [-0.27426800386207684, -0.5805055751724522, 0.7666748588881812], [0.35920716635637073, -0.8013829907012257, -0.4782839259822413]], "T": [-0.04659635197665447, -0.14427229840357103, 0.06905173392159589], "aligned_model": [[0.10888797141731849, -0.5165059050576367, -0.3934160059108788, 0.534136243182377, -0.5818047671046763, -0.3165098919182665, -0.1676434993204566, 0.6834440265846711, 0.5235671627429207, 0.1873909018462871, -0.06383061278461295], [-0.5836418412531778, -0.32045845545325374, -0.6466205782215365, -0.4770657699005821, 0.25239775684397986, 0.32887864723341353, 0.6436508985283745, 0.18721177293730162, 0.13808303647415898, -0.4742706743738632, -0.14262929909020614], [-0.4070711564929085, -0.6397961339138998, 0.36669565113441493, -0.0626116219994623, 0.18584223487551194, -0.39991001134836734, 0.08358326072111746, 0.2504725145317177, -0.3812241745228221, 0.515561637749205, -0.024313818689043518]], "inverted": false, "swapped": false, "error_lsq": 0.042126767255177444, "error_max": 0.22540191769148005, "target": "38.xyz", "model": "10.xyz", "model_rescale": 4.2482417240324, "target_rescale": 3.6103070746871215},
{"mapping": [10, 4, 0, 8, 6, 5, 2, 3, 7, 1, 11], "R": [[0.665200855567332, -0.3363827085341726, -0.6665992012834275], [0.7460336682490287, 0.2627393425711665, 0.6118838155272369], [-0.030685299271603572, -0.9043310849818694, 0.425727261452831]], "T": [0.01694166217052123, -0.10358006941103141, -0.045646856989506275], "aligned_model": [[0.0894670180548503, -0.6734548920744332, -0.3290983880827315, 0.5420245507874913, -0.5818325491881398, -0.3161053939437915, 0.014353782475515327, 0.7309431035464377, 0.4325189738862775, 0.11068470341845073, -0.021785285202880787], [-0.6897975369524647, -0.2425410528180128, -0.7110722039338129, -0.414003665191614, 0.11540343328979986, 0.331480876193745, 0.5069121184544554, 0.19767885495029164, 0.23695202545502064, -0.29993902800311284, -0.12553832771968582], [-0.3027295597091804, -0.5651485636368513, 0.2459848731900704, 0.023512236549421105, 0.07266547330478351, -0.5594442901716871, 0.3727427674260295, 0.19417938981746363, -0.45782356308604827, 0.6265152926116326, -0.16322567425017004]], "inverted": false, "swapped": false, "error_lsq": 0.046896747727142696, "error_max": 0.21844161790602817, "target": "38.xyz", "model": "11.xyz", "model_rescale": 3.6694154284099745, "target_rescale": 3.6103070746871215},
{"mapping": [7, 9, 10, 5, 8, 11, 4, 0, 6, 12, 13], "R": [[0.3239603692615455, 0.8286455124975983, 0.4565044290754646], [-0.8871457102878509, 0.09844671800397184, 0.45086664595211634], [0.3286672601063082, -0.551048871092065, 0.767022146878676]], "T": [-0.01698385912057771, -0.06907376861597048, 0.06053824595802804], "aligned_model": [[0.04709961596895728, -0.5914944947873498, -0.33811505570041683, 0.6751640491249014, -0.7452136838261587, -0.27877022910339194, 0.049535700416126975, 0.5890897520104486, 0.351455711986768, 0.18001768519410277, 0.05894657239305876], [-0.6504327599331311, -0.31543630953443647, -0.6111899930531465, -0.44410144282640795, 0.13604703533069848, 0.31422151880796323, 0.6661198181076945, 0.21785633736682047, 0.10466757714055469, -0.5124424472998956, 0.00022615961789577976], [-0.39780698408662585, -0.44337572966484295, 0.1412447580473538, -0.09712059193062203, 0.04623336886520244, -0.5135534436150745, 0.11292324371242357, 0.3076895287723406, -0.33178950053795553, 0.536335583662003, 0.1264481488212613]], "inverted": true, "swapped": false, "error_lsq": 0.03962492911106393, "error_max": 0.18370916172126395, "target": "38.xyz", "model": "12.xyz", "model_rescale": 3.9764082729961374, "target_rescale": 3.6103070746871215},
{"mapping": [0, 5, 4, 2, 6, 13, 11, 8, 1, 7, 15], "R": [[-0.8515723130974985, -0.5104860973207015, -0.11928344398136617], [-0.0027405315649999817, -0.22319911496417028, 0.9747690211357523], [-0.5242299925152296, 0.8304132101077697, 0.18867118334815192]], "T": [-0.030490752515051733, 0.0013238555372005884, -0.12028044313798242], "aligned_model": [[0.11777149077581345, -0.5609347705585908, -0.41448169324348705, 0.6723826842780591, -0.7782122650464277, -0.34835442893910895, 0.14834875854591173, 0.5489286242386275, 0.5033735346448971, 0.1778925731082005, -0.06899888412684863], [-0.7073942741271163, -0.49452151751141293, -0.5347376508647355, -0.36728116861665383, 0.10254071489121147, 0.5039140435514627, 0.6934950671186468, 0.2197124896646523, 0.04039717271923336, -0.5241351295462706, -0.02645425355440801], [-0.1736176103081094, -0.5393155437952248, 0.16441718693962531, -0.0405384722236837, -0.0005871150886146981, -0.2646630331856401, 0.22534962194715885, 0.22064832797832112, -0.4620183208170417, 0.38122024830743556, -0.023666907708762522]], "inverted": false, "swapped": false, "error_lsq": 0.042321599968276884, "error_max": 0.18333745701145004, "target": "38.xyz", "model": "13.xyz", "model_rescale": 4.170626492500431, "target_rescale": 3.6103070746871215},
{"mapping": [5, 6, 11, 12, 3, 2, 0, 8, 4, 10, 13], "R": [[-0.8762917089099318, -0.47016951490240844, -0.10513547523146244], [-0.3616830430768032, 0.4978336737167901, 0.7882556753137576], [-0.31827380860890025, 0.7287676313956862, -0.6062998616060428]], "T": [-0.03813760212615172, 0.03063509668778626, 0.09554307618833213], "aligned_model": [[0.03758340443539812, -0.45765762241302965, -0.3617256131611285, 0.4926447849200365, -0.7268983294506057, -0.24305523465421242, -0.026332000807143034, 0.6917997910736444, 0.42759222102558436, 0.23564592654495123, -0.07188170383644846], [-0.7381618115247236, -0.364366492146415, -0.5937729444278657, -0.46128186243426533, 0.02234434387481786, 0.45314133731260103, 0.6168799998444047, 0.1284479304160627, 0.1468680610329532, -0.2448482927623789, -0.05971477546058161], [-0.38449595497936195, -0.5172096997556382, 0.16671222986945716, -0.013973516690725163, 0.06370711628185446, -0.36535757226914745, 0.20525154362939288, 0.19135718982329883, -0.42661471645638993, 0.5047860193654591, 0.06306574322726324]], "inverted": true, "swapped": false, "error_lsq": 0.03535634236201708, "error_max": 0.22887981047127906, "target": "38.xyz", "model": "14.xyz", "model_rescale": 3.9786697098870705, "target_rescale": 3.6103070746871215},
{"mapping": [8, 5, 2, 9, 4, 10, 1, 6, 7, 0, 11], "R": [[-0.16217735158687274, -0.7150391462569929, 0.6800128866075542], [-0.9516811287615484, 0.2954586174229128, 0.08370922619213367], [-0.26077104093708875, -0.6335796908918494, -0.728405957895716]], "T": [0.05093377814650622, -0.12996733225211773, -0.025984820468291814], "aligned_model": [[0.0324961461614721, -0.4239713152652579, -0.505361915097792, 0.5902407790934225, -0.5499745365099328, -0.27933573548164436, 0.07176903067422101, 0.7209858640165783, 0.24240294289140052, -0.04576826586734352, 0.14423262906192263], [-0.5782961598140861, -0.4037323823413119, -0.7655760727595174, -0.3900812668563699, -0.022563730263157084, 0.5871866312314291, 0.4594795941900045, 0.2916842759583592, 0.10423862148796958, -0.27508497629409556, -0.10171904081461511], [-0.2922355333794309, -0.6126511969815294, 0.17497300330444776, 0.1440239081416301, 0.021852338181679976, -0.2885362050095871, 0.3098578579577585, -0.001575512436313986, -0.6136608669218502, 0.6473614278690643, -0.002180838680405431]], "inverted": false, "swapped": false, "error_lsq": 0.0609130013105694, "error_max": 0.303829720299691, "target": "38.xyz", "model": "15.xyz", "model_rescale": 3.769337070930944, "target_rescale": 3.6103070746871215},
{"mapping": [0, 4, 5, 1, 6, 2, 8, 9, 3, 7, 10], "R": [[0.8575954949399565, 0.3566936516654003, -0.37053961450875084], [0.08215838327758046, -0.806194725302136, -0.5859181384393455], [-0.5077203631093653, 0.47203782026085156, -0.7206943382096731]], "T": [0.021704552130475868, -0.13013617534455882, -0.0007074018593080308], "aligned_model": [[0.04000196221222027, -0.6361923093006407, -0.28923680424689535, 0.5524488840185315, -0.6555436796846423, -0.16611229732752583, -0.08421484987102415, 0.6496409301020095, 0.4613056048145291, 0.11176635887504344, 0.013851824085440884], [-0.4491104221816161, -0.3652275351891041, -0.690911331981022, -0.7261381642644892, 0.11947929976245134, 0.34040848298819504, 0.5774004261494002, 0.3632816819893441, 0.21637617361096903, -0.37633140516209074, -0.10369171199742826], [-0.5623040090969986, -0.34702560349331474, 0.1965173889554291, 0.06425820267569957, 0.10192727351820849, -0.5390738326475576, 0.22215297948438223, 0.15099759540940258, -0.4082899643139467, 0.6644341483119433, -0.05636579675778408]], "inverted": true, "swapped": false, "error_lsq": 0.05717503161288306, "error_max": 0.3115657273807457, "target": "38.xyz", "model": "16.xyz", "model_rescale": 3.7852294659196426, "target_rescale": 3.6103070746871215},
{"mapping": [2, 3, 8, 7, 0, 4, 10, 6, 5, 11, 12], "R": [[0.33190993372225175, -0.39912894358176587, -0.8547115784238529], [0.6494511044431294, -0.5604487767792087, 0.513916755461707], [-0.6841411103230749, -0.7256674548317514, 0.073196216868893]], "T": [-0.06785249869319845, -0.14522094020226672, -0.08746635685588475], "aligned_model": [[0.09359158283519758, -0.6053850661695476, -0.44978082218849746, 0.608853368183501, -0.68829366666593, -0.18655595950526774, 0.06333372401714718, 0.6696348511599496, 0.3335252227583393, 0.22627077780310342, -0.06747838855094859], [-0.7197241355861936, -0.4918172616653197, -0.5014712781305148, -0.3281284637330378, 0.13700318369055975, 0.45268574887289514, 0.4982522899779702, 0.23950070684228297, 0.21733782809797708, -0.4848509693222157, -0.11325215531979424], [-0.22151451261857671, -0.5601450003475492, 0.30166390885284766, -0.09387047638293121, -0.12136999554380122, -0.44830394447669986, 0.37942490702848375, 0.22155613262326931, -0.46117222356306475, 0.49225341680750856, -0.0012938303340224305]], "inverted": true, "swapped": false, "error_lsq": 0.049181133988376584, "error_max": 0.23766403618717724, "target": "38.xyz", "model": "17.xyz", "model_rescale": 3.901054581598922, "target_rescale": 3.6103070746871215},
{"mapping": [12, 3, 7, 11, 0, 2, 8, 10, 9, 6, 14], "R": [[-0.0011721524214240442, -0.07282464040625758, 0.9973440719272365], [-0.9872640230779381, -0.15857948329719623, -0.012739553098873868], [0.15908606096910483, -0.9846568535418285, -0.07171126814135104]], "T": [0.01985554330911401, 0.032165239608500804, 0.003972779538742484], "aligned_model": [[0.0242563766910232, -0.5106374519784164, -0.2746701109750445, 0.5446863481920511, -0.7320696306015038, -0.48153240676033093, -0.11753344826213238, 0.7936164195743295, 0.532295863834128, 0.17459810044863225, 0.04470556351430993], [-0.6027155284142215, -0.24613811255709195, -0.5309810485495273, -0.5676122819515679, -0.041104409458706345, 0.4881208346246166, 0.6627452142298702, 0.19221784604601627, 0.010651229491410747, -0.4543459464361244, -0.005302303300065293], [-0.3818797144763075, -0.4698735200532597, 0.1931761645496028, 0.043349673827980766, 0.0728539080467818, -0.469791635425877, 0.15860593491436678, 0.22336060432103205, -0.40970787821938465, 0.554506477084602, -0.027371632524073486]], "inverted": false, "swapped": false, "error_lsq": 0.04263621568268761, "error_max": 0.19169272354345018, "target": "38.xyz", "model": "18.xyz", "model_rescale": 3.9405287249114394, "target_rescale": 3.6103070746871215},
{"mapping": [7, 4, 8, 9, 1, 12, 10, 11, 13, 5, 15], "R": [[0.46984598001887706, 0.7979646346934491, 0.37748800886736955], [0.4490437342393906, -0.5842165594662485, 0.6760552761318877], [0.76000294723142, -0.1481332286287235, -0.6328128212793938]], "T": [-0.1144886363157159, 0.004005370306301839, -0.08567332856572682], "aligned_model": [[0.11431093836813086, -0.44813820243431624, -0.2617460328380561, 0.4976801495986437, -0.6993249235777377, -0.343725789123578, 0.14079885796743444, 0.5520464815580786, 0.41607191078923467, 0.13952658677371602, -0.10978435340450386], [-0.5995630868348081, -0.36001666505030194, -0.6736599001376852, -0.4475476578458667, 0.1955161629461556, 0.2994306905483685, 0.5913819591036521, 0.16400066383628115, 0.08604648373003283, -0.37003391665745355, 0.01998076008623441], [-0.36670966271156924, -0.6249607782804254, 0.216580200676691, 0.016106272903727306, 0.15267422729224175, -0.4860647247542689, 0.37009094728522784, 0.13646546721078512, -0.4895354423321173, 0.6120612348646218, -0.04947936010945023]], "inverted": false, "swapped": false, "error_lsq": 0.039789408419731866, "error_max": 0.21388863904396574, "target": "38.xyz", "model": "19.xyz", "model_rescale": 4.410303926677745, "target_rescale": 3.6103070746871215},
{"mapping": [2, 1, 0, 4, 5, 8, 10, 11, 12, 6, 13], "R": [[-0.30762437110811286, -0.9120622876791572, -0.2711265934831929], [0.10137592689985073, 0.2519059636072999, -0.9624272995630756], [0.9460920503553207, -0.32355180248692816, 0.014968746170794078]], "T": [-0.028857029867288525, -0.14415176924762751, -0.040549323752143936], "aligned_model": [[0.11096727495806127, -0.5774246454869784, -0.35910581225575955, 0.5957091036974266, -0.677202103051702, -0.3052250224133256, -0.13858865388924663, 0.6741562781994895, 0.49496556492842203, 0.2338067069577188, -0.05434306796705964], [-0.7359488883707392, -0.38329062510160883, -0.7455817492978878, -0.46211352790699683, 0.36177965457440187, 0.43184227912089956, 0.5704829078740525, 0.18025467700281772, 0.08453600223357641, -0.32300738021633113, -0.07341785618757479], [-0.3029117854950257, -0.49332528367776973, 0.16530764929083855, 0.021987544158759482, 0.11029093425377531, -0.4682281405614281, 0.34982262958457766, 0.2555352432314167, -0.5344994524544443, 0.44475908845670464, -0.061510044741940745]], "inverted": true, "swapped": false, "error_lsq": 0.03834366923448739, "error_max": 0.2311713685559238, "target": "38.xyz", "model": "20.xyz", "model_rescale": 4.121658175737393, "target_rescale": 3.6103070746871215},
{"mapping": [4, 2, 3, 11, 1, 6, 8, 9, 10, 7, 12], "R": [[-0.1406242604812712, -0.05418928125486777, 0.9885789493819787], [0.9820948553638335, -0.13406078463688595, 0.13235331915155668], [0.12535753839313746, 0.9894903879369539, 0.0720712130353704]], "T": [-0.060411042510819565, -0.02961249844063145, 0.03197020667847126], "aligned_model": [[0.03755984071955408, -0.48231918117269695, -0.3065893407753415, 0.6112935158664912, -0.7517753431226881, -0.20249989134911878, -0.007556642704656627, 0.6103176030384605, 0.3875151221349887, 0.19174009596986202, -0.08997015492780783], [-0.4621318943636803, -0.3020520079126668, -0.6453046930787827, -0.5968490814819108, 0.017848120170226675, 0.44415477675241527, 0.6102150628582059, 0.2206701522986158, 0.08560147951823378, -0.38628627216795236, -0.08033014886809545], [-0.331980724239886, -0.5372238467151186, 0.23923831776462118, 0.07227713233367905, -0.01426570484037859, -0.3899063037651328, 0.2357598209624275, 0.1326903832033669, -0.5963298267256212, 0.5573478634123599, 0.11962127065514636]], "inverted": true, "swapped": false, "error_lsq": 0.03977612264351734, "error_max": 0.21747467105505805, "target": "38.xyz", "model": "21.xyz", "model_rescale": 4.08911054899281, "target_rescale": 3.6103070746871215},
{"mapping": [6, 7, 0, 8, 13, 12, 14, 11, 5, 1, 16], "R": [[0.7476623785115519, -0.6045357233549352, -0.2748409120676437], [-0.5551296246004916, -0.3418209830953669, -0.7582806310375034], [0.36446133903250455, 0.719510232521708, -0.5911623784098508]], "T": [-0.010227988494988148, 0.01411059881812464, 0.03572362789334393], "aligned_model": [[0.031022681158584288, -0.46093377990935885, -0.3759655568604034, 0.5142365180161697, -0.6617557140730264, -0.41194619811082434, -0.15585510520426799, 0.7327206751677493, 0.5057236109299869, 0.3323603402240021, -0.05189184766156507], [-0.6308140608363407, -0.24945028079843434, -0.6551961739417553, -0.4369257608645963, 0.09145961274328358, 0.463482251329545, 0.6332152452342793, 0.03510284513213498, 0.084739489030557, -0.42183306291073536, -0.008244610393328806], [-0.3356719754382958, -0.44718023451689315, 0.17116318342710257, -0.011870507399149306, -0.04338843740741944, -0.39048888250057606, 0.12130847241580264, 0.21869804964374023, -0.4402328416144652, 0.603689068822633, 0.04120248661298414]], "inverted": true, "swapped": false, "error_lsq": 0.04169910762405724, "error_max": 0.21821661638310683, "target": "38.xyz", "model": "22.xyz", "model_rescale": 4.204369325754507, "target_rescale": 3.6103070746871215},
{"mapping": [7, 4, 8, 9, 1, 12, 10, 11, 13, 5, 15], "R": [[0.46984598001887706, 0.7979646346934491, 0.37748800886736955], [0.4490437342393906, -0.5842165594662485, 0.6760552761318877], [0.76000294723142, -0.1481332286287235, -0.6328128212793938]], "T": [-0.1144886363157159, 0.004005370306301839, -0.08567332856572682], "aligned_model": [[0.11431093836813086, -0.44813820243431624, -0.2617460328380561, 0.4976801495986437, -0.6993249235777377, -0.343725789123578, 0.14079885796743444, 0.5520464815580786, 0.41607191078923467, 0.13952658677371602, -0.10978435340450386], [-0.5995630868348081, -0.36001666505030194, -0.6736599001376852, -0.4475476578458667, 0.1955161629461556, 0.2994306905483685, 0.5913819591036521, 0.16400066383628115, 0.08604648373003283, -0.37003391665745355, 0.01998076008623441], [-0.36670966271156924, -0.6249607782804254, 0.216580200676691, 0.016106272903727306, 0.15267422729224175, -0.4860647247542689, 0.37009094728522784, 0.13646546721078512, -0.4895354423321173, 0.6120612348646218, -0.04947936010945023]], "inverted": false, "swapped": false, "error_lsq": 0.039789408419731866, "error_max": 0.21388863904396574, "target": "38.xyz", "model": "23.xyz", "model_rescale": 4.410303926677745, "target_rescale": 3.6103070746871215},
{"mapping": [10, 11, 1, 4, 7, 13, 12, 5, 15, 3, 16], "R": [[-0.6674723874774593, -0.5643133599152887, 0.4858302623100568], [-0.5997929618819011, 0.794090674804107, 0.09832803804660464], [-0.44128110636200707, -0.22576632169186828, -0.8685047801582022]], "T": [0.023227511787859433, -0.0649064420192728, -0.16969929054933391], "aligned_model": [[0.09987531964704248, -0.4267826883942276, -0.534001811407632, 0.5748964814886329, -0.5840512344019847, -0.33139934411854727, 0.009789921030837433, 0.5179655858723232, 0.5090411121882833, 0.14579823302568412, 0.01658404874663465], [-0.7070195293172489, -0.33705766334227477, -0.5749925543923242, -0.34700437531632256, 0.06998212516214765, 0.5224372614915542, 0.6065074264581255, 0.258656230180488, 0.1382526599585645, -0.5913183736848032, -0.13290771347329672], [-0.2445313889206769, -0.5220428999354545, 0.2372933247467897, 0.13024483239687557, 0.06471166387074506, -0.32284559590881495, 0.27211365986583835, 0.04511101795116207, -0.6513897677069017, 0.5494097979271404, -0.07084626224123959]], "inverted": false, "swapped": false, "error_lsq": 0.042608607806903544, "error_max": 0.2049814570853806, "target": "38.xyz", "model": "24.xyz", "model_rescale": 4.28219845311461, "target_rescale": 3.6103070746871215},
{"mapping": [4, 7, 3, 0, 9, 12, 10, 6, 2, 1, 15], "R": [[0.3595372852068856, -0.789448187806588, 0.4974982405144328], [0.30726349501294836, -0.40325678986994934, -0.8619588772419546], [0.8810914170382607, 0.46276940282680457, 0.09758275784600562]], "T": [-0.07570345873829863, 0.0010570054304488985, -0.046755433001367606], "aligned_model": [[0.10273574201488249, -0.5439336084055876, -0.3913136209563049, 0.6348077204720989, -0.7503030405847272, -0.441654914808845, 0.18170748171568152, 0.7521397991164164, 0.4490704247289139, 0.017154943795156544, -0.012695303410638861], [-0.6680492327043737, -0.4359237905708767, -0.6585129621718342, -0.3962232531389, -0.013996129762509912, 0.5614860108320061, 0.6534039578106621, 0.24260116374923502, 0.04218039896783188, -0.3835506897905454, -0.03787997949608585], [-0.28149969118321055, -0.4887444788145199, 0.2089847245837704, 0.007063080578324048, -0.007227073911268769, -0.41610453877731535, 0.3245771406879376, 0.21502519074222096, -0.48459245989908095, 0.45656517724860074, -0.04681868920999417]], "inverted": true, "swapped": false, "error_lsq": 0.03888189469090604, "error_max": 0.2102180222234857, "target": "38.xyz", "model": "25.xyz", "model_rescale": 4.100010024507729, "target_rescale": 3.6103070746871215},
{"mapping": [10, 4, 0, 8, 6, 5, 2, 3, 7, 1, 11], "R": [[0.665200855567332, -0.3363827085341726, -0.6665992012834275], [0.7460336682490287, 0.2627393425711665, 0.6118838155272369], [-0.030685299271603572, -0.9043310849818694, 0.425727261452831]], "T": [0.01694166217052123, -0.10358006941103141, -0.045646856989506275], "aligned_model": [[0.0894670180548503, -0.6734548920744332, -0.3290983880827315, 0.5420245507874913, -0.5818325491881398, -0.3161053939437915, 0.014353782475515327, 0.7309431035464377, 0.4325189738862775, 0.11068470341845073, -0.021785285202880787], [-0.6897975369524647, -0.2425410528180128, -0.7110722039338129, -0.414003665191614, 0.11540343328979986, 0.331480876193745, 0.5069121184544554, 0.19767885495029164, 0.23695202545502064, -0.29993902800311284, -0.12553832771968582], [-0.3027295597091804, -0.5651485636368513, 0.2459848731900704, 0.023512236549421105, 0.07266547330478351, -0.5594442901716871, 0.3727427674260295, 0.19417938981746363, -0.45782356308604827, 0.6265152926116326, -0.16322567425017004]], "inverted": false, "swapped": false, "error_lsq": 0.046896747727142696, "error_max": 0.21844161790602817, "target": "38.xyz", "model": "26.xyz", "model_rescale": 3.6694154284099745, "target_rescale": 3.6103070746871215},
{"mapping": [6, 12, 2, 1, 10, 9, 8, 5, 7, 0, 13], "R": [[-0.06298281272228046, -0.12264645305320397, 0.9904499042632384], [-0.06941835685193189, -0.9894782527333295, -0.12694045493764078], [0.9955974372373444, -0.07675047179832577, 0.053806208240001485]], "T": [-0.06396214820799301, -0.024381853553912702, -0.035481877771102864], "aligned_model": [[0.07191212765451763, -0.4579644919138453, -0.40712474173262453, 0.6615837049940854, -0.5626849471537121, -0.37898415538956803, -0.05439319253822518, 0.653652018285988, 0.3824155902525211, 0.18099400329428292, -0.09169029207637364], [-0.6426015891768702, -0.4393199143481725, -0.556180792681769, -0.5271206688532446, 0.22926303089722078, 0.35844933414727714, 0.580424153409363, 0.0795300272502419, 0.26201173202003203, -0.36991639885465427, -0.06900342008481472], [-0.3010623202918399, -0.5853194648966502, 0.2126289219761428, -0.057471697880439834, 0.18549450625251995, -0.5035256280604755, 0.1706135405636516, 0.28107890437988, -0.3743832697237179, 0.47199788042437946, -0.012822990697986925]], "inverted": true, "swapped": false, "error_lsq": 0.039828371651890355, "error_max": 0.22202037003382283, "target": "38.xyz", "model": "27.xyz", "model_rescale": 4.103607728864725, "target_rescale": 3.6103070746871215},
{"mapping": [6, 5, 9, 11, 0, 1, 2, 13, 8, 10, 14], "R": [[-0.7205108486561124, 0.26532440350090886, -0.6406770464717272], [-0.6655719683115418, -0.005295422923862536, 0.7463148889670883], [0.19462289682036082, 0.9641446568865817, 0.18040789514405087]], "T": [0.0831575170857281, -0.10888787220532387, 0.09604968123233212], "aligned_model": [[0.06180629847783464, -0.3699330716471085, -0.5163509545760705, 0.6351828279434317, -0.5866690641073187, -0.3848655083012437, -0.06780003467812357, 0.6674129281832721, 0.5013555091227504, 0.07143938558064789, -0.013862692321025827], [-0.6911153358592284, -0.37373400521651007, -0.6619664815106949, -0.4511950472215401, 0.13274400437605363, 0.439793298332211, 0.5936010218111836, 0.16195392507699813, 0.20533251674210573, -0.4523064944795772, 0.0024280916736078018], [-0.15259176519800177, -0.41356375521986866, 0.16545840105601534, -0.12790363435857524, 0.044686967824224294, -0.43570613949749804, 0.2542959373681698, 0.16790278417035692, -0.5353424025258888, 0.4724824263210605, 0.04750956210546926]], "inverted": true, "swapped": false, "error_lsq": 0.03917630694626642, "error_max": 0.20064031319731426, "target": "38.xyz", "model": "28.xyz", "model_rescale": 4.137296879288765, "target_rescale": 3.6103070746871215},
{"mapping": [9, 0, 6, 8, 5, 1, 2, 3, 7, 4, 10], "R": [[0.947174664438661, -0.19506429874617964, -0.25457822844888206], [0.3189633748048652, 0.6558522062062558, 0.6841931373139299], [0.03350403824318915, -0.7292515361444557, 0.6834249603667918]], "T": [0.02478729748290942, -0.10997898176803124, -0.05264946890965377], "aligned_model": [[0.1325803230625235, -0.4558908039529028, -0.45615295820878365, 0.7146827216613639, -0.5527336448586321, -0.2889017972713925, -0.07221805074287266, 0.53620035183798, 0.35803229274534387, 0.04864936181792966, 0.03346782758648917], [-0.8206870621246253, -0.24217509380391117, -0.5583887431287671, -0.30577910737647845, 0.14942765667103342, 0.43324307112573357, 0.6020422871549678, 0.15490071927380789, 0.08294877179579295, -0.40847156585147365, -0.1815254400114705], [-0.3593560133476779, -0.5445774038044332, 0.23678615316994228, -0.11637146264128331, 0.17620835709235225, -0.4691442695638193, 0.256760859106441, 0.3136347878825425, -0.6574129596407221, 0.661467287588245, -0.010766953796123635]], "inverted": true, "swapped": false, "error_lsq": 0.04730024253709594, "error_max": 0.23180072496903104, "target": "38.xyz", "model": "29.xyz", "model_rescale": 3.607286011436655, "target_rescale": 3.6103070746871215},
{"mapping": [6, 3, 4, 7, 8, 9, 11, 13, 2, 5, 14], "R": [[-0.9719588605712887, -0.23515072053983574, 0.00033464392821455635], [-0.11608971212033849, 0.47860017263605675, -0.8703246828009383], [0.2044973156224295, -0.8459586357395574, -0.4924782579169234]], "T": [0.023091088239307, -0.023849810179970538, 0.01200802197589091], "aligned_model": [[0.08958788216729205, -0.48809545232953694, -0.3995881288268644, 0.6234974928732928, -0.648953331882979, -0.47459674682775654, -0.013541115145616858, 0.6712932427575258, 0.6111410880131338, 0.07794999985997239, -0.05097930698141724], [-0.3952724390771014, -0.3591251525071524, -0.5709942527941331, -0.5089910951303364, 0.014291847251218397, 0.44269694794973524, 0.5210422182696155, 0.3039350759330026, -0.12174168131344637, -0.5289434496271761, 0.10863747477038288], [-0.3147432191754148, -0.4907147662826308, 0.14921125837729912, 0.07065141417526316, 0.12178272141017002, -0.37425387002578164, 0.22714012549467702, 0.1030330606491485, -0.5309044227361859, 0.5797862751602663, -0.05376019500134737]], "inverted": true, "swapped": false, "error_lsq": 0.04874623406247938, "error_max": 0.2802236306545691, "target": "38.xyz", "model": "30.xyz", "model_rescale": 3.964800864290218, "target_rescale": 3.6103070746871215},
