[{"mapping": [6, 10, 8, 4, 3, 13, 9, 11, 1, 0, 12, 14], "R": [[0.9327528575889135, -0.185864798789792, 0.3089116107085427], [-0.22616213902815996, 0.36561194190859364, 0.9028724133586288], [-0.2807539733110173, -0.9120209342469379, 0.29899000311953466]], "T": [-0.05382351328789368, -0.07475878153072968, -0.03330848617051032], "aligned_model": [[-0.14969266040253487, 0.10968518940407379, 0.5229955625818348, -0.3087374451555385, -0.06356492012913725, -0.5426942055011503, 0.44880915441404323, -0.15177071599588943, 0.5320874739437996, 0.11486749086159068, -0.5775213183048155, -0.09682114325572706], [-0.11443922297103071, -0.6745385541305491, -0.4196554599550845, 0.5861435156431939, 0.39754190319196125, -0.5620347506689336, -0.35416632018795513, -0.3458513053278938, 0.030372590189174903, 0.44403902676068074, 0.13828934341662388, -0.07214572998313089], [-0.7553500771517253, -0.03872132878199385, -0.4972955985084483, 0.02967493129460686, -0.6256819770165767, 0.14137766307586647, 0.4827075402509974, 0.6616718908507401, 0.09225851495898843, 0.38930690303707904, 0.4589780172349007, -0.15697473389087252]], "inverted": true, "swapped": true, "error_lsq": 0.05353882211280402, "error_max": 0.35837195695659285, "target": "381.xyz", "model": "0.xyz", "model_rescale": 3.751011558992144, "target_rescale": 4.1233523300213335},
{"mapping": [1, 0, 3, 12, 7, 9, 13, 11, 2, 8, 5, 4, 6, 10, 14], "R": [[-0.6415027288404356, 0.430950310344069, -0.6346306633819591], [0.5487428129070161, 0.8358911818717298, 0.012932801397157412], [0.5360555700421087, -0.339952587993434, -0.7727073597057275]], "T": [0.0038751141398930605, 0.026250451053836395, 0.04639338113324353], "aligned_model": [[0.06414791694334915, -0.41997223163263464, -0.4165226424047914, 0.1850817751310936, 0.22214571905878802, 0.15731627428959863, -0.37267341764640555, 0.7147954683337084, -0.817957181222506, -0.374303993028982, -0.30976946817802187, 0.2317950922685569, 0.6501092045567671, 0.5311021546162316, 0.026763857078544777], [0.3961338862928656, -0.008980836851698232, -0.5363302616124455, -0.6860021693129188, -0.22851099646682582, -0.26810316396460787, -0.4880090748025858, -0.3237587357634065, -0.03961634213920328, 0.5587982695193184, 0.060255703173015054, 0.781553739809465, 0.11121063599445147, 0.3334428061948302, -0.0209035733134977], [-0.5411770257235236, -0.5817918641038489, -0.25389740717180864, -0.06239749564565695, -0.5255607880820535, 0.6156045730750217, 0.39460386571992184, 0.1402912408700253, 0.10957048016401649, 0.1638311778108093, 0.5854265580403352, 0.10245937327258811, -0.32628478113022014, 0.5942238776030473, 0.06240637198506985]], "inverted": true, "swapped": false, "error_lsq": 0.05616982894870653, "error_max": 0.33790841276701256, "target": "381.xyz", "model": "1.xyz", "model_rescale": 3.9405287249114394, "target_rescale": 4.1233523300213335},
{"mapping": [7, 12, 4, 10, 11, 3, 5, 13, 1, 2, 8, 6, 14], "R": [[-0.06454034435288336, -0.8850318813839706, -0.46103482827738823], [-0.9604974005676037, 0.18041819469656928, -0.21188208637189584], [0.2707014729433291, 0.4291478113149133, -0.8617150739020014]], "T": [0.002683996156949503, -0.10638027897050842, -0.10302253860783683], "aligned_model": [[-0.06397779673126336, 0.20655724098422365, -0.42361142195535373, 0.42771219116479986, 0.6807836586847297, -0.7466975578553922, 0.08110903485178514, 0.49479860091152084, -0.009577710751039137, -0.5191431947001424, -0.08813869067890487, -0.4612457178004693, -0.0825853568405628], [0.7329934563149276, 0.4547813348289348, 0.2105919127187846, -0.3243929970320176, -0.004815932565078215, -0.07803158290500947, 0.2670760688224675, 0.3425147891096678, -0.6743939479181705, -0.6228329450130423, -0.7313252622155447, -0.04480491882758535, -0.06852738174631677], [0.10242694769921251, -0.5563747628219172, -0.5758234651485102, 0.2948740039165228, -0.41277738786864354, 0.005110816058325668, 0.5138765354271174, 0.14850103520527136, -0.32055755758983917, 0.053656830404033545, 0.4148123896886583, 0.45651940391186996, -0.011124439293457383]], "inverted": true, "swapped": true, "error_lsq": 0.04463452511896431, "error_max": 0.3014345824405222, "target": "381.xyz", "model": "2.xyz", "model_rescale": 3.932901565614263, "target_rescale": 4.1233523300213335},
{"mapping": [2, 6, 8, 4, 1, 9, 10, 0, 12, 11, 5, 7, 13, 14], "R": [[0.10538707998723407, -0.38935572519549344, 0.9150386235723911], [0.715992436228931, -0.6088579180181822, -0.3415360404547737], [0.6901075239661749, 0.6911542193490944, 0.21460999613536047]], "T": [-0.00833199339142365, -0.0685957480366943, -0.019422382483469402], "aligned_model": [[-0.09563875612749856, 0.49389204959865973, 0.23577457722833045, -0.36668359433137276, -0.41855650891058854, -0.3609354601266221, 0.3166267710738139, -0.6803880644499912, -0.20645758430211486, -0.2013776499566139, 0.7066099600897688, 0.48319473368806276, 0.43022524280465657, 0.08352419577421372], [-0.1394198623300831, 0.15073802286803198, -0.5802206936294881, 0.5456570106917248, -0.423198619283491, -0.731845245744129, -0.5932689217129579, 0.0703617751852274, 0.3086518114241854, -0.36551641034164595, 0.011311761640717205, 0.5368456877637341, -0.12004300001204796, -0.0065566781692894816], [-0.7616736014580874, -0.5008506715271005, -0.6073083431242152, -0.01523329620140244, -0.2952556883436863, 0.16155167604606782, 0.05554449395367193, 0.05298640191017441, 0.5973639865823122, 0.6443953863351576, 0.07362271946171366, 0.35878879916557976, 0.5391189368362493, -0.08915443657933723]], "inverted": false, "swapped": true, "error_lsq": 0.05707313903149443, "error_max": 0.32846008311388025, "target": "381.xyz", "model": "3.xyz", "model_rescale": 3.9243930471874484, "target_rescale": 4.1233523300213335},
{"mapping": [6, 3, 8, 10, 1, 5, 13, 2, 0, 4, 11, 12, 14], "R": [[0.8829906009696056, -0.4665977168487528, 0.05112894709326775], [-0.0646825914040538, -0.013066109096365047, 0.9978203441313162], [-0.46491263799620597, -0.8843731381179628, -0.04171800099232604]], "T": [0.028723744395012026, -0.04877925586252523, -0.03429382692924538], "aligned_model": [[-0.1865060438512881, -0.24767190436494824, 0.5852073292197727, 0.3735163366426149, 0.561503264686059, -0.3006765273132871, -0.23239126163524682, 0.34152614677011256, 0.09833130213902602, -0.40942650688550813, 0.1599641594713206, -0.43036674246568785, -0.035803666101586785], [-0.3460468827266536, 0.1843886619981852, -0.3708788294496746, -0.5558782148210719, 0.23488124893932455, -0.6849509179125514, -0.5575802313420336, 0.12304354762851583, 0.6047412271786426, 0.5100126096915099, -0.0919561138924335, 0.17583044006060022, -0.09777699167077225], [-0.6647044757749737, -0.7001071279986862, -0.537817302058875, 0.06802373996605496, -0.11041256854511483, -0.1481607463981792, 0.38983845847248, -0.6947534996747109, 0.17612802106797898, -0.07322810795554414, 0.7052967677938757, 0.5141414977258842, -0.13717434124922623]], "inverted": true, "swapped": true, "error_lsq": 0.049038645301884815, "error_max": 0.3081515788465681, "target": "381.xyz", "model": "4.xyz", "model_rescale": 3.8936222436046832, "target_rescale": 4.1233523300213335},
{"mapping": [9, 1, 0, 11, 4, 3, 6, 7, 13, 10, 12, 14], "R": [[-0.292748986613911, -0.610369822632335, -0.7360344492320317], [-0.952358129298812, 0.1172852464753189, 0.2815282659302454], [-0.08551037594932837, 0.78338550572435, -0.6156257995129908]], "T": [-0.12320599181107186, -0.12246556515989108, 0.0059641551901141315], "aligned_model": [[0.1279183852668844, -0.383723451434671, -0.437688193994647, 0.42845262672460405, -0.5411087818452743, -0.7555110373551454, -0.3558950774280645, 0.15160140478541792, 0.539432198284599, 0.30396766173700296, 0.11060606421342956, -0.16050375673903844], [-0.5531787655550275, -0.5201694796261652, 0.10790190918868901, -0.01078027857090326, 0.44145175956812494, -0.017301549656429396, -0.24048670412526585, 0.5320412491561294, 0.072966741277412, -0.5657396550381311, 0.5381978419694234, -0.11598016347804911], [-0.5842929049676481, -0.37360614356974764, -0.5634595528130212, -0.4933170288900411, -0.10846651770314035, 0.4099444067824645, 0.687166247157038, 0.5032601217248128, 0.1781980576904692, 0.09274503613773528, -0.26021375692156307, 0.13132675464815996]], "inverted": true, "swapped": true, "error_lsq": 0.04468174419327711, "error_max": 0.26232671484835784, "target": "381.xyz", "model": "5.xyz", "model_rescale": 3.6523030999806103, "target_rescale": 4.1233523300213335},
{"mapping": [11, 12, 0, 9, 1, 13, 4, 10, 7, 6, 3, 8, 14], "R": [[0.8883572910925344, -0.4169115913442908, 0.19236956195174174], [0.0459764022654091, 0.49763096665475204, 0.8661694934947699], [-0.4568451529757793, -0.7606235245040927, 0.46124219253393184]], "T": [0.08812621606454352, -0.01770518066590359, -0.005522596321211638], "aligned_model": [[0.1731500898513946, -0.3630794626973334, 0.23739283516322315, 0.7208171831278382, 0.6586038467790107, -0.26345219041877527, -0.26487387880714564, 0.3527333996544066, -0.7617023558735583, -0.13329819497026293, -0.1176977613303199, 0.6196393797355303, 0.022850014450286643], [-0.44196734187286507, -0.030980901943229992, 0.42596765842099166, -0.2818070374921304, 0.18416221722795, -0.625214919164754, 0.5438710598946682, -0.5528810893389783, -0.18419465588296843, 0.07358756154270113, 0.5536335936979271, -0.12445956271971223, 0.0011103217935838766], [0.6099894627612343, 0.5930023293384065, 0.5015133750293801, 0.35075406617711835, 0.057056861755334885, 0.11394378500374669, 0.25092024137173274, -0.17892950365084195, -0.04121862553342074, -0.6945409961669576, -0.45859839537885116, -0.616305097910629, -0.11747776331446402]], "inverted": true, "swapped": true, "error_lsq": 0.047931770647972195, "error_max": 0.24620997800008634, "target": "381.xyz", "model": "6.xyz", "model_rescale": 4.08911054899281, "target_rescale": 4.1233523300213335},
{"mapping": [2, 6, 3, 9, 1, 10, 8, 11, 4, 7, 5, 7, 13, 12, 14], "R": [[0.4945343518835316, -0.12861464917850585, 0.8595894641186717], [0.7244764672179429, 0.6073774573163776, -0.3259240291713712], [-0.4801766583816254, 0.7839329667519932, 0.39354730387194126]], "T": [0.013493190877985475, -0.07243967993419731, 0.031828996475646326], "aligned_model": [[0.07745953892516791, -0.34835731621673854, -0.6146018126811817, 0.11157640337339858, 0.4055128343295322, 0.15166623763084577, -0.23252032874456688, 0.5153808987350554, -0.6219131842522793, -0.12438813214346131, -0.278611802929322, -0.12438813214346131, 0.6089144678728086, 0.4653339876657239, 0.08099486874177576], [0.3623063581466241, 0.09894433706571126, -0.4442307253748854, -0.8019942332918711, -0.25963112035887315, -0.28345596722229793, -0.6379038642614427, -0.3264671977199618, -0.1341062492149137, 0.6860315650270027, 0.3381323784630846, 0.6860315650270027, 0.33462815864492146, 0.23652318268455153, -0.21362830085789647], [-0.6442210992878187, -0.26622250190297536, -0.274307445817497, -0.23777653946428015, -0.5591244895410217, 0.7068513917723955, 0.3231648468116991, 0.19948880640854658, 0.33066919186311194, -0.03887514672907458, 0.6033239544932825, -0.03887514672907458, -0.09332610748740425, 0.48831969943885756, -0.021781257145023818]], "inverted": false, "swapped": false, "error_lsq": 0.04555630779813717, "error_max": 0.3664311302569193, "target": "381.xyz", "model": "7.xyz", "model_rescale": 3.964800864290218, "target_rescale": 4.1233523300213335},
{"mapping": [4, 12, 0, 3, 1, 7, 2, 11, 13, 10, 5, 8, 9, 14], "R": [[-0.014126727146673759, 0.9944190834884934, -0.104552006073669], [-0.9598359035890953, -0.04278831811799075, -0.27727999930384223], [-0.28020612727317107, 0.09643571032837742, 0.9550835984415359]], "T": [-0.0012066696056174143, 0.004626970027526657, 0.053918938877306574], "aligned_model": [[-0.18108257035518105, 0.28006343656606053, 0.29115635430338327, -0.6855003984593904, 0.22240281425729477, -0.3425781685263098, -0.4041081931040622, 0.6993411836429643, 0.1821208031367642, 0.19475442750612254, -0.33286301504234084, -0.20789336945897802, 0.6727274784409657, -0.12735289344642034], [-0.22528384858439884, -0.6055643966982309, 0.09879730253292882, 0.15188876137512752, 0.5515283463811077, -0.7888016458153462, 0.6320559327942928, -0.26072096795915617, -0.5342835516218394, 0.13560319728877368, -0.35236489033824514, 0.6536714054319854, 0.3636055672025005, -0.009182745808297248], [-0.5945604715593734, -0.2785694358153672, -0.5640352654862705, -0.2361245783997029, -0.09102603454468779, 0.12559937434075097, -0.03313654399571285, 0.12395973082496997, 0.4816035913219221, 0.6291968253393289, 0.5912693628191518, 0.5044518838050809, 0.17193521610426798, 0.08625138397066379]], "inverted": false, "swapped": true, "error_lsq": 0.0475540479219499, "error_max": 0.2635276860784643, "target": "381.xyz", "model": "8.xyz", "model_rescale": 4.121658175737393, "target_rescale": 4.1233523300213335},
{"mapping": [6, 13, 10, 8, 7, 4, 11, 0, 9, 12, 2, 1, 14], "R": [[0.5458424193011782, -0.8352716164119421, 0.06616177225572582], [0.8205451727829104, 0.548857866721026, 0.15956397325558258], [-0.16959266704106238, -0.03280806234793754, 0.9849679986328862]], "T": [-0.08272869696986904, 0.006246644231657834, -0.039310558859515926], "aligned_model": [[-0.5874087842972708, -0.12790645438896642, 0.24722246489153407, 0.14805829976380624, -0.7609523284560843, -0.46166367319799473, 0.38692448351913555, 0.10684455579161031, 0.6888369475520995, -0.2106909233339057, -0.12029457619250099, 0.35860828239559783, -0.19084079761186346], [0.42493336870228404, -0.5390495085918161, 0.03100818024579432, 0.6794311892292726, -0.4939568783281822, -0.11326019573913579, -0.5815351602329942, -0.07971046598543069, -0.032584751928002434, -0.6694012834641541, 0.7492660950526978, 0.3547334250704413, 0.06051342538093519], [-0.35885543225812666, -0.49489672029736265, -0.5656367575819135, -0.4399574557725753, -0.24182153449862648, 0.5504913307074484, -0.04389049537398896, 0.618629366213111, -0.026689556950482717, 0.2592199125878135, 0.06112000657767204, 0.1928316309215944, -0.08946886031547464]], "inverted": true, "swapped": true, "error_lsq": 0.05051474678773677, "error_max": 0.319735376374444, "target": "381.xyz", "model": "9.xyz", "model_rescale": 3.833441315466971, "target_rescale": 4.1233523300213335},
{"mapping": [13, 9, 3, 4, 5, 12, 6, 1, 7, 8, 11, 10, 0, 12, 14], "R": [[-0.11373202660316013, 0.9685240009216068, 0.22141880173901576], [-0.5955271105089884, 0.1119311054701841, -0.7954991441082999], [-0.795243665032016, -0.22233462903251494, 0.5640521482623932]], "T": [0.006357698057773479, -0.036178879906104675, 0.030510632565601603], "aligned_model": [[0.3205399155117072, -0.6732506457084665, -0.6489741247198911, -0.06356084654254338, 0.32867097779878596, 0.2680898165348945, 0.14571463605797463, 0.6902073525168546, -0.612488491521999, -0.38306355827128324, -0.31266180064895904, 0.1964137086410664, 0.6252555725795587, 0.2680898165348945, -0.07692380059929707], [0.26215744091868914, 0.19070084918886915, -0.47398174796523157, -0.8077372370005331, -0.30028789062502886, -0.03905000917579425, -0.6128373263332456, -0.2885253015171544, -0.09127029142471177, 0.6308192287476267, 0.3007086321764201, 0.744225571781826, 0.20822002750201823, -0.03905000917579425, -0.04291205034119952], [-0.6387961097634368, -0.3497106374099404, -0.3344423788231777, -0.1584911632167631, -0.502214232281792, 0.5731966486789412, 0.361077188708778, 0.15000902799465665, 0.2711520812009103, -0.0744844651684558, 0.5305810722951685, 0.20544418608434017, -0.11460158840078977, 0.5731966486789412, -0.014608121893656748]], "inverted": true, "swapped": false, "error_lsq": 0.04723100768000537, "error_max": 0.3144078593706175, "target": "381.xyz", "model": "10.xyz", "model_rescale": 4.2482417240324, "target_rescale": 4.1233523300213335},
{"mapping": [6, 2, 0, 9, 7, 12, 4, 11, 10, 13, 5, 14], "R": [[-0.19131646159970678, 0.9245984720801657, -0.32941717767595363], [0.9488907996809142, 0.2600545197535852, 0.17882364786752145], [0.2510064975292135, -0.2783690215931993, -0.927095694098167]], "T": [0.004557434623444042, -0.07095406629832465, 0.0028793198609687737], "aligned_model": [[-0.6766491137461855, -0.21818685765356366, 0.4125900265945107, 0.7134575381768877, -0.5210926441444328, 0.18710721254631707, -0.1101919705990016, 0.6001868034467167, 0.1239829221199456, -0.020437326774909895, -0.48908193471713357, -0.12491905288614405], [-0.30877696563718626, -0.7656584913320883, -0.05295283300285593, -0.2753139467330159, 0.6175146153890084, 0.6088287585058054, 0.15706319994897558, 0.3406007078445751, -0.1940887391008546, 0.46417238074554545, 0.16311689232361723, -0.0883741889008869], [-0.10439321584348367, 0.1799277317451911, 0.5591139353365158, -0.22663842079132207, -0.027194299291980653, 0.26088278038015994, 0.6666417549533589, -0.20189093749349418, -0.5946786904033692, -0.4661224094748785, -0.47431619280986564, -0.006139746452475267]], "inverted": false, "swapped": true, "error_lsq": 0.043601423450748654, "error_max": 0.22191336026957384, "target": "381.xyz", "model": "11.xyz", "model_rescale": 3.6694154284099745, "target_rescale": 4.1233523300213335},
{"mapping": [6, 7, 12, 13, 5, 2, 8, 1, 11, 9, 0, 10, 4, 14], "R": [[-0.02297386881670721, 0.3539881173187042, 0.9349677075432884], [0.791838472537316, 0.5773535518681521, -0.19913490290503924], [-0.6102983162039389, 0.7357685022766254, -0.29356545487548175]], "T": [-0.014390681116460441, 0.04090103549126147, -0.023972495193313695], "aligned_model": [[0.017168501488332766, 0.16583488791044976, -0.09919951151090275, 0.5675357126042394, 0.4929010860869648, -0.3565609365613237, 0.18980174145015624, -0.23078300550703676, 0.29630295124408346, 0.1767702898018077, -0.5406120762803168, 0.5394958279653436, -0.6075537252918086, -0.01283689314417899], [-0.4940458710461477, 0.39489826555068774, 0.7687411557903108, 0.38864583968410804, -0.08378153396979524, -0.6209968577601058, -0.7138141041780416, -0.17588349153774915, 0.6184720134418589, 0.1303773492254747, 0.36310630062677185, -0.14527768066222266, 0.33473313847653, -0.034187235505426065], [-0.5188919988375365, -0.7943011646072894, -0.18224794347397066, -0.2416486261568893, -0.5272556339398379, 0.06760311975084575, 0.21196927307033914, 0.5016606400225262, 0.3447601554649082, 0.719285322324685, 0.28503623988512145, 0.18827121154413196, -0.2838958843399332, -0.13124925105468532]], "inverted": false, "swapped": true, "error_lsq": 0.04456467846616402, "error_max": 0.23708457861094576, "target": "381.xyz", "model": "12.xyz", "model_rescale": 3.9764082729961374, "target_rescale": 4.1233523300213335},
{"mapping": [7, 3, 14, 6, 4, 12, 13, 9, 11, 3, 8, 2, 0, 1, 15], "R": [[-0.3386204699487654, 0.36979530956582374, 0.8652095736610836], [0.9379192713765074, 0.059241314559278446, 0.3417570877536417], [0.07512401554921688, 0.9272226785796416, -0.3668984690828728]], "T": [0.10947926671844678, -0.1292950219656057, 0.09994221853789022], "aligned_model": [[0.18562117533879868, -0.5364834388391044, -0.5868326883348667, -0.047873834053040173, 0.33200629659113784, 0.27007433758094646, -0.18099297549624105, 0.6931800017442934, -0.6410604254031201, -0.5364834388391044, -0.27565123996617735, 0.3411563631435849, 0.6844497866377918, 0.30303817485909124, 0.06791043319930709], [0.40826139057531574, 0.2572960770552706, -0.4453365713594828, -0.7664737198472376, -0.18552406024056173, -0.4039972761485642, -0.6198162619676515, -0.14147142787315836, -0.06275832285833324, 0.2572960770552706, 0.43420515827080297, 0.6291206881894622, 0.204394154521743, 0.1934339500740874, -0.11744996869020727], [-0.42567095862833615, -0.2765188717492879, -0.13259904636281333, -0.2910847809681515, -0.580633815428881, 0.6530800220821227, 0.3224176908860259, 0.24362351024659884, 0.35055693672375904, -0.2765188717492879, 0.28377604660804845, 0.1859122568542761, -0.1918939824741407, 0.6115118989789814, 0.0013501216648095365]], "inverted": true, "swapped": false, "error_lsq": 0.05176157829278869, "error_max": 0.4874034521527481, "target": "381.xyz", "model": "13.xyz", "model_rescale": 4.170626492500431, "target_rescale": 4.1233523300213335},
{"mapping": [3, 6, 4, 7, 0, 11, 12, 8, 1, 5, 10, 13, 9, 14], "R": [[0.9656412668638933, 0.02868723188557129, 0.258290507870961], [-0.0949901745197215, -0.8861540421453823, 0.45355030628819226], [0.24189628040589697, -0.4625019527700869, -0.8529819067305285]], "T": [0.046162682611600364, 0.038612544691699294, 0.03810959108358026], "aligned_model": [[0.1789612195352868, 0.11055226607027044, -0.19955776329890998, -0.7496535965763603, 0.1307951299478688, -0.20913713524437907, -0.5674621878118178, 0.7020264431574573, 0.5925501021880134, -0.3033921448921886, 0.1916265720528527, -0.48133224075724423, 0.41569510137659493, 0.03151125634419923], [-0.4878397683353024, -0.687078263700578, 0.11533281655272114, -0.30212588829289394, 0.5407269842813044, 0.6628859642844901, 0.4259265010864269, -0.3238593067459483, 0.2983989457433621, -0.4688893452454752, 0.004539603780274001, 0.05030622211139672, 0.618168375505033, -0.09041837309914465], [-0.49036150098614895, 0.0015538519301718581, -0.6248197658562731, -0.00402499813430706, -0.4276478848387124, 0.3715570922202116, -0.15016497846301896, 0.3627861840327325, -0.02579013981127714, 0.4207815814687285, 0.6415824255237955, 0.5161891224083096, 0.39101402754684733, 0.02121808407980738]], "inverted": true, "swapped": true, "error_lsq": 0.04674935766942172, "error_max": 0.27703288637906404, "target": "381.xyz", "model": "14.xyz", "model_rescale": 3.9786697098870705, "target_rescale": 4.1233523300213335},
{"mapping": [0, 2, 12, 11, 4, 7, 8, 6, 13, 10, 3, 14], "R": [[-0.7478985548602114, -0.5223235852984661, -0.40966550242724037], [-0.5946226027423941, 0.8014794834098202, 0.06367572520975776], [0.2950791621681685, 0.29121935017111, -0.9100107571562261]], "T": [0.02790565483984561, -0.09813871073291938, -0.04814049215260256], "aligned_model": [[-0.05966090846064831, -0.7157538147333738, 0.602802549979216, 0.5971779982258816, -0.010112907368439145, 0.562887723986984, -0.5180127234883509, -0.29397784285235806, 0.6727135661078976, 0.1409027349019379, -0.48402593511926484, -0.011585844412144775], [-0.19221272486894753, -0.07529756093325908, 0.09507542471064825, -0.5413839018689416, 0.3624195781119809, 0.5643117048865468, -0.4070538552358781, 0.34168604276715564, -0.09531558091038903, -0.49791249880908095, 0.46042550556317186, -6.764318856815332e-05], [-0.7261476933091163, 0.05198080050839858, -0.48877271269730715, -0.26155378839301713, -0.588677744753613, 0.11358515849864435, 0.4748342330409641, 0.4366838987665232, 0.25379072857044416, 0.4143665333137304, -0.0492575997546557, 0.02913468008283447]], "inverted": true, "swapped": true, "error_lsq": 0.05332060143515279, "error_max": 0.26390549300566957, "target": "381.xyz", "model": "15.xyz", "model_rescale": 3.769337070930944, "target_rescale": 4.1233523300213335},
{"mapping": [10, 6, 11, 13, 1, 2, 0, 3, 12, 7, 14], "R": [[-0.2596977809011387, -0.030366870402699225, -0.9652123682262727], [0.3842442315731456, 0.9137274131580002, -0.1321309386417582], [0.8859534034574205, -0.40519139628764933, -0.22562468676250405]], "T": [0.01966794985806336, 0.06324362167396094, -0.0813115248375236], "aligned_model": [[-0.38803042219599654, -0.20001973025952707, -0.12540047795410425, -0.6103538637621009, 0.4432018049365099, 0.3890046084409042, 0.6167229794279316, 0.2921994290883479, 0.007675066193628316, -0.477953647348388, -0.024419615876034376], [0.1104696529103801, -0.6256393419127889, 0.7939638120915921, 0.3691053401802321, 0.08637352106552362, -0.52648092516455, 0.3864474376610929, -0.5766644429233143, 0.596178149733967, 0.034330811739499194, -0.052019517756291836], [-0.5482718119489266, 0.015057949543932178, -0.18660012816078628, 0.047019290083606696, -0.5174255505323038, -0.36307523708091627, 0.04228529130550719, 0.21921043134179866, 0.44578605199348464, 0.6277289175614414, -0.037497596883060945]], "inverted": false, "swapped": true, "error_lsq": 0.04183588893165818, "error_max": 0.22401967700497724, "target": "381.xyz", "model": "16.xyz", "model_rescale": 3.7852294659196426, "target_rescale": 4.1233523300213335},
{"mapping": [9, 12, 13, 11, 0, 4, 3, 7, 10, 8, 2, 5, 14], "R": [[-0.36551051797737966, 0.08752936719214242, 0.9266826161781878], [-0.4940858475283152, -0.8619774165355378, -0.113464129375527], [0.7888480439984205, -0.4993330985040577, 0.35830883357545473]], "T": [-0.029188316006147963, 0.10549731521404217, -0.043514658970786636], "aligned_model": [[0.11754710070510013, -0.4166358245326918, 0.3473180775978268, 0.013369558572654358, -0.6375013273033001, -0.6949016746363157, -0.30157071962424814, -0.027717227078539408, 0.5546295656768845, 0.4789747588347785, -0.057449143324688895, 0.475344626900625, 0.0023580784281975117], [-0.2709618587086376, -0.4437414169201076, -0.36328290524316575, -0.6294781597319333, -0.05572144216529594, 0.16594544839085706, 0.7744453068352943, -0.04262783989421497, -0.018232734008616122, 0.6070301436236968, 0.7883111063002022, 0.1613293389305117, 0.20204063629428295], [-0.7020948884611098, 0.2884735022917742, 0.33784568902909684, -0.1986997547786931, -0.32666723360090955, 0.1992024959284011, 0.1853643377917896, 0.8104515744737495, -0.21772064706400043, -0.4399905307293153, -0.3542268254464811, 0.4746686026229212, 0.03914837508595092]], "inverted": false, "swapped": true, "error_lsq": 0.045762354167706125, "error_max": 0.26075202789821894, "target": "381.xyz", "model": "17.xyz", "model_rescale": 3.901054581598922, "target_rescale": 4.1233523300213335},
{"mapping": [1, 0, 3, 12, 7, 9, 13, 11, 2, 8, 5, 4, 6, 10, 14], "R": [[-0.6415027288404356, 0.430950310344069, -0.6346306633819591], [0.5487428129070161, 0.8358911818717298, 0.012932801397157412], [0.5360555700421087, -0.339952587993434, -0.7727073597057275]], "T": [0.0038751141398930605, 0.026250451053836395, 0.04639338113324353], "aligned_model": [[0.06414791694334915, -0.41997223163263464, -0.4165226424047914, 0.1850817751310936, 0.22214571905878802, 0.15731627428959863, -0.37267341764640555, 0.7147954683337084, -0.817957181222506, -0.374303993028982, -0.30976946817802187, 0.2317950922685569, 0.6501092045567671, 0.5311021546162316, 0.026763857078544777], [0.3961338862928656, -0.008980836851698232, -0.5363302616124455, -0.6860021693129188, -0.22851099646682582, -0.26810316396460787, -0.4880090748025858, -0.3237587357634065, -0.03961634213920328, 0.5587982695193184, 0.060255703173015054, 0.781553739809465, 0.11121063599445147, 0.3334428061948302, -0.0209035733134977], [-0.5411770257235236, -0.5817918641038489, -0.25389740717180864, -0.06239749564565695, -0.5255607880820535, 0.6156045730750217, 0.39460386571992184, 0.1402912408700253, 0.10957048016401649, 0.1638311778108093, 0.5854265580403352, 0.10245937327258811, -0.32628478113022014, 0.5942238776030473, 0.06240637198506985]], "inverted": true, "swapped": false, "error_lsq": 0.05616982894870653, "error_max": 0.33790841276701256, "target": "381.xyz", "model": "18.xyz", "model_rescale": 3.9405287249114394, "target_rescale": 4.1233523300213335},
{"mapping": [13, 12, 3, 10, 11, 6, 2, 5, 1, 4, 0, 7, 9, 8, 15], "R": [[-0.40619485976509184, -0.854670704316564, 0.32333221782471094], [0.8984581136461356, -0.4380819324156222, -0.029278635801930714], [0.16666959507914253, 0.2786076231441328, 0.9458324578920582]], "T": [-0.07006869484494957, 0.03922520958722805, -0.0693030543654578], "aligned_model": [[0.1281598658790144, -0.5552160753359495, -0.7134703656094404, -0.016693448230853836, 0.4305863579364504, 0.022877181929956775, 0.11819747473558559, 0.5907664019468977, -0.5195417989098596, -0.33418429916041636, -0.30443299184486994, 0.31624511369413066, 0.6707106509841694, 0.29914942611454276, -0.06109496596606068], [0.2635782019164096, 0.17117652894435012, -0.49371367803493055, -0.7013873996996568, -0.2743194285960487, -0.20447828791059783, -0.7226854869290387, -0.27180985182381856, -0.22992362604931407, 0.7058029931962737, 0.3089280507687579, 0.6265315552350924, 0.21238910359711693, 0.25010677381855057, 0.0009844383236100665], [-0.6707188987844547, -0.28692642335883733, -0.23495035132946865, -0.3272722055457543, -0.48191362123304066, 0.6308777257835628, 0.30402417868701737, 0.32795858256920035, 0.33201011135077796, 0.0741613473933283, 0.5180707718357911, -0.031113440134294845, -0.17064442578330316, 0.5563798529913354, -0.06263504775813619]], "inverted": true, "swapped": false, "error_lsq": 0.037822560835180125, "error_max": 0.24908342186259103, "target": "381.xyz", "model": "19.xyz", "model_rescale": 4.410303926677745, "target_rescale": 4.1233523300213335},
{"mapping": [4, 12, 0, 3, 1, 7, 2, 11, 13, 10, 5, 8, 9, 14], "R": [[-0.014126727146673759, 0.9944190834884934, -0.104552006073669], [-0.9598359035890953, -0.04278831811799075, -0.27727999930384223], [-0.28020612727317107, 0.09643571032837742, 0.9550835984415359]], "T": [-0.0012066696056174143, 0.004626970027526657, 0.053918938877306574], "aligned_model": [[-0.18108257035518105, 0.28006343656606053, 0.29115635430338327, -0.6855003984593904, 0.22240281425729477, -0.3425781685263098, -0.4041081931040622, 0.6993411836429643, 0.1821208031367642, 0.19475442750612254, -0.33286301504234084, -0.20789336945897802, 0.6727274784409657, -0.12735289344642034], [-0.22528384858439884, -0.6055643966982309, 0.09879730253292882, 0.15188876137512752, 0.5515283463811077, -0.7888016458153462, 0.6320559327942928, -0.26072096795915617, -0.5342835516218394, 0.13560319728877368, -0.35236489033824514, 0.6536714054319854, 0.3636055672025005, -0.009182745808297248], [-0.5945604715593734, -0.2785694358153672, -0.5640352654862705, -0.2361245783997029, -0.09102603454468779, 0.12559937434075097, -0.03313654399571285, 0.12395973082496997, 0.4816035913219221, 0.6291968253393289, 0.5912693628191518, 0.5044518838050809, 0.17193521610426798, 0.08625138397066379]], "inverted": false, "swapped": true, "error_lsq": 0.0475540479219499, "error_max": 0.2635276860784643, "target": "381.xyz", "model": "20.xyz", "model_rescale": 4.121658175737393, "target_rescale": 4.1233523300213335},
{"mapping": [11, 12, 0, 9, 1, 13, 4, 10, 7, 6, 3, 8, 14], "R": [[0.8883572910925344, -0.4169115913442908, 0.19236956195174174], [0.0459764022654091, 0.49763096665475204, 0.8661694934947699], [-0.4568451529757793, -0.7606235245040927, 0.46124219253393184]], "T": [0.08812621606454352, -0.01770518066590359, -0.005522596321211638], "aligned_model": [[0.1731500898513946, -0.3630794626973334, 0.23739283516322315, 0.7208171831278382, 0.6586038467790107, -0.26345219041877527, -0.26487387880714564, 0.3527333996544066, -0.7617023558735583, -0.13329819497026293, -0.1176977613303199, 0.6196393797355303, 0.022850014450286643], [-0.44196734187286507, -0.030980901943229992, 0.42596765842099166, -0.2818070374921304, 0.18416221722795, -0.625214919164754, 0.5438710598946682, -0.5528810893389783, -0.18419465588296843, 0.07358756154270113, 0.5536335936979271, -0.12445956271971223, 0.0011103217935838766], [0.6099894627612343, 0.5930023293384065, 0.5015133750293801, 0.35075406617711835, 0.057056861755334885, 0.11394378500374669, 0.25092024137173274, -0.17892950365084195, -0.04121862553342074, -0.6945409961669576, -0.45859839537885116, -0.616305097910629, -0.11747776331446402]], "inverted": true, "swapped": true, "error_lsq": 0.047931770647972195, "error_max": 0.24620997800008634, "target": "381.xyz", "model": "21.xyz", "model_rescale": 4.08911054899281, "target_rescale": 4.1233523300213335},
{"mapping": [12, 13, 4, 2, 14, 8, 1, 11, 0, 7, 6, 10, 9, 5, 16], "R": [[-0.14864477121403244, 0.7792660357464753, 0.6088096398076345], [0.5192625913633052, 0.585451019264265, -0.6225861107132883], [-0.8415884345696497, 0.22358790122546168, -0.4916679338986835]], "T": [0.044303478932085215, -0.0917157733602604, -0.00853927024155366], "aligned_model": [[0.09574967949975555, -0.38252565244970094, -0.5147440589630825, -0.1137912813892474, 0.3222328823951375, 0.15325238009061878, -0.06357839370529111, 0.5879099193461362, -0.6817321638904793, -0.3928563903999359, -0.28662626126435614, 0.1845586865922161, 0.6199598963537297, 0.5464087646183082, -0.002159478670511937], [0.4151871513282359, 0.12079416685327182, -0.3989588421253112, -0.7669237345754776, -0.13546867370174634, -0.16022214442748067, -0.7249643625726739, -0.42303741369065784, -0.16001708565389425, 0.46911649298413527, 0.252734503824113, 0.6925530805038663, 0.28007956462437633, 0.26918967442763, -0.08888249104163023], [-0.5427416845223999, -0.46612683994002047, -0.2902478660226276, -0.2094225329683997, -0.5853091692042541, 0.6727822633383134, 0.4576753874889604, 0.4164443045558579, 0.2527777293383968, -0.020973323565109177, 0.5636526924357399, 0.11946952163540983, -0.20330971794008407, 0.33111731189862303, -0.018479919844682453]], "inverted": false, "swapped": false, "error_lsq": 0.039662160635313096, "error_max": 0.25805032083736523, "target": "381.xyz", "model": "22.xyz", "model_rescale": 4.204369325754507, "target_rescale": 4.1233523300213335},
{"mapping": [13, 12, 3, 10, 11, 6, 2, 5, 1, 4, 0, 7, 9, 8, 15], "R": [[-0.40619485976509184, -0.854670704316564, 0.32333221782471094], [0.8984581136461356, -0.4380819324156222, -0.029278635801930714], [0.16666959507914253, 0.2786076231441328, 0.9458324578920582]], "T": [-0.07006869484494957, 0.03922520958722805, -0.0693030543654578], "aligned_model": [[0.1281598658790144, -0.5552160753359495, -0.7134703656094404, -0.016693448230853836, 0.4305863579364504, 0.022877181929956775, 0.11819747473558559, 0.5907664019468977, -0.5195417989098596, -0.33418429916041636, -0.30443299184486994, 0.31624511369413066, 0.6707106509841694, 0.29914942611454276, -0.06109496596606068], [0.2635782019164096, 0.17117652894435012, -0.49371367803493055, -0.7013873996996568, -0.2743194285960487, -0.20447828791059783, -0.7226854869290387, -0.27180985182381856, -0.22992362604931407, 0.7058029931962737, 0.3089280507687579, 0.6265315552350924, 0.21238910359711693, 0.25010677381855057, 0.0009844383236100665], [-0.6707188987844547, -0.28692642335883733, -0.23495035132946865, -0.3272722055457543, -0.48191362123304066, 0.6308777257835628, 0.30402417868701737, 0.32795858256920035, 0.33201011135077796, 0.0741613473933283, 0.5180707718357911, -0.031113440134294845, -0.17064442578330316, 0.5563798529913354, -0.06263504775813619]], "inverted": true, "swapped": false, "error_lsq": 0.037822560835180125, "error_max": 0.24908342186259103, "target": "381.xyz", "model": "23.xyz", "model_rescale": 4.410303926677745, "target_rescale": 4.1233523300213335},
{"mapping": [9, 4, 3, 1, 11, 12, 0, 13, 2, 8, 5, 15, 14, 6, 16], "R": [[-0.3909429625575015, -0.8600175006662721, -0.3279230070832214], [0.27758695436558345, 0.22952116951310092, -0.9328802257049817], [0.8775585922277802, -0.4557301079510513, 0.14899995273193747]], "T": [0.09814975956104927, -0.04826705801027365, -0.048668335747511435], "aligned_model": [[0.2051229214285466, -0.5566612639482216, -0.6953206194047372, -0.08512752856074549, 0.4610070391793492, 0.14094664303671103, -0.22860052285913768, 0.6884001557478059, -0.69821843836317, -0.3799942756355514, -0.1766470430043699, 0.2244715669456684, 0.6893524527587449, 0.4783668293167761, 0.00496061152562835], [0.390028617417981, 0.16326550054369565, -0.4513978656273861, -0.7737865781503193, -0.1905044463869507, -0.28853365062782843, -0.584783536530486, -0.17862774164784664, -0.25434199445005534, 0.522198209613641, 0.21968506378238983, 0.6465887938971878, 0.27272922093470064, 0.2700557671997941, -0.12139547321176161], [-0.48326427126617716, -0.029671674106503728, -0.17959310150222618, -0.4686281089696804, -0.5474915575270832, 0.7172404225392822, 0.37058115119405416, 0.3102149123876702, 0.34658445056101167, -0.3974581396339512, 0.4496191426769057, 0.053958838450106544, -0.12343968369515014, 0.5275292419777396, -0.06887346640227447]], "inverted": true, "swapped": false, "error_lsq": 0.04598519009738492, "error_max": 0.36946562339313904, "target": "381.xyz", "model": "24.xyz", "model_rescale": 4.28219845311461, "target_rescale": 4.1233523300213335},
{"mapping": [10, 11, 5, 1, 8, 4, 3, 0, 9, 12, 13, 14, 6, 2, 15], "R": [[-0.34183389570933187, 0.7050314752944798, -0.6213535278633822], [0.22997860233641118, 0.7038378989669869, 0.672102711231794], [0.9111857276162596, 0.08684947220234929, -0.4027378042431587]], "T": [-0.06779727755552079, -0.028187875912536187, 0.12885026438257846], "aligned_model": [[0.10448507375453875, -0.3616961070953806, -0.39182703762035076, 0.09814298485106088, 0.17405229860194335, 0.19811327347070673, -0.2742651705437343, 0.6946327232953639, -0.7311065383077054, -0.5246689710448924, -0.20272479667739102, 0.134715751923894, 0.724600858562113, 0.4294190897460182, 0.00018509524711279868], [0.3039169770318967, 0.23291862270108932, -0.4694307310568004, -0.6190543742370311, -0.23984842933041514, -0.3942950070006634, -0.7465214287256208, -0.27652423747833255, -0.15708572614423683, 0.5845975727401302, 0.34081396925723223, 0.6723111753346793, 0.12248196968494976, 0.337174785419582, -0.0502752514397033], [-0.5709568353997201, -0.24787768205281352, -0.5235224345331624, -0.053407819983673166, -0.4864989450652894, 0.7032244633548692, 0.3323527482194186, 0.2791290631620078, 0.1455790624537457, 0.11535397449505824, 0.5744382576924612, -0.09122739688146131, -0.27314591279570166, 0.4256094835817335, 0.14825813043625038]], "inverted": false, "swapped": false, "error_lsq": 0.049420921862499925, "error_max": 0.3589264148446253, "target": "381.xyz", "model": "25.xyz", "model_rescale": 4.100010024507729, "target_rescale": 4.1233523300213335},
{"mapping": [6, 2, 0, 9, 7, 12, 4, 11, 10, 13, 5, 14], "R": [[-0.19131646159970678, 0.9245984720801657, -0.32941717767595363], [0.9488907996809142, 0.2600545197535852, 0.17882364786752145], [0.2510064975292135, -0.2783690215931993, -0.927095694098167]], "T": [0.004557434623444042, -0.07095406629832465, 0.0028793198609687737], "aligned_model": [[-0.6766491137461855, -0.21818685765356366, 0.4125900265945107, 0.7134575381768877, -0.5210926441444328, 0.18710721254631707, -0.1101919705990016, 0.6001868034467167, 0.1239829221199456, -0.020437326774909895, -0.48908193471713357, -0.12491905288614405], [-0.30877696563718626, -0.7656584913320883, -0.05295283300285593, -0.2753139467330159, 0.6175146153890084, 0.6088287585058054, 0.15706319994897558, 0.3406007078445751, -0.1940887391008546, 0.46417238074554545, 0.16311689232361723, -0.0883741889008869], [-0.10439321584348367, 0.1799277317451911, 0.5591139353365158, -0.22663842079132207, -0.027194299291980653, 0.26088278038015994, 0.6666417549533589, -0.20189093749349418, -0.5946786904033692, -0.4661224094748785, -0.47431619280986564, -0.006139746452475267]], "inverted": false, "swapped": true, "error_lsq": 0.043601423450748654, "error_max": 0.22191336026957384, "target": "381.xyz", "model": "26.xyz", "model_rescale": 3.6694154284099745, "target_rescale": 4.1233523300213335},
