[{"mapping": [0, 4, 2, 3, 8, 10, 9, 1, 1, 7, 6, 11], "R": [[0.8238037311336283, 0.23316073847531654, -0.5167044441496104], [-0.3857716725576284, -0.4372904136842599, -0.8123775666227735], [-0.41536445348922524, 0.8685696081106533, -0.2702946663256664]], "T": [-0.010727506096597252, -0.0669433880409554, 0.009850840099628999], "aligned_model": [[0.0211827181480532, -0.36576063850198565, -0.6092266445533003, -0.08712945663734654, -0.5611869466941554, 0.5909820544422987, 0.020985455079520935, -0.04131933273543613, -0.04131933273543613, 0.7245425038990473, -0.013337028237093509, 0.014806139103820067], [-0.6834455802291035, -0.4872933667950937, -0.5090840421060321, 0.14794749387703168, 0.22885552975048967, 0.08077749697744757, 0.5235298371403416, -0.3060207916315001, -0.3060207916315001, 0.11974302889456645, 0.4313356358204111, -0.13010852707529041], [0.051059802927695824, -0.5814239158297525, 0.3181699424528781, -0.6397776426572493, 0.12210454908798793, -0.26922888121729727, -0.13047764191811584, 0.6760240118457282, 0.6760240118457282, 0.5765337355524507, 0.5360311250105315, 0.02365134957046644]], "inverted": true, "swapped": false, "error_lsq": 0.058160797526891746, "error_max": 0.39707114725644693, "target": "383.xyz", "model": "0.xyz", "model_rescale": 3.751011558992144, "target_rescale": 3.9358789289366074},
{"mapping": [8, 4, 1, 10, 6, 5, 11, 0, 7, 3, 12, 14], "R": [[-0.5234534922293507, 0.8511784906681061, -0.0386214771450043], [0.6534716255770441, 0.4301307235312831, 0.6228662739626786], [0.5467826588678474, 0.30080348684551494, -0.7813744213006896]], "T": [0.093542489540483, -0.09458219020905378, 0.06355930748079586], "aligned_model": [[0.206287276813567, -0.36196222225208485, -0.42437899805185614, -0.12409686507987774, -0.6136410708256252, 0.5983320403563177, -0.22435106689377604, 0.0773671251077798, -0.26613383500303134, 0.4754256002161745, 0.20484144861346196, 0.10553005757693655], [-0.686678087078046, -0.4841389937370649, -0.4881533508294306, 0.16590260428599324, 0.1469715238651047, -0.16716825015519646, 0.6328804236977147, -0.5097980485010212, 0.06918497862936002, -0.03377517823748333, 0.5064888152573045, -0.041500514205466396], [-0.21416234092552405, -0.4525171638581098, 0.3136485388641249, -0.6829221265054534, 0.1361469127246361, -0.2970025045352067, -0.016894536878479027, 0.6982550354543025, 0.5959973600003009, 0.7222501959774578, 0.48581668417674356, 0.0700743921762593]], "inverted": false, "swapped": false, "error_lsq": 0.03853213354467069, "error_max": 0.22862039864977338, "target": "383.xyz", "model": "1.xyz", "model_rescale": 3.9405287249114394, "target_rescale": 3.9358789289366074},
{"mapping": [3, 8, 4, 9, 2, 11, 5, 7, 1, 6, 0, 12], "R": [[0.058636701924522194, -0.13609712699918675, -0.9889586994460298], [0.8668415190414622, -0.4844047972993542, 0.11805834667342585], [-0.4951237401431141, -0.8641930133806563, 0.08957074059510295]], "T": [-0.01067646988353298, -0.11987855056343782, 0.11613843265755164], "aligned_model": [[0.18858964640229758, -0.37387757293020957, -0.5016665001446832, -0.04285760109423503, -0.477911970269209, 0.5212258286707482, -0.012782737766006632, 0.20979991759482167, -0.45205045701129887, 0.4676608716919712, 0.21917616590484218, -0.09208610047105194], [-0.6524455960523667, -0.4774789071959633, -0.6094920691660338, -0.029122773926122184, 0.37593746246016, 0.19253619980723735, 0.562385051430911, -0.6441222517089964, 0.003279976268541207, -0.07048678275619313, 0.5456560613222032, -0.08643044749160911], [0.057273880264397684, -0.4677251762373088, 0.22055641228055897, -0.6845543117151052, 0.12134380779690528, -0.24036017544728216, -0.1340379479343286, 0.6688305327728348, 0.7620852672451836, 0.3693370391244485, 0.5712883359633139, 0.11465278255743395]], "inverted": true, "swapped": false, "error_lsq": 0.04801472153119051, "error_max": 0.2554053011431795, "target": "383.xyz", "model": "2.xyz", "model_rescale": 3.932901565614263, "target_rescale": 3.9358789289366074},
{"mapping": [3, 0, 7, 2, 5, 1, 6, 8, 9, 11, 12, 13], "R": [[-0.7621039899869256, -0.6436346023795629, 0.07022824976966388], [-0.638692942657229, 0.7295710413496225, -0.24453511122920102], [0.10615476176723393, -0.2312154714627242, -0.9670938797812819]], "T": [-0.0007252611570768182, -0.13288897119016185, 0.08792741744632332], "aligned_model": [[0.16299482307428415, -0.0666608369107665, -0.6151430238449968, -0.1261860441842764, -0.5406954788360976, 0.5019965883877033, -0.09896961447490973, 0.09744186205795372, -0.344633863992573, 0.7533344611519834, -0.053466750484808534, -0.016792631365509524], [-0.6161002742798292, -0.47079977901777303, -0.4425632255777932, 0.14983016614596723, 0.31815587997943306, -0.0638571913824034, 0.505219795814199, -0.5664741647020983, -0.017652741584588752, -0.1979970157125505, 0.535900308308974, -0.023445834999768836], [0.06822846653819574, -0.4868935241923123, 0.27854540298330793, -0.6857193588569306, 0.23554310735676598, -0.4517706243131426, -0.13536053385220503, 0.672011162656555, 0.7268643655647382, 0.5621252412467731, 0.45271371802524446, 0.12240302351406258]], "inverted": true, "swapped": false, "error_lsq": 0.052884516801460134, "error_max": 0.3426679788195561, "target": "383.xyz", "model": "3.xyz", "model_rescale": 3.9243930471874484, "target_rescale": 3.9358789289366074},
{"mapping": [8, 9, 1, 11, 5, 10, 6, 7, 0, 4, 3, 12], "R": [[0.8130631742450924, 0.23161585759664727, 0.5341183101114064], [-0.026886960944636495, -0.9015343303277946, 0.43187144218109275], [0.5815542674743746, -0.36549958378934577, -0.7267769177898806]], "T": [0.028057673343629564, -0.09367484765513065, 0.07647205466525822], "aligned_model": [[0.36799960577192703, -0.19671961311340477, -0.5317761631716819, -0.14713826372042038, -0.6410764400228597, 0.6101699032626463, -0.09710905283226522, 0.08076276084470217, -0.43789245258155646, 0.47509499787312215, 0.24699246689021925, -0.07608825862244203], [-0.59985027247755, -0.5508612140447232, -0.4467649800660123, 0.0943345167394076, 0.25514300874682183, 0.08826605160920586, 0.5981374224290108, -0.6490073567016051, 0.17057962418117353, -0.219457130337833, 0.4217616702607424, -0.05206541734687055], [-0.08025155810252385, -0.41152711506494577, 0.34493757176028206, -0.6719215208842177, 0.14134686610446373, -0.2773224909011013, -0.08859032250212115, 0.6524466522473287, 0.7370645217926175, 0.4462067126035132, 0.44976299018090404, 0.11653813943685225]], "inverted": false, "swapped": false, "error_lsq": 0.04663952388334019, "error_max": 0.25552911713122334, "target": "383.xyz", "model": "4.xyz", "model_rescale": 3.8936222436046832, "target_rescale": 3.9358789289366074},
{"mapping": [9, 8, 3, 7, 10, 6, 4, 0, 2, 1, 4, 11], "R": [[-0.5501757836290255, -0.6975678088599934, 0.45902696995977904], [-0.7465944430213226, 0.6571349640236885, 0.10378042545329545], [-0.37403655537643526, -0.28560950806976604, -0.8823399935071954]], "T": [-0.029589039870768493, -0.12558763011078355, 0.017466068328009995], "aligned_model": [[0.21951292625358437, -0.4392869661799285, -0.40952916759988117, -0.052762335160870255, -0.5813832243985051, 0.6482777883686092, -0.0703750828405738, 0.04531971984158639, -0.2943311904177511, 0.5846951490071456, -0.0703750828405738, 0.07345695654514452], [-0.685768779591723, -0.5605033337960366, -0.4838887090097048, 0.16969455531264804, 0.1790606422382897, -0.09346093769766398, 0.6196185031674151, -0.6482091304496452, 0.09557221479296493, -0.1074397403308443, 0.6196185031674151, 0.005922135188652977], [-0.061154756269884133, -0.41711276939508857, 0.2573574364975281, -0.55874479302833, -0.02922448276275859, -0.399754577032445, 0.288812556291779, 0.7273771571827589, 0.6794013987418136, 0.5326692870215531, 0.288812556291779, 0.050251433132346784]], "inverted": false, "swapped": false, "error_lsq": 0.05387110990839492, "error_max": 0.367245345829124, "target": "383.xyz", "model": "5.xyz", "model_rescale": 3.6523030999806103, "target_rescale": 3.9358789289366074},
{"mapping": [4, 3, 11, 0, 7, 1, 5, 10, 9, 6, 8, 12], "R": [[0.4857443651064034, -0.6315266280012842, -0.6043397470733701], [0.7650696444948862, 0.641553011740724, -0.055481277913145166], [0.42275388920723855, -0.43541227733233995, 0.7947926131440954]], "T": [0.052377370122910216, -0.08671058487173974, 0.16113963930369374], "aligned_model": [[0.0032712827476126943, -0.214675270548225, -0.6695593908737489, -0.05395843097266312, -0.5978749957100716, 0.5399435236828458, -0.07223970497784928, 0.20672874523947116, -0.31182902043192984, 0.626647108566305, 0.20340559818763437, -0.006639954331394596], [-0.6551273217185178, -0.2926766725748661, -0.5631325217832653, 0.1974752102279412, 0.010668426034349532, 0.047256191038945156, 0.5347714902457191, -0.5558262477202255, 0.018908000148783077, -0.05352768952755086, 0.47198413424912333, -0.050557075628668305], [0.10095153929988898, -0.44623303111770535, 0.3236156507395421, -0.7849548917911762, -0.02462162862034248, -0.3149979614466653, -0.08812757652657438, 0.7651091662972713, 0.7766567347266558, 0.46402183593604956, 0.505746354009865, 0.08152425516424337]], "inverted": true, "swapped": false, "error_lsq": 0.05067230997932279, "error_max": 0.35937800847694873, "target": "383.xyz", "model": "6.xyz", "model_rescale": 4.08911054899281, "target_rescale": 3.9358789289366074},
{"mapping": [6, 2, 1, 7, 13, 4, 12, 9, 11, 8, 10, 14], "R": [[0.853785287716589, -0.25195774539897875, 0.4555962873116556], [0.017969353384452595, -0.8603117672149335, -0.5094514358900784], [0.5203150822507896, 0.4431489114563877, -0.729994011932545]], "T": [0.04164206883656174, -0.08243333966934643, 0.07815967940567367], "aligned_model": [[0.16590606966750343, -0.43979080598273773, -0.4838018813037538, -0.11240311961013907, -0.6448776984590857, 0.726868696663039, -0.2432168069020053, 0.07448321281324194, -0.2307614972611367, 0.5538448496316997, 0.28064521449098345, 0.0063232568303767805], [-0.4021178619688658, -0.5100669181216808, -0.5440518586215278, 0.07171142289865434, 0.13637549294878468, -0.04187753307568143, 0.5708776084319043, -0.5399971668988353, 0.13824357895186862, -0.09757250509208176, 0.48549530914085826, -0.15680364560162907], [-0.2844740624787394, -0.40711493657431996, 0.2989832675404811, -0.664671685459008, -0.051099077482376354, -0.08205637712845273, 0.08465152160966857, 0.713859381451534, 0.5489346338395932, 0.528235328936966, 0.4518031521572923, 0.22163930025841347]], "inverted": true, "swapped": false, "error_lsq": 0.04891975049312793, "error_max": 0.33691940131083226, "target": "383.xyz", "model": "7.xyz", "model_rescale": 3.964800864290218, "target_rescale": 3.9358789289366074},
{"mapping": [6, 11, 10, 12, 8, 2, 7, 3, 5, 0, 1, 13], "R": [[0.05509174999509886, 0.313022732476966, -0.9481464380754332], [0.7890923067400515, -0.5954904554699674, -0.15074630638206565], [-0.611799174996291, -0.7398701821244216, -0.27981044132954214]], "T": [0.024420774774931545, -0.10911446453369611, 0.06544651956657115], "aligned_model": [[0.24539536224377786, -0.24834236782218821, -0.6682901219936108, -0.21109423145734063, -0.589455689821846, 0.6041424866367772, 0.04142979070698616, 0.19651759915631606, -0.4998359196358799, 0.6220775741381946, 0.20925737841760225, -0.04858236999080216], [-0.6400414412239566, -0.6507942554549276, -0.49108240060993297, 0.1577788563157113, 0.34267886599913877, 0.1334219237260361, 0.5681679672889131, -0.5327728861378211, -0.06717846242890434, -0.144149025112358, 0.5202745110857071, -0.08608773045583767], [-0.010662614537367887, -0.4996345335946141, 0.28767640575430536, -0.6008684017836546, 0.16592564231100287, -0.14361702321405706, -0.15330531673015285, 0.6283487495711708, 0.7154211445030347, 0.4588144164044596, 0.42989794087673067, 0.08069403711019472]], "inverted": false, "swapped": false, "error_lsq": 0.045967074044502065, "error_max": 0.29742784706019065, "target": "383.xyz", "model": "8.xyz", "model_rescale": 4.121658175737393, "target_rescale": 3.9358789289366074},
{"mapping": [5, 10, 0, 11, 2, 7, 8, 4, 1, 9, 6, 12], "R": [[0.004301866371973634, 0.5075515258523505, -0.8616106676165683], [-0.9280241224045495, 0.3229781360572952, 0.18562422219155944], [0.3724952646423626, 0.7987969530699941, 0.4724094681366052]], "T": [-0.05041843344070604, -0.04800842159636863, 0.022761571233578096], "aligned_model": [[0.17785781723512548, -0.2501428914397762, -0.5379391592932238, -0.05152237691438721, -0.6535159447759563, 0.5301366895308074, -0.012282181616080454, 0.06548334281128321, -0.3929101640864543, 0.6688010002396612, 0.19917712416648245, -0.08992376527949508], [-0.6198589788270461, -0.5656851801907594, -0.5979373102542176, 0.13224887658046153, 0.2775576697347287, 0.06342269929700999, 0.672222155349791, -0.5069301945514446, -0.027075549040354446, -0.08382546224933929, 0.4137489080128046, -0.04767171086986629], [-0.02817760669584274, -0.4955064531356161, 0.3033431144720021, -0.5859568877573583, 0.13512955090530288, -0.3024303179659856, -0.07905630566370588, 0.773817828972057, 0.6204177809389276, 0.4406495500631951, 0.47515993138636986, 0.10130026115170597]], "inverted": true, "swapped": false, "error_lsq": 0.037911867449889045, "error_max": 0.18355805194121494, "target": "383.xyz", "model": "9.xyz", "model_rescale": 3.833441315466971, "target_rescale": 3.9358789289366074},
{"mapping": [5, 3, 6, 9, 11, 13, 8, 1, 12, 0, 10, 14], "R": [[0.29166286322915536, 0.7901791095178075, -0.5390266682592018], [-0.7068351397829109, -0.2016265957665404, -0.6780345131685176], [-0.6444508199863226, 0.5787604778846259, 0.499719371105139]], "T": [-0.11260848066721695, -0.1336732104224539, 0.11574585215820925], "aligned_model": [[0.3732887076019595, -0.4048676403856787, -0.4605753896177134, -0.18052783246363457, -0.5482453426432867, 0.658733659131576, -0.0473729670381786, 0.13470856253948832, -0.33942062274924395, 0.4538772701939421, 0.14746691696354913, -0.13384583095479236], [-0.5863504218783923, -0.4524730756431488, -0.6371571591165968, 0.17383730986720575, 0.3790483861204336, -0.0874250442715665, 0.5714366034140368, -0.5247182144951337, -0.08390339414653641, -0.10108510089479986, 0.5870506083305747, -0.12804457429430846], [-0.012404318062491884, -0.6374294788528093, 0.41011383908563626, -0.6317395109730374, 0.2283254682959701, -0.08066940161031523, -0.21002069089028252, 0.6915296812495751, 0.6717128250107308, 0.49238211022738226, 0.41352447487837757, 0.023365448312316267]], "inverted": true, "swapped": false, "error_lsq": 0.04912556731891187, "error_max": 0.22260707937364377, "target": "383.xyz", "model": "10.xyz", "model_rescale": 4.2482417240324, "target_rescale": 3.9358789289366074},
{"mapping": [5, 4, 6, 9, 0, 7, 10, 2, 1, 3, 8, 11], "R": [[-0.9415631414438532, -0.14165140297476597, 0.3056038787542836], [0.21644193087658625, 0.4407448211964353, 0.8711468837956876], [-0.25809250518524846, 0.8863852901666424, -0.38432977524958933]], "T": [-0.03816540929566385, -0.08347038244380915, 0.1790045780048656], "aligned_model": [[0.08921066583710614, -0.5059796694753271, -0.41958655851114046, 0.19274921664970285, -0.728368895441366, 0.5935131905872782, -0.23159418778363755, 0.17708724083559257, -0.266316244347394, 0.6181066108355683, 0.18124238337057008, -0.04684426197896653], [-0.6484838361013163, -0.3925863501598018, -0.6071272789505604, 0.1755060483521534, 0.216377833179702, -0.13045924700873118, 0.4251458870410117, -0.5653034027180417, 0.15356932565576797, 0.09833493702240233, 0.4776128816070924, -0.09237087492791049], [-0.2992435824634385, -0.4928858272754937, 0.20699564470549328, -0.5686053108781007, 0.26589342213095546, -0.060433179569367196, -0.16581009773050223, 0.6979077708737853, 0.8042292792183311, 0.6198282251228552, 0.2969181916130118, 0.05389591092352233]], "inverted": true, "swapped": false, "error_lsq": 0.06206712453758942, "error_max": 0.3367859687008942, "target": "383.xyz", "model": "11.xyz", "model_rescale": 3.6694154284099745, "target_rescale": 3.9358789289366074},
{"mapping": [6, 7, 12, 9, 2, 11, 8, 0, 1, 4, 3, 13], "R": [[-0.8426935309339576, 0.5378346855766262, -0.024524761216999726], [-0.5344227775524452, -0.8411323119363923, -0.08299836534335761], [-0.06526796882996162, -0.05683559454454115, 0.996247864458228]], "T": [-0.0889602770947899, -0.20609317716540498, 0.045205849545792945], "aligned_model": [[0.34001774658538875, -0.26617580620542824, -0.688923859249077, -0.07783814855152547, -0.47487688446808507, 0.5113199978951395, -0.03614439911587562, 0.08908377966129855, -0.2709816628522961, 0.47118403458572256, 0.11757123509335007, -0.06101654280062563], [-0.5671184765087689, -0.5727746285355794, -0.4352034905807819, 0.11541571319449745, 0.2737399169762515, 0.03854698109629612, 0.524536774765333, -0.5994709645561742, 0.06524746998763764, 0.005422637848419953, 0.4976128150995299, -0.23573882579489314], [-0.02891177242869082, -0.5763282910552225, 0.2672884122151586, -0.6904534456216781, 0.26232827425647803, -0.3081260529634184, -0.14449973204339944, 0.61467234958494, 0.8260489595435999, 0.4801518919939273, 0.4961953300517404, 0.1603245231376172]], "inverted": true, "swapped": false, "error_lsq": 0.04577547979273116, "error_max": 0.21844926479072488, "target": "383.xyz", "model": "12.xyz", "model_rescale": 3.9764082729961374, "target_rescale": 3.9358789289366074},
{"mapping": [13, 6, 11, 4, 3, 9, 7, 10, 8, 1, 2, 15], "R": [[-0.33148275847174774, 0.7734608603171778, 0.540256863346846], [0.5683177487488675, -0.29338533584408444, 0.7687262068959749], [0.7530830746292075, 0.5618570478948052, -0.34231935446006356]], "T": [0.07260253236226243, -0.14110700888884706, -0.011345476398031212], "aligned_model": [[-0.029486085765254036, -0.2055462656304043, -0.4586797955497378, -0.0664691079269333, -0.7037003256815925, 0.6498799684556713, -0.16440418955117686, 0.13841368813307736, -0.21531547938841172, 0.4669452328323533, 0.25462783629977037, -0.013045985649375078], [-0.7424680264770059, -0.49440874946017377, -0.4908029897454965, 0.24419957312880344, 0.11707922868775292, -0.011493177560601225, 0.5738313462371163, -0.46096450436368686, 0.06324281665802378, -0.08102292205815538, 0.4896303088989058, -0.09660698095371482], [-0.060573382722058755, -0.6289779981969869, 0.46404542356800993, -0.601312965756874, 0.18648573103040647, -0.11835081749582652, -0.07237547771392416, 0.7231659076682324, 0.601024676334, 0.48282687749954745, 0.44175135495536577, -0.0590188824988393]], "inverted": true, "swapped": false, "error_lsq": 0.04655418821914329, "error_max": 0.24305521481466172, "target": "383.xyz", "model": "13.xyz", "model_rescale": 4.170626492500431, "target_rescale": 3.9358789289366074},
{"mapping": [10, 12, 11, 4, 6, 0, 2, 9, 3, 1, 3, 13], "R": [[-0.6203606898048473, 0.7490771471416949, 0.23245653824944104], [0.3873732299593641, 0.03492015318621988, 0.9212613980908464], [0.6819784419288516, 0.6615617964570739, -0.3118355242957185]], "T": [0.04098266058227995, -0.10079130981988298, -0.025433796537203138], "aligned_model": [[0.11821032446160235, -0.3203123190273721, -0.45754453800880895, -0.10507780679190801, -0.7065071919860909, 0.5666221960968414, 0.05889043617943954, 0.14348553781723494, -0.09967896086225525, 0.6095478265509039, -0.09967896086225525, -0.054737052989345655], [-0.6596141621675757, -0.566060111968915, -0.3778197521488272, 0.10124858059729559, 0.25297890721873834, 0.1756308500827235, 0.5494858407222933, -0.6023429801884214, 0.22692368873185864, -0.09841919023286849, 0.22692368873185864, -0.118719436386392], [-0.03444559993943079, -0.459826476772309, 0.39216113343305586, -0.6894438515391352, 0.12817226087541805, -0.08157891873580946, -0.12418148659754873, 0.6024559394618523, 0.5647278697939047, 0.4918113049292895, 0.5647278697939047, 0.0041104019678602985]], "inverted": true, "swapped": false, "error_lsq": 0.05541125350680787, "error_max": 0.4196039214762698, "target": "383.xyz", "model": "14.xyz", "model_rescale": 3.9786697098870705, "target_rescale": 3.9358789289366074},
{"mapping": [4, 2, 5, 3, 8, 0, 9, 10, 7, 1, 6, 11], "R": [[-0.7637517858416146, -0.3455786934119506, -0.5452142480561503], [-0.059679040059158805, -0.8032060398212929, 0.5927043696247], [-0.6427453786697822, 0.4852168837275602, 0.59282624262456]], "T": [-0.013161457845369505, -0.05396766288213493, 0.1553187379490245], "aligned_model": [[0.0879079662224797, -0.21753220027409845, -0.6500827964574654, -0.21097432791463586, -0.48985639284638127, 0.4517274305138034, -0.025079654424373495, 0.1880294565255816, -0.356595822576916, 0.6019911922304476, 0.2510612542591861, 0.022623385320359284], [-0.6567172863769017, -0.5012206227172239, -0.5412858470858705, 0.3240499410541193, -0.0381674646616881, -0.06798265892441421, 0.5281692852741128, -0.49818401607252916, 0.049869157433929466, -0.07942106445279759, 0.5544741398947349, 0.036632359626296775], [0.11800127572746313, -0.5602543231879326, 0.19420039808458672, -0.6590042887743455, -0.05620057252302266, -0.3618731872053138, -0.06465580201153254, 0.8294960410597821, 0.7104284183355088, 0.44099588604722967, 0.5881473666759858, 0.1794092344426435]], "inverted": false, "swapped": false, "error_lsq": 0.05430017109045654, "error_max": 0.33739851422691924, "target": "383.xyz", "model": "15.xyz", "model_rescale": 3.769337070930944, "target_rescale": 3.9358789289366074},
{"mapping": [2, 1, 8, 4, 7, 0, 9, 5, 10, 6, 11], "R": [[-0.910563731049553, 0.26690760262222113, -0.31564857572872995], [0.17202513520052015, -0.44966333520781865, -0.876476033801851], [-0.3758737082536634, -0.852386776429714, 0.3635323077958829]], "T": [-0.07118052626509663, -0.07142591844861532, 0.13040946435975978], "aligned_model": [[-0.34441794621705674, -0.42967876798502497, -0.08208824531246361, -0.6599748905665945, 0.42915003200041946, 0.22914265176599913, 0.67160428399253, 0.41683515090079093, 0.1237278724654911, -0.36620746777594515, -0.06546654257697519], [0.003145749075404408, -0.749813404421836, 0.5684825732714185, 0.22238173070770953, 0.24628515760866745, -0.3753417593962939, 0.31859589292910595, -0.3737737435980052, 0.6112214285408906, 0.1971467254060447, -0.07226585249776424], [-0.5934488324798065, -0.32389271109921514, -0.1593253054347438, 0.07348516136101234, -0.5660467664817436, -0.3152917838492887, 0.09123976086473462, 0.4275641704323394, 0.45943456852420606, 0.596413873238172, 0.054085472148110575]], "inverted": true, "swapped": true, "error_lsq": 0.048163667505027215, "error_max": 0.23069344637130754, "target": "383.xyz", "model": "16.xyz", "model_rescale": 3.7852294659196426, "target_rescale": 3.9358789289366074},
{"mapping": [1, 3, 2, 0, 8, 4, 9, 7, 11, 6, 10, 12], "R": [[0.9122028712584159, -0.4057700494796612, 0.05689102401236265], [-0.35035157416738516, -0.7004376370849678, 0.6218045440757589], [-0.21246104618573544, -0.5871437502861632, -0.7811033992715449]], "T": [-0.019443301253361217, -0.13837963328729863, 0.07220551902944057], "aligned_model": [[0.14250280606190294, -0.3835616747620374, -0.39643992674602424, -0.02694231451728455, -0.6074939335505353, 0.5562732128781266, -0.2887985600262921, 0.10891372067337393, -0.3741066980415466, 0.5135105116799464, 0.4295513356709936, -0.02018898874263677], [-0.7839084537125263, -0.4834871975757799, -0.5825785576315451, 0.19991446990207756, 0.13837912855514378, -0.09126239387189003, 0.6829727247855022, -0.48124649022234245, 0.04875232298192261, 0.02172328675203017, 0.4956061518997309, -0.05464906887055504], [-0.10476949212444166, -0.5448957289897349, 0.25834493185979235, -0.5204562903408652, 0.029697251000720168, -0.33781539043220343, 0.06272744056075864, 0.6700297394437738, 0.6863126598076552, 0.7633788143589939, 0.28603001592606014, 0.11010649560054349]], "inverted": true, "swapped": false, "error_lsq": 0.053316756083553025, "error_max": 0.35586318721308147, "target": "383.xyz", "model": "17.xyz", "model_rescale": 3.901054581598922, "target_rescale": 3.9358789289366074},
{"mapping": [8, 4, 1, 10, 6, 5, 11, 0, 7, 3, 12, 14], "R": [[-0.5234534922293507, 0.8511784906681061, -0.0386214771450043], [0.6534716255770441, 0.4301307235312831, 0.6228662739626786], [0.5467826588678474, 0.30080348684551494, -0.7813744213006896]], "T": [0.093542489540483, -0.09458219020905378, 0.06355930748079586], "aligned_model": [[0.206287276813567, -0.36196222225208485, -0.42437899805185614, -0.12409686507987774, -0.6136410708256252, 0.5983320403563177, -0.22435106689377604, 0.0773671251077798, -0.26613383500303134, 0.4754256002161745, 0.20484144861346196, 0.10553005757693655], [-0.686678087078046, -0.4841389937370649, -0.4881533508294306, 0.16590260428599324, 0.1469715238651047, -0.16716825015519646, 0.6328804236977147, -0.5097980485010212, 0.06918497862936002, -0.03377517823748333, 0.5064888152573045, -0.041500514205466396], [-0.21416234092552405, -0.4525171638581098, 0.3136485388641249, -0.6829221265054534, 0.1361469127246361, -0.2970025045352067, -0.016894536878479027, 0.6982550354543025, 0.5959973600003009, 0.7222501959774578, 0.48581668417674356, 0.0700743921762593]], "inverted": false, "swapped": false, "error_lsq": 0.03853213354467069, "error_max": 0.22862039864977338, "target": "383.xyz", "model": "18.xyz", "model_rescale": 3.9405287249114394, "target_rescale": 3.9358789289366074},
{"mapping": [12, 14, 13, 10, 9, 1, 5, 4, 7, 0, 8, 15], "R": [[0.2838192787758952, 0.851946387694992, 0.4400385999984381], [-0.4961370407205031, -0.26222977188187024, 0.8276977609996805], [0.8205453392837184, -0.45323603037737076, 0.3482562949144359]], "T": [0.007133519443025201, -0.12041814131083203, 0.04530611537837757], "aligned_model": [[0.17746580503155887, -0.3322583398574273, -0.5827783977399499, -0.11399276012264557, -0.6059867345723318, 0.6388311959949472, -0.1369993179263157, 0.2054724761363304, -0.3139606746521616, 0.547766271481147, 0.15913131261522298, 0.01052865418961171], [-0.6400884222811499, -0.5671129800254222, -0.4398190154270839, 0.01781140463362818, 0.26809633392759136, -0.0847769176742948, 0.6972998173263291, -0.45026424138543475, -0.03720999876396948, -0.010321201973818167, 0.4530366392506223, -0.09643549461522968], [0.012614009728696515, -0.4885626409489746, 0.081594639063531, -0.7189746275251012, 0.2946049392883427, -0.1423296290735584, 0.0025778100877996285, 0.6670200665966726, 0.6662734836624173, 0.4555123431812472, 0.5146870279195171, 0.013673024690462249]], "inverted": true, "swapped": false, "error_lsq": 0.036048151842757635, "error_max": 0.20409936813675336, "target": "383.xyz", "model": "19.xyz", "model_rescale": 4.410303926677745, "target_rescale": 3.9358789289366074},
{"mapping": [6, 11, 10, 12, 8, 2, 7, 3, 5, 0, 1, 13], "R": [[0.05509174999509886, 0.313022732476966, -0.9481464380754332], [0.7890923067400515, -0.5954904554699674, -0.15074630638206565], [-0.611799174996291, -0.7398701821244216, -0.27981044132954214]], "T": [0.024420774774931545, -0.10911446453369611, 0.06544651956657115], "aligned_model": [[0.24539536224377786, -0.24834236782218821, -0.6682901219936108, -0.21109423145734063, -0.589455689821846, 0.6041424866367772, 0.04142979070698616, 0.19651759915631606, -0.4998359196358799, 0.6220775741381946, 0.20925737841760225, -0.04858236999080216], [-0.6400414412239566, -0.6507942554549276, -0.49108240060993297, 0.1577788563157113, 0.34267886599913877, 0.1334219237260361, 0.5681679672889131, -0.5327728861378211, -0.06717846242890434, -0.144149025112358, 0.5202745110857071, -0.08608773045583767], [-0.010662614537367887, -0.4996345335946141, 0.28767640575430536, -0.6008684017836546, 0.16592564231100287, -0.14361702321405706, -0.15330531673015285, 0.6283487495711708, 0.7154211445030347, 0.4588144164044596, 0.42989794087673067, 0.08069403711019472]], "inverted": false, "swapped": false, "error_lsq": 0.045967074044502065, "error_max": 0.29742784706019065, "target": "383.xyz", "model": "20.xyz", "model_rescale": 4.121658175737393, "target_rescale": 3.9358789289366074},
{"mapping": [4, 3, 11, 0, 7, 1, 5, 10, 9, 6, 8, 12], "R": [[0.4857443651064034, -0.6315266280012842, -0.6043397470733701], [0.7650696444948862, 0.641553011740724, -0.055481277913145166], [0.42275388920723855, -0.43541227733233995, 0.7947926131440954]], "T": [0.052377370122910216, -0.08671058487173974, 0.16113963930369374], "aligned_model": [[0.0032712827476126943, -0.214675270548225, -0.6695593908737489, -0.05395843097266312, -0.5978749957100716, 0.5399435236828458, -0.07223970497784928, 0.20672874523947116, -0.31182902043192984, 0.626647108566305, 0.20340559818763437, -0.006639954331394596], [-0.6551273217185178, -0.2926766725748661, -0.5631325217832653, 0.1974752102279412, 0.010668426034349532, 0.047256191038945156, 0.5347714902457191, -0.5558262477202255, 0.018908000148783077, -0.05352768952755086, 0.47198413424912333, -0.050557075628668305], [0.10095153929988898, -0.44623303111770535, 0.3236156507395421, -0.7849548917911762, -0.02462162862034248, -0.3149979614466653, -0.08812757652657438, 0.7651091662972713, 0.7766567347266558, 0.46402183593604956, 0.505746354009865, 0.08152425516424337]], "inverted": true, "swapped": false, "error_lsq": 0.05067230997932279, "error_max": 0.35937800847694873, "target": "383.xyz", "model": "21.xyz", "model_rescale": 4.08911054899281, "target_rescale": 3.9358789289366074},
{"mapping": [14, 9, 11, 10, 8, 13, 6, 2, 1, 4, 0, 16], "R": [[-0.7703553331573209, 0.6332864962261779, 0.07416787966259314], [0.22573528018408626, 0.16209097713551868, 0.9606092329409837], [0.5963189112851326, 0.7567527527725448, -0.26782275335544264]], "T": [-0.013887724392376195, -0.143315552333813, 0.04810458171392665], "aligned_model": [[0.23584692871124194, -0.21508845251786587, -0.7141483289101577, -0.14278467591741162, -0.6035593917727649, 0.6257014096849571, -0.20287239722827052, 0.1897956562431595, -0.3424621600900883, 0.5403379613530639, 0.25828930092744784, 0.024163640094675077], [-0.7096013473160857, -0.511811030043557, -0.3734743017282238, 0.14447591446753044, 0.18295358682537466, -0.05855004798467281, 0.5720706453607184, -0.422549164173385, -0.022751596066949903, -0.059452820404292894, 0.4858686904882096, -0.11696260643289816], [-0.12152910417297053, -0.5274620621004619, 0.2543933746621614, -0.6946585411851716, 0.21119287553426278, -0.09497062533076403, -0.04173700182420781, 0.6819779916667023, 0.760496014790751, 0.46294565648964525, 0.40883474908533524, 0.05920711905576957]], "inverted": true, "swapped": false, "error_lsq": 0.04289233370487225, "error_max": 0.22692451884076512, "target": "383.xyz", "model": "22.xyz", "model_rescale": 4.204369325754507, "target_rescale": 3.9358789289366074},
{"mapping": [12, 14, 13, 10, 9, 1, 5, 4, 7, 0, 8, 15], "R": [[0.2838192787758952, 0.851946387694992, 0.4400385999984381], [-0.4961370407205031, -0.26222977188187024, 0.8276977609996805], [0.8205453392837184, -0.45323603037737076, 0.3482562949144359]], "T": [0.007133519443025201, -0.12041814131083203, 0.04530611537837757], "aligned_model": [[0.17746580503155887, -0.3322583398574273, -0.5827783977399499, -0.11399276012264557, -0.6059867345723318, 0.6388311959949472, -0.1369993179263157, 0.2054724761363304, -0.3139606746521616, 0.547766271481147, 0.15913131261522298, 0.01052865418961171], [-0.6400884222811499, -0.5671129800254222, -0.4398190154270839, 0.01781140463362818, 0.26809633392759136, -0.0847769176742948, 0.6972998173263291, -0.45026424138543475, -0.03720999876396948, -0.010321201973818167, 0.4530366392506223, -0.09643549461522968], [0.012614009728696515, -0.4885626409489746, 0.081594639063531, -0.7189746275251012, 0.2946049392883427, -0.1423296290735584, 0.0025778100877996285, 0.6670200665966726, 0.6662734836624173, 0.4555123431812472, 0.5146870279195171, 0.013673024690462249]], "inverted": true, "swapped": false, "error_lsq": 0.036048151842757635, "error_max": 0.20409936813675336, "target": "383.xyz", "model": "23.xyz", "model_rescale": 4.410303926677745, "target_rescale": 3.9358789289366074},
{"mapping": [0, 3, 1, 4, 10, 5, 9, 7, 11, 13, 14, 16], "R": [[-0.7529481150237736, 0.6316116078206416, 0.18475906729676458], [0.13904840934155402, -0.12172134354322595, 0.9827764010117539], [0.643222104674373, 0.7656700930506923, 0.003825266789911408]], "T": [0.07660626597032741, 0.02011224898645965, 0.11431959795766727], "aligned_model": [[0.2348289539540915, -0.38480307321131324, -0.5384287423397219, -0.05850474764092825, -0.5312052845976447, 0.5138793493403999, -0.18697515966574765, 0.07121238408760396, -0.30419348431646376, 0.5589839595299728, 0.26655184033343765, 0.011873495104300164], [-0.6907209361734277, -0.5185615964446942, -0.5511245454812275, 0.02756189316429918, 0.17483503394973027, 0.026776306996488586, 0.587144649389399, -0.47446680879021413, 0.15148669219411087, -0.053746943229519326, 0.4959834055111682, -0.06495122809434514], [-0.08584926817492908, -0.43901835898947367, 0.29252120504827717, -0.560642541568479, -0.06006481959442342, -0.33773114512191343, 0.15199017774241447, 0.5584967679352233, 0.602636905109646, 0.6203267167914013, 0.5566060562427247, 0.05941875125058385]], "inverted": false, "swapped": false, "error_lsq": 0.039959664620533374, "error_max": 0.18551064286485572, "target": "383.xyz", "model": "24.xyz", "model_rescale": 4.28219845311461, "target_rescale": 3.9358789289366074},
{"mapping": [1, 3, 4, 9, 13, 8, 12, 0, 2, 6, 14, 15], "R": [[-0.9856692136600687, 0.09644447216174021, 0.1384003794510158], [0.1626216213077563, 0.325189345421681, 0.9315611079835049], [0.04483759054608691, 0.9407179988783365, -0.3362130828215337]], "T": [-0.048622603366547, -0.011263367750832379, 0.0010414959213202873], "aligned_model": [[0.21549357435711713, -0.25962871249592445, -0.4827962254222165, -0.26751351393831435, -0.5372289005408473, 0.6242423542604938, -0.22188523110634056, 0.06879268604236798, -0.19465987022914333, 0.574273879703293, 0.17796702675848097, -0.043837576810980064], [-0.5695498057256255, -0.6090898398499326, -0.5598644641625319, 0.13912474135739578, 0.28413178505565617, -0.17582827666698264, 0.7233609091193226, -0.5716416982521539, 0.05435165719584446, -0.11794941429813047, 0.57554455766795, -0.062374228449043764], [-0.16758915575485167, -0.4440711595126151, 0.21359425631895357, -0.6205241641555406, 0.16512088828079718, -0.04497150745602506, -0.12031390731532003, 0.5821989174117271, 0.6667349761180765, 0.643548456048877, 0.430527494622252, 0.05443535206472107]], "inverted": false, "swapped": false, "error_lsq": 0.039783052003308346, "error_max": 0.23891706134950733, "target": "383.xyz", "model": "25.xyz", "model_rescale": 4.100010024507729, "target_rescale": 3.9358789289366074},
{"mapping": [5, 4, 6, 9, 0, 7, 10, 2, 1, 3, 8, 11], "R": [[-0.9415631414438532, -0.14165140297476597, 0.3056038787542836], [0.21644193087658625, 0.4407448211964353, 0.8711468837956876], [-0.25809250518524846, 0.8863852901666424, -0.38432977524958933]], "T": [-0.03816540929566385, -0.08347038244380915, 0.1790045780048656], "aligned_model": [[0.08921066583710614, -0.5059796694753271, -0.41958655851114046, 0.19274921664970285, -0.728368895441366, 0.5935131905872782, -0.23159418778363755, 0.17708724083559257, -0.266316244347394, 0.6181066108355683, 0.18124238337057008, -0.04684426197896653], [-0.6484838361013163, -0.3925863501598018, -0.6071272789505604, 0.1755060483521534, 0.216377833179702, -0.13045924700873118, 0.4251458870410117, -0.5653034027180417, 0.15356932565576797, 0.09833493702240233, 0.4776128816070924, -0.09237087492791049], [-0.2992435824634385, -0.4928858272754937, 0.20699564470549328, -0.5686053108781007, 0.26589342213095546, -0.060433179569367196, -0.16581009773050223, 0.6979077708737853, 0.8042292792183311, 0.6198282251228552, 0.2969181916130118, 0.05389591092352233]], "inverted": true, "swapped": false, "error_lsq": 0.06206712453758942, "error_max": 0.3367859687008942, "target": "383.xyz", "model": "26.xyz", "model_rescale": 3.6694154284099745, "target_rescale": 3.9358789289366074},
{"mapping": [6, 1, 3, 5, 7, 2, 8, 12, 9, 11, 10, 13], "R": [[0.6197836400682083, 0.5592827938865055, -0.5505188425170443], [0.5122011861228253, -0.8197706007844628, -0.256175929829193], [-0.594573952034709, -0.12320275383279984, -0.7945457173818521]], "T": [0.002575102171666132, 0.048092897325154454, 0.03874432399782608], "aligned_model": [[0.09477025584691509, -0.21838917312670722, -0.5383717507128943, -0.3482924808009332, -0.6241931346183925, 0.6417344345545221, -0.20990588508127467, 0.17890575459695418, -0.24817931919446812, 0.5536729981612631, 0.3149562614166677, 0.056511529536334204], [-0.6251737492703832, -0.5050190342297923, -0.46102799549400875, 0.1759681300803343, 0.007277282518588557, -0.1793057319963477, 0.6502908465861741, -0.5215584869568611, 0.1542079237543623, -0.08438305617650127, 0.4690957027950903, 0.02984409138111281], [-0.05822220644019756, -0.6130904970336752, 0.35655502108470866, -0.6587643596670617, -0.0015568876153081307, -0.004785635959503029, 0.06254878559407237, 0.5623258503700854, 0.6638246042831799, 0.6828846037699098, 0.3338127381458485, 0.033158430138993396]], "inverted": true, "swapped": false, "error_lsq": 0.05270075245016784, "error_max": 0.27331069254645285, "target": "383.xyz", "model": "27.xyz", "model_rescale": 4.103607728864725, "target_rescale": 3.9358789289366074},
{"mapping": [3, 9, 10, 5, 11, 1, 8, 12, 13, 2, 4, 14], "R": [[0.19147583242927416, 0.22999279269028927, -0.9541699643701005], [0.6797144556161527, 0.6702330604648017, 0.29795285446933273], [0.7080432645128081, -0.7056138887313003, -0.027995992705000694]], "T": [-0.1842633718141784, -0.1291638419880796, 0.053843262040827025], "aligned_model": [[0.26657587439147884, -0.3349414281749001, -0.49943908890641214, -0.12054566354938505, -0.7475993892214928, 0.5733468818511489, -0.08870132234397851, 0.08085992179159479, -0.27500241645757917, 0.4732893605074344, 0.359986838907416, -0.034610078217338525], [-0.7177372886311938, -0.6175528801236034, -0.5285553614801948, 0.005279308705609359, 0.2548236105662912, 0.20622390654127162, 0.6799752560323878, -0.4672954412581226, 0.16806650909284424, -0.1726768480423719, 0.41121264625161835, -0.11154749466276823], [0.17155530286150575, -0.5856066553204974, 0.08427281706432414, -0.6624007629024222, 0.1390923161807906, -0.2873349813341577, 0.14572248473181226, 0.7972612318851443, 0.6224319333377628, 0.38103086686806054, 0.5369522002956988, 0.01571369300303034]], "inverted": false, "swapped": false, "error_lsq": 0.0518731669194047, "error_max": 0.26860416738756526, "target": "383.xyz", "model": "28.xyz", "model_rescale": 4.137296879288765, "target_rescale": 3.9358789289366074},
{"mapping": [0, 9, 10, 6, 4, 8, 2, 5, 3, 1, 11], "R": [[-0.2734379805892569, -0.7616570484870886, 0.5874608167879849], [-0.9519603573287017, 0.1267556562007468, -0.278755236176344], [0.13785190911220777, -0.6354616779248418, -0.7597271266994913]], "T": [-0.04883465486446968, -0.02892739647699179, 0.01699794746040174], "aligned_model": [[0.3567938301312211, 0.17837145263944876, -0.18949029529612915, -0.481082935687859, -0.011674531088757802, 0.3698232620433869, 0.62827995278491, -0.3339099340897201, -0.512025988151762, 0.19085887993770861, 0.02547531748745077], [-0.2525200021593869, -0.7666513722615986, -0.286546662916847, 0.18724824150688324, 0.5547054000201871, 0.009784669838463, 0.3468954750137858, -0.5483836976549478, 0.28892452822964837, 0.40891873263123574, -0.023227495599471064], [0.42526297307610833, -0.31394203748728755, -0.7083312934996664, -0.36084036135162867, -0.28997761909452946, -0.5458297503922016, 0.08380687302463895, 0.27540008408951255, 0.4498763506974373, 0.7558882056632575, 0.034440597057357615]], "inverted": false, "swapped": true, "error_lsq": 0.04412968681692983, "error_max": 0.2283943497481182, "target": "383.xyz", "model": "29.xyz", "model_rescale": 3.607286011436655, "target_rescale": 3.9358789289366074},
