[{"mapping": [4, 2, 0, 1, 5, 10, 8, 9, 3, 6, 7, 11], "R": [[0.39013279047351085, 0.8342245842612968, -0.3896995622417593], [0.9144794912855878, -0.4004010848249049, 0.05836292735198079], [-0.10734833867091245, -0.3791415491410912, -0.9190908659645624]], "T": [-0.06723753365609708, 0.07036317409795204, 0.06832150820434556], "aligned_model": [[-0.633251818247702, -0.20273980845750458, 0.10568230725676611, 0.40324509560328636, 0.6377796917796286, 0.14860184779227734, -0.44587016695786236, -0.2555493596205055, -0.5986066410660622, 0.1832932998322479, 0.8015146323446292, -0.02715431280604478], [0.38092132965096637, -0.4362699434408782, 0.19860248848594583, -0.39031695315452763, 0.4086173986770365, 0.6235562844561274, -0.426370245500176, 0.06174010484003505, 0.45679982091042604, -0.43460283217137063, 0.07017187507148465, 0.09040457286832229], [-0.4169927491601997, -0.5429985906988012, -0.5117171119456139, -0.19302208830946188, -0.20956538231628058, 0.3987032420110068, 0.18232470791615737, 0.6460937153123795, 0.2741031995123761, 0.5237313471834814, 0.4449817627305456, 0.01518081165532318]], "inverted": true, "swapped": false, "error_lsq": 0.05063066078127021, "error_max": 0.2589763747716401, "target": "384.xyz", "model": "0.xyz", "model_rescale": 3.751011558992144, "target_rescale": 3.8333651839499017},
{"mapping": [2, 5, 8, 10, 4, 1, 12, 7, 0, 11, 6, 14], "R": [[0.01682965878270598, -0.8154800178658317, 0.5785404938695309], [-0.23839512359240694, -0.5652076690383838, -0.7897518951592062], [0.9710224135583168, -0.12462997762071415, -0.20391871185754773]], "T": [-0.05329502380120585, -0.005843357321037065, -0.007290874506013928], "aligned_model": [[-0.6863674686031481, -0.17277751651366655, 0.04385936899882678, 0.6236097739217249, 0.6241898736994839, 0.14213656026477695, -0.4122202577873044, -0.15545923814065044, -0.4868802451697545, 0.24760614946846657, 0.4146275785832232, -0.06537981126882446], [0.2485370652656203, -0.21984383680669545, 0.3969061136073899, -0.40340717642886104, 0.3261268953073292, 0.5927024186374121, -0.443803823378827, 0.13409159583466757, 0.5703281115768712, -0.5757837286523882, 0.032371263546473905, -0.05497099781560097], [-0.4744610600115037, -0.5817591292518661, -0.5257232613863108, -0.24434920632529517, -0.24474389078112185, 0.291431403651466, 0.4736856432738864, 0.6327542067116757, 0.2283673796212258, 0.46319551847288176, 0.5786390071350205, 0.013786252780854696]], "inverted": false, "swapped": false, "error_lsq": 0.03962750788365741, "error_max": 0.19888272419522318, "target": "384.xyz", "model": "1.xyz", "model_rescale": 3.9405287249114394, "target_rescale": 3.8333651839499017},
{"mapping": [0, 6, 11, 3, 10, 9, 1, 2, 5, 4, 8, 12], "R": [[0.3766694676810948, -0.8968568349500489, 0.23187912739231603], [-0.9240337426460633, -0.34608527505362374, 0.16243960367646498], [-0.06543511724105072, -0.2754501769729671, -0.9590857341433098]], "T": [-0.009125277583532754, -0.0649449732268199, 0.016632763871091458], "aligned_model": [[-0.7915449060667455, -0.16160230292143574, 0.0071173142908888785, 0.4635530593633303, 0.7425250171881967, 0.40447360270799904, -0.5374019116704737, -0.44295923485743327, -0.39471364702086353, 0.2714078328388121, 0.5976119751307521, -0.041522031529873465], [0.03137094237467292, -0.14963290094559745, 0.49105689503389927, -0.3132151991068682, 0.27912696835986095, 0.6028471707413486, -0.5614542325075312, 0.15718722831108184, 0.5466486387445891, -0.5285237678904016, 0.10475332530143398, -0.05691116772309678], [-0.2688015677043456, -0.4980850277703355, -0.42857773660814646, -0.1876630101711263, -0.15106772120487555, 0.19930932439829036, 0.3354253072038329, 0.4926737390797423, 0.08978427463590896, 0.461707585645853, 0.46803298956343664, 0.09808470682267835]], "inverted": false, "swapped": false, "error_lsq": 0.05292880371516051, "error_max": 0.2712663484291915, "target": "384.xyz", "model": "2.xyz", "model_rescale": 3.932901565614263, "target_rescale": 3.8333651839499017},
{"mapping": [4, 5, 7, 12, 8, 3, 2, 1, 0, 10, 11, 13], "R": [[-0.18852640533595272, -0.5084930697719147, -0.8401741441421766], [0.6879512780901328, -0.6789101000006184, 0.25652312779027064], [-0.7008429449350668, -0.5296374931130587, 0.4778109379489524]], "T": [0.05831917505789, 0.09383473673097051, 0.042578918938476394], "aligned_model": [[-0.7212034997729495, -0.050132936882570006, -0.007343229934077766, 0.33840351923700984, 0.6498891013149614, 0.12963912784081122, -0.7102062031662886, -0.22886745701630992, -0.4767334844172696, 0.3119046534434712, 0.8034572940247344, 0.07813788278163099], [0.09881081680466489, -0.3212975544965796, 0.4418499878740232, -0.5761762741064126, 0.5089437158971306, 0.5648144667069858, -0.16547712074867008, -0.00010426374143124306, 0.4458390469370225, -0.4770545913231805, 0.09794268785145716, -0.014837016961618044], [-0.35181433986477556, -0.5342252123318234, -0.5773536426274177, -0.1935731838723084, -0.08593677386104345, 0.22636421858994651, 0.23317261446417192, 0.7189426697858128, 0.23945945715372874, 0.3931858506541347, 0.5349822158075903, 0.007618989992896785]], "inverted": true, "swapped": false, "error_lsq": 0.05478204207902376, "error_max": 0.3938980852788465, "target": "384.xyz", "model": "3.xyz", "model_rescale": 3.9243930471874484, "target_rescale": 3.8333651839499017},
{"mapping": [1, 5, 0, 6, 3, 4, 9, 8, 7, 11, 10, 12], "R": [[0.36766123113010335, -0.6093784544833458, 0.7024835359888413], [0.8837297051629249, -0.00626545742878586, -0.46795571612691955], [0.2895635117492306, 0.7928547428468199, 0.5362222761213453]], "T": [0.02636474523907623, 0.04970522926027097, 0.11945451647960578], "aligned_model": [[-0.5895045953929221, -0.04107537702039832, -0.048141467895248424, 0.5549764092548146, 0.549878447770391, 0.13125421175111104, -0.44267639871418635, -0.20748940997001158, -0.4562439290370188, 0.14683923999503956, 0.5161662939729719, 0.0029613427386117885], [0.09583594921703384, -0.28412834582258006, 0.33953590086133223, -0.3024548249696263, 0.3581319952376086, 0.6028430681680056, -0.37250563432970013, 0.18576122768499548, 0.6898368840370859, -0.7144049979950456, -0.0213993980036822, 0.02620207660796462], [-0.23934516569453287, -0.5570290929536994, -0.6766418089510874, -0.22415793906881945, -0.16995817096755642, 0.3076140244067318, 0.4347730597378485, 0.6879062455651302, 0.13491708348328138, 0.28605445076723324, 0.6216161382294604, 0.005074039336923089]], "inverted": false, "swapped": false, "error_lsq": 0.04338447952075528, "error_max": 0.23813798964229707, "target": "384.xyz", "model": "4.xyz", "model_rescale": 3.8936222436046832, "target_rescale": 3.8333651839499017},
{"mapping": [5, 6, 1, 9, 0, 2, 7, 10, 4, 8, 3, 11], "R": [[0.5973682160079864, -0.5881507124898118, -0.5451879986767525], [-0.6373063846355711, 0.06451748377227137, -0.7679049852621302], [0.4868180220638647, 0.8061738234930613, -0.3362915100153512]], "T": [0.024631002284669443, -0.023957403474261688, 0.10192536444581161], "aligned_model": [[-0.633024167782964, -0.2958090795234009, 0.12416714821932111, 0.44720099832744925, 0.7787710768251572, 0.15436080877269184, -0.47921318256816275, -0.1730384755438681, -0.5155473468727153, 0.2954403702438726, 0.509351042649437, -0.0957144252936635], [0.1374041296800953, -0.4160934260576843, 0.41760903844863473, -0.35184015199829616, 0.3805028479500536, 0.6795193374832253, -0.41053706262781614, 0.09358903666480091, 0.5482703756600592, -0.5855089141928674, 0.052031597773055396, 0.05830709191013121], [-0.34374602789191827, -0.5130186345256443, -0.5600568106775654, -0.2078543080409212, -0.12258067548823608, 0.315113349952818, 0.2301623790194593, 0.6906332813542659, 0.20863674526086945, 0.4983910166352698, 0.4011814194879813, 0.01396112880453465]], "inverted": false, "swapped": false, "error_lsq": 0.04140606853189577, "error_max": 0.20878078233599598, "target": "384.xyz", "model": "5.xyz", "model_rescale": 3.6523030999806103, "target_rescale": 3.8333651839499017},
{"mapping": [6, 2, 1, 3, 0, 5, 10, 9, 8, 11, 7, 12], "R": [[0.5986247244892167, -0.7541321572256938, 0.2700613424174795], [-0.7990535650779578, -0.53852051885553, 0.2674117628448249], [-0.05623023534021144, -0.3758727713065851, -0.9249636860028032]], "T": [-0.06686283835837158, 0.03375101567089447, 0.05830820403107483], "aligned_model": [[-0.6533827597161896, -0.14599199672722823, 0.023239832018931872, 0.5694970996494209, 0.762102235972259, 0.2321810288007875, -0.660011612309225, -0.33263190087329336, -0.40958909137985566, 0.22027497755503844, 0.4776287049936462, 0.03362824946886178], [0.15331248229650582, -0.3288248515131369, 0.3181407710463574, -0.15603333695283414, 0.39091380176065826, 0.6387153711690181, -0.45566935755370136, -0.007203024513492064, 0.5706391510680092, -0.5982686932771926, 0.012329938745148351, 0.06520164841805182], [-0.1953133637049152, -0.6038767784630181, -0.5688910002268753, -0.14582075458550783, -0.3569211064364144, 0.15047340396022044, 0.18989571065799543, 0.729391244483713, 0.2773811330436615, 0.5992998539801574, 0.47048311396454334, 0.06472140721735277]], "inverted": false, "swapped": false, "error_lsq": 0.05018893251580947, "error_max": 0.2584170917181846, "target": "384.xyz", "model": "6.xyz", "model_rescale": 4.08911054899281, "target_rescale": 3.8333651839499017},
{"mapping": [8, 4, 10, 7, 12, 11, 0, 1, 9, 2, 13, 14], "R": [[0.6925284459317731, 0.672266216659047, 0.2616533690099455], [-0.30848662656436143, -0.051892816130865375, 0.9498121587266339], [0.652104556651971, -0.7384885033451365, 0.17144788602020403]], "T": [0.0207601100764748, 0.007760267528564679, -0.04510750001510659], "aligned_model": [[-0.47727048154152096, -0.24679663041729596, 0.11395824443193277, 0.5589752939751551, 0.6286670299608226, 0.10249136260944652, -0.5636853061446835, -0.12087223054814408, -0.613970486524773, 0.20899477311007228, 0.6056226208983173, -0.07916942235617512], [0.3022433636585689, -0.2396908811523761, 0.5443993733482755, -0.5469390934601455, 0.3559991816218103, 0.5684119937068137, -0.5325479734603986, 0.09192639418048028, 0.35567485138545435, -0.5201382597509856, 0.11697821243190476, 0.1069367381839901], [-0.40620888355067225, -0.648457157622606, -0.5169204675771126, -0.08894811220377379, -0.1761828732897206, 0.10825712188283289, 0.45603793125348063, 0.6695969158583375, 0.2559403699087673, 0.5345737915753366, 0.3813919798179696, 0.041742247838073857]], "inverted": false, "swapped": false, "error_lsq": 0.05070002642951296, "error_max": 0.2542852540080397, "target": "384.xyz", "model": "7.xyz", "model_rescale": 3.964800864290218, "target_rescale": 3.8333651839499017},
{"mapping": [1, 8, 7, 9, 12, 4, 3, 6, 2, 10, 11, 13], "R": [[0.2930033789106652, 0.504614586420921, 0.8121041430248808], [0.6423241317695705, 0.5252693101732575, -0.5581324766904159], [-0.7082151718887422, 0.6851687901249977, -0.17022044338224032]], "T": [-0.12228677444183961, 0.03744844886286337, 0.08937277822852224], "aligned_model": [[-0.6373042769085431, 0.07854911780287749, -0.09167069393343452, 0.47494459962924046, 0.4865115024962126, 0.1524383163295152, -0.5825955390416555, -0.09282832724229566, -0.35119978694545956, 0.1904184873798715, 0.5847709727179662, -0.09508960483114136], [0.11934805523664087, -0.3472226913787875, 0.375080322124362, -0.23233897966243966, 0.3567424393504957, 0.5722840607705696, -0.30701113920458567, 0.09843788066656828, 0.6582932495541493, -0.7127894379064926, 0.041331279527474965, -0.018901138384563594], [-0.4502282946032265, -0.5452535997756838, -0.5366627948293887, -0.12130744396494433, -0.22382195819645628, 0.4548456058776135, 0.5314430544555058, 0.6654962999453427, 0.06181748989384947, 0.20975776687784514, 0.5220245900830551, 0.04271214812740041]], "inverted": false, "swapped": false, "error_lsq": 0.0557962601401358, "error_max": 0.2843810171561566, "target": "384.xyz", "model": "8.xyz", "model_rescale": 4.121658175737393, "target_rescale": 3.8333651839499017},
{"mapping": [11, 8, 2, 6, 1, 0, 7, 5, 10, 9, 4, 12], "R": [[0.3318530219282879, 0.7203862843525002, 0.6090296980885761], [0.43761155886267944, -0.6895064171946951, 0.577128256280275], [0.8356851652308057, 0.0749966796873962, -0.5440641530637974]], "T": [-0.07513992859738328, 0.06524065472733329, 0.007309369665673207], "aligned_model": [[-0.6688243234747688, -0.15443383982694628, 0.14313180774852363, 0.3493466816400891, 0.5694040830175684, 0.2578429138098851, -0.48336720592098853, -0.18298950492460808, -0.57459961466996, 0.22245550823976562, 0.6303766291131817, 0.008601632701411996], [0.04221677402224433, -0.33100572061562505, 0.3922834573023122, -0.4387246892062604, 0.27503534219610803, 0.7319449818379918, -0.44621751124830766, 0.17645800507465603, 0.5638035230345264, -0.5721673369392825, 0.12020863099759117, 0.08941844423743743], [-0.21638867402236261, -0.5987059959784539, -0.5651824689270983, -0.20719494249836667, -0.11711298328874921, 0.2592061937754231, 0.17154074553214715, 0.6054039074634494, 0.2874092070968155, 0.452660719914199, 0.5433623764660381, -0.00417522164212852]], "inverted": true, "swapped": false, "error_lsq": 0.045060681507981086, "error_max": 0.26961648089287144, "target": "384.xyz", "model": "9.xyz", "model_rescale": 3.833441315466971, "target_rescale": 3.8333651839499017},
{"mapping": [10, 11, 8, 7, 3, 2, 1, 5, 13, 6, 4, 14], "R": [[0.5032604576780443, -0.8174069235761573, 0.28031202797498245], [0.5259504000189733, 0.032362136752880986, -0.8498993286411455], [0.6856420993911965, 0.5751509483557772, 0.4462020821868526]], "T": [-0.05509187794630216, -0.04749505023676952, 0.028640062942732546], "aligned_model": [[-0.6945111485061826, -0.0411709205183717, -0.1519993340332282, 0.4511562280934451, 0.7514785564492641, 0.13487795983421075, -0.4454039964103979, -0.11433289030496527, -0.4451363635104479, 0.16947606571078333, 0.48521347831374456, 0.017297132335299545], [0.039058027612971405, -0.30739266849298874, 0.37633394508125045, -0.1513506292600097, 0.26425796520998657, 0.6346564563393915, -0.39626803394434135, 0.2679092571664849, 0.599391399959534, -0.5881427500462666, -0.14410520959005474, 0.008906140657433906], [-0.4806788005124483, -0.6019124852343443, -0.6183045174188454, -0.3918844317287815, 0.10973285834672791, 0.15205415345574516, 0.5498144952872333, 0.6239935938747366, 0.2837670141808974, 0.37287671325359534, 0.6071287656817537, 0.004235504704642887]], "inverted": true, "swapped": false, "error_lsq": 0.051210993426757334, "error_max": 0.27571604620353724, "target": "384.xyz", "model": "10.xyz", "model_rescale": 4.2482417240324, "target_rescale": 3.8333651839499017},
{"mapping": [0, 6, 1, 2, 3, 8, 4, 9, 10, 5, 7, 11], "R": [[0.9815639846002489, -0.14763355877553272, 0.12139388971012563], [0.0025110809955347924, -0.6251095551938155, -0.7805329835936624], [0.19111734250956056, 0.7664478953775408, -0.6132143059839861]], "T": [0.032419463397777785, 0.056715557491081675, -0.011900851307467791], "aligned_model": [[-0.6038962990636786, -0.15334934382301602, 0.04417163465421186, 0.5644079552672144, 0.7447855710490601, 0.1312424383641588, -0.5840340677901278, -0.1552273041682699, -0.41243909988964145, 0.07972322617821147, 0.48830818032100476, -0.026748123645973648], [0.2600317238155715, -0.4943185968439773, 0.40759122812873183, -0.238414346070167, 0.44261175950340026, 0.6559762015267964, -0.48090681001813307, 0.14874312431680278, 0.42509618261829907, -0.5852620532003779, 0.04708342358994594, 0.015022063326499503], [-0.36911824014521755, -0.29883890936701907, -0.6250033745313903, -0.4333790487591128, -0.05301382242334779, 0.07742176107880772, 0.2992049411040443, 0.7853635463079388, 0.27340413679338227, 0.3751563430698326, 0.48872770008962974, 0.09089783067336528]], "inverted": false, "swapped": false, "error_lsq": 0.04674761136681426, "error_max": 0.27971131939169014, "target": "384.xyz", "model": "11.xyz", "model_rescale": 3.6694154284099745, "target_rescale": 3.8333651839499017},
{"mapping": [9, 11, 8, 4, 3, 2, 5, 12, 10, 0, 1, 13], "R": [[-0.5452173437068053, -0.27038289188376385, 0.7934929992746431], [0.195573463095285, -0.9614624868987857, -0.19323795387894205], [0.8151619892108641, 0.04982948989279151, 0.5770857417081205]], "T": [-0.12784002397207556, -0.04188659052234145, 0.06485914055290253], "aligned_model": [[-0.5979716848134158, -0.1375245829473345, 0.05902241236629757, 0.4989599600924887, 0.6312318625204492, 0.15852066495779765, -0.5512284082289123, -0.22147015975686019, -0.5105423843232522, 0.22561556511376335, 0.5984993263410836, -0.03616780386895163], [0.2929582984728572, -0.2189607273426458, 0.47714997927647307, -0.334379044808399, 0.2571562609961443, 0.5323351064166767, -0.5475890811006939, 0.16592864164611615, 0.4505320697230904, -0.5315591319680807, 0.15918345417174914, -0.09950192478989585], [-0.4932997872431557, -0.6517855470670318, -0.453099661291663, -0.19829213516635547, -0.21015384949610166, 0.18560917985889935, 0.5226561038192816, 0.7050268742119662, 0.1856546443275654, 0.4469949974461178, 0.4501843011834231, 0.12132774330796701]], "inverted": true, "swapped": false, "error_lsq": 0.04159339092129317, "error_max": 0.2105357475266307, "target": "384.xyz", "model": "12.xyz", "model_rescale": 3.9764082729961374, "target_rescale": 3.8333651839499017},
{"mapping": [5, 0, 4, 8, 3, 14, 12, 13, 6, 10, 11, 15], "R": [[0.8897174701095403, -0.3000720714168571, -0.34403426477238547], [-0.39162090447155307, -0.8889716789942217, -0.2374077107574159], [-0.23459729444893834, 0.345956797738953, -0.9084481292486914]], "T": [-0.05306119290349358, -0.060181213186271426, -0.03644430600979723], "aligned_model": [[-0.8132778518578057, -0.20308721591351686, -0.1923814760849999, 0.598647478566705, 0.7078503359661521, 0.2401041534104842, -0.4062309864485031, -0.20874018484742368, -0.3535233219908426, 0.2495341101951269, 0.5049228472972479, -0.006873120839470143], [0.11454955900150429, -0.2345471481550272, 0.40036642759771823, -0.32883808341060816, 0.2940622300870481, 0.5560467590868546, -0.4110400849933268, 0.13171008313685356, 0.6220545412614416, -0.582989737685684, 0.01572517235324207, 0.026154182413375263], [-0.343631048128862, -0.7250636832019648, -0.5696885755915282, 0.016016443702359634, -0.09944173012167742, 0.37963886534399105, 0.3627833031931781, 0.5233970358448851, 0.13069542606097143, 0.49388976626131986, 0.5234098984622193, -0.08118283793397851]], "inverted": true, "swapped": false, "error_lsq": 0.049519142768443485, "error_max": 0.237367438300608, "target": "384.xyz", "model": "13.xyz", "model_rescale": 4.170626492500431, "target_rescale": 3.8333651839499017},
{"mapping": [1, 2, 3, 4, 6, 11, 7, 10, 9, 8, 12, 13], "R": [[-0.23990193839946433, 0.9630647620702212, -0.12228378474191766], [-0.802123463929678, -0.12568620323987129, 0.5837815746737819], [0.5468500786921715, 0.23813702436575002, 0.8026492067276911]], "T": [0.023390205060053793, -0.005837922203215724, -0.017851337650617555], "aligned_model": [[-0.7194748077342348, 0.17065906544725795, -0.10380371561214333, 0.5208290599950248, 0.6348749037735024, 0.18175546445152696, -0.5833931609034106, -0.133103153385062, -0.47040344363083436, 0.06345227691405993, 0.4697834606415579, 0.08576881749590923], [0.10720445531583211, -0.2405184966682812, 0.4763609110047327, -0.5114080194172717, 0.4431555062138845, 0.6638248207717684, -0.4128363866227192, 0.06965713331814319, 0.5605818014633991, -0.5662793868393783, -0.06024805039276274, 0.07375961254604468], [-0.1796767483447617, -0.6146503640953205, -0.4940651512121431, -0.021924787905063664, -0.38114272415416306, 0.14380232429440973, 0.3337108896136639, 0.5189341225932536, 0.2848745575381717, 0.4677994503855607, 0.5596248267994104, -0.006463531622104991]], "inverted": false, "swapped": false, "error_lsq": 0.05477487077779356, "error_max": 0.3380399167960593, "target": "384.xyz", "model": "14.xyz", "model_rescale": 3.9786697098870705, "target_rescale": 3.8333651839499017},
{"mapping": [7, 5, 8, 2, 3, 9, 10, 1, 6, 4, 0, 11], "R": [[0.5672699744322354, -0.46836860315773754, -0.6773740677673753], [-0.012625233155011906, -0.8273725368727376, 0.5615116104913166], [-0.8234351095231686, -0.30997667138809054, -0.47525686065508516]], "T": [-0.03172538258584755, 0.06770253308536243, 0.0709816251844646], "aligned_model": [[-0.62296071239313, -0.10389825052794338, 0.1307936396270002, 0.6855892990454869, 0.7355265006495372, 0.15121044938250328, -0.655505728745465, -0.25378694469335833, -0.47182378188119334, 0.05089044260498672, 0.5284216916150457, -0.05751183723031597], [0.14141408751467743, -0.41430947912551097, 0.1013047957858812, -0.33328040611597676, 0.49633527484953865, 0.662167917506869, -0.418566455110737, 0.01851679373444065, 0.6460323494746747, -0.5327235560690359, 0.0800659769179005, 0.1562966013306704], [-0.2151711258454433, -0.56707408158994, -0.42367641971360415, -0.20923212582113004, -0.1987362879435628, 0.047324572201004125, 0.3293641697973244, 0.7104669785516995, 0.38594783482717343, 0.1580325699348784, 0.4831563291626708, 0.11042045032984256]], "inverted": false, "swapped": false, "error_lsq": 0.0574368169503392, "error_max": 0.355145843612813, "target": "384.xyz", "model": "15.xyz", "model_rescale": 3.769337070930944, "target_rescale": 3.8333651839499017},
{"mapping": [3, 1, 10, 9, 4, 2, 5, 0, 7, 6, 11], "R": [[0.06002278698783403, -0.9915504713702847, 0.11499968594556886], [-0.4658164157261567, -0.12971739627190582, -0.875321920178213], [0.8828433223863957, -0.001029480356159851, -0.46966648623033225]], "T": [-0.006654489904095605, -0.002096754429254076, 0.010253485641079148], "aligned_model": [[-0.33125673633022723, -0.291249127446333, -0.06360491243140788, -0.6716942934596466, 0.33234574634139324, 0.44106673553265374, 0.5716924098239832, 0.3335854618968067, 0.057919697402362164, -0.5038666850117678, 0.047687834373354505], [0.031058783166356803, -0.5784573899968527, 0.7720024133075233, 0.358323044488812, 0.2777368777115352, -0.4673125619713968, 0.300519170873066, -0.6235783662562182, 0.43123778775546096, 0.02571038656395023, 0.06882435198310535], [-0.5052671206213417, -0.12045221570349321, -0.27003893055366524, 0.018010725731176354, -0.656441206127072, -0.24181797055555587, -0.043039471819816814, 0.4505035508385778, 0.4471799070792007, 0.6974372912347064, -0.03185695227893919]], "inverted": true, "swapped": true, "error_lsq": 0.034074987876713154, "error_max": 0.14772524674127002, "target": "384.xyz", "model": "16.xyz", "model_rescale": 3.7852294659196426, "target_rescale": 3.8333651839499017},
{"mapping": [5, 4, 1, 0, 3, 2, 10, 11, 7, 9, 8, 12], "R": [[-0.5450561880405882, 0.6736557498286596, 0.499100874174199], [-0.05473778238816229, 0.5654385304734235, -0.8229720793777162], [-0.8366107380723065, -0.4758856994897432, -0.2713213481524607]], "T": [-0.0016405950032590544, 0.07783418184599206, 0.04287139482088079], "aligned_model": [[-0.4959464459573728, -0.15298351234454582, -0.02234249550973541, 0.4107216965259596, 0.6716266897988932, 0.1404330334823632, -0.4593661037927522, -0.144106802843171, -0.5072897901862504, 0.22879891553971723, 0.47139853761905726, -0.023998954879008848], [0.1430206543518374, -0.28404348069492963, 0.5415612394664484, -0.41144051251272923, 0.3042782161877975, 0.6555468009761898, -0.5630356948061241, 0.22526174996097623, 0.5334142910155037, -0.5672188249971519, 0.010013786973384911, 0.015895674772188693], [-0.3856393519231852, -0.5469816070483491, -0.4658355950988211, -0.19443593697414216, -0.31480112815048356, 0.1848229175915986, 0.21324813936790307, 0.7470734725064627, 0.21077809723716434, 0.5701910662301446, 0.4854098499857622, 0.10699294016685852]], "inverted": true, "swapped": false, "error_lsq": 0.04809972067599693, "error_max": 0.232783157158932, "target": "384.xyz", "model": "17.xyz", "model_rescale": 3.901054581598922, "target_rescale": 3.8333651839499017},
{"mapping": [2, 5, 8, 10, 4, 1, 12, 7, 0, 11, 6, 14], "R": [[0.01682965878270598, -0.8154800178658317, 0.5785404938695309], [-0.23839512359240694, -0.5652076690383838, -0.7897518951592062], [0.9710224135583168, -0.12462997762071415, -0.20391871185754773]], "T": [-0.05329502380120585, -0.005843357321037065, -0.007290874506013928], "aligned_model": [[-0.6863674686031481, -0.17277751651366655, 0.04385936899882678, 0.6236097739217249, 0.6241898736994839, 0.14213656026477695, -0.4122202577873044, -0.15545923814065044, -0.4868802451697545, 0.24760614946846657, 0.4146275785832232, -0.06537981126882446], [0.2485370652656203, -0.21984383680669545, 0.3969061136073899, -0.40340717642886104, 0.3261268953073292, 0.5927024186374121, -0.443803823378827, 0.13409159583466757, 0.5703281115768712, -0.5757837286523882, 0.032371263546473905, -0.05497099781560097], [-0.4744610600115037, -0.5817591292518661, -0.5257232613863108, -0.24434920632529517, -0.24474389078112185, 0.291431403651466, 0.4736856432738864, 0.6327542067116757, 0.2283673796212258, 0.46319551847288176, 0.5786390071350205, 0.013786252780854696]], "inverted": false, "swapped": false, "error_lsq": 0.03962750788365741, "error_max": 0.19888272419522318, "target": "384.xyz", "model": "18.xyz", "model_rescale": 3.9405287249114394, "target_rescale": 3.8333651839499017},
{"mapping": [6, 2, 5, 11, 9, 7, 3, 12, 0, 14, 13, 15], "R": [[0.2087764046999261, 0.8811734687271745, 0.4242001070861394], [-0.7039301842889732, 0.436513532622814, -0.5603019110123075], [-0.6788922657443264, -0.1816294410289009, 0.7114183281755287]], "T": [-0.049414672330242645, 0.10081000764434551, 0.16671041265483078], "aligned_model": [[-0.5128591518245459, -0.33257914193851823, 0.07734206968306191, 0.5165097443333407, 0.5752746648701375, 0.319116278835002, -0.49977292315031824, -0.21324701902262877, -0.5570829581363458, 0.253295343646487, 0.546682295870691, -0.055734435713209435], [0.29706874687442403, -0.2675059297194551, 0.23584947336104245, -0.23487075349625802, 0.38608560600924546, 0.698653201214329, -0.5891212631109399, -0.03723273509951565, 0.5644117738783172, -0.5449068937003746, 0.01897070070568481, 0.0758519737768925], [-0.3855442181942862, -0.5677870593955062, -0.643820101152015, -0.126992129254265, -0.1759131591002855, 0.21563896134193367, 0.3825827879747039, 0.6709347928293824, 0.17124603691019685, 0.468629758873861, 0.4655424352250731, 0.13630475783212023]], "inverted": false, "swapped": false, "error_lsq": 0.04533801322436056, "error_max": 0.21878304670458723, "target": "384.xyz", "model": "19.xyz", "model_rescale": 4.410303926677745, "target_rescale": 3.8333651839499017},
{"mapping": [1, 8, 7, 9, 12, 4, 3, 6, 2, 10, 11, 13], "R": [[0.2930033789106652, 0.504614586420921, 0.8121041430248808], [0.6423241317695705, 0.5252693101732575, -0.5581324766904159], [-0.7082151718887422, 0.6851687901249977, -0.17022044338224032]], "T": [-0.12228677444183961, 0.03744844886286337, 0.08937277822852224], "aligned_model": [[-0.6373042769085431, 0.07854911780287749, -0.09167069393343452, 0.47494459962924046, 0.4865115024962126, 0.1524383163295152, -0.5825955390416555, -0.09282832724229566, -0.35119978694545956, 0.1904184873798715, 0.5847709727179662, -0.09508960483114136], [0.11934805523664087, -0.3472226913787875, 0.375080322124362, -0.23233897966243966, 0.3567424393504957, 0.5722840607705696, -0.30701113920458567, 0.09843788066656828, 0.6582932495541493, -0.7127894379064926, 0.041331279527474965, -0.018901138384563594], [-0.4502282946032265, -0.5452535997756838, -0.5366627948293887, -0.12130744396494433, -0.22382195819645628, 0.4548456058776135, 0.5314430544555058, 0.6654962999453427, 0.06181748989384947, 0.20975776687784514, 0.5220245900830551, 0.04271214812740041]], "inverted": false, "swapped": false, "error_lsq": 0.0557962601401358, "error_max": 0.2843810171561566, "target": "384.xyz", "model": "20.xyz", "model_rescale": 4.121658175737393, "target_rescale": 3.8333651839499017},
{"mapping": [6, 2, 1, 3, 0, 5, 10, 9, 8, 11, 7, 12], "R": [[0.5986247244892167, -0.7541321572256938, 0.2700613424174795], [-0.7990535650779578, -0.53852051885553, 0.2674117628448249], [-0.05623023534021144, -0.3758727713065851, -0.9249636860028032]], "T": [-0.06686283835837158, 0.03375101567089447, 0.05830820403107483], "aligned_model": [[-0.6533827597161896, -0.14599199672722823, 0.023239832018931872, 0.5694970996494209, 0.762102235972259, 0.2321810288007875, -0.660011612309225, -0.33263190087329336, -0.40958909137985566, 0.22027497755503844, 0.4776287049936462, 0.03362824946886178], [0.15331248229650582, -0.3288248515131369, 0.3181407710463574, -0.15603333695283414, 0.39091380176065826, 0.6387153711690181, -0.45566935755370136, -0.007203024513492064, 0.5706391510680092, -0.5982686932771926, 0.012329938745148351, 0.06520164841805182], [-0.1953133637049152, -0.6038767784630181, -0.5688910002268753, -0.14582075458550783, -0.3569211064364144, 0.15047340396022044, 0.18989571065799543, 0.729391244483713, 0.2773811330436615, 0.5992998539801574, 0.47048311396454334, 0.06472140721735277]], "inverted": false, "swapped": false, "error_lsq": 0.05018893251580947, "error_max": 0.2584170917181846, "target": "384.xyz", "model": "21.xyz", "model_rescale": 4.08911054899281, "target_rescale": 3.8333651839499017},
{"mapping": [1, 8, 11, 10, 9, 14, 0, 4, 2, 7, 12, 16], "R": [[0.6191878664640513, 0.7852315200555045, 0.004224444936085481], [0.05848938914273083, -0.05148484195445997, 0.9969595289712789], [0.7830615412478168, -0.6170581584909531, -0.07780650138868538]], "T": [0.022361456070306523, 0.07799823643897541, 0.041589121039021654], "aligned_model": [[-0.6891118654739044, -0.21089328998572673, -0.09933584497412663, 0.6617749589538013, 0.6802918352745617, 0.33398687784876613, -0.5009627122983771, -0.4110021396532379, -0.5161247658034815, 0.23496227356368007, 0.6296104769113131, 0.003748963089885902], [0.15385077039010114, -0.19403263486293576, 0.3528549417989293, -0.4008505967667759, 0.27591261872731243, 0.5780173511055585, -0.42881748280114385, 0.11179797792321258, 0.5193688684131615, -0.507125954086164, 0.08649438854655762, 0.05578365230557811], [-0.30199563864929835, -0.5520045502219947, -0.662354476627453, -0.07238270215726747, -0.14683891553220982, 0.2959374401144719, 0.3049311794186518, 0.5868833143373896, 0.23258227132471568, 0.3854303083230397, 0.4612865693527902, 0.07934806420807754]], "inverted": false, "swapped": false, "error_lsq": 0.0430528432110046, "error_max": 0.22363447790534555, "target": "384.xyz", "model": "22.xyz", "model_rescale": 4.204369325754507, "target_rescale": 3.8333651839499017},
{"mapping": [6, 2, 5, 11, 9, 7, 3, 12, 0, 14, 13, 15], "R": [[0.2087764046999261, 0.8811734687271745, 0.4242001070861394], [-0.7039301842889732, 0.436513532622814, -0.5603019110123075], [-0.6788922657443264, -0.1816294410289009, 0.7114183281755287]], "T": [-0.049414672330242645, 0.10081000764434551, 0.16671041265483078], "aligned_model": [[-0.5128591518245459, -0.33257914193851823, 0.07734206968306191, 0.5165097443333407, 0.5752746648701375, 0.319116278835002, -0.49977292315031824, -0.21324701902262877, -0.5570829581363458, 0.253295343646487, 0.546682295870691, -0.055734435713209435], [0.29706874687442403, -0.2675059297194551, 0.23584947336104245, -0.23487075349625802, 0.38608560600924546, 0.698653201214329, -0.5891212631109399, -0.03723273509951565, 0.5644117738783172, -0.5449068937003746, 0.01897070070568481, 0.0758519737768925], [-0.3855442181942862, -0.5677870593955062, -0.643820101152015, -0.126992129254265, -0.1759131591002855, 0.21563896134193367, 0.3825827879747039, 0.6709347928293824, 0.17124603691019685, 0.468629758873861, 0.4655424352250731, 0.13630475783212023]], "inverted": false, "swapped": false, "error_lsq": 0.04533801322436056, "error_max": 0.21878304670458723, "target": "384.xyz", "model": "23.xyz", "model_rescale": 4.410303926677745, "target_rescale": 3.8333651839499017},
{"mapping": [15, 5, 4, 0, 3, 10, 13, 11, 9, 7, 1, 16], "R": [[-0.03862427139046106, 0.42141033115896476, 0.9060471833475606], [-0.39890162122912187, 0.8248399798331116, -0.40064511010330633], [-0.9161799289661036, -0.37689831581131256, 0.13624242106723564]], "T": [-0.11795603563724313, 0.0039962471354737655, 0.04493136170323982], "aligned_model": [[-0.7362525312688389, -0.1896215504902438, 0.1416964943832034, 0.461825739349654, 0.7113600874551856, 0.08678294300304759, -0.4319975247790838, -0.19843768347323482, -0.4801378569066955, 0.1630847399498808, 0.5891846881222548, -0.000542777891975002], [0.18436493328468267, -0.15030473753876877, 0.3611183134049025, -0.43017600505699266, 0.25938832367040177, 0.6083782854813475, -0.5860458011530946, 0.178418456022375, 0.49855272910212967, -0.42967305650912924, 0.08311060035009522, 0.026121859635442828], [-0.26246215055953626, -0.560590969459985, -0.48320570992550443, -0.16892223285465413, -0.1922618925351186, 0.1737267367204829, 0.26268109919594723, 0.6481071934632503, 0.17399800385019987, 0.463115429089948, 0.5245439819361347, 0.032093374969748026]], "inverted": true, "swapped": false, "error_lsq": 0.041590180596978055, "error_max": 0.21660093319956236, "target": "384.xyz", "model": "24.xyz", "model_rescale": 4.28219845311461, "target_rescale": 3.8333651839499017},
{"mapping": [3, 1, 4, 6, 2, 13, 5, 11, 9, 10, 14, 15], "R": [[-0.012756165326857805, -0.9991914561932402, 0.038127603079479475], [-0.9978559745766589, 0.010272672400351901, -0.06463687959223931], [0.06419294546771057, -0.03887037525143682, -0.997180204215864]], "T": [-0.008625950375159012, 0.14159770290684964, 0.0445121491245859], "aligned_model": [[-0.6237968179094948, -0.31138309983247336, 1.3480694951686217e-05, 0.6217173641670248, 0.6336711668372274, 0.19553789042033257, -0.6176681926603909, -0.08650023254255038, -0.5745455122319153, 0.2624848390609427, 0.5896591144309435, 0.027754767018556076], [0.21050393591796723, -0.24067083424721236, 0.4477910899908237, -0.48090553486472926, 0.30733538250199033, 0.6852067913620756, -0.4253459008541311, -0.007235599333152876, 0.37980934279434003, -0.4545410275404997, 0.054864953558642654, 0.12644130140727755], [-0.4211723789081744, -0.37032067600048324, -0.6194302753088438, -0.12087878090755438, -0.12509168093533896, 0.1699025075957058, 0.22595960207124682, 0.562451639383674, 0.3271142510432364, 0.49264424208360913, 0.507844682317635, -0.018200268543799636]], "inverted": true, "swapped": false, "error_lsq": 0.04561016405190375, "error_max": 0.26613537947336463, "target": "384.xyz", "model": "25.xyz", "model_rescale": 4.100010024507729, "target_rescale": 3.8333651839499017},
{"mapping": [0, 6, 1, 2, 3, 8, 4, 9, 10, 5, 7, 11], "R": [[0.9815639846002489, -0.14763355877553272, 0.12139388971012563], [0.0025110809955347924, -0.6251095551938155, -0.7805329835936624], [0.19111734250956056, 0.7664478953775408, -0.6132143059839861]], "T": [0.032419463397777785, 0.056715557491081675, -0.011900851307467791], "aligned_model": [[-0.6038962990636786, -0.15334934382301602, 0.04417163465421186, 0.5644079552672144, 0.7447855710490601, 0.1312424383641588, -0.5840340677901278, -0.1552273041682699, -0.41243909988964145, 0.07972322617821147, 0.48830818032100476, -0.026748123645973648], [0.2600317238155715, -0.4943185968439773, 0.40759122812873183, -0.238414346070167, 0.44261175950340026, 0.6559762015267964, -0.48090681001813307, 0.14874312431680278, 0.42509618261829907, -0.5852620532003779, 0.04708342358994594, 0.015022063326499503], [-0.36911824014521755, -0.29883890936701907, -0.6250033745313903, -0.4333790487591128, -0.05301382242334779, 0.07742176107880772, 0.2992049411040443, 0.7853635463079388, 0.27340413679338227, 0.3751563430698326, 0.48872770008962974, 0.09089783067336528]], "inverted": false, "swapped": false, "error_lsq": 0.04674761136681426, "error_max": 0.27971131939169014, "target": "384.xyz", "model": "26.xyz", "model_rescale": 3.6694154284099745, "target_rescale": 3.8333651839499017},
{"mapping": [5, 8, 7, 9, 3, 6, 4, 2, 0, 11, 12, 13], "R": [[-0.9172653642016604, 0.15192674647059468, -0.36816099106621175], [-0.2420020249124093, 0.5215628374096384, 0.8181731030604105], [0.31632146872175654, 0.8395775546904927, -0.44164494572636515]], "T": [-0.03966534149756845, 0.02502397115995967, -0.0012733169937108046], "aligned_model": [[-0.5764552955866482, -0.2616208175376348, 0.12376250780597689, 0.489753674850502, 0.6271975643911629, 0.19167821246753874, -0.7250101142360268, -0.1411245429482561, -0.5850213805870184, 0.3994706477639571, 0.6245785129825445, -0.050264201912944215], [0.43390297174728387, -0.38130071453907044, 0.27256692293990603, -0.33490609575266544, 0.3982224819078125, 0.5643080182311113, -0.3941181145237059, 0.02561797850074094, 0.299750493057928, -0.4117221800637686, 0.10548291445226823, 0.02544922473555167], [-0.4143750088189864, -0.44171991861241017, -0.5563790274800402, -0.235856751045793, -0.2636622585647389, 0.35487736518694313, 0.1723729457871051, 0.6709136538704609, 0.2517987516500908, 0.5925177671190043, 0.42538729003151843, 0.05494805476775885]], "inverted": true, "swapped": false, "error_lsq": 0.05889787500808453, "error_max": 0.34432137866543816, "target": "384.xyz", "model": "27.xyz", "model_rescale": 4.103607728864725, "target_rescale": 3.8333651839499017},
{"mapping": [8, 11, 13, 10, 12, 2, 5, 0, 1, 9, 3, 14], "R": [[0.2002789335543887, 0.9696627904608125, 0.14015142371759065], [-0.7475853525281472, 0.058790764652276686, 0.6615586041137753], [0.6332491527508608, -0.23727140322287357, 0.7366802506874783]], "T": [0.027856328923047426, -0.05995815238062431, -0.06062850452519142], "aligned_model": [[-0.6039429968301961, -0.17152954291390526, 0.10402748704740962, 0.4153211767124396, 0.6800673019398692, 0.15869955854452564, -0.48286922749068834, -0.04716618720119367, -0.5328670290567503, 0.10202480162457746, 0.5218380004665275, -0.026658575389461207], [0.2866830173387729, -0.3340381020427492, 0.2868227903035955, -0.39031637675707215, 0.4880348005723206, 0.6213502748871761, -0.39706143593566695, 0.09058550190330632, 0.4065139851641537, -0.6841087761615241, 0.1925665141588075, 0.03622170726227136], [-0.451716075588163, -0.6582794802328472, -0.6026741349058251, -0.08320529836612435, -0.16841620008965769, 0.18436043895630275, 0.34019713415596564, 0.6332014250763467, 0.45980774784884737, 0.46383213512665844, 0.4450831262833824, 0.04863204562602726]], "inverted": true, "swapped": false, "error_lsq": 0.04355358951323777, "error_max": 0.25211323830761734, "target": "384.xyz", "model": "28.xyz", "model_rescale": 4.137296879288765, "target_rescale": 3.8333651839499017},
{"mapping": [2, 4, 10, 7, 6, 3, 1, 5, 8, 0, 11], "R": [[0.21811319256121742, -0.4901905879882832, -0.8438837732048501], [-0.7696384395036941, -0.6180804725936839, 0.1601037221200277], [-0.600069419041724, 0.6145646563593368, -0.5120810243358549]], "T": [0.09249008955960328, 0.0519602798036748, -0.08015538563262442], "aligned_model": [[0.38699306224331, 0.1530685331239604, -0.26178063670512086, -0.4946211215342383, -0.13209891476914, 0.5036322748584126, 0.6877931982599055, -0.32067798783439583, -0.4782968015236476, 0.1316390633066025, 0.04576834128424981], [-0.26117176297499933, -0.7326297918201288, -0.3571706147751644, 0.21426558154783482, 0.8527212299051236, -0.15673935138409711, 0.29198213458290206, -0.416943992355314, 0.1471983774331495, 0.37039555914887295, -0.03275955266022711], [0.463569163370342, -0.21601746852593512, -0.7031649155004127, -0.18883272320172795, -0.2491419728263861, -0.47969758734494256, 0.05502371154499408, 0.11560619732017, 0.4186224289420063, 0.6898375164579247, -0.10005032845303405]], "inverted": false, "swapped": true, "error_lsq": 0.05113739494726158, "error_max": 0.26723210364644995, "target": "384.xyz", "model": "29.xyz", "model_rescale": 3.607286011436655, "target_rescale": 3.8333651839499017},
