[{"mapping": [9, 12, 14, 15, 8, 0, 5, 1, 13, 6, 4, 16], "R": [[0.6667806755950826, 0.7398852415369139, 0.08929367283759665], [-0.051996009354890016, -0.07333862276411961, 0.995950732427176], [0.7434379232082067, -0.6687236168754059, -0.010429696493374122]], "T": [-0.05008367742893788, -0.14158066244033923, -0.07082017491886512], "aligned_model": [[-0.4764267416001898, 0.2718800754954744, 0.4855638697638374, 0.02258545419441088, -0.07951034971264839, -0.619957016938852, 0.3120371833567307, -0.17703075614978242, 0.6012990081325027, 0.11937484349647362, -0.5357697678985772, -0.08640333967883111], [-0.23500319555636692, -0.7004388059461588, -0.21331432575200643, 0.492963843214753, 0.4411025859544739, -0.5387585002311072, -0.19276330547128875, -0.5823730054149284, 0.17562692979346156, 0.36405140167298616, 0.12614099733307277, -0.08367958361983382], [-0.5958538530334314, 0.1161658710408252, -0.39809079389031876, -0.0836039584033574, -0.6905215607055974, 0.11878409265479305, 0.5016999589815371, 0.5218019968615936, -0.06625980637396038, 0.49514732857326155, 0.36045037317698453, -0.09776790352876721]], "inverted": false, "swapped": true, "error_lsq": 0.04498451088764784, "error_max": 0.2715421289330918, "target": "385.xyz", "model": "0.xyz", "model_rescale": 3.751011558992144, "target_rescale": 4.103839605669019},
{"mapping": [7, 9, 3, 4, 11, 15, 2, 0, 8, 13, 14, 12, 1, 6, 16], "R": [[-0.25501655691526565, 0.3545181001862666, 0.8996018410048991], [-0.6818928263908404, 0.5936896833699163, -0.42726424280161823], [-0.6855572397807457, -0.7223914980815107, 0.09034265041361425]], "T": [0.097426550244006, 0.0613478882046778, 0.09607299904323213], "aligned_model": [[0.07939123641417731, 0.024583310223239063, -0.4011607957074241, 0.1328487637285884, -0.29730498499078306, -0.4811316519119025, 0.6092599858152221, 0.6292530231831787, -0.6823500489213504, -0.2931717357470566, -0.07437014593643228, 0.6169871213144733, 0.7670633625969611, -0.13161644671611888, 0.04080521774426259], [-0.11616537862322318, -0.4742673746424569, 0.26829721085412467, 0.5393515483301063, -0.6541635587983239, 0.3288916276851971, -0.38975661015025354, 0.029149759720317393, -0.2449891600016218, 0.23788696068314133, -0.2354473632392144, 0.004456257889034233, 0.3964778633739671, 0.7987656256941349, 0.0602699410521762], [-0.687405160187019, -0.3210201485913574, -0.6368551503024071, -0.4175590861509802, 0.23817858976996398, 0.053862672687724766, -0.06542141100316418, -0.3882610999025878, -0.05399889318840262, 0.6802029430202152, 0.6267033272469162, 0.5176972624965359, 0.06625810022775915, 0.18801632703550875, 0.049268131693269976]], "inverted": true, "swapped": true, "error_lsq": 0.04456074060965208, "error_max": 0.3150355271099559, "target": "385.xyz", "model": "1.xyz", "model_rescale": 3.9405287249114394, "target_rescale": 4.103839605669019},
{"mapping": [3, 6, 4, 14, 5, 7, 8, 13, 12, 2, 10, 9, 16], "R": [[-0.7408032767265043, -0.6098956207440804, -0.2814921615044852], [0.10745843546383727, 0.3060616110741799, -0.9459275737995705], [0.663071029256247, -0.7309949534872797, -0.1611930151625407]], "T": [0.0016298467036081551, -0.0917484971370337, -0.04845143900518714], "aligned_model": [[-0.4805080248288515, 0.34493418228428535, -0.35652443603576206, 0.46144912514529834, 0.42304877732776974, -0.7632180959957598, 0.0011959328430538804, 0.6968548475580694, 0.23006054028610648, -0.4098080051677031, -0.12156707280696732, -0.5039629939596358, -0.025971497365972186], [0.676849176640475, 0.42761709140165816, 0.32129670509894714, -0.3133820103881068, -0.1529726814044765, 0.12904060390621605, 0.40860334197103354, 0.07734941420518199, -0.6812094248652198, -0.6556157769139401, -0.5961963481258196, -0.15163308952857132, -0.03091440842536094], [0.02504498600399767, -0.5143921092586097, -0.4896762364811368, 0.3238587653742472, -0.5777794740245842, 0.060791665329752845, 0.6400711484003078, 0.06560535013022523, -0.27495110137762324, 0.017288682119090862, 0.44866684973556137, 0.40646202120392605, -0.017870197566510933]], "inverted": true, "swapped": true, "error_lsq": 0.0448791009020649, "error_max": 0.24207151705280905, "target": "385.xyz", "model": "2.xyz", "model_rescale": 3.932901565614263, "target_rescale": 4.103839605669019},
{"mapping": [0, 2, 1, 9, 4, 6, 5, 3, 8, 15, 14, 11, 13, 16], "R": [[0.44480367705636287, 0.7025529187893115, -0.5554899505641466], [-0.8905815290881217, 0.4126974114849477, -0.19116847700572098], [0.09494329320284828, 0.5797415310759123, 0.8092499788208555]], "T": [0.12266374234706312, -0.10547112139789361, -0.0389907917580303], "aligned_model": [[-0.09020728302550596, 0.3280993424881798, 0.22307395983458278, -0.07558791127120063, -0.47536160779022374, -0.14034334954905825, 0.35613514056509565, -0.7637843530425898, -0.1831344713975741, -0.21833550509023497, 0.6220727735223988, 0.3527725166623024, 0.4223591595741715, 0.06205150057236012], [-0.03958460181756361, 0.2604064451700731, -0.5445701682879702, 0.5325569285974492, -0.4074543053086542, -0.7751974624637558, -0.743114984532891, 0.018001929335023717, 0.38201596059627096, -0.22634370834468992, 0.04972315485573725, 0.6003739879306254, -0.3640725604689579, -0.07924397691020858], [-0.7236808890231338, -0.6006659640399145, -0.6379267684290824, -0.17960739985260024, -0.2504901734845571, 0.25595511392251724, -0.059772863491026104, 0.1270369640960495, 0.5881131086500477, 0.4875073454087795, 0.31551651071447273, 0.33086897658273595, 0.5678442840119102, -0.00680188200910159]], "inverted": false, "swapped": true, "error_lsq": 0.046270075216413596, "error_max": 0.29558861036476225, "target": "385.xyz", "model": "3.xyz", "model_rescale": 3.9243930471874484, "target_rescale": 4.103839605669019},
{"mapping": [0, 2, 1, 4, 5, 7, 3, 12, 14, 11, 15, 8, 16], "R": [[0.9737214484978856, -0.224274981589258, 0.03958880357269504], [0.22768041457796243, 0.9626876097842827, -0.14626754522255292], [-0.005307499673723251, 0.15143744121241093, 0.9884525946378263]], "T": [0.09287975732173277, 0.021926792626670383, -0.08524866696800083], "aligned_model": [[-0.02103742068832433, -0.20583575252243747, 0.5463976637601611, 0.23452569994360933, 0.7689890690098716, -0.4501605072919204, -0.2522419501304381, 0.4100235056274047, 0.0674266298984041, -0.533588619990041, 0.12042233079095625, -0.4596779380406956, 0.051963175944802834], [-0.46212926097883833, 0.020638374134744744, -0.26585581813945847, -0.6564608652678474, 0.07098759748968345, -0.567853130629244, -0.6353396532980005, 0.3349715153188172, 0.6489352872419286, 0.5472421346881409, -0.054932791795652886, 0.1570709294015096, -0.009444764484196011], [-0.605986844673996, -0.7195329587782655, -0.6078547962727646, 0.030019558478382835, -0.12996690217363305, -0.13948123622539135, 0.4415272454445056, -0.5876127865553854, -0.011882753272432447, 0.05455397335087463, 0.5483323999818059, 0.5478639297624434, -0.032908513695180226]], "inverted": false, "swapped": true, "error_lsq": 0.04081089203550752, "error_max": 0.23222584220362055, "target": "385.xyz", "model": "4.xyz", "model_rescale": 3.8936222436046832, "target_rescale": 4.103839605669019},
{"mapping": [6, 5, 13, 15, 14, 2, 0, 9, 3, 4, 8, 16], "R": [[-0.41574041873447376, -0.49631115316974445, 0.7621254119039748], [-0.6448432418126868, 0.7517871921498067, 0.13781585978404137], [-0.6413556717758012, -0.4341557980251193, -0.6325912150213459]], "T": [-0.23451685718375515, -0.036236090006381894, 0.009220182163140696], "aligned_model": [[0.08935727546841854, -0.4765379302528659, -0.3507091395444455, 0.2418666473248579, -0.6067235144867514, -0.5865226844266378, -0.22775699540556327, -0.07292446192618021, 0.6642879598647761, 0.2705729652471883, 0.24931360903220368, -0.1666756886799033], [-0.5109484153562198, -0.555092325495605, 0.08622840822302077, 0.059794106721608786, 0.3515897990725099, 0.0385567856884529, -0.3476299948621176, 0.41029023199656045, 0.004367736042892756, -0.4967640913875751, 0.6365981694026592, -0.008067504936379997], [-0.5146623847758564, -0.35649075774644096, -0.6953666874097315, -0.4054217301137191, -0.32277884694267356, 0.610923682247088, 0.6584071941141745, 0.4997899353774025, 0.14743112945638398, 0.17157283062607662, -0.18473250246472464, 0.010612856907538458]], "inverted": false, "swapped": true, "error_lsq": 0.04235580813409332, "error_max": 0.2591789983845314, "target": "385.xyz", "model": "5.xyz", "model_rescale": 3.6523030999806103, "target_rescale": 4.103839605669019},
{"mapping": [7, 9, 8, 3, 15, 0, 14, 4, 12, 5, 13, 6, 16], "R": [[-0.1303854148239278, -0.3869794605020252, 0.9128233896821192], [0.12566100270650732, 0.9068080794818703, 0.40237845293355035], [-0.9834678215376382, 0.16717058394335918, -0.06960632057542523]], "T": [-0.0937165642188671, -0.025361589656915998, 0.011287320607161248], "aligned_model": [[0.17865081371100705, -0.13752640873239147, 0.37069087478636364, 0.7045952971224239, 0.4823271643533328, -0.2736241279268009, -0.36758125498328, 0.366482989261524, -0.6868886360009001, -0.16048520341783576, 0.016472592173619238, 0.42051878160778533, -0.03254997729055338], [-0.5160230475050703, -0.121529575256027, 0.4628208286215604, -0.2752925759835042, 0.24665325638703484, -0.7041522016631439, 0.5438989986692964, -0.5446792206602077, -0.05064969238704166, -0.051918779626417166, 0.5912494420225709, -0.01838436623028271, -0.021166162225584813], [0.5863887061537496, 0.6858160133139783, 0.531305744923072, 0.3702214509246909, -0.036383464706894894, 0.17044827615644614, 0.0007713784851533997, -0.09864775272244322, -0.3024869123401983, -0.6642621956872136, -0.3528418350587047, -0.5719900722674803, 0.05177040230763352]], "inverted": false, "swapped": true, "error_lsq": 0.03961300346343482, "error_max": 0.23493479851154836, "target": "385.xyz", "model": "6.xyz", "model_rescale": 4.08911054899281, "target_rescale": 4.103839605669019},
{"mapping": [8, 15, 3, 11, 10, 2, 9, 7, 14, 13, 12, 5, 1, 4, 16], "R": [[-0.2223341013588368, -0.883097267961313, 0.41316674925775887], [-0.12360560231993645, -0.3948230351617375, -0.9104045397408778], [0.9671035117546025, -0.2534837001168688, -0.02137314499499504]], "T": [0.002839944225761974, -0.027486042271942946, 0.07473202356506467], "aligned_model": [[0.0487264654371134, 0.2514283403287907, 0.7806289844098273, -0.46222832137496606, -0.4849049695476285, -0.17026298768490447, 0.06229912930597623, 0.5559057543256091, -0.5795508464557774, -0.33864238438103256, -0.43729096540170365, -0.05805750994293766, 0.13435776198228983, 0.6864081488869908, 0.04751693991190681], [-0.634340954757219, -0.6158341071154699, -0.3284665207469198, -0.2635535343594532, 0.23610929143658665, 0.6014318689864295, 0.15289669093894392, 0.22360135683478705, -0.2685908756786295, -0.599974894478913, 0.3466666652312265, -0.04396951070466192, 0.5220965464473905, 0.0389628254120583, -0.0662760312770431], [-0.5202780998036299, 0.06284415639150918, -0.29003639110060164, -0.5702077117029525, -0.3828639854646325, -0.1822637245383993, -0.5810752774649136, -0.4513360196993921, 0.03161013185132007, 0.35861085322534925, 0.417137336026963, 0.7511566533866885, 0.5669479626565255, 0.2226482458063945, 0.031175902511852843]], "inverted": false, "swapped": true, "error_lsq": 0.040021241017103776, "error_max": 0.2563568118290933, "target": "385.xyz", "model": "7.xyz", "model_rescale": 3.964800864290218, "target_rescale": 4.103839605669019},
{"mapping": [2, 12, 1, 9, 4, 11, 7, 5, 13, 15, 8, 3, 6, 16], "R": [[-0.969900847459863, 0.2245460606036692, -0.09418817741103744], [0.24259174142706225, 0.924448315338083, -0.29418456665835785], [0.021014116398866255, -0.3081791344915385, -0.9510962243516802]], "T": [0.05316991848820758, -0.10775140064738381, -0.0033165855580931103], "aligned_model": [[-0.27930484909281533, 0.3398830086278399, 0.48043859299780334, -0.6177996858953666, 0.20700702727074988, -0.5696072715174865, -0.4866056834142662, 0.7254067489341842, 0.3946366157641711, 0.11555246880644737, -0.46563698068425846, -0.25702399825046063, 0.6588176046791532, 0.015424291235177509], [-0.19778968472038305, -0.49897431586600793, 0.08934462031056728, -0.02153377011002261, 0.5777314151227779, -0.5948162760662277, 0.4761939635474283, -0.1746908205457115, -0.5211118590606101, 0.0640821497886444, -0.13549420755132338, 0.6278324640761745, 0.18825902350074974, -0.06808423624485378], [-0.6139742760886037, -0.4677378368957199, -0.5865910725810796, -0.09563587602942697, -0.0005589620075512891, 0.24744224949816912, -0.11874781903450995, -0.0750608699349306, 0.48399695073360327, 0.608788475545372, 0.67083862104033, 0.4340587084033481, 0.384327450369247, 0.04566929570677346]], "inverted": true, "swapped": true, "error_lsq": 0.03680564206919453, "error_max": 0.20113809430137428, "target": "385.xyz", "model": "8.xyz", "model_rescale": 4.121658175737393, "target_rescale": 4.103839605669019},
{"mapping": [4, 7, 0, 1, 3, 15, 9, 14, 10, 8, 5, 12, 16], "R": [[0.14777256850667125, -0.48478087127041747, 0.8620619321413261], [-0.9160516916889779, 0.2615013763441781, 0.30408276558177805], [-0.37284388978593075, -0.834628382587362, -0.40544160717531363]], "T": [-0.011559049402761264, 0.06450856287512965, 0.06297634811327651], "aligned_model": [[-0.5211562249959, -0.1434279734586783, 0.15553792885899081, 0.10402801054365557, -0.6898855837749258, -0.5553003260549031, 0.2163268775064578, 0.28925250097807403, 0.6293804957490181, -0.2700574413138959, -0.14320913009728053, 0.46333187909535933, -0.0580835166007753], [0.15680226587538934, -0.42723792959148743, 0.13663031078879834, 0.6701184380131583, -0.4420294167361314, -0.12834751022242943, -0.5219285402343262, 0.016120087469326423, -0.2558657801513742, -0.6723859992215605, 0.7145905359497139, 0.535916221923073, 0.008004755549559192], [-0.41173697828108924, -0.5586909523383323, -0.6336818819623782, -0.3630410219725179, -0.2715283959026635, 0.33728077134087137, -0.20219542570243942, 0.6164571860047854, 0.12066939912980712, 0.40147374881128156, 0.20991908873595552, 0.1195474464295865, 0.05660244966622208]], "inverted": true, "swapped": true, "error_lsq": 0.04139620081895279, "error_max": 0.24187855688397536, "target": "385.xyz", "model": "9.xyz", "model_rescale": 3.833441315466971, "target_rescale": 4.103839605669019},
{"mapping": [0, 1, 3, 15, 6, 4, 5, 13, 11, 8, 10, 14, 12, 7, 16], "R": [[-0.057090654118185535, -0.6783573776441929, 0.7325106998590885], [-0.20116851599716434, -0.710842074934891, -0.6739694152361495], [0.9778915509318282, -0.18583544521417988, -0.0958817079436492]], "T": [0.01042072967444991, -0.019355007657704495, 0.04074580020916544], "aligned_model": [[-0.025838610302045532, 0.055838664347059315, -0.7818979567220029, -0.4463147376883702, -0.5330937688892033, -0.6035369842993055, -0.008731824924352125, 0.06956409135146352, 0.4083343057888814, -0.20927486904256198, 0.6059967886845729, 0.452805062331833, 0.5249291283568972, -0.3436998634679345, -0.0412344072303987], [-0.7346584028916396, -0.5763194896797743, -0.04916151207477894, 0.42345471133008744, 0.22208000368562109, -0.3497657394542228, 0.019761426685272407, 0.6413586124096831, 0.38088314561098263, 0.5203544371269794, -0.06943345365488267, 0.4317143217765363, -0.18984056701543933, -0.46802181424278627, -0.0013041403166595064], [0.11478598679556215, -0.4585960324891713, 0.4878964540973299, 0.09908295038771317, -0.4602535158897583, -0.04553759916879913, -0.6372170075478334, -0.250630986114411, 0.6485597694701815, 0.6611191262493836, 0.44018667884467505, 0.039122972204589435, -0.35569164237072876, 0.6055209418513123, 0.08977381150204759]], "inverted": true, "swapped": true, "error_lsq": 0.03998634229898465, "error_max": 0.27106262478785476, "target": "385.xyz", "model": "10.xyz", "model_rescale": 4.2482417240324, "target_rescale": 4.103839605669019},
{"mapping": [15, 4, 0, 1, 11, 10, 9, 12, 5, 14, 13, 16], "R": [[-0.33087583403211807, 0.3017680075270171, 0.8941237342150831], [0.27926903753669613, -0.8737386015400854, 0.39823317397236424], [0.901404452577686, 0.38146680827032653, 0.20482452748919577]], "T": [-0.05222494378323486, -0.01018280002383156, -0.01595660581372465], "aligned_model": [[-0.6260006307499514, -0.052109518893379975, 0.4331861843181445, 0.6194961269766736, -0.4488093240746859, 0.07888181931039404, -0.17432081626820234, 0.501600456469326, 0.2249341789616778, -0.18248461335945168, -0.3847854821943959, -0.11282277813314176], [-0.25237019588202536, -0.6756387980259738, -0.22435494103632922, -0.334265863713484, 0.6955446560826387, 0.6509014070348551, 0.26403249675402757, 0.22860496561383256, -0.28456095677913223, 0.5071194584875515, 0.12133275500912355, -0.030213593494445037], [-0.15814550763603413, 0.2092731716191792, 0.47083078815611107, -0.08927413327655273, 0.16469001503280992, 0.23414416626290907, 0.5972767185828077, -0.3112610134348189, -0.5722208705835873, -0.3544840982402976, -0.6460740580853769, 0.02043711145720701]], "inverted": true, "swapped": true, "error_lsq": 0.04260744799673, "error_max": 0.28410218351467553, "target": "385.xyz", "model": "11.xyz", "model_rescale": 3.6694154284099745, "target_rescale": 4.103839605669019},
{"mapping": [8, 11, 10, 14, 13, 3, 15, 4, 12, 1, 0, 5, 9, 16], "R": [[-0.8609566208758884, -0.496023284628498, -0.11275902658469483], [0.07446533092301431, -0.34218222859417324, 0.9366782995910875], [-0.503198381814268, 0.7980427454345295, 0.33154059328960184]], "T": [0.07231429730940847, 0.06711272380221844, 0.044107785872719636], "aligned_model": [[-0.12788464059679627, -0.0153781568568125, -0.07250068432964502, 0.4790200132510965, 0.7031538576749401, -0.5161382366394274, 0.1572770750000001, -0.24881682062146082, 0.4185732734287973, 0.11988284344851594, -0.4238450654295044, 0.5910185579350833, -0.4973925000369987, 0.031295334028021364], [-0.32230199502296636, 0.297817789345584, 0.6502643502616665, 0.289578487507941, -0.15869882190589837, -0.624215005921601, -0.5260917642051504, -0.3648965989324443, 0.5876104382762437, 0.3098323494632514, 0.32571428741906666, 0.0022501353889973486, 0.24921408694069114, 0.014909549520872208], [-0.6857497800750143, -0.7477563570406166, -0.3505243339492871, -0.3851584670599969, -0.23155768436974522, -0.0221539768210297, -0.17720809535397836, 0.49555313296272563, 0.28932955249968767, 0.7515248521382654, 0.497326005122467, 0.4780077963800147, -0.28517901892769654, 0.012641834146619825]], "inverted": true, "swapped": true, "error_lsq": 0.04322460695807219, "error_max": 0.23905271929073338, "target": "385.xyz", "model": "12.xyz", "model_rescale": 3.9764082729961374, "target_rescale": 4.103839605669019},
{"mapping": [3, 0, 7, 11, 15, 6, 13, 8, 9, 4, 2, 10, 1, 12, 14, 16], "R": [[-0.9784963862351223, 0.10264432536037074, -0.1789104932532489], [0.03743274841374947, -0.7646140188105505, -0.6434004908177892], [-0.20283888057026792, -0.6362621666496394, 0.7443297950635236]], "T": [0.0473928973780018, 0.009255856931989347, 0.056172110513666204], "aligned_model": [[-0.273870589628974, -0.1932068865458641, -0.5525012453604988, -0.49515364216021995, 0.16585357892694558, 0.6654759874439166, 0.4797125159421137, -0.3836579463091003, -0.6347959957460161, 0.13826177488291302, -0.3453527052810783, -0.434078329952681, 0.38342148493664435, 0.31130276940470747, 0.09515050833838548, 0.012279034918199774], [0.05199457374124802, -0.6681601458872877, -0.30603895175616214, 0.5614509048198868, 0.43197154986836667, 0.09833006354297585, 0.582530765397826, 0.6717596116294489, -0.014006200629117942, -0.35963866416850493, -0.41401313425093245, 0.08366734136962825, -0.6487697510618078, -0.22806957934025998, 0.46624885014094136, 0.036206883926993824], [-0.7944536648968815, 0.015246088246445397, -0.37555750343239835, 0.35397657008423633, -0.40790705012642686, -0.40722649659908106, 0.15310757001808462, -0.25958008617865547, 0.040883814614236874, -0.5347761364973916, 0.45384462826648936, 0.5847741314907929, 0.18147804203452017, 0.6262379671378083, 0.48981561163063875, -0.0024665429397196514]], "inverted": true, "swapped": true, "error_lsq": 0.04080486818657779, "error_max": 0.31019820525421427, "target": "385.xyz", "model": "13.xyz", "model_rescale": 4.170626492500431, "target_rescale": 4.103839605669019},
{"mapping": [15, 3, 6, 4, 13, 12, 1, 8, 11, 7, 9, 0, 10, 16], "R": [[-0.3953931153124368, 0.8422740788456144, 0.3663859446926122], [0.5348781006488339, 0.5354175506446609, -0.6536309845072891], [-0.7467059004787776, -0.06246937302745903, -0.6622143728610353]], "T": [-0.04352669854785361, 0.17059689265541025, 0.02291671020643389], "aligned_model": [[0.20138141384640085, -0.02994464719620589, -0.30069598145460974, -0.5187164982687614, 0.31073608226560373, -0.2591282082339816, -0.7462628366579703, 0.6671144326514082, 0.7261826076444162, -0.1599431384774168, 0.21105989157033728, -0.5588817138362555, 0.3161105905144335, -0.015828972275755374], [-0.2351756436717861, -0.7395635374475844, -0.04852977222689295, -0.338899073261403, 0.3953725892602252, 0.8041527089093639, 0.4264668768437664, -0.2970070811219647, 0.24133508254841313, -0.4343806355948838, -0.08275657969455227, 0.06886029529671725, 0.49365126232707446, 0.10254797575917242], [-0.4054051579187095, 0.017961395181943632, -0.6774736482720537, -0.06746396360221156, -0.5677732464776136, 0.07832321573991398, 0.07094753668382449, -0.004491516716561325, 0.32376103385009514, 0.5387884590568315, 0.603566542201128, 0.5153743319095012, 0.5549586285705818, 0.022799490914196183]], "inverted": false, "swapped": true, "error_lsq": 0.04644026721724946, "error_max": 0.2687460936244817, "target": "385.xyz", "model": "14.xyz", "model_rescale": 3.9786697098870705, "target_rescale": 4.103839605669019},
{"mapping": [4, 5, 3, 7, 15, 8, 12, 14, 9, 2, 13, 16], "R": [[-0.9847758052287181, -0.0769540607704746, 0.15586752698065082], [0.06982706572243917, 0.646020715380583, 0.7601193433874406], [-0.15918792142849275, 0.7594309105047633, -0.6308120939243178]], "T": [-0.06449803733751872, -0.05893066884345209, 0.024650284244689954], "aligned_model": [[0.037842063035015305, -0.7193319771729705, 0.5471708817214195, 0.6248672663328493, 0.02795832750412644, 0.50248092328221, -0.5358623441873016, -0.2311851113700246, 0.572201100987614, 0.1217082875509223, -0.45607372090459286, -0.008421100011930603], [-0.32498169100619057, -0.10269381401762241, 0.0582121091470182, -0.39014601818120703, 0.43708898963062986, 0.575489462154093, -0.3353219456879621, 0.33473754170805214, -0.17373555630231036, -0.5840111669518826, 0.5491471066941642, -0.029110526962343133], [-0.6174583582016717, -0.15087117555201462, -0.6392320387713131, -0.22181701357432473, -0.367149762304132, 0.0031686607666859233, 0.4149968180526229, 0.48985005924395275, 0.24280295162890947, 0.4502872818831292, 0.06767073888510872, -0.012281668183122877]], "inverted": false, "swapped": true, "error_lsq": 0.04447181607944764, "error_max": 0.25480972832223425, "target": "385.xyz", "model": "15.xyz", "model_rescale": 3.769337070930944, "target_rescale": 4.103839605669019},
{"mapping": [5, 14, 4, 15, 1, 12, 0, 10, 7, 8, 16], "R": [[-0.2403941496790435, -0.3249642488215343, -0.9146632657912669], [-0.1864834114550098, -0.9092811571658318, 0.372064126832012], [-0.9525936122251667, 0.2600115655331931, 0.1579854288749024]], "T": [-0.06538502979929892, 0.010390772868380978, -0.02552579241319615], "aligned_model": [[-0.16774940870610805, -0.2767936537590442, -0.044488515642661736, -0.6560460701336568, 0.4099079558024301, 0.2770925431421746, 0.566030784288246, 0.27379585902390646, 0.23132841453770828, -0.5906484053420462, -0.09980337251977778], [-0.022573071519500713, -0.5831996105134861, 0.7018270986460973, 0.23253153938048401, 0.18624459598303983, -0.3982787853145898, 0.3564617173522414, -0.4843453951295089, 0.5511299348102371, 0.004798614404255254, 0.05146785952607257], [-0.6963203983689362, 0.020592769790340068, -0.14816059307565488, 0.07379174255764766, -0.5776005152907471, -0.4337477521241306, -0.02337932958180157, 0.37066123043900917, 0.4894854202101461, 0.6441626565126994, 0.024732376155204655]], "inverted": false, "swapped": true, "error_lsq": 0.037513934356956824, "error_max": 0.1974999686482029, "target": "385.xyz", "model": "16.xyz", "model_rescale": 3.7852294659196426, "target_rescale": 4.103839605669019},
{"mapping": [6, 3, 7, 4, 15, 8, 11, 9, 1, 12, 14, 2, 16], "R": [[-0.2613014973645847, 0.37687034188443375, 0.8886451895345726], [-0.11468307328510614, -0.9262307608857124, 0.35908824861161576], [0.9584202210809774, -0.00808226434760903, 0.2852461337618907]], "T": [0.06974847592595734, 0.14596060331042474, -0.10419414480315228], "aligned_model": [[-0.14400029606890474, -0.4146703658636801, 0.05782232665816905, 0.1223775365333157, -0.5021280975355252, -0.7146580824154678, -0.34258699429137035, -0.009630843558896637, 0.7469994561450882, 0.5824639934343117, -0.11539858540890735, 0.5734535443757212, 0.013722258212429644], [-0.24875937657070166, -0.5671359388603802, -0.35474554228006605, -0.5527180035642094, -0.06805404332345885, 0.20172672062668912, 0.6946643281728133, 0.15363990144160833, -0.07077989244752422, 0.5228869574507491, 0.7413623897119979, 0.31420336009076866, 0.10876476325458813], [-0.739179805693359, 0.18809465596486716, 0.5241571750548022, -0.15556084138484272, -0.29193298793441, 0.2214006892130684, 0.3614959849395035, 0.5738888097338214, -0.3407721577236199, -0.3186613586243004, -0.20611249318353844, 0.3535445989032232, -0.07460757212204143]], "inverted": true, "swapped": true, "error_lsq": 0.04278210007541075, "error_max": 0.2229983970306622, "target": "385.xyz", "model": "17.xyz", "model_rescale": 3.901054581598922, "target_rescale": 4.103839605669019},
{"mapping": [7, 9, 3, 4, 11, 15, 2, 0, 8, 13, 14, 12, 1, 6, 16], "R": [[-0.25501655691526565, 0.3545181001862666, 0.8996018410048991], [-0.6818928263908404, 0.5936896833699163, -0.42726424280161823], [-0.6855572397807457, -0.7223914980815107, 0.09034265041361425]], "T": [0.097426550244006, 0.0613478882046778, 0.09607299904323213], "aligned_model": [[0.07939123641417731, 0.024583310223239063, -0.4011607957074241, 0.1328487637285884, -0.29730498499078306, -0.4811316519119025, 0.6092599858152221, 0.6292530231831787, -0.6823500489213504, -0.2931717357470566, -0.07437014593643228, 0.6169871213144733, 0.7670633625969611, -0.13161644671611888, 0.04080521774426259], [-0.11616537862322318, -0.4742673746424569, 0.26829721085412467, 0.5393515483301063, -0.6541635587983239, 0.3288916276851971, -0.38975661015025354, 0.029149759720317393, -0.2449891600016218, 0.23788696068314133, -0.2354473632392144, 0.004456257889034233, 0.3964778633739671, 0.7987656256941349, 0.0602699410521762], [-0.687405160187019, -0.3210201485913574, -0.6368551503024071, -0.4175590861509802, 0.23817858976996398, 0.053862672687724766, -0.06542141100316418, -0.3882610999025878, -0.05399889318840262, 0.6802029430202152, 0.6267033272469162, 0.5176972624965359, 0.06625810022775915, 0.18801632703550875, 0.049268131693269976]], "inverted": true, "swapped": true, "error_lsq": 0.04456074060965208, "error_max": 0.3150355271099559, "target": "385.xyz", "model": "18.xyz", "model_rescale": 3.9405287249114394, "target_rescale": 4.103839605669019},
{"mapping": [5, 4, 0, 3, 13, 2, 1, 14, 12, 10, 7, 9, 15, 11, 8, 16], "R": [[0.7893024589990232, 0.4542174818378245, 0.4131441726697851], [0.20212068859627905, -0.8275758682490988, 0.5237035511939141], [0.5797834556620788, -0.3298555160743202, -0.7450144180187941]], "T": [-0.0059868476999918735, -0.025325773380929062, -0.12789202735078312], "aligned_model": [[-0.4739556381527454, 0.22029968162561508, 0.5875180919103157, 0.346399198447437, -0.6999516369407267, 0.4987642293339081, 0.09158102109642362, -0.3722617656687212, -0.15923253017793543, 0.2607406946947059, 0.7188267713201669, 0.555246519850056, -0.281688293025565, 0.06343452498379655, -0.003221361442983503, 0.014665590117638311], [-0.23981363827490787, -0.6887452278855053, -0.17610716183674985, -0.6360387966826042, 0.07072238985241278, 0.3422029171377514, -0.24176295547122562, 0.4749415375682767, 0.30234779042265425, 0.6412035965505603, -0.2730945503971716, 0.21102096464560904, -0.34790706955017003, 0.6071163323599473, 0.0615278941805274, -0.0552618936417687], [-0.571209804414292, -0.17510627597373105, -0.5066696609987786, 0.4478290105152035, 0.05684691877273845, -0.44679356475639664, -0.8387013872314117, -0.006461498362568083, -0.6936593474831065, -0.09092277673021473, 0.1148632182247803, 0.18083741372652237, 0.349623394259135, 0.4042369706540998, 0.7187863632229383, -0.06405521675004036]], "inverted": true, "swapped": true, "error_lsq": 0.042801749152207115, "error_max": 0.34253271570574606, "target": "385.xyz", "model": "19.xyz", "model_rescale": 4.410303926677745, "target_rescale": 4.103839605669019},
{"mapping": [2, 12, 1, 9, 4, 11, 7, 5, 13, 15, 8, 3, 6, 16], "R": [[-0.969900847459863, 0.2245460606036692, -0.09418817741103744], [0.24259174142706225, 0.924448315338083, -0.29418456665835785], [0.021014116398866255, -0.3081791344915385, -0.9510962243516802]], "T": [0.05316991848820758, -0.10775140064738381, -0.0033165855580931103], "aligned_model": [[-0.27930484909281533, 0.3398830086278399, 0.48043859299780334, -0.6177996858953666, 0.20700702727074988, -0.5696072715174865, -0.4866056834142662, 0.7254067489341842, 0.3946366157641711, 0.11555246880644737, -0.46563698068425846, -0.25702399825046063, 0.6588176046791532, 0.015424291235177509], [-0.19778968472038305, -0.49897431586600793, 0.08934462031056728, -0.02153377011002261, 0.5777314151227779, -0.5948162760662277, 0.4761939635474283, -0.1746908205457115, -0.5211118590606101, 0.0640821497886444, -0.13549420755132338, 0.6278324640761745, 0.18825902350074974, -0.06808423624485378], [-0.6139742760886037, -0.4677378368957199, -0.5865910725810796, -0.09563587602942697, -0.0005589620075512891, 0.24744224949816912, -0.11874781903450995, -0.0750608699349306, 0.48399695073360327, 0.608788475545372, 0.67083862104033, 0.4340587084033481, 0.384327450369247, 0.04566929570677346]], "inverted": true, "swapped": true, "error_lsq": 0.03680564206919453, "error_max": 0.20113809430137428, "target": "385.xyz", "model": "20.xyz", "model_rescale": 4.121658175737393, "target_rescale": 4.103839605669019},
{"mapping": [7, 9, 8, 3, 15, 0, 14, 4, 12, 5, 13, 6, 16], "R": [[-0.1303854148239278, -0.3869794605020252, 0.9128233896821192], [0.12566100270650732, 0.9068080794818703, 0.40237845293355035], [-0.9834678215376382, 0.16717058394335918, -0.06960632057542523]], "T": [-0.0937165642188671, -0.025361589656915998, 0.011287320607161248], "aligned_model": [[0.17865081371100705, -0.13752640873239147, 0.37069087478636364, 0.7045952971224239, 0.4823271643533328, -0.2736241279268009, -0.36758125498328, 0.366482989261524, -0.6868886360009001, -0.16048520341783576, 0.016472592173619238, 0.42051878160778533, -0.03254997729055338], [-0.5160230475050703, -0.121529575256027, 0.4628208286215604, -0.2752925759835042, 0.24665325638703484, -0.7041522016631439, 0.5438989986692964, -0.5446792206602077, -0.05064969238704166, -0.051918779626417166, 0.5912494420225709, -0.01838436623028271, -0.021166162225584813], [0.5863887061537496, 0.6858160133139783, 0.531305744923072, 0.3702214509246909, -0.036383464706894894, 0.17044827615644614, 0.0007713784851533997, -0.09864775272244322, -0.3024869123401983, -0.6642621956872136, -0.3528418350587047, -0.5719900722674803, 0.05177040230763352]], "inverted": false, "swapped": true, "error_lsq": 0.03961300346343482, "error_max": 0.23493479851154836, "target": "385.xyz", "model": "21.xyz", "model_rescale": 4.08911054899281, "target_rescale": 4.103839605669019},
{"mapping": [5, 9, 10, 1, 11, 14, 15, 8, 0, 6, 7, 0, 12, 3, 13, 2, 16], "R": [[-0.6093463438963367, -0.07947247028496185, -0.7889113762945579], [-0.6374748533909986, 0.6407714341814816, 0.42782914864596616], [0.4715112347275432, 0.7636072914815659, -0.44111343203522446]], "T": [-0.04835028145697416, -0.04548852178248371, 0.04171248324857375], "aligned_model": [[-0.16774562218247874, 0.3359402539152667, -0.19859162256949808, -0.4275114152924755, -0.13557714949936817, 0.5920358022757547, 0.3709167637854508, -0.5919197340156356, -0.5982320302796024, -0.7471896099803035, -0.3067294917428193, -0.5982320302796024, 0.38155116738575656, 0.5959234221760348, 0.13564117893550148, 0.14419244500172462, -0.06092170269304949], [-0.5537969689253068, -0.3633647674692584, -0.05113940294447532, -0.3128747725049322, -0.783153869119319, -0.02197631299425011, -0.4651716928690872, -0.4736353943898323, 0.4371050525395031, 0.045266010096618306, 0.4585631067546229, 0.4371050525395031, 0.27396059628386465, 0.4878077339449897, 0.5812844568790373, 0.03385264187882396, -0.0004874545166599492], [-0.43273069472373127, -0.46703410240475157, -0.7510869971862585, 0.6857154403684992, 0.22646729127366588, 0.007428000659209386, 0.465490961435648, 0.08626047738632571, 0.2962962661456223, -0.20108647968956594, -0.38836695995998904, 0.2962962661456223, -0.46632935684300597, 0.27577512812925625, -0.058451091720806286, 0.7330055525107884, 0.0507961909415781]], "inverted": true, "swapped": false, "error_lsq": 0.042301640399043015, "error_max": 0.3632706561171684, "target": "385.xyz", "model": "22.xyz", "model_rescale": 4.204369325754507, "target_rescale": 4.103839605669019},
{"mapping": [5, 4, 0, 3, 13, 2, 1, 14, 12, 10, 7, 9, 15, 11, 8, 16], "R": [[0.7893024589990232, 0.4542174818378245, 0.4131441726697851], [0.20212068859627905, -0.8275758682490988, 0.5237035511939141], [0.5797834556620788, -0.3298555160743202, -0.7450144180187941]], "T": [-0.0059868476999918735, -0.025325773380929062, -0.12789202735078312], "aligned_model": [[-0.4739556381527454, 0.22029968162561508, 0.5875180919103157, 0.346399198447437, -0.6999516369407267, 0.4987642293339081, 0.09158102109642362, -0.3722617656687212, -0.15923253017793543, 0.2607406946947059, 0.7188267713201669, 0.555246519850056, -0.281688293025565, 0.06343452498379655, -0.003221361442983503, 0.014665590117638311], [-0.23981363827490787, -0.6887452278855053, -0.17610716183674985, -0.6360387966826042, 0.07072238985241278, 0.3422029171377514, -0.24176295547122562, 0.4749415375682767, 0.30234779042265425, 0.6412035965505603, -0.2730945503971716, 0.21102096464560904, -0.34790706955017003, 0.6071163323599473, 0.0615278941805274, -0.0552618936417687], [-0.571209804414292, -0.17510627597373105, -0.5066696609987786, 0.4478290105152035, 0.05684691877273845, -0.44679356475639664, -0.8387013872314117, -0.006461498362568083, -0.6936593474831065, -0.09092277673021473, 0.1148632182247803, 0.18083741372652237, 0.349623394259135, 0.4042369706540998, 0.7187863632229383, -0.06405521675004036]], "inverted": true, "swapped": true, "error_lsq": 0.042801749152207115, "error_max": 0.34253271570574606, "target": "385.xyz", "model": "23.xyz", "model_rescale": 4.410303926677745, "target_rescale": 4.103839605669019},
{"mapping": [13, 14, 7, 12, 6, 9, 15, 12, 2, 0, 1, 3, 11, 8, 10, 4, 16], "R": [[-0.415433194463236, 0.19579684801078434, -0.8883011061836594], [-0.39286969852711046, 0.8421560569469825, 0.369359683407283], [0.8204076187586806, 0.50243086097149, -0.2729369323234925]], "T": [0.007664971137371163, -0.033918551203633275, -0.023776815605789557], "aligned_model": [[-0.13314031545878094, 0.46358353525654794, -0.4093795724194691, -0.6112590695973686, 0.0197903699585201, 0.625285713020843, 0.5104599384950037, -0.6112590695973686, -0.6074974753730972, -0.7381471455836339, -0.34862669031429816, -0.44767675384398464, 0.29572296204611803, 0.5082706822231478, 0.2998501398609992, -0.02989331244765689, -0.06253331128486425], [-0.6500350460699501, -0.47611786270869116, -0.10206534842961523, -0.5168371716834141, -0.7679073042099102, 0.07068758722729923, -0.3713229664377693, -0.5168371716834141, 0.30444376362192027, 0.04942350207153617, 0.5646026473655306, 0.7081338803970784, 0.0880564531025246, 0.3832715001876328, 0.5474344870254548, 0.35121696651626166, 0.06319609889136826], [-0.3316094971868006, -0.2577597675715181, -0.5369636815714001, 0.1491349323414947, 0.17373666475318764, -0.02848411061062594, 0.35393957563914585, 0.1491349323414947, 0.5593012747796473, 0.06110074205334746, -0.5249394403232339, 0.20265879749545293, -0.5741096047514953, 0.47727512811153666, -0.04476296330774748, 0.5455599751568708, -0.014767064881249393]], "inverted": true, "swapped": false, "error_lsq": 0.05130752568661082, "error_max": 0.4721432408414962, "target": "385.xyz", "model": "24.xyz", "model_rescale": 4.28219845311461, "target_rescale": 4.103839605669019},
{"mapping": [2, 7, 12, 9, 10, 3, 1, 11, 4, 8, 6, 15, 13, 14, 5, 16], "R": [[0.08268259887080942, -0.9831274951534167, 0.16316836739189877], [-0.841162981142848, 0.01895451681192195, 0.5404494106272144], [-0.5344234528899773, -0.18193695217243638, -0.8254032459563987]], "T": [-0.07449754931879328, 0.10474493901206233, -0.018365659374076748], "aligned_model": [[0.023707689653984385, -0.46805256187778826, 0.13186069722790789, 0.04317097333872556, 0.46144070619668687, -0.600067764508289, -0.48150540250211105, 0.616274207788371, -0.7649031675364597, 0.21640579596821224, -0.48541308432186303, -0.16367615280706482, 0.2775904231522573, 0.5290402066305693, -0.2351587426370766, -0.09239305764505168], [0.20836832882955755, -0.45017003808336925, 0.7101061077398785, -0.39152841961451007, 0.021237069449473372, -0.6231259597180931, 0.6788280326294318, -0.34079067654883055, -0.015260273451342163, -0.6471172085624439, 0.2599541563394905, -0.23567316746051875, 0.24827883105669962, 0.20280921543256067, 0.6835221254428367, 0.035673252233411806], [-0.7047817888479937, -0.44598474070761895, -0.22306298134543498, -0.47226368041884403, -0.4901371404332559, 0.1319038966863635, -0.2760237622476119, -0.12925303226564144, 0.031624165165550194, 0.25457033915506866, 0.6233178385690985, 0.5147887712870963, 0.598378159449435, 0.14068039100579938, 0.29902279963781564, -0.0008532141120796213]], "inverted": true, "swapped": true, "error_lsq": 0.041692898935911486, "error_max": 0.26479546612970295, "target": "385.xyz", "model": "25.xyz", "model_rescale": 4.100010024507729, "target_rescale": 4.103839605669019},
{"mapping": [15, 4, 0, 1, 11, 10, 9, 12, 5, 14, 13, 16], "R": [[-0.33087583403211807, 0.3017680075270171, 0.8941237342150831], [0.27926903753669613, -0.8737386015400854, 0.39823317397236424], [0.901404452577686, 0.38146680827032653, 0.20482452748919577]], "T": [-0.05222494378323486, -0.01018280002383156, -0.01595660581372465], "aligned_model": [[-0.6260006307499514, -0.052109518893379975, 0.4331861843181445, 0.6194961269766736, -0.4488093240746859, 0.07888181931039404, -0.17432081626820234, 0.501600456469326, 0.2249341789616778, -0.18248461335945168, -0.3847854821943959, -0.11282277813314176], [-0.25237019588202536, -0.6756387980259738, -0.22435494103632922, -0.334265863713484, 0.6955446560826387, 0.6509014070348551, 0.26403249675402757, 0.22860496561383256, -0.28456095677913223, 0.5071194584875515, 0.12133275500912355, -0.030213593494445037], [-0.15814550763603413, 0.2092731716191792, 0.47083078815611107, -0.08927413327655273, 0.16469001503280992, 0.23414416626290907, 0.5972767185828077, -0.3112610134348189, -0.5722208705835873, -0.3544840982402976, -0.6460740580853769, 0.02043711145720701]], "inverted": true, "swapped": true, "error_lsq": 0.04260744799673, "error_max": 0.28410218351467553, "target": "385.xyz", "model": "26.xyz", "model_rescale": 3.6694154284099745, "target_rescale": 4.103839605669019},
