[{"mapping": [6, 4, 7, 9, 5, 3, 0, 11, 8, 13, 12, 14], "R": [[-0.5557245257609335, -0.7093743793984124, 0.4335415104934047], [-0.8267916090632732, 0.526202126814932, -0.19881387506410608], [-0.08709699564479396, -0.46893422949125785, -0.8789282119496967]], "T": [-0.0059998306366150864, -0.021334229670327415, -0.08885773751975047], "aligned_model": [[-0.16743461260861958, 0.21638802645177396, 0.41950728822544575, -0.18904456392933275, -0.25993775320818363, -0.3983534252851129, 0.2900485724554048, -0.2908380949020911, 0.6423844068331561, 0.14299084670281412, -0.44084173504231, -0.1272264932323959], [-0.3012387907928732, -0.625921883758644, -0.2640608755247038, 0.7306593095579161, 0.3284176346549744, -0.563176636426114, -0.27105206027664924, -0.5371307250992147, -0.030263075398831593, 0.29076170514819033, 0.29952838881723776, -0.0029679549242308118], [-0.6124134898280793, 0.08248715797913163, -0.5793682619564766, -0.04265554922669339, -0.5785550408058341, -0.033827209834474375, 0.6475831028519422, 0.6094643796714809, -0.1102657099843274, 0.46691189854233495, 0.37937391105476015, -0.04678344311020183]], "inverted": true, "swapped": true, "error_lsq": 0.04312701025794042, "error_max": 0.21848694202045704, "target": "386.xyz", "model": "0.xyz", "model_rescale": 3.751011558992144, "target_rescale": 4.221019331412267},
{"mapping": [12, 4, 10, 6, 7, 8, 1, 0, 3, 5, 2, 11, 9, 13, 14], "R": [[0.5787995322210437, -0.7701174678201829, 0.26816074891551706], [-0.8039646535186945, -0.483853824914191, 0.34572577573631014], [-0.1364988549155886, -0.4156976808621109, -0.899201590708444]], "T": [-0.06631970849828174, -0.08147368913081364, 0.07553722423469031], "aligned_model": [[-0.03446196621755952, -0.4886229116968896, -0.4260165342438475, -0.7941081531491331, -0.3834347067939588, 0.13498921216116322, -0.452686761762704, 0.08602090002679584, 0.3727960185341596, 0.3933080556653409, 0.6957445408839203, -0.5400222517473873, 0.10232804509571912, 0.5555222237260453, -0.06525299460241692], [0.5916034249306003, -0.7266976842640224, -0.5859038375016534, 0.10268597978114109, 0.45719725680158596, -0.6253049379807769, -0.07376357051329781, 0.24615534041281584, 0.5150636682119436, -0.4252642956975134, -0.13195663123393375, 0.22526260217714889, -0.12415012816258651, 0.13221133284220687, -0.0483450563855628], [0.3884707425109285, -0.10030352923942512, 0.6127728960696845, 0.06392079409997131, -0.14570633761846488, -0.24717091538544947, -0.5044167426096681, -0.591513056099554, -0.11081311539490427, 0.3217817860874759, -0.2413975551099922, 0.6396734994737873, 0.7110891718310757, 0.38400686781811344, 0.11918545738635583]], "inverted": true, "swapped": false, "error_lsq": 0.03848830094194475, "error_max": 0.20717401605838182, "target": "386.xyz", "model": "1.xyz", "model_rescale": 3.9405287249114394, "target_rescale": 4.221019331412267},
{"mapping": [9, 2, 12, 6, 3, 13, 5, 1, 4, 8, 7, 10, 14], "R": [[0.8510843586448539, 0.39439076661943195, 0.3465708263478261], [-0.1973392378770089, 0.851992634245676, -0.4849389408835256], [-0.4865312319514541, 0.3443319247418848, 0.8029463779975283]], "T": [-0.10312627134730513, -0.14562714623186038, -0.007594130561176315], "aligned_model": [[-0.44379648647453185, 0.3365193072958904, -0.2863745553337349, 0.4474126358209132, 0.40840611917666103, -0.6825156510326568, 0.12827604099070067, 0.6916067048780321, 0.007922372813149003, -0.4766564495170241, 0.05415407164992815, -0.6247877413931036, -0.06418308959029226], [0.5177687931671262, 0.5494003912997284, 0.4086020756533304, -0.25294123147363073, -0.25018537235241, -0.00533878399014906, 0.25948371174846296, 0.273042525577043, -0.7228637334598869, -0.6099700836603553, -0.6389416928285464, -0.023904187466559673, -0.04531981864213577], [0.2045000271716441, -0.3888351293231103, -0.4205483828957869, 0.2452081177386356, -0.4294532145752365, -0.27798108468480137, 0.44951903546636374, 0.04065785631893978, -0.3219311863871933, 0.24892290089505908, 0.45335788344459704, 0.38958416089858966, -0.07988063447905648]], "inverted": true, "swapped": true, "error_lsq": 0.049222310078582736, "error_max": 0.2733863994030515, "target": "386.xyz", "model": "2.xyz", "model_rescale": 3.932901565614263, "target_rescale": 4.221019331412267},
{"mapping": [4, 7, 8, 3, 0, 13, 10, 11, 2, 12, 5, 1, 9, 14], "R": [[-0.4248664954210937, 0.5138778136911608, 0.7452637477192826], [0.8948405062279219, 0.3629295493816594, 0.259889612334511], [-0.1369267303427439, 0.7773105780713512, -0.6140352886732384]], "T": [0.12789365715044457, -0.10026260979718632, -0.07095821039413298], "aligned_model": [[-0.2622766500596816, 0.5171478915845248, 0.2682825572967361, -0.2523293387351787, -0.5653211822932855, -0.17272819256433078, 0.48562291716354444, -0.7716550724738359, -0.09144435056103606, -0.20704200261248148, 0.6647201623128185, 0.32133740459458315, 0.40864782823605916, 0.07684794016426748], [0.03837543477374042, 0.006055714717683208, -0.5010031429435358, 0.45082801162753344, -0.4913314203702586, -0.6482043010188341, -0.6588057524982933, 0.05959243903879807, 0.380457619258646, -0.23689427894575477, 0.0861077012541307, 0.6881836510005999, -0.4563574795163095, -0.05350755802765704], [-0.593345315555629, -0.6346519767608446, -0.5615070120231234, -0.1188382307293287, -0.3135837140729375, 0.12363980945220758, -0.0019864951778795215, -0.06141424696568361, 0.6655844642924038, 0.5458327341742206, 0.251063053621829, 0.31652735351656763, 0.557935929193794, 0.038640010091500435]], "inverted": true, "swapped": true, "error_lsq": 0.047907735301368784, "error_max": 0.3056849707081344, "target": "386.xyz", "model": "3.xyz", "model_rescale": 3.9243930471874484, "target_rescale": 4.221019331412267},
{"mapping": [10, 5, 8, 13, 4, 9, 12, 7, 3, 1, 11, 2, 14], "R": [[-0.05363437964007982, 0.9895451870512346, -0.1338793341197995], [-0.8577462625498802, -0.11430070565634903, -0.5012052451522954], [-0.5112677404279833, 0.08795266607782715, 0.8549091332577202]], "T": [0.10435410989288786, -0.05914861816879678, -0.1904672179896102], "aligned_model": [[0.045111122638556836, -0.4553295303478674, 0.575768565399636, 0.21839172172519578, 0.6829990028042997, -0.45844352405470956, -0.24301727016725816, 0.391066706176234, 0.15725085009602874, -0.5297523257846669, 0.44015378300287045, -0.5663380343111485, 0.019344819134181332], [-0.5827123067301232, 0.04400970122361893, -0.26103475800092535, -0.6596719429241645, 0.2203131247849368, -0.5861120631283949, -0.4176698728724563, 0.25672490792137015, 0.44879467826692077, 0.5642176960077172, 0.026766462901405455, 0.12976335615283258, -0.055559429921150406], [-0.5992080841983398, -0.5109775422408582, -0.5878971396780793, 0.04373171955117419, -0.013230410856597874, -0.27233693479373633, 0.32146716524470187, -0.736903774271332, 0.245145498137593, -0.05431833473039857, 0.6549260746433895, 0.38934354902461754, -0.09267147046117001]], "inverted": false, "swapped": true, "error_lsq": 0.04385776951989029, "error_max": 0.22507131491846344, "target": "386.xyz", "model": "4.xyz", "model_rescale": 3.8936222436046832, "target_rescale": 4.221019331412267},
{"mapping": [11, 13, 4, 3, 8, 10, 9, 5, 1, 2, 6, 14], "R": [[-0.8183204849038116, -0.5739027668008975, 0.03141971109137687], [-0.0600716646203554, 0.031033244939304983, -0.9977115479026375], [0.5716143622203088, -0.8183352320209683, -0.059870434578828347]], "T": [-0.1987900135620588, 0.039664166630989525, -0.058588682930251504], "aligned_model": [[0.02215399287334055, -0.61802325107589, -0.22438581405760324, 0.3270858423982925, -0.7564619166993634, -0.7224483825677377, -0.3299795450190059, 0.04786951886783625, 0.6585265338165214, 0.5263883708818102, 0.20940457118488195, -0.11258187838798579], [-0.5498122073808264, -0.4622718492640025, 0.14449735421387427, -0.03009273799965244, 0.3336846774758858, 0.07777572817762851, -0.276309069591441, 0.2651113160775934, 0.16350161434495752, -0.44430944218069807, 0.49990036001244315, -0.05275283877595505], [-0.7208076734062807, -0.03055813987408938, -0.7163854003499316, -0.4698689454570844, -0.21186664163295382, 0.3525404752118222, 0.6371731444629448, 0.5026126551227836, 0.18407502668656978, 0.18956866351329582, -0.06743205489549547, -0.029766390106062416]], "inverted": false, "swapped": true, "error_lsq": 0.03918248673761943, "error_max": 0.2372931146215592, "target": "386.xyz", "model": "5.xyz", "model_rescale": 3.6523030999806103, "target_rescale": 4.221019331412267},
{"mapping": [1, 5, 9, 2, 12, 6, 10, 3, 7, 0, 13, 11, 14], "R": [[0.37415113452237525, 0.33112723949775313, -0.8662365033858925], [-0.9141131946958307, -0.025676022795828035, -0.4046452880441962], [-0.15623058541336254, 0.9432367110730933, 0.29308106568902115]], "T": [-0.10506378232963237, -0.025673925294370632, -0.03145627093430361], "aligned_model": [[0.23943465512146273, -0.16510741459320075, 0.09914083781547889, 0.6881867123557894, 0.5312341455205516, -0.2835961471784324, -0.4094792591951114, 0.22747514431994237, -0.7435992647086336, 0.06573700141953381, 0.10332172023659628, 0.5093795089296498, 0.018955264620667586], [-0.6095901204361228, -0.04604924173606142, 0.5494643684038361, -0.22957961864609983, 0.29521798001340394, -0.5467769675005909, 0.5458767727356366, -0.5844716510958248, -0.2955218762412838, 0.20214389444604813, 0.531958087195349, -0.23757767779308653, -0.03426704518202043], [0.5597930465920417, 0.6186159501835883, 0.44671808624474396, 0.3569666078779715, 0.02714842698472434, 0.24258057339070846, 0.12778813321854438, -0.19796711103696157, -0.026199988410646934, -0.8132969814008413, -0.303676776774284, -0.6736313890667018, 0.005271161678901744]], "inverted": true, "swapped": true, "error_lsq": 0.0482766758721821, "error_max": 0.3444912985215664, "target": "386.xyz", "model": "6.xyz", "model_rescale": 4.08911054899281, "target_rescale": 4.221019331412267},
{"mapping": [4, 13, 12, 7, 6, 1, 2, 0, 3, 11, 9, 5, 10, 8, 14], "R": [[0.6975763804384453, 0.6242325804114262, -0.3517397887747278], [0.537128474969276, -0.13068525649120943, 0.8333152855390371], [0.47421534647412833, -0.7702305169809356, -0.426456042142333]], "T": [-0.07110220664920416, -0.05379392523636165, 0.13892915716565202], "aligned_model": [[-0.038190382175846, -0.45340589469755765, -0.37007962984821985, -0.8330022358998419, -0.25121070912260757, 0.1401344384786542, -0.49227847783309764, 0.12170624579576939, 0.2816115471924503, 0.19893707050043166, 0.6658413359941762, -0.5014587579577431, 0.1341609375240542, 0.479970591262289, 0.07336663666633605], [0.5928560450427507, -0.6680607293156127, -0.5020616042214391, 0.05267604724331278, 0.291400277575473, -0.457334174439983, -0.15618663576526318, 0.2859816106331312, 0.5777785384114151, -0.539922422589919, -0.13265079015740502, 0.24080110313866118, -0.16185881560827384, 0.22293542386938744, -0.11756041039813944], [0.41751508188209013, 0.02750785820304938, 0.6054808760627164, 0.052549443543147584, -0.17339256179632712, -0.43594509506974033, -0.5409721773774054, -0.7166605044094877, -0.1822571863774382, 0.3267826527797377, -0.11651774087548505, 0.6943643357291532, 0.8211783195799404, 0.4302856604918878, 0.08966100145409545]], "inverted": true, "swapped": false, "error_lsq": 0.05028471134480287, "error_max": 0.332080686688984, "target": "386.xyz", "model": "7.xyz", "model_rescale": 3.964800864290218, "target_rescale": 4.221019331412267},
{"mapping": [7, 4, 6, 8, 5, 0, 10, 3, 11, 12, 13, 9, 2, 14], "R": [[-0.8726557823357, -0.47611264143542914, 0.1085754954925196], [0.4426655930377375, -0.8651259431172387, -0.2358055879025281], [0.20620149925889442, -0.15771447368864794, 0.965715841483662]], "T": [-0.0020088414527220447, 0.03222841832570729, -0.025366557549752408], "aligned_model": [[-0.16303795370523264, 0.04133130033483992, 0.37090992503665166, -0.557577873735051, 0.16150545582303918, -0.29740003203695325, -0.5710944236959683, 0.5715279418890473, 0.3351803191167283, 0.13656747648846299, -0.3851369846179802, -0.19015575232188994, 0.7219680114452117, 0.0866004794399668], [0.01306071457734724, -0.5933842004627756, 0.15906653313098446, -0.1345133886243079, 0.6517444622399133, -0.6627326589704104, 0.3736318116626024, -0.3147950039858464, -0.6926675831318405, 0.12717488202653998, -0.0848823586529902, 0.6365827603945969, 0.2781976701567544, 0.05446482582063469], [-0.6993660616544538, -0.25135803303578264, -0.4979785169576594, -0.3160216197012052, -0.15216257437976421, 0.32409289479354525, 0.040078735090283105, -0.059909262871927355, 0.4169703026713508, 0.6696607452472259, 0.49230116856718137, 0.42239550960551503, 0.46151418298781466, 0.06659756836289794]], "inverted": false, "swapped": true, "error_lsq": 0.041955778372400575, "error_max": 0.27100892454359815, "target": "386.xyz", "model": "8.xyz", "model_rescale": 4.121658175737393, "target_rescale": 4.221019331412267},
{"mapping": [2, 3, 6, 5, 11, 12, 4, 13, 8, 0, 9, 10, 14], "R": [[-0.42042383187070803, -0.3597932409540301, 0.8329421500674257], [-0.4808172348139601, 0.8668651133255179, 0.13175607008784926], [-0.7694534347840731, -0.345099549496855, -0.5374455438796195]], "T": [0.10085396624128543, 0.015831653914220624, -0.11494092733816974], "aligned_model": [[-0.7137885001036356, -0.2576606249235537, 0.24147436531682073, 0.14040297223777568, -0.5053249746272247, -0.517748830932455, 0.20404883325553208, -0.06754836354403967, 0.6633117284817541, -0.03360871348337466, -0.08457411053253308, 0.43223784064981685, -0.02448412535968636], [0.29785160925251297, -0.3449529640991462, 0.0826599774257199, 0.6143080663491973, -0.6637011617368858, 0.1827578222056296, -0.6314035837203715, -0.03621885500181315, -0.16969764269036958, -0.6306483293164354, 0.669093954225223, 0.3742932874358464, 0.04604525908260205], [-0.39515264854765614, -0.5529644921114344, -0.710153709864867, -0.37354514974820724, -0.04000839137583739, 0.20246640112959674, -0.23650996227679044, 0.515466387560179, 0.1499369516309782, 0.3913516583341682, 0.2592236019355573, 0.33935825635339206, -0.12839346905999036]], "inverted": true, "swapped": true, "error_lsq": 0.04946369440300894, "error_max": 0.3145101791043388, "target": "386.xyz", "model": "9.xyz", "model_rescale": 3.833441315466971, "target_rescale": 4.221019331412267},
{"mapping": [4, 10, 11, 12, 1, 8, 0, 13, 5, 9, 2, 6, 7, 3, 14], "R": [[0.7664337251424409, -0.40374175300696735, -0.49957175845231927], [0.6394853447177268, 0.4065927078832728, 0.6524882096922502], [-0.06031449954639004, -0.8195577873310755, 0.5698132978173289]], "T": [-0.139016478668677, -0.020767691677795547, 0.11633049003043963], "aligned_model": [[0.13404897708640534, -0.4724667315034817, -0.38709777558643454, -0.7278032487084802, -0.6111605030862896, 0.10492595838753033, -0.41259308139746365, 0.18135994161873953, 0.12571400263852744, 0.5422588703219857, 0.5347331321542019, -0.42593179093944994, 0.03823250428264474, 0.5849961504094323, -0.053113689798619856], [0.6495244041449183, -0.6394406262138593, -0.5725821512777193, -0.02177947665231908, 0.4855953522167933, -0.7476798171608252, 0.09205234285868587, 0.025154085593308534, 0.4779402653397594, -0.44319491626762264, -0.008995422878949139, 0.4604596435795355, -0.3173616762275423, 0.13246887831232082, -0.0433674219483889], [0.4510786688770192, -0.3100600263706761, 0.43143928606701176, 0.24419437479871187, -0.14112906193524807, -0.023848722428336355, -0.49706207916992906, -0.612323530140134, -0.2560179319364635, 0.24014190031116164, -0.13381572827193963, 0.5001656414048398, 0.6860047681521068, 0.570913943645615, 0.14989846081619515]], "inverted": true, "swapped": false, "error_lsq": 0.05089738746645913, "error_max": 0.31245625536658544, "target": "386.xyz", "model": "10.xyz", "model_rescale": 4.2482417240324, "target_rescale": 4.221019331412267},
{"mapping": [13, 10, 7, 5, 11, 3, 4, 1, 9, 2, 12, 14], "R": [[-0.2381117641200718, -0.5931224020529581, -0.7690959653843963], [-0.9533620956969455, -0.008492008590750555, 0.3017094633557631], [-0.18548181117283502, 0.8050675139222945, -0.5634383690795479]], "T": [0.00479125623074457, -0.05271434019924142, 0.11861724353328504], "aligned_model": [[-0.581484558379248, -0.07122900178501321, 0.39865553012009336, 0.5247721795935165, -0.5939786957118489, 0.0577323217531637, -0.18831237212600932, 0.6333943995182052, -0.028376272937791228, 0.10413114985974604, -0.36824776414645505, -0.010291313395352004], [-0.278907167564951, -0.7066817355369568, -0.24808268287719276, -0.2238200808356896, 0.6349071251254264, 0.6108207522658197, 0.2671497383177171, 0.46327551892033, -0.4667362004058138, 0.5035492188049921, 0.08835440667044259, 0.022302497166515715], [-0.06468430279021209, 0.012573245899082486, 0.6545978885439854, -0.23769294271558236, 0.17764186483962, 0.20511187121937177, 0.6706495103980545, -0.2658637122568879, -0.5360736101604509, -0.590183610263078, -0.4748662662875931, 0.013982353428046934]], "inverted": false, "swapped": true, "error_lsq": 0.041167657722820154, "error_max": 0.23268942624959785, "target": "386.xyz", "model": "11.xyz", "model_rescale": 3.6694154284099745, "target_rescale": 4.221019331412267},
{"mapping": [3, 11, 12, 0, 4, 1, 6, 5, 13, 10, 9, 8, 2, 14], "R": [[0.18541109048680746, 0.9385806477369287, -0.2910139089772529], [0.5229152076918374, 0.15649682315053046, 0.8378952380270426], [0.8319750074906673, -0.3075306684503506, -0.4617818477088343]], "T": [0.13959942411856052, -0.026538443748355525, 0.07398732469343988], "aligned_model": [[0.015367111210823528, 0.23019708123817736, -0.28355306251391527, 0.6517212599281715, 0.6138879847685379, -0.5783670303419673, 0.0016667646641805867, -0.32521881877168723, 0.260026939373065, 0.2526205291310254, -0.3145913205493014, 0.7191745873346456, -0.6768856243715919, 0.032218449155645784], [-0.2744168065123744, 0.29342036701570445, 0.5230526736259417, 0.48575339751333274, -0.1837616608448589, -0.5253543826190773, -0.6251614802210709, -0.2744802930248093, 0.6157918688361386, 0.24752718183472028, 0.39442581601155247, -0.02459779369310862, 0.0644986378961022, 0.014289762318060943], [-0.5373109213966705, -0.77704209006484, -0.09971574164879898, -0.3354477225694083, -0.36723017825981014, -0.13795578377752538, 0.04017283663399959, 0.4601001636646996, 0.11128298044074511, 0.6713247719737356, 0.5405000888201411, 0.3655846652690287, -0.3091061720438778, 0.013938562610996505]], "inverted": false, "swapped": true, "error_lsq": 0.04569501310674702, "error_max": 0.26446823679817905, "target": "386.xyz", "model": "12.xyz", "model_rescale": 3.9764082729961374, "target_rescale": 4.221019331412267},
{"mapping": [2, 6, 5, 4, 7, 13, 14, 3, 8, 12, 10, 0, 9, 1, 15], "R": [[-0.3156160327948316, -0.8208865565278514, 0.47595354936663575], [-0.9117473569873182, 0.12339559077055107, -0.3917783623492067], [0.26287502138752444, -0.5576009231432758, -0.7873867751240651]], "T": [-0.03580561675321707, -0.09373378453162415, 0.07910956511584785], "aligned_model": [[0.13486994353254106, -0.49310162539104613, -0.5131788568473031, -0.7469076458965194, -0.4586698466065739, 0.1508689727593321, -0.16665561391094086, -0.1877011449554543, 0.3259790473289386, 0.41038005960300966, 0.7518877920365142, -0.37877222503483965, -0.025724049407045244, 0.47213309847800194, -0.11930518980936734], [0.6309518471615995, -0.6426836679740322, -0.5074269301118325, -0.023280943754827824, 0.5325180864889845, -0.6130155473306885, -0.34917489047926886, 0.3671406604254007, 0.43053352721318594, -0.47079975905038995, -0.024725158550766402, 0.28035629669432927, -0.14192613153915845, 0.12309183097198981, -0.06276575674642924], [0.36539631340269263, -0.19143283757125176, 0.630287101647177, 0.15145611412812063, 0.07380522003803378, -0.1854270006770806, -0.6668369203716412, -0.6086156284108462, -0.22733533909921752, 0.33592297602543775, -0.06554105620225348, 0.5982804909528219, 0.6783382244833484, 0.3926498213697027, 0.018632484104890275]], "inverted": false, "swapped": false, "error_lsq": 0.04363291538120977, "error_max": 0.32785718730073576, "target": "386.xyz", "model": "13.xyz", "model_rescale": 4.170626492500431, "target_rescale": 4.221019331412267},
{"mapping": [12, 12, 10, 13, 5, 7, 8, 2, 1, 11, 3, 4, 6, 14], "R": [[0.48710604405645985, 0.8728092620826888, -0.030523660762414806], [-0.01838586619610655, 0.045191063008747784, 0.9988091548180558], [0.873149278054953, -0.48596477222820594, 0.03806019423627219]], "T": [-0.11684321965197972, 0.1116047253561817, 0.024002773222550233], "aligned_model": [[0.09699579504993697, 0.09699579504993697, -0.4110381003642307, -0.4679935592572453, 0.3424460082932833, -0.30789428128612334, -0.6938481668354107, 0.6575451877466137, 0.7569601385074232, -0.18861291884409143, 0.18017776392469168, -0.42833091218920605, 0.2338732666564011, -0.024092994360336475], [-0.538629053521336, -0.538629053521336, 0.20432947348083141, -0.37572941226312107, 0.3908596415717323, 0.7655246361219747, 0.3988488702849824, -0.3577089456650308, 0.24316803215228627, -0.5499218518085929, -0.012637670968494108, 0.14576002730810378, 0.5597733555861965, 0.021066419167469166], [-0.1827581686756947, -0.1827581686756947, -0.5672241345512301, -0.23615268057161243, -0.34705568689868327, 0.15230456411310647, -0.050133837843188866, 0.06599663663132252, 0.19244219676900132, 0.6501531855257501, 0.6129894099474171, 0.612348331900705, 0.2578001278952445, 0.025921325554423582]], "inverted": true, "swapped": true, "error_lsq": 0.05102780696644633, "error_max": 0.3259732601152425, "target": "386.xyz", "model": "14.xyz", "model_rescale": 3.9786697098870705, "target_rescale": 4.221019331412267},
{"mapping": [3, 4, 2, 1, 12, 9, 7, 10, 5, 6, 13, 14], "R": [[0.03742074843454609, 0.9989589136289566, -0.026091693464651344], [-0.748869049121157, 0.010745265178303466, -0.6626308825768856], [-0.6616606644307735, 0.04433540523670504, 0.7484915076255205]], "T": [-0.1302383349027964, 0.015227030817418549, 0.033481523051206], "aligned_model": [[-0.13516961304993133, -0.674100438713189, 0.5319944687179505, 0.5742408691285572, 0.14213843185983888, 0.3605400315560516, -0.34664190319808663, -0.12235240481180953, 0.4524690298068463, 0.0843758453362882, -0.3339987848232998, -0.05014093504187922], [-0.4069219586644012, -0.3051032632105252, 0.030856685344224918, -0.4781138528262457, 0.5061269014701938, 0.5916422865166527, -0.432007001832611, 0.45837227534490416, -0.0656355699526392, -0.5525438217055973, 0.6265436694291192, 0.04145814031136405], [-0.488369805533033, -0.18086440864988138, -0.5853073259051313, -0.23021693246849367, -0.40936087828102175, 0.20086236915810118, 0.5169319580100111, 0.5317363449918433, 0.31725546631326207, 0.1339573440644591, -0.0816515705299829, -0.06500606729630304]], "inverted": true, "swapped": true, "error_lsq": 0.05285744895665755, "error_max": 0.25255509308152596, "target": "386.xyz", "model": "15.xyz", "model_rescale": 3.769337070930944, "target_rescale": 4.221019331412267},
{"mapping": [4, 11, 7, 6, 8, 13, 10, 12, 5, 1, 14], "R": [[-0.9694223078620438, 0.03987633754866535, -0.24213687600845518], [-0.23055995523364448, 0.18990410999086155, 0.9543471779448184], [0.08403865814069705, 0.9809925110378183, -0.17490339397972648]], "T": [0.020674709437829134, 0.05617298989816568, -0.029619504784278144], "aligned_model": [[-0.3677992865169013, -0.3493664453968677, -0.1547559675746475, -0.4343154520197931, 0.2698367866744633, 0.5076194176276418, 0.6439276468378466, 0.2541423177329889, 0.08580884863420231, -0.531703209730458, -0.0007685255773047413], [-0.06977300007950657, -0.7457218845929718, 0.6502262420411679, 0.4374942220863501, 0.33870503552745373, -0.35621257129497524, 0.290704629265446, -0.5135795435138217, 0.4325736069639383, 0.16117623326823907, -0.02952847204597773], [-0.5564659964167182, -0.2638561262557767, -0.3409038098407116, 0.1319244483738187, -0.5578562390521628, -0.17558177017587098, -0.06495290804191685, 0.33391330672553926, 0.5001865006066613, 0.6725670837571966, 0.06524311754371807]], "inverted": true, "swapped": true, "error_lsq": 0.04451520948025668, "error_max": 0.22428575577989282, "target": "386.xyz", "model": "16.xyz", "model_rescale": 3.7852294659196426, "target_rescale": 4.221019331412267},
{"mapping": [2, 0, 4, 11, 12, 13, 10, 8, 3, 1, 5, 7, 14], "R": [[0.7527946339373564, 0.008260560937609018, 0.6582036176200478], [-0.5065631599501809, 0.6458013144877364, 0.5712568837109968], [-0.4203498591606869, -0.7634608210896667, 0.4903402599875753]], "T": [0.0056582836477572646, 0.18337384144531077, 0.08099638015911213], "aligned_model": [[0.005915040998983254, -0.3256087277819836, 0.3165430330032305, -0.020983811617254447, -0.477656934212738, -0.6088757594333466, -0.4397728013211419, -0.06381002287368802, 0.43027374568490623, 0.5137981303345677, 0.09628275850641453, 0.44618788825311867, -0.01852668932478501], [0.09859610658619869, -0.5169680933432623, -0.3211865229146943, -0.7008831647892216, 0.0032174611982421775, -0.027551504427660495, 0.5859431804773392, 0.23997459085318795, -0.2359004978458345, 0.4014856977517871, 0.7635116220734766, 0.43022014763969724, 0.15459660044361825], [-0.8215050778078831, 0.384529088081065, 0.38613761795726026, -0.1475039185933567, -0.41421191675987934, 0.16062295358563167, 0.37121498576972123, 0.7235776236807805, -0.2263692551691941, -0.6285345678467404, -0.20508340593048507, 0.5559423517997095, -0.04306178162345531]], "inverted": true, "swapped": true, "error_lsq": 0.04953975882679118, "error_max": 0.26125940465224173, "target": "386.xyz", "model": "17.xyz", "model_rescale": 3.901054581598922, "target_rescale": 4.221019331412267},
{"mapping": [12, 4, 10, 6, 7, 8, 1, 0, 3, 5, 2, 11, 9, 13, 14], "R": [[0.5787995322210437, -0.7701174678201829, 0.26816074891551706], [-0.8039646535186945, -0.483853824914191, 0.34572577573631014], [-0.1364988549155886, -0.4156976808621109, -0.899201590708444]], "T": [-0.06631970849828174, -0.08147368913081364, 0.07553722423469031], "aligned_model": [[-0.03446196621755952, -0.4886229116968896, -0.4260165342438475, -0.7941081531491331, -0.3834347067939588, 0.13498921216116322, -0.452686761762704, 0.08602090002679584, 0.3727960185341596, 0.3933080556653409, 0.6957445408839203, -0.5400222517473873, 0.10232804509571912, 0.5555222237260453, -0.06525299460241692], [0.5916034249306003, -0.7266976842640224, -0.5859038375016534, 0.10268597978114109, 0.45719725680158596, -0.6253049379807769, -0.07376357051329781, 0.24615534041281584, 0.5150636682119436, -0.4252642956975134, -0.13195663123393375, 0.22526260217714889, -0.12415012816258651, 0.13221133284220687, -0.0483450563855628], [0.3884707425109285, -0.10030352923942512, 0.6127728960696845, 0.06392079409997131, -0.14570633761846488, -0.24717091538544947, -0.5044167426096681, -0.591513056099554, -0.11081311539490427, 0.3217817860874759, -0.2413975551099922, 0.6396734994737873, 0.7110891718310757, 0.38400686781811344, 0.11918545738635583]], "inverted": true, "swapped": false, "error_lsq": 0.03848830094194475, "error_max": 0.20717401605838182, "target": "386.xyz", "model": "18.xyz", "model_rescale": 3.9405287249114394, "target_rescale": 4.221019331412267},
{"mapping": [0, 14, 13, 12, 1, 11, 10, 2, 6, 9, 5, 4, 7, 8, 15], "R": [[0.28627576908441843, 0.5725886202883337, -0.7682372393677799], [-0.38629888196333617, -0.6647671973624727, -0.6394198519789014], [-0.8768234473535716, 0.47981959654347817, 0.030883603155277273]], "T": [-0.1830844682608827, -0.030173218770059074, 0.1299989102344758], "aligned_model": [[-0.08595585991861149, -0.6752108211904804, -0.33262609498919127, -0.7142644769317856, -0.35075643357889214, 0.03924793554011527, -0.25011048484086873, 0.19359274906921098, 0.266991178112969, 0.39194903815916665, 0.5966115776081189, -0.35337737826438165, 0.14973446009317903, 0.4511309058644363, -0.1708535788537375], [0.6031565103527984, -0.5552759127600345, -0.6384260320805406, 0.04025738957975336, 0.5356793473017742, -0.653842027384881, -0.3057405664864792, 0.16291680793413105, 0.5108207794124388, -0.49429169731809214, -0.044837491071930136, 0.2540468831439438, -0.17597442625319318, 0.3208512891443954, -0.030547390095988614], [0.37926532515355976, -0.15603915645048316, 0.37288913718340605, 0.24413212190070246, -0.16532533444542935, -0.15428742654739463, -0.603127400110804, -0.6290503625699182, -0.12108048371073649, 0.3372194481187728, -0.15830939337984645, 0.7818303969598506, 0.7329907159557949, 0.3463893203788575, 0.0920830553836027]], "inverted": false, "swapped": false, "error_lsq": 0.04407254459913571, "error_max": 0.2666728691744407, "target": "386.xyz", "model": "19.xyz", "model_rescale": 4.410303926677745, "target_rescale": 4.221019331412267},
{"mapping": [7, 4, 6, 8, 5, 0, 10, 3, 11, 12, 13, 9, 2, 14], "R": [[-0.8726557823357, -0.47611264143542914, 0.1085754954925196], [0.4426655930377375, -0.8651259431172387, -0.2358055879025281], [0.20620149925889442, -0.15771447368864794, 0.965715841483662]], "T": [-0.0020088414527220447, 0.03222841832570729, -0.025366557549752408], "aligned_model": [[-0.16303795370523264, 0.04133130033483992, 0.37090992503665166, -0.557577873735051, 0.16150545582303918, -0.29740003203695325, -0.5710944236959683, 0.5715279418890473, 0.3351803191167283, 0.13656747648846299, -0.3851369846179802, -0.19015575232188994, 0.7219680114452117, 0.0866004794399668], [0.01306071457734724, -0.5933842004627756, 0.15906653313098446, -0.1345133886243079, 0.6517444622399133, -0.6627326589704104, 0.3736318116626024, -0.3147950039858464, -0.6926675831318405, 0.12717488202653998, -0.0848823586529902, 0.6365827603945969, 0.2781976701567544, 0.05446482582063469], [-0.6993660616544538, -0.25135803303578264, -0.4979785169576594, -0.3160216197012052, -0.15216257437976421, 0.32409289479354525, 0.040078735090283105, -0.059909262871927355, 0.4169703026713508, 0.6696607452472259, 0.49230116856718137, 0.42239550960551503, 0.46151418298781466, 0.06659756836289794]], "inverted": false, "swapped": true, "error_lsq": 0.041955778372400575, "error_max": 0.27100892454359815, "target": "386.xyz", "model": "20.xyz", "model_rescale": 4.121658175737393, "target_rescale": 4.221019331412267},
{"mapping": [1, 5, 9, 2, 12, 6, 10, 3, 7, 0, 13, 11, 14], "R": [[0.37415113452237525, 0.33112723949775313, -0.8662365033858925], [-0.9141131946958307, -0.025676022795828035, -0.4046452880441962], [-0.15623058541336254, 0.9432367110730933, 0.29308106568902115]], "T": [-0.10506378232963237, -0.025673925294370632, -0.03145627093430361], "aligned_model": [[0.23943465512146273, -0.16510741459320075, 0.09914083781547889, 0.6881867123557894, 0.5312341455205516, -0.2835961471784324, -0.4094792591951114, 0.22747514431994237, -0.7435992647086336, 0.06573700141953381, 0.10332172023659628, 0.5093795089296498, 0.018955264620667586], [-0.6095901204361228, -0.04604924173606142, 0.5494643684038361, -0.22957961864609983, 0.29521798001340394, -0.5467769675005909, 0.5458767727356366, -0.5844716510958248, -0.2955218762412838, 0.20214389444604813, 0.531958087195349, -0.23757767779308653, -0.03426704518202043], [0.5597930465920417, 0.6186159501835883, 0.44671808624474396, 0.3569666078779715, 0.02714842698472434, 0.24258057339070846, 0.12778813321854438, -0.19796711103696157, -0.026199988410646934, -0.8132969814008413, -0.303676776774284, -0.6736313890667018, 0.005271161678901744]], "inverted": true, "swapped": true, "error_lsq": 0.0482766758721821, "error_max": 0.3444912985215664, "target": "386.xyz", "model": "21.xyz", "model_rescale": 4.08911054899281, "target_rescale": 4.221019331412267},
{"mapping": [8, 3, 4, 2, 11, 12, 14, 9, 5, 7, 10, 1, 0, 6, 16], "R": [[-0.2012495769503053, -0.5479099402258527, 0.8119687833771849], [0.8519689641651589, -0.5069584159516599, -0.13092764641255303], [0.4833709671429076, 0.6654230698566789, 0.5688274309716822]], "T": [-0.10267527114774158, -0.019022320112691105, 0.06890763197854176], "aligned_model": [[0.06302808564702952, -0.5458469980278124, -0.4335326297947434, -0.7865590124214457, -0.3142056855835088, 0.17591404736688018, -0.3736658811071395, 0.11876124189686518, 0.30408856471150447, 0.4574916888918623, 0.6587796663174647, -0.5173323944246881, -0.0035434915238369558, 0.45174623444458606, -0.09902072051376941], [0.5839401514112008, -0.7368029964392744, -0.5012433023933858, -0.11462837455558435, 0.7086830886007844, -0.5123955302715328, -0.28373368031278096, 0.09355152131016846, 0.46115320768745377, -0.4188279014570484, -0.01473458940836608, 0.41702695439477183, -0.23998810016817887, 0.14201629289527806, -0.055223277875409704], [0.36847510942029965, -0.13765602523338488, 0.4487609172679152, 0.2796594769256184, -0.03876201163670216, -0.40431575411010373, -0.44908326663060893, -0.5988053396495862, -0.25000254077719286, 0.24825272395298958, -0.19811933817653987, 0.5865164433247569, 0.8047244654991822, 0.5403389502090715, 0.09959615343421936]], "inverted": true, "swapped": false, "error_lsq": 0.0354091286677959, "error_max": 0.2567365590345297, "target": "386.xyz", "model": "22.xyz", "model_rescale": 4.204369325754507, "target_rescale": 4.221019331412267},
{"mapping": [0, 14, 13, 12, 1, 11, 10, 2, 6, 9, 5, 4, 7, 8, 15], "R": [[0.28627576908441843, 0.5725886202883337, -0.7682372393677799], [-0.38629888196333617, -0.6647671973624727, -0.6394198519789014], [-0.8768234473535716, 0.47981959654347817, 0.030883603155277273]], "T": [-0.1830844682608827, -0.030173218770059074, 0.1299989102344758], "aligned_model": [[-0.08595585991861149, -0.6752108211904804, -0.33262609498919127, -0.7142644769317856, -0.35075643357889214, 0.03924793554011527, -0.25011048484086873, 0.19359274906921098, 0.266991178112969, 0.39194903815916665, 0.5966115776081189, -0.35337737826438165, 0.14973446009317903, 0.4511309058644363, -0.1708535788537375], [0.6031565103527984, -0.5552759127600345, -0.6384260320805406, 0.04025738957975336, 0.5356793473017742, -0.653842027384881, -0.3057405664864792, 0.16291680793413105, 0.5108207794124388, -0.49429169731809214, -0.044837491071930136, 0.2540468831439438, -0.17597442625319318, 0.3208512891443954, -0.030547390095988614], [0.37926532515355976, -0.15603915645048316, 0.37288913718340605, 0.24413212190070246, -0.16532533444542935, -0.15428742654739463, -0.603127400110804, -0.6290503625699182, -0.12108048371073649, 0.3372194481187728, -0.15830939337984645, 0.7818303969598506, 0.7329907159557949, 0.3463893203788575, 0.0920830553836027]], "inverted": false, "swapped": false, "error_lsq": 0.04407254459913571, "error_max": 0.2666728691744407, "target": "386.xyz", "model": "23.xyz", "model_rescale": 4.410303926677745, "target_rescale": 4.221019331412267},
{"mapping": [14, 2, 0, 5, 15, 3, 4, 8, 9, 1, 10, 6, 7, 11, 16], "R": [[-0.979286910293733, 0.18571352700790406, 0.08066990277444705], [-0.1357072732958698, -0.3063259317249441, -0.9422037781326529], [-0.15026870366764453, -0.9336353192971707, 0.32518365158617096]], "T": [-0.05204981861587831, 0.04176570747682805, 0.20765164378477968], "aligned_model": [[0.036178688725162285, -0.5143068070910993, -0.343700902322194, -0.6520806294955277, -0.33441469671423296, 0.03665615846727353, -0.2629443379888868, 0.0052942155726482115, 0.24058449816888167, 0.524202487720714, 0.40378137069905157, -0.6112040489713345, 0.1298146142998195, 0.5275235479514466, -0.02928144314247399], [0.6679916433314863, -0.6626009816481857, -0.6265111193469186, 0.01674209423345964, 0.6441965289635685, -0.7496386654147074, -0.20698775222701865, 0.22433293727173864, 0.49869157545170567, -0.581889231937469, -0.03586618227106832, 0.45592882824871284, -0.26397300591404577, 0.2188568105105569, -0.07048001583371946], [0.44891249384123827, -0.1431759421249738, 0.40445494454338804, 0.020732200699558362, -0.05053699224334157, -0.2107516937161779, -0.39859054459783777, -0.5917778625523653, -0.10540408838395987, 0.3314383375617968, -0.25057882532167547, 0.5137783264308504, 0.76923873752594, 0.39055856164978897, 0.17128231050770462]], "inverted": true, "swapped": false, "error_lsq": 0.03774957201400375, "error_max": 0.3093429716176637, "target": "386.xyz", "model": "24.xyz", "model_rescale": 4.28219845311461, "target_rescale": 4.221019331412267},
{"mapping": [12, 0, 6, 2, 13, 1, 4, 7, 9, 8, 5, 14, 10, 11, 15], "R": [[-0.45199202406452504, -0.811432781443573, 0.37051322699844436], [0.6983501819846462, -0.06346311032892901, 0.7129372040715716], [-0.5549866966910697, 0.5809899094012951, 0.5953490502804296]], "T": [-0.043063998960467295, 0.009416545562361392, -0.0027619634707308494], "aligned_model": [[0.00034779464525484804, -0.5260708224814024, -0.3666936137270687, -0.7082360116112925, -0.39427563639570473, 0.21627782321191036, -0.4220841449558329, -0.11617383002021066, 0.43097824874921176, 0.27906065902254, 0.7668305252739719, -0.33370623299729296, 0.14579758009001287, 0.27399999556699733, -0.08994961849184663], [0.7013437654510095, -0.6405873245507541, -0.6147175144266352, -0.032364185423527245, 0.480172690747311, -0.5253981371746432, -0.20422048582791125, 0.4426580595347673, 0.42031884455881346, -0.5037234116086116, -0.24199084985549746, 0.203533404854847, -0.15861608224909085, 0.24882794117294565, -0.04644325178492745], [0.3193747137116797, -0.10152202273557029, 0.56107993153947, 0.15402001410403607, -0.09195554192607955, -0.24065368936278247, -0.5904281278652069, -0.6450257324344941, -0.2543905229480985, 0.336161547078075, 0.07563358524487822, 0.6739878881193033, 0.7494355895545467, 0.36956810283425423, -0.015705771094076875]], "inverted": false, "swapped": false, "error_lsq": 0.04515414218664036, "error_max": 0.2793687426494127, "target": "386.xyz", "model": "25.xyz", "model_rescale": 4.100010024507729, "target_rescale": 4.221019331412267},
{"mapping": [13, 10, 7, 5, 11, 3, 4, 1, 9, 2, 12, 14], "R": [[-0.2381117641200718, -0.5931224020529581, -0.7690959653843963], [-0.9533620956969455, -0.008492008590750555, 0.3017094633557631], [-0.18548181117283502, 0.8050675139222945, -0.5634383690795479]], "T": [0.00479125623074457, -0.05271434019924142, 0.11861724353328504], "aligned_model": [[-0.581484558379248, -0.07122900178501321, 0.39865553012009336, 0.5247721795935165, -0.5939786957118489, 0.0577323217531637, -0.18831237212600932, 0.6333943995182052, -0.028376272937791228, 0.10413114985974604, -0.36824776414645505, -0.010291313395352004], [-0.278907167564951, -0.7066817355369568, -0.24808268287719276, -0.2238200808356896, 0.6349071251254264, 0.6108207522658197, 0.2671497383177171, 0.46327551892033, -0.4667362004058138, 0.5035492188049921, 0.08835440667044259, 0.022302497166515715], [-0.06468430279021209, 0.012573245899082486, 0.6545978885439854, -0.23769294271558236, 0.17764186483962, 0.20511187121937177, 0.6706495103980545, -0.2658637122568879, -0.5360736101604509, -0.590183610263078, -0.4748662662875931, 0.013982353428046934]], "inverted": false, "swapped": true, "error_lsq": 0.041167657722820154, "error_max": 0.23268942624959785, "target": "386.xyz", "model": "26.xyz", "model_rescale": 3.6694154284099745, "target_rescale": 4.221019331412267},
