[{"mapping": [8, 0, 13, 10, 14, 2, 12, 3, 6, 9, 5, 15], "R": [[0.33326481576493355, 0.307981256688993, -0.8911128481294801], [-0.6960262503986923, -0.5571819799580822, -0.4528749275086099], [-0.6359890103839076, 0.7711652136463756, 0.02867388938804588]], "T": [-0.005864167647720785, -0.1957082626111798, 0.10600900937634396], "aligned_model": [[-0.2428134448809472, 0.2324832735985055, 0.34597668584573327, -0.18494078939969005, -0.003349035630784718, -0.575065893266365, 0.43983566303386923, -0.4048448081408708, 0.5207363787807263, 0.1516121939575504, -0.4839703507321813, 0.04198258929500322], [-0.39761555401092974, -0.6958158551374726, -0.2651577303122411, 0.632845849098802, 0.23932585822055885, -0.5073437827084744, -0.10262377826276448, -0.558362758615875, 0.1861975589996152, 0.44017817306413376, 0.2849521687204185, -0.20302511307871432], [-0.4529069037575142, -0.25909758045641773, -0.6102329083029449, -0.08446708977741306, -0.4405678152663587, 0.028672120217165517, 0.6085799394397299, 0.5206009675634776, -0.030744360893167552, 0.48289317701348855, 0.3667625095237237, 0.0524596900497934]], "inverted": true, "swapped": true, "error_lsq": 0.04753953258023468, "error_max": 0.3196104767425698, "target": "387.xyz", "model": "0.xyz", "model_rescale": 3.751011558992144, "target_rescale": 4.154612424333893},
{"mapping": [3, 4, 1, 2, 12, 0, 9, 5, 11, 13, 6, 10, 7, 8, 15], "R": [[0.7763571776449971, 0.5940508916470304, -0.2106491653258151], [-0.5871227632303369, 0.5600398645496952, -0.5845016775099392], [-0.22925181267738856, 0.5774589926986393, 0.7835717696137378]], "T": [0.02847192919151363, 0.04740850365701302, 0.01186968456467334], "aligned_model": [[0.015466437614877454, 0.19893217538133895, -0.6080962242468992, 0.14168731500086468, -0.158873250629681, -0.5248274639377237, 0.4384894376587255, 0.7132357321199461, -0.7582312759737391, -0.2767226556961645, -0.012327164345809064, 0.7761695494431299, 0.6060979206983611, -0.0023617301491603224, -0.009552591849032968], [0.050085284859595486, -0.5027524542298935, 0.2466755163793418, 0.5042646847912201, -0.6043270776027411, 0.39738251002771174, -0.5579015347091913, -0.09393266718575996, -0.2534191164481866, 0.4621765637787584, -0.24482005683264077, -0.01264358736471935, 0.4105002257290039, 0.6790037478691061, 0.06846531076550043], [-0.668140623287663, -0.49828276922787057, -0.5623254399299439, -0.44150985007918425, 0.017624313880263073, 0.1195632554871573, 0.20338323384846727, -0.1849387705747446, -0.03640907707933279, 0.6254179068340806, 0.6075202354413621, 0.4502684891620787, 0.038991740657844734, 0.10900487487341771, 0.06949888484604312]], "inverted": false, "swapped": true, "error_lsq": 0.044274201840288845, "error_max": 0.2619458627343946, "target": "387.xyz", "model": "1.xyz", "model_rescale": 3.9405287249114394, "target_rescale": 4.154612424333893},
{"mapping": [11, 0, 3, 14, 8, 4, 6, 13, 7, 5, 10, 9, 15], "R": [[-0.7286859992169267, 0.6734253604949838, 0.12455921638895519], [-0.6009225414202486, -0.7159641121884254, 0.355369510891508], [0.3284947697578441, 0.18410234626544336, 0.9263895035789751]], "T": [-0.09106349593167515, 0.04465421428003457, -0.07403406298592852], "aligned_model": [[-0.19189528335195488, 0.3417408728741119, -0.5310143525861477, 0.4155412652159963, 0.4407683728209848, -0.8599863528841597, 0.09208085190751433, 0.672158014676418, 0.08165355742922759, -0.4545820644458627, 0.007984074799137791, -0.4877789537654871, -0.03068672340584755], [0.8820041498581377, 0.49028566285171366, 0.05465127231517416, -0.32629806232769787, -0.08687310601698556, 0.01921877675354807, 0.16052274804297814, 0.23526846969449022, -0.6065692811208724, -0.5816949815020065, -0.6615668202278909, -0.19630152848790952, 0.07618529373933797], [-0.053833446799857465, -0.30708538603925806, -0.592622174413315, 0.23215748143595305, -0.4044185959933394, -0.08403305286256117, 0.5543721011286582, 0.07688588523086956, -0.18493838726747192, -0.017879849616265486, 0.4222450177633276, 0.5224130972040496, -0.05014234018214536]], "inverted": false, "swapped": true, "error_lsq": 0.04503659587555908, "error_max": 0.272733146145325, "target": "387.xyz", "model": "2.xyz", "model_rescale": 3.932901565614263, "target_rescale": 4.154612424333893},
{"mapping": [9, 4, 5, 12, 10, 14, 7, 6, 11, 13, 2, 1, 8, 15], "R": [[0.017175663519726936, -0.15840436285071643, -0.9872249259477375], [-0.13744158607917137, -0.9783715736748764, 0.1545926073296771], [-0.9903609478360398, 0.1330305290330177, -0.038575527818768496]], "T": [0.07927289686995141, -0.030365230827686857, 0.05956219890982417], "aligned_model": [[-0.3244778293879217, 0.2811542162364801, 0.26979578476214644, -0.2612410640884969, -0.23530080809940224, -0.23873643042424098, 0.3028183225335844, -0.5832742811730222, -0.12270393679155785, -0.29434351452862795, 0.7061325856852794, 0.5925623162595747, 0.2929960356881766, 0.034428515380731856], [-0.06722124702648914, 0.3639375306060877, -0.36375777891888816, 0.46564107677199085, -0.7163385616682721, -0.6396404652394585, -0.6601680936040482, -0.08362886673579017, 0.7240772401461129, -0.29473464879408906, -0.1797325089362434, 0.5539098556773722, -0.4003740944145331, -0.038472799513262865], [-0.5782614636114293, -0.5695312491892777, -0.5570112342326146, -0.25335725598952746, -0.3709438641784597, 0.18470609168842433, -0.08043347006517898, 0.05208568126010314, 0.37854800661345417, 0.7169336976604327, 0.16830337338924556, 0.4716095172566735, 0.5357075265744382, 0.11554100588081326]], "inverted": false, "swapped": true, "error_lsq": 0.04681799827378548, "error_max": 0.2977444023475029, "target": "387.xyz", "model": "3.xyz", "model_rescale": 3.9243930471874484, "target_rescale": 4.154612424333893},
{"mapping": [9, 6, 10, 5, 7, 12, 4, 14, 8, 0, 2, 1, 15], "R": [[-0.4061296821049943, -0.8049802352249033, 0.43251069606491355], [0.9078500650738285, -0.40941678004432863, 0.09047739808139449], [0.10424461932753007, 0.4294004204881423, 0.8970776656599277]], "T": [-0.0834450809710977, -0.024606086034978422, -0.05099716475240164], "aligned_model": [[0.00397235089936894, -0.23591656141089512, 0.5644344681402595, 0.4500925439974377, 0.5973202097477851, -0.552155279750486, -0.20532655925384524, 0.3388498124431304, 0.1862716379218473, -0.406563062876061, 0.21433867881632074, -0.5727177608061916, -0.10539459155731921], [-0.6279415377437411, -0.02220742806102271, -0.2406394908735403, -0.516401469362641, 0.02589402131599064, -0.4708381583685282, -0.7391491023256387, 0.26889224875012996, 0.5402061326180715, 0.5457888382490665, 0.128311178152698, 0.2049942968377252, 0.030920024493017124], [-0.4976923233028247, -0.6979966782386529, -0.5880568957652278, -0.018023477195336132, -0.03578701228212007, -0.2536749563869985, 0.2069998979179803, -0.5237899183855766, 0.08143606924054204, 0.051298137735242194, 0.5102776689775617, 0.6436410909435786, -0.09156128788720411]], "inverted": true, "swapped": true, "error_lsq": 0.03426715998328584, "error_max": 0.20654832618410426, "target": "387.xyz", "model": "4.xyz", "model_rescale": 3.8936222436046832, "target_rescale": 4.154612424333893},
{"mapping": [5, 2, 14, 9, 13, 0, 1, 11, 12, 4, 6, 15], "R": [[0.7366222679340892, -0.4939625244969989, 0.46194010301790267], [-0.44961847856817033, 0.15254894193351137, 0.880097746869636], [-0.5052037787998844, -0.8559964046113266, -0.10972373115602436]], "T": [-0.1329076027779824, -0.09638021737140047, -0.08894987593771564], "aligned_model": [[0.1476554561238245, -0.5179425991537757, -0.394813231360989, 0.5163908464720505, -0.6508412225792755, -0.5857245590523995, -0.39040828100337344, 0.023590953448250573, 0.47076179995479894, 0.4836600969283297, 0.0909420023003106, -0.16572321986265454], [-0.550326415678546, -0.6213426681326227, 0.21446673461585192, -0.009799130449904894, 0.5110422514978484, 0.1863011321533118, -0.35247233745849754, 0.25990029769746603, 0.09937754368374453, -0.5305929956703521, 0.4945875552438178, -0.03221906239230969], [-0.5817272895969967, -0.03193432441853315, -0.6570932131072903, -0.4659210665409589, -0.15528545601495503, 0.30509071528562043, 0.7127586896067842, 0.6595836405748629, 0.1501165400050278, 0.06367003123516962, -0.2951297061722106, -0.08484384158100189]], "inverted": false, "swapped": true, "error_lsq": 0.04657296559122157, "error_max": 0.2431595769995514, "target": "387.xyz", "model": "5.xyz", "model_rescale": 3.6523030999806103, "target_rescale": 4.154612424333893},
{"mapping": [13, 0, 11, 6, 12, 8, 3, 10, 2, 5, 4, 9, 15], "R": [[-0.22584464787256586, 0.059397266360526335, -0.9723508419167506], [-0.1691534181004174, 0.9805858769093391, 0.09918900720789567], [0.9593650588656346, 0.18687777490873356, -0.2114128214486969]], "T": [0.01632742241968138, -0.05109663848481826, 0.054316020371985206], "aligned_model": [[0.14622708584461244, -0.13200287502673672, 0.2555256979182701, 0.6360851692667806, 0.5108585553200984, -0.3797481039900229, -0.4443681175464084, 0.3082706040792745, -0.6328399805664995, -0.0572634840800523, 0.06443918526824961, 0.5636210959877095, 0.04227807218901919], [-0.5835930235152006, -0.09320069273320825, 0.4980244638546154, -0.2676579473754301, 0.4104421254318008, -0.4771078786587548, 0.417195039735868, -0.63668629920862, -0.06004482933546652, -0.12791741193525655, 0.5487328331786733, -0.0008444011195247181, -0.08651507415631293], [0.638431913635927, 0.6996417522823764, 0.6484374127030014, 0.15854274954266062, 0.006237667287311753, 0.3206562405429661, -0.12190216915109367, -0.5172654915528698, -0.02044967389383818, -0.6642209011829222, -0.4251411356119333, -0.46446754419808406, 0.11160891907828746]], "inverted": true, "swapped": true, "error_lsq": 0.04712382041259691, "error_max": 0.2896310359824724, "target": "387.xyz", "model": "6.xyz", "model_rescale": 4.08911054899281, "target_rescale": 4.154612424333893},
{"mapping": [1, 0, 8, 3, 4, 5, 2, 7, 12, 11, 9, 6, 10, 14, 15], "R": [[0.4947185967365847, -0.8369510878063559, 0.2340221926714267], [-0.8668178826944463, -0.4945202756422067, 0.06384712381833188], [0.06229179949320758, -0.23444098105602992, -0.9701325466746203]], "T": [0.02318197459450677, -0.09736432610959139, -0.015253505973496378], "aligned_model": [[-0.139006847464573, 0.29140276152290234, 0.6242170295107007, -0.25761206264488046, -0.652932842264301, -0.07359370124217092, 0.26349699529792253, 0.4535252443275162, -0.5888034685610607, -0.3940755917480052, -0.37340702378789115, 0.0009372342451773319, 0.2720211193471813, 0.5504710943882135, 0.05969359887282291], [-0.7812446824228032, -0.7038577849871288, -0.24695615363620346, -0.13566891276959286, 0.1580287989337919, 0.5940947766935161, -0.09201590000922605, 0.3991326132379212, -0.15391843188023155, -0.8116937059932556, 0.4294063463459457, -0.058539995361707536, 0.6633439119075839, 0.17726029858353937, -0.13661236247303585], [-0.5449976343719742, 0.005799346295242133, -0.17549601018234387, -0.6335396808519241, -0.27913303782324667, -0.21558108297590325, -0.6229609861158247, -0.20104492138940963, 0.2713927054561195, 0.1501541396365628, 0.35409979962782034, 0.6479655522778442, 0.3227606261127358, 0.3515635288991239, 0.03308768748725782]], "inverted": true, "swapped": true, "error_lsq": 0.05058150138414118, "error_max": 0.3191040677241425, "target": "387.xyz", "model": "7.xyz", "model_rescale": 3.964800864290218, "target_rescale": 4.154612424333893},
{"mapping": [5, 9, 4, 7, 3, 14, 2, 12, 6, 0, 13, 1, 11, 15], "R": [[-0.15967940581005266, 0.8240471522798679, -0.5435520013573578], [0.26903334233704845, 0.5661011776600559, 0.7791986379369864], [0.9498018467402058, -0.021811636145381508, -0.31209085929830827]], "T": [-0.021979693104410235, -0.030573591477567018, 0.07204132625535965], "aligned_model": [[-0.21028669567028996, 0.2930236662391445, 0.42060981290614774, -0.6185838764685583, 0.040780647678151746, -0.4588869289450025, -0.4359064090053664, 0.6363961303236019, 0.2011568555467064, -0.07119794116067094, -0.29064555273438397, 0.15935285868349985, 0.6224705055249802, -0.02709518345708745], [-0.16100969575973434, -0.5339123565181462, 0.18821439119948433, -0.16680881968931355, 0.5707157798655764, -0.5611553451017902, 0.45874408755047247, -0.1573787713529269, -0.6232928785140258, 0.18964724751837087, -0.3287020005312546, 0.7738967753735001, 0.2223057196010488, -0.0603156674600588], [-0.6172621307756673, -0.3955215150457132, -0.5180736193528028, -0.23082234210828745, -0.23957150770500502, 0.19695052289269008, -0.05571304397295922, -0.02970503251511268, 0.27392149811501837, 0.6959806461580037, 0.7652626523672101, 0.3795674744854819, 0.554188631937205, 0.13761280424495967]], "inverted": true, "swapped": true, "error_lsq": 0.04824812737893832, "error_max": 0.3062318882181768, "target": "387.xyz", "model": "8.xyz", "model_rescale": 4.121658175737393, "target_rescale": 4.154612424333893},
{"mapping": [12, 4, 3, 1, 9, 6, 7, 13, 2, 10, 11, 0, 15], "R": [[-0.44292824631640443, 0.2891473856793659, -0.8486509046538881], [-0.7065792946008587, -0.6952318643284404, 0.13190282507874473], [-0.5518697935712984, 0.6580626445690326, 0.5122433862592893]], "T": [-0.000861451612825137, -0.062351892167845764, -0.014885766331963396], "aligned_model": [[-0.6027013714013185, -0.3025287787565012, 0.27111020182163625, 0.40547660249786865, -0.6297470270869884, -0.5055617821183835, 0.32556299962313595, 0.13462082351927646, 0.5990482371352529, -0.2248173560435709, -0.263131544893434, 0.27403873101462933, -0.0046322388764059585], [0.15584758293312947, -0.13315836013801663, 0.042945331649140626, 0.635315023455511, -0.46283377588050406, -0.08799136386832931, -0.6562538450129648, 0.13466554186215166, -0.1362200772874126, -0.8586630012637962, 0.7380666212475828, 0.45233184529252635, -0.03366408357730853], [-0.23864523552918812, -0.7191389658648212, -0.6293239171158697, -0.3652807690799864, -0.13861625220478035, 0.4169497002956928, 0.0684841243375656, 0.7496051644220469, -0.26336142476090907, 0.25079047882260497, -0.06257885192866836, 0.30094720974176925, 0.051244172823632084]], "inverted": false, "swapped": true, "error_lsq": 0.05581168087918859, "error_max": 0.2519071563755977, "target": "387.xyz", "model": "9.xyz", "model_rescale": 3.833441315466971, "target_rescale": 4.154612424333893},
{"mapping": [3, 4, 8, 14, 10, 5, 9, 6, 0, 13, 1, 11, 12, 2, 15], "R": [[-0.30250562651163304, -0.9177098717768539, 0.2574857999426663], [-0.485599487653652, 0.38084201972829246, 0.7868624362617557], [-0.8201728375893187, 0.11299534172958281, -0.5608462973294017]], "T": [-0.07153585244087186, -0.0021964412137692995, 0.07789450892324587], "aligned_model": [[0.11401881794870546, 0.1861439717903648, -0.378444534376088, -0.6109335048234823, -0.7795436643556602, -0.5230537880752879, -0.16847250090524207, -0.049401247469679985, 0.19180028948444722, -0.17765890592413602, 0.5111332749354822, 0.7437306446098372, 0.40056442382315194, -0.2710569824016881, -0.06498127596619206], [-0.6424965660845631, -0.5608409095539705, 0.12392628347967971, 0.4416399662896954, 0.17435683941938518, -0.41090594942022274, 0.026259880843752553, 0.5640372491657533, 0.28846557082190943, 0.6918836338355084, -0.3372766049870185, 0.18947169517860366, 0.03748186194540562, -0.4501716632154382, 0.06527025157649854], [0.21271120351722625, -0.3841734161719077, 0.624885031258574, 0.06973035606131689, -0.39370423386955533, -0.3179595703694318, -0.6710951861162022, -0.26959814351847333, 0.6130483185010487, 0.4633921695268418, 0.646088462756645, 0.17955026694933912, -0.40732457710967807, 0.509864201644954, 0.1027070247613958]], "inverted": false, "swapped": true, "error_lsq": 0.05106114530007671, "error_max": 0.33779070176917253, "target": "387.xyz", "model": "10.xyz", "model_rescale": 4.2482417240324, "target_rescale": 4.154612424333893},
{"mapping": [10, 9, 12, 4, 13, 0, 6, 3, 5, 2, 7, 15], "R": [[-0.10764166411342813, 0.9530761577120141, 0.2829471854389014], [0.9421617278724035, 0.00692908522463731, 0.3350869533575382], [0.31740282084344995, 0.3026513264118527, -0.8986977378083063]], "T": [0.03311170895177132, 0.18612277280954617, 0.004876185864097243], "aligned_model": [[-0.606544641147413, -0.031678326236584356, 0.3890483218291113, 0.604906093375183, -0.5056374881602737, 0.0303147378582146, -0.2980950311187275, 0.5792553036948027, -0.03874021948281184, 0.1492823426937027, -0.38953813235287416, -0.0058073585893231305], [-0.3780033476504012, -0.5472605290018739, -0.1752227799377434, -0.31137891014145835, 0.6671045364066182, 0.8093924674382134, -0.03462273247825981, 0.2311564143324382, -0.3646005660311894, 0.4741885094204751, 0.0711940278176101, 0.22418429987621036], [-0.1608131946979809, 0.17559004974252768, 0.45501962873975155, -0.12753438254891777, 0.3513203301212131, 0.23235584099959683, 0.5372625057354193, -0.39797548883334377, -0.46326211082495083, -0.5701114761819449, -0.5189381761458901, 0.05227876374887652]], "inverted": true, "swapped": true, "error_lsq": 0.04758734365081955, "error_max": 0.21059877357896684, "target": "387.xyz", "model": "11.xyz", "model_rescale": 3.6694154284099745, "target_rescale": 4.154612424333893},
{"mapping": [9, 14, 8, 13, 6, 4, 12, 3, 0, 1, 2, 11, 7, 15], "R": [[-0.6051295853649122, -0.23328890313542122, 0.7611796585497813], [-0.7073258533407341, 0.5963524772463186, -0.3795442794694467], [-0.365387906356918, -0.7680755239923033, -0.5258817997725886]], "T": [-0.0073212391153514855, 0.02245438450354679, -0.07353764772647177], "aligned_model": [[-0.07418143071665029, 0.029210657805509826, -0.0644193268619633, 0.5043312588393445, 0.44607216579312126, -0.323492225733997, 0.2837129228514207, -0.4062262230647423, 0.4055869794394984, 0.09335402307259749, -0.4672195894265259, 0.6347126471170319, -0.5150513337366769, 0.05187432487784186], [-0.5724400605996784, 0.3686284433198412, 0.6596613076812138, 0.5886228134291018, -0.1320784621794929, -0.6380890934734949, -0.587720486945863, -0.11565844741448292, 0.44842679030427063, 0.16904310675948986, 0.3582892499392239, -0.1893689999454671, 0.3143466311938869, 0.05932449606770508], [-0.5348643793605657, -0.6792076725117687, -0.07115905862423737, -0.31701810036396105, -0.5344234210375637, 0.16248676234010084, -0.019906100473199975, 0.45974462855327114, 0.22357216587210316, 0.7884383585610687, 0.24708166984069152, 0.43109426921024685, -0.42458188705547595, -0.09216177529829427]], "inverted": false, "swapped": true, "error_lsq": 0.04313196016569269, "error_max": 0.26212475961839593, "target": "387.xyz", "model": "12.xyz", "model_rescale": 3.9764082729961374, "target_rescale": 4.154612424333893},
{"mapping": [5, 4, 0, 7, 3, 8, 13, 1, 9, 11, 10, 6, 14, 12, 12, 15], "R": [[-0.8683395459588572, 0.07577084857985297, 0.4901481525309008], [-0.09680307527192103, -0.995146911649156, -0.017657543799920388], [0.4864314931641094, -0.0627805920698133, 0.8714602685822798]], "T": [-0.016515601547408977, 0.02791584589047094, -0.031901677738954984], "aligned_model": [[-0.8427895770031681, -0.3376472258025036, -0.28216668218653074, 0.1801323433003393, 0.64801064506852, 0.6649917461181868, -0.07601851198254858, 0.13582231135207348, -0.43474237083722533, 0.6300462698186915, 0.47111052032757295, -0.37680839746118916, 0.25934323825925715, -0.21612448695454592, -0.21612448695454592, 0.004875117725789035], [-0.0617160626520703, -0.531371392517219, 0.011909406399315987, -0.34706741412700226, -0.4859373411670177, 0.15048481501972677, 0.055151173475397136, 0.6184763402162253, 0.3632973354112672, 0.006664747170827573, 0.6083288974663776, -0.4876169751224333, -0.48012978076833146, 0.5522424529582175, 0.5522424529582175, -0.07586015661088433], [-0.14172582941004913, -0.3480282135388031, -0.7073875996887351, -0.6578017012385674, -0.08484709324416163, -0.17394892175637838, 0.5765374620014044, -0.208972401169301, -0.30412355866302215, 0.42858810070154957, 0.2354713833269923, 0.4017731052152073, 0.5200037320084531, 0.27215660110839623, 0.27215660110839623, -0.050918859624919335]], "inverted": false, "swapped": false, "error_lsq": 0.04513247551419568, "error_max": 0.43190644431996766, "target": "387.xyz", "model": "13.xyz", "model_rescale": 4.170626492500431, "target_rescale": 4.154612424333893},
{"mapping": [4, 5, 12, 9, 11, 13, 6, 3, 1, 7, 2, 14, 0, 15], "R": [[-0.29145277209929077, -0.62175749365328, -0.726961416253731], [-0.8939474077630966, -0.09344436952792673, 0.4383220071558904], [-0.34046044379528007, 0.7776154376615216, -0.5285838791726447]], "T": [-0.030850667808152883, 0.025694135888616368, 0.11169843504649977], "aligned_model": [[0.1970558829266782, -0.19926181461800488, -0.11442426379578952, -0.527344335176581, 0.2843181931828523, -0.32180284360116146, -0.5985786733874715, 0.5616342968810161, 0.7950786962590769, -0.21984010071324936, 0.4230153429888387, -0.5860882109365583, 0.20789535034185624, -0.05847449825985951], [-0.4890611488870218, -0.6786694198456574, 0.045272569658101794, -0.35573760221701084, 0.5990452401843424, 0.6757113535716149, 0.2913361172926624, -0.29899919046437884, 0.3208026557764763, -0.36863348943316143, -0.19495580603221657, 0.09875534419351288, 0.6204531571258569, 0.09075468700254517], [-0.41277740057644996, 0.16757354018412146, -0.5609996688794844, -0.3116169400399728, -0.420905666632996, 0.478361969514867, -0.1096179126454115, 0.03342879090979138, 0.03836328395401041, 0.6361140229026306, 0.5269183088867708, 0.5292874291006615, 0.2834015924572221, 0.1263417519851059]], "inverted": false, "swapped": true, "error_lsq": 0.04454843266050317, "error_max": 0.25906312877032267, "target": "387.xyz", "model": "14.xyz", "model_rescale": 3.9786697098870705, "target_rescale": 4.154612424333893},
{"mapping": [6, 0, 9, 10, 12, 4, 8, 2, 5, 14, 1, 15], "R": [[0.9790605278881728, 0.19694911463122572, 0.051492999303874964], [0.2022265968373823, -0.9119675103563347, -0.35695891022082565], [-0.023342798951783483, 0.35989763308536077, -0.932699741308344]], "T": [-0.04182697996836183, 0.03564780217964267, -0.02219675921456509], "aligned_model": [[0.02545725417895927, -0.7018087547147652, 0.5992766964974832, 0.604719206963919, 0.11784609354139905, 0.4138598998519974, -0.3877765004548785, -0.1378218005997164, 0.6351118543010092, 0.05513741971658178, -0.6514101920661997, -0.08923658044845313], [-0.33664853272526774, -0.03217921337792262, 0.00015151720099423893, -0.544356607201747, 0.36300371539692, 0.6494029972657064, -0.3034255201803163, 0.1949343462229933, 0.05096728097492305, -0.6550504721706336, 0.6384572063830752, -0.010582227564285805], [-0.5687586927688556, -0.02879082878636487, -0.4208421268416376, -0.0015955432329770244, -0.5942397783297484, -0.10962289540472983, 0.39571079467135695, 0.6043023130569367, 0.24073191669973115, 0.01705927747656067, 0.17694019631364827, -0.050928138980090826]], "inverted": false, "swapped": true, "error_lsq": 0.049809992538069635, "error_max": 0.2291680358241089, "target": "387.xyz", "model": "15.xyz", "model_rescale": 3.769337070930944, "target_rescale": 4.154612424333893},
{"mapping": [6, 12, 8, 0, 10, 9, 7, 4, 2, 1, 15], "R": [[-0.8287887776122742, -0.4210783453250956, 0.3685134857806857], [0.5568630477738526, -0.6852685937455785, 0.46937245386789916], [0.05488814196133701, 0.5942221651236488, 0.8024258908757838]], "T": [-0.05482118221896989, 0.06319011774240402, -0.011651413696995853], "aligned_model": [[-0.22444227539430073, -0.21506700339915447, -0.13000024946747085, -0.6299445361646588, 0.570183528924912, 0.31968673176132606, 0.4869347224401182, 0.25039047435880246, 0.14578648635227717, -0.5448283054890154, -0.1060734432316651], [-0.13500380168520798, -0.5917168294386888, 0.6982008117721092, 0.3839553438588097, 0.12729957960004706, -0.47309670121579217, 0.467614290786871, -0.5455818155364186, 0.45102244043739087, 0.12327191220879768, 0.09009926683742406], [-0.6230510631988191, -0.08451270224595525, 0.00854855094514589, 0.06935924147335089, -0.6117435606100533, -0.39024395130657163, -0.10738342847003673, 0.3464433770577765, 0.4745902433438142, 0.7169840194538857, -0.05477311921876053]], "inverted": true, "swapped": true, "error_lsq": 0.04133126979124629, "error_max": 0.19310123511596958, "target": "387.xyz", "model": "16.xyz", "model_rescale": 3.7852294659196426, "target_rescale": 4.154612424333893},
{"mapping": [3, 11, 0, 1, 4, 12, 9, 6, 8, 7, 5, 14, 15], "R": [[0.5047164895760466, -0.7908340440733488, 0.34618315944688194], [-0.7901059081508379, -0.584741732119619, -0.18387430658710285], [0.3478418017650733, -0.18071696503743268, -0.919971444933204]], "T": [0.04952439621391905, 0.07185349432953625, 0.016672676088226313], "aligned_model": [[-0.15468356484577764, -0.3669614722442689, 0.3279986149546331, -0.03179833205352728, -0.5963920805236999, -0.5906662624130494, -0.4008878402306981, -0.05242254573283271, 0.6688153188435114, 0.4867204833741825, -0.03950590876103596, 0.5225821697460599, 0.08096727010278562], [-0.1452087019502014, -0.5946622062977449, -0.49128921786799473, -0.7362934120258026, 0.209843597616042, 0.05979280426883282, 0.6551022231499891, 0.28456388438987734, -0.08141331763132009, 0.5240468915774709, 0.6785400568960943, 0.4630511113648675, 0.0489819102127638], [-0.5946974559432983, 0.32330987385339044, 0.2300791520582259, -0.3223134430082569, -0.37796632058915286, 0.24005812861997272, 0.18442778613294702, 0.6381409273666876, -0.031145205043522972, -0.24904089805754548, -0.37270808870097055, 0.35012132991681527, 0.07748891053788197]], "inverted": true, "swapped": true, "error_lsq": 0.04987442276244325, "error_max": 0.27205850364413514, "target": "387.xyz", "model": "17.xyz", "model_rescale": 3.901054581598922, "target_rescale": 4.154612424333893},
{"mapping": [3, 4, 1, 2, 12, 0, 9, 5, 11, 13, 6, 10, 7, 8, 15], "R": [[0.7763571776449971, 0.5940508916470304, -0.2106491653258151], [-0.5871227632303369, 0.5600398645496952, -0.5845016775099392], [-0.22925181267738856, 0.5774589926986393, 0.7835717696137378]], "T": [0.02847192919151363, 0.04740850365701302, 0.01186968456467334], "aligned_model": [[0.015466437614877454, 0.19893217538133895, -0.6080962242468992, 0.14168731500086468, -0.158873250629681, -0.5248274639377237, 0.4384894376587255, 0.7132357321199461, -0.7582312759737391, -0.2767226556961645, -0.012327164345809064, 0.7761695494431299, 0.6060979206983611, -0.0023617301491603224, -0.009552591849032968], [0.050085284859595486, -0.5027524542298935, 0.2466755163793418, 0.5042646847912201, -0.6043270776027411, 0.39738251002771174, -0.5579015347091913, -0.09393266718575996, -0.2534191164481866, 0.4621765637787584, -0.24482005683264077, -0.01264358736471935, 0.4105002257290039, 0.6790037478691061, 0.06846531076550043], [-0.668140623287663, -0.49828276922787057, -0.5623254399299439, -0.44150985007918425, 0.017624313880263073, 0.1195632554871573, 0.20338323384846727, -0.1849387705747446, -0.03640907707933279, 0.6254179068340806, 0.6075202354413621, 0.4502684891620787, 0.038991740657844734, 0.10900487487341771, 0.06949888484604312]], "inverted": false, "swapped": true, "error_lsq": 0.044274201840288845, "error_max": 0.2619458627343946, "target": "387.xyz", "model": "18.xyz", "model_rescale": 3.9405287249114394, "target_rescale": 4.154612424333893},
{"mapping": [12, 14, 11, 10, 2, 5, 0, 9, 13, 6, 8, 3, 1, 4, 7, 15], "R": [[-0.5318430948231003, -0.06973777506331724, 0.8439665664101897], [0.5069322456880072, -0.8245344376205254, 0.25132182447912915], [0.6783528733415235, 0.5614976437234822, 0.4738752740144573]], "T": [-0.09153561188714934, 0.05108576242017203, 0.028421554993009066], "aligned_model": [[-0.5701268203085684, -0.5250651691305596, 0.04629901092442437, 0.1092643087979841, 0.6290146153053855, 0.6919329982386195, 0.058005846946198064, 0.16311721459769388, -0.5037830267462877, 0.5577246690920918, 0.44328433852338855, -0.30723217275954173, 0.06593686449217598, -0.45201459033297975, -0.1304859512864942, -0.06396168356535863], [-0.14366050778068606, -0.3423330845016743, 0.049579411792431485, -0.5411971550512705, -0.42180977148872956, 0.21941780719014797, 0.18773460969628314, 0.6115487393834937, 0.29202336952950836, -0.027482484297199364, 0.4937820623320708, -0.7687537993557311, -0.3903456241916514, 0.45062181521442835, 0.7540142161873731, 0.025958893451819946], [0.21052978565261732, -0.4785426409411844, -0.6788355054609634, -0.4477972754524981, -0.08339287661064469, -0.19317244855858184, 0.685413718252249, -0.4298829686299054, -0.44415752177018375, 0.3897684433741536, 0.32885418009078543, 0.11068139603882372, 0.49302910344262735, 0.5234880931798614, 0.028515823071204677, 0.014433501458101029]], "inverted": true, "swapped": false, "error_lsq": 0.04592734846769602, "error_max": 0.28184352797011575, "target": "387.xyz", "model": "19.xyz", "model_rescale": 4.410303926677745, "target_rescale": 4.154612424333893},
{"mapping": [5, 9, 4, 7, 3, 14, 2, 12, 6, 0, 13, 1, 11, 15], "R": [[-0.15967940581005266, 0.8240471522798679, -0.5435520013573578], [0.26903334233704845, 0.5661011776600559, 0.7791986379369864], [0.9498018467402058, -0.021811636145381508, -0.31209085929830827]], "T": [-0.021979693104410235, -0.030573591477567018, 0.07204132625535965], "aligned_model": [[-0.21028669567028996, 0.2930236662391445, 0.42060981290614774, -0.6185838764685583, 0.040780647678151746, -0.4588869289450025, -0.4359064090053664, 0.6363961303236019, 0.2011568555467064, -0.07119794116067094, -0.29064555273438397, 0.15935285868349985, 0.6224705055249802, -0.02709518345708745], [-0.16100969575973434, -0.5339123565181462, 0.18821439119948433, -0.16680881968931355, 0.5707157798655764, -0.5611553451017902, 0.45874408755047247, -0.1573787713529269, -0.6232928785140258, 0.18964724751837087, -0.3287020005312546, 0.7738967753735001, 0.2223057196010488, -0.0603156674600588], [-0.6172621307756673, -0.3955215150457132, -0.5180736193528028, -0.23082234210828745, -0.23957150770500502, 0.19695052289269008, -0.05571304397295922, -0.02970503251511268, 0.27392149811501837, 0.6959806461580037, 0.7652626523672101, 0.3795674744854819, 0.554188631937205, 0.13761280424495967]], "inverted": true, "swapped": true, "error_lsq": 0.04824812737893832, "error_max": 0.3062318882181768, "target": "387.xyz", "model": "20.xyz", "model_rescale": 4.121658175737393, "target_rescale": 4.154612424333893},
{"mapping": [13, 0, 11, 6, 12, 8, 3, 10, 2, 5, 4, 9, 15], "R": [[-0.22584464787256586, 0.059397266360526335, -0.9723508419167506], [-0.1691534181004174, 0.9805858769093391, 0.09918900720789567], [0.9593650588656346, 0.18687777490873356, -0.2114128214486969]], "T": [0.01632742241968138, -0.05109663848481826, 0.054316020371985206], "aligned_model": [[0.14622708584461244, -0.13200287502673672, 0.2555256979182701, 0.6360851692667806, 0.5108585553200984, -0.3797481039900229, -0.4443681175464084, 0.3082706040792745, -0.6328399805664995, -0.0572634840800523, 0.06443918526824961, 0.5636210959877095, 0.04227807218901919], [-0.5835930235152006, -0.09320069273320825, 0.4980244638546154, -0.2676579473754301, 0.4104421254318008, -0.4771078786587548, 0.417195039735868, -0.63668629920862, -0.06004482933546652, -0.12791741193525655, 0.5487328331786733, -0.0008444011195247181, -0.08651507415631293], [0.638431913635927, 0.6996417522823764, 0.6484374127030014, 0.15854274954266062, 0.006237667287311753, 0.3206562405429661, -0.12190216915109367, -0.5172654915528698, -0.02044967389383818, -0.6642209011829222, -0.4251411356119333, -0.46446754419808406, 0.11160891907828746]], "inverted": true, "swapped": true, "error_lsq": 0.04712382041259691, "error_max": 0.2896310359824724, "target": "387.xyz", "model": "21.xyz", "model_rescale": 4.08911054899281, "target_rescale": 4.154612424333893},
{"mapping": [7, 13, 0, 4, 2, 1, 5, 8, 6, 15, 11, 12, 14, 10, 8, 16], "R": [[0.5612678053635319, 0.31551922875475186, -0.7651314050203478], [0.8006278434501799, -0.44122673495453185, 0.40535666351211996], [-0.20969860980635802, -0.8400991516763783, -0.5002598408806277]], "T": [0.024086557053628374, -0.043376112239097736, 0.05664140310222219], "aligned_model": [[-0.6430632446037834, -0.31954753622284876, -0.12442119153243598, 0.13992517028289486, 0.6141314808943494, 0.6064882261545633, -0.15865717733229479, 0.13984833271849578, -0.38974811961540157, 0.6832334731209933, 0.5154840267058328, -0.4568305245595437, 0.13530269158328118, -0.6771208698408578, 0.13984833271849578, 0.0070373823164324376], [-0.09665942370862038, -0.5600798428102184, 0.04720908839492044, -0.46708619321849965, -0.33685349869615866, 0.3262337771739948, 0.4294375600028797, 0.6357346147477861, 0.47385895000878275, -0.16580295646456164, 0.45559398837877396, -0.5032431523078732, -0.5479596866783781, 0.18578625861282447, 0.6357346147477861, -0.06280560007282446], [-0.1839167372230469, -0.1706531871989517, -0.6982222721499836, -0.48497042175882, -0.23826848289921979, -0.3360355719581017, 0.547335822096275, -0.021906988646662066, -0.2850790664617764, 0.3430746915762574, 0.3655918777211317, 0.37634528500724085, 0.43723169958050223, 0.38364012094141636, -0.021906988646662066, 0.01667302715686244]], "inverted": true, "swapped": false, "error_lsq": 0.05396726043027442, "error_max": 0.33277293598696556, "target": "387.xyz", "model": "22.xyz", "model_rescale": 4.204369325754507, "target_rescale": 4.154612424333893},
{"mapping": [12, 14, 11, 10, 2, 5, 0, 9, 13, 6, 8, 3, 1, 4, 7, 15], "R": [[-0.5318430948231003, -0.06973777506331724, 0.8439665664101897], [0.5069322456880072, -0.8245344376205254, 0.25132182447912915], [0.6783528733415235, 0.5614976437234822, 0.4738752740144573]], "T": [-0.09153561188714934, 0.05108576242017203, 0.028421554993009066], "aligned_model": [[-0.5701268203085684, -0.5250651691305596, 0.04629901092442437, 0.1092643087979841, 0.6290146153053855, 0.6919329982386195, 0.058005846946198064, 0.16311721459769388, -0.5037830267462877, 0.5577246690920918, 0.44328433852338855, -0.30723217275954173, 0.06593686449217598, -0.45201459033297975, -0.1304859512864942, -0.06396168356535863], [-0.14366050778068606, -0.3423330845016743, 0.049579411792431485, -0.5411971550512705, -0.42180977148872956, 0.21941780719014797, 0.18773460969628314, 0.6115487393834937, 0.29202336952950836, -0.027482484297199364, 0.4937820623320708, -0.7687537993557311, -0.3903456241916514, 0.45062181521442835, 0.7540142161873731, 0.025958893451819946], [0.21052978565261732, -0.4785426409411844, -0.6788355054609634, -0.4477972754524981, -0.08339287661064469, -0.19317244855858184, 0.685413718252249, -0.4298829686299054, -0.44415752177018375, 0.3897684433741536, 0.32885418009078543, 0.11068139603882372, 0.49302910344262735, 0.5234880931798614, 0.028515823071204677, 0.014433501458101029]], "inverted": true, "swapped": false, "error_lsq": 0.04592734846769602, "error_max": 0.28184352797011575, "target": "387.xyz", "model": "23.xyz", "model_rescale": 4.410303926677745, "target_rescale": 4.154612424333893},
{"mapping": [0, 2, 5, 4, 8, 15, 11, 6, 12, 9, 14, 3, 10, 7, 13, 16], "R": [[-0.17602234027219438, 0.22803280839042317, -0.9576101367585226], [0.024651212422498084, -0.9714730720904844, -0.23586519015992452], [-0.9840774631354996, -0.06512379365986783, 0.16537967846185408]], "T": [0.025357214170185376, 0.06878915387768057, 0.10345858036465007], "aligned_model": [[-0.6849604031608266, -0.46668119651291984, 0.014497852116696484, 0.08517363539720091, 0.587567096753514, 0.6309387774143205, 0.1656170653430979, 0.15073050550984762, -0.48931261250878416, 0.6127064185393617, 0.45361184941910854, -0.43182548653379776, 0.24967553961307365, -0.4910297784966727, -0.12527659769886335, -0.049522212406184186], [-0.04847365482761273, -0.48163896711927323, 0.035514889015648116, -0.5136517155523469, -0.5105472366868219, 0.22964366895600813, 0.18185969662544976, 0.6607554038684482, 0.43524737616445414, -0.019419383299073403, 0.5719185066181248, -0.7056359706522881, -0.45199440879717645, 0.33442746021406744, 0.7554292460321091, -0.024336412449102757], [-0.12476089139424078, -0.4330309695863124, -0.5245357914107783, -0.2585759516351801, -0.051448042307808986, -0.23817131597414337, 0.7103059360665925, -0.35671050426655965, -0.3935315358432626, 0.3026071423087845, 0.2504579402728785, 0.08108249250694557, 0.42322367538566147, 0.4270503922102403, 0.09882582771696265, 0.11614440308668177]], "inverted": true, "swapped": false, "error_lsq": 0.03808137141029076, "error_max": 0.3020427557830206, "target": "387.xyz", "model": "24.xyz", "model_rescale": 4.28219845311461, "target_rescale": 4.154612424333893},
{"mapping": [9, 3, 8, 1, 0, 6, 13, 10, 11, 2, 14, 7, 4, 12, 14, 15], "R": [[-0.3075514304303068, 0.774682266999373, -0.5525210428906617], [-0.32232735386730604, 0.4615160772112098, 0.8265034709089112], [0.8952749268181104, 0.4322849704446004, 0.1077613554969423]], "T": [-0.06799278206982845, -0.03333209570527207, -0.012239056282534876], "aligned_model": [[-0.7408702916633518, -0.34551302639323767, 0.14483212156628877, 0.03435152520306242, 0.6661503673940599, 0.7318397964742545, -0.15986209925323996, 0.13093150992434252, -0.3369750790569219, 0.46708039501114323, 0.20359535834590176, -0.4896718792722498, 0.16420956433279296, -0.45931376110105954, 0.20359535834590176, -0.0024694070695148035], [-0.09533237315457699, -0.715701228346509, 0.13805779292488696, -0.4157380787598135, -0.38113465145441605, 0.2621060699260533, 0.013350008306193734, 0.6313993269272666, 0.4210356141172745, 0.04840368922604982, 0.6446883346583139, -0.4970565553449222, -0.6860845175422964, 0.5042396265391941, 0.6446883346583139, -0.06782289457039838], [-0.028533428264811887, -0.2518224982582813, -0.6504217287176638, -0.5153977844584388, -0.08721498805675565, -0.30409736359781864, 0.5728227068351047, -0.3972924040766002, -0.14518859342635373, 0.40704125689476567, 0.2037998357941752, 0.44894677422908263, 0.22152347094697758, 0.3649935444377389, 0.2037998357941752, -0.01402582893883482]], "inverted": false, "swapped": false, "error_lsq": 0.051054710149500235, "error_max": 0.3126982227722069, "target": "387.xyz", "model": "25.xyz", "model_rescale": 4.100010024507729, "target_rescale": 4.154612424333893},
{"mapping": [10, 9, 12, 4, 13, 0, 6, 3, 5, 2, 7, 15], "R": [[-0.10764166411342813, 0.9530761577120141, 0.2829471854389014], [0.9421617278724035, 0.00692908522463731, 0.3350869533575382], [0.31740282084344995, 0.3026513264118527, -0.8986977378083063]], "T": [0.03311170895177132, 0.18612277280954617, 0.004876185864097243], "aligned_model": [[-0.606544641147413, -0.031678326236584356, 0.3890483218291113, 0.604906093375183, -0.5056374881602737, 0.0303147378582146, -0.2980950311187275, 0.5792553036948027, -0.03874021948281184, 0.1492823426937027, -0.38953813235287416, -0.0058073585893231305], [-0.3780033476504012, -0.5472605290018739, -0.1752227799377434, -0.31137891014145835, 0.6671045364066182, 0.8093924674382134, -0.03462273247825981, 0.2311564143324382, -0.3646005660311894, 0.4741885094204751, 0.0711940278176101, 0.22418429987621036], [-0.1608131946979809, 0.17559004974252768, 0.45501962873975155, -0.12753438254891777, 0.3513203301212131, 0.23235584099959683, 0.5372625057354193, -0.39797548883334377, -0.46326211082495083, -0.5701114761819449, -0.5189381761458901, 0.05227876374887652]], "inverted": true, "swapped": true, "error_lsq": 0.04758734365081955, "error_max": 0.21059877357896684, "target": "387.xyz", "model": "26.xyz", "model_rescale": 3.6694154284099745, "target_rescale": 4.154612424333893},
