[{"mapping": [7, 2, 8, 6, 5, 10, 3, 0, 12, 1, 4, 13], "R": [[-0.9489131739786605, 0.24883052014118312, 0.19402876203288272], [-0.17265266383533973, -0.9241483574165636, 0.340794470546147], [0.2641114270914947, 0.289884780094671, 0.9198978032092253]], "T": [-0.06291205692162613, -0.05553035578074107, 0.0037621657426860893], "aligned_model": [[-0.3128064409298361, 0.2961078115174962, 0.4356225010770798, 0.015601942629368093, -0.056113377213628815, -0.6731680141337452, 0.41397677702560776, -0.13329411986032685, 0.6273835635076496, 0.06392050309098796, -0.6810102559819555, -0.15857842826814814], [-0.24309249834517804, -0.6689342544236841, -0.30246221554581126, 0.6631107866042636, 0.3166647132396728, -0.49838346360389496, -0.2521668020962639, -0.3465130067351092, 0.07101436105980714, 0.4039088301530449, -0.0821215512442487, -0.007469863085540797], [-0.5795167411158442, 0.0211542759130032, -0.5343894347643511, -0.05370432847876261, -0.5871379995279247, -0.09588329803649362, 0.4755932408289906, 0.6838391543736806, -0.06873739884324678, 0.5122755285968762, 0.4009971154433219, 0.007461630964312927]], "inverted": true, "swapped": true, "error_lsq": 0.04552488429350975, "error_max": 0.28755885114533725, "target": "388.xyz", "model": "0.xyz", "model_rescale": 3.751011558992144, "target_rescale": 4.024707931232954},
{"mapping": [2, 9, 8, 5, 3, 6, 11, 1, 4, 12, 0, 7, 10, 14], "R": [[0.29309050759804817, 0.5081655912069853, -0.8098553489785532], [-0.9265779620066599, -0.0578430033625605, -0.3716281303744162], [-0.23569309425501583, 0.8593147961458911, 0.45390180264594926]], "T": [-0.007672816052262433, 0.012126040915226559, -0.03164153819795085], "aligned_model": [[-0.45485272907185337, 0.25395091494782857, 0.16418149551527414, 0.16985539736387126, -0.743538478655461, 0.16595915388760088, 0.23572308417748108, -0.1205987253462603, 0.5851335496772989, -0.38494181802735855, -0.6421865730505022, -0.3842233354722987, 0.7905609724385857, -0.012549383835686542], [-0.6247173620567026, 0.19292914384815354, -0.6138120315889352, -0.36190451655348016, 0.04653876562195349, 0.5555994954240008, 0.7633852530090025, -0.03550097136758879, -0.2391561797831981, 0.5787201082567972, -0.19014528313542256, 0.43957952621265056, 0.16017253653895008, 0.054000546903170306], [-0.3112818562335175, -0.6087488788909206, 0.10651010719686893, -0.4992641665175656, -0.23344188629623785, 0.4564304734245582, -0.1460924924196949, 0.654408719543399, 0.4277186997647902, -0.32932319211579275, 0.3316532761694738, 0.307725885148531, -0.14722182273620504, -0.06666377796480219]], "inverted": true, "swapped": false, "error_lsq": 0.039001201240874146, "error_max": 0.3109180747254906, "target": "388.xyz", "model": "1.xyz", "model_rescale": 3.9405287249114394, "target_rescale": 4.024707931232954},
{"mapping": [5, 11, 7, 1, 4, 8, 6, 9, 0, 2, 3, 12, 13], "R": [[-0.6578010943411362, 0.42281845166623766, -0.6233155518789573], [0.049718937284863374, 0.8501364440614599, 0.5242099329026493], [0.7515488989805437, 0.3138352806953065, -0.5802427673241871]], "T": [-0.07714003210579462, -0.0881129754944075, -0.0475682883026244], "aligned_model": [[-0.26809784276626164, 0.15025109009933596, -0.38120541831526233, 0.38821985823100025, 0.534025543005457, -0.8374813430609016, 0.19104172023098565, 0.6987917132321773, 0.24796296850173832, -0.5850503846232249, -0.16890067677715026, -0.4804844081862966, 0.006910459712334491], [0.5775223934921667, 0.5805023097643693, 0.2955879494761319, -0.21624561185653987, -0.23468903996243265, 0.026428996636980617, 0.3760119981577016, 0.2428137062181011, -0.752987812647782, -0.5741440746250595, -0.6860479855468071, -0.14010272289931033, -0.03581751263550269], [0.04300249543907693, -0.4201524111928844, -0.49271869519261763, 0.4552029360298211, -0.42906557236303, 0.041203449821671165, 0.44087668726578577, -0.0010585797737784203, -0.11374032410017777, -0.15369528196612758, 0.3028131084971796, 0.5289628697957458, -0.08851033267202033]], "inverted": false, "swapped": true, "error_lsq": 0.047544997395467074, "error_max": 0.2564874011389086, "target": "388.xyz", "model": "2.xyz", "model_rescale": 3.932901565614263, "target_rescale": 4.024707931232954},
{"mapping": [8, 12, 7, 9, 11, 2, 6, 0, 4, 10, 3, 1, 5, 13], "R": [[0.37702426186167914, 0.9255210204672251, -0.03554640123784672], [-0.8714571559225943, 0.36747680148897655, 0.32484338650915223], [0.3137118604053075, -0.09149667229324396, 0.9450995860756175]], "T": [-0.10455808245099067, -0.004414891588355778, 0.028467672206252428], "aligned_model": [[-0.4651543700818536, 0.18757932119434112, 0.2756913452729146, 0.16185304122698368, -0.8673437123295319, 0.23981730372662508, 0.2963703386738996, -0.11566426988862394, 0.5967862715320424, -0.2889662442854911, -0.46090851363377255, -0.4438022590969239, 0.5528611529883511, -0.04664588075044083], [-0.5704830471959035, 0.2909095999539436, -0.6056699451362483, -0.38756242066922564, 0.0535867248379883, 0.5301199160494936, 0.5366634510186026, -0.003346281058282989, -0.0032146212583208586, 0.5580831276977694, -0.2811025730513984, 0.5388059036367021, 0.01593718813196813, 0.05296200837226387], [-0.26872567577754386, -0.6122889057905573, 0.08884383178853847, -0.5389968848620355, -0.432512363923466, 0.5668708538432901, -0.08634909041039693, 0.6984123264987858, 0.5493717526520021, -0.37493665157974654, 0.26751531432737885, 0.4007487181366518, -0.26167957899574595, -0.05386455783427027]], "inverted": true, "swapped": false, "error_lsq": 0.04842444976699834, "error_max": 0.32066913921147416, "target": "388.xyz", "model": "3.xyz", "model_rescale": 3.9243930471874484, "target_rescale": 4.024707931232954},
{"mapping": [11, 10, 9, 6, 1, 7, 5, 4, 3, 2, 12, 8, 13], "R": [[0.02941661660455922, -0.4534617016197436, 0.8907901817104111], [0.012431404575934502, 0.8912728956122831, 0.45329690681402834], [-0.9994899313388854, -0.002260688174668568, 0.03185539893278858]], "T": [0.01137197328145682, 0.02920923125393554, -0.08617233151116747], "aligned_model": [[-0.10717894821562825, -0.3953150003075274, 0.608178496826181, 0.4895795493249753, 0.6989187497646414, -0.5370532335557089, -0.13245718658050662, 0.24883396615837275, 0.21385436026862314, -0.4051626460569058, 0.07388558043739535, -0.5242402086280377, 0.045362406875477546], [-0.6465781933498007, 0.07707344910951913, -0.36841111406490906, -0.46884574100421667, 0.10365552067203654, -0.3151599698808057, -0.6196387362527509, 0.13248758750923723, 0.623500247538894, 0.5597743953181551, 0.10071595541575604, -0.021696952793140434, -0.029046894536387077], [-0.49461949642840597, -0.7270897591376749, -0.5327881950033911, 0.13557233344277342, 0.00039489202978183757, -0.22211603119496753, 0.12841537690094396, -0.7742809448053145, 0.22128902590341665, 0.1384642903356188, 0.612938985182563, 0.4702873211413882, -0.16939748299576762]], "inverted": true, "swapped": true, "error_lsq": 0.04701958175391209, "error_max": 0.2651310284807172, "target": "388.xyz", "model": "4.xyz", "model_rescale": 3.8936222436046832, "target_rescale": 4.024707931232954},
{"mapping": [10, 4, 11, 7, 6, 1, 3, 12, 8, 2, 5, 13], "R": [[-0.3953354047427522, 0.4842693430067204, -0.7805082454277622], [-0.6115868401098161, -0.772765618056388, -0.16969041385540662], [-0.6853258019083878, 0.4102639430583295, 0.6016743656371419]], "T": [-0.12282624459150777, -0.09349800951309135, 0.005218851483019253], "aligned_model": [[0.02084587862281921, -0.5893377993764354, -0.2130426203254568, 0.30999610989677834, -0.5203289950252409, -0.7224500514373166, -0.15359459357552208, 0.08256277338586453, 0.575136630654724, 0.38469979829255746, 0.04235070105098725, -0.18928978994866183], [-0.593662012775555, -0.5484210921547558, 0.15939791472032994, -0.009223080669528552, 0.5130524784424558, 0.026166479598301456, -0.329521710290497, 0.28733142245766335, 0.18688953118803353, -0.44277956644998184, 0.5125504541622719, -0.09285791311893017], [-0.5494474605684941, -0.33531020565223096, -0.7467630019049751, -0.48814064167781546, 0.005137792696584188, 0.33971609266981895, 0.6625312100709159, 0.5624998316432667, 0.1878382530039835, 0.3600171097633649, -0.30000276156341277, -0.07879149920548684]], "inverted": true, "swapped": true, "error_lsq": 0.04378182466277039, "error_max": 0.2575436979530414, "target": "388.xyz", "model": "5.xyz", "model_rescale": 3.6523030999806103, "target_rescale": 4.024707931232954},
{"mapping": [9, 4, 0, 1, 3, 11, 10, 6, 7, 8, 2, 12, 13], "R": [[0.5053934786882417, 0.012894266767993278, -0.8627926573539636], [-0.09527927703173107, -0.9929402607560461, -0.07065053388351775], [-0.8576125530026416, 0.11791257971154423, -0.5005969760975992]], "T": [0.05966608593115294, -0.0261185598852707, -0.0315338701464926], "aligned_model": [[0.12663710208274356, -0.08793445259281563, 0.34638452384245966, 0.6557931287412044, 0.5990945578869081, -0.5002272440171633, -0.5727472621655668, 0.35506258005106783, -0.5578611844553014, -0.0697633950632788, 0.06101477223594319, 0.5062247174636281, 0.019405060654466087], [-0.5781667261946352, 0.042926145516995, 0.4837487148827583, -0.230383404897641, 0.4124169833068764, -0.5621405676699207, 0.23524157250350933, -0.6884253869456627, -0.11848801468237524, 0.08010617232742309, 0.5998176001013008, -0.05107238435288697, -0.08475379973255785], [0.604471947554897, 0.6854005691886648, 0.42667694147591356, 0.2662330285758906, -0.10513357382045842, 0.16022618048759268, 0.30043700993200184, -0.03311996689038567, -0.2505521292433714, -0.7872345448386225, -0.3686750853176722, -0.5771898891342112, 0.04856925151154992]], "inverted": false, "swapped": true, "error_lsq": 0.04737129536902608, "error_max": 0.336633413737646, "target": "388.xyz", "model": "6.xyz", "model_rescale": 4.08911054899281, "target_rescale": 4.024707931232954},
{"mapping": [10, 11, 5, 12, 8, 2, 1, 6, 7, 9, 4, 3, 13, 14], "R": [[0.9666638201723262, 0.1872441510507366, 0.17464445787695032], [0.1979380916668495, -0.9791434131534481, -0.045811443390295796], [0.1624240457479459, 0.07885305558762662, -0.9835652621902443]], "T": [-0.024378019675490695, 0.055218380355772784, -0.000597183981242456], "aligned_model": [[-0.2685219389547722, 0.04478533587415627, -0.032081175858907275, 0.36899244431389994, -0.6735643120332355, 0.5115245628505357, 0.21764950693647694, -0.03909643605061469, 0.4841731738236924, -0.450458465975649, -0.5292166717513673, -0.6091767344407789, 0.6746334343037725, -0.07716919848868904], [-0.4216774738351676, 0.11098772084171094, -0.681112854445801, -0.3982800104091879, 3.2220368287788625e-05, 0.47267140538405816, 0.7296360106653161, 0.17617163559304572, -0.23892587736973223, 0.6290997878340897, -0.29824202457961957, 0.37121463013757217, 0.09762172163583945, 0.17649213950894002], [-0.4825089906807965, -0.5808016943636017, 0.19499986002436553, -0.3847856867315978, -0.20224196781068912, 0.4337770063523038, -0.1572164520971056, 0.4834448025451239, 0.5035295895342287, -0.3225799340458297, 0.3415331526090333, 0.4290634607123101, -0.21385633667042003, -0.0999477213044398]], "inverted": false, "swapped": false, "error_lsq": 0.045416177806427316, "error_max": 0.2882566031410494, "target": "388.xyz", "model": "7.xyz", "model_rescale": 3.964800864290218, "target_rescale": 4.024707931232954},
{"mapping": [11, 12, 10, 9, 4, 1, 7, 3, 5, 2, 6, 0, 8, 13], "R": [[-0.22892041731788706, 0.8335554645473129, -0.5027730403057807], [-0.615286949835711, 0.27633128490616293, 0.7382838142232138], [0.7543324279764673, 0.4783579292803901, 0.4496179262414984]], "T": [-0.07541803854419948, 0.08497231299731625, 0.03294383993583397], "aligned_model": [[-0.3931920383746333, 0.031921525014742436, 0.27182506893430086, 0.2839552293835201, -0.6652495384914973, 0.2914273263589561, 0.24594956446175503, -0.2657747824387345, 0.5482714754625254, -0.4201482010643577, -0.5804044293943148, -0.3976233077158222, 0.675038288744189, -0.0035226563321095195], [-0.5235803391056698, 0.1126505391333251, -0.6466173756873337, -0.322130193994394, 0.1030816244934266, 0.6964388035711151, 0.6040745865714755, -0.10669598108537914, -0.20001610778310705, 0.6377100508607987, -0.17883067147523904, 0.45883076520047417, 0.03500403481546291, 0.055769295814396366], [-0.43161689790569935, -0.7143091769075305, 0.17198615265467385, -0.3901106836053172, -0.3502848770477709, 0.26672386544449034, -0.3332649232990985, 0.7059893590500368, 0.5113408644954737, -0.08643302526206595, 0.1420426649436498, 0.5521480336371606, -0.12635478973700678, 0.024552521611888943]], "inverted": true, "swapped": false, "error_lsq": 0.043871188897172494, "error_max": 0.25409136964163537, "target": "388.xyz", "model": "8.xyz", "model_rescale": 4.121658175737393, "target_rescale": 4.024707931232954},
{"mapping": [1, 6, 12, 3, 9, 4, 5, 10, 8, 11, 0, 2, 13], "R": [[-0.6131487957420576, 0.4170605199609858, -0.6709016894970059], [-0.055546195583768054, 0.8244140756283296, 0.5632548730921526], [0.7880121664265309, 0.3826250835945799, -0.4823223724522909]], "T": [0.029995975991924557, -0.003270466833247849, -0.014549777427842789], "aligned_model": [[-0.46775035703663576, -0.2537866515422494, 0.3968143940936244, 0.08424507041371393, -0.7378915688531762, -0.5612598900147869, 0.23355241396102158, -0.018311049629120273, 0.7865997297541594, -0.15632235944874173, -0.3088451885137658, 0.5296922790041921, -0.0499993257530379], [0.16340027156006787, -0.41979219099244713, 0.12542654025558858, 0.6323067171765214, -0.35329853325276295, 0.07963146804253067, -0.6480437277469507, -0.05315226659608517, -0.08142729089576785, -0.7161133672102059, 0.638862264007337, 0.4851639249501627, -0.06257636988627928], [-0.4730540380102054, -0.5359795533567498, -0.6033274301261986, -0.3005779129335576, -0.054233102267126784, 0.4145094850615869, -0.18939432363321052, 0.7428395968053462, -0.15794247131300182, 0.29320422828138326, 0.14350549652712985, 0.11658962923401885, 0.02493582968967424]], "inverted": true, "swapped": true, "error_lsq": 0.04235298033670162, "error_max": 0.26479685252731494, "target": "388.xyz", "model": "9.xyz", "model_rescale": 3.833441315466971, "target_rescale": 4.024707931232954},
{"mapping": [10, 12, 8, 11, 0, 4, 6, 2, 3, 1, 13, 5, 7, 14], "R": [[0.018029420403405494, 0.941429531152295, -0.3367274534015418], [-0.38784428628894185, -0.3038264144421765, -0.8702105029705355], [-0.9215485606265894, 0.14628720983592858, 0.3596502504454576]], "T": [0.007600806896170851, 0.053698396628576145, -0.0531769674335571], "aligned_model": [[-0.36168270580503337, 0.0144910488307274, 0.0476270792723654, 0.3587391660520502, -0.6579072988420827, 0.2675217331578114, 0.2369691992557685, -0.1022839001630824, 0.5626941660687996, -0.42264361909258735, -0.6397621868176593, -0.38617630853080576, 0.6439500703385407, 0.06093708082370769], [-0.5359931344569749, 0.23448942703317532, -0.7239157859460031, -0.32970073033873804, 0.09377600466185086, 0.687108863465542, 0.6661538265122089, -0.16641260065346564, 0.11087723054256754, 0.5946464533052672, -0.14933456601477094, 0.3700895617390697, -0.14371885053800307, 0.017623332017625767], [-0.49095285636864716, -0.6278831403620366, -0.017491634938598843, -0.49481487705363103, -0.19215793100295783, 0.35565658388397686, -0.23625633557028564, 0.6221946006366732, 0.6123482336687867, -0.3137031020096115, 0.36561332837663435, 0.3965689780434918, -0.05332602896182311, 0.01661326973091337]], "inverted": false, "swapped": false, "error_lsq": 0.044139260014943, "error_max": 0.33360722555768363, "target": "388.xyz", "model": "10.xyz", "model_rescale": 4.2482417240324, "target_rescale": 4.024707931232954},
{"mapping": [9, 1, 12, 3, 11, 7, 5, 2, 0, 10, 4, 13], "R": [[-0.6155454642964064, 0.7860618256636362, -0.056662047425700635], [0.2571334667507374, 0.13235151403881357, -0.9572697932183911], [-0.7449739335445695, -0.6038127880113047, -0.2835911764726584]], "T": [0.0680781474894727, 0.05999405792746115, 0.030766269638986564], "aligned_model": [[-0.7240706610074353, -0.12152625652818617, 0.5168325261052654, 0.5666214878243317, -0.5822857080916833, -0.011757842314308348, -0.17248715994953617, 0.7365410669042531, 0.209008324297133, -0.11914658929577114, -0.3848182423818164, -0.03614534319923937], [-0.22732491277133232, -0.6105569750438302, -0.22015831777268663, -0.3976509441501567, 0.49621895222812595, 0.7032492014382136, 0.3313676620374565, 0.20643828949244158, -0.295232998305607, 0.5976013425915596, 0.010780867413900441, 0.0713992228925548], [-0.030010118485315894, 0.04373493226753008, 0.4975766699858082, -0.14453063638443941, 0.18667248412473245, 0.1637703250181316, 0.6276105513531068, -0.16203805269169705, -0.6064791086810848, -0.47360039488699535, -0.546304785381534, 0.00879042361611385]], "inverted": true, "swapped": true, "error_lsq": 0.04130824341083037, "error_max": 0.239992291422296, "target": "388.xyz", "model": "11.xyz", "model_rescale": 3.6694154284099745, "target_rescale": 4.024707931232954},
{"mapping": [9, 2, 7, 10, 8, 0, 1, 6, 5, 3, 11, 4, 12, 13], "R": [[-0.9244804216360686, -0.16164213793932242, -0.3452647813693167], [0.3171784057062916, 0.17633091641406767, -0.9318289901426067], [0.2115036854648451, -0.9709681906010001, -0.11174508434740088]], "T": [0.012079170457539961, 0.005052526297216392, 0.03466499739794264], "aligned_model": [[-0.4093817890755659, 0.02597661225378611, 0.20718428316834292, 0.2125789785698096, -0.55823920924538, 0.30274150441490727, 0.17517043267507015, -0.07099630178468253, 0.588793530297854, -0.47236118318150655, -0.6665775651552005, -0.40030290450753264, 0.6442642992344813, 0.04362283688413676], [-0.6215042297371878, 0.27094666434863945, -0.70572532386043, -0.36541109771793934, 0.00672052540799839, 0.48323590317170484, 0.7919487706545814, -0.08867877654564688, -0.24091794254219226, 0.6377032367391019, -0.1851817913011649, 0.5568509691475795, 0.07319342910794607, 0.11250869445636161], [-0.2382517627088096, -0.5615067411587653, 0.12897385800458638, -0.4408193004888989, -0.46265986108300267, 0.47918038534848945, -0.23117148412054433, 0.5861790427610514, 0.5361327113034143, -0.29140174875500996, 0.2543570284833042, 0.3051056608820201, -0.20505834436065562, 0.08334964396570554]], "inverted": false, "swapped": false, "error_lsq": 0.04256972318600526, "error_max": 0.34349969481372317, "target": "388.xyz", "model": "12.xyz", "model_rescale": 3.9764082729961374, "target_rescale": 4.024707931232954},
{"mapping": [2, 1, 4, 0, 8, 13, 12, 14, 6, 10, 3, 11, 5, 15], "R": [[-0.9247501405062695, 0.07445177492258795, 0.3732212625836199], [-0.2213593259951381, 0.6925008532453621, -0.6866167905385242], [-0.309575881535712, -0.7175649806570285, -0.6239096666233543]], "T": [0.055520848942993445, 0.028553266325157915, -0.04454769161458562], "aligned_model": [[-0.36027462128614096, -0.12363970643549274, 0.3380283204233656, 0.2317651116926355, -0.6396862992152762, 0.192924892549264, 0.2881142501875803, -0.1421868559656827, 0.4733877247431426, -0.39856622459071955, -0.6057068062159106, -0.5258838025861958, 0.8614280080437405, 0.03276953320421016], [-0.2612679722595886, 0.2969944796346758, -0.6045473292184673, -0.5126265479269358, 0.06504359321649719, 0.49697446313294596, 0.5818548745686913, 0.1344836146010157, -0.017475366019323237, 0.6542561933778889, -0.28696408355940756, 0.4191550331236886, -0.18842221179184943, -0.051769709550479916], [-0.6604838007267692, -0.5915059977535287, 0.14316721525032405, -0.4952918562980186, -0.1670561151680609, 0.32448111128392054, -0.26127603530977944, 0.7225888440223037, 0.5933609576548462, -0.26465601877532335, 0.3697833804624304, 0.3295426580384077, -0.12366278904091448, 0.02341753443304699]], "inverted": true, "swapped": false, "error_lsq": 0.043197888988740475, "error_max": 0.24685449080449115, "target": "388.xyz", "model": "13.xyz", "model_rescale": 4.170626492500431, "target_rescale": 4.024707931232954},
{"mapping": [3, 9, 6, 3, 0, 12, 10, 4, 5, 7, 2, 8, 11, 13], "R": [[-0.46067298563811165, 0.430164257654975, 0.7763627449455652], [0.8418837670054581, -0.06524229549980715, 0.5357006306983554], [0.28109095175043997, 0.9003900012295007, -0.3320929426078967]], "T": [-0.12727177611496407, 0.06802708549875329, -0.020684237829473078], "aligned_model": [[-0.036857843336229296, 0.2392530035653477, 0.3086307187068964, -0.036857843336229296, -0.7095123275204968, 0.29631991171632655, 0.11774694883256012, -0.3039944395517572, 0.6217838602875856, -0.534428508905714, -0.5270443594289185, -0.31081319086028336, 0.5321267388587426, -0.0338791444793107], [-0.477437566739997, 0.2952468282935549, -0.6108758382298671, -0.477437566739997, 0.09728136852791679, 0.445051920317213, 0.5625602939352198, 0.07930977713599736, -0.1159597595334529, 0.7202346845242955, -0.4195513078524041, 0.6782542021744207, -0.08016681648800696, 0.029178812004458682], [-0.43271243874225684, -0.7064955915036752, 0.21715836178400305, -0.43271243874225684, -0.14716954824658618, 0.44205594533654996, -0.13786373754445366, 0.6661235458263658, 0.46127460147622235, -0.2781302430525243, 0.16741509551314113, 0.3607495152023107, -0.22778763470058797, -0.009496344533367205]], "inverted": false, "swapped": false, "error_lsq": 0.051150975423398325, "error_max": 0.33433995576801046, "target": "388.xyz", "model": "14.xyz", "model_rescale": 3.9786697098870705, "target_rescale": 4.024707931232954},
{"mapping": [6, 12, 9, 11, 1, 0, 8, 2, 4, 7, 3, 13], "R": [[-0.9841525935363477, 0.1772411419634235, 0.005408348285933215], [-0.10503261110738066, -0.5580897872804419, -0.8231062749956636], [-0.1428699521930561, -0.8106302282352743, 0.5678616115142677]], "T": [0.036190767939094426, -0.03527068709174612, 0.041193530157132896], "aligned_model": [[-0.05809739130720355, -0.6553942497422232, 0.5966942064706777, 0.5256208300592574, 0.011878577196299391, 0.2458578988291026, -0.5594744026479106, -0.3068748236206643, 0.7224034254678608, 0.16359893275886173, -0.333079625037447, 0.13022121834072536], [-0.25614743496912373, 0.0013363257918199908, -0.05779248716207051, -0.6490443347033483, 0.3549513432473757, 0.6682853562505953, -0.3830053145581919, 0.20803213287025363, 0.22458221887875085, -0.5896397789814192, 0.5560914642886194, -0.06297500072882208], [-0.6430835649476793, -0.09352055869669429, -0.5905297945632586, -0.10479336843274237, -0.5357747432092888, 0.1559882883395614, 0.3924524480860779, 0.614405386268706, -0.005031317354388692, 0.3792513849142219, 0.09260946315444646, -0.0020071296851312745]], "inverted": false, "swapped": true, "error_lsq": 0.0558178498958657, "error_max": 0.3205105117360653, "target": "388.xyz", "model": "15.xyz", "model_rescale": 3.769337070930944, "target_rescale": 4.024707931232954},
{"mapping": [4, 10, 1, 3, 9, 11, 6, 7, 12, 2, 13], "R": [[-0.23706762066971288, -0.9144008839763411, -0.3281310204983484], [-0.5554201129963681, -0.1495441173162093, 0.818012869736912], [-0.7970617550159481, 0.3761749331885397, -0.4724245742248119]], "T": [-0.04609160145520277, 0.05406274335975917, 0.08884518088722577], "aligned_model": [[-0.2758049730752288, -0.2857712312286752, -0.01894407977013348, -0.5269387003164037, 0.30505371413138954, 0.5001377750469213, 0.5412184593551914, 0.19245264520968097, 0.05178734781249209, -0.5556872426892607, -0.004877583784802811], [-0.1370213561527972, -0.6248913328514489, 0.6579635988285945, 0.5278801583923842, 0.1682439563127873, -0.431796136337311, 0.44123091148640187, -0.532264071682946, 0.5258795645239721, -0.01790841763065234, 0.018747622736357265], [-0.5829187020611677, -0.15617617398028366, -0.2580315592993977, 0.2704946788463881, -0.6710267247850982, -0.23231936889200727, -0.08744900413421196, 0.28161071726042614, 0.6041959297621956, 0.5793495424596025, -0.0035117279526688666]], "inverted": true, "swapped": true, "error_lsq": 0.04455255521461048, "error_max": 0.3032748142517158, "target": "388.xyz", "model": "16.xyz", "model_rescale": 3.7852294659196426, "target_rescale": 4.024707931232954},
{"mapping": [4, 11, 6, 9, 10, 7, 8, 5, 1, 3, 2, 12, 13], "R": [[-0.490909675717831, -0.12014271311830113, 0.8628866778269252], [-0.5658543399597855, 0.7970639360755453, -0.210945366757449], [-0.6624323031339049, -0.591823293130925, -0.4592696740177581]], "T": [0.011167253442497634, 0.13544168140164384, -0.05805047698674809], "aligned_model": [[-0.12482040568277827, -0.4842929721512548, 0.3744055971026398, 0.15174188399195382, -0.6366755596053293, -0.598535845906273, -0.14764804428223877, -0.17425431767448088, 0.632750822423928, 0.49949628218786923, -0.061747892645922314, 0.4440297191729736, -0.020683416714804084], [-0.3194995791243497, -0.43568982664724787, -0.3143892536196984, -0.6927827473486637, 0.03769312849928841, 0.16082999931235709, 0.7176281495396702, -0.05795233232172978, -0.1602377753973054, 0.5532860102096916, 0.818778232164893, 0.5329532521501992, 0.03443836628576945], [-0.6193738122028385, 0.19865950750484745, 0.3796959943923863, -0.14765384716349922, -0.4443215435462915, 0.1977983213814576, 0.4266719296955313, 0.5868960271406816, -0.16743159807954086, -0.33310372991752507, -0.24024991211889335, 0.3323242566884627, -0.07415689663160456]], "inverted": true, "swapped": true, "error_lsq": 0.04327866652859775, "error_max": 0.24597754871918465, "target": "388.xyz", "model": "17.xyz", "model_rescale": 3.901054581598922, "target_rescale": 4.024707931232954},
{"mapping": [2, 9, 8, 5, 3, 6, 11, 1, 4, 12, 0, 7, 10, 14], "R": [[0.29309050759804817, 0.5081655912069853, -0.8098553489785532], [-0.9265779620066599, -0.0578430033625605, -0.3716281303744162], [-0.23569309425501583, 0.8593147961458911, 0.45390180264594926]], "T": [-0.007672816052262433, 0.012126040915226559, -0.03164153819795085], "aligned_model": [[-0.45485272907185337, 0.25395091494782857, 0.16418149551527414, 0.16985539736387126, -0.743538478655461, 0.16595915388760088, 0.23572308417748108, -0.1205987253462603, 0.5851335496772989, -0.38494181802735855, -0.6421865730505022, -0.3842233354722987, 0.7905609724385857, -0.012549383835686542], [-0.6247173620567026, 0.19292914384815354, -0.6138120315889352, -0.36190451655348016, 0.04653876562195349, 0.5555994954240008, 0.7633852530090025, -0.03550097136758879, -0.2391561797831981, 0.5787201082567972, -0.19014528313542256, 0.43957952621265056, 0.16017253653895008, 0.054000546903170306], [-0.3112818562335175, -0.6087488788909206, 0.10651010719686893, -0.4992641665175656, -0.23344188629623785, 0.4564304734245582, -0.1460924924196949, 0.654408719543399, 0.4277186997647902, -0.32932319211579275, 0.3316532761694738, 0.307725885148531, -0.14722182273620504, -0.06666377796480219]], "inverted": true, "swapped": false, "error_lsq": 0.039001201240874146, "error_max": 0.3109180747254906, "target": "388.xyz", "model": "18.xyz", "model_rescale": 3.9405287249114394, "target_rescale": 4.024707931232954},
{"mapping": [5, 8, 2, 6, 9, 12, 4, 14, 3, 7, 11, 13, 1, 15], "R": [[0.28595335480558703, 0.942906651260468, 0.1707563348289032], [0.9082133892821536, -0.20985949498623513, -0.36208760251180394], [-0.3055799705544423, 0.25862335426811855, -0.9163704721470752]], "T": [0.018546296799777717, 0.13591867124928267, 0.037688599728709235], "aligned_model": [[-0.3166973815548776, -0.04024270354574554, 0.15429912570771068, 0.30764539576465594, -0.6992989762166498, 0.3151262908371945, 0.2077613941845561, -0.12530612244376263, 0.5839784347518158, -0.3929424696037779, -0.5595987079857984, -0.47322523430575436, 0.6408977355665518, 0.020076743392401362], [-0.45154985672592896, 0.060255414357752196, -0.7148171117569416, -0.2911744636624525, 0.09312477875477651, 0.4601907860064196, 0.7933695377258757, 0.09244750369615909, -0.11497693478986251, 0.5473917841246535, -0.20261899919531315, 0.4313074476231451, -0.07363856208583189, 0.09637770725690124], [-0.44579361041013965, -0.712705350494037, -0.07696339532295383, -0.502956034648792, -0.2304096914439024, 0.3648383589172082, -0.22042190704489023, 0.7973962416183605, 0.6231512263029446, -0.35853409200622316, 0.3029315092121651, 0.3873113640882973, -0.027762730290606538, 0.04232719959545378]], "inverted": true, "swapped": false, "error_lsq": 0.037729079134933875, "error_max": 0.22266003873809273, "target": "388.xyz", "model": "19.xyz", "model_rescale": 4.410303926677745, "target_rescale": 4.024707931232954},
{"mapping": [11, 12, 10, 9, 4, 1, 7, 3, 5, 2, 6, 0, 8, 13], "R": [[-0.22892041731788706, 0.8335554645473129, -0.5027730403057807], [-0.615286949835711, 0.27633128490616293, 0.7382838142232138], [0.7543324279764673, 0.4783579292803901, 0.4496179262414984]], "T": [-0.07541803854419948, 0.08497231299731625, 0.03294383993583397], "aligned_model": [[-0.3931920383746333, 0.031921525014742436, 0.27182506893430086, 0.2839552293835201, -0.6652495384914973, 0.2914273263589561, 0.24594956446175503, -0.2657747824387345, 0.5482714754625254, -0.4201482010643577, -0.5804044293943148, -0.3976233077158222, 0.675038288744189, -0.0035226563321095195], [-0.5235803391056698, 0.1126505391333251, -0.6466173756873337, -0.322130193994394, 0.1030816244934266, 0.6964388035711151, 0.6040745865714755, -0.10669598108537914, -0.20001610778310705, 0.6377100508607987, -0.17883067147523904, 0.45883076520047417, 0.03500403481546291, 0.055769295814396366], [-0.43161689790569935, -0.7143091769075305, 0.17198615265467385, -0.3901106836053172, -0.3502848770477709, 0.26672386544449034, -0.3332649232990985, 0.7059893590500368, 0.5113408644954737, -0.08643302526206595, 0.1420426649436498, 0.5521480336371606, -0.12635478973700678, 0.024552521611888943]], "inverted": true, "swapped": false, "error_lsq": 0.043871188897172494, "error_max": 0.25409136964163537, "target": "388.xyz", "model": "20.xyz", "model_rescale": 4.121658175737393, "target_rescale": 4.024707931232954},
{"mapping": [9, 4, 0, 1, 3, 11, 10, 6, 7, 8, 2, 12, 13], "R": [[0.5053934786882417, 0.012894266767993278, -0.8627926573539636], [-0.09527927703173107, -0.9929402607560461, -0.07065053388351775], [-0.8576125530026416, 0.11791257971154423, -0.5005969760975992]], "T": [0.05966608593115294, -0.0261185598852707, -0.0315338701464926], "aligned_model": [[0.12663710208274356, -0.08793445259281563, 0.34638452384245966, 0.6557931287412044, 0.5990945578869081, -0.5002272440171633, -0.5727472621655668, 0.35506258005106783, -0.5578611844553014, -0.0697633950632788, 0.06101477223594319, 0.5062247174636281, 0.019405060654466087], [-0.5781667261946352, 0.042926145516995, 0.4837487148827583, -0.230383404897641, 0.4124169833068764, -0.5621405676699207, 0.23524157250350933, -0.6884253869456627, -0.11848801468237524, 0.08010617232742309, 0.5998176001013008, -0.05107238435288697, -0.08475379973255785], [0.604471947554897, 0.6854005691886648, 0.42667694147591356, 0.2662330285758906, -0.10513357382045842, 0.16022618048759268, 0.30043700993200184, -0.03311996689038567, -0.2505521292433714, -0.7872345448386225, -0.3686750853176722, -0.5771898891342112, 0.04856925151154992]], "inverted": false, "swapped": true, "error_lsq": 0.04737129536902608, "error_max": 0.336633413737646, "target": "388.xyz", "model": "21.xyz", "model_rescale": 4.08911054899281, "target_rescale": 4.024707931232954},
{"mapping": [13, 14, 10, 12, 4, 11, 15, 8, 5, 2, 0, 1, 9, 16], "R": [[-0.12130325152468674, -0.9356037362807348, -0.3315586974082696], [0.5530247884444546, 0.21367995745310303, -0.8052977456498973], [0.8242870280039019, -0.28104541348395995, 0.4914919846997764]], "T": [-0.05470771307095211, 0.005155278284088426, 0.004194807046136642], "aligned_model": [[-0.3328573244472832, 0.21357648654342887, 0.38326633179997743, 0.22707590354086649, -0.6735386290658232, 0.28383472027275775, 0.1307872942549197, -0.02104114146330059, 0.5305964416368641, -0.46079800270768645, -0.7597389975520373, -0.4352938662317676, 0.6320271209685842, -0.09542281300098071], [-0.37220908226423716, 0.14544038731788375, -0.6516605692357318, -0.44867616509372243, 0.052794986805200006, 0.5377694599221606, 0.6883865501233333, 0.12676151270776928, -0.11337085647024137, 0.5535057928079266, -0.2215150346443291, 0.5500336528926957, -0.10506027880651472, -0.016511324732840546], [-0.4615936632999933, -0.5616375553790881, 0.17124895300233328, -0.5053191971233874, -0.3137217566128392, 0.4373277942477283, -0.16985590203680917, 0.6859869335521216, 0.379827148319003, -0.2317208966648461, 0.23141904721245127, 0.43808433004960123, -0.150062802991155, -0.007573344202236053]], "inverted": true, "swapped": false, "error_lsq": 0.03249850383327581, "error_max": 0.1990635287494364, "target": "388.xyz", "model": "22.xyz", "model_rescale": 4.204369325754507, "target_rescale": 4.024707931232954},
{"mapping": [5, 8, 2, 6, 9, 12, 4, 14, 3, 7, 11, 13, 1, 15], "R": [[0.28595335480558703, 0.942906651260468, 0.1707563348289032], [0.9082133892821536, -0.20985949498623513, -0.36208760251180394], [-0.3055799705544423, 0.25862335426811855, -0.9163704721470752]], "T": [0.018546296799777717, 0.13591867124928267, 0.037688599728709235], "aligned_model": [[-0.3166973815548776, -0.04024270354574554, 0.15429912570771068, 0.30764539576465594, -0.6992989762166498, 0.3151262908371945, 0.2077613941845561, -0.12530612244376263, 0.5839784347518158, -0.3929424696037779, -0.5595987079857984, -0.47322523430575436, 0.6408977355665518, 0.020076743392401362], [-0.45154985672592896, 0.060255414357752196, -0.7148171117569416, -0.2911744636624525, 0.09312477875477651, 0.4601907860064196, 0.7933695377258757, 0.09244750369615909, -0.11497693478986251, 0.5473917841246535, -0.20261899919531315, 0.4313074476231451, -0.07363856208583189, 0.09637770725690124], [-0.44579361041013965, -0.712705350494037, -0.07696339532295383, -0.502956034648792, -0.2304096914439024, 0.3648383589172082, -0.22042190704489023, 0.7973962416183605, 0.6231512263029446, -0.35853409200622316, 0.3029315092121651, 0.3873113640882973, -0.027762730290606538, 0.04232719959545378]], "inverted": true, "swapped": false, "error_lsq": 0.037729079134933875, "error_max": 0.22266003873809273, "target": "388.xyz", "model": "23.xyz", "model_rescale": 4.410303926677745, "target_rescale": 4.024707931232954},
{"mapping": [8, 10, 14, 9, 4, 7, 1, 12, 13, 3, 5, 0, 11, 16], "R": [[0.818766113160506, 0.5661309343245862, 0.09548726166776832], [0.21578591064158548, -0.14932456923951093, -0.9649552392676131], [-0.5320324169715783, 0.8106774563426602, -0.2444249763612036]], "T": [0.009865892288251615, -0.04620686928030298, 0.03423627946976472], "aligned_model": [[-0.378335388735672, 0.010492631098774644, 0.4548878481658819, 0.18833557131768797, -0.6047916501632278, 0.36915406808198786, 0.2501393574886509, -0.25344055235658064, 0.36924309829242113, -0.4850385178412525, -0.5288979205310915, -0.3192173695488214, 0.5889947897411654, -0.0390524404614042], [-0.3623482051995308, 0.07533968400966815, -0.5480170983168059, -0.44116343706252664, -0.008150742875748601, 0.41056467202221925, 0.7392827732225317, 0.07377081555690601, -0.17908099434226224, 0.6279356217489175, -0.25184288529128673, 0.5206558885342989, 0.01135641788197727, 0.05738652144099412], [-0.6177308120226237, -0.6053026082121389, 0.1252963850913621, -0.418066569140765, -0.27338720751024276, 0.35704065130079393, -0.2139774047051794, 0.7842035495111305, 0.6236250429551169, -0.2972037773389231, 0.28533270784624853, 0.40941174730803387, -0.21479720164634558, -0.0020354153635828154]], "inverted": false, "swapped": false, "error_lsq": 0.041546776612091225, "error_max": 0.2516344687979617, "target": "388.xyz", "model": "24.xyz", "model_rescale": 4.28219845311461, "target_rescale": 4.024707931232954},
{"mapping": [3, 4, 9, 7, 1, 14, 2, 10, 12, 0, 8, 6, 13, 15], "R": [[0.8170068598058846, 0.2602989002584969, 0.51453306361627], [-0.07562769532096272, 0.9329771224421697, -0.35190075404859256], [-0.5716469563730461, 0.24859238026083075, 0.7819345149983388]], "T": [-0.002106846234369405, -0.03655823401711488, 0.015148272822591836], "aligned_model": [[-0.31738782617262196, -0.05350253175732683, 0.19043301455918984, 0.422700807192463, -0.5966881817068943, 0.2927520399495163, 0.2193863299431051, -0.2273646246188267, 0.619472392876528, -0.4127796989088305, -0.5988226270184055, -0.4483544758272736, 0.5679501056358164, -0.035321199597919156], [-0.4808589406146718, 0.14427870611333393, -0.6843934279034931, -0.37194379592250554, -0.15284812670367098, 0.39444111276419946, 0.6048794604830731, 0.144988280109318, -0.2040585335484168, 0.5744705482635521, 0.0017447597639636617, 0.6772507017670681, 0.058867180610221774, 0.018871106147379822], [-0.5355241621747585, -0.691466939028663, 0.004581937286331012, -0.5439590408530733, -0.19179881030091867, 0.569623182270357, -0.07583788749323266, 0.7540695239134761, 0.42746223013699786, -0.33634256252967104, 0.3678651770950248, 0.33691991737566246, -0.12213070883402612, -0.02105276879062162]], "inverted": false, "swapped": false, "error_lsq": 0.04086848739874338, "error_max": 0.23237032581156125, "target": "388.xyz", "model": "25.xyz", "model_rescale": 4.100010024507729, "target_rescale": 4.024707931232954},
{"mapping": [9, 1, 12, 3, 11, 7, 5, 2, 0, 10, 4, 13], "R": [[-0.6155454642964064, 0.7860618256636362, -0.056662047425700635], [0.2571334667507374, 0.13235151403881357, -0.9572697932183911], [-0.7449739335445695, -0.6038127880113047, -0.2835911764726584]], "T": [0.0680781474894727, 0.05999405792746115, 0.030766269638986564], "aligned_model": [[-0.7240706610074353, -0.12152625652818617, 0.5168325261052654, 0.5666214878243317, -0.5822857080916833, -0.011757842314308348, -0.17248715994953617, 0.7365410669042531, 0.209008324297133, -0.11914658929577114, -0.3848182423818164, -0.03614534319923937], [-0.22732491277133232, -0.6105569750438302, -0.22015831777268663, -0.3976509441501567, 0.49621895222812595, 0.7032492014382136, 0.3313676620374565, 0.20643828949244158, -0.295232998305607, 0.5976013425915596, 0.010780867413900441, 0.0713992228925548], [-0.030010118485315894, 0.04373493226753008, 0.4975766699858082, -0.14453063638443941, 0.18667248412473245, 0.1637703250181316, 0.6276105513531068, -0.16203805269169705, -0.6064791086810848, -0.47360039488699535, -0.546304785381534, 0.00879042361611385]], "inverted": true, "swapped": true, "error_lsq": 0.04130824341083037, "error_max": 0.239992291422296, "target": "388.xyz", "model": "26.xyz", "model_rescale": 3.6694154284099745, "target_rescale": 4.024707931232954},
{"mapping": [8, 9, 5, 7, 10, 6, 12, 0, 1, 11, 4, 2, 3, 13], "R": [[0.7363599538148511, -0.21978101850174536, -0.6398986812958172], [0.3069754146822653, -0.7342969884107007, 0.6054535717886439], [-0.6029428772267251, -0.6422649272047406, -0.47323952717862383]], "T": [-0.05469010620696148, -0.003329241089908931, -0.04022912981905961], "aligned_model": [[-0.3456506265561275, -0.020335863653655487, 0.16181932510014574, 0.40848576685111554, -0.6013794650324792, 0.3771612606881934, 0.18411367529508776, -0.17226467779204946, 0.5594472365300156, -0.39997388745478923, -0.7786815764402981, -0.32472142709088364, 0.6524224600489189, -0.07796867594467441], [-0.47112386963905467, 0.15195817260116676, -0.6746155643126835, -0.3488337181181261, 0.0844328369457957, 0.3988603859876683, 0.7385006430861228, -0.1506419768021354, -0.16513273821829036, 0.7510247189690015, -0.27293942776045144, 0.463016276695316, 0.1868235546043121, 0.034359737290710124], [-0.3640614221074578, -0.7032292358809501, 0.3182075286441501, -0.28967509929700064, -0.27542964533387687, 0.31039650042832706, -0.18987534674800885, 0.5933389574033827, 0.5732051423476816, -0.25910051350325375, 0.24026555526743745, 0.3741795935285522, -0.3817916471804315, -0.004021279495666837]], "inverted": false, "swapped": false, "error_lsq": 0.04897293185322305, "error_max": 0.35248711278852096, "target": "388.xyz", "model": "27.xyz", "model_rescale": 4.103607728864725, "target_rescale": 4.024707931232954},
