[{"mapping": [0, 2, 5, 6, 4, 1, 8, 7, 10, 9, 11, 12], "R": [[-0.6989938397765207, -0.03440812249866143, 0.7142994421533542], [0.6893012208001673, -0.29842575187030307, 0.6601559646205156], [0.19045062078626807, 0.9538124300546527, 0.23231532303178737]], "T": [-0.10495867894784137, -0.1189074255152199, -0.041331528317992666], "aligned_model": [[-0.32690337244158446, 0.21356679426317576, 0.32648641276133256, -0.09837631769808806, -0.03205809212929529, -0.6043397301519093, 0.25815111400105234, -0.24325087197105377, 0.6666228491871042, 0.18050073509716535, -0.44088654909157, -0.06187050936578087], [-0.41582003763150277, -0.7274791496259773, -0.22439836003323155, 0.8133926606510561, 0.4434441555421663, -0.6930494566028987, -0.19943244223090315, -0.5503052966796093, 0.11033098942421818, 0.5074306707839981, 0.10044552775672658, -0.11100422537698554], [-0.618926411904159, -0.004599095946411967, -0.4805195504926638, -0.05652547285623988, -0.6617644059072667, 0.006758622886144511, 0.4732108669194841, 0.6177147661002468, 0.04594589599937063, 0.420000431614024, 0.427198413884625, 0.013457685056408888]], "inverted": false, "swapped": true, "error_lsq": 0.039304163942496785, "error_max": 0.19551801194789403, "target": "389.xyz", "model": "0.xyz", "model_rescale": 3.751011558992144, "target_rescale": 3.9231450869961773},
{"mapping": [10, 4, 6, 5, 9, 11, 13, 1, 7, 3, 12, 0, 14], "R": [[0.8343728129753776, -0.390857639682978, 0.38865449240811234], [-0.22124991779962794, 0.40832067772013964, 0.8856199512318048], [-0.5048469895336745, -0.8249269844341485, 0.25421445181415]], "T": [0.12517493434782948, 0.026964514069563066, 0.014767643672224315], "aligned_model": [[-0.18074491791248473, 0.02710932436918631, -0.5816867978619039, 0.5787119100515329, 0.09855209122772182, -0.5718293628082887, 0.5104388604967843, -0.04615681713355002, -0.2769960051715178, 0.364062725872662, -0.1744625211066024, 0.3473954062609119, 0.10148273661070903], [-0.5465958694925532, 0.09326384796980927, 0.23981168250423646, -0.396221443453992, -0.6146447779218368, -0.31600565272221876, -0.3280033752746587, 0.6511608101676839, 0.45336505013043676, 0.282240352185604, -0.07960731881047947, 0.7138782804324361, -0.0046130047871632066], [-0.4851276238888586, -0.7672563357387071, -0.12222987344738627, -0.05806026320440215, 0.16247804272655897, 0.1972161661748722, 0.5178299688799265, -0.24351507798670946, 0.32479690366290564, 0.6938646610764508, 0.6862100788836077, 0.24773128449066784, 0.05278543572549552]], "inverted": true, "swapped": false, "error_lsq": 0.04925811339380502, "error_max": 0.4172363509140469, "target": "389.xyz", "model": "1.xyz", "model_rescale": 3.9405287249114394, "target_rescale": 3.9231450869961773},
{"mapping": [0, 1, 7, 5, 11, 6, 9, 1, 4, 8, 3, 2, 12], "R": [[-0.8157435374422797, -0.2880939522144234, -0.5015619162363009], [0.5463464926047492, -0.09906313724059218, -0.8316802299312764], [0.18991574747673073, -0.9524643665447676, 0.23820923433576108]], "T": [-0.013502638596793121, -0.02299155567576006, 0.1667163054903311], "aligned_model": [[0.014908111734460333, -0.11387885972767142, -0.7855505284271621, 0.5672446350744708, 0.1397921793693564, -0.3696155506702826, 0.5458374900557773, -0.11387885972767142, -0.144553456660762, 0.2943375630632865, -0.40864131879343235, 0.5218310110873166, 0.0480442165174745], [-0.38622870663440856, 0.47553765981693474, 0.15095885973666173, -0.3749249180927174, -0.7094395670830705, -0.39342996057206786, -0.24117806057406616, 0.47553765981693474, 0.6375810474788408, 0.2922285844370844, 0.014259853812007863, 0.17400000898921777, 0.033126119795952993], [-0.5883873891801017, -0.4404241789858644, 0.11579320717079064, -0.09203413976153277, 0.2803125882501853, -0.010243224973111448, 0.705153281049446, -0.4404241789858644, 0.36207556667118557, 0.8043372301931537, 0.5781496955700912, -0.2058180345218962, 0.13823294485794074]], "inverted": false, "swapped": false, "error_lsq": 0.06229195072546186, "error_max": 0.38041163927268185, "target": "389.xyz", "model": "2.xyz", "model_rescale": 3.932901565614263, "target_rescale": 3.9231450869961773},
{"mapping": [1, 2, 6, 3, 11, 10, 8, 4, 5, 9, 12, 7, 13], "R": [[-0.7554747024332035, 0.654601396515806, -0.027477002438757402], [-0.6528469288648293, -0.7556591275028489, -0.052632409154377904], [-0.05521649622371212, -0.021824176987692068, 0.9982358658371211]], "T": [0.12405480591016414, -0.03562636887007975, 0.028015178753734757], "aligned_model": [[-0.12997581534868302, -0.2887304428752166, -0.5236647544616586, 0.5622255008840844, 0.16921097034679122, -0.4474289237014032, 0.6480052883968818, 0.06534050243504441, -0.19941992560215654, 0.19605595825463795, -0.4397236219884262, 0.5562212400044949, 0.027760656550769786], [-0.4356494915597668, 0.24262746288304082, 0.17308721325948664, -0.2517216499523196, -0.8567968135719083, -0.43864231502513285, -0.2758200044774429, 0.7224458222924751, 0.5253699573907363, 0.21559635811552302, 0.04028513132042778, 0.49921922318875667, -0.011972312936571548], [-0.541386758096316, -0.6401038201365806, -0.03190370331307319, -0.12029109097643716, 0.3763666103985635, 0.18335330747695822, 0.48251450201787555, -0.40222381075234176, 0.3401800480929463, 0.714670780125944, 0.5374473514073235, 0.2201477195805439, 0.08795223152901556]], "inverted": false, "swapped": false, "error_lsq": 0.04480379251555591, "error_max": 0.2651420075162337, "target": "389.xyz", "model": "3.xyz", "model_rescale": 3.9243930471874484, "target_rescale": 3.9231450869961773},
{"mapping": [8, 10, 11, 4, 7, 9, 2, 6, 5, 0, 1, 3, 12], "R": [[0.8876358374946559, -0.43359852477454386, -0.1552254467170261], [-0.3507447723116536, -0.8548833639714107, 0.3822990173947233], [-0.2984639420285259, -0.28489779451281116, -0.9109075265857282]], "T": [-0.04743312439752065, -0.0028188524690407855, -0.004914375892830225], "aligned_model": [[-0.1396928717783446, 0.04192508300567806, -0.6747118977930735, 0.4466692956081538, 0.26792300480335063, -0.6899027078786678, 0.7154297711275808, -0.037261675577876796, -0.2519381355544299, 0.30120963619972474, -0.2433391140198821, 0.5190330882577525, -0.059466843504805626], [-0.5495735818734845, 0.0666760540153232, 0.35052384427320216, -0.3090517078774821, -0.6399953624085821, -0.28961043215596, -0.15561629732287283, 0.7139863539104238, 0.5025919700772784, 0.26508006768230374, -0.225854856491104, 0.3600905745156156, 0.058781954582642945], [-0.3030481945101208, -0.7008405848125181, -0.33325011944477445, -0.12512879371783625, 0.3658623303184492, -0.056594312997257534, 0.49097637194461047, -0.09211158039454176, 0.5207858244491979, 0.7230971263689592, 0.6447286677260777, -0.02404937237396939, 0.09629600479814593]], "inverted": false, "swapped": false, "error_lsq": 0.05141591589031085, "error_max": 0.32216367461638235, "target": "389.xyz", "model": "4.xyz", "model_rescale": 3.8936222436046832, "target_rescale": 3.9231450869961773},
{"mapping": [7, 2, 1, 11, 0, 5, 10, 4, 6, 9, 3, 12], "R": [[-0.8572243701243627, -0.263382151117904, -0.44248866848473684], [-0.4574868145919603, 0.7839706062977898, 0.41963782352831036], [0.236372997060559, 0.5621565003925345, -0.7925325705149459]], "T": [-0.13483525852306483, -0.03545192942815817, -0.0984859366720797], "aligned_model": [[-0.10053644136779573, -0.6984372321310099, -0.42588486902030376, 0.38212351790023297, -0.6075957018066394, -0.5729349001484865, -0.13073681624474015, -0.024714966430970847, 0.6053217326882911, 0.5242162772942447, 0.18945423741308182, -0.1127267959308072], [-0.5706027218963108, -0.41774260684729236, 0.06767389504021393, -0.13187446143491174, 0.4531061014025098, 0.013128903495727554, -0.49640505001906493, 0.5448288627487683, 0.2260102248293709, -0.38380953375012694, 0.46497819742843444, -0.1003689058875109], [-0.691788635591617, -0.19530507405216285, -0.795614588617419, -0.42088301728719313, -0.19251257931043494, 0.34408375267324687, 0.5671048367216575, 0.49954288819341797, 0.4047662906929508, 0.26333130703704344, -0.07971632933805325, -0.08372413184591829]], "inverted": true, "swapped": true, "error_lsq": 0.05741713490244679, "error_max": 0.29442126579435535, "target": "389.xyz", "model": "5.xyz", "model_rescale": 3.6523030999806103, "target_rescale": 3.9231450869961773},
{"mapping": [8, 9, 10, 5, 1, 6, 0, 11, 4, 3, 2, 7, 12], "R": [[0.11001027184907136, -0.9826910041377444, 0.14905076475632464], [0.8184217677131596, 0.004467469401049525, -0.5746006020275456], [0.5639889628538493, 0.18519835880455982, 0.8047471762455194]], "T": [-0.031341688254074684, -0.027565555887073993, 0.03823043613629244], "aligned_model": [[-0.01400911678105082, -0.1249982071202006, -0.7396869602579245, 0.5338508851845736, 0.04051012228248778, -0.5278507161496739, 0.7492392803889951, 0.029712560800233184, -0.282200431176963, 0.37046541603095084, -0.4220331269419855, 0.5125063553289806, 0.0703705713067379], [-0.47004631014212667, 0.2421975627609051, 0.2359783708028193, -0.37391532253811643, -0.5314995019795996, -0.4414731669656952, -0.2430544399942333, 0.8412612441493597, 0.37775423911994865, 0.23828724659658163, -0.08044789796406063, 0.369624413379024, -0.016637856297501922], [-0.4693259319121273, -0.6259376084667562, -0.15532734852156482, -0.1183030237287185, 0.5107373263417961, -0.03093412691058399, 0.6139227347795823, -0.08818702053739576, 0.3574754154257572, 0.5387442134747875, 0.686902380836802, -0.07704095451404683, 0.06399731108689002]], "inverted": false, "swapped": false, "error_lsq": 0.047136714876916036, "error_max": 0.37213383250515325, "target": "389.xyz", "model": "6.xyz", "model_rescale": 4.08911054899281, "target_rescale": 3.9231450869961773},
{"mapping": [4, 5, 10, 6, 3, 8, 0, 12, 11, 1, 9, 13, 14], "R": [[0.7939693999604366, -0.15025053942988348, -0.5890987755270705], [0.6069714179783291, 0.25107554071464755, 0.7540204046391743], [0.03461632106162105, -0.956235247340254, 0.290544079375716]], "T": [0.08504398285911698, 0.06926368536920795, 0.028803867524168122], "aligned_model": [[-0.11506224819446233, -0.02753780790046817, -0.5639926215380231, 0.4528923647104358, 0.11677670205941311, -0.4868859204428122, 0.6077129176063217, -0.08240640745668058, -0.256589683624646, 0.3534093368949225, -0.22031566279070508, 0.3954597446010417, 0.022415918970823262], [-0.4737499631764032, 0.059451793661139674, 0.2591530037011766, -0.2630597305000687, -0.6967799412879432, -0.2931296040435624, -0.4988851818934424, 0.6824743721598117, 0.4748759933271616, 0.24406403144231592, -0.14815781551958385, 0.7304293747977801, 0.07134224825892198], [-0.3736177565083508, -0.7246749289617067, -0.22013072516642979, -0.029434278804656586, 0.22532774102529762, 0.11075667578979077, 0.5660935774407813, -0.29358555289790517, 0.28039114167578316, 0.6886303103266324, 0.7173099936172267, 0.07775801276484125, 0.1818991570531175]], "inverted": false, "swapped": false, "error_lsq": 0.04490700085585128, "error_max": 0.3526125882809848, "target": "389.xyz", "model": "7.xyz", "model_rescale": 3.964800864290218, "target_rescale": 3.9231450869961773},
{"mapping": [10, 5, 8, 6, 11, 9, 4, 1, 7, 2, 12, 0, 13], "R": [[0.5229723202781207, -0.4490981509398946, 0.7244382672424797], [-0.3670772594748398, 0.6484023693655435, 0.6669547608178461], [-0.7692556387829471, -0.6147236925835191, 0.17424277309869482]], "T": [0.12061752005633566, 0.04140070549639621, 0.05722353960749038], "aligned_model": [[-0.17223411167074074, -0.19827067617020808, -0.608448202905521, 0.5857132119084065, 0.10444031914049881, -0.4378537057173766, 0.43479984677581296, -0.021697059717438655, -0.29410650511643377, 0.40533970980054057, -0.3467002063632195, 0.6928228054254463, 0.05207120750539382], [-0.4684140952161501, 0.12537906487958866, 0.16050788010002845, -0.3050331935793744, -0.7513961021112248, -0.36096026694178507, -0.24058790166571728, 0.7741197115572652, 0.47819428458294755, 0.3979859018658849, -0.1516626151680465, 0.4567075114069178, 0.03318840121696994], [-0.5167632231113437, -0.7111049555240316, -0.15569483434676912, 0.0704664309209768, 0.2987703146043292, 0.06572440015349906, 0.6201314237428514, -0.020167091048816088, 0.4367871273961104, 0.5372120812951957, 0.6184860753932364, -0.0579317506869563, 0.02080736856613985]], "inverted": true, "swapped": false, "error_lsq": 0.045729967059776826, "error_max": 0.2574935341519061, "target": "389.xyz", "model": "8.xyz", "model_rescale": 4.121658175737393, "target_rescale": 3.9231450869961773},
{"mapping": [9, 6, 7, 1, 4, 5, 0, 8, 11, 3, 10, 2, 12], "R": [[0.05103261064368475, 0.13373918808573682, 0.9897017238648513], [-0.9284268363409751, -0.35880175875236675, 0.0963582247558413], [0.3679935899071869, -0.9237830521753344, 0.10585646083657238]], "T": [-0.03321714410598098, 0.05025113412555769, 0.08819382658045279], "aligned_model": [[-0.356007100054586, 0.12229425183958689, -0.6616995847567112, 0.5939133352368278, 0.2391084072632541, -0.3452325852861243, 0.41706447031439936, 0.005758477730932389, -0.3611901116773251, 0.20927979406822977, -0.27698557011373004, 0.5651285048143437, 0.0444443435160633], [-0.41592911687491807, 0.07015435437739849, 0.16995980499894434, -0.19236912173324971, -0.772188447217351, -0.41795415091595906, -0.4031513490377587, 0.6497177554524565, 0.5454647528130789, 0.49118029911636163, 0.012886409632605726, 0.3952133939965384, 0.015043996319156844], [-0.521455609530808, -0.5867892233168323, -0.12602700859818677, -0.06271836325123904, -0.10560980297964655, 0.34343504934850255, 0.5469932371060036, -0.3237212235750839, 0.3123127212822617, 0.6960266143656032, 0.8062896853908456, 0.16120050121851273, 0.06678678989448926]], "inverted": true, "swapped": false, "error_lsq": 0.05889448866014857, "error_max": 0.38546914541781196, "target": "389.xyz", "model": "9.xyz", "model_rescale": 3.833441315466971, "target_rescale": 3.9231450869961773},
{"mapping": [3, 4, 6, 2, 9, 7, 8, 1, 12, 10, 11, 0, 14], "R": [[-0.27295613851538025, -0.5377318318111569, 0.7977088588600418], [0.329307681448144, -0.8313292732059216, -0.4477142955615351], [0.9039089541463898, 0.14048528950723488, 0.40399565102368135]], "T": [0.03443206534794146, 0.0955855752774537, 0.06910561409519389], "aligned_model": [[-0.1167173282435956, -0.24943151929594287, -0.48885003712914926, 0.5241682340053941, 0.24144306571072338, -0.37795237230238826, 0.35006201609459264, 0.020272893349306147, -0.31200047215836374, 0.37168854314978805, -0.2795097384444304, 0.47244391173493433, 0.040259436424292236], [-0.6125232927349484, 0.01913767220675408, 0.3744051373668649, -0.3447119576000309, -0.6849469072473652, -0.40420976755434423, -0.35043956207952426, 0.7958891476541147, 0.5211223777587523, 0.2799433929003199, -0.06260578612338202, 0.6142318962328803, 0.0027362301472134143], [-0.410537525756443, -0.6721701534295891, -0.2620515405434153, -0.21889928617275972, 0.14543133705382755, 0.22421095781127243, 0.6249821052459669, -0.16537968881017986, 0.31794890615207727, 0.7957584932485737, 0.6537021570659102, 0.1236453050342165, 0.05008230045496405]], "inverted": false, "swapped": false, "error_lsq": 0.05178038480969575, "error_max": 0.30655999974023806, "target": "389.xyz", "model": "10.xyz", "model_rescale": 4.2482417240324, "target_rescale": 3.9231450869961773},
{"mapping": [0, 1, 11, 7, 4, 6, 3, 8, 2, 10, 5, 12], "R": [[0.15661187477737232, 0.9403314122026099, 0.3020754142656473], [0.21211292235028767, -0.33073556824226735, 0.919577126766149], [0.9646143420303983, -0.07994259893517566, -0.2512535612180495]], "T": [-0.013321782988787981, 0.018131669817034728, -0.016790512021465333], "aligned_model": [[-0.6134826763640302, -0.017666649257983315, 0.4347844030407623, 0.6219173352149602, -0.6113994563890387, -0.003042409279831607, -0.24874089170310074, 0.5243238829838449, 0.030571135816804568, 0.13687339848137928, -0.42206787366934434, 0.044695403488584626], [-0.31475214147276465, -0.7336387107610949, 0.0015608471079416701, -0.46180134205444656, 0.5732602596687816, 0.8167831253973866, 0.18223547933405218, 0.10672309261789387, -0.33698915136946683, 0.6092728683765649, 0.17957335694444332, 0.04390370626134797], [-0.01153066479257461, 0.11031411349829753, 0.4067774431706251, -0.09233148701148361, 0.18476865343446633, 0.4643620844294285, 0.5062716928393526, -0.34263644834127416, -0.6042680912514522, -0.5492368896664099, -0.4606627213992758, -0.04663539505534334]], "inverted": false, "swapped": true, "error_lsq": 0.04797210531323689, "error_max": 0.2633306994471623, "target": "389.xyz", "model": "11.xyz", "model_rescale": 3.6694154284099745, "target_rescale": 3.9231450869961773},
{"mapping": [10, 12, 7, 2, 8, 9, 3, 5, 6, 4, 11, 0, 13], "R": [[-0.12241606805088906, -0.3777354777064066, 0.9177854951811304], [0.18260275622845934, 0.9003819492790208, 0.39492857434007045], [-0.9755360268594544, 0.21593576427823044, -0.0412456786202692]], "T": [0.027526160879170737, 0.056278563338107615, 0.05584798707016661], "aligned_model": [[-0.18644243214115083, 0.24029780081900912, -0.6499288864764434, 0.42702016075117905, 0.06629503264291761, -0.5694575410340205, 0.6438869665435036, -0.24600762519456856, -0.2058044662259052, 0.4343356191233473, -0.30439023100195717, 0.4224207625133986, 0.1236514725758506], [-0.32772286300521347, 0.14062309776148021, 0.11962521581321871, -0.4217053612601092, -0.6380384059066863, -0.4685886196328303, -0.3531855793249833, 0.7201543347585166, 0.48984794282694855, 0.19183562410854915, -0.08510920582936331, 0.6507058456935646, 0.12958655492421223], [-0.4027249439622279, -0.5839822474582631, -0.24282772152051232, -0.13972676918499777, 0.3542081253460092, 0.16903441196406843, 0.49594726418535917, -0.30334419056431994, 0.3341090966023529, 0.6590137998519012, 0.6999517492370505, 0.09395735622144773, 0.07310743663655343]], "inverted": true, "swapped": false, "error_lsq": 0.049622072109656315, "error_max": 0.325183727341648, "target": "389.xyz", "model": "12.xyz", "model_rescale": 3.9764082729961374, "target_rescale": 3.9231450869961773},
{"mapping": [6, 14, 11, 4, 5, 13, 0, 3, 8, 2, 1, 7, 15], "R": [[0.07648130908530365, -0.5489973099451888, 0.8323175854405244], [0.9484031994911879, -0.21755876133574184, -0.23065029061532935], [0.30770437201228773, 0.8070130971917395, 0.5040316263941377]], "T": [-0.07166170193599243, -0.10401037929773485, 0.1749787544701893], "aligned_model": [[-0.03897225965361868, -0.3279403868977644, -0.6214677050463646, 0.5698112745030148, 0.31069644058028034, -0.5530181034693938, 0.5547741782242613, 0.040590364928604225, -0.22712214063645786, 0.21808888691720102, -0.2858208949651406, 0.564775325676129, -0.008518347265590018], [-0.49983425839551265, 0.07310695526556044, 0.38877783292858137, -0.25143926842601905, -0.8498778726359163, -0.33093372687952083, -0.17005848797218176, 0.6100058834941849, 0.5686526852608857, 0.3578445215464282, 0.013649403038410432, 0.30318491077740495, -0.06504999707500117], [-0.47764185721663655, -0.5610638563931545, -0.11728454391672588, -0.11249448763785241, 0.19252409765981163, -0.12715094485112816, 0.535982450975693, -0.2563258910727238, 0.32666688922769993, 0.7572108050579041, 0.7611652383835514, 0.18815466232735906, 0.0969808048106234]], "inverted": true, "swapped": false, "error_lsq": 0.052980968111575925, "error_max": 0.37024183584055276, "target": "389.xyz", "model": "13.xyz", "model_rescale": 4.170626492500431, "target_rescale": 3.9231450869961773},
{"mapping": [3, 1, 0, 11, 6, 2, 5, 7, 8, 12, 4, 10, 13], "R": [[-0.28705335427682954, 0.19530301747117418, 0.937793742336275], [0.9140835486113175, -0.2369027992627229, 0.3291326933922369], [0.2864465708584468, 0.9517004755006382, -0.11051953209861382]], "T": [-0.02379414849541789, 0.016211623479360164, 0.03485541595516854], "aligned_model": [[0.015437930745313952, -0.1482793780223014, -0.5390048835838315, 0.6069314356644835, 0.1680504136244062, -0.5628920485758953, 0.5336945678748226, -0.19087347484072476, -0.1282923343612426, 0.36962309678016575, -0.3364174194333127, 0.355553332788276, 0.052345394235001036], [-0.5052838369878071, 0.2061900589541155, 0.20837480878938955, -0.2890231904602152, -0.7686457108878588, -0.357932560778436, -0.39266142362918394, 0.769004622423686, 0.6268831023149548, 0.2349682927739129, 0.029226167833882426, 0.43377724333662165, -0.04684899275575815], [-0.4145630228081626, -0.6994647400936422, -0.1964228043532782, -0.05829283672071216, 0.26870129619496297, 0.08303996483997508, 0.6258283348137766, -0.21577778682773285, 0.4443877918333441, 0.6119814957203252, 0.6713775622284592, 0.026934145112182666, 0.05899396741492381]], "inverted": false, "swapped": false, "error_lsq": 0.035535257344925464, "error_max": 0.1966587709998102, "target": "389.xyz", "model": "14.xyz", "model_rescale": 3.9786697098870705, "target_rescale": 3.9231450869961773},
{"mapping": [2, 5, 1, 7, 0, 3, 10, 6, 11, 8, 4, 12], "R": [[-0.5711215487269492, -0.6406052601774793, 0.5132690105711384], [-0.6078462618334889, 0.7502675251098456, 0.2600414635026525], [-0.5516729996608363, -0.16347336602178258, -0.8178834636100205]], "T": [0.07189854779709651, 0.012006165654675726, -0.05419216205925066], "aligned_model": [[-0.0740316199113085, -0.517399559071441, 0.5725076111323306, 0.6354598375478562, -0.05962889790641404, 0.18201483029231585, -0.5148544850343751, -0.06951824340590768, 0.5880382554305236, 0.10579709803799617, -0.434806493589296, 0.06977626324505644], [-0.4852960790043652, -3.9096252171983564e-05, 0.001751173231098229, -0.5455450784146892, 0.38325463373831165, 0.5690514566745684, -0.38882881607969655, 0.4575075078220968, 0.0024724859680037743, -0.5780226678213235, 0.6440123792104101, -0.04564340884780331], [-0.5064776423358689, -0.26093348873070654, -0.629186570417292, -0.15957790594291327, -0.6162486554128339, 0.12889589129676515, 0.333825685622467, 0.7526457890739194, 0.2834355470295135, 0.1777641711323359, 0.1701042911683815, -0.014280618609937817]], "inverted": true, "swapped": true, "error_lsq": 0.050225025721049345, "error_max": 0.3181194193414707, "target": "389.xyz", "model": "15.xyz", "model_rescale": 3.769337070930944, "target_rescale": 3.9231450869961773},
{"mapping": [11, 9, 0, 3, 7, 8, 2, 10, 5, 4, 12], "R": [[-0.8972110527356649, 0.4413643105012988, -0.014486968788294058], [-0.18499513316866262, -0.4054439404771799, -0.8952050110640835], [-0.4009851961767026, -0.8005078116708482, 0.4454190340579096]], "T": [-0.046358391255011615, 0.16203462580187555, -0.07609735329043202], "aligned_model": [[-0.2994999024190542, -0.23664036576448827, -0.09682524562618712, -0.6365685391293702, 0.3608004128243421, 0.36022685068821664, 0.6166814323346266, 0.26520927653223825, 0.18498304086227707, -0.582819084121218, -0.01292174549021196], [-0.09748261576305528, -0.6444430894696319, 0.8134028360763553, 0.24400792740755037, 0.07326574236155495, -0.29414136159626386, 0.3444690979117789, -0.4127584600904415, 0.28764249253239893, 0.18068188664074925, 0.10142004161434745], [-0.5751501916201311, -0.07645810886825985, 0.1341523720419983, -0.04645538355676292, -0.7586753090406733, -0.2483726739387139, -0.05987552295051354, 0.40144233201171986, 0.4903504632367829, 0.5707047466927501, -0.08744511678441916]], "inverted": false, "swapped": true, "error_lsq": 0.05183591164387851, "error_max": 0.3399461486214372, "target": "389.xyz", "model": "16.xyz", "model_rescale": 3.7852294659196426, "target_rescale": 3.9231450869961773},
{"mapping": [0, 3, 4, 8, 9, 10, 11, 1, 5, 7, 6, 2, 12], "R": [[-0.8328494890124323, 0.3344945367933183, -0.4409933485974069], [0.5521521512108565, 0.5576465755371283, -0.6198050489508274], [0.03859702792902804, -0.7596997444037595, -0.6491275435443395]], "T": [0.04370321621542148, 0.03814673905815778, 0.036472509137347356], "aligned_model": [[-0.21532956609404094, 0.2531139307830578, -0.6297423747650585, 0.5112364994785301, 0.11057747873634935, -0.4375140552097211, 0.5292252539847481, -0.022999319924003815, -0.42594998265247247, 0.194149700356287, -0.2569604688715503, 0.5475071627468867, 0.03856237432614879], [-0.31497767593731535, 0.26022657671809485, 0.11571591603551241, -0.3742185546201022, -0.8237007965569032, -0.45932200598977757, -0.20494671691779043, 0.6961891914101055, 0.44556403561830055, 0.42517179715764014, 0.039218046021305894, 0.3848210958200138, -0.04171232783178015], [-0.48693203895317605, -0.6979136763888811, -0.1690530217866773, -0.15213662336511058, 0.03937834436490113, 0.4490374866399379, 0.5295303119711163, -0.15532179949112312, 0.2501218241775833, 0.6012773116923239, 0.8713338369477196, 0.04571885183826847, 0.08168255970753939]], "inverted": true, "swapped": false, "error_lsq": 0.055326048390428165, "error_max": 0.31834809158251426, "target": "389.xyz", "model": "17.xyz", "model_rescale": 3.901054581598922, "target_rescale": 3.9231450869961773},
{"mapping": [10, 4, 6, 5, 9, 11, 13, 1, 7, 3, 12, 0, 14], "R": [[0.8343728129753776, -0.390857639682978, 0.38865449240811234], [-0.22124991779962794, 0.40832067772013964, 0.8856199512318048], [-0.5048469895336745, -0.8249269844341485, 0.25421445181415]], "T": [0.12517493434782948, 0.026964514069563066, 0.014767643672224315], "aligned_model": [[-0.18074491791248473, 0.02710932436918631, -0.5816867978619039, 0.5787119100515329, 0.09855209122772182, -0.5718293628082887, 0.5104388604967843, -0.04615681713355002, -0.2769960051715178, 0.364062725872662, -0.1744625211066024, 0.3473954062609119, 0.10148273661070903], [-0.5465958694925532, 0.09326384796980927, 0.23981168250423646, -0.396221443453992, -0.6146447779218368, -0.31600565272221876, -0.3280033752746587, 0.6511608101676839, 0.45336505013043676, 0.282240352185604, -0.07960731881047947, 0.7138782804324361, -0.0046130047871632066], [-0.4851276238888586, -0.7672563357387071, -0.12222987344738627, -0.05806026320440215, 0.16247804272655897, 0.1972161661748722, 0.5178299688799265, -0.24351507798670946, 0.32479690366290564, 0.6938646610764508, 0.6862100788836077, 0.24773128449066784, 0.05278543572549552]], "inverted": true, "swapped": false, "error_lsq": 0.04925811339380502, "error_max": 0.4172363509140469, "target": "389.xyz", "model": "18.xyz", "model_rescale": 3.9405287249114394, "target_rescale": 3.9231450869961773},
{"mapping": [2, 10, 11, 1, 6, 5, 0, 14, 13, 4, 7, 12, 15], "R": [[-0.5098649033464975, -0.8598526471608166, 0.02629078747400554], [-0.19518187972137196, 0.14539307797336037, 0.9699303514716222], [-0.8378196787876846, 0.48940195958738136, -0.241958483604383]], "T": [0.04762922212121508, 0.07669514073794492, 0.1591239487358206], "aligned_model": [[-0.08205149022287596, -0.1412709954969571, -0.5776558718045265, 0.572997059835516, 0.14908376476122787, -0.48700266020120103, 0.46857523170188314, -0.033148438966231486, -0.30257835283455464, 0.3964393457661745, -0.2598535421680854, 0.45438710496136137, 0.03795547756342996], [-0.5231205752444686, 0.10299292850996256, 0.24016262936399912, -0.24591133457900693, -0.6613776242414736, -0.5516251806779687, -0.33175170678333643, 0.6892746206467796, 0.6399808459007544, 0.19316628024385618, 0.0946588738346644, 0.4436923317379117, 0.05788649221563047], [-0.4562859168980351, -0.6034566509968446, -0.15948260075176224, -0.07631844582898925, 0.10221151630175634, 0.05594950006241639, 0.5178019209114066, -0.3077382497125536, 0.26586529112386803, 0.7911294866237896, 0.7921778191920268, 0.15950963634068827, 0.12536006098665578]], "inverted": false, "swapped": false, "error_lsq": 0.04222878363842424, "error_max": 0.21513428086431305, "target": "389.xyz", "model": "19.xyz", "model_rescale": 4.410303926677745, "target_rescale": 3.9231450869961773},
{"mapping": [10, 5, 8, 6, 11, 9, 4, 1, 7, 2, 12, 0, 13], "R": [[0.5229723202781207, -0.4490981509398946, 0.7244382672424797], [-0.3670772594748398, 0.6484023693655435, 0.6669547608178461], [-0.7692556387829471, -0.6147236925835191, 0.17424277309869482]], "T": [0.12061752005633566, 0.04140070549639621, 0.05722353960749038], "aligned_model": [[-0.17223411167074074, -0.19827067617020808, -0.608448202905521, 0.5857132119084065, 0.10444031914049881, -0.4378537057173766, 0.43479984677581296, -0.021697059717438655, -0.29410650511643377, 0.40533970980054057, -0.3467002063632195, 0.6928228054254463, 0.05207120750539382], [-0.4684140952161501, 0.12537906487958866, 0.16050788010002845, -0.3050331935793744, -0.7513961021112248, -0.36096026694178507, -0.24058790166571728, 0.7741197115572652, 0.47819428458294755, 0.3979859018658849, -0.1516626151680465, 0.4567075114069178, 0.03318840121696994], [-0.5167632231113437, -0.7111049555240316, -0.15569483434676912, 0.0704664309209768, 0.2987703146043292, 0.06572440015349906, 0.6201314237428514, -0.020167091048816088, 0.4367871273961104, 0.5372120812951957, 0.6184860753932364, -0.0579317506869563, 0.02080736856613985]], "inverted": true, "swapped": false, "error_lsq": 0.045729967059776826, "error_max": 0.2574935341519061, "target": "389.xyz", "model": "20.xyz", "model_rescale": 4.121658175737393, "target_rescale": 3.9231450869961773},
{"mapping": [8, 9, 10, 5, 1, 6, 0, 11, 4, 3, 2, 7, 12], "R": [[0.11001027184907136, -0.9826910041377444, 0.14905076475632464], [0.8184217677131596, 0.004467469401049525, -0.5746006020275456], [0.5639889628538493, 0.18519835880455982, 0.8047471762455194]], "T": [-0.031341688254074684, -0.027565555887073993, 0.03823043613629244], "aligned_model": [[-0.01400911678105082, -0.1249982071202006, -0.7396869602579245, 0.5338508851845736, 0.04051012228248778, -0.5278507161496739, 0.7492392803889951, 0.029712560800233184, -0.282200431176963, 0.37046541603095084, -0.4220331269419855, 0.5125063553289806, 0.0703705713067379], [-0.47004631014212667, 0.2421975627609051, 0.2359783708028193, -0.37391532253811643, -0.5314995019795996, -0.4414731669656952, -0.2430544399942333, 0.8412612441493597, 0.37775423911994865, 0.23828724659658163, -0.08044789796406063, 0.369624413379024, -0.016637856297501922], [-0.4693259319121273, -0.6259376084667562, -0.15532734852156482, -0.1183030237287185, 0.5107373263417961, -0.03093412691058399, 0.6139227347795823, -0.08818702053739576, 0.3574754154257572, 0.5387442134747875, 0.686902380836802, -0.07704095451404683, 0.06399731108689002]], "inverted": false, "swapped": false, "error_lsq": 0.047136714876916036, "error_max": 0.37213383250515325, "target": "389.xyz", "model": "21.xyz", "model_rescale": 4.08911054899281, "target_rescale": 3.9231450869961773},
{"mapping": [14, 2, 11, 13, 12, 9, 7, 1, 8, 6, 5, 0, 16], "R": [[0.41237340335704614, -0.6836108453385081, -0.6021830189728845], [-0.909340042719373, -0.3489327114974981, -0.22659799106376227], [-0.05521650940485173, 0.641032116966517, -0.7655252850863711]], "T": [0.006291745586769143, -0.016685531704641866, 0.026132713612459474], "aligned_model": [[-0.15139785575980536, 0.07161326219815906, -0.6650922118125883, 0.549707656487623, 0.1614667187128299, -0.43679825590651644, 0.5346699746874949, -0.10466884673719057, -0.25017099053596153, 0.2726057065618023, -0.4771271435267676, 0.6375822145092197, 0.05348640401686186], [-0.5302639849083848, 0.22780181526455678, 0.35080163416862525, -0.378680559128416, -0.7288685886214089, -0.5294335503996018, -0.20679494983891164, 0.7243440776925847, 0.5342247794186884, 0.3468045485730363, -0.07656058731556994, 0.42803255995807776, -0.013378613935971442], [-0.32485695572137263, -0.6500424604458633, 0.01665669526828481, -0.07579232712088746, 0.14311787160312162, 0.2459242772894845, 0.46256259819698686, -0.2357093116885783, 0.3600289731580125, 0.6198632621619545, 0.5364759405803404, 0.08759457963372294, 0.020900224439215444]], "inverted": false, "swapped": false, "error_lsq": 0.04407802747371928, "error_max": 0.23496211773827233, "target": "389.xyz", "model": "22.xyz", "model_rescale": 4.204369325754507, "target_rescale": 3.9231450869961773},
{"mapping": [2, 10, 11, 1, 6, 5, 0, 14, 13, 4, 7, 12, 15], "R": [[-0.5098649033464975, -0.8598526471608166, 0.02629078747400554], [-0.19518187972137196, 0.14539307797336037, 0.9699303514716222], [-0.8378196787876846, 0.48940195958738136, -0.241958483604383]], "T": [0.04762922212121508, 0.07669514073794492, 0.1591239487358206], "aligned_model": [[-0.08205149022287596, -0.1412709954969571, -0.5776558718045265, 0.572997059835516, 0.14908376476122787, -0.48700266020120103, 0.46857523170188314, -0.033148438966231486, -0.30257835283455464, 0.3964393457661745, -0.2598535421680854, 0.45438710496136137, 0.03795547756342996], [-0.5231205752444686, 0.10299292850996256, 0.24016262936399912, -0.24591133457900693, -0.6613776242414736, -0.5516251806779687, -0.33175170678333643, 0.6892746206467796, 0.6399808459007544, 0.19316628024385618, 0.0946588738346644, 0.4436923317379117, 0.05788649221563047], [-0.4562859168980351, -0.6034566509968446, -0.15948260075176224, -0.07631844582898925, 0.10221151630175634, 0.05594950006241639, 0.5178019209114066, -0.3077382497125536, 0.26586529112386803, 0.7911294866237896, 0.7921778191920268, 0.15950963634068827, 0.12536006098665578]], "inverted": false, "swapped": false, "error_lsq": 0.04222878363842424, "error_max": 0.21513428086431305, "target": "389.xyz", "model": "23.xyz", "model_rescale": 4.410303926677745, "target_rescale": 3.9231450869961773},
{"mapping": [1, 3, 0, 10, 11, 7, 9, 2, 5, 15, 6, 4, 16], "R": [[-0.3177230119756381, 0.7374820476460409, -0.595963352112302], [0.9269523015522225, 0.3738497109468263, -0.031556683476121505], [0.19952823937519762, -0.562455885403271, -0.8023913376071906]], "T": [-0.0036690596665893537, -0.08120723113985363, 0.2417875450916383], "aligned_model": [[-0.11265919209218105, 0.0812864355379921, -0.5376818117436207, 0.5317099995681636, 0.14259163548645856, -0.5154065157275172, 0.5477162953859376, -0.16254789933390368, -0.09717247203270847, 0.3270164938205674, -0.3259820220901456, 0.3237236263096083, -0.006717940193489922], [-0.49614908376380423, 0.219470496932974, 0.2066349225010758, -0.2196832488941507, -0.6970406518771823, -0.4497519212084214, -0.2674069749165328, 0.6307368722763156, 0.5218062815961624, 0.15809505783475802, 0.14912064805052694, 0.45077830214573433, -0.0585821197501509], [-0.5013677277451982, -0.6017920020226624, -0.20806030284434357, -0.10169113214384523, 0.23292788555697433, 0.031477097969172974, 0.47357155937968637, -0.30665302515758625, 0.39421408071321157, 0.827189688956139, 0.8906030135271634, -0.04750433957727157, 0.12380857074298121]], "inverted": true, "swapped": false, "error_lsq": 0.04103339396671975, "error_max": 0.23567139115772634, "target": "389.xyz", "model": "24.xyz", "model_rescale": 4.28219845311461, "target_rescale": 3.9231450869961773},
{"mapping": [5, 9, 3, 11, 10, 1, 14, 7, 4, 2, 0, 13, 15], "R": [[0.2695629533985613, 0.4984809459865105, 0.8239250940731437], [0.9558246364954053, -0.03437235976499092, -0.29192088851709885], [-0.11719675090834, 0.8662189604093065, -0.4857258838109709]], "T": [0.06499197088692209, -0.003815643630184471, 0.09553214960020143], "aligned_model": [[-0.25165587849802434, 0.10726563965586676, -0.5859218384716322, 0.407798287182828, 0.372508811855104, -0.540246883188583, 0.7003773016649701, -0.0014739588522138525, -0.3807185423056471, 0.27979778260606747, -0.37412777280566706, 0.4366400404668931, 0.025633643585198866], [-0.5915368859706617, 0.12522936893521983, 0.23216477177209502, -0.3253974370779484, -0.7228932859306882, -0.21123494216440822, -0.25545025464580284, 0.6987550361542431, 0.5173562813663745, 0.20411722934920193, 0.015135649596826253, 0.4579877500684452, 0.003795299474407718], [-0.4332386530126091, -0.56661134356399, -0.2518434413568026, -0.17932426906078866, 0.2299403178504121, 0.0722821397160924, 0.4318506427963351, -0.23237443136667166, 0.3492456416551364, 0.7114886480431813, 0.7828231150727476, 0.13467030084568027, 0.15781469973569856]], "inverted": false, "swapped": false, "error_lsq": 0.04360836165590999, "error_max": 0.24047955288097206, "target": "389.xyz", "model": "25.xyz", "model_rescale": 4.100010024507729, "target_rescale": 3.9231450869961773},
{"mapping": [0, 1, 11, 7, 4, 6, 3, 8, 2, 10, 5, 12], "R": [[0.15661187477737232, 0.9403314122026099, 0.3020754142656473], [0.21211292235028767, -0.33073556824226735, 0.919577126766149], [0.9646143420303983, -0.07994259893517566, -0.2512535612180495]], "T": [-0.013321782988787981, 0.018131669817034728, -0.016790512021465333], "aligned_model": [[-0.6134826763640302, -0.017666649257983315, 0.4347844030407623, 0.6219173352149602, -0.6113994563890387, -0.003042409279831607, -0.24874089170310074, 0.5243238829838449, 0.030571135816804568, 0.13687339848137928, -0.42206787366934434, 0.044695403488584626], [-0.31475214147276465, -0.7336387107610949, 0.0015608471079416701, -0.46180134205444656, 0.5732602596687816, 0.8167831253973866, 0.18223547933405218, 0.10672309261789387, -0.33698915136946683, 0.6092728683765649, 0.17957335694444332, 0.04390370626134797], [-0.01153066479257461, 0.11031411349829753, 0.4067774431706251, -0.09233148701148361, 0.18476865343446633, 0.4643620844294285, 0.5062716928393526, -0.34263644834127416, -0.6042680912514522, -0.5492368896664099, -0.4606627213992758, -0.04663539505534334]], "inverted": false, "swapped": true, "error_lsq": 0.04797210531323689, "error_max": 0.2633306994471623, "target": "389.xyz", "model": "26.xyz", "model_rescale": 3.6694154284099745, "target_rescale": 3.9231450869961773},
{"mapping": [8, 10, 9, 0, 5, 7, 1, 11, 12, 6, 3, 2, 13], "R": [[0.7562810099581542, 0.5970517248283833, 0.2675224698153911], [-0.2079825779108191, 0.6070909090424182, -0.7669314672404703], [-0.6203082147305841, 0.5243756916920375, 0.5833076827029221]], "T": [0.016559969109442352, -0.047502058999681365, -0.00999418813514795], "aligned_model": [[-0.2429508346932166, -0.06764665534865445, -0.6258055360357863, 0.6520239554661648, 0.27800773557413905, -0.35759190795984946, 0.44572050647340633, -0.07360936346424511, -0.1559309244294762, 0.2631948196028254, -0.4849414085517959, 0.5062742460095968, 0.059132000252052376], [-0.4118371637219812, 0.17275045864950328, 0.16198859743455712, -0.2293365506007239, -0.7808044712613712, -0.4540324583450898, -0.3908702757105646, 0.7792617132711107, 0.640989954707865, 0.22153104570037124, 0.026942482414345867, 0.42105021385390135, -0.009604965464619392], [-0.4663616569656266, -0.563427827119268, -0.10133836220563712, -0.002572406613495379, 0.13104175516640315, 0.29145552908487515, 0.6810674260628993, -0.2209601227525113, 0.34491207000145163, 0.5713687543559851, 0.6191207447595319, -0.06260921267361381, -0.014973323746572412]], "inverted": true, "swapped": false, "error_lsq": 0.041291876199173815, "error_max": 0.22275926521917216, "target": "389.xyz", "model": "27.xyz", "model_rescale": 4.103607728864725, "target_rescale": 3.9231450869961773},
{"mapping": [13, 8, 11, 2, 12, 10, 3, 7, 5, 0, 9, 1, 14], "R": [[-0.31283474856979887, -0.1107632396220593, 0.9433270508342781], [0.20953075811152083, -0.9767566964144687, -0.04520196250943813], [0.9264077296161135, 0.18351528753190993, 0.32877174110558577]], "T": [-0.12230892886152321, -0.06366285331602464, 0.08861854356394011], "aligned_model": [[-0.1134829101247936, -0.007838721852334182, -0.6607575799501455, 0.5809777590502342, 0.26319597220801394, -0.43005927850310754, 0.33854268547621463, -0.1709764751754051, -0.18032133467368544, 0.371655882390629, -0.38218342135405686, 0.5683245619242184, 0.01879949347937858], [-0.3971908815484314, 0.29814346475239983, -0.012963740801995666, -0.26801855736608304, -0.8275369665492849, -0.3437137667811755, -0.4080707600805218, 0.5934093156887591, 0.6168344392180116, 0.19774802768670127, 0.1946781199145158, 0.5059669033405461, -0.0012570165461370658], [-0.46685754838814636, -0.6382051879691346, -0.3351312453332583, 0.018281589831238038, 0.016674624375433197, 0.3829593060630705, 0.5708320189949021, -0.20458595882051922, 0.3507223512577622, 0.5328649363682609, 0.820635698933291, 0.05109316799825325, 0.10743961404326924]], "inverted": true, "swapped": false, "error_lsq": 0.05596002987888745, "error_max": 0.32143940487773953, "target": "389.xyz", "model": "28.xyz", "model_rescale": 4.137296879288765, "target_rescale": 3.9231450869961773},
