[{"mapping": [12, 8, 11, 7, 15, 14, 4, 9, 1, 0, 3, 16], "R": [[-0.9076589653965176, -0.22900687170860387, -0.35172582396742336], [0.12600635446245143, 0.650679775046946, -0.7488245648881581], [0.40034685108091816, -0.7239970186783197, -0.5617390103726982]], "T": [0.07653735442525429, -0.08391210274126817, -0.05368819073808001], "aligned_model": [[-0.30020615575623627, 0.2701775621680263, 0.3651730870607731, -0.2322530820116872, -0.11731118078071028, -0.6191128623273501, 0.4426125983099053, -0.1385352421496336, 0.5736438522545416, 0.023615814492102385, -0.4939157602339585, 0.06375383143477648], [-0.2651827352347657, -0.819800576164184, -0.2877608958819411, 0.66577489598367, 0.3539776716555152, -0.33726413844614833, -0.3296428736322312, -0.5754413186087894, 0.19445161774125555, 0.3337728333105504, 0.2356781940686414, -0.11500763881451542], [-0.5953069381433933, 0.05553029751035024, -0.5704211688081655, -0.16421455617091985, -0.640528950087589, 0.05329705264022286, 0.4521124141274177, 0.614290540093811, 0.1822773653129038, 0.469401155241367, 0.2929202753147087, 0.032594258322849054]], "inverted": false, "swapped": true, "error_lsq": 0.04429670582698509, "error_max": 0.2272881866358656, "target": "39.xyz", "model": "0.xyz", "model_rescale": 3.751011558992144, "target_rescale": 4.1548577955682},
{"mapping": [6, 1, 7, 15, 5, 3, 8, 11, 0, 14, 9, 10, 12, 13, 16], "R": [[0.6561750254918511, 0.08862105479889802, -0.7493868457393011], [-0.41202018277514896, -0.7899087278506299, -0.45418451168146656], [-0.6321975204844617, 0.6067870386813895, -0.4818047164376544]], "T": [0.14454267451896838, -0.05355743103877021, -0.10392683075401574], "aligned_model": [[0.0751973796024252, -0.021780460853556283, -0.42168282382936617, 0.13261345579107148, -0.5406513437246906, -0.49534444541358547, 0.6613313157477045, 0.7093439067345296, -0.4911615799007457, 0.010916504192805127, -0.00022701623949591965, 0.462238995407693, 0.4745092190949146, -0.1246179951668511, 0.1084010996461818], [0.03423522247401463, -0.5021728434509648, 0.4095580283318472, 0.572373089956821, -0.44175471622680823, 0.19677794399007742, -0.4304031229737205, 0.036266896495937076, -0.26775333422781855, 0.31552932772856035, -0.45309664171997344, 0.012916207684790168, 0.5333321993842132, 0.6415176169616855, -0.10856852458155505], [-0.7746174942665414, -0.49297927078429105, -0.4706841939521358, -0.5302781677794807, 0.3578121853621766, 0.17097099814337238, 0.32253990688641365, -0.3585030384303268, -0.13366023016303955, 0.532847329738585, 0.6400240630948512, 0.5596819051973373, 0.017844361947493198, 0.047459805631776764, -0.03879175577421509]], "inverted": true, "swapped": true, "error_lsq": 0.04476457571047889, "error_max": 0.404006532890298, "target": "39.xyz", "model": "1.xyz", "model_rescale": 3.9405287249114394, "target_rescale": 4.1548577955682},
{"mapping": [12, 11, 15, 4, 1, 13, 10, 8, 0, 3, 5, 14, 16], "R": [[0.7232174368850502, 0.6749314855676076, 0.14636949400377497], [0.4255554510091503, -0.268595568677629, -0.8641521732907581], [-0.5439293125966072, 0.6872582558807451, -0.4814737714787164]], "T": [0.0441520286015392, 0.002277148120298632, -0.12485967973911716], "aligned_model": [[-0.35689806458160955, 0.23347822192758727, -0.4723511721841993, 0.6055590314703293, 0.4221768316009751, -0.7119441848741526, 0.04096866900417348, 0.5514699457389113, -0.03004553336090901, -0.48478887986016905, 0.04702835632002084, -0.41915200006476694, 0.07048205814774042], [0.5502956228186743, 0.554854044371119, 0.26690285061330443, -0.2909265636095903, -0.33441876210096894, 0.0552533748625342, 0.30730727043419237, 0.30048312289714074, -0.6632678435722188, -0.47238708306355176, -0.7903569980579741, 0.03009015239887077, -0.05499659441951482], [-0.0413123497014804, -0.35000908234682837, -0.6115880096263784, 0.09668649691007597, -0.4770160186923322, -0.06156088431111929, 0.5479499085436151, 0.36977026386057826, -0.17413893402070307, 0.08155622461240664, 0.3280351545428614, 0.4617731987965459, -0.057025618978597675]], "inverted": true, "swapped": true, "error_lsq": 0.045676989768189936, "error_max": 0.25022688869929766, "target": "39.xyz", "model": "2.xyz", "model_rescale": 3.932901565614263, "target_rescale": 4.1548577955682},
{"mapping": [4, 8, 9, 1, 5, 3, 14, 0, 6, 7, 12, 11, 13, 16], "R": [[0.07553179432594964, -0.057005364934855196, -0.9955125998271175], [0.9899615094254393, -0.11532129750759906, 0.08171418602219357], [-0.1194619516917762, -0.991691175069037, 0.047722692591511684]], "T": [0.10192877807327048, 0.054943498118899564, 0.038891034951388403], "aligned_model": [[-0.1485489680563108, 0.5042730387716519, 0.096849039191358, -0.39320586217134074, -0.4372121540122055, -0.1780365686847762, 0.42129872740589286, -0.5122573644394242, -0.17844129451980634, -0.27556794457289885, 0.6846812528650745, 0.4891430377945145, 0.2732372668500662, 0.0735977056309085], [0.16243461764133782, 0.17354605386774558, -0.4343044328132475, 0.40358369673655425, -0.5432739873063436, -0.6056948721994718, -0.6210859048611195, -0.21491312555172912, 0.47687227699744605, -0.16666949423808725, -0.05152057052859503, 0.5368479486222298, -0.4579559885593071, 0.005630420543075568], [-0.5742447621994831, -0.6053213393473056, -0.6644321020376438, -0.07761078754552886, -0.3910552283766083, 0.2201877278518467, 0.015451706159289733, 0.009966234568706295, 0.49244479583201606, 0.7302535398342456, 0.3812512800447891, 0.13743597341980085, 0.573757579402433, -0.0341882545494607]], "inverted": true, "swapped": true, "error_lsq": 0.040184491876824116, "error_max": 0.2735776810214256, "target": "39.xyz", "model": "3.xyz", "model_rescale": 3.9243930471874484, "target_rescale": 4.1548577955682},
{"mapping": [5, 3, 9, 4, 10, 0, 1, 14, 12, 15, 11, 6, 16], "R": [[-0.08921168039614513, -0.6794335703419631, 0.7282934158519278], [0.21267390683053491, 0.7013511831687629, 0.6803501504528484], [-0.9730421807066397, 0.21558418624785372, 0.08192907423813445]], "T": [0.01370434587721292, -0.0336316435787639, 0.048418183558719255], "aligned_model": [[-0.021078531727717564, -0.2779756434802614, 0.5402569030358214, 0.27575749302079666, 0.6777071316181935, -0.37777257029092914, -0.26292634877367366, 0.285392158799947, 0.1766196705775624, -0.4474473481020711, 0.18730475905181065, -0.5277039539562318, 0.04907216653810574], [-0.5968653728668196, 0.017253471463222356, -0.43077052909912467, -0.6513039621925801, 0.15179447757429432, -0.43422975134383307, -0.5256206859404892, 0.2994141833964228, 0.6304274984976149, 0.5420859438560178, 0.21645896990015678, 0.0038600547311230388, -0.09467474429441855], [-0.6691811555477166, -0.6298337102495454, -0.4984601272655122, 0.054582818223686824, -0.21699414755022417, -0.3219206332472442, 0.2968195033627452, -0.5638142313035961, 0.07351071256492991, 0.22045062414764793, 0.5954058148992067, 0.45806890245232673, -0.011564055115740698]], "inverted": false, "swapped": true, "error_lsq": 0.03665619530557086, "error_max": 0.18344982471019114, "target": "39.xyz", "model": "4.xyz", "model_rescale": 3.8936222436046832, "target_rescale": 4.1548577955682},
{"mapping": [5, 3, 9, 4, 10, 12, 15, 11, 2, 1, 8, 16], "R": [[-0.7682917517401278, -0.3601785545595244, -0.5291494997101458], [-0.3845613201774699, -0.4011222766984353, 0.8313925126915838], [-0.5117034055304375, 0.8422424401392248, 0.16966819618560552]], "T": [-0.10748659719547342, -0.1316480677635773, 0.11219920755638788], "aligned_model": [[-0.11753324581862433, -0.5509169888776086, -0.17993747857738984, 0.3567997512034046, -0.4655682459717643, -0.6188326224759285, -0.4132023687903661, 0.028650630173426492, 0.579415344765481, 0.4498969570004057, 0.05902684966779077, -0.10025054008372943], [-0.5327966504534992, -0.6287992824019973, 0.07371926106040069, -0.01546629340007405, 0.41725945872022097, 0.1604031354902674, -0.37456388479936054, 0.27202091576701243, 0.27864478810059096, -0.3952796857963245, 0.546868126879581, -0.1330869840570103], [-0.7077823613373976, -0.2101395895113584, -0.7164309311250845, -0.3580868009813535, -0.2286883275067557, 0.46059111233780725, 0.761226602038816, 0.5708885297602299, 0.13425698815397108, 0.10205434714203619, -0.20849706489985445, 0.01989221520446155]], "inverted": false, "swapped": true, "error_lsq": 0.04492497241905749, "error_max": 0.22020010156244457, "target": "39.xyz", "model": "5.xyz", "model_rescale": 3.6523030999806103, "target_rescale": 4.1548577955682},
{"mapping": [9, 4, 2, 10, 11, 5, 1, 14, 0, 7, 6, 12, 16], "R": [[-0.18568962239433015, 0.06820132395189146, 0.9802387176327308], [-0.9266943974426425, 0.31956275539566115, -0.19778053269306056], [-0.32673667973380194, -0.9451075202193358, 0.0038622974236764973]], "T": [0.13076545374520365, 0.03387683023761418, -0.054786614427151964], "aligned_model": [[0.07205555530549519, -0.10533843095817, 0.2150761187645687, 0.6370639958414152, 0.5692063669107217, -0.4711925647443015, -0.32221634753592, 0.3727325639824301, -0.5096592827372775, -0.2700212380525855, -0.10137191906064591, 0.6975426008608188, 0.09720548608774543], [-0.59200568400593, 0.03319157462731486, 0.5575714388555416, -0.4242891656878254, 0.48068704624742165, -0.5807564857479643, 0.40088851716039703, -0.6619099649114388, -0.16748038172946067, 0.008935597767173835, 0.5715948905133327, -0.058943753763121755, -0.026656725162257207], [0.5273448165074501, 0.5732925476877057, 0.5446270322278979, 0.22712109712263087, -0.05762981262406511, 0.250603831927944, 0.14618822001145, -0.18476728077458457, -0.06876120425672455, -0.7677706042533997, -0.4002049316323445, -0.42666507159106304, 0.0067310991288928035]], "inverted": false, "swapped": true, "error_lsq": 0.044566489067736706, "error_max": 0.2492409662864068, "target": "39.xyz", "model": "6.xyz", "model_rescale": 4.08911054899281, "target_rescale": 4.1548577955682},
{"mapping": [8, 10, 9, 2, 1, 0, 4, 5, 6, 11, 7, 13, 3, 14, 16], "R": [[0.7481954130140887, -0.5751211293721212, 0.33081612792367476], [0.48772238804685486, 0.13871640212735206, -0.8619075541951793], [0.4498116229518203, 0.8062217104063738, 0.3842864264150777]], "T": [-0.12486779248876809, -0.12807748423386509, 0.033040979512776965], "aligned_model": [[0.1928011001850495, 0.46564054196030935, 0.631340742034482, -0.4261206328837728, -0.4766249418592511, -0.03285361704979778, 0.02993169156739839, 0.4582331810020007, -0.7693743844719187, -0.4828032262862404, -0.3740793125177815, 0.0783366805024115, 0.2688713297952914, 0.5272714162077473, -0.05423702838637286], [-0.6846120542331274, -0.5710561968388026, -0.09629424392803115, -0.5064537051180386, 0.14528538303917435, 0.516804642655266, -0.09380950571168173, 0.48537746219853484, 0.060824677887015455, -0.6392005691886812, 0.45842404199919595, 0.050032241660216525, 0.42508041324613555, -0.1489258777750502, -0.10071789372301307], [-0.3915915681914385, 0.0612547794586032, -0.36844532740496677, -0.6047201142763861, -0.39336331850781747, -0.12988321454062426, -0.6189496440502654, -0.3090952174613859, 0.13919893774988384, 0.08317384799861288, 0.5463710732721767, 0.7440118437773199, 0.327452233742967, 0.3988853690172513, -0.020229648501850467]], "inverted": false, "swapped": true, "error_lsq": 0.04651835014921071, "error_max": 0.26218927962830335, "target": "39.xyz", "model": "7.xyz", "model_rescale": 3.964800864290218, "target_rescale": 4.1548577955682},
{"mapping": [4, 8, 9, 1, 5, 11, 0, 10, 12, 13, 15, 3, 14, 16], "R": [[0.5556268756093374, -0.40728897735972636, 0.7248409922333823], [0.7618036412533238, -0.09985017775094632, -0.6400665232429217], [0.3330675416094806, 0.9078246697046588, 0.2547947837021868]], "T": [-0.14471987697186073, -0.12611663554484567, 0.08784857892472148], "aligned_model": [[-0.15151503283946596, 0.2812717704803802, 0.4347343838628389, -0.655169648065881, 0.05395698117684222, -0.24347062501436542, -0.3600172254371705, 0.5680618782862294, 0.1802684625294404, 0.10528235133373598, -0.4033241688102001, 0.03758853426413469, 0.5172808336709628, -0.10376060597660863], [-0.04117112738339285, -0.5070518367818284, 0.2106083989925344, -0.030645085391208804, 0.6685742161327969, -0.7388869610164046, 0.4959312473907608, -0.2830433811444062, -0.4506299303115895, 0.1318321837811803, -0.249088596794123, 0.5453421693306941, 0.13191816499914819, -0.07274099562295921], [-0.577709107778771, -0.42632701589295446, -0.4459133412315412, -0.2447280122670602, -0.31512145738595426, 0.1693268289467766, -0.044768698041179, -0.026354824129046606, 0.5950164829931703, 0.7582633718591438, 0.7890678762532883, 0.3400367212443579, 0.3218046029571984, 0.02422161119759235]], "inverted": false, "swapped": true, "error_lsq": 0.04139967190126735, "error_max": 0.23496011521345572, "target": "39.xyz", "model": "8.xyz", "model_rescale": 4.121658175737393, "target_rescale": 4.1548577955682},
{"mapping": [8, 11, 12, 14, 2, 4, 6, 0, 7, 1, 9, 3, 16], "R": [[0.5456220145446591, 0.81849539839781, -0.17989413566272314], [0.7997895927083392, -0.4444786892085599, 0.40345421330662773], [0.2502663074400093, -0.3640109581332008, -0.897141459146378]], "T": [0.0016506523906819406, -0.04982138123284412, -0.11550886918327585], "aligned_model": [[-0.68976142929774, -0.18605487142726443, 0.24949990565715754, 0.21684644229868974, -0.6971974239085619, -0.544098647841513, 0.2700637053612873, 0.19900922527314838, 0.7749009543246704, -0.1658150117512492, -0.40933960860072605, 0.4955663929207234, -0.03688213657342485], [0.20819576354718666, -0.3855627738775657, 0.10274058967180062, 0.6518027696160109, -0.43977354933485097, 0.0003777610588969055, -0.6733114360531339, 0.0030931035731694007, -0.22693949291139165, -0.4691725372163969, 0.6335064590162466, 0.37436720885764596, 0.011063573464091946], [-0.3307611394186662, -0.6093937149088198, -0.7347351403461723, -0.26034202600849665, -0.12999071896799283, 0.271617331479273, -0.0760516696381831, 0.5241265817403138, 0.0852680025483481, 0.30446831354952647, 0.19786446216978654, 0.23634823799606375, -0.05734308623589202]], "inverted": false, "swapped": true, "error_lsq": 0.03574601985920531, "error_max": 0.2524777022477557, "target": "39.xyz", "model": "9.xyz", "model_rescale": 3.833441315466971, "target_rescale": 4.1548577955682},
{"mapping": [3, 7, 4, 2, 1, 0, 6, 11, 10, 8, 14, 12, 13, 5, 16], "R": [[0.4582654270258669, 0.5252281301079177, 0.7170273423908887], [-0.7966460751045218, -0.11501708197560287, 0.5934021417844555], [0.3941418899500043, -0.8431527039612448, 0.3657125761981408]], "T": [-0.05935592009974339, 0.08790559556675177, 0.0034089159687339943], "aligned_model": [[0.13866408509860761, 0.14734416004480722, -0.6174773771700257, -0.5986574947658931, -0.6310232773263316, -0.3886670607466424, -0.2032063321567078, 0.05091364809838583, 0.2728291890680944, -0.1763806220650334, 0.459784598139139, 0.5873345025450256, 0.5833668944487802, -0.40424295011390293, -0.09673694480377049], [-0.6157734505493094, -0.4806582802006201, 0.15029371651052653, 0.6772184717291666, 0.04996314701324146, -0.4971347581081141, 0.10620471079535347, 0.6642939671437128, 0.2903730167997855, 0.5864017936148537, -0.19214168398126313, 0.3046893383674672, -0.30159241250753926, -0.5922008247586432, 0.051164787426360346], [0.11880397729003087, -0.5475978019472427, 0.3706106443865439, 0.05366025107130221, -0.22470898772747813, -0.009468051397066274, -0.6609061353387329, -0.21452445615308824, 0.6314107057502059, 0.5767882085911384, 0.4634403973967858, -0.05083026107339636, -0.11360983252800458, 0.505304410497619, 0.07974883900347632]], "inverted": false, "swapped": true, "error_lsq": 0.04444116231534504, "error_max": 0.3282859785352855, "target": "39.xyz", "model": "10.xyz", "model_rescale": 4.2482417240324, "target_rescale": 4.1548577955682},
{"mapping": [7, 6, 11, 2, 14, 10, 12, 8, 1, 9, 0, 16], "R": [[-0.7843134526985832, -0.5342062555538877, 0.3153982949274171], [0.6075714315660222, -0.5587397367950923, 0.5645058565426627], [-0.12533699956852995, 0.6343765309760802, 0.7627955515640562]], "T": [-0.06128224994488872, -0.005953544390006317, -0.023972442578582547], "aligned_model": [[-0.7848275724264343, -0.15625060633364296, 0.34058330842189466, 0.6895246281446824, -0.4026714918178267, 0.13924592306348532, -0.1534941161286587, 0.5696934221151957, 0.08362292732097264, 0.04893658322018454, -0.43928651928727913, -0.05831088392956676], [-0.3824797324516598, -0.672757217722271, -0.21169112667727413, -0.22001319534291766, 0.6419696361322825, 0.6822340604640581, 0.17796427436027742, 0.43197788802156917, -0.4347209445753967, 0.6975567727009705, -0.09650690398065406, 0.05259787912165518], [0.041665984937257435, 0.06928075348550422, 0.40967950020188526, -0.20040528752278852, 0.12837997138249996, 0.15466832471008612, 0.628573946493036, -0.05626509376916044, -0.44283039087040166, -0.5003943346604551, -0.5715094006887048, -0.09565168384440201]], "inverted": false, "swapped": true, "error_lsq": 0.0419464793902432, "error_max": 0.21909280174258938, "target": "39.xyz", "model": "11.xyz", "model_rescale": 3.6694154284099745, "target_rescale": 4.1548577955682},
{"mapping": [11, 12, 14, 13, 15, 2, 1, 4, 3, 5, 9, 0, 8, 16], "R": [[0.33156717680319325, 0.7918092542890267, -0.5129340231345697], [0.8853748115024618, -0.07337429016356245, 0.45905082147837817], [0.32584451878732035, -0.6063450489327415, -0.7253764755015226]], "T": [0.08595152943103099, -0.04441480640086326, -0.12119250684310287], "aligned_model": [[-0.11427332650929284, 0.11162353932476657, 0.04121477056163586, 0.556211828945671, 0.6459914495196444, -0.44704211553922946, 0.16189799163449123, -0.3328890920555999, 0.5060966215648725, 0.10191950174041273, -0.4134926591839059, 0.41529263395959726, -0.681684375717301, 0.04739808201004733], [-0.33841941561406375, 0.28249721465218725, 0.7021906680785873, 0.500763357631579, -0.07102873643294802, -0.6410337759824745, -0.5584034850704588, -0.24704280774584575, 0.45896099443060123, 0.2945726731327487, 0.3971315290828009, -0.03283939334846642, -0.005691170556774261, -0.010670364121219043], [-0.6363130597908578, -0.7217048386135586, -0.13307561450242764, -0.36640817171257106, -0.6304603858538048, -0.09619989424479944, 0.21096520838519553, 0.3622776315251395, 0.2220028417151748, 0.7262881162085276, 0.41699436848209803, 0.46385817963737963, -0.13507237358457688, -0.044056547998503545]], "inverted": false, "swapped": true, "error_lsq": 0.04086642188523868, "error_max": 0.23681985997728952, "target": "39.xyz", "model": "12.xyz", "model_rescale": 3.9764082729961374, "target_rescale": 4.1548577955682},
{"mapping": [4, 0, 5, 14, 8, 2, 11, 9, 3, 1, 7, 13, 6, 15, 12, 16], "R": [[-0.9544832573342212, 0.2391852052504148, 0.17819132711210078], [0.0776925258167802, -0.3774245604400648, 0.9227754724789952], [0.28796802409445343, 0.8946178730418595, 0.34166252111286]], "T": [0.030918772587191376, 0.052423107994643545, 0.013020221908116733], "aligned_model": [[-0.002326767035816031, -0.3925050747814685, -0.7332889175960456, -0.5353211039419454, 0.17652438219291094, 0.5985986158140624, 0.6057307265103455, -0.519730003154772, -0.65479798777281, 0.22125037182798474, -0.20141843128598325, -0.3539922765306556, 0.4133322796879934, 0.2274117068092179, 0.12152666425787775, -0.03215387119150259], [0.05893321538469397, -0.430290311916413, -0.13506380628529763, 0.479044311534757, 0.6512971923011801, 0.1295883309824366, 0.2628420627345328, 0.4314014125806857, -0.14187432270867412, -0.40948998938946624, -0.5234183647004764, 0.08676473022783508, -0.46561195311604553, -0.16799301404911865, 0.45261137535881, 0.0667232484038031], [-0.6571150632598275, -0.18340752253753734, -0.44982549440218, 0.25161835954275963, -0.4464423893498612, -0.5459486279242828, 0.1441421817674366, -0.5229034173536297, 0.21235204466199625, -0.34849208424878503, 0.545959457814637, 0.6681223814100908, 0.23151935487586917, 0.7105258103449976, 0.5605466074279594, -0.05325465591694463]], "inverted": false, "swapped": true, "error_lsq": 0.03596549602543101, "error_max": 0.2598873667695059, "target": "39.xyz", "model": "13.xyz", "model_rescale": 4.170626492500431, "target_rescale": 4.1548577955682},
{"mapping": [12, 11, 14, 8, 3, 5, 9, 6, 7, 2, 1, 4, 0, 16], "R": [[0.008747595271856479, 0.9174551238545052, -0.3977431021275849], [0.7897978688017058, -0.25029545900868666, -0.559974561597145], [-0.6133048230800436, -0.30923822356355857, -0.7267935849152847]], "T": [0.05773324290055447, -0.09107601351871385, 0.023466734765144256], "aligned_model": [[0.16162462879768602, 0.07851663958828499, -0.16167007538673095, -0.6644518901171291, 0.23706341470859177, -0.23397448117870978, -0.6579365780736005, 0.6307112134556103, 0.8018512018033195, -0.301890656387362, 0.1650863227713545, -0.4122164927958018, 0.20732812656037525, -0.0068583516542447265], [-0.4211027868662635, -0.7167316999115905, 0.22740506085335377, -0.3539320281476207, 0.5680120187095371, 0.7616154066570824, 0.3758157572272159, -0.29448552933750793, 0.2288974193716084, -0.5325228089890865, -0.030344719334192957, 0.06279870112061915, 0.5068231494836717, -0.02617347291116083], [-0.566816664137063, 0.024415286561274077, -0.6168412454723416, 0.04114165395264267, -0.2613767272130132, 0.1691198828234119, -0.03883541968508167, 0.32787287825394373, -0.09273856903240625, 0.58601133651481, 0.6276753087330651, 0.4770069931146822, 0.2899659293878766, 0.03727245731906655]], "inverted": false, "swapped": true, "error_lsq": 0.04300448619615653, "error_max": 0.2624395787083391, "target": "39.xyz", "model": "14.xyz", "model_rescale": 3.9786697098870705, "target_rescale": 4.1548577955682},
{"mapping": [4, 11, 9, 5, 10, 14, 6, 13, 3, 0, 12, 16], "R": [[-0.8545903436697528, 0.4539745722389715, 0.2521555715562454], [-0.37043989469476585, -0.1926321560925599, -0.908662278768995], [-0.36393629789421217, -0.86994249246693, 0.33279187321129217]], "T": [-0.1732449634078999, -0.08275266818168044, -0.031206217008464657], "aligned_model": [[0.02399117969814224, -0.7615750987698022, 0.4943031224177367, 0.6804324057056776, 0.05401570971391173, 0.3189744735961732, -0.6002936653990858, 0.038707116932638314, 0.4413016721964436, 0.28306027037132997, -0.3938366999611176, -0.09572588973471122], [-0.46775965174470063, 0.07804510911688899, -0.017367927111960044, -0.3932944436381304, 0.4669972562843154, 0.4793092763857028, -0.42124428889654425, 0.3867309615452558, -0.019804145052711677, -0.5204424495557255, 0.5447789809690988, -0.10127418807704991], [-0.5441355243116583, -0.17223675939207914, -0.5642701582372469, -0.12170289665960143, -0.4692174707271192, 0.005789953996006857, 0.37548176522634186, 0.5283973383702498, 0.37630091014659994, 0.19484034451622745, 0.12907134626195443, -0.07835235531584558]], "inverted": true, "swapped": true, "error_lsq": 0.05241777782996459, "error_max": 0.2493058705094249, "target": "39.xyz", "model": "15.xyz", "model_rescale": 3.769337070930944, "target_rescale": 4.1548577955682},
{"mapping": [1, 15, 4, 0, 2, 11, 8, 12, 9, 3, 16], "R": [[-0.39196605720865096, -0.3697383600130324, 0.8424109182169816], [0.10742751114192636, -0.9278149767107144, -0.35723759438383274], [0.9136859087488195, -0.04952690305449897, 0.4033920500303326]], "T": [-0.05180338641744759, -0.05296012721636021, 0.004985821721274562], "aligned_model": [[-0.32198687005692417, -0.27025101296879706, 0.0439049622282368, -0.633624410165411, 0.351097391223646, 0.36479308029250174, 0.6141215047191877, 0.2571110841682625, 0.12768204706715602, -0.5539351026889902, -0.05628654312769785], [0.1928413984059747, -0.7781000697076799, 0.5774319831639358, 0.27837874407360125, 0.24384273496756828, -0.3907607216673572, 0.3310596728193991, -0.5809291163987348, 0.6653687185518014, 0.02394927554245816, 0.03298187787437521], [-0.49186774813365863, -0.00764288424726732, -0.20399897916139648, 0.055806169692138134, -0.61970616278263, -0.317839254066636, -0.00048099561623777404, 0.31152485436451904, 0.4360791123171887, 0.5431687142962682, 0.0391747805614887]], "inverted": false, "swapped": true, "error_lsq": 0.04141548013820049, "error_max": 0.23149022282504703, "target": "39.xyz", "model": "16.xyz", "model_rescale": 3.7852294659196426, "target_rescale": 4.1548577955682},
{"mapping": [1, 7, 15, 6, 0, 3, 14, 13, 11, 8, 9, 12, 16], "R": [[-0.7112716348495628, 0.08063295390051636, 0.698277157154455], [0.4363398187575339, -0.7281805161976967, 0.528545833771016], [0.5510900325945596, 0.6806257874745367, 0.4827507777306984]], "T": [0.07636034987575802, 0.08304612965352126, -0.1288231409456243], "aligned_model": [[-0.06340276988826132, -0.38003046446166555, 0.18871680606219937, 0.12466851328002837, -0.5624240823266148, -0.5751565486744877, -0.12583365331614438, -0.15171903462396183, 0.6806431582724831, 0.48205252166635604, -0.22163646647119628, 0.4324404667336422, 0.025447403963905907], [-0.25454712124917356, -0.4442168151126366, -0.43084317240192666, -0.5948325157220093, -0.023392975939281108, 0.19992030636123126, 0.6215875159001698, 0.07534758901020577, -0.08000229093905026, 0.6463483933781409, 0.8432716676138898, 0.16778735540339798, 0.14862768739991622], [-0.6255907345003973, 0.29931167288391997, 0.4161544713861677, -0.15093986658691663, -0.30633095780789643, 0.2021727809345007, 0.34935368904223496, 0.596721639872866, -0.11718753771391968, -0.4590677093751337, -0.38826062006638745, 0.44925250916104464, -0.16983464008690902]], "inverted": false, "swapped": true, "error_lsq": 0.04241032050652138, "error_max": 0.21046008040244996, "target": "39.xyz", "model": "17.xyz", "model_rescale": 3.901054581598922, "target_rescale": 4.1548577955682},
{"mapping": [6, 1, 7, 15, 5, 3, 8, 11, 0, 14, 9, 10, 12, 13, 16], "R": [[0.6561750254918511, 0.08862105479889802, -0.7493868457393011], [-0.41202018277514896, -0.7899087278506299, -0.45418451168146656], [-0.6321975204844617, 0.6067870386813895, -0.4818047164376544]], "T": [0.14454267451896838, -0.05355743103877021, -0.10392683075401574], "aligned_model": [[0.0751973796024252, -0.021780460853556283, -0.42168282382936617, 0.13261345579107148, -0.5406513437246906, -0.49534444541358547, 0.6613313157477045, 0.7093439067345296, -0.4911615799007457, 0.010916504192805127, -0.00022701623949591965, 0.462238995407693, 0.4745092190949146, -0.1246179951668511, 0.1084010996461818], [0.03423522247401463, -0.5021728434509648, 0.4095580283318472, 0.572373089956821, -0.44175471622680823, 0.19677794399007742, -0.4304031229737205, 0.036266896495937076, -0.26775333422781855, 0.31552932772856035, -0.45309664171997344, 0.012916207684790168, 0.5333321993842132, 0.6415176169616855, -0.10856852458155505], [-0.7746174942665414, -0.49297927078429105, -0.4706841939521358, -0.5302781677794807, 0.3578121853621766, 0.17097099814337238, 0.32253990688641365, -0.3585030384303268, -0.13366023016303955, 0.532847329738585, 0.6400240630948512, 0.5596819051973373, 0.017844361947493198, 0.047459805631776764, -0.03879175577421509]], "inverted": true, "swapped": true, "error_lsq": 0.04476457571047889, "error_max": 0.404006532890298, "target": "39.xyz", "model": "18.xyz", "model_rescale": 3.9405287249114394, "target_rescale": 4.1548577955682},
{"mapping": [12, 11, 6, 2, 10, 7, 15, 14, 13, 3, 1, 0, 8, 9, 4, 16], "R": [[-0.26674363753193736, 0.21734425326970003, -0.9389405238921511], [0.9509487483341565, -0.09901389111293751, -0.29307461065124113], [-0.15666623719848405, -0.9710601036688264, -0.18027192012278703]], "T": [0.1221575026160513, -0.05615808331493753, -0.06345107919403949], "aligned_model": [[-0.3643232474401147, -0.028360319970852116, 0.6330979118008984, 0.24000280423965425, -0.575769497424544, 0.5396164089624983, 0.2214334446792403, -0.41865904575043866, -0.09783507982737844, 0.17446435754397635, 0.6697961761286393, 0.5709327130059028, -0.34463256268889564, -0.21294974550572354, 0.24737197808524228, 0.11297880213328107], [-0.16237212608637508, -0.6438603986931746, -0.3312217316714865, -0.6743806405159624, 0.03573229986187916, 0.3093997327867454, -0.1549556020045424, 0.45317695508276346, 0.3727315427320687, 0.6661922956853858, -0.20060640249269202, 0.4204304126501927, -0.3338207016394926, 0.37949076419694305, -0.08154412646550491, -0.0020401444491116236], [-0.5327064884887023, -0.21781513209136338, -0.4178832640694485, 0.43109356568735463, 0.16055854443023132, -0.6648608826948739, -0.8078233809254483, -0.15095879335591034, -0.6517976220358317, -0.21565510497702706, 0.1804905963505798, 0.08604164679606678, 0.48057792634188023, 0.5937901174837176, 0.5952642096647435, 0.011127818558909625]], "inverted": false, "swapped": true, "error_lsq": 0.03368660978226214, "error_max": 0.24599299904862834, "target": "39.xyz", "model": "19.xyz", "model_rescale": 4.410303926677745, "target_rescale": 4.1548577955682},
{"mapping": [4, 8, 9, 1, 5, 11, 0, 10, 12, 13, 15, 3, 14, 16], "R": [[0.5556268756093374, -0.40728897735972636, 0.7248409922333823], [0.7618036412533238, -0.09985017775094632, -0.6400665232429217], [0.3330675416094806, 0.9078246697046588, 0.2547947837021868]], "T": [-0.14471987697186073, -0.12611663554484567, 0.08784857892472148], "aligned_model": [[-0.15151503283946596, 0.2812717704803802, 0.4347343838628389, -0.655169648065881, 0.05395698117684222, -0.24347062501436542, -0.3600172254371705, 0.5680618782862294, 0.1802684625294404, 0.10528235133373598, -0.4033241688102001, 0.03758853426413469, 0.5172808336709628, -0.10376060597660863], [-0.04117112738339285, -0.5070518367818284, 0.2106083989925344, -0.030645085391208804, 0.6685742161327969, -0.7388869610164046, 0.4959312473907608, -0.2830433811444062, -0.4506299303115895, 0.1318321837811803, -0.249088596794123, 0.5453421693306941, 0.13191816499914819, -0.07274099562295921], [-0.577709107778771, -0.42632701589295446, -0.4459133412315412, -0.2447280122670602, -0.31512145738595426, 0.1693268289467766, -0.044768698041179, -0.026354824129046606, 0.5950164829931703, 0.7582633718591438, 0.7890678762532883, 0.3400367212443579, 0.3218046029571984, 0.02422161119759235]], "inverted": false, "swapped": true, "error_lsq": 0.04139967190126735, "error_max": 0.23496011521345572, "target": "39.xyz", "model": "20.xyz", "model_rescale": 4.121658175737393, "target_rescale": 4.1548577955682},
{"mapping": [9, 4, 2, 10, 11, 5, 1, 14, 0, 7, 6, 12, 16], "R": [[-0.18568962239433015, 0.06820132395189146, 0.9802387176327308], [-0.9266943974426425, 0.31956275539566115, -0.19778053269306056], [-0.32673667973380194, -0.9451075202193358, 0.0038622974236764973]], "T": [0.13076545374520365, 0.03387683023761418, -0.054786614427151964], "aligned_model": [[0.07205555530549519, -0.10533843095817, 0.2150761187645687, 0.6370639958414152, 0.5692063669107217, -0.4711925647443015, -0.32221634753592, 0.3727325639824301, -0.5096592827372775, -0.2700212380525855, -0.10137191906064591, 0.6975426008608188, 0.09720548608774543], [-0.59200568400593, 0.03319157462731486, 0.5575714388555416, -0.4242891656878254, 0.48068704624742165, -0.5807564857479643, 0.40088851716039703, -0.6619099649114388, -0.16748038172946067, 0.008935597767173835, 0.5715948905133327, -0.058943753763121755, -0.026656725162257207], [0.5273448165074501, 0.5732925476877057, 0.5446270322278979, 0.22712109712263087, -0.05762981262406511, 0.250603831927944, 0.14618822001145, -0.18476728077458457, -0.06876120425672455, -0.7677706042533997, -0.4002049316323445, -0.42666507159106304, 0.0067310991288928035]], "inverted": false, "swapped": true, "error_lsq": 0.044566489067736706, "error_max": 0.2492409662864068, "target": "39.xyz", "model": "21.xyz", "model_rescale": 4.08911054899281, "target_rescale": 4.1548577955682},
{"mapping": [9, 14, 3, 5, 12, 10, 15, 11, 13, 7, 7, 2, 1, 8, 6, 11, 16], "R": [[0.3503050830413813, -0.6219406584976214, 0.7003400360559978], [0.8765877077889975, -0.045720629461990105, -0.4790653552437607], [0.32997020978961455, 0.7817284959301054, 0.5291693673128228]], "T": [0.05680403762815592, -0.029425635874714806, 0.05658889047667841], "aligned_model": [[0.19861660351442167, -0.38842059786171124, -0.7214816754974093, 0.5996616101627047, -0.039851718315883716, 0.6567633933229305, -0.3705724450499642, 0.2426827063693535, -0.2150141929934217, 0.3456127404691963, 0.3456127404691963, -0.5344098045786277, 0.016211773042687852, 0.5566822378250448, 0.6785196498561656, 0.2426827063693535, 0.04569241139550559], [-0.1359868957109765, -0.16599567347458688, -0.4126242442267264, 0.11211480046668454, -0.6479657075657023, -0.4695596021903512, 0.48935387048818235, 0.6778491053297778, -0.6136339081014204, -0.6433769862114606, -0.6433769862114606, 0.285952290851044, 0.6202644769602689, 0.41932405304429055, -0.137961901958365, 0.6778491053297778, -0.05783907216651711], [-0.6333977076695327, -0.3849382714623671, 0.015248854238308338, -0.3711972883210372, -0.3346084389997374, -0.2556069974278774, -0.225765822120297, -0.16947435558416524, 0.20337277989196928, 0.2697776814399834, 0.2697776814399834, 0.32539511341526134, 0.5107401941259456, 0.22836642021525683, 0.45314116320744835, -0.16947435558416524, 0.09312461043629539]], "inverted": true, "swapped": false, "error_lsq": 0.05120225486595594, "error_max": 0.4277904017399419, "target": "39.xyz", "model": "22.xyz", "model_rescale": 4.204369325754507, "target_rescale": 4.1548577955682},
{"mapping": [12, 11, 6, 2, 10, 7, 15, 14, 13, 3, 1, 0, 8, 9, 4, 16], "R": [[-0.26674363753193736, 0.21734425326970003, -0.9389405238921511], [0.9509487483341565, -0.09901389111293751, -0.29307461065124113], [-0.15666623719848405, -0.9710601036688264, -0.18027192012278703]], "T": [0.1221575026160513, -0.05615808331493753, -0.06345107919403949], "aligned_model": [[-0.3643232474401147, -0.028360319970852116, 0.6330979118008984, 0.24000280423965425, -0.575769497424544, 0.5396164089624983, 0.2214334446792403, -0.41865904575043866, -0.09783507982737844, 0.17446435754397635, 0.6697961761286393, 0.5709327130059028, -0.34463256268889564, -0.21294974550572354, 0.24737197808524228, 0.11297880213328107], [-0.16237212608637508, -0.6438603986931746, -0.3312217316714865, -0.6743806405159624, 0.03573229986187916, 0.3093997327867454, -0.1549556020045424, 0.45317695508276346, 0.3727315427320687, 0.6661922956853858, -0.20060640249269202, 0.4204304126501927, -0.3338207016394926, 0.37949076419694305, -0.08154412646550491, -0.0020401444491116236], [-0.5327064884887023, -0.21781513209136338, -0.4178832640694485, 0.43109356568735463, 0.16055854443023132, -0.6648608826948739, -0.8078233809254483, -0.15095879335591034, -0.6517976220358317, -0.21565510497702706, 0.1804905963505798, 0.08604164679606678, 0.48057792634188023, 0.5937901174837176, 0.5952642096647435, 0.011127818558909625]], "inverted": false, "swapped": true, "error_lsq": 0.03368660978226214, "error_max": 0.24599299904862834, "target": "39.xyz", "model": "23.xyz", "model_rescale": 4.410303926677745, "target_rescale": 4.1548577955682},
{"mapping": [9, 11, 1, 15, 10, 8, 11, 14, 3, 4, 2, 7, 12, 6, 5, 13, 16], "R": [[-0.697672590621582, -0.14638479933814272, 0.7013019655028084], [0.015117815140006513, 0.9756760855724084, 0.2186952850600472], [-0.7162572219257292, 0.16317985955636316, -0.6784894438931256]], "T": [0.08499329758668872, 0.007849386186687103, -0.009775546522815164], "aligned_model": [[0.2616297099503049, -0.32159378504633096, -0.7088544526301517, 0.7214607139552548, -0.06513522556681611, 0.5146726566980114, -0.32159378504633096, 0.23525369306266777, -0.1942723310098679, 0.3902836949454946, 0.21198675060379824, -0.4676700112946983, 0.20377960442190407, 0.5555892018183308, 0.5873076561224085, 0.028806058174585134, 0.02733798934097806], [-0.07797035936062241, 0.14499284760956627, -0.31014383393212747, 0.1478198143315348, -0.5012641729399766, -0.5833301511493298, 0.14499284760956627, 0.5122588896955228, -0.7620328884632482, -0.5899576281838141, -0.5596063241132757, 0.2922781415031683, 0.3583158936252167, 0.5785093977905706, -0.05181260721225076, 0.6952101159329844, -0.083873258091026], [-0.6046322794677234, -0.47517870705751125, 0.061086368526564724, -0.30069082281613674, -0.38666910805543614, -0.3860587779367461, -0.47517870705751125, -0.4353843532174227, 0.36243807023303787, 0.14289704381703697, 0.69361668468047, 0.22600920032840024, 0.703834203449806, 0.165680248013746, 0.36401953795589476, 0.12647732559011113, 0.04221533425469288]], "inverted": false, "swapped": false, "error_lsq": 0.04151968036758232, "error_max": 0.3659217041578515, "target": "39.xyz", "model": "24.xyz", "model_rescale": 4.28219845311461, "target_rescale": 4.1548577955682},
{"mapping": [5, 10, 0, 8, 4, 12, 3, 2, 14, 11, 13, 15, 6, 1, 7, 16], "R": [[0.8053743657541389, 0.24644927179773587, 0.5391056366024053], [-0.5125138981045744, -0.1674438130530361, 0.8421947955906128], [0.29782819751624057, -0.9545812306454733, -0.008546277762952165]], "T": [-0.005191997590085984, -0.03271617447037231, 0.007820006866509919], "aligned_model": [[-0.09198457531599985, -0.42099597627386487, 0.08543605037012217, 0.09696567701517095, 0.3979675082790894, -0.4850359958818097, -0.46217060315294806, 0.6629929757676871, -0.7038306465002264, 0.1658302185400578, -0.6744854244338887, -0.22568910398859313, 0.3323397962118741, 0.557478256292546, -0.21810886077426786, -0.008388530033938397], [0.5708313027076017, -0.4690601611832059, 0.6055384654093491, -0.6038131654763509, -0.0244664976716486, -0.4020962248101009, 0.5356340213725131, -0.4400359436098207, -0.0326464139835895, -0.544331823610599, 0.17674860472302317, 0.03271827553200089, 0.1549504460480459, 0.21952877772089954, 0.5726209003694189, -0.007009187823304883], [-0.6715829553819617, -0.4193067049563691, -0.18006674270791537, -0.4965301591191967, -0.5284852266434904, 0.3263379779824205, -0.11804004049597121, -0.16034805839813898, -0.25951190994656925, 0.32543410666198497, 0.3022100834586067, 0.7294890063250183, 0.567459009954016, 0.000360503055985199, 0.5155912568838079, -0.08108412609448022]], "inverted": true, "swapped": true, "error_lsq": 0.041190518949372014, "error_max": 0.2696654788109016, "target": "39.xyz", "model": "25.xyz", "model_rescale": 4.100010024507729, "target_rescale": 4.1548577955682},
{"mapping": [7, 6, 11, 2, 14, 10, 12, 8, 1, 9, 0, 16], "R": [[-0.7843134526985832, -0.5342062555538877, 0.3153982949274171], [0.6075714315660222, -0.5587397367950923, 0.5645058565426627], [-0.12533699956852995, 0.6343765309760802, 0.7627955515640562]], "T": [-0.06128224994488872, -0.005953544390006317, -0.023972442578582547], "aligned_model": [[-0.7848275724264343, -0.15625060633364296, 0.34058330842189466, 0.6895246281446824, -0.4026714918178267, 0.13924592306348532, -0.1534941161286587, 0.5696934221151957, 0.08362292732097264, 0.04893658322018454, -0.43928651928727913, -0.05831088392956676], [-0.3824797324516598, -0.672757217722271, -0.21169112667727413, -0.22001319534291766, 0.6419696361322825, 0.6822340604640581, 0.17796427436027742, 0.43197788802156917, -0.4347209445753967, 0.6975567727009705, -0.09650690398065406, 0.05259787912165518], [0.041665984937257435, 0.06928075348550422, 0.40967950020188526, -0.20040528752278852, 0.12837997138249996, 0.15466832471008612, 0.628573946493036, -0.05626509376916044, -0.44283039087040166, -0.5003943346604551, -0.5715094006887048, -0.09565168384440201]], "inverted": false, "swapped": true, "error_lsq": 0.0419464793902432, "error_max": 0.21909280174258938, "target": "39.xyz", "model": "26.xyz", "model_rescale": 3.6694154284099745, "target_rescale": 4.1548577955682},
