[{"mapping": [10, 9, 8, 5, 7, 12, 1, 3, 0, 4, 11, 13], "R": [[-0.10858409822743625, -0.8064255736789993, -0.5812807305671088], [-0.7567225262755516, -0.31214365754297796, 0.5744017368382862], [-0.6446553434505, 0.5022391175248991, -0.5763465597958651]], "T": [-0.015460871048185615, -0.037413880753125184, 0.033562701765950456], "aligned_model": [[-0.16762838132312335, 0.15150531733391484, 0.364426894429014, -0.24888186182310434, -0.08013988967083518, -0.6593478101717365, 0.3657658512913207, -0.2681740186742336, 0.6362528470019448, 0.2221653699772121, -0.46334675183076096, -0.014955104079063647], [-0.46753216549142057, -0.7956156792058215, -0.15253493628696613, 0.6546538798039168, 0.3804521290405323, -0.4714379445559147, -0.2129421525791955, -0.6562341117782049, 0.1797593278431764, 0.4125461930148144, 0.26829334880369166, -0.08585285263155093], [-0.4510671090959904, 0.04844722447437878, -0.6221429823698265, -0.16115727497131632, -0.6219159850567736, -0.02013887095388521, 0.6113036765743951, 0.482143267126509, -0.03494226470619022, 0.4805069676597773, 0.40994677130377977, 0.06096832536870487]], "inverted": false, "swapped": true, "error_lsq": 0.04047437380032965, "error_max": 0.21787116972720522, "target": "391.xyz", "model": "0.xyz", "model_rescale": 3.751011558992144, "target_rescale": 4.233428978114166},
{"mapping": [9, 10, 11, 4, 5, 2, 0, 3, 12, 6, 7, 8, 1, 14], "R": [[0.9111141550371602, -0.28972851686769363, -0.293135434576867], [-0.3837757422143544, -0.8557252723227029, -0.3470597037918085], [-0.15029030633658164, 0.428709277741785, -0.8908541850378062]], "T": [0.023623445650307266, -0.02023114756767942, -0.005950583395480794], "aligned_model": [[-0.2843171735686295, -0.22411026912985937, 0.40817688245908224, -0.0945518949467013, -0.5876012597486572, -0.4411070746146255, 0.3217412317753939, 0.19077789851763358, 0.38785034766673593, 0.6433635477690073, 0.6677873514163812, -0.4050701367779356, 0.4391516915016402, 0.03455306338837389], [-0.5102121405151017, 0.02049797633841587, -0.448488270698111, 0.6404119126238436, -0.148429792170913, -0.023565360648685984, 0.2103622186081399, -0.3964715110486855, -0.6621507884819595, 0.12738247961089783, -0.07647044079325836, 0.470678900495385, 0.5256342626083575, -0.07199601554667161], [-0.32103917874543925, -0.786606008763115, -0.5586218054192823, -0.42447096020570146, 0.001500190219614314, 0.6779737753939424, 0.6524239327965321, 0.6374066014459417, 0.07921421293027744, -0.4032642732769498, 0.1409065860002561, 0.11913894148742907, 0.11673918923817242, -0.02025982315812155]], "inverted": false, "swapped": false, "error_lsq": 0.03935618661734942, "error_max": 0.3046314510615211, "target": "391.xyz", "model": "1.xyz", "model_rescale": 3.9405287249114394, "target_rescale": 4.233428978114166},
{"mapping": [1, 2, 0, 10, 8, 4, 3, 9, 7, 5, 6, 11, 13], "R": [[0.990732411916099, -0.042083616921358195, -0.1291443268816942], [-0.12513243388427106, 0.08703099119592973, -0.9883154762329955], [0.05283144867508406, 0.9953163194473758, 0.08095839840696939]], "T": [-0.09187544770104074, -0.04774452310738979, 0.08200158919245516], "aligned_model": [[-0.28722150052905826, 0.30992040721248804, -0.2269166797427748, 0.540322402269627, 0.3858424744272493, -0.7179774649767803, 0.14688219809988023, 0.5143651429676707, -0.04704698887317957, -0.5393195394779898, 0.046476631506422963, -0.5606983311887214, -0.06864547241090255], [0.6384294167249063, 0.4202687591622998, 0.13360851621301456, -0.24774862239194828, -0.24847714521016023, 0.16044040856763447, 0.44220039992615445, 0.4282822416529368, -0.7451391286511344, -0.6499137105174875, -0.6974840486354827, -0.1713986439613314, -0.004235849307384611], [0.051442368847040246, -0.4542147419518817, -0.5702735399026139, 0.13985469963091596, -0.4828076859576862, -0.07078837582880092, 0.67443360714342, 0.17602334047095647, -0.2645223780988541, -0.010437947506455283, 0.2866930299805686, 0.529928371740318, 0.10778960102171678]], "inverted": false, "swapped": true, "error_lsq": 0.04694496745355022, "error_max": 0.2818435895550831, "target": "391.xyz", "model": "2.xyz", "model_rescale": 3.932901565614263, "target_rescale": 4.233428978114166},
{"mapping": [12, 5, 6, 4, 9, 8, 3, 11, 10, 2, 1, 7, 0, 13], "R": [[0.5857863432187892, 0.11221857372003077, -0.802658926201286], [-0.8092643669769128, 0.027089639834975254, -0.5868196790795861], [-0.044108326196036496, 0.9933142217475062, 0.10668323408263691]], "T": [0.08088511561325644, 0.01133175878145666, 0.08816479523250514], "aligned_model": [[-0.18162998900580846, -0.3062529689700259, 0.2670605154731457, 0.13878971812716095, -0.6249363690059409, -0.3788436714975294, 0.14465126257797856, 0.12296229588079353, 0.320615270334569, 0.6644548972539315, 0.8150860231343073, -0.45702082715677655, 0.47756776589047595, 0.05414028267155879], [-0.5874963666692069, -0.06425086891073171, -0.2616999682232376, 0.6149082829336295, -0.17882165586125376, -0.026196979141425755, 0.25797192282443004, -0.5906288281384777, -0.6586764058371501, 0.25680870054378113, -0.05964685428864218, 0.47424775212776626, 0.5511893132468263, -0.07052461422465486], [-0.3063228549868916, -0.5128435703590217, -0.5097354115057124, -0.5407778420865621, 0.014336276769006367, 0.6591532028761897, 0.5306441575346895, 0.746633975272976, 0.005921542847071984, -0.4534875233235693, 0.15657301691721212, 0.010007727835987718, 0.10029018177144615, 0.010648500380734116]], "inverted": false, "swapped": false, "error_lsq": 0.04572203899166558, "error_max": 0.25662328155137915, "target": "391.xyz", "model": "3.xyz", "model_rescale": 3.9243930471874484, "target_rescale": 4.233428978114166},
{"mapping": [5, 4, 7, 6, 8, 11, 12, 0, 2, 1, 9, 3, 13], "R": [[0.6253483505254773, -0.6988574239349363, 0.3471854569334517], [-0.08222955734591691, -0.5014505754718983, -0.8612697720561175], [0.7760011213869215, 0.5100447248721693, -0.3710480268594807]], "T": [-0.011584156734739275, -0.09218340363451866, -0.10931358873909014], "aligned_model": [[0.06711772099237429, -0.39328027214114863, 0.5716313968128531, 0.2554397719437821, 0.7321483330069052, -0.5193681012175203, -0.1254019045058189, 0.23321351200796875, 0.3456704857404844, -0.44108460009254785, 0.06546946409437007, -0.47945870752569647, -0.03489121280465314], [-0.554444624041972, 0.1338108958043988, -0.4616520272051324, -0.733862126632393, 0.0916785710538536, -0.47390004952317993, -0.5768678713845872, 0.4231349234250544, 0.618364772351597, 0.4765865086897107, 0.27408177866500266, -0.018902098793644184, -0.07019909872712078], [-0.7021707317566841, -0.6210988242913201, -0.472356617547958, -0.09714918364395311, -0.08534957486745547, -0.28867776628456154, 0.48899872457271076, -0.4980410336574351, 0.07908679667755072, -0.06505550474626509, 0.5710405690406872, 0.541647387058365, -0.06380392518271699]], "inverted": false, "swapped": true, "error_lsq": 0.047517089659354715, "error_max": 0.27718695158823303, "target": "391.xyz", "model": "4.xyz", "model_rescale": 3.8936222436046832, "target_rescale": 4.233428978114166},
{"mapping": [2, 0, 10, 9, 6, 5, 4, 11, 3, 1, 12, 13], "R": [[-0.14665120417556288, -0.5977209800612026, 0.7881770450276591], [-0.33167847273454254, -0.7209527550969022, -0.6084542017626859], [0.9319242539167754, -0.3506518999133776, -0.09252259209944314]], "T": [-0.174798491477264, -0.03827257657738703, -0.007834669058608149], "aligned_model": [[0.005750172976253576, -0.408878295032471, -0.16585309861694741, 0.39724381447046664, -0.561796919523241, -0.8132550647403043, -0.22690065489665595, -0.1379589087414252, 0.5955732471029211, 0.32299225468905374, 0.14102176224896756, -0.12039026772152107], [-0.6420855730069299, -0.6847603018998158, 0.2620129828942411, -0.10748794903541437, 0.5295888936643016, 0.14024479585789157, -0.41642923055692005, 0.2818010084021824, 0.19463962560043457, -0.5032084398408888, 0.6527888444087321, -0.03818175137800699], [-0.5282348422899997, -0.06986828763010625, -0.6017802106236181, -0.5283594587444662, -0.11255764691592492, 0.35529583816071825, 0.5516046796133494, 0.5682897841211892, -0.025334023384298784, 0.20656597947395688, -0.17678086465741732, -0.019556227847864392]], "inverted": true, "swapped": true, "error_lsq": 0.043781923578801195, "error_max": 0.2225136006657232, "target": "391.xyz", "model": "5.xyz", "model_rescale": 3.6523030999806103, "target_rescale": 4.233428978114166},
{"mapping": [7, 5, 0, 8, 2, 6, 4, 10, 11, 3, 1, 9, 13], "R": [[-0.6827908365890659, 0.6370803170525156, 0.35766652498419477], [0.6464936902975836, 0.2987763618284983, 0.7019819043379524], [0.34035655109813195, 0.7105359633662413, -0.6158701672331532]], "T": [-0.01928259914293609, -0.03983537328648548, 0.003351762029064821], "aligned_model": [[0.08331049433802629, -0.42469082444866846, 0.32702818194557104, 0.6501976410588489, 0.7175465209761506, -0.182066192957775, -0.34846686866905296, 0.3757330254759266, -0.6777787580237279, -0.10762169298341806, -0.0006452795661724409, 0.4773277344346397, -0.008791076916053608], [-0.4514644508145086, -0.21436466770665388, 0.4218126449225812, -0.22743168461728278, 0.30292737805364733, -0.6801058741556838, 0.5117522269325651, -0.5517033036122039, -0.05448517317380486, -0.0313830005602124, 0.5907072765742827, -0.04567698096003267, -0.029757486719510003], [0.6579385371575728, 0.6169825221128468, 0.38221566034031307, 0.32603015911955996, -0.08383103002710504, 0.21958432684723644, 0.2180103542298597, -0.15468817544435415, -0.04014343669504133, -0.7967430441176409, -0.3313081235774056, -0.5935680621180015, -0.050369948346051026]], "inverted": true, "swapped": true, "error_lsq": 0.05154333751527193, "error_max": 0.37236257413916496, "target": "391.xyz", "model": "6.xyz", "model_rescale": 4.08911054899281, "target_rescale": 4.233428978114166},
{"mapping": [12, 11, 10, 9, 13, 2, 6, 7, 5, 8, 4, 1, 3, 14], "R": [[0.8148568006196845, -0.30677606174542504, 0.4918300950773743], [0.24474806039633423, 0.9512206999140228, 0.18782323335335516], [-0.5254586391107147, -0.03267457719762741, 0.8501915023033765]], "T": [0.07319719894242159, -0.022382549130680125, -0.0017828688253330926], "aligned_model": [[-0.19299775792393659, -0.22565665018007636, 0.3008783412667708, 0.0479963263286184, -0.5960159914543318, -0.38435243321583834, 0.21389331859571337, -0.023342629775001386, 0.47629806036256656, 0.5515275514282397, 0.7689359353084239, -0.4793185019373357, 0.5730865478996331, 0.025712089004394548], [-0.6296132469875934, -0.044213472439757665, -0.3720225121995785, 0.657396729920308, -0.31231037133352574, 0.14037261250893382, 0.1259104518969851, -0.476924661272592, -0.6617175859749266, 0.2048183712292073, -0.08764955018365392, 0.4596209121477723, 0.5511058551288543, 0.10240989794122025], [-0.2633417389297914, -0.5065014543849468, -0.5893099679084665, -0.39142675200613225, 0.061384259202916215, 0.6418774723195588, 0.4535815503097053, 0.6173782526109463, 0.0944545239543506, -0.4315837401173732, 0.09061474475664326, 0.016794602809337818, 0.21655889365899178, -0.09943926633218336]], "inverted": true, "swapped": false, "error_lsq": 0.04703240717318755, "error_max": 0.2911632438052231, "target": "391.xyz", "model": "7.xyz", "model_rescale": 3.964800864290218, "target_rescale": 4.233428978114166},
{"mapping": [1, 2, 7, 4, 0, 3, 10, 5, 8, 12, 9, 6, 11, 13], "R": [[0.45015518242362834, 0.022954099553302104, 0.892655264394294], [-0.26653812225987966, 0.9575509322943654, 0.10978907707221702], [-0.8522427712332488, -0.2873487800146172, 0.4371646571999889]], "T": [0.008929204329640741, -0.013773560320864582, -0.02296328493232061], "aligned_model": [[-0.208918955653989, -0.2996396525430295, 0.2538605576497752, -0.024169084486777764, -0.6983128376999455, -0.5240967019758609, 0.3735166138228738, 0.09216336906470195, 0.5478961964980634, 0.6172208860726118, 0.6765883778620698, -0.2396568162216577, 0.4253110715180989, 0.06488118180090491], [-0.6919697262439518, 0.018252453554466468, -0.4245216144048404, 0.5686196476963921, -0.10432442307147177, 0.0307635719281271, 0.03730805020362513, -0.5165276380122367, -0.5428633014525153, 0.11474639875413326, 0.03438150655352195, 0.49325498963083864, 0.694185982121574, -0.05412246687600989], [-0.2589972462416332, -0.6080857701930074, -0.5503605101702882, -0.41642999196944164, -0.09201839164923889, 0.46679433140523197, 0.7116119004043947, 0.6398950213096207, 0.120689799230349, -0.4520772410444919, 0.13756410936825125, 0.10982550638261376, 0.08907577716222921, 0.013554085948966642]], "inverted": false, "swapped": false, "error_lsq": 0.03943779843421503, "error_max": 0.28149299435705133, "target": "391.xyz", "model": "8.xyz", "model_rescale": 4.121658175737393, "target_rescale": 4.233428978114166},
{"mapping": [11, 4, 1, 3, 5, 6, 0, 8, 2, 7, 12, 9, 13], "R": [[0.33341531817416814, -0.44974327933994723, -0.8285923052354329], [0.44988589057177447, 0.848259448689139, -0.27938967979157653], [0.8285148828302724, -0.2796191881794749, 0.48515584973345605]], "T": [-0.07625989485743159, -0.011295078064604332, -0.07000799495062801], "aligned_model": [[-0.6040937552560426, -0.13232242918579112, 0.35623182804988895, 0.09977850605592134, -0.6788885180050828, -0.5944270938844092, 0.3202216632954381, 0.2743221530854424, 0.719034811015405, -0.39825881276068653, -0.34342761890360496, 0.5049355699974867, -0.0463688070687681], [0.12194455333668605, -0.3586389785731038, 0.07722332934455928, 0.7399525541133691, -0.46588150703491676, 0.03267821018873007, -0.5697384927248155, -0.3346409447070901, -0.14795593702911936, -0.4890540020220969, 0.6724263394576556, 0.4784258634619221, 0.033646451599929975], [-0.4433205404809022, -0.6487123082650399, -0.6312958205579402, -0.2994952788664347, -0.030651488035877, 0.391262466448256, -0.15679065407906678, 0.5300396649730259, 0.05973958934347082, 0.4558349415977453, 0.18883088871198192, 0.08922282907052612, -0.08358885590065694]], "inverted": false, "swapped": true, "error_lsq": 0.04359916166614224, "error_max": 0.28797562129154036, "target": "391.xyz", "model": "9.xyz", "model_rescale": 3.833441315466971, "target_rescale": 4.233428978114166},
{"mapping": [12, 7, 6, 3, 11, 10, 13, 0, 1, 4, 5, 8, 2, 14], "R": [[0.8295547749420731, 0.474188264757744, 0.29493111896991525], [0.5349799369371486, -0.5234142654151894, -0.6631997993324504], [-0.16011040704942064, 0.7079427917041868, -0.6878820111244016]], "T": [0.035405518965144836, -0.056139739554858445, -0.03794733152449862], "aligned_model": [[-0.17499687514628143, -0.3377050780307018, 0.2869954912435401, 0.26775582520898084, -0.6288588598081609, -0.5147864270234236, 0.36978847976860457, 0.2234490902043112, 0.4285346141197604, 0.6397304386155187, 0.6714729477853594, -0.5198625085550793, 0.3139863913046165, 0.031140676020795302], [-0.614346322073599, 0.21342688034213558, -0.46827892964623474, 0.5956524144243499, -0.11911451818733564, -0.1940965278261917, 0.2214384495497394, -0.3625330498150884, -0.6644242715255022, 0.006904439503720064, 0.037734346762343884, 0.39419090387200617, 0.5774439672254836, 0.033185647775825985], [-0.12254225510565361, -0.5196487915892659, -0.5155175796395756, -0.5628303403437704, -0.1798067457086666, 0.5570408117683243, 0.6305023119583736, 0.5404865164192966, 0.10713325167667734, -0.5544058517046172, 0.171912343923555, 0.272599108772739, 0.1559976065293094, -0.0698790070131691]], "inverted": true, "swapped": false, "error_lsq": 0.03426694648254621, "error_max": 0.2293146410641961, "target": "391.xyz", "model": "10.xyz", "model_rescale": 4.2482417240324, "target_rescale": 4.233428978114166},
{"mapping": [4, 1, 3, 9, 5, 6, 11, 10, 2, 8, 0, 13], "R": [[-0.9001687646211614, -0.3786430366017929, 0.21523393327583226], [-0.27672304249602697, 0.11559811837014333, -0.9539714003999409], [0.33633399018260723, -0.9182954458464092, -0.2088370685141654]], "T": [-0.046929547252681475, 0.1098896001064093, 0.036826514845666285], "aligned_model": [[-0.647220845196253, -0.14461571400780743, 0.47513231557399604, 0.6025167714836355, -0.5690104490692962, 0.07497094059485443, -0.3047421239675334, 0.5213193244551456, 0.16018842981779957, 0.12819603537937527, -0.4103160149774808, -0.009653067723429061], [-0.18971136609665362, -0.5974459720787619, -0.3504804560745573, -0.26790808607523625, 0.6369619619253639, 0.7683240091868238, 0.14855190267739482, 0.40456477737095536, -0.27722723655000686, 0.3956615253509295, -0.07510527684449014, 0.06994560725887819], [0.12944991301208478, 0.028925682310574845, 0.4412245362083687, -0.1592796085968426, 0.18168945297093203, 0.22338946611914862, 0.6432599752163016, -0.1456084141905705, -0.652555087421029, -0.6525086380692823, -0.5202327942359624, 0.04743780653063248]], "inverted": true, "swapped": true, "error_lsq": 0.04241245640714433, "error_max": 0.2544210615628154, "target": "391.xyz", "model": "11.xyz", "model_rescale": 3.6694154284099745, "target_rescale": 4.233428978114166},
{"mapping": [2, 12, 1, 5, 10, 9, 11, 8, 3, 0, 4, 7, 6, 13], "R": [[-0.6918520035751718, 0.39613881329242395, 0.6036678273291455], [0.25065334868898925, 0.9158344702374479, -0.3137198143501452], [-0.677136399804365, -0.06573631970352202, -0.7329154332744126]], "T": [0.051031389107075005, 0.04213048426269515, -0.019828959528624495], "aligned_model": [[-0.12149035367542171, -0.27600550442348815, 0.39242221866765475, -0.03577289796433721, -0.5709313216502483, -0.40372476333681057, 0.2961996769913046, -0.036002203908664036, 0.48427849970815634, 0.5508411839599283, 0.757211934879292, -0.4703117655420061, 0.3448251692436123, 0.14510433275886786], [-0.5735432298150983, -0.014667613284928369, -0.5462522512887741, 0.7316225848833472, -0.08681362551767337, 0.043231128406718236, 0.13538096424122995, -0.5120136952963402, -0.6880135785879149, 0.22213701319696771, -0.14742612111174708, 0.5497243407276091, 0.5114287724077029, 0.03238874142055465], [-0.15210026954429864, -0.6127786594622182, -0.5235466901064465, -0.42186931994586735, -0.027865767899668336, 0.6418974924792961, 0.6702619819470355, 0.48805609957304297, 0.12312379225720123, -0.4978725589373418, 0.09443380729445007, 0.13088636964915026, 0.09549304596434006, -0.09707794332511928]], "inverted": true, "swapped": false, "error_lsq": 0.04145785134728762, "error_max": 0.2696684538791636, "target": "391.xyz", "model": "12.xyz", "model_rescale": 3.9764082729961374, "target_rescale": 4.233428978114166},
{"mapping": [13, 10, 11, 2, 12, 5, 4, 6, 14, 8, 3, 9, 7, 15], "R": [[0.5934757339468715, -0.7846908472031869, -0.1790162772816128], [0.4869291143969784, 0.17295536370511333, 0.856146295745188], [-0.640848336791785, -0.5952702885926502, 0.48473363071900266]], "T": [-0.014475119958743926, 0.01894877958425968, 0.02016922488423921], "aligned_model": [[-0.18438845075923668, -0.1617744449262604, 0.345555732044837, 0.12328787842629385, -0.5830174596803368, -0.47680668563000683, 0.2366538900261149, 0.04249523722138462, 0.4370195227232295, 0.3738372212182791, 0.8087952370491226, -0.4857240192603801, 0.5021504664231075, 0.07856008083169182], [-0.5655393966344541, -0.10977157887408943, -0.4400888001129929, 0.733154583662038, -0.1517582171441928, 0.1129011854397098, 0.19836124905610425, -0.5198749542353124, -0.6393647823615604, 0.178995843668029, -0.05660930438979632, 0.3663284295107394, 0.5375480723777765, 0.012901100419654369], [-0.04294636798870459, -0.7594979330368404, -0.5185394020939027, -0.30723104940351686, -0.21399367602048824, 0.7131673306916433, 0.6687130614298248, 0.5587619912436987, 0.05996723190411045, -0.5483827073227794, -0.13781920042572182, 0.1571034435498997, 0.207749810054087, 0.07398884736224634]], "inverted": true, "swapped": false, "error_lsq": 0.046896503132824334, "error_max": 0.3091787442122289, "target": "391.xyz", "model": "13.xyz", "model_rescale": 4.170626492500431, "target_rescale": 4.233428978114166},
{"mapping": [4, 0, 8, 1, 2, 6, 11, 5, 12, 7, 10, 3, 9, 13], "R": [[-0.49728943193134245, 0.05050955761630732, -0.8661131597423098], [0.4184565798339354, 0.8884712973898186, -0.18844851951697075], [0.759998231368395, -0.4561442077938268, -0.46296344349533075]], "T": [0.020224649416454223, -0.020089580075543116, -0.0596655071235818], "aligned_model": [[-0.17706339496389734, -0.17487951138694502, 0.40972258372730264, 0.08188653194230144, -0.6166464555397922, -0.44344077338592397, 0.20697730601340042, 0.07985403627844131, 0.44337152550874254, 0.4761489308358577, 0.5843020323354605, -0.34524624390535263, 0.508638246306373, 0.023019391941871574], [-0.6878458994870592, 0.12333332607484127, -0.5040514076404846, 0.667885247541942, -0.09294015513804582, -0.14072829059861747, 0.18313698599115413, -0.4892102079379171, -0.564825954382478, 0.12368682287396748, -0.011426074177233868, 0.4853518276240149, 0.5923870621298463, -0.027569852492276937], [-0.1947286628085515, -0.6048468007832798, -0.46664044668682747, -0.3968641410226629, -0.20805740926523109, 0.6316737325054943, 0.591089484582104, 0.717245041841164, 0.1851101553644306, -0.7145633605754835, -0.05130161331603434, 0.23433043493537462, 0.14680715351152987, 0.04178781166152983]], "inverted": true, "swapped": false, "error_lsq": 0.03198735881823758, "error_max": 0.18750348727940738, "target": "391.xyz", "model": "14.xyz", "model_rescale": 3.9786697098870705, "target_rescale": 4.233428978114166},
{"mapping": [11, 4, 6, 12, 5, 8, 1, 2, 10, 3, 0, 13], "R": [[0.8637513543867332, 0.23063284331945427, 0.448042508449219], [0.09097595075204815, -0.9458777348045897, 0.3115103323899538], [0.4956379466705968, -0.22830637832378375, -0.8379852167173552]], "T": [0.020134954999020432, -4.72627826581069e-05, -0.059787692725155855], "aligned_model": [[-0.14423256919957184, -0.6314413248856576, 0.5378277341482837, 0.6087558892945177, -0.04167941682695289, 0.3272997589434753, -0.5075843151242229, -0.07861752196465416, 0.642604395432969, 0.13276487147638336, -0.3857239186054252, 0.023381014078191598], [-0.40069868434635264, -0.0005600451002768887, 0.08672320632091023, -0.5058631741810035, 0.2858806004602864, 0.6381970444245154, -0.265269658549666, 0.33677414956771834, 0.0842546677826543, -0.7153337297946821, 0.5095091988754047, -0.038939085235069136], [-0.5579697835286702, -0.24455122746732352, -0.5154919903729535, -0.11917453244343026, -0.7567692232798974, 0.23314831313594084, 0.34158255372166524, 0.6783204156629526, 0.16032074385639658, 0.29193195266297856, 0.1687263995254813, -0.02010712759931002]], "inverted": false, "swapped": true, "error_lsq": 0.05217822983205797, "error_max": 0.35433900398824897, "target": "391.xyz", "model": "15.xyz", "model_rescale": 3.769337070930944, "target_rescale": 4.233428978114166},
{"mapping": [11, 3, 5, 6, 4, 1, 0, 9, 8, 10, 13], "R": [[0.31099690529827906, 0.6914049137935078, 0.6521044165446864], [0.2230291822255307, 0.6138776925236197, -0.7572398315578015], [-0.9238716949721454, 0.3809375589306845, 0.036710590096414614]], "T": [-0.025049236600876067, 0.07882934211711601, -0.04296223429316111], "aligned_model": [[-0.3500414654988841, -0.21491514476438064, -0.24316139765100012, -0.6119670969002755, 0.3423850024074168, 0.46379203152825915, 0.6083081055058102, 0.08231527818347786, 0.18456930213408299, -0.3166681854094089, -0.021990298843926746], [0.06035254359431741, -0.7029201842164875, 0.7278230170293252, 0.4262127639597323, 0.18690012160591596, -0.3778281405805968, 0.34427462945579745, -0.5199447003531095, 0.41137399552831405, 0.015946929319027844, 0.023873522283105866], [-0.6172115697579903, -0.0720406098088294, -0.3632641365718334, 0.09140114716511889, -0.6015338607203917, -0.2928157515361027, 0.027643572035536676, 0.4396470603593484, 0.6150587666640267, 0.5520393913197983, -0.03470640192490461]], "inverted": true, "swapped": true, "error_lsq": 0.04251402599010023, "error_max": 0.21920495777610055, "target": "391.xyz", "model": "16.xyz", "model_rescale": 3.7852294659196426, "target_rescale": 4.233428978114166},
{"mapping": [8, 6, 5, 7, 10, 12, 3, 11, 0, 2, 9, 4, 13], "R": [[0.6842349566789476, 0.6633480064064193, 0.302971857530015], [-0.06269065601330831, -0.3604086689361393, 0.9306854855450908], [0.7265620453252287, -0.6558010473857976, -0.2050184882894978]], "T": [0.052950496892918225, 0.11195814487580652, 0.09238009362171905], "aligned_model": [[0.10261380835436434, -0.391800456241016, 0.19581135771975713, 0.04711133828116512, -0.44040061470237757, -0.7069634261411869, -0.3596211155512872, -0.024061866744537683, 0.66503807491105, 0.3472715290328421, -0.2293408716599767, 0.6136974343632682, 0.03441065859421814], [-0.15947894721027417, -0.41915693103427837, -0.5573726240078036, -0.6377682839419985, 0.04553581545280315, 0.2202315410691758, 0.7838860086420245, 0.045368646325937206, 0.0734662546268657, 0.46687905439401794, 0.6892886787089902, 0.15989949685308813, 0.1642769138243263], [-0.622723378981364, 0.14995353032559583, 0.41323225544525277, -0.12284971989980993, -0.34945188628384977, 0.22144921658316385, 0.25462850633491274, 0.7445752904296948, -0.22456639157577818, -0.582461053033766, -0.3434756878019444, 0.4691478922891415, 0.08829612331192502]], "inverted": true, "swapped": true, "error_lsq": 0.04670700252605291, "error_max": 0.22688848887504554, "target": "391.xyz", "model": "17.xyz", "model_rescale": 3.901054581598922, "target_rescale": 4.233428978114166},
{"mapping": [9, 10, 11, 4, 5, 2, 0, 3, 12, 6, 7, 8, 1, 14], "R": [[0.9111141550371602, -0.28972851686769363, -0.293135434576867], [-0.3837757422143544, -0.8557252723227029, -0.3470597037918085], [-0.15029030633658164, 0.428709277741785, -0.8908541850378062]], "T": [0.023623445650307266, -0.02023114756767942, -0.005950583395480794], "aligned_model": [[-0.2843171735686295, -0.22411026912985937, 0.40817688245908224, -0.0945518949467013, -0.5876012597486572, -0.4411070746146255, 0.3217412317753939, 0.19077789851763358, 0.38785034766673593, 0.6433635477690073, 0.6677873514163812, -0.4050701367779356, 0.4391516915016402, 0.03455306338837389], [-0.5102121405151017, 0.02049797633841587, -0.448488270698111, 0.6404119126238436, -0.148429792170913, -0.023565360648685984, 0.2103622186081399, -0.3964715110486855, -0.6621507884819595, 0.12738247961089783, -0.07647044079325836, 0.470678900495385, 0.5256342626083575, -0.07199601554667161], [-0.32103917874543925, -0.786606008763115, -0.5586218054192823, -0.42447096020570146, 0.001500190219614314, 0.6779737753939424, 0.6524239327965321, 0.6374066014459417, 0.07921421293027744, -0.4032642732769498, 0.1409065860002561, 0.11913894148742907, 0.11673918923817242, -0.02025982315812155]], "inverted": false, "swapped": false, "error_lsq": 0.03935618661734942, "error_max": 0.3046314510615211, "target": "391.xyz", "model": "18.xyz", "model_rescale": 3.9405287249114394, "target_rescale": 4.233428978114166},
{"mapping": [11, 13, 14, 4, 9, 5, 6, 2, 10, 12, 1, 8, 0, 15], "R": [[-0.09993385098349289, -0.9705197914257316, 0.21932751737655626], [-0.8995922633290461, -0.006056695838609516, -0.4366887635307817], [0.425143487761642, -0.24094532758796777, -0.8724668268349197]], "T": [0.12169517945205183, 0.030583141815281933, -0.13084362961320514], "aligned_model": [[-0.27911443804300673, -0.1865120693760261, 0.31296343812645017, 0.16236681426431604, -0.6403966067539759, -0.36619839403469606, 0.17013972051448017, 0.22489541598030338, 0.2945661684012755, 0.5174805804718763, 0.6651265169284941, -0.24529798823335086, 0.30026354814515127, 0.12636149931654891], [-0.5658260944212581, -0.17661340561000108, -0.5582207153338767, 0.7006444372664773, -0.05928226307332876, -0.14328066935279715, 0.21141403471891346, -0.40584982977019324, -0.7144874593317829, 0.12360090529648979, 0.1469091066459131, 0.4663722580885185, 0.6298308905016023, 0.0019722347569763113], [-0.1843307809210481, -0.6906719317530995, -0.5961020880060884, -0.42072068471767865, -0.11858943204472225, 0.5195361662563387, 0.5925074402036206, 0.6136033164525514, 0.05051087800266588, -0.49805021210584466, 0.22506376752013138, 0.36682696078367827, 0.15497052565663613, -0.10351254538358415]], "inverted": false, "swapped": false, "error_lsq": 0.03854203205524847, "error_max": 0.23670401246794961, "target": "391.xyz", "model": "19.xyz", "model_rescale": 4.410303926677745, "target_rescale": 4.233428978114166},
{"mapping": [1, 2, 7, 4, 0, 3, 10, 5, 8, 12, 9, 6, 11, 13], "R": [[0.45015518242362834, 0.022954099553302104, 0.892655264394294], [-0.26653812225987966, 0.9575509322943654, 0.10978907707221702], [-0.8522427712332488, -0.2873487800146172, 0.4371646571999889]], "T": [0.008929204329640741, -0.013773560320864582, -0.02296328493232061], "aligned_model": [[-0.208918955653989, -0.2996396525430295, 0.2538605576497752, -0.024169084486777764, -0.6983128376999455, -0.5240967019758609, 0.3735166138228738, 0.09216336906470195, 0.5478961964980634, 0.6172208860726118, 0.6765883778620698, -0.2396568162216577, 0.4253110715180989, 0.06488118180090491], [-0.6919697262439518, 0.018252453554466468, -0.4245216144048404, 0.5686196476963921, -0.10432442307147177, 0.0307635719281271, 0.03730805020362513, -0.5165276380122367, -0.5428633014525153, 0.11474639875413326, 0.03438150655352195, 0.49325498963083864, 0.694185982121574, -0.05412246687600989], [-0.2589972462416332, -0.6080857701930074, -0.5503605101702882, -0.41642999196944164, -0.09201839164923889, 0.46679433140523197, 0.7116119004043947, 0.6398950213096207, 0.120689799230349, -0.4520772410444919, 0.13756410936825125, 0.10982550638261376, 0.08907577716222921, 0.013554085948966642]], "inverted": false, "swapped": false, "error_lsq": 0.03943779843421503, "error_max": 0.28149299435705133, "target": "391.xyz", "model": "20.xyz", "model_rescale": 4.121658175737393, "target_rescale": 4.233428978114166},
{"mapping": [7, 5, 0, 8, 2, 6, 4, 10, 11, 3, 1, 9, 13], "R": [[-0.6827908365890659, 0.6370803170525156, 0.35766652498419477], [0.6464936902975836, 0.2987763618284983, 0.7019819043379524], [0.34035655109813195, 0.7105359633662413, -0.6158701672331532]], "T": [-0.01928259914293609, -0.03983537328648548, 0.003351762029064821], "aligned_model": [[0.08331049433802629, -0.42469082444866846, 0.32702818194557104, 0.6501976410588489, 0.7175465209761506, -0.182066192957775, -0.34846686866905296, 0.3757330254759266, -0.6777787580237279, -0.10762169298341806, -0.0006452795661724409, 0.4773277344346397, -0.008791076916053608], [-0.4514644508145086, -0.21436466770665388, 0.4218126449225812, -0.22743168461728278, 0.30292737805364733, -0.6801058741556838, 0.5117522269325651, -0.5517033036122039, -0.05448517317380486, -0.0313830005602124, 0.5907072765742827, -0.04567698096003267, -0.029757486719510003], [0.6579385371575728, 0.6169825221128468, 0.38221566034031307, 0.32603015911955996, -0.08383103002710504, 0.21958432684723644, 0.2180103542298597, -0.15468817544435415, -0.04014343669504133, -0.7967430441176409, -0.3313081235774056, -0.5935680621180015, -0.050369948346051026]], "inverted": true, "swapped": true, "error_lsq": 0.05154333751527193, "error_max": 0.37236257413916496, "target": "391.xyz", "model": "21.xyz", "model_rescale": 4.08911054899281, "target_rescale": 4.233428978114166},
{"mapping": [8, 0, 1, 4, 6, 10, 9, 5, 11, 2, 15, 7, 14, 16], "R": [[-0.10305998032023411, -0.06506671420343377, 0.9925446907616613], [0.909271727094193, -0.4106945422952869, 0.0674901417690631], [0.40324132571394067, 0.9094483578695569, 0.10148949504668026]], "T": [0.09572198182698533, 0.07639619315855099, 0.013889997957439486], "aligned_model": [[-0.0769943191785141, -0.37750589819122105, 0.28981329766538483, 0.11283210239123773, -0.5748718443017092, -0.4341973798072254, 0.2403849738524884, -0.01595381178284279, 0.46334712040264214, 0.5684105828584798, 0.8110009674285696, -0.5457420623389874, 0.5247074914695445, 0.0714129852399928], [-0.5882564812349345, 0.13146351325459185, -0.4140939800999501, 0.5004109803823173, -0.23061249508730225, 0.05312494169985232, 0.08192995840603724, -0.36544667876321946, -0.5899035007019675, 0.1926187239860835, -0.060425998732588346, 0.3748825809300987, 0.46646786312222477, 0.10502400322040963], [-0.08185925712393544, -0.5969310576801249, -0.5791920640871004, -0.5394732551210603, -0.09387694619060374, 0.6219848328604121, 0.7114497500525081, 0.5524366046700849, 0.09628845490328261, -0.519318815882115, -0.020208073205696623, 0.08618069145779178, 0.2889138346616934, -0.015353319371579757]], "inverted": false, "swapped": false, "error_lsq": 0.04213449726411127, "error_max": 0.22828631072880906, "target": "391.xyz", "model": "22.xyz", "model_rescale": 4.204369325754507, "target_rescale": 4.233428978114166},
{"mapping": [11, 13, 14, 4, 9, 5, 6, 2, 10, 12, 1, 8, 0, 15], "R": [[-0.09993385098349289, -0.9705197914257316, 0.21932751737655626], [-0.8995922633290461, -0.006056695838609516, -0.4366887635307817], [0.425143487761642, -0.24094532758796777, -0.8724668268349197]], "T": [0.12169517945205183, 0.030583141815281933, -0.13084362961320514], "aligned_model": [[-0.27911443804300673, -0.1865120693760261, 0.31296343812645017, 0.16236681426431604, -0.6403966067539759, -0.36619839403469606, 0.17013972051448017, 0.22489541598030338, 0.2945661684012755, 0.5174805804718763, 0.6651265169284941, -0.24529798823335086, 0.30026354814515127, 0.12636149931654891], [-0.5658260944212581, -0.17661340561000108, -0.5582207153338767, 0.7006444372664773, -0.05928226307332876, -0.14328066935279715, 0.21141403471891346, -0.40584982977019324, -0.7144874593317829, 0.12360090529648979, 0.1469091066459131, 0.4663722580885185, 0.6298308905016023, 0.0019722347569763113], [-0.1843307809210481, -0.6906719317530995, -0.5961020880060884, -0.42072068471767865, -0.11858943204472225, 0.5195361662563387, 0.5925074402036206, 0.6136033164525514, 0.05051087800266588, -0.49805021210584466, 0.22506376752013138, 0.36682696078367827, 0.15497052565663613, -0.10351254538358415]], "inverted": false, "swapped": false, "error_lsq": 0.03854203205524847, "error_max": 0.23670401246794961, "target": "391.xyz", "model": "23.xyz", "model_rescale": 4.410303926677745, "target_rescale": 4.233428978114166},
{"mapping": [9, 10, 8, 3, 11, 13, 12, 6, 15, 4, 5, 7, 0, 16], "R": [[0.9176202868433788, 0.3892101342243305, -0.08055110545829967], [0.06148241601473309, 0.061226044915730346, 0.9962285299794263], [0.39267406547220146, -0.9191119860175124, 0.03225268150832769]], "T": [-0.02220558733205874, -0.03710225187862645, 0.00101541238515697], "aligned_model": [[-0.17749301037339954, -0.14710438941007148, 0.3210614881350539, 0.25745308495199787, -0.6310945018715055, -0.24954674505338958, 0.32024250347602107, 0.21248375037491424, 0.24801908335140416, 0.5149596246051573, 0.5803117169152123, -0.41856413889400373, 0.22905873524564474, -0.0031429957451955086], [-0.549781251149002, -0.06577803247994274, -0.41750598270445427, 0.6222302992027806, -0.14274677183464984, -0.09547918370880304, 0.29509542272315215, -0.37586384275538676, -0.6942993290067568, 0.04034119617483434, -0.07999517619192587, 0.4085381675297095, 0.6497782686965424, 0.06264964588555531], [-0.32373994720216404, -0.637233704435225, -0.641765564097891, -0.5433398013630569, -0.13615241097367095, 0.6636576655392681, 0.6479696958355178, 0.6398108327453114, 0.06723338579876713, -0.4224706209491044, 0.17632978302940167, 0.294674077974268, 0.18928968503046698, -0.06322169698833169]], "inverted": true, "swapped": false, "error_lsq": 0.03785569651037618, "error_max": 0.24113777619698495, "target": "391.xyz", "model": "24.xyz", "model_rescale": 4.28219845311461, "target_rescale": 4.233428978114166},
{"mapping": [2, 4, 0, 3, 13, 12, 11, 14, 6, 1, 8, 9, 5, 15], "R": [[-0.9743847478701035, -0.048338700254874745, -0.2196309021421715], [0.016104881054421386, -0.9891170566703344, 0.1462466444402653], [-0.22431004418959416, 0.13896337021490168, 0.9645590628956728]], "T": [-0.0041831453086637466, 0.009085257851912172, 0.0034072076452078834], "aligned_model": [[-0.17437181453006945, -0.20141080512576964, 0.3078227695740131, 0.03382029448668515, -0.5707227202959232, -0.4409119281195339, 0.06463138089796842, -0.02335324719261707, 0.6027888125711166, 0.454268126357679, 0.6814984907787611, -0.2541777296549446, 0.5579762900516068, 0.01878628590886801], [-0.6412813041022779, -0.059185715363431625, -0.46808062834295483, 0.5733049844194565, -0.16105600009357, 0.009370646432992243, 0.13624146414944002, -0.539241516767623, -0.6570826102845498, 0.25217169558660285, 0.022960302675064666, 0.6099886713437362, 0.6133497645281436, -0.03427632379937574], [-0.1263586443669948, -0.697370144617984, -0.580133020758882, -0.5259860144266196, 0.05819150516729779, 0.6308526547168379, 0.5283576161902167, 0.5317204483686685, 0.005003694766697626, -0.3715712105919524, 0.11108373244263858, 0.18586673556927577, 0.21345923958228316, -0.052075212097926926]], "inverted": false, "swapped": false, "error_lsq": 0.04464417609352556, "error_max": 0.23985460043716728, "target": "391.xyz", "model": "25.xyz", "model_rescale": 4.100010024507729, "target_rescale": 4.233428978114166},
{"mapping": [4, 1, 3, 9, 5, 6, 11, 10, 2, 8, 0, 13], "R": [[-0.9001687646211614, -0.3786430366017929, 0.21523393327583226], [-0.27672304249602697, 0.11559811837014333, -0.9539714003999409], [0.33633399018260723, -0.9182954458464092, -0.2088370685141654]], "T": [-0.046929547252681475, 0.1098896001064093, 0.036826514845666285], "aligned_model": [[-0.647220845196253, -0.14461571400780743, 0.47513231557399604, 0.6025167714836355, -0.5690104490692962, 0.07497094059485443, -0.3047421239675334, 0.5213193244551456, 0.16018842981779957, 0.12819603537937527, -0.4103160149774808, -0.009653067723429061], [-0.18971136609665362, -0.5974459720787619, -0.3504804560745573, -0.26790808607523625, 0.6369619619253639, 0.7683240091868238, 0.14855190267739482, 0.40456477737095536, -0.27722723655000686, 0.3956615253509295, -0.07510527684449014, 0.06994560725887819], [0.12944991301208478, 0.028925682310574845, 0.4412245362083687, -0.1592796085968426, 0.18168945297093203, 0.22338946611914862, 0.6432599752163016, -0.1456084141905705, -0.652555087421029, -0.6525086380692823, -0.5202327942359624, 0.04743780653063248]], "inverted": true, "swapped": true, "error_lsq": 0.04241245640714433, "error_max": 0.2544210615628154, "target": "391.xyz", "model": "26.xyz", "model_rescale": 3.6694154284099745, "target_rescale": 4.233428978114166},
{"mapping": [5, 3, 1, 12, 7, 8, 10, 4, 0, 6, 2, 9, 11, 13], "R": [[-0.49166218905163644, -0.8432596510428294, 0.21721292038016143], [0.5827954976008745, -0.13331448155390818, 0.8016087929808166], [-0.6470067231745755, 0.5207114459382837, 0.5569936177693241]], "T": [0.024586535586720644, -0.041719455190406575, 0.040863142876281004], "aligned_model": [[-0.1828555458100264, -0.33573188298491835, 0.18467984756531186, 0.2841088384355306, -0.5122725223178839, -0.4022303978713945, 0.07688573190433332, 0.29767622330184595, 0.43917755821219157, 0.38727459949259646, 0.6942366481769842, -0.3805883323850459, 0.4251207469921928, 0.0811626929961222], [-0.7963645004796176, 0.28501340177547324, -0.5942465006987722, 0.6071787495638505, -0.1693603939262176, -0.1734722149457002, 0.20669520025820598, -0.3886932986757388, -0.5563122382473824, 0.01506986463768583, 0.06107072888689829, 0.5024739457195815, 0.6932158964972528, -0.035085209983866106], [-0.07514176308626858, -0.6043093129450205, -0.6290104639610616, -0.3350518841553636, -0.2618226140117248, 0.4978376586212227, 0.5862489447775732, 0.7340887515273157, 0.056416107776381445, -0.53915648891049, 0.0968323394801619, 0.10831982705535381, 0.22959004498280328, 0.046200232792673684]], "inverted": false, "swapped": false, "error_lsq": 0.04443014227406702, "error_max": 0.25856548234996013, "target": "391.xyz", "model": "27.xyz", "model_rescale": 4.103607728864725, "target_rescale": 4.233428978114166},
