[{"mapping": [0, 4, 6, 11, 3, 1, 7, 5, 2, 12, 13, 14], "R": [[-0.08286746410601242, 0.8512988731281184, -0.518095755631558], [0.7762058823253011, -0.2709179621845351, -0.569304739141859], [-0.6250099292301203, -0.4493258131652077, -0.6383329084319445]], "T": [0.005186134664585755, -0.05101285998275315, -0.05812747312417692], "aligned_model": [[-0.33582863707284916, 0.03429433283099667, 0.4801763997777979, -0.05986747266469633, 0.10192692519675062, -0.6073480433278193, 0.5360057196568097, -0.22837654099062268, 0.45999917723568073, -0.02334588540704305, -0.5522322466116939, 0.03223873383723752], [-0.30475069124110943, -0.7329721259065541, -0.30687646437467475, 0.7366591297354271, 0.4204586673817988, -0.5494891298212221, -0.33705820750364046, -0.5439028484039896, 0.2896631954963298, 0.47841149768187463, 0.019296647040872972, -0.11588463410805569], [-0.518756857686536, -0.04887212122961383, -0.6369738997893953, -0.13933486807296913, -0.678495913731287, 0.1415014375282569, 0.61878534177401, 0.5537818173783652, 0.021744445677602045, 0.37209977237706554, 0.476428098471991, 0.020044492656073165]], "inverted": true, "swapped": true, "error_lsq": 0.04747726782836154, "error_max": 0.21743758879440128, "target": "392.xyz", "model": "0.xyz", "model_rescale": 3.751011558992144, "target_rescale": 4.050605738797936},
{"mapping": [0, 1, 9, 2, 7, 6, 3, 11, 12, 10, 8, 5, 5, 4, 14], "R": [[-0.8342570061262224, 0.4783595633344401, -0.27420316536429046], [0.5302859724695091, 0.8323216535474571, -0.16136124825401646], [0.1510365357500615, -0.28002284407260625, -0.9480375370554215]], "T": [0.07178899214796855, 0.06940711196722901, 0.0657632866206239], "aligned_model": [[-0.0640258787269681, 0.3380411415623631, 0.0038211570685860174, -0.7015627800201852, 0.5148537370523745, 0.8063995088292477, -0.15893093855888263, 0.7066792343420776, 0.32473969207855846, 0.31748827334338325, -0.3538518519144819, -0.4319024032153699, -0.4319024032153699, 0.21166530914554774, 0.08926687233671092], [-0.09568197123333452, 0.3668621675301257, -0.13015088254770926, -0.08685857009800421, -0.2271126943712958, 0.18424401115101036, -0.5731970858113709, -0.17743258956567012, -0.6236980671303435, 0.5046538769717975, 0.5628415494562833, 0.13288280130637298, 0.13288280130637298, 0.847727432621692, 0.027762828114575006], [-0.6621133746048251, -0.5054773214318196, 0.6900601723681757, -0.18171635917104906, -0.32850395785829783, -0.03857089108380353, -0.2766312928994426, 0.4813538676502365, 0.15291980209685158, 0.7158754807086716, -0.0598176828991978, 0.42956524111712463, 0.42956524111712463, 0.08079872174352169, 0.09681308162598648]], "inverted": true, "swapped": false, "error_lsq": 0.0489011991744964, "error_max": 0.38992888951981053, "target": "392.xyz", "model": "1.xyz", "model_rescale": 3.9405287249114394, "target_rescale": 4.050605738797936},
{"mapping": [0, 6, 4, 12, 2, 1, 10, 11, 7, 5, 9, 13, 14], "R": [[0.679822913593037, 0.3327852602463731, -0.6535248860729238], [0.6449884744921297, 0.15281281947762293, 0.7487577111293179], [0.34904251019924437, -0.9305386680660043, -0.11075700116813014]], "T": [0.04364131068713441, 0.10887902098963659, -0.07114165795974187], "aligned_model": [[-0.28220369882364704, 0.19616005408384707, -0.49345242837991365, 0.38845928564781906, 0.5641061072752923, -0.7377289392069067, 0.0949901397138079, 0.6573039881034212, 0.005820974034613138, -0.583712584432521, -0.009137869766795245, -0.29875063958646725, -0.0058711093786185595], [0.644145991561849, 0.5023397197509789, 0.06854169064815108, -0.2733883067051764, -0.09732333897458634, 0.09352073094904179, 0.31880672496959817, 0.2322273421397152, -0.7086837626957379, -0.4158247817558643, -0.7066288480448761, -0.22297612622210117, 0.024075557951024923], [-0.08409123202577592, -0.7405233376543399, -0.49055148659328274, 0.37738031892727414, -0.19720348461743503, 0.15853870314397878, 0.43520891000278333, 0.4182018678207163, -0.46096603956145793, -0.016023116514618692, 0.2813602380095936, 0.5404531845168721, -0.10866417586566426]], "inverted": true, "swapped": true, "error_lsq": 0.05389095367114331, "error_max": 0.27316739849255783, "target": "392.xyz", "model": "2.xyz", "model_rescale": 3.932901565614263, "target_rescale": 4.050605738797936},
{"mapping": [7, 12, 9, 8, 5, 1, 13, 4, 6, 0, 10, 3, 10, 14], "R": [[0.7538437708343383, -0.5167685313652043, -0.4057953353168512], [0.426473640080478, 0.8546540755779722, -0.29611930942521897], [0.49983977781962563, 0.050166683053711573, 0.8646638077429954]], "T": [0.0687472222165103, 0.03197893717884229, 0.08645916749728907], "aligned_model": [[-0.3462528816226602, 0.5919325927176569, 0.23055083063595763, -0.33893489738269633, -0.32201792090447184, -0.22491625414734906, 0.3095543390705685, -0.5916339525698242, -0.3262868178188791, -0.08348349182642748, 0.5210387988369691, 0.47883598079890444, 0.5210387988369691, 0.00038478742798678245], [0.09175598543595018, -0.04879448865511413, -0.37486897583651024, 0.4381072127667194, -0.5800860721010399, -0.7117721215254716, -0.6672720392805396, -0.13049208637178097, 0.6322254532561101, -0.11181654278951794, -0.20068961049896875, 0.5265040071148422, -0.20068961049896875, 0.0013855273347784525], [-0.717284541615382, -0.3447628532787633, -0.6883896441983053, -0.22226529796961844, -0.29380925255003354, 0.24177992623638336, -0.14692536943717804, 0.14563061004139202, 0.4178159975434764, 0.6772231314624017, 0.29716018186684257, 0.5378717825831928, 0.29716018186684257, 0.012691510505847187]], "inverted": true, "swapped": true, "error_lsq": 0.05208513902486739, "error_max": 0.368274963759169, "target": "392.xyz", "model": "3.xyz", "model_rescale": 3.9243930471874484, "target_rescale": 4.050605738797936},
{"mapping": [1, 5, 13, 10, 12, 4, 0, 9, 2, 8, 3, 6, 14], "R": [[0.5448113147087267, -0.701215032295434, -0.45986749161933815], [-0.09158658281799903, 0.49536365801062726, -0.8638441666006967], [0.8335421580298568, 0.5127497682156897, 0.2056578371511422]], "T": [0.02011075238674883, -0.05100195434388144, 0.015313883537173542], "aligned_model": [[-0.11500216686055323, -0.15262160064362545, 0.450032784852146, 0.4740443851235799, 0.6100487465834, -0.5856467296568953, -0.187609727239994, 0.3936355524870882, 0.15583213730965415, -0.41531008153537957, 0.22709471036293324, -0.5506958837056104, -0.026596240765390952], [-0.6538390755487885, -0.16076449977299156, -0.31324574253891113, -0.35018439403913776, 0.24176210248570185, -0.21728491836058195, -0.6005558777795604, 0.2876778135122966, 0.47623914344658713, 0.43561983558095285, -0.07061341311829068, 0.06870431047582756, -0.015685730661516753], [-0.515591303025394, -0.7784371868784469, -0.5744348589294984, 0.10209732472856044, -0.16485847688882022, -0.25191118629064263, 0.23370820364924572, -0.7180833836812578, 0.19667300891539097, 0.007338082159198039, 0.7724626242709886, 0.5500991825345147, -0.07199171519287452]], "inverted": true, "swapped": true, "error_lsq": 0.050411917580878776, "error_max": 0.3150833106234883, "target": "392.xyz", "model": "4.xyz", "model_rescale": 3.8936222436046832, "target_rescale": 4.050605738797936},
{"mapping": [3, 2, 6, 0, 8, 7, 9, 5, 1, 10, 4, 14], "R": [[0.14382760180896403, -0.6306441641526661, 0.7626280608383535], [-0.8068907646470613, 0.37142239097798846, 0.4593176476116231], [-0.5729231317420889, -0.6814200948756791, -0.4554401600808361]], "T": [-0.03429420705839147, -0.15983135773646356, -0.08820048661243893], "aligned_model": [[-0.01513969148670704, -0.5386937527249668, -0.2740306562610919, 0.46119605498386446, -0.5868987399953188, -0.6905139832620767, -0.2700253394329705, 0.08142745850615407, 0.5609239766456788, 0.3332715002428137, 0.038951858323076856, -0.07292064332335924], [-0.6392496107362551, -0.4270463056711988, 0.13638539553821089, 0.02112181172298777, 0.17246233606743544, 0.22985708112470654, -0.26293936321587624, 0.3205324885828435, 0.2528365726910327, -0.5655798751887139, 0.5188702174754782, -0.08832784328084385], [-0.7097247636872697, -0.14712307832589874, -0.7816896297653285, -0.42672484638733343, -0.19147107141969755, 0.40100382403923396, 0.7637947513108915, 0.5658515871681731, 0.28455802201465774, -0.030227801508619714, -0.08744231151454321, -0.021519962648747823]], "inverted": true, "swapped": true, "error_lsq": 0.04645624957209576, "error_max": 0.2727532827902349, "target": "392.xyz", "model": "5.xyz", "model_rescale": 3.6523030999806103, "target_rescale": 4.050605738797936},
{"mapping": [11, 3, 6, 2, 8, 10, 0, 12, 1, 5, 4, 7, 14], "R": [[-0.08821047788685611, 0.6133335723657206, -0.7848826922541202], [-0.3332391755676724, 0.7243821920624401, 0.6035081537889877], [0.9387068570421496, 0.314789403938439, 0.14048867466857184]], "T": [0.028381914889355625, -0.05337109479218822, 0.05921915336607776], "aligned_model": [[0.11185034679295991, 0.044936027688820844, 0.2563148994265464, 0.548827448359912, 0.5604923991999932, -0.3140799773827978, -0.47391630329459244, 0.23472549339715668, -0.5947724906331404, -0.1231674431444893, -0.08648872642545005, 0.6544898028617614, 0.06187142781761401], [-0.6630895069122367, -0.0860558334577482, 0.5992813411246883, -0.21471043028243664, 0.3017323429080742, -0.43395379886134405, 0.26759468723467245, -0.7017382405022504, 0.04123523821528837, -0.04470454143825071, 0.4961689689252739, 0.01094460280360992, -0.03187792559415725], [0.5617430383754162, 0.8435397848538232, 0.4442340545316994, 0.23922100723640538, -0.07198931995354767, 0.26163925741077537, 0.25294797996202684, 0.002279875166052589, -0.45678146814708065, -0.7463134200789219, -0.32912585207605444, -0.5932030529424968, -0.03808214485630901]], "inverted": true, "swapped": true, "error_lsq": 0.0551671008519807, "error_max": 0.3458147367140732, "target": "392.xyz", "model": "6.xyz", "model_rescale": 4.08911054899281, "target_rescale": 4.050605738797936},
{"mapping": [9, 11, 6, 0, 8, 10, 3, 5, 4, 12, 1, 2, 13, 11, 14], "R": [[-0.5753427771901334, 0.7010212887870026, 0.42136663536943025], [0.5204677162882854, -0.08362129179744321, 0.849776933000528], [0.6309469431234306, 0.7082207510554437, -0.31674804298947423]], "T": [0.10328855062797646, 0.04202006095488502, 0.1554647618288587], "aligned_model": [[-0.07163594092862446, 0.2958912364930595, -0.20975619635849005, -0.707455848718887, 0.4678521427315252, 0.7980360674875454, -0.14472118669376846, 0.6209517149233778, 0.4154826407363843, 0.5106627800392074, -0.46359381275605605, -0.623722482252108, -0.0805114890322769, 0.2958912364930595, 0.06740780794364376], [0.09887784499199681, 0.5338580692991712, -0.31652372130441364, -0.34337464516555255, -0.22601229341491547, 0.18239076006951102, -0.609335892506459, -0.2185958342970778, -0.589874676213444, 0.5171199835232397, 0.4130580160576516, 0.11452001770696985, 0.6543113644666451, 0.5338580692991712, 0.10144854518800742], [-0.606588991233118, -0.10052477292332335, 0.30577214368634176, -0.12528534507392391, -0.3548302681376527, 0.025476865663418086, -0.21960593597335043, 0.6500407752555293, 0.16512814335948753, 0.49653399057625863, -0.125464554570634, 0.49654870696968884, 0.5121318719138543, -0.10052477292332335, 0.00531287189000465]], "inverted": false, "swapped": false, "error_lsq": 0.0507348114452694, "error_max": 0.4121147642858577, "target": "392.xyz", "model": "7.xyz", "model_rescale": 3.964800864290218, "target_rescale": 4.050605738797936},
{"mapping": [8, 2, 7, 6, 5, 3, 4, 12, 11, 10, 0, 1, 13, 14], "R": [[0.08765247063225684, 0.6472425102677541, 0.7572279559646207], [0.8621326195796348, 0.33152591287704386, -0.383168259838676], [-0.49904347571010055, 0.6864165659374334, -0.5289498155381503]], "T": [-0.025406804476787132, -0.056277273781607844, 0.08861684844662396], "aligned_model": [[-0.18318653931477089, 0.15536060873766747, 0.3013498978763357, -0.7149332400137528, 0.25183761703864355, -0.3004783335062094, -0.3893133161809468, 0.6206045132827535, 0.3412128014069577, 0.16616988752185669, -0.4922335503350395, -0.03555551132985314, 0.5399812621446363, 0.0003717921325947261], [-0.07236306197362899, -0.47872747751878286, 0.2546008187986103, -0.303190694761413, 0.703615817915319, -0.7468364642171251, 0.47978392586039953, -0.27613975514907935, -0.693823738713324, -0.1896889264436221, 0.08150271415269231, 0.6804559069169982, 0.352726085127215, 0.019033316186943434], [-0.5448675516323433, -0.2551178887633585, -0.6977591434580416, -0.21093645048959778, -0.04413503997041768, 0.34152956499525355, -0.12635252168828318, 0.11162936771501089, 0.3892467635286694, 0.5872118171672557, 0.4835128546980739, 0.4359634145389176, 0.4269375900668626, 0.019952262017020203]], "inverted": false, "swapped": true, "error_lsq": 0.0457529996319959, "error_max": 0.2899945458835955, "target": "392.xyz", "model": "8.xyz", "model_rescale": 4.121658175737393, "target_rescale": 4.050605738797936},
{"mapping": [4, 8, 7, 5, 6, 0, 2, 10, 12, 3, 1, 13, 14], "R": [[-0.053176048804741416, 0.542179325466692, 0.8385784917764103], [0.6887053660892948, 0.6279984265419576, -0.3623574133098924], [-0.7230886712937263, 0.5582647716785545, -0.4067962858106809]], "T": [-0.04347209886987537, -0.09590042983272443, 0.02860022028703748], "aligned_model": [[-0.49137806027682973, -0.16685650588062206, 0.254179572645904, 0.09211649183584532, -0.6603581547578516, -0.5450886348706289, 0.22850308421154386, 0.1471460259149291, 0.6306031039571407, -0.19531410280399175, -0.20709011599781452, 0.41948499552541624, -0.029210203067843374], [0.27840586167243686, -0.31816780056227645, 0.040022932050621574, 0.6353159531906681, -0.544481411593362, 0.05407639295090952, -0.5544691257630864, -0.045415698980118754, -0.1720020552906034, -0.7279394252379583, 0.692187627819799, 0.4921020403316462, -0.03924785117696582], [-0.3253438981755834, -0.572922170373768, -0.8168172232053715, -0.316165467125522, -0.18204597246630047, 0.37318866309302867, -0.18362337119891778, 0.5426170130778427, 0.1062589156530033, 0.46902262877457523, 0.1537991445067652, 0.2319033474561651, -0.05879617605682836]], "inverted": false, "swapped": true, "error_lsq": 0.03215998025866273, "error_max": 0.19716412242010656, "target": "392.xyz", "model": "9.xyz", "model_rescale": 3.833441315466971, "target_rescale": 4.050605738797936},
{"mapping": [6, 12, 2, 3, 1, 0, 4, 13, 5, 10, 7, 9, 8, 10, 14], "R": [[0.26625971167519247, -0.9636688048516399, -0.02117074619506089], [0.9468281821966579, 0.257364938117981, 0.19307947075155432], [-0.18061605503613418, -0.07145434334832393, 0.9809546969559013]], "T": [0.06786622968328852, 0.09674017593564643, -0.03514392257166696], "aligned_model": [[0.06199520192980596, 0.32570172343445, -0.1455928815581436, -0.6794060078136377, 0.6681858163773329, 0.7267801481892854, -0.19418959645566525, 0.4402432596084817, 0.30902436142152956, 0.4483271871338924, -0.5428483072536355, -0.5371601760312867, -0.14372768238715533, 0.4483271871338924, -0.01488156362155435], [-0.09424550202222792, 0.42708891606151284, -0.30656002164453394, -0.3398863954200864, -0.11929155251242712, 0.04919999308223645, -0.5542466976304283, -0.22509120291969786, -0.5181363393990492, 0.7218081804666586, 0.34162940183272067, 0.11161447424857418, 0.5542200206350648, 0.7218081804666586, 0.07581415245552665], [-0.686849047526968, -0.4680534112296546, 0.5202247958374996, 0.037404612907050466, -0.4073745218633622, 0.13037145652345872, -0.4138990077144762, 0.5921091783236689, 0.11047485318679628, 0.33941394089839594, -0.13988645545714937, 0.504885641591736, 0.5594143760376967, 0.33941394089839594, 0.006470376066169056]], "inverted": false, "swapped": false, "error_lsq": 0.058788685933516306, "error_max": 0.3734116908657352, "target": "392.xyz", "model": "10.xyz", "model_rescale": 4.2482417240324, "target_rescale": 4.050605738797936},
{"mapping": [1, 0, 3, 6, 9, 12, 10, 8, 4, 7, 5, 14], "R": [[-0.4166475941028057, -0.890603088484837, 0.1822935026533138], [0.1303538538646383, 0.13992484682692563, 0.9815441457331904], [-0.8996736381104987, 0.4327206674307705, 0.05779419406210573]], "T": [0.06054767848106439, 0.027323291748362347, 0.09192796575385895], "aligned_model": [[-0.6418696123216796, -0.014921707804551723, 0.5649532380310447, 0.7165829225178699, -0.4289133923229444, -0.09850817457164525, -0.1830134401339928, 0.4637617840892678, -0.047455445508148716, 0.07324117393984483, -0.5551684577155894, 0.028076714163531455], [-0.31093797407689133, -0.5899877438976153, -0.17857331106951674, -0.35559421531380087, 0.7541338850355946, 0.6099075409708868, -0.02516455958665915, 0.20671951409380573, -0.2918196620913774, 0.6198539586171709, 0.16132680349376663, 0.06626715387527539], [-0.14411795857616091, 0.16993340454173922, 0.6573329570766072, -0.12974084809848405, -0.0638620681425088, 0.4105131782120963, 0.5828660960492107, -0.38941501269027845, -0.501776076123517, -0.5940374966537555, -0.4323446183237313, -0.00015926741686082824]], "inverted": false, "swapped": true, "error_lsq": 0.05197401961227622, "error_max": 0.27144747130276375, "target": "392.xyz", "model": "11.xyz", "model_rescale": 3.6694154284099745, "target_rescale": 4.050605738797936},
{"mapping": [4, 5, 13, 9, 7, 6, 8, 3, 12, 11, 10, 2, 0, 14], "R": [[0.3414859435940825, -0.08746497103232143, 0.9358083292907657], [-0.04660579064633515, 0.9928599782310781, 0.10980420713803804], [-0.9387306592446467, -0.08111068036515512, 0.3349713523942198]], "T": [-0.07239201692217326, 0.016615569557989103, -0.01187840527619939], "aligned_model": [[-0.21454644129253567, 0.14218341581445765, 0.02963097462038912, 0.6120167748037368, 0.691950570898248, -0.302294652002538, 0.28107093302291997, -0.37911560207242156, 0.37193834264304615, 0.018924838755765616, -0.29102437511437573, 0.33959953050101643, -0.6900534698284896, -0.012015990493409817], [-0.25267254153746305, 0.31846978229433814, 0.7444210504910649, 0.5305548467228239, -0.1793561698118954, -0.7356870082645852, -0.5108929132411322, -0.1888444614419382, 0.4434277810067782, 0.3182005292385086, 0.44437103704653946, -0.17952355560085306, -0.03089028481270753, 0.009409196046775755], [-0.6228427430022985, -0.7431556863862018, -0.2594644081268437, -0.25590163819500017, -0.45817182606052215, 0.07374128552242049, -0.1643724249680999, 0.6810920138209192, 0.2824030538006422, 0.7174785170678011, 0.2570498245578013, 0.33609718340267836, -0.10722469451335347, -0.09763299726752751]], "inverted": false, "swapped": true, "error_lsq": 0.04949916151591049, "error_max": 0.28183040753288413, "target": "392.xyz", "model": "12.xyz", "model_rescale": 3.9764082729961374, "target_rescale": 4.050605738797936},
{"mapping": [3, 7, 13, 11, 4, 0, 14, 5, 6, 9, 8, 10, 12, 2, 15], "R": [[-0.40330046336395114, -0.31957372219327496, 0.857450507221238], [0.6622717671657979, 0.5446851507095185, 0.5145038318726505], [-0.6314624633859989, 0.7753648964713873, -0.008027119931920429]], "T": [0.09163489411573042, 0.06187582878216691, 0.1482991583063487], "aligned_model": [[-0.19834149835121825, 0.4305622232007552, -0.22076371536340214, -0.6465999335648598, 0.7030633175819166, 0.6811368733650591, -0.25572011282648355, 0.8016242465356678, 0.28910148905075705, 0.44453938948098504, -0.37773356216639675, -0.6234219362083476, -0.11233677702690256, 0.1336524380463772, 0.12201622835368475], [-0.02813498759501218, 0.34741799031063375, -0.3861335959770753, -0.10818191378624883, -0.13988448712174473, 0.47459117035124093, -0.5793854944299123, -0.14510012365330754, -0.6760904162988531, 0.35087621394404883, 0.43380525123596336, 0.35942044405051476, 0.10436103558213262, 0.8201085732706196, 0.01805594781750175], [-0.6367200720699393, -0.46376916999689927, 0.4242977277035402, -0.08968067727085796, -0.16999595583025895, 0.05206300711092758, -0.17871223917015688, 0.5431408739323256, 0.15675910541125265, 0.5400086438245081, -0.22721994055423828, 0.3634917006723869, 0.7514609106768999, -0.09578514084798964, 0.05478195488775739]], "inverted": true, "swapped": false, "error_lsq": 0.046317982381772364, "error_max": 0.3210748139256828, "target": "392.xyz", "model": "13.xyz", "model_rescale": 4.170626492500431, "target_rescale": 4.050605738797936},
{"mapping": [0, 10, 1, 13, 4, 7, 9, 3, 6, 11, 2, 12, 8, 14], "R": [[-0.3502593920989555, -0.8052744334087586, -0.4783842024405415], [0.8164344263461351, -0.5128073708112931, 0.2654494827993943], [-0.4590786269511218, -0.2975931574142989, 0.837069368055516]], "T": [0.06387992294830545, -0.00046806521063233464, 0.03449843403416225], "aligned_model": [[0.3881691426663503, -0.12208566005458761, -0.25434448390715403, -0.6529617339907767, 0.21667489157700842, -0.2564802569656328, -0.7627533947916519, 0.550050279239691, 0.8268525280076112, -0.06295921261824487, 0.10448185306838935, -0.44476185064665363, 0.2934518027454181, 0.0198491177618767], [-0.26856851860477104, -0.5181493692108725, 0.005958235583881866, -0.16170344528458322, 0.44622719423230106, 0.8221052625231781, 0.27998576685838905, -0.5101548552961347, 0.20329710992490166, -0.5682628204262418, 0.1155492587303471, -0.15452612636051832, 0.5719813343412127, 0.09233544091457557], [-0.43005731110483114, 0.011692508407567331, -0.7153151043263903, -0.21359334087246098, -0.4585719786570481, 0.2407623602294207, 0.20804761752002027, 0.38142630037728714, 0.08447521863300586, 0.5755850498785156, 0.595021462730343, 0.46315840344869724, 0.24910066936703168, 0.012141245489708088]], "inverted": false, "swapped": true, "error_lsq": 0.05597873892545541, "error_max": 0.35826779988469154, "target": "392.xyz", "model": "14.xyz", "model_rescale": 3.9786697098870705, "target_rescale": 4.050605738797936},
{"mapping": [0, 1, 6, 3, 4, 8, 13, 9, 2, 10, 5, 14], "R": [[-0.5450512940495438, -0.7492191952460456, 0.37628404740273785], [0.836967961760477, -0.4599936357539145, 0.2964632962988982], [-0.04902772523206682, 0.4765253954835599, 0.877792589179133]], "T": [0.14278996599262203, -0.05971973632820382, -0.009519257616376838], "aligned_model": [[-0.03464692566584657, -0.6433940372952224, 0.6587841969678381, 0.6949199094146379, -0.13451561798400222, 0.4753178572649135, -0.49935307721010036, -0.21720373596031686, 0.6140457242401649, -0.009646648275175723, -0.5227047944134914, 0.10175174568393736], [-0.3485759698605923, -0.033375617326793006, 0.0944050602459992, -0.599445863642384, 0.3757764491654043, 0.4968899534824269, -0.17454349884619086, 0.2736566883475394, 0.05389240516193161, -0.5643340031876125, 0.4046144646142695, 0.03571442207044062], [-0.5367114591000386, -0.22105911943329576, -0.5892956130751809, -0.15217063980662557, -0.45611311632293916, -0.08740723605739806, 0.40985665169964314, 0.7330176148911195, 0.29757176066191926, 0.1493037921251301, 0.10639242279399291, 0.0065814354975027335]], "inverted": false, "swapped": true, "error_lsq": 0.04563906050099328, "error_max": 0.22756503727915758, "target": "392.xyz", "model": "15.xyz", "model_rescale": 3.769337070930944, "target_rescale": 4.050605738797936},
{"mapping": [13, 7, 10, 12, 1, 4, 0, 8, 3, 2, 14], "R": [[-0.07322708546105428, 0.3883298852089695, 0.9186063869843648], [0.8204683620913443, -0.500185032120198, 0.27685122439690146], [0.5669827693696049, 0.7739604860046185, -0.2819852927751171]], "T": [0.03397517926090866, 0.09599076208023957, 0.04623459627949933], "aligned_model": [[-0.3188126343994735, -0.3280667125733622, -0.0932699248387916, -0.6323666533462254, 0.31799309297288, 0.4904528749901865, 0.5846768645606879, 0.06196447780959783, 0.14116101150419547, -0.319851241634373, 0.0187449756458486], [0.24596886164129647, -0.7327250038700526, 0.6105154002277681, 0.23967507268251245, 0.08709665509570316, -0.3460932294689222, 0.37140188808132735, -0.4733057884671057, 0.6125145711324025, -0.021523436587625316, 0.002539507158037968], [-0.627898673832472, -0.016679467692968575, -0.10266241859485037, 0.006952406497440472, -0.7171677434607125, -0.20314713287515676, -0.07093944931047988, 0.3649409174473709, 0.6277976073265464, 0.4824591701752469, 0.0005623915438121921]], "inverted": true, "swapped": true, "error_lsq": 0.05046316803863773, "error_max": 0.26569488726359897, "target": "392.xyz", "model": "16.xyz", "model_rescale": 3.7852294659196426, "target_rescale": 4.050605738797936},
{"mapping": [2, 10, 0, 3, 12, 13, 5, 1, 6, 8, 7, 4, 14], "R": [[-0.07942213908320767, 0.870048241942211, 0.48652664933867257], [-0.9466299748549521, 0.08711955452471304, -0.3103254322892801], [-0.3123840817480312, -0.4852074194740674, 0.8166945240160215]], "T": [-0.008488124765851819, -0.034735110882855316, -0.028715238936552576], "aligned_model": [[-0.031001276813315277, -0.37035864089326165, 0.26864513758854497, 0.17302508271684786, -0.6071357368258964, -0.6733513187140616, -0.23993779943848237, -0.15564074944827844, 0.7510008166126222, 0.3783407660537359, -0.022599777710505094, 0.39157016253256866, -0.008790815444235751], [-0.03042586763832457, -0.42098660044668784, -0.33975056014524296, -0.7443264237496265, -0.028721202002605847, 0.1509136940737144, 0.6380878315400073, 0.2131151164404112, -0.17152146647687738, 0.3543740808040332, 0.8061034935270678, 0.3780381750464643, 0.0701553527305412], [-0.6020992204796274, 0.12279963552824548, 0.44353058908652215, -0.31161859342868925, -0.3570208570796851, 0.3246964080677042, 0.37830488365176085, 0.7331540297927095, -0.2036756987980533, -0.38285239968472373, -0.3672320541883088, 0.3394871107374863, -0.021719136062167216]], "inverted": true, "swapped": true, "error_lsq": 0.03684997521988493, "error_max": 0.22154552732619748, "target": "392.xyz", "model": "17.xyz", "model_rescale": 3.901054581598922, "target_rescale": 4.050605738797936},
{"mapping": [0, 1, 9, 2, 7, 6, 3, 11, 12, 10, 8, 5, 5, 4, 14], "R": [[-0.8342570061262224, 0.4783595633344401, -0.27420316536429046], [0.5302859724695091, 0.8323216535474571, -0.16136124825401646], [0.1510365357500615, -0.28002284407260625, -0.9480375370554215]], "T": [0.07178899214796855, 0.06940711196722901, 0.0657632866206239], "aligned_model": [[-0.0640258787269681, 0.3380411415623631, 0.0038211570685860174, -0.7015627800201852, 0.5148537370523745, 0.8063995088292477, -0.15893093855888263, 0.7066792343420776, 0.32473969207855846, 0.31748827334338325, -0.3538518519144819, -0.4319024032153699, -0.4319024032153699, 0.21166530914554774, 0.08926687233671092], [-0.09568197123333452, 0.3668621675301257, -0.13015088254770926, -0.08685857009800421, -0.2271126943712958, 0.18424401115101036, -0.5731970858113709, -0.17743258956567012, -0.6236980671303435, 0.5046538769717975, 0.5628415494562833, 0.13288280130637298, 0.13288280130637298, 0.847727432621692, 0.027762828114575006], [-0.6621133746048251, -0.5054773214318196, 0.6900601723681757, -0.18171635917104906, -0.32850395785829783, -0.03857089108380353, -0.2766312928994426, 0.4813538676502365, 0.15291980209685158, 0.7158754807086716, -0.0598176828991978, 0.42956524111712463, 0.42956524111712463, 0.08079872174352169, 0.09681308162598648]], "inverted": true, "swapped": false, "error_lsq": 0.0489011991744964, "error_max": 0.38992888951981053, "target": "392.xyz", "model": "18.xyz", "model_rescale": 3.9405287249114394, "target_rescale": 4.050605738797936},
{"mapping": [12, 0, 11, 13, 1, 6, 14, 2, 10, 5, 7, 9, 9, 8, 15], "R": [[0.2832532058650395, -0.7345913174042684, -0.6165575542976012], [-0.5612087948205553, 0.3943616990972895, -0.7276836805241407], [0.7776967982338863, 0.5521362573489996, -0.3005548923864022]], "T": [0.04865529425618857, 0.015771948644500135, -0.12300244128597233], "aligned_model": [[-0.03888807428933218, 0.39682863123568507, -0.22749062398104203, -0.5922361157762707, 0.6467188834589519, 0.6829330957532274, -0.24603033231998278, 0.7189839786373096, 0.28105709495634623, 0.3206154433053691, -0.39320933226173166, -0.3614987546730905, -0.3614987546730905, 0.27098384524376856, 0.07350968549147398], [-0.21100973812809998, 0.506576687445149, -0.2946467931240237, -0.1729698223616381, -0.04583502004364733, 0.3584617868317804, -0.7003609591657186, -0.16811352417790784, -0.6247892511056586, 0.30633867219336763, 0.5595535975007158, 0.31632187460632794, 0.31632187460632794, 0.7016072235231915, -0.0017310008996640862], [-0.6139660727065395, -0.4555085220474227, 0.465722314860378, -0.052542596011944595, -0.39511261871122877, 0.07331057642675846, -0.1302826828256476, 0.39869754030670695, 0.2688837531027657, 0.6069779004041936, -0.05457204496432844, 0.4518481872322487, 0.4518481872322487, 0.10606555447901943, -0.09724874829795116]], "inverted": false, "swapped": false, "error_lsq": 0.04543947622849489, "error_max": 0.3296043841419365, "target": "392.xyz", "model": "19.xyz", "model_rescale": 4.410303926677745, "target_rescale": 4.050605738797936},
{"mapping": [8, 2, 7, 6, 5, 3, 4, 12, 11, 10, 0, 1, 13, 14], "R": [[0.08765247063225684, 0.6472425102677541, 0.7572279559646207], [0.8621326195796348, 0.33152591287704386, -0.383168259838676], [-0.49904347571010055, 0.6864165659374334, -0.5289498155381503]], "T": [-0.025406804476787132, -0.056277273781607844, 0.08861684844662396], "aligned_model": [[-0.18318653931477089, 0.15536060873766747, 0.3013498978763357, -0.7149332400137528, 0.25183761703864355, -0.3004783335062094, -0.3893133161809468, 0.6206045132827535, 0.3412128014069577, 0.16616988752185669, -0.4922335503350395, -0.03555551132985314, 0.5399812621446363, 0.0003717921325947261], [-0.07236306197362899, -0.47872747751878286, 0.2546008187986103, -0.303190694761413, 0.703615817915319, -0.7468364642171251, 0.47978392586039953, -0.27613975514907935, -0.693823738713324, -0.1896889264436221, 0.08150271415269231, 0.6804559069169982, 0.352726085127215, 0.019033316186943434], [-0.5448675516323433, -0.2551178887633585, -0.6977591434580416, -0.21093645048959778, -0.04413503997041768, 0.34152956499525355, -0.12635252168828318, 0.11162936771501089, 0.3892467635286694, 0.5872118171672557, 0.4835128546980739, 0.4359634145389176, 0.4269375900668626, 0.019952262017020203]], "inverted": false, "swapped": true, "error_lsq": 0.0457529996319959, "error_max": 0.2899945458835955, "target": "392.xyz", "model": "20.xyz", "model_rescale": 4.121658175737393, "target_rescale": 4.050605738797936},
{"mapping": [11, 3, 6, 2, 8, 10, 0, 12, 1, 5, 4, 7, 14], "R": [[-0.08821047788685611, 0.6133335723657206, -0.7848826922541202], [-0.3332391755676724, 0.7243821920624401, 0.6035081537889877], [0.9387068570421496, 0.314789403938439, 0.14048867466857184]], "T": [0.028381914889355625, -0.05337109479218822, 0.05921915336607776], "aligned_model": [[0.11185034679295991, 0.044936027688820844, 0.2563148994265464, 0.548827448359912, 0.5604923991999932, -0.3140799773827978, -0.47391630329459244, 0.23472549339715668, -0.5947724906331404, -0.1231674431444893, -0.08648872642545005, 0.6544898028617614, 0.06187142781761401], [-0.6630895069122367, -0.0860558334577482, 0.5992813411246883, -0.21471043028243664, 0.3017323429080742, -0.43395379886134405, 0.26759468723467245, -0.7017382405022504, 0.04123523821528837, -0.04470454143825071, 0.4961689689252739, 0.01094460280360992, -0.03187792559415725], [0.5617430383754162, 0.8435397848538232, 0.4442340545316994, 0.23922100723640538, -0.07198931995354767, 0.26163925741077537, 0.25294797996202684, 0.002279875166052589, -0.45678146814708065, -0.7463134200789219, -0.32912585207605444, -0.5932030529424968, -0.03808214485630901]], "inverted": true, "swapped": true, "error_lsq": 0.0551671008519807, "error_max": 0.3458147367140732, "target": "392.xyz", "model": "21.xyz", "model_rescale": 4.08911054899281, "target_rescale": 4.050605738797936},
{"mapping": [6, 10, 2, 1, 7, 12, 0, 3, 4, 14, 11, 11, 15, 9, 16], "R": [[0.9866062627391204, 0.00680232891533308, -0.162977945272584], [0.047410049039546806, 0.9440404800734644, 0.3264044411963946], [0.15607808806496035, -0.32975945824796365, 0.9310737511722668]], "T": [0.07515567069157467, 0.0720197201442958, 0.019568050618494023], "aligned_model": [[-0.06082360739897433, 0.4300663851654972, -0.15353152118769414, -0.6391232923093285, 0.5360931916851674, 0.7758606562552715, 0.011989685455824212, 0.623336121746698, 0.23075222348325572, 0.4130710720478904, -0.5784694497100195, -0.5784694497100195, -0.2476633998433758, 0.3121640367538145, 0.09552601767358476], [-0.09988599523631991, 0.49684078517045327, -0.3293248859207485, -0.2599305537911052, -0.12370118759078333, 0.30364347519018575, -0.6240112114520358, -0.2163427997969518, -0.5643515470146615, 0.30721643971299056, 0.4567216429715452, 0.4567216429715452, 0.2693968301059811, 0.7428461194687834, 0.029886852911623296], [-0.6928378656264658, -0.5675442526732934, 0.5744360572886583, 0.11761375381147426, -0.4854330543556154, 0.03780168269512933, -0.31454330619179777, 0.6283570727506386, 0.25855237847621676, 0.5118263878535158, 0.12287179116774062, 0.12287179116774062, 0.6427350764280252, 0.05653544095604447, 0.010877774731245713]], "inverted": false, "swapped": false, "error_lsq": 0.044785502491050545, "error_max": 0.34045726772619506, "target": "392.xyz", "model": "22.xyz", "model_rescale": 4.204369325754507, "target_rescale": 4.050605738797936},
{"mapping": [12, 0, 11, 13, 1, 6, 14, 2, 10, 5, 7, 9, 9, 8, 15], "R": [[0.2832532058650395, -0.7345913174042684, -0.6165575542976012], [-0.5612087948205553, 0.3943616990972895, -0.7276836805241407], [0.7776967982338863, 0.5521362573489996, -0.3005548923864022]], "T": [0.04865529425618857, 0.015771948644500135, -0.12300244128597233], "aligned_model": [[-0.03888807428933218, 0.39682863123568507, -0.22749062398104203, -0.5922361157762707, 0.6467188834589519, 0.6829330957532274, -0.24603033231998278, 0.7189839786373096, 0.28105709495634623, 0.3206154433053691, -0.39320933226173166, -0.3614987546730905, -0.3614987546730905, 0.27098384524376856, 0.07350968549147398], [-0.21100973812809998, 0.506576687445149, -0.2946467931240237, -0.1729698223616381, -0.04583502004364733, 0.3584617868317804, -0.7003609591657186, -0.16811352417790784, -0.6247892511056586, 0.30633867219336763, 0.5595535975007158, 0.31632187460632794, 0.31632187460632794, 0.7016072235231915, -0.0017310008996640862], [-0.6139660727065395, -0.4555085220474227, 0.465722314860378, -0.052542596011944595, -0.39511261871122877, 0.07331057642675846, -0.1302826828256476, 0.39869754030670695, 0.2688837531027657, 0.6069779004041936, -0.05457204496432844, 0.4518481872322487, 0.4518481872322487, 0.10606555447901943, -0.09724874829795116]], "inverted": false, "swapped": false, "error_lsq": 0.04543947622849489, "error_max": 0.3296043841419365, "target": "392.xyz", "model": "23.xyz", "model_rescale": 4.410303926677745, "target_rescale": 4.050605738797936},
{"mapping": [10, 9, 0, 3, 11, 14, 1, 13, 7, 6, 4, 2, 5, 15, 16], "R": [[-0.4200164384389081, -0.7570983270098645, -0.5003881640086616], [0.4819752021165863, 0.2810987256176133, -0.8298695144423788], [0.7689512962377856, -0.5897335243099363, 0.24683653359908297]], "T": [0.15126436748823718, 0.07589943550750419, 0.0533430139027619], "aligned_model": [[-0.08102741502555438, 0.37600829575302996, -0.30455574120859846, -0.68415094470787, 0.5304952794608151, 0.7942667103300505, -0.11504641638973129, 0.6711483907856346, 0.3017012518087351, 0.5232843797459161, -0.454604309267102, -0.7038459166876341, -0.11948551110129574, 0.38751698714213423, 0.0490736294690626], [0.0821980960383171, 0.41082036811881306, -0.32243250136781887, -0.2131499678038832, -0.20517103304862785, 0.2818251836411793, -0.6725857746898387, -0.08271439156211222, -0.5449632599191101, 0.4240194214234887, 0.3883495267314413, 0.06902496253501908, 0.46521567314367285, 0.7492370693588642, 0.016052235101097274], [-0.5547563208507781, -0.425967031094487, 0.5049462774637397, -0.11333836846393365, -0.3684446029387546, 0.005462293668403617, -0.27097751593844077, 0.4991556202875276, 0.2372700482012523, 0.6175341833173926, -0.04248213943412604, 0.37214247233453274, 0.4665371617128487, 0.06408179320359807, 0.03295685701048199]], "inverted": true, "swapped": false, "error_lsq": 0.028442335442583597, "error_max": 0.16750480266528742, "target": "392.xyz", "model": "24.xyz", "model_rescale": 4.28219845311461, "target_rescale": 4.050605738797936},
{"mapping": [2, 13, 8, 6, 4, 7, 0, 3, 1, 9, 14, 10, 11, 12, 15], "R": [[0.7029765890769623, -0.6528769055738636, -0.28209158331651185], [0.4440163616238497, 0.0930343054236654, 0.8911756777564427], [-0.555583824296603, -0.7517289166864828, 0.3552889668950171]], "T": [0.13211700884824706, 0.08133004077164305, 0.10783970328101886], "aligned_model": [[-0.1002009194232572, 0.33390439213020806, -0.32093377693214004, -0.6379617629501789, 0.5714822037508175, 0.8698241378523811, -0.04254177672499773, 0.73265935399866, 0.20584388789059382, 0.5550655824968076, -0.4692147766704753, -0.6083491421542323, -0.103515154814566, 0.06400963894407943, 0.12070678271389186], [0.05917235670671531, 0.4744850624876491, -0.26876066725543424, -0.33185442731626924, -0.3386008485633305, 0.2672166945157333, -0.5888526500710214, -0.3262514813097023, -0.4875883276032411, 0.4078884674632044, 0.47688027393813914, 0.18804441325759372, 0.4493060347744423, 0.8427021759067125, 0.021938530769310953], [-0.5358352470071173, -0.28918351743120896, 0.5004305062625679, -0.11228393360824979, -0.2986880900077997, -0.05580732396520885, -0.3233257424040117, 0.378526864777313, 0.3920467339452971, 0.5217814647454185, -0.14132835579041397, 0.372465364834054, 0.4327215626296559, 0.11752258702640012, 0.0650778544725612]], "inverted": false, "swapped": false, "error_lsq": 0.04123944261468835, "error_max": 0.22402489494117445, "target": "392.xyz", "model": "25.xyz", "model_rescale": 4.100010024507729, "target_rescale": 4.050605738797936},
{"mapping": [1, 0, 3, 6, 9, 12, 10, 8, 4, 7, 5, 14], "R": [[-0.4166475941028057, -0.890603088484837, 0.1822935026533138], [0.1303538538646383, 0.13992484682692563, 0.9815441457331904], [-0.8996736381104987, 0.4327206674307705, 0.05779419406210573]], "T": [0.06054767848106439, 0.027323291748362347, 0.09192796575385895], "aligned_model": [[-0.6418696123216796, -0.014921707804551723, 0.5649532380310447, 0.7165829225178699, -0.4289133923229444, -0.09850817457164525, -0.1830134401339928, 0.4637617840892678, -0.047455445508148716, 0.07324117393984483, -0.5551684577155894, 0.028076714163531455], [-0.31093797407689133, -0.5899877438976153, -0.17857331106951674, -0.35559421531380087, 0.7541338850355946, 0.6099075409708868, -0.02516455958665915, 0.20671951409380573, -0.2918196620913774, 0.6198539586171709, 0.16132680349376663, 0.06626715387527539], [-0.14411795857616091, 0.16993340454173922, 0.6573329570766072, -0.12974084809848405, -0.0638620681425088, 0.4105131782120963, 0.5828660960492107, -0.38941501269027845, -0.501776076123517, -0.5940374966537555, -0.4323446183237313, -0.00015926741686082824]], "inverted": false, "swapped": true, "error_lsq": 0.05197401961227622, "error_max": 0.27144747130276375, "target": "392.xyz", "model": "26.xyz", "model_rescale": 3.6694154284099745, "target_rescale": 4.050605738797936},
