[{"mapping": [9, 6, 5, 0, 4, 3, 7, 8, 10, 1, 6, 11], "R": [[-0.8464802694646915, -0.3553251386323905, 0.3965037191034355], [0.5135904044783733, -0.7412461192324787, 0.4321794617407578], [0.14034261588955974, 0.5694718927029347, 0.8099417964191088]], "T": [0.11431702959042223, 0.0026519548444104146, 0.03846595722048063], "aligned_model": [[0.18645505172921803, 0.16274075826309642, -0.6037331087179214, -0.018289889157388578, 0.43482507686806604, 0.2656265577110227, -0.6165106802435499, 0.6966180378553342, -0.4368757859505311, 0.06347484318325752, 0.16274075826309642, 0.07818404859084932], [0.0072774779798719935, -0.6220540446329381, -0.09538672540473918, 0.10213942916370236, 0.6635756667863031, 0.5849408252770758, -0.5714758437050705, -0.18809828085899702, 0.2574386621893069, -0.5931914119981342, -0.6220540446329381, 0.004116398752291802], [-0.5649668349988278, -0.3256110183951151, 0.4427910103402231, 0.6345440071059644, 0.3743273949693804, -0.2963139896955454, -0.14283886714327065, -0.1277970093233999, -0.26654479639526885, 0.41829001358083695, -0.3256110183951151, 0.09783361656652118]], "inverted": true, "swapped": false, "error_lsq": 0.067318528618835, "error_max": 0.42577815887382814, "target": "393.xyz", "model": "0.xyz", "model_rescale": 3.751011558992144, "target_rescale": 3.9618173027485817},
{"mapping": [9, 13, 0, 1, 6, 10, 2, 11, 8, 7, 12, 14], "R": [[0.7826332804862438, -0.0028212652554613915, 0.6224766571829812], [-0.3434502706925777, -0.8359631306401283, 0.42802751754011203], [0.5191599559254696, -0.548778356600107, -0.6552215316141177]], "T": [-0.04058419305702489, -0.025411147703520792, -0.04015776778005826], "aligned_model": [[0.2597812432060818, -0.1339957656039581, -0.44400773026216933, -0.182944097231108, 0.4804234459014556, 0.33250044487249364, -0.7463681003489967, 0.7560391932955907, -0.6049468955201173, 0.23175151215355738, 0.42555705812267625, 0.0014653598090438938], [-0.0904971046755235, -0.5534950944044557, -0.375816734964062, 0.18999408301676318, 0.22950939210978608, 0.5887974163695076, -0.4071582617008441, -0.019761177744998082, 0.3155783611495, -0.2921283232248527, -0.6039213549623721, -0.053873092052713456], [-0.6230248574650105, -0.5299575448845929, 0.49833075813759736, 0.6071596147284938, 0.43659405843389826, -0.43513807221207584, -0.23984832627119024, -0.0858769878328422, -0.11525202229132878, 0.5024030451677827, -0.03650015610646298, -0.06078700118788598]], "inverted": false, "swapped": false, "error_lsq": 0.055161602539475135, "error_max": 0.2834450867638245, "target": "393.xyz", "model": "1.xyz", "model_rescale": 3.9405287249114394, "target_rescale": 3.9618173027485817},
{"mapping": [6, 11, 8, 4, 1, 7, 10, 0, 3, 5, 5, 12], "R": [[-0.31784171445279574, 0.931296153386824, -0.17794414640727182], [0.9461414828287034, 0.2993441175598416, -0.12332637087428783], [-0.06158684132515708, -0.20755860369838902, -0.9762819710546565]], "T": [0.026757785714060844, -0.05760860005598864, 0.036485044464539644], "aligned_model": [[0.21701932500821589, 0.007564393874531866, -0.6168176553763699, -0.2550103752500581, 0.5608542625762786, -0.005289981787345056, -0.7309314504042788, 0.8192532619594962, -0.41656287539938597, 0.3709531399225311, 0.3709531399225311, 0.05327048334840301], [0.03128312758485326, -0.599865291295041, -0.2027350703273706, 0.41002663747665824, 0.39820577824740344, 0.66655668790122, -0.3519973741227791, -0.1926873902197398, 0.22350669109349672, -0.6926969193300743, -0.6926969193300743, -0.06967184876281741], [-0.4647678865112989, -0.4252546912669133, 0.4432266446993686, 0.47650744158483804, 0.4028189608489287, -0.28517849010562263, -0.18874681492979586, -0.20149526744024115, -0.18987896124477727, 0.11565994730421306, 0.11565994730421306, 0.11955167797347088]], "inverted": false, "swapped": false, "error_lsq": 0.06746122766759939, "error_max": 0.5325605174708281, "target": "393.xyz", "model": "2.xyz", "model_rescale": 3.932901565614263, "target_rescale": 3.9618173027485817},
{"mapping": [3, 0, 6, 10, 11, 11, 2, 8, 1, 5, 7, 13], "R": [[0.5108463358968178, -0.45648237410044923, -0.7284640438871454], [-0.7635687153867402, -0.6302501375089092, -0.14052608673354633], [-0.39496688213499465, 0.6280195907020881, -0.6705166334334614]], "T": [0.07202950829078208, -0.19316720642009294, -0.014581098893911511], "aligned_model": [[0.26350100357088135, -0.25250463873581935, -0.4135837916879787, -0.17199713457442348, 0.40259460256435325, 0.40259460256435325, -0.714244641688746, 0.7710665997239003, -0.5013641252737544, 0.06177422202887317, 0.4758980523062651, 0.05152091759664578], [-0.06712272066814692, -0.3939543940428019, -0.29429128382940406, 0.31185521264580657, 0.6351347405546879, 0.6351347405546879, -0.4534042274358337, -0.007025181327539459, 0.19439390539954848, -0.6634175096396422, -0.774925069072484, -0.19515010422314324], [-0.47080136607627737, -0.565319168981032, 0.4551485090015373, 0.4310070451516821, 0.033909121286252425, 0.033909121286252425, -0.10540789639950959, -0.13901990645440732, -0.278749125923934, 0.5290724369910996, -0.10508267757670363, 0.09943641591142319]], "inverted": true, "swapped": false, "error_lsq": 0.05606365364847881, "error_max": 0.4186060722254582, "target": "393.xyz", "model": "3.xyz", "model_rescale": 3.9243930471874484, "target_rescale": 3.9618173027485817},
{"mapping": [8, 7, 0, 6, 11, 10, 2, 9, 4, 5, 1, 12], "R": [[0.7691706901334392, -0.5980190499912799, -0.22527686363045965], [-0.24978412219790935, 0.043130415630204394, -0.9673405085828808], [0.5882043367210663, 0.8003205502141586, -0.11620101190367306]], "T": [0.0646893554575437, 0.01488863973231827, -0.020977160973870493], "aligned_model": [[0.2832869375762066, -0.19858180191212396, -0.42384955969723026, -0.04385846301858064, 0.6706040791094786, 0.0682034525631437, -0.7293084581591273, 0.7444834808240791, -0.3529347864411506, 0.1092293989877091, 0.1958812716450449, 0.052100116917100675], [0.11337149100112526, -0.5097518432050099, -0.5549839701331605, 0.3267846018930223, 0.38077032269259115, 0.7016801768234427, -0.4328410058399199, -0.08585430228123737, 0.07518951792574849, -0.3382638241665654, -0.6868466812189696, -0.062026374575331916], [-0.6030876264476224, -0.5672000278264947, 0.37889443124680333, 0.6212492746612829, 0.3327628892374055, -0.18045366463649726, -0.16352584304874124, -0.1804080191176924, -0.4384950044638906, 0.6475455548251978, 0.0017499250454539733, 0.0690706187411781]], "inverted": true, "swapped": false, "error_lsq": 0.05127447589578198, "error_max": 0.25555040251188116, "target": "393.xyz", "model": "4.xyz", "model_rescale": 3.8936222436046832, "target_rescale": 3.9618173027485817},
{"mapping": [9, 6, 4, 2, 3, 0, 5, 8, 1, 10, 7, 11], "R": [[0.9892025041155472, 0.14429302128335392, 0.02565014347820695], [0.10706301612272803, -0.5919706885761682, -0.7988167589912983], [-0.10007955050975954, 0.7929377200484155, -0.6010273335666071]], "T": [0.11622875800348269, -0.12239732782750824, -0.012126401654206798], "aligned_model": [[0.35173221680247674, -0.15252633728367648, -0.4533855682687627, -0.14510871544339826, 0.48238915052984044, 0.09584107872731362, -0.5734015012888676, 0.8429563279863648, -0.5078342380539275, 0.29053929332706663, 0.1915933369027931, -0.04753937554267311], [0.11802481870541588, -0.49659732533563616, -0.30685177279797116, 0.3108630611003179, 0.28016501245059844, 0.7570213731728596, -0.5282995266765855, -0.23959017716207676, 0.2894268003782742, -0.322471319101176, -0.7655288212069603, -0.1689340146113248], [-0.5305579363542763, -0.6620138447778775, 0.509544640232254, 0.5366418784810723, 0.17267663256316246, -0.10660073595500451, -0.14183518117476623, -0.07533796248325231, -0.30204885946050475, 0.5615055664020502, -0.033329935767669114, -0.010541753488804994]], "inverted": false, "swapped": false, "error_lsq": 0.05570101601301123, "error_max": 0.32313301593179417, "target": "393.xyz", "model": "5.xyz", "model_rescale": 3.6523030999806103, "target_rescale": 3.9618173027485817},
{"mapping": [8, 5, 3, 4, 10, 6, 0, 9, 1, 7, 7, 12], "R": [[-0.24040185426959237, 0.13913363700421508, -0.9606501858208957], [-0.2490645537257656, 0.9476984146271454, 0.1995859789428622], [0.9381757812591024, 0.28724474924213106, -0.19317519895602117]], "T": [0.0716874844704734, 0.02604266616760126, 0.009760471568521237], "aligned_model": [[0.35703568504864164, -0.08651325085350098, -0.39870460862711704, 0.010917259863574204, 0.5533713060878347, 0.13756820167276793, -0.7524108429191585, 0.7827703291769221, -0.5468306390542013, 0.14819291455952024, 0.14819291455952024, 0.021666398879746702], [0.049700289805446086, -0.42076415092647956, -0.33283890319830195, 0.19415270329398038, 0.5633570751096011, 0.6038263529424597, -0.5187099599185674, -0.10168918667280291, 0.21012686782400752, -0.6265487621896644, -0.6265487621896644, -0.06683545496427866], [-0.599927829071324, -0.47936090961201444, 0.37387034628865845, 0.5549004509733636, 0.3063190047494041, -0.28084270196864647, -0.09640097936604004, -0.01685976349400077, -0.24699467164282984, 0.19708213742353542, 0.19708213742353542, 0.009235286512741924]], "inverted": false, "swapped": false, "error_lsq": 0.06265434996844617, "error_max": 0.41156869085798636, "target": "393.xyz", "model": "6.xyz", "model_rescale": 4.08911054899281, "target_rescale": 3.9618173027485817},
{"mapping": [4, 3, 1, 13, 12, 5, 0, 10, 6, 11, 8, 14], "R": [[0.5780005368712526, -0.5682338553129715, -0.5856839293105975], [-0.5739501077274998, -0.793273985285255, 0.20321825240179783], [-0.5800833157539833, 0.21869309533180595, -0.784650671852168]], "T": [0.0016028312148459456, -0.03928527275268673, 0.028894018664474202], "aligned_model": [[0.2110250925545793, -0.28273069848635685, -0.4556988733232443, -0.1393504840536114, 0.4204436729926954, 0.39570592700777546, -0.8071203814582408, 0.7210164555633247, -0.3802150675615439, 0.30119122017133493, 0.39340252374765367, -0.0024137187598162677], [-0.023670863627179795, -0.48364190156649306, -0.37428937828140907, 0.3239874900464254, 0.38329672838135775, 0.5065576168341384, -0.45347232129555953, -0.06193286491661146, 0.04395545372262452, -0.23590834667352548, -0.5084863030433414, -0.1891672006646912], [-0.6439714927011098, -0.5611509513019327, 0.4942900426707534, 0.6486194296932252, 0.42132072467155285, -0.3278124704232103, -0.21415337837354018, 0.0636218486131747, -0.28163623764450524, 0.4937781192331349, -0.2735830340029462, 0.09877990778178646]], "inverted": true, "swapped": false, "error_lsq": 0.054774904935686736, "error_max": 0.272343424982529, "target": "393.xyz", "model": "7.xyz", "model_rescale": 3.964800864290218, "target_rescale": 3.9618173027485817},
{"mapping": [9, 6, 0, 1, 7, 8, 3, 12, 5, 2, 4, 13], "R": [[0.8375692211947615, 0.4367355848016794, 0.32823745775754454], [0.29005577694510914, -0.864610095171834, 0.4102645848567989], [0.4629745629815637, -0.24841781798994916, -0.8508484834194292]], "T": [0.004623220405778984, -0.15130435882802473, -0.0698506887697692], "aligned_model": [[0.35810022508802686, -0.1397092645846011, -0.4492133326829506, -0.13594780313887334, 0.4432841126334109, 0.1489853100715512, -0.6883610246332026, 0.7465706386972458, -0.5161291023787826, 0.2093107294188082, 0.3904205022298237, 0.007944677674093587], [0.1547041243680582, -0.6820195445853158, -0.4232040809680203, 0.2855339980033329, 0.22358327213178641, 0.5868095193688257, -0.35538994567596, -0.04922827927858553, 0.4405634699681016, -0.4316969298952059, -0.7391115700947812, -0.08331592442650086], [-0.5750927517074397, -0.25428319285092205, 0.4131216672750433, 0.5238933036317397, 0.3471493720756835, -0.22924037252570556, -0.13376160388677838, -0.1686911651092387, -0.34838293918078267, 0.49414555013477246, -0.042711515351636864, -0.10804384428835176]], "inverted": false, "swapped": false, "error_lsq": 0.05524009553403474, "error_max": 0.303006660565512, "target": "393.xyz", "model": "8.xyz", "model_rescale": 4.121658175737393, "target_rescale": 3.9618173027485817},
{"mapping": [5, 10, 2, 1, 9, 4, 3, 7, 0, 8, 11, 12], "R": [[0.17923169799382255, -0.4455042082991651, 0.8771556297613243], [-0.7295810629571764, -0.6583181386243623, -0.18528006080642231], [0.6599905082715416, -0.6067480768374046, -0.44302291164857727]], "T": [0.0949779152402634, -0.12113259079501516, 0.03955681914345422], "aligned_model": [[0.24103403545919821, -0.11235415830949828, -0.46281701451240226, -0.31282904665672195, 0.7429835993612943, 0.046959870217825064, -0.484368304334376, 0.7217297235125182, -0.499542047749487, 0.2513094329465837, 0.19671989897932568, 0.04642967948029027], [0.12025353490507089, -0.39272870832985085, -0.26880839454313066, 0.3380474758415183, 0.3919214541753737, 0.7616181482055777, -0.6357696683751015, -0.3537757551513531, 0.2771268393377622, -0.5142212086986682, -0.7376598932994777, -0.0587757151519851], [-0.510096029791099, -0.6384769490517034, 0.4260838223249301, 0.35225293991496337, 0.13982644226683102, -0.04151918140451925, -0.10940837046278876, -0.051384036465749176, -0.28718418385319966, 0.6325113981573394, -0.07258027804082015, 0.0780769346221982]], "inverted": false, "swapped": false, "error_lsq": 0.06299215015616821, "error_max": 0.3345745679954863, "target": "393.xyz", "model": "9.xyz", "model_rescale": 3.833441315466971, "target_rescale": 3.9618173027485817},
{"mapping": [5, 2, 11, 12, 6, 1, 8, 4, 0, 7, 3, 14], "R": [[0.6738016192364357, -0.1928774638445451, 0.7132949332886459], [-0.30601313368795535, 0.8058173586707368, 0.5069658237745371], [-0.6725677214413693, -0.5598720107362163, 0.4839380039523154]], "T": [-0.06261449350484127, -0.0655395950018509, 0.004511251689471317], "aligned_model": [[0.21319723717423816, -0.023710512021061392, -0.4078858733782504, -0.13656152411463113, 0.4637821400266503, 0.1043031176919604, -0.6725311992887385, 0.7259490317581453, -0.35678371247078355, 0.03542490892929283, 0.47314386454812807, -0.04307181046039987], [0.08143584510116315, -0.5196275234648965, -0.23041742511327368, 0.3676159294873037, 0.2549218135472035, 0.6436001442911364, -0.550775664854481, -0.09560562114502398, 0.4257016682345206, -0.5480554216060725, -0.7438645093586339, -0.1577011262032107], [-0.595289807573804, -0.5513132605232275, 0.5692590329348973, 0.4167347172749386, 0.28988931300880977, -0.11742428103849296, 0.014851991335765435, -0.11027629461677334, -0.36422910901242944, 0.4533773001144093, -0.08010637110201123, -0.007370722585699153]], "inverted": true, "swapped": false, "error_lsq": 0.0529807242145538, "error_max": 0.28333762923922706, "target": "393.xyz", "model": "10.xyz", "model_rescale": 4.2482417240324, "target_rescale": 3.9618173027485817},
{"mapping": [8, 10, 5, 7, 2, 3, 9, 1, 7, 6, 0, 11], "R": [[-0.1942777660907356, -0.8671288008675995, 0.4586325242595788], [0.9735873049034214, -0.22761029667837193, -0.01792519391460684], [0.11993293681756548, 0.4430363366044632, 0.8884452122187452]], "T": [0.10210239379421218, -0.1629605046643539, 0.03325599085321414], "aligned_model": [[0.123623204996575, -0.10760170315277184, -0.39655532034088936, -0.39496607726743793, 0.45849938712970184, 0.20837117021808266, -0.6633826409171439, 0.7691023963900724, -0.39496607726743793, 0.2842959827606548, 0.4950217990281425, -0.00618645318299825], [0.03171684214646103, -0.5371457584317108, -0.20941023156833066, 0.2968217674832443, 0.30577495142261274, 0.6005101024881685, -0.3155475934103542, -0.10953252561752062, 0.2968217674832443, -0.4402727515150311, -0.7668524891195554, -0.22565597244549307], [-0.5485475965185965, -0.44738103448004213, 0.5930497719240935, 0.02434285500900231, 0.4816147107785034, -0.21951110673521407, -0.2314339109562059, -0.19346630921957442, 0.02434285500900231, 0.5903785554914924, -0.20077026415939242, 0.04548398207331464]], "inverted": false, "swapped": false, "error_lsq": 0.06827381241081944, "error_max": 0.5138790503026017, "target": "393.xyz", "model": "11.xyz", "model_rescale": 3.6694154284099745, "target_rescale": 3.9618173027485817},
{"mapping": [10, 8, 4, 0, 5, 12, 3, 7, 2, 6, 9, 13], "R": [[-0.5101382580611313, -0.46151149257125995, 0.7257865387887839], [-0.8076785633576238, -0.03302406859075652, -0.5886975022762354], [0.2956590873876866, -0.8865193472893648, -0.3559060984680081]], "T": [0.04722964798266352, -0.09133736808126994, 0.03171776229484125], "aligned_model": [[0.32393620269595136, -0.25176759218419276, -0.5119800319596869, -0.1913495653291739, 0.5738254581941599, 0.10934807646261219, -0.7621885335583107, 0.7828990457289247, -0.3476259182385064, 0.2517606646685191, 0.42803342913909814, -0.029635567224844853], [0.028733771803761465, -0.5993781757978727, -0.34688726028122596, 0.2909163357948312, 0.3525027388889215, 0.549596104713412, -0.349021877268621, -0.11552362697330251, 0.04164143921371302, -0.2378057102093146, -0.6535814048383835, -0.0339642261301839], [-0.5273396509051393, -0.4427219487099978, 0.44361269574954787, 0.5864248284783948, 0.44435998576339114, -0.1853400285375062, -0.10860259160685584, -0.07011975814829038, -0.47099417512745656, 0.5382440907530789, -0.39671705220803843, 0.107296112715255]], "inverted": false, "swapped": false, "error_lsq": 0.0535602399667712, "error_max": 0.30231349791030176, "target": "393.xyz", "model": "12.xyz", "model_rescale": 3.9764082729961374, "target_rescale": 3.9618173027485817},
{"mapping": [9, 1, 11, 6, 4, 5, 10, 0, 12, 3, 2, 15], "R": [[0.18849102773764825, -0.4358714200169721, 0.8800495654648057], [-0.9746943973546731, -0.19268436879499812, 0.1133294568392681], [0.12017472374761451, -0.8791409666455439, -0.46116070576071744]], "T": [-0.015270517320486773, -0.05933733274004871, 0.051606142537988], "aligned_model": [[0.18990882300171963, -0.13034255564388061, -0.5664740625854254, -0.10875602028963358, 0.5638644311402635, 0.31177019954653784, -0.5987291502179555, 0.651935030411081, -0.44753611986574315, 0.08123016972146015, 0.39031871366966153, 0.038066209506464194], [0.11759059482511014, -0.42661131458568924, -0.45972435792292704, 0.5643572460466408, 0.26966453925770106, 0.6593966830232543, -0.559784327067277, -0.06445304615250952, 0.07926958631764058, -0.5222274406938715, -0.6745071183306373, -0.05574293580169982], [-0.4851406071215364, -0.4535580154506236, 0.4595394465252677, 0.48279558909939324, 0.32035174989291426, -0.22997810760853, -0.18350176571804075, -0.23460797321237337, -0.39688923736440246, 0.7479277727294834, -0.25388203154960015, 0.14504568799443113]], "inverted": true, "swapped": false, "error_lsq": 0.052191824138399234, "error_max": 0.25374754595104965, "target": "393.xyz", "model": "13.xyz", "model_rescale": 4.170626492500431, "target_rescale": 3.9618173027485817},
{"mapping": [10, 12, 6, 3, 1, 9, 5, 7, 11, 2, 4, 13], "R": [[0.7692408295466016, -0.5597768102222392, -0.3080884108431732], [-0.35178088477690594, -0.773542931457192, 0.5271447071708029], [-0.5334029951772242, -0.2971216180792464, -0.7919595878616135]], "T": [0.1606735727280122, -0.14902594552363096, 0.04419767541269147], "aligned_model": [[0.23468250642227514, -0.08286934856481176, -0.5995484549654981, -0.1214867499062594, 0.5816438716455908, 0.10001204646454784, -0.6492009038401383, 0.886690212052268, -0.42801042596518046, 0.2062401408107225, 0.1865924254775943, 0.060510348763439276], [0.04129068739951089, -0.48319508684814955, -0.30076344521974335, 0.2523703550076451, 0.4597262193682872, 0.612286214652682, -0.44479214075970935, 0.027613236099352484, 0.20382207513609524, -0.44482855929589427, -0.8572724608845219, -0.13902898573981906], [-0.48175913074259114, -0.559726120823857, 0.3705831328485697, 0.5286975894277642, 0.2516085696877843, -0.2260437212365668, -0.24536323064208898, -0.27064870272859215, -0.12494449889712429, 0.6301641154030763, 0.016301131821748235, 0.029233374098261253]], "inverted": false, "swapped": false, "error_lsq": 0.04798504072471021, "error_max": 0.31257382139769757, "target": "393.xyz", "model": "14.xyz", "model_rescale": 3.9786697098870705, "target_rescale": 3.9618173027485817},
{"mapping": [7, 9, 0, 4, 10, 5, 3, 7, 8, 1, 6, 11], "R": [[-0.6918617758725029, 0.42642601481225423, 0.5826561052438104], [0.41762818250889683, 0.8946259670813587, -0.15884294192081633], [-0.5889940443339496, 0.13343625037853618, -0.7970450318671175]], "T": [-0.031738047707237996, -0.08719257527238491, 0.031959801767354974], "aligned_model": [[0.5045307788271347, -0.22612451872012623, -0.5185418799741601, -0.08913488567501605, 0.6335756328770709, -0.05483974999009496, -0.8394858673015749, 0.5045307788271347, -0.27213887098653244, 0.2909479169368845, 0.4433902925808737, -0.0014539590070435648], [0.051494055737579286, -0.5840860925732957, -0.36417727298212876, 0.3602948399708972, 0.22414959964994, 0.6686926741353615, -0.35493276113546846, 0.051494055737579286, 0.14259244162186455, -0.378568183809737, -0.7089864383091639, -0.1807388091276927], [-0.3286754287041695, -0.28854760906850974, 0.4444002122554928, 0.4459348569111822, 0.4227855238467542, -0.23778709591521546, -0.31590207472567766, -0.3286754287041695, -0.3700780275466806, 0.5531566114885218, -0.090437677572621, 0.011928645951475664]], "inverted": false, "swapped": false, "error_lsq": 0.06768892619961053, "error_max": 0.3547761598746458, "target": "393.xyz", "model": "15.xyz", "model_rescale": 3.769337070930944, "target_rescale": 3.9618173027485817},
{"mapping": [8, 5, 1, 0, 2, 3, 9, 4, 10, 7, 11], "R": [[-0.10348581695708065, -0.30404548852422364, 0.9470200771878029], [-0.17691390484814876, -0.931322879394472, -0.3183381293338429], [0.9787707371801152, -0.20048450120759093, 0.04258883439867417]], "T": [-0.012774171588697373, 0.032201304456369775, -0.13424264900452892], "aligned_model": [[-0.27585806489402864, -0.4239394142242971, -0.28872032651430884, -0.5499877597063927, 0.47489407951316565, 0.36981259148318285, 0.6143461070319124, 0.1542838151565627, 0.03797429414250607, -0.24099822812948268, 0.05081903683235088], [-0.04550754033174824, -0.5919676039936691, 0.6949496197116326, 0.1653883790875671, 0.34244014174435233, -0.38941740441991374, 0.23193538184218188, -0.6581045425150114, 0.6320996702580344, 0.07453575768918139, 0.13971263855273494], [-0.5596941991877173, -0.002027275430609987, -0.26616696924875216, 0.06434034441712666, -0.5589683715997917, -0.34715333336070975, 0.15645883936844768, 0.3295120205831205, 0.3928787634262692, 0.6363803034354103, -0.1013425151790166]], "inverted": false, "swapped": true, "error_lsq": 0.053198460946774, "error_max": 0.26254654865698834, "target": "393.xyz", "model": "16.xyz", "model_rescale": 3.7852294659196426, "target_rescale": 3.9618173027485817},
{"mapping": [2, 7, 10, 4, 0, 3, 6, 8, 5, 9, 11, 12], "R": [[0.8538316304028207, -0.44482078885283116, -0.27038123590220975], [-0.519973980017675, -0.753224679596393, -0.4028394744206304], [-0.024466446988473972, 0.48454829258935206, -0.8744222922138388]], "T": [0.05944675680210329, 0.002490532500225781, -0.07294469686551687], "aligned_model": [[0.2920042562516161, -0.2890478759814149, -0.3279012300085551, -0.3573812272394158, 0.29163976988661433, 0.5289893026908851, -0.6198299292708722, 0.6700136733865841, -0.5644376574689725, 0.444352138974783, 0.2446950360405255, 0.06215941113277227], [-0.027189222485315398, -0.3339897883504208, -0.38812120743584483, 0.44680610479408334, 0.35975004114405645, 0.6264869209297174, -0.5684376448064594, -0.200419002778696, 0.18352318985166372, -0.4181229167472996, -0.6840760910983079, -0.06898227410144134], [-0.6378545504032801, -0.5796591033883117, 0.5158159344754261, 0.2884758186377668, 0.4601586738769934, -0.22345607846102417, -0.06876905117083794, 0.02825644995546167, -0.1739616516914101, 0.5768198440248309, -0.2525036588612535, -0.015220118777977812]], "inverted": false, "swapped": false, "error_lsq": 0.06625055581116697, "error_max": 0.3076884888027613, "target": "393.xyz", "model": "17.xyz", "model_rescale": 3.901054581598922, "target_rescale": 3.9618173027485817},
{"mapping": [9, 13, 0, 1, 6, 10, 2, 11, 8, 7, 12, 14], "R": [[0.7826332804862438, -0.0028212652554613915, 0.6224766571829812], [-0.3434502706925777, -0.8359631306401283, 0.42802751754011203], [0.5191599559254696, -0.548778356600107, -0.6552215316141177]], "T": [-0.04058419305702489, -0.025411147703520792, -0.04015776778005826], "aligned_model": [[0.2597812432060818, -0.1339957656039581, -0.44400773026216933, -0.182944097231108, 0.4804234459014556, 0.33250044487249364, -0.7463681003489967, 0.7560391932955907, -0.6049468955201173, 0.23175151215355738, 0.42555705812267625, 0.0014653598090438938], [-0.0904971046755235, -0.5534950944044557, -0.375816734964062, 0.18999408301676318, 0.22950939210978608, 0.5887974163695076, -0.4071582617008441, -0.019761177744998082, 0.3155783611495, -0.2921283232248527, -0.6039213549623721, -0.053873092052713456], [-0.6230248574650105, -0.5299575448845929, 0.49833075813759736, 0.6071596147284938, 0.43659405843389826, -0.43513807221207584, -0.23984832627119024, -0.0858769878328422, -0.11525202229132878, 0.5024030451677827, -0.03650015610646298, -0.06078700118788598]], "inverted": false, "swapped": false, "error_lsq": 0.055161602539475135, "error_max": 0.2834450867638245, "target": "393.xyz", "model": "18.xyz", "model_rescale": 3.9405287249114394, "target_rescale": 3.9618173027485817},
{"mapping": [12, 4, 9, 11, 10, 14, 7, 1, 13, 5, 0, 15], "R": [[-0.28113470913176586, 0.9279063164859751, 0.24485330944634362], [-0.5231606665175084, 0.06570978249600956, -0.8496970880809722], [-0.8045285528372212, -0.36697696427671944, 0.4669707864094816]], "T": [0.1104341126868157, -0.12851163765139764, -0.05328659843642584], "aligned_model": [[0.2169960512392058, -0.1116983215825816, -0.49409532770390674, -0.16379461053258948, 0.45751669358685987, 0.09066088470615404, -0.4956028420784918, 0.7371847660512333, -0.42449882409954964, 0.09745521930418964, 0.3316455589793611, 0.13348642052466572], [0.05627607350082425, -0.5383462885603711, -0.2098562013129069, 0.3208463533090291, 0.44127311405224967, 0.6387471279396274, -0.4859214551905421, -0.29790600434685177, 0.2664596219291534, -0.40596781671650495, -0.7411082246966286, -0.11726819099134295], [-0.5579024099886128, -0.6166317583303844, 0.41247843311932936, 0.43873901595908493, 0.3623852140650995, -0.1565434052587696, -0.07784226431562438, -0.17164449221018457, -0.14906917836844877, 0.7303665517416494, -0.2734346747978743, -0.022798523398881353]], "inverted": true, "swapped": false, "error_lsq": 0.048748084048276796, "error_max": 0.29419882314895895, "target": "393.xyz", "model": "19.xyz", "model_rescale": 4.410303926677745, "target_rescale": 3.9618173027485817},
{"mapping": [9, 6, 0, 1, 7, 8, 3, 12, 5, 2, 4, 13], "R": [[0.8375692211947615, 0.4367355848016794, 0.32823745775754454], [0.29005577694510914, -0.864610095171834, 0.4102645848567989], [0.4629745629815637, -0.24841781798994916, -0.8508484834194292]], "T": [0.004623220405778984, -0.15130435882802473, -0.0698506887697692], "aligned_model": [[0.35810022508802686, -0.1397092645846011, -0.4492133326829506, -0.13594780313887334, 0.4432841126334109, 0.1489853100715512, -0.6883610246332026, 0.7465706386972458, -0.5161291023787826, 0.2093107294188082, 0.3904205022298237, 0.007944677674093587], [0.1547041243680582, -0.6820195445853158, -0.4232040809680203, 0.2855339980033329, 0.22358327213178641, 0.5868095193688257, -0.35538994567596, -0.04922827927858553, 0.4405634699681016, -0.4316969298952059, -0.7391115700947812, -0.08331592442650086], [-0.5750927517074397, -0.25428319285092205, 0.4131216672750433, 0.5238933036317397, 0.3471493720756835, -0.22924037252570556, -0.13376160388677838, -0.1686911651092387, -0.34838293918078267, 0.49414555013477246, -0.042711515351636864, -0.10804384428835176]], "inverted": false, "swapped": false, "error_lsq": 0.05524009553403474, "error_max": 0.303006660565512, "target": "393.xyz", "model": "20.xyz", "model_rescale": 4.121658175737393, "target_rescale": 3.9618173027485817},
{"mapping": [8, 5, 3, 4, 10, 6, 0, 9, 1, 7, 7, 12], "R": [[-0.24040185426959237, 0.13913363700421508, -0.9606501858208957], [-0.2490645537257656, 0.9476984146271454, 0.1995859789428622], [0.9381757812591024, 0.28724474924213106, -0.19317519895602117]], "T": [0.0716874844704734, 0.02604266616760126, 0.009760471568521237], "aligned_model": [[0.35703568504864164, -0.08651325085350098, -0.39870460862711704, 0.010917259863574204, 0.5533713060878347, 0.13756820167276793, -0.7524108429191585, 0.7827703291769221, -0.5468306390542013, 0.14819291455952024, 0.14819291455952024, 0.021666398879746702], [0.049700289805446086, -0.42076415092647956, -0.33283890319830195, 0.19415270329398038, 0.5633570751096011, 0.6038263529424597, -0.5187099599185674, -0.10168918667280291, 0.21012686782400752, -0.6265487621896644, -0.6265487621896644, -0.06683545496427866], [-0.599927829071324, -0.47936090961201444, 0.37387034628865845, 0.5549004509733636, 0.3063190047494041, -0.28084270196864647, -0.09640097936604004, -0.01685976349400077, -0.24699467164282984, 0.19708213742353542, 0.19708213742353542, 0.009235286512741924]], "inverted": false, "swapped": false, "error_lsq": 0.06265434996844617, "error_max": 0.41156869085798636, "target": "393.xyz", "model": "21.xyz", "model_rescale": 4.08911054899281, "target_rescale": 3.9618173027485817},
{"mapping": [0, 13, 14, 15, 8, 1, 3, 6, 2, 9, 7, 16], "R": [[-0.4179735097516796, 0.4415360931416724, -0.7939420782393706], [-0.9053172702751692, -0.2750661469773633, 0.32363444644929845], [-0.07549029929321294, 0.8540401004872171, 0.5147006134369817]], "T": [0.08974389120479487, -0.11002441669160562, 0.08907772204562527], "aligned_model": [[0.32889463589321916, -0.1482277855964578, -0.4401119429644852, -0.38470623252812314, 0.6175172328186181, 0.15081199116414662, -0.6818727262484895, 0.7809404475544016, -0.4287162059121099, 0.0807498426145746, 0.41348816899533103, 0.08648824260392435], [0.003161617174785941, -0.5846965887695152, -0.35320204933707067, 0.31331944822391516, 0.3285776458589813, 0.6569388250126516, -0.42015516704895667, -0.12590746674784734, 0.3248993027029793, -0.45751920232621457, -0.6349761682048791, -0.12321208762309471], [-0.6389849409387105, -0.30435051299029275, 0.3572940897877657, 0.4457064786292488, 0.18830246023234254, -0.1059516457631514, -0.16133301384086918, -0.18941676221344306, -0.1625058930384311, 0.7109411255429146, -0.2650571240094673, 0.04345824681847701]], "inverted": false, "swapped": false, "error_lsq": 0.04838852734763053, "error_max": 0.2763923223553683, "target": "393.xyz", "model": "22.xyz", "model_rescale": 4.204369325754507, "target_rescale": 3.9618173027485817},
{"mapping": [12, 4, 9, 11, 10, 14, 7, 1, 13, 5, 0, 15], "R": [[-0.28113470913176586, 0.9279063164859751, 0.24485330944634362], [-0.5231606665175084, 0.06570978249600956, -0.8496970880809722], [-0.8045285528372212, -0.36697696427671944, 0.4669707864094816]], "T": [0.1104341126868157, -0.12851163765139764, -0.05328659843642584], "aligned_model": [[0.2169960512392058, -0.1116983215825816, -0.49409532770390674, -0.16379461053258948, 0.45751669358685987, 0.09066088470615404, -0.4956028420784918, 0.7371847660512333, -0.42449882409954964, 0.09745521930418964, 0.3316455589793611, 0.13348642052466572], [0.05627607350082425, -0.5383462885603711, -0.2098562013129069, 0.3208463533090291, 0.44127311405224967, 0.6387471279396274, -0.4859214551905421, -0.29790600434685177, 0.2664596219291534, -0.40596781671650495, -0.7411082246966286, -0.11726819099134295], [-0.5579024099886128, -0.6166317583303844, 0.41247843311932936, 0.43873901595908493, 0.3623852140650995, -0.1565434052587696, -0.07784226431562438, -0.17164449221018457, -0.14906917836844877, 0.7303665517416494, -0.2734346747978743, -0.022798523398881353]], "inverted": true, "swapped": false, "error_lsq": 0.048748084048276796, "error_max": 0.29419882314895895, "target": "393.xyz", "model": "23.xyz", "model_rescale": 4.410303926677745, "target_rescale": 3.9618173027485817},
{"mapping": [7, 13, 15, 10, 3, 1, 14, 0, 11, 5, 12, 16], "R": [[-0.5282126086280676, -0.13627637132752649, -0.8381051191253601], [0.7336933041901263, -0.5700955668301895, -0.3697095888222806], [-0.4274173317413634, -0.810197380456372, 0.40111672768500467]], "T": [-0.06606250857256994, -0.1075217483004709, 0.08139956240182734], "aligned_model": [[0.16989966978811516, -0.15173310346466645, -0.507313952501166, -0.2195992035115774, 0.5834205261373486, 0.26078277435685543, -0.6531361282713293, 0.6741924253962963, -0.4598768417220804, 0.19883735984709427, 0.4565360495898771, 0.023246092749782357], [0.0077990684385527975, -0.5492627418400196, -0.5258733774199503, 0.4530049663638904, 0.42960700829979503, 0.6114143027392642, -0.3701165927110479, -0.1330866768840267, 0.25736611010151805, -0.5530601203691791, -0.6709923905490541, -0.029571447254007677], [-0.5292999187607348, -0.4587041939512124, 0.45502138788684343, 0.37469162115964416, 0.39590786291408464, -0.25421698235202184, -0.12964190925106095, -0.06609578751617766, -0.2539936522098866, 0.43766582821090216, -0.15432785881640554, 0.1010961109024086]], "inverted": false, "swapped": false, "error_lsq": 0.04068221901365262, "error_max": 0.2438776252593413, "target": "393.xyz", "model": "24.xyz", "model_rescale": 4.28219845311461, "target_rescale": 3.9618173027485817},
{"mapping": [1, 0, 14, 11, 9, 5, 6, 3, 8, 13, 4, 15], "R": [[-0.6163135764471137, 0.7394142936140249, 0.2709687765891868], [0.5232848791106925, 0.6416618152511018, -0.5607522181345064], [-0.5884985223270114, -0.20380534155888477, -0.7823892074734867]], "T": [0.06669821324549156, -0.1298927534958529, 0.13711916777429087], "aligned_model": [[0.19399618733224788, -0.13261124275784808, -0.5737618256740994, -0.14256601176184042, 0.5229851771156094, 0.1011241461644456, -0.7082156529328306, 0.7093363754328128, -0.32411389434896765, 0.20605061975561229, 0.47049238533151294, 0.052539404737894924], [0.020392470804208862, -0.6695992289730637, -0.22560105768606806, 0.2876569627753975, 0.2951058611206609, 0.6524577056120333, -0.3472477276305129, -0.01567529639405832, 0.22764815063814914, -0.45588563086511497, -0.6594408922428165, -0.1825832082430797], [-0.47204991876667834, -0.4412810683178341, 0.5381122898484462, 0.4170080561254963, 0.39798708081670287, -0.1975796448774438, -0.2684205345786457, -0.2800329745593264, -0.31163071284679766, 0.6138014599158722, -0.16483713430384603, 0.08702560976043763]], "inverted": true, "swapped": false, "error_lsq": 0.046807435703651, "error_max": 0.2876290234402384, "target": "393.xyz", "model": "25.xyz", "model_rescale": 4.100010024507729, "target_rescale": 3.9618173027485817},
{"mapping": [8, 10, 5, 7, 2, 3, 9, 1, 7, 6, 0, 11], "R": [[-0.1942777660907356, -0.8671288008675995, 0.4586325242595788], [0.9735873049034214, -0.22761029667837193, -0.01792519391460684], [0.11993293681756548, 0.4430363366044632, 0.8884452122187452]], "T": [0.10210239379421218, -0.1629605046643539, 0.03325599085321414], "aligned_model": [[0.123623204996575, -0.10760170315277184, -0.39655532034088936, -0.39496607726743793, 0.45849938712970184, 0.20837117021808266, -0.6633826409171439, 0.7691023963900724, -0.39496607726743793, 0.2842959827606548, 0.4950217990281425, -0.00618645318299825], [0.03171684214646103, -0.5371457584317108, -0.20941023156833066, 0.2968217674832443, 0.30577495142261274, 0.6005101024881685, -0.3155475934103542, -0.10953252561752062, 0.2968217674832443, -0.4402727515150311, -0.7668524891195554, -0.22565597244549307], [-0.5485475965185965, -0.44738103448004213, 0.5930497719240935, 0.02434285500900231, 0.4816147107785034, -0.21951110673521407, -0.2314339109562059, -0.19346630921957442, 0.02434285500900231, 0.5903785554914924, -0.20077026415939242, 0.04548398207331464]], "inverted": false, "swapped": false, "error_lsq": 0.06827381241081944, "error_max": 0.5138790503026017, "target": "393.xyz", "model": "26.xyz", "model_rescale": 3.6694154284099745, "target_rescale": 3.9618173027485817},
{"mapping": [3, 12, 10, 0, 5, 1, 11, 7, 6, 8, 9, 13], "R": [[0.3870823440318324, 0.6991512271208875, -0.6011279568895287], [-0.32269074569601663, -0.5080008362582609, -0.7986274682247388], [-0.8637348792198742, 0.5031130210760445, 0.028971476364945514]], "T": [0.0019386122039485587, -0.10952154018180647, 0.11379997317506144], "aligned_model": [[0.35852338325423627, -0.37796795589879406, -0.2531414904072712, -0.19912407803026436, 0.48020492976228113, 0.19746697493020474, -0.6613277207052273, 0.6022902026647452, -0.21981072127289794, 0.33549216668826953, 0.16572048578893991, -0.053070508379672074], [-0.18406982815158385, -0.30752594669700206, -0.5498217592521769, 0.44551208297798495, 0.43668426043369146, 0.7122155928844742, -0.5972849677811154, -0.08295519926696863, 0.28762167243877307, -0.4145816291460096, -0.7247251257985291, -0.09384104372580288], [-0.6073942268496831, -0.5541806162662866, 0.4346746811703628, 0.4111967029671645, 0.42828217073849295, -0.14342249319470976, -0.12773693822975823, -0.07328482599374339, -0.4002962567044921, 0.5655051434377856, -0.13025653995185874, 0.11501570709310924]], "inverted": false, "swapped": false, "error_lsq": 0.05852552638695957, "error_max": 0.34487323315371454, "target": "393.xyz", "model": "27.xyz", "model_rescale": 4.103607728864725, "target_rescale": 3.9618173027485817},
{"mapping": [11, 6, 0, 2, 4, 13, 9, 8, 10, 1, 7, 14], "R": [[0.8215659682896049, 0.5279356812459919, 0.21520519560571583], [0.5531882848174157, -0.8294942350768557, -0.0769547627832605], [0.13788430399842405, 0.18227240724144864, -0.9735320684339462]], "T": [-0.11741585078424106, -0.004389584535768112, -0.09611312099792571], "aligned_model": [[0.23348265412690555, -0.1805217595582561, -0.3821014658269403, -0.04517273129865475, 0.5482937461058814, 0.2816528221912613, -0.7352437836301788, 0.6982999079494795, -0.5243265952042879, 0.19634014885263157, 0.3815316356600708, -0.09697891097336259], [0.007617808214118255, -0.4373298402606115, -0.32024099460195365, 0.3172857225392828, 0.3527934735103841, 0.4930742028595414, -0.5296965293784699, -0.07967186102806588, 0.1100327225083143, -0.41514914281620807, -0.5244796841858735, -0.04700776844472263], [-0.6866952873640966, -0.5542044242362456, 0.48687157256642266, 0.5616304724617478, 0.4047464229739418, -0.2107713410852224, -0.20776071456058806, -0.06117951817446174, -0.3809050766988994, 0.6357984788882857, -0.12139037520462159, 0.05196229865012089]], "inverted": false, "swapped": false, "error_lsq": 0.04560392564128372, "error_max": 0.24000392528211825, "target": "393.xyz", "model": "28.xyz", "model_rescale": 4.137296879288765, "target_rescale": 3.9618173027485817},
{"mapping": [0, 5, 4, 3, 9, 7, 10, 8, 2, 1, 11], "R": [[0.7130435187969391, -0.38374459943998857, -0.5867785124749559], [-0.026730392452440993, -0.8511869413597855, 0.5241815305577943], [-0.7006100387669433, -0.3580794231161798, -0.6171909755657209]], "T": [-0.06934423235650627, -0.04407987142385731, 0.04133734719993912], "aligned_model": [[0.4107263458859555, -0.020280361065284178, -0.09583886664549196, -0.6014400480672799, -0.0894557907954095, 0.6432397969050747, 0.5506736728513577, -0.2859437926915158, -0.5082126634213215, 0.2502919892910637, -0.03234127153725043], [-0.3341624407201882, -0.7272741891982163, -0.2753957107877446, -0.05547342128234931, 0.605705309782322, -0.061824015655020374, 0.460607023832539, -0.3634638275323491, 0.45034616522633913, 0.14267677236985724, 0.07740615061276218], [0.21785019171783215, -0.28571440517473023, -0.7743157308153886, -0.25227831380956656, -0.26697360682315097, -0.33235678886394837, 0.07567936937000763, 0.3689641777120969, 0.3195419359933359, 0.6704162594785117, 0.06494093299799888]], "inverted": false, "swapped": true, "error_lsq": 0.05406509110138324, "error_max": 0.2542325107945828, "target": "393.xyz", "model": "29.xyz", "model_rescale": 3.607286011436655, "target_rescale": 3.9618173027485817},
