[{"mapping": [3, 10, 7, 9, 5, 0, 8, 6, 2, 1, 11], "R": [[-0.21201588679382655, 0.4130367699453648, -0.8856917581304049], [-0.8556430508837015, 0.3594045941876486, 0.3724289289934972], [0.4721485287718887, 0.8367968477174803, 0.2772125582087318]], "T": [-0.14995120451326943, 0.08555799322375914, -0.1332901404226846], "aligned_model": [[-0.49133236164178146, -0.021550962123750794, 0.633665168258275, 0.13228198398876084, -0.05002628994836719, -0.4922260232677506, -0.09810339110360161, 0.5194069106632471, -0.43981240171988173, 0.14718965458655575, -0.1700024762082073], [-0.24842314194508436, -0.5813055846517874, -0.2155428039416506, -0.09633970486269718, -0.23926482512611874, 0.162879836850556, 0.5586586159881373, 0.321381659016496, 0.8045526984341773, 0.5190952399163382, 0.08079785571175918], [-0.6292216091720012, -0.10946384775675128, 0.3047589437411059, -0.6398610428310159, 0.6238039624854995, 0.3762789667121983, -0.5535175736963869, -0.27992369645394766, 0.08529015562377171, 0.3417186227623653, -0.06690080782786952]], "inverted": true, "swapped": false, "error_lsq": 0.051308545515519, "error_max": 0.26975213231330025, "target": "394.xyz", "model": "0.xyz", "model_rescale": 3.751011558992144, "target_rescale": 3.7120087144869616},
{"mapping": [2, 5, 10, 8, 11, 12, 0, 1, 7, 6, 14], "R": [[-0.2759393628792239, -0.9056701632464818, 0.3218990888755342], [0.6708481997356678, -0.42130919170456865, -0.6102960411936625], [0.6883459602011344, 0.04754072349401206, 0.7238229885023302]], "T": [-0.027917843025792914, 0.00908569305971188, -0.07267417171430446], "aligned_model": [[-0.42504551613086067, -0.08028677996019964, 0.5186595718878242, 0.3061727195824545, -0.03923646478548031, -0.6059973885698373, -0.2925259495509591, 0.27957798610590134, -0.21792601222447144, 0.2856777070849769, -0.05958006195585073], [-0.23652909796583568, -0.5868768071846331, -0.40879021433770435, -0.19458061287427383, 0.08008556330276309, 0.1615346627382552, 0.5262874575133631, 0.5921799685072331, 0.6174854805984121, 0.5166900976075441, -0.0009966525149980865], [-0.7550971253667584, -0.2520403885515048, 0.37351704699354327, -0.6086982233604797, 0.7220345146315835, 0.36841363671475724, -0.5605157477476324, -0.2988000889435733, 0.11014710154970841, 0.3830903998624088, -0.029089052195084314]], "inverted": false, "swapped": false, "error_lsq": 0.04745510361387943, "error_max": 0.24503382129926926, "target": "394.xyz", "model": "1.xyz", "model_rescale": 3.9405287249114394, "target_rescale": 3.7120087144869616},
{"mapping": [5, 9, 3, 11, 4, 2, 0, 6, 1, 7, 12], "R": [[-0.5090458102831976, 0.20085095095770522, -0.8369774540168381], [-0.3680889200597372, -0.9297902933297142, 0.0007465648669034708], [-0.7780635642172041, 0.30846216288100814, 0.5472368628924693]], "T": [0.012170830874231365, 0.03556412725952175, 0.012725517109642003], "aligned_model": [[-0.4251798378127844, -0.07327199250477189, 0.5049507172711076, 0.2216592808589421, -0.05373364328172066, -0.6638572248279834, -0.23331367615022142, 0.3501596716474508, -0.40416854934369284, 0.5181285256430765, -0.07188346001590454], [-0.12163287556184156, -0.7452144282638125, -0.07168279562073805, -0.21939586741362943, 0.022992781903349704, 0.05715482699298731, 0.5956786728305205, 0.3415188795364911, 0.6425450112874397, 0.5345152681744899, 0.030010371524869232], [-0.5459244406275348, -0.17021020454684394, 0.28192016725018354, -0.6187206638721204, 0.7107185567919683, -0.06906407336563417, -0.5608065577794908, -0.28309694055937484, 0.30506446296309464, 0.3648113351142711, 0.038270432218449675]], "inverted": true, "swapped": false, "error_lsq": 0.04967635879186438, "error_max": 0.2874016559484109, "target": "394.xyz", "model": "2.xyz", "model_rescale": 3.932901565614263, "target_rescale": 3.7120087144869616},
{"mapping": [8, 11, 1, 3, 6, 12, 7, 0, 5, 2, 13], "R": [[-0.0971351805030258, -0.29319348539517115, 0.9511058494355277], [0.6626093237014312, 0.6940063104413925, 0.2816098812390254], [-0.742639644008167, 0.6575658303085384, 0.12686030883639618]], "T": [-0.03590445804108242, 0.0856320514260429, -0.11006949090314885], "aligned_model": [[-0.340538244133202, -0.17130250143399095, 0.5686164615363544, 0.22080140045752436, -0.12104885084095393, -0.6249627659485605, -0.2836970253576084, 0.5679605856522015, -0.5145365388524886, 0.4812005992851873, -0.11300330888096521], [-0.22374357911089626, -0.7898766318894836, -0.1862395644075947, -0.06668661371167657, 0.2672187463184498, 0.012094002965370401, 0.5846908803207428, 0.3506129009341416, 0.5417486807798038, 0.48700173836506994, 0.08966928482619888], [-0.7019070540342508, -0.22347413653953305, 0.2207006758432052, -0.524299625664462, 0.5429764227159103, 0.3702765046805655, -0.5564792536011415, -0.2287391481129079, 0.17218684170920281, 0.4053959175117734, -0.023675070921393968]], "inverted": true, "swapped": false, "error_lsq": 0.05302293369836755, "error_max": 0.2664694300195023, "target": "394.xyz", "model": "3.xyz", "model_rescale": 3.9243930471874484, "target_rescale": 3.7120087144869616},
{"mapping": [11, 5, 0, 6, 1, 9, 10, 3, 8, 7, 12], "R": [[-0.5654842365969284, 0.736420495694587, 0.37136563072170303], [-0.8241744263567936, -0.5215096548976939, -0.2208261641833657], [0.031049848628291327, -0.43094377054254684, 0.9018444286742215]], "T": [-0.04231966078767751, 0.20252242771515128, -0.06924133587274173], "aligned_model": [[-0.6159744960868627, 0.1235281042636828, 0.6177300728684585, 0.14087439547844396, -0.03259790262599834, -0.7095406490188736, -0.20765212664498356, 0.5532576409530234, -0.39463471348549933, 0.19118827809196062, 0.00331120769014627], [-0.12727696659610388, -0.535761788310879, -0.24116145432374103, -0.20701015927706895, -0.13170251734332933, 0.11715410432062681, 0.6139934894547927, 0.2447529429151873, 0.6923107318490356, 0.5447017618112349, 0.09648970089037134], [-0.5031613409857948, -0.03677543115437687, 0.2320912300406593, -0.6351384225209549, 0.5619159135519847, 0.14339872150466965, -0.6174059649790965, -0.3798176253764315, 0.11053043524945672, 0.6172760380588439, -0.03995147980199147]], "inverted": true, "swapped": false, "error_lsq": 0.050548155934769315, "error_max": 0.2803689360634994, "target": "394.xyz", "model": "4.xyz", "model_rescale": 3.8936222436046832, "target_rescale": 3.7120087144869616},
{"mapping": [0, 1, 5, 2, 6, 9, 3, 10, 8, 7, 11], "R": [[0.6189323528386623, -0.7827853813633912, -0.0645739059788684], [-0.7827688708069753, -0.6079560834830648, -0.13289956904183461], [0.06477374086132633, 0.13280228642498157, -0.9890237182267808]], "T": [0.007081665410284547, 0.16600485842745213, -0.043058104542249426], "aligned_model": [[-0.5547457365255513, -0.10838526407215908, 0.5026843916687711, 0.23862338329492688, -0.06009500373963096, -0.5836390297366547, -0.2901359905259742, 0.405949542376038, -0.3271501656234148, 0.3297350857984185, 0.11664859856872842], [-0.21839262858498157, -0.6254026861166058, -0.3176866475739415, -0.04806107473899432, -0.13402144172927707, 0.11002301880272052, 0.38886874052083487, 0.5791140152565417, 0.8192763848250855, 0.4701985795025445, 0.04257358522619949], [-0.6081305347576825, -0.10179696557725368, 0.37835774921045706, -0.7196101528435825, 0.6918433462958219, 0.13000557673896332, -0.4815502793632045, -0.30708961924050604, 0.042896664102606286, 0.4292854968311387, -0.0012492078097896264]], "inverted": true, "swapped": false, "error_lsq": 0.04757093238048446, "error_max": 0.23108931957840143, "target": "394.xyz", "model": "5.xyz", "model_rescale": 3.6523030999806103, "target_rescale": 3.7120087144869616},
{"mapping": [5, 7, 11, 3, 9, 8, 1, 2, 6, 10, 12], "R": [[-0.9092653323807033, -0.40958002701518004, 0.0740321335695108], [0.3417760980110808, -0.8362487756041105, -0.42880891330398724], [0.2375408473482604, -0.36459866534433555, 0.9003566843591488]], "T": [-0.04173223194648086, 0.122480565191599, -0.06891934355866765], "aligned_model": [[-0.5748464100600067, 0.03998076574798275, 0.5573380705829047, 0.3067536751818273, -0.1510605896839743, -0.6646198494732095, -0.21162556898284884, 0.3822559811796833, -0.24905182365315176, 0.28573436284399784, -0.05136880219970711], [-0.19426892919526273, -0.5530211909325922, -0.4187739474535892, -0.18225905898024575, -0.14796727449077768, 0.18391442887974174, 0.47372044582021944, 0.6601537838761522, 0.7124008457383563, 0.48881093923732505, 0.0437798028907988], [-0.350632958577097, -0.13087435286463328, 0.2814052606437047, -0.586927101165195, 0.5925699998068925, 0.17995813431089264, -0.643498899651714, -0.3965672326844687, 0.10894889859356162, 0.5370845574311198, -0.13850423225609507]], "inverted": true, "swapped": false, "error_lsq": 0.05139949302927455, "error_max": 0.2763032731700689, "target": "394.xyz", "model": "6.xyz", "model_rescale": 4.08911054899281, "target_rescale": 3.7120087144869616},
{"mapping": [1, 9, 10, 11, 4, 6, 13, 12, 7, 5, 14], "R": [[-0.40121311519814107, 0.5736315160499215, 0.7141252831172357], [0.6896564645264833, 0.7022629991325453, -0.1766370317521046], [-0.6028283313928059, 0.4216320242149918, -0.6773658088703134]], "T": [-0.11185470813308812, 0.03703360582988893, -0.006442022010428719], "aligned_model": [[-0.49083262644721654, -0.19961391208534848, 0.5955885858563414, 0.2588935182753359, -0.0422134202511647, -0.5406955506100459, -0.09522782457474177, 0.4099676201429356, -0.3569902341295226, 0.24419904311260981, -0.11358538780568506], [-0.19690158821412468, -0.7113659806395676, -0.05573222526422253, -0.13810320114332073, -0.04169113822347599, 0.12518008120118462, 0.4776194430211619, 0.4540709856082884, 0.7589466759944824, 0.49768504040832806, -0.10321824735860818], [-0.5891907854353499, -0.2226680357132262, 0.09452027230179198, -0.4264466820029022, 0.69055295314946, 0.23328427432926369, -0.5908239084179607, -0.255004287029385, 0.12786753668675654, 0.4850121585883536, -0.0941414228698338]], "inverted": false, "swapped": false, "error_lsq": 0.04772428978532182, "error_max": 0.2836072835923311, "target": "394.xyz", "model": "7.xyz", "model_rescale": 3.964800864290218, "target_rescale": 3.7120087144869616},
{"mapping": [4, 11, 10, 6, 8, 7, 0, 3, 1, 5, 13], "R": [[-0.9322654970473153, -0.12556426848334407, 0.33928551029385995], [-0.15439075736414154, -0.7100602079669788, -0.6870065466226779], [0.3271766144693857, -0.6928550465588986, 0.6425786702048376]], "T": [-0.12170592015795285, 0.0679097902017122, -0.08948174645280833], "aligned_model": [[-0.4065314062139785, 0.055305583430901153, 0.5622047705317876, 0.12194811971988052, -0.13314954597235668, -0.7352785914975257, -0.11964788006114487, 0.42889220855810534, -0.4389335696907662, 0.43401257628421425, -0.09933245360561926], [-0.33877493188023433, -0.7248331604314745, -0.19752572669456694, -0.11574599139253808, 0.07408063318526845, 0.17143634543421385, 0.6245481202251669, 0.42599584588819006, 0.6962348949766083, 0.39217253303493704, 0.05890128304455469], [-0.5880550854230353, -0.25488690451108104, 0.2805779332442898, -0.5828468099876667, 0.6792110046073099, 0.2564430926504644, -0.5403796357164449, -0.39701836716598854, 0.17069909883349837, 0.4444670800190846, -0.015249332963462314]], "inverted": false, "swapped": false, "error_lsq": 0.04234476829158554, "error_max": 0.20274468368200035, "target": "394.xyz", "model": "8.xyz", "model_rescale": 4.121658175737393, "target_rescale": 3.7120087144869616},
{"mapping": [4, 0, 3, 5, 2, 1, 9, 7, 6, 8, 12], "R": [[0.35339989834194635, 0.764942866134823, 0.5384894830926082], [0.6408792481942627, -0.61730202136141, 0.45630253522972486], [0.6814560155181396, 0.18384946552155065, -0.7083904805554501]], "T": [0.13106355846855355, 0.10110615752324598, -0.0530368017012441], "aligned_model": [[-0.6004419035227299, -0.17438980278719363, 0.531279708250455, 0.20968656237928618, -0.03192706994164901, -0.4906480957150372, -0.23154783276734403, 0.49625397789487286, -0.31028315744976004, 0.22168947313777562, 0.049817952004821725], [-0.11375276295599684, -0.6212109047161904, -0.3703377314855047, -0.14591594444085992, -0.08797377807492038, -0.10186189297202833, 0.5980384921572872, 0.5760795032399024, 0.6218905975279339, 0.6349412541400183, 0.07659301297048504], [-0.5078590978633145, -0.11452296939475222, 0.4371179539015935, -0.6138544286291648, 0.5950598607369498, 0.16424252369346926, -0.6140724964445246, -0.3632741120479523, 0.06603751749099938, 0.434159638082369, -0.03007231593870447]], "inverted": false, "swapped": false, "error_lsq": 0.046246126250419746, "error_max": 0.2191827590605821, "target": "394.xyz", "model": "9.xyz", "model_rescale": 3.833441315466971, "target_rescale": 3.7120087144869616},
{"mapping": [2, 3, 6, 5, 11, 8, 13, 1, 10, 12, 14], "R": [[0.08673109489109176, 0.3363810169096212, 0.9377235886133194], [-0.6023534440528558, 0.7674334206444239, -0.21958204233420897], [-0.7935036519239568, -0.5457964422207682, 0.26918060487801887]], "T": [0.024870713176064766, 0.059484821386762414, 0.007923567685282788], "aligned_model": [[-0.39139450517208907, -0.12608890378498774, 0.6633903410132367, 0.18914606576483603, -0.2055660149426053, -0.7263446574642235, -0.29515194195657607, 0.6207050776442373, -0.4013200449518208, 0.3731076024427698, -0.03099320710927948], [-0.20941718326349995, -0.7791171209461792, -0.13028332070263907, 0.0435952987495292, 0.11693350530704391, 0.15598535031789368, 0.3605052896193445, 0.4471497341910584, 0.7201106988749338, 0.3575961018667484, -0.016568508624108032], [-0.5127156882456054, -0.16024249937350957, 0.140250077348055, -0.6479699702225141, 0.6474043290013372, 0.19210412368000845, -0.6574024571488183, -0.19284061839647765, 0.24810897773183802, 0.3989233000575756, -0.0026575008449207464]], "inverted": true, "swapped": false, "error_lsq": 0.048748578544248626, "error_max": 0.24125720639855258, "target": "394.xyz", "model": "10.xyz", "model_rescale": 4.2482417240324, "target_rescale": 3.7120087144869616},
{"mapping": [4, 0, 1, 6, 8, 10, 5, 2, 7, 3, 11], "R": [[-0.30831597603558336, 0.70458038673184, -0.6391461003198222], [-0.9152569271761563, -0.4028622686482879, -0.0025980291789321486], [-0.2593183683761824, 0.5841818818932725, 0.769080953274978]], "T": [-0.030679724344148653, 0.10143504395452774, -0.032665342682356435], "aligned_model": [[-0.5697972932058606, -0.038669950462084074, 0.49003832087207577, 0.1616429178521365, -0.09536094215063737, -0.516419750557016, -0.308670381201848, 0.6119121539142619, -0.2464301037101278, 0.3279184679852407, -0.1466736278526432], [-0.130676525877747, -0.6559372446573714, -0.2725469693373173, -0.054179948976094766, 0.07668048932180221, -0.2270252293816878, 0.48923176129602686, 0.41894030605288957, 0.7278039130173521, 0.5823711293399118, 0.11182816459236149], [-0.6817539701646749, -0.019904125529969088, 0.26421295709479775, -0.6320634686527487, 0.5773030016133283, 0.23411703737508616, -0.612769704879808, -0.2171195996699787, 0.10758464971602477, 0.5133927537542974, -0.08003745706938675]], "inverted": true, "swapped": false, "error_lsq": 0.04556263268456509, "error_max": 0.3199682865651975, "target": "394.xyz", "model": "11.xyz", "model_rescale": 3.6694154284099745, "target_rescale": 3.7120087144869616},
{"mapping": [0, 1, 8, 4, 10, 12, 6, 11, 7, 9, 13], "R": [[-0.8471089730832466, -0.39092565286225434, -0.35997711268366467], [0.05503330685224819, 0.6092126936258381, -0.7910949557809462], [0.5285619385263698, -0.6899543665050402, -0.4945556078762783]], "T": [-0.09032059815224416, 0.09525073246228993, -0.04666681877222617], "aligned_model": [[-0.4783650415313577, -0.18293414795585744, 0.5829155047510117, 0.24606810457078973, -0.17131755532630066, -0.6460933366677623, -0.14260456298938973, 0.5151121900474614, -0.3039356160168505, 0.38306257853048176, -0.13241830592872833], [-0.13447116552562874, -0.7339312583136415, -0.08001789028534853, -0.19645900111331527, 0.1560939508154459, -0.1595656237474482, 0.4573958651230469, 0.45122435533952154, 0.7301724784933563, 0.5534061630571113, 0.022641971547026407], [-0.6010919480483805, -0.189332339018706, 0.25104430117271737, -0.6377900899837865, 0.5804427274933499, 0.2499032201687335, -0.47791167191797784, -0.2741807033935019, 0.2749048202588149, 0.4123410638837625, -0.13536730702805677]], "inverted": true, "swapped": false, "error_lsq": 0.04605444369884521, "error_max": 0.24626412104477405, "target": "394.xyz", "model": "12.xyz", "model_rescale": 3.9764082729961374, "target_rescale": 3.7120087144869616},
{"mapping": [6, 14, 8, 13, 7, 4, 5, 1, 0, 2, 15], "R": [[0.5284527919454569, 0.7319949816301405, -0.43002441041566686], [-0.11071882673566188, 0.5616266462853883, 0.8199492981816046], [0.8417119389026927, -0.3856926976888695, 0.37783879480295857]], "T": [0.07733908524495048, 0.08209772182526837, -0.15063522238438898], "aligned_model": [[-0.47097245583981473, -0.055127217230703185, 0.5672909991988008, 0.1613888736669919, -0.19379849799844923, -0.6034023889457008, -0.5173175041118361, 0.5978417260271394, -0.20871978688824078, 0.3850567935566399, 0.007249270048670597], [-0.28443708727425715, -0.6980693067395491, -0.128514037300854, -0.2509514121216125, 0.15626354203093484, 0.13872711328395088, 0.5470313872570145, 0.44277704339540086, 0.6391744493958107, 0.48045081017423447, 0.02403734328905187], [-0.5362068672584068, -0.2628855044501427, 0.31330728006533043, -0.657088037195741, 0.5508043979601845, 0.07128340936830121, -0.5153873756576403, -0.10257269861095217, 0.21671171822549756, 0.4681411046517723, -0.09314535351123454]], "inverted": true, "swapped": false, "error_lsq": 0.04655047114439948, "error_max": 0.2763492181065826, "target": "394.xyz", "model": "13.xyz", "model_rescale": 4.170626492500431, "target_rescale": 3.7120087144869616},
{"mapping": [3, 6, 5, 11, 4, 2, 1, 10, 0, 8, 13], "R": [[0.2670359313723143, 0.45075535458004656, 0.8517695825007707], [0.8054029217429789, -0.5897254319802177, 0.05958228363883694], [0.5291672183761895, 0.6701070997931318, -0.5205175595528397]], "T": [-0.02728677687914399, 0.2016091724045025, -0.05525902232699397], "aligned_model": [[-0.3981696454149834, -0.10346947179124404, 0.49669354820592754, 0.3179069618877311, -0.013301464565257545, -0.6004871055842623, -0.350849301573895, 0.4511863665526923, -0.4595682865806874, 0.3115577840807422, 0.017990426266734378], [-0.12529010543168545, -0.6358132141703405, -0.5257228246777885, -0.22355477572657734, 0.08949317022295578, 0.00691423233861263, 0.6554569600320816, 0.46802175311095046, 0.6013298889405885, 0.6407734943201295, 0.11488126643119936], [-0.535942249001994, -0.0754879740870685, 0.09853503900261579, -0.5021779758933923, 0.6449534766240966, 0.20255375998107572, -0.5845452853020088, -0.19096492798557982, 0.040732913115077936, 0.43857835441682136, -0.08327305728267576]], "inverted": false, "swapped": false, "error_lsq": 0.04988331385942531, "error_max": 0.318302488310135, "target": "394.xyz", "model": "14.xyz", "model_rescale": 3.9786697098870705, "target_rescale": 3.7120087144869616},
{"mapping": [3, 9, 1, 0, 7, 8, 2, 4, 5, 10, 11], "R": [[0.8718482224028731, -0.08723366622310413, 0.48194498085385906], [-0.28216969189441216, -0.8937585558371961, 0.34867737070825544], [0.40032604470501665, -0.43998401260169184, -0.8038365048850116]], "T": [0.010506807386577614, 0.014278906975264058, 0.030689006757671437], "aligned_model": [[-0.540160993231829, -0.2467193193822203, 0.6615048447412395, 0.2685155422768002, -0.15363387902275658, -0.4896488295204041, -0.26412656626282954, 0.27253443207838624, -0.40144525834290046, 0.5398880610210564, 0.022781777128955356], [-0.31258658916590953, -0.5397765795505945, -0.15435912539830682, -0.1515081633827004, 0.056640673598379584, 0.14910376100362793, 0.4709969881138726, 0.5462061703732337, 0.6877029525353626, 0.39594262786213713, -0.08187287059897641], [-0.6289117460444525, -0.0887744002226295, 0.12253050549266958, -0.593611983231303, 0.6695468322433874, -0.03171871414604759, -0.6547542955701328, -0.12198594352384393, 0.1771647321616902, 0.5468375134454867, 0.056639572982143435]], "inverted": true, "swapped": false, "error_lsq": 0.05992233515030559, "error_max": 0.2899575880460148, "target": "394.xyz", "model": "15.xyz", "model_rescale": 3.769337070930944, "target_rescale": 3.7120087144869616},
{"mapping": [4, 5, 7, 6, 1, 0, 2, 8, 3, 9, 10], "R": [[0.4065503342183924, -0.09712836536726066, 0.9084508277215657], [-0.6505208607172028, 0.6674070409842148, 0.362478208195258], [-0.6415133946525697, -0.7383318510573542, 0.2081505277330753]], "T": [-0.0007993926679325317, 0.06464131183235228, -0.009394514186204787], "aligned_model": [[-0.42864768995586017, -0.0647964797156868, 0.5009622042765672, 0.18195909611376918, -0.18054055813181716, -0.643892861840688, -0.29543362160111036, 0.49650553979512624, -0.21479646860545157, 0.35850667915321005, -0.040336028004560966], [-0.2901041426574188, -0.6031207833651135, -0.34784474096998425, -0.08167957409547835, -0.1983999061890518, 0.03223370767033573, 0.5643923164309241, 0.4997218607909682, 0.6993850002035771, 0.6881948851600157, 0.10371122241135194], [-0.5563259738446804, -0.01640012517019323, 0.28931447138080457, -0.6998265981879364, 0.7252012096373902, 0.043996980657831204, -0.467614398924053, -0.3627872586114604, 0.16595981361832915, 0.3685734353214885, -0.037129482290551886]], "inverted": false, "swapped": false, "error_lsq": 0.046983823242899514, "error_max": 0.23875817281404815, "target": "394.xyz", "model": "16.xyz", "model_rescale": 3.7852294659196426, "target_rescale": 3.7120087144869616},
{"mapping": [1, 7, 11, 5, 8, 3, 4, 10, 0, 9, 12], "R": [[-0.15992184421590364, -0.9663620101826209, -0.20141864118891345], [0.1304412015299732, -0.2229432408201796, 0.9660649068856668], [-0.9784733500131728, 0.12822159197420469, 0.1617069159485748]], "T": [-0.05840304657780543, 0.019321885610456113, -0.04700624863207118], "aligned_model": [[-0.5469154986620424, 0.21695434040022493, 0.43796454521931544, -0.032062256561397426, -0.06054114238629608, -0.8217941404246745, -0.20568716929427683, 0.5944899059222675, -0.30424727928096057, 0.3702712832115751, 0.021057223339762995], [-0.28164907077095525, -0.5800014186123094, -0.34141059637064813, -0.05652283315675888, 0.08834408330816529, 0.0796034440636377, 0.4721486721152386, 0.449620385995387, 0.6439867989597683, 0.5383888380195284, 0.053981541839072264], [-0.42782933330601014, -0.2845286510040559, 0.35476901776763187, -0.6995112309707628, 0.6006335247170966, 0.1676924768142905, -0.5714506915514196, -0.24150321113112186, 0.07588197299886645, 0.4952756000483218, -0.016467400795868836]], "inverted": true, "swapped": false, "error_lsq": 0.05312411781212259, "error_max": 0.29968013053889514, "target": "394.xyz", "model": "17.xyz", "model_rescale": 3.901054581598922, "target_rescale": 3.7120087144869616},
{"mapping": [2, 5, 10, 8, 11, 12, 0, 1, 7, 6, 14], "R": [[-0.2759393628792239, -0.9056701632464818, 0.3218990888755342], [0.6708481997356678, -0.42130919170456865, -0.6102960411936625], [0.6883459602011344, 0.04754072349401206, 0.7238229885023302]], "T": [-0.027917843025792914, 0.00908569305971188, -0.07267417171430446], "aligned_model": [[-0.42504551613086067, -0.08028677996019964, 0.5186595718878242, 0.3061727195824545, -0.03923646478548031, -0.6059973885698373, -0.2925259495509591, 0.27957798610590134, -0.21792601222447144, 0.2856777070849769, -0.05958006195585073], [-0.23652909796583568, -0.5868768071846331, -0.40879021433770435, -0.19458061287427383, 0.08008556330276309, 0.1615346627382552, 0.5262874575133631, 0.5921799685072331, 0.6174854805984121, 0.5166900976075441, -0.0009966525149980865], [-0.7550971253667584, -0.2520403885515048, 0.37351704699354327, -0.6086982233604797, 0.7220345146315835, 0.36841363671475724, -0.5605157477476324, -0.2988000889435733, 0.11014710154970841, 0.3830903998624088, -0.029089052195084314]], "inverted": false, "swapped": false, "error_lsq": 0.04745510361387943, "error_max": 0.24503382129926926, "target": "394.xyz", "model": "18.xyz", "model_rescale": 3.9405287249114394, "target_rescale": 3.7120087144869616},
{"mapping": [0, 7, 11, 8, 14, 12, 1, 2, 3, 10, 15], "R": [[-0.8126161099906071, -0.4719203352299697, 0.34197405600449704], [-0.4958062837827141, 0.8682039300719998, 0.019951560568259724], [-0.3063187665575007, -0.1533399263204702, -0.9394975679855294]], "T": [-0.0804426924689845, -0.0615006527723681, -0.05551892252985609], "aligned_model": [[-0.38889103357211935, -0.06549360277638216, 0.48601556252451217, 0.15406482035909635, -0.10038965773154665, -0.5725833020236973, -0.29354891881189454, 0.5059399388855697, -0.3485744403654764, 0.34504582145081697, -0.05209537645538065], [-0.054561856199517256, -0.7464046312059851, -0.1433277717754601, -0.32155259567700867, 0.14024661960077728, 0.049850080529525595, 0.4725055196706574, 0.5340641358803333, 0.6931035375567427, 0.4760715680712532, -0.03350476106119237], [-0.6699175976006899, -0.21771822580982858, 0.3822510739810889, -0.7260794111918905, 0.6919027246967918, 0.15787671198415892, -0.3794673259308802, -0.2938113378011331, 0.23449224377531303, 0.3290323339316226, -0.055599116447584834]], "inverted": true, "swapped": false, "error_lsq": 0.044510656967182434, "error_max": 0.27107313610657746, "target": "394.xyz", "model": "19.xyz", "model_rescale": 4.410303926677745, "target_rescale": 3.7120087144869616},
{"mapping": [4, 11, 10, 6, 8, 7, 0, 3, 1, 5, 13], "R": [[-0.9322654970473153, -0.12556426848334407, 0.33928551029385995], [-0.15439075736414154, -0.7100602079669788, -0.6870065466226779], [0.3271766144693857, -0.6928550465588986, 0.6425786702048376]], "T": [-0.12170592015795285, 0.0679097902017122, -0.08948174645280833], "aligned_model": [[-0.4065314062139785, 0.055305583430901153, 0.5622047705317876, 0.12194811971988052, -0.13314954597235668, -0.7352785914975257, -0.11964788006114487, 0.42889220855810534, -0.4389335696907662, 0.43401257628421425, -0.09933245360561926], [-0.33877493188023433, -0.7248331604314745, -0.19752572669456694, -0.11574599139253808, 0.07408063318526845, 0.17143634543421385, 0.6245481202251669, 0.42599584588819006, 0.6962348949766083, 0.39217253303493704, 0.05890128304455469], [-0.5880550854230353, -0.25488690451108104, 0.2805779332442898, -0.5828468099876667, 0.6792110046073099, 0.2564430926504644, -0.5403796357164449, -0.39701836716598854, 0.17069909883349837, 0.4444670800190846, -0.015249332963462314]], "inverted": false, "swapped": false, "error_lsq": 0.04234476829158554, "error_max": 0.20274468368200035, "target": "394.xyz", "model": "20.xyz", "model_rescale": 4.121658175737393, "target_rescale": 3.7120087144869616},
{"mapping": [5, 7, 11, 3, 9, 8, 1, 2, 6, 10, 12], "R": [[-0.9092653323807033, -0.40958002701518004, 0.0740321335695108], [0.3417760980110808, -0.8362487756041105, -0.42880891330398724], [0.2375408473482604, -0.36459866534433555, 0.9003566843591488]], "T": [-0.04173223194648086, 0.122480565191599, -0.06891934355866765], "aligned_model": [[-0.5748464100600067, 0.03998076574798275, 0.5573380705829047, 0.3067536751818273, -0.1510605896839743, -0.6646198494732095, -0.21162556898284884, 0.3822559811796833, -0.24905182365315176, 0.28573436284399784, -0.05136880219970711], [-0.19426892919526273, -0.5530211909325922, -0.4187739474535892, -0.18225905898024575, -0.14796727449077768, 0.18391442887974174, 0.47372044582021944, 0.6601537838761522, 0.7124008457383563, 0.48881093923732505, 0.0437798028907988], [-0.350632958577097, -0.13087435286463328, 0.2814052606437047, -0.586927101165195, 0.5925699998068925, 0.17995813431089264, -0.643498899651714, -0.3965672326844687, 0.10894889859356162, 0.5370845574311198, -0.13850423225609507]], "inverted": true, "swapped": false, "error_lsq": 0.05139949302927455, "error_max": 0.2763032731700689, "target": "394.xyz", "model": "21.xyz", "model_rescale": 4.08911054899281, "target_rescale": 3.7120087144869616},
{"mapping": [12, 7, 0, 13, 8, 5, 14, 2, 11, 1, 16], "R": [[-0.15772217326712124, -0.9830308439624477, -0.09367003724977546], [-0.41341783300078394, -0.020410204597839043, 0.9103126489867153], [-0.896777236228057, 0.18230135316763968, -0.4031833394578891]], "T": [-0.06864546706226607, 0.11066388200755159, -0.0848030299431944], "aligned_model": [[-0.3915642413465118, -0.05456507166172928, 0.5421155584291738, 0.16410563414477666, -0.14265733412306225, -0.7002858552824726, -0.24102377363510097, 0.47052343924394313, -0.3222579663196736, 0.37788176385520034, -0.03278234182104558], [-0.20497458099290164, -0.5951762847891803, -0.2978222543761977, -0.26624376552709494, 0.15935864237873082, 0.09007768172668444, 0.3721691846702697, 0.57246881579097, 0.6552684173830368, 0.4997784280331833, 0.08158556109262587], [-0.6688110195491218, -0.17075411726127387, 0.16053234113524611, -0.5752084909089609, 0.6028837315308373, 0.22878217741708695, -0.6449130923857698, -0.21628277355076148, 0.38951714728660786, 0.4435923555272749, -0.09637618565419706]], "inverted": false, "swapped": false, "error_lsq": 0.0397709852079914, "error_max": 0.2205093377409406, "target": "394.xyz", "model": "22.xyz", "model_rescale": 4.204369325754507, "target_rescale": 3.7120087144869616},
{"mapping": [0, 7, 11, 8, 14, 12, 1, 2, 3, 10, 15], "R": [[-0.8126161099906071, -0.4719203352299697, 0.34197405600449704], [-0.4958062837827141, 0.8682039300719998, 0.019951560568259724], [-0.3063187665575007, -0.1533399263204702, -0.9394975679855294]], "T": [-0.0804426924689845, -0.0615006527723681, -0.05551892252985609], "aligned_model": [[-0.38889103357211935, -0.06549360277638216, 0.48601556252451217, 0.15406482035909635, -0.10038965773154665, -0.5725833020236973, -0.29354891881189454, 0.5059399388855697, -0.3485744403654764, 0.34504582145081697, -0.05209537645538065], [-0.054561856199517256, -0.7464046312059851, -0.1433277717754601, -0.32155259567700867, 0.14024661960077728, 0.049850080529525595, 0.4725055196706574, 0.5340641358803333, 0.6931035375567427, 0.4760715680712532, -0.03350476106119237], [-0.6699175976006899, -0.21771822580982858, 0.3822510739810889, -0.7260794111918905, 0.6919027246967918, 0.15787671198415892, -0.3794673259308802, -0.2938113378011331, 0.23449224377531303, 0.3290323339316226, -0.055599116447584834]], "inverted": true, "swapped": false, "error_lsq": 0.044510656967182434, "error_max": 0.27107313610657746, "target": "394.xyz", "model": "23.xyz", "model_rescale": 4.410303926677745, "target_rescale": 3.7120087144869616},
{"mapping": [4, 15, 13, 5, 11, 10, 3, 0, 1, 7, 16], "R": [[0.4680869623062452, -0.852540437078129, 0.2325282754108509], [-0.23935494027566423, 0.13098085413611477, 0.962056769850619], [-0.8506490511865308, -0.5059830224389021, -0.14274933526657296]], "T": [0.003692500227493716, -0.06170272969931234, 0.00868952833461182], "aligned_model": [[-0.3506071935992936, -0.047260625713290594, 0.619581753895427, 0.21325800576435952, -0.20011807113354324, -0.6343627806891449, -0.3676098611155572, 0.3501137841337491, -0.22832026859878637, 0.3514692465216198, -0.036654177982041805], [-0.04257764445531333, -0.7658353196375612, -0.18279385621124897, -0.2829796185340943, 0.012780747012756333, 0.05876997904319209, 0.5967714170469766, 0.4956546147709239, 0.73022887392359, 0.4061510495155931, 0.0403196029153112], [-0.5812175245642367, -0.09578662003651445, 0.32523966674172583, -0.5415112266490667, 0.603361664313029, 0.05511938099696621, -0.47895515702746844, -0.36511643163391977, 0.24395482508523444, 0.328212724196351, -0.04033922783513177]], "inverted": true, "swapped": false, "error_lsq": 0.04387314521484136, "error_max": 0.20000303866069452, "target": "394.xyz", "model": "24.xyz", "model_rescale": 4.28219845311461, "target_rescale": 3.7120087144869616},
{"mapping": [0, 6, 11, 2, 5, 1, 4, 13, 3, 9, 15], "R": [[-0.42410074625691463, -0.28424995170326467, -0.8598491274526133], [-0.7583031309747092, 0.630524335090664, 0.16557603815899768], [0.49509081851543335, 0.7222472068586825, -0.4829534694010908]], "T": [0.11887344505456102, 0.09435031310647388, -0.02671281736274806], "aligned_model": [[-0.4538843177842222, -0.1547042274241556, 0.4637812368433799, 0.2199035544820252, -0.15457210165804422, -0.48970800296761374, -0.291748336474967, 0.5354318887830046, -0.39797544412591457, 0.32472408308105216, 0.06824147872895323], [-0.1636087587331492, -0.7216904081395531, -0.09324528989607023, -0.13491288599525006, -0.0015164754959467036, 0.09146586294655933, 0.4776558751887906, 0.348147767841266, 0.6349019473582397, 0.5537410688209404, 0.07555114149429923], [-0.5472508413334845, -0.29397660718548924, 0.3505451529255776, -0.6639029984818842, 0.7741103670795139, 0.17202746521021023, -0.49481021282226995, -0.3658033242568264, 0.17507048551555904, 0.4243518479204546, -0.07739926098439265]], "inverted": true, "swapped": false, "error_lsq": 0.04444424322093892, "error_max": 0.24663362125099667, "target": "394.xyz", "model": "25.xyz", "model_rescale": 4.100010024507729, "target_rescale": 3.7120087144869616},
{"mapping": [4, 0, 1, 6, 8, 10, 5, 2, 7, 3, 11], "R": [[-0.30831597603558336, 0.70458038673184, -0.6391461003198222], [-0.9152569271761563, -0.4028622686482879, -0.0025980291789321486], [-0.2593183683761824, 0.5841818818932725, 0.769080953274978]], "T": [-0.030679724344148653, 0.10143504395452774, -0.032665342682356435], "aligned_model": [[-0.5697972932058606, -0.038669950462084074, 0.49003832087207577, 0.1616429178521365, -0.09536094215063737, -0.516419750557016, -0.308670381201848, 0.6119121539142619, -0.2464301037101278, 0.3279184679852407, -0.1466736278526432], [-0.130676525877747, -0.6559372446573714, -0.2725469693373173, -0.054179948976094766, 0.07668048932180221, -0.2270252293816878, 0.48923176129602686, 0.41894030605288957, 0.7278039130173521, 0.5823711293399118, 0.11182816459236149], [-0.6817539701646749, -0.019904125529969088, 0.26421295709479775, -0.6320634686527487, 0.5773030016133283, 0.23411703737508616, -0.612769704879808, -0.2171195996699787, 0.10758464971602477, 0.5133927537542974, -0.08003745706938675]], "inverted": true, "swapped": false, "error_lsq": 0.04556263268456509, "error_max": 0.3199682865651975, "target": "394.xyz", "model": "26.xyz", "model_rescale": 3.6694154284099745, "target_rescale": 3.7120087144869616},
{"mapping": [10, 9, 3, 8, 6, 2, 4, 5, 0, 1, 13], "R": [[-0.4946956193806496, -0.47652739865505395, 0.7267722356396418], [0.7463252471519827, 0.19553359958741015, 0.6362116290165741], [-0.44528066388417087, 0.8571395742604807, 0.2589148134183027]], "T": [-0.027468754488553782, -0.008498929884714776, -0.07204340839238743], "aligned_model": [[-0.41835622336967504, 0.07097900340836251, 0.4525147741488541, 0.14451438831733668, -0.06247751682888979, -0.6286090383346575, -0.45308099113679784, 0.46441477178343726, -0.18364281004606983, 0.3610467745976448, -0.07781332105604766], [-0.20161653453347578, -0.6662366431337564, -0.4677831513631452, -0.04324379846231726, 0.06660049377568339, 0.1621390777581545, 0.43633108847977714, 0.600176966034508, 0.6279618044822862, 0.5443428835968933, 0.00781765875551782], [-0.48653502150304145, -0.22221888909860876, 0.38785335879703037, -0.6865121098965269, 0.6093704856027861, 0.195618086201775, -0.6165716894449434, -0.18841673020762742, 0.014332173301037074, 0.4963475368389624, -0.050305127003874656]], "inverted": true, "swapped": false, "error_lsq": 0.04745725769629817, "error_max": 0.26943041792531996, "target": "394.xyz", "model": "27.xyz", "model_rescale": 4.103607728864725, "target_rescale": 3.7120087144869616},
{"mapping": [5, 7, 13, 6, 2, 0, 9, 10, 3, 12, 14], "R": [[0.44090955530477405, -0.555837501635278, 0.7047293351470469], [-0.5477347997020375, -0.7886432697524112, -0.2793356086674135], [0.7110452540002747, -0.2628430422325801, -0.6521718959857186]], "T": [0.10828469034239321, 0.023386052196076867, -0.06059287731070251], "aligned_model": [[-0.40927520082988567, -0.10179761057244377, 0.6032885286470319, 0.1454896376686203, -0.14437679043997595, -0.5791963236317642, -0.2886306078875409, 0.2999682985080662, -0.2145642663658042, 0.3811183658358308, -0.022534219448636983], [-0.23657861628466326, -0.6340264020519946, -0.16698702948439337, -0.1036203213166848, 0.11097763340943799, 0.18160606638950416, 0.39413660377640203, 0.42801749146916895, 0.6144852993376431, 0.4821106166034536, -0.0036314964577479764], [-0.5074603527139887, -0.269771120455726, 0.31169978013617383, -0.6800704280205397, 0.6248344326656982, 0.04907946886344916, -0.6730683466863489, -0.3041212514647771, 0.2709204463248807, 0.6120341936957652, 0.01888525124238158]], "inverted": false, "swapped": false, "error_lsq": 0.045763227594153195, "error_max": 0.20871128433340033, "target": "394.xyz", "model": "28.xyz", "model_rescale": 4.137296879288765, "target_rescale": 3.7120087144869616},
{"mapping": [3, 4, 6, 8, 5, 2, 7, 9, 1, 0, 10], "R": [[0.516798254734633, 0.447249837439133, 0.7299911963947967], [0.08045595790765755, -0.874285905396718, 0.4786971845141797], [0.8523182520281956, -0.18865772853321033, -0.4878133441433218]], "T": [-0.024270924265648905, 0.0973611313940845, -0.07688786909687986], "aligned_model": [[-0.4582169475425085, 0.12068985963179533, 0.4542126970832607, 0.02603820260785651, -0.19119512250866455, -0.7439302876317484, -0.16620661995246444, 0.6912824151276117, -0.3974309376590549, 0.2998412722934931, 0.03440528003392112], [-0.2625257194045766, -0.6622057636175119, -0.22133308440166197, 0.029733004315743022, 0.005206755542243924, -0.03305522812275777, 0.6832935540330942, 0.2241037894709812, 0.6590896568204154, 0.6041797761518578, 0.04000310460229864], [-0.461648870846056, -0.03596763067504519, 0.3539662174291196, -0.7919048662073599, 0.5687451772103598, 0.2009629001229016, -0.4648951874223868, -0.36448817047994864, 0.25803247071011914, 0.2817295980386244, -0.09156956429335929]], "inverted": false, "swapped": false, "error_lsq": 0.061763302741139926, "error_max": 0.3475900537434989, "target": "394.xyz", "model": "29.xyz", "model_rescale": 3.607286011436655, "target_rescale": 3.7120087144869616},
{"mapping": [1, 9, 10, 11, 4, 6, 13, 12, 7, 5, 14], "R": [[-0.40121311519814107, 0.5736315160499215, 0.7141252831172357], [0.6896564645264833, 0.7022629991325453, -0.1766370317521046], [-0.6028283313928059, 0.4216320242149918, -0.6773658088703134]], "T": [-0.11185470813308812, 0.03703360582988893, -0.006442022010428719], "aligned_model": [[-0.49083262644721654, -0.19961391208534848, 0.5955885858563414, 0.2588935182753359, -0.0422134202511647, -0.5406955506100459, -0.09522782457474177, 0.4099676201429356, -0.3569902341295226, 0.24419904311260981, -0.11358538780568506], [-0.19690158821412468, -0.7113659806395676, -0.05573222526422253, -0.13810320114332073, -0.04169113822347599, 0.12518008120118462, 0.4776194430211619, 0.4540709856082884, 0.7589466759944824, 0.49768504040832806, -0.10321824735860818], [-0.5891907854353499, -0.2226680357132262, 0.09452027230179198, -0.4264466820029022, 0.69055295314946, 0.23328427432926369, -0.5908239084179607, -0.255004287029385, 0.12786753668675654, 0.4850121585883536, -0.0941414228698338]], "inverted": false, "swapped": false, "error_lsq": 0.04772428978532182, "error_max": 0.2836072835923311, "target": "394.xyz", "model": "30.xyz", "model_rescale": 3.964800864290218, "target_rescale": 3.7120087144869616},
