[{"mapping": [1, 3, 6, 12, 14, 11, 9, 4, 7, 5, 10, 15], "R": [[-0.2900831200282252, 0.048953861837878726, 0.9557485563085346], [-0.9108935839668844, -0.3203781280078722, -0.2600590967109901], [0.2934700362262814, -0.9460239819927025, 0.13752804561985077]], "T": [0.016398689634479803, -0.022295820008867276, -0.1474441977081401], "aligned_model": [[-0.20368102608008964, -0.008925174806472917, 0.4247508397883318, -0.30241492690519195, -0.1254959676059871, -0.6035895307619493, 0.5317480734814742, -0.22398943238230298, 0.7485557537711786, 0.19704576236342963, -0.6172697331493289, 0.020907824747457324], [-0.259034715705489, -0.6428513107337314, -0.3170704640134469, 0.5664847518801057, 0.348717182284542, -0.5491374968529745, -0.19400485689294283, -0.49099152455768974, 0.08636433944786896, 0.31917125229248433, 0.12460191685304574, 0.06130596197528475], [-0.5157933526470646, -0.05828214542712527, -0.3655650629328393, 0.02082498721983822, -0.6512293591304236, -0.006723690490985534, 0.5570728252919616, 0.5700165473725303, -0.027314733693421536, 0.4069059939524061, 0.3408043261453014, -0.08876459030661595]], "inverted": true, "swapped": true, "error_lsq": 0.042286642906556975, "error_max": 0.2229118420433071, "target": "395.xyz", "model": "0.xyz", "model_rescale": 3.751011558992144, "target_rescale": 4.112666217080544},
{"mapping": [10, 12, 11, 4, 14, 1, 8, 5, 13, 6, 0, 7, 9, 3, 15], "R": [[-0.32927324566064625, -0.6940287923996454, 0.6402368038565056], [0.9081380398917852, -0.0470837715183616, 0.4160149263681693], [-0.25858157357710215, 0.7184059811693501, 0.645777373424072]], "T": [-0.0011219304667571886, 0.03614695385402652, 0.042881961514191616], "aligned_model": [[-0.05922127440051645, 0.10268965862271251, -0.5149083377329119, 0.13513946500272406, -0.2911255169824666, -0.47224735397988293, 0.3162676293039032, 0.6012346136919069, -0.4608774470526724, 0.027665620724461375, -0.08384177717549121, 0.6084487186322354, 0.7413644166136801, -0.18118480350572663, 0.06968259932707857], [-0.00279892311488842, -0.4857925241515892, 0.49107829080308946, 0.7000160105138465, -0.5095427134592538, 0.08935087870567926, -0.5399537984441394, -0.05014218377990292, -0.3497791755020356, 0.28095488077980213, -0.29130982061358945, 0.07693054598504406, 0.5215816918423951, 0.6367533248930858, -0.018589134630437862], [-0.7674321264017997, -0.3969151937645595, -0.41625942565534935, -0.534112614816725, 0.21523316484327198, 0.1668644749942747, 0.3504474923892369, -0.25081522911129517, -0.37503607007317447, 0.5332498203104113, 0.8114667791474044, 0.4776835338581986, -0.024053500158765326, 0.06589577402335983, -0.006550474732512766]], "inverted": true, "swapped": true, "error_lsq": 0.04339536057181277, "error_max": 0.3462849800800272, "target": "395.xyz", "model": "1.xyz", "model_rescale": 3.9405287249114394, "target_rescale": 4.112666217080544},
{"mapping": [10, 4, 5, 6, 2, 12, 1, 3, 7, 8, 0, 14, 15], "R": [[0.7780053551012833, 0.3552297127160098, 0.5181886901867188], [0.6252652879419069, -0.35739952090223887, -0.6937642987022137], [-0.0612453029109193, 0.8637577401462468, -0.5001715497794716]], "T": [-0.04840500663456576, 0.02075427011293223, 0.08103414731542008], "aligned_model": [[-0.3886670837663293, 0.3051054977427906, -0.3436513907926723, 0.3589034258248703, 0.6489603226233325, -0.7096377291186249, 0.12849163361504634, 0.5351016080655822, 0.05330036799796489, -0.5047193574001354, -0.03202329757479422, -0.42590206357373933, -0.12927865435935998], [0.7346839376001089, 0.6624477349716793, 0.007531472583853817, -0.34322886660526425, -0.1813092793359934, 0.20557209789420475, 0.11847673666572411, 0.2510037145098687, -0.5889633304954421, -0.543880297721846, -0.7088772309586577, -0.17354126607070014, 0.01891717053448113], [-0.10877466417962922, -0.42440808860618, -0.5265775639054453, 0.13429199332792585, -0.36528099875587516, 0.008695639092839297, 0.527486142661078, 0.06741391596502605, -0.3434567821779208, 0.0672579604770869, 0.49595901561428424, 0.5620013469401057, 0.018512433135348824]], "inverted": true, "swapped": true, "error_lsq": 0.04627121579130467, "error_max": 0.24290257960762648, "target": "395.xyz", "model": "2.xyz", "model_rescale": 3.932901565614263, "target_rescale": 4.112666217080544},
{"mapping": [3, 9, 4, 6, 11, 13, 10, 1, 0, 14, 5, 7, 12, 15], "R": [[-0.31512257271467975, -0.904716703380364, 0.28668004951556625], [-0.20069129948609316, 0.3587636173682658, 0.9115984144147136], [-0.9275886838875648, 0.22973104595897081, -0.2946232849696925]], "T": [-0.010582960557000112, -0.03913211294512031, 0.07349578481634035], "aligned_model": [[-0.2588631436400096, 0.6342559789974407, 0.2527793655145273, -0.20264596039454816, -0.3613506135419705, -0.22317331136231003, 0.25170959666840353, -0.4958999772459606, -0.3402083776419274, -0.2742271395286688, 0.6640082633359597, 0.37555280123495044, 0.31790102498892975, 0.07997140466788748], [0.01754924939751551, 0.28569647193346054, -0.38329855112095623, 0.4570001873212003, -0.575549117740568, -0.6682965377049281, -0.7973514887547991, -0.10696780616722329, 0.5591847095268607, -0.09879183742565012, -0.07712521440036182, 0.6030772908181036, -0.4866082582426896, -0.06502245908947568], [-0.4999363912927556, -0.4461986917332399, -0.703937029927504, -0.061355339967710185, -0.44705071418964737, 0.37997100867289885, -0.05994794394029877, 0.06828061597100421, 0.5615093076199096, 0.6553176601894626, 0.0689718226050107, 0.10103376089177817, 0.48396207228807325, 0.11327622587011593]], "inverted": true, "swapped": true, "error_lsq": 0.043097780066046275, "error_max": 0.3104536432712931, "target": "395.xyz", "model": "3.xyz", "model_rescale": 3.9243930471874484, "target_rescale": 4.112666217080544},
{"mapping": [6, 7, 0, 1, 14, 2, 3, 8, 12, 5, 10, 4, 15], "R": [[0.46745744599843403, -0.6089272543068466, 0.6408518823745051], [0.6429275868920058, 0.7317303267067896, 0.22630697512625972], [-0.6067352422546788, 0.3062324736860875, 0.733548919886231]], "T": [0.08516882983069134, -0.09228716692445406, -0.026180839142465773], "aligned_model": [[-0.039737090051832916, -0.29525603918380555, 0.48808407471099563, 0.3846756697724561, 0.6997624115086151, -0.6265746976402488, -0.22155606196057415, 0.3287753612228117, 0.3268247787708869, -0.3041493109329248, 0.03557209402714788, -0.5685649089223908, 0.06934960499021627], [-0.481210634223018, 0.011931862741957164, -0.3176602361074857, -0.4599420757654505, 0.005110589714408309, -0.4935021765741395, -0.5939227237269331, 0.30536002949924507, 0.5256184351764353, 0.45787551870963283, 0.3090639171185222, -0.1495114577232174, 0.008618504841630598], [-0.39272869262470267, -0.6639169897828319, -0.7273651367494467, 0.09745979650010224, -0.18229822079951682, -0.2686534297883842, 0.19282120571800232, -0.5827393089116777, 0.16464439963765043, -0.07403129320436119, 0.6794810539116352, 0.5751257488469552, -0.030728817382460624]], "inverted": false, "swapped": true, "error_lsq": 0.04926215519319565, "error_max": 0.31033142397639885, "target": "395.xyz", "model": "4.xyz", "model_rescale": 3.8936222436046832, "target_rescale": 4.112666217080544},
{"mapping": [10, 13, 11, 4, 1, 14, 8, 6, 9, 5, 3, 15], "R": [[0.29227529285017106, -0.7186069039914381, 0.631014477429153], [0.5757058840026402, 0.6590826669087679, 0.4839140143715255], [-0.7636346563076387, 0.221842637282075, 0.6063398023960231]], "T": [-0.1380951620349803, 0.0059019365218777355, 0.09909594353772655], "aligned_model": [[-0.05746252589950934, -0.6486516208471044, -0.2122577857376591, 0.45110172418053207, -0.5110207014763287, -0.7103049138568046, -0.26245455939256995, -0.0677431034617828, 0.7457580571968455, 0.35336526795813117, 0.049847094733821484, -0.10262889118247394], [-0.5177719107995571, -0.37283544994692613, 0.20191914347457263, 0.052472837864946886, 0.28061795463790445, -0.1647290261081292, -0.30445206954955784, 0.47829751431960055, 0.049370339923863776, -0.4441214902209728, 0.4975584166115429, -0.08740335509748039], [-0.5179658976054018, -0.26264939220662853, -0.6995447559421424, -0.5664040292819741, -0.06096384957639597, 0.3337133022420614, 0.7436422152953429, 0.3694906310989676, 0.1903494433899508, 0.21082249579495738, -0.24241818567577134, 0.1212127417425523]], "inverted": true, "swapped": true, "error_lsq": 0.04887889131417375, "error_max": 0.23620997673441407, "target": "395.xyz", "model": "5.xyz", "model_rescale": 3.6523030999806103, "target_rescale": 4.112666217080544},
{"mapping": [11, 4, 2, 1, 6, 10, 9, 14, 5, 8, 7, 0, 15], "R": [[0.1738970385062699, 0.9824600171541829, 0.06732113109679438], [0.10658462505824279, -0.0867386041899337, 0.9905130651558192], [0.9789788239282516, -0.16507189111591625, -0.1197987189558904]], "T": [0.11590476889159641, -0.16411522702069778, 0.005785561159478793], "aligned_model": [[0.21366868674735567, -0.2925964589349965, 0.17741352973979743, 0.5385680826093805, 0.4754333326935834, -0.4198116911917106, -0.3802181847268967, 0.3629233195391793, -0.5222505169097389, 0.031155021381923304, 0.003567948959824499, 0.669066953992105, 0.024162880764488026], [-0.5219074966038237, -0.05097193590763044, 0.6067564276143851, -0.37925904724932347, 0.2500293898608049, -0.6678870054604561, 0.5375833181622889, -0.5404594320524118, 0.027268807311591453, -0.08128701988899342, 0.4977177960461272, 0.03593271135380727, -0.17268960902318306], [0.7434689046299296, 0.7884332315330982, 0.3640017731022177, 0.12919684833944595, -0.015279320711208147, 0.35323786841471905, 0.23577335008967862, -0.45130426094165904, -0.10676329024377892, -0.7105814771894173, -0.3283544894311998, -0.5932015450518914, -0.038517853058145195]], "inverted": true, "swapped": true, "error_lsq": 0.04899829172410889, "error_max": 0.23930243386620786, "target": "395.xyz", "model": "6.xyz", "model_rescale": 4.08911054899281, "target_rescale": 4.112666217080544},
{"mapping": [0, 8, 14, 6, 3, 11, 1, 13, 2, 7, 4, 5, 10, 12, 15], "R": [[-0.6737020867700098, 0.024525384571154607, -0.7385959678967734], [0.7176843393373268, -0.21661639609413974, -0.6618206146782765], [-0.17622340182756457, -0.9759486884333745, 0.12833343365427796]], "T": [0.011612844596706173, -0.06803425699134069, -0.06049582320069534], "aligned_model": [[0.11596861451558832, 0.36898040594580506, 0.5423715589913493, -0.36120990563275135, -0.49938042985426, -0.13838229383169057, 0.053592497994072306, 0.609166825436042, -0.8241362115523897, -0.31330297683699193, -0.47130483518796973, 0.013293712207462343, 0.29408161634033614, 0.5894969588169788, 0.057098002447973716], [-0.7432006465813524, -0.6889349321199634, -0.26366597542471953, -0.3649480215915426, 0.23826676115586976, 0.7226212705055848, 0.09737626626105425, 0.3382987777291512, -0.21518401615284988, -0.6971461382191951, 0.5626548024206306, -0.1826841847038059, 0.569318359751055, 0.015279069865705208, -0.08729257672650843], [-0.5484029390876807, 0.057806936499123954, -0.36316337734283355, -0.33264595535563574, -0.25733546985203687, -0.24519856364625486, -0.5198851498582565, -0.17359886628394217, 0.018344227561099255, 0.1863645317024608, 0.341043537622639, 0.6053794129398906, 0.3584245404661977, 0.307917046581563, 0.029020120135746716]], "inverted": true, "swapped": true, "error_lsq": 0.04045134586160391, "error_max": 0.25371123439538035, "target": "395.xyz", "model": "7.xyz", "model_rescale": 3.964800864290218, "target_rescale": 4.112666217080544},
{"mapping": [10, 11, 4, 12, 9, 13, 5, 3, 1, 6, 14, 7, 2, 15], "R": [[-0.8536619775600859, -0.2614189543589294, -0.4504679326767752], [0.2500117643828022, 0.5530617204123034, -0.7947432611131607], [0.45689752214079904, -0.7910643865808064, -0.40676994793756693]], "T": [-0.05381840333123608, -0.056002643658099975, 0.21092989291952252], "aligned_model": [[-0.28974736695470094, 0.34953387026978044, 0.40451022663671254, -0.6813637696842864, 0.2609631075623804, -0.448336339080851, -0.31646466480164614, 0.5542475514890303, 0.11075603749018034, 0.300317069233496, -0.4774523471933201, -0.009031310372554141, 0.6341718324995043, -0.130916007632853], [-0.2640013871856411, -0.5808686437651301, 0.058723205632256546, -0.1018481668178407, 0.7187484777542615, -0.6297382711916113, 0.4670743954277304, -0.14955570855987022, -0.48606203784534335, 0.09233415841020215, -0.37836617556389923, 0.6221117261387742, 0.44538611551295976, -0.002989221765646137], [-0.5391202940600277, -0.2826006860259293, -0.543380971285212, -0.07315496006698036, -0.09252770996081433, -0.01301791695452606, -0.12662693764756472, 0.08770690244304499, 0.3786369495644378, 0.6031091138800106, 0.5689805393349572, 0.527863801995525, 0.2512292435096291, 0.16971796399847122]], "inverted": false, "swapped": true, "error_lsq": 0.050729833727868476, "error_max": 0.32901474975046924, "target": "395.xyz", "model": "8.xyz", "model_rescale": 4.121658175737393, "target_rescale": 4.112666217080544},
{"mapping": [2, 6, 1, 11, 7, 5, 14, 12, 13, 8, 4, 10, 15], "R": [[-0.04898290955905238, 0.3432567106225826, -0.9379634881932741], [0.8560451378479672, -0.4693854425390638, -0.2164810114057633], [-0.514574966878476, -0.813542953349712, -0.2708513734819218]], "T": [-0.046274000270023416, -0.07559326414919637, -0.12374441619377047], "aligned_model": [[-0.7703283442913633, -0.35021617920257264, 0.2743421472269923, 0.3303407213504467, -0.716744188965588, -0.40112900203922847, 0.37860257458819296, 0.2560144366045129, 0.6507140867952133, -0.15418554900346623, -0.2577711259556209, 0.29981331669791916, -0.06271539737024048], [0.177974945650822, -0.24709694767110202, -0.07981505613070042, 0.6164634845460977, -0.4080390696974418, 0.011250905759280588, -0.5556312071759655, -0.14857468683076216, -0.013987331498849231, -0.7291583821062735, 0.7854358831584198, 0.46817422078644794, -0.08660931937826383], [-0.4949502350627075, -0.5473313842815816, -0.4943506066244191, -0.37066265182194214, -0.07639890545823108, 0.4446509384828529, -0.0986904766869011, 0.49262772415381323, 0.08928588453411967, 0.17363160750699208, -0.04557916359113516, 0.372281518142561, -0.023438815334332466]], "inverted": true, "swapped": true, "error_lsq": 0.0514631346490313, "error_max": 0.2614500914870072, "target": "395.xyz", "model": "9.xyz", "model_rescale": 3.833441315466971, "target_rescale": 4.112666217080544},
{"mapping": [9, 2, 12, 14, 0, 7, 6, 1, 10, 13, 4, 11, 3, 5, 15], "R": [[-0.9828321710999203, 0.12176501268307191, 0.13861531350218406], [0.040615592529313696, -0.5900765765628675, 0.8063250011225868], [0.17997582363892708, 0.7981120945569852, 0.5750006847190289]], "T": [-0.1403947298016888, 0.07986385912679277, 0.03917700307737729], "aligned_model": [[0.053096339853427904, 0.2030531697941271, -0.42356873929054406, -0.5783355695968533, -0.7199019678938392, -0.4934219805395571, -0.1554579840358184, 0.005338716911179431, 0.19526883022155103, -0.13389649806959436, 0.6217504650620755, 0.6084276588529935, 0.4135967551344397, -0.28379562047715334, -0.18830855763190235], [-0.7860291757527696, -0.5612524983453978, 0.23193013335530366, 0.5479260661137507, 0.22003530744101235, -0.5301423739298915, -0.0866656502329639, 0.4777307005382873, 0.2183776647302203, 0.6898178432521425, -0.26029307001893853, 0.40623634301962774, 0.0018574410116222878, -0.40985532024514243, 0.041428128358115414], [0.10401275391624595, -0.40507365423708297, 0.650165980975999, 0.012534523398498837, -0.5518529962939172, -0.21686252670533743, -0.48356700885767, -0.20704489879836926, 0.766944229808093, 0.44276528798014925, 0.3484341758336523, 0.1595756702162303, -0.24488059688619987, 0.48206363784347794, 0.1209073296283228]], "inverted": false, "swapped": true, "error_lsq": 0.048046393448732995, "error_max": 0.27366281998840175, "target": "395.xyz", "model": "10.xyz", "model_rescale": 4.2482417240324, "target_rescale": 4.112666217080544},
{"mapping": [1, 11, 10, 4, 8, 5, 12, 9, 3, 7, 6, 15], "R": [[0.48319060023000904, -0.8545377352575814, 0.19050486311432435], [-0.7843823520892002, -0.32586059479635837, 0.5277870768501041], [-0.38893594534367437, -0.40445040707088853, -0.82773709512128]], "T": [-0.20103922896274717, 0.044682440231680186, -0.030142114877526223], "aligned_model": [[-0.5096051206278954, 0.050061469410932424, 0.24392991250661455, 0.6006743741112324, -0.5356284254124452, 0.2665267576832233, -0.1638822618905621, 0.5239734847013294, 0.019997501150132185, -0.1071471043711247, -0.3503419071859118, -0.16179307771251822], [-0.32976403825645295, -0.7371491792580097, -0.2353421046280232, -0.33882100097543516, 0.675935417709099, 0.49030436438574876, 0.243090585207186, 0.4027842482595154, -0.3830065158335479, 0.6610838565614193, 0.10327813826300625, 0.11373761861613321], [-0.09897823328646574, 0.056099204013560715, 0.5904140498567154, -0.07905471682653173, 0.09945153187035, 0.1682020561754319, 0.6300644969696383, -0.400996367365895, -0.4325165767247025, -0.44670621298159946, -0.5550188009451053, 0.03423185909895985]], "inverted": true, "swapped": true, "error_lsq": 0.04785693518702314, "error_max": 0.26898620371010984, "target": "395.xyz", "model": "11.xyz", "model_rescale": 3.6694154284099745, "target_rescale": 4.112666217080544},
{"mapping": [4, 11, 1, 13, 10, 9, 5, 7, 14, 8, 6, 12, 3, 15], "R": [[0.47889462635494495, 0.3207723977911401, 0.8171688966570374], [0.018423222459968552, -0.9343188801064906, 0.355961816984271], [0.8776790539385955, -0.15541331697083016, -0.4533499522284921]], "T": [-0.0034022411950119097, 0.1466724250677165, 0.03785786383026037], "aligned_model": [[-0.16124718411927014, 0.015609077485234449, -0.05515950955570041, 0.6205854852460915, 0.548486608965955, -0.4358329203263834, 0.16239629088385799, -0.3972801812155214, 0.3432941400715533, 0.19385209905827205, -0.5045592919684933, 0.6572841672292009, -0.4485878706892563, 0.059423939190269726], [-0.36793794502358634, 0.2939877160207153, 0.6008831344220917, 0.44093342736447017, -0.156123726416304, -0.6307200890854253, -0.4905491417304233, -0.1983690518928956, 0.5898881631605615, 0.1279582100852455, 0.28926055447809385, -0.03088643780820871, 0.1882327597671296, 0.07442971479478933], [-0.670995558527785, -0.7743530581937951, -0.1387074289894679, -0.20508116814065366, -0.4771512854943004, 0.046678473826021825, 0.1895047659202642, 0.5746060659557413, 0.3459903989785601, 0.7364029723531144, 0.21028325912036164, 0.13051595823684686, -0.4023270752776662, 0.07372913988517285]], "inverted": false, "swapped": true, "error_lsq": 0.04277902773041992, "error_max": 0.28108504246928334, "target": "395.xyz", "model": "12.xyz", "model_rescale": 3.9764082729961374, "target_rescale": 4.112666217080544},
{"mapping": [11, 1, 13, 12, 5, 4, 13, 14, 3, 6, 0, 9, 7, 2, 8, 15], "R": [[-0.7180739954486633, 0.6502146823680841, 0.2481745432016842], [0.41915784815209806, 0.6887056763383902, -0.5916005322105309], [-0.5555865687657469, -0.3207886503794237, -0.7670842237947878]], "T": [-0.08220990137042106, 0.04338304115768422, -0.024223257773506344], "aligned_model": [[0.36376069216615514, -0.27406885110904383, -0.2511018454675067, -0.5987662608161635, -0.6673850403406295, 0.04309107755678432, -0.2511018454675067, 0.3366471329429893, 0.7539478214705245, -0.1438279475435334, -0.16651281445414398, -0.5623118928136364, 0.4010359643243801, 0.13388958866885242, 0.4125749777403293, -0.00151994928292698], [-0.49391545568667883, -0.4079867882299935, -0.1562335516371722, -0.319563316682008, 0.6437090157186086, 0.7489870442599067, -0.1562335516371722, 0.04501300726275587, 0.02994684498222703, 0.47514058858217956, 0.4544249706170799, 0.1517040001071263, 0.4154793919031852, -0.11618266208346267, -0.40400478740196927, 0.11151120373928503], [-0.40233072098843997, 0.37923429734812836, -0.5774946859956569, -0.11724478106425396, -0.025862414078385607, 0.023592819702912295, -0.5774946859956569, -0.7049318353540597, -0.11963383621945467, -0.6514771476195753, 0.5682676574092976, 0.32112840963546124, 0.42192855268315127, 0.726842192543604, 0.2096247503612374, -0.04511248630025627]], "inverted": false, "swapped": false, "error_lsq": 0.04519279888739371, "error_max": 0.3285179536729215, "target": "395.xyz", "model": "13.xyz", "model_rescale": 4.170626492500431, "target_rescale": 4.112666217080544},
{"mapping": [12, 10, 5, 4, 8, 2, 9, 13, 14, 11, 1, 3, 6, 15], "R": [[-0.6652411673086187, 0.5870203582855903, -0.4613689285984958], [-0.2899126846126022, 0.3663590418169975, 0.8841559182517785], [0.6880442025179638, 0.7219336198274665, -0.07353246863957935]], "T": [0.09695801803516217, 0.11756511732412085, 0.08879593663811283], "aligned_model": [[0.3465737499638356, -0.0825445738292407, -0.21022859810364836, -0.6864642595215873, 0.5089359709957915, -0.5709885816546867, -0.6818733994714254, 0.513635082264362, 0.7377156433070942, -0.1650408836127396, 0.3177133080236542, -0.3038527266756594, 0.026431318948896984, 0.09317097145699643], [-0.2855490979967516, -0.6461760443510157, 0.08834359901133944, -0.2935521719385126, 0.476154810920334, 0.6057783877526456, 0.401476023064995, -0.4833069985553545, 0.1085117178514693, -0.46938934104710345, 0.043052084775554875, 0.11758214236303156, 0.5964664118485722, 0.09668294422646176], [-0.4130109169433098, -0.125632358254634, -0.51230284649022, 0.18597691676346206, -0.38965193215567584, 0.2933452769444807, -0.23404990456498484, 0.10618898066870364, 0.05826837356311143, 0.607053446352281, 0.5199297857747756, 0.571528816583604, 0.347445923973261, -0.011216461093988328]], "inverted": true, "swapped": true, "error_lsq": 0.049204256014145145, "error_max": 0.28000675763091026, "target": "395.xyz", "model": "14.xyz", "model_rescale": 3.9786697098870705, "target_rescale": 4.112666217080544},
{"mapping": [5, 12, 4, 9, 10, 11, 8, 1, 3, 7, 13, 15], "R": [[0.8718446250171661, -0.02607578625528617, 0.4890879299265585], [0.4757634745981061, 0.2822944846245066, -0.8330419798479076], [-0.1163446005064901, 0.958973345469911, 0.2585228357635595]], "T": [-0.002464062890467335, -0.02111385980520663, 0.1728395107566531], "aligned_model": [[-0.08289839352964237, -0.5494858779962937, 0.6237145111003205, 0.5092348088992201, -0.10190899380187657, 0.3952619704359328, -0.540464069443658, 0.038634134347811565, 0.5897094441923713, 0.0962504409857105, -0.4372711946474129, -0.057422183775146594], [-0.42641840403548215, 0.05073511687318378, 0.170475116194136, -0.6131763857412371, 0.3988160441082448, 0.6772805791678967, -0.48481660815569816, 0.3433013238025623, 0.17123258905732364, -0.7574181668441362, 0.5498078023054896, -0.06514451650784402], [-0.36175922308640057, -0.24215935775979552, -0.4299922163043655, -0.25029102048337476, -0.5165593706529419, -0.016393195368865104, 0.32370540933331027, 0.4979148836915482, 0.25038735318407795, 0.2748370553511139, 0.03155678929769096, 0.09871938667183211]], "inverted": true, "swapped": true, "error_lsq": 0.04762819305600835, "error_max": 0.21703211489958152, "target": "395.xyz", "model": "15.xyz", "model_rescale": 3.769337070930944, "target_rescale": 4.112666217080544},
{"mapping": [5, 10, 7, 8, 9, 4, 2, 11, 6, 14, 15], "R": [[-0.8921538291069092, -0.07987378642172299, -0.444614128714481], [0.4446720150904544, -0.3286099113997261, -0.833236056064102], [-0.07955089066298907, -0.9410821985206826, 0.3286882282987999]], "T": [-0.10636286857551829, 0.024281911448864636, 0.1740545103962475], "aligned_model": [[-0.2642110148615044, -0.23344535745414968, -0.05578644589303343, -0.6629917672701122, 0.31936215099554766, 0.4773383689056056, 0.6063606620612183, 0.32556267682461104, 0.19029110168663715, -0.6090302950075059, -0.17082394929614342], [0.04157033482494473, -0.7196251271491871, 0.6833376158319442, 0.4830135433845831, 0.26496818183454246, -0.47541842146182733, 0.4094214809046884, -0.6491551732129698, 0.45550951618179786, 0.08614517547222791, 0.01629737101459778], [-0.48269683865217794, -0.1291840015349149, -0.18003543429529925, 0.09066191940633628, -0.5690750499329778, -0.27517202049093425, -0.09059236941835538, 0.3781932457569459, 0.3391588894225761, 0.567859824558021, 0.09509944240455749]], "inverted": false, "swapped": true, "error_lsq": 0.0414481094357005, "error_max": 0.20723490564440009, "target": "395.xyz", "model": "16.xyz", "model_rescale": 3.7852294659196426, "target_rescale": 4.112666217080544},
{"mapping": [7, 14, 12, 8, 6, 1, 11, 13, 5, 9, 3, 10, 15], "R": [[0.14946169416115943, 0.9887116574451476, -0.01051001477380309], [-0.9887673772367718, 0.14945887394245103, -0.0010576919069359841], [0.0005250626548381383, 0.010550044166924205, 0.9999442088823179]], "T": [-0.09246375613603187, 0.07137215854365592, -0.02823766821883375], "aligned_model": [[0.06737973349267322, -0.3759973316550664, 0.32124698167014376, -0.01254808775961122, -0.4178874996300634, -0.5290466025308497, -0.20707983958472026, -0.1230785144148479, 0.5571531292065612, 0.4618972334189735, -0.292331842829578, 0.4064678600082808, -0.002409369175612658], [-0.18407711153880896, -0.4210176298987778, -0.2647916232484929, -0.6318857148672516, 0.10896516012620586, 0.17881489330980907, 0.7632842970052598, -0.024928027459219043, -0.033551768378235716, 0.3709321449388434, 0.6466546448404737, 0.34259014675590427, 0.024066212117164337], [-0.7148873708915656, 0.2696637219834318, 0.41046102081090075, -0.1903074515403785, -0.46858575159381266, 0.1667314650526933, 0.407503715064954, 0.6961645710295922, -0.1816199787463428, -0.6562192955667763, -0.17917837057434732, 0.554007367359196, -0.01797894524437091]], "inverted": false, "swapped": true, "error_lsq": 0.041799763335517985, "error_max": 0.21445519493526258, "target": "395.xyz", "model": "17.xyz", "model_rescale": 3.901054581598922, "target_rescale": 4.112666217080544},
{"mapping": [10, 12, 11, 4, 14, 1, 8, 5, 13, 6, 0, 7, 9, 3, 15], "R": [[-0.32927324566064625, -0.6940287923996454, 0.6402368038565056], [0.9081380398917852, -0.0470837715183616, 0.4160149263681693], [-0.25858157357710215, 0.7184059811693501, 0.645777373424072]], "T": [-0.0011219304667571886, 0.03614695385402652, 0.042881961514191616], "aligned_model": [[-0.05922127440051645, 0.10268965862271251, -0.5149083377329119, 0.13513946500272406, -0.2911255169824666, -0.47224735397988293, 0.3162676293039032, 0.6012346136919069, -0.4608774470526724, 0.027665620724461375, -0.08384177717549121, 0.6084487186322354, 0.7413644166136801, -0.18118480350572663, 0.06968259932707857], [-0.00279892311488842, -0.4857925241515892, 0.49107829080308946, 0.7000160105138465, -0.5095427134592538, 0.08935087870567926, -0.5399537984441394, -0.05014218377990292, -0.3497791755020356, 0.28095488077980213, -0.29130982061358945, 0.07693054598504406, 0.5215816918423951, 0.6367533248930858, -0.018589134630437862], [-0.7674321264017997, -0.3969151937645595, -0.41625942565534935, -0.534112614816725, 0.21523316484327198, 0.1668644749942747, 0.3504474923892369, -0.25081522911129517, -0.37503607007317447, 0.5332498203104113, 0.8114667791474044, 0.4776835338581986, -0.024053500158765326, 0.06589577402335983, -0.006550474732512766]], "inverted": true, "swapped": true, "error_lsq": 0.04339536057181277, "error_max": 0.3462849800800272, "target": "395.xyz", "model": "18.xyz", "model_rescale": 3.9405287249114394, "target_rescale": 4.112666217080544},
{"mapping": [4, 0, 3, 1, 2, 11, 12, 14, 13, 10, 5, 6, 9, 8, 7, 15], "R": [[-0.2867436205067293, 0.8101577622802607, 0.5112949210736736], [0.9509808379124465, 0.30523349194105687, 0.04967858010058629], [-0.11581684688349271, 0.5004766883826959, -0.857968264193645]], "T": [0.02818111937025484, -0.01491648979167104, -0.08751411739207857], "aligned_model": [[0.2431091619829207, -0.28737495573143196, -0.46086268033984684, -0.5907569040721394, -0.619585373488373, 0.30996178090107, 0.05573109870851918, 0.24227847018618773, 0.6482143212864612, -0.24399258166924473, -0.15843921899374952, -0.5497662932110383, 0.5080668084082863, -0.10178167254927896, 0.5300904919981315, 0.003458354158450052], [-0.7027113890985036, -0.5274532413630145, 0.010474507367170312, -0.22158538673272238, 0.543435676447925, 0.6464344480304973, -0.3527702487948582, 0.2961881551194634, 0.12354775872134369, 0.6263971709619458, 0.5104280543926363, 0.015601792800369232, 0.35748088556316737, -0.11535837166956198, -0.20462787359443813, 0.016314015662478053], [0.03661944616858995, 0.24475790928345267, -0.7843785619595649, -0.1861199699254353, 0.06729774325894117, -0.1367868048447741, -0.5179033579351834, -0.7636170580486787, -0.3059547861724827, -0.45157771340214703, 0.5292910398201118, 0.3850627317133778, 0.3815698486969967, 0.6509256273517056, 0.36825130633516445, -0.08840131427202103]], "inverted": false, "swapped": false, "error_lsq": 0.04609311824412598, "error_max": 0.41855696667093356, "target": "395.xyz", "model": "19.xyz", "model_rescale": 4.410303926677745, "target_rescale": 4.112666217080544},
{"mapping": [10, 11, 4, 12, 9, 13, 5, 3, 1, 6, 14, 7, 2, 15], "R": [[-0.8536619775600859, -0.2614189543589294, -0.4504679326767752], [0.2500117643828022, 0.5530617204123034, -0.7947432611131607], [0.45689752214079904, -0.7910643865808064, -0.40676994793756693]], "T": [-0.05381840333123608, -0.056002643658099975, 0.21092989291952252], "aligned_model": [[-0.28974736695470094, 0.34953387026978044, 0.40451022663671254, -0.6813637696842864, 0.2609631075623804, -0.448336339080851, -0.31646466480164614, 0.5542475514890303, 0.11075603749018034, 0.300317069233496, -0.4774523471933201, -0.009031310372554141, 0.6341718324995043, -0.130916007632853], [-0.2640013871856411, -0.5808686437651301, 0.058723205632256546, -0.1018481668178407, 0.7187484777542615, -0.6297382711916113, 0.4670743954277304, -0.14955570855987022, -0.48606203784534335, 0.09233415841020215, -0.37836617556389923, 0.6221117261387742, 0.44538611551295976, -0.002989221765646137], [-0.5391202940600277, -0.2826006860259293, -0.543380971285212, -0.07315496006698036, -0.09252770996081433, -0.01301791695452606, -0.12662693764756472, 0.08770690244304499, 0.3786369495644378, 0.6031091138800106, 0.5689805393349572, 0.527863801995525, 0.2512292435096291, 0.16971796399847122]], "inverted": false, "swapped": true, "error_lsq": 0.050729833727868476, "error_max": 0.32901474975046924, "target": "395.xyz", "model": "20.xyz", "model_rescale": 4.121658175737393, "target_rescale": 4.112666217080544},
{"mapping": [11, 4, 2, 1, 6, 10, 9, 14, 5, 8, 7, 0, 15], "R": [[0.1738970385062699, 0.9824600171541829, 0.06732113109679438], [0.10658462505824279, -0.0867386041899337, 0.9905130651558192], [0.9789788239282516, -0.16507189111591625, -0.1197987189558904]], "T": [0.11590476889159641, -0.16411522702069778, 0.005785561159478793], "aligned_model": [[0.21366868674735567, -0.2925964589349965, 0.17741352973979743, 0.5385680826093805, 0.4754333326935834, -0.4198116911917106, -0.3802181847268967, 0.3629233195391793, -0.5222505169097389, 0.031155021381923304, 0.003567948959824499, 0.669066953992105, 0.024162880764488026], [-0.5219074966038237, -0.05097193590763044, 0.6067564276143851, -0.37925904724932347, 0.2500293898608049, -0.6678870054604561, 0.5375833181622889, -0.5404594320524118, 0.027268807311591453, -0.08128701988899342, 0.4977177960461272, 0.03593271135380727, -0.17268960902318306], [0.7434689046299296, 0.7884332315330982, 0.3640017731022177, 0.12919684833944595, -0.015279320711208147, 0.35323786841471905, 0.23577335008967862, -0.45130426094165904, -0.10676329024377892, -0.7105814771894173, -0.3283544894311998, -0.5932015450518914, -0.038517853058145195]], "inverted": true, "swapped": true, "error_lsq": 0.04899829172410889, "error_max": 0.23930243386620786, "target": "395.xyz", "model": "21.xyz", "model_rescale": 4.08911054899281, "target_rescale": 4.112666217080544},
{"mapping": [7, 0, 3, 2, 15, 9, 13, 12, 10, 14, 11, 1, 5, 8, 6, 16], "R": [[-0.2900130442422514, -0.728479993366983, 0.6206523450639516], [0.03749478854325983, -0.6566751611542317, -0.7532409133571807], [0.9562879142818015, -0.19517846189347876, 0.21775856587390013]], "T": [-0.06450920129106444, 0.05537508543505629, -0.02269029270976386], "aligned_model": [[0.40892687984403575, -0.17830963271698505, -0.4638425303894822, -0.7832512134076395, -0.5742662685555949, 0.33454678684881534, -0.0248609030425391, 0.31179404004698996, 0.7403736651844258, -0.19506413182028007, -0.20880107986482035, -0.5860519378257153, 0.43295529571916613, 0.038060050480464735, 0.3469641350344369, -0.07082234796035361], [-0.4271658828707522, -0.6962093319636802, 0.01266589816813149, 0.0098616097013213, 0.5744917041219058, 0.6158770421409099, -0.29541351863633314, 0.15542262239720855, 0.08612894940736396, 0.4418690305556363, 0.5387364989794744, -0.07355866604564557, 0.4426412958452337, 0.03802935255538062, -0.4132272000090237, 0.01164654946676677], [-0.24361715616318166, 0.12647311939236722, -0.7927472002748159, -0.07360466119749548, 0.023921792323737395, -0.20745903038237995, -0.581354175315289, -0.6498711812422237, -0.07119988268852666, -0.5180693661946106, 0.553013301106052, 0.5615764639717193, 0.2939846359427366, 0.6628319113084347, 0.3855568384756428, -0.04039932299411423]], "inverted": true, "swapped": false, "error_lsq": 0.041470198039393426, "error_max": 0.2920161267680529, "target": "395.xyz", "model": "22.xyz", "model_rescale": 4.204369325754507, "target_rescale": 4.112666217080544},
{"mapping": [4, 0, 3, 1, 2, 11, 12, 14, 13, 10, 5, 6, 9, 8, 7, 15], "R": [[-0.2867436205067293, 0.8101577622802607, 0.5112949210736736], [0.9509808379124465, 0.30523349194105687, 0.04967858010058629], [-0.11581684688349271, 0.5004766883826959, -0.857968264193645]], "T": [0.02818111937025484, -0.01491648979167104, -0.08751411739207857], "aligned_model": [[0.2431091619829207, -0.28737495573143196, -0.46086268033984684, -0.5907569040721394, -0.619585373488373, 0.30996178090107, 0.05573109870851918, 0.24227847018618773, 0.6482143212864612, -0.24399258166924473, -0.15843921899374952, -0.5497662932110383, 0.5080668084082863, -0.10178167254927896, 0.5300904919981315, 0.003458354158450052], [-0.7027113890985036, -0.5274532413630145, 0.010474507367170312, -0.22158538673272238, 0.543435676447925, 0.6464344480304973, -0.3527702487948582, 0.2961881551194634, 0.12354775872134369, 0.6263971709619458, 0.5104280543926363, 0.015601792800369232, 0.35748088556316737, -0.11535837166956198, -0.20462787359443813, 0.016314015662478053], [0.03661944616858995, 0.24475790928345267, -0.7843785619595649, -0.1861199699254353, 0.06729774325894117, -0.1367868048447741, -0.5179033579351834, -0.7636170580486787, -0.3059547861724827, -0.45157771340214703, 0.5292910398201118, 0.3850627317133778, 0.3815698486969967, 0.6509256273517056, 0.36825130633516445, -0.08840131427202103]], "inverted": false, "swapped": false, "error_lsq": 0.04609311824412598, "error_max": 0.41855696667093356, "target": "395.xyz", "model": "23.xyz", "model_rescale": 4.410303926677745, "target_rescale": 4.112666217080544},
{"mapping": [8, 5, 3, 0, 7, 11, 4, 10, 9, 1, 13, 12, 14, 6, 15, 16], "R": [[0.45487838913896184, -0.20931032172053832, 0.8656066313953401], [0.7940655523734033, 0.5353641935679356, -0.2878282105341248], [-0.40316938081687903, 0.8182752406535341, 0.40973171820733584]], "T": [-0.007634591394631397, 0.09949717761936763, -0.021356287932004857], "aligned_model": [[0.49120076698512594, -0.2003309112322274, -0.44349158545884027, -0.7523639160968021, -0.41031030328567236, 0.3018813342149831, -0.04965618084181732, 0.30538631986955683, 0.6131281342671591, -0.3265013222069215, -0.1602267783004102, -0.6483814660649145, 0.43961106933536154, -0.027677234596165157, 0.47069862397260553, -0.07461574298609668], [-0.42997559466288615, -0.4546139534030684, -0.13694847546684902, 0.034825342137497745, 0.6271609860697881, 0.6364849513588817, -0.4806693509841018, 0.09257308578024036, 0.08188003319575124, 0.5915659897789026, 0.4314087777790877, -0.03855515231924597, 0.3336946143806625, -0.07427391914046197, -0.2822428971807317, 0.0894815164904301], [-0.4041467474478316, 0.20542778608117684, -0.7719381412271709, -0.12897411968038414, 0.015441442798833839, -0.15006335556648612, -0.38949397698283067, -0.5921048423227765, -0.10359531929598789, -0.6478765522900896, 0.5792575131114468, 0.444004681190334, 0.42950163823461696, 0.7184409735823776, 0.3457758969861856, -0.12062079110336166]], "inverted": false, "swapped": false, "error_lsq": 0.03955260091184648, "error_max": 0.309403286551077, "target": "395.xyz", "model": "24.xyz", "model_rescale": 4.28219845311461, "target_rescale": 4.112666217080544},
{"mapping": [14, 11, 6, 8, 1, 4, 10, 2, 13, 0, 3, 5, 7, 9, 12, 15], "R": [[-0.9076316000787874, -0.35714695082672854, -0.22056956737861805], [-0.3162389957839109, 0.23623326809435274, 0.9187963542543285], [-0.2760394466086396, 0.9036813036467182, -0.32735657218904896]], "T": [0.021114709714666186, 0.08005503466024759, 0.003945147577756242], "aligned_model": [[0.23838779624156126, -0.052361296652357794, -0.35136556896274446, -0.6282653708764767, -0.5109791728343553, 0.18821603132953832, -0.3488275308025084, 0.37444288399116216, 0.614728111425004, -0.16342987941661782, -0.21898460914492454, -0.6857759243893361, 0.5051511966015179, 0.08525130760854334, 0.4728477203484454, 0.009315113108473294], [-0.49839044143487293, -0.43290310082859845, -0.04867876126480232, -0.09018310743669346, 0.4331392308674748, 0.7854173505055917, -0.5513020100464863, 0.15678948499873535, 0.061836390898494784, 0.5783326418683912, 0.6594409457878025, -0.11818191628728213, 0.4719558616519065, -0.014124037739172993, -0.49962841841510536, 0.12827584068851453], [-0.44140624396693695, 0.17113455804610564, -0.8065381568426049, -0.17288964208662633, 0.04960748861800007, -0.09191790435346572, -0.30303341781108417, -0.577476429061439, 0.01835581259946345, -0.615099998444001, 0.45859845277840894, 0.4355565742212243, 0.47049463789546464, 0.6701962136267746, 0.2144784740783395, -0.051024333229569965]], "inverted": true, "swapped": false, "error_lsq": 0.04595154983519753, "error_max": 0.37434013351307943, "target": "395.xyz", "model": "25.xyz", "model_rescale": 4.100010024507729, "target_rescale": 4.112666217080544},
{"mapping": [1, 11, 10, 4, 8, 5, 12, 9, 3, 7, 6, 15], "R": [[0.48319060023000904, -0.8545377352575814, 0.19050486311432435], [-0.7843823520892002, -0.32586059479635837, 0.5277870768501041], [-0.38893594534367437, -0.40445040707088853, -0.82773709512128]], "T": [-0.20103922896274717, 0.044682440231680186, -0.030142114877526223], "aligned_model": [[-0.5096051206278954, 0.050061469410932424, 0.24392991250661455, 0.6006743741112324, -0.5356284254124452, 0.2665267576832233, -0.1638822618905621, 0.5239734847013294, 0.019997501150132185, -0.1071471043711247, -0.3503419071859118, -0.16179307771251822], [-0.32976403825645295, -0.7371491792580097, -0.2353421046280232, -0.33882100097543516, 0.675935417709099, 0.49030436438574876, 0.243090585207186, 0.4027842482595154, -0.3830065158335479, 0.6610838565614193, 0.10327813826300625, 0.11373761861613321], [-0.09897823328646574, 0.056099204013560715, 0.5904140498567154, -0.07905471682653173, 0.09945153187035, 0.1682020561754319, 0.6300644969696383, -0.400996367365895, -0.4325165767247025, -0.44670621298159946, -0.5550188009451053, 0.03423185909895985]], "inverted": true, "swapped": true, "error_lsq": 0.04785693518702314, "error_max": 0.26898620371010984, "target": "395.xyz", "model": "26.xyz", "model_rescale": 3.6694154284099745, "target_rescale": 4.112666217080544},
