[{"mapping": [1, 9, 11, 8, 7, 0, 2, 5, 10, 4, 6, 12], "R": [[0.5492348541641564, 0.8355358718785921, -0.014862091890405937], [0.5734183020745345, -0.36387695439084944, 0.7340197632960558], [0.6078918701687299, -0.41167143314459, -0.6789654669535437]], "T": [-0.09370186199435723, -0.009018539794512614, -0.04190802965966232], "aligned_model": [[-0.17763164081895327, 0.16459175712257132, 0.39261203706750214, -0.08081551091023714, -0.05825321380580992, -0.6068261127881736, 0.48460769833355566, -0.39373406840416836, 0.544420863046278, 0.17450022369122306, -0.5485248155187559, -0.05730475455448338], [-0.4310000857318739, -0.7005362632157495, -0.24165408499562438, 0.6174664497393794, 0.37446615634820507, -0.7631706306630541, -0.24078143226329626, -0.5069151324154193, 0.2354963996756634, 0.36358454746911406, 0.34862772562341415, -0.002028613593701597], [-0.40500721129328404, 0.09715722693844778, -0.6165651414394386, -0.03782865958641455, -0.6551958588466781, -0.0741862483804733, 0.4985877045193179, 0.45348230412840806, -0.13710696297806355, 0.5715705452068663, 0.4861665311855138, 0.0008775158993604704]], "inverted": false, "swapped": true, "error_lsq": 0.04412087259617437, "error_max": 0.2612014014472946, "target": "397.xyz", "model": "0.xyz", "model_rescale": 3.751011558992144, "target_rescale": 3.8716050115904515},
{"mapping": [5, 13, 11, 8, 6, 10, 4, 0, 1, 9, 7, 3, 14], "R": [[-0.8043651696188724, 0.5848889589723596, -0.10441062961323683], [-0.5937225670830713, -0.7978458893973083, 0.10457270249977466], [-0.022140172544286393, 0.14610558662846582, 0.9890212183344003]], "T": [-0.04806256982721529, 0.03163712997689605, -0.06767011513098126], "aligned_model": [[-0.6042860952361245, -0.5772516090566627, 0.4773348909656487, -0.4035149568680257, 0.6997543323419154, 0.10505078023875608, 0.14616446424607826, -0.05822710710752229, 0.34207552403061925, -0.2463220687834506, 0.4364822005875148, -0.2598189501094475, -0.03993934866110273], [-0.06178896671386569, 0.5079790679533149, 0.3457725694112589, -0.5002344255742985, -0.023894016935243095, -0.3583969713960042, -0.7309917986678758, 0.15930108569417217, -0.2617016555912128, 0.24617910228324152, 0.3509175838506977, 0.6400746614773422, 0.07566549297282535], [-0.33594795848453385, -0.21105601815098762, -0.5795367215925344, 0.10892122407458471, -0.10524561011013173, -0.7725697178593913, -0.1467077412278445, 0.6800618656562389, 0.4297534207398488, -0.658309205038532, 0.2531933777053338, 0.34265767479334935, -0.09928228008614676]], "inverted": true, "swapped": false, "error_lsq": 0.04917761740251404, "error_max": 0.32028603436525604, "target": "397.xyz", "model": "1.xyz", "model_rescale": 3.9405287249114394, "target_rescale": 3.8716050115904515},
{"mapping": [7, 6, 2, 3, 9, 4, 8, 11, 9, 1, 5, 0, 12], "R": [[0.6889911571203535, 0.4348489761412616, 0.5798254507684641], [0.4685468867099334, -0.8775992247075519, 0.10140717798623702], [0.5529511735808008, 0.20180676089170052, -0.8084052392791716]], "T": [-0.07521348145213097, 0.023755261994541116, -0.11617676808622976], "aligned_model": [[-0.8118780568254367, -0.5043867176145447, 0.4236484245962629, -0.39642335853409766, 0.5175991602000949, -0.07668586466571814, 0.3654134191136304, -0.01097289966055326, 0.5175991602000949, -0.18733626418055194, 0.40286808490028975, -0.21114945895712747, -0.010793571984146572], [-0.11205692391251088, 0.2232973094471759, 0.4228502671485692, -0.4475588710879964, -0.3299947971733642, -0.3560827122740873, -0.6073869532658921, 0.12108790820507542, -0.3299947971733642, 0.4529391151620058, 0.4649979492904317, 0.8394154815892759, 0.0473687528090339], [-0.3765422932721816, 0.15093556418189122, -0.35288249906138025, -0.07761666706801357, 0.300734702883414, -0.7055973880801245, -0.20671520591086634, 0.586684379417256, 0.300734702883414, -0.7722682511370532, 0.20758114640956374, 0.022206050451002962, -0.17132193127766945]], "inverted": true, "swapped": false, "error_lsq": 0.062057963080164584, "error_max": 0.5242198956959017, "target": "397.xyz", "model": "2.xyz", "model_rescale": 3.932901565614263, "target_rescale": 3.8716050115904515},
{"mapping": [12, 12, 4, 10, 0, 6, 1, 8, 3, 5, 7, 9, 13], "R": [[-0.5771287262948133, 0.15490042773566184, -0.8018280930303174], [-0.7888204470414075, -0.3598846042882533, 0.4982422843614153], [-0.21138764300384405, 0.9200483297542561, 0.3298883679393425]], "T": [0.09240718155614952, -0.055793370091045943, 0.03007166099090014], "aligned_model": [[-0.5933155565399069, -0.5933155565399069, 0.6205558405239704, -0.46889248600109906, 0.7300583644890339, -0.16068121005355268, 0.2690523355220243, -0.037837322740917445, 0.3867722952501748, -0.16014485698856679, 0.34734862761794966, -0.32150994452178383, -0.0005884734292223026], [0.0860747806422802, 0.0860747806422802, 0.2644184643213452, -0.47523644921665575, -0.23550189623703172, -0.15444593675936724, -0.7606287064009215, 0.19254127639108032, -0.14966730755171503, 0.4301307117618745, 0.6063197818866753, 0.5370915628372112, -0.038289333552702864], [-0.2745388516725474, -0.2745388516725474, -0.5877873679716288, -0.11877600232627095, -0.07020866448592192, -0.5967506406256942, -0.11405418395534994, 0.7084174415401105, 0.4365471729061358, -0.43564814764619364, 0.10978101053778543, 0.1602753799657648, -0.036785984174389025]], "inverted": false, "swapped": false, "error_lsq": 0.04988495455008162, "error_max": 0.36548348789530094, "target": "397.xyz", "model": "3.xyz", "model_rescale": 3.9243930471874484, "target_rescale": 3.8716050115904515},
{"mapping": [5, 5, 3, 1, 4, 0, 7, 9, 8, 6, 10, 11, 12], "R": [[-0.9282107301808024, -0.19909960208909472, -0.314299520879664], [0.24858967331331294, 0.29664254750566804, -0.922066360589805], [0.2768176560467243, -0.9340035050562241, -0.22585269058279078]], "T": [0.09593116432748333, 0.05030459451048787, -0.013518153304453245], "aligned_model": [[-0.5607361247140774, -0.5607361247140774, 0.36166149722051605, -0.35804894109683433, 0.6258329794200672, -0.2159614780848475, 0.32257764683204443, -0.20683169249631378, 0.4226129163879269, -0.11223864747051188, 0.5628922179319424, -0.2652700152373305, 0.0017478226096920985], [0.09068138121133913, 0.09068138121133913, 0.18173046551099298, -0.5007976973556589, -0.1963066826066598, -0.3418789736696536, -0.7181805505613139, 0.03776342970437761, -0.10396826351579234, 0.6042670745529767, 0.5515426279508965, 0.666451221744465, 0.026896314587043973], [-0.3887259442328994, -0.3887259442328994, -0.617726727372209, 0.0051534229892244154, -0.11722067882968307, -0.7007134543791467, 0.017798179246759166, 0.6235570098357165, 0.5020546224152792, -0.427411152638669, 0.15332167338065747, 0.32711526111154265, -0.08254395687441962]], "inverted": true, "swapped": false, "error_lsq": 0.05445491338281107, "error_max": 0.36013593043533254, "target": "397.xyz", "model": "4.xyz", "model_rescale": 3.8936222436046832, "target_rescale": 3.8716050115904515},
{"mapping": [6, 5, 4, 8, 2, 9, 1, 11, 7, 3, 10, 12], "R": [[-0.1138841595906062, -0.22914776768709444, 0.9667066249686938], [0.5456612016800156, 0.7987094419914091, 0.2536081234008349], [-0.8302314443427583, 0.5563762466513045, 0.03407669272015931]], "T": [-0.0178653657206157, -0.08497986067699533, -0.002690640972274401], "aligned_model": [[0.031093572124976654, -0.6123610822373567, -0.20597848219869136, 0.4319692281271049, -0.6829065321973332, -0.6781612339117288, -0.07319105932637457, 0.045095063129754503, 0.6388091933345628, 0.1338398039310358, 0.048895451327520045, -0.04955587988837297], [-0.5379620672916983, -0.561629107672324, 0.1471704238544525, 0.05731060855962773, 0.33228745099851104, -0.0038360249754044867, -0.19230366849457836, 0.4322769348701047, 0.13291637801452433, -0.6783882981500466, 0.59678616665165, -0.055705891255011256], [-0.6399093278666396, -0.054770032475414045, -0.7082691851653513, -0.41508414474993605, -0.2554748613188347, 0.34613101181362543, 0.5471950894216073, 0.5883530911577297, 0.21117574936703332, 0.12436088066713749, -0.08508652697354027, -0.039337024601899244]], "inverted": false, "swapped": true, "error_lsq": 0.04067243291766092, "error_max": 0.2571725814094484, "target": "397.xyz", "model": "5.xyz", "model_rescale": 3.6523030999806103, "target_rescale": 3.8716050115904515},
{"mapping": [11, 4, 8, 3, 5, 7, 0, 2, 1, 9, 6, 10, 12], "R": [[0.8877096538922424, 0.2803247697201681, -0.36522540145484117], [0.4463691542688288, -0.7183925134114193, 0.5335417273201359], [-0.11281023226572012, -0.636655495661318, -0.7628522998198248]], "T": [0.041212060492413334, 0.10073118952848537, -0.0910359113635654], "aligned_model": [[-0.7265485851965553, -0.4796672450718915, 0.5914062436964668, -0.24420220076340032, 0.5377170573902842, -0.17507974873587911, 0.27564468590927155, -0.16772835740167524, 0.4081857697028886, -0.061684712536382795, 0.3318796817855861, -0.32034450571012096, 0.047923973519604944], [0.07081078610208219, 0.11261716495795565, 0.3890145848085673, -0.5236921568234689, -0.265945945239913, -0.3120392993740234, -0.854283671273746, 0.07421779413214868, -0.19021534306022747, 0.5279238609733168, 0.5760050431743817, 0.7833544208679287, 0.0011144895193501425], [-0.5202414140438523, 0.1491204430180226, -0.3515779376102024, 0.015147359213324885, -0.3790188915554986, -0.5906922296955961, 0.05092073795498622, 0.6382463219617222, 0.4218532364221458, -0.6651278471584608, 0.24400372814862295, 0.018396328577515303, -0.1250975248134763]], "inverted": true, "swapped": false, "error_lsq": 0.0529461741737329, "error_max": 0.32045797686026944, "target": "397.xyz", "model": "6.xyz", "model_rescale": 4.08911054899281, "target_rescale": 3.8716050115904515},
{"mapping": [4, 6, 10, 3, 11, 8, 9, 2, 1, 5, 13, 7, 14], "R": [[-0.20447346964911328, 0.1047807046889252, -0.9732479664168561], [-0.5630659589571575, -0.8258895185372146, 0.029380759588971184], [-0.800716757707312, 0.5540103853676939, 0.22787094336801628]], "T": [0.03379190532867814, 0.06980227858111285, -0.09354801384599665], "aligned_model": [[-0.49567601595452393, -0.41069263139679485, 0.3511496851572351, -0.5391779586595626, 0.6042805908639238, -0.009572030101495835, 0.24221471676124556, -0.14356555453848885, 0.33045496744847336, -0.22376049288652444, 0.4800531064713315, -0.2881946057661343, 0.11998827918951217], [0.028960055700946633, 0.06520204364721816, 0.1428854290993276, -0.4761341320848782, -0.028634416696654466, -0.3796062442109891, -0.6848805370532566, 0.23169051764382353, -0.26063094243383245, 0.613124524874391, 0.4857197474426663, 0.7208278724572914, -0.0696421896217009], [-0.5570619002232085, 0.13350991027022996, -0.7363681995858383, -0.10405547482402272, -0.1904187506875027, -0.6047236412293965, -0.0539110693558472, 0.6761766595105845, 0.4901907743793449, -0.5614891730100016, 0.3111223727677739, 0.17436862865426012, -0.07140782624712308]], "inverted": true, "swapped": false, "error_lsq": 0.05188168514594642, "error_max": 0.3217276551151817, "target": "397.xyz", "model": "7.xyz", "model_rescale": 3.964800864290218, "target_rescale": 3.8716050115904515},
{"mapping": [0, 3, 7, 6, 12, 2, 4, 10, 9, 1, 8, 5, 13], "R": [[-0.8426830209399204, -0.06294871532731014, -0.5347174819081671], [-0.003222786841405839, 0.9937137557088349, -0.1119043580921539], [0.5384003527715641, -0.09257662206887557, -0.8375885799017152]], "T": [-0.03497788363192584, -0.038316145201553284, -0.09028141177325712], "aligned_model": [[-0.5975987800630683, -0.7431751804202843, 0.4835997484026641, -0.36857075293714553, 0.6890526412679943, -0.009120431209183495, 0.07282217984659425, -0.09664378643928034, 0.4521901793392648, -0.03167276392682939, 0.4112097029289536, -0.24353716982826942, -0.0010535303732138318], [-0.03163738788206781, 0.04041485233343878, 0.19211885136401774, -0.4904500120504158, -0.25371157417781165, -0.28675154151215876, -0.7189454031156334, 0.18596461167070255, 0.02209588668500892, 0.5038546118189136, 0.5490623513322077, 0.6607429447602016, 0.01612353753794893], [-0.5336463783892814, 0.04470271526104973, -0.5202001446437097, 0.0539288069199559, -0.0825648401349315, -0.7036491430473191, -0.232465639447067, 0.697772819568085, 0.3922891961307564, -0.6090875774921927, 0.12642281249566883, 0.318240479747253, -0.04581079654901439]], "inverted": true, "swapped": false, "error_lsq": 0.04883662215645735, "error_max": 0.32150106172581444, "target": "397.xyz", "model": "8.xyz", "model_rescale": 4.121658175737393, "target_rescale": 3.8716050115904515},
{"mapping": [4, 9, 2, 5, 3, 0, 10, 7, 11, 1, 8, 6, 12], "R": [[-0.631699940907652, -0.6739368822293845, 0.38309824252821334], [-0.5850494821079413, 0.7386804515855208, 0.3347660286388702], [-0.508598356409553, -0.012659747878530109, -0.8609108215379532]], "T": [0.020579046224737003, 0.026644246670237896, -0.02514470572068734], "aligned_model": [[-0.7045405057585724, -0.7282064553689195, 0.5041312320040425, -0.3547150944745231, 0.7261166957916828, -0.05849685667015463, 0.23491242025487158, -0.12948887724001762, 0.4613452174057757, -0.0932941365105103, 0.3718561019252088, -0.21295810252535077, 0.0008404177546631683], [0.04746832782058341, 0.27841035981793744, 0.31025839537245414, -0.46364708535421345, -0.26353072644883246, -0.3294567040652867, -0.7016918077947267, -0.0030413174389216716, -0.14416054739176046, 0.3324692521788007, 0.5834834543481764, 0.6770617833647845, 0.06525834435535749], [-0.5369023736598139, 0.23776956530426696, -0.4351285458203417, -0.0030851505513356872, -0.2268848888496774, -0.7221119629063396, -0.016860555877081608, 0.6319772737806093, 0.39862761430664717, -0.6321337336058405, 0.286444550606152, 0.025840372565517834, -0.10161985487350988]], "inverted": true, "swapped": false, "error_lsq": 0.045891626953665283, "error_max": 0.37423640114480355, "target": "397.xyz", "model": "9.xyz", "model_rescale": 3.833441315466971, "target_rescale": 3.8716050115904515},
{"mapping": [3, 4, 11, 2, 10, 9, 13, 1, 0, 7, 12, 6, 14], "R": [[-0.8970309418999993, 0.28417132325242167, -0.3384998498005106], [-0.42576099240741283, -0.3501103762744253, 0.8343562199499898], [0.11858780130458398, 0.8925633778426877, 0.4350489052000895]], "T": [0.04252815962157799, 0.05907583022685134, -0.05799568175185959], "aligned_model": [[-0.6888725833558564, -0.7098814048853066, 0.4571432362588378, -0.29907121899845035, 0.8321832787113439, -0.14802034079752238, 0.07932601693644453, 0.09335091792104294, 0.36712142018199967, -0.08005141527252371, 0.36847704150434846, -0.24521051351066828, -0.008992378105493602], [0.0014957195009108956, 0.2455405859228624, 0.3850678266469084, -0.5419740108301783, -0.1565688518515304, -0.3081619747267277, -0.7019719219990529, 0.2060350963669491, -0.24502689939085145, 0.36284359342443395, 0.514029272224084, 0.5966725762916419, 0.030900717184902955], [-0.5228175118851673, 0.12914950844021117, -0.49061634415567446, -0.25471682453871125, -0.13346956800738172, -0.7556616405986589, 0.17682079540336143, 0.6641046950990485, 0.45774040069873173, -0.638179592802946, 0.16515168956363493, 0.2410457244940966, -0.13261902129129155]], "inverted": true, "swapped": false, "error_lsq": 0.051181570339132065, "error_max": 0.33203986627189674, "target": "397.xyz", "model": "10.xyz", "model_rescale": 4.2482417240324, "target_rescale": 3.8716050115904515},
{"mapping": [9, 5, 3, 6, 11, 7, 1, 8, 4, 10, 2, 12], "R": [[0.19532044865795065, -0.8226755217783559, 0.5339053363685053], [0.027989675644849943, 0.5488447541964182, 0.835455572635894], [-0.9803399922441973, -0.14823772009101888, 0.13022702464874092]], "T": [0.03919143216636836, 0.06920928308486704, 0.03788349556073336], "aligned_model": [[-0.6549577708256752, -0.13730142450823207, 0.3125922995992285, 0.6440373104035194, -0.48817809331612494, 0.268178047053927, -0.28487077927700377, 0.5352250742546707, 0.2389938001881698, -0.1486738004040983, -0.4357429016207921, 0.027463840815417823], [-0.21657918787683486, -0.66766144216045, -0.18329322622914182, -0.39694855204487556, 0.6397594510419864, 0.726325343378865, 0.13102671217694956, 0.3411151221867986, -0.12310991985528097, 0.5426551477092288, -0.18295958282403488, 0.055801524547429225], [0.06496365297889772, 0.1338195704053085, 0.540660354406905, -0.13674710988560324, 0.1690520545499742, 0.2383895896552067, 0.494080752416924, -0.23171617431040523, -0.6764089649469321, -0.4275267239270711, -0.5875282617753437, -0.01584644971350447]], "inverted": false, "swapped": true, "error_lsq": 0.04376078194410129, "error_max": 0.28601629969775066, "target": "397.xyz", "model": "11.xyz", "model_rescale": 3.6694154284099745, "target_rescale": 3.8716050115904515},
{"mapping": [3, 8, 12, 4, 5, 1, 0, 11, 6, 2, 7, 9, 13], "R": [[0.8096231655259268, 0.5859235637452866, -0.03469736721714434], [0.35296657711665264, -0.5332526873369591, -0.7688017734673004], [-0.4689615392357166, 0.610192714554947, -0.6385451634941207]], "T": [0.08211502510597246, 0.08286227914846546, -0.06917293360663819], "aligned_model": [[-0.6972410095018193, -0.5884397727526288, 0.48645028370096177, -0.37071225369174815, 0.855492578800313, -0.1958197705335023, 0.31110589708793357, -0.3208214635266961, 0.2670309265001961, -0.24545267793298764, 0.5603672310707493, -0.12979380687905026, 0.08533589424647528], [-0.14825219263272665, 0.43343392212239995, 0.17942756763622192, -0.4953378021046304, -0.09128632298131552, -0.318772604308635, -0.5771670490736179, 0.09071702463184746, -0.22031662054307244, 0.29166406469839823, 0.5358838360338798, 0.7387557926759408, -0.02986788739033741], [-0.3527909387773965, -0.061849169379363786, -0.6067198096860075, 0.02199049856798617, 0.05783185486483099, -0.7604870184225107, -0.21971306400748886, 0.549381136793712, 0.3709901016962599, -0.593972693200006, 0.27464622664549865, 0.3426335898111147, -0.11600840448737594]], "inverted": true, "swapped": false, "error_lsq": 0.04763100291205575, "error_max": 0.24908572816854713, "target": "397.xyz", "model": "12.xyz", "model_rescale": 3.9764082729961374, "target_rescale": 3.8716050115904515},
{"mapping": [5, 9, 14, 0, 3, 4, 7, 1, 8, 6, 11, 12, 15], "R": [[0.5825232763977752, -0.4774679649545376, -0.6577925013991676], [-0.519738301411365, 0.4034059871602256, -0.7530841304723618], [0.6249309805897213, 0.7805689924442661, -0.013165011724759059]], "T": [-0.039709049775716765, 0.10745485097332207, -0.03276219135611498], "aligned_model": [[-0.7439270226254013, -0.6163257674749394, 0.5608437675981053, -0.4380181636595822, 0.742111083899481, -0.15876200286911862, 0.12898586606354112, -0.20820957569353676, 0.459731115500472, -0.01656627521780546, 0.648023519318364, -0.3588860258582803, 0.018501537606897482], [0.06771602771019812, 0.013544659235793996, 0.4204284529328856, -0.49919143516271813, -0.19054531964239363, -0.3406821548958451, -0.6262587875302098, 0.1243327852971481, -0.06071125277414814, 0.37914918164386313, 0.45766730522659443, 0.5912189446997798, 0.052213322023404084], [-0.48588665381191914, 0.10934045913013705, -0.4572523297526281, -0.011832145568760048, -0.12439528694232733, -0.5812723007520917, -0.09787763473849877, 0.5793205533437943, 0.4383349530927103, -0.7464185570997971, 0.15410634275962531, 0.2342806788128483, -0.10451576805384004]], "inverted": true, "swapped": false, "error_lsq": 0.04897167769562826, "error_max": 0.2983708374370975, "target": "397.xyz", "model": "13.xyz", "model_rescale": 4.170626492500431, "target_rescale": 3.8716050115904515},
{"mapping": [8, 10, 2, 12, 6, 4, 5, 9, 11, 0, 3, 1, 13], "R": [[-0.906447325872539, 0.14723384520931354, -0.3958224857728565], [0.01943796244438868, -0.9217212124796976, -0.3873656826320149], [-0.4218713204693273, -0.3588205697696778, 0.8326298022984946]], "T": [-0.03808084136476167, 0.11463144293961801, -0.14525870641431712], "aligned_model": [[-0.6673613222467283, -0.4836264934100295, 0.3744034261652779, -0.3315568295148267, 0.7083536519002884, -0.07353747042231687, 0.2775921331905553, -0.20453412713256022, 0.22042337512164537, -0.16913830174845465, 0.5109734770078159, -0.16098226039729807, 0.016492798074827952], [-0.10110499576566782, -0.04165251801228599, 0.3299424251382272, -0.5558725870529592, -0.2697422230528899, -0.2399314382816029, -0.7255824417528889, 0.30321934128429945, -0.187505690998363, 0.6099756708510313, 0.4089359028672727, 0.8122160392283005, 0.04598424431187932], [-0.4754407141019633, 0.1635983810348299, -0.6104791672941255, -0.1437384007776392, -0.09444828242754853, -0.7585213918183795, 0.0017481963540623147, 0.624828526773533, 0.43916269419113374, -0.4507361106204304, 0.1503725584630621, 0.15321313834811753, -0.09362711770539915]], "inverted": false, "swapped": false, "error_lsq": 0.0488531882457114, "error_max": 0.35621767042110736, "target": "397.xyz", "model": "14.xyz", "model_rescale": 3.9786697098870705, "target_rescale": 3.8716050115904515},
{"mapping": [5, 9, 3, 6, 1, 7, 2, 10, 8, 4, 11, 12], "R": [[-0.04229522231471117, 0.7722073431641838, -0.6339613027091336], [0.5271109940280931, -0.521787995057516, -0.6707393593554603], [-0.8487432557281765, -0.36253704276552234, -0.38496984099896064]], "T": [0.10184679159973725, 0.04304962229056221, -0.07920290130695053], "aligned_model": [[-0.13539841006256959, -0.6061854440987557, 0.4215246914437967, 0.6187637332989084, -0.13880284264212628, 0.4282232635491244, -0.4888213174759632, -0.1043782942169876, 0.576113849795918, 0.16635622253540844, -0.334577739582609, 0.08053688422319202], [-0.48876407611919515, -0.05960608927551307, 0.050203275825698654, -0.5420874750703221, 0.39120389779876963, 0.655518183428034, -0.4134999292790489, 0.22451129921670931, 0.040901582346628954, -0.5279987322137162, 0.6786584614232865, 0.0056340921431075955], [-0.5733899398958348, -0.3081213565908488, -0.616831943404311, -0.1428343770742768, -0.45045753437278746, 0.12767808003028086, 0.27146120640919313, 0.5537219587905073, 0.33034842008034304, 0.4276143156096218, 0.08323580599356038, -0.04245814170161772]], "inverted": true, "swapped": true, "error_lsq": 0.04932164163477027, "error_max": 0.24157145730198779, "target": "397.xyz", "model": "15.xyz", "model_rescale": 3.769337070930944, "target_rescale": 3.8716050115904515},
{"mapping": [3, 0, 8, 7, 6, 5, 4, 9, 10, 11, 12], "R": [[-0.7427239336643094, 0.14740746676022065, 0.6531708789478821], [-0.6482887318569541, 0.08582679061819881, -0.7565417914163647], [-0.1675794692362904, -0.9853450161012205, 0.03181698815049788]], "T": [-0.03932802264509034, 0.08540014601236948, -0.00792401989731391], "aligned_model": [[-0.30674885722741546, -0.2213437000860875, -0.031578876610534774, -0.6149495831094155, 0.3314303969289216, 0.3457006756105984, 0.625960359239362, 0.16956979477079584, 0.057626030424216844, -0.44531910526917967, 0.01227899601990906], [-0.16613258993628585, -0.7747133791502994, 0.6889286678660846, 0.5142358226986797, 0.25942549089025735, -0.5154026801977403, 0.4640273056099715, -0.5184461835223113, 0.5020118896851973, 0.0436957403547413, 0.098434413327047], [-0.5143897159633076, -0.25319687472605074, -0.1763265598441425, 0.08798667706918528, -0.6756746362856375, -0.2801753563031778, -0.041897894703804665, 0.38702257555741615, 0.5334497616710877, 0.6660813842422263, 0.011338246509982284]], "inverted": true, "swapped": true, "error_lsq": 0.04065716266609329, "error_max": 0.22432903201064255, "target": "397.xyz", "model": "16.xyz", "model_rescale": 3.7852294659196426, "target_rescale": 3.8716050115904515},
{"mapping": [9, 8, 4, 11, 5, 10, 6, 2, 7, 0, 1, 3, 12], "R": [[-0.9616450637271099, -0.05478566801973388, 0.26876997970181604], [-0.09035708299920513, -0.8618904471026072, -0.4989794131476196], [0.258987198450344, -0.5041263609184702, 0.8238824207773479]], "T": [-0.007762982523706391, 0.09058847253035207, -0.05338053240884935], "aligned_model": [[-0.6791974161214569, -0.6505343282912518, 0.46098887133754934, -0.4233737872868851, 0.6370692930992317, 0.01969960838604478, 0.3345687505489039, -0.08832743097645415, 0.27012470044832687, -0.18182358435544427, 0.48306095145035266, -0.10994215827497675, -0.054811413375743724], [-0.1033983436992073, 0.18000819397496298, 0.3128935475111656, -0.44742213822844634, -0.024330132263792117, -0.4184371393380477, -0.721218862628729, 0.1547455756535803, -0.3756283000961028, 0.5246930251633847, 0.42368445116563797, 0.8544247563395438, 0.028867095210402635], [-0.5621110131353622, 0.0018917185803811187, -0.5357070175089371, 0.2218363204696058, -0.10989655799003595, -0.6773948013496043, -0.15907381987498534, 0.5495127058967474, 0.3902943054517495, -0.5503747979813702, 0.2964667043993029, 0.14311099092462903, -0.10262242746286711]], "inverted": false, "swapped": false, "error_lsq": 0.043057950157877486, "error_max": 0.22344669175096368, "target": "397.xyz", "model": "17.xyz", "model_rescale": 3.901054581598922, "target_rescale": 3.8716050115904515},
{"mapping": [5, 13, 11, 8, 6, 10, 4, 0, 1, 9, 7, 3, 14], "R": [[-0.8043651696188724, 0.5848889589723596, -0.10441062961323683], [-0.5937225670830713, -0.7978458893973083, 0.10457270249977466], [-0.022140172544286393, 0.14610558662846582, 0.9890212183344003]], "T": [-0.04806256982721529, 0.03163712997689605, -0.06767011513098126], "aligned_model": [[-0.6042860952361245, -0.5772516090566627, 0.4773348909656487, -0.4035149568680257, 0.6997543323419154, 0.10505078023875608, 0.14616446424607826, -0.05822710710752229, 0.34207552403061925, -0.2463220687834506, 0.4364822005875148, -0.2598189501094475, -0.03993934866110273], [-0.06178896671386569, 0.5079790679533149, 0.3457725694112589, -0.5002344255742985, -0.023894016935243095, -0.3583969713960042, -0.7309917986678758, 0.15930108569417217, -0.2617016555912128, 0.24617910228324152, 0.3509175838506977, 0.6400746614773422, 0.07566549297282535], [-0.33594795848453385, -0.21105601815098762, -0.5795367215925344, 0.10892122407458471, -0.10524561011013173, -0.7725697178593913, -0.1467077412278445, 0.6800618656562389, 0.4297534207398488, -0.658309205038532, 0.2531933777053338, 0.34265767479334935, -0.09928228008614676]], "inverted": true, "swapped": false, "error_lsq": 0.04917761740251404, "error_max": 0.32028603436525604, "target": "397.xyz", "model": "18.xyz", "model_rescale": 3.9405287249114394, "target_rescale": 3.8716050115904515},
{"mapping": [6, 8, 11, 1, 14, 2, 3, 4, 12, 5, 13, 7, 15], "R": [[0.3229344947552576, 0.15454903273351137, 0.9337172530152278], [-0.12447575287191989, 0.9849423154549285, -0.11997675680419659], [-0.9381999248796258, -0.07748052469763372, 0.33730945620964164]], "T": [0.03285715407174218, 0.049615573346919996, -0.0012927925771305665], "aligned_model": [[-0.6093800921722298, -0.6357346985515131, 0.4790528290961493, -0.29056088502107974, 0.7813159673631567, -0.19163718644135264, 0.32403128819960075, -0.22758554558261707, 0.23913426447645564, -0.32131839154027697, 0.5708274755848536, -0.13407937770235556, 0.03343640887940509], [-0.10294675754439639, 0.38220092128820515, 0.35376436874605166, -0.5250099289782902, -0.14280777754666132, -0.257739698014116, -0.7488919561566515, 0.1701037170511339, -0.25133568490387503, 0.3745391390239153, 0.41957083282665514, 0.6819479805411779, 0.03548657243120422], [-0.3513492313440648, -0.12230550462233153, -0.4783841169025547, -0.028232132700681187, -0.05150853625855893, -0.7826123886818368, -0.05635588198337546, 0.6712525486746993, 0.4073845325703968, -0.6797078588286427, 0.15698191963656627, 0.2593093373306924, -0.03854037647105505]], "inverted": false, "swapped": false, "error_lsq": 0.03874451830116329, "error_max": 0.2162608309804344, "target": "397.xyz", "model": "19.xyz", "model_rescale": 4.410303926677745, "target_rescale": 3.8716050115904515},
{"mapping": [0, 3, 7, 6, 12, 2, 4, 10, 9, 1, 8, 5, 13], "R": [[-0.8426830209399204, -0.06294871532731014, -0.5347174819081671], [-0.003222786841405839, 0.9937137557088349, -0.1119043580921539], [0.5384003527715641, -0.09257662206887557, -0.8375885799017152]], "T": [-0.03497788363192584, -0.038316145201553284, -0.09028141177325712], "aligned_model": [[-0.5975987800630683, -0.7431751804202843, 0.4835997484026641, -0.36857075293714553, 0.6890526412679943, -0.009120431209183495, 0.07282217984659425, -0.09664378643928034, 0.4521901793392648, -0.03167276392682939, 0.4112097029289536, -0.24353716982826942, -0.0010535303732138318], [-0.03163738788206781, 0.04041485233343878, 0.19211885136401774, -0.4904500120504158, -0.25371157417781165, -0.28675154151215876, -0.7189454031156334, 0.18596461167070255, 0.02209588668500892, 0.5038546118189136, 0.5490623513322077, 0.6607429447602016, 0.01612353753794893], [-0.5336463783892814, 0.04470271526104973, -0.5202001446437097, 0.0539288069199559, -0.0825648401349315, -0.7036491430473191, -0.232465639447067, 0.697772819568085, 0.3922891961307564, -0.6090875774921927, 0.12642281249566883, 0.318240479747253, -0.04581079654901439]], "inverted": true, "swapped": false, "error_lsq": 0.04883662215645735, "error_max": 0.32150106172581444, "target": "397.xyz", "model": "20.xyz", "model_rescale": 4.121658175737393, "target_rescale": 3.8716050115904515},
{"mapping": [11, 4, 8, 3, 5, 7, 0, 2, 1, 9, 6, 10, 12], "R": [[0.8877096538922424, 0.2803247697201681, -0.36522540145484117], [0.4463691542688288, -0.7183925134114193, 0.5335417273201359], [-0.11281023226572012, -0.636655495661318, -0.7628522998198248]], "T": [0.041212060492413334, 0.10073118952848537, -0.0910359113635654], "aligned_model": [[-0.7265485851965553, -0.4796672450718915, 0.5914062436964668, -0.24420220076340032, 0.5377170573902842, -0.17507974873587911, 0.27564468590927155, -0.16772835740167524, 0.4081857697028886, -0.061684712536382795, 0.3318796817855861, -0.32034450571012096, 0.047923973519604944], [0.07081078610208219, 0.11261716495795565, 0.3890145848085673, -0.5236921568234689, -0.265945945239913, -0.3120392993740234, -0.854283671273746, 0.07421779413214868, -0.19021534306022747, 0.5279238609733168, 0.5760050431743817, 0.7833544208679287, 0.0011144895193501425], [-0.5202414140438523, 0.1491204430180226, -0.3515779376102024, 0.015147359213324885, -0.3790188915554986, -0.5906922296955961, 0.05092073795498622, 0.6382463219617222, 0.4218532364221458, -0.6651278471584608, 0.24400372814862295, 0.018396328577515303, -0.1250975248134763]], "inverted": true, "swapped": false, "error_lsq": 0.0529461741737329, "error_max": 0.32045797686026944, "target": "397.xyz", "model": "21.xyz", "model_rescale": 4.08911054899281, "target_rescale": 3.8716050115904515},
{"mapping": [3, 14, 11, 13, 8, 2, 0, 10, 6, 15, 5, 9, 16], "R": [[-0.9167634855534766, 0.21682052698250776, -0.33546023703990396], [-0.017358597009765095, 0.8174262204009267, 0.5757717024228516], [0.3990531175992658, 0.5336695918638085, -0.7456228108462235]], "T": [-0.0009329725909693037, -0.022818482783360773, -0.08968940252042719], "aligned_model": [[-0.8016764150814129, -0.5348154249023765, 0.5190280891612702, -0.5245493075979137, 0.6907474234721249, -0.12006284578034189, 0.19270003448595294, 0.029321469782355253, 0.4809144233166775, -0.045225060121847904, 0.33370844165235725, -0.1867745468934114, -0.015814224905236957], [-0.19646699566955306, 0.29693824344050695, 0.4421801870022186, -0.3825982291350582, 0.019044727988049147, -0.23713443504778883, -0.7716575884077187, 0.1921953674973493, -0.3612568540281523, 0.3648575799857231, 0.4852970814247736, 0.6051377080167976, -0.0676550643027946], [-0.37767370170259695, -0.2463666155911738, -0.40482391605008355, 0.0922843149698792, -0.06544647889345899, -0.768755360503986, -0.046961769338434226, 0.6874779682042325, 0.3673080640781975, -0.7055242011735984, 0.26746987739659206, 0.19081290274472357, -0.08386877372103993]], "inverted": false, "swapped": false, "error_lsq": 0.04306400668950673, "error_max": 0.205026368914375, "target": "397.xyz", "model": "22.xyz", "model_rescale": 4.204369325754507, "target_rescale": 3.8716050115904515},
{"mapping": [6, 8, 11, 1, 14, 2, 3, 4, 12, 5, 13, 7, 15], "R": [[0.3229344947552576, 0.15454903273351137, 0.9337172530152278], [-0.12447575287191989, 0.9849423154549285, -0.11997675680419659], [-0.9381999248796258, -0.07748052469763372, 0.33730945620964164]], "T": [0.03285715407174218, 0.049615573346919996, -0.0012927925771305665], "aligned_model": [[-0.6093800921722298, -0.6357346985515131, 0.4790528290961493, -0.29056088502107974, 0.7813159673631567, -0.19163718644135264, 0.32403128819960075, -0.22758554558261707, 0.23913426447645564, -0.32131839154027697, 0.5708274755848536, -0.13407937770235556, 0.03343640887940509], [-0.10294675754439639, 0.38220092128820515, 0.35376436874605166, -0.5250099289782902, -0.14280777754666132, -0.257739698014116, -0.7488919561566515, 0.1701037170511339, -0.25133568490387503, 0.3745391390239153, 0.41957083282665514, 0.6819479805411779, 0.03548657243120422], [-0.3513492313440648, -0.12230550462233153, -0.4783841169025547, -0.028232132700681187, -0.05150853625855893, -0.7826123886818368, -0.05635588198337546, 0.6712525486746993, 0.4073845325703968, -0.6797078588286427, 0.15698191963656627, 0.2593093373306924, -0.03854037647105505]], "inverted": false, "swapped": false, "error_lsq": 0.03874451830116329, "error_max": 0.2162608309804344, "target": "397.xyz", "model": "23.xyz", "model_rescale": 4.410303926677745, "target_rescale": 3.8716050115904515},
{"mapping": [2, 5, 7, 4, 11, 3, 10, 15, 9, 0, 13, 6, 16], "R": [[0.9089052074979387, 0.41699290873429495, 0.002870165228920831], [-0.4142514111387139, 0.9036762359896022, -0.10846671783201318], [-0.04782355228037259, 0.09739699468144457, 0.994095937661104]], "T": [0.11206803443705957, 0.04413554355710184, -0.03047316828465213], "aligned_model": [[-0.6264027126201548, -0.4798776928731906, 0.4770380303072089, -0.4406504242456373, 0.7238800260635907, -0.23636081199505812, 0.2221309009368822, -0.09997925039758643, 0.3014233239740371, -0.1911547602009507, 0.360846999685351, -0.07637782468083013, 0.08298625263453484], [-0.0647373423735616, 0.22737547273539166, 0.36389056252071905, -0.3613503846303184, -0.11282274601067574, -0.4413880046574896, -0.5967342601547166, 0.06406110308153168, -0.3227072279195542, 0.29045161676994674, 0.6955836717700808, 0.6589763041704934, -0.011717036537494556], [-0.5555461171482061, 0.07734806200793323, -0.4848788533771892, -0.09346396495020308, 0.011618028522969573, -0.7028682959716086, -0.06139252118591035, 0.6506678684372902, 0.4406859757082004, -0.6768245742358476, 0.058470558458342994, 0.3749366083974898, -0.13282046424400762]], "inverted": false, "swapped": false, "error_lsq": 0.044409170569678344, "error_max": 0.2850227838831168, "target": "397.xyz", "model": "24.xyz", "model_rescale": 4.28219845311461, "target_rescale": 3.8716050115904515},
{"mapping": [5, 11, 7, 8, 4, 1, 0, 14, 2, 9, 13, 12, 15], "R": [[-0.773084850879953, -0.23058567857072113, 0.5909061331362209], [-0.6333737789821634, 0.2302286401587741, -0.7388047301882246], [0.03431427454827868, -0.945423195235193, -0.32403319656094437]], "T": [-0.0025194503096699636, 0.01725009118913274, -0.0907230190230648], "aligned_model": [[-0.6912232912068383, -0.45801294781632557, 0.513224736940747, -0.5184698658579063, 0.6417564039751857, -0.10016295831581437, 0.35868253037456915, -0.2005403869172592, 0.3942360436199437, -0.15514951902263704, 0.36945353573869033, -0.1717587892881088, 0.03546656436395044], [-0.09246589248066572, 0.2910881488249854, 0.4598433704107738, -0.44675879040305094, -0.2322500099864259, -0.4528169385324429, -0.7018137835254078, 0.12679884749018427, -0.1468906739854087, 0.515477045124282, 0.4231544332027193, 0.6907951665508161, -0.04527919392600623], [-0.5795277892278958, 0.027663902416646194, -0.469754849158037, -0.11162716760647062, -0.33011160714835014, -0.5142559359960676, 0.04356936820011405, 0.6365536845448241, 0.44259012691701394, -0.5212432257219457, 0.13242316562231116, 0.22883132350913976, -0.07917868593202906]], "inverted": true, "swapped": false, "error_lsq": 0.03912987420348672, "error_max": 0.2609560205968918, "target": "397.xyz", "model": "25.xyz", "model_rescale": 4.100010024507729, "target_rescale": 3.8716050115904515},
{"mapping": [9, 5, 3, 6, 11, 7, 1, 8, 4, 10, 2, 12], "R": [[0.19532044865795065, -0.8226755217783559, 0.5339053363685053], [0.027989675644849943, 0.5488447541964182, 0.835455572635894], [-0.9803399922441973, -0.14823772009101888, 0.13022702464874092]], "T": [0.03919143216636836, 0.06920928308486704, 0.03788349556073336], "aligned_model": [[-0.6549577708256752, -0.13730142450823207, 0.3125922995992285, 0.6440373104035194, -0.48817809331612494, 0.268178047053927, -0.28487077927700377, 0.5352250742546707, 0.2389938001881698, -0.1486738004040983, -0.4357429016207921, 0.027463840815417823], [-0.21657918787683486, -0.66766144216045, -0.18329322622914182, -0.39694855204487556, 0.6397594510419864, 0.726325343378865, 0.13102671217694956, 0.3411151221867986, -0.12310991985528097, 0.5426551477092288, -0.18295958282403488, 0.055801524547429225], [0.06496365297889772, 0.1338195704053085, 0.540660354406905, -0.13674710988560324, 0.1690520545499742, 0.2383895896552067, 0.494080752416924, -0.23171617431040523, -0.6764089649469321, -0.4275267239270711, -0.5875282617753437, -0.01584644971350447]], "inverted": false, "swapped": true, "error_lsq": 0.04376078194410129, "error_max": 0.28601629969775066, "target": "397.xyz", "model": "26.xyz", "model_rescale": 3.6694154284099745, "target_rescale": 3.8716050115904515},
{"mapping": [7, 7, 10, 3, 2, 9, 12, 1, 6, 8, 0, 5, 13], "R": [[-0.6108723655314268, -0.554009293118976, 0.5656046818828961], [-0.7901002570641333, 0.47237742432247876, -0.3906419751865531], [-0.05075959827687465, -0.6855167920104319, -0.7262851995287366]], "T": [0.09895654642666865, 0.08523809639861682, -0.1815328190256068], "aligned_model": [[-0.528577439087074, -0.528577439087074, 0.4181027499211937, -0.43804468195116164, 0.7364042549855819, -0.14016090017276375, 0.28258382747595345, -0.13566518158180368, 0.1869577557295769, -0.11087999126085016, 0.3865399026653734, -0.2638984441795349, 0.152717643130779], [0.0795499792103894, 0.0795499792103894, 0.16674763266536907, -0.5020963765639502, -0.03398808680719699, -0.2952454827951573, -0.6850423024982628, 0.17085268390703368, -0.3095985296112622, 0.4824690427424442, 0.4848572818231497, 0.6736173687820353, 0.07720853869937104], [-0.13360300506253434, -0.13360300506253434, -0.6849140028070896, -0.04189357696225382, 0.022367113035312303, -0.6942887338291471, -0.12974534865718163, 0.6653847925800506, 0.3730393203095316, -0.6359922728255594, 0.25952688553632275, 0.20333675283332997, -0.16368260866899398]], "inverted": false, "swapped": false, "error_lsq": 0.05386980913739246, "error_max": 0.4931878585312485, "target": "397.xyz", "model": "27.xyz", "model_rescale": 4.103607728864725, "target_rescale": 3.8716050115904515},
{"mapping": [12, 13, 9, 2, 5, 3, 1, 8, 7, 10, 6, 11, 14], "R": [[-0.7263003216508896, 0.6807124491571597, 0.09549033632926429], [-0.19697705986636432, -0.3392064681887343, 0.9198581465776821], [0.6585498315664635, 0.6492838620367728, 0.38045050380094925]], "T": [-0.04017861724339342, 0.10592661029439598, -0.13769427469216422], "aligned_model": [[-0.7980287846595899, -0.6031924396995084, 0.6129937313005278, -0.4144855244995178, 0.6681928609740903, -0.18546820402799655, 0.24126668837867485, -0.14611395572239094, 0.35985533037495815, -0.04372963610738557, 0.4267120453913355, -0.08716954796860284, -0.013330507146398253], [-0.07287529462987258, 0.21231120749750312, 0.2507823869812403, -0.5192611172002446, -0.02218471073384276, -0.28192516917850846, -0.7012316785124743, -0.052722509070387585, 0.006637247087292852, 0.45609950568707835, 0.5219441985920927, 0.6384134201939881, -0.04710575794951252], [-0.4996150114114517, 0.1649115516810042, -0.6094003411266131, -0.23945551880073204, -0.007549168544273566, -0.763787547055372, 0.13090369408000413, 0.6597316703289011, 0.45407908451741485, -0.5080206306312001, -0.036651025420669364, 0.29394316943406307, -0.13315761663182246]], "inverted": false, "swapped": false, "error_lsq": 0.05450168358284527, "error_max": 0.27407647739148694, "target": "397.xyz", "model": "28.xyz", "model_rescale": 4.137296879288765, "target_rescale": 3.8716050115904515},
