[{"mapping": [2, 4, 3, 10, 8, 13, 7, 6, 0, 1, 12, 14], "R": [[0.16769478093477877, -0.6494992822958952, -0.7416394964835368], [0.1270373192386523, 0.7602574849999539, -0.6370793325969708], [0.9776195476604862, 0.01261898564315167, 0.21000186007139227]], "T": [-0.10602827774566013, -0.12060581021899752, 0.10269018504360991], "aligned_model": [[-0.3299414733728571, 0.23041385971482947, 0.46010498761735297, -0.22407407219060566, 0.004646829327496119, -0.6553859704538926, 0.4778872572891203, -0.2993842808116787, 0.5450208806317884, 0.36771768727281423, -0.6331157918270144, -0.10624745073680415], [-0.24188808905516881, -0.6515726634665624, -0.27006979366442024, 0.5969731259256732, 0.3591781581656365, -0.5266208669375865, -0.1414212505898415, -0.5272644259870469, 0.08050968079961007, 0.4621800617843166, 0.05426251020591946, -0.14071141120347194], [-0.5585266015167766, 0.1409288015697954, -0.5565164063902732, 0.062473218591479245, -0.654498509528419, 0.0073123059036529214, 0.43661518595961957, 0.5568683036924256, -0.02224352575265781, 0.4673056288075714, 0.2990647446960144, 0.0031685993211304636]], "inverted": false, "swapped": true, "error_lsq": 0.04184501279341324, "error_max": 0.2417030643072147, "target": "398.xyz", "model": "0.xyz", "model_rescale": 3.751011558992144, "target_rescale": 4.05512126200638},
{"mapping": [8, 4, 13, 2, 0, 3, 7, 1, 5, 9, 10, 6, 11, 12, 14], "R": [[-0.43729669476553445, 0.8983952696131006, 0.04071290070657166], [-0.051181955767368115, 0.020335603490051424, -0.9984822835857042], [-0.8978596817715818, -0.4387167682770966, 0.03708893475868846]], "T": [-0.06509502196709581, -0.009547484892507651, -0.11767662621042338], "aligned_model": [[-0.10251016991303788, 0.4355219938276941, -0.7687677190884369, -0.6623752609229592, 0.003709222489403599, -0.4511500340463196, 0.2714356687378238, 0.4984663562456716, -0.5569565305557054, -0.44235976498780843, 0.11747543349060811, 0.6060574034245174, 0.15853081508955863, -0.2509703962462698, -0.08367221926623739], [-0.19112644851529548, 0.16756209706467945, 0.005220761005662456, -0.5163475814921816, -0.7579997691243457, -0.5012948003144516, -0.2776787734681158, -0.4108729555507415, 0.17521055074882544, 0.5207445353528659, 0.742949895561712, 0.15005955958554926, 0.548132289706578, 0.04971037856063705, 0.018844730840380873], [-0.7548951435290355, -0.7038410821316926, 0.061568548172730775, -0.3825314548005324, -0.014770490958927115, 0.3211308428880373, 0.3868327692399466, -0.20147393537789737, -0.4553492067237266, -0.014471450604304839, -0.3876200820161989, 0.1786437384526808, 0.407409788516238, 0.5992012957070788, -0.07463499206796342]], "inverted": true, "swapped": false, "error_lsq": 0.039375009918846654, "error_max": 0.22616522493448357, "target": "398.xyz", "model": "1.xyz", "model_rescale": 3.9405287249114394, "target_rescale": 4.05512126200638},
{"mapping": [11, 6, 7, 2, 5, 1, 12, 13, 3, 8, 8, 10, 14], "R": [[-0.5268151980607528, -0.22257774012202314, 0.8203199965223223], [0.8248993965758069, 0.0988331151656901, 0.556572547719985], [-0.20495544057448034, 0.9698923470926135, 0.13153745637688952]], "T": [-0.016068429207420385, 0.09380442026715904, -0.02636718354096038], "aligned_model": [[-0.3829584304035719, 0.2422998166176568, -0.4380832795343651, 0.42808412747173746, 0.5840955610995461, -0.84584018738056, 0.07442758994251727, 0.6282892617739058, 0.012538892328074782, -0.17955754779017555, -0.17955754779017555, -0.48145386001907725, 0.03369888296841857], [0.6933848369925549, 0.6502222628659644, 0.20844025130691243, -0.4205271557333099, -0.36755571634172746, 0.1687045667341925, 0.4233163651085645, 0.26256426261568405, -0.6812855665077491, -0.7275392501992344, -0.7275392501992344, -0.02872878519576319, 0.00537577212516302], [-0.0824679292052708, -0.20714486785623618, -0.5378929729151566, 0.17424608992109858, -0.43528892331535074, -0.08010572842833824, 0.4534197414499335, 0.15269236614255333, -0.445672347167259, 0.31192594071976315, 0.31192594071976315, 0.5203262935762423, -0.022843254053098155]], "inverted": false, "swapped": true, "error_lsq": 0.05416551474554276, "error_max": 0.41453304938540203, "target": "398.xyz", "model": "2.xyz", "model_rescale": 3.932901565614263, "target_rescale": 4.05512126200638},
{"mapping": [7, 11, 1, 4, 0, 8, 10, 3, 5, 2, 12, 13, 9, 14], "R": [[-0.44618914588158565, -0.7344786528375381, -0.511328030351766], [-0.17170304899682276, 0.6309979027028638, -0.7565445854341846], [0.8783127626663843, -0.24976540054727892, -0.40765663937534674]], "T": [0.14175432832609597, 0.0023645024248254293, -0.037920491621814836], "aligned_model": [[-0.13595249628821454, 0.5303153341982736, 0.14173911545432089, -0.25363384384040455, -0.37788530663452896, -0.22453394233271756, 0.41937537717774775, -0.7083314134140759, -0.4617014001660931, -0.08391468676324404, 0.7128007272150958, 0.40084717245874996, 0.3795972616127995, 0.08108801337499486], [0.056870580335432894, 0.08705135096978028, -0.487172179371815, 0.4724031767882451, -0.3062124044703084, -0.7035028688362875, -0.6704432586196551, -0.1366207582174992, 0.3979513215011077, -0.06700249165857775, -0.03484744399072533, 0.42084155044203786, -0.35538343167061043, -0.010436504850636515], [-0.6484977167809117, -0.6202440487286253, -0.7142139713724648, -0.17689221829293889, -0.3765586787094282, 0.3902856641010534, -0.06490221669804848, 0.15032672801791014, 0.4307150090566287, 0.6301482660112316, 0.10166613390957545, 0.44528432939221424, 0.6242970767054845, 0.042482006445416554]], "inverted": true, "swapped": true, "error_lsq": 0.04197636704178952, "error_max": 0.31326545167503683, "target": "398.xyz", "model": "3.xyz", "model_rescale": 3.9243930471874484, "target_rescale": 4.05512126200638},
{"mapping": [11, 12, 1, 7, 0, 6, 4, 10, 8, 2, 3, 5, 14], "R": [[-0.24233046706081335, -0.018653305673939802, 0.9700144323264076], [0.8009489512209773, -0.5680627705267085, 0.18917046883574773], [0.5475004312985557, 0.8227738103081276, 0.15259926211794328]], "T": [-0.10338558565298271, -0.08238595490560387, -0.18986493147514788], "aligned_model": [[0.043105018095160916, -0.37511267626914896, 0.6494853979814594, 0.33070462064381734, 0.5126997479767794, -0.5024057027713964, -0.2024745592925321, 0.28269401805100486, 0.2721415363938805, -0.3733681181616448, 0.19891037436462988, -0.43896764535695887, -0.12020612534369905], [-0.5982054430786821, 0.02757695477405346, -0.2890906650159891, -0.5760559149946536, -0.12617624843353198, -0.5658783596664121, -0.47496773214741733, 0.3166318073714688, 0.7112004778675252, 0.4835102092838881, 0.1824037867419952, 0.04707954591789261, -0.01019886493854981], [-0.6478201709874511, -0.7007814524327562, -0.48563085011458174, -0.045808678044689105, 0.12388999091493602, -0.3165676458614153, 0.2924650659137357, -0.6612449358945514, 0.022211255679081054, 0.14017311581750963, 0.5949300939697559, 0.5917298135650317, -0.1204752871536409]], "inverted": true, "swapped": true, "error_lsq": 0.04100136878047321, "error_max": 0.3022709742972137, "target": "398.xyz", "model": "4.xyz", "model_rescale": 3.8936222436046832, "target_rescale": 4.05512126200638},
{"mapping": [8, 10, 9, 2, 12, 11, 7, 6, 5, 3, 13, 14], "R": [[0.7072763779777931, 0.6970885787762248, -0.11759097964707027], [-0.10362774456647875, -0.06230873046840349, -0.9926625371512119], [-0.6993006618834843, 0.7142724518327439, 0.02816822397954534]], "T": [-0.15955336097129583, -0.027270380779316088, 0.10050759926401337], "aligned_model": [[0.04597403567222466, -0.6600603721285189, -0.16000295187579505, 0.3160964181496597, -0.5438606886815471, -0.7115261212847146, -0.22648186571356982, -0.23160203610376973, 0.6967152524582114, 0.5294127085314613, 0.05129138959926102, -0.0784077264078056], [-0.6208279526383028, -0.3604905920522313, 0.0723776282150844, 0.0067574884120718895, 0.33392496407887984, 0.0757718262582894, -0.3550252014369774, 0.4931460779255954, 0.05375915274561734, -0.5763758699836897, 0.5924185700998056, -0.04651318651433538], [-0.5485103149340897, -0.3105018485069167, -0.6825345613102227, -0.42356638492657955, -0.16180699314049546, 0.5270760207431564, 0.6844544235880874, 0.4652146530484507, 0.07802968732125502, 0.06574262425485017, -0.11690706437282891, 0.04259447751085121]], "inverted": true, "swapped": true, "error_lsq": 0.04628972622322444, "error_max": 0.2744595333822441, "target": "398.xyz", "model": "5.xyz", "model_rescale": 3.6523030999806103, "target_rescale": 4.05512126200638},
{"mapping": [6, 4, 5, 13, 2, 7, 3, 12, 0, 10, 8, 9, 14], "R": [[-0.4021637690979414, 0.4067258522132168, 0.8202672637417454], [-0.9114609683751193, -0.2626146025956455, -0.31665829158924813], [0.08662104798273779, -0.8749900865981075, 0.47632881752147693]], "T": [0.03426674692893956, -0.22643158602428, 0.02600042085061259], "aligned_model": [[0.22555298455109907, -0.14980988939162515, 0.19566998363420393, 0.6785864936376838, 0.41948000016620196, -0.5811329410651914, -0.31610649677964187, 0.44108740828965926, -0.6039153097965161, -0.03586104850412202, -0.03325985160403865, 0.5795278360570243, 0.06126373546955741], [-0.6654349925374338, -0.11782482894699747, 0.4258957684952064, -0.2273679444754881, 0.36615262435755114, -0.39744701182507336, 0.5669652583391355, -0.5681317871086234, 0.03517922801651438, -0.2991969311562889, 0.4745296588854566, 0.07608085417264002, -0.12857299205341627], [0.44993570072908096, 0.6183699568486273, 0.5632945655234702, 0.27215124429668286, -0.024088023938860254, 0.23797562931717464, 0.18461859173636275, -0.22836362286688067, -0.03884033713034528, -0.6952894241013219, -0.5395699518329409, -0.45800528291149867, 0.027920693812237666]], "inverted": false, "swapped": true, "error_lsq": 0.05570014455313383, "error_max": 0.34028146989939223, "target": "398.xyz", "model": "6.xyz", "model_rescale": 4.08911054899281, "target_rescale": 4.05512126200638},
{"mapping": [8, 9, 12, 10, 4, 5, 6, 3, 11, 13, 1, 0, 2, 7, 14], "R": [[0.17294986479885258, 0.7239398603375268, 0.6678318821983129], [-0.7651923823509247, 0.5256767604788111, -0.3716780347082938], [-0.6201362449157244, -0.4467382030977263, 0.644868991063177]], "T": [-0.13902673367275897, -0.031537941400618864, -0.07270396452430467], "aligned_model": [[-0.020970524063117113, 0.2602901806839911, -0.8434357848774209, -0.6484471381857875, 0.0190161324861729, -0.5432395071157958, 0.2291594088285897, 0.5746905250261104, -0.4603945980003549, -0.5241849865060202, 0.14553841788026695, 0.7651617142150243, 0.1789430338546873, -0.2715301903259239, -0.08816188562191929], [-0.4687826714002492, 0.13114777575303807, 0.0604833598903276, -0.37726580734848464, -0.714217415659861, -0.5702666900517999, -0.10027088761236605, -0.36085486497487385, 0.2175495289835148, 0.5499016103576075, 0.6214511791609083, 0.207062804410303, 0.49507324719219575, -0.005893787775287963, 0.037997089036786384], [-0.5826341075293429, -0.7274074602004732, -0.01489491072763649, -0.44718759924670537, 0.003589400741947746, 0.2835046804375339, 0.25723195808568516, -0.16549121983845444, -0.49603502980573444, 0.14972735134026952, -0.24755802311398134, 0.028138079825471174, 0.4485593338946992, 0.689578250863969, -0.2139215599608141]], "inverted": true, "swapped": false, "error_lsq": 0.04743425214752708, "error_max": 0.28463492581931776, "target": "398.xyz", "model": "7.xyz", "model_rescale": 3.964800864290218, "target_rescale": 4.05512126200638},
{"mapping": [8, 9, 10, 3, 1, 5, 0, 12, 13, 6, 4, 7, 11, 14], "R": [[-0.4796893367975192, -0.7724588177703519, -0.41617966674452817], [-0.7303340993426389, 0.0886095959859885, 0.6773185682059634], [-0.4863231883224699, 0.6288526968599485, -0.6066580932880044]], "T": [0.08837497071543601, -0.04310420387189454, 0.11874938540391362], "aligned_model": [[-0.2372647748799593, 0.31821519977696255, 0.42665327811244735, -0.7552914307792907, 0.17223032164537747, -0.5747769520953573, -0.38052662779680657, 0.6512633104899743, 0.2798408645440842, 0.33084324176161467, -0.3389514499351548, -0.15677858326461275, 0.5012374771746977, 0.024494014706895773], [-0.18043890669527227, -0.5672877875401097, 0.1812736067545797, -0.10126016187569306, 0.7545044900151852, -0.5628427411613721, 0.4217423203808992, -0.21080462839761208, -0.6579009478372231, -0.10168223993747758, -0.034321248627032945, 0.5363688194546037, 0.44282854256755894, -0.10923065091983122], [-0.7124390952196064, -0.42484052692245516, -0.48597710518364984, -0.13073924003908854, -0.11321545108063215, 0.2930145864671408, -0.09094057441230034, 0.07406796614347656, 0.3659432683362684, 0.7076579423004881, 0.581238620750599, 0.3575113820812363, 0.41985760425618784, 0.07567566124735686]], "inverted": true, "swapped": true, "error_lsq": 0.040514044723560606, "error_max": 0.21765772554805685, "target": "398.xyz", "model": "8.xyz", "model_rescale": 4.121658175737393, "target_rescale": 4.05512126200638},
{"mapping": [8, 0, 1, 10, 3, 2, 4, 13, 6, 5, 9, 12, 14], "R": [[0.888488442688191, 0.024799410872412456, 0.4582284107624652], [-0.016118030969035982, 0.9996090410646424, -0.022846752493678034], [-0.45861584827303387, 0.012913335828028984, 0.8885407978650155]], "T": [0.14526068464204875, -0.022396957518206168, -0.07885469302352027], "aligned_model": [[-0.6853037251468361, -0.14227408903203068, 0.3057607659505661, 0.015917249644406856, -0.584187766775231, -0.42714050401362536, 0.1976012667507946, 0.2319428875411242, 0.6887719682704235, -0.3303226163600861, -0.2623606025536769, 0.41585845087102147, 0.0524742112883466], [0.28395449694333086, -0.2794685493190273, 0.12406026267096817, 0.6071886500484991, -0.4921152554003809, 0.031352997917707986, -0.6464976162023459, 0.013571315499952295, -0.21735246993389154, -0.5922358946668804, 0.5491013442222028, 0.445826557990342, -0.0369984003587672], [-0.25798565733063644, -0.6543187058533002, -0.884962031014906, -0.42143896315736773, -0.23591953328844006, 0.33529741753627196, -0.012974998162499932, 0.6044691831039004, 0.1961423431546973, 0.3563131937630017, 0.2821432715109426, 0.15461207785421222, -0.04030216415678673]], "inverted": false, "swapped": true, "error_lsq": 0.04605587372907016, "error_max": 0.25576049277366425, "target": "398.xyz", "model": "9.xyz", "model_rescale": 3.833441315466971, "target_rescale": 4.05512126200638},
{"mapping": [7, 3, 12, 11, 8, 10, 13, 9, 6, 1, 4, 2, 5, 0, 14], "R": [[-0.7901386255886753, 0.24327643015594086, 0.5625811327119145], [-0.6113053610916338, -0.37952962494533654, -0.6944515960738223], [0.04457250109054056, -0.8926218921354291, 0.4485972022060548]], "T": [-0.16793635267869095, -0.003793430378370554, -0.08366823674030835], "aligned_model": [[-0.10121027884302576, 0.47438130296527486, -0.7694373252435902, -0.4871465969189371, 0.06742061144243319, -0.4486522297167184, 0.27242245443884217, 0.4655220604321089, -0.4964083617410025, -0.5695662933224628, 0.07081036442659155, 0.538310481886104, 0.17524900129546622, -0.32937051451875776, -0.08988987830382313], [-0.2782820813759113, 0.14801176213358738, 0.019933610074256803, -0.53179345368625, -0.7439271742858654, -0.6312781420675334, -0.002905243602860274, -0.4411616260682591, 0.5040633139026807, 0.5043695411758731, 0.6727562340166818, -0.0253094610522256, 0.4679251577673106, 0.08818137042372091, -0.027469337393447243], [-0.6870898044074273, -0.6482079275699957, -0.10923510720997062, -0.3746285027604843, -0.017573585323550328, 0.3671262580075857, 0.5809894748172495, -0.3393039674017966, -0.3925650392419451, 0.271398965396789, -0.43179628325283925, 0.048251147805267264, 0.25858983530838453, 0.5715436443425036, -0.13229996374333658]], "inverted": false, "swapped": false, "error_lsq": 0.04416868307012411, "error_max": 0.31544147670755457, "target": "398.xyz", "model": "10.xyz", "model_rescale": 4.2482417240324, "target_rescale": 4.05512126200638},
{"mapping": [3, 4, 7, 6, 8, 10, 0, 12, 13, 9, 2, 14], "R": [[-0.8353300815604281, -0.30888148028025525, -0.45477014631583595], [0.12970896176015362, -0.9146142358887179, 0.3829574189760522], [-0.5342277043352877, 0.2609080885092965, 0.8040694803753426]], "T": [0.13741355647180087, 0.011259884811299907, 0.006614241282598764], "aligned_model": [[-0.6993143172688117, 0.01140266527113612, 0.20994506921185474, 0.6095461360967861, -0.5756501738085122, 0.18429004796628154, -0.22572444279524118, 0.5359392855948676, 0.24778858200744136, -0.08134165395270024, -0.3854211833596618, 0.04530558739956651], [-0.18550326506313725, -0.5978432276333313, -0.26702337943773335, -0.38874588014992795, 0.5654751430201519, 0.7205042193951928, 0.005302071967761994, 0.3090825587625883, -0.1624984287397041, 0.5521121072599664, 0.10301608684948341, 0.012253383819328863], [0.2030077616564719, 0.1050822899558502, 0.6150500598765446, -0.15500801094112726, 0.019338979373246044, 0.16550669541773452, 0.5965432009035146, -0.3087300828692742, -0.6516899762787544, -0.5250905494140501, -0.46272442469093517, -0.03609365313486383]], "inverted": true, "swapped": true, "error_lsq": 0.046851676943384914, "error_max": 0.25129761717434873, "target": "398.xyz", "model": "11.xyz", "model_rescale": 3.6694154284099745, "target_rescale": 4.05512126200638},
{"mapping": [12, 11, 7, 1, 10, 13, 9, 5, 0, 3, 4, 8, 6, 14], "R": [[-0.14663792268669218, 0.5647171705865115, -0.8121525945749953], [0.5962903766094723, -0.6046243532600862, -0.5280787613678061], [-0.7892623812098646, -0.5617151490654205, -0.24807455515902277]], "T": [-0.01591029881520968, 0.017840544185862242, -0.08865368612110178], "aligned_model": [[-0.02504759894700094, -0.09021146882146643, -0.014494596864706902, 0.5130567070299445, 0.6375162324544627, -0.4793629507777422, 0.28415157627488125, -0.3988038867373492, 0.346413347754229, 0.1670309147488075, -0.4494629664089015, 0.6850208280806592, -0.5734561730795126, -0.004085114450494616], [-0.36538986520283745, 0.3691721697364015, 0.6902908181971108, 0.5784508108004031, -0.13930831673882876, -0.49299263213172917, -0.7082992023515446, -0.0954951133543493, 0.5260179949310753, 0.21944680979061743, 0.35834527510703107, -0.25872218850677003, 0.07708877442911401, -0.027618046569439697], [-0.5358830542684097, -0.6955290174587005, -0.11520864083255204, -0.40947929217947887, -0.3693844242283203, -0.08827157183972037, -0.012700459189614322, 0.6734581883639399, 0.21200913688115444, 0.7499684652298325, 0.21576365166230518, 0.4093272021329821, -0.3963349862732669, 0.001360261652264133]], "inverted": false, "swapped": true, "error_lsq": 0.03485722930079453, "error_max": 0.21863897316976266, "target": "398.xyz", "model": "12.xyz", "model_rescale": 3.9764082729961374, "target_rescale": 4.05512126200638},
{"mapping": [6, 14, 0, 5, 12, 9, 10, 13, 4, 7, 3, 11, 8, 2, 15], "R": [[-0.1409885099047185, -0.1347805142091134, 0.9807937872276591], [-0.7439458631745581, 0.6680684521894389, -0.015135912746494229], [-0.6531973612472031, -0.7317914704195005, -0.19445938157095033]], "T": [-0.0946058126858917, -0.09776323162852063, -0.056086587107627435], "aligned_model": [[-0.030895665493608407, 0.4412321820604768, -0.7909544077332614, -0.6835027388607364, 0.09704384058551262, -0.515148224303011, 0.4827049064405921, 0.3571327540328012, -0.6091776714758295, -0.5242648640086918, 0.19031762498071642, 0.6519058797018635, 0.2126111032692154, -0.3959983585672276, -0.11057156235030913], [-0.2214484498813047, 0.163246621157434, 0.010319747812641597, -0.5683217437503083, -0.6728149600993568, -0.4712130664596758, -0.2171088427502551, -0.40863634526498643, 0.14414297893343048, 0.5209669787519018, 0.6867863054730959, 0.16840947470584022, 0.3585387517393726, 0.24384570397547228, -0.013598684381542867], [-0.8072868198217358, -0.5885896760281656, 0.11862642681216384, -0.4229639546928565, 0.14341142023059733, 0.15646558863626525, 0.49037096627223703, -0.3276942466899911, -0.4949042134767757, 0.003911123698536752, -0.16445681279482094, -0.006922756089059436, 0.38782680892149507, 0.5986846571516127, -0.12127936736306916]], "inverted": false, "swapped": false, "error_lsq": 0.03979362274825118, "error_max": 0.2736935613989037, "target": "398.xyz", "model": "13.xyz", "model_rescale": 4.170626492500431, "target_rescale": 4.05512126200638},
{"mapping": [13, 5, 6, 4, 12, 1, 7, 2, 9, 3, 8, 0, 10, 14], "R": [[-0.5880795699569207, 0.7492628691290506, 0.30457769508581356], [0.6815091972434797, 0.6618401484839754, -0.3122704467721171], [-0.4355543978331887, 0.023932630428199958, -0.8998442063651663]], "T": [-0.04963080082987201, 0.11276803543309595, -0.0557642765774326], "aligned_model": [[0.3216494121708158, -0.0652324356268586, -0.2429181715604567, -0.5014723909781528, 0.33204953399300496, -0.44141391005993724, -0.6970009847544287, 0.4271055777955791, 0.7269147998255641, -0.22322849336318437, 0.38468568491839217, -0.45456265103914173, 0.2821993320270316, -0.005592281256584966], [-0.21939994371444493, -0.7427955803807254, 0.08488963935235931, -0.3109669422384491, 0.4145511672413, 0.7546773268031266, 0.2506805195262351, -0.36678149754126516, 0.083567640209044, -0.4541374590409712, 0.020720716893090088, 0.14061699937147187, 0.6641342057781638, 0.03631767566673083], [-0.532790982027296, 0.03387091997117028, -0.6647785001448736, -0.16920654828603782, -0.38774350489284654, 0.30683397325837014, 0.06584383395097135, 0.1559166623001256, 0.08283305415712489, 0.5968318375468111, 0.7307933094829446, 0.5056406675926572, 0.2853454604610327, -0.005517082249287979]], "inverted": false, "swapped": true, "error_lsq": 0.042920673147747126, "error_max": 0.2681302322623978, "target": "398.xyz", "model": "14.xyz", "model_rescale": 3.9786697098870705, "target_rescale": 4.05512126200638},
{"mapping": [0, 11, 8, 3, 10, 9, 6, 13, 2, 4, 12, 14], "R": [[0.966039706259692, 0.1023980421311558, 0.23723812277413184], [0.1649400291008218, -0.9511115913612679, -0.26111592746988227], [0.19890216874108754, 0.2913784167469217, -0.9357010983878075]], "T": [-0.08387592304651337, -0.058802313800264926, -0.02339692140970521], "aligned_model": [[0.08293666498137817, -0.7743753046726256, 0.6551167988871857, 0.6253206519481926, -0.0888074619357839, 0.34820043396892736, -0.5314786246515772, -0.01305123949671938, 0.562367324315277, -0.06862897214856134, -0.3304229018066993, 0.01617722737834272], [-0.48552167775890026, -0.08525541883112321, 0.17688299567059138, -0.5516656421064777, 0.42850986269926805, 0.5994999307610321, -0.15732622760357803, 0.19360979222355648, 0.12651966366324552, -0.6291914133267602, 0.458607308547496, -0.059994683713911014], [-0.5430169983343173, -0.16397814337973288, -0.48612637439590173, -0.2009515448767966, -0.5646678943379967, 0.03167693426719855, 0.42267526678874695, 0.6145772423162553, 0.20038774981069704, 0.24307091629329033, 0.11248911405215098, -0.0061697743297641425]], "inverted": true, "swapped": true, "error_lsq": 0.04715023741445904, "error_max": 0.2907817908480303, "target": "398.xyz", "model": "15.xyz", "model_rescale": 3.769337070930944, "target_rescale": 4.05512126200638},
{"mapping": [13, 5, 12, 9, 6, 4, 11, 0, 10, 8, 14], "R": [[-0.9142291368719289, 0.3263823476623128, 0.24012423540501943], [-0.37797163886903984, -0.9004825287500826, -0.2151015007537343], [0.14602234591000146, -0.2874122101621534, 0.9466106358712889]], "T": [0.08644855618620512, 0.0442848819270744, -0.018529563520797203], "aligned_model": [[-0.3006260801985314, -0.32963591589741864, -0.03148975679721537, -0.6181476958911563, 0.3540054881904015, 0.2902137224968141, 0.6915123241556, 0.3395901680837327, 0.003611806358161093, -0.4787946634387999, 0.0023867336295830544], [0.13595184890089906, -0.6667825177381245, 0.5910476361248369, 0.3768659930897221, 0.12726591841201748, -0.484775361622172, 0.3919836567141765, -0.33253156822728197, 0.5349150113641826, -0.06793489034605481, -0.009941229046859394], [-0.5820093179775048, -0.2665695711754689, -0.20320276033092113, 0.10803614716598742, -0.593475624364609, -0.292676091119566, -0.11979970455274011, 0.5047768158249508, 0.513346260842108, 0.6769437862282645, -0.0011523333167234862]], "inverted": true, "swapped": true, "error_lsq": 0.04524468241711681, "error_max": 0.2588581325738929, "target": "398.xyz", "model": "16.xyz", "model_rescale": 3.7852294659196426, "target_rescale": 4.05512126200638},
{"mapping": [9, 6, 4, 13, 12, 11, 1, 7, 2, 8, 10, 0, 14], "R": [[-0.82029459174789, -0.4502295715736422, -0.3527181815979679], [0.16069957606499374, 0.4104274049875049, -0.8976218532810761], [0.5489011104030431, -0.7929960139343938, -0.26431967933256323]], "T": [-0.007292341873512957, -0.009039721154439809, 0.0420950305484179], "aligned_model": [[0.13575128426220293, -0.39806773145124313, 0.21686848829504318, -0.06193148799541864, -0.438725395808127, -0.6288805217674407, -0.2607316317627958, -0.05391949617731071, 0.509344623649635, 0.5999929031158243, -0.18014526612098752, 0.32938741732763555, 0.08482266464926574], [0.028364634135897848, -0.47107702857641337, -0.34684260145008966, -0.607773725848194, -0.08064061453049794, 0.11608810833576592, 0.7102717613667374, 0.21218071539715394, -0.19678508737172506, 0.4918405761565117, 0.5906247116580636, 0.4535093519323056, -0.024705177502642034], [-0.7332915751474484, 0.2491014522122293, 0.5239896654869562, -0.29594519780258227, -0.35249586735442484, 0.3506779264866524, 0.38176921452880364, 0.6759593439333844, -0.40499788203675474, -0.40073666865138935, -0.333399547540298, 0.43275597583961845, 0.002367857188426914]], "inverted": false, "swapped": true, "error_lsq": 0.046367493110756705, "error_max": 0.2893715920183856, "target": "398.xyz", "model": "17.xyz", "model_rescale": 3.901054581598922, "target_rescale": 4.05512126200638},
{"mapping": [8, 4, 13, 2, 0, 3, 7, 1, 5, 9, 10, 6, 11, 12, 14], "R": [[-0.43729669476553445, 0.8983952696131006, 0.04071290070657166], [-0.051181955767368115, 0.020335603490051424, -0.9984822835857042], [-0.8978596817715818, -0.4387167682770966, 0.03708893475868846]], "T": [-0.06509502196709581, -0.009547484892507651, -0.11767662621042338], "aligned_model": [[-0.10251016991303788, 0.4355219938276941, -0.7687677190884369, -0.6623752609229592, 0.003709222489403599, -0.4511500340463196, 0.2714356687378238, 0.4984663562456716, -0.5569565305557054, -0.44235976498780843, 0.11747543349060811, 0.6060574034245174, 0.15853081508955863, -0.2509703962462698, -0.08367221926623739], [-0.19112644851529548, 0.16756209706467945, 0.005220761005662456, -0.5163475814921816, -0.7579997691243457, -0.5012948003144516, -0.2776787734681158, -0.4108729555507415, 0.17521055074882544, 0.5207445353528659, 0.742949895561712, 0.15005955958554926, 0.548132289706578, 0.04971037856063705, 0.018844730840380873], [-0.7548951435290355, -0.7038410821316926, 0.061568548172730775, -0.3825314548005324, -0.014770490958927115, 0.3211308428880373, 0.3868327692399466, -0.20147393537789737, -0.4553492067237266, -0.014471450604304839, -0.3876200820161989, 0.1786437384526808, 0.407409788516238, 0.5992012957070788, -0.07463499206796342]], "inverted": true, "swapped": false, "error_lsq": 0.039375009918846654, "error_max": 0.22616522493448357, "target": "398.xyz", "model": "18.xyz", "model_rescale": 3.9405287249114394, "target_rescale": 4.05512126200638},
{"mapping": [11, 10, 8, 9, 13, 7, 12, 14, 5, 6, 2, 3, 1, 0, 15], "R": [[-0.21131509998914302, 0.6280791008569382, -0.748907585475884], [-0.3626965066653261, 0.6611165597943123, 0.6567923099568863], [0.907632730001154, 0.41041629771790694, 0.0880981838528972]], "T": [-0.05588331841095814, -0.11573955958679398, 0.052227467144960155], "aligned_model": [[-0.02936819131685988, 0.3819473290571083, -0.7609768709714451, -0.5884317282398512, 0.049264614127567975, -0.6055797264977802, 0.3456477091043894, 0.5821281984129402, -0.6019744860072157, -0.41042891045416235, -0.06104862120317014, 0.7203835336922901, 0.14673048703996758, -0.34690792821653066, -0.04895061024874568], [-0.32691263507940155, 0.15120615511291385, 0.14069774219201397, -0.4532638477838415, -0.7468762026911131, -0.5393948041249788, -0.2619871711550745, -0.4190836855846887, 0.24192167390816127, 0.5414624023362407, 0.6073134616758126, 0.231249853638332, 0.44635493555497036, 0.19876930849318492, -0.08834271653077296], [-0.6361881646662252, -0.5435479490041807, 0.14894948082330206, -0.38535611689622484, -0.1525658320272827, 0.17044608519253948, 0.3950445207791622, -0.26504624386625397, -0.46267594271662815, 0.07804335371637142, -0.42994774074437947, 0.1015905739086291, 0.33243604722675923, 0.5898733602219145, 0.02414371281893057]], "inverted": true, "swapped": false, "error_lsq": 0.036762066539944994, "error_max": 0.27993791882133484, "target": "398.xyz", "model": "19.xyz", "model_rescale": 4.410303926677745, "target_rescale": 4.05512126200638},
{"mapping": [8, 9, 10, 3, 1, 5, 0, 12, 13, 6, 4, 7, 11, 14], "R": [[-0.4796893367975192, -0.7724588177703519, -0.41617966674452817], [-0.7303340993426389, 0.0886095959859885, 0.6773185682059634], [-0.4863231883224699, 0.6288526968599485, -0.6066580932880044]], "T": [0.08837497071543601, -0.04310420387189454, 0.11874938540391362], "aligned_model": [[-0.2372647748799593, 0.31821519977696255, 0.42665327811244735, -0.7552914307792907, 0.17223032164537747, -0.5747769520953573, -0.38052662779680657, 0.6512633104899743, 0.2798408645440842, 0.33084324176161467, -0.3389514499351548, -0.15677858326461275, 0.5012374771746977, 0.024494014706895773], [-0.18043890669527227, -0.5672877875401097, 0.1812736067545797, -0.10126016187569306, 0.7545044900151852, -0.5628427411613721, 0.4217423203808992, -0.21080462839761208, -0.6579009478372231, -0.10168223993747758, -0.034321248627032945, 0.5363688194546037, 0.44282854256755894, -0.10923065091983122], [-0.7124390952196064, -0.42484052692245516, -0.48597710518364984, -0.13073924003908854, -0.11321545108063215, 0.2930145864671408, -0.09094057441230034, 0.07406796614347656, 0.3659432683362684, 0.7076579423004881, 0.581238620750599, 0.3575113820812363, 0.41985760425618784, 0.07567566124735686]], "inverted": true, "swapped": true, "error_lsq": 0.040514044723560606, "error_max": 0.21765772554805685, "target": "398.xyz", "model": "20.xyz", "model_rescale": 4.121658175737393, "target_rescale": 4.05512126200638},
{"mapping": [6, 4, 5, 13, 2, 7, 3, 12, 0, 10, 8, 9, 14], "R": [[-0.4021637690979414, 0.4067258522132168, 0.8202672637417454], [-0.9114609683751193, -0.2626146025956455, -0.31665829158924813], [0.08662104798273779, -0.8749900865981075, 0.47632881752147693]], "T": [0.03426674692893956, -0.22643158602428, 0.02600042085061259], "aligned_model": [[0.22555298455109907, -0.14980988939162515, 0.19566998363420393, 0.6785864936376838, 0.41948000016620196, -0.5811329410651914, -0.31610649677964187, 0.44108740828965926, -0.6039153097965161, -0.03586104850412202, -0.03325985160403865, 0.5795278360570243, 0.06126373546955741], [-0.6654349925374338, -0.11782482894699747, 0.4258957684952064, -0.2273679444754881, 0.36615262435755114, -0.39744701182507336, 0.5669652583391355, -0.5681317871086234, 0.03517922801651438, -0.2991969311562889, 0.4745296588854566, 0.07608085417264002, -0.12857299205341627], [0.44993570072908096, 0.6183699568486273, 0.5632945655234702, 0.27215124429668286, -0.024088023938860254, 0.23797562931717464, 0.18461859173636275, -0.22836362286688067, -0.03884033713034528, -0.6952894241013219, -0.5395699518329409, -0.45800528291149867, 0.027920693812237666]], "inverted": false, "swapped": true, "error_lsq": 0.05570014455313383, "error_max": 0.34028146989939223, "target": "398.xyz", "model": "21.xyz", "model_rescale": 4.08911054899281, "target_rescale": 4.05512126200638},
{"mapping": [1, 4, 5, 8, 15, 11, 14, 2, 6, 10, 7, 3, 12, 9, 16], "R": [[0.5357799485450357, -0.727399199808123, 0.4287543012677325], [0.6896549731671716, 0.08403012529648071, -0.7192461025465802], [0.48715076180056094, 0.6810501759497316, 0.5466761318330745]], "T": [-0.0685954430121823, -0.003652738549852763, -0.11895032087455804], "aligned_model": [[-0.14880208734248423, 0.506492379885714, -0.6917517831419088, -0.6438345577481189, 0.1323724775002128, -0.49110223406336645, 0.3178757053602465, 0.4378692699529016, -0.5555277666461427, -0.5533247036314792, -0.12235407131335226, 0.7704605644129306, 0.14179057924659527, -0.2840625455527582, -0.04366642864048736], [-0.590875645087046, 0.05771593975700139, -0.00414437892645253, -0.2556803132969983, -0.6530636639490159, -0.6335243710710032, -0.05309809587034747, -0.46416033582979516, 0.32904184810580916, 0.5737420959076098, 0.6861152654075398, 0.11027685480202365, 0.5164747449739127, 0.0813910045708783, 0.02290352046764279], [-0.6469034755287589, -0.508565601818705, 0.21181392748676736, -0.41279395361986887, 0.14445879588357446, -0.015786527229600833, 0.39096907869973585, -0.34847172889982775, -0.5747741385517602, 0.16877899333629148, -0.283650954174023, 0.07414003998528021, 0.3608148597663983, 0.5547626009558776, -0.14959277152494663]], "inverted": false, "swapped": false, "error_lsq": 0.04412914317185013, "error_max": 0.3579398015787448, "target": "398.xyz", "model": "22.xyz", "model_rescale": 4.204369325754507, "target_rescale": 4.05512126200638},
{"mapping": [11, 10, 8, 9, 13, 7, 12, 14, 5, 6, 2, 3, 1, 0, 15], "R": [[-0.21131509998914302, 0.6280791008569382, -0.748907585475884], [-0.3626965066653261, 0.6611165597943123, 0.6567923099568863], [0.907632730001154, 0.41041629771790694, 0.0880981838528972]], "T": [-0.05588331841095814, -0.11573955958679398, 0.052227467144960155], "aligned_model": [[-0.02936819131685988, 0.3819473290571083, -0.7609768709714451, -0.5884317282398512, 0.049264614127567975, -0.6055797264977802, 0.3456477091043894, 0.5821281984129402, -0.6019744860072157, -0.41042891045416235, -0.06104862120317014, 0.7203835336922901, 0.14673048703996758, -0.34690792821653066, -0.04895061024874568], [-0.32691263507940155, 0.15120615511291385, 0.14069774219201397, -0.4532638477838415, -0.7468762026911131, -0.5393948041249788, -0.2619871711550745, -0.4190836855846887, 0.24192167390816127, 0.5414624023362407, 0.6073134616758126, 0.231249853638332, 0.44635493555497036, 0.19876930849318492, -0.08834271653077296], [-0.6361881646662252, -0.5435479490041807, 0.14894948082330206, -0.38535611689622484, -0.1525658320272827, 0.17044608519253948, 0.3950445207791622, -0.26504624386625397, -0.46267594271662815, 0.07804335371637142, -0.42994774074437947, 0.1015905739086291, 0.33243604722675923, 0.5898733602219145, 0.02414371281893057]], "inverted": true, "swapped": false, "error_lsq": 0.036762066539944994, "error_max": 0.27993791882133484, "target": "398.xyz", "model": "23.xyz", "model_rescale": 4.410303926677745, "target_rescale": 4.05512126200638},
{"mapping": [10, 8, 0, 1, 11, 7, 14, 9, 3, 2, 4, 15, 5, 12, 16], "R": [[-0.0262262325406194, 0.023764323271657506, -0.9993735245973677], [0.8930236274879702, 0.44982944036034195, -0.012738733584186201], [0.4492449058976101, -0.8927982591406313, -0.03301943367935936]], "T": [-0.010846498004637717, -0.11766836008215018, 0.03933729611083148], "aligned_model": [[0.05058982285223367, 0.4318699520120712, -0.6904315907558791, -0.6673689115581991, 0.06318577703383535, -0.4995364085689811, 0.48922180193227144, 0.5103652155960412, -0.6139738186595944, -0.5276992492248458, -0.0254174161302773, 0.6570521519614507, 0.06015503214502829, -0.3607891672146591, -0.10478839314199319], [-0.203683806704399, 0.23815511045834795, 0.16849796219788574, -0.4891488685254687, -0.7225564133494511, -0.4997369023026973, -0.47691196383060763, -0.287508394138314, 0.24113749200634702, 0.6182830768105367, 0.449273377121605, 0.10132928867568908, 0.46810463708041505, 0.2055530190411812, -0.08767314457931123], [-0.6030106374092831, -0.5548835971196001, 0.20261236704688357, -0.3697053690462855, -0.13198448265032234, 0.27837013285168144, 0.3204524301372056, -0.2638337712185378, -0.523465316019462, -0.11600962941417198, -0.35085384673138426, 0.16289138971668304, 0.2571234571484968, 0.6868277617761374, -0.029331744301607787]], "inverted": true, "swapped": false, "error_lsq": 0.04735105274462344, "error_max": 0.3709799714462766, "target": "398.xyz", "model": "24.xyz", "model_rescale": 4.28219845311461, "target_rescale": 4.05512126200638},
{"mapping": [9, 7, 10, 5, 1, 8, 0, 3, 12, 14, 13, 4, 2, 6, 15], "R": [[-0.6040880874758109, 0.1455781786774212, 0.7835078662418024], [-0.6177890951074072, -0.7066058935689116, -0.34502861495831216], [0.5034026385868356, -0.6924702918296533, 0.5167888141176886]], "T": [-0.07973070805038836, 0.01108800592145522, -0.13732486982392983], "aligned_model": [[-0.12014844940621626, 0.4668248575543456, -0.8090661974650639, -0.4777394200870319, 0.08383227405345493, -0.458114827699025, 0.30571056940844826, 0.4093165403658467, -0.4727808309584698, -0.5748837274025268, 0.09567095189719156, 0.637100427211934, 0.0827851185249159, -0.355809578415133, -0.040262909304167635], [-0.14126794604593992, 0.16274375518505196, -0.02667545859733143, -0.7135176691517233, -0.5801456175920563, -0.4544214183689732, -0.07699181340709811, -0.5310283325912671, 0.5052882521037906, 0.529333328839848, 0.5390635778201399, -0.009833056317141608, 0.5095633395395583, 0.0048047439507580315, 0.006198784594142543], [-0.7946130516457788, -0.6700757995950672, 0.17307565120603302, -0.3418153627785341, 0.045889082043968105, 0.21206386900911284, 0.5762794596849066, -0.39614528863568693, -0.5682513343028306, 0.12033750149617695, -0.34563355927997463, 0.005377637859189099, 0.30300565634338666, 0.7205434842480429, -0.07483880088650989]], "inverted": true, "swapped": false, "error_lsq": 0.041749956525852894, "error_max": 0.29164608601809705, "target": "398.xyz", "model": "25.xyz", "model_rescale": 4.100010024507729, "target_rescale": 4.05512126200638},
{"mapping": [3, 4, 7, 6, 8, 10, 0, 12, 13, 9, 2, 14], "R": [[-0.8353300815604281, -0.30888148028025525, -0.45477014631583595], [0.12970896176015362, -0.9146142358887179, 0.3829574189760522], [-0.5342277043352877, 0.2609080885092965, 0.8040694803753426]], "T": [0.13741355647180087, 0.011259884811299907, 0.006614241282598764], "aligned_model": [[-0.6993143172688117, 0.01140266527113612, 0.20994506921185474, 0.6095461360967861, -0.5756501738085122, 0.18429004796628154, -0.22572444279524118, 0.5359392855948676, 0.24778858200744136, -0.08134165395270024, -0.3854211833596618, 0.04530558739956651], [-0.18550326506313725, -0.5978432276333313, -0.26702337943773335, -0.38874588014992795, 0.5654751430201519, 0.7205042193951928, 0.005302071967761994, 0.3090825587625883, -0.1624984287397041, 0.5521121072599664, 0.10301608684948341, 0.012253383819328863], [0.2030077616564719, 0.1050822899558502, 0.6150500598765446, -0.15500801094112726, 0.019338979373246044, 0.16550669541773452, 0.5965432009035146, -0.3087300828692742, -0.6516899762787544, -0.5250905494140501, -0.46272442469093517, -0.03609365313486383]], "inverted": true, "swapped": true, "error_lsq": 0.046851676943384914, "error_max": 0.25129761717434873, "target": "398.xyz", "model": "26.xyz", "model_rescale": 3.6694154284099745, "target_rescale": 4.05512126200638},
