[{"mapping": [8, 12, 9, 3, 6, 14, 13, 15, 5, 4, 2, 16], "R": [[-0.5219166722510258, -0.7544757849099529, 0.39795637601491696], [-0.273302870069993, 0.5898534640208455, 0.7598542177247645], [-0.8080275542566107, 0.28781796498328527, -0.5140547544717007]], "T": [-0.020514322895722366, -0.13952600733919882, -0.01318683908165813], "aligned_model": [[-0.37390308808925954, 0.1308174157277761, 0.5442318413413213, 0.03852238120451556, -0.16625924875202364, -0.4922546073044402, 0.3381712672473098, -0.2143418194147269, 0.5609202034776873, 0.0926800323115165, -0.621497039327637, 0.0005551240385095677], [-0.2674041849405767, -0.7199492432098938, -0.48811132849421024, 0.6695067045172598, 0.40855886266740393, -0.54971428005649, -0.27045486234890637, -0.5325790179461704, 0.3580925093683479, 0.32364608874540124, 0.1182318751747631, 0.003731912500128526], [-0.494249282501287, 0.025205875515135506, -0.48708054255785743, -0.024183425258741287, -0.5935850784418266, 0.07171761381284039, 0.4778239387609895, 0.5334924273368544, -0.08888256077040596, 0.509612642558029, 0.3171312906255034, -0.06505115372567166]], "inverted": true, "swapped": true, "error_lsq": 0.04131811600670105, "error_max": 0.21827225278535733, "target": "399.xyz", "model": "0.xyz", "model_rescale": 3.751011558992144, "target_rescale": 4.246665763712897},
{"mapping": [2, 14, 4, 1, 12, 5, 8, 0, 13, 10, 9, 7, 6, 3, 16], "R": [[0.9515162891132081, 0.2931378808896418, 0.09320372492427548], [-0.22486785403737802, 0.4561499000605178, 0.8610236447946154], [0.209883776821493, -0.8402365449457134, 0.4999513463976628]], "T": [-0.07758888420915003, -0.10411191071731625, -0.04899377645173273], "aligned_model": [[0.08536212860138304, 0.18803030261004874, -0.5450934947454481, 0.45211652421488413, -0.1992429700095417, -0.42604696366054007, 0.5173721085548425, 0.590945698024852, -0.6792170674666178, -0.007989236061735988, -0.10923790638744306, 0.4135457801314799, 0.43775114637424484, -0.12292599056789749, -0.05628384852347674], [0.037274162520032, -0.5737141826595926, 0.29735278358659595, 0.4689540059092255, -0.6631396053406322, 0.46310441211979453, -0.2086275089837722, -0.15575868820622724, -0.25513787284906886, 0.22618333623450565, -0.32052942573692045, -0.00817289269660694, 0.4939750412797364, 0.7008654236196814, 0.04612836103035521], [-0.7491268809252652, -0.3759834321142425, -0.3967382070321245, -0.46722838749790935, 0.13527436631782389, 0.3360552449513421, 0.03907113681578416, -0.49341474684225484, -0.0950805368124614, 0.6249340702185266, 0.7366187214933303, 0.5794703976429489, 0.13866915309104552, -0.13897279724603587, -0.023881697208531914]], "inverted": true, "swapped": true, "error_lsq": 0.044100666830429944, "error_max": 0.28434632017244993, "target": "399.xyz", "model": "1.xyz", "model_rescale": 3.9405287249114394, "target_rescale": 4.246665763712897},
{"mapping": [4, 2, 3, 12, 8, 5, 13, 15, 7, 10, 9, 11, 16], "R": [[-0.4602519963295445, -0.09410302621968869, 0.88278690539165], [0.6889105190744944, -0.6650545858891753, 0.28827884850659535], [0.5599735677540323, 0.7408421007502709, 0.3709212654630979]], "T": [0.11584460690743083, 0.012348492646399846, -0.05761574067155473], "aligned_model": [[-0.24541295958370912, 0.35899335648602354, -0.5240173508317008, 0.44990290358921226, 0.3923087637770819, -0.6463891782584325, 0.028749714548412228, 0.5951217156757939, -0.04102126856655346, -0.4141695974049838, -0.05163524387700523, -0.3965163364492552, -0.009931239820952634], [0.6192755252608511, 0.5559986638904767, 0.2798023128626828, -0.20195639864486406, -0.37424235992435817, -0.024989319313449047, 0.3129318357068622, 0.41002398557778563, -0.7395255781473044, -0.5233603074436074, -0.6835084621812784, -0.1838581944388792, 0.012240890367098786], [-0.015269567531271538, -0.48429195883452486, -0.47854960160738746, 0.39376535815097763, -0.4407248697920881, 0.03738785642372469, 0.4799281507527804, 0.2634226421089624, -0.2931221112778639, -0.07240859137803929, 0.3332279574211203, 0.5358981387041079, -0.14614305355185442]], "inverted": false, "swapped": true, "error_lsq": 0.04163044866012688, "error_max": 0.21404252203146026, "target": "399.xyz", "model": "2.xyz", "model_rescale": 3.932901565614263, "target_rescale": 4.246665763712897},
{"mapping": [14, 1, 2, 8, 15, 13, 4, 12, 7, 11, 3, 6, 5, 16], "R": [[0.21804467776680317, -0.6945136531030619, -0.6856437151691913], [-0.9379370961807073, 0.04501200807809702, -0.3438719568922133], [0.2696859694268018, 0.7180701252539459, -0.6415954902523154]], "T": [-0.08821644361821877, -0.10536628908297418, 0.005172680759056827], "aligned_model": [[-0.4276098157845945, 0.611372983771095, 0.25736569058005654, -0.17767705725528615, -0.4379015817520921, -0.2555300824895287, 0.36723984389015846, -0.6828528254859244, -0.14707748305357426, -0.22533310078467145, 0.7045547308225276, 0.4608270103223445, 0.32290661798303666, 0.049524981289156125], [-0.02661008490650163, 0.24435214433140645, -0.2323997971205296, 0.4658836248003264, -0.5531354691589618, -0.6821415438408817, -0.6468539130511691, -0.17744311255995587, 0.6039469062648796, -0.3843729711660733, -0.13123613951374094, 0.47923460690739506, -0.22969869276793606, -0.06602891986776856], [-0.5207661753481685, -0.40977816549254625, -0.628203111815809, -0.19060233459409595, -0.4048773813410281, 0.16711635416015627, 0.008545202556701628, 0.054961567714707255, 0.3777246110429822, 0.7512449420222407, 0.1754219157262494, 0.12884079503137394, 0.6430907166577141, 0.061177426736620064]], "inverted": false, "swapped": true, "error_lsq": 0.049615918474668334, "error_max": 0.3085227095686933, "target": "399.xyz", "model": "3.xyz", "model_rescale": 3.9243930471874484, "target_rescale": 4.246665763712897},
{"mapping": [8, 6, 0, 14, 2, 7, 12, 1, 4, 5, 13, 11, 16], "R": [[0.09235581356121747, -0.7371437130039132, 0.6693949133958593], [0.7000067554057611, -0.43003661685172145, -0.57013950095834], [0.7081390725611353, 0.5212366588657499, 0.47628919719717056]], "T": [0.020847325431982075, -0.10944073717309699, 0.03136335224933316], "aligned_model": [[-0.0027934820881515623, -0.25910009870750617, 0.50878667775376, 0.4596358110459686, 0.6820856563835718, -0.5796340782218619, -0.043908411277186046, 0.33712890394873307, 0.24051966492818705, -0.5013212519506792, 0.05923955773922569, -0.5882828658281771, -0.035150197414531285], [-0.5070263090192174, 0.10283674069874932, -0.3793441961283561, -0.5623416658020126, 0.0868974303626073, -0.40782066249540455, -0.5634259864262327, 0.20995579224951966, 0.5348192388899443, 0.4532648974309399, 0.06622277074403721, 0.09233630719625072, 0.0014551959807622], [-0.43126430302012386, -0.7001203704003441, -0.5484497102892963, 0.012722137970829758, -0.2155062730800692, -0.41110277735477, 0.4199125980488218, -0.7314369980870951, 0.22458290909703915, 0.077433781922891, 0.6268108059282986, 0.5228060852374345, -0.05931757060265261]], "inverted": false, "swapped": true, "error_lsq": 0.040407349043040115, "error_max": 0.2071650555141653, "target": "399.xyz", "model": "4.xyz", "model_rescale": 3.8936222436046832, "target_rescale": 4.246665763712897},
{"mapping": [15, 13, 12, 14, 9, 5, 3, 6, 0, 2, 8, 16], "R": [[-0.5545772283565381, -0.7221766708550484, 0.413406523728278], [-0.8297291959837755, 0.4421782916816634, -0.34062856559249916], [0.06319461306549651, -0.5319203083528631, -0.8444330799070446]], "T": [-0.148542278162135, -0.04968280329806536, -0.06365448374106178], "aligned_model": [[0.045501376260339454, -0.515229378102462, -0.2777083470950983, 0.3365801704067724, -0.6856321688783906, -0.7469581845287485, -0.2393375792934116, -0.00863428574233216, 0.6376143628270958, 0.43233253710391045, 0.22285745693518588, -0.17383791767776371], [-0.49858539242932515, -0.4844378186591203, 0.05121162676411743, -0.05548298513162024, 0.5114671150441141, -0.06887950443959458, -0.2219269537820157, 0.38429209686964017, 0.09940536467055953, -0.45169174362735004, 0.43479028372319584, -0.03123918389279369], [-0.5654029401766888, -0.3154836896799511, -0.6419302561942767, -0.4669219494698661, -0.3119897747783008, 0.41899448661314675, 0.7238912940451744, 0.6076072119312649, 0.019088069947609643, 0.1305172936782246, -0.06601813816917979, 0.0869331115283615]], "inverted": false, "swapped": true, "error_lsq": 0.0393973469595648, "error_max": 0.23788796328859996, "target": "399.xyz", "model": "5.xyz", "model_rescale": 3.6523030999806103, "target_rescale": 4.246665763712897},
{"mapping": [0, 14, 12, 8, 9, 2, 13, 6, 4, 5, 11, 10, 16], "R": [[0.823795642417974, -0.4969710511763905, 0.2727279117101718], [-0.4055409892627144, -0.8528041007176625, -0.3290314146505741], [0.39610256949554973, 0.16045229849326714, -0.9040784337363938]], "T": [0.011096071005663531, -0.03301988159963984, 0.10724642576854386], "aligned_model": [[0.1408620060713386, 0.03286760609535843, 0.16330921490366332, 0.48842703733187925, 0.5994274229754769, -0.41468652709762793, -0.3948886131971512, 0.38354122651687833, -0.6229909688346787, -0.04073651910476681, 0.04046448608880398, 0.4886100379181814, 0.016876494996938753], [-0.6561271183259485, -0.08985528377767599, 0.45896978394787746, -0.32772527502567494, 0.4806739236658687, -0.5507151641326289, 0.43423034460826426, -0.6364431476745511, -0.11708586812317032, 0.04941563579320293, 0.5749570447910936, 0.043333808814318114, -0.12280178039779223], [0.5991956607780812, 0.7351778061352413, 0.417155696695793, 0.3479981688820947, -0.12729587971342599, 0.40293239408070686, 0.04606665861098176, -0.2872984924487749, -0.1952881779733226, -0.6556021221004871, -0.4245158129414491, -0.47091300644930195, -0.017503154074348617]], "inverted": true, "swapped": true, "error_lsq": 0.04420143300430959, "error_max": 0.26950696544902775, "target": "399.xyz", "model": "6.xyz", "model_rescale": 4.08911054899281, "target_rescale": 4.246665763712897},
{"mapping": [1, 2, 0, 3, 10, 9, 6, 7, 5, 4, 11, 13, 12, 14, 16], "R": [[0.6871206270898427, 0.2317258574286393, -0.6885988460828435], [0.34732309951884566, -0.9372268839952169, 0.031183849301179595], [-0.6381472466196839, -0.2605933516334954, -0.7244716672970295]], "T": [0.10431868987668044, -0.03846050332936636, 0.10218061199016681], "aligned_model": [[0.24998701485687805, 0.39712004362201425, 0.7524959777847661, -0.40653484911081705, -0.3279057481853487, -0.0877395263784323, -0.014696307213995091, 0.11761196814959049, -0.6407994791280894, -0.3234407551492433, -0.5353162253322672, -0.1761766266474676, 0.31031716114361574, 0.7094067159589464, 0.012004175429404101], [-0.6481222014457929, -0.7098966866271017, -0.36382586799712674, -0.5053366751118765, 0.39783447634275404, 0.7514778654072378, -0.1301898120484939, 0.49493583213104186, 0.006831711043244149, -0.5627067688694205, 0.39973644635584504, -0.04181273565502453, 0.38346373149995006, -0.08448709832533241, -0.08714340053079048], [-0.5231240396292631, 0.08913311166742699, -0.24584159865933786, -0.32113426858697774, -0.3347936773606927, 0.037867211316266136, -0.6952664952118183, -0.4983994491893885, -0.08266437292280049, 0.30917906827265007, 0.3304789560010272, 0.6573386449452011, 0.47742852775641287, 0.2746686242549946, -0.010800210571620034]], "inverted": true, "swapped": true, "error_lsq": 0.05375427197169025, "error_max": 0.41748364406877514, "target": "399.xyz", "model": "7.xyz", "model_rescale": 3.964800864290218, "target_rescale": 4.246665763712897},
{"mapping": [5, 6, 3, 11, 4, 9, 13, 1, 8, 14, 12, 15, 2, 16], "R": [[-0.3682713849551273, -0.9241601286064743, -0.10150982079236304], [0.8054320430285088, -0.3716691817497757, 0.4616722250692311], [-0.4643871349274816, 0.0882614073733102, 0.8812233047771307]], "T": [-0.011907403375330482, -0.033852750139231134, 0.15643633411128227], "aligned_model": [[-0.23968471132827918, 0.44633915145962805, 0.360880769066799, -0.7135636570136211, 0.08978217252118868, -0.6335417554213391, -0.42587783124776213, 0.8376437387245492, 0.2617380522267455, 0.167564578385259, -0.4463641241380628, -0.09814482589633776, 0.6051450536593844, 0.04927127846272093], [-0.09056309656487979, -0.556497827958446, 0.024263072948083754, -0.048237692194260016, 0.5224505943638786, -0.5610175071843317, 0.4274618145648008, -0.1338973594838509, -0.5084177998026872, 0.03496197742954788, -0.0536705600425765, 0.48383080403350004, 0.34398169800661743, -0.07369965193419431], [-0.5759034596328929, -0.26231531305996775, -0.5617500732973555, -0.24448897129888347, -0.26882413865047206, 0.13010670013160966, 0.10441077455546813, -0.07196350714853625, 0.42581283718231844, 0.7573160410099995, 0.5713110628936684, 0.62063977289856, 0.27140073435303214, 0.021062578788473035]], "inverted": false, "swapped": true, "error_lsq": 0.04594595791945132, "error_max": 0.3185563391382773, "target": "399.xyz", "model": "8.xyz", "model_rescale": 4.121658175737393, "target_rescale": 4.246665763712897},
{"mapping": [8, 14, 2, 1, 12, 10, 13, 5, 4, 11, 6, 3, 16], "R": [[0.7785783888264981, -0.6238801151675, -0.06774433076591349], [-0.5333172069710422, -0.6009094330552391, -0.5953827424555048], [0.3307392465386306, 0.4996813536283081, -0.8005810987246957]], "T": [-0.1239301898823546, -0.13558805583505712, -0.1518371568440851], "aligned_model": [[-0.5638407040813647, -0.299934453865479, 0.3171284495897513, 0.15412939215577204, -0.4668573965084208, -0.43181380478669834, 0.1598471287303611, 0.11037755905648239, 0.5692529193433798, -0.1530571057078946, -0.2210904510973981, 0.3768728180658538, -0.0742768544591477], [0.22606212617658084, -0.22124253732749394, 0.14585695285430433, 0.6779097746439422, -0.6158346073779867, 0.07186836890686144, -0.6765664482835987, -0.051602725192799126, -0.18027441296478622, -0.5662182923466585, 0.6262292622901613, 0.3762520214974285, -0.022052043464244803], [-0.3717130479477666, -0.7515770087716918, -0.664658180098848, -0.36353671525737463, -0.26598885010484175, 0.5041257347935106, -0.034781127726319694, 0.5758073181128791, -0.01707456108573585, 0.531521275841381, 0.1102601186864351, 0.22941901511734925, -0.060728537599888166]], "inverted": false, "swapped": true, "error_lsq": 0.04015595903896759, "error_max": 0.2785842031852256, "target": "399.xyz", "model": "9.xyz", "model_rescale": 3.833441315466971, "target_rescale": 4.246665763712897},
{"mapping": [13, 11, 3, 6, 10, 5, 9, 8, 2, 1, 15, 14, 12, 4, 16], "R": [[-0.12158718295328363, 0.11297052539018967, 0.9861309331597654], [-0.9230009564563647, -0.3782904645513011, -0.0704667212959218], [0.3650832662860913, -0.918767644631996, 0.15026717490940472]], "T": [0.05677831150722803, 0.0326884218718457, 0.055577002933224574], "aligned_model": [[0.2197104812769596, -0.21072399811762735, -0.6562568341314258, -0.5729486037184374, -0.5014599559861013, -0.6097800407569013, -0.03480125748373412, 0.11539927668508278, 0.18491036943148975, -0.32412122528650344, 0.6680376650380933, 0.6118969976230647, 0.5080122973547556, -0.1818372692461718, -0.09219288438801096], [-0.5661392749503334, -0.5805602222092989, 0.016214772176388323, 0.5444913551647348, 0.050557983272501036, -0.3339410270813735, -0.07422328750231429, 0.6145840007847768, 0.2608129819869834, 0.6120172855076098, -0.2016530249146644, 0.3141793652164092, -0.11917964708669304, -0.3915870730184591, 0.05552735194871214], [0.0973836911639589, -0.39789641439560625, 0.4421642326009415, 0.057156277627283696, -0.45055392793369636, -0.057130357511682946, -0.7476715683581965, -0.11940482419098788, 0.7398801368333774, 0.6062185969110616, 0.30530500882152256, 0.15857299445785641, -0.31128865099814057, 0.5691074885932438, 0.08627922420115776]], "inverted": false, "swapped": true, "error_lsq": 0.03495962640287618, "error_max": 0.23580005120188874, "target": "399.xyz", "model": "10.xyz", "model_rescale": 4.2482417240324, "target_rescale": 4.246665763712897},
{"mapping": [6, 10, 9, 11, 0, 14, 8, 13, 5, 4, 3, 16], "R": [[-0.5399653051846985, -0.7277921873265744, -0.4227954603152639], [-0.08396642713680502, 0.5463907856021273, -0.833310715473508], [0.8374885720478071, -0.41445825058199864, -0.35614217696565265]], "T": [0.05158700096448248, 0.23643990862640415, 0.0272093656997213], "aligned_model": [[-0.6332754532101708, 0.001738861669368534, 0.4255221436782519, 0.6133900685511547, -0.5586568273073204, 0.024029150481814303, -0.31915920132543324, 0.5863173817094806, 0.1032069499666255, 0.07952810398887872, -0.402006104003631, -0.04386947183601229], [-0.19863369321755778, -0.5138514741186797, -0.3682037675462486, -0.30568661170482736, 0.6584074817907862, 0.7402744246461507, 0.20628562946474466, 0.34391222278123545, -0.3633429485134788, 0.36546330482753686, -0.04503967863283451, 0.14654650027381247], [0.0139766699883647, 0.07913053369608264, 0.4267137239333173, -0.18194530087417513, 0.33811403508339327, 0.4058826106934093, 0.5112501646788691, -0.271793014234895, -0.45134684213526777, -0.6679401927691133, -0.5836610978800291, -0.05318900032559904]], "inverted": true, "swapped": true, "error_lsq": 0.044063393486887266, "error_max": 0.2569709925570962, "target": "399.xyz", "model": "11.xyz", "model_rescale": 3.6694154284099745, "target_rescale": 4.246665763712897},
{"mapping": [13, 12, 8, 14, 15, 5, 4, 3, 0, 1, 6, 2, 10, 16], "R": [[0.08917746717756875, -0.5193926080425542, 0.8498698124174945], [-0.9855592965565421, 0.0773002623512637, 0.1506570357182152], [-0.14394531016593562, -0.8510323073486572, -0.5049987718104401]], "T": [0.02327907729715522, 0.0551705453260785, -0.19416145423372283], "aligned_model": [[0.14264714626344582, 0.12797312239636105, -0.011624951944273695, 0.5308598827037556, 0.6395433800493635, -0.5807624721091019, 0.14421499970987278, -0.27919215524364654, 0.4310046711685415, 0.1129962343881789, -0.43191751850637133, 0.5703599022565291, -0.7274339472035063, -0.07040344367333878], [-0.4376096789952624, 0.19787691043673394, 0.6489835611833986, 0.4118139283453736, -0.08120094610935676, -0.40244683017380517, -0.5896178440859405, -0.31456537806603824, 0.5902157138327874, 0.22875130284538026, 0.3251819852315064, 0.009777894002995918, 0.12260757350015654, 0.021219096188324252], [-0.5544505273918161, -0.7685659098790458, -0.056956013081874146, -0.3089190442287469, -0.4983638759251371, -0.06324055008638269, 0.07094811970609155, 0.4615417458736209, 0.2469761478254155, 0.6693969437522891, 0.4209731699620501, 0.29098954950514777, -0.19423744725451808, -0.07699684912467888]], "inverted": false, "swapped": true, "error_lsq": 0.03821417659879249, "error_max": 0.23659783564589532, "target": "399.xyz", "model": "12.xyz", "model_rescale": 3.9764082729961374, "target_rescale": 4.246665763712897},
{"mapping": [3, 10, 5, 13, 2, 1, 0, 4, 11, 6, 9, 12, 7, 8, 14, 16], "R": [[-0.8196358913909644, -0.5692194492618273, 0.06470103651257415], [0.4339602775086494, -0.5431712939813002, 0.7187791197157135], [-0.3739993089410133, 0.6172148442614954, 0.6922213178853297]], "T": [-0.11131537011783268, 0.14715484194625558, 0.1120160063679829], "aligned_model": [[-0.10769634083552071, -0.26754795947149734, -0.5583611658011021, -0.6646426573370537, 0.28181613790895066, 0.539855453238345, 0.6670589322561512, -0.42548270434977387, -0.8369039041113355, 0.32167699782963854, -0.4113437049876487, -0.2991254058291908, 0.13979449985563017, 0.4165097829453982, 0.24005912386402253, -0.09682677136561976], [0.02310034009418646, -0.5766489376103894, -0.2454250332383867, 0.42319402650726035, 0.6911246828484192, 0.19979769383097576, 0.34990374008679104, 0.5026084438219531, -0.20836630504615963, -0.3518845697279839, -0.4959135436644635, 0.1719818340147418, -0.6064983452714835, -0.0949137687496652, 0.48694955908570614, 0.07645430036174167], [-0.689693148743566, -0.028757820823673536, -0.3752736785969195, 0.1792512903605665, -0.18170809520807743, -0.485577369887744, 0.12394101778294009, -0.412971873168392, 0.13190365892526554, -0.35912940567639584, 0.5138508580705863, 0.6824346590595476, 0.23174686460730967, 0.30032670083340596, 0.5108613351775892, -0.02380804985974347]], "inverted": false, "swapped": true, "error_lsq": 0.042105781303316304, "error_max": 0.2967967809554417, "target": "399.xyz", "model": "13.xyz", "model_rescale": 4.170626492500431, "target_rescale": 4.246665763712897},
{"mapping": [0, 1, 8, 6, 12, 11, 10, 2, 15, 3, 4, 5, 13, 16], "R": [[-0.26433170266341427, 0.3590225373490154, -0.8951153940372912], [-0.29982879114462996, -0.9127272823723587, -0.2775456791483492], [-0.9166413949674158, 0.1950172445929934, 0.34890804998386954]], "T": [0.05947711626873982, 0.14233879614730538, -0.02186183077843168], "aligned_model": [[0.2917975454661547, -0.03941932750893577, -0.09082490803356309, -0.5373584575785062, 0.24522050957930674, -0.3065267552589283, -0.6796299021284297, 0.5080041151046308, 0.734791731161805, -0.2984379724244202, 0.22687329677128176, -0.4808694314504111, 0.3174435658021199, -0.04788098741046125], [-0.465384466708052, -0.7375044944422919, -0.090754397900456, -0.4014363304878453, 0.6455414955273377, 0.7564641890403973, 0.28879883017759866, -0.43081120547031937, 0.32906320899277114, -0.3555214486717678, -0.01967856411671348, 0.2281715989218809, 0.5532480517712072, 0.05587800129191933], [-0.4949532914418017, -0.019063295047702336, -0.5656764926989877, -0.10308149489218474, -0.29306814258856445, 0.35518020026923, -0.0021621483771142036, 0.06211450649694081, -0.02332895219770878, 0.5093369569713564, 0.6462620681887807, 0.5185810221182705, 0.36736329195364864, 0.04636887236670342]], "inverted": true, "swapped": true, "error_lsq": 0.03672403804585235, "error_max": 0.21483282152849667, "target": "399.xyz", "model": "14.xyz", "model_rescale": 3.9786697098870705, "target_rescale": 4.246665763712897},
{"mapping": [10, 8, 11, 5, 12, 13, 1, 2, 4, 3, 14, 16], "R": [[0.9454605327799144, 0.25856464085798936, -0.19811286544164636], [0.15557437899301657, 0.1759070203074688, 0.9720356643701328], [0.2861834963034349, -0.9498426431280748, 0.12608711170859255]], "T": [-0.038784280149437765, 0.11751013597370943, -0.0852331874212166], "aligned_model": [[0.06165231975448838, -0.6254748306984028, 0.5876950492071894, 0.4905051748878903, -0.04892451603968571, 0.4914545536178017, -0.4429823701451682, -0.239740811884242, 0.4740920511543137, 0.20750733915244882, -0.45606667139489526, -0.01636269084440184], [-0.44398001479371785, 0.004403753019518231, 0.013008045501279125, -0.42455252875023364, 0.57765851853435, 0.44242424786265444, -0.38667745808299725, 0.20511472693355087, 0.027954618312537066, -0.5461199310519427, 0.5759672845970495, -0.030526771857608576], [-0.5779390872131027, -0.2103677796493389, -0.5851056594794859, -0.21729710834565732, -0.47179116500083756, -0.09815219158663628, 0.5200199236263441, 0.6138171156736889, 0.3939310106255015, 0.3110946548931582, 0.031790442512043535, -0.050033662181848015]], "inverted": false, "swapped": true, "error_lsq": 0.04788335966750797, "error_max": 0.2698883883884686, "target": "399.xyz", "model": "15.xyz", "model_rescale": 3.769337070930944, "target_rescale": 4.246665763712897},
{"mapping": [5, 6, 13, 4, 9, 7, 12, 8, 15, 2, 16], "R": [[0.5759120731111882, -0.686175023008259, -0.4443974818159848], [-0.7733241121705219, -0.2809640871636995, -0.568356401617808], [0.26513223414071574, 0.6709866015978889, -0.6924463003696881]], "T": [-0.005013874980801648, 0.08270705736363809, 0.05094028586235644], "aligned_model": [[-0.396481430120438, -0.25193443414920796, -0.08605205661034196, -0.6443309076232798, 0.5372541601381902, 0.3645041011230575, 0.5066784554501186, 0.30479539491314, 0.10337796227286276, -0.4046436084333039, -0.11054150626962646], [0.053627241881473164, -0.6710518305648332, 0.6835204004001938, 0.38503635345554377, 0.04100972671252612, -0.5199317618734611, 0.39792487781202746, -0.4077625281899869, 0.6161581388255664, 0.025321894916020896, -0.00778801574972815], [-0.6103672496427135, -0.12046129150550916, -0.08814760561445645, 0.027888623390865466, -0.5567042722835582, -0.33072408331676156, 0.04227350806025315, 0.24098060809730806, 0.4920742124535743, 0.6622768850716171, -0.014871727486842373]], "inverted": true, "swapped": true, "error_lsq": 0.04187675201102913, "error_max": 0.22453035043704325, "target": "399.xyz", "model": "16.xyz", "model_rescale": 3.7852294659196426, "target_rescale": 4.246665763712897},
{"mapping": [13, 5, 10, 11, 4, 3, 1, 6, 12, 14, 2, 8, 16], "R": [[0.6409567205821206, -0.5674775268937823, -0.5168594961990444], [0.4156007614032595, 0.822694602751682, -0.38787832850558024], [0.6453297524999481, 0.03380602126498328, 0.7631557268766234]], "T": [0.13645071066875267, 0.08787089484398752, -0.09534895458964501], "aligned_model": [[0.010398315608499992, -0.3464241657913373, 0.12172683274821547, 0.06061914710384375, -0.5115606178484856, -0.5958623837517628, -0.2877040698466108, -0.10075795618296016, 0.6274519296792982, 0.5242878006239238, -0.16612555768910994, 0.4913855521816153, 0.026331023381152785], [-0.2287322487595949, -0.4581985603343636, -0.42532496507905465, -0.7128288850777402, 0.06369628630287885, 0.09046240599451552, 0.7097808599699575, 0.2163737583412968, -0.10305820943929339, 0.5327791112318785, 0.7370142978857062, 0.3803020787161484, 0.07278969395053912], [-0.6156974385577962, 0.14972275474487223, 0.4564943388149698, -0.1753424652419469, -0.37847005422744706, 0.2537226741666756, 0.3707339477277608, 0.669974367176275, -0.38471085335185673, -0.31815189841170716, -0.24958858106497436, 0.306101893111405, 0.010966012256944602]], "inverted": true, "swapped": true, "error_lsq": 0.031824363968447664, "error_max": 0.2154895564104422, "target": "399.xyz", "model": "17.xyz", "model_rescale": 3.901054581598922, "target_rescale": 4.246665763712897},
{"mapping": [2, 14, 4, 1, 12, 5, 8, 0, 13, 10, 9, 7, 6, 3, 16], "R": [[0.9515162891132081, 0.2931378808896418, 0.09320372492427548], [-0.22486785403737802, 0.4561499000605178, 0.8610236447946154], [0.209883776821493, -0.8402365449457134, 0.4999513463976628]], "T": [-0.07758888420915003, -0.10411191071731625, -0.04899377645173273], "aligned_model": [[0.08536212860138304, 0.18803030261004874, -0.5450934947454481, 0.45211652421488413, -0.1992429700095417, -0.42604696366054007, 0.5173721085548425, 0.590945698024852, -0.6792170674666178, -0.007989236061735988, -0.10923790638744306, 0.4135457801314799, 0.43775114637424484, -0.12292599056789749, -0.05628384852347674], [0.037274162520032, -0.5737141826595926, 0.29735278358659595, 0.4689540059092255, -0.6631396053406322, 0.46310441211979453, -0.2086275089837722, -0.15575868820622724, -0.25513787284906886, 0.22618333623450565, -0.32052942573692045, -0.00817289269660694, 0.4939750412797364, 0.7008654236196814, 0.04612836103035521], [-0.7491268809252652, -0.3759834321142425, -0.3967382070321245, -0.46722838749790935, 0.13527436631782389, 0.3360552449513421, 0.03907113681578416, -0.49341474684225484, -0.0950805368124614, 0.6249340702185266, 0.7366187214933303, 0.5794703976429489, 0.13866915309104552, -0.13897279724603587, -0.023881697208531914]], "inverted": true, "swapped": true, "error_lsq": 0.044100666830429944, "error_max": 0.28434632017244993, "target": "399.xyz", "model": "18.xyz", "model_rescale": 3.9405287249114394, "target_rescale": 4.246665763712897},
{"mapping": [7, 8, 1, 14, 9, 3, 6, 11, 10, 5, 2, 4, 12, 13, 15, 16], "R": [[0.25295690605897514, -0.9673789423355428, 0.01381251616606921], [0.8651949458967321, 0.21980199659804434, -0.4506936741138759], [0.4329555511502562, 0.125956596561198, 0.8925718046806643]], "T": [0.09538622618756715, -0.05508895532692156, 0.04769502840075501], "aligned_model": [[-0.3860724202274668, -0.007552943947245261, 0.7611232007608213, 0.16349104873099954, -0.6968668058316057, 0.5634635817571323, 0.24385028220584515, -0.3973017879778237, -0.32933036853874403, 0.020625750740286747, 0.7820076322157148, 0.5746756904621766, -0.3423398605385925, 0.03714919300293157, 0.23283326803100982, 0.14740963712594582], [-0.28059822865144524, -0.5885287019065079, -0.32216155390425055, -0.5809195371464714, 0.04673658960144867, 0.3509790296538855, -0.1595450148557905, 0.5855899174686463, 0.19930906967591547, 0.6011422930948926, -0.2846192344289586, 0.4544816495718908, -0.17976569522462485, 0.3703172965332349, -0.16516416914089507, 0.0050984186366657205], [-0.5545739407925121, -0.2306987325954089, -0.47132237223706674, 0.3895517432679175, -0.11659705904125425, -0.47590077655667096, -0.7432209469681207, 0.055351920527886456, -0.5206492886620305, -0.3462485701218181, 0.1599283301452572, 0.15390264914110843, 0.4402736981160279, 0.49772532788312873, 0.7258614872279421, -0.08393971265950867]], "inverted": false, "swapped": true, "error_lsq": 0.03818609205167877, "error_max": 0.28580107228996315, "target": "399.xyz", "model": "19.xyz", "model_rescale": 4.410303926677745, "target_rescale": 4.246665763712897},
{"mapping": [5, 6, 3, 11, 4, 9, 13, 1, 8, 14, 12, 15, 2, 16], "R": [[-0.3682713849551273, -0.9241601286064743, -0.10150982079236304], [0.8054320430285088, -0.3716691817497757, 0.4616722250692311], [-0.4643871349274816, 0.0882614073733102, 0.8812233047771307]], "T": [-0.011907403375330482, -0.033852750139231134, 0.15643633411128227], "aligned_model": [[-0.23968471132827918, 0.44633915145962805, 0.360880769066799, -0.7135636570136211, 0.08978217252118868, -0.6335417554213391, -0.42587783124776213, 0.8376437387245492, 0.2617380522267455, 0.167564578385259, -0.4463641241380628, -0.09814482589633776, 0.6051450536593844, 0.04927127846272093], [-0.09056309656487979, -0.556497827958446, 0.024263072948083754, -0.048237692194260016, 0.5224505943638786, -0.5610175071843317, 0.4274618145648008, -0.1338973594838509, -0.5084177998026872, 0.03496197742954788, -0.0536705600425765, 0.48383080403350004, 0.34398169800661743, -0.07369965193419431], [-0.5759034596328929, -0.26231531305996775, -0.5617500732973555, -0.24448897129888347, -0.26882413865047206, 0.13010670013160966, 0.10441077455546813, -0.07196350714853625, 0.42581283718231844, 0.7573160410099995, 0.5713110628936684, 0.62063977289856, 0.27140073435303214, 0.021062578788473035]], "inverted": false, "swapped": true, "error_lsq": 0.04594595791945132, "error_max": 0.3185563391382773, "target": "399.xyz", "model": "20.xyz", "model_rescale": 4.121658175737393, "target_rescale": 4.246665763712897},
{"mapping": [0, 14, 12, 8, 9, 2, 13, 6, 4, 5, 11, 10, 16], "R": [[0.823795642417974, -0.4969710511763905, 0.2727279117101718], [-0.4055409892627144, -0.8528041007176625, -0.3290314146505741], [0.39610256949554973, 0.16045229849326714, -0.9040784337363938]], "T": [0.011096071005663531, -0.03301988159963984, 0.10724642576854386], "aligned_model": [[0.1408620060713386, 0.03286760609535843, 0.16330921490366332, 0.48842703733187925, 0.5994274229754769, -0.41468652709762793, -0.3948886131971512, 0.38354122651687833, -0.6229909688346787, -0.04073651910476681, 0.04046448608880398, 0.4886100379181814, 0.016876494996938753], [-0.6561271183259485, -0.08985528377767599, 0.45896978394787746, -0.32772527502567494, 0.4806739236658687, -0.5507151641326289, 0.43423034460826426, -0.6364431476745511, -0.11708586812317032, 0.04941563579320293, 0.5749570447910936, 0.043333808814318114, -0.12280178039779223], [0.5991956607780812, 0.7351778061352413, 0.417155696695793, 0.3479981688820947, -0.12729587971342599, 0.40293239408070686, 0.04606665861098176, -0.2872984924487749, -0.1952881779733226, -0.6556021221004871, -0.4245158129414491, -0.47091300644930195, -0.017503154074348617]], "inverted": true, "swapped": true, "error_lsq": 0.04420143300430959, "error_max": 0.26950696544902775, "target": "399.xyz", "model": "21.xyz", "model_rescale": 4.08911054899281, "target_rescale": 4.246665763712897},
{"mapping": [10, 7, 6, 13, 0, 4, 12, 14, 9, 15, 3, 2, 11, 1, 5, 8, 16], "R": [[-0.5167906148375441, -0.8121932164516386, -0.2706836521952804], [-0.27221280209578175, -0.1438779802353587, 0.9514196325379023], [-0.8116819887067819, 0.56536829231337, -0.14673460142607125]], "T": [-0.033661969059637024, -0.006738866251098381, -0.08153410692695262], "aligned_model": [[-0.5365160759333887, -0.04598308048159804, 0.2278348352739472, -0.025045654095935413, 0.6300029925091362, 0.4372588441086703, -0.568807031433056, -0.43171914886604373, -0.737813145350922, -0.09555383645453847, -0.07784942583817606, 0.39114722028533777, -0.07070528526460404, 0.5885854718882533, -0.47201498430715716, 0.19048398304167774, -0.005638507310496792], [-0.611693458205039, -0.6839815824681152, -0.6114297913888972, -0.2732620982400304, -0.39017325827845806, 0.037106641309680714, -0.2505395874854458, 0.3263426515675208, 0.034106532882266054, 0.7173881926252321, 0.2561485359596137, 0.5196960784377643, 0.4250679624407794, 0.33017276982350896, -0.13907455198532834, -0.07994913871752146, -0.029947283569140407], [0.09819651953659675, -0.2982982219316248, 0.26708091703312475, -0.6862002064850959, -0.1938118160940107, -0.5939824897514057, -0.5277968956255474, -0.45893279537098863, 0.018717505826931546, -0.02394576394279556, -0.9081032242527973, -0.333837953571732, 0.5493887771706603, 0.27804488714440967, 0.4551808586300241, 0.5705095006807445, -0.11222132559525276]], "inverted": false, "swapped": false, "error_lsq": 0.04600486593130321, "error_max": 0.3177784952327093, "target": "399.xyz", "model": "22.xyz", "model_rescale": 4.204369325754507, "target_rescale": 4.246665763712897},
{"mapping": [7, 8, 1, 14, 9, 3, 6, 11, 10, 5, 2, 4, 12, 13, 15, 16], "R": [[0.25295690605897514, -0.9673789423355428, 0.01381251616606921], [0.8651949458967321, 0.21980199659804434, -0.4506936741138759], [0.4329555511502562, 0.125956596561198, 0.8925718046806643]], "T": [0.09538622618756715, -0.05508895532692156, 0.04769502840075501], "aligned_model": [[-0.3860724202274668, -0.007552943947245261, 0.7611232007608213, 0.16349104873099954, -0.6968668058316057, 0.5634635817571323, 0.24385028220584515, -0.3973017879778237, -0.32933036853874403, 0.020625750740286747, 0.7820076322157148, 0.5746756904621766, -0.3423398605385925, 0.03714919300293157, 0.23283326803100982, 0.14740963712594582], [-0.28059822865144524, -0.5885287019065079, -0.32216155390425055, -0.5809195371464714, 0.04673658960144867, 0.3509790296538855, -0.1595450148557905, 0.5855899174686463, 0.19930906967591547, 0.6011422930948926, -0.2846192344289586, 0.4544816495718908, -0.17976569522462485, 0.3703172965332349, -0.16516416914089507, 0.0050984186366657205], [-0.5545739407925121, -0.2306987325954089, -0.47132237223706674, 0.3895517432679175, -0.11659705904125425, -0.47590077655667096, -0.7432209469681207, 0.055351920527886456, -0.5206492886620305, -0.3462485701218181, 0.1599283301452572, 0.15390264914110843, 0.4402736981160279, 0.49772532788312873, 0.7258614872279421, -0.08393971265950867]], "inverted": false, "swapped": true, "error_lsq": 0.03818609205167877, "error_max": 0.28580107228996315, "target": "399.xyz", "model": "23.xyz", "model_rescale": 4.410303926677745, "target_rescale": 4.246665763712897},
{"mapping": [2, 3, 0, 1, 7, 11, 10, 8, 4, 15, 9, 14, 6, 13, 5, 12, 16], "R": [[-0.45654653844941223, -0.8520788978844054, 0.25598205017140707], [-0.012967557344842118, -0.2813139646573239, -0.9595281630808377], [0.8896050251017965, -0.44138872331412743, 0.11738353481113556]], "T": [0.027406839896301237, 0.032456608647681816, -0.1527564216519799], "aligned_model": [[-0.5056318901721056, -0.40624814634860607, 0.06893455236352958, 0.27202358437746493, 0.5907236889062002, 0.3945482207873086, -0.2719804397448176, -0.6972753326064562, -0.6325481450356824, -0.2553175334009303, -0.1412363969320801, 0.33449309266555455, 0.17823893040820257, 0.5981564745699469, -0.33743086237691533, 0.21739906576653573, -0.009181691456044562], [-0.5955778797337598, -0.7431496326561897, -0.6057028263452505, -0.6594757682398333, -0.31874248346283435, 0.13167555478251033, -0.07613030491495318, 0.24477438663706402, -0.16089005493350755, 0.6753390897570272, 0.4663537345398182, 0.6319144065745965, 0.49418189680541824, 0.24678800190831593, 0.08667212251720452, -0.1622221855512544, -0.0798294429759823], [0.24010022501306116, -0.29286101111810475, 0.2490069362005105, -0.5974221204691568, -0.117200521936099, -0.6588041405245197, -0.7205240548150956, -0.47750798402049144, -0.12175870340372626, -0.025936726568253826, -0.5719374403574722, -0.2198263245845787, 0.43201492554901155, 0.1972343385289031, 0.35671012532023894, 0.6036686942595819, -0.17496794367256882]], "inverted": true, "swapped": false, "error_lsq": 0.03840552702525161, "error_max": 0.2960786819453704, "target": "399.xyz", "model": "24.xyz", "model_rescale": 4.28219845311461, "target_rescale": 4.246665763712897},
{"mapping": [12, 8, 13, 0, 14, 6, 9, 2, 7, 1, 10, 3, 3, 4, 5, 16], "R": [[-0.6040464496409476, 0.6290611549397639, -0.48929536071989954], [-0.6933935949033604, -0.7174904228524891, -0.0664290272542864], [-0.39285265586878837, 0.29914805107305426, 0.869584518213171]], "T": [0.010735046051370566, 0.14088813154062185, -0.1685203584535417], "aligned_model": [[-0.10289139480785894, -0.3280557566529347, 0.31427498808194915, 0.11916517388621958, 0.18851789808051342, -0.3819373765332995, -0.6828105319080446, 0.5699983414524068, -0.7688339685120699, 0.1570485067959248, -0.6256288444105073, 0.11267109453716764, 0.11267109453716764, 0.5281018136211866, -0.1830398102583449, -0.020930461788465624], [0.4534143035909733, -0.3192326056617967, 0.6830610911089103, -0.6216250574703727, -0.12322224682240429, -0.3678057674753574, 0.5512785233873062, -0.3311584984292684, -0.04487291560592724, -0.6316474967811263, 0.2902320880680334, -0.04152933627155703, -0.04152933627155703, 0.31131507188801744, 0.47990298000873927, 0.09853057845161939], [-0.6692027449110127, -0.38338594746165033, -0.19682737371630202, -0.4007539050238754, -0.7131679938063907, 0.3269991770249333, -0.2934181403091446, -0.13496497419938036, -0.11239766507666013, 0.23853446410493276, 0.2067864297395086, 0.6153629846839933, 0.6153629846839933, 0.2830844870287622, 0.49400539688851197, -0.02409115907247336]], "inverted": true, "swapped": true, "error_lsq": 0.04477889141290478, "error_max": 0.3444603185803036, "target": "399.xyz", "model": "25.xyz", "model_rescale": 4.100010024507729, "target_rescale": 4.246665763712897},
{"mapping": [6, 10, 9, 11, 0, 14, 8, 13, 5, 4, 3, 16], "R": [[-0.5399653051846985, -0.7277921873265744, -0.4227954603152639], [-0.08396642713680502, 0.5463907856021273, -0.833310715473508], [0.8374885720478071, -0.41445825058199864, -0.35614217696565265]], "T": [0.05158700096448248, 0.23643990862640415, 0.0272093656997213], "aligned_model": [[-0.6332754532101708, 0.001738861669368534, 0.4255221436782519, 0.6133900685511547, -0.5586568273073204, 0.024029150481814303, -0.31915920132543324, 0.5863173817094806, 0.1032069499666255, 0.07952810398887872, -0.402006104003631, -0.04386947183601229], [-0.19863369321755778, -0.5138514741186797, -0.3682037675462486, -0.30568661170482736, 0.6584074817907862, 0.7402744246461507, 0.20628562946474466, 0.34391222278123545, -0.3633429485134788, 0.36546330482753686, -0.04503967863283451, 0.14654650027381247], [0.0139766699883647, 0.07913053369608264, 0.4267137239333173, -0.18194530087417513, 0.33811403508339327, 0.4058826106934093, 0.5112501646788691, -0.271793014234895, -0.45134684213526777, -0.6679401927691133, -0.5836610978800291, -0.05318900032559904]], "inverted": true, "swapped": true, "error_lsq": 0.044063393486887266, "error_max": 0.2569709925570962, "target": "399.xyz", "model": "26.xyz", "model_rescale": 3.6694154284099745, "target_rescale": 4.246665763712897},
