[{"mapping": [4, 8, 7, 0, 2, 10, 9, 11, 1, 5, 6, 12], "R": [[-0.3581683466342203, 0.5973094984071627, -0.7175909688547457], [-0.19686997711803195, -0.7996165628834012, -0.5673231570032031], [-0.9126651344161529, -0.06192507953260329, 0.40398964955308714]], "T": [-0.07723212825835334, -0.16258716758845754, 0.048721627250188866], "aligned_model": [[-0.17631215419077473, 0.15019940343180982, 0.41497790312911303, 0.013637751781491805, -0.03885275539598641, -0.5755173992692207, 0.38043652315548643, -0.21203449486197357, 0.5445646177043522, -0.004899682267009112, -0.6060646686438407, -0.05249258211289938], [-0.29474326344594187, -0.7190019100292702, -0.12408678466626688, 0.6564397181543131, 0.3522895133217719, -0.6611901396803301, -0.5248098746561214, -0.40016292632955847, 0.1888705590000862, 0.4773257671624482, 0.1540314294417197, -0.05140705229579309], [-0.5214407919156261, -0.13839839226621062, -0.5830740394242275, -0.1616589295810792, -0.7158982243801064, 0.06403777669089233, 0.4449810218069429, 0.7913656619021687, 0.04615781877690229, 0.447347458036749, 0.42502645445917475, 0.08350593124798239]], "inverted": false, "swapped": true, "error_lsq": 0.04822461509617502, "error_max": 0.30521024731056035, "target": "4.xyz", "model": "0.xyz", "model_rescale": 3.751011558992144, "target_rescale": 3.8936222436046832},
{"mapping": [7, 0, 12, 11, 9, 1, 6, 13, 5, 8, 10, 4, 14], "R": [[0.2567970797052732, 0.7222737673902883, 0.6421649825353942], [-0.9417615369543865, 0.33627751995410804, -0.001623910966248976], [-0.21711855601987456, -0.6043492653369855, 0.7665647383740597]], "T": [-0.011947498810382942, 0.006760115706189673, -0.1468684543165797], "aligned_model": [[-0.10866094122294537, -0.4755263402606953, 0.5059297550597041, 0.49387584998998957, 0.5935924776825237, -0.629667806276952, -0.1323761249206753, 0.4873374599530819, 0.20620649358816234, -0.44070190947763954, 0.22529660071067753, -0.48730477499338154, 0.03920514647950245], [-0.5704244457667695, -0.0717756108779399, -0.3642717058057419, -0.5509783407621729, 0.1739973776426576, -0.3143229876092645, -0.6882264959341458, 0.3831470807645974, 0.583106629131589, 0.48852332128915466, 0.022205499733310496, 0.048478237514803346, -0.011629005638490977], [-0.4586079543021029, -0.7422097983445031, -0.5291165954850183, 0.11733136194251803, 0.05198489974931789, -0.178693160828359, 0.1104568280091443, -0.5163946114249294, -0.04528312536312443, 0.009631134244131978, 0.6379438961746424, 0.48390014683795624, -0.15387270583871007]], "inverted": false, "swapped": false, "error_lsq": 0.04730344176582683, "error_max": 0.27300599386526686, "target": "4.xyz", "model": "1.xyz", "model_rescale": 3.9405287249114394, "target_rescale": 3.8936222436046832},
{"mapping": [8, 2, 9, 10, 11, 4, 3, 5, 0, 1, 6, 7, 12], "R": [[0.7107730682356531, 0.23040599152662322, -0.6646162235000808], [0.3962716812850875, -0.9117951725341799, 0.10769548716104668], [-0.5811801786729875, -0.33991564014031306, -0.7393828220249883]], "T": [-0.021608112086047973, -0.043560124597054745, -0.06305331805825864], "aligned_model": [[-0.05995026337598787, -0.12546715813906661, 0.48445052337692496, 0.42732917511036, 0.6842602914300104, -0.6217480110419645, -0.07954030091645685, 0.42041632174114774, 0.1374958416832907, -0.6581893832000195, 0.16417794854771633, -0.43522989443798255, -0.06079920446661938], [-0.694856462776736, 0.3361069103624823, -0.45400458376884234, -0.7573436751340688, 0.01302642134687347, -0.3914666862254238, -0.49576100636280473, 0.35027146660875474, 0.7705827543762417, 0.42516856366736355, 0.1676524294132248, -0.12045777668429575, -0.021088801141182268], [-0.48142244863311345, -0.619143120733691, -0.5382597053244567, -0.04171147043734602, 0.015445400230699236, -0.1654683947799911, 0.2818494256195603, -0.4844644688893635, 0.05854969501261578, -0.11084489077881154, 0.40195043471376535, 0.6091918942144801, -0.13860203484338365]], "inverted": true, "swapped": false, "error_lsq": 0.05838982166787009, "error_max": 0.29662800951653767, "target": "4.xyz", "model": "2.xyz", "model_rescale": 3.932901565614263, "target_rescale": 3.8936222436046832},
{"mapping": [0, 1, 4, 7, 5, 3, 8, 6, 12, 10, 9, 11, 13], "R": [[-0.5216052861284208, -0.8372986841479382, 0.16388666512873928], [0.8335855908231007, -0.4591935340581592, 0.3070445587390862], [-0.18183230806154932, 0.29676962749464364, 0.9374778930415908]], "T": [-0.035756106320530355, -0.13492990185346918, -0.133651286965033], "aligned_model": [[-0.09229149002809993, -0.5013074264665182, 0.614160970158842, 0.45212513070415405, 0.6224376430355089, -0.34491662209938123, -0.2547674887199974, 0.25563863953744365, 0.23417408389514519, -0.3011826803571397, 0.3398212157307913, -0.7616406203508288, 0.014954531271432293], [-0.5331822234205263, 0.034880281463367996, -0.35793867941812124, -0.6027873846248845, 0.13348064079061958, -0.5402830096981786, -0.4526123823135827, 0.4123939294723884, 0.5159354716809296, 0.5295767477494938, -0.07038843578252679, 0.09211995024872063, -0.033365352466112844], [-0.6695142992158265, -0.6842828251685613, -0.6731893146956097, 0.09618304841852246, -0.026243398237938337, -0.10547130248651962, 0.4907673078254271, -0.4203880764269179, 0.16069845076814707, -0.10010897443495537, 0.4944959996700493, 0.3345887533121731, -0.11046505395702678]], "inverted": false, "swapped": false, "error_lsq": 0.051467302711296674, "error_max": 0.2738012842817921, "target": "4.xyz", "model": "3.xyz", "model_rescale": 3.9243930471874484, "target_rescale": 3.8936222436046832},
{"mapping": [0, 1, 2, 3, 4, 5, 6, 7, 8, 9, 10, 11, 12], "R": [[1.0, 0.0, 0.0], [0.0, 1.0, 0.0], [0.0, 0.0, 1.0]], "T": [0.0, 0.0, 0.0], "aligned_model": [[-0.0017815197689991635, -0.28955948843055335, 0.5827318427530451, 0.38123823322566597, 0.5818722575671699, -0.5156987348472388, -0.21636191502236615, 0.39274425440519567, 0.19886049969839234, -0.45426378172796905, 0.262651451788819, -0.5827318427530451, -0.06249537057676379], [-0.5876021881059219, 0.09053244715225868, -0.34143041282023623, -0.5504126276040425, 0.08180011569513222, -0.4931650606717043, -0.592352880094695, 0.30234018000425184, 0.592352880094695, 0.5384707141129814, 0.10011221572412451, 0.06346248673863118, -0.07627831654388828], [-0.6148518911746448, -0.6466215884541316, -0.6285406613391222, 0.0682401587458606, -0.08426557058505242, -0.25390182666636024, 0.3518836482533464, -0.6302865420575628, 0.07686960400218601, 0.03716313266847292, 0.6466215884541316, 0.5315356936331813, -0.06677543010934085]], "inverted": false, "swapped": false, "error_lsq": 0.0, "error_max": 0.0, "target": "4.xyz", "model": "4.xyz", "model_rescale": 3.8936222436046832, "target_rescale": 3.8936222436046832},
{"mapping": [8, 9, 10, 4, 6, 5, 1, 0, 2, 7, 3, 12], "R": [[0.89026725490993, 0.07036743323906479, -0.4499695980557843], [0.21792110882307342, -0.9333669187024645, 0.2851956966736872], [-0.39991824810135945, -0.3519582637347977, -0.8462805536134732]], "T": [-0.2047620546965219, -0.07452087393450703, -0.1535351132773272], "aligned_model": [[-0.020629696591556917, -0.5880097025032743, -0.25484748430889836, 0.35693277186226846, -0.5974012783615318, -0.584326408321461, -0.16521679341286014, 0.02896851718218535, 0.572823630264404, 0.4497699789759866, 0.06520474003499985, -0.23572023260516428], [-0.562144675551205, -0.6655065266780159, 0.07368868576182223, -0.04810032641656484, 0.5315675823269431, 0.20098973069695475, -0.4065356843680549, 0.29818622558260577, 0.19189145595173274, -0.4508829422073084, 0.5417577224321406, -0.03598834242124263], [-0.5065997981607233, -0.19283639161270727, -0.8410328192182827, -0.34371436011046375, -0.1563168327206623, 0.4411479182342267, 0.4776246430009603, 0.5743259937337465, 0.2655107831851147, 0.11638741148510559, -0.17002728619108462, -0.04518454234971159]], "inverted": false, "swapped": true, "error_lsq": 0.04392027551707526, "error_max": 0.23068964294002628, "target": "4.xyz", "model": "5.xyz", "model_rescale": 3.6523030999806103, "target_rescale": 3.8936222436046832},
{"mapping": [3, 7, 0, 1, 5, 4, 2, 5, 8, 9, 6, 10, 12], "R": [[0.599796267984596, 0.40055536388740764, -0.6926758530314001], [0.6278098104660773, 0.30112413048586795, 0.7177597787015364], [0.49608394329417616, -0.8653783325807025, -0.07085945741779386]], "T": [-0.07152426823357182, -0.03128011881850821, -0.03798680709272948], "aligned_model": [[-0.06262593289044767, -0.2076727246195183, 0.5402046538559686, 0.4767817012914364, 0.4578043007789788, -0.49434783875146626, -0.09872778012877768, 0.4578043007789788, 0.256476651774343, -0.44843719699162365, 0.07317456907540303, -0.639532769680558, -0.03369604818136435], [-0.504667582828006, 0.10692891130058715, -0.48405233032453715, -0.43747886476724807, 0.22661829111862633, -0.4182306882248849, -0.7132151265019625, 0.22661829111862633, 0.5174468699056645, 0.5856200171289753, 0.02002579101982519, 0.04787088895230942, -0.04565491421638882], [-0.5463821566925833, -0.6931050571166828, -0.6766954894087021, 0.09138864871846611, -0.38033634508828124, -0.013065190421702462, 0.2943326904475936, -0.38033634508828124, 0.17418574293708505, -0.03217805648300348, 0.5937207298016796, 0.4909503365451574, -0.13540919277978103]], "inverted": true, "swapped": false, "error_lsq": 0.051357907869681516, "error_max": 0.3521690863058939, "target": "4.xyz", "model": "6.xyz", "model_rescale": 4.08911054899281, "target_rescale": 3.8936222436046832},
{"mapping": [3, 6, 0, 9, 1, 4, 8, 2, 13, 12, 11, 10, 14], "R": [[0.3900089888157374, -0.9025540963112891, 0.18245298538154425], [0.8625991291469771, 0.4274427323846849, 0.27058354149207103], [-0.32220448637131466, 0.051853772892882524, 0.945248885320142]], "T": [-0.09713739743663585, 0.017329252460761863, -0.09603596522144581], "aligned_model": [[-0.01687258516987475, -0.07610142948306486, 0.4949475010400667, 0.4076185502646472, 0.6326792535077008, -0.6190035770756239, -0.26766556933187224, 0.3477163763283241, 0.15086786952546763, -0.3628170356347749, 0.0812360469400834, -0.5197265647149163, 0.024327050115189347], [-0.6666263897971324, -0.07297600554784717, -0.37727244760432344, -0.5117786492742136, 0.08893873847285917, -0.4075119480278865, -0.5736514672829627, 0.3836869046940353, 0.6978303901454989, 0.5488738513361016, 0.12286153689847924, -0.04875394572630529, -0.055791014604715694], [-0.4861816759516117, -0.5864902596075081, -0.7111629069216658, 0.18649468707947064, -0.08240525090155784, -0.30583380748543637, 0.19860093804466183, -0.6599745557687253, 0.010294235194324486, 0.29750766293756425, 0.45312422474109953, 0.4839005012284589, -0.010803477218110757]], "inverted": false, "swapped": false, "error_lsq": 0.04774076838346761, "error_max": 0.2761340382425716, "target": "4.xyz", "model": "7.xyz", "model_rescale": 3.964800864290218, "target_rescale": 3.8936222436046832},
{"mapping": [2, 7, 4, 6, 11, 0, 3, 12, 9, 8, 10, 5, 13], "R": [[0.07798674746944864, -0.9152124914056994, -0.3953532127023999], [-0.4927829505067045, 0.3093423356537566, -0.8133094632808507], [0.8666504663986763, 0.2582506823751899, -0.4268765092432536]], "T": [-0.04599755852691789, -0.1374091097819687, -0.1292403418558058], "aligned_model": [[-0.10656351793168581, -0.3368493416871103, 0.4998808419519377, 0.3435201462970643, 0.7582998635717815, -0.36915468842804305, -0.1963065310214384, 0.291145803035196, 0.22170599856816242, -0.3644274411462225, 0.10817552282665924, -0.5063652935246583, -0.06585547620029002], [-0.4528404148017633, 0.21904253078775884, -0.37517598998790536, -0.5395225525967925, 0.017559313049996333, -0.7737946920857577, -0.6419258526546103, 0.38085752193677624, 0.4783187267580731, 0.5521019730340215, 0.20626528182673423, 0.1271748304957753, -0.07023112208071959], [-0.708415258551083, -0.6725640327891194, -0.5041764398533499, 0.02270227861259691, -0.0018677811371008712, -0.1904141316082644, 0.36959105716717977, -0.5633013853624467, 0.02265028858917853, -0.009932094294050037, 0.6010011158453868, 0.5166138290593738, -0.09481713030733772]], "inverted": true, "swapped": false, "error_lsq": 0.04418574974505903, "error_max": 0.3228913671690351, "target": "4.xyz", "model": "8.xyz", "model_rescale": 4.121658175737393, "target_rescale": 3.8936222436046832},
{"mapping": [7, 8, 9, 5, 4, 11, 10, 6, 1, 2, 0, 3, 12], "R": [[0.7430561165544516, 0.6560346889468375, -0.1322349974456215], [-0.19262452546961983, 0.39888862252920226, 0.8965398256655193], [0.6409082616401672, -0.6407076975619863, 0.42276500144429774]], "T": [-0.01327434923071781, -0.10569371153406804, -0.12759550846877427], "aligned_model": [[-0.048036201415358, -0.43301189505388726, 0.6369864658156738, 0.3390657729116753, 0.8239256798499498, -0.5537527004660743, -0.22584090250180638, 0.2011888880026902, 0.2633379145962666, -0.36527371330238406, 0.25065331959441395, -0.6388011971810748, 0.026764455461267822], [-0.602291269427534, 0.14567447637381303, -0.25307330892149754, -0.5412173498781123, 0.11412846257140996, -0.42771229726400767, -0.5845216502456064, 0.2739994156407602, 0.500413444987276, 0.4682339254104455, 0.10003547821840225, -0.03551028039216925, -0.030329493391592688], [-0.5830001520991881, -0.6672136738983216, -0.6262235699776195, 0.1329683129800719, 0.06964100132998219, -0.21256171848136787, 0.42196804211939326, -0.666131207513452, 0.048618809983650285, 0.04284499758338178, 0.5843328090145252, 0.34829779885594886, -0.10647113452604065]], "inverted": true, "swapped": false, "error_lsq": 0.039771270256649185, "error_max": 0.28865587492583006, "target": "4.xyz", "model": "9.xyz", "model_rescale": 3.833441315466971, "target_rescale": 3.8936222436046832},
{"mapping": [6, 7, 4, 5, 2, 12, 0, 3, 9, 8, 13, 10, 14], "R": [[0.9950445116263116, 0.08295432620626418, -0.054817877065972784], [0.0191109766643318, -0.7005997656310422, -0.7132984921957038], [-0.09757658762885059, 0.7087161266412624, -0.6987132898301819]], "T": [-0.09341720747797133, -0.1657900951085701, -0.1311869879721783], "aligned_model": [[-0.06636646321992618, -0.23815941774248486, 0.48501114307872817, 0.4824698685772201, 0.463593438906751, -0.5598539481166851, -0.13115163518645462, 0.47912707866696314, 0.13433607910171008, -0.34760953304388054, 0.2941129694584695, -0.6701946722168164, -0.04810902195224221], [-0.6446231375299338, 0.26390536786208885, -0.4261958211607709, -0.42279670853252826, 0.22438419744635477, -0.5287231492232057, -0.5301167608556859, 0.27023569026016225, 0.612063388349631, 0.5068630456054649, -0.11158495356783257, 0.0017690327848687848, -0.08735063775702621], [-0.6120370090447596, -0.6193728935982938, -0.6144282126226847, 0.11322430013858198, 0.10152187771835058, -0.24838947311702966, 0.44297775780621684, -0.6173931218742506, -0.16253224689295423, 0.16961756034396627, 0.5634846654071822, 0.4300668212343969, -0.15966971012775827]], "inverted": true, "swapped": false, "error_lsq": 0.04626577580997403, "error_max": 0.26236820550446505, "target": "4.xyz", "model": "10.xyz", "model_rescale": 4.2482417240324, "target_rescale": 3.8936222436046832},
{"mapping": [9, 11, 10, 6, 7, 4, 8, 3, 5, 0, 1, 12], "R": [[0.3509377624257358, -0.763168127699154, 0.5426021523803471], [0.8021278077613048, -0.05397615326117852, -0.5947079576524675], [0.48314973550614837, 0.6439417549307495, 0.5932161067747952]], "T": [-0.008663911492966407, 0.044584512316682055, 0.033436810393350995], "aligned_model": [[-0.5588611175389534, 0.02681334376594558, 0.3579662147324897, 0.5584041855437218, -0.44356634508531295, 0.08738711548363184, -0.3492314785488077, 0.582211612511219, 0.04895810677095614, 0.10553018812781711, -0.5302310143119483, -0.00861520908775222], [-0.37095888758698736, -0.7423748709140402, -0.13469013099742103, -0.3062604722066014, 0.7181328623835372, 0.557018580477671, 0.12640815394768537, 0.33951249147559137, -0.1914551936527558, 0.44052932399093064, 0.19198520564634855, 0.03828432748668096], [0.18274892990333386, 0.10807175456786652, 0.6083895669981171, -0.24379609691520904, 0.043984430496861675, 0.31725505407193483, 0.5565572485872085, -0.09632055011731597, -0.6839111247064417, -0.7105455597476585, -0.4317524982170595, -0.0854888650672814]], "inverted": false, "swapped": true, "error_lsq": 0.05080930046635135, "error_max": 0.24853834739629949, "target": "4.xyz", "model": "11.xyz", "model_rescale": 3.6694154284099745, "target_rescale": 3.8936222436046832},
{"mapping": [4, 11, 3, 1, 2, 0, 0, 8, 10, 7, 12, 5, 13], "R": [[0.02263390182865907, -0.9635492778862219, 0.2665717456388632], [0.32606108858275407, -0.2449454711220136, -0.9130640079912493], [0.9450777073871968, 0.10758487468856878, 0.3086318547039579]], "T": [-0.06287821862027523, 0.05196473891179307, -0.10970568701532864], "aligned_model": [[-0.0646322852444619, -0.31209591761382915, 0.5148558158605581, 0.495719261627273, 0.5887014998135089, -0.2834869196838189, -0.2834869196838189, 0.41506163360082404, 0.20920043361862337, -0.44931929966551065, 0.15637238965928366, -0.6453026852235989, -0.06438112075368035], [-0.539290190244247, 0.17170488701939837, -0.3652333520544484, -0.5649637759690457, 0.05271190764392639, -0.5809362189421601, -0.5809362189421601, 0.28422334136188276, 0.5731581839173255, 0.6505414624258081, 0.05412868698529169, 0.040242019125910904, -0.06752117864589587], [-0.55478228912923, -0.7942358064013212, -0.592839249190369, 0.04470142645284832, -0.06779046714291051, 0.13829843187801355, 0.13829843187801355, -0.6484331603800112, 0.13083409594701578, 0.10132633760975089, 0.5334840115684308, 0.4427570818834791, -0.084548529602746]], "inverted": true, "swapped": false, "error_lsq": 0.04780085597544995, "error_max": 0.4641628444068971, "target": "4.xyz", "model": "12.xyz", "model_rescale": 3.9764082729961374, "target_rescale": 3.8936222436046832},
{"mapping": [1, 9, 2, 8, 7, 12, 11, 0, 4, 6, 3, 14, 15], "R": [[0.8047163190856612, -0.27350976867321586, 0.5269004196596817], [-0.5461810835532358, -0.6888921411070634, 0.47656462509248376], [0.23263247788268523, -0.6712823730452411, -0.7037486098550478]], "T": [-0.11950244799146549, -0.05688231314260037, -0.15402596833559468], "aligned_model": [[-0.004822006190630446, -0.13821108762151163, 0.5630283644347854, 0.29542387215739024, 0.5837076538829961, -0.5724148311681632, -0.21696184525005446, 0.3471070569010254, 0.11016748644752582, -0.5666535899489981, 0.3279957028123579, -0.37722375952578613, -0.07393713061958435], [-0.5537240653084902, 0.025006964140435704, -0.346945310577221, -0.5657978929746781, 0.2086449216558656, -0.36741399405029723, -0.5541112799057357, 0.25926462923387916, 0.6229272224911768, 0.4720435869267626, -0.10725776399796419, 0.026674821982050533, 0.00851771406580313], [-0.5326012552127092, -0.7493773432285039, -0.44775145499639657, 0.1076874591007112, -0.07640806366804964, -0.47907055491736317, 0.4573738347777758, -0.6116662356550788, -0.12280997475208433, 0.16838999619023426, 0.5570655632493968, 0.5979088495348508, -0.08167050505181951]], "inverted": true, "swapped": false, "error_lsq": 0.04769654703680471, "error_max": 0.2640662843311882, "target": "4.xyz", "model": "13.xyz", "model_rescale": 4.170626492500431, "target_rescale": 3.8936222436046832},
{"mapping": [2, 4, 6, 3, 11, 0, 1, 5, 12, 8, 9, 7, 13], "R": [[0.8465490138911076, -0.21097464594604595, -0.4887171634472581], [-0.49899277884458343, -0.6342310740428598, -0.590556645360461], [-0.18536713231032648, 0.7438014812343284, -0.6421825151564504]], "T": [-0.031974594011548965, -0.09279753105271278, -0.09016762743162711], "aligned_model": [[-0.18884351888939832, -0.3336603653898646, 0.6084078083006299, 0.38589655502063663, 0.6476244072306183, -0.5197869571141439, -0.1800645202971275, 0.5964670772144396, 0.059881889788363035, -0.5536082979289185, 0.3219402340033093, -0.631104464655752, 0.06405603902856034], [-0.5352544169586295, 0.18027146608520467, -0.22357343694989656, -0.6388765389168138, 0.028144035817959365, -0.4295856198383615, -0.5645600028514436, 0.40322608087519624, 0.6200711304359838, 0.4358365793807976, -0.1044018150670988, 0.023737634242238834, -0.06720554257354945], [-0.5512058164772315, -0.671099765243767, -0.6195987450245967, -0.038640698486040126, 0.06207555318629403, -0.023299935799161633, 0.4983253749315528, -0.5217246579998991, -0.22832253699840066, -0.08942666283004644, 0.6384722517731863, 0.44358583273546803, -0.11206987839639422]], "inverted": true, "swapped": false, "error_lsq": 0.053515505017047986, "error_max": 0.33649011626350694, "target": "4.xyz", "model": "14.xyz", "model_rescale": 3.9786697098870705, "target_rescale": 3.8936222436046832},
{"mapping": [1, 9, 0, 2, 5, 6, 8, 10, 3, 4, 11, 12], "R": [[-0.5060414970023183, 0.8366926258126719, 0.20944558534939164], [0.5923641524402816, 0.513646567286303, -0.6207027588296226], [-0.6269184270823119, -0.19003329662375998, -0.7555531959822197]], "T": [-0.04690955070914484, -0.024616786892537643, 0.032984470049467765], "aligned_model": [[-0.13375446154150875, -0.7351040046382811, 0.5726093583098809, 0.6652943187134599, 0.15793167578644632, 0.26551915188947617, -0.4579951716070842, -0.13319220659957007, 0.5922464022245066, 0.19674945573751054, -0.5062224439238591, -0.0007274775836406816], [-0.30095361052739, -0.009043581759196881, -0.10338189671770441, -0.5845686040424377, 0.37657963332564426, 0.6262234302607222, -0.3989614664587244, 0.16973541640351902, 0.07462576176128806, -0.46361727434174893, 0.6179010502296156, 0.010135632090852068], [-0.6198985373480322, -0.12139577687327723, -0.5443496898637471, -0.1414692520764086, -0.575870688511894, 0.05064324308585451, 0.3282996272758994, 0.7052271672097831, 0.21895208747476874, 0.349648535009261, 0.08132261745001147, -0.07114283895838878]], "inverted": true, "swapped": true, "error_lsq": 0.047534369614149787, "error_max": 0.23161811338914554, "target": "4.xyz", "model": "15.xyz", "model_rescale": 3.769337070930944, "target_rescale": 3.8936222436046832},
{"mapping": [4, 10, 7, 8, 2, 3, 0, 6, 1, 9, 12], "R": [[0.14395201021029314, 0.9031896904306763, 0.4043837309489032], [0.023842198284439398, -0.41168669106901523, 0.9110135114133111], [0.9892974114680486, -0.12150082920039881, -0.08079715444391838]], "T": [-0.0801582096278351, -0.04971842780655831, 0.11630224608806722], "aligned_model": [[-0.20372528613838897, -0.4698709856768766, -0.15488744468668092, -0.674876409972258, 0.39850441673844805, 0.3344935810709435, 0.699450583830109, 0.3436985148304305, 0.14123973834101505, -0.5161353889102791, 0.02473481126470782], [0.04685155076183726, -0.6038467528260024, 0.6395866699644135, 0.11937485001709383, 0.3684346421201744, -0.34757324537611267, 0.26855442743290986, -0.6089944392829877, 0.5835373143874891, 0.148937329894158, -0.01879784946763112], [-0.4562121085634219, -0.0791292537122657, -0.2864294046753753, -0.0022477201294376636, -0.552461232687919, -0.322217731205531, -0.0030077373221940595, 0.2868083599234292, 0.3615172815078664, 0.6341315431099261, 0.16346561097869966]], "inverted": true, "swapped": true, "error_lsq": 0.04751311424714155, "error_max": 0.21838046116976134, "target": "4.xyz", "model": "16.xyz", "model_rescale": 3.7852294659196426, "target_rescale": 3.8936222436046832},
{"mapping": [1, 4, 3, 2, 8, 5, 7, 0, 9, 10, 11, 6, 12], "R": [[0.813368734999868, -0.5611517041387313, -0.15342772196351245], [0.2783013559051825, 0.606928357646341, -0.7444369173986822], [0.5108616801307884, 0.5628025707358784, 0.6498258306246645]], "T": [0.06937527317244208, -0.09932969424072567, -0.13022551471862845], "aligned_model": [[-0.029119362208009675, -0.37106897733247884, 0.5942790546127631, 0.3858066178142363, 0.6426924930359171, -0.518442898404231, -0.21492196470840447, 0.23616730777359513, 0.3204082427744379, -0.4292425123099186, 0.2380002140114066, -0.6359020395985094, 0.05854971085054819], [-0.7005000498361534, 0.03517901382988038, -0.34965497021257297, -0.5810962209600247, 0.16003667418370926, -0.3541667172000347, -0.5320067526267864, 0.3321846588056922, 0.7023349201565728, 0.5055828176390935, -0.029177715104105703, -0.03775650023232961, -0.02312960476135352], [-0.45139083756903897, -0.6684661251708028, -0.6727277244853966, 0.07436979043590825, 0.037829129938416556, -0.27765990505506444, 0.34241880065618735, -0.6319454924425186, 0.07368152220721089, 0.05609740993385301, 0.5801099015345277, 0.40473793241787903, -0.07998408703019713]], "inverted": false, "swapped": false, "error_lsq": 0.03647231208264003, "error_max": 0.200531296456023, "target": "4.xyz", "model": "17.xyz", "model_rescale": 3.901054581598922, "target_rescale": 3.8936222436046832},
{"mapping": [7, 0, 12, 11, 9, 1, 6, 13, 5, 8, 10, 4, 14], "R": [[0.2567970797052732, 0.7222737673902883, 0.6421649825353942], [-0.9417615369543865, 0.33627751995410804, -0.001623910966248976], [-0.21711855601987456, -0.6043492653369855, 0.7665647383740597]], "T": [-0.011947498810382942, 0.006760115706189673, -0.1468684543165797], "aligned_model": [[-0.10866094122294537, -0.4755263402606953, 0.5059297550597041, 0.49387584998998957, 0.5935924776825237, -0.629667806276952, -0.1323761249206753, 0.4873374599530819, 0.20620649358816234, -0.44070190947763954, 0.22529660071067753, -0.48730477499338154, 0.03920514647950245], [-0.5704244457667695, -0.0717756108779399, -0.3642717058057419, -0.5509783407621729, 0.1739973776426576, -0.3143229876092645, -0.6882264959341458, 0.3831470807645974, 0.583106629131589, 0.48852332128915466, 0.022205499733310496, 0.048478237514803346, -0.011629005638490977], [-0.4586079543021029, -0.7422097983445031, -0.5291165954850183, 0.11733136194251803, 0.05198489974931789, -0.178693160828359, 0.1104568280091443, -0.5163946114249294, -0.04528312536312443, 0.009631134244131978, 0.6379438961746424, 0.48390014683795624, -0.15387270583871007]], "inverted": false, "swapped": false, "error_lsq": 0.04730344176582683, "error_max": 0.27300599386526686, "target": "4.xyz", "model": "18.xyz", "model_rescale": 3.9405287249114394, "target_rescale": 3.8936222436046832},
{"mapping": [1, 2, 3, 12, 14, 0, 4, 10, 11, 9, 13, 7, 15], "R": [[0.25540573914401166, -0.3492193707415896, 0.9015618334374795], [0.7506463658408445, 0.6593206814134285, 0.042734909739763516], [-0.6093422206463577, 0.6658393726413159, 0.43053453749773085]], "T": [-0.06477649819343541, -0.10730358220358455, -0.06667023641912831], "aligned_model": [[-0.07064472256461339, -0.1829444925377252, 0.5700083327078782, 0.2977958610721561, 0.6751364629750622, -0.5155771495817758, -0.288183608496669, 0.37883397908107735, 0.13269574430290954, -0.40575008509692795, 0.2388855630014693, -0.49220523221930973, -0.06084476633217929], [-0.5281237732396842, 0.21604359372995502, -0.3944746996336715, -0.4966221397777617, 0.11147516378756023, -0.6163701139915985, -0.6393061227601708, 0.3130435277035214, 0.5851520922390603, 0.494598790727838, 0.18590162457092374, -0.016222410862858527, -0.0872659788115263], [-0.5749962683499246, -0.8646728754758543, -0.5565779447127529, 0.0641403412660797, -0.00031036696783207085, -0.16818031905687544, 0.38247070863417554, -0.5610608599058088, -0.03978056785547833, 0.26568558713482193, 0.4559672140980987, 0.485266758624312, -0.100881092061997]], "inverted": false, "swapped": false, "error_lsq": 0.04155974954788514, "error_max": 0.2732511098537486, "target": "4.xyz", "model": "19.xyz", "model_rescale": 4.410303926677745, "target_rescale": 3.8936222436046832},
{"mapping": [2, 7, 4, 6, 11, 0, 3, 12, 9, 8, 10, 5, 13], "R": [[0.07798674746944864, -0.9152124914056994, -0.3953532127023999], [-0.4927829505067045, 0.3093423356537566, -0.8133094632808507], [0.8666504663986763, 0.2582506823751899, -0.4268765092432536]], "T": [-0.04599755852691789, -0.1374091097819687, -0.1292403418558058], "aligned_model": [[-0.10656351793168581, -0.3368493416871103, 0.4998808419519377, 0.3435201462970643, 0.7582998635717815, -0.36915468842804305, -0.1963065310214384, 0.291145803035196, 0.22170599856816242, -0.3644274411462225, 0.10817552282665924, -0.5063652935246583, -0.06585547620029002], [-0.4528404148017633, 0.21904253078775884, -0.37517598998790536, -0.5395225525967925, 0.017559313049996333, -0.7737946920857577, -0.6419258526546103, 0.38085752193677624, 0.4783187267580731, 0.5521019730340215, 0.20626528182673423, 0.1271748304957753, -0.07023112208071959], [-0.708415258551083, -0.6725640327891194, -0.5041764398533499, 0.02270227861259691, -0.0018677811371008712, -0.1904141316082644, 0.36959105716717977, -0.5633013853624467, 0.02265028858917853, -0.009932094294050037, 0.6010011158453868, 0.5166138290593738, -0.09481713030733772]], "inverted": true, "swapped": false, "error_lsq": 0.04418574974505903, "error_max": 0.3228913671690351, "target": "4.xyz", "model": "20.xyz", "model_rescale": 4.121658175737393, "target_rescale": 3.8936222436046832},
{"mapping": [3, 7, 0, 1, 5, 4, 2, 5, 8, 9, 6, 10, 12], "R": [[0.599796267984596, 0.40055536388740764, -0.6926758530314001], [0.6278098104660773, 0.30112413048586795, 0.7177597787015364], [0.49608394329417616, -0.8653783325807025, -0.07085945741779386]], "T": [-0.07152426823357182, -0.03128011881850821, -0.03798680709272948], "aligned_model": [[-0.06262593289044767, -0.2076727246195183, 0.5402046538559686, 0.4767817012914364, 0.4578043007789788, -0.49434783875146626, -0.09872778012877768, 0.4578043007789788, 0.256476651774343, -0.44843719699162365, 0.07317456907540303, -0.639532769680558, -0.03369604818136435], [-0.504667582828006, 0.10692891130058715, -0.48405233032453715, -0.43747886476724807, 0.22661829111862633, -0.4182306882248849, -0.7132151265019625, 0.22661829111862633, 0.5174468699056645, 0.5856200171289753, 0.02002579101982519, 0.04787088895230942, -0.04565491421638882], [-0.5463821566925833, -0.6931050571166828, -0.6766954894087021, 0.09138864871846611, -0.38033634508828124, -0.013065190421702462, 0.2943326904475936, -0.38033634508828124, 0.17418574293708505, -0.03217805648300348, 0.5937207298016796, 0.4909503365451574, -0.13540919277978103]], "inverted": true, "swapped": false, "error_lsq": 0.051357907869681516, "error_max": 0.3521690863058939, "target": "4.xyz", "model": "21.xyz", "model_rescale": 4.08911054899281, "target_rescale": 3.8936222436046832},
{"mapping": [14, 5, 12, 13, 7, 15, 2, 10, 6, 8, 0, 1, 16], "R": [[-0.7699128042540981, 0.15050812075911754, 0.6201464177362872], [0.5122920013742762, -0.43368446771718033, 0.7412655986816091], [0.3805143613236291, 0.8884059252652611, 0.2567951182948106]], "T": [-0.03700561076597185, -0.1277426773180532, -0.1148658811124112], "aligned_model": [[-0.019605309459993933, -0.21904796980175611, 0.48658060815185167, 0.5437064676495117, 0.62536109517174, -0.6293142040309966, -0.33614713804380236, 0.3765557048265609, 0.18942715245467467, -0.40783817724150395, 0.25925847871368135, -0.5887557511620103, -0.0029750709166047537], [-0.6725423893595115, 0.31893817462261953, -0.37866813583279024, -0.42479703122643464, 0.12944637674539125, -0.5453126117241822, -0.6045955587119498, 0.33373928801140473, 0.5500717106408158, 0.4455419373519385, 0.10180245429692933, 0.007819715306281949, -0.133614376438926], [-0.4535590892242198, -0.6297113433381252, -0.5707862597560849, -0.008742562116624775, -0.08452901666321569, -0.1943196294106616, 0.3372176349965904, -0.6317187065240277, 0.0969358841483508, 0.0059230930695161055, 0.5630839843023749, 0.4393840638988236, -0.08210773801173217]], "inverted": true, "swapped": false, "error_lsq": 0.03705707983084808, "error_max": 0.23963932688623418, "target": "4.xyz", "model": "22.xyz", "model_rescale": 4.204369325754507, "target_rescale": 3.8936222436046832},
{"mapping": [1, 2, 3, 12, 14, 0, 4, 10, 11, 9, 13, 7, 15], "R": [[0.25540573914401166, -0.3492193707415896, 0.9015618334374795], [0.7506463658408445, 0.6593206814134285, 0.042734909739763516], [-0.6093422206463577, 0.6658393726413159, 0.43053453749773085]], "T": [-0.06477649819343541, -0.10730358220358455, -0.06667023641912831], "aligned_model": [[-0.07064472256461339, -0.1829444925377252, 0.5700083327078782, 0.2977958610721561, 0.6751364629750622, -0.5155771495817758, -0.288183608496669, 0.37883397908107735, 0.13269574430290954, -0.40575008509692795, 0.2388855630014693, -0.49220523221930973, -0.06084476633217929], [-0.5281237732396842, 0.21604359372995502, -0.3944746996336715, -0.4966221397777617, 0.11147516378756023, -0.6163701139915985, -0.6393061227601708, 0.3130435277035214, 0.5851520922390603, 0.494598790727838, 0.18590162457092374, -0.016222410862858527, -0.0872659788115263], [-0.5749962683499246, -0.8646728754758543, -0.5565779447127529, 0.0641403412660797, -0.00031036696783207085, -0.16818031905687544, 0.38247070863417554, -0.5610608599058088, -0.03978056785547833, 0.26568558713482193, 0.4559672140980987, 0.485266758624312, -0.100881092061997]], "inverted": false, "swapped": false, "error_lsq": 0.04155974954788514, "error_max": 0.2732511098537486, "target": "4.xyz", "model": "23.xyz", "model_rescale": 4.410303926677745, "target_rescale": 3.8936222436046832},
{"mapping": [1, 0, 3, 10, 4, 7, 11, 2, 5, 6, 15, 14, 16], "R": [[0.1831357558156338, 0.9746172617156967, -0.12877301001232255], [0.9498233369942277, -0.20920044903714746, -0.23253128955864405], [-0.2535683802113084, -0.07972681662058902, -0.9640263021663674]], "T": [-0.05889421920487625, -0.07910882157498275, 0.030023906260041852], "aligned_model": [[-0.05912985018005573, -0.11404282206800095, 0.5100083208407957, 0.4015728056018388, 0.5869255429755691, -0.5486804934448358, -0.27886628442763434, 0.4310517190424912, 0.13445732082575923, -0.4375029675678828, 0.07468837960333549, -0.42248223932685824, -0.0007935455631688307], [-0.7473736820469483, 0.1013403516776766, -0.27919016810642705, -0.5307853682971289, 0.1047871699039215, -0.3188474347707767, -0.6284784061054184, 0.2769004383880471, 0.5140207727580458, 0.5300477070101088, 0.298686523896452, -0.07520035603087245, -0.11807799459509292], [-0.5082672512994757, -0.7012643669679955, -0.6374851493592868, 0.11801460169100242, -0.12157910191042319, -0.3501940570076007, 0.2548056598016806, -0.6526944365387014, -0.05006666573224122, 0.2819799125487499, 0.62056650173518, 0.6009341142047792, -0.06767944579470282]], "inverted": true, "swapped": false, "error_lsq": 0.04640649806179577, "error_max": 0.2746647773476895, "target": "4.xyz", "model": "24.xyz", "model_rescale": 4.28219845311461, "target_rescale": 3.8936222436046832},
{"mapping": [3, 5, 7, 4, 13, 1, 0, 9, 12, 10, 2, 6, 15], "R": [[-0.9910372375326267, -0.03080923900646819, -0.1299845552961683], [0.1335639309788284, -0.21087970382119103, -0.9683441675653186], [0.0024228423768541812, -0.9770263769766554, 0.21310464219882175]], "T": [0.03285183252799233, 0.01377704770076335, -0.09666997711301036], "aligned_model": [[0.04659240100527952, -0.543626704352627, 0.6951060351210239, 0.2938427069156245, 0.5911090572231232, -0.3877920820428813, -0.2258952590289004, 0.2675675728752547, 0.40957252602426214, -0.5209538757094838, 0.2114041613860712, -0.5746470112903321, 0.014926358184938125], [-0.5545857858364371, 0.12852490959606486, -0.24803411745699747, -0.65929010776085, 0.13248846302926648, -0.417998723370687, -0.5617983155916654, 0.1766603523558015, 0.6774898043976679, 0.5440996664119541, -0.054384061699445735, 0.005123367770617671, -0.040465898163702455], [-0.622807061047711, -0.7129378617383402, -0.4103900604625287, 0.019575198059569116, 0.06817215307038126, -0.3123219641124752, 0.4203572134847801, -0.7092475103092256, -0.14124346612284067, 0.10768749506447299, 0.5607896440141039, 0.5689631076597399, -0.04952657218896222]], "inverted": true, "swapped": false, "error_lsq": 0.049518017741974445, "error_max": 0.31499391308006097, "target": "4.xyz", "model": "25.xyz", "model_rescale": 4.100010024507729, "target_rescale": 3.8936222436046832},
{"mapping": [9, 11, 10, 6, 7, 4, 8, 3, 5, 0, 1, 12], "R": [[0.3509377624257358, -0.763168127699154, 0.5426021523803471], [0.8021278077613048, -0.05397615326117852, -0.5947079576524675], [0.48314973550614837, 0.6439417549307495, 0.5932161067747952]], "T": [-0.008663911492966407, 0.044584512316682055, 0.033436810393350995], "aligned_model": [[-0.5588611175389534, 0.02681334376594558, 0.3579662147324897, 0.5584041855437218, -0.44356634508531295, 0.08738711548363184, -0.3492314785488077, 0.582211612511219, 0.04895810677095614, 0.10553018812781711, -0.5302310143119483, -0.00861520908775222], [-0.37095888758698736, -0.7423748709140402, -0.13469013099742103, -0.3062604722066014, 0.7181328623835372, 0.557018580477671, 0.12640815394768537, 0.33951249147559137, -0.1914551936527558, 0.44052932399093064, 0.19198520564634855, 0.03828432748668096], [0.18274892990333386, 0.10807175456786652, 0.6083895669981171, -0.24379609691520904, 0.043984430496861675, 0.31725505407193483, 0.5565572485872085, -0.09632055011731597, -0.6839111247064417, -0.7105455597476585, -0.4317524982170595, -0.0854888650672814]], "inverted": false, "swapped": true, "error_lsq": 0.05080930046635135, "error_max": 0.24853834739629949, "target": "4.xyz", "model": "26.xyz", "model_rescale": 3.6694154284099745, "target_rescale": 3.8936222436046832},
{"mapping": [0, 6, 5, 8, 7, 2, 10, 1, 3, 12, 9, 11, 13], "R": [[-0.18652880889967294, -0.7608549220105509, 0.6215358325171506], [-0.9201320269982787, 0.3570225265485266, 0.16090981458240988], [-0.3443313176905468, -0.5418807093717443, -0.7666819682686342]], "T": [0.06551937773552324, -0.17209781555030285, -0.06071425585916633], "aligned_model": [[-0.0429337793241428, -0.23628612664599835, 0.6243401096818735, 0.4685105569273864, 0.615744013636605, -0.5703682535299162, -0.14040659810096814, 0.24512735785363132, 0.26358584148184394, -0.45183219518653955, 0.14539580383036643, -0.6564300175953701, 0.012759173282580888], [-0.4969404559291022, 0.29128828798073, -0.3756870709769968, -0.550480092924791, 0.1334492663880748, -0.2988288641328576, -0.5438031424360679, 0.1301261411132198, 0.6054974565241584, 0.4020848394844487, 0.0921648051022031, -0.07677438486596758, -0.18426723164546469], [-0.6260889235342072, -0.467380197860379, -0.5824894031620058, 0.25988230384242594, -0.05598609713637519, -0.26495873664647557, 0.3651030316400286, -0.870682346090064, 0.03387162638556661, 0.11927030461689349, 0.5627025865107985, 0.39302353558994585, -0.07919736878518843]], "inverted": true, "swapped": false, "error_lsq": 0.049367889735705196, "error_max": 0.3305125806003606, "target": "4.xyz", "model": "27.xyz", "model_rescale": 4.103607728864725, "target_rescale": 3.8936222436046832},
{"mapping": [11, 10, 6, 7, 5, 13, 4, 9, 0, 3, 1, 2, 14], "R": [[0.47615138517598277, -0.8519430854590341, -0.21788262329413635], [0.7381502844675968, 0.2525626167193715, 0.625576759619689], [-0.477926789305014, -0.45869936099193065, 0.7491200706763874]], "T": [-0.07698016143447745, -0.11040636094973423, -0.22305979063687575], "aligned_model": [[0.02051665471322142, -0.19793267553860378, 0.399720014651211, 0.4919914070889189, 0.6348370851397704, -0.5117685868270654, -0.4206006128842688, 0.38993136559854, 0.13539511209016933, -0.41843404675244616, 0.27182284709836696, -0.4673689468520403, -0.05090373121442167], [-0.6914218025325035, 0.0968074658223285, -0.20125786117310035, -0.4799703280844124, 0.03380106500171813, -0.5871999041302927, -0.5153323453903894, 0.4574935947036929, 0.4375082534629221, 0.5349542673059303, 0.014704987774811093, 0.08130322111112108, -0.05356106019023858], [-0.5765801732780029, -0.6727354466736697, -0.6302086698922496, 0.021429624207792347, -0.13553358792144954, -0.16390342766834826, 0.5114939647852346, -0.5830697798670674, 0.182375850975956, -0.048561205354569315, 0.5927492824516937, 0.37037490551623387, -0.08076102191058951]], "inverted": true, "swapped": false, "error_lsq": 0.04331357467658722, "error_max": 0.27040906348322025, "target": "4.xyz", "model": "28.xyz", "model_rescale": 4.137296879288765, "target_rescale": 3.8936222436046832},
