[{"mapping": [2, 7, 8, 10, 3, 0, 9, 4, 11, 6, 5, 12], "R": [[-0.0062994812582365944, -0.6015897433463062, -0.7987803811038441], [-0.9878235619627052, -0.12043220789540382, 0.0984920998494399], [-0.15545072198993137, 0.7896745304250123, -0.5935058626760528]], "T": [-0.042801145302926974, -0.0018762240597111624, 0.050254588809978934], "aligned_model": [[-0.3808259714065494, 0.12890964481324355, 0.5007322906751429, -0.1264615968593364, 0.056874001224286735, -0.5800747628383335, 0.3808641546165913, -0.2825556548930225, 0.595014481503875, 0.11694619052291466, -0.5309946844037344, -0.04078563049452924], [-0.18789485389712757, -0.7356680375977871, -0.31257868509516806, 0.7757033187278339, 0.2860576945098701, -0.5824108810124249, -0.27809021447456955, -0.6868251375171734, 0.2945523386849428, 0.49634673969176285, 0.12460075569263535, -0.14023800173573678], [-0.4804330156012744, 0.03241674659493825, -0.4845510226214951, -0.21372821010294704, -0.6315830216170246, -0.010246311922332024, 0.3889740950689854, 0.5763115818682567, -0.016496266095751472, 0.43633447381192747, 0.5991232508652435, -0.014170554894964132]], "inverted": true, "swapped": true, "error_lsq": 0.046143653736391926, "error_max": 0.24838310663639096, "target": "40.xyz", "model": "0.xyz", "model_rescale": 3.751011558992144, "target_rescale": 3.9153636330954495},
{"mapping": [2, 5, 8, 4, 3, 13, 11, 0, 1, 7, 10, 6, 14], "R": [[0.19276725917282517, -0.055429663646280894, 0.9796776695316972], [-0.005443150631512229, -0.9984482569408537, -0.05542066693007218], [0.9812294104347871, 0.005350756940050156, -0.1927698459250538]], "T": [-0.01942729644041382, -0.015589757283250783, -0.042966755262114624], "aligned_model": [[-0.6067912041047591, 0.0790320119166503, -0.27420635169748225, 0.1370297512520461, -0.49289286269403854, -0.05095927277552692, 0.6123209750541452, -0.7417333050193782, -0.37274061575680084, -0.19623502570982176, 0.7117826027334564, 0.2349956415752368, 0.011746649070943596], [-0.41661521609811164, -0.31438423736459203, 0.23819425226956964, 0.6855692905851761, -0.5379256124856094, -0.7262426824889172, -0.0662107469746568, 0.027179886503531547, 0.5409703932253578, 0.07328308593315606, 0.24059136980890145, 0.4500776149632289, -0.052229448885553406], [-0.46477278099397795, -0.5825162620419743, -0.6007297529927658, -0.37383100496190996, 0.2509745678874728, -0.18952852608114587, 0.4418658197501008, 0.18495714879483638, 0.18307759148273994, 0.5898978972556824, -0.3115874201425254, 0.488209874783564, -0.01670784127256502]], "inverted": false, "swapped": false, "error_lsq": 0.03785418103524661, "error_max": 0.2821049280657152, "target": "40.xyz", "model": "1.xyz", "model_rescale": 3.9405287249114394, "target_rescale": 3.9153636330954495},
{"mapping": [5, 2, 9, 8, 0, 1, 7, 11, 10, 6, 4, 3, 12], "R": [[-0.8656326217184737, 0.012689089594596192, 0.5005188819835498], [-0.16353120092466775, 0.9376872372932249, -0.3065945063785971], [-0.4732205728208974, -0.3472486602172281, -0.8096175995100415]], "T": [-0.03558505704708265, -0.024419033797985164, -0.005064936638326564], "aligned_model": [[-0.6259548150501704, -0.1231701992366685, -0.45155113692125154, 0.14264352675679381, -0.41509377328333386, 0.4188890520371323, 0.4649271899224597, -0.7095413751274509, -0.24245410524093208, -0.2148162682157782, 0.6229776032460086, 0.19952294382810304, -0.015029648870241039], [-0.26673392994637884, -0.41936247323108966, 0.5188590011705704, 0.5832423532776166, -0.7514689247950939, -0.6644222909035743, -0.07470452797725138, 0.13619012063826186, 0.7920278007238424, -0.16786722810120894, 0.12456729671903624, 0.38988465181864684, -0.057953900401896144], [-0.3526614272948321, -0.5532602941870662, -0.4319165551252206, -0.45191164489786223, 0.16900854950383137, -0.110304888294588, 0.60801638983051, 0.16107316816610961, 0.04083585432467375, 0.4875347810672063, -0.19425800646269914, 0.31096728098804133, -0.0838138961505721]], "inverted": true, "swapped": false, "error_lsq": 0.059136335218295234, "error_max": 0.39709495553802826, "target": "40.xyz", "model": "2.xyz", "model_rescale": 3.932901565614263, "target_rescale": 3.9153636330954495},
{"mapping": [9, 5, 12, 10, 7, 4, 2, 8, 11, 3, 6, 1, 13], "R": [[-0.4262755907809305, 0.5615474920915566, 0.7091921705927469], [-0.8769973108903806, -0.44871738604938793, -0.171838366344788], [0.22173145332904312, -0.6952101276468056, 0.6837529093334102]], "T": [-0.10801863571594617, 0.00617118118622513, 0.09970667115704993], "aligned_model": [[-0.604061108441134, -0.012889119199956223, -0.08268143109548615, 0.0893328643678443, -0.4377425877955767, 0.3797756646497486, 0.7001575241389565, -0.8300720693183448, -0.5394020734626005, -0.334616549769864, 0.40741389474440903, 0.3983923215741191, -0.08225833654744466], [-0.17420633275652647, -0.35411494741511396, 0.2046033464117093, 0.6082890223303061, -0.6259027092712108, -0.7185821317480788, -0.17152575138834908, 0.08309584263804698, 0.7848021549042755, 0.02464296926674922, 0.0491747532673966, 0.40482642545360953, 0.027155307298666845], [-0.4113694064530833, -0.5150648036850739, -0.637255004933018, -0.2344369074014809, 0.060883227541975324, 0.09573672666521058, 0.19704601558708737, 0.20698276828692289, 0.17285607151130597, 0.5568692860685718, -0.3465805233861645, 0.4649333945314835, -0.011291532866204962]], "inverted": true, "swapped": false, "error_lsq": 0.05229384294564094, "error_max": 0.3808619961428082, "target": "40.xyz", "model": "3.xyz", "model_rescale": 3.9243930471874484, "target_rescale": 3.9153636330954495},
{"mapping": [10, 8, 4, 2, 11, 9, 1, 6, 3, 5, 7, 0, 12], "R": [[-0.04308626941814292, 0.4447338956543025, -0.8946258074993005], [0.6390121872401568, -0.6760730942655184, -0.36686318399206846], [-0.7679889308747738, -0.5874835599966995, -0.25506091191600977]], "T": [-0.12568782130298514, -0.08227001608977802, -0.07765818357311922], "aligned_model": [[-0.6709655575335087, 0.06041389404433592, -0.038993087912356644, 0.25966745662988255, -0.5478817103037013, 0.10011379119393482, 0.5055354254505126, -0.6946091904715156, -0.44795051374580575, -0.09564837860093908, 0.5557218266495878, 0.16312469716100544, -0.09717965871676132], [-0.21933736763707984, -0.3838702054410013, 0.2651645261090424, 0.7515230772814138, -0.6925489222527609, -0.7502294558753551, -0.09128695502729217, 0.050852772306055144, 0.5084302275367767, 0.014755068502690663, 0.1955232155740106, 0.5394201230558571, -0.04613815514087614], [-0.5031137641335773, -0.5979848561974606, -0.5510930064679929, -0.16428887980349366, 0.19701627496003637, -0.05461018209786037, 0.25646186603877547, 0.34675118678742495, -0.06449195390373805, 0.6728795334117489, -0.396139848714326, 0.4257413132762122, 0.032181628311783284]], "inverted": false, "swapped": false, "error_lsq": 0.04898415396152748, "error_max": 0.30005727102880964, "target": "40.xyz", "model": "4.xyz", "model_rescale": 3.8936222436046832, "target_rescale": 3.9153636330954495},
{"mapping": [4, 9, 7, 0, 8, 11, 6, 3, 1, 5, 2, 12], "R": [[0.06467478192712683, -0.5941567023767833, -0.8017449629423469], [-0.19426674407355662, 0.7805593703225157, -0.5941275128697351], [0.9788143872715286, 0.19417745085994043, -0.06494238098343476]], "T": [-0.0841532185887801, -0.05256649317185942, 0.10614386084933727], "aligned_model": [[0.10794540475101115, -0.5252782264237235, -0.30780405672268196, 0.41015354078971056, -0.6502728704393874, -0.6994346508963074, -0.20665703170960087, -0.16536609092127447, 0.5088884869271606, 0.413680795814899, 0.23794043451240132, -0.09624769346710993], [-0.5497396090121769, -0.38277658474085324, -0.006915019019746671, 0.03409205932630806, 0.4906660256838093, -0.0015122327955293807, -0.45895376558379886, 0.6167697457647436, 0.02586063651378516, -0.6029405706839107, 0.48712866337045396, 0.017243556286722958], [-0.6144740758254652, -0.15248208847856334, -0.612291560870979, -0.5082622832637125, -0.14363329500059596, 0.44959191339219906, 0.5987341684156937, 0.4272934706958551, 0.11039197255097696, 0.17568402995223484, -0.0822118234859977, -0.029055708806128372]], "inverted": false, "swapped": true, "error_lsq": 0.04835351842874717, "error_max": 0.31429291339517196, "target": "40.xyz", "model": "5.xyz", "model_rescale": 3.6523030999806103, "target_rescale": 3.9153636330954495},
{"mapping": [3, 7, 4, 10, 0, 5, 8, 1, 2, 1, 9, 6, 12], "R": [[0.6376160156586436, 0.04211927821359715, 0.769202043014943], [-0.08675532781302772, -0.9882260858886441, 0.12602664902815006], [0.7654536757189495, -0.1470889852163513, -0.6264547076655849]], "T": [0.027765485882085855, 0.053967519346621556, -0.10015673280166043], "aligned_model": [[-0.544852812878769, 0.0316893202374037, -0.28361360408680447, 0.2991799916826702, -0.6348002829739768, 0.12884541481114903, 0.5613621868203621, -0.40829315072451955, -0.5518391163442753, -0.40829315072451955, 0.674753530953926, 0.2003228475530752, -0.01311218048105113], [-0.2353162576678753, -0.4355285972453592, 0.4014892642810589, 0.762097524322241, -0.6679964886549625, -0.5717589689990092, -0.09468757891534366, -0.029295879353219006, 0.5138379598697506, -0.029295879353219006, 0.0989723818095056, 0.4705089622785462, -0.040768493380633236], [-0.3667348324805931, -0.5768077739864099, -0.4339280632882483, -0.283348172998104, 0.06397219088079181, 0.1491477792655805, 0.2830916529418467, 0.4339733429955955, 0.06951741732204897, 0.4339733429955955, -0.4195998530428971, 0.36818250890828547, -0.12213022804596005]], "inverted": true, "swapped": false, "error_lsq": 0.05997883439734541, "error_max": 0.39996433989113406, "target": "40.xyz", "model": "6.xyz", "model_rescale": 4.08911054899281, "target_rescale": 3.9153636330954495},
{"mapping": [13, 11, 12, 10, 2, 1, 3, 7, 5, 6, 8, 4, 14], "R": [[-0.8454930032907446, -0.5264363898961261, 0.08947797929955223], [-0.5305352033666216, 0.8471716701873104, -0.028854102321513996], [-0.06061335970835599, -0.0718671595735976, -0.9955707569026365]], "T": [-0.02393817961692929, -0.023068437190805507, -0.03869793879206289], "aligned_model": [[-0.5817307953161874, 0.08780790013888046, -0.43155601863582177, 0.16039647176086505, -0.4786925884453632, 0.03197047612342413, 0.4965783178989251, -0.7174738156333587, -0.3224975305327761, -0.09824480669721333, 0.5953177230583058, 0.21765658947037467, 0.09181707065461603], [-0.315687674745212, -0.1051875135596839, 0.2553493636413877, 0.5053369242988747, -0.6012477948397418, -0.7407929192068435, -0.10398776943178534, 0.0732651685011307, 0.6686011602325875, -0.12629216443018076, 0.25984103157793803, 0.4912298934867493, -0.1181697565337396], [-0.41170719073640955, -0.6090490007816827, -0.5528313295619395, -0.49266204392854895, 0.2915241097313807, -0.17902558747011815, 0.5520355660553217, 0.2914794718936596, 0.07512961307565405, 0.44396794332540984, -0.07911245063930751, 0.37840958249493994, -0.10884937199082724]], "inverted": false, "swapped": false, "error_lsq": 0.052551959463064714, "error_max": 0.29638126406927034, "target": "40.xyz", "model": "7.xyz", "model_rescale": 3.964800864290218, "target_rescale": 3.9153636330954495},
{"mapping": [1, 7, 8, 9, 0, 2, 4, 3, 10, 6, 12, 11, 13], "R": [[-0.6710839909243285, -0.70381509013199, -0.23300342492670634], [0.3089763030640841, 0.020180814371257738, -0.9508556035887703], [0.6739287212086509, -0.7100965100842366, 0.20391916314133063]], "T": [-0.143699653186255, -0.017217570038245027, -0.013618965620285698], "aligned_model": [[-0.45275603455760255, 0.12590893257224622, -0.23212384586948503, 0.1247971454540629, -0.5165972703380415, 0.10397508003802114, 0.40663612041124486, -0.7302774462801012, -0.41910315261158515, -0.09980534595265715, 0.5318171080532169, 0.36869176643800916, -0.15981406351265828], [-0.44690573617728263, -0.27343511011686256, 0.374829051094156, 0.574301979336236, -0.5812683260601933, -0.6313969049275361, -0.21263270213589303, -0.052414937034925745, 0.7529518232008515, -0.017701176428359493, 0.14186368875299463, 0.47334890034415505, 0.04071739914414096], [-0.5455702079217903, -0.6206749330591009, -0.669010596947897, -0.24137062558421685, 0.22292592288152008, -0.006569222977904233, 0.3788563297295523, 0.41141083769715353, 0.06465000159684359, 0.5648089720658884, -0.3120233819322743, 0.4152550202143245, -0.06337880429456683]], "inverted": true, "swapped": false, "error_lsq": 0.04417876283082805, "error_max": 0.22765916376148046, "target": "40.xyz", "model": "8.xyz", "model_rescale": 4.121658175737393, "target_rescale": 3.9153636330954495},
{"mapping": [4, 1, 0, 3, 9, 6, 8, 5, 10, 7, 2, 11, 12], "R": [[0.8732180304371447, 0.036439910298329777, -0.4859654352491782], [-0.05858336723014144, 0.9978181382408298, -0.030445887761444086], [0.48379568043074955, 0.055055389700316704, 0.8734475620559566]], "T": [-0.058879063015241165, 0.023317908629650573, 0.028435538650428423], "aligned_model": [[-0.611613709251828, 0.036163623181770035, -0.3676966754616894, 0.28605589991885516, -0.4600174140885264, 0.18500970969683733, 0.5771559558392163, -0.6614471147111632, -0.3662399651000652, -0.17525785550351897, 0.48240651927258993, 0.17779122387082513, -0.05096120381863184], [-0.4395767493711905, -0.25682313835435655, 0.2734231303923135, 0.7095048707130096, -0.6642742017819231, -0.6250865718593911, -0.18671615068646757, 0.15268515590128484, 0.7160321435707805, -0.079701643573098, 0.13814543159417825, 0.42017516346964506, -0.015529491023303914], [-0.48958073924315676, -0.5939948569029149, -0.6504630571738688, -0.1528137810241184, 0.2723513643627239, 0.044926333679925386, 0.3146146546692302, 0.0719529453346136, 0.07488007734867391, 0.6849824591642031, -0.3912917647693518, 0.463778586303236, -0.05003291028166352]], "inverted": false, "swapped": false, "error_lsq": 0.04358336072132625, "error_max": 0.2843158086263838, "target": "40.xyz", "model": "9.xyz", "model_rescale": 3.833441315466971, "target_rescale": 3.9153636330954495},
{"mapping": [2, 5, 13, 0, 3, 4, 6, 9, 10, 7, 1, 12, 14], "R": [[-0.12024859866052189, 0.49329469342756704, 0.8615106615453948], [-0.8286093898654889, 0.4280782162897232, -0.3607707301943317], [-0.5467602340577843, -0.7572379983693449, 0.3572728093189647]], "T": [-0.05838236944822561, 0.09780660453360457, 0.0745686836545219], "aligned_model": [[-0.5600436682513887, 0.05761924899883236, -0.32650736043425066, 0.1588542897886373, -0.4331505463253287, 0.23565068769154596, 0.5147433523221011, -0.8281451883292062, -0.28203703565571625, -0.33623385314063614, 0.6054652971407574, 0.37786111887159946, -0.13272734883227633], [-0.20536874616702483, -0.17464065688121833, 0.23857561356127036, 0.5134619006437426, -0.6774514037451619, -0.6394124686416942, -0.20100435661561206, -0.14276448514494172, 0.8888194519584532, -0.12659344467586361, 0.22516901694329752, 0.4032182786886698, 0.040249249067563976], [-0.34144922814532913, -0.5335031178066518, -0.6629810548179202, -0.4192550403633375, 0.1879074852517013, -0.002665891153863287, 0.28305965369216873, 0.16117630463557725, 0.06896430926310426, 0.6370250354779594, -0.2232467363347242, 0.3564115219511936, 0.08786606981765366]], "inverted": true, "swapped": false, "error_lsq": 0.04115842888977439, "error_max": 0.21997691636537375, "target": "40.xyz", "model": "10.xyz", "model_rescale": 4.2482417240324, "target_rescale": 3.9153636330954495},
{"mapping": [10, 1, 5, 0, 11, 9, 6, 7, 2, 8, 3, 12], "R": [[0.8258832801594698, 0.5611403868511268, -0.055120538800002256], [0.22271915186510716, -0.4144733026539388, -0.882387704345218], [-0.5179893695294548, 0.7164728519851289, -0.46728328177110473]], "T": [0.004867885120064121, 0.06517975045854282, 0.048737194493068715], "aligned_model": [[-0.7529991284056717, 0.11645750769720986, 0.2290019566246314, 0.660356971107384, -0.47234800968959356, 0.24149430708530395, -0.351551864617669, 0.5995916510722529, 0.08680602918366975, -0.06716667351127359, -0.5177393053695476, 0.10486216118631045], [-0.2570748114048538, -0.522130585174434, -0.34366606641024755, -0.30731130712529386, 0.5858927642022971, 0.59462235325048, 0.1518003281344101, 0.4144796070287192, -0.2949301611916162, 0.5763729728481176, -0.024159902571665087, 0.09223619846472611], [0.10446440334139054, 0.026790636749667536, 0.6302827062400518, -0.1980993043959546, 0.06477746566830925, 0.23371239703104998, 0.585640209977118, -0.2554773056288137, -0.49357271622538296, -0.5927253290295142, -0.47723215265166613, -0.06336872122189877]], "inverted": true, "swapped": true, "error_lsq": 0.04551629814107718, "error_max": 0.28867699615196313, "target": "40.xyz", "model": "11.xyz", "model_rescale": 3.6694154284099745, "target_rescale": 3.9153636330954495},
{"mapping": [4, 0, 6, 7, 3, 1, 12, 8, 9, 2, 5, 10, 13], "R": [[-0.9307416206763065, -0.26014269724813677, -0.2569937987759756], [-0.20784424453300693, -0.20188800363846282, 0.9571008327242118], [-0.3008667571456608, 0.9442282621566357, 0.13383640532124924]], "T": [-0.0714795742563292, 0.07924647825019338, -0.08653160488185217], "aligned_model": [[-0.5134741397210597, 0.20558789655654033, -0.09772599227904769, 0.2021005309057771, -0.6434926684783528, -0.012223722178453106, 0.5279944276265897, -0.678968120403099, -0.4486310863337295, -0.13506932677342953, 0.5675218591676768, 0.12474863588979732, -0.04701930013453916], [-0.41311924268436606, -0.40643009403460184, 0.20601767025898454, 0.7689546486829324, -0.5127333607532041, -0.7316657575232937, -0.06606247516115601, 0.11541886425270112, 0.7338772680899932, -0.21325193762891298, 0.2852696063403163, 0.404617608414505, -0.02863484926241687], [-0.41803643244628996, -0.5316043496961241, -0.6370722699296912, -0.12680422793224166, 0.1656782102629566, 0.14880556593680833, 0.19857316426707894, 0.3631872807594553, 0.1853167587724821, 0.49373953301434215, -0.5267615802932364, 0.422542952041678, -0.1382552932896862]], "inverted": false, "swapped": false, "error_lsq": 0.05530701519498944, "error_max": 0.31522261135967977, "target": "40.xyz", "model": "12.xyz", "model_rescale": 3.9764082729961374, "target_rescale": 3.9153636330954495},
{"mapping": [2, 8, 1, 12, 7, 3, 14, 0, 5, 4, 13, 6, 15], "R": [[0.2192752466945005, 0.16960579473637388, 0.960808118501769], [0.8553687367674156, -0.5071226796483391, -0.10569253496441522], [0.4693215212921543, 0.8450209832768246, -0.2562749450763514]], "T": [-0.033630057952186404, 0.0909478161237933, -0.10085516260117648], "aligned_model": [[-0.6208152533877105, 0.008369096202973575, -0.2764313624909286, 0.08306934922970247, -0.4824899635526654, 0.21827096962568357, 0.6675597975567092, -0.7386998228907691, -0.3599953276908131, -0.3071340524767181, 0.5111444513654432, 0.3721255908012987, -0.023624478447535367], [-0.3040209823749277, -0.4753406702206433, 0.15128549601786923, 0.5875753546469388, -0.4544468897261773, -0.699160823579264, -0.15773628347134191, 0.06510377143873324, 0.7021622838553326, 0.00897932379944047, 0.3685409568826997, 0.3269256729644915, 0.02239073875832967], [-0.4689213365155173, -0.5218138992162124, -0.6845755315795776, -0.48420340022867037, 0.16766503942865868, 0.04308113263185097, 0.19120141533371682, 0.0703658799900594, 0.371083912893535, 0.5581899443713476, -0.1262190816248768, 0.5019181034655438, -0.018462867482325396]], "inverted": false, "swapped": false, "error_lsq": 0.0482228406105356, "error_max": 0.3004374527854669, "target": "40.xyz", "model": "13.xyz", "model_rescale": 4.170626492500431, "target_rescale": 3.9153636330954495},
{"mapping": [9, 10, 11, 5, 1, 7, 8, 3, 6, 2, 12, 4, 13], "R": [[-0.8077504086967287, -0.5848273149158579, -0.07427172395047715], [0.5747051337815069, -0.8092416781617271, 0.12182740057627453], [-0.13135176609184993, 0.0557217915568037, 0.9897685565273592]], "T": [-0.08772584682278724, -0.0392254998822225, 0.08291338942038909], "aligned_model": [[-0.45581194455974267, 0.14855494876985498, -0.3811739429811262, 0.09108812984695645, -0.5357425840802337, 0.19479302471912807, 0.6178336659879667, -0.7655858130841545, -0.40453942899844597, -0.257837975936486, 0.479963529652005, 0.4317312613634315, -0.11192387685448293], [-0.4026894099521107, -0.28108719316918845, 0.26589687813402185, 0.7525450740724332, -0.6635964808852589, -0.7992157377434715, -0.26990421367433187, 0.08561975896999581, 0.7398207587446691, 0.1613320719469415, 0.23451881046562562, 0.2796602598003673, 0.03935737228178801], [-0.5405551736951599, -0.3687530936501381, -0.4831680538595544, -0.3273849755815864, 0.09892435796837094, 0.07764760675371839, 0.10592203323946406, 0.10274094378657685, 0.06858341738424911, 0.686047446779728, -0.28924107525256837, 0.4455968817652838, 0.02294899582914748]], "inverted": true, "swapped": false, "error_lsq": 0.0504408951414181, "error_max": 0.2474255575735639, "target": "40.xyz", "model": "14.xyz", "model_rescale": 3.9786697098870705, "target_rescale": 3.9153636330954495},
{"mapping": [9, 4, 11, 8, 6, 10, 0, 1, 3, 7, 5, 12], "R": [[0.3189887095505277, 0.944822361210603, -0.07454467744721983], [0.9114063253605618, -0.32737800449032145, -0.24932338893231226], [-0.2599706007841023, 0.01159085554892364, -0.9655469635370396]], "T": [0.06341381070009361, 0.05494516153379994, -0.02967071925835002], "aligned_model": [[-0.09155547002420328, -0.7475458119438771, 0.56800669025764, 0.6017059160761831, 0.07637227966591954, 0.5554287278917919, -0.4194900789776929, -0.1632461631509135, 0.7450168837307709, -0.15575717457711705, -0.5373900229278408, 0.05180882074667599], [-0.2695735954738283, -0.3252588377623724, 0.05160000480626738, -0.5672284915221999, 0.5311111081668863, 0.7095181925725095, -0.2646118855637958, 0.3050809352680658, 0.09900646508018922, -0.666310395294105, 0.49594309821252436, -0.08460210826570214], [-0.520781152011675, -0.06376776049665786, -0.524149413507913, -0.06318507544996395, -0.47227785867766964, 0.07411465030718717, 0.5125754554598656, 0.46421659233938195, 0.272354868491748, -0.03244752141048751, -0.01776527695373003, 0.03107898578374403]], "inverted": false, "swapped": true, "error_lsq": 0.05700118987481292, "error_max": 0.38373669914495057, "target": "40.xyz", "model": "15.xyz", "model_rescale": 3.769337070930944, "target_rescale": 3.9153636330954495},
{"mapping": [1, 10, 0, 2, 5, 6, 4, 11, 7, 8, 12], "R": [[-0.029874291686061094, 0.5865055542926052, -0.8093940705738957], [0.8917129511998536, 0.38149856389058423, 0.2435299948915321], [0.4516143701862287, -0.7144718892534165, -0.5343915980888456]], "T": [0.01688784444132179, -0.0486195835778666, -0.0018963592152235718], "aligned_model": [[-0.23480301103743267, -0.3519642905441423, -0.1282184405586668, -0.5631555666426789, 0.3785556764180709, 0.36969831875879816, 0.5279924556950978, 0.10521694919448793, 0.13911023097070496, -0.29292019055367174, -0.026886001009396705], [0.1650182349418593, -0.7194641905585378, 0.7052393881578143, 0.2549444612448701, 0.05688525559855804, -0.5600673972385791, 0.6822970737475792, -0.591485458889703, 0.5397594388762241, -0.011325239867901404, 0.07426293161315867], [-0.500773018692814, -0.31049245517210045, -0.2018578650090447, -0.04538841749745981, -0.6450536295908126, -0.19359642084648404, -0.09081269775986811, 0.44153227530884365, 0.45321354381890877, 0.76008118029496, 0.07736511236964823]], "inverted": true, "swapped": true, "error_lsq": 0.05584913620974777, "error_max": 0.3060119105045828, "target": "40.xyz", "model": "16.xyz", "model_rescale": 3.7852294659196426, "target_rescale": 3.9153636330954495},
{"mapping": [1, 4, 5, 6, 3, 0, 9, 2, 7, 8, 10, 11, 12], "R": [[0.14402974763452808, 0.8039512201348311, -0.5769903529869895], [0.015954968699313787, 0.5811074135799541, 0.8136704571607722], [0.9894447285069228, -0.12639861362425053, 0.07086973757344778]], "T": [-0.12121857217872307, -0.03398638216571518, -0.011706182498391692], "aligned_model": [[-0.7212255764484989, 0.03436484104381192, -0.2432296513917974, 0.19169474151155752, -0.5717369314047056, 0.17522909288568655, 0.6156127306873322, -0.6292951217442702, -0.394329802584159, 0.011804820901006416, 0.6085658238047673, 0.011897792262612436, -0.03800376567867281], [-0.11887098590719028, -0.33954084396835005, 0.15942594326502113, 0.7217624835064119, -0.6703304979992218, -0.6477635265712143, -0.16705271953749554, 0.12395573967264167, 0.6064216819572872, -0.2043592282797885, 0.19497813842819708, 0.48841430930379875, -0.004782544878616124], [-0.33887640290656323, -0.6315585499957841, -0.6280778069921857, -0.35568604535760884, 0.14512093698977957, -0.04552266696990652, 0.42030627853370933, 0.2899550960261066, -0.09364989738293214, 0.602690905265715, -0.2651722728681923, 0.4855961656796244, 0.014183571445770028]], "inverted": false, "swapped": false, "error_lsq": 0.04952028414015597, "error_max": 0.2810886149844338, "target": "40.xyz", "model": "17.xyz", "model_rescale": 3.901054581598922, "target_rescale": 3.9153636330954495},
{"mapping": [2, 5, 8, 4, 3, 13, 11, 0, 1, 7, 10, 6, 14], "R": [[0.19276725917282517, -0.055429663646280894, 0.9796776695316972], [-0.005443150631512229, -0.9984482569408537, -0.05542066693007218], [0.9812294104347871, 0.005350756940050156, -0.1927698459250538]], "T": [-0.01942729644041382, -0.015589757283250783, -0.042966755262114624], "aligned_model": [[-0.6067912041047591, 0.0790320119166503, -0.27420635169748225, 0.1370297512520461, -0.49289286269403854, -0.05095927277552692, 0.6123209750541452, -0.7417333050193782, -0.37274061575680084, -0.19623502570982176, 0.7117826027334564, 0.2349956415752368, 0.011746649070943596], [-0.41661521609811164, -0.31438423736459203, 0.23819425226956964, 0.6855692905851761, -0.5379256124856094, -0.7262426824889172, -0.0662107469746568, 0.027179886503531547, 0.5409703932253578, 0.07328308593315606, 0.24059136980890145, 0.4500776149632289, -0.052229448885553406], [-0.46477278099397795, -0.5825162620419743, -0.6007297529927658, -0.37383100496190996, 0.2509745678874728, -0.18952852608114587, 0.4418658197501008, 0.18495714879483638, 0.18307759148273994, 0.5898978972556824, -0.3115874201425254, 0.488209874783564, -0.01670784127256502]], "inverted": false, "swapped": false, "error_lsq": 0.03785418103524661, "error_max": 0.2821049280657152, "target": "40.xyz", "model": "18.xyz", "model_rescale": 3.9405287249114394, "target_rescale": 3.9153636330954495},
{"mapping": [14, 11, 13, 7, 3, 10, 5, 12, 4, 1, 9, 8, 15], "R": [[-0.4750144161786233, -0.5785550326858233, 0.6630500573685119], [0.8667995359513856, -0.43754189156162654, 0.23919794648603432], [0.15172300055345433, 0.6883539549407551, 0.7093299400282471]], "T": [-0.11883654482068515, 0.05732635285463687, 0.04922580610027233], "aligned_model": [[-0.4781923335771414, 0.2335034701560537, -0.21592608027403323, 0.1311180618583476, -0.6604110720136931, -0.02773295733793474, 0.6907088862662211, -0.6659495349592804, -0.4300054899335276, -0.3170819113179292, 0.4766324362144777, 0.41547997507643786, -0.10079445631332745], [-0.4130254241668256, -0.2977541966574738, 0.14350957033974554, 0.6709980520602405, -0.5611814349779332, -0.715113084809067, -0.07794311797301139, 0.08218052576196688, 0.7090400817335906, -0.14672767154056388, 0.2724372272042741, 0.45280518800603814, 0.0230322340104998], [-0.4501453835133885, -0.46941426090591715, -0.6099220684326994, -0.1885877535118307, 0.2718774235659782, -0.06453485685524764, 0.18189459680551007, 0.03548869140720881, 0.16371655596299334, 0.6446921391283744, -0.384541241193565, 0.4102999024410022, 0.05848556656911344]], "inverted": true, "swapped": false, "error_lsq": 0.04695263295094322, "error_max": 0.2646075788565434, "target": "40.xyz", "model": "19.xyz", "model_rescale": 4.410303926677745, "target_rescale": 3.9153636330954495},
{"mapping": [1, 7, 8, 9, 0, 2, 4, 3, 10, 6, 12, 11, 13], "R": [[-0.6710839909243285, -0.70381509013199, -0.23300342492670634], [0.3089763030640841, 0.020180814371257738, -0.9508556035887703], [0.6739287212086509, -0.7100965100842366, 0.20391916314133063]], "T": [-0.143699653186255, -0.017217570038245027, -0.013618965620285698], "aligned_model": [[-0.45275603455760255, 0.12590893257224622, -0.23212384586948503, 0.1247971454540629, -0.5165972703380415, 0.10397508003802114, 0.40663612041124486, -0.7302774462801012, -0.41910315261158515, -0.09980534595265715, 0.5318171080532169, 0.36869176643800916, -0.15981406351265828], [-0.44690573617728263, -0.27343511011686256, 0.374829051094156, 0.574301979336236, -0.5812683260601933, -0.6313969049275361, -0.21263270213589303, -0.052414937034925745, 0.7529518232008515, -0.017701176428359493, 0.14186368875299463, 0.47334890034415505, 0.04071739914414096], [-0.5455702079217903, -0.6206749330591009, -0.669010596947897, -0.24137062558421685, 0.22292592288152008, -0.006569222977904233, 0.3788563297295523, 0.41141083769715353, 0.06465000159684359, 0.5648089720658884, -0.3120233819322743, 0.4152550202143245, -0.06337880429456683]], "inverted": true, "swapped": false, "error_lsq": 0.04417876283082805, "error_max": 0.22765916376148046, "target": "40.xyz", "model": "20.xyz", "model_rescale": 4.121658175737393, "target_rescale": 3.9153636330954495},
{"mapping": [3, 7, 4, 10, 0, 5, 8, 1, 2, 1, 9, 6, 12], "R": [[0.6376160156586436, 0.04211927821359715, 0.769202043014943], [-0.08675532781302772, -0.9882260858886441, 0.12602664902815006], [0.7654536757189495, -0.1470889852163513, -0.6264547076655849]], "T": [0.027765485882085855, 0.053967519346621556, -0.10015673280166043], "aligned_model": [[-0.544852812878769, 0.0316893202374037, -0.28361360408680447, 0.2991799916826702, -0.6348002829739768, 0.12884541481114903, 0.5613621868203621, -0.40829315072451955, -0.5518391163442753, -0.40829315072451955, 0.674753530953926, 0.2003228475530752, -0.01311218048105113], [-0.2353162576678753, -0.4355285972453592, 0.4014892642810589, 0.762097524322241, -0.6679964886549625, -0.5717589689990092, -0.09468757891534366, -0.029295879353219006, 0.5138379598697506, -0.029295879353219006, 0.0989723818095056, 0.4705089622785462, -0.040768493380633236], [-0.3667348324805931, -0.5768077739864099, -0.4339280632882483, -0.283348172998104, 0.06397219088079181, 0.1491477792655805, 0.2830916529418467, 0.4339733429955955, 0.06951741732204897, 0.4339733429955955, -0.4195998530428971, 0.36818250890828547, -0.12213022804596005]], "inverted": true, "swapped": false, "error_lsq": 0.05997883439734541, "error_max": 0.39996433989113406, "target": "40.xyz", "model": "21.xyz", "model_rescale": 4.08911054899281, "target_rescale": 3.9153636330954495},
{"mapping": [12, 9, 14, 15, 7, 10, 8, 13, 2, 0, 11, 1, 16], "R": [[0.8381234316180981, -0.5420128405798799, -0.061410048194354874], [0.3266263882064832, 0.5888325395370693, -0.7393182284439586], [0.43688020772277036, 0.5995817884399555, 0.6705500451653504]], "T": [-0.07089160557526229, 0.011598650008340865, -0.007013365372207547], "aligned_model": [[-0.5453773476685247, 0.052339620822314664, -0.36096544890052484, 0.1379270623749636, -0.4237998520272426, -0.0094327913220376, 0.5460366488861955, -0.7178816803340549, -0.21783462378216423, -0.27638206621280825, 0.6369207314761858, 0.33619915069496065, -0.10640041016259258], [-0.36272631208898387, -0.2849508860667401, 0.1923475300760173, 0.6088703936983405, -0.5496627861340526, -0.77538532690156, -0.06737187298305172, -0.11171346643149424, 0.707631036480563, -0.008288226261777394, 0.2625370280383802, 0.5217930949925673, 0.009177742573272415], [-0.43093978509045, -0.6429536527079934, -0.550161221595405, -0.369184935210556, 0.25035321733619287, -0.1743885231842343, 0.29945882489255016, 0.04709699528985775, 0.11627692522393678, 0.7396174543228144, -0.15508313341372149, 0.4446249033037477, 0.024592242300792645]], "inverted": true, "swapped": false, "error_lsq": 0.04102278418652872, "error_max": 0.245978694460532, "target": "40.xyz", "model": "22.xyz", "model_rescale": 4.204369325754507, "target_rescale": 3.9153636330954495},
{"mapping": [14, 11, 13, 7, 3, 10, 5, 12, 4, 1, 9, 8, 15], "R": [[-0.4750144161786233, -0.5785550326858233, 0.6630500573685119], [0.8667995359513856, -0.43754189156162654, 0.23919794648603432], [0.15172300055345433, 0.6883539549407551, 0.7093299400282471]], "T": [-0.11883654482068515, 0.05732635285463687, 0.04922580610027233], "aligned_model": [[-0.4781923335771414, 0.2335034701560537, -0.21592608027403323, 0.1311180618583476, -0.6604110720136931, -0.02773295733793474, 0.6907088862662211, -0.6659495349592804, -0.4300054899335276, -0.3170819113179292, 0.4766324362144777, 0.41547997507643786, -0.10079445631332745], [-0.4130254241668256, -0.2977541966574738, 0.14350957033974554, 0.6709980520602405, -0.5611814349779332, -0.715113084809067, -0.07794311797301139, 0.08218052576196688, 0.7090400817335906, -0.14672767154056388, 0.2724372272042741, 0.45280518800603814, 0.0230322340104998], [-0.4501453835133885, -0.46941426090591715, -0.6099220684326994, -0.1885877535118307, 0.2718774235659782, -0.06453485685524764, 0.18189459680551007, 0.03548869140720881, 0.16371655596299334, 0.6446921391283744, -0.384541241193565, 0.4102999024410022, 0.05848556656911344]], "inverted": true, "swapped": false, "error_lsq": 0.04695263295094322, "error_max": 0.2646075788565434, "target": "40.xyz", "model": "23.xyz", "model_rescale": 4.410303926677745, "target_rescale": 3.9153636330954495},
{"mapping": [1, 7, 11, 14, 3, 0, 5, 10, 9, 4, 6, 15, 16], "R": [[0.738351027695838, -0.6470380271219074, -0.1902092304770977], [-0.34826287330917916, -0.12427808259476097, -0.9291221282807791], [0.5775385103825843, 0.7522610914069394, -0.31710017246968814]], "T": [-0.016060957022973367, 0.04027268187846493, -0.06503591797619952], "aligned_model": [[-0.6303129340528711, -0.014751681966217976, -0.38568266839540705, 0.18584619621538698, -0.49206924223797566, 0.1339603407665242, 0.4115504990192314, -0.6265748593860899, -0.2756562280988012, -0.1654222116625181, 0.7108545946321569, 0.28201899107245, -0.08241180206119761], [-0.43542625945868174, -0.2843953796165423, 0.3267919795818674, 0.6310887186663555, -0.6425443940940401, -0.6989797212555279, -0.10458194236463271, 0.13776062455090488, 0.5922591034943194, -0.1688709162473233, 0.2613463552928597, 0.5849793054425328, -0.057169525000610774], [-0.42937144396277843, -0.6451392125076113, -0.4916598379999425, -0.3264166788597555, 0.2761794653245723, -0.10225561378821595, 0.37287687462615066, 0.13880917598112125, 0.07758690353275725, 0.5735833300633895, -0.08990158597005171, 0.2867555396000352, -0.041737604572139]], "inverted": true, "swapped": false, "error_lsq": 0.041084976356887806, "error_max": 0.21098771081109752, "target": "40.xyz", "model": "24.xyz", "model_rescale": 4.28219845311461, "target_rescale": 3.9153636330954495},
{"mapping": [5, 1, 8, 6, 9, 3, 4, 11, 14, 13, 0, 2, 15], "R": [[0.22086341767913092, 0.26294997433256734, -0.939189364148464], [-0.2969865536385298, 0.9353712822386744, 0.19204049396178707], [0.9289878027665394, 0.23651189264322575, 0.28468190485051365]], "T": [-0.13864974942693448, -0.02335429537055031, 0.08547610199487986], "aligned_model": [[-0.5818441522855646, 0.10025019744131186, -0.2578986684077455, 0.10914066386757398, -0.5375890662557119, 0.12475244537109165, 0.5364573284522984, -0.6726034774226586, -0.4077271167246151, -0.10971447245137944, 0.57876432804453, 0.2404452913681841, -0.07108430715264462], [-0.3745804254539614, -0.2931698301573872, 0.14374492753628978, 0.7006651465173745, -0.5461289976870864, -0.7266821046252234, -0.2691992461206871, 0.07630829838790963, 0.6690315366505515, 0.03657943835136113, 0.24720212906157904, 0.47927957201321136, -0.0007924954824497892], [-0.5513124090003756, -0.44367774276174055, -0.5777007989558862, -0.3905416432716765, 0.24176978703978153, -0.10424638313650743, 0.22126736317813145, 0.047557043285585646, 0.25383243516718634, 0.6758041076370852, -0.19321805775748235, 0.3545972081744398, 0.06517840186899024]], "inverted": false, "swapped": false, "error_lsq": 0.03621957069047378, "error_max": 0.18243342140186225, "target": "40.xyz", "model": "25.xyz", "model_rescale": 4.100010024507729, "target_rescale": 3.9153636330954495},
{"mapping": [10, 1, 5, 0, 11, 9, 6, 7, 2, 8, 3, 12], "R": [[0.8258832801594698, 0.5611403868511268, -0.055120538800002256], [0.22271915186510716, -0.4144733026539388, -0.882387704345218], [-0.5179893695294548, 0.7164728519851289, -0.46728328177110473]], "T": [0.004867885120064121, 0.06517975045854282, 0.048737194493068715], "aligned_model": [[-0.7529991284056717, 0.11645750769720986, 0.2290019566246314, 0.660356971107384, -0.47234800968959356, 0.24149430708530395, -0.351551864617669, 0.5995916510722529, 0.08680602918366975, -0.06716667351127359, -0.5177393053695476, 0.10486216118631045], [-0.2570748114048538, -0.522130585174434, -0.34366606641024755, -0.30731130712529386, 0.5858927642022971, 0.59462235325048, 0.1518003281344101, 0.4144796070287192, -0.2949301611916162, 0.5763729728481176, -0.024159902571665087, 0.09223619846472611], [0.10446440334139054, 0.026790636749667536, 0.6302827062400518, -0.1980993043959546, 0.06477746566830925, 0.23371239703104998, 0.585640209977118, -0.2554773056288137, -0.49357271622538296, -0.5927253290295142, -0.47723215265166613, -0.06336872122189877]], "inverted": true, "swapped": true, "error_lsq": 0.04551629814107718, "error_max": 0.28867699615196313, "target": "40.xyz", "model": "26.xyz", "model_rescale": 3.6694154284099745, "target_rescale": 3.9153636330954495},
{"mapping": [2, 6, 0, 5, 11, 12, 3, 10, 8, 9, 1, 7, 13], "R": [[0.6526437862779516, -0.19887016636227767, -0.7310996820980153], [-0.40535664535710936, 0.7235758863782491, -0.5586805229438033], [0.6401109890461263, 0.6609754863706906, 0.3916239626471023]], "T": [-0.15152015600134566, 0.0984027777031651, -0.015888228311950997], "aligned_model": [[-0.43108106107457805, 0.2663302599408261, -0.20317026285825757, 0.15665725760890137, -0.5842600891100249, 0.001981868567855982, 0.5043176441679846, -0.7212141137396249, -0.4211253033344529, -0.18556281504931307, 0.5225547622807571, 0.3212604001081146, -0.17533955366351797], [-0.3198783998136988, -0.3291184247561958, 0.2845133731103383, 0.7598088194616781, -0.6265430167226198, -0.6694623762569956, -0.17638702648586538, 0.05547998526885348, 0.5782251377398142, -0.08860825940279904, 0.2248458883300031, 0.38451874326753865, 0.06486350525142943], [-0.47307112726271416, -0.35325610341129643, -0.6480499606811276, -0.3217431438960965, 0.1369686154427691, 0.1127704175084688, 0.36777642176197767, 0.1725186407209305, 0.3088282014701019, 0.6388876912482053, -0.5720193261780337, 0.28535042248246345, -0.05565143773811647]], "inverted": false, "swapped": false, "error_lsq": 0.05155611323116685, "error_max": 0.34100685171967104, "target": "40.xyz", "model": "27.xyz", "model_rescale": 4.103607728864725, "target_rescale": 3.9153636330954495},
{"mapping": [5, 7, 0, 2, 6, 11, 13, 9, 3, 10, 4, 12, 14], "R": [[-0.986610356104425, 0.14999613875541978, -0.0640403278096277], [0.004813339190527149, 0.41926412990095346, 0.907851541356974], [0.1630240380843778, 0.8953874846885349, -0.41437231479649084]], "T": [-0.06289659738920561, -0.05319147937670828, 0.03104992643700965], "aligned_model": [[-0.5526065133961607, -0.03827548769644744, -0.44323433524295075, 0.23542636928155242, -0.419178163270399, 0.17919175842330998, 0.5601080350105002, -0.8779248537074948, -0.2731176949990829, -0.30318846025075685, 0.6940036487916874, 0.3593016066720685, -0.06915691577115536], [-0.3064405402218398, -0.49930346858915226, 0.3973995855072614, 0.580533101340547, -0.5758651327896726, -0.67226776455369, -0.10713171926999984, -0.10134898945796122, 0.6573959442812494, -0.06428490859784061, 0.219048090472839, 0.5745399543790443, 0.039983796490696284], [-0.4497717886792989, -0.5350411789531004, -0.37144558706925657, -0.1941550237385533, 0.0648576281195983, 0.20482856312963887, 0.20083865245397053, 0.09049504127863749, 0.15106432567998962, 0.4803961546134498, -0.3867980376288146, 0.43724635759700603, -0.093205795335735]], "inverted": true, "swapped": false, "error_lsq": 0.05211424902669141, "error_max": 0.33216031550101066, "target": "40.xyz", "model": "28.xyz", "model_rescale": 4.137296879288765, "target_rescale": 3.9153636330954495},
