[{"mapping": [9, 12, 13, 10, 7, 5, 11, 1, 14, 3, 2, 15], "R": [[-0.10500318495696942, 0.08940762618348835, 0.9904446514213334], [-0.642359415222515, 0.7542072582353128, -0.1361829405621764], [-0.7591763384246648, -0.6505210895931095, -0.021762333760712474]], "T": [-0.16737807347207403, -0.12118408308264901, 0.013396333684991841], "aligned_model": [[-0.20329507491513324, 0.20412803897515416, 0.3684983402264893, -0.04129601396239255, -0.031129355630608868, -0.5973308547711793, 0.2946278756560421, -0.14032835417979253, 0.4840913143465503, 0.1145606818184616, -0.490938613441377, -0.12394552166166545], [-0.22599676546975228, -0.6773597904782294, -0.31939090814031684, 0.6059543809428354, 0.3190670089509107, -0.6389412092333128, -0.2640963710208896, -0.6153846917492644, 0.2676288162198087, 0.32886100194053763, 0.3311213046565054, -0.05790774064177556], [-0.6675693225719249, 0.016748949018351486, -0.5331432278988744, -0.06685805243523606, -0.6356532073880314, 0.11253384843928939, 0.4761772871932903, 0.6223411159474227, 0.0034735287823546186, 0.514779938952479, 0.3420877549703768, -0.002966867655935238]], "inverted": false, "swapped": true, "error_lsq": 0.04020916267207941, "error_max": 0.2173158724707569, "target": "403.xyz", "model": "0.xyz", "model_rescale": 3.751011558992144, "target_rescale": 4.289883287472099},
{"mapping": [5, 4, 0, 1, 6, 3, 9, 8, 2, 14, 7, 13, 12, 11, 15], "R": [[-0.9091234501264964, 0.167162785530913, -0.38151167159556504], [0.3986822640160842, 0.6144450883605401, -0.6808154564554315], [0.1206109646305244, -0.771047233652488, -0.6252512764383136]], "T": [-0.006743407656452968, 0.037063081238539214, 0.00672608016349935], "aligned_model": [[0.21433430488662342, 0.19386216267374962, -0.45322016738233967, 0.017957522990656574, -0.3262208567188098, -0.5699654678720998, 0.46511492655523945, 0.6314489525608168, -0.6317902206193685, -0.12293084747178092, 0.07699331106862974, 0.6099372695412196, 0.5144564286679612, -0.04719676086079992, -0.033694346930663616], [-0.023727867140795333, -0.6201315687145565, 0.28146578814412987, 0.6219160689973815, -0.6436235938449091, 0.4331942249382601, -0.423445999363943, -0.14961276384120104, -0.08659924319431445, 0.34435780303474917, -0.45119867320649576, 0.07509306449874245, 0.45189509269241457, 0.7036287210865094, 0.03554629574113374], [-0.6337340577609081, -0.3477165725710821, -0.5735261832416381, -0.5158794340626764, 0.02420966362750604, 0.25019391745812153, 0.20987886380398307, -0.3640009571259503, -0.0997339985067045, 0.6906535096260421, 0.6298140875915832, 0.5000957502673762, -0.05347842133544084, 0.052479812165971584, 0.0804104249157932]], "inverted": true, "swapped": true, "error_lsq": 0.0411448584558168, "error_max": 0.2817055121479716, "target": "403.xyz", "model": "1.xyz", "model_rescale": 3.9405287249114394, "target_rescale": 4.289883287472099},
{"mapping": [3, 0, 2, 12, 5, 10, 11, 1, 9, 7, 13, 14, 15], "R": [[-0.44357831902629136, 0.8957397728502016, 0.02980829119690356], [0.8944702938580221, 0.4403731842894871, 0.07742320042649634], [0.05622426785075674, 0.0610058840851207, -0.9965526146730234]], "T": [-0.0017204605992399216, -0.09965912193968474, -0.10216007394206836], "aligned_model": [[-0.352564213602676, 0.28540181326356273, -0.3027397628644071, 0.47303668614849, 0.5850881207497259, -0.7366750274999626, 0.17692713322491108, 0.6168942891157535, -0.06378332021750634, -0.6041296943961001, -0.03061445128940162, -0.4777985084325055, -0.0730597849159528], [0.4929010656955086, 0.5466488801684348, 0.3398440092207111, -0.2453419981671355, -0.12523852630547325, 0.0038800279583351416, 0.3015704853939201, 0.36370019861551484, -0.7840219037159801, -0.6190711841245797, -0.6902857065924063, -0.02531333073404217, -0.10043942384079046], [0.14114353254072828, -0.41137462011956805, -0.46758313642403593, 0.3458818887112659, -0.445323978783173, -0.08840408916290501, 0.40295324940560007, 0.033462963387743266, -0.16368843129595714, -0.07110739917158002, 0.4227021398222849, 0.483936071487302, -0.06947784080906148]], "inverted": true, "swapped": true, "error_lsq": 0.04256524034220595, "error_max": 0.25656565298502737, "target": "403.xyz", "model": "2.xyz", "model_rescale": 3.932901565614263, "target_rescale": 4.289883287472099},
{"mapping": [9, 6, 7, 5, 13, 14, 10, 12, 1, 11, 2, 0, 3, 15], "R": [[-0.6440928453910681, 0.40892021697281933, -0.6464740231957816], [0.23846419564252513, -0.6956714107932971, -0.6776253504713554], [-0.7268282010988575, -0.5906145480393843, 0.3505641478126831]], "T": [0.007673983909289143, -0.014339652426018923, -0.03568794417091248], "aligned_model": [[-0.2194032473068543, 0.5910107573090713, 0.13746764588572763, -0.15780797401842953, -0.5697470002480898, -0.02892195484536658, 0.5101767079557181, -0.6413044886990534, -0.2628802913236453, -0.24609880939244472, 0.625501018582057, 0.3100473959057472, 0.3399934817745058, 0.03177667047376044], [-0.1206572248599103, 0.03233058737983319, -0.5612673711052616, 0.6432982798137288, -0.46112824739948877, -0.7389275869845491, -0.5587294772371376, 0.030559090482338014, 0.42885580579372184, -0.14855774149168374, 0.060275218313154466, 0.49463111812775334, -0.34817000000837134, -0.08901581247363892], [-0.6784339742934081, -0.5081770586511183, -0.5993134579372359, -0.08942949548948587, -0.33920059150297316, 0.18639167746232144, -0.0825764188221123, 0.11978068317361618, 0.5526638610710355, 0.5689809767692665, 0.13760952702163293, 0.4595755652303069, 0.5224667031186923, -0.03644163409344078]], "inverted": false, "swapped": true, "error_lsq": 0.044526605634805774, "error_max": 0.23828315046526954, "target": "403.xyz", "model": "3.xyz", "model_rescale": 3.9243930471874484, "target_rescale": 4.289883287472099},
{"mapping": [11, 3, 1, 12, 5, 14, 13, 0, 4, 6, 9, 7, 15], "R": [[0.47150467205535884, -0.8470516115807243, -0.24533020920479098], [-0.08979613981853374, 0.23063331281749722, -0.9688885014760558], [0.8772798855004367, 0.4788651609141394, 0.03268271957803792]], "T": [0.0094792939968544, -0.018359143365812264, -0.11895010203160246], "aligned_model": [[0.060985195690406585, -0.40364379860022376, 0.5692301481579478, 0.37852988510164426, 0.6577580420878153, -0.5855447941878462, -0.11624894871042166, 0.33808041741262723, 0.30237667109594973, -0.2705236930584037, -0.017201299566304992, -0.569356483932087, -0.06723545517975142], [-0.5279159204127206, -0.14729176810769473, -0.26019084792830294, -0.5661183481411521, 0.187049333510918, -0.48198796600035143, -0.5553461905208367, 0.2552837072340036, 0.5343423836374444, 0.6519345604856085, 0.018307581892025755, 0.0544962160396331, -0.034733188006987756], [-0.5499241883289867, -0.7072708041656699, -0.6128894552919094, -0.013494121161419126, -0.10156893236189729, -0.2006871516992309, 0.44761171172540265, -0.7615290943044523, 0.33548267120195713, 0.0760128267614643, 0.5694782904459578, 0.4226136363340564, -0.11676507378430907]], "inverted": false, "swapped": true, "error_lsq": 0.04885212641864388, "error_max": 0.30159683185506864, "target": "403.xyz", "model": "4.xyz", "model_rescale": 3.8936222436046832, "target_rescale": 4.289883287472099},
{"mapping": [6, 2, 7, 9, 14, 11, 1, 12, 8, 5, 13, 15], "R": [[0.9289633320672881, -0.14409159661937826, -0.3409761567296452], [0.3663485101111139, 0.22582366653238706, 0.902658540519745], [-0.053065024392797505, -0.9634527925215369, 0.26256964746261935]], "T": [-0.15383212394993223, -0.1305678431878219, -0.03709078118504164], "aligned_model": [[-0.04755839835243636, -0.5054447536884878, -0.11291716314505067, 0.3426979705923042, -0.6960059021034473, -0.5462653748242777, -0.2081504908071355, 0.044156047575930696, 0.5752085307316837, 0.3201463442377338, 0.06678965280959301, -0.20510842081131325], [-0.5472358786558605, -0.6450917436995495, 0.19462658094110527, 0.16048082371304193, 0.37130066319647037, 0.09511013449972991, -0.28478023516941187, 0.2978156093539107, -0.041285306084509185, -0.4538796909854427, 0.6190091690195063, -0.0971472210191833], [-0.654180328376636, -0.2072182382289744, -0.7625041780940575, -0.4175359061273404, -0.20989672022717717, 0.4559662378285949, 0.7304036682712175, 0.4368794189715405, 0.1631696700856313, 0.32838691092003147, -0.15798454870001427, -0.08620126704729768]], "inverted": false, "swapped": true, "error_lsq": 0.04489092291784753, "error_max": 0.21544523087424144, "target": "403.xyz", "model": "5.xyz", "model_rescale": 3.6523030999806103, "target_rescale": 4.289883287472099},
{"mapping": [7, 9, 6, 10, 2, 13, 5, 14, 12, 11, 0, 3, 15], "R": [[0.7775119409051291, -0.5831608645761501, 0.23536904591882143], [0.10946159242224039, 0.49405903771121834, 0.8625101895283628], [-0.6192683921647597, -0.6448481009374706, 0.44797051820740547]], "T": [-0.025948158607313046, 0.05447126593721662, 0.03137785144285177], "aligned_model": [[0.24792567256716735, -0.2712974268607171, 0.40861486864888064, 0.650473117182877, 0.51653531742032, -0.38977440515386647, -0.4647274430743422, 0.28485294450383525, -0.6023535326810151, -0.11068152766792146, 0.09235469405271883, 0.49149679846896566, 0.02766382725739247], [-0.42247568608948227, -0.1825277041368517, 0.3125103829256578, -0.22573748735623628, 0.39696791749045374, -0.615516403427506, 0.5734858242996104, -0.5994199142324306, -0.17080696725942662, -0.1330066097630525, 0.6765927690559356, -0.06656545921284795, -0.0026737581306402677], [0.6068470282608122, 0.6310654193768584, 0.5884026760530766, 0.15387319961239831, -0.04423536923645183, 0.2409057824144359, 0.060647466896084995, -0.19559195885607525, -0.22232672379960294, -0.6055773528644188, -0.40991132779758344, -0.4696375050888646, 0.03564840451111992]], "inverted": true, "swapped": true, "error_lsq": 0.045994755529101344, "error_max": 0.25809568569083724, "target": "403.xyz", "model": "6.xyz", "model_rescale": 4.08911054899281, "target_rescale": 4.289883287472099},
{"mapping": [1, 12, 8, 0, 2, 6, 5, 4, 3, 11, 10, 14, 7, 9, 15], "R": [[0.9994485397934437, 0.0005747616995182836, 0.03320069206721642], [0.02010412878396424, 0.7852957396074912, -0.6187943320362278], [-0.026428021314338704, 0.6191205625751032, 0.7848511251734923]], "T": [0.02276988588304326, -0.06841965690660097, -0.014727235307882523], "aligned_model": [[-0.12258758460814967, 0.3528113308678488, 0.7177265384269975, -0.4228246673608439, -0.49591927187840995, -0.017184689726206966, 0.31292021421055377, 0.49002197859064234, -0.6692820434163765, -0.26981073633347896, -0.3951268285012153, -0.267812145022452, 0.22169833709718934, 0.6105095788318862, -0.008806471378429992], [-0.7232967160204448, -0.641623264385583, -0.20112132213362666, -0.26085358520081947, 0.2395109727601401, 0.6675449870590676, -0.22861174380588561, 0.3841773111118423, -0.18038384522721815, -0.6521963293551737, 0.3865869932738227, -0.16021271330896092, 0.48225254137729906, 0.23068572827460426, -0.041700198249950374], [-0.42189663492392504, 0.0846192194734674, -0.29579913906955957, -0.6148785051270245, -0.24591962740472195, -0.16461232631651115, -0.6087906704093697, -0.4325890106031187, 0.19007439458305167, 0.1323815890767492, 0.3968539626172767, 0.6801270041532025, 0.5245664186989166, 0.18797445751005282, 0.05195889982359415]], "inverted": false, "swapped": true, "error_lsq": 0.043185519319335765, "error_max": 0.2952284534446394, "target": "403.xyz", "model": "7.xyz", "model_rescale": 3.964800864290218, "target_rescale": 4.289883287472099},
{"mapping": [14, 7, 13, 3, 12, 2, 11, 9, 6, 5, 0, 1, 8, 15], "R": [[0.965401167766005, 0.23557774379341795, -0.11181999778767866], [0.2569064674117849, -0.7856868701436596, 0.562756793904665], [0.04471747173120634, -0.5720133466214429, -0.819024467893912]], "T": [0.021831614673206687, -0.06505082288676038, 0.08848503194994974], "aligned_model": [[-0.2599819792671113, 0.3812916452589265, 0.48711820677628226, -0.6673941098078413, 0.18550526039699577, -0.40006120822040137, -0.41435307609103705, 0.675259302314119, 0.17990122530907746, 0.237570292325086, -0.47871483786256486, -0.31033757026134107, 0.644424438029475, 0.000960300561208046], [-0.09264863846896125, -0.5668231536546331, 0.1808369840275041, -0.15842682933107569, 0.5709001227461893, -0.49140485617623725, 0.40736977615566744, -0.20103200721993048, -0.7748844923754865, 0.19915455981436841, 0.028094803165389134, 0.5446863119645495, 0.26794974153579576, -0.10282385600193703], [-0.6154366645699288, -0.41417097209693, -0.5016018618666802, -0.13437003766573707, -0.03854560040398537, 0.32835650069593936, -0.09752927703422025, -0.0862471314168795, 0.28046426426398796, 0.6770531430255138, 0.6686091656541939, 0.4540858193234416, 0.37320365858485527, 0.022944032231450792]], "inverted": false, "swapped": true, "error_lsq": 0.04270669893251216, "error_max": 0.3256857676333237, "target": "403.xyz", "model": "8.xyz", "model_rescale": 4.121658175737393, "target_rescale": 4.289883287472099},
{"mapping": [3, 10, 2, 0, 14, 12, 7, 8, 4, 13, 1, 5, 15], "R": [[-0.4339889290361617, -0.1345457950849607, 0.8908148171752653], [0.339470975952887, 0.8914824668885335, 0.3000307779477459], [-0.8345136703252022, 0.43261581137920857, -0.3412191286916213]], "T": [-0.0211296659545141, -0.023765928724299473, -0.05177561282821397], "aligned_model": [[-0.5038949778071746, -0.14540173314493687, 0.11918573148559744, 0.0471421273200236, -0.6355970135899838, -0.3315652067676809, 0.08750958675885848, 0.3478031335232436, 0.7311483568090571, -0.28350037214328205, -0.26035806905058123, 0.3622094996244033, -0.057943566582346666], [0.1172186896451379, -0.435165850566299, 0.17711231252834317, 0.6995728445254611, -0.4151905319678084, 0.08224348053170336, -0.8001870579865712, 0.021136376429466357, -0.09782301567722398, -0.5860482998784052, 0.6853833859077098, 0.4206957093992063, -0.07856060347901046], [-0.5813759819503991, -0.6570642676960332, -0.6494955795870373, -0.3123266647575864, -0.26367878564868963, 0.5311062184733202, -0.1896806044792266, 0.6126401217948609, 0.11061379936046264, 0.43828062502360965, 0.18414110441314802, 0.29212120167886785, -0.09420575266620804]], "inverted": true, "swapped": true, "error_lsq": 0.04553326757945269, "error_max": 0.27432493815203535, "target": "403.xyz", "model": "9.xyz", "model_rescale": 3.833441315466971, "target_rescale": 4.289883287472099},
{"mapping": [6, 7, 5, 12, 13, 9, 14, 11, 0, 1, 2, 3, 10, 4, 15], "R": [[0.9462682659381593, -0.25258323582876596, 0.20193582608506994], [0.3233535306262173, 0.7306447157532535, -0.6013325149810276], [0.004343168192633445, 0.634318538527858, 0.7730595892749362]], "T": [-0.09713323617992237, 0.02242550962338627, 0.10176750253515465], "aligned_model": [[0.1614269617070515, -0.10666372774114116, -0.4357919625934803, -0.5835762294599672, -0.6078780273961826, -0.5611862358438362, 0.16756910585622248, 0.007226725237398132, 0.25491194046737686, -0.1673013398549958, 0.48522235691938836, 0.5325322042142648, 0.4487083985062072, -0.41394957367136614, -0.05740557805240831], [-0.6705752147635156, -0.5472427813568038, 0.07016993724079576, 0.4709152134888991, 0.02227642630804308, -0.4351853803399752, 0.21763302783056568, 0.6713760475581599, 0.3240994793752172, 0.6787886522258182, -0.11985668132745589, 0.3449495037365117, -0.2724409147510509, -0.5622487875604139, 0.008443011630183645], [0.23815843278409715, -0.4541436881235674, 0.6898073135290378, 0.003840749665598192, -0.5018008073136836, -0.12458850306910971, -0.5819817138752669, -0.02477034860317917, 0.718876795025906, 0.526082879377177, 0.3424485748152125, -0.07965814701263688, -0.3058824695081247, 0.4961789265116187, 0.035553913619013916]], "inverted": true, "swapped": true, "error_lsq": 0.04231995147504822, "error_max": 0.32988851863627083, "target": "403.xyz", "model": "10.xyz", "model_rescale": 4.2482417240324, "target_rescale": 4.289883287472099},
{"mapping": [13, 12, 5, 1, 7, 6, 9, 2, 11, 10, 14, 15], "R": [[-0.4341136581567153, -0.6288917661140258, -0.6450119985827987], [-0.29132534472271276, 0.7755288561933789, -0.5600754741403897], [0.852452271581223, -0.05522807008552161, -0.519879779324645]], "T": [0.09881728927408337, 0.04119027904873388, 0.0005387575551307269], "aligned_model": [[-0.6392876034452477, -0.08009522746848888, 0.5084108012117979, 0.5927943578689017, -0.5256024194410057, 0.17339418903385898, -0.37914692184378773, 0.507701725125994, 0.16246887412911812, -0.12173393388258189, -0.3736199090814204, 0.051481670155868464], [-0.22247642573010804, -0.6004918045280705, -0.22937207139041546, -0.5554614992075261, 0.5286824173307876, 0.7452847440668458, 0.1532491077812755, 0.48292080228830264, -0.41564233483055907, 0.6224535639567362, 0.07743234051664696, 0.07955254979672363], [0.10463488989928255, 0.06048760309505761, 0.4714838203402301, -0.1250517992992619, 0.07865076942680974, 0.2543007250352337, 0.4852891945604167, -0.23397627434317142, -0.4845303804501839, -0.40511867140326446, -0.5920622064809145, -0.048915380525877634]], "inverted": false, "swapped": true, "error_lsq": 0.04159686303222861, "error_max": 0.21352140762172928, "target": "403.xyz", "model": "11.xyz", "model_rescale": 3.6694154284099745, "target_rescale": 4.289883287472099},
{"mapping": [7, 10, 3, 2, 6, 13, 9, 12, 0, 1, 11, 5, 14, 15], "R": [[-0.07222870690025887, 0.10787821185459873, 0.9915368401156717], [0.9559904581292484, 0.2909282741664535, 0.037986619438412694], [-0.28436817308789397, 0.950643482435757, -0.1241439142168089]], "T": [0.10958979828390683, -0.002897899489642447, 0.02079998459830766], "aligned_model": [[-0.04732479975190643, -0.014078941399369632, -0.1503654308822415, 0.44834549993661676, 0.6252390936738494, -0.44752697607006675, 0.119577406614836, -0.2655734087030339, 0.49834538512378057, 0.1014486426319777, -0.33604177595784257, 0.5391336507018913, -0.538957447373919, 0.06604395171123771], [-0.4162901640968619, 0.21897530198694132, 0.6466003246501828, 0.467094073278146, -0.10197384989960168, -0.5630040483903479, -0.669786648611078, -0.2085582316328818, 0.57745638644783, 0.35819399812565356, 0.3807736757077701, -0.13492390677603577, 0.16741787751955903, 0.009012499826978172], [-0.6411174486238888, -0.6767285978832702, -0.1889400821217061, -0.2649652291022453, -0.5177124349432592, -0.01171109553145662, -0.15569250350905867, 0.5349165521374276, 0.34916695279042664, 0.7174534420835335, 0.3405627911095094, 0.5315066468891172, -0.3342567745787166, -0.043386759063997166]], "inverted": true, "swapped": true, "error_lsq": 0.0372501646282557, "error_max": 0.25158493508225477, "target": "403.xyz", "model": "12.xyz", "model_rescale": 3.9764082729961374, "target_rescale": 4.289883287472099},
{"mapping": [12, 1, 13, 11, 5, 9, 6, 4, 0, 4, 14, 8, 2, 7, 3, 15], "R": [[-0.07164844168549028, -0.18426450164165875, 0.980261747819832], [-0.27605113094790895, -0.9407349781254534, -0.19701135508818557], [0.9584687130555808, -0.2847179206970538, 0.016535771149989775]], "T": [-0.04914823369245125, -0.04718906898313621, -0.05170895877763055], "aligned_model": [[-0.28698154513559004, -0.0847171715318863, -0.5279970042272952, -0.7699820858524308, 0.49449216217738234, 0.3401691311987704, -0.12983919005824202, 0.48009104101400235, 0.6553898188675847, 0.48009104101400235, -0.5657315953938866, -0.3126457305432972, 0.28594118561751203, 0.4318572055159164, -0.2676096507174759, -0.026702330997846444], [-0.46446459537835916, -0.6725567911933892, 0.08099571562518712, 0.04058318382742246, 0.07168910830927558, -0.40845139717918344, 0.583975459664554, 0.43831261994605797, -0.17941357081931134, 0.43831261994605797, 0.5602175575654665, -0.2496825460890432, -0.5058721155816236, 0.14651299408816668, 0.3885574713863791, 0.04686438661691296], [-0.4718636755045149, 0.053041415634730436, -0.41053072809923263, 0.2695997525362312, -0.6787233164895116, -0.33352564766980536, -0.47453175030730277, -0.05929987007434996, 0.06340293075315756, -0.05929987007434996, 0.0031258842800399103, 0.5721646642674912, 0.508277164028784, 0.49797001765941334, 0.6344710534210839, -0.004392960267783845]], "inverted": true, "swapped": false, "error_lsq": 0.04319426633584301, "error_max": 0.4589236735462859, "target": "403.xyz", "model": "13.xyz", "model_rescale": 4.170626492500431, "target_rescale": 4.289883287472099},
{"mapping": [9, 13, 8, 12, 4, 0, 1, 7, 6, 14, 10, 11, 2, 15], "R": [[0.05831732629674205, 0.8540883707932541, -0.5168482797972], [-0.4039640287850903, -0.4532588737430903, -0.7945876017286353], [-0.9129140994098615, 0.25512633781887506, 0.3185881335671673]], "T": [-0.05106664881347327, 0.0822577079965178, 0.09038751129584208], "aligned_model": [[0.2946650910121313, -0.1002422383086788, -0.1879228047790889, -0.5937017708022932, 0.3664130514943582, -0.3334232676976605, -0.7560713215211452, 0.5688921966861973, 0.6589069437900992, -0.06970167808580784, 0.4328209739961789, -0.6242908147510482, 0.20461292278252197, -0.01777426172412059], [-0.313652566670486, -0.6817965582513908, 0.01738461016924854, -0.22171408330889955, 0.31231463007878735, 0.7857574349298168, 0.42507784346964816, -0.4149807974452405, 0.32731340971379413, -0.425302791449101, -0.04759789890635338, 0.002222832842485617, 0.5513800923663034, 0.03966831038705318], [-0.3565068530381825, -0.10698981328914756, -0.6556940993245687, -0.15559566615122308, -0.5183501245415693, 0.23574824630346322, 0.05542405981552202, 0.13571898502049903, 0.05049933450467292, 0.6540552956089295, 0.6381630930212316, 0.42661378086414015, 0.45351528823034704, 0.14727157409675193]], "inverted": false, "swapped": true, "error_lsq": 0.04012531572685342, "error_max": 0.29103786682854976, "target": "403.xyz", "model": "14.xyz", "model_rescale": 3.9786697098870705, "target_rescale": 4.289883287472099},
{"mapping": [5, 9, 0, 1, 2, 3, 13, 14, 11, 12, 10, 15], "R": [[0.6160534908538698, 0.7748226304327137, -0.14187313972733231], [0.7868986496354944, -0.5972150795255741, 0.1553211640089583], [0.03561757443449036, -0.2073259273621908, -0.9776233161268255]], "T": [-0.08369914957167005, -0.02073055861373132, -0.12490638371765563], "aligned_model": [[0.06156418215954945, -0.7263969128922069, 0.5364257836489938, 0.612607351820274, 0.0966384425994509, 0.34669133117573625, -0.499038805057506, -0.08561790895290043, 0.45709285541728795, 0.08571492145865181, -0.2955215946460359, -0.10680504996395844], [-0.49790027949524424, -0.2670490047922622, 0.06493330691855753, -0.37480691973645575, 0.49673015258041253, 0.5203930773532334, -0.3399506370103278, 0.34544622833669597, -0.07035677568255927, -0.570047356561987, 0.6704364600536556, 0.036846238260720955], [-0.587472816337332, -0.0774009895162895, -0.5764300693035009, -0.19951779958871296, -0.4669917567608089, 0.11039088485815131, 0.4673321499522982, 0.5396213997850283, 0.26640024275706187, 0.21701374897565073, 0.04387513824559487, -0.07685363919331101]], "inverted": true, "swapped": true, "error_lsq": 0.049519065244170636, "error_max": 0.27135960079448807, "target": "403.xyz", "model": "15.xyz", "model_rescale": 3.769337070930944, "target_rescale": 4.289883287472099},
{"mapping": [10, 3, 9, 13, 6, 2, 4, 0, 8, 12, 15], "R": [[0.041410580115657916, -0.19524436551206348, -0.9798799934636264], [0.9371902907207921, 0.34755649061425, -0.029645316840675784], [0.3463517328282939, -0.9171063861775789, 0.19737363957514564]], "T": [-0.06213702039899679, -0.013269088076007692, 0.04405734386170941], "aligned_model": [[-0.22601776731548034, -0.30148793936725954, -0.101863015891689, -0.6497776106818824, 0.40508552269392395, 0.2790834524617756, 0.5196892864769587, 0.3813859278365765, 0.1341565886453979, -0.4079222890392353, -0.1097060251279153], [-0.19447380560874838, -0.6614438529628358, 0.6634290890688049, 0.5135558940525847, 0.1525230871962044, -0.44185144353915345, 0.49454340143635567, -0.5902855637075379, 0.5490001797312583, 0.13445612061985934, -0.023388608661449595], [-0.6569246453655838, -0.19257775850537406, -0.08436141144395505, 0.09190024815638359, -0.5215590593928154, -0.29828077951346005, 0.006887181441467147, 0.30116870211545305, 0.5182914479507602, 0.5972022252620173, -0.017528543481115877]], "inverted": false, "swapped": true, "error_lsq": 0.04177291685105135, "error_max": 0.21430850953786418, "target": "403.xyz", "model": "16.xyz", "model_rescale": 3.7852294659196426, "target_rescale": 4.289883287472099},
{"mapping": [5, 2, 3, 0, 4, 6, 7, 10, 11, 12, 9, 14, 15], "R": [[-0.2268144694865563, -0.4411495799064842, 0.8682984766656364], [0.7095896146496317, 0.5358159561658271, 0.45758478984718015], [-0.6671115163246094, 0.7199224328123366, 0.191504348568505]], "T": [0.03999131389452677, 0.08264539358775791, -0.09081153496074691], "aligned_model": [[-0.12134745498883885, -0.22657627828081128, 0.3614143262223809, 0.05053213617395681, -0.6277589714315422, -0.6679494031467814, -0.2651177420442567, -0.11085491637014909, 0.6774746277945756, 0.5249414473851335, -0.25815088907347256, 0.46701486168592576, 0.050144106290162575], [-0.13069497875705505, -0.40186506572441927, -0.29823886694414753, -0.6728770340627676, 0.2091544079550316, 0.0647347565852599, 0.6729181975495693, 0.12553767586290765, -0.11918202609194606, 0.30153519389556765, 0.6902495343751333, 0.32514246208345693, 0.10864136697628343], [-0.7162839722761457, 0.24310607590853012, 0.44307046243613, -0.24842378603160203, -0.4594333229532356, 0.1625755523651401, 0.34752227026592325, 0.6347733773846267, -0.06047431082918933, -0.4961139806242908, -0.22467112292768127, 0.4875761874094041, -0.017468732984435575]], "inverted": false, "swapped": true, "error_lsq": 0.03589113538286645, "error_max": 0.20528044409858567, "target": "403.xyz", "model": "17.xyz", "model_rescale": 3.901054581598922, "target_rescale": 4.289883287472099},
{"mapping": [5, 4, 0, 1, 6, 3, 9, 8, 2, 14, 7, 13, 12, 11, 15], "R": [[-0.9091234501264964, 0.167162785530913, -0.38151167159556504], [0.3986822640160842, 0.6144450883605401, -0.6808154564554315], [0.1206109646305244, -0.771047233652488, -0.6252512764383136]], "T": [-0.006743407656452968, 0.037063081238539214, 0.00672608016349935], "aligned_model": [[0.21433430488662342, 0.19386216267374962, -0.45322016738233967, 0.017957522990656574, -0.3262208567188098, -0.5699654678720998, 0.46511492655523945, 0.6314489525608168, -0.6317902206193685, -0.12293084747178092, 0.07699331106862974, 0.6099372695412196, 0.5144564286679612, -0.04719676086079992, -0.033694346930663616], [-0.023727867140795333, -0.6201315687145565, 0.28146578814412987, 0.6219160689973815, -0.6436235938449091, 0.4331942249382601, -0.423445999363943, -0.14961276384120104, -0.08659924319431445, 0.34435780303474917, -0.45119867320649576, 0.07509306449874245, 0.45189509269241457, 0.7036287210865094, 0.03554629574113374], [-0.6337340577609081, -0.3477165725710821, -0.5735261832416381, -0.5158794340626764, 0.02420966362750604, 0.25019391745812153, 0.20987886380398307, -0.3640009571259503, -0.0997339985067045, 0.6906535096260421, 0.6298140875915832, 0.5000957502673762, -0.05347842133544084, 0.052479812165971584, 0.0804104249157932]], "inverted": true, "swapped": true, "error_lsq": 0.0411448584558168, "error_max": 0.2817055121479716, "target": "403.xyz", "model": "18.xyz", "model_rescale": 3.9405287249114394, "target_rescale": 4.289883287472099},
{"mapping": [3, 14, 1, 2, 4, 12, 0, 8, 13, 7, 6, 10, 11, 9, 5, 15], "R": [[0.5429276676293957, -0.7614070259644898, -0.3542441086798982], [0.29780966005155296, -0.21984506371550921, 0.9289658520849421], [-0.7851999453021397, -0.6098585809610576, 0.10739439988045132]], "T": [0.08094913797923564, -0.020608298045286102, -0.06974260977655201], "aligned_model": [[-0.48976867708877836, 0.10761074277067009, -0.4680785651202999, -0.663820237374782, 0.48646468354702127, 0.136934337402892, -0.036968895504978866, 0.08715052360941067, 0.6047930302410047, 0.6739384844938794, -0.41217729818800264, -0.400375332185914, 0.16665084300155847, 0.5051057413496929, -0.1505648526545914, 0.0489307526484377], [-0.5799756165526693, -0.7840523531935157, 0.07163814262758672, 0.11570587985228672, 0.23119650376935483, -0.34305936022243777, 0.4933871080535682, 0.728488660759298, -0.3937117892856741, 0.35212764118416906, 0.5385582881706462, -0.4740214437558117, -0.3000329787320579, 0.2219080793975978, 0.4618292298438185, -0.02440589118158943], [-0.36439150833858186, 0.057463111655143215, -0.42411331876908864, 0.35694498724490115, -0.6236528125188637, -0.5090944416331098, -0.5108529336689324, 0.03555432589560488, 0.12445112528264295, 0.0013707045057577694, -0.020320930274141003, 0.3552836372525578, 0.5888849537820791, 0.5221077340146404, 0.5665890227735809, -0.046338593110110224]], "inverted": true, "swapped": false, "error_lsq": 0.04230061540800215, "error_max": 0.2826677959449829, "target": "403.xyz", "model": "19.xyz", "model_rescale": 4.410303926677745, "target_rescale": 4.289883287472099},
{"mapping": [14, 7, 13, 3, 12, 2, 11, 9, 6, 5, 0, 1, 8, 15], "R": [[0.965401167766005, 0.23557774379341795, -0.11181999778767866], [0.2569064674117849, -0.7856868701436596, 0.562756793904665], [0.04471747173120634, -0.5720133466214429, -0.819024467893912]], "T": [0.021831614673206687, -0.06505082288676038, 0.08848503194994974], "aligned_model": [[-0.2599819792671113, 0.3812916452589265, 0.48711820677628226, -0.6673941098078413, 0.18550526039699577, -0.40006120822040137, -0.41435307609103705, 0.675259302314119, 0.17990122530907746, 0.237570292325086, -0.47871483786256486, -0.31033757026134107, 0.644424438029475, 0.000960300561208046], [-0.09264863846896125, -0.5668231536546331, 0.1808369840275041, -0.15842682933107569, 0.5709001227461893, -0.49140485617623725, 0.40736977615566744, -0.20103200721993048, -0.7748844923754865, 0.19915455981436841, 0.028094803165389134, 0.5446863119645495, 0.26794974153579576, -0.10282385600193703], [-0.6154366645699288, -0.41417097209693, -0.5016018618666802, -0.13437003766573707, -0.03854560040398537, 0.32835650069593936, -0.09752927703422025, -0.0862471314168795, 0.28046426426398796, 0.6770531430255138, 0.6686091656541939, 0.4540858193234416, 0.37320365858485527, 0.022944032231450792]], "inverted": false, "swapped": true, "error_lsq": 0.04270669893251216, "error_max": 0.3256857676333237, "target": "403.xyz", "model": "20.xyz", "model_rescale": 4.121658175737393, "target_rescale": 4.289883287472099},
{"mapping": [7, 9, 6, 10, 2, 13, 5, 14, 12, 11, 0, 3, 15], "R": [[0.7775119409051291, -0.5831608645761501, 0.23536904591882143], [0.10946159242224039, 0.49405903771121834, 0.8625101895283628], [-0.6192683921647597, -0.6448481009374706, 0.44797051820740547]], "T": [-0.025948158607313046, 0.05447126593721662, 0.03137785144285177], "aligned_model": [[0.24792567256716735, -0.2712974268607171, 0.40861486864888064, 0.650473117182877, 0.51653531742032, -0.38977440515386647, -0.4647274430743422, 0.28485294450383525, -0.6023535326810151, -0.11068152766792146, 0.09235469405271883, 0.49149679846896566, 0.02766382725739247], [-0.42247568608948227, -0.1825277041368517, 0.3125103829256578, -0.22573748735623628, 0.39696791749045374, -0.615516403427506, 0.5734858242996104, -0.5994199142324306, -0.17080696725942662, -0.1330066097630525, 0.6765927690559356, -0.06656545921284795, -0.0026737581306402677], [0.6068470282608122, 0.6310654193768584, 0.5884026760530766, 0.15387319961239831, -0.04423536923645183, 0.2409057824144359, 0.060647466896084995, -0.19559195885607525, -0.22232672379960294, -0.6055773528644188, -0.40991132779758344, -0.4696375050888646, 0.03564840451111992]], "inverted": true, "swapped": true, "error_lsq": 0.045994755529101344, "error_max": 0.25809568569083724, "target": "403.xyz", "model": "21.xyz", "model_rescale": 4.08911054899281, "target_rescale": 4.289883287472099},
{"mapping": [10, 12, 6, 5, 4, 13, 0, 1, 3, 2, 8, 9, 14, 15, 11, 16], "R": [[-0.2852635378638827, 0.7668560645282712, -0.5749404232280014], [0.9370332352242228, 0.34923905102214825, 0.0008951683505595831], [0.2014781130808199, -0.5384829259478536, -0.8181947863510443]], "T": [-0.014650753935883604, 0.024039019807090153, -0.004659396300609354], "aligned_model": [[-0.6608450051001304, 0.0073453171533958885, -0.5428354399707396, -0.6337920839516412, 0.5454214684122196, 0.28677842112342594, 0.05945509766126334, 0.11014921759558616, 0.7430951187396397, 0.6154595818174504, -0.47409374718698, -0.29128617671183893, 0.3339865115258829, 0.34216659119630105, -0.2490355977804328, 0.0038560064238183766], [-0.44517964437344276, -0.7126180146219506, 0.23715567158891848, -0.05066259996655896, 0.11048314112907157, -0.3910719821608986, 0.3538430919789356, 0.8071272475505504, -0.395432003260064, 0.3685240722319575, 0.5411919417569525, -0.44794555745455633, -0.3928844654338742, 0.2294081760330971, 0.48242699486389506, 0.021214030872537096], [-0.12042745822552564, -0.04734537194755231, -0.4854570239184381, 0.32520835813695265, -0.4110320153470783, -0.4212566532484134, -0.7016651315117368, 0.029926380275752562, -0.06903389858747966, 0.06980430496322676, 0.04253180342206736, 0.4516858822497794, 0.3365875092281187, 0.597014859238059, 0.5617655674481079, -0.04842204808175948]], "inverted": true, "swapped": false, "error_lsq": 0.0407622915314742, "error_max": 0.34419553291338634, "target": "403.xyz", "model": "22.xyz", "model_rescale": 4.204369325754507, "target_rescale": 4.289883287472099},
{"mapping": [3, 14, 1, 2, 4, 12, 0, 8, 13, 7, 6, 10, 11, 9, 5, 15], "R": [[0.5429276676293957, -0.7614070259644898, -0.3542441086798982], [0.29780966005155296, -0.21984506371550921, 0.9289658520849421], [-0.7851999453021397, -0.6098585809610576, 0.10739439988045132]], "T": [0.08094913797923564, -0.020608298045286102, -0.06974260977655201], "aligned_model": [[-0.48976867708877836, 0.10761074277067009, -0.4680785651202999, -0.663820237374782, 0.48646468354702127, 0.136934337402892, -0.036968895504978866, 0.08715052360941067, 0.6047930302410047, 0.6739384844938794, -0.41217729818800264, -0.400375332185914, 0.16665084300155847, 0.5051057413496929, -0.1505648526545914, 0.0489307526484377], [-0.5799756165526693, -0.7840523531935157, 0.07163814262758672, 0.11570587985228672, 0.23119650376935483, -0.34305936022243777, 0.4933871080535682, 0.728488660759298, -0.3937117892856741, 0.35212764118416906, 0.5385582881706462, -0.4740214437558117, -0.3000329787320579, 0.2219080793975978, 0.4618292298438185, -0.02440589118158943], [-0.36439150833858186, 0.057463111655143215, -0.42411331876908864, 0.35694498724490115, -0.6236528125188637, -0.5090944416331098, -0.5108529336689324, 0.03555432589560488, 0.12445112528264295, 0.0013707045057577694, -0.020320930274141003, 0.3552836372525578, 0.5888849537820791, 0.5221077340146404, 0.5665890227735809, -0.046338593110110224]], "inverted": true, "swapped": false, "error_lsq": 0.04230061540800215, "error_max": 0.2826677959449829, "target": "403.xyz", "model": "23.xyz", "model_rescale": 4.410303926677745, "target_rescale": 4.289883287472099},
{"mapping": [3, 2, 10, 8, 7, 0, 11, 14, 12, 13, 9, 4, 5, 6, 15, 16], "R": [[0.3233887884646683, -0.9058390551956474, 0.2736335096029201], [-0.6133076850385482, -0.4208565750907512, -0.6683811986251111], [0.720606255154652, 0.04832545173239722, -0.6916583518955359]], "T": [0.017651427449260085, 0.10297436740613278, -0.06508842559232685], "aligned_model": [[-0.37498659968686865, -0.06220604823981783, -0.5974886476330672, -0.7216940284499228, 0.43851010837192655, 0.3432168127395461, -0.09281415734705065, 0.17543004541362867, 0.696225840431896, 0.6632034719087258, -0.4062618966495047, -0.4159088523752601, 0.13034656907414988, 0.5376815626671986, -0.09503384017362675, -0.022395059104733092], [-0.6337721899429618, -0.8005434219853022, 0.12849828684235126, 0.06950516344897076, 0.08114092366215012, -0.5436026583221129, 0.5725850588856645, 0.7361273831056494, -0.28919116179826676, 0.38094440193859724, 0.5409499772143314, -0.3675770197686391, -0.2492697553435154, 0.27164233559057777, 0.4087381380765114, 0.009404639130564704], [-0.40018673134001004, 0.03576958850750957, -0.276595313990642, 0.29261924343666873, -0.579220867778783, -0.280335123098632, -0.47494771807511066, 0.11483699350819139, 0.11356990344050107, -0.051603559061222756, 0.07946205864434545, 0.18886284685483407, 0.4436609394887605, 0.46313299079813086, 0.5698326229175962, -0.12897281015805673]], "inverted": true, "swapped": false, "error_lsq": 0.03955316697409902, "error_max": 0.2983042310392423, "target": "403.xyz", "model": "24.xyz", "model_rescale": 4.28219845311461, "target_rescale": 4.289883287472099},
{"mapping": [0, 6, 4, 1, 13, 2, 7, 9, 14, 12, 3, 8, 10, 11, 5, 15], "R": [[-0.2779952648491053, -0.42405627448453487, -0.8619135158423802], [-0.47768808042550137, 0.839496954543291, -0.25895745042755525], [0.8333863033077012, 0.33973686785928414, -0.4359428059691864]], "T": [0.028299233259735268, 0.0698348912150156, -0.03342299892295128], "aligned_model": [[-0.4669502264858237, -0.0696714750853761, -0.4373738940450437, -0.5727564711292503, 0.3951348140507729, 0.19056559449134525, -0.010749593278670658, 0.12592226321577388, 0.633342580331924, 0.7576273252551186, -0.591282664063835, -0.21615036386852807, 0.32379277497080167, 0.39311099774943215, -0.2425864791224931, -0.016149902038927952], [-0.5135894072529968, -0.8060439137978843, 0.0868490817359251, 0.05216478955905322, 0.1951552332133438, -0.4212199705638646, 0.6609073029075766, 0.7213541411791807, -0.38750299240805364, 0.29677246503598353, 0.5319928686351069, -0.24554018846453898, -0.37052463853093187, 0.16169614150695535, 0.3337621532506765, 0.01934703472903941], [-0.3160857531277562, 0.15481938258704023, -0.5969011518737266, 0.18634325548295053, -0.483581777004784, -0.4821041497682892, -0.5380561320326771, 0.11779239324069038, 0.0366429219051078, -0.001803826769799094, -0.0841538699554881, 0.5346694323853424, 0.5568920611905923, 0.3602151069983506, 0.7296261555197189, -0.0644289846831917]], "inverted": true, "swapped": false, "error_lsq": 0.041630785122806824, "error_max": 0.24697165470913263, "target": "403.xyz", "model": "25.xyz", "model_rescale": 4.100010024507729, "target_rescale": 4.289883287472099},
{"mapping": [13, 12, 5, 1, 7, 6, 9, 2, 11, 10, 14, 15], "R": [[-0.4341136581567153, -0.6288917661140258, -0.6450119985827987], [-0.29132534472271276, 0.7755288561933789, -0.5600754741403897], [0.852452271581223, -0.05522807008552161, -0.519879779324645]], "T": [0.09881728927408337, 0.04119027904873388, 0.0005387575551307269], "aligned_model": [[-0.6392876034452477, -0.08009522746848888, 0.5084108012117979, 0.5927943578689017, -0.5256024194410057, 0.17339418903385898, -0.37914692184378773, 0.507701725125994, 0.16246887412911812, -0.12173393388258189, -0.3736199090814204, 0.051481670155868464], [-0.22247642573010804, -0.6004918045280705, -0.22937207139041546, -0.5554614992075261, 0.5286824173307876, 0.7452847440668458, 0.1532491077812755, 0.48292080228830264, -0.41564233483055907, 0.6224535639567362, 0.07743234051664696, 0.07955254979672363], [0.10463488989928255, 0.06048760309505761, 0.4714838203402301, -0.1250517992992619, 0.07865076942680974, 0.2543007250352337, 0.4852891945604167, -0.23397627434317142, -0.4845303804501839, -0.40511867140326446, -0.5920622064809145, -0.048915380525877634]], "inverted": false, "swapped": true, "error_lsq": 0.04159686303222861, "error_max": 0.21352140762172928, "target": "403.xyz", "model": "26.xyz", "model_rescale": 3.6694154284099745, "target_rescale": 4.289883287472099},
