[{"mapping": [2, 7, 0, 11, 3, 5, 1, 8, 6, 9, 12, 13], "R": [[0.6151270644035267, -0.5479003150000814, -0.5669426244877971], [0.7666812589283665, 0.5834010666892375, 0.2680355248728705], [0.18389818336871877, -0.5995401906533636, 0.7789306887939478]], "T": [0.02001339759093021, -0.1260353046878413, -0.02852802411663701], "aligned_model": [[-0.1805120129286368, 0.09945704096060153, 0.4521738565009531, -0.14744966355780467, -0.13888786804696543, -0.48877476730366765, 0.46139520352793784, -0.25879550090540215, 0.47752972545652517, 0.18497807279206976, -0.5531142377859721, -0.07035738624908955], [-0.3699945756457984, -0.5458517436301504, -0.1577198272430264, 0.693041716019218, 0.2728556607351452, -0.6053191199510152, -0.41361988576072606, -0.3730607865909111, 0.07763492431531022, 0.2605545894299707, 0.23434012961035833, -0.01930604531131727], [-0.6192676153496897, -0.0843980929812016, -0.6109472184920278, -0.007044889500964761, -0.7505933682577253, 0.08128438117224077, 0.5436976344577418, 0.7614137660275868, 0.0793285231645218, 0.5761755931430634, 0.27203348010137396, -0.05973044813135687]], "inverted": false, "swapped": true, "error_lsq": 0.045638467053346565, "error_max": 0.22604597317321168, "target": "404.xyz", "model": "0.xyz", "model_rescale": 3.751011558992144, "target_rescale": 3.951330818330062},
{"mapping": [13, 11, 3, 2, 5, 7, 9, 12, 6, 10, 0, 8, 1, 14], "R": [[-0.7306007941827511, -0.09006138611049452, 0.6768392913176582], [-0.6738797979386834, -0.06464273719701308, -0.736007699998986], [0.11003861808316567, -0.9938361350139844, -0.013462513539933163]], "T": [0.10261820983460324, 0.1256947339967903, 0.1289302710000666], "aligned_model": [[0.17018270391170934, 0.02178514381498642, -0.42568135418931585, 0.12794866296885554, 0.5951349857523079, -0.5221605883912971, 0.4681720717116862, -0.3265503345752077, -0.18733632023577373, 0.7303352746578755, -0.46904280351584327, 0.45549412719931354, -0.24392997205264016, 0.09472491636388755], [0.15112007254888074, -0.6671127509342695, 0.3171997100623466, 0.7989079166021543, 0.29009658375185576, -0.043694195853737294, -0.26619857711589456, -0.3159169424594678, -0.31518806069199934, -0.32638489097821743, 0.6239652219392875, 0.6591166898113406, 0.36827242134168064, 0.08163848492591005], [-0.59376661539159, 0.1695910162198921, -0.38840067173102766, -0.3505282578618972, -0.21817966004824357, 0.27258216805937086, -0.254448951319272, -0.2867241428870813, 0.6630411931025921, 0.4010498170473375, 0.1497803347930515, 0.3060117667551764, 0.6827767954713202, 0.09729871587931399]], "inverted": false, "swapped": false, "error_lsq": 0.0394653011445285, "error_max": 0.2552821993603603, "target": "404.xyz", "model": "1.xyz", "model_rescale": 3.9405287249114394, "target_rescale": 3.951330818330062},
{"mapping": [5, 8, 12, 6, 9, 10, 7, 1, 11, 4, 4, 2, 13], "R": [[0.5023705460195882, -0.8598491315993585, 0.09101266604055702], [-0.8454179011004291, -0.46638808987232716, 0.26028968885491255], [-0.18136263945732034, -0.20770561021087317, -0.96123148746595]], "T": [-0.02475316092975624, 0.023472712598529503, 0.1425767001822557], "aligned_model": [[-0.27674861440909126, 0.33107804744257896, -0.2714625665328969, 0.36302052970871324, 0.470298254781393, -0.8547125710070315, 0.03385858139076975, 0.7117126765937132, -0.20759722724814741, -0.06624863479942712, -0.06624863479942712, -0.5493671549654003, -0.12159940687181504], [0.676654851718904, 0.6066837828719359, 0.0514002753445599, -0.3030199342869349, -0.17562134324335404, 0.11202239100188874, 0.3295222366760513, 0.27323627466245565, -0.5971144984511984, -0.7975753713527123, -0.7975753713527123, 0.12047922835138544, -0.040259928368252464], [0.04016321852460822, -0.401494086632543, -0.5553040047538675, 0.21653549692457486, -0.36498335316711933, -0.06645865364678102, 0.4401955032627312, 0.1567621659820268, -0.38735926638941304, 0.21453008986344463, 0.21453008986344463, 0.5476319111893884, 0.05837123856814899]], "inverted": false, "swapped": true, "error_lsq": 0.05677608192042673, "error_max": 0.47018107641551665, "target": "404.xyz", "model": "2.xyz", "model_rescale": 3.932901565614263, "target_rescale": 3.951330818330062},
{"mapping": [10, 2, 12, 11, 11, 5, 1, 6, 4, 0, 9, 3, 7, 13], "R": [[-0.15861739470755443, -0.8054117937615274, 0.5710975088074073], [0.23632398713959715, -0.5925770342413104, -0.7700671604426568], [0.9586404410406602, 0.012817993587599219, 0.2843311517258651]], "T": [0.09743205136788652, 0.15935140658793662, 0.12829571483590324], "aligned_model": [[0.037900370911405724, 0.13147236042649746, -0.4967123249440983, 0.46890088118079987, 0.46890088118079987, -0.6082701980392449, 0.6024220053368117, -0.28323667955107246, -0.18789312614072645, 0.4842621721540356, -0.45300637154117124, 0.5186699325575272, -0.19914219440510295, 0.004808804294083063], [0.10178171775435627, -0.6723446285161507, 0.21824192423776934, 0.7260937805495014, 0.7260937805495014, 0.03557601386881737, -0.283315720054716, -0.3096211722919193, -0.45666423346422996, -0.23815854481264087, 0.6426134701092242, 0.356438306743448, 0.3640629294473983, 0.14502405882951167], [-0.5832428647582497, 0.16466624864604248, -0.34778639697603225, -0.4535313113508003, -0.4535313113508003, 0.18714869261621125, -0.18443353274505753, -0.1908410869295542, 0.6781508583315092, 0.5041928089096546, 0.18546441199948602, 0.33901087641468597, 0.7446393336881509, 0.0601767815936982]], "inverted": true, "swapped": false, "error_lsq": 0.05196971501521833, "error_max": 0.4103894135328675, "target": "404.xyz", "model": "3.xyz", "model_rescale": 3.9243930471874484, "target_rescale": 3.951330818330062},
{"mapping": [9, 12, 1, 6, 7, 11, 4, 8, 2, 10, 0, 3, 13], "R": [[-0.18667340281849915, -0.9154172389803621, -0.3566010645773978], [-0.9779211483300294, 0.20785042441962936, -0.021643214120291937], [0.09393225393356217, 0.34468751013947546, -0.9340060235484619]], "T": [0.1490927621247229, -0.0027037960015250384, -0.11025749904377376], "aligned_model": [[0.09065436126440632, -0.39575267816818216, 0.7667207923803728, 0.286670769440982, 0.5070667165490995, -0.5773875837006309, -0.2414541307437399, 0.36279743907280926, 0.07967643449759798, -0.47432992111075, 0.29019942514810904, -0.42366664133771026, 0.006010903018988684], [-0.5582097881451376, 0.07513665819990087, -0.3145134226022189, -0.48825191174679355, 0.22567394516514175, -0.4113901091058299, -0.5582542812260227, 0.0962123862845001, 0.4828503012325574, 0.5867301743833744, -0.09934516195192214, 0.08802187224493004, 0.003168890949107682], [-0.5901841611731397, -0.6060066975079519, -0.4656099539608946, -0.022217130823653924, -0.036930459240127486, -0.1780392988373543, 0.3586304445375276, -0.9512746940754299, 0.34594248223475693, -0.04482662211732104, 0.5952409383955991, 0.49757265370745957, -0.11522718576850621]], "inverted": false, "swapped": true, "error_lsq": 0.053844849965791086, "error_max": 0.382647191062694, "target": "404.xyz", "model": "4.xyz", "model_rescale": 3.8936222436046832, "target_rescale": 3.951330818330062},
{"mapping": [10, 12, 5, 2, 8, 9, 11, 6, 0, 3, 7, 13], "R": [[0.08692849333947335, -0.2546717730137855, 0.963112519426336], [0.06662352542226424, 0.9660939784149511, 0.24944684951043372], [-0.9939842769913608, 0.04248191262628112, 0.1009482253116665]], "T": [-0.05391193673409953, 0.12485651103236767, 0.008313091979271645], "aligned_model": [[0.024860921771903625, -0.595920932499703, -0.24997010021321472, 0.46110110454813025, -0.8346609196749496, -0.6194440786759935, -0.27710736781567247, -0.027394976013058674, 0.639401382195461, 0.48318420238006643, 0.09945044342180548, -0.07595163720967765], [-0.5734225404849902, -0.3696889120827464, 0.1720235288515946, -0.055298264219139415, 0.41201401055791026, 0.19060894077351917, -0.5308497487302024, 0.3143637020622937, 0.2015667982166114, -0.5161654839147887, 0.4401967947444608, -0.016425920664715543], [-0.48824571626643853, -0.09334334353360522, -0.6699004478653726, -0.38028136894867337, -0.25764859418907354, 0.4754121922127803, 0.4769554590621726, 0.4835179557793948, 0.20933762487697316, 0.08806592935588073, -0.2421246952938803, 0.017539724085360378]], "inverted": true, "swapped": true, "error_lsq": 0.04893533126059923, "error_max": 0.28796067639801864, "target": "404.xyz", "model": "5.xyz", "model_rescale": 3.6523030999806103, "target_rescale": 3.951330818330062},
{"mapping": [4, 3, 2, 6, 7, 11, 10, 9, 12, 8, 5, 1, 13], "R": [[0.1810541563587812, -0.743424060274965, -0.6438478539759959], [-0.9581029059337786, 0.01440847852925653, -0.2860615622339377], [0.22194191606467462, 0.6686651346905693, -0.7096680375660044]], "T": [0.20222046376656286, 0.019283403467947213, 0.03160049467384113], "aligned_model": [[0.20622603706471454, -0.10842624223805822, 0.15235241008087283, 0.5088974890254042, 0.46993841780687984, -0.329153401299773, -0.5076469293933212, 0.15367195576457357, -0.4794944785570029, 0.0535333913215805, -0.025821810901264813, 0.7138392674744038, 0.07316679851528565], [-0.5254718046658469, 0.06252826940309983, 0.543200527370141, -0.387248112811915, 0.3445361072024719, -0.574194501246178, 0.4220129931579908, -0.6093627376185942, -0.14321124351170275, 0.01688062866537332, 0.5806584716929665, -0.17513714284836543, -0.014364550626257869], [0.6514753525217349, 0.8109402673954214, 0.4459962660135438, 0.08743163013436817, -0.05904372891943843, 0.2861949956222463, 0.30411950096159934, -0.3488973721966391, -0.20828111156528895, -0.8290099883946789, -0.3337649257001229, -0.5210402974113852, 0.08398915102042856]], "inverted": false, "swapped": true, "error_lsq": 0.04698845708773785, "error_max": 0.2555529165130314, "target": "404.xyz", "model": "6.xyz", "model_rescale": 4.08911054899281, "target_rescale": 3.951330818330062},
{"mapping": [5, 3, 7, 12, 10, 2, 4, 6, 0, 9, 13, 11, 1, 14], "R": [[0.8703221627391331, -0.014858979997496996, -0.4922586147123398], [-0.47222350532238755, -0.3089191435740164, -0.8255749049932013], [-0.13980090867413825, 0.950972225381441, -0.275875936766792]], "T": [0.10149333979034866, 0.12332928868591816, 0.009823129326337748], "aligned_model": [[0.13933352520725556, 0.20716515191968252, -0.5343907473865602, 0.14028002624525016, 0.6859586469427076, -0.6604107896352206, 0.34180512161071985, -0.2149697191379404, -0.2722578392548549, 0.5030218646317532, -0.300280161493226, 0.4000229337332091, -0.12406239508451067, 0.17786089512227954], [0.16094317377490755, -0.6452266802624289, 0.17240862916665126, 0.7674392614864559, 0.4228829313986133, 0.06436946041851946, -0.36510377375461456, -0.26034554428190126, -0.5408039020298187, -0.0699836519428221, 0.7247827968949475, 0.5676032380493932, 0.22759032960782527, 0.12926541442414263], [-0.7502127550892959, 0.16668812536096442, -0.4289611121302309, -0.2928645874775272, -0.2867284148861935, 0.2670494489481805, -0.4379858486269138, -0.03245832446065451, 0.5610883506635301, 0.6547744907730325, 0.12263382687320887, 0.25072103802304685, 0.6998958100392736, 0.15644346007852225]], "inverted": true, "swapped": false, "error_lsq": 0.048264199258124155, "error_max": 0.37736701195044325, "target": "404.xyz", "model": "7.xyz", "model_rescale": 3.964800864290218, "target_rescale": 3.951330818330062},
{"mapping": [10, 8, 11, 6, 3, 12, 5, 9, 7, 1, 4, 0, 2, 13], "R": [[-0.5784711635966464, -0.676955126564444, -0.4550855628398466], [-0.40228343280498047, 0.722100413282696, -0.5627957292194041], [0.7096049271092916, -0.14248771790957163, -0.6900420984745348]], "T": [0.06638686133350233, 0.150956215907866, 0.07646048188856513], "aligned_model": [[0.14877951907437179, 0.05672559056757895, -0.5480477383474596, 0.02502064514162835, 0.6450580554328846, -0.6281426179522132, 0.6069582200133555, -0.33684061335505855, -0.13492511572096202, 0.4686149437398489, -0.42009206156111145, 0.5643708773878593, -0.02641211061597315, 0.06800891961579421], [-0.13585213804475627, -0.6142570530970576, 0.38255442407283813, 0.6756604349672423, 0.4850391735508206, -0.11251086615733757, -0.3483924350339672, -0.276587410903909, -0.2566856569003228, -0.1773869852797479, 0.6457362426831775, 0.5635321189309856, 0.4451042265085965, 0.07986760765330785], [-0.6891023379117535, 0.0028881080430313566, -0.42947006392118403, -0.16742502780357685, -0.205480863491175, 0.21389714497280093, -0.3204075742030904, -0.2819677223832723, 0.6243242937885374, 0.6182382990147172, 0.19318399150578341, 0.3846039817742105, 0.6625270535498783, 0.04427422515403628]], "inverted": false, "swapped": false, "error_lsq": 0.044258085852097784, "error_max": 0.292027117155301, "target": "404.xyz", "model": "8.xyz", "model_rescale": 4.121658175737393, "target_rescale": 3.951330818330062},
{"mapping": [6, 7, 2, 3, 1, 9, 5, 12, 10, 8, 4, 11, 13], "R": [[0.6048894783155524, -0.7861920835238254, -0.12653350081146508], [-0.7013782083711004, -0.6012504972657596, 0.38283997748383347], [-0.3770640898379003, -0.1428280341604653, -0.915108094605535]], "T": [-0.11327541249956877, -0.053650787805982904, -0.1642240707702789], "aligned_model": [[-0.5597436739270543, -0.16781258690175932, 0.3410038547745562, 0.3866952069123609, -0.7845614614862538, -0.5391020432040959, 0.26473134087207884, 0.25287441092033336, 0.7427896008521335, -0.25891225374202786, -0.23155864291677508, 0.046393801864967554, -0.016060057583266826], [0.19525507847605225, -0.3286384094365859, 0.0035579969877879633, 0.5916104282530552, -0.4419396878070665, -0.017510441672662698, -0.6508158072214435, -0.11250428905489437, 0.0015160413108845916, -0.7551722394156737, 0.7618654795562538, 0.5252425555580976, 0.01792073387790536], [-0.13034563359357793, -0.49146420283104797, -0.6531589673238762, -0.36274187476241015, -0.10445982739887169, 0.43552346860724844, -0.19801712711806088, 0.4769884759694488, -0.09730052519827868, 0.33519718008994803, -0.11993619581649573, 0.4178247302469047, -0.08703406691184243]], "inverted": true, "swapped": true, "error_lsq": 0.05842351215402812, "error_max": 0.39662633940935976, "target": "404.xyz", "model": "9.xyz", "model_rescale": 3.833441315466971, "target_rescale": 3.951330818330062},
{"mapping": [13, 1, 2, 8, 10, 4, 0, 5, 6, 12, 9, 11, 7, 14], "R": [[-0.9312412989916754, 0.3517643735726745, -0.09513920609990745], [-0.20919689764769162, -0.7298396479987459, -0.6508231297546575], [-0.29837275523559115, -0.58617055000579, 0.7532448375123666]], "T": [0.034892124116622944, 0.07617349524895316, 0.12106774205816152], "aligned_model": [[-0.039035388251161526, 0.22965388234707768, -0.44408296405271563, 0.25191472162703316, 0.7448356411584545, -0.6265678125355708, 0.37358686892845194, -0.3290727922370971, -0.0907445162556121, 0.4746746517379497, -0.3338178391034243, 0.42911732353504994, -0.1188657491419108, -0.03251951433598044], [0.009288002887309063, -0.635559965923094, 0.3156557945232814, 0.7762659698895197, 0.34974419054245376, -0.29127196531000316, -0.29316908729438956, -0.31800979546986213, -0.375101805344335, -0.1628110390188161, 0.7801507368850932, 0.5096894345863432, 0.5479281484888839, 0.14302306350748606], [-0.6699743524231033, 0.0877170195342818, -0.3583916912363457, -0.1441323361813106, -0.1902093383810755, 0.37279609923893464, -0.34012081836016705, -0.2907383706316891, 0.6127949079899723, 0.456474626439784, -0.041348799012499035, 0.4703348368831568, 0.5657249587310739, 0.11915676549793]], "inverted": true, "swapped": false, "error_lsq": 0.05048489289135198, "error_max": 0.2841240063502114, "target": "404.xyz", "model": "10.xyz", "model_rescale": 4.2482417240324, "target_rescale": 3.951330818330062},
{"mapping": [0, 2, 10, 5, 4, 11, 3, 12, 7, 9, 6, 13], "R": [[-0.570581962522534, 0.11100838522761891, 0.8137034855849459], [0.8122895494225769, 0.2221764369921509, 0.539280371183988], [-0.12092109800527182, 0.9686664902094164, -0.21694081866391596]], "T": [0.0039015694385144163, -0.021374502849332462, -0.24161540935178455], "aligned_model": [[-0.6378036070691834, -0.05642080278390196, 0.4631312121893569, 0.5730002838341851, -0.561254400416224, 0.03342854884425098, -0.25285909920749633, 0.5875633332615007, -0.02639370131027016, 0.07967961992388486, -0.37718701851644343, 0.051881233613347136], [-0.27266854995378137, -0.5123675242680821, -0.15099336984313283, -0.440084276882225, 0.4500248223604523, 0.7105640555027686, 0.009940761163698762, 0.39159965208659026, -0.4165586383254354, 0.6010729130806616, 0.24138270951326363, 0.05421883561586114], [-0.013482865586450121, 0.21003367470365814, 0.4743989282209799, -0.27964059926431595, 0.13174839008195327, 0.1618528943068716, 0.5576563147841584, -0.048032737859396324, -0.41070205906501056, -0.6278128413628148, -0.4610827707501517, -0.12974403835512505]], "inverted": false, "swapped": true, "error_lsq": 0.048024849305812266, "error_max": 0.2171215229486671, "target": "404.xyz", "model": "11.xyz", "model_rescale": 3.6694154284099745, "target_rescale": 3.951330818330062},
{"mapping": [1, 5, 2, 3, 4, 10, 0, 12, 7, 6, 8, 11, 9, 13], "R": [[0.5915802792955206, -0.7439576193290431, -0.3107407823104281], [0.8036047010288132, 0.5752605224828732, 0.15262639272787565], [0.06520933700802367, -0.34000351750385555, 0.9381606208171284]], "T": [0.04048790211772616, 0.036402047545340474, 0.0855854093352642], "aligned_model": [[0.026155490083121576, 0.2135959618054475, -0.39789340273708823, 0.12644618989283257, 0.601699193848851, -0.571202860120534, 0.5052716340082956, -0.3493152462687627, -0.18455847566308603, 0.5211350449785552, -0.21553929247853462, 0.3852149213413793, -0.28247753676209664, 0.11054489149216379], [0.167790596583354, -0.7321487206427687, 0.3228176778606133, 0.7345953006998492, 0.41128085154326777, -0.028198494150860023, -0.299818543106176, -0.4135247752645772, -0.32740258637208625, -0.13356647183764353, 0.745283503008132, 0.5096089469476585, 0.38747451986094006, 0.011629877820167264], [-0.7504798544142339, 0.24029193429559514, -0.3044165030410885, -0.410787690878292, -0.21803675404688794, 0.24429888927120483, -0.3406418321888776, -0.24211546019462116, 0.6931754311900404, 0.33041976136158446, 0.15292788507838323, 0.5353266254610425, 0.7314396586527592, -0.011318582457664747]], "inverted": false, "swapped": false, "error_lsq": 0.04745557459071539, "error_max": 0.27570073682023416, "target": "404.xyz", "model": "12.xyz", "model_rescale": 3.9764082729961374, "target_rescale": 3.951330818330062},
{"mapping": [1, 11, 12, 0, 2, 6, 8, 13, 14, 3, 5, 7, 4, 15], "R": [[0.9734302685670722, -0.11020926100212762, 0.20071729129998378], [-0.20343879010351418, -0.013914423198255862, 0.97898878824442], [-0.10510076554743036, -0.9938110019598417, -0.03596555942730943]], "T": [-0.036693198150188976, 0.11607959354922663, -0.035823316967034155], "aligned_model": [[0.18737301633520126, 0.15008851865293985, -0.3929469136403481, 0.20554278808401802, 0.648408695969121, -0.5868712415394426, 0.5696379010153114, -0.48069260734214775, -0.18399644957423433, 0.5059937594243124, -0.5876871703729983, 0.5264640662475195, -0.0653973563066878, -0.006840493532020202], [0.14033073740900368, -0.6550628625767866, 0.00880717658592757, 0.8004958852621041, 0.4021924980469474, 0.03316024073346063, -0.22535125014580587, -0.3047726572376159, -0.4731982579567258, -0.2711543002629327, 0.7420413636931936, 0.46587657987375364, 0.574351508891603, 0.11810502063374342], [-0.6295646679008182, -0.004254323042205729, -0.5542724019373682, -0.033823288618400074, -0.32742975458481227, 0.48771016543902795, -0.16008277860679448, -0.050938006237373636, 0.4836585454877605, 0.4779706348027544, 0.05020813499722901, 0.32684686768750576, 0.5164688563363581, 0.06758552426608078]], "inverted": true, "swapped": false, "error_lsq": 0.05548317102902978, "error_max": 0.3594679880846858, "target": "404.xyz", "model": "13.xyz", "model_rescale": 4.170626492500431, "target_rescale": 3.951330818330062},
{"mapping": [5, 9, 6, 4, 12, 3, 10, 11, 1, 7, 2, 8, 0, 13], "R": [[-0.8540956896664503, -0.21977253869252708, -0.47140278332847435], [-0.2866146197364634, -0.5574375829417696, 0.7791761038926697], [-0.43401913857169166, 0.8006018813122284, 0.41311501424277386]], "T": [0.005109232468715211, 0.1417480258876817, 0.10128100122358337], "aligned_model": [[0.01484837229254947, 0.054198028833268116, -0.5486023934538804, 0.1973332408464531, 0.5246384683307418, -0.6269180206615645, 0.4619522258325864, -0.15081047799657776, -0.15182693083748305, 0.5296780512745121, -0.43549641505622305, 0.6842751868154453, -0.04152607724220063, -0.022666745557082528], [0.2138742879618329, -0.665684307583319, 0.26936378590280835, 0.8049784399399251, 0.24031520406166856, -0.13391655875934644, -0.18372036886540744, -0.3288193394722079, -0.3077265891366442, -0.010978155679405216, 0.602337767581872, 0.42421504536285876, 0.31860035658623637, 0.11298211504899841], [-0.8053185685043807, 0.14543703592930052, -0.518885847409915, -0.06070195797986448, -0.4047624807595453, 0.1061995886080051, 0.04051005087710159, -0.4026188396950429, 0.7047361205081997, 0.7003903991547428, 0.264547410663962, 0.20376164412764047, 0.6690897784915457, 0.007699174077193838]], "inverted": true, "swapped": false, "error_lsq": 0.054719485696655586, "error_max": 0.33240143824460344, "target": "404.xyz", "model": "14.xyz", "model_rescale": 3.9786697098870705, "target_rescale": 3.951330818330062},
{"mapping": [8, 5, 9, 1, 12, 11, 2, 3, 6, 7, 10, 13], "R": [[-0.931006297501057, 0.3647607485003372, 0.013299261891071518], [-0.34620359162108677, -0.8709257063436763, -0.348757060399397], [-0.11563021733973035, -0.3292992717623935, 0.9371187984747315]], "T": [0.09189821380139283, -0.10002628400985913, 0.07943454859986333], "aligned_model": [[0.051344428322937403, -0.5017235575166887, 0.6423899427008765, 0.5103437107612641, -0.06185444972470218, 0.3768415411228089, -0.41008669069761483, -0.10769424385215758, 0.5910425978096028, -0.07615884269941724, -0.5937382003935906, 0.06264836093401839], [-0.33298983160117634, -0.3010517247855573, 0.04596715814699043, -0.6601682407864059, 0.4210214598024826, 0.6834637253032042, -0.10853986736267224, 0.454122807961048, -0.1549419962818634, -0.49027012965186956, 0.41797644339542794, 0.04008468608483065], [-0.7613076225700373, -0.24895409530166546, -0.3874448001463163, -0.2613136700990907, -0.42410524627520774, 0.013531033563191588, 0.5228739529768196, 0.6784534217938809, 0.18079990607445007, 0.15116436228844404, 0.12354043258507132, 0.07272881898428984]], "inverted": true, "swapped": true, "error_lsq": 0.05997691294507428, "error_max": 0.2973739832893271, "target": "404.xyz", "model": "15.xyz", "model_rescale": 3.769337070930944, "target_rescale": 3.951330818330062},
{"mapping": [12, 10, 9, 11, 8, 5, 1, 2, 6, 4, 13], "R": [[0.4633035485985058, 0.8484038595100344, 0.25604826307653367], [-0.8053847127042543, 0.5236415988021751, -0.2777677816921676], [-0.36973677988309167, -0.07752655785200106, 0.9258965095675125]], "T": [0.12038143172425109, 0.0007936080035709017, 0.11437847131983303], "aligned_model": [[-0.32967695317686657, -0.3145877236497717, -0.045741549660959224, -0.681798769625581, 0.4336834225538314, 0.4199805396156401, 0.6562515547843669, 0.14702626355185186, 0.10611036362107762, -0.45457861295156055, -0.014042404370857964], [-0.014152900196097183, -0.6983370188428585, 0.6635005346128333, 0.2272481589748991, 0.26703263515678116, -0.4278292548200796, 0.5536606474697032, -0.6195426212566779, 0.4385437833825947, 0.24153870255893142, -0.03559816941468782], [-0.4737601262649229, -0.135396722704945, -0.16049284312567158, 0.046423863828585654, -0.6561555417965099, -0.3622345296368208, 0.004168480404976832, 0.36572056171582656, 0.38009807505289606, 0.6551943986668427, 0.08065199108351936]], "inverted": true, "swapped": true, "error_lsq": 0.03834803902724618, "error_max": 0.17325076298474298, "target": "404.xyz", "model": "16.xyz", "model_rescale": 3.7852294659196426, "target_rescale": 3.951330818330062},
{"mapping": [12, 3, 2, 10, 11, 4, 6, 0, 5, 8, 9, 7, 13], "R": [[0.8464329313965153, 0.5223450319815162, -0.1034744423117675], [-0.5323708241550227, 0.8343063842248777, -0.1432276608414482], [0.011515130741952428, 0.17631938295558988, 0.9842656536515719]], "T": [0.09091010636079092, 0.18314281234666213, 0.07651324521379456], "aligned_model": [[-0.003208089906853534, -0.40379201927080277, 0.23492394524555307, 0.11659066603541951, -0.6133064711785357, -0.7084445922503468, -0.20610994314209571, -0.14511215725690646, 0.7099919298203757, 0.5894630708811853, -0.17142295136186023, 0.44304663969016733, 0.011145822910983316], [-0.02117347347086479, -0.4570825293481359, -0.3673292157599973, -0.6344002349433973, 0.0476809826912811, 0.1567976709144447, 0.5733129037258139, 0.07507020704689368, -0.07754309002814969, 0.5575536769952296, 0.7127797471235668, 0.21624450788931723, 0.09314447086687272], [-0.6292342863987396, 0.30261785479607983, 0.4299823262978234, -0.19056974142906358, -0.3537444361793294, 0.27987774587578573, 0.22477712221596513, 0.7544457582652409, -0.14578766083553113, -0.5350629711382489, -0.362801720580923, 0.322648856452702, -0.0013941501985875043]], "inverted": true, "swapped": true, "error_lsq": 0.0344917870803215, "error_max": 0.2571880588282856, "target": "404.xyz", "model": "17.xyz", "model_rescale": 3.901054581598922, "target_rescale": 3.951330818330062},
{"mapping": [13, 11, 3, 2, 5, 7, 9, 12, 6, 10, 0, 8, 1, 14], "R": [[-0.7306007941827511, -0.09006138611049452, 0.6768392913176582], [-0.6738797979386834, -0.06464273719701308, -0.736007699998986], [0.11003861808316567, -0.9938361350139844, -0.013462513539933163]], "T": [0.10261820983460324, 0.1256947339967903, 0.1289302710000666], "aligned_model": [[0.17018270391170934, 0.02178514381498642, -0.42568135418931585, 0.12794866296885554, 0.5951349857523079, -0.5221605883912971, 0.4681720717116862, -0.3265503345752077, -0.18733632023577373, 0.7303352746578755, -0.46904280351584327, 0.45549412719931354, -0.24392997205264016, 0.09472491636388755], [0.15112007254888074, -0.6671127509342695, 0.3171997100623466, 0.7989079166021543, 0.29009658375185576, -0.043694195853737294, -0.26619857711589456, -0.3159169424594678, -0.31518806069199934, -0.32638489097821743, 0.6239652219392875, 0.6591166898113406, 0.36827242134168064, 0.08163848492591005], [-0.59376661539159, 0.1695910162198921, -0.38840067173102766, -0.3505282578618972, -0.21817966004824357, 0.27258216805937086, -0.254448951319272, -0.2867241428870813, 0.6630411931025921, 0.4010498170473375, 0.1497803347930515, 0.3060117667551764, 0.6827767954713202, 0.09729871587931399]], "inverted": false, "swapped": false, "error_lsq": 0.0394653011445285, "error_max": 0.2552821993603603, "target": "404.xyz", "model": "18.xyz", "model_rescale": 3.9405287249114394, "target_rescale": 3.951330818330062},
{"mapping": [6, 3, 5, 8, 0, 11, 1, 2, 14, 12, 9, 4, 13, 15], "R": [[0.8194142865513179, 0.5709003026544479, 0.05131346241148192], [0.5109641958676285, -0.7680791674007098, 0.385966297941129], [0.25976107779446606, -0.29004695660201707, -0.9210846570369985]], "T": [0.0770154405886399, 0.11869895510694006, 0.14958149188565947], "aligned_model": [[0.12514586194677266, 0.2791527642456826, -0.4684233222711896, 0.09762783479434037, 0.5983387430823517, -0.6195532080605961, 0.4461596215467599, -0.31512606377888736, -0.17550556670465628, 0.4562089700266758, -0.4696678848656661, 0.6618151600792681, -0.18065849709237441, 0.05356210047206292], [0.14629773897986326, -0.7075138385369265, 0.3477314731156874, 0.6437096358740262, 0.33451648071386614, 0.06255291784513967, -0.2554444913221816, -0.28263904224908953, -0.3669552044734089, -0.10755431472396496, 0.6555492970398433, 0.5238374580475612, 0.26630196573215525, 0.09543160690729943], [-0.5955394548477176, 0.19364413908178982, -0.4346302029847693, -0.3946712709199568, -0.24325316528438304, 0.32523154773133756, -0.24950331005289625, -0.5141037764785485, 0.6974064093858309, 0.4738665321396648, 0.19361442266798617, 0.3185107970248014, 0.7521985663751735, 0.1273122742506306]], "inverted": true, "swapped": false, "error_lsq": 0.03988358114457204, "error_max": 0.31585161752823454, "target": "404.xyz", "model": "19.xyz", "model_rescale": 4.410303926677745, "target_rescale": 3.951330818330062},
{"mapping": [10, 8, 11, 6, 3, 12, 5, 9, 7, 1, 4, 0, 2, 13], "R": [[-0.5784711635966464, -0.676955126564444, -0.4550855628398466], [-0.40228343280498047, 0.722100413282696, -0.5627957292194041], [0.7096049271092916, -0.14248771790957163, -0.6900420984745348]], "T": [0.06638686133350233, 0.150956215907866, 0.07646048188856513], "aligned_model": [[0.14877951907437179, 0.05672559056757895, -0.5480477383474596, 0.02502064514162835, 0.6450580554328846, -0.6281426179522132, 0.6069582200133555, -0.33684061335505855, -0.13492511572096202, 0.4686149437398489, -0.42009206156111145, 0.5643708773878593, -0.02641211061597315, 0.06800891961579421], [-0.13585213804475627, -0.6142570530970576, 0.38255442407283813, 0.6756604349672423, 0.4850391735508206, -0.11251086615733757, -0.3483924350339672, -0.276587410903909, -0.2566856569003228, -0.1773869852797479, 0.6457362426831775, 0.5635321189309856, 0.4451042265085965, 0.07986760765330785], [-0.6891023379117535, 0.0028881080430313566, -0.42947006392118403, -0.16742502780357685, -0.205480863491175, 0.21389714497280093, -0.3204075742030904, -0.2819677223832723, 0.6243242937885374, 0.6182382990147172, 0.19318399150578341, 0.3846039817742105, 0.6625270535498783, 0.04427422515403628]], "inverted": false, "swapped": false, "error_lsq": 0.044258085852097784, "error_max": 0.292027117155301, "target": "404.xyz", "model": "20.xyz", "model_rescale": 4.121658175737393, "target_rescale": 3.951330818330062},
{"mapping": [4, 3, 2, 6, 7, 11, 10, 9, 12, 8, 5, 1, 13], "R": [[0.1810541563587812, -0.743424060274965, -0.6438478539759959], [-0.9581029059337786, 0.01440847852925653, -0.2860615622339377], [0.22194191606467462, 0.6686651346905693, -0.7096680375660044]], "T": [0.20222046376656286, 0.019283403467947213, 0.03160049467384113], "aligned_model": [[0.20622603706471454, -0.10842624223805822, 0.15235241008087283, 0.5088974890254042, 0.46993841780687984, -0.329153401299773, -0.5076469293933212, 0.15367195576457357, -0.4794944785570029, 0.0535333913215805, -0.025821810901264813, 0.7138392674744038, 0.07316679851528565], [-0.5254718046658469, 0.06252826940309983, 0.543200527370141, -0.387248112811915, 0.3445361072024719, -0.574194501246178, 0.4220129931579908, -0.6093627376185942, -0.14321124351170275, 0.01688062866537332, 0.5806584716929665, -0.17513714284836543, -0.014364550626257869], [0.6514753525217349, 0.8109402673954214, 0.4459962660135438, 0.08743163013436817, -0.05904372891943843, 0.2861949956222463, 0.30411950096159934, -0.3488973721966391, -0.20828111156528895, -0.8290099883946789, -0.3337649257001229, -0.5210402974113852, 0.08398915102042856]], "inverted": false, "swapped": true, "error_lsq": 0.04698845708773785, "error_max": 0.2555529165130314, "target": "404.xyz", "model": "21.xyz", "model_rescale": 4.08911054899281, "target_rescale": 3.951330818330062},
{"mapping": [6, 1, 7, 10, 5, 4, 8, 0, 2, 11, 12, 9, 14, 16], "R": [[0.6028089795032042, -0.7673083283674861, -0.21876760145917418], [-0.7794129995033675, -0.6249436355797283, 0.044281243812201984], [-0.17069478737052712, 0.14381718105388613, -0.9747717209676555]], "T": [0.0012670137241761609, 0.09259850502343024, 0.1361835637055654], "aligned_model": [[0.05656738873238855, 0.17907919836562464, -0.3646247623891376, 0.18951503315122797, 0.6074125125413329, -0.6185058152009179, 0.4799348609529955, -0.4453173169654312, -0.2432564763415167, 0.69021998433438, -0.2617066068031864, 0.3624509399201467, -0.10014666751507771, -0.04254575936228463], [-0.029291012107177897, -0.6804848338832292, 0.3959189647379581, 0.7035530458743215, 0.38553484784174685, -0.20575707244224883, -0.26145736783243845, -0.3410125484511872, -0.4014154516035983, -0.19488044452883785, 0.7790293480636855, 0.683785741121608, 0.4385152038471996, 0.08378326231206848], [-0.5970619222600744, 0.16307890464049477, -0.3928874097003152, -0.35619092934866053, -0.07477848801961551, 0.25089091215834064, -0.21918040321520993, -0.32492736445209863, 0.6024584856529658, 0.30527728952100697, 0.20420619717311178, 0.30229026102623296, 0.6671068055018089, 0.11980116941095549]], "inverted": true, "swapped": false, "error_lsq": 0.04477263033827609, "error_max": 0.25454261942260153, "target": "404.xyz", "model": "22.xyz", "model_rescale": 4.204369325754507, "target_rescale": 3.951330818330062},
{"mapping": [6, 3, 5, 8, 0, 11, 1, 2, 14, 12, 9, 4, 13, 15], "R": [[0.8194142865513179, 0.5709003026544479, 0.05131346241148192], [0.5109641958676285, -0.7680791674007098, 0.385966297941129], [0.25976107779446606, -0.29004695660201707, -0.9210846570369985]], "T": [0.0770154405886399, 0.11869895510694006, 0.14958149188565947], "aligned_model": [[0.12514586194677266, 0.2791527642456826, -0.4684233222711896, 0.09762783479434037, 0.5983387430823517, -0.6195532080605961, 0.4461596215467599, -0.31512606377888736, -0.17550556670465628, 0.4562089700266758, -0.4696678848656661, 0.6618151600792681, -0.18065849709237441, 0.05356210047206292], [0.14629773897986326, -0.7075138385369265, 0.3477314731156874, 0.6437096358740262, 0.33451648071386614, 0.06255291784513967, -0.2554444913221816, -0.28263904224908953, -0.3669552044734089, -0.10755431472396496, 0.6555492970398433, 0.5238374580475612, 0.26630196573215525, 0.09543160690729943], [-0.5955394548477176, 0.19364413908178982, -0.4346302029847693, -0.3946712709199568, -0.24325316528438304, 0.32523154773133756, -0.24950331005289625, -0.5141037764785485, 0.6974064093858309, 0.4738665321396648, 0.19361442266798617, 0.3185107970248014, 0.7521985663751735, 0.1273122742506306]], "inverted": true, "swapped": false, "error_lsq": 0.03988358114457204, "error_max": 0.31585161752823454, "target": "404.xyz", "model": "23.xyz", "model_rescale": 4.410303926677745, "target_rescale": 3.951330818330062},
{"mapping": [5, 3, 12, 6, 15, 7, 4, 0, 1, 10, 13, 9, 11, 16], "R": [[-0.004447910095771612, 0.7144992277640336, -0.69962209057489], [-0.07117111518281527, -0.6980809898261763, -0.7124728794887146], [-0.997454203690282, 0.046623869079106206, 0.05395670831954069]], "T": [0.08724171188113948, 0.16553392125272465, 0.09054909951090356], "aligned_model": [[0.19493094097165214, 0.11946449888266107, -0.45730680214253117, -0.04887086138800596, 0.560904274319857, -0.5349181402075592, 0.5024925071266275, -0.4068513328912817, -0.2519444302585868, 0.4993774656042472, -0.4009837208484205, 0.5921452908891296, 0.04853997194235502, 0.07209685142040011], [0.13308128990088183, -0.7332582586226797, 0.20048654297731372, 0.7336490845789208, 0.6265224799612878, 0.11251731639210061, -0.2934324310298925, -0.313414081744772, -0.40684989741807726, -0.1548437336478078, 0.6647032730829909, 0.4051737475192638, 0.3347292269269162, 0.04675712407342393], [-0.5282819679737252, 0.07092019157554957, -0.4997229266709981, -0.39588344294148886, -0.1786116638230913, 0.31866585632705413, -0.21078300550203494, -0.2206850320016855, 0.6324576477683908, 0.4795043990237605, 0.008986186011429503, 0.3735068935372377, 0.6993155657968597, 0.1006948069616856]], "inverted": true, "swapped": false, "error_lsq": 0.04118928727557674, "error_max": 0.26684367955064936, "target": "404.xyz", "model": "24.xyz", "model_rescale": 4.28219845311461, "target_rescale": 3.951330818330062},
{"mapping": [14, 9, 2, 6, 10, 4, 11, 13, 3, 5, 0, 8, 1, 15], "R": [[-0.7054777772258514, -0.23489997973547364, 0.6686726443939113], [-0.6523305108844744, 0.5840501934790896, -0.483063428615993], [-0.27706679773959325, -0.7769860816110621, -0.5652668560715508]], "T": [-0.018800173757422253, -0.04484149686459675, 0.009349622696363531], "aligned_model": [[0.2029343355330162, 0.17537875955539134, -0.42004135781149593, 0.10506171390070719, 0.6156838326700124, -0.6894164125720847, 0.4642275459011119, -0.343494477988009, -0.22590652113375326, 0.6459404525136798, -0.44837460981774363, 0.44702387453507414, 0.0227587241605572, -0.06269934602591982], [0.17676373373163512, -0.6626204107615788, 0.29316665964522454, 0.8267449042019628, 0.3394195468467382, 0.026525226892108192, -0.20469806134486346, -0.3500254161192209, -0.2632229162173569, -0.0919553226354186, 0.631298176569094, 0.4095638286725454, 0.21151610113211744, 0.013345632336882865], [-0.6848186235211858, 0.20304381280188147, -0.43057766986416446, -0.18350398298065962, -0.27256936336442783, 0.2918902817244433, -0.18457606431450474, -0.38352801877182535, 0.7231155937385062, 0.5396145264190982, 0.16380064382683387, 0.2511549433257857, 0.5945256977369184, 0.022511731332243975]], "inverted": false, "swapped": false, "error_lsq": 0.039457110736914436, "error_max": 0.21436248072433983, "target": "404.xyz", "model": "25.xyz", "model_rescale": 4.100010024507729, "target_rescale": 3.951330818330062},
{"mapping": [0, 2, 10, 5, 4, 11, 3, 12, 7, 9, 6, 13], "R": [[-0.570581962522534, 0.11100838522761891, 0.8137034855849459], [0.8122895494225769, 0.2221764369921509, 0.539280371183988], [-0.12092109800527182, 0.9686664902094164, -0.21694081866391596]], "T": [0.0039015694385144163, -0.021374502849332462, -0.24161540935178455], "aligned_model": [[-0.6378036070691834, -0.05642080278390196, 0.4631312121893569, 0.5730002838341851, -0.561254400416224, 0.03342854884425098, -0.25285909920749633, 0.5875633332615007, -0.02639370131027016, 0.07967961992388486, -0.37718701851644343, 0.051881233613347136], [-0.27266854995378137, -0.5123675242680821, -0.15099336984313283, -0.440084276882225, 0.4500248223604523, 0.7105640555027686, 0.009940761163698762, 0.39159965208659026, -0.4165586383254354, 0.6010729130806616, 0.24138270951326363, 0.05421883561586114], [-0.013482865586450121, 0.21003367470365814, 0.4743989282209799, -0.27964059926431595, 0.13174839008195327, 0.1618528943068716, 0.5576563147841584, -0.048032737859396324, -0.41070205906501056, -0.6278128413628148, -0.4610827707501517, -0.12974403835512505]], "inverted": false, "swapped": true, "error_lsq": 0.048024849305812266, "error_max": 0.2171215229486671, "target": "404.xyz", "model": "26.xyz", "model_rescale": 3.6694154284099745, "target_rescale": 3.951330818330062},
{"mapping": [4, 11, 0, 5, 8, 6, 10, 2, 12, 9, 1, 7, 3, 13], "R": [[-0.1257926723622294, -0.92654512230547, -0.3545283344274624], [-0.027096446723980316, -0.3540247955445897, 0.9348434236355017], [-0.9916864353992665, 0.1272029106253207, 0.019427644570131908]], "T": [0.09815182756220761, 0.11979276047354964, 0.022084692071424043], "aligned_model": [[0.2226622996446359, 0.07620294110033246, -0.33058678518570583, 0.011077321393789225, 0.6678523065654408, -0.5136038867421714, 0.44264448214078234, -0.35735448239390755, -0.1738539403532672, 0.5762871355462326, -0.5547353535447112, 0.2984339261513254, 0.0644981872774471, 0.0595523618203214], [0.004761021630086917, -0.72706300748017, 0.30259432998911806, 0.856875588878016, 0.28072044914428484, 0.0939606267113487, -0.29410093721090996, -0.3250853548253783, -0.3874567885692309, -0.12034519939302074, 0.7058227067632148, 0.603007729647218, 0.27853843911779497, 0.08359207854749827], [-0.7821512257346551, 0.15820604936626997, -0.4466371137524367, -0.25196901465035737, -0.21854123270109682, 0.33237178282065627, -0.24607111683662225, -0.2160898454457511, 0.5683845827670548, 0.4446766027376078, 0.12185384809543084, 0.3721116899868324, 0.8136012505469271, 0.0003372508890835263]], "inverted": true, "swapped": false, "error_lsq": 0.041251723269186115, "error_max": 0.2386086393475496, "target": "404.xyz", "model": "27.xyz", "model_rescale": 4.103607728864725, "target_rescale": 3.951330818330062},
