[{"mapping": [8, 1, 0, 5, 3, 2, 10, 11, 9, 6, 7, 12], "R": [[0.3364761474738787, 0.7281712612765165, -0.5971184274765805], [-0.8014687993436209, 0.5543461168939038, 0.22438392625886833], [0.49440020819153346, 0.403071950072959, 0.7701307922713849]], "T": [-0.08068786627961382, -0.0766532760536216, -0.05764703989871972], "aligned_model": [[-0.2854701676025937, 0.3568284527443139, 0.3797182540932596, 0.008715261940718685, -0.18105210106999514, -0.5137372413826053, 0.31810289380962736, -0.39300425860642213, 0.5640007616505803, 0.14280767019436585, -0.4766564679157021, -0.08261059539499875], [-0.37705036600129027, -0.6041490798276407, -0.07037243609069913, 0.6768687666800258, 0.32923667786836497, -0.7154106888709537, -0.30832633090667033, -0.392692054293908, -0.058673018745632195, 0.4141888656969589, 0.18354824516659668, -0.023613544698094867], [-0.5880784610590952, -0.1743162579865208, -0.6030438266329698, -0.09718013941521916, -0.6583123661273922, 0.07021862725223865, 0.6223386440802503, 0.6928211574345431, 0.11043643703378453, 0.39648596361575555, 0.4251473370748197, -0.014565369916632112]], "inverted": false, "swapped": true, "error_lsq": 0.04982346322855549, "error_max": 0.26163118352820897, "target": "405.xyz", "model": "0.xyz", "model_rescale": 3.751011558992144, "target_rescale": 4.238793703020842},
{"mapping": [11, 12, 13, 10, 5, 4, 1, 8, 9, 7, 0, 2, 14], "R": [[0.3755733041279767, 0.6374031426054578, -0.6728015509963401], [0.41111594278221913, -0.765194365480046, -0.4954404753629612], [-0.8306192718789287, -0.09052522761239692, -0.5494331700480436]], "T": [0.021486521758656903, 0.07607916978579865, 0.041506169258887934], "aligned_model": [[-0.0978612767512134, 0.5129657393656522, 0.3948056721231173, -0.7221278917026496, -0.13078879469368865, -0.6633274754987938, 0.02007178945673494, -0.25238355616321073, -0.12145359844792766, 0.39550790153291443, 0.5594268433419727, 0.4163573859104562, 0.03729340015311816], [0.04625627552110073, -0.07887982561048876, -0.5458391059051431, -0.12059892710674375, -0.4625227302987437, 0.40883290963028407, 0.7556833558163117, 0.09305037593734096, -0.49627838941506097, 0.5236745387359858, 0.48532163766744846, -0.2355061732901635, 0.048817124514645115], [-0.7469084975854067, -0.4936676272627657, 0.0782848129715369, -0.24276320725603973, 0.31864560748498916, 0.25569932435397713, 0.19584896403128343, 0.6457622496757133, -0.2520318483729949, -0.2738403337554164, 0.385955485409263, 0.6978061590595542, -0.0033350609475167464]], "inverted": false, "swapped": false, "error_lsq": 0.043444494356423766, "error_max": 0.2557853462445303, "target": "405.xyz", "model": "1.xyz", "model_rescale": 3.9405287249114394, "target_rescale": 4.238793703020842},
{"mapping": [10, 6, 0, 9, 5, 8, 4, 2, 11, 3, 7, 1, 12], "R": [[0.5546045585071631, 0.7406174330647002, 0.37934100954646266], [0.8320228907875213, -0.48682037343306683, -0.26597712912215987], [-0.01231636669848682, 0.4631325316269027, -0.8862034559062636]], "T": [0.07583868748409342, 0.046769278624154684, 0.07000986528949282], "aligned_model": [[-0.3422976473878825, 0.5026904329828329, 0.46759468969596796, -0.6587028063550536, -0.25920265053598923, -0.5397576273028863, 0.031733911388389074, -0.20945480670848768, -0.05435809768570937, 0.20118100640264605, 0.7477693779713739, 0.4284378256389799, 0.03285253052230095], [0.2865921534676738, -0.17598504269844567, -0.6493258869751646, -0.037139096002463484, -0.5877416783961504, 0.5063021368192756, 0.6871880520743904, -0.23545052467986788, -0.4488929662214274, 0.46351342472905976, 0.4570066449822809, 0.10937863135458022, 0.04656521774303189], [-0.6221852758910786, -0.1820492410451342, 0.32478180926312794, -0.2521535801634833, 0.18498563497875556, -0.0327544260255114, 0.3521699000585118, 0.6205815975061382, -0.42494672392138855, -0.30068313214140646, -0.025511355289896537, 0.7763952056536417, 0.14682561482390077]], "inverted": false, "swapped": false, "error_lsq": 0.058672535085353486, "error_max": 0.3267468836600561, "target": "405.xyz", "model": "2.xyz", "model_rescale": 3.932901565614263, "target_rescale": 4.238793703020842},
{"mapping": [12, 5, 2, 10, 1, 11, 8, 3, 6, 9, 7, 0, 13], "R": [[-0.8272275599534645, -0.5342784567677547, -0.17389966845081656], [-0.46129940365899624, 0.46911655195819935, 0.7530820146987344], [-0.32077628378247014, 0.7031900108169319, -0.6345284741049778]], "T": [0.05960542278731858, 0.049524618514454125, 0.1373948680191049], "aligned_model": [[-0.08513157835051426, 0.4673399972775099, 0.28686196491938243, -0.5025116051188769, -0.32652102241354214, -0.7507739769137506, -0.07542255282703504, -0.0063958281290455166, 0.08410858038316468, 0.23933672170203651, 0.6679451497543648, 0.3014332977307532, 0.048216990612035264], [0.07525639872284708, 0.03142313839057888, -0.7508573058511755, -0.15669478818366533, -0.5112906263534386, 0.42171972396499185, 0.7531025095558772, 0.2340572783631239, -0.4270685735857737, 0.598536920684157, 0.42154167862274644, -0.29987531408293067, 0.03216002594943451], [-0.6119507706206813, -0.45440284981807494, 0.18147538962727838, -0.2558524378079197, 0.42921887380421103, 0.18704091908287387, 0.2971832360910701, 0.6088574968751672, -0.35143105722761014, -0.316560076491467, 0.17301271367525362, 0.6554578903863575, 0.02340670022971758]], "inverted": false, "swapped": false, "error_lsq": 0.04493628211685215, "error_max": 0.2979780194618718, "target": "405.xyz", "model": "3.xyz", "model_rescale": 3.9243930471874484, "target_rescale": 4.238793703020842},
{"mapping": [3, 10, 8, 2, 7, 0, 5, 1, 4, 6, 11, 9, 12], "R": [[0.32932121365534883, -0.41440120544594694, -0.8484215810323983], [0.6446261890387911, 0.7552318486197082, -0.11866731325762492], [0.6899308767129451, -0.5078351068559602, 0.5158477387783168]], "T": [0.14079077865859368, 0.006611496048430414, 0.04414928189759184], "aligned_model": [[-0.15495429199782496, 0.6443884170690375, 0.3859913760712991, -0.7258718153175575, -0.39800680532570454, -0.6237791977738508, -0.10916267293445078, -0.2749420943601022, -0.08842676146849104, 0.2651172807324872, 0.8099620209221468, 0.5450623953773788, 0.07310828763211412], [0.18464236919196467, -0.16157559551821782, -0.5598210413135017, -0.18576082068208438, -0.5496930795207088, 0.37857297514697386, 0.6813685190291736, 0.04816329155634413, -0.4402562213096818, 0.6352049005690736, 0.3974027245602355, -0.10281835725903665, 0.09658140174623889], [-0.5335991337253805, -0.41977985098445536, 0.16811385975111862, -0.20705448055799183, 0.25185373925395094, 0.06414334515414424, 0.2804739140241889, 0.6234591528338415, -0.27229318036263495, -0.28891192480761396, 0.20423096615036732, 0.6118437057715282, 0.08297591530511363]], "inverted": true, "swapped": false, "error_lsq": 0.037662119476546144, "error_max": 0.1992911462668295, "target": "405.xyz", "model": "4.xyz", "model_rescale": 3.8936222436046832, "target_rescale": 4.238793703020842},
{"mapping": [0, 5, 9, 1, 6, 7, 4, 11, 2, 8, 10, 12], "R": [[0.6193607481476224, -0.6606464416889148, -0.42419163445050745], [0.7646558864865118, 0.3850845439739934, 0.5167313317903883], [-0.17802707354653755, -0.6444037345299274, 0.7436734417796153]], "T": [-0.07368355122357072, -0.14580296751243002, -0.0436708207751217], "aligned_model": [[0.0677795340318816, -0.7858075099126066, -0.15159287496741947, 0.45653638733004576, -0.6783715952627396, -0.45368169175291706, -0.13583279954021094, 0.01986693185275902, 0.5098446638728151, 0.37011167466946904, -0.05450249508911588, -0.13680218301686367], [-0.5499637190033463, -0.3757022295502155, 0.15335039330266173, -0.004682802565901839, 0.18918484039152575, 0.13929768641964616, -0.43045761730871346, 0.5710524065258938, 0.055079643885586754, -0.6015309555627236, 0.6444537097191303, -0.12115845114373659], [-0.6147340239950385, -0.17549286352211224, -0.6341250322427927, -0.4705618779153814, -0.1824100934233296, 0.4378947571952773, 0.6293299370889662, 0.44417263086161235, 0.43698854006837856, 0.05061328987219936, -0.26775445755020255, -0.03463608716205868]], "inverted": false, "swapped": true, "error_lsq": 0.06083649389025605, "error_max": 0.3579382027298798, "target": "405.xyz", "model": "5.xyz", "model_rescale": 3.6523030999806103, "target_rescale": 4.238793703020842},
{"mapping": [3, 7, 9, 4, 10, 2, 1, 6, 11, 5, 5, 8, 12], "R": [[-0.4991153125989297, -0.8038477208595225, -0.32359348942496347], [-0.17215210749941823, -0.2740055378036577, 0.9461948092948076], [-0.8492629490403909, 0.5279676191982607, -0.0016237195998604625]], "T": [0.011649015592883631, 0.04165612267793196, 0.08109447747726249], "aligned_model": [[-0.11825617107433788, 0.3749667081633676, 0.34511426779612814, -0.47282607625886963, -0.40073112058755683, -0.6928049035691587, -0.15144070126041512, -0.18797171523544107, -0.05557026090246535, 0.5862737383819129, 0.5862737383819129, 0.47422460835702324, 0.06123402643438179], [0.32370372025969085, -0.08863113745076334, -0.5875411172695028, -0.13859558828815816, -0.5350663917414256, 0.32305552966598, 0.7053093545125023, 0.0887629312900643, -0.6078635352178556, 0.4043238067695999, 0.4043238067695999, 0.04045133785002442, 0.08977834904701666], [-0.5403671047008254, -0.4826816694202457, 0.2058928508488681, -0.16775247949820427, 0.4066813419429661, 0.10885566861041657, 0.20495326047501128, 0.6979874783113252, -0.5089688970981805, 0.03438142938615826, 0.03438142938615826, 0.5707121570384831, 0.0013805625242453018]], "inverted": false, "swapped": false, "error_lsq": 0.05652555996621793, "error_max": 0.4387635677854277, "target": "405.xyz", "model": "6.xyz", "model_rescale": 4.08911054899281, "target_rescale": 4.238793703020842},
{"mapping": [2, 13, 11, 0, 9, 3, 4, 8, 1, 7, 5, 10, 14], "R": [[0.3340890802227831, 0.7702180912011635, 0.5432757849033315], [-0.0995002433175981, 0.6019941791366064, -0.79227691488859], [-0.9372748732659132, 0.21063499299043273, 0.27775656908935]], "T": [0.12108442550849016, 0.04978933676578217, 0.05227492815540125], "aligned_model": [[-0.057473316589720075, 0.5731644638311116, 0.36350724413276303, -0.7305516387056026, -0.3924989249393329, -0.6130578354797083, -0.05414594195603126, -0.11988873425809837, -0.15800695235725562, 0.40521027672268906, 0.5596717317675076, 0.5259377823321174, 0.04661798412604229], [0.09745524372901596, -0.23252176962947285, -0.4608764843841329, 0.05819550755202329, -0.48802998206842, 0.28828815570704025, 0.5910880278902045, -0.0029534310219534524, -0.492979006572325, 0.5649564823541965, 0.6310703567587735, -0.03790273129866079, -0.09377930281951632], [-0.7325719596777709, -0.44954037701944827, 0.21033396483696018, -0.34685103382468685, 0.30034715622475505, 0.22721746232172127, 0.4683753186953412, 0.6881201215815834, -0.3544886237103, -0.4508793993779542, 0.2764507077741959, 0.6419178363372983, 0.08702485364448145]], "inverted": false, "swapped": false, "error_lsq": 0.04482622553490417, "error_max": 0.23320078533927094, "target": "405.xyz", "model": "7.xyz", "model_rescale": 3.964800864290218, "target_rescale": 4.238793703020842},
{"mapping": [10, 9, 7, 5, 1, 3, 6, 0, 8, 11, 4, 2, 13], "R": [[-0.7214199892693683, -0.6644244830707161, -0.19517506341435215], [0.6763147698111655, -0.7365731679923248, 0.007635465213145901], [-0.14883390479946113, -0.12649140085382282, 0.9807386982740014]], "T": [0.060652495879384316, 0.040344619129350535, 0.09309796900413203], "aligned_model": [[-0.25730040302700014, 0.3107423252849177, 0.37540494769917904, -0.6080474776585438, -0.19693350413055122, -0.54555011413207, 0.07311099573839419, -0.29542002546170104, -0.011905989141344608, 0.523509263712373, 0.5981188377242344, 0.3384176258441464, 0.04433965617444808], [0.2436903318320863, -0.05556644535009057, -0.585751664052384, -0.18940588636209038, -0.5808533454461826, 0.41364188867500407, 0.6100903466459354, 0.1434556426944811, -0.5344902894135124, 0.5846248938710201, 0.4231528817786835, -0.05195132602189898, 0.001374037345721127], [-0.6367585156623226, -0.5410257348005326, 0.21874630055357275, -0.3531371412070463, 0.4260881078648664, 0.23141007934688979, 0.2014511643257245, 0.7060741911268966, -0.41223130540938935, -0.3272065866361935, 0.3373952478370254, 0.6871827431217561, 0.02746747734492916]], "inverted": true, "swapped": false, "error_lsq": 0.048004466946718796, "error_max": 0.2524556860226768, "target": "405.xyz", "model": "8.xyz", "model_rescale": 4.121658175737393, "target_rescale": 4.238793703020842},
{"mapping": [5, 0, 1, 9, 6, 7, 11, 8, 4, 10, 3, 2, 12], "R": [[-0.21180170400472234, 0.598317308126221, -0.7727589772867662], [0.25761542002702137, 0.7969129024477318, 0.5464102133714499], [0.9427482874792177, -0.08334401423572474, -0.3229232753241519]], "T": [-0.006484314142280755, 0.08001421581087031, 0.06571866828298314], "aligned_model": [[-0.08497810934140423, 0.5916650136794034, 0.29978190335235955, -0.7084842367652868, -0.37736844437383216, -0.5852020074744594, -0.029138421782061767, -0.21739700528033903, -0.031206978189983463, 0.3321099625638074, 0.6360345644067142, 0.49364173113376425, 0.029028166697799986], [0.21383652160796301, -0.16389049026391028, -0.5369012352996423, -0.2827821060784046, -0.40717361953868414, 0.4266847964839965, 0.6613923122890811, 0.09712838592911222, -0.6015194252890157, 0.6424044402882136, 0.48285455618239265, -0.10961555981380927, -0.0004075103005201641], [-0.5323183045390691, -0.3832268953473087, 0.08912904880465139, -0.19651167796979926, 0.3901797986572919, 0.07650060842589071, 0.31972334323193274, 0.762695195596038, -0.5026373853051186, -0.3157940861428279, 0.2838313509667734, 0.5087321419967777, 0.06515288943094392]], "inverted": false, "swapped": false, "error_lsq": 0.04179375495154914, "error_max": 0.2303984732930374, "target": "405.xyz", "model": "9.xyz", "model_rescale": 3.833441315466971, "target_rescale": 4.238793703020842},
{"mapping": [8, 2, 5, 10, 12, 11, 7, 6, 0, 9, 3, 4, 14], "R": [[-0.9918195756419388, 0.07354069944139444, 0.10433453358842938], [0.08865573435101384, 0.9849233849244794, 0.1485465805583839], [-0.09183730255254165, 0.1565812611859301, -0.983386098389283]], "T": [-0.03159756665081252, -0.07144524980816663, 0.0882811510965053], "aligned_model": [[-0.20775808932443374, 0.556756964093712, 0.48071384246645293, -0.6189770826518313, -0.535429830136223, -0.5549932459621122, -0.07502564238354528, -0.037750150791522566, -0.1652493295243908, 0.30817869471052556, 0.6333611434633828, 0.5380284222995809, 0.026630442366886886], [0.3278183916900041, 0.012087255413479853, -0.5118756679861491, -0.1737075326501008, -0.21563204894161014, 0.36347035793034893, 0.579154431798595, -0.1745784992829219, -0.6909501621049674, 0.5279146116160147, 0.4669827869030813, -0.08888147693416112, 0.00020861874515960832], [-0.5575635494358417, -0.3160844281154509, 0.05676499176736148, -0.47765336208521897, 0.38557439780351105, 0.040926551876668854, 0.2252046089594609, 0.7595152731478838, -0.16106565883814059, -0.33977255495171055, 0.2374354767936468, 0.6460757286841114, 0.06609855219989522]], "inverted": false, "swapped": false, "error_lsq": 0.051872267601022065, "error_max": 0.3280348442489306, "target": "405.xyz", "model": "10.xyz", "model_rescale": 4.2482417240324, "target_rescale": 4.238793703020842},
{"mapping": [4, 2, 1, 10, 3, 0, 8, 9, 11, 5, 7, 12], "R": [[-0.7193667570037667, -0.6267024716394008, 0.29959219108473084], [0.6741177369640395, -0.5258149759503334, 0.5187329638425078], [-0.16756116981080604, 0.5751196598164738, 0.8007250659647278]], "T": [-0.0205782492320929, 0.0992653946821142, -0.03584590193885794], "aligned_model": [[-0.7195681392507183, -0.1629091354908393, 0.47553350274359624, 0.6546548969127487, -0.45569048587179617, 0.17556236365848155, -0.31146164910414115, 0.60312855650388, 0.08242139037869614, -0.18038759102768737, -0.26279890915132936, -0.02171919793788444], [-0.10837121338697642, -0.6259970419617602, -0.013528411492330639, -0.23486915460708846, 0.6557253259615798, 0.6022791539609644, 0.06524840415892089, 0.3248826633978813, -0.6631682581132536, 0.7005488679394967, -0.15049345257834307, 0.11387450677154894], [-0.11408266723445298, 0.22033516557459543, 0.4378995420508005, -0.36371982040826933, 0.1555911761314462, 0.43103408002498056, 0.5366585846575372, -0.10130917705524767, -0.4465898036604078, -0.4720458712658272, -0.6159631708488947, -0.10261574811190363]], "inverted": true, "swapped": true, "error_lsq": 0.05923337840007072, "error_max": 0.3499270723052309, "target": "405.xyz", "model": "11.xyz", "model_rescale": 3.6694154284099745, "target_rescale": 4.238793703020842},
{"mapping": [6, 4, 1, 5, 12, 7, 9, 10, 0, 11, 8, 2, 13], "R": [[-0.7797458619245543, -0.5424247143504345, 0.31268485744177554], [-0.37828203763469975, 0.010198748729668639, -0.9256342071937969], [0.4988978761374653, -0.8400425077257689, -0.21314195832666977]], "T": [0.016915488434705694, 0.030319633160420113, 0.029297562905429793], "aligned_model": [[-0.16458464156742092, 0.5674615631367008, 0.4886917331896277, -0.7070342362173626, -0.3044106586566078, -0.601463156954585, 0.003930190259327282, -0.20315171298556706, -0.02866396445510147, 0.299897302812742, 0.5800610975874487, 0.3706838892044753, 0.047068733272804655], [0.14809521411868665, -0.10873928743508438, -0.6606985837313588, -0.17842075490720294, -0.43924018345131455, 0.42784757213997754, 0.7817774672249503, 0.17863957164567568, -0.5256891838272648, 0.6220573660523376, 0.4165798013693271, -0.16881404987437126, -0.07138388312758531], [-0.49323611906428194, -0.44529730219883007, 0.1573385442755061, -0.24800198459195488, 0.4008235863351413, 0.13767056289488905, 0.31183742300384193, 0.6064460793335859, -0.4173729793644622, -0.3095186071784705, 0.35528522625835884, 0.5406753765521658, -0.0311937784493126]], "inverted": true, "swapped": false, "error_lsq": 0.039997768989386846, "error_max": 0.22394950995728477, "target": "405.xyz", "model": "12.xyz", "model_rescale": 3.9764082729961374, "target_rescale": 4.238793703020842},
{"mapping": [5, 4, 7, 9, 2, 12, 13, 8, 0, 6, 14, 3, 15], "R": [[0.0378342399176429, -0.9837905814861366, -0.17528451748235985], [-0.6296542808945221, 0.11273769367171838, -0.7686518711203298], [0.7759536434871974, 0.13945000611241026, -0.6151826061863196]], "T": [-0.0683360726830328, 0.10723341099827405, 0.0988319772078449], "aligned_model": [[-0.14833546696948163, 0.3938729656971499, 0.29114798944032483, -0.4970972236320429, -0.3260934878547611, -0.5978787864579749, -0.06232237976611535, -0.06683141775913906, -0.1530592089206806, 0.39791688131050373, 0.5221481311302728, 0.5590600464133556, 0.0359580959950707], [0.14340220452459979, -0.16731586388676922, -0.5573923744630997, -0.07311447286159556, -0.6006801062622911, 0.46157462005762967, 0.7171070941595667, -0.14949049256412944, -0.5100846069463587, 0.5785369988419393, 0.581484460657044, -0.0828239637403014, 0.0808075686805387], [-0.7349040848186034, -0.377454934515532, 0.10763386917106285, -0.28213736898915465, 0.36089891695775755, 0.06361327765076387, 0.148816697589969, 0.7574239677465932, -0.27379167798493564, -0.28082565366136514, 0.35421871633028035, 0.6267484018092043, 0.09521590052013618]], "inverted": true, "swapped": false, "error_lsq": 0.04245646486872589, "error_max": 0.2315994242484728, "target": "405.xyz", "model": "13.xyz", "model_rescale": 4.170626492500431, "target_rescale": 4.238793703020842},
{"mapping": [1, 3, 6, 0, 4, 7, 10, 12, 2, 9, 11, 5, 13], "R": [[-0.9088678774757228, 0.14601596289290408, 0.39068980006295556], [0.28861851024544677, -0.45604162454978864, 0.8418582969964057], [0.301095560971053, 0.8778982715887118, 0.37233867366294254]], "T": [-0.06339150205672356, -0.005053614702514503, 0.027496751208866133], "aligned_model": [[-0.1641637831059044, 0.4205214585545636, 0.6022088802763603, -0.5047895478929317, -0.38274241205060605, -0.6863639395213217, -0.12096857192550622, -0.06153632530431538, -0.14919618003224044, 0.2698187956932753, 0.5904570463246228, 0.5062102344276525, 0.029030483182833022], [0.36767193143472154, -0.11953130208692092, -0.4998194333338518, -0.09575559555663829, -0.47253564631445, 0.4916586807350224, 0.50371758360174, 0.12340610125533011, -0.6021968760957679, 0.696013029746101, 0.2277800444518129, -0.1887162072954767, -0.00968124434484937], [-0.6371347892134871, -0.4502026417920254, 0.16775430994351068, -0.3633987876873935, 0.4547422040800196, -0.12287625371355393, 0.2644884256959826, 0.7480526344555578, -0.23516205760304243, -0.20441464561930586, 0.16140050050498564, 0.712362973351732, 0.06984415540319623]], "inverted": false, "swapped": false, "error_lsq": 0.04630197171103164, "error_max": 0.25891856436622696, "target": "405.xyz", "model": "14.xyz", "model_rescale": 3.9786697098870705, "target_rescale": 4.238793703020842},
{"mapping": [3, 4, 0, 5, 8, 1, 7, 11, 9, 6, 2, 12], "R": [[-0.19860565972420996, -0.7287125853205225, 0.655388251283918], [-0.7615013599587688, 0.5357050876601755, 0.36487770257436924], [-0.6169857945742816, -0.42661226781526596, -0.661309687093013]], "T": [0.06434824599576491, 0.03020528743716273, -0.03031384366211375], "aligned_model": [[0.07254084123162022, -0.6252051024333798, 0.5817425800552719, 0.23084733410525105, -0.107652664465307, 0.4585771017542024, -0.35622580225102873, -0.36002232852202287, 0.6846089543241729, 0.2820718671866199, -0.44069801197112746, 0.0627698277530639], [-0.30736942811606005, -0.12560961850778554, 0.128364789490149, -0.7028743439039862, 0.3740280457844975, 0.6027932401914673, -0.31859346056168686, 0.22618771813007882, 0.04634011269073836, -0.49123579347327445, 0.6102531381408218, -0.027609909640520392], [-0.6796170557716111, -0.2254002695305647, -0.5121216008094172, -0.14087406232093405, -0.5458070955882389, -0.03358561821001059, 0.36848846187279877, 0.7059775767818717, 0.2130276714377057, 0.3913598118318752, 0.11239281613289288, 0.006125858047462209]], "inverted": true, "swapped": true, "error_lsq": 0.06115086603659344, "error_max": 0.42738497789934693, "target": "405.xyz", "model": "15.xyz", "model_rescale": 3.769337070930944, "target_rescale": 4.238793703020842},
{"mapping": [8, 1, 4, 2, 3, 0, 5, 9, 7, 11, 12], "R": [[-0.644261616245969, 0.7510753233795877, -0.14426651878512714], [-0.5924525782000751, -0.3708246768820552, 0.7151845926747886], [0.48365991400592195, 0.5462370525930724, 0.683884617430614]], "T": [0.02365749110411606, 0.021009676988489705, 0.0171919578257156], "aligned_model": [[-0.264741920429455, -0.2543360693457176, -0.16612956119162803, -0.747934814239215, 0.423535490532199, 0.29017413337072007, 0.7443164781088851, 0.28688681075156985, 0.031833089353679546, -0.4861217877612066, 0.06514428154133932], [0.017984082747146128, -0.6105241559933038, 0.7015992810638839, 0.14856392297671384, 0.22028961871269837, -0.448133760155462, 0.2604020234647857, -0.5309535815731311, 0.5401223572112405, 0.24651761159818197, 0.05019709757258875], [-0.5575674008148859, -0.06747596413067462, -0.17927555706668474, 0.03355200695405415, -0.5624661818161242, -0.4500812110885497, 0.04352032800475496, 0.2822309329389491, 0.4508295488962274, 0.6879346892391127, 0.06301641610759748]], "inverted": false, "swapped": true, "error_lsq": 0.04317049174980792, "error_max": 0.21804409241991404, "target": "405.xyz", "model": "16.xyz", "model_rescale": 3.7852294659196426, "target_rescale": 4.238793703020842},
{"mapping": [2, 11, 9, 3, 0, 1, 5, 4, 8, 7, 6, 10, 12], "R": [[-0.27869855871663, -0.9133199689529168, -0.29694064673115467], [0.673440789461287, 0.03458094392595387, -0.738431893546689], [0.6846930819418521, -0.40577184799962807, 0.6054292616911865]], "T": [-0.03372291164332835, 0.021775611696012505, 0.01294079039754532], "aligned_model": [[-0.16273294013670406, 0.5425445853536247, 0.38562449218349876, -0.7712859683015841, -0.33785533190784744, -0.5208444455829152, -0.06884702999604492, -0.28966349216978754, 0.025581307456347298, 0.28417577456681553, 0.6796654796272544, 0.5382812216055841, 0.04384248592824031], [0.2077827794895732, -0.05695493227041592, -0.7233341093286286, -0.18837226244908306, -0.470764639594046, 0.503366659928913, 0.5749903208727083, 0.1397840068650324, -0.5231691518041865, 0.5872110416326549, 0.48987975936311673, -0.09520694579922104, -0.023201460709644635], [-0.5552535136110618, -0.4338805920192887, 0.14030265301788752, -0.1976155669222552, 0.3744027213693885, -0.058029820994420875, 0.3663934639209905, 0.6628293369953493, -0.3388036133719522, -0.2528602725323276, 0.2565567710704244, 0.5682618039268146, 0.03315265695662806]], "inverted": true, "swapped": false, "error_lsq": 0.03505757450565982, "error_max": 0.2068729995443456, "target": "405.xyz", "model": "17.xyz", "model_rescale": 3.901054581598922, "target_rescale": 4.238793703020842},
{"mapping": [11, 12, 13, 10, 5, 4, 1, 8, 9, 7, 0, 2, 14], "R": [[0.3755733041279767, 0.6374031426054578, -0.6728015509963401], [0.41111594278221913, -0.765194365480046, -0.4954404753629612], [-0.8306192718789287, -0.09052522761239692, -0.5494331700480436]], "T": [0.021486521758656903, 0.07607916978579865, 0.041506169258887934], "aligned_model": [[-0.0978612767512134, 0.5129657393656522, 0.3948056721231173, -0.7221278917026496, -0.13078879469368865, -0.6633274754987938, 0.02007178945673494, -0.25238355616321073, -0.12145359844792766, 0.39550790153291443, 0.5594268433419727, 0.4163573859104562, 0.03729340015311816], [0.04625627552110073, -0.07887982561048876, -0.5458391059051431, -0.12059892710674375, -0.4625227302987437, 0.40883290963028407, 0.7556833558163117, 0.09305037593734096, -0.49627838941506097, 0.5236745387359858, 0.48532163766744846, -0.2355061732901635, 0.048817124514645115], [-0.7469084975854067, -0.4936676272627657, 0.0782848129715369, -0.24276320725603973, 0.31864560748498916, 0.25569932435397713, 0.19584896403128343, 0.6457622496757133, -0.2520318483729949, -0.2738403337554164, 0.385955485409263, 0.6978061590595542, -0.0033350609475167464]], "inverted": false, "swapped": false, "error_lsq": 0.043444494356423766, "error_max": 0.2557853462445303, "target": "405.xyz", "model": "18.xyz", "model_rescale": 3.9405287249114394, "target_rescale": 4.238793703020842},
{"mapping": [9, 11, 14, 7, 12, 8, 6, 1, 13, 5, 2, 3, 15], "R": [[-0.9360702294686647, 0.2174158692042875, -0.2765915134645778], [-0.28114566972634736, 0.01033838506334478, 0.9596094154333864], [0.21149382472451805, 0.9760243119986439, 0.05144807567799475]], "T": [-0.07747186380989576, -0.06688716769330819, 0.10551290115230744], "aligned_model": [[-0.12424826425721414, 0.4134299696362934, 0.42550753240610406, -0.5956721431994048, -0.1731717065624584, -0.45784595411449003, -0.09151650479976517, -0.018129810260712267, -0.05016410922922754, 0.1387510444113246, 0.516176128574116, 0.4087867500249115, -0.043416794002994946], [0.10409395926598788, -0.12571831954063664, -0.6547523677389167, -0.04085158128359016, -0.49411849667642216, 0.5667972772559956, 0.6459666063721413, 0.16965747770841602, -0.5679004700641165, 0.6395900543648834, 0.5511020765104802, -0.32536376470155703, -0.046491385275892055], [-0.6412047627217008, -0.41866978397884297, 0.07137793910881829, -0.3703191780755223, 0.4348364409150305, -0.055830618055009995, 0.3289534982968969, 0.7187376359696309, -0.34121946028933464, -0.27580092161335884, 0.2504150688376439, 0.7552597781316832, 0.10892039128024197]], "inverted": true, "swapped": false, "error_lsq": 0.043617841805222726, "error_max": 0.25834809773799444, "target": "405.xyz", "model": "19.xyz", "model_rescale": 4.410303926677745, "target_rescale": 4.238793703020842},
{"mapping": [10, 9, 7, 5, 1, 3, 6, 0, 8, 11, 4, 2, 13], "R": [[-0.7214199892693683, -0.6644244830707161, -0.19517506341435215], [0.6763147698111655, -0.7365731679923248, 0.007635465213145901], [-0.14883390479946113, -0.12649140085382282, 0.9807386982740014]], "T": [0.060652495879384316, 0.040344619129350535, 0.09309796900413203], "aligned_model": [[-0.25730040302700014, 0.3107423252849177, 0.37540494769917904, -0.6080474776585438, -0.19693350413055122, -0.54555011413207, 0.07311099573839419, -0.29542002546170104, -0.011905989141344608, 0.523509263712373, 0.5981188377242344, 0.3384176258441464, 0.04433965617444808], [0.2436903318320863, -0.05556644535009057, -0.585751664052384, -0.18940588636209038, -0.5808533454461826, 0.41364188867500407, 0.6100903466459354, 0.1434556426944811, -0.5344902894135124, 0.5846248938710201, 0.4231528817786835, -0.05195132602189898, 0.001374037345721127], [-0.6367585156623226, -0.5410257348005326, 0.21874630055357275, -0.3531371412070463, 0.4260881078648664, 0.23141007934688979, 0.2014511643257245, 0.7060741911268966, -0.41223130540938935, -0.3272065866361935, 0.3373952478370254, 0.6871827431217561, 0.02746747734492916]], "inverted": true, "swapped": false, "error_lsq": 0.048004466946718796, "error_max": 0.2524556860226768, "target": "405.xyz", "model": "20.xyz", "model_rescale": 4.121658175737393, "target_rescale": 4.238793703020842},
{"mapping": [3, 7, 9, 4, 10, 2, 1, 6, 11, 5, 5, 8, 12], "R": [[-0.4991153125989297, -0.8038477208595225, -0.32359348942496347], [-0.17215210749941823, -0.2740055378036577, 0.9461948092948076], [-0.8492629490403909, 0.5279676191982607, -0.0016237195998604625]], "T": [0.011649015592883631, 0.04165612267793196, 0.08109447747726249], "aligned_model": [[-0.11825617107433788, 0.3749667081633676, 0.34511426779612814, -0.47282607625886963, -0.40073112058755683, -0.6928049035691587, -0.15144070126041512, -0.18797171523544107, -0.05557026090246535, 0.5862737383819129, 0.5862737383819129, 0.47422460835702324, 0.06123402643438179], [0.32370372025969085, -0.08863113745076334, -0.5875411172695028, -0.13859558828815816, -0.5350663917414256, 0.32305552966598, 0.7053093545125023, 0.0887629312900643, -0.6078635352178556, 0.4043238067695999, 0.4043238067695999, 0.04045133785002442, 0.08977834904701666], [-0.5403671047008254, -0.4826816694202457, 0.2058928508488681, -0.16775247949820427, 0.4066813419429661, 0.10885566861041657, 0.20495326047501128, 0.6979874783113252, -0.5089688970981805, 0.03438142938615826, 0.03438142938615826, 0.5707121570384831, 0.0013805625242453018]], "inverted": false, "swapped": false, "error_lsq": 0.05652555996621793, "error_max": 0.4387635677854277, "target": "405.xyz", "model": "21.xyz", "model_rescale": 4.08911054899281, "target_rescale": 4.238793703020842},
{"mapping": [11, 1, 0, 5, 7, 9, 14, 13, 8, 15, 2, 4, 16], "R": [[0.3809484280595687, 0.8921620660525201, -0.2427450165417262], [-0.2942633643789686, -0.13190210445591055, -0.9465785267078864], [-0.8765200325966969, 0.43202856703810844, 0.21228271177767802]], "T": [-0.05252631594723274, 0.01486135181381628, 0.08825505201952163], "aligned_model": [[-0.029917843280413164, 0.5529755205447814, 0.3637986036276574, -0.6128088892057508, -0.32661177388927926, -0.6593458976093372, -0.1518434247420776, -0.028993538731193376, -0.04510433830325378, 0.2164972971152444, 0.6129942645462992, 0.48905369088436385, -0.032207532330559493], [0.18877595162836536, -0.14483577196013128, -0.6004971904292556, -0.027985299780341255, -0.4558905375062065, 0.380143853444275, 0.6014158705274836, -0.01988452110111167, -0.3570288808369762, 0.6097004067248892, 0.2943394969188489, -0.03736125966403636, -0.008881051769029862], [-0.6568191719296542, -0.3994566824396426, 0.3075421332822291, -0.3383321682510232, 0.5454924175702404, 0.01153282006201603, 0.328905201456988, 0.7477767717074469, -0.49689842115385463, -0.2362442734982453, 0.10335977715622359, 0.5244385924225042, 0.12415903142094806]], "inverted": true, "swapped": false, "error_lsq": 0.039883132253522476, "error_max": 0.22870106441662263, "target": "405.xyz", "model": "22.xyz", "model_rescale": 4.204369325754507, "target_rescale": 4.238793703020842},
{"mapping": [9, 11, 14, 7, 12, 8, 6, 1, 13, 5, 2, 3, 15], "R": [[-0.9360702294686647, 0.2174158692042875, -0.2765915134645778], [-0.28114566972634736, 0.01033838506334478, 0.9596094154333864], [0.21149382472451805, 0.9760243119986439, 0.05144807567799475]], "T": [-0.07747186380989576, -0.06688716769330819, 0.10551290115230744], "aligned_model": [[-0.12424826425721414, 0.4134299696362934, 0.42550753240610406, -0.5956721431994048, -0.1731717065624584, -0.45784595411449003, -0.09151650479976517, -0.018129810260712267, -0.05016410922922754, 0.1387510444113246, 0.516176128574116, 0.4087867500249115, -0.043416794002994946], [0.10409395926598788, -0.12571831954063664, -0.6547523677389167, -0.04085158128359016, -0.49411849667642216, 0.5667972772559956, 0.6459666063721413, 0.16965747770841602, -0.5679004700641165, 0.6395900543648834, 0.5511020765104802, -0.32536376470155703, -0.046491385275892055], [-0.6412047627217008, -0.41866978397884297, 0.07137793910881829, -0.3703191780755223, 0.4348364409150305, -0.055830618055009995, 0.3289534982968969, 0.7187376359696309, -0.34121946028933464, -0.27580092161335884, 0.2504150688376439, 0.7552597781316832, 0.10892039128024197]], "inverted": true, "swapped": false, "error_lsq": 0.043617841805222726, "error_max": 0.25834809773799444, "target": "405.xyz", "model": "23.xyz", "model_rescale": 4.410303926677745, "target_rescale": 4.238793703020842},
{"mapping": [1, 11, 9, 3, 4, 0, 12, 5, 10, 7, 13, 15, 16], "R": [[0.4775527685086593, 0.6115735791401752, 0.6308098846620835], [-0.26782911705821166, 0.7851285072040486, -0.5584270688562305], [-0.8367860642634615, 0.09772913830183044, 0.5387375039676077]], "T": [0.13840419555168815, 0.0014364751272183604, 0.0948358385198666], "aligned_model": [[-0.16063054601920823, 0.5440797871270013, 0.4769183518354547, -0.6877252277049835, -0.4014109916817451, -0.42959462600682474, -0.07755409020278564, -0.14650489200098676, 0.010364863844918804, 0.18049820451025123, 0.5559082099573307, 0.4497614879414384, 0.034375607026619986], [0.10128040953076797, -0.10606720689536117, -0.5256553309916098, -0.14177948515856068, -0.37198217678132867, 0.4945774142743959, 0.6864068891351025, 0.06389394524013634, -0.5397149643992692, 0.5248919843823605, 0.5544306922093697, -0.3157838523208317, -0.0024872520283989244], [-0.7032523531399175, -0.3790752917169855, 0.09637776791693736, -0.23112481766900944, 0.302302575685339, 0.027195880422984264, 0.4558806910403735, 0.6520861500360906, -0.24360912792240297, -0.31278324950538045, 0.21347148939264765, 0.6531745270989626, 0.034811786166537496]], "inverted": false, "swapped": false, "error_lsq": 0.03864700233679418, "error_max": 0.23014386723805177, "target": "405.xyz", "model": "24.xyz", "model_rescale": 4.28219845311461, "target_rescale": 4.238793703020842},
{"mapping": [14, 13, 9, 10, 5, 6, 0, 1, 11, 2, 4, 3, 15], "R": [[-0.9521958421320051, 0.24527492069692677, 0.18210791169973245], [-0.04914156776763986, -0.7113388263933036, 0.7011292180352604], [0.30150984153731986, 0.6586632579266234, 0.6893870669758946]], "T": [0.12195759451800808, -0.03407405186657047, 0.0074832734848056665], "aligned_model": [[-0.21173093165635137, 0.5556726489651456, 0.4026949488233071, -0.613261123413879, -0.319616394194552, -0.5644866426460176, -0.014689705006276754, -0.06465823525437145, -0.13113312332763194, 0.17553295418215212, 0.5755846838356544, 0.4432823640574186, 0.11529469426188363], [0.09525482539293073, 0.030076981287783168, -0.6433068193185537, -0.13415618326687573, -0.6040015290133475, 0.5450136468147514, 0.7159723486122974, 0.023696033351090474, -0.44045189326276274, 0.5538495393744167, 0.419136904460375, -0.17421594163070103, 0.03514315339536863], [-0.664878707817684, -0.3933812340837118, 0.09052336524371506, -0.27383829093008655, 0.4607776195776408, -0.06767576762995765, 0.2978487065122584, 0.6171672475065784, -0.2518990886972522, -0.33929555529093935, 0.35886748759825643, 0.6982480583961439, 0.03299218742121527]], "inverted": true, "swapped": false, "error_lsq": 0.03493050339818899, "error_max": 0.1741441935368654, "target": "405.xyz", "model": "25.xyz", "model_rescale": 4.100010024507729, "target_rescale": 4.238793703020842},
{"mapping": [4, 2, 1, 10, 3, 0, 8, 9, 11, 5, 7, 12], "R": [[-0.7193667570037667, -0.6267024716394008, 0.29959219108473084], [0.6741177369640395, -0.5258149759503334, 0.5187329638425078], [-0.16756116981080604, 0.5751196598164738, 0.8007250659647278]], "T": [-0.0205782492320929, 0.0992653946821142, -0.03584590193885794], "aligned_model": [[-0.7195681392507183, -0.1629091354908393, 0.47553350274359624, 0.6546548969127487, -0.45569048587179617, 0.17556236365848155, -0.31146164910414115, 0.60312855650388, 0.08242139037869614, -0.18038759102768737, -0.26279890915132936, -0.02171919793788444], [-0.10837121338697642, -0.6259970419617602, -0.013528411492330639, -0.23486915460708846, 0.6557253259615798, 0.6022791539609644, 0.06524840415892089, 0.3248826633978813, -0.6631682581132536, 0.7005488679394967, -0.15049345257834307, 0.11387450677154894], [-0.11408266723445298, 0.22033516557459543, 0.4378995420508005, -0.36371982040826933, 0.1555911761314462, 0.43103408002498056, 0.5366585846575372, -0.10130917705524767, -0.4465898036604078, -0.4720458712658272, -0.6159631708488947, -0.10261574811190363]], "inverted": true, "swapped": true, "error_lsq": 0.05923337840007072, "error_max": 0.3499270723052309, "target": "405.xyz", "model": "26.xyz", "model_rescale": 3.6694154284099745, "target_rescale": 4.238793703020842},
{"mapping": [8, 9, 3, 5, 1, 0, 2, 6, 7, 10, 11, 12, 13], "R": [[0.6202624957145308, 0.058102501597079914, 0.7822394363097163], [-0.7678935913222302, -0.1584955202962332, 0.6206598121775518], [0.16004333418243016, -0.9856486541127053, -0.05369228836232737]], "T": [-0.004618614543119688, 0.08658459644868075, -0.05712707566490223], "aligned_model": [[-0.02574773832982935, 0.6080510305630731, 0.34044585188436544, -0.7140878773905506, -0.6192984117591767, -0.5846232412284963, -0.02342912972630893, -0.05316446751879777, -0.05056918939563105, 0.2646541665624436, 0.654683363052556, 0.5597510106686736, -0.008179228755839724], [0.14878693059144463, -0.08518684588027392, -0.6132792691821805, -0.18926872566496192, -0.35840261775714943, 0.329632303687673, 0.5690353886381406, -0.11589298154287714, -0.49935511222740536, 0.5525367326289194, 0.5410449776166733, 0.014698667615016286, 0.1276616176737539], [-0.6927697600287255, -0.3020638287993285, 0.1525209720886727, -0.2728509952351252, 0.39431702916260647, 0.14647986960604742, 0.42143017674862904, 0.596965090909448, -0.28227530947043455, -0.32596065994592965, 0.25103219083906914, 0.4960927294139383, -0.017461477482691286]], "inverted": false, "swapped": false, "error_lsq": 0.043605684744262393, "error_max": 0.2830390002648707, "target": "405.xyz", "model": "27.xyz", "model_rescale": 4.103607728864725, "target_rescale": 4.238793703020842},
{"mapping": [3, 12, 11, 9, 6, 0, 1, 7, 10, 2, 4, 8, 14], "R": [[0.935216305192899, -0.3416995136173244, 0.09280034964927039], [0.2068077588756283, 0.3144035189873353, -0.9264885202295929], [0.28740392024150074, 0.8856590030265965, 0.3647014079870721]], "T": [0.027479167845302795, -0.12718337829147172, 0.0012227941904444928], "aligned_model": [[-0.11674293689536566, 0.5533732985605312, 0.2643081411734642, -0.7623743985906198, -0.3436405373992494, -0.39790450821037376, -0.1251090418706016, -0.08137139178976227, -0.12233571581690955, 0.31112170622961866, 0.7037952770846987, 0.4627925628823181, 0.0025736832687328036], [0.2717129279588284, 0.07463546455233919, -0.6635558664913537, -0.28235709691607647, -0.5557837559020746, 0.43627001609410676, 0.6694661489043038, -0.04498674558240587, -0.47263593087925393, 0.5082339956201151, 0.4316109123232297, 0.024326959233842094, 0.025074037281172218], [-0.6181418592495524, -0.6468498368295635, 0.3593817320293379, -0.14769458790330942, 0.2837810068531009, -0.10489384674007096, 0.3819158479086754, 0.7093728593615265, -0.34227874998310914, -0.23775916659799254, 0.22915863668612524, 0.6793281271077819, 0.020135865163226685]], "inverted": false, "swapped": false, "error_lsq": 0.044400777239221575, "error_max": 0.2744166973957509, "target": "405.xyz", "model": "28.xyz", "model_rescale": 4.137296879288765, "target_rescale": 4.238793703020842},
