[{"mapping": [0, 6, 3, 12, 2, 4, 5, 1, 7, 8, 11, 13], "R": [[0.035428752203329666, -0.90765552166349, 0.4182179545537149], [0.40326540940303046, 0.39588198595832114, 0.8250178560326449], [-0.9143969669111558, 0.13942348147809897, 0.3800516803228279]], "T": [-0.057636190361026296, -0.0778424109429917, -0.0025387007644591605], "aligned_model": [[-0.1942379220960804, 0.2655971580477857, 0.461112579111816, -0.22411592165520378, -0.14872789085374755, -0.6766523191657628, 0.4812255712520844, -0.4998533571964217, 0.671685256659214, 0.2144782162444494, -0.4954770983837516, -0.017391809503832706], [-0.5396779247252167, -0.6547197826285784, -0.08817435719274172, 0.7488188564309242, 0.2685237891362517, -0.5619448237244252, -0.27917857577279076, -0.42456987784279254, 0.038065121228592805, 0.41621879357043273, 0.1696730466133382, -0.039479229115936904], [-0.4245008998843487, -0.03267148567891385, -0.6139107541607168, 0.03596489982470145, -0.6291331207505381, -0.07355851051092718, 0.4504544257424882, 0.6032330844035931, -0.023240582894705673, 0.4286014683228131, 0.408707707772448, 0.05200551316766867]], "inverted": false, "swapped": true, "error_lsq": 0.045561071385549164, "error_max": 0.26841353178331046, "target": "407.xyz", "model": "0.xyz", "model_rescale": 3.751011558992144, "target_rescale": 4.2421381622339105},
{"mapping": [8, 10, 0, 2, 4, 9, 5, 13, 12, 3, 1, 6, 7, 14], "R": [[0.12229737003472718, -0.07398032734797555, 0.9897324206309885], [-0.5751805778412933, 0.8074001366901065, 0.13142420685305228], [-0.8088328975485266, -0.585347700463822, 0.056190865849982584]], "T": [-0.010170332067909592, 0.024445167248818404, 0.027277724484751492], "aligned_model": [[0.19955874693833034, -0.7632239905386056, 0.7256213289806124, 0.5529363858519272, -0.20262153691603016, -0.5124837397350899, -0.14128853981910947, 0.023882596574598076, -0.08352092540176687, 0.4925222566179765, 0.34806605763142084, -0.2346374470494817, 0.20957860837262796, -0.03871842858022257], [-0.10327484295760242, 0.09443100813342063, 0.1731146426247833, -0.5632167287097577, 0.4031119827286422, -0.374144500983672, -0.5308732623314812, -0.6380414705744102, -0.043407502145049306, -0.23945591959214074, 0.5982560892591963, 0.7195634994444348, 0.4621848911211194, 0.010965799391758924], [-0.589260647842502, -0.2896858659612753, 0.13687944492005188, -0.11867576899871932, -0.6399163601088427, 0.17892579796540106, -0.2267212998444836, 0.3230040355514564, 0.7634779756331118, 0.5382202527178379, -0.1403327295824873, 0.2009174774435003, 0.47423562084268267, 0.0720786761606392]], "inverted": true, "swapped": false, "error_lsq": 0.03562337143907292, "error_max": 0.264345532203761, "target": "407.xyz", "model": "1.xyz", "model_rescale": 3.9405287249114394, "target_rescale": 4.2421381622339105},
{"mapping": [4, 1, 11, 7, 5, 10, 0, 6, 8, 12, 9, 2, 13], "R": [[-0.4415774829446446, -0.896392862333588, -0.03858967366627336], [-0.30061189847471415, 0.18833649205750852, -0.9349662305425261], [0.8453648993492102, -0.40125951965887285, -0.35263151423466155]], "T": [-8.622935729009351e-05, 0.0016113486203973779, 0.044063933011372514], "aligned_model": [[-0.22940245185836922, 0.010001543389269434, -0.37357156400443087, 0.49919115379433154, 0.6545735725082745, -0.6591847420997855, 0.042493588066340765, 0.5704754747422421, 0.04750607653845271, -0.5869537739926215, -0.07083593847387866, -0.4324281123839144, 0.02411845305802037], [0.7559290673082558, 0.5056334179619533, 0.027561215370757945, -0.5097027476652639, -0.16680099449585767, 0.17355176142879344, 0.4804970081148618, 0.290060036240398, -0.5817299014882902, -0.5813814548482562, -0.6834069730191114, -0.19560618319142908, -0.05577165814479502], [0.012460507105110402, -0.6106080498243334, -0.48690450317023365, 0.2312880944713322, -0.23730566123635122, 0.054582296987476235, 0.46698195895531686, 0.21562144709478684, -0.35777251111641845, -0.12408110950792717, 0.3642965573440012, 0.5872706624806645, -0.0027093399947801175]], "inverted": false, "swapped": true, "error_lsq": 0.05014145495201297, "error_max": 0.25589585916609775, "target": "407.xyz", "model": "2.xyz", "model_rescale": 3.932901565614263, "target_rescale": 4.2421381622339105},
{"mapping": [10, 3, 6, 12, 1, 8, 11, 9, 7, 5, 2, 0, 4, 13], "R": [[-0.40374482753442387, 0.9058878982818045, -0.12789538688230204], [0.1213132894121442, 0.19157293890813648, 0.9739522035963084], [0.9067928098806275, 0.37771275438443275, -0.18724282395894776]], "T": [-0.05942166336063718, -0.001969345424494795, 0.03706873525973795], "aligned_model": [[0.3082870822335473, -0.5625177350913037, 0.6034723364733362, 0.5440391063942235, -0.06736507421220717, -0.5743937748084162, -0.39668756296906416, 0.06566322716957348, -0.2034396268629935, 0.5036465421854218, 0.344363595006772, -0.28776840148001687, 0.253682305724559, 0.0446893531637556], [-0.25822747774735716, 0.07806654863310793, 0.11760682714600743, -0.4668788336806665, 0.4371083093476137, -0.5086757380611291, -0.5631804583050776, -0.5934498111197704, -0.042496703168680636, -0.14540843709887444, 0.7197989622232468, 0.6266636051772618, 0.620693394580807, -0.05240650251724743], [-0.5217402556603994, 0.002803937685678208, -0.07679673193407086, -0.016073312647646436, -0.5595185058173922, 0.16683422228958758, -0.5703870228890221, 0.45455833782582633, 0.7351796912044581, 0.46036426859010154, -0.06396506294056464, 0.07742601156743534, 0.5638356868521494, 0.030625344770229962]], "inverted": true, "swapped": false, "error_lsq": 0.0476854761400296, "error_max": 0.3925334944123813, "target": "407.xyz", "model": "3.xyz", "model_rescale": 3.9243930471874484, "target_rescale": 4.2421381622339105},
{"mapping": [7, 6, 3, 9, 2, 5, 8, 0, 10, 1, 12, 11, 13], "R": [[0.9983292394319558, 0.048285685783401595, -0.03173676485780056], [-0.055225267021399745, 0.6357817476950809, -0.769890731974482], [-0.016997046144192625, 0.7703571002114636, 0.6373860985118495]], "T": [-0.02978066702198686, 0.03616961777045376, -0.13626822574293052], "aligned_model": [[0.01922372377868114, -0.23730533882394997, 0.5162213564771754, 0.45104932133382314, 0.6845329699704492, -0.5370610973174301, -0.23615316526611865, 0.17796595195910997, 0.2523521668893609, -0.7135290254452783, 0.2654471087452068, -0.299974026508524, -0.06556405948115326], [-0.6648085001992217, -0.016374892575989328, -0.33321611696171816, -0.5235314339190626, 0.07386183444463958, -0.4371731152755485, -0.47563484719483945, 0.4113918882137766, 0.5230323457394158, 0.4823357330172467, -0.1551566262089203, 0.2671302994488743, -0.024027014847065493], [-0.36430582095803055, -0.7626450047179206, -0.5927972959323828, 0.04357006563088894, -0.04023107448100974, -0.37020036156763336, 0.3103760970668119, -0.6117193404275861, 0.24772492417070663, -0.009148618241156814, 0.6310659308972262, 0.4075560868893817, -0.10217527295833097]], "inverted": false, "swapped": true, "error_lsq": 0.05590108137561563, "error_max": 0.369869576296689, "target": "407.xyz", "model": "4.xyz", "model_rescale": 3.8936222436046832, "target_rescale": 4.2421381622339105},
{"mapping": [3, 7, 2, 0, 12, 8, 5, 11, 4, 6, 10, 13], "R": [[0.1661961363735986, -0.08277836422713586, 0.9826121242231688], [-0.0868835265211442, -0.9938241458406394, -0.06902767534383338], [0.9822576531001111, -0.0739006736099453, -0.17236180947721125]], "T": [-0.03676219621348464, -0.02013729163338414, 0.02737796750986147], "aligned_model": [[-0.154893386612755, -0.4891522583286413, -0.15305802729800777, 0.5092408433514957, -0.6614079172533143, -0.6785881815625748, -0.22684970718769631, -0.11682402015790036, 0.6917129469338732, 0.29796017210320824, 0.10983330656163187, -0.10042572833422209], [-0.5286985095339928, -0.6002249089374742, 0.17377596758193387, -0.16148006479561794, 0.5292841625157896, 0.019721915460709505, -0.5480727070984909, 0.5160793135819131, 0.2774144670562602, -0.583985200799321, 0.6069847703478243, -0.03187630026972695], [-0.5812215166495927, -0.040552033016027035, -0.6580129699751143, -0.2757838269996258, -0.11587240098390103, 0.3282021979644701, 0.4977628708911355, 0.3853640393619158, 0.0854024784924502, 0.11799670558764272, -0.19468659287601583, 0.07068576747818062]], "inverted": true, "swapped": true, "error_lsq": 0.04917408758450231, "error_max": 0.284263108376118, "target": "407.xyz", "model": "5.xyz", "model_rescale": 3.6523030999806103, "target_rescale": 4.2421381622339105},
{"mapping": [3, 9, 12, 2, 10, 7, 8, 0, 5, 1, 11, 4, 13], "R": [[0.6160059162595973, 0.5517188262578596, -0.5622659938906354], [-0.2024861115939348, 0.8006860441294236, 0.5638273080899361], [0.7612726750282997, -0.23346990274770946, 0.6049427400723415]], "T": [0.05508724766313644, -0.09874145508910961, -0.05586596882177225], "aligned_model": [[0.1126061409180879, -0.03729514134851175, 0.14945424688084663, 0.5597993388262222, 0.6276820648476868, -0.45088422127513517, -0.43958714421794975, 0.44666267718643, -0.64741973379797, -0.05421544369267753, 0.08058830673502965, 0.5454129647210183, -0.011721151118783121], [-0.6768313984270056, -0.05800223142642244, 0.5829304295485384, -0.13097526855543154, 0.26820440110121135, -0.39141792496775607, 0.33214098305740813, -0.5698608906325532, -0.27668063461900044, 0.18824832978258563, 0.5029129383553864, -0.16580285217777677, -0.06403897687600063], [0.49684228780840173, 0.6968692873372018, 0.432995146751518, 0.4590267344833768, -0.09550061269513795, 0.39591523222732, 0.21554173188345377, -0.24219721374992723, -0.1604250977696089, -0.8229547509676458, -0.29969758661802154, -0.6704092035659377, -0.035896215643203666]], "inverted": false, "swapped": true, "error_lsq": 0.05524447571796613, "error_max": 0.3387571821708212, "target": "407.xyz", "model": "6.xyz", "model_rescale": 4.08911054899281, "target_rescale": 4.2421381622339105},
{"mapping": [11, 5, 9, 1, 10, 7, 13, 2, 6, 0, 8, 4, 3, 14], "R": [[-0.21352858627224952, -0.9376168433067619, 0.2743723710435105], [-0.9747473996402772, 0.1856830135198661, -0.12405371975357725], [0.06536856843386092, -0.29393277060859424, -0.9535882112438592]], "T": [-0.021615609960101485, -0.008701605767496703, -0.04355911190905983], "aligned_model": [[0.22301690435637866, -0.7286923994542369, 0.7379725706596766, 0.5389859688898794, -0.1693333889029579, -0.6362148489138797, -0.13780673484170264, -0.004682191940632581, -0.0954886310435707, 0.4893547296611792, 0.2239291879812453, -0.28757685503998465, 0.28389861732560107, 0.1383084441901923], [-0.080976769491585, 0.26597347142756705, 0.18236657019684907, -0.47909346334267516, 0.40459225239942426, -0.38358550963851273, -0.669217529871153, -0.6701147885593146, -0.05015298671940012, -0.15968643316485995, 0.6192262016066656, 0.5834073594214932, 0.4087315934801105, -0.0022562823353674995], [-0.5722010480104346, -0.11495410690086502, -0.07636240296626146, 0.005465667267157477, -0.6150856144333728, 0.24107890142245983, -0.33700903754521394, 0.4172937976777514, 0.4483428358677881, 0.7315338354378955, -0.14633748616748038, 0.23125187615480328, 0.5554918186116272, -0.08536242751948309]], "inverted": false, "swapped": false, "error_lsq": 0.03961729372210317, "error_max": 0.26014395878906027, "target": "407.xyz", "model": "7.xyz", "model_rescale": 3.964800864290218, "target_rescale": 4.2421381622339105},
{"mapping": [4, 0, 12, 11, 2, 3, 6, 10, 5, 9, 7, 1, 8, 13], "R": [[-0.5977560631326153, -0.3723688628730128, -0.7099500820134161], [-0.7604113827542349, 0.5438238247762042, 0.3550072908879095], [0.25389410778115606, 0.7520618841348362, -0.6082275104478347]], "T": [-0.011496519919737012, -0.00048080455946029107, 0.003546435270505806], "aligned_model": [[0.23903040902851394, -0.6598388751083577, 0.7095873354669928, 0.5285081190420093, -0.10481702652652417, -0.6349241855310154, -0.13916781634074057, 0.11000472833457284, -0.27686792767522084, 0.5611078542863497, 0.2601156808863337, -0.32442207105571585, 0.29013874979178894, 0.017216398328200655], [-0.19035438367962784, 0.10409389996340135, 0.18702628570663915, -0.6073320736849029, 0.3496810030298476, -0.3581885122181302, -0.47616039352481054, -0.5099731132163773, -0.044968003643975386, -0.1324258425617026, 0.6570535253183152, 0.6664671086727271, 0.3169164651125089, 0.00737772013532884], [-0.6259594636992319, -0.2825928562732664, -0.12116964985535095, -0.161559141722864, -0.5507880479673071, 0.10022030627223211, -0.3029413979145559, 0.6366254564829615, 0.7951711115103689, 0.3621150679968736, -0.023445829680406094, 0.14629786837668926, 0.6354742149084285, 0.07569897046179916]], "inverted": true, "swapped": false, "error_lsq": 0.045084988693832005, "error_max": 0.2677441765067208, "target": "407.xyz", "model": "8.xyz", "model_rescale": 4.121658175737393, "target_rescale": 4.2421381622339105},
{"mapping": [10, 11, 1, 4, 12, 2, 8, 3, 5, 9, 0, 6, 13], "R": [[-0.7261864285412765, -0.6870648232749265, -0.02439671331675297], [0.027874853860479165, 0.0060321071887732836, -0.9995932203677256], [0.6869325028885463, -0.7265710855112921, 0.0147713971654711]], "T": [0.018425807347863976, 0.004892206070686602, -0.037572323997004484], "aligned_model": [[-0.5837310217334604, -0.15380749193544416, 0.29996648081223565, -0.1018736159862279, -0.5414624982338001, -0.5879612801610357, 0.1303219900586596, -0.012399430480999899, 0.7060875866400671, -0.22997344067320497, -0.027552287788169885, 0.5289990024574376, 0.05012350345914029], [0.15452241813339354, -0.17722033902749532, 0.2278972437276763, 0.6878119390430132, -0.6108069935870396, 0.015945704110464205, -0.6852112017297803, 0.041409632342668964, -0.24275756085577327, -0.5121808879180413, 0.6078870682577245, 0.34838304387174, -0.06529262695684088], [-0.31882477974738355, -0.6369577446887641, -0.781708747656805, -0.414040933870555, -0.1790165178689634, 0.35365693091274714, -0.1611081500760912, 0.7628644973125331, 0.0060383662250933084, 0.4601603201648443, 0.17287335387093788, 0.20636279236690797, -0.049223952985412545]], "inverted": false, "swapped": true, "error_lsq": 0.052776772927177744, "error_max": 0.2905183540048254, "target": "407.xyz", "model": "9.xyz", "model_rescale": 3.833441315466971, "target_rescale": 4.2421381622339105},
{"mapping": [2, 7, 13, 5, 9, 6, 4, 1, 12, 0, 8, 11, 10, 14], "R": [[0.22894728674045153, 0.720933755881922, -0.6540930052554996], [-0.5978846549179551, -0.42611972986016766, -0.6789373426447656], [-0.7681907831442809, 0.5465130331967238, 0.33347627387610856]], "T": [-0.029226904284812456, -0.026578734678895093, 0.0701136227772845], "aligned_model": [[0.35768224644258473, -0.5523588066073084, 0.7511738921200521, 0.39695364851800125, -0.011756939136942653, -0.4588278284793944, -0.29019171469322724, 0.12915817736702123, -0.2785427681554706, 0.513949917967193, 0.15002662269675188, -0.39662452046977864, 0.3092126970190882, -0.044183251661383344], [-0.0022439362653558434, 0.27809100695735434, -0.05431315668759972, -0.5099728066703415, 0.4311543015119242, -0.5229359130455764, -0.68198900291337, -0.5568388329069158, -0.056964651119475844, -0.15276749640337384, 0.7124569420767316, 0.5108195291641764, 0.5742301608548935, 0.00048754085617070536], [-0.5351626625645514, -0.20813687243442885, -0.09079610415415701, -0.13515573451509658, -0.5992781865765356, 0.24418879464261128, -0.3017026330690041, 0.559344986296813, 0.61777990201608, 0.4610845908635638, -0.10092381149884905, 0.27397430727438793, 0.5175970870936724, -0.019667054478134813]], "inverted": true, "swapped": false, "error_lsq": 0.0430991241858582, "error_max": 0.21606628598274719, "target": "407.xyz", "model": "10.xyz", "model_rescale": 4.2482417240324, "target_rescale": 4.2421381622339105},
{"mapping": [11, 1, 5, 6, 12, 9, 8, 3, 0, 2, 10, 13], "R": [[0.09685248158577946, -0.9603731140071599, -0.2613485770056294], [0.8164031586135909, -0.07353890828734526, 0.5727808582465528], [-0.5693026255133805, -0.2688410512925743, 0.7769292179622771]], "T": [0.024080517288987927, -0.03295636971873787, -0.06410487544842657], "aligned_model": [[-0.5813649349114934, -0.31646456201799716, 0.4030787914355286, 0.6024939746005268, -0.5760499919310565, 0.12108286061097813, -0.1813348772958882, 0.6238314146045336, 0.31237890752383896, -0.03689071064489193, -0.5099852418430106, 0.015989972231938696], [-0.21017770998387733, -0.7756631010964412, -0.2520866762390109, -0.35409338746759567, 0.5292151695992953, 0.6996827521505489, 0.20758689803115773, 0.46253555919917133, -0.2081210651266928, 0.5419208886039318, 0.04455957426572071, -0.019227511885568004], [0.09120311522292028, 0.058985232921062294, 0.5227965123655495, -0.08610879431362888, 0.12661327117229582, 0.11092374651237545, 0.571479911575185, -0.2584484685078832, -0.6083525580895498, -0.49617715741213475, -0.4798572469242669, 0.012134725332432136]], "inverted": false, "swapped": true, "error_lsq": 0.04562954859004148, "error_max": 0.2469482145371467, "target": "407.xyz", "model": "11.xyz", "model_rescale": 3.6694154284099745, "target_rescale": 4.2421381622339105},
{"mapping": [12, 7, 1, 2, 5, 9, 10, 8, 11, 3, 0, 6, 4, 13], "R": [[-0.08813648823713693, -0.4383209674824577, 0.8944868299234302], [-0.11225977424541794, 0.8966313704605415, 0.4283105515772627], [-0.9897624475234413, -0.06266510170177278, -0.12823175309225734]], "T": [-0.00859207168313006, 0.028778537113456223, 0.006534182542421413], "aligned_model": [[0.22790949317686884, -0.674255362390609, 0.8372454748563396, 0.42621665355016525, -0.30319061054041374, -0.578948826637767, -0.1790134663735782, 0.056395855109713344, -0.36083257373909683, 0.609596892699114, 0.34932749987773914, -0.2788990400298733, 0.36184612640127845, 0.08227325696730695], [-0.05873811738650947, -0.042093652921915484, 0.026802505815134034, -0.45676045301162105, 0.5422425837769561, -0.48134957084357344, -0.48380019826615206, -0.5471507061207392, 0.054864122569265275, -0.195017562313747, 0.6348204268162537, 0.5067867189192962, 0.3582713881826888, 0.11033620019390546], [-0.62447797682568, -0.3160101315504249, -0.025535028017875286, -0.03228378908972085, -0.5358099574312475, 0.24973934786562355, -0.32775368079821243, 0.4930317955580914, 0.6548202458276523, 0.5624178131707204, -0.11733943306883163, 0.1418011572389002, 0.5559781307705709, 0.004568115246804599]], "inverted": true, "swapped": false, "error_lsq": 0.04806467712317227, "error_max": 0.3993984182819086, "target": "407.xyz", "model": "12.xyz", "model_rescale": 3.9764082729961374, "target_rescale": 4.2421381622339105},
{"mapping": [7, 5, 8, 3, 0, 6, 4, 14, 13, 11, 1, 12, 10, 15], "R": [[-0.9625105363311084, -0.016607425278051875, 0.27073540750562386], [-0.06050297901915236, -0.9598314330565385, -0.2739762939497496], [0.26441039499499697, -0.2800853683116373, 0.9228430687155451]], "T": [-0.019655669102863045, 0.0765532877167232, 0.013097472290632385], "aligned_model": [[0.27592353136133013, -0.8028619678706751, 0.6852211658000351, 0.581421057450071, -0.12209597363417832, -0.5225040926517562, -0.3158497261843871, 0.06624817128482502, -0.21503289119992847, 0.4970140759856206, 0.23059348980631222, -0.2280141318759658, 0.4510657292601616, -0.005457064604277176], [-0.18586484695282807, 0.1404586233185835, 0.11919614593544361, -0.5114074186269136, 0.24258533210865668, -0.455900146203306, -0.3483036103222462, -0.5715244683121263, -0.014462522826320587, -0.13960295728522, 0.6602422280399886, 0.5505957198752428, 0.5062323823901312, -0.02303077572984441], [-0.6309548219933735, -0.2790119378398128, 0.04445143390251347, -0.025013207392527013, -0.6862216807037838, 0.23057300962849842, -0.48452629976765615, 0.4729059018809639, 0.5858316248463584, 0.5760126977076323, 0.015368522829369964, 0.38603722406339913, 0.5029384053312107, -0.025244263596422033]], "inverted": false, "swapped": false, "error_lsq": 0.03936658660116026, "error_max": 0.2530001855895887, "target": "407.xyz", "model": "13.xyz", "model_rescale": 4.170626492500431, "target_rescale": 4.2421381622339105},
{"mapping": [6, 12, 3, 2, 5, 8, 4, 0, 7, 1, 11, 10, 9, 13], "R": [[0.7800874131572109, 0.5426359092424278, 0.31146411965800297], [0.36162555096967164, 0.015198342915449997, -0.9321995340368424], [-0.5105786802438704, 0.8398305069317668, -0.184374973646532]], "T": [0.06851640476009593, -0.072706688275592, 0.06265479563260719], "aligned_model": [[0.4093576366289954, -0.5574229804431652, 0.7370110461320789, 0.38545004415176753, -0.16456486119091387, -0.6217410815902128, -0.3350236787925748, 0.18937141746608627, -0.2427656893665793, 0.4777057662857017, 0.2340977438332146, -0.27883385123689497, 0.261476886430488, 0.08155297461919549], [0.07845865388056301, 0.17889957934293121, 0.0754044602363443, -0.6014711933092299, 0.34845525972662517, -0.2774333987399614, -0.5185119665146113, -0.5278016314221734, -0.19536772181223455, -0.03557037753560127, 0.569021081886059, 0.29051771430178736, 0.5871467278361332, -0.002533502467390425], [-0.6913117560253499, -0.22124711230852045, -0.018902586456953127, -0.16733071189955484, -0.7090417544269867, 0.24483017641913163, -0.313478406110545, 0.42890752962121137, 0.801226072908296, 0.712269628232846, -0.1831661560481916, 0.3190609929172281, 0.49121769676042915, -0.009887004686669698]], "inverted": true, "swapped": false, "error_lsq": 0.0545645528511028, "error_max": 0.30517534784579925, "target": "407.xyz", "model": "14.xyz", "model_rescale": 3.9786697098870705, "target_rescale": 4.2421381622339105},
{"mapping": [2, 3, 10, 12, 0, 1, 7, 5, 11, 8, 6, 13], "R": [[-0.3417438599134827, 0.9276978972645863, 0.15029220080329986], [-0.5597704943057041, -0.07247630045616979, -0.8254720949716804], [-0.7548961040541817, -0.3662291595204462, 0.5440662411883004]], "T": [0.05127750337674389, 0.06795077873622793, -0.058508632838380634], "aligned_model": [[-0.06686387676154462, -0.6678960135105729, 0.5197650061836456, 0.49439592867339854, -0.21440120877871457, 0.5808998420300278, -0.4951849680539021, -0.22025313973022495, 0.6904070278662409, 0.22569654967910394, -0.4234173215376017, 0.06020677070748044], [-0.34661421953557436, -0.19258655907866182, -0.0011037678745706991, -0.6482925883090285, 0.46152013971193295, 0.63854492893963, -0.26263644811792164, 0.1801981941172207, 0.044770576540715035, -0.394594301024089, 0.5051933399378595, 0.030275194916926595], [-0.6373577376321964, -0.2991173833631917, -0.548239089664332, -0.11515119186114374, -0.4880690504727257, 0.21836301396831065, 0.3127914476630007, 0.6121497374619528, 0.05580803328687653, 0.4510545280794834, 0.08866150708993505, 0.00907267931786035]], "inverted": false, "swapped": true, "error_lsq": 0.05462534588474994, "error_max": 0.3094999431277703, "target": "407.xyz", "model": "15.xyz", "model_rescale": 3.769337070930944, "target_rescale": 4.2421381622339105},
{"mapping": [10, 1, 2, 0, 12, 8, 9, 5, 3, 6, 13], "R": [[-0.13234738986928185, 0.2532557844236033, -0.9583035406648428], [-0.9811839330521213, 0.10364503998017971, 0.1628981129659804], [0.14057829816567957, 0.9618311771529828, 0.2347733561146771]], "T": [-0.09522252430741747, -0.019838255454967306, -0.02275926344378962], "aligned_model": [[-0.3523621617471739, -0.5081250738920579, -0.025748414772106168, -0.6132075738799968, 0.4218228139666796, 0.5347339090381896, 0.5293131250636532, 0.19156391037741594, 0.09958373663318103, -0.3251646956019336, -0.029783444494680594], [0.1822330211049634, -0.7128027436438521, 0.6609418233013327, 0.2809504299285095, 0.11464383889358751, -0.3142375161523364, 0.412220742970822, -0.47248148336393664, 0.6045813338784463, -0.09793786282662115, -0.06204708646557274], [-0.6203639798605993, -0.20177635008075237, -0.25210538197759486, 0.20356313393254846, -0.6763230045088912, -0.16596728303568206, -0.031967985006132016, 0.4762183624760575, 0.4410656170573396, 0.5930348039211866, -0.021160325693703692]], "inverted": true, "swapped": true, "error_lsq": 0.05027576404668856, "error_max": 0.2697889825563948, "target": "407.xyz", "model": "16.xyz", "model_rescale": 3.7852294659196426, "target_rescale": 4.2421381622339105},
{"mapping": [6, 9, 2, 3, 5, 8, 11, 12, 0, 4, 1, 10, 13], "R": [[0.47753290157174444, 0.337074888122774, -0.8113832927251399], [-0.7170364486194571, 0.6832016790812476, -0.13818175368607957], [0.507760828803943, 0.6477777284667815, 0.5679462608687107]], "T": [-0.02616123561018751, 0.06619160164355913, -0.053539555100278365], "aligned_model": [[-0.010141457278245662, -0.27931152207470705, 0.3495176485940983, 0.07817695762404953, -0.6118267809543952, -0.6677516911911926, -0.1230929049315351, -0.2322961010022062, 0.5128053740693792, 0.5786168039159496, -0.052068935823886046, 0.4138347041452773, -0.102696244876303], [-0.10563823760435019, -0.5038540562742828, -0.3533126830418533, -0.7242549777634592, 0.030290381521574254, 0.1103602133234286, 0.6284965024891652, 0.10047775833696135, -0.0711500541729594, 0.5161853961146675, 0.8462805166595336, 0.3302844581008129, 0.07089040601363555], [-0.6925960136854153, 0.37978184566455836, 0.39786862017713476, -0.1389243848606731, -0.49150986625175425, 0.24718522029699208, 0.2571204213523998, 0.764323364890211, -0.37080353921711956, -0.2866254512888899, -0.3246953966217212, 0.3945045579106823, -0.0398746812232311]], "inverted": false, "swapped": true, "error_lsq": 0.043997408359500945, "error_max": 0.2453402771378412, "target": "407.xyz", "model": "17.xyz", "model_rescale": 3.901054581598922, "target_rescale": 4.2421381622339105},
{"mapping": [8, 10, 0, 2, 4, 9, 5, 13, 12, 3, 1, 6, 7, 14], "R": [[0.12229737003472718, -0.07398032734797555, 0.9897324206309885], [-0.5751805778412933, 0.8074001366901065, 0.13142420685305228], [-0.8088328975485266, -0.585347700463822, 0.056190865849982584]], "T": [-0.010170332067909592, 0.024445167248818404, 0.027277724484751492], "aligned_model": [[0.19955874693833034, -0.7632239905386056, 0.7256213289806124, 0.5529363858519272, -0.20262153691603016, -0.5124837397350899, -0.14128853981910947, 0.023882596574598076, -0.08352092540176687, 0.4925222566179765, 0.34806605763142084, -0.2346374470494817, 0.20957860837262796, -0.03871842858022257], [-0.10327484295760242, 0.09443100813342063, 0.1731146426247833, -0.5632167287097577, 0.4031119827286422, -0.374144500983672, -0.5308732623314812, -0.6380414705744102, -0.043407502145049306, -0.23945591959214074, 0.5982560892591963, 0.7195634994444348, 0.4621848911211194, 0.010965799391758924], [-0.589260647842502, -0.2896858659612753, 0.13687944492005188, -0.11867576899871932, -0.6399163601088427, 0.17892579796540106, -0.2267212998444836, 0.3230040355514564, 0.7634779756331118, 0.5382202527178379, -0.1403327295824873, 0.2009174774435003, 0.47423562084268267, 0.0720786761606392]], "inverted": true, "swapped": false, "error_lsq": 0.03562337143907292, "error_max": 0.264345532203761, "target": "407.xyz", "model": "18.xyz", "model_rescale": 3.9405287249114394, "target_rescale": 4.2421381622339105},
{"mapping": [5, 7, 10, 2, 9, 0, 6, 1, 12, 3, 11, 13, 14, 15], "R": [[0.9243114549443403, -0.3385543755015854, 0.17615126762929711], [0.11011135010253073, 0.6785136989490389, 0.7262882698468225], [-0.36540911980583446, -0.6519203135101901, 0.664436663644851]], "T": [-0.10701677141539648, 0.01019722195880501, 0.11588366004650213], "aligned_model": [[0.12515291860705982, -0.6762110356502471, 0.6739970409377134, 0.5557763423717775, -0.23108531773784644, -0.5093791645272291, -0.02551455711351444, 0.05109760182721265, -0.20036772554027726, 0.4306012630369003, 0.30623497447152526, -0.18354798784285786, 0.3299498302188685, -0.07103281013189769], [-0.15579226371246013, 0.2555880009239627, 0.09909170170125615, -0.4175969695432137, 0.42760965384769734, -0.5472478652436997, -0.6332831176871663, -0.583016560698294, 0.044689392104525605, -0.20947818207924668, 0.5055182454905727, 0.674599142095809, 0.5091976461067153, -0.0006651378972167433], [-0.6650179780874776, -0.21792287689123185, 0.12026924227766556, -0.24883911281870125, -0.5160844597780425, 0.12169204356191238, -0.2550258938142946, 0.35799247239993853, 0.6546182438370787, 0.7388910121430348, -0.2051977627556732, 0.17946751650678744, 0.5156307398764777, 0.10267342243889693]], "inverted": false, "swapped": false, "error_lsq": 0.04109562087911729, "error_max": 0.2668693823733349, "target": "407.xyz", "model": "19.xyz", "model_rescale": 4.410303926677745, "target_rescale": 4.2421381622339105},
{"mapping": [4, 0, 12, 11, 2, 3, 6, 10, 5, 9, 7, 1, 8, 13], "R": [[-0.5977560631326153, -0.3723688628730128, -0.7099500820134161], [-0.7604113827542349, 0.5438238247762042, 0.3550072908879095], [0.25389410778115606, 0.7520618841348362, -0.6082275104478347]], "T": [-0.011496519919737012, -0.00048080455946029107, 0.003546435270505806], "aligned_model": [[0.23903040902851394, -0.6598388751083577, 0.7095873354669928, 0.5285081190420093, -0.10481702652652417, -0.6349241855310154, -0.13916781634074057, 0.11000472833457284, -0.27686792767522084, 0.5611078542863497, 0.2601156808863337, -0.32442207105571585, 0.29013874979178894, 0.017216398328200655], [-0.19035438367962784, 0.10409389996340135, 0.18702628570663915, -0.6073320736849029, 0.3496810030298476, -0.3581885122181302, -0.47616039352481054, -0.5099731132163773, -0.044968003643975386, -0.1324258425617026, 0.6570535253183152, 0.6664671086727271, 0.3169164651125089, 0.00737772013532884], [-0.6259594636992319, -0.2825928562732664, -0.12116964985535095, -0.161559141722864, -0.5507880479673071, 0.10022030627223211, -0.3029413979145559, 0.6366254564829615, 0.7951711115103689, 0.3621150679968736, -0.023445829680406094, 0.14629786837668926, 0.6354742149084285, 0.07569897046179916]], "inverted": true, "swapped": false, "error_lsq": 0.045084988693832005, "error_max": 0.2677441765067208, "target": "407.xyz", "model": "20.xyz", "model_rescale": 4.121658175737393, "target_rescale": 4.2421381622339105},
{"mapping": [3, 9, 12, 2, 10, 7, 8, 0, 5, 1, 11, 4, 13], "R": [[0.6160059162595973, 0.5517188262578596, -0.5622659938906354], [-0.2024861115939348, 0.8006860441294236, 0.5638273080899361], [0.7612726750282997, -0.23346990274770946, 0.6049427400723415]], "T": [0.05508724766313644, -0.09874145508910961, -0.05586596882177225], "aligned_model": [[0.1126061409180879, -0.03729514134851175, 0.14945424688084663, 0.5597993388262222, 0.6276820648476868, -0.45088422127513517, -0.43958714421794975, 0.44666267718643, -0.64741973379797, -0.05421544369267753, 0.08058830673502965, 0.5454129647210183, -0.011721151118783121], [-0.6768313984270056, -0.05800223142642244, 0.5829304295485384, -0.13097526855543154, 0.26820440110121135, -0.39141792496775607, 0.33214098305740813, -0.5698608906325532, -0.27668063461900044, 0.18824832978258563, 0.5029129383553864, -0.16580285217777677, -0.06403897687600063], [0.49684228780840173, 0.6968692873372018, 0.432995146751518, 0.4590267344833768, -0.09550061269513795, 0.39591523222732, 0.21554173188345377, -0.24219721374992723, -0.1604250977696089, -0.8229547509676458, -0.29969758661802154, -0.6704092035659377, -0.035896215643203666]], "inverted": false, "swapped": true, "error_lsq": 0.05524447571796613, "error_max": 0.3387571821708212, "target": "407.xyz", "model": "21.xyz", "model_rescale": 4.08911054899281, "target_rescale": 4.2421381622339105},
{"mapping": [14, 11, 13, 12, 15, 5, 9, 10, 6, 7, 2, 1, 0, 16], "R": [[0.8166357311423537, -0.5587732102615894, -0.14449422865827904], [-0.5283689656793318, -0.8245379940847078, 0.20239400291935344], [-0.23223332820365516, -0.0889359084100661, -0.968585610809251]], "T": [0.04556866534456283, 0.05946701853505318, 0.0346414778494363], "aligned_model": [[0.2856664475948927, -0.6818414479128996, 0.6996438479234866, 0.5030546919647167, -0.21626988888172416, -0.4624813264261919, -0.11177389525815692, 0.006817552073583297, -0.10076941124572955, 0.4414661633652699, 0.1702150807203975, -0.34874887458565773, 0.307267758679657, 0.0834246749155433], [-0.11714515439557635, 0.1807856221105747, -0.01364477211836454, -0.49675417569209734, 0.33014614639756157, -0.42594576168478493, -0.5539189963358084, -0.6743551384942024, -0.00684049981070653, -0.2451119663155457, 0.6931227708274539, 0.7412065509185504, 0.48182283315019214, 0.07584622685199506], [-0.5336751427752452, -0.17041791309791496, 0.09439336175309676, -0.1275128454784086, -0.5896023840782987, 0.09779757501472082, -0.29177624064381746, 0.3680163453606613, 0.7624825380418723, 0.5408953677680783, -0.2881548791528682, 0.13334947628395433, 0.6289549882020501, 0.05839636169849023]], "inverted": false, "swapped": false, "error_lsq": 0.037262558938008214, "error_max": 0.20177097407191485, "target": "407.xyz", "model": "22.xyz", "model_rescale": 4.204369325754507, "target_rescale": 4.2421381622339105},
{"mapping": [5, 7, 10, 2, 9, 0, 6, 1, 12, 3, 11, 13, 14, 15], "R": [[0.9243114549443403, -0.3385543755015854, 0.17615126762929711], [0.11011135010253073, 0.6785136989490389, 0.7262882698468225], [-0.36540911980583446, -0.6519203135101901, 0.664436663644851]], "T": [-0.10701677141539648, 0.01019722195880501, 0.11588366004650213], "aligned_model": [[0.12515291860705982, -0.6762110356502471, 0.6739970409377134, 0.5557763423717775, -0.23108531773784644, -0.5093791645272291, -0.02551455711351444, 0.05109760182721265, -0.20036772554027726, 0.4306012630369003, 0.30623497447152526, -0.18354798784285786, 0.3299498302188685, -0.07103281013189769], [-0.15579226371246013, 0.2555880009239627, 0.09909170170125615, -0.4175969695432137, 0.42760965384769734, -0.5472478652436997, -0.6332831176871663, -0.583016560698294, 0.044689392104525605, -0.20947818207924668, 0.5055182454905727, 0.674599142095809, 0.5091976461067153, -0.0006651378972167433], [-0.6650179780874776, -0.21792287689123185, 0.12026924227766556, -0.24883911281870125, -0.5160844597780425, 0.12169204356191238, -0.2550258938142946, 0.35799247239993853, 0.6546182438370787, 0.7388910121430348, -0.2051977627556732, 0.17946751650678744, 0.5156307398764777, 0.10267342243889693]], "inverted": false, "swapped": false, "error_lsq": 0.04109562087911729, "error_max": 0.2668693823733349, "target": "407.xyz", "model": "23.xyz", "model_rescale": 4.410303926677745, "target_rescale": 4.2421381622339105},
{"mapping": [11, 3, 13, 14, 1, 8, 10, 15, 5, 6, 7, 0, 12, 16], "R": [[0.19357452641522643, 0.9427962529681523, 0.271411363270465], [-0.21508628693925677, 0.31069555051702724, -0.9258542887839343], [-0.957218257187881, 0.12084494312189029, 0.2629252894418157]], "T": [0.03559712506316161, -0.06604488886389755, 0.0255026829468725], "aligned_model": [[0.2825570511977163, -0.7603256827777842, 0.6923135861389942, 0.5904795565394905, -0.2230230307757719, -0.5169971055741224, -0.3883306733368395, 0.16957031581692567, -0.1277058251199793, 0.5274966864404458, 0.3208282436564559, -0.18210262231102287, 0.24941354591596349, -0.05850267288328405], [-0.21886048378215928, 0.32111751345101563, 0.14500546628277067, -0.4532686759461018, 0.3944326031303587, -0.6711075353002225, -0.34778644077880455, -0.6414249845296789, -0.0341310149655691, -0.12066012996385662, 0.45910397239106554, 0.6392809631486773, 0.49778022334789346, -0.000267791076147203], [-0.5369736947296977, -0.1353175360132787, 0.1610307655483629, 0.00780477427753332, -0.6508193142784597, 0.0906600110712864, -0.3803185411702533, 0.4258814042916025, 0.6320632195318177, 0.6025209553752471, -0.26568931418033426, 0.18521515447655237, 0.5570660524492829, -0.009977327753290525]], "inverted": false, "swapped": false, "error_lsq": 0.0395216694162974, "error_max": 0.2654150266389121, "target": "407.xyz", "model": "24.xyz", "model_rescale": 4.28219845311461, "target_rescale": 4.2421381622339105},
{"mapping": [13, 4, 11, 14, 7, 0, 2, 6, 8, 10, 9, 3, 5, 15], "R": [[0.13921277346178504, -0.05677564173989674, -0.9886335672078409], [-0.1637267260195767, 0.9832952236881998, -0.079523972856515], [0.9766336892059316, 0.17293649001005013, 0.1275915652816269]], "T": [0.05958472611813196, 0.04968983680143492, -0.01226282422615059], "aligned_model": [[0.14702704471674097, -0.625356375740046, 0.5858718187873173, 0.5384050585548636, -0.15557773530935323, -0.5871079435066502, -0.11095160945616225, -0.047370367313578236, 0.10991589058396707, 0.5561121800683162, 0.31356068124976383, -0.42052436173784236, 0.27283229525498764, -0.001165203225137204], [-0.05016301194839473, 0.0755889946102078, 0.1155233339383861, -0.540018375393295, 0.49061575352565134, -0.4051950340596454, -0.5575542192859068, -0.6864627277118867, -0.035799160974789274, -0.3097140838969477, 0.6574272545911973, 0.6527482706566028, 0.552929462026482, 0.009287229331579314], [-0.5913135184245494, -0.2668870446683803, 0.11088309731869689, -0.06811923486899546, -0.6162789307196779, 0.18879069439781387, -0.2786310636681017, 0.49649757587442284, 0.6748357582724264, 0.4917154769816063, -0.1640031587192468, 0.06429521894424879, 0.6408497501243343, 0.0005119880517734446]], "inverted": true, "swapped": false, "error_lsq": 0.04380818320437519, "error_max": 0.2987894016947076, "target": "407.xyz", "model": "25.xyz", "model_rescale": 4.100010024507729, "target_rescale": 4.2421381622339105},
{"mapping": [11, 1, 5, 6, 12, 9, 8, 3, 0, 2, 10, 13], "R": [[0.09685248158577946, -0.9603731140071599, -0.2613485770056294], [0.8164031586135909, -0.07353890828734526, 0.5727808582465528], [-0.5693026255133805, -0.2688410512925743, 0.7769292179622771]], "T": [0.024080517288987927, -0.03295636971873787, -0.06410487544842657], "aligned_model": [[-0.5813649349114934, -0.31646456201799716, 0.4030787914355286, 0.6024939746005268, -0.5760499919310565, 0.12108286061097813, -0.1813348772958882, 0.6238314146045336, 0.31237890752383896, -0.03689071064489193, -0.5099852418430106, 0.015989972231938696], [-0.21017770998387733, -0.7756631010964412, -0.2520866762390109, -0.35409338746759567, 0.5292151695992953, 0.6996827521505489, 0.20758689803115773, 0.46253555919917133, -0.2081210651266928, 0.5419208886039318, 0.04455957426572071, -0.019227511885568004], [0.09120311522292028, 0.058985232921062294, 0.5227965123655495, -0.08610879431362888, 0.12661327117229582, 0.11092374651237545, 0.571479911575185, -0.2584484685078832, -0.6083525580895498, -0.49617715741213475, -0.4798572469242669, 0.012134725332432136]], "inverted": false, "swapped": true, "error_lsq": 0.04562954859004148, "error_max": 0.2469482145371467, "target": "407.xyz", "model": "26.xyz", "model_rescale": 3.6694154284099745, "target_rescale": 4.2421381622339105},
{"mapping": [7, 1, 9, 8, 3, 0, 5, 4, 2, 10, 12, 6, 11, 13], "R": [[-0.3004337067526204, -0.6491164986138713, -0.6988471643171694], [-0.7173326212816931, 0.6366731418928546, -0.28298625556273277], [0.6286282671754555, 0.41628725853615706, -0.65691051147659]], "T": [0.08274731017974046, -0.057401973631379194, 0.030471860936769887], "aligned_model": [[0.13031481554846863, -0.7196426669387601, 0.6918685880711102, 0.4726653662934217, 0.1466787011874103, -0.46805242463791286, -0.35594911872125695, 0.07868091385239541, -0.18455458325445212, 0.5061159991112226, 0.16241431235881326, -0.386530847807226, 0.44250409540545477, 0.0591582224584982], [-0.08931888704541817, 0.006096904970791878, 0.19716410873780224, -0.549965069502428, 0.5041572901952839, -0.34101475876470877, -0.5850745042030829, -0.6858205394056983, 0.14641151281105544, -0.21123316385586713, 0.7197478158465014, 0.4432054528343511, 0.4569244189874315, -0.042066896196773014], [-0.5963033521895633, -0.3325499989171349, -0.13991274516819696, -0.08658666516237991, -0.5469319758948044, 0.260942647299945, -0.3633372850600146, 0.5601926748566904, 0.6213520575197642, 0.4292018924608476, 0.16984254234335122, 0.011481157734685707, 0.615466635772385, 0.08028902330079579]], "inverted": true, "swapped": false, "error_lsq": 0.05621704435008284, "error_max": 0.35939739204816923, "target": "407.xyz", "model": "27.xyz", "model_rescale": 4.103607728864725, "target_rescale": 4.2421381622339105},
