[{"mapping": [12, 7, 9, 13, 11, 10, 2, 3, 8, 0, 5, 15], "R": [[-0.6503471041164332, -0.7564959332856602, 0.0690112098838103], [-0.7447567831588637, 0.6528644397236799, 0.13822213022214283], [-0.1496194442785791, 0.03849579543980736, -0.9879939755014834]], "T": [-0.14130767098838143, -0.16946972481482475, 0.1423449712577634], "aligned_model": [[-0.21750735399420237, 0.2682484075964446, 0.3887837595320042, -0.05788113399576027, -0.09604382302626352, -0.6643470381550287, 0.4382559756192272, -0.23392313098319156, 0.47509114651133205, 0.14048413008829597, -0.5515827297466991, -0.05193574698560964], [-0.4557394862820516, -0.6329304071011786, -0.18857165863769543, 0.6792418606134552, 0.3234123426697253, -0.4684358137645178, -0.383281647390169, -0.6007693621612873, 0.2328444354625847, 0.39166280210765764, 0.29300416909503285, -0.13688219863449919], [-0.5714290856262563, 0.05080730430375893, -0.5204472125157484, -0.04699991811916315, -0.5687438150355473, 0.0934903207710694, 0.5199207957901575, 0.5345654872107094, -0.07012772949609719, 0.4742943577578876, 0.2364889868283221, 0.050132253484469896]], "inverted": false, "swapped": true, "error_lsq": 0.040611669346268385, "error_max": 0.17590506213812224, "target": "408.xyz", "model": "0.xyz", "model_rescale": 3.751011558992144, "target_rescale": 4.05639781651692},
{"mapping": [4, 12, 10, 3, 11, 5, 9, 7, 14, 0, 13, 8, 2, 6, 15], "R": [[0.33858847792544533, 0.939907882926407, 0.04394330698673382], [0.008636410147855988, -0.04980415890239423, 0.9987216620138883], [0.9408949224200802, -0.3377761349900629, -0.024980544335274135]], "T": [0.018274191516446943, 0.14976211716605703, -0.0542007755203023], "aligned_model": [[0.2356509835454868, 0.011438755402180856, -0.36015925036691376, 0.11353483788757612, -0.16203255944618827, -0.5270722875924034, 0.47895709000481984, 0.563466883296438, -0.5846936769945101, 0.092813059739906, -0.22718635846698798, 0.4302507314550948, 0.6566708164028324, -0.26646671077934, 0.08391389700104304], [0.09750755007873048, -0.5207680216335213, 0.18384394821096178, 0.5901305914843664, -0.6075879358222444, 0.23855961705220946, -0.5579998920391374, 0.06371514065344472, -0.2798250000282002, 0.3943089192276784, -0.13020835984256712, -0.1626875258264594, 0.4862019697476023, 0.7073437295783893, 0.046222618985853], [-0.8426621711093636, -0.43835280541980504, -0.5242691085093258, -0.43556012025850943, 0.32598231611870226, 0.23868664959826782, 0.03239883662871953, -0.3479216918085724, -0.1230710013265515, 0.6084511284591981, 0.7360450595546568, 0.5111304419747432, 0.004374278080793062, 0.10840117324165019, -0.003966580372627128]], "inverted": true, "swapped": true, "error_lsq": 0.04333842419475529, "error_max": 0.30138451230582225, "target": "408.xyz", "model": "1.xyz", "model_rescale": 3.9405287249114394, "target_rescale": 4.05639781651692},
{"mapping": [13, 11, 8, 10, 12, 0, 5, 14, 7, 2, 3, 6, 15], "R": [[-0.8106388523632599, -0.18689392500688973, -0.554919193968542], [0.4787026059370054, -0.7572891142055689, -0.44424881831566565], [-0.337206859521418, -0.625766616480349, 0.7033545873813853]], "T": [-0.021678263315947327, -0.16398995636585104, 0.05303128757537082], "aligned_model": [[-0.2925852118040595, 0.22115960944612692, -0.43239566309998456, 0.46142904686925557, 0.6150593921444703, -0.6464185002216669, -0.012750773356142255, 0.5487597352199128, -0.0314792448501304, -0.5504599569247568, -0.048410372104817634, -0.30579545967213817, -0.03012932236213852], [0.6550757439326771, 0.515676273993168, 0.13256874507787283, -0.29945327695780255, -0.1662121140290894, 0.17063524279392314, 0.32083927228611864, 0.3024523156079768, -0.650434754015423, -0.6205543273139995, -0.6687170546617143, -0.10932839276512879, -0.12371508037656231], [-0.08431365519016143, -0.4262519201778614, -0.5216973339957612, 0.390069407736815, -0.3849075122990554, 0.09985371383163966, 0.4479132205917985, 0.15248251411792577, -0.33963463863051835, -0.137000177347447, 0.35794092065568794, 0.6315669925073669, -0.07290118221178499]], "inverted": true, "swapped": true, "error_lsq": 0.04146294798086499, "error_max": 0.22511185244224427, "target": "408.xyz", "model": "2.xyz", "model_rescale": 3.932901565614263, "target_rescale": 4.05639781651692},
{"mapping": [10, 6, 3, 14, 4, 7, 2, 12, 11, 9, 0, 13, 8, 15], "R": [[0.7152805004702729, -0.18969465301563282, 0.672599244918008], [0.07291464942784892, -0.9369435126029501, -0.3417898595483186], [0.6950232079188505, 0.29351795994201807, -0.6563459054840413]], "T": [0.09326388016540488, -0.09297312427970489, -0.11247378813574066], "aligned_model": [[-0.2572517929204641, 0.5670359568456684, 0.13017522798522407, -0.30796984847250236, -0.4902509542749236, -0.12649561340350163, 0.4263668127637053, -0.644969036437685, -0.17032382931085738, -0.28780174835954697, 0.7456144685935622, 0.4470799831149258, 0.3241894833101642, 0.06441080261893475], [0.04158125790957656, 0.05506943948459872, -0.45554779043821964, 0.5314104210193047, -0.5772906446062287, -0.6581322195321075, -0.7248756686794067, -0.04105390151444396, 0.4364227676874753, -0.252003459456195, 0.031027524114257188, 0.514200892964247, -0.13738849095519493, -0.09992348964717399], [-0.5861525400097936, -0.5272477607448018, -0.5768132088204391, -0.15736402183623227, -0.4232817020012231, 0.03988136288423075, 0.005486682579605939, 0.1101171538464274, 0.5206852119215966, 0.6292496284480418, 0.1395763578621752, 0.40644499888722024, 0.6166691850565629, 0.01664501498372667]], "inverted": true, "swapped": true, "error_lsq": 0.04118051318910395, "error_max": 0.31623267998251725, "target": "408.xyz", "model": "3.xyz", "model_rescale": 3.9243930471874484, "target_rescale": 4.05639781651692},
{"mapping": [3, 2, 4, 10, 12, 6, 5, 7, 9, 8, 11, 13, 15], "R": [[-0.790867233683664, 0.2411402233066188, -0.5624770318770207], [0.572619236748517, 0.6159027460128081, -0.5410831887606825], [0.21595422753698257, -0.7500101333698875, -0.6251788315765249]], "T": [-0.03791331458513676, -0.18049828854458128, -0.12365447832332596], "aligned_model": [[0.009619108127899997, -0.322820546325766, 0.6179670524555955, 0.3486886329799459, 0.6635936127809321, -0.47485032906870966, -0.2912450616592525, 0.2145080078901494, 0.2724001634518451, -0.34241219676524354, 0.10514765055921015, -0.5005033837631514, -0.022886824352102847], [-0.4897344391951342, 0.12735809637896672, -0.25953216422778563, -0.6450611080674448, 0.06173713434407299, -0.6534505268145445, -0.5384037185542294, 0.17544789459680232, 0.5950428175638774, 0.49957259410584387, 0.24408345942991672, 0.06619468928480002, -0.05542517516355441], [-0.624201784440833, -0.7137607209097665, -0.6086587798027832, -0.11603872635834511, 0.09184541275955618, -0.1854303261228795, 0.32221271171090604, -0.5714233033540591, 0.027662492115693244, 0.05448271504891378, 0.6178930318951118, 0.5751128878547734, -0.08262529502532409]], "inverted": true, "swapped": true, "error_lsq": 0.04066077483633654, "error_max": 0.22657160576374885, "target": "408.xyz", "model": "4.xyz", "model_rescale": 3.8936222436046832, "target_rescale": 4.05639781651692},
{"mapping": [13, 6, 14, 11, 10, 3, 2, 7, 9, 8, 12, 15], "R": [[0.5143652064104844, 0.3407320458287406, -0.7869752901963702], [-0.8556081919411713, 0.26595743847330144, -0.4440734880668741], [0.057991864235078905, 0.9017584564982364, 0.4283323824046683]], "T": [-0.2486186935298168, -0.06506608163343851, 0.00398238929769848], "aligned_model": [[0.16910152352737273, -0.7616030255413032, -0.20961724296386203, 0.4209251570000032, -0.6324853197258677, -0.7046177247995641, -0.20095104734263797, -0.0433329309933676, 0.562010739753477, 0.40996060345585617, 0.13439919456924454, -0.11624188472425401], [-0.61898191196409, -0.4506992504538627, 0.23090730812063964, -0.03886549742042271, 0.35696883141049546, 0.06193495278440579, -0.3108060748515737, 0.2021600847386104, 0.15961064810101305, -0.4440773674575855, 0.5860645713007377, -0.06529338919856022], [-0.5268753153828737, -0.07693833671231193, -0.6770000547709831, -0.5452474095814911, -0.1956939094635722, 0.35664306824771286, 0.6833296592678635, 0.5306312872443493, 0.11824339081974519, 0.10182199855788224, -0.15897877941132457, 0.009349120460521505]], "inverted": true, "swapped": true, "error_lsq": 0.03844976385612126, "error_max": 0.26235041258669284, "target": "408.xyz", "model": "5.xyz", "model_rescale": 3.6523030999806103, "target_rescale": 4.05639781651692},
{"mapping": [1, 6, 5, 3, 14, 2, 13, 7, 8, 9, 11, 12, 15], "R": [[-0.9914072673227866, -0.13034076233980474, -0.011086747595376705], [0.11937814614817899, -0.8668477713089956, -0.48407003584073627], [0.05348353505322049, -0.48123406680045644, 0.8749590187139653]], "T": [0.1763734182611002, -0.08111147250427767, 0.10682766449510743], "aligned_model": [[0.01876948575400028, 0.155175401371424, 0.1651103342446966, 0.4657323931307464, 0.519777311463027, -0.17290915205477253, -0.40949938716980827, 0.18841145259604353, -0.5107839461168928, -0.10257218411812563, -0.06876578923234322, 0.5296434234407249, 0.1029935613555746], [-0.576408276091115, -0.03164555303402947, 0.43596386209539795, -0.5094413461544, 0.5585763799446481, -0.712367337448231, 0.5668579274164859, -0.5996203585045192, -0.035776074923758144, -0.10062132419791295, 0.553624465268857, 0.05858158587178944, -0.06689704608002955], [0.7151952465915563, 0.751434363632378, 0.4583629590845839, 0.3918519384454035, -0.053583268054902974, 0.16757946301326027, 0.1034303021699358, -0.2423352643370275, -0.22889289288514608, -0.6947108586329866, -0.42949860618443164, -0.5661629187846968, -0.0025607245761368885]], "inverted": true, "swapped": true, "error_lsq": 0.05172246217842021, "error_max": 0.30519805074621725, "target": "408.xyz", "model": "6.xyz", "model_rescale": 4.08911054899281, "target_rescale": 4.05639781651692},
{"mapping": [6, 3, 10, 0, 13, 11, 5, 14, 8, 2, 9, 7, 12, 4, 15], "R": [[0.9753266907960039, 0.1974339160827194, -0.09878104575857541], [0.04971631809181033, 0.2395237209629712, 0.9696167669813918], [0.2150956390453093, -0.9506041425726559, 0.2237981907598799]], "T": [0.060486877797991376, -0.15246467602530614, -0.05803761790184518], "aligned_model": [[0.12314140713202738, 0.3813043862333455, 0.6586361609390156, -0.5187128478638742, -0.5164266329348381, -0.2475473812961868, 0.09832963802482025, 0.3846743262543829, -0.663976172147908, -0.28235530399660874, -0.31986658256768724, 0.02370935443421645, 0.324744737856801, 0.6169973282636134, -0.02631887853156495], [-0.5954849943562573, -0.6232037733355805, -0.10481340662555502, -0.36901247727132636, 0.23139402856715127, 0.645720005568251, -0.0651530553665153, 0.4261666299140173, 0.062260998757870306, -0.6526482113795057, 0.3987324301926565, -0.2424130801776212, 0.4686806736427743, -0.21032879152968986, -0.06913816043155621], [-0.5251793920792492, 0.09660636770533883, -0.1307319809887501, -0.407467803619952, -0.5899644225380165, -0.1945840190480062, -0.6761115847143836, -0.3941131447835423, 0.06843375511353807, 0.33749838718325925, 0.4636598832834498, 0.5595932009277966, 0.31822879075592864, 0.5407966200037839, -0.002594625119114416]], "inverted": false, "swapped": true, "error_lsq": 0.04680770716330759, "error_max": 0.354339396984337, "target": "408.xyz", "model": "7.xyz", "model_rescale": 3.964800864290218, "target_rescale": 4.05639781651692},
{"mapping": [6, 0, 5, 3, 14, 2, 10, 13, 8, 9, 7, 12, 11, 15], "R": [[0.6378088069539813, -0.5406382211356215, -0.5485528594577279], [-0.7678735226183633, -0.39110677879987144, -0.5073516934419895], [0.0597509751686518, 0.744812594834499, -0.664593123303496]], "T": [-0.1233974565795265, -0.009456059259306772, -0.0006427529467085136], "aligned_model": [[-0.19121999578345417, 0.2547373512961006, 0.23659223501974563, -0.684227557357798, 0.23388802195406322, -0.4520787426001944, -0.3956410873761397, 0.7279181010432457, 0.35758214758926393, 0.16465140478058288, -0.48541998870052305, -0.08158240908287534, 0.6267737413965481, -0.05078533271769259], [-0.1937066477861739, -0.5614884062110033, 0.1319038096992217, -0.06852956162111871, 0.6343491126294815, -0.6243371608096633, 0.49121551955421267, -0.16819926703561006, -0.4494875217199264, -0.009346996411918452, -0.15159283126791645, 0.5480592447935927, 0.26211104362734805, -0.030001871259323763], [-0.6169753364478361, -0.23884661965361398, -0.49206480316965634, -0.17503843270792938, -0.10418229706775667, 0.19445441554071868, -0.20201071087744502, -0.11546977407955705, 0.40182434727243166, 0.7979078898009024, 0.4888957585946918, 0.5328910883895448, 0.3371786388110755, 0.1082508743194513]], "inverted": true, "swapped": true, "error_lsq": 0.03195008038626125, "error_max": 0.16360765749036227, "target": "408.xyz", "model": "8.xyz", "model_rescale": 4.121658175737393, "target_rescale": 4.05639781651692},
{"mapping": [12, 9, 7, 4, 11, 14, 8, 6, 2, 13, 10, 3, 15], "R": [[0.27649894783774764, 0.5544779567342105, 0.7849219880602618], [-0.9566792305033079, 0.08132156375044977, 0.27955617180234205], [0.0911766514422282, -0.828215550907514, 0.5529428717930505]], "T": [0.042733150466379106, 0.01783007456739348, 0.09717179923615349], "aligned_model": [[-0.4908898862047328, -0.19052004253010102, 0.3157837616544739, 0.10223134935919372, -0.6286811306691892, -0.6783475340802199, 0.10327331777895149, 0.28955187589965264, 0.7155983233507383, -0.28696017309411576, -0.20215009277640594, 0.41837578474941284, 0.009471942997538944], [0.19950574837046636, -0.36034995350568866, 0.14114297986586594, 0.6896422066506828, -0.497201995686942, 0.109363057407822, -0.6908068090371856, 0.08164680398637142, -0.09727379929797457, -0.7377107769543254, 0.555253591995694, 0.46936633239513137, -0.07218994677820757], [-0.43147796817461825, -0.6261732787050547, -0.45159811713969256, -0.36842781990328105, -0.08876808370727915, 0.2537694018508327, -0.18763952370827874, 0.691664836624733, -0.14402649950635096, 0.38627932859053915, 0.22580242901004513, 0.1558365494313194, 0.005834179296174746]], "inverted": true, "swapped": true, "error_lsq": 0.03848648988897922, "error_max": 0.1943377400338102, "target": "408.xyz", "model": "9.xyz", "model_rescale": 3.833441315466971, "target_rescale": 4.05639781651692},
{"mapping": [11, 9, 0, 1, 2, 8, 7, 3, 5, 6, 14, 10, 12, 13, 15], "R": [[0.8245729873682102, 0.3207392771639997, 0.46605332805053606], [0.489241041773978, 0.009443765660209935, -0.8720974821280404], [-0.284117214449562, 0.9471204418522864, -0.1491317440351033]], "T": [-0.008611230791648564, 0.1146403581199801, 0.03280946574035935], "aligned_model": [[0.19624188493880906, -0.01917379696439543, -0.5996848345209839, -0.5265534750535152, -0.584411408125713, -0.4843752376246355, -0.1044181584401301, -0.016833304405215785, 0.08657889228761464, -0.19868107471181712, 0.5951750745653281, 0.5116141184758696, 0.5536135368050807, -0.25150778318538186, -0.033739415746382076], [-0.6996732280296541, -0.6033719703110754, -0.0007916851240157424, 0.7245527685153791, 0.29140486662565324, -0.48318623849342746, 0.10642899613494958, 0.6662057580619593, 0.12565717232845516, 0.5591003294433606, -0.14279904121627268, 0.4208666456357736, -0.2819528408495171, -0.47318942675843845, -0.008150566668150935], [0.24625124880994004, -0.41996201732261285, 0.40933856885084924, 0.03623311665351073, -0.3689137303668596, -0.0237661873646045, -0.58498073825401, -0.17729036965218253, 0.6507805753627165, 0.4626266571195808, 0.38213095498956645, 0.06328446591957317, -0.31911001018177076, 0.6316251621720382, -0.010125788913642048]], "inverted": false, "swapped": true, "error_lsq": 0.03744419708497485, "error_max": 0.240075348824418, "target": "408.xyz", "model": "10.xyz", "model_rescale": 4.2482417240324, "target_rescale": 4.05639781651692},
{"mapping": [7, 12, 11, 14, 2, 0, 8, 5, 10, 6, 3, 15], "R": [[-0.07894827196974107, 0.9474285369383728, 0.31007472929570745], [-0.67387085284552, 0.17849526564027493, -0.7169640952162526], [-0.7346191149420521, -0.2655533986580141, 0.6243525834197647]], "T": [-0.05611584547371725, 0.06447338369433422, -0.09374161226030944], "aligned_model": [[-0.6300241020227364, -0.02901359939943559, 0.4532171708646792, 0.557703740183575, -0.6807724721014706, 0.08087647518834337, -0.10848791726685508, 0.5168721240025388, 0.07800561248425417, 0.11310582084729778, -0.4083139951890024, -0.06640325522818173], [-0.1469815677122094, -0.6859987831889458, -0.24837152882667754, -0.3514495937949198, 0.4086203941492884, 0.6982609169500572, 0.2564128585495576, 0.2773603740177182, -0.26336471026934005, 0.555749717431566, 0.13707020859463967, 0.02882310414990507], [0.03597826514102309, 0.08870609885881048, 0.5334240353557151, -0.149347752015794, 0.030917907956738655, 0.19610868339506168, 0.6460997480520195, -0.22578228115275797, -0.5835081867461894, -0.4790020712214944, -0.5618442699019421, 0.033442112133165974]], "inverted": false, "swapped": true, "error_lsq": 0.042994836677621606, "error_max": 0.3147332391599774, "target": "408.xyz", "model": "11.xyz", "model_rescale": 3.6694154284099745, "target_rescale": 4.05639781651692},
{"mapping": [3, 6, 5, 0, 2, 4, 7, 12, 13, 11, 14, 8, 10, 15], "R": [[0.9321418071090989, 0.3368371969552041, 0.1328621623591344], [0.3366997525346731, -0.9413013933051112, 0.024186020858061767], [0.13321009001751272, 0.022189855998130056, -0.9908393826490289]], "T": [0.029147176161516575, 0.020588312242983936, -0.10130051917759844], "aligned_model": [[-0.14529616966471476, 0.040160582216756655, -0.08522080240939695, 0.6106064188551339, 0.5226957616679191, -0.437827654257653, 0.14312459067794706, -0.3502750891339883, 0.43837447361584386, 0.10913804148656872, -0.4611672176942603, 0.6828992483589704, -0.5653158810935985, 0.0963685476302818], [-0.2620053417187459, 0.3840878729180167, 0.632624587904803, 0.4015173585966568, -0.4087445080569587, -0.650582330891953, -0.5916547673342032, -0.2673398578327024, 0.6899398543541501, 0.3444547915460642, 0.4092363655853506, 0.038899609648868225, 0.016286705292419733, -0.0057330518755120095], [-0.5893008056295057, -0.6362405195120849, -0.1596304840897244, -0.247125543959024, -0.4115523284128032, -0.15714904088939605, -0.045814570573585074, 0.5072767444268322, 0.28291863903755043, 0.6982873593077206, 0.30044932280065806, 0.2977254935399313, -0.21053809768739712, 0.009789291293243282]], "inverted": true, "swapped": true, "error_lsq": 0.04260968516099152, "error_max": 0.32326196230753945, "target": "408.xyz", "model": "12.xyz", "model_rescale": 3.9764082729961374, "target_rescale": 4.05639781651692},
{"mapping": [8, 11, 14, 13, 6, 1, 10, 14, 7, 4, 12, 0, 5, 2, 9, 15], "R": [[0.9198357814573211, -0.3462366211848734, 0.18445144971314795], [-0.2757009245973998, -0.905016583663491, -0.32393515318687227], [0.2790898337935984, 0.24711370954389808, -0.9279243930560915]], "T": [-0.02638390692548738, 0.0004995782461245067, 0.08753261794338751], "aligned_model": [[-0.5855481869162151, -0.21661051883060978, -0.00952128282636805, 0.4074602283641638, 0.38140357504311323, -0.10085165364603259, -0.0697370255955297, -0.00952128282636805, -0.6596892734178239, -0.13071178106036652, 0.4440359425012143, -0.26078555427657735, 0.48877027892807684, -0.6206169181563697, 0.19395220399960517, -0.08025397769544912], [0.1741525439525259, -0.1771230288941442, -0.6686581318849495, -0.19359395578896274, -0.6407963796279796, 0.6170206455538638, 0.45177662877182295, -0.6686581318849495, -0.12193560443982626, -0.4115286101162411, 0.3779720262028102, 0.22526057343573677, -0.05359661704052049, 0.5057827668648891, 0.40626908273039425, -0.08923069836376032], [-0.30848858367638854, -0.6626731833572971, -0.3492186275679432, -0.29793789001726595, 0.16568419926632097, -0.04542943124767379, -0.576256828890978, -0.3492186275679432, 0.4811919093816253, 0.6665077369705801, -0.12087383888368547, 0.7368755906956392, 0.7467091286654997, 0.2543724859871247, 0.47263290873867847, 0.11273515170138045]], "inverted": false, "swapped": false, "error_lsq": 0.049646838800288494, "error_max": 0.4198735914735789, "target": "408.xyz", "model": "13.xyz", "model_rescale": 4.170626492500431, "target_rescale": 4.05639781651692},
{"mapping": [12, 11, 7, 8, 4, 1, 2, 14, 10, 13, 5, 0, 6, 15], "R": [[0.8364616516532317, 0.5268386800750127, 0.15090695971480694], [0.3267569192530927, -0.2583902614320926, -0.9091008681754092], [-0.4399566126719494, 0.8097379069636504, -0.38828172889327534]], "T": [0.022424159233102398, 0.09859332223402144, 0.04066436543286003], "aligned_model": [[0.34862546183457943, 0.03358785485034309, -0.2164456946477393, -0.6020338930112766, 0.33591439106895815, -0.2855813009116692, -0.5584990547985795, 0.594033918001805, 0.5995482570362395, -0.2263458596135677, 0.2615570099163545, -0.4694002463180753, 0.07409762982954975, -0.04587545114527829], [-0.34050534208524275, -0.7668955899259104, 0.23829554916535378, -0.34524403399435666, 0.4185252041073556, 0.800289287983327, 0.4842464122669529, -0.3597727034993364, 0.2600671574040797, -0.5233458545752363, -0.03833330894987726, 0.05301146869272498, 0.4791935719745656, -0.0034573506387345077], [-0.5052433607219364, 0.07852100554604982, -0.519992045125217, 0.04372647969621074, -0.645646094441575, 0.2709347419537598, -0.15420219281391515, 0.16723971790053113, -0.03802270537631201, 0.6014031348440505, 0.6020353652643144, 0.5510541927748903, 0.561132742969568, -0.009067881349553136]], "inverted": false, "swapped": true, "error_lsq": 0.044097698183166126, "error_max": 0.31604382450222757, "target": "408.xyz", "model": "14.xyz", "model_rescale": 3.9786697098870705, "target_rescale": 4.05639781651692},
{"mapping": [11, 5, 8, 9, 0, 2, 10, 3, 7, 12, 6, 15], "R": [[-0.31744768840901955, -0.9102834069100383, 0.26572746231434824], [-0.41435957633905796, -0.1188991364340991, -0.9023132143836428], [0.852955512685091, -0.3965439628332259, -0.33944039082088445]], "T": [-0.054647902171693165, 0.029642979369581435, 0.0460749481897912], "aligned_model": [[0.006243295567441652, -0.6014624196288437, 0.4323162954817305, 0.6014329741433061, -0.0604725061881812, 0.4489727718722479, -0.4241719745881972, -0.09882392226284639, 0.4911749829700717, 0.14618576201724529, -0.497622053746031, 0.03958139112939298], [-0.5792882909598775, 0.046200036956988016, 0.05394037710239841, -0.44379051539635167, 0.48798687901507604, 0.5374262895568716, -0.20390455227623472, 0.32847295484542527, 0.015240586889697406, -0.7007165583285233, 0.5009450965670448, -0.027837813748074883], [-0.5672143639827926, -0.25689463674768653, -0.5448771150163304, -0.21097348542854555, -0.49646875582682426, 0.15874876301185187, 0.4635018150647066, 0.5532071387926438, 0.35067481547287155, 0.19927728930512023, 0.03818539535558478, -0.02720036612676953]], "inverted": false, "swapped": true, "error_lsq": 0.04531906671448822, "error_max": 0.21489382978816712, "target": "408.xyz", "model": "15.xyz", "model_rescale": 3.769337070930944, "target_rescale": 4.05639781651692},
{"mapping": [14, 5, 12, 10, 11, 13, 9, 0, 7, 3, 15], "R": [[0.8203026353953001, 0.39324623012358756, -0.41528422659319963], [-0.5668163679163749, 0.6558574638957778, -0.49856814189665927], [0.07630721738875226, 0.6443666576924858, 0.7609000059328431]], "T": [-0.09170256261495979, 0.016913125686961947, 0.17759781682192227], "aligned_model": [[-0.33221536975744204, -0.282534913013208, -0.05897028302701937, -0.649586098051519, 0.365322393238379, 0.3866507280585943, 0.5567471475920959, 0.2810089432274383, 0.09731662715240469, -0.4675630940840345, 0.02645004935548137], [0.05531517809727572, -0.4676417650589535, 0.6584153911328676, 0.19527349782939218, 0.06762656754361455, -0.5186656050050238, 0.5171018550939279, -0.5759767953955892, 0.5005519976870195, 0.10257233777058859, 0.0614918379302222], [-0.5249242979115867, -0.1686107820758102, -0.2520923199069884, 0.028295380940390358, -0.5566944593968746, -0.31985206204033045, -0.045963127362909084, 0.2960646983275792, 0.5258453112747842, 0.624616042410804, 0.13753322296471887]], "inverted": true, "swapped": true, "error_lsq": 0.04091290238764397, "error_max": 0.25765748288309354, "target": "408.xyz", "model": "16.xyz", "model_rescale": 3.7852294659196426, "target_rescale": 4.05639781651692},
{"mapping": [12, 13, 8, 11, 14, 5, 6, 0, 7, 4, 3, 2, 15], "R": [[0.08208923523634211, 0.9962284936154635, -0.028109535161176313], [-0.5049039833582438, 0.06588835201429714, 0.8606571283954014], [0.859263245488419, -0.0564580691974583, 0.5084084591892668]], "T": [-0.010039738905720809, 0.17716776705824216, -0.02106315306174149], "aligned_model": [[0.13432370247415812, -0.429174843902127, 0.26454076554563677, -0.22366073953570725, -0.5397736184449597, -0.6177314750449903, -0.3691890580796932, -0.12842710131914073, 0.5975076837466512, 0.4071665063788506, 0.14639415846319528, 0.5636417925187123, 0.04814807741569674], [-0.19427556836949073, -0.4538578884965611, -0.4116510744196586, -0.6524365132073613, -0.11013817575262835, 0.13969246810133729, 0.5880943373028421, 0.036398301522546805, 0.21742965743898457, 0.5262398981904383, 0.7433967507500201, 0.3879387557279792, 0.05822467491442625], [-0.6831954794592988, 0.4139715757119606, 0.38495008913149326, -0.15049118954190122, -0.4566039224650053, 0.1216854996505282, 0.32616177416212844, 0.6649653573631863, -0.1631062430518022, -0.6340412750130452, -0.07891734496676546, 0.36705815891879157, -0.016682303297096242]], "inverted": true, "swapped": true, "error_lsq": 0.05412424708864104, "error_max": 0.3368555429261767, "target": "408.xyz", "model": "17.xyz", "model_rescale": 3.901054581598922, "target_rescale": 4.05639781651692},
{"mapping": [4, 12, 10, 3, 11, 5, 9, 7, 14, 0, 13, 8, 2, 6, 15], "R": [[0.33858847792544533, 0.939907882926407, 0.04394330698673382], [0.008636410147855988, -0.04980415890239423, 0.9987216620138883], [0.9408949224200802, -0.3377761349900629, -0.024980544335274135]], "T": [0.018274191516446943, 0.14976211716605703, -0.0542007755203023], "aligned_model": [[0.2356509835454868, 0.011438755402180856, -0.36015925036691376, 0.11353483788757612, -0.16203255944618827, -0.5270722875924034, 0.47895709000481984, 0.563466883296438, -0.5846936769945101, 0.092813059739906, -0.22718635846698798, 0.4302507314550948, 0.6566708164028324, -0.26646671077934, 0.08391389700104304], [0.09750755007873048, -0.5207680216335213, 0.18384394821096178, 0.5901305914843664, -0.6075879358222444, 0.23855961705220946, -0.5579998920391374, 0.06371514065344472, -0.2798250000282002, 0.3943089192276784, -0.13020835984256712, -0.1626875258264594, 0.4862019697476023, 0.7073437295783893, 0.046222618985853], [-0.8426621711093636, -0.43835280541980504, -0.5242691085093258, -0.43556012025850943, 0.32598231611870226, 0.23868664959826782, 0.03239883662871953, -0.3479216918085724, -0.1230710013265515, 0.6084511284591981, 0.7360450595546568, 0.5111304419747432, 0.004374278080793062, 0.10840117324165019, -0.003966580372627128]], "inverted": true, "swapped": true, "error_lsq": 0.04333842419475529, "error_max": 0.30138451230582225, "target": "408.xyz", "model": "18.xyz", "model_rescale": 3.9405287249114394, "target_rescale": 4.05639781651692},
{"mapping": [6, 2, 3, 10, 14, 5, 2, 12, 0, 4, 11, 7, 13, 8, 9, 15], "R": [[0.49731930742000174, 0.4160763917468747, 0.7612844032936648], [0.3770379027969296, 0.6866400433900945, -0.6215849665715397], [-0.7813551857649521, 0.5961592799278984, 0.18460278067804642]], "T": [-0.06378680070122703, -0.13332840448558936, 0.15983908242873668], "aligned_model": [[-0.6191648892247077, -0.1636050919615409, 0.017127203221329462, 0.3692924307066868, 0.5993524292072026, -0.1476339627666384, -0.1636050919615409, -0.04689628083353778, -0.7418339490749752, -0.43935622689754616, 0.5472400637776185, -0.12083109153636631, 0.4962199816896601, -0.5747874941761368, 0.2181114105405427, -0.057854667121585955], [0.20151541798022354, 0.21121155311106665, -0.7641220130640527, -0.12762263153330725, -0.501657106966586, 0.6385628237545985, 0.21121155311106665, -0.6698877522010384, -0.1729551713345342, -0.37139827578249496, 0.21766531859075722, 0.20995624821266567, -0.16013139533251236, 0.4110932043112444, 0.5201829313259605, -0.12051159471234857], [-0.2112650120470695, -0.6317756024794023, -0.4067127176917342, -0.49614404267790335, 0.003892646876954231, -0.13750958149679432, -0.6317756024794023, 0.26919098651441714, 0.26640381340141284, 0.7403004257611937, 0.009297463113772053, 0.7718253118867999, 0.5299793919464011, 0.28131154300802047, 0.44700833464949447, 0.12258474191151246]], "inverted": false, "swapped": false, "error_lsq": 0.04699092108839053, "error_max": 0.39622399112502854, "target": "408.xyz", "model": "19.xyz", "model_rescale": 4.410303926677745, "target_rescale": 4.05639781651692},
{"mapping": [6, 0, 5, 3, 14, 2, 10, 13, 8, 9, 7, 12, 11, 15], "R": [[0.6378088069539813, -0.5406382211356215, -0.5485528594577279], [-0.7678735226183633, -0.39110677879987144, -0.5073516934419895], [0.0597509751686518, 0.744812594834499, -0.664593123303496]], "T": [-0.1233974565795265, -0.009456059259306772, -0.0006427529467085136], "aligned_model": [[-0.19121999578345417, 0.2547373512961006, 0.23659223501974563, -0.684227557357798, 0.23388802195406322, -0.4520787426001944, -0.3956410873761397, 0.7279181010432457, 0.35758214758926393, 0.16465140478058288, -0.48541998870052305, -0.08158240908287534, 0.6267737413965481, -0.05078533271769259], [-0.1937066477861739, -0.5614884062110033, 0.1319038096992217, -0.06852956162111871, 0.6343491126294815, -0.6243371608096633, 0.49121551955421267, -0.16819926703561006, -0.4494875217199264, -0.009346996411918452, -0.15159283126791645, 0.5480592447935927, 0.26211104362734805, -0.030001871259323763], [-0.6169753364478361, -0.23884661965361398, -0.49206480316965634, -0.17503843270792938, -0.10418229706775667, 0.19445441554071868, -0.20201071087744502, -0.11546977407955705, 0.40182434727243166, 0.7979078898009024, 0.4888957585946918, 0.5328910883895448, 0.3371786388110755, 0.1082508743194513]], "inverted": true, "swapped": true, "error_lsq": 0.03195008038626125, "error_max": 0.16360765749036227, "target": "408.xyz", "model": "20.xyz", "model_rescale": 4.121658175737393, "target_rescale": 4.05639781651692},
{"mapping": [1, 6, 5, 3, 14, 2, 13, 7, 8, 9, 11, 12, 15], "R": [[-0.9914072673227866, -0.13034076233980474, -0.011086747595376705], [0.11937814614817899, -0.8668477713089956, -0.48407003584073627], [0.05348353505322049, -0.48123406680045644, 0.8749590187139653]], "T": [0.1763734182611002, -0.08111147250427767, 0.10682766449510743], "aligned_model": [[0.01876948575400028, 0.155175401371424, 0.1651103342446966, 0.4657323931307464, 0.519777311463027, -0.17290915205477253, -0.40949938716980827, 0.18841145259604353, -0.5107839461168928, -0.10257218411812563, -0.06876578923234322, 0.5296434234407249, 0.1029935613555746], [-0.576408276091115, -0.03164555303402947, 0.43596386209539795, -0.5094413461544, 0.5585763799446481, -0.712367337448231, 0.5668579274164859, -0.5996203585045192, -0.035776074923758144, -0.10062132419791295, 0.553624465268857, 0.05858158587178944, -0.06689704608002955], [0.7151952465915563, 0.751434363632378, 0.4583629590845839, 0.3918519384454035, -0.053583268054902974, 0.16757946301326027, 0.1034303021699358, -0.2423352643370275, -0.22889289288514608, -0.6947108586329866, -0.42949860618443164, -0.5661629187846968, -0.0025607245761368885]], "inverted": true, "swapped": true, "error_lsq": 0.05172246217842021, "error_max": 0.30519805074621725, "target": "408.xyz", "model": "21.xyz", "model_rescale": 4.08911054899281, "target_rescale": 4.05639781651692},
{"mapping": [1, 8, 6, 5, 10, 15, 11, 7, 4, 13, 9, 3, 12, 2, 14, 16], "R": [[0.42619705855532014, 0.9034153437975523, 0.04686986099770685], [-0.1874903411672587, 0.03752731435693202, 0.9815493225743379], [0.8849878187002229, -0.4271210803370718, 0.18537568201874458]], "T": [-0.08878257033849918, -0.029112079266275112, 0.026185581662431734], "aligned_model": [[-0.7013632693844316, -0.18772786560494806, -0.16471777967354717, 0.446395004074496, 0.5475501819944371, -0.16569915393023293, -0.04028791689764465, 0.02529059896071667, -0.633787857295218, -0.13893886181063833, 0.5995210029380613, -0.22956919278941812, 0.4071526117664647, -0.645318714684552, 0.169321247727505, -0.11604526180258583], [0.18745682566766486, -0.12633673169195553, -0.6632791655122625, -0.05561786377799034, -0.5161814687270038, 0.694197723440518, 0.4197574143661177, -0.6963850033340038, -0.09505991499843475, -0.3096497377064132, 0.1541608183090049, 0.21291443544997474, -0.17438199693782336, 0.394467882898378, 0.3653804271554616, -0.05833053513052371], [-0.4297104348129818, -0.6531664725520339, -0.3580410171785204, -0.43273866173838244, -0.06857436437850056, -0.022944718265509645, -0.5919223996258691, 0.24420013361153797, 0.4561998907490342, 0.6224346358762936, 0.04021582013504221, 0.8483054734103721, 0.5533615031576222, 0.2053541198109401, 0.46159420287233704, 0.052044389126291335]], "inverted": false, "swapped": false, "error_lsq": 0.03798527193674177, "error_max": 0.216618703819073, "target": "408.xyz", "model": "22.xyz", "model_rescale": 4.204369325754507, "target_rescale": 4.05639781651692},
{"mapping": [6, 2, 3, 10, 14, 5, 2, 12, 0, 4, 11, 7, 13, 8, 9, 15], "R": [[0.49731930742000174, 0.4160763917468747, 0.7612844032936648], [0.3770379027969296, 0.6866400433900945, -0.6215849665715397], [-0.7813551857649521, 0.5961592799278984, 0.18460278067804642]], "T": [-0.06378680070122703, -0.13332840448558936, 0.15983908242873668], "aligned_model": [[-0.6191648892247077, -0.1636050919615409, 0.017127203221329462, 0.3692924307066868, 0.5993524292072026, -0.1476339627666384, -0.1636050919615409, -0.04689628083353778, -0.7418339490749752, -0.43935622689754616, 0.5472400637776185, -0.12083109153636631, 0.4962199816896601, -0.5747874941761368, 0.2181114105405427, -0.057854667121585955], [0.20151541798022354, 0.21121155311106665, -0.7641220130640527, -0.12762263153330725, -0.501657106966586, 0.6385628237545985, 0.21121155311106665, -0.6698877522010384, -0.1729551713345342, -0.37139827578249496, 0.21766531859075722, 0.20995624821266567, -0.16013139533251236, 0.4110932043112444, 0.5201829313259605, -0.12051159471234857], [-0.2112650120470695, -0.6317756024794023, -0.4067127176917342, -0.49614404267790335, 0.003892646876954231, -0.13750958149679432, -0.6317756024794023, 0.26919098651441714, 0.26640381340141284, 0.7403004257611937, 0.009297463113772053, 0.7718253118867999, 0.5299793919464011, 0.28131154300802047, 0.44700833464949447, 0.12258474191151246]], "inverted": false, "swapped": false, "error_lsq": 0.04699092108839053, "error_max": 0.39622399112502854, "target": "408.xyz", "model": "23.xyz", "model_rescale": 4.410303926677745, "target_rescale": 4.05639781651692},
{"mapping": [5, 2, 0, 3, 1, 8, 4, 7, 6, 13, 10, 14, 11, 15, 9, 16], "R": [[-0.8313031147427541, 0.443234614930274, 0.3353777087801268], [0.0038683720568427893, 0.6079925202157539, -0.7939333291022151], [-0.5558058717903452, -0.6587018836236224, -0.5071406721946746]], "T": [-0.0694733696963272, -0.04603699745806476, 0.14397138394172282], "aligned_model": [[-0.5814764050078359, -0.19450478269753455, -0.14767758360119493, 0.35593879437615705, 0.6517977193999214, 0.0653696522095997, -0.07088122268303869, 0.10110499904291459, -0.7812631574873592, -0.4263232623027403, 0.4601881227456288, -0.24364919641242838, 0.37281581521938023, -0.48798796260534727, 0.1021841663175686, -0.00386092292522755], [0.06733979715660446, -0.172296619008311, -0.5969111189682552, -0.14046832952863159, -0.47240194000560853, 0.7196664578209293, 0.3058342622844371, -0.6735382884309654, -0.09176435822164535, -0.4574492455010909, 0.30961880078296106, 0.11004940772035919, -0.0716678622161365, 0.4927326643223856, 0.4823256337667816, -0.07795615250310475], [-0.20330462689495693, -0.7511931846752941, -0.3667218843358854, -0.6430217537771555, -0.041275212169186615, -0.1229035779253308, -0.4476949134830528, 0.2820874461064843, 0.4069588289534431, 0.5884764346848073, 0.01454340057910733, 0.7791483714978489, 0.5961271339760617, 0.3534635744928876, 0.43343054148070814, 0.04849152168718679]], "inverted": true, "swapped": false, "error_lsq": 0.039767869372496496, "error_max": 0.2347854485550864, "target": "408.xyz", "model": "24.xyz", "model_rescale": 4.28219845311461, "target_rescale": 4.05639781651692},
{"mapping": [4, 0, 0, 6, 10, 13, 2, 8, 3, 5, 14, 9, 11, 7, 12, 15], "R": [[0.41511789706407004, -0.5900867269467348, -0.6924411788869822], [-0.909570175166484, -0.2533357657527076, -0.32939806653667625], [0.018953310653168853, 0.7665628770503949, -0.6418894979227387]], "T": [-0.09279114890565712, 0.02188161644750909, 0.12351253910196561], "aligned_model": [[-0.6943226094786791, -0.2814995372906456, -0.2814995372906456, 0.37025444264906526, 0.6139850830214085, -0.0902302390245266, 0.07779576560564205, 0.14470557870111878, -0.8065202323511281, -0.0853937575282552, 0.6164709088902981, -0.28883508852788015, 0.3029666104484945, -0.651130071890075, 0.3382413825879328, -0.11321392493366031], [0.1218335013550318, -0.27833292127674975, -0.27833292127674975, -0.44208983566373733, -0.3365148270578966, 0.6120167614116654, 0.28989984328185175, -0.630393290889115, -0.1997786455226859, -0.6060758174396399, 0.22211246078495295, 0.1789371247418296, 0.009364133231939697, 0.531745966854546, 0.539260176809254, -0.0005385998737878761], [-0.2799947045381358, -0.6112081884727749, -0.6112081884727749, -0.49496656865232214, 0.16503561814884382, 0.05531862914132965, -0.48299084841537454, 0.13238984521897373, 0.32723506747626385, 0.698747639509458, -0.06884017660953726, 0.7510267022335082, 0.4972720604168397, 0.3074744835764559, 0.4853830716205165, 0.05593765801640324]], "inverted": true, "swapped": false, "error_lsq": 0.045118951943478, "error_max": 0.37838591451903936, "target": "408.xyz", "model": "25.xyz", "model_rescale": 4.100010024507729, "target_rescale": 4.05639781651692},
{"mapping": [7, 12, 11, 14, 2, 0, 8, 5, 10, 6, 3, 15], "R": [[-0.07894827196974107, 0.9474285369383728, 0.31007472929570745], [-0.67387085284552, 0.17849526564027493, -0.7169640952162526], [-0.7346191149420521, -0.2655533986580141, 0.6243525834197647]], "T": [-0.05611584547371725, 0.06447338369433422, -0.09374161226030944], "aligned_model": [[-0.6300241020227364, -0.02901359939943559, 0.4532171708646792, 0.557703740183575, -0.6807724721014706, 0.08087647518834337, -0.10848791726685508, 0.5168721240025388, 0.07800561248425417, 0.11310582084729778, -0.4083139951890024, -0.06640325522818173], [-0.1469815677122094, -0.6859987831889458, -0.24837152882667754, -0.3514495937949198, 0.4086203941492884, 0.6982609169500572, 0.2564128585495576, 0.2773603740177182, -0.26336471026934005, 0.555749717431566, 0.13707020859463967, 0.02882310414990507], [0.03597826514102309, 0.08870609885881048, 0.5334240353557151, -0.149347752015794, 0.030917907956738655, 0.19610868339506168, 0.6460997480520195, -0.22578228115275797, -0.5835081867461894, -0.4790020712214944, -0.5618442699019421, 0.033442112133165974]], "inverted": false, "swapped": true, "error_lsq": 0.042994836677621606, "error_max": 0.3147332391599774, "target": "408.xyz", "model": "26.xyz", "model_rescale": 3.6694154284099745, "target_rescale": 4.05639781651692},
