[{"mapping": [0, 4, 2, 8, 5, 3, 10, 9, 6, 7, 1, 11], "R": [[0.5746160644880728, -0.8172039682271495, -0.044654817724851345], [0.8171990508566436, 0.569918969699248, 0.08589574643687904], [-0.04474471713219556, -0.08584895043474976, 0.9953029026371881]], "T": [-0.044091704898919275, 0.05133562873722014, -0.013885898905529647], "aligned_model": [[0.09074964377776479, -0.4168733960782492, 0.5037340431690358, 0.17854499391854967, 0.059044567309261366, -0.6659874504369919, -0.514890826110085, -0.28673556281716767, 0.3637389281781301, 0.22952709567127705, 0.6301855555233012, -0.02811774186808236], [-0.36944307373278706, 0.133422761776886, 0.1859811010988896, 0.643379993125134, -0.7686797280465054, 0.33181281051459954, -0.27636179750035855, 0.4202625103695555, 0.2997117460557463, -0.46532895037982375, -0.16517338329294506, -0.010002928508770999], [-0.44696151382307664, -0.7256751795598139, -0.5887839699691849, -0.06883916657343711, 0.061107810989153424, -0.10668000955264527, 0.3504270575878204, 0.40369443905538877, 0.5312177302556637, 0.7309589000468075, 0.004944483623298803, -0.042428319758920245]], "inverted": false, "swapped": false, "error_lsq": 0.03703066248149723, "error_max": 0.25395885659111994, "target": "409.xyz", "model": "0.xyz", "model_rescale": 3.751011558992144, "target_rescale": 3.7209883659903826},
{"mapping": [9, 5, 10, 4, 12, 8, 3, 1, 6, 7, 11, 14], "R": [[0.6122712985710776, -0.33188494446268796, 0.7176184505606619], [-0.46129750612924986, -0.8870886555962837, -0.0166831637081572], [0.6421280773996892, -0.3208209792881024, -0.6962366203120905]], "T": [-0.12399864880408988, -0.0023344736317490633, -0.0071968443989973], "aligned_model": [[0.11265457628544169, -0.3760316628473817, 0.43992412127687713, 0.05704244027526435, 0.09159230524851487, -0.5216606166641525, -0.5366152097968429, -0.15602108087803046, 0.46851053208000354, 0.044738156640224166, 0.6150811143141544, -0.09629482569732895], [-0.32178565293118977, -0.02848326178251266, 0.30642955477060335, 0.7625911636501689, -0.6898852364964991, 0.49092791145232584, -0.5737076769306216, 0.4096867860610992, 0.15619631716578677, -0.2008228366326487, -0.30297870833540175, -0.048587298511490434], [-0.5326831110446767, -0.5780572894344899, -0.5162249696316028, -0.09487160361521252, 0.1738268918678226, -0.20461880599067342, 0.287228232079339, 0.5539614174496765, 0.42584657629609807, 0.602563177280774, 0.0030567800924240097, -0.017045033028423875]], "inverted": false, "swapped": false, "error_lsq": 0.04546105733505748, "error_max": 0.29632485260611896, "target": "409.xyz", "model": "1.xyz", "model_rescale": 3.9405287249114394, "target_rescale": 3.7209883659903826},
{"mapping": [11, 5, 0, 1, 10, 2, 8, 4, 7, 3, 6, 12], "R": [[-0.3655078177617005, -0.5630834275002157, -0.7411754777579255], [-0.23862339762954413, -0.7129760472377923, 0.6593360525323229], [-0.8997015667757905, 0.417854292475, 0.12623343852325802]], "T": [0.002445157784978922, -0.004750878142777174, 0.015645644663818042], "aligned_model": [[0.16625423882383034, -0.23939176586864558, 0.3696778397204087, 0.02669296463360513, -0.13707915313338667, -0.4279364825978939, -0.5877918958954219, -0.2573515404518925, 0.5774794168782575, 0.19419093302414825, 0.5251909390264726, -0.06701564392273812], [-0.522646332220045, -0.054415999718688296, 0.3695501952717329, 0.7855084992564094, -0.8008525330721458, 0.37251746056789353, -0.3386655407974424, 0.2515368669844702, 0.19484993087368754, -0.2800630330470888, -0.06536901272134486, 0.04763056010218132], [-0.44540226244832826, -0.6678194666866808, -0.6385476387281287, 0.06178123454785163, 0.2569799376970424, -0.35396208218919145, 0.3908935475715666, 0.614409361972759, 0.5239811353244228, 0.47850248387953664, -0.12006722629490396, 0.002233237675108959]], "inverted": true, "swapped": false, "error_lsq": 0.05269801945520627, "error_max": 0.29026869084593493, "target": "409.xyz", "model": "2.xyz", "model_rescale": 3.932901565614263, "target_rescale": 3.7209883659903826},
{"mapping": [5, 12, 9, 11, 4, 10, 2, 1, 3, 0, 7, 13], "R": [[-0.8621063824210737, 0.4191307153355888, 0.2847841794256254], [0.5037613441655739, 0.7696205279095837, 0.3923120583727549], [-0.05474571684929738, 0.48167799044844395, -0.874636621691663]], "T": [0.08421385263275788, 0.07042505880545717, 0.04759294537247491], "aligned_model": [[0.017718086675651126, -0.2512865475615234, 0.42996974511566427, 0.04830128780115668, 0.06667115612141361, -0.483325210952197, -0.4459744144779742, -0.42516346994048865, 0.3885768850060189, 0.11029857492831255, 0.666491634214919, 0.020642123305790877], [-0.37996422869837276, 0.11313180361951668, 0.0828823535800972, 0.9609731557855601, -0.7913124088389664, 0.4353205507645234, -0.4669109931855792, 0.21673676672424985, 0.26943378960995135, -0.2267761348497851, -0.31230607816218797, 0.05837248513061272], [-0.508759001210115, -0.6370569108141738, -0.6005510340094922, -0.010226368180709683, 0.19016641834224665, -0.19302320444772272, 0.40025457048513835, 0.5651798929340899, 0.40598399948705033, 0.6475440824625464, -0.10800914079076704, -0.04852104193703671]], "inverted": false, "swapped": false, "error_lsq": 0.04609501236919498, "error_max": 0.2531948711063312, "target": "409.xyz", "model": "3.xyz", "model_rescale": 3.9243930471874484, "target_rescale": 3.7209883659903826},
{"mapping": [4, 8, 10, 11, 2, 9, 1, 5, 6, 0, 3, 12], "R": [[0.4585193145582439, -0.6815447723831936, 0.5703128627465626], [-0.7162022516931221, 0.09654240712028128, 0.6911829702019024], [-0.5261315166826068, -0.725380098199946, -0.4438573422719252]], "T": [-0.02269135627490179, 0.0327446102498101, -0.08903193206106198], "aligned_model": [[0.14030013240156333, -0.29138526117847174, 0.39828505931356495, -0.029996044376522785, 0.11873773790482209, -0.5767773618058064, -0.5859384997466, -0.06783859529544423, 0.4825013063762723, 0.026311039825312216, 0.5661628263929908, -0.037442489574936635], [-0.4343393581083663, 0.0006384067144502431, 0.30123195346074116, 0.8236137088881205, -0.8520083627779826, 0.435761136910061, -0.19806584187094925, 0.17898524458288753, 0.37373231322572087, -0.4476831473254348, -0.24627079518719955, 0.023985802967570906], [-0.41710754920120274, -0.6574588368416545, -0.586848287329483, -0.06439878897532118, 0.13102369352384008, -0.2571205083843458, 0.28465174505805946, 0.6527217355763582, 0.2982977398714402, 0.6110468408554233, 0.07935608843927967, 0.028818389728661284]], "inverted": false, "swapped": false, "error_lsq": 0.03448317560152151, "error_max": 0.17426544308272157, "target": "409.xyz", "model": "4.xyz", "model_rescale": 3.8936222436046832, "target_rescale": 3.7209883659903826},
{"mapping": [5, 1, 6, 9, 4, 0, 2, 3, 8, 10, 7, 11], "R": [[0.25486420778841273, 0.35497318857990656, 0.8994655474101267], [0.7087300090422801, -0.7013765440500102, 0.07597840311163279], [0.6578343331503111, 0.6181140500311235, -0.4303359284126848]], "T": [0.07089390154108953, 0.03712528139626163, 0.06529187397457084], "aligned_model": [[0.2485781263551215, -0.4214794880048398, 0.5054413125546182, 0.07862290430567444, -0.09725906223656385, -0.7015384357612011, -0.5611297825352669, -0.2250436885936884, 0.4317254465198385, 0.14484958841517576, 0.681218543386935, 0.05893438583094054], [-0.46534152299670545, 0.0338341797927616, 0.15154091259492058, 0.6311004187008807, -0.7360172894933282, 0.46689689487243147, -0.30286646896078134, 0.3064189541272225, 0.46657397115620836, -0.32998514622619285, -0.18004522341185447, -0.08252861867594316], [-0.5455487630022267, -0.5676902593264698, -0.592497027593833, -0.10549964396903613, -0.002529544160687139, 0.02837367362798124, 0.27049942105758273, 0.4778253791513978, 0.5461632136721432, 0.5744361460575486, 0.07469031986650729, -0.0552406530598534]], "inverted": false, "swapped": false, "error_lsq": 0.0422315874357495, "error_max": 0.2253371884313151, "target": "409.xyz", "model": "5.xyz", "model_rescale": 3.6523030999806103, "target_rescale": 3.7209883659903826},
{"mapping": [4, 11, 10, 9, 2, 7, 3, 5, 8, 1, 6, 12], "R": [[-0.6750164742909858, 0.7356749104106409, -0.055992728349870124], [-0.44683452490437536, -0.4680206597823064, -0.7624274190835582], [-0.5871044768942306, -0.4896315841622453, 0.6446466047390012]], "T": [0.03434419662966111, 0.00742802620168047, 0.06639047336555176], "aligned_model": [[-0.06554970234449192, -0.4274110343416891, 0.5247376351430822, 0.1626117746047186, 0.18860258060538027, -0.5757197900807337, -0.571679265595131, -0.19656654463400908, 0.39608502330615336, 0.10019382022025076, 0.6683144365926932, -0.06069908323947963], [-0.3426136532925988, 0.20702901623779452, -0.00019515172596624823, 0.6310177221877721, -0.7300694238604811, 0.3067076248806744, -0.3311091811578709, 0.3000694864114986, 0.4647903547119051, -0.4565939626357235, -0.10333262312360875, 0.01388085284622489], [-0.37703216192890787, -0.6557664033504267, -0.5403460462937315, -0.2761678350740889, -0.025878136324454848, -0.004825491352643568, 0.09411817457303642, 0.6364297135254482, 0.40353491932544616, 0.5789548956012354, 0.158250559770722, 0.11171007384941989]], "inverted": false, "swapped": false, "error_lsq": 0.0540478985439245, "error_max": 0.2540649932715735, "target": "409.xyz", "model": "6.xyz", "model_rescale": 4.08911054899281, "target_rescale": 3.7209883659903826},
{"mapping": [4, 10, 5, 13, 3, 11, 9, 1, 2, 0, 6, 14], "R": [[0.4359859849601366, 0.4097550660448458, -0.8012596375513517], [0.7756521790836083, 0.28040941168162786, 0.5654504920178364], [0.4563769472718681, -0.8680272735870384, -0.1955728363241255]], "T": [0.018770790225005524, 0.06746221661295099, -0.11181881768466533], "aligned_model": [[0.24116325935307467, -0.3655047931827049, 0.3951806661082997, 0.06732826246933507, 0.10428131089028833, -0.48905499163768706, -0.5804807827881143, -0.22173236148365932, 0.48173709343487603, 0.22119052861598607, 0.4112344476455504, -0.12242278918850125], [-0.47509897009737706, 0.11419767873398343, 0.08889770130298127, 0.7781007966095432, -0.6812309302361301, 0.35834690478648024, -0.26939258156962204, 0.25035721722689763, 0.31174914736191206, -0.3978713740901873, -0.16109102411519244, 0.042616495566330695], [-0.5029945301884658, -0.7196205707908737, -0.7739044276453065, 0.05708796980858878, 0.1302513353341357, -0.15687585286109754, 0.2649884342233489, 0.5565027453551773, 0.5014720112445573, 0.6801073669922524, 0.09525281294161801, -0.029285032092879984]], "inverted": false, "swapped": false, "error_lsq": 0.04093540918503027, "error_max": 0.25097579464012126, "target": "409.xyz", "model": "7.xyz", "model_rescale": 3.964800864290218, "target_rescale": 3.7209883659903826},
{"mapping": [6, 3, 0, 1, 11, 5, 9, 8, 7, 12, 2, 13], "R": [[-0.5532620636930587, -0.37333319149803446, 0.7446632910275556], [-0.14279902888810206, 0.923219161046338, 0.3567559642465853], [-0.8206762615226012, 0.09104234620651974, -0.5640937554790864]], "T": [0.03246156545493081, -0.0524674583991834, -0.054763040708727964], "aligned_model": [[0.07861061504099652, -0.1877317264017882, 0.371217069426934, 0.24761299125359001, -0.1475637896364229, -0.6653520305606121, -0.37833866289929075, -0.38472741727148496, 0.35700629087303604, 0.18936893342236125, 0.6913334098316855, -0.028515832842260454], [-0.4730431167975575, 0.04543962408032705, 0.23018313795461162, 0.662364170006973, -0.8490452312759886, 0.3996864263641251, -0.2845967295898304, 0.3059316253830425, 0.2814472622860179, -0.33820355119258816, 0.008958553830023835, -0.02954110956953636], [-0.4516159151642565, -0.7387892193920143, -0.6191323536876153, 0.021692817009314233, 0.08732160932969495, -0.1424201720654294, 0.4464513850904829, 0.48241572920222087, 0.48377650795480664, 0.626713224792325, -0.08166035401847839, -0.011770996729995965]], "inverted": true, "swapped": false, "error_lsq": 0.048746180144233604, "error_max": 0.26535890535321643, "target": "409.xyz", "model": "8.xyz", "model_rescale": 4.121658175737393, "target_rescale": 3.7209883659903826},
{"mapping": [11, 7, 8, 6, 10, 9, 5, 4, 1, 0, 2, 12], "R": [[0.5138906611590708, 0.21175813281431222, -0.8313091371809224], [0.18617752991780173, -0.9734882127103021, -0.1328857669873196], [-0.8374092880588319, -0.08648232710269921, -0.5396911073676336]], "T": [0.04148893946448106, -0.0678907007983045, -0.056930371299238586], "aligned_model": [[0.12428621810234794, -0.3857601463951472, 0.41207800097868474, 0.10976341695446343, -0.10156673518934564, -0.5592786774674781, -0.4705434788985725, -0.2883887835542148, 0.3553641888222133, 0.14366627413311994, 0.726466947490947, 0.07683262525972565], [-0.4453921977226263, -0.041677884287246156, 0.23670586746992112, 0.6118304311375882, -0.8081321318901844, 0.5084261249068609, -0.3134035008778795, 0.32020796233306015, 0.27390878739182123, -0.3177080529064168, -0.04305833896513443, -0.022126005110144474], [-0.5605863104318611, -0.5784493232040326, -0.6050526348614311, -0.17311913416911312, 0.03283893436672507, -0.06819997155674598, 0.18651197057691543, 0.6701789968499917, 0.45256658985668463, 0.6819710605494097, 0.05502914453022206, 0.009292939814289691]], "inverted": false, "swapped": false, "error_lsq": 0.04163402600553775, "error_max": 0.2097120929602369, "target": "409.xyz", "model": "9.xyz", "model_rescale": 3.833441315466971, "target_rescale": 3.7209883659903826},
{"mapping": [11, 7, 8, 2, 12, 3, 6, 5, 13, 1, 10, 14], "R": [[0.505126230935658, -0.47773322935133, 0.7187617493956439], [-0.7740036184303146, 0.1176604126659413, 0.622153056689478], [-0.38179299296545066, -0.8705900234121859, -0.31033388738204765]], "T": [-0.022348159093192613, -0.05341312435909312, 0.03974180337158573], "aligned_model": [[0.11948948778683167, -0.32322389290116593, 0.46629740700903827, 0.014516024887201814, 0.009816258071086256, -0.6242329719735171, -0.5424048024325584, -0.09200927363036375, 0.44093120978524586, -0.022306214849896047, 0.749734323916182, -0.05368770543134091], [-0.40822768421892325, -0.07058378887463722, 0.19149712867393198, 0.664405163799269, -0.6526756444535551, 0.5032802075537595, -0.4235879705217925, 0.3325016538065235, 0.4753961945873693, -0.4033606199331407, -0.26622920676733647, 0.017165627828151273], [-0.5253473852372421, -0.5544744349351645, -0.5159594122692209, 0.04505142223672659, 0.09331362048926276, -0.2468747627501504, 0.27156337059933366, 0.5907883663604432, 0.4157996074145671, 0.690238291829408, -0.14560138646380266, -0.01551503495310605]], "inverted": false, "swapped": false, "error_lsq": 0.04105962055584899, "error_max": 0.19852206405909376, "target": "409.xyz", "model": "10.xyz", "model_rescale": 4.2482417240324, "target_rescale": 3.7209883659903826},
{"mapping": [3, 8, 1, 0, 7, 10, 9, 4, 6, 5, 2, 11], "R": [[-0.26651251700857775, 0.3675973150563411, -0.890978839390208], [0.9344571989763955, 0.32502781128270375, -0.14541892990241923], [0.23613729387570737, -0.8713375556328009, -0.43012793746153444]], "T": [0.06733632826115478, 0.010347024258648075, -0.02662669403575281], "aligned_model": [[0.221917170693246, -0.23882334004152372, 0.3856541050403654, -0.019398908290377576, -0.12394874512616381, -0.5143165358158199, -0.674632184135145, -0.1858554841780593, 0.4677849295671799, 0.08509231674073654, 0.7577043090782359, -0.018257783295930766], [-0.5413481836302834, -0.06764716480566822, 0.34788091098247, 0.7546220056177817, -0.637490401625319, 0.2738857959325104, -0.23390874332556005, 0.3275599553946151, 0.2687386696153535, -0.28606102404301825, -0.25060875530851184, 0.00395799667524979], [-0.6009165051913393, -0.5529735311420546, -0.5594411289543768, -0.13785271076324007, 0.021048635208999106, -0.11165389009781766, 0.23630437821166583, 0.7486857866235748, 0.4130968707920595, 0.6633103785271296, -0.08186634064685754, 0.06524031975331174]], "inverted": true, "swapped": false, "error_lsq": 0.042380550682255776, "error_max": 0.2237990491535397, "target": "409.xyz", "model": "11.xyz", "model_rescale": 3.6694154284099745, "target_rescale": 3.7209883659903826},
{"mapping": [2, 8, 10, 7, 1, 11, 4, 6, 5, 0, 12, 13], "R": [[0.9904650745895198, -0.0667855617656523, 0.12049325606864239], [0.13774017700366548, 0.46379140689809323, -0.875171511491597], [0.0025650842824534587, 0.8834235788267901, 0.46856824552618836]], "T": [-0.00492819145093301, 0.04899030876983391, -0.02000097509639194], "aligned_model": [[0.11320204052046709, -0.4152991082916566, 0.37930314083082184, 0.2902490395756588, 0.0691937774664027, -0.6684055653189147, -0.5706821675651882, -0.2096116231366391, 0.45685717351195665, 0.06331328363879683, 0.6430004403747221, -0.008200581369683978], [-0.3953990942805279, -0.056461377344829276, 0.22379634680021934, 0.7288336402615663, -0.7937198762879888, 0.36681517707415157, -0.3416002509681477, 0.3238439500240633, 0.38502661894296086, -0.2862402961889845, -0.15578465258230942, -0.03952912397055388], [-0.4835491173030492, -0.6469567182058784, -0.4946986890887279, -0.0733748018211157, 0.008616708688113081, -0.08175675506607681, 0.253933511423238, 0.42990457292043827, 0.5442725998900703, 0.6074553237818493, -0.024920683446660735, 0.06405631054885429]], "inverted": true, "swapped": false, "error_lsq": 0.03870231450581176, "error_max": 0.2550005817192334, "target": "409.xyz", "model": "12.xyz", "model_rescale": 3.9764082729961374, "target_rescale": 3.7209883659903826},
{"mapping": [3, 14, 11, 13, 7, 6, 4, 9, 1, 0, 8, 15], "R": [[0.7642004415245339, 0.6058360422213478, -0.22126991462754464], [-0.6233796353043766, 0.6057454848900145, -0.4944393166235304], [-0.16551590697419338, 0.51578590275514, 0.8405768180586326]], "T": [0.02198618139731534, 0.11444347218714018, 0.12266413393821456], "aligned_model": [[0.16617522643980517, -0.1973462148399234, 0.4123081436125292, -0.08860246447589282, 0.0005979904262815028, -0.6476623443839344, -0.5430478696762452, -0.017655512712078797, 0.5549748535269552, -0.0865296889189841, 0.6193477553866401, -0.029640024148408606], [-0.42986184633010766, 0.17430393530730304, 0.23569610903919788, 0.6193027315465451, -0.6367967407450257, 0.298396402405648, -0.31741671853161263, 0.22747935935156494, 0.24038473276554265, -0.3240615896791576, -0.16483970603522968, 0.0369943923849512], [-0.502943320330981, -0.6435721641389125, -0.5581377921888336, -0.20500616656200193, 0.20149551527592074, -0.1957553646517039, 0.22314805593069714, 0.7118589665858802, 0.4441986616741978, 0.6910350956431487, -0.13191963013867486, 0.06858040522231766]], "inverted": true, "swapped": false, "error_lsq": 0.04304728128446328, "error_max": 0.23410820161437496, "target": "409.xyz", "model": "13.xyz", "model_rescale": 4.170626492500431, "target_rescale": 3.7209883659903826},
{"mapping": [12, 10, 8, 0, 5, 9, 11, 3, 2, 6, 4, 13], "R": [[0.40510618894285255, 0.4860086243547599, -0.7743930479627202], [0.272623123658902, -0.872688430445172, -0.4050821346512399], [-0.8726772645867779, -0.047016171897935444, -0.48602867348892376]], "T": [0.031238044493497777, 0.15868166702546344, -0.0101388192724594], "aligned_model": [[0.12049108172843033, -0.25749956217039643, 0.38153004545508085, 0.2628528516067121, 0.006850055724554563, -0.7594402534168899, -0.5022383105947908, -0.2967270063223467, 0.46615705995474416, 0.04290407442474363, 0.6877090023828473, -0.009669188535945047], [-0.42645637016738686, 0.060551006375480124, 0.13156355392118763, 0.7081978604495325, -0.7418713608859957, 0.2696378368832103, -0.27033460773169193, 0.28382083973636596, 0.3427432852052262, -0.38060336483553164, -0.09106281905916985, 0.07339520158839274], [-0.4406658148959755, -0.4848274255326406, -0.6644448751888917, -0.025789404517494806, 0.11487837266343236, -0.14733574361083354, 0.16595111708493937, 0.5833699989657155, 0.4480084692053965, 0.6352485258052203, -0.10881355621755086, 0.027402598559737736]], "inverted": false, "swapped": false, "error_lsq": 0.03930275929028199, "error_max": 0.2437459404958993, "target": "409.xyz", "model": "14.xyz", "model_rescale": 3.9786697098870705, "target_rescale": 3.7209883659903826},
{"mapping": [9, 6, 7, 10, 3, 1, 0, 4, 5, 2, 8, 11], "R": [[-0.6765149988111174, -0.433493693125391, -0.595324007918464], [0.5924982696798378, -0.8004808614371095, -0.09042229204848423], [-0.43734798137180453, -0.41390048138823465, 0.798381572117365]], "T": [0.000999335542567958, 0.022080648677271983, -0.03216351321862804], "aligned_model": [[-0.036227911480723206, -0.22700055189965032, 0.4089564165199151, -0.09594597925219994, 0.07896088620912926, -0.57106309293861, -0.5256655945484078, -0.08243829898470498, 0.6546306887812062, 0.12761145405112947, 0.4457089763564947, -0.03460714257683474], [-0.48293381470859953, 0.07460149357903106, 0.3778437401214296, 0.848382887368372, -0.8824370974498545, 0.3491215127777295, -0.33686810020071983, 0.3380910084212287, 0.24341728991042927, -0.3448141958805589, -0.22106477438181837, -0.0037588880770488484], [-0.3940872509029247, -0.7888756797529433, -0.4114782219200368, -0.044296310517959826, 0.11247007852763835, -0.19483171115843825, 0.2463781051617056, 0.4856109007592508, 0.37824571309213434, 0.7444991939784487, 0.09169836402598236, -0.12235091897180295]], "inverted": true, "swapped": false, "error_lsq": 0.0474366319646152, "error_max": 0.24954569268303115, "target": "409.xyz", "model": "15.xyz", "model_rescale": 3.769337070930944, "target_rescale": 3.7209883659903826},
{"mapping": [3, 2, 7, 8, 5, 1, 6, 0, 9, 10, 11], "R": [[0.8274382524771535, 0.5321111391312955, 0.17945382121857872], [0.2623252277989149, -0.08370697965362646, -0.9613420912544687], [-0.4965192979107679, 0.842526484550879, -0.20884853275169452]], "T": [0.036571817177442435, 0.051735174804038865, 0.02787379032357179], "aligned_model": [[-0.3891962556207979, -0.3449534967483325, -0.07240181922282585, -0.5941310701472993, 0.40546493354882257, 0.3469546871163419, 0.5962601052639831, 0.2797047081016667, 0.006883881242167815, -0.3727885938550921, 0.06082905101253659], [0.006340287718286049, -0.6191152713796668, 0.6995966358316138, 0.40653185681489823, 0.09925067150721195, -0.509000316193221, 0.45455120723096976, -0.5143670231110613, 0.6203054952684426, -0.12066767870968484, 0.07263863264755374], [-0.6237229120581316, -0.04944285591654264, -0.1851040685542079, 0.0719361350706359, -0.6192493692134373, -0.29647928350388697, 0.044793681903484095, 0.3183418253495564, 0.5573507718684692, 0.541577579898165, -0.015783897620327073]], "inverted": true, "swapped": true, "error_lsq": 0.03972255969755185, "error_max": 0.27274403791967233, "target": "409.xyz", "model": "16.xyz", "model_rescale": 3.7852294659196426, "target_rescale": 3.7209883659903826},
{"mapping": [0, 8, 9, 11, 4, 2, 1, 7, 6, 5, 10, 12], "R": [[0.09860825991314914, -0.930162086025733, 0.3536593061085176], [-0.6831234845794996, -0.3216984774186528, -0.6556312945875015], [0.7236150329373094, -0.1769423164389395, -0.6671376925045976]], "T": [-0.1059604149856688, -0.052806276834185296, -0.048096123026464696], "aligned_model": [[0.025955769013902313, -0.17160500306960058, 0.44774197111466707, 0.030625464369745448, 0.11206218183062563, -0.6151501720408563, -0.6112982300352572, -0.18149968907027586, 0.4599063401340594, -0.023728471561000303, 0.6967259806078976, -0.026816291057163225], [-0.5310261811322539, 0.23861260682276916, 0.12871604188659144, 0.6654164828859652, -0.7021332616561666, 0.2791534589945342, -0.3251560659732112, 0.3654771313389498, 0.25872635940160227, -0.32895653162562866, -0.07367892645595142, -0.015570053007580735], [-0.5167655153179381, -0.6268635491622959, -0.6866296780921863, -0.1066831473061877, 0.13253416000788276, 0.019841687718914244, 0.33231607352341697, 0.509362228506866, 0.5602914737506515, 0.542825153303645, 0.019089873326316217, -0.07633649793802995]], "inverted": true, "swapped": false, "error_lsq": 0.04158464806152717, "error_max": 0.20848851814482378, "target": "409.xyz", "model": "17.xyz", "model_rescale": 3.901054581598922, "target_rescale": 3.7209883659903826},
{"mapping": [9, 5, 10, 4, 12, 8, 3, 1, 6, 7, 11, 14], "R": [[0.6122712985710776, -0.33188494446268796, 0.7176184505606619], [-0.46129750612924986, -0.8870886555962837, -0.0166831637081572], [0.6421280773996892, -0.3208209792881024, -0.6962366203120905]], "T": [-0.12399864880408988, -0.0023344736317490633, -0.0071968443989973], "aligned_model": [[0.11265457628544169, -0.3760316628473817, 0.43992412127687713, 0.05704244027526435, 0.09159230524851487, -0.5216606166641525, -0.5366152097968429, -0.15602108087803046, 0.46851053208000354, 0.044738156640224166, 0.6150811143141544, -0.09629482569732895], [-0.32178565293118977, -0.02848326178251266, 0.30642955477060335, 0.7625911636501689, -0.6898852364964991, 0.49092791145232584, -0.5737076769306216, 0.4096867860610992, 0.15619631716578677, -0.2008228366326487, -0.30297870833540175, -0.048587298511490434], [-0.5326831110446767, -0.5780572894344899, -0.5162249696316028, -0.09487160361521252, 0.1738268918678226, -0.20461880599067342, 0.287228232079339, 0.5539614174496765, 0.42584657629609807, 0.602563177280774, 0.0030567800924240097, -0.017045033028423875]], "inverted": false, "swapped": false, "error_lsq": 0.04546105733505748, "error_max": 0.29632485260611896, "target": "409.xyz", "model": "18.xyz", "model_rescale": 3.9405287249114394, "target_rescale": 3.7209883659903826},
{"mapping": [1, 6, 0, 7, 3, 5, 10, 11, 13, 14, 12, 15], "R": [[0.8783182240191052, 0.1074579270401892, -0.4658432046001645], [0.27851844793638925, -0.9069884632878462, 0.31591043291074844], [-0.388567332022431, -0.40721581671022683, -0.8265535113384934]], "T": [0.09955724360264166, 0.08414912606856728, -0.026532659711340792], "aligned_model": [[0.059441152839847536, -0.32534985953141454, 0.28857672111605404, 0.30179803188597676, 0.12614168109023238, -0.6364731214043456, -0.4239282618231622, -0.32834994062586215, 0.30925851826724693, 0.160783728955249, 0.547501930848327, 0.0635192686185946], [-0.39400509399411104, 0.06439990429934828, 0.13155509309615965, 0.7577900350835578, -0.7630441956247926, 0.4273669984665913, -0.37168081706470457, 0.2284240298566969, 0.3231966327571778, -0.28913266957359285, -0.2225025891610678, 0.06721373333835716], [-0.4796095462081049, -0.6408187311291735, -0.6858494040510296, -0.05706359807450405, 0.05704567621134214, -0.20464340226529987, 0.34236573483482036, 0.5349772651540845, 0.5652540504486335, 0.6492268985708319, 0.04728701872524414, -0.025189699895789848]], "inverted": true, "swapped": false, "error_lsq": 0.04269293567855425, "error_max": 0.2655554537021487, "target": "409.xyz", "model": "19.xyz", "model_rescale": 4.410303926677745, "target_rescale": 3.7209883659903826},
{"mapping": [6, 3, 0, 1, 11, 5, 9, 8, 7, 12, 2, 13], "R": [[-0.5532620636930587, -0.37333319149803446, 0.7446632910275556], [-0.14279902888810206, 0.923219161046338, 0.3567559642465853], [-0.8206762615226012, 0.09104234620651974, -0.5640937554790864]], "T": [0.03246156545493081, -0.0524674583991834, -0.054763040708727964], "aligned_model": [[0.07861061504099652, -0.1877317264017882, 0.371217069426934, 0.24761299125359001, -0.1475637896364229, -0.6653520305606121, -0.37833866289929075, -0.38472741727148496, 0.35700629087303604, 0.18936893342236125, 0.6913334098316855, -0.028515832842260454], [-0.4730431167975575, 0.04543962408032705, 0.23018313795461162, 0.662364170006973, -0.8490452312759886, 0.3996864263641251, -0.2845967295898304, 0.3059316253830425, 0.2814472622860179, -0.33820355119258816, 0.008958553830023835, -0.02954110956953636], [-0.4516159151642565, -0.7387892193920143, -0.6191323536876153, 0.021692817009314233, 0.08732160932969495, -0.1424201720654294, 0.4464513850904829, 0.48241572920222087, 0.48377650795480664, 0.626713224792325, -0.08166035401847839, -0.011770996729995965]], "inverted": true, "swapped": false, "error_lsq": 0.048746180144233604, "error_max": 0.26535890535321643, "target": "409.xyz", "model": "20.xyz", "model_rescale": 4.121658175737393, "target_rescale": 3.7209883659903826},
{"mapping": [4, 11, 10, 9, 2, 7, 3, 5, 8, 1, 6, 12], "R": [[-0.6750164742909858, 0.7356749104106409, -0.055992728349870124], [-0.44683452490437536, -0.4680206597823064, -0.7624274190835582], [-0.5871044768942306, -0.4896315841622453, 0.6446466047390012]], "T": [0.03434419662966111, 0.00742802620168047, 0.06639047336555176], "aligned_model": [[-0.06554970234449192, -0.4274110343416891, 0.5247376351430822, 0.1626117746047186, 0.18860258060538027, -0.5757197900807337, -0.571679265595131, -0.19656654463400908, 0.39608502330615336, 0.10019382022025076, 0.6683144365926932, -0.06069908323947963], [-0.3426136532925988, 0.20702901623779452, -0.00019515172596624823, 0.6310177221877721, -0.7300694238604811, 0.3067076248806744, -0.3311091811578709, 0.3000694864114986, 0.4647903547119051, -0.4565939626357235, -0.10333262312360875, 0.01388085284622489], [-0.37703216192890787, -0.6557664033504267, -0.5403460462937315, -0.2761678350740889, -0.025878136324454848, -0.004825491352643568, 0.09411817457303642, 0.6364297135254482, 0.40353491932544616, 0.5789548956012354, 0.158250559770722, 0.11171007384941989]], "inverted": false, "swapped": false, "error_lsq": 0.0540478985439245, "error_max": 0.2540649932715735, "target": "409.xyz", "model": "21.xyz", "model_rescale": 4.08911054899281, "target_rescale": 3.7209883659903826},
{"mapping": [14, 15, 2, 1, 12, 11, 5, 6, 0, 7, 13, 16], "R": [[0.449659801485694, -0.8793811199682965, -0.1565084942460031], [-0.8931985696121526, -0.44300493752911885, -0.07709047001819685], [-0.0015421318527427258, 0.17445764863750296, -0.9846634707661408]], "T": [-0.018293700272895813, -0.0363724338784973, 0.0069447911185856965], "aligned_model": [[0.04152402773233155, -0.20390830151973996, 0.3399072585808821, -0.042639008515990895, 0.11097479867868587, -0.6296953371458912, -0.6793289815995224, -0.08621809772538305, 0.4793450272881369, 0.255208123927939, 0.532241187943848, 0.02550915259144792], [-0.47721508171005633, 0.10858471872429391, 0.3217911225476277, 0.7411069602176037, -0.7608584668455699, 0.33979856433622285, -0.17572875810432387, 0.21203536297476966, 0.3785180564851388, -0.3102224552269139, -0.3851306883554961, -0.03309827356367705], [-0.4555508144996908, -0.6830129333888217, -0.5075110080495031, -0.15095226074923032, 0.06507524138799206, -0.2587174922217681, 0.21027020932266038, 0.7064045621165977, 0.43156341531744524, 0.6036013975311194, 0.11653029571920592, 0.025281649835047916]], "inverted": false, "swapped": false, "error_lsq": 0.03909614131307671, "error_max": 0.21436739100252158, "target": "409.xyz", "model": "22.xyz", "model_rescale": 4.204369325754507, "target_rescale": 3.7209883659903826},
{"mapping": [1, 6, 0, 7, 3, 5, 10, 11, 13, 14, 12, 15], "R": [[0.8783182240191052, 0.1074579270401892, -0.4658432046001645], [0.27851844793638925, -0.9069884632878462, 0.31591043291074844], [-0.388567332022431, -0.40721581671022683, -0.8265535113384934]], "T": [0.09955724360264166, 0.08414912606856728, -0.026532659711340792], "aligned_model": [[0.059441152839847536, -0.32534985953141454, 0.28857672111605404, 0.30179803188597676, 0.12614168109023238, -0.6364731214043456, -0.4239282618231622, -0.32834994062586215, 0.30925851826724693, 0.160783728955249, 0.547501930848327, 0.0635192686185946], [-0.39400509399411104, 0.06439990429934828, 0.13155509309615965, 0.7577900350835578, -0.7630441956247926, 0.4273669984665913, -0.37168081706470457, 0.2284240298566969, 0.3231966327571778, -0.28913266957359285, -0.2225025891610678, 0.06721373333835716], [-0.4796095462081049, -0.6408187311291735, -0.6858494040510296, -0.05706359807450405, 0.05704567621134214, -0.20464340226529987, 0.34236573483482036, 0.5349772651540845, 0.5652540504486335, 0.6492268985708319, 0.04728701872524414, -0.025189699895789848]], "inverted": true, "swapped": false, "error_lsq": 0.04269293567855425, "error_max": 0.2655554537021487, "target": "409.xyz", "model": "23.xyz", "model_rescale": 4.410303926677745, "target_rescale": 3.7209883659903826},
{"mapping": [4, 5, 15, 13, 3, 12, 0, 7, 11, 1, 10, 16], "R": [[-0.6905991161305385, 0.3621190580229269, -0.6260532314558461], [-0.08649678214042038, -0.9007665568495944, -0.4256030036791085], [-0.7180467724870517, -0.2397694681937521, 0.6533907212709816]], "T": [0.13505552542571608, 0.10400684140189853, -0.05966792337354572], "aligned_model": [[0.11191489442268548, -0.2132698724623091, 0.39741380898962747, -0.1404106524851279, -0.07345892702821699, -0.63418019455922, -0.5359468750793553, -0.15990562013844978, 0.5580434893515738, 0.12307294879778424, 0.6071649113574875, 0.10248193907026415], [-0.47646471765995235, 0.02316808148363353, 0.3671394201928721, 0.7392443119348298, -0.7507849888263675, 0.31233226468012354, -0.18128870634390132, 0.2740550567250086, 0.28909052342710473, -0.30427751467425135, -0.3306518171077244, -0.001980852351755158], [-0.4289938679106661, -0.5771005716563523, -0.6689655254195078, 0.0618983741239582, 0.12769171669578477, -0.16480003026246376, 0.13717729510793852, 0.5113070530967002, 0.37339869925236435, 0.6949814336202681, 0.049732828787285674, -0.013345143114255387]], "inverted": true, "swapped": false, "error_lsq": 0.04079402675802193, "error_max": 0.24727511846950312, "target": "409.xyz", "model": "24.xyz", "model_rescale": 4.28219845311461, "target_rescale": 3.7209883659903826},
{"mapping": [8, 1, 5, 9, 6, 4, 2, 13, 12, 14, 10, 15], "R": [[-0.49110900988247963, -0.1758454062097809, 0.8531648923433077], [0.6466440629037705, -0.7298318764531423, 0.22180371508202915], [0.5836637699254215, 0.6606238152139254, 0.47213639814003144]], "T": [-0.07243610795924017, 0.1227737881566866, -0.00068922597783482], "aligned_model": [[0.23490228985963357, -0.20509893750620456, 0.4625951564049382, 0.19318552846179077, -0.08282583406191284, -0.788150936981385, -0.4304681613910004, -0.24189482328581563, 0.36691192312496856, 0.2424221287038268, 0.5199184535627651, -0.12857693665486047], [-0.3113647256068789, 0.025847834363620037, 0.2162891502254406, 0.7372503093294689, -0.7773203707445259, 0.220276690096805, -0.26084853430815286, 0.35545507480067196, 0.38362575859034076, -0.3014019427376462, -0.40486499597401715, 0.07663681344449338], [-0.4467978641167014, -0.6194648977560396, -0.6566443342925428, -0.09416347414960959, -0.044503534878603, -0.11424115531754063, 0.439114124179982, 0.5189833820962976, 0.567949022240075, 0.5480218683334719, 0.019760853558045362, -0.015031727575780933]], "inverted": false, "swapped": false, "error_lsq": 0.04658874602518475, "error_max": 0.21210376740198128, "target": "409.xyz", "model": "25.xyz", "model_rescale": 4.100010024507729, "target_rescale": 3.7209883659903826},
{"mapping": [3, 8, 1, 0, 7, 10, 9, 4, 6, 5, 2, 11], "R": [[-0.26651251700857775, 0.3675973150563411, -0.890978839390208], [0.9344571989763955, 0.32502781128270375, -0.14541892990241923], [0.23613729387570737, -0.8713375556328009, -0.43012793746153444]], "T": [0.06733632826115478, 0.010347024258648075, -0.02662669403575281], "aligned_model": [[0.221917170693246, -0.23882334004152372, 0.3856541050403654, -0.019398908290377576, -0.12394874512616381, -0.5143165358158199, -0.674632184135145, -0.1858554841780593, 0.4677849295671799, 0.08509231674073654, 0.7577043090782359, -0.018257783295930766], [-0.5413481836302834, -0.06764716480566822, 0.34788091098247, 0.7546220056177817, -0.637490401625319, 0.2738857959325104, -0.23390874332556005, 0.3275599553946151, 0.2687386696153535, -0.28606102404301825, -0.25060875530851184, 0.00395799667524979], [-0.6009165051913393, -0.5529735311420546, -0.5594411289543768, -0.13785271076324007, 0.021048635208999106, -0.11165389009781766, 0.23630437821166583, 0.7486857866235748, 0.4130968707920595, 0.6633103785271296, -0.08186634064685754, 0.06524031975331174]], "inverted": true, "swapped": false, "error_lsq": 0.042380550682255776, "error_max": 0.2237990491535397, "target": "409.xyz", "model": "26.xyz", "model_rescale": 3.6694154284099745, "target_rescale": 3.7209883659903826},
{"mapping": [6, 12, 2, 10, 1, 9, 7, 8, 4, 5, 0, 13], "R": [[-0.890712271028212, -0.45129473482703125, -0.05444917407238278], [-0.2515814274360646, 0.38965299010283116, 0.8859330294515243], [-0.3786006281149006, 0.8028098215775158, -0.4606060733095909]], "T": [-0.062336218128871176, 0.04695436216063409, 0.0009662355311613555], "aligned_model": [[0.021317227219720333, -0.29601680828681115, 0.44358859545078694, 0.02460296311254198, 0.13618343143673, -0.6417016506392824, -0.525376607690676, -0.19830827238153642, 0.5479143739951133, 0.11352770472867359, 0.5355619033519201, -0.018373010060436443], [-0.4268198895408671, 0.052742745064899454, 0.1392903798965344, 0.641951074624002, -0.8132231754444788, 0.3883646358768882, -0.2717103676029666, 0.3774634932993131, 0.46161245349367475, -0.43620649417054175, -0.20811318249977462, 0.05422938848293653], [-0.4886565696060017, -0.7573824242317737, -0.44360523120545514, 0.018607403732099743, 0.01916530780709961, -0.11145376306058981, 0.28411798346429185, 0.530713823658106, 0.36315879784200233, 0.6023030523548368, 0.12093176026136417, -0.03491787869492582]], "inverted": false, "swapped": false, "error_lsq": 0.035640660617592, "error_max": 0.19318806694479784, "target": "409.xyz", "model": "27.xyz", "model_rescale": 4.103607728864725, "target_rescale": 3.7209883659903826},
{"mapping": [11, 8, 13, 2, 6, 1, 5, 0, 3, 9, 10, 14], "R": [[0.03266901456408747, 0.9771949562838099, -0.20981599772394446], [-0.461344845235519, 0.200969358134605, 0.8641598526115293], [0.8866192357838998, 0.0685662781872235, 0.45738932675951877]], "T": [0.14044429665004132, -0.03164893148813762, -0.05945629878382479], "aligned_model": [[0.20365154156946808, -0.3374027548685685, 0.37244461874444784, 0.09976325771731158, 0.012955220765316577, -0.6177361068824495, -0.44275648224882136, -0.1986137040722275, 0.38555179694627484, 0.08323226236690441, 0.5419298164243044, 0.03990038377478268], [-0.5080559080537562, 0.03284410983624321, 0.14646646338096503, 0.7028418525634604, -0.6463368604596816, 0.4305082941867584, -0.339851879387602, 0.297256124664523, 0.4633285198239145, -0.43887964702777404, -0.2584220193016553, 0.07788201125422452], [-0.5504781621754555, -0.7226175309003611, -0.63766325966584, -0.04570684618731395, 0.025234600128646437, 0.06068531153775121, 0.2568160597613202, 0.47585004076865983, 0.44892396101976534, 0.6483670220436626, 0.15770405754500566, -0.014132991554786048]], "inverted": true, "swapped": false, "error_lsq": 0.04035531867923181, "error_max": 0.2308360117302462, "target": "409.xyz", "model": "28.xyz", "model_rescale": 4.137296879288765, "target_rescale": 3.7209883659903826},
{"mapping": [7, 9, 4, 0, 1, 6, 5, 8, 2, 3, 11], "R": [[0.8456094258729643, -0.27664348838920916, -0.45652281345694545], [0.3903820589271726, -0.2627983951366006, 0.8823484864731217], [-0.3640694259925943, -0.9243405129309634, -0.11422814544562247]], "T": [-0.02641141772514806, -0.022414733689739976, -0.01803459650949265], "aligned_model": [[0.48410986066854883, 0.05320437358839168, -0.21776106891415575, -0.4610994371656501, -0.08296199959891772, 0.5029891518016373, 0.5405023688549822, -0.10513388833063576, -0.6215956456303295, 0.10552389007537681, 0.0236414053606503], [-0.40088996163625523, -0.7615382349088352, -0.33352308858550744, 0.2962412247370613, 0.6839238512780536, -0.13298571101794185, 0.4571421721437197, -0.5210425220841551, 0.3792240695609494, 0.2556832155970651, -0.0030871984362020946], [0.2523055977372081, -0.24575642804554035, -0.7072277283004633, -0.43452191494707104, -0.13574002710723407, -0.44617839769070117, 0.05774251081927723, 0.502332013807649, 0.27526006193679414, 0.6983256587396525, -0.010787325166572418]], "inverted": true, "swapped": true, "error_lsq": 0.04553581947478536, "error_max": 0.28684902417536357, "target": "409.xyz", "model": "29.xyz", "model_rescale": 3.607286011436655, "target_rescale": 3.7209883659903826},
