[{"mapping": [7, 5, 0, 2, 1, 6, 10, 3, 8, 9, 11], "R": [[-0.6485060048618265, -0.5252179591296302, 0.5509864400018019], [-0.6965255951630416, 0.11744102474636808, -0.7078557063337797], [0.3070701173037257, -0.8428248341821861, -0.4419889613382296]], "T": [0.19930464097975936, -0.13668918140747574, 0.04277877555730239], "aligned_model": [[-0.6771234240152089, -0.4918974585510319, 0.13555303368308502, 0.6449586100625708, -0.0032719760695436584, 0.04115985615050555, -0.26868055860160184, 0.4962704541817643, 0.6893536158165652, 0.2356017452305274, 0.16859738064813004], [0.2085775800085319, -0.499243974628362, -0.6069542062459233, -0.19926758724558177, 0.06753913875815196, 0.565191160083548, -0.29094985378857685, -0.33111285312979444, 0.26255233722500426, 0.24370450893573106, -0.18331283330406273], [-0.05349178181352629, -0.23914322082945585, -0.35418209528803224, -0.6252232667673607, -0.6046268677499993, -0.043873983860444, 0.510704884995736, 0.6327306858433946, -0.01690122739709509, 0.5153669525127258, 0.0013595151238546682]], "inverted": true, "swapped": false, "error_lsq": 0.060397206633013, "error_max": 0.25586233028245225, "target": "411.xyz", "model": "0.xyz", "model_rescale": 3.751011558992144, "target_rescale": 3.752487122687865},
{"mapping": [4, 8, 5, 9, 10, 11, 1, 3, 12, 7, 14], "R": [[0.39003587870948664, 0.9187063777972209, 0.06205324096313608], [0.8018875923773867, -0.37201904906460054, 0.4675233858581499], [0.45260170405171574, -0.1325911706252748, -0.8818000220921424]], "T": [0.07285033414443913, -0.15296375168631104, 0.024009350604538914], "aligned_model": [[-0.6851971201364057, -0.3925565509767687, 0.15427338028381177, 0.4318734861184102, -0.20228402942734153, 0.355435039495299, -0.38590045488567815, 0.6250382311136563, 0.7371165289512945, 0.21354361949498907, 0.11917914850449511], [-0.04453814745124943, -0.6152020355711482, -0.5673921518908996, -0.07516910016428466, 0.21083764302605157, 0.5666254214836728, -0.02977171475005258, -0.42676837412679325, 0.14052073374305707, 0.20506252884145404, -0.127481386471142], [-0.17393487213106068, -0.07674010265873367, -0.4361052390977126, -0.5230189757877379, -0.6574621273871316, -0.1736476631465107, 0.5339671773270793, 0.47514729478981055, 0.180828939069408, 0.5641015702355636, 0.009583593556823795]], "inverted": false, "swapped": false, "error_lsq": 0.03997432900274675, "error_max": 0.19206445804593858, "target": "411.xyz", "model": "1.xyz", "model_rescale": 3.9405287249114394, "target_rescale": 3.752487122687865},
{"mapping": [4, 7, 6, 11, 3, 9, 1, 0, 5, 2, 12], "R": [[0.8974358987610637, -0.1638915253200688, -0.4095709652101617], [0.37068415105234537, 0.7835098414188056, 0.4987039087058374], [0.2391695377206808, -0.5993762560596971, 0.7639018496497679]], "T": [0.03220169726428731, -0.0211311426079258, -0.08832516147610277], "aligned_model": [[-0.6349840866120287, -0.4736529803941509, 0.2158150001002135, 0.6612302233549531, -0.28300841910796504, 0.3619242212406617, -0.2992459314804867, 0.5264490557129837, 0.6680306220248416, 0.20727382113144804, 0.020689752565291798], [0.1771806404178744, -0.5999155515456319, -0.5042250965318935, -0.03752191827271005, -0.08864826995687185, 0.6508733773689808, -0.29296563033476675, -0.5249537293797134, 0.1846761095051992, 0.24505762674499365, 0.027165858653205387], [-0.0032881789962188185, -0.2833367155385455, -0.2564384568849239, -0.42249389860525727, -0.5604307626079138, -0.38844861841227085, 0.5776138845634117, 0.36423680997195135, 0.1970539439122051, 0.5138898483307192, -0.01563826096335892]], "inverted": true, "swapped": false, "error_lsq": 0.056142429212131174, "error_max": 0.2634392089951625, "target": "411.xyz", "model": "2.xyz", "model_rescale": 3.932901565614263, "target_rescale": 3.752487122687865},
{"mapping": [2, 6, 12, 9, 5, 7, 1, 11, 8, 3, 13], "R": [[0.23715022885463757, -0.5633401877686521, -0.7914591599059126], [0.9232875859158678, -0.12269902799568569, 0.3639848653756954], [-0.3021585720244293, -0.8170635112240014, 0.49102689944489203]], "T": [0.05279485580571698, 0.006633218108169331, 0.06934729905185977], "aligned_model": [[-0.7797558142981118, -0.4006367154435827, 0.13531414472014075, 0.5552169762396011, -0.04585691091926912, 0.2649880189790376, -0.40617134704547075, 0.6086910330038441, 0.7629994074860882, 0.2335959527954633, 0.0421365330180214], [0.03916145788244532, -0.37433759264213107, -0.5578530539746106, -0.020017099228770846, -0.049676049448350065, 0.5696246138960316, -0.2258120419488023, -0.5021023734012677, 0.1491257873223566, 0.284205722414673, -0.0755959542029083], [0.06827561572519308, -0.27117188136593784, -0.43827029889631874, -0.46605415114547144, -0.6405095745247467, -0.3150448147050141, 0.6023462170897511, 0.5488014016263191, 0.18805739981473465, 0.45787007349570025, -0.011580392344411217]], "inverted": true, "swapped": false, "error_lsq": 0.04838217731439043, "error_max": 0.21651808513763174, "target": "411.xyz", "model": "3.xyz", "model_rescale": 3.9243930471874484, "target_rescale": 3.752487122687865},
{"mapping": [2, 7, 8, 9, 1, 5, 3, 10, 11, 6, 12], "R": [[-0.6069766018192925, 0.3519770973246811, 0.7125247559227652], [-0.6812718532114792, -0.6921003089228187, -0.2384655623161037], [0.4092041872533818, -0.6301660775921145, 0.6598807830104377]], "T": [0.11652131510249363, -0.12233760843871672, -0.004105160448908421], "aligned_model": [[-0.8052097455346697, -0.4645432033988742, 0.2590837879166598, 0.6082578126470815, -0.13659139211071514, 0.07504423711160972, -0.2599912087248084, 0.45306912601780314, 0.8712955910301209, 0.2900790983031662, 0.08002717527838836], [-0.13314701444312357, -0.44885131178419907, -0.6861140342470586, -0.194398354926749, 0.1664705669141639, 0.6308599570593836, -0.017396664331529935, -0.524759325873632, 0.10398582924885694, 0.3511191536272388, -0.01104538457468543], [0.03474710991074319, -0.4498310692522539, -0.2452865278140277, -0.5047945427759594, -0.6063377527909577, -0.07190028640908318, 0.5437808569084992, 0.4669787512098943, 0.0681968128210013, 0.5128405862994327, -0.02567434333749079]], "inverted": false, "swapped": false, "error_lsq": 0.047018590790083144, "error_max": 0.27187709193241566, "target": "411.xyz", "model": "4.xyz", "model_rescale": 3.8936222436046832, "target_rescale": 3.752487122687865},
{"mapping": [8, 3, 2, 4, 10, 7, 9, 1, 5, 6, 11], "R": [[0.9960905339498598, -0.031213712110390358, -0.08263989564231608], [-0.08810507138208602, -0.41896053315419024, -0.9037198504270636], [-0.006414403498435979, 0.9074677822575556, -0.4200727075070611]], "T": [-0.010139220385020173, -0.09292903636948228, -0.012674396802315887], "aligned_model": [[-0.7037224589030936, -0.43163115851234657, 0.20385445308266092, 0.6216101880065007, -0.09960712854842556, 0.03744090905614789, -0.3253456810972272, 0.5002464814307476, 0.7326941945857546, 0.27582559779518895, 0.1591558816398546], [0.1576408616685906, -0.45766283998006446, -0.6743046083417121, -0.12769276705436855, 0.002943208881311457, 0.5423210204830495, -0.1696953675514124, -0.531346734166851, 0.20766011600930834, 0.363409507393713, -0.07654898067289857], [-0.057617068894602524, -0.1526595064340765, -0.4290487679563201, -0.49257935294747063, -0.6309554053126053, -0.13074651010292537, 0.5134318294898729, 0.4236799601154645, 0.10986349987426473, 0.5743416884517097, -0.0049907715135126835]], "inverted": true, "swapped": false, "error_lsq": 0.0410161043142949, "error_max": 0.2249334565013942, "target": "411.xyz", "model": "5.xyz", "model_rescale": 3.6523030999806103, "target_rescale": 3.752487122687865},
{"mapping": [0, 5, 8, 6, 1, 2, 7, 9, 10, 4, 12], "R": [[-0.24949091574919316, 0.8183728634768097, -0.5177066150662902], [0.6776808401782226, 0.5294398285326397, 0.5103353278175706], [0.6917390850703516, -0.22351582558757696, -0.6866860373547263]], "T": [0.1177517805476645, -0.07678801690130233, 0.03336030153153856], "aligned_model": [[-0.846144413160911, -0.36596475667895906, 0.26505677154423624, 0.5569285902698448, -0.1881307010639119, 0.20448023970546564, -0.2912293545143371, 0.4985205326188569, 0.8655979686264264, 0.2554887515342829, 0.01591764965476805], [0.09073890320513059, -0.5165304690126882, -0.6521073915227912, -0.06404162435140333, 0.1847147849036952, 0.6316184318115877, -0.2757656444244497, -0.5627541597622069, 0.08211884459914318, 0.4072793610465747, -0.08854761982392606], [-0.13985225370759508, -0.15781610237672145, -0.28446348530501897, -0.4457907407832218, -0.5327024671476267, -0.22519358454102278, 0.5432234151275704, 0.40954501762149786, 0.18875570046965584, 0.3087489402895962, 0.058265155122684854]], "inverted": false, "swapped": false, "error_lsq": 0.044830533852749675, "error_max": 0.27261910369311065, "target": "411.xyz", "model": "6.xyz", "model_rescale": 4.08911054899281, "target_rescale": 3.752487122687865},
{"mapping": [5, 4, 6, 2, 7, 13, 10, 9, 1, 11, 14], "R": [[0.3824379500534021, -0.9210064434204646, 0.07408336882822147], [0.6998778936116792, 0.3410955765120004, 0.6275545727007537], [-0.6032513144557838, -0.18815137220316214, 0.7750399426774315]], "T": [0.06080189565494919, -0.12395041029117745, 0.01823407327748919], "aligned_model": [[-0.674386741611211, -0.4181331975449724, 0.13517336663287707, 0.5438617784020218, -0.160870987303375, 0.26680123934379185, -0.4148779340065668, 0.5571147974232126, 0.7816795585215726, 0.17803662169340717, 0.17612277698500423], [-0.05864882533392708, -0.6369074081547714, -0.39430582456571506, 0.03092989302382579, 0.13397086194924032, 0.5623658596190013, 0.0051547606158294235, -0.46130910125853697, 0.0052284140603768015, 0.19890061111978782, -0.14865582440644529], [-0.17080190271683154, -0.047688491498209334, -0.3947063591464837, -0.6085073284319332, -0.6771986803545786, -0.13152830653789752, 0.5439102597271389, 0.5226346334228426, 0.05816257656148871, 0.49421127855284774, 0.1342319151914145]], "inverted": false, "swapped": false, "error_lsq": 0.04483186010705088, "error_max": 0.27331766384490186, "target": "411.xyz", "model": "7.xyz", "model_rescale": 3.964800864290218, "target_rescale": 3.752487122687865},
{"mapping": [12, 7, 1, 5, 8, 10, 4, 0, 3, 6, 13], "R": [[-0.8338222349404942, -0.4145885719764587, -0.36449526266518206], [-0.5134088512437487, 0.3397669264579452, 0.7880163622348813], [-0.20285914320881296, 0.8442006584170862, -0.49615866045524626]], "T": [0.04677568797467944, -0.06332364172023613, 0.06520994936342421], "aligned_model": [[-0.700535840252186, -0.3925402875059715, 0.1889110467344135, 0.5400165273754657, -0.12608308376205987, 0.26932638707472645, -0.31857507217367803, 0.5222353127207389, 0.744120677879033, 0.2034620760673632, 0.040183534377916656], [0.005553958786170821, -0.532063744742864, -0.7015874065199363, 0.15444259383814057, 0.003445710324465112, 0.6424986975052995, -0.02894643599835868, -0.49982680808574403, 0.04039683283714077, 0.18641711795473276, -0.033607099230380875], [-0.021139881072287287, -0.24160816364089815, -0.302943276218465, -0.5738221812578161, -0.6809262848917401, -0.29174946679968056, 0.6655685295466469, 0.3759550273807039, 0.2352532494822367, 0.5647945287110826, -0.006662486469984838]], "inverted": false, "swapped": false, "error_lsq": 0.03909239417657988, "error_max": 0.18420366091709106, "target": "411.xyz", "model": "8.xyz", "model_rescale": 4.121658175737393, "target_rescale": 3.752487122687865},
{"mapping": [4, 1, 2, 3, 0, 10, 9, 8, 11, 7, 12], "R": [[0.7544600156534411, 0.6457500958447405, 0.11746019962828919], [-0.5329634664949213, 0.4982955703746418, 0.6838504719064887], [0.3830666106069886, -0.5785398329082613, 0.7201052933957333]], "T": [0.0968132809883076, -0.04578622531849476, 0.054681121812900496], "aligned_model": [[-0.7855763785495842, -0.32406023353874, 0.292571836036434, 0.6306464752800744, -0.28866203478972635, 0.34125208452783284, -0.4414690028894365, 0.5131913254808864, 0.7005884390379034, 0.29293137484369614, 0.039107393096421986], [-0.03992303074782336, -0.49044779801788213, -0.5634610926422882, -0.03286860006725527, 0.07282754512613042, 0.5624904930936676, 0.007389059629057268, -0.5432332689799988, 0.13088894129079015, 0.23352897804139172, -0.10046781005712391], [-0.04269459080967447, -0.26166249871340164, -0.36488743125757006, -0.5263001576618681, -0.6207178695314847, -0.32837231539561906, 0.687622184605522, 0.38593495280095935, 0.1399660476748079, 0.636687668810234, 0.017143604247892706]], "inverted": false, "swapped": false, "error_lsq": 0.037791154272885104, "error_max": 0.21515247948924116, "target": "411.xyz", "model": "9.xyz", "model_rescale": 3.833441315466971, "target_rescale": 3.752487122687865},
{"mapping": [1, 0, 13, 2, 5, 3, 12, 8, 9, 7, 14], "R": [[0.22364851312129103, -0.6272689376015528, -0.7459993448380873], [0.4706571752112439, -0.6007311641385991, 0.6462227880962232], [-0.8535005366142474, -0.49563671005374826, 0.16087599462408494]], "T": [-0.04534188864416917, -0.030457014957078005, 0.10838051856516173], "aligned_model": [[-0.7444454775753415, -0.37735096489673586, 0.12758893277500888, 0.46593167825676335, -0.1609930375338226, 0.47451953857080914, -0.5045477434102962, 0.5738389361595018, 0.7601606217498378, 0.31659930796788777, 0.03921948647214922], [-0.13487963133394856, -0.5636549180099423, -0.525010923687037, -0.04404858174377377, -0.02750502489386618, 0.6241771293974714, -0.08965150241902764, -0.4264397178709276, 0.061547673202356074, 0.3514328074741605, 0.010756106553201125], [-0.10600003569848548, -0.15485498658110874, -0.49261690553735693, -0.39665894922752, -0.5579912237695359, -0.12724648176974274, 0.4939269527509815, 0.3679420094786403, 0.08366271853456278, 0.5171258066117467, 0.09543068997761726]], "inverted": true, "swapped": false, "error_lsq": 0.04572571764491726, "error_max": 0.24268875028340345, "target": "411.xyz", "model": "10.xyz", "model_rescale": 4.2482417240324, "target_rescale": 3.752487122687865},
{"mapping": [3, 1, 0, 10, 8, 9, 2, 6, 4, 5, 11], "R": [[0.7843924389547575, -0.618963055976057, -0.04016512227527061], [-0.5127908936640155, -0.6835499563858217, 0.5194275276688767], [-0.3489613174635082, -0.3868387163427695, -0.8535700360558652]], "T": [0.022067153149859117, -0.06868645031082207, -0.0013588319382946724], "aligned_model": [[-0.7625254043238182, -0.3192958847192837, 0.37447296324036533, 0.33380375337860957, -0.28761691418164104, 0.38317021966231296, -0.43590663133239166, 0.32669063501335605, 0.8692387541701112, 0.3674027387538771, 0.12108704887426436], [0.12646308849947688, -0.6484970647643381, -0.6247518828052374, 0.04107274288921969, 0.036522202731982756, 0.6155095346965999, -0.2784450573319617, -0.3902372311948381, 0.025744512057328764, 0.324575802045422, 0.008766769845010985], [-0.06771245060967795, -0.2168524084132979, -0.37611322581928064, -0.5543286087981051, -0.520863159851693, -0.28559699192729376, 0.5408760119183441, 0.47223568635052127, 0.1966882634790665, 0.5374122739209132, -0.0030257954796985495]], "inverted": true, "swapped": false, "error_lsq": 0.04969999292038279, "error_max": 0.2550184589799004, "target": "411.xyz", "model": "11.xyz", "model_rescale": 3.6694154284099745, "target_rescale": 3.752487122687865},
{"mapping": [7, 9, 8, 2, 10, 12, 6, 4, 1, 0, 13], "R": [[-0.2765862356955737, -0.5027199433210353, 0.8190071506470794], [0.8810368312814053, 0.20768881460720223, 0.4250170093215989], [-0.38376315110934434, 0.8391293195177668, 0.38547091845725057]], "T": [0.020431283081880705, -0.07096109809087275, 0.04129684022517846], "aligned_model": [[-0.6898359697559404, -0.4531364954651145, 0.22104966549362626, 0.471067519211423, -0.17773661018468523, 0.1312498376120259, -0.24960245774140066, 0.4697790594157959, 0.8408010021693784, 0.303664105305809, 0.10322162247484416], [0.0722114374436078, -0.5574882617131399, -0.6694266337218446, -0.07331642346978096, 0.06900606245568397, 0.548339272131227, -0.12646135967253241, -0.42008864856015066, 0.13751974211283718, 0.2843574443679888, -0.027929214705230562], [-0.12358909939487195, -0.38731854105485075, -0.3760628590888768, -0.4311806814853003, -0.5457870271696493, -0.2155198252798237, 0.5351149577897554, 0.5144513384151246, 0.03963630602877824, 0.5928997465132411, 0.12007527949627161]], "inverted": true, "swapped": false, "error_lsq": 0.03264181051214226, "error_max": 0.17692242058955787, "target": "411.xyz", "model": "12.xyz", "model_rescale": 3.9764082729961374, "target_rescale": 3.752487122687865},
{"mapping": [4, 9, 1, 8, 7, 3, 6, 13, 11, 14, 15], "R": [[0.4703890674699342, 0.39975208600575585, -0.786722565418593], [0.4144586491315847, -0.8871454391030638, -0.20297043636612253], [-0.7790751910854226, -0.23058889741849883, -0.5829842253633739]], "T": [0.025192613756119947, -0.2539598216560612, -0.05420509280507908], "aligned_model": [[-0.6126055449865008, -0.2813873896830875, 0.3098373228430944, 0.5299011706714515, -0.28726056936930466, 0.28655290259669075, -0.26240961214342007, 0.28463784889170474, 0.7317980281387508, 0.2836579584019775, -0.01220083682559489], [0.0756831130150718, -0.7361386037634687, -0.6592923228936436, 0.01261236585651987, 0.21727898828387404, 0.5351106254611491, -0.042267971232012425, -0.3572742013901932, 0.06746920571809012, 0.2768824393918861, -0.1533402217786075], [-0.033888446793645124, -0.2413185613054915, -0.45170418876665785, -0.47117197166927566, -0.5555439914396988, -0.18650050548832553, 0.6211691188886334, 0.49030831850128304, 0.11293816154838791, 0.48450651750016577, -0.04607485620557718]], "inverted": true, "swapped": false, "error_lsq": 0.04426346348411225, "error_max": 0.2274296969814514, "target": "411.xyz", "model": "13.xyz", "model_rescale": 4.170626492500431, "target_rescale": 3.752487122687865},
{"mapping": [7, 8, 4, 2, 0, 3, 9, 5, 6, 11, 13], "R": [[-0.721232269589913, 0.5989806044378462, -0.3479170142569279], [-0.61000531058883, -0.7871894481493183, -0.0906989182724722], [-0.3282034953433738, 0.14681623966593055, 0.9331277819327576]], "T": [0.01535924703999536, -0.06448155168242792, -0.06219857931214759], "aligned_model": [[-0.774310215353302, -0.3789888010763586, 0.2599713640387633, 0.37853852593240633, -0.25238853063659894, 0.31216778653133403, -0.3666926976829226, 0.6260117658046223, 0.8275863986199749, 0.25599382320205244, 0.08263185915579069], [-0.12663161856803914, -0.6769436416627341, -0.6314917705746381, 0.07583754683291591, 0.10264427349148633, 0.5528325128530849, 0.35555954424977915, -0.47612537564468926, 0.024289238412979336, 0.10285872869769622, -0.06610602141917564], [-0.23537280441046468, -0.20689169624830525, -0.4110931973305535, -0.5926168380583694, -0.5683986313045053, 0.017184296936741866, 0.5156493485420459, 0.47153608498873, 0.1375414219199472, 0.5810369004685887, 0.014144709265942496]], "inverted": false, "swapped": false, "error_lsq": 0.05744617099209639, "error_max": 0.4297905750264925, "target": "411.xyz", "model": "14.xyz", "model_rescale": 3.9786697098870705, "target_rescale": 3.752487122687865},
{"mapping": [3, 9, 6, 1, 0, 4, 8, 7, 10, 5, 11], "R": [[0.7511617490156451, -0.6414803003797875, -0.15575317345214756], [-0.25317417771513745, -0.49786221701846667, 0.8294793840739634], [-0.609638304697155, -0.5836405032981475, -0.5363813012735102]], "T": [0.07794381131067965, -0.04470942220970611, -0.024366134947026795], "aligned_model": [[-0.8396330675418279, -0.34032843166107285, 0.30212614608870003, 0.5050986244370039, -0.25102274834706795, 0.29975900465999417, -0.24284573999042045, 0.43899978511005555, 0.8972276897722091, 0.12653987264078248, 0.07460014336740575], [-0.06838040354163716, -0.4827019621173728, -0.7521106736422257, -0.08617210708231807, 0.22190853850259354, 0.5259462624042611, -0.013091613085406836, -0.39787256896329926, 0.0971378511020263, 0.3257498672640331, -0.13368977417198852], [-0.0757625194573393, -0.1679806669200651, -0.30128027515856765, -0.5501909183858749, -0.5761826368127319, -0.016313824203003445, 0.3859051215945605, 0.402002697109892, 0.006847100129580435, 0.6863081402281486, -0.07063262335480067]], "inverted": true, "swapped": false, "error_lsq": 0.05057017089614099, "error_max": 0.24259679707583032, "target": "411.xyz", "model": "15.xyz", "model_rescale": 3.769337070930944, "target_rescale": 3.752487122687865},
{"mapping": [7, 1, 0, 4, 5, 6, 9, 3, 2, 8, 10], "R": [[0.0975280770770206, -0.8491879611397923, 0.5190068215706813], [-0.8578217069993368, -0.33613724272983375, -0.38878486731189627], [0.5046089507553375, -0.40729787711848825, -0.7612346853056358]], "T": [0.029459231973750263, -0.07252897743349032, -0.03312630249770728], "aligned_model": [[-0.6516116093377009, -0.4741026355106574, 0.36098453603351277, 0.49440072567628895, -0.22303694110068645, 0.32056571144789714, -0.16234295061313186, 0.3191767226615122, 0.7334146397540352, 0.16422206183573435, 0.08885101768895794], [0.1284669310459383, -0.6692390414368911, -0.5350102821334253, 0.10195395240535451, 0.01838611083993197, 0.5734210152029013, -0.22346196283292138, -0.4639384946866818, -0.03725944324025536, 0.430024941494733, -0.08662030999001828], [-0.11606999347573979, -0.21058331569550512, -0.33918533306694265, -0.6343065077323679, -0.6479686000223374, -0.20491848544170577, 0.7422515664059719, 0.4591193720489611, 0.18987302942995007, 0.5061067176374718, -0.02159885531795831]], "inverted": true, "swapped": false, "error_lsq": 0.0499049971865304, "error_max": 0.26288995072603427, "target": "411.xyz", "model": "16.xyz", "model_rescale": 3.7852294659196426, "target_rescale": 3.752487122687865},
{"mapping": [6, 5, 1, 2, 7, 11, 10, 0, 8, 9, 12], "R": [[-0.6243669172957271, 0.722921846737275, 0.29588841832116186], [-0.7753161584229883, -0.5274035986031187, -0.347462657948592], [-0.09513572974887248, -0.4463512604333594, 0.8897863480828987]], "T": [0.19197444017424065, -0.19508098538353924, -0.03473813313471999], "aligned_model": [[-0.6369572852141936, -0.3189825855854262, 0.2143990953719636, 0.45962962740381846, -0.19370897681621596, 0.1515153370019181, -0.3654135751697471, 0.4731795386612741, 0.6830465693199539, 0.3397044749135698, 0.16410905864884653], [0.11502218464307018, -0.566554835085542, -0.684492040955174, -0.05163879683265166, 0.03920645900813052, 0.5243893400411948, 0.003488535669449566, -0.4894629313332917, 0.19251220981774042, 0.2851006665490527, -0.13084737485331274], [-0.09878073212934255, -0.2167796321803824, -0.5187093179903796, -0.5656543791878054, -0.5711938167055135, -0.1713309083352858, 0.5122022849537746, 0.5129936609237009, 0.14644020514673184, 0.6687270070783863, 0.024805223195913606]], "inverted": true, "swapped": false, "error_lsq": 0.03665660190878289, "error_max": 0.1802330551013486, "target": "411.xyz", "model": "17.xyz", "model_rescale": 3.901054581598922, "target_rescale": 3.752487122687865},
{"mapping": [4, 8, 5, 9, 10, 11, 1, 3, 12, 7, 14], "R": [[0.39003587870948664, 0.9187063777972209, 0.06205324096313608], [0.8018875923773867, -0.37201904906460054, 0.4675233858581499], [0.45260170405171574, -0.1325911706252748, -0.8818000220921424]], "T": [0.07285033414443913, -0.15296375168631104, 0.024009350604538914], "aligned_model": [[-0.6851971201364057, -0.3925565509767687, 0.15427338028381177, 0.4318734861184102, -0.20228402942734153, 0.355435039495299, -0.38590045488567815, 0.6250382311136563, 0.7371165289512945, 0.21354361949498907, 0.11917914850449511], [-0.04453814745124943, -0.6152020355711482, -0.5673921518908996, -0.07516910016428466, 0.21083764302605157, 0.5666254214836728, -0.02977171475005258, -0.42676837412679325, 0.14052073374305707, 0.20506252884145404, -0.127481386471142], [-0.17393487213106068, -0.07674010265873367, -0.4361052390977126, -0.5230189757877379, -0.6574621273871316, -0.1736476631465107, 0.5339671773270793, 0.47514729478981055, 0.180828939069408, 0.5641015702355636, 0.009583593556823795]], "inverted": false, "swapped": false, "error_lsq": 0.03997432900274675, "error_max": 0.19206445804593858, "target": "411.xyz", "model": "18.xyz", "model_rescale": 3.9405287249114394, "target_rescale": 3.752487122687865},
{"mapping": [3, 1, 0, 7, 12, 13, 10, 5, 9, 11, 15], "R": [[-0.19629755034293186, 0.8938384960619468, -0.40313771181456276], [0.05238765246368604, 0.4201096573797385, 0.9059599382122936], [0.9791439146513186, 0.1567182782383602, -0.1292925971094082]], "T": [0.07996678400752785, -0.0921742812408157, -0.12679528299833406], "aligned_model": [[-0.7678323721132754, -0.36962334515353, 0.13596615158490497, 0.7275618515671923, -0.2777321653233372, 0.2669786829153768, -0.3309996148244396, 0.510815222171415, 0.7629512327085922, 0.2453262450769183, 0.06710938992594484], [-0.0727731106059469, -0.5698237934712831, -0.6457543331309377, 8.983182318891836e-05, 0.10084401319821215, 0.5528236978753065, 0.044898189697135465, -0.47563998292896603, 0.10047317829514096, 0.3057803805934467, -0.10419465467663111], [-0.047493452421633914, -0.19917679449386966, -0.5306361612365517, -0.3870519079942196, -0.494129547488916, -0.1450710039134133, 0.52911766373208, 0.4720254929600669, 0.1654871935947387, 0.45070063703836616, -0.09105252500684916]], "inverted": false, "swapped": false, "error_lsq": 0.03929772011279218, "error_max": 0.21084978103427512, "target": "411.xyz", "model": "19.xyz", "model_rescale": 4.410303926677745, "target_rescale": 3.752487122687865},
{"mapping": [12, 7, 1, 5, 8, 10, 4, 0, 3, 6, 13], "R": [[-0.8338222349404942, -0.4145885719764587, -0.36449526266518206], [-0.5134088512437487, 0.3397669264579452, 0.7880163622348813], [-0.20285914320881296, 0.8442006584170862, -0.49615866045524626]], "T": [0.04677568797467944, -0.06332364172023613, 0.06520994936342421], "aligned_model": [[-0.700535840252186, -0.3925402875059715, 0.1889110467344135, 0.5400165273754657, -0.12608308376205987, 0.26932638707472645, -0.31857507217367803, 0.5222353127207389, 0.744120677879033, 0.2034620760673632, 0.040183534377916656], [0.005553958786170821, -0.532063744742864, -0.7015874065199363, 0.15444259383814057, 0.003445710324465112, 0.6424986975052995, -0.02894643599835868, -0.49982680808574403, 0.04039683283714077, 0.18641711795473276, -0.033607099230380875], [-0.021139881072287287, -0.24160816364089815, -0.302943276218465, -0.5738221812578161, -0.6809262848917401, -0.29174946679968056, 0.6655685295466469, 0.3759550273807039, 0.2352532494822367, 0.5647945287110826, -0.006662486469984838]], "inverted": false, "swapped": false, "error_lsq": 0.03909239417657988, "error_max": 0.18420366091709106, "target": "411.xyz", "model": "20.xyz", "model_rescale": 4.121658175737393, "target_rescale": 3.752487122687865},
{"mapping": [0, 5, 8, 6, 1, 2, 7, 9, 10, 4, 12], "R": [[-0.24949091574919316, 0.8183728634768097, -0.5177066150662902], [0.6776808401782226, 0.5294398285326397, 0.5103353278175706], [0.6917390850703516, -0.22351582558757696, -0.6866860373547263]], "T": [0.1177517805476645, -0.07678801690130233, 0.03336030153153856], "aligned_model": [[-0.846144413160911, -0.36596475667895906, 0.26505677154423624, 0.5569285902698448, -0.1881307010639119, 0.20448023970546564, -0.2912293545143371, 0.4985205326188569, 0.8655979686264264, 0.2554887515342829, 0.01591764965476805], [0.09073890320513059, -0.5165304690126882, -0.6521073915227912, -0.06404162435140333, 0.1847147849036952, 0.6316184318115877, -0.2757656444244497, -0.5627541597622069, 0.08211884459914318, 0.4072793610465747, -0.08854761982392606], [-0.13985225370759508, -0.15781610237672145, -0.28446348530501897, -0.4457907407832218, -0.5327024671476267, -0.22519358454102278, 0.5432234151275704, 0.40954501762149786, 0.18875570046965584, 0.3087489402895962, 0.058265155122684854]], "inverted": false, "swapped": false, "error_lsq": 0.044830533852749675, "error_max": 0.27261910369311065, "target": "411.xyz", "model": "21.xyz", "model_rescale": 4.08911054899281, "target_rescale": 3.752487122687865},
{"mapping": [1, 2, 13, 7, 0, 6, 11, 9, 10, 5, 16], "R": [[0.7355596737921082, 0.5423349495668871, -0.4059861681992746], [-0.6128558200235895, 0.27729179183099456, -0.7399439208793936], [-0.2887208169738743, 0.7930838950965013, 0.5363377901887021]], "T": [0.04629318842097116, -0.21400144444308752, 4.6691416563434535e-05], "aligned_model": [[-0.702842598714596, -0.5472094866313609, 0.35686675064875806, 0.5551325705299641, -0.14466513640732465, 0.18179578288122586, -0.35997276483748464, 0.49645991454245386, 0.7641952502490597, 0.32187793789234564, 0.04888305838272128], [0.04743030035016563, -0.5862875174758305, -0.5189198123618358, 0.007871374523942182, 0.11527477989694793, 0.4771690526530665, 0.007270964667868307, -0.3665682069183661, 0.1254643661196698, 0.14385762607419714, -0.21583951086115938], [-0.021105058231375335, -0.17434219557121963, -0.4972447898890669, -0.4445330240766152, -0.6746321095268307, -0.2438518928141855, 0.609865948613054, 0.5307263624455151, 0.14327728276103285, 0.5420051634930434, -0.04744609243355391]], "inverted": false, "swapped": false, "error_lsq": 0.04365803152017827, "error_max": 0.20636405887807222, "target": "411.xyz", "model": "22.xyz", "model_rescale": 4.204369325754507, "target_rescale": 3.752487122687865},
{"mapping": [3, 1, 0, 7, 12, 13, 10, 5, 9, 11, 15], "R": [[-0.19629755034293186, 0.8938384960619468, -0.40313771181456276], [0.05238765246368604, 0.4201096573797385, 0.9059599382122936], [0.9791439146513186, 0.1567182782383602, -0.1292925971094082]], "T": [0.07996678400752785, -0.0921742812408157, -0.12679528299833406], "aligned_model": [[-0.7678323721132754, -0.36962334515353, 0.13596615158490497, 0.7275618515671923, -0.2777321653233372, 0.2669786829153768, -0.3309996148244396, 0.510815222171415, 0.7629512327085922, 0.2453262450769183, 0.06710938992594484], [-0.0727731106059469, -0.5698237934712831, -0.6457543331309377, 8.983182318891836e-05, 0.10084401319821215, 0.5528236978753065, 0.044898189697135465, -0.47563998292896603, 0.10047317829514096, 0.3057803805934467, -0.10419465467663111], [-0.047493452421633914, -0.19917679449386966, -0.5306361612365517, -0.3870519079942196, -0.494129547488916, -0.1450710039134133, 0.52911766373208, 0.4720254929600669, 0.1654871935947387, 0.45070063703836616, -0.09105252500684916]], "inverted": false, "swapped": false, "error_lsq": 0.03929772011279218, "error_max": 0.21084978103427512, "target": "411.xyz", "model": "23.xyz", "model_rescale": 4.410303926677745, "target_rescale": 3.752487122687865},
{"mapping": [12, 6, 15, 8, 5, 3, 7, 11, 10, 1, 16], "R": [[0.6188003570044712, -0.7026051164191579, 0.35132914560673845], [-0.202470198933294, -0.5747816645266605, -0.7928630756113404], [0.7590072046529279, 0.41949027224189983, -0.4979316969016588]], "T": [0.07597585762579978, -0.1552293418956846, -0.001901645746814621], "aligned_model": [[-0.7120732611666452, -0.4445567151507602, 0.1712307752246132, 0.6944579571304323, -0.22733102778459885, 0.2640476432309389, -0.2366474735640096, 0.3978927605547851, 0.6935830833693872, 0.27561185434281316, 0.09430568234880576], [-0.03244607835071078, -0.6281753732248889, -0.6402652623303191, -0.08314440483535873, -0.05709641463114988, 0.7240077309402048, -0.043275285623125825, -0.396110607745067, 0.047699511450601806, 0.3834408300234544, -0.037911229004974734], [-0.1022943314733869, -0.2904601006365788, -0.516664549806654, -0.5385489430434698, -0.5440980080336428, -0.03057494071500522, 0.5740009838375669, 0.4870433511415596, 0.032232522830809254, 0.635526988901604, 0.01655662176699591]], "inverted": false, "swapped": false, "error_lsq": 0.03633046352109094, "error_max": 0.1668488028146792, "target": "411.xyz", "model": "24.xyz", "model_rescale": 4.28219845311461, "target_rescale": 3.752487122687865},
{"mapping": [0, 2, 13, 7, 4, 3, 8, 11, 9, 5, 15], "R": [[-0.42228936135129025, 0.6193713384533664, -0.6618540929782069], [0.22498090710779187, 0.7789206968611386, 0.5853769208282075], [0.8780975382760587, 0.0982939118350867, -0.4682766491825977]], "T": [0.07832125427745179, -0.18550977495661747, 0.04259285899505311], "aligned_model": [[-0.6948621059144733, -0.3571974861571284, 0.2800388403801816, 0.5153964064221659, -0.18733593969178125, 0.22015371086735758, -0.2237510381736722, 0.37335490974386276, 0.7239190508745985, 0.31103182016027286, 0.009773110024378251], [-0.027102594441057004, -0.613376523243949, -0.5538752099861088, -0.016465731979790593, 0.12813291473021265, 0.5429886867946857, 0.021210443951301977, -0.39909849873960956, 0.013911134136671166, 0.31206107057091886, -0.1716622751246093], [-0.16392306949289803, -0.26729985926115457, -0.3775658951317958, -0.5786441558889188, -0.5621410424228481, -0.179260449169333, 0.6324785582256822, 0.44732989765531, 0.06015617087479613, 0.6933998404585675, 0.018189598922391057]], "inverted": true, "swapped": false, "error_lsq": 0.034353329720330165, "error_max": 0.1679119802897291, "target": "411.xyz", "model": "25.xyz", "model_rescale": 4.100010024507729, "target_rescale": 3.752487122687865},
{"mapping": [3, 1, 0, 10, 8, 9, 2, 6, 4, 5, 11], "R": [[0.7843924389547575, -0.618963055976057, -0.04016512227527061], [-0.5127908936640155, -0.6835499563858217, 0.5194275276688767], [-0.3489613174635082, -0.3868387163427695, -0.8535700360558652]], "T": [0.022067153149859117, -0.06868645031082207, -0.0013588319382946724], "aligned_model": [[-0.7625254043238182, -0.3192958847192837, 0.37447296324036533, 0.33380375337860957, -0.28761691418164104, 0.38317021966231296, -0.43590663133239166, 0.32669063501335605, 0.8692387541701112, 0.3674027387538771, 0.12108704887426436], [0.12646308849947688, -0.6484970647643381, -0.6247518828052374, 0.04107274288921969, 0.036522202731982756, 0.6155095346965999, -0.2784450573319617, -0.3902372311948381, 0.025744512057328764, 0.324575802045422, 0.008766769845010985], [-0.06771245060967795, -0.2168524084132979, -0.37611322581928064, -0.5543286087981051, -0.520863159851693, -0.28559699192729376, 0.5408760119183441, 0.47223568635052127, 0.1966882634790665, 0.5374122739209132, -0.0030257954796985495]], "inverted": true, "swapped": false, "error_lsq": 0.04969999292038279, "error_max": 0.2550184589799004, "target": "411.xyz", "model": "26.xyz", "model_rescale": 3.6694154284099745, "target_rescale": 3.752487122687865},
{"mapping": [11, 12, 6, 0, 2, 4, 9, 7, 5, 8, 13], "R": [[-0.29969900046059067, 0.20717572983094712, -0.9312672688825359], [-0.8235152591742667, 0.43664786997085175, 0.3621619189769385], [0.4816670292121553, 0.8754523714165909, 0.03974944466284]], "T": [0.12719018454745298, -0.0829829685874971, 0.04484475062557915], "aligned_model": [[-0.7030289105010119, -0.4665316471720037, 0.11584281181578548, 0.5168544861298956, -0.13625313347366722, 0.24330886599825874, -0.3107280881410496, 0.4372369363717814, 0.9159937787920345, 0.25108017072035993, 0.10674600799537869], [-0.03738975753730894, -0.5754663543142802, -0.6131478658266382, 0.10733748652580383, 0.02262293707640041, 0.7013322152445078, -0.1997057397209511, -0.40443136482657654, -0.031466173313979606, 0.34000537701815253, -0.07296734365646419], [-0.16689325391832144, -0.14140055718169708, -0.39103006015372144, -0.45402717639665247, -0.5728725448115923, -0.1717117415828533, 0.5542237025020759, 0.4883201895812791, 0.07821253797694841, 0.5075426253104772, -0.007644126556144194]], "inverted": false, "swapped": false, "error_lsq": 0.03453322114564388, "error_max": 0.19611406014815566, "target": "411.xyz", "model": "27.xyz", "model_rescale": 4.103607728864725, "target_rescale": 3.752487122687865},
{"mapping": [4, 2, 0, 5, 1, 7, 13, 10, 6, 11, 14], "R": [[0.8786430752438273, -0.12063337391176257, -0.4619891074741216], [-0.4035142401771452, -0.7048745163228982, -0.5833765286783673], [-0.2552696697618652, 0.698998930855567, -0.6680103968969668]], "T": [0.1635006737548646, -0.18866283201093664, 0.12825713980268044], "aligned_model": [[-0.7054519281621932, -0.43789335382836664, 0.18773644808710327, 0.5913629159103697, -0.15821803197607653, 0.22191245622798247, -0.30580123850561, 0.4760597740930401, 0.7193655842898525, 0.2841548473459272, 0.09729380505373247], [0.025950080765734906, -0.5119308965452185, -0.5035465514050721, 0.07818079198859379, -0.04250357251530895, 0.4461058123440729, -0.015903274549495416, -0.4632568852526734, 0.11076551638081727, 0.3240947474182578, -0.21123235196104273], [-0.014823118883155934, -0.1458663511125649, -0.5120182786577501, -0.4017134182949654, -0.6951476071604199, -0.20899362354026635, 0.5403037189755819, 0.4226721377661283, 0.17948338568490324, 0.5693733020459821, -0.010550552053674805]], "inverted": true, "swapped": false, "error_lsq": 0.04219959692697751, "error_max": 0.2055619898727819, "target": "411.xyz", "model": "28.xyz", "model_rescale": 4.137296879288765, "target_rescale": 3.752487122687865},
{"mapping": [8, 7, 1, 2, 3, 4, 9, 0, 5, 6, 10], "R": [[0.7033587648843309, -0.22443907802827728, -0.6744727927160631], [-0.020041330728719914, 0.9422072432495616, -0.33443064427573505], [0.7105524561374835, 0.24874205720359802, 0.6582116650858685]], "T": [0.06051129634099511, -0.06796557696039202, -0.02605853817734683], "aligned_model": [[-0.6404544606143145, -0.324692872911935, 0.4318600849097463, 0.5043757768294821, -0.18834003271297473, 0.12021833976737353, -0.3916198178137227, 0.29886687728550804, 0.7320429905135073, 0.39143975329856867, 0.036824639984522706], [0.029740196066436922, -0.6567721576214334, -0.6944288530164733, -0.06837283165871905, 0.22645346195979116, 0.7034575587312857, -0.06431435274419206, -0.5246843755849171, -0.02547714424949743, 0.3123041409844904, -0.0011822261981059567], [-0.15817389485130268, -0.16366952336487767, -0.21737713860983326, -0.6703435940109014, -0.5893161795032291, 0.005108390819885449, 0.6114038845769771, 0.44840420891957367, -0.04698852239256441, 0.48582926295370643, 0.017842700232364117]], "inverted": false, "swapped": false, "error_lsq": 0.04851582664327394, "error_max": 0.26815689002014353, "target": "411.xyz", "model": "29.xyz", "model_rescale": 3.607286011436655, "target_rescale": 3.752487122687865},
{"mapping": [5, 4, 6, 2, 7, 13, 10, 9, 1, 11, 14], "R": [[0.3824379500534021, -0.9210064434204646, 0.07408336882822147], [0.6998778936116792, 0.3410955765120004, 0.6275545727007537], [-0.6032513144557838, -0.18815137220316214, 0.7750399426774315]], "T": [0.06080189565494919, -0.12395041029117745, 0.01823407327748919], "aligned_model": [[-0.674386741611211, -0.4181331975449724, 0.13517336663287707, 0.5438617784020218, -0.160870987303375, 0.26680123934379185, -0.4148779340065668, 0.5571147974232126, 0.7816795585215726, 0.17803662169340717, 0.17612277698500423], [-0.05864882533392708, -0.6369074081547714, -0.39430582456571506, 0.03092989302382579, 0.13397086194924032, 0.5623658596190013, 0.0051547606158294235, -0.46130910125853697, 0.0052284140603768015, 0.19890061111978782, -0.14865582440644529], [-0.17080190271683154, -0.047688491498209334, -0.3947063591464837, -0.6085073284319332, -0.6771986803545786, -0.13152830653789752, 0.5439102597271389, 0.5226346334228426, 0.05816257656148871, 0.49421127855284774, 0.1342319151914145]], "inverted": false, "swapped": false, "error_lsq": 0.04483186010705088, "error_max": 0.27331766384490186, "target": "411.xyz", "model": "30.xyz", "model_rescale": 3.964800864290218, "target_rescale": 3.752487122687865},
