[{"mapping": [10, 5, 3, 9, 2, 0, 4, 6, 7, 8, 1, 11], "R": [[-0.23097842863423204, -0.6140602798152014, -0.7547045370599927], [0.8528585711930429, 0.24554417821136623, -0.46080398662453737], [0.46827473031140915, -0.7500920138888175, 0.46699116442604743]], "T": [-0.07917330429421746, 0.06236028817779107, -0.02433187723675992], "aligned_model": [[-0.32171265430890184, 0.4056820279515475, -0.43509501380555615, -0.6869124847875342, 0.4558126193615849, 0.5271015056609785, 0.2109186771696905, -0.4398999078403304, -0.16966543452515906, -0.30900965617832976, 0.31013446154159474, -0.016078251179109965], [-0.5335280866951709, -0.5983169564213887, 0.14126748339097717, 0.06503879047652147, 0.637260412896176, -0.007052738936281278, 0.38087485620745076, 0.10451662109614926, -0.6505068093819071, 0.6318787340808418, 0.08899759843990307, 0.03318739494638995], [-0.24308528715436462, 0.10646268607377488, -0.6083917252224265, -0.022802646478311955, 0.15463782320260674, -0.12633227175635786, -0.7075182200355307, 0.6027675156380211, 0.5923000919710415, 0.13668825138071009, 0.5669468021360748, -0.024792812170756733]], "inverted": false, "swapped": false, "error_lsq": 0.0556801715575761, "error_max": 0.3088680505450857, "target": "414.xyz", "model": "0.xyz", "model_rescale": 3.751011558992144, "target_rescale": 4.040978169873601},
{"mapping": [3, 7, 5, 9, 4, 1, 8, 11, 12, 10, 6, 14], "R": [[-0.12827729428966075, 0.7837070755584419, 0.6077402039435594], [0.5022834595904782, 0.579735109628619, -0.6415750376111233], [-0.8551352302364491, 0.22295834226045153, -0.4680099524849094]], "T": [-0.03708674080205047, -0.012495439679845545, -0.09614982305014425], "aligned_model": [[-0.1432149955761732, 0.2797506217860444, -0.4615163530167648, -0.6643374867924614, 0.3731825121152552, 0.6570341013245704, 0.17098192694771838, -0.2956453737806424, -0.36536442040536904, -0.2778417226490593, 0.335376688335514, -0.07712960922815762], [-0.7467958935866461, -0.45580653202468513, 0.21419794881616236, 0.14080902394030856, 0.663579043233629, -0.04788586169217316, 0.32802612626655225, 0.015655920397730914, -0.5491735705088151, 0.7061200273620682, 0.05608581222552004, -0.031194744329990122], [-0.27765884884126285, 0.2816945693516613, -0.4943403037036698, 0.03516607249530718, -0.10943152376060963, -0.04487288875160683, -0.6264051811240843, 0.6582280154132485, 0.2990532298750524, 0.21703158982878085, 0.5521505325816574, -0.06373505577999337]], "inverted": true, "swapped": false, "error_lsq": 0.05316300312728408, "error_max": 0.3202764535347212, "target": "414.xyz", "model": "1.xyz", "model_rescale": 3.9405287249114394, "target_rescale": 4.040978169873601},
{"mapping": [11, 5, 7, 3, 1, 0, 6, 8, 9, 4, 2, 12], "R": [[-0.5446366107732123, 0.7714572653416419, -0.32897515097202046], [0.765850159716788, 0.2976104621218804, -0.570001355873274], [-0.3418252405356257, -0.562389278513732, -0.7529102232972835]], "T": [-0.08170562270736842, 0.03680820875400506, 0.01410583370972017], "aligned_model": [[-0.057589734723241415, 0.4155571473667149, -0.35129962382860325, -0.61549058014406, 0.38589871932015535, 0.6578695692550027, -0.020149501712392492, -0.5786375785450538, -0.3368442534825406, -0.37779912991125525, 0.4471715325506737, -0.037410677084925056], [-0.6517828569404577, -0.44264134920948384, 0.52867010891783, 0.12407763980895864, 0.6758879687372781, -0.0819825488242785, -0.08322731910189143, 0.003559287744460321, -0.5363958255315987, 0.6090336283447914, 0.08151432966454455, 0.06690423648950883], [-0.167208967753601, 0.23979176424951482, -0.5465195303996964, -0.1709815623672281, 0.0018758682561964418, -0.36252034650572623, -0.5123521507580165, 0.607943278326339, 0.5207837602616252, 0.2908411333168728, 0.4412591374788748, 0.08396782347932613]], "inverted": false, "swapped": false, "error_lsq": 0.06285079575602996, "error_max": 0.3995402457303215, "target": "414.xyz", "model": "2.xyz", "model_rescale": 3.932901565614263, "target_rescale": 4.040978169873601},
{"mapping": [6, 0, 12, 10, 8, 7, 9, 1, 2, 11, 3, 13], "R": [[-0.9720642790312979, 0.2308363929374204, -0.04249231844703114], [0.14627559781726376, 0.7373681434066244, 0.6594631684728647], [0.18356058104768888, 0.6348250001257896, -0.750534964076109]], "T": [0.043942847489393005, -0.003356263903299673, 0.0498046185103216], "aligned_model": [[-0.4342143531523417, 0.28663364618222414, -0.4176570974224121, -0.6481528069649827, 0.40025808391678463, 0.6756342157647995, 0.2282207837328165, -0.3698082221386061, -0.1975374412051362, -0.2935724950289931, 0.33159663866754596, -0.030125063291224066], [-0.4141512493646234, -0.3988992705954088, 0.06790001056151763, 0.16984656492161543, 0.6354727064941269, -0.09616345769785686, 0.2848739164293399, -0.17939475563617024, -0.7644521406987147, 0.7980073395649524, 0.20627926091819587, -0.015701624797312855], [-0.21345463028456718, 0.5331235972705278, -0.5543293437582701, -0.014614520521870691, -0.0112177085721865, -0.26971906977188786, -0.6003937702512347, 0.638522821662098, 0.287754591562064, 0.2537861543622287, 0.4158561466246988, -0.03843406073711951]], "inverted": false, "swapped": false, "error_lsq": 0.04722445528874993, "error_max": 0.2257520932530451, "target": "414.xyz", "model": "3.xyz", "model_rescale": 3.9243930471874484, "target_rescale": 4.040978169873601},
{"mapping": [9, 11, 7, 1, 3, 10, 4, 5, 11, 0, 6, 12], "R": [[-0.4620894427791873, 0.22809635715669804, -0.8569978989028293], [-0.5729750199586736, 0.6607938115509975, 0.4848207556605453], [0.676884756347325, 0.715068941059356, -0.1746523293771759]], "T": [-0.008075315056798798, 0.012784944148829018, -0.08700216599918989], "aligned_model": [[-0.30896029454145085, 0.16369986303006492, -0.43570927731510595, -0.716681161807412, 0.35211963565609744, 0.6446112589222837, 0.16992798686478838, -0.3514784342487746, 0.16369986303006492, -0.4017953968429917, 0.3286232095041365, -0.07678136319122582], [-0.6213324289036032, -0.6207410002334675, 0.34360906882829584, 0.10054687680408336, 0.5618499412310258, -0.21637143477221196, 0.33298389991348976, 0.16627974689008157, -0.6207410002334675, 0.6981410258764549, 0.10963759274079951, 0.05975501195818109], [-0.15807099243158218, 0.3548940292494944, -0.6791198500498367, -0.06867466999058011, 0.06044476284212372, -0.22344009938340767, -0.5540725275854389, 0.570368918728096, 0.3548940292494944, 0.22699447697302552, 0.5444803616735241, -0.0018182316904319928]], "inverted": true, "swapped": false, "error_lsq": 0.05604687382005075, "error_max": 0.3701111988132711, "target": "414.xyz", "model": "4.xyz", "model_rescale": 3.8936222436046832, "target_rescale": 4.040978169873601},
{"mapping": [1, 9, 4, 2, 7, 6, 5, 3, 0, 10, 8, 11], "R": [[-0.255985704250207, 0.25982266112749886, -0.9311087498161269], [-0.10313452567390982, -0.9650451151750724, -0.2409381565687533], [-0.9611631437136693, 0.034352735573114496, 0.2738344403560306]], "T": [0.004056307130172736, 0.06709532021599322, 0.1038282357260229], "aligned_model": [[-0.14775327336886027, 0.3354478559736373, -0.4414420681739605, -0.7365242516207242, 0.4006996230490407, 0.6644054388009213, 0.1697939163071901, -0.280904455716461, -0.42081043438472904, -0.2955148242244022, 0.2941368934812297, -0.010258531062407095], [-0.574188474946504, -0.37188466782291163, 0.38324885973982886, 0.011108607538270587, 0.5568946128273841, -0.1142360558837802, 0.12283563770243275, -0.03256141960925947, -0.6575275160145809, 0.6107909252338182, 0.296570914283615, 0.06256587705134828], [-0.35313753158236116, 0.38580723366336983, -0.47254207575330637, 0.02923340394878768, -0.046232619537172004, -0.30319336622056464, -0.6877492519261088, 0.592855770908302, 0.38154806963186655, 0.2226542675048626, 0.7434039008981455, -0.06576759395134033]], "inverted": true, "swapped": false, "error_lsq": 0.05188164193593913, "error_max": 0.2493713557887728, "target": "414.xyz", "model": "5.xyz", "model_rescale": 3.6523030999806103, "target_rescale": 4.040978169873601},
{"mapping": [9, 6, 11, 7, 2, 10, 4, 5, 8, 3, 1, 12], "R": [[0.15876630757845656, -0.9279112758424015, -0.33730390413161526], [-0.7893206339736454, 0.08593719796807953, -0.6079372786635462], [0.5930988082616133, 0.36276088842365856, -0.7187755849141875]], "T": [-0.036770416954461746, 0.0002539523756533782, 0.09362608901748976], "aligned_model": [[-0.27560998515844337, 0.5075021753256004, -0.4128431860334549, -0.6825569812617871, 0.5530322197515314, 0.43319224931148087, 0.16713415994145664, -0.47827531660984235, -0.09013416563812365, -0.2978871639153974, 0.2282790572674327, -0.12055717391997818], [-0.5543763951753089, -0.31594450468805935, 0.15755742426664884, 0.1544947274960845, 0.47806229397138944, -0.28495387599003286, 0.3478708129281559, -0.09811892875492972, -0.5924949659886394, 0.6439721164121938, 0.3037521777813006, 0.053796417840858764], [-0.3038707202983541, 0.2561386827306487, -0.686369996376069, -0.06758047520237428, 0.10023461724312138, -0.4599663862042466, -0.31468389580707473, 0.602840905990744, 0.4090688457434589, 0.10288204353035449, 0.6593225353416319, 0.1288640508926402]], "inverted": true, "swapped": false, "error_lsq": 0.05161096163332523, "error_max": 0.28966818613266215, "target": "414.xyz", "model": "6.xyz", "model_rescale": 4.08911054899281, "target_rescale": 4.040978169873601},
{"mapping": [7, 10, 2, 6, 9, 11, 1, 4, 5, 3, 8, 14], "R": [[0.2537335505568097, 0.1696155073702596, -0.9522866506369625], [0.3132088181237577, 0.917056685075057, 0.24679398819393164], [0.9151609265978053, -0.36088449124155647, 0.17956297616705183]], "T": [-0.006379470039725915, -0.05535326339637442, -0.03084948713302956], "aligned_model": [[-0.5836355927093657, 0.4638894432473405, -0.4661258615828324, -0.47580714817554126, 0.401404928381486, 0.5651028788850263, 0.1707795154784665, -0.3151397644492332, -0.2525911633542023, -0.34469440630342163, 0.2613893245361052, 0.10670373510664673], [-0.5075114912684922, -0.3906477720221416, 0.07288652264976225, 0.11260966223555535, 0.6128998748693624, -0.11326595020444621, 0.3720469429271238, -0.052620923472027556, -0.6518314141420232, 0.5664199576896161, 0.20979100524704142, 0.062840885590331], [-0.2790777497169075, 0.4000793239056269, -0.6807166705091313, -0.054704823363222556, 0.010465588929284904, -0.15161830981204144, -0.5999626712538959, 0.6027979736974759, 0.3742367349748044, 0.3232585496396719, 0.5376110328170705, -0.05548877172425504]], "inverted": true, "swapped": false, "error_lsq": 0.04718226581730945, "error_max": 0.33051802241465644, "target": "414.xyz", "model": "7.xyz", "model_rescale": 3.964800864290218, "target_rescale": 4.040978169873601},
{"mapping": [9, 4, 5, 8, 0, 6, 3, 7, 12, 1, 2, 13], "R": [[0.39978390207982983, -0.7307194889266356, 0.5533731653600685], [0.2022016134357297, 0.6591508468665269, 0.7243166908190979], [-0.8940287127166627, -0.17767720612936583, 0.41127055724942196]], "T": [0.01997518083180945, -0.013527932074758317, -0.024309299512079136], "aligned_model": [[-0.40073248824440194, 0.5196459995068853, -0.4832210020992123, -0.7446233100910565, 0.4249196984159989, 0.5465662112026186, 0.34901473267398253, -0.3885665570087062, -0.23625341576361797, -0.31622052614445345, 0.3116810065783691, -0.05093445996593125], [-0.5404773428435721, -0.38886864639399166, 0.2839134301403155, -0.06523596960265403, 0.5751857374594149, -0.15344147102219957, 0.38051896731559154, 0.04810861089244048, -0.5751581227326825, 0.5852464630885906, 0.17132211773855333, -0.027496473940144876], [-0.16282320660979777, 0.2990199694271084, -0.6221328190357523, -0.0857341148619889, 0.026637000695686724, -0.2233869515244309, -0.5365814050446375, 0.5554732027894451, 0.41111391130338837, 0.27828211061036867, 0.540798564584348, -0.05378605474925748]], "inverted": true, "swapped": false, "error_lsq": 0.04593553855026928, "error_max": 0.25365674403378785, "target": "414.xyz", "model": "8.xyz", "model_rescale": 4.121658175737393, "target_rescale": 4.040978169873601},
{"mapping": [7, 6, 10, 5, 2, 8, 11, 4, 9, 0, 1, 12], "R": [[-0.8351875375921693, 0.22782860266959243, 0.5005555961692466], [0.2639882867485419, -0.6323731296131693, 0.7282955508602367], [0.482464466577901, 0.7404041820174079, 0.4680060744700165]], "T": [-0.017288674157737226, 0.04232216887413427, -0.056823297104868935], "aligned_model": [[-0.13261598958647575, 0.38637431245078907, -0.4965961263212926, -0.6340716202288531, 0.49385273518451606, 0.6377559378445244, 0.08744166553698667, -0.4057699575405257, -0.23575683662030109, -0.3493285909446495, 0.17591889647606757, 0.004071462809688901], [-0.522245418475148, -0.3675265847339346, 0.4266206427687896, 0.0088493015428147, 0.5043645408141042, -0.2135984037785622, 0.02495666500778214, 0.02951623549695785, -0.6539928089676029, 0.6592606685482665, 0.32269958248021885, 0.07471287939597532], [-0.4077847763925763, 0.32952142267549805, -0.5029845682368274, -0.04354659328835355, 0.030341816596584754, -0.24649289010074704, -0.6827322919087457, 0.7413284542872618, 0.34393464811698066, 0.30089254599164433, 0.5423353265524032, 0.022067113291358013]], "inverted": true, "swapped": false, "error_lsq": 0.0497476983381319, "error_max": 0.3141466029747153, "target": "414.xyz", "model": "9.xyz", "model_rescale": 3.833441315466971, "target_rescale": 4.040978169873601},
{"mapping": [6, 5, 11, 7, 8, 0, 10, 3, 4, 9, 2, 14], "R": [[-0.0933533837618533, -0.8724374413505143, 0.47972706476701965], [0.2863079740567336, 0.43795602339970685, 0.8521867550950579], [-0.953578989770507, 0.21690420119878628, 0.20890111960105806]], "T": [0.007924159373548248, -0.08938422659890574, -0.09404716678367306], "aligned_model": [[-0.3130340105518606, 0.41774866638814956, -0.35107286169463264, -0.5956811952685592, 0.06353746111104704, 0.6403016977882495, 0.3826990602626141, -0.45809932227667294, -0.2680460685770096, -0.18593610530272897, 0.23011749662001235, -0.03125892943813336], [-0.6826748550220059, -0.40464733605108893, 0.287228122365526, 0.18824278797608593, 0.6861321495744226, -0.23057566644451752, 0.39695634116694367, -0.0022802337905217795, -0.6361795627123182, 0.5455287879451378, 0.1853039252270919, -0.03941716013509437], [-0.17292461240896384, 0.34194394176762577, -0.5352062747200679, -0.04406923758118386, -0.1491912810079728, -0.30377696420538514, -0.6406464435199783, 0.6336594078293882, 0.41660719164262705, 0.37201483367866184, 0.5319135309101448, -0.023443884800414996]], "inverted": false, "swapped": false, "error_lsq": 0.048589523858924684, "error_max": 0.3444106906973986, "target": "414.xyz", "model": "10.xyz", "model_rescale": 4.2482417240324, "target_rescale": 4.040978169873601},
{"mapping": [8, 7, 0, 1, 4, 9, 10, 2, 3, 6, 5, 11], "R": [[0.06697220016374228, 0.916101539786142, -0.39531341136709164], [-0.7102483973185946, 0.32203962658975016, 0.6259694026166953], [0.7007581169787446, 0.2388481687335996, 0.6722273527468297]], "T": [-0.10355001195879865, 0.02197882376207059, 0.05386859044292869], "aligned_model": [[-0.18781721897442727, 0.3247055642175618, -0.42443128416391956, -0.7844982365384442, 0.40862148252522623, 0.6574738374312494, 0.12462791575733739, -0.49166557318061305, -0.32846529883941655, -0.21098395778591703, 0.43088708636143136, 0.012821572250406671], [-0.48296790872081974, -0.4127710295029531, 0.4042959819294264, -0.06134031048660637, 0.7212118376389957, -0.13366186430366303, -0.013164824056941547, -0.014664780647328755, -0.7100906507678816, 0.6056126679789653, 0.32881489937260167, 0.062343281665866564], [-0.2849317403294183, 0.34737493322830326, -0.5159632054869864, -0.11499227260141681, -0.06693344917080606, -0.22168463312174758, -0.54754817009475, 0.6829797441972085, 0.3213737766367566, 0.3152335102611817, 0.4833040116234728, 0.028667702442683164]], "inverted": false, "swapped": false, "error_lsq": 0.052426529155114254, "error_max": 0.30854919742808656, "target": "414.xyz", "model": "11.xyz", "model_rescale": 3.6694154284099745, "target_rescale": 4.040978169873601},
{"mapping": [8, 10, 11, 4, 5, 7, 6, 1, 2, 0, 12, 13], "R": [[0.8228162442201826, 0.21173397595719562, -0.5273918388378331], [0.06993210453535594, 0.883228831174634, 0.4636985362680654], [0.5639884121173497, -0.4184203092671865, 0.7119280271137687]], "T": [-0.014576042266242279, -0.00445912779847063, -0.013474122757572315], "aligned_model": [[-0.3517774148364762, 0.4138843200076913, -0.286241415275233, -0.71047733197172, 0.5193702601922002, 0.6637446553796446, -0.006558888147167714, -0.5288086067429704, -0.19973012089731554, -0.22627025544516208, 0.32558303262001526, -0.0814423458230312], [-0.6585495715182828, -0.4503055286993231, -0.10568872711908917, 0.22617166053709226, 0.5935947549324236, -0.029040624343241533, 0.4345771343740598, 0.017661511548546727, -0.46511280557077245, 0.6215710876518921, 0.030739103810924304, 0.07799930449543155], [-0.18970912802684237, 0.13203014546947478, -0.6924285705936164, -0.11451611505909981, 0.028995771498727743, -0.3158680705183718, -0.3698976337540752, 0.6584998656140975, 0.41058923302013184, 0.2585729207389319, 0.573740819602196, 0.04687096959292629]], "inverted": true, "swapped": false, "error_lsq": 0.056109392036723583, "error_max": 0.37163841272077336, "target": "414.xyz", "model": "12.xyz", "model_rescale": 3.9764082729961374, "target_rescale": 4.040978169873601},
{"mapping": [3, 4, 11, 8, 12, 6, 13, 2, 7, 1, 9, 15], "R": [[0.9701598194864328, 0.14568362402535054, -0.19382003597381914], [0.19082045064860564, -0.951925299742496, 0.23963676538549414], [-0.14959104340940765, -0.26947078765795673, -0.9513190917513877]], "T": [0.07127298207897231, 0.06815663621285542, 0.04584036484348064], "aligned_model": [[-0.4388999595757059, 0.40756264355570515, -0.3873703236029828, -0.6306723616478283, 0.22207788298959708, 0.6538777788413621, 0.2987810144863461, -0.4966545645031793, -0.20653222702040558, -0.2609445124698087, 0.29974614836379804, 0.07030436964357721], [-0.5060759437845028, -0.5245613226786326, 0.13711174847407, 0.04811440189671767, 0.6868685352088044, -0.2084008927955103, 0.3204012116811201, 0.04377381002521126, -0.528434902695708, 0.5318571237840493, 0.33020629743029484, -0.03724276644625259], [-0.29828746167829506, 0.27268481941665446, -0.5987030467244157, -0.034930173797967395, 0.005011418611288565, -0.36372817598634555, -0.46317173277685997, 0.6054145721890305, 0.41723839987187583, 0.32501051439920114, 0.5363799798199204, 0.023961094240393353]], "inverted": false, "swapped": false, "error_lsq": 0.045298621942737934, "error_max": 0.20910397614254547, "target": "414.xyz", "model": "13.xyz", "model_rescale": 4.170626492500431, "target_rescale": 4.040978169873601},
{"mapping": [0, 9, 4, 2, 5, 10, 12, 3, 1, 6, 11, 13], "R": [[0.1741093325551113, 0.11271476739508089, 0.9782542213189201], [-0.4891447354962014, 0.8720992929297433, -0.013425759114223806], [-0.854648096033429, -0.4761703523766624, 0.20697446089776478]], "T": [-0.0898140626489494, -0.07905080036351955, -0.06437250186726806], "aligned_model": [[-0.47207634229341, 0.4472725484194596, -0.3307510977544016, -0.7369644347958079, 0.2492086463643762, 0.43695433586314636, 0.38780844993789143, -0.3139333097062509, -0.15020688629032802, -0.26437340540757426, 0.32790300236467873, -0.049565617641304835], [-0.5190216167763919, -0.4181940303022069, 0.25923500847623526, 0.039772375323556555, 0.7648244794095083, -0.2462440610259605, 0.29326592626889114, -0.03484079647537725, -0.7488680867150735, 0.6563617709409324, 0.24548572384684883, 0.0018406071286988512], [-0.19149306194270704, 0.4384458353696358, -0.639329184796728, -0.0612715365070364, -0.05180495168885953, -0.17790563752770946, -0.47542372948510747, 0.5862346323424348, 0.30779947404253605, 0.3046622564592868, 0.4045071726559501, -0.017541061337215086]], "inverted": false, "swapped": false, "error_lsq": 0.052843844412153555, "error_max": 0.28078241714156965, "target": "414.xyz", "model": "14.xyz", "model_rescale": 3.9786697098870705, "target_rescale": 4.040978169873601},
{"mapping": [4, 8, 10, 1, 7, 5, 7, 0, 2, 6, 9, 11], "R": [[0.7337161277647337, 0.1591234175723343, 0.66056065719813], [-0.5918791093986929, -0.32775287325188346, 0.7363811336071455], [0.33367613596919826, -0.9312667673954844, -0.146295742348948]], "T": [-0.05658620851017593, 0.013274112051476147, 0.12150064226124535], "aligned_model": [[-0.2876340637021701, 0.41250025250860717, -0.3524211186335038, -0.6630695877485061, 0.299728307246293, 0.4574595886723182, 0.299728307246293, -0.511733215486128, 0.04641331357425771, -0.181735756908808, 0.08367695191756838, -0.07163708962574661], [-0.4377610319195276, -0.19237556673245493, 0.1632912618693012, 0.2833031631835606, 0.39856366404085447, -0.4236838690989608, 0.39856366404085447, -0.2611482006888867, -0.8197586383022886, 0.7885617075432507, 0.29448039631642525, 0.10158074984753339], [-0.22215458846481623, 0.22097037497896305, -0.6415835924138955, -0.01968828699563288, -0.280330083766212, -0.3137972199410584, -0.280330083766212, 0.5702089911804585, 0.34352530655657443, 0.2245657945490907, 0.6587748176744564, 0.16671877799276483]], "inverted": false, "swapped": false, "error_lsq": 0.0665442432994142, "error_max": 0.32422778493354176, "target": "414.xyz", "model": "15.xyz", "model_rescale": 3.769337070930944, "target_rescale": 4.040978169873601},
{"mapping": [10, 7, 5, 1, 4, 9, 6, 3, 0, 8, 11], "R": [[-0.2773462591884622, 0.597503465520312, -0.7523753459579762], [0.7338176571317356, -0.3737313242789422, -0.5673063928199639], [-0.6201537701214573, -0.7094466195168782, -0.3348056084658933]], "T": [0.06394178171797986, 0.11473441926953262, 0.012595179465866517], "aligned_model": [[-0.3552810126570608, -0.33778142755493884, -0.0021763485835185753, -0.5626716507886403, 0.39905028511237545, 0.3152920137853357, 0.6018618272641355, 0.3927707353749253, -0.01606390828811856, -0.6154294371577239, 0.10305505418439992], [-0.12458437252435059, -0.5997606653419906, 0.8434077201765404, 0.36906111340148917, 0.2229329100839926, -0.5043475426653484, 0.3826068088686829, -0.3632247293548596, 0.26707568607146065, -0.010644024433484472, 0.11354159334321035], [-0.42629381243399866, 0.12371074235124899, -0.12454678495689794, -0.06665608516118829, -0.6518724487543331, -0.422132840556721, -0.08995474720878549, 0.32891304039262526, 0.646251712050768, 0.4790157183057119, -0.0522168868046528]], "inverted": false, "swapped": true, "error_lsq": 0.059331855082569725, "error_max": 0.30667225660535985, "target": "414.xyz", "model": "16.xyz", "model_rescale": 3.7852294659196426, "target_rescale": 4.040978169873601},
{"mapping": [4, 3, 6, 10, 2, 1, 7, 9, 0, 11, 8, 12], "R": [[-0.04317292303700704, 0.9292885856256323, -0.3668226047319776], [-0.5802487208763047, -0.32221492767482174, -0.7479899479972454], [-0.8132942398897542, 0.18055543472690436, 0.5531294734081034]], "T": [0.022543877209537717, -0.014165010383243914, 0.01087619629013897], "aligned_model": [[-0.16746165800891222, 0.6341434186536073, -0.5215840006720194, -0.7749394016471508, 0.5246264360622179, 0.5536071972570892, 0.11319130472558048, -0.5668362054022715, -0.11829818328144415, -0.13749217609776046, 0.05125438655192555, -0.058935229080387085], [-0.637498824137061, -0.39445154936688254, 0.36475072933041747, -0.04338113057311227, 0.33509385806186764, -0.2209822028468873, 0.4776831648610062, 0.06648385727939726, -0.5545308285789727, 0.6862070782281021, 0.19711693631882948, 0.01712621152295718], [-0.2668638589900932, 0.34825361156242035, -0.5788194460639038, -0.10057744225152662, 0.015161979608769968, -0.3757147415868342, -0.4803421070842841, 0.6380832305914709, 0.40319679511339307, 0.15852264416233836, 0.6262960179595034, 0.03968352456322635]], "inverted": true, "swapped": false, "error_lsq": 0.05537090602157039, "error_max": 0.3389041614228519, "target": "414.xyz", "model": "17.xyz", "model_rescale": 3.901054581598922, "target_rescale": 4.040978169873601},
{"mapping": [3, 7, 5, 9, 4, 1, 8, 11, 12, 10, 6, 14], "R": [[-0.12827729428966075, 0.7837070755584419, 0.6077402039435594], [0.5022834595904782, 0.579735109628619, -0.6415750376111233], [-0.8551352302364491, 0.22295834226045153, -0.4680099524849094]], "T": [-0.03708674080205047, -0.012495439679845545, -0.09614982305014425], "aligned_model": [[-0.1432149955761732, 0.2797506217860444, -0.4615163530167648, -0.6643374867924614, 0.3731825121152552, 0.6570341013245704, 0.17098192694771838, -0.2956453737806424, -0.36536442040536904, -0.2778417226490593, 0.335376688335514, -0.07712960922815762], [-0.7467958935866461, -0.45580653202468513, 0.21419794881616236, 0.14080902394030856, 0.663579043233629, -0.04788586169217316, 0.32802612626655225, 0.015655920397730914, -0.5491735705088151, 0.7061200273620682, 0.05608581222552004, -0.031194744329990122], [-0.27765884884126285, 0.2816945693516613, -0.4943403037036698, 0.03516607249530718, -0.10943152376060963, -0.04487288875160683, -0.6264051811240843, 0.6582280154132485, 0.2990532298750524, 0.21703158982878085, 0.5521505325816574, -0.06373505577999337]], "inverted": true, "swapped": false, "error_lsq": 0.05316300312728408, "error_max": 0.3202764535347212, "target": "414.xyz", "model": "18.xyz", "model_rescale": 3.9405287249114394, "target_rescale": 4.040978169873601},
{"mapping": [1, 8, 3, 12, 11, 2, 10, 4, 0, 13, 7, 15], "R": [[-0.6434189616576369, -0.5073036179413941, 0.5732844660401855], [-0.28705839458462745, -0.5343499904838442, -0.7950267704728011], [0.7096545059942232, -0.6761014176094351, 0.1981851539056534]], "T": [-0.042117490914065386, 0.07540089895479966, 0.08516902911420154], "aligned_model": [[-0.21964522626585456, 0.3880560243338472, -0.4585533458709774, -0.5822639420259252, 0.3942765289718495, 0.5171511665411505, 0.20508870188692144, -0.48087403490347724, -0.17644111707546586, -0.1278271130698228, 0.0903185089932527, -0.018010262455023174], [-0.44731067612321, -0.40152610801114913, 0.029369351197504542, 0.12836248577421272, 0.6253324602360928, -0.218816276088173, 0.3374128859160677, -0.14458640985806043, -0.5560902103715165, 0.7085173747876564, 0.16101871529200207, 0.0719337073482342], [-0.2764605278080305, 0.4848733352477641, -0.6563772406433497, 0.01049678606348231, -0.07715391816789771, -0.5114716548078889, -0.6135031786313019, 0.6271683904457634, 0.3214959218975285, 0.29288815214062847, 0.7712855238842521, 0.05363861796353071]], "inverted": true, "swapped": false, "error_lsq": 0.042850841912578624, "error_max": 0.22844438712487738, "target": "414.xyz", "model": "19.xyz", "model_rescale": 4.410303926677745, "target_rescale": 4.040978169873601},
{"mapping": [9, 4, 5, 8, 0, 6, 3, 7, 12, 1, 2, 13], "R": [[0.39978390207982983, -0.7307194889266356, 0.5533731653600685], [0.2022016134357297, 0.6591508468665269, 0.7243166908190979], [-0.8940287127166627, -0.17767720612936583, 0.41127055724942196]], "T": [0.01997518083180945, -0.013527932074758317, -0.024309299512079136], "aligned_model": [[-0.40073248824440194, 0.5196459995068853, -0.4832210020992123, -0.7446233100910565, 0.4249196984159989, 0.5465662112026186, 0.34901473267398253, -0.3885665570087062, -0.23625341576361797, -0.31622052614445345, 0.3116810065783691, -0.05093445996593125], [-0.5404773428435721, -0.38886864639399166, 0.2839134301403155, -0.06523596960265403, 0.5751857374594149, -0.15344147102219957, 0.38051896731559154, 0.04810861089244048, -0.5751581227326825, 0.5852464630885906, 0.17132211773855333, -0.027496473940144876], [-0.16282320660979777, 0.2990199694271084, -0.6221328190357523, -0.0857341148619889, 0.026637000695686724, -0.2233869515244309, -0.5365814050446375, 0.5554732027894451, 0.41111391130338837, 0.27828211061036867, 0.540798564584348, -0.05378605474925748]], "inverted": true, "swapped": false, "error_lsq": 0.04593553855026928, "error_max": 0.25365674403378785, "target": "414.xyz", "model": "20.xyz", "model_rescale": 4.121658175737393, "target_rescale": 4.040978169873601},
{"mapping": [9, 6, 11, 7, 2, 10, 4, 5, 8, 3, 1, 12], "R": [[0.15876630757845656, -0.9279112758424015, -0.33730390413161526], [-0.7893206339736454, 0.08593719796807953, -0.6079372786635462], [0.5930988082616133, 0.36276088842365856, -0.7187755849141875]], "T": [-0.036770416954461746, 0.0002539523756533782, 0.09362608901748976], "aligned_model": [[-0.27560998515844337, 0.5075021753256004, -0.4128431860334549, -0.6825569812617871, 0.5530322197515314, 0.43319224931148087, 0.16713415994145664, -0.47827531660984235, -0.09013416563812365, -0.2978871639153974, 0.2282790572674327, -0.12055717391997818], [-0.5543763951753089, -0.31594450468805935, 0.15755742426664884, 0.1544947274960845, 0.47806229397138944, -0.28495387599003286, 0.3478708129281559, -0.09811892875492972, -0.5924949659886394, 0.6439721164121938, 0.3037521777813006, 0.053796417840858764], [-0.3038707202983541, 0.2561386827306487, -0.686369996376069, -0.06758047520237428, 0.10023461724312138, -0.4599663862042466, -0.31468389580707473, 0.602840905990744, 0.4090688457434589, 0.10288204353035449, 0.6593225353416319, 0.1288640508926402]], "inverted": true, "swapped": false, "error_lsq": 0.05161096163332523, "error_max": 0.28966818613266215, "target": "414.xyz", "model": "21.xyz", "model_rescale": 4.08911054899281, "target_rescale": 4.040978169873601},
{"mapping": [0, 8, 4, 13, 15, 1, 2, 10, 6, 14, 5, 16], "R": [[-0.87880459456356, 0.17929204590571338, 0.44221809873513884], [0.4685999309525548, 0.14928907795272528, 0.8707048156035927], [0.0900921155553489, 0.9724027629943105, -0.215212167954772]], "T": [-0.06828680394911317, 0.10515988072612725, 0.10587709643273704], "aligned_model": [[-0.2703057197211727, 0.4165071165255399, -0.335781686032526, -0.6890491782267336, 0.4224176227327762, 0.5324803545062234, 0.1566030167306186, -0.41212293406460426, -0.14099065443511366, -0.2151962269986673, 0.16743586548361988, -0.10072168743948567], [-0.5053644789332283, -0.35514336193064194, 0.06994720140289218, 0.1751357121724597, 0.6097869472776815, -0.1911034377608623, 0.31520170905984424, -0.08071827602120452, -0.6100243130101305, 0.7298315638571764, 0.050461611440088025, 0.08560642254558744], [-0.32601150275933444, 0.28988198096179674, -0.5371615813634117, -0.10973232757939683, -0.08403790358712712, -0.3199224440867624, -0.5472391476449313, 0.8118242868700631, 0.30282848054997835, 0.1008277736530931, 0.7685776143145222, 0.07704497825599138]], "inverted": false, "swapped": false, "error_lsq": 0.041955161090550676, "error_max": 0.23433718103769016, "target": "414.xyz", "model": "22.xyz", "model_rescale": 4.204369325754507, "target_rescale": 4.040978169873601},
{"mapping": [1, 8, 3, 12, 11, 2, 10, 4, 0, 13, 7, 15], "R": [[-0.6434189616576369, -0.5073036179413941, 0.5732844660401855], [-0.28705839458462745, -0.5343499904838442, -0.7950267704728011], [0.7096545059942232, -0.6761014176094351, 0.1981851539056534]], "T": [-0.042117490914065386, 0.07540089895479966, 0.08516902911420154], "aligned_model": [[-0.21964522626585456, 0.3880560243338472, -0.4585533458709774, -0.5822639420259252, 0.3942765289718495, 0.5171511665411505, 0.20508870188692144, -0.48087403490347724, -0.17644111707546586, -0.1278271130698228, 0.0903185089932527, -0.018010262455023174], [-0.44731067612321, -0.40152610801114913, 0.029369351197504542, 0.12836248577421272, 0.6253324602360928, -0.218816276088173, 0.3374128859160677, -0.14458640985806043, -0.5560902103715165, 0.7085173747876564, 0.16101871529200207, 0.0719337073482342], [-0.2764605278080305, 0.4848733352477641, -0.6563772406433497, 0.01049678606348231, -0.07715391816789771, -0.5114716548078889, -0.6135031786313019, 0.6271683904457634, 0.3214959218975285, 0.29288815214062847, 0.7712855238842521, 0.05363861796353071]], "inverted": true, "swapped": false, "error_lsq": 0.042850841912578624, "error_max": 0.22844438712487738, "target": "414.xyz", "model": "23.xyz", "model_rescale": 4.410303926677745, "target_rescale": 4.040978169873601},
{"mapping": [12, 14, 2, 0, 10, 15, 4, 7, 13, 1, 11, 16], "R": [[0.2879639979528547, -0.2502083044015572, 0.9243768388982418], [0.49121416425352565, -0.7900127339522073, -0.36686308758182457], [0.8220616647914674, 0.5597103577761062, -0.10458936216663994]], "T": [0.08587729126655463, 0.00409787180381125, 0.0277785584526766], "aligned_model": [[-0.49369730160752023, 0.5117248296898481, -0.4462674036545109, -0.6417192320908389, 0.361870381291191, 0.6429932983033544, 0.12264300487635679, -0.39844222316758837, -0.08629090113197785, -0.348328341942479, 0.290820988129744, 0.01596879036489625], [-0.5145307647529501, -0.3955284185508716, 0.25822368472151414, 0.05339916964688827, 0.5936784837146915, -0.35480474174431964, 0.3251485482604902, -0.02283197278525375, -0.580135391154504, 0.6404233511251969, 0.19322859764463063, 0.09734675397414905], [-0.17542937304071435, 0.36998126459453606, -0.6687385239327178, -0.1685846059020201, 0.025236395385538977, -0.23703242985113762, -0.5800529300707638, 0.48235560152786605, 0.3788002555148938, 0.4057874234628617, 0.5960646978839818, -0.0015075679878437873]], "inverted": false, "swapped": false, "error_lsq": 0.0403832245539857, "error_max": 0.24623849366374878, "target": "414.xyz", "model": "24.xyz", "model_rescale": 4.28219845311461, "target_rescale": 4.040978169873601},
{"mapping": [10, 2, 5, 11, 3, 0, 1, 12, 14, 9, 13, 15], "R": [[-0.3230862808721267, -0.27064368450944043, 0.90684466759604], [-0.3952465838903738, 0.9092513620113898, 0.13054538905462343], [-0.8598810342339267, -0.31624983275187313, -0.4007376326840359]], "T": [0.044011426530597336, 0.06645938205974872, 0.0565259392539406], "aligned_model": [[-0.4375932276338039, 0.4409207185585735, -0.45816296861304084, -0.4925658737050713, 0.2977048822472471, 0.723155340618063, 0.23001898970870585, -0.47058860969167005, -0.2174035661891184, -0.3271957801433758, 0.13433329384923864, 0.10865269005472708], [-0.4983323620796883, -0.4127502153072369, 0.3549313911289555, -0.021275487976862822, 0.7353228622740031, -0.25516549789952697, 0.26656279337652333, -0.010724975942374648, -0.5938301275185776, 0.6151552771228188, 0.0739722594372312, 0.0397513834843963], [-0.22413767019159975, 0.3421851769500842, -0.5678821466641059, 0.08592771981319662, -0.24063835910985126, -0.26108255021846805, -0.5224707879100419, 0.6165699355907155, 0.33188859107294405, 0.19073364519183478, 0.6436391939966599, 0.03214745906311212]], "inverted": true, "swapped": false, "error_lsq": 0.04431135120854329, "error_max": 0.2810813429992429, "target": "414.xyz", "model": "25.xyz", "model_rescale": 4.100010024507729, "target_rescale": 4.040978169873601},
{"mapping": [8, 7, 0, 1, 4, 9, 10, 2, 3, 6, 5, 11], "R": [[0.06697220016374228, 0.916101539786142, -0.39531341136709164], [-0.7102483973185946, 0.32203962658975016, 0.6259694026166953], [0.7007581169787446, 0.2388481687335996, 0.6722273527468297]], "T": [-0.10355001195879865, 0.02197882376207059, 0.05386859044292869], "aligned_model": [[-0.18781721897442727, 0.3247055642175618, -0.42443128416391956, -0.7844982365384442, 0.40862148252522623, 0.6574738374312494, 0.12462791575733739, -0.49166557318061305, -0.32846529883941655, -0.21098395778591703, 0.43088708636143136, 0.012821572250406671], [-0.48296790872081974, -0.4127710295029531, 0.4042959819294264, -0.06134031048660637, 0.7212118376389957, -0.13366186430366303, -0.013164824056941547, -0.014664780647328755, -0.7100906507678816, 0.6056126679789653, 0.32881489937260167, 0.062343281665866564], [-0.2849317403294183, 0.34737493322830326, -0.5159632054869864, -0.11499227260141681, -0.06693344917080606, -0.22168463312174758, -0.54754817009475, 0.6829797441972085, 0.3213737766367566, 0.3152335102611817, 0.4833040116234728, 0.028667702442683164]], "inverted": false, "swapped": false, "error_lsq": 0.052426529155114254, "error_max": 0.30854919742808656, "target": "414.xyz", "model": "26.xyz", "model_rescale": 3.6694154284099745, "target_rescale": 4.040978169873601},
{"mapping": [6, 11, 5, 7, 4, 2, 0, 9, 12, 8, 10, 13], "R": [[0.7062770828759467, 0.41991575246218765, -0.5699503864709261], [0.5855087972663215, -0.7990289446085871, 0.13686560561891709], [-0.39793483201145985, -0.4303760059666457, -0.8102001993089173]], "T": [-0.13604692440285565, 0.03860991686251485, 0.009823399267696584], "aligned_model": [[-0.15338335236680528, 0.37374897914114596, -0.4480919565708573, -0.760181638093518, 0.4394377729784726, 0.4580265265008074, 0.16259712507736562, -0.3777901376325463, -0.06512835807918846, -0.24760060984925203, 0.23536687598639716, -0.08572533803154668], [-0.560633797169043, -0.4019420607612022, 0.462153825672296, 0.11538078375598954, 0.6167202206709066, -0.2568063837759815, 0.16433270842812728, -0.04787243412793856, -0.701152930670394, 0.6178707123859223, 0.2703351796720208, 0.01523147601895827], [-0.32453696211431105, 0.5410461030245849, -0.5811224146023677, -0.016456210340191194, -0.09085633950538692, -0.1382832867790902, -0.5663179501632797, 0.6414439794381825, 0.28812952517592616, 0.2555262654759783, 0.42243206537750383, -0.004124567403068245]], "inverted": true, "swapped": false, "error_lsq": 0.04883814892002009, "error_max": 0.25770207042790905, "target": "414.xyz", "model": "27.xyz", "model_rescale": 4.103607728864725, "target_rescale": 4.040978169873601},
{"mapping": [10, 11, 3, 0, 4, 13, 2, 5, 6, 1, 7, 14], "R": [[0.8922202610628152, -0.09981023259867734, 0.440432654576838], [0.43577566810072715, 0.44619757446372293, -0.7816695539894437], [-0.11850136218781304, 0.8893512478269138, 0.44160138716759534]], "T": [-0.020096159437252535, -0.1459836533433536, -0.029612984161464344], "aligned_model": [[-0.18116895563858473, 0.44971761609844296, -0.4564952489682604, -0.5854490565128009, 0.5274088091956347, 0.5962244252492561, -0.0026751581610670247, -0.4413528401664596, -0.1554684330945263, -0.2368228298716558, 0.0926999983754567, -0.07534243744496093], [-0.5839471818429112, -0.5304910911124572, 0.06271743323714327, 0.28927418898346924, 0.5645487012024619, -0.11397671093521802, 0.45612825177106464, -0.04905306654470999, -0.5563773422301554, 0.67625190204965, 0.07927365904952177, -0.0007314435281980392], [-0.23459780880429892, 0.29208606786763597, -0.6036604941146356, -0.05448170835331, -0.15996393199230385, -0.2270896295731778, -0.45208010556394984, 0.5605460458175325, 0.4335485756625486, 0.25290971199734946, 0.6461217386104328, -0.026458253969342413]], "inverted": false, "swapped": false, "error_lsq": 0.04136776466789576, "error_max": 0.2100560811715901, "target": "414.xyz", "model": "28.xyz", "model_rescale": 4.137296879288765, "target_rescale": 4.040978169873601},
{"mapping": [7, 3, 2, 6, 5, 0, 1, 9, 4, 10, 11], "R": [[-0.202418411849452, -0.860353242063622, 0.46778102293162804], [0.9522213408532214, -0.28446515123056776, -0.11114898001809753], [0.22869478474167024, 0.4229324728676966, 0.876827701903844]], "T": [0.0919496203885241, 0.041975981193776817, -0.04980163418017729], "aligned_model": [[0.5476613001609694, 0.05303046389902703, -0.3314839484343063, -0.42784632296955977, -0.0012574409847020268, 0.5097423704181125, 0.5300234463248283, -0.3062589301076016, -0.5743587220851644, 0.1993286449776014, 0.022838149510693656], [-0.476573396129881, -0.5993718980110119, -0.36934482217075665, 0.12206125797154924, 0.7459315220781174, -0.02046426583310694, 0.5102094693069994, -0.4307420051341911, 0.252029795024134, 0.1353972056795525, 0.05001495386654704], [0.4059009435107101, -0.20403721618323284, -0.640597126515358, -0.358068735381101, -0.273192200640398, -0.5524742979143651, 0.179231000458773, 0.4535824357505464, 0.22846521519218865, 0.5868984541927224, -0.019954450687486514]], "inverted": false, "swapped": true, "error_lsq": 0.047850639227830324, "error_max": 0.23085823034295117, "target": "414.xyz", "model": "29.xyz", "model_rescale": 3.607286011436655, "target_rescale": 4.040978169873601},
