[{"mapping": [8, 6, 7, 4, 10, 5, 3, 1, 9, 0, 2, 12], "R": [[-0.2855277853565974, -0.32507187563772233, -0.9015554111970769], [-0.9188571777750432, -0.17447900014710443, 0.35391886832853336], [-0.272351557074014, 0.9294543314101239, -0.24887602371928114]], "T": [-0.08000231446216118, -0.0333675861010029, 0.004847449300527083], "aligned_model": [[-0.26917785330517635, 0.16205608465543386, 0.3925405942560617, -0.176421947347703, 0.0815798354709497, -0.6113299673496213, 0.42391612370956416, -0.19143470532757256, 0.6206043674595029, 0.1110976160693221, -0.6095893207548989, -0.0961983650753139], [-0.338027379519715, -0.7107656765815168, -0.26833525194772634, 0.7080898793335305, 0.36604386993876403, -0.5908671432397312, -0.2274726375422853, -0.5000625240159045, 0.11532687099811381, 0.40436147271029277, 0.13382866755196696, -0.03856511170873174], [-0.534199704201441, -0.08873603437616917, -0.6110564100415029, -0.02544948415410039, -0.6097776147092516, 0.07262626071453926, 0.6025765762325175, 0.6243815458950539, -0.08417889494362885, 0.4866890952461696, 0.3108879060690563, 0.03818850362231953]], "inverted": false, "swapped": true, "error_lsq": 0.029502825848723612, "error_max": 0.21571656823707944, "target": "415.xyz", "model": "0.xyz", "model_rescale": 3.751011558992144, "target_rescale": 4.065612604965499},
{"mapping": [8, 10, 5, 4, 2, 9, 11, 7, 12, 1, 0, 13, 14], "R": [[-0.6876819085601685, -0.3003472615568569, -0.6609728550510534], [0.6434811040140712, 0.1694340753745272, -0.7464744891011419], [0.3361928931668185, -0.9386605438481346, 0.076751039125527]], "T": [0.02634781488860316, -0.021530319557522028, -0.05983417776395396], "aligned_model": [[-0.5607084313505228, 0.34996295915751796, -0.09301025268132102, -0.2744107665773352, -0.5171834839582325, 0.4650407988463935, 0.7920393217279111, 0.20854425027213214, 0.5859575808198964, -0.3086733289227327, -0.41453048304421924, 0.1636211306326119, 0.07702981253834854], [0.2876214391181232, 0.6715159049327347, 0.4187542917690915, 0.4238333855768099, -0.10897792458016511, 0.3481222827653065, -0.01493737440413704, -0.6101241295066071, -0.4367671852752326, -0.34178122045361564, -0.6382435008926854, -0.02052366483152501, -0.027500057626942985], [-0.0742704514955942, -0.355492624706487, 0.36676769720914826, -0.6401525522218235, 0.5571461667672017, 0.26434947505719686, -0.2843426149217369, -0.3048623590419449, 0.19782908950646255, -0.5803010288797773, -0.03162607823909498, 0.6533679126224152, -0.03984643689658231]], "inverted": true, "swapped": false, "error_lsq": 0.043750325900443, "error_max": 0.26292499688571813, "target": "415.xyz", "model": "1.xyz", "model_rescale": 3.9405287249114394, "target_rescale": 4.065612604965499},
{"mapping": [5, 1, 6, 2, 11, 7, 4, 8, 3, 9, 10, 6, 12], "R": [[0.9685946024656997, 0.025150304954353307, -0.24737008354895326], [-0.09832567191158206, 0.9525216046537892, -0.2881573440169561], [0.22837810384852794, 0.30343047775145043, 0.9250802056330454]], "T": [0.053184740968197954, 0.07738919412489537, -0.028513603344840766], "aligned_model": [[-0.6217503495824529, 0.4245413580395451, 0.00374972906033489, -0.20062475881633432, -0.5413220927538696, 0.695263429984545, 0.6449891680051343, 0.14123762736763978, 0.3880991497794091, -0.42880444302489495, -0.08541815497239727, 0.00374972906033489, 0.04996871531345365], [0.2736526287848048, 0.7318651509395853, 0.23715394654697491, 0.43934127036703524, -0.10606591545543925, 0.18231883620456119, -0.049904562500585004, -0.5431886404561059, -0.3087640942937931, -0.5058853184202099, -0.7444839868095527, 0.23715394654697491, 0.10779898513690427], [-0.2129575464159787, -0.27545857143912444, 0.4885812592003258, -0.5469160144549169, 0.318646498717323, 0.4249558889919903, -0.38243385078268743, -0.48438596545209167, 0.22745056442666844, -0.3075447425013898, 0.10110441627412517, 0.4885812592003258, -0.11105700100518623]], "inverted": false, "swapped": false, "error_lsq": 0.05595554444787658, "error_max": 0.3775742105745552, "target": "415.xyz", "model": "2.xyz", "model_rescale": 3.932901565614263, "target_rescale": 4.065612604965499},
{"mapping": [1, 4, 6, 0, 10, 5, 7, 8, 9, 3, 11, 12, 13], "R": [[-0.759775070407017, -0.4337803837047956, 0.484330900419262], [-0.017652917697260323, -0.7308742241911896, -0.6822838433597126], [0.6499463184639072, -0.526932108649537, 0.5476425257313082]], "T": [-0.010782674938630499, -0.00597063519336731, -0.10604904298487437], "aligned_model": [[-0.7049956361151127, 0.3480171645518395, -0.05545694284945933, -0.1928886703646467, -0.4075733427067837, 0.5145298819602822, 0.6385569028651032, 0.1855693080344907, 0.5769861424955214, -0.14136840823693225, -0.4675080480978106, 0.16629741893238506, 0.013513336991571132], [0.24568184375286856, 0.7606177465299154, 0.4481041038038504, 0.3781265916348354, -0.09575807459599205, 0.267530295118892, -0.005711759782173378, -0.6857432126507321, -0.34348879760265333, -0.2326469703928566, -0.749963066673879, -0.04714499339893451, 0.011388540848013981], [-0.1652775436154661, -0.3224545251849961, 0.40239230257329195, -0.623984421112099, 0.4835616947047098, 0.30143548965081024, -0.40286648355791865, -0.3013484727111364, 0.1775038562857254, -0.5445130476656379, 0.08259319454360779, 0.6356228000431101, 0.005901350805382219]], "inverted": false, "swapped": false, "error_lsq": 0.040503622245464034, "error_max": 0.27127063857017397, "target": "415.xyz", "model": "3.xyz", "model_rescale": 3.9243930471874484, "target_rescale": 4.065612604965499},
{"mapping": [5, 11, 6, 9, 0, 10, 8, 7, 4, 1, 2, 3, 12], "R": [[0.5584200837574514, 0.5514387011034998, 0.6197437930157961], [-0.6853210057199361, -0.11430423588328494, 0.7192146138519109], [0.46744211318123213, -0.8263473244250406, 0.31408274425737037]], "T": [0.11934891959081093, 0.07027932628639383, -0.05698207241096702], "aligned_model": [[-0.5979319927144785, 0.15835137330398022, -0.11004051504347204, 0.1856441125233469, -0.5867231473820228, 0.7219642313757066, 0.6046823792347086, 0.11477110292239698, 0.4371627596116263, -0.3931635350004433, -0.13305403285668696, 0.07101259610045227, 0.0010037753853340825], [0.2974594531026741, 0.8446719064179262, 0.5393449970208326, 0.34677462263181913, -0.30354480716630133, 0.34389521492009795, -0.07842665213798317, -0.6867466163474885, -0.39844508399910455, -0.20668741212935943, -0.7421077328446646, -0.0789974288863228, 0.07380178600902934], [0.02973806710179777, -0.21487134319621692, 0.4418910563034643, -0.7026156296783753, 0.2346342968991993, 0.1861574986351579, -0.4293721016104089, -0.3211969938026414, 0.1209478568696674, -0.4702383000502754, 0.30013766390411517, 0.597489791431333, -0.04413566804743331]], "inverted": false, "swapped": false, "error_lsq": 0.048000538157549205, "error_max": 0.32517957361342464, "target": "415.xyz", "model": "4.xyz", "model_rescale": 3.8936222436046832, "target_rescale": 4.065612604965499},
{"mapping": [5, 8, 2, 1, 4, 10, 7, 9, 3, 6, 0, 12], "R": [[-0.19822164878117288, -0.6429743993356161, 0.73979193004079], [0.9714137848444795, -0.22946089457083318, 0.06085192254051147], [0.13062708971954018, 0.7307062471758106, 0.67007831166935]], "T": [-0.14052979468947038, -0.011987022258961803, -0.08476161429103662], "aligned_model": [[0.005599100255420653, -0.43930892612714545, -0.22334738809463808, 0.5251619057643796, -0.6136375496024459, -0.7451015669660606, -0.2684177887394018, -0.006824247136741096, 0.6046655106397542, 0.2652504466814495, 0.043384255966595925, -0.1198757104260694], [-0.5787541756267734, -0.5796447598229025, 0.14138857352299233, -0.12310734052618236, 0.5644002657479181, 0.0585599707035522, -0.3891361831406432, 0.24819345533933962, 0.2512065545534437, -0.5586891534189535, 0.638548028983385, -0.004042331205368404], [-0.589865700727688, 0.0028313735686563146, -0.6944294898510739, -0.4829458360623485, -0.14737606387271804, 0.35446311822311394, 0.6218127554322581, 0.5750219865396511, 0.07113505195718522, 0.16559310502770735, -0.14200716626637727, -0.11494841469284801]], "inverted": true, "swapped": true, "error_lsq": 0.03698696008469054, "error_max": 0.20342620187303503, "target": "415.xyz", "model": "5.xyz", "model_rescale": 3.6523030999806103, "target_rescale": 4.065612604965499},
{"mapping": [8, 0, 1, 5, 6, 3, 7, 11, 4, 9, 10, 2, 12], "R": [[-0.9338778211321176, 0.3100656171151418, -0.17813345637621], [0.3318155112560859, 0.5656838087693654, -0.7549174093806862], [-0.13330672033844052, -0.7641080693064238, -0.6311641440492469]], "T": [-0.04288056863383869, -0.02275383464555461, -0.020894631291897708], "aligned_model": [[-0.6385878315848661, 0.506219825762892, -0.05510931428142977, -0.12227800842890715, -0.5741433386224338, 0.6137386125913618, 0.3848933942758533, 0.48008623909374637, 0.3115680584752122, -0.31221635848668594, -0.2947828509519429, 0.15002567164386868, 0.024265007973779167], [0.14122513510703869, 0.8047373946469801, 0.5284985108809822, 0.5301630619890835, -0.06534024039375148, 0.20093244509439118, 0.0033699641902207866, -0.6390869737431516, -0.36742897961028187, -0.4825135926249938, -0.7180083502688271, -0.027472324153520494, 0.041916195476984816], [-0.28912374420241765, -0.05107331277372089, 0.40141588873432754, -0.4106156622315352, 0.35135626439756146, 0.01726820470373593, -0.5530083818078088, -0.3690442870526064, 0.27013254460576763, -0.5095070261691379, 0.22778074009693142, 0.7132555934767124, -0.07027062701842607]], "inverted": true, "swapped": false, "error_lsq": 0.055231736357776846, "error_max": 0.29405894606058974, "target": "415.xyz", "model": "6.xyz", "model_rescale": 4.08911054899281, "target_rescale": 4.065612604965499},
{"mapping": [11, 5, 8, 12, 9, 4, 7, 2, 6, 13, 1, 3, 14], "R": [[-0.06661089011042465, -0.43901445064931977, 0.8960074226476995], [0.6527131575289812, -0.6983770301534696, -0.2936580626214227], [0.7546711358646523, 0.5652750090664684, 0.333070023895366]], "T": [0.018161763579390998, 0.04202515876680296, -0.025785530564968403], "aligned_model": [[-0.5411569567476041, 0.476086435435586, -0.14155673048404557, -0.1714173804662079, -0.49157663023295467, 0.4729817965028365, 0.5908043064250049, 0.2585984404786892, 0.4214448684616151, -0.2023101331153986, -0.38270247746247305, 0.3034232817055747, -0.1189397130401745], [0.16202776574890493, 0.5875723682044915, 0.44756968560206684, 0.37077850631881554, -0.1315943202102447, 0.444520467735977, -0.11445715071697732, -0.6911421413891166, -0.215798178236132, -0.23434580127947474, -0.5707852480347448, -0.10260610138899476, -0.0007476057634157596], [-0.15728840645149975, -0.29631180796417966, 0.49878344744750774, -0.6290954862490105, 0.5439340094730568, 0.33196543534788536, -0.5226585218609159, -0.25986982665284536, 0.11575185201185997, -0.6668048419453074, 0.015655082667064998, 0.6982027988491626, 0.0563024600866045]], "inverted": true, "swapped": false, "error_lsq": 0.04704602757933454, "error_max": 0.24230784387576007, "target": "415.xyz", "model": "7.xyz", "model_rescale": 3.964800864290218, "target_rescale": 4.065612604965499},
{"mapping": [10, 8, 9, 5, 11, 7, 1, 0, 2, 3, 6, 12, 13], "R": [[-0.7493171810595758, 0.3799009681680185, 0.5424011583265038], [-0.27048231587118504, 0.5720525674533099, -0.7743353129433249], [-0.6044527102841806, -0.7269326753249427, -0.325892323590216]], "T": [0.049794846753469534, -0.1063738874873624, -0.0037408603468551613], "aligned_model": [[-0.601849006164534, 0.18546698805008813, -0.20714109790070648, -0.1580337375018312, -0.5419647107752252, 0.6718800225391067, 0.6871697614842662, 0.2691854449576476, 0.5263793281344131, -0.27044711217998546, -0.3292199226922622, 0.20401713153781276, 0.03823601797165807], [0.3579968630649121, 0.6468257415417283, 0.4456161029701139, 0.4096436319911384, -0.12146940792954083, 0.16557181704713472, 0.017825414756449304, -0.6424338829889042, -0.5296816726559463, -0.42313410552896047, -0.5402194439581162, 0.19454531618890006, -0.030094127907754092], [-0.19043340972397502, -0.07682280280674786, 0.3174252922409223, -0.6279234635376786, 0.5765401714211177, 0.21052237218430436, -0.37983611765071246, -0.4252462804368501, 0.17594352650024114, -0.5721339881264841, 0.06431544612888149, 0.6717871235467141, -0.015571674980349736]], "inverted": true, "swapped": false, "error_lsq": 0.04280202874848472, "error_max": 0.2428851655977739, "target": "415.xyz", "model": "8.xyz", "model_rescale": 4.121658175737393, "target_rescale": 4.065612604965499},
{"mapping": [1, 9, 6, 4, 2, 7, 5, 10, 11, 0, 3, 8, 12], "R": [[0.06921451228934894, 0.14442049086631203, 0.9870927378450726], [-0.062063463285041656, -0.9869256241949039, 0.1487479036241037], [0.9956693616927329, -0.07155790749758434, -0.05934633991202254]], "T": [0.08550931155653758, -0.015557032940760676, 0.015400472875453809], "aligned_model": [[-0.5470870294509435, 0.39634834451303663, -0.07188013995500377, -0.2046658635616032, -0.5052172690714847, 0.7156198928699732, 0.3885198962619871, 0.33091864913014674, 0.4245638996382882, -0.37259194948220564, -0.14559047570270645, 0.057687803871039375, 0.007053348399924095], [0.21676995100294466, 0.7384546435341315, 0.5846855752894298, 0.5068891536677581, -0.2357910931202598, 0.1348043897589457, -0.04320306675535263, -0.6462960556515452, -0.4253362020292691, -0.24284313440895755, -0.756198553932219, 0.10118452865107411, 0.017872110584474583], [-0.12874444583172348, -0.15203699116750802, 0.32381484010222106, -0.6410873545532793, 0.3067516639409155, 0.20398204194775119, -0.5223152407191562, -0.32872649912309737, 0.3620344201964714, -0.58235240736552, 0.1593692791572784, 0.7338367673612665, -0.005959879186236323]], "inverted": false, "swapped": false, "error_lsq": 0.04380317698089416, "error_max": 0.21885239448709587, "target": "415.xyz", "model": "9.xyz", "model_rescale": 3.833441315466971, "target_rescale": 4.065612604965499},
{"mapping": [7, 2, 8, 3, 11, 13, 5, 1, 0, 6, 12, 10, 14], "R": [[0.44024962889380964, 0.8214550187462748, -0.36248022902693633], [0.45537039550376424, -0.5522112872171138, -0.6983555664335781], [-0.773833358777979, 0.14238801370401802, -0.6171771110433504]], "T": [-0.018826383575775006, -0.03440553277924697, -0.06896927795045335], "aligned_model": [[-0.6144337697295034, 0.33824139280941684, -0.1217087305235526, -0.23746674126629766, -0.5599199731620115, 0.7188420311223709, 0.5571278286329411, 0.3182160770038894, 0.5287518244736115, -0.23792475101693691, -0.24511226662188387, 0.07083082941753185, -0.04176464367912766], [0.25966379385933086, 0.5746344153273963, 0.46918012742447, 0.5850387312814633, -0.039636013710534636, 0.22294844652047108, 0.005258877842827157, -0.6731412350214214, -0.346878694297072, -0.4753726964626692, -0.5727165464313779, -0.11238739310113077, 0.054400433359402346], [-0.1208253236083421, -0.20396260965697352, 0.5170137148918676, -0.6371303884278227, 0.34639496030493555, 0.0900929133772766, -0.42130247456418624, -0.22397900461761003, 0.18859933641112667, -0.536701502607394, 0.07947602856218383, 0.7444399407942576, -0.09354939609993618]], "inverted": true, "swapped": false, "error_lsq": 0.0390738771143727, "error_max": 0.21914360870574773, "target": "415.xyz", "model": "10.xyz", "model_rescale": 4.2482417240324, "target_rescale": 4.065612604965499},
{"mapping": [10, 9, 6, 3, 11, 5, 8, 1, 0, 2, 4, 12], "R": [[0.2949615437769232, 0.7156523410828071, -0.6331187995909078], [0.470169317614052, 0.46812626758435605, 0.7481969061496291], [0.8318284080668747, -0.5183623484592971, -0.19839852628659155]], "T": [-0.049275827953879386, 0.016617425000013453, -0.022955631586533753], "aligned_model": [[-0.7121647130308348, -0.029647145808606584, 0.3626785787869261, 0.6427793010699301, -0.40575548702497666, 0.21175239613711197, -0.30862412135148676, 0.6717057389953074, 0.08559321558482622, -0.060207050351151065, -0.5559312873281302, -0.025413823315908992], [-0.312341415011877, -0.70440657182953, -0.05869892206580993, -0.34708616594987446, 0.628966263871489, 0.6741529079613824, 0.20909670246584586, 0.31472403466415827, -0.21774433070381527, 0.5208986775213515, -0.07893365955341786, 0.03750386868073706], [0.10260980681631597, 0.0020356694591082865, 0.5693612807320132, -0.21704341798569965, 0.03794803303792092, 0.28884583262448343, 0.5381744766584536, -0.09618041596051818, -0.6451952901610576, -0.40721943729973686, -0.56530612578569, -0.04283812228123687]], "inverted": false, "swapped": true, "error_lsq": 0.04417268146475067, "error_max": 0.22494882873433802, "target": "415.xyz", "model": "11.xyz", "model_rescale": 3.6694154284099745, "target_rescale": 4.065612604965499},
{"mapping": [6, 0, 4, 5, 11, 1, 12, 10, 2, 7, 9, 3, 13], "R": [[0.4553202284994909, -0.6216147159608106, 0.6373999014905259], [-0.1708139324002883, 0.6416262099120094, 0.747755579886837], [-0.8737883553911215, -0.44934502518099706, 0.18596493843724402]], "T": [0.005149876364095703, -0.03358990825517851, -0.04681860484273626], "aligned_model": [[-0.4388694259202358, 0.15019036468730415, -0.0792321921588412, -0.1358967205325401, -0.6061581814146244, 0.7004066322945652, 0.5356640279960285, 0.20529472408285904, 0.5361134495105342, -0.34610139164348774, -0.4014267012739361, 0.3020167053187228, 0.051677816514099514], [0.29928207504419996, 0.6608271768569682, 0.4350954395690442, 0.2995917674196882, -0.13019126044139814, 0.3041421330355132, -0.039218124487734755, -0.5821172837112842, -0.30392999256250675, -0.3771004676652776, -0.72187835059832, 0.028949922577910937, 0.077539211554352], [-0.1558962624401736, -0.1333404695751445, 0.5196550141343259, -0.7635239982751058, 0.3556727443284939, 0.298186620799172, -0.47142613935758554, -0.296995633395143, 0.22021602999063195, -0.6043025604561418, 0.028286478494455473, 0.7589156913300861, -0.0268813208184874]], "inverted": true, "swapped": false, "error_lsq": 0.032476369712582644, "error_max": 0.19882332846585252, "target": "415.xyz", "model": "12.xyz", "model_rescale": 3.9764082729961374, "target_rescale": 4.065612604965499},
{"mapping": [13, 10, 11, 12, 6, 8, 2, 0, 7, 9, 4, 3, 15], "R": [[-0.9497151525866427, -0.13567706645811595, -0.28219295275511397], [-0.17403001250089373, -0.5204907587734224, 0.8359443311491537], [-0.2602972986726308, 0.8430190411068941, 0.4707060788166478]], "T": [-0.07001874295351729, -0.01415300468156047, -0.07957013025089817], "aligned_model": [[-0.5294566687619555, 0.20728032700184396, 0.040124616673861774, -0.2960096646777602, -0.736476603651466, 0.5185060454847393, 0.6865147544091994, 0.21908468883705334, 0.4136961293760588, -0.08460081555319132, -0.19575772437055833, 0.2971003221142987, -0.0663262994216755], [0.38060338890165235, 0.7228290798915654, 0.6234512333764872, 0.3601442851957701, -0.17673088744834042, 0.30884055721838494, -0.1512895529793066, -0.6179683729912064, -0.5300589328617636, -0.24196989808656413, -0.6863182251405108, 0.02929331584820352, -0.06983374433321642], [0.007405315944648813, -0.24115457188562683, 0.38072757199170587, -0.5443745805705792, 0.2566755502391512, 0.14171378017514347, -0.29196162818628124, -0.3605223329869912, 0.18669044602485296, -0.6357948624910361, 0.14008265652132512, 0.6765908688820703, 0.012487981101000509]], "inverted": false, "swapped": false, "error_lsq": 0.04640599751441022, "error_max": 0.2589591039063146, "target": "415.xyz", "model": "13.xyz", "model_rescale": 4.170626492500431, "target_rescale": 4.065612604965499},
{"mapping": [2, 5, 4, 6, 0, 12, 11, 9, 10, 3, 1, 8, 13], "R": [[-0.14047388088589113, -0.37970129329178903, -0.9143817674589751], [0.1133028605573646, -0.9236369959960085, 0.36613817257558356], [-0.98357996653977, -0.05216921985244044, 0.1727681160446362]], "T": [-0.04047423233653747, -0.04323319676276171, 0.04977487437873572], "aligned_model": [[-0.6334960149703106, 0.4952739496237337, -0.12340667763722057, -0.065580620801027, -0.5039873303783594, 0.5578907406054952, 0.39011999555219, 0.335117613404199, 0.4369947663259758, -0.31757335978628554, -0.30764739424196824, 0.19673029165937853, 0.013243148104647336], [0.23553719037451049, 0.5893423553092906, 0.5564022536924431, 0.4867748723384061, -0.2662834253251682, 0.3204926827653997, -0.07295159429006506, -0.6944871922847449, -0.28468017606035945, -0.2160369556824654, -0.7625018797282241, 0.06320905558153683, -0.003824940099404525], [-0.009760021384518314, -0.3244468310356208, 0.41939990960613127, -0.6028738695685801, 0.3518718952343096, 0.2627747919930832, -0.5100153353324249, -0.25206189805563495, 0.22881402227413727, -0.5575376801594466, 0.004107236406865354, 0.745447465125753, -0.027153490344670322]], "inverted": true, "swapped": false, "error_lsq": 0.04198973690070234, "error_max": 0.25167773278294847, "target": "415.xyz", "model": "14.xyz", "model_rescale": 3.9786697098870705, "target_rescale": 4.065612604965499},
{"mapping": [6, 7, 5, 1, 8, 11, 9, 4, 2, 3, 10, 12], "R": [[-0.19540853089213422, -0.8565227170063692, -0.4776864466431985], [0.027660014004789457, 0.4820692757668083, -0.8756963726012117], [0.9803317957099182, -0.18433135548162266, -0.07050901861801062]], "T": [0.053909860878580865, -0.0009367741459117111, 0.06469044315593701], "aligned_model": [[-0.08129295968113164, -0.6542727575639845, 0.5917729395928482, 0.6003698213087294, -0.08902865680542642, 0.4203920487185809, -0.5613083996203014, -0.00983052437283051, 0.6232108380249999, 0.07249310916569408, -0.5170847627766673, 0.08793390077682574], [-0.37470946282962164, 0.010774044227358438, 0.052606841031365134, -0.5350039578713239, 0.34443108983264437, 0.5808858645985179, -0.31774344773931734, 0.39026970972304975, 0.1986066133601473, -0.7908305496195994, 0.4703379965015389, -0.014950250990320432], [-0.5421311817833319, -0.33051128279500475, -0.48807097738571875, -0.10908410781991591, -0.46395539917542944, -0.11677946400184498, 0.26969160854329416, 0.699409651229889, 0.26002753531081085, 0.2215762578695576, 0.1882521767542957, 0.0715416771272284]], "inverted": true, "swapped": true, "error_lsq": 0.05041986429243181, "error_max": 0.226181410996759, "target": "415.xyz", "model": "15.xyz", "model_rescale": 3.769337070930944, "target_rescale": 4.065612604965499},
{"mapping": [6, 7, 1, 5, 3, 9, 0, 10, 2, 11, 12], "R": [[0.9628063957869388, -0.08854137078551669, 0.25527293215534325], [-0.0432633736184241, -0.9831121149439552, -0.17781690007863793], [0.26670606430097815, 0.16015928043621236, -0.9503772304486453]], "T": [0.025964830700465874, 0.02358748080907803, 0.07027116480525582], "aligned_model": [[-0.42455359364460543, -0.1833097235553698, -0.13780970404083873, -0.633661877430624, 0.3586816792044395, 0.43913076656221894, 0.6545358386539097, 0.16322099866393178, 0.028845577927010285, -0.37026147080125926, 0.027807639152357677], [-0.07533975290329101, -0.7024356292558231, 0.6790622478742078, 0.42597355815459187, 0.31701581247141947, -0.4197028321757462, 0.277866451258327, -0.6423810910575425, 0.521968199863163, 0.15310922350659228, 0.06092830988944374], [-0.4896081630348946, -0.22458265171820824, -0.32668547157176103, 0.09647896685166608, -0.6021052070332942, -0.32174039389175757, 0.047076827301722246, 0.38815302547641156, 0.4622993599893937, 0.6464542436354493, 0.06847707121904947]], "inverted": true, "swapped": true, "error_lsq": 0.04413515244817745, "error_max": 0.22404009741678682, "target": "415.xyz", "model": "16.xyz", "model_rescale": 3.7852294659196426, "target_rescale": 4.065612604965499},
{"mapping": [5, 7, 1, 6, 4, 2, 11, 9, 8, 10, 0, 3, 12], "R": [[0.8919575869518628, -0.2039431855310533, 0.4035081661558494], [-0.43737481719879334, -0.16316259400470567, 0.8843535702409856], [-0.11452044515863657, -0.9652901869350491, -0.23473372711982776]], "T": [0.05722596892317426, -0.004220888520220213, 0.04453683525854757], "aligned_model": [[-0.44419397558718604, 0.19720819060172218, -0.10733388570939413, -0.17969454484712516, -0.6337261357168681, 0.5115663360282634, 0.6044795697361992, 0.2344727719645066, 0.5590029831820099, -0.32476349821194844, -0.19150903174290096, 0.18247249660118248, 0.06569783116198682], [0.41661156468227106, 0.6124345560084826, 0.4803372101677201, 0.3624458835399869, -0.085970079434909, 0.34583967032609586, 0.05094807456685576, -0.7564463522828309, -0.41788745008929923, -0.28827932020649, -0.5804096189101409, -0.13478579455527365, -0.05384609722131356], [-0.01618462832051093, -0.2580652888639826, 0.5053813399304659, -0.7280027328696811, 0.1775366246113285, 0.25695024582691683, -0.44064555966355656, -0.3427643498553038, 0.08067151463408595, -0.6055784850230943, 0.3126498751391551, 0.8189795276375353, -0.03236188842397472]], "inverted": false, "swapped": false, "error_lsq": 0.04007146894126144, "error_max": 0.21645145216861175, "target": "415.xyz", "model": "17.xyz", "model_rescale": 3.901054581598922, "target_rescale": 4.065612604965499},
{"mapping": [8, 10, 5, 4, 2, 9, 11, 7, 12, 1, 0, 13, 14], "R": [[-0.6876819085601685, -0.3003472615568569, -0.6609728550510534], [0.6434811040140712, 0.1694340753745272, -0.7464744891011419], [0.3361928931668185, -0.9386605438481346, 0.076751039125527]], "T": [0.02634781488860316, -0.021530319557522028, -0.05983417776395396], "aligned_model": [[-0.5607084313505228, 0.34996295915751796, -0.09301025268132102, -0.2744107665773352, -0.5171834839582325, 0.4650407988463935, 0.7920393217279111, 0.20854425027213214, 0.5859575808198964, -0.3086733289227327, -0.41453048304421924, 0.1636211306326119, 0.07702981253834854], [0.2876214391181232, 0.6715159049327347, 0.4187542917690915, 0.4238333855768099, -0.10897792458016511, 0.3481222827653065, -0.01493737440413704, -0.6101241295066071, -0.4367671852752326, -0.34178122045361564, -0.6382435008926854, -0.02052366483152501, -0.027500057626942985], [-0.0742704514955942, -0.355492624706487, 0.36676769720914826, -0.6401525522218235, 0.5571461667672017, 0.26434947505719686, -0.2843426149217369, -0.3048623590419449, 0.19782908950646255, -0.5803010288797773, -0.03162607823909498, 0.6533679126224152, -0.03984643689658231]], "inverted": true, "swapped": false, "error_lsq": 0.043750325900443, "error_max": 0.26292499688571813, "target": "415.xyz", "model": "18.xyz", "model_rescale": 3.9405287249114394, "target_rescale": 4.065612604965499},
{"mapping": [12, 10, 1, 14, 4, 2, 11, 9, 5, 13, 7, 6, 15], "R": [[0.8864310140288432, 0.18190712634149692, -0.42561702827069287], [0.335381183554509, -0.8861574778689362, 0.31975676088949684], [-0.31899767880875535, -0.42618625248023284, -0.846525699026014]], "T": [-0.10037171480272955, 0.014193040494828377, 0.02808568804920784], "aligned_model": [[-0.5578894419460703, 0.4218774428176145, -0.11575953159556612, -0.13591003195270196, -0.7296553954827274, 0.6543850835479132, 0.3710349903899701, 0.23651071477663432, 0.639154428860224, -0.25726858982138934, -0.2685140796543978, 0.28097794983877267, -0.06526443231782768], [0.30020007631357865, 0.5080152100546729, 0.47819394261140064, 0.4065139396071305, -0.2638239506326891, 0.3544148751394059, -0.08929906150197346, -0.629011711917902, -0.29731666782166166, -0.2150043799231896, -0.6694292566192721, 0.03458068033773175, 0.0329585509439225], [-0.06686991747862071, -0.29019016583005763, 0.4971121285712704, -0.6386678662795625, 0.2758227068621311, 0.292503088360934, -0.5069641274104958, -0.2205259007211439, 0.24562976915104692, -0.5836182913845314, 0.0243109070129444, 0.6703007867596555, 0.029723077145813123]], "inverted": false, "swapped": false, "error_lsq": 0.03870615854215266, "error_max": 0.2374261845669366, "target": "415.xyz", "model": "19.xyz", "model_rescale": 4.410303926677745, "target_rescale": 4.065612604965499},
{"mapping": [10, 8, 9, 5, 11, 7, 1, 0, 2, 3, 6, 12, 13], "R": [[-0.7493171810595758, 0.3799009681680185, 0.5424011583265038], [-0.27048231587118504, 0.5720525674533099, -0.7743353129433249], [-0.6044527102841806, -0.7269326753249427, -0.325892323590216]], "T": [0.049794846753469534, -0.1063738874873624, -0.0037408603468551613], "aligned_model": [[-0.601849006164534, 0.18546698805008813, -0.20714109790070648, -0.1580337375018312, -0.5419647107752252, 0.6718800225391067, 0.6871697614842662, 0.2691854449576476, 0.5263793281344131, -0.27044711217998546, -0.3292199226922622, 0.20401713153781276, 0.03823601797165807], [0.3579968630649121, 0.6468257415417283, 0.4456161029701139, 0.4096436319911384, -0.12146940792954083, 0.16557181704713472, 0.017825414756449304, -0.6424338829889042, -0.5296816726559463, -0.42313410552896047, -0.5402194439581162, 0.19454531618890006, -0.030094127907754092], [-0.19043340972397502, -0.07682280280674786, 0.3174252922409223, -0.6279234635376786, 0.5765401714211177, 0.21052237218430436, -0.37983611765071246, -0.4252462804368501, 0.17594352650024114, -0.5721339881264841, 0.06431544612888149, 0.6717871235467141, -0.015571674980349736]], "inverted": true, "swapped": false, "error_lsq": 0.04280202874848472, "error_max": 0.2428851655977739, "target": "415.xyz", "model": "20.xyz", "model_rescale": 4.121658175737393, "target_rescale": 4.065612604965499},
{"mapping": [8, 0, 1, 5, 6, 3, 7, 11, 4, 9, 10, 2, 12], "R": [[-0.9338778211321176, 0.3100656171151418, -0.17813345637621], [0.3318155112560859, 0.5656838087693654, -0.7549174093806862], [-0.13330672033844052, -0.7641080693064238, -0.6311641440492469]], "T": [-0.04288056863383869, -0.02275383464555461, -0.020894631291897708], "aligned_model": [[-0.6385878315848661, 0.506219825762892, -0.05510931428142977, -0.12227800842890715, -0.5741433386224338, 0.6137386125913618, 0.3848933942758533, 0.48008623909374637, 0.3115680584752122, -0.31221635848668594, -0.2947828509519429, 0.15002567164386868, 0.024265007973779167], [0.14122513510703869, 0.8047373946469801, 0.5284985108809822, 0.5301630619890835, -0.06534024039375148, 0.20093244509439118, 0.0033699641902207866, -0.6390869737431516, -0.36742897961028187, -0.4825135926249938, -0.7180083502688271, -0.027472324153520494, 0.041916195476984816], [-0.28912374420241765, -0.05107331277372089, 0.40141588873432754, -0.4106156622315352, 0.35135626439756146, 0.01726820470373593, -0.5530083818078088, -0.3690442870526064, 0.27013254460576763, -0.5095070261691379, 0.22778074009693142, 0.7132555934767124, -0.07027062701842607]], "inverted": true, "swapped": false, "error_lsq": 0.055231736357776846, "error_max": 0.29405894606058974, "target": "415.xyz", "model": "21.xyz", "model_rescale": 4.08911054899281, "target_rescale": 4.065612604965499},
{"mapping": [2, 13, 0, 3, 1, 7, 12, 9, 5, 15, 11, 6, 16], "R": [[0.6209756889098063, 0.5739771654234909, -0.5337971593736767], [0.4481892196081812, -0.8187081735008802, -0.35894755894122254], [-0.6430517997875452, -0.01634442459273308, -0.7656482498998685]], "T": [0.04109605114428835, -0.038301697467853266, -0.006784375617735931], "aligned_model": [[-0.6061748005172554, 0.2991717211164712, -0.08280284296969645, -0.046519392627887936, -0.6510317702754728, 0.5853060253122124, 0.6153074924167454, 0.4524199172059979, 0.36897528953881337, -0.47492373753777267, -0.3268999405720279, 0.29703110911142855, 0.043820037258892566], [0.20033755733694925, 0.5264159404833881, 0.5332282977456331, 0.48712741700403295, -0.1029920364472127, 0.35707040199755924, 0.10749773666846811, -0.503561821550778, -0.6405042366315696, -0.36605160716027635, -0.6955636446462626, 0.03964861847979108, 0.008339623311432093], [-0.2197293920628294, -0.23310473259743342, 0.5012332685521081, -0.6927337928289262, 0.37632477348407045, 0.2241108278618799, -0.44723102590744035, -0.3559165937084027, 0.15927694077704274, -0.40403818904097166, 0.12915205485775622, 0.6889060173721255, 0.002316038000404381]], "inverted": false, "swapped": false, "error_lsq": 0.04368083444811822, "error_max": 0.28017232407716963, "target": "415.xyz", "model": "22.xyz", "model_rescale": 4.204369325754507, "target_rescale": 4.065612604965499},
{"mapping": [12, 10, 1, 14, 4, 2, 11, 9, 5, 13, 7, 6, 15], "R": [[0.8864310140288432, 0.18190712634149692, -0.42561702827069287], [0.335381183554509, -0.8861574778689362, 0.31975676088949684], [-0.31899767880875535, -0.42618625248023284, -0.846525699026014]], "T": [-0.10037171480272955, 0.014193040494828377, 0.02808568804920784], "aligned_model": [[-0.5578894419460703, 0.4218774428176145, -0.11575953159556612, -0.13591003195270196, -0.7296553954827274, 0.6543850835479132, 0.3710349903899701, 0.23651071477663432, 0.639154428860224, -0.25726858982138934, -0.2685140796543978, 0.28097794983877267, -0.06526443231782768], [0.30020007631357865, 0.5080152100546729, 0.47819394261140064, 0.4065139396071305, -0.2638239506326891, 0.3544148751394059, -0.08929906150197346, -0.629011711917902, -0.29731666782166166, -0.2150043799231896, -0.6694292566192721, 0.03458068033773175, 0.0329585509439225], [-0.06686991747862071, -0.29019016583005763, 0.4971121285712704, -0.6386678662795625, 0.2758227068621311, 0.292503088360934, -0.5069641274104958, -0.2205259007211439, 0.24562976915104692, -0.5836182913845314, 0.0243109070129444, 0.6703007867596555, 0.029723077145813123]], "inverted": false, "swapped": false, "error_lsq": 0.03870615854215266, "error_max": 0.2374261845669366, "target": "415.xyz", "model": "23.xyz", "model_rescale": 4.410303926677745, "target_rescale": 4.065612604965499},
{"mapping": [7, 14, 11, 13, 1, 9, 5, 2, 4, 0, 3, 10, 16], "R": [[0.43230856594870704, 0.3591276684427416, -0.8271255174193654], [-0.4831703143351802, -0.6822194132160547, -0.5487468629307918], [-0.761351266599469, 0.6368704656286256, -0.12140946774186123]], "T": [0.12964658340483573, 0.12699539755692568, -0.06978787167450545], "aligned_model": [[-0.5098768757660965, 0.31323508937274036, -0.13000144131016453, -0.08610805070334449, -0.5780008302513725, 0.4942733136635792, 0.493500216746652, 0.13002413473839883, 0.47274827431486566, -0.2866575025769944, -0.11117006405917759, 0.19590885954906914, 0.07580398374229283], [0.23819923556772493, 0.7775024794228734, 0.5394662951970222, 0.5922436853227602, -0.12679305438412702, 0.4108575781803863, -0.17341479007666466, -0.7565886182290428, -0.4556242039076017, -0.3856137566677986, -0.6948763160546295, -0.04007450268712098, 0.025708214907373975], [-0.21322548272548042, -0.10564574296321103, 0.33415785298703177, -0.5506003012361189, 0.34392931334127397, 0.3531655461162666, -0.48568002848663216, -0.29820217875904736, 0.059517977671701194, -0.4362692137453035, 0.2055032711242778, 0.5558964780324731, -0.03398129659784746]], "inverted": true, "swapped": false, "error_lsq": 0.04129111377710801, "error_max": 0.21030260994667588, "target": "415.xyz", "model": "24.xyz", "model_rescale": 4.28219845311461, "target_rescale": 4.065612604965499},
{"mapping": [13, 14, 2, 12, 4, 6, 10, 5, 8, 9, 3, 0, 15], "R": [[-0.9404237622631046, 0.30445866803131694, 0.15135411071888322], [0.3375953813142176, 0.8890391128759871, 0.30925525750096106], [-0.04040428054322531, 0.34192744148031473, -0.9388573474583399]], "T": [-0.0694391018559784, -0.043307332564426274, -0.061662623196027916], "aligned_model": [[-0.48948775633224023, 0.28613392938458027, -0.07772613761863222, -0.19826307337234714, -0.5004063649463482, 0.654234839036645, 0.6636646919411455, 0.3248407443767793, 0.564897858996781, -0.39044130959949647, -0.4137639046079143, 0.10888463217659608, -0.05888904197510096], [0.3658396350641546, 0.6023785106308825, 0.5255939433434454, 0.36571594808163504, -0.14252967674968342, 0.2423246028448523, 0.13217359344674778, -0.7186220964171637, -0.3191308488265571, -0.3681651598569401, -0.7108211945465472, 0.012914771268118422, -0.03667978169179069], [-0.15692197281601794, -0.2535017126595479, 0.31920833618074496, -0.6945324680182529, 0.5206351679593999, 0.39320830323070133, -0.30959424875921215, -0.3989667196599398, -0.00263665516751848, -0.5599583772913683, 0.12783940616349854, 0.7324367993935671, 0.011350336203329078]], "inverted": false, "swapped": false, "error_lsq": 0.04311188928032238, "error_max": 0.2347811702328231, "target": "415.xyz", "model": "25.xyz", "model_rescale": 4.100010024507729, "target_rescale": 4.065612604965499},
{"mapping": [10, 9, 6, 3, 11, 5, 8, 1, 0, 2, 4, 12], "R": [[0.2949615437769232, 0.7156523410828071, -0.6331187995909078], [0.470169317614052, 0.46812626758435605, 0.7481969061496291], [0.8318284080668747, -0.5183623484592971, -0.19839852628659155]], "T": [-0.049275827953879386, 0.016617425000013453, -0.022955631586533753], "aligned_model": [[-0.7121647130308348, -0.029647145808606584, 0.3626785787869261, 0.6427793010699301, -0.40575548702497666, 0.21175239613711197, -0.30862412135148676, 0.6717057389953074, 0.08559321558482622, -0.060207050351151065, -0.5559312873281302, -0.025413823315908992], [-0.312341415011877, -0.70440657182953, -0.05869892206580993, -0.34708616594987446, 0.628966263871489, 0.6741529079613824, 0.20909670246584586, 0.31472403466415827, -0.21774433070381527, 0.5208986775213515, -0.07893365955341786, 0.03750386868073706], [0.10260980681631597, 0.0020356694591082865, 0.5693612807320132, -0.21704341798569965, 0.03794803303792092, 0.28884583262448343, 0.5381744766584536, -0.09618041596051818, -0.6451952901610576, -0.40721943729973686, -0.56530612578569, -0.04283812228123687]], "inverted": false, "swapped": true, "error_lsq": 0.04417268146475067, "error_max": 0.22494882873433802, "target": "415.xyz", "model": "26.xyz", "model_rescale": 3.6694154284099745, "target_rescale": 4.065612604965499},
{"mapping": [8, 4, 5, 10, 7, 0, 2, 12, 6, 9, 3, 1, 13], "R": [[-0.4469721928387768, -0.8930196699403135, 0.052265934685879964], [-0.891946918194916, 0.4404590236334017, -0.1021104481554277], [0.06816563614818771, -0.09225897029342915, -0.9933990781397518]], "T": [-0.000544820311291612, 0.019070587865485624, -0.08722146708467783], "aligned_model": [[-0.47452365222164716, 0.2010621907329498, -0.11256259073699246, -0.05381024013016833, -0.4717899969874524, 0.45642197867550344, 0.6400549555446349, 0.24541920943703077, 0.43583382426701023, -0.46336868223267175, -0.2930333410269432, 0.3102836526963529, 0.053691799442841304], [0.4294358663830794, 0.7801048479430057, 0.4211586380682159, 0.2661753065423478, -0.14764506959754278, 0.38919296319498925, 0.023232561073424567, -0.6795723618648941, -0.4369021638261823, -0.30795498455184256, -0.6964969611674658, -0.11096858012556263, 0.02123218451958274], [-0.21092109326892206, -0.3232554438231866, 0.5849062876719395, -0.633108610138793, 0.2952212053965291, 0.21464624406931332, -0.31469509490917025, -0.3720592072446673, 0.18269140788634708, -0.46631496912823794, 0.147820589479859, 0.7289415857740512, -0.10530670700567814]], "inverted": false, "swapped": false, "error_lsq": 0.04091089258196206, "error_max": 0.2035522383813479, "target": "415.xyz", "model": "27.xyz", "model_rescale": 4.103607728864725, "target_rescale": 4.065612604965499},
{"mapping": [0, 6, 7, 9, 1, 11, 10, 12, 13, 3, 2, 8, 14], "R": [[-0.2725812702324782, 0.47514851818651255, -0.8366201866938249], [0.5913354888468458, -0.6031918177453366, -0.5352401055931244], [-0.7589609942208565, -0.6406196349396718, -0.11655338940181437]], "T": [0.13401441140318893, 0.02549335618174698, -0.06886617859808727], "aligned_model": [[-0.5617052239230622, 0.31186639356591184, -0.017673578486608194, -0.11662354642751438, -0.6473275835528611, 0.7034880024692726, 0.37260169834729945, 0.2432967165710948, 0.5331863887690055, -0.26051913623443423, -0.2683049565429791, 0.1925924123925939, -0.011198479487270874], [0.026456569485854682, 0.6305468334059023, 0.4636853591276692, 0.5690510263321833, 0.0053400939795611516, 0.28770895194156365, 0.0876427374873758, -0.7966776408893351, -0.37096887468215534, -0.3896470656334636, -0.5817478221581146, 0.031106301759124273, -0.011504223565010942], [-0.2290691817637143, -0.12841636744429125, 0.48345598087120034, -0.627301133958222, 0.36926549683246046, 0.2122104014969304, -0.5149478271981262, -0.2910954441709801, 0.25261782557316703, -0.5541831497935826, 0.034661516903616754, 0.7489462017488054, -0.02757812433788072]], "inverted": true, "swapped": false, "error_lsq": 0.04143383550846861, "error_max": 0.29857483850121114, "target": "415.xyz", "model": "28.xyz", "model_rescale": 4.137296879288765, "target_rescale": 4.065612604965499},
