[{"mapping": [6, 2, 3, 10, 5, 7, 1, 9, 8, 11, 12, 13], "R": [[-0.33529655142338116, -0.8776290859495832, 0.3425542440240485], [0.748374721495364, -0.02724517826350345, 0.662716362019323], [-0.5722862035994967, 0.47856544772548015, 0.6659306370884182]], "T": [0.07343766023665617, -0.03580932790222013, -0.02707732855854053], "aligned_model": [[-0.2168843612674774, 0.027923564266192732, 0.45358466319090157, -0.2595004925042638, -0.07027865166571416, -0.5416197396008953, 0.4664893514190174, -0.16752834505355835, 0.6837637214144696, 0.014053159002091156, -0.5461127439905137, -0.006247662749701163], [-0.30391754429532514, -0.8188394648237836, -0.04517332664545664, 0.601983554883819, 0.37590274499708126, -0.47000187897746365, -0.4316394973048243, -0.3113949528917682, 0.04574778890868101, 0.4220680973889595, 0.08982139648586793, -0.1010018817487302], [-0.5497064892065193, -0.07303591494729736, -0.5880918096895886, -0.09450303036430144, -0.6493742683663528, 0.022665627169454944, 0.46990525409161876, 0.848419100769466, 0.0603617531365053, 0.4865873756059761, 0.24833495414911774, 0.0003891930054829365]], "inverted": false, "swapped": true, "error_lsq": 0.053539784789770874, "error_max": 0.3422330531063282, "target": "416.xyz", "model": "0.xyz", "model_rescale": 3.751011558992144, "target_rescale": 3.9125716339899452},
{"mapping": [1, 4, 6, 0, 2, 3, 7, 11, 8, 10, 13, 5, 9, 14], "R": [[-0.06408360110369332, -0.9213121094384147, 0.3835065697895169], [-0.2383714819396182, -0.3590406811514436, -0.9023684535023473], [0.969057443430209, -0.14924404939710795, -0.19660591306484315]], "T": [-0.040688029533617505, 0.03113557082958892, -0.020426607429618483], "aligned_model": [[-0.36256077404214637, -0.7827504229104562, -0.4894638160557835, 0.25251229341486336, 0.5034581647268286, 0.6667600797952314, 0.04239288782938138, -0.18827520133159842, -0.24230329594384126, -0.6120965822055828, 0.590466886733094, 0.11064193579937948, 0.09297561316558556, -0.016947219618604348], [-0.5044956245959531, -0.13427494062958595, 0.10471754966318142, -0.6296451409412158, -0.3651720089552531, -0.16752118738389238, -0.12703811193799946, 0.6568164061616674, -0.339239996141034, 0.5749943611441303, 0.2845904781893693, 0.20980327958350645, 0.6426418668895372, 0.07614554208193057], [-0.3289435571510047, 0.1976484643792891, -0.6178475068736242, -0.2504416940523448, 0.4597643165423599, -0.2288937620030007, -0.658984099788063, -0.4931553964254884, 0.49201019441173716, 0.2035457798412108, 0.2343405017273219, 0.5585925100756324, 0.18544641614004861, -0.04078069487686309]], "inverted": true, "swapped": false, "error_lsq": 0.03770571310662275, "error_max": 0.23679595232856346, "target": "416.xyz", "model": "1.xyz", "model_rescale": 3.9405287249114394, "target_rescale": 3.9125716339899452},
{"mapping": [9, 11, 12, 8, 4, 7, 1, 8, 5, 6, 3, 2, 13], "R": [[0.12533422762622592, -0.6657931091598864, 0.735534409243068], [-0.6202923833013226, 0.526020438707169, 0.5818417802811026], [-0.7742923805667357, -0.5291710818417131, -0.34705802906541205]], "T": [-0.02402523529968715, -0.09083630461860821, -0.027385817700203114], "aligned_model": [[-0.2935175203678715, 0.2543444614169085, -0.41341208071576, 0.5183109061363805, 0.4412911556893775, -0.767840035893261, 0.10033374654522259, 0.5183109061363805, 0.04670718913644439, -0.4672977000305118, 0.21649625112313348, -0.5340845361362276, -0.12365946375628398], [0.8182830349648929, 0.3805118713460847, 0.2049744855466233, -0.04466125863622243, -0.214212220343308, 0.03240658567035852, 0.41868306838192954, -0.04466125863622243, -0.7399706725668782, -0.5697263746245659, -0.6683823212067124, -0.061273726159646505, -0.053138620164316114], [0.00978923921273107, -0.4485400564860019, -0.5135458415537786, 0.2735035840469606, -0.32329199856745605, -0.056435267951085485, 0.5046740422590568, 0.2735035840469606, -0.4160195618010132, 0.03163921333323484, 0.2332416744384194, 0.5695107256867233, -0.02490898707610731]], "inverted": false, "swapped": true, "error_lsq": 0.050856116923714716, "error_max": 0.36002749515073446, "target": "416.xyz", "model": "2.xyz", "model_rescale": 3.932901565614263, "target_rescale": 3.9125716339899452},
{"mapping": [11, 8, 10, 1, 0, 2, 6, 12, 3, 9, 4, 7, 5, 13], "R": [[-0.1055978989075973, -0.5620531388006591, -0.820332464864477], [-0.2966887236192603, -0.7695646598059106, 0.5654609055054005], [-0.9491179510595484, 0.30309487547984104, -0.0854904172079225]], "T": [-0.06904129890649036, -0.053042888991272935, 0.03815171462883707], "aligned_model": [[-0.8008244619685165, -0.701106881990975, -0.25799933922567486, 0.23965380510725676, 0.43261639710938504, 0.7249945538760691, 0.2630228573948387, -0.28649477074215735, -0.18266696626109125, -0.5031654048173957, 0.698044139980815, -0.05055955521562808, 0.06805990585057489, -0.07876372974114984], [-0.4703311332480944, -0.11511654505778116, -0.09196254498563831, -0.6165632891948548, -0.4054365192268543, -0.12307560596458131, 0.2579119469613351, 0.474405096564526, -0.4320950030490732, 0.5233552263063249, 0.2722705917563918, 0.3329330971251876, 0.6471944463142266, 0.028832708827274137], [-0.25861860368386724, 0.4061553632989504, -0.6517218677594482, -0.33052254840628514, 0.30853776186581805, -0.20434021560289226, -0.47148810600857305, -0.4694331750982703, 0.36078801238182223, 0.1763342487541004, 0.30078734288342945, 0.6385045364250818, -0.0494303586115338, -0.04325091849112088]], "inverted": false, "swapped": false, "error_lsq": 0.05413850247924524, "error_max": 0.38761243065066575, "target": "416.xyz", "model": "3.xyz", "model_rescale": 3.9243930471874484, "target_rescale": 3.9125716339899452},
{"mapping": [2, 6, 0, 1, 8, 7, 9, 3, 4, 10, 11, 12, 13], "R": [[-0.3742993580334191, -0.817796924940347, 0.4371592160001695], [0.9250542742174259, -0.29644682479342616, 0.237473935037021], [-0.06461099231432575, 0.49328234270852256, 0.8674663970691603]], "T": [0.02080548379514391, 0.02695156906439032, -0.11019213020384863], "aligned_model": [[-0.05458701918350517, -0.33557950680304427, 0.6167553779849372, 0.45511122103955814, 0.6394075619789031, -0.5981032560288687, -0.12748559346072427, 0.33405297517064303, 0.22608245905998678, -0.2971458691034148, 0.03496865985856146, -0.559002892541597, -0.05726823166008338], [-0.6225305901052213, 0.05605565793969687, -0.2815706758989539, -0.5552597525812809, 0.07117350268298671, -0.39028023563309544, -0.6662222576896759, 0.318707397293972, 0.5169187748931205, 0.598173152184896, 0.1542568550455471, -0.026033556365826736, -0.0455587180845778], [-0.5458626655137976, -0.6592393248186805, -0.6701348870382278, 0.06465450531544659, -0.06359871096067038, -0.220476902802093, 0.520700770756299, -0.6356359637458601, 0.0824083080561499, 0.19768226027762917, 0.5684995910419838, 0.2592568256310066, -0.11118349082822215]], "inverted": false, "swapped": true, "error_lsq": 0.04207220898679568, "error_max": 0.28759065834974207, "target": "416.xyz", "model": "4.xyz", "model_rescale": 3.8936222436046832, "target_rescale": 3.9125716339899452},
{"mapping": [9, 12, 11, 1, 4, 5, 6, 3, 0, 2, 8, 13], "R": [[0.8871005896012718, 0.40911612124829316, 0.21372071323067432], [-0.26156672239458584, 0.8270715849472461, -0.49752933894254325], [-0.38030960238315037, 0.3854563434522804, 0.8407068535628623]], "T": [-0.16851466687184574, -0.04098213723143419, -0.02594957343415375], "aligned_model": [[0.05830401430284737, -0.5829857704472953, -0.479779556367208, 0.4594527522002992, -0.48190827629278626, -0.684913881155399, -0.2134953215894261, -0.034470389137129576, 0.5892126768966206, 0.4191631724806471, 0.13751783572335968, -0.15854921439943265], [-0.5743599459101675, -0.532085970594613, 0.05190286673604112, -0.0465241700405782, 0.42028031891058487, 0.20171314383223793, -0.31072212242460506, 0.38142703753047946, 0.2428725467594609, -0.49704505643336633, 0.4784877445111223, -0.14702348776678897], [-0.7773266087844086, -0.27596644668775744, -0.6354708843724837, -0.4306581709020632, -0.11717906596473107, 0.4758925756613374, 0.5694723043269134, 0.48682649567382924, 0.30443495077263466, 0.22695612200440554, -0.17856086587574824, -0.029135686576409685]], "inverted": true, "swapped": true, "error_lsq": 0.04513304621883396, "error_max": 0.2353870904886088, "target": "416.xyz", "model": "5.xyz", "model_rescale": 3.6523030999806103, "target_rescale": 3.9125716339899452},
{"mapping": [9, 1, 8, 11, 4, 7, 0, 12, 2, 6, 3, 10, 13], "R": [[-0.5847997785733786, -0.12743472758746777, -0.8011052422654813], [-0.09774075212524547, 0.9914574408740935, -0.08636485575385955], [0.8052676352334786, 0.02779448038912627, -0.5922596580093732]], "T": [0.12081251920682945, 0.009431675752081523, -0.037208341220957244], "aligned_model": [[0.09037015358950545, -0.14525070411108199, 0.20179222584292467, 0.6981383489652951, 0.6048111322805285, -0.2646921240992492, -0.48013841379233557, 0.33436171638974554, -0.6452915403258308, -0.26398410338069844, -0.046707290298102666, 0.7299721410949178, 0.06770136250867564], [-0.6568703487464457, 0.052861087127184, 0.5100371432491478, -0.2128959908238789, 0.2934890812102524, -0.6156518726057333, 0.603866485186303, -0.6381529418732311, -0.13153737418679445, -0.037308839103808514, 0.6028278708651675, -0.14693645828441637, -0.08290093785056352], [0.6377886400295353, 0.6595606949980226, 0.3228354204083473, 0.26986653377073894, -0.10322471136161047, -0.21026863623564696, 0.18501536681593522, -0.13971985838941042, 0.06541824816587082, -0.5654668148336266, -0.31855287273888294, -0.3930838276852077, -0.040058443462275814]], "inverted": true, "swapped": true, "error_lsq": 0.051632076753377935, "error_max": 0.37147273911281303, "target": "416.xyz", "model": "6.xyz", "model_rescale": 4.08911054899281, "target_rescale": 3.9125716339899452},
{"mapping": [5, 12, 7, 4, 8, 3, 6, 2, 10, 13, 9, 11, 1, 14], "R": [[-0.6119231117465108, -0.7373302841995089, -0.28617155224225005], [0.7243895092902313, -0.6677291355252478, 0.17145740112623575], [-0.31750581749115253, -0.10238092387245146, 0.9427132131705264]], "T": [-0.03058954295062865, 0.0240383742702555, -0.024457600203411114], "aligned_model": [[-0.45240536775465556, -0.6632820322960915, -0.545144131797821, 0.18836329246448524, 0.41661994831041155, 0.6725510452128389, 0.11513285592974654, -0.1382337454914754, -0.19277552726977795, -0.5759105522109177, 0.6139898012602986, -0.12217634342797887, 0.17537526414234728, 0.07270604228494087], [-0.5821036161757607, -0.05605676312233268, 0.047369539144952164, -0.5959221011565013, -0.3914841559841409, -0.1249579130361654, 0.06044063007304824, 0.632836754936777, -0.45019389034904356, 0.5026211035734963, 0.25254420379806425, 0.1700423555147787, 0.7190735485379993, 0.0981127773732172], [-0.21197967076143384, 0.2937984302235093, -0.6023660673323652, -0.278540567902087, 0.27967012142355535, -0.3558861081984366, -0.5004647689419631, -0.5420644014033379, 0.4933013825158295, 0.07289788461189806, 0.3587653933606618, 0.5366357595828437, 0.08712494155449597, 0.08140914321404101]], "inverted": false, "swapped": false, "error_lsq": 0.04237182971291261, "error_max": 0.2843828363492725, "target": "416.xyz", "model": "7.xyz", "model_rescale": 3.964800864290218, "target_rescale": 3.9125716339899452},
{"mapping": [2, 1, 0, 4, 12, 11, 6, 3, 7, 5, 9, 8, 10, 13], "R": [[-0.008221506039421372, 0.6883247335047109, 0.7253560974336073], [-0.7798824694450346, -0.45842445268992965, 0.4261811293666734], [0.6258719842673568, -0.5621886537645592, 0.5405813323521579]], "T": [-0.06913790176832607, 0.0006159439146440071, -0.07521888808146077], "aligned_model": [[-0.32284946843465806, -0.7451422605619569, -0.6114440325314463, 0.2908436517478514, 0.37310648391763235, 0.7442076320534503, 0.15934477424259785, -0.32585344094765184, -0.27853967004815083, -0.3030140668044716, 0.42720177558376854, -0.08751408290207086, 0.30197876108618177, -0.057515507044725064], [-0.5860936791583287, -0.11044070150654711, -0.06388043585869138, -0.49400154473611, -0.4332949160976166, -0.011920550567133037, 0.03297350907549427, 0.4636432551590064, -0.43733265036730895, 0.746228050536586, 0.16206905800291402, 0.24945192384798232, 0.7199292161377512, 0.04499193866038984], [-0.24845568234693347, 0.23105618366320274, -0.5387959043965609, -0.4228684473545064, 0.35700351552718973, -0.23473441526285566, -0.6074354585847541, -0.5708654725426989, 0.44555466459710674, 0.22216175832169055, 0.37359793805792646, 0.65196785029104, 0.06618426592385643, -0.012069323946491961]], "inverted": false, "swapped": false, "error_lsq": 0.05084363935781418, "error_max": 0.35426701213797296, "target": "416.xyz", "model": "8.xyz", "model_rescale": 4.121658175737393, "target_rescale": 3.9125716339899452},
{"mapping": [11, 4, 10, 12, 8, 1, 3, 2, 6, 0, 9, 7, 13], "R": [[-0.4941819393297747, -0.23691507317011445, 0.8364540985284621], [0.16926074351012965, -0.9699591557017432, -0.17472846641792422], [0.8527221185982341, 0.05523119023849552, 0.5194367180688887]], "T": [-0.011338888214025518, -0.06447473904444259, -0.12170558597306205], "aligned_model": [[-0.4327233774770736, -0.19528583058607435, 0.1356439130343395, 0.17359441391888059, -0.4933409564899629, -0.5562628978164377, 0.147045930980054, 0.20161637506771807, 0.6111802536861043, -0.15430932402063138, -0.43564907540651476, 0.44146698123020955, 0.03376109031458602], [0.3100353287556482, -0.2724423519657917, 0.110655140946463, 0.572564044868666, -0.45666554714688157, -0.0018063374769387852, -0.7234411213448018, -0.03296192836981693, -0.1952215178025487, -0.6886115824596655, 0.7159040619700655, 0.437274604504996, 0.015104644932316086], [-0.5207131112247415, -0.6138584306739838, -0.8071976584426249, -0.31001110715418734, -0.09610415084378843, 0.3855353209065341, -0.11793299891202819, 0.633924560676906, 0.035410069642965725, 0.4731816286569742, 0.21217439567352622, 0.21371590855773362, -0.06704899290419664]], "inverted": true, "swapped": true, "error_lsq": 0.039541177722036615, "error_max": 0.23155386634387526, "target": "416.xyz", "model": "9.xyz", "model_rescale": 3.833441315466971, "target_rescale": 3.9125716339899452},
{"mapping": [8, 7, 9, 10, 12, 0, 13, 2, 11, 3, 1, 6, 5, 14], "R": [[0.16114660538483544, -0.9612204495191468, -0.22380129356005465], [-0.9518765680345158, -0.09147438583093404, -0.2925122834406878], [0.2606967027021554, 0.2601685687454637, -0.9297040093691976]], "T": [0.0014992368962233882, 0.03388741691417448, 0.08021353946649042], "aligned_model": [[-0.37471894848894366, -0.6082514035021547, -0.6869993216541825, 0.2183701864330061, 0.28492926024079906, 0.6200189077751816, 0.2957104614765096, -0.2506800347359075, -0.2882137855161771, -0.6790950807729434, 0.6829796073910923, 0.13942224803463335, 0.29503165167475964, -0.08369319899932172], [-0.44586326807001486, -0.09788958550679339, 0.05696994539711172, -0.6806465141040038, -0.2843384268129322, -0.04225237553028697, 0.22240425507884629, 0.4033544729775953, -0.5526175238742759, 0.5733649520382794, 0.19074334199673967, 0.29293023477688, 0.5830901369861738, 0.06307282777506945], [-0.4054391343853409, 0.3142070328557897, -0.3479769068136228, -0.2635340368021918, 0.5061475620120451, -0.19448467757534976, -0.6364367926160519, -0.4824141921381219, 0.2736441474864692, 0.0714264124904348, 0.31809934465564815, 0.6926705824965944, -0.1836998842292532, 0.050092014510162]], "inverted": false, "swapped": false, "error_lsq": 0.05165834950510783, "error_max": 0.29563839126410046, "target": "416.xyz", "model": "10.xyz", "model_rescale": 4.2482417240324, "target_rescale": 3.9125716339899452},
{"mapping": [10, 12, 7, 9, 3, 0, 6, 1, 11, 8, 4, 13], "R": [[0.948029730358951, -0.3176760937746835, -0.0179312520364078], [0.313504639173021, 0.9229824656874565, 0.22319993111669503], [-0.05435505103050321, -0.21722170121229137, 0.974607747224446]], "T": [-0.06989816908770927, 0.08122218277448673, -0.003184953715533956], "aligned_model": [[-0.5830314175769992, 0.007946425731498355, 0.24408803103821022, 0.7323911706143184, -0.44246234982132293, 0.1589750885653549, -0.2629166987693468, 0.5785539505486773, -0.03304912554395244, -0.0381272998514097, -0.4775492317160165, -0.00805294085600497], [-0.3982453192870992, -0.596465819146861, -0.29988808163181035, -0.3821499053514172, 0.6339332646742344, 0.9162555306420601, 0.14831317121818416, 0.3481141791871603, -0.34330392179238817, 0.5280207537223629, 0.08514464677862674, 0.026402891037586904], [-0.17341710082269396, 0.09759648735301343, 0.5673067382865172, -0.208426697809703, 0.11946522991987375, 0.11603955229593374, 0.6193524169671712, -0.2609471565268959, -0.5467375440081047, -0.4346437653417534, -0.3944734068975667, 0.06407753643856484]], "inverted": true, "swapped": true, "error_lsq": 0.04566575278350169, "error_max": 0.27551079735192685, "target": "416.xyz", "model": "11.xyz", "model_rescale": 3.6694154284099745, "target_rescale": 3.9125716339899452},
{"mapping": [9, 7, 11, 8, 2, 3, 4, 6, 10, 5, 1, 12, 0, 13], "R": [[0.3146181936554452, 0.5415114704999702, -0.7796029242748802], [-0.14695991010861514, -0.7836193520355221, -0.6036087275183287], [-0.9377729880103459, 0.30447666319832833, -0.16696042802340677]], "T": [-0.09290104953665604, 0.05180100546170488, -0.000677661333641489], "aligned_model": [[-0.5228257356548588, -0.8044522831288365, -0.27587735541502845, 0.15599642433610442, 0.37251799811825914, 0.6644833271936526, 0.3601102802244248, -0.3754579936183141, -0.27932547484182735, -0.5692201597277655, 0.7135194252136756, -0.009932246142820123, 0.1506918638544995, -0.015417521054814629], [-0.6008904645929107, -0.049571543975525184, -0.16449975038097295, -0.612636269430778, -0.3165239536226049, -0.19735614338600896, 0.2816007510607216, 0.4169659794499485, -0.3727644053078384, 0.6302871654337445, 0.21385932809404526, 0.18413589771516484, 0.7236636245107753, 0.1460522575606276], [-0.1846474307910127, 0.18795893814691117, -0.6824124363129326, -0.26368147602897885, 0.27141682223383207, -0.3255445905004019, -0.5388704351433764, -0.32728284894870374, 0.43351000884616425, 0.28749704342761095, 0.19906370161005038, 0.6606635170471916, 0.0003113258204072676, -0.005680667459550055]], "inverted": false, "swapped": false, "error_lsq": 0.0497867121605244, "error_max": 0.35694443664757025, "target": "416.xyz", "model": "12.xyz", "model_rescale": 3.9764082729961374, "target_rescale": 3.9125716339899452},
{"mapping": [2, 8, 1, 0, 4, 5, 9, 12, 7, 11, 6, 14, 13, 15], "R": [[-0.8834120884182656, -0.3341957532437878, 0.32847569248012276], [-0.4282248124541873, 0.29111285694633143, -0.8554979921186964], [0.19028029859934273, -0.8964187096632702, -0.4002835306761733]], "T": [-0.04399700084503186, 0.07072318755787714, -0.026239272236434116], "aligned_model": [[-0.538464119030747, -0.7271816673809551, -0.44669594905758014, 0.11969023254948288, 0.4377828094636641, 0.7254501428829558, 0.16195244144624235, -0.04272634883201835, -0.14358822678190578, -0.5625361496809775, 0.5469366001572299, -0.01597450981017609, 0.07301685834070928, -0.022851564909573813], [-0.5080720588354966, -0.021463874094776528, 0.04014662808881082, -0.5964081241938872, -0.37514201937270525, -0.07793741387100701, -0.12634623587935356, 0.4834696035638612, -0.620146325072307, 0.5298503105446509, 0.36295344541070385, 0.4958022082110881, 0.6670306300787818, 0.02858569855002519], [-0.2644783238036941, 0.13000762764512552, -0.5163629396720494, -0.26129295973416533, 0.26523311651916276, -0.32402279163662223, -0.5556234390601622, -0.5129140265292217, 0.2632682460726981, 0.362173053535794, 0.3598407211600144, 0.6500229592771836, 0.045911520825988025, 0.07053870734715971]], "inverted": true, "swapped": false, "error_lsq": 0.040566231029073516, "error_max": 0.22806712434684365, "target": "416.xyz", "model": "13.xyz", "model_rescale": 4.170626492500431, "target_rescale": 3.9125716339899452},
{"mapping": [8, 12, 4, 7, 9, 1, 0, 2, 10, 6, 3, 11, 3, 13], "R": [[0.22194027905403407, 0.9749790438580533, -0.012584775367638967], [0.8395319339963594, -0.18451153247156193, 0.5110201817788887], [0.49591193203405615, -0.12398128254955343, -0.8594765833014987]], "T": [-0.08745260877416597, 0.026724278957680755, -0.06533789462366525], "aligned_model": [[-0.46235925575615033, -0.6986059235562385, -0.6830836150757846, 0.2048617553585159, 0.42110961119699963, 0.6620492886778996, 0.20756968161329145, -0.08541176088151019, -0.10971259192722554, -0.3669792244251344, 0.3374299947691217, -0.07728648339346159, 0.3374299947691217, -0.12220092201309407], [-0.5536220771857489, -0.27190671923521015, 0.07184407122426514, -0.6746006622633604, -0.24185976086775945, -0.12798041336262217, -0.05534051531733444, 0.5017299147007883, -0.4588402339581236, 0.7545834603310648, 0.5332722764914763, 0.19888954817342308, 0.5332722764914763, 0.07288130790605342], [-0.3377335733057855, 0.20487919205920063, -0.44776571692607325, -0.3484022728697052, 0.5052175544195674, -0.13694678921910147, -0.5772808838744419, -0.5206374094361782, 0.22112310083940356, 0.2502174099796171, 0.13051282360494582, 0.6201658771396713, 0.13051282360494582, 0.01843933593114498]], "inverted": true, "swapped": false, "error_lsq": 0.05244237396728905, "error_max": 0.43176475762321215, "target": "416.xyz", "model": "14.xyz", "model_rescale": 3.9786697098870705, "target_rescale": 3.9125716339899452},
{"mapping": [12, 7, 5, 10, 6, 3, 9, 1, 4, 11, 2, 13], "R": [[-0.6930165816894184, 0.60652943628649, -0.3896794328951765], [0.2606558712454362, 0.7147701431317589, 0.648970075791394], [0.6721506782625427, 0.34817479145595487, -0.6534430199380862]], "T": [0.11035124068654176, 0.07583392996302425, 0.043584392977096986], "aligned_model": [[-0.17620542126978397, -0.5219823726374359, 0.6406662497029695, 0.5008920817331364, -0.004846526063971929, 0.5074480342682257, -0.5869015532912785, -0.2457385721313972, 0.6402970213296707, 0.22837189630568058, -0.5109970011357372, 0.012350759957258622], [-0.4774699918780973, 0.004872267279751666, 0.14467957506112405, -0.4322536902443061, 0.4219450304477694, 0.6193567994748844, -0.423140935622825, 0.19846932103035314, -0.10530679712651021, -0.5518056335600634, 0.5564137527938031, 0.05891479256855508], [-0.2517421336307418, -0.36189283454447735, -0.49626832669277693, -0.2903297004866742, -0.5007011130620427, -0.035369411307664134, 0.4502398675205977, 0.6888157069051171, 0.11873048234613293, 0.30658512877522126, 0.02657509567933697, 0.005323732371801046]], "inverted": true, "swapped": true, "error_lsq": 0.05530091319592983, "error_max": 0.36061799070203415, "target": "416.xyz", "model": "15.xyz", "model_rescale": 3.769337070930944, "target_rescale": 3.9125716339899452},
{"mapping": [3, 6, 8, 4, 0, 2, 1, 7, 11, 10, 13], "R": [[-0.9611915218267643, 0.2739379579818584, -0.03269332569621513], [-0.14922952325174432, -0.4165907109554333, 0.8967623592322014], [0.2320375136877792, 0.8668391861945193, 0.4413030903123356]], "T": [-0.0455213054262436, 0.05141531951180722, 0.07618200765174452], "aligned_model": [[-0.3815823846868687, -0.20999237740001603, -0.005774952815635108, -0.4673142161055587, 0.23407519077017153, 0.5070248306375831, 0.606230364941999, 0.26879013302784677, -0.053709757781776134, -0.590873704452832, 0.015753004556257368], [0.05048242177181231, -0.543421389468637, 0.5751210399752711, 0.422609121785679, 0.1342323028825833, -0.39048506051631293, 0.38015070031163634, -0.5836127917548295, 0.4828792895112935, 0.0932239560367388, -0.025115092909892667], [-0.512374495221419, -0.14388318169100853, -0.2569059733247556, 0.1362430585381284, -0.7477386739271227, -0.26548558164258984, -0.08292692355837947, 0.335490232948906, 0.6154421264468226, 0.548428340549029, 0.11792867810616606]], "inverted": false, "swapped": true, "error_lsq": 0.050443379323170716, "error_max": 0.22970012382506494, "target": "416.xyz", "model": "16.xyz", "model_rescale": 3.7852294659196426, "target_rescale": 3.9125716339899452},
{"mapping": [1, 11, 12, 9, 8, 4, 5, 10, 7, 2, 3, 6, 13], "R": [[0.22963590588680746, -0.5657991615086512, 0.7919208669833447], [-0.3841358731987483, 0.6949209171992001, 0.6078853097096999], [-0.8942633737604265, -0.4437975075134265, -0.05776496062051595]], "T": [-0.051477206183139584, 0.11773954608238565, -0.027816772196077574], "aligned_model": [[-0.10335753775134308, -0.40079887884742693, 0.2525990936483815, 0.20164306609683333, -0.5421368175200673, -0.5539871247726298, -0.16747119871098373, -0.2671943020894121, 0.6763866855602826, 0.5433049895703822, -0.23720557685666088, 0.40542601883522955, 0.04655743305369728], [-0.21255751802050418, -0.43430847705545805, -0.32704846588214465, -0.759463331499847, 0.19270347977039531, 0.18228384307265558, 0.6344881510669041, 0.02992629390103005, -0.05581755889514681, 0.22483219146183336, 0.7593744564478887, 0.5646488868289339, 0.07599367250633399], [-0.6959298786755235, 0.1963417276186769, 0.4025074498133046, -0.2865662446493666, -0.40255482965984607, 0.22242160140928158, 0.5170969489708896, 0.6562364182958311, 0.06906059645446022, -0.529897666915758, -0.14247404625014484, 0.11648019779514739, -0.02696757706377899]], "inverted": true, "swapped": true, "error_lsq": 0.05102417371848331, "error_max": 0.3624621187913041, "target": "416.xyz", "model": "17.xyz", "model_rescale": 3.901054581598922, "target_rescale": 3.9125716339899452},
{"mapping": [1, 4, 6, 0, 2, 3, 7, 11, 8, 10, 13, 5, 9, 14], "R": [[-0.06408360110369332, -0.9213121094384147, 0.3835065697895169], [-0.2383714819396182, -0.3590406811514436, -0.9023684535023473], [0.969057443430209, -0.14924404939710795, -0.19660591306484315]], "T": [-0.040688029533617505, 0.03113557082958892, -0.020426607429618483], "aligned_model": [[-0.36256077404214637, -0.7827504229104562, -0.4894638160557835, 0.25251229341486336, 0.5034581647268286, 0.6667600797952314, 0.04239288782938138, -0.18827520133159842, -0.24230329594384126, -0.6120965822055828, 0.590466886733094, 0.11064193579937948, 0.09297561316558556, -0.016947219618604348], [-0.5044956245959531, -0.13427494062958595, 0.10471754966318142, -0.6296451409412158, -0.3651720089552531, -0.16752118738389238, -0.12703811193799946, 0.6568164061616674, -0.339239996141034, 0.5749943611441303, 0.2845904781893693, 0.20980327958350645, 0.6426418668895372, 0.07614554208193057], [-0.3289435571510047, 0.1976484643792891, -0.6178475068736242, -0.2504416940523448, 0.4597643165423599, -0.2288937620030007, -0.658984099788063, -0.4931553964254884, 0.49201019441173716, 0.2035457798412108, 0.2343405017273219, 0.5585925100756324, 0.18544641614004861, -0.04078069487686309]], "inverted": true, "swapped": false, "error_lsq": 0.03770571310662275, "error_max": 0.23679595232856346, "target": "416.xyz", "model": "18.xyz", "model_rescale": 3.9405287249114394, "target_rescale": 3.9125716339899452},
{"mapping": [14, 10, 3, 13, 9, 7, 12, 1, 11, 2, 8, 5, 6, 15], "R": [[0.7574717887879739, -0.5549771440999318, 0.34385586910365634], [0.058878361490911524, 0.5826083369537632, 0.8106175820077653], [-0.6502075266701339, -0.5937742797045474, 0.47398552406466316]], "T": [0.07999292431452804, 0.006352944690840533, -0.17062410983097634], "aligned_model": [[-0.4381641493139162, -0.6583925894292864, -0.6348319322454778, 0.16150285664243239, 0.41391834146082856, 0.7352275438087967, 0.0011583623143593125, -0.17164603071046414, -0.18985960611101965, -0.45297070900785436, 0.5609721763269033, 0.09735058404155406, 0.09101756562270358, 0.04952813595679127], [-0.5427850610423989, -0.08227751904120624, 0.13844209977041982, -0.6604899340458186, -0.3203582002808307, -0.1909092092900718, -0.10177047878233979, 0.5607201798879691, -0.44018940189665084, 0.4801853335479732, 0.45019032577846385, 0.277976660373518, 0.6946606429665723, 0.01892703518278922], [-0.3429600021584699, 0.08400407191340911, -0.6144782237336134, -0.16806454305652024, 0.4382794050968849, -0.005152707575618171, -0.7018806385815167, -0.4253283085267582, 0.32635953821680597, 0.3261232261848245, 0.20876947711911006, 0.6149851514983468, 0.11988307660442069, -0.14823805105409396]], "inverted": true, "swapped": false, "error_lsq": 0.040298659672237926, "error_max": 0.2381351232124085, "target": "416.xyz", "model": "19.xyz", "model_rescale": 4.410303926677745, "target_rescale": 3.9125716339899452},
{"mapping": [2, 1, 0, 4, 12, 11, 6, 3, 7, 5, 9, 8, 10, 13], "R": [[-0.008221506039421372, 0.6883247335047109, 0.7253560974336073], [-0.7798824694450346, -0.45842445268992965, 0.4261811293666734], [0.6258719842673568, -0.5621886537645592, 0.5405813323521579]], "T": [-0.06913790176832607, 0.0006159439146440071, -0.07521888808146077], "aligned_model": [[-0.32284946843465806, -0.7451422605619569, -0.6114440325314463, 0.2908436517478514, 0.37310648391763235, 0.7442076320534503, 0.15934477424259785, -0.32585344094765184, -0.27853967004815083, -0.3030140668044716, 0.42720177558376854, -0.08751408290207086, 0.30197876108618177, -0.057515507044725064], [-0.5860936791583287, -0.11044070150654711, -0.06388043585869138, -0.49400154473611, -0.4332949160976166, -0.011920550567133037, 0.03297350907549427, 0.4636432551590064, -0.43733265036730895, 0.746228050536586, 0.16206905800291402, 0.24945192384798232, 0.7199292161377512, 0.04499193866038984], [-0.24845568234693347, 0.23105618366320274, -0.5387959043965609, -0.4228684473545064, 0.35700351552718973, -0.23473441526285566, -0.6074354585847541, -0.5708654725426989, 0.44555466459710674, 0.22216175832169055, 0.37359793805792646, 0.65196785029104, 0.06618426592385643, -0.012069323946491961]], "inverted": false, "swapped": false, "error_lsq": 0.05084363935781418, "error_max": 0.35426701213797296, "target": "416.xyz", "model": "20.xyz", "model_rescale": 4.121658175737393, "target_rescale": 3.9125716339899452},
{"mapping": [9, 1, 8, 11, 4, 7, 0, 12, 2, 6, 3, 10, 13], "R": [[-0.5847997785733786, -0.12743472758746777, -0.8011052422654813], [-0.09774075212524547, 0.9914574408740935, -0.08636485575385955], [0.8052676352334786, 0.02779448038912627, -0.5922596580093732]], "T": [0.12081251920682945, 0.009431675752081523, -0.037208341220957244], "aligned_model": [[0.09037015358950545, -0.14525070411108199, 0.20179222584292467, 0.6981383489652951, 0.6048111322805285, -0.2646921240992492, -0.48013841379233557, 0.33436171638974554, -0.6452915403258308, -0.26398410338069844, -0.046707290298102666, 0.7299721410949178, 0.06770136250867564], [-0.6568703487464457, 0.052861087127184, 0.5100371432491478, -0.2128959908238789, 0.2934890812102524, -0.6156518726057333, 0.603866485186303, -0.6381529418732311, -0.13153737418679445, -0.037308839103808514, 0.6028278708651675, -0.14693645828441637, -0.08290093785056352], [0.6377886400295353, 0.6595606949980226, 0.3228354204083473, 0.26986653377073894, -0.10322471136161047, -0.21026863623564696, 0.18501536681593522, -0.13971985838941042, 0.06541824816587082, -0.5654668148336266, -0.31855287273888294, -0.3930838276852077, -0.040058443462275814]], "inverted": true, "swapped": true, "error_lsq": 0.051632076753377935, "error_max": 0.37147273911281303, "target": "416.xyz", "model": "21.xyz", "model_rescale": 4.08911054899281, "target_rescale": 3.9125716339899452},
{"mapping": [3, 2, 4, 12, 9, 10, 7, 0, 14, 1, 5, 11, 8, 16], "R": [[0.13960727927217395, 0.8754291889606892, -0.4627456565866947], [-0.8763412711869017, -0.10834158942584968, -0.4693485660095336], [-0.46101603441609945, 0.47104759326028894, 0.752049453756163]], "T": [-0.03916201133165731, 0.045503328335080945, -0.005557183158288077], "aligned_model": [[-0.5404960526833343, -0.7501480720543773, -0.6058347525728499, 0.2596182597099885, 0.44449023508904567, 0.7379903882505345, 0.280709216701457, -0.2945838754262965, -0.14818246604141894, -0.4904738254726664, 0.5704603525235926, 0.007916351442243647, 0.15071522979301696, -0.057370439902584856], [-0.6288352477378613, 0.046565203632644964, -0.01680656398603092, -0.5858542365722308, -0.3606016821848913, -0.04475367994704005, 0.011743164566003522, 0.48183764424655395, -0.5557784920595764, 0.6548040451049124, 0.16403818068070944, 0.39126566642627214, 0.6780739808467503, 0.046624490112172595], [-0.2251260495678709, 0.1199478894567016, -0.4071685220431393, -0.24448704923759462, 0.32415001501199664, -0.20310016454345128, -0.6398590330911935, -0.5924570334562421, 0.19039510405680743, 0.22910995179366914, 0.32916526337780116, 0.6757100651185457, 0.2055423690532602, -0.049521333982078634]], "inverted": false, "swapped": false, "error_lsq": 0.03824395736465432, "error_max": 0.2159931686647213, "target": "416.xyz", "model": "22.xyz", "model_rescale": 4.204369325754507, "target_rescale": 3.9125716339899452},
{"mapping": [14, 10, 3, 13, 9, 7, 12, 1, 11, 2, 8, 5, 6, 15], "R": [[0.7574717887879739, -0.5549771440999318, 0.34385586910365634], [0.058878361490911524, 0.5826083369537632, 0.8106175820077653], [-0.6502075266701339, -0.5937742797045474, 0.47398552406466316]], "T": [0.07999292431452804, 0.006352944690840533, -0.17062410983097634], "aligned_model": [[-0.4381641493139162, -0.6583925894292864, -0.6348319322454778, 0.16150285664243239, 0.41391834146082856, 0.7352275438087967, 0.0011583623143593125, -0.17164603071046414, -0.18985960611101965, -0.45297070900785436, 0.5609721763269033, 0.09735058404155406, 0.09101756562270358, 0.04952813595679127], [-0.5427850610423989, -0.08227751904120624, 0.13844209977041982, -0.6604899340458186, -0.3203582002808307, -0.1909092092900718, -0.10177047878233979, 0.5607201798879691, -0.44018940189665084, 0.4801853335479732, 0.45019032577846385, 0.277976660373518, 0.6946606429665723, 0.01892703518278922], [-0.3429600021584699, 0.08400407191340911, -0.6144782237336134, -0.16806454305652024, 0.4382794050968849, -0.005152707575618171, -0.7018806385815167, -0.4253283085267582, 0.32635953821680597, 0.3261232261848245, 0.20876947711911006, 0.6149851514983468, 0.11988307660442069, -0.14823805105409396]], "inverted": true, "swapped": false, "error_lsq": 0.040298659672237926, "error_max": 0.2381351232124085, "target": "416.xyz", "model": "23.xyz", "model_rescale": 4.410303926677745, "target_rescale": 3.9125716339899452},
{"mapping": [8, 10, 4, 15, 14, 6, 5, 0, 9, 1, 13, 11, 7, 16], "R": [[0.3321232798710161, -0.9013438789423479, -0.2779808246280329], [-0.07149070539172098, -0.31791665090059584, 0.9454195270475131], [-0.9405228365171754, -0.2941227889390944, -0.17002523052881305]], "T": [-0.027935774339698308, 0.0720344750452382, -0.03498629241150524], "aligned_model": [[-0.5280543549499547, -0.6223070335578063, -0.46704641341746383, 0.23341824259416366, 0.4044959432144806, 0.6788866906651959, 0.1377086187610086, -0.0691404155389717, -0.17294158526978898, -0.5453678177202349, 0.6250734876887926, -0.11089565497197783, 0.12147806136863208, -0.12049721950972446], [-0.5576851463139979, -0.10917149020636528, -0.12425393307318965, -0.5835016814709776, -0.2626613761827641, -0.11305234234855112, -0.07565340407499642, 0.6913472400792773, -0.4530536804134583, 0.687184486290475, 0.27403031721009136, 0.09629629402126266, 0.6728776583102883, 0.13961953130129418], [-0.20540128898756022, 0.15910428089984954, -0.5274668305835231, -0.1411965375257669, 0.3639265888527395, -0.24485044549926085, -0.623503292015763, -0.4652649087703708, 0.2743286400147758, 0.26533003035228503, 0.12921847999860026, 0.5921105971966442, 0.20707541770627313, -0.0711092596917116]], "inverted": true, "swapped": false, "error_lsq": 0.03678413106073685, "error_max": 0.2628695060329854, "target": "416.xyz", "model": "24.xyz", "model_rescale": 4.28219845311461, "target_rescale": 3.9125716339899452},
{"mapping": [14, 2, 10, 12, 7, 9, 11, 8, 13, 0, 3, 4, 1, 15], "R": [[0.2601072914983792, -0.9526875184274549, 0.15725994131346627], [-0.6531790848517954, -0.29355056377696037, -0.697986496730703], [0.7111267678983462, 0.0788324726160885, -0.6986302034980204]], "T": [-0.012593382535028369, 0.03152286843743302, -0.0365666852252782], "aligned_model": [[-0.5601912470471642, -0.5968874137118066, -0.3918187468952503, 0.06884222590771386, 0.47676632032120514, 0.623344041208214, 0.07353938016217183, -0.16923421486614357, -0.04262163536409476, -0.5279079735398983, 0.5458985954038512, -0.0037037479348546593, 0.12680834230445315, -0.05802337659204579], [-0.3811905414118716, -0.14726049330209068, 0.07237496913183261, -0.6756212767363253, -0.2501060606771869, -0.166192219920845, -0.18847522811115855, 0.524124734277573, -0.485274865193976, 0.5287107999403965, 0.46281511867608105, 0.2585388350910938, 0.6561099486147978, 0.07376875275006736], [-0.36815203623906656, 0.27232976843553014, -0.7324287748109874, -0.3153771940965524, 0.4989314317241993, -0.15217819329067617, -0.5271368187981842, -0.4999813034088787, 0.25486917990198676, 0.3543414946598379, 0.2829940293843648, 0.6584392847538949, -0.01824900977333635, 0.003899613505078947]], "inverted": false, "swapped": false, "error_lsq": 0.04655150627984581, "error_max": 0.3118012598652853, "target": "416.xyz", "model": "25.xyz", "model_rescale": 4.100010024507729, "target_rescale": 3.9125716339899452},
{"mapping": [10, 12, 7, 9, 3, 0, 6, 1, 11, 8, 4, 13], "R": [[0.948029730358951, -0.3176760937746835, -0.0179312520364078], [0.313504639173021, 0.9229824656874565, 0.22319993111669503], [-0.05435505103050321, -0.21722170121229137, 0.974607747224446]], "T": [-0.06989816908770927, 0.08122218277448673, -0.003184953715533956], "aligned_model": [[-0.5830314175769992, 0.007946425731498355, 0.24408803103821022, 0.7323911706143184, -0.44246234982132293, 0.1589750885653549, -0.2629166987693468, 0.5785539505486773, -0.03304912554395244, -0.0381272998514097, -0.4775492317160165, -0.00805294085600497], [-0.3982453192870992, -0.596465819146861, -0.29988808163181035, -0.3821499053514172, 0.6339332646742344, 0.9162555306420601, 0.14831317121818416, 0.3481141791871603, -0.34330392179238817, 0.5280207537223629, 0.08514464677862674, 0.026402891037586904], [-0.17341710082269396, 0.09759648735301343, 0.5673067382865172, -0.208426697809703, 0.11946522991987375, 0.11603955229593374, 0.6193524169671712, -0.2609471565268959, -0.5467375440081047, -0.4346437653417534, -0.3944734068975667, 0.06407753643856484]], "inverted": true, "swapped": true, "error_lsq": 0.04566575278350169, "error_max": 0.27551079735192685, "target": "416.xyz", "model": "26.xyz", "model_rescale": 3.6694154284099745, "target_rescale": 3.9125716339899452},
{"mapping": [4, 10, 8, 0, 6, 1, 5, 7, 2, 9, 1, 12, 3, 13], "R": [[0.15779536605864797, -0.5760732314048707, -0.802022602243333], [0.9217983168631843, 0.3771827378368888, -0.08956028866673765], [0.3541023658190069, -0.7251708862996495, 0.5905410232869204]], "T": [-0.16653816520831577, 0.02901379091173983, -0.011751708959055165], "aligned_model": [[-0.5265207836020297, -0.7350006478338248, -0.5918105494928481, 0.16126253837331517, 0.3837112831093613, 0.7014787890977051, 0.24119878194845723, 0.025278876860612864, -0.10609174862937967, -0.5766279172356719, 0.7014787890977051, -0.0944156365831531, 0.14184446328005795, -0.16097568903395615], [-0.6428462749153449, -0.15457706225542125, 0.10622577336123994, -0.5194428487375263, 0.026746704312821716, -0.025584897294860246, -0.06805209923839177, 0.5367105853168641, -0.4830059868701456, 0.5449680221856342, -0.025584897294860246, 0.2623084312643939, 0.7398266411186303, -0.015369617824645295], [-0.3192368898867825, 0.05920971981202666, -0.4824309005123001, -0.18108970318706125, 0.3986271851727415, -0.16410722733356817, -0.6828011070019918, -0.3304658630864354, 0.4313189672160188, 0.1628368415906841, -0.16410722733356817, 0.7433011136996563, 0.21732571629472378, 0.02392084650306731]], "inverted": false, "swapped": false, "error_lsq": 0.05629142602622071, "error_max": 0.510300820688378, "target": "416.xyz", "model": "27.xyz", "model_rescale": 4.103607728864725, "target_rescale": 3.9125716339899452},
