[{"mapping": [3, 5, 7, 13, 8, 6, 1, 4, 12, 2, 0, 14], "R": [[0.9402126565614526, -0.11731920948696338, 0.31974421578350726], [-0.3033515174402308, 0.1383677344830128, 0.9427789915567422], [-0.154848368762365, -0.9834076332525554, 0.09450613499790447]], "T": [-0.03670001435939414, 0.10043021581469629, -0.023312488282547728], "aligned_model": [[-0.2915759246456034, 0.3205681054826776, 0.32514346167839914, -0.13089269297026962, -0.08706386505097732, -0.6289064068614064, 0.360216805043092, -0.17097734328272085, 0.651335063331463, 0.17954179255929925, -0.6752193494946286, -0.014527183328775992], [-0.3203040961254971, -0.5837653805329666, -0.28010865712898597, 0.820286216206751, 0.25204233802461623, -0.48821329992744816, -0.3353855327232311, -0.5961419255644628, 0.09106222577328972, 0.3491830143238765, 0.13547331481404934, 0.009426818837065906], [-0.3973400245527099, 0.05867535716734171, -0.6206939986828616, -0.16503525208190653, -0.681142045697626, 0.004644559297023801, 0.5531856562606866, 0.4984724405258524, -0.058496858569602586, 0.6561772246225621, 0.26222482338092756, 0.07127986368387491]], "inverted": false, "swapped": true, "error_lsq": 0.04368735320044769, "error_max": 0.22608582073421177, "target": "417.xyz", "model": "0.xyz", "model_rescale": 3.751011558992144, "target_rescale": 4.037761530756476},
{"mapping": [0, 5, 8, 12, 13, 9, 3, 11, 6, 6, 7, 4, 10, 1, 14], "R": [[0.11292671605020452, 0.014567128523477857, -0.9934965302247901], [-0.965396095674085, 0.238166593410619, -0.10624053953371151], [0.23507006457511703, 0.9711150665857067, 0.04095842026847363]], "T": [0.024766731698963908, -0.14333701496215562, -0.044270452284577], "aligned_model": [[-0.7337489596049562, 0.2936165781491129, -0.05932897266397103, -0.006193055568968035, 0.06741363976857634, 0.5619284995192853, -0.49418239385442675, 0.4818151027504963, 0.08785617950977728, 0.08785617950977728, -0.33854037507768775, 0.24584460626844326, 0.7921403010518032, -0.4022729221474347, 0.04797632682839572], [-0.14182780790729974, -0.6805537461941682, -0.6793317792164051, 0.2923797777511104, -0.4496216728906846, -0.2184050467857359, -0.13331776449604057, 0.48557172800368026, 0.5310102278220621, 0.5310102278220621, 0.40889584957621056, -0.24317211345322765, -0.11205217815496642, 0.08483035692950266, -0.11788084688022034], [-0.03177297896846325, -0.21516220382262907, 0.33790199222131134, -0.645242558290505, -0.7014410145058961, -0.41845175476316854, -0.6046250803731149, -0.22402464129542882, 0.2797685314726105, 0.2797685314726105, -0.09646080854484393, 0.7085452598222622, 0.24315399374166385, 0.4569902921216034, -0.08689803307307126]], "inverted": true, "swapped": false, "error_lsq": 0.049640980912878545, "error_max": 0.35437151592547944, "target": "417.xyz", "model": "1.xyz", "model_rescale": 3.9405287249114394, "target_rescale": 4.037761530756476},
{"mapping": [8, 10, 3, 2, 0, 7, 9, 11, 4, 5, 1, 12, 14], "R": [[0.6501660614831795, 0.519758358158082, -0.5541979263947725], [0.22775555188215535, -0.8291881860755352, -0.5104648476238288], [-0.724852744412481, 0.20566526492720855, -0.6574878688767692]], "T": [0.026189302696342828, 0.04680375502391453, -0.04317599657735427], "aligned_model": [[-0.2937268420954893, 0.1736023733127639, -0.3996872371833402, 0.5579555451848448, 0.4767814105292533, -0.7521047978400642, -0.06414326171045985, 0.5810657747645144, -0.028384746485852888, -0.49587763042202154, -0.021324269597904275, -0.25996454598128443, 0.02179150680897167], [0.6365804805908634, 0.49254248014514046, 0.07851346616813715, -0.3171355531898733, -0.04425173131434675, 0.17732598590240567, 0.40394470806655003, 0.17668886704322476, -0.7784764298825989, -0.5211957393841763, -0.7238217616397105, -0.03564145340470396, -0.08624072552889439], [-0.1330623356253831, -0.4641146044816495, -0.4898295040925175, 0.35067370452194613, -0.5715150612388863, 0.0559574703107181, 0.3699371006532777, 0.5163172495643632, -0.34556143057913963, 0.04231565222576816, 0.24614599079106547, 0.5781425447338798, -0.04228642719479852]], "inverted": true, "swapped": true, "error_lsq": 0.051301995856679744, "error_max": 0.3250278375098275, "target": "417.xyz", "model": "2.xyz", "model_rescale": 3.932901565614263, "target_rescale": 4.037761530756476},
{"mapping": [4, 2, 1, 0, 5, 7, 12, 3, 10, 8, 11, 13, 9, 14], "R": [[-0.21076703311071054, 0.3706456209842014, -0.904543576285269], [0.9758375012910349, 0.13430548572211493, -0.17234618527549794], [0.0576058055041169, -0.919012437429539, -0.3899970654018302]], "T": [0.0025076505005828774, -0.02889227131537793, 0.04524723497436911], "aligned_model": [[-0.3647784854312932, 0.5843559982056253, 0.1323761811166256, -0.19145086257602673, -0.2782487135671645, -0.3353844183647536, 0.3461729302400206, -0.599214914431199, -0.21471033725224845, -0.18694669535018424, 0.7862145201580399, 0.42429526255302163, 0.3304940504336251, -0.013364603681384483], [-0.06538689319573399, 0.10095050095506823, -0.3840148819803379, 0.6126248689518109, -0.6078067735946245, -0.681546824361619, -0.626062326043901, -0.1102074872524061, 0.41606694955701995, -0.11655635885020732, 0.12381703042039928, 0.32509318883584976, -0.26410314449259514, -0.05937121059823515], [-0.7542974467451448, -0.41836693492503757, -0.687453614629468, -0.15798261133158903, -0.3889416564136633, 0.34934621249063, 0.04498547148707242, 0.16011010663171193, 0.4356708173088678, 0.6892072789688247, 0.06180457994167887, 0.5391498246657896, 0.4240253101505468, -0.08336097454312252]], "inverted": true, "swapped": true, "error_lsq": 0.049894593677640764, "error_max": 0.3556441623494898, "target": "417.xyz", "model": "3.xyz", "model_rescale": 3.9243930471874484, "target_rescale": 4.037761530756476},
{"mapping": [7, 3, 5, 12, 1, 8, 9, 4, 2, 0, 11, 13, 14], "R": [[-0.6741304183245114, 0.7330967604633336, 0.09009616466745424], [0.7374642287227318, 0.6612577315619981, 0.13742170062936485], [0.04116661807831238, 0.15908284711949985, -0.9864065882324327]], "T": [-0.10154440779843064, -0.020918702502489693, -0.09741040482384854], "aligned_model": [[-0.06598416125692304, -0.34063497429307427, 0.4626235026659731, 0.35617328711253116, 0.6936132105360486, -0.5955889472649846, -0.14053769091571924, 0.3952011826121431, 0.36380278730159615, -0.38285911994324806, 0.05871334023342918, -0.5341801723947139, 0.006863641918293861], [-0.7095786071915863, -0.1349650081996374, -0.19682467143759144, -0.5013050778179416, 0.14929881038146758, -0.4816441180159801, -0.4512624555586926, 0.4579368762715061, 0.3477120482877889, 0.6150072991031242, 0.061525931658174306, -0.0633684608549808, 0.0352969870559363], [-0.49375395337741457, -0.6557157244711203, -0.6006576494400206, 0.0881735639332986, -0.23371447362698378, -0.14116613804361977, 0.24850265031173518, -0.6446250009601264, 0.3693958733620944, -0.18063702132241793, 0.6806069925080855, 0.5010664760924246, -0.15040527959497113]], "inverted": true, "swapped": true, "error_lsq": 0.057820578338232814, "error_max": 0.4154837097800329, "target": "417.xyz", "model": "4.xyz", "model_rescale": 3.8936222436046832, "target_rescale": 4.037761530756476},
{"mapping": [4, 6, 5, 1, 7, 8, 10, 9, 2, 0, 12, 14], "R": [[-0.08085676200863226, -0.8484270613695633, 0.5231000913527799], [0.8424276091863576, 0.22232171695196304, 0.49080421499014115], [-0.5327080882791595, 0.480358798927779, 0.696762166721633]], "T": [-0.057718295475178934, -0.01639193886402277, 0.13200050296255847], "aligned_model": [[0.10550600135092836, -0.38127140223608386, -0.18995923800773123, 0.3602640340992052, -0.6764554064785264, -0.5962526797102647, -0.32212969010933035, -0.08784218058735618, 0.6921415962809734, 0.09042648373152001, 0.038253866293264625, -0.005133342411501644], [-0.46399647440986314, -0.7114640092032642, 0.12572607550074164, 0.0717283913841201, 0.40784121403027734, 0.1723231716602824, -0.3393771409637388, 0.47242707644465864, 0.03668592263339806, -0.6837815968383264, 0.6270240102093985, -0.04621373533787665], [-0.6086145588774862, -0.1999323224623655, -0.6195318871775184, -0.5732328048303877, -0.13218848884655124, 0.4961842529058167, 0.6046209740573812, 0.38991635252282897, 0.059629050553539426, 0.28402249250277334, -0.094986782862918, 0.013398441790406002]], "inverted": false, "swapped": true, "error_lsq": 0.05082015559402508, "error_max": 0.3171549499014744, "target": "417.xyz", "model": "5.xyz", "model_rescale": 3.6523030999806103, "target_rescale": 4.037761530756476},
{"mapping": [6, 4, 5, 3, 7, 0, 1, 10, 2, 11, 12, 8, 14], "R": [[0.1616551972481891, 0.9278182698851718, -0.33618574519145805], [0.9856892191235809, -0.16830646407407734, 0.00947087400544433], [-0.04779498411125124, -0.3329056806637102, -0.941748080579747]], "T": [0.08222327564854294, -0.09489951198572058, -0.12079782296007695], "aligned_model": [[0.23310332386367816, -0.24935310590544546, 0.14233648659233888, 0.5611127130106125, 0.7283543292030511, -0.16176241897356225, -0.3985247299241491, 0.3422370147918321, -0.6493781299621463, -0.43908006315558346, 0.07427295424647762, 0.6870265978809975, 0.010737932996193425], [-0.4723699150442149, 0.0030728626846768387, 0.4598733415824936, -0.2102196521589812, 0.3597016451697601, -0.7082413394134279, 0.4264989846657852, -0.6537635533489149, 0.041838323687866885, -0.02310638435817859, 0.560862265725876, -0.19929481151232747, -0.04402486351723036], [0.6090942939451153, 0.6891164799985295, 0.41873865693015794, 0.25235343434692903, -0.0288323213523501, 0.1131878604234033, 0.29974159455923294, -0.2537142433662373, -0.24888721117489299, -0.7215301342555587, -0.33205891868076753, -0.406414773647065, -0.020684978244706678]], "inverted": false, "swapped": true, "error_lsq": 0.05054650142285306, "error_max": 0.27564738321208004, "target": "417.xyz", "model": "6.xyz", "model_rescale": 4.08911054899281, "target_rescale": 4.037761530756476},
{"mapping": [6, 13, 1, 5, 13, 12, 7, 10, 4, 8, 4, 9, 11, 3, 14], "R": [[-0.18260212392500236, 0.13808215269418178, 0.9734422342622179], [-0.8093199662072044, 0.5410718291465206, -0.22856611297917312], [-0.5582630711738398, -0.8295628938250428, 0.012951777954132548]], "T": [0.00837687924466074, -0.07959485642917746, -0.033042896860737275], "aligned_model": [[-0.4905555534405784, 0.22093041581129108, 0.020318926217789107, -0.023712808780414943, 0.22093041581129108, 0.4889665700123473, -0.41040263590878834, 0.5770842982068938, -0.25905608806910857, 0.20458295858248265, -0.25905608806910857, 0.19053353069229076, 0.564076260960199, -0.4906145119401177, 0.07815504435175452], [-0.08533249529482377, -0.6413655355249377, -0.7336615258945038, 0.4529095068945784, -0.6413655355249377, -0.10729433934354218, -0.17778602956594486, 0.3549251862293577, 0.5710838560852614, 0.3985046665982062, 0.5710838560852614, -0.20616957466069713, -0.24627424689180805, 0.18573343372835938, -0.13745601099394944], [-0.019758561404563748, -0.4515273297288308, 0.2986199413711367, -0.577019536567759, -0.4515273297288308, -0.5586551168340683, -0.6766819072876366, -0.11694225709264296, 0.011074115465118127, 0.4120110254867153, 0.011074115465118127, 0.7188580959207514, 0.05610440210637141, 0.5210869852349053, 0.10533288480915698]], "inverted": false, "swapped": false, "error_lsq": 0.058236785793306926, "error_max": 0.31047838980182824, "target": "417.xyz", "model": "7.xyz", "model_rescale": 3.964800864290218, "target_rescale": 4.037761530756476},
{"mapping": [1, 5, 12, 2, 9, 6, 11, 7, 3, 10, 0, 13, 8, 14], "R": [[-0.5470991171017017, -0.8150481567505331, 0.19073295007443664], [-0.03975386327730979, -0.2023020756437468, -0.9785159684669233], [0.8361233081436423, -0.5429275940379071, 0.07827797398465142]], "T": [-0.015611006863948323, -0.012747059733673804, 0.0967429430887001], "aligned_model": [[-0.2933617410207243, 0.19749617636489822, 0.2645550914020958, -0.6106446778872813, 0.2692005114512533, -0.11561553470856555, -0.3898206190766008, 0.742710896371795, 0.32945327099914057, 0.012644647262987974, -0.510429679060442, -0.08888702995883295, 0.5258969677881599, -0.07201039046701117], [-0.3570692825791053, -0.547414646852639, 0.20707996902605608, 0.21477573629612678, 0.44566354869476615, -0.7616783921400287, 0.6537614668123749, -0.1844376492284972, -0.4486846570632655, 0.07583245449516422, -0.22050743883237015, 0.6480128189235369, 0.18717805113250027, -0.10156351250341743], [-0.5990480998187266, -0.42402766865815034, -0.4930883905076314, -0.3088591419709761, -0.02619678503550632, 0.45324280312444165, -0.1346102160130444, -0.07081432023450387, 0.36649235301144134, 0.720408096640272, 0.5466947438446146, 0.4210533977144689, 0.45038335805808316, 0.015184908570238492]], "inverted": true, "swapped": true, "error_lsq": 0.05319294046815158, "error_max": 0.33440309681252545, "target": "417.xyz", "model": "8.xyz", "model_rescale": 4.121658175737393, "target_rescale": 4.037761530756476},
{"mapping": [6, 0, 10, 8, 4, 5, 2, 12, 11, 1, 7, 9, 14], "R": [[0.06047473343210408, -0.1273332876988677, -0.9900146667904034], [-0.19027797781421862, -0.9751129720708582, 0.11379359761458221], [-0.9798658570310773, 0.18149635132127348, -0.08319841754394863]], "T": [0.03831537611983541, 0.03971946472017535, -0.1267750005603354], "aligned_model": [[-0.6778418028993687, -0.09036198139939583, 0.14917644459389068, 0.18761608010848954, -0.6813895334132818, -0.5392803326164142, 0.31721634196005805, 0.19841824014465229, 0.734001651141392, -0.29983883041066034, -0.22867161934937488, 0.4542716160848815, -0.04657877750967109], [0.012840699463184148, -0.26458329492385824, 0.31052233670913976, 0.6910146947101155, -0.4644462071676793, -0.011573364620866104, -0.6405961275250915, 0.09450156053609857, -0.33019472472340466, -0.5120205388268151, 0.658214774025368, 0.29813955331425457, -0.05143192155873546], [-0.556178800464809, -0.7442768099632863, -0.6853254137774264, -0.2353397409102344, -0.0689435244965734, 0.38920791894979545, 0.0456479966611536, 0.5411201724960675, 0.003512501726783218, 0.38416838177448775, 0.2960567633343836, 0.13123958794420235, -0.07981359931545509]], "inverted": true, "swapped": true, "error_lsq": 0.047327771863804845, "error_max": 0.2353310001474101, "target": "417.xyz", "model": "9.xyz", "model_rescale": 3.833441315466971, "target_rescale": 4.037761530756476},
{"mapping": [13, 11, 8, 1, 10, 12, 0, 6, 4, 3, 5, 9, 7, 2, 14], "R": [[0.42259361798935413, 0.6865224272338417, -0.591693832095301], [-0.7064548176970851, -0.1594511452787973, -0.6895628490731344], [-0.5677466200579676, 0.7094098175062383, 0.4176140398005309]], "T": [0.09620841473966021, -0.02365908637951226, -0.11776835666198332], "aligned_model": [[-0.6951725652620031, 0.5628081787151875, 0.0017071178780093954, -0.06308949288861096, -0.08315193311327918, 0.4162297081124844, -0.3961337131272724, 0.4709929284660065, 0.2030136150409715, 0.24397131531703178, -0.4203811049610272, 0.046549327444620286, 0.6110830727616315, -0.3677997977023494, 0.10155407775682243], [-0.0968329402095351, -0.5206889122553475, -0.7246863153571218, 0.3466092952987973, -0.759486407024278, -0.0746196729728258, -0.0856092727349908, 0.4877234845953257, 0.7339257707443942, 0.3202854782825082, 0.4116774227069244, -0.31442626225164627, -0.16170591797553552, 0.022109599073296616, -0.026740137994086068], [-0.05414231622314991, -0.14191568552853995, 0.2096300115382574, -0.7367468983485312, -0.437365232946292, -0.6257146606280846, -0.5842277495802186, -0.3611898068650956, 0.10711030736683394, 0.6659344641827849, -0.08532465991117329, 0.6378099324762645, 0.28193295131044915, 0.42927082031342073, -0.023011949941984702]], "inverted": false, "swapped": false, "error_lsq": 0.05163979171499666, "error_max": 0.31810741477217286, "target": "417.xyz", "model": "10.xyz", "model_rescale": 4.2482417240324, "target_rescale": 4.037761530756476},
{"mapping": [6, 0, 2, 13, 5, 12, 1, 9, 10, 7, 3, 14], "R": [[-0.043723258961341493, -0.1432864894935862, -0.988714953135839], [-0.984060356256562, -0.16458028819150577, 0.067368716649568], [-0.17237601883675224, 0.9759007688630057, -0.1338065673372812]], "T": [0.062243830709153625, 0.004167170634796068, -0.05360751820854755], "aligned_model": [[-0.6934412944258891, -0.13772283256414186, 0.33250947674328046, 0.7135949433496903, -0.46283272787117236, 0.28958954976727674, -0.24300234906893226, 0.5106388945045524, 0.1267603044311751, -0.1393829152258546, -0.39918189700756684, -0.020763550269411124], [-0.3288276862441712, -0.6639553932790262, -0.10682678175985383, -0.27791532454118384, 0.5259602306155515, 0.6271075840873134, 0.3182216906021749, 0.29186559488340535, -0.43002453671556656, 0.6447921519160157, 0.04140994369396637, 0.024323916792013872], [-0.18027879907630073, 0.010361924884150955, 0.6427986613124625, -0.26174559199730685, 0.1798721179567921, 0.13341422543782222, 0.6449788880999315, -0.20375260499058045, -0.5062863469296581, -0.47969611536014733, -0.46296672774498576, 0.04849265826217655]], "inverted": true, "swapped": true, "error_lsq": 0.04223548875961374, "error_max": 0.2275187373205738, "target": "417.xyz", "model": "11.xyz", "model_rescale": 3.6694154284099745, "target_rescale": 4.037761530756476},
{"mapping": [10, 8, 7, 9, 13, 6, 0, 4, 12, 1, 5, 2, 3, 14], "R": [[0.003712275819923394, 0.23313269516131493, -0.972437846576869], [-0.935561463664173, -0.34260601622754083, -0.0857080238440022], [-0.3531443992402921, 0.9100935468903817, 0.21683811748329151]], "T": [0.14183924032761402, 0.02350924937697082, -0.07348520673015152], "aligned_model": [[0.08679106461317064, 0.04760441784039465, -0.2662492195611312, 0.47336544340592424, 0.7022554550123083, -0.5687710236029844, 0.05097338504593088, -0.3521638231433301, 0.3525707585534715, 0.07422123191798563, -0.3181375085064238, 0.6531656447434764, -0.4364594523683378, 0.09909847630535472], [-0.31377212506762164, 0.2678702983132859, 0.6793530188419034, 0.40555630324911807, -0.10301331667752037, -0.4114904652709743, -0.6706921496493545, -0.23166956533044128, 0.6380477355451815, 0.16229974362264432, 0.40082273113957834, -0.14961750420950812, 0.04521106304175399, 0.012081520588208798], [-0.6034039824769086, -0.697720703686183, -0.2630583137368725, -0.2982127950144745, -0.5393993301270841, -0.011845142586953766, -0.0906412673165857, 0.609411130165691, 0.15597643173537776, 0.7364490143679625, 0.4250547187831265, 0.4546408947922324, -0.2902231639184376, 0.052067968671524995]], "inverted": true, "swapped": true, "error_lsq": 0.04370973291166671, "error_max": 0.23207517755009643, "target": "417.xyz", "model": "12.xyz", "model_rescale": 3.9764082729961374, "target_rescale": 4.037761530756476},
{"mapping": [6, 9, 0, 13, 5, 12, 6, 10, 11, 8, 14, 7, 1, 3, 15], "R": [[-0.33445595531260885, -0.9283724841490241, -0.16206092876106915], [-0.33509673474772883, -0.04357377404202617, 0.9411755971003205], [-0.8808231333913412, 0.3690878715031213, -0.29652107984417403]], "T": [0.08287976119286135, -0.10273880984702854, -0.03753494295723827], "aligned_model": [[-0.5687693646777707, 0.41259221169771587, 0.19608922449013372, -0.048821854277122365, -0.09232029673906099, 0.4830026489221533, -0.5687693646777707, 0.6424620487869654, 0.040319934429379936, 0.3311780058863725, -0.5011591885693928, -0.09536776470736506, 0.7142095741871838, -0.3034925361057682, -0.008972544207430821], [-0.11690979061952325, -0.5757863423636128, -0.7484307114226332, 0.2558337704013986, -0.7993920385660516, -0.02055604893121611, -0.11690979061952325, 0.47328678479716546, 0.6841644600735017, 0.32121693375407323, 0.4380296200051803, -0.3906942578650543, -0.07054300935107553, 0.3296346594808463, -0.10540902684759575], [-0.4360464305648332, -0.20787242702835268, 0.27451235980611594, -0.5156154125054941, -0.46974221320003484, -0.5278014046611721, -0.4360464305648332, -0.07230672295219129, 0.06001813840696072, 0.4706602417880592, -0.11017136640201672, 0.6379968315657492, 0.023363956178742262, 0.5725577370637305, 0.0185426702845113]], "inverted": false, "swapped": false, "error_lsq": 0.05208489613203619, "error_max": 0.3661668086659895, "target": "417.xyz", "model": "13.xyz", "model_rescale": 4.170626492500431, "target_rescale": 4.037761530756476},
{"mapping": [13, 9, 2, 12, 0, 4, 1, 8, 10, 7, 3, 5, 6, 14], "R": [[0.7815084020816582, -0.6222835551281434, -0.04480841988792769], [0.5220327360797428, 0.6128946934929734, 0.5931626397112787], [-0.34165251343561254, -0.4869530487688044, 0.8038347394569954]], "T": [0.034431599967863276, -0.01982477669440094, -0.022055778142335253], "aligned_model": [[0.4411975343192738, -0.0031949646235241366, -0.3769622829431858, -0.4977972745203162, 0.4149048973898891, -0.36752297831703445, -0.7203494466172519, 0.4499667505353071, 0.6647700821848153, -0.10098365342873195, 0.2649636739379122, -0.5389703583190768, 0.27561612715689876, -0.062455084663331724], [-0.40104285775492016, -0.5621022492166781, 0.15414664007428433, -0.4560762448798253, 0.5309203692150407, 0.7276173069019137, 0.3120363965998439, -0.47559791574403754, -0.009399016178956113, -0.4300787445690221, 0.10492001320859892, 0.14648847946014246, 0.6440065865987493, 0.07023570421053196], [-0.5082291146253497, -0.1264178788681157, -0.631016994493874, 0.011634709388775533, -0.2279352834045724, 0.21303039713160102, -0.02352962877831824, 0.2569851938136306, -0.03500326592057835, 0.645746284546293, 0.5375596157126442, 0.4739646099250442, 0.42420551460872247, -0.007121057915036248]], "inverted": true, "swapped": true, "error_lsq": 0.04883726939923929, "error_max": 0.2568837778569972, "target": "417.xyz", "model": "14.xyz", "model_rescale": 3.9786697098870705, "target_rescale": 4.037761530756476},
{"mapping": [3, 4, 7, 8, 5, 12, 0, 2, 9, 10, 1, 14], "R": [[-0.4153266567091849, -0.7286679765267223, -0.5445610601312063], [-0.8048132129919234, 0.5733640925402683, -0.1533926646847626], [0.42400408066478346, 0.37456187388724854, -0.82457500702464]], "T": [0.07891888749098303, -0.08470061762225144, 0.09887759034111852], "aligned_model": [[0.024208695988829965, -0.7061115475533466, 0.5022417625876736, 0.6086483866706358, -0.1437558644735682, 0.42966697477642485, -0.4181832242953933, -0.19166104801982703, 0.6019118571685853, 0.16447518339955963, -0.3641999611861542, -0.02388661829608274], [-0.40166146959637056, 0.15940962748128884, 0.028209595551953737, -0.4542586968604099, 0.386773231832987, 0.5016715326432211, -0.5188464468596576, 0.3678883821605615, 0.05205092446810998, -0.7017465373170084, 0.6013321908970819, -0.006147844177318257], [-0.42877599112874853, -0.2167805561235625, -0.5649403298157184, -0.10379446850043718, -0.4761132743132017, 0.010212783672255879, 0.3331283233054254, 0.6395202075514508, 0.21782897973908827, 0.19653714852217646, -0.014405729005446469, 0.06754939997054807]], "inverted": true, "swapped": true, "error_lsq": 0.04742387436301055, "error_max": 0.22670183409852107, "target": "417.xyz", "model": "15.xyz", "model_rescale": 3.769337070930944, "target_rescale": 4.037761530756476},
{"mapping": [2, 0, 12, 9, 1, 4, 5, 6, 7, 8, 14], "R": [[-0.37972248373800666, 0.3093773419001291, 0.8718351310096709], [-0.9211605713307014, -0.21333302725351438, -0.325503028109643], [0.08528796614725309, -0.9267009656850813, 0.36599355599354905]], "T": [-0.21666601897298554, 0.0014396069102529455, 0.02836271762550409], "aligned_model": [[-0.3248678809824307, -0.2775926057019452, -0.1344072605121193, -0.5435046810618025, 0.3498754366089073, 0.5356322304423174, 0.5081018948118029, 0.29689255816614935, 0.1002873367884114, -0.478266506813022, -0.10952439105509817], [0.001414197684249087, -0.69190145682601, 0.6625108609951581, 0.4429756001894409, 0.16631291946846, -0.33299114343543296, 0.2737615526717965, -0.6007985924770338, 0.5139160510815094, 0.17407980120468855, -0.013215292931483966], [-0.7190575792500487, -0.049307333537416634, -0.14752435114893392, 0.09614560070781121, -0.5475504778938255, -0.28421699747099716, -0.026758596974478813, 0.29586586807512383, 0.5475097761567991, 0.6283819071038342, -0.04927020854409066]], "inverted": true, "swapped": true, "error_lsq": 0.035136416474713404, "error_max": 0.16010642367811156, "target": "417.xyz", "model": "16.xyz", "model_rescale": 3.7852294659196426, "target_rescale": 4.037761530756476},
{"mapping": [2, 13, 9, 11, 0, 10, 3, 8, 12, 1, 6, 7, 14], "R": [[0.986690719377036, -0.16258857035976587, -0.0025260806785562806], [0.005931296721514004, 0.051510620266573326, -0.998654833122513], [0.16249998158285578, 0.9853484727689593, 0.05178941202071311]], "T": [-0.013925623495688861, 0.10079483753599942, -0.023594334858295526], "aligned_model": [[0.11465244191744349, -0.33737363175782586, 0.2162379882770064, 0.047293727471727436, -0.6273439091167866, -0.5715121634340194, -0.12119820184611867, -0.11523543966494006, 0.6397277854767616, 0.506789996688479, -0.38310700206561843, 0.4476331545420743, 0.037201103728099844], [-0.30040698743005023, -0.5223159540141661, -0.28758634605806094, -0.6550258292112318, 0.2304990587571758, 0.08494129929838695, 0.6307739674011024, 0.07097603989829471, -0.1053200121352061, 0.29772981683715694, 0.8371683840769307, 0.4285280634010623, 0.1650941228814799], [-0.650371424825699, 0.2093532798284607, 0.29665062088936556, -0.2741498074430803, -0.33562211942900705, 0.27042752128612885, 0.27555513383222136, 0.6450682408266247, 0.046917061147508085, -0.6317886259231835, -0.1630586891816247, 0.5351181413053283, -0.12834463516986933]], "inverted": false, "swapped": true, "error_lsq": 0.05064671530593937, "error_max": 0.2710162347659682, "target": "417.xyz", "model": "17.xyz", "model_rescale": 3.901054581598922, "target_rescale": 4.037761530756476},
{"mapping": [0, 5, 8, 12, 13, 9, 3, 11, 6, 6, 7, 4, 10, 1, 14], "R": [[0.11292671605020452, 0.014567128523477857, -0.9934965302247901], [-0.965396095674085, 0.238166593410619, -0.10624053953371151], [0.23507006457511703, 0.9711150665857067, 0.04095842026847363]], "T": [0.024766731698963908, -0.14333701496215562, -0.044270452284577], "aligned_model": [[-0.7337489596049562, 0.2936165781491129, -0.05932897266397103, -0.006193055568968035, 0.06741363976857634, 0.5619284995192853, -0.49418239385442675, 0.4818151027504963, 0.08785617950977728, 0.08785617950977728, -0.33854037507768775, 0.24584460626844326, 0.7921403010518032, -0.4022729221474347, 0.04797632682839572], [-0.14182780790729974, -0.6805537461941682, -0.6793317792164051, 0.2923797777511104, -0.4496216728906846, -0.2184050467857359, -0.13331776449604057, 0.48557172800368026, 0.5310102278220621, 0.5310102278220621, 0.40889584957621056, -0.24317211345322765, -0.11205217815496642, 0.08483035692950266, -0.11788084688022034], [-0.03177297896846325, -0.21516220382262907, 0.33790199222131134, -0.645242558290505, -0.7014410145058961, -0.41845175476316854, -0.6046250803731149, -0.22402464129542882, 0.2797685314726105, 0.2797685314726105, -0.09646080854484393, 0.7085452598222622, 0.24315399374166385, 0.4569902921216034, -0.08689803307307126]], "inverted": true, "swapped": false, "error_lsq": 0.049640980912878545, "error_max": 0.35437151592547944, "target": "417.xyz", "model": "18.xyz", "model_rescale": 3.9405287249114394, "target_rescale": 4.037761530756476},
{"mapping": [0, 9, 5, 12, 7, 13, 4, 14, 3, 10, 1, 5, 11, 2, 15], "R": [[0.49948674097622364, 0.5417677793594562, 0.6760182459348819], [0.15662342012607042, -0.8239454105032885, 0.5445944039177963], [0.8520458320166605, -0.16613739422084106, -0.49640333035198864]], "T": [-0.018330244673297184, -0.01769937280788014, -0.15953290891679575], "aligned_model": [[-0.6879802944932659, 0.36839889448402546, -0.010148072747074181, -0.07053087529109958, 0.008573429722440594, 0.5527426275271434, -0.3895502301042965, 0.5765809366607856, -0.05931354630056678, 0.37283436234507233, -0.5184035467239594, -0.010148072747074181, 0.6261735146838114, -0.1142357059445841, -0.012812686633135261], [-0.14035485808390788, -0.6751983453325395, -0.5301060523259905, 0.38223245607930256, -0.6303631390425404, -0.10113476997879184, -0.17049128318294426, 0.47286929441680425, 0.8182328868140533, 0.3788427292990895, 0.35503830886433163, -0.5301060523259905, -0.14568311679672685, 0.08228841036372964, -0.008531256841999391], [-0.25544276588554854, -0.07500172524953272, 0.4951693819045071, -0.5303006106053999, -0.5052854950076483, -0.5033993866485433, -0.770691957902103, -0.2313801853945335, -0.001525880006490593, 0.3951279319754347, 0.0561352093047221, 0.4951693819045071, 0.13618362316919988, 0.6984472008338997, -0.12115519517752973]], "inverted": false, "swapped": false, "error_lsq": 0.04234035776857344, "error_max": 0.3410571517611315, "target": "417.xyz", "model": "19.xyz", "model_rescale": 4.410303926677745, "target_rescale": 4.037761530756476},
{"mapping": [1, 5, 12, 2, 9, 6, 11, 7, 3, 10, 0, 13, 8, 14], "R": [[-0.5470991171017017, -0.8150481567505331, 0.19073295007443664], [-0.03975386327730979, -0.2023020756437468, -0.9785159684669233], [0.8361233081436423, -0.5429275940379071, 0.07827797398465142]], "T": [-0.015611006863948323, -0.012747059733673804, 0.0967429430887001], "aligned_model": [[-0.2933617410207243, 0.19749617636489822, 0.2645550914020958, -0.6106446778872813, 0.2692005114512533, -0.11561553470856555, -0.3898206190766008, 0.742710896371795, 0.32945327099914057, 0.012644647262987974, -0.510429679060442, -0.08888702995883295, 0.5258969677881599, -0.07201039046701117], [-0.3570692825791053, -0.547414646852639, 0.20707996902605608, 0.21477573629612678, 0.44566354869476615, -0.7616783921400287, 0.6537614668123749, -0.1844376492284972, -0.4486846570632655, 0.07583245449516422, -0.22050743883237015, 0.6480128189235369, 0.18717805113250027, -0.10156351250341743], [-0.5990480998187266, -0.42402766865815034, -0.4930883905076314, -0.3088591419709761, -0.02619678503550632, 0.45324280312444165, -0.1346102160130444, -0.07081432023450387, 0.36649235301144134, 0.720408096640272, 0.5466947438446146, 0.4210533977144689, 0.45038335805808316, 0.015184908570238492]], "inverted": true, "swapped": true, "error_lsq": 0.05319294046815158, "error_max": 0.33440309681252545, "target": "417.xyz", "model": "20.xyz", "model_rescale": 4.121658175737393, "target_rescale": 4.037761530756476},
{"mapping": [6, 4, 5, 3, 7, 0, 1, 10, 2, 11, 12, 8, 14], "R": [[0.1616551972481891, 0.9278182698851718, -0.33618574519145805], [0.9856892191235809, -0.16830646407407734, 0.00947087400544433], [-0.04779498411125124, -0.3329056806637102, -0.941748080579747]], "T": [0.08222327564854294, -0.09489951198572058, -0.12079782296007695], "aligned_model": [[0.23310332386367816, -0.24935310590544546, 0.14233648659233888, 0.5611127130106125, 0.7283543292030511, -0.16176241897356225, -0.3985247299241491, 0.3422370147918321, -0.6493781299621463, -0.43908006315558346, 0.07427295424647762, 0.6870265978809975, 0.010737932996193425], [-0.4723699150442149, 0.0030728626846768387, 0.4598733415824936, -0.2102196521589812, 0.3597016451697601, -0.7082413394134279, 0.4264989846657852, -0.6537635533489149, 0.041838323687866885, -0.02310638435817859, 0.560862265725876, -0.19929481151232747, -0.04402486351723036], [0.6090942939451153, 0.6891164799985295, 0.41873865693015794, 0.25235343434692903, -0.0288323213523501, 0.1131878604234033, 0.29974159455923294, -0.2537142433662373, -0.24888721117489299, -0.7215301342555587, -0.33205891868076753, -0.406414773647065, -0.020684978244706678]], "inverted": false, "swapped": true, "error_lsq": 0.05054650142285306, "error_max": 0.27564738321208004, "target": "417.xyz", "model": "21.xyz", "model_rescale": 4.08911054899281, "target_rescale": 4.037761530756476},
{"mapping": [6, 13, 4, 5, 7, 12, 10, 9, 11, 15, 8, 2, 14, 1, 16], "R": [[0.692774766440984, 0.09813825704329199, 0.7144452431692335], [-0.5489875425925117, 0.7141804091534416, 0.43423383246778247], [-0.46762784461671625, -0.6930477802330282, 0.548642846716511]], "T": [0.03815055621911871, -0.0638850545283832, -0.007393158348215828], "aligned_model": [[-0.6285776095051904, 0.2754232263146325, 0.07530643690481167, -0.07661524228523942, -0.14455551794113952, 0.5325494801649601, -0.04300954588001911, 0.4407157382291808, -0.11839560067080913, 0.3874208923335672, -0.5370658164532197, 0.17549968337752908, 0.679102728202188, -0.41378162376159805, 0.028163505408569232], [-0.17627242964080778, -0.6650679310889599, -0.6412396786899017, 0.47836567828999677, -0.5405019863788731, -0.30511578996734723, 0.007270645979119333, 0.3250951885401602, 0.6456937113801295, 0.3399475949058407, 0.32196661290463047, -0.19586272676474825, -0.04248500718974965, 0.1160063289497229, -0.11026499930333272], [-0.3210916752344236, -0.1452727978325654, 0.3819309538739034, -0.44388142646060713, -0.5026213671043461, -0.4996806173748053, -0.8070714144784429, -0.4480554511508348, 0.23319841671872993, 0.48903049283654487, 0.0243343282984418, 0.6890053918176688, 0.01595073059844007, 0.6198187485175973, -0.003544785810360095]], "inverted": false, "swapped": false, "error_lsq": 0.04793866964913886, "error_max": 0.3489381296780929, "target": "417.xyz", "model": "22.xyz", "model_rescale": 4.204369325754507, "target_rescale": 4.037761530756476},
{"mapping": [0, 9, 5, 12, 7, 13, 4, 14, 3, 10, 1, 5, 11, 2, 15], "R": [[0.49948674097622364, 0.5417677793594562, 0.6760182459348819], [0.15662342012607042, -0.8239454105032885, 0.5445944039177963], [0.8520458320166605, -0.16613739422084106, -0.49640333035198864]], "T": [-0.018330244673297184, -0.01769937280788014, -0.15953290891679575], "aligned_model": [[-0.6879802944932659, 0.36839889448402546, -0.010148072747074181, -0.07053087529109958, 0.008573429722440594, 0.5527426275271434, -0.3895502301042965, 0.5765809366607856, -0.05931354630056678, 0.37283436234507233, -0.5184035467239594, -0.010148072747074181, 0.6261735146838114, -0.1142357059445841, -0.012812686633135261], [-0.14035485808390788, -0.6751983453325395, -0.5301060523259905, 0.38223245607930256, -0.6303631390425404, -0.10113476997879184, -0.17049128318294426, 0.47286929441680425, 0.8182328868140533, 0.3788427292990895, 0.35503830886433163, -0.5301060523259905, -0.14568311679672685, 0.08228841036372964, -0.008531256841999391], [-0.25544276588554854, -0.07500172524953272, 0.4951693819045071, -0.5303006106053999, -0.5052854950076483, -0.5033993866485433, -0.770691957902103, -0.2313801853945335, -0.001525880006490593, 0.3951279319754347, 0.0561352093047221, 0.4951693819045071, 0.13618362316919988, 0.6984472008338997, -0.12115519517752973]], "inverted": false, "swapped": false, "error_lsq": 0.04234035776857344, "error_max": 0.3410571517611315, "target": "417.xyz", "model": "23.xyz", "model_rescale": 4.410303926677745, "target_rescale": 4.037761530756476},
{"mapping": [8, 1, 11, 5, 3, 0, 4, 12, 6, 13, 15, 11, 7, 14, 16], "R": [[-0.017284151457494838, 0.5955272798779778, -0.8031491250256899], [-0.7282843589819876, 0.5428687766947478, 0.4182049542415103], [0.685057041837094, 0.5921492634556638, 0.4243301771242828]], "T": [-0.014528958502947768, -0.05299636495001589, -0.018927686625262587], "aligned_model": [[-0.7746022908217935, 0.4097854635874695, -0.004015212154685761, -0.11471761340805589, 0.09544716932959818, 0.549441232136915, -0.3516871794160828, 0.5186758493185752, 0.03108591810730988, 0.3889890021109858, -0.5545221188383529, -0.004015212154685761, 0.6078233881911019, -0.18465119188593251, 0.019143530335856827], [-0.22633465638066763, -0.7969715038045865, -0.4147915805114447, 0.39527129267049277, -0.6028015269799266, -0.06270851569041638, -0.14748591370540082, 0.4795595257815327, 0.6921877903386743, 0.37029210725263995, 0.39690573191334333, -0.4147915805114447, -0.20146541126114828, 0.22427600101638215, -0.13360654820214984], [-0.2795980406666875, -0.07178233204773263, 0.5004134052838473, -0.4486024170757047, -0.7223980269710972, -0.5211518490107456, -0.6116168397551675, -0.2986645110635859, 0.12431318567838429, 0.3711835136644118, 0.1048046085271476, 0.5004134052838473, 0.16153116057866385, 0.5746449296524905, -0.10144066486313026]], "inverted": false, "swapped": false, "error_lsq": 0.04145651848713512, "error_max": 0.27927535977413404, "target": "417.xyz", "model": "24.xyz", "model_rescale": 4.28219845311461, "target_rescale": 4.037761530756476},
{"mapping": [12, 3, 9, 2, 7, 4, 13, 0, 6, 8, 14, 5, 1, 10, 15], "R": [[0.2570290943879608, 0.3295428838592846, 0.9084808926641281], [0.45531200642031266, -0.8704846466891656, 0.18694238868685653], [0.8524242027580013, 0.3655926251665159, -0.3737847120686472]], "T": [-0.002746319095644087, -0.08553726458044641, -0.06765897610238829], "aligned_model": [[-0.7485453742368897, 0.5791917306074512, -0.16339890084275277, -0.09275533530909942, 0.023236778176830272, 0.4982326500345356, -0.3462060035873676, 0.5568821201828409, 0.1527895371281724, 0.2262600658620998, -0.571973204598591, 0.19177150929437553, 0.5809211576806096, -0.30194819664737665, 0.04772220069338516], [-0.25225999854477754, -0.5967254248174841, -0.7266060201287246, 0.4161036159471767, -0.6789447491429097, -0.14166575919628463, -0.18156789025559342, 0.45499178599433243, 0.7798702780372795, 0.2101442241573513, 0.41970582449386196, -0.36895293294700765, -0.11638325853922887, 0.37873109176510744, -0.03890557489721905], [-0.08783816248113906, -0.0766097303194865, 0.0740988544278509, -0.5248622442137133, -0.5703899595036543, -0.5972987004501135, -0.5427695116604732, -0.3130128582221979, 0.13001630705181627, 0.517212454038638, -0.03842203614803748, 0.7115194721858764, 0.19360372704715706, 0.5021111078732396, -0.09530919241082207]], "inverted": true, "swapped": false, "error_lsq": 0.04452273042021253, "error_max": 0.35420719763090547, "target": "417.xyz", "model": "25.xyz", "model_rescale": 4.100010024507729, "target_rescale": 4.037761530756476},
{"mapping": [6, 0, 2, 13, 5, 12, 1, 9, 10, 7, 3, 14], "R": [[-0.043723258961341493, -0.1432864894935862, -0.988714953135839], [-0.984060356256562, -0.16458028819150577, 0.067368716649568], [-0.17237601883675224, 0.9759007688630057, -0.1338065673372812]], "T": [0.062243830709153625, 0.004167170634796068, -0.05360751820854755], "aligned_model": [[-0.6934412944258891, -0.13772283256414186, 0.33250947674328046, 0.7135949433496903, -0.46283272787117236, 0.28958954976727674, -0.24300234906893226, 0.5106388945045524, 0.1267603044311751, -0.1393829152258546, -0.39918189700756684, -0.020763550269411124], [-0.3288276862441712, -0.6639553932790262, -0.10682678175985383, -0.27791532454118384, 0.5259602306155515, 0.6271075840873134, 0.3182216906021749, 0.29186559488340535, -0.43002453671556656, 0.6447921519160157, 0.04140994369396637, 0.024323916792013872], [-0.18027879907630073, 0.010361924884150955, 0.6427986613124625, -0.26174559199730685, 0.1798721179567921, 0.13341422543782222, 0.6449788880999315, -0.20375260499058045, -0.5062863469296581, -0.47969611536014733, -0.46296672774498576, 0.04849265826217655]], "inverted": true, "swapped": true, "error_lsq": 0.04223548875961374, "error_max": 0.2275187373205738, "target": "417.xyz", "model": "26.xyz", "model_rescale": 3.6694154284099745, "target_rescale": 4.037761530756476},
