[{"mapping": [12, 8, 6, 2, 5, 10, 7, 9, 4, 1, 3, 13], "R": [[0.26230703513667614, -0.8533347723563013, 0.450571620949907], [0.9462649828576811, 0.31898084724137715, 0.053233460441023284], [-0.1891496802407007, 0.41239663599597093, 0.891151734040869]], "T": [-0.02927177312817053, -0.020597371876599782, 0.0047341000437595235], "aligned_model": [[-0.23708824711022278, 0.14196394143867297, 0.4364069155878623, 0.004757207628366386, -0.12616106356253187, -0.5750982425399667, 0.4652395954629629, -0.26289926812740927, 0.47168720015138843, 0.1895589436254332, -0.5924856625125386, -0.07823885758146837], [-0.34840520224051585, -0.7777744589810698, -0.22685038899435384, 0.7208741042576384, 0.37216353026935545, -0.5303892565161589, -0.30021676273338066, -0.5902633790229725, 0.2772800515498712, 0.3639085231839715, 0.15952889140373067, -0.06630061619905837], [-0.6071607662181144, 0.03256132673927426, -0.4232237058064454, -0.038060924486233494, -0.6182088758944745, 0.07683838357173113, 0.5235281530557888, 0.6302285218855195, -0.10948994359552064, 0.4759524603014224, 0.2510797450589682, -0.012092629258353691]], "inverted": true, "swapped": true, "error_lsq": 0.03519765318331289, "error_max": 0.20779971655171792, "target": "418.xyz", "model": "0.xyz", "model_rescale": 3.751011558992144, "target_rescale": 4.2309241426545325},
{"mapping": [11, 6, 4, 9, 1, 8, 0, 7, 3, 12, 13, 5, 2, 14], "R": [[0.29595097839939205, 0.9432649817682445, -0.15054631365196686], [0.0984173297142964, -0.18687938946116917, -0.9774405981984421], [-0.9501194912201045, 0.27445813517615847, -0.1481407588723491]], "T": [-0.020798973507893878, -0.10386932280071529, 0.014223293181571672], "aligned_model": [[0.0936813257017084, -0.32019419896295187, -0.8061142631664512, 0.23662458570542383, -0.41745220052935433, -0.40271577971302036, 0.11625052114589236, 0.12667482155827448, 0.6305682847302101, 0.5935310450314136, 0.600656731648549, 0.06947783844968959, 0.30115643654771723, 0.017532515695633605], [-0.56475964154574, -0.077322537262163, -0.17462721403230186, -0.7069146639758567, 0.42198625425568836, 0.03519373225152431, 0.6416113098360327, 0.2613291522435123, 0.293622452627465, -0.17722155404869921, -0.28693808437764967, -0.42026872308934005, 0.22522398204082913, -0.13415086562119996], [-0.6270296710273007, -0.6738054216424725, 0.0762489859770844, 0.07948468286336312, -0.2134336395219477, 0.5388367432545624, 0.04553752122795919, -0.5192170290583175, 0.04779222040755546, -0.3971076958888455, 0.3425232069247445, 0.5450976320937044, 0.7010860251975851, -0.010627009497037682]], "inverted": false, "swapped": false, "error_lsq": 0.03815679452447499, "error_max": 0.22975844735200848, "target": "418.xyz", "model": "1.xyz", "model_rescale": 3.9405287249114394, "target_rescale": 4.2309241426545325},
{"mapping": [2, 5, 4, 10, 12, 1, 3, 11, 8, 7, 9, 0, 13], "R": [[0.42407040143052344, -0.16742021073809643, 0.8900195321828426], [-0.8674802383862823, -0.35732699512776156, 0.3461147996868138], [0.26008139233677086, -0.9188513979906522, -0.29676552658755817]], "T": [-0.06627901091653021, -0.014300308998829232, -0.10598755216056147], "aligned_model": [[-0.35408943855477926, 0.24305754731717644, -0.4386582349289786, 0.44637499796871694, 0.5934249237597916, -0.6650293016164944, 0.07287860901162022, 0.628476235932003, 0.10290380024583984, -0.6137656520825007, -0.09080720980412071, -0.4234823561526104, -0.005300641811732579], [0.6711759399962494, 0.5707994207550762, 0.17893739004644418, -0.37757658803155286, -0.06725603598128235, 0.13378781302638632, 0.2020792812872716, 0.3114070898229494, -0.7571954843695237, -0.5546235514497574, -0.6852322327057775, -0.12818328008396018, -0.03928716874050627], [-0.11352448674052135, -0.4431459898544635, -0.5263812838376478, 0.30417039342138785, -0.4010255114407302, 0.08726463146720675, 0.48066103299098617, 0.09897557306000573, -0.2573054312857128, -0.11958675293709839, 0.45933815845509096, 0.6290036854170086, -0.08532366912686808]], "inverted": false, "swapped": true, "error_lsq": 0.038953481696084376, "error_max": 0.23437617026128507, "target": "418.xyz", "model": "2.xyz", "model_rescale": 3.932901565614263, "target_rescale": 4.2309241426545325},
{"mapping": [8, 9, 7, 3, 5, 4, 6, 12, 10, 11, 1, 0, 2, 13], "R": [[0.8828311808900839, 0.44127292220656755, -0.16089535162799667], [0.46534557871527205, -0.8682310375771835, 0.17212889867130404], [-0.06373851597243682, -0.2268326993952242, -0.971845835545282]], "T": [0.07808814699399184, -0.14684318092754545, -0.009510268821645199], "aligned_model": [[-0.000735316670074676, -0.3256233514072052, -0.6075539806126197, 0.14160560170984535, -0.37504399178973463, -0.489032797121322, 0.1451268283809081, 0.10877785911779035, 0.6208749161630591, 0.725080727803758, 0.6582621222281408, 0.03046686663595402, 0.12784686642905285, 0.07962531297518186], [-0.6387172371982337, -0.013838759780802512, -0.331147079873395, -0.6506418012726163, 0.39633312018702216, 0.0966139245140204, 0.5138037663134128, 0.48459563785208903, 0.2688855684789061, -0.4129389807340952, -0.14325370658912195, -0.4131805529435032, 0.22004319190228327, -0.039793491553864815], [-0.5486146185311688, -0.6087763110791098, -0.08480630478356908, 0.0437622491030942, -0.13769161053505174, 0.6088172148741265, 0.15093812469123602, -0.4378477174150099, -0.2232801694933389, -0.5647600541163891, 0.4510913975313243, 0.6034717432045654, 0.7368933166803636, -0.05381070882043568]], "inverted": false, "swapped": false, "error_lsq": 0.04844161879862329, "error_max": 0.3233449087648835, "target": "418.xyz", "model": "3.xyz", "model_rescale": 3.9243930471874484, "target_rescale": 4.2309241426545325},
{"mapping": [5, 11, 2, 4, 1, 12, 6, 3, 0, 9, 7, 8, 13], "R": [[0.7866452924253454, 0.15049558450876233, 0.5987823168300888], [-0.5042837985526392, 0.7161639481544452, 0.4825008288916804], [-0.35621206383608645, -0.6815132268761944, 0.6392594834419217]], "T": [0.017035570687049632, -0.10321319951663444, -0.09492295060652298], "aligned_model": [[0.028702798327315697, -0.37237291228454295, 0.6209056815664437, 0.38570898885773486, 0.6206332821611115, -0.598863616739015, -0.18229077943489297, 0.07975434070641252, 0.33919387042642546, -0.2542317042927859, 0.19034286186054528, -0.5350953579886658, -0.04518156685473378], [-0.6511133108132371, -0.09210938215988757, -0.32162626603035527, -0.52690830116552, 0.08264751375121518, -0.422969059266859, -0.6533847410754977, 0.355039051581099, 0.6559597085003249, 0.6600940877317066, 0.12482302750789498, -0.0015510597809941795, -0.08107171509830302], [-0.5962970185104406, -0.7870340572945087, -0.4696307796401835, 0.09821005023718263, 0.04256889257695026, -0.3034544085383548, 0.22150257426211126, -0.5381077461352948, -0.06950237018555064, 0.2428942908591263, 0.6191077411989229, 0.44194706407939144, -0.1151339175383878]], "inverted": true, "swapped": true, "error_lsq": 0.05002346351853042, "error_max": 0.33050989026097827, "target": "418.xyz", "model": "4.xyz", "model_rescale": 3.8936222436046832, "target_rescale": 4.2309241426545325},
{"mapping": [11, 5, 12, 10, 6, 4, 1, 7, 9, 3, 8, 13], "R": [[-0.7201816604562686, 0.6386587659205929, 0.27102279729800816], [-0.5824340588036592, -0.7688128378636797, 0.2640026277927761], [0.37697339838236243, 0.032276942990019444, 0.9256615233784279]], "T": [-0.1489377419304938, -0.09139816141358986, 0.05384176956533133], "aligned_model": [[-0.014605417096876905, -0.6710269801921492, -0.26221543946894277, 0.46742221022009967, -0.6126424438331931, -0.6666651056879115, -0.1588598542853335, 0.010697998265777053, 0.6589583101407974, 0.27010666097883473, 0.1149707179207119, -0.10859261474671703], [-0.5539563790784117, -0.4766279654441365, 0.018378456069960136, -0.03016149158803314, 0.34757252769252484, -0.01596314235855581, -0.242669487539411, 0.44977578017603764, 0.22664285656887234, -0.5757724803811699, 0.6082941491289546, -0.08658991813682397], [-0.5776443879603396, -0.30772072503845443, -0.6533910388917744, -0.36967187568305454, -0.13277954572746603, 0.33492168553011936, 0.6821704626501697, 0.5768359973020974, 0.1822875472350099, 0.04266857611767834, -0.1563870607871946, -0.0020049154712727044]], "inverted": true, "swapped": true, "error_lsq": 0.03396132911287972, "error_max": 0.20599409502986907, "target": "418.xyz", "model": "5.xyz", "model_rescale": 3.6523030999806103, "target_rescale": 4.2309241426545325},
{"mapping": [8, 7, 0, 10, 3, 6, 1, 12, 4, 5, 2, 11, 13], "R": [[0.5808170659176495, -0.7228915223634949, 0.37427180341805355], [-0.5107619101037344, -0.6816357629005442, -0.5239226640661561], [0.6338562984825488, 0.11313944329888864, -0.7651311385926076]], "T": [0.03052904835445435, -0.036494909866834346, 0.04696624011427737], "aligned_model": [[0.12864523022587707, -0.2998548207315521, 0.3111330761818738, 0.7205941235896948, 0.5160303914977566, -0.3681631317867839, -0.2699476050108716, 0.29098569208995984, -0.5487656623863942, -0.05810171781327001, -0.25588709778931684, 0.6237231860493057, 0.09069124054801558], [-0.6063116715688653, -0.0069486300701346315, 0.5861130390214807, -0.24547017170347027, 0.37440676767423403, -0.5640928873063129, 0.5043062880716589, -0.6299498180769227, 0.00013068301940435956, -0.1355894468432992, 0.46868974057320634, -0.13406288541436662, -0.0703941032134295], [0.5657101448140588, 0.7411198853885618, 0.5099958307615118, 0.25469890470719453, -0.029124429068918503, -0.025350780555686625, 0.23411926324190946, -0.27712417399767847, -0.07878823692419344, -0.6838083298839568, -0.41727894916016367, -0.47205326869345093, 0.04799387885260126]], "inverted": false, "swapped": true, "error_lsq": 0.04825361138237039, "error_max": 0.34365176902066574, "target": "418.xyz", "model": "6.xyz", "model_rescale": 4.08911054899281, "target_rescale": 4.2309241426545325},
{"mapping": [4, 8, 3, 6, 9, 1, 11, 10, 12, 5, 7, 2, 13, 14], "R": [[0.4190648383234996, 0.8996819478743627, 0.12229903495077804], [-0.03852156019872646, -0.11695826828497324, 0.992389466328435], [0.9071387714571322, -0.42058668089797224, -0.014355945474689102]], "T": [0.058863690314009905, -0.050357438810079154, -0.00010175703484295671], "aligned_model": [[0.04896348607282257, -0.28677495154184535, -0.5349235706709218, -0.038025915977407, -0.6617996359533176, -0.3420254187629602, 0.04433396898192484, 0.28781769656987616, 0.6501116584158887, 0.6496372736069054, 0.6072109167358699, 0.05035761955364848, 0.43664900252071687, -0.07185446570846646], [-0.46895496908923123, 0.0720722344798802, -0.5237505881982648, -0.5245639129917151, 0.2555126639965933, 0.1740044010231732, 0.5362725775270181, 0.3703144130311621, 0.34764353774074874, -0.29041675063903294, -0.5102331557117945, -0.39423210857819374, 0.24351836395757304, 0.049576892754184955], [-0.5671357800902781, -0.5751616475150759, -0.2231870570214644, 0.12189656463554359, -0.040662307945023755, 0.5716462170809437, 0.013506111553059742, -0.5385162391857532, -0.004895595912426095, -0.41706617958286984, 0.2950568593344537, 0.729156360193443, 0.5538023797796172, 0.016946865986467892]], "inverted": false, "swapped": false, "error_lsq": 0.05429871299073458, "error_max": 0.4334854936856223, "target": "418.xyz", "model": "7.xyz", "model_rescale": 3.964800864290218, "target_rescale": 4.2309241426545325},
{"mapping": [2, 7, 1, 0, 8, 5, 9, 12, 11, 4, 6, 3, 10, 13], "R": [[0.2852491325748822, -0.9526170074376548, -0.1056114080287015], [-0.2334620718306325, 0.03781205349733585, -0.9716304388124444], [0.929585065167156, 0.30181299798193284, -0.21161408475650176]], "T": [0.07124634728620259, -0.11586912082894676, -0.005206162353552294], "aligned_model": [[0.0979592969821538, -0.350619951923939, -0.6078123839764831, -0.011685175900984848, -0.46211828142094435, -0.4221307831404727, 0.11369715263459342, 0.18561275862626425, 0.7757009395490916, 0.6478178094089999, 0.5832877742631847, 0.12992222338137532, 0.12925980995081085, 0.030786475409084496], [-0.5538733966810445, -0.006103774217165514, -0.38897014701503274, -0.8200841484334588, 0.43740512629939887, 0.11772744531038404, 0.5711874616442563, 0.37462549281412205, 0.3210192412213718, -0.2363449298401778, -0.32178032135635715, -0.5174605669714193, 0.41261494840677615, -0.05319883187955175], [-0.5012378149805927, -0.568085864630733, -0.1707807985887356, 0.09659231445515372, 0.016412387920005662, 0.628104483718526, -0.008018349070349104, -0.5682428354334698, -0.0075749254056283, -0.3901013734467944, 0.17345546680972163, 0.5958297331236382, 0.621270524938916, 0.01776360190097836]], "inverted": true, "swapped": false, "error_lsq": 0.04342076305178323, "error_max": 0.2751241862943283, "target": "418.xyz", "model": "8.xyz", "model_rescale": 4.121658175737393, "target_rescale": 4.2309241426545325},
{"mapping": [5, 11, 3, 2, 12, 6, 10, 7, 0, 8, 4, 1, 13], "R": [[0.12323991528516831, -0.667308806709819, -0.7345140432748865], [-0.9539153844486203, 0.12440391445636811, -0.27307344319829696], [0.27360073573136723, 0.7343177939798613, -0.621224609019801]], "T": [-0.04111364772663633, 0.003969618239386626, -0.008114305832031175], "aligned_model": [[-0.5554261176412316, -0.24440719093970575, 0.3705754796784437, 0.009236301296060484, -0.6123790304224128, -0.603014117597559, 0.1064277031098241, 0.2815690153382921, 0.7822340662197462, -0.16344299857729502, -0.24532826177522932, 0.40076797126967584, -0.050075323523411264], [0.29493687142023434, -0.2938103937736963, -0.10512050536100817, 0.6704359697829053, -0.3904220143225235, 0.04126416886094647, -0.7042189161973473, 0.001702163961666333, -0.04249084977885123, -0.5780452154353801, 0.5042015542798783, 0.45176110326866387, -0.05980649729377843], [-0.458144697020118, -0.7157715993748601, -0.486604577463603, -0.33377796740669996, -0.21589325222089525, 0.3460351121194232, -0.20739771593855605, 0.6902742138746328, -0.03486588742309051, 0.4915930375478526, 0.23846709252554268, 0.14021583171128818, -0.03305415697182793]], "inverted": false, "swapped": true, "error_lsq": 0.04393313828039415, "error_max": 0.2826091702047722, "target": "418.xyz", "model": "9.xyz", "model_rescale": 3.833441315466971, "target_rescale": 4.2309241426545325},
{"mapping": [9, 2, 13, 8, 5, 0, 1, 3, 6, 7, 11, 10, 12, 14], "R": [[-0.44474325871410897, -0.7035213862350852, 0.5543113682202623], [0.4060186713198549, 0.39328320187166244, 0.8249103961432617], [-0.7983434551419675, 0.5919341029501825, 0.11073276568634977]], "T": [0.12190667816202597, 0.03423720422770471, 0.02551113033221598], "aligned_model": [[0.09654055276301646, -0.33535878037496825, -0.664422837226423, 0.06339080414385592, -0.4128446991739857, -0.37420664867241227, -0.0629035751832629, 0.2661586935861826, 0.4700384489423143, 0.6483473006710602, 0.6095708329585127, -0.029606526246127585, 0.4361612155525755, 0.12881288210239675], [-0.5320300198929756, -0.1602878941640796, -0.09477881161569429, -0.7426217378752947, 0.39725837972638794, 0.13775029075854883, 0.6101156135746955, 0.04900167881960077, 0.6169685723049653, -0.22566478068805335, -0.39102691240443266, -0.5242739026619626, 0.20193393594367767, -0.005580812523281756], [-0.5546682532222288, -0.49383320770590455, -0.0014574124448341504, 0.0005023530882488324, -0.17371685977912169, 0.48046120403018794, 0.44956084536602525, -0.8308154522773199, 0.046911851747639, -0.2894891966374008, 0.24154627625825875, 0.6093460692410839, 0.5114555193439684, -0.060417185697965184]], "inverted": true, "swapped": false, "error_lsq": 0.04853641890228174, "error_max": 0.3354610102604688, "target": "418.xyz", "model": "10.xyz", "model_rescale": 4.2482417240324, "target_rescale": 4.2309241426545325},
{"mapping": [4, 7, 0, 9, 5, 11, 2, 10, 8, 12, 6, 13], "R": [[0.7482314038728262, -0.6525367120773702, -0.11977314243917725], [-0.14454928966013675, -0.3365422373410376, 0.9305078319628692], [-0.6474992425611401, -0.6789220587642917, -0.3461351889161314]], "T": [-0.07155551763403827, 0.037456507547804385, 0.04471233175126162], "aligned_model": [[-0.627891184594136, -0.010884191587505712, 0.47608716191956707, 0.6965232334152541, -0.5199361735424217, 0.17182932084819375, -0.4834050849910521, 0.5989373801471805, 0.1967937849021733, -0.08106497841304966, -0.516751675867703, -0.023471989873493436], [-0.1574945061436031, -0.71992935381946, -0.32456244530830436, -0.36617820011216595, 0.6257939147972903, 0.7933740716652058, 0.1897135498743402, 0.251397035516694, -0.244338347200121, 0.5518002413891774, -0.006820964293813986, 0.07337639368540023], [0.11698066762920367, -0.0759583525360325, 0.5445177474593601, -0.08749391935540016, 0.11194695649389172, 0.05622328422228023, 0.6446848832120379, -0.2154454138096175, -0.6275922698920081, -0.46560235692394686, -0.44761349325072064, 0.010544556605308557]], "inverted": false, "swapped": true, "error_lsq": 0.04721418319414144, "error_max": 0.2551753395180592, "target": "418.xyz", "model": "11.xyz", "model_rescale": 3.6694154284099745, "target_rescale": 4.2309241426545325},
{"mapping": [8, 2, 1, 3, 12, 0, 5, 10, 7, 9, 11, 4, 6, 13], "R": [[0.28700432067683423, -0.2847796960264959, 0.9146196174606609], [-0.870452723664952, -0.4761454207698348, 0.1248903284653538], [0.399925712823139, -0.8319772010163342, -0.38454305508217224]], "T": [0.0861595555183883, 0.017903900296854264, 0.011821891288492006], "aligned_model": [[0.2730975210361218, -0.27714379240348197, -0.7021114647449772, -0.24461976757278178, -0.36374280500798195, -0.35292668639991864, 0.0950127843416646, 0.167745554991205, 0.5806883888126552, 0.7559594285092466, 0.6552936025562545, -0.07738378897147119, 0.336281861430359, -0.006473172734159344], [-0.5925619431339612, -0.25466636075408866, -0.29048116198812735, -0.7759064498669819, 0.45221615727857856, 0.15129252038201207, 0.7512196222971756, 0.2368806789767066, 0.5450656985276574, -0.10913167133194962, -0.40250289131915107, -0.5193267925466785, 0.13864021748570748, 0.006025975295201729], [-0.3943597212489093, -0.4572513477389529, 0.012794554643837632, -0.029397861154192104, -0.25412778382830437, 0.5596800961328603, 0.3385334838027951, -0.5788740392861641, -0.16053526695050155, -0.41234359595965975, 0.2224713986995252, 0.49381297719177, 0.5044844606507495, 0.09049919635578366]], "inverted": false, "swapped": false, "error_lsq": 0.04917034490576428, "error_max": 0.3059062243126351, "target": "418.xyz", "model": "12.xyz", "model_rescale": 3.9764082729961374, "target_rescale": 4.2309241426545325},
{"mapping": [9, 1, 10, 12, 8, 11, 3, 0, 4, 5, 6, 13, 14, 15], "R": [[0.6872122443022803, 0.6028770077234709, -0.4053130208115907], [-0.7025477230874284, 0.6934994516367989, -0.1596408699679676], [0.18484054767743252, 0.39445890044192605, 0.9001311836596116]], "T": [0.08220928959311569, -0.04161223145584832, -0.07197882768613816], "aligned_model": [[0.19009470081825358, -0.4113141459108054, -0.6812310294189505, -0.13110381341627192, -0.5014743588312041, -0.4146648611329231, -0.07419770516909058, 0.33028072802502284, 0.7096655906167195, 0.7670124828546675, 0.6676024278101115, 0.0743147626832075, 0.17901929582508752, 0.13567358908891014], [-0.3509533578240944, -0.2254755000965623, -0.2563321465232527, -0.6424205238191056, 0.3552080328357967, 0.10788571838465487, 0.6927002922747086, 0.16729265655010617, 0.2828816234619262, -0.4113434636497684, -0.16029561393307354, -0.41231540393559224, 0.14480212728007547, 0.04512915829628242], [-0.5761295314440817, -0.42687528485943144, 0.059174274978138666, -0.09919005441925767, -0.03325011665500589, 0.5291127960145874, 0.3085016800872914, -0.7215380957316379, -0.2018481859104969, -0.38369553925910715, 0.4043487215396583, 0.4148449397546277, 0.6991797481758625, -0.03724880096050994]], "inverted": false, "swapped": false, "error_lsq": 0.04624638505148148, "error_max": 0.2623536899457446, "target": "418.xyz", "model": "13.xyz", "model_rescale": 4.170626492500431, "target_rescale": 4.2309241426545325},
{"mapping": [12, 8, 7, 10, 0, 1, 2, 4, 6, 5, 11, 9, 3, 13], "R": [[-0.7770929340600037, 0.6008711976964889, 0.18729755901453188], [-0.2619854237165481, -0.03823336632676971, -0.9643141850348278], [-0.572267603131678, -0.7984309697638928, 0.1871303741454447]], "T": [0.022559887496970375, 0.019810202418314077, -0.004136356502898226], "aligned_model": [[0.24216279717346215, -0.3798741996657209, -0.7414924669565632, -0.11458151132179442, -0.4713168431880517, -0.4332249786429615, 0.05614058048892245, 0.06006262785079377, 0.8192410467270322, 0.8278579164401398, 0.5589013885180104, -0.01153198626199229, 0.3076667458644546, 0.11966654681700276], [-0.4319579637174912, -0.2292859113811574, -0.2515803946405968, -0.5262551376673393, 0.34668580141019045, 0.02344790338632245, 0.6755392680896698, 0.27112765785899684, 0.2881289874425781, -0.22546642490911517, -0.3401873308165029, -0.5288230423651495, 0.2748498620937925, -0.009459675482096294], [-0.5364766680650446, -0.576459887719688, -0.0031635405759031015, -0.04064917701845764, 0.06725358816341118, 0.6147831801291409, -0.04684346045874523, -0.6663268212861015, 0.024031482623219684, -0.3484534908766533, 0.2829162893279494, 0.5909651015072881, 0.5695730261415927, 0.00423692941862885]], "inverted": false, "swapped": false, "error_lsq": 0.04169450825639421, "error_max": 0.240844329884494, "target": "418.xyz", "model": "14.xyz", "model_rescale": 3.9786697098870705, "target_rescale": 4.2309241426545325},
{"mapping": [9, 3, 7, 8, 1, 4, 11, 5, 6, 10, 2, 13], "R": [[0.2875299076125549, 0.9388842428632541, -0.18926946592467003], [-0.9360807809811694, 0.23365794655949232, -0.26297668240223365], [-0.2026803485935414, 0.25278517067402445, 0.946055143097539]], "T": [0.04811293072225594, 0.03852899661954425, -0.0035793150203506235], "aligned_model": [[0.07582546095400114, -0.5502505400031368, 0.5210312178520363, 0.6075720173437367, -0.06764783188352647, 0.30590450946114883, -0.455243582764244, -0.14875055690395414, 0.6118508619621029, -0.12016666672533766, -0.33359275176781944, 0.03682245924232928], [-0.5876526176869555, -0.1397716178053614, 0.06612317276515167, -0.49093898060203334, 0.4607256768250954, 0.5710636326007701, -0.2973167914233602, 0.3324010998591094, 0.14741045236175832, -0.6925211583397712, 0.6712707088010235, -0.02611908713098742], [-0.6179676608127561, -0.14679796092207814, -0.6097662680230699, -0.10399025674654137, -0.47910830261152443, 0.04826996514305719, 0.5108328469233121, 0.649559694918086, 0.3324105736064589, -0.019734068959003828, 0.07832326855900541, 0.01793466279888464]], "inverted": false, "swapped": true, "error_lsq": 0.0541851649777225, "error_max": 0.3586560270868948, "target": "418.xyz", "model": "15.xyz", "model_rescale": 3.769337070930944, "target_rescale": 4.2309241426545325},
{"mapping": [3, 1, 10, 9, 11, 5, 12, 4, 8, 7, 13], "R": [[-0.2243398373404129, 0.4857552322341494, 0.8448156554771137], [0.9498642746641426, -0.08474072328939242, 0.3009599134987142], [0.21778314236607021, 0.8699775078549667, -0.44239082125155105]], "T": [0.019357872063150684, -0.08268827477767932, 0.004919894458543073], "aligned_model": [[-0.2758948325752411, -0.4247528783789977, -0.10933672538868924, -0.6320982341334094, 0.3664102507271521, 0.6354446530387419, 0.6052507088816087, 0.18320753046920923, -0.001835634273552815, -0.45477476036171055, 0.03100605268605991], [0.001621525925384698, -0.5493308369097638, 0.6155302337309652, 0.49633493693304026, 0.21681838110881196, -0.35371936209965665, 0.3361211809652556, -0.5700014189596945, 0.5097856762628945, -0.08826671601758929, -0.018829103314306317], [-0.5572715592704207, 0.05772869603236369, -0.2378597237565266, 0.10827123635736724, -0.6436403995113755, -0.3092231305131448, -0.07501264840726315, 0.3022701481821066, 0.5068547690710958, 0.6107605457133478, -0.01866032667377361]], "inverted": false, "swapped": true, "error_lsq": 0.045189823626947435, "error_max": 0.2368276305430996, "target": "418.xyz", "model": "16.xyz", "model_rescale": 3.7852294659196426, "target_rescale": 4.2309241426545325},
{"mapping": [1, 5, 11, 2, 4, 6, 8, 12, 3, 0, 7, 10, 13], "R": [[0.31547879617358066, -0.9477449776070719, -0.04746142207560837], [0.8077667906080572, 0.2944584288182335, -0.5106927116071427], [0.49798186830006896, 0.12277496128473442, 0.8584523095233099]], "T": [-0.04114164585779499, 0.08260442597483789, -0.017197505770255316], "aligned_model": [[0.0031018905579160844, -0.2613534497766996, 0.3467054131514998, -0.08716013668428646, -0.5314426597849204, -0.658539873696311, -0.18120177744086674, -0.16393836876761475, 0.5714569598361013, 0.5746667532589584, -0.2175172324271487, 0.4661041292734326, -0.007115797283777661], [0.051242795242210176, -0.5729676548119981, -0.33084654333457353, -0.5452815771216432, -0.0855229250381758, 0.1713342874753876, 0.7715794268414152, 0.00137895749986236, -0.09904345241841025, 0.3190660987582391, 0.7006361972766199, 0.39427330852710507, 0.09920670480683519], [-0.6612762017215881, 0.2537981038505681, 0.5390515393219103, -0.4126855601968278, -0.30715628564282726, 0.21408429576746835, 0.3131201798698313, 0.6922983546669264, -0.06267859320104298, -0.5128199156233288, -0.4400499019719788, 0.4395054166181644, 0.04056326540589847]], "inverted": false, "swapped": true, "error_lsq": 0.0458631014199696, "error_max": 0.3133416490543627, "target": "418.xyz", "model": "17.xyz", "model_rescale": 3.901054581598922, "target_rescale": 4.2309241426545325},
{"mapping": [11, 6, 4, 9, 1, 8, 0, 7, 3, 12, 13, 5, 2, 14], "R": [[0.29595097839939205, 0.9432649817682445, -0.15054631365196686], [0.0984173297142964, -0.18687938946116917, -0.9774405981984421], [-0.9501194912201045, 0.27445813517615847, -0.1481407588723491]], "T": [-0.020798973507893878, -0.10386932280071529, 0.014223293181571672], "aligned_model": [[0.0936813257017084, -0.32019419896295187, -0.8061142631664512, 0.23662458570542383, -0.41745220052935433, -0.40271577971302036, 0.11625052114589236, 0.12667482155827448, 0.6305682847302101, 0.5935310450314136, 0.600656731648549, 0.06947783844968959, 0.30115643654771723, 0.017532515695633605], [-0.56475964154574, -0.077322537262163, -0.17462721403230186, -0.7069146639758567, 0.42198625425568836, 0.03519373225152431, 0.6416113098360327, 0.2613291522435123, 0.293622452627465, -0.17722155404869921, -0.28693808437764967, -0.42026872308934005, 0.22522398204082913, -0.13415086562119996], [-0.6270296710273007, -0.6738054216424725, 0.0762489859770844, 0.07948468286336312, -0.2134336395219477, 0.5388367432545624, 0.04553752122795919, -0.5192170290583175, 0.04779222040755546, -0.3971076958888455, 0.3425232069247445, 0.5450976320937044, 0.7010860251975851, -0.010627009497037682]], "inverted": false, "swapped": false, "error_lsq": 0.03815679452447499, "error_max": 0.22975844735200848, "target": "418.xyz", "model": "18.xyz", "model_rescale": 3.9405287249114394, "target_rescale": 4.2309241426545325},
{"mapping": [0, 8, 2, 1, 5, 10, 11, 7, 13, 4, 12, 3, 14, 15], "R": [[0.735967557390288, -0.11601264053315591, -0.6670028648405475], [-0.3839435128249872, -0.8829796439643836, -0.2700635616001152], [-0.5576191652271125, 0.45484944276216827, -0.6943866725322159]], "T": [0.13325235084364007, -0.041962038382170844, -0.0480442772230722], "aligned_model": [[0.11043795055369743, -0.20406488742509743, -0.7041640452137734, -0.09383932045312993, -0.5835782812332573, -0.2913056086078796, -0.08110483515969635, 0.38177910010921856, 0.5401150736313796, 0.6530943382664439, 0.5489765971891869, 0.10020407057842265, 0.36518411785988036, 0.09794339374733974], [-0.5536096360065758, -0.08127331803230399, -0.13597316065899667, -0.6523197704783603, 0.26199490041407913, 0.1109869395019422, 0.5879221981955005, 0.2837222850054595, 0.4724629316815958, -0.30735189576651567, -0.3117622553253642, -0.5045305543324513, 0.2067424128920241, -0.04024747778793203], [-0.5067059138796999, -0.7240205043161392, 0.16460795416778579, 0.05878378874029968, -0.33963760196271003, 0.5955869729327081, 0.22856021879879534, -0.620573512581729, 0.09741884646333393, -0.4884958186279181, 0.1854514532458714, 0.6663553127103428, 0.6477234379242399, -0.029668082304543913]], "inverted": true, "swapped": false, "error_lsq": 0.042669294778431156, "error_max": 0.2754579479289386, "target": "418.xyz", "model": "19.xyz", "model_rescale": 4.410303926677745, "target_rescale": 4.2309241426545325},
{"mapping": [2, 7, 1, 0, 8, 5, 9, 12, 11, 4, 6, 3, 10, 13], "R": [[0.2852491325748822, -0.9526170074376548, -0.1056114080287015], [-0.2334620718306325, 0.03781205349733585, -0.9716304388124444], [0.929585065167156, 0.30181299798193284, -0.21161408475650176]], "T": [0.07124634728620259, -0.11586912082894676, -0.005206162353552294], "aligned_model": [[0.0979592969821538, -0.350619951923939, -0.6078123839764831, -0.011685175900984848, -0.46211828142094435, -0.4221307831404727, 0.11369715263459342, 0.18561275862626425, 0.7757009395490916, 0.6478178094089999, 0.5832877742631847, 0.12992222338137532, 0.12925980995081085, 0.030786475409084496], [-0.5538733966810445, -0.006103774217165514, -0.38897014701503274, -0.8200841484334588, 0.43740512629939887, 0.11772744531038404, 0.5711874616442563, 0.37462549281412205, 0.3210192412213718, -0.2363449298401778, -0.32178032135635715, -0.5174605669714193, 0.41261494840677615, -0.05319883187955175], [-0.5012378149805927, -0.568085864630733, -0.1707807985887356, 0.09659231445515372, 0.016412387920005662, 0.628104483718526, -0.008018349070349104, -0.5682428354334698, -0.0075749254056283, -0.3901013734467944, 0.17345546680972163, 0.5958297331236382, 0.621270524938916, 0.01776360190097836]], "inverted": true, "swapped": false, "error_lsq": 0.04342076305178323, "error_max": 0.2751241862943283, "target": "418.xyz", "model": "20.xyz", "model_rescale": 4.121658175737393, "target_rescale": 4.2309241426545325},
{"mapping": [8, 7, 0, 10, 3, 6, 1, 12, 4, 5, 2, 11, 13], "R": [[0.5808170659176495, -0.7228915223634949, 0.37427180341805355], [-0.5107619101037344, -0.6816357629005442, -0.5239226640661561], [0.6338562984825488, 0.11313944329888864, -0.7651311385926076]], "T": [0.03052904835445435, -0.036494909866834346, 0.04696624011427737], "aligned_model": [[0.12864523022587707, -0.2998548207315521, 0.3111330761818738, 0.7205941235896948, 0.5160303914977566, -0.3681631317867839, -0.2699476050108716, 0.29098569208995984, -0.5487656623863942, -0.05810171781327001, -0.25588709778931684, 0.6237231860493057, 0.09069124054801558], [-0.6063116715688653, -0.0069486300701346315, 0.5861130390214807, -0.24547017170347027, 0.37440676767423403, -0.5640928873063129, 0.5043062880716589, -0.6299498180769227, 0.00013068301940435956, -0.1355894468432992, 0.46868974057320634, -0.13406288541436662, -0.0703941032134295], [0.5657101448140588, 0.7411198853885618, 0.5099958307615118, 0.25469890470719453, -0.029124429068918503, -0.025350780555686625, 0.23411926324190946, -0.27712417399767847, -0.07878823692419344, -0.6838083298839568, -0.41727894916016367, -0.47205326869345093, 0.04799387885260126]], "inverted": false, "swapped": true, "error_lsq": 0.04825361138237039, "error_max": 0.34365176902066574, "target": "418.xyz", "model": "21.xyz", "model_rescale": 4.08911054899281, "target_rescale": 4.2309241426545325},
{"mapping": [10, 5, 8, 6, 11, 1, 15, 9, 14, 12, 13, 0, 2, 16], "R": [[0.9503869340670752, -0.2756345358346322, 0.14418834283607015], [-0.13190434389706857, 0.06269940878876837, 0.9892775284007129], [-0.2817195762024165, -0.9592155059176046, 0.02323130628193561]], "T": [0.12118694784996441, -0.059352929590390076, 0.047104182417395814], "aligned_model": [[0.15428515629376024, -0.2427293000915925, -0.5598792278450699, -0.24003697240339283, -0.5011866356836567, -0.4380228475421932, 0.026246650072199826, 0.2384539597148409, 0.5737751115726194, 0.7283049038321172, 0.7138348838190461, 0.05577338616954354, 0.18725169340524211, 0.14360690252927014], [-0.5195031061402186, -0.07906481056106623, -0.18811218387807058, -0.7111943829530925, 0.36629028361837157, 0.10996301499533681, 0.6570304424411653, 0.15634098110158398, 0.3638324776868593, -0.1601208096268264, -0.3179320783807612, -0.5965330866551957, 0.3445276006711513, -0.08876074301713584], [-0.6149394210060567, -0.5569698694842772, 0.02888504908195866, 0.03353481742985509, -0.08469873040051945, 0.58433308792467, 0.1434796047445698, -0.6216799355019851, -0.1199306973916058, -0.36060052433873224, 0.1836150385083035, 0.6013946685195725, 0.6418896866486484, 0.07707377657623579]], "inverted": false, "swapped": false, "error_lsq": 0.0374025985383288, "error_max": 0.27358831808703693, "target": "418.xyz", "model": "22.xyz", "model_rescale": 4.204369325754507, "target_rescale": 4.2309241426545325},
{"mapping": [0, 8, 2, 1, 5, 10, 11, 7, 13, 4, 12, 3, 14, 15], "R": [[0.735967557390288, -0.11601264053315591, -0.6670028648405475], [-0.3839435128249872, -0.8829796439643836, -0.2700635616001152], [-0.5576191652271125, 0.45484944276216827, -0.6943866725322159]], "T": [0.13325235084364007, -0.041962038382170844, -0.0480442772230722], "aligned_model": [[0.11043795055369743, -0.20406488742509743, -0.7041640452137734, -0.09383932045312993, -0.5835782812332573, -0.2913056086078796, -0.08110483515969635, 0.38177910010921856, 0.5401150736313796, 0.6530943382664439, 0.5489765971891869, 0.10020407057842265, 0.36518411785988036, 0.09794339374733974], [-0.5536096360065758, -0.08127331803230399, -0.13597316065899667, -0.6523197704783603, 0.26199490041407913, 0.1109869395019422, 0.5879221981955005, 0.2837222850054595, 0.4724629316815958, -0.30735189576651567, -0.3117622553253642, -0.5045305543324513, 0.2067424128920241, -0.04024747778793203], [-0.5067059138796999, -0.7240205043161392, 0.16460795416778579, 0.05878378874029968, -0.33963760196271003, 0.5955869729327081, 0.22856021879879534, -0.620573512581729, 0.09741884646333393, -0.4884958186279181, 0.1854514532458714, 0.6663553127103428, 0.6477234379242399, -0.029668082304543913]], "inverted": true, "swapped": false, "error_lsq": 0.042669294778431156, "error_max": 0.2754579479289386, "target": "418.xyz", "model": "23.xyz", "model_rescale": 4.410303926677745, "target_rescale": 4.2309241426545325},
{"mapping": [3, 4, 5, 0, 15, 6, 14, 10, 11, 1, 7, 12, 13, 16], "R": [[-0.8220670890230595, -0.24314269717497472, 0.5148663224135286], [-0.499300376552254, -0.1268099249890035, -0.8570988139643297], [0.27368747709738267, -0.9616656756559224, -0.01715497436045288]], "T": [0.054427308952956666, 0.047613490186381544, -0.0519892849671186], "aligned_model": [[0.14548362653831648, -0.3542048710052104, -0.515782434264832, 0.12248953406557117, -0.48576510575340903, -0.3589897090459931, 0.06281576993309168, 0.2056094690896555, 0.5606852691128619, 0.7668787755638695, 0.582495155127101, -0.1553676043513401, 0.17592440891338396, 0.08740537991966758], [-0.6050239371826307, -0.21165162900736473, -0.19709144095549236, -0.6956591498099534, 0.5084646314283534, 0.17854352506566884, 0.6344722532072594, 0.19635842580724872, 0.4235689341217452, -0.3047191491143271, -0.20771401474478507, -0.46829728436132295, 0.12838581285584114, -0.04287337800813923], [-0.6643814142919594, -0.5415663600668815, 0.05088140494155575, 0.06333255698732648, 0.01958285727011675, 0.572383828607739, 0.28517004829035664, -0.6674588982374737, -0.10750386468144238, -0.3754239284079428, 0.2608734832634957, 0.5276640613019489, 0.635688626864375, -0.12385585053057696]], "inverted": true, "swapped": false, "error_lsq": 0.04090263931880183, "error_max": 0.2670172864750017, "target": "418.xyz", "model": "24.xyz", "model_rescale": 4.28219845311461, "target_rescale": 4.2309241426545325},
{"mapping": [3, 4, 0, 1, 2, 6, 14, 13, 12, 9, 5, 8, 10, 15], "R": [[0.0331082046118798, -0.6063897261209359, 0.7944780342101059], [0.37654215487842535, 0.7439089396282966, 0.552100982738317], [-0.925807675701001, 0.28087539870212846, 0.25296078355553553]], "T": [0.12731725835764657, -0.024483949150644772, -0.10870123133068049], "aligned_model": [[0.1677011390588058, -0.359368129356961, -0.66361368208177, -0.03282677388488453, -0.3960245533170909, -0.4566249744276821, 0.09425051717894811, 0.1428945846638216, 0.6283074800483919, 0.7253240217774715, 0.6022383988137822, 0.08823324259447167, 0.24444400557696627, 0.0547423871984639], [-0.702516860635948, -0.26324792298690397, -0.2001194642429233, -0.6293107269595302, 0.4152471309649138, 0.09062024859217932, 0.6327679545256811, 0.41308129121191994, 0.5502304028575178, -0.1828310051395775, -0.5954586180422146, -0.33348694462819906, 0.18076442605146717, -0.03897631226628186], [-0.48110673341423177, -0.5993922453188236, -0.013126206718095473, 0.0270038040552458, -0.14781580305691935, 0.5680259126444134, 0.2747973353371697, -0.5102114606755956, -0.164666502697124, -0.38107561456569183, 0.30809430456929443, 0.5117305904084581, 0.648833750297622, -0.10570457955508415]], "inverted": false, "swapped": false, "error_lsq": 0.04003017952023858, "error_max": 0.28313087129486914, "target": "418.xyz", "model": "25.xyz", "model_rescale": 4.100010024507729, "target_rescale": 4.2309241426545325},
{"mapping": [4, 7, 0, 9, 5, 11, 2, 10, 8, 12, 6, 13], "R": [[0.7482314038728262, -0.6525367120773702, -0.11977314243917725], [-0.14454928966013675, -0.3365422373410376, 0.9305078319628692], [-0.6474992425611401, -0.6789220587642917, -0.3461351889161314]], "T": [-0.07155551763403827, 0.037456507547804385, 0.04471233175126162], "aligned_model": [[-0.627891184594136, -0.010884191587505712, 0.47608716191956707, 0.6965232334152541, -0.5199361735424217, 0.17182932084819375, -0.4834050849910521, 0.5989373801471805, 0.1967937849021733, -0.08106497841304966, -0.516751675867703, -0.023471989873493436], [-0.1574945061436031, -0.71992935381946, -0.32456244530830436, -0.36617820011216595, 0.6257939147972903, 0.7933740716652058, 0.1897135498743402, 0.251397035516694, -0.244338347200121, 0.5518002413891774, -0.006820964293813986, 0.07337639368540023], [0.11698066762920367, -0.0759583525360325, 0.5445177474593601, -0.08749391935540016, 0.11194695649389172, 0.05622328422228023, 0.6446848832120379, -0.2154454138096175, -0.6275922698920081, -0.46560235692394686, -0.44761349325072064, 0.010544556605308557]], "inverted": false, "swapped": true, "error_lsq": 0.04721418319414144, "error_max": 0.2551753395180592, "target": "418.xyz", "model": "26.xyz", "model_rescale": 3.6694154284099745, "target_rescale": 4.2309241426545325},
{"mapping": [11, 12, 6, 2, 3, 1, 7, 9, 8, 10, 4, 0, 5, 13], "R": [[-0.5907175340413173, 0.7266613514054907, 0.3507364756475888], [0.5921836075178457, 0.6856907953568596, -0.4232572600086475], [-0.5480614654975258, -0.042325093460308716, -0.83536651626713]], "T": [0.1203966861204173, -0.00934421334547228, -0.00023087036156048315], "aligned_model": [[0.08463649735405347, -0.4066511498342642, -0.5324255256449807, -0.007377385933881556, -0.4599300848281562, -0.47096869161869015, -0.016384930198107203, 0.19754857962267475, 0.6833738812053765, 0.5891344433905459, 0.7713685968213494, 0.11554328285993441, 0.18129895342697938, 0.11051119721990095], [-0.5066925825976937, -0.21592183832497366, -0.21097961825860354, -0.6765354124015324, 0.4780106064210312, 0.059448097065164934, 0.5969237848143206, 0.31591883602068493, 0.2925733942757873, -0.2236884291468736, -0.42369608946557125, -0.367928402220992, 0.2850277657804694, -0.06569651265911679], [-0.698472431532723, -0.5563595216921364, 0.06577484996359888, -0.025908421180956917, -0.2804760110942832, 0.6518437125931801, 0.09905874925223894, -0.5944657309313507, 0.01588211981954664, -0.310444009919654, 0.2827508681359235, 0.5550412855209568, 0.7316260497147252, -0.0004649573384280332]], "inverted": false, "swapped": false, "error_lsq": 0.036259319286214155, "error_max": 0.20475164788455166, "target": "418.xyz", "model": "27.xyz", "model_rescale": 4.103607728864725, "target_rescale": 4.2309241426545325},
