[{"mapping": [9, 8, 3, 4, 5, 6, 10, 7, 1, 0, 11], "R": [[-0.043742378299182594, -0.7744435215651981, 0.6311290171164892], [-0.9676795162689076, -0.12420408270466093, -0.21947596595770327], [0.24836054061445506, -0.6203310227170558, -0.7439801503538299]], "T": [-0.03079568536518626, 0.022048219440167875, 0.027418483358828277], "aligned_model": [[-0.03655408464422785, -0.19042363620006972, -0.5744779874771736, -0.7773975672900202, 0.42800772509030893, 0.4802502326981495, 0.0887156489181218, 0.8651469948500745, 0.46466875821671016, -0.07638106409576442, -0.015480277595932044], [-0.2635351669325154, -0.5891797963542338, 0.06695626074013514, 0.23264662464724664, 0.6858058911187229, -0.4676690353155746, 0.4600225372328567, 0.23272765716332133, -0.09030951058416975, 0.40377643283967457, 0.07364267279000472], [-0.5090192061202192, 0.09084340520745766, -0.3926116786340165, 0.25232381538558935, 0.22135537095935331, -0.12802786584326178, -0.47820675720647116, -0.19507690570657024, 0.521150480669935, 0.5121833112313873, 0.07141514864718075]], "inverted": false, "swapped": false, "error_lsq": 0.046735175378364066, "error_max": 0.24494199962141638, "target": "419.xyz", "model": "0.xyz", "model_rescale": 3.751011558992144, "target_rescale": 3.93348033835841},
{"mapping": [6, 9, 7, 3, 8, 10, 1, 4, 5, 2, 14], "R": [[0.6487491526540166, 0.6156681140208154, -0.447300022701484], [0.34892859841360424, 0.2816997347044621, 0.8938087562093772], [0.6762938489590259, -0.7359334432171759, -0.032071747920849214]], "T": [-0.010323052230008095, 0.032886466043501025, 0.006445258766923981], "aligned_model": [[-0.03129821106561388, 0.031072666384643344, -0.4785005643921315, -0.6981583917443562, 0.4567941205931798, 0.5906855559631469, 0.033142859560325394, 0.7003548760286212, 0.2383114513981799, -0.14602223896290176, -0.04030738129291561], [-0.13925454560018963, -0.54011365396312, 0.11781530819271964, 0.24771103346342666, 0.4492791491466694, -0.5138360197196433, 0.5068909040024304, 0.17785084683723806, -0.06524254829294175, 0.5165005915975996, -0.012716498318720612], [-0.7240704906130937, 0.3291632134689648, -0.4553706490081571, 0.2597017304725811, 0.22743605597732702, -0.10462645035630971, -0.502589176947705, -0.3089848927673248, 0.5709252204542662, 0.6632871044746136, 0.011457453435201912]], "inverted": true, "swapped": false, "error_lsq": 0.044305292649454445, "error_max": 0.22267883843246905, "target": "419.xyz", "model": "1.xyz", "model_rescale": 3.9405287249114394, "target_rescale": 3.93348033835841},
{"mapping": [4, 2, 8, 9, 6, 1, 3, 7, 0, 11, 12], "R": [[-0.5160350179233908, -0.8320359656606594, -0.20352889751565986], [-0.15485655910758506, 0.32431535517404564, -0.9331875462626427], [0.8424531478831121, -0.4500396674132925, -0.29620430681603604]], "T": [0.04570096121349812, 0.08558334714019977, 0.01703965382706719], "aligned_model": [[0.03943163159094064, -0.11600534537711801, -0.5914713586901515, -0.7353570723487064, 0.42043624098141086, 0.5295489173638513, 0.08242957859332568, 0.6727284102136984, 0.500843299393213, -0.16536348396049447, 0.018853924710207415], [-0.1748177744310857, -0.5213234403309263, 0.08097526484755019, 0.25110380181407255, 0.4090309627265555, -0.5332189712414803, 0.48961231599585353, 0.3290868637156844, -0.11245019100659881, 0.5251044954640574, 0.0017812397917860434], [-0.6339961925541521, 0.2810185341412125, -0.42418587856645584, 0.13076051551284645, 0.24134035257361358, -0.08396122959901801, -0.3857149607457452, -0.4030228043524456, 0.692730528444478, 0.5365463902575535, 0.014813863478477147]], "inverted": true, "swapped": false, "error_lsq": 0.04741498353983979, "error_max": 0.25139824461963073, "target": "419.xyz", "model": "2.xyz", "model_rescale": 3.932901565614263, "target_rescale": 3.93348033835841},
{"mapping": [6, 0, 5, 7, 11, 1, 12, 10, 3, 8, 13], "R": [[-0.8595464278624355, -0.4920588491710265, 0.1380508142004673], [-0.06222089880945694, -0.16735938631555325, -0.9839305847281223], [0.5072558507304478, -0.8543236651085854, 0.11323681881421493]], "T": [3.7690487583397214e-05, 0.0031390149738433765, 0.05573472531151686], "aligned_model": [[0.028090729886344402, -0.053675177326378956, -0.47583726251898795, -0.6725291435895546, 0.6773214880378893, 0.5641232682410348, 0.01227827965966552, 0.5275260431447604, 0.0874143899102646, -0.03617881766937175, -0.0024590553054885597], [-0.12397202513258888, -0.6214259570210932, 0.1732583502997737, 0.08877199975482705, 0.5241552771699101, -0.47355507618002457, 0.4632538358304442, 0.22252550135164761, -0.07861750358418734, 0.5175029754233783, 0.0529871894333818], [-0.6148978649682211, 0.2923437968433811, -0.4555402755480245, 0.2794832291368998, 0.31561433295802693, -0.002047844220272675, -0.5535881199555496, -0.37643543528156664, 0.5520880895113455, 0.5781376409422543, -0.04882843082790863]], "inverted": true, "swapped": false, "error_lsq": 0.04615195183697088, "error_max": 0.24989889848027286, "target": "419.xyz", "model": "3.xyz", "model_rescale": 3.9243930471874484, "target_rescale": 3.93348033835841},
{"mapping": [4, 1, 8, 9, 6, 0, 10, 3, 5, 11, 12], "R": [[0.21656185532165062, -0.9760647102958437, -0.019966074595063832], [-0.07627337168558151, -0.03730477750473926, 0.9963888429458829], [-0.9732848173023958, -0.21425693662146172, -0.08252653826636203]], "T": [-0.0004482153740895528, 0.055892317853571, -0.08072655701522989], "aligned_model": [[0.04740336672481517, -0.1386107873467875, -0.537092143159353, -0.6251486862030561, 0.5238450540204491, 0.5849799136263633, -0.05419442537947431, 0.6179892975384239, 0.3743015447039672, -0.19920187943790835, 0.061803487382737936], [-0.075501850612662, -0.5696858328018942, 0.09521898043971729, 0.1074819486975875, 0.4451055041476281, -0.5346829951689258, 0.6764108784580709, 0.11534074581379451, -0.13936113529811306, 0.6275880211048186, -0.003029697434553315], [-0.6576260872835213, 0.23506353325180473, -0.4075339579370387, 0.2429634544344909, 0.22773118404361276, 0.09764681202847318, -0.4111744052065731, -0.33948184179279167, 0.5478128658761788, 0.4289744193354008, 0.001953141840328146]], "inverted": false, "swapped": false, "error_lsq": 0.03934823844074791, "error_max": 0.18881808406916922, "target": "419.xyz", "model": "4.xyz", "model_rescale": 3.8936222436046832, "target_rescale": 3.93348033835841},
{"mapping": [2, 8, 0, 9, 5, 10, 1, 4, 7, 6, 11], "R": [[-0.5797498789088331, 0.8054592402963073, 0.12298573139388576], [-0.750789073242535, -0.5867291377574446, 0.3034216314075536], [0.3165530688601976, 0.083572310771579, 0.9448861431238633]], "T": [0.008920027122518777, -0.04181377812664394, 0.034620886757989834], "aligned_model": [[0.19332070241287175, -0.28579762246972573, -0.6009548092108057, -0.5740732445465053, 0.4999188051290771, 0.4144825143908961, -0.15062510162001638, 0.7099967862517815, 0.37124342564243473, -0.03536242114021058, 0.11392570763037987], [-0.131139269559368, -0.6041035771888912, 0.050582651137968476, 0.06786747674240798, 0.587662236343063, -0.5179715587320128, 0.6457313464646812, 0.12184947043823977, -0.10724075826109472, 0.5412928244286321, 0.09035372553184245], [-0.6831366018528129, 0.41255542503172904, -0.5995982337702163, 0.20818589285154301, 0.1755144786997914, -0.056264955784846714, -0.3460834876669379, -0.3005362671039705, 0.5677143049723958, 0.5755778008833363, 0.01240076233035315]], "inverted": false, "swapped": false, "error_lsq": 0.051093922991516626, "error_max": 0.26864775381892964, "target": "419.xyz", "model": "5.xyz", "model_rescale": 3.6523030999806103, "target_rescale": 3.93348033835841},
{"mapping": [1, 6, 2, 10, 7, 8, 3, 5, 9, 11, 12], "R": [[0.4120600011463752, 0.9042115280606975, 0.11228565347981101], [-0.9098818056375397, 0.4018301163483934, 0.10318748647586753], [0.048183557621038875, -0.14468610893093906, 0.9883037360333132]], "T": [0.053823902241015534, 0.04741305909930444, -0.02971211310302821], "aligned_model": [[0.021046137348691082, -0.20807922350667324, -0.572434583386332, -0.5096715898720323, 0.4498928756093311, 0.43942262918243835, 0.06697714422885037, 0.6935426911321261, 0.22734472710150166, -0.0741987744660854, 0.12223270909836165], [-0.1542917301548095, -0.5473319807257555, 0.04835664249744573, -0.14974715328838717, 0.5858463592035463, -0.4797567366261974, 0.6314088932309635, -0.015034567704950569, -0.017357650539038323, 0.7286679342339153, 0.11412455721873632], [-0.6935009817307416, -0.047306214364184904, -0.4586772084653785, 0.472556463145285, 0.11184003054378461, 0.1349351793811713, -0.4057660465887146, -0.25502011347796305, 0.6691141555026416, 0.5125710163552408, -0.07441716171077646]], "inverted": true, "swapped": false, "error_lsq": 0.05993039784657958, "error_max": 0.3754692625892156, "target": "419.xyz", "model": "6.xyz", "model_rescale": 4.08911054899281, "target_rescale": 3.93348033835841},
{"mapping": [11, 2, 9, 3, 5, 13, 10, 12, 7, 4, 14], "R": [[-0.5058257569182262, -0.7950002685716464, -0.3348355963889052], [0.8438601042050091, -0.5365626071882491, -0.0008325253510600428], [-0.1789984027001778, -0.2829755140261414, 0.9422761963948927]], "T": [-0.017364584619384296, 0.04169119174042191, -0.0038628386480147785], "aligned_model": [[0.09914992352319359, -0.01391238110249364, -0.6527079672610671, -0.7230127634161817, 0.4519328969875094, 0.4792878129645556, 0.23233645143365794, 0.6419796500507455, 0.4477642365343942, -0.18682895558201462, -0.11991416166212178], [0.00906592464183608, -0.6721171846479708, -0.02021899494718587, 0.20001701248015352, 0.538372784890885, -0.46716284196693814, 0.5925624400351908, 0.11112503307867885, -0.16648440392220798, 0.6147616860418152, 0.0049631116612117165], [-0.5782242442944908, 0.37111079693174087, -0.4589048398144129, 0.31776585800952356, 0.33313641708747405, -0.1779274551141321, -0.39560913269326003, -0.26548477942415016, 0.578895314997266, 0.36993058724073963, -0.12835940433593365]], "inverted": true, "swapped": false, "error_lsq": 0.05158983941787094, "error_max": 0.268617343914038, "target": "419.xyz", "model": "7.xyz", "model_rescale": 3.964800864290218, "target_rescale": 3.93348033835841},
{"mapping": [3, 10, 6, 11, 7, 5, 2, 1, 8, 12, 13], "R": [[0.3314986699196772, -0.9095684079162601, -0.2505871967243442], [0.7973904086450957, 0.41207395523495555, -0.4408668638237937], [0.504259028716683, -0.05366904822800683, 0.8618830925479439]], "T": [0.012799531780210004, 0.12653599446391456, -0.09781191131559708], "aligned_model": [[-0.04434419194644822, -0.1683794315672996, -0.4812052871951223, -0.7401757014642832, 0.46371665812561463, 0.4143583701339959, 0.08709108290492246, 0.7336815323841263, 0.4647584096873746, -0.11593623982713083, 0.04250954123442739], [-0.3393228829764519, -0.6035521403266715, 0.06899024800328178, 0.09968729779548349, 0.5879837019733118, -0.5994470504365215, 0.7182586700304108, 0.275215530493659, -0.10003891493287737, 0.5535509600038131, 0.08355914771803087], [-0.6506887482793642, 0.23276260628301748, -0.3963978270450175, 0.2477901287554764, 0.20317467204724504, 0.005965932299647814, -0.3858288698545056, -0.2439058124328923, 0.48137248464134963, 0.5119095477148288, -0.039824995539421065]], "inverted": false, "swapped": false, "error_lsq": 0.03633801680654924, "error_max": 0.1824412218261076, "target": "419.xyz", "model": "8.xyz", "model_rescale": 4.121658175737393, "target_rescale": 3.93348033835841},
{"mapping": [5, 0, 10, 3, 6, 4, 7, 9, 1, 8, 12], "R": [[0.18971255653681976, 0.975277579921159, -0.1133260252342381], [-0.8888981878131539, 0.12158787397299915, -0.4416745414954516], [-0.4169762074684301, 0.18452650488711175, 0.8899892198220108]], "T": [-0.025103337428544523, 0.16278872324170357, 0.013009672574022729], "aligned_model": [[0.002392496265858031, -0.15587172225630075, -0.6173005268800194, -0.7675777347699123, 0.5376535408145479, 0.5875490097462015, 0.07366099865171975, 0.730217569584154, 0.24995020800165774, 0.0013785868778964754, 0.014022316434374044], [-0.1618819320189172, -0.6053120527372128, -0.10030217457653245, 0.0800987093358408, 0.4331610951144852, -0.4778113662635647, 0.6484311135619565, 0.26513392198829416, -0.23554457045391564, 0.7879446045386613, 0.110967218856373], [-0.511919704597674, 0.12138434947044839, -0.3826751753622274, 0.26713193126625756, 0.31365153029172066, -0.03614868933767547, -0.4448199736437173, -0.3219613780527179, 0.5035276131158605, 0.3858798503734167, 0.0722787650666725]], "inverted": true, "swapped": false, "error_lsq": 0.045012925269149566, "error_max": 0.2770543602489136, "target": "419.xyz", "model": "9.xyz", "model_rescale": 3.833441315466971, "target_rescale": 3.93348033835841},
{"mapping": [2, 13, 8, 10, 6, 5, 7, 4, 1, 12, 14], "R": [[-0.6824136566215458, -0.0514397745132007, -0.7291539966663024], [0.5415507491864516, 0.6344047786139105, -0.5515916632142188], [0.4909525306096344, -0.7712875770229068, -0.40506923632649505]], "T": [0.030537175502568358, 0.1512053977378548, -0.01179211634537786], "aligned_model": [[0.05140377045394724, -0.12443804524017184, -0.6606253705761935, -0.734374902648234, 0.5674618011464367, 0.4087178283121861, -0.03252228048496608, 0.8048407791752985, 0.35233999373890756, -0.009182765461943621, 0.032453934054910455], [-0.3612579061872997, -0.6308843681827444, 0.10131619294790017, 0.0776209684434605, 0.4910241757795515, -0.4084647673144963, 0.6405161968963488, 0.15896836861236274, 0.009423906894236778, 0.5181177104159407, 0.14850408904020768], [-0.5153754781365362, -0.01398766016320863, -0.3686741199825597, 0.2801821770167418, 0.2279258690298449, 0.022615755686702006, -0.45957825237378175, -0.20233409521844445, 0.6377845827003437, 0.46446174285763914, -0.10669140282637606]], "inverted": false, "swapped": false, "error_lsq": 0.03822285092230496, "error_max": 0.2203843622908707, "target": "419.xyz", "model": "10.xyz", "model_rescale": 4.2482417240324, "target_rescale": 3.93348033835841},
{"mapping": [0, 6, 1, 2, 9, 4, 8, 10, 5, 7, 11], "R": [[0.47559646704793124, -0.6793902958269107, 0.5587815552322296], [-0.6328392462777326, 0.1769637464941538, 0.753789307961704], [-0.6110012184129893, -0.7121184300121546, -0.3457815101113226]], "T": [-0.05256233286332314, 0.11462493253713547, -0.017637583691478876], "aligned_model": [[0.07761824156561088, -0.16191231764530822, -0.5300311965990212, -0.7189642267276122, 0.68339750147967, 0.5736677946771537, -0.040163333337088006, 0.45407646911222654, 0.20980716688427586, 0.04459013318210174, 0.06398850987816829], [-0.2564695288159874, -0.5030794264152783, 0.09257658753508868, 0.014910055792466917, 0.43161749198601196, -0.4654019287836557, 0.6293491015245738, 0.2531391349658607, -0.13560666184736786, 0.5853115653647727, 0.0985381760389831], [-0.6650797778124988, 0.14657582593862323, -0.5379105009222472, 0.28850412466359315, 0.1752088361010353, 0.1753501043594324, -0.35194750521005064, -0.3906433511975677, 0.6401865304116103, 0.45940721369554377, 0.026677618562890828]], "inverted": true, "swapped": false, "error_lsq": 0.050364555750354166, "error_max": 0.3158138325786708, "target": "419.xyz", "model": "11.xyz", "model_rescale": 3.6694154284099745, "target_rescale": 3.93348033835841},
{"mapping": [0, 11, 5, 7, 2, 4, 12, 1, 8, 10, 13], "R": [[0.43791935157559264, 0.6362117271345901, -0.6351860198178441], [-0.8482978342777251, 0.5263749547222079, -0.05762110204530224], [0.2976867915701569, 0.5640603206197151, 0.7702068091279447]], "T": [-0.006121684776610722, 0.016265113364107707, 0.03202016443334343], "aligned_model": [[0.11127761379972985, -0.07054365088353436, -0.6075160709943304, -0.7043777831882899, 0.4847565515558917, 0.4551304748137304, -0.02212197272630488, 0.7309010620100724, 0.385607848361842, -0.16029343746708247, 0.0532541071884528], [-0.13741900384640965, -0.5986911451743337, 0.11805263287049786, 0.17914799205190501, 0.40149672969362227, -0.5328814721427477, 0.6264719311586857, 0.2189503505789926, -0.053817529169318985, 0.5311005160313118, -0.007526434706736813], [-0.6559743567922732, 0.43539004342084825, -0.49002857426375424, 0.2271429650764764, 0.22424069473007985, -0.1506355845856803, -0.2665767722037067, -0.33155879457792903, 0.6756304870616802, 0.3707004947468828, -0.07200148402225973]], "inverted": false, "swapped": false, "error_lsq": 0.04364391831504025, "error_max": 0.2391692092506271, "target": "419.xyz", "model": "12.xyz", "model_rescale": 3.9764082729961374, "target_rescale": 3.93348033835841},
{"mapping": [13, 10, 14, 3, 0, 1, 4, 9, 2, 7, 15], "R": [[-0.28061823802596064, 0.6591144112523385, 0.6977260188402671], [-0.18472602899361787, -0.7504319304106842, 0.634608707813203], [0.9418756280419694, 0.04919462063658392, 0.3323404739133774]], "T": [0.08240422112595366, 0.025627843590150926, -0.15606649503836062], "aligned_model": [[-0.12404158007629518, 0.02954074822821043, -0.6560330425132377, -0.6466119059103128, 0.5315580905724108, 0.4403377231173745, 0.06395825501737093, 0.6803324488112003, 0.3403130731129632, -0.013739914070493658, 0.01046084618098668], [-0.2807051673192301, -0.750300321598145, 0.012420037173082224, 0.1643064608722833, 0.4925213733166711, -0.39214058447515127, 0.7414889303642089, 0.08523715899456237, 0.021373720207503902, 0.546027574429524, 0.10465538538015914], [-0.6439402120800286, 0.04712758622135413, -0.4615890000912322, 0.24110749069505738, 0.17162111071298186, 0.16122789023342377, -0.21144133188880698, -0.17674717616397892, 0.5987344326287345, 0.383353679160404, -0.14312535083754468]], "inverted": true, "swapped": false, "error_lsq": 0.04925619315376331, "error_max": 0.2576271114751995, "target": "419.xyz", "model": "13.xyz", "model_rescale": 4.170626492500431, "target_rescale": 3.93348033835841},
{"mapping": [11, 12, 9, 7, 2, 5, 3, 6, 4, 0, 13], "R": [[0.5483966432696923, -0.6657386357327224, 0.5060169864177162], [0.25501137521471556, 0.7094439051678545, 0.6570072632256692], [-0.7963857860118004, -0.2312604901683763, 0.5588275812139636]], "T": [-0.03363292905154995, 0.12697439263085666, 0.08089234648513781], "aligned_model": [[0.05074859388531301, 0.019440645277032556, -0.5770515103424142, -0.7572776790787469, 0.40175855038317376, 0.5142502473367049, 0.15026303675224834, 0.7029107789089154, 0.3530132542572227, -0.21901367501560587, 0.01703250010633367], [-0.1540729150429259, -0.5925810268368067, 0.09058960323616402, 0.19842681601674897, 0.5670485824604885, -0.5372129572355794, 0.5505546798413736, 0.05900529186423083, -0.09367872728712329, 0.5802902594112117, 0.07651496091768617], [-0.5621876023294085, 0.20389362781535902, -0.5188399530222395, 0.439588080832741, 0.30382985862201417, -0.2121929954621244, -0.43119711686831524, -0.3195734256289244, 0.6330517982707982, 0.4214758318141654, 0.008481014546298557]], "inverted": true, "swapped": false, "error_lsq": 0.04115638945901774, "error_max": 0.20274667791087414, "target": "419.xyz", "model": "14.xyz", "model_rescale": 3.9786697098870705, "target_rescale": 3.93348033835841},
{"mapping": [0, 9, 1, 6, 5, 3, 4, 2, 8, 7, 11], "R": [[0.9211071928911929, 0.2233183165333345, -0.31888943021809985], [-0.23153990460666835, 0.9727461866797436, 0.012414865071854436], [0.3129709439849678, 0.0624002067363149, 0.9477106111152409]], "T": [-0.026219918534665085, 0.14313621892955009, 0.0022373033045051524], "aligned_model": [[0.0455431414802714, -0.11745220079663757, -0.580906293142479, -0.7353103073974824, 0.5404179768885471, 0.48159729489400105, 0.19272792531901556, 0.7685221514975257, 0.39864796594366314, -0.2352167716407757, -0.10249614057547252], [-0.2483103628844196, -0.4355716661884409, 0.23976851881678268, -0.09135735354418262, 0.6437766434053956, -0.6228915158796713, 0.5610813404780348, 0.0675503327584625, 0.07742926185638307, 0.46995226344373364, 0.0834571050833906], [-0.5682232324753111, 0.21244701389076284, -0.37678422106487136, 0.26597822863616644, 0.2723118274287652, 0.023972517848079647, -0.388017033169536, -0.3391118320389331, 0.29786883503461264, 0.5373892385813407, 0.028497775919288523]], "inverted": false, "swapped": false, "error_lsq": 0.05786138141921338, "error_max": 0.3133846970050685, "target": "419.xyz", "model": "15.xyz", "model_rescale": 3.769337070930944, "target_rescale": 3.93348033835841},
{"mapping": [6, 7, 8, 9, 0, 5, 2, 4, 1, 3, 10], "R": [[-0.21247813200646015, 0.28849629050230374, 0.9336074837882651], [0.6463793840070923, -0.675033168870141, 0.35570200007274017], [0.732834725807707, 0.6790435268018877, -0.04304826777928139]], "T": [0.05506154891226439, 0.018320552544224093, 0.02958105344519191], "aligned_model": [[0.10009773142325841, -0.07220828750394825, -0.5594031210289068, -0.6703027152957752, 0.5423258672521769, 0.5496942544714603, -0.009276798340498549, 0.6707124934941935, 0.27655261036494366, -0.23330594306452235, 0.06118865069779569], [-0.10039064658186578, -0.6617946319196896, 0.07295004226462681, 0.18732314595995855, 0.4048157953823466, -0.4344076085449373, 0.6534185979103043, 0.1201056754621567, -0.17567772777374457, 0.60109512764353, 0.07744679754278255], [-0.6883230647811438, 0.2095316760710262, -0.3957923119570248, 0.35525649086866884, 0.204695375983622, 0.008926265468018252, -0.34329547849328196, -0.43801516951372327, 0.774184856370376, 0.2676176533737229, 0.011542825200103805]], "inverted": true, "swapped": false, "error_lsq": 0.047483843871750774, "error_max": 0.26233994489680185, "target": "419.xyz", "model": "16.xyz", "model_rescale": 3.7852294659196426, "target_rescale": 3.93348033835841},
{"mapping": [8, 9, 11, 6, 1, 0, 2, 3, 4, 5, 12], "R": [[-0.21110456833049474, -0.8331129466032956, -0.5112315321182466], [-0.392760717046831, -0.40664034524233716, 0.8248531073870377], [-0.8950831695294323, 0.37492192230272037, -0.24137040374076163]], "T": [0.043596964789874154, 0.09435708179346021, -0.0002013520673669225], "aligned_model": [[0.05772666284378691, -0.19515089001865346, -0.551841130463762, -0.7179064921854575, 0.40915694740329234, 0.482729902320999, 0.0646064904324734, 0.7791454568331713, 0.3432692074528615, 0.004465507906343147, -0.020126920054877442], [-0.26425491017670105, -0.716349224592495, 0.06522250321697916, 0.24522719455094527, 0.6648363669852229, -0.4140484617434825, 0.5146101354858967, 0.16509383202506772, 0.002477297231347278, 0.4539297851154475, 0.028140049247240437], [-0.5437118874763576, -0.18190587078445636, -0.4274445211001392, 0.4296171328691787, 0.12297915988903911, 0.11993699407953348, -0.4440853366001769, -0.294242334214514, 0.6350476835523258, 0.5487842676607577, 0.0013538307151737422]], "inverted": false, "swapped": false, "error_lsq": 0.05521584389892537, "error_max": 0.4029275768221202, "target": "419.xyz", "model": "17.xyz", "model_rescale": 3.901054581598922, "target_rescale": 3.93348033835841},
{"mapping": [6, 9, 7, 3, 8, 10, 1, 4, 5, 2, 14], "R": [[0.6487491526540166, 0.6156681140208154, -0.447300022701484], [0.34892859841360424, 0.2816997347044621, 0.8938087562093772], [0.6762938489590259, -0.7359334432171759, -0.032071747920849214]], "T": [-0.010323052230008095, 0.032886466043501025, 0.006445258766923981], "aligned_model": [[-0.03129821106561388, 0.031072666384643344, -0.4785005643921315, -0.6981583917443562, 0.4567941205931798, 0.5906855559631469, 0.033142859560325394, 0.7003548760286212, 0.2383114513981799, -0.14602223896290176, -0.04030738129291561], [-0.13925454560018963, -0.54011365396312, 0.11781530819271964, 0.24771103346342666, 0.4492791491466694, -0.5138360197196433, 0.5068909040024304, 0.17785084683723806, -0.06524254829294175, 0.5165005915975996, -0.012716498318720612], [-0.7240704906130937, 0.3291632134689648, -0.4553706490081571, 0.2597017304725811, 0.22743605597732702, -0.10462645035630971, -0.502589176947705, -0.3089848927673248, 0.5709252204542662, 0.6632871044746136, 0.011457453435201912]], "inverted": true, "swapped": false, "error_lsq": 0.044305292649454445, "error_max": 0.22267883843246905, "target": "419.xyz", "model": "18.xyz", "model_rescale": 3.9405287249114394, "target_rescale": 3.93348033835841},
{"mapping": [1, 5, 0, 7, 14, 2, 12, 3, 11, 13, 15], "R": [[-0.7397333066105156, 0.49122628579525784, -0.4598819100974387], [0.5355815694765407, 0.016072397114410997, -0.8443305398290661], [-0.40736595037891726, -0.8708836972838523, -0.2749810325769564]], "T": [-0.05503617513207086, 0.10676369912500566, -0.013220145806469377], "aligned_model": [[0.12951066667264455, -0.13011799566403043, -0.4733921790231544, -0.6834969741459856, 0.5349107752073884, 0.397259750229948, 0.05240106668065904, 0.6489481151030441, 0.2562758163859292, -0.04910271933267972, -0.0271215796435861], [-0.0837118839665437, -0.661665521462232, -0.054512643303907066, 0.17802676280483226, 0.5356260684691274, -0.6314169201533513, 0.5706367418885934, 0.28210805831996394, -0.011300698786532226, 0.5426336499219653, 0.07846095361355233], [-0.6175221724498343, 0.29523065405011195, -0.5344134432854248, 0.29594671658194954, 0.2471231391499575, -0.0896600060613333, -0.28417789431777607, -0.45941412792034336, 0.6258094652309996, 0.49796673339378916, -0.010559945781731537]], "inverted": true, "swapped": false, "error_lsq": 0.04426321917889902, "error_max": 0.22280900488461514, "target": "419.xyz", "model": "19.xyz", "model_rescale": 4.410303926677745, "target_rescale": 3.93348033835841},
{"mapping": [3, 10, 6, 11, 7, 5, 2, 1, 8, 12, 13], "R": [[0.3314986699196772, -0.9095684079162601, -0.2505871967243442], [0.7973904086450957, 0.41207395523495555, -0.4408668638237937], [0.504259028716683, -0.05366904822800683, 0.8618830925479439]], "T": [0.012799531780210004, 0.12653599446391456, -0.09781191131559708], "aligned_model": [[-0.04434419194644822, -0.1683794315672996, -0.4812052871951223, -0.7401757014642832, 0.46371665812561463, 0.4143583701339959, 0.08709108290492246, 0.7336815323841263, 0.4647584096873746, -0.11593623982713083, 0.04250954123442739], [-0.3393228829764519, -0.6035521403266715, 0.06899024800328178, 0.09968729779548349, 0.5879837019733118, -0.5994470504365215, 0.7182586700304108, 0.275215530493659, -0.10003891493287737, 0.5535509600038131, 0.08355914771803087], [-0.6506887482793642, 0.23276260628301748, -0.3963978270450175, 0.2477901287554764, 0.20317467204724504, 0.005965932299647814, -0.3858288698545056, -0.2439058124328923, 0.48137248464134963, 0.5119095477148288, -0.039824995539421065]], "inverted": false, "swapped": false, "error_lsq": 0.03633801680654924, "error_max": 0.1824412218261076, "target": "419.xyz", "model": "20.xyz", "model_rescale": 4.121658175737393, "target_rescale": 3.93348033835841},
{"mapping": [1, 6, 2, 10, 7, 8, 3, 5, 9, 11, 12], "R": [[0.4120600011463752, 0.9042115280606975, 0.11228565347981101], [-0.9098818056375397, 0.4018301163483934, 0.10318748647586753], [0.048183557621038875, -0.14468610893093906, 0.9883037360333132]], "T": [0.053823902241015534, 0.04741305909930444, -0.02971211310302821], "aligned_model": [[0.021046137348691082, -0.20807922350667324, -0.572434583386332, -0.5096715898720323, 0.4498928756093311, 0.43942262918243835, 0.06697714422885037, 0.6935426911321261, 0.22734472710150166, -0.0741987744660854, 0.12223270909836165], [-0.1542917301548095, -0.5473319807257555, 0.04835664249744573, -0.14974715328838717, 0.5858463592035463, -0.4797567366261974, 0.6314088932309635, -0.015034567704950569, -0.017357650539038323, 0.7286679342339153, 0.11412455721873632], [-0.6935009817307416, -0.047306214364184904, -0.4586772084653785, 0.472556463145285, 0.11184003054378461, 0.1349351793811713, -0.4057660465887146, -0.25502011347796305, 0.6691141555026416, 0.5125710163552408, -0.07441716171077646]], "inverted": true, "swapped": false, "error_lsq": 0.05993039784657958, "error_max": 0.3754692625892156, "target": "419.xyz", "model": "21.xyz", "model_rescale": 4.08911054899281, "target_rescale": 3.93348033835841},
{"mapping": [2, 11, 14, 9, 6, 1, 13, 0, 8, 10, 16], "R": [[0.5252996220153883, 0.5578714703692528, 0.6425260536807348], [-0.7454271710810864, -0.06245666831009216, 0.6636546520575685], [0.41036403317608067, -0.8275739164157189, 0.38304408772856613]], "T": [-0.015422595672982764, 0.09786881229638286, -0.0632648868847976], "aligned_model": [[0.11019329338443157, -0.08677011443076973, -0.5797892615696972, -0.6433689575264022, 0.52573678274692, 0.48672636665276015, -0.028365984440850242, 0.7066216292325553, 0.34821461693300554, -0.1955872707477227, 0.012463642235947002], [-0.3357894938678241, -0.5548068469264896, 0.09727183325619046, 0.19655399557963474, 0.3761169044926327, -0.5155958234212138, 0.6060420377109375, 0.30415196473227424, -0.20584191091843287, 0.6520286105179762, 0.12475329618978334], [-0.6266607967779729, 0.3302030859967874, -0.3687358281995412, 0.25843716905815706, 0.36718680017044036, -0.1020713505873248, -0.4855472659716006, -0.25347213301634236, 0.44298583387770574, 0.49493133050220073, -0.09092772646214477]], "inverted": true, "swapped": false, "error_lsq": 0.04324983036268712, "error_max": 0.20010806147788493, "target": "419.xyz", "model": "22.xyz", "model_rescale": 4.204369325754507, "target_rescale": 3.93348033835841},
{"mapping": [1, 5, 0, 7, 14, 2, 12, 3, 11, 13, 15], "R": [[-0.7397333066105156, 0.49122628579525784, -0.4598819100974387], [0.5355815694765407, 0.016072397114410997, -0.8443305398290661], [-0.40736595037891726, -0.8708836972838523, -0.2749810325769564]], "T": [-0.05503617513207086, 0.10676369912500566, -0.013220145806469377], "aligned_model": [[0.12951066667264455, -0.13011799566403043, -0.4733921790231544, -0.6834969741459856, 0.5349107752073884, 0.397259750229948, 0.05240106668065904, 0.6489481151030441, 0.2562758163859292, -0.04910271933267972, -0.0271215796435861], [-0.0837118839665437, -0.661665521462232, -0.054512643303907066, 0.17802676280483226, 0.5356260684691274, -0.6314169201533513, 0.5706367418885934, 0.28210805831996394, -0.011300698786532226, 0.5426336499219653, 0.07846095361355233], [-0.6175221724498343, 0.29523065405011195, -0.5344134432854248, 0.29594671658194954, 0.2471231391499575, -0.0896600060613333, -0.28417789431777607, -0.45941412792034336, 0.6258094652309996, 0.49796673339378916, -0.010559945781731537]], "inverted": true, "swapped": false, "error_lsq": 0.04426321917889902, "error_max": 0.22280900488461514, "target": "419.xyz", "model": "23.xyz", "model_rescale": 4.410303926677745, "target_rescale": 3.93348033835841},
{"mapping": [0, 1, 2, 10, 14, 7, 5, 13, 11, 9, 16], "R": [[0.11294189518425671, 0.9831357054233443, 0.1438343249503818], [-0.4427462177232375, -0.07979800187851319, 0.893089058038427], [0.889505432813064, -0.16454927413373913, 0.4262670775207765]], "T": [0.0584330542784964, 0.19193894973247733, -0.002534090048798675], "aligned_model": [[-0.04447784421752044, -0.1616949072891062, -0.5328762653763199, -0.4217061317298018, 0.5483791820663827, 0.4037754874187871, -0.06872709494176993, 0.7449452817695799, 0.25247535940315, -0.03751314138701762, -0.02650518324618644], [-0.2556772896359472, -0.6163661450521003, 0.037014277364761206, 0.1071574164108918, 0.5185618587148053, -0.3710447625184818, 0.5481400497962706, 0.17374187807365868, -0.037383854917837495, 0.5292490565786379, 0.1114920825308101], [-0.6020629553343491, 0.1832666199921602, -0.6802106984391827, 0.42881542014281465, 0.33126264032496316, -0.07815710437096798, -0.5050807109622775, -0.15272214522434155, 0.5546733414342957, 0.5165383547844161, -0.02999364375716665]], "inverted": false, "swapped": false, "error_lsq": 0.04379564111178177, "error_max": 0.33427492685789195, "target": "419.xyz", "model": "24.xyz", "model_rescale": 4.28219845311461, "target_rescale": 3.93348033835841},
{"mapping": [1, 0, 8, 6, 13, 4, 11, 7, 2, 14, 15], "R": [[-0.9575196027803486, 0.2851979783611461, 0.04264180378547386], [-0.05277642371780828, -0.027941137638704816, -0.9982153785266051], [-0.28349754741606137, -0.9580612746407039, 0.04180591636249392]], "T": [0.13201922771124, 0.18282662589268073, -0.14891033030788717], "aligned_model": [[-0.10347003075088634, -0.11838304735123653, -0.5196236284494745, -0.6147410535288854, 0.5817304381689813, 0.4986896005857093, -0.048699028441108516, 0.8963008723805277, 0.13577742013973065, -0.16639468315731434, 0.11488788287413385], [-0.27096326217442585, -0.5161330512444781, 0.10078381825710746, -0.06016010791579454, 0.3689653516557177, -0.4408222877859068, 0.6805307408856944, 0.10940775150573233, 0.027686492882420616, 0.6271583180294946, 0.11843080324990667], [-0.5342633444179004, 0.1891846894952163, -0.37380279940990657, 0.2932476329996617, 0.1917194671217425, -0.042780960436360496, -0.2758299783568381, -0.2755169741129706, 0.5179460556607474, 0.3929965897970318, -0.11657125975005925]], "inverted": true, "swapped": false, "error_lsq": 0.045856490436268445, "error_max": 0.22339920573428862, "target": "419.xyz", "model": "25.xyz", "model_rescale": 4.100010024507729, "target_rescale": 3.93348033835841},
{"mapping": [0, 6, 1, 2, 9, 4, 8, 10, 5, 7, 11], "R": [[0.47559646704793124, -0.6793902958269107, 0.5587815552322296], [-0.6328392462777326, 0.1769637464941538, 0.753789307961704], [-0.6110012184129893, -0.7121184300121546, -0.3457815101113226]], "T": [-0.05256233286332314, 0.11462493253713547, -0.017637583691478876], "aligned_model": [[0.07761824156561088, -0.16191231764530822, -0.5300311965990212, -0.7189642267276122, 0.68339750147967, 0.5736677946771537, -0.040163333337088006, 0.45407646911222654, 0.20980716688427586, 0.04459013318210174, 0.06398850987816829], [-0.2564695288159874, -0.5030794264152783, 0.09257658753508868, 0.014910055792466917, 0.43161749198601196, -0.4654019287836557, 0.6293491015245738, 0.2531391349658607, -0.13560666184736786, 0.5853115653647727, 0.0985381760389831], [-0.6650797778124988, 0.14657582593862323, -0.5379105009222472, 0.28850412466359315, 0.1752088361010353, 0.1753501043594324, -0.35194750521005064, -0.3906433511975677, 0.6401865304116103, 0.45940721369554377, 0.026677618562890828]], "inverted": true, "swapped": false, "error_lsq": 0.050364555750354166, "error_max": 0.3158138325786708, "target": "419.xyz", "model": "26.xyz", "model_rescale": 3.6694154284099745, "target_rescale": 3.93348033835841},
{"mapping": [10, 0, 8, 5, 12, 2, 9, 11, 6, 3, 13], "R": [[-0.17897671052575437, 0.7232047033662243, -0.6670399494170884], [-0.9357294479017315, -0.33457325894530154, -0.11167423484511206], [-0.3039370616079936, 0.6041818363933922, 0.7366047591167241]], "T": [-0.07881808794197197, 0.04011544831762475, -0.011507394071389173], "aligned_model": [[0.07283640764948483, -0.1827166016957882, -0.5155118423141885, -0.7580955045099143, 0.6168596523535133, 0.4364974483229378, 0.04309648796959749, 0.7059191823038391, 0.27485731774513744, -0.0008055150980210146, -0.036862290256420814], [-0.05205449753986447, -0.5670149621327821, 0.10014980284337155, -0.21358024231058254, 0.37552428325791765, -0.40063226223010967, 0.6273265439267902, 0.11671445781658915, 0.027278425582581655, 0.7297292548883121, 0.0014437632432447028], [-0.5863085204970121, 0.22834903523416486, -0.4741645388330631, 0.30503515854770064, 0.17088287008438263, 0.03666936312771962, -0.3358274533402209, -0.34987919797372696, 0.5766586964708572, 0.40222930553223113, -0.007315599762668743]], "inverted": true, "swapped": false, "error_lsq": 0.049018276063437234, "error_max": 0.32779830292174744, "target": "419.xyz", "model": "27.xyz", "model_rescale": 4.103607728864725, "target_rescale": 3.93348033835841},
{"mapping": [1, 8, 5, 6, 12, 4, 0, 2, 13, 10, 14], "R": [[-0.6151327342559485, 0.5085680338651318, 0.6024701438057781], [0.7439233786963967, 0.6274827819640931, 0.22987684739342537], [-0.26113162557556757, 0.5895963986229534, -0.7643208494180341]], "T": [-0.07220457413881153, 0.19020415066167462, 0.14317669094431412], "aligned_model": [[0.05285429937782983, -0.025390204507556247, -0.6303311236652204, -0.6940754266942385, 0.7181002405679984, 0.5777789354804775, -0.018611973161392334, 0.5762156046691458, 0.30644002064988435, -0.18811840907672536, -0.01878722117002525], [-0.16803256236955455, -0.6282190631426497, 0.10770986157140149, 0.19483153344925175, 0.45103210314785047, -0.42146212977845865, 0.41673836524687147, 0.16378771553484078, -0.14342048750429187, 0.6063712357058662, 0.1655479954843411], [-0.6685422060059776, 0.12668928032744797, -0.322473239113776, 0.2636859973168645, 0.35455477916028744, -0.014921651014231652, -0.5317320612025149, -0.2034847431696175, 0.5496190664413007, 0.41362856559405475, -0.0006946697434732085]], "inverted": true, "swapped": false, "error_lsq": 0.047345471081937124, "error_max": 0.24195069831737182, "target": "419.xyz", "model": "28.xyz", "model_rescale": 4.137296879288765, "target_rescale": 3.93348033835841},
{"mapping": [0, 5, 1, 2, 8, 6, 7, 9, 4, 3, 10], "R": [[-0.09665934238227242, -0.7020154811409385, -0.7055715667235202], [0.9296911942805726, 0.18946680440027547, -0.31587436316914097], [0.35543108306307314, -0.6864958807369526, 0.6343438743487686]], "T": [0.07531695000741097, 0.09061585379161283, -0.0020623398364846912], "aligned_model": [[0.08288189576909012, -0.30122581065263077, -0.5353999658708727, -0.6318161519804365, 0.41956881453646505, 0.4115216996605836, -0.05363873298771564, 0.7836699812728434, 0.39034245681460905, -0.057895554564859356, 0.14806611047310103], [-0.22176418019724256, -0.46383655513637334, 0.046427610759172296, 0.046808649908770705, 0.708603540664212, -0.5390291442413557, 0.6333112504655147, 0.14378700567033037, -0.1790165060082121, 0.49912382396855404, 0.0704690714920982], [-0.6288652022485245, 0.06115334698371582, -0.4402760020238537, 0.32984545011000227, 0.13186208145370065, 0.07955485026276143, -0.4524670055939423, -0.3279504003017912, 0.651915705198564, 0.5282624586503539, 0.03329383609937793]], "inverted": true, "swapped": false, "error_lsq": 0.05041547532932742, "error_max": 0.29726003690557723, "target": "419.xyz", "model": "29.xyz", "model_rescale": 3.607286011436655, "target_rescale": 3.93348033835841},
{"mapping": [11, 2, 9, 3, 5, 13, 10, 12, 7, 4, 14], "R": [[-0.5058257569182262, -0.7950002685716464, -0.3348355963889052], [0.8438601042050091, -0.5365626071882491, -0.0008325253510600428], [-0.1789984027001778, -0.2829755140261414, 0.9422761963948927]], "T": [-0.017364584619384296, 0.04169119174042191, -0.0038628386480147785], "aligned_model": [[0.09914992352319359, -0.01391238110249364, -0.6527079672610671, -0.7230127634161817, 0.4519328969875094, 0.4792878129645556, 0.23233645143365794, 0.6419796500507455, 0.4477642365343942, -0.18682895558201462, -0.11991416166212178], [0.00906592464183608, -0.6721171846479708, -0.02021899494718587, 0.20001701248015352, 0.538372784890885, -0.46716284196693814, 0.5925624400351908, 0.11112503307867885, -0.16648440392220798, 0.6147616860418152, 0.0049631116612117165], [-0.5782242442944908, 0.37111079693174087, -0.4589048398144129, 0.31776585800952356, 0.33313641708747405, -0.1779274551141321, -0.39560913269326003, -0.26548477942415016, 0.578895314997266, 0.36993058724073963, -0.12835940433593365]], "inverted": true, "swapped": false, "error_lsq": 0.05158983941787094, "error_max": 0.268617343914038, "target": "419.xyz", "model": "30.xyz", "model_rescale": 3.964800864290218, "target_rescale": 3.93348033835841},
