[{"mapping": [1, 6, 4, 10, 7, 3, 5, 9, 8, 11, 2, 13], "R": [[-0.9991576411197706, -0.029886090108891886, 0.02812169642782623], [-0.03207395110791632, 0.141265122878793, -0.9894520840942054], [0.025598239242233308, -0.989520584260905, -0.14210469194102876]], "T": [-0.10638523984929325, -0.018360131262257856, 0.05926887319011923], "aligned_model": [[-0.262255734351377, 0.09105362179854719, 0.36941964236011265, -0.1073964854762687, 0.10125046737438227, -0.6265666520068912, 0.5482284121375391, -0.10311889721308365, 0.5328415916767887, 0.14924096342500287, -0.7556712482438402, -0.09938321902036366], [-0.24285720544079858, -0.6392932315505105, -0.36770780974053785, 0.6423437629694417, 0.3292815394278753, -0.5613567185816747, -0.27795897444945084, -0.4855674692351192, 0.256713602516906, 0.2873505442041081, 0.08280886647336008, 0.029798129383457363], [-0.5982480340486913, -0.04961312001455178, -0.48047710377807157, -0.06989487793349866, -0.6060139563602608, 0.12542021727909478, 0.5285487852703821, 0.5990957371073048, -0.05667442832665431, 0.5457082626376624, 0.25400226353786504, -0.009902000017017819]], "inverted": true, "swapped": true, "error_lsq": 0.046380184012245605, "error_max": 0.24497515577509077, "target": "421.xyz", "model": "0.xyz", "model_rescale": 3.751011558992144, "target_rescale": 3.801971282411075},
{"mapping": [8, 5, 4, 10, 13, 12, 9, 2, 3, 11, 0, 7, 6, 14], "R": [[0.43921043784220304, 0.8328706785160362, -0.3367797858522651], [0.8936850451517777, -0.3667595965753532, 0.25848489006506564], [0.09176726738072369, -0.41450431986665875, -0.9054087129298862]], "T": [-0.04526549991962327, -0.015927025065343464, 0.027249058980938764], "aligned_model": [[-0.45699812405970525, -0.10031181255168922, -0.8280666089892771, -0.6016346292918989, 0.46999125830924726, 0.5895661488860755, 0.06370677697949191, 0.241823325304095, 0.6656538094770083, 0.05447474852666141, 0.2444104679455264, 0.25045404022067164, -0.23330329240248188, -0.01133972593245735], [-0.5016742336670361, -0.5209051687954668, 0.024126986672955535, 0.17732239501995853, -0.39751304427769185, 0.32359404747132847, -0.053408768459894174, -0.764990554967545, -0.1657284260002317, 0.6482074249167542, -0.13505037492646568, 0.45827390462688944, 0.6973745535829654, 0.006924140836430847], [0.2141825971549602, -0.33614194918535023, 0.13304163760910145, -0.5433311734553865, -0.31393239031214193, -0.15629745571056064, -0.621526544069778, 0.2278031329615665, 0.2629589767140208, -0.403689804564142, 0.7181918783652482, 0.3841250257473751, 0.16713612688267274, -0.009229407539308652]], "inverted": false, "swapped": false, "error_lsq": 0.03607768962141146, "error_max": 0.2511524035723325, "target": "421.xyz", "model": "1.xyz", "model_rescale": 3.9405287249114394, "target_rescale": 3.801971282411075},
{"mapping": [1, 0, 2, 8, 10, 3, 4, 7, 11, 9, 5, 6, 13], "R": [[0.5312036830650759, -0.43791832900680927, 0.7252931712197369], [-0.4449108961826598, -0.8727104568225031, -0.20107399884271618], [0.7210249243653378, -0.21587958604866272, -0.6584216451267509]], "T": [-0.06594604001761657, -0.08931988450431882, -0.06572778714265182], "aligned_model": [[-0.09618426250639671, 0.12963523178431785, -0.37519329216399017, 0.5108999420807021, 0.5042444930941743, -0.7798847550686183, 0.07798470613496887, 0.5429808503870368, 0.13741468778113441, -0.6220972245960101, -0.10857301338527982, -0.42492515310336204, -0.00031893115474591893], [0.5824531204528477, 0.5172981622003798, 0.031963948859357605, -0.30916002205341103, -0.03451220790433013, 0.14311959699229526, 0.19624945120821424, 0.36881792090041937, -0.6641035163988936, -0.524270465190576, -0.7836612026557724, -0.029377508056649737, -0.03598468478186409], [0.16842966071557408, -0.5207936920914925, -0.6652150254727185, 0.2757958243165215, -0.41941240316429584, -0.14365977231237304, 0.6674119681963149, 0.09516458312428291, -0.21966038081883343, 0.04019794584657849, 0.41615114338133424, 0.48557631717780037, -0.06686581931004897]], "inverted": false, "swapped": true, "error_lsq": 0.049268731351933485, "error_max": 0.3209578327046691, "target": "421.xyz", "model": "2.xyz", "model_rescale": 3.932901565614263, "target_rescale": 3.801971282411075},
{"mapping": [9, 7, 8, 3, 4, 1, 0, 5, 6, 1, 12, 10, 11, 13], "R": [[0.4563882143733705, -0.7075803880742939, -0.5394810396980771], [0.7252040243761713, 0.6471046060330569, -0.2352333987328502], [0.5155472052195533, -0.28387607025502193, 0.8084710606613411]], "T": [-0.022398999107417213, -0.013563738214261998, -0.081409629135547], "aligned_model": [[-0.38938388830974807, -0.32871065826497187, -0.7508492563548086, -0.345913266333383, 0.4610540088249212, 0.3852220406566473, 0.17563015134554463, 0.21174700349937264, 0.579528897611551, 0.3852220406566473, 0.16557307861892828, 0.23885068928403386, -0.4669298557641095, 0.02738539695064263], [-0.4591549588211166, -0.6281360493177299, 0.02156194521469839, 0.18297448841655328, -0.6025257599633053, 0.5609575184570904, 0.03291187960989019, -0.5986429103687326, -0.11822732611505796, 0.5609575184570904, -0.1664807000177574, 0.3917629534925014, 0.660606758771442, -0.04201247578261536], [0.37308293912502605, -0.2769002663441631, 0.0017356329770145673, -0.42404168025639544, -0.5087541395673875, -0.31062357828914133, -0.7198254823705277, 0.26450610833380755, 0.22423820939921202, -0.31062357828914133, 0.6427538268241999, 0.44831134798981903, 0.3001597051164923, 0.01927160594946213]], "inverted": false, "swapped": false, "error_lsq": 0.05215676114707697, "error_max": 0.4194058270948963, "target": "421.xyz", "model": "3.xyz", "model_rescale": 3.9243930471874484, "target_rescale": 3.801971282411075},
{"mapping": [7, 0, 4, 8, 6, 10, 11, 1, 3, 2, 9, 12, 13], "R": [[0.523863101272928, -0.14380870410804814, -0.8395751948143024], [-0.8402246094915924, 0.07471598340859534, -0.5370662225722149], [0.1399644838143284, 0.9867809171472919, -0.08169066546759328]], "T": [0.020410827773544908, -0.08418266304132499, -0.035699188669604184], "aligned_model": [[0.040178301607269394, -0.43236147797208496, 0.7043299226401757, 0.18092869838198375, 0.650285991037662, -0.46895136976788543, -0.2172448426798582, 0.29480567121347717, 0.15082081420446525, -0.46582224243785203, 0.24449745742128104, -0.4092769332869702, 0.005015895949688848], [-0.4653932430140421, 0.12077305555233916, -0.28695529073236126, -0.7684505525851557, 0.10465710192401753, -0.4616990589667689, -0.458972509583437, 0.1591158313262078, 0.6536790338088851, 0.3958157694700819, 0.18925095795401253, 0.06466820198502476, -0.11865974345721682], [-0.7145631677583173, -0.6409370418149061, -0.39749711456456843, -0.09677961826254601, 0.027484111635416156, -0.30256983804840076, 0.40981108700416263, -0.6460567422461997, 0.055752150741034, 0.018221923480201394, 0.5845633734595836, 0.6010185348883921, -0.1113773431428879]], "inverted": false, "swapped": true, "error_lsq": 0.048129912328333295, "error_max": 0.3389630854285849, "target": "421.xyz", "model": "4.xyz", "model_rescale": 3.8936222436046832, "target_rescale": 3.801971282411075},
{"mapping": [3, 1, 2, 9, 10, 7, 4, 8, 5, 6, 11, 13], "R": [[0.3617508712196086, 0.8101088471837502, -0.46136749222985995], [0.272202799449811, 0.38153716765537593, 0.8833657372058302], [0.891651245243083, -0.4451438479998676, -0.08249249326048183]], "T": [-0.11984223669318635, 0.020440885226818712, -0.13378630313636697], "aligned_model": [[0.024594437212629702, -0.5342884327635697, -0.29372425273884556, 0.5351312109506581, -0.5836781814797786, -0.7150467863183789, -0.12705342739055964, -0.10315274606801313, 0.6273821212278787, 0.2270397622476455, 0.1646052736320615, -0.194260936296631], [-0.5313055825576103, -0.5321333635832197, 0.033042648645823444, -0.09816498744146697, 0.5037458961697809, 0.032227633121906504, -0.4138834841094284, 0.35618672460813056, 0.20731496368296545, -0.4972104024137119, 0.5812500190267972, 0.027852839959840763], [-0.6282798604634721, 0.03918502625307585, -0.7966096734023146, -0.39195066649176685, -0.06680559101468433, 0.36837022434146294, 0.5378312569193651, 0.4864681144742653, 0.21673911158322834, 0.08554297165729127, -0.13691389277027527, -0.09429230181065751]], "inverted": false, "swapped": true, "error_lsq": 0.04016659650491382, "error_max": 0.2125092621787739, "target": "421.xyz", "model": "5.xyz", "model_rescale": 3.6523030999806103, "target_rescale": 3.801971282411075},
{"mapping": [4, 8, 5, 6, 9, 7, 11, 1, 10, 2, 12, 3, 13], "R": [[-0.1001041893328867, 0.2168393275277093, -0.9710612016321818], [0.1148819345967605, 0.9719551019004318, 0.20519605501331542], [0.9883224637643888, -0.09101640471394559, -0.1222076989867498]], "T": [0.02450117580569733, -0.05678465958392431, -0.03899460073302745], "aligned_model": [[0.2977565122496458, -0.3006163359755734, 0.27649546328831154, 0.6204258984515201, 0.5317181473843915, -0.3876850594757688, -0.2580124370281775, 0.2060892271899749, -0.6428299574349617, -0.017713867172444733, -0.019493156017493546, 0.6042861797012933, -0.02933771049642271], [-0.548605677811224, -0.06398822145951456, 0.47921646949256214, -0.18020069055918653, 0.4445785580215291, -0.6612786027193347, 0.4803244128692701, -0.7435064702775311, -0.1386750715222738, 0.05298992419601985, 0.6417239783624266, -0.10093657138912432, -0.12081513304043542], [0.5295152172829715, 0.5870773300817583, 0.5654356246351184, 0.2179830555027062, -0.07174023298243581, 0.22794760568281525, 0.12570802630325556, -0.08861279284131862, -0.0733027938547921, -0.7141953197924598, -0.388777094575891, -0.5203572017536235, -0.026571684206315224]], "inverted": false, "swapped": true, "error_lsq": 0.0435434919260082, "error_max": 0.2678728670251758, "target": "421.xyz", "model": "6.xyz", "model_rescale": 4.08911054899281, "target_rescale": 3.801971282411075},
{"mapping": [7, 6, 5, 4, 0, 9, 3, 2, 1, 8, 13, 11, 10, 14], "R": [[-0.13034763543520356, 0.9478021011729834, -0.2909994346189177], [0.7173637802085904, -0.11244367683280881, -0.6875649979348577], [-0.6843965961204754, -0.2983749261456085, -0.665262130792299]], "T": [-0.032809099148032816, 0.03444597589386056, 0.06257409702899622], "aligned_model": [[-0.4810751656590213, -0.08351154628570717, -0.7917869139934008, -0.48116340976348543, 0.5065128663644947, 0.6166081643835013, 0.11877358858466253, 0.21186782980362193, 0.6545432507326232, -0.01577676308036713, 0.07908112735998317, 0.21674075990109923, -0.31742844663458386, 0.11504104070784779], [-0.558211234884792, -0.3711740856670261, 0.09418547207816139, 0.14531299765724076, -0.5107686733012764, 0.35943695826975564, -0.06899168924018545, -0.7204398894556914, -0.16771174814353318, 0.5667245752514999, -0.19647707292427496, 0.43526170569458544, 0.6823118288841389, 0.10709373781434867], [0.27960849214710903, -0.2238601780971999, 0.09232470629207883, -0.46990726916151704, -0.4819706549635441, -0.23271455346295108, -0.7073445834023353, 0.20547292146607843, 0.21949783832060793, -0.36349909560218996, 0.7481757635148248, 0.41128985742709956, 0.19872314060805543, 0.04749426551216024]], "inverted": true, "swapped": false, "error_lsq": 0.034177967495213825, "error_max": 0.2743133357819828, "target": "421.xyz", "model": "7.xyz", "model_rescale": 3.964800864290218, "target_rescale": 3.801971282411075},
{"mapping": [9, 8, 12, 7, 5, 0, 1, 10, 3, 2, 11, 6, 4, 13], "R": [[0.8722683232394891, 0.24609057221686156, 0.42259602759485093], [-0.22999620466843293, -0.556174596900994, 0.7986060127497998], [0.43156658595295194, -0.7937942101250139, -0.4285335854526676]], "T": [0.065512207005731, 0.04098573727657283, -0.029057671888284405], "aligned_model": [[-0.3536398957821458, -0.23585292343690467, -0.6826733270108122, -0.43600915300690246, 0.4430440414939283, 0.5750313947549452, 0.11951587470495349, 0.2425379671534918, 0.7849180322817616, -0.0650171723194951, -0.22197320624177375, 0.3167489437088209, -0.18530510975927034, 0.04710091588067046], [-0.4520183772256572, -0.5847698904087032, 0.029894044828644148, 0.10909735145240175, -0.668801374841452, 0.47685832161520114, 0.07719628363339336, -0.6747650069375425, 0.030806632282494736, 0.6498389334059873, -0.014838825908700073, 0.2901657484411642, 0.5615032752210201, -0.03361423352530059], [0.2057085620572885, -0.3587037457019737, 0.07472247233781584, -0.5297474944602579, -0.25871544420943116, -0.2811780004222794, -0.7766486639286964, 0.33356715545849197, 0.06212533136802329, -0.2545983432760853, 0.7464222310162105, 0.430610955870164, 0.37249626137211617, -0.04277062688310922]], "inverted": true, "swapped": false, "error_lsq": 0.050842827459181957, "error_max": 0.3393368242434309, "target": "421.xyz", "model": "8.xyz", "model_rescale": 4.121658175737393, "target_rescale": 3.801971282411075},
{"mapping": [8, 11, 10, 7, 5, 6, 12, 3, 2, 9, 4, 1, 13], "R": [[0.9093438371565166, 0.2212677238423135, -0.3523270926441861], [-0.19984203307808876, 0.9750577871041632, 0.096568491873638], [0.3649067656822484, -0.01740420044628559, 0.9308813813618504]], "T": [0.04017641524551891, -0.010001110626311809, -0.06399496140378517], "aligned_model": [[-0.43782079541409996, -0.15991726517022697, 0.2916288168856086, 0.06687936227899502, -0.724776692618409, -0.34438280477311506, 0.20301428248025447, 0.321333708211676, 0.6479562579881436, -0.20529676189833201, -0.44391778243250074, 0.20137756256847078, 0.06065960832873245], [0.22816399586699113, -0.4293560289533735, 0.1489904486258531, 0.6972916177979441, -0.37082745152193186, 0.10113148598479718, -0.7679895900748046, -0.19158393930073206, -0.3091270925790113, -0.5631581050158742, 0.5863889962736102, 0.5988686794586341, 0.061594422849607165], [-0.524988886499715, -0.4877059761688218, -0.6679049769449844, -0.3889449734778922, -0.09201857856720554, 0.461513420865928, -0.169517023243822, 0.6126055475098002, 0.04019663994999344, 0.3147749786883212, 0.1590105412462428, 0.26814175668022633, -0.10408703607898254]], "inverted": true, "swapped": true, "error_lsq": 0.04762101823331454, "error_max": 0.25756094454275563, "target": "421.xyz", "model": "9.xyz", "model_rescale": 3.833441315466971, "target_rescale": 3.801971282411075},
{"mapping": [10, 8, 0, 13, 9, 4, 2, 11, 7, 5, 12, 6, 1, 14], "R": [[0.3133836178804324, -0.8546996383878063, 0.41385895687289964], [0.5902095629952275, 0.5167188568430274, 0.620205042491447], [-0.7439377526333462, 0.04990141403395787, 0.6663831248495552]], "T": [0.0726211196482831, 0.003295047028546357, 0.03855411136786749], "aligned_model": [[-0.5208154867602981, -0.05300092621061914, -0.5797868003396095, -0.46893168815245234, 0.39214916353103124, 0.5654743312928487, 0.09960828524508245, 0.19996544712441136, 0.6258698264165178, -0.10746095946128936, -0.033065091502802346, 0.37530499947960183, -0.2800382061550829, 0.13315348791392814], [-0.5434511804484179, -0.7192589276059423, 0.19814113380603418, 0.10468410850412704, -0.47395504902563335, 0.6149339608523479, -0.0031253088713926996, -0.5611173649157419, -0.3629042757302238, 0.5199635753847776, 0.027698365577390638, 0.45917181184991596, 0.5641261518297693, -0.028354119174059063], [0.19557544887918907, -0.2254425130629509, 0.05344941627369955, -0.5377508044457108, -0.5341974067632114, -0.09894545575260075, -0.6796942626997692, 0.3998837843072127, 0.09961065280373704, -0.3590125849948821, 0.6312217755162539, 0.4407834144167341, 0.36521724783291165, -0.027408061712335938]], "inverted": true, "swapped": false, "error_lsq": 0.04464989901333418, "error_max": 0.268060201492287, "target": "421.xyz", "model": "10.xyz", "model_rescale": 4.2482417240324, "target_rescale": 3.801971282411075},
{"mapping": [8, 7, 1, 0, 5, 9, 6, 2, 10, 12, 11, 13], "R": [[-0.9619510301346752, -0.2614368211059024, -0.0793788649004113], [-0.20678337013172907, 0.8865254449668276, -0.41390007642344384], [0.17858010376243405, -0.38173737568701427, -0.9068548519712456]], "T": [0.03004508763177577, 0.07537491974821879, 0.012948158590415267], "aligned_model": [[-0.579395114394385, -0.032642997618622854, 0.35832000428332494, 0.6151076010193035, -0.6991120318083011, -0.07170532098157917, -0.0891140092672075, 0.6026145617862186, 0.01483664030440112, 0.07967508119295288, -0.3585764690795549, 0.03675765692645605], [-0.2767479328803843, -0.6958212902909483, -0.3184258314083877, -0.41285994161965206, 0.4921874472548282, 0.7724330076747165, 0.2885983948679047, 0.29039429475363465, -0.3885546188394427, 0.6563007368417009, 0.26748166773922344, -0.008854544042553966], [-0.035129769148843575, 0.10180293335197038, 0.5070934592478746, -0.1677478344148474, 0.11654082588461837, 0.12897955546142795, 0.6267332731465619, -0.29634045380077184, -0.4746500565731608, -0.5088369219653204, -0.44256840042386986, 0.009315679088717436]], "inverted": false, "swapped": true, "error_lsq": 0.04769389478359465, "error_max": 0.2503272117515254, "target": "421.xyz", "model": "11.xyz", "model_rescale": 3.6694154284099745, "target_rescale": 3.801971282411075},
{"mapping": [7, 6, 9, 11, 0, 1, 4, 5, 12, 3, 10, 2, 8, 13], "R": [[0.4308869692235822, -0.08773323609634404, 0.8981310032714489], [-0.44876504813228496, -0.8843021818251313, 0.1289169608474416], [0.7829089035948846, -0.4585984414532783, -0.4204058969240088]], "T": [0.015567105235708024, -0.08320484589792358, 0.0005838781784814062], "aligned_model": [[-0.36485150622858253, -0.15108508438136936, -0.7047360009871527, -0.6084353413056831, 0.5258359983712535, 0.7121739189211598, 0.10365092773570449, 0.2018222895983015, 0.5214447533577401, 0.1568002660962567, -0.07426036280886479, 0.2608020867742937, -0.34141117996731707, 0.11067561724552763], [-0.5514068533972825, -0.49303260475876504, 0.07548223386702001, 0.020942262852131868, -0.36541159488558433, 0.3615080685753051, 0.15670017262628222, -0.8579019889888803, -0.19957176146231348, 0.6744841236935183, 0.015161029101753695, 0.4676270808926442, 0.5828895268889851, -0.09091681297186362], [0.4344431626183741, -0.35172719064650426, 0.31786626466008494, -0.3799459831418057, -0.41260236548108087, -0.18229002627289534, -0.693941479206677, 0.09919490829909254, 0.439121272660458, -0.38309505040128666, 0.6216989785654319, 0.25109847984927636, 0.0390889654555234, -0.07561928635971453]], "inverted": true, "swapped": false, "error_lsq": 0.051153369769640904, "error_max": 0.2561195143227337, "target": "421.xyz", "model": "12.xyz", "model_rescale": 3.9764082729961374, "target_rescale": 3.801971282411075},
{"mapping": [4, 6, 0, 9, 13, 10, 12, 14, 11, 1, 3, 8, 2, 15], "R": [[0.21114277500282347, 0.22878565380051527, -0.9503030322897943], [0.6614984281121589, 0.6823112389316415, 0.3112413899736207], [0.7196100042170412, -0.6943403328646833, -0.0072762619600120725]], "T": [-0.06840912651990011, -0.05780075025444592, -0.08115625200830598], "aligned_model": [[-0.6345547882941671, -0.09446569449690309, -0.7396796714968694, -0.4564504254513654, 0.3504257777839615, 0.5717462754620521, 0.15171812579130367, 0.39665341805017224, 0.6758450929598829, 0.033456310368990216, 0.19339550511227466, 0.28543232442692207, -0.29212530180467106, -0.09297056599031547], [-0.4213877684365265, -0.8156517029111297, 0.20352040083158462, 0.18820425479669856, -0.39418570688090665, 0.4100505953353912, 0.09350387295435919, -0.6396220053732236, -0.087730678624799, 0.5380594635990608, -0.16733114813418487, 0.364357350035903, 0.641865701371447, -0.11709974653072283], [0.17013499663133239, -0.1741175048067064, 0.009480633108382694, -0.46897658970475753, -0.3742484390059947, -0.2133041944870642, -0.6606943773579927, 0.208686630093513, 0.1940428666743215, -0.2758267854099591, 0.7112482369427969, 0.36182411166444217, 0.2297737132432037, 0.005267353012759435]], "inverted": true, "swapped": false, "error_lsq": 0.04065198200721315, "error_max": 0.24155442383423245, "target": "421.xyz", "model": "13.xyz", "model_rescale": 4.170626492500431, "target_rescale": 3.801971282411075},
{"mapping": [6, 11, 4, 12, 9, 7, 10, 3, 1, 8, 2, 0, 4, 13], "R": [[-0.17000332025788265, 0.9807335150098493, -0.09623223803758338], [-0.9340426303030793, -0.12923894398023264, 0.3329589466216216], [0.314107045253368, 0.14648913917181916, 0.938017961569446]], "T": [0.025780938717888623, -0.040877490165130016, 0.01417605238860303], "aligned_model": [[-0.5415529715385469, -0.11350961846381268, -0.4917180217892226, -0.45822306752139674, 0.5233495690574752, 0.5909794050032894, 0.15106575272671063, 0.20353835497510187, 0.7815833126222078, -0.06906907123480857, -0.09336276133027645, 0.390770198874902, -0.4917180217892226, -0.03370667717113257], [-0.6075067034296568, -0.6486284927928526, 0.41397169255654787, 0.1434624950691445, -0.4724241083471424, 0.4819491224958577, 0.043121590672889, -0.6268475941457438, -0.15001675173087684, 0.6279132440729274, 0.011996540638424417, 0.2834184350131907, 0.41397169255654787, -0.11782828059630568], [0.26824855380985807, -0.3188352246218833, 0.1826105424567059, -0.5029941449104315, -0.45752238189068845, -0.24005382329652653, -0.5294931253030997, 0.331216968732838, 0.10173096704692369, -0.2944964637417079, 0.6591111521015602, 0.3569199792650038, 0.1826105424567059, -0.015762891506981618]], "inverted": true, "swapped": false, "error_lsq": 0.04818840997379186, "error_max": 0.3712828197416289, "target": "421.xyz", "model": "14.xyz", "model_rescale": 3.9786697098870705, "target_rescale": 3.801971282411075},
{"mapping": [11, 10, 9, 5, 2, 3, 7, 1, 6, 8, 0, 13], "R": [[-0.18353933151854201, -0.5205522021455284, 0.8338697252132181], [0.9444953268106968, 0.14174361598397195, 0.29637362392855393], [-0.272473652705142, 0.8419822754483788, 0.46564359376274966]], "T": [0.052253894741536994, 0.004718599315978553, -0.06448988859885552], "aligned_model": [[0.026824654370244644, -0.5884162142798316, 0.6816263681471195, 0.613496277197369, -0.1061415038699541, 0.4472402849678202, -0.47264309243281866, -0.03967890208898142, 0.6078129789772708, -0.09659039571089609, -0.5738867440484928, -0.01628911446151303], [-0.40520994868447985, -0.1744333000144131, 0.058056336020882574, -0.6058030375940496, 0.5532758081182256, 0.6478259346049353, -0.1906459413521162, 0.3233307085320912, 0.024893798296034927, -0.6610476942414144, 0.4499666061644324, -0.005534779625689925], [-0.540661067660553, -0.1677388181227789, -0.39728379512225637, -0.23302637614302996, -0.44359998670476947, -0.07893642981575749, 0.4766980736784774, 0.5656352699242103, 0.2923607423882096, 0.11528766808511198, 0.08724863375946329, -0.016017420392497483]], "inverted": true, "swapped": true, "error_lsq": 0.045213786447509924, "error_max": 0.25405592987900416, "target": "421.xyz", "model": "15.xyz", "model_rescale": 3.769337070930944, "target_rescale": 3.801971282411075},
{"mapping": [11, 12, 8, 10, 5, 9, 6, 3, 1, 0, 13], "R": [[0.18702572006133317, 0.09040664596456521, -0.9781860857735494], [0.7000471309133252, -0.7108373435455935, 0.06814899501141436], [-0.689170076639694, -0.697521977708575, -0.19623377914609053]], "T": [-0.03904116378418122, 0.08976054829837421, 0.041822734143293794], "aligned_model": [[-0.30793815812114705, -0.2482768336098577, -0.16207742362536431, -0.6761918600710831, 0.3305794847827736, 0.38769679489272724, 0.6149212375723785, 0.3736712042574864, 0.18165171079706177, -0.49071010790770286, -0.08069991827610114], [-0.025345408960875893, -0.5758428703470869, 0.6569221683304799, 0.3067245833986551, 0.1491212468287465, -0.38109365527131817, 0.18260729993118, -0.4124435975412315, 0.4095287649275882, 0.1330018139741239, 0.15288415235508135], [-0.5148388125263228, -0.31228196093606175, -0.35931206346412436, 0.05522164339349479, -0.7171180489594831, -0.28359613786873955, 0.0522133977311728, 0.4255798095002636, 0.638535373039756, 0.6801391323123331, 0.0796752750014878]], "inverted": false, "swapped": true, "error_lsq": 0.047193158628286, "error_max": 0.27167442799810837, "target": "421.xyz", "model": "16.xyz", "model_rescale": 3.7852294659196426, "target_rescale": 3.801971282411075},
{"mapping": [9, 4, 8, 5, 3, 1, 0, 7, 11, 12, 2, 10, 13], "R": [[0.34499130388622257, 0.5290691225847183, 0.7752850209892623], [-0.8710843907641254, -0.12714858419569622, 0.4743893144919297], [0.34956113114872656, -0.8389988683332457, 0.41699869846985915]], "T": [-0.029401480674920193, 0.06364681671365983, -0.020883782461708748], "aligned_model": [[-0.019625424846555644, -0.4512529290375816, 0.3081583170233031, 0.3029489878004088, -0.5462185850319644, -0.6509746589169482, -0.2255878150065165, -0.1302424481523705, 0.5761879499769874, 0.4289146960557268, -0.056473455995424096, 0.35430737812105895, -0.036376161773841384], [-0.17338127152586524, -0.49963146486062565, -0.3731041776800419, -0.6535221905162086, 0.2734578697617756, 0.12258437984227959, 0.7113405268806087, 0.06310133991683683, -0.04033613381598701, 0.3104225718197366, 0.6793294639303405, 0.37274042116787465, 0.08205428878214985], [-0.694254796668977, 0.35927242104793067, 0.4184581142414642, -0.32311880658512265, -0.5294989595675684, 0.3214554913858946, 0.37323072671817037, 0.7513851882617947, -0.15458509129030482, -0.6050461060978674, -0.3207680371077093, 0.43785643644433375, 0.06136811636113518]], "inverted": false, "swapped": true, "error_lsq": 0.0438460276885381, "error_max": 0.29226270471939153, "target": "421.xyz", "model": "17.xyz", "model_rescale": 3.901054581598922, "target_rescale": 3.801971282411075},
{"mapping": [8, 5, 4, 10, 13, 12, 9, 2, 3, 11, 0, 7, 6, 14], "R": [[0.43921043784220304, 0.8328706785160362, -0.3367797858522651], [0.8936850451517777, -0.3667595965753532, 0.25848489006506564], [0.09176726738072369, -0.41450431986665875, -0.9054087129298862]], "T": [-0.04526549991962327, -0.015927025065343464, 0.027249058980938764], "aligned_model": [[-0.45699812405970525, -0.10031181255168922, -0.8280666089892771, -0.6016346292918989, 0.46999125830924726, 0.5895661488860755, 0.06370677697949191, 0.241823325304095, 0.6656538094770083, 0.05447474852666141, 0.2444104679455264, 0.25045404022067164, -0.23330329240248188, -0.01133972593245735], [-0.5016742336670361, -0.5209051687954668, 0.024126986672955535, 0.17732239501995853, -0.39751304427769185, 0.32359404747132847, -0.053408768459894174, -0.764990554967545, -0.1657284260002317, 0.6482074249167542, -0.13505037492646568, 0.45827390462688944, 0.6973745535829654, 0.006924140836430847], [0.2141825971549602, -0.33614194918535023, 0.13304163760910145, -0.5433311734553865, -0.31393239031214193, -0.15629745571056064, -0.621526544069778, 0.2278031329615665, 0.2629589767140208, -0.403689804564142, 0.7181918783652482, 0.3841250257473751, 0.16713612688267274, -0.009229407539308652]], "inverted": false, "swapped": false, "error_lsq": 0.03607768962141146, "error_max": 0.2511524035723325, "target": "421.xyz", "model": "18.xyz", "model_rescale": 3.9405287249114394, "target_rescale": 3.801971282411075},
{"mapping": [14, 10, 12, 1, 2, 8, 6, 11, 9, 0, 13, 7, 4, 15], "R": [[0.2860736713709989, 0.7228665017411404, -0.6289879769986415], [-0.9146239508807308, 0.010276620300115785, -0.404174986299907], [-0.28570068782493413, 0.6909112907861134, 0.6640908862803544]], "T": [-0.05169285713006881, 0.0018105537960416366, 0.011347316354128872], "aligned_model": [[-0.4562257856077039, -0.12141416486964253, -0.5762858146160164, -0.3453302014606352, 0.22248096474936907, 0.5194896753955154, 0.2675360391351474, 0.26198808057207235, 0.6147958819697372, -0.05712381693217748, -0.0646196442188902, 0.3478568345989685, -0.22216992839814126, -0.04255173789633522], [-0.5699153178084058, -0.7509477234662495, 0.10610768779493021, 0.10035241788541825, -0.46383423054991757, 0.4206545948492348, 0.15416281335480211, -0.5891736802087105, -0.08295823206911004, 0.5882458541164809, -0.1813390679650441, 0.4107918669228006, 0.6822752929908628, -0.027869393814140754], [0.3418342292442298, -0.20405452255797835, 0.12993651908843137, -0.5713927929705356, -0.6693353800767957, -0.25434487274417356, -0.6468055202946635, 0.2788451787379953, 0.38231478197966584, -0.34745402306596773, 0.657581762663128, 0.42210256987340633, 0.21767311575997841, -0.013610395038443458]], "inverted": false, "swapped": false, "error_lsq": 0.04160542024865032, "error_max": 0.34627700384869226, "target": "421.xyz", "model": "19.xyz", "model_rescale": 4.410303926677745, "target_rescale": 3.801971282411075},
{"mapping": [9, 8, 12, 7, 5, 0, 1, 10, 3, 2, 11, 6, 4, 13], "R": [[0.8722683232394891, 0.24609057221686156, 0.42259602759485093], [-0.22999620466843293, -0.556174596900994, 0.7986060127497998], [0.43156658595295194, -0.7937942101250139, -0.4285335854526676]], "T": [0.065512207005731, 0.04098573727657283, -0.029057671888284405], "aligned_model": [[-0.3536398957821458, -0.23585292343690467, -0.6826733270108122, -0.43600915300690246, 0.4430440414939283, 0.5750313947549452, 0.11951587470495349, 0.2425379671534918, 0.7849180322817616, -0.0650171723194951, -0.22197320624177375, 0.3167489437088209, -0.18530510975927034, 0.04710091588067046], [-0.4520183772256572, -0.5847698904087032, 0.029894044828644148, 0.10909735145240175, -0.668801374841452, 0.47685832161520114, 0.07719628363339336, -0.6747650069375425, 0.030806632282494736, 0.6498389334059873, -0.014838825908700073, 0.2901657484411642, 0.5615032752210201, -0.03361423352530059], [0.2057085620572885, -0.3587037457019737, 0.07472247233781584, -0.5297474944602579, -0.25871544420943116, -0.2811780004222794, -0.7766486639286964, 0.33356715545849197, 0.06212533136802329, -0.2545983432760853, 0.7464222310162105, 0.430610955870164, 0.37249626137211617, -0.04277062688310922]], "inverted": true, "swapped": false, "error_lsq": 0.050842827459181957, "error_max": 0.3393368242434309, "target": "421.xyz", "model": "20.xyz", "model_rescale": 4.121658175737393, "target_rescale": 3.801971282411075},
{"mapping": [4, 8, 5, 6, 9, 7, 11, 1, 10, 2, 12, 3, 13], "R": [[-0.1001041893328867, 0.2168393275277093, -0.9710612016321818], [0.1148819345967605, 0.9719551019004318, 0.20519605501331542], [0.9883224637643888, -0.09101640471394559, -0.1222076989867498]], "T": [0.02450117580569733, -0.05678465958392431, -0.03899460073302745], "aligned_model": [[0.2977565122496458, -0.3006163359755734, 0.27649546328831154, 0.6204258984515201, 0.5317181473843915, -0.3876850594757688, -0.2580124370281775, 0.2060892271899749, -0.6428299574349617, -0.017713867172444733, -0.019493156017493546, 0.6042861797012933, -0.02933771049642271], [-0.548605677811224, -0.06398822145951456, 0.47921646949256214, -0.18020069055918653, 0.4445785580215291, -0.6612786027193347, 0.4803244128692701, -0.7435064702775311, -0.1386750715222738, 0.05298992419601985, 0.6417239783624266, -0.10093657138912432, -0.12081513304043542], [0.5295152172829715, 0.5870773300817583, 0.5654356246351184, 0.2179830555027062, -0.07174023298243581, 0.22794760568281525, 0.12570802630325556, -0.08861279284131862, -0.0733027938547921, -0.7141953197924598, -0.388777094575891, -0.5203572017536235, -0.026571684206315224]], "inverted": false, "swapped": true, "error_lsq": 0.0435434919260082, "error_max": 0.2678728670251758, "target": "421.xyz", "model": "21.xyz", "model_rescale": 4.08911054899281, "target_rescale": 3.801971282411075},
{"mapping": [5, 9, 11, 15, 12, 4, 14, 10, 7, 2, 6, 0, 1, 16], "R": [[0.7223212277293277, -0.4741530923584014, -0.5034191980631673], [-0.44573821381460854, -0.8757741775478866, 0.18530254905339424], [-0.5287433108011481, 0.09054520941103708, -0.8439384316025385]], "T": [0.03189693543198826, 0.009471999678277993, -0.03569195667263522], "aligned_model": [[-0.37154356306450714, -0.17542977691144343, -0.7282876640853587, -0.46202716808035305, 0.44903493177929815, 0.47496623735368704, 0.06520730086445184, 0.18458375648246136, 0.6105916102573888, -0.028013463726685985, 0.16579675636841631, 0.45069220982001945, -0.3612388376150413, 0.07409405297893407], [-0.5235368946336774, -0.6170630767095189, 0.05809860361664519, 0.2518210599949649, -0.49925241183763475, 0.5301313503454202, -0.14370331283843096, -0.7239539544655902, -0.2536231794359229, 0.6517073518162196, -0.06953952113590954, 0.4567097688252003, 0.649208271197217, 0.02954882729396828], [0.18984370947667703, -0.30405187165086023, 0.039460277522494286, -0.5140359028320095, -0.37060220011888334, -0.173153297147866, -0.6579863637961672, 0.2641555273598214, 0.28319609275070745, -0.3600348707468526, 0.6932745350697429, 0.4382999147534604, 0.2215630687783758, -0.026637968820363706]], "inverted": false, "swapped": false, "error_lsq": 0.0386612974799555, "error_max": 0.21585576081867536, "target": "421.xyz", "model": "22.xyz", "model_rescale": 4.204369325754507, "target_rescale": 3.801971282411075},
{"mapping": [14, 10, 12, 1, 2, 8, 6, 11, 9, 0, 13, 7, 4, 15], "R": [[0.2860736713709989, 0.7228665017411404, -0.6289879769986415], [-0.9146239508807308, 0.010276620300115785, -0.404174986299907], [-0.28570068782493413, 0.6909112907861134, 0.6640908862803544]], "T": [-0.05169285713006881, 0.0018105537960416366, 0.011347316354128872], "aligned_model": [[-0.4562257856077039, -0.12141416486964253, -0.5762858146160164, -0.3453302014606352, 0.22248096474936907, 0.5194896753955154, 0.2675360391351474, 0.26198808057207235, 0.6147958819697372, -0.05712381693217748, -0.0646196442188902, 0.3478568345989685, -0.22216992839814126, -0.04255173789633522], [-0.5699153178084058, -0.7509477234662495, 0.10610768779493021, 0.10035241788541825, -0.46383423054991757, 0.4206545948492348, 0.15416281335480211, -0.5891736802087105, -0.08295823206911004, 0.5882458541164809, -0.1813390679650441, 0.4107918669228006, 0.6822752929908628, -0.027869393814140754], [0.3418342292442298, -0.20405452255797835, 0.12993651908843137, -0.5713927929705356, -0.6693353800767957, -0.25434487274417356, -0.6468055202946635, 0.2788451787379953, 0.38231478197966584, -0.34745402306596773, 0.657581762663128, 0.42210256987340633, 0.21767311575997841, -0.013610395038443458]], "inverted": false, "swapped": false, "error_lsq": 0.04160542024865032, "error_max": 0.34627700384869226, "target": "421.xyz", "model": "23.xyz", "model_rescale": 4.410303926677745, "target_rescale": 3.801971282411075},
{"mapping": [15, 14, 5, 12, 11, 1, 7, 9, 10, 0, 8, 3, 2, 16], "R": [[-0.8931545370177943, 0.3371098944295672, 0.29771108827555554], [0.3983395460861986, 0.2856123556253181, 0.8716370737514544], [0.20880751669509118, 0.8970967068225383, -0.3893801735833327]], "T": [-0.015116557800820492, -0.12053111084058876, -0.0897595039314312], "aligned_model": [[-0.4231091190572112, -0.11492481123083784, -0.5696942301832683, -0.5930597507655563, 0.4802045404074923, 0.6922070991445773, 0.19296843424972987, 0.17242149909828072, 0.4818067716391662, -0.13648470345058164, 0.058994872008892, 0.31297361661537565, -0.24516411314901101, 0.03928627709422031], [-0.6141194004287253, -0.7573916422997948, 0.07166038330746846, 0.27062544953808737, -0.4535048846882711, 0.3208919961812483, 0.10113789465099687, -0.6250333132732999, -0.14763352567383198, 0.59220659489916, -0.27716941047148347, 0.6358006309230366, 0.69604865316927, -0.01696654380090991], [0.22524345030179097, -0.296149828393075, 0.13631143250210528, -0.4887006596952188, -0.30072623640389046, -0.29267385651131694, -0.6809400049376735, 0.23075100850683092, 0.3299029914670739, -0.30807246077216766, 0.7137817870516496, 0.2701989915738314, 0.24664733676343983, -0.06228330085510239]], "inverted": true, "swapped": false, "error_lsq": 0.03943894342829494, "error_max": 0.22444219568865556, "target": "421.xyz", "model": "24.xyz", "model_rescale": 4.28219845311461, "target_rescale": 3.801971282411075},
{"mapping": [0, 3, 8, 5, 7, 12, 9, 4, 13, 11, 2, 14, 10, 15], "R": [[-0.9032210802481094, -0.17992110844507514, -0.38964095643468244], [0.42536028826440386, -0.2544986662387572, -0.86850391711858], [0.057099083732244135, -0.9501888357682327, 0.3063998547949216]], "T": [0.012331665146771394, -0.047515088336520274, -0.010810076763061572], "aligned_model": [[-0.3565646238647319, -0.18969197713332656, -0.6359003061485361, -0.5580881244233041, 0.5368004777932959, 0.5622121359307288, 0.22812960761717518, 0.07285162294337624, 0.5933134005299914, 0.035810255293234755, 0.22165325794922364, 0.1940992480768644, -0.33976646356856977, -0.016432128574153958], [-0.48393542498521824, -0.6264298007153486, 0.19990580490774196, 0.19526884271215483, -0.5161086646842051, 0.46779970554775474, -0.0027115747888916478, -0.7589336365083141, -0.09184534756925844, 0.4587194834089753, -0.12360897076931096, 0.532244322976536, 0.6368772389204851, -0.09068909642014944], [0.5714329908202158, -0.4841910529450856, 0.012086864203691325, -0.5947260873378056, -0.34382438654126957, -0.1392703090820353, -0.6497917487053775, 0.14689076994089964, 0.10499798946923916, -0.20993914401087366, 0.6366265735980904, 0.448520083017808, 0.18242260415497927, 0.042055504015800674]], "inverted": true, "swapped": false, "error_lsq": 0.043623705913353614, "error_max": 0.2889086092539124, "target": "421.xyz", "model": "25.xyz", "model_rescale": 4.100010024507729, "target_rescale": 3.801971282411075},
{"mapping": [8, 7, 1, 0, 5, 9, 6, 2, 10, 12, 11, 13], "R": [[-0.9619510301346752, -0.2614368211059024, -0.0793788649004113], [-0.20678337013172907, 0.8865254449668276, -0.41390007642344384], [0.17858010376243405, -0.38173737568701427, -0.9068548519712456]], "T": [0.03004508763177577, 0.07537491974821879, 0.012948158590415267], "aligned_model": [[-0.579395114394385, -0.032642997618622854, 0.35832000428332494, 0.6151076010193035, -0.6991120318083011, -0.07170532098157917, -0.0891140092672075, 0.6026145617862186, 0.01483664030440112, 0.07967508119295288, -0.3585764690795549, 0.03675765692645605], [-0.2767479328803843, -0.6958212902909483, -0.3184258314083877, -0.41285994161965206, 0.4921874472548282, 0.7724330076747165, 0.2885983948679047, 0.29039429475363465, -0.3885546188394427, 0.6563007368417009, 0.26748166773922344, -0.008854544042553966], [-0.035129769148843575, 0.10180293335197038, 0.5070934592478746, -0.1677478344148474, 0.11654082588461837, 0.12897955546142795, 0.6267332731465619, -0.29634045380077184, -0.4746500565731608, -0.5088369219653204, -0.44256840042386986, 0.009315679088717436]], "inverted": false, "swapped": true, "error_lsq": 0.04769389478359465, "error_max": 0.2503272117515254, "target": "421.xyz", "model": "26.xyz", "model_rescale": 3.6694154284099745, "target_rescale": 3.801971282411075},
{"mapping": [3, 7, 12, 6, 5, 4, 0, 7, 8, 2, 9, 10, 11, 13], "R": [[-0.6947760983028949, 0.7145108657422687, -0.08222162710163473], [-0.5200423703951293, -0.4200996294184417, 0.7436882642319317], [0.49683207044314437, 0.5594555604323922, 0.6634511057195224]], "T": [0.06841404196368955, -0.020829050477201416, -0.04754241751072452], "aligned_model": [[-0.5166043580609214, 0.055517457098946246, -0.66289042923608, -0.5148129167961766, 0.46343769781167227, 0.7264870121412605, 0.25619790454909785, 0.055517457098946246, 0.616497895984714, -0.13304001863716267, -0.0743537175514255, 0.3363126263345691, -0.31286674602272835, 0.05302651770655642], [-0.5279518195533794, -0.6405732135664057, 0.20593201533128805, -0.029741246305835366, -0.5060016362480609, 0.4374950281070444, 0.1276607647728573, -0.6405732135664057, -0.15301242108110688, 0.5614447597103006, -0.10756474195009065, 0.3963515774274819, 0.6451139717443148, 0.02797305721094896], [0.18356619126596385, 0.061450128721262876, 0.1610385087363153, -0.4094226727687601, -0.5318381670874299, -0.22756901276958735, -0.6636766065090706, 0.061450128721262876, 0.25327120905446354, -0.33477597690175376, 0.6134854352595706, 0.29316477655152257, 0.33628087661317496, -0.0731341682886581]], "inverted": false, "swapped": false, "error_lsq": 0.04827639314677478, "error_max": 0.42402448272366705, "target": "421.xyz", "model": "27.xyz", "model_rescale": 4.103607728864725, "target_rescale": 3.801971282411075},
