[{"mapping": [3, 2, 0, 1, 6, 4, 5, 11, 8, 9, 13, 15], "R": [[0.4259523613652647, -0.8502922958727358, 0.30914009352852767], [0.9036068221656223, 0.41695006676925583, -0.09822093848492205], [-0.04537947535065448, 0.32117853820046105, 0.9459307848972431]], "T": [-0.11098483490944737, -0.09115659839552631, 0.036984052630158984], "aligned_model": [[-0.1254117070031534, 0.13023343731880482, 0.3609725826206241, -0.2080136309878715, -0.09232026313111415, -0.5960332457648624, 0.3600134808957948, -0.34703313024488536, 0.703479584807932, 0.15809300148308691, -0.48421256694723724, -0.02212508058657002], [-0.4239665299088699, -0.7862670664269307, -0.13128936579824718, 0.7173011025819043, 0.2687935756666418, -0.6393503044162929, -0.2092779237270081, -0.6561445716747065, 0.14080255700860658, 0.42547978985405915, 0.38735917791404717, -0.039885405096146534], [-0.526314126213123, 0.14120693361465073, -0.5408802076678901, 0.037298613932616825, -0.661886016713585, -0.060452786552305085, 0.4497329601728729, 0.5261992562940331, -0.15551946984509463, 0.5010014295226461, 0.47529349481843114, -0.0037283360096900947]], "inverted": false, "swapped": true, "error_lsq": 0.047096660183107625, "error_max": 0.26077427034946427, "target": "422.xyz", "model": "0.xyz", "model_rescale": 3.751011558992144, "target_rescale": 4.213823967237888},
{"mapping": [4, 3, 11, 12, 0, 5, 6, 14, 2, 9, 8, 1, 13, 10, 15], "R": [[0.41932543283348567, 0.7063035768069821, -0.5703520305641716], [-0.04185658174851836, 0.6426278871329076, 0.7650342640976449], [0.906870557435481, -0.2969253375324492, 0.29903367032476713]], "T": [0.025761499714983517, -0.006008544980038305, -0.041322051444293434], "aligned_model": [[-0.05159223598289902, -0.021523339198744794, -0.4073999590534268, 0.1533857575579256, -0.09419692291231696, -0.4790886862901139, 0.5089597327559057, 0.7122328796679248, -0.6601491463072352, 0.08771343841867166, -0.2284610687980205, 0.6734111642300481, 0.45270715073468404, -0.13041407798381835, 0.023501524250449782], [-0.02280175284219005, -0.5778342894535627, 0.4397267168553626, 0.3888012343461623, -0.7054617753017887, 0.20598490070471617, -0.6076648957248088, 0.05083791345435004, -0.09566281961310388, 0.418318811895104, -0.4164054338091888, 0.15137992071074036, 0.5989661132174499, 0.7857014571945163, -0.0651287518066532], [-0.7754995678306893, -0.35605191244684464, -0.518766236842877, -0.3823161667121284, 0.19246567651443688, 0.28477423854451933, 0.10987639784074332, -0.13216416228405525, -0.3128288161072206, 0.567559231941605, 0.6805922275561649, 0.42643571001774894, 0.06874397085512945, -0.05500929635708937, 0.05185511016253265]], "inverted": false, "swapped": true, "error_lsq": 0.0438886750354298, "error_max": 0.24498480005823262, "target": "422.xyz", "model": "1.xyz", "model_rescale": 3.9405287249114394, "target_rescale": 4.213823967237888},
{"mapping": [10, 4, 12, 0, 3, 13, 5, 2, 6, 1, 7, 9, 15], "R": [[0.46630986898107674, 0.8291228717991705, 0.3083996912293318], [0.7045813083643078, -0.13730322058410754, -0.6962133333403434], [-0.5349021274910871, 0.5419438061983254, -0.6482103246082869]], "T": [0.013606208718466399, 0.0006891155400619922, -0.03737268006936276], "aligned_model": [[-0.48136490908928525, 0.27043956574251277, -0.26774504190450676, 0.5473970603623386, 0.5552938899415265, -0.7276705689472146, 0.07264172958502718, 0.5689397210064968, 0.13127225048640964, -0.6220938817963527, -0.07978862307797219, -0.5055500213687707, 0.034212108343722326], [0.6150460154296661, 0.3820314735310447, 0.342240254102409, -0.4930010706405267, -0.1946305606258722, 0.08796485929758463, 0.2854592426286724, 0.4789083337758627, -0.7496689127744481, -0.50323283540536, -0.6645763207171745, -0.0473570152517875, -0.08035086977805286], [0.13278040212508432, -0.6152107807045246, -0.34171458189773707, 0.13472866530931762, -0.348339082682413, -0.09467135977296381, 0.5297027149718034, 0.08566510268092944, -0.24096393683204526, 0.03310144824567217, 0.3089578413098609, 0.4944135023733446, 0.034670414462314614]], "inverted": true, "swapped": true, "error_lsq": 0.05100249783682994, "error_max": 0.30505509648755663, "target": "422.xyz", "model": "2.xyz", "model_rescale": 3.932901565614263, "target_rescale": 4.213823967237888},
{"mapping": [11, 2, 4, 5, 12, 14, 3, 13, 9, 1, 0, 8, 6, 15], "R": [[0.1241555901568542, 0.8453764760902539, 0.5195421090787805], [-0.3270886567575345, 0.529196196285985, -0.7829204279216356], [-0.9368022203503549, -0.07273238281308725, 0.34221572207742806]], "T": [0.028142218962716927, -0.10145844183904934, -0.02664581226404786], "aligned_model": [[-0.22793680068887182, 0.35862739787287773, 0.08358262834965567, 0.00241860922647388, -0.38046899043480453, -0.2657098335173968, 0.5851193507574719, -0.69033636479706, -0.40100319248257293, -0.3555353263027667, 0.72086883341265, 0.4895508757676154, 0.4179626079580043, 0.08267011693142753], [-0.02467320546510421, 0.15837977949255733, -0.5577561571416293, 0.5197275062619771, -0.32640335965360295, -0.618975974033257, -0.4258595429884896, -0.1690811397967057, 0.3790974340423672, -0.18355357958061203, -0.03019216790393281, 0.46817786531120614, -0.4750749384635565, -0.050315881730729074], [-0.763388159591827, -0.6394189120328566, -0.6045740031672688, -0.16671734916969666, -0.292871962731948, 0.33189754572448515, -0.13985280706207923, 0.17236964103064747, 0.34688923528938553, 0.6868459326813301, 0.244153933199284, 0.43900585575451084, 0.5450032458521846, 0.05455416728094545]], "inverted": true, "swapped": true, "error_lsq": 0.04683232739416493, "error_max": 0.32958461041758164, "target": "422.xyz", "model": "3.xyz", "model_rescale": 3.9243930471874484, "target_rescale": 4.213823967237888},
{"mapping": [13, 12, 10, 9, 5, 14, 1, 11, 2, 3, 8, 6, 15], "R": [[0.06934954767138751, -0.34791918497995616, 0.9349560850439216], [-0.7436463013961303, -0.6427486733244795, -0.1840226110005974], [0.6649667801158413, -0.6825147497765192, -0.3033031448565376]], "T": [-0.0426978876802674, 0.045369119549459255, -0.07302232913307616], "aligned_model": [[-0.018099258981666186, -0.09743484532700525, 0.4552967885579221, 0.3896772345883108, 0.5848818636426197, -0.5701998389216357, -0.24293038780890536, 0.28716932891171165, 0.30681945292287505, -0.4270405370916616, 0.26916445156414276, -0.6317345576344503, -0.02836380811090569], [-0.6122788904565055, -0.06169054956034316, -0.25788206924923057, -0.5452959783910111, 0.09256198557649227, -0.3890729710495039, -0.7168175537882295, 0.3557725723796718, 0.6917402576106255, 0.54501810983603, 0.039085718255737874, -0.04089357816024426, 0.02758250067809726], [-0.4297932046988419, -0.5964550300665746, -0.6310751028173333, 0.06407129390481328, 0.02732811079023406, -0.19843574861202568, 0.13190927254322982, -0.7126308336619871, -0.1837887818322036, 0.10278164633256262, 0.7374820491129227, 0.4407153629868562, 0.03496128138931154]], "inverted": false, "swapped": true, "error_lsq": 0.04781134779838303, "error_max": 0.29912502485851905, "target": "422.xyz", "model": "4.xyz", "model_rescale": 3.8936222436046832, "target_rescale": 4.213823967237888},
{"mapping": [4, 12, 2, 3, 5, 9, 1, 7, 6, 14, 0, 15], "R": [[0.01603691850430733, 0.10673549515172658, 0.994158111831112], [-0.3676086332523335, 0.9252774732913699, -0.09341033228658224], [-0.9298423038361061, -0.36396309084061546, 0.05407548892528237]], "T": [-0.17404470637101147, -0.07906431283091503, -0.11031882165370571], "aligned_model": [[0.008029578328323989, -0.34372738274329573, -0.35631159700129633, 0.36494324105157316, -0.6858357174920922, -0.6661231641712284, -0.12142492167238304, 0.04492938932505805, 0.5163687235124408, 0.13718244653480663, 0.28178026385602906, -0.1522628173128388], [-0.4942402523590568, -0.5791025094093936, 0.17559970881277348, 0.05483321836766647, 0.29319026871241766, 0.04545859593160352, -0.2242359430091207, 0.3442875638909894, 0.07407459217776485, -0.5468401560565783, 0.5126100787481567, 0.013287739302584409], [-0.6932082896595753, -0.20834581278645437, -0.7842270076883904, -0.45649632975120874, -0.18548669459690056, 0.4346408120089444, 0.6891653223645642, 0.47625517982756643, 0.23349746574538338, 0.2983989100652765, -0.130972082362839, -0.0539367538908482]], "inverted": true, "swapped": true, "error_lsq": 0.04655845537184955, "error_max": 0.24634703636084124, "target": "422.xyz", "model": "5.xyz", "model_rescale": 3.6523030999806103, "target_rescale": 4.213823967237888},
{"mapping": [11, 4, 3, 2, 0, 10, 14, 5, 13, 9, 7, 8, 15], "R": [[0.15898515321507375, 0.9864775709925891, 0.039821137424000674], [-0.3236842033050046, 0.013976719464325021, 0.9460619365791123], [0.9327123123385819, -0.16329927507976635, 0.32152929753047205]], "T": [0.030170839639092437, 0.027724059368606106, 0.08799352508685958], "aligned_model": [[-0.007490377690473879, -0.0019396440719566116, 0.3982498696596089, 0.5600511625118155, 0.6110764514967594, -0.37676717409182126, -0.5281233431471466, 0.30929628873450504, -0.6689320715711481, -0.2115086631108259, 0.1265028199681948, 0.5871877579650463, 0.08347982801173695], [-0.6002326851342983, -0.022072936663155775, 0.4183587040860674, -0.36581747406932313, 0.47335679639016837, -0.6672577840023072, 0.44076574968859633, -0.46161550517744515, -0.13803204166501204, -0.23872326130247873, 0.45487240559252384, 0.17550570451879388, 0.07171923190105398], [0.555447996580434, 0.8240447555362562, 0.4624235258161032, 0.42943038811712836, -0.0611429228988946, 0.03522450338286405, 0.10875242576831698, -0.20998213818836414, -0.12217661969617101, -0.5640992666362209, -0.5280502762841689, -0.5617046240424947, 0.0019419920270005997]], "inverted": true, "swapped": true, "error_lsq": 0.05388409608495822, "error_max": 0.28993227759883516, "target": "422.xyz", "model": "6.xyz", "model_rescale": 4.08911054899281, "target_rescale": 4.213823967237888},
{"mapping": [10, 9, 13, 11, 4, 3, 12, 14, 2, 5, 0, 8, 6, 7, 15], "R": [[-0.761838281582323, -0.6278423888794269, 0.15942511546763186], [0.1751625465719198, 0.03727410897872746, 0.9838336866962232], [-0.623634921243297, 0.7774474744482849, 0.08157762855005202]], "T": [-0.006687399653153944, -0.01276708398618396, -0.06548578392607982], "aligned_model": [[0.051335369802367775, 0.43026057017155, 0.5591416576612797, -0.48336608421339294, -0.41229357612434087, -0.3335636857589133, 0.045069428846155446, 0.5521388758606495, -0.7387426374679426, -0.23587031297702793, -0.17691369484831, 0.0035726885218652846, 0.3247673334235868, 0.43160929729998165, 0.01918830960204571], [-0.6878230231933375, -0.5797295622867078, -0.3298407350177409, -0.34448546069801816, 0.2889571305443708, 0.5444213960395891, -0.10689643400549681, 0.30035886830640557, -0.14024416527913167, -0.5528946198501973, 0.3666407760532804, -0.13341314312095426, 0.6061788241952886, 0.07904080776819988, -0.009511843286436946], [-0.5040239424162503, 0.14008217472712575, -0.4392413631095863, -0.591795648373207, -0.6037499995287519, 0.0392439384489803, -0.5916992347780067, -0.3345435774000496, -0.05700350373187438, 0.18329355385942647, 0.5552832797967128, 0.7944875912040094, 0.28859837349701356, 0.5433761394811965, 0.04176225040534133]], "inverted": true, "swapped": true, "error_lsq": 0.05122544174880485, "error_max": 0.34785382295747735, "target": "422.xyz", "model": "7.xyz", "model_rescale": 3.964800864290218, "target_rescale": 4.213823967237888},
{"mapping": [8, 0, 7, 5, 1, 2, 9, 6, 3, 12, 11, 13, 14, 15], "R": [[-0.1906850667983404, -0.24366169949347896, 0.9509301664686332], [-0.6026293464867136, -0.7356283999510986, -0.3093359467284451], [0.7749045593188295, -0.6320441704385354, -0.006564340146165748]], "T": [-0.013149180032843277, -0.07465928188856338, 0.19161252526792155], "aligned_model": [[-0.11020952056883455, 0.25349463279384743, 0.27030933435970905, -0.596866021903613, 0.32428200629299986, -0.456254100697705, -0.32147464929538827, 0.6912209396537483, 0.33815380645012794, -0.07764479566553024, -0.527549135353808, -0.04441675798699547, 0.5159868658405304, 0.002155285541784289], [-0.20329099298712022, -0.5263495967096399, 0.1324753905684782, -0.09328295167398623, 0.6156491288098062, -0.6588843648043122, 0.508648386691319, -0.13478854804260673, -0.6264259331209914, 0.12808354787021803, -0.22860453971918046, 0.6399275082010997, 0.33505658542983685, -0.0772651543317194], [-0.6617620232871908, -0.34051385341382395, -0.4777095372760401, -0.06349829203954327, -0.07789263813489583, 0.3123034873114888, -0.15380857214707722, -0.15274059830736464, 0.21198892623522705, 0.684740663011471, 0.7625374474197069, 0.4124733711615596, 0.3783602627585638, 0.08233639543294048]], "inverted": true, "swapped": true, "error_lsq": 0.04256929610883783, "error_max": 0.29860646408123753, "target": "422.xyz", "model": "8.xyz", "model_rescale": 4.121658175737393, "target_rescale": 4.213823967237888},
{"mapping": [2, 4, 3, 0, 11, 5, 12, 9, 14, 10, 8, 7, 15], "R": [[-0.49817074809046036, -0.5292176180846884, 0.686843954953205], [-0.47666673398522447, 0.828851269024273, 0.29290680864177915], [-0.7243029272748045, -0.18147806078317447, -0.6651698903254176]], "T": [0.044827410318136245, -0.042534778698279305, -0.07005193297771226], "aligned_model": [[-0.6292853772160004, -0.09260949198472476, 0.08858494565084757, 0.09304384469230764, -0.5117879645778561, -0.46172591852939565, 0.057336572273005294, 0.0720317982352085, 0.6939130482656383, -0.2718429660159619, -0.053831485840125017, 0.4297774910637783, 0.06313300041847514], [0.016552689486451236, -0.44633836510172825, 0.22598058543272898, 0.6650443036119137, -0.5761603223855707, 0.09577065140743517, -0.5785155240606431, -0.025913248673015796, -0.2903368063978344, -0.631403530740233, 0.7582565618304024, 0.518525664051122, 0.058924780950682196], [-0.3771477605801127, -0.6728255217464323, -0.6652495478651389, -0.3051871367311555, -0.21035455850768733, 0.29109769626742743, -0.10179876206110648, 0.6739990140528827, -0.07301066769463088, 0.3819838453707093, 0.25121835520633007, 0.2589923501201574, -0.030641871872154468]], "inverted": true, "swapped": true, "error_lsq": 0.0469890715167421, "error_max": 0.25817165777280904, "target": "422.xyz", "model": "9.xyz", "model_rescale": 3.833441315466971, "target_rescale": 4.213823967237888},
{"mapping": [10, 11, 14, 3, 4, 12, 2, 0, 7, 6, 9, 8, 5, 13, 15], "R": [[0.5563214328190418, -0.5495356690904332, 0.623311328136669], [0.17764113005405893, -0.6541132321242218, -0.735241122675494], [0.8117574097593968, 0.5197561235400059, -0.2662770732590036]], "T": [-0.10310965359929494, 0.018890114452787366, 0.05592752057805038], "aligned_model": [[0.04441215555007996, -0.2450496412394075, -0.5253386463203412, -0.4052033649479665, -0.6923590124280715, -0.4198313168857487, 0.0060659049279301325, 0.08754461139503739, 0.26491766758642776, -0.281002520790545, 0.42791338701043913, 0.6019920981206437, 0.4543478304175058, -0.16625109417021192, -0.02831303993123939], [-0.7719433624244942, -0.5009715779561156, -0.02785606753952775, 0.5410148085089558, -0.06639301630926346, -0.41420660713660984, 0.04905957441856114, 0.7393885818833343, 0.4289741205856849, 0.6505561066300988, -0.3168589323794117, 0.5149911331450924, -0.16293945051328526, -0.5516986340950134, 0.08998486247697249], [-0.008899996431133914, -0.5131582232701358, 0.6057131484438247, -0.19784524561410938, -0.38087245486988175, 0.03238357353349719, -0.6785094935014215, 0.00287607403254668, 0.5732596422353818, 0.489152716060391, 0.4558215986191122, 0.16047533691429933, -0.19373802467209306, 0.5363784481074955, 0.09508480823432032]], "inverted": false, "swapped": true, "error_lsq": 0.04791696555331754, "error_max": 0.30417627490626215, "target": "422.xyz", "model": "10.xyz", "model_rescale": 4.2482417240324, "target_rescale": 4.213823967237888},
{"mapping": [13, 1, 8, 6, 11, 2, 5, 3, 14, 4, 12, 15], "R": [[-0.13177292124323814, 0.6571145873394326, 0.7421834788869601], [0.9015547653884388, 0.3907113557376547, -0.18585919805874834], [-0.41211030347762545, 0.6446278427149817, -0.6439099643305797]], "T": [0.002212238521572471, 0.060117716796745636, 0.005704486656498253], "aligned_model": [[-0.5837300404552321, -0.10178039970208566, 0.47403405037137897, 0.6222058301211175, -0.492060658464583, 0.05640480654380954, -0.18591461441077256, 0.5416660899880051, -0.05289049374604156, -0.05022695854292698, -0.42061658130255597, 0.06967457196289337], [-0.3785170087113725, -0.7454754138592262, -0.18382656087868546, -0.361980586869365, 0.6660382560697216, 0.7631910476037804, 0.21806518681163714, 0.34006081743864314, -0.40696872245883536, 0.5943833895595737, 0.15531157080817698, 0.005849414536591067], [-0.15133906951982748, -0.05107385007633787, 0.6927927736902133, -0.23045824598621092, -0.04736458690642559, 0.24017897060600113, 0.5937645223576256, -0.23698219608797227, -0.5056864710197573, -0.5013384694552387, -0.3114604845705329, 0.0741593968228197]], "inverted": true, "swapped": true, "error_lsq": 0.044432267457953895, "error_max": 0.2320347618284368, "target": "422.xyz", "model": "11.xyz", "model_rescale": 3.6694154284099745, "target_rescale": 4.213823967237888},
{"mapping": [6, 1, 9, 13, 14, 0, 3, 2, 10, 11, 5, 4, 8, 15], "R": [[0.3958074772619201, -0.8905333171419808, 0.2242473009952517], [-0.35762896341152156, -0.37438596841393224, -0.8555329749249664], [0.8458356610315951, 0.25842901871667323, -0.46666527277308983]], "T": [0.0743715535076208, 0.009849733700429214, 0.003597794648323299], "aligned_model": [[0.004442910540674486, 0.19980222624624855, -0.1323389962739563, 0.5031185688963963, 0.5664588105801318, -0.4498027668847454, 0.025109579406316473, -0.18089987061800894, 0.32190925373487306, 0.3340514536626337, -0.36063388468931945, 0.5285493443529579, -0.745535608000021, -0.015966170698370946], [-0.4843225116275641, 0.3201047884947523, 0.6643175165762388, 0.5625214782128909, -0.0332201103956076, -0.4872938153743752, -0.6375607372734389, -0.14593553975637424, 0.7117298174628531, 0.2101032314666164, 0.38650650663685693, -0.3435633822339651, 0.005918443163761805, 0.0016816027836084792], [-0.6040498373818479, -0.7387144629615459, -0.28548841316185347, -0.26308815335679714, -0.4849939412511365, -0.18711434383629266, 0.08550239416214589, 0.683887935061361, 0.3158033587722616, 0.7154451162452075, 0.2775570357907763, 0.4663114659531673, -0.28267434578791417, -0.05928834859511667]], "inverted": true, "swapped": true, "error_lsq": 0.04576564887108568, "error_max": 0.2498248461141998, "target": "422.xyz", "model": "12.xyz", "model_rescale": 3.9764082729961374, "target_rescale": 4.213823967237888},
{"mapping": [14, 10, 4, 6, 5, 7, 13, 11, 3, 8, 2, 0, 9, 1, 12, 15], "R": [[0.6150278849701423, 0.20244484396377324, -0.7620740028774353], [-0.05993107951522256, 0.9756852404502714, 0.2108235690705309], [0.7862245012827405, -0.08399045612437381, 0.6122063678717546]], "T": [0.030525894389905883, 0.0376749204386464, -0.02870189167963007], "aligned_model": [[0.3593274516723906, 0.7102592817263171, -0.5138365750524103, -0.2547783817345071, -0.770374768430854, -0.12321680849900413, 0.21395859748780433, 0.7760631027424107, 0.47624883475914986, 0.6152916842509801, 0.1400709590542314, -0.46556422825854654, -0.36241945780100704, 0.24576502005548095, 0.09704948519416662, 0.01674063931997339], [-0.5693140274036144, 0.46325522949443726, -0.40106544552914125, -0.4196631283155344, 0.15054946802063782, -0.3123200311001785, 0.020928426379572443, -0.17414569792059048, -0.6076203118131518, 0.013411793858127422, 0.2948145480618669, 0.14611647492657448, 0.4839205749610189, 0.5914442200431543, 0.5630769014213941, -0.06600099648482617], [-0.43151945919751733, -0.0833902966884746, 0.13573689605715458, -0.5700910168807881, -0.249249779078595, 0.6231419654892002, -0.612270691871884, -0.20147629762355104, 0.2768608203375678, 0.36767306760165536, 0.7183848533638085, 0.4901843703982424, 0.060505128947005674, 0.19565108882040091, -0.3847087809306388, -0.0032078577539440753]], "inverted": true, "swapped": false, "error_lsq": 0.03978466021684967, "error_max": 0.2746407761619914, "target": "422.xyz", "model": "13.xyz", "model_rescale": 4.170626492500431, "target_rescale": 4.213823967237888},
{"mapping": [9, 7, 5, 0, 10, 4, 2, 1, 13, 6, 14, 3, 12, 15], "R": [[-0.4281533013826358, -0.8655411294432649, -0.2598524653668456], [0.8805583227062743, -0.33490484107284985, -0.33534428240046416], [0.2032284203251672, -0.3723940126640694, 0.9055500585302231]], "T": [-0.08987210071292982, 0.08949009316406946, 0.06023358930321983], "aligned_model": [[0.3899579999001827, -0.020246243819745782, -0.18991249752784012, -0.6336713280466038, 0.3904654082645389, -0.30539343035201966, -0.653505621922564, 0.5401122516464172, 0.653436334769337, -0.19121896536328092, 0.3742144617491868, -0.6075239560407301, 0.21189791421954052, -0.11542930538477592], [-0.200469540284254, -0.6626270642956118, 0.10073506263997269, -0.413904349266828, 0.5536877646824013, 0.6916725247161996, 0.4826823972596445, -0.4134081341429208, 0.17108131428500473, -0.49367840674304025, -0.031519678307369195, 0.06502764353438208, 0.5209715974203323, -0.01417666357224738], [-0.42998539367843974, 0.033446524695831856, -0.5690669679297653, 0.15593093509636052, -0.3927336043348733, 0.42929877788726717, -0.22251062781389558, 0.17526240847830596, 0.02520649082903971, 0.5778967825217625, 0.562933362710149, 0.4598753897624362, 0.1660554644579711, 0.03226355843871637]], "inverted": true, "swapped": true, "error_lsq": 0.03981377267165582, "error_max": 0.26871065508657804, "target": "422.xyz", "model": "14.xyz", "model_rescale": 3.9786697098870705, "target_rescale": 4.213823967237888},
{"mapping": [14, 3, 13, 1, 12, 10, 0, 5, 9, 7, 2, 15], "R": [[0.5965515653313147, 0.5841570486849306, 0.5503514989281578], [-0.7024467516595174, 0.04835264451092844, 0.7100919538002046], [0.38819426964311365, -0.8101990892617146, 0.439184067078643]], "T": [-0.10197055021871118, 0.0474466007427241, -0.061237947667553486], "aligned_model": [[0.13301947096692054, -0.7270818914500117, 0.5722524079691451, 0.49428198396528145, 0.06568328263953885, 0.4470403578020432, -0.5590179681249942, 0.05898064573348602, 0.5709908739329213, 0.08087948863518304, -0.5548872341849567, -0.09878682111722023], [-0.3351315688582982, -0.12813192200909618, 0.08026617351942913, -0.4938501798730952, 0.35059060553666177, 0.635346569821751, -0.3976491420830969, 0.36819014930181526, -0.004927493916825516, -0.6013102453152814, 0.5689320380487597, -0.02765049394828447], [-0.5914646902228112, -0.14299011493409097, -0.38487004364351085, -0.18165078444615498, -0.47164701722412344, -0.12714339901413513, 0.32770804320315444, 0.4654232434661996, 0.2534174854205273, 0.2807064093667745, 0.21289093188927383, 0.01958643001272692]], "inverted": false, "swapped": true, "error_lsq": 0.047309825102526314, "error_max": 0.21316130095590716, "target": "422.xyz", "model": "15.xyz", "model_rescale": 3.769337070930944, "target_rescale": 4.213823967237888},
{"mapping": [14, 4, 1, 13, 6, 3, 7, 2, 9, 10, 15], "R": [[0.31667818992890134, -0.9183687910593288, -0.23730505184589373], [0.9463348471163, 0.2888744380963974, 0.14492037864931398], [-0.06453898943061158, -0.27046316315298513, 0.9605646236566063]], "T": [0.04719166764446977, -0.07747268237301719, 0.05147044162093606], "aligned_model": [[-0.3030530605279463, -0.26913977844599873, -0.09409806231743292, -0.536339852362762, 0.40953595120732433, 0.3601756982047744, 0.5030316802621966, 0.24581990374757717, -0.011777535301157514, -0.5215433956822708, 0.14001458190686655], [0.2187544557329567, -0.7207879234152633, 0.6801523483166718, 0.3889749114103811, 0.14169891265384738, -0.5056219156770645, 0.49398027533400013, -0.6774290759890029, 0.5603435500455913, 0.033819911934557814, -0.017820952721333265], [-0.4703579568682862, -0.1256231909045892, -0.21132237709124757, 0.09952314874912974, -0.6111020449601816, -0.33194141797115534, -0.1406152823363492, 0.44240058387936754, 0.4313931344503296, 0.6131974798531266, 0.04866553042363238]], "inverted": false, "swapped": true, "error_lsq": 0.04481153946249697, "error_max": 0.2472949481169457, "target": "422.xyz", "model": "16.xyz", "model_rescale": 3.7852294659196426, "target_rescale": 4.213823967237888},
{"mapping": [5, 4, 3, 2, 10, 12, 1, 14, 0, 8, 9, 6, 15], "R": [[-0.31716411346570694, 0.7846795390576463, 0.5326208277131039], [-0.9426970092301766, -0.32219132748993284, -0.08668966073734083], [0.10358220850123143, -0.5295949107332458, 0.8419025814234404]], "T": [-0.062378172826384415, 0.01716925103789496, 0.020348362669045078], "aligned_model": [[-0.08134710036076004, -0.3030519610203354, 0.35839068235166366, 0.003001714393384508, -0.7813180140337508, -0.5657853372259161, -0.11500437230968313, -0.228409991882259, 0.6831869037421952, 0.6079597281729054, -0.24214220965120237, 0.49204279899522324, 0.026243009044817744], [0.03330468233499496, -0.6075621083970344, -0.39081487817185295, -0.610291893825011, 0.10205883245500394, -0.08503321298830487, 0.7926232059437079, 0.3527757696192613, -0.031666421891941986, 0.3422154212153991, 0.6300182581599676, 0.2722245035406707, 0.07520346570801348], [-0.6164667983566614, 0.3319074967655661, 0.3115148859261001, -0.37239227512998674, -0.3364458959417759, 0.17711437578111802, 0.2630831715363169, 0.6056076762895495, 0.014931725183957162, -0.42597778787957563, -0.36270405057669275, 0.5162274528177553, -0.010645279272496859]], "inverted": true, "swapped": true, "error_lsq": 0.05173498881688632, "error_max": 0.23352950408957723, "target": "422.xyz", "model": "17.xyz", "model_rescale": 3.901054581598922, "target_rescale": 4.213823967237888},
{"mapping": [4, 3, 11, 12, 0, 5, 6, 14, 2, 9, 8, 1, 13, 10, 15], "R": [[0.41932543283348567, 0.7063035768069821, -0.5703520305641716], [-0.04185658174851836, 0.6426278871329076, 0.7650342640976449], [0.906870557435481, -0.2969253375324492, 0.29903367032476713]], "T": [0.025761499714983517, -0.006008544980038305, -0.041322051444293434], "aligned_model": [[-0.05159223598289902, -0.021523339198744794, -0.4073999590534268, 0.1533857575579256, -0.09419692291231696, -0.4790886862901139, 0.5089597327559057, 0.7122328796679248, -0.6601491463072352, 0.08771343841867166, -0.2284610687980205, 0.6734111642300481, 0.45270715073468404, -0.13041407798381835, 0.023501524250449782], [-0.02280175284219005, -0.5778342894535627, 0.4397267168553626, 0.3888012343461623, -0.7054617753017887, 0.20598490070471617, -0.6076648957248088, 0.05083791345435004, -0.09566281961310388, 0.418318811895104, -0.4164054338091888, 0.15137992071074036, 0.5989661132174499, 0.7857014571945163, -0.0651287518066532], [-0.7754995678306893, -0.35605191244684464, -0.518766236842877, -0.3823161667121284, 0.19246567651443688, 0.28477423854451933, 0.10987639784074332, -0.13216416228405525, -0.3128288161072206, 0.567559231941605, 0.6805922275561649, 0.42643571001774894, 0.06874397085512945, -0.05500929635708937, 0.05185511016253265]], "inverted": false, "swapped": true, "error_lsq": 0.0438886750354298, "error_max": 0.24498480005823262, "target": "422.xyz", "model": "18.xyz", "model_rescale": 3.9405287249114394, "target_rescale": 4.213823967237888},
{"mapping": [13, 8, 14, 11, 10, 12, 9, 7, 4, 0, 1, 3, 2, 6, 5, 15], "R": [[-0.7528934590284104, 0.3858997171795035, -0.5331349244169006], [0.4639594224148487, -0.2633322707064283, -0.8458118996308082], [-0.46679020309418995, -0.8841592184020792, 0.019219334273312627]], "T": [0.09826900976905809, -0.086932183150674, 0.0648892029491287], "aligned_model": [[0.009309325926230266, 0.6725307478579572, -0.5400683523821409, -0.27909806528677583, -0.6405942467662734, -0.0011456208735925177, 0.33452364700247306, 0.6814745151838044, 0.6745099406948232, 0.5828111462768867, -0.003784013253408214, -0.5568649900595312, -0.3021005552161731, 0.2799270510664451, 0.17737648251077914, 0.07177782380507208], [-0.6436836287660592, 0.3811358501247253, -0.5196924049123703, -0.12215645631870023, 0.13286014285787845, -0.4485800372223635, -0.088579917072117, -0.2921383377244712, -0.4065577106520264, 0.1749057432497408, 0.2759674141731475, -0.07436538603450668, 0.6792086252117566, 0.6281888986985205, 0.5590746858901701, -0.05819948290357785], [-0.30041046558032647, -0.08810729351001648, -0.0057009140560293076, -0.547945638703502, -0.0889823620532498, 0.46422192521080374, -0.6653100015938279, -0.2718411365219497, 0.3818291662093146, 0.47639142190148237, 0.6065611393955563, 0.6090124543846838, -0.024875802528198473, 0.1827265905604232, -0.4524885851973389, 0.05714351307181807]], "inverted": false, "swapped": false, "error_lsq": 0.04829282489180332, "error_max": 0.43261398048676525, "target": "422.xyz", "model": "19.xyz", "model_rescale": 4.410303926677745, "target_rescale": 4.213823967237888},
{"mapping": [8, 0, 7, 5, 1, 2, 9, 6, 3, 12, 11, 13, 14, 15], "R": [[-0.1906850667983404, -0.24366169949347896, 0.9509301664686332], [-0.6026293464867136, -0.7356283999510986, -0.3093359467284451], [0.7749045593188295, -0.6320441704385354, -0.006564340146165748]], "T": [-0.013149180032843277, -0.07465928188856338, 0.19161252526792155], "aligned_model": [[-0.11020952056883455, 0.25349463279384743, 0.27030933435970905, -0.596866021903613, 0.32428200629299986, -0.456254100697705, -0.32147464929538827, 0.6912209396537483, 0.33815380645012794, -0.07764479566553024, -0.527549135353808, -0.04441675798699547, 0.5159868658405304, 0.002155285541784289], [-0.20329099298712022, -0.5263495967096399, 0.1324753905684782, -0.09328295167398623, 0.6156491288098062, -0.6588843648043122, 0.508648386691319, -0.13478854804260673, -0.6264259331209914, 0.12808354787021803, -0.22860453971918046, 0.6399275082010997, 0.33505658542983685, -0.0772651543317194], [-0.6617620232871908, -0.34051385341382395, -0.4777095372760401, -0.06349829203954327, -0.07789263813489583, 0.3123034873114888, -0.15380857214707722, -0.15274059830736464, 0.21198892623522705, 0.684740663011471, 0.7625374474197069, 0.4124733711615596, 0.3783602627585638, 0.08233639543294048]], "inverted": true, "swapped": true, "error_lsq": 0.04256929610883783, "error_max": 0.29860646408123753, "target": "422.xyz", "model": "20.xyz", "model_rescale": 4.121658175737393, "target_rescale": 4.213823967237888},
{"mapping": [11, 4, 3, 2, 0, 10, 14, 5, 13, 9, 7, 8, 15], "R": [[0.15898515321507375, 0.9864775709925891, 0.039821137424000674], [-0.3236842033050046, 0.013976719464325021, 0.9460619365791123], [0.9327123123385819, -0.16329927507976635, 0.32152929753047205]], "T": [0.030170839639092437, 0.027724059368606106, 0.08799352508685958], "aligned_model": [[-0.007490377690473879, -0.0019396440719566116, 0.3982498696596089, 0.5600511625118155, 0.6110764514967594, -0.37676717409182126, -0.5281233431471466, 0.30929628873450504, -0.6689320715711481, -0.2115086631108259, 0.1265028199681948, 0.5871877579650463, 0.08347982801173695], [-0.6002326851342983, -0.022072936663155775, 0.4183587040860674, -0.36581747406932313, 0.47335679639016837, -0.6672577840023072, 0.44076574968859633, -0.46161550517744515, -0.13803204166501204, -0.23872326130247873, 0.45487240559252384, 0.17550570451879388, 0.07171923190105398], [0.555447996580434, 0.8240447555362562, 0.4624235258161032, 0.42943038811712836, -0.0611429228988946, 0.03522450338286405, 0.10875242576831698, -0.20998213818836414, -0.12217661969617101, -0.5640992666362209, -0.5280502762841689, -0.5617046240424947, 0.0019419920270005997]], "inverted": true, "swapped": true, "error_lsq": 0.05388409608495822, "error_max": 0.28993227759883516, "target": "422.xyz", "model": "21.xyz", "model_rescale": 4.08911054899281, "target_rescale": 4.213823967237888},
{"mapping": [0, 12, 1, 6, 8, 2, 7, 13, 4, 14, 15, 11, 5, 9, 10, 16], "R": [[0.9580628868726712, -0.2707340219827434, 0.09390736998899805], [0.25162337934047957, 0.9516163994903358, 0.17638566605687256], [-0.13711739410621931, -0.14535927064379783, 0.979831364404826]], "T": [0.08651702668142902, 0.004563989183112649, 0.05850258274791331], "aligned_model": [[0.043836408328859475, 0.701200161681449, -0.4848187791735775, -0.24124282660758256, -0.5870181305491958, 0.1273440862178605, 0.38468607142016364, 0.6903394407766622, 0.4231262486537463, 0.5185073398064971, -0.04521277349398001, -0.555457929300238, -0.27107825750015496, 0.19812095855838108, 0.1481022608585704, 0.11015055680911529], [-0.6465218870402017, 0.38507864844781386, -0.4889468544185324, -0.11396549020505593, -0.005014117149821839, -0.4967667010962111, -0.02500199260972085, -0.17978029636270032, -0.6025579226545084, 0.25426720986726187, 0.05391076353416436, 0.21780365824910264, 0.5915227346920657, 0.7033160689511521, 0.5606973488722365, -0.030653172477297687], [-0.35904375573302166, -0.09097231034554337, 0.30349406313374644, -0.6003512475052802, -0.105877069014297, 0.576435512350693, -0.5864914183789576, -0.13680651240908795, 0.12475514283114325, 0.46205587153779815, 0.7738480751507567, 0.41667855861370334, -0.10066430372605134, 0.14119299919360837, -0.5229252755347551, 0.03689568082518835]], "inverted": false, "swapped": false, "error_lsq": 0.04406394327602702, "error_max": 0.36440179518773597, "target": "422.xyz", "model": "22.xyz", "model_rescale": 4.204369325754507, "target_rescale": 4.213823967237888},
{"mapping": [13, 8, 14, 11, 10, 12, 9, 7, 4, 0, 1, 3, 2, 6, 5, 15], "R": [[-0.7528934590284104, 0.3858997171795035, -0.5331349244169006], [0.4639594224148487, -0.2633322707064283, -0.8458118996308082], [-0.46679020309418995, -0.8841592184020792, 0.019219334273312627]], "T": [0.09826900976905809, -0.086932183150674, 0.0648892029491287], "aligned_model": [[0.009309325926230266, 0.6725307478579572, -0.5400683523821409, -0.27909806528677583, -0.6405942467662734, -0.0011456208735925177, 0.33452364700247306, 0.6814745151838044, 0.6745099406948232, 0.5828111462768867, -0.003784013253408214, -0.5568649900595312, -0.3021005552161731, 0.2799270510664451, 0.17737648251077914, 0.07177782380507208], [-0.6436836287660592, 0.3811358501247253, -0.5196924049123703, -0.12215645631870023, 0.13286014285787845, -0.4485800372223635, -0.088579917072117, -0.2921383377244712, -0.4065577106520264, 0.1749057432497408, 0.2759674141731475, -0.07436538603450668, 0.6792086252117566, 0.6281888986985205, 0.5590746858901701, -0.05819948290357785], [-0.30041046558032647, -0.08810729351001648, -0.0057009140560293076, -0.547945638703502, -0.0889823620532498, 0.46422192521080374, -0.6653100015938279, -0.2718411365219497, 0.3818291662093146, 0.47639142190148237, 0.6065611393955563, 0.6090124543846838, -0.024875802528198473, 0.1827265905604232, -0.4524885851973389, 0.05714351307181807]], "inverted": false, "swapped": false, "error_lsq": 0.04829282489180332, "error_max": 0.43261398048676525, "target": "422.xyz", "model": "23.xyz", "model_rescale": 4.410303926677745, "target_rescale": 4.213823967237888},
{"mapping": [6, 9, 0, 5, 2, 7, 15, 14, 13, 11, 1, 3, 4, 10, 8, 16], "R": [[0.6320004223195309, 0.4169424910749583, 0.6532491296007542], [0.3834340261758392, -0.9007655108199167, 0.20396039342951014], [0.6734640404346178, 0.12157488907477168, -0.7291541212857104]], "T": [0.14504797624130097, -0.045024269733636255, 0.033995602387791674], "aligned_model": [[0.29828798938300594, 0.581771193088187, -0.4979999084565411, -0.21978711856173358, -0.7601614726131751, 0.13313656504541202, 0.43625752128953266, 0.7728804349013458, 0.41909706439860683, 0.6248542876620915, -0.05664218927581802, -0.5813823908274022, -0.3290314841473705, 0.17893946832256977, 0.10712352783282089, 0.05324134844504412], [-0.6125711550783751, 0.3605030384042367, -0.34455098845418775, -0.20121626352102256, 0.03211813539531068, -0.41678319012105247, 0.006632136084435733, -0.22344962201288332, -0.6911884632789195, 0.09898621745187354, 0.1728726061442743, 0.3822820488773657, 0.3669875057864843, 0.5867078199551612, 0.6586356380897515, 0.0014225348772936852], [-0.4479858506450126, -0.15898216278152125, 0.29314608732713743, -0.45396079741111905, -0.05283097311692678, 0.584980466134522, -0.6154986681377532, -0.14528291704927068, 0.07343614104106048, 0.4209947880615218, 0.8390902416611263, 0.3485734409422634, -0.24774778273685374, 0.18745530360457824, -0.38924326348979743, 0.09607995758568767]], "inverted": false, "swapped": false, "error_lsq": 0.04601160087177689, "error_max": 0.3872668941789821, "target": "422.xyz", "model": "24.xyz", "model_rescale": 4.28219845311461, "target_rescale": 4.213823967237888},
{"mapping": [12, 3, 14, 11, 10, 2, 9, 7, 13, 4, 0, 6, 8, 1, 5, 15], "R": [[0.7394063656142162, -0.5461734275659296, -0.39366586530973247], [-0.6677463088219906, -0.5202473619831013, -0.5324073153181037], [0.08598310033828008, 0.6565342865155699, -0.7493795013781127]], "T": [0.12650236039942803, -0.02400590852533434, 0.004996913148136068], "aligned_model": [[0.002064075447107322, 0.7114558982679728, -0.46136310974437084, -0.17866263807031463, -0.6495456847619585, -0.011093654280420473, 0.46219310570881894, 0.864223324326945, 0.3525412978431292, 0.6480851323219974, 0.06358853246128499, -0.5727517034049783, -0.35017583349549875, 0.20120494460357236, -0.04676033687029571, 0.12558148613358489], [-0.6436877729644225, 0.477302949772173, -0.5031443179363447, -0.1441958498219495, 0.02503332299016973, -0.3793696479836469, -0.045778007449612204, -0.25499474364331826, -0.5694784946942617, 0.09614084851169778, 0.2745241325381196, 0.17269185689615585, 0.47850752838576127, 0.6064760652578735, 0.5874351328245577, -7.50040832057132e-05], [-0.4250372719539842, -0.07602241780039186, 0.07560285152676045, -0.429636004345089, -0.15327312255489087, 0.5738237530654757, -0.5812721233026445, -0.08421039138975922, 0.0704378287476993, 0.5031582743884124, 0.7616182430567161, 0.5384300188814015, -0.041952017805536285, 0.08739474985714361, -0.5619251023018911, 0.075086742920221]], "inverted": false, "swapped": false, "error_lsq": 0.04565416385790719, "error_max": 0.31435298295805525, "target": "422.xyz", "model": "25.xyz", "model_rescale": 4.100010024507729, "target_rescale": 4.213823967237888},
{"mapping": [13, 1, 8, 6, 11, 2, 5, 3, 14, 4, 12, 15], "R": [[-0.13177292124323814, 0.6571145873394326, 0.7421834788869601], [0.9015547653884388, 0.3907113557376547, -0.18585919805874834], [-0.41211030347762545, 0.6446278427149817, -0.6439099643305797]], "T": [0.002212238521572471, 0.060117716796745636, 0.005704486656498253], "aligned_model": [[-0.5837300404552321, -0.10178039970208566, 0.47403405037137897, 0.6222058301211175, -0.492060658464583, 0.05640480654380954, -0.18591461441077256, 0.5416660899880051, -0.05289049374604156, -0.05022695854292698, -0.42061658130255597, 0.06967457196289337], [-0.3785170087113725, -0.7454754138592262, -0.18382656087868546, -0.361980586869365, 0.6660382560697216, 0.7631910476037804, 0.21806518681163714, 0.34006081743864314, -0.40696872245883536, 0.5943833895595737, 0.15531157080817698, 0.005849414536591067], [-0.15133906951982748, -0.05107385007633787, 0.6927927736902133, -0.23045824598621092, -0.04736458690642559, 0.24017897060600113, 0.5937645223576256, -0.23698219608797227, -0.5056864710197573, -0.5013384694552387, -0.3114604845705329, 0.0741593968228197]], "inverted": true, "swapped": true, "error_lsq": 0.044432267457953895, "error_max": 0.2320347618284368, "target": "422.xyz", "model": "26.xyz", "model_rescale": 3.6694154284099745, "target_rescale": 4.213823967237888},
