[{"mapping": [3, 4, 0, 8, 1, 11, 6, 12, 5, 13, 7, 14], "R": [[-0.2254285880368489, 0.8704141563777132, -0.4376769905683715], [0.9040173780007255, 0.019391831671520143, -0.4270556604672473], [-0.36322793390432684, -0.49193815997714296, -0.7912409966564528]], "T": [-0.02156535433451999, -0.037425776314847524, 0.032429233538662144], "aligned_model": [[-0.1634304421166109, 0.1672049316312999, 0.39110701373518064, -0.28922092891929263, -0.11702530616908037, -0.5496833300590014, 0.38542836651278806, -0.2601727622609216, 0.6199951162622592, 0.19827705978053295, -0.5232329817592634, -0.021604274177341804], [-0.41702003729175674, -0.7648688165976238, -0.13284844205133992, 0.6623985333986637, 0.35998890637977143, -0.5649572991972873, -0.2615603433998405, -0.5099529140993928, -0.05275121432483559, 0.47853837183331044, 0.3001464243854654, -0.043558133058077195], [-0.5360233129456479, 0.07580021304150467, -0.5951242533743618, -0.030722199205912668, -0.6284598079338773, -0.060973597131722096, 0.5262063676918245, 0.5213893490590032, 0.06820826037495692, 0.35144064495264604, 0.512063700355418, -0.021853619530269326]], "inverted": true, "swapped": true, "error_lsq": 0.04408189462889819, "error_max": 0.22825928124065592, "target": "424.xyz", "model": "0.xyz", "model_rescale": 3.751011558992144, "target_rescale": 3.83229448132006},
{"mapping": [3, 13, 2, 12, 7, 0, 1, 10, 5, 9, 4, 11, 6, 8, 14], "R": [[0.7819848120429577, -0.5428737748510084, -0.3062479686678051], [0.07053085072759468, -0.41110930391142, 0.9088534201581187], [-0.6192940762107951, -0.7323095007006835, -0.2831918825703405]], "T": [-0.022605709771899803, 0.027082029251105172, 0.04984542097950889], "aligned_model": [[-0.013894702480030281, -0.5337645984930243, -0.5223952263281144, 0.14650089328431953, 0.5688945434187987, 0.27489467054231664, 0.5143899648789382, -0.18883642711038245, -0.64438179100617, -0.42633874274068234, 0.07526612642951871, 0.2732422634626979, 0.6427874226754985, -0.31073482807311226, -0.025024601426926432], [-0.6314061848286312, -0.24191869618513104, -0.6158874856902032, -0.09400351815261548, -0.1732794809785704, -0.6516020085162826, -0.12460858025365698, 0.8259590091052595, 0.06922418562279486, 0.3620837079663558, 0.46009791488023966, 0.5419010770690671, 0.3729126220757788, -0.05740240754903142, 0.03995203906618415], [-0.33709550446365927, -0.3904469801549445, 0.19315886760874987, -0.6633981216410596, -0.17299923229058287, 0.21228316010480236, 0.46735129378874396, 0.13118832356540944, 0.09113210717395506, -0.3488563907571394, 0.7044386659654216, -0.48322710097549076, 0.01271153310718108, 0.6416749938004371, -0.003374164267733522]], "inverted": false, "swapped": false, "error_lsq": 0.03384386147008269, "error_max": 0.24189505668192418, "target": "424.xyz", "model": "1.xyz", "model_rescale": 3.9405287249114394, "target_rescale": 3.83229448132006},
{"mapping": [2, 1, 0, 7, 9, 5, 13, 8, 11, 4, 12, 6, 14], "R": [[-0.6677433943155122, 0.7375640958292538, -0.10058809020740925], [-0.7290211587970918, -0.6206397344624306, 0.2886771034088941], [0.1504889011659795, 0.26609307497561696, 0.9521279147655934]], "T": [-0.04956046294674375, -0.07965610859184435, 0.014684934025921801], "aligned_model": [[-0.2880951982899271, 0.22053940247962006, -0.4724591044534418, 0.5740740554659027, 0.5782128526069262, -0.5931686836155562, 0.06143626501585868, 0.5541521340748312, 0.1001903017808183, -0.6031781701583419, -0.08823865497945223, -0.4923938444067488, -0.05508807623655768], [0.6303438732142699, 0.4139226318461091, 0.26623289452362, -0.22734071508729284, -0.1979973487373003, 0.2181477537959649, 0.33160888860809745, 0.36341681863940206, -0.7320229433936516, -0.5775269781996899, -0.7419275760111189, -0.2220263965536535, -0.06599830907273932], [-0.07573202787965683, -0.5212735039600447, -0.5094761900349796, 0.44473593716244336, -0.3328176244010581, 0.18473730011384726, 0.49930725944052623, 0.08250201065260956, -0.3287017488978812, -0.09631358416330163, 0.2961061246517846, 0.5079651267707687, -0.037918729866413786]], "inverted": false, "swapped": true, "error_lsq": 0.04850792767192332, "error_max": 0.29280078310002655, "target": "424.xyz", "model": "2.xyz", "model_rescale": 3.932901565614263, "target_rescale": 3.83229448132006},
{"mapping": [12, 4, 6, 11, 10, 13, 5, 7, 9, 8, 0, 3, 2, 14], "R": [[-0.2837850834695371, 0.9034188877950372, 0.3214037018694189], [-0.1502834688411773, -0.37294548479826706, 0.9156017389463875], [0.9470379640717954, 0.21153245269642196, 0.24160528980753979]], "T": [0.05256354269369001, -0.07974914879039666, 0.05858709505658759], "aligned_model": [[-0.23021125275433119, 0.4344162646601304, 0.131604466158055, -0.06807775182452236, -0.5206136222052241, -0.175595505468654, 0.49230224257820604, -0.7161654953956614, -0.3202570826844944, -0.36309534593337245, 0.7551285427384083, 0.43332627262337087, 0.47987087132576456, 0.087177308235028], [0.09978658609277735, 0.15715474074163857, -0.4816419927628952, 0.6126206467443647, -0.49839586095037325, -0.6625133116246358, -0.532591077836526, -0.14645453112734821, 0.41998680522306064, -0.237733054245817, -0.008889577428105894, 0.4975900832630603, -0.5053795302738078, -0.05004328746490379], [-0.5794589225543407, -0.5453613178347092, -0.4817190455392986, -0.20972603727828942, -0.3819951527567829, 0.21558183728795166, -0.06256944981642909, 0.07534056680781442, 0.43292754239375153, 0.664928952800516, 0.3317330071616846, 0.15374463984912923, 0.5118213020464905, 0.08864844048960963]], "inverted": true, "swapped": true, "error_lsq": 0.03983861667982442, "error_max": 0.28128079054369953, "target": "424.xyz", "model": "3.xyz", "model_rescale": 3.9243930471874484, "target_rescale": 3.83229448132006},
{"mapping": [7, 8, 10, 12, 6, 9, 11, 13, 5, 0, 4, 3, 14], "R": [[0.6254610341970596, 0.05742803916286576, 0.7781391360284182], [-0.16551627188583132, -0.9648252856649903, 0.2042462530439308], [0.7624977760244027, -0.2565427614636168, -0.5939553460475472]], "T": [-0.040942575245336586, 0.010744444374438986, -0.10839606139897535], "aligned_model": [[0.08129991198234368, -0.3753933387345286, 0.6295164219588623, 0.3927080560397341, 0.6173539423909091, -0.589560780177277, -0.2266710525037448, 0.21098324388100512, 0.2707027523158473, -0.3871702412553192, 0.24870037189179686, -0.5084529207814571, -0.08681048069681932], [-0.52938524145092, -0.025557521714744943, -0.3222060246957076, -0.5052791839939677, 0.13220185002461615, -0.44133441427048603, -0.5602381239038566, 0.21964114306511462, 0.5656715482658523, 0.5885812223691725, -0.02298709306234184, -0.0006765875717866382, 0.02939798062064308], [-0.6459751882787368, -0.7808590927914426, -0.4792579861986324, 0.14648455885576417, -0.0007399205395503122, -0.26170876060313797, 0.3448213612061411, -0.6644657699465546, -0.018685725205857442, 0.23723149642469216, 0.5856196344886386, 0.40992762178413306, -0.08532191382449289]], "inverted": false, "swapped": true, "error_lsq": 0.03938170649886159, "error_max": 0.21688696684434441, "target": "424.xyz", "model": "4.xyz", "model_rescale": 3.8936222436046832, "target_rescale": 3.83229448132006},
{"mapping": [4, 3, 5, 6, 2, 1, 9, 8, 10, 12, 13, 14], "R": [[-0.4332623518311295, -0.6216986026357365, -0.6525140473327231], [0.6200547600769959, 0.3198105450222082, -0.7164169943534682], [0.6540763174061706, -0.7149909529311338, 0.24692530902078802]], "T": [-0.09074145680533235, -0.08512581724490038, -0.00917040383373793], "aligned_model": [[0.012921847313401152, -0.5776703329231372, -0.1550653482389537, 0.35669519679721545, -0.5569535110613123, -0.7727213110966575, -0.26099507799722066, -0.1978714577313607, 0.714886863264401, 0.4849684215621866, 0.12249146074724471, -0.1431387084207098], [-0.6266135094721929, -0.5853104366774783, 0.19817503007667864, -0.005696325002120653, 0.45272990361834414, 0.09672402303645931, -0.2950214047820157, 0.3929456032236076, 0.13340160210296026, -0.5152621109980127, 0.5233504906294992, -0.10049996064592212], [-0.5217458988859793, -0.017621426745892423, -0.5825096682676526, -0.5123477562245543, -0.2592335261274073, 0.3158826249084047, 0.6659736991229618, 0.5612264355358383, 0.024275462083899, -0.062446011538102544, 0.015452257640713677, -0.007621472226710543]], "inverted": true, "swapped": true, "error_lsq": 0.04503321902185465, "error_max": 0.2564764970231392, "target": "424.xyz", "model": "5.xyz", "model_rescale": 3.6523030999806103, "target_rescale": 3.83229448132006},
{"mapping": [2, 0, 4, 5, 6, 1, 11, 13, 9, 7, 12, 10, 14], "R": [[-0.4181175263459786, 0.37275815713021315, -0.8283894557846614], [-0.893071386530176, -0.33546305246957697, 0.2998133402449977], [-0.16613618727835522, 0.8651681320533493, 0.47316262590776337]], "T": [0.016755537014142764, -0.05300721341722922, 0.04737209383813698], "aligned_model": [[0.2183998539153674, -0.05077640819860609, 0.20365710017696945, 0.5405765504899201, 0.6466320297292034, -0.4769407909830161, -0.44516769109120014, 0.3787960980351307, -0.6645107867203988, -0.08165084510821666, 0.14345321448970494, 0.4856552567982934, -0.017040676868856783], [-0.6429157518865618, -0.21296006856542618, 0.601218874215748, -0.17190457216936705, 0.19232239575870852, -0.5728185135440119, 0.5375001267041408, -0.5073197984923142, -0.11971117295415298, -0.1386903558088891, 0.5683191557315851, 0.0686987749731533, -0.06091218979942939], [0.47225031972477205, 0.7843129788125902, 0.369466290510853, 0.4003449103083099, -0.005211534513089644, 0.34718120902084604, -0.014677928682039737, -0.23342084953568207, -0.19816566472666683, -0.7133178587165792, -0.2949707564633204, -0.6332383338137337, 0.08955695755552986]], "inverted": true, "swapped": true, "error_lsq": 0.050026226836182866, "error_max": 0.26493990504327053, "target": "424.xyz", "model": "6.xyz", "model_rescale": 4.08911054899281, "target_rescale": 3.83229448132006},
{"mapping": [9, 0, 3, 1, 11, 8, 10, 7, 6, 2, 5, 13, 12, 4, 14], "R": [[-0.08043705728611747, 0.28523503945366424, 0.9550763592943848], [0.7845919206263277, 0.6090970038585332, -0.11582900318335093], [-0.6147726391952072, 0.7400282509191287, -0.2727870780270481]], "T": [0.03632197728728949, 0.027822977862862773, 0.029876118465566686], "aligned_model": [[0.0805315261652071, -0.7345790002196383, -0.5536583371452887, -0.012153450554621067, 0.5668338240613265, 0.15007039126597102, 0.6113477519781275, -0.2603448634268145, -0.4569095114651822, -0.43278569443357384, 0.10291612178112768, 0.3198453621533579, 0.6033538932919558, -0.2339491005347631, 0.08008605411645392], [-0.6785759785163057, -0.28301425986881373, -0.48394304489983847, -0.1051334857658944, -0.10544159145167062, -0.5597557969525992, -0.11188680779975693, 0.7353134750893863, 0.10264677372409972, 0.42833370767496864, 0.398745092249055, 0.5433666806590189, 0.4495236202740424, -0.14938686657653544, -0.09876932420759843], [-0.30717482445289346, -0.4102921193959279, 0.15821240637142786, -0.6897896168103833, -0.18302948962160728, 0.3569257400655296, 0.44109556442269765, 0.13348570534018891, 0.04621822755258091, -0.4894202236448506, 0.6920567845694168, -0.4056967262951453, 0.12285618317447485, 0.6562942737172526, -0.06720043442867045]], "inverted": false, "swapped": false, "error_lsq": 0.03997235584479912, "error_max": 0.2859175802610679, "target": "424.xyz", "model": "7.xyz", "model_rescale": 3.964800864290218, "target_rescale": 3.83229448132006},
{"mapping": [3, 4, 11, 0, 9, 5, 1, 12, 6, 13, 2, 8, 7, 14], "R": [[0.42037503946274496, 0.8670320364267585, 0.26747013666270025], [-0.8121657542548482, 0.4909913270855532, -0.3151417210437565], [-0.40456348551537513, -0.08475237186318271, 0.9105742263271104]], "T": [0.064424076331591, -0.035317031258359305, 0.0930846834793076], "aligned_model": [[-0.20084736862297745, 0.20183706377186345, 0.426331854722395, -0.6289275295412867, 0.17292992192057235, -0.2512179308348117, -0.5187362042044142, 0.7141894529474376, 0.29733696160087997, 0.05155471040140425, -0.6091768708880667, -0.03800420925794323, 0.6206694097990775, 0.023248627646742723], [0.01898775899764049, -0.6189924060703258, 0.07690023064641166, -0.21042918440373448, 0.6304775225530314, -0.5353271486851776, 0.4707692987930928, -0.28365498290632046, -0.6216912106008243, 0.008029318936756041, -0.09282252121714801, 0.5970864630050114, 0.39408421330561816, -0.022468886172828814], [-0.5503730493590586, -0.3620299914141221, -0.5568016440934911, -0.155564933241692, -0.1785881096778651, 0.34502684157654834, 0.005757303441694672, -0.0951455020713585, 0.34130426542241243, 0.7367254553201288, 0.42794122538873386, 0.4867291185786213, 0.41227165221827283, 0.05956240663619641]], "inverted": false, "swapped": true, "error_lsq": 0.039573980446569165, "error_max": 0.2680792055844311, "target": "424.xyz", "model": "8.xyz", "model_rescale": 4.121658175737393, "target_rescale": 3.83229448132006},
{"mapping": [4, 12, 6, 5, 11, 3, 7, 1, 13, 9, 0, 2, 14], "R": [[0.5564316328391227, 0.09835757704887821, -0.8250512862925927], [-0.2073499561377155, 0.9779904829972462, -0.023251039901482126], [0.8046053900302155, 0.18401196212172416, 0.564579280642177]], "T": [0.01836656505404339, -0.06265930395284919, -0.06313651470396939], "aligned_model": [[-0.5271540394228426, -0.26666199767863447, 0.15563661618023256, 0.22574493319068978, -0.6411249577199845, -0.5813266084893924, 0.33954668795240067, 0.06250333970929584, 0.659664406488568, -0.16422645659251617, -0.18332798739181422, 0.40620552653217945, -0.008741966322984285], [0.20731406032440125, -0.39385832369950313, 0.15121140322999754, 0.5085595632967472, -0.42245723030211035, 0.0889058215675082, -0.7575945555232011, 0.04366214320448562, -0.06839613527125335, -0.5867188710912592, 0.5703625483977721, 0.49009027037127045, -0.04069325509314532], [-0.5060928243491739, -0.6361664557849532, -0.6917161078001394, -0.27246416068266177, -0.10236120436744287, 0.2605174888768973, -0.1610290355115621, 0.7053509949937581, -0.13400355336352168, 0.40684579505927054, 0.2999474830175788, 0.2733495461874519, -0.02110253231641286]], "inverted": true, "swapped": true, "error_lsq": 0.038951444739984194, "error_max": 0.20925698970647355, "target": "424.xyz", "model": "9.xyz", "model_rescale": 3.833441315466971, "target_rescale": 3.83229448132006},
{"mapping": [2, 8, 9, 13, 5, 3, 4, 12, 11, 10, 6, 0, 1, 7, 14], "R": [[0.699493763863804, 0.578815008501697, 0.4191439612458105], [-0.7119300389038326, 0.5133842511943122, 0.47915783446797877], [0.062161837344439586, -0.6335690937528724, 0.7711848736970454]], "T": [-0.01705903324299632, 0.0851800254803744, 0.04179860980289743], "aligned_model": [[0.12634943420725628, -0.6504660322446361, -0.3919664432403972, 0.25902160847336, 0.5878176933715707, 0.07056250284951737, 0.5562716931681146, -0.10831346915102083, -0.6552672963975747, -0.5212004049370929, 0.3097698733932297, 0.23571841092001364, 0.4946767656391944, -0.4423706094498304, -0.039998759568058484], [-0.5563906308872638, -0.1902545871186596, -0.6317476616222489, -0.15334518871203476, -0.10552526164237608, -0.6707536481124525, -0.17653991630648624, 0.6559663332560309, 0.2618507462106767, 0.41983438610721774, 0.36148340721143357, 0.42837785012876595, 0.6141403487756223, -0.1700017068987495, -0.005072276757917826], [-0.2488409595595735, -0.31943636936564457, -0.016246647776324813, -0.6671243358538258, -0.19312869923223042, 0.46037787026484844, 0.5303752468970477, 0.21178589195575312, 0.20555071000751324, -0.5146203688271487, 0.5691209733300525, -0.48937158757520727, -0.02094197861973282, 0.48666524530871247, 0.060376459609850955]], "inverted": true, "swapped": false, "error_lsq": 0.04228166067780562, "error_max": 0.23298727908228606, "target": "424.xyz", "model": "10.xyz", "model_rescale": 4.2482417240324, "target_rescale": 3.83229448132006},
{"mapping": [2, 13, 7, 10, 3, 11, 9, 12, 6, 4, 5, 14], "R": [[0.4224738683347949, 0.8214023349816324, 0.38316319585909664], [0.510798390474075, 0.13344731336056276, -0.8492801768827188], [-0.7487328194111227, 0.5545178253614303, -0.3631929879459425]], "T": [-0.130026238161411, 0.042480389791627104, 0.02264647178845132], "aligned_model": [[-0.7586466190621424, -0.07567317392898235, 0.43049691514349187, 0.5828386694699041, -0.46626321358157147, 0.15186006818207465, -0.09212555211892004, 0.5093565102897712, 0.16349884737818532, -0.007642736472226533, -0.3856401091272106, -0.17529400380936697], [-0.35432777931719905, -0.6004261255288172, -0.2515592178352846, -0.37130961665994205, 0.6485041367828615, 0.7149166312431263, 0.26860610105791505, 0.31646100986145165, -0.13162469478157898, 0.5555026147437598, -0.19902061168783702, 0.0704089421721841], [-0.10601476858673119, 0.016736581975642886, 0.4642674909960491, -0.11340977790557787, 0.10652565958572156, 0.20782693559021925, 0.7127861052363013, -0.16556008080481782, -0.563208881407842, -0.514493281722643, -0.5153625062948207, 0.035098813192855016]], "inverted": false, "swapped": true, "error_lsq": 0.04319247514364049, "error_max": 0.2531311825212121, "target": "424.xyz", "model": "11.xyz", "model_rescale": 3.6694154284099745, "target_rescale": 3.83229448132006},
{"mapping": [9, 1, 2, 0, 3, 7, 11, 10, 5, 6, 13, 4, 8, 14], "R": [[-0.6599118837600648, 0.4481594002522047, 0.6030501286276511], [0.29017992890672817, 0.8923756101268623, -0.345631855173096], [-0.6930453913936145, -0.05309352518239868, -0.7189361328044217]], "T": [0.06354865143506458, 0.014000370937298633, 0.012647024049709008], "aligned_model": [[-0.13143064192780632, 0.003963388130847345, 0.019063619194129064, 0.5450399958053225, 0.6057739199183353, -0.5793894001375577, 0.4071215913192945, -0.4202693354288568, 0.23648978635914206, 0.1388074060979891, -0.458303966379097, 0.7105748706392186, -0.5727562792126145, 0.09357989587746382], [-0.41842643641268346, 0.28049307340577406, 0.7430053512034124, 0.49921700689899856, -0.11654506577546184, -0.40445437264235884, -0.6416287391506944, -0.21459724661177715, 0.5511675330735952, 0.13554069473201857, 0.3376488227538664, -0.1457071975561981, 0.0992208857420721, 0.026052978475690592], [-0.5385808275675014, -0.7148532120272484, -0.17642132809809397, -0.31286526285163113, -0.4072404023805692, 0.09750520141583148, -0.12162991991225276, 0.654186682909569, 0.3203118563226238, 0.6754140424826452, 0.21073663697218425, 0.3627030250135193, -0.3788056213875793, -0.03136541123908141]], "inverted": true, "swapped": true, "error_lsq": 0.042205629059364744, "error_max": 0.3175597203321926, "target": "424.xyz", "model": "12.xyz", "model_rescale": 3.9764082729961374, "target_rescale": 3.83229448132006},
{"mapping": [14, 13, 11, 6, 4, 3, 7, 1, 10, 12, 2, 5, 0, 8, 15], "R": [[0.06286872250365672, 0.6553108997938881, -0.7527384328849449], [0.16009490983057983, -0.7510850965843949, -0.6405004274277641], [-0.9850975299822331, -0.08024214790329764, -0.1521316999272952]], "T": [-0.007945064849765277, 0.07779986509217733, -0.06962791573038814], "aligned_model": [[-0.15130260795874503, -0.40881189209038477, -0.5429189216360065, 0.17018319874068233, 0.6835329033853051, 0.11028142030355297, 0.5775541584148265, -0.32774518751621756, -0.742802244512511, -0.4741317192752336, 0.1362860442939384, 0.43199974600097607, 0.5519416531710907, -0.2471221870990591, 0.06366060281143178], [-0.6795107946791609, -0.1351593269265846, -0.4671131641807121, -0.3095121765786481, -0.03722936273110573, -0.6200098005526776, -0.030068002789882545, 0.5157597781161684, 0.1447579856069519, 0.4375803059058396, 0.4076087444630342, 0.4800402081152978, 0.49393107559230326, -0.11705213174497815, -0.002001143984287801], [-0.28113966246216365, -0.4800359024212592, 0.14812759357605343, -0.703598348626324, -0.22612142349063324, 0.38592407477620516, 0.39576319028489465, 0.26088921603063836, 0.249195600581551, -0.3154765939692262, 0.6421887770701079, -0.6590981657726324, 0.13154268881658726, 0.5663593798735951, -0.059978973703303996]], "inverted": false, "swapped": false, "error_lsq": 0.039301203828198385, "error_max": 0.2555736519942181, "target": "424.xyz", "model": "13.xyz", "model_rescale": 4.170626492500431, "target_rescale": 3.83229448132006},
{"mapping": [12, 7, 11, 9, 4, 0, 3, 10, 6, 8, 13, 1, 5, 14], "R": [[-0.5378233034971551, 0.02391061498963115, -0.8427184445033968], [-0.40388717801818175, 0.8701136547493251, 0.28244888962656933], [0.7400143523256264, 0.49227076930241354, -0.4583102094024238]], "T": [-0.012430982171821044, 0.06272361982233753, 0.11071305179564536], "aligned_model": [[0.3409377277086509, 0.0966609465720413, -0.29528011879868865, -0.5910557986990376, 0.2124409775331958, -0.3232522640935762, -0.5205391371177753, 0.6477558259085238, 0.6436058078546746, -0.29094989652203973, 0.30623235723744147, -0.6732243821529117, 0.3476913148824369, -0.05784033822129174], [-0.1355009800392169, -0.7012861527508472, -0.02555331853126476, -0.35825386108403207, 0.5187226120649923, 0.7233675152594039, 0.42485052713910143, -0.4460283188182277, 0.21352600305518837, -0.42751506597052386, -0.1809021951405812, 0.14083281441547738, 0.5168409081199593, 0.0929739802062369], [-0.4852189481145909, 0.10279854954774134, -0.5807533181454967, -0.01903013770685158, -0.444432118763021, 0.31113042022329196, -0.20240994253268071, 0.053838695374234774, 0.02965490891630085, 0.6081815631923503, 0.6161021179918995, 0.5120562887206677, 0.3885696062936287, 0.11338541612339233]], "inverted": true, "swapped": true, "error_lsq": 0.03901936346390046, "error_max": 0.26172336328856965, "target": "424.xyz", "model": "14.xyz", "model_rescale": 3.9786697098870705, "target_rescale": 3.83229448132006},
{"mapping": [1, 9, 0, 2, 3, 4, 7, 12, 5, 13, 11, 14], "R": [[0.3130881465280982, -0.8940074980624445, 0.3205096034625611], [0.8349467891125101, 0.09827769084576593, -0.541484399436155], [0.45259216945756975, 0.4371408112841354, 0.777218270021709]], "T": [0.04224281445552341, -0.042031969319212444, 0.07198827246467102], "aligned_model": [[-0.05546852089238833, -0.6125388179898817, 0.5081561487700504, 0.5443295857018743, -0.007964768741163732, 0.31950931952024686, -0.532162942008541, -0.16830693381593487, 0.6761373156764897, 0.17008121996603776, -0.40534541336537455, 0.0469284039459216], [-0.3710675008718864, -0.08817869595110792, 0.04502264406279657, -0.4928963247777634, 0.39571509564906127, 0.6479630218149512, -0.34500271031737423, 0.4192901375583866, -0.11581200113727569, -0.605817566314229, 0.55725650912968, -0.031798118620799926], [-0.625158391792134, -0.24105087267056588, -0.5184129526678962, -0.26536055033825434, -0.4695027333735907, 0.18911571144231315, 0.4890510709617174, 0.5839922791274265, 0.14846776952538024, 0.3585560873497916, -0.008263148767537837, 0.018532225077180102]], "inverted": false, "swapped": true, "error_lsq": 0.042721391883704336, "error_max": 0.24221277045918577, "target": "424.xyz", "model": "15.xyz", "model_rescale": 3.769337070930944, "target_rescale": 3.83229448132006},
{"mapping": [9, 11, 8, 7, 1, 3, 2, 4, 13, 10, 14], "R": [[-0.014000653406977093, 0.9892810832222811, 0.14535102367278976], [0.8019568849662613, 0.09793298883973423, -0.5892998255151002], [-0.5972178299074709, 0.1083146715614588, -0.7947319016908437]], "T": [0.0731391799472831, -0.009624683633264512, 0.08964324317311852], "aligned_model": [[-0.3092613537403464, -0.2646594086309114, -0.14234917296113753, -0.6334023653914255, 0.3689150160255927, 0.31977513643273114, 0.6809473054591088, 0.238804982698619, 0.03017236431375124, -0.4721494851037786, 0.10583311158896735], [0.0034935263477590198, -0.6234391618682447, 0.6237151647646861, 0.30006531894815314, 0.27995685519907665, -0.47619568035760174, 0.435580043460581, -0.6853085380783296, 0.5714214115263033, 0.18929085716954067, -0.02251529948658197], [-0.5287900655643868, -0.1843021757681904, -0.2536162515565498, 0.11342911842984259, -0.5679923281912076, -0.3673447366323571, 0.050450709888635245, 0.37721029661199584, 0.36687465893378485, 0.6904782691545904, 0.04782011191761971]], "inverted": true, "swapped": true, "error_lsq": 0.03942458177468361, "error_max": 0.21597050400050863, "target": "424.xyz", "model": "16.xyz", "model_rescale": 3.7852294659196426, "target_rescale": 3.83229448132006},
{"mapping": [4, 2, 1, 0, 6, 13, 7, 8, 3, 11, 12, 9, 14], "R": [[0.0824873778037371, -0.209060749164177, 0.9744174853018479], [-0.19532880131872576, -0.9621771508592174, -0.18989942006185548], [0.9772627547791093, -0.17466749418066416, -0.12020305569408102]], "T": [-0.08643298286716868, 0.07637253266999088, -0.026395337430098746], "aligned_model": [[0.016336568459690712, -0.32889880341444366, 0.2974494600711086, 0.12588753311814582, -0.608885644090094, -0.625315603799427, -0.22337529993396316, -0.11638346047884111, 0.5305617654096273, 0.49224908561336006, -0.11485404393721464, 0.4553877212912026, -0.046393428092868706], [0.05543454079777378, -0.5855633311035892, -0.36019112156107086, -0.6417346267271546, 0.15579584307230682, 0.0828807876742292, 0.7273225796128835, 0.14276050804295748, -0.1743380312337181, 0.44686014167250115, 0.6394018531880461, 0.3470277812076, 0.03939869906010931], [-0.7718406133551241, 0.24235223790188654, 0.4892322446213037, -0.13806204489253132, -0.45116728298423336, 0.3284019755593188, 0.3649938027253749, 0.7219877731133589, -0.23572163164193555, -0.33264390949196215, -0.4752690536961621, 0.3761441934710049, -0.022652994187125283]], "inverted": true, "swapped": true, "error_lsq": 0.03993138523056932, "error_max": 0.25078139299694135, "target": "424.xyz", "model": "17.xyz", "model_rescale": 3.901054581598922, "target_rescale": 3.83229448132006},
{"mapping": [3, 13, 2, 12, 7, 0, 1, 10, 5, 9, 4, 11, 6, 8, 14], "R": [[0.7819848120429577, -0.5428737748510084, -0.3062479686678051], [0.07053085072759468, -0.41110930391142, 0.9088534201581187], [-0.6192940762107951, -0.7323095007006835, -0.2831918825703405]], "T": [-0.022605709771899803, 0.027082029251105172, 0.04984542097950889], "aligned_model": [[-0.013894702480030281, -0.5337645984930243, -0.5223952263281144, 0.14650089328431953, 0.5688945434187987, 0.27489467054231664, 0.5143899648789382, -0.18883642711038245, -0.64438179100617, -0.42633874274068234, 0.07526612642951871, 0.2732422634626979, 0.6427874226754985, -0.31073482807311226, -0.025024601426926432], [-0.6314061848286312, -0.24191869618513104, -0.6158874856902032, -0.09400351815261548, -0.1732794809785704, -0.6516020085162826, -0.12460858025365698, 0.8259590091052595, 0.06922418562279486, 0.3620837079663558, 0.46009791488023966, 0.5419010770690671, 0.3729126220757788, -0.05740240754903142, 0.03995203906618415], [-0.33709550446365927, -0.3904469801549445, 0.19315886760874987, -0.6633981216410596, -0.17299923229058287, 0.21228316010480236, 0.46735129378874396, 0.13118832356540944, 0.09113210717395506, -0.3488563907571394, 0.7044386659654216, -0.48322710097549076, 0.01271153310718108, 0.6416749938004371, -0.003374164267733522]], "inverted": false, "swapped": false, "error_lsq": 0.03384386147008269, "error_max": 0.24189505668192418, "target": "424.xyz", "model": "18.xyz", "model_rescale": 3.9405287249114394, "target_rescale": 3.83229448132006},
{"mapping": [10, 3, 14, 2, 5, 11, 9, 4, 12, 1, 7, 6, 8, 13, 15], "R": [[0.34702763410366433, 0.6125934104232489, -0.7101416300108213], [-0.8301163916085019, -0.15173445710014097, -0.5365476967720632], [-0.4364385381142385, 0.7756970852301422, 0.45586778172422754]], "T": [-0.0958822836271328, 0.08503776481650134, 0.0603792971210141], "aligned_model": [[-0.11492085218104481, -0.7103579667614922, -0.5308489887250684, 0.2868250465295208, 0.6910205125376017, 0.1890533010443951, 0.5104462246027547, -0.31126476470447073, -0.6345870005957747, -0.3026426739772414, 0.22874558073902063, 0.3131678662239694, 0.49798724707176223, -0.19957070394872672, -0.08244786082155985], [-0.599636656514546, -0.19386086567381472, -0.5422446916725722, -0.21894274962900245, -0.041899017147762604, -0.5538536543060428, -0.08711397037785214, 0.7036160470254574, 0.16519356956792192, 0.3144384546236941, 0.3877383206018618, 0.3778403215799647, 0.5472044436307937, -0.23807244645801595, 0.061615088381473906], [-0.325318131738629, -0.45929731734335977, 0.19099188194140804, -0.6582695944072897, -0.1761237378099288, 0.233129605541266, 0.49825983691905945, 0.3853967185624893, 0.11963583338310385, -0.5228401199748962, 0.6068357657858539, -0.4920952210712638, -0.017035798546419498, 0.6401881865262355, 0.031083542796461337]], "inverted": false, "swapped": false, "error_lsq": 0.034954910526812315, "error_max": 0.22991128053781806, "target": "424.xyz", "model": "19.xyz", "model_rescale": 4.410303926677745, "target_rescale": 3.83229448132006},
{"mapping": [3, 4, 11, 0, 9, 5, 1, 12, 6, 13, 2, 8, 7, 14], "R": [[0.42037503946274496, 0.8670320364267585, 0.26747013666270025], [-0.8121657542548482, 0.4909913270855532, -0.3151417210437565], [-0.40456348551537513, -0.08475237186318271, 0.9105742263271104]], "T": [0.064424076331591, -0.035317031258359305, 0.0930846834793076], "aligned_model": [[-0.20084736862297745, 0.20183706377186345, 0.426331854722395, -0.6289275295412867, 0.17292992192057235, -0.2512179308348117, -0.5187362042044142, 0.7141894529474376, 0.29733696160087997, 0.05155471040140425, -0.6091768708880667, -0.03800420925794323, 0.6206694097990775, 0.023248627646742723], [0.01898775899764049, -0.6189924060703258, 0.07690023064641166, -0.21042918440373448, 0.6304775225530314, -0.5353271486851776, 0.4707692987930928, -0.28365498290632046, -0.6216912106008243, 0.008029318936756041, -0.09282252121714801, 0.5970864630050114, 0.39408421330561816, -0.022468886172828814], [-0.5503730493590586, -0.3620299914141221, -0.5568016440934911, -0.155564933241692, -0.1785881096778651, 0.34502684157654834, 0.005757303441694672, -0.0951455020713585, 0.34130426542241243, 0.7367254553201288, 0.42794122538873386, 0.4867291185786213, 0.41227165221827283, 0.05956240663619641]], "inverted": false, "swapped": true, "error_lsq": 0.039573980446569165, "error_max": 0.2680792055844311, "target": "424.xyz", "model": "20.xyz", "model_rescale": 4.121658175737393, "target_rescale": 3.83229448132006},
{"mapping": [2, 0, 4, 5, 6, 1, 11, 13, 9, 7, 12, 10, 14], "R": [[-0.4181175263459786, 0.37275815713021315, -0.8283894557846614], [-0.893071386530176, -0.33546305246957697, 0.2998133402449977], [-0.16613618727835522, 0.8651681320533493, 0.47316262590776337]], "T": [0.016755537014142764, -0.05300721341722922, 0.04737209383813698], "aligned_model": [[0.2183998539153674, -0.05077640819860609, 0.20365710017696945, 0.5405765504899201, 0.6466320297292034, -0.4769407909830161, -0.44516769109120014, 0.3787960980351307, -0.6645107867203988, -0.08165084510821666, 0.14345321448970494, 0.4856552567982934, -0.017040676868856783], [-0.6429157518865618, -0.21296006856542618, 0.601218874215748, -0.17190457216936705, 0.19232239575870852, -0.5728185135440119, 0.5375001267041408, -0.5073197984923142, -0.11971117295415298, -0.1386903558088891, 0.5683191557315851, 0.0686987749731533, -0.06091218979942939], [0.47225031972477205, 0.7843129788125902, 0.369466290510853, 0.4003449103083099, -0.005211534513089644, 0.34718120902084604, -0.014677928682039737, -0.23342084953568207, -0.19816566472666683, -0.7133178587165792, -0.2949707564633204, -0.6332383338137337, 0.08955695755552986]], "inverted": true, "swapped": true, "error_lsq": 0.050026226836182866, "error_max": 0.26493990504327053, "target": "424.xyz", "model": "21.xyz", "model_rescale": 4.08911054899281, "target_rescale": 3.83229448132006},
{"mapping": [9, 10, 12, 5, 11, 14, 2, 0, 7, 6, 4, 8, 1, 13, 16], "R": [[-0.6540297800221897, -0.12512952171112499, 0.7460480210016454], [-0.5889080526549665, -0.5347816953342008, -0.6059668669602436], [0.4747971697075095, -0.835674063933914, 0.276073371598775]], "T": [0.05983412738083568, -0.032928508734917136, 0.03901751237223493], "aligned_model": [[-0.035377844546535, -0.5446574246021066, -0.44468746389198466, 0.023968245239966338, 0.6634113284850973, 0.13460805295795034, 0.5492015234720907, -0.16912569132057528, -0.6325783226521667, -0.3035263976112358, 0.031791621149687484, 0.2754310764448059, 0.6390067883951343, -0.3915717165685373, 0.03471119208205522], [-0.6559092783138987, -0.23406244433527834, -0.5513646108042556, -0.24173654594609872, -0.045944568489764206, -0.6051168524282657, 0.1051921759006207, 0.666555634987035, 0.12837194217095826, 0.5005203985726749, 0.24172191729650067, 0.3667632748087138, 0.509611427378534, -0.09470398007039352, -0.00787629709552487], [-0.29321320971559367, -0.456230418210115, 0.18616192458274594, -0.6339177713233363, -0.4315334144720882, 0.3197877838439743, 0.5515563474783445, 0.2806344246136157, 0.05754726105617132, -0.33376328209173833, 0.6793868957696579, -0.4849352066607827, 0.024601281184156727, 0.5177100245529376, 0.07074880995614057]], "inverted": false, "swapped": false, "error_lsq": 0.038750203848449814, "error_max": 0.26651358505368694, "target": "424.xyz", "model": "22.xyz", "model_rescale": 4.204369325754507, "target_rescale": 3.83229448132006},
{"mapping": [10, 3, 14, 2, 5, 11, 9, 4, 12, 1, 7, 6, 8, 13, 15], "R": [[0.34702763410366433, 0.6125934104232489, -0.7101416300108213], [-0.8301163916085019, -0.15173445710014097, -0.5365476967720632], [-0.4364385381142385, 0.7756970852301422, 0.45586778172422754]], "T": [-0.0958822836271328, 0.08503776481650134, 0.0603792971210141], "aligned_model": [[-0.11492085218104481, -0.7103579667614922, -0.5308489887250684, 0.2868250465295208, 0.6910205125376017, 0.1890533010443951, 0.5104462246027547, -0.31126476470447073, -0.6345870005957747, -0.3026426739772414, 0.22874558073902063, 0.3131678662239694, 0.49798724707176223, -0.19957070394872672, -0.08244786082155985], [-0.599636656514546, -0.19386086567381472, -0.5422446916725722, -0.21894274962900245, -0.041899017147762604, -0.5538536543060428, -0.08711397037785214, 0.7036160470254574, 0.16519356956792192, 0.3144384546236941, 0.3877383206018618, 0.3778403215799647, 0.5472044436307937, -0.23807244645801595, 0.061615088381473906], [-0.325318131738629, -0.45929731734335977, 0.19099188194140804, -0.6582695944072897, -0.1761237378099288, 0.233129605541266, 0.49825983691905945, 0.3853967185624893, 0.11963583338310385, -0.5228401199748962, 0.6068357657858539, -0.4920952210712638, -0.017035798546419498, 0.6401881865262355, 0.031083542796461337]], "inverted": false, "swapped": false, "error_lsq": 0.034954910526812315, "error_max": 0.22991128053781806, "target": "424.xyz", "model": "23.xyz", "model_rescale": 4.410303926677745, "target_rescale": 3.83229448132006},
{"mapping": [3, 0, 2, 1, 10, 4, 8, 6, 12, 7, 15, 11, 9, 5, 16], "R": [[0.63512659205121, -0.5617720769152861, 0.5301191806261135], [0.29902669565866, 0.8116312963524369, 0.5018343093738473], [-0.7121778200371583, -0.16020852779908118, 0.6834734671277094]], "T": [0.013583997306137602, 0.1804691580309844, -0.020511959768426333], "aligned_model": [[-0.0014531850251332246, -0.5805246007271274, -0.3827006972165795, 0.07508775488795413, 0.5686497833835158, 0.13116546613658592, 0.6090941942777301, -0.38144123686474674, -0.7799374856300747, -0.3263136759554841, 0.22501888933433087, 0.3729782875168791, 0.5908712997453374, -0.294487374637601, 0.004597547808059044], [-0.6811683155374989, -0.23255941520008022, -0.6276153808973196, -0.15705558404356978, -0.12541248472904504, -0.41822051997355003, -0.1858272677992397, 0.6350269917339811, 0.19965257254668467, 0.325109396154682, 0.4457330933650047, 0.4912857954663638, 0.35819601061947015, -0.019111814705697894, 0.07398911663137193], [-0.2785928229181743, -0.23691016337424897, 0.13065605937069852, -0.807042115491117, -0.16924776589574358, 0.29828208131398126, 0.4118087556516332, 0.4434172696914927, 0.10649783320019064, -0.5732141127488122, 0.6073769809518926, -0.4387825045932371, 0.14553779163110636, 0.4902340617903469, -0.07547989801591896]], "inverted": false, "swapped": false, "error_lsq": 0.03394981186306893, "error_max": 0.19811683456734497, "target": "424.xyz", "model": "24.xyz", "model_rescale": 4.28219845311461, "target_rescale": 3.83229448132006},
{"mapping": [10, 6, 14, 8, 5, 11, 9, 4, 2, 0, 7, 1, 3, 13, 15], "R": [[-0.1867831154143633, -0.9600345695104582, 0.2084363047575314], [0.36876004770494, -0.26517143241214597, -0.8908985007559176], [0.9105647121499688, -0.08954181580334708, 0.403551939915898]], "T": [-0.00021280713727640094, -0.0093987585075222, 0.10538702615966505], "aligned_model": [[-0.08408559416692862, -0.5400758515828294, -0.48159303587770214, 0.15036207032731846, 0.7158643914585386, 0.19409537878961375, 0.561237245981013, -0.17969764595328389, -0.6809560537423901, -0.4733718767481571, 0.17723774713643517, 0.2799489643317748, 0.5000169807612289, -0.26391546866410326, -0.044462285016882326], [-0.670744816669309, -0.19439634490768626, -0.5993005260072307, -0.2163078875065942, -0.21645723275032241, -0.5161074292230813, -0.06741583244579119, 0.6969155860227966, 0.05358947980373027, 0.44894672151370135, 0.4259201732315819, 0.32204664144381906, 0.5809117812776331, -0.0010451112342204378, 0.03546699108253083], [-0.3250680420851213, -0.5921234907711657, 0.12621020970984564, -0.5399515481888639, -0.3064878514543443, 0.14974605175837336, 0.4772492867669782, 0.16500088672589724, 0.14281880976523018, -0.37585520788145327, 0.7255117992559372, -0.3652834822696288, 0.06865868863399374, 0.6376534818168911, 0.06646185878152071]], "inverted": false, "swapped": false, "error_lsq": 0.03555708478829565, "error_max": 0.22011147570862338, "target": "424.xyz", "model": "25.xyz", "model_rescale": 4.100010024507729, "target_rescale": 3.83229448132006},
{"mapping": [2, 13, 7, 10, 3, 11, 9, 12, 6, 4, 5, 14], "R": [[0.4224738683347949, 0.8214023349816324, 0.38316319585909664], [0.510798390474075, 0.13344731336056276, -0.8492801768827188], [-0.7487328194111227, 0.5545178253614303, -0.3631929879459425]], "T": [-0.130026238161411, 0.042480389791627104, 0.02264647178845132], "aligned_model": [[-0.7586466190621424, -0.07567317392898235, 0.43049691514349187, 0.5828386694699041, -0.46626321358157147, 0.15186006818207465, -0.09212555211892004, 0.5093565102897712, 0.16349884737818532, -0.007642736472226533, -0.3856401091272106, -0.17529400380936697], [-0.35432777931719905, -0.6004261255288172, -0.2515592178352846, -0.37130961665994205, 0.6485041367828615, 0.7149166312431263, 0.26860610105791505, 0.31646100986145165, -0.13162469478157898, 0.5555026147437598, -0.19902061168783702, 0.0704089421721841], [-0.10601476858673119, 0.016736581975642886, 0.4642674909960491, -0.11340977790557787, 0.10652565958572156, 0.20782693559021925, 0.7127861052363013, -0.16556008080481782, -0.563208881407842, -0.514493281722643, -0.5153625062948207, 0.035098813192855016]], "inverted": false, "swapped": true, "error_lsq": 0.04319247514364049, "error_max": 0.2531311825212121, "target": "424.xyz", "model": "26.xyz", "model_rescale": 3.6694154284099745, "target_rescale": 3.83229448132006},
