[{"mapping": [9, 3, 6, 10, 5, 7, 4, 8, 0, 2, 1, 11], "R": [[0.7222671947602213, -0.4760797352750358, 0.5016753781417348], [-0.5095831279205407, -0.8567512302571736, -0.07938743724001651], [0.46760574751805456, -0.19830636679963537, -0.8614055083262528]], "T": [-0.06928854025240716, -0.04743401706805668, 0.0091676639108322], "aligned_model": [[0.08667136959101479, -0.5010055281075041, 0.6162592509001643, -0.37090436648547265, -0.24742828152730953, 0.3358462881248752, -0.6924663324721786, 0.291153145784107, -0.33615536972964966, 0.11570199880756932, 0.38896635794504936, -0.09350256046811736], [-0.4761768191066897, -0.5602247107711431, -0.09681933799196875, 0.06415031559269606, 0.743709407959127, 0.5488565286386278, -0.28776479597732224, -0.49657726041984757, 0.3840116398476978, 0.04495095678531853, 0.4272875269932287, 0.014546209986820935], [-0.39234515113952007, -0.14799041458262194, -0.22048381894531915, -0.5894458809035701, -0.16702724562027926, -0.6047595840612274, 0.46330313129528294, 0.27647952038150736, 0.3633260104943891, 0.7876236759313147, 0.2670871540643735, 0.02927707880339776]], "inverted": false, "swapped": false, "error_lsq": 0.05759957976736927, "error_max": 0.3654509686248354, "target": "425.xyz", "model": "0.xyz", "model_rescale": 3.751011558992144, "target_rescale": 3.800351947992333},
{"mapping": [1, 7, 8, 0, 3, 2, 11, 4, 9, 10, 5, 14], "R": [[0.9357288807761205, 0.3525550923348238, -0.010787425561872935], [0.3522770118477085, -0.9356487386489518, -0.02150220426549623], [-0.017673952730460137, 0.016320071489106126, -0.9997106014549771]], "T": [-0.07339965771801635, 0.026231921557126316, 0.03486937869676579], "aligned_model": [[-0.03033486619388947, -0.5987315694438196, 0.5696906255904403, -0.1597884934965197, -0.45951993318280326, 0.2608554356664816, -0.633456530416174, 0.45815560546791545, -0.15694875385749546, 0.15575593202323698, 0.3028189409302685, -0.11536042072509317], [-0.5363678753140794, -0.2574902078185358, 0.006798271597746871, -0.020986002096782357, 0.45919881312632965, 0.6039933158415581, -0.1560433072105176, -0.5296397917539543, 0.40317429619664236, -0.1924585245632972, 0.48146783928881975, 0.0483028342426154], [-0.3741690568166929, -0.25358366708763436, -0.12784347544628644, -0.7173353509069065, -0.4619773715116601, -0.45319148411558696, 0.573240095998458, 0.21934054291965097, 0.5688390558037085, 0.7912528479733287, 0.23810784019882486, 0.06236449870852314]], "inverted": true, "swapped": false, "error_lsq": 0.049403107200711886, "error_max": 0.3336998605979548, "target": "425.xyz", "model": "1.xyz", "model_rescale": 3.9405287249114394, "target_rescale": 3.800351947992333},
{"mapping": [8, 3, 2, 9, 11, 5, 7, 4, 6, 1, 0, 12], "R": [[-0.43181120913176174, 0.2688916870368186, -0.8609508350136259], [-0.6684921257992988, 0.5454022987447248, 0.5056229922267228], [0.6055223839070696, 0.7938725295451807, -0.05575885060719929]], "T": [-0.07573496331758849, 0.0014334066284654862, 0.014741467047395469], "aligned_model": [[-0.06162685109337186, -0.5615399312865957, 0.5942263357456122, -0.07192881030882804, -0.34041303671974393, 0.31558132803078087, -0.5147203333387687, 0.025100900826871234, -0.39922609666678815, 0.40921319803402795, 0.18979462870044178, 0.008674640438910475], [-0.5572300268894161, -0.29944058968234544, 0.10400451267636886, -0.02326984274404746, 0.5387762421440164, 0.5112406156726531, -0.221770426351243, -0.6736934445523759, 0.3576677054008901, -0.11137875829351505, 0.7074709223615068, -0.022427248205946965], [-0.522274267665511, 0.031113699927644276, -0.0545452812041209, -0.7913332005608682, -0.37103370532300645, -0.32444056388685516, 0.6363375955799621, 0.17515214374845683, 0.26734056524846384, 0.6306351499225882, 0.3807128462782482, 0.0073794936527257805]], "inverted": false, "swapped": false, "error_lsq": 0.04394541611309254, "error_max": 0.2488859953601671, "target": "425.xyz", "model": "2.xyz", "model_rescale": 3.932901565614263, "target_rescale": 3.800351947992333},
{"mapping": [9, 7, 10, 8, 3, 11, 4, 6, 0, 2, 1, 13], "R": [[-0.9726585909632247, 0.10669241097093278, -0.20628134880944524], [-0.19977882706553535, -0.837305272540331, 0.5089285812690041], [-0.11842164363727328, 0.53622440266867, 0.8357270513157241]], "T": [-0.042998214676611544, 0.014894593919003381, -0.04970506180824633], "aligned_model": [[-0.13722652628526122, -0.665814160673758, 0.6718940160519042, -0.2615670854359171, -0.2988355098621911, 0.43839553150302485, -0.49039515324959787, 0.35463581936591315, -0.3808007124818787, 0.030964955016211278, 0.3009605625166347, 0.030924235897463966], [-0.5094553615011632, -0.3044935611185152, -0.006780411811472296, 0.16297012551326756, 0.43386492956838635, 0.45095330869476746, -0.3362747757075786, -0.3729109683958957, 0.35614554992051994, -0.0007150130488383678, 0.5109673851948722, -0.07432154577180478], [-0.5556409163699663, -0.19053847822832706, -0.08976417902047154, -0.7346050626915774, -0.19004968877767867, -0.6627479288042445, 0.6134257380565797, 0.3480213284281218, 0.41761451476391104, 0.7800452879220806, 0.37968143804899024, -0.050397577609690825]], "inverted": true, "swapped": false, "error_lsq": 0.053163542125584586, "error_max": 0.30352850888547467, "target": "425.xyz", "model": "3.xyz", "model_rescale": 3.9243930471874484, "target_rescale": 3.800351947992333},
{"mapping": [3, 10, 0, 4, 8, 7, 11, 6, 9, 5, 1, 12], "R": [[-0.002059878053145281, 0.6168992835817381, 0.7870394086821475], [0.11303436354530538, -0.7818533354263054, 0.6131301611735218], [0.9935889439603853, 0.09022547200818276, -0.06812029536479353]], "T": [-0.09946541826572634, 0.0276724215750521, -0.02055002115476838], "aligned_model": [[0.18716134745947283, -0.6696002150806033, 0.7469349497515977, -0.08240894029633658, -0.5249772649242679, 0.21089049392312492, -0.5581552754133735, -0.011435328514251372, -0.46183219398626285, 0.4035362213670551, 0.3530053953278964, 1.678274849681305e-05], [-0.48760264776008155, -0.32020634707848333, -0.054560697012371394, 0.07752231744496582, 0.4211963539175535, 0.6061121920292545, -0.1827410640375202, -0.6267548000842681, 0.4772391253602419, -0.1439437798460623, 0.5276488885757635, 0.016040120027553416], [-0.3450343358084336, -0.24650221809002987, -0.0076471304663648446, -0.6118125126770319, -0.26634455311827526, -0.48099046099307374, 0.5889283307247358, 0.27184052176056045, 0.3847492392424057, 0.519042723154682, 0.21493669879753868, 0.04387817319101377]], "inverted": true, "swapped": false, "error_lsq": 0.04537959966824703, "error_max": 0.24950297841276584, "target": "425.xyz", "model": "4.xyz", "model_rescale": 3.8936222436046832, "target_rescale": 3.800351947992333},
{"mapping": [4, 10, 1, 2, 3, 0, 7, 5, 8, 6, 9, 11], "R": [[-0.5583497141854137, -0.829290232014453, 0.022875920844447062], [0.7936562775969042, -0.5419808198304621, -0.27634490038161696], [0.24156843688713225, -0.1361414779606672, 0.9607862344343785]], "T": [-0.10130684071131102, 0.06642467507105772, 0.051722570920773786], "aligned_model": [[-0.11608503684630066, -0.6539802755051355, 0.6661443272503317, -0.0847056804800419, -0.2946780264398947, 0.33360476813369583, -0.40438197601427933, 0.2739539847657776, -0.5987094361315519, 0.3246106418266027, 0.15890497456100594, -0.01154229275766143], [-0.6267421804771012, -0.13376176480841262, -0.0127889439859738, -0.03327516754447564, 0.5114849172316374, 0.6355770413713415, -0.2765192810098283, -0.6259931543245758, 0.5232441644626455, -0.13313314221157657, 0.5597380956921452, -0.07788092285928001], [-0.33548010752466784, -0.18053776414882847, -0.16702997080445053, -0.6878332469763851, -0.2561913743611447, -0.46754208742182524, 0.5102881962534341, 0.24383638990357417, 0.351338055353806, 0.6946686057772552, 0.31812006349355537, 0.04140771617340469]], "inverted": false, "swapped": false, "error_lsq": 0.04847058266247097, "error_max": 0.24952409002677345, "target": "425.xyz", "model": "5.xyz", "model_rescale": 3.6523030999806103, "target_rescale": 3.800351947992333},
{"mapping": [5, 8, 3, 1, 6, 2, 9, 7, 10, 11, 4, 12], "R": [[-0.8808650951648161, 0.28127774197736977, -0.38073549347071867], [-0.21925129522334053, -0.9552686021537161, -0.19847107416994755], [-0.41953015822842465, -0.09134949155522135, 0.9031332773901289]], "T": [-0.06607357978336217, 0.0034235041498215345, -0.04382270940225784], "aligned_model": [[-0.1140619002202106, -0.6614809597369847, 0.6158287623687618, 0.06731161597287313, -0.5388758874170536, 0.22663514440398888, -0.47008743025568156, 0.2801835400765449, -0.3840807622884448, 0.3004193184115015, 0.268848368300143, 0.0024961627471105363], [-0.5929692223881581, -0.2763646367390537, -0.10328685396468072, 0.12221477713506687, 0.3821787640155105, 0.6440899605234177, -0.20060310125396183, -0.503286690673623, 0.5595991675616949, -0.04827220019511824, 0.40062328084432863, -0.07397358332887789], [-0.3692706573463021, -0.18843166756599067, -0.122960552350508, -0.7149947357927043, -0.2796762510174733, -0.3268063284889997, 0.5199226480904499, 0.25645856724597516, 0.40138859432950347, 0.7546630530669227, 0.19946976481899892, -0.06471795927214477]], "inverted": true, "swapped": false, "error_lsq": 0.04735867184502319, "error_max": 0.24242191862245874, "target": "425.xyz", "model": "6.xyz", "model_rescale": 4.08911054899281, "target_rescale": 3.800351947992333},
{"mapping": [10, 11, 4, 12, 13, 7, 9, 8, 1, 3, 6, 14], "R": [[-0.3591572155562983, 0.5005717927103959, -0.7876763135048224], [0.8801673445024449, -0.09897551778664054, -0.46422978421292704], [-0.31034100629043704, -0.860018445861231, -0.40503917414624485]], "T": [0.0023665119518036654, 0.08804129021089172, -0.021817507368967523], "aligned_model": [[-0.015993821205182265, -0.4925216179852621, 0.6439881850022564, -0.20369478898873694, -0.45442299907416056, 0.33903264998057103, -0.3757711434176044, 0.1327740526062418, -0.5648162814841919, 0.3898582604150129, 0.3104758677249428, -0.1157723912113385], [-0.5199811891540683, -0.1870347200720678, -0.1920956968131258, 0.0236009147302062, 0.4993526033110339, 0.6823874195602277, -0.25477219843354204, -0.5351000510777539, 0.37437398942939903, -0.0046194998190521586, 0.3987857082545916, 0.02505238162069673], [-0.40814180281935014, -0.1765753516656614, 0.060001725549082605, -0.7010730530024185, -0.4193862041801231, -0.386094262830674, 0.5732019322319164, 0.22279998056358524, 0.3446020923303111, 0.6620798234707755, 0.21828559130578695, 0.07534400476449661]], "inverted": false, "swapped": false, "error_lsq": 0.0428920973682085, "error_max": 0.2535496104208704, "target": "425.xyz", "model": "7.xyz", "model_rescale": 3.964800864290218, "target_rescale": 3.800351947992333},
{"mapping": [9, 10, 7, 11, 6, 4, 5, 8, 3, 1, 2, 13], "R": [[-0.9625893020846937, -0.03344852152983405, 0.26889223105097515], [0.24342011589579685, -0.5426733275538648, 0.8038981942627392], [0.11903143571922337, 0.8392775798084233, 0.5305135826173882]], "T": [0.0031454091597832023, 0.1218347940439851, 0.03260468280517449], "aligned_model": [[-0.031629857535598466, -0.6351082818961041, 0.6547499651092428, -0.2020771670510349, -0.2997294118485744, 0.22157811435686128, -0.48104558416409926, 0.10604017740848326, -0.5756614262726508, 0.3568204454913625, 0.4895458339253814, -0.010346835160720897], [-0.44637119052065233, -0.37016701336426805, -0.12337742522350352, 0.10032691326326997, 0.5361553175049852, 0.5558268391641089, -0.3942782962437461, -0.6229244680173806, 0.43131805513948274, 0.033551268414395305, 0.5646160662968416, 0.045273595123012586], [-0.3544216298917923, -0.1277089484548649, 0.18138517598063642, -0.7702367895736495, -0.23778608962742315, -0.47634664402930893, 0.4778653738458962, 0.1932405743367283, 0.3410936681203625, 0.6885314157187374, 0.10985815835210029, 0.039570210940304794]], "inverted": true, "swapped": false, "error_lsq": 0.04609377384709021, "error_max": 0.24311616201519903, "target": "425.xyz", "model": "8.xyz", "model_rescale": 4.121658175737393, "target_rescale": 3.800351947992333},
{"mapping": [2, 0, 8, 3, 10, 11, 4, 6, 5, 9, 7, 12], "R": [[0.90517728592576, -0.32199382485619543, 0.27744198997007097], [-0.05675434203182608, 0.5553410571240421, 0.8296838282941797], [-0.421227997294351, -0.7667569934645716, 0.48440756318265843]], "T": [-0.007003958545048431, 0.019481631370982806, 0.0004727771045312506], "aligned_model": [[0.01947455684367305, -0.7513569824209642, 0.6725059762552729, -0.16764687887313354, -0.4392774866982829, 0.2818994352865352, -0.5289035601986978, 0.4091385283499077, -0.4156574205051169, 0.15950797877748402, 0.3924755944817283, -0.039023768935857614], [-0.4590032241638515, -0.20794811171457755, -0.15911322690906163, 0.10356111709257482, 0.5548820187456165, 0.4451656458206874, -0.3648126913890379, -0.4190799324498109, 0.38062487884595086, 0.004572252943512385, 0.492827800196406, -0.06172686548186317], [-0.5022175670493065, -0.11371360968958094, -0.1916820116229258, -0.7675171210707502, -0.3204117077999463, -0.3714949949242839, 0.607157701102898, 0.33910419241314393, 0.29081018273298515, 0.8160960370713806, 0.26799922717073643, 0.010914147383376682]], "inverted": false, "swapped": false, "error_lsq": 0.045726996658346, "error_max": 0.29814671578164487, "target": "425.xyz", "model": "9.xyz", "model_rescale": 3.833441315466971, "target_rescale": 3.800351947992333},
{"mapping": [0, 12, 2, 10, 11, 8, 6, 5, 7, 4, 9, 14], "R": [[-0.726468810755967, -0.08597676101387097, 0.6817998706104125], [0.23835573245099717, 0.8990255026168531, 0.3673413813501872], [-0.6445382935144814, 0.42937296399526453, -0.6326209338801251]], "T": [-0.07445711383137071, -0.0529735695231562, 0.027888751777234454], "aligned_model": [[0.004099075795845425, -0.6467375395706076, 0.6331885694766828, -0.1815550511337637, -0.4770638249869268, 0.1667365388520876, -0.4886562065849686, 0.3683887868938712, -0.2241777551781901, 0.029444849631103553, 0.4279310141707973, -0.01846248500338306], [-0.5703547610409535, -0.19712497096972864, 0.0476746101034487, 0.06340688407999194, 0.44560074961900314, 0.5105591704457886, -0.313969078170617, -0.5362708852074956, 0.5449099201417617, -0.28008904515670907, 0.5820169831739129, 0.013590084518142156], [-0.40796511070254643, -0.09350130171760401, 0.10376882663857992, -0.778795675594813, -0.20592434765906648, -0.453583817810115, 0.498579758779562, 0.19446130152710142, 0.2809362554650071, 0.7852100328770241, 0.07588139038632327, 0.0659771635282745]], "inverted": false, "swapped": false, "error_lsq": 0.05311990331175606, "error_max": 0.36251964104392276, "target": "425.xyz", "model": "10.xyz", "model_rescale": 4.2482417240324, "target_rescale": 3.800351947992333},
{"mapping": [2, 1, 5, 3, 8, 7, 0, 6, 10, 4, 9, 11], "R": [[0.32210392227403756, 0.8909274926727244, 0.32015194213931175], [0.1580678343895895, 0.2828161539786134, -0.9460600312771544], [-0.9334150325482582, 0.35533537095065226, -0.04973078688595489]], "T": [-0.06845333175563634, -0.022526488145429527, -0.02569231147656768], "aligned_model": [[0.05731578559572148, -0.6846689560820349, 0.6716990359369972, -0.2428087803677042, -0.48041850731104135, 0.3155892510276839, -0.5703301868078181, 0.17689805812185389, -0.30842442963102706, 0.397610617315986, 0.2524033952151503, 0.008270689348780919], [-0.5377785133803797, -0.33244217751877314, -0.06327074276624141, 0.15932679859286242, 0.3880169766866145, 0.3854762994262562, -0.20279398377951235, -0.56928910572764, 0.4211388654568113, -0.06648010330507824, 0.6888936892465513, 0.03915165860507463], [-0.5418848782543352, -0.1785881046641945, 0.09555350756851472, -0.796796186511255, -0.22215245137298173, -0.405957043785787, 0.5123250937387277, 0.22196768457206656, 0.37502864970711003, 0.7136939578863462, 0.23934201478337633, 0.0525122320501393]], "inverted": false, "swapped": false, "error_lsq": 0.0368937822288656, "error_max": 0.2317473172409463, "target": "425.xyz", "model": "11.xyz", "model_rescale": 3.6694154284099745, "target_rescale": 3.800351947992333},
{"mapping": [6, 4, 7, 11, 8, 9, 1, 0, 2, 12, 10, 13], "R": [[-0.7183168661035856, -0.44739313201789177, 0.5327853838970668], [-0.07734600822692422, 0.812415867813603, 0.5779256463733298], [-0.6914032650215677, 0.3739249164576918, -0.6181760930104173]], "T": [0.026808789721227938, -0.03065727991620558, 0.011797501941691227], "aligned_model": [[0.1791543511529223, -0.5839114593400377, 0.7265058850257884, -0.14633267004946987, -0.4004694523763278, 0.2363776090085611, -0.5743860280779652, -0.09758951480731845, -0.31198847313167444, 0.26787592484560907, 0.3291189147257191, -0.031219114613257964], [-0.44945237675919336, -0.3905741495592029, 0.13510368068845063, 0.0341346640232371, 0.5491142303818923, 0.5790570436693414, -0.1720831223529844, -0.6934117021318126, 0.3726461996237054, -0.014718460822319132, 0.48642707222659853, -0.1262934174511678], [-0.3364212945440877, -0.20070961342912053, -0.17558605451758436, -0.7029420924674153, -0.22035794380054174, -0.46675826334300435, 0.590621323362341, 0.24848189536368726, 0.3976424079164871, 0.6469361408822808, 0.22336580863545819, 0.06077216165922718]], "inverted": false, "swapped": false, "error_lsq": 0.04813253813069485, "error_max": 0.3183546149838527, "target": "425.xyz", "model": "12.xyz", "model_rescale": 3.9764082729961374, "target_rescale": 3.800351947992333},
{"mapping": [3, 8, 4, 14, 13, 6, 1, 7, 12, 0, 5, 15], "R": [[0.33306376416232, 0.7125893343772058, -0.6174827686129204], [0.9417397173341644, -0.28393627741209, 0.18029557721900086], [-0.046849053324421686, -0.6415579715826276, -0.7656425636688375]], "T": [-0.12965537862906967, 0.057153359840196524, 0.06969674040607254], "aligned_model": [[-0.0894533712736468, -0.5259768154025737, 0.5846535221668565, -0.13918323282805062, -0.3735976648478754, 0.25821293040482296, -0.5684631348798057, 0.30188715406817884, -0.533253520877268, 0.30919307847388006, 0.4264696721851689, -0.057352644827139115], [-0.5720638425739327, -0.5214377380828067, -0.007095702726561182, 0.10377014617403985, 0.49212472422217357, 0.5051979141859041, -0.05817827552467171, -0.5573027056045537, 0.4982028513552572, -0.17399210223329703, 0.5912035891200021, 0.00952080322499179], [-0.48789895371677705, -0.018702902164403512, 0.030985321131698662, -0.7281404201732885, -0.28494761574375044, -0.4124578591442964, 0.5140715205176978, 0.15483477558654346, 0.2928500969938183, 0.5998775968724795, 0.3988459258794163, 0.005726989678588909]], "inverted": false, "swapped": false, "error_lsq": 0.04473002449135613, "error_max": 0.2488731767258826, "target": "425.xyz", "model": "13.xyz", "model_rescale": 4.170626492500431, "target_rescale": 3.800351947992333},
{"mapping": [3, 11, 0, 9, 10, 7, 5, 2, 12, 4, 8, 13], "R": [[-0.4563234775313143, 0.4025722318436745, 0.7935392126430372], [-0.8729144159466936, -0.02954853555899667, -0.48697772688159124], [-0.17259578872664044, -0.914911188145998, 0.36489479513841694]], "T": [0.03944534406908719, -0.05970008399541897, -0.02132335175368314], "aligned_model": [[-0.05500441017765828, -0.6234989705439379, 0.6172346937778546, -0.35032571937097107, -0.21612949224196543, 0.4292699542467903, -0.6923761825934238, 0.4516685920445219, -0.3758771390196628, 0.23604830123797604, 0.22512568723451354, -0.05299934223148896], [-0.648256734123431, -0.2372959889276806, -0.03796515464027998, 0.0863492967294477, 0.4160870546686088, 0.5647249689227738, -0.19791538759848376, -0.5190003880411953, 0.3612136897327575, 0.02923990437885303, 0.5909035601724602, -0.09813515973728458], [-0.3679556034884369, -0.19051017572264112, -0.16810709314532843, -0.7163445996005152, -0.18452998979670238, -0.361264419406184, 0.5007433214974367, 0.20681562292706934, 0.4100059323357158, 0.6543245493704549, 0.2849347112624094, -0.003067780515550636]], "inverted": true, "swapped": false, "error_lsq": 0.04982618645324829, "error_max": 0.259861279744457, "target": "425.xyz", "model": "14.xyz", "model_rescale": 3.9786697098870705, "target_rescale": 3.800351947992333},
{"mapping": [8, 9, 5, 3, 0, 2, 6, 7, 1, 10, 4, 11], "R": [[0.40670890372082047, 0.911414192493951, -0.06254628170249676], [-0.19405647633831768, 0.019287672077186027, -0.9808007288420004], [-0.8927093321038851, 0.41103790023116193, 0.18471029464594826]], "T": [-0.053174251326478086, 0.005829967001045499, 0.04610962936870689], "aligned_model": [[0.18584498599993632, -0.5396104496551066, 0.7157833397038048, -0.3531423335497005, -0.3913747374038728, 0.3196983643451694, -0.6299782325606946, 0.1473733444076752, -0.3557711031001035, 0.27717249737359295, 0.3598997857887781, -0.1427594889869303], [-0.2311772916696387, -0.2445104606311886, -0.15711285803123737, 0.015114215807241298, 0.5598020543440821, 0.44948054543290156, -0.36518902460365094, -0.535533093356308, 0.3089494715770688, 0.10026728034804137, 0.4436272679142356, -0.03376844559500167], [-0.3525449699366332, -0.2507468398175413, -0.11763849030706405, -0.8228450211592044, -0.20397224470567782, -0.6004099704937387, 0.4423390653081737, 0.3679522991880885, 0.572631996162957, 0.8039180536871361, 0.15843991587051037, 0.06792068192072087]], "inverted": false, "swapped": false, "error_lsq": 0.058895762314640804, "error_max": 0.33878414288868514, "target": "425.xyz", "model": "15.xyz", "model_rescale": 3.769337070930944, "target_rescale": 3.800351947992333},
{"mapping": [10, 9, 4, 8, 5, 2, 3, 7, 1, 6, 11], "R": [[-0.3496586034884216, 0.4212525687032098, 0.8368304095618626], [0.7309941002856162, -0.43601163338565074, 0.5249204519734393], [0.585991882498512, 0.7952610445088611, -0.15547792361787532]], "T": [0.07839170735702902, 0.02053262272980106, 0.004797620241467845], "aligned_model": [[-0.2523927911220004, -0.4008121959386781, 0.004623326221581264, -0.4984594516004133, 0.36621312415602125, 0.33710867990713644, 0.6100571215283587, 0.22066710890251653, 0.08389151324513378, -0.5545285144946092, 0.0062582098861237445], [-0.1116053747778172, -0.6384085262158813, 0.6872129932519789, 0.3107911848504199, 0.2894489681069825, -0.4338306228554283, 0.5680305777753031, -0.5005362399440041, 0.37647417563615476, 0.025045499362992947, 0.02344186243464083], [-0.5518030511368706, -0.011615767546787979, -0.16200333821248974, -0.05173559479075765, -0.7490003222287503, -0.3350661672776849, -0.07267643103231156, 0.392526053262389, 0.5940193281814425, 0.682540798340996, 0.009032099664602042]], "inverted": true, "swapped": true, "error_lsq": 0.039159126463208765, "error_max": 0.17867973823289693, "target": "425.xyz", "model": "16.xyz", "model_rescale": 3.7852294659196426, "target_rescale": 3.800351947992333},
{"mapping": [9, 0, 11, 10, 5, 6, 3, 8, 1, 2, 7, 12], "R": [[0.6151514945863756, 0.43329127145053975, 0.658670868334803], [-0.7642112446271396, 0.12230428404556332, 0.633263638376262], [0.1938293380620877, -0.8929167577041419, 0.4063617249662375]], "T": [-0.11385322871801049, 0.020574052064633787, 0.045157588341117674], "aligned_model": [[0.08139906070922523, -0.6068096152410051, 0.6090239696884585, -0.041944585646803395, -0.33671533810727955, 0.3001101436131821, -0.5528139838379397, 0.12682462529494395, -0.41218081945131546, 0.16437285112226988, 0.33214811047946935, -0.07027844626065774], [-0.6476604842085234, -0.4190480588510018, -0.09109520564150322, 0.06101015888601572, 0.625567563512671, 0.5864547099564934, -0.288847309881248, -0.5739095380946768, 0.43588081886189883, 0.08364198729820083, 0.5508111552479354, -0.012856135549716492], [-0.4672884415167233, -0.12652105424145343, -0.008792456521222167, -0.7563716647719098, -0.08338945310567032, -0.4987235046323812, 0.6317300454158199, 0.15860071449464652, 0.5064330942014804, 0.5861748755624723, 0.15173350033935906, -0.02854117950669055]], "inverted": false, "swapped": false, "error_lsq": 0.04567805924745464, "error_max": 0.29789141869960745, "target": "425.xyz", "model": "17.xyz", "model_rescale": 3.901054581598922, "target_rescale": 3.800351947992333},
{"mapping": [1, 7, 8, 0, 3, 2, 11, 4, 9, 10, 5, 14], "R": [[0.9357288807761205, 0.3525550923348238, -0.010787425561872935], [0.3522770118477085, -0.9356487386489518, -0.02150220426549623], [-0.017673952730460137, 0.016320071489106126, -0.9997106014549771]], "T": [-0.07339965771801635, 0.026231921557126316, 0.03486937869676579], "aligned_model": [[-0.03033486619388947, -0.5987315694438196, 0.5696906255904403, -0.1597884934965197, -0.45951993318280326, 0.2608554356664816, -0.633456530416174, 0.45815560546791545, -0.15694875385749546, 0.15575593202323698, 0.3028189409302685, -0.11536042072509317], [-0.5363678753140794, -0.2574902078185358, 0.006798271597746871, -0.020986002096782357, 0.45919881312632965, 0.6039933158415581, -0.1560433072105176, -0.5296397917539543, 0.40317429619664236, -0.1924585245632972, 0.48146783928881975, 0.0483028342426154], [-0.3741690568166929, -0.25358366708763436, -0.12784347544628644, -0.7173353509069065, -0.4619773715116601, -0.45319148411558696, 0.573240095998458, 0.21934054291965097, 0.5688390558037085, 0.7912528479733287, 0.23810784019882486, 0.06236449870852314]], "inverted": true, "swapped": false, "error_lsq": 0.049403107200711886, "error_max": 0.3336998605979548, "target": "425.xyz", "model": "18.xyz", "model_rescale": 3.9405287249114394, "target_rescale": 3.800351947992333},
{"mapping": [14, 12, 11, 3, 1, 2, 4, 13, 0, 9, 5, 15], "R": [[0.808919885366056, 0.5878531643660955, 0.008790688490399545], [0.24117440993105574, -0.31815947597408656, -0.9168475619438063], [-0.5361748996864494, 0.7437763138152915, -0.3991406668751795]], "T": [-0.08658520621491811, 0.013666794036892376, 0.07868544925984286], "aligned_model": [[0.13148901566915328, -0.48345592624356654, 0.6017244043965986, -0.3186373306151533, -0.4557601649388386, 0.3120809161682285, -0.661968184054258, 0.15694366499954138, -0.5874403424872268, 0.47678723039784826, 0.48463801313053206, -0.06326532406031062], [-0.5350174959124517, -0.2955459296791351, -0.18274795958117826, -0.012746962781478062, 0.4291251349104414, 0.6702991544431756, -0.14256280576228367, -0.5986332940355528, 0.41950492309242843, -0.05469336172945648, 0.5774541242427103, 0.035514134329325896], [-0.4224414266794011, -0.13815593351902286, -0.0041657812729085225, -0.7403888574340265, -0.2771567079239682, -0.32779277788683425, 0.5019959376432533, 0.20949881403368412, 0.31767039320046087, 0.5953557829593209, 0.2957350351587413, 0.05488999743842813]], "inverted": false, "swapped": false, "error_lsq": 0.044952436145247104, "error_max": 0.21432615975336688, "target": "425.xyz", "model": "19.xyz", "model_rescale": 4.410303926677745, "target_rescale": 3.800351947992333},
{"mapping": [9, 10, 7, 11, 6, 4, 5, 8, 3, 1, 2, 13], "R": [[-0.9625893020846937, -0.03344852152983405, 0.26889223105097515], [0.24342011589579685, -0.5426733275538648, 0.8038981942627392], [0.11903143571922337, 0.8392775798084233, 0.5305135826173882]], "T": [0.0031454091597832023, 0.1218347940439851, 0.03260468280517449], "aligned_model": [[-0.031629857535598466, -0.6351082818961041, 0.6547499651092428, -0.2020771670510349, -0.2997294118485744, 0.22157811435686128, -0.48104558416409926, 0.10604017740848326, -0.5756614262726508, 0.3568204454913625, 0.4895458339253814, -0.010346835160720897], [-0.44637119052065233, -0.37016701336426805, -0.12337742522350352, 0.10032691326326997, 0.5361553175049852, 0.5558268391641089, -0.3942782962437461, -0.6229244680173806, 0.43131805513948274, 0.033551268414395305, 0.5646160662968416, 0.045273595123012586], [-0.3544216298917923, -0.1277089484548649, 0.18138517598063642, -0.7702367895736495, -0.23778608962742315, -0.47634664402930893, 0.4778653738458962, 0.1932405743367283, 0.3410936681203625, 0.6885314157187374, 0.10985815835210029, 0.039570210940304794]], "inverted": true, "swapped": false, "error_lsq": 0.04609377384709021, "error_max": 0.24311616201519903, "target": "425.xyz", "model": "20.xyz", "model_rescale": 4.121658175737393, "target_rescale": 3.800351947992333},
{"mapping": [5, 8, 3, 1, 6, 2, 9, 7, 10, 11, 4, 12], "R": [[-0.8808650951648161, 0.28127774197736977, -0.38073549347071867], [-0.21925129522334053, -0.9552686021537161, -0.19847107416994755], [-0.41953015822842465, -0.09134949155522135, 0.9031332773901289]], "T": [-0.06607357978336217, 0.0034235041498215345, -0.04382270940225784], "aligned_model": [[-0.1140619002202106, -0.6614809597369847, 0.6158287623687618, 0.06731161597287313, -0.5388758874170536, 0.22663514440398888, -0.47008743025568156, 0.2801835400765449, -0.3840807622884448, 0.3004193184115015, 0.268848368300143, 0.0024961627471105363], [-0.5929692223881581, -0.2763646367390537, -0.10328685396468072, 0.12221477713506687, 0.3821787640155105, 0.6440899605234177, -0.20060310125396183, -0.503286690673623, 0.5595991675616949, -0.04827220019511824, 0.40062328084432863, -0.07397358332887789], [-0.3692706573463021, -0.18843166756599067, -0.122960552350508, -0.7149947357927043, -0.2796762510174733, -0.3268063284889997, 0.5199226480904499, 0.25645856724597516, 0.40138859432950347, 0.7546630530669227, 0.19946976481899892, -0.06471795927214477]], "inverted": true, "swapped": false, "error_lsq": 0.04735867184502319, "error_max": 0.24242191862245874, "target": "425.xyz", "model": "21.xyz", "model_rescale": 4.08911054899281, "target_rescale": 3.800351947992333},
{"mapping": [14, 15, 7, 9, 5, 10, 1, 4, 8, 0, 6, 16], "R": [[-0.6857952632697542, 0.24606020463987746, 0.6849373931749899], [0.3660424260969687, -0.6968068023105582, 0.6168251150454076], [0.629045148756283, 0.6737318872862681, 0.38779833016642745]], "T": [-0.05370792268857254, -0.08559687777524354, -0.030912881890882156], "aligned_model": [[-0.10877850924934372, -0.6713288168884852, 0.6187297153310803, -0.16789410286213102, -0.28045160016502024, 0.30954305097181223, -0.5190825790136144, 0.23064769480097463, -0.376146604355213, 0.34146766666295425, 0.23237196841526403, -0.01594191128572941], [-0.4927212708133028, -0.4530071763252201, 0.14543340539746724, 0.11649936005820848, 0.5035990845846213, 0.5157740198131703, -0.13304027013607195, -0.6106741933290517, 0.42000323208051665, -0.08733609726465201, 0.48724599736422974, -0.10182642989336943], [-0.5239032925849525, -0.1536366426761957, -0.015138876656914997, -0.7044603846503052, -0.3458167983661418, -0.427822421815819, 0.610315575866324, 0.32926468731728503, 0.3171730895859865, 0.6353548022087714, 0.3506280266095404, -0.006913289119850705]], "inverted": true, "swapped": false, "error_lsq": 0.03792792686904066, "error_max": 0.1829458878471222, "target": "425.xyz", "model": "22.xyz", "model_rescale": 4.204369325754507, "target_rescale": 3.800351947992333},
{"mapping": [14, 12, 11, 3, 1, 2, 4, 13, 0, 9, 5, 15], "R": [[0.808919885366056, 0.5878531643660955, 0.008790688490399545], [0.24117440993105574, -0.31815947597408656, -0.9168475619438063], [-0.5361748996864494, 0.7437763138152915, -0.3991406668751795]], "T": [-0.08658520621491811, 0.013666794036892376, 0.07868544925984286], "aligned_model": [[0.13148901566915328, -0.48345592624356654, 0.6017244043965986, -0.3186373306151533, -0.4557601649388386, 0.3120809161682285, -0.661968184054258, 0.15694366499954138, -0.5874403424872268, 0.47678723039784826, 0.48463801313053206, -0.06326532406031062], [-0.5350174959124517, -0.2955459296791351, -0.18274795958117826, -0.012746962781478062, 0.4291251349104414, 0.6702991544431756, -0.14256280576228367, -0.5986332940355528, 0.41950492309242843, -0.05469336172945648, 0.5774541242427103, 0.035514134329325896], [-0.4224414266794011, -0.13815593351902286, -0.0041657812729085225, -0.7403888574340265, -0.2771567079239682, -0.32779277788683425, 0.5019959376432533, 0.20949881403368412, 0.31767039320046087, 0.5953557829593209, 0.2957350351587413, 0.05488999743842813]], "inverted": false, "swapped": false, "error_lsq": 0.044952436145247104, "error_max": 0.21432615975336688, "target": "425.xyz", "model": "23.xyz", "model_rescale": 4.410303926677745, "target_rescale": 3.800351947992333},
{"mapping": [14, 9, 7, 6, 5, 12, 10, 11, 4, 1, 0, 16], "R": [[-0.21194816491484317, -0.6780585261025132, 0.7037859124541485], [0.8634789528361084, 0.20733792771966622, 0.45979895795659653], [-0.4576921163820588, 0.7051578680753708, 0.5415443727831635]], "T": [-0.08824141859331629, -0.0066053784881724975, -0.009646602771474373], "aligned_model": [[-0.12757161185777055, -0.5224806466125869, 0.5692990807099871, -0.06872492411712867, -0.32767693026386135, 0.3141935740291754, -0.4015818176222452, 0.07989829339720993, -0.5531427114651519, 0.3682290886094668, 0.33240192374713234, -0.06970734619167904], [-0.5009263839954794, -0.4580344838408007, -0.05655291750989683, 0.11647049031840054, 0.5032675150236492, 0.5593708187503783, -0.23028778390126917, -0.5933856082030486, 0.41386938859579664, -0.08896040689247325, 0.5940248872876255, 0.05109414590366341], [-0.47035244105297597, -0.0013980078524724448, 0.0744761159431142, -0.7595596155407325, -0.28947208703064503, -0.4144834287347526, 0.5152990345288252, 0.15810167852601884, 0.2748742771704517, 0.7122866870281428, 0.17115238357778045, 0.09411987915497268]], "inverted": true, "swapped": false, "error_lsq": 0.04052023607460035, "error_max": 0.2527003263251063, "target": "425.xyz", "model": "24.xyz", "model_rescale": 4.28219845311461, "target_rescale": 3.800351947992333},
{"mapping": [4, 0, 13, 3, 1, 9, 6, 2, 8, 14, 11, 15], "R": [[-0.7523200587800309, -0.033657300440203444, -0.6579374706492167], [0.46258891546295855, 0.6840900880635276, -0.563943478288418], [0.46906931731676377, -0.7286205717246209, -0.49908520115474486]], "T": [0.08352943875195672, 0.10831416876829568, -0.023167110841520348], "aligned_model": [[-0.07794190605030439, -0.501170446366721, 0.5946294019196392, -0.15664254749520334, -0.47773258161893195, 0.4342702459122413, -0.49935001372157006, 0.12328781134910084, -0.46760004429066704, 0.30782806621003506, 0.2795838271533621, 0.03397415936156773], [-0.4012840960538909, -0.46054858231976314, -0.19322391337465827, 0.25352782860768003, 0.24881935399487048, 0.5708476590450894, -0.17306351384483015, -0.5135219822034155, 0.42506164124380985, -0.018771067583017956, 0.5187806926219044, 0.053325641402767666], [-0.5220510515769162, -0.014484553468458342, -0.050881179553049674, -0.7451614009006385, -0.2972485517679454, -0.36945794300978474, 0.603949527888828, 0.26059176133877526, 0.25589092708315175, 0.6935504718342377, 0.2760936129975433, -0.025747145148015942]], "inverted": true, "swapped": false, "error_lsq": 0.04224848198809055, "error_max": 0.21549564617085054, "target": "425.xyz", "model": "25.xyz", "model_rescale": 4.100010024507729, "target_rescale": 3.800351947992333},
{"mapping": [2, 1, 5, 3, 8, 7, 0, 6, 10, 4, 9, 11], "R": [[0.32210392227403756, 0.8909274926727244, 0.32015194213931175], [0.1580678343895895, 0.2828161539786134, -0.9460600312771544], [-0.9334150325482582, 0.35533537095065226, -0.04973078688595489]], "T": [-0.06845333175563634, -0.022526488145429527, -0.02569231147656768], "aligned_model": [[0.05731578559572148, -0.6846689560820349, 0.6716990359369972, -0.2428087803677042, -0.48041850731104135, 0.3155892510276839, -0.5703301868078181, 0.17689805812185389, -0.30842442963102706, 0.397610617315986, 0.2524033952151503, 0.008270689348780919], [-0.5377785133803797, -0.33244217751877314, -0.06327074276624141, 0.15932679859286242, 0.3880169766866145, 0.3854762994262562, -0.20279398377951235, -0.56928910572764, 0.4211388654568113, -0.06648010330507824, 0.6888936892465513, 0.03915165860507463], [-0.5418848782543352, -0.1785881046641945, 0.09555350756851472, -0.796796186511255, -0.22215245137298173, -0.405957043785787, 0.5123250937387277, 0.22196768457206656, 0.37502864970711003, 0.7136939578863462, 0.23934201478337633, 0.0525122320501393]], "inverted": false, "swapped": false, "error_lsq": 0.0368937822288656, "error_max": 0.2317473172409463, "target": "425.xyz", "model": "26.xyz", "model_rescale": 3.6694154284099745, "target_rescale": 3.800351947992333},
{"mapping": [8, 0, 9, 10, 2, 11, 1, 7, 6, 3, 12, 13], "R": [[0.7393452764351903, 0.4648201433698147, 0.48714555990036207], [0.11690118778099812, -0.8011168077242574, 0.5869803852575376], [0.6631008026751017, -0.3770332806256769, -0.6466399545282334]], "T": [-0.08026048879853673, -0.10370019960054273, -0.07913327179275734], "aligned_model": [[0.1129687579972061, -0.7398503153622985, 0.598597758022384, 0.09350945421017448, -0.4352834018383165, 0.22426176615278473, -0.6273205945884429, 0.1609832783055986, -0.29306479682204684, 0.3793614029179039, 0.23076325375666504, -0.1117905903890638], [-0.5827501315532105, -0.12931987216979357, -0.06572062447533104, 0.005186069262283086, 0.45263780328540554, 0.6379988702361128, -0.22987890581227172, -0.536156848148408, 0.2995572370494089, -0.05445463363372258, 0.5709722084068611, -0.05812151091078875], [-0.45533908422651503, -0.11403651238976625, -0.12985376140876057, -0.6446759379573168, -0.24215598175951825, -0.384623296651171, 0.6023730219768747, 0.30933965735237323, 0.4339828925185387, 0.5835535405259662, 0.19981867173496978, -0.09333873399794747]], "inverted": false, "swapped": false, "error_lsq": 0.04798785735693122, "error_max": 0.28960170255340867, "target": "425.xyz", "model": "27.xyz", "model_rescale": 4.103607728864725, "target_rescale": 3.800351947992333},
{"mapping": [11, 13, 5, 10, 3, 9, 4, 7, 2, 1, 0, 14], "R": [[0.6514322614902281, -0.7471916748278639, -0.13168374902644336], [0.5776973798408728, 0.37597454542504477, 0.724505954783963], [-0.49183508009770704, -0.5480399093682531, 0.6765726211759676]], "T": [-0.09873270977078061, -0.03015922798490485, -0.16933975494282963], "aligned_model": [[-0.10173344440011921, -0.6268335277762156, 0.6199635916768451, -0.14300867587048438, -0.30816059502064597, 0.5000446632217479, -0.5682485163071264, 0.3623005721606658, -0.47922553868216233, 0.2128852726145309, 0.19609411823408598, -0.07094194748857362], [-0.6495253626177292, -0.40097619405815804, -0.02593462274472786, 0.154007084410884, 0.6846040536326362, 0.39459163286610777, -0.28583574811911694, -0.4828709377631849, 0.29186344328130454, 0.09777404436562646, 0.49890249333536235, 0.03334977494754096], [-0.46672472484037864, -0.11037504814359748, -0.03296457619707266, -0.6425180347805953, -0.07561534671369294, -0.5315224296409461, 0.5626395559663669, 0.15094397293688852, 0.3718139317023509, 0.6609542550046478, 0.2086319073598775, -0.030218986936120767]], "inverted": true, "swapped": false, "error_lsq": 0.052708919069386184, "error_max": 0.34841215058213265, "target": "425.xyz", "model": "28.xyz", "model_rescale": 4.137296879288765, "target_rescale": 3.800351947992333},
{"mapping": [4, 8, 9, 7, 2, 10, 5, 1, 0, 3, 11], "R": [[0.10542474717513112, 0.9773270913281633, -0.18362292677956082], [0.832178142611478, -0.1877935107395206, -0.5217404874876361], [-0.544394307136629, -0.09780262716388469, -0.8331083269761933]], "T": [-0.04296810358314837, -0.040621825798487166, -0.04485262234958465], "aligned_model": [[0.4150290377026118, 0.2629595373801198, -0.2162637372125303, -0.642922323329354, -0.007734570866032506, 0.45421644757703195, 0.6671237064012664, -0.3968146157031104, -0.4353177087024379, 0.15053476300142915, -0.029391525539095614], [-0.3077259541540732, -0.6030953782262674, -0.14597526044135845, 0.12846257143849396, 0.49979374731322745, -0.01900003902876693, 0.39576650473837516, -0.4315062703339086, 0.3113993906488795, 0.19282729769495288, -0.10179879300160237], [0.3985671036725736, -0.14602118560258442, -0.8341424900029875, -0.2762695364368868, -0.35404096527620443, -0.47962056346610493, 0.12456801752596514, 0.39776330024998346, 0.39613325622608675, 0.659762520398175, -0.08094543550501727]], "inverted": false, "swapped": true, "error_lsq": 0.04814766975066837, "error_max": 0.24087612945370523, "target": "425.xyz", "model": "29.xyz", "model_rescale": 3.607286011436655, "target_rescale": 3.800351947992333},
