[{"mapping": [8, 6, 2, 10, 11, 4, 3, 1, 0, 5, 7, 12], "R": [[0.04878990430421659, -0.9662620166319078, 0.2528977272583214], [-0.5153759068941206, 0.19253429624087282, 0.835055818112834], [-0.8555742047485116, -0.17107968899162374, -0.4885944332301394]], "T": [0.06332964117624137, 0.021262885122715278, -0.06302626573780677], "aligned_model": [[-0.3929453789920859, 0.1787260837314385, 0.4784398180626479, -0.17538187285365034, -0.20827817220120423, -0.40725143813564557, 0.432270222656302, -0.3335412255174661, 0.7000794876443522, 0.1979641390572176, -0.6387555602929071, 0.006316359301549931], [-0.33468802289899885, -0.7224587287333505, -0.1807505887161066, 0.5818763841042082, 0.3840892807042622, -0.6081467745983009, -0.2636762415089256, -0.25112037161695544, 0.016810533516086433, 0.2916462332525197, 0.15200268458595534, -0.012029352113336694], [-0.5407972212949379, -0.13615511094020777, -0.544419446728686, 0.06444730331678962, -0.6955303250863746, 0.06134306703288554, 0.5551675191134212, 0.6684575981058555, 0.11442587647004528, 0.4479465422356226, 0.2706619693440978, -0.08359602621494854]], "inverted": false, "swapped": true, "error_lsq": 0.04790831083518746, "error_max": 0.33315094392368316, "target": "426.xyz", "model": "0.xyz", "model_rescale": 3.751011558992144, "target_rescale": 3.8966232271323307},
{"mapping": [4, 2, 6, 8, 0, 5, 1, 13, 7, 10, 9, 11, 14], "R": [[0.8357991125365692, -0.4901123050253835, -0.24744650319975967], [0.48360374405498785, 0.8705608880388925, -0.0908358902248058], [0.25993703510481364, -0.04374549896435635, 0.9646341633496497]], "T": [-0.020139716978695748, 0.06216805625914569, -0.09556583544500216], "aligned_model": [[0.034669387711490446, -0.5532012957729133, 0.6577972821981503, -0.36240159634522195, 0.2374817701755523, -0.6412357742408176, 0.4720124939628832, -0.4995081249061542, 0.5812837170651127, -0.16442183820327944, -0.3747883619260244, 0.33989589327618486, -0.01737392639757221], [-0.7168283920660118, 0.22612816096579558, -0.08884370716488381, -0.4236361305756056, 0.17010082464114817, 0.048839753991633504, -0.29243426759748825, 0.6067594251817265, 0.3072563305031045, -0.32550350970723885, 0.31626987029886106, 0.31904984968387434, 0.10559797138590757], [0.029871262136450277, -0.7060578822941883, 0.18960537229659072, -0.39097969789257314, -0.8008928556032519, -0.031160160169191042, -0.438682350081979, -0.1291570348386234, -0.22935153949560305, 0.612492901218113, 0.39824205034970994, 0.5686006289914121, -0.062249093138601344]], "inverted": false, "swapped": false, "error_lsq": 0.044387016187782506, "error_max": 0.29556533453216244, "target": "426.xyz", "model": "1.xyz", "model_rescale": 3.9405287249114394, "target_rescale": 3.8966232271323307},
{"mapping": [5, 10, 2, 9, 8, 11, 8, 3, 4, 0, 6, 1, 12], "R": [[-0.17669600081924405, -0.045893694350949754, 0.983194941053557], [-0.9820847162260605, -0.05823769510728438, -0.1792149017904744], [0.06548384113400901, -0.9972472811130711, -0.03478112797083044]], "T": [-0.029810252137206207, 0.12044239005472877, 0.035722249336795575], "aligned_model": [[-0.09173451834882758, -0.45275599742603084, 0.4201752282162529, -0.17205506490398176, 0.20449859621914476, -0.6305545963729046, 0.20449859621914476, -0.22913789453276753, 0.47936765659449965, -0.16618779600783615, -0.44312714426519206, 0.5383568835383018, 0.04886567766758721], [-0.5860577328554754, 0.12360553603468105, -0.3550531851570529, -0.3770688470461829, 0.072095676113622, -0.2610267534293959, 0.072095676113622, 0.5648477241136254, 0.5255171661532032, -0.17519851639386802, 0.27156465064652574, 0.29639049002976, 0.081044295217759], [0.19414965213936514, -0.6940681386253649, 0.2243664990416148, -0.5828487565221314, -0.7014695363898087, 0.001055053380219842, -0.7014695363898087, -0.2635636818492843, -0.22571226428217517, 0.8083331528567661, 0.35460608778696157, 0.5586512162259241, 0.038251854105986215]], "inverted": true, "swapped": false, "error_lsq": 0.05526645253197328, "error_max": 0.42532392507819006, "target": "426.xyz", "model": "2.xyz", "model_rescale": 3.932901565614263, "target_rescale": 3.8966232271323307},
{"mapping": [7, 2, 9, 4, 6, 0, 5, 1, 10, 8, 3, 11, 13], "R": [[0.34788190274762154, -0.2745949809606054, 0.8964238830887645], [0.9081329207031767, 0.33628415299183545, -0.2494144478206529], [-0.2329651906955451, 0.9008388118180789, 0.36635591307685983]], "T": [-0.02208610768879896, 0.031823900222973954, -0.003927767157658871], "aligned_model": [[-0.09032863452968759, -0.4368511434292764, 0.5328686322142355, -0.42459998212776057, 0.2137597411017577, -0.6812152030804625, 0.3667818147983059, -0.3786842125803825, 0.40877893774159535, 0.14986786800422974, -0.34311504498099726, 0.318782463074096, 0.07416439039173747], [-0.6714449234623621, 0.19405305389936658, -0.4211463457764112, -0.4414978157369614, 0.17350755627347889, 0.02765376413976508, -0.38313135978517404, 0.6565069028895281, 0.582638823765837, -0.14771123129131875, 0.05630870471532274, 0.5890801798383454, 0.037938870071407026], [0.0985342575625093, -0.7080950200194638, 0.15927803018807574, -0.6180739538450413, -0.6292234875157806, -0.12426801277907, -0.4436931099335534, -0.18106488545696553, -0.15918134338045115, 0.6867137406648985, 0.39233779260149076, 0.6051557695289966, -0.06813817613738021]], "inverted": false, "swapped": false, "error_lsq": 0.047897524143760924, "error_max": 0.27288951807327105, "target": "426.xyz", "model": "3.xyz", "model_rescale": 3.9243930471874484, "target_rescale": 3.8966232271323307},
{"mapping": [4, 0, 8, 2, 1, 3, 7, 5, 9, 10, 6, 11, 12], "R": [[-0.21983228878157807, 0.975349516173675, -0.01915949135104066], [-0.9753033703588044, -0.21930666762150702, 0.026228253916457434], [0.02137991056597725, 0.024452133578229552, 0.9994723570903115]], "T": [0.0460446413911164, 0.02797355756267614, 0.01830546796599372], "aligned_model": [[-0.0004714800313657952, -0.5149009834211271, 0.5786069950855764, -0.4030301019336833, 0.21038888573058523, -0.5759159687506958, 0.2666700908776459, -0.31673179887353126, 0.6703916120038015, 0.07356083203079233, -0.49088503034407793, 0.2258620683401928, -0.013335494116722663], [-0.5596778659267442, 0.14244966603561493, -0.29386653872174473, -0.48197433069194473, 0.27356777804194604, -0.22135039682442595, -0.4379077702777977, 0.6324312562125718, 0.3539030610699692, -0.23318680980541726, 0.378128292366283, 0.5963373944677661, 0.10390244359474649], [-0.05147507630490726, -0.6106282168955228, 0.11387042371483906, -0.6057934957296652, -0.6319519796669828, 0.0812016965133136, -0.5958588083645658, -0.25854691997145085, 0.058903630573760996, 0.6726492929446939, 0.3508933571647177, 0.5386537390801156, -0.05163604158008098]], "inverted": false, "swapped": false, "error_lsq": 0.044045513622997946, "error_max": 0.27715374570449586, "target": "426.xyz", "model": "4.xyz", "model_rescale": 3.8936222436046832, "target_rescale": 3.8966232271323307},
{"mapping": [4, 7, 3, 6, 5, 10, 11, 9, 2, 8, 0, 12], "R": [[-0.9129473218539675, 0.3931378068514849, 0.10940682037091237], [0.3306762677827412, 0.8698051086226578, -0.3661861260878186], [-0.23912422178638731, -0.29813040408172314, -0.9240875871458958]], "T": [-0.09863802115909838, -0.008975802008409941, -0.013726966598408222], "aligned_model": [[0.033817935238501864, -0.6809052400890374, -0.1788378049842282, 0.46960856675476126, -0.5550454324160587, -0.6349546164726759, -0.020029573549701182, -0.13484518132110743, 0.5127554827656253, 0.2627881180105447, 0.03964389793146754, -0.08644810965299449], [-0.6033505475220143, -0.5280176589800277, 0.39762986128994854, -0.15126989607434546, 0.3271313466754152, -0.022547689365449815, -0.30590452140519026, 0.48406346032359443, 0.1875829659814864, -0.6580305020115325, 0.618368156629319, -0.07673207043139627], [-0.5258254770441313, -0.1274142569557248, -0.6677230242510813, -0.4918840662946416, -0.1899401131203, 0.30202690343813277, 0.7012060584274469, 0.5499228507199719, 0.16635060378878014, 0.09234928547455612, -0.16953813949535207, -0.020245905412137995]], "inverted": true, "swapped": true, "error_lsq": 0.04870820261535539, "error_max": 0.271821116361908, "target": "426.xyz", "model": "5.xyz", "model_rescale": 3.6523030999806103, "target_rescale": 3.8966232271323307},
{"mapping": [7, 1, 9, 5, 6, 3, 8, 2, 10, 11, 4, 10, 12], "R": [[-0.584211882389135, 0.3283359533693663, -0.7422209766642095], [0.12541267041470439, 0.940051257476964, 0.3171360834333294], [0.8018529407408795, 0.09219075355483464, -0.5903666033781007]], "T": [-0.05634754893408482, -0.031324560601967213, -0.15780509079790256], "aligned_model": [[-0.24704926211335348, -0.47599037608790606, 0.5518710298362305, -0.18462303893922316, 0.27135778424348317, -0.7030445103485796, 0.3967688752391131, -0.42104312229233865, 0.4504819364035279, -0.020851329454182096, -0.2283336926553231, 0.4504819364035279, -0.12981660363758576], [-0.5880930549978128, 0.1809508295899267, -0.3029739791585264, -0.5710871914762274, 0.3936385290254064, -0.14773307278280645, -0.2667198847203097, 0.6340799792387432, 0.4631201133455599, -0.21270869430921147, 0.3141749180542547, 0.4631201133455599, -0.10701242561373295], [0.18926804261328356, -0.6688960047561434, 0.1231568799688596, -0.5529066359257129, -0.5247383941834709, 0.06774490662413782, -0.5970973058372838, -0.17891365165328071, 0.16979432749267914, 0.7026650234901453, 0.26667397646348073, 0.16979432749267914, -0.15626389031110838]], "inverted": false, "swapped": false, "error_lsq": 0.057587693700235316, "error_max": 0.3899301157149997, "target": "426.xyz", "model": "6.xyz", "model_rescale": 4.08911054899281, "target_rescale": 3.8966232271323307},
{"mapping": [0, 4, 1, 3, 8, 6, 9, 5, 11, 2, 7, 13, 14], "R": [[-0.07075800433897256, 0.48385125866858725, -0.8722850820155013], [-0.012894916655292438, -0.8748475726356911, -0.48422664711671126], [-0.9974101593358766, -0.023014867765485558, 0.06814168999458564]], "T": [0.015826139660650575, 0.17912533836664124, -0.09763005710937003], "aligned_model": [[-0.12838029829420808, -0.5108069638910856, 0.48787815152741126, -0.29885724401066216, 0.08500491321383039, -0.3601140858770548, 0.5021916779821691, -0.48793607721710236, 0.5630553948504394, -0.1117452731844632, -0.49566531527344576, 0.3144354642899531, 0.1511492824816101], [-0.7436489792798092, 0.2185275214183358, -0.2852293396527374, -0.42439516813529543, 0.13985013041278, -0.12682576880311391, -0.3044037624494169, 0.7430590914832588, 0.3833920803638577, -0.22287803176885107, 0.3652488193447092, 0.4107125725062788, 0.09934701410082639], [0.013492600563975887, -0.5644860647996232, 0.21778663545692037, -0.5015963954824979, -0.7749931271204553, 0.02155816922920606, -0.47737402309832966, -0.19092303929745064, -0.15547729849068567, 0.5895805134697373, 0.452845651614874, 0.529342307975095, -0.1494743285425013]], "inverted": true, "swapped": false, "error_lsq": 0.03881577925150056, "error_max": 0.21603242701093714, "target": "426.xyz", "model": "7.xyz", "model_rescale": 3.964800864290218, "target_rescale": 3.8966232271323307},
{"mapping": [7, 5, 2, 1, 3, 8, 0, 10, 6, 12, 9, 11, 13], "R": [[-0.1648021067462435, 0.7327202812966295, -0.6602736213030082], [-0.7546596473644892, 0.33736247891905785, 0.5627391708929574], [0.6350819492409657, 0.5910224591283959, 0.49735638183712777]], "T": [0.0808973795783762, 0.0016637273907591753, -0.0821079162318106], "aligned_model": [[-0.16477021018658433, -0.5491111337409048, 0.5119325760779093, -0.14999205671118926, 0.27991813021567813, -0.6753268134269831, 0.5021438825458183, -0.3840479828523694, 0.5352935562898006, -0.07208163098731821, -0.37609797845873894, 0.24789692808959599, 0.004452359742676451], [-0.6151110870695471, 0.24637596198617595, -0.49568542192554477, -0.6198432274319562, 0.32495065774032084, -0.10274230440328366, -0.22659050254266666, 0.6756546260338843, 0.3616158361767107, -0.15935126895670154, 0.2707982572755395, 0.5762022093205916, 0.016482443337299826], [0.17497072649885773, -0.5743232332963324, -0.008207910771393129, -0.43358915967059874, -0.7000391398994039, 0.008897203655452601, -0.6146590994789637, -0.1506359506965985, -0.10365825611602446, 0.6399353861858059, 0.3567298377785314, 0.49160804839920114, -0.07674685111026949]], "inverted": false, "swapped": false, "error_lsq": 0.037609797725760466, "error_max": 0.23780130425477852, "target": "426.xyz", "model": "8.xyz", "model_rescale": 4.121658175737393, "target_rescale": 3.8966232271323307},
{"mapping": [2, 4, 8, 1, 9, 0, 6, 5, 7, 3, 10, 11, 12], "R": [[-0.8576931754281728, 0.30084043339380606, -0.41696216909854644], [0.37194172039871953, -0.19688125483038094, -0.907136774760706], [-0.35499545553538947, -0.933130647407876, 0.05696860027576406]], "T": [0.025949078007005296, 0.048043505489978065, -0.0493344004253993], "aligned_model": [[-0.046039961070179825, -0.4969037180674527, 0.660960796257636, -0.29609536163519495, 0.2468825761095491, -0.7479139491945231, 0.4045453717496469, -0.3104335931765204, 0.5017229069282758, -0.17677507511462143, -0.35472451261973775, 0.3405281423073513, -0.015543995876837819], [-0.6021927486279882, 0.056182003513174476, -0.2960379001362785, -0.4653612961493172, 0.37323196412936244, -0.09316966928033413, -0.25025671263425, 0.5568424147101462, 0.5258540566387383, -0.1957296321614663, 0.4421538543764748, 0.2155108751704156, -0.014271030007854055], [0.1838111398327517, -0.7667510410225996, 0.04511898338873847, -0.37741153200086897, -0.7832490227207054, -0.05370447182685263, -0.5471936941272911, -0.14776343465605563, -0.07272780201039655, 0.6732730770966032, 0.4762562015599022, 0.47604809542856286, -0.09542489746352398]], "inverted": true, "swapped": false, "error_lsq": 0.04303756924933922, "error_max": 0.23484303935640186, "target": "426.xyz", "model": "9.xyz", "model_rescale": 3.833441315466971, "target_rescale": 3.8966232271323307},
{"mapping": [12, 8, 1, 10, 13, 11, 0, 9, 5, 6, 7, 4, 14], "R": [[-0.5553690596807654, -0.784952493308468, -0.27461753548912726], [-0.8185430906969831, 0.45768412480152204, 0.3471490322280846], [-0.14680741201156453, 0.4175821178564577, -0.8967010419448516]], "T": [-0.027325438707423134, 0.04046355262693324, -0.023217436599278198], "aligned_model": [[-0.07796607480222542, -0.5817405210620963, 0.5522499941624127, -0.32400490671741006, 0.38189241164863585, -0.6551953756005844, 0.3959168218161675, -0.4716722376261339, 0.5845283054686276, 0.19184120183411993, -0.5819281114881119, 0.3628130701443663, -0.06652495118037727], [-0.5235836590697764, 0.18238034917666482, -0.40167413840009303, -0.4112951533400716, 0.2680991843526864, -0.22489564375918114, -0.2951243568047759, 0.6809228013805344, 0.30902312931698567, -0.13987082008474477, 0.25515101504564897, 0.4267077116945211, 0.12691576003242477], [0.18246758051148232, -0.5524082355475056, 0.09601138835868836, -0.6426119057093911, -0.6685152837469641, 0.0032574625065540166, -0.4380302927811984, -0.24744499848537274, -0.1278403354924863, 0.5937712713503367, 0.2771808749914245, 0.5551595802222005, -0.020715504699503375]], "inverted": false, "swapped": false, "error_lsq": 0.04590627945674736, "error_max": 0.2965199575716163, "target": "426.xyz", "model": "10.xyz", "model_rescale": 4.2482417240324, "target_rescale": 3.8966232271323307},
{"mapping": [6, 2, 9, 11, 3, 5, 0, 10, 8, 7, 4, 12], "R": [[-0.1878391113924361, 0.4684517607045442, 0.8632898795445898], [-0.9659725978689355, 0.07100008407113606, -0.2487085206184771], [-0.17780159841137477, -0.8806315551663499, 0.439174971563335]], "T": [0.013172837338736088, 0.0662323622824811, -0.018465082553705863], "aligned_model": [[-0.6651928523862438, -0.10704239852550113, 0.5181181956949081, 0.6245445893754766, -0.5463016016460917, 0.05151123463511376, -0.20646237675348228, 0.5367770076873641, -0.03586597930735605, 0.1889553835702873, -0.48612362134556464, 0.003848021364096524], [-0.24877755754636688, -0.5197993421723033, -0.06748205853298152, -0.3669322047871667, 0.4922821256494076, 0.6025158959256952, 0.11720102035376313, 0.39849532633163137, -0.4075218830796008, 0.5436453976269443, 0.07545270527845578, 0.04705196500316135], [-0.12970692398523515, 0.2764593750816953, 0.5193549876849102, -0.22838940548385545, 0.3054808472474448, 0.23304426576100287, 0.6029220928942798, -0.07287269684647253, -0.598383299536428, -0.620579401965957, -0.6378912964893495, -0.08424625450767867]], "inverted": false, "swapped": true, "error_lsq": 0.04862100482601912, "error_max": 0.24334494738732695, "target": "426.xyz", "model": "11.xyz", "model_rescale": 3.6694154284099745, "target_rescale": 3.8966232271323307},
{"mapping": [1, 8, 0, 3, 11, 2, 4, 9, 6, 12, 10, 5, 13], "R": [[0.170614389633169, -0.937236135123164, -0.3041038590177632], [-0.1393551006212539, -0.3284786356949464, 0.9341744707616597], [-0.9754336912271082, -0.11700518326715725, -0.18665181785259305]], "T": [0.013290761515067303, 0.12267083998284943, -0.00704702212861695], "aligned_model": [[-0.09562390689484071, -0.5301738202302053, 0.5600193283451572, -0.24517258028229894, 0.12882012519084224, -0.5238476880471417, 0.3326528538655865, -0.403726627429527, 0.5294788208032496, -0.14748832433357878, -0.49672938263660654, 0.5193726030572887, 0.0826282251894655], [-0.7148070997121458, 0.10919699222779151, -0.3010159629609458, -0.4848836125825845, 0.44378165453996327, -0.24823391489637636, -0.3059769930078047, 0.7408183294658138, 0.32758988272758593, -0.07686340228664225, 0.36679385555246263, 0.3736236681888686, 0.02273278228483687], [0.04988969388967458, -0.5334143417127638, 0.17271735601299337, -0.5596075968334854, -0.6616991891686502, 0.007970374523420198, -0.518855129716028, -0.3048329275268247, -0.11387822928528456, 0.622321448627666, 0.28245633387463653, 0.5634568254949689, 0.00375698329794218]], "inverted": false, "swapped": false, "error_lsq": 0.039043288921895423, "error_max": 0.20766466886765214, "target": "426.xyz", "model": "12.xyz", "model_rescale": 3.9764082729961374, "target_rescale": 3.8966232271323307},
{"mapping": [6, 11, 4, 14, 8, 13, 3, 10, 2, 5, 12, 9, 15], "R": [[0.4668200954424464, -0.37583279853376417, 0.8005177737173514], [0.478131537805347, 0.8687558596415468, 0.12904839748858354], [-0.7439551270385867, 0.3225104089556746, 0.5852502072346872]], "T": [0.04012618878598326, 0.05355503021526101, 0.010838931961653087], "aligned_model": [[-0.22383240051494338, -0.363055950157817, 0.5025895840263679, -0.31192858366773, 0.16451521566277252, -0.5478885331556945, 0.27958861467274965, -0.3758493124662038, 0.6022419211765303, 0.13821714048495246, -0.42148301485492445, 0.17539136419331244, 0.09170358119801855], [-0.6462413379609209, 0.08536153418268431, -0.45717394460970795, -0.49174667043055154, 0.4017176837567026, -0.11535039234973174, -0.21014348998712126, 0.6453711200738326, 0.597202903194536, -0.23278253635201293, 0.38688260258439877, 0.3192174933953935, -0.02955878595667827], [0.16662632529282795, -0.6725183742051013, 0.21368676684336954, -0.45554238417399395, -0.5916251527107668, -0.0029520504142201975, -0.7517646900761067, -0.33968210464067194, -0.14642647272185827, 0.7926399737886904, 0.29897641227404215, 0.532974847693095, -0.03411149547104125]], "inverted": true, "swapped": false, "error_lsq": 0.04262209607341375, "error_max": 0.2623905560608457, "target": "426.xyz", "model": "13.xyz", "model_rescale": 4.170626492500431, "target_rescale": 3.8966232271323307},
{"mapping": [8, 1, 12, 7, 9, 0, 10, 3, 11, 4, 2, 6, 13], "R": [[0.19546816240430073, -0.6039738181368308, -0.7726628142284995], [0.9749896565599059, 0.20464899516676185, 0.08668309165247737], [0.10577035070133317, -0.7702820365180882, 0.6288705885395371]], "T": [-0.040495885882534735, 0.03307137388730255, -0.01708395674499253], "aligned_model": [[0.0019042796621977914, -0.4834469231150684, 0.548436031804782, -0.35004793751443375, 0.19601068928511423, -0.6166992777832361, 0.26881333779645994, -0.16485057859361202, 0.5065314809913471, -0.04643832347663952, -0.47884533323389344, 0.28619863588760397, 0.04264354488676955], [-0.7057777025275409, 0.18887096691935137, -0.36317900406728787, -0.5329052458678127, 0.2413202942492425, -0.10865360568881952, -0.26689193373519027, 0.7023976254429113, 0.4423199830382736, -0.3234978489769792, 0.251163164072184, 0.6387099803762989, 0.08887950630619189], [0.04504945654959381, -0.6256357912841851, 0.16138440315713906, -0.5082843192345411, -0.7634106047580689, -0.07841981782280794, -0.3813340400697609, -0.1266826967429287, -0.19856752881191211, 0.5960116372160333, 0.4224816245930559, 0.46661205812957146, 0.0010772205570762534]], "inverted": true, "swapped": false, "error_lsq": 0.03964069340583633, "error_max": 0.25404325475203704, "target": "426.xyz", "model": "14.xyz", "model_rescale": 3.9786697098870705, "target_rescale": 3.8966232271323307},
{"mapping": [2, 6, 11, 9, 8, 7, 3, 1, 10, 0, 4, 12], "R": [[-0.37681304846086744, 0.4118811833297365, 0.8296781408043266], [0.005722786370328581, 0.8967189251217612, -0.4425634632960934], [-0.9262716535799784, -0.1620156169860456, -0.34025249980983735]], "T": [0.1038552316200746, -0.06703831711172317, -0.029415402949764663], "aligned_model": [[-0.10322631942189481, -0.6274377943811267, 0.607621678513658, 0.610626577778593, -0.07255516767378561, 0.32400171455022503, -0.34255427943115846, -0.18963006944702587, 0.6753366412545215, -0.05919527439394984, -0.4262493641632066, 0.08661625358248701], [-0.46057186737118516, -0.035500595184860345, 0.08946811116388045, -0.6006651921135807, 0.4227148847638328, 0.6128772189063535, -0.3351427816978403, 0.41795779703526514, 0.06178463631213357, -0.6786801926581885, 0.526243139512054, -0.005810668443425128], [-0.5265208981012921, -0.21915703804700096, -0.601429640188156, -0.17268071696317944, -0.5699468092516426, 0.3031725605312907, 0.5435676323044428, 0.6379772204480761, 0.18114061831681602, 0.1610267188424489, -0.02063852160693222, -0.056544632411041316]], "inverted": false, "swapped": true, "error_lsq": 0.04707303396888519, "error_max": 0.277836009780618, "target": "426.xyz", "model": "15.xyz", "model_rescale": 3.769337070930944, "target_rescale": 3.8966232271323307},
{"mapping": [2, 6, 9, 0, 11, 8, 10, 4, 5, 3, 12], "R": [[0.18754535359221255, -0.9747340806019004, -0.12132688267296785], [0.5850599268195088, 0.21006951783782238, -0.7833107172159306], [0.7890067315149616, 0.07592278833494565, 0.6096754118672691]], "T": [0.057172528110211736, 0.07996774175388553, 0.011749876900687926], "aligned_model": [[-0.3711957192850933, -0.3310423876923421, -0.08609182674544696, -0.5421921972079167, 0.4885363611584234, 0.3711515279612594, 0.48469844673183077, 0.23937367917322389, 0.004028650342597348, -0.4327932171206223, 0.09815281337525722], [-0.02429813342421043, -0.5689341783436278, 0.7201564443669692, 0.3403929116718246, 0.2135727201000694, -0.4892440635055022, 0.5237092105742389, -0.6522429726813584, 0.45615262845623394, 0.05170349036476622, 0.025096440045938667], [-0.48874444791072286, 0.012967708530642351, -0.3512012753020512, 0.1112491739016448, -0.6219299602488472, -0.363174298541426, 0.10026705452248375, 0.26421970303410103, 0.4678063128012887, 0.6105868453411308, 0.0021707910955325455]], "inverted": true, "swapped": true, "error_lsq": 0.04391961661961316, "error_max": 0.2240516602081679, "target": "426.xyz", "model": "16.xyz", "model_rescale": 3.7852294659196426, "target_rescale": 3.8966232271323307},
{"mapping": [9, 6, 8, 10, 7, 10, 11, 5, 2, 0, 4, 3, 12], "R": [[0.738571775438915, -0.5740233101521468, 0.3535660785864241], [-0.671407783809282, -0.57880586015568, 0.462812450232005], [-0.061019016423715364, -0.5792072303169358, -0.8128933902937497]], "T": [0.07537022187000873, 0.1347021488166761, -0.006918378627492769], "aligned_model": [[0.025808779148206965, -0.41030358411569556, 0.515764132346147, -0.5504388752655793, 0.13835215409834478, -0.5504388752655793, 0.3950892640173382, -0.3736021429065946, 0.6039504251206903, -0.0974619983896043, -0.514678411402536, 0.4788741944613866, 0.04929456475086638], [-0.7213311800487281, 0.08964608579600636, -0.32366818231773165, -0.32205837234747225, 0.4257877867451776, -0.32205837234747225, -0.23791609003201383, 0.5857250128000666, 0.39216041947724156, -0.11030903938458539, 0.3427949328988371, 0.401866003132092, 0.052117175169405366], [0.1026826650663973, -0.7481903538608902, 0.13505258461407266, -0.22825042675278295, -0.6415280482520298, -0.22825042675278295, -0.5517738242265695, -0.17187656239388688, -0.17545688648314034, 0.6061441769368314, 0.32523623698958926, 0.6241944402986196, -0.03770197370516235]], "inverted": false, "swapped": false, "error_lsq": 0.04641385375094801, "error_max": 0.34712595049786216, "target": "426.xyz", "model": "17.xyz", "model_rescale": 3.901054581598922, "target_rescale": 3.8966232271323307},
{"mapping": [4, 2, 6, 8, 0, 5, 1, 13, 7, 10, 9, 11, 14], "R": [[0.8357991125365692, -0.4901123050253835, -0.24744650319975967], [0.48360374405498785, 0.8705608880388925, -0.0908358902248058], [0.25993703510481364, -0.04374549896435635, 0.9646341633496497]], "T": [-0.020139716978695748, 0.06216805625914569, -0.09556583544500216], "aligned_model": [[0.034669387711490446, -0.5532012957729133, 0.6577972821981503, -0.36240159634522195, 0.2374817701755523, -0.6412357742408176, 0.4720124939628832, -0.4995081249061542, 0.5812837170651127, -0.16442183820327944, -0.3747883619260244, 0.33989589327618486, -0.01737392639757221], [-0.7168283920660118, 0.22612816096579558, -0.08884370716488381, -0.4236361305756056, 0.17010082464114817, 0.048839753991633504, -0.29243426759748825, 0.6067594251817265, 0.3072563305031045, -0.32550350970723885, 0.31626987029886106, 0.31904984968387434, 0.10559797138590757], [0.029871262136450277, -0.7060578822941883, 0.18960537229659072, -0.39097969789257314, -0.8008928556032519, -0.031160160169191042, -0.438682350081979, -0.1291570348386234, -0.22935153949560305, 0.612492901218113, 0.39824205034970994, 0.5686006289914121, -0.062249093138601344]], "inverted": false, "swapped": false, "error_lsq": 0.044387016187782506, "error_max": 0.29556533453216244, "target": "426.xyz", "model": "18.xyz", "model_rescale": 3.9405287249114394, "target_rescale": 3.8966232271323307},
{"mapping": [14, 2, 12, 10, 6, 11, 1, 5, 0, 13, 9, 7, 15], "R": [[0.8729559212561087, 0.48562097380154523, 0.0460459482249829], [0.21034281304238278, -0.4599130684560147, 0.862691063165019], [0.4401180075222054, -0.743405837525784, -0.5036307180735423]], "T": [0.12892207311037682, -0.015700829396940792, -0.010414935663211541], "aligned_model": [[-0.14259771802156143, -0.3265448258823549, 0.49974301323264947, -0.417349086540287, 0.14690557362469886, -0.5615652094793144, 0.44484959339308083, -0.41835203901563645, 0.6501107857734556, -0.08782502754007473, -0.3643069796946219, 0.18463546656145813, 0.10250608018589913], [-0.7218600956575156, 0.08634869792009908, -0.4094007126244339, -0.441349926230076, 0.45596584376869653, -0.13480929521397808, -0.08754008181785039, 0.5455073971724229, 0.3699280168637338, -0.25224469954735396, 0.4088003818005879, 0.45299330638648005, -0.01958265327998929], [0.1549787031932482, -0.7435323075139678, 0.07694234521757694, -0.38232178346999973, -0.5896304384998772, 0.15767339781782397, -0.5853482776421449, -0.28754128840942944, -0.23916584097336557, 0.579837160670088, 0.39644335676481574, 0.5119330075831845, -0.039986433259687426]], "inverted": true, "swapped": false, "error_lsq": 0.03991548681202475, "error_max": 0.2224286897759855, "target": "426.xyz", "model": "19.xyz", "model_rescale": 4.410303926677745, "target_rescale": 3.8966232271323307},
{"mapping": [7, 5, 2, 1, 3, 8, 0, 10, 6, 12, 9, 11, 13], "R": [[-0.1648021067462435, 0.7327202812966295, -0.6602736213030082], [-0.7546596473644892, 0.33736247891905785, 0.5627391708929574], [0.6350819492409657, 0.5910224591283959, 0.49735638183712777]], "T": [0.0808973795783762, 0.0016637273907591753, -0.0821079162318106], "aligned_model": [[-0.16477021018658433, -0.5491111337409048, 0.5119325760779093, -0.14999205671118926, 0.27991813021567813, -0.6753268134269831, 0.5021438825458183, -0.3840479828523694, 0.5352935562898006, -0.07208163098731821, -0.37609797845873894, 0.24789692808959599, 0.004452359742676451], [-0.6151110870695471, 0.24637596198617595, -0.49568542192554477, -0.6198432274319562, 0.32495065774032084, -0.10274230440328366, -0.22659050254266666, 0.6756546260338843, 0.3616158361767107, -0.15935126895670154, 0.2707982572755395, 0.5762022093205916, 0.016482443337299826], [0.17497072649885773, -0.5743232332963324, -0.008207910771393129, -0.43358915967059874, -0.7000391398994039, 0.008897203655452601, -0.6146590994789637, -0.1506359506965985, -0.10365825611602446, 0.6399353861858059, 0.3567298377785314, 0.49160804839920114, -0.07674685111026949]], "inverted": false, "swapped": false, "error_lsq": 0.037609797725760466, "error_max": 0.23780130425477852, "target": "426.xyz", "model": "20.xyz", "model_rescale": 4.121658175737393, "target_rescale": 3.8966232271323307},
{"mapping": [7, 1, 9, 5, 6, 3, 8, 2, 10, 11, 4, 10, 12], "R": [[-0.584211882389135, 0.3283359533693663, -0.7422209766642095], [0.12541267041470439, 0.940051257476964, 0.3171360834333294], [0.8018529407408795, 0.09219075355483464, -0.5903666033781007]], "T": [-0.05634754893408482, -0.031324560601967213, -0.15780509079790256], "aligned_model": [[-0.24704926211335348, -0.47599037608790606, 0.5518710298362305, -0.18462303893922316, 0.27135778424348317, -0.7030445103485796, 0.3967688752391131, -0.42104312229233865, 0.4504819364035279, -0.020851329454182096, -0.2283336926553231, 0.4504819364035279, -0.12981660363758576], [-0.5880930549978128, 0.1809508295899267, -0.3029739791585264, -0.5710871914762274, 0.3936385290254064, -0.14773307278280645, -0.2667198847203097, 0.6340799792387432, 0.4631201133455599, -0.21270869430921147, 0.3141749180542547, 0.4631201133455599, -0.10701242561373295], [0.18926804261328356, -0.6688960047561434, 0.1231568799688596, -0.5529066359257129, -0.5247383941834709, 0.06774490662413782, -0.5970973058372838, -0.17891365165328071, 0.16979432749267914, 0.7026650234901453, 0.26667397646348073, 0.16979432749267914, -0.15626389031110838]], "inverted": false, "swapped": false, "error_lsq": 0.057587693700235316, "error_max": 0.3899301157149997, "target": "426.xyz", "model": "21.xyz", "model_rescale": 4.08911054899281, "target_rescale": 3.8966232271323307},
{"mapping": [12, 15, 7, 14, 2, 9, 4, 11, 0, 10, 5, 6, 16], "R": [[0.07163120712543913, -0.7411147129521615, -0.6675462174348592], [-0.9967073525306097, -0.027692543444545803, -0.07620745664956535], [0.037992414732099855, 0.6708070551830889, -0.7406581337833381]], "T": [-0.0008206233471851655, 0.07027195784411283, -0.13191246113298719], "aligned_model": [[-0.09700814973683454, -0.46561557065012776, 0.44330714639807645, -0.3370306952607499, 0.12311177052977315, -0.5862357870025452, 0.5205895796240995, -0.5043052669989517, 0.7467018401254394, -0.11239677370937642, -0.45865852669985563, 0.3933220480350403, 0.044428011943403525], [-0.6369265589005513, 0.22890498598878972, -0.2483419819459285, -0.38801013532336454, 0.2111755472077719, -0.23385221852584792, -0.07024697589684206, 0.6447622306563643, 0.27264542166075334, -0.1885081391928855, 0.23054842637121273, 0.37408618798077103, 0.0565193894605798], [0.05673462661361081, -0.6707150569298881, 0.3230950877296682, -0.4298434876692898, -0.8290787035928591, 0.13705813776618556, -0.5731357780208282, -0.1804631594740639, -0.11362186447928771, 0.6242085829220058, 0.38036184218339075, 0.4229862654050378, -0.13730489097541687]], "inverted": false, "swapped": false, "error_lsq": 0.04156042752411118, "error_max": 0.2616474767527858, "target": "426.xyz", "model": "22.xyz", "model_rescale": 4.204369325754507, "target_rescale": 3.8966232271323307},
{"mapping": [14, 2, 12, 10, 6, 11, 1, 5, 0, 13, 9, 7, 15], "R": [[0.8729559212561087, 0.48562097380154523, 0.0460459482249829], [0.21034281304238278, -0.4599130684560147, 0.862691063165019], [0.4401180075222054, -0.743405837525784, -0.5036307180735423]], "T": [0.12892207311037682, -0.015700829396940792, -0.010414935663211541], "aligned_model": [[-0.14259771802156143, -0.3265448258823549, 0.49974301323264947, -0.417349086540287, 0.14690557362469886, -0.5615652094793144, 0.44484959339308083, -0.41835203901563645, 0.6501107857734556, -0.08782502754007473, -0.3643069796946219, 0.18463546656145813, 0.10250608018589913], [-0.7218600956575156, 0.08634869792009908, -0.4094007126244339, -0.441349926230076, 0.45596584376869653, -0.13480929521397808, -0.08754008181785039, 0.5455073971724229, 0.3699280168637338, -0.25224469954735396, 0.4088003818005879, 0.45299330638648005, -0.01958265327998929], [0.1549787031932482, -0.7435323075139678, 0.07694234521757694, -0.38232178346999973, -0.5896304384998772, 0.15767339781782397, -0.5853482776421449, -0.28754128840942944, -0.23916584097336557, 0.579837160670088, 0.39644335676481574, 0.5119330075831845, -0.039986433259687426]], "inverted": true, "swapped": false, "error_lsq": 0.03991548681202475, "error_max": 0.2224286897759855, "target": "426.xyz", "model": "23.xyz", "model_rescale": 4.410303926677745, "target_rescale": 3.8966232271323307},
{"mapping": [5, 13, 4, 6, 11, 12, 9, 7, 10, 2, 0, 3, 16], "R": [[-0.4062531906485057, 0.8366017322093666, -0.36749950578496876], [-0.7430664629864567, -0.06840050006039794, 0.6657128533957296], [0.5317993763372665, 0.5435245286606437, 0.6494386114726469]], "T": [0.04853586171797117, 0.024440142431139646, -0.23974339237704478], "aligned_model": [[-0.11232188351981928, -0.550717502844376, 0.41098490404817745, -0.4411178233099966, 0.2241193160437193, -0.6787212978481512, 0.5308782468265704, -0.37208937953878407, 0.6606274650102268, -0.0011667282456880312, -0.36636419196390724, 0.33139744703023677, 0.07470105490918262], [-0.4974130626818612, 0.024431065456828445, -0.24958488735095694, -0.4947029613618625, 0.4521335844203553, -0.16699971099723251, -0.10428762336887115, 0.5389108596644501, 0.23443877432064697, -0.11239124092878386, 0.21517901989131247, 0.3286234818454015, 0.0844188806313967], [0.07234001240160548, -0.6072784639109763, 0.2773884551802178, -0.5017124674269394, -0.6721439669109115, 0.044199632124062915, -0.6181545040905745, -0.2577762570811726, -0.1688322503804165, 0.6612009878468921, 0.3618066364369975, 0.5581994653586962, -0.13895567806921622]], "inverted": true, "swapped": false, "error_lsq": 0.04264146266228376, "error_max": 0.23785164464711384, "target": "426.xyz", "model": "24.xyz", "model_rescale": 4.28219845311461, "target_rescale": 3.8966232271323307},
{"mapping": [8, 0, 11, 6, 2, 1, 14, 4, 13, 5, 3, 9, 15], "R": [[-0.3773383333764784, -0.21779316412103444, -0.9001010608963917], [-0.9192265348490731, 0.20607524601767668, 0.33549302616912935], [0.11242045985507998, 0.9539911585758551, -0.27796134545125184]], "T": [0.09148131211239172, 0.08969467935628865, -0.04243575316797674], "aligned_model": [[-0.21684462822402376, -0.526019480053419, 0.46918830503824227, -0.20500148741275656, 0.13442410462732543, -0.49659335771344804, 0.5750858111121646, -0.3599420776825293, 0.47555248356921354, -0.1082722818079706, -0.4050830727653074, 0.33724526876663197, 0.036470039143267685], [-0.5248794530369558, 0.08128852587395295, -0.23777180268961184, -0.5170421947726928, 0.19007519159533998, -0.03196309001046503, -0.28274607652931083, 0.6296096071545388, 0.4902997852383186, -0.38163146978614026, 0.45014021223248396, 0.2927040030827602, 0.09467294118860506], [0.053375557425188756, -0.5755176233286808, 0.17338871689968702, -0.639231740184432, -0.7183497223397675, 0.17947632110606185, -0.4980224044179568, -0.24082266531790933, -0.2543823061808453, 0.6381748871871453, 0.43037306058283775, 0.553601977155065, -0.09178245710812916]], "inverted": true, "swapped": false, "error_lsq": 0.04346301525679438, "error_max": 0.24974956786243574, "target": "426.xyz", "model": "25.xyz", "model_rescale": 4.100010024507729, "target_rescale": 3.8966232271323307},
{"mapping": [6, 2, 9, 11, 3, 5, 0, 10, 8, 7, 4, 12], "R": [[-0.1878391113924361, 0.4684517607045442, 0.8632898795445898], [-0.9659725978689355, 0.07100008407113606, -0.2487085206184771], [-0.17780159841137477, -0.8806315551663499, 0.439174971563335]], "T": [0.013172837338736088, 0.0662323622824811, -0.018465082553705863], "aligned_model": [[-0.6651928523862438, -0.10704239852550113, 0.5181181956949081, 0.6245445893754766, -0.5463016016460917, 0.05151123463511376, -0.20646237675348228, 0.5367770076873641, -0.03586597930735605, 0.1889553835702873, -0.48612362134556464, 0.003848021364096524], [-0.24877755754636688, -0.5197993421723033, -0.06748205853298152, -0.3669322047871667, 0.4922821256494076, 0.6025158959256952, 0.11720102035376313, 0.39849532633163137, -0.4075218830796008, 0.5436453976269443, 0.07545270527845578, 0.04705196500316135], [-0.12970692398523515, 0.2764593750816953, 0.5193549876849102, -0.22838940548385545, 0.3054808472474448, 0.23304426576100287, 0.6029220928942798, -0.07287269684647253, -0.598383299536428, -0.620579401965957, -0.6378912964893495, -0.08424625450767867]], "inverted": false, "swapped": true, "error_lsq": 0.04862100482601912, "error_max": 0.24334494738732695, "target": "426.xyz", "model": "26.xyz", "model_rescale": 3.6694154284099745, "target_rescale": 3.8966232271323307},
{"mapping": [10, 12, 8, 11, 3, 2, 9, 6, 7, 4, 0, 5, 13], "R": [[0.313767911711604, 0.9044773135011448, -0.2889125939482232], [0.2738399548460012, -0.3775507597318494, -0.884571705943528], [-0.9091542095321778, 0.19843440525184933, -0.36614534013457795]], "T": [0.02960049613845792, 0.05086694268980051, -0.03307701271813027], "aligned_model": [[-0.005320682722581262, -0.3747660624999925, 0.5189885340324377, -0.46704830976121675, 0.2582375218806676, -0.6378902810986014, 0.3416454113540362, -0.39743682727103213, 0.5447907265525663, -0.10500507730102945, -0.2877961883009721, 0.3481918517742554, -0.02638099004114659], [-0.5461315088014245, 0.05050519784862144, -0.27573680209185336, -0.48287216757379137, 0.44982865622117235, -0.05456464370670411, -0.2758141071309778, 0.522043133918805, 0.38135996146775913, -0.37889504563105103, 0.290768026788931, 0.5298099467956052, 0.04245553143573143], [0.032222911299217054, -0.7158803290201352, 0.21629526860224854, -0.4854463253584203, -0.6974457973019713, 0.04088168586875401, -0.543734430216838, -0.2915775988655867, -0.1796441159280026, 0.6544668353980908, 0.4947867553963902, 0.5101463728732875, -0.024789631268768965]], "inverted": false, "swapped": false, "error_lsq": 0.03772154556863502, "error_max": 0.2049411642965378, "target": "426.xyz", "model": "27.xyz", "model_rescale": 4.103607728864725, "target_rescale": 3.8966232271323307},
{"mapping": [2, 8, 0, 4, 7, 13, 1, 11, 5, 3, 10, 9, 14], "R": [[0.6490827034096809, -0.6109608908769439, 0.4532311043532112], [0.4429645497306882, -0.18081234072422095, -0.8781169085740901], [0.6184448656236619, 0.7707358089907848, 0.153271853003256]], "T": [-0.1345146638282915, 0.13002083254135732, 0.05820638192625803], "aligned_model": [[-0.11948833759598357, -0.30722683677742435, 0.47951944532821866, -0.40458544155204657, 0.132158954902701, -0.7240071961266558, 0.4490466357717373, -0.5261557658754547, 0.5005139671913589, 0.06256561122731152, -0.23605152886028283, 0.44074646333895295, -0.03682634437504151], [-0.6053139779130015, 0.06915738677765257, -0.21759863705092541, -0.5303877813285184, 0.35327234419553466, -0.03058639452128009, -0.35117734316140375, 0.6180541112341882, 0.4184979446204558, -0.3701531828569409, 0.3609051994501371, 0.5207250045856233, 0.0173615055093016], [0.03877361871323266, -0.7410095607898375, 0.16690117542805288, -0.5008388084480736, -0.5735571728791972, -0.1576092939024767, -0.4221740479252597, -0.22552236095133033, -0.16238374471970224, 0.5821492910978201, 0.5011036052889242, 0.4901193495140202, 0.014329551052092271]], "inverted": true, "swapped": false, "error_lsq": 0.04679392019631504, "error_max": 0.2647115369855579, "target": "426.xyz", "model": "28.xyz", "model_rescale": 4.137296879288765, "target_rescale": 3.8966232271323307},
