[{"mapping": [1, 7, 2, 0, 8, 4, 9, 5, 3, 10, 6, 11], "R": [[-0.8113513813148021, -0.45713258314319766, 0.3643332780125776], [0.2786075592479525, 0.24551419197819951, 0.9284937315174457], [-0.5138937282828632, 0.8548406769487045, -0.07183768555166159]], "T": [-0.09828073260589848, 0.03577858083163542, 0.07561275955544718], "aligned_model": [[0.02971617214449379, 0.6592909537167433, -0.5299898750328043, 0.07272035496189094, -0.6748709951622651, -0.44280806359780717, -0.21806436573623506, 0.6550208916088602, -0.3214682586804587, 0.4050213906777583, -0.12546963930517396, -0.05779643748482843], [-0.0996013838319104, 0.445558981330382, -0.4609093048756666, -0.5492087897045032, 0.23343440640790625, -0.5308413881004655, 0.5926101625731695, -0.27272819019368627, 0.12960819170840243, 0.2522424195833534, 0.5989102301533212, -0.018391017924539683], [-0.6078853143708594, -0.31779348507644484, -0.38879934851566966, -0.03087572980067596, -0.10209299283358718, 0.5366888874893417, 0.2876195878353009, -0.08577673117069874, 0.720140375033913, 0.47759749207136953, -0.3796871375889433, 0.059521385864943294]], "inverted": false, "swapped": false, "error_lsq": 0.06383815801439509, "error_max": 0.4164722741711413, "target": "428.xyz", "model": "0.xyz", "model_rescale": 3.751011558992144, "target_rescale": 3.8414553946424466},
{"mapping": [5, 2, 10, 9, 4, 11, 1, 13, 12, 0, 8, 14], "R": [[0.20597714154468277, -0.8342752485008604, 0.5114276360345709], [0.25176785875857255, 0.5502214918916568, 0.7961590639794558], [-0.9456142778412377, -0.035229527378995984, 0.3233767430466319]], "T": [-0.07585860455227825, 0.069416469450369, 0.09068469956129227], "aligned_model": [[0.15988074012443612, 0.6329282978451812, -0.6843030359175031, -0.03170554613717094, -0.6983136286727285, -0.45403666560563927, -0.33806614761256737, 0.5281892907273723, 0.18784307432321237, 0.2911790899981339, -0.07497553632894592, -0.06731780463360643], [-0.13482449290587933, 0.3402947277017456, -0.33578161122666256, -0.5554154553271919, 0.39358630979284054, -0.511631038352512, 0.6606258476959619, -0.3140160748788654, -0.369164527501824, 0.6492711825134487, 0.4775300191962958, 0.0202094304184062], [-0.4504240119402018, -0.237924792365863, -0.2808844561623209, -0.11382738943506626, -0.27405853542649256, 0.4857747358070284, 0.350307935949298, -0.034246571376023466, 0.6292784590385807, 0.41403646005926326, -0.432632415431295, 0.11325757022108196]], "inverted": true, "swapped": false, "error_lsq": 0.06052537126297921, "error_max": 0.32361591372456394, "target": "428.xyz", "model": "1.xyz", "model_rescale": 3.9405287249114394, "target_rescale": 3.8414553946424466},
{"mapping": [5, 0, 9, 11, 8, 10, 4, 6, 3, 7, 2, 12], "R": [[-0.06719654419674853, -0.8955979326452466, -0.43976012494264954], [-0.43508851250850183, -0.3703384983255953, 0.820699325539556], [-0.8978767235713117, 0.2464827371227108, -0.3647789050498163]], "T": [0.01766090487611635, 0.13011860516615054, 0.02816389084604399], "aligned_model": [[0.045223818098988774, 0.7096334249304687, -0.5855682540117642, 0.13910490444545018, -0.747198758463678, -0.4810035861476294, -0.33207804327217694, 0.4925160955900231, -0.08974720596551787, 0.3942569773127982, -0.07617586419632089, -0.017661380210467502], [-0.0893950142000467, 0.15932689305338793, -0.34132102750281107, -0.5369667931126298, 0.09637731646716241, -0.4778098385098745, 0.629378795317366, -0.09700217930079405, -0.008781451883268121, 0.34611593053246875, 0.4508728178655684, 0.18988886839923386], [-0.6640285225074755, -0.444330443177343, -0.22529293330046363, -0.19061160003222405, 0.14874992213669597, 0.3335224539715028, 0.37474382760105557, 0.1633836767673456, 0.5721950944051695, 0.6918132009609594, -0.5655372320493345, -0.02595045583789906]], "inverted": true, "swapped": false, "error_lsq": 0.05797617075232068, "error_max": 0.3212705658742444, "target": "428.xyz", "model": "2.xyz", "model_rescale": 3.932901565614263, "target_rescale": 3.8414553946424466},
{"mapping": [1, 11, 2, 0, 6, 4, 9, 3, 7, 8, 10, 13], "R": [[0.08861887766687487, -0.9940537200000057, -0.0632763484661841], [-0.38140713130905746, 0.024819735573912982, -0.9240739044647006], [0.9201496045250789, 0.1060244428431083, -0.3769396806017504]], "T": [-0.019773293183627187, 0.06547792104245273, 0.04669959871582399], "aligned_model": [[0.0506344538527967, 0.6007671821980786, -0.5401139095553193, 0.029047568021405998, -0.6316650541252439, -0.609860035757988, -0.11140267068054613, 0.4375866650769222, -0.07406459952538742, 0.5437342160720458, -0.1409500173656559, -0.10241167010093485], [-0.2527465940579193, 0.5937824801369996, -0.4785865823750244, -0.6002730729579764, 0.1668349802741203, -0.5146149554330117, 0.5909840732605467, -0.15251878905307148, -0.052911759402180764, 0.36959891619173413, 0.5064396202054395, 0.14469600033610713], [-0.618540604563068, -0.3187214045398612, -0.3102868327536664, -0.011114470866296522, -0.23966988310344053, 0.32690719218569575, 0.5519127028108245, 0.109824720883274, 0.7486817102878106, 0.4055260649272605, -0.5046754294537845, 0.028813223123240972]], "inverted": true, "swapped": false, "error_lsq": 0.04916019438337335, "error_max": 0.34058236577944784, "target": "428.xyz", "model": "3.xyz", "model_rescale": 3.9243930471874484, "target_rescale": 3.8414553946424466},
{"mapping": [3, 2, 6, 10, 5, 11, 1, 8, 9, 7, 0, 12], "R": [[0.8855753669656381, 0.4405590966055652, -0.14718679228029827], [-0.09283055987059359, -0.1426178894007532, -0.9854149505548344], [-0.4551249900607387, 0.8863226387839604, -0.08540154214795921]], "T": [-0.0020614066568244993, -0.07965448274417891, 0.06492764664066596], "aligned_model": [[0.08302044158529222, 0.4560841683662602, -0.506425264118667, 0.17946743903996346, -0.6386488611987082, -0.5683904300478523, -0.12342910632744927, 0.42369681262783443, -0.17258797279016028, 0.5717118014748337, -0.17201448824593982, -0.08118241225523326], [-0.10379122678658839, 0.5343176436074772, -0.3218407753430421, -0.7555049375885834, 0.28875093558565346, -0.5583932647014489, 0.5715045207617482, -0.2583433888338733, -0.1509015848493142, 0.4618615115572086, 0.6101977265487377, 0.0028271571677881135], [-0.6022543877782852, -0.4492273401712592, -0.3916678129295521, -0.0211023503691896, -0.11578472216675485, 0.3409977415487384, 0.33217684423031935, 0.49287224874268104, 0.745759441184126, 0.20797831059669558, -0.4025573614105412, 0.03146637746101145]], "inverted": false, "swapped": false, "error_lsq": 0.051054798462556374, "error_max": 0.2901685756545861, "target": "428.xyz", "model": "4.xyz", "model_rescale": 3.8936222436046832, "target_rescale": 3.8414553946424466},
{"mapping": [9, 0, 6, 8, 5, 7, 4, 3, 10, 2, 1, 11], "R": [[0.5635800570255175, -0.18407342864076442, -0.805291557258331], [-0.8256237764520122, -0.15724727180950157, -0.5418659200075111], [-0.026886782630732797, 0.9702526827465627, -0.24059682571236385]], "T": [-0.030681053279529746, -0.061712728871629055, 0.031011703000070147], "aligned_model": [[0.1388433414942178, 0.6469102283293876, -0.6549250202180796, 0.2271202626192812, -0.7489458321942707, -0.5207949443456845, -0.3243041288938602, 0.5353268855510526, 0.0572467937238717, 0.34258042588026816, -0.0961387669541181, -0.15161711688189217], [-0.30450812096261914, 0.31367351363280555, -0.18043254551517002, -0.7510325662723971, 0.3123596896920977, -0.41343289289421453, 0.49158579579635175, -0.14560471138476344, -0.13530083028097883, 0.5064962555321286, 0.568762877597583, 0.058117852184939714], [-0.5115266099117781, -0.39639154102482893, -0.4494398585383037, 0.09612291261442085, -0.0055449665323920524, 0.26729294938237186, 0.5191416354707882, 0.084669701210592, 0.6525588730019761, 0.33918841065723937, -0.46023626343727103, 0.03282174604517496]], "inverted": false, "swapped": false, "error_lsq": 0.04922974747370279, "error_max": 0.26018798035012114, "target": "428.xyz", "model": "5.xyz", "model_rescale": 3.6523030999806103, "target_rescale": 3.8414553946424466},
{"mapping": [4, 2, 11, 10, 7, 9, 5, 6, 8, 1, 3, 12], "R": [[0.24657103394057125, -0.7357833736831106, -0.6307341375199046], [-0.12735588719622642, 0.6205835100667134, -0.7737290126586567], [0.9607201482314921, 0.2711068683098564, 0.05931157338397326]], "T": [-0.027312467463691203, 0.05181040760482246, 0.06876609592521288], "aligned_model": [[0.07108425513783345, 0.5861469287030963, -0.6185403910559076, 0.191941366508797, -0.6651485065231054, -0.4524389129107698, -0.28290700276764813, 0.495738662080352, -0.04669007908486421, 0.4467278616453911, -0.18743691135689997, -0.08717514226610079], [-0.08767549504282034, 0.15710500556876766, -0.2744429662679546, -0.6743881334887176, 0.25071814388155955, -0.49490155491310817, 0.49771038137070334, -0.21325945679613084, -0.0777063262653286, 0.5516774031483933, 0.5476698554346907, 0.13817746049570873], [-0.4789504090942803, -0.365736206834404, -0.4956604108428915, -0.1135426445919987, -0.07412882848935562, 0.27621828463858034, 0.5156980559650891, 0.3494437490101536, 0.7294876912147557, 0.1570475726790555, -0.3907165189947953, 0.059496654278080624]], "inverted": true, "swapped": false, "error_lsq": 0.04766569261572276, "error_max": 0.2832485540098253, "target": "428.xyz", "model": "6.xyz", "model_rescale": 4.08911054899281, "target_rescale": 3.8414553946424466},
{"mapping": [8, 3, 10, 11, 5, 12, 7, 1, 13, 2, 4, 14], "R": [[0.0761571239247916, -0.9776605610895568, -0.19590793696416933], [0.10826984534034212, 0.20342514283520682, -0.9730857371539541], [0.9912001478336666, 0.05289648903782482, 0.12134343155683763]], "T": [0.02206638789686788, 0.03684774684561484, -0.009902423716745991], "aligned_model": [[0.03536761704810722, 0.47115220396630947, -0.4725161707731651, -0.007388621841187715, -0.6743730554275533, -0.5286339674251662, -0.27512867434856947, 0.6290743112208647, -0.06403039582213427, 0.41032013140445583, -0.2084861878799536, 0.1359449379881665], [-0.1379228540674329, 0.4363413769329849, -0.370442918146043, -0.5472800246293474, 0.3288986427035675, -0.29407856885409756, 0.5616389831789792, -0.21471392546791349, -0.19908771715439574, 0.3970242661746961, 0.4366026861625182, -0.0762956297077527], [-0.6690134065144401, -0.5248569902472628, -0.33971647037340336, 0.03967793479528869, -0.11079645522439073, 0.2986730293523481, 0.4754409781978988, 0.31598738112548136, 0.6777139831642756, 0.5981037019658713, -0.5427166389894493, -0.049840058314227956]], "inverted": false, "swapped": false, "error_lsq": 0.04858601382884053, "error_max": 0.2644562104354299, "target": "428.xyz", "model": "7.xyz", "model_rescale": 3.964800864290218, "target_rescale": 3.8414553946424466},
{"mapping": [6, 4, 3, 10, 1, 5, 7, 9, 8, 12, 2, 13], "R": [[-0.19252841233672324, -0.7924452410608168, -0.5787601838094643], [-0.8364821441316167, -0.1758357687679551, 0.5190177308828242], [-0.513059872716698, 0.584048219192428, -0.6290129129565462]], "T": [-0.057539765715817474, 0.04365851453043888, -0.10549065248704448], "aligned_model": [[0.16047371817910608, 0.4255373755139286, -0.42243735324515436, 0.10649240513629657, -0.6830856344432977, -0.4854385826918391, -0.14882721091052328, 0.37225611588645974, -0.15045741087437703, 0.4791515175003272, -0.14341866688263208, -0.058944145058120574], [-0.12384675992930623, 0.37107498110616377, -0.4022288631512745, -0.7196553186970367, 0.3710885704893454, -0.563570919494176, 0.5915085510033554, -0.17591494289876053, -0.08415822450571277, 0.40395677433757526, 0.6450622792389893, 0.007368189626600727], [-0.6162919123197724, -0.49859156580346675, -0.545941436050659, 0.1505942005135813, 0.14867822000745307, 0.2782354736146945, 0.33990816301223437, 0.38534508759197944, 0.6468967303468472, 0.2854346188735146, -0.36920840669190447, -0.03640218415651217]], "inverted": true, "swapped": false, "error_lsq": 0.050379648468768405, "error_max": 0.26433692666085007, "target": "428.xyz", "model": "8.xyz", "model_rescale": 4.121658175737393, "target_rescale": 3.8414553946424466},
{"mapping": [5, 9, 10, 0, 11, 3, 8, 1, 2, 6, 7, 12], "R": [[0.44642002052807106, 0.8670522571541344, 0.22120024555962353], [-0.6821295874776616, 0.4897389454653255, -0.5430055167142102], [-0.5791445339112439, 0.09152130166487006, 0.8100712685821514]], "T": [-0.024719545221159427, 0.04712397584928152, -0.02009806489868793], "aligned_model": [[0.03688681465793823, 0.5620211189589057, -0.5259810724476763, 0.17427068010806473, -0.6282254856767933, -0.6212807866085147, -0.180339634420927, 0.46299848504638835, -0.0984273642814579, 0.4308331063180692, -0.20243395342615353, 0.040980219882330464], [-0.1787328880916281, 0.4856536356347032, -0.39090269974728215, -0.7139003430441866, 0.24347471868098092, -0.3595701143579243, 0.5837482259643171, -0.2541545773971483, -0.17182445741178376, 0.4899912623207928, 0.577110101133959, 0.009791453440963382], [-0.5918595883584263, -0.41584665620504435, -0.3852697277967386, -0.02841187259646344, -0.03619279005026979, 0.2983333935581246, 0.4472028443163827, 0.3623860158409061, 0.6348639125021265, 0.25652875654657914, -0.3979117841245625, 0.0248344853053757]], "inverted": true, "swapped": false, "error_lsq": 0.038742455684760584, "error_max": 0.2273730098223209, "target": "428.xyz", "model": "9.xyz", "model_rescale": 3.833441315466971, "target_rescale": 3.8414553946424466},
{"mapping": [7, 3, 11, 8, 12, 10, 1, 2, 0, 5, 6, 14], "R": [[-0.9030207888787141, 0.21613139973549755, 0.3712690034210225], [-0.4223512474079699, -0.288594094196706, -0.8592629822165705], [-0.07856766934176161, -0.9327382627742669, 0.35188983288956543]], "T": [-0.034993311087397554, 0.06525911924796995, 0.007053349267300728], "aligned_model": [[0.012027041590032116, 0.6610600570583403, -0.43884890768978563, 0.03303657463950561, -0.6146954375605362, -0.4718437164715039, -0.34240795636008203, 0.6402154091282092, -0.2165237419224716, 0.3768784946849229, -0.22691139579494787, 0.03931570680849126], [-0.12562786372317888, 0.15322931151587654, -0.3310887476550721, -0.7099989493499221, 0.2241608691153765, -0.5443024601623014, 0.5915828834491601, -0.1301436747186623, 0.0933531782013896, 0.3945307939700211, 0.6725924292740555, 0.03239654720902074], [-0.6295510985243231, -0.5048966519173397, -0.373927105005498, -0.03660697710104701, -0.03436809158607775, 0.3437290801159427, 0.42429244621626183, 0.15725716806852488, 0.662858494288305, 0.4305825469651621, -0.22862284244467448, -0.04208998013724682]], "inverted": false, "swapped": false, "error_lsq": 0.047715927582807016, "error_max": 0.3158107350637707, "target": "428.xyz", "model": "10.xyz", "model_rescale": 4.2482417240324, "target_rescale": 3.8414553946424466},
{"mapping": [7, 3, 9, 5, 10, 4, 0, 6, 6, 1, 8, 11], "R": [[-0.6646532968654182, 0.4001138113974964, -0.6309872684095131], [0.17137769599622593, 0.903649169038877, 0.39248931782963503], [0.727231517661986, 0.15273217481695128, -0.6691839825449567]], "T": [0.05453023599197904, 0.07997693033435622, 0.0011533673885294315], "aligned_model": [[0.13247906231288492, 0.5463226571951876, -0.5672073866845575, 0.027052204932339702, -0.5463712754731772, -0.47812251085344815, -0.29348391937580276, 0.20334856634117743, 0.20334856634117743, 0.3266936276255472, -0.0624535258141809, -0.040303938436973996], [-0.20864229146555985, 0.3772036191110057, -0.21082569889850183, -0.6705540085983938, 0.2991640196115161, -0.4881396972224756, 0.48262582816095967, -0.24547498892895098, -0.24547498892895098, 0.6817048797063366, 0.5503725186546501, -0.0012748740758722205], [-0.6064477945410343, -0.5714443416338697, -0.4551218363193769, -0.010441365697663978, -0.07550663487855509, 0.4003577373592492, 0.5402261720044951, 0.5419086641197616, 0.5419086641197616, 0.252145632124529, -0.37554361815462345, -0.013384289564683375]], "inverted": true, "swapped": false, "error_lsq": 0.053194190603842915, "error_max": 0.39292524891859243, "target": "428.xyz", "model": "11.xyz", "model_rescale": 3.6694154284099745, "target_rescale": 3.8414553946424466},
{"mapping": [7, 5, 9, 10, 11, 8, 4, 12, 2, 0, 6, 13], "R": [[0.8521546919263225, 0.22051915803109018, 0.4745563001048599], [-0.4536267818681912, 0.7633984628931796, 0.4598320667637691], [-0.2608737698578821, -0.607119500422767, 0.7505669779616921]], "T": [-0.019067945436138246, 0.04841132981895104, 0.07104537106123192], "aligned_model": [[0.0871956345439718, 0.5611790998420894, -0.5422478813276044, 0.08827360728764003, -0.6953150510329345, -0.625141217923072, -0.3292962230335878, 0.593314283026023, -0.021788443764287548, 0.370150500430013, -0.06562391467326667, 0.030601734735190032], [-0.20570559588836915, 0.30719265303426624, -0.41054289960197177, -0.5637689404929117, 0.2534627091428147, -0.3145109420432433, 0.5868494386328945, -0.2215098345850365, -0.3668354425782285, 0.6128372659321911, 0.5088337794366452, 0.1343821261367121], [-0.6190980619354282, -0.41978696862055714, -0.3293669624992333, -0.06026302550267938, -0.1426657257877873, 0.34226569528943657, 0.4729427068400052, 0.18893969466080981, 0.5749067511003144, 0.27271398157285537, -0.2540677524359648, 0.14213665625621835]], "inverted": true, "swapped": false, "error_lsq": 0.043951815920990456, "error_max": 0.2508742362298356, "target": "428.xyz", "model": "12.xyz", "model_rescale": 3.9764082729961374, "target_rescale": 3.8414553946424466},
{"mapping": [4, 6, 7, 0, 3, 2, 11, 9, 1, 13, 14, 15], "R": [[0.9498914500387536, -0.3000256567702264, -0.08769742540615631], [0.1555183591938864, 0.2102489466319736, 0.9651991609993178], [-0.2711462208789113, -0.9304729903225242, 0.24637317464233963]], "T": [0.06764482852873263, 0.03038952103036735, 0.11148823483069922], "aligned_model": [[0.1093398682620138, 0.45659357386833876, -0.4386944997543297, 0.027674911825970372, -0.6525278677790894, -0.43901571404990414, -0.3263187472659993, 0.3998049701441606, -0.016704136489776172, 0.37239859547131104, -0.06054978134241931, 0.019300955219897553], [-0.23395979063703037, 0.4191260228890147, -0.3750601147359479, -0.670139549629351, 0.34178333112848835, -0.5264610280516795, 0.6804773909058992, -0.4445650148262002, -0.21820184710499574, 0.552528937411072, 0.7493343112771018, 0.045821668499391496], [-0.5550285968111139, -0.4188527982043466, -0.2761517739581377, -0.07497720545695027, -0.19318967680535656, 0.3750637922844655, 0.341103480703295, 0.27144746622705673, 0.6897703131020999, 0.20623060963112605, -0.21330796304133767, 0.016549341267189113]], "inverted": false, "swapped": false, "error_lsq": 0.05061558928491519, "error_max": 0.2636399989912488, "target": "428.xyz", "model": "13.xyz", "model_rescale": 4.170626492500431, "target_rescale": 3.8414553946424466},
{"mapping": [11, 5, 9, 3, 10, 1, 8, 2, 0, 4, 12, 13], "R": [[-0.503922313710992, 0.613595826282819, -0.6079164940289625], [0.6679340096030255, 0.7230723891474592, 0.1761547015217335], [0.5476554213735003, -0.31727981659867754, -0.774213831844487]], "T": [-0.018847191969066462, -0.003034769899474883, 0.0926688114774472], "aligned_model": [[-0.012768958473674302, 0.43986528563813304, -0.6096986685176415, 0.16176251372111877, -0.47538343691928764, -0.5060929467505949, -0.2716076589951294, 0.47191494291827213, -0.13350288691778603, 0.3887920466852768, -0.022926840225426914, 0.020948735946913804], [-0.16258114089905687, 0.3658372056425361, -0.34832773093615765, -0.6443407280581134, 0.24128259237890087, -0.5543690730622922, 0.6408248228461049, -0.20945561931206508, -0.16547236284906078, 0.5149977031246706, 0.647187729179102, -0.004899080928805333], [-0.5959295197066945, -0.6006825834900871, -0.34089057566895864, -0.08503995777893712, -0.13141150562094916, 0.3150120832413927, 0.36306345628977743, 0.47928894432744606, 0.6550979239355892, 0.35446212421636336, -0.24333740773328005, -0.0009759930736725903]], "inverted": false, "swapped": false, "error_lsq": 0.042867886332618114, "error_max": 0.22538760232487912, "target": "428.xyz", "model": "14.xyz", "model_rescale": 3.9786697098870705, "target_rescale": 3.8414553946424466},
{"mapping": [9, 3, 6, 1, 7, 10, 5, 0, 4, 2, 8, 11], "R": [[-0.3291427351417701, 0.5632315928986802, 0.7579150563646366], [-0.9417820043126348, -0.25414889286211745, -0.22012495680825594], [0.06864194239873456, -0.7862432912386443, 0.6140926401822069]], "T": [-0.07977015861421408, -0.005284165700498226, -0.0015428671409406843], "aligned_model": [[0.11188316936338497, 0.6041913516997748, -0.3999306607072667, -0.12692622059544573, -0.7224684659744957, -0.6305190382553643, -0.33511685737124364, 0.5693240806388332, 0.0010479494087721197, 0.5231990871386205, -0.05237221063399371, -0.09101005660140236], [0.007487582805007682, 0.41526638549448747, -0.4814162218425709, -0.6727250645975688, 0.10451119062167195, -0.37110638399181217, 0.6348459913486851, -0.2526775214514022, -0.0075924131138806784, 0.4938120284309583, 0.5089744635636249, -0.05869572014143752], [-0.5935902912248966, -0.44929627985965886, -0.5475751086957438, 0.11234762320059241, -0.10998580530204605, 0.5036014337032115, 0.41039284774673723, 0.034217196862887454, 0.6053985101770102, 0.3741944000375845, -0.08530169172589341, -0.08574584598179516]], "inverted": true, "swapped": false, "error_lsq": 0.05880276533155174, "error_max": 0.3343236713335615, "target": "428.xyz", "model": "15.xyz", "model_rescale": 3.769337070930944, "target_rescale": 3.8414553946424466},
{"mapping": [8, 6, 3, 7, 5, 4, 2, 10, 0, 1, 11], "R": [[0.8433767430168433, 0.15726688792033827, 0.5137925605749397], [-0.3181117032538163, 0.916762694048951, 0.24155973806299988], [-0.4330365037629706, -0.3671692916952083, 0.8232047726081171]], "T": [-0.09652456340683835, 0.057779055170800064, 0.0017919344030852581], "aligned_model": [[-0.3135862928745438, -0.24956934327651176, -0.027924923754454642, -0.5904549959689436, 0.22309290354632594, 0.4425962425757429, 0.623502341246102, 0.1276200484632673, 0.1367823566726967, -0.41038131396623645, -0.03905089197227374], [0.0552374789319767, -0.7109431768134515, 0.6447470595960085, 0.3184606193779974, 0.2841554462559884, -0.37400430608212987, 0.3455983568670471, -0.4198445247706845, 0.3724940033015842, 0.08577761883224039, -0.005614077871234899], [-0.5835011485248568, -0.30025098525520894, -0.1861459906959927, -0.0759892466248051, -0.7562765771867888, -0.09524205357453412, -0.07778749704379731, 0.49079009787900635, 0.485342196087914, 0.8341707081535328, 0.009108104009307352]], "inverted": true, "swapped": true, "error_lsq": 0.052529214552096096, "error_max": 0.2354774930882788, "target": "428.xyz", "model": "16.xyz", "model_rescale": 3.7852294659196426, "target_rescale": 3.8414553946424466},
{"mapping": [1, 3, 7, 5, 11, 6, 9, 4, 10, 0, 8, 12], "R": [[0.5012566354961943, 0.5719024087050336, 0.6493607782184077], [-0.8517838057181938, 0.19400546480891637, 0.4866479507205457], [0.15233559560150672, -0.7970505094043017, 0.5843837367441682]], "T": [-0.021528768561123443, 0.05907414647016529, -0.08929558726631452], "aligned_model": [[0.3002643728938044, 0.5284696407712186, -0.49640130495026363, 0.1191551911492972, -0.729859734859177, -0.5657031593903861, -0.224754957989379, 0.5105761742175676, -0.2161746798338013, 0.4809109522270039, -0.1830319521645491, -0.07214841396116184], [-0.3198770845509158, 0.3932455079156223, -0.3938445716641741, -0.5802165550003944, 0.24753684911899898, -0.5241400946008062, 0.6671167410714819, -0.2673622108263992, -0.084760340445456, 0.40817506717403385, 0.6880386948318495, 0.08677231410192249], [-0.5658449476344148, -0.5565499313704, -0.33584723322170645, -0.028267453968143327, -0.11539398428292051, 0.2994570555280415, 0.4905708668356719, 0.2455033368583454, 0.6792612973412523, 0.21307840281348928, -0.139557201273529, -0.017753218687696373]], "inverted": true, "swapped": false, "error_lsq": 0.047261832545640696, "error_max": 0.2883703509083098, "target": "428.xyz", "model": "17.xyz", "model_rescale": 3.901054581598922, "target_rescale": 3.8414553946424466},
{"mapping": [5, 2, 10, 9, 4, 11, 1, 13, 12, 0, 8, 14], "R": [[0.20597714154468277, -0.8342752485008604, 0.5114276360345709], [0.25176785875857255, 0.5502214918916568, 0.7961590639794558], [-0.9456142778412377, -0.035229527378995984, 0.3233767430466319]], "T": [-0.07585860455227825, 0.069416469450369, 0.09068469956129227], "aligned_model": [[0.15988074012443612, 0.6329282978451812, -0.6843030359175031, -0.03170554613717094, -0.6983136286727285, -0.45403666560563927, -0.33806614761256737, 0.5281892907273723, 0.18784307432321237, 0.2911790899981339, -0.07497553632894592, -0.06731780463360643], [-0.13482449290587933, 0.3402947277017456, -0.33578161122666256, -0.5554154553271919, 0.39358630979284054, -0.511631038352512, 0.6606258476959619, -0.3140160748788654, -0.369164527501824, 0.6492711825134487, 0.4775300191962958, 0.0202094304184062], [-0.4504240119402018, -0.237924792365863, -0.2808844561623209, -0.11382738943506626, -0.27405853542649256, 0.4857747358070284, 0.350307935949298, -0.034246571376023466, 0.6292784590385807, 0.41403646005926326, -0.432632415431295, 0.11325757022108196]], "inverted": true, "swapped": false, "error_lsq": 0.06052537126297921, "error_max": 0.32361591372456394, "target": "428.xyz", "model": "18.xyz", "model_rescale": 3.9405287249114394, "target_rescale": 3.8414553946424466},
{"mapping": [12, 4, 14, 3, 11, 10, 5, 1, 2, 8, 7, 15], "R": [[-0.704546618149512, -0.5258031091067953, -0.47659747513778666], [-0.28614761778305303, 0.8250592619506244, -0.48723377870030193], [0.6494101967871844, -0.20690167887941, -0.731750019874077]], "T": [0.0022340552933821298, 0.09474826100924795, -0.09913974266068352], "aligned_model": [[0.1800886725166723, 0.5174473119667192, -0.5173390851789079, 0.05080925539441266, -0.7056529596405596, -0.5010539424162694, -0.21900158418841106, 0.4457890858909522, -0.1365800864920415, 0.3166909320899017, 0.033187262659083526, -0.013082734491377533], [-0.24830519368917148, 0.3403677109586521, -0.39597023946751264, -0.7537248237673949, 0.16402158637536995, -0.38482613729438964, 0.5107898600096026, -0.2915719422920688, -0.12108442596916368, 0.6721408447845101, 0.7486498732411917, 0.0801972042361376], [-0.4874966977435419, -0.55618614574322, -0.3974316585179306, -0.042903906944321155, 0.016230887832734117, 0.2677575519595408, 0.5858615876177166, 0.20008435284677478, 0.7312048654901142, 0.2750351260473342, -0.35813806199033343, -0.06536091191687829]], "inverted": false, "swapped": false, "error_lsq": 0.046052086237175265, "error_max": 0.2367452148186468, "target": "428.xyz", "model": "19.xyz", "model_rescale": 4.410303926677745, "target_rescale": 3.8414553946424466},
{"mapping": [6, 4, 3, 10, 1, 5, 7, 9, 8, 12, 2, 13], "R": [[-0.19252841233672324, -0.7924452410608168, -0.5787601838094643], [-0.8364821441316167, -0.1758357687679551, 0.5190177308828242], [-0.513059872716698, 0.584048219192428, -0.6290129129565462]], "T": [-0.057539765715817474, 0.04365851453043888, -0.10549065248704448], "aligned_model": [[0.16047371817910608, 0.4255373755139286, -0.42243735324515436, 0.10649240513629657, -0.6830856344432977, -0.4854385826918391, -0.14882721091052328, 0.37225611588645974, -0.15045741087437703, 0.4791515175003272, -0.14341866688263208, -0.058944145058120574], [-0.12384675992930623, 0.37107498110616377, -0.4022288631512745, -0.7196553186970367, 0.3710885704893454, -0.563570919494176, 0.5915085510033554, -0.17591494289876053, -0.08415822450571277, 0.40395677433757526, 0.6450622792389893, 0.007368189626600727], [-0.6162919123197724, -0.49859156580346675, -0.545941436050659, 0.1505942005135813, 0.14867822000745307, 0.2782354736146945, 0.33990816301223437, 0.38534508759197944, 0.6468967303468472, 0.2854346188735146, -0.36920840669190447, -0.03640218415651217]], "inverted": true, "swapped": false, "error_lsq": 0.050379648468768405, "error_max": 0.26433692666085007, "target": "428.xyz", "model": "20.xyz", "model_rescale": 4.121658175737393, "target_rescale": 3.8414553946424466},
{"mapping": [4, 2, 11, 10, 7, 9, 5, 6, 8, 1, 3, 12], "R": [[0.24657103394057125, -0.7357833736831106, -0.6307341375199046], [-0.12735588719622642, 0.6205835100667134, -0.7737290126586567], [0.9607201482314921, 0.2711068683098564, 0.05931157338397326]], "T": [-0.027312467463691203, 0.05181040760482246, 0.06876609592521288], "aligned_model": [[0.07108425513783345, 0.5861469287030963, -0.6185403910559076, 0.191941366508797, -0.6651485065231054, -0.4524389129107698, -0.28290700276764813, 0.495738662080352, -0.04669007908486421, 0.4467278616453911, -0.18743691135689997, -0.08717514226610079], [-0.08767549504282034, 0.15710500556876766, -0.2744429662679546, -0.6743881334887176, 0.25071814388155955, -0.49490155491310817, 0.49771038137070334, -0.21325945679613084, -0.0777063262653286, 0.5516774031483933, 0.5476698554346907, 0.13817746049570873], [-0.4789504090942803, -0.365736206834404, -0.4956604108428915, -0.1135426445919987, -0.07412882848935562, 0.27621828463858034, 0.5156980559650891, 0.3494437490101536, 0.7294876912147557, 0.1570475726790555, -0.3907165189947953, 0.059496654278080624]], "inverted": true, "swapped": false, "error_lsq": 0.04766569261572276, "error_max": 0.2832485540098253, "target": "428.xyz", "model": "21.xyz", "model_rescale": 4.08911054899281, "target_rescale": 3.8414553946424466},
{"mapping": [15, 1, 9, 14, 5, 12, 6, 4, 13, 0, 8, 16], "R": [[-0.2598440437800571, -0.9377983664594625, 0.2302505087464345], [-0.7391143579538573, 0.03970146282424358, -0.6724089229896292], [0.6214427075591809, -0.34490291056408806, -0.7034564261600966]], "T": [-0.0476161406947113, 0.012996433044232824, -0.005473349849272597], "aligned_model": [[0.18801142551713076, 0.48724644740848244, -0.6526684396335385, -0.10473083836732122, -0.6587497038977866, -0.4397146207040154, -0.20953954622320195, 0.5445149645244808, 0.0598606486884135, 0.3824250861514868, -0.12207615772403546, -0.023277137629921455], [-0.30008995349938905, 0.4534593791331418, -0.30728419182341704, -0.6187563690622122, 0.2256928845182663, -0.48501897796858, 0.6720464626604196, -0.1255730145528722, -0.30000357822566875, 0.4552761519715911, 0.6348542023461784, 0.016081321628305167], [-0.6202607785563952, -0.39265907561440416, -0.20265257909451137, -0.10267877298751625, -0.2865517044147474, 0.37295621876583657, 0.3027441022139229, 0.3358057855989558, 0.5665491136232514, 0.46306970219336335, -0.30298072569544254, 0.035315702905676205]], "inverted": false, "swapped": false, "error_lsq": 0.04875691003746571, "error_max": 0.23670019619283633, "target": "428.xyz", "model": "22.xyz", "model_rescale": 4.204369325754507, "target_rescale": 3.8414553946424466},
{"mapping": [12, 4, 14, 3, 11, 10, 5, 1, 2, 8, 7, 15], "R": [[-0.704546618149512, -0.5258031091067953, -0.47659747513778666], [-0.28614761778305303, 0.8250592619506244, -0.48723377870030193], [0.6494101967871844, -0.20690167887941, -0.731750019874077]], "T": [0.0022340552933821298, 0.09474826100924795, -0.09913974266068352], "aligned_model": [[0.1800886725166723, 0.5174473119667192, -0.5173390851789079, 0.05080925539441266, -0.7056529596405596, -0.5010539424162694, -0.21900158418841106, 0.4457890858909522, -0.1365800864920415, 0.3166909320899017, 0.033187262659083526, -0.013082734491377533], [-0.24830519368917148, 0.3403677109586521, -0.39597023946751264, -0.7537248237673949, 0.16402158637536995, -0.38482613729438964, 0.5107898600096026, -0.2915719422920688, -0.12108442596916368, 0.6721408447845101, 0.7486498732411917, 0.0801972042361376], [-0.4874966977435419, -0.55618614574322, -0.3974316585179306, -0.042903906944321155, 0.016230887832734117, 0.2677575519595408, 0.5858615876177166, 0.20008435284677478, 0.7312048654901142, 0.2750351260473342, -0.35813806199033343, -0.06536091191687829]], "inverted": false, "swapped": false, "error_lsq": 0.046052086237175265, "error_max": 0.2367452148186468, "target": "428.xyz", "model": "23.xyz", "model_rescale": 4.410303926677745, "target_rescale": 3.8414553946424466},
{"mapping": [7, 13, 1, 0, 10, 3, 8, 5, 4, 15, 11, 16], "R": [[0.6494066559071336, -0.7063018378899908, -0.2817955092912853], [-0.44560375185879997, -0.05316627081489725, -0.8936501798673785], [0.6162047481096479, 0.7059115110556408, -0.3492572790455013]], "T": [0.07657979316221811, 0.1270933224577649, -0.04150049212917741], "aligned_model": [[0.07661427384794683, 0.6081452581561942, -0.565928811912798, 0.13635494874995818, -0.5294920277181092, -0.5018278097948112, -0.27272793902020653, 0.4527750397496684, -0.13984693966101158, 0.41540560863478926, -0.2254689310591523, -0.002700541862293959], [-0.1870696150557426, 0.15948671534763223, -0.2632047628757031, -0.6244998031688611, 0.29705241533412285, -0.495774778960056, 0.45425429236482484, -0.0760295864612732, -0.07070656563721076, 0.6254343186212414, 0.46337739772577413, 0.03836428989101412], [-0.6273610081108093, -0.500385497715498, -0.4552461223899973, -0.08532417717993074, 0.12455612760958712, 0.25300070941628994, 0.6268231385030912, 0.41982396391581495, 0.5813309831353822, 0.340818104262484, -0.4846721016983656, -0.024707130810058937]], "inverted": true, "swapped": false, "error_lsq": 0.04609146805907719, "error_max": 0.24218158943084547, "target": "428.xyz", "model": "24.xyz", "model_rescale": 4.28219845311461, "target_rescale": 3.8414553946424466},
{"mapping": [14, 12, 6, 2, 8, 0, 3, 13, 4, 7, 11, 15], "R": [[0.8806874862449592, 0.1132841445143747, 0.4599524477303943], [-0.09283671946931, -0.9108759909875039, 0.4021023160349977], [0.46451145851282444, -0.3968269542813073, -0.7916801584390691]], "T": [-0.0632641218115802, 0.16502382357307624, 0.01036919655207043], "aligned_model": [[0.11034442119441648, 0.5223007689942409, -0.6279602705039669, 0.08682737972172894, -0.6969191085758457, -0.5024286637541269, -0.2558088951530759, 0.5027853259587298, -0.0544205202652302, 0.46128260094149737, 0.00392103873889646, -0.098621949187091], [-0.21227292426343056, 0.3221319182444573, -0.44487011749353766, -0.5026705999345359, 0.2403566215513663, -0.44243999444741766, 0.5581153460084594, -0.008723665841237932, -0.10719284970197593, 0.3712309643397353, 0.43813889082361046, 0.10888072784027013], [-0.6281070072033703, -0.4553031190061116, -0.33797657314126334, -0.01052870698473139, -0.26303962595803915, 0.3323573748011538, 0.6494708395699311, 0.05849704231888582, 0.6889474503507497, 0.5469093688561302, -0.4558618464846811, 0.04329179181933594]], "inverted": false, "swapped": false, "error_lsq": 0.045495762413423756, "error_max": 0.2696812665080281, "target": "428.xyz", "model": "25.xyz", "model_rescale": 4.100010024507729, "target_rescale": 3.8414553946424466},
{"mapping": [7, 3, 9, 5, 10, 4, 0, 6, 6, 1, 8, 11], "R": [[-0.6646532968654182, 0.4001138113974964, -0.6309872684095131], [0.17137769599622593, 0.903649169038877, 0.39248931782963503], [0.727231517661986, 0.15273217481695128, -0.6691839825449567]], "T": [0.05453023599197904, 0.07997693033435622, 0.0011533673885294315], "aligned_model": [[0.13247906231288492, 0.5463226571951876, -0.5672073866845575, 0.027052204932339702, -0.5463712754731772, -0.47812251085344815, -0.29348391937580276, 0.20334856634117743, 0.20334856634117743, 0.3266936276255472, -0.0624535258141809, -0.040303938436973996], [-0.20864229146555985, 0.3772036191110057, -0.21082569889850183, -0.6705540085983938, 0.2991640196115161, -0.4881396972224756, 0.48262582816095967, -0.24547498892895098, -0.24547498892895098, 0.6817048797063366, 0.5503725186546501, -0.0012748740758722205], [-0.6064477945410343, -0.5714443416338697, -0.4551218363193769, -0.010441365697663978, -0.07550663487855509, 0.4003577373592492, 0.5402261720044951, 0.5419086641197616, 0.5419086641197616, 0.252145632124529, -0.37554361815462345, -0.013384289564683375]], "inverted": true, "swapped": false, "error_lsq": 0.053194190603842915, "error_max": 0.39292524891859243, "target": "428.xyz", "model": "26.xyz", "model_rescale": 3.6694154284099745, "target_rescale": 3.8414553946424466},
{"mapping": [10, 4, 12, 9, 6, 3, 1, 8, 7, 5, 2, 13], "R": [[0.6065313648067339, -0.7945660800683316, -0.028007997260177414], [0.6841694251224402, 0.5036669129860825, 0.527476860621108], [-0.4050085199515073, -0.3390934755608184, 0.8491075983635843]], "T": [0.011164847983281719, 0.025393661934834166, -0.031088910947759896], "aligned_model": [[0.33167173940732664, 0.6325722325460006, -0.6762089177659062, -0.0230058064050253, -0.6229394930892258, -0.5300069666935666, -0.3564365854209347, 0.600364474434872, 0.014547972686503353, 0.32145328114492594, -0.23266983033996183, -0.008039972394834258], [-0.19005019485146019, 0.3851011958074756, -0.2537261704723756, -0.6547604602116467, 0.2828153737593227, -0.3808889655772019, 0.6216994412702598, -0.20298176328504486, -0.19108040419011013, 0.4737475374187409, 0.37444724900460363, 0.05636147845320003], [-0.4923372139423386, -0.43108131409450723, -0.3127664547353345, -0.06404755133503331, 0.022166874829395514, 0.41038443356448295, 0.5064380719899202, 0.06401975203829519, 0.5598899870520073, 0.5422158860893862, -0.5610284256133582, -0.07519705690492608]], "inverted": true, "swapped": false, "error_lsq": 0.04903880053692276, "error_max": 0.28112375583849075, "target": "428.xyz", "model": "27.xyz", "model_rescale": 4.103607728864725, "target_rescale": 3.8414553946424466},
{"mapping": [13, 8, 12, 2, 10, 3, 9, 1, 0, 5, 11, 14], "R": [[-0.432394694256806, -0.8937454159925291, 0.11938994836628658], [0.4242270091991707, -0.3184808469749089, -0.8477036007804093], [0.7956546191938372, -0.3158940985559655, 0.5168603732663437]], "T": [-0.10415389808414882, 0.15061725534423293, -0.064392478385782], "aligned_model": [[-0.06842274434208405, 0.5984966414926569, -0.5261440163526031, 0.017977746336876724, -0.583129086808032, -0.4652122363137137, -0.3781324003661166, 0.5977188571207392, 0.03692596416889432, 0.266758902268139, -0.028930503946201683, -0.01660499514838132], [-0.03450975402615844, 0.16589994233493605, -0.5340318829240636, -0.5737953519198309, 0.32039954883882193, -0.3868243910412034, 0.5378677863438897, -0.22138528528440565, -0.15312989207554223, 0.5155528533115692, 0.6322087982194304, 0.05243194534832005], [-0.6843310301855045, -0.48668223141962924, -0.36518063419812613, -0.024007554218729757, -0.025251480590758796, 0.3155077791716796, 0.6027632250154593, 0.3501549583953496, 0.5661040591801737, 0.44979242440008893, -0.5486158362122519, 0.018403309600238782]], "inverted": true, "swapped": false, "error_lsq": 0.0440336150395804, "error_max": 0.23193411383878537, "target": "428.xyz", "model": "28.xyz", "model_rescale": 4.137296879288765, "target_rescale": 3.8414553946424466},
{"mapping": [7, 3, 2, 4, 10, 0, 1, 8, 6, 9, 11], "R": [[0.8600828027282449, -0.19705884385722794, -0.4705585877537246], [0.010513221114501578, 0.9290351599869583, -0.36984205235452117], [0.5100461201037849, 0.3131477024754603, 0.8011188874327057]], "T": [0.027151089558314016, -0.08764482545189566, -0.023766563686150186], "aligned_model": [[0.3452872671447009, 0.20025702873657028, -0.18999019300915854, -0.528790450627779, -0.009388559999165082, 0.4327093795756561, 0.7573346078568322, -0.2784124835548517, -0.5477988239860734, 0.07004658647986953, -0.029835347906702912], [-0.3533867223275205, -0.6529442719535941, -0.3326059128259063, 0.19589977790082885, 0.6006460005409442, -0.003976604810896497, 0.42125065675993745, -0.473835151782506, 0.2941031607849547, 0.2567541668798281, -0.03275728251811777], [0.3585195582255151, -0.21092660770191324, -0.731195223580499, -0.3352712524567817, -0.2296910350188565, -0.4883314949523896, -0.022417408880159837, 0.35987152301478686, 0.45507325486210287, 0.7072860103983778, -0.057163302127184304]], "inverted": false, "swapped": true, "error_lsq": 0.03698124048285048, "error_max": 0.17759024594314843, "target": "428.xyz", "model": "29.xyz", "model_rescale": 3.607286011436655, "target_rescale": 3.8414553946424466},
