[{"mapping": [9, 11, 1, 0, 5, 8, 4, 10, 2, 3, 7, 13], "R": [[0.263305581087499, 0.2608536769818533, -0.9287763617648879], [-0.514565519272512, -0.7763864881994932, -0.3639317893741469], [-0.8160223632621748, 0.573741562156957, -0.07020058767353882]], "T": [-0.04665992035140887, -0.04107752842692917, -0.0127024001335274], "aligned_model": [[-0.34204903060979797, 0.4500754376913267, 0.34546942794736846, -0.11676340245631589, -0.03570009241382223, -0.6054189362820873, 0.3095175139400246, -0.27477059126146336, 0.5804023729073705, 0.15996186025801973, -0.5603894189906029, -0.07269267826947119], [-0.34027822828811716, -0.677410078464099, -0.2829244821532376, 0.5391182961543838, 0.417789205106934, -0.3551884711246894, -0.16860140206418592, -0.6217129658744741, 0.11351430787173372, 0.42604791231400013, 0.1549774210079782, -0.15177647850916962], [-0.555869877397817, 0.05245921510546232, -0.5396748365903719, -0.05285769103817005, -0.7018201955207757, -0.0040746193055025415, 0.4891146454039126, 0.610366527515073, -0.09803033064210732, 0.5696155441801968, 0.3788684594682644, 0.033854904175397174]], "inverted": false, "swapped": true, "error_lsq": 0.04020932488903931, "error_max": 0.25413982000574276, "target": "429.xyz", "model": "0.xyz", "model_rescale": 3.751011558992144, "target_rescale": 3.9658814344196416},
{"mapping": [3, 11, 7, 0, 1, 12, 13, 2, 5, 9, 8, 4, 10, 14], "R": [[-0.41091920184401176, 0.11530678246204637, -0.9043504605373577], [0.4605230435874962, 0.8823593363263329, -0.0967498213055851], [0.7868061615676313, -0.45623058590585963, -0.4156798246285315]], "T": [0.07651915166406063, 0.12699133120883888, 0.010912910182238007], "aligned_model": [[-0.34918168202861855, 0.797799196700015, 0.05477195729359009, -0.5705453470640038, -0.18021887012380255, 0.28978170168894357, -0.03217907838559668, -0.6156023694691668, 0.03026776625664511, 0.5041694161454714, -0.2824010554688274, 0.19701944686090003, 0.7417106819762684, 0.11050085006893945], [-0.4973879102949479, -0.11318281768271041, -0.10544562231896343, 0.016559752921970067, 0.48889500707834305, -0.5532960786378252, -0.4291359458625501, -0.056956892483365024, 0.12643790274029318, -0.1293593811972754, 0.6009329175114511, 0.9085393844008322, 0.5197721604353223, 0.08404921184046368], [-0.10015127164650914, -0.23157928301957928, -0.6097135039905487, -0.36937240310550273, -0.5264853285536475, -0.19814026209269386, 0.46523586225687524, 0.42427588986573433, 0.6337664644471593, 0.44171354257749235, 0.3058263039515295, -0.004458794963515471, 0.28604414490835955, 0.013155899491076007]], "inverted": true, "swapped": false, "error_lsq": 0.04585966856094657, "error_max": 0.3967407563108593, "target": "429.xyz", "model": "1.xyz", "model_rescale": 3.9405287249114394, "target_rescale": 3.9658814344196416},
{"mapping": [12, 10, 4, 6, 7, 11, 9, 8, 0, 2, 5, 1, 13], "R": [[0.4592872268664597, 0.39242777739416046, -0.7969038102348343], [-0.2723969478805799, -0.7916797111104783, -0.5468483681985112], [-0.8454910679733183, 0.4682346362087164, -0.25671225025664257]], "T": [-0.02280511654915466, -0.16016185186439705, -0.06790093182846431], "aligned_model": [[-0.31030785103986896, 0.10961041400560209, -0.3509526361711058, 0.4954091336932141, 0.5580402751188805, -0.6549902103956982, 0.1357982050144215, 0.4374977528421185, 0.18659697618317725, -0.596138462568414, 0.017241032179116274, -0.5106750940948386, -0.021146255482673813], [0.7642089306843562, 0.5666490034600373, -0.023200706999318643, -0.3298911934102965, -0.15339221425570504, 0.3453217509001103, 0.08793595471690527, 0.26944342868894755, -0.7052423974936984, -0.4681448378285952, -0.7337379462182043, -0.1215332916632747, -0.0395838870092472], [0.26007926695482836, -0.5491482547868163, -0.5860764816192787, 0.23228907101819035, -0.4117847523899176, -0.09509469437903653, 0.552662649420764, 0.052566209580115236, -0.11472082918249543, -0.09657087952576145, 0.5278917358418467, 0.43254491235004827, -0.09151760369384296]], "inverted": true, "swapped": true, "error_lsq": 0.05355614393401972, "error_max": 0.3301195116608946, "target": "429.xyz", "model": "2.xyz", "model_rescale": 3.932901565614263, "target_rescale": 3.9658814344196416},
{"mapping": [10, 8, 3, 1, 0, 11, 12, 6, 5, 9, 4, 7, 7, 13], "R": [[-0.601364487860623, 0.40913831558427366, 0.6862700572376697], [-0.797487787821902, -0.2549928143610523, -0.5468015114272815], [-0.048723516037539105, -0.8761190006757607, 0.47962643342485456]], "T": [0.009413590298307198, 0.05908009438989541, -0.06146635037732981], "aligned_model": [[-0.3013801151577302, 0.6889272828107118, 0.2021486140958697, -0.5920634883429974, -0.2731828215646732, 0.24941971194670354, -0.022131670335054796, -0.4787440020094177, 0.02989004624485135, 0.5590051766043485, -0.3011986397048872, 0.4749381383195173, 0.4749381383195173, -0.014673756776001495], [-0.5745879916676545, -0.10862263762781922, 0.16974422208688833, -0.06968343046331528, 0.5510753142877576, -0.7028324496709527, -0.39141652993465004, -0.04815305356541824, 0.17473643480090945, -0.0627877217011679, 0.8086936732462476, 0.5553769716988831, 0.5553769716988831, 0.003501915262447086], [0.061079435606114924, -0.2826532869126075, -0.5211315976214909, -0.47427853460721914, -0.4178794544333254, -0.4609598235924124, 0.5543156712531314, 0.40425403540546734, 0.6477614066438317, 0.41064620299490295, 0.26230197652385057, 0.15467909165219393, 0.15467909165219393, 0.03730304556159826]], "inverted": false, "swapped": false, "error_lsq": 0.05567904611667759, "error_max": 0.4091245193030249, "target": "429.xyz", "model": "3.xyz", "model_rescale": 3.9243930471874484, "target_rescale": 3.9658814344196416},
{"mapping": [6, 9, 5, 0, 2, 8, 7, 1, 11, 12, 4, 10, 13], "R": [[0.011737295938619496, 0.3964207529725323, 0.9179939120150745], [-0.6816756587803544, -0.6684882588267117, 0.29739156685622714], [0.7315603407173051, -0.6292646775590717, 0.2623841334114134]], "T": [0.11389092527776945, -0.15984949992575345, -0.03852996081125089], "aligned_model": [[-0.06078610882375707, -0.21702198752908902, 0.5250945463944607, 0.4436568273879744, 0.6950016615216761, -0.507843243547458, -0.20246007863767684, 0.33061926108634154, 0.06223286983106585, -0.49882467034961353, 0.22002691022907675, -0.5280926393733653, 0.015602538121716927], [-0.6184569080503823, -0.03563569117855525, -0.39775036655003515, -0.639766032522302, 0.13047651753387637, -0.27401212194690233, -0.6923010966889223, 0.35141736902932996, 0.6278312672259196, 0.6455700586022142, 0.08548550568622196, 0.0439908556106427, -0.09901980306951862], [-0.4214598177245556, -0.6274902883958133, -0.7166721970211604, -0.10247299794906578, 0.01053863413627841, -0.14513802737646042, 0.22998562250809634, -0.46466414246732773, 0.14258221612344169, -0.1819493122912928, 0.5302326768132616, 0.530410361346295, 0.003167587669266725]], "inverted": true, "swapped": true, "error_lsq": 0.047271203102670044, "error_max": 0.2479237905506858, "target": "429.xyz", "model": "4.xyz", "model_rescale": 3.8936222436046832, "target_rescale": 3.9658814344196416},
{"mapping": [5, 2, 0, 6, 3, 4, 11, 10, 8, 9, 7, 13], "R": [[-0.29328048662992046, 0.2212121864746508, -0.9300815688514754], [0.9207195015687917, -0.19659221047085912, -0.33708619404107576], [-0.2574143655529608, -0.9552050415158445, -0.14601771491733773]], "T": [-0.09414312573391982, -0.08984573681556762, -0.037796104047060686], "aligned_model": [[0.048221275737814526, -0.6358684776033798, -0.2019254445242259, 0.3721756035164773, -0.6682714775099946, -0.5709136983018767, -0.33953351350782707, 0.014019583462753935, 0.47368277487436283, 0.48469678330601584, 0.10835511478900249, -0.057090482024025765], [-0.5834780880842353, -0.44706091945718374, 0.02690065867050162, -0.021957134355344007, 0.3880903123916257, 0.12700719124413454, -0.4118355128798907, 0.43360204039840444, 0.13680735894236004, -0.45679187849875, 0.5371983877888289, -0.05955951105064426], [-0.6871200693112436, -0.09539443418132446, -0.6016288730040045, -0.444497563045221, -0.24260502581192628, 0.30949293834120833, 0.6636433501935922, 0.6634100930683825, 0.154957317686647, 0.008046915277422434, -0.18440240487862417, 0.07538247494060973]], "inverted": true, "swapped": true, "error_lsq": 0.04269626180158559, "error_max": 0.23936033934885265, "target": "429.xyz", "model": "5.xyz", "model_rescale": 3.6523030999806103, "target_rescale": 3.9658814344196416},
{"mapping": [10, 11, 12, 8, 9, 4, 1, 7, 2, 0, 5, 6, 13], "R": [[-0.01737155000416374, -0.13647350549441925, 0.9904913990280368], [0.9371246691190556, -0.3475744097780168, -0.03145447815437388], [0.348562166304597, 0.9276675115393058, 0.13393059491960177]], "T": [0.007276305974595165, -0.10856051879890713, -0.07711816765994292], "aligned_model": [[0.28560176384135266, -0.3220897367381981, 0.25862666362304343, 0.6197362897860847, 0.4369601972648728, -0.3704513203719256, -0.2393884091291457, 0.40003453160347924, -0.6213372215967807, -0.06253131318049453, -0.02382710824881777, 0.46651544227484354, 0.05323312553598052], [-0.633517243113041, 0.04865041143385118, 0.2594803543257973, -0.15728799832481077, 0.41930368197978474, -0.49965037855869665, 0.519598161255308, -0.6198052145333893, 0.058652600489751294, -0.19949291581129414, 0.4641574279170294, 0.016666147206088056, -0.13592813010319466], [0.5742974102200675, 0.6458713893810085, 0.8426965366055209, 0.1058303545450601, 0.01528222582535399, 0.23802562828961385, 0.10870033143128957, -0.27725091446439576, -0.11277510098372814, -0.651585169265726, -0.6742687885463057, -0.47822388209993294, 0.03350971854396277]], "inverted": false, "swapped": true, "error_lsq": 0.0610939526331749, "error_max": 0.42616239811800005, "target": "429.xyz", "model": "6.xyz", "model_rescale": 4.08911054899281, "target_rescale": 3.9658814344196416},
{"mapping": [8, 12, 11, 9, 1, 10, 4, 3, 6, 5, 2, 13, 7, 14], "R": [[0.3649509606723232, 0.889780841359328, 0.274045344157194], [0.9304249040891843, -0.3379757034280688, -0.14171069734827568], [-0.033470795553450984, 0.3066960681883427, -0.9512188116321243]], "T": [0.047936283259617816, 0.06625124800018405, 0.03996529445128497], "aligned_model": [[-0.24727896306661126, 0.6929341639151453, 0.12319850969331428, -0.6143754728616345, -0.3401471419540499, 0.36398235274127405, 0.0004795053431711979, -0.6004319041988898, -0.1263867434305469, 0.6137250531656135, -0.047708833935218346, 0.4399178750136722, 0.5044930104949279, -0.06650879646941016], [-0.5424715680268578, 0.04751428314100918, -0.0016325386658381513, -0.06508844477093505, 0.5730678819437041, -0.5077375541744515, -0.4374492997911548, -0.13005295136901673, 0.24511326023981062, -0.27244916959821897, 0.8334182520728378, 0.5992592870072017, 0.4584719600776106, 0.06045829036533752], [-0.04636815717458303, -0.2627368332401821, -0.538185595660701, -0.3583440460294037, -0.32124685026146244, -0.2599124063624075, 0.5307637277074936, 0.44927543489195365, 0.47212594675161557, 0.42162787389843986, 0.26897695946036143, -0.27331953510717744, 0.5267997964857135, -0.0793390552334303]], "inverted": false, "swapped": false, "error_lsq": 0.04856033417363268, "error_max": 0.32598646478908117, "target": "429.xyz", "model": "7.xyz", "model_rescale": 3.964800864290218, "target_rescale": 3.9658814344196416},
{"mapping": [4, 9, 12, 2, 7, 11, 6, 0, 3, 10, 1, 8, 5, 13], "R": [[0.2634390219971715, 0.1811332547652188, -0.9475181400413041], [-0.3121343573442711, 0.9453819573016756, 0.09394199153590344], [0.912782572497116, 0.2710049793391465, 0.30558841031514283]], "T": [-0.00987447880612495, 0.04902124971167561, 0.07124708264241542], "aligned_model": [[-0.3051414625429032, 0.5838119675330542, 0.13363516780339374, -0.6371561142838567, -0.19742003498388327, 0.3691556499519099, -0.09748364506049387, -0.5690280577183715, -0.056932390612339914, 0.7612179270226592, -0.330982537514174, 0.47864175583222857, 0.5077988256636816, 0.05577556335985258], [-0.5198673692383726, 0.01857383668308834, -0.04287658588303245, 0.026979953012107982, 0.48650549769480045, -0.6474775357777927, -0.4707717306833635, 0.11718779493965038, -0.031441461826264436, -0.015279023451078996, 0.7271253230231879, 0.5912033140969329, 0.5305776941222785, 0.08998198173889721], [-0.21905714150517452, -0.2758351630309091, -0.6647112765271701, -0.14003627871449725, -0.45817464158726506, -0.17032884289455358, 0.3134158558126892, 0.5138077788458311, 0.7904647136073464, 0.3476815044346454, 0.08482543171283712, -0.17051329244206104, 0.5175524306434333, 0.06102618177107805]], "inverted": true, "swapped": false, "error_lsq": 0.050371710660515975, "error_max": 0.30168900055629466, "target": "429.xyz", "model": "8.xyz", "model_rescale": 4.121658175737393, "target_rescale": 3.9658814344196416},
{"mapping": [1, 11, 2, 5, 12, 8, 4, 7, 3, 10, 6, 0, 13], "R": [[-0.7443480608008202, -0.2238139645547626, -0.6291687163649652], [0.2161384805816869, -0.972193590517985, 0.09013201300086612], [-0.6318465965674726, -0.06889798129138491, 0.7720252240568787]], "T": [-0.0073773214630362405, 0.056229701418884344, -0.037024505267101084], "aligned_model": [[-0.34370556874031877, -0.30937532017351765, 0.27637405253161085, -0.003723015210880906, -0.8810314295080988, -0.4340594740904563, 0.27248384640107104, 0.18200667280272298, 0.7324974806547645, -0.2129225475681239, -0.12758869813712104, 0.40437463273268937, -0.07859313525914471], [0.18877808316739136, -0.5199658281710087, 0.038005789365885535, 0.8437067094284035, -0.44021386914249006, 0.014665972191569156, -0.4931221397406343, 0.030072882701997337, -0.1475973167835825, -0.6958229768713963, 0.5504458606991677, 0.45999265472466194, -0.03855838215825463], [-0.6364154963475686, -0.519421734449331, -0.6231470675249137, -0.2928149288447462, -0.22400701115366886, 0.4395954249186407, -0.158824881186839, 0.610380161544814, 0.06801239168447568, 0.37474582769283643, 0.3218176733703977, 0.06588295902124242, -0.004727884766251023]], "inverted": false, "swapped": true, "error_lsq": 0.052422169164449785, "error_max": 0.3272568959632019, "target": "429.xyz", "model": "9.xyz", "model_rescale": 3.833441315466971, "target_rescale": 3.9658814344196416},
{"mapping": [0, 6, 12, 10, 11, 1, 5, 13, 2, 4, 9, 7, 3, 14], "R": [[0.3680140457032616, -0.34029606009385416, 0.8653116511695179], [-0.1236688451727708, -0.9402681710107395, -0.31717784178241687], [0.9215593735070741, 0.00971380814709849, -0.3881159144283193]], "T": [0.04016117755888824, 0.06997715382932096, -0.045971847978735964], "aligned_model": [[-0.3415858774270167, 0.6500006998861154, 0.1429164244595655, -0.6845539594324843, -0.08546937949652722, 0.188189242237168, 0.08752757787728027, -0.47988676343123926, -0.14824824520127808, 0.7310918173814802, -0.15522485087801188, 0.2687845246828426, 0.4730764254935176, 0.04927497829934556], [-0.4930990191026389, -0.1495603157062193, -0.11397558364512994, 0.08095139077724964, 0.5170309438360341, -0.6315357357287561, -0.36839365692358517, -0.25394092111653943, 0.21135871779956408, -0.05700557555490024, 0.7282665450003847, 0.68706199377472, 0.5600498910902345, 0.14321301395062072], [-0.0781800952075489, -0.24877378219669757, -0.6104386821867427, -0.4338141868986335, -0.5456687091037085, -0.2236690363788485, 0.4668854985297528, 0.46423767879428635, 0.6331182769031855, 0.3313911304421949, 0.3857566591828824, -0.15014306397056904, 0.5256354910634826, 0.013780081153193957]], "inverted": true, "swapped": false, "error_lsq": 0.048978698927053956, "error_max": 0.28245062893391376, "target": "429.xyz", "model": "10.xyz", "model_rescale": 4.2482417240324, "target_rescale": 3.9658814344196416},
{"mapping": [9, 6, 2, 3, 12, 11, 1, 4, 7, 10, 8, 13], "R": [[-0.6376111904039946, 0.1325605216541733, -0.7588673652031522], [0.2801047336961491, 0.9575522675634196, -0.06808078322965086], [0.7176303421906088, -0.25597141047962124, -0.6476768708117211]], "T": [0.05183986798914576, -0.12278421902791314, 0.01294263669500207], "aligned_model": [[-0.6198422330800534, -0.29358922364765505, 0.4322852999184159, 0.7824131212922955, -0.5517362226740777, 0.0590348077730042, -0.18764312567213337, 0.5174619301994978, 0.11090788138179293, 0.03513677728658145, -0.41937149382960587, 0.01170808341494406], [-0.15573714953285828, -0.6163416574196521, -0.04141989734646975, -0.2562994072932795, 0.6995819100157414, 0.6395713192459612, 0.06596061911765172, 0.28838810775569274, -0.3631372466646324, 0.4928227276762609, -0.0650734795289758, -0.022184455974801176], [0.15281383847979546, -0.1437350388178131, 0.5354631929255665, -0.2071240394281571, 0.07697410821343559, 0.2862070368130267, 0.6430050188680834, -0.08233833259130996, -0.615089743806988, -0.6180375309288781, -0.4178485933082505, -0.04509762656415448]], "inverted": false, "swapped": true, "error_lsq": 0.0486981705268875, "error_max": 0.31994280093801847, "target": "429.xyz", "model": "11.xyz", "model_rescale": 3.6694154284099745, "target_rescale": 3.9658814344196416},
{"mapping": [7, 11, 6, 5, 0, 9, 10, 12, 2, 8, 1, 4, 3, 13], "R": [[0.9038005785247922, 0.2789896178490522, 0.32451395561776875], [0.35459814822911306, -0.06367152897457178, -0.9328483744266935], [-0.23959271176464303, 0.9581809482193226, -0.1564755665871978]], "T": [0.004882942321247648, 0.025582281779279605, -0.00595954838321143], "aligned_model": [[-0.22352356105516813, 0.6467254586535968, 0.02024040367426391, -0.6340136334142394, -0.31921095087649076, 0.43394813693106427, -0.15139524391717418, -0.592590675601546, 0.06913974104919818, 0.628773204959014, -0.09984287950554893, 0.4013468991014374, 0.5447764769730871, -0.028480762520737023], [-0.6406041234842935, -0.10916994031918612, 0.06718761997516158, -0.08962083627854892, 0.5981381878701232, -0.6501991957936689, -0.447661108841985, 0.03680261645291836, 0.1399805007407556, -0.09528203969344204, 0.725923262859088, 0.6244178199502448, 0.5587608864009745, 0.14174803861289662], [-0.2430069299905644, -0.3449413646724608, -0.5697751012620469, -0.4783049723897376, -0.2850307708657249, 0.0565602103643391, 0.38792699498652683, 0.31756460874040754, 0.6336478974052149, 0.40483310891704694, 0.4577521147916924, -0.18454000349512623, 0.4008382483390993, -0.023406780742436437]], "inverted": false, "swapped": false, "error_lsq": 0.03991281176554846, "error_max": 0.2346643181951611, "target": "429.xyz", "model": "12.xyz", "model_rescale": 3.9764082729961374, "target_rescale": 3.9658814344196416},
{"mapping": [4, 9, 5, 6, 13, 0, 7, 3, 8, 2, 11, 12, 10, 15], "R": [[-0.15004272058988444, -0.868621701820961, -0.47221130982182513], [0.1474596813632617, -0.491937057346836, 0.8580521977019706], [-0.9776210024187449, 0.059112356868878335, 0.20189825381903437]], "T": [0.0523380497606645, 0.11086630258515884, -0.01818979855520836], "aligned_model": [[-0.2543532602630305, 0.5367940586850155, 0.15800374511377793, -0.5313814385274511, -0.17516933021983974, 0.3729310893195752, -0.04409360913148294, -0.49178686016030015, 0.10836597371812345, 0.5331055883370298, -0.2724764674553225, 0.42015294651825563, 0.3709344581324312, -0.0351342796160244], [-0.4972700391288428, -0.07306005864501311, -0.23467584704131705, 0.1504761020380129, 0.6256089487877331, -0.5387209142866802, -0.5437250507468738, -0.0009707445004900894, 0.22042718368071326, -0.24728133150328013, 0.657712507003631, 0.5597332672723764, 0.7297628140045911, 0.05240485151647816], [-0.2461686397266838, -0.3231038775665582, -0.7746680133715873, -0.5094752842752699, -0.25852486969897004, -0.0668157604000756, 0.3468373158201991, 0.6141582105475929, 0.6778778143382029, 0.5079778172804645, 0.45720420316154303, -0.2836030323698676, 0.38381808157120484, 0.004603294816034796]], "inverted": false, "swapped": false, "error_lsq": 0.04887122819528527, "error_max": 0.293702731041571, "target": "429.xyz", "model": "13.xyz", "model_rescale": 4.170626492500431, "target_rescale": 3.9658814344196416},
{"mapping": [8, 1, 0, 4, 2, 7, 10, 12, 11, 9, 6, 3, 3, 13], "R": [[0.2628322441350647, 0.9480208047916334, -0.17937604389981793], [0.8765968663114216, -0.1569565450609663, 0.45490941618691566], [0.4031093467235922, -0.27680534070849955, -0.872285307648438]], "T": [-0.013589036722536786, 0.0631517414022358, 0.002978799970162191], "aligned_model": [[-0.4016592490095262, 0.7197372123950745, 0.19526358986344308, -0.6661485411820114, -0.10941911671099841, 0.2592557298075363, 0.03462066806363515, -0.5566730836744206, 0.10297755107216747, 0.594893294569011, -0.2696328200357489, 0.41431051782043476, 0.41431051782043476, -0.0359436563482743], [-0.5462957531478684, -0.06883884050601467, -0.040485116208312424, 0.0626642410823698, 0.5082054459370965, -0.6437439281076167, -0.4038257543532142, -0.23949347760582884, 0.27854363621192624, -0.15046388573348718, 0.7990224737820378, 0.595947877212508, 0.595947877212508, 0.11323689267493414], [-0.1688686746317511, -0.1857685669994536, -0.5461098892601212, -0.274922236508768, -0.4720748423540981, -0.28561095850053475, 0.31592631601275367, 0.38920633723815323, 0.6660611578951308, 0.4933093566493205, 0.31987801625754547, 0.09519513972322309, 0.09519513972322309, 0.08870096488160688]], "inverted": true, "swapped": false, "error_lsq": 0.05062654469020924, "error_max": 0.37470049318914167, "target": "429.xyz", "model": "14.xyz", "model_rescale": 3.9786697098870705, "target_rescale": 3.9658814344196416},
{"mapping": [2, 4, 1, 5, 11, 12, 7, 8, 9, 0, 10, 13], "R": [[0.861989113779414, -0.4816293503552075, 0.15813897875666633], [0.3905097962633274, 0.8298045500502937, 0.39865587633722893], [-0.32322881484817395, -0.28188220517132717, 0.903363468189629]], "T": [-0.01373177428592845, -0.15254644638803289, -0.0004387471680819162], "aligned_model": [[0.022595552997821927, -0.510953857434869, 0.5213075817032105, 0.6102162259173647, -0.019996320634584903, 0.28035645132359854, -0.40324898252525065, 0.043113487777764664, 0.5759602633820098, -0.04453590438811187, -0.5468608874241736, -0.044599013927443046], [-0.34864840517939555, 0.020535552596539997, -0.0012553223241359157, -0.6967109644351364, 0.46070860976759415, 0.8228261671026367, -0.269818306514133, 0.1881129091458651, 0.08849485507929367, -0.7287239886416106, 0.5147236895682956, -0.03557030594137467], [-0.6206088514561223, -0.3435974158540658, -0.42564364710620817, -0.0121007895584422, -0.5293906900001413, -0.0832068398945738, 0.5382698330191069, 0.5396275269839441, 0.2564057297285264, 0.10067844139911204, 0.21844659356848903, 0.021086603044205062]], "inverted": false, "swapped": true, "error_lsq": 0.05558962916981266, "error_max": 0.3291338992184095, "target": "429.xyz", "model": "15.xyz", "model_rescale": 3.769337070930944, "target_rescale": 3.9658814344196416},
{"mapping": [4, 11, 7, 8, 3, 2, 0, 1, 6, 9, 13], "R": [[0.13673508997136674, 0.7142650206226968, 0.6863883707387392], [0.6971277030628755, 0.42289294822792833, -0.5789425877937898], [-0.7037872411409584, 0.5576621151324063, -0.4401096278806558]], "T": [-0.0014030712084792266, 0.063405875220818, -0.00984621346461649], "aligned_model": [[-0.09054528090479198, -0.3680639755592487, -0.14111139292115735, -0.5102995783822362, 0.34737563757656226, 0.41549773781585425, 0.48703109107908144, 0.08162071427833432, 0.0717434311394217, -0.2499409860881053, -0.1206812673425437], [-0.1502117149709964, -0.6341761712660698, 0.6958354516712115, 0.380895263805234, 0.2804081337840992, -0.40877555344428074, 0.3866108208812912, -0.5283870990808981, 0.5168529875243357, 0.011393031734015346, 0.04561934698740002], [-0.5941117711084888, -0.1965283923330004, -0.2001031311687843, 0.2163762300085193, -0.6665473311399666, -0.17605399024016777, 0.001323954999579588, 0.35463074084079615, 0.41027686598093, 0.6283780908313145, -0.03342365944695472]], "inverted": true, "swapped": true, "error_lsq": 0.04910376259131897, "error_max": 0.2679593227255891, "target": "429.xyz", "model": "16.xyz", "model_rescale": 3.7852294659196426, "target_rescale": 3.9658814344196416},
{"mapping": [8, 11, 1, 12, 10, 4, 3, 2, 9, 6, 7, 5, 13], "R": [[0.5455907869757389, -0.8004971163021277, 0.2480626129814238], [-0.813667400647579, -0.5768616743888233, -0.07194421272580065], [0.20068894909936105, -0.16258836186302197, -0.9660688227533756]], "T": [0.018032245021398507, 0.1923872777297245, 0.05918445142240279], "aligned_model": [[0.09654261826286084, -0.34823637410292607, 0.32738122270673586, -0.08499703737770323, -0.634395836920786, -0.5818062128072793, -0.4628745142251796, -0.049910338530557, 0.5311420825245019, 0.4828325411684259, -0.14201989159378803, 0.7650301857351468, -0.04492259462316851], [0.08133997063340032, -0.5016386823197637, -0.3184772512607087, -0.7701521798367965, -0.04738299298642504, 0.14207722951924684, 0.7447078718248682, 0.11475006118752021, -0.17034228919627245, 0.4644825336390912, 0.6528235406347399, 0.3658114978837417, 0.11705631398023301], [-0.5672789375225961, 0.2594004140461469, 0.42425426205264555, -0.26882917079355606, -0.4832495935803608, 0.23976067853045074, 0.3115008720706061, 0.7024129327180412, -0.21821823340515506, -0.2528939886502677, -0.40778989522446074, 0.3714027233496403, -0.014717366447959887]], "inverted": false, "swapped": true, "error_lsq": 0.04644736263186726, "error_max": 0.254624248224542, "target": "429.xyz", "model": "17.xyz", "model_rescale": 3.901054581598922, "target_rescale": 3.9658814344196416},
{"mapping": [3, 11, 7, 0, 1, 12, 13, 2, 5, 9, 8, 4, 10, 14], "R": [[-0.41091920184401176, 0.11530678246204637, -0.9043504605373577], [0.4605230435874962, 0.8823593363263329, -0.0967498213055851], [0.7868061615676313, -0.45623058590585963, -0.4156798246285315]], "T": [0.07651915166406063, 0.12699133120883888, 0.010912910182238007], "aligned_model": [[-0.34918168202861855, 0.797799196700015, 0.05477195729359009, -0.5705453470640038, -0.18021887012380255, 0.28978170168894357, -0.03217907838559668, -0.6156023694691668, 0.03026776625664511, 0.5041694161454714, -0.2824010554688274, 0.19701944686090003, 0.7417106819762684, 0.11050085006893945], [-0.4973879102949479, -0.11318281768271041, -0.10544562231896343, 0.016559752921970067, 0.48889500707834305, -0.5532960786378252, -0.4291359458625501, -0.056956892483365024, 0.12643790274029318, -0.1293593811972754, 0.6009329175114511, 0.9085393844008322, 0.5197721604353223, 0.08404921184046368], [-0.10015127164650914, -0.23157928301957928, -0.6097135039905487, -0.36937240310550273, -0.5264853285536475, -0.19814026209269386, 0.46523586225687524, 0.42427588986573433, 0.6337664644471593, 0.44171354257749235, 0.3058263039515295, -0.004458794963515471, 0.28604414490835955, 0.013155899491076007]], "inverted": true, "swapped": false, "error_lsq": 0.04585966856094657, "error_max": 0.3967407563108593, "target": "429.xyz", "model": "18.xyz", "model_rescale": 3.9405287249114394, "target_rescale": 3.9658814344196416},
{"mapping": [7, 11, 13, 4, 12, 9, 8, 0, 6, 5, 1, 10, 2, 15], "R": [[0.9429184931145864, 0.33091495650280933, 0.037416666143063465], [0.3008280884600494, -0.894562896837052, 0.33054452770538284], [0.1428536892627921, -0.30042056381886656, -0.943048412489393]], "T": [-0.01930614534056114, 0.15033448569775848, -0.09843441266827656], "aligned_model": [[-0.18939984714108693, 0.6453053683051134, 0.12423445466593813, -0.700161652999579, -0.3670094362374626, 0.37241568995536173, -0.1039444543817149, -0.5288587503306194, 0.012948247580948709, 0.5176570543330618, -0.23870957553574357, 0.6082919641918492, 0.5316509580368586, 0.011472594007832244], [-0.5266573164198474, 0.026661864354713516, -0.07628637040347919, -0.10300900300436105, 0.45243789736441486, -0.5061669077585464, -0.33494101548890576, 0.08325486445474187, 0.16020820595290405, -0.18694676255547082, 0.6171472528911408, 0.6228815753234759, 0.4640315755161532, 0.16780582822410525], [-0.18995370798184935, -0.3478533785861901, -0.7143637341830777, -0.18160822488521455, -0.3950402325171531, -0.16603449476037818, 0.4756876998884887, 0.35821723259065635, 0.6479874649437131, 0.43931508712867917, 0.3132297698680272, -0.125339764257414, 0.4960112863576982, -0.08013774347975572]], "inverted": false, "swapped": false, "error_lsq": 0.047080176798897276, "error_max": 0.29436882417940374, "target": "429.xyz", "model": "19.xyz", "model_rescale": 4.410303926677745, "target_rescale": 3.9658814344196416},
{"mapping": [4, 9, 12, 2, 7, 11, 6, 0, 3, 10, 1, 8, 5, 13], "R": [[0.2634390219971715, 0.1811332547652188, -0.9475181400413041], [-0.3121343573442711, 0.9453819573016756, 0.09394199153590344], [0.912782572497116, 0.2710049793391465, 0.30558841031514283]], "T": [-0.00987447880612495, 0.04902124971167561, 0.07124708264241542], "aligned_model": [[-0.3051414625429032, 0.5838119675330542, 0.13363516780339374, -0.6371561142838567, -0.19742003498388327, 0.3691556499519099, -0.09748364506049387, -0.5690280577183715, -0.056932390612339914, 0.7612179270226592, -0.330982537514174, 0.47864175583222857, 0.5077988256636816, 0.05577556335985258], [-0.5198673692383726, 0.01857383668308834, -0.04287658588303245, 0.026979953012107982, 0.48650549769480045, -0.6474775357777927, -0.4707717306833635, 0.11718779493965038, -0.031441461826264436, -0.015279023451078996, 0.7271253230231879, 0.5912033140969329, 0.5305776941222785, 0.08998198173889721], [-0.21905714150517452, -0.2758351630309091, -0.6647112765271701, -0.14003627871449725, -0.45817464158726506, -0.17032884289455358, 0.3134158558126892, 0.5138077788458311, 0.7904647136073464, 0.3476815044346454, 0.08482543171283712, -0.17051329244206104, 0.5175524306434333, 0.06102618177107805]], "inverted": true, "swapped": false, "error_lsq": 0.050371710660515975, "error_max": 0.30168900055629466, "target": "429.xyz", "model": "20.xyz", "model_rescale": 4.121658175737393, "target_rescale": 3.9658814344196416},
{"mapping": [10, 11, 12, 8, 9, 4, 1, 7, 2, 0, 5, 6, 13], "R": [[-0.01737155000416374, -0.13647350549441925, 0.9904913990280368], [0.9371246691190556, -0.3475744097780168, -0.03145447815437388], [0.348562166304597, 0.9276675115393058, 0.13393059491960177]], "T": [0.007276305974595165, -0.10856051879890713, -0.07711816765994292], "aligned_model": [[0.28560176384135266, -0.3220897367381981, 0.25862666362304343, 0.6197362897860847, 0.4369601972648728, -0.3704513203719256, -0.2393884091291457, 0.40003453160347924, -0.6213372215967807, -0.06253131318049453, -0.02382710824881777, 0.46651544227484354, 0.05323312553598052], [-0.633517243113041, 0.04865041143385118, 0.2594803543257973, -0.15728799832481077, 0.41930368197978474, -0.49965037855869665, 0.519598161255308, -0.6198052145333893, 0.058652600489751294, -0.19949291581129414, 0.4641574279170294, 0.016666147206088056, -0.13592813010319466], [0.5742974102200675, 0.6458713893810085, 0.8426965366055209, 0.1058303545450601, 0.01528222582535399, 0.23802562828961385, 0.10870033143128957, -0.27725091446439576, -0.11277510098372814, -0.651585169265726, -0.6742687885463057, -0.47822388209993294, 0.03350971854396277]], "inverted": false, "swapped": true, "error_lsq": 0.0610939526331749, "error_max": 0.42616239811800005, "target": "429.xyz", "model": "21.xyz", "model_rescale": 4.08911054899281, "target_rescale": 3.9658814344196416},
{"mapping": [8, 2, 0, 6, 7, 1, 11, 5, 9, 15, 12, 13, 3, 16], "R": [[0.07463150179123598, -0.7323961342197551, 0.6767762122890725], [0.9777328912433851, -0.07974023696735852, -0.19411308041768002], [0.19613396524119922, 0.6761933134750361, 0.7101366562080964]], "T": [0.05133244124904916, 0.08133921702622232, 0.06332701628108806], "aligned_model": [[-0.2926541066786537, 0.7383834769126388, 0.08387152576138195, -0.49199121980318367, -0.32253272636720937, 0.32269587342210143, -0.009841433813560715, -0.5167294968007579, -0.23914207828297146, 0.5230465695947056, -0.06990756495903586, 0.20731516441936393, 0.7008958465602623, 0.06248278448567584], [-0.5017488692653989, -0.11035308181780493, 0.08328808207996544, -0.036887757834918544, 0.5592978590384718, -0.5994371992238134, -0.605186761212708, -0.12529794089870283, 0.2553620735459478, -0.2594603551270674, 0.7576445679775707, 0.6850014701469107, 0.6526728935605239, 0.10552670748206153], [-0.08648472067443438, -0.048336614014249935, -0.7106347451021059, -0.4330457371082882, -0.3075861285095853, -0.24147413204853818, 0.39624272403809946, 0.42710685828992556, 0.6901349697037258, 0.5024721524643387, 0.3332926422472881, -0.15574201452396458, 0.140294774678851, 0.023877230685167672]], "inverted": false, "swapped": false, "error_lsq": 0.04670940257660177, "error_max": 0.29548473072574727, "target": "429.xyz", "model": "22.xyz", "model_rescale": 4.204369325754507, "target_rescale": 3.9658814344196416},
{"mapping": [7, 11, 13, 4, 12, 9, 8, 0, 6, 5, 1, 10, 2, 15], "R": [[0.9429184931145864, 0.33091495650280933, 0.037416666143063465], [0.3008280884600494, -0.894562896837052, 0.33054452770538284], [0.1428536892627921, -0.30042056381886656, -0.943048412489393]], "T": [-0.01930614534056114, 0.15033448569775848, -0.09843441266827656], "aligned_model": [[-0.18939984714108693, 0.6453053683051134, 0.12423445466593813, -0.700161652999579, -0.3670094362374626, 0.37241568995536173, -0.1039444543817149, -0.5288587503306194, 0.012948247580948709, 0.5176570543330618, -0.23870957553574357, 0.6082919641918492, 0.5316509580368586, 0.011472594007832244], [-0.5266573164198474, 0.026661864354713516, -0.07628637040347919, -0.10300900300436105, 0.45243789736441486, -0.5061669077585464, -0.33494101548890576, 0.08325486445474187, 0.16020820595290405, -0.18694676255547082, 0.6171472528911408, 0.6228815753234759, 0.4640315755161532, 0.16780582822410525], [-0.18995370798184935, -0.3478533785861901, -0.7143637341830777, -0.18160822488521455, -0.3950402325171531, -0.16603449476037818, 0.4756876998884887, 0.35821723259065635, 0.6479874649437131, 0.43931508712867917, 0.3132297698680272, -0.125339764257414, 0.4960112863576982, -0.08013774347975572]], "inverted": false, "swapped": false, "error_lsq": 0.047080176798897276, "error_max": 0.29436882417940374, "target": "429.xyz", "model": "23.xyz", "model_rescale": 4.410303926677745, "target_rescale": 3.9658814344196416},
{"mapping": [7, 14, 11, 1, 10, 13, 12, 0, 5, 6, 4, 9, 15, 16], "R": [[0.02555972626464232, -0.45291127902291817, -0.891189134654985], [-0.051558588060549804, 0.8896966669163412, -0.4536315166246232], [0.9983428330941628, 0.05754315086765416, -0.0006110627981730857]], "T": [0.021599087175383665, 0.12347256688862285, 0.013405845186984032], "aligned_model": [[-0.23684068717507395, 0.6473407261934699, 0.11296569404244539, -0.6747608162157714, -0.19581861607075488, 0.35682432994676117, -0.0525668236683563, -0.5517101081312997, 0.08167594913361488, 0.5661696688828685, -0.261078749440218, 0.37365200277756455, 0.6266963496967095, -0.09665630552120241], [-0.4384161369130227, 0.006521685864988663, 0.07845869928391673, 0.005615953395286005, 0.6372319544803491, -0.49438912706861937, -0.44631565761024583, -0.22792691537140686, 0.19333145059112108, -0.2067149462226588, 0.6337380361961964, 0.5536496162585157, 0.42096222069091926, 0.14467485487569903], [-0.23035810673390392, -0.21663737388584609, -0.6113720205250053, -0.47396265315413844, -0.322100906238622, 0.020994493175605575, 0.5755594111054463, 0.3572383356970487, 0.6355895322545775, 0.4285168875406609, 0.3789284361574948, -0.2754305002403195, 0.24722500523281227, 0.015926719740418992]], "inverted": true, "swapped": false, "error_lsq": 0.042497379454394864, "error_max": 0.2965103916808923, "target": "429.xyz", "model": "24.xyz", "model_rescale": 4.28219845311461, "target_rescale": 3.9658814344196416},
{"mapping": [7, 1, 5, 9, 11, 3, 4, 13, 2, 0, 14, 8, 6, 15], "R": [[-0.7061943463651742, 0.030236915702779255, -0.7073720902683733], [-0.589231590516538, 0.528830354868841, 0.6108556200172403], [0.39255022340996804, 0.8481887671374096, -0.3556404608628011]], "T": [-0.04629451059068839, 0.09042218747832319, 0.02805872211114442], "aligned_model": [[-0.47418356339551576, 0.49941500210394035, 0.23042701991785824, -0.43858392918907124, -0.2795694423519514, 0.17916639870821766, 0.16170964351654904, -0.5271693967292437, -0.02802682622644561, 0.5887391227380051, -0.2576366272603398, 0.47308528915281706, 0.5603644044479524, 0.00815551901798485], [-0.5592973027075617, -0.12539002648213332, 0.22252351782315016, -0.13448586557743758, 0.4798451391066137, -0.564703390942921, -0.5180750940666544, -0.025401247871238472, 0.2050088939720036, -0.03262053859671228, 0.7454498799404542, 0.454015721567145, 0.638492912344215, 0.0750590899421156], [0.04599049036211987, -0.22787801793754064, -0.7664569253044845, -0.47433461343907907, -0.27262323977796316, -0.31838492371911925, 0.3760729506309235, 0.3570887095622308, 0.7028299446679597, 0.5251974795392781, 0.3542762212186516, -0.2547670590970424, 0.4072428150134401, 0.0758634284068556]], "inverted": false, "swapped": false, "error_lsq": 0.05148129166632063, "error_max": 0.3038197003558868, "target": "429.xyz", "model": "25.xyz", "model_rescale": 4.100010024507729, "target_rescale": 3.9658814344196416},
{"mapping": [9, 6, 2, 3, 12, 11, 1, 4, 7, 10, 8, 13], "R": [[-0.6376111904039946, 0.1325605216541733, -0.7588673652031522], [0.2801047336961491, 0.9575522675634196, -0.06808078322965086], [0.7176303421906088, -0.25597141047962124, -0.6476768708117211]], "T": [0.05183986798914576, -0.12278421902791314, 0.01294263669500207], "aligned_model": [[-0.6198422330800534, -0.29358922364765505, 0.4322852999184159, 0.7824131212922955, -0.5517362226740777, 0.0590348077730042, -0.18764312567213337, 0.5174619301994978, 0.11090788138179293, 0.03513677728658145, -0.41937149382960587, 0.01170808341494406], [-0.15573714953285828, -0.6163416574196521, -0.04141989734646975, -0.2562994072932795, 0.6995819100157414, 0.6395713192459612, 0.06596061911765172, 0.28838810775569274, -0.3631372466646324, 0.4928227276762609, -0.0650734795289758, -0.022184455974801176], [0.15281383847979546, -0.1437350388178131, 0.5354631929255665, -0.2071240394281571, 0.07697410821343559, 0.2862070368130267, 0.6430050188680834, -0.08233833259130996, -0.615089743806988, -0.6180375309288781, -0.4178485933082505, -0.04509762656415448]], "inverted": false, "swapped": true, "error_lsq": 0.0486981705268875, "error_max": 0.31994280093801847, "target": "429.xyz", "model": "26.xyz", "model_rescale": 3.6694154284099745, "target_rescale": 3.9658814344196416},
{"mapping": [10, 0, 2, 11, 12, 4, 8, 9, 7, 5, 3, 6, 1, 13], "R": [[0.5831945606521554, 0.24816245345874632, 0.7734982230872125], [-0.7076925215517245, 0.6226954649777812, 0.3337988209024516], [-0.3988175013279902, -0.7420685646147804, 0.5387753205604894]], "T": [0.040360168757388744, 0.006497944116365895, 0.08267613228079787], "aligned_model": [[-0.27238263748277675, 0.6504449009635948, 0.15449901018885542, -0.5439243112467053, -0.4072578803073988, 0.32485112541508926, -0.06101599855748454, -0.6092391429165734, 0.037888696012818086, 0.6929559620897533, -0.2627608641274162, 0.21266551895416713, 0.7273759764423875, 0.05179225902244733], [-0.4593818980413992, -0.0824386178160117, 0.04581471908836415, 0.03318966468801393, 0.5454295572933119, -0.7150702107482929, -0.5105633154915656, 0.02280766250550792, 0.2142478991480613, -0.07487801821039178, 0.6678078831347891, 0.6188798946765937, 0.5458130026428929, 0.008763465581164498], [-0.13420777608660248, -0.15569385453312934, -0.5863202520784649, -0.5450775357486788, -0.2900484467683674, -0.18923352836796328, 0.44423901608284877, 0.2891180437937806, 0.6767824971055192, 0.522534271913846, 0.4342696821531481, -0.17517972808698154, 0.2122724336678619, 0.02666243707941307]], "inverted": true, "swapped": false, "error_lsq": 0.03797504740440597, "error_max": 0.21789022462068672, "target": "429.xyz", "model": "27.xyz", "model_rescale": 4.103607728864725, "target_rescale": 3.9658814344196416},
