[{"mapping": [3, 0, 4, 12, 11, 10, 8, 7, 5, 6, 9, 13], "R": [[-0.2248845757191865, -0.0636047928228285, -0.9723072343316008], [0.28178349027715366, 0.9509844897536675, -0.12738353447436557], [0.9327513024439187, -0.30262671821556286, -0.1959389629738087]], "T": [0.08935945083510988, -0.09847723920216996, -0.18382136455248066], "aligned_model": [[-0.43433068849743617, 0.1635554679540288, 0.3698028742273872, -0.15567617294965358, 0.12160417519324762, -0.5260674657089928, 0.36790278066379156, -0.18469659493310753, 0.5774773584568843, 0.11788052758347212, -0.635922887418415, 0.05611308788934206], [-0.12254059654911008, -0.6734651993427018, -0.25496732103339037, 0.4989407745737732, 0.39516362834684865, -0.6226057903958323, -0.20820870169584565, -0.4777984479553336, 0.18837850246678906, 0.27438653954890163, 0.1282695192207266, -0.07199787120776802], [-0.4538301031705967, 0.0020748247671786846, -0.5627789220725744, -0.06627533851193046, -0.6477166847708025, 0.034506318656464696, 0.6241219706272182, 0.6462655472951097, -0.11141855657254124, 0.4370918760792585, 0.32793550255658166, -0.04802468952980338]], "inverted": false, "swapped": true, "error_lsq": 0.042975302736515286, "error_max": 0.2677233153197248, "target": "43.xyz", "model": "0.xyz", "model_rescale": 3.751011558992144, "target_rescale": 3.9240287522075414},
{"mapping": [8, 1, 10, 9, 6, 7, 3, 2, 0, 13, 5, 11, 12, 14], "R": [[0.10485209014831615, -0.7524813585986425, 0.6502136911455114], [-0.8379189080885499, -0.4189905494526117, -0.3497696712653784], [0.5356285491450412, -0.5081522650062081, -0.6744503932164609]], "T": [0.03631462503236085, -0.14328516883704037, 0.02989360221765443], "aligned_model": [[0.018232057025554374, -0.1085383086656996, -0.6649525894993903, -0.029730209727672235, -0.4602554632637653, 0.11313205048674055, 0.748332164506201, 0.7222808686753638, 0.516618487633046, 0.5623805839483428, 0.16676057570527705, -0.35620842446560863, 0.3123362850595107, 0.04140858921154206], [-0.8002996507528474, -0.388256229815143, -0.10825532861424117, 0.16455915983742178, 0.17522884467171077, 0.21145344587599643, 0.08253417728920581, -0.5677264174288998, -0.33706201790653967, 0.044912510746402484, -0.37222064586588754, 0.5499715706724555, 0.545758850525619, -0.09220832638168013], [0.12167183180972957, -0.6062607472276388, 0.4535101177664521, 0.6087369060908042, -0.43453369659052854, -0.5250267724085441, -0.12961356348190914, 0.21165729788925977, -0.5244197124655163, 0.493939331181724, 0.596160719668627, 0.07518971313408364, -0.00181580732617816, 0.04910349907055338]], "inverted": true, "swapped": false, "error_lsq": 0.0494245202665265, "error_max": 0.3423152029396482, "target": "43.xyz", "model": "1.xyz", "model_rescale": 3.9405287249114394, "target_rescale": 3.9240287522075414},
{"mapping": [7, 8, 9, 4, 5, 10, 0, 1, 11, 3, 2, 10, 13], "R": [[-0.33442529830564116, 0.03860403543901719, -0.9416312698190338], [0.6768107722055381, -0.6854550507105895, -0.26847449056080963], [-0.6558101085525642, -0.7270908484523555, 0.20310588277326608]], "T": [0.06463135023891517, -0.17171256033098548, -0.08851726355611536], "aligned_model": [[-0.3453773938704031, 0.22066977399136953, -0.7092089418158001, 0.3847456528804247, 0.5548759680916592, -0.6066905272447197, 0.07620521910010526, 0.7163210288152219, 0.1918496294181972, -0.41687467619676055, 0.021622846763847348, -0.6066905272447197, 0.014535226595509876], [0.6883487257307225, 0.6377463707866402, 0.07707012926371393, -0.39993026605086873, -0.155242905669135, 0.15285282887763896, 0.2507812378320657, 0.19970081822261776, -0.7910416969286302, -0.48193582204495056, -0.8053247335007945, 0.15285282887763896, -0.06704492182464235], [-0.10345014085829644, -0.3391725297308086, -0.5111542584131377, 0.2151108014797277, -0.38036729356232246, 0.2924187546653656, 0.3497048633838581, 0.3595047495247743, -0.33380653459709964, 0.051656202295197434, 0.391128833545737, 0.2924187546653656, -0.17087185280971695]], "inverted": false, "swapped": true, "error_lsq": 0.059388014675193286, "error_max": 0.37098484381211777, "target": "43.xyz", "model": "2.xyz", "model_rescale": 3.932901565614263, "target_rescale": 3.9240287522075414},
{"mapping": [3, 11, 8, 7, 8, 12, 6, 2, 1, 4, 0, 9, 5, 13], "R": [[0.3591074300648383, -0.7055482565329599, -0.6109365853961672], [-0.19612574635624785, -0.6970329414747415, 0.6896954183661619], [-0.9124563251402407, -0.12785435542980492, -0.38868588668640525]], "T": [0.10952690189854508, -0.13175472062347965, -0.0005293716762416398], "aligned_model": [[-0.18475805051175848, -0.40850799103360236, -0.6244779610348984, -0.14112334339429772, -0.6244779610348984, 0.22557455307630514, 0.6793930106446562, 0.9077143044938406, 0.5089281860785839, 0.6666998827614398, 0.37294435585573693, -0.2807360615401621, 0.33510765528501674, 0.14951608698348004], [-0.5146773859468212, -0.40547971439416025, -0.12691969128682923, 0.19496299000178458, -0.12691969128682923, 0.4635832336613442, 0.1663569363721985, -0.3020445242957052, -0.7029182351339183, 0.04887061275136789, -0.5783588377857153, 0.49069678191542093, 0.5440427806273609, -0.042805312345925384], [0.16515731230214165, -0.6746385437377469, -0.000986770057942614, 0.5827137503968493, -0.000986770057942614, -0.46446414403505215, -0.2309080138017982, 0.16709552588301216, -0.2515661713681864, 0.6476674833588296, 0.4238599974501043, -0.007001291325675139, 0.09544326327445277, -0.06308651117012723]], "inverted": false, "swapped": false, "error_lsq": 0.06541776692978525, "error_max": 0.40339466956109293, "target": "43.xyz", "model": "3.xyz", "model_rescale": 3.9243930471874484, "target_rescale": 3.9240287522075414},
{"mapping": [2, 4, 11, 3, 12, 0, 10, 5, 6, 8, 9, 7, 13], "R": [[-0.026113443548980153, -0.9609755609601991, -0.2753980016326283], [-0.6382361798823752, -0.1960080798201399, 0.7444698861165402], [-0.7693975999151328, 0.19520964085426873, -0.6082109250600328]], "T": [0.021081767012550014, -0.09458153971253103, -0.2546670811622479], "aligned_model": [[0.1675062045406107, -0.09004916481112563, 0.5963688513325741, 0.2615884035975805, 0.5948493186384347, -0.5728471688558974, -0.3073070791034872, 0.08867403989469086, 0.14299363295730994, -0.42828557669359335, 0.3008362274518457, -0.48928596522514894, 0.012164162587558805], [-0.7727312329675707, -0.2658833861761304, -0.164979913269091, -0.5871682952733629, 0.12188073763379273, -0.19080642035544562, -0.5368493838601249, 0.3642317758198073, 0.5169152292091811, 0.5639079447573866, -0.052938994236784664, 0.14090760510854428, -0.008656112708614577], [-0.6445996053992745, -0.7074938507190844, -0.6068158226041223, -0.03729649406338678, -0.020781024432078687, -0.1615929819193223, 0.37595794594843723, -0.5873968529136452, 0.11490469840891382, 0.07222801296945203, 0.6167381024014565, 0.514816653178335, -0.14159846548471644]], "inverted": true, "swapped": true, "error_lsq": 0.058651975746285494, "error_max": 0.41296736891811675, "target": "43.xyz", "model": "4.xyz", "model_rescale": 3.8936222436046832, "target_rescale": 3.9240287522075414},
{"mapping": [10, 3, 9, 7, 12, 11, 4, 5, 8, 0, 6, 13], "R": [[-0.42128008599574573, 0.7773164841891171, 0.4672281803907887], [-0.6363086875491302, -0.620426608332654, 0.45845618964339807], [0.6462463487656396, -0.10416288725217832, 0.7559866067771106]], "T": [-0.1711733298722004, -0.11535238202080624, 0.15465651578496867], "aligned_model": [[0.028290899831730942, -0.5661932077762466, -0.22668064135259208, 0.5269774087271073, -0.5219336818380295, -0.7687940716825907, -0.24143410839632887, -0.08034960746224878, 0.5858112102149633, 0.31552997608564276, 0.07821174162404304, -0.10188787576035338], [-0.6029633433786189, -0.4069199091885324, 0.13505526051524375, -0.09007281422915675, 0.3729014186536123, 0.07182784450942388, -0.3588759844619921, 0.28643878824178404, 0.267542459805707, -0.47962301398838114, 0.5084982595567203, -0.034886060926002146], [-0.4961718613399553, -0.1719668135916451, -0.7248652887217936, -0.4934037179111366, -0.10867447358259483, 0.4149119830436415, 0.5818639219618372, 0.5497544553132659, 0.0037732513517625133, 0.12148431172643223, -0.11735738980322771, 0.059936340828931275]], "inverted": true, "swapped": true, "error_lsq": 0.03861799190672734, "error_max": 0.24107533943520204, "target": "43.xyz", "model": "5.xyz", "model_rescale": 3.6523030999806103, "target_rescale": 3.9240287522075414},
{"mapping": [1, 4, 11, 5, 12, 0, 3, 8, 10, 7, 9, 6, 13], "R": [[-0.32971060526766466, -0.6348889672836467, 0.6987180518603591], [0.05043966030642033, -0.7508923633599415, -0.6584956334827855], [0.9427336619863553, -0.18186989269592316, 0.27960075945635454]], "T": [0.06112450443327312, 0.025925473186369154, 0.2114188987581776], "aligned_model": [[0.05765624802339399, 0.0009640371913384183, 0.3501369249545773, 0.5804781794198929, 0.42175706052284856, -0.3018207572007529, -0.3217085025262076, 0.3360948168855721, -0.643205150933736, -0.18226000855561408, -0.04127180969535375, 0.5268490540176335, 0.09741281256070217], [-0.7876511292488116, -0.10740253962131682, 0.4952801103034528, -0.1568728521150074, 0.5123326887727553, -0.4534438118770498, 0.47436982115223675, -0.5560060401265492, 0.03145736383567025, -0.3570706033556048, 0.44998382294318845, -0.014115025661864546, 0.009965099162084132], [0.5299344278992988, 0.6861302310635093, 0.6065112194694857, 0.3618981578532189, -0.041800351022136306, 0.11576628738950416, 0.20295239470252302, -0.3614221388757964, -0.24136928549045084, -0.6265032700876876, -0.5942070470289909, -0.3425409410151146, 0.07476005462442603]], "inverted": true, "swapped": true, "error_lsq": 0.05852212190252, "error_max": 0.33672178310878836, "target": "43.xyz", "model": "6.xyz", "model_rescale": 4.08911054899281, "target_rescale": 3.9240287522075414},
{"mapping": [2, 13, 5, 4, 12, 11, 9, 0, 1, 3, 6, 10, 8, 14], "R": [[-0.26535374404677026, -0.952204974577683, -0.15130458324147092], [-0.8612813153667671, 0.16357247279251952, 0.4810805981793822], [-0.43333807393356616, 0.25797234839039346, -0.8635209210815294]], "T": [0.026041477309990083, -0.07514554467005598, 0.02480847923369257], "aligned_model": [[0.16235294723579824, -0.26529325723671593, -0.6173577332350955, -0.04406455878955744, -0.569301941802732, 0.02582120574844582, 0.7215889109871902, 0.7901097275163489, 0.5076558767194732, 0.5891393459126454, 0.1549137453595819, -0.29900439111714033, 0.2703501915178367, 0.15488659781336278], [-0.8678078451087097, -0.46394558946942704, 0.07268300452271932, 0.20661252876553987, 0.03296246329411544, 0.2037523424402592, 0.22159492659260044, -0.5509068178212015, -0.39275858749626347, -0.024619389970151964, -0.39774356146762463, 0.5575512801127515, 0.5314044827110427, -0.02038929425207677], [-0.032158212097483416, -0.5227799793391948, 0.4051838274055318, 0.6671067132796265, -0.3518621858630063, -0.49166706036426155, -0.18187042178832194, 0.297768372075265, -0.4280884010420671, 0.5787212289805833, 0.38322921599358656, -0.09058133760553015, 0.21861067150994376, -0.06331331403375312]], "inverted": false, "swapped": false, "error_lsq": 0.045547963937854895, "error_max": 0.3094119364958814, "target": "43.xyz", "model": "7.xyz", "model_rescale": 3.964800864290218, "target_rescale": 3.9240287522075414},
{"mapping": [6, 11, 10, 5, 9, 12, 7, 0, 2, 1, 3, 8, 8, 13], "R": [[0.4740488427020201, -0.18391102279927052, -0.8610774822429176], [0.594662554041209, -0.6543403302417509, 0.4671350757974648], [-0.6493490136698924, -0.7334953768852557, -0.20082427775021425]], "T": [0.17730481018703456, -0.1954321161844645, -0.006666924882846936], "aligned_model": [[0.018478797033940647, -0.418222581679521, -0.581420535828524, -0.15196194799450077, -0.3321468232834094, 0.09818085561544912, 0.5870662463222188, 0.6591783754098959, 0.7629558245497107, 0.7401599703130934, 0.1014934752120758, -0.018707406030726487, -0.018707406030726487, 0.1354498230204661], [-0.7491590043139338, -0.44891751097221716, -0.07291611371297296, 0.15328077416289093, 0.19794850734534236, 0.16677054880484982, 0.33040442492059113, -0.5946896293907843, -0.3585382271132501, 0.1833684999670025, -0.6411649323089327, 0.5372710328172519, 0.5372710328172519, -0.13253946016951643], [-0.07497983791461768, -0.5245719399769234, 0.2839525711238872, 0.6782078410638892, -0.2507313527993525, -0.6648641343696101, -0.25655622528767724, 0.3419742628882735, -0.2693797218831974, 0.31399497353218553, 0.5603759251924122, 0.11896303947140828, 0.11896303947140828, 0.012950676598832669]], "inverted": false, "swapped": false, "error_lsq": 0.05947392022130077, "error_max": 0.3525405347765009, "target": "43.xyz", "model": "8.xyz", "model_rescale": 4.121658175737393, "target_rescale": 3.9240287522075414},
{"mapping": [9, 6, 8, 7, 12, 3, 5, 4, 1, 11, 10, 0, 13], "R": [[-0.2464830527946419, -0.5899033396431902, -0.7689344279994524], [0.19570116475539379, -0.807364729339776, 0.5566536157535429], [-0.9491823632992853, -0.013275680619906471, 0.31444649386765666]], "T": [-0.03595564107183053, -0.11493243877592396, 0.12125071363437684], "aligned_model": [[-0.7155572278143675, -0.14888625327502744, 0.3368273232496382, 0.01807035803968552, -0.5483824533781428, -0.49015723135931194, 0.22879102618643504, 0.24549085835858026, 0.8342900153780836, -0.3177661916053642, -0.2525078262579581, 0.3510459249593379, -0.06452082604639117], [0.25726123867228834, -0.22499226759228586, 0.07909971692177434, 0.5924059428444359, -0.4148622138287376, 0.0977097932854975, -0.5772942087550786, -0.26247453401436566, -0.06409995335036905, -0.6663684659428298, 0.6937096085925425, 0.35506688624414795, -0.07477410366530984], [-0.3675817765252654, -0.5862149128264051, -0.6309355647444228, -0.5149797337346833, -0.158443226971899, 0.4314431098264075, -0.08348880553637872, 0.5030434426486103, 0.18006920555710398, 0.397694230531239, 0.13944948715303213, 0.12325541724128046, -0.012235438659529918]], "inverted": false, "swapped": true, "error_lsq": 0.044474460482094684, "error_max": 0.28629978122040195, "target": "43.xyz", "model": "9.xyz", "model_rescale": 3.833441315466971, "target_rescale": 3.9240287522075414},
{"mapping": [7, 3, 6, 12, 4, 5, 13, 8, 9, 10, 11, 1, 0, 14], "R": [[0.2203382914379356, -0.1562594484795403, 0.962826060141229], [-0.08804769963311115, -0.9862417066803398, -0.13991032339883988], [0.9714415267608899, -0.05394701813001734, -0.23106509757934185]], "T": [0.0849957582727801, -0.05096001337777607, 0.06002810734022604], "aligned_model": [[-0.039510186046624166, -0.14439491629418127, -0.5806500200179446, -0.14574589643912195, -0.5420336700085102, 0.04605221113748749, 0.6157718540414696, 0.7516527054885311, 0.4705871865882318, 0.7213605296662645, 0.2035306841262342, -0.21907651885604207, 0.3441866792049218, 0.10006602403872565], [-0.702742248400585, -0.5905395662810832, 0.04629136277040624, 0.09051714757879191, -0.03829344606203876, 0.3898324407604798, 0.3806269846317871, -0.4445893652782068, -0.6464809526347929, 0.056135035414355744, -0.48554958038396745, 0.6049100348410994, 0.570677313954146, -0.12240521805681948], [0.11996277777079833, -0.5807180781794489, 0.15323452195818904, 0.5983240844933675, -0.43250233256365744, -0.451460518123044, -0.34947884098213766, 0.15049252259927762, -0.33314384975845235, 0.5692674143201559, 0.5722960651961295, 0.21163108569120623, 0.16107295618290277, -0.0006786914943681596]], "inverted": false, "swapped": false, "error_lsq": 0.050369942635318396, "error_max": 0.347807360133108, "target": "43.xyz", "model": "10.xyz", "model_rescale": 4.2482417240324, "target_rescale": 3.9240287522075414},
{"mapping": [8, 5, 4, 11, 7, 10, 0, 3, 12, 9, 6, 13], "R": [[0.7579844867708427, -0.43710353961508813, -0.4841487513881487], [-0.2515403139467115, 0.4889548915038291, -0.8352548021616332], [0.6018197307120564, 0.7548931114604506, 0.26067106090862485]], "T": [0.139102644097043, -0.06441975928224031, 0.08153630286449459], "aligned_model": [[-0.7224347193025636, -0.048396606903083755, 0.3791241267207719, 0.6311896065351706, -0.5996765185292844, 0.06346545234054421, -0.13963453428587488, 0.5597678561471756, 0.19357748564169208, -0.06916386190958648, -0.3979261457318809, 0.02687346163992667], [-0.06591590617097115, -0.6009848893841663, -0.30396024509890507, -0.44006163042689095, 0.5367162885669244, 0.761186402251759, 0.2019188060032201, 0.3271480036675626, -0.13245627983177288, 0.5416249136283483, -0.13898894529390313, -0.020095127860565568], [0.0692502813242433, 0.029292959690627035, 0.44451913079295274, -0.1953454454059576, 0.05193262575891829, 0.19893087811830157, 0.5527506389104848, -0.05056438797547852, -0.5689799012808789, -0.5731991937931731, -0.3995183895641954, 0.006123093278512348]], "inverted": true, "swapped": true, "error_lsq": 0.047954683341438716, "error_max": 0.25771863352943114, "target": "43.xyz", "model": "11.xyz", "model_rescale": 3.6694154284099745, "target_rescale": 3.9240287522075414},
{"mapping": [4, 1, 5, 6, 0, 12, 10, 8, 2, 9, 11, 5, 7, 13], "R": [[0.0337756271628602, 0.7809547076683786, 0.6236737541217785], [-0.853636095942851, -0.30199712514213495, 0.42438561722722584], [0.5197736264117325, -0.5467243189912836, 0.6564509854591687]], "T": [0.13646089631509645, -0.10191964472320855, 0.030261878234393528], "aligned_model": [[-0.17057627602495212, -0.04665135912406665, -0.3837134813877236, -0.24470790413098326, -0.5436959800566772, 0.06807210387855439, 0.6123219413909557, 0.7565692593327904, 0.5055737900819397, 0.7887318598735236, 0.29145073500788765, -0.3837134813877236, 0.2938960364640092, 0.038239422711907736], [-0.7664140808706331, -0.5726382142678076, 0.5065469107289323, -0.055935484918627695, -0.2159638586192648, 0.2705420885643507, 0.2722223062659096, -0.5299271311529199, -0.32251645204601953, 0.03962987669337395, -0.41998038966310736, 0.5065469107289323, 0.5505193360580214, -0.15424187464756772], [0.13913781166706624, -0.6489784505855543, 0.09156326610100196, 0.44553363993657497, -0.15713717519566173, -0.5339754216421633, -0.1623591320365774, 0.10006919150976731, -0.4610692663578932, 0.4765718489670515, 0.6782157047817281, 0.09156326610100196, 0.34917075467558967, -0.020006920811013258]], "inverted": false, "swapped": false, "error_lsq": 0.06225122379857111, "error_max": 0.5871204467076434, "target": "43.xyz", "model": "12.xyz", "model_rescale": 3.9764082729961374, "target_rescale": 3.9240287522075414},
{"mapping": [13, 12, 5, 4, 9, 1, 8, 11, 10, 3, 14, 0, 7, 15], "R": [[0.8306598505353298, -0.13979827288604119, -0.5389440189914942], [0.5166148554811709, -0.1674594976031373, 0.8396823255009445], [-0.20763743353449798, -0.9759168814815047, -0.06688001670620401]], "T": [0.04004774485112095, -0.0814901613034694, 0.03411912246744954], "aligned_model": [[0.013500887388999128, -0.1772648536994908, -0.7830886999164198, -0.25962381363522447, -0.4148797103627193, 0.14142904190228484, 0.7024277556254753, 0.7116762886361421, 0.501344010964043, 0.7339980413195379, 0.3808449316204361, -0.2618515215868435, 0.22593093341763265, 0.06735337495558892], [-0.6917425297418904, -0.44689624396081185, -0.004327552132639717, 0.27357620268927796, 0.1340406174268427, 0.041889063747316296, 0.08104607846037842, -0.5047060796407384, -0.3819902170110031, 0.05646799941201103, -0.5644026399599059, 0.5780683879240412, 0.5883333590618499, -0.05096650342115537], [0.07110367817767037, -0.44176654049841907, 0.17310196628682745, 0.5818312329548504, -0.29464617440888874, -0.5805531297898708, -0.1515890592008448, 0.05277614228747332, -0.5515876047846037, 0.4900182113423993, 0.5721347867590079, 0.0033411016184470427, 0.33045945164447454, 0.13367505472239521]], "inverted": true, "swapped": false, "error_lsq": 0.047357948288340064, "error_max": 0.22638928645641954, "target": "43.xyz", "model": "13.xyz", "model_rescale": 4.170626492500431, "target_rescale": 3.9240287522075414},
{"mapping": [10, 8, 12, 11, 12, 4, 2, 1, 0, 3, 9, 5, 6, 13], "R": [[0.3524960410846276, 0.6611541548107405, 0.6622852290336542], [0.6372048583175944, -0.6878773475595816, 0.34755535278693245], [0.6853586721973531, 0.2994994796170604, -0.6637646813088138]], "T": [0.22354047027565838, -0.1260341529847621, -0.030434244852066857], "aligned_model": [[-0.1776241108214573, -0.21192866250017722, -0.49487444593201846, -0.007543235339451171, -0.49487444593201846, 0.003256737545260624, 0.6852797978048939, 0.7139122051342511, 0.6361688729947906, 0.6933696175328236, 0.17749290186920658, -0.36972415520952706, 0.24643308564066146, 0.18245250384220368], [-0.49239785612961773, -0.4411063564222859, -0.02289206480826303, 0.0833800079472427, -0.02289206480826303, 0.19045886966345324, 0.22493781276934474, -0.6631987830287308, -0.4048632951142326, 0.09256660505748276, -0.564364637805417, 0.5223958758153563, 0.6665169306195066, -0.060151100902003124], [0.1217922996991149, -0.5429305217413811, -0.12502726258107588, 0.6039202942910525, -0.12502726258107588, -0.6257244046081134, -0.34115540586929083, 0.2181702437977689, -0.35884026991355, 0.4244810059374009, 0.6493101526861705, 0.2036499499463585, 0.25032895620807377, 0.03535134183946591]], "inverted": true, "swapped": false, "error_lsq": 0.05239341786449846, "error_max": 0.5037458370714715, "target": "43.xyz", "model": "14.xyz", "model_rescale": 3.9786697098870705, "target_rescale": 3.9240287522075414},
{"mapping": [5, 12, 8, 1, 6, 7, 2, 10, 0, 4, 9, 13], "R": [[0.09759065734806674, -0.864576701810717, -0.4929332513479643], [0.8505027443998378, -0.1847653148314086, 0.4924498555219558], [-0.516837639270513, -0.4672995881887267, 0.7172934891046552]], "T": [-0.0979711143912104, -0.15957786360852538, 0.007211409050652932], "aligned_model": [[-0.02531962970061233, -0.6079562183735879, 0.4880214528275194, 0.6634025636043513, -0.07731157735865203, 0.4121728329362019, -0.39349499571639013, 0.06842801761334508, 0.44439491786890395, -0.010005191447164968, -0.40560054449589567, -0.07337703099068234], [-0.426068830698421, 0.09094410502675104, 0.26508130396495616, -0.5849416038903841, 0.28948186700674255, 0.6452112326568029, -0.6434178358212033, 0.40927696238563577, -0.06919364810957407, -0.6296452574667211, 0.7033863086177139, -0.03544011344785965], [-0.4922801335250265, -0.3213030431317376, -0.4604178413973345, -0.045199181916092235, -0.5613768810016181, 0.017372136897835278, 0.5657264157254147, 0.5986871235563447, 0.2686370717265107, 0.14154357745823734, 0.00642092918206472, -0.05784367970076851]], "inverted": false, "swapped": true, "error_lsq": 0.05438551347906003, "error_max": 0.3137044040064914, "target": "43.xyz", "model": "15.xyz", "model_rescale": 3.769337070930944, "target_rescale": 3.9240287522075414},
{"mapping": [4, 1, 3, 10, 11, 5, 12, 8, 9, 7, 13], "R": [[0.3570413405281323, 0.8716707520608864, -0.33572545503057005], [-0.003860897825887999, 0.3607890932611968, 0.9326394392538531], [0.9340806039212315, -0.3316946339411786, 0.13218205321742904]], "T": [-0.008468508765225287, 0.04573750639793216, -0.18218734073717113], "aligned_model": [[-0.15831581533895536, -0.3764260776507996, -0.16818671719245182, -0.6059674817599515, 0.4150211305111657, 0.37330345102956114, 0.5415574792876292, 0.04704344735980792, 0.14279395893863703, -0.3174707901199705, 0.029273545626498587], [-0.13770300419415898, -0.7340080709181275, 0.6066122939823289, 0.4358881335015456, 0.2630663604882937, -0.3650378872219021, 0.37196321153138473, -0.47626101487609407, 0.6188218207953236, -0.02967622961641804, 0.04239888415316656], [-0.6188128709383137, -0.32352071008923755, -0.2696212739670617, 0.2558828254230455, -0.6652448850207298, -0.2884945445561309, -0.03448490297066131, 0.5010664772757606, 0.5164096018032928, 0.7160698247731647, -0.0450319345093515]], "inverted": false, "swapped": true, "error_lsq": 0.05114945182916844, "error_max": 0.2771979308415856, "target": "43.xyz", "model": "16.xyz", "model_rescale": 3.7852294659196426, "target_rescale": 3.9240287522075414},
{"mapping": [8, 9, 10, 7, 6, 12, 11, 3, 0, 1, 5, 4, 13], "R": [[0.5841640195199158, 0.8077374586133985, 0.07945184863238686], [0.6413243583995951, -0.5193649130923208, 0.56476823066808], [0.49744895780540443, -0.2789628738763893, -0.8214160026301793]], "T": [0.0324671091620118, 0.22377048961749207, 0.11165058849241133], "aligned_model": [[-0.024028698848270677, -0.511091861172731, 0.2938412578993954, 0.07472138738153089, -0.4810128115190181, -0.6159240664433356, -0.2824491278916447, -0.004571999368553618, 0.5293044772056007, 0.6824628911794549, -0.12591148487083387, 0.3577177419584184, -0.039291855293729694], [-0.1554527230410277, -0.497752959127812, -0.5252255503477865, -0.6384488602239478, -0.014102243424961497, 0.21627287265322023, 0.7342587296593575, 0.04277802101732567, -0.06853391458031188, 0.45391301796239947, 0.6098831211095783, 0.5930000894022773, 0.12446602264456316], [-0.659969649689923, 0.2642651760992031, 0.37963657978089976, -0.2918688603373743, -0.3412611420330178, 0.21314185650340572, 0.4281145151931703, 0.6716550142609699, -0.08426868434346235, -0.4249227607741088, -0.27773448008023327, 0.17968012873355782, 0.039287003830086834]], "inverted": true, "swapped": true, "error_lsq": 0.044174284193231036, "error_max": 0.357619693868379, "target": "43.xyz", "model": "17.xyz", "model_rescale": 3.901054581598922, "target_rescale": 3.9240287522075414},
{"mapping": [8, 1, 10, 9, 6, 7, 3, 2, 0, 13, 5, 11, 12, 14], "R": [[0.10485209014831615, -0.7524813585986425, 0.6502136911455114], [-0.8379189080885499, -0.4189905494526117, -0.3497696712653784], [0.5356285491450412, -0.5081522650062081, -0.6744503932164609]], "T": [0.03631462503236085, -0.14328516883704037, 0.02989360221765443], "aligned_model": [[0.018232057025554374, -0.1085383086656996, -0.6649525894993903, -0.029730209727672235, -0.4602554632637653, 0.11313205048674055, 0.748332164506201, 0.7222808686753638, 0.516618487633046, 0.5623805839483428, 0.16676057570527705, -0.35620842446560863, 0.3123362850595107, 0.04140858921154206], [-0.8002996507528474, -0.388256229815143, -0.10825532861424117, 0.16455915983742178, 0.17522884467171077, 0.21145344587599643, 0.08253417728920581, -0.5677264174288998, -0.33706201790653967, 0.044912510746402484, -0.37222064586588754, 0.5499715706724555, 0.545758850525619, -0.09220832638168013], [0.12167183180972957, -0.6062607472276388, 0.4535101177664521, 0.6087369060908042, -0.43453369659052854, -0.5250267724085441, -0.12961356348190914, 0.21165729788925977, -0.5244197124655163, 0.493939331181724, 0.596160719668627, 0.07518971313408364, -0.00181580732617816, 0.04910349907055338]], "inverted": true, "swapped": false, "error_lsq": 0.0494245202665265, "error_max": 0.3423152029396482, "target": "43.xyz", "model": "18.xyz", "model_rescale": 3.9405287249114394, "target_rescale": 3.9240287522075414},
{"mapping": [6, 2, 3, 12, 10, 11, 9, 8, 5, 7, 0, 14, 13, 15], "R": [[0.3351703659236, -0.8547428196010928, 0.3963275642029128], [-0.008894686281589459, -0.42351148073536204, -0.9058470677996885], [0.9421155504303028, 0.3000878838369102, -0.14955116720270992]], "T": [0.10031357300158622, -0.029535666239739668, 0.1921533338313148], "aligned_model": [[0.14049885105981286, -0.1976559673664881, -0.7503218155855502, -0.20451517487816867, -0.4025542625232708, 0.17439949338691993, 0.731005503603501, 0.6276006172431474, 0.4477685165118586, 0.7767492003148118, 0.2231758717393871, -0.3437257562500999, 0.2766812295938372, 0.08269035977974445], [-0.7560660679031498, -0.5357920117445334, -0.02334126219324665, 0.17458320174910733, 0.07505602789903881, 0.3456855323961458, 0.15858029012419822, -0.5704918226116704, -0.43280170359967274, 0.08110883516052136, -0.5649612783018729, 0.5822362318059916, 0.6177905815923762, -0.04319661151966086], [0.022382386733741294, -0.44834955348615557, 0.23469343157080286, 0.5990365903145538, -0.402900070879768, -0.4185295056154176, -0.2026249869912016, 0.15206636095654946, -0.4465282833310693, 0.3528337164316605, 0.6055520849817078, 0.02391784139460648, 0.15761315508656998, 0.15913594994433883]], "inverted": true, "swapped": false, "error_lsq": 0.044560917844213406, "error_max": 0.26432946324615925, "target": "43.xyz", "model": "19.xyz", "model_rescale": 4.410303926677745, "target_rescale": 3.9240287522075414},
{"mapping": [6, 11, 10, 5, 9, 12, 7, 0, 2, 1, 3, 8, 8, 13], "R": [[0.4740488427020201, -0.18391102279927052, -0.8610774822429176], [0.594662554041209, -0.6543403302417509, 0.4671350757974648], [-0.6493490136698924, -0.7334953768852557, -0.20082427775021425]], "T": [0.17730481018703456, -0.1954321161844645, -0.006666924882846936], "aligned_model": [[0.018478797033940647, -0.418222581679521, -0.581420535828524, -0.15196194799450077, -0.3321468232834094, 0.09818085561544912, 0.5870662463222188, 0.6591783754098959, 0.7629558245497107, 0.7401599703130934, 0.1014934752120758, -0.018707406030726487, -0.018707406030726487, 0.1354498230204661], [-0.7491590043139338, -0.44891751097221716, -0.07291611371297296, 0.15328077416289093, 0.19794850734534236, 0.16677054880484982, 0.33040442492059113, -0.5946896293907843, -0.3585382271132501, 0.1833684999670025, -0.6411649323089327, 0.5372710328172519, 0.5372710328172519, -0.13253946016951643], [-0.07497983791461768, -0.5245719399769234, 0.2839525711238872, 0.6782078410638892, -0.2507313527993525, -0.6648641343696101, -0.25655622528767724, 0.3419742628882735, -0.2693797218831974, 0.31399497353218553, 0.5603759251924122, 0.11896303947140828, 0.11896303947140828, 0.012950676598832669]], "inverted": false, "swapped": false, "error_lsq": 0.05947392022130077, "error_max": 0.3525405347765009, "target": "43.xyz", "model": "20.xyz", "model_rescale": 4.121658175737393, "target_rescale": 3.9240287522075414},
{"mapping": [1, 4, 11, 5, 12, 0, 3, 8, 10, 7, 9, 6, 13], "R": [[-0.32971060526766466, -0.6348889672836467, 0.6987180518603591], [0.05043966030642033, -0.7508923633599415, -0.6584956334827855], [0.9427336619863553, -0.18186989269592316, 0.27960075945635454]], "T": [0.06112450443327312, 0.025925473186369154, 0.2114188987581776], "aligned_model": [[0.05765624802339399, 0.0009640371913384183, 0.3501369249545773, 0.5804781794198929, 0.42175706052284856, -0.3018207572007529, -0.3217085025262076, 0.3360948168855721, -0.643205150933736, -0.18226000855561408, -0.04127180969535375, 0.5268490540176335, 0.09741281256070217], [-0.7876511292488116, -0.10740253962131682, 0.4952801103034528, -0.1568728521150074, 0.5123326887727553, -0.4534438118770498, 0.47436982115223675, -0.5560060401265492, 0.03145736383567025, -0.3570706033556048, 0.44998382294318845, -0.014115025661864546, 0.009965099162084132], [0.5299344278992988, 0.6861302310635093, 0.6065112194694857, 0.3618981578532189, -0.041800351022136306, 0.11576628738950416, 0.20295239470252302, -0.3614221388757964, -0.24136928549045084, -0.6265032700876876, -0.5942070470289909, -0.3425409410151146, 0.07476005462442603]], "inverted": true, "swapped": true, "error_lsq": 0.05852212190252, "error_max": 0.33672178310878836, "target": "43.xyz", "model": "21.xyz", "model_rescale": 4.08911054899281, "target_rescale": 3.9240287522075414},
{"mapping": [5, 10, 14, 15, 12, 7, 0, 8, 6, 1, 11, 3, 4, 16], "R": [[-0.7434709531272522, -0.42772171798264313, -0.5141060919907794], [0.4182864620547313, -0.8972168428634967, 0.1415569586555024], [-0.5218116303013869, -0.1098001313662059, 0.8459648654844791]], "T": [0.0806218285981361, -0.050259124666439434, 0.06334927810150952], "aligned_model": [[-0.03669364444631165, -0.1424518300479896, -0.5059608558798616, -0.11118083329603479, -0.5255133016928892, 0.12767081834543165, 0.6958009360576811, 0.5772838019646316, 0.5968796545186015, 0.7037462076131791, 0.2268819980905768, -0.37833572125810716, 0.2568315724599657, 0.09683786420056845], [-0.743601502891453, -0.5353387457315826, 0.13831181437917794, -0.02101892718393772, 0.04656473527488354, 0.030427081049176782, 0.30439704327498995, -0.5206142382665482, -0.3193360588665982, -0.016616397835712754, -0.5504492462897594, 0.6852802775623209, 0.6242102366862559, -0.013826128307640413], [0.0064064972613764315, -0.5416889961096893, 0.24274922560736417, 0.7661036929831722, -0.3467663763268847, -0.6416842791001388, -0.2462521858253472, 0.1767290354746871, -0.4020963032597133, 0.5538414355052234, 0.6239835932383359, 0.11452132607097769, 0.04509023561854229, 0.03736221597301238]], "inverted": false, "swapped": false, "error_lsq": 0.04387607929812476, "error_max": 0.2394780620671038, "target": "43.xyz", "model": "22.xyz", "model_rescale": 4.204369325754507, "target_rescale": 3.9240287522075414},
{"mapping": [6, 2, 3, 12, 10, 11, 9, 8, 5, 7, 0, 14, 13, 15], "R": [[0.3351703659236, -0.8547428196010928, 0.3963275642029128], [-0.008894686281589459, -0.42351148073536204, -0.9058470677996885], [0.9421155504303028, 0.3000878838369102, -0.14955116720270992]], "T": [0.10031357300158622, -0.029535666239739668, 0.1921533338313148], "aligned_model": [[0.14049885105981286, -0.1976559673664881, -0.7503218155855502, -0.20451517487816867, -0.4025542625232708, 0.17439949338691993, 0.731005503603501, 0.6276006172431474, 0.4477685165118586, 0.7767492003148118, 0.2231758717393871, -0.3437257562500999, 0.2766812295938372, 0.08269035977974445], [-0.7560660679031498, -0.5357920117445334, -0.02334126219324665, 0.17458320174910733, 0.07505602789903881, 0.3456855323961458, 0.15858029012419822, -0.5704918226116704, -0.43280170359967274, 0.08110883516052136, -0.5649612783018729, 0.5822362318059916, 0.6177905815923762, -0.04319661151966086], [0.022382386733741294, -0.44834955348615557, 0.23469343157080286, 0.5990365903145538, -0.402900070879768, -0.4185295056154176, -0.2026249869912016, 0.15206636095654946, -0.4465282833310693, 0.3528337164316605, 0.6055520849817078, 0.02391784139460648, 0.15761315508656998, 0.15913594994433883]], "inverted": true, "swapped": false, "error_lsq": 0.044560917844213406, "error_max": 0.26432946324615925, "target": "43.xyz", "model": "23.xyz", "model_rescale": 4.410303926677745, "target_rescale": 3.9240287522075414},
{"mapping": [0, 2, 6, 13, 5, 4, 10, 1, 3, 11, 7, 15, 9, 16], "R": [[-0.8562219068815892, 0.4607202024247985, 0.2337112347614207], [-0.17511263356809315, 0.1667807744262374, -0.9703194004278339], [-0.48602429130744274, -0.8717345171320436, -0.0621234247257898]], "T": [0.09973132860781166, 0.026665681124852514, 0.12140954025517238], "aligned_model": [[-0.055822352685581514, -0.08435901049601228, -0.5980500032881008, -0.26869582081733223, -0.4177578625853121, 0.09855430779855727, 0.6518890239355615, 0.7680511858336451, 0.47171868801778816, 0.5615582871781838, 0.21953218540303474, -0.25597328446861006, 0.3342352404985274, 0.15691608230509305], [-0.6898199881990545, -0.49935731609180206, 0.1883497412653586, -0.08074588880633513, 0.01312420426555369, 0.04958893981776796, 0.21830028059441953, -0.5099777449873493, -0.47806524592762795, 0.17432267050818803, -0.47178075058898833, 0.6407806088280681, 0.6075477068953365, -0.05387727471996187], [-0.05980069393625971, -0.6012968348559277, 0.3760810292637482, 0.7104008933670132, -0.2358349122289608, -0.5666002793143325, -0.1652645012137079, 0.16261331700605453, -0.523666486543218, 0.5283920465556914, 0.5446468331597174, 0.046234580042501874, 0.1194167850985703, 0.052977340710028395]], "inverted": true, "swapped": false, "error_lsq": 0.03987864308624444, "error_max": 0.259471619173844, "target": "43.xyz", "model": "24.xyz", "model_rescale": 4.28219845311461, "target_rescale": 3.9240287522075414},
{"mapping": [9, 5, 12, 13, 11, 8, 0, 3, 1, 4, 7, 14, 2, 15], "R": [[-0.004647904120674815, -0.03362668697844644, -0.9994236553685021], [-0.12349315311899974, 0.9918033398643229, -0.03279597790433826], [0.9923345394170318, 0.12326954594232972, -0.008762472434168377]], "T": [0.0890500438453963, -0.021364244140206212, 0.016262899245458186], "aligned_model": [[-0.21180528837637655, -0.05561487418919456, -0.6166710229370741, -0.07258366242485512, -0.41774659987662854, 0.13802106579640133, 0.7780184402260489, 0.5461408796537242, 0.5278821432250358, 0.7303525408474079, 0.19783825143515693, -0.36454139030665633, 0.24968740504732542, 0.15281877850912634], [-0.6104008722307068, -0.5453869030384609, 0.02760401396043472, 0.10894444951881083, -0.07120514108228837, 0.03392067917263127, 0.3966793403836495, -0.6465540333638159, -0.2752018403876419, -0.06345204109119465, -0.44205076786165104, 0.5894809227706775, 0.5901445128344514, 0.01586762326867691], [0.1555309993989735, -0.6392925868618508, 0.30605555931645634, 0.5728692649036558, -0.17648075993090512, -0.6740207186915401, -0.11068702104960904, 0.03210714521701385, -0.37472336922448846, 0.3649867121870312, 0.6618122625003516, -0.01934072163960788, 0.2790036511613142, 0.010478699824123429]], "inverted": false, "swapped": false, "error_lsq": 0.04932849878335667, "error_max": 0.28119523929653856, "target": "43.xyz", "model": "25.xyz", "model_rescale": 4.100010024507729, "target_rescale": 3.9240287522075414},
{"mapping": [8, 5, 4, 11, 7, 10, 0, 3, 12, 9, 6, 13], "R": [[0.7579844867708427, -0.43710353961508813, -0.4841487513881487], [-0.2515403139467115, 0.4889548915038291, -0.8352548021616332], [0.6018197307120564, 0.7548931114604506, 0.26067106090862485]], "T": [0.139102644097043, -0.06441975928224031, 0.08153630286449459], "aligned_model": [[-0.7224347193025636, -0.048396606903083755, 0.3791241267207719, 0.6311896065351706, -0.5996765185292844, 0.06346545234054421, -0.13963453428587488, 0.5597678561471756, 0.19357748564169208, -0.06916386190958648, -0.3979261457318809, 0.02687346163992667], [-0.06591590617097115, -0.6009848893841663, -0.30396024509890507, -0.44006163042689095, 0.5367162885669244, 0.761186402251759, 0.2019188060032201, 0.3271480036675626, -0.13245627983177288, 0.5416249136283483, -0.13898894529390313, -0.020095127860565568], [0.0692502813242433, 0.029292959690627035, 0.44451913079295274, -0.1953454454059576, 0.05193262575891829, 0.19893087811830157, 0.5527506389104848, -0.05056438797547852, -0.5689799012808789, -0.5731991937931731, -0.3995183895641954, 0.006123093278512348]], "inverted": true, "swapped": true, "error_lsq": 0.047954683341438716, "error_max": 0.25771863352943114, "target": "43.xyz", "model": "26.xyz", "model_rescale": 3.6694154284099745, "target_rescale": 3.9240287522075414},
{"mapping": [0, 4, 11, 12, 10, 8, 7, 1, 5, 3, 6, 9, 9, 13], "R": [[0.4072903612082962, 0.18616363613222725, -0.8941239635804664], [0.6670121005149046, 0.6081171457848007, 0.43045138490803153], [0.6238665077029785, -0.7717102031103223, 0.12350685398760027]], "T": [0.09246060373614305, -0.10906356881744425, -0.024418154470976398], "aligned_model": [[0.11295031116570896, -0.3439141083807785, -0.6243883450632497, -0.12798556423635454, -0.42409291359307755, 0.09054976827804326, 0.6540320397947765, 0.7279556469758468, 0.6644352465599102, 0.5552064901626639, 0.2493071708157562, -0.00331443123066065, -0.00331443123066065, 0.05436978661151786], [-0.7528052584583479, -0.4530536423865388, 0.0949046175532334, 0.07362140484084806, 0.082091834506414, 0.18093029967835136, 0.1709983635270839, -0.6729693221236709, -0.4611044086429731, 0.2928956930536234, -0.4154294323095543, 0.5573265216818941, 0.5573265216818941, -0.1463432497486844], [-0.1731129830322507, -0.6300405698419144, 0.40067011024478094, 0.7156916352110407, -0.26633300603561316, -0.5938539255397989, -0.07270232343904089, 0.21600440083873895, -0.44261757434468973, 0.5020096342379238, 0.5694922292456795, 0.08335440897512486, 0.08335440897512486, -0.003617328384187487]], "inverted": false, "swapped": false, "error_lsq": 0.050838783529935774, "error_max": 0.34111670560664886, "target": "43.xyz", "model": "27.xyz", "model_rescale": 4.103607728864725, "target_rescale": 3.9240287522075414},
