[{"mapping": [12, 9, 10, 6, 8, 1, 4, 0, 11, 3, 2, 13], "R": [[-0.7643117439566509, 0.5192600858604338, -0.3823565368633811], [-0.5782688140155953, -0.28952019624164627, 0.7627471630266455], [0.2853642177760559, 0.8040814754739808, 0.5215556001162736]], "T": [-0.04402869429301777, -0.08324699437464067, -0.07448595210824736], "aligned_model": [[-0.163614234646543, 0.27231193858804, 0.5985674849758154, -0.2121069280617418, -0.25562566228114353, -0.7572003971733876, 0.2300504062494656, -0.2659072248528974, 0.6786558843329173, 0.2213625642011861, -0.45661765096436685, -0.0522337179067953], [-0.3504361816568714, -0.6274337092883627, -0.29298215646447684, 0.6697760184214393, 0.31587653397536797, -0.4618030725383496, -0.24326027089915622, -0.5558845003334993, 0.01961749021198786, 0.46927560745659846, 0.12003711577343457, -0.009227838681054965], [-0.5542021620711909, -0.010631894774556602, -0.5553131770177733, -0.0403152839687924, -0.6564717283363514, -0.019855458831499702, 0.5532449017505845, 0.5351024006792224, 0.0033305874058015272, 0.35215959356985527, 0.578528459454896, -0.0036244925066327843]], "inverted": true, "swapped": true, "error_lsq": 0.04451882106309512, "error_max": 0.24806171602779278, "target": "430.xyz", "model": "0.xyz", "model_rescale": 3.751011558992144, "target_rescale": 4.052684393082232},
{"mapping": [4, 10, 6, 7, 1, 3, 12, 11, 13, 8, 2, 0, 5, 14], "R": [[-0.1935729247040452, -0.5713311039227634, 0.7975652277474984], [0.008356847986189297, -0.8138719950383011, -0.5809841123336436], [0.9810502973412006, -0.10579766246365063, 0.1623181095995443]], "T": [-0.01854955160092, -0.0064595432209660075, -0.02326017640952585], "aligned_model": [[-0.624358656046609, -0.8139829010574843, -0.2772712535987867, 0.29118120860881025, 0.04042650993268113, 0.7260709238811933, 0.33328284264840763, -0.3137990528689143, 0.32981574506802397, -0.14813450673587172, 0.5022761605845082, 0.5982299104069001, -0.12445723858281363, -0.014306444509904658], [-0.4787028291527162, 0.19026896467675822, -0.3284457508038644, -0.24722169531103524, -0.6873955696333727, 0.1533756503083877, 0.4030356328858262, 0.31019862892889105, 0.5943770468751812, -0.2893448594338537, 0.07430378136983021, -0.44636409823012846, 0.35989328689821354, 0.037737351054576235], [0.16530169081951882, -0.05546931923430906, -0.6502479819622738, -0.5578417568049837, -0.15939797988638288, -0.08156067310553015, -0.5336548973650469, -0.6935484151086605, 0.1891997265815375, 0.5629154708274435, 0.6138865609404286, 0.016383186553524526, 0.47136616002782283, -0.05539182781399317]], "inverted": true, "swapped": false, "error_lsq": 0.048565565669320084, "error_max": 0.3920075751855433, "target": "430.xyz", "model": "1.xyz", "model_rescale": 3.9405287249114394, "target_rescale": 4.052684393082232},
{"mapping": [10, 5, 11, 7, 6, 9, 12, 8, 2, 0, 1, 9, 13], "R": [[-0.10626878043625582, -0.8349058768851944, 0.5400362238286945], [-0.7610772146820423, -0.2812173254028589, -0.5845325390301958], [0.6398971945526998, -0.47312682510699766, -0.6055432170933441]], "T": [-0.042119282805050035, -0.06923225584568066, -0.015618473124009769], "aligned_model": [[-0.3492318965760398, 0.28999119598894896, -0.40507938730072357, 0.4172036428695366, 0.5759262871278893, -0.634847995756823, 0.03512197070100198, 0.6059611044822715, 0.0595344860628185, -0.5121365747171253, 0.06275450671710059, -0.634847995756823, -0.014366064558101396], [0.6982210182377857, 0.6107534659578546, 0.3567075513966664, -0.3538342148846979, -0.14860594239924912, 0.0503366001952959, 0.1906307118396981, 0.25691736372136903, -0.8143843075829116, -0.7073327862844336, -0.6088574818207446, 0.0503366001952959, -0.12205598499991205], [0.05374162061343257, -0.36999986049823474, -0.4907445188695589, 0.15616647571532527, -0.471887118110228, 0.17056390747559974, 0.4766451068267683, 0.11243834530414251, -0.2846850622460302, 0.11136858359431656, 0.5782747636300891, 0.17056390747559974, -0.09932580132257803]], "inverted": true, "swapped": true, "error_lsq": 0.05201809998495403, "error_max": 0.4067470314373733, "target": "430.xyz", "model": "2.xyz", "model_rescale": 3.932901565614263, "target_rescale": 4.052684393082232},
{"mapping": [8, 9, 11, 1, 3, 2, 10, 12, 6, 7, 4, 0, 5, 13], "R": [[0.22609052177621214, -0.23726820681954552, -0.9447681588599383], [0.415101131791356, -0.8539455808284987, 0.31379610477030045], [-0.8812344332517287, -0.46312065708205613, -0.09457870074910696]], "T": [0.021073637339481095, -0.12406921529946413, -0.07120295575259153], "aligned_model": [[-0.5877118125480565, -0.6326870772399832, -0.3904133304663117, 0.6059191684425239, 0.012908841353232843, 0.8026158853123316, 0.012164800895260126, -0.2876888272730711, 0.289434807848238, -0.24770519496371063, 0.5093195148735776, 0.556718353516387, -0.13284063062687365, -0.005061251393404076], [-0.5312965600823683, 0.11451265433128269, -0.3500323307831115, -0.2192550938106104, -0.6333263577851319, 0.13281515605744898, 0.2833332254812917, 0.5572935658563205, 0.5028714398668062, -0.25418331891845536, 0.06596645759549147, -0.4688907541272419, 0.4581398783349452, -0.012232421583974057], [-0.11950296815634835, 0.1643146846586752, -0.8310238847446445, -0.5157971237226792, -0.10692377622264979, 0.06071363745844674, -0.6603458282209981, -0.2246314767699429, -0.11145165442243755, 0.5773113514853455, 0.6278884621865052, 0.13648231944816056, 0.3214070989587564, -0.08650089746709377]], "inverted": false, "swapped": false, "error_lsq": 0.04723459640210163, "error_max": 0.2851496222180176, "target": "430.xyz", "model": "3.xyz", "model_rescale": 3.9243930471874484, "target_rescale": 4.052684393082232},
{"mapping": [1, 7, 0, 9, 4, 12, 10, 2, 3, 6, 11, 5, 13], "R": [[-0.2615973311214568, -0.9650333953113153, -0.01665479762847305], [0.3642523851121841, -0.08273097744935212, -0.9276183403266451], [0.8938048088314449, -0.2487290318884976, 0.37315791885687594]], "T": [-0.05189863290693382, -0.13028599736501387, -0.11220001098584076], "aligned_model": [[-0.05696890126342689, -0.3453588405437042, 0.6040605899729649, 0.3236784234029428, 0.6351889312293172, -0.3876967235689724, -0.18797920327296408, 0.3026437229900868, 0.16201835874494974, -0.3868226865483742, 0.18501796392859587, -0.5462121992663322, -0.02436354949373068], [-0.42065034805375556, 0.024646191432352332, -0.27342631724311317, -0.5989466387008084, -0.0022975771520077903, -0.5793647014580868, -0.5538796395577984, 0.3567365377975692, 0.545396048065444, 0.563937064102948, -0.027646012476659515, 0.12551670804705375, -0.03219176112155041], [-0.8675581440111849, -0.5719423488176766, -0.5520211120719035, 0.08676479840134776, -0.032832067801469855, -0.14943393639278443, 0.587917131144428, -0.6366908749995106, 0.1232431062038225, -0.1605922029885953, 0.5750008881993603, 0.5110841888104108, -0.12586911030528025]], "inverted": false, "swapped": true, "error_lsq": 0.0442658428314449, "error_max": 0.3078620051186911, "target": "430.xyz", "model": "4.xyz", "model_rescale": 3.8936222436046832, "target_rescale": 4.052684393082232},
{"mapping": [10, 12, 5, 11, 6, 7, 1, 2, 4, 9, 3, 13], "R": [[-0.08010905344322425, 0.9728373554844888, -0.21718660025511902], [-0.2945987734802006, 0.18504607734527154, 0.9375337390852072], [0.952257371838303, 0.13908784646069539, 0.27177282562194094]], "T": [-0.11874597315253288, -0.10793503569254519, 0.017838978896179518], "aligned_model": [[0.07200973943709904, -0.39921503521544865, -0.34819383333316667, 0.35961468399527347, -0.5077772663204264, -0.5826876288142899, -0.3948044184550258, -0.0462910039016223, 0.5289922702738012, 0.34616390943660214, 0.10770812886612269, -0.10797150375382158], [-0.5725617536848646, -0.5913734051837932, 0.0627517488575544, -0.006174879332387848, 0.5436688336020771, 0.03005481948092427, -0.36605671788626826, 0.4381044014751693, 0.09632598848241737, -0.5370533430893509, 0.578055513729459, -0.006818301341128916], [-0.6423487058451032, -0.04083685507817642, -0.767325857770116, -0.5296329093918263, -0.12543919629037487, 0.31314023828711696, 0.733428249957651, 0.5962619286513049, 0.20082047771665595, 0.0198875554771479, -0.17156976707159866, 0.03289956063283646]], "inverted": true, "swapped": true, "error_lsq": 0.03887181097182042, "error_max": 0.19662656330138711, "target": "430.xyz", "model": "5.xyz", "model_rescale": 3.6523030999806103, "target_rescale": 4.052684393082232},
{"mapping": [10, 11, 4, 9, 0, 5, 3, 12, 6, 7, 2, 1, 13], "R": [[-0.7051293440363186, -0.2761291646378259, 0.65310435047956], [-0.3104705220995434, -0.7078474129693698, -0.634476236639173], [0.6374956180917233, -0.6501574612268841, 0.4133940160728801]], "T": [0.09463447163183832, -0.11941645798824793, -0.015335220442749077], "aligned_model": [[0.16796275237181757, -0.10573985593637696, 0.2642754801396465, 0.5902638072203192, 0.6433070374395156, -0.5358371427600663, -0.45352640633420077, 0.33585009967778884, -0.620400175127753, -0.018489962363190254, 0.008348297980696265, 0.5763554051692769, 0.028713567186821137], [-0.6878495743597448, -0.11343174338747962, 0.45450185498720896, -0.14595369287617113, 0.4611805971643157, -0.576639728060885, 0.3275473973928501, -0.6068462248251417, 0.008154273429680364, -0.10859225620442145, 0.5927747970315087, -0.022946214271209686, -0.04107258185732697], [0.5843482489791245, 0.6908685944985842, 0.3542717670026792, 0.3770106145125555, -0.09330783932113051, 0.2875121742115292, 0.2244211790898419, -0.15691787669387186, -0.27784759624106636, -0.5708274281971771, -0.3665049953736708, -0.658407150454182, -0.0245099525314266]], "inverted": false, "swapped": true, "error_lsq": 0.04618269569239548, "error_max": 0.26123577603272496, "target": "430.xyz", "model": "6.xyz", "model_rescale": 4.08911054899281, "target_rescale": 4.052684393082232},
{"mapping": [12, 5, 7, 2, 13, 0, 6, 4, 3, 11, 9, 1, 8, 14], "R": [[-0.2118187847900802, 0.9481601755803593, 0.23690733178497544], [0.7880075455012974, 0.02231154598541224, 0.6152611666185037], [0.5780803669413752, 0.3170086376727984, -0.7518833772585758]], "T": [-0.060712909324906826, -0.045452836384545225, -0.007875193272543657], "aligned_model": [[-0.585252587957974, -0.7453838615662575, -0.25939366459105373, 0.42497540089125085, -0.07008736600283391, 0.7923891996283778, 0.15142262674460047, -0.33445770717108436, 0.34038440307590456, -0.11875107649683539, 0.44635936575059154, 0.5674030423049035, -0.14451822369024392, 0.039883696810794296], [-0.5236071212104191, 0.13227170247468967, -0.21878096481772036, -0.351218909967121, -0.7618226494223942, 0.2579939493757547, 0.18470040667225157, 0.5955526495974819, 0.6360737633680414, -0.3875948860506773, 0.11280241402868366, -0.4027393980605999, 0.43151070714263134, -0.05942612269790893], [0.05715190456653407, -0.29096688341466476, -0.735729767976981, -0.574226247704795, -0.15827776267125632, -0.2624199300381849, -0.3966822990466245, -0.1128763470536121, -0.04094899076084452, 0.46551835543586245, 0.5686577992562405, 0.11767449015706877, 0.47236580946994405, 0.1226998142504081]], "inverted": true, "swapped": false, "error_lsq": 0.05013732139644673, "error_max": 0.3121102758527097, "target": "430.xyz", "model": "7.xyz", "model_rescale": 3.964800864290218, "target_rescale": 4.052684393082232},
{"mapping": [4, 2, 12, 9, 11, 5, 8, 7, 1, 6, 3, 10, 0, 13], "R": [[0.574710366814466, 0.6108638315536571, -0.5445671433125278], [-0.28298740760807417, 0.7727333935655687, 0.568155990555324], [0.7678711619869857, -0.17241949358533964, 0.61696466415876]], "T": [0.0028806103282570175, -0.003813558579157616, 0.002195517487971123], "aligned_model": [[-0.5762645014252726, -0.6034676927515239, -0.30278374438188527, 0.27245255125393425, -0.07039202244759687, 0.8064663415354917, 0.4444621278531179, -0.2685176269237988, -0.004570172056282899, -0.11879882789575139, 0.31501909114988, 0.7252831145101809, -0.17673275653478743, 0.06281736584443465], [-0.3965884575674998, 0.24726206664457345, -0.2436348809229187, -0.35442889543373446, -0.820705028924409, 0.2270650541980607, 0.2079108429205898, 0.4004332674419358, 0.7412026773780152, -0.3855556432786353, 0.0379673132754325, -0.3900837748670842, 0.37527939372125335, -0.0004083941528859013], [0.07576326361717714, 0.09114209429042328, -0.6456701884245208, -0.5253047962716787, -0.11802416250223766, -0.001774587117930708, -0.5904562542948317, -0.5172086271143427, -0.08733204907372569, 0.4216867787334529, 0.655484598400737, -0.06155363911660985, 0.5828735216202294, -0.04768600827704724]], "inverted": true, "swapped": false, "error_lsq": 0.045533560233276156, "error_max": 0.25809080409434787, "target": "430.xyz", "model": "8.xyz", "model_rescale": 4.121658175737393, "target_rescale": 4.052684393082232},
{"mapping": [12, 7, 6, 5, 1, 9, 2, 4, 3, 0, 10, 11, 13], "R": [[0.5749181430249712, -0.37745090916368573, -0.7259476151846121], [0.8151242328337824, 0.1872219135208963, 0.5481974463135628], [-0.07100432288147074, -0.9069061507504959, 0.4153066576194785]], "T": [-0.12092493814504149, 0.010985019191128428, -0.09422317344100341], "aligned_model": [[-0.6198175768245654, -0.2004825126434812, 0.42164989767251215, 0.21115793942151892, -0.6419222718182108, -0.39741922761502735, 0.22766572389069364, 0.17804244150614115, 0.6243223283724135, -0.2517057901977135, -0.3030176585502211, 0.25790969369731853, -0.029645490476181008], [0.2152989966378298, -0.31351187047854906, -0.05458511784356196, 0.7046992803434983, -0.5907001339588429, 0.1424374847628837, -0.7075025125030127, -0.22463997869261404, -0.019942683316159008, -0.6108132736991996, 0.7827222891905737, 0.5014329532518191, -0.03450799428295599], [-0.2529063138645696, -0.552326060052157, -0.6399105287051713, -0.4209426341403447, -0.24064662676723353, 0.4594545979420863, -0.10978323309878558, 0.4972740735360367, -0.056938374496297364, 0.39616188537666996, 0.1494514770895598, 0.2992925973832717, -0.10710542624397666]], "inverted": false, "swapped": true, "error_lsq": 0.040424313929935465, "error_max": 0.22964933494636947, "target": "430.xyz", "model": "9.xyz", "model_rescale": 3.833441315466971, "target_rescale": 4.052684393082232},
{"mapping": [4, 3, 5, 0, 6, 10, 13, 2, 8, 7, 11, 12, 9, 14], "R": [[-0.8838474124075261, 0.4333635196375109, -0.17609602899528853], [0.07510891454528773, -0.24009381639622374, -0.967839661454378], [-0.46170596978634515, -0.8686489619953996, 0.17965683479335104]], "T": [0.10025480979013557, -0.1406185764986781, -0.0574592926116859], "aligned_model": [[-0.5808772279101966, -0.7132339259257177, -0.20364983085043098, 0.49923361269912003, -0.07729719912848951, 0.8383925937797639, 0.12528156927039924, -0.3200860630807132, 0.3364591386966693, -0.11490249977487166, 0.4412151464888276, 0.49940930290968655, -0.2574487842291853, 0.03247741478527863], [-0.5431896784082622, 0.053630455353165546, -0.17762009214118885, -0.17164377786308901, -0.7893250953745197, 0.221191383759703, 0.29427388767033313, 0.37108491224329404, 0.5604724631140054, -0.030178209533097952, -0.03626109490306487, -0.5615144498852165, 0.5372734875237002, -0.08247865112306894], [-0.15699941123596456, 0.17668860986808502, -0.6605414252472797, -0.6085276308541201, 0.036799418083205936, -0.056904292990452125, -0.7252382585379699, -0.33696482946400325, 0.18797548804778114, 0.5633661532803714, 0.5240840384281485, 0.10545912776928282, 0.20790953542554838, -0.025166578103538423]], "inverted": true, "swapped": false, "error_lsq": 0.05594204657251566, "error_max": 0.34911144882894896, "target": "430.xyz", "model": "10.xyz", "model_rescale": 4.2482417240324, "target_rescale": 4.052684393082232},
{"mapping": [12, 1, 0, 2, 10, 11, 9, 3, 7, 5, 8, 13], "R": [[-0.052005149265574924, -0.6013785535959301, -0.7972699039376392], [0.9320994610606844, -0.3157862773561276, 0.17739679175210782], [-0.3584495210489855, -0.7339093011458746, 0.576967138190146]], "T": [-0.006762624918891042, 0.036321324910261674, -0.02389115818103252], "aligned_model": [[-0.5493893040089586, -0.08668100654967381, 0.3667918003521243, 0.6856818138441197, -0.5518294469930783, 0.08257340403154728, -0.17842342606615313, 0.5978888429171715, 0.023772378478718575, -0.23103553013855285, -0.3707679556687605, 0.08818403216450262], [-0.10985378459139249, -0.7609937785380291, -0.3845285875668486, -0.35807381942786437, 0.627869663557635, 0.7426758918681493, 0.15840494712729722, 0.4148203628639027, -0.3990935001952109, 0.6685952172793566, 0.022032485112105295, 0.04427629256153871], [-0.02114709818557387, 0.08926692147037013, 0.5484345329643259, -0.07825169224475195, 0.17880622848052913, 0.15497140320077604, 0.5726958647033068, -0.2449686287164274, -0.3857853933281537, -0.5220833988989114, -0.664263127991593, -0.06248332159953976]], "inverted": false, "swapped": true, "error_lsq": 0.04340709377446105, "error_max": 0.24351186224222565, "target": "430.xyz", "model": "11.xyz", "model_rescale": 3.6694154284099745, "target_rescale": 4.052684393082232},
{"mapping": [7, 5, 12, 2, 10, 3, 1, 0, 4, 9, 11, 8, 6, 13], "R": [[-0.6967814273027869, -0.7021896119570168, 0.14637414876113042], [-0.4513489499390521, 0.587823873957358, 0.6713771060996043], [-0.5574762487808843, 0.40173727990493807, -0.7265173019135712]], "T": [-0.03414324025825027, -0.031208709847617394, -0.038979304453310014], "aligned_model": [[-0.5630050018216586, -0.8201165147676305, -0.32419267784553685, 0.39284428665474985, -0.10785880669617087, 0.7817870074806785, 0.3669221455120434, -0.23986052910277778, 0.38288939457006, 0.10376433172197047, 0.24039174468894714, 0.6275983488145769, -0.30622934913763805, -0.02996113234147319], [-0.4516980440640652, 0.12474223517780023, -0.22075738869928185, -0.2975237204030384, -0.6481931545529814, 0.19169651258206885, 0.2803679651483727, 0.5900439688754718, 0.5735603923326242, -0.6121205902820528, 0.06648874398379787, -0.3471565671750262, 0.3227689020882003, 0.07349628542080347], [0.27030903259773564, -0.08894035907952262, -0.6235399277999192, -0.4549979824064795, -0.17098308305374418, -0.19966531268546261, -0.7161351403115936, -0.32614366623119784, 0.050557080812982415, 0.49787184405131724, 0.6393380242815343, 0.14776349206821268, 0.3081861216143784, -0.10168017938914556]], "inverted": true, "swapped": false, "error_lsq": 0.05267184564415469, "error_max": 0.32282207847142935, "target": "430.xyz", "model": "12.xyz", "model_rescale": 3.9764082729961374, "target_rescale": 4.052684393082232},
{"mapping": [0, 5, 4, 3, 7, 11, 14, 6, 13, 2, 10, 8, 12, 15], "R": [[0.6090477436904689, -0.011492265363926002, -0.7930502971075382], [-0.7689151756099587, 0.23664878437717968, -0.5939417526740396], [0.19450012499290545, 0.9715272928176586, 0.13529383093155406]], "T": [-0.04490311000286056, 0.022194906303906574, 0.025163509454433283], "aligned_model": [[-0.5556545189010713, -0.8500780902167739, -0.4831854326365834, 0.5273358099490043, -0.12354797814909896, 0.7297079135916505, 0.4089516021361248, -0.22216674597455893, 0.14116403865001417, 0.002563227663793584, 0.5277878142083606, 0.5291457755465222, -0.0908196179260378, -0.036230550211205144], [-0.48773157873715417, 0.23510270740345718, -0.2219004657784393, -0.3653243381478315, -0.6792104021786084, 0.18135595820843264, 0.33716004157925283, 0.4798152912223581, 0.6013061370756596, -0.6738996956291106, 0.15959683690422172, -0.35696002454383, 0.4555138027888363, -0.019108729734550987], [0.10400456262106021, -0.07068754845937783, -0.4888304367881256, -0.455268484677399, -0.24479811165086224, -0.04687967503875294, -0.5524357490330504, -0.5603448101862131, -0.041842048323361636, 0.41176248236350516, 0.5722400248996397, 0.1875280747447357, 0.4913608316233747, -0.07386916762607737]], "inverted": true, "swapped": false, "error_lsq": 0.046859348070588835, "error_max": 0.32786682288559904, "target": "430.xyz", "model": "13.xyz", "model_rescale": 4.170626492500431, "target_rescale": 4.052684393082232},
{"mapping": [5, 12, 4, 2, 6, 1, 0, 8, 7, 11, 9, 3, 10, 13], "R": [[-0.2998229415324862, -0.8990656150820152, -0.3190411000294557], [0.8954039798584715, -0.38060034759917877, 0.23107377233471219], [-0.3291776368230647, -0.21638945257239786, 0.9191396456638135]], "T": [0.07845478636597103, -0.02216547082831638, -0.11895210749990973], "aligned_model": [[-0.6059244929950043, -0.6338338323747037, -0.37904100589958756, 0.306482341203307, -0.0776968772786033, 0.7607812816596009, 0.4564123044724006, -0.3534888684476544, 0.24551867133365154, -0.03161074375519703, 0.3539889437276359, 0.5571057214219465, -0.13117516911372515, 0.03745497377607375], [-0.5662797326440823, 0.07237339588161613, -0.057060711607617026, -0.33509411643128073, -0.8477034222402702, 0.27557311338187895, 0.2564911589723465, 0.5373811131726778, 0.7711630012417834, -0.3828205270298424, 0.15248188535091003, -0.481181659977525, 0.3465518321616423, -0.09615978979954388], [0.1316162472982628, 0.02038004054883047, -0.6598245997042037, -0.6509401376588075, -0.07903950611045443, 0.07235068701226288, -0.48686106866129086, -0.34674278378844803, -0.13117489896643927, 0.47893848503903125, 0.6225906542950405, 0.06991563696393946, 0.2531112435792052, -0.06238005537783318]], "inverted": false, "swapped": false, "error_lsq": 0.04277408049419133, "error_max": 0.23356806384731957, "target": "430.xyz", "model": "14.xyz", "model_rescale": 3.9786697098870705, "target_rescale": 4.052684393082232},
{"mapping": [5, 11, 6, 8, 3, 2, 9, 0, 7, 12, 4, 13], "R": [[-0.3506461259280679, 0.7526555685093547, -0.5572763134778811], [-0.27273846753868203, -0.6513347263022206, -0.7080796583983067], [-0.8959135129555134, -0.09629470133227247, 0.43366612479998895]], "T": [0.03275286978039182, -0.09500334590881991, 0.0762209950073898], "aligned_model": [[-0.01614421931498857, -0.5687687915511422, 0.5034544772362878, 0.5177670317830927, -0.046930109366847335, 0.34191631616670465, -0.496314027201298, -0.11259308026921006, 0.5926756052274438, 0.1222942886134952, -0.41129451535050526, 0.05729162079430429], [-0.5060699797614489, -0.10140678265044487, 0.10780001555633086, -0.5528494728552708, 0.3888695055226078, 0.6365453898126613, -0.1830697133255773, 0.4365074420403087, -0.05007017561233017, -0.5956603923034262, 0.44478419883126336, -0.010705545030234423], [-0.6496560034639776, -0.34454046133314375, -0.5015093731967288, -0.23669832074845912, -0.4870354774350538, 0.16128749251284166, 0.41181070102700745, 0.6598176804969812, 0.15337949631112466, 0.315267562797388, 0.155094014516668, 0.022749182389181888]], "inverted": false, "swapped": true, "error_lsq": 0.04712461369960952, "error_max": 0.25982537105850884, "target": "430.xyz", "model": "15.xyz", "model_rescale": 3.769337070930944, "target_rescale": 4.052684393082232},
{"mapping": [2, 3, 1, 7, 0, 4, 9, 11, 12, 8, 13], "R": [[0.017134280632221333, 0.6441251136383251, -0.7647282225782122], [0.7681793862420635, -0.49805447806330216, -0.4022961190887364], [-0.6400053491807576, -0.580555402060395, -0.503337439655059]], "T": [-0.00924784701873513, 0.0489503614768671, 0.123655259778988], "aligned_model": [[-0.34002727788991716, -0.22426311700076842, -0.14504337097903394, -0.48966684683925354, 0.2986509227967704, 0.36155474452953873, 0.6171257750347685, 0.3637598100661159, 0.06620807821282743, -0.5224614721087756, -0.06321111513110178], [-0.044318723511310054, -0.6368440623532663, 0.7507819079028264, 0.3290371838300777, 0.25090163782190555, -0.2890820011888879, 0.13534237926365794, -0.5439532016569795, 0.4814533146086636, 0.18075111581006623, -0.018005052901411564], [-0.5973632865934411, -0.07930929176761553, -0.2556798546163574, 0.013044002022938928, -0.5895265429510526, -0.3693043600645823, 0.10173672432489289, 0.34329170660468866, 0.4744629054241741, 0.6355347843307089, 0.06733082050942217]], "inverted": true, "swapped": true, "error_lsq": 0.04346127442395343, "error_max": 0.29096249669862145, "target": "430.xyz", "model": "16.xyz", "model_rescale": 3.7852294659196426, "target_rescale": 4.052684393082232},
{"mapping": [12, 5, 6, 8, 10, 11, 4, 3, 7, 1, 9, 2, 13], "R": [[0.7359812045464115, -0.3559176053428319, 0.5758943694475905], [0.5465002032858375, 0.8144200274154562, -0.1950834353632987], [-0.399586278997355, 0.4583041317200099, 0.7939068764568149]], "T": [0.015797742663460786, 0.13523026808629585, -0.06588763553551123], "aligned_model": [[-0.007234779461797878, -0.45291906570857443, 0.27396634722878144, 0.1366272982684612, -0.7382118557853006, -0.6539694063006981, -0.12732216591057238, -0.08083752163725771, 0.535875435398582, 0.6738785524292765, -0.33946858861438667, 0.5851193990326495, 0.048262201277120845], [-0.027264833247573783, -0.5351311981215345, -0.38153036850543504, -0.5739505292059133, -0.007490707022020093, 0.17600241781066883, 0.7143086965336811, 0.07182007093418476, -0.08688246679646841, 0.38228418910566186, 0.5870130312326527, 0.4229152576888585, 0.13296206329611204], [-0.6033662400682308, 0.10494613709728857, 0.44672235374922753, -0.224768492533582, -0.38086978860647075, 0.23186916819907233, 0.3068783666445327, 0.6719341179098084, -0.10676575081805699, -0.4668827487558105, -0.3303986676728733, 0.4148327578964943, 0.03162348410177385]], "inverted": true, "swapped": true, "error_lsq": 0.040811674254025654, "error_max": 0.26864368799313004, "target": "430.xyz", "model": "17.xyz", "model_rescale": 3.901054581598922, "target_rescale": 4.052684393082232},
{"mapping": [4, 10, 6, 7, 1, 3, 12, 11, 13, 8, 2, 0, 5, 14], "R": [[-0.1935729247040452, -0.5713311039227634, 0.7975652277474984], [0.008356847986189297, -0.8138719950383011, -0.5809841123336436], [0.9810502973412006, -0.10579766246365063, 0.1623181095995443]], "T": [-0.01854955160092, -0.0064595432209660075, -0.02326017640952585], "aligned_model": [[-0.624358656046609, -0.8139829010574843, -0.2772712535987867, 0.29118120860881025, 0.04042650993268113, 0.7260709238811933, 0.33328284264840763, -0.3137990528689143, 0.32981574506802397, -0.14813450673587172, 0.5022761605845082, 0.5982299104069001, -0.12445723858281363, -0.014306444509904658], [-0.4787028291527162, 0.19026896467675822, -0.3284457508038644, -0.24722169531103524, -0.6873955696333727, 0.1533756503083877, 0.4030356328858262, 0.31019862892889105, 0.5943770468751812, -0.2893448594338537, 0.07430378136983021, -0.44636409823012846, 0.35989328689821354, 0.037737351054576235], [0.16530169081951882, -0.05546931923430906, -0.6502479819622738, -0.5578417568049837, -0.15939797988638288, -0.08156067310553015, -0.5336548973650469, -0.6935484151086605, 0.1891997265815375, 0.5629154708274435, 0.6138865609404286, 0.016383186553524526, 0.47136616002782283, -0.05539182781399317]], "inverted": true, "swapped": false, "error_lsq": 0.048565565669320084, "error_max": 0.3920075751855433, "target": "430.xyz", "model": "18.xyz", "model_rescale": 3.9405287249114394, "target_rescale": 4.052684393082232},
{"mapping": [14, 3, 12, 4, 13, 8, 0, 1, 6, 11, 5, 9, 2, 15], "R": [[0.3457749314341996, -0.6557155321306956, 0.6711757129949161], [-0.141421971277768, 0.6707071268821432, 0.7281152216438079], [-0.9275987941085224, -0.346682983245587, 0.13918112765872848]], "T": [0.0193337436029625, -0.11222421316329945, -0.12594521490863128], "aligned_model": [[-0.6078652062616601, -0.7831248065371998, -0.32432892822795156, 0.3096918946409958, -0.031240940721933702, 0.6954151794817852, 0.32543035400135734, -0.21803868744043267, 0.29453803084849584, -0.05340519515373565, 0.46292031457860394, 0.5396720456736236, -0.11102624849943596, 0.006335441347627941], [-0.5343873153342215, 0.1627053497362625, -0.21996321858274004, -0.21071188045911332, -0.7793979252575638, 0.22406892925624355, 0.334643597726625, 0.47471763498669484, 0.5660156462222168, -0.46547101352592446, 0.17849575654583455, -0.482826883729642, 0.489975825947231, -0.09214896309920918], [0.04180088647773264, -0.20277363168764534, -0.5387736743329545, -0.7897654858649211, -0.0655193548174086, -0.08019622631242872, -0.5493696859173477, -0.3121521424120311, 0.024177231829401208, 0.49786480963564717, 0.5143480741560443, 0.2993917796308183, 0.48698762673667095, -0.09408026265248237]], "inverted": true, "swapped": false, "error_lsq": 0.042450943454396706, "error_max": 0.28557852765849095, "target": "430.xyz", "model": "19.xyz", "model_rescale": 4.410303926677745, "target_rescale": 4.052684393082232},
{"mapping": [4, 2, 12, 9, 11, 5, 8, 7, 1, 6, 3, 10, 0, 13], "R": [[0.574710366814466, 0.6108638315536571, -0.5445671433125278], [-0.28298740760807417, 0.7727333935655687, 0.568155990555324], [0.7678711619869857, -0.17241949358533964, 0.61696466415876]], "T": [0.0028806103282570175, -0.003813558579157616, 0.002195517487971123], "aligned_model": [[-0.5762645014252726, -0.6034676927515239, -0.30278374438188527, 0.27245255125393425, -0.07039202244759687, 0.8064663415354917, 0.4444621278531179, -0.2685176269237988, -0.004570172056282899, -0.11879882789575139, 0.31501909114988, 0.7252831145101809, -0.17673275653478743, 0.06281736584443465], [-0.3965884575674998, 0.24726206664457345, -0.2436348809229187, -0.35442889543373446, -0.820705028924409, 0.2270650541980607, 0.2079108429205898, 0.4004332674419358, 0.7412026773780152, -0.3855556432786353, 0.0379673132754325, -0.3900837748670842, 0.37527939372125335, -0.0004083941528859013], [0.07576326361717714, 0.09114209429042328, -0.6456701884245208, -0.5253047962716787, -0.11802416250223766, -0.001774587117930708, -0.5904562542948317, -0.5172086271143427, -0.08733204907372569, 0.4216867787334529, 0.655484598400737, -0.06155363911660985, 0.5828735216202294, -0.04768600827704724]], "inverted": true, "swapped": false, "error_lsq": 0.045533560233276156, "error_max": 0.25809080409434787, "target": "430.xyz", "model": "20.xyz", "model_rescale": 4.121658175737393, "target_rescale": 4.052684393082232},
{"mapping": [10, 11, 4, 9, 0, 5, 3, 12, 6, 7, 2, 1, 13], "R": [[-0.7051293440363186, -0.2761291646378259, 0.65310435047956], [-0.3104705220995434, -0.7078474129693698, -0.634476236639173], [0.6374956180917233, -0.6501574612268841, 0.4133940160728801]], "T": [0.09463447163183832, -0.11941645798824793, -0.015335220442749077], "aligned_model": [[0.16796275237181757, -0.10573985593637696, 0.2642754801396465, 0.5902638072203192, 0.6433070374395156, -0.5358371427600663, -0.45352640633420077, 0.33585009967778884, -0.620400175127753, -0.018489962363190254, 0.008348297980696265, 0.5763554051692769, 0.028713567186821137], [-0.6878495743597448, -0.11343174338747962, 0.45450185498720896, -0.14595369287617113, 0.4611805971643157, -0.576639728060885, 0.3275473973928501, -0.6068462248251417, 0.008154273429680364, -0.10859225620442145, 0.5927747970315087, -0.022946214271209686, -0.04107258185732697], [0.5843482489791245, 0.6908685944985842, 0.3542717670026792, 0.3770106145125555, -0.09330783932113051, 0.2875121742115292, 0.2244211790898419, -0.15691787669387186, -0.27784759624106636, -0.5708274281971771, -0.3665049953736708, -0.658407150454182, -0.0245099525314266]], "inverted": false, "swapped": true, "error_lsq": 0.04618269569239548, "error_max": 0.26123577603272496, "target": "430.xyz", "model": "21.xyz", "model_rescale": 4.08911054899281, "target_rescale": 4.052684393082232},
{"mapping": [12, 10, 9, 15, 14, 1, 11, 5, 8, 13, 0, 2, 6, 16], "R": [[-0.6381503854729442, -0.6687718924631263, 0.38145542514430364], [-0.7300588329161912, 0.36828835014116734, -0.5756542292308341], [0.2444957791083141, -0.6458388707731871, -0.7232661799065632]], "T": [0.05150396097928976, -0.08200368044346151, 0.0009257411610847088], "aligned_model": [[-0.5521344854954217, -0.7033182661981243, -0.456226628182957, 0.46696685314256053, -0.0757543025684297, 0.7738390916938367, 0.3491984597500023, -0.3246193738903508, 0.23240572523626768, -0.1612669752678022, 0.31025264794095064, 0.6904736441683104, -0.10065469527486874, 0.05581155267616619], [-0.5042853917291279, 0.20260312287736937, -0.1744341535227578, -0.33656467951259683, -0.6431213610093498, 0.24649533312996658, 0.29429808037960464, 0.3437531126075381, 0.5770997966115573, -0.5081478997156543, 0.12800957559789894, -0.4175576358039694, 0.5308519268943902, -0.09328428637217537], [0.048552291375550394, 0.020362358082837734, -0.4902095437022753, -0.5413807228262326, -0.28328345795506005, -0.016927501763450967, -0.5954533333054509, -0.4173940457073304, -0.11577548540817717, 0.45903009509986503, 0.7002274982458189, 0.02029366259043827, 0.39693063561676, 0.04696749412580199]], "inverted": false, "swapped": false, "error_lsq": 0.039342852639042136, "error_max": 0.24308560736881155, "target": "430.xyz", "model": "22.xyz", "model_rescale": 4.204369325754507, "target_rescale": 4.052684393082232},
{"mapping": [14, 3, 12, 4, 13, 8, 0, 1, 6, 11, 5, 9, 2, 15], "R": [[0.3457749314341996, -0.6557155321306956, 0.6711757129949161], [-0.141421971277768, 0.6707071268821432, 0.7281152216438079], [-0.9275987941085224, -0.346682983245587, 0.13918112765872848]], "T": [0.0193337436029625, -0.11222421316329945, -0.12594521490863128], "aligned_model": [[-0.6078652062616601, -0.7831248065371998, -0.32432892822795156, 0.3096918946409958, -0.031240940721933702, 0.6954151794817852, 0.32543035400135734, -0.21803868744043267, 0.29453803084849584, -0.05340519515373565, 0.46292031457860394, 0.5396720456736236, -0.11102624849943596, 0.006335441347627941], [-0.5343873153342215, 0.1627053497362625, -0.21996321858274004, -0.21071188045911332, -0.7793979252575638, 0.22406892925624355, 0.334643597726625, 0.47471763498669484, 0.5660156462222168, -0.46547101352592446, 0.17849575654583455, -0.482826883729642, 0.489975825947231, -0.09214896309920918], [0.04180088647773264, -0.20277363168764534, -0.5387736743329545, -0.7897654858649211, -0.0655193548174086, -0.08019622631242872, -0.5493696859173477, -0.3121521424120311, 0.024177231829401208, 0.49786480963564717, 0.5143480741560443, 0.2993917796308183, 0.48698762673667095, -0.09408026265248237]], "inverted": true, "swapped": false, "error_lsq": 0.042450943454396706, "error_max": 0.28557852765849095, "target": "430.xyz", "model": "23.xyz", "model_rescale": 4.410303926677745, "target_rescale": 4.052684393082232},
{"mapping": [9, 14, 11, 1, 10, 0, 7, 13, 12, 4, 2, 3, 5, 16], "R": [[0.20033357610905028, 0.2273794709312523, 0.9529769328175701], [0.5732512569571895, -0.8160138086318214, 0.07419205159039527], [0.7945120859246648, 0.5314320655749081, -0.29382053195518004]], "T": [-0.12940404626502466, -0.013206460974452636, -0.058022526598869445], "aligned_model": [[-0.6276125668325867, -0.7428501729465896, -0.33789067526670336, 0.4549067984307378, -0.11824635684540137, 0.5711204538178669, 0.19861422267670525, -0.29680729799579536, 0.19723886711453398, 0.09337525715808259, 0.5832060839125512, 0.6227561669083989, -0.0708786206790172, -0.021958911722642693], [-0.3924418023752383, 0.15730914050483083, -0.27681146953604474, -0.39772913213847405, -0.6640793984633148, 0.26236087629349725, 0.21998273551861194, 0.585046716666082, 0.7081858472555811, -0.31383148464506494, -0.003978284132419709, -0.44966810564822557, 0.2776041422513526, -0.06623424111848013], [-0.038304273763114294, -0.2877142097878328, -0.5944619095672735, -0.5550723246092376, -0.05313668101699363, 0.002919072500878722, -0.587132827539692, -0.3870451862776586, 0.08008388001992509, 0.5197995481789202, 0.5120613218820802, 0.17221046643565827, 0.49659986840457115, -0.0488668003911356]], "inverted": true, "swapped": false, "error_lsq": 0.041892464131016195, "error_max": 0.2840172348113603, "target": "430.xyz", "model": "24.xyz", "model_rescale": 4.28219845311461, "target_rescale": 4.052684393082232},
{"mapping": [7, 9, 12, 14, 13, 6, 10, 11, 8, 4, 0, 2, 1, 15], "R": [[0.42850800894308816, -0.8643671767361887, 0.26315446044621954], [0.8992948516118326, 0.43619878553273483, -0.03161312012787351], [-0.08746231266141105, 0.25019992662044854, 0.9642356250331348]], "T": [-0.0740768577143689, -0.008476230763260074, -0.015294739430736046], "aligned_model": [[-0.6391808832432806, -0.730341918068028, -0.28726406176174263, 0.3914348958532923, -0.16857131588473873, 0.7887956080644953, 0.34143495482612257, -0.17846225726209497, 0.20665742133399173, -0.07177157266178613, 0.5127445081273281, 0.4425724014717908, -0.0800822524099973, -0.022992280655212256], [-0.4851271980945958, 0.05357398971782173, -0.2895514242819096, -0.16605799766373563, -0.575253087129625, 0.25139531349792893, 0.43338870383812694, 0.19648474721745682, 0.6263822325578456, -0.33312242491681543, -0.03196936177899224, -0.4564692845192038, 0.43786711428015634, -0.015825782291765456], [0.22761944587622818, -0.1647591986714766, -0.6935040373999849, -0.5971980122566536, -0.16612991238304797, -0.004569850385650762, -0.5269685926193719, -0.5088246342851858, -0.024731531554409422, 0.6398755493554318, 0.5509586750601343, 0.018702189206068073, 0.443637665632008, 0.03783218889500626]], "inverted": true, "swapped": false, "error_lsq": 0.04717946243574405, "error_max": 0.29097466791248994, "target": "430.xyz", "model": "25.xyz", "model_rescale": 4.100010024507729, "target_rescale": 4.052684393082232},
{"mapping": [12, 1, 0, 2, 10, 11, 9, 3, 7, 5, 8, 13], "R": [[-0.052005149265574924, -0.6013785535959301, -0.7972699039376392], [0.9320994610606844, -0.3157862773561276, 0.17739679175210782], [-0.3584495210489855, -0.7339093011458746, 0.576967138190146]], "T": [-0.006762624918891042, 0.036321324910261674, -0.02389115818103252], "aligned_model": [[-0.5493893040089586, -0.08668100654967381, 0.3667918003521243, 0.6856818138441197, -0.5518294469930783, 0.08257340403154728, -0.17842342606615313, 0.5978888429171715, 0.023772378478718575, -0.23103553013855285, -0.3707679556687605, 0.08818403216450262], [-0.10985378459139249, -0.7609937785380291, -0.3845285875668486, -0.35807381942786437, 0.627869663557635, 0.7426758918681493, 0.15840494712729722, 0.4148203628639027, -0.3990935001952109, 0.6685952172793566, 0.022032485112105295, 0.04427629256153871], [-0.02114709818557387, 0.08926692147037013, 0.5484345329643259, -0.07825169224475195, 0.17880622848052913, 0.15497140320077604, 0.5726958647033068, -0.2449686287164274, -0.3857853933281537, -0.5220833988989114, -0.664263127991593, -0.06248332159953976]], "inverted": false, "swapped": true, "error_lsq": 0.04340709377446105, "error_max": 0.24351186224222565, "target": "430.xyz", "model": "26.xyz", "model_rescale": 3.6694154284099745, "target_rescale": 4.052684393082232},
{"mapping": [10, 11, 9, 7, 8, 1, 3, 12, 6, 4, 0, 5, 2, 13], "R": [[0.012639755238404216, -0.011349805277120512, -0.9998556988424303], [0.32996946521003234, -0.9438742336011031, 0.014885670053285727], [-0.9439069809131186, -0.33011000146027303, -0.008185250111024833]], "T": [0.033648273687350724, -0.09630186009764, -0.06321374134956495], "aligned_model": [[-0.4858474169053329, -0.7422791192967018, -0.349568073977983, 0.4224461726351853, -0.03159146968466481, 0.8198554021876994, 0.22011478781097404, -0.32152176723083964, 0.2422763438419276, -0.14556166387609626, 0.3439907454495853, 0.7423855200723934, -0.22297119885961375, 0.013244985563607196], [-0.3609602248515792, 0.26990671410115863, -0.2217449366679359, -0.26949700329726745, -0.7300106659995108, 0.28998677156136043, 0.23152818283130053, 0.5450725426214269, 0.5575421326823394, -0.5198495300891645, -0.012922861141447223, -0.3966941489031781, 0.32515384676915315, -0.06179527918396188], [0.08501209079192856, -0.061361649168664406, -0.6130071579097977, -0.5268603318301307, -0.11335471897493217, 0.047719111502969744, -0.7777687933905789, -0.36690096684379025, -0.07557469816942508, 0.6179776705253811, 0.5144270084999513, 0.11963725846686371, 0.40438777667877956, -0.022392655709459294]], "inverted": false, "swapped": false, "error_lsq": 0.037732775381484375, "error_max": 0.2368753077268636, "target": "430.xyz", "model": "27.xyz", "model_rescale": 4.103607728864725, "target_rescale": 4.052684393082232},
