[{"mapping": [10, 8, 11, 5, 2, 9, 0, 7, 6, 4, 3, 12], "R": [[0.5722505699712945, -0.22036352692753378, -0.789917211590928], [-0.6098298798746988, -0.7583549267584389, -0.23022884848170838], [-0.5483035680893743, 0.613463708022945, -0.5683533022330387]], "T": [-0.026185704870472615, -0.0873541985022814, -0.08019581539671289], "aligned_model": [[-0.2552964893619064, 0.1735559420389009, 0.36812407793992813, -0.22429656286376284, 0.043329172412840386, -0.725354502719765, 0.3980627372317516, -0.08201591774451344, 0.608348286029168, 0.149251375077384, -0.5838990543198055, -0.03216660125967106], [-0.2879072460150236, -0.6880034694474206, -0.3993039173968008, 0.5699889673438361, 0.4336090278355297, -0.5174572220075339, -0.17389576593260123, -0.5089743709130667, 0.12123057445710217, 0.46914459956458887, 0.07631545776093626, -0.04119159927248921], [-0.5386648899920041, 0.03162981314816679, -0.5378462719736594, -0.05799690696391487, -0.6272510995644318, -0.0903561648830421, 0.5213410753116756, 0.5945816050182338, -0.0870154127911576, 0.5889084922327541, 0.371833354831593, 0.012788150979349072]], "inverted": false, "swapped": true, "error_lsq": 0.038013214727535, "error_max": 0.24546025426150186, "target": "431.xyz", "model": "0.xyz", "model_rescale": 3.751011558992144, "target_rescale": 3.8645847065376473},
{"mapping": [10, 0, 7, 8, 4, 1, 11, 5, 9, 2, 3, 12, 14], "R": [[-0.5642375360329116, -0.7347324096681175, -0.3765691027086401], [0.8122245998280252, -0.412180429534238, -0.41279352337842656], [0.14807836562345394, -0.5387722892765112, 0.829335407384753]], "T": [-0.09201243413045262, 0.01453604899258909, -0.05239611182674579], "aligned_model": [[-0.09684838771223081, -0.3294883951519282, 0.0703369985885971, -0.6660973401075303, -0.7152634811070651, -0.5583794403971081, 0.4575187471717847, -0.08431753101105778, 0.36059998864120524, -0.2494453303504948, 0.23934791642882275, 0.595014345031305, -0.037899756345858744], [0.303759593344313, -0.36564908257231266, -0.6168020202534708, 0.33576621644037546, 0.037530834847564754, -0.5019154497421567, -0.245473827029826, 0.636922559945733, 0.4284738130246811, 0.4236313927652643, -0.12439160158602205, -0.23016162675387092, 0.014345338108227754], [-0.8197161904604552, 0.5596242735963136, 0.06897904137070347, 0.0351021875317548, -0.5388150076108718, -0.014117993320889796, -0.5692532817238575, -0.0008028327569327559, -0.29320131026560003, 0.6487415243613244, 0.6216256352220542, 0.08935139706181562, -0.061090602939329414]], "inverted": true, "swapped": false, "error_lsq": 0.046541936645534736, "error_max": 0.2718402336754814, "target": "431.xyz", "model": "1.xyz", "model_rescale": 3.9405287249114394, "target_rescale": 3.8645847065376473},
{"mapping": [6, 2, 5, 1, 0, 2, 11, 7, 3, 4, 8, 10, 12], "R": [[-0.026180462027498172, 0.8389839098551016, -0.543526064151733], [-0.9815615737209312, -0.12455920568186614, -0.14498924537493013], [-0.18934481878973047, 0.5297084134541848, 0.8267753844384428]], "T": [-0.040063742139053005, 0.04197535325461687, -0.030663499235948292], "aligned_model": [[-0.05528623063962318, -0.4856778638558588, -0.18716674058992214, -0.7784025746760039, -0.6176609850770238, -0.4856778638558588, 0.30140308679713884, -0.10894081830180219, 0.3514694099060222, -0.08509244595878643, 0.42731250214012345, 0.7985704147809134, -0.08977155699087798], [0.19827054610676859, -0.4034670095399404, -0.6545285754879692, 0.2722107423482433, -0.20762740757252932, -0.4034670095399404, -0.3626724504185256, 0.8089575131940204, 0.45839878523310756, 0.44757003237624593, -0.04556536954567881, -0.017774703885642937, 0.005731047270341003], [-0.550947827199594, 0.228525203211077, -0.17667468192294447, 0.13984681228551044, -0.5847482175000422, 0.228525203211077, -0.5073970188839232, -0.2201474507202346, -0.02102012234843658, 0.5395654845796308, 0.5813706813821409, 0.03723201483709982, 0.03229675913466858]], "inverted": true, "swapped": false, "error_lsq": 0.05463446205795767, "error_max": 0.3872193420155613, "target": "431.xyz", "model": "2.xyz", "model_rescale": 3.932901565614263, "target_rescale": 3.8645847065376473},
{"mapping": [9, 1, 0, 10, 8, 3, 7, 12, 5, 6, 2, 4, 13], "R": [[0.6011563813566443, 0.7540873960915955, 0.26450558445897177], [-0.4301342729345896, 0.5842892901859735, -0.6881791428262001], [-0.6734949980521139, 0.2999303659681171, 0.6756080692006382]], "T": [-0.19935317680352221, -0.07016888907490507, -0.0725789813142959], "aligned_model": [[-0.1036342088613108, -0.45961006453082937, 0.03790734772946269, -0.6076850762752787, -0.5481450135141671, -0.3926234195291979, 0.2676657292984365, -0.21630921577974774, 0.2917930132480702, 0.038099426766208117, 0.22881159953885866, 0.6348189515274392, -0.18601073593950304], [0.37296471206502835, -0.3203517967743348, -0.636201546638328, 0.39975471811124597, -0.17341152954566272, -0.5155823222159238, -0.18761053342733203, 0.693135892964662, 0.44563614903415294, 0.3857764015449552, -0.1873316710871675, -0.2239760015315568, 0.04323366803876098], [-0.6507341768333514, 0.57429309722806, 0.1962421547837211, 0.2817969540766047, -0.7101304987342997, -0.23049973655409545, -0.5996874605311172, -0.0581528724383376, -0.17015084361990723, 0.3773348034281658, 0.6325080062192465, 0.13653016963638892, -0.052922756595048824]], "inverted": true, "swapped": false, "error_lsq": 0.05197062439881495, "error_max": 0.3392032663916457, "target": "431.xyz", "model": "3.xyz", "model_rescale": 3.9243930471874484, "target_rescale": 3.8645847065376473},
{"mapping": [5, 4, 7, 3, 0, 2, 1, 6, 11, 10, 8, 9, 12], "R": [[-0.6556473122896584, 0.7439651151204386, 0.1290058501432379], [-0.37312760454844773, -0.4677684200867134, 0.8012293653464764], [0.6564315597313131, 0.4771882360802837, 0.5842850286763329]], "T": [-0.0021409969523989714, 0.05871772296685541, 0.051488175396450495], "aligned_model": [[-0.06367692963664699, -0.3336582978033652, -0.11602281613995159, -0.6527832340751302, -0.5174479687564703, -0.7193053021841053, 0.17164291811333074, -0.25557871832328727, 0.49571065982519413, -0.016449751551058323, 0.3180831581458209, 0.7010935189460114, -0.026528902881900577], [0.27839259840124314, -0.2641744391744227, -0.734255274288049, 0.2286088785342884, -0.15839318620742082, -0.5026104840184142, -0.39368006344820855, 0.698471809056207, 0.6723473188596113, 0.4319780878855017, -0.23097640575151646, 0.0061126776747852316, 0.0642146230148945], [-0.6707163509438716, 0.42324643058965655, 0.08530408578317926, 0.07896625568900005, -0.5893268769300606, -0.09616172693268775, -0.4731981058170592, -0.1676020924271593, 0.009816503054000489, 0.6494845625440208, 0.5096040681506334, 0.031960844912680406, -0.06495075760630323]], "inverted": false, "swapped": false, "error_lsq": 0.04443698250565394, "error_max": 0.26267331027549745, "target": "431.xyz", "model": "4.xyz", "model_rescale": 3.8936222436046832, "target_rescale": 3.8645847065376473},
{"mapping": [9, 3, 1, 10, 5, 4, 0, 6, 11, 8, 2, 12], "R": [[0.9604414538018361, 0.0462450636603736, 0.2746153817725145], [0.08975849439811623, -0.9848958656378779, -0.1480660208582604], [0.2636202315877885, 0.16685780753822535, -0.9500857043241613]], "T": [-0.008177639727660085, -0.07481174584178052, -0.0060466688231231094], "aligned_model": [[0.06717990912058736, -0.5957625678292202, -0.2842378675277758, 0.3550993001734848, -0.5362164632098887, -0.7700546954208923, -0.20576250069573604, 0.058249091442797996, 0.6318115602187856, 0.3939132096324296, 0.015852266980264176, -0.10252320066973916], [-0.6508224320906445, -0.428188006334274, 0.2989543035163112, -0.047766215537798654, 0.3136044295947752, 0.01605948116246017, -0.3166049082151456, 0.32507916187748737, 0.11110665104201384, -0.49772007911297805, 0.6417433222039333, -0.09652280299633298], [-0.5860999254942374, -0.27443347561665776, -0.6916172710566243, -0.4186064499746887, -0.21134795189213962, 0.4405576615071656, 0.6661282367991339, 0.5248603393578134, 0.12843361224258237, 0.2634950420624334, -0.2539899755233649, 0.03190487686410238]], "inverted": false, "swapped": true, "error_lsq": 0.03404720834820462, "error_max": 0.17827575870276405, "target": "431.xyz", "model": "5.xyz", "model_rescale": 3.6523030999806103, "target_rescale": 3.8645847065376473},
{"mapping": [1, 11, 10, 3, 2, 4, 6, 0, 5, 7, 9, 8, 12], "R": [[0.9476949815365847, 0.16671288399516243, 0.2721783170650958], [-0.0031623293470924158, 0.8576117848770795, -0.5142878825259743], [-0.319161748402707, 0.4865273278552454, 0.8132815856802378]], "T": [-0.011979849560916814, -0.03776041125358597, -0.03670599567795538], "aligned_model": [[-0.06882700593497897, -0.45030025163698045, -0.037001792714015824, -0.5617665161595143, -0.49543657597897073, -0.5184464954963167, 0.2894460736615917, -0.3151236915527572, 0.3362698344369838, -0.15747043549726958, 0.33996956890919444, 0.6607989744229262, -0.03703335278145138], [0.2992233423469378, -0.2718992109236943, -0.8171937390999996, 0.38146253174418326, -0.21481733731779, -0.3067821258701531, -0.38936950557440336, 0.8919951076621109, 0.5446653659862302, 0.31498259650832633, -0.3745322558785197, -0.020864927119371497, 0.059166298074643194], [-0.6413424290947046, 0.6896708010012181, -0.013670556239966242, 0.03131935432240221, -0.5944981369124407, -0.020880208284402756, -0.49292734510437397, -0.21226856744917852, 0.02165410703530779, 0.5300593169304998, 0.497502958465563, -0.0647470242125582, -0.0034454303913368164]], "inverted": true, "swapped": false, "error_lsq": 0.05222774063103968, "error_max": 0.3116284031859631, "target": "431.xyz", "model": "6.xyz", "model_rescale": 4.08911054899281, "target_rescale": 3.8645847065376473},
{"mapping": [13, 4, 3, 5, 7, 6, 1, 12, 11, 10, 8, 9, 14], "R": [[-0.20358798373433223, -0.7830955838354979, 0.5876335928589599], [0.17211557413644835, 0.5622298100561612, 0.8088719736916923], [-0.96380919378198, 0.26581750743988525, 0.020319712590893463]], "T": [-0.08868439257128136, -0.021136851829651103, -0.08164910346292707], "aligned_model": [[-0.08386701551108877, -0.4445613711883848, -0.015881561081830975, -0.7335224015418582, -0.7560857381415672, -0.3261880094885519, 0.43019199869795155, -0.24217272489188502, 0.3240314884725055, -0.03927656048407094, 0.16470245195517508, 0.6320010594500699, 0.07570671743197677], [0.3982751248201133, -0.2814153961028082, -0.7482802170851421, 0.2417618637913629, -0.01297056412698868, -0.44426318068618376, -0.18120259637829575, 0.6701791946175489, 0.3962096715642502, 0.4905710611906694, -0.11280448326745435, -0.2818243347228888, -0.038200003075683185], [-0.6816198603108095, 0.4683110270771538, 0.22234713065488498, 0.2274939655116361, -0.47381962786982335, -0.1986922930686585, -0.5746930232722084, -0.16242888915990608, -0.07734284029966797, 0.42331503029591067, 0.544881921828313, 0.08331096266023712, -0.07463666398103261]], "inverted": false, "swapped": false, "error_lsq": 0.05033394761770715, "error_max": 0.2768849400421119, "target": "431.xyz", "model": "7.xyz", "model_rescale": 3.964800864290218, "target_rescale": 3.8645847065376473},
{"mapping": [9, 0, 1, 6, 10, 3, 8, 11, 12, 4, 2, 7, 13], "R": [[-0.978982518924869, 0.19515644983758726, -0.05922151404944139], [-0.1465758756004217, -0.8751891531001895, -0.4610417106810869], [-0.1418052902098105, -0.4426713299758215, 0.8854001091517604]], "T": [-0.12291871962299543, -0.053930620071829014, -0.0031560649554295585], "aligned_model": [[0.06159317640645952, -0.3769006043821309, 0.24741203565832798, -0.568157290613421, -0.5198167683028909, -0.7717405568304727, 0.2660900700651809, -0.31599641207195994, 0.4407167278994018, -0.10009042341717996, 0.15225815920227065, 0.5749321052789804, -0.1052218852141248], [0.2911549922994298, -0.4707265688699639, -0.697252786156578, 0.22991418247386208, 0.04245286609788486, -0.3669729647743315, -0.26035457536666434, 0.7351536631728893, 0.43298915357138446, 0.4931911984964654, -0.07796287145141441, -0.18879743778038865, -0.06675271117407514], [-0.5694845978288697, 0.5211851520039118, 0.10689671097133172, 0.2370533564849878, -0.7161190202028223, 0.08049445619226309, -0.633329766114925, -0.16808126954354682, -0.1292479109250975, 0.4386923021940985, 0.5987649132532596, 0.03768916275247962, -0.07808664917104144]], "inverted": true, "swapped": false, "error_lsq": 0.04420278761231747, "error_max": 0.2709946858997263, "target": "431.xyz", "model": "8.xyz", "model_rescale": 4.121658175737393, "target_rescale": 3.8645847065376473},
{"mapping": [11, 4, 6, 5, 7, 9, 8, 10, 3, 0, 1, 2, 12], "R": [[-0.5528120170440607, -0.20574963847146344, 0.8075060124113874], [0.31406885788949396, -0.9490219163507482, -0.026798410212977707], [0.7718546665763358, 0.23879800785353358, 0.5892502737627856]], "T": [-0.0884625558102266, 0.011241296585486584, -0.08220325277477314], "aligned_model": [[0.013121698503135437, -0.4467978810403883, -0.008289937604192305, -0.6133267551780452, -0.49157238973963796, -0.6823636629608778, 0.30938105149293854, -0.24275154805652144, 0.42882383553149056, -0.022065999176383577, 0.20558874473776645, 0.5910076545227425, -0.05567647735358573], [0.3010072457312167, -0.2560461719713929, -0.6770539262809888, 0.28496434052567465, -0.10880426017560424, -0.5692090473610866, -0.37389683639412075, 0.753512375135769, 0.5997576513088312, 0.3823047471008687, -0.23549607627513888, 0.017238929163983504, -0.02224282996951184], [-0.6378545899861368, 0.6847916113301794, -0.08018148049489592, 0.09474638331943669, -0.6097470295407659, -0.02263236917814543, -0.5554288019374183, -0.12354794306008682, -0.17573015278665585, 0.6082514206695202, 0.49014822769278155, 0.061430700496763746, -0.007819136458546969]], "inverted": true, "swapped": false, "error_lsq": 0.04532146695951138, "error_max": 0.29242490338064625, "target": "431.xyz", "model": "9.xyz", "model_rescale": 3.833441315466971, "target_rescale": 3.8645847065376473},
{"mapping": [8, 6, 1, 7, 11, 12, 10, 9, 2, 3, 5, 13, 14], "R": [[-0.4447757374408956, -0.6780806484194825, 0.5851334699219672], [-0.4333058930500181, 0.7346769502035027, 0.5220112852111592], [-0.783849823902534, -0.021363826405730868, -0.6205828232309303]], "T": [-0.11122143262546619, -0.10028244550572668, 0.022059652024915957], "aligned_model": [[-0.024775116429557764, -0.48011005872033996, 0.04520078883980311, -0.6222095654805639, -0.5874305119309204, -0.4401535232322046, 0.04915206224131641, -0.05508741620786445, 0.36217540567772655, -0.24004068120368238, 0.4139308644791951, 0.6795484262499327, -0.11512234060439888], [0.34096895411840494, -0.4228997998983626, -0.7753836233914642, 0.32348491280219316, -0.033302595122369646, -0.5880295252941243, -0.2915477614803469, 0.6932130398626666, 0.4250826298615567, 0.6148353680556444, -0.14915892267976646, -0.03489062465063508, -0.006335911644896941], [-0.6146377636464858, 0.4922391839352791, 0.27775365109995337, -0.034741148108569465, -0.46175404504581097, -0.1080423204341656, -0.7611721556598924, -0.13644591075923657, 0.15065679816939354, 0.497805344249848, 0.4454523259007918, -0.056001102993800664, 0.03531398335872499]], "inverted": false, "swapped": false, "error_lsq": 0.050431929227602305, "error_max": 0.2880470345190646, "target": "431.xyz", "model": "10.xyz", "model_rescale": 4.2482417240324, "target_rescale": 3.8645847065376473},
{"mapping": [9, 10, 11, 2, 7, 0, 8, 6, 5, 4, 3, 12], "R": [[0.38749460084480347, -0.8054096196091591, -0.44851229521291436], [-0.1507046528908279, 0.42463463552580405, -0.892733741890001], [0.9094701984744644, 0.4135223947416844, 0.04316465143981801]], "T": [0.01920877458301456, -0.03203359964147825, -0.008085013759840332], "aligned_model": [[-0.708514082949512, -0.04217860305082749, 0.3739893466005296, 0.5675472398812067, -0.5290423719940137, 0.025863063383723735, -0.16774282135316781, 0.6000688465598054, 0.17394324462466693, 0.11507066465145821, -0.5269994215176607, -0.00523950247320272], [-0.397423396791678, -0.5374070524861129, -0.20644489956725687, -0.4736015390000489, 0.5229113428906058, 0.7045999149166027, 0.1827824346211568, 0.2904035575612019, -0.13339648749180552, 0.6155388449235282, 0.05539489851319874, 0.042773771961247674], [0.09602353622189232, 0.20104755621509987, 0.5450408458061067, -0.29065742518899595, 0.15823377829369378, 0.07346006624467599, 0.5681826459236112, 0.06136537475121617, -0.6696162299716022, -0.6077766702229077, -0.4940635847848068, -0.07604760343362688]], "inverted": false, "swapped": true, "error_lsq": 0.05177357977000935, "error_max": 0.3124021177392351, "target": "431.xyz", "model": "11.xyz", "model_rescale": 3.6694154284099745, "target_rescale": 3.8645847065376473},
{"mapping": [7, 3, 8, 12, 10, 2, 9, 5, 6, 0, 4, 11, 13], "R": [[0.7169502289544483, -0.5546722561089593, 0.42228078041175565], [-0.5114087581694032, -0.8301342806217601, -0.2221219444454372], [0.47375463192436773, -0.05670771058321897, -0.8788292122424111]], "T": [-0.10629528439945266, 0.059082699215097394, -0.012751996509326262], "aligned_model": [[0.001649919356861096, -0.13463096069550992, -0.016496235776224277, -0.7329316196618089, -0.4584246820390139, -0.5698055057809535, 0.1865692537594836, -0.13355778309632577, 0.3328010490487966, -0.15562594405340996, 0.21846530172695036, 0.5730913818734477, -0.1260258409838521], [0.33284456280698876, -0.5720378720039144, -0.6904041164176763, 0.31111498621198225, -0.10982933596094374, -0.3892801639913627, -0.3626265751760404, 0.8407589258496707, 0.4103845691768386, 0.53045814020823, -0.08346913546825713, -0.22679145221778524, 0.10491360752076975], [-0.6950771341806908, 0.5721692072748709, -0.0657000405723284, -0.08741878903835337, -0.5137533927140973, 0.08943699978917083, -0.6300670838606253, -0.19388682296691287, 0.04754924367160034, 0.5221400898708085, 0.6367772067429501, -0.054445834665561105, 0.09870319071519801]], "inverted": false, "swapped": false, "error_lsq": 0.049074918214655365, "error_max": 0.29275360924383753, "target": "431.xyz", "model": "12.xyz", "model_rescale": 3.9764082729961374, "target_rescale": 3.8645847065376473},
{"mapping": [6, 2, 7, 12, 5, 0, 4, 13, 14, 10, 8, 3, 15], "R": [[0.41468838986125256, -0.7622109705283402, -0.49705932816971427], [-0.4429791430145065, 0.308050202491002, -0.8419468816970499], [0.7948603765243399, 0.5693325119396386, -0.20989872005347304]], "T": [-0.1677401598875249, 0.06241585986203124, -0.006351583158544186], "aligned_model": [[0.04842387408355131, -0.2757097962347921, 0.12009132114181242, -0.6252140659325063, -0.6692889380528394, -0.45584087237438187, -0.031518054007589474, -0.11519582840831477, 0.48548579028277117, -0.21814266154748993, 0.16785580811085576, 0.6357537084768121, -0.08162195185944777], [0.35249339056292994, -0.5164489901092053, -0.6361723207256844, 0.4864306184565591, -0.0701223829325266, -0.5970465845013008, -0.38442362922967027, 0.6582124109870778, 0.4718455007809809, 0.4680712039116404, -0.04147659626172062, -0.11360336776845986, 0.018276887367879732], [-0.6792460342421092, 0.5317167740238273, 0.006348471746592296, 0.12834305196193824, -0.6649154321151426, -0.10234740307361018, -0.5519170976818973, -0.1357583414202423, -0.21723369889186828, 0.6857829620193974, 0.6070280223651096, 0.17213730254275184, -0.05351173716871766]], "inverted": true, "swapped": false, "error_lsq": 0.044256039358480465, "error_max": 0.2834378356847819, "target": "431.xyz", "model": "13.xyz", "model_rescale": 4.170626492500431, "target_rescale": 3.8645847065376473},
{"mapping": [1, 5, 6, 10, 9, 11, 3, 7, 0, 8, 4, 2, 13], "R": [[0.06524227767769478, 0.07710091322349188, 0.9948863725991679], [-0.9007560009936884, 0.4335781248684375, 0.025468339353566405], [-0.4293973356662629, -0.8978114828936381, 0.0977367346857948]], "T": [-0.033456235947151726, 0.029688597859032648, 0.012251155129441069], "aligned_model": [[-0.0009728865972939427, -0.390173337142435, 0.0819124044026816, -0.5401432788886691, -0.6165358972856813, -0.5086966197995726, 0.11438318054247545, -0.16031421374552815, 0.37033248238293487, -0.15424553447685907, 0.26366008797249474, 0.6063969096833012, -0.08052496336940793], [0.361205995813083, -0.6399155156066848, -0.7965048256958339, 0.27482173933004694, 0.06591490291712075, -0.4678422192215052, -0.3950676082528742, 0.819912946467995, 0.4302938689372255, 0.5662974684822121, 0.05977870181739684, -0.12305992226781572, -0.05979939218186607], [-0.6804648882564018, 0.5138516628054716, 0.1198790824002341, 0.05106208712755073, -0.5490083230257724, -0.14982695795842016, -0.5104335268072971, -0.11768088565825637, -0.16755010810748971, 0.5112673453819625, 0.6555859095903447, 0.02596278749822188, 0.023782655075881853]], "inverted": true, "swapped": false, "error_lsq": 0.03875096443562734, "error_max": 0.21861363679595855, "target": "431.xyz", "model": "14.xyz", "model_rescale": 3.9786697098870705, "target_rescale": 3.8645847065376473},
{"mapping": [9, 10, 3, 7, 5, 4, 11, 6, 0, 8, 2, 12], "R": [[0.5391191472201269, -0.5962238485595257, 0.5948677731307279], [0.5223708591276559, 0.7907478258683243, 0.319134080628744], [-0.6606657480412301, 0.13869029632020607, 0.7377572575527369]], "T": [-0.05552205214273442, -0.00715367443720568, -0.03712641736771597], "aligned_model": [[-0.09249097902258036, -0.5233385994319182, 0.3817533157989865, 0.6114900846766362, -0.03035331487096033, 0.6260381573390982, -0.5053308688441756, -0.04047048832660698, 0.5572406769355762, 0.054079744660875013, -0.5931219684602392, 0.03785883631264505], [-0.5225947791045483, -0.22730405121971267, 0.07627810379210817, -0.4440586504589727, 0.6191065657791226, 0.5555056216558442, -0.25835735338309923, 0.28066634283741704, -0.04932586115635947, -0.5793010036070335, 0.5278041766482254, 0.03625537844144713], [-0.6749999295005924, -0.22577598265250107, -0.6236344720826801, -0.05747342742293416, -0.31820538752267613, 0.04689651479942932, 0.4065012558506491, 0.5654684615591549, 0.3776821636939615, 0.23456481042167507, -0.019493696837161352, -0.05156381643249446]], "inverted": true, "swapped": true, "error_lsq": 0.05289803135619001, "error_max": 0.2650167233821227, "target": "431.xyz", "model": "15.xyz", "model_rescale": 3.769337070930944, "target_rescale": 3.8645847065376473},
{"mapping": [10, 9, 2, 5, 11, 8, 6, 7, 4, 3, 12], "R": [[0.5969547689355656, 0.2248234213245398, -0.7701294911045897], [-0.13051437527556875, -0.9199305981857481, -0.3697211007882027], [-0.7915876462474094, 0.32121974370443157, -0.5198142692952415]], "T": [0.009125720890085459, 0.06377068590992735, -0.0779155587141281], "aligned_model": [[-0.23936706947927763, -0.4692851387230621, -0.2502285543284354, -0.3985648684120202, 0.3619605011746989, 0.4313120720869196, 0.504255957638545, 0.27702854006640987, 0.1344394730223854, -0.4392638237785629, 0.010339041423570295], [-0.07583413647265269, -0.5979628080580084, 0.6968484595959874, 0.541130697035503, 0.08975932858295534, -0.40189659132207156, 0.5121263327158418, -0.5139910419882947, 0.42824044084237795, -0.15714058740088901, 0.07478440409459321], [-0.5487329282951233, -0.16253638228177042, -0.40571485353706804, 0.20093304617342378, -0.6584919797105073, -0.21242918320954413, -0.08119620816658514, 0.4023183580478487, 0.7218518556163224, 0.4627389824012133, 0.025476900185567045]], "inverted": false, "swapped": true, "error_lsq": 0.05791378276036387, "error_max": 0.3368465948518179, "target": "431.xyz", "model": "16.xyz", "model_rescale": 3.7852294659196426, "target_rescale": 3.8645847065376473},
{"mapping": [1, 10, 6, 0, 4, 10, 5, 3, 2, 8, 11, 7, 12], "R": [[0.15750640531369586, -0.14333695321066453, 0.9770600033413719], [0.4427582073034325, -0.8741395047845748, -0.19961286541811052], [0.8826986474163243, 0.4640416403936848, -0.07421895869742284]], "T": [-0.08126945682455769, 0.11904681402649875, -0.00504683882147005], "aligned_model": [[0.17232166401730234, -0.45834269438854935, 0.16948009769028313, -0.7224279341516382, -0.5523652719181344, -0.45834269438854935, -0.01295831319918074, -0.20194306634268064, 0.43835514982473034, -0.14083290754864175, 0.32542327634573787, 0.5354401347546136, -0.10872910701685148], [0.3147997276861146, -0.5505662658860848, -0.7300023965825507, 0.352821988047167, -0.09103603964858603, -0.5505662658860848, -0.2747427221522915, 0.8609526270782774, 0.44163725548769556, 0.49072999048934973, -0.03143065715984911, -0.2064829109832671, 0.0699218100486102], [-0.6146585959841824, 0.23721164297459257, 0.05523031088505755, -0.008529754546440373, -0.49055751087991784, 0.23721164297459257, -0.5270357270298964, -0.2648718100778962, -0.0014836558747632206, 0.5264695982948191, 0.5864678489802024, -0.07664769751561831, 0.0676205478654798]], "inverted": false, "swapped": false, "error_lsq": 0.05302136655316924, "error_max": 0.29198639642180874, "target": "431.xyz", "model": "17.xyz", "model_rescale": 3.901054581598922, "target_rescale": 3.8645847065376473},
{"mapping": [10, 0, 7, 8, 4, 1, 11, 5, 9, 2, 3, 12, 14], "R": [[-0.5642375360329116, -0.7347324096681175, -0.3765691027086401], [0.8122245998280252, -0.412180429534238, -0.41279352337842656], [0.14807836562345394, -0.5387722892765112, 0.829335407384753]], "T": [-0.09201243413045262, 0.01453604899258909, -0.05239611182674579], "aligned_model": [[-0.09684838771223081, -0.3294883951519282, 0.0703369985885971, -0.6660973401075303, -0.7152634811070651, -0.5583794403971081, 0.4575187471717847, -0.08431753101105778, 0.36059998864120524, -0.2494453303504948, 0.23934791642882275, 0.595014345031305, -0.037899756345858744], [0.303759593344313, -0.36564908257231266, -0.6168020202534708, 0.33576621644037546, 0.037530834847564754, -0.5019154497421567, -0.245473827029826, 0.636922559945733, 0.4284738130246811, 0.4236313927652643, -0.12439160158602205, -0.23016162675387092, 0.014345338108227754], [-0.8197161904604552, 0.5596242735963136, 0.06897904137070347, 0.0351021875317548, -0.5388150076108718, -0.014117993320889796, -0.5692532817238575, -0.0008028327569327559, -0.29320131026560003, 0.6487415243613244, 0.6216256352220542, 0.08935139706181562, -0.061090602939329414]], "inverted": true, "swapped": false, "error_lsq": 0.046541936645534736, "error_max": 0.2718402336754814, "target": "431.xyz", "model": "18.xyz", "model_rescale": 3.9405287249114394, "target_rescale": 3.8645847065376473},
{"mapping": [7, 3, 14, 1, 4, 12, 13, 8, 5, 2, 10, 11, 15], "R": [[-0.6679184468135309, -0.7314957384932055, -0.13710920090380602], [-0.04252967883077119, -0.14641220114288056, 0.9883090072315681], [-0.7430182870056106, 0.6659410273611143, 0.06668113115770924]], "T": [-0.1449622090341209, 0.01931534410577102, -0.11692482683778929], "aligned_model": [[0.0053748540426131475, -0.4726710007521049, 0.10942603367691797, -0.632306806359324, -0.6175719056286599, -0.49795555390347146, 0.22963503126359144, -0.1667600312586913, 0.3272018831099337, 0.059416745979296554, 0.21940095927636347, 0.5516290269240259, -0.12974090269204966], [0.2298817052420931, -0.42322079529461815, -0.6743808542742369, 0.16840784904198836, 0.02253752373410352, -0.39820996260205677, -0.4231778395783725, 0.7441607706585983, 0.6778603815688378, 0.4396800926505602, -0.18259185567653347, -0.11440054581095532, 0.02948967087909208], [-0.7716660917391337, 0.5328422914663792, 0.11504751720283038, 0.30234369381361625, -0.6748627453012495, -0.15167218567086843, -0.45634570911578864, -0.33232240827191917, 0.06919918150454188, 0.6157742955457072, 0.5496912554774668, 0.00993695885788587, -0.08153921370343845]], "inverted": true, "swapped": false, "error_lsq": 0.04138427243909521, "error_max": 0.2660284564061782, "target": "431.xyz", "model": "19.xyz", "model_rescale": 4.410303926677745, "target_rescale": 3.8645847065376473},
{"mapping": [9, 0, 1, 6, 10, 3, 8, 11, 12, 4, 2, 7, 13], "R": [[-0.978982518924869, 0.19515644983758726, -0.05922151404944139], [-0.1465758756004217, -0.8751891531001895, -0.4610417106810869], [-0.1418052902098105, -0.4426713299758215, 0.8854001091517604]], "T": [-0.12291871962299543, -0.053930620071829014, -0.0031560649554295585], "aligned_model": [[0.06159317640645952, -0.3769006043821309, 0.24741203565832798, -0.568157290613421, -0.5198167683028909, -0.7717405568304727, 0.2660900700651809, -0.31599641207195994, 0.4407167278994018, -0.10009042341717996, 0.15225815920227065, 0.5749321052789804, -0.1052218852141248], [0.2911549922994298, -0.4707265688699639, -0.697252786156578, 0.22991418247386208, 0.04245286609788486, -0.3669729647743315, -0.26035457536666434, 0.7351536631728893, 0.43298915357138446, 0.4931911984964654, -0.07796287145141441, -0.18879743778038865, -0.06675271117407514], [-0.5694845978288697, 0.5211851520039118, 0.10689671097133172, 0.2370533564849878, -0.7161190202028223, 0.08049445619226309, -0.633329766114925, -0.16808126954354682, -0.1292479109250975, 0.4386923021940985, 0.5987649132532596, 0.03768916275247962, -0.07808664917104144]], "inverted": true, "swapped": false, "error_lsq": 0.04420278761231747, "error_max": 0.2709946858997263, "target": "431.xyz", "model": "20.xyz", "model_rescale": 4.121658175737393, "target_rescale": 3.8645847065376473},
{"mapping": [1, 11, 10, 3, 2, 4, 6, 0, 5, 7, 9, 8, 12], "R": [[0.9476949815365847, 0.16671288399516243, 0.2721783170650958], [-0.0031623293470924158, 0.8576117848770795, -0.5142878825259743], [-0.319161748402707, 0.4865273278552454, 0.8132815856802378]], "T": [-0.011979849560916814, -0.03776041125358597, -0.03670599567795538], "aligned_model": [[-0.06882700593497897, -0.45030025163698045, -0.037001792714015824, -0.5617665161595143, -0.49543657597897073, -0.5184464954963167, 0.2894460736615917, -0.3151236915527572, 0.3362698344369838, -0.15747043549726958, 0.33996956890919444, 0.6607989744229262, -0.03703335278145138], [0.2992233423469378, -0.2718992109236943, -0.8171937390999996, 0.38146253174418326, -0.21481733731779, -0.3067821258701531, -0.38936950557440336, 0.8919951076621109, 0.5446653659862302, 0.31498259650832633, -0.3745322558785197, -0.020864927119371497, 0.059166298074643194], [-0.6413424290947046, 0.6896708010012181, -0.013670556239966242, 0.03131935432240221, -0.5944981369124407, -0.020880208284402756, -0.49292734510437397, -0.21226856744917852, 0.02165410703530779, 0.5300593169304998, 0.497502958465563, -0.0647470242125582, -0.0034454303913368164]], "inverted": true, "swapped": false, "error_lsq": 0.05222774063103968, "error_max": 0.3116284031859631, "target": "431.xyz", "model": "21.xyz", "model_rescale": 4.08911054899281, "target_rescale": 3.8645847065376473},
{"mapping": [12, 1, 0, 15, 3, 4, 7, 9, 5, 11, 8, 6, 16], "R": [[0.13144295171428394, -0.5243734790865467, 0.8412818819369094], [-0.10750656298400238, -0.8511799785440477, -0.5137460297083781], [0.985477087181637, -0.02291502905138698, -0.16825519927648874]], "T": [-0.11481618796667885, 0.03165901604509827, -0.059076065690436844], "aligned_model": [[-0.07530750259919237, -0.2895373290625185, 0.0617354323350794, -0.6847520481765598, -0.7651774806515249, -0.4828387733368895, 0.3415770727411835, -0.004626416138975312, 0.3360820396902943, -0.14049926584237932, 0.26085833042308465, 0.5426933139187635, -0.1151290396219245], [0.2814200557594069, -0.2915022363068014, -0.7213200728134768, 0.3489108281122989, -0.10391754272241263, -0.5340300527232317, -0.2547525350457662, 0.7012031442196258, 0.5463995495975034, 0.41102335224506503, 0.016133400293717348, -0.292764512343089, -0.010767237734339866], [-0.752637881865063, 0.6445130964621358, -0.01512819555081818, 0.2665485968906925, -0.6184757519475294, -0.23471045868111728, -0.5232633156140041, -0.2761393886496349, 0.11256899063846972, 0.6052402070207146, 0.5234955003409246, 0.0750684746751167, -0.08065303365385812]], "inverted": true, "swapped": false, "error_lsq": 0.04697763152687184, "error_max": 0.2684313125288338, "target": "431.xyz", "model": "22.xyz", "model_rescale": 4.204369325754507, "target_rescale": 3.8645847065376473},
{"mapping": [7, 3, 14, 1, 4, 12, 13, 8, 5, 2, 10, 11, 15], "R": [[-0.6679184468135309, -0.7314957384932055, -0.13710920090380602], [-0.04252967883077119, -0.14641220114288056, 0.9883090072315681], [-0.7430182870056106, 0.6659410273611143, 0.06668113115770924]], "T": [-0.1449622090341209, 0.01931534410577102, -0.11692482683778929], "aligned_model": [[0.0053748540426131475, -0.4726710007521049, 0.10942603367691797, -0.632306806359324, -0.6175719056286599, -0.49795555390347146, 0.22963503126359144, -0.1667600312586913, 0.3272018831099337, 0.059416745979296554, 0.21940095927636347, 0.5516290269240259, -0.12974090269204966], [0.2298817052420931, -0.42322079529461815, -0.6743808542742369, 0.16840784904198836, 0.02253752373410352, -0.39820996260205677, -0.4231778395783725, 0.7441607706585983, 0.6778603815688378, 0.4396800926505602, -0.18259185567653347, -0.11440054581095532, 0.02948967087909208], [-0.7716660917391337, 0.5328422914663792, 0.11504751720283038, 0.30234369381361625, -0.6748627453012495, -0.15167218567086843, -0.45634570911578864, -0.33232240827191917, 0.06919918150454188, 0.6157742955457072, 0.5496912554774668, 0.00993695885788587, -0.08153921370343845]], "inverted": true, "swapped": false, "error_lsq": 0.04138427243909521, "error_max": 0.2660284564061782, "target": "431.xyz", "model": "23.xyz", "model_rescale": 4.410303926677745, "target_rescale": 3.8645847065376473},
{"mapping": [13, 10, 8, 11, 14, 9, 5, 7, 0, 1, 3, 2, 16], "R": [[-0.818182559685179, -0.24183860203816832, -0.5216238008289436], [0.26122745086445975, 0.6518335042763914, -0.7119503505284734], [0.5121889475006907, -0.7187678159649222, -0.4701439234863626]], "T": [-0.12736601832433087, -0.017918404641957944, -0.15878153160894976], "aligned_model": [[-0.2672815225576442, -0.31834051335020264, -0.14865887737846703, -0.6939016395246684, -0.6572941757202704, -0.5894576615392311, 0.3516124469394795, -0.15098894687638664, 0.4978437390149119, -0.139163101971914, 0.41967451627021174, 0.7422036298718095, -0.06116955949918711], [0.41339182514089945, -0.2994293437179569, -0.7894110445179218, 0.17715615593021466, -0.06164316675964539, -0.4360317588261641, -0.28670568989827155, 0.644066894534858, 0.3902391131277085, 0.47339857293558696, -0.023992132442730255, -0.10838274084989709, 0.0033794558818195375], [-0.6959795967478084, 0.3962538543852924, 0.12415377552851409, 0.045435980714269464, -0.577606415291058, -0.09496523312517541, -0.4652697997791987, -0.10267166079548296, -0.04517690537358321, 0.5446413894931534, 0.555333828802224, 0.10305578809333665, -0.060778165838453746]], "inverted": false, "swapped": false, "error_lsq": 0.0438473945229694, "error_max": 0.2501041027833442, "target": "431.xyz", "model": "24.xyz", "model_rescale": 4.28219845311461, "target_rescale": 3.8645847065376473},
{"mapping": [1, 12, 14, 9, 5, 11, 6, 3, 4, 7, 13, 2, 15], "R": [[-0.20790715511482613, -0.7392946380932737, 0.6404826718488139], [-0.3611915138741548, 0.6665390551053186, 0.6521245113662004], [-0.9090188695276662, -0.09575555391644375, -0.40560518825182595]], "T": [-0.059569959941995126, -0.011552964099364283, -0.06017433009353003], "aligned_model": [[-0.09342981439202927, -0.36958476164813103, 0.09604510404752206, -0.6313266868616259, -0.7288918015050511, -0.4656135134937326, 0.4275664370201443, -0.2294746168101419, 0.40939384256570355, -0.1036012389299915, 0.10476299658274282, 0.5642571435083314, 0.004975243594699932], [0.3470060913635388, -0.4379335757046287, -0.7446221691327012, 0.22847048482676272, 0.0648984727872332, -0.372608014503383, -0.49949733699265925, 0.7281138473984096, 0.5468434274157629, 0.5315057944878857, -0.05247030215925426, -0.24789252424373498, 0.004221944995268265], [-0.5894817198481456, 0.4934593908838416, 0.0759804251886823, 0.20881762715914948, -0.581177334997298, -0.024890418102037917, -0.6405238408864106, -0.215321874073635, -0.006183637320449423, 0.4954284389263709, 0.5092437129846077, 0.09397942983291634, -0.09290335968156264]], "inverted": true, "swapped": false, "error_lsq": 0.03945402392247842, "error_max": 0.288608057062022, "target": "431.xyz", "model": "25.xyz", "model_rescale": 4.100010024507729, "target_rescale": 3.8645847065376473},
{"mapping": [9, 10, 11, 2, 7, 0, 8, 6, 5, 4, 3, 12], "R": [[0.38749460084480347, -0.8054096196091591, -0.44851229521291436], [-0.1507046528908279, 0.42463463552580405, -0.892733741890001], [0.9094701984744644, 0.4135223947416844, 0.04316465143981801]], "T": [0.01920877458301456, -0.03203359964147825, -0.008085013759840332], "aligned_model": [[-0.708514082949512, -0.04217860305082749, 0.3739893466005296, 0.5675472398812067, -0.5290423719940137, 0.025863063383723735, -0.16774282135316781, 0.6000688465598054, 0.17394324462466693, 0.11507066465145821, -0.5269994215176607, -0.00523950247320272], [-0.397423396791678, -0.5374070524861129, -0.20644489956725687, -0.4736015390000489, 0.5229113428906058, 0.7045999149166027, 0.1827824346211568, 0.2904035575612019, -0.13339648749180552, 0.6155388449235282, 0.05539489851319874, 0.042773771961247674], [0.09602353622189232, 0.20104755621509987, 0.5450408458061067, -0.29065742518899595, 0.15823377829369378, 0.07346006624467599, 0.5681826459236112, 0.06136537475121617, -0.6696162299716022, -0.6077766702229077, -0.4940635847848068, -0.07604760343362688]], "inverted": false, "swapped": true, "error_lsq": 0.05177357977000935, "error_max": 0.3124021177392351, "target": "431.xyz", "model": "26.xyz", "model_rescale": 3.6694154284099745, "target_rescale": 3.8645847065376473},
{"mapping": [5, 12, 2, 3, 1, 6, 0, 7, 8, 9, 10, 4, 13], "R": [[0.8158612429875125, -0.47116785035777564, -0.3352182706537695], [-0.39804420224261905, -0.8781150096615988, 0.265470983099937], [-0.41944158741344195, -0.08315579712950147, -0.9039656343865341]], "T": [-0.027399403857278765, 0.030903220694103985, 0.03525855733759037], "aligned_model": [[0.04878646667648606, -0.5432934735569466, 0.04992860333191107, -0.7624063418623255, -0.5092102754990342, -0.5716928129184826, 0.1580221606269231, -0.32468233547656333, 0.41407472259423306, -0.1403961777080227, 0.4331697087467383, 0.7525075976544485, -0.01972950893092421], [0.3049277372565783, -0.31003128031758975, -0.6417865389708517, 0.3235732534544322, -0.10884480476045047, -0.3651811661160547, -0.3299561268492455, 0.5612616044258686, 0.491681210571284, 0.3838100827475627, -0.017117989504417293, -0.1706023269629148, -0.025697514435701577], [-0.7030400117893345, 0.5326012844645396, 0.09557864312446127, 0.19939348153733596, -0.6913606187409893, -0.09910019817222032, -0.4865965162680616, -0.12744168264907255, 0.06904364500462302, 0.6075801551174205, 0.41926477574929044, -0.12805449586195597, 0.03855837854999326]], "inverted": true, "swapped": false, "error_lsq": 0.04462540492620138, "error_max": 0.2822756841983424, "target": "431.xyz", "model": "27.xyz", "model_rescale": 4.103607728864725, "target_rescale": 3.8645847065376473},
{"mapping": [2, 11, 8, 10, 12, 13, 4, 3, 0, 9, 7, 1, 14], "R": [[0.020334595362102387, 0.8449310174549136, -0.5344886153830261], [-0.8223297177891788, -0.28992694923449636, -0.4896082100499824], [-0.5686478167303813, 0.4494818570867823, 0.6889163379377704]], "T": [-0.20790443890267696, 0.04223961812462771, 0.12962705385487278], "aligned_model": [[0.054009717842166016, -0.4935804746617834, 0.14823613808596514, -0.6164568989124806, -0.5838440931066327, -0.46936706261107836, 0.13112732089209644, -0.2030495680936129, 0.29964585679887645, -0.1577033465753187, 0.2857590146823288, 0.6631922002911185, -0.07289047095320378], [0.12208698090450584, -0.4709580941920253, -0.6955121885015911, 0.31367878546820377, 0.14012800037762937, -0.45401137859603447, -0.4872017031549034, 0.6381801145629847, 0.5262529549446807, 0.6774892664605573, -0.33972040956148947, 0.04897565645871347, 0.07664815536726831], [-0.553268311033349, 0.4861078305107861, 0.0954782903550436, 0.2681223323213833, -0.6361280363284287, -0.1947874612503694, -0.5233343847513905, -0.32684003970285663, -0.003847768097548554, 0.6434963569575287, 0.490852990642265, -0.08014926284390375, 0.06072430328686937]], "inverted": false, "swapped": false, "error_lsq": 0.0517525098273659, "error_max": 0.2646106847787986, "target": "431.xyz", "model": "28.xyz", "model_rescale": 4.137296879288765, "target_rescale": 3.8645847065376473},
