[{"mapping": [4, 6, 5, 8, 1, 2, 12, 9, 11, 10, 7, 13], "R": [[0.6841624120033613, -0.3990498974836442, 0.6104760219042482], [0.2526877161910854, 0.9148881122424898, 0.3148470424881056], [-0.6841569352771895, -0.061146720236383595, 0.7267670648264525]], "T": [-0.16743713308643954, 0.037066254743266316, -0.040421904598677186], "aligned_model": [[-0.2810057032223686, 0.07725538071353949, 0.42184035119260394, -0.26274878552299025, -0.15716480842415956, -0.5326255749705134, 0.3895634432275605, -0.19000712022222882, 0.6704562956829816, 0.13500523085909394, -0.48208335813206843, 0.04915711127909855], [-0.4790248460286204, -0.6191205300657916, -0.35762719443195967, 0.7590042968827366, 0.3301831051566616, -0.5740827816943411, -0.31045765835498484, -0.38314610479654987, 0.16474167551718882, 0.27720074666418276, 0.22819766112115136, 0.017686666007383813], [-0.7103686225414249, -0.023888353503070822, -0.5397913154042001, -0.04804857922743515, -0.5644876545630458, -0.09648581667269358, 0.42054741076364793, 0.7246808066479274, 0.09197832316254183, 0.5904217753688125, 0.3465273955279508, -0.00913362420544804]], "inverted": false, "swapped": true, "error_lsq": 0.046570176428515624, "error_max": 0.2915912136872717, "target": "432.xyz", "model": "0.xyz", "model_rescale": 3.751011558992144, "target_rescale": 3.9841901056708737},
{"mapping": [1, 0, 6, 3, 7, 12, 11, 8, 2, 10, 5, 13, 9, 14], "R": [[0.4037931547557099, 0.7905142340710845, -0.46047620340625384], [-0.6782164859924233, -0.07913768431401597, -0.7305885470286977], [-0.6139816660947782, 0.6073092067904302, 0.5041845307494652]], "T": [-0.03629809840443882, -0.08987244972503738, 0.04231422450777102], "aligned_model": [[-0.2046546578132353, 0.34371682339592324, -0.23924594243933126, 0.7050736523024754, 0.2789779277186211, 0.5531989245732671, -0.023840462678614283, -0.397283008206786, 0.3095104471255465, -0.6689220547648302, -0.11245174650244762, 0.4494900901459751, -0.008465113103552885, -0.008389839358421892], [0.15752620301988882, 0.4039682760517629, -0.5256586937049317, 0.09013867960806662, -0.2623359171818682, -0.5406803427338475, -0.8826722998580441, 0.4488071796659089, 0.5768169177393792, -0.5330126610623157, 0.07370874019547782, -0.07391358946196093, -0.48405080480703366, -0.1344255436274018], [-0.5870787568320782, -0.39036870244081207, -0.5344251164683976, 0.0053032790623982334, -0.5149419136747189, 0.007091964804709708, -0.04737520557114182, 0.18349639021610858, 0.3882619649779757, 0.31775465556998506, 0.6402505615714864, 0.5819968617535785, 0.5696076633522023, 0.05780497478382286]], "inverted": false, "swapped": false, "error_lsq": 0.049038512518164455, "error_max": 0.3168757639768886, "target": "432.xyz", "model": "1.xyz", "model_rescale": 3.9405287249114394, "target_rescale": 3.9841901056708737},
{"mapping": [9, 10, 12, 1, 3, 6, 7, 8, 5, 4, 4, 2, 13], "R": [[-0.4209911592255291, -0.8942636458681651, -0.15185182097203265], [0.706896869614693, -0.21855527261124208, -0.672703804465809], [0.5683865406419234, -0.3905459313479053, 0.7241620094458867]], "T": [0.07487823323735467, 0.038327781035228166, 0.10429065750320662], "aligned_model": [[-0.5120174284329517, 0.16901776762911508, -0.35684006517697625, 0.4818966102281701, 0.5233442137673092, -0.5611588782323487, 0.16330618527747995, 0.7763445774217438, -0.1788050584770713, -0.2739908633721058, -0.2739908633721058, -0.5150585596727695, 0.05393564169644251], [0.6778381369304788, 0.6509477392906586, 0.3102362574687497, -0.397648488021617, -0.2534505662891521, -0.1379836882100284, 0.5044326780264402, 0.21458347149422097, -0.6270521029243814, -0.7063849399743346, -0.7063849399743346, -0.09942793343149331, 0.029126969186810077], [0.009159289377134283, -0.2993604803443426, -0.5147410970560369, 0.1744950202379254, -0.30573095801131844, -0.13044310620684843, 0.349627048213474, 0.18923719069710562, -0.3910022641857267, 0.3318203608352087, 0.3318203608352087, 0.48245312069073276, -0.11421413549387213]], "inverted": true, "swapped": true, "error_lsq": 0.05973114804854788, "error_max": 0.36633912010011316, "target": "432.xyz", "model": "2.xyz", "model_rescale": 3.932901565614263, "target_rescale": 3.9841901056708737},
{"mapping": [6, 5, 2, 9, 4, 7, 0, 10, 12, 1, 11, 8, 3, 13], "R": [[-0.8216938384150342, -0.0943410343225383, 0.5620667266025643], [0.5463878407830789, -0.4109121366557792, 0.7298024002381654], [0.16210972628183973, 0.9067805606605913, 0.38919076486074416]], "T": [0.07681136573604232, -0.18717502990621762, 0.1241422949738598], "aligned_model": [[-0.19106286308770248, 0.415272745907751, -0.3932482064159381, 0.6790261114140868, 0.22137063342155594, 0.7378567719303446, -0.11771269496681393, -0.3723080289846625, 0.12423886400687971, -0.6390280483393298, -0.16142675690295533, 0.4993126578995316, 0.09980749828171825, 0.07461635623012344], [0.2073660882626149, 0.21317832497089415, -0.39358687311656415, 0.22671794296983047, -0.5144219379991396, -0.39983256879406404, -0.7910891641613538, 0.35787452488163896, 0.5624004141339976, -0.37779136507909117, 0.09700579193146106, -0.2130972693584797, -0.5813066724634962, -0.07920109233516781], [-0.36501306305457887, -0.36775278634488084, -0.5320878497079464, 0.20045052834746407, -0.6728762015540604, -0.04180435142406026, -0.09126067018109767, 0.24396797007105941, -0.013760193253217853, 0.12696487068482398, 0.9366646366904037, 0.7238150566980108, 0.4478966838310031, 0.08217399030219547]], "inverted": false, "swapped": false, "error_lsq": 0.04808390757799171, "error_max": 0.312702061192375, "target": "432.xyz", "model": "3.xyz", "model_rescale": 3.9243930471874484, "target_rescale": 3.9841901056708737},
{"mapping": [5, 1, 4, 6, 2, 11, 12, 0, 7, 8, 9, 10, 13], "R": [[0.544950280180165, 0.4589056964719025, 0.7017369549034721], [0.47336209457075795, -0.8591793349672573, 0.1942657916072882], [0.6920675686341214, 0.22631047724499978, -0.685438581007807]], "T": [-0.002369248080704392, 0.07632672019590003, -0.13399304606346266], "aligned_model": [[-0.004853251364187433, -0.1797276008077056, 0.5426951696471483, 0.3554164010113787, 0.705244421345691, -0.6341124778629884, -0.12640370457922878, 0.4369121971370607, 0.0011014167410055842, -0.5046459404107417, 0.25523394878266564, -0.4450811779329508, -0.12457351539579407], [-0.6903192368583261, 0.17747872370222872, -0.23404626959438568, -0.5108545980636965, -0.014098043410198685, -0.48716811448792474, -0.5114505905281739, 0.4175667571535713, 0.4894622366621104, 0.5871550025290693, -0.06072911253783059, 0.06625736258040468, -0.1014245634652616], [-0.5397620530223819, -0.698776372517575, -0.7124823173870999, -6.61631373231053e-05, -0.1005990042435552, 0.004824439380176321, 0.39765393125696824, -0.5585817090543712, 0.20448918659850876, -0.264796732000791, 0.6890053025774507, 0.4584632489302818, -0.09230144200932429]], "inverted": true, "swapped": true, "error_lsq": 0.05030244138723823, "error_max": 0.3099810989773362, "target": "432.xyz", "model": "4.xyz", "model_rescale": 3.8936222436046832, "target_rescale": 3.9841901056708737},
{"mapping": [0, 1, 4, 2, 5, 11, 10, 12, 9, 7, 6, 13], "R": [[-0.9835793882467856, -0.16750423081876806, -0.06718571034000918], [0.1595039110204298, -0.9809780730989199, 0.11063689469755113], [-0.08443985661561472, 0.09810378564022419, 0.9915873929502086]], "T": [-0.09632852996962497, -0.24320987036828315, -0.03770374840956929], "aligned_model": [[0.022265107150942945, -0.5593804922439828, -0.22953476731726774, 0.3629007312723916, -0.6274873881592732, -0.6085426453223788, 0.006565731089139132, -0.017372792164173742, 0.581333516736857, 0.27189841965496686, 0.03334576110840222, -0.2084431395905263], [-0.5180424900168287, -0.49480257664252336, 0.09572865370503295, 0.05014034168691303, 0.4005365923428592, 0.13196600637619213, -0.2491346295278697, 0.37343461496402575, 0.11344884095616939, -0.567047148720679, 0.4359365675107709, -0.10324186752425535], [-0.6702312688286586, -0.32571747953956726, -0.8093599053419183, -0.49929127398587836, -0.27405399668930136, 0.5391636478769671, 0.6947424097099717, 0.46927829473565713, 0.3818659171719616, 0.1739600251262466, -0.15028072353875, 0.08920907257878803]], "inverted": false, "swapped": true, "error_lsq": 0.047494359206492164, "error_max": 0.26647165623898195, "target": "432.xyz", "model": "5.xyz", "model_rescale": 3.6523030999806103, "target_rescale": 3.9841901056708737},
{"mapping": [11, 10, 8, 3, 1, 12, 7, 5, 9, 2, 0, 4, 13], "R": [[0.8852505096214772, 0.24297412681206842, -0.3966044741487768], [-0.40256231765746686, 0.8273659646299419, -0.39167478981192366], [0.232970203281801, 0.5063883235935429, 0.8302383694523868]], "T": [0.04109164717756083, 0.07979844882940193, 0.003083498766532869], "aligned_model": [[0.18513670280475583, -0.3744494578188157, 0.2544403845618436, 0.5732424990313512, 0.6141975087942649, -0.3409236213303671, -0.3330497416015252, 0.5252381857832781, -0.7951464279800606, -0.20156190294051574, 0.255880833376087, 0.45390307562708926, 0.06417486635690914], [-0.5679689265105299, -0.08568542516325309, 0.5447671752827057, -0.09258262056633776, 0.2583879946368899, -0.6031231519911411, 0.4240883170020422, -0.5980185594247265, -0.17042797355686587, 0.06654802313480299, 0.5388784567216419, -0.0587004891590516, -0.11533591624299369], [0.5467237113617494, 0.5921848345151267, 0.521372427474426, 0.3792141976392091, 0.02106583578935982, 0.17971204587707884, 0.16662532884086867, -0.23892252022030108, -0.02063588956200761, -0.6684465347356052, -0.47940964680314696, -0.7307292961740073, 0.1013552454790387]], "inverted": false, "swapped": true, "error_lsq": 0.050587131719311014, "error_max": 0.2715886155349135, "target": "432.xyz", "model": "6.xyz", "model_rescale": 4.08911054899281, "target_rescale": 3.9841901056708737},
{"mapping": [13, 12, 2, 10, 7, 5, 6, 1, 11, 0, 9, 8, 3, 14], "R": [[0.5059510006759123, -0.8367174260013084, -0.20956510668713124], [-0.1415696412195212, 0.15910979506565776, -0.977057884569354], [0.8508652194090552, 0.5240114713819821, -0.03795202577031774]], "T": [0.14958019863284105, -0.12807878667425138, 0.04487424617140126], "aligned_model": [[-0.049178786030139005, 0.5399351976571105, -0.49333815842442325, 0.7719839144025413, 0.16032896590492599, 0.7924352976405988, -0.0660462281669682, -0.5137385105942551, 0.20630230928101048, -0.6318516835964041, -0.1859388984705478, 0.4377177906336731, -0.06651557229771382, 0.07461940245517991], [0.2746438886330948, 0.28328941668657454, -0.3341082657957326, 0.19589208101741346, -0.50695676234221, -0.4185321086922114, -0.5754542880406162, 0.18178570990201215, 0.4503971212537236, -0.5654607657256079, 0.13946181852006612, -0.12435488215953101, -0.6549494910106575, -0.03143732840323732], [-0.5332294081680768, -0.38686768370296953, -0.39597423480927996, 0.20898210699824724, -0.6301256857495815, -0.243006664956422, -0.0051594554327753644, 0.08890085864877705, 0.12660116381594913, 0.3324805759707763, 0.7009278018808232, 0.6630261966626307, 0.5945662644541502, 0.15625678549286995]], "inverted": true, "swapped": false, "error_lsq": 0.04304558146034087, "error_max": 0.26495397728509557, "target": "432.xyz", "model": "7.xyz", "model_rescale": 3.964800864290218, "target_rescale": 3.9841901056708737},
{"mapping": [4, 6, 12, 3, 11, 10, 9, 2, 0, 7, 1, 5, 8, 13], "R": [[-0.9633978724975886, -0.0874613603657106, 0.2534068856801252], [-0.26654936948780417, 0.21179910570919824, -0.9402619701160089], [0.028565239238885723, -0.9733918272020592, -0.22735957829715914]], "T": [0.06996292495630727, -0.05100550918313759, 0.049595942085582254], "aligned_model": [[-0.182659520824724, 0.35094989689596523, -0.44229431715042, 0.6592464010432909, 0.23215293644140142, 0.7068087650405595, 0.09339159937496702, -0.41890472222152775, 0.13384615498687627, -0.5685450661477357, -0.24649635992623117, 0.5858760971268279, -0.011740302052312718, 0.08508347780765235], [0.17625425396982827, 0.24027071862359908, -0.5046416814976482, 0.3454781285473638, -0.35505041281312844, -0.57005610373755, -0.7193291434745496, 0.3921801529159782, 0.6254771790872027, -0.22578745975361322, 0.09897299489669073, -0.3784616661625183, -0.690859660247653, -0.1202311565109219], [-0.5665438918426503, -0.3659883500783524, -0.270531654921641, 0.19625338487399696, -0.7043167990488112, 0.03743579129185458, -0.1136564510090305, -0.007004589772946365, 0.27642071567554616, 0.3115348281120224, 0.7132825100512178, 0.6202769274054253, 0.46788869778327213, 0.0823275025852147]], "inverted": false, "swapped": false, "error_lsq": 0.04162505941057167, "error_max": 0.23266652598162385, "target": "432.xyz", "model": "8.xyz", "model_rescale": 4.121658175737393, "target_rescale": 3.9841901056708737},
{"mapping": [10, 3, 11, 12, 8, 7, 1, 2, 5, 0, 9, 6, 13], "R": [[0.5544989954620171, -0.7565063832950762, -0.34674047364767946], [-0.4872374508316848, -0.6329106193877995, 0.6016841483479464], [-0.6746336268958547, -0.16468831136408918, -0.7195465444023683]], "T": [-0.10964575360351664, -0.11679820495242657, 0.0539735725534364], "aligned_model": [[-0.4955076221364884, 0.04611869203106858, 0.12192375248285228, 0.11196526897000184, -0.6272657909387329, -0.6101730145037203, 0.00801069576354689, 0.15575017320618462, 0.7202088978431531, -0.08021965282917423, -0.2900768203988154, 0.4294352378485658, -0.013432320903245004], [0.35729896194170974, -0.4334234767094389, 0.1649745520940272, 0.5940580051947706, -0.520434213223979, 0.008219943982729683, -0.6882855370113099, 0.04654118737408855, -0.14974128017198357, -0.5838865791534683, 0.7114090928665486, 0.3031359143639677, -0.01947913213595215], [-0.3624903526900365, -0.5203607722407172, -0.7224772685133712, -0.2445012589884261, -0.26143803744205346, 0.1921985552465318, -0.08824846566324532, 0.6965419735883777, -0.19633961530476415, 0.5742149001652807, 0.2637050488767017, 0.20816793454062735, -0.11789720761581676]], "inverted": false, "swapped": true, "error_lsq": 0.049715125237448796, "error_max": 0.28336018894679477, "target": "432.xyz", "model": "9.xyz", "model_rescale": 3.833441315466971, "target_rescale": 3.9841901056708737},
{"mapping": [4, 5, 6, 13, 1, 0, 12, 3, 2, 7, 9, 8, 11, 14], "R": [[-0.12455309005784332, 0.8253975832857232, -0.5506408605099431], [0.9303482214661472, -0.09574231033446395, -0.3539570550597856], [-0.34487492598305786, -0.5563741901974849, -0.755982173010894]], "T": [0.08910097617797674, -0.23575998990299646, 0.04124753890214461], "aligned_model": [[-0.3510745842162686, 0.36280838463634574, -0.2937489367428544, 0.7511943557463036, 0.362316768226411, 0.7222584071071211, 0.054004357974881095, -0.4846841916617115, 0.23020148521378772, -0.46730526956918117, -0.09357858366965799, 0.26449723093810285, -0.1254263285696956, 0.04525194498100485], [0.17564477701168407, 0.23893808524065785, -0.41457656316380304, 0.20732167451979594, -0.46338913494365097, -0.3431073700720927, -0.805727128999864, 0.4047972936806093, 0.43852542760252994, -0.2697537685698606, 0.23730679812633387, -0.22040460732175357, -0.7019965658995826, -0.16936277336792305], [-0.48115477146959207, -0.3552132958305232, -0.4904291912155935, 0.07283134485985487, -0.6061681206375613, -0.18549277364439762, -0.15091318822806526, 0.16281561597340954, 0.24638182910460604, 0.406172859327184, 0.6742926549959359, 0.8005628412757005, 0.4906232967754966, 0.09306951981866388]], "inverted": true, "swapped": false, "error_lsq": 0.054797804802530374, "error_max": 0.30609624044818456, "target": "432.xyz", "model": "10.xyz", "model_rescale": 4.2482417240324, "target_rescale": 3.9841901056708737},
{"mapping": [2, 0, 8, 3, 9, 10, 7, 11, 5, 12, 6, 13], "R": [[-0.7738366854780243, -0.4695081482997958, -0.4251339587570988], [0.34625815414462013, 0.24844598618001518, -0.9046435113564903], [0.5303603255304323, -0.8472524361907359, -0.029685593679716127]], "T": [-0.02578379806860051, -0.0957863270141259, 0.08497705965160765], "aligned_model": [[-0.6953393282567423, -0.30348114223176526, 0.46668298752656456, 0.615178281757853, -0.5489113999388688, 0.18123314345022262, -0.16643290215049408, 0.5422074555599966, 0.15360500270674723, -0.06929343100645785, -0.3807001095209589, 0.08201704446690952], [-0.27983631458539193, -0.7074548195514565, -0.16386798829159183, -0.20463343477246695, 0.6033529146730072, 0.5961664952789912, 0.12001203810244512, 0.368126065626331, -0.2938985620249288, 0.5647863603423078, 0.040345626608332186, 0.023033008645060457], [-0.08184589779391332, 0.2810237988688744, 0.6171221211033856, -0.09305098366284437, 0.08153858893954503, 0.24449189883212444, 0.552857511735167, -0.36007064465886174, -0.7402331446259068, -0.36808569367862587, -0.5034372367821367, -0.06511802842245118]], "inverted": true, "swapped": true, "error_lsq": 0.0457411364199112, "error_max": 0.26696427104250103, "target": "432.xyz", "model": "11.xyz", "model_rescale": 3.6694154284099745, "target_rescale": 3.9841901056708737},
{"mapping": [5, 7, 0, 9, 6, 11, 4, 12, 10, 1, 2, 8, 3, 13], "R": [[-0.45001739783266337, 0.03868113971154835, -0.8921816581159545], [0.871228116775504, -0.20034253773208444, -0.4481343951482378], [-0.1960762866532484, -0.9789620202059344, 0.05645753099976242]], "T": [0.0755538058511693, -0.08209091484255468, -0.012565107198682549], "aligned_model": [[-0.1507941636842127, 0.43292716385691066, -0.450952087343522, 0.8048049008220473, 0.21859485013496613, 0.7022628792293288, -0.00324065868391496, -0.43354961659770686, 0.1735578488544124, -0.597543346928298, -0.1390354054521322, 0.46734658882449887, -0.027453782435510554, -0.020210130202277687], [0.22143512618525932, 0.4662141860774923, -0.4079351495468795, 0.1870012836487597, -0.308256139253247, -0.4706536063756961, -0.8164714930495839, 0.36673793298318247, 0.48978912968894994, -0.385482217299138, 0.0070670263625242785, -0.22254307175524826, -0.6584508811841454, -0.15423598263914973], [-0.720526498506057, -0.3644331474670497, -0.3694333511861121, 0.18860272344273815, -0.5108053949827316, -0.04838997287999157, 0.03385954639432681, 0.02112273744521183, 0.2460411756524984, 0.4014003921070375, 0.597611838698666, 0.6193917411222097, 0.6186618936159237, -0.035725062351551755]], "inverted": true, "swapped": false, "error_lsq": 0.04209506892049452, "error_max": 0.23787106957019172, "target": "432.xyz", "model": "12.xyz", "model_rescale": 3.9764082729961374, "target_rescale": 3.9841901056708737},
{"mapping": [2, 8, 0, 11, 7, 3, 4, 12, 10, 5, 13, 14, 6, 15], "R": [[-0.5987054928646763, 0.5107623363544741, 0.6169874946669376], [-0.31558558196409053, -0.8584144159624493, 0.40438895994355956], [0.7361776098673822, 0.047397534003010944, 0.6751266551547066]], "T": [-0.04712890827750568, -0.08434147192920298, 0.0642417510449034], "aligned_model": [[-0.035906636988033286, 0.4526618453975694, -0.41328486198921655, 0.6180816959599765, 0.1609509730698145, 0.7506748658835751, -0.13343935413948715, -0.39563652788450643, 0.16233691687193255, -0.7407518347914346, 0.01951799059101486, 0.543026171967022, -0.026591343244611848, 0.015075139690973856], [0.12484419572107626, 0.2648359457748296, -0.3773196290946508, 0.2766965432108346, -0.49159392565528853, -0.27811550721148537, -0.7858835730288903, 0.37141925411257, 0.6912145575140689, -0.5272314034071806, 0.06913932338225108, -0.2783848652512674, -0.5738865202542381, -0.17151825196954879], [-0.7054172195277341, -0.2934413071993933, -0.49001590608548484, 0.30443147268835014, -0.5373244554823233, -0.12124196386928332, -0.06324514670921882, 0.34359481550277926, 0.09223839811053072, 0.22411560833371544, 0.6528692924738377, 0.5671057310083754, 0.6504009954334828, 0.05330830642748429]], "inverted": false, "swapped": false, "error_lsq": 0.045378962544103216, "error_max": 0.30643836918682843, "target": "432.xyz", "model": "13.xyz", "model_rescale": 4.170626492500431, "target_rescale": 3.9841901056708737},
{"mapping": [4, 0, 12, 0, 8, 7, 10, 6, 2, 11, 3, 1, 9, 13], "R": [[-0.5979322826560022, 0.7179801838647212, 0.3563445536771458], [0.3579029217322195, -0.15864066570209012, 0.9201840238784516], [0.7172046318682862, 0.6777444907656418, -0.16211083018570138]], "T": [0.017284334444914153, -0.08086917719454247, 0.03120532422421983], "aligned_model": [[-0.07379607447953127, 0.5746193869055042, -0.3785382025698703, 0.5746193869055042, 0.2572478468889337, 0.6948835995842269, 0.026229704407873596, -0.6875981453594218, 0.11853930236268057, -0.5291112797530226, -0.10821363075383955, 0.5586451199995898, 0.030298246316380763, -0.08111022006041904], [0.23399231239336754, 0.13181836243589906, -0.4271401712140136, 0.13181836243589906, -0.35085593693534656, -0.49922867737224824, -0.6374534308708185, 0.33831631958670894, 0.5692664144594094, -0.3510211228630071, 0.1711881916875907, -0.22718405232892497, -0.6786322962348906, -0.09066813133654478], [-0.5977857186990153, 0.03096802149937189, -0.47783989879444266, 0.03096802149937189, -0.6177021846436572, -0.12132128782276634, -0.06078518556172344, 0.2180568053080824, 0.03302498712770474, 0.38915701114292695, 0.6606423329495348, 0.5568810104351962, 0.5778462759254575, 0.055268430739076904]], "inverted": true, "swapped": false, "error_lsq": 0.046335544313729174, "error_max": 0.37862908106453763, "target": "432.xyz", "model": "14.xyz", "model_rescale": 3.9786697098870705, "target_rescale": 3.9841901056708737},
{"mapping": [12, 2, 10, 11, 7, 8, 4, 1, 3, 5, 0, 13], "R": [[-0.4780553947703242, -0.39329298458351575, -0.7853557587541968], [0.40388628372682994, -0.892439062911134, 0.20106811981919934], [-0.7799608383427468, -0.22107271941080306, 0.5854809504877099]], "T": [-0.026672084659692, 0.10335943894601157, -0.10872521472836254], "aligned_model": [[0.18343380058248465, -0.7210465660714023, 0.483143443769892, 0.6396097033234928, -0.00693738008326223, 0.4352292446738371, -0.6232557012149439, 0.07824091864668653, 0.4757907871691413, -0.040879564533375844, -0.5267606056475518, 0.10678651615233814], [-0.508706667362246, -0.023021166048290187, 0.07901726268388379, -0.43627237146331393, 0.494691150382502, 0.6448295750452362, -0.19757331845701387, 0.24682476554796914, -0.026162499999447586, -0.6364180551270398, 0.44793042044277065, -0.07046460542057137], [-0.5827988592078989, -0.21772488127312478, -0.6440711698834299, -0.13633534968424676, -0.47167597635782726, 0.045528691597721424, 0.42193843889847554, 0.46492875826945573, 0.3215412081011579, 0.3439646211714129, 0.23893955708843173, -0.12426854484629751]], "inverted": true, "swapped": true, "error_lsq": 0.055316003331851014, "error_max": 0.2718390204005764, "target": "432.xyz", "model": "15.xyz", "model_rescale": 3.769337070930944, "target_rescale": 3.9841901056708737},
{"mapping": [12, 9, 5, 6, 11, 10, 3, 7, 1, 2, 13], "R": [[0.393154911168235, 0.8523438104712235, 0.34487569438232735], [0.8676333098605409, -0.21974226177895811, -0.44601096175846516], [-0.3043709175409839, 0.47457704025759934, -0.8259146308279063]], "T": [0.07746893285913087, 0.031378965235778905, 0.2332757478745296], "aligned_model": [[-0.22062525247133163, -0.3946366331497379, -0.1950576338693456, -0.5377215069420422, 0.3110454540754898, 0.3123695327045044, 0.5335960989897464, 0.19513352591087346, 0.40534266767482463, -0.5731345335533504, 0.08631441132154011], [-0.11518333141433126, -0.6183798172991218, 0.7722245023528425, 0.1967116713368126, 0.23875127571567065, -0.44474533493876645, 0.4621595312968898, -0.4705967449247854, 0.4736706668552553, 0.00740918245148503, 0.09404289619339098], [-0.49691229076187043, -0.10936086611826096, -0.1262765310909209, -0.05815983720419943, -0.5656829274890296, -0.2817262572182538, -0.01319976220893554, 0.3726983151249755, 0.47316068619394247, 0.5267880714091879, 0.022889006587141464]], "inverted": false, "swapped": true, "error_lsq": 0.04461566589710724, "error_max": 0.2685745157046749, "target": "432.xyz", "model": "16.xyz", "model_rescale": 3.7852294659196426, "target_rescale": 3.9841901056708737},
{"mapping": [7, 12, 6, 9, 10, 11, 3, 5, 2, 0, 1, 4, 13], "R": [[-0.3521066022063724, -0.24741910844295084, -0.9026653452193557], [0.6509251548284891, 0.6282683580349079, -0.4261165487324192], [0.6725454508761403, -0.7376060297132989, -0.06016611535069363]], "T": [0.0021784697111523997, 0.15663108336011491, -0.16976154607610558], "aligned_model": [[-0.049072814139358475, -0.35998204243170545, 0.21934616011300898, -0.03628630711008177, -0.6037890520569824, -0.7081732536667136, -0.41512918872594423, 0.03006052561205685, 0.6441659341921906, 0.5942388835025513, 0.02895112960007259, 0.6583017411618867, -0.14886586583469805], [-0.014122024673269146, -0.4558984906176472, -0.2695842113978203, -0.7032293621512953, -0.21840775869384652, 0.07395092176334822, 0.604873224828491, 0.27541439416654356, -0.1447787976715301, 0.48846728656113814, 0.7491416399168348, 0.3833381168807634, 0.10589068479116358], [-0.6732294242059361, 0.20059302233355195, 0.3420075404654346, -0.31683453943398465, -0.3678749877882026, 0.3040112384191901, 0.11185408855871534, 0.6890246885486304, -0.08601738731220189, -0.34016601885242415, -0.07551514568187119, 0.3264063921403517, -0.018504770048080377]], "inverted": false, "swapped": true, "error_lsq": 0.05213148071588986, "error_max": 0.350746432372932, "target": "432.xyz", "model": "17.xyz", "model_rescale": 3.901054581598922, "target_rescale": 3.9841901056708737},
{"mapping": [1, 0, 6, 3, 7, 12, 11, 8, 2, 10, 5, 13, 9, 14], "R": [[0.4037931547557099, 0.7905142340710845, -0.46047620340625384], [-0.6782164859924233, -0.07913768431401597, -0.7305885470286977], [-0.6139816660947782, 0.6073092067904302, 0.5041845307494652]], "T": [-0.03629809840443882, -0.08987244972503738, 0.04231422450777102], "aligned_model": [[-0.2046546578132353, 0.34371682339592324, -0.23924594243933126, 0.7050736523024754, 0.2789779277186211, 0.5531989245732671, -0.023840462678614283, -0.397283008206786, 0.3095104471255465, -0.6689220547648302, -0.11245174650244762, 0.4494900901459751, -0.008465113103552885, -0.008389839358421892], [0.15752620301988882, 0.4039682760517629, -0.5256586937049317, 0.09013867960806662, -0.2623359171818682, -0.5406803427338475, -0.8826722998580441, 0.4488071796659089, 0.5768169177393792, -0.5330126610623157, 0.07370874019547782, -0.07391358946196093, -0.48405080480703366, -0.1344255436274018], [-0.5870787568320782, -0.39036870244081207, -0.5344251164683976, 0.0053032790623982334, -0.5149419136747189, 0.007091964804709708, -0.04737520557114182, 0.18349639021610858, 0.3882619649779757, 0.31775465556998506, 0.6402505615714864, 0.5819968617535785, 0.5696076633522023, 0.05780497478382286]], "inverted": false, "swapped": false, "error_lsq": 0.049038512518164455, "error_max": 0.3168757639768886, "target": "432.xyz", "model": "18.xyz", "model_rescale": 3.9405287249114394, "target_rescale": 3.9841901056708737},
{"mapping": [3, 12, 10, 4, 14, 13, 11, 6, 0, 5, 8, 7, 9, 15], "R": [[0.7488321612527566, -0.26578555522943503, -0.6071313143833931], [0.5706288535914861, 0.7244900732949258, 0.38664821885789136], [0.33709509892965217, -0.6359812672779713, 0.6941863740733565]], "T": [0.10719354542440791, -0.056265354923873134, -0.00010505733161974423], "aligned_model": [[-0.060324135278613564, 0.4602014366285085, -0.3700303396578836, 0.6422116816693904, 0.2824140692942625, 0.5489016803211679, -0.06668062793705919, -0.4814158550579451, 0.08141886040861925, -0.532392869424039, -0.15107436712155936, 0.45557519706202604, 0.09752059507750299, 0.07038971441021127], [0.2030080716645138, 0.17600381649339283, -0.40221751500820624, 0.35317967763958774, -0.4566389476722276, -0.5574310424383835, -0.7508325355103005, 0.29540351195237435, 0.5527249432165888, -0.3299875045970116, 0.1291054957460117, -0.20335894363383977, -0.6293459571107409, -0.06539692689867914], [-0.7939209754076948, -0.34878187469429367, -0.52018053587918, 0.28410505475823916, -0.6394310432892798, -0.0712156936394246, -0.08108286534038212, 0.29679801999497374, 0.3179212628670068, 0.4551619472695199, 0.6863404893849636, 0.5937124650639486, 0.51028195698718, -0.012329586970458018]], "inverted": true, "swapped": false, "error_lsq": 0.03765133295474861, "error_max": 0.21656489787058797, "target": "432.xyz", "model": "19.xyz", "model_rescale": 4.410303926677745, "target_rescale": 3.9841901056708737},
{"mapping": [4, 6, 12, 3, 11, 10, 9, 2, 0, 7, 1, 5, 8, 13], "R": [[-0.9633978724975886, -0.0874613603657106, 0.2534068856801252], [-0.26654936948780417, 0.21179910570919824, -0.9402619701160089], [0.028565239238885723, -0.9733918272020592, -0.22735957829715914]], "T": [0.06996292495630727, -0.05100550918313759, 0.049595942085582254], "aligned_model": [[-0.182659520824724, 0.35094989689596523, -0.44229431715042, 0.6592464010432909, 0.23215293644140142, 0.7068087650405595, 0.09339159937496702, -0.41890472222152775, 0.13384615498687627, -0.5685450661477357, -0.24649635992623117, 0.5858760971268279, -0.011740302052312718, 0.08508347780765235], [0.17625425396982827, 0.24027071862359908, -0.5046416814976482, 0.3454781285473638, -0.35505041281312844, -0.57005610373755, -0.7193291434745496, 0.3921801529159782, 0.6254771790872027, -0.22578745975361322, 0.09897299489669073, -0.3784616661625183, -0.690859660247653, -0.1202311565109219], [-0.5665438918426503, -0.3659883500783524, -0.270531654921641, 0.19625338487399696, -0.7043167990488112, 0.03743579129185458, -0.1136564510090305, -0.007004589772946365, 0.27642071567554616, 0.3115348281120224, 0.7132825100512178, 0.6202769274054253, 0.46788869778327213, 0.0823275025852147]], "inverted": false, "swapped": false, "error_lsq": 0.04162505941057167, "error_max": 0.23266652598162385, "target": "432.xyz", "model": "20.xyz", "model_rescale": 4.121658175737393, "target_rescale": 3.9841901056708737},
{"mapping": [11, 10, 8, 3, 1, 12, 7, 5, 9, 2, 0, 4, 13], "R": [[0.8852505096214772, 0.24297412681206842, -0.3966044741487768], [-0.40256231765746686, 0.8273659646299419, -0.39167478981192366], [0.232970203281801, 0.5063883235935429, 0.8302383694523868]], "T": [0.04109164717756083, 0.07979844882940193, 0.003083498766532869], "aligned_model": [[0.18513670280475583, -0.3744494578188157, 0.2544403845618436, 0.5732424990313512, 0.6141975087942649, -0.3409236213303671, -0.3330497416015252, 0.5252381857832781, -0.7951464279800606, -0.20156190294051574, 0.255880833376087, 0.45390307562708926, 0.06417486635690914], [-0.5679689265105299, -0.08568542516325309, 0.5447671752827057, -0.09258262056633776, 0.2583879946368899, -0.6031231519911411, 0.4240883170020422, -0.5980185594247265, -0.17042797355686587, 0.06654802313480299, 0.5388784567216419, -0.0587004891590516, -0.11533591624299369], [0.5467237113617494, 0.5921848345151267, 0.521372427474426, 0.3792141976392091, 0.02106583578935982, 0.17971204587707884, 0.16662532884086867, -0.23892252022030108, -0.02063588956200761, -0.6684465347356052, -0.47940964680314696, -0.7307292961740073, 0.1013552454790387]], "inverted": false, "swapped": true, "error_lsq": 0.050587131719311014, "error_max": 0.2715886155349135, "target": "432.xyz", "model": "21.xyz", "model_rescale": 4.08911054899281, "target_rescale": 3.9841901056708737},
{"mapping": [7, 6, 12, 8, 10, 5, 9, 4, 0, 3, 2, 11, 15, 16], "R": [[-0.7836567459507537, 0.5702815699893949, -0.24629461109879566], [-0.31275124054300446, -0.704778550202116, -0.6367682912283049], [-0.5367203797739452, -0.4219788218683901, 0.7306607337402755]], "T": [0.056964087568059825, -0.12434838714867628, 0.10154972797158124], "aligned_model": [[-0.0889463922065134, 0.46824545674948076, -0.3663161123486731, 0.7149569160280447, 0.29381530339652895, 0.6007249020721989, 0.146500703107462, -0.4532644869481306, -0.00957038717356578, -0.7926413456681121, -0.24464060296921641, 0.6396890914285833, 0.039091262952344864, 0.02907073197415678], [0.15954101252142389, 0.3483806254572578, -0.4843474241923215, 0.07615130187117129, -0.33567945678877464, -0.4936494115822983, -0.7848513768407038, 0.31033424279531724, 0.6437195009761258, -0.2323333454660222, 0.052878835052786524, -0.371263579171584, -0.48701847749252136, -0.08764630329677639], [-0.5339918746449097, -0.3021073598594676, -0.3844585761963454, 0.1887697397707474, -0.6403236370849389, -0.15471182573915476, -0.14997881245308142, 0.29392955757933537, 0.025890749114892975, 0.245732528219237, 0.7331183716912643, 0.5320813622128888, 0.733734816062416, 0.08969358243223442]], "inverted": false, "swapped": false, "error_lsq": 0.04328328418543059, "error_max": 0.29121925078153216, "target": "432.xyz", "model": "22.xyz", "model_rescale": 4.204369325754507, "target_rescale": 3.9841901056708737},
{"mapping": [3, 12, 10, 4, 14, 13, 11, 6, 0, 5, 8, 7, 9, 15], "R": [[0.7488321612527566, -0.26578555522943503, -0.6071313143833931], [0.5706288535914861, 0.7244900732949258, 0.38664821885789136], [0.33709509892965217, -0.6359812672779713, 0.6941863740733565]], "T": [0.10719354542440791, -0.056265354923873134, -0.00010505733161974423], "aligned_model": [[-0.060324135278613564, 0.4602014366285085, -0.3700303396578836, 0.6422116816693904, 0.2824140692942625, 0.5489016803211679, -0.06668062793705919, -0.4814158550579451, 0.08141886040861925, -0.532392869424039, -0.15107436712155936, 0.45557519706202604, 0.09752059507750299, 0.07038971441021127], [0.2030080716645138, 0.17600381649339283, -0.40221751500820624, 0.35317967763958774, -0.4566389476722276, -0.5574310424383835, -0.7508325355103005, 0.29540351195237435, 0.5527249432165888, -0.3299875045970116, 0.1291054957460117, -0.20335894363383977, -0.6293459571107409, -0.06539692689867914], [-0.7939209754076948, -0.34878187469429367, -0.52018053587918, 0.28410505475823916, -0.6394310432892798, -0.0712156936394246, -0.08108286534038212, 0.29679801999497374, 0.3179212628670068, 0.4551619472695199, 0.6863404893849636, 0.5937124650639486, 0.51028195698718, -0.012329586970458018]], "inverted": true, "swapped": false, "error_lsq": 0.03765133295474861, "error_max": 0.21656489787058797, "target": "432.xyz", "model": "23.xyz", "model_rescale": 4.410303926677745, "target_rescale": 3.9841901056708737},
{"mapping": [3, 10, 0, 9, 1, 11, 7, 5, 8, 12, 6, 14, 13, 16], "R": [[-0.8918534572505019, 0.1062046200962824, -0.4396794166896284], [0.3436084566438692, 0.7912257065986164, -0.5058607612182813], [0.29416090718031485, -0.6022312345666945, -0.742150187495179]], "T": [0.0961194330851759, -0.076668842714881, 0.08827392591084957], "aligned_model": [[-0.1804581282525406, 0.4975673748284048, -0.5112746855916296, 0.6106655261840656, 0.2633983242118886, 0.6624421703510109, 0.03766177833355061, -0.4108602431521563, 0.3235187200037055, -0.6183099291181563, -0.20830098560017096, 0.4605480385122725, -0.013028129632165278, 0.06314520931650944], [0.15392451648168315, 0.24130180544953123, -0.3227845503075117, 0.24056987810269115, -0.44462104678953956, -0.35160026280634094, -0.7121556944492824, 0.2353374810065219, 0.7077082035610225, -0.3873291226801454, -0.1624620527541311, -0.20986726764932884, -0.605559565103837, -0.06824617821825268], [-0.7360940379820877, -0.31361929778375786, -0.2870729192326431, 0.25265730621154614, -0.6686701259650837, 0.02184533181923959, -0.0979250551710473, 0.2913150430966982, -0.005261526399423094, 0.28640699144343906, 0.7795523239231097, 0.6428908758466403, 0.5383272973601584, -0.02697358606166987]], "inverted": true, "swapped": false, "error_lsq": 0.04358836377661178, "error_max": 0.26270834055126074, "target": "432.xyz", "model": "24.xyz", "model_rescale": 4.28219845311461, "target_rescale": 3.9841901056708737},
{"mapping": [9, 11, 3, 10, 5, 8, 1, 13, 12, 4, 2, 6, 0, 15], "R": [[-0.8697137592716603, 0.24312136529702127, 0.4295229664053704], [0.4844653159243111, 0.2542585451815399, 0.8370459664012031], [0.09429387360753622, 0.9360793737382953, -0.33891602420335165]], "T": [-0.014532442379833102, -0.03841044482821955, 0.04268388495342908], "aligned_model": [[-0.19768523032768293, 0.34974426559364924, -0.4349905894422763, 0.7673703178825175, 0.4215053102864959, 0.5603906947194021, 0.03757257307314925, -0.3666890083619466, 0.0651997954659997, -0.5983808963576998, -0.09950987801714267, 0.5641529128472766, -0.06708736987983245, -0.02487785708732043], [0.18969181630618448, 0.2855237048976521, -0.5208261720622879, 0.06914514860221664, -0.3331327315944774, -0.41921774954606383, -0.649471919797801, 0.40099182477788375, 0.7139431725261601, -0.41274626191759395, 0.05892640059245151, -0.36202063988363664, -0.617364304357401, -0.08922614470020662], [-0.5666584643143463, -0.19989850912737234, -0.3938196746493147, 0.12493160008170413, -0.6268611343298948, -0.037286359702497926, -0.1410723122735355, 0.23196636020588102, -0.06698244960234585, 0.274291855147456, 0.715056102065334, 0.6530909919426009, 0.6150514068897639, 0.09556920877168573]], "inverted": false, "swapped": false, "error_lsq": 0.04156778812472507, "error_max": 0.23802208933349506, "target": "432.xyz", "model": "25.xyz", "model_rescale": 4.100010024507729, "target_rescale": 3.9841901056708737},
{"mapping": [2, 0, 8, 3, 9, 10, 7, 11, 5, 12, 6, 13], "R": [[-0.7738366854780243, -0.4695081482997958, -0.4251339587570988], [0.34625815414462013, 0.24844598618001518, -0.9046435113564903], [0.5303603255304323, -0.8472524361907359, -0.029685593679716127]], "T": [-0.02578379806860051, -0.0957863270141259, 0.08497705965160765], "aligned_model": [[-0.6953393282567423, -0.30348114223176526, 0.46668298752656456, 0.615178281757853, -0.5489113999388688, 0.18123314345022262, -0.16643290215049408, 0.5422074555599966, 0.15360500270674723, -0.06929343100645785, -0.3807001095209589, 0.08201704446690952], [-0.27983631458539193, -0.7074548195514565, -0.16386798829159183, -0.20463343477246695, 0.6033529146730072, 0.5961664952789912, 0.12001203810244512, 0.368126065626331, -0.2938985620249288, 0.5647863603423078, 0.040345626608332186, 0.023033008645060457], [-0.08184589779391332, 0.2810237988688744, 0.6171221211033856, -0.09305098366284437, 0.08153858893954503, 0.24449189883212444, 0.552857511735167, -0.36007064465886174, -0.7402331446259068, -0.36808569367862587, -0.5034372367821367, -0.06511802842245118]], "inverted": true, "swapped": true, "error_lsq": 0.0457411364199112, "error_max": 0.26696427104250103, "target": "432.xyz", "model": "26.xyz", "model_rescale": 3.6694154284099745, "target_rescale": 3.9841901056708737},
{"mapping": [1, 6, 5, 12, 0, 2, 4, 7, 3, 8, 9, 11, 10, 13], "R": [[0.0030923636427386686, -0.8860916913278851, 0.4634996783675145], [0.9274493262728045, -0.1707795609703809, -0.33267414800504874], [0.3739360700483737, 0.4309012138697827, 0.8212770296327092]], "T": [0.008535664686374969, -0.1472527694987423, 0.07381230696237795], "aligned_model": [[0.009958520478380875, 0.46245095186867885, -0.5141179756394092, 0.6242539556592258, 0.1033279764782037, 0.6143350641103618, -0.07313321602504269, -0.4464535916221464, -0.0034326706688265207, -0.511245841738883, -0.08077543172094405, 0.6700035886973892, 0.06295884316653268, 0.058584867351068395], [0.21301376076245918, 0.23733701087751727, -0.1899553538874429, 0.27415405087813005, -0.4727849876935213, -0.4230051687990928, -0.9611800608282052, 0.2858067958911008, 0.6521754076319545, -0.4218590637157571, 0.11086657540753816, -0.24817031584778956, -0.5704924293281739, -0.17169007750563678], [-0.7323220840362317, -0.2685939498390107, -0.5186302314005271, 0.3440716107037587, -0.49361745580609817, -0.06438084822600326, -0.006082176209829482, 0.03415484629452198, 0.19044235837220597, 0.32436322231639747, 0.6985214131182176, 0.610888934259302, 0.4978371032705899, 0.060725878287824844]], "inverted": false, "swapped": false, "error_lsq": 0.047276312409638956, "error_max": 0.2824970277580686, "target": "432.xyz", "model": "27.xyz", "model_rescale": 4.103607728864725, "target_rescale": 3.9841901056708737},
