[{"mapping": [5, 10, 2, 7, 9, 12, 1, 11, 0, 6, 8, 13], "R": [[-0.09400721385525312, 0.9085922618738115, -0.40696774492114735], [-0.2436579158415911, -0.4173437925030003, -0.8754741451961588], [-0.9652944958876049, 0.016860027350038775, 0.26061902403096193]], "T": [-0.0417167779004754, -0.011204736844344892, 0.023330937939829002], "aligned_model": [[-0.4660293560101403, 0.1878647331156605, 0.5265410102198531, -0.1453584202674965, -0.0069414650526038735, -0.7294426504340634, 0.27464644445792025, -0.10262580502138932, 0.5670550422314335, 0.1860243944292944, -0.3952616993685998, -0.05882976583931947], [-0.2658468104144528, -0.6615579188106422, -0.23098541755812033, 0.6897883402562216, 0.2754881556075962, -0.5698333780141579, -0.11778431202412791, -0.6119007740563254, 0.0480334895128236, 0.4171591400171192, 0.05635792103977175, 0.024636600421351365], [-0.5085438656566498, -0.07806255799998998, -0.5345687630788736, -0.16212135436294856, -0.7179572551795488, 0.008880588653128949, 0.6849588914106854, 0.5173868671958476, 0.09357005809066579, 0.4715904764412963, 0.5184403918414826, -0.11162173200153354]], "inverted": false, "swapped": true, "error_lsq": 0.04982770308601466, "error_max": 0.2592295341586531, "target": "433.xyz", "model": "0.xyz", "model_rescale": 3.751011558992144, "target_rescale": 4.016617405565859},
{"mapping": [0, 1, 2, 3, 11, 9, 7, 12, 6, 13, 8, 4, 10, 14], "R": [[-0.5947071300856586, 0.7177118480997099, 0.3622335331282551], [-0.625118030681666, -0.12950429230865804, -0.7697116901738659], [-0.5055204023003971, -0.6841917431326783, 0.525671743093646]], "T": [0.08337862570147317, 0.04843544592875218, 0.04579255168376193], "aligned_model": [[-0.24081983276333577, -0.5424671975513039, 0.5337447517509303, 0.18064859691330282, -0.06777451268918613, 0.5742305396532092, -0.4283105101787522, 0.10638074929004693, -0.5521757364748208, 0.6934731901945731, 0.20845853805642253, -0.1846083625316923, 0.2165343504672916, 0.09944431478429996], [0.5763149155673297, 0.34722874948380866, 0.6840206027100214, 0.23062898993310277, -0.73420234363036, -0.3881160529139287, -0.07734266367657774, -0.39811156785893287, -0.3379569830356485, 0.01941702199417323, 0.5736838254274248, 0.1897670896882801, -0.415789551789732, 0.002741322369367895], [-0.3920923002609255, 0.11453203599624348, -0.2315879865207813, -0.689564473669474, 0.008889868375405487, 0.09753043685913515, -0.3567383405015487, -0.5475385286288474, 0.14824882932361955, -0.34720204337946103, 0.43165186218328766, 0.7763966240237369, 0.7085281343894317, 0.02014585306968781]], "inverted": false, "swapped": false, "error_lsq": 0.03832312858336844, "error_max": 0.2526459635214475, "target": "433.xyz", "model": "1.xyz", "model_rescale": 3.9405287249114394, "target_rescale": 4.016617405565859},
{"mapping": [8, 11, 5, 0, 10, 4, 6, 1, 2, 9, 3, 7, 13], "R": [[0.42625310020407725, -0.8798135587543543, -0.21032450261063598], [0.6890650966289793, 0.4664303504688312, -0.554645851665023], [0.5860866720666051, 0.09149224007270694, 0.8050661977951689]], "T": [-0.054632012744294106, 0.04614300429357237, -0.03281287784125678], "aligned_model": [[-0.11318834629043648, 0.40593144588118246, -0.5164549053005184, 0.4115871567597289, 0.3606667994177811, -0.6494332150654496, 0.14104084801881747, 0.5498683426964104, 0.20369169380011423, -0.5133388901641014, -0.10023846839653777, -0.5356519252740517, -0.14849725679900783], [0.6415611721707218, 0.5518095121363381, -0.10089539829327568, -0.2607978708990371, -0.08939731768895492, 0.20638591329875997, 0.21970757221461354, 0.404782345120985, -0.7064482804134875, -0.6038535641063479, -0.6193593389951334, -0.1281924373326997, -0.05646971364046525], [0.09657203914103069, -0.4080722326414563, -0.5739911112825672, 0.2269424215680104, -0.5760469804587932, -0.026514979216808413, 0.5737229733288386, 0.20203512960923356, -0.2549564318582743, -0.031144375393862916, 0.44723568913404466, 0.4913554485946754, -0.054017240935426945]], "inverted": true, "swapped": true, "error_lsq": 0.05151634456636768, "error_max": 0.30970371425972953, "target": "433.xyz", "model": "2.xyz", "model_rescale": 3.932901565614263, "target_rescale": 4.016617405565859},
{"mapping": [5, 12, 7, 4, 1, 3, 6, 2, 10, 0, 9, 12, 11, 13], "R": [[-0.7059809297112779, 0.6581929653280926, -0.2614822121610038], [-0.6574544381394393, -0.47178565744064815, 0.5875133659790642], [0.26333360715023496, 0.5866858732114725, 0.7658035632715077]], "T": [0.2075369486906411, -0.02103678259959386, 0.04258163925778464], "aligned_model": [[-0.19321993077671495, -0.4622670490290769, 0.5697719273800126, 0.2349970397159058, 0.10446732804203093, 0.67313894833148, -0.41222580044959434, -0.04181157806369515, -0.37516652291151387, 0.5649071235049996, 0.10944505543955273, -0.4622670490290769, 0.1876980772271602, 0.09929130953951586], [0.5444838083174119, 0.261961071855248, 0.5785109241824136, 0.2687031883687908, -0.7270713031453203, -0.20279472633596557, -0.012655629574210781, -0.30486113890423777, -0.32502669434117054, -0.2922371160618511, 0.6156557462241631, 0.261961071855248, -0.41257272422768143, 0.01822687605549061], [-0.14815396429628314, 0.2758296385464716, -0.09551584389628653, -0.7811434952148131, -0.1565678774608639, 0.146813620436294, -0.24467460825279846, -0.700027881386811, 0.327524156343911, -0.4551002535473707, 0.39584293576119683, 0.2758296385464716, 0.8450869189662057, 0.05545698671418633]], "inverted": false, "swapped": false, "error_lsq": 0.05090410018086113, "error_max": 0.43033837611733256, "target": "433.xyz", "model": "3.xyz", "model_rescale": 3.9243930471874484, "target_rescale": 4.016617405565859},
{"mapping": [7, 9, 3, 6, 0, 4, 8, 2, 10, 5, 11, 12, 13], "R": [[0.4378452082094879, -0.8439494207832134, 0.30990474150562575], [-0.6867389720150783, -0.5364191645615257, -0.4905548534127332], [0.5802423269321737, 0.001963428326500982, -0.8144415184563856]], "T": [0.05822106006507546, -0.11469543259926625, -0.013206621806609808], "aligned_model": [[-0.08655873073259057, -0.1658857768617527, 0.40028608796773857, 0.441625324749374, 0.6534075418880174, -0.49524490629068696, -0.09396491535313603, 0.3846830344903466, 0.21979620016906087, -0.534095786287158, 0.16177914885889358, -0.603723190058157, -0.004898146228597418], [-0.6155596715627533, 0.047713625129329654, -0.2335754362318529, -0.6512016980265324, -0.0643866137847648, -0.36032016637617353, -0.509483130308333, 0.4859626500673639, 0.5236032055905131, 0.2793531813025198, 0.1048028085559624, 0.19786259644922216, -0.07694179712291421], [-0.5276959445334473, -0.7590683689385302, -0.7509592943176792, 0.025009388066870752, -0.16243096651263367, -0.126563747472032, 0.42914414195744655, -0.47700074073523224, 0.21573855743612583, -0.16038338520482134, 0.7282332910084165, 0.4861719272800925, -0.13312454266361196]], "inverted": true, "swapped": true, "error_lsq": 0.05188865920108255, "error_max": 0.3354693301713031, "target": "433.xyz", "model": "4.xyz", "model_rescale": 3.8936222436046832, "target_rescale": 4.016617405565859},
{"mapping": [2, 0, 9, 5, 7, 6, 1, 8, 12, 10, 4, 13], "R": [[-0.4373735111429018, 0.17439281820485958, -0.8822083408748168], [0.06561331455130652, 0.9845901508312933, 0.16210221417242404], [0.8968831053733376, 0.01301460120702616, -0.4420761421421663]], "T": [-0.09702895229614869, -0.03890848813326689, 0.02865838605691541], "aligned_model": [[-0.12837334151701424, -0.49855390224769514, -0.20285852122974277, 0.44909772041308216, -0.5680293553237934, -0.6570720371057367, -0.31699030673739537, -0.05065652729201489, 0.7402866217878268, 0.3187952394944047, 0.031920508146904225, -0.09001805617372835], [-0.6337927412855469, -0.5055834283369223, 0.09223833107854487, 0.16283633812429132, 0.44423547776565553, 0.019457733573630134, -0.35675631650394346, 0.2925187043178854, 0.20889154473369068, -0.5981148865184196, 0.548044694482064, -0.005052546321122238], [-0.5437075741355133, 0.022490306895065912, -0.7488446276827571, -0.40587497136090095, -0.25639593413323014, 0.37397475368534366, 0.6609448746623116, 0.5411988331264563, 0.17945434153776268, 0.010602416410374418, -0.10685516221557444, -0.10770253751382038]], "inverted": true, "swapped": true, "error_lsq": 0.041818585603958104, "error_max": 0.23796363627997416, "target": "433.xyz", "model": "5.xyz", "model_rescale": 3.6523030999806103, "target_rescale": 4.016617405565859},
{"mapping": [7, 3, 9, 4, 5, 6, 2, 8, 0, 11, 10, 12, 13], "R": [[-0.3925898192603006, 0.858627717104172, -0.3295931996168049], [-0.8584328225251695, -0.4707167555094402, -0.20376168750316356], [-0.3301004741357326, 0.20293885656311458, 0.9218728206603232]], "T": [0.03571143421177518, -0.10838210048721147, -0.032168144435329], "aligned_model": [[0.17319693493469152, -0.3336415948727566, 0.2231964625475933, 0.5908414815834507, 0.609470864551454, -0.3298507222565588, -0.32754268729655095, 0.2179822386498067, -0.5664754613194383, -0.042759413815946126, -0.1346582556427769, 0.7087573316831116, 0.09256572591821394], [-0.40277907317593925, 0.011079963878392718, 0.3023842714037459, -0.2788938129274424, 0.3365500288232911, -0.6424930454006743, 0.5982719641413581, -0.6212441958308035, -0.03613682179362815, -0.15289531489973382, 0.4098803372620929, 0.047345435505157435, -0.030242832822633556], [0.6243024158021354, 0.6922123491304131, 0.6228361869226984, 0.1734098459285281, -0.007468495076340613, 0.09969570471726821, 0.19401544012003125, -0.31224299262480026, 0.07364959039768537, -0.807086075375436, -0.46613333533207596, -0.5871454426310059, 0.07006454750268737]], "inverted": true, "swapped": true, "error_lsq": 0.0544032740345224, "error_max": 0.30458188901871186, "target": "433.xyz", "model": "6.xyz", "model_rescale": 4.08911054899281, "target_rescale": 4.016617405565859},
{"mapping": [6, 7, 3, 0, 11, 8, 2, 1, 13, 9, 4, 5, 10, 14], "R": [[0.9060545298787346, 0.4076633534961108, -0.1134714902631056], [0.1880354353269771, -0.14764482446188337, 0.9710013804681298], [0.3790882007496663, -0.9011168603604777, -0.21042941815833663]], "T": [0.0037934999804251426, -0.040197015789337834, 0.0677807594283425], "aligned_model": [[-0.09734070120820851, -0.680150447842605, 0.49186309830267727, 0.15717627421322475, 0.120068628148985, 0.6558903112794946, -0.5326367866410054, -0.0315579564651295, -0.5767993477214176, 0.617892899044134, 0.299096445895099, -0.20395820769711745, 0.26926995646899826, 0.10794471314385609], [0.40109324988672423, 0.3075060402591525, 0.507940526698844, 0.3979742546097199, -0.6133974963809974, -0.011245874811620968, 0.13565026551476111, -0.35775865397778905, -0.47193135759001964, -0.2824913670753276, 0.49203400985006934, 0.2465031519390281, -0.34682743752263323, -0.13276595713158268], [-0.14240425721880795, 0.17079641643367016, -0.2285041338320889, -0.7502264810465903, 0.11730213436919139, 0.2654687798409555, -0.5079447172916489, -0.5924093187564484, -0.04362806274934694, -0.35498712406363137, 0.4232744938080002, 0.7424239772590118, 0.6634106226990781, -0.0213723581918345]], "inverted": true, "swapped": false, "error_lsq": 0.04642152518673694, "error_max": 0.3110450979503916, "target": "433.xyz", "model": "7.xyz", "model_rescale": 3.964800864290218, "target_rescale": 4.016617405565859},
{"mapping": [6, 3, 4, 11, 8, 7, 10, 9, 5, 12, 0, 3, 1, 13], "R": [[-0.9092367914708464, -0.3098560562482164, 0.2779886354549469], [0.4138442470406946, -0.7449528947466584, 0.5232381138639417], [0.04495994024820006, 0.5907913413506303, 0.8055707261054128]], "T": [0.12638817898191007, 0.0675268045867355, 0.026694994140652545], "aligned_model": [[-0.034210856443775056, -0.44487189375089825, 0.5224446090545453, 0.10291544874631954, 0.06290069823160102, 0.6775357484937294, -0.5349380575371057, 0.08168539572402672, -0.5248070015606447, 0.6546761766888145, 0.07327835894373766, -0.44487189375089825, 0.3061673404252772, 0.09885480565625614], [0.6022084804669484, 0.39666631736372093, 0.570263837509183, 0.3349332072952834, -0.6937266513670525, -0.35550351748561904, -0.19149961994784254, -0.3348504859554713, -0.43036527827086307, -0.18237156563875262, 0.4543638195288906, 0.39666631736372093, -0.2922226076534387, -0.0022788989403789706], [-0.13087809517603669, 0.3288403335596851, -0.2656886150789757, -0.7575729264193061, -0.06002349866033144, 0.18204900339141866, -0.3864477575707377, -0.5300373508991572, 0.19137357087197002, -0.4519881299884986, 0.6272745837113434, 0.3288403335596851, 0.6602403395390416, 0.005218180419409867]], "inverted": true, "swapped": false, "error_lsq": 0.05205773338226266, "error_max": 0.41782303353503664, "target": "433.xyz", "model": "8.xyz", "model_rescale": 4.121658175737393, "target_rescale": 4.016617405565859},
{"mapping": [5, 4, 7, 3, 12, 10, 8, 1, 6, 11, 2, 0, 13], "R": [[0.7495425041711633, -0.023745318578927255, 0.6615301915154039], [-0.5536324568770997, -0.5703179470436442, 0.6068183764291829], [0.3628734450645956, -0.8210807506728607, -0.44062372126503074]], "T": [-0.033411753476869574, -0.02122108345887156, -0.0761191207434197], "aligned_model": [[-0.6714980389013517, -0.12481604710079143, 0.3539246169040414, 0.3307455506058023, -0.7098470495813325, -0.49537823882820103, 0.16272960397824537, 0.3656452644257362, 0.6181627375366033, -0.23458091271398918, -0.30106530777952845, 0.2697904959143414, -0.08707517802437863], [-0.0008719482690650662, -0.260383064030097, 0.14252127785683366, 0.6810844054396008, -0.5902193980233645, 0.108763745072986, -0.6007705871135345, -0.264358790292816, -0.09713266128729131, -0.49718432710644966, 0.7302201661937665, 0.3743017755987482, 0.06441684537239264], [-0.4228270112292877, -0.6364339660336202, -0.6758560732373506, -0.2987767110503234, -0.13871189419737578, 0.4294879235871745, -0.09464035958861228, 0.4990625854144994, 0.0012525888383340122, 0.5083694249170814, 0.13875330876025477, 0.2853720885206787, -0.17397647074236394]], "inverted": true, "swapped": true, "error_lsq": 0.04269557392322062, "error_max": 0.275737673996578, "target": "433.xyz", "model": "9.xyz", "model_rescale": 3.833441315466971, "target_rescale": 4.016617405565859},
{"mapping": [4, 1, 2, 3, 11, 8, 6, 7, 12, 9, 13, 0, 10, 14], "R": [[-0.18152536065281574, 0.3748703434034929, 0.9091318766143954], [-0.8757446403358814, -0.48217956163009434, 0.02396237194410683], [0.44734759232932375, -0.7918175900943079, 0.41581851288079985]], "T": [-0.04008320476388491, 0.017785842613288815, -0.002310862110428056], "aligned_model": [[-0.3329482720911867, -0.6533472204814781, 0.5096879358574491, 0.3017817262174062, 0.05269089199337271, 0.6302715610442372, -0.6418030491398217, 0.15229346257495727, -0.5062436159340629, 0.7057082046059988, 0.3311607161908787, -0.17880382119214633, 0.19564225098618535, 0.030668108289195528], [0.49295310841602397, 0.2809336798644163, 0.471105470827832, 0.2750675552465517, -0.6574563352776983, -0.33657181070660463, 0.056752943889751925, -0.3782284559630096, -0.3296109257954214, -0.019354383198820633, 0.5446723596744905, 0.2508531988176139, -0.4063516193643438, 0.02751856783754663], [-0.5718358413160521, 0.3143425694039179, -0.09666796328983218, -0.7581258785379162, -0.030204395616994492, 0.17828399902547384, -0.3147918406470803, -0.5023887260161791, 0.15589790397921793, -0.3190535082277808, 0.4670025627006507, 0.6223963971345366, 0.6612364733363084, -0.06489178066876042]], "inverted": false, "swapped": false, "error_lsq": 0.04269611443966463, "error_max": 0.3509778802506852, "target": "433.xyz", "model": "10.xyz", "model_rescale": 4.2482417240324, "target_rescale": 4.016617405565859},
{"mapping": [12, 5, 9, 2, 8, 6, 4, 0, 10, 1, 11, 13], "R": [[-0.27526054911572495, -0.6314600564172274, 0.7249067714196507], [0.9252319556570402, 0.030791955277704702, 0.37815034539350173], [-0.2611081353224338, 0.7747967815109507, 0.5757712124001284]], "T": [0.02606864545683904, 0.12158353136419117, 0.03762494456490797], "aligned_model": [[-0.717024737340801, -0.17284918826822504, 0.4716649565484019, 0.6859191127686091, -0.4712064578324241, 0.14924189915308886, -0.28363126108757564, 0.5260135100461522, 0.06686680755560251, -0.033432929554878754, -0.42725455445480365, 0.08245844482986042], [-0.35436114364259996, -0.5360665431751763, -0.2964029713765458, -0.3255687918348632, 0.47792326182548395, 0.7698985124574665, 0.02662945493430198, 0.34068939294568557, -0.2803305904507458, 0.6536197763283568, 0.15891349173205363, 0.031187540307222136], [-0.043186798745480516, 0.2736389932133718, 0.5471752691575613, -0.17945729426937157, 0.058399056398819586, 0.06616090951048101, 0.5616245771525161, -0.24714440813939606, -0.530484306519889, -0.47481377346494547, -0.5962058297122833, 0.12948589527297277]], "inverted": true, "swapped": true, "error_lsq": 0.04401786133136818, "error_max": 0.23994938300769536, "target": "433.xyz", "model": "11.xyz", "model_rescale": 3.6694154284099745, "target_rescale": 4.016617405565859},
{"mapping": [8, 9, 2, 3, 0, 12, 11, 4, 6, 1, 10, 7, 5, 13], "R": [[0.5557165783415325, -0.4260240937282173, 0.7139205530865677], [0.054086286981013657, -0.8383807038457238, -0.5423951225626539], [0.8296106063190049, 0.3400312735355383, -0.44285999469450066]], "T": [0.025724943459689845, -0.00803224972034183, 0.04613682555474239], "aligned_model": [[-0.14313946668767802, -0.49591296419057346, 0.4544481039149265, 0.194870982195031, 0.2957703151496575, 0.6094571345156531, -0.649968564270253, -0.0701915728750947, -0.3335481050626893, 0.7023825152626032, 0.17000372296956173, -0.282914398472163, 0.05932733938168641, 0.08617383709031774], [0.5875922749800213, 0.5835624464515163, 0.4167970803366397, 0.1759600246532472, -0.6603970851968706, 0.006397877413722389, 0.05371751179349199, -0.34195721869568024, -0.4389366920816182, -0.11184920110195545, 0.49742462613226773, 0.12153801183037916, -0.5175220402870482, -0.10004426195978454], [-0.38896556224856305, 0.19645607134074053, -0.20292153187364562, -0.7777474874129807, -0.06446825157993166, 0.3937242258188892, -0.2448166062374684, -0.6072947215405218, 0.11754460953116674, -0.4516885105112065, 0.4028240383125081, 0.70955119260078, 0.665702661260099, -0.006700156200355752]], "inverted": true, "swapped": false, "error_lsq": 0.046237385215289084, "error_max": 0.32485286959728704, "target": "433.xyz", "model": "12.xyz", "model_rescale": 3.9764082729961374, "target_rescale": 4.016617405565859},
{"mapping": [13, 6, 10, 11, 7, 2, 14, 3, 4, 8, 12, 5, 0, 15], "R": [[0.700614078951624, 0.7025988488883192, 0.12447798968322521], [-0.5284983429529144, 0.6281751774106874, -0.5710389198479167], [-0.479405271008561, 0.3342914955930838, 0.8114307007399633]], "T": [0.062395139426593055, 0.08633213308552912, 0.0832624280583695], "aligned_model": [[-0.1925774509683714, -0.6878971618778943, 0.6414693242543313, 0.178952797312335, 0.12471796191498963, 0.7113830390454048, -0.41570495338861213, 0.016943522598977037, -0.3984069487630062, 0.5509769611220035, 0.2438856803222782, -0.37033311702971816, 0.19250469515946947, 0.0008445292187986286], [0.5983680847384033, 0.22168550209936616, 0.5154467671537498, 0.2935247559556469, -0.6667394115905387, -0.363905251731631, 0.17563613652098053, -0.3960625476508911, -0.4073186712881149, -0.11180355198114597, 0.6686952420448322, 0.13582297379420688, -0.3989311508319746, 0.007864477035438855], [-0.1341972430282856, 0.03427535018009112, -0.272659780089497, -0.6743853978909974, 0.08899071918847692, 0.1944402917160568, -0.5509718628748491, -0.6049766073345487, 0.3278724046345247, -0.3875696975028571, 0.2706868870729672, 0.7995869484993129, 0.6073797644353062, 0.04272819425380873]], "inverted": true, "swapped": false, "error_lsq": 0.04475909769014203, "error_max": 0.28284897891009636, "target": "433.xyz", "model": "13.xyz", "model_rescale": 4.170626492500431, "target_rescale": 4.016617405565859},
{"mapping": [10, 12, 9, 7, 2, 3, 8, 0, 4, 1, 11, 5, 6, 13], "R": [[-0.6287983459470579, -0.7757946969420433, 0.05249026891574954], [0.12704310132053936, -0.03590339091021805, 0.9912471926457131], [-0.7671197367693676, 0.6299631217124948, 0.12113535710578077]], "T": [0.05154998124956174, -0.04929258878300008, -0.05178683839458914], "aligned_model": [[-0.06750903769321605, -0.5328373952144255, 0.5601699126560109, -0.011197500618289072, 0.10467507263806253, 0.6648779782075713, -0.5633439684767287, 0.15319988699178053, -0.5660643635284042, 0.6495072161963578, 0.30103907819500103, -0.2982519035449816, 0.14373264012039483, 0.058761262991852144], [0.4759736650841527, 0.3360075272119059, 0.5745913240784624, 0.16898153977570451, -0.7008579019424279, -0.2014273138715581, 0.08949865678146565, -0.3943567416464497, -0.3887598034791768, 0.0048737854037472425, 0.38196833946894393, 0.19691680187338306, -0.25827766594851237, -0.012848858521311943], [-0.2198600888884746, 0.1620854039138106, -0.14333500665943652, -0.8301498393202436, 0.022862572780346452, 0.22417946027173058, -0.44446827868632244, -0.527661226861872, 0.02807342621757132, -0.5317114355737602, 0.4496399791967383, 0.750858416810364, 0.7577295987181578, 0.04295698934089995]], "inverted": false, "swapped": false, "error_lsq": 0.036779698202777635, "error_max": 0.22521158710183578, "target": "433.xyz", "model": "14.xyz", "model_rescale": 3.9786697098870705, "target_rescale": 4.016617405565859},
{"mapping": [4, 7, 12, 5, 8, 11, 3, 0, 10, 9, 6, 13], "R": [[-0.4164206459072852, -0.21275220096477154, -0.8839289262417003], [0.8888734939042511, -0.2995647978611773, -0.34664801126912814], [-0.19104386275567437, -0.9300523817866593, 0.3138547588238126]], "T": [0.04342087987787849, 0.07593524579201982, 0.0068622039524642055], "aligned_model": [[-0.062379703949236254, -0.5799507007842201, 0.7258065090442712, 0.46551297140664727, -0.032222863923622475, 0.552072537944628, -0.5028902418873428, -0.15063897862368367, 0.6402739904157669, -0.11558604274691836, -0.4917004359334549, 0.03505755580450151], [-0.24164118794648426, -0.27168268073714463, 0.032910725420964515, -0.468286207735903, 0.4577688634770041, 0.6612026368017901, -0.29631206211776034, 0.26103260683375684, 0.1663727003756727, -0.6841139024833889, 0.46142329096871626, -0.06400029263278417], [-0.5103006029971424, -0.15774364793078532, -0.5568224515383976, -0.22429971346425007, -0.46554991275111085, -0.07900089467892862, 0.4951203778364308, 0.5610513131038103, 0.35548091223231953, 0.17992985831785172, 0.04350112890484703, 0.018600126839185747]], "inverted": true, "swapped": true, "error_lsq": 0.051763460912713805, "error_max": 0.2799860188846101, "target": "433.xyz", "model": "15.xyz", "model_rescale": 3.769337070930944, "target_rescale": 4.016617405565859},
{"mapping": [4, 8, 9, 5, 7, 6, 3, 1, 2, 10, 13], "R": [[0.3973246444489198, -0.421850743839871, 0.8149693717160709], [-0.9141707511845946, -0.10437913363042395, 0.3916590789719504], [-0.08015587684090164, -0.900636967031839, -0.42711601354146933]], "T": [-0.07917921749492508, -0.06612766732696523, 0.03145026058091316], "aligned_model": [[-0.3534576777534515, -0.2140491456089092, -0.003321124408016754, -0.6547042226682636, 0.2543904919491976, 0.443740199490532, 0.5617724927432581, 0.20916238124669728, 0.10948584679608002, -0.3370161615278752, -0.0933769495680782], [0.015020570285281865, -0.6070252430227956, 0.6901866956901224, 0.36566749294903017, 0.15236736894494451, -0.4355269645763003, 0.436974931517548, -0.6712683116382134, 0.5609550619338819, 0.022349984468303608, 0.06636291107353876], [-0.5141615184954362, -0.2213975408253171, -0.20337830716925304, -0.06904085473483816, -0.582973538568916, -0.13102345717908945, -0.07573474095196786, 0.3474571689835888, 0.5350823504540807, 0.6730415541140957, -0.013653508403170728]], "inverted": true, "swapped": true, "error_lsq": 0.044342345325692735, "error_max": 0.21781983213315007, "target": "433.xyz", "model": "16.xyz", "model_rescale": 3.7852294659196426, "target_rescale": 4.016617405565859},
{"mapping": [11, 5, 4, 12, 10, 2, 3, 9, 8, 1, 0, 7, 13], "R": [[-0.7509034069486539, -0.6445239754440896, -0.14398929998667026], [-0.3642752236918413, 0.5860867324874465, -0.7237443632985667], [0.5508608125807859, -0.491010373698902, -0.6748786395218782]], "T": [0.068229317718007, 0.09414387937862315, -0.027870774897476143], "aligned_model": [[0.08302485499352022, -0.24507832132450935, 0.3553119768610898, 0.04945308517525911, -0.48105493004015376, -0.6955617315114901, -0.11516605811962174, -0.28337563150441564, 0.6035630080342679, 0.30978879849835594, -0.12787284877665628, 0.39526566430987065, 0.005467983620766406], [-0.15989787924519214, -0.4849358849669476, -0.2776105993519784, -0.767592750014869, -0.036372677029201855, 0.38212046208919037, 0.7089687862684894, 0.1329081212803446, -0.09248318649057916, 0.4300964666222532, 0.6589250050161047, 0.3077334030608545, 0.07319635646440563], [-0.7653535047915865, 0.2791789053140984, 0.37073689946328703, -0.2335381805184651, -0.4367715161308866, 0.09927189574627013, 0.4857209056856512, 0.6847171954306807, -0.25869597689346335, -0.6426726287414313, -0.17488115163321094, 0.5917679749212008, 0.0962738792910294]], "inverted": false, "swapped": true, "error_lsq": 0.05017145352373435, "error_max": 0.31034258885129307, "target": "433.xyz", "model": "17.xyz", "model_rescale": 3.901054581598922, "target_rescale": 4.016617405565859},
{"mapping": [0, 1, 2, 3, 11, 9, 7, 12, 6, 13, 8, 4, 10, 14], "R": [[-0.5947071300856586, 0.7177118480997099, 0.3622335331282551], [-0.625118030681666, -0.12950429230865804, -0.7697116901738659], [-0.5055204023003971, -0.6841917431326783, 0.525671743093646]], "T": [0.08337862570147317, 0.04843544592875218, 0.04579255168376193], "aligned_model": [[-0.24081983276333577, -0.5424671975513039, 0.5337447517509303, 0.18064859691330282, -0.06777451268918613, 0.5742305396532092, -0.4283105101787522, 0.10638074929004693, -0.5521757364748208, 0.6934731901945731, 0.20845853805642253, -0.1846083625316923, 0.2165343504672916, 0.09944431478429996], [0.5763149155673297, 0.34722874948380866, 0.6840206027100214, 0.23062898993310277, -0.73420234363036, -0.3881160529139287, -0.07734266367657774, -0.39811156785893287, -0.3379569830356485, 0.01941702199417323, 0.5736838254274248, 0.1897670896882801, -0.415789551789732, 0.002741322369367895], [-0.3920923002609255, 0.11453203599624348, -0.2315879865207813, -0.689564473669474, 0.008889868375405487, 0.09753043685913515, -0.3567383405015487, -0.5475385286288474, 0.14824882932361955, -0.34720204337946103, 0.43165186218328766, 0.7763966240237369, 0.7085281343894317, 0.02014585306968781]], "inverted": false, "swapped": false, "error_lsq": 0.03832312858336844, "error_max": 0.2526459635214475, "target": "433.xyz", "model": "18.xyz", "model_rescale": 3.9405287249114394, "target_rescale": 4.016617405565859},
{"mapping": [1, 6, 12, 3, 11, 13, 2, 10, 5, 14, 4, 8, 9, 15], "R": [[0.39667204327584027, -0.19723686771489718, -0.8965204448853282], [0.7440121902429107, 0.6411302188542513, 0.18814330506783278], [0.5376775528635332, -0.7416533290466083, 0.4010650678640142]], "T": [0.14063894310623232, 0.11573977644382893, 0.06552668695747826], "aligned_model": [[-0.19447873034852003, -0.5858291124828239, 0.5216559264904712, 0.21099245426958457, 0.19744383362615434, 0.6931488408882049, -0.5823042892194037, -0.00595084819790323, -0.5243166631202907, 0.6348179883130887, 0.40783891392462907, -0.3882942020080034, 0.09744677533317787, 0.11458799145262], [0.5605498814399233, 0.28575101634749367, 0.44451576484024546, 0.340363957642779, -0.5975393833275355, -0.24403516542495546, -0.1445686084652602, -0.333344993521333, -0.3338080353178724, -0.20474912887577612, 0.6478530842460928, 0.20556843740248143, -0.4515231432991711, 0.09724967058121609], [-0.2885348040452516, 0.10582306529716404, -0.15097151173278117, -0.7530226124507216, -0.019439462470941526, 0.19446329707359014, -0.34057417562918285, -0.5627553670734116, 0.2823294762546906, -0.4372783397891395, 0.4899376103212152, 0.5988490052659243, 0.5806548879756777, 0.04171890226267802]], "inverted": true, "swapped": false, "error_lsq": 0.037492600695946725, "error_max": 0.2456376396222629, "target": "433.xyz", "model": "19.xyz", "model_rescale": 4.410303926677745, "target_rescale": 4.016617405565859},
{"mapping": [6, 3, 4, 11, 8, 7, 10, 9, 5, 12, 0, 3, 1, 13], "R": [[-0.9092367914708464, -0.3098560562482164, 0.2779886354549469], [0.4138442470406946, -0.7449528947466584, 0.5232381138639417], [0.04495994024820006, 0.5907913413506303, 0.8055707261054128]], "T": [0.12638817898191007, 0.0675268045867355, 0.026694994140652545], "aligned_model": [[-0.034210856443775056, -0.44487189375089825, 0.5224446090545453, 0.10291544874631954, 0.06290069823160102, 0.6775357484937294, -0.5349380575371057, 0.08168539572402672, -0.5248070015606447, 0.6546761766888145, 0.07327835894373766, -0.44487189375089825, 0.3061673404252772, 0.09885480565625614], [0.6022084804669484, 0.39666631736372093, 0.570263837509183, 0.3349332072952834, -0.6937266513670525, -0.35550351748561904, -0.19149961994784254, -0.3348504859554713, -0.43036527827086307, -0.18237156563875262, 0.4543638195288906, 0.39666631736372093, -0.2922226076534387, -0.0022788989403789706], [-0.13087809517603669, 0.3288403335596851, -0.2656886150789757, -0.7575729264193061, -0.06002349866033144, 0.18204900339141866, -0.3864477575707377, -0.5300373508991572, 0.19137357087197002, -0.4519881299884986, 0.6272745837113434, 0.3288403335596851, 0.6602403395390416, 0.005218180419409867]], "inverted": true, "swapped": false, "error_lsq": 0.05205773338226266, "error_max": 0.41782303353503664, "target": "433.xyz", "model": "20.xyz", "model_rescale": 4.121658175737393, "target_rescale": 4.016617405565859},
{"mapping": [7, 3, 9, 4, 5, 6, 2, 8, 0, 11, 10, 12, 13], "R": [[-0.3925898192603006, 0.858627717104172, -0.3295931996168049], [-0.8584328225251695, -0.4707167555094402, -0.20376168750316356], [-0.3301004741357326, 0.20293885656311458, 0.9218728206603232]], "T": [0.03571143421177518, -0.10838210048721147, -0.032168144435329], "aligned_model": [[0.17319693493469152, -0.3336415948727566, 0.2231964625475933, 0.5908414815834507, 0.609470864551454, -0.3298507222565588, -0.32754268729655095, 0.2179822386498067, -0.5664754613194383, -0.042759413815946126, -0.1346582556427769, 0.7087573316831116, 0.09256572591821394], [-0.40277907317593925, 0.011079963878392718, 0.3023842714037459, -0.2788938129274424, 0.3365500288232911, -0.6424930454006743, 0.5982719641413581, -0.6212441958308035, -0.03613682179362815, -0.15289531489973382, 0.4098803372620929, 0.047345435505157435, -0.030242832822633556], [0.6243024158021354, 0.6922123491304131, 0.6228361869226984, 0.1734098459285281, -0.007468495076340613, 0.09969570471726821, 0.19401544012003125, -0.31224299262480026, 0.07364959039768537, -0.807086075375436, -0.46613333533207596, -0.5871454426310059, 0.07006454750268737]], "inverted": true, "swapped": true, "error_lsq": 0.0544032740345224, "error_max": 0.30458188901871186, "target": "433.xyz", "model": "21.xyz", "model_rescale": 4.08911054899281, "target_rescale": 4.016617405565859},
{"mapping": [13, 14, 0, 7, 5, 8, 12, 10, 9, 6, 2, 15, 11, 16], "R": [[-0.7559121648470053, -0.2915143400147367, -0.5861878441268521], [0.29222174015886565, -0.9514849838284791, 0.0963471853633703], [-0.5858355175429691, -0.09846682240578165, 0.804425901665573]], "T": [0.0643282806810683, 0.10175076038856909, 0.04812049968111704], "aligned_model": [[-0.1696286471697789, -0.5536520237704383, 0.6448484073038274, 0.14867043004174116, 0.047783601305374214, 0.6119090713813102, -0.5194077050573446, -0.04730975573550697, -0.4482462739509955, 0.6437667166775664, 0.10014799017219095, -0.1780067935417429, 0.23874248572385587, 0.0771413755409268], [0.544410339209505, 0.21213485690735548, 0.528569699703316, 0.16457490301362643, -0.6027052236720928, -0.290273967363993, 0.09885910724284737, -0.42980036984191783, -0.39074557620344696, -0.10773796147996942, 0.632390005710721, 0.12733744782723697, -0.35393600797436753, 0.1392061011895077], [-0.38321071785003186, 0.18130563583683879, -0.23631116839999616, -0.6552540214341152, 0.013521452676211403, 0.21314749306917047, -0.4037793159087694, -0.548642228704864, 0.0005569006824731396, -0.3713192490923954, 0.5363753195335805, 0.7352347923002664, 0.6378851005827678, 0.021689977968373703]], "inverted": false, "swapped": false, "error_lsq": 0.03914619369252773, "error_max": 0.22227538426047738, "target": "433.xyz", "model": "22.xyz", "model_rescale": 4.204369325754507, "target_rescale": 4.016617405565859},
{"mapping": [1, 6, 12, 3, 11, 13, 2, 10, 5, 14, 4, 8, 9, 15], "R": [[0.39667204327584027, -0.19723686771489718, -0.8965204448853282], [0.7440121902429107, 0.6411302188542513, 0.18814330506783278], [0.5376775528635332, -0.7416533290466083, 0.4010650678640142]], "T": [0.14063894310623232, 0.11573977644382893, 0.06552668695747826], "aligned_model": [[-0.19447873034852003, -0.5858291124828239, 0.5216559264904712, 0.21099245426958457, 0.19744383362615434, 0.6931488408882049, -0.5823042892194037, -0.00595084819790323, -0.5243166631202907, 0.6348179883130887, 0.40783891392462907, -0.3882942020080034, 0.09744677533317787, 0.11458799145262], [0.5605498814399233, 0.28575101634749367, 0.44451576484024546, 0.340363957642779, -0.5975393833275355, -0.24403516542495546, -0.1445686084652602, -0.333344993521333, -0.3338080353178724, -0.20474912887577612, 0.6478530842460928, 0.20556843740248143, -0.4515231432991711, 0.09724967058121609], [-0.2885348040452516, 0.10582306529716404, -0.15097151173278117, -0.7530226124507216, -0.019439462470941526, 0.19446329707359014, -0.34057417562918285, -0.5627553670734116, 0.2823294762546906, -0.4372783397891395, 0.4899376103212152, 0.5988490052659243, 0.5806548879756777, 0.04171890226267802]], "inverted": true, "swapped": false, "error_lsq": 0.037492600695946725, "error_max": 0.2456376396222629, "target": "433.xyz", "model": "23.xyz", "model_rescale": 4.410303926677745, "target_rescale": 4.016617405565859},
{"mapping": [5, 4, 12, 6, 11, 7, 15, 14, 10, 13, 0, 3, 1, 16], "R": [[-0.06273311709695312, -0.8500953700536713, 0.5228789705396574], [0.966787801561519, 0.07829961687167258, 0.24329101247188442], [-0.24776178634152865, 0.5207754139848205, 0.8169498548979576]], "T": [-0.02714654446086974, -0.052102692556298014, -0.05467898214270007], "aligned_model": [[-0.17088851422742146, -0.5500046494380987, 0.4803453878300168, 0.2084320636825734, 0.07977728523806064, 0.5778926730194697, -0.39786575702250127, 0.06273505555626212, -0.4804319085814739, 0.5561854743744101, 0.3297146521511747, -0.26205575293458144, 0.20158344859497673, -0.038660579321881126], [0.531133632010877, 0.3204126990560943, 0.5614001570963141, 0.2563348314318033, -0.6745678736474265, -0.17875125326869193, 0.009955781864613683, -0.40694993840988175, -0.3744327533557214, -0.06508646614130253, 0.4435441204883264, 0.22944218962075352, -0.35548476504633014, -0.024667007431099945], [-0.24116133857605582, 0.19378843637054768, -0.16532267564343445, -0.7083356985780818, -0.011948669922149102, 0.18989939805995704, -0.6613339104380056, -0.6240248525089672, 0.28358076546955474, -0.4467782058784621, 0.3895846042083473, 0.766783815388768, 0.7147216013888326, 0.061746701918658435]], "inverted": true, "swapped": false, "error_lsq": 0.03668583248158715, "error_max": 0.350490653270932, "target": "433.xyz", "model": "24.xyz", "model_rescale": 4.28219845311461, "target_rescale": 4.016617405565859},
{"mapping": [9, 11, 3, 7, 2, 0, 12, 13, 14, 4, 8, 10, 6, 15], "R": [[-0.01960448977549306, -0.1606107089878248, -0.9868231169460264], [-0.318490864086424, -0.934591514292357, 0.15843696193187373], [-0.9477231839910458, 0.3174002230168518, -0.03283085370085842]], "T": [0.06480310259210076, 0.10091372054797818, -0.049928092354438694], "aligned_model": [[-0.16449085286698853, -0.4257058928356029, 0.5954783197020568, 0.2053153930496396, 0.13993468752002883, 0.6999199843445114, -0.6500594382981393, -0.12875646006596939, -0.4600108080059675, 0.6953798968407519, 0.12761299206575172, -0.3630828569929403, 0.20163709376159294, 0.12358682070226047], [0.6042882082480692, 0.2923725479324548, 0.5948888995094106, 0.18356127350302565, -0.578862008792868, -0.30381248741591793, 0.02034220674417775, -0.2359629435675574, -0.3721448165055459, -0.09282767944908304, 0.34406012974115585, 0.08631364181039308, -0.3321103610251154, 0.06217674353572918], [-0.4384021468310094, 0.08871358272798598, -0.322724135901896, -0.8108299808861625, -0.017675540001833544, 0.2637236494485771, -0.308577815007176, -0.4993335505044368, 0.23455495574890856, -0.3653417089089321, 0.597281918700393, 0.618207569108653, 0.728508635067532, -0.02690546150109351]], "inverted": false, "swapped": false, "error_lsq": 0.038207359419866575, "error_max": 0.24439988110337987, "target": "433.xyz", "model": "25.xyz", "model_rescale": 4.100010024507729, "target_rescale": 4.016617405565859},
{"mapping": [12, 5, 9, 2, 8, 6, 4, 0, 10, 1, 11, 13], "R": [[-0.27526054911572495, -0.6314600564172274, 0.7249067714196507], [0.9252319556570402, 0.030791955277704702, 0.37815034539350173], [-0.2611081353224338, 0.7747967815109507, 0.5757712124001284]], "T": [0.02606864545683904, 0.12158353136419117, 0.03762494456490797], "aligned_model": [[-0.717024737340801, -0.17284918826822504, 0.4716649565484019, 0.6859191127686091, -0.4712064578324241, 0.14924189915308886, -0.28363126108757564, 0.5260135100461522, 0.06686680755560251, -0.033432929554878754, -0.42725455445480365, 0.08245844482986042], [-0.35436114364259996, -0.5360665431751763, -0.2964029713765458, -0.3255687918348632, 0.47792326182548395, 0.7698985124574665, 0.02662945493430198, 0.34068939294568557, -0.2803305904507458, 0.6536197763283568, 0.15891349173205363, 0.031187540307222136], [-0.043186798745480516, 0.2736389932133718, 0.5471752691575613, -0.17945729426937157, 0.058399056398819586, 0.06616090951048101, 0.5616245771525161, -0.24714440813939606, -0.530484306519889, -0.47481377346494547, -0.5962058297122833, 0.12948589527297277]], "inverted": true, "swapped": true, "error_lsq": 0.04401786133136818, "error_max": 0.23994938300769536, "target": "433.xyz", "model": "26.xyz", "model_rescale": 3.6694154284099745, "target_rescale": 4.016617405565859},
{"mapping": [6, 1, 12, 3, 8, 10, 1, 7, 5, 9, 2, 0, 4, 13], "R": [[-0.18110140750796358, -0.17263948602750445, -0.9681931047383027], [-0.22429434966560108, 0.9657773403622398, -0.1302542650008965], [0.9575459910138625, 0.19357101205241908, -0.21362569692404199]], "T": [0.16318632065850053, -0.04051495680027824, 0.0008205374666961258], "aligned_model": [[-0.09384074276414012, -0.6581039989052708, 0.521578696862999, 0.12216694154439045, 0.2944070669475684, 0.6544507371386556, -0.6581039989052708, -0.08833173408015599, -0.5391335993406332, 0.6748437616472338, 0.26381884429345165, -0.28078291006356015, 0.2135502075155364, 0.1702396070301812], [0.5795669472815939, 0.2611707846128126, 0.6020107086473867, 0.18574545215672805, -0.6640362363000706, -0.22566429006853955, 0.2611707846128126, -0.30598226932393086, -0.40029516647180025, -0.1780679195072477, 0.45514363737066194, 0.06693694086886764, -0.36568120131995063, 0.00026518170900475396], [-0.142796845544294, -0.11798425248144194, -0.2965823664817658, -0.7737469923260547, 0.04939545058377001, 0.29453760776287036, -0.11798425248144194, -0.5114238366755636, 0.058121762778868616, -0.4283057621255671, 0.4550509849431188, 0.47860579780077406, 0.7539878246045211, 0.04032485090171621]], "inverted": true, "swapped": false, "error_lsq": 0.04643713026904317, "error_max": 0.33911388666144504, "target": "433.xyz", "model": "27.xyz", "model_rescale": 4.103607728864725, "target_rescale": 4.016617405565859},
