[{"mapping": [10, 3, 5, 0, 4, 11, 6, 7, 1, 2, 9, 12], "R": [[0.11869292967141919, -0.3405829201212147, 0.9326924803855352], [0.6945012236576004, 0.6998039576780661, 0.1671600166194398], [-0.7096337356581293, 0.6279153568275122, 0.3195970367135259]], "T": [-0.08263293950211553, -0.13743702491313564, -0.0008832271884639288], "aligned_model": [[-0.21427907542585548, 0.16715583638890355, 0.5079983683822493, -0.08773790865472979, -0.21422301172955593, -0.661539308766868, 0.40579034607911896, -0.3165827792357449, 0.48530011695411107, 0.22836251033282495, -0.4237442182738967, -0.0388584135900082], [-0.48739457319692897, -0.6159811203484735, -0.2572144190399045, 0.7379965583839745, 0.34576639751098154, -0.4345710545390418, -0.33642012230555174, -0.5485917494590897, 0.2642096299923579, 0.37881602279698395, 0.11330845825738689, -0.10636899207563713], [-0.6155835876834912, 0.011135568355529885, -0.46758226204362946, -0.07097663339396329, -0.6529168688530845, -0.11053136097489105, 0.6323111843479231, 0.6605227222493503, -0.11185298970944918, 0.48570936397111425, 0.46796291267880785, -0.046246303590654236]], "inverted": true, "swapped": true, "error_lsq": 0.04012689840129918, "error_max": 0.22763375945920553, "target": "434.xyz", "model": "0.xyz", "model_rescale": 3.751011558992144, "target_rescale": 4.015988118268853},
{"mapping": [1, 8, 4, 9, 0, 5, 10, 11, 7, 6, 3, 12, 14], "R": [[-0.3914407311158859, -0.13621274710331466, -0.9100660643876515], [0.42069758375407795, -0.9060673493054845, -0.04533763939613189], [-0.8184055822432672, -0.4006095930567585, 0.41197603923524134]], "T": [-0.10978330635888121, 0.030156336423452203, -0.08377174008274929], "aligned_model": [[-0.5063983001932832, -0.518883184285748, -0.1611619503597087, 0.4157632359977522, -0.7631604431003113, -0.07194609260113367, 0.48724277255638904, 0.6074293342017432, -0.1636703669822313, 0.15774211821360862, -0.40401907166746653, 0.21349800006486896, -0.06746517502369125], [-0.5369529062712016, 0.05506802133623744, -0.48003936011372245, 0.4120383052924165, -0.04074850992336842, 0.5168004454922004, -0.15327035961424898, -0.18096470514904525, -0.2986079897357004, -0.6346661697345031, 0.421472411011628, 0.22928744841413656, 0.049659996166680806], [-0.001496574012606583, -0.6057247551855471, -0.6859632014016488, -0.1940287806926103, 0.2951416252761273, -0.4734278748469219, -0.6151550823175347, 0.1950918877930929, 0.48954076312971145, 0.14020800851811255, 0.5024900902413365, 0.5548291534583714, -0.05491700978968528]], "inverted": true, "swapped": false, "error_lsq": 0.04823117285070058, "error_max": 0.3064947292530367, "target": "434.xyz", "model": "1.xyz", "model_rescale": 3.9405287249114394, "target_rescale": 4.015988118268853},
{"mapping": [9, 11, 5, 7, 10, 6, 0, 1, 8, 2, 3, 4, 12], "R": [[0.2875565766575749, 0.7949551694811083, -0.5341886312308027], [0.7471828126184858, 0.16273508579996315, 0.6443874117153497], [0.5991903368283781, -0.5844344021059514, -0.5471812952637854]], "T": [-0.010728028337400428, -0.01916593436951331, -0.031214562414089726], "aligned_model": [[-0.680999127752267, -0.4937427124882801, -0.09357873739426821, 0.27350281006277916, -0.8202997380133776, 0.012190833352645217, 0.4204625107761358, 0.773265280304677, -0.43531873582662073, 0.29660945975613623, -0.2553532633186173, 0.19803860876235474, 0.030193688599490905], [-0.46011354007631083, -0.05465522399579748, -0.5737739990452915, 0.70495853834745, 0.09342888652825035, 0.3581124707358687, -0.10077210634639863, -0.07778228851512614, -0.2765374730147264, -0.6242114797601873, 0.42031721659009996, 0.04163261964271397, -0.09152699391903515], [0.05053486816917371, -0.5537579713799192, -0.4934070926242945, 0.12294908982226609, 0.17711971827846948, -0.42171606588033184, -0.7455990106981601, 0.06441465586876792, 0.563909283788498, -0.09149046088825498, 0.24047042613309785, 0.6354305822820159, -0.002269772701130098]], "inverted": false, "swapped": false, "error_lsq": 0.058676214412313805, "error_max": 0.4065446203338867, "target": "434.xyz", "model": "2.xyz", "model_rescale": 3.932901565614263, "target_rescale": 4.015988118268853},
{"mapping": [8, 9, 7, 6, 11, 12, 4, 2, 3, 0, 10, 1, 13], "R": [[0.02159467929539914, 0.6021404807392851, 0.7980980586877731], [-0.7982992441355549, 0.4909635159178528, -0.34881677547128165], [-0.6018737298127665, -0.6295884905973451, 0.4912904903095784]], "T": [-0.09556730176623011, -0.10776592117744033, -0.030055993501153955], "aligned_model": [[-0.7603984338498532, -0.5299991591345564, -0.12633087624374945, 0.2885229669756517, -0.8038882257060348, -0.2546661034402375, 0.649393900055674, 0.7162780235768965, -0.24594187727961686, 0.3719173379772481, -0.21968372732233354, 0.23586364897626594, -0.09609659776456658], [-0.41359769623473136, -0.0011724300627009576, -0.5410818782322657, 0.44320789022679175, 0.09811714505336674, 0.5664347186191924, -0.31613239455921904, 0.02056084900077476, -0.5273205093530302, -0.5275239287991642, 0.5428614123367115, 0.017660304848773123, -0.0029368556729893053], [-0.08709297018841922, -0.6128936452913618, -0.5966541149189445, -0.15493507616210783, 0.47353345249219814, -0.3514138606263283, -0.43606415239488927, 0.10646968522794253, 0.21903618353618098, 0.20277797262998887, 0.2427527785218026, 0.620474872505141, -0.079402875161005]], "inverted": true, "swapped": false, "error_lsq": 0.05341732705015096, "error_max": 0.36280803146091684, "target": "434.xyz", "model": "3.xyz", "model_rescale": 3.9243930471874484, "target_rescale": 4.015988118268853},
{"mapping": [4, 3, 2, 5, 10, 6, 0, 1, 8, 7, 11, 9, 12], "R": [[-0.5916326627003081, 0.004067696187678882, -0.8061973990741149], [-0.7354119647655024, -0.41249240336755255, 0.5376051145997436], [-0.3303634884576174, 0.9109519586738835, 0.24703541139344476]], "T": [-0.12194908455021901, -0.011134563751792746, 0.05633145490753005], "aligned_model": [[-0.39793629579019296, -0.40475602543695366, 0.03862673487687758, 0.3858440777400287, -0.7982396790527923, -0.2800395022092791, 0.3724067290347364, 0.5710366678871245, -0.29916401475499044, 0.1550557853315982, -0.20545044038873672, 0.11903772057401589, -0.03145088099064795], [-0.5180939119818225, -0.027774435924894314, -0.636751755865054, 0.4350443765806224, 0.10203996073273691, 0.5814960894722008, -0.09799049541917407, -0.18316007132071857, -0.36039452543235734, -0.7635216836923444, 0.6769919194696672, 0.12080046768019415, 0.030390692872453356], [-0.08219849822262026, -0.5541574632597234, -0.6024803736605464, -0.2852729322276413, 0.22049685416684078, -0.32486776261579725, -0.6302475500653424, 0.07472361755869153, 0.5492297371074538, 0.046297376898289576, 0.4379641946586062, 0.7061051839963021, -0.009004134164315482]], "inverted": false, "swapped": false, "error_lsq": 0.03987400480045448, "error_max": 0.2669779429374649, "target": "434.xyz", "model": "4.xyz", "model_rescale": 3.8936222436046832, "target_rescale": 4.015988118268853},
{"mapping": [7, 3, 2, 9, 1, 5, 10, 4, 8, 11, 0, 12], "R": [[-0.010154706156398186, 0.596270081637168, -0.8027196719199563], [0.8347448445295751, 0.44703237139409147, 0.3215013273021914], [0.5505433011800007, -0.6668013562300097, -0.5022728589677596]], "T": [-0.11866444472047444, -0.1342007160350754, -0.06824422259906002], "aligned_model": [[0.07350971089945454, -0.4872997418790461, -0.21167404564108644, 0.3342581427272273, -0.5628998445452369, -0.7729528778041933, -0.16668856887830985, 0.05857217947858087, 0.46382907053127265, 0.3372857166613975, 0.11908625668721814, -0.15747795602218123], [-0.7191694759135996, -0.5279419143204689, 0.3293970855652931, -0.07901479375362178, 0.4091666434977175, -0.004345236959593185, -0.36942476927884593, 0.4268158097453141, 0.11563478517170056, -0.5352837705751083, 0.7076136681654789, -0.08452512623445926], [-0.5993931742666083, -0.0433600560451675, -0.6817864145853245, -0.5051224075268546, -0.12815333996312975, 0.3005974182424622, 0.6100041479641256, 0.5060353271477982, 0.15429219338978156, 0.18999164415177464, -0.14664225574497824, -0.03717836348836109]], "inverted": true, "swapped": true, "error_lsq": 0.0391244649009981, "error_max": 0.2490080820137399, "target": "434.xyz", "model": "5.xyz", "model_rescale": 3.6523030999806103, "target_rescale": 4.015988118268853},
{"mapping": [6, 8, 10, 7, 1, 5, 9, 11, 2, 4, 0, 3, 12], "R": [[-0.6847653207583708, 0.22640109642878636, 0.6927041208355331], [0.1234371834100829, 0.9728179096154923, -0.19593002955935382], [-0.718233748328823, -0.04866064392491207, -0.6940982815814645]], "T": [-0.09430345320415609, -0.08087480032049796, -0.10159877712998033], "aligned_model": [[-0.5724556071709598, -0.40638027502991536, 0.061468257472262255, 0.4163712270879011, -0.6635412647607619, -0.2825769555801012, 0.28734501470892837, 0.7763780257083118, -0.3592347216064735, 0.17690207473934896, -0.27147430726301236, 0.13171351371270038, -0.06954410519744118], [-0.4667025093091013, 0.07915448315610765, -0.8087172229645844, 0.3715792030531425, 0.05524833814593216, 0.5581735606914903, -0.16949225128019232, -0.19927216222631905, -0.5086936807899348, -0.4423548060905734, 0.6714810298162016, 0.20547847479267708, 0.013194170176663564], [-0.3140416134545338, -0.6766655457539273, -0.3353799218348571, -0.06533853117170593, 0.2723178861276735, -0.24328085284081533, -0.709179446264247, -0.05195172169344908, 0.46672688896801917, 0.2518292480296952, 0.522688755846668, 0.48963623151348834, -0.06077312730181084]], "inverted": true, "swapped": false, "error_lsq": 0.05394937773316423, "error_max": 0.3353861837943089, "target": "434.xyz", "model": "6.xyz", "model_rescale": 4.08911054899281, "target_rescale": 4.015988118268853},
{"mapping": [11, 1, 9, 6, 13, 2, 3, 4, 12, 8, 7, 5, 14], "R": [[0.711460459605831, -0.15994911758584535, 0.6842808591513936], [-0.701965348059048, -0.11646344021206735, 0.7026243073067642], [-0.032690435020042374, -0.9802308640710513, -0.19513787069843913]], "T": [-0.05736883522657886, -0.08752869819934067, -0.0034314339761552654], "aligned_model": [[-0.45673740581865596, -0.5142396497925562, -0.062439912221591606, 0.19783433370583836, -0.7335698579896939, -0.33737384058920666, 0.5580561438166611, 0.6241391222384391, -0.461485583127909, 0.34697230307764726, -0.08699926174846027, 0.25605720198788245, -0.10524271671760684], [-0.5168380893409223, -0.036741016833705564, -0.5630738638554869, 0.3050193720970047, 0.14503308171092097, 0.5995789638020355, -0.05743903089392477, -0.12074863678635656, -0.19902363427412864, -0.6298847484811736, 0.5999451319649376, 0.025247390109957427, -0.19199829204764837], [0.02357327779868719, -0.5749519752296768, -0.6266395753759365, -0.17640634986554965, 0.15329035037660077, -0.31905748024314495, -0.5002192592666412, 0.17346635938031657, 0.5729889432716732, -0.09007514051342576, 0.35123846212561366, 0.6818034912028089, -0.12242285349112769]], "inverted": true, "swapped": false, "error_lsq": 0.04730191653715586, "error_max": 0.2658221571729822, "target": "434.xyz", "model": "7.xyz", "model_rescale": 3.964800864290218, "target_rescale": 4.015988118268853},
{"mapping": [11, 6, 4, 1, 10, 3, 2, 7, 9, 12, 5, 8, 13], "R": [[-0.8070461954667193, 0.3501541155535095, 0.4754666484030541], [0.5459955651897692, 0.7491474483537955, 0.37505592038801605], [-0.22486725234190597, 0.5622901350601279, -0.7957791922626934]], "T": [-0.03520885215049328, 0.011270479689799537, -0.14527394961810125], "aligned_model": [[-0.5797016620009426, -0.4291221779380615, -0.07104780127300106, 0.5761970407212088, -0.6752256301886265, -0.4145548909941412, 0.4320316122612706, 0.6146681808922219, -0.2380343044581409, 0.1864327580386514, -0.2650054411672413, 0.13213072527928937, -0.043797532351699094], [-0.6137254549957734, -0.08233509100231955, -0.5292236845357374, 0.4352842303687645, 0.14151745880075678, 0.555620269395536, -0.12619635540793422, -0.15582381983599897, -0.33442524061347284, -0.6528243340403277, 0.6121510477466081, 0.08763426221984928, 0.021423339071558814], [-0.1388719076509154, -0.5606967608368865, -0.5943563732084425, -0.047728757172199765, 0.35327219796443554, -0.43809229768283736, -0.5940477739646017, 0.09261783660263667, 0.4143804362744905, 0.13850063045925598, 0.3887736077926367, 0.6012001758213582, -0.06836276422873264]], "inverted": true, "swapped": false, "error_lsq": 0.03661122311204635, "error_max": 0.2874581501530562, "target": "434.xyz", "model": "8.xyz", "model_rescale": 4.121658175737393, "target_rescale": 4.015988118268853},
{"mapping": [4, 5, 9, 11, 0, 10, 7, 8, 1, 6, 3, 2, 12], "R": [[-0.9573512752659591, 0.11992734539042048, -0.2628611184147417], [-0.11259170357898445, -0.9927168909268557, -0.04285186989735519], [-0.26608578322004384, -0.011428311166771028, 0.9638816056300958]], "T": [-0.011311124395165323, -0.0268549558847948, -0.06690755841741801], "aligned_model": [[-0.6707425999230398, -0.4293495885570563, 5.3313668068613596e-05, 0.3810617080258587, -0.7404644927638135, -0.3230722168579421, 0.37619721020142416, 0.671329349658437, -0.3200208314654718, 0.29081549655556016, -0.018978002992829715, 0.06058273592498081, -0.052441204653389153], [-0.6204639476581515, 0.03815332282773074, -0.7123667489255827, 0.45382010117366167, 0.0843128536209132, 0.6257107074397081, -0.04509557579089164, -0.11900784460699598, -0.382552474265494, -0.6338708538614871, 0.6600716603359388, 0.08599370650396695, -0.07562827962180707], [-0.09701423023072502, -0.5171693405572957, -0.5392784383247828, -0.20117268588265647, 0.2065907535492837, -0.29808694087102816, -0.6189179575194858, 0.16986905785058698, 0.43619214133592965, 0.0760373771711491, 0.3213668733574849, 0.6145929207491196, -0.006421280457382439]], "inverted": true, "swapped": false, "error_lsq": 0.03428941407007235, "error_max": 0.18384796821229374, "target": "434.xyz", "model": "9.xyz", "model_rescale": 3.833441315466971, "target_rescale": 4.015988118268853},
{"mapping": [9, 2, 3, 5, 8, 13, 4, 6, 11, 7, 0, 12, 14], "R": [[0.16693119938243076, 0.1661910029368881, 0.9718613713979862], [0.0473538742914411, 0.9832032052793589, -0.17626419862804088], [-0.9848307393975544, 0.07544539529504968, 0.15625750243249178]], "T": [0.002721127117093894, 0.011447142969209477, 0.0976590286964123], "aligned_model": [[-0.5776540107279438, -0.37582012074657833, 0.004384473193845627, 0.1417433295966935, -0.7456705634318386, -0.39314035568304617, 0.5650684805410311, 0.6700299893333623, -0.2096310712515695, -0.08018600333160618, -0.039851831782256666, 0.30404939929846125, -0.03835083818776676], [-0.4199098641504144, 0.058889301500089454, -0.5509063187122786, 0.43488607097703325, -0.15662188348462816, 0.6009852237969731, -0.15614248326000005, -0.1076724353333938, -0.38122520561970197, -0.6481929099487462, 0.6791955003221216, 0.05539831208856676, -0.04960668100411136], [-0.2697725408684102, -0.5115256889282007, -0.5642153303494025, -0.4110722391968802, 0.23630260857269156, -0.26486694155102597, -0.44233333362706195, 0.13936006606426102, 0.6134613663658288, 0.1414241413887723, 0.22463397160527135, 0.6175528875060795, 0.03763928318827472]], "inverted": true, "swapped": false, "error_lsq": 0.05259648645799955, "error_max": 0.3063870922694447, "target": "434.xyz", "model": "10.xyz", "model_rescale": 4.2482417240324, "target_rescale": 4.015988118268853},
{"mapping": [11, 7, 6, 2, 10, 5, 3, 1, 9, 4, 8, 12], "R": [[-0.17801090000150682, -0.364997564981139, -0.9138319851255442], [-0.758228340571629, 0.6428054183242793, -0.10904575978433237], [0.6272175882695316, 0.6734819758024618, -0.39117786905008445]], "T": [-0.03961797336057138, 0.04880378828991194, -0.03700645023319737], "aligned_model": [[-0.6746223493902749, -0.17233182158150792, 0.4705214130933091, 0.6600774747897454, -0.5671103281416091, 0.15483889106505422, -0.10223982898965353, 0.5556197934970107, 0.023349129341387803, -0.1387273503648196, -0.3243921558752373, -0.00821726508039819], [-0.11770174280880957, -0.6861051950419871, -0.34374074188184, -0.21571984445893583, 0.5189420925878894, 0.7031806534009324, 0.09502316447945422, 0.42079540801347254, -0.49262003119253883, 0.6319547847618262, 0.04125590478443781, 0.11086693740673799], [-0.10400853763749093, 0.28476114553749454, 0.47753542363855683, -0.238156285963919, 0.09856387976769179, 0.3020767274931017, 0.49730208212026217, -0.09613779529052316, -0.3562904873827792, -0.6080244982117817, -0.6453530815565152, -0.04707628265974122]], "inverted": false, "swapped": true, "error_lsq": 0.04710469744889468, "error_max": 0.24867295127428565, "target": "434.xyz", "model": "11.xyz", "model_rescale": 3.6694154284099745, "target_rescale": 4.015988118268853},
{"mapping": [9, 11, 8, 0, 7, 6, 3, 1, 10, 2, 5, 12, 13], "R": [[0.06621679097302757, 0.3329604584766165, -0.9406129223459967], [-0.07590973436820728, -0.9382689461718354, -0.33747458701025446], [-0.9949135886203297, 0.09374816126535457, -0.036854218727066734]], "T": [-0.07781374330596566, 0.011554237674773649, -0.04190665183296013], "aligned_model": [[-0.7095962117338427, -0.44690388627361377, -0.09428440413397332, 0.34962486420963945, -0.7358002455307164, -0.2974710843158946, 0.4921070710978538, 0.7631023589759458, -0.29291857929604803, 0.30107633525418387, -0.2944506157395526, 0.1688739550696588, 0.02161131923714711], [-0.4638819517452366, -0.036940818044251617, -0.6450572358171038, 0.5842424102126187, 0.07672153708438945, 0.48612257950481114, -0.37743105119328263, -0.08288471442345025, -0.4103699364813795, -0.5065616490882918, 0.6436692481797384, 0.010387235741887713, 0.08106097324106082], [-0.18154049181112497, -0.6794404508130645, -0.4176564908506288, -0.034009926825565875, 0.29716900999967544, -0.2572909013193292, -0.5568140327830132, -0.021537868090449136, 0.3814592514998075, 0.07772532401264245, 0.40314376269688157, 0.5912697199964966, -0.055888655542130065]], "inverted": false, "swapped": false, "error_lsq": 0.04377212324111432, "error_max": 0.2957679627181706, "target": "434.xyz", "model": "12.xyz", "model_rescale": 3.9764082729961374, "target_rescale": 4.015988118268853},
{"mapping": [5, 4, 6, 3, 0, 7, 14, 11, 9, 13, 2, 1, 15], "R": [[-0.31327687319593245, -0.0552759698110416, 0.9480517748952475], [-0.9214407429257192, 0.2592553549575676, -0.2893676177500253], [-0.22979242371557584, -0.9642257142844071, -0.1321522376490341]], "T": [-0.008805305324189439, -0.11735846831320892, 0.06519656776528121], "aligned_model": [[-0.6946033033204889, -0.49651045520525977, -0.014376424788505843, 0.4068734299647359, -0.6619878417801156, -0.31438113758465813, 0.5322104622861343, 0.7752386415431526, -0.4765314388284562, 0.36155408125298594, -0.20275111362712758, 0.023370151736543013, -0.013134174828151615], [-0.5841389798863332, -0.016958029656289966, -0.588026267386325, 0.45520324678287394, 0.18926565348080024, 0.5258982152239586, -0.24271465959529956, -0.005570879179874505, -0.2606949015057257, -0.5982035506039739, 0.5411089203251458, 0.016148821355599807, -0.0722409621830469], [-0.05572061792194233, -0.4524202407680285, -0.5365505479260322, -0.39068468733130984, 0.14545960723748574, -0.1875443049602762, -0.5096040968823248, 0.0075482976624577924, 0.4147477907275507, -0.012921789858678576, 0.4714787793468682, 0.6852474703766858, -0.032447409532258095]], "inverted": false, "swapped": false, "error_lsq": 0.04882596247465828, "error_max": 0.2562604686153867, "target": "434.xyz", "model": "13.xyz", "model_rescale": 4.170626492500431, "target_rescale": 4.015988118268853},
{"mapping": [8, 0, 7, 3, 4, 2, 1, 9, 12, 10, 6, 11, 13], "R": [[0.47961260329400823, 0.6537643021168096, -0.5852896616541807], [0.8127802320471489, -0.0796094651576219, 0.5771053867801791], [0.33069630350962037, -0.7524988839427195, -0.5695484040097335]], "T": [-0.10333801244763398, -0.00356481669861327, -0.035574366753746825], "aligned_model": [[-0.5548028159062255, -0.21810839215315309, -0.058548905609062604, 0.33642252357480523, -0.8038955923410271, -0.41033611104238343, 0.41509210914671024, 0.6597598709887924, -0.3790505905030087, 0.0772460073475099, -0.11753511205610293, 0.3536783735129641, -0.07495048813903055], [-0.5924215777762326, -0.014264759926439378, -0.6478155991213757, 0.5232189895300623, 0.016072987616126307, 0.5056371623742361, -0.07949278306815388, -0.2688131551719798, -0.3806112024273694, -0.5111462414085552, 0.6655290541314492, 0.11124103104501307, 0.031942721374728235], [-0.06693579172446976, -0.6208705974652171, -0.5258443619044488, -0.10327294046375625, 0.07349700661538473, -0.317350304697082, -0.5979617980162223, 0.024686546746158985, 0.5279189504179066, 0.13199297510880642, 0.47393628221292394, 0.4913177392969382, 0.05547454404327509]], "inverted": true, "swapped": false, "error_lsq": 0.039834501232479363, "error_max": 0.2154041813720022, "target": "434.xyz", "model": "14.xyz", "model_rescale": 3.9786697098870705, "target_rescale": 4.015988118268853},
{"mapping": [11, 10, 7, 9, 3, 6, 4, 1, 2, 8, 5, 12], "R": [[-0.5604635915140093, 0.7785111664146597, 0.2824905774621594], [-0.2687077926662419, -0.4935853803611667, 0.827145449394578], [0.7833751877278563, 0.38767748975328536, 0.4858286520893323]], "T": [0.033340078856933276, -0.0162730258064548, -0.051844653640178685], "aligned_model": [[-0.09454536265363592, -0.6291158186849446, 0.6120103985561494, 0.5654393977356453, -0.06899439184270703, 0.5782156154123248, -0.4966370701186074, -0.032342453653533186, 0.5921458913842745, -0.048044493201698284, -0.4871193860063597, -0.007657730159571441], [-0.44064758436865686, -0.08716281606722233, 0.029247537171625326, -0.35659650657401715, 0.40063464424955886, 0.5972955399114419, -0.4205991022048106, 0.32497446417077797, 0.13333872626533855, -0.6697318644897331, 0.4992770155839296, 0.004644436576206914], [-0.5407162902429334, -0.32347739346721294, -0.621324332316207, -0.04198828558488771, -0.37934883077167475, -0.12754806553896, 0.42939749946124917, 0.5608691749239382, 0.46328651061518117, 0.08084681930466364, 0.15870238478194026, 0.00126730270873332]], "inverted": true, "swapped": true, "error_lsq": 0.053948635383558104, "error_max": 0.3431175174263115, "target": "434.xyz", "model": "15.xyz", "model_rescale": 3.769337070930944, "target_rescale": 4.015988118268853},
{"mapping": [9, 2, 11, 8, 7, 6, 3, 1, 10, 4, 12], "R": [[-0.5485295742212348, -0.6880775822164263, 0.4750416266558838], [-0.21392074092237778, -0.4337440746579051, -0.8752736682331869], [0.808302680193436, -0.5817347493062065, 0.090727386393268]], "T": [0.025603623156547628, 0.07209257833124509, 0.026150358635501532], "aligned_model": [[-0.3284972195981979, -0.13518179336124597, -0.1081443355071604, -0.6035418892196025, 0.27642349699487573, 0.5495187443993551, 0.5545933361395693, 0.04673993753707659, 0.1520192080914391, -0.5044365848216714, 0.023133230036733243], [-0.028888693319013378, -0.6474551412132484, 0.6955685806237899, 0.3045948352323956, 0.21575071370831012, -0.4012691914695255, 0.18028955284836812, -0.5179997309866556, 0.6189329813064303, 0.13526213562022793, 0.041278455274263035], [-0.487135410347485, -0.2113509213461755, -0.14365272525425202, 0.06299536111290788, -0.7339090443109371, -0.3987358877540185, 0.028725925945682754, 0.41024227849938316, 0.47630832808253704, 0.6514633597572997, 0.0892663428388342]], "inverted": true, "swapped": true, "error_lsq": 0.048869447676146205, "error_max": 0.26575616370662186, "target": "434.xyz", "model": "16.xyz", "model_rescale": 3.7852294659196426, "target_rescale": 4.015988118268853},
{"mapping": [8, 0, 9, 5, 3, 4, 10, 6, 2, 11, 1, 7, 12], "R": [[-0.3168004953263897, 0.834762575092578, 0.4503430796467979], [-0.944653645014133, -0.32035879970909636, -0.07070877180703766], [0.08524633201766987, -0.4478188056276277, 0.8900513357125972]], "T": [-0.12268787117368336, -0.03784319454840963, -0.010331235136438074], "aligned_model": [[-0.4560687119638262, -0.5207467787475495, -0.13312352467604766, 0.23498578836883016, -0.8867559325448772, -0.0845253570901185, 0.43606263279183505, 0.7645766925779292, -0.291525941159514, 0.17569442944726849, -0.2872913118126106, 0.3512511835523786, -0.07756229192291017], [-0.5931547718877512, 0.046800234186223914, -0.6518392774209596, 0.509396712586492, 0.14475214853335497, 0.543704563611565, -0.12665235230456726, -0.03450000520950079, -0.17071177718536917, -0.6671638147208737, 0.49000412448249525, -0.03351959656522881, -0.09803956093437119], [-0.0788307119185236, -0.5581740518383337, -0.6187403843649689, 0.05900164212127618, 0.11358127206067434, -0.4129880525225634, -0.5840610348645514, 0.0016542935414846117, 0.5623175812438755, 0.21957229710081716, 0.400201430273737, 0.5061860289334749, -0.06313205959620069]], "inverted": false, "swapped": false, "error_lsq": 0.04963815578765754, "error_max": 0.24859503869407018, "target": "434.xyz", "model": "17.xyz", "model_rescale": 3.901054581598922, "target_rescale": 4.015988118268853},
{"mapping": [1, 8, 4, 9, 0, 5, 10, 11, 7, 6, 3, 12, 14], "R": [[-0.3914407311158859, -0.13621274710331466, -0.9100660643876515], [0.42069758375407795, -0.9060673493054845, -0.04533763939613189], [-0.8184055822432672, -0.4006095930567585, 0.41197603923524134]], "T": [-0.10978330635888121, 0.030156336423452203, -0.08377174008274929], "aligned_model": [[-0.5063983001932832, -0.518883184285748, -0.1611619503597087, 0.4157632359977522, -0.7631604431003113, -0.07194609260113367, 0.48724277255638904, 0.6074293342017432, -0.1636703669822313, 0.15774211821360862, -0.40401907166746653, 0.21349800006486896, -0.06746517502369125], [-0.5369529062712016, 0.05506802133623744, -0.48003936011372245, 0.4120383052924165, -0.04074850992336842, 0.5168004454922004, -0.15327035961424898, -0.18096470514904525, -0.2986079897357004, -0.6346661697345031, 0.421472411011628, 0.22928744841413656, 0.049659996166680806], [-0.001496574012606583, -0.6057247551855471, -0.6859632014016488, -0.1940287806926103, 0.2951416252761273, -0.4734278748469219, -0.6151550823175347, 0.1950918877930929, 0.48954076312971145, 0.14020800851811255, 0.5024900902413365, 0.5548291534583714, -0.05491700978968528]], "inverted": true, "swapped": false, "error_lsq": 0.04823117285070058, "error_max": 0.3064947292530367, "target": "434.xyz", "model": "18.xyz", "model_rescale": 3.9405287249114394, "target_rescale": 4.015988118268853},
{"mapping": [5, 6, 2, 12, 8, 0, 3, 14, 9, 11, 4, 13, 15], "R": [[-0.1654392231269506, 0.3247653429534374, -0.9312128303816949], [0.9449724702434434, 0.3224183358019402, -0.05543867982475753], [0.2822355291829073, -0.8891422207695705, -0.3602349473771261]], "T": [0.00209086114732511, 0.03633306599308447, -0.006925000581148769], "aligned_model": [[-0.5787998677129925, -0.5538466567365263, -0.19865257068066494, 0.39342055181169117, -0.754070330382062, -0.42953990876389986, 0.6071495729226174, 0.7330582308706619, -0.3395578488390765, 0.16615157706991251, -0.15590215305523786, 0.3334304632185751, 0.002129817097790032], [-0.5544944358751371, -0.06304542969295734, -0.5589233551377618, 0.41613066849221403, 0.05778895668876358, 0.500874659045703, 0.061780375483882065, -0.1975827253672505, -0.3623274617847055, -0.6056165837597975, 0.7160536681542395, -0.055988296569843006, 0.004426587494160257], [-0.0758558856701493, -0.49614974075333346, -0.6075056785033279, -0.05940277254068847, -0.012586512328872826, -0.27257560710394524, -0.6058281518656186, 0.09655963126436017, 0.5528569118750297, 0.27626739086490754, 0.21143969225389692, 0.5701544389120263, -0.030785466234087122]], "inverted": true, "swapped": false, "error_lsq": 0.044058710732664715, "error_max": 0.2663357038256956, "target": "434.xyz", "model": "19.xyz", "model_rescale": 4.410303926677745, "target_rescale": 4.015988118268853},
{"mapping": [11, 6, 4, 1, 10, 3, 2, 7, 9, 12, 5, 8, 13], "R": [[-0.8070461954667193, 0.3501541155535095, 0.4754666484030541], [0.5459955651897692, 0.7491474483537955, 0.37505592038801605], [-0.22486725234190597, 0.5622901350601279, -0.7957791922626934]], "T": [-0.03520885215049328, 0.011270479689799537, -0.14527394961810125], "aligned_model": [[-0.5797016620009426, -0.4291221779380615, -0.07104780127300106, 0.5761970407212088, -0.6752256301886265, -0.4145548909941412, 0.4320316122612706, 0.6146681808922219, -0.2380343044581409, 0.1864327580386514, -0.2650054411672413, 0.13213072527928937, -0.043797532351699094], [-0.6137254549957734, -0.08233509100231955, -0.5292236845357374, 0.4352842303687645, 0.14151745880075678, 0.555620269395536, -0.12619635540793422, -0.15582381983599897, -0.33442524061347284, -0.6528243340403277, 0.6121510477466081, 0.08763426221984928, 0.021423339071558814], [-0.1388719076509154, -0.5606967608368865, -0.5943563732084425, -0.047728757172199765, 0.35327219796443554, -0.43809229768283736, -0.5940477739646017, 0.09261783660263667, 0.4143804362744905, 0.13850063045925598, 0.3887736077926367, 0.6012001758213582, -0.06836276422873264]], "inverted": true, "swapped": false, "error_lsq": 0.03661122311204635, "error_max": 0.2874581501530562, "target": "434.xyz", "model": "20.xyz", "model_rescale": 4.121658175737393, "target_rescale": 4.015988118268853},
{"mapping": [6, 8, 10, 7, 1, 5, 9, 11, 2, 4, 0, 3, 12], "R": [[-0.6847653207583708, 0.22640109642878636, 0.6927041208355331], [0.1234371834100829, 0.9728179096154923, -0.19593002955935382], [-0.718233748328823, -0.04866064392491207, -0.6940982815814645]], "T": [-0.09430345320415609, -0.08087480032049796, -0.10159877712998033], "aligned_model": [[-0.5724556071709598, -0.40638027502991536, 0.061468257472262255, 0.4163712270879011, -0.6635412647607619, -0.2825769555801012, 0.28734501470892837, 0.7763780257083118, -0.3592347216064735, 0.17690207473934896, -0.27147430726301236, 0.13171351371270038, -0.06954410519744118], [-0.4667025093091013, 0.07915448315610765, -0.8087172229645844, 0.3715792030531425, 0.05524833814593216, 0.5581735606914903, -0.16949225128019232, -0.19927216222631905, -0.5086936807899348, -0.4423548060905734, 0.6714810298162016, 0.20547847479267708, 0.013194170176663564], [-0.3140416134545338, -0.6766655457539273, -0.3353799218348571, -0.06533853117170593, 0.2723178861276735, -0.24328085284081533, -0.709179446264247, -0.05195172169344908, 0.46672688896801917, 0.2518292480296952, 0.522688755846668, 0.48963623151348834, -0.06077312730181084]], "inverted": true, "swapped": false, "error_lsq": 0.05394937773316423, "error_max": 0.3353861837943089, "target": "434.xyz", "model": "21.xyz", "model_rescale": 4.08911054899281, "target_rescale": 4.015988118268853},
{"mapping": [3, 13, 12, 6, 2, 0, 10, 5, 15, 9, 1, 11, 16], "R": [[-0.23802997759614708, 0.8935062627006298, -0.38077327674133143], [-0.6734157871970832, -0.43433275564851237, -0.5982192197886177], [-0.6998949259133906, 0.11402462841650728, 0.7050854393583567]], "T": [-0.06617108940943112, -0.025044125982396193, -0.034731419850185366], "aligned_model": [[-0.7795230759904908, -0.41298917704195165, -0.03152259647544668, 0.3237388749156906, -0.6929911716642019, -0.31907778847166, 0.578356494371824, 0.6140286730300537, -0.30031782788286576, 0.34384808552974905, -0.24938636405060902, 0.24423671319554802, -0.09342996264485184], [-0.4695580143010386, -0.166536232298165, -0.5813989140819409, 0.5316287097633754, 0.0731150184555775, 0.6278323057159763, -0.19336136142975446, -0.15173624443296052, -0.2901965299126706, -0.6067466384984403, 0.5426420599730093, 0.04868790157273026, -0.005295433354188611], [-0.25339822031878534, -0.5791826701651117, -0.5187131733597568, -0.34075380826990914, 0.30981929661776797, -0.3661978052975211, -0.4901311466961641, 0.10313244143312651, 0.6027452663481594, -0.0022649036029212394, 0.48887428932380916, 0.6610441290540613, -0.06838544489655729]], "inverted": false, "swapped": false, "error_lsq": 0.040062377623909885, "error_max": 0.2195423210650321, "target": "434.xyz", "model": "22.xyz", "model_rescale": 4.204369325754507, "target_rescale": 4.015988118268853},
{"mapping": [5, 6, 2, 12, 8, 0, 3, 14, 9, 11, 4, 13, 15], "R": [[-0.1654392231269506, 0.3247653429534374, -0.9312128303816949], [0.9449724702434434, 0.3224183358019402, -0.05543867982475753], [0.2822355291829073, -0.8891422207695705, -0.3602349473771261]], "T": [0.00209086114732511, 0.03633306599308447, -0.006925000581148769], "aligned_model": [[-0.5787998677129925, -0.5538466567365263, -0.19865257068066494, 0.39342055181169117, -0.754070330382062, -0.42953990876389986, 0.6071495729226174, 0.7330582308706619, -0.3395578488390765, 0.16615157706991251, -0.15590215305523786, 0.3334304632185751, 0.002129817097790032], [-0.5544944358751371, -0.06304542969295734, -0.5589233551377618, 0.41613066849221403, 0.05778895668876358, 0.500874659045703, 0.061780375483882065, -0.1975827253672505, -0.3623274617847055, -0.6056165837597975, 0.7160536681542395, -0.055988296569843006, 0.004426587494160257], [-0.0758558856701493, -0.49614974075333346, -0.6075056785033279, -0.05940277254068847, -0.012586512328872826, -0.27257560710394524, -0.6058281518656186, 0.09655963126436017, 0.5528569118750297, 0.27626739086490754, 0.21143969225389692, 0.5701544389120263, -0.030785466234087122]], "inverted": true, "swapped": false, "error_lsq": 0.044058710732664715, "error_max": 0.2663357038256956, "target": "434.xyz", "model": "23.xyz", "model_rescale": 4.410303926677745, "target_rescale": 4.015988118268853},
{"mapping": [2, 4, 5, 11, 3, 10, 15, 13, 0, 12, 1, 7, 16], "R": [[0.19823370558629683, 0.8440886149795243, 0.498214620451341], [0.9561079171538963, -0.278428586313185, 0.09129716906497867], [0.2157800934404363, 0.4582487669220614, -0.8622337379674068]], "T": [0.1120213766913893, 0.03361644452740622, -0.1518248827330836], "aligned_model": [[-0.6484814837995021, -0.4727671543722594, -0.027766144286617375, 0.36402889565623625, -0.7600593585660065, -0.24839784660981173, 0.3982532928121304, 0.7034998132713581, -0.2625564978877048, 0.20602928369983498, -0.27920894033682137, 0.24902556048508162, 0.003371456754869856], [-0.4603923557695262, -0.117163586210564, -0.5307831950323827, 0.598382230252554, 0.07841477816407447, 0.5373824811018804, -0.12699101652948097, -0.20579698470272642, -0.3683146280992521, -0.6816358688146051, 0.4992724892255751, 0.09009539728157863, 0.04660688630438446], [-0.04943027548867507, -0.48223694252846544, -0.3916467526105747, -0.01672009277284006, 0.06432156098126113, -0.3520789966599126, -0.7855367450817843, 0.14316849481007604, 0.36637260840244845, 0.2027910735668128, 0.4535168692090733, 0.49622671876259505, -0.10215927041981687]], "inverted": false, "swapped": false, "error_lsq": 0.04256093229969839, "error_max": 0.23874865687721622, "target": "434.xyz", "model": "24.xyz", "model_rescale": 4.28219845311461, "target_rescale": 4.015988118268853},
{"mapping": [5, 11, 8, 2, 9, 12, 6, 0, 3, 1, 13, 4, 15], "R": [[-0.12337584531881249, 0.7093998737242326, -0.6939237854057975], [0.745100370902525, 0.528078064191649, 0.4073806517257789], [0.6554417121855979, -0.4667819376107471, -0.593726186594097]], "T": [-0.10334312191404782, 0.04210474129946582, -0.034950908487030266], "aligned_model": [[-0.5699609646559335, -0.4744100296881562, -0.00957178274558515, 0.45021121673794784, -0.7458315943678874, -0.5484092000138262, 0.5768155965522375, 0.672114329931781, -0.2610670528006672, 0.013840514384730995, -0.13112985649644995, 0.2851947519794281, -0.03282505199683142], [-0.6402075846450652, 0.08397599883114437, -0.5086015949487845, 0.4395656883576099, 0.03608520822476228, 0.5969984110912171, -0.16761246526977736, -0.17980365898691367, -0.4025711479185673, -0.5652221933884266, 0.6116554771909019, 0.029081933522332855, 0.025732555111075653], [-0.23988592163318428, -0.43122507998483517, -0.4471104942003871, -0.10115071295135021, 0.1749205089674764, -0.3150028707778683, -0.5877618580205172, 0.0874279062437887, 0.5794039238644771, 0.1302743578407174, 0.13165135309358383, 0.5843368275885755, -0.019289689860279263]], "inverted": false, "swapped": false, "error_lsq": 0.04274968044591181, "error_max": 0.2517336282766203, "target": "434.xyz", "model": "25.xyz", "model_rescale": 4.100010024507729, "target_rescale": 4.015988118268853},
{"mapping": [11, 7, 6, 2, 10, 5, 3, 1, 9, 4, 8, 12], "R": [[-0.17801090000150682, -0.364997564981139, -0.9138319851255442], [-0.758228340571629, 0.6428054183242793, -0.10904575978433237], [0.6272175882695316, 0.6734819758024618, -0.39117786905008445]], "T": [-0.03961797336057138, 0.04880378828991194, -0.03700645023319737], "aligned_model": [[-0.6746223493902749, -0.17233182158150792, 0.4705214130933091, 0.6600774747897454, -0.5671103281416091, 0.15483889106505422, -0.10223982898965353, 0.5556197934970107, 0.023349129341387803, -0.1387273503648196, -0.3243921558752373, -0.00821726508039819], [-0.11770174280880957, -0.6861051950419871, -0.34374074188184, -0.21571984445893583, 0.5189420925878894, 0.7031806534009324, 0.09502316447945422, 0.42079540801347254, -0.49262003119253883, 0.6319547847618262, 0.04125590478443781, 0.11086693740673799], [-0.10400853763749093, 0.28476114553749454, 0.47753542363855683, -0.238156285963919, 0.09856387976769179, 0.3020767274931017, 0.49730208212026217, -0.09613779529052316, -0.3562904873827792, -0.6080244982117817, -0.6453530815565152, -0.04707628265974122]], "inverted": false, "swapped": true, "error_lsq": 0.04710469744889468, "error_max": 0.24867295127428565, "target": "434.xyz", "model": "26.xyz", "model_rescale": 3.6694154284099745, "target_rescale": 4.015988118268853},
{"mapping": [1, 7, 3, 10, 5, 8, 9, 11, 0, 6, 4, 2, 13], "R": [[0.2432610509794588, -0.28485242171011055, 0.9271910045520579], [-0.575428923734367, 0.7271402895639705, 0.37436419837203067], [-0.7808364840389292, -0.6246007501906401, 0.012972588601062523]], "T": [-0.0372718055319103, -0.02373094692853566, -0.07392766764590097], "aligned_model": [[-0.6368562663401592, -0.3917344813959555, 0.012325003971016227, 0.3237777984290175, -0.8250434562936916, -0.2000189258132033, 0.3487619666415809, 0.8098078006287206, -0.37546051373343253, 0.009706923252483637, -0.12351266833844683, 0.2850239796191279, -0.011806283806269822], [-0.6332521619532703, -0.1636271103284873, -0.5962439785653009, 0.4536822359985702, 0.016372727512567638, 0.5383831201882833, 0.06990928969355609, -0.039522794973730284, -0.04398442128406702, -0.6780270583368407, 0.6192770853179842, -0.15031922865515995, -0.03357107744259506], [0.1465922101152694, -0.5748406337425258, -0.641906721332525, -0.013839764206826359, -0.012397014524630004, -0.3306343929562908, -0.6280693176752201, 0.06165340628132368, 0.4936562799377642, 0.12826043646055868, 0.43068481152774074, 0.5110770161017245, -0.023648065816165305]], "inverted": false, "swapped": false, "error_lsq": 0.055347944642289176, "error_max": 0.27385841166208225, "target": "434.xyz", "model": "27.xyz", "model_rescale": 4.103607728864725, "target_rescale": 4.015988118268853},
{"mapping": [1, 0, 5, 10, 2, 3, 6, 11, 4, 7, 12, 13, 14], "R": [[-0.10476457465918765, -0.10739630280568277, 0.9886811508470009], [-0.22355509125671885, -0.9661651310996102, -0.12863926546927124], [0.9690446352308443, -0.2345015428327576, 0.07721088873583026]], "T": [0.0871850323557763, 0.01973592845320967, -0.07792855098601756], "aligned_model": [[-0.6017614036009669, -0.4981081040524414, 0.06325420726151491, 0.337362339182463, -0.5776820060520688, -0.450476369299795, 0.5587332289115067, 0.6997431013265638, -0.3813953493860243, 0.17068092009146268, -0.24536680383128295, 0.20701778391168235, -0.05703066764182611], [-0.5488713203270387, -0.054139556173430296, -0.47947037729775444, 0.41524019426980385, 0.135086591894487, 0.5107635729565382, -0.19502964831010128, -0.17690509675093338, -0.2558192870626585, -0.6957958257085293, 0.6571371802235373, 0.08329184189448008, -0.03641164243689101], [-0.14792453009858542, -0.48000578016749906, -0.6121202677793912, -0.27982695904208665, 0.21527232199105864, -0.26052899476994806, -0.44232573568209943, 0.16324804987884908, 0.647406568929756, -0.11145452719608608, 0.39156323553955186, 0.555690648908436, -0.09240578034175811]], "inverted": false, "swapped": false, "error_lsq": 0.04423861300189052, "error_max": 0.26348217469770313, "target": "434.xyz", "model": "28.xyz", "model_rescale": 4.137296879288765, "target_rescale": 4.015988118268853},
