[{"mapping": [0, 5, 3, 13, 8, 9, 12, 2, 4, 11, 10, 14], "R": [[0.9392405715688633, 0.06031907903159163, -0.3379182703314158], [0.10945531174092935, 0.8804212870092049, 0.461386922346908], [0.32534087270229545, -0.47034026628158926, 0.820325149232591]], "T": [-0.05531970899737777, -0.11418275586277726, -0.11919398018922782], "aligned_model": [[-0.2269587654083397, 0.41210140474526036, 0.45538786738088516, -0.04215337421748251, -0.2477471458252008, -0.7821726815668694, 0.3533951367903726, -0.23165701985721188, 0.5647304927888208, 0.14120380810254707, -0.5327218696201304, -0.025765390852102492], [-0.4795701921646953, -0.6559889546480278, -0.2770349974834878, 0.7457257500361203, 0.44332545189778694, -0.3858422875369021, -0.23007879394188396, -0.6177436576945649, 0.034929626734921754, 0.39863162589362, 0.10987716998758276, -0.0326757051034126], [-0.5218573008065105, 0.029145070176146162, -0.6383196007729584, -0.08885862871162552, -0.5981781641634787, 0.10580657961219804, 0.7046384852187119, 0.49658522619593376, -0.04286980051913075, 0.49442874697488887, 0.26664008779555465, -0.02520895564616693]], "inverted": false, "swapped": true, "error_lsq": 0.04505879267256041, "error_max": 0.2629683323911384, "target": "435.xyz", "model": "0.xyz", "model_rescale": 3.751011558992144, "target_rescale": 4.364598231162771},
{"mapping": [12, 11, 10, 7, 1, 6, 13, 0, 3, 9, 5, 8, 4, 2, 14], "R": [[0.0918145904382422, 0.8904966649370827, 0.4456296340220105], [0.2466701351435323, -0.4539112147755202, 0.8562233666101873], [0.9647403409264741, 0.03130972431920498, -0.2613346049648344]], "T": [0.08327349923054107, -0.010614878376810919, 0.11669414655686114], "aligned_model": [[-0.4142272368872349, -0.2231527667637011, 0.02383171091175469, 0.23045716946935346, 0.7331803081532041, 0.4012645215067563, -0.5524050672539336, 0.41280849815121495, -0.20522362011621398, -0.4862085841694199, -0.22495509996317165, 0.42346748817604996, 0.6639619449053316, -0.04178185724668447, 0.036915615009044625], [0.03355077296798537, -0.6021502913773655, -0.7607118740282965, 0.06742537714723039, 0.06950918528134574, -0.4704541548484516, 0.31645116771759857, 0.6135009648974556, 0.6102879131758903, -0.2932028441713956, 0.060699494266247926, 0.1605766383382966, -0.41211927627486217, 0.7184147623674422, -0.026171227425361272], [-0.4333217776496766, -0.3225322046582786, 0.44269248864611277, -0.525118684048775, -0.1218154414573338, -0.384459816647967, 0.24492347200541684, -0.16149754483576081, -0.2219133328104175, 0.2899679749580725, 0.6552063914401404, 0.6601826621944934, 0.47330193872933635, 0.4863088685590663, 0.0919401768115155]], "inverted": true, "swapped": false, "error_lsq": 0.036612377958305416, "error_max": 0.1945115397579697, "target": "435.xyz", "model": "1.xyz", "model_rescale": 3.9405287249114394, "target_rescale": 4.364598231162771},
{"mapping": [5, 12, 4, 10, 11, 3, 1, 2, 13, 8, 6, 0, 14], "R": [[0.12216573580529137, 0.39839691599914473, -0.9090409398467832], [-0.46000059656736547, 0.8343183062936059, 0.30382958207034], [0.8794742657706479, 0.3810418101806415, 0.28518792881438787]], "T": [-0.1108877496139209, -0.061352131287764525, 0.10480862482516545], "aligned_model": [[-0.21677559389058867, 0.43640286773090986, -0.3109741203209898, 0.45908404030669525, 0.3780026742692148, -0.8114034934797498, -0.08772713715743771, 0.4900123004090532, -0.042114373338189015, -0.4221470941281516, 0.07348765231293683, -0.4142644944689465, -0.035599948960825606], [0.6551598295049412, 0.4734145063230367, 0.13842147830936125, -0.3643308932663254, -0.2092255270441476, 0.16826896393564134, 0.38072561020292695, 0.4486784824334993, -0.754987019467899, -0.7544261919001329, -0.6749732229031578, 0.038814157232648513, -0.08670757978837529], [0.0076525495994537035, -0.418333106768305, -0.4718872091698359, 0.2063942037311047, -0.5411422606643528, -0.010890711136633285, 0.48955432430324347, 0.3113040558176186, -0.39984679132832185, 0.09884744869490988, 0.25977908712039904, 0.5770743968102674, 0.004614362579095588]], "inverted": true, "swapped": true, "error_lsq": 0.04850751771731765, "error_max": 0.30862834602153094, "target": "435.xyz", "model": "2.xyz", "model_rescale": 3.932901565614263, "target_rescale": 4.364598231162771},
{"mapping": [4, 11, 12, 7, 5, 1, 2, 3, 8, 0, 10, 6, 9, 14], "R": [[-0.30794188724988636, -0.09727391629607868, 0.9464193464238789], [0.004233283436138255, 0.9946095792412624, 0.10360436377329188], [-0.9513957501420361, 0.035910584650528245, -0.30587016284974516]], "T": [-0.011186081318806423, -0.05451748236677896, 0.07845653384720377], "aligned_model": [[-0.2900447435076966, 0.47369157009627205, 0.2954700830653626, -0.41277192205929764, -0.3634417874855425, -0.12874028271320057, 0.3820110042219678, -0.7516780377399663, -0.06174966263239154, -0.3122848303594232, 0.6320201218885138, 0.38097481020863694, 0.5119980350065939, 0.06435555406287509], [0.07209728985311413, 0.19092457693750153, -0.4640034077862163, 0.5023662990039302, -0.5981597758121581, -0.6000401766549242, -0.7597663978870002, 0.007821379452635224, 0.6377171581429852, -0.24349317751301564, -0.008497036635683186, 0.35312171109753027, -0.41238838735983013, -0.014203416488380576], [-0.48610407561763336, -0.5402395085552995, -0.6945007234435462, -0.12010382941902462, -0.2597887953566952, 0.25896801965593175, -0.030504372679189096, 0.010485805587782615, 0.38752625961319187, 0.5242518052820211, 0.18405719713755356, 0.4169548354723722, 0.5794018328347582, -0.016508087455125386]], "inverted": false, "swapped": true, "error_lsq": 0.04876132709410312, "error_max": 0.3079435958873042, "target": "435.xyz", "model": "3.xyz", "model_rescale": 3.9243930471874484, "target_rescale": 4.364598231162771},
{"mapping": [12, 10, 2, 5, 1, 11, 4, 9, 0, 8, 3, 7, 14], "R": [[-0.18478002858385573, -0.8670875573032077, -0.4626181027656677], [-0.8986706489691814, 0.3396119974056524, -0.2775873842584594], [0.3978032248711163, 0.36444870583951816, -0.8419796524228128]], "T": [-0.01629946958821596, 0.04577869836694644, -0.06901908397224314], "aligned_model": [[0.044652753285621155, -0.21877571674554536, 0.47847393879649347, 0.48670704281758614, 0.5672602515282669, -0.5607824745786748, -0.2105122988209949, 0.2979492393035643, 0.3727519975401634, -0.5435713152337377, 0.1270695860148904, -0.4614067329446704, -0.10261038465161013], [-0.820960593851737, 0.14813851367043424, -0.28069180478243083, -0.4354947469992964, 0.05337401036994512, -0.4775821441620764, -0.4477889000424241, 0.40355023873369383, 0.4182626550552354, 0.5522853316647545, 0.014168769270811024, 0.0343362213541199, -0.033767996599442324], [-0.3918618842959547, -0.6818073336190089, -0.628008122326333, 0.15324483064389316, -0.1273179680419681, -0.3972943038498932, 0.29318878251216546, -0.7216956276421682, 0.1180647261198184, 0.13763279692141317, 0.6626096588991012, 0.4900565326705704, -0.11974177262067152]], "inverted": false, "swapped": true, "error_lsq": 0.04677351869157842, "error_max": 0.32609328483441324, "target": "435.xyz", "model": "4.xyz", "model_rescale": 3.8936222436046832, "target_rescale": 4.364598231162771},
{"mapping": [9, 10, 6, 0, 13, 11, 12, 4, 3, 1, 7, 14], "R": [[-0.05621366281609562, -0.31630124929634756, -0.9469918393557403], [0.35955415585158074, 0.878438905019345, -0.31474735766686235], [0.9314294568686649, -0.35818795323403096, 0.06434716027425091]], "T": [0.03351638824632486, -0.06260102225507043, -0.06908538821843606], "aligned_model": [[-0.09624929520901021, -0.49600160772264545, -0.3551303806235709, 0.5148428061185266, -0.6033005870731185, -0.6843688492702462, -0.3139365388763624, 0.030442027064790197, 0.6132877517875542, 0.41838448499732545, 0.07828908616326558, -0.0787108551414117], [-0.7299633399605007, -0.36422813106493973, 0.014606845652750972, -0.16859269395581633, 0.5011416331179573, 0.03721938146191896, -0.39353061151042534, 0.30282136285786393, 0.37033321931997726, -0.5028660154014047, 0.6475873833115048, -0.045606128719079306], [-0.505580292080637, -0.30491452240891664, -0.5958999773055964, -0.35578442737250443, -0.20021350456288406, 0.32182330567235223, 0.7239730700675979, 0.4590993943558836, 0.1133086895551444, -0.023900427547145074, -0.002416164303291668, -0.010210424794484627]], "inverted": false, "swapped": true, "error_lsq": 0.05151805288440079, "error_max": 0.2680735711733202, "target": "435.xyz", "model": "5.xyz", "model_rescale": 3.6523030999806103, "target_rescale": 4.364598231162771},
{"mapping": [13, 10, 9, 6, 0, 11, 2, 4, 12, 5, 1, 3, 14], "R": [[-0.46625857442867263, 0.5883833938658273, -0.660611779788003], [-0.6402682677458377, -0.739744798663245, -0.2069641953778949], [-0.6104584237190002, 0.3264699292026849, 0.7216355716266402]], "T": [0.2253290049545425, -0.0435209536157951, 0.009796951705186553], "aligned_model": [[0.33300489345357126, -0.02717096994068413, 0.09319443787119633, 0.44956261465672687, 0.5875486019712935, -0.3221428061885891, -0.42226576854380843, 0.06433649092647364, -0.6661181537969274, -0.0902534264720915, 0.12820537646879523, 0.6111273709753209, 0.14205424328301702], [-0.7544435655007622, 0.036827656132551165, 0.5903057087810456, -0.1059329483927385, 0.3659624128693062, -0.5941267098174059, 0.4508293196326059, -0.5248056707399448, -0.20913022716836022, 0.1253275514116055, 0.47900679893320663, -0.18903419418621464, -0.12995922779171143], [0.4825877800687253, 0.6071004465438196, 0.4930604564415196, 0.6265343417528846, -0.1521475763669927, 0.2840976105508406, 0.01935083825000223, -0.38386352036564586, -0.18275220964636477, -0.6273363465948609, -0.23825575512059488, -0.6121516062253594, 0.053885280193815985]], "inverted": false, "swapped": true, "error_lsq": 0.05789130713711485, "error_max": 0.3836884106836962, "target": "435.xyz", "model": "6.xyz", "model_rescale": 4.08911054899281, "target_rescale": 4.364598231162771},
{"mapping": [1, 1, 0, 11, 8, 9, 7, 10, 12, 2, 6, 4, 3, 5, 14], "R": [[-0.9941212653833147, -0.07668554636612245, 0.0764345255182923], [-0.048557635027203075, 0.9467442436890822, 0.318304089075451], [-0.09677327003487138, 0.31272138401477595, -0.9449022543028673]], "T": [0.030309889231723036, 0.10800291421303385, 0.06155791233961459], "aligned_model": [[-0.24893808839359208, -0.24893808839359208, -0.045886854474235406, 0.0976060018363979, 0.710668149479377, 0.4464947600489175, -0.5444367120595063, 0.44183402379133496, -0.19809517556459583, -0.6429047304666778, -0.08814754509044151, 0.4771767296672691, 0.4490452730927056, 0.0824311731890529, 0.09002410721993631], [-0.44992270704337434, -0.44992270704337434, -0.7767978975436169, 0.2107225747916668, 0.08946291408508972, -0.4377803909334781, 0.35817260922526173, 0.6349280576104235, 0.7071316164297654, -0.2964271152184511, -0.12900581700043448, 0.2660814052706637, -0.4071259519084418, 0.7587861797382421, 0.00730383757381857], [-0.3240398404977397, -0.3240398404977397, 0.37136069293925444, -0.512420281946602, 0.017764312430206756, -0.31721384615620424, 0.5158380379659954, -0.207277871053493, -0.24969414398561107, 0.24419955712425828, 0.4845681533927921, 0.5832577372258703, 0.4925502160492884, 0.4543246912992328, -0.05531240305356429]], "inverted": false, "swapped": false, "error_lsq": 0.04818505391576108, "error_max": 0.33911767380452573, "target": "435.xyz", "model": "7.xyz", "model_rescale": 3.964800864290218, "target_rescale": 4.364598231162771},
{"mapping": [13, 4, 11, 8, 10, 3, 6, 12, 5, 1, 0, 9, 2, 14], "R": [[0.561572153125381, -0.662281983565961, 0.4960033176079168], [-0.7311769001891024, -0.11659685471902562, 0.6721499193628503], [-0.38732035508604423, -0.7401268456917144, -0.5497228345470598]], "T": [-0.07443677190634751, -0.06240806467540126, 0.10821831635335216], "aligned_model": [[-0.2946462041795417, 0.14903268078910567, 0.39121879986526836, -0.7308204065104882, 0.054915721211561325, -0.33116177800828256, -0.4197555953411082, 0.8325822926940776, 0.36737962388742595, 0.08502570279818586, -0.38520202500885614, -0.024674658946048367, 0.5714506905129044, -0.004156954303331489], [0.04622355767994275, -0.5863065937658851, 0.04798291994744765, 0.009418797787876215, 0.5479104294009285, -0.7446946045720316, 0.42412138064819316, -0.15011888642439375, -0.5072697546331991, -0.05032380817875316, -0.09922331830472274, 0.6552198846732334, 0.2626282222938677, -0.04461976037130175], [-0.7165502578542515, -0.1886214901251651, -0.5619396151776384, -0.2676420230209164, -0.08610839223198205, 0.2676292313978944, -0.17211182135878061, -0.061495784620457905, 0.4836344557154251, 0.6725090983654054, 0.5848474055073952, 0.4760134430487256, 0.4837622659972131, 0.00288852308215512]], "inverted": false, "swapped": true, "error_lsq": 0.03631942724380927, "error_max": 0.2276950728926758, "target": "435.xyz", "model": "8.xyz", "model_rescale": 4.121658175737393, "target_rescale": 4.364598231162771},
{"mapping": [3, 1, 0, 8, 5, 4, 2, 11, 10, 12, 7, 13, 14], "R": [[0.7084873221539727, -0.1444036556064116, -0.6907917910590702], [0.0964534531693981, -0.9498432782214211, 0.297480214786266], [-0.6991011698737115, -0.2773902144364308, -0.6590236894195226]], "T": [0.030252903031723725, 0.0035174518845063167, -0.17483688575595532], "aligned_model": [[-0.62359734925426, -0.10188523507920602, -0.059553308746566426, 0.278390525467059, -0.5455873808325801, -0.4462975160803154, 0.16694057905666979, 0.20879780024756273, 0.6412432738062296, -0.15525752613858484, -0.2890168725544156, 0.3433838213050277, 0.05917668523857658], [0.3006256560983469, -0.41520181823020935, 0.031215034944986713, 0.7203022545953193, -0.44519213350618714, 0.092738464438697, -0.7997052752653648, -0.0733574985204353, -0.15295542295741862, -0.6437347115101292, 0.6074064678384246, 0.574500798331356, -0.006254376845676011], [-0.3774228025712051, -0.5636968631886066, -0.7372187687163784, -0.21861856682191236, -0.2081325902149638, 0.24642484374759957, -0.17631671144948513, 0.6253786451357363, -0.0039842954432473265, 0.46221112304705037, 0.03540539853716229, 0.387713796884955, -0.05066777498761617]], "inverted": true, "swapped": true, "error_lsq": 0.04608076158655723, "error_max": 0.3481147840393379, "target": "435.xyz", "model": "9.xyz", "model_rescale": 3.833441315466971, "target_rescale": 4.364598231162771},
{"mapping": [7, 9, 2, 11, 10, 8, 4, 12, 6, 3, 5, 0, 13, 1, 14], "R": [[-0.644739698462893, 0.5634510392929402, -0.5165594327332369], [-0.3651963279803211, 0.3666080123246898, 0.855704509354152], [0.6715224220051536, 0.7403522753521095, -0.03059648877382365]], "T": [0.06339184640430193, 0.08775226352747204, 0.04696442280606314], "aligned_model": [[-0.27306356534870324, -0.12146602338988097, -0.07565602649008285, 0.23947460101561224, 0.8456634436265538, 0.4290264642343742, -0.6520125080367167, 0.24515969456231423, -0.3292613401358502, -0.6780120210703825, -0.05172587905348519, 0.5714685887681497, 0.41359741706691755, 0.20348970901859875, 0.011250469114931577], [-0.08525612211657302, -0.6692848961744717, -0.5353155294718026, 0.10438712592292566, -0.009363306675744115, -0.4946904018170758, 0.24181310066156633, 0.617665022429282, 0.6414973845744523, -0.3638736216884968, 0.019738318869027105, 0.24693200608579083, -0.3169438350734398, 0.6777182603077755, 0.010583102200544064], [-0.5014695578887631, -0.17805209511714476, 0.37727105201322086, -0.611864254412186, -0.18621760421000272, -0.3199568633130937, 0.36378369021038337, -0.1747853790875366, 0.06744329146244113, 0.02096029151687723, 0.7099555344240351, 0.4716322872974489, 0.6379497588921013, 0.46877201454399475, 0.02844300490416852]], "inverted": true, "swapped": false, "error_lsq": 0.052614493415179396, "error_max": 0.3105136441075585, "target": "435.xyz", "model": "10.xyz", "model_rescale": 4.2482417240324, "target_rescale": 4.364598231162771},
{"mapping": [13, 6, 0, 9, 4, 5, 3, 2, 10, 12, 11, 14], "R": [[0.5699038782459409, 0.8158762060323803, 0.09775267766380952], [-0.8111431498223967, 0.5395612544456316, 0.22565558534469599], [0.13136346545534203, -0.207893408099596, 0.9692904470860619]], "T": [-0.0007993072638339191, -0.0017909617870534508, 0.12481336469782908], "aligned_model": [[-0.7145848933645561, -0.08929725716217143, 0.3480180345280946, 0.6509453235383595, -0.45685014219160774, 0.20638345840501598, -0.20927824536014766, 0.5850281399892038, 0.12302135822121696, -0.03315621958058965, -0.4601616876751177, -0.07330226698469383], [-0.4027710546967295, -0.6342274937200421, -0.09479332964710813, -0.3792775357685914, 0.4499625120304922, 0.6897663199082728, 0.3168330504967137, 0.3078760727567468, -0.3679278240642414, 0.6582653100676978, 0.1091210575670479, 0.013304305120380389], [-0.1402551672011422, -0.03868930511315702, 0.5661553134191194, -0.16754295809622158, 0.1462276271610059, 0.23823627341475873, 0.7665685846095335, -0.349280497140835, -0.4020602845176935, -0.5251546314992102, -0.5495883417261113, 0.020575676544310223]], "inverted": true, "swapped": true, "error_lsq": 0.04255787968663588, "error_max": 0.24810059536850088, "target": "435.xyz", "model": "11.xyz", "model_rescale": 3.6694154284099745, "target_rescale": 4.364598231162771},
{"mapping": [12, 2, 9, 1, 5, 11, 4, 13, 0, 8, 6, 3, 10, 14], "R": [[0.23823811414333887, -0.3015035454697871, -0.9232216489221716], [-0.9497224239127557, -0.2711610827196578, -0.15652151524817015], [-0.20314999012233725, 0.9140936928386776, -0.350945582998053]], "T": [0.11874532064436308, 0.08998285035564073, 0.04958398055546869], "aligned_model": [[-0.03585621969564676, 0.031215161915842338, -0.1977482227257281, 0.4499597372036743, 0.6413323401272837, -0.45088167299057436, 0.299378171947958, -0.4628897714427753, 0.4896615542993863, -0.0940708040572065, -0.38679903076090827, 0.7707155633792241, -0.4849973228797523, 0.029245365935032117], [-0.4668393163601728, 0.2589708013412673, 0.7547907195068329, 0.39807055434816635, -0.13105155451677858, -0.481036277097808, -0.5259753591774652, -0.2874604018129848, 0.5131810360843612, 0.17169855986479216, 0.3574995607670179, -0.11850233166914372, 0.28588004704902686, 0.001761249809142218], [-0.67514154421116, -0.7426495732693484, -0.2829844047627412, -0.32374881156120866, -0.4109456356566532, -0.11653398477812596, 0.0717062073892496, 0.5592637187080042, 0.14139975954013861, 0.7743607796794629, 0.37730443385042883, 0.34674256209373033, -0.10566649472629258, 0.025988447356930677]], "inverted": false, "swapped": true, "error_lsq": 0.04223746960311432, "error_max": 0.24361267068938006, "target": "435.xyz", "model": "12.xyz", "model_rescale": 3.9764082729961374, "target_rescale": 4.364598231162771},
{"mapping": [1, 8, 3, 10, 13, 11, 0, 12, 9, 7, 4, 6, 14, 5, 15], "R": [[0.523103677150269, 0.009795238598641232, 0.8522127646618909], [0.7410117946457341, -0.4992022353995989, -0.4491087266664412], [0.42102739002085837, 0.8664301365216006, -0.2683929123121266]], "T": [0.035217596608714735, 0.06137427459145712, 0.06775504635287564], "aligned_model": [[-0.1912335873367671, -0.13996314062487566, -0.002557129378784606, 0.24042773286284824, 0.6416069894692469, 0.4725694494077616, -0.627197882695528, 0.30580419709837436, -0.24638926207691572, -0.5672466943666095, -0.22612639169200086, 0.5191577430812152, 0.6136499980784904, -0.03789868153362916, 0.023329683589523864], [0.17968275526066085, -0.499928421954085, -0.760141407190452, -0.12675841654529674, 0.12705299311732174, -0.530451453129411, 0.29362515198142114, 0.46844932351701907, 0.5834665037491468, -0.2785018250043247, 0.10855500459509179, 0.16310811829882843, -0.4070315028007208, 0.76732769837161, -0.0028479142330493576], [-0.513661794607575, -0.32455073846497257, 0.24699929863613868, -0.6863283637964713, 0.01816919811031295, -0.23059100039538655, 0.25315514406585893, -0.3424721237930922, -0.03030823888674926, 0.37198310874382023, 0.735090809124981, 0.6500873959402317, 0.35899382160542864, 0.513969881559427, 0.15332877339399203]], "inverted": false, "swapped": false, "error_lsq": 0.04453819937421213, "error_max": 0.3592660430986683, "target": "435.xyz", "model": "13.xyz", "model_rescale": 4.170626492500431, "target_rescale": 4.364598231162771},
{"mapping": [13, 7, 11, 4, 10, 2, 12, 8, 6, 3, 0, 5, 9, 14], "R": [[0.8636457027567945, -0.49993431266713306, -0.06466670803252841], [0.3866861402222904, 0.739313348830563, -0.5512618263592409], [0.3234036627339123, 0.45108918769904033, 0.8318224664381879]], "T": [0.01704766522630865, 0.027953179692885244, 0.1955185614275094], "aligned_model": [[0.31528944988896757, 0.021007808502996352, -0.23234487724407635, -0.4601285055514684, 0.30579512332639536, -0.3155924288359735, -0.7361031141974614, 0.6026662194894405, 0.6077240652038228, -0.21373526092233194, 0.2041248598901929, -0.6303468473359731, 0.3944262635885982, -0.019599733711485524], [-0.3368210190076171, -0.6711595569573423, 0.09980373567549788, -0.3543889336466993, 0.4733306586244096, 0.7688359479457231, 0.39139101025789713, -0.42531650946889876, 0.08878693060182763, -0.5539301204849089, 0.018831542447154348, 0.08806622707270553, 0.7306621502284499, 0.03798240463746694], [-0.5245702152394505, 0.04705088812432437, -0.5860016184571786, -0.0010508822565473142, -0.18559481810457334, 0.26106054491525865, -0.20430201662898345, 0.025615452415519296, -0.09073590989985308, 0.6017027032769461, 0.7340578942845615, 0.5291466404568212, 0.3240677466463451, 0.07342669158767651]], "inverted": true, "swapped": true, "error_lsq": 0.04180145936056806, "error_max": 0.2542252329864148, "target": "435.xyz", "model": "14.xyz", "model_rescale": 3.9786697098870705, "target_rescale": 4.364598231162771},
{"mapping": [0, 6, 5, 3, 2, 12, 13, 11, 4, 7, 10, 14], "R": [[-0.7983087635112912, 0.37194235549662835, 0.4736686629794011], [-0.1370078572644186, 0.6537173693783465, -0.7442327915517212], [-0.5864571298474308, -0.6590238881563207, -0.47090927968180796]], "T": [-0.026474557069735886, -0.07573685545534656, -0.17960261222329843], "aligned_model": [[-0.029776703555073412, -0.6664926783205393, 0.643656674547809, 0.4775003464372908, 0.07637442173667988, 0.42736320155018637, -0.4077729147076048, -0.058978664274140384, 0.45890752809429264, 0.13097925474076327, -0.535109686968798, -0.03329618251352938], [-0.3561251250542976, -0.1536250145626067, 0.10887904750619548, -0.6229141565878705, 0.6549531163779103, 0.6761087695741291, -0.23542077911107093, 0.3716577198683132, -0.13524921052269573, -0.610266930994193, 0.3244438106658698, -0.007766756935244645], [-0.6760673221104821, -0.04230288084544995, -0.40517306521366375, -0.2382608501605516, -0.5250974930711226, 0.11694265050187913, 0.5751482284033661, 0.5109873610514771, 0.23679220856286237, 0.26794944819893074, -0.0894397570534961, -0.07151203438991935]], "inverted": true, "swapped": true, "error_lsq": 0.05288146159530449, "error_max": 0.31336760088185334, "target": "435.xyz", "model": "15.xyz", "model_rescale": 3.769337070930944, "target_rescale": 4.364598231162771},
{"mapping": [4, 3, 11, 13, 12, 5, 2, 0, 10, 8, 14], "R": [[-0.2314442462806191, -0.9661005456844389, 0.11438223853302429], [0.0015350238326910515, 0.11721180286970959, 0.9931057531652234], [-0.972846958450007, 0.23002419198045637, -0.025645010007971092]], "T": [0.02045733291522709, -0.04064396233420845, 0.12715497437025], "aligned_model": [[-0.26107296422783477, -0.2515221597712563, -0.17322685635648347, -0.6771542759572036, 0.3770066697774219, 0.3896758983694419, 0.7815990021868664, 0.18473671556208335, 0.1685492001948056, -0.6044902461188505, -0.011474852967819783], [-0.1017015362718871, -0.693693446509404, 0.6494364085965227, 0.46100434353624004, 0.386736513274708, -0.3850449647406108, 0.20226385805117306, -0.49573543901760353, 0.5345776238789168, -0.02867260946636834, 0.06689374629365513], [-0.44689624306314746, -0.11030663914656044, -0.278318145187771, 0.17430627150837716, -0.6140589942793485, -0.40115036247883806, -0.032568568557103356, 0.42883315778888054, 0.3995013107824198, 0.5590887410891303, 0.06578707876773804]], "inverted": false, "swapped": true, "error_lsq": 0.04825341709460774, "error_max": 0.2559899922752417, "target": "435.xyz", "model": "16.xyz", "model_rescale": 3.7852294659196426, "target_rescale": 4.364598231162771},
{"mapping": [11, 2, 5, 12, 10, 9, 0, 1, 4, 7, 6, 3, 14], "R": [[-0.7638069572662274, -0.3445169028309341, 0.5458086072017261], [0.6091450924103353, -0.6643578325797626, 0.4330945932268425], [0.21340381539258274, 0.6632772979333009, 0.717301915250606]], "T": [0.0045362976675913415, 0.20841708020845967, -0.0011176934112696055], "aligned_model": [[0.033438988236832, -0.448654258778622, 0.3090004481679616, 0.06833045969328477, -0.545049803716798, -0.7840598399875351, -0.05770713708959643, -0.15980006030858818, 0.5691753752369919, 0.5897118647613336, -0.37075507046036715, 0.6412753396161597, 0.008859544845226105], [-0.2354512474457639, -0.417133143532411, -0.2728433928023333, -0.6995146687707454, 0.12979388383114707, 0.20743522488739408, 0.5069538003373851, 0.04039544504280748, -0.049354081221614776, 0.5190833732410909, 0.5949991724180239, 0.4091050621888613, 0.14158619552903262], [-0.6941389603181012, 0.25803032837739537, 0.4568461333865977, -0.17653118193727627, -0.34572923052741017, 0.17453698039222185, 0.4806574363201866, 0.5362468833158633, -0.16622031664284737, -0.26920902364647825, -0.38092244862962693, 0.33223229903592716, -0.11004420198327763]], "inverted": true, "swapped": true, "error_lsq": 0.050635377882341105, "error_max": 0.3278679435409901, "target": "435.xyz", "model": "17.xyz", "model_rescale": 3.901054581598922, "target_rescale": 4.364598231162771},
{"mapping": [12, 11, 10, 7, 1, 6, 13, 0, 3, 9, 5, 8, 4, 2, 14], "R": [[0.0918145904382422, 0.8904966649370827, 0.4456296340220105], [0.2466701351435323, -0.4539112147755202, 0.8562233666101873], [0.9647403409264741, 0.03130972431920498, -0.2613346049648344]], "T": [0.08327349923054107, -0.010614878376810919, 0.11669414655686114], "aligned_model": [[-0.4142272368872349, -0.2231527667637011, 0.02383171091175469, 0.23045716946935346, 0.7331803081532041, 0.4012645215067563, -0.5524050672539336, 0.41280849815121495, -0.20522362011621398, -0.4862085841694199, -0.22495509996317165, 0.42346748817604996, 0.6639619449053316, -0.04178185724668447, 0.036915615009044625], [0.03355077296798537, -0.6021502913773655, -0.7607118740282965, 0.06742537714723039, 0.06950918528134574, -0.4704541548484516, 0.31645116771759857, 0.6135009648974556, 0.6102879131758903, -0.2932028441713956, 0.060699494266247926, 0.1605766383382966, -0.41211927627486217, 0.7184147623674422, -0.026171227425361272], [-0.4333217776496766, -0.3225322046582786, 0.44269248864611277, -0.525118684048775, -0.1218154414573338, -0.384459816647967, 0.24492347200541684, -0.16149754483576081, -0.2219133328104175, 0.2899679749580725, 0.6552063914401404, 0.6601826621944934, 0.47330193872933635, 0.4863088685590663, 0.0919401768115155]], "inverted": true, "swapped": false, "error_lsq": 0.036612377958305416, "error_max": 0.1945115397579697, "target": "435.xyz", "model": "18.xyz", "model_rescale": 3.9405287249114394, "target_rescale": 4.364598231162771},
{"mapping": [7, 8, 5, 4, 1, 6, 13, 12, 13, 9, 11, 10, 2, 14, 15], "R": [[-0.12658839911670275, 0.9744560687009824, 0.1855013406444731], [0.2373293651332251, 0.21132702800910733, -0.9481643632188981], [-0.9631459648747592, -0.07600169343287327, -0.258018590300786]], "T": [0.128415644860855, 0.08148907737594797, -0.01949554296658], "aligned_model": [[-0.45472692818585847, 0.01333752006460004, -0.009322776472115879, 0.016063547364998182, 0.7705520638251555, 0.49260566644991494, -0.3932144359498273, 0.31369389516495716, -0.3932144359498273, -0.5437260730266378, -0.2372725105427364, 0.3844703646867425, 0.5676193179200204, 0.10540498909198401, 0.14566281944098025], [-0.08728511067338672, -0.6022125785260993, -0.6674911369665018, 0.22001487919317336, -0.01654557140644146, -0.5679263973726701, 0.4792553354315093, 0.5579434095165687, 0.4792553354315093, -0.24421381476440157, 0.07219479741653505, 0.14637867642869312, -0.43951228344918475, 0.6904979321942042, 0.06525313558025272], [-0.3759861626048659, -0.3221194456017373, 0.31415009025991186, -0.728616574268892, -0.1359835297173882, -0.08201453947329782, 0.12546620411824477, -0.21647854111128878, 0.12546620411824477, 0.15700653657696823, 0.6013095723936038, 0.7208620445113808, 0.5199328569186545, 0.45833045732037414, 0.01253999779603112]], "inverted": true, "swapped": false, "error_lsq": 0.047118417654222484, "error_max": 0.32102956695140605, "target": "435.xyz", "model": "19.xyz", "model_rescale": 4.410303926677745, "target_rescale": 4.364598231162771},
{"mapping": [13, 4, 11, 8, 10, 3, 6, 12, 5, 1, 0, 9, 2, 14], "R": [[0.561572153125381, -0.662281983565961, 0.4960033176079168], [-0.7311769001891024, -0.11659685471902562, 0.6721499193628503], [-0.38732035508604423, -0.7401268456917144, -0.5497228345470598]], "T": [-0.07443677190634751, -0.06240806467540126, 0.10821831635335216], "aligned_model": [[-0.2946462041795417, 0.14903268078910567, 0.39121879986526836, -0.7308204065104882, 0.054915721211561325, -0.33116177800828256, -0.4197555953411082, 0.8325822926940776, 0.36737962388742595, 0.08502570279818586, -0.38520202500885614, -0.024674658946048367, 0.5714506905129044, -0.004156954303331489], [0.04622355767994275, -0.5863065937658851, 0.04798291994744765, 0.009418797787876215, 0.5479104294009285, -0.7446946045720316, 0.42412138064819316, -0.15011888642439375, -0.5072697546331991, -0.05032380817875316, -0.09922331830472274, 0.6552198846732334, 0.2626282222938677, -0.04461976037130175], [-0.7165502578542515, -0.1886214901251651, -0.5619396151776384, -0.2676420230209164, -0.08610839223198205, 0.2676292313978944, -0.17211182135878061, -0.061495784620457905, 0.4836344557154251, 0.6725090983654054, 0.5848474055073952, 0.4760134430487256, 0.4837622659972131, 0.00288852308215512]], "inverted": false, "swapped": true, "error_lsq": 0.03631942724380927, "error_max": 0.2276950728926758, "target": "435.xyz", "model": "20.xyz", "model_rescale": 4.121658175737393, "target_rescale": 4.364598231162771},
{"mapping": [13, 10, 9, 6, 0, 11, 2, 4, 12, 5, 1, 3, 14], "R": [[-0.46625857442867263, 0.5883833938658273, -0.660611779788003], [-0.6402682677458377, -0.739744798663245, -0.2069641953778949], [-0.6104584237190002, 0.3264699292026849, 0.7216355716266402]], "T": [0.2253290049545425, -0.0435209536157951, 0.009796951705186553], "aligned_model": [[0.33300489345357126, -0.02717096994068413, 0.09319443787119633, 0.44956261465672687, 0.5875486019712935, -0.3221428061885891, -0.42226576854380843, 0.06433649092647364, -0.6661181537969274, -0.0902534264720915, 0.12820537646879523, 0.6111273709753209, 0.14205424328301702], [-0.7544435655007622, 0.036827656132551165, 0.5903057087810456, -0.1059329483927385, 0.3659624128693062, -0.5941267098174059, 0.4508293196326059, -0.5248056707399448, -0.20913022716836022, 0.1253275514116055, 0.47900679893320663, -0.18903419418621464, -0.12995922779171143], [0.4825877800687253, 0.6071004465438196, 0.4930604564415196, 0.6265343417528846, -0.1521475763669927, 0.2840976105508406, 0.01935083825000223, -0.38386352036564586, -0.18275220964636477, -0.6273363465948609, -0.23825575512059488, -0.6121516062253594, 0.053885280193815985]], "inverted": false, "swapped": true, "error_lsq": 0.05789130713711485, "error_max": 0.3836884106836962, "target": "435.xyz", "model": "21.xyz", "model_rescale": 4.08911054899281, "target_rescale": 4.364598231162771},
{"mapping": [15, 2, 4, 11, 8, 1, 12, 5, 9, 3, 13, 7, 0, 10, 16], "R": [[-0.7180173916545853, 0.035161967886837536, -0.6951364335839915], [0.22581503902285, 0.956468371417825, -0.18486704040591556], [0.658375723605188, -0.28971001103113214, -0.6947010263960223]], "T": [0.0696983451118916, 0.023187636197798345, 0.05636826516896949], "aligned_model": [[-0.2636077935593117, -0.13059886784362754, -0.062161917863303995, 0.291271602627622, 0.6826087775290619, 0.4946182479264624, -0.41393620068599746, 0.27761792142001157, -0.25256398654534246, -0.6600313611313993, -0.2263014842909905, 0.22937251827140637, 0.5233511587272697, 0.21441910959213972, 0.07387529970834933], [-0.1739851157292365, -0.6295690996812828, -0.5875570409149569, 0.13516734599612634, 0.11234477407223106, -0.4897157210566054, 0.39436864714736714, 0.6489754959109817, 0.6403764191499492, -0.356008412284448, -0.11669232818425554, 0.20416053567587017, -0.4360155485008364, 0.743306314205918, -0.003549657773062126], [-0.5613185014982354, -0.17824524599352026, 0.36603905212554927, -0.6676889607502238, -0.2553268176608852, -0.3753395105025566, 0.4726515692485479, -0.19440665058540352, -0.09453769016548404, 0.3356239471810067, 0.6304306856305238, 0.725359413159553, 0.48463332099393047, 0.39046465713845396, 0.09552590291468782]], "inverted": false, "swapped": false, "error_lsq": 0.03308638654642649, "error_max": 0.2192250978872892, "target": "435.xyz", "model": "22.xyz", "model_rescale": 4.204369325754507, "target_rescale": 4.364598231162771},
{"mapping": [7, 8, 5, 4, 1, 6, 13, 12, 13, 9, 11, 10, 2, 14, 15], "R": [[-0.12658839911670275, 0.9744560687009824, 0.1855013406444731], [0.2373293651332251, 0.21132702800910733, -0.9481643632188981], [-0.9631459648747592, -0.07600169343287327, -0.258018590300786]], "T": [0.128415644860855, 0.08148907737594797, -0.01949554296658], "aligned_model": [[-0.45472692818585847, 0.01333752006460004, -0.009322776472115879, 0.016063547364998182, 0.7705520638251555, 0.49260566644991494, -0.3932144359498273, 0.31369389516495716, -0.3932144359498273, -0.5437260730266378, -0.2372725105427364, 0.3844703646867425, 0.5676193179200204, 0.10540498909198401, 0.14566281944098025], [-0.08728511067338672, -0.6022125785260993, -0.6674911369665018, 0.22001487919317336, -0.01654557140644146, -0.5679263973726701, 0.4792553354315093, 0.5579434095165687, 0.4792553354315093, -0.24421381476440157, 0.07219479741653505, 0.14637867642869312, -0.43951228344918475, 0.6904979321942042, 0.06525313558025272], [-0.3759861626048659, -0.3221194456017373, 0.31415009025991186, -0.728616574268892, -0.1359835297173882, -0.08201453947329782, 0.12546620411824477, -0.21647854111128878, 0.12546620411824477, 0.15700653657696823, 0.6013095723936038, 0.7208620445113808, 0.5199328569186545, 0.45833045732037414, 0.01253999779603112]], "inverted": true, "swapped": false, "error_lsq": 0.047118417654222484, "error_max": 0.32102956695140605, "target": "435.xyz", "model": "23.xyz", "model_rescale": 4.410303926677745, "target_rescale": 4.364598231162771},
{"mapping": [5, 4, 3, 9, 11, 10, 12, 14, 6, 2, 0, 7, 1, 13, 16], "R": [[-0.996966702046935, -0.060483592535490995, -0.0489809150961791], [0.0749272425289538, -0.9161370833260465, -0.39380039725964244], [-0.02105476992668754, -0.39627588822542004, 0.9178900353933956]], "T": [0.11491469911303145, 0.060449928280838734, -0.028991679898033376], "aligned_model": [[-0.5023794882032269, -0.25292800376899116, -0.03773191706462353, 0.42795641245066496, 0.7421922101543371, 0.45027824559619056, -0.4612110188848555, 0.3708676143441564, -0.2814123867289886, -0.5370117699090773, -0.26157575066087524, 0.33547168777236747, 0.5676185658247902, 0.110369722587022, 0.10742890037345962], [0.0757365443399236, -0.4751543564567885, -0.7712476405578392, 0.04886023235252455, 0.14547443008620167, -0.4429365504473316, 0.3808959301765399, 0.6106394150532469, 0.6992575281113358, -0.5153562695947965, -0.1470537124763599, 0.21636018490914335, -0.4096281485122255, 0.7136246327497471, -0.043865611699561], [-0.14864216716388212, -0.25637718756792266, 0.27797598809227064, -0.5714772080804101, -0.02508721510277251, -0.26965179499712155, 0.43097500554144214, -0.32887436336681647, -0.1418977523058944, 0.24729268928478915, 0.5919616125384561, 0.5784435045569993, 0.5281628411758726, 0.23087130796185673, 0.030189910669077197]], "inverted": true, "swapped": false, "error_lsq": 0.04214757458444595, "error_max": 0.4025791981927259, "target": "435.xyz", "model": "24.xyz", "model_rescale": 4.28219845311461, "target_rescale": 4.364598231162771},
{"mapping": [11, 9, 7, 5, 1, 3, 14, 8, 10, 13, 2, 0, 4, 6, 15], "R": [[-0.332510858296592, -0.3996823149433656, -0.8542192787782166], [-0.8449647500281585, 0.5285604266855166, 0.08159930484922395], [0.4188927074141011, 0.7489178342538902, -0.5134695484756105]], "T": [-0.01847935553714361, -0.06993306903241879, 0.07299685074608173], "aligned_model": [[-0.3707739454613064, -0.13879995687131072, -0.02625113743473645, 0.27107583880922725, 0.591175239746984, 0.5773535300122945, -0.5992314033498661, 0.26257594314616883, -0.26992517033855234, -0.4084622756086532, -0.17676863519537583, 0.4903915514682057, 0.42276808541877187, 0.12592482302610647, 0.026880536514392636], [0.09641200281958053, -0.5177095326041434, -0.8433044435870961, 0.12331336063903996, 0.03196803590665574, -0.5171089418466015, 0.38322536845930966, 0.49431013047014916, 0.6421909458798243, -0.40379297553556615, 0.09411142221500697, 0.2242586460381888, -0.4273839415985555, 0.7533524128467044, -0.048235882068736864], [-0.3073909911065644, -0.41882921143917295, 0.15891729171195737, -0.7042381766172062, -0.09378095985177215, -0.13928187199957817, 0.2666953649014917, -0.2178357262221172, -0.1706406021054889, 0.37194056086424576, 0.7186081372215977, 0.6387316002737858, 0.5336248379301818, 0.4099621063757306, 0.12738281129885343]], "inverted": false, "swapped": false, "error_lsq": 0.043919153037879105, "error_max": 0.27652683308973935, "target": "435.xyz", "model": "25.xyz", "model_rescale": 4.100010024507729, "target_rescale": 4.364598231162771},
{"mapping": [13, 6, 0, 9, 4, 5, 3, 2, 10, 12, 11, 14], "R": [[0.5699038782459409, 0.8158762060323803, 0.09775267766380952], [-0.8111431498223967, 0.5395612544456316, 0.22565558534469599], [0.13136346545534203, -0.207893408099596, 0.9692904470860619]], "T": [-0.0007993072638339191, -0.0017909617870534508, 0.12481336469782908], "aligned_model": [[-0.7145848933645561, -0.08929725716217143, 0.3480180345280946, 0.6509453235383595, -0.45685014219160774, 0.20638345840501598, -0.20927824536014766, 0.5850281399892038, 0.12302135822121696, -0.03315621958058965, -0.4601616876751177, -0.07330226698469383], [-0.4027710546967295, -0.6342274937200421, -0.09479332964710813, -0.3792775357685914, 0.4499625120304922, 0.6897663199082728, 0.3168330504967137, 0.3078760727567468, -0.3679278240642414, 0.6582653100676978, 0.1091210575670479, 0.013304305120380389], [-0.1402551672011422, -0.03868930511315702, 0.5661553134191194, -0.16754295809622158, 0.1462276271610059, 0.23823627341475873, 0.7665685846095335, -0.349280497140835, -0.4020602845176935, -0.5251546314992102, -0.5495883417261113, 0.020575676544310223]], "inverted": true, "swapped": true, "error_lsq": 0.04255787968663588, "error_max": 0.24810059536850088, "target": "435.xyz", "model": "26.xyz", "model_rescale": 3.6694154284099745, "target_rescale": 4.364598231162771},
