[{"mapping": [1, 7, 6, 0, 4, 5, 8, 2, 9, 10, 3, 11], "R": [[0.005255150491896954, 0.5091330049022287, 0.8606718112686944], [0.930369192685458, 0.31302991035481786, -0.19085450092954065], [-0.36658634548373037, 0.8017455073416266, -0.47203664345302815]], "T": [0.01356322554220367, -0.015321419701007581, 0.044744344473989936], "aligned_model": [[-0.3553147220151375, 0.30502207422848004, 0.36393263818868027, -0.5542785192534215, -0.36635465376039333, -0.2741374193505574, 0.08648922946117417, -0.6513782311054903, 0.5983812062521092, 0.4014714650888692, 0.3222478226111337, -0.039441027402897746], [-0.026143409789734187, -0.6057409025577499, 0.19004660696695944, -0.2527323769438722, 0.1372502846071189, -0.7613755749574429, 0.6088948669959355, 0.41485156856417565, 0.14729762286554854, -0.5469880887333147, 0.08866559665326831, -0.059927573006545116], [-0.5599808028907928, -0.6357406911084685, -0.5554387407252058, 0.10785681748834881, 0.7409718552592701, -0.17733192369261253, -0.04547381370882868, -0.10206950018879597, 0.07473435716305736, 0.21391614087268823, 0.6513191830133521, 0.03899141955557375]], "inverted": false, "swapped": false, "error_lsq": 0.06157768385888445, "error_max": 0.45106929776625687, "target": "437.xyz", "model": "0.xyz", "model_rescale": 3.751011558992144, "target_rescale": 3.8425286076937875},
{"mapping": [2, 0, 3, 4, 10, 8, 9, 5, 12, 7, 11, 14], "R": [[0.9052048638957059, 0.3077710066871255, -0.2930548785165505], [-0.06405344694864074, 0.7805103436682611, 0.6218526830052683], [0.4201205902042346, -0.5441328981688632, 0.7262355532585824]], "T": [-0.030141722913070546, -0.11673923044244541, 0.01218733830812799], "aligned_model": [[-0.23446311219286717, 0.266553607372393, 0.46402296811657096, -0.5710715411644962, -0.45498830029846843, -0.6000610381763802, -0.11464943749687359, -0.4650755511097077, 0.6177208349742143, 0.5653926489383778, 0.3617478984996613, 0.0015108854801246033], [-0.040393562687664614, -0.5920960523567264, -0.006459519415397547, -0.5413809705528604, 0.127642448906217, -0.3646293333844637, 0.5140518026253528, 0.2771480537243842, 0.24688221522889645, -0.39990868628163, 0.18760869354572243, -0.07436646868748348], [-0.7854104368178804, -0.49919538661112417, -0.5596916112853544, 0.40288964722411913, 0.6696344682064199, -0.2205372265600198, 0.18292321652760585, -0.2017552228093774, 0.01754031998555562, 0.08169197858836535, 0.6371080170504416, 0.026556537538835193]], "inverted": false, "swapped": false, "error_lsq": 0.0445387931674786, "error_max": 0.2636580448319244, "target": "437.xyz", "model": "1.xyz", "model_rescale": 3.9405287249114394, "target_rescale": 3.8425286076937875},
{"mapping": [11, 5, 9, 1, 7, 0, 3, 6, 8, 2, 4, 12], "R": [[0.2425070949652356, 0.7804186075710503, 0.5763133746915695], [-0.5339575803600746, 0.6033443087550745, -0.5923385412657833], [-0.809987414264899, -0.16408059620114895, 0.5630257069466178]], "T": [-0.023276996262926324, -0.010058431095682746, -0.0041288572868771155], "aligned_model": [[-0.14170364940898153, 0.09588942602825738, 0.5837896795770705, -0.22326450087526675, -0.5274936045524136, -0.5799594203078383, -0.05830832838990503, -0.5329344294475966, 0.686566552864534, 0.23266445945511685, 0.27301608121049636, 0.02837759678907519], [0.09398695895231185, -0.4963784965737079, 0.14814640355364642, -0.520464349634343, 0.35523378193340505, -0.5917171165753711, 0.5417175531694834, 0.0966320792853779, 0.2944610187389568, -0.641456108795474, 0.12958691184254026, -0.07565001523247865], [-0.6989410431843088, -0.5307866570853018, -0.5109053252372091, 0.5674628927217297, 0.4870300418297922, -0.23802593003769362, 0.14118372828817793, -0.1597634587855988, 0.059744537364586695, -0.004884742099718117, 0.6158754268271964, 0.023764830435933935]], "inverted": true, "swapped": false, "error_lsq": 0.05397835452418292, "error_max": 0.324836767116403, "target": "437.xyz", "model": "2.xyz", "model_rescale": 3.932901565614263, "target_rescale": 3.8425286076937875},
{"mapping": [10, 11, 12, 0, 4, 1, 5, 6, 9, 8, 7, 13], "R": [[0.355740631415223, -0.3006240422513521, -0.8849145655828905], [0.06836510032693699, 0.9526871042883055, -0.2961646406647004], [0.9320809064762492, 0.044860523216081, 0.3594617048298653]], "T": [-0.0437302474114475, -0.18361820315560767, 0.039050701055127895], "aligned_model": [[-0.13990852007514604, 0.32254723848164213, 0.16103804512294223, -0.5103385793870406, -0.486778256080037, -0.6496463924287245, 0.07009801278528603, -0.39189679451754666, 0.5931551414346237, 0.6048483027389009, 0.2969914654306752, -0.03346980056302655], [-0.10418760527154447, -0.7132853046255678, 0.3634194657999242, -0.42515661397366133, 0.2804356526737409, -0.5181750451947302, 0.5241524707506564, 0.3292664754267646, 0.18263902449819025, -0.5219309107444328, 0.027768972804309733, -0.09084796147930237], [-0.6663470309290626, -0.5798210654003124, -0.45283296941562845, 0.4548465521328542, 0.63200001207799, -0.22496817244516784, 0.09293470604291904, -0.24804096136896872, 0.044108769321563296, 0.09968981137758429, 0.6297847559264914, -0.029600106282676286]], "inverted": true, "swapped": false, "error_lsq": 0.046016527575996564, "error_max": 0.337193036042484, "target": "437.xyz", "model": "3.xyz", "model_rescale": 3.9243930471874484, "target_rescale": 3.8425286076937875},
{"mapping": [10, 11, 6, 7, 2, 8, 3, 4, 5, 1, 0, 12], "R": [[0.8511010342259016, 0.5205916826868714, 0.06790677033148232], [-0.49624066212915213, 0.8399411101666294, -0.21964547958396738], [-0.171383297871238, 0.1532423941646117, 0.9732135088671325]], "T": [-0.03000528060815886, -0.16159705314088174, -0.15053205240226114], "aligned_model": [[-0.34957577340642326, 0.3968254784060324, 0.43861926954204133, -0.47886538131643946, -0.30554095518752733, -0.5128496067055004, -0.07257126800382686, -0.5620996179360764, 0.6828857277769469, 0.2132186441627865, 0.3191643907281538, 0.06742895488238135], [0.026680420492777163, -0.3873276278535178, 0.3058665552843887, -0.359088920533731, 0.2763035073416546, -0.5435718617798662, 0.5048916960180625, 0.039935789576536596, -0.059046514710035164, -0.5233576784779626, 0.19602068001321843, -0.1432074247071785], [-0.7501602810353982, -0.7774254182842031, -0.43929721742612365, 0.48384979728924277, 0.6133643289720394, -0.28203479471983695, -0.06725988222367314, 0.01866428009308846, 0.08376027996500482, 0.41526974359809316, 0.5375903574298893, -0.08456689262053692]], "inverted": true, "swapped": false, "error_lsq": 0.054016617639843, "error_max": 0.30070542421921465, "target": "437.xyz", "model": "4.xyz", "model_rescale": 3.8936222436046832, "target_rescale": 3.8425286076937875},
{"mapping": [5, 1, 4, 9, 8, 6, 10, 7, 2, 0, 3, 11], "R": [[-0.29598567544248755, -0.0185350859135143, -0.9550125289874647], [0.12430923851951237, 0.9905614157378047, -0.05775201182829263], [0.9470690012620799, -0.1358106484841852, -0.2908879072886181]], "T": [-0.06840969934036932, -0.019920957877452197, 0.043085344936187375], "aligned_model": [[-0.22538818656676285, 0.26616719445059445, 0.28416823773044597, -0.2706404145999558, -0.42513614668161814, -0.6428636725054919, 0.06514993810280016, -0.5823189108143518, 0.6599349340313784, 0.5351484620397874, 0.22203339113031367, -0.04961496337459093], [-0.0931529912620086, -0.6361178503085708, 0.34802592117397524, -0.503087409161521, 0.1829342786956873, -0.4187321300564711, 0.5949327530396498, 0.32177254643579717, 0.12592720698845117, -0.5650227979019083, 0.014041039205742165, -0.037421946184475835], [-0.74885258248069, -0.3461041449790348, -0.5659536451080078, 0.3712451565835207, 0.6574621194752082, -0.3384391100699326, 0.10295300651222011, -0.1541211429397852, -0.03040528554107269, 0.3913666088743697, 0.5378291435563908, -0.1252258228455994]], "inverted": false, "swapped": false, "error_lsq": 0.04792099024972091, "error_max": 0.261786804507925, "target": "437.xyz", "model": "5.xyz", "model_rescale": 3.6523030999806103, "target_rescale": 3.8425286076937875},
{"mapping": [11, 10, 4, 8, 5, 9, 3, 7, 2, 6, 1, 12], "R": [[-0.16583359623140703, -0.8012568915501719, -0.5748796501045367], [-0.7038104140730879, 0.5044972733785974, -0.5001333844044299], [0.6907605369469417, 0.32166736685109454, -0.6475955417541539]], "T": [-0.020087630939449763, -0.0710367437105051, 0.0399604248531744], "aligned_model": [[-0.3168508516343842, 0.2773217650379677, 0.2988625982309969, -0.3050090685652884, -0.4504978419471527, -0.4755500388522429, 0.007147761009793474, -0.5488729623929243, 0.7140589844035352, 0.3495921193732614, 0.3599744599094429, -0.07353706163045635], [0.12807806447491443, -0.5910332751491272, 0.10793338692540753, -0.5448585713728586, 0.08535938909802364, -0.5233420355545139, 0.6187219387919456, 0.31360150689722444, 0.11870953497008295, -0.560009400748085, 0.16477140817407027, 0.01616667415726332], [-0.7643118469211494, -0.45986384440867617, -0.40204867638706165, 0.4246885791107268, 0.5441338373707187, -0.2926606705825, -0.03834600071864071, -0.15817475401783843, 0.004793236787797736, 0.25644849600364233, 0.5713004182639768, 0.06579552653659007]], "inverted": true, "swapped": false, "error_lsq": 0.045582644939634154, "error_max": 0.267602310181028, "target": "437.xyz", "model": "6.xyz", "model_rescale": 4.08911054899281, "target_rescale": 3.8425286076937875},
{"mapping": [5, 7, 12, 3, 9, 4, 11, 8, 13, 2, 1, 14], "R": [[0.9770808145574975, 0.029912881221770472, 0.21075649778991393], [-0.21025480208870714, -0.019064237853298256, 0.9774607271055508], [0.03325657863184878, -0.9993706891699824, -0.012337974129432173]], "T": [-0.036092649365634055, -0.05734768730271715, -0.04338034665681863], "aligned_model": [[-0.16646983804491394, 0.3970653610293072, 0.29984724224365233, -0.5842968895753976, -0.35307237559076915, -0.6047387460116006, 0.06760422172321841, -0.6759870729752414, 0.6701827783719299, 0.5371952639798239, 0.31417821397747026, -0.06486829618493045], [-0.20221811227868564, -0.5584274477866464, 0.3422192797520498, -0.48602772752615303, 0.24020104482756255, -0.35630066597116944, 0.5148707513614089, 0.170880361867553, 0.12717101090355393, -0.5380644793562608, 0.04439251578958578, 0.03540208908154856], [-0.779936914900357, -0.4441074061393486, -0.5286560889677165, 0.33365674753398217, 0.6089584557133088, -0.3334117639495338, 0.03626938866181588, 0.016586790095282127, -0.09835663734660367, 0.25727207315884754, 0.5929413583187453, 0.09053829885916377]], "inverted": false, "swapped": false, "error_lsq": 0.04597670593220151, "error_max": 0.2302987298089891, "target": "437.xyz", "model": "7.xyz", "model_rescale": 3.964800864290218, "target_rescale": 3.8425286076937875},
{"mapping": [6, 4, 11, 1, 5, 0, 10, 3, 9, 12, 8, 13], "R": [[0.570422317083626, 0.426030363666753, 0.7022225497710263], [-0.7333991451279125, -0.12072856475635642, 0.6689920086051235], [0.36978922928959734, -0.8966173893505771, 0.24358403686522892]], "T": [-0.06025666269371652, -0.18706006676404283, -0.038576169741973726], "aligned_model": [[-0.1535467656159672, 0.22276994750730086, 0.5137038884276067, -0.4095426078175315, -0.3532124251962542, -0.7014356551563079, 0.06094981382927714, -0.6693277659300426, 0.5038556963919332, 0.6553970627958676, 0.2017466900275163, -0.034718016320849907], [-0.04857387036064331, -0.481165534329425, 0.13820338169864702, -0.5733607536723034, 0.3890156924950693, -0.4535958744930235, 0.6165709325908054, 0.14524847793724202, 0.14961367451230748, -0.41520089968470897, 0.011032460910459202, -0.14368906694007966], [-0.5941158652462765, -0.6117177812832327, -0.5404788488983479, 0.501693206593169, 0.49188058040734306, -0.21466573600204322, 0.08233793171869425, -0.2496830574159803, 0.1670564275047235, 0.04183802574435169, 0.6565289842093119, 0.021080433705873036]], "inverted": false, "swapped": false, "error_lsq": 0.04738591111630868, "error_max": 0.29271832552333726, "target": "437.xyz", "model": "8.xyz", "model_rescale": 4.121658175737393, "target_rescale": 3.8425286076937875},
{"mapping": [11, 3, 10, 6, 9, 8, 5, 7, 0, 1, 4, 12], "R": [[0.6708678357063906, -0.4013146430627823, 0.6236047660802596], [0.6168599838870881, -0.1647522932217937, -0.7696365649817982], [0.4116067386394992, 0.9010012425860199, 0.13702792987199103]], "T": [-0.0440159528450108, -0.09497646671031688, -0.0711199377646739], "aligned_model": [[-0.2942303510438814, 0.33181191551122313, 0.31682066777922613, -0.42082305134730746, -0.45850625518340526, -0.5533483675859716, 0.14003471247861987, -0.6162646971153084, 0.7286522898221945, 0.32928579600169616, 0.33069169801386417, 0.00251550561159887], [-0.07259342692878355, -0.3555904512882588, 0.3241582483392331, -0.42461967771554804, 0.240339739717137, -0.5992743690457556, 0.4909241613859546, 0.24367010449700593, -0.0306209574075179, -0.4690730809142451, 0.12585695104154876, -0.13907862101642357], [-0.6541498075120302, -0.7141734004559495, -0.5913159147312186, 0.40797693558184905, 0.5683725547709888, -0.20080206730270195, -0.0035646798930623197, -0.1854037284079511, 0.061795066347835104, 0.37118000940090984, 0.7028016963240613, -0.010962363085144242]], "inverted": true, "swapped": false, "error_lsq": 0.0451497210846254, "error_max": 0.250250938618932, "target": "437.xyz", "model": "9.xyz", "model_rescale": 3.833441315466971, "target_rescale": 3.8425286076937875},
{"mapping": [6, 4, 7, 0, 10, 1, 11, 12, 9, 2, 8, 14], "R": [[0.5548454981273401, -0.7116726019902295, -0.43089277179395874], [-0.7902676476382315, -0.6127363170417135, -0.005590248160211059], [-0.26004522357497734, 0.34362234117503687, -0.9023858201131192]], "T": [-0.028885261647302072, -0.12083731702672838, -0.05095725794846406], "aligned_model": [[-0.2821112868904903, 0.18174848147382408, 0.3728800784549675, -0.4936900413031652, -0.33456432952125587, -0.6545190975755751, -0.044165374510771904, -0.5360662634614385, 0.7320212832099539, 0.5176011590498157, 0.3115977389533219, 0.0659075150633622], [-0.1738531296834696, -0.5431029027898714, 0.3524245024278385, -0.4444250728186096, 0.23366419236899827, -0.4776244642773328, 0.5579684554193722, 0.15914511133535225, 0.024907355734391276, -0.5060286043435056, 0.26691570663286285, -0.11589252934167942], [-0.6788867697511798, -0.6937929923543323, -0.29287013177058346, 0.32728927913324524, 0.6247964921852162, -0.2149516719151457, 0.014817528165234628, -0.21647864181790288, 0.1892298501315942, 0.2129186960460815, 0.5332330204040433, -0.05355035741868484]], "inverted": true, "swapped": false, "error_lsq": 0.04498820484561591, "error_max": 0.2880912171554512, "target": "437.xyz", "model": "10.xyz", "model_rescale": 4.2482417240324, "target_rescale": 3.8425286076937875},
{"mapping": [10, 4, 0, 7, 3, 9, 1, 8, 6, 5, 2, 11], "R": [[-0.39589039257096825, 0.1115387043343521, 0.9114987188720666], [-0.13604740211995375, -0.9887663722349631, 0.06190448702414058], [0.9081640278311051, -0.0994996410683193, 0.40661765822558593]], "T": [0.00915664895621283, 0.00024148060307732644, 0.008895972921264001], "aligned_model": [[-0.30467645690843137, 0.4403257861050542, 0.23361899475057946, -0.3924303813979337, -0.4798314945545362, -0.445371470395177, 0.06791629331290913, -0.5377116087738928, 0.6524150196968355, 0.28482780765456484, 0.3148182818221831, 0.0027390916303932696], [-0.033331350123380676, -0.5738606162667501, 0.39688141334914717, -0.40756438503005227, 0.26798009302035275, -0.6062907992057438, 0.7041215236281388, 0.2700430797954001, -0.08143297185075069, -0.6824577445346092, 0.1891706606937088, -0.10916028281111359], [-0.5526946335126898, -0.4914434496432952, -0.5961931899345382, 0.3708054639572182, 0.5981991693987041, -0.3148843297651539, 0.024604027680330477, -0.06181495067133293, 0.014381447509964135, 0.15760155647427118, 0.6559153060857901, -0.052722116541682004]], "inverted": false, "swapped": false, "error_lsq": 0.05109884979206599, "error_max": 0.27591088877145065, "target": "437.xyz", "model": "11.xyz", "model_rescale": 3.6694154284099745, "target_rescale": 3.8425286076937875},
{"mapping": [7, 10, 9, 0, 4, 5, 11, 6, 8, 2, 3, 13], "R": [[0.10197624828632629, 0.9596867060259926, 0.26192035251661117], [0.8475813719271672, -0.22165537858860063, 0.4821563139738039], [0.5207750596442832, 0.17283031973506405, -0.8360161588347256]], "T": [-0.055247623687342484, -0.1603253406410131, -0.02900848829530363], "aligned_model": [[-0.17994973007962617, 0.3390893884906409, 0.3710181168082492, -0.5919793958752477, -0.19264278520475728, -0.711922381973863, -0.022939503071512032, -0.541193834840803, 0.6057435904465843, 0.4888480204926524, 0.38884268422018287, -0.11627430646995192], [-0.15052867038117226, -0.4242485728774834, 0.2695755821016368, -0.3796267540626511, 0.18765452212072922, -0.4627625422865752, 0.5767053965706154, 0.12405130696356578, 0.19130918381327397, -0.4344653519928866, 0.032605813133327416, -0.19617129243803344], [-0.7614828758220565, -0.4513491512924125, -0.5564257633203563, 0.3887997921644795, 0.6095142086029466, -0.3781227867232301, -0.05676685018196094, -0.08230985428575115, 0.08072586075117498, 0.20576961450107767, 0.6828975932415955, 0.07050451340207939]], "inverted": false, "swapped": false, "error_lsq": 0.03925070514123089, "error_max": 0.21695651874909377, "target": "437.xyz", "model": "12.xyz", "model_rescale": 3.9764082729961374, "target_rescale": 3.8425286076937875},
{"mapping": [6, 4, 5, 11, 10, 14, 12, 13, 9, 7, 1, 15], "R": [[-0.09115219274540598, -0.10964840495113447, -0.989782049266088], [0.5725281618817554, -0.8190038043836322, 0.03800358216584021], [-0.8148022960264674, -0.5632139874832739, 0.13743079237633693]], "T": [0.05664513998687221, -0.09992439979108705, 0.03231172915707439], "aligned_model": [[-0.2542108470831061, 0.398469309985885, 0.48567318921067176, -0.6285472050570771, -0.3074177176133544, -0.6231615219556487, -0.06331053343591475, -0.4626169164213912, 0.5203343866052593, 0.48771236690340736, 0.23286970012620492, 0.050845651677612694], [-0.13897643656592773, -0.46555467655226657, 0.23884668032033893, -0.2983973122471989, 0.17403666773788776, -0.4342622758299344, 0.5162927488580809, 0.17379423506063527, 0.2818675402192836, -0.7180377657157351, 0.2016401119238104, -0.19715089654462692], [-0.6644682213479022, -0.48279453104489334, -0.6032927029342045, 0.3811163335758987, 0.6945431601180391, -0.22242171309083467, 0.14676956887390202, -0.1406783627455254, 0.005361337115171304, 0.08844203885496077, 0.5627137728360648, -0.013536379173090848]], "inverted": false, "swapped": false, "error_lsq": 0.046776492189193275, "error_max": 0.2609822747785906, "target": "437.xyz", "model": "13.xyz", "model_rescale": 4.170626492500431, "target_rescale": 3.8425286076937875},
{"mapping": [0, 7, 1, 5, 6, 4, 3, 2, 9, 10, 11, 13], "R": [[-0.10264627153974187, 0.6292046200692237, -0.7704318847390297], [0.7855806343974349, 0.5263899631475315, 0.3252332602260481], [0.6101858813498666, -0.5718523872303799, -0.548322931692814]], "T": [-0.06382948886450471, -0.13246950285553932, -0.0822613925929573], "aligned_model": [[-0.11079277123196926, 0.3786966728951968, 0.4401677963813472, -0.3357909290790506, -0.49716603204405097, -0.6522537741130315, -0.006192656872603841, -0.5884872133916093, 0.7058202787166774, 0.3649480075192747, 0.20521589159103779, -0.06752540742866972], [-0.013548112591892342, -0.4563387020178355, 0.2638744345682247, -0.35551522171427363, 0.22092771506976228, -0.5238235976162755, 0.5357685722210892, 0.19462145421766502, 0.04498534252781039, -0.4886345421045449, 0.03061863711481505, -0.11883735901019785], [-0.6649367392268419, -0.6795127139652982, -0.5061867275607851, 0.7564920936540135, 0.5460849400437069, -0.14277555322322355, 0.0777682141856101, -0.30737901769441484, 0.09789257371387232, 0.005057725510935598, 0.5507287281733056, 0.018520777426706325]], "inverted": true, "swapped": false, "error_lsq": 0.05052602392652051, "error_max": 0.3523862759536031, "target": "437.xyz", "model": "14.xyz", "model_rescale": 3.9786697098870705, "target_rescale": 3.8425286076937875},
{"mapping": [7, 10, 6, 2, 3, 5, 9, 8, 1, 4, 0, 11], "R": [[0.9340177191911978, 0.1488597861114078, 0.3247332202219836], [0.02769325678616083, 0.8761309533121493, -0.48127708877207204], [-0.3561516303001422, 0.45851424920847456, 0.814199422443507]], "T": [0.014988823918678227, -0.03966738377879438, -0.0575433206704801], "aligned_model": [[-0.12396447115439699, 0.4383562901924289, 0.3986588512064876, -0.4099642395186739, -0.4510931006853626, -0.5634822465502808, -0.08005093644940235, -0.5052423520624694, 0.69067910965181, 0.1080032964594334, 0.27951732218922937, 0.05522233966374526], [-0.02565725947915172, -0.5495892968896432, 0.5265189416561601, -0.4079994093316565, 0.4219822574846925, -0.5663446254965335, 0.5631136121172328, -0.027538087859156506, -0.06188816538897218, -0.6259931538672208, 0.03814829189759654, 0.04934551582099943], [-0.7035864334703459, -0.5605946297108242, -0.4570255428723594, 0.6039654314215606, 0.5865036345908153, -0.23821399182946704, 0.06508124042963628, -0.019589009456062595, -0.11771778471340694, 0.09240710220096995, 0.5810292909411496, -0.08050500649407943]], "inverted": true, "swapped": false, "error_lsq": 0.06175270345045936, "error_max": 0.3664638059955907, "target": "437.xyz", "model": "15.xyz", "model_rescale": 3.769337070930944, "target_rescale": 3.8425286076937875},
{"mapping": [6, 8, 7, 0, 4, 10, 3, 9, 5, 1, 11], "R": [[-0.2574248765498108, -0.4309927379978891, 0.8648570360044475], [-0.9561459023100265, -0.01578825920959448, -0.2924649455351472], [0.13970485470827632, -0.9022172635591796, -0.408027649684094]], "T": [-0.08150285849225483, 0.006087373752270087, -0.07982335147762722], "aligned_model": [[-0.3089417889398606, -0.2814893958511715, -0.15927120785504145, -0.5923284005436167, 0.49158202809552176, 0.3413345570919012, 0.627181471405752, 0.20515707621980497, 0.014829425200391239, -0.42616839306555754, 0.01074075893304749], [0.017178883800181323, -0.5939869030462049, 0.5488914637689682, 0.41003342502897033, 0.16739745338459522, -0.490476483806639, 0.31424962275212365, -0.460465288764193, 0.6992913356490146, -0.0808257425288364, 0.06477673138736215], [-0.6062088159700562, -0.1389724397512726, -0.2528934876608993, 0.19115106705831691, -0.6239953620068528, -0.410445031075319, 0.10616998458532544, 0.3472873456014679, 0.42571239577399367, 0.7211855002858926, -0.01477354961681944]], "inverted": false, "swapped": true, "error_lsq": 0.046239070410517585, "error_max": 0.2604755087233544, "target": "437.xyz", "model": "16.xyz", "model_rescale": 3.7852294659196426, "target_rescale": 3.8425286076937875},
{"mapping": [2, 1, 7, 0, 9, 3, 11, 8, 6, 4, 10, 12], "R": [[-0.7459686845839143, 0.5048521985128276, 0.43434430959425463], [0.6658380105371564, 0.5788811227422663, 0.47069776869725577], [-0.013800918232744597, 0.6403287463400484, -0.7679769731355982]], "T": [-0.01362924636187113, -0.11632045026671152, -0.06756378829704274], "aligned_model": [[-0.1702703741547176, 0.15607437342586178, 0.44308402022039123, -0.3630533032455097, -0.39600982282670816, -0.5601125715976948, -0.05908169880037542, -0.5892121257412173, 0.7463999713196464, 0.2778032941682556, 0.3620910004923913, -0.011072900317774805], [0.038514354135824255, -0.5546295416436069, 0.2213382156806744, -0.49943302285169255, 0.26741842560234774, -0.6142985111132654, 0.6114302084199766, 0.17815422122596225, 0.3131120255080375, -0.6779921484686234, 0.105352370654421, -0.05486797648570847], [-0.6381571298807689, -0.5708926828524525, -0.47844895791844994, 0.37614190350442483, 0.606076587126678, -0.36059825268179585, -0.14658990917925996, 0.01114407704774073, 0.09161087338745677, 0.2508363732116018, 0.6098950900474511, 0.0007363292249599057]], "inverted": false, "swapped": false, "error_lsq": 0.04095786015451003, "error_max": 0.23783574660424203, "target": "437.xyz", "model": "17.xyz", "model_rescale": 3.901054581598922, "target_rescale": 3.8425286076937875},
{"mapping": [2, 0, 3, 4, 10, 8, 9, 5, 12, 7, 11, 14], "R": [[0.9052048638957059, 0.3077710066871255, -0.2930548785165505], [-0.06405344694864074, 0.7805103436682611, 0.6218526830052683], [0.4201205902042346, -0.5441328981688632, 0.7262355532585824]], "T": [-0.030141722913070546, -0.11673923044244541, 0.01218733830812799], "aligned_model": [[-0.23446311219286717, 0.266553607372393, 0.46402296811657096, -0.5710715411644962, -0.45498830029846843, -0.6000610381763802, -0.11464943749687359, -0.4650755511097077, 0.6177208349742143, 0.5653926489383778, 0.3617478984996613, 0.0015108854801246033], [-0.040393562687664614, -0.5920960523567264, -0.006459519415397547, -0.5413809705528604, 0.127642448906217, -0.3646293333844637, 0.5140518026253528, 0.2771480537243842, 0.24688221522889645, -0.39990868628163, 0.18760869354572243, -0.07436646868748348], [-0.7854104368178804, -0.49919538661112417, -0.5596916112853544, 0.40288964722411913, 0.6696344682064199, -0.2205372265600198, 0.18292321652760585, -0.2017552228093774, 0.01754031998555562, 0.08169197858836535, 0.6371080170504416, 0.026556537538835193]], "inverted": false, "swapped": false, "error_lsq": 0.0445387931674786, "error_max": 0.2636580448319244, "target": "437.xyz", "model": "18.xyz", "model_rescale": 3.9405287249114394, "target_rescale": 3.8425286076937875},
{"mapping": [11, 10, 5, 12, 4, 14, 7, 13, 6, 1, 0, 15], "R": [[-0.30941302100105983, 0.34511004829821645, 0.8860940339482039], [0.3511502026385602, -0.8244948797843243, 0.4437361022007687], [0.8837177816599008, 0.4484498274869058, 0.13392398816145146]], "T": [-0.035316061514514635, -0.0572320608446222, 0.010582442917692666], "aligned_model": [[-0.19812458419970244, 0.08030875368342738, 0.5343666405366213, -0.3443350018818524, -0.24302145015297014, -0.5390908745348364, -0.2236173242819087, -0.6450424281388404, 0.7045289100264241, 0.38871874358040204, 0.33292253857587195, -0.010974060270087835], [-0.014653816796880416, -0.5752277655848536, 0.3012862748473162, -0.36601552535571175, 0.23449115449644423, -0.5375760487600038, 0.6146011453068442, 0.08206173045300436, 0.0206024644851548, -0.4532410223428176, 0.10239425485002199, -0.0746242249341715], [-0.6900556091282221, -0.5692583877657278, -0.47746352286346905, 0.34118663035059454, 0.64809406302959, -0.3288576152900466, 0.10443512798204772, -0.23469463086010384, 0.0802578355932704, 0.32505153593110064, 0.5687885255584835, -0.015729651499931253]], "inverted": true, "swapped": false, "error_lsq": 0.04195327534147649, "error_max": 0.2213402958318216, "target": "437.xyz", "model": "19.xyz", "model_rescale": 4.410303926677745, "target_rescale": 3.8425286076937875},
{"mapping": [6, 4, 11, 1, 5, 0, 10, 3, 9, 12, 8, 13], "R": [[0.570422317083626, 0.426030363666753, 0.7022225497710263], [-0.7333991451279125, -0.12072856475635642, 0.6689920086051235], [0.36978922928959734, -0.8966173893505771, 0.24358403686522892]], "T": [-0.06025666269371652, -0.18706006676404283, -0.038576169741973726], "aligned_model": [[-0.1535467656159672, 0.22276994750730086, 0.5137038884276067, -0.4095426078175315, -0.3532124251962542, -0.7014356551563079, 0.06094981382927714, -0.6693277659300426, 0.5038556963919332, 0.6553970627958676, 0.2017466900275163, -0.034718016320849907], [-0.04857387036064331, -0.481165534329425, 0.13820338169864702, -0.5733607536723034, 0.3890156924950693, -0.4535958744930235, 0.6165709325908054, 0.14524847793724202, 0.14961367451230748, -0.41520089968470897, 0.011032460910459202, -0.14368906694007966], [-0.5941158652462765, -0.6117177812832327, -0.5404788488983479, 0.501693206593169, 0.49188058040734306, -0.21466573600204322, 0.08233793171869425, -0.2496830574159803, 0.1670564275047235, 0.04183802574435169, 0.6565289842093119, 0.021080433705873036]], "inverted": false, "swapped": false, "error_lsq": 0.04738591111630868, "error_max": 0.29271832552333726, "target": "437.xyz", "model": "20.xyz", "model_rescale": 4.121658175737393, "target_rescale": 3.8425286076937875},
{"mapping": [11, 10, 4, 8, 5, 9, 3, 7, 2, 6, 1, 12], "R": [[-0.16583359623140703, -0.8012568915501719, -0.5748796501045367], [-0.7038104140730879, 0.5044972733785974, -0.5001333844044299], [0.6907605369469417, 0.32166736685109454, -0.6475955417541539]], "T": [-0.020087630939449763, -0.0710367437105051, 0.0399604248531744], "aligned_model": [[-0.3168508516343842, 0.2773217650379677, 0.2988625982309969, -0.3050090685652884, -0.4504978419471527, -0.4755500388522429, 0.007147761009793474, -0.5488729623929243, 0.7140589844035352, 0.3495921193732614, 0.3599744599094429, -0.07353706163045635], [0.12807806447491443, -0.5910332751491272, 0.10793338692540753, -0.5448585713728586, 0.08535938909802364, -0.5233420355545139, 0.6187219387919456, 0.31360150689722444, 0.11870953497008295, -0.560009400748085, 0.16477140817407027, 0.01616667415726332], [-0.7643118469211494, -0.45986384440867617, -0.40204867638706165, 0.4246885791107268, 0.5441338373707187, -0.2926606705825, -0.03834600071864071, -0.15817475401783843, 0.004793236787797736, 0.25644849600364233, 0.5713004182639768, 0.06579552653659007]], "inverted": true, "swapped": false, "error_lsq": 0.045582644939634154, "error_max": 0.267602310181028, "target": "437.xyz", "model": "21.xyz", "model_rescale": 4.08911054899281, "target_rescale": 3.8425286076937875},
{"mapping": [13, 12, 7, 15, 1, 3, 0, 4, 6, 5, 8, 16], "R": [[-0.06954987829949977, 0.7481449698057792, -0.6598802304834076], [-0.3562942921931973, -0.6364823261012728, -0.684064781955088], [-0.9317817296873093, 0.18753493731841933, 0.3108270507949772]], "T": [0.0015581983437277288, -0.18113735299385558, 0.05431157592581075], "aligned_model": [[-0.15929931701830022, 0.12944026002502135, 0.3667557138890577, -0.45978822999464053, -0.27723090595206035, -0.6457563494833904, -0.049270798047589985, -0.510268559468398, 0.5329422973636206, 0.5779731665840642, 0.34165390649147104, -0.01051132144630682], [-0.06827052147522822, -0.5559694299805755, 0.11456780162392072, -0.569018066408, 0.22526933795292542, -0.3663939789646853, 0.5809421516121422, 0.20071031156815522, 0.3405049705530139, -0.49249445694429334, 0.0707360021719674, -0.14648550104499541], [-0.5766526894036446, -0.5686784708614946, -0.47952868499633944, 0.46445184841187, 0.6764921109360917, -0.4942708536139582, -0.07503539916291342, -0.22589891089405256, 0.08724110894419294, 0.31609696924685954, 0.6035444412180012, 0.02399283121297298]], "inverted": false, "swapped": false, "error_lsq": 0.04144404895980724, "error_max": 0.22239244243995632, "target": "437.xyz", "model": "22.xyz", "model_rescale": 4.204369325754507, "target_rescale": 3.8425286076937875},
{"mapping": [11, 10, 5, 12, 4, 14, 7, 13, 6, 1, 0, 15], "R": [[-0.30941302100105983, 0.34511004829821645, 0.8860940339482039], [0.3511502026385602, -0.8244948797843243, 0.4437361022007687], [0.8837177816599008, 0.4484498274869058, 0.13392398816145146]], "T": [-0.035316061514514635, -0.0572320608446222, 0.010582442917692666], "aligned_model": [[-0.19812458419970244, 0.08030875368342738, 0.5343666405366213, -0.3443350018818524, -0.24302145015297014, -0.5390908745348364, -0.2236173242819087, -0.6450424281388404, 0.7045289100264241, 0.38871874358040204, 0.33292253857587195, -0.010974060270087835], [-0.014653816796880416, -0.5752277655848536, 0.3012862748473162, -0.36601552535571175, 0.23449115449644423, -0.5375760487600038, 0.6146011453068442, 0.08206173045300436, 0.0206024644851548, -0.4532410223428176, 0.10239425485002199, -0.0746242249341715], [-0.6900556091282221, -0.5692583877657278, -0.47746352286346905, 0.34118663035059454, 0.64809406302959, -0.3288576152900466, 0.10443512798204772, -0.23469463086010384, 0.0802578355932704, 0.32505153593110064, 0.5687885255584835, -0.015729651499931253]], "inverted": true, "swapped": false, "error_lsq": 0.04195327534147649, "error_max": 0.2213402958318216, "target": "437.xyz", "model": "23.xyz", "model_rescale": 4.410303926677745, "target_rescale": 3.8425286076937875},
{"mapping": [6, 14, 13, 8, 3, 15, 0, 5, 7, 11, 1, 16], "R": [[-0.7244180217485292, -0.5972767744290881, 0.3442077635579009], [0.5500973966679492, -0.19992634846292462, 0.8108158295010195], [-0.4154652620196935, 0.7767173938556196, 0.4733906485525902]], "T": [-0.034101473077253565, -0.10528996029153276, 0.0028036744323901262], "aligned_model": [[-0.16380613830260918, 0.18200115728040836, 0.3435187005339512, -0.6283450277560352, -0.2701800485815459, -0.43784651302969685, -0.034788207337991796, -0.5543015112711568, 0.5301071288865847, 0.46361792468375634, 0.44998438791630707, -0.04332199007942327], [-0.02928905667376608, -0.5484270200056047, 0.04630578007371136, -0.5703989845159625, 0.310810997782573, -0.5243974594955425, 0.6354262739434389, 0.15170968022232129, 0.24602524563254025, -0.4715345699868005, 0.1308950512816448, -0.04302731759420658], [-0.7423799621484588, -0.46096263468794946, -0.5704400432079291, 0.32877125036928984, 0.7646290373022128, -0.4102980535469421, 0.15019702510664948, -0.239982524653851, 0.01611443094113679, 0.1401418467383496, 0.6707953428419882, 0.10516858598309023]], "inverted": true, "swapped": false, "error_lsq": 0.04551104903146074, "error_max": 0.24491326511415737, "target": "437.xyz", "model": "24.xyz", "model_rescale": 4.28219845311461, "target_rescale": 3.8425286076937875},
{"mapping": [9, 5, 3, 14, 2, 12, 4, 13, 1, 8, 0, 15], "R": [[0.675158301310729, 0.4259761509477241, 0.6022504354460634], [-0.6893180787874726, 0.07359661257121491, 0.7207108469246112], [0.2626820405508509, -0.9017360242564364, 0.34332242590637296]], "T": [-0.07216142128018845, -0.08423024703559168, -0.033903189362231016], "aligned_model": [[-0.1702738734651948, 0.47576237052930903, 0.39923911821882374, -0.522641782611902, -0.3563987704694686, -0.7327428588747325, 0.08837009107734627, -0.6130933649835419, 0.5611220132741301, 0.43559615491005244, 0.3121077209188848, -0.04040695558115806], [-0.12662004279046196, -0.5644690725659409, 0.33954868628722235, -0.5170236306619425, 0.12812072463463817, -0.401199699165669, 0.6204671296521469, 0.16114244918003312, -0.0006945720622157647, -0.5267016677757868, 0.2688204208888986, -0.04729210495657543], [-0.7013241478441885, -0.4748463486656437, -0.47914277867526894, 0.40187422634254377, 0.5516702206765784, -0.25203716414586796, 0.0769111321640685, -0.043969428490686, -0.0769297087717743, 0.13446350145988237, 0.5931906028789823, 0.021894194108960006]], "inverted": true, "swapped": false, "error_lsq": 0.04229991111430884, "error_max": 0.22909234564975417, "target": "437.xyz", "model": "25.xyz", "model_rescale": 4.100010024507729, "target_rescale": 3.8425286076937875},
{"mapping": [10, 4, 0, 7, 3, 9, 1, 8, 6, 5, 2, 11], "R": [[-0.39589039257096825, 0.1115387043343521, 0.9114987188720666], [-0.13604740211995375, -0.9887663722349631, 0.06190448702414058], [0.9081640278311051, -0.0994996410683193, 0.40661765822558593]], "T": [0.00915664895621283, 0.00024148060307732644, 0.008895972921264001], "aligned_model": [[-0.30467645690843137, 0.4403257861050542, 0.23361899475057946, -0.3924303813979337, -0.4798314945545362, -0.445371470395177, 0.06791629331290913, -0.5377116087738928, 0.6524150196968355, 0.28482780765456484, 0.3148182818221831, 0.0027390916303932696], [-0.033331350123380676, -0.5738606162667501, 0.39688141334914717, -0.40756438503005227, 0.26798009302035275, -0.6062907992057438, 0.7041215236281388, 0.2700430797954001, -0.08143297185075069, -0.6824577445346092, 0.1891706606937088, -0.10916028281111359], [-0.5526946335126898, -0.4914434496432952, -0.5961931899345382, 0.3708054639572182, 0.5981991693987041, -0.3148843297651539, 0.024604027680330477, -0.06181495067133293, 0.014381447509964135, 0.15760155647427118, 0.6559153060857901, -0.052722116541682004]], "inverted": false, "swapped": false, "error_lsq": 0.05109884979206599, "error_max": 0.27591088877145065, "target": "437.xyz", "model": "26.xyz", "model_rescale": 3.6694154284099745, "target_rescale": 3.8425286076937875},
{"mapping": [8, 5, 7, 2, 11, 4, 9, 10, 3, 6, 12, 13], "R": [[0.7174285014098536, -0.19865952741852227, -0.6677055769803492], [0.6546846596650701, 0.5198448119909991, 0.5487707789644726], [0.2380847365205148, -0.8308403959918488, 0.5030108295296085]], "T": [-0.0004661059487235889, -0.13005483123102687, -0.09998032310555631], "aligned_model": [[-0.27691243397762455, 0.24543239628963062, 0.47278172022840254, -0.2835166822402352, -0.3766705822758838, -0.7105112263511165, 0.020637263782385513, -0.5526620719983594, 0.6950730054767152, 0.41955814528695456, 0.20819614113539006, -0.024765812413709995], [0.11426814595629492, -0.5823977873289474, 0.07185313386355402, -0.4734693468154465, 0.1947917430230414, -0.46019160522933433, 0.5492984174753723, 0.10657864091382915, 0.24811645730947987, -0.4084484958400866, 0.13421693581977087, -0.1605176184831808], [-0.6217474195841575, -0.7007284203865038, -0.4624692103399564, 0.41390535284800084, 0.5993910835390069, -0.34973261545873535, -0.046153315679859905, -0.06875637665710714, 0.06139824218322747, 0.36613879008745326, 0.6185969609350028, -0.058088770448784875]], "inverted": false, "swapped": false, "error_lsq": 0.03971675434076676, "error_max": 0.2040033113939121, "target": "437.xyz", "model": "27.xyz", "model_rescale": 4.103607728864725, "target_rescale": 3.8425286076937875},
{"mapping": [13, 4, 12, 7, 6, 8, 10, 11, 3, 0, 9, 14], "R": [[-0.3040514048133365, -0.3959925276080717, -0.8664540733989352], [-0.37692297176773837, -0.7852922183424518, 0.49116718657150543], [-0.874918177079899, 0.4759265173210691, 0.0895105218721512]], "T": [-0.004625737266291553, 0.004446284658004104, 0.017684809800312697], "aligned_model": [[-0.23288625940461477, 0.01217717266890701, 0.4876120127731753, -0.46308169242577857, -0.39629966709787956, -0.5226296705575378, 0.07619889965696587, -0.6591247409463199, 0.7409991580980217, 0.5197379334382536, 0.19341428206659306, 0.08052243467276264], [0.036316094566976695, -0.5998537662429879, 0.2316030248817607, -0.49784112350012877, 0.17652316155490927, -0.5541299192361783, 0.49423526970901543, 0.18988709459910275, 0.08582626386390323, -0.3522899078903503, 0.24897713188396142, -0.12515470352563723], [-0.5879173551588354, -0.6577027810194221, -0.648194631188622, 0.2576988559475562, 0.48485538248180887, -0.28553874855982314, 0.1332244328509188, -0.07877240169539204, -0.013164290092764468, 0.3455167343485569, 0.7734021786298095, 0.02834692449379486]], "inverted": false, "swapped": false, "error_lsq": 0.051655638702405915, "error_max": 0.27903996393749286, "target": "437.xyz", "model": "28.xyz", "model_rescale": 4.137296879288765, "target_rescale": 3.8425286076937875},
{"mapping": [5, 1, 2, 8, 6, 0, 7, 9, 10, 3, 11], "R": [[0.8620961044360719, 0.08749450621012794, 0.4991342686083532], [0.35441490902050055, -0.8081054577488319, -0.47048447521734604], [0.36218831977320876, 0.5825034596803671, -0.7276739245570526]], "T": [-0.011971511039501496, 0.10550981042785741, 0.0021312393976234724], "aligned_model": [[0.7269848164804229, 0.09276951478071249, -0.16304840422049777, -0.5702187828030707, -0.04742363795423249, 0.5123493159582572, 0.5007587746573453, -0.4453555128574061, -0.6208189523629721, 0.1956894215805654, 0.039732457450774784], [-0.2400347599128999, -0.7399582725991797, -0.11003921172705138, 0.01982817796567067, 0.5844135035613087, -0.15788767154632338, 0.36415903236011726, -0.35402705976033816, 0.39615450090344423, 0.08927881408935408, 0.0672607633138492], [0.28483343137060047, -0.20323779234918585, -0.7152858274685637, -0.2887312863267676, -0.31144099360071903, -0.3893425389337566, -0.026949724531224167, 0.2907018971846712, 0.28410339540577373, 0.7692065056086287, 0.11189695542354168]], "inverted": true, "swapped": true, "error_lsq": 0.04892776187949069, "error_max": 0.24816529886172448, "target": "437.xyz", "model": "29.xyz", "model_rescale": 3.607286011436655, "target_rescale": 3.8425286076937875},
