[{"mapping": [8, 2, 13, 10, 14, 6, 3, 5, 12, 11, 7, 16], "R": [[-0.527853272729131, 0.567758702675657, -0.6316810730148567], [-0.24884765353986693, -0.814480550188422, -0.524114757178681], [-0.8120626624816881, -0.11946333705710807, 0.571211644928858]], "T": [0.07080763882197007, -0.08629915830696855, -0.06493196428792415], "aligned_model": [[-0.30258046671174005, 0.16814047974016244, 0.5295362096997975, -0.12174330689681827, -0.26594222019134584, -0.6425774110570804, 0.45249296427934393, -0.24269042852448985, 0.7410211189509133, 0.026125931116203385, -0.523646956347375, 0.019506548402977594], [-0.2813129382453109, -0.7197571622798027, -0.1908344198571229, 0.6183525094658638, 0.3219196291464479, -0.35027184065656725, -0.26415151046675617, -0.48293427328487404, 0.1696113407177695, 0.21099027507412077, 0.10027646107323185, -0.07833303470994267], [-0.5313119256260658, 0.19459766230366632, -0.6396493661407375, -0.0786410853249344, -0.729944398119491, 0.09268376077552658, 0.5103153929426373, 0.48716827951667907, 0.05649534457429427, 0.4988657287814676, 0.3270345434230494, -0.005662191752529522]], "inverted": true, "swapped": true, "error_lsq": 0.046239902710652314, "error_max": 0.23252017366421854, "target": "438.xyz", "model": "0.xyz", "model_rescale": 3.751011558992144, "target_rescale": 4.048431794590932},
{"mapping": [11, 7, 12, 3, 14, 13, 6, 5, 15, 0, 8, 1, 2, 4, 16], "R": [[0.03395079439468074, -0.15218653672250704, -0.987768495954583], [0.46719052956631013, -0.8712883866114778, 0.15029822500455153], [-0.8835045855248974, -0.4665788308489543, 0.04151917581193143]], "T": [-0.03957700657452207, -0.028071897447535937, -0.08254293417736154], "aligned_model": [[0.1187971329661815, 0.37601482791918905, -0.4802312061330481, 0.204676198057358, -0.5045404616812053, -0.5414189236566616, 0.5886784915175851, 0.6911708054781289, -0.7831403560900727, -0.03593434104413605, 0.010408199239488325, 0.5562309443552775, 0.4598269550411391, -0.13748632560883361, 0.016034270728643787], [-0.11161475325134722, -0.5469296941645507, 0.42368979916491, 0.4916102725495397, -0.6457335123524157, 0.3004465831559161, -0.45892165725066536, 0.01848057662376508, -0.11002861277514349, 0.3482565147969101, -0.3283084989933892, 0.1241698739486092, 0.4284751293816037, 0.6790076378985842, -0.06384230890522], [-0.6958809519806004, -0.39860382153976315, -0.44469777631044627, -0.505030192036345, 0.2704268917488232, 0.3555094745601589, 0.06946376567392364, -0.238285138511024, -0.10352845631300478, 0.5387464412244413, 0.46729229782363274, 0.5099939107302756, 0.05979064307438804, 0.08986117666600506, -0.1253918599584885]], "inverted": false, "swapped": true, "error_lsq": 0.04207786682830665, "error_max": 0.3180694278846599, "target": "438.xyz", "model": "1.xyz", "model_rescale": 3.9405287249114394, "target_rescale": 4.048431794590932},
{"mapping": [14, 10, 15, 5, 11, 13, 8, 7, 3, 4, 2, 0, 16], "R": [[-0.3069559775610666, -0.5850998675990702, 0.7506238557194145], [0.6431403655968679, -0.7088881649645161, -0.2895652598520207], [0.7015329628602331, 0.3938727135875136, 0.5938988024164986]], "T": [-0.013395460002032948, -0.03016023783346614, -0.010073372744829657], "aligned_model": [[-0.22868202189596248, 0.2128253597969202, -0.45489594045815923, 0.5382580105474988, 0.48450050905971637, -0.7554893578217283, -0.15274236414917639, 0.692552282113674, 0.14254925241966102, -0.5163190637783815, 0.016948722883135876, -0.5487815744080333, 0.06525946497476612], [0.7914092821066943, 0.4867666658220428, 0.34541334719002353, -0.41353293727280394, -0.1759572395313942, 0.0004448584405204979, 0.3488211050092084, 0.1719974402350812, -0.6916227973668755, -0.564850022510212, -0.6015661314785035, -0.20580511012196587, -0.032685866949798734], [0.02090731961663465, -0.4741945816530836, -0.4834290086666956, 0.3202582085910398, -0.3830185955348216, -0.005647365486264922, 0.4715020648964913, 0.04086314884685972, -0.2254177430966962, 0.011035024202470111, 0.3780926833058912, 0.44834501497729906, -0.006175820410479999]], "inverted": true, "swapped": true, "error_lsq": 0.041973722464879834, "error_max": 0.21297025089684946, "target": "438.xyz", "model": "2.xyz", "model_rescale": 3.932901565614263, "target_rescale": 4.048431794590932},
{"mapping": [14, 9, 10, 8, 15, 12, 11, 13, 0, 4, 5, 1, 3, 16], "R": [[-0.29637804752289415, -0.34997604173458163, 0.8886376219575175], [0.8694648124958761, 0.2861483607384144, 0.40267860072051204], [-0.39521006158501126, 0.8919842408128704, 0.2194837610472789]], "T": [0.10404384356739463, -0.11848342595352081, 0.01986417987289883], "aligned_model": [[-0.2617713959790997, 0.3313900119494283, 0.1340749419521538, -0.018206286376242012, -0.48222574957936415, -0.2319231564098124, 0.54466861664744, -0.6157387690435332, -0.2928837700541682, -0.2694675585269348, 0.7718951447500311, 0.28183546761271916, 0.3471772437075926, 0.18098517140249282], [0.13670566488908031, 0.061336266521450064, -0.47082749464155516, 0.4539605907945865, -0.4254228533680117, -0.7186498625676823, -0.5778892817501297, -0.008893744849626753, 0.3510202869886827, -0.15995467221695475, 0.03447763474426212, 0.6181369522680187, -0.5047760640831229, -0.12572678437850857], [-0.7035598462393653, -0.6778793130592585, -0.6194710764535518, -0.2088760078417144, -0.32959240129188555, 0.25724005708736153, -0.035284436808436764, 0.16670663632863728, 0.4067124239427543, 0.6507684909483783, 0.32151411819789305, 0.4136218981847842, 0.5674852316068095, 0.004510588454691298]], "inverted": true, "swapped": true, "error_lsq": 0.04256736007337212, "error_max": 0.2308790920176587, "target": "438.xyz", "model": "3.xyz", "model_rescale": 3.9243930471874484, "target_rescale": 4.048431794590932},
{"mapping": [6, 8, 5, 11, 3, 9, 10, 2, 4, 13, 12, 15, 16], "R": [[-0.8050781557214187, 0.3285828868944207, 0.49384456018096184], [0.13372550447267445, 0.9116607841707348, -0.3885770246151072], [-0.5778984795219035, -0.24679526139156166, -0.7778980950747616]], "T": [-0.02516405900656827, -0.05850193417906642, -0.10624587056517272], "aligned_model": [[-0.01146546817229633, -0.4915829774098216, 0.5052891821118936, 0.3700072958136683, 0.6629488175905797, -0.472631742309337, -0.3249342613361169, 0.44326987737081996, 0.2356681650038563, -0.36895128614119477, 0.2010265688899045, -0.48145014117832424, 0.010011856077721162], [-0.4707363674760336, -0.0005293286746130971, -0.29128443182202185, -0.5073048059480304, 0.0547625629770869, -0.6498849138322845, -0.5889787984283035, 0.25727658444158846, 0.6211901611466691, 0.5715319050371926, 0.2058209736534865, 0.05059723982150559, -0.12463122721465539], [-0.7645145420197227, -0.5234411361473987, -0.5804260047448225, 0.11883385649923982, 0.04172876099097565, -0.25083573115396673, 0.2969041038654846, -0.5049336258636689, -0.0100373056438188, 0.0848753436966856, 0.5328097483303218, 0.4768014101232149, -0.1306945625615601]], "inverted": true, "swapped": true, "error_lsq": 0.04026070624197396, "error_max": 0.2535333527301512, "target": "438.xyz", "model": "4.xyz", "model_rescale": 3.8936222436046832, "target_rescale": 4.048431794590932},
{"mapping": [0, 8, 2, 4, 5, 7, 10, 11, 12, 15, 3, 16], "R": [[0.46941761527059267, -0.35348129782697857, 0.8091341511518501], [0.8389329911659265, -0.1072554172867437, -0.533561347734296], [0.2753879786901775, 0.9292724291343211, 0.24619954029960522]], "T": [-0.1186271123629036, -0.13476581129233167, -0.006168029575645533], "aligned_model": [[-0.011413489481806496, -0.46879651834506464, -0.21746416474490465, 0.3743485989684546, -0.5878300736837015, -0.6901559618440692, -0.1234388364186878, -0.15576254344419482, 0.5742837923848124, 0.37516143171162364, 0.13175873947396463, -0.17314293236132874], [-0.42336761909810144, -0.620041265877589, 0.234277642568253, -0.027224416552040123, 0.4130609181144608, 0.11809563639786497, -0.2917067840886861, 0.35944825832535965, 0.05463260584451268, -0.5782048893797673, 0.5168473658469713, -0.08689454699143151], [-0.664082208220327, -0.19812750537413829, -0.5824808942909075, -0.539722785856005, -0.20654164936591388, 0.3827282716602304, 0.7073753523999611, 0.3970920776309157, 0.10969223739677314, 0.33963308065262554, -0.15084650557454804, 0.02456524821685205]], "inverted": false, "swapped": true, "error_lsq": 0.04184954056892668, "error_max": 0.2311801764200102, "target": "438.xyz", "model": "5.xyz", "model_rescale": 3.6523030999806103, "target_rescale": 4.048431794590932},
{"mapping": [7, 10, 14, 6, 8, 11, 15, 5, 12, 4, 13, 1, 16], "R": [[-0.7618327511834625, -0.06971561535515314, -0.6440113292480878], [-0.6371117675546273, -0.09899658842973585, 0.7643875137145373], [-0.11704467039406463, 0.9926426388458869, 0.031002204396122446]], "T": [0.018816028577022345, -0.05915440529221654, -0.024463624794729147], "aligned_model": [[0.26566142464030135, -0.24093472768327073, 0.21185750434306, 0.6809609745139252, 0.5408028576747783, -0.26648413915510893, -0.42496858724584524, 0.34854577192070163, -0.6777117378029703, -0.2020892005738935, -0.12415588216117247, 0.7313226511876251, 0.03827599500616441], [-0.5281315705940693, 0.028813390916926425, 0.5807638735352173, -0.398644596035582, 0.28409725727855745, -0.5647474587851, 0.5016071393571824, -0.7199889155634784, 0.000773301260075028, 0.05765155645233188, 0.5720553597601951, -0.14790826988529948, -0.12551416353377284], [0.48637122082564693, 0.6527283650014836, 0.5004403361187075, 0.19859018970819314, 0.04385450199845367, 0.24241608493548011, 0.19609352170193478, -0.1469020920411659, -0.2261530505072371, -0.7149910525841342, -0.3888711986481966, -0.4867640121814635, 0.013296925154086682]], "inverted": false, "swapped": true, "error_lsq": 0.04037987552329027, "error_max": 0.2566693795446469, "target": "438.xyz", "model": "6.xyz", "model_rescale": 4.08911054899281, "target_rescale": 4.048431794590932},
{"mapping": [6, 7, 9, 1, 0, 13, 8, 14, 2, 5, 4, 3, 12, 10, 16], "R": [[-0.04242553778631769, 0.9443145894904121, 0.3262974560414106], [-0.10382640722962899, -0.32899033539697925, 0.9386082443581937], [0.9936901684656687, 0.005942666988620449, 0.1120023830270293]], "T": [0.07311276590991682, 0.01163147573522056, 0.0562257593000283], "aligned_model": [[0.06211305108704872, 0.41370666138961126, 0.6632723605533783, -0.5570466480337802, -0.46925863556011477, -0.12364296592331984, 0.07380191354819883, 0.6431036682383059, -0.5780788783244513, -0.24475139616478997, -0.5093839380397926, -0.28887204067262406, 0.06168863481321295, 0.7974868767140981, 0.09219487617457228], [-0.6617827261676773, -0.6409132716940081, -0.2783526984941696, -0.286896603121335, 0.32770249046076066, 0.7026183231827637, 0.010026448462785116, 0.28716227681876044, -0.21455749832032053, -0.6584628725006688, 0.4149779542627488, -0.12645696409540158, 0.46805248009126826, 0.020722657226676745, -0.06308117994306955], [-0.33085929873548064, 0.053854768645673366, -0.3159142890093631, -0.436769862459892, -0.30924545349183513, -0.13214614222643253, -0.5722297037366512, -0.5107643041430108, 0.1099504490828998, 0.1579659716227244, 0.24930628561458532, 0.6546597585243044, 0.6227681141213272, 0.15107973975199776, 0.072413998521233]], "inverted": false, "swapped": true, "error_lsq": 0.0476554847494063, "error_max": 0.28520609619858844, "target": "438.xyz", "model": "7.xyz", "model_rescale": 3.964800864290218, "target_rescale": 4.048431794590932},
{"mapping": [5, 3, 7, 1, 9, 4, 8, 11, 12, 15, 13, 14, 10, 16], "R": [[0.6652510990036401, 0.7383258384755879, 0.1109771666324632], [-0.7370119094563191, 0.673164439331089, -0.0605234081956008], [-0.11939187825811214, -0.041528229668274436, 0.9919783190910069]], "T": [-0.014064140431383956, -0.05886631939739415, 0.05015725898352691], "aligned_model": [[-0.030003784399642002, 0.16502115502983417, 0.36011979768564295, -0.7306030630036495, 0.21011461703385434, -0.377775915133215, -0.43925622791036195, 0.5496925987466869, 0.2670738727619414, 0.17955039388404354, -0.4241010733832316, -0.053710360639208615, 0.559173850846407, 0.025892027941771405], [-0.204188562929763, -0.7052155388211545, 0.29496014482097777, -0.04405545124820319, 0.6551636814189318, -0.6591740822817094, 0.4039061744527405, -0.1962565979667988, -0.5748312927040007, 0.061475917132997486, -0.1871339719292733, 0.6712592983593719, 0.33838241628527893, -0.043343668408193384], [-0.6840378820774096, -0.19147430422558656, -0.47578730492615956, -0.4141887268349618, -0.053633042319301744, 0.26606283153507737, 0.05371081194584862, -0.21732648126969095, 0.47929878302144036, 0.7629509937189443, 0.6560258400874035, 0.48331928714913536, 0.26784838637773756, -0.01595415345745546]], "inverted": false, "swapped": true, "error_lsq": 0.038808351973517376, "error_max": 0.24662527170996112, "target": "438.xyz", "model": "8.xyz", "model_rescale": 4.121658175737393, "target_rescale": 4.048431794590932},
{"mapping": [13, 0, 8, 14, 4, 12, 5, 11, 7, 3, 15, 10, 16], "R": [[-0.2235511782136837, 0.7155200749986723, -0.6618579099725019], [-0.344213071002598, 0.5773348557590303, 0.7404065275756692], [0.9118893751273969, 0.39333889535563904, 0.11722747515054383]], "T": [0.01366226251503521, -0.06440001502488343, -0.06935924415247227], "aligned_model": [[-0.5995251580452245, -0.39751095241822454, 0.19884367766960664, 0.21704090969685158, -0.6521815039607807, -0.5375262168501307, 0.39327710218736395, 0.26834770299153055, 0.7180004370742096, -0.21584897176586232, -0.3145955648959333, 0.3182611780740954, 0.08015485667769534], [0.19973983883597482, -0.23468570683143167, 0.09596967352880675, 0.6863440408754112, -0.3624591252976005, 0.028400472253651804, -0.7074990307111229, -0.18999382047751134, -0.14371320058000522, -0.5821691258154249, 0.5973376577855873, 0.49676383390481693, -0.09364806805944285], [-0.39476812465274547, -0.6434465209224483, -0.6481067940671156, -0.4118575237494351, -0.15352412354688003, 0.39647357303749653, -0.017096815998527637, 0.5030102373497666, 0.129239912663313, 0.3636123601001009, 0.050614924718139165, 0.28576385406347093, -0.03883952503604642]], "inverted": false, "swapped": true, "error_lsq": 0.03912276037893147, "error_max": 0.2188948393959765, "target": "438.xyz", "model": "9.xyz", "model_rescale": 3.833441315466971, "target_rescale": 4.048431794590932},
{"mapping": [8, 6, 4, 3, 5, 1, 7, 11, 15, 12, 14, 10, 9, 0, 16], "R": [[0.34543966916903207, -0.8430424042879896, -0.41225106371811343], [-0.9291652488772919, -0.245644382616665, -0.2762440543571537], [0.1316182937254176, 0.47847501696661643, -0.8681810196586921]], "T": [-0.08983528983060873, 0.05696519975571384, 0.13831616942599684], "aligned_model": [[0.0941400551127124, -0.08512594582320687, -0.638177004064794, -0.6268828488557222, -0.5174871692741749, -0.5849353512057925, 0.1378941048379974, -0.06326552581231272, 0.3869086910367378, -0.19971933949147855, 0.6546416773431274, 0.5685109265684479, 0.5345382204950577, -0.44980235686035247, -0.08739311571171395], [-0.543587835502653, -0.37130116065556346, 0.10990455230721219, 0.515239882318656, 0.00939706924423455, -0.6168059438979919, 0.09747168872983844, 0.5577360184098649, 0.26215156750727087, 0.6326073433427105, -0.3011886069098462, 0.3531310410675702, -0.15564002292727264, -0.419718255681341, 0.07170420194228894], [0.159492674156681, -0.5097642806912341, 0.6238979554073936, 0.03937728169211481, -0.474273640186139, -0.035387483753683835, -0.5604849594991441, -0.25762313872410886, 0.6774427605574853, 0.5695730556920082, 0.3377264982577165, 0.02578247054015942, -0.23022707484864074, 0.5516361723636092, 0.0609536168578758]], "inverted": true, "swapped": true, "error_lsq": 0.04463095083801039, "error_max": 0.2818858100340292, "target": "438.xyz", "model": "10.xyz", "model_rescale": 4.2482417240324, "target_rescale": 4.048431794590932},
{"mapping": [13, 4, 2, 3, 14, 9, 8, 11, 12, 10, 15, 16], "R": [[-0.6694216983210095, -0.09020755929868236, 0.7373853714730109], [0.33193264174464987, -0.9243257491777609, 0.18826213307882517], [0.6646016183861075, 0.37078903119205947, 0.648706546279765]], "T": [0.07800249622277253, 0.06329739402067446, 0.06290923028736448], "aligned_model": [[-0.5424532024252974, -0.021494030106831513, 0.4080185974201198, 0.6027864324740122, -0.5754391571351676, -0.018030501912205926, -0.2873347392505795, 0.5918226608838686, 0.04931421406352923, -0.007034502825464195, -0.46644492357786005, 0.1430547547548836], [-0.34246817716360156, -0.6642816239959991, -0.39186809606587086, -0.38060763622216637, 0.606705882533048, 0.8084573096491092, 0.28167070120158544, 0.24072522906502059, -0.3455514149368508, 0.6244502537612624, 0.12209417598252602, 0.10680478624257655], [0.017647304830583216, 0.0632179129318727, 0.46541649901924853, -0.1262330791433209, 0.060500206512251714, 0.14279507020147994, 0.525295565666363, -0.2728786531346573, -0.538290002642889, -0.39717115006988546, -0.44715321252992934, 0.07204582821323964]], "inverted": true, "swapped": true, "error_lsq": 0.04443860381355752, "error_max": 0.22038538431802954, "target": "438.xyz", "model": "11.xyz", "model_rescale": 3.6694154284099745, "target_rescale": 4.048431794590932},
{"mapping": [3, 5, 6, 7, 11, 4, 12, 13, 9, 14, 8, 10, 1, 16], "R": [[0.4747634825853173, 0.8748392136014581, 0.09620803474057533], [-0.6511669742558662, 0.4226977012744646, -0.6303239048106487], [-0.5920989843277232, 0.23660727732355585, 0.7703478364191158]], "T": [0.018147999178185742, -0.04528900920339117, 0.006461083323603352], "aligned_model": [[0.040993852724941424, -0.03301749638999818, -0.013658618518597981, 0.46324725482986717, 0.5336771469376235, -0.47499385989318854, 0.17226137676953474, -0.4090260124380326, 0.4023932934994011, 0.15089607079495976, -0.2874030557927697, 0.6687404233859725, -0.6763075264974223, 0.06046200084351915], [-0.4617309275941319, 0.25599603468081156, 0.6756294582757117, 0.4644071033764643, -0.11211820538232571, -0.5796187045481885, -0.7556191316597957, -0.412262321069355, 0.543619856915284, 0.303523137115971, 0.4053638191698309, 0.04101679310630847, 0.365886369410228, -0.0031059936605597332], [-0.5717074599419185, -0.6769308585864255, -0.28112790381485947, -0.28323012481274046, -0.36503435037972803, -0.0963677307272475, 0.03964342461556392, 0.49072605915528017, 0.2828833783863774, 0.7700006168044294, 0.32032395328915253, 0.32751962260103135, -0.2727000078095663, -0.04490315912693374]], "inverted": false, "swapped": true, "error_lsq": 0.03903402787753635, "error_max": 0.23262724170389154, "target": "438.xyz", "model": "12.xyz", "model_rescale": 3.9764082729961374, "target_rescale": 4.048431794590932},
{"mapping": [12, 10, 11, 5, 4, 13, 0, 3, 7, 15, 9, 6, 14, 8, 1, 16], "R": [[0.6345391161115462, 0.49817659227445804, -0.5909147087644597], [-0.24522049760611936, 0.8548156486447126, 0.45733698121399136], [0.7329577188884671, -0.14529380489865296, 0.6645770779825975]], "T": [-0.07640686184171268, 0.04285955665072158, -0.051528684580779874], "aligned_model": [[-0.036925748125266986, -0.30468856555044976, -0.6806277610827102, -0.5800683016389526, 0.27647951403011023, 0.6218057663713845, 0.5148329805259396, -0.43347431697045724, -0.6723145697851645, 0.2815321128568235, -0.2407086800598529, -0.3822871999493132, 0.31848657741223785, 0.27869163884164533, 0.12708710939008439, -0.1489802424566642], [0.08087169921378742, -0.6413033741921277, -0.02981996287175938, 0.48550619676111595, 0.572243574440769, 0.07791434914330683, 0.44393427859245105, 0.5289297176598794, -0.17367372741970413, -0.46418302511846277, -0.54715150868357, 0.09779996308382785, -0.662274381323073, -0.07528228225202568, 0.611547077345693, 0.04040552296313464], [-0.7770748254103172, -0.16817484784473175, -0.24615677421920407, 0.2813440207180393, -0.4182638055158449, -0.3023870150513517, 0.07966333910279803, -0.43161196480161407, 0.3224122347306137, -0.46965696720942685, 0.39091819282063206, 0.6604132327869223, 0.21139694041185048, 0.4533543521423491, 0.5521676723737896, -0.020946842181805196]], "inverted": true, "swapped": true, "error_lsq": 0.03533665485893591, "error_max": 0.25959031313219544, "target": "438.xyz", "model": "13.xyz", "model_rescale": 4.170626492500431, "target_rescale": 4.048431794590932},
{"mapping": [2, 3, 0, 12, 8, 14, 15, 5, 6, 11, 7, 10, 9, 16], "R": [[-0.31052270838064633, -0.03185903518144201, -0.950031920230713], [-0.8797613795516429, 0.3881347133185608, 0.2745384478839147], [0.3599938369324374, 0.9210518151518005, -0.14855299113863493]], "T": [-0.08348735076124533, -0.009902133235794804, -0.024692673843094926], "aligned_model": [[0.29911672361788344, -0.09636294490463948, -0.022795429384553312, -0.7024527012506748, 0.17855865554722486, -0.26835061322151255, -0.7609463278022813, 0.5470860874355338, 0.6525294054434538, -0.06723173788452824, 0.36015689650858773, -0.3673857668993201, 0.12427682643245344, -0.033016051545984214], [-0.4264716290344339, -0.7224543857067836, 0.09985235048462725, -0.3910674192823237, 0.518710941280059, 0.8092573504519639, 0.3031377189953577, -0.40063872042257886, 0.16121931371984236, -0.38044262891188846, 0.015720096448402058, 0.26974879411644537, 0.5301424546145863, -0.030639768827609624], [-0.4224140954886751, -0.0428082862531336, -0.7401696300370896, -0.05656434467670653, -0.24116306000789445, 0.10602801160095016, 0.030977205005275343, 0.07589157118027623, 0.15541648245601247, 0.4955772532409505, 0.5621188409063904, 0.5876755387032179, 0.4611604663314744, 0.032147148159818055]], "inverted": false, "swapped": true, "error_lsq": 0.04368321934692965, "error_max": 0.24077782521474556, "target": "438.xyz", "model": "14.xyz", "model_rescale": 3.9786697098870705, "target_rescale": 4.048431794590932},
{"mapping": [11, 9, 12, 3, 15, 13, 6, 8, 4, 5, 14, 16], "R": [[0.47894885130774323, -0.8398978239134604, 0.25530304192552633], [-0.5649004735214768, -0.07227360220125437, 0.8219878231701891], [-0.6719341134711084, -0.5379109329715177, -0.5090740371925353]], "T": [0.05787953329472117, -0.02881289950756917, -0.013429847203053817], "aligned_model": [[-0.029595059232030534, -0.694112833450756, 0.5620184505528459, 0.5567362512125883, 0.05723262360282363, 0.42959393644638366, -0.44140908541458196, -0.25730434727182555, 0.7676830827911433, 0.028376459958549365, -0.513065710316717, 0.017200827888913493], [-0.4999582277105009, 0.030502924040553686, 0.09228570758876424, -0.5088781751380986, 0.5754394064965385, 0.6056767074580365, -0.424526224824119, 0.2651569303475785, 0.09449778442124689, -0.720008989303963, 0.6004312561241951, -0.09594460927579272], [-0.43605920762273775, -0.056516938568056105, -0.5239197719423123, -0.18344153786288164, -0.45493011024482105, 0.09102567338660214, 0.4310522813458106, 0.44395421529104756, 0.1288525404843448, 0.2725643240426207, -0.03234821200430829, -0.020266762431478486]], "inverted": false, "swapped": true, "error_lsq": 0.04521679590308177, "error_max": 0.27276784098352447, "target": "438.xyz", "model": "15.xyz", "model_rescale": 3.769337070930944, "target_rescale": 4.048431794590932},
{"mapping": [7, 8, 11, 10, 5, 1, 3, 0, 12, 15, 16], "R": [[0.3611178996433482, -0.8643239679594158, -0.35005419718676095], [0.9311233198556014, 0.35474637548713417, 0.08464261515232653], [0.05102181668914135, -0.35650958961805257, 0.932897468499142]], "T": [-0.03551396572931518, 0.013403996330726094, 0.04081622967712059], "aligned_model": [[-0.3050566645276591, -0.23368131917678706, -0.07333654806998394, -0.6914923261106555, 0.3518473374764066, 0.4297960824785658, 0.5063155108250235, 0.33666305422627957, 0.11617454985730902, -0.4722383311744909, -0.0423652151128375], [0.20863111379757152, -0.5749183175812831, 0.5889622030120681, 0.33509967682414227, 0.0957641230922793, -0.6120774700820263, 0.4755739270225444, -0.5465605981960506, 0.4793385880768154, 0.10150915815722344, 0.044742093502057455], [-0.6157335222551179, -0.05698906178762507, -0.23404283220871527, 0.03938114949539254, -0.594465725183231, -0.3077868083661993, 0.008498396516665563, 0.3156993858638716, 0.5786976610806336, 0.6421090528135824, -0.031150088745479934]], "inverted": false, "swapped": true, "error_lsq": 0.039673835844887435, "error_max": 0.21170605769287706, "target": "438.xyz", "model": "16.xyz", "model_rescale": 3.7852294659196426, "target_rescale": 4.048431794590932},
{"mapping": [15, 4, 3, 12, 13, 0, 1, 2, 11, 9, 8, 5, 16], "R": [[-0.4976253492920556, -0.7458185973934007, 0.442858477986027], [0.8107817895113637, -0.21852655760040526, 0.5430276543787323], [-0.30822378483613316, 0.629285915467252, 0.7134404916009688]], "T": [0.0969158630963757, 0.09439650973270049, -0.10731573537646007], "aligned_model": [[-0.099941431079101, -0.41757122679011294, 0.2692272930916742, 0.020025507602602355, -0.5861788255722844, -0.5847216903055954, -0.25128195098511796, -0.0685174340908524, 0.6856867139143352, 0.45428255156617736, -0.18394432605396352, 0.4489841339933819, 0.16771653492513955], [-0.21832565736687487, -0.3103076874436893, -0.37768595604604854, -0.6235202250875853, -0.09883243517106365, 0.21890609140286932, 0.6293615129188413, 0.11902721765398243, -0.13889813224377207, 0.5981211751774329, 0.6389705695009759, 0.3194732264232842, 0.11876592398452246], [-0.7580812860964073, 0.22553322229456169, 0.3983240429601019, -0.19733972602440447, -0.32572781334712986, 0.11063939928718781, 0.45998957180567973, 0.5635967061584116, -0.022652897211853, -0.5425373977551526, -0.24701529742156636, 0.5138151172657052, -0.08278894477196116]], "inverted": true, "swapped": true, "error_lsq": 0.04044719019795381, "error_max": 0.18237109502937282, "target": "438.xyz", "model": "17.xyz", "model_rescale": 3.901054581598922, "target_rescale": 4.048431794590932},
{"mapping": [11, 7, 12, 3, 14, 13, 6, 5, 15, 0, 8, 1, 2, 4, 16], "R": [[0.03395079439468074, -0.15218653672250704, -0.987768495954583], [0.46719052956631013, -0.8712883866114778, 0.15029822500455153], [-0.8835045855248974, -0.4665788308489543, 0.04151917581193143]], "T": [-0.03957700657452207, -0.028071897447535937, -0.08254293417736154], "aligned_model": [[0.1187971329661815, 0.37601482791918905, -0.4802312061330481, 0.204676198057358, -0.5045404616812053, -0.5414189236566616, 0.5886784915175851, 0.6911708054781289, -0.7831403560900727, -0.03593434104413605, 0.010408199239488325, 0.5562309443552775, 0.4598269550411391, -0.13748632560883361, 0.016034270728643787], [-0.11161475325134722, -0.5469296941645507, 0.42368979916491, 0.4916102725495397, -0.6457335123524157, 0.3004465831559161, -0.45892165725066536, 0.01848057662376508, -0.11002861277514349, 0.3482565147969101, -0.3283084989933892, 0.1241698739486092, 0.4284751293816037, 0.6790076378985842, -0.06384230890522], [-0.6958809519806004, -0.39860382153976315, -0.44469777631044627, -0.505030192036345, 0.2704268917488232, 0.3555094745601589, 0.06946376567392364, -0.238285138511024, -0.10352845631300478, 0.5387464412244413, 0.46729229782363274, 0.5099939107302756, 0.05979064307438804, 0.08986117666600506, -0.1253918599584885]], "inverted": false, "swapped": true, "error_lsq": 0.04207786682830665, "error_max": 0.3180694278846599, "target": "438.xyz", "model": "18.xyz", "model_rescale": 3.9405287249114394, "target_rescale": 4.048431794590932},
{"mapping": [5, 11, 12, 10, 6, 4, 3, 1, 2, 0, 15, 13, 9, 8, 14, 16], "R": [[-0.24701874041792765, 0.20252127675915754, -0.9476111408917592], [0.6171761973092766, 0.7867914001230765, 0.007268711524755611], [0.7470443650528406, -0.5830475324981746, -0.3193435320944965]], "T": [0.10621967404918708, -0.06444711053071263, -0.07604234547687265], "aligned_model": [[-0.5157618661309109, -0.02032417071644449, 0.7281647704735617, 0.22576956232735507, -0.6571492168880169, 0.48654706706852435, 0.14852011105437243, -0.4120061855607029, -0.15539521759716218, 0.2139455531183708, 0.7392357585955248, 0.6619739030109493, -0.23055089824921632, -0.11540491614436069, 0.22517187577659079, 0.04442896783295145], [-0.1106230257871473, -0.640166662616479, -0.26251535174996743, -0.6412117818516555, -0.02988779107592479, 0.3624913710899566, -0.21806406907545178, 0.5994282813388898, 0.29912555486094106, 0.6516625200867284, -0.19484168543792146, 0.41203553104378604, -0.3502653063119328, 0.3234203604806888, -0.036431739917331514, -0.11180407609954252], [-0.4900736008164038, -0.3225762247146299, -0.3975608560624175, 0.3562169722024157, 0.06365773681794955, -0.5368519466412708, -0.7709072042196716, -0.21737884615405922, -0.6027974282678233, -0.13277824925462367, 0.301226314246902, 0.049501049047597154, 0.5369510677039923, 0.3659991525868516, 0.764998733091593, -0.08818291289152314]], "inverted": true, "swapped": true, "error_lsq": 0.031909108047822286, "error_max": 0.20633148467480078, "target": "438.xyz", "model": "19.xyz", "model_rescale": 4.410303926677745, "target_rescale": 4.048431794590932},
{"mapping": [5, 3, 7, 1, 9, 4, 8, 11, 12, 15, 13, 14, 10, 16], "R": [[0.6652510990036401, 0.7383258384755879, 0.1109771666324632], [-0.7370119094563191, 0.673164439331089, -0.0605234081956008], [-0.11939187825811214, -0.041528229668274436, 0.9919783190910069]], "T": [-0.014064140431383956, -0.05886631939739415, 0.05015725898352691], "aligned_model": [[-0.030003784399642002, 0.16502115502983417, 0.36011979768564295, -0.7306030630036495, 0.21011461703385434, -0.377775915133215, -0.43925622791036195, 0.5496925987466869, 0.2670738727619414, 0.17955039388404354, -0.4241010733832316, -0.053710360639208615, 0.559173850846407, 0.025892027941771405], [-0.204188562929763, -0.7052155388211545, 0.29496014482097777, -0.04405545124820319, 0.6551636814189318, -0.6591740822817094, 0.4039061744527405, -0.1962565979667988, -0.5748312927040007, 0.061475917132997486, -0.1871339719292733, 0.6712592983593719, 0.33838241628527893, -0.043343668408193384], [-0.6840378820774096, -0.19147430422558656, -0.47578730492615956, -0.4141887268349618, -0.053633042319301744, 0.26606283153507737, 0.05371081194584862, -0.21732648126969095, 0.47929878302144036, 0.7629509937189443, 0.6560258400874035, 0.48331928714913536, 0.26784838637773756, -0.01595415345745546]], "inverted": false, "swapped": true, "error_lsq": 0.038808351973517376, "error_max": 0.24662527170996112, "target": "438.xyz", "model": "20.xyz", "model_rescale": 4.121658175737393, "target_rescale": 4.048431794590932},
{"mapping": [7, 10, 14, 6, 8, 11, 15, 5, 12, 4, 13, 1, 16], "R": [[-0.7618327511834625, -0.06971561535515314, -0.6440113292480878], [-0.6371117675546273, -0.09899658842973585, 0.7643875137145373], [-0.11704467039406463, 0.9926426388458869, 0.031002204396122446]], "T": [0.018816028577022345, -0.05915440529221654, -0.024463624794729147], "aligned_model": [[0.26566142464030135, -0.24093472768327073, 0.21185750434306, 0.6809609745139252, 0.5408028576747783, -0.26648413915510893, -0.42496858724584524, 0.34854577192070163, -0.6777117378029703, -0.2020892005738935, -0.12415588216117247, 0.7313226511876251, 0.03827599500616441], [-0.5281315705940693, 0.028813390916926425, 0.5807638735352173, -0.398644596035582, 0.28409725727855745, -0.5647474587851, 0.5016071393571824, -0.7199889155634784, 0.000773301260075028, 0.05765155645233188, 0.5720553597601951, -0.14790826988529948, -0.12551416353377284], [0.48637122082564693, 0.6527283650014836, 0.5004403361187075, 0.19859018970819314, 0.04385450199845367, 0.24241608493548011, 0.19609352170193478, -0.1469020920411659, -0.2261530505072371, -0.7149910525841342, -0.3888711986481966, -0.4867640121814635, 0.013296925154086682]], "inverted": false, "swapped": true, "error_lsq": 0.04037987552329027, "error_max": 0.2566693795446469, "target": "438.xyz", "model": "21.xyz", "model_rescale": 4.08911054899281, "target_rescale": 4.048431794590932},
{"mapping": [4, 0, 0, 8, 1, 6, 7, 10, 13, 12, 9, 5, 11, 2, 14, 15, 16], "R": [[0.8018221377148502, -0.5906894504205888, 0.09037274275029214], [-0.5773102435357893, -0.8047763071896765, -0.13801441263431516], [0.15425349973026672, 0.058489901247737626, -0.9862985294894211]], "T": [-0.05286478440592924, 0.02053613993768407, 0.015093627186346506], "aligned_model": [[-0.5815051429614444, -0.21021330265217003, -0.21021330265217003, 0.5852683694016366, 0.29648437877431943, 0.25576820230514824, -0.3007317397346238, 0.11847716912124676, -0.6693054504711042, -0.487888224850054, 0.07793445909383101, 0.4944767770067139, 0.5987617860670951, -0.297158216570544, -0.3974836110584499, 0.04139206150639601, -0.08573625930807635], [-0.4342290728512854, -0.5779478210162757, -0.5779478210162757, -0.212922595813432, -0.6549670507779617, -0.16433036830815592, 0.13598182654401947, 0.5976269142059141, 0.07022690445103513, 0.5996121416061038, 0.7080031192020153, 0.454792283181272, -0.025328713784174013, -0.4657642778116285, 0.3799500354697296, -0.022740007897418306, -0.00286284705262543], [0.01958343910429395, -0.4508868342772707, -0.4508868342772707, -0.1229104117877836, 0.2423577527853532, -0.6376959117878617, -0.6414354688250247, -0.5222550328388949, -0.21784777997742977, -0.127717774984343, 0.148616366386771, -0.08272186828212183, 0.4140576081483935, 0.48952639594429115, 0.41991717141541335, 0.736723615422276, -0.010157194146727503]], "inverted": true, "swapped": false, "error_lsq": 0.04400513656479323, "error_max": 0.3185899000494528, "target": "438.xyz", "model": "22.xyz", "model_rescale": 4.204369325754507, "target_rescale": 4.048431794590932},
{"mapping": [5, 11, 12, 10, 6, 4, 3, 1, 2, 0, 15, 13, 9, 8, 14, 16], "R": [[-0.24701874041792765, 0.20252127675915754, -0.9476111408917592], [0.6171761973092766, 0.7867914001230765, 0.007268711524755611], [0.7470443650528406, -0.5830475324981746, -0.3193435320944965]], "T": [0.10621967404918708, -0.06444711053071263, -0.07604234547687265], "aligned_model": [[-0.5157618661309109, -0.02032417071644449, 0.7281647704735617, 0.22576956232735507, -0.6571492168880169, 0.48654706706852435, 0.14852011105437243, -0.4120061855607029, -0.15539521759716218, 0.2139455531183708, 0.7392357585955248, 0.6619739030109493, -0.23055089824921632, -0.11540491614436069, 0.22517187577659079, 0.04442896783295145], [-0.1106230257871473, -0.640166662616479, -0.26251535174996743, -0.6412117818516555, -0.02988779107592479, 0.3624913710899566, -0.21806406907545178, 0.5994282813388898, 0.29912555486094106, 0.6516625200867284, -0.19484168543792146, 0.41203553104378604, -0.3502653063119328, 0.3234203604806888, -0.036431739917331514, -0.11180407609954252], [-0.4900736008164038, -0.3225762247146299, -0.3975608560624175, 0.3562169722024157, 0.06365773681794955, -0.5368519466412708, -0.7709072042196716, -0.21737884615405922, -0.6027974282678233, -0.13277824925462367, 0.301226314246902, 0.049501049047597154, 0.5369510677039923, 0.3659991525868516, 0.764998733091593, -0.08818291289152314]], "inverted": true, "swapped": true, "error_lsq": 0.031909108047822286, "error_max": 0.20633148467480078, "target": "438.xyz", "model": "23.xyz", "model_rescale": 4.410303926677745, "target_rescale": 4.048431794590932},
{"mapping": [6, 15, 14, 11, 13, 9, 8, 10, 5, 4, 3, 10, 7, 12, 2, 0, 16], "R": [[0.9411155732381288, 0.19533273833789686, -0.2759467324359674], [0.05778125997704768, -0.897125799833184, -0.43798016538324547], [-0.3331107980899651, 0.3962454045248839, -0.8555856331126522]], "T": [0.0375309038984807, -0.072852005159875, -0.04409333295750671], "aligned_model": [[-0.3733754327832942, -0.36915626865803397, 0.17200686189525544, 0.6263622855933774, 0.12420742894858279, 0.1405694142451298, -0.25423217641542095, 0.2673816530223026, -0.5825437993252209, -0.38655228851110524, 0.002355950085879868, 0.2673816530223026, 0.4569712071920895, -0.3408964972965513, -0.4760632242165973, -0.09737668237936466, 0.05128786859841808], [-0.7090385449540796, -0.3780434843967657, -0.6412709241145405, -0.1689381102265114, -0.7126909796847776, -0.0928360540609903, 0.36668686006053713, 0.4123199819114176, -0.08265099254595047, 0.45786302362679576, 0.7751754651878734, 0.4123199819114176, -0.2035631033678121, -0.3604958855263274, 0.527194319663129, 0.17083356166911676, 0.034287533178323726], [0.021639146223170994, -0.5448706242896272, -0.38609646058925035, -0.25567440714696527, 0.23389927578110165, -0.6616722241151024, -0.6744793719692778, -0.41227905017658406, 0.06085129861637857, -0.15535598224651048, 0.25400583979200214, -0.41227905017658406, 0.45482082545106994, 0.6041578027115347, 0.4131368397241513, 0.6579060251405519, 0.008557355292004173]], "inverted": false, "swapped": false, "error_lsq": 0.038304212975165806, "error_max": 0.3338497864648809, "target": "438.xyz", "model": "24.xyz", "model_rescale": 4.28219845311461, "target_rescale": 4.048431794590932},
{"mapping": [14, 8, 15, 6, 9, 1, 13, 7, 0, 5, 4, 2, 3, 11, 12, 16], "R": [[0.5415250198502005, 0.8065854493170164, -0.23700330340800468], [0.3125458154151959, 0.06855033803076849, 0.947425967779181], [0.7804266564788073, -0.5871292567279662, -0.21497318379596916]], "T": [-0.005203915477600886, 0.10374283319038387, -0.014748874711458785], "aligned_model": [[-0.07090121708503044, -0.32838195987022023, -0.04374671381007981, 0.15400945115422007, 0.350710536758974, -0.5141188551945743, -0.6085199712323754, 0.5738360556857186, -0.7245755658846635, 0.2016628070850846, -0.5101822049561527, -0.2850813619257176, 0.13952337857205324, 0.5861961727568873, 0.03146861477244165, 0.05642159929444512], [0.3026658662622226, -0.15947331527704545, 0.7863624742996707, -0.6234768991717415, -0.08057591907143437, -0.5781783762839738, 0.5306825515503805, -0.3188138144232138, 0.019403944427276568, -0.5274808663685217, 0.31071361955654664, -0.297379057282047, 0.10760771879246032, 0.10130855877441557, 0.7166984103135389, 0.05504647961569895], [-0.8383981171690794, -0.4851024979208417, -0.3190326704316897, -0.2366612176623968, -0.6552321955424837, 0.05773306872273857, -0.0881779452122486, -0.18203026036130268, 0.04028031113184808, 0.33047269484053976, 0.4766073120217781, 0.4739925658792981, 0.6832939190020523, 0.22708848976770535, 0.3755861990313963, -0.008493635519568206]], "inverted": false, "swapped": true, "error_lsq": 0.04221380633591714, "error_max": 0.30656717230797914, "target": "438.xyz", "model": "25.xyz", "model_rescale": 4.100010024507729, "target_rescale": 4.048431794590932},
{"mapping": [13, 4, 2, 3, 14, 9, 8, 11, 12, 10, 15, 16], "R": [[-0.6694216983210095, -0.09020755929868236, 0.7373853714730109], [0.33193264174464987, -0.9243257491777609, 0.18826213307882517], [0.6646016183861075, 0.37078903119205947, 0.648706546279765]], "T": [0.07800249622277253, 0.06329739402067446, 0.06290923028736448], "aligned_model": [[-0.5424532024252974, -0.021494030106831513, 0.4080185974201198, 0.6027864324740122, -0.5754391571351676, -0.018030501912205926, -0.2873347392505795, 0.5918226608838686, 0.04931421406352923, -0.007034502825464195, -0.46644492357786005, 0.1430547547548836], [-0.34246817716360156, -0.6642816239959991, -0.39186809606587086, -0.38060763622216637, 0.606705882533048, 0.8084573096491092, 0.28167070120158544, 0.24072522906502059, -0.3455514149368508, 0.6244502537612624, 0.12209417598252602, 0.10680478624257655], [0.017647304830583216, 0.0632179129318727, 0.46541649901924853, -0.1262330791433209, 0.060500206512251714, 0.14279507020147994, 0.525295565666363, -0.2728786531346573, -0.538290002642889, -0.39717115006988546, -0.44715321252992934, 0.07204582821323964]], "inverted": true, "swapped": true, "error_lsq": 0.04443860381355752, "error_max": 0.22038538431802954, "target": "438.xyz", "model": "26.xyz", "model_rescale": 3.6694154284099745, "target_rescale": 4.048431794590932},
