[{"mapping": [8, 11, 12, 3, 0, 10, 7, 9, 13, 4, 2, 15], "R": [[0.6178515134780138, -0.48897171314231197, -0.6157647042820822], [0.7862925392992172, 0.3860976166958665, 0.48236155840216016], [0.0018841272028474187, -0.7821990118431781, 0.623025806797952]], "T": [0.023073514508223772, -0.018661693081016797, 0.00019972821051526292], "aligned_model": [[-0.23801377143868513, 0.18840641106604072, 0.38597938934713544, -0.2751390280855684, -0.05865414210979028, -0.5147746637700967, 0.36216629685323587, -0.28143178088506826, 0.6646480987845503, 0.34557860401187646, -0.7543729761777456, 0.013250024864664346], [-0.247802071146617, -0.729196884955397, -0.27605472429636757, 0.6014985883806427, 0.32782855579054226, -0.42910011658113406, -0.29777945019851904, -0.4667676047422717, 0.1388607922479323, 0.4396370638581832, 0.0265452693002413, -0.034114381680178205], [-0.5433650006262885, -0.006030440714293503, -0.5332552271625173, 0.036688169512766856, -0.6034203673320168, 0.026320765746085377, 0.5051987816671464, 0.6757232458231835, -0.07359693677237521, 0.41899252863141917, 0.26072293728325213, 0.01797328929720033]], "inverted": true, "swapped": true, "error_lsq": 0.041636743748637024, "error_max": 0.2617671514258039, "target": "439.xyz", "model": "0.xyz", "model_rescale": 3.751011558992144, "target_rescale": 4.085431530736479},
{"mapping": [5, 4, 9, 2, 13, 11, 6, 3, 7, 8, 12, 0, 1, 10, 15], "R": [[-0.4103164500657904, -0.8181276762450385, -0.40287406986216034], [0.9083212006198329, -0.32730873707731517, -0.2604257804776596], [0.08119733560870644, -0.4727960405870021, 0.8774228722202886]], "T": [-0.003541677959254308, -0.005639470763303414, 0.0381445184587162], "aligned_model": [[0.015613127050116637, 0.08832462888019212, -0.5187966550071974, 0.23976461352276843, -0.09687268513106587, -0.6581239931510915, 0.46827023663945133, 0.616462500174505, -0.5658307949272612, 0.11964000675636938, -0.15404322762378514, 0.5515820681359115, 0.5958034033910645, -0.14327307450568422, -0.01943394311525949], [-0.020716316453418357, -0.5417825432156437, 0.40543816881124706, 0.6339977039629734, -0.6370231293890734, 0.17761477953504673, -0.521451942411011, -0.03286179152858158, -0.22379344929127776, 0.3823499313991608, -0.155677285390402, -0.036106173627318036, 0.45455204672916927, 0.6557508771847014, 0.008466473511533252], [-0.7722868904908351, -0.4017939779032221, -0.523444200004585, -0.41573364914430705, 0.2239434071980724, 0.30304811029294504, 0.12595315813912034, -0.2613795472861932, -0.25194938351206836, 0.5385693325305521, 0.6994795119781623, 0.46476089027300566, 0.09655815699308445, -7.348024485211851e-05, 0.024014966033096906]], "inverted": false, "swapped": true, "error_lsq": 0.031094175336845113, "error_max": 0.21924999176300314, "target": "439.xyz", "model": "1.xyz", "model_rescale": 3.9405287249114394, "target_rescale": 4.085431530736479},
{"mapping": [11, 12, 8, 4, 6, 10, 7, 13, 3, 2, 5, 9, 15], "R": [[-0.9631313718237797, 0.12709170992056057, 0.2371195012610992], [0.26444004354364137, 0.2850814599959692, 0.9213034378190521], [0.049491655655083955, 0.9500401351711596, -0.3081790349528727]], "T": [-0.008505476985382173, -0.006442499146402457, -0.08398038965614305], "aligned_model": [[-0.29737151254917804, 0.15494448429758576, -0.32901503195971016, 0.5032261494856437, 0.5945043094566542, -0.6854753011959549, 0.07462159250815444, 0.6038017013734988, 0.11855127980199412, -0.6182403488214117, -0.04654655918426459, -0.5506182769480831, -0.02639920698099722], [0.6272863192801313, 0.5744781236674511, 0.2174651249098802, -0.32783278591118575, -0.23377461168894942, 0.005070521478601438, 0.21308257782322013, 0.2479816548859052, -0.6541015046447505, -0.5548838914051, -0.5819930335710898, -0.06769974689710642, -0.006246154354990617], [0.13322513231408015, -0.4279882036212149, -0.5970822306567636, 0.26854438833077665, -0.36872352641137585, -0.08538695600687156, 0.5427678151819548, -0.03680521068162711, -0.28210987954366984, -0.041855775501600634, 0.485833391180597, 0.5884894368422088, -0.06578803183784995]], "inverted": false, "swapped": true, "error_lsq": 0.04056541555557248, "error_max": 0.28956325203077743, "target": "439.xyz", "model": "2.xyz", "model_rescale": 3.932901565614263, "target_rescale": 4.085431530736479},
{"mapping": [8, 1, 0, 10, 12, 13, 6, 11, 9, 7, 3, 2, 4, 15], "R": [[0.48508448246931013, 0.4745921143219255, 0.734476255498383], [-0.8456077088844934, 0.040579494992127416, 0.532260187559902], [0.2228018122516054, -0.8792699412635623, 0.421003233773533]], "T": [0.0010733471201346823, -0.13162700410634004, 0.056708037842093384], "aligned_model": [[-0.15652017264556944, 0.4603297645625009, 0.2982233386817619, -0.1669497789557067, -0.42159829165328905, -0.10737448401141275, 0.4259271223845312, -0.7159996448254431, -0.23462763743318021, -0.34176046814550365, 0.688846022409568, 0.36437465393766516, 0.3347365773408488, -0.007797089594067417], [0.023333028502041442, 0.2100559591359064, -0.37655853467236833, 0.5052098654824728, -0.5054674881977479, -0.7736656704981484, -0.686325274412247, 0.001541695810613919, 0.5106760628661016, -0.16647496433466463, -0.10468766321472234, 0.6047548397807103, -0.46718154132104833, -0.11171367657641126], [-0.5493333543090229, -0.4400204676271115, -0.5287853865544834, -0.10023049025259684, -0.34840677817153626, 0.19050881181907453, -0.03378198608519603, 0.07421409866791984, 0.587505760024948, 0.6304373086198805, 0.02348273650308405, 0.06635159794244355, 0.5719814549765889, 0.06997305750310462]], "inverted": true, "swapped": true, "error_lsq": 0.04250952025840109, "error_max": 0.34641112651416606, "target": "439.xyz", "model": "3.xyz", "model_rescale": 3.9243930471874484, "target_rescale": 4.085431530736479},
{"mapping": [5, 3, 2, 9, 10, 4, 7, 1, 8, 12, 11, 14, 15], "R": [[-0.9251172620678645, 0.1687159780086866, 0.3401366933875712], [-0.07515638800783017, 0.7967482793978464, -0.5996196266118944], [-0.37216873695364944, -0.5802819125572877, -0.7244055032874763]], "T": [-0.10387445962307508, 0.015621997652405933, -0.12842886923869334], "aligned_model": [[-0.004369632739851012, -0.15247231880566164, 0.5653223125058096, 0.4351486237559903, 0.5670961522165149, -0.5779418526358405, -0.2181411224547971, 0.2779691340650931, 0.19323226818091876, -0.33073627363256297, 0.10685981058328457, -0.4984580950307629, -0.0863031196967822], [-0.7163355751056468, -0.026078649688106942, -0.1940110349560497, -0.6192506845638064, 0.04221552558079916, -0.4420857212278958, -0.4991187575611845, 0.3756901837085571, 0.5842886550470482, 0.5336782496353211, 0.03971199686617166, 0.04993726272628782, -0.0008118967799074714], [-0.4626895273364493, -0.8145485422592086, -0.555709490850405, 0.1087318332316593, -0.04174615305817346, -0.3633723603416159, 0.2837601238898525, -0.6751914171762851, -0.061493652500378776, 0.27490408633102636, 0.5696003420981001, 0.6447474077756267, -0.11992233443278427]], "inverted": true, "swapped": true, "error_lsq": 0.045312726271176204, "error_max": 0.2679603963656022, "target": "439.xyz", "model": "4.xyz", "model_rescale": 3.8936222436046832, "target_rescale": 4.085431530736479},
{"mapping": [9, 7, 5, 2, 4, 13, 12, 0, 1, 10, 3, 15], "R": [[-0.6402346949013095, 0.6925470810241856, 0.33238242433905474], [0.7589642932726759, 0.503456002117347, 0.41292282023294125], [0.11862856730878592, 0.5166339076143747, -0.8479485058194082]], "T": [-0.13638422327378097, -0.0802371327140805, 0.09740627661068216], "aligned_model": [[-0.04343663773583026, -0.6032183325741703, -0.21262742942705992, 0.502626919394293, -0.6145105314041772, -0.7258826416243628, -0.27847302786387457, 0.11683675226547408, 0.5429058728481648, 0.3908829261734993, 0.0844046616368598, -0.13196048947371902], [-0.6056848113818394, -0.4355720714062344, 0.09375282205792246, -0.046168225785920836, 0.30688318995453107, 0.06551557214168258, -0.2745010368358284, 0.3470335236861597, 0.2501902191774483, -0.47328697474279957, 0.5383929317815768, -0.09763223353689116], [-0.5845907095713998, -0.2246460127884705, -0.6908244989853806, -0.4172228392776337, -0.23571199413216623, 0.3678226077105967, 0.7490183875236096, 0.5917857319770823, 0.15893385506342675, -0.06360256090901081, -0.11094442104483782, 0.07926717370970218]], "inverted": true, "swapped": true, "error_lsq": 0.03923442472648863, "error_max": 0.21162981713772774, "target": "439.xyz", "model": "5.xyz", "model_rescale": 3.6523030999806103, "target_rescale": 4.085431530736479},
{"mapping": [14, 7, 9, 11, 10, 13, 5, 12, 4, 3, 2, 8, 15], "R": [[0.8314443152252552, -0.26969852852656984, 0.48576028490420053], [0.5267262112337463, 0.1043992739567605, -0.8435996028902839], [0.17680455050408045, 0.9572687685848238, 0.22885946695110904]], "T": [0.053032898335491574, -0.09792843169564602, -0.10633384829260416], "aligned_model": [[0.20659709270883292, -0.10579902480551581, 0.1618167532622307, 0.5559769499830849, 0.5476838577974719, -0.25472423713869635, -0.4673068560530353, 0.4038954053000774, -0.6337321224240358, -0.3486117990625292, 0.1527426320487758, 0.6031501483904109, 0.05939410465722251], [-0.689415829962112, -0.047687982220382785, 0.5746480095521561, -0.19916950289883006, 0.3643938564798511, -0.6594713816905525, 0.4980128201045877, -0.6971907463329942, -0.12184620024699622, 0.1314404530486153, 0.6750402082823921, -0.2093067730924141, -0.07862002686013736], [0.5111092940167069, 0.541865965651162, 0.42813917200106233, 0.41234868177268247, -0.10523789025526388, 0.0720822081930383, 0.07113122108310076, -0.08883483732395615, 0.024877582843743654, -0.6171492292031181, -0.36501610204526336, -0.42429669901311795, -0.09090962823898802]], "inverted": false, "swapped": true, "error_lsq": 0.04684550859171409, "error_max": 0.2597629944774772, "target": "439.xyz", "model": "6.xyz", "model_rescale": 4.08911054899281, "target_rescale": 4.085431530736479},
{"mapping": [6, 13, 4, 0, 1, 2, 3, 5, 8, 12, 10, 11, 9, 7, 15], "R": [[0.48302301956428806, -0.8188819966845201, 0.3100339305253076], [-0.6386178115646105, -0.0872239033573437, 0.764564766017593], [-0.5990459525974825, -0.5672955721571274, -0.5650837818301746]], "T": [0.00890876218740997, -0.10910978938212505, 0.005672236317997861], "aligned_model": [[0.10684469805251773, 0.30677901398920165, 0.6199441317054312, -0.4625200325794889, -0.5278649759924916, -0.15891715597411443, 0.02009244525064747, 0.5777209853495525, -0.6262131180734726, -0.30684808564770083, -0.329980791245719, -0.06378203657374484, 0.3225031758615527, 0.5431166419445256, 0.015458643732857954], [-0.5662408492583728, -0.7033496873346812, -0.2234261876089344, -0.4277295507867939, 0.182551965491225, 0.6645146738206055, 0.052480530280945445, 0.4141595030816874, -0.15139373177102333, -0.6545488968545027, 0.416129897062757, -0.1298424803830288, 0.5833106781281688, -0.06706765245480942, -0.08878939524412971], [-0.5214132334397831, 0.01110225556477705, -0.31526737069021027, -0.40338578067859343, -0.44289246048976655, -0.2126823123425589, -0.6641220570556132, -0.23934855624587348, 0.1103945529870383, 0.2977678182904708, 0.2658641142113728, 0.7312893832214584, 0.4204816452292601, 0.40663243546109495, 0.01964959805900687]], "inverted": true, "swapped": true, "error_lsq": 0.03921783339509398, "error_max": 0.2353493290963297, "target": "439.xyz", "model": "7.xyz", "model_rescale": 3.964800864290218, "target_rescale": 4.085431530736479},
{"mapping": [6, 0, 3, 13, 5, 12, 4, 1, 8, 10, 11, 9, 2, 15], "R": [[0.37114930301787485, -0.6960332718393614, -0.6146428876688801], [-0.02547373386341284, 0.6540407121650421, -0.7560303140176992], [0.9282237250536112, 0.2962573734495706, 0.22501618813845342]], "T": [-0.08582267006494229, -0.023008266343433524, 0.08663891647396446], "aligned_model": [[-0.16195376081661256, 0.18429672852038811, 0.36054608871632954, -0.6390856001654972, 0.06192560957963203, -0.4137473802077102, -0.33423492315786285, 0.6357332530919, 0.18724359405362664, 0.307683476245192, -0.43581905502695795, -0.029185326741308082, 0.6214012579718986, -0.0836160726021456], [-0.19161579808099746, -0.5597391980528407, 0.13358902582528573, -0.15810185187733083, 0.7632752739195856, -0.6284135399543159, 0.40718271777673926, -0.23038391736777608, -0.5535003288059461, 0.01832074319482422, -0.14454507130661817, 0.6211539809133156, 0.3400349238061445, -0.006308493808867378], [-0.5931808413511991, -0.2739821306327923, -0.4144530120990455, -0.2561833139316665, -0.044973874000165975, 0.17870343235701797, -0.4059681914195111, -0.017068853713116464, 0.33188875896768555, 0.6360636126346288, 0.7151016251002228, 0.6625743437455374, 0.29248598468574516, 0.10580749838168073]], "inverted": false, "swapped": true, "error_lsq": 0.04047300460942462, "error_max": 0.3008941328196052, "target": "439.xyz", "model": "8.xyz", "model_rescale": 4.121658175737393, "target_rescale": 4.085431530736479},
{"mapping": [11, 7, 13, 12, 9, 10, 4, 3, 6, 5, 8, 0, 15], "R": [[0.9337007490516029, 0.34593148501574367, -0.09238137742683], [-0.30770394942200807, 0.6433034827047657, -0.701055567448129], [-0.18308793169014287, 0.683002223140395, 0.7070974278377089]], "T": [-0.05112160888672685, 0.020929405161729545, -0.016240501254350153], "aligned_model": [[-0.5571577428119008, -0.28815466385645705, 0.4007215332868237, 0.07972726879935643, -0.7819465034883306, -0.6474018264033341, 0.33928940827526244, 0.30890640580559836, 0.6518947242897317, -0.16443229182737565, -0.18363800767246263, 0.39313612322217284, -0.07420693118388795], [0.25042755118365, -0.3862036740928982, -0.008743038823347635, 0.5815661454311328, -0.4435570617444809, 0.17177201173239098, -0.5485348775003214, -0.19734950222348774, 0.0007318616731194841, -0.7467101612225905, 0.6272461835601816, 0.47968635794796116, 0.010055643490400041], [-0.4889899832377331, -0.4916063266953911, -0.5028970015446808, -0.4049448266628244, -0.01754485076837096, 0.2668126407628706, -0.12904281285697208, 0.5292822286469308, 0.025466097639459482, 0.21888387369576548, 0.15969660814551412, 0.2723236127547744, -0.016363825920253695]], "inverted": true, "swapped": true, "error_lsq": 0.04372027550947713, "error_max": 0.22439645322064214, "target": "439.xyz", "model": "9.xyz", "model_rescale": 3.833441315466971, "target_rescale": 4.085431530736479},
{"mapping": [3, 5, 13, 14, 7, 4, 9, 11, 8, 12, 1, 10, 2, 6, 15], "R": [[0.6959596385057908, -0.6114156771466024, -0.37657808129291237], [0.5976394349309602, 0.20246656661620144, 0.775779862601531], [-0.3980794988269203, -0.7649693844475148, 0.5063146783095459]], "T": [-0.05802588923900989, 0.010993960272283002, 0.13255040536882726], "aligned_model": [[0.13925350655584662, -0.07732653964360534, -0.6768072617163108, -0.6775312697175491, -0.4713882051442605, -0.5298408651919198, 0.12712969756936643, -0.12333474401264749, 0.3556583717852285, -0.24272148863473517, 0.5905775850452365, 0.5055243197677404, 0.6193140620172056, -0.3637230030905, -0.05093914729456382], [-0.6347398120543836, -0.5204008849656325, 0.02286751411739713, 0.6197198765824307, 0.17409300116699666, -0.4813547770028242, 0.14083269111663338, 0.7026481184776003, 0.34541792502069646, 0.49762340091635127, -0.2592278068871273, 0.26944823823596015, -0.27693179409425345, -0.4163065074989229, 0.0174123561640569], [0.27028071025165346, -0.4795282577059422, 0.3751320619926177, 0.1510214761789925, -0.36789437681753223, -0.023712329863603887, -0.7033405674754117, -0.09012271718178946, 0.4974619592574089, 0.5925562303158185, 0.4166219494863611, -0.13954373108991205, -0.2316588863823795, 0.6019574043500041, 0.1088909825058074]], "inverted": false, "swapped": true, "error_lsq": 0.044278454762092426, "error_max": 0.2539602175375598, "target": "439.xyz", "model": "10.xyz", "model_rescale": 4.2482417240324, "target_rescale": 4.085431530736479},
{"mapping": [11, 12, 13, 0, 9, 5, 7, 3, 8, 2, 10, 15], "R": [[0.7973081582807527, 0.5606602261966172, 0.2235169154675162], [-0.051659878652992874, -0.305574362941092, 0.9507657785441713], [0.6013575955091219, -0.7696001685773622, -0.21467329328349954]], "T": [0.08080435139924783, 0.00615189689240675, 0.02061348284067052], "aligned_model": [[-0.5798385267875673, 0.0241645660882545, 0.30447914990768365, 0.5835316053691567, -0.5712140658978119, 0.10143647646590193, -0.3076650558582772, 0.6357301447961492, 0.003607271314276725, -0.016622177717994846, -0.3608626211078759, 0.06001883579111119], [-0.28956319876323405, -0.6843377656322966, -0.30815894060594007, -0.3534264973567614, 0.5757531753711409, 0.7951297438246181, 0.18352795106302638, 0.36208728523122147, -0.39226871012181314, 0.6000859903076117, 0.15641484992210944, 0.020887506810957013], [0.11192399857357109, 0.07103169968054515, 0.5619594999863091, -0.3096300767743312, 0.03736976216941611, 0.20630559066518683, 0.5359230367989966, -0.17995636724264585, -0.48082058950720297, -0.5380361586131235, -0.4700737916098593, 0.019195685727494704]], "inverted": true, "swapped": true, "error_lsq": 0.038781302998582914, "error_max": 0.17190813798040785, "target": "439.xyz", "model": "11.xyz", "model_rescale": 3.6694154284099745, "target_rescale": 4.085431530736479},
{"mapping": [13, 12, 8, 0, 6, 7, 4, 9, 1, 2, 10, 3, 11, 15], "R": [[0.6747317537341243, 0.6455834839894484, 0.3577136084955654], [-0.5897216425018766, 0.7630035669005889, -0.26467705087874127], [-0.4438078918493475, -0.03236544603468891, 0.8955372873505679]], "T": [0.018565274665743314, 0.0037220921903409615, -0.05618645075601879], "aligned_model": [[0.11292257858827548, -0.1199520777816685, -0.015916890786990406, 0.5277925087369656, 0.6198920411505092, -0.4294444163201056, 0.2990132669383147, -0.5616449584156996, 0.44179320528709304, 0.08101200996642241, -0.31561455351174994, 0.6344264688086707, -0.6760413980136708, 2.706560944317274e-05], [-0.3552959267304276, 0.27856721357859365, 0.6363593316645747, 0.40830515592476485, -0.17952089642392127, -0.49347200618727577, -0.6370250012101634, -0.20367598512457447, 0.5360663135465515, 0.23818922735663628, 0.41457887970579227, -0.036843582481477274, 0.12436153916324395, 0.00039302535393639666], [-0.607620934283142, -0.678921657921073, -0.17749433044529822, -0.31713144645733937, -0.37431767038060365, -0.05634982184642091, -0.041127268133864595, 0.5522513264979646, 0.2783141639045362, 0.7283290848265622, 0.3656467076801679, 0.2502940823921646, -0.2438077040411868, -0.0389690721400517]], "inverted": true, "swapped": true, "error_lsq": 0.035099574667352085, "error_max": 0.20352585669662462, "target": "439.xyz", "model": "12.xyz", "model_rescale": 3.9764082729961374, "target_rescale": 4.085431530736479},
{"mapping": [1, 10, 11, 8, 7, 3, 2, 4, 12, 14, 13, 6, 9, 0, 5, 15], "R": [[-0.6279457849662173, 0.016558465234990494, -0.7780809137693988], [-0.2974899386625977, -0.9289561792283532, 0.22031830034743682], [-0.7191549398687914, 0.3698191913658905, 0.5882600939718705]], "T": [0.048727946529514246, 0.009894413387928394, 0.039835794009148245], "aligned_model": [[-0.1850480147604715, 0.19774923533722905, 0.39656115589741947, -0.21079165179866316, -0.5782167696463802, -0.08331822165203955, -0.6823578739960079, -0.17701686052901705, 0.35062047433027627, 0.5760442158922606, 0.6560179735154952, 0.5651342023511416, -0.1696886043499094, -0.5715262472799949, 0.08226161846258286, 0.03249572557043784], [-0.5771372221069433, -0.7136611832901641, -0.20989592086492662, -0.2931391815212407, 0.37379584939234484, 0.306666717492625, -0.2813588559755505, 0.6692734197199056, -0.4609208486467476, 0.3522902852260371, -0.06261092651698515, 0.5601366573374621, -0.15598938927082764, 0.17504096957290777, 0.3510991015908983, 0.10409314370437736], [0.1035950059879246, -0.27703461003036156, -0.6393173302413787, -0.5436648958692407, -0.17358811902788854, -0.7366521043502334, -0.09033551626207906, 0.21339365143424027, 0.3470937078886015, -0.45363219744383954, 0.019284760080450852, 0.15907025891297213, 0.574883362768253, 0.37912812157376985, 0.8048709300844252, -0.009679748829182253]], "inverted": true, "swapped": false, "error_lsq": 0.04179303916914133, "error_max": 0.373556521504323, "target": "439.xyz", "model": "13.xyz", "model_rescale": 4.170626492500431, "target_rescale": 4.085431530736479},
{"mapping": [13, 14, 4, 7, 3, 2, 5, 12, 0, 11, 8, 9, 1, 15], "R": [[-0.260171487227487, -0.8214076080012349, 0.5075434353348763], [0.06048010422881561, -0.5384766269038636, -0.840467179175195], [0.9636664123161655, -0.1879693161021968, 0.18977508260507558]], "T": [0.02773263916393543, 0.031384024005123135, 0.06709887283646432], "aligned_model": [[0.1880194852457948, 0.0092439304883934, -0.22356426352836817, -0.5091681540491009, 0.14312686411149095, -0.265078247551667, -0.6182913755718472, 0.4936273742750653, 0.6962248105724652, -0.15119834368420607, 0.4664414691446098, -0.7654618863602605, 0.3735422447289747, 0.005719114270299315], [-0.4119821494252746, -0.8366872099532605, 0.06964967219392537, -0.35230115855481436, 0.6299753890499769, 0.7197225832891219, 0.4263889084999324, -0.4657516546291866, 0.232519053264654, -0.506519798907892, 0.05974776223300032, 0.09613130137864206, 0.6626840381966403, 0.03249773129020068], [-0.4015286888444129, 0.039066061492568555, -0.5846835294406332, -0.04442646195361938, -0.2542007570326329, 0.4059068866390877, -0.2227586784758473, 0.20246596170004816, 0.005820500367873474, 0.5263125717322549, 0.5391842030780698, 0.4084266340679182, 0.30433066088016547, 0.07995773691002567]], "inverted": false, "swapped": true, "error_lsq": 0.04149950882516725, "error_max": 0.29398648721395443, "target": "439.xyz", "model": "14.xyz", "model_rescale": 3.9786697098870705, "target_rescale": 4.085431530736479},
{"mapping": [3, 8, 5, 4, 2, 9, 12, 11, 7, 13, 10, 15], "R": [[0.3519227979492266, -0.8232137487059148, 0.44549912258627744], [-0.9242456378416437, -0.23032873292376965, 0.30449741496509375], [-0.14805521002072686, -0.518910202955469, -0.8419096483913419]], "T": [-0.048777485269909875, -0.12018357898716898, -0.0295627213823831], "aligned_model": [[-0.0104426105840831, -0.6800781312863531, 0.6070368131860229, 0.5285145551650524, -0.06940175073046645, 0.39103322481362696, -0.4599868376764807, -0.12084281173946063, 0.48560474978225965, 0.13229863422003774, -0.2819128759647572, -0.038468362418062105], [-0.32887943054111046, 0.0015993056183639387, 0.10253673344784082, -0.48082627149403007, 0.44765877783264557, 0.624867949653694, -0.3788345339312558, 0.24592189460344843, 0.03336326596627222, -0.6671047205950696, 0.5113324628143491, -0.09696094315070905], [-0.6851825659100823, 0.02300077864352971, -0.4511034131459068, -0.19113450556513514, -0.6224107248948839, 0.006757587011713733, 0.466957759486984, 0.5973403106000909, 0.3429606666543573, 0.3020483944580249, -0.10207513078524895, -0.027192662679613268]], "inverted": true, "swapped": true, "error_lsq": 0.049311014496528784, "error_max": 0.3237247201805229, "target": "439.xyz", "model": "15.xyz", "model_rescale": 3.769337070930944, "target_rescale": 4.085431530736479},
{"mapping": [7, 9, 13, 4, 14, 11, 12, 10, 0, 3, 15], "R": [[0.47011710627706527, -0.3587647980066703, 0.8063979948492629], [-0.8799702184663747, -0.2610568590122138, 0.3968648774771057], [0.0681345800450801, -0.8961791874808912, -0.4384296328125762]], "T": [-0.03940039910064975, 0.046372975517246375, 0.12899803281765243], "aligned_model": [[-0.2517978340756337, -0.30041899745481626, -0.05955800558185987, -0.6420047756246213, 0.32692004963539517, 0.41116080493184093, 0.5495234800791348, 0.17814643053386708, 0.21642130122542286, -0.46171400794969164, -0.044052315027866724], [-0.12465828843860194, -0.7280111784271975, 0.5979875725469547, 0.34655245551146985, 0.26845504296069983, -0.2688631817217898, 0.3712248355720275, -0.5673666252993832, 0.47224141610787895, 0.2059028919014812, 0.02259955691180287], [-0.48218959609395484, -0.1574507047761584, -0.2413966696024128, -0.06125164060312166, -0.6267560424239081, -0.3504337216281183, -0.04468549971681221, 0.3145236382469817, 0.6232484259518436, 0.6496344925194915, 0.12097492534994668]], "inverted": false, "swapped": true, "error_lsq": 0.0391830873181421, "error_max": 0.17247075187766417, "target": "439.xyz", "model": "16.xyz", "model_rescale": 3.7852294659196426, "target_rescale": 4.085431530736479},
{"mapping": [7, 10, 2, 9, 11, 8, 0, 1, 5, 4, 6, 3, 15], "R": [[0.4538845851825554, -0.22226149016226615, 0.8628954822714676], [0.8426310698938133, 0.4219698324252912, -0.3345360078864148], [-0.28976139042886184, 0.8789432806010982, 0.37881003960152937]], "T": [-0.11411434427501621, 0.16055679735998823, -0.09885135254440307], "aligned_model": [[0.005537815129359788, -0.3011049759730957, 0.2131051426579078, 0.1023968784264232, -0.6304172583116928, -0.6216572489608562, -0.2943150639881801, -0.0754289403594266, 0.6251820927720357, 0.4533167827085334, 0.10730151629125265, 0.38052654234961525, -0.11067743252559324], [-0.11951751226553986, -0.40587773370275987, -0.3537898951966311, -0.6581532863429018, -0.22195062995998532, 0.16438348181908874, 0.6722267611129336, 0.18995785050552405, -0.16214068986773134, 0.4078611779736128, 0.8287507744093912, 0.39766445693837277, 0.13564086827950025], [-0.6948013699171135, 0.22147519434389712, 0.451343108551533, -0.2796581420287812, -0.4443269806041596, 0.2992944179564376, 0.3447855158175938, 0.657483183276546, -0.18070730131610585, -0.42488379343280386, -0.0693357364787108, 0.31824726008813325, -0.10316065911329202]], "inverted": true, "swapped": true, "error_lsq": 0.042825124279003215, "error_max": 0.3189403026954121, "target": "439.xyz", "model": "17.xyz", "model_rescale": 3.901054581598922, "target_rescale": 4.085431530736479},
{"mapping": [5, 4, 9, 2, 13, 11, 6, 3, 7, 8, 12, 0, 1, 10, 15], "R": [[-0.4103164500657904, -0.8181276762450385, -0.40287406986216034], [0.9083212006198329, -0.32730873707731517, -0.2604257804776596], [0.08119733560870644, -0.4727960405870021, 0.8774228722202886]], "T": [-0.003541677959254308, -0.005639470763303414, 0.0381445184587162], "aligned_model": [[0.015613127050116637, 0.08832462888019212, -0.5187966550071974, 0.23976461352276843, -0.09687268513106587, -0.6581239931510915, 0.46827023663945133, 0.616462500174505, -0.5658307949272612, 0.11964000675636938, -0.15404322762378514, 0.5515820681359115, 0.5958034033910645, -0.14327307450568422, -0.01943394311525949], [-0.020716316453418357, -0.5417825432156437, 0.40543816881124706, 0.6339977039629734, -0.6370231293890734, 0.17761477953504673, -0.521451942411011, -0.03286179152858158, -0.22379344929127776, 0.3823499313991608, -0.155677285390402, -0.036106173627318036, 0.45455204672916927, 0.6557508771847014, 0.008466473511533252], [-0.7722868904908351, -0.4017939779032221, -0.523444200004585, -0.41573364914430705, 0.2239434071980724, 0.30304811029294504, 0.12595315813912034, -0.2613795472861932, -0.25194938351206836, 0.5385693325305521, 0.6994795119781623, 0.46476089027300566, 0.09655815699308445, -7.348024485211851e-05, 0.024014966033096906]], "inverted": false, "swapped": true, "error_lsq": 0.031094175336845113, "error_max": 0.21924999176300314, "target": "439.xyz", "model": "18.xyz", "model_rescale": 3.9405287249114394, "target_rescale": 4.085431530736479},
{"mapping": [5, 2, 10, 11, 13, 14, 9, 12, 6, 3, 1, 0, 8, 7, 4, 15], "R": [[0.0667159358717101, -0.9600603926957757, -0.2717223330490061], [-0.6927273611536712, -0.2405666057721943, 0.6798944854139626], [-0.7181070860323224, 0.14286969785114972, -0.6811097286238746]], "T": [-0.009156893306383912, 0.11620059192677036, -0.006969691896381313], "aligned_model": [[-0.11955331860725396, 0.42183917556226425, 0.18252656531310907, -0.4210673024593886, -0.5673608044648031, -0.11268640112502112, -0.6684479620066384, 0.15697705223796427, 0.4037551633113706, 0.6201077212631457, 0.6454763279786693, 0.3259974676343861, -0.05147808545640458, -0.5490154285259832, -0.074764298431135, 0.006614485120077259], [-0.7008598496461877, -0.5978925436034813, -0.2003477117078587, -0.21597311156273347, 0.3735487776601514, 0.39569189076568756, -0.26774757849611297, 0.6301917323597722, -0.40283443976763467, 0.36112658241396023, 0.10455028033135193, 0.15612245550113235, -0.3197273209815603, 0.1408846526646353, 0.594693865306338, 0.08625493460571233], [0.10021009563960769, -0.2511799812402002, -0.7004815231611652, -0.4960541911818195, -0.2780972453452108, -0.7217460324116165, 0.07627053946761825, -0.09835722881275989, 0.3371083878557357, -0.5260707407380258, 0.07572879544844746, 0.5919894528765199, 0.6098349181531424, 0.44421653133897077, 0.5420338457419306, -0.027990346954741393]], "inverted": false, "swapped": false, "error_lsq": 0.04697565501896241, "error_max": 0.2939322100938234, "target": "439.xyz", "model": "19.xyz", "model_rescale": 4.410303926677745, "target_rescale": 4.085431530736479},
{"mapping": [6, 0, 3, 13, 5, 12, 4, 1, 8, 10, 11, 9, 2, 15], "R": [[0.37114930301787485, -0.6960332718393614, -0.6146428876688801], [-0.02547373386341284, 0.6540407121650421, -0.7560303140176992], [0.9282237250536112, 0.2962573734495706, 0.22501618813845342]], "T": [-0.08582267006494229, -0.023008266343433524, 0.08663891647396446], "aligned_model": [[-0.16195376081661256, 0.18429672852038811, 0.36054608871632954, -0.6390856001654972, 0.06192560957963203, -0.4137473802077102, -0.33423492315786285, 0.6357332530919, 0.18724359405362664, 0.307683476245192, -0.43581905502695795, -0.029185326741308082, 0.6214012579718986, -0.0836160726021456], [-0.19161579808099746, -0.5597391980528407, 0.13358902582528573, -0.15810185187733083, 0.7632752739195856, -0.6284135399543159, 0.40718271777673926, -0.23038391736777608, -0.5535003288059461, 0.01832074319482422, -0.14454507130661817, 0.6211539809133156, 0.3400349238061445, -0.006308493808867378], [-0.5931808413511991, -0.2739821306327923, -0.4144530120990455, -0.2561833139316665, -0.044973874000165975, 0.17870343235701797, -0.4059681914195111, -0.017068853713116464, 0.33188875896768555, 0.6360636126346288, 0.7151016251002228, 0.6625743437455374, 0.29248598468574516, 0.10580749838168073]], "inverted": false, "swapped": true, "error_lsq": 0.04047300460942462, "error_max": 0.3008941328196052, "target": "439.xyz", "model": "20.xyz", "model_rescale": 4.121658175737393, "target_rescale": 4.085431530736479},
{"mapping": [14, 7, 9, 11, 10, 13, 5, 12, 4, 3, 2, 8, 15], "R": [[0.8314443152252552, -0.26969852852656984, 0.48576028490420053], [0.5267262112337463, 0.1043992739567605, -0.8435996028902839], [0.17680455050408045, 0.9572687685848238, 0.22885946695110904]], "T": [0.053032898335491574, -0.09792843169564602, -0.10633384829260416], "aligned_model": [[0.20659709270883292, -0.10579902480551581, 0.1618167532622307, 0.5559769499830849, 0.5476838577974719, -0.25472423713869635, -0.4673068560530353, 0.4038954053000774, -0.6337321224240358, -0.3486117990625292, 0.1527426320487758, 0.6031501483904109, 0.05939410465722251], [-0.689415829962112, -0.047687982220382785, 0.5746480095521561, -0.19916950289883006, 0.3643938564798511, -0.6594713816905525, 0.4980128201045877, -0.6971907463329942, -0.12184620024699622, 0.1314404530486153, 0.6750402082823921, -0.2093067730924141, -0.07862002686013736], [0.5111092940167069, 0.541865965651162, 0.42813917200106233, 0.41234868177268247, -0.10523789025526388, 0.0720822081930383, 0.07113122108310076, -0.08883483732395615, 0.024877582843743654, -0.6171492292031181, -0.36501610204526336, -0.42429669901311795, -0.09090962823898802]], "inverted": false, "swapped": true, "error_lsq": 0.04684550859171409, "error_max": 0.2597629944774772, "target": "439.xyz", "model": "21.xyz", "model_rescale": 4.08911054899281, "target_rescale": 4.085431530736479},
{"mapping": [1, 0, 7, 6, 5, 10, 8, 9, 4, 12, 13, 14, 2, 11, 15, 16], "R": [[0.8655493501731757, -0.499243613218559, 0.03975093804265559], [0.42566928753652583, 0.7751619953382638, 0.4668292392635107], [-0.26387493261569883, -0.38714299121084395, 0.8834536344898813]], "T": [0.02732988595879153, 0.01674546737634429, 0.0169060236046791], "aligned_model": [[-0.40404327186373357, 0.15195637157387576, 0.32802098542841285, -0.25560401883551986, -0.4646410494080514, -0.0480734146736226, -0.6211756816519526, -0.04010032776380126, 0.5046953219373956, 0.5282665873433015, 0.6594555512687905, 0.3801720379356169, 0.18862177892689763, -0.6501316800764554, -0.11767850067809422, 0.05917966788129905], [-0.5087792366303198, -0.7167737131373318, -0.1232770184047672, -0.36107056741842497, 0.428874110280786, 0.38072798250842416, -0.20206462285523563, 0.7152287812606096, -0.44575879668002955, 0.47534482881996326, -0.06409157459625578, 0.4682654254473416, -0.2898494885240497, 0.16178680943658996, 0.23549744360223962, -0.016377747266367593], [0.42646598924459633, -0.19872618428888342, -0.6122002902921553, -0.5599540789515386, -0.2760848199385699, -0.6993107593226687, -0.0941106024059664, -0.10606485939247148, 0.2278662855745303, -0.2724355615910824, -0.1580582068247122, 0.30579134548689446, 0.6503397515134898, 0.3423316923784883, 0.6970730314758387, 0.004492544010643595]], "inverted": false, "swapped": false, "error_lsq": 0.043189151692685376, "error_max": 0.3523069093602576, "target": "439.xyz", "model": "22.xyz", "model_rescale": 4.204369325754507, "target_rescale": 4.085431530736479},
{"mapping": [5, 2, 10, 11, 13, 14, 9, 12, 6, 3, 1, 0, 8, 7, 4, 15], "R": [[0.0667159358717101, -0.9600603926957757, -0.2717223330490061], [-0.6927273611536712, -0.2405666057721943, 0.6798944854139626], [-0.7181070860323224, 0.14286969785114972, -0.6811097286238746]], "T": [-0.009156893306383912, 0.11620059192677036, -0.006969691896381313], "aligned_model": [[-0.11955331860725396, 0.42183917556226425, 0.18252656531310907, -0.4210673024593886, -0.5673608044648031, -0.11268640112502112, -0.6684479620066384, 0.15697705223796427, 0.4037551633113706, 0.6201077212631457, 0.6454763279786693, 0.3259974676343861, -0.05147808545640458, -0.5490154285259832, -0.074764298431135, 0.006614485120077259], [-0.7008598496461877, -0.5978925436034813, -0.2003477117078587, -0.21597311156273347, 0.3735487776601514, 0.39569189076568756, -0.26774757849611297, 0.6301917323597722, -0.40283443976763467, 0.36112658241396023, 0.10455028033135193, 0.15612245550113235, -0.3197273209815603, 0.1408846526646353, 0.594693865306338, 0.08625493460571233], [0.10021009563960769, -0.2511799812402002, -0.7004815231611652, -0.4960541911818195, -0.2780972453452108, -0.7217460324116165, 0.07627053946761825, -0.09835722881275989, 0.3371083878557357, -0.5260707407380258, 0.07572879544844746, 0.5919894528765199, 0.6098349181531424, 0.44421653133897077, 0.5420338457419306, -0.027990346954741393]], "inverted": false, "swapped": false, "error_lsq": 0.04697565501896241, "error_max": 0.2939322100938234, "target": "439.xyz", "model": "23.xyz", "model_rescale": 4.410303926677745, "target_rescale": 4.085431530736479},
{"mapping": [11, 1, 3, 10, 8, 4, 9, 5, 7, 2, 0, 12, 13, 15, 6, 16], "R": [[-0.3388482820521317, 0.2412603598173765, -0.9093818122939941], [-0.9382778762419256, -0.15795245403443214, 0.3077103332997486], [-0.0694007831746935, 0.9575199533405507, 0.2798911757262964]], "T": [-0.0674159776726872, -0.05785940050590267, 0.07240204580483464], "aligned_model": [[-0.30400271177758237, 0.3329558773680202, 0.36500980214248663, -0.3566988611093769, -0.6119069423855572, -0.08222675763475702, -0.6820627876570104, 0.047439741812300804, 0.3948290592369959, 0.49172123223524916, 0.667477947887513, 0.5333065617746076, 0.10119826756542805, -0.6024991158904538, -0.09724539773627638, 0.0016244415127719264], [-0.6386206360620887, -0.7040673541586187, -0.06679161277859767, -0.3054723753150059, 0.2211593351037534, 0.3420991429856813, -0.15160866633246955, 0.5605333017372157, -0.47725355155588045, 0.4206572284083797, 0.05601962910786869, 0.3250835509287092, -0.11787807141445043, 0.36943245439187145, 0.3817566236390233, -0.07736638284221947], [0.1587999111233395, -0.325659517144377, -0.7163812864032029, -0.45560096018315765, -0.47658320151907174, -0.4876856056178298, -0.004020187618817089, 0.07158783331894909, 0.30124471796134467, -0.4673028434886186, -0.05931088398989712, 0.4447768050598616, 0.7522208593678965, 0.2734540210942984, 0.691874439680038, -0.023998824964321624]], "inverted": false, "swapped": false, "error_lsq": 0.03667584677736292, "error_max": 0.2292694572924576, "target": "439.xyz", "model": "24.xyz", "model_rescale": 4.28219845311461, "target_rescale": 4.085431530736479},
{"mapping": [14, 12, 9, 11, 8, 5, 10, 1, 13, 3, 7, 4, 2, 6, 0, 15], "R": [[0.8781713534079008, -0.41577238618598084, -0.2365341348282564], [-0.41730315049114025, -0.4241782387638419, -0.8036982657374435], [0.2338229130002125, 0.8044912334167608, -0.5460043046640515]], "T": [0.07364049261711214, -0.015547894854115512, -0.02807471891149671], "aligned_model": [[-0.38075055566077454, 0.11298495270307438, 0.41626361657684674, -0.18409643200421344, -0.510255126233646, -0.23217477123821678, -0.6875324572483175, -0.009536177776801824, 0.4246503334880153, 0.5200056672578155, 0.8470797651461022, 0.5399266194856357, 0.015508557516540858, -0.663108221103302, -0.07553384540034816, 0.06548843183594821], [-0.5802869501300701, -0.7437458922261989, -0.12412592324056543, -0.32521374225204647, 0.32271057721851854, 0.3466774799600368, -0.20151327287550336, 0.6106654539207725, -0.4483450252160169, 0.5660526463538479, -0.07872066927521093, 0.3642016976230775, -0.21423635154280776, 0.15293789003194327, 0.46402450051444527, 0.02660019697894994], [0.20589792817694955, -0.25742072458165405, -0.6005202539265349, -0.394347584260074, -0.1911488409750581, -0.7355706433859662, -0.15352366230442008, -0.1320741523955011, 0.1778262099336427, -0.27816327561572307, -0.08592710029716782, 0.38787728304193675, 0.6245535057984433, 0.46285400105064384, 0.614818356578759, 0.03228422983815697]], "inverted": false, "swapped": false, "error_lsq": 0.03537878626298941, "error_max": 0.20240605498580777, "target": "439.xyz", "model": "25.xyz", "model_rescale": 4.100010024507729, "target_rescale": 4.085431530736479},
{"mapping": [11, 12, 13, 0, 9, 5, 7, 3, 8, 2, 10, 15], "R": [[0.7973081582807527, 0.5606602261966172, 0.2235169154675162], [-0.051659878652992874, -0.305574362941092, 0.9507657785441713], [0.6013575955091219, -0.7696001685773622, -0.21467329328349954]], "T": [0.08080435139924783, 0.00615189689240675, 0.02061348284067052], "aligned_model": [[-0.5798385267875673, 0.0241645660882545, 0.30447914990768365, 0.5835316053691567, -0.5712140658978119, 0.10143647646590193, -0.3076650558582772, 0.6357301447961492, 0.003607271314276725, -0.016622177717994846, -0.3608626211078759, 0.06001883579111119], [-0.28956319876323405, -0.6843377656322966, -0.30815894060594007, -0.3534264973567614, 0.5757531753711409, 0.7951297438246181, 0.18352795106302638, 0.36208728523122147, -0.39226871012181314, 0.6000859903076117, 0.15641484992210944, 0.020887506810957013], [0.11192399857357109, 0.07103169968054515, 0.5619594999863091, -0.3096300767743312, 0.03736976216941611, 0.20630559066518683, 0.5359230367989966, -0.17995636724264585, -0.48082058950720297, -0.5380361586131235, -0.4700737916098593, 0.019195685727494704]], "inverted": true, "swapped": true, "error_lsq": 0.038781302998582914, "error_max": 0.17190813798040785, "target": "439.xyz", "model": "26.xyz", "model_rescale": 3.6694154284099745, "target_rescale": 4.085431530736479},
