[{"mapping": [8, 12, 13, 1, 0, 3, 4, 10, 9, 6, 5, 14], "R": [[0.7280633532910972, 0.45449608403042097, 0.5131832647266819], [0.6646154862383711, -0.28457624819498706, -0.6908709100949313], [-0.16795835509630538, 0.8440673365107063, -0.5092546734091555]], "T": [-0.07473522513072083, -0.14002139102952604, -0.12526359501264955], "aligned_model": [[-0.2625719631169648, 0.22125181404308603, 0.3426557822500933, 0.024309197468042845, -0.1357555469260937, -0.45222030075758934, 0.29149109882681956, -0.2152797295044801, 0.5172986043975808, 0.14177710523556436, -0.6283314360512708, -0.006982163404239364], [-0.21295041884019872, -0.7598261429023729, -0.454444955304695, 0.6455223274966004, 0.49977322603361074, -0.5934930209626065, -0.22525477551840922, -0.5488920254003666, 0.16288286107274347, 0.4721836388191104, 0.05624909790246929, 0.011805223581171809], [-0.5783337194584419, 0.0850015314193314, -0.6199386038236121, -0.1052702315871702, -0.6926303960384887, 0.02708064848219957, 0.45728152086703716, 0.6284934357729755, 0.056615928741563126, 0.5498240843419806, 0.3924456484947611, -0.018618101858572877]], "inverted": false, "swapped": true, "error_lsq": 0.03959586730040153, "error_max": 0.17465275052897444, "target": "44.xyz", "model": "0.xyz", "model_rescale": 3.751011558992144, "target_rescale": 4.039133410638093},
{"mapping": [3, 12, 1, 8, 10, 6, 11, 7, 0, 9, 4, 13, 8, 2, 14], "R": [[-0.21043551692832177, -0.8753843622390751, -0.43522305954808754], [0.3278962574148482, 0.3562023040442615, -0.8749879787556487], [0.9209782503340923, -0.3268365599819698, 0.21207764019506298]], "T": [0.05064880266949088, 0.0715389014165923, -0.08820938215942495], "aligned_model": [[0.35968352791797203, 0.6075424297353491, -0.5689258944302821, -0.3551694018569317, 0.09203311109883047, -0.19406239968549746, 0.4222140878296503, -0.022708204003775566, -0.26103344126986944, 0.6034991093565776, -0.5565424515447495, 0.657886336266985, -0.3551694018569317, 0.11183829963573153, 0.09998442759878476], [-0.6198245078123461, -0.24980800716194024, -0.15530831723529553, 0.21721598546200935, 0.8779476868347817, 0.16092970190347697, 0.33128835198766365, -0.3564516517367112, -0.6152302002328229, 0.4267200253338075, 0.5783627759001821, -0.10151540740777892, 0.21721598546200935, -0.3226547766319004, 0.07265917998047462], [0.011390138334955169, -0.46047374596244095, -0.31260430977469755, 0.4162785009446671, -0.23119874520803382, -0.7923765906407847, -0.7448679317257517, -0.5893279906551703, -0.00631372701175778, -0.039295897891873446, -0.08348593331472434, 0.27070144560748743, 0.4162785009446671, 0.6360870292880764, -0.11205374275355355]], "inverted": true, "swapped": false, "error_lsq": 0.05942863538142931, "error_max": 0.4670337648654996, "target": "44.xyz", "model": "1.xyz", "model_rescale": 3.9405287249114394, "target_rescale": 4.039133410638093},
{"mapping": [6, 5, 7, 12, 3, 1, 4, 10, 8, 11, 13, 9, 14], "R": [[0.8663241960879229, -0.41441963636721, -0.2788167001201391], [-0.00422502655865592, -0.5642716980832624, 0.8255783426742794], [-0.4994642493944815, -0.7140404860618906, -0.4905931591872294]], "T": [-0.011270364391461098, -0.17758962153500835, -0.060181144594371905], "aligned_model": [[-0.3801713854802977, 0.1633763544332178, -0.31251525861796664, 0.5237831754651424, 0.5574643560420698, -0.73010383141372, 0.1604846103309811, 0.6595046846685853, -0.05048773972691754, -0.541943298096281, -0.03228918824542366, -0.3926807825199645, -0.12843841755549398], [0.6443477756948677, 0.45812630493751993, 0.07317512734548637, -0.29350403185602547, -0.16623054831391532, 0.1481811576599697, 0.2490941082867631, 0.3521487078402743, -0.5828012298798043, -0.5873098945407584, -0.8190600926233442, 0.013177621807813511, -0.030512412786829923], [0.19623046642123682, -0.4825287677878243, -0.6564952192257689, 0.4048556713281351, -0.2787035901924304, -0.12681681114236798, 0.4586507025291788, 0.09639391973075556, -0.34327012501302057, 0.09780989595012493, 0.26517195424057444, 0.48154678916856536, 0.00027546358148507893]], "inverted": true, "swapped": true, "error_lsq": 0.04158166377858371, "error_max": 0.1939182775509262, "target": "44.xyz", "model": "2.xyz", "model_rescale": 3.932901565614263, "target_rescale": 4.039133410638093},
{"mapping": [9, 6, 1, 4, 11, 8, 7, 13, 12, 3, 5, 10, 2, 14], "R": [[0.28609441120440887, -0.10471973512129845, 0.9524619493469164], [0.08355588773665795, -0.9874972502872226, -0.13366972095322743], [0.9545514137552475, 0.11782596382504057, -0.27376749395528793]], "T": [-0.07300024507444679, -0.16189410368993196, 0.06430570014922107], "aligned_model": [[-0.2117852268730852, 0.47413433334100763, 0.21923196768308545, 0.013845713946272181, -0.5171095974395684, -0.26452940639164546, 0.450222205697526, -0.7892693814626591, -0.4060898914169828, 0.06819280759114406, 0.6942869389909029, 0.30761276350038436, 0.3652798769773453, 0.015786807908976838], [0.12027008206253653, 0.20060081094174015, -0.43800754408440856, 0.49595287583751724, -0.5050321792168189, -0.5695341321114342, -0.6409270980263473, -0.22205440738715176, 0.40297717633350194, -0.021002621122099246, -0.09529151421455188, 0.5368365162963056, -0.48834098057346165, -0.11295034638483924], [-0.5492554651101513, -0.604018437195338, -0.6180799443401706, -0.13679226889707252, -0.33502972006373255, 0.2717183528339012, -0.013073744972813495, 0.09777295687487533, 0.357476990866076, 0.6401132912940541, 0.20518934940792768, 0.4135718926392822, 0.5895156308067303, -0.10521252108647058]], "inverted": true, "swapped": true, "error_lsq": 0.045390582804556955, "error_max": 0.35341238926944524, "target": "44.xyz", "model": "3.xyz", "model_rescale": 3.9243930471874484, "target_rescale": 4.039133410638093},
{"mapping": [13, 8, 12, 4, 10, 11, 9, 3, 5, 7, 6, 1, 14], "R": [[0.5283666244928235, -0.8471428747224301, -0.056370736460303106], [0.6209396908561675, 0.3402946481418451, 0.7061398252226431], [-0.5790186615658486, -0.40810354354383527, 0.7058249693128307]], "T": [-0.03975655007188772, -0.05242401197863825, -0.2348674946998826], "aligned_model": [[-0.21249584829155713, -0.3503890764380077, 0.5230887068567356, 0.47628001934705544, 0.7984256241358112, -0.5949387777022791, -0.07264556515754364, 0.35349805970095816, 0.22142594715569985, -0.400331398376561, 0.10341561925167267, -0.517182570259584, -0.05094485391104791], [-0.5984025633560417, 0.037027308826024834, -0.4087355024928398, -0.3190881573321966, 0.14661616830611737, -0.45980075031312767, -0.5419459921069916, 0.26232079694638355, 0.6093008497445674, 0.5211123926289692, -0.03768452221701305, -0.009760789386579961, -0.07312968556568505], [-0.6705845490395149, -0.6108724357176192, -0.503614624316173, 0.14373751693010778, -0.12123975032419151, -0.2510699870522508, 0.24951019478070463, -0.5778351129211419, 0.09211513618985673, -0.010671837868675899, 0.6907136416473216, 0.3956344566298798, -0.03875233356733962]], "inverted": true, "swapped": true, "error_lsq": 0.04410218838877999, "error_max": 0.2612351483788018, "target": "44.xyz", "model": "4.xyz", "model_rescale": 3.8936222436046832, "target_rescale": 4.039133410638093},
{"mapping": [2, 5, 7, 8, 1, 6, 4, 9, 13, 3, 11, 14], "R": [[-0.2680701343523355, -0.24956361961857879, 0.9305140530003801], [0.9211857366830069, -0.34917673477349953, 0.17173364965755378], [0.2820553874686797, 0.9032129359435629, 0.32349830099106003]], "T": [0.07309578124722678, -0.0724105510717952, -0.003989511411640497], "aligned_model": [[0.022983376443924022, -0.4986970681237633, -0.3582175821496886, 0.3857975388516552, -0.5121232780787408, -0.7812022058350054, -0.1736463363557531, -0.17038544998962807, 0.6957655835169014, 0.2520132432818436, 0.262789438503781, -0.09752921785042916], [-0.5609635907963342, -0.5662120919419014, -0.06274867733221716, 0.014878413843836036, 0.44208554450844173, 0.05807349443084878, -0.21594481332521945, 0.36483334103969023, 0.2572257049280148, -0.649627415726031, 0.5863061365130672, 0.001016858967611653], [-0.5813171257994789, -0.2094808884246996, -0.5724060417247697, -0.3787855470031439, -0.14576710547770383, 0.3573480395369697, 0.6278819194873385, 0.47021495003429076, 0.1423083054820854, -0.08240827790940218, -0.07147488364132638, 0.0631713747153585]], "inverted": false, "swapped": true, "error_lsq": 0.04460604344724097, "error_max": 0.25227363215295145, "target": "44.xyz", "model": "5.xyz", "model_rescale": 3.6523030999806103, "target_rescale": 4.039133410638093},
{"mapping": [13, 11, 9, 12, 4, 8, 1, 3, 7, 5, 6, 10, 14], "R": [[0.20589307034016968, -0.8509095434214756, -0.4832814837133266], [-0.7375481448958291, -0.4595137496886176, 0.49484325579705357], [-0.6431413355916564, 0.25455856450208647, -0.7221974520115797]], "T": [0.024067748087535493, -0.17392514827044714, 0.08199653881519214], "aligned_model": [[0.1999330300587756, -0.24491914879317883, 0.1873363768426315, 0.7159574913848159, 0.5575625069687786, -0.2445820515994877, -0.4777739664518383, 0.24150611271991773, -0.5987239323503597, -0.12193630419272665, 0.03467992177281677, 0.6293221035598193, 0.002720764744330084], [-0.44436465059315783, -0.06590110074703528, 0.42355797858080235, -0.3545045538284464, 0.24702631728075236, -0.5512406462891851, 0.4360050019340871, -0.5990126880674793, -0.09956060082300347, -0.04145726915702588, 0.710242966671521, -0.14086753623310752, 0.02090368543446125], [0.7252030945471895, 0.7068345082394767, 0.3848041846914567, 0.1502412646541761, -0.05558423063571047, 0.25901100427788437, 0.14055054264495875, -0.2966344307270617, -0.25833030121129663, -0.6757295384087243, -0.22711523527093003, -0.5406204978031937, 0.05747937448356373]], "inverted": true, "swapped": true, "error_lsq": 0.039972412432227794, "error_max": 0.24064251106161239, "target": "44.xyz", "model": "6.xyz", "model_rescale": 4.08911054899281, "target_rescale": 4.039133410638093},
{"mapping": [0, 0, 4, 5, 11, 8, 9, 3, 6, 1, 10, 2, 12, 7, 14], "R": [[-0.5586834407116402, 0.8266626847425587, -0.06709410353248768], [0.045590755495210744, -0.05016432789904962, -0.9976998663023928], [-0.8281269806545244, -0.5604572649726844, -0.009662197025484431]], "T": [-0.01430064032033327, 0.13039408869512775, -0.021903713239209324], "aligned_model": [[0.6039047441309623, 0.6039047441309623, -0.5526485341119652, -0.7004331722981284, 0.08775238552350836, -0.31446934901723783, 0.3557792101467564, 0.025915604010473235, 0.07119115098306678, 0.7065095079632004, -0.5290193361658775, 0.5636600336381871, -0.2584305070338492, -0.10250503852809045, 0.07995869141987491], [-0.4893783932555161, -0.4893783932555161, -0.2402710107688022, 0.013171088671307063, 0.7056130656395383, 0.24409170069004854, 0.3284049273426004, -0.4071482259655405, -0.36088235887329256, 0.24836668684546057, 0.6204087977506247, -0.2659155664312016, 0.6107203219574431, -0.2645237174993476, 0.2082679017978036], [-0.36593911309808047, -0.36593911309808047, -0.2857946357654748, 0.2879061420115289, -0.07881918948511778, -0.6236682624034727, -0.6840139155198959, -0.601457291355115, 4.103870207393043e-05, -0.08869634062071961, -0.14117293625295183, 0.3768940549369895, 0.44466807741006886, 0.6380575545824719, -0.13332906986315923]], "inverted": true, "swapped": false, "error_lsq": 0.05266078040182771, "error_max": 0.35510905399534115, "target": "44.xyz", "model": "7.xyz", "model_rescale": 3.964800864290218, "target_rescale": 4.039133410638093},
{"mapping": [3, 10, 12, 2, 13, 5, 8, 4, 6, 1, 7, 11, 9, 14], "R": [[0.5172873211612589, 0.8069026329070385, 0.28517006921045923], [0.3695063772905767, -0.5111372938031813, 0.7760178503263664], [0.771931904061105, -0.2960520357829848, -0.562560510168771]], "T": [-0.02446731191860851, 0.10378240646885115, 0.02297611935001337], "aligned_model": [[-0.2543486452855253, 0.2227798878383757, 0.3846217671133169, -0.6980571836157541, 0.15083624403303086, -0.30082215326677386, -0.38895964533547, 0.5699712097773534, 0.4205418290995401, 0.007551175325912211, -0.5395347636121239, 0.056664331092826314, 0.5588284150421478, 0.0711154212540164], [-0.1299977247902305, -0.5678783308812358, 0.13559126237504351, -0.19100201528699798, 0.7705592141163611, -0.6255646091644936, 0.4353008888931127, -0.24225966144962344, -0.4908116481436542, 0.015118995627351445, -0.1531801279793076, 0.6829164576955323, 0.15570702623613591, 0.01644873893320832], [-0.4906791082094269, -0.46978984024328924, -0.566610179082409, -0.16109269797411277, -0.18307762900245986, 0.09149372901624592, -0.032832980190246094, -0.06444809572101827, 0.5938007309592015, 0.8093615731812527, 0.44475532376633203, 0.3869363380321606, 0.3868512781338833, 0.17214659605890714]], "inverted": false, "swapped": true, "error_lsq": 0.04252663900327943, "error_max": 0.24043339831781438, "target": "44.xyz", "model": "8.xyz", "model_rescale": 4.121658175737393, "target_rescale": 4.039133410638093},
{"mapping": [9, 4, 12, 13, 6, 1, 10, 2, 3, 5, 11, 8, 14], "R": [[0.8684971595174646, 0.11516504278029266, -0.4821303732721154], [-0.4458353804527626, 0.6066158576659166, -0.6582157813094315], [0.21666448127608823, 0.7866093148124159, 0.5781887999639095]], "T": [0.018623831308816848, 0.09295930807877509, 0.015217957178113112], "aligned_model": [[-0.5418519725823876, -0.1813919733104979, 0.3917118364597334, 0.2094233145257154, -0.746174369407203, -0.7179592310211865, 0.290486595714165, 0.42523530282079347, 0.5516216004542975, -0.013472376422381908, -0.2796073731003506, 0.2539442214557456, -0.16522807915124568], [0.15847296648719406, -0.3038075205301366, 0.004725645007816609, 0.7060342446782516, -0.4371321123524343, 0.12397265831285556, -0.6622339232999981, -0.1778972680293822, -0.199920306534163, -0.5957003108370916, 0.7138281979400816, 0.43707048842855944, 0.022974680140156745], [-0.3809007576323513, -0.5170554911961933, -0.592233968746964, -0.3096134983087445, -0.09203296708732636, 0.30465193987650496, -0.31772563478426463, 0.5947059436694992, 0.053626021843272906, 0.38633989550585346, 0.010157928505680147, 0.28370562996668647, -0.002549607652564151]], "inverted": true, "swapped": true, "error_lsq": 0.04664399465176128, "error_max": 0.23680059317210433, "target": "44.xyz", "model": "9.xyz", "model_rescale": 3.833441315466971, "target_rescale": 4.039133410638093},
{"mapping": [1, 12, 4, 3, 8, 7, 11, 6, 5, 10, 9, 0, 2, 13, 14], "R": [[0.8076041286952884, -0.5795771265279724, 0.1089308299789477], [0.32596684957071126, 0.5926488203709361, 0.7365548103799765], [-0.49144804841943274, -0.5593368664038839, 0.6675485642155292]], "T": [0.09057751576262713, -0.0061652455076350275, -0.1728205350711461], "aligned_model": [[0.41516638135225387, 0.49866938822223855, -0.5268162754898746, -0.7635060823254565, 0.22001575792992617, -0.2248059864813846, 0.3289685484885642, -0.03708516125856903, -0.1144685861917796, 0.7827826009582828, -0.36528131322812146, 0.5688996298750523, -0.32943084381707294, 0.17442359362169138, 0.01353848313609271], [-0.6678930914333213, -0.20470650410643443, -0.5032703066150732, 0.14903524741996588, 0.7450484091618003, 0.3818254711269677, 0.4453582100562371, -0.5233737093434809, -0.40725235047681113, 0.41350031219297073, 0.6407965041589, -0.26141775456402694, 0.2022588217375274, 0.003206721129638438, 0.04843084420075075], [-0.12416604734786013, -0.5691315866167541, -0.26013631162081113, -0.20067487440228718, -0.01008409514581704, -0.6131731518448912, -0.6251847308637526, -0.594041633637281, 0.33167964507526254, -0.029687438867002758, 0.004783938499520524, 0.2393409302250445, 0.37197542765599084, 0.6200026122219033, -0.16276568315019865]], "inverted": false, "swapped": false, "error_lsq": 0.049342027890670055, "error_max": 0.3187787397764743, "target": "44.xyz", "model": "10.xyz", "model_rescale": 4.2482417240324, "target_rescale": 4.039133410638093},
{"mapping": [13, 12, 4, 10, 0, 1, 9, 5, 3, 7, 8, 14], "R": [[0.36165535131960136, -0.638089543580557, 0.6797404955091703], [-0.44324658208857104, 0.5237425790139074, 0.7274793319364206], [-0.8202059950577633, -0.5643894447108464, -0.09341670284422937]], "T": [-0.08880955161763614, 0.01876199960350207, -0.07665737692711241], "aligned_model": [[-0.7059637070833623, -0.014895039914734495, 0.3399483928039425, 0.6496480385498538, -0.5750988201783345, -0.06436736612123788, -0.09311720025370923, 0.5883672739939118, 0.1552152668037181, 0.05974716401136752, -0.4601532522075594, -0.0025651480408491883], [-0.3269906634589365, -0.683862185887062, -0.25268214921166215, -0.4376386727512667, 0.7246304657596562, 0.7305551788011518, 0.10792002516354808, 0.28866751128104007, -0.32361110396969806, 0.6417059776313527, 0.07014535417046609, 0.1272916525220502], [0.05508722270648239, 0.053086910499879264, 0.39581480362487964, -0.11482056098425841, -0.09209027588778923, 0.2698127019551806, 0.606985434086141, -0.3623080237055919, -0.517761464354655, -0.3914487739863327, -0.4012146566262059, 0.06404897252662678]], "inverted": true, "swapped": true, "error_lsq": 0.0446114212687018, "error_max": 0.2546679968685032, "target": "44.xyz", "model": "11.xyz", "model_rescale": 3.6694154284099745, "target_rescale": 4.039133410638093},
{"mapping": [11, 1, 6, 7, 7, 13, 8, 12, 5, 10, 4, 3, 9, 14], "R": [[0.6374863640084785, 0.5797173897682308, 0.5074828900599105], [-0.16331214492395585, -0.5420341488728699, 0.8243349590888407], [0.7529543671588518, -0.608380415082515, -0.2508644883606293]], "T": [0.05887367220023176, -0.09836210225540905, -0.002981649301382304], "aligned_model": [[-0.22318849654919992, 0.030726326070872716, -0.182374001733074, 0.6150292823339064, 0.6150292823339064, -0.32117374678827776, 0.2938575075119299, -0.31656436388160264, 0.5597878273186229, 0.06684038377246909, -0.38293137987168907, 0.3713105664695415, -0.5207634614878461, -0.007320875243749199], [-0.4148101683090635, 0.3243738228994461, 0.7835434558412404, 0.15507951457905794, 0.15507951457905794, -0.7075884693507782, -0.5107641464328202, -0.2614173290562843, 0.4764222280423546, 0.33619585853151535, 0.3309253692212089, -0.18460421112153608, 0.18066630613539614, 0.06788554257745881], [-0.5458878916880293, -0.6721531747223188, -0.20659429382287617, -0.37132958991637605, -0.37132958991637605, -0.04975758448122713, -0.1464423477541151, 0.5873038369444048, 0.1751242552340653, 0.7494633819418812, 0.3152412678857683, 0.5130471829927798, -0.25097185670765076, -0.08661813633751494]], "inverted": true, "swapped": true, "error_lsq": 0.052588032725693575, "error_max": 0.3534663469734653, "target": "44.xyz", "model": "12.xyz", "model_rescale": 3.9764082729961374, "target_rescale": 4.039133410638093},
{"mapping": [2, 0, 10, 11, 6, 12, 5, 1, 8, 4, 13, 7, 14, 3, 15], "R": [[-0.03821520679117796, -0.4634878769112072, 0.8852788181845588], [-0.8838057139783964, -0.3977239368492052, -0.24638005194476775], [0.4662907439667278, -0.7918299426098454, -0.39443413148134665]], "T": [0.057885794557054296, 0.07729069090098149, -0.19873215621810852], "aligned_model": [[0.31496300889348783, 0.7080603779404597, -0.6226275336895413, -0.5719698631255443, 0.10602684831558697, -0.3292415643230266, 0.5409758585163659, -0.13479564367048164, -0.18050442236480813, 0.6951093661893735, -0.4044429023950435, 0.6308697655630937, -0.2645993573655006, 0.04310231097075963, 0.11014388533666217], [-0.6768853503227501, -0.1697154006507004, -0.3395806521137796, -0.02567863434939409, 0.8185487532589412, 0.13410376623722203, 0.5622070515464238, -0.4131895280757637, -0.49044067765129096, 0.3510397276412478, 0.47776926238117884, -0.24966268028607858, 0.4959580625685136, -0.1156491280368671, 0.10272225249870753], [-0.23600572083485608, -0.40698425191185766, -0.2949963365245758, 0.2737335751234499, -0.020188801170734294, -0.7028335521947906, -0.6827817602019208, -0.5531691695450012, 0.14840475378464518, -0.01199355169522237, -0.2174307108856403, 0.16981168237176236, 0.40087521387131614, 0.6204132046275079, -0.10811757463301687]], "inverted": true, "swapped": false, "error_lsq": 0.03617749105769971, "error_max": 0.2590046509632943, "target": "44.xyz", "model": "13.xyz", "model_rescale": 4.170626492500431, "target_rescale": 4.039133410638093},
{"mapping": [1, 7, 6, 5, 9, 12, 10, 0, 11, 2, 8, 3, 13, 14], "R": [[0.736721062740987, -0.5823769638932298, 0.3436264652792256], [0.13921925651651745, 0.6279233818762684, 0.7657220286161672], [-0.6617099623919677, -0.5162841256707145, 0.5436824691413613]], "T": [-0.009652138731340276, 0.11602850311550073, 0.14958541691541252], "aligned_model": [[0.3472525759563533, 0.001713571754057586, -0.19028647909944005, -0.5847924760008184, 0.23846428513177606, -0.3022684661580941, -0.8392068222040827, 0.6788090101074445, 0.6749488326699697, -0.3632643716123553, 0.23376869588088503, -0.4887112899971103, 0.4368757295525531, -0.00011977388949547217], [-0.28766396107092623, -0.5927102211475143, -0.013003397996710131, -0.3759489976106716, 0.4125211031287294, 0.7526359945105219, 0.3459219143647093, -0.39133794009501044, 0.18341330372392511, -0.4228464987360475, -0.038428043990142796, 0.11844355086628072, 0.5771791485894334, 0.08789851338908859], [-0.4308798145477879, 0.06723153092736808, -0.7604354433752624, -0.05087770091175878, -0.42126095537350283, 0.30796555462059305, 0.03098667572529068, 0.08986726687066471, 0.1145649632566563, 0.5484270160627515, 0.5530247472154446, 0.5261976407399811, 0.4747526664668017, -0.04569104655637388]], "inverted": false, "swapped": true, "error_lsq": 0.03709203943987557, "error_max": 0.2173376380401698, "target": "44.xyz", "model": "14.xyz", "model_rescale": 3.9786697098870705, "target_rescale": 4.039133410638093},
{"mapping": [13, 4, 8, 0, 3, 2, 6, 5, 7, 1, 10, 14], "R": [[-0.12299302651147759, -0.9859721589761992, -0.1128344679313904], [-0.9876240027346939, 0.13275639535499129, -0.08351388336468825], [0.0973218611199379, 0.1011664035940897, -0.9900978810865062]], "T": [0.01327719429925021, -0.03683771146212954, -0.2210205021290745], "aligned_model": [[0.050698104645773984, -0.6677308926286094, 0.4466247539290494, 0.6545669687962644, -0.002306035427961168, 0.4564134434527368, -0.45530486348319893, 0.006901781463776759, 0.4869224156800565, 0.15664672534746615, -0.5846058712127125, -0.06547193379530516], [-0.288072288893144, -0.05283846989483969, -0.003832193512747731, -0.5830600959604569, 0.5654388875185821, 0.5367764669463897, -0.362046626719217, 0.3925376407861562, -0.007057886890523904, -0.5998942312762059, 0.5635520392567174, -0.14682875113627136], [-0.894267602180679, -0.09172539976786584, -0.4597553953638911, -0.06179032157337319, -0.31245534927556007, 0.0005636558987688611, 0.5220043824815982, 0.4336625443728551, 0.3118915802013479, 0.3172182915366324, -0.028288558681653475, -0.07709133377434987]], "inverted": false, "swapped": true, "error_lsq": 0.050639639134502167, "error_max": 0.3522323541674844, "target": "44.xyz", "model": "15.xyz", "model_rescale": 3.769337070930944, "target_rescale": 4.039133410638093},
{"mapping": [7, 1, 3, 8, 5, 6, 10, 9, 12, 13, 14], "R": [[-0.1063198232667691, 0.9473690317846091, -0.3019735299591927], [-0.9378072842673035, 0.005395833385446316, 0.34711436524186257], [0.33047479897218734, 0.3200981140175133, 0.8878758948449514]], "T": [-0.14120572218925803, 0.10567006459517767, 0.04793703543446248], "aligned_model": [[-0.348779425509975, -0.20556157988052987, -0.008361014517004522, -0.6088937796039449, 0.22607684725405247, 0.47681946834754446, 0.61687097160149, 0.11291875560342374, 0.20327418763837274, -0.4975582766242726, -0.04418002361798562], [-0.06552589272826087, -0.6235668305985798, 0.6850865129736021, 0.2697189810838509, 0.20637204050420005, -0.5423170203090601, 0.5186899638501877, -0.45622140891759877, 0.48983522086038433, 0.17518978697832083, -0.06119685607170436], [-0.6129918738046249, -0.2543216951488402, -0.08611195931451396, 0.032782668056793196, -0.6361509388900014, -0.2269694291099098, -0.051118019812156246, 0.3562127629721297, 0.5476653672642393, 0.6691943575670943, 0.0060263674435669795]], "inverted": false, "swapped": true, "error_lsq": 0.04369085741006024, "error_max": 0.23685898950071618, "target": "44.xyz", "model": "16.xyz", "model_rescale": 3.7852294659196426, "target_rescale": 4.039133410638093},
{"mapping": [11, 12, 4, 13, 8, 3, 5, 10, 9, 1, 7, 6, 14], "R": [[0.8750418071102373, 0.40578749551312243, -0.26389078099554364], [-0.138805731789847, -0.3119213447723799, -0.9399138489764236], [-0.4637184540554057, 0.859093465904949, -0.2166185869400104]], "T": [-0.1318960614078152, 0.030245318962343157, -0.08239434749750421], "aligned_model": [[0.1299763198736901, -0.26133309879609323, 0.2563012109356456, -0.212609025520887, -0.4575374352948295, -0.634654660595351, -0.21364335937162332, -0.2447490631482509, 0.5307040977466269, 0.45200290614573524, -0.175248763920862, 0.6363377389470724, 0.048218983215410016], [-0.19047128639825284, -0.5345240755626139, -0.15133687539152446, -0.5935856241844022, 0.01121518329228581, 0.047465688901255486, 0.6820349813964882, 0.047998081934828365, -0.16003289958632105, 0.4705537532762342, 0.7113341910286533, 0.42977656285939986, 0.1046279421368435], [-0.6800168618083091, 0.34217515865732284, 0.46265248229319533, -0.43182412149039406, -0.4558503294410332, 0.2615206417125605, 0.3436353998251557, 0.7790153426176329, -0.07288482368736396, -0.38649785669591474, -0.29086595878880755, 0.2748276783231144, -0.05013205437398522]], "inverted": false, "swapped": true, "error_lsq": 0.04953475594609625, "error_max": 0.3807811139961481, "target": "44.xyz", "model": "17.xyz", "model_rescale": 3.901054581598922, "target_rescale": 4.039133410638093},
{"mapping": [3, 12, 1, 8, 10, 6, 11, 7, 0, 9, 4, 13, 8, 2, 14], "R": [[-0.21043551692832177, -0.8753843622390751, -0.43522305954808754], [0.3278962574148482, 0.3562023040442615, -0.8749879787556487], [0.9209782503340923, -0.3268365599819698, 0.21207764019506298]], "T": [0.05064880266949088, 0.0715389014165923, -0.08820938215942495], "aligned_model": [[0.35968352791797203, 0.6075424297353491, -0.5689258944302821, -0.3551694018569317, 0.09203311109883047, -0.19406239968549746, 0.4222140878296503, -0.022708204003775566, -0.26103344126986944, 0.6034991093565776, -0.5565424515447495, 0.657886336266985, -0.3551694018569317, 0.11183829963573153, 0.09998442759878476], [-0.6198245078123461, -0.24980800716194024, -0.15530831723529553, 0.21721598546200935, 0.8779476868347817, 0.16092970190347697, 0.33128835198766365, -0.3564516517367112, -0.6152302002328229, 0.4267200253338075, 0.5783627759001821, -0.10151540740777892, 0.21721598546200935, -0.3226547766319004, 0.07265917998047462], [0.011390138334955169, -0.46047374596244095, -0.31260430977469755, 0.4162785009446671, -0.23119874520803382, -0.7923765906407847, -0.7448679317257517, -0.5893279906551703, -0.00631372701175778, -0.039295897891873446, -0.08348593331472434, 0.27070144560748743, 0.4162785009446671, 0.6360870292880764, -0.11205374275355355]], "inverted": true, "swapped": false, "error_lsq": 0.05942863538142931, "error_max": 0.4670337648654996, "target": "44.xyz", "model": "18.xyz", "model_rescale": 3.9405287249114394, "target_rescale": 4.039133410638093},
{"mapping": [7, 13, 0, 1, 10, 12, 14, 4, 8, 11, 3, 9, 2, 5, 15], "R": [[0.30138827544563873, 0.8544733705463949, 0.42313161835413216], [0.7275680199461778, -0.4929136739138745, 0.47715918352298836], [0.6162871763841123, 0.16404685030749522, -0.7702459004296539]], "T": [0.01430931167878828, -0.006328153243926559, -0.18313169630775408], "aligned_model": [[0.33266734429278244, 0.5963106709106949, -0.5266161961667633, -0.6149802317786338, 0.14427264868048567, -0.1678767676545706, 0.34710002131304385, -0.19626963357933552, -0.1277047494894999, 0.620464945442247, -0.39404039228040527, 0.6344856185364528, -0.19627938098535536, 0.17782694734334248, 0.011709290207357694], [-0.6336595847047038, 0.007958165165668319, -0.42712534570274663, 0.17516420443224467, 0.7247147927238713, 0.11134042156257214, 0.5921123674874196, -0.565172339849172, -0.5624869227212472, 0.30134921250726404, 0.7019501305629366, -0.3178253362343182, 0.4303961210104786, -0.09814673115045373, 0.020977669555796417], [-0.21013145765599264, -0.5183930336708322, -0.12832680841663555, -0.10204767457885483, 0.0749182584154208, -0.6862235380320453, -0.5448750429004864, -0.6050495929743637, 0.30960716465200333, 0.05587288139117613, -0.42192237208469585, 0.14452773108290315, 0.5381516001937083, 0.6268645841384988, -0.15423569937873866]], "inverted": false, "swapped": false, "error_lsq": 0.04393344442015435, "error_max": 0.2706606448269905, "target": "44.xyz", "model": "19.xyz", "model_rescale": 4.410303926677745, "target_rescale": 4.039133410638093},
{"mapping": [3, 10, 12, 2, 13, 5, 8, 4, 6, 1, 7, 11, 9, 14], "R": [[0.5172873211612589, 0.8069026329070385, 0.28517006921045923], [0.3695063772905767, -0.5111372938031813, 0.7760178503263664], [0.771931904061105, -0.2960520357829848, -0.562560510168771]], "T": [-0.02446731191860851, 0.10378240646885115, 0.02297611935001337], "aligned_model": [[-0.2543486452855253, 0.2227798878383757, 0.3846217671133169, -0.6980571836157541, 0.15083624403303086, -0.30082215326677386, -0.38895964533547, 0.5699712097773534, 0.4205418290995401, 0.007551175325912211, -0.5395347636121239, 0.056664331092826314, 0.5588284150421478, 0.0711154212540164], [-0.1299977247902305, -0.5678783308812358, 0.13559126237504351, -0.19100201528699798, 0.7705592141163611, -0.6255646091644936, 0.4353008888931127, -0.24225966144962344, -0.4908116481436542, 0.015118995627351445, -0.1531801279793076, 0.6829164576955323, 0.15570702623613591, 0.01644873893320832], [-0.4906791082094269, -0.46978984024328924, -0.566610179082409, -0.16109269797411277, -0.18307762900245986, 0.09149372901624592, -0.032832980190246094, -0.06444809572101827, 0.5938007309592015, 0.8093615731812527, 0.44475532376633203, 0.3869363380321606, 0.3868512781338833, 0.17214659605890714]], "inverted": false, "swapped": true, "error_lsq": 0.04252663900327943, "error_max": 0.24043339831781438, "target": "44.xyz", "model": "20.xyz", "model_rescale": 4.121658175737393, "target_rescale": 4.039133410638093},
{"mapping": [13, 11, 9, 12, 4, 8, 1, 3, 7, 5, 6, 10, 14], "R": [[0.20589307034016968, -0.8509095434214756, -0.4832814837133266], [-0.7375481448958291, -0.4595137496886176, 0.49484325579705357], [-0.6431413355916564, 0.25455856450208647, -0.7221974520115797]], "T": [0.024067748087535493, -0.17392514827044714, 0.08199653881519214], "aligned_model": [[0.1999330300587756, -0.24491914879317883, 0.1873363768426315, 0.7159574913848159, 0.5575625069687786, -0.2445820515994877, -0.4777739664518383, 0.24150611271991773, -0.5987239323503597, -0.12193630419272665, 0.03467992177281677, 0.6293221035598193, 0.002720764744330084], [-0.44436465059315783, -0.06590110074703528, 0.42355797858080235, -0.3545045538284464, 0.24702631728075236, -0.5512406462891851, 0.4360050019340871, -0.5990126880674793, -0.09956060082300347, -0.04145726915702588, 0.710242966671521, -0.14086753623310752, 0.02090368543446125], [0.7252030945471895, 0.7068345082394767, 0.3848041846914567, 0.1502412646541761, -0.05558423063571047, 0.25901100427788437, 0.14055054264495875, -0.2966344307270617, -0.25833030121129663, -0.6757295384087243, -0.22711523527093003, -0.5406204978031937, 0.05747937448356373]], "inverted": true, "swapped": true, "error_lsq": 0.039972412432227794, "error_max": 0.24064251106161239, "target": "44.xyz", "model": "21.xyz", "model_rescale": 4.08911054899281, "target_rescale": 4.039133410638093},
{"mapping": [3, 4, 15, 11, 6, 1, 0, 2, 14, 7, 8, 12, 5, 9, 16], "R": [[0.7620276399185384, -0.341121694717601, -0.5504088166019642], [-0.49441807997923715, 0.24240163268278153, -0.8347408044790713], [0.41816819366114816, 0.9082276354888758, 0.016060010724120617]], "T": [0.06295963644492784, 0.05190505225662846, -0.06882926938715438], "aligned_model": [[0.4861473741829334, 0.422640713950334, -0.47498228716580015, -0.693701411813815, 0.22909741046962667, -0.4094795098740819, 0.4278962128505625, -0.09804969769299011, 0.09869379833173157, 0.6828300248020469, -0.3562797285375578, 0.5380355325908868, -0.25304888325882985, -0.060841743894015296, 0.10211232985081185], [-0.6894709831479016, -0.18317531422398708, -0.4305420155195479, 0.15842293001385993, 0.7766469473590526, 0.23263401055641675, 0.43286270482788686, -0.359531378482427, -0.5420944481371892, 0.37548211286190714, 0.59743409048423, -0.22598370029021725, 0.37374456896904773, -0.11060113246889396, 0.055718431843372815], [-0.2286808757304375, -0.6180641277561846, -0.16562974206333875, -0.023984759973809104, -0.12090185408230823, -0.6804963993878422, -0.6360787386050685, -0.6398370514308177, 0.17140030654638133, 0.06099667369617624, -0.1548434621673202, 0.4231567468197671, 0.4736529836913441, 0.6136753604247213, -0.09562805980019792]], "inverted": false, "swapped": false, "error_lsq": 0.040713125975973895, "error_max": 0.2503388484033833, "target": "44.xyz", "model": "22.xyz", "model_rescale": 4.204369325754507, "target_rescale": 4.039133410638093},
{"mapping": [7, 13, 0, 1, 10, 12, 14, 4, 8, 11, 3, 9, 2, 5, 15], "R": [[0.30138827544563873, 0.8544733705463949, 0.42313161835413216], [0.7275680199461778, -0.4929136739138745, 0.47715918352298836], [0.6162871763841123, 0.16404685030749522, -0.7702459004296539]], "T": [0.01430931167878828, -0.006328153243926559, -0.18313169630775408], "aligned_model": [[0.33266734429278244, 0.5963106709106949, -0.5266161961667633, -0.6149802317786338, 0.14427264868048567, -0.1678767676545706, 0.34710002131304385, -0.19626963357933552, -0.1277047494894999, 0.620464945442247, -0.39404039228040527, 0.6344856185364528, -0.19627938098535536, 0.17782694734334248, 0.011709290207357694], [-0.6336595847047038, 0.007958165165668319, -0.42712534570274663, 0.17516420443224467, 0.7247147927238713, 0.11134042156257214, 0.5921123674874196, -0.565172339849172, -0.5624869227212472, 0.30134921250726404, 0.7019501305629366, -0.3178253362343182, 0.4303961210104786, -0.09814673115045373, 0.020977669555796417], [-0.21013145765599264, -0.5183930336708322, -0.12832680841663555, -0.10204767457885483, 0.0749182584154208, -0.6862235380320453, -0.5448750429004864, -0.6050495929743637, 0.30960716465200333, 0.05587288139117613, -0.42192237208469585, 0.14452773108290315, 0.5381516001937083, 0.6268645841384988, -0.15423569937873866]], "inverted": false, "swapped": false, "error_lsq": 0.04393344442015435, "error_max": 0.2706606448269905, "target": "44.xyz", "model": "23.xyz", "model_rescale": 4.410303926677745, "target_rescale": 4.039133410638093},
{"mapping": [14, 9, 12, 0, 4, 5, 8, 6, 7, 10, 2, 11, 3, 1, 16], "R": [[0.7302035681331154, -0.2968084372176759, 0.6153921519503375], [-0.2797031487785564, -0.9516369355934554, -0.12709559936385734], [0.6233529478947116, -0.0793214624846157, -0.7779069404114313]], "T": [0.11139178511498943, -0.09691910951851035, -0.15610144925137515], "aligned_model": [[0.4545221426260304, 0.70597097484892, -0.6489006395026118, -0.5640302849458905, 0.03595741313085371, -0.26698535994499417, 0.5538506771495388, -0.16048451406985748, -0.14372156816301024, 0.5625959703152452, -0.5069281582890139, 0.5659182615678411, -0.1362721842904033, 0.11441433484033237, 0.07516306951886269], [-0.6004258844257077, -0.04925216638254758, -0.31072098172893003, 0.053640993138379445, 0.5722179113622179, 0.13268524498086234, 0.526922818073882, -0.5065671477875615, -0.4747378405449574, 0.3057822475142597, 0.5716272681700705, -0.3894889030625937, 0.6229209936089674, 0.023078640070477982, -0.01613636834120917], [-0.45087674569178837, -0.34747394804835285, -0.30583462290406305, 0.1464253988940245, -0.29910381217371673, -0.6029958550332273, -0.4573622092116143, -0.7359030122396675, 0.3277384831096458, 0.08479343773743875, -0.09593385293303608, 0.1733375962785837, 0.32321448916695844, 0.6935612802225456, -0.07484962699266527]], "inverted": false, "swapped": false, "error_lsq": 0.047064045159394004, "error_max": 0.28298569477895313, "target": "44.xyz", "model": "24.xyz", "model_rescale": 4.28219845311461, "target_rescale": 4.039133410638093},
{"mapping": [10, 6, 5, 9, 4, 1, 0, 8, 11, 2, 3, 14, 7, 12, 15], "R": [[-0.01246570234164146, -0.9958387632753014, 0.09027604235591824], [-0.6602370957515482, 0.07600101637498557, 0.7472019960516234], [-0.7509537826382463, -0.05028919434915535, -0.6584370989494914]], "T": [0.03278458055795521, 0.08380722421830931, -0.018839481025792817], "aligned_model": [[0.2823333255355272, 0.6731435237958542, -0.582826062512895, -0.5479533230556431, 0.07490199949401416, -0.24655482784477298, 0.4680659388628605, -0.0035794147813473995, -0.07143510139758577, 0.6824423025183308, -0.5575279504991559, 0.6064215752305743, -0.2894077195364572, 0.08060714981490913, 0.07243871916762995], [-0.6454145229799528, -0.19060347758999308, -0.38242035509681593, 0.028136578676693044, 0.7954489291660874, 0.1898375763927918, 0.45978706554774307, -0.3372777204619237, -0.41353191210772827, 0.29411596969327225, 0.51803100249462, -0.35879588257788336, 0.6418206464441162, -0.26027911174694573, 0.12269203879152954], [-0.2076936208297977, -0.590535488978741, -0.37791615993712824, 0.32250777677823883, -0.18144569193698784, -0.5850589245083, -0.5973923913649739, -0.5695764292464767, 0.1767854473963062, 0.0311114975624356, -0.26988961728589733, 0.21608117173158486, 0.4174621899840034, 0.6621432614168432, -0.0678460206000436]], "inverted": true, "swapped": false, "error_lsq": 0.038869419645117184, "error_max": 0.2914565763418575, "target": "44.xyz", "model": "25.xyz", "model_rescale": 4.100010024507729, "target_rescale": 4.039133410638093},
{"mapping": [13, 12, 4, 10, 0, 1, 9, 5, 3, 7, 8, 14], "R": [[0.36165535131960136, -0.638089543580557, 0.6797404955091703], [-0.44324658208857104, 0.5237425790139074, 0.7274793319364206], [-0.8202059950577633, -0.5643894447108464, -0.09341670284422937]], "T": [-0.08880955161763614, 0.01876199960350207, -0.07665737692711241], "aligned_model": [[-0.7059637070833623, -0.014895039914734495, 0.3399483928039425, 0.6496480385498538, -0.5750988201783345, -0.06436736612123788, -0.09311720025370923, 0.5883672739939118, 0.1552152668037181, 0.05974716401136752, -0.4601532522075594, -0.0025651480408491883], [-0.3269906634589365, -0.683862185887062, -0.25268214921166215, -0.4376386727512667, 0.7246304657596562, 0.7305551788011518, 0.10792002516354808, 0.28866751128104007, -0.32361110396969806, 0.6417059776313527, 0.07014535417046609, 0.1272916525220502], [0.05508722270648239, 0.053086910499879264, 0.39581480362487964, -0.11482056098425841, -0.09209027588778923, 0.2698127019551806, 0.606985434086141, -0.3623080237055919, -0.517761464354655, -0.3914487739863327, -0.4012146566262059, 0.06404897252662678]], "inverted": true, "swapped": true, "error_lsq": 0.0446114212687018, "error_max": 0.2546679968685032, "target": "44.xyz", "model": "26.xyz", "model_rescale": 3.6694154284099745, "target_rescale": 4.039133410638093},
