[{"mapping": [12, 2, 8, 13, 10, 4, 1, 3, 7, 0, 5, 15], "R": [[0.6513342557200057, 0.7496281340296919, -0.11756422924014456], [-0.6734220200502504, 0.49967682858893936, -0.5448172628347421], [-0.34966622690375326, 0.43402848713242603, 0.8302727275542843]], "T": [0.01473857144509261, -0.06277404699452006, -0.04312516903623005], "aligned_model": [[-0.3101077483503391, 0.1630834989919093, 0.4193335844956465, -0.3293474335359621, -0.11535664720311783, -0.5770044706887222, 0.4254460097878497, -0.26142419838206327, 0.7306326515260274, 0.16872635132862815, -0.47256625460704466, -0.003772880902262998], [-0.26445053926234574, -0.7068148701598561, -0.19284299501059265, 0.7104710647478758, 0.30666713009615343, -0.600765159798671, -0.3804757680955078, -0.48421269564356834, 0.11964430944742925, 0.39197233063586523, 0.25442734581556226, -0.10006511679528698], [-0.5042555174878522, 0.08491731650672733, -0.50218068692116, -0.0005881909035921479, -0.7038508142179861, 0.00572006643141558, 0.47245891260284784, 0.5259552553749278, 0.10295771387036799, 0.3397678260050045, 0.36514720699676856, -0.0040973429039065715]], "inverted": true, "swapped": true, "error_lsq": 0.040238391753550144, "error_max": 0.21201164502164185, "target": "440.xyz", "model": "0.xyz", "model_rescale": 3.751011558992144, "target_rescale": 4.1423092506282},
{"mapping": [11, 7, 10, 13, 6, 12, 1, 0, 8, 4, 2, 3, 5, 14, 15], "R": [[-0.5670796744396852, 0.4816648092237052, 0.668146431849241], [-0.7556353667842259, -0.6270402789505239, -0.18930314587591351], [0.3277740613627763, -0.6122250404296943, 0.7195447620326412]], "T": [0.003462610508189294, 0.03292503799989055, 0.0015150211835580837], "aligned_model": [[0.0365898264079561, 0.1290027151607407, -0.5254002476601085, 0.2741841442459502, -0.17882093322172665, -0.4641183452483073, 0.38169519768492394, 0.4760389323447039, -0.5069525362303866, -0.03725136552966896, -0.05274353318698239, 0.46599011992088585, 0.5205840944912412, -0.012688868709446376, 0.03297701061925941], [0.08603727686368104, -0.6096234529637399, 0.37464431690938155, 0.5802825633647275, -0.7951904068934178, 0.35416746565012247, -0.5331420078941105, -0.03921238569533715, -0.3104352189183346, 0.4203899342299136, -0.3200162018884492, 0.07267384734156809, 0.5183067249657891, 0.7171316042910063, 0.03274329046430538], [-0.7648250713797281, -0.3706302706372579, -0.4383735318815928, -0.5860410755111704, 0.09483058449018197, 0.19389768613139396, 0.26975025058238855, -0.38394750892170404, -0.11218254375463707, 0.701653185221604, 0.5720086917298414, 0.6033599137049891, -0.040425876366381515, 0.06023704729758588, 0.05035492414646262]], "inverted": true, "swapped": true, "error_lsq": 0.0359124374482346, "error_max": 0.24486167539077905, "target": "440.xyz", "model": "1.xyz", "model_rescale": 3.9405287249114394, "target_rescale": 4.1423092506282},
{"mapping": [7, 11, 0, 12, 14, 1, 8, 10, 4, 3, 4, 2, 15], "R": [[-0.27462024979457006, -0.5271948894783174, -0.8041450534018801], [0.22274790884313833, 0.7786699833667221, -0.5865632328314466], [0.9353967540614929, -0.340203770572305, -0.09640698615561835]], "T": [-0.030884048613502406, 0.03413419330670165, -0.02833304117492683], "aligned_model": [[-0.4255084188553752, 0.24978202341374633, -0.24767732525407865, 0.4214755151023947, 0.43138608884679774, -0.7547832538274656, 0.09577650929836345, 0.6932382964584357, 0.02030426824360488, -0.5055348527626247, 0.02030426824360488, -0.43612208157410975, -0.06665775804936253], [0.6739997611217063, 0.6332365514718141, 0.324132818651336, -0.23303587657872482, -0.38530313369336683, 0.06729270653344449, 0.3884123821040884, 0.28667671540063383, -0.7495649110358852, -0.5507540540551367, -0.7495649110358852, -0.23637281334614213, -0.010322641965865395], [0.015991454041595275, -0.4201217345723966, -0.5243320557654085, 0.2594702182808758, -0.31508453762996924, 0.07321686001357627, 0.47145800750030187, 0.01455088761043936, 0.13033514236507432, -0.13002518285910322, 0.13033514236507432, 0.4362073483826532, -0.028881200144068926]], "inverted": true, "swapped": true, "error_lsq": 0.054734371820958305, "error_max": 0.3962475957130712, "target": "440.xyz", "model": "2.xyz", "model_rescale": 3.932901565614263, "target_rescale": 4.1423092506282},
{"mapping": [2, 1, 3, 8, 4, 14, 5, 12, 9, 10, 0, 7, 13, 15], "R": [[-0.4357757907855866, 0.8091940180778023, 0.39408692096071685], [0.7882252265525025, 0.5544813216864692, -0.26692968386277777], [-0.43451174022280803, 0.1943077584861905, -0.8794566746580638]], "T": [0.019665059756319117, -0.05967423618178987, -0.005150514231118591], "aligned_model": [[-0.14408233607445387, 0.40805891854449977, 0.21251828052813726, -0.31270681008722284, -0.36322817530208934, -0.1886088212167214, 0.3773855460966465, -0.550661811060439, -0.0215781617649871, -0.3867467529949891, 0.6000188762999948, 0.427047238325646, 0.3334370508729374, 0.028956869885744384], [0.1197100062756733, 0.2369080506729633, -0.4252750368271097, 0.4607858303885955, -0.5822626377851313, -0.6807630770363411, -0.666811701650892, -0.2315058190881615, 0.5446924538010987, -0.05511094057666543, -0.05927919115337663, 0.5706537546096536, -0.4848173701992238, -0.08342768308059488], [-0.6330022176237067, -0.5497890056360524, -0.6430161970101528, 0.09483590267760178, -0.47661022136852704, 0.2015338205843465, 0.0853436944354278, 0.0584175974402239, 0.575945181582367, 0.6465998538052421, 0.19560516199169486, 0.056876769678009226, 0.6573546022431136, -0.05619857974249052]], "inverted": true, "swapped": true, "error_lsq": 0.04782213299253494, "error_max": 0.3450277783156112, "target": "440.xyz", "model": "3.xyz", "model_rescale": 3.9243930471874484, "target_rescale": 4.1423092506282},
{"mapping": [7, 0, 9, 8, 10, 1, 2, 11, 14, 5, 12, 4, 15], "R": [[-0.20452825242405437, 0.12685875583807993, 0.9706055069015307], [0.9438836600867142, 0.2882551439508968, 0.16122223236004563], [-0.2593295783008006, 0.9491131797910419, -0.17869622761901488]], "T": [-0.04833112472122318, -0.07387460105981605, -0.051927789292370775], "aligned_model": [[-0.0157913207262518, -0.23290476818560557, 0.6169172898179051, 0.39868212045203055, 0.66901320909958, -0.5706680441653537, -0.3561809413869134, 0.3544084713068644, 0.006887205067383592, -0.39926302096247684, 0.2661111056641081, -0.36024551185955955, -0.09975990781035808], [-0.5390367269609893, 0.09181028128201624, -0.3106620550912529, -0.5103646592557071, 0.1988574152868646, -0.5547758992868564, -0.5583966461764157, 0.17554113182707728, 0.5393945578055535, 0.5345902570784482, 0.040239607286561216, 0.09831101084192254, -0.07767872095563469], [-0.643270631578707, -0.6137058948418129, -0.5058094429662928, -0.02026373933329157, -0.02023738947194901, -0.2289588958510029, 0.2997205516838111, -0.6575580971534677, 0.25253837767475296, -0.15863472785444355, 0.44500658110776825, 0.6657362355465924, -0.027492611590993005]], "inverted": false, "swapped": true, "error_lsq": 0.04465017825081911, "error_max": 0.26555196816214377, "target": "440.xyz", "model": "4.xyz", "model_rescale": 3.8936222436046832, "target_rescale": 4.1423092506282},
{"mapping": [6, 8, 7, 1, 11, 10, 12, 5, 3, 2, 0, 15], "R": [[0.0006970219473240447, -0.06598798862034638, 0.9978201739382934], [-0.8845076404789332, 0.46546778423501856, 0.0314002511730791], [-0.4665251848451434, -0.8826014543366577, -0.058042438853149234]], "T": [-0.0930149336275301, -0.01214588378709133, 0.10225203374264608], "aligned_model": [[-0.015291932620589102, -0.4522991502797766, -0.20054647987935378, 0.4342626496167292, -0.6612069491381649, -0.8128735067495304, -0.2913144642962484, 0.13143166525153557, 0.6511413612721102, 0.3563500348690755, -0.07489451640629043, -0.037210669424399385], [-0.5066683038905708, -0.4577452611472636, 0.04903850884312448, -0.08759837619015579, 0.45551976110921427, -0.03750847467298536, -0.3485337739977726, 0.5770466414381139, 0.015586476195309212, -0.49998377045569503, 0.5269164403271112, -0.017146962448622502], [-0.5884845194165764, -0.1501426391107939, -0.6405901002261911, -0.3994721936357705, -0.12055312309620522, 0.36895467927213504, 0.5565209196872782, 0.42973477007596084, 0.2545388172557668, -0.012965147941021396, -0.19134124133937352, 0.11308449775030929]], "inverted": true, "swapped": true, "error_lsq": 0.04348049574333144, "error_max": 0.2567737295798716, "target": "440.xyz", "model": "5.xyz", "model_rescale": 3.6523030999806103, "target_rescale": 4.1423092506282},
{"mapping": [13, 14, 12, 11, 8, 5, 4, 0, 3, 1, 2, 7, 15], "R": [[0.3391130113324976, 0.4699510488400962, -0.8149529908154821], [0.7673128345158495, -0.6393667567419121, -0.04940814063068438], [-0.5442732581454451, -0.6085689460261856, -0.5774170575938329]], "T": [0.14152599780499608, 0.0351695013373993, 0.027990956781062823], "aligned_model": [[0.23450642990336729, -0.16642301874050092, 0.106003093157197, 0.6882347838411481, 0.6250096799688574, -0.28296818825538816, -0.5255560761281781, 0.22300321452842445, -0.569521704575299, -0.03166538796539703, -0.1250519531472395, 0.6162424818005066, 0.08926955027679638], [-0.624616029873925, -0.03263324891446107, 0.4604447056863491, -0.4650130135744733, 0.42045949642169106, -0.4739378517619995, 0.4263312134437166, -0.5534924049713325, 0.03501738063370475, 0.0005216063873367885, 0.48514344297121575, -0.1793574658913146, 0.04195907360667485], [0.551584566574937, 0.6382515259272912, 0.44837038193475315, 0.23322841648959514, -0.06762375491754401, 0.2836928127521254, 0.2376910855768974, -0.12677393972017026, -0.24059809969875906, -0.6821119906925208, -0.3958596365333816, -0.5158320286607105, 0.006090400449276296]], "inverted": true, "swapped": true, "error_lsq": 0.047430076596044306, "error_max": 0.23445043939580507, "target": "440.xyz", "model": "6.xyz", "model_rescale": 4.08911054899281, "target_rescale": 4.1423092506282},
{"mapping": [11, 9, 7, 13, 5, 3, 0, 1, 14, 10, 4, 12, 2, 6, 15], "R": [[0.7572783955990643, 0.6482235409530677, 0.07959693783791966], [0.0726780977704648, -0.20476404347070679, 0.9761094101615829], [0.6490356890521305, -0.7334016140258987, -0.20217504020237786]], "T": [0.0062275093534562755, -0.025063952217663783, 0.023590402746227326], "aligned_model": [[0.021345451894142525, 0.40335248297165527, 0.670728675328429, -0.5013621039644538, -0.5054020451724119, -0.11787789535300812, 0.08287557574493239, 0.5200343963054953, -0.6780384690869294, -0.2593039344878963, -0.44018228551691163, -0.3006486368632183, 0.30843858164674814, 0.8323178299183117, 5.5916434669761594e-05], [-0.6665708318426846, -0.7645648295991647, -0.2061225134978967, -0.4476110665075617, 0.15014024847142066, 0.7199780373312489, -0.10315008277800458, 0.4601382422929854, -0.05948952459661762, -0.7086390465839442, 0.5071447053604063, -0.13655958247353303, 0.4712199272191067, 0.05317834897727971, 0.03166678439607245], [-0.4000082646589069, 0.015683781721907167, -0.2810027638633446, -0.5073703272734635, -0.43717823455730104, -0.06149321373408337, -0.5806787261240346, -0.1662074953003927, 0.07301431096013072, 0.2520374866404481, 0.422905268786379, 0.5258209201366516, 0.3635322453177176, 0.22148734388879437, 0.023527700141578636]], "inverted": true, "swapped": true, "error_lsq": 0.04261132529861898, "error_max": 0.29360225683858304, "target": "440.xyz", "model": "7.xyz", "model_rescale": 3.964800864290218, "target_rescale": 4.1423092506282},
{"mapping": [1, 2, 3, 7, 5, 8, 0, 4, 12, 10, 9, 13, 14, 15], "R": [[-0.2659237091788173, -0.9114689199975812, 0.313861416512166], [-0.946883811957504, 0.3080423860871926, 0.09230891087286952], [-0.18081932294256114, -0.27264316652385134, -0.9449709393406983]], "T": [0.002104092432672164, -0.050161319955103666, 0.0518099851700987], "aligned_model": [[-0.24435101968811085, 0.1523131389739953, 0.4134352442057663, -0.7251979015617235, 0.2783844232241705, -0.2818669232481523, -0.3549903413986379, 0.7693695215499982, 0.40191319625377, -0.01917645250433346, -0.6562827936061315, -0.03820613094546531, 0.5321601301802102, 0.03368379802551743], [-0.16942978820852986, -0.5170953985050804, 0.05509933964492137, -0.11981927362366268, 0.5993276944641341, -0.5556192999425966, 0.433162767327487, -0.1877898797114462, -0.3204745355579862, -0.08243512592708722, -0.2150089597684198, 0.6825523426611668, 0.25780913929817495, -0.04933055596987314], [-0.6267744524131872, -0.4092751329612536, -0.5786309847734113, -0.13067447543599725, -0.029444239904399164, 0.2867987445696725, -0.07466112596683568, -0.13350667144425016, 0.40666655232562554, 0.8189315317983906, 0.5457576250221319, 0.4756240371700811, 0.3617173343285831, 0.004286296409870702]], "inverted": true, "swapped": true, "error_lsq": 0.042062199947757194, "error_max": 0.26891282511818176, "target": "440.xyz", "model": "8.xyz", "model_rescale": 4.121658175737393, "target_rescale": 4.1423092506282},
{"mapping": [14, 5, 0, 11, 4, 12, 1, 8, 7, 2, 10, 9, 15], "R": [[-0.2905831278424473, -0.9556639227249901, 0.04762260613599273], [0.326910612296609, -0.052380229808974776, 0.9436025450861263], [-0.8992724266767864, 0.2897633143222981, 0.32763748914280394]], "T": [-0.07025035509882428, -0.09036245721856584, -0.058616134022797306], "aligned_model": [[-0.6593561373461523, -0.30496233787005445, 0.3148100173860694, 0.2971159147184521, -0.7616998858748233, -0.5545249204108542, 0.3473103548220271, 0.1327917323016563, 0.6782331608882493, -0.09825773588195429, -0.25589269039205864, 0.42908715440974204, -0.08791713031510179], [0.13713480055681576, -0.08249914997009772, -0.0017301565168072186, 0.5436003646257046, -0.49391244701282533, 0.07473344327882064, -0.6909852888537517, 0.08208682325033503, -0.09098458928617256, -0.672171981145589, 0.6258213409206619, 0.5020798712433853, -0.14278559167877033], [-0.3288884911279562, -0.7291513707320278, -0.5287080131136531, -0.2917011488566338, -0.026599348977707604, 0.2529303734395815, -0.07697904199338249, 0.5074069933614118, 0.0244081912531785, 0.27887896523917954, 0.14775154289357384, 0.264348950807825, -0.07262216823430064]], "inverted": false, "swapped": true, "error_lsq": 0.04422299223871443, "error_max": 0.2905538893353692, "target": "440.xyz", "model": "9.xyz", "model_rescale": 3.833441315466971, "target_rescale": 4.1423092506282},
{"mapping": [11, 0, 14, 4, 3, 5, 1, 2, 10, 12, 9, 8, 7, 13, 15], "R": [[0.6650714131998554, 0.5146005185631891, -0.5411712498265631], [0.6892603569370434, -0.7018910563181975, 0.17963603596034095], [-0.28740246293197835, -0.49247868111728665, -0.8215014138427341]], "T": [-0.052387629187565024, 0.07780941774740084, 0.026618271384188014], "aligned_model": [[0.2657528897643521, -0.04470908400181016, -0.5675567810116928, -0.6530407265193331, -0.6009264848320188, -0.6366469986912131, 0.040609458569723575, -0.04721821581345624, 0.17421044412819847, -0.14864198185871513, 0.6945066546993767, 0.5016405215424518, 0.5314431262309688, -0.2950755276913164, -0.09050227622098342], [-0.5499505225956747, -0.5042222810118612, 0.05524186547265257, 0.6076840992955839, 0.2639917030865439, -0.3256781581375981, 0.12297244517793143, 0.6003007822388803, 0.015375895935339154, 0.476674661967404, -0.17022757906540825, 0.33876095284643126, -0.21701462504309682, -0.61100020579249, 0.09819250492034072], [0.3362947595484713, -0.16906946853914498, 0.48042354083449834, 0.04732578011617092, -0.465489663865685, 0.05127218343961659, -0.6977806320952298, -0.3978410655770478, 0.7578674053801489, 0.46305996717685616, 0.3186095107808222, 0.1543058935412483, -0.3466663816090789, 0.4564513350317576, -0.010641256341310926]], "inverted": true, "swapped": true, "error_lsq": 0.05036325082966568, "error_max": 0.38473900031275693, "target": "440.xyz", "model": "10.xyz", "model_rescale": 4.2482417240324, "target_rescale": 4.1423092506282},
{"mapping": [4, 14, 10, 13, 2, 8, 12, 0, 5, 1, 3, 15], "R": [[-0.361620127766507, 0.6910940136482908, -0.6257954518000526], [0.8366777361127693, 0.5366954548835339, 0.10921700692002266], [0.41134079433888726, -0.48409405388504134, -0.772302853747026]], "T": [0.061826967110997305, 0.18124004645871794, -0.0024151690092248795], "aligned_model": [[-0.6536627793457407, -0.026836639618582903, 0.4205696362307779, 0.6542908335297909, -0.4961017684309986, 0.1277407987228513, -0.19839930481842558, 0.5038028762304374, 0.145186245032779, -0.13535877401949054, -0.4813910683663155, 0.016925547215924416], [-0.17932928615519417, -0.4919997870396303, -0.09191540750436006, -0.4132872221389493, 0.5523206464378635, 0.5911937502976331, -0.06508509570460289, 0.1756973837452088, -0.3739666755757569, 0.6937465108364638, 0.09037241026279628, 0.17838416258916706], [0.004240767555310068, 0.10119305180626971, 0.6194045176919573, -0.11919046625945832, -0.06725645147648661, 0.46549545475880416, 0.47763269216415705, -0.42872506171774827, -0.4378066901922659, -0.486043989703415, -0.5262340099132733, -0.03751752485949441]], "inverted": true, "swapped": true, "error_lsq": 0.05154165828266486, "error_max": 0.2537117239920071, "target": "440.xyz", "model": "11.xyz", "model_rescale": 3.6694154284099745, "target_rescale": 4.1423092506282},
{"mapping": [1, 2, 12, 4, 3, 7, 0, 11, 14, 13, 10, 5, 8, 15], "R": [[0.6235232335726781, 0.31738820640786797, -0.7144812829096843], [-0.07523787192185588, 0.9340055834855523, 0.3492460918127556], [0.7781760982089736, -0.1640070012255877, 0.6062537948130702]], "T": [-0.013838396053247173, 0.055968318882918824, -0.08419093814999151], "aligned_model": [[0.07503941579040606, 0.04680553308975986, -0.06209393920852803, 0.51871303079125, 0.6244131899202914, -0.45999740346323914, 0.0737352854031721, -0.34923015316902467, 0.3708019579321263, 0.1663751775306601, -0.41138488409244284, 0.5753163492254625, -0.6009237766319225, 0.03069506713783894], [-0.46276136213503477, 0.08372154723558882, 0.6529022164348008, 0.5577096816899726, -0.04838139241640883, -0.5458838951373859, -0.46304225782134517, -0.2010095610068091, 0.4950107065528861, -0.01772723081663044, 0.49131810775645657, -0.04511954121523809, 0.18295553916435614, 0.05129472985104534], [-0.5925826978521986, -0.7540728305089914, -0.09764685839026832, -0.41072532380076876, -0.4835341366844549, -0.1605915397575743, 0.23215131568016129, 0.5582031763361797, 0.2779435008402738, 0.7405542406880468, 0.40814764313486324, 0.2997973178974351, -0.2589823169990997, -0.11956603093118841]], "inverted": false, "swapped": true, "error_lsq": 0.04014418105642483, "error_max": 0.2868782759668559, "target": "440.xyz", "model": "12.xyz", "model_rescale": 3.9764082729961374, "target_rescale": 4.1423092506282},
{"mapping": [12, 5, 4, 6, 14, 13, 0, 9, 7, 2, 8, 1, 3, 10, 11, 15], "R": [[0.13243002020136196, -0.5475609001976318, 0.826219916441274], [-0.30138508838277606, 0.7718494393418786, 0.5598352181563195], [-0.944261255294303, -0.3231493517901385, -0.06281065345656076]], "T": [0.022830338244558032, -0.08581338220107886, -0.024059313673890383], "aligned_model": [[0.49353312408637434, -0.3187972335274635, -0.6052431678600199, 0.021614923429317548, 0.28037345980529493, 0.5203361604421421, -0.6045597831441217, -0.1304338672567651, -0.6348517172759041, -0.30038221085066663, 0.13929471464545423, 0.22130867408850557, -0.12131241839251637, 0.6632880896949545, 0.5495497161214213, -0.0411294015364011], [-0.5080895185673818, -0.5421484252376334, 0.04948066140300596, 0.21298404896543516, 0.6202467949614239, 0.03657193037999458, -0.4295727306200167, -0.6653356758040122, 0.128632133550468, -0.29512394999404756, 0.18602965703464763, -0.4893033644125465, 0.6785848549572916, -0.15220637528457803, 0.4493770220625691, -0.0009542444041425041], [-0.10970560375448077, -0.6387729352381893, -0.34512459437858833, -0.7271790926549333, -0.29601263014029394, -0.35870888909695536, 0.09971095521466772, -0.07056867882614443, 0.2800806763692194, 0.6744979482765321, 0.6179611281324296, 0.4244100417079485, 0.2974397501689956, 0.45713995693526366, 0.23417048108754576, -0.041285839515814104]], "inverted": false, "swapped": false, "error_lsq": 0.04455984467791828, "error_max": 0.27241694639449404, "target": "440.xyz", "model": "13.xyz", "model_rescale": 4.170626492500431, "target_rescale": 4.1423092506282},
{"mapping": [11, 7, 0, 1, 14, 4, 3, 9, 10, 6, 8, 2, 12, 15], "R": [[0.10687914131385776, 0.1178754089714408, 0.9872599643011095], [0.3825431387405611, 0.9116373901426162, -0.15025982795304782], [-0.9177350359196996, 0.3937291668822305, 0.052342592519786874]], "T": [-0.022703089479282415, 0.10431529673579086, 0.001996294911138091], "aligned_model": [[0.48964696217620013, -0.07396056665462114, -0.09774889250314564, -0.6446854118292965, 0.1820563437691879, -0.3350216619112528, -0.7176408363224093, 0.5824228822539946, 0.7369978263240268, -0.24884118547738704, 0.2712940936398159, -0.49047688223472263, 0.26414226743054026, -0.07500191656928695], [-0.269997350168192, -0.6470124175472695, -0.22175005878194876, -0.2677773336134474, 0.707474609434559, 0.8104170979123765, 0.40658447154124294, -0.469686471574544, 0.2151970792460717, -0.5122171153052089, -0.18078503215998099, 0.12598001834062417, 0.5326616070281813, 0.12698536357320195], [-0.43226506274880694, 0.0014165328699314423, -0.5129435669685358, 0.10262926100117664, -0.25514216971103465, 0.21613988712710294, -0.0565170662703503, 0.09674245729122, 0.0250109919778346, 0.5464773516817752, 0.47489214296390414, 0.48563665322023086, 0.3070846705654332, 0.004711018120984917]], "inverted": false, "swapped": true, "error_lsq": 0.04131323544772596, "error_max": 0.28874056909581675, "target": "440.xyz", "model": "14.xyz", "model_rescale": 3.9786697098870705, "target_rescale": 4.1423092506282},
{"mapping": [7, 11, 1, 6, 0, 3, 10, 14, 2, 8, 5, 15], "R": [[0.6822541738715726, -0.1660322972205585, 0.7120130044560157], [-0.7307124263963524, -0.18716737738586536, 0.6565270160111102], [0.02426091805297992, -0.9681950470448407, -0.24901758719629713]], "T": [0.01843509752181393, 0.02356904410913629, 0.09115197775892868], "aligned_model": [[0.05880739140612146, -0.6521679652371226, 0.5556547136895976, 0.5473075225445801, -0.26083659457053876, 0.5049289222063051, -0.541354931209425, -0.30624488166718605, 0.68856311726136, 0.10622520890457421, -0.2772321912073999, 0.059704284646470325], [-0.36030998375101464, -0.18848882250771892, 0.09668298158105898, -0.534579646023309, 0.2108140789043405, 0.6072220477423644, -0.34642472405452884, 0.40470285902787284, -0.013508349735819162, -0.5925329813725655, 0.6681403247362359, 0.06295670567752268], [-0.5554761759707687, -0.21952221370946795, -0.4002657314173905, -0.27827226683633977, -0.42271587384640463, 0.071105298345804, 0.46492953553794586, 0.5614366768796359, 0.14352927782291414, 0.15485609744308837, 0.0478187492587763, 0.09254312036603696]], "inverted": true, "swapped": true, "error_lsq": 0.05444680833799956, "error_max": 0.3286412346996737, "target": "440.xyz", "model": "15.xyz", "model_rescale": 3.769337070930944, "target_rescale": 4.1423092506282},
{"mapping": [2, 12, 1, 3, 6, 8, 7, 10, 0, 5, 15], "R": [[-0.3272535517890929, -0.6699231001235694, 0.6664144001762338], [0.07579449240410624, -0.7215851771558215, -0.6881642442253199], [0.9418918768959776, -0.1746936519448481, 0.2869177934662555]], "T": [-0.0498610044866523, -0.042728247389388484, 0.0878207960901692], "aligned_model": [[-0.28787950723207545, -0.23014487048643772, -0.0699289335312676, -0.6847863206053192, 0.3814775976355621, 0.38221237100324157, 0.5503627024860667, 0.2723427561515458, 0.14513257448685868, -0.43909233357871336, -0.09706990563829093], [0.111221621439372, -0.6036384269972743, 0.5840017226694146, 0.34687214888849927, 0.24007604986091127, -0.2995770494824033, 0.39103349986039015, -0.6845592759122834, 0.38602232582401536, 0.14075307590457042, -0.016141194429870272], [-0.5227824366025562, -0.020425383304880487, -0.28933799221279805, -0.06321004060700926, -0.5916488607134506, -0.28458800533662204, -0.048939020928424545, 0.36023150605209664, 0.48185632761155706, 0.6531548801338569, 0.06990663313200826]], "inverted": false, "swapped": true, "error_lsq": 0.04043622449825107, "error_max": 0.19266984742616503, "target": "440.xyz", "model": "16.xyz", "model_rescale": 3.7852294659196426, "target_rescale": 4.1423092506282},
{"mapping": [7, 10, 13, 9, 8, 12, 4, 14, 0, 1, 2, 5, 15], "R": [[0.5942293181045212, -0.670002358606368, -0.44495882614792565], [-0.19518801383782255, 0.416559516535259, -0.8879075449831235], [0.7802519828613588, 0.6144713245106035, 0.11675544781766237]], "T": [-0.009655320550813681, 0.13104392418337787, -0.02593012473105638], "aligned_model": [[0.2520233899971144, -0.409399742109033, 0.38647157836009877, -0.181968811096259, -0.4467384447396871, -0.5296898081179314, -0.2694540770943545, -0.07969306637851833, 0.5563653704211999, 0.3072370548600239, -0.20639092267256542, 0.4703130966115549, 0.004690232174639947], [-0.1551009118884473, -0.4580027361293507, -0.3852130595675691, -0.605909540083488, -0.1030939557365976, 0.16603688616889078, 0.7691561054993874, 0.145536207960484, -0.10103605848846542, 0.5253975107715111, 0.6808623297253018, 0.21026475247546605, 0.18615809299575176], [-0.6715045856382509, 0.2625111289994414, 0.5169094306198658, -0.38902785187403566, -0.40735484870665273, 0.2693313892417104, 0.38309013461128244, 0.6572480803209132, -0.07953058189016218, -0.5546137729477977, -0.3608696734879932, 0.49187623774178535, -0.022310389846932514]], "inverted": false, "swapped": true, "error_lsq": 0.04929336210717731, "error_max": 0.3320145154569569, "target": "440.xyz", "model": "17.xyz", "model_rescale": 3.901054581598922, "target_rescale": 4.1423092506282},
{"mapping": [11, 7, 10, 13, 6, 12, 1, 0, 8, 4, 2, 3, 5, 14, 15], "R": [[-0.5670796744396852, 0.4816648092237052, 0.668146431849241], [-0.7556353667842259, -0.6270402789505239, -0.18930314587591351], [0.3277740613627763, -0.6122250404296943, 0.7195447620326412]], "T": [0.003462610508189294, 0.03292503799989055, 0.0015150211835580837], "aligned_model": [[0.0365898264079561, 0.1290027151607407, -0.5254002476601085, 0.2741841442459502, -0.17882093322172665, -0.4641183452483073, 0.38169519768492394, 0.4760389323447039, -0.5069525362303866, -0.03725136552966896, -0.05274353318698239, 0.46599011992088585, 0.5205840944912412, -0.012688868709446376, 0.03297701061925941], [0.08603727686368104, -0.6096234529637399, 0.37464431690938155, 0.5802825633647275, -0.7951904068934178, 0.35416746565012247, -0.5331420078941105, -0.03921238569533715, -0.3104352189183346, 0.4203899342299136, -0.3200162018884492, 0.07267384734156809, 0.5183067249657891, 0.7171316042910063, 0.03274329046430538], [-0.7648250713797281, -0.3706302706372579, -0.4383735318815928, -0.5860410755111704, 0.09483058449018197, 0.19389768613139396, 0.26975025058238855, -0.38394750892170404, -0.11218254375463707, 0.701653185221604, 0.5720086917298414, 0.6033599137049891, -0.040425876366381515, 0.06023704729758588, 0.05035492414646262]], "inverted": true, "swapped": true, "error_lsq": 0.0359124374482346, "error_max": 0.24486167539077905, "target": "440.xyz", "model": "18.xyz", "model_rescale": 3.9405287249114394, "target_rescale": 4.1423092506282},
{"mapping": [11, 9, 8, 7, 4, 13, 5, 5, 6, 2, 3, 10, 1, 14, 12, 15], "R": [[-0.015882621332016844, 0.07316478294366974, 0.9971933899081108], [-0.8513889647707109, -0.523944391671651, 0.024881822732283454], [0.5242943572138469, -0.848604259341555, 0.0706132991800395]], "T": [0.08546814483563478, 0.0986087888714397, -0.005546759384291219], "aligned_model": [[0.3249267366988847, -0.0013767595010637512, -0.5981736571118561, -0.009768849608742414, 0.06829571618951005, 0.6275233818086035, -0.4957651419778032, -0.4957651419778032, -0.6305057994318973, -0.38094958280949054, 0.37576079691911635, 0.2632084173003322, -0.200770767986632, 0.7784001917563473, 0.4337667529926277, 0.07378276920947294], [-0.57992620940905, -0.4292048366964237, 0.08107092400768758, 0.11388146840500434, 0.705643072967056, -0.09900168970053061, -0.49291019827841115, -0.49291019827841115, 0.07852523250581742, -0.36212076139323107, 0.2848929332330017, -0.40944129288272907, 0.4207236188594266, -0.11348052493560268, 0.5007560991099678, 0.07267518147690541], [-0.0437964756078309, -0.5558926380934825, -0.3289636195848151, -0.7029148179375986, -0.41282984796396044, -0.3497212270612277, -0.06500932660207898, -0.06500932660207898, 0.20720054961378198, 0.5649863841440391, 0.7732067244472641, 0.5673385231289565, 0.49428195634498295, 0.26758738969874596, 0.12523811219194014, 0.022350314170565735]], "inverted": false, "swapped": false, "error_lsq": 0.050797251176654255, "error_max": 0.3112759074518976, "target": "440.xyz", "model": "19.xyz", "model_rescale": 4.410303926677745, "target_rescale": 4.1423092506282},
{"mapping": [1, 2, 3, 7, 5, 8, 0, 4, 12, 10, 9, 13, 14, 15], "R": [[-0.2659237091788173, -0.9114689199975812, 0.313861416512166], [-0.946883811957504, 0.3080423860871926, 0.09230891087286952], [-0.18081932294256114, -0.27264316652385134, -0.9449709393406983]], "T": [0.002104092432672164, -0.050161319955103666, 0.0518099851700987], "aligned_model": [[-0.24435101968811085, 0.1523131389739953, 0.4134352442057663, -0.7251979015617235, 0.2783844232241705, -0.2818669232481523, -0.3549903413986379, 0.7693695215499982, 0.40191319625377, -0.01917645250433346, -0.6562827936061315, -0.03820613094546531, 0.5321601301802102, 0.03368379802551743], [-0.16942978820852986, -0.5170953985050804, 0.05509933964492137, -0.11981927362366268, 0.5993276944641341, -0.5556192999425966, 0.433162767327487, -0.1877898797114462, -0.3204745355579862, -0.08243512592708722, -0.2150089597684198, 0.6825523426611668, 0.25780913929817495, -0.04933055596987314], [-0.6267744524131872, -0.4092751329612536, -0.5786309847734113, -0.13067447543599725, -0.029444239904399164, 0.2867987445696725, -0.07466112596683568, -0.13350667144425016, 0.40666655232562554, 0.8189315317983906, 0.5457576250221319, 0.4756240371700811, 0.3617173343285831, 0.004286296409870702]], "inverted": true, "swapped": true, "error_lsq": 0.042062199947757194, "error_max": 0.26891282511818176, "target": "440.xyz", "model": "20.xyz", "model_rescale": 4.121658175737393, "target_rescale": 4.1423092506282},
{"mapping": [13, 14, 12, 11, 8, 5, 4, 0, 3, 1, 2, 7, 15], "R": [[0.3391130113324976, 0.4699510488400962, -0.8149529908154821], [0.7673128345158495, -0.6393667567419121, -0.04940814063068438], [-0.5442732581454451, -0.6085689460261856, -0.5774170575938329]], "T": [0.14152599780499608, 0.0351695013373993, 0.027990956781062823], "aligned_model": [[0.23450642990336729, -0.16642301874050092, 0.106003093157197, 0.6882347838411481, 0.6250096799688574, -0.28296818825538816, -0.5255560761281781, 0.22300321452842445, -0.569521704575299, -0.03166538796539703, -0.1250519531472395, 0.6162424818005066, 0.08926955027679638], [-0.624616029873925, -0.03263324891446107, 0.4604447056863491, -0.4650130135744733, 0.42045949642169106, -0.4739378517619995, 0.4263312134437166, -0.5534924049713325, 0.03501738063370475, 0.0005216063873367885, 0.48514344297121575, -0.1793574658913146, 0.04195907360667485], [0.551584566574937, 0.6382515259272912, 0.44837038193475315, 0.23322841648959514, -0.06762375491754401, 0.2836928127521254, 0.2376910855768974, -0.12677393972017026, -0.24059809969875906, -0.6821119906925208, -0.3958596365333816, -0.5158320286607105, 0.006090400449276296]], "inverted": true, "swapped": true, "error_lsq": 0.047430076596044306, "error_max": 0.23445043939580507, "target": "440.xyz", "model": "21.xyz", "model_rescale": 4.08911054899281, "target_rescale": 4.1423092506282},
{"mapping": [0, 1, 11, 8, 5, 6, 15, 2, 14, 3, 12, 13, 9, 7, 10, 16], "R": [[0.16333312350092188, -0.04553147045643842, -0.9855197491504203], [0.09453928200518787, 0.9950597946264697, -0.03030394818949957], [0.9820308625116506, -0.08822069097441251, 0.16683073685211924]], "T": [-0.006388322858734112, -0.07595168051031496, 0.01386816614012502], "aligned_model": [[0.5147765267542918, -0.20351132072434155, -0.4444116862165765, 0.10525793635468422, 0.01920922242154447, 0.6360969893959545, -0.7271772407978927, -0.4233196672927382, -0.41346219624264763, -0.26121126918286347, 0.12019281108743865, 0.26379715070614135, -0.20205459607327414, 0.6545666725641587, 0.47101984638264627, 0.02281988333308039], [-0.6185240272768365, -0.4944593534357717, 0.1794418897573402, 0.06794941578379247, 0.5854488218101994, -0.007430430147123079, -0.1383653040847364, -0.6643396324996343, 0.01103842355339775, -0.4956808527581509, 0.2077094126225384, -0.3270242286848665, 0.562831969012733, -0.037855759858996, 0.5586278799386717, -0.11019540474208057], [-0.17074452635791554, -0.6311064323372368, -0.5595450249159157, -0.6551532127029412, -0.23031044707971282, -0.3577251469550234, -0.0759922437330828, -0.02108467860134149, 0.5022800510797378, 0.7302280696001903, 0.6835569795495031, 0.5622223869280202, 0.261290416939982, 0.27364380561520313, 0.1571358548103247, 0.029356822447410814]], "inverted": false, "swapped": false, "error_lsq": 0.03980230922054563, "error_max": 0.23962710459414055, "target": "440.xyz", "model": "22.xyz", "model_rescale": 4.204369325754507, "target_rescale": 4.1423092506282},
{"mapping": [11, 9, 8, 7, 4, 13, 5, 5, 6, 2, 3, 10, 1, 14, 12, 15], "R": [[-0.015882621332016844, 0.07316478294366974, 0.9971933899081108], [-0.8513889647707109, -0.523944391671651, 0.024881822732283454], [0.5242943572138469, -0.848604259341555, 0.0706132991800395]], "T": [0.08546814483563478, 0.0986087888714397, -0.005546759384291219], "aligned_model": [[0.3249267366988847, -0.0013767595010637512, -0.5981736571118561, -0.009768849608742414, 0.06829571618951005, 0.6275233818086035, -0.4957651419778032, -0.4957651419778032, -0.6305057994318973, -0.38094958280949054, 0.37576079691911635, 0.2632084173003322, -0.200770767986632, 0.7784001917563473, 0.4337667529926277, 0.07378276920947294], [-0.57992620940905, -0.4292048366964237, 0.08107092400768758, 0.11388146840500434, 0.705643072967056, -0.09900168970053061, -0.49291019827841115, -0.49291019827841115, 0.07852523250581742, -0.36212076139323107, 0.2848929332330017, -0.40944129288272907, 0.4207236188594266, -0.11348052493560268, 0.5007560991099678, 0.07267518147690541], [-0.0437964756078309, -0.5558926380934825, -0.3289636195848151, -0.7029148179375986, -0.41282984796396044, -0.3497212270612277, -0.06500932660207898, -0.06500932660207898, 0.20720054961378198, 0.5649863841440391, 0.7732067244472641, 0.5673385231289565, 0.49428195634498295, 0.26758738969874596, 0.12523811219194014, 0.022350314170565735]], "inverted": false, "swapped": false, "error_lsq": 0.050797251176654255, "error_max": 0.3112759074518976, "target": "440.xyz", "model": "23.xyz", "model_rescale": 4.410303926677745, "target_rescale": 4.1423092506282},
{"mapping": [4, 10, 11, 9, 14, 15, 1, 3, 7, 0, 12, 2, 13, 5, 6, 16], "R": [[-0.7570284011620556, -0.17996821979393807, 0.6281078248981001], [0.13847318123314245, 0.8952892964103822, 0.42341735180809026], [-0.6385398796576413, 0.4075150495346197, -0.6528386527233214]], "T": [0.0011644750942303734, 0.005170788503796306, -0.055352226598263346], "aligned_model": [[0.347856872053181, -0.15559947326189488, -0.4505483270221207, 0.12960842070978115, 0.08872007422552966, 0.6022734179157849, -0.7667722599465079, -0.20619358697982892, -0.5424196577812042, -0.16323699272841766, 0.16381494499802163, 0.2166894013628435, -0.07707105689866366, 0.5363349355563921, 0.45627133610067955, -0.04713898583396982], [-0.5891776479750357, -0.4075609423756118, 0.22165691969032347, 0.07730439759385514, 0.6062574176047709, 0.25471220288455426, -0.37474117918645605, -0.8490503487353601, 0.1855925213219961, -0.2968635322310831, 0.18119068187404397, -0.704521740901037, 0.6340328886716319, -0.10764546963249717, 0.5481136539947817, -0.1001270036083998], [-0.07629717675756104, -0.5337469685182606, -0.4424062099375989, -0.6642191077001476, -0.3539805430577411, -0.3481171702024334, -0.0076508917004991656, 0.1358541211540905, 0.28213138114474656, 0.6170563081201371, 0.711940192601679, 0.47641790329082545, 0.24894743547092912, 0.25523931156202734, 0.22030857880774918, -0.02342448999073933]], "inverted": false, "swapped": false, "error_lsq": 0.04193218352778144, "error_max": 0.27666015054719734, "target": "440.xyz", "model": "24.xyz", "model_rescale": 4.28219845311461, "target_rescale": 4.1423092506282},
{"mapping": [2, 13, 9, 7, 3, 4, 12, 14, 11, 10, 8, 6, 1, 0, 1, 15], "R": [[0.005003403749769486, 0.31792063211276045, -0.9481041280513125], [-0.22878752268763491, -0.9226039545694746, -0.3105772246563188], [-0.9734635254663482, 0.21846833795721837, 0.06812011374652033]], "T": [-0.0479068665348893, -0.03430359535349638, -0.020816333275606665], "aligned_model": [[0.327823486149994, -0.12507176695305802, -0.5261384248073766, -0.057591587039078525, 0.1649621752763697, 0.5566348385314717, -0.6769211999861369, -0.2634943853508259, -0.5500425534135391, -0.33474758368501767, -0.019125801234600726, 0.366605269837999, 0.25492335050528697, 0.7354444310138247, 0.25492335050528697, 0.02440546311900673], [-0.6041548071445769, -0.39204567685929054, 0.3319302455323545, 0.15350723916526438, 0.6649302915840022, 0.10434455969994717, -0.4168905620770411, -0.7130849732495904, -0.09902824604173809, -0.2876725936691327, 0.16734976563819748, -0.40632958609460357, 0.4706742648173766, -0.1218854103698007, 0.4706742648173766, -0.04314595675826763], [-0.07444769424518731, -0.4887721412322557, -0.32747743994082323, -0.7759185133653923, -0.27733940681180586, -0.40805603805992374, -0.22669999323720744, 0.24922530730394699, 0.17955218422349045, 0.6743321202975917, 0.6428504725914322, 0.6876845389706476, 0.2305173477767289, 0.18952705821317303, 0.2305173477767289, -0.007442475973941333]], "inverted": false, "swapped": false, "error_lsq": 0.04843792345263164, "error_max": 0.34832029224449923, "target": "440.xyz", "model": "25.xyz", "model_rescale": 4.100010024507729, "target_rescale": 4.1423092506282},
{"mapping": [4, 14, 10, 13, 2, 8, 12, 0, 5, 1, 3, 15], "R": [[-0.361620127766507, 0.6910940136482908, -0.6257954518000526], [0.8366777361127693, 0.5366954548835339, 0.10921700692002266], [0.41134079433888726, -0.48409405388504134, -0.772302853747026]], "T": [0.061826967110997305, 0.18124004645871794, -0.0024151690092248795], "aligned_model": [[-0.6536627793457407, -0.026836639618582903, 0.4205696362307779, 0.6542908335297909, -0.4961017684309986, 0.1277407987228513, -0.19839930481842558, 0.5038028762304374, 0.145186245032779, -0.13535877401949054, -0.4813910683663155, 0.016925547215924416], [-0.17932928615519417, -0.4919997870396303, -0.09191540750436006, -0.4132872221389493, 0.5523206464378635, 0.5911937502976331, -0.06508509570460289, 0.1756973837452088, -0.3739666755757569, 0.6937465108364638, 0.09037241026279628, 0.17838416258916706], [0.004240767555310068, 0.10119305180626971, 0.6194045176919573, -0.11919046625945832, -0.06725645147648661, 0.46549545475880416, 0.47763269216415705, -0.42872506171774827, -0.4378066901922659, -0.486043989703415, -0.5262340099132733, -0.03751752485949441]], "inverted": true, "swapped": true, "error_lsq": 0.05154165828266486, "error_max": 0.2537117239920071, "target": "440.xyz", "model": "26.xyz", "model_rescale": 3.6694154284099745, "target_rescale": 4.1423092506282},
