[{"mapping": [0, 4, 1, 5, 2, 7, 6, 10, 3, 9, 8, 11], "R": [[0.10181498551725214, -0.6408674859254855, 0.76086961708802], [0.9896215246910784, -0.012714968491145104, -0.1431347876806156], [0.10140486473649807, 0.7675462168884799, 0.6329216842137386]], "T": [-0.0727122374694255, 0.0007155018610013678, 0.03545293910296081], "aligned_model": [[-0.25743004046715245, -0.8698292112138092, 0.3590829950477382, 0.22209290083647304, -0.2659220973796068, 0.7909057492324792, 0.5373724988545168, 0.03445675871249977, -0.5493950952948194, 0.05162213735783773, -0.12332768080128947, -0.07371883537528684], [-0.17201136072674325, -0.020598069585892477, 0.22110114957483376, -0.5999645404948634, 0.5344213573424224, -0.38511948337906926, 0.33428720558406044, -0.6011529824739842, -0.12479054344645435, 0.07228749702524948, 0.6084844749644477, -0.03304080244001602], [-0.5292028482558414, -0.0929944376094909, -0.4811354879607494, -0.4554235725307753, -0.5360173186049586, -0.008120528463395019, 0.23961224071520343, 0.332152247808813, 0.5161339148380356, 0.6260245581065222, 0.2119704819147486, -0.025306871369878664]], "inverted": false, "swapped": false, "error_lsq": 0.044830156268241626, "error_max": 0.2358595137561342, "target": "441.xyz", "model": "0.xyz", "model_rescale": 3.751011558992144, "target_rescale": 4.044709706385936},
{"mapping": [13, 0, 9, 12, 2, 11, 10, 7, 1, 6, 8, 14], "R": [[0.2172669697784779, 0.011701735694686133, 0.9760420755402965], [-0.9399853068366407, -0.26701318862475415, 0.21244194508540046], [0.263102046313792, -0.9636218275247679, -0.04701368676589873]], "T": [-0.02877758157320772, 0.08624421681280407, -0.008479311575361564], "aligned_model": [[-0.016322838378028635, -0.7463774141750672, 0.49383515943372475, 0.1388720801135165, -0.5983727897949876, 0.616912161632887, 0.6766643900417265, -0.19519869891113775, -0.41277948575929313, 0.207145823033458, -0.3138973212331538, 0.005429013505935283], [0.041591606968691346, -0.1526608944586455, 0.14392995537698286, -0.5649441896960393, 0.3644179431133043, -0.3682823453843457, 0.44249169245980163, -0.5085703061924621, -0.0018952428212452577, -0.2945311743574531, 0.6796685981024492, 0.05268825883295263], [-0.7332918543108129, 0.050506674536976534, -0.40564162076119065, -0.32442607013131136, -0.5394395537357234, 0.10650481212162534, 0.21036563103935177, 0.23271919323604248, 0.5663767770874572, 0.5940785644067536, 0.07502212486210012, -0.03508229976303485]], "inverted": false, "swapped": false, "error_lsq": 0.052864920586104154, "error_max": 0.3426018042251324, "target": "441.xyz", "model": "1.xyz", "model_rescale": 3.9405287249114394, "target_rescale": 4.044709706385936},
{"mapping": [11, 9, 0, 6, 5, 7, 1, 3, 8, 4, 2, 12], "R": [[-0.5724178300470183, -0.819917286713424, 0.008571510529658322], [0.5330782006054894, -0.36418016564950706, 0.7636756110985289], [-0.6230292608565642, 0.4417108215744717, 0.6455432520137816]], "T": [-0.0033650459932288174, -0.05910493886517824, 0.000698569404234517], "aligned_model": [[-0.35090802170367835, -0.8093877595284075, 0.39924134185023513, 0.2764242984543402, -0.3187445234742471, 0.6120367222346276, 0.5951329580551327, 0.004253185896872366, -0.5732073819884418, 0.11413720732751777, -0.07928793135427213, -0.013780016260099032], [-0.23267570050578093, -0.06670166855537568, 0.32507518499026816, -0.31553856880153314, 0.4096386248504647, -0.5239233678391768, 0.4052957453747908, -0.5885721592459559, -0.1443123602318015, -0.07228882634676279, 0.6179121713500686, 0.019994826904785025], [-0.5965462378356523, -0.024811860883414444, -0.6263929049262105, -0.3882942448747544, -0.45634796765266933, 0.18545339316889986, 0.2316931061055212, 0.21611932897492428, 0.5190702290861002, 0.6918679606957112, 0.007990721066197859, 0.03789085566358025]], "inverted": true, "swapped": false, "error_lsq": 0.051476873524380996, "error_max": 0.2791393137119753, "target": "441.xyz", "model": "2.xyz", "model_rescale": 3.932901565614263, "target_rescale": 4.044709706385936},
{"mapping": [10, 12, 1, 6, 11, 4, 0, 5, 9, 7, 8, 13], "R": [[0.25172212944347977, 0.0738432740709212, 0.9649783108562219], [0.10523093111316362, -0.9932616172561467, 0.04855729422816828], [0.9620615472439885, 0.08932262065227996, -0.2577965258771194]], "T": [0.07201603483973545, 0.1037353605140886, -0.014069091217670412], "aligned_model": [[-0.28060261629402417, -0.4851498037346233, 0.46053373269751485, 0.07630957335823269, -0.47301344951436425, 0.6752783040147341, 0.7300813170565019, -0.12631058908389278, -0.49858844854035794, 0.10757651827007303, -0.3356119457785241, 0.005407487058310331], [-0.05025362312896989, -0.3927437397796263, 0.22640766352714406, -0.5076896838555631, 0.6721640683449975, -0.42647277818215135, 0.22679820956439217, -0.5339080050563335, -0.05846687365880332, 0.043970964968747174, 0.6206803948848929, 0.01341730431526425], [-0.6182982862177286, -0.17594725977912343, -0.6327565126486528, -0.31875457056697926, -0.43542448001175704, 0.329704626201035, 0.01342542946548975, 0.2521585824786376, 0.4193982064700611, 0.6964984399786566, 0.3105753086852953, -0.04288710546670034]], "inverted": true, "swapped": false, "error_lsq": 0.060761005019987345, "error_max": 0.3846527192281467, "target": "441.xyz", "model": "3.xyz", "model_rescale": 3.9243930471874484, "target_rescale": 4.044709706385936},
{"mapping": [2, 1, 3, 4, 0, 10, 6, 8, 9, 11, 5, 12], "R": [[-0.3556545146085209, 0.38343823982191827, -0.8523408839665302], [0.5561135662530129, 0.8197800622454021, 0.13674191374366534], [0.7511641416281348, -0.4253654496867291, -0.5047936871087766]], "T": [-0.004728324525019844, -0.10607172372293809, 0.04205124336906563], "aligned_model": [[-0.2022905402249893, -0.6935670823107493, 0.4000739005947787, 0.09902888750441781, -0.30411618578317595, 0.6014400145850619, 0.44537714911050896, -0.09561432950155352, -0.3410838947852331, 0.21673612355500296, -0.21545147232723727, -0.054622490907251624], [-0.06429110899405675, 0.0691598143420545, 0.12380253102275572, -0.4851942485340432, 0.46069958619829027, -0.4226260311697842, 0.45173190987948825, -0.7127711230723162, -0.29995878546127974, 0.0932848702203369, 0.6197212446412046, 0.00034524287134049536], [-0.8581920801130765, -0.028343172759450475, -0.444000560359555, -0.40277211659846957, -0.5169295650152952, 0.2137516644992561, 0.1302367505682462, 0.1834441068549449, 0.6310844592595395, 0.7750891196588686, 0.09148222382033888, 0.0228415487728863]], "inverted": true, "swapped": false, "error_lsq": 0.044211944608814537, "error_max": 0.25716139847107766, "target": "441.xyz", "model": "4.xyz", "model_rescale": 3.8936222436046832, "target_rescale": 4.044709706385936},
{"mapping": [5, 1, 7, 4, 6, 10, 8, 2, 0, 3, 9, 11], "R": [[0.5124277412419469, 0.8466204652870144, 0.1437066378525219], [0.5799026018372193, -0.46458958274259454, 0.669230522308633], [0.6333488630984506, -0.2595964317248246, -0.729026001077903]], "T": [0.05743578306645075, 0.04156688660205101, 0.004174662446169066], "aligned_model": [[-0.22038828291544627, -0.7232336232642704, 0.4546726585637943, 0.0789115887912613, -0.24947076450150446, 0.5861181629693815, 0.5492912699314726, -0.05817238461476466, -0.4993303548298061, 0.16186251191587667, -0.20512121647649717, -0.01922948605991702], [-0.13199836657329975, -0.12638175198108564, 0.22561850503289224, -0.6526375350267146, 0.513230265307449, -0.3029650356388959, 0.49772897198758115, -0.6356137834759003, -0.06449540297517317, 0.0007139053672933701, 0.547036984944284, -0.036332855024439246], [-0.7373506225565246, -0.06969887800207855, -0.4733977340406373, -0.38084950519320393, -0.5596964720835587, 0.039672482410162344, 0.31378273441510274, 0.2960985507497669, 0.6834982726635267, 0.5678306963420457, 0.2441741322250738, -0.12637127834144155]], "inverted": false, "swapped": false, "error_lsq": 0.03353195057991344, "error_max": 0.1474257317381148, "target": "441.xyz", "model": "5.xyz", "model_rescale": 3.6523030999806103, "target_rescale": 4.044709706385936},
{"mapping": [5, 7, 1, 8, 0, 6, 2, 9, 11, 10, 3, 12], "R": [[-0.4493467236086269, 0.7846481792086296, 0.42710040604847804], [0.700591307376433, 0.012865642425336055, 0.71344677115645], [0.5543097888462487, 0.6198078009428132, -0.5554988279732564]], "T": [0.03933350481687685, -0.05899160058386169, 0.022155723072473568], "aligned_model": [[-0.21414926804885137, -0.6415815131616487, 0.403503634940551, 0.17640052098301612, -0.2844346248891122, 0.6511600579204996, 0.5200897318086183, -0.2107236787517956, -0.5663489277792888, 0.3691631261531271, -0.3089309876611143, -0.03823799200442095], [-0.17119497402116715, -0.013186462291078678, 0.33000306483217967, -0.621541316337273, 0.5984502718162582, -0.2786535601798543, 0.4959285340405604, -0.6762224411965128, -0.029355049844748883, -0.32493929917407244, 0.5394144053572059, -0.014799271057505926], [-0.5999860749417207, -0.010626700487525901, -0.4233082290011044, -0.32201509650925425, -0.6487452480852728, 0.015724976933968477, 0.21489577756607534, 0.30351024946745636, 0.6599954120583957, 0.6772566955727054, -0.03496518624001918, -0.0340441977454702]], "inverted": false, "swapped": false, "error_lsq": 0.04436029732771513, "error_max": 0.3023578291616879, "target": "441.xyz", "model": "6.xyz", "model_rescale": 4.08911054899281, "target_rescale": 4.044709706385936},
{"mapping": [7, 6, 12, 5, 2, 10, 11, 4, 3, 8, 1, 14], "R": [[0.1975614803983341, -0.4023688048153316, -0.8939064863699672], [-0.5556680305858875, 0.7052658562465326, -0.44026482007724244], [0.8075905529707613, 0.5836946264309163, -0.08425011470646904]], "T": [-0.0015569704146206915, 0.05786948344591882, -0.0063222313104771555], "aligned_model": [[-0.2849538794620382, -0.4852403697692881, 0.5672634080644064, 0.17513390716404792, -0.5598144407087441, 0.6385021282304832, 0.4851403814984297, -0.1553714083101526, -0.5529423251524078, 0.1756849893365842, -0.17369688703609837, 0.02620457565435768], [-0.1274012614928901, -0.04767191923177181, 0.046622146417295666, -0.5983812940525679, 0.46888286772674215, -0.2399722139048053, 0.36587198296867657, -0.5975834031254388, -0.1485660018398706, -0.21775653801719722, 0.7632151349679981, 0.1666444015278203], [-0.7024902480633579, -0.06999599327735284, -0.4356458766503746, -0.3507296650229913, -0.4180941804450494, 0.13821002136289673, 0.10677600424478956, 0.20241713220874902, 0.5226484836268231, 0.5918119988427135, 0.09760764812676319, 0.11517705363462502]], "inverted": true, "swapped": false, "error_lsq": 0.04902356536019246, "error_max": 0.2842993479126895, "target": "441.xyz", "model": "7.xyz", "model_rescale": 3.964800864290218, "target_rescale": 4.044709706385936},
{"mapping": [5, 10, 1, 8, 3, 7, 2, 9, 11, 12, 6, 13], "R": [[0.8046739422324881, -0.2465712194398565, -0.540094880957012], [-0.42165546401232135, 0.40308653631524793, -0.812236365788882], [0.41797908603252, 0.8813193961245371, 0.22038513029263287]], "T": [0.02750706571498241, 0.1406848663350686, -0.0031110682807664013], "aligned_model": [[-0.2907163939202863, -0.6694622462167398, 0.60152817896209, 0.10735654705272002, -0.34508125572891435, 0.655021018749244, 0.5478789163639588, -0.21748545413225412, -0.4810915433638777, 0.2507979319704721, -0.3128132973627283, 0.009977677135895757], [-0.21435849241153027, -0.2505305658076095, 0.08678987871095445, -0.5799289069439937, 0.5869851253542787, -0.1903659446723031, 0.49850415832109285, -0.46215367779084404, 0.04079777777819005, -0.30972856928156356, 0.55846263040111, 0.06943048828620925], [-0.6899507629083229, -0.1936846154641866, -0.48343906353811433, -0.25884028346332516, -0.4366508210433157, 0.05592082344217303, 0.19635627012046608, 0.22143532274715844, 0.6437918215538357, 0.5607540426734977, 0.21171354275151952, -0.02971389828315162]], "inverted": false, "swapped": false, "error_lsq": 0.048555217338881136, "error_max": 0.2721003406045172, "target": "441.xyz", "model": "8.xyz", "model_rescale": 4.121658175737393, "target_rescale": 4.044709706385936},
{"mapping": [1, 0, 6, 2, 4, 8, 7, 3, 10, 11, 5, 12], "R": [[-0.8487275617475791, 0.4191625900959537, -0.32243487558584805], [0.5058722743369519, 0.46581656866010324, -0.7260221528430709], [-0.1541258186909949, -0.7793058753953926, -0.6073940933093207]], "T": [0.05518764039676577, 0.051712387510199194, 0.0073883047406877456], "aligned_model": [[-0.17337827682924573, -0.6943692926277287, 0.5148325591698657, 0.027535324795687238, -0.38487850425460685, 0.7090439003686526, 0.4775083163643969, -0.1976260233385454, -0.4196394913552111, 0.29159315067942504, -0.3204582612837488, 0.025746677820639233], [-0.12373195399371312, -0.05899196257080085, 0.15628251847079344, -0.5927447177582084, 0.5235095715475265, -0.2643089620895021, 0.4320892579825422, -0.6079164481467803, 0.0012837119625726048, -0.16346438596583118, 0.49739028527118995, 0.034506987234201834], [-0.6186377492142747, -0.20411392728142458, -0.5005227961922687, -0.2500157351845802, -0.6024289819812043, -0.048788519840802166, 0.37093966751232527, 0.359040180988446, 0.5977076879817161, 0.5558802968590274, 0.2122767482258041, -0.07364449328453074]], "inverted": true, "swapped": false, "error_lsq": 0.041291417395364675, "error_max": 0.19952730623966014, "target": "441.xyz", "model": "9.xyz", "model_rescale": 3.833441315466971, "target_rescale": 4.044709706385936},
{"mapping": [7, 6, 9, 11, 3, 10, 13, 12, 1, 0, 5, 14], "R": [[0.29164601352939995, -0.10154583703256886, 0.9511209417175948], [-0.9537871419532753, -0.10607045988631875, 0.28113901434007327], [0.07233733916181967, -0.9891599974325993, -0.12778814045962184]], "T": [-0.039961202768791344, -0.022736715437777263, -0.03429443182569133], "aligned_model": [[-0.12162324651958883, -0.7021382998396763, 0.3518064353486495, 0.13891342054335476, -0.281016405160083, 0.6226635136236386, 0.4350769883582224, -0.24089034074020294, -0.37075523042960273, 0.18871061217212343, -0.13988109069961904, -0.024956277147635573], [-0.1887019755180196, -0.15142885174163412, 0.3056941647122953, -0.5834492561314086, 0.5106801412215792, -0.4596860480884764, 0.48629333806418323, -0.5500577048364612, -0.09773876304516264, -0.00957726939007899, 0.544270409517655, 0.027605717179519776], [-0.6743731924784382, 0.04437827127545312, -0.6640256452973161, -0.3791746963921075, -0.6759179165730758, 0.17961655302976356, 0.3541816459670358, 0.17684559982257578, 0.6218754676915471, 0.6070783082677834, 0.32060574810195613, -0.11339776482694366]], "inverted": false, "swapped": false, "error_lsq": 0.046950187056025806, "error_max": 0.248811078268903, "target": "441.xyz", "model": "10.xyz", "model_rescale": 4.2482417240324, "target_rescale": 4.044709706385936},
{"mapping": [10, 8, 4, 0, 9, 6, 5, 1, 3, 2, 7, 11], "R": [[0.36038120569150567, -0.4319076922912548, -0.8267896539773462], [-0.49633122139795055, -0.8392484478331268, 0.2220751257464611], [-0.7897978888614198, 0.33032981722716265, -0.5168186399509154]], "T": [-0.00972616970958703, -0.06337839425147054, 0.02831520294994889], "aligned_model": [[-0.27602213246344726, -0.6119972940418236, 0.6021875989128158, 0.09324759210322775, -0.229737408135781, 0.6243159140679634, 0.4687051622488098, -0.18482463206492553, -0.5791457768257862, 0.19516392423333725, -0.268052447100931, 0.02206957857612083], [-0.09250556630323378, -0.1618139679322024, 0.18947681548913622, -0.6608604297141963, 0.5383290242946696, -0.18383639263599377, 0.5156433565600473, -0.7182676900555653, 0.005182489770699114, -0.14964135072812906, 0.531006406563072, 0.021191206635687382], [-0.5575520436202566, -0.03830130840078998, -0.5439306907964443, -0.4258335585933234, -0.4901962622768276, 0.09126474438745448, 0.03315700108793805, 0.22733051010046657, 0.6020157717708954, 0.7342444048736569, 0.2246070511381479, -0.059113241082683454]], "inverted": true, "swapped": false, "error_lsq": 0.04138492968135932, "error_max": 0.24027437668356988, "target": "441.xyz", "model": "11.xyz", "model_rescale": 3.6694154284099745, "target_rescale": 4.044709706385936},
{"mapping": [0, 12, 4, 6, 1, 11, 8, 7, 10, 9, 2, 13], "R": [[0.94079568921184, -0.10491813222849888, 0.32232849189933915], [0.2465960206023441, 0.8642740337794629, -0.4384299227444042], [-0.23258089728846482, 0.4919579047685474, 0.8389776791740252]], "T": [-0.047027314383463595, -0.0838244091742407, -0.045029354123704436], "aligned_model": [[-0.2193060948273679, -0.7213832982883481, 0.41087567749329174, 0.1810414976033597, -0.2907588539745566, 0.6693233171682909, 0.37106003848245867, -0.1956081379099578, -0.35867159829138634, 0.2998317619550521, -0.22375177069982932, -0.06674245920142677], [-0.16912955817027966, -9.061928326790925e-05, 0.15846480743823183, -0.5328000960586399, 0.5800436412670804, -0.22075911135524898, 0.40764541416086664, -0.6499263104011394, -0.013052835698106974, -0.1917065026438545, 0.5231122384542661, -0.05789716576591719], [-0.7333468083473954, -0.04610623325273453, -0.57351723032705, -0.3024400824146423, -0.5101612088846496, 0.06951019765241931, 0.3502657627644429, 0.4128108961569186, 0.5039679245614204, 0.6710268601222821, 0.11840242276644494, -0.1627201222092224]], "inverted": false, "swapped": false, "error_lsq": 0.04334978538222473, "error_max": 0.22659849408627838, "target": "441.xyz", "model": "12.xyz", "model_rescale": 3.9764082729961374, "target_rescale": 4.044709706385936},
{"mapping": [6, 4, 13, 14, 5, 11, 1, 3, 7, 8, 0, 15], "R": [[0.14384862867627612, 0.6855991076853017, -0.7136255569758367], [-0.28214283071355567, 0.7196090168009149, 0.6344748111751661], [0.9485267498098813, 0.11007600319751348, 0.2969516432269138]], "T": [0.07453569995949269, 0.13964159895070005, -0.03186136594872739], "aligned_model": [[-0.17216999585828957, -0.631631608458426, 0.4299998872287766, 0.17222026478273442, -0.4013797271546773, 0.6073140413195846, 0.4372892063756876, -0.027308984787252966, -0.4710590589528535, 0.361912699319512, -0.4505996928059237, 0.0013230485007083431], [-0.16194980938869963, 0.06131416347921559, -0.030392533782872128, -0.5888885873829985, 0.6220350324080012, -0.4405763912913758, 0.5256395010448129, -0.6061418192216291, -0.011009362928380784, -0.13799639351205062, 0.5408858560875316, 0.06098424643243615], [-0.6890049786896206, -0.1370101517404833, -0.5000644751453969, -0.3457236493963404, -0.5254451860104591, 0.06833355171901863, 0.3184785995457834, 0.3448058620943348, 0.4688025389368525, 0.5512204825327994, 0.26871108601932187, -0.02541130127757601]], "inverted": true, "swapped": false, "error_lsq": 0.04029539433338699, "error_max": 0.21819624830454, "target": "441.xyz", "model": "13.xyz", "model_rescale": 4.170626492500431, "target_rescale": 4.044709706385936},
{"mapping": [9, 10, 3, 11, 1, 5, 2, 12, 8, 4, 0, 13], "R": [[0.7893832450315523, -0.4332799330935544, 0.43490526789394235], [-0.07114936740824307, 0.6390852986346642, 0.7658379388528943], [-0.6097637739164764, -0.6354828720331395, 0.4736556337378975]], "T": [0.0032601717503285554, 0.06913614939045075, 0.009021108142025495], "aligned_model": [[-0.3436859708094808, -0.43918590274765484, 0.39863738532437565, 0.21575348135251257, -0.34053836348268074, 0.4833761431438203, 0.428573888954862, -0.11115006405102679, -0.481419744251495, 0.17001954550081683, -0.1870300504800703, 0.06255973105560114], [-0.12520204021802056, -0.2692961991167281, 0.2799859799924163, -0.4177097884370856, 0.5393612427914187, -0.6950301684566319, 0.5236956690515544, -0.5687562481137514, -0.06846682712791437, 0.01830681512922637, 0.6235209481180801, -0.0065054816685733985], [-0.6967886967533508, -0.0806076909131313, -0.515090342173104, -0.45733420417497034, -0.49248203103362775, 0.12197384621039853, 0.22213153087980098, 0.34918240567070136, 0.5546465223986153, 0.6965317048879421, 0.1199514141504108, -0.024422080561451086]], "inverted": true, "swapped": false, "error_lsq": 0.04649449677736086, "error_max": 0.3253861843163548, "target": "441.xyz", "model": "14.xyz", "model_rescale": 3.9786697098870705, "target_rescale": 4.044709706385936},
{"mapping": [9, 0, 7, 8, 6, 5, 10, 2, 0, 4, 1, 11], "R": [[-0.13173784523598014, -0.8984569733966591, -0.4188319556665846], [0.9797417835562982, -0.05372083393587507, -0.19292513976969838], [0.1508349352322083, -0.4357627094602624, 0.8873329044712286]], "T": [-0.0017988750953385878, -0.018300167017794147, -0.08415563464377802], "aligned_model": [[-0.4062290915866624, -0.6024211301346911, 0.5006647700882082, 0.16860233212225892, -0.20406922475844633, 0.6633252598236513, 0.4875485918568078, -0.08489996458071693, -0.6024211301346911, 0.20127938646638954, -0.21162931490382358, -0.05384040474870412], [-0.11967447127118638, -0.1281022632454909, 0.2082037185641068, -0.4768653967933915, 0.5589586065348932, -0.44932091392607904, 0.5689741069016191, -0.7550374583715692, -0.1281022632454909, -0.06207761806589723, 0.5825977709068467, 0.034350083955630245], [-0.5462960012805241, 0.24901398055873386, -0.4489874869755889, -0.26556534949288285, -0.5873600710386963, 0.04426005214267682, 0.24443068929078687, 0.36768481144541243, 0.24901398055873386, 0.4918282926944289, 0.15156654551760185, -0.15189706483244841]], "inverted": true, "swapped": false, "error_lsq": 0.054277308561662525, "error_max": 0.3313424054178688, "target": "441.xyz", "model": "15.xyz", "model_rescale": 3.769337070930944, "target_rescale": 4.044709706385936},
{"mapping": [10, 4, 9, 6, 8, 1, 7, 0, 5, 2, 11], "R": [[0.47291972085877804, 0.8787918125721631, -0.06381134522157755], [-0.5901364429354273, 0.2621364760681141, -0.7635597204109918], [-0.6542827495375194, 0.39875985012375925, 0.6425765834411494]], "T": [0.011035601923527002, 0.06558486073052039, 0.016966864610908614], "aligned_model": [[-0.35666415834094745, -0.3889135450165162, 0.022765214101769973, -0.6467467269554396, 0.40932303183430857, 0.38740884395850134, 0.6055553392095917, 0.1745652473852498, 0.07882929778051874, -0.3836605477171929, 0.020164134451326504], [-0.12600943426815553, -0.7331104518500943, 0.7275578107261668, 0.3836779918313237, 0.22621990745522447, -0.33385729063170905, 0.4155205102817906, -0.5509438440320167, 0.6016051259115301, -0.08526148165221387, 0.07066565385349578], [-0.4879001822628058, -0.09709604715147803, -0.26182856996262727, 0.03376836343326667, -0.6411837277668585, -0.33860261944526443, -0.0027619408189733102, 0.36716689960002286, 0.5703951216551022, 0.6045339402166923, -0.00227363027329968]], "inverted": true, "swapped": true, "error_lsq": 0.0376760023034844, "error_max": 0.22329191846478247, "target": "441.xyz", "model": "16.xyz", "model_rescale": 3.7852294659196426, "target_rescale": 4.044709706385936},
{"mapping": [7, 11, 1, 2, 6, 3, 4, 8, 9, 0, 10, 12], "R": [[-0.5686923920227887, -0.7795373289919041, -0.2625081255191301], [-0.7676930690305495, 0.6176057126130441, -0.1709108993311728], [0.2953579438881833, 0.104329940361827, -0.9496730745505227]], "T": [0.059573359324465294, -0.024802882534620832, -0.04242404885074426], "aligned_model": [[-0.18140275050530136, -0.6076382726403121, 0.6091681279949495, 0.09030414991049693, -0.4593393429271674, 0.6648258963338964, 0.47858207353339977, -0.19603347158539802, -0.46960587203732196, 0.3254384670897521, -0.37936829284592, -0.01902063281149391], [0.045426079594496224, -0.27444917718040773, -0.05514927436460791, -0.4945564605930781, 0.5760071587475464, -0.5084695372686611, 0.5138903542847564, -0.5178044798634065, -0.062489846811809524, 0.02017350883974614, 0.591743286597586, -0.0004177100381695803], [-0.6969661884766059, -0.21688734061666592, -0.456282528285451, -0.4329035175062721, -0.4388457153101016, 0.13710674155743646, 0.14738632787200562, 0.2979000382720335, 0.6400792986361085, 0.5845049937295256, 0.23408295394931677, -0.0014826852330958318]], "inverted": false, "swapped": false, "error_lsq": 0.045142593685643155, "error_max": 0.2543523493625225, "target": "441.xyz", "model": "17.xyz", "model_rescale": 3.901054581598922, "target_rescale": 4.044709706385936},
{"mapping": [13, 0, 9, 12, 2, 11, 10, 7, 1, 6, 8, 14], "R": [[0.2172669697784779, 0.011701735694686133, 0.9760420755402965], [-0.9399853068366407, -0.26701318862475415, 0.21244194508540046], [0.263102046313792, -0.9636218275247679, -0.04701368676589873]], "T": [-0.02877758157320772, 0.08624421681280407, -0.008479311575361564], "aligned_model": [[-0.016322838378028635, -0.7463774141750672, 0.49383515943372475, 0.1388720801135165, -0.5983727897949876, 0.616912161632887, 0.6766643900417265, -0.19519869891113775, -0.41277948575929313, 0.207145823033458, -0.3138973212331538, 0.005429013505935283], [0.041591606968691346, -0.1526608944586455, 0.14392995537698286, -0.5649441896960393, 0.3644179431133043, -0.3682823453843457, 0.44249169245980163, -0.5085703061924621, -0.0018952428212452577, -0.2945311743574531, 0.6796685981024492, 0.05268825883295263], [-0.7332918543108129, 0.050506674536976534, -0.40564162076119065, -0.32442607013131136, -0.5394395537357234, 0.10650481212162534, 0.21036563103935177, 0.23271919323604248, 0.5663767770874572, 0.5940785644067536, 0.07502212486210012, -0.03508229976303485]], "inverted": false, "swapped": false, "error_lsq": 0.052864920586104154, "error_max": 0.3426018042251324, "target": "441.xyz", "model": "18.xyz", "model_rescale": 3.9405287249114394, "target_rescale": 4.044709706385936},
{"mapping": [7, 13, 8, 9, 4, 5, 1, 11, 14, 10, 12, 15], "R": [[-0.36632850085261837, 0.26941574531272156, 0.8906281971960377], [0.6187098425729005, 0.7854380292485006, 0.016888839914237896], [-0.6949831366058392, 0.5572272950850692, -0.4544185091363327]], "T": [0.010746495602499602, 0.12385545524111609, 0.007556919966748562], "aligned_model": [[-0.15470442345517552, -0.5695359058862414, 0.5230256323552681, -0.0050115128565040145, -0.2363807299467956, 0.6346173629152672, 0.3889777909417171, -0.09084032321856306, -0.48371926235715956, 0.15132916188597526, -0.33825457786407287, 0.03640686699586452], [-0.09344562214250189, -0.21377487249618382, 0.04122108982572607, -0.5532033843235594, 0.5554188889638365, -0.41370652700809807, 0.6148290658108709, -0.5410027459567563, -0.026613049250709078, -0.16876578207783843, 0.5231487744341097, 0.10979806616509424], [-0.6413127002900735, -0.01709955355300197, -0.5429099757101769, -0.3534872046126112, -0.528489874335616, -0.1067886042901221, 0.23428456479541757, 0.26612391794128204, 0.5842733194540174, 0.7234573057447418, 0.14504203980309716, 0.034599143641279514]], "inverted": true, "swapped": false, "error_lsq": 0.036877860960101524, "error_max": 0.1806648702185463, "target": "441.xyz", "model": "19.xyz", "model_rescale": 4.410303926677745, "target_rescale": 4.044709706385936},
{"mapping": [5, 10, 1, 8, 3, 7, 2, 9, 11, 12, 6, 13], "R": [[0.8046739422324881, -0.2465712194398565, -0.540094880957012], [-0.42165546401232135, 0.40308653631524793, -0.812236365788882], [0.41797908603252, 0.8813193961245371, 0.22038513029263287]], "T": [0.02750706571498241, 0.1406848663350686, -0.0031110682807664013], "aligned_model": [[-0.2907163939202863, -0.6694622462167398, 0.60152817896209, 0.10735654705272002, -0.34508125572891435, 0.655021018749244, 0.5478789163639588, -0.21748545413225412, -0.4810915433638777, 0.2507979319704721, -0.3128132973627283, 0.009977677135895757], [-0.21435849241153027, -0.2505305658076095, 0.08678987871095445, -0.5799289069439937, 0.5869851253542787, -0.1903659446723031, 0.49850415832109285, -0.46215367779084404, 0.04079777777819005, -0.30972856928156356, 0.55846263040111, 0.06943048828620925], [-0.6899507629083229, -0.1936846154641866, -0.48343906353811433, -0.25884028346332516, -0.4366508210433157, 0.05592082344217303, 0.19635627012046608, 0.22143532274715844, 0.6437918215538357, 0.5607540426734977, 0.21171354275151952, -0.02971389828315162]], "inverted": false, "swapped": false, "error_lsq": 0.048555217338881136, "error_max": 0.2721003406045172, "target": "441.xyz", "model": "20.xyz", "model_rescale": 4.121658175737393, "target_rescale": 4.044709706385936},
{"mapping": [5, 7, 1, 8, 0, 6, 2, 9, 11, 10, 3, 12], "R": [[-0.4493467236086269, 0.7846481792086296, 0.42710040604847804], [0.700591307376433, 0.012865642425336055, 0.71344677115645], [0.5543097888462487, 0.6198078009428132, -0.5554988279732564]], "T": [0.03933350481687685, -0.05899160058386169, 0.022155723072473568], "aligned_model": [[-0.21414926804885137, -0.6415815131616487, 0.403503634940551, 0.17640052098301612, -0.2844346248891122, 0.6511600579204996, 0.5200897318086183, -0.2107236787517956, -0.5663489277792888, 0.3691631261531271, -0.3089309876611143, -0.03823799200442095], [-0.17119497402116715, -0.013186462291078678, 0.33000306483217967, -0.621541316337273, 0.5984502718162582, -0.2786535601798543, 0.4959285340405604, -0.6762224411965128, -0.029355049844748883, -0.32493929917407244, 0.5394144053572059, -0.014799271057505926], [-0.5999860749417207, -0.010626700487525901, -0.4233082290011044, -0.32201509650925425, -0.6487452480852728, 0.015724976933968477, 0.21489577756607534, 0.30351024946745636, 0.6599954120583957, 0.6772566955727054, -0.03496518624001918, -0.0340441977454702]], "inverted": false, "swapped": false, "error_lsq": 0.04436029732771513, "error_max": 0.3023578291616879, "target": "441.xyz", "model": "21.xyz", "model_rescale": 4.08911054899281, "target_rescale": 4.044709706385936},
{"mapping": [6, 5, 0, 7, 8, 13, 2, 12, 9, 14, 11, 16], "R": [[-0.2788226995011846, 0.9578134290621387, -0.0696515423454509], [0.8574857631798407, 0.21564729391372817, -0.4671342532629915], [-0.4324072943264934, -0.18997283946899923, -0.8814387398323992]], "T": [0.0405989998335112, 0.06096916869977321, 0.025791424811441557], "aligned_model": [[-0.1473333214867442, -0.6635357668626742, 0.48695226180869244, 0.11486875578074839, -0.3382633880384227, 0.4821980110681664, 0.5656320791863602, 0.02746029603564362, -0.46520768757019837, 0.1321301385618525, -0.41772575086928554, 0.07873445189544184], [-0.06283356891928871, 0.022889029734948857, 0.05881532501461604, -0.5347620041702249, 0.4489505470203617, -0.42941101756619876, 0.515540845924313, -0.6006688228653264, -0.2057261108840035, -0.0894857356962313, 0.6678088922496844, 0.04278652210134007], [-0.6847847170006622, 0.004038556166220866, -0.6073306208170216, -0.35550184949576186, -0.4062916218271717, 0.061112130106830975, 0.22317097092447427, 0.35294895355607886, 0.45073946209121996, 0.6428878178760471, 0.11283740733524447, 0.0038658896727347923]], "inverted": true, "swapped": false, "error_lsq": 0.03818777906710145, "error_max": 0.22221657084140778, "target": "441.xyz", "model": "22.xyz", "model_rescale": 4.204369325754507, "target_rescale": 4.044709706385936},
{"mapping": [7, 13, 8, 9, 4, 5, 1, 11, 14, 10, 12, 15], "R": [[-0.36632850085261837, 0.26941574531272156, 0.8906281971960377], [0.6187098425729005, 0.7854380292485006, 0.016888839914237896], [-0.6949831366058392, 0.5572272950850692, -0.4544185091363327]], "T": [0.010746495602499602, 0.12385545524111609, 0.007556919966748562], "aligned_model": [[-0.15470442345517552, -0.5695359058862414, 0.5230256323552681, -0.0050115128565040145, -0.2363807299467956, 0.6346173629152672, 0.3889777909417171, -0.09084032321856306, -0.48371926235715956, 0.15132916188597526, -0.33825457786407287, 0.03640686699586452], [-0.09344562214250189, -0.21377487249618382, 0.04122108982572607, -0.5532033843235594, 0.5554188889638365, -0.41370652700809807, 0.6148290658108709, -0.5410027459567563, -0.026613049250709078, -0.16876578207783843, 0.5231487744341097, 0.10979806616509424], [-0.6413127002900735, -0.01709955355300197, -0.5429099757101769, -0.3534872046126112, -0.528489874335616, -0.1067886042901221, 0.23428456479541757, 0.26612391794128204, 0.5842733194540174, 0.7234573057447418, 0.14504203980309716, 0.034599143641279514]], "inverted": true, "swapped": false, "error_lsq": 0.036877860960101524, "error_max": 0.1806648702185463, "target": "441.xyz", "model": "23.xyz", "model_rescale": 4.410303926677745, "target_rescale": 4.044709706385936},
{"mapping": [14, 15, 7, 11, 6, 1, 0, 10, 8, 3, 5, 16], "R": [[-0.27374049894486985, -0.18397349585294312, 0.9440444333086557], [0.9144901676498574, -0.3538472963316325, 0.1962137205970309], [0.2979494462306476, 0.9170309938614076, 0.26510428851380263]], "T": [-0.036491467090234896, 0.012770815526156375, -0.07984691287737582], "aligned_model": [[-0.382168989259429, -0.737791921040655, 0.555220269700147, 0.09734137353451855, -0.380376370620792, 0.7029519082975456, 0.5073280896115443, -0.07159102538661201, -0.5796435205152837, 0.40343074173633386, -0.299795749262891, 0.04100527271515377], [-0.13431024601118324, 0.09260028633217614, 0.04634401222628873, -0.5237376425322569, 0.536938043625495, -0.3751603685196043, 0.4730824296644459, -0.5202667081602109, -0.28331817206201604, -0.019777327370906095, 0.537087961888667, 0.004421632863095127], [-0.6428959356264177, -0.18529414951501716, -0.38097970366931505, -0.38801720964988434, -0.5098352614058361, 0.11780996307263346, 0.17067118771467793, 0.2922054565886975, 0.461469838704928, 0.7041556720731882, 0.14679028276303152, 0.011612237537547601]], "inverted": true, "swapped": false, "error_lsq": 0.04069810647483906, "error_max": 0.23931677681268465, "target": "441.xyz", "model": "24.xyz", "model_rescale": 4.28219845311461, "target_rescale": 4.044709706385936},
{"mapping": [7, 13, 3, 4, 9, 0, 8, 2, 14, 6, 11, 15], "R": [[-0.6123236107953729, -0.23088411011300106, -0.7561430574698444], [-0.5143176836221629, -0.6100409724444558, 0.6027663994057363], [-0.6004474298188391, 0.7579858439551167, 0.25479471028182654]], "T": [-0.04317493514399377, 0.09147113906260558, -0.03537876236211626], "aligned_model": [[-0.31206956162727617, -0.5341564270337547, 0.37751224111092824, 0.23416812828354633, -0.2856543285665067, 0.5109537896258592, 0.4217536086630711, -0.1640869088419608, -0.4468982560592656, 0.3536499654469835, -0.3038081607363508, 0.004545989244306353], [-0.11687127691747272, -0.21687568595505596, 0.16813399085952763, -0.46259523323975954, 0.5141567083224229, -0.46743257027985546, 0.4399190870701534, -0.500099014980784, 0.03250683956269114, -0.12100130118439724, 0.5270265506054133, 0.03703580808110764], [-0.7352609833837859, -0.16490044803766948, -0.68128158148342, -0.42363106857295674, -0.503795603630472, 0.17938196985860522, 0.3445837800175181, 0.28742934139220677, 0.6077971983424625, 0.7453789435668529, 0.16169705158189215, -0.01970622106299888]], "inverted": false, "swapped": false, "error_lsq": 0.04471972500576213, "error_max": 0.2069089571516679, "target": "441.xyz", "model": "25.xyz", "model_rescale": 4.100010024507729, "target_rescale": 4.044709706385936},
{"mapping": [10, 8, 4, 0, 9, 6, 5, 1, 3, 2, 7, 11], "R": [[0.36038120569150567, -0.4319076922912548, -0.8267896539773462], [-0.49633122139795055, -0.8392484478331268, 0.2220751257464611], [-0.7897978888614198, 0.33032981722716265, -0.5168186399509154]], "T": [-0.00972616970958703, -0.06337839425147054, 0.02831520294994889], "aligned_model": [[-0.27602213246344726, -0.6119972940418236, 0.6021875989128158, 0.09324759210322775, -0.229737408135781, 0.6243159140679634, 0.4687051622488098, -0.18482463206492553, -0.5791457768257862, 0.19516392423333725, -0.268052447100931, 0.02206957857612083], [-0.09250556630323378, -0.1618139679322024, 0.18947681548913622, -0.6608604297141963, 0.5383290242946696, -0.18383639263599377, 0.5156433565600473, -0.7182676900555653, 0.005182489770699114, -0.14964135072812906, 0.531006406563072, 0.021191206635687382], [-0.5575520436202566, -0.03830130840078998, -0.5439306907964443, -0.4258335585933234, -0.4901962622768276, 0.09126474438745448, 0.03315700108793805, 0.22733051010046657, 0.6020157717708954, 0.7342444048736569, 0.2246070511381479, -0.059113241082683454]], "inverted": true, "swapped": false, "error_lsq": 0.04138492968135932, "error_max": 0.24027437668356988, "target": "441.xyz", "model": "26.xyz", "model_rescale": 3.6694154284099745, "target_rescale": 4.044709706385936},
{"mapping": [6, 0, 3, 12, 1, 9, 7, 10, 4, 8, 5, 13], "R": [[0.8513405342405801, 0.4916423419263458, 0.18304945338389356], [0.0540187205522423, 0.2649158824322956, -0.9627572659113082], [-0.5218249443911847, 0.8295223823745184, 0.19897573859855594]], "T": [-0.021519940926980865, -0.09878025764319691, 0.02498977581626249], "aligned_model": [[-0.16462335476092205, -0.6505526328853347, 0.577422187687046, 0.21971682098893128, -0.33834446221557624, 0.6011225098462857, 0.38910373589343705, -0.024776094195983405, -0.5722090939213199, 0.15291358152535714, -0.2702569779013006, -0.06360614055104005], [-0.05802992694817506, 0.1032658876594459, 0.09274670466809969, -0.5583322088182414, 0.5464856566232613, -0.3640714455696789, 0.3778156634156786, -0.5517487699744698, -0.25538325897526337, 0.001360233138607364, 0.6320061094484686, -0.13221074272374223], [-0.6451230917677809, 0.004287825446508863, -0.4823729835705972, -0.5753015219958786, -0.4877487309216978, 0.10745491738510504, 0.005675304998586924, 0.420842834658706, 0.6146909940930207, 0.6315390489844845, 0.19836702873991385, 0.0053807525378626285]], "inverted": false, "swapped": false, "error_lsq": 0.04242273007586788, "error_max": 0.2464067494408512, "target": "441.xyz", "model": "27.xyz", "model_rescale": 4.103607728864725, "target_rescale": 4.044709706385936},
{"mapping": [0, 3, 5, 1, 9, 8, 11, 4, 12, 13, 10, 14], "R": [[0.3339677753124108, 0.6960737348019415, 0.6355681558824009], [-0.6400992658726652, -0.32747929608534215, 0.695003770108281], [0.6919092822633286, -0.6389355729291692, 0.3361887546654709]], "T": [0.010638058874094415, 0.13111944956546087, 0.0255666590441346], "aligned_model": [[-0.31589833793341227, -0.7134923880604567, 0.3001413109826549, 0.11000928939535576, -0.18869985589818614, 0.6634508268874019, 0.5418530207928368, 0.14797456522488298, -0.591856321202229, 0.15282839719931107, -0.22975429327938277, -0.020646134599196724], [-0.16128341220177286, -0.02212449219146581, 0.18913943909007483, -0.5888629043969921, 0.6339012911048811, -0.3354455306891143, 0.42374213154342844, -0.6960329301056363, -0.12545948084254957, -0.06113176369450768, 0.5738696010721325, 0.003591953255512731], [-0.5379635433159071, -0.09966210244449367, -0.6437329436869592, -0.4984673098951362, -0.5889239768531587, 0.1941863077374922, 0.34843484218545606, 0.36990212332616046, 0.5809596654565885, 0.6278074013065056, 0.10276184459796509, -0.05760992982627958]], "inverted": false, "swapped": false, "error_lsq": 0.04441095973753079, "error_max": 0.2573658930324078, "target": "441.xyz", "model": "28.xyz", "model_rescale": 4.137296879288765, "target_rescale": 4.044709706385936},
{"mapping": [5, 3, 0, 1, 10, 2, 6, 7, 8, 9, 11], "R": [[0.942760813021364, 0.30318090724429947, -0.13886463521653192], [-0.22654759013921333, 0.8878762111655893, 0.40043978704463584], [0.24470030411385268, -0.34605949073643644, 0.9057398026132155]], "T": [0.027727555700332283, 0.0462807452802815, -0.07631492578144747], "aligned_model": [[0.5014702462051029, 0.03166441916385844, -0.11391589375383263, -0.5998929735946165, -0.07359237875041288, 0.6002436604055454, 0.6298804107134452, -0.2827774710259501, -0.5850513658973386, 0.10162047254507921, 0.011769884699017658], [-0.45052330684463315, -0.6219377329737227, -0.2882132973971592, 0.09687824568564882, 0.6795080561505819, -0.135283240741532, 0.440175006716845, -0.344958549239703, 0.2785396163044376, 0.21028704271400397, 0.054675976273184615], [0.27998570930528754, -0.1978253865239408, -0.7068230715554837, -0.2528733346920238, -0.20105331700260326, -0.4800903172064721, 0.051756822112179995, 0.3999374709731166, 0.35745518312944735, 0.6191808944138246, -0.0638966311703338]], "inverted": false, "swapped": true, "error_lsq": 0.03550960848259494, "error_max": 0.1774096307594915, "target": "441.xyz", "model": "29.xyz", "model_rescale": 3.607286011436655, "target_rescale": 4.044709706385936},
