[{"mapping": [9, 0, 4, 11, 13, 7, 1, 3, 2, 6, 8, 15], "R": [[-0.3890904717878858, 0.743840028927614, -0.5434248946532052], [-0.37769259916685927, -0.666861655940445, -0.6423735925230348], [-0.8402124167723677, -0.04469388326532098, 0.5404123902171408]], "T": [0.03530330530818548, 0.06103812315909311, 0.005233746427884083], "aligned_model": [[-0.32359249502822596, 0.2633101719546806, 0.2323627721060062, -0.1586887058374855, -0.09776308638475709, -0.44893533236680133, 0.3576425043430901, -0.22388255909890548, 0.7087154614176574, 0.1900773648666467, -0.6624691635273876, 0.0008655300160310617], [-0.24741611507359962, -0.7027608049086624, -0.30973716088217695, 0.6939930481940095, 0.3022425229500989, -0.606580929279984, -0.23894288969581984, -0.3949340839022268, 0.058015295826798555, 0.414896042547934, 0.12908684402076526, -0.04430673382007959], [-0.4697998026830372, -0.06555165044791385, -0.5294037781650694, 0.021578479396661642, -0.6462394563134128, -0.04059100253640131, 0.558369632590137, 0.5443193710545161, 0.03652524711568418, 0.49686883606395954, 0.28151795868414353, -0.005642089405704671]], "inverted": true, "swapped": true, "error_lsq": 0.0398174012639888, "error_max": 0.24547140767246, "target": "442.xyz", "model": "0.xyz", "model_rescale": 3.751011558992144, "target_rescale": 4.0890611028870625},
{"mapping": [10, 13, 14, 2, 12, 6, 9, 4, 11, 3, 8, 7, 0, 1, 15], "R": [[0.7187355700946537, 0.651538048442243, 0.24272896760128765], [-0.6939832401958549, 0.6935957333065573, 0.19316371570820878], [-0.04250226591578012, -0.3072834687564773, 0.9506684107621394]], "T": [-0.006677878192315481, 0.07365430559970584, -0.012573050726315309], "aligned_model": [[0.03829323424771862, 0.10264372823886082, -0.5853858309495977, 0.02943846201175035, -0.17806346922160504, -0.5470665139046984, 0.47132983222674124, 0.5955841951997379, -0.5745821399142332, 0.09683597914349627, -0.25497109585678673, 0.556330067015497, 0.7038030308757097, -0.002160024074696759, 0.08705675605114019], [0.01569451932523383, -0.5229127960425184, 0.11642841446581759, 0.5537554241829861, -0.6911940440440876, 0.38697328250508967, -0.3825018280229776, -0.022814864693510767, -0.25311567056379825, 0.39901927077027943, -0.2422188416674708, -0.06953936797915641, 0.4303076053873216, 0.75362829057902, 0.07724795562487749], [-0.7749852257272655, -0.37652365255604847, -0.4903025966801246, -0.48445307086038536, 0.11744611768362698, 0.01363456442177903, 0.10160792799640406, -0.31276985542258495, -0.10868819004529082, 0.6575939414322965, 0.6249413769654935, 0.5746405309409391, 0.07908832481838687, 0.1809868743975273, 0.04744933748722228]], "inverted": true, "swapped": true, "error_lsq": 0.04157345846992026, "error_max": 0.3205663106077132, "target": "442.xyz", "model": "1.xyz", "model_rescale": 3.9405287249114394, "target_rescale": 4.0890611028870625},
{"mapping": [0, 7, 9, 6, 8, 4, 1, 5, 11, 10, 14, 2, 15], "R": [[-0.5785903134920385, -0.5720032842290901, 0.5814167971122948], [0.20323408282975433, 0.5892594041320932, 0.7819650006350917], [-0.789891863934256, 0.5706010843601904, -0.22468922051901324]], "T": [-0.0496962474617932, -0.08276778253132713, -0.0466433659459566], "aligned_model": [[-0.39887351421802436, 0.011265855454055049, -0.32659025990215146, 0.35658294590367834, 0.5541694247220801, -0.6769787636925966, 0.17277352816987995, 0.7228651223542857, 0.20732095070260964, -0.6597654916173856, -0.029801642971247447, -0.3722272863504938, -0.06475758927075831], [0.6287248063180045, 0.5876587849170125, 0.1335241076882593, -0.32603889605957825, -0.04077010294116476, 0.14413517445048063, 0.31236943892881786, 0.04111580898786513, -0.6815868105867122, -0.49679983653913495, -0.7459230052302217, -0.11701749326150898, 0.019440616899897928], [0.0639913418061434, -0.5253019130148796, -0.6177428401740978, 0.36156231793032645, -0.4954556401596006, -0.17769953847312436, 0.4957810536883123, 0.2489081635605339, -0.16449886771249828, 0.1608344351756471, 0.3066092255100605, 0.5443497928677958, -0.08821718141597466]], "inverted": true, "swapped": true, "error_lsq": 0.0457793910549822, "error_max": 0.27628341378474114, "target": "442.xyz", "model": "2.xyz", "model_rescale": 3.932901565614263, "target_rescale": 4.0890611028870625},
{"mapping": [2, 4, 10, 1, 14, 11, 13, 6, 3, 8, 9, 7, 12, 15], "R": [[0.9930386319328035, 0.1131053723872316, -0.03288541053677485], [-0.05099306857577722, 0.6644801077113487, 0.7455641443988176], [0.10617901132640403, -0.7386970699773084, 0.6656220071186703]], "T": [-0.0066889190963739555, -0.04885227665806972, -0.012521983303370801], "aligned_model": [[-0.2237179438656255, 0.5547552396291956, 0.14663985023544654, -0.44369688919310146, -0.43245016940794145, -0.23730046760830234, 0.4860242342500588, -0.624062102183423, -0.19930269061421332, -0.0743030159846837, 0.6350067672845796, 0.45695057590516375, 0.31760809275044416, 0.05765843085510612], [0.040263855748894815, 0.08490781002571157, -0.4463692926022858, 0.4872226537593866, -0.597623860693308, -0.6346109561537084, -0.5521573272175547, -0.14689896926751705, 0.5588468061235101, -0.07135739272889338, -0.007127235709476369, 0.4820422862347425, -0.5716164895942504, 0.03797475042523705], [-0.6445258953552782, -0.3717332348764418, -0.6490159525589728, -0.1591445563209023, -0.2998112875589137, 0.19299461188683664, -0.07749378924603233, -0.0019061055162476748, 0.38660586138803654, 0.7376592389826041, 0.1774589431120398, 0.41816531251598243, 0.4902901373736734, 0.014353079230713037]], "inverted": true, "swapped": true, "error_lsq": 0.041036007354146524, "error_max": 0.2643221389812769, "target": "442.xyz", "model": "3.xyz", "model_rescale": 3.9243930471874484, "target_rescale": 4.0890611028870625},
{"mapping": [9, 4, 7, 8, 3, 13, 11, 0, 1, 2, 5, 14, 15], "R": [[-0.08536736051870257, -0.02905933679036632, 0.995925684327588], [-0.5164099810546373, 0.8561243080703018, -0.01928472448070323], [-0.8520757860808036, -0.5159522498026843, -0.08809160401723562]], "T": [-0.08312160863706074, -0.08124042987280414, -0.04822945956113332], "aligned_model": [[-0.00199140960804485, -0.2962101576159831, 0.5379768596599513, 0.4152791734617481, 0.6518278694447299, -0.5527129402722385, -0.34265393710143793, 0.202073953084684, 0.26069010158344336, -0.4188635544936568, 0.4563282279922777, -0.6249646183004799, -0.009573681523640742], [-0.4565353192117598, 0.014735096550596044, -0.26696903297215546, -0.5914191582555124, 0.07230973614084338, -0.5327385190173003, -0.4695631919298966, 0.3625234454508426, 0.5142884121287464, 0.5031201618096897, 0.0764465763742074, -0.02201881333712643, -0.07634984004958707], [-0.5979373112472045, -0.6866070876428321, -0.5601315436401955, 0.19500774591319542, -0.0038122581140252604, -0.32379618055387427, 0.42121743920413585, -0.6499965413280133, 0.11605499535767129, -0.03172878753555858, 0.5711876880824007, 0.46931956330031177, -0.1317074064250479]], "inverted": true, "swapped": true, "error_lsq": 0.0372031991029749, "error_max": 0.2091913704044629, "target": "442.xyz", "model": "4.xyz", "model_rescale": 3.8936222436046832, "target_rescale": 4.0890611028870625},
{"mapping": [12, 9, 8, 11, 3, 0, 4, 2, 14, 13, 6, 15], "R": [[-0.3513982502837998, -0.40154132216661254, -0.8457445455278874], [-0.9325652939432219, 0.2299309115712384, 0.27830513548372016], [0.08271180224173866, 0.886507948355066, -0.45526082114894906]], "T": [-0.09540574670334147, 0.047235447692360266, 0.008767855020491745], "aligned_model": [[0.09279461812188187, -0.425004112694129, -0.2786141385410548, 0.44187113344942963, -0.6804366625078179, -0.7382143685960715, -0.3097713887257103, 0.09767556792255534, 0.6305114811118222, 0.18634910916534891, 0.21390017958614027, -0.20351337607729753], [-0.5028684248672042, -0.5350762921571872, 0.03680139290383186, 0.0008342975798415198, 0.43682752123590396, 0.05373478649622175, -0.37865050131397776, 0.33375641790956273, 0.23456218224003883, -0.6005802076862341, 0.5676885305343895, 0.021893202234620053], [-0.5327460921627084, -0.034649193858238087, -0.7221054775609967, -0.3755659518865508, -0.2589224891926038, 0.48536132998815334, 0.49334246988668096, 0.5876439791304013, 0.06272071347950953, 0.04416049277946125, -0.14722551185871544, 0.01727045053112527]], "inverted": true, "swapped": true, "error_lsq": 0.039428152795230154, "error_max": 0.20663034843980807, "target": "442.xyz", "model": "5.xyz", "model_rescale": 3.6523030999806103, "target_rescale": 4.0890611028870625},
{"mapping": [5, 3, 7, 8, 9, 6, 0, 11, 2, 10, 4, 13, 15], "R": [[0.5503747466163423, -0.8209601062495464, 0.15202678130424982], [0.7781046390896407, 0.5703692649158917, 0.263119881929293], [-0.3027223297250745, -0.026521794547853472, 0.9527097068361299]], "T": [0.04619280588159302, -0.10730387044015727, -0.020826653567667712], "aligned_model": [[-0.07712345017696723, -0.014152518466875326, 0.3398256870942313, 0.6009050783204304, 0.46045034787578454, -0.1775590314892228, -0.32117612470836, 0.3697447963119227, -0.5763598905555515, -0.1896603778666423, -0.0386354710877771, 0.44913140273345054, 0.05569245667987131], [-0.6051960760066927, -0.006760991777027006, 0.4906850443940148, -0.2980863256190366, 0.4156388460957274, -0.6730664366341481, 0.5698998089786083, -0.645663573266688, -0.13602248524399083, -0.08901824823823856, 0.4882640828983991, 0.0420430318066512, -0.011889773224395966], [0.6398134705552974, 0.7221072923382366, 0.46752890729022983, 0.4521916993738666, -0.08812219195426474, 0.1231293534436809, 0.19555669048900662, -0.23062400262437222, -0.27787841648512457, -0.7493134235952815, -0.33744472600816783, -0.5826447299260741, 0.035809816584756675]], "inverted": true, "swapped": true, "error_lsq": 0.04634998271978538, "error_max": 0.3226916696110576, "target": "442.xyz", "model": "6.xyz", "model_rescale": 4.08911054899281, "target_rescale": 4.0890611028870625},
{"mapping": [13, 4, 10, 12, 8, 5, 11, 6, 7, 9, 3, 0, 1, 2, 15], "R": [[-0.4252321106385717, 0.45023082255861097, -0.785155945338289], [-0.8973635966566401, -0.09665797997077119, 0.4305761376381986], [0.11796706098451559, 0.8876651628436066, 0.44512282708990447]], "T": [0.0794429944244936, -0.04278798317797037, -0.07583287978654908], "aligned_model": [[0.10083388403579718, 0.17348109964161607, 0.704687687304782, -0.34703142832840617, -0.5666682879578493, -0.10867642462414251, 0.1290397300529272, 0.3091411909254401, -0.6089656619995918, -0.324368233329003, -0.3741141903908123, 0.01840061061474152, 0.2206451700269748, 0.6998846636610148, 0.010043730166065495], [-0.663562645101118, -0.6110907108794233, -0.47075975936714665, -0.3659771095035117, 0.2094398057376015, 0.7711113067818031, 0.04527013021780623, 0.4959794169324292, -0.19380379066884376, -0.5681792864509463, 0.4224075150365235, -0.19991436118019834, 0.4812735237558551, 0.01697786703821682, -0.06841308617993433], [-0.41418891996103846, 0.2851835628690018, -0.18791898588035277, -0.6631482620828245, -0.37040267778842884, -0.11740150922265973, -0.7302929017056111, -0.29456542215363835, 0.35496859730340136, 0.026673491474362085, 0.3030870393827806, 0.706453279416714, 0.3772366054183122, 0.180979124838076, 0.007407010173986331]], "inverted": true, "swapped": true, "error_lsq": 0.04961958298197519, "error_max": 0.29598797626071555, "target": "442.xyz", "model": "7.xyz", "model_rescale": 3.964800864290218, "target_rescale": 4.0890611028870625},
{"mapping": [5, 3, 8, 6, 12, 2, 11, 7, 0, 4, 10, 13, 9, 15], "R": [[0.7109966622517568, 0.03523934496057102, 0.7023118501304185], [0.4065362748057166, -0.8355203927946254, -0.3696402717391682], [0.5737699918381515, 0.5483282427443119, -0.6083782825471195]], "T": [-0.07755845392362073, -0.04677827924011423, 0.07251566163298576], "aligned_model": [[-0.2136517953244965, 0.3068511416070928, 0.25229542478863853, -0.5462474084046322, 0.1381181453565419, -0.5078306797865865, -0.428928092087702, 0.7347399754874391, 0.36149785260709977, 0.1907509328294331, -0.5043009810605205, -0.029759158474647024, 0.48276634157007636, 0.0248861903531358], [-0.3231404300057812, -0.4607699444837953, 0.26147264880630555, -0.15729151647365408, 0.7109014494477616, -0.454258573800951, 0.4630403315195779, -0.1714008951640792, -0.6327282511542067, -0.12907915200725154, 0.07727123200607189, 0.5132090354329305, 0.20262110999903163, -0.08889857794075798], [-0.7050777314870535, -0.4240137338438431, -0.5308314993571538, -0.3262235844057474, -0.030809244259626584, 0.3939154884716537, -0.16233822764632697, -0.010806785469889862, 0.3954377827020533, 0.6916930729904857, 0.6963398329033451, 0.5019722900910596, 0.34351963497254745, 0.08403774306351768]], "inverted": true, "swapped": true, "error_lsq": 0.043298910540055704, "error_max": 0.2585498292014921, "target": "442.xyz", "model": "8.xyz", "model_rescale": 4.121658175737393, "target_rescale": 4.0890611028870625},
{"mapping": [2, 4, 10, 14, 0, 1, 9, 8, 12, 7, 6, 11, 15], "R": [[-0.40843449717327174, 0.8491888237935685, 0.3347530478769573], [0.858157586911968, 0.23226587923262015, 0.4578407117871084], [0.31104150453636387, 0.4742688086817366, -0.8236032294541842]], "T": [-0.05113897374237192, 0.013549853309971903, -0.013198521640366688], "aligned_model": [[-0.4781287253938475, -0.1436830445953611, 0.04476048374135644, 0.14176900440769746, -0.634460280444046, -0.7043354092998926, 0.20481223832056972, 0.28193394752903794, 0.7143340601527239, -0.1527639152631512, -0.16244764636574127, 0.45589578395823965, -0.0909490003123882], [0.30241247881714634, -0.4510808575497058, 0.20357540590267253, 0.6935921272050289, -0.5177453858531911, 0.18148205341569143, -0.6019568543967272, -0.08616207814707924, -0.142974239914268, -0.7232805066537243, 0.5885172891256752, 0.43128276432047147, -0.08727475686028019], [-0.44760658218493826, -0.5007412632429821, -0.7489618299025559, -0.2687118397526327, -0.14679540841800784, 0.19889501576949037, -0.08563853251359282, 0.6553596078133823, 0.131100631299187, 0.34604451157153265, 0.2056583382891681, 0.07014988777634398, 0.012322897454694053]], "inverted": false, "swapped": true, "error_lsq": 0.04400913266882649, "error_max": 0.26366391724619165, "target": "442.xyz", "model": "9.xyz", "model_rescale": 3.833441315466971, "target_rescale": 4.0890611028870625},
{"mapping": [9, 4, 3, 1, 2, 0, 10, 6, 8, 5, 12, 11, 13, 7, 15], "R": [[-0.28707847911035, 0.8435213746036168, 0.4539357194785545], [0.9577305544292458, 0.26184809659993485, 0.11911238147077974], [-0.018388364373638957, 0.4689427096072779, -0.8830371471018907]], "T": [-0.03426101165226156, 0.06206647341519714, -0.002646446307137021], "aligned_model": [[0.1256781246814245, -0.16783031682255345, -0.4885829189973435, -0.6649497276251803, -0.38219087773197513, -0.6843267765813434, 0.13658524548676612, -0.06727186673030376, 0.23610814617612433, -0.2711753166975593, 0.6863853627169063, 0.5259197747119647, 0.5035246358653455, -0.27305446905790387, -0.09097400109983673], [-0.5712799554126844, -0.5194235574708926, 0.12515027193404732, 0.37239469222668475, 0.2471154291675412, -0.40395289751425223, -0.010571608898912024, 0.6862040055800829, 0.14226567248688216, 0.6849489162279608, -0.1365826788881677, 0.4152078930752062, -0.3123186908759784, -0.49902735750441596, -0.019028594838123428], [0.14867724358821865, -0.3284878373393795, 0.5934351885975693, 0.0733707624165751, -0.5496143793353013, -0.02768548286920909, -0.7457408735423772, 0.012784768098090364, 0.6961515356456528, 0.5027622946876382, 0.26657153287893715, 0.00189361084994992, -0.26896562896107085, 0.5545371523556647, 0.04843202075113462]], "inverted": false, "swapped": true, "error_lsq": 0.04596766873159017, "error_max": 0.2776310056637217, "target": "442.xyz", "model": "10.xyz", "model_rescale": 4.2482417240324, "target_rescale": 4.0890611028870625},
{"mapping": [3, 8, 12, 11, 0, 4, 9, 10, 6, 2, 1, 15], "R": [[0.0765093573549565, -0.47500677773495537, -0.8766498042793294], [0.37353937665258585, 0.828849320623138, -0.4165058676568197], [0.9244537048046966, -0.2955966251641203, 0.24084846452583722]], "T": [0.03430790379732476, 0.03684272812067092, -0.057793438116549675], "aligned_model": [[-0.6565098528185972, -0.11566674051853634, 0.4467067569905878, 0.5464091510888026, -0.5578333252478391, 0.013465771680589461, -0.016170495234184637, 0.5718744501216495, 0.09580162620188348, 0.07838994092233334, -0.47676857010643336, -0.052933110717249016], [-0.2600887753964668, -0.6380157828481677, -0.3509517675912409, -0.37768928467455576, 0.5622313399617376, 0.6402853193736435, 0.19159396403062606, 0.5631914779417881, -0.2892055084296409, 0.4898333129276861, 0.07095733335786168, 0.0639897613973685], [-0.07522289488102758, 0.24207921627713624, 0.4997131698261108, -0.12448309773908792, 0.05934783376859329, 0.25456320420778644, 0.5926764471043569, -0.2014362736616621, -0.5876864155517487, -0.5551147945607412, -0.5451203380513224, 0.005876233115962942]], "inverted": true, "swapped": true, "error_lsq": 0.042828278294853965, "error_max": 0.24620817804212755, "target": "442.xyz", "model": "11.xyz", "model_rescale": 3.6694154284099745, "target_rescale": 4.0890611028870625},
{"mapping": [7, 3, 1, 5, 8, 4, 13, 10, 6, 14, 2, 11, 0, 15], "R": [[-0.2837883290264953, -0.9468706861089833, 0.1513277505808264], [-0.9249478131468434, 0.3119289679646335, 0.21719084211676787], [-0.2528551507547785, -0.07833404580399139, -0.9643277710429977]], "T": [0.056376384884537806, -0.024894894967898026, -0.004484023109393734], "aligned_model": [[-0.061041581343549214, 0.13459807289234718, -0.15344437411513445, 0.5045449181707162, 0.6719770184441333, -0.5085088605362484, 0.0648718454614771, -0.2946405628390142, 0.35693314920948227, 0.27826975161354794, -0.3895363916478789, 0.5994491255947517, -0.6133563481614297, 0.00814908751260851], [-0.2959332986813898, 0.3261630051281312, 0.6143955415208696, 0.6229041852393989, -0.11214506695127394, -0.40297713751042663, -0.6611923915923035, -0.2097713035921454, 0.48201862884899854, 0.1785800342881807, 0.3217754921350051, -0.10128352855939966, 0.019435895034435866, -0.0509827671718272], [-0.7758810479506358, -0.6650451443580508, -0.2215864477278821, -0.2856427655096823, -0.43024602243267535, -0.014608488197376326, 0.3043150764777363, 0.6506967750782493, 0.20427375226180966, 0.6842244239253047, 0.36355628165009474, 0.3666881239674571, -0.4402355044732749, -0.10141355305865841]], "inverted": true, "swapped": true, "error_lsq": 0.04268220837332367, "error_max": 0.295396384390631, "target": "442.xyz", "model": "12.xyz", "model_rescale": 3.9764082729961374, "target_rescale": 4.0890611028870625},
{"mapping": [5, 9, 12, 0, 6, 2, 1, 4, 7, 6, 13, 8, 3, 14, 10, 15], "R": [[0.43565194183965084, 0.860050672102739, 0.26555644783542454], [0.8968131012329994, -0.38948612697182644, -0.20982568563771292], [-0.07703016959731768, 0.32956546893161204, -0.9409850980008637]], "T": [0.018595736431030435, -0.010640998663125161, 0.004187621680254494], "aligned_model": [[-0.17073848897084318, 0.35082404646280996, 0.3370212675734614, 0.21853644406676606, -0.6815643732016327, 0.5916930628604562, 0.6485309306004271, -0.421968720357333, -0.040247003424255606, -0.6815643732016327, -0.2045958926830398, 0.3092404463838644, -0.30308025640657754, -0.6044440636578423, 0.5276757322344101, -0.06376888915527153], [-0.7056508469498293, -0.41817185831146814, -0.4366324422081147, -0.060126787269581594, -0.302419606898967, 0.3909862157615098, -0.002467836501740296, -0.04509593038858786, 0.4565987688752583, -0.302419606898967, -0.24219266263883368, 0.6124225392337552, 0.7659775302467824, 0.24204695680379598, 0.1826192658040928, 0.04573004991702889], [-0.4246920440893915, -0.28743212210492286, 0.3568205839673679, -0.6920040212302156, 0.0952912459460543, -0.37858456772105487, 0.08442121083120659, -0.5620098163868881, -0.5867931144863237, 0.0952912459460543, 0.5248121214787049, 0.1684140415048504, 0.04698555970723989, 0.43636610823671657, 0.5954869764990782, -0.03614906270346883]], "inverted": true, "swapped": false, "error_lsq": 0.044698134240253, "error_max": 0.4143367437935128, "target": "442.xyz", "model": "13.xyz", "model_rescale": 4.170626492500431, "target_rescale": 4.0890611028870625},
{"mapping": [4, 10, 0, 2, 7, 5, 1, 13, 12, 14, 11, 6, 8, 15], "R": [[0.7942237182510012, -0.6061446429850261, -0.04239524912191678], [-0.1715605932542584, -0.2906325385549663, 0.9413286834976097], [-0.5829027776651963, -0.7403522130132733, -0.33481778996425454]], "T": [-0.005711532055365795, 0.037198325927276135, 0.04056105179102164], "aligned_model": [[0.1548727846694662, -0.027016395258301677, -0.22720155569867512, -0.5230705845956303, 0.29371731098709675, -0.4250893169452911, -0.6494755685348178, 0.5560681451974491, 0.7298795885755036, -0.19706697468539658, 0.20961305243322512, -0.39925595211871007, 0.33418230359278533, 0.013026184472940064], [-0.3207206887071709, -0.7282669978222893, 0.10369236907223768, -0.38602756396865506, 0.5578017222793324, 0.6593252752029692, 0.29625839981112334, -0.3921019584001643, 0.10458123788998873, -0.38350378183622663, -0.04274557959869958, 0.1397867329089159, 0.6588188223194872, 0.08917647877481708], [-0.5146422295380176, 0.056778428571285885, -0.7255376479983667, -0.047141196599882695, -0.5265514914273187, 0.41019499706547163, -0.09473942612166851, 0.06077048198644723, 0.3331977708536729, 0.633309623404871, 0.6616699658263855, 0.5154019790265043, 0.2972907765432422, -0.05612893047175968]], "inverted": true, "swapped": true, "error_lsq": 0.0417240105246479, "error_max": 0.3014911756494853, "target": "442.xyz", "model": "14.xyz", "model_rescale": 3.9786697098870705, "target_rescale": 4.0890611028870625},
{"mapping": [2, 6, 0, 4, 1, 7, 11, 8, 9, 13, 5, 15], "R": [[0.8760387564430041, 0.42327802843441237, 0.23106667404554948], [-0.24746181876842294, -0.016680835023718817, 0.9687540441178742], [0.4139066869013106, -0.9058462675242355, 0.09013209279048234]], "T": [-0.0178462229228981, -0.09048062520149738, -0.017844231137309728], "aligned_model": [[-0.13733322258352376, -0.6205763187591785, 0.5738841467767651, 0.5715347147267649, -0.1867812444347408, 0.5928666843361107, -0.4807818521271724, -0.13799382568975116, 0.5707846314811895, 0.2291253608025225, -0.5658288001865417, 0.07445432242489258], [-0.36403486196297585, 0.017795878136311588, 0.15221147840580965, -0.3771950718303897, 0.3271687396226911, 0.4359108408872846, -0.32034793532120076, 0.3853946031272524, -0.11976997927465197, -0.6334684673931169, 0.5396735682215785, -0.028664302394153615], [-0.6222970117234607, -0.14381299070095402, -0.49882470744381174, -0.19831296483625102, -0.5627115933798738, 0.16172172986524344, 0.39614080574409066, 0.5539575992465229, 0.30194153518951355, 0.3622515476224242, -0.06442436102360559, -0.02566309468600754]], "inverted": true, "swapped": true, "error_lsq": 0.0509995580056172, "error_max": 0.2698562578909628, "target": "442.xyz", "model": "15.xyz", "model_rescale": 3.769337070930944, "target_rescale": 4.0890611028870625},
{"mapping": [3, 8, 0, 7, 1, 6, 2, 11, 4, 9, 15], "R": [[-0.6009987108734083, 0.24095475756872295, -0.7620638781188226], [0.34937832020257775, 0.9367540842434323, 0.020653692785405957], [0.7188430558202025, -0.25383575488541177, -0.6471723654798824]], "T": [0.1182804957732819, -0.03485646481319233, 0.09267912445263107], "aligned_model": [[-0.3051612250042156, -0.3983350166258077, -0.12349213626919406, -0.6571445122854099, 0.26373910033670933, 0.48349279450539484, 0.6762236901321893, 0.3109777871184942, 0.031159208656896226, -0.3891765510685937, 0.030342991194708152], [-0.0010581428370452228, -0.5603530089908324, 0.7014727571137949, 0.22785649943470804, 0.19391131058503042, -0.38164306930634956, 0.3274529861561872, -0.6340990867126641, 0.5322777152902772, 0.15939842270065216, 0.030848114191583502], [-0.5280108618823318, -0.06483851590503192, -0.10669935356824306, -0.01686593617484397, -0.5602814985302812, -0.2777726615962284, -0.01642395113751166, 0.2983682632455787, 0.45725110706094485, 0.4855652016445422, 0.07392581406718345]], "inverted": true, "swapped": true, "error_lsq": 0.038344059816118846, "error_max": 0.1928500479072565, "target": "442.xyz", "model": "16.xyz", "model_rescale": 3.7852294659196426, "target_rescale": 4.0890611028870625},
{"mapping": [2, 5, 3, 1, 14, 11, 12, 8, 0, 4, 13, 7, 15], "R": [[-0.5425538070786775, -0.672656550916811, -0.5031585544668133], [-0.8353891768775101, 0.369245614127226, 0.4071640941975652], [-0.08809250581263589, 0.6412416400675394, -0.7622656160834904]], "T": [-0.047616997760553115, 0.09627942449905823, -0.07406266882984218], "aligned_model": [[-0.040709642223435344, -0.29651031514779114, 0.2782626132994613, 0.13209686029294077, -0.7083356018155995, -0.6723925046974837, -0.3213674318232558, -0.18424524334746525, 0.7171431916693771, 0.43205567637443554, -0.14588447040322108, 0.6065962285170434, 0.05705648952127683], [-0.18747938251089058, -0.5724755542249234, -0.38141155188034487, -0.5842127396841207, 0.05378664279909144, 0.27659061395709544, 0.7108092337742997, 0.12326874369946754, -0.07276862878559363, 0.4344977731156544, 0.7828809979410967, 0.19266440480171892, 0.09890507070032306], [-0.685540759508615, 0.36224893537669145, 0.4068896019631901, -0.14102399779848007, -0.42987628269249006, 0.051138883469036375, 0.34864859939224246, 0.6665143438938874, -0.238230614879112, -0.4170881806517163, -0.2127181560420746, 0.42092940701595544, -0.03613708239534111]], "inverted": false, "swapped": true, "error_lsq": 0.037317193149222175, "error_max": 0.2323358420867759, "target": "442.xyz", "model": "17.xyz", "model_rescale": 3.901054581598922, "target_rescale": 4.0890611028870625},
{"mapping": [10, 13, 14, 2, 12, 6, 9, 4, 11, 3, 8, 7, 0, 1, 15], "R": [[0.7187355700946537, 0.651538048442243, 0.24272896760128765], [-0.6939832401958549, 0.6935957333065573, 0.19316371570820878], [-0.04250226591578012, -0.3072834687564773, 0.9506684107621394]], "T": [-0.006677878192315481, 0.07365430559970584, -0.012573050726315309], "aligned_model": [[0.03829323424771862, 0.10264372823886082, -0.5853858309495977, 0.02943846201175035, -0.17806346922160504, -0.5470665139046984, 0.47132983222674124, 0.5955841951997379, -0.5745821399142332, 0.09683597914349627, -0.25497109585678673, 0.556330067015497, 0.7038030308757097, -0.002160024074696759, 0.08705675605114019], [0.01569451932523383, -0.5229127960425184, 0.11642841446581759, 0.5537554241829861, -0.6911940440440876, 0.38697328250508967, -0.3825018280229776, -0.022814864693510767, -0.25311567056379825, 0.39901927077027943, -0.2422188416674708, -0.06953936797915641, 0.4303076053873216, 0.75362829057902, 0.07724795562487749], [-0.7749852257272655, -0.37652365255604847, -0.4903025966801246, -0.48445307086038536, 0.11744611768362698, 0.01363456442177903, 0.10160792799640406, -0.31276985542258495, -0.10868819004529082, 0.6575939414322965, 0.6249413769654935, 0.5746405309409391, 0.07908832481838687, 0.1809868743975273, 0.04744933748722228]], "inverted": true, "swapped": true, "error_lsq": 0.04157345846992026, "error_max": 0.3205663106077132, "target": "442.xyz", "model": "18.xyz", "model_rescale": 3.9405287249114394, "target_rescale": 4.0890611028870625},
{"mapping": [13, 9, 11, 7, 14, 8, 5, 4, 0, 12, 10, 6, 1, 3, 2, 15], "R": [[-0.397142497602613, -0.5789688234082587, 0.7120905406752819], [0.23658446555198162, 0.6850942196177521, 0.6889656746934689], [-0.88673875930707, 0.44208710880051677, -0.1351049998148046]], "T": [-0.09747857776270366, -0.014469054666637032, -0.10009731156011716], "aligned_model": [[-0.21784220219277353, 0.4924606002806683, 0.20115086184926065, 0.18913514519040384, -0.5157925235779389, 0.48270412460935896, 0.7040415972651671, -0.35027400261240027, -0.07668556401971202, -0.6409373289848361, -0.07336973200167002, 0.32742953453428447, -0.28350892086987733, -0.6755636092378932, 0.330409226410712, -0.08180733751898701], [-0.6600191972462919, -0.46242081777880206, -0.5743230873317392, -0.22132873186226856, -0.5262534728898249, 0.34521089358190116, 0.06617238676496942, 0.16143681231564835, 0.5820494807690124, 0.0019987596822066134, -0.18668473148500359, 0.5866619828928855, 0.5747139651897843, 0.19209037655576514, 0.31048507206028364, -0.008585942642392569], [-0.2418980756674079, -0.3008977873831306, 0.24136589554349325, -0.708938174763977, 0.3034235851436685, -0.42611958416144824, 0.10563311814339547, -0.7632840331946432, -0.4412828115702183, -0.16733167048503894, 0.666495514626372, 0.027879355762649757, 0.13179814880022211, 0.49030889829151714, 0.5830147770284568, -0.06394281071890312]], "inverted": true, "swapped": false, "error_lsq": 0.041483871462166005, "error_max": 0.3047226132375128, "target": "442.xyz", "model": "19.xyz", "model_rescale": 4.410303926677745, "target_rescale": 4.0890611028870625},
{"mapping": [5, 3, 8, 6, 12, 2, 11, 7, 0, 4, 10, 13, 9, 15], "R": [[0.7109966622517568, 0.03523934496057102, 0.7023118501304185], [0.4065362748057166, -0.8355203927946254, -0.3696402717391682], [0.5737699918381515, 0.5483282427443119, -0.6083782825471195]], "T": [-0.07755845392362073, -0.04677827924011423, 0.07251566163298576], "aligned_model": [[-0.2136517953244965, 0.3068511416070928, 0.25229542478863853, -0.5462474084046322, 0.1381181453565419, -0.5078306797865865, -0.428928092087702, 0.7347399754874391, 0.36149785260709977, 0.1907509328294331, -0.5043009810605205, -0.029759158474647024, 0.48276634157007636, 0.0248861903531358], [-0.3231404300057812, -0.4607699444837953, 0.26147264880630555, -0.15729151647365408, 0.7109014494477616, -0.454258573800951, 0.4630403315195779, -0.1714008951640792, -0.6327282511542067, -0.12907915200725154, 0.07727123200607189, 0.5132090354329305, 0.20262110999903163, -0.08889857794075798], [-0.7050777314870535, -0.4240137338438431, -0.5308314993571538, -0.3262235844057474, -0.030809244259626584, 0.3939154884716537, -0.16233822764632697, -0.010806785469889862, 0.3954377827020533, 0.6916930729904857, 0.6963398329033451, 0.5019722900910596, 0.34351963497254745, 0.08403774306351768]], "inverted": true, "swapped": true, "error_lsq": 0.043298910540055704, "error_max": 0.2585498292014921, "target": "442.xyz", "model": "20.xyz", "model_rescale": 4.121658175737393, "target_rescale": 4.0890611028870625},
{"mapping": [5, 3, 7, 8, 9, 6, 0, 11, 2, 10, 4, 13, 15], "R": [[0.5503747466163423, -0.8209601062495464, 0.15202678130424982], [0.7781046390896407, 0.5703692649158917, 0.263119881929293], [-0.3027223297250745, -0.026521794547853472, 0.9527097068361299]], "T": [0.04619280588159302, -0.10730387044015727, -0.020826653567667712], "aligned_model": [[-0.07712345017696723, -0.014152518466875326, 0.3398256870942313, 0.6009050783204304, 0.46045034787578454, -0.1775590314892228, -0.32117612470836, 0.3697447963119227, -0.5763598905555515, -0.1896603778666423, -0.0386354710877771, 0.44913140273345054, 0.05569245667987131], [-0.6051960760066927, -0.006760991777027006, 0.4906850443940148, -0.2980863256190366, 0.4156388460957274, -0.6730664366341481, 0.5698998089786083, -0.645663573266688, -0.13602248524399083, -0.08901824823823856, 0.4882640828983991, 0.0420430318066512, -0.011889773224395966], [0.6398134705552974, 0.7221072923382366, 0.46752890729022983, 0.4521916993738666, -0.08812219195426474, 0.1231293534436809, 0.19555669048900662, -0.23062400262437222, -0.27787841648512457, -0.7493134235952815, -0.33744472600816783, -0.5826447299260741, 0.035809816584756675]], "inverted": true, "swapped": true, "error_lsq": 0.04634998271978538, "error_max": 0.3226916696110576, "target": "442.xyz", "model": "21.xyz", "model_rescale": 4.08911054899281, "target_rescale": 4.0890611028870625},
{"mapping": [1, 4, 0, 2, 8, 3, 13, 15, 14, 11, 6, 12, 9, 5, 7, 16], "R": [[-0.6810552125935441, 0.6815017103612753, 0.2678044364341623], [-0.7306336468544521, -0.6083339665267371, -0.3100068696884165], [-0.04835567684694945, -0.40679872657679683, 0.9122370988795458]], "T": [-0.0525235378101558, 0.02663163637021459, -0.0006053936555602199], "aligned_model": [[-0.320463384887312, 0.5221162609699868, 0.3614474097084494, 0.11055118174691257, -0.552110365660423, 0.5883481195779537, 0.5845001497166933, -0.3689928414517975, 0.06364251581009271, -0.7774860213308599, -0.08731490885976527, 0.28534106644564416, -0.34956907735985027, -0.609773966512948, 0.37063561232911874, -0.009321881118128782], [-0.6710339884642145, -0.27203185913454164, -0.5777504111706944, -0.30048857332062995, -0.3802740044111075, 0.3146053729290131, 0.19425733431106704, 0.07498796347470296, 0.5210314832814383, -0.1201545466744744, -0.3311114287454182, 0.6673950941063993, 0.670321206485612, 0.2862699226616367, 0.09648493127839197, 0.008695251968953596], [-0.2679428125454254, -0.25921978609835655, 0.25124732798961297, -0.6232231203759406, 0.25552507895346477, -0.5111281346803447, 0.052615024867555184, -0.6555984190960695, -0.39290225230665854, -0.19752223959087262, 0.6523674912435982, 0.1416591713461488, 0.06993038677398089, 0.3455000439647923, 0.5667155374348694, 0.00820104751465291]], "inverted": true, "swapped": false, "error_lsq": 0.03764855152674903, "error_max": 0.24633476687864458, "target": "442.xyz", "model": "22.xyz", "model_rescale": 4.204369325754507, "target_rescale": 4.0890611028870625},
{"mapping": [13, 9, 11, 7, 14, 8, 5, 4, 0, 12, 10, 6, 1, 3, 2, 15], "R": [[-0.397142497602613, -0.5789688234082587, 0.7120905406752819], [0.23658446555198162, 0.6850942196177521, 0.6889656746934689], [-0.88673875930707, 0.44208710880051677, -0.1351049998148046]], "T": [-0.09747857776270366, -0.014469054666637032, -0.10009731156011716], "aligned_model": [[-0.21784220219277353, 0.4924606002806683, 0.20115086184926065, 0.18913514519040384, -0.5157925235779389, 0.48270412460935896, 0.7040415972651671, -0.35027400261240027, -0.07668556401971202, -0.6409373289848361, -0.07336973200167002, 0.32742953453428447, -0.28350892086987733, -0.6755636092378932, 0.330409226410712, -0.08180733751898701], [-0.6600191972462919, -0.46242081777880206, -0.5743230873317392, -0.22132873186226856, -0.5262534728898249, 0.34521089358190116, 0.06617238676496942, 0.16143681231564835, 0.5820494807690124, 0.0019987596822066134, -0.18668473148500359, 0.5866619828928855, 0.5747139651897843, 0.19209037655576514, 0.31048507206028364, -0.008585942642392569], [-0.2418980756674079, -0.3008977873831306, 0.24136589554349325, -0.708938174763977, 0.3034235851436685, -0.42611958416144824, 0.10563311814339547, -0.7632840331946432, -0.4412828115702183, -0.16733167048503894, 0.666495514626372, 0.027879355762649757, 0.13179814880022211, 0.49030889829151714, 0.5830147770284568, -0.06394281071890312]], "inverted": true, "swapped": false, "error_lsq": 0.041483871462166005, "error_max": 0.3047226132375128, "target": "442.xyz", "model": "23.xyz", "model_rescale": 4.410303926677745, "target_rescale": 4.0890611028870625},
{"mapping": [11, 10, 3, 9, 7, 8, 4, 14, 15, 13, 0, 5, 6, 12, 2, 16], "R": [[-0.11609873066462595, -0.9912264607937886, 0.06317585108475], [-0.8226778480403953, 0.13160685814522455, 0.5530649086976747], [-0.5565269473095504, 0.01223676065642465, -0.8307394408639514]], "T": [-0.06628083971279594, -0.063753369652796, -0.09465244702687799], "aligned_model": [[-0.2506775333675932, 0.42513097574006864, 0.5482767146042552, 0.13569384081998775, -0.5160061015818742, 0.6602171563348063, 0.5686666495268413, -0.4556958072703725, 0.007476872578693561, -0.754490035156704, -0.10126617756905251, 0.08112824199551666, -0.5053512123989762, -0.45554723267949826, 0.4245790627401671, -0.0005855451924983573], [-0.5240851070692631, -0.414627670580553, -0.42173216057854007, -0.05766985300773754, -0.46176289576733964, 0.11257661862034297, 0.11831867693834618, 0.09716082180714299, 0.5008138421080492, 0.07822141265073927, -0.14476155343042196, 0.48359259242183816, 0.5563286183000288, 0.29928067691938354, 0.08713513745294797, -0.12758540820883008], [-0.48811659724526635, -0.33793335227304083, 0.4561843548602584, -0.6876020257241677, 0.19042035532571971, -0.4364346353118538, 0.09919241039664016, -0.6243812418299935, -0.5249289326926183, -0.07470530874968159, 0.6554138909608372, 0.17790028889488418, -0.11942391863211439, 0.5077210177935929, 0.6597898408690533, -0.016871801247242024]], "inverted": false, "swapped": false, "error_lsq": 0.03791324634141318, "error_max": 0.29401568398448624, "target": "442.xyz", "model": "24.xyz", "model_rescale": 4.28219845311461, "target_rescale": 4.0890611028870625},
{"mapping": [14, 10, 6, 11, 2, 5, 8, 12, 9, 13, 0, 3, 7, 4, 1, 15], "R": [[0.9260065766206719, 0.3772971345936517, 0.01259731251829958], [-0.37326197862469485, 0.9100924635567368, 0.18002000747252483], [0.056456313804938, -0.17140180863879467, 0.9835822815743015]], "T": [-0.061150464023017714, 0.05242418030112293, -0.05153486657049215], "aligned_model": [[-0.19867504840303757, 0.39702722988426303, 0.2620442196911586, 0.12284519205356279, -0.4686714875622674, 0.7033328869337078, 0.5922909933767211, -0.3744696664141838, -0.0516693759203039, -0.6370346744566896, -0.026679750767636762, 0.0992730141640889, -0.5719445927483501, -0.36788641646376496, 0.39510720357532636, -0.06333985781882674], [-0.6274478689190406, -0.5186718922349778, -0.7043864765805333, -0.056469199437436626, -0.4223245756084125, 0.3459738114877421, -0.1688051843193259, -0.06580241265657219, 0.5811487738669927, 0.04042094368629787, -0.23085179672289868, 0.7414179896151826, 0.6394791287570444, 0.31659523823418434, 0.28179493707919057, 0.029132332328696997], [-0.36618643620730096, -0.3575206433110543, 0.3158613242239569, -0.5522991840319673, 0.2265303389547409, -0.2853606586771749, 0.026040173937146402, -0.7387564104437929, -0.47252666816033795, -0.1968956433328617, 0.7127430035818221, 0.26405534752537724, -0.05017424047600165, 0.5573783297526839, 0.33459386266296803, 0.01874184939680315]], "inverted": true, "swapped": false, "error_lsq": 0.044524192630175964, "error_max": 0.31259075203421904, "target": "442.xyz", "model": "25.xyz", "model_rescale": 4.100010024507729, "target_rescale": 4.0890611028870625},
{"mapping": [3, 8, 12, 11, 0, 4, 9, 10, 6, 2, 1, 15], "R": [[0.0765093573549565, -0.47500677773495537, -0.8766498042793294], [0.37353937665258585, 0.828849320623138, -0.4165058676568197], [0.9244537048046966, -0.2955966251641203, 0.24084846452583722]], "T": [0.03430790379732476, 0.03684272812067092, -0.057793438116549675], "aligned_model": [[-0.6565098528185972, -0.11566674051853634, 0.4467067569905878, 0.5464091510888026, -0.5578333252478391, 0.013465771680589461, -0.016170495234184637, 0.5718744501216495, 0.09580162620188348, 0.07838994092233334, -0.47676857010643336, -0.052933110717249016], [-0.2600887753964668, -0.6380157828481677, -0.3509517675912409, -0.37768928467455576, 0.5622313399617376, 0.6402853193736435, 0.19159396403062606, 0.5631914779417881, -0.2892055084296409, 0.4898333129276861, 0.07095733335786168, 0.0639897613973685], [-0.07522289488102758, 0.24207921627713624, 0.4997131698261108, -0.12448309773908792, 0.05934783376859329, 0.25456320420778644, 0.5926764471043569, -0.2014362736616621, -0.5876864155517487, -0.5551147945607412, -0.5451203380513224, 0.005876233115962942]], "inverted": true, "swapped": true, "error_lsq": 0.042828278294853965, "error_max": 0.24620817804212755, "target": "442.xyz", "model": "26.xyz", "model_rescale": 3.6694154284099745, "target_rescale": 4.0890611028870625},
