[{"mapping": [7, 2, 9, 5, 10, 8, 3, 1, 6, 0, 4, 14], "R": [[-0.913291160064617, -0.04731259888109187, 0.4045500895253183], [0.17972539102345045, -0.9381195448646915, 0.29602449791247304], [0.3655106575317523, 0.343064480134538, 0.8652795627430045]], "T": [0.04370316051063188, -0.01818480500086076, -0.16569482820542358], "aligned_model": [[-0.12576052602627225, 0.11150815036983508, 0.5000725971244601, -0.08300180146052508, -0.30513352152554457, -0.6196263870486486, 0.38435226800125943, -0.26605743419013644, 0.6135164230390322, 0.14737085134801725, -0.381035702870837, -0.13856245430009112], [-0.5334346906079684, -0.6260721372098469, -0.4288559736559795, 0.7487748120443537, 0.5553049913087865, -0.6526668609116213, -0.25673736719931145, -0.4075019706707824, 0.16678293829647797, 0.30514374706635916, 0.15469413791282674, 0.028123409603763097], [-0.49420425988649264, 0.03627291676163796, -0.5035174523291024, -0.023986570230235565, -0.5817371743024201, -0.05409442691479416, 0.4616914981395861, 0.5731907630167701, 0.05426517132599515, 0.4964209895954249, 0.3680871262378743, -0.15043683606068126]], "inverted": true, "swapped": true, "error_lsq": 0.04632764737412396, "error_max": 0.2589255913924827, "target": "443.xyz", "model": "0.xyz", "model_rescale": 3.751011558992144, "target_rescale": 3.920949880091177},
{"mapping": [8, 2, 3, 0, 8, 4, 1, 12, 13, 7, 10, 9, 6, 11, 14], "R": [[-0.8425807771305237, 0.35299532675885326, 0.40675783126638565], [0.04668106446759421, 0.8002800078243884, -0.5978066470831263], [-0.5365431131142169, -0.48471250072904826, -0.6907787485198841]], "T": [-0.12252466973427456, -0.025065309895227716, -0.005004301126917216], "aligned_model": [[-0.4771815735549866, -0.5249118386175384, 0.05202014388753057, 0.2555795918673408, -0.4771815735549866, -0.19555129386161263, 0.3643038195262656, 0.1680049528711512, -0.5113139556664109, 0.52033197030839, -0.4285849216650464, -0.5124669341817988, 0.4746819334981376, 0.15989251925640924, -0.11912608551670976], [0.10336444757145537, -0.6273438805063848, -0.7678859200134978, -0.47854400269553626, 0.10336444757145537, 0.6639989011329002, 0.14456448936475935, -0.4118259811968291, -0.5648916341588279, -0.17140423719595946, 0.6697156471075512, 0.0016219956421732913, 0.40189509389055617, 0.24832275427540018, -0.038118913712888364], [-0.5510285955582437, -0.4038566443428014, 0.02901831978954708, -0.48134321517268963, -0.5510285955582437, -0.3863592475463341, -0.4739491834778741, 0.5588962447145411, 0.2864277305322823, 0.06568715880122156, 0.3049316472611908, 0.5254883373281178, 0.15239592735076157, 0.6894238712986498, 0.048116932820113464]], "inverted": true, "swapped": false, "error_lsq": 0.0424694559385371, "error_max": 0.3158982732522377, "target": "443.xyz", "model": "1.xyz", "model_rescale": 3.9405287249114394, "target_rescale": 3.920949880091177},
{"mapping": [13, 11, 10, 2, 4, 12, 7, 8, 0, 6, 3, 9, 14], "R": [[0.7411225094957596, 0.6705055162814118, 0.03405552165076148], [0.161050358446912, -0.1283096543471111, -0.9785700867313728], [-0.6517669890097451, 0.7307249723647896, -0.2030783267600177]], "T": [-0.10276300408663375, -0.07830719877500009, -0.018465981687606003], "aligned_model": [[-0.43240605484819583, 0.2558352323588953, -0.35961420710268455, 0.2525176193464544, 0.3914837145117332, -0.6949378168727013, 0.0910205789360573, 0.7255036216302063, 0.01933067725568874, -0.47185546938078854, 0.10917951893902886, -0.3995495965068323, 0.009475461017069947], [0.6169993854345162, 0.4333209697777984, 0.37458452443567264, -0.19739950766135833, -0.3185806529853569, -0.025158964154999387, 0.3582843222237759, 0.2740522175215538, -0.7301575478032463, -0.5931831836734385, -0.7496317264045367, 0.015345375775079245, 0.00035738108655702927], [0.07477311990741388, -0.35452811444810883, -0.6122549656774214, 0.505469315743439, -0.45801376545566636, -0.04622105110575339, 0.39861266691370756, 0.19330147562575659, -0.35591220604870394, 0.05870975184034935, 0.2479293774814117, 0.6093834514166545, -0.14812870660443464]], "inverted": true, "swapped": true, "error_lsq": 0.04455496379664829, "error_max": 0.3052229263731807, "target": "443.xyz", "model": "2.xyz", "model_rescale": 3.932901565614263, "target_rescale": 3.920949880091177},
{"mapping": [12, 9, 13, 6, 10, 11, 7, 5, 0, 4, 2, 3, 8, 14], "R": [[-0.36353941990752525, 0.8884793422395176, -0.28007775453779704], [-0.5286917469988148, 0.05076985290544689, 0.847294198428917], [0.7670228985034551, 0.45609963872995307, 0.4512748527469318]], "T": [0.04001000738825665, -0.053962350018088676, -0.022930613574171376], "aligned_model": [[-0.16834872872612677, 0.5476031118680605, 0.09411269944911597, -0.05639842861923089, -0.5553461792465951, -0.11137955132799678, 0.5390477034709629, -0.7453146774163837, -0.30572573563615424, -0.24234189179059945, 0.634559004337948, 0.29021374172283076, 0.5378580994451363, -0.03872925547826399], [0.08606439574362713, 0.08903130658196105, -0.5662251056816198, 0.5577163100930148, -0.5109653261839951, -0.7134651881905384, -0.43228936295807163, 0.003672360055533855, 0.43536539999332735, -0.08742731715731898, 0.04866042841640418, 0.550317869272324, -0.6064648809416787, -0.19049425069248144], [-0.5626020276550392, -0.4843957273870083, -0.6021275445903109, -0.17732378647669014, -0.2686298235083795, 0.19021497767334639, -0.12267469382262157, 0.042688069556768196, 0.4183299080586288, 0.6207858666120256, 0.20266980949623456, 0.34963649413886694, 0.5265386285718536, 0.08078621238942287]], "inverted": true, "swapped": true, "error_lsq": 0.045405000501137695, "error_max": 0.2540447302106356, "target": "443.xyz", "model": "3.xyz", "model_rescale": 3.9243930471874484, "target_rescale": 3.920949880091177},
{"mapping": [11, 4, 8, 7, 2, 10, 13, 1, 3, 6, 9, 12, 14], "R": [[0.02898582966566518, -0.9762334989419805, 0.21477424711098697], [0.2703398877948162, -0.1992009551355642, -0.9419316984474857], [0.9623285129027817, 0.08536471763308984, 0.25814084961071854]], "T": [-0.10092618100672922, -0.014655036382154256, -0.045142504711175535], "aligned_model": [[-0.09620937549673085, -0.15195021069708875, 0.6099589372723124, 0.3789692449340506, 0.5183463985407829, -0.6860161733915252, -0.17907335795473234, 0.4177397119884486, 0.18451972851499687, -0.31333182018350286, 0.20799473449913286, -0.4887630037461491, -0.12497892796864342], [-0.5778935479799285, 0.14891285565955525, -0.36490862645501204, -0.39955780099420635, 0.15937431019658005, -0.5319582305538426, -0.6799876224580287, 0.3565625169671133, 0.677923535179038, 0.518387930564177, -0.01523025518044293, -0.05038257994493724, -0.11341293131847785], [-0.4764590542579983, -0.7276785835715036, -0.521580316767106, 0.10870506378228947, -0.01151581788368549, -0.16234283347398393, 0.3447740064388244, -0.6669580866639793, -0.1187515856853786, 0.234198973488161, 0.5838372516371084, 0.4049377427760967, -0.2040964444478803]], "inverted": false, "swapped": true, "error_lsq": 0.045479592956149485, "error_max": 0.24308076548209337, "target": "443.xyz", "model": "4.xyz", "model_rescale": 3.8936222436046832, "target_rescale": 3.920949880091177},
{"mapping": [8, 4, 11, 7, 10, 5, 6, 12, 9, 2, 13, 14], "R": [[-0.6663624840565016, 0.6449198405845497, -0.37421843763028], [-0.3191177198545375, -0.7002689362026001, -0.6385822561460034], [-0.6738879140605578, -0.3061075239357537, 0.6724382968518617]], "T": [-0.07708524921199227, -0.10554604262916777, 0.0863263188014311], "aligned_model": [[0.1314012208558698, -0.5875132289295787, -0.3434392563488265, 0.3948287680707797, -0.5611080798029546, -0.8210300072583213, -0.06463938505414461, -0.05104122613496316, 0.5777017635136101, 0.38986277297786814, 0.16135301987762735, -0.1988283195518688], [-0.5114624250269082, -0.5481436845144326, 0.03134723590940246, -0.029548891901799143, 0.48515265287084264, 0.07205968488415278, -0.1919018554089399, 0.36551733317400487, 0.06331068123645724, -0.534296210995263, 0.5793721910591875, -0.1124838061768971], [-0.7179084104946549, -0.1106102465638385, -0.5567985588756688, -0.3303755239465844, -0.11483471508058327, 0.2847320507611447, 0.7185212220331332, 0.44921348095893315, 0.2701451741477816, -0.02790298136305225, -0.18724912238712155, -0.05764764991397053]], "inverted": true, "swapped": true, "error_lsq": 0.04200808529837564, "error_max": 0.22834062739195587, "target": "443.xyz", "model": "5.xyz", "model_rescale": 3.6523030999806103, "target_rescale": 3.920949880091177},
{"mapping": [13, 12, 9, 7, 2, 10, 6, 11, 5, 4, 3, 8, 14], "R": [[0.012330620715332918, -0.8194712754445794, 0.5729875954276922], [0.5599488428242083, -0.4690964909064618, -0.682939071688737], [0.8284354224757682, 0.32926480367703725, 0.4530777415046092]], "T": [0.016892720133364944, 0.031210696251165786, 0.03653979554658158], "aligned_model": [[0.22801782966599043, -0.2874825724511783, 0.3588670584531425, 0.6174783341736485, 0.5268215137419016, -0.3408882485255457, -0.3530553605095383, 0.1926739441924203, -0.7027088866440504, -0.15256566430285862, 0.015435783857689497, 0.7612342206520978, 0.01725495236057534], [-0.45951206760681573, 0.01762225123145899, 0.3347276369756658, -0.1038382571089832, 0.39942393361997397, -0.6576240710866201, 0.5251368426724614, -0.6065648008970319, -0.24788352220012466, -0.06036336645828345, 0.7160353513704091, -0.20069407297280847, -0.11563895337611846], [0.5981683865060892, 0.5478490200339392, 0.56755675896073, 0.18878148753802773, -0.10241031273825979, 0.18203293189112646, 0.1991989518141351, -0.21965780713490604, -0.13270079265566415, -0.6402995153995202, -0.27583147542402475, -0.4606564696474271, -0.08192142426245635]], "inverted": false, "swapped": true, "error_lsq": 0.04612124659374978, "error_max": 0.24274304853607437, "target": "443.xyz", "model": "6.xyz", "model_rescale": 4.08911054899281, "target_rescale": 3.920949880091177},
{"mapping": [2, 0, 9, 1, 6, 7, 13, 8, 3, 11, 5, 4, 12, 10, 14], "R": [[0.18703429142897873, -0.0440632513299635, 0.9813646639816886], [0.39440052068592985, 0.9183118449704473, -0.03393500655136614], [-0.8997035084472704, 0.39339774436212305, 0.1891343745025383]], "T": [-0.050877798027686515, -0.007570805687219059, 0.014796852347713286], "aligned_model": [[-0.259449783353115, -0.5712783958229551, 0.12490841713278569, 0.20307036508719925, -0.5058735530791065, -0.3593617708232842, 0.3911400002665792, -0.0868912762922682, -0.6440514062723653, 0.519298031660116, -0.26298669154126003, -0.5579876220336734, 0.4289471502853634, 0.3005544652780614, 0.028458824104057624], [0.017374771674621182, -0.6278038169330568, -0.7657596609631854, -0.4544274502030627, -0.03253744627628574, 0.597434119174563, 0.3040074537322922, -0.3518760839063613, -0.5136096265734841, -0.11397174206810465, 0.6248864937117793, 0.06392837582832324, 0.5141157449587408, 0.16779714977928095, -0.15272507485973186], [-0.7636727927886582, -0.46389972449312505, 0.10863807038470596, -0.5084387815286614, -0.18891494455261365, -0.35681537021592274, -0.4785932332841539, 0.6024241815783316, 0.15088953585347858, 0.10484920897569656, 0.3829120670736217, 0.4991283329903405, 0.08971734262038031, 0.6189626764434516, 0.015634119183367233]], "inverted": false, "swapped": false, "error_lsq": 0.04357652041759159, "error_max": 0.28084934541845924, "target": "443.xyz", "model": "7.xyz", "model_rescale": 3.964800864290218, "target_rescale": 3.920949880091177},
{"mapping": [9, 7, 2, 12, 3, 10, 6, 8, 11, 4, 5, 0, 1, 14], "R": [[0.518887923534669, 0.8458949957756775, -0.12335711950084677], [-0.24558130305173456, 0.2857281828736011, 0.926309467242542], [0.8188071484795987, -0.45035659386026167, 0.3559968988141494]], "T": [-0.08529834677878795, -0.06726304835433448, -0.010779283677531712], "aligned_model": [[-0.1660699894050291, 0.2673176635877166, 0.39972686876217867, -0.6497811088597327, 0.13249295139508982, -0.4664023526432919, -0.4607864739797117, 0.797833800005328, 0.2009816113060358, 0.22596279412449544, -0.5260891252374689, -0.13493332578573164, 0.651895010240398, -0.010960434049403847], [-0.05802163900785158, -0.41293858783446236, 0.15907012317227037, -0.14885834394968717, 0.6492914761974139, -0.630188846437021, 0.4374613811735456, -0.34118197170535014, -0.6160178744086354, 0.10972882620462594, -0.055822196271921073, 0.5173233606369859, 0.36448658641120246, -0.16338382799991316], [-0.7067954723616326, -0.4086350402207372, -0.369163617979678, -0.18097771689598846, -0.08614045162528015, 0.39114495485279244, -0.11822479627126743, -0.00216230898369775, 0.3359277419148803, 0.5950290889639619, 0.6449150265570739, 0.4469114395943519, 0.24143016435527692, 0.13355602682496576]], "inverted": true, "swapped": true, "error_lsq": 0.0371005411601723, "error_max": 0.18048211002024364, "target": "443.xyz", "model": "8.xyz", "model_rescale": 4.121658175737393, "target_rescale": 3.920949880091177},
{"mapping": [9, 7, 2, 3, 13, 12, 11, 5, 4, 10, 6, 0, 14], "R": [[0.8290694272027042, 0.2727257340096419, 0.488123507820185], [-0.5482910181829659, 0.2253542416694196, 0.8053523608592003], [0.10963961080588858, -0.9353267556156527, 0.3363673824434088]], "T": [-0.04878977980284241, -0.005373171087194838, -0.09172868979349098], "aligned_model": [[-0.6022392884641302, -0.2401884919301853, 0.054899316329100376, 0.2609715448895753, -0.621754500083914, -0.5387108341134043, 0.1970425090688811, 0.1686942399338644, 0.638077002186817, -0.16816955690444654, -0.18797050798309706, 0.4462685919832631, 0.06981747152287354], [0.20252854625788194, -0.2952582476807314, 0.20932190486952568, 0.6495966725051131, -0.5263174846016293, 0.07147244208120196, -0.6707244890413241, -0.08231798305479954, -0.05802083596178028, -0.5697262810557181, 0.5725035704550195, 0.43597075702999555, -0.1486411323910451], [-0.4679181554848357, -0.6222491962214599, -0.6901182711034632, -0.295751158065395, -0.12545951481970774, 0.23741899727090815, -0.10468803232560918, 0.6640110994296586, 0.05199205693872673, 0.4476439523002747, 0.14058536078330602, 0.24564120294459202, -0.060032907687906506]], "inverted": true, "swapped": true, "error_lsq": 0.03352379766175989, "error_max": 0.23691070542198306, "target": "443.xyz", "model": "9.xyz", "model_rescale": 3.833441315466971, "target_rescale": 3.920949880091177},
{"mapping": [1, 4, 2, 5, 6, 12, 0, 9, 3, 13, 11, 7, 10, 8, 14], "R": [[0.02857561881340588, -0.6247669628645043, 0.7802882006813214], [0.9877570938058269, -0.1021140256856057, -0.11793493712444345], [0.15336022184940235, 0.7741052692440109, 0.6142000280714415]], "T": [-0.12426946401293101, 0.018543435931815913, -0.05394988359025981], "aligned_model": [[-0.07145226409006825, -0.5955882371566246, 0.1893124797459164, 0.1255809661757091, -0.6555465020124253, -0.3141951352596801, 0.398990707253963, -0.04821947044345867, -0.5165128409515316, 0.5960445488978746, -0.3030163883092221, -0.56668393429849, 0.41346527741134476, 0.23652788304270092, -0.14021033540987404], [0.15231082673714857, -0.5450877321236433, -0.5758111902052688, -0.4803562399721663, 0.03406550549562161, 0.529277229456852, 0.16872400559341438, -0.3433237022496215, -0.6611280945871556, -0.31104475535341064, 0.5279586621488884, 0.04336091723783447, 0.6034971664778879, 0.1764383466605765, -0.04204773824063032], [-0.7784673516082964, -0.36393552933696377, 0.2011171622339783, -0.43619205471278744, -0.47671854644957784, -0.3110477032305096, -0.4631778779473476, 0.6679771898147859, 0.31822426059151115, -0.14453624230016426, 0.3630426168175956, 0.44361167630498544, 0.15682161473309225, 0.6186970028964872, 0.01740447043345012]], "inverted": false, "swapped": false, "error_lsq": 0.0452590680008061, "error_max": 0.37953804338957126, "target": "443.xyz", "model": "10.xyz", "model_rescale": 4.2482417240324, "target_rescale": 3.920949880091177},
{"mapping": [5, 4, 3, 8, 12, 9, 6, 7, 11, 13, 10, 14], "R": [[0.048073289214282555, 0.9579370375012181, -0.28292329534258903], [-0.8828841607518766, -0.09171426064664989, -0.4605475578998255], [-0.4671236640950388, 0.27192853211354684, 0.8413384312302612]], "T": [0.0019763872596828755, 0.06429722931367354, 0.0662359690836968], "aligned_model": [[-0.7046905034451661, -0.025731427442161815, 0.22850287829458302, 0.7662427258209566, -0.4053309181787443, 0.2746667276721796, -0.2718983919814304, 0.504919080738732, 0.0803323876337673, -0.03819641481800901, -0.5276050240974148, -0.004445517834285449], [-0.2817435908013697, -0.6387788946081882, -0.14538098804197855, -0.30126571249643497, 0.49778982675859673, 0.6893210843891461, 0.2158527998907445, 0.3134232273634283, -0.23645703743218166, 0.5842341613623853, 0.03979903966583667, -0.07066252599934508], [-0.006152485384303824, 0.07762222546155803, 0.7527369056280434, -0.304289221454623, 0.08747307144688565, 0.22758390257496866, 0.6223889479755855, -0.22889741863783394, -0.5714951994768586, -0.5072281097318304, -0.5190948590811842, -0.06545546946605088]], "inverted": true, "swapped": true, "error_lsq": 0.044694976617129976, "error_max": 0.2999782254356345, "target": "443.xyz", "model": "11.xyz", "model_rescale": 3.6694154284099745, "target_rescale": 3.920949880091177},
{"mapping": [11, 8, 2, 1, 4, 10, 5, 12, 3, 6, 9, 0, 7, 14], "R": [[0.49590176756477017, 0.10483262792110683, 0.8620275848540416], [-0.3963002524679863, 0.9106045636597347, 0.11724094223382481], [-0.7726755766943508, -0.3997617399967378, 0.4931156095834257]], "T": [-0.07094211295543831, 0.022803185589335348, 0.049892170886624405], "aligned_model": [[-0.1593155106184347, -0.04712765012348816, -0.03334025131943873, 0.5787376165783307, 0.5320252114358047, -0.29251447302184297, 0.2680095131605087, -0.37718959576943933, 0.4374544368173745, 0.12421672090530095, -0.5471174019187015, 0.6349659324678835, -0.49557337953353, -0.02496631880451796], [-0.31568935199776654, 0.3750361558650343, 0.6434572707272808, 0.4548897949915381, -0.14318604708130556, -0.7277319200238077, -0.6686771292191797, -0.20787274244685805, 0.5288350901917143, 0.12591930017453623, 0.4649087221309314, -0.04913521164999893, 0.3313371471208333, -0.08110379064669794], [-0.5672842866175603, -0.8047381723126792, -0.11830444596440645, -0.37986218853122145, -0.27273979624112427, -0.0562754110207283, 0.22689273961534184, 0.505158228389896, 0.2779873298748917, 0.6486932380922533, 0.31228078639730755, 0.27395554874384753, -0.3059363192630551, -0.1007317915103475]], "inverted": true, "swapped": true, "error_lsq": 0.04071586594172006, "error_max": 0.2398984916462679, "target": "443.xyz", "model": "12.xyz", "model_rescale": 3.9764082729961374, "target_rescale": 3.920949880091177},
{"mapping": [9, 2, 8, 1, 0, 5, 12, 3, 7, 11, 6, 4, 13, 14, 15], "R": [[-0.030740356101663424, -0.4314254838702859, 0.9016246904194853], [0.9929487961569391, 0.09014258361159982, 0.07698703027336079], [-0.11448894582984234, 0.8976337596632133, 0.4256123997202808]], "T": [-0.03822359135353417, -0.0047636414428103985, -0.062170339448486565], "aligned_model": [[-0.29808959348666686, -0.313820698171617, 0.19657014032103218, 0.13280926734967038, -0.6996392688062973, -0.5233700046769931, 0.33567964565910513, -0.004739434748427272, -0.60801832054572, 0.6021929281088533, -0.0639356819733537, -0.6633208993617218, 0.4326281165899565, 0.3108332940173365, -0.0872827356790221], [0.12621499437277245, -0.6915126855019423, -0.6622774823327517, -0.3362702678682144, -0.1523146415691325, 0.6278262970320148, 0.22584028841155535, -0.4807541504147705, -0.4361228172981584, -0.2787419615110684, 0.622437392015829, 0.19039041795580147, 0.37004560566175176, 0.1652542912905599, -0.013182073167918792], [-0.5883009167891823, -0.35996473009997293, 0.0482845801026028, -0.5761486426295186, -0.3226812556951684, -0.3215673965145197, -0.525022077951715, 0.6311948557687743, 0.18338398633949188, 0.31907401851850997, 0.37327949431380175, 0.2328414745528988, 0.04872259810169311, 0.6364434543598859, 0.033281245862657106]], "inverted": false, "swapped": false, "error_lsq": 0.04436833939936204, "error_max": 0.2984645328245035, "target": "443.xyz", "model": "13.xyz", "model_rescale": 4.170626492500431, "target_rescale": 3.920949880091177},
{"mapping": [2, 3, 9, 6, 7, 10, 12, 1, 8, 0, 4, 5, 11, 14], "R": [[-0.5967581009554375, -0.7621938897209931, 0.2508789417548686], [-0.18747414373172333, 0.43643381276225873, 0.8799880524813135], [-0.7802135697205717, 0.4781066842764075, -0.40333706012974113]], "T": [-0.10924256953319474, 0.09260963927121134, -0.001700898502217399], "aligned_model": [[0.3121021280450477, -0.01435270171798321, -0.22933673258319195, -0.566590493788601, 0.27160923864221115, -0.3715027712037974, -0.6618376565177244, 0.5616953735565587, 0.8055666985286923, -0.22670632380729094, 0.20288978752000547, -0.5086553583474345, 0.2807142710941516, -0.012412437329000395], [-0.2229378854056066, -0.6521765929236313, 0.07109088150443989, -0.34760708421455616, 0.361172371065146, 0.7246244427409062, 0.2589988139220542, -0.4441857216370044, 0.21872218171267865, -0.45878114759553423, -0.11044352806192838, 0.17745025162983674, 0.5996077569032513, 0.18053972828561393], [-0.37293384532951285, -0.05510617136282099, -0.6917460650493705, -0.06746360944358724, -0.43175297869383517, 0.39256511038777087, -0.14736970099408414, 0.23317016284914316, -0.0491123656087996, 0.48394935165506725, 0.59542237920117, 0.6747855585468958, 0.30518736500679783, 0.13427790995603195]], "inverted": false, "swapped": true, "error_lsq": 0.03932307818551482, "error_max": 0.19676971245813069, "target": "443.xyz", "model": "14.xyz", "model_rescale": 3.9786697098870705, "target_rescale": 3.920949880091177},
{"mapping": [5, 10, 6, 0, 12, 9, 11, 7, 2, 4, 13, 14], "R": [[0.39458073123671555, -0.5790910476800905, -0.7134140488057926], [0.831346482266499, -0.10570388309755084, 0.5456094899479086], [-0.3913682063732521, -0.8083812513875334, 0.4397165899136728]], "T": [0.12776719349020885, 0.013987448462569956, 0.01020252800733298], "aligned_model": [[-0.1648714149724325, -0.5996447849948144, 0.5551697919534915, 0.5066813203923365, -0.0026728530735529443, 0.3500012084784882, -0.43680241029264133, 0.009395255434656746, 0.5505535535924748, 0.15265541399039104, -0.4431728938281181, 0.006062410087056991], [-0.4729596300771348, -0.09956195296621238, 0.07944252478367676, -0.5530683960632611, 0.34815859867522053, 0.6757783774844883, -0.23576336801003342, 0.37787291436874815, 0.15005561208118423, -0.6783636959429756, 0.5366179621341015, -0.11353445624336315], [-0.538985617789089, -0.2755371401223326, -0.4591856625325055, -0.28738351418991454, -0.46475128473432786, 0.07097098739283884, 0.35974441000406243, 0.5158647515908737, 0.47673510337370556, 0.13366861719585743, 0.051361729883871304, 0.07746411380078999]], "inverted": false, "swapped": true, "error_lsq": 0.0504431624508509, "error_max": 0.35153396020049826, "target": "443.xyz", "model": "15.xyz", "model_rescale": 3.769337070930944, "target_rescale": 3.920949880091177},
{"mapping": [11, 4, 13, 7, 10, 5, 12, 0, 9, 2, 14], "R": [[0.4598885671228469, 0.7978878290072743, -0.38971466247981124], [0.6315942402388907, 0.014574816034926663, 0.7751621059072782], [0.6241724293228218, -0.6026297263325189, -0.497238565895326]], "T": [-0.00505394594841844, 0.031015531501792315, 0.11050031835549334], "aligned_model": [[-0.37319200050678114, -0.18722828396251304, 7.076051082207865e-06, -0.47750688158612464, 0.27181118129230336, 0.5013136348504683, 0.4970219014936259, 0.24207463106344615, -0.009681962705075176, -0.4593500967599527, -0.08264306853930854], [-0.00046465528817829505, -0.6219344047138862, 0.7073077801679128, 0.4537873623755029, 0.12727189611730277, -0.38346174199070626, 0.3491353020249827, -0.6483635285693097, 0.5929663399916467, 0.0659917877605345, -0.04617164025045967], [-0.49512102022144666, -0.0783972655991744, -0.2681981071458336, 0.1235783534999117, -0.6228135466028663, -0.3324024868046501, 0.07910377973308273, 0.2867310138898523, 0.5291145406510234, 0.5658102832947549, -0.04318793747087729]], "inverted": false, "swapped": true, "error_lsq": 0.04682602591356986, "error_max": 0.20372901321813564, "target": "443.xyz", "model": "16.xyz", "model_rescale": 3.7852294659196426, "target_rescale": 3.920949880091177},
{"mapping": [11, 1, 2, 8, 4, 0, 6, 3, 7, 13, 12, 9, 14], "R": [[-0.5236828541881946, 0.3189622665881191, -0.7899489481746754], [-0.6335673088936904, -0.765707068686112, 0.11083839616905689], [-0.5695162274514339, 0.558529996917884, 0.6030717280824855]], "T": [-0.020972625779361227, 0.21928829338948566, -0.06138095982324879], "aligned_model": [[-0.008637923571157575, -0.38690933776786895, 0.21541546413495205, 0.1962745173486375, -0.5990144263946602, -0.7157314593530326, -0.22353366525258392, -0.3027075004625381, 0.5293277476168341, 0.5642367113113474, 0.11217515094990367, 0.5607425377991128, -0.08787196614266306], [-0.1324522764462269, -0.5274992818700874, -0.20382281679644246, -0.6671008710967858, -0.16337665252840602, 0.2299665080965529, 0.6254448423166319, 0.042068970245791426, -0.08999489160058247, 0.4482551596339652, 0.7978654331746974, 0.393220992267981, 0.12248050830578551], [-0.6773519508343152, 0.25778990145229597, 0.36289861156917536, -0.21019677010638838, -0.18241245062594477, 0.20485547229968312, 0.38727091486218024, 0.6137349663272454, -0.12164905170147225, -0.515157912709551, -0.10364501653649445, 0.2884802720006052, -0.20886228885384506]], "inverted": true, "swapped": true, "error_lsq": 0.04840004579725944, "error_max": 0.29827813593356073, "target": "443.xyz", "model": "17.xyz", "model_rescale": 3.901054581598922, "target_rescale": 3.920949880091177},
{"mapping": [8, 2, 3, 0, 8, 4, 1, 12, 13, 7, 10, 9, 6, 11, 14], "R": [[-0.8425807771305237, 0.35299532675885326, 0.40675783126638565], [0.04668106446759421, 0.8002800078243884, -0.5978066470831263], [-0.5365431131142169, -0.48471250072904826, -0.6907787485198841]], "T": [-0.12252466973427456, -0.025065309895227716, -0.005004301126917216], "aligned_model": [[-0.4771815735549866, -0.5249118386175384, 0.05202014388753057, 0.2555795918673408, -0.4771815735549866, -0.19555129386161263, 0.3643038195262656, 0.1680049528711512, -0.5113139556664109, 0.52033197030839, -0.4285849216650464, -0.5124669341817988, 0.4746819334981376, 0.15989251925640924, -0.11912608551670976], [0.10336444757145537, -0.6273438805063848, -0.7678859200134978, -0.47854400269553626, 0.10336444757145537, 0.6639989011329002, 0.14456448936475935, -0.4118259811968291, -0.5648916341588279, -0.17140423719595946, 0.6697156471075512, 0.0016219956421732913, 0.40189509389055617, 0.24832275427540018, -0.038118913712888364], [-0.5510285955582437, -0.4038566443428014, 0.02901831978954708, -0.48134321517268963, -0.5510285955582437, -0.3863592475463341, -0.4739491834778741, 0.5588962447145411, 0.2864277305322823, 0.06568715880122156, 0.3049316472611908, 0.5254883373281178, 0.15239592735076157, 0.6894238712986498, 0.048116932820113464]], "inverted": true, "swapped": false, "error_lsq": 0.0424694559385371, "error_max": 0.3158982732522377, "target": "443.xyz", "model": "18.xyz", "model_rescale": 3.9405287249114394, "target_rescale": 3.920949880091177},
{"mapping": [14, 3, 2, 10, 12, 13, 11, 6, 1, 5, 7, 0, 9, 8, 15], "R": [[-0.733061441946741, -0.574760641872648, 0.36369097718407384], [0.4996904120429089, -0.8178617392336948, -0.2853272990970612], [0.4614438367161846, -0.027429547057462755, 0.8867452878391121]], "T": [-0.21334832268963325, 0.04096375898645112, -0.01243228340572798], "aligned_model": [[-0.28068264562291234, -0.5843747987639034, 0.2984416585718802, 0.12832164559448148, -0.721688001987565, -0.1643941707325708, 0.3459900512722702, 0.015843515638205213, -0.48371894597049003, 0.5401120497705144, -0.10595394883629156, -0.5021878492775721, 0.3796914478845983, 0.07193350194002476, -0.18883675488453425], [0.02861277321607393, -0.5848357011054787, -0.6591557327055461, -0.434609228091937, 0.04288637320863049, 0.5532422902857175, 0.158397264483923, -0.4104611532516599, -0.5263636077798319, -0.11053164954853063, 0.6601243221646694, -0.07713611847171369, 0.5233048627281958, 0.10272394118994531, 0.010634570753870125], [-0.7838287470881865, -0.45531261111799304, 0.04439196710693456, -0.5368328971359156, -0.21670204674631952, -0.4442934216758882, -0.45125247106810673, 0.5370857831279755, 0.18895989361263313, 0.3047573303648084, 0.3049510721925498, 0.6001837503223919, 0.05583730803140771, 0.6854732373964227, -0.020597459082475227]], "inverted": true, "swapped": false, "error_lsq": 0.0418918890461121, "error_max": 0.24185939224919695, "target": "443.xyz", "model": "19.xyz", "model_rescale": 4.410303926677745, "target_rescale": 3.920949880091177},
{"mapping": [9, 7, 2, 12, 3, 10, 6, 8, 11, 4, 5, 0, 1, 14], "R": [[0.518887923534669, 0.8458949957756775, -0.12335711950084677], [-0.24558130305173456, 0.2857281828736011, 0.926309467242542], [0.8188071484795987, -0.45035659386026167, 0.3559968988141494]], "T": [-0.08529834677878795, -0.06726304835433448, -0.010779283677531712], "aligned_model": [[-0.1660699894050291, 0.2673176635877166, 0.39972686876217867, -0.6497811088597327, 0.13249295139508982, -0.4664023526432919, -0.4607864739797117, 0.797833800005328, 0.2009816113060358, 0.22596279412449544, -0.5260891252374689, -0.13493332578573164, 0.651895010240398, -0.010960434049403847], [-0.05802163900785158, -0.41293858783446236, 0.15907012317227037, -0.14885834394968717, 0.6492914761974139, -0.630188846437021, 0.4374613811735456, -0.34118197170535014, -0.6160178744086354, 0.10972882620462594, -0.055822196271921073, 0.5173233606369859, 0.36448658641120246, -0.16338382799991316], [-0.7067954723616326, -0.4086350402207372, -0.369163617979678, -0.18097771689598846, -0.08614045162528015, 0.39114495485279244, -0.11822479627126743, -0.00216230898369775, 0.3359277419148803, 0.5950290889639619, 0.6449150265570739, 0.4469114395943519, 0.24143016435527692, 0.13355602682496576]], "inverted": true, "swapped": true, "error_lsq": 0.0371005411601723, "error_max": 0.18048211002024364, "target": "443.xyz", "model": "20.xyz", "model_rescale": 4.121658175737393, "target_rescale": 3.920949880091177},
{"mapping": [13, 12, 9, 7, 2, 10, 6, 11, 5, 4, 3, 8, 14], "R": [[0.012330620715332918, -0.8194712754445794, 0.5729875954276922], [0.5599488428242083, -0.4690964909064618, -0.682939071688737], [0.8284354224757682, 0.32926480367703725, 0.4530777415046092]], "T": [0.016892720133364944, 0.031210696251165786, 0.03653979554658158], "aligned_model": [[0.22801782966599043, -0.2874825724511783, 0.3588670584531425, 0.6174783341736485, 0.5268215137419016, -0.3408882485255457, -0.3530553605095383, 0.1926739441924203, -0.7027088866440504, -0.15256566430285862, 0.015435783857689497, 0.7612342206520978, 0.01725495236057534], [-0.45951206760681573, 0.01762225123145899, 0.3347276369756658, -0.1038382571089832, 0.39942393361997397, -0.6576240710866201, 0.5251368426724614, -0.6065648008970319, -0.24788352220012466, -0.06036336645828345, 0.7160353513704091, -0.20069407297280847, -0.11563895337611846], [0.5981683865060892, 0.5478490200339392, 0.56755675896073, 0.18878148753802773, -0.10241031273825979, 0.18203293189112646, 0.1991989518141351, -0.21965780713490604, -0.13270079265566415, -0.6402995153995202, -0.27583147542402475, -0.4606564696474271, -0.08192142426245635]], "inverted": false, "swapped": true, "error_lsq": 0.04612124659374978, "error_max": 0.24274304853607437, "target": "443.xyz", "model": "21.xyz", "model_rescale": 4.08911054899281, "target_rescale": 3.920949880091177},
{"mapping": [10, 12, 13, 7, 9, 5, 6, 4, 3, 0, 11, 15, 8, 1, 16], "R": [[0.4101662603777229, 0.4599907983878171, 0.7875100661237879], [0.8128901885016868, -0.5758811090485108, -0.08700856095091808], [0.4134890328478451, 0.675847182164427, -0.6101290077311172]], "T": [-0.12639312168940242, -0.038748749020771384, 0.052423060895671524], "aligned_model": [[-0.14849595864917464, -0.49860434989062663, -0.08114327490121934, 0.2099121901776494, -0.6932759633111969, -0.29977789703916263, 0.49368958461684476, 0.12814180890487675, -0.46764405441697143, 0.6016472980639901, -0.28384743888970815, -0.5787568173496381, 0.21732931464185545, 0.24585228927557878, -0.0965299766369625], [0.03803889457694529, -0.48863127168515863, -0.6864321609321515, -0.39851101270619727, 0.11791840891176675, 0.48520496108877476, 0.14794864660555337, -0.5609928659047808, -0.7813941786161416, -0.28001292058693106, 0.6730576771410125, 0.1818488336079321, 0.5632957320552283, 0.3412190363340367, -0.0757245728135616], [-0.7505405320548286, -0.39927819373635665, -0.0708190395761954, -0.4606715101605585, -0.34963024037501733, -0.3870530855417917, -0.316637433275185, 0.43812402972407055, 0.3461991492829838, 0.16118033606875212, 0.28573139749816406, 0.5798799892615423, 0.03979976384189506, 0.6415378352598137, 0.054998222022950544]], "inverted": true, "swapped": false, "error_lsq": 0.04218254357098481, "error_max": 0.24095384525119554, "target": "443.xyz", "model": "22.xyz", "model_rescale": 4.204369325754507, "target_rescale": 3.920949880091177},
{"mapping": [14, 3, 2, 10, 12, 13, 11, 6, 1, 5, 7, 0, 9, 8, 15], "R": [[-0.733061441946741, -0.574760641872648, 0.36369097718407384], [0.4996904120429089, -0.8178617392336948, -0.2853272990970612], [0.4614438367161846, -0.027429547057462755, 0.8867452878391121]], "T": [-0.21334832268963325, 0.04096375898645112, -0.01243228340572798], "aligned_model": [[-0.28068264562291234, -0.5843747987639034, 0.2984416585718802, 0.12832164559448148, -0.721688001987565, -0.1643941707325708, 0.3459900512722702, 0.015843515638205213, -0.48371894597049003, 0.5401120497705144, -0.10595394883629156, -0.5021878492775721, 0.3796914478845983, 0.07193350194002476, -0.18883675488453425], [0.02861277321607393, -0.5848357011054787, -0.6591557327055461, -0.434609228091937, 0.04288637320863049, 0.5532422902857175, 0.158397264483923, -0.4104611532516599, -0.5263636077798319, -0.11053164954853063, 0.6601243221646694, -0.07713611847171369, 0.5233048627281958, 0.10272394118994531, 0.010634570753870125], [-0.7838287470881865, -0.45531261111799304, 0.04439196710693456, -0.5368328971359156, -0.21670204674631952, -0.4442934216758882, -0.45125247106810673, 0.5370857831279755, 0.18895989361263313, 0.3047573303648084, 0.3049510721925498, 0.6001837503223919, 0.05583730803140771, 0.6854732373964227, -0.020597459082475227]], "inverted": true, "swapped": false, "error_lsq": 0.0418918890461121, "error_max": 0.24185939224919695, "target": "443.xyz", "model": "23.xyz", "model_rescale": 4.410303926677745, "target_rescale": 3.920949880091177},
{"mapping": [3, 8, 9, 10, 4, 0, 1, 14, 15, 11, 12, 5, 7, 13, 16], "R": [[0.8954260070839698, 0.3763215794963394, -0.23789563813369752], [-0.3854837816270086, 0.38799879410414884, -0.83717333323289], [-0.22274317035590474, 0.8413316852342522, 0.4924900765301711]], "T": [-0.06454343189800592, -0.057603038333584974, 0.057588202812972285], "aligned_model": [[-0.23693526271860255, -0.4651457287228312, 0.00667216769901495, 0.05297076009525843, -0.5833994173893325, -0.20310010336378148, 0.4733829203551708, 0.15216199254101037, -0.4356371282258528, 0.5195536644011969, -0.34859429267521846, -0.6658790469228734, 0.39816342599222065, 0.15192039461827372, -0.06763759108751871], [0.23886470714455738, -0.6722859849693569, -0.6799036400144608, -0.4398674019141079, -0.14690946804829025, 0.6499431826321841, 0.24405938321625753, -0.40449688588639715, -0.5336981814678066, -0.30145929285663664, 0.6118737656412244, 0.0819246894156372, 0.4175273960063915, 0.21746191142694438, -0.006200973249812711], [-0.7740601105932966, -0.31307248049224845, 0.06708994739177887, -0.4560734730906938, -0.38591737880081883, -0.16728110384214243, -0.539044324415148, 0.5968964704701145, 0.4382942233386401, 0.048304031574174094, 0.400067037509508, 0.1781266809837869, 0.10324267365161921, 0.667235075233642, -0.05098658067867671]], "inverted": false, "swapped": false, "error_lsq": 0.03987646745508548, "error_max": 0.26165675658376475, "target": "443.xyz", "model": "24.xyz", "model_rescale": 4.28219845311461, "target_rescale": 3.920949880091177},
{"mapping": [14, 6, 8, 10, 2, 13, 11, 1, 0, 5, 7, 4, 9, 3, 15], "R": [[0.41857434701038587, 0.7165438871025879, -0.5579967507797363], [-0.8996115957106791, 0.24292083435440823, -0.3628890258735368], [-0.12447687691983333, 0.6538763844125831, 0.7462916192882061]], "T": [-0.07613637349776653, 0.05272984923753726, -0.03380276833181085], "aligned_model": [[-0.230597011927099, -0.4031097442898711, 0.21145227049282234, 0.19455743818281396, -0.7093247174177066, -0.3615423889633869, 0.3250767088749125, 0.06133336641185838, -0.660983643798658, 0.6890869113641716, -0.17736514833179468, -0.5659248942928833, 0.4119218199345101, 0.09622846899149992, -0.1323126806350546], [-0.03747780141811713, -0.7254596185525355, -0.5783170241321876, -0.4322763246469595, -0.0015844288176735388, 0.5417377078111967, 0.08697174105408365, -0.3483859610375342, -0.45566030576618505, -0.2681836652756914, 0.7217159525301919, 0.13777618378977657, 0.494724295485985, 0.12991770095207122, 0.011334755099906751], [-0.7741736995776421, -0.3495664489134667, -0.06571941581823876, -0.6005467056082833, -0.2885624682672288, -0.2136114931653032, -0.40031692443827327, 0.4458695950613955, 0.221240939202199, 0.15784409812317352, 0.3505880932884109, 0.5024088493176692, 0.11888578129788535, 0.7174480163474266, -0.008967528609484555]], "inverted": true, "swapped": false, "error_lsq": 0.03438343754073192, "error_max": 0.28180099457545316, "target": "443.xyz", "model": "25.xyz", "model_rescale": 4.100010024507729, "target_rescale": 3.920949880091177},
{"mapping": [5, 4, 3, 8, 12, 9, 6, 7, 11, 13, 10, 14], "R": [[0.048073289214282555, 0.9579370375012181, -0.28292329534258903], [-0.8828841607518766, -0.09171426064664989, -0.4605475578998255], [-0.4671236640950388, 0.27192853211354684, 0.8413384312302612]], "T": [0.0019763872596828755, 0.06429722931367354, 0.0662359690836968], "aligned_model": [[-0.7046905034451661, -0.025731427442161815, 0.22850287829458302, 0.7662427258209566, -0.4053309181787443, 0.2746667276721796, -0.2718983919814304, 0.504919080738732, 0.0803323876337673, -0.03819641481800901, -0.5276050240974148, -0.004445517834285449], [-0.2817435908013697, -0.6387788946081882, -0.14538098804197855, -0.30126571249643497, 0.49778982675859673, 0.6893210843891461, 0.2158527998907445, 0.3134232273634283, -0.23645703743218166, 0.5842341613623853, 0.03979903966583667, -0.07066252599934508], [-0.006152485384303824, 0.07762222546155803, 0.7527369056280434, -0.304289221454623, 0.08747307144688565, 0.22758390257496866, 0.6223889479755855, -0.22889741863783394, -0.5714951994768586, -0.5072281097318304, -0.5190948590811842, -0.06545546946605088]], "inverted": true, "swapped": true, "error_lsq": 0.044694976617129976, "error_max": 0.2999782254356345, "target": "443.xyz", "model": "26.xyz", "model_rescale": 3.6694154284099745, "target_rescale": 3.920949880091177},
