[{"mapping": [8, 7, 11, 5, 10, 6, 1, 2, 4, 3, 0, 12], "R": [[0.2170181534117267, 0.5466063752538666, -0.8087796928840348], [-0.832052804133905, 0.5368520614568697, 0.13956358852657397], [0.5104813926311808, 0.6426595791251686, 0.5713120103200978]], "T": [-0.05912443224188161, -0.06221293496034395, -0.033950898998034676], "aligned_model": [[-0.33485624698526445, 0.18979721808651476, 0.42554613164941124, 0.05154713010444429, -0.0206581141643224, -0.6755950524851717, 0.5044012160323241, -0.034117967322135546, 0.5880148035817983, -0.04720245392020193, -0.6742927063244205, -0.13494149579242698], [-0.37233116173125386, -0.634719144638242, -0.15528139140761751, 0.557351177914035, 0.3101278879130366, -0.5857688970822106, -0.21936845729088275, -0.43131134481666883, 0.07909395529147623, 0.331647889900964, 0.30744534985672095, -0.13333082793230003], [-0.5448519009891715, -0.20154634848184338, -0.5948644398163787, -0.06944579298399482, -0.6741640381891221, 0.09812093019657255, 0.6225122860549923, 0.584563335051999, 0.06605158139113558, 0.5821619333381952, 0.274656083645521, 0.03875811613565708]], "inverted": true, "swapped": true, "error_lsq": 0.05289191802449784, "error_max": 0.3202309326640007, "target": "444.xyz", "model": "0.xyz", "model_rescale": 3.751011558992144, "target_rescale": 4.104006600045852},
{"mapping": [4, 2, 5, 8, 0, 1, 9, 12, 11, 10, 6, 7, 14], "R": [[-0.31833821005442564, 0.9474472287837521, 0.031694363683991145], [-0.5698900911769693, -0.16454888900664055, -0.8050769820985979], [-0.7575526833149298, -0.2743490692469522, 0.5923229863897577]], "T": [-0.08932941444440734, -0.034695701043377734, -0.025708382191538804], "aligned_model": [[0.4832333508320181, -0.6495473742233788, -0.5329301062488829, -0.045157879106958315, -0.03726703462017761, 0.47875439059874303, -0.47465874830184224, -0.36566177261336713, 0.06705978236339574, 0.12939891012896745, 0.5387388842844533, 0.17844076073370047, -0.11317878216614628], [-0.17814986695671664, -0.6428847665243964, -0.10222466565860866, -0.5409412829621731, -0.5939378292645494, -0.3754283299422413, 0.4365704136694284, 0.3988765208091, 0.734244327495587, 0.45260716214209096, 0.3079355037475747, 0.045433702772943986, 0.011431787739811412], [-0.5521746698215534, -0.025695791712234673, -0.4601555161033716, -0.4525368470266591, 0.4842350157745271, 0.19078091428106145, -0.2779368003501114, 0.51060371010538, 0.11922139583555365, -0.6479202333237956, 0.20201911923390614, 0.5755864171593043, -0.008179124329395132]], "inverted": true, "swapped": false, "error_lsq": 0.05238687294958558, "error_max": 0.289366222809972, "target": "444.xyz", "model": "1.xyz", "model_rescale": 3.9405287249114394, "target_rescale": 4.104006600045852},
{"mapping": [8, 7, 3, 4, 1, 2, 10, 6, 11, 9, 5, 0, 12], "R": [[-0.7272660447128585, -0.03989396443894411, -0.6851952800545686], [-0.6482487547770266, -0.2880903838186765, 0.704824433941703], [-0.22551641212503554, 0.956771865364232, 0.1836571411889537]], "T": [-0.05026228068731442, -0.04683312667055697, 0.0031678412401828296], "aligned_model": [[0.12941740255797368, -0.7383824890283572, -0.5267946643370953, -0.10942488237527032, 0.10240235682628213, 0.5903288861655767, -0.2710519088328415, -0.4067809299030965, -0.055930163750158135, 0.2999315894116314, 0.5065640646266614, 0.11143062585335703, 0.025514494445861846], [-0.05122969428018947, -0.4211090697033471, -0.05153865352941, -0.6206494157189085, -0.7211134200310437, -0.2070879871964346, 0.4594267658456026, 0.14247752452912207, 0.654934276376337, 0.4684421802459733, 0.34147879822288, 0.0506980241749719, -0.09119665186770311], [-0.7507457159610982, 0.12693354931692113, -0.31257639690032507, -0.39549288527686594, 0.3895173291352801, 0.17089072026833968, -0.6343586136189522, 0.367051920986922, 0.12606892406530174, -0.5089226961819191, 0.2624641013878825, 0.8200356805294129, -0.0030183280282881763]], "inverted": false, "swapped": false, "error_lsq": 0.052312506640950135, "error_max": 0.29323050258631683, "target": "444.xyz", "model": "2.xyz", "model_rescale": 3.932901565614263, "target_rescale": 4.104006600045852},
{"mapping": [5, 2, 4, 6, 1, 10, 7, 3, 8, 9, 11, 11, 13], "R": [[-0.633524224135025, -0.016985194094870593, -0.7735363990244252], [0.6606718996001206, -0.5322084085342567, -0.5294023526243554], [-0.40269057415450316, -0.8464429768549053, 0.3483885595425361]], "T": [-0.10563837365322369, 0.019214028680675864, -0.00927874827015904], "aligned_model": [[0.02040323293435313, -0.5261583178389935, -0.7480783401722585, 0.06928450281231098, -0.2141605672007127, 0.4763949547666889, -0.42514057776506875, -0.3281209480959605, 0.08537104142233172, 0.24775609713413133, 0.5125675725874091, 0.5125675725874091, -0.025461841511115788], [-0.07677457119203812, -0.6939538971013521, -0.2667834746131496, -0.5531964969835749, -0.5079664726472846, -0.3713728283250642, 0.4861919320930079, 0.30185154439181366, 0.706824059830984, 0.45946051338118915, 0.24852591031656596, 0.24852591031656596, -0.027799452399812914], [-0.7104915460412534, -0.102843374898264, -0.5276441812096013, -0.3385817061669234, 0.49971267939772934, 0.13845260264781098, -0.4447009877566581, 0.35307883321971056, 0.1624610955223503, -0.47947904613757986, 0.5931713885384902, 0.5931713885384902, -0.07845955593169002]], "inverted": true, "swapped": false, "error_lsq": 0.05747504300063363, "error_max": 0.4418880474604785, "target": "444.xyz", "model": "3.xyz", "model_rescale": 3.9243930471874484, "target_rescale": 4.104006600045852},
{"mapping": [0, 11, 6, 5, 9, 1, 3, 10, 4, 2, 7, 8, 12], "R": [[-0.08115313009409941, -0.31483221816983736, 0.9456716363929873], [-0.9955119903299516, 0.0719470337480198, -0.06147764995638855], [-0.0486831242344728, -0.9464165566689553, -0.31925797511988585]], "T": [-0.09520904516540907, -0.02389316280823864, 0.06592510514087349], "aligned_model": [[0.301098272712624, -0.6251777519391963, -0.6320256484458086, -0.05221610575221908, 0.0023098359185853012, 0.521286522833746, -0.30209078027378655, -0.653867202467115, 0.05745258174868989, 0.43898124940876304, 0.6278939155427052, 0.03472747381106853, -0.061147981437531564], [-0.021190101981878425, -0.5758980717785737, -0.17503303105614829, -0.5174049611062421, -0.5125748728701917, -0.3584194221544428, 0.39942987002602903, 0.27012950543103426, 0.5443019215039242, 0.5421470764721, 0.30658743704634484, 0.1361825789967395, -0.08472525146084474], [-0.6865744341407667, 0.2673148558748417, -0.3928789809407671, -0.5069804820863483, 0.5652923506225189, -0.06892924750567692, -0.4146484354491373, 0.379898755883469, 0.14476699293861273, -0.4295077026260268, 0.16996086941014085, 0.6607600627871848, -0.030627015045433484]], "inverted": true, "swapped": false, "error_lsq": 0.042261842887374036, "error_max": 0.20994680814860184, "target": "444.xyz", "model": "4.xyz", "model_rescale": 3.8936222436046832, "target_rescale": 4.104006600045852},
{"mapping": [9, 0, 6, 8, 2, 3, 5, 4, 11, 10, 7, 12], "R": [[0.27574783574643275, 0.5432249361844663, 0.7930131145123271], [-0.8945338631141766, -0.1569296628812529, 0.41854778538418347], [0.3518128747263046, -0.8247907308010676, 0.4426600858011199]], "T": [-0.08440091085801506, 0.014051800982294669, 0.018663369765234715], "aligned_model": [[-0.1100360899389592, -0.6143760522072892, -0.29387594862686045, 0.3724802448420683, -0.5966939623606913, -0.7300465425124578, -0.12653882218492976, -0.018948020226004628, 0.5985279447336094, 0.4658565682232624, 0.243442587241676, -0.16224386476832658], [-0.48485094045934524, -0.5337159637736638, 0.05101801297959255, -0.09631506485299315, 0.4916195587163415, -0.06539654887536864, -0.37394253485596296, 0.3445708671028391, 0.20206889446313406, -0.4335009306168211, 0.5259582808703531, 0.041409274411702154], [-0.5386680595186583, -0.15278443031987005, -0.7727553227645927, -0.4420968135889827, -0.15134746319461315, 0.35286867063183364, 0.5136912113655856, 0.5976542072556047, 0.2562534455699401, 0.23523545649541383, -0.201072788870572, -0.07769339378557075]], "inverted": false, "swapped": true, "error_lsq": 0.04337230065169801, "error_max": 0.24881208176999708, "target": "444.xyz", "model": "5.xyz", "model_rescale": 3.6523030999806103, "target_rescale": 4.104006600045852},
{"mapping": [8, 2, 1, 6, 4, 10, 5, 3, 7, 8, 9, 11, 12], "R": [[0.3273664641935915, -0.24283994450401544, 0.913159328635848], [0.021727552208525937, 0.9680901280947185, 0.24965860161544007], [-0.944647612391209, -0.061889136678725205, 0.3221965598276157]], "T": [-0.06208950376439379, -0.006242103851888338, -0.03879300594273828], "aligned_model": [[0.26055977278933595, -0.48252302802917446, -0.6347657358702365, 0.09560960679515954, -0.13371655401334384, 0.466096904742785, -0.24666567770916145, -0.5962904204300824, -0.08225141290094204, 0.26055977278933595, 0.6267706901283134, 0.24742482659109669, -0.12358436322256108], [0.1550598982962897, -0.6234393132008565, -0.18732093180128415, -0.48200735746312356, -0.3110628925015703, -0.5441198343492777, 0.5284656045979285, 0.19592936547824752, 0.5830377709060238, 0.1550598982962897, 0.20175916472441296, 0.20446544126579655, 0.0777058628189736], [-0.6076358762582893, 0.09727642727155848, -0.3875440019885855, -0.4528013102762047, 0.44192047879275126, 0.16215401834540194, -0.41816463445889485, 0.3566773223632062, 0.3064037297348353, -0.6076358762582893, 0.030992241218770658, 0.757681860500673, -0.02147678926432147]], "inverted": true, "swapped": false, "error_lsq": 0.05968624785036332, "error_max": 0.3922030148366949, "target": "444.xyz", "model": "6.xyz", "model_rescale": 4.08911054899281, "target_rescale": 4.104006600045852},
{"mapping": [13, 9, 1, 11, 8, 10, 2, 3, 6, 7, 5, 4, 14], "R": [[-0.0017155315302739838, 0.9748663526912638, 0.22278386687999105], [0.42941421113733247, 0.20191620500459878, -0.8802461482050595], [-0.9031060249078573, 0.09415646842874781, -0.41896785942140613]], "T": [0.014718123797956891, -0.015941421054767133, -0.05616880437739418], "aligned_model": [[0.15782541918038473, -0.5868781500252658, -0.5606309712444294, 0.05879402846130144, -0.04596555201222148, 0.4899876140606537, -0.33228382213161833, -0.4800144402519837, -0.17423678817621352, 0.3385108620296572, 0.6957648774800778, 0.19611443431018513, -0.09976313002000334], [-0.012787814114999005, -0.49130351448045295, -0.1413633778623501, -0.5513207356178024, -0.39802295457954345, -0.5129790826264271, 0.527456643000949, 0.1950278920170468, 0.43144130694310273, 0.6371466694116475, 0.2211517108513762, 0.18412621416029856, -0.13504028003499557], [-0.7740858463280776, 0.10714105865529017, -0.49342023140749464, -0.29272190015776894, 0.5055074070776615, 0.159115596141537, -0.5403668390624212, 0.5245058681168967, 0.059103492309593796, -0.3167895504756291, 0.1897242530384446, 0.5949209049363513, -0.06478662312177207]], "inverted": false, "swapped": false, "error_lsq": 0.05100210104666724, "error_max": 0.32364981987887226, "target": "444.xyz", "model": "7.xyz", "model_rescale": 3.964800864290218, "target_rescale": 4.104006600045852},
{"mapping": [8, 0, 3, 1, 2, 7, 10, 6, 11, 9, 12, 4, 13], "R": [[-0.9291251027774009, 0.03802534229488061, -0.36780513418417826], [0.29808601763467957, -0.5115500532828131, -0.8058915988376156], [-0.21879503988797758, -0.8584116823119943, 0.4639591729783022]], "T": [-0.08894810758967286, -0.045175025614756434, -0.04739655466448483], "aligned_model": [[0.35280481133589275, -0.551451275555186, -0.8009882413837984, 0.06023337023182784, 0.0359952703390401, 0.5208381889773734, -0.28504879922827964, -0.4802156261312487, -0.020443508156461995, 0.29764498568963926, 0.5994411816709518, -0.011548191615119732, -0.0600377845141057], [-0.00547240126791286, -0.5586385124906434, -0.10909192155117857, -0.7297344159880331, -0.4770860660695491, -0.41140401408073646, 0.5434929655471991, 0.2009366154959613, 0.7205167245483611, 0.4587917025869053, 0.20535890753784408, 0.13740373296711567, -0.02154064016748251], [-0.6753580516115483, 0.14129748284031607, -0.16936447660588375, -0.31617754152768446, 0.43886544590631144, -0.07723219590016278, -0.5860509224435269, 0.3030954027648482, 0.2626947030038302, -0.3127643068180943, 0.13706989772973677, 0.6277090999820132, -0.11593694759754442]], "inverted": true, "swapped": false, "error_lsq": 0.0412849594882202, "error_max": 0.2307198393005433, "target": "444.xyz", "model": "8.xyz", "model_rescale": 4.121658175737393, "target_rescale": 4.104006600045852},
{"mapping": [7, 3, 10, 11, 2, 8, 5, 0, 4, 9, 6, 1, 12], "R": [[0.6061426305632307, -0.7844627603661057, 0.13118417973474072], [-0.7942599555085511, -0.5883611730782791, 0.15159898775884287], [-0.041740082527965475, -0.19608494999040896, -0.9796981463174347]], "T": [-0.008776262424287185, -0.03827979150553554, -0.07478974023293813], "aligned_model": [[0.26448454618570133, -0.4883661527769109, -0.6957321735412593, -0.07293448722252553, -0.019725272570901457, 0.5461990113128573, -0.362577725738947, -0.59692233220585, -0.05857147803044564, 0.4702613906221323, 0.6369599928243928, 0.03613603635794736, -0.0019869735556664013], [-0.07694820953641353, -0.6328864423724625, -0.18671549966571688, -0.5650283130275133, -0.4084746815709518, -0.506744284312505, 0.3540543555009399, 0.2618974907872059, 0.7972404266773038, 0.5836068176330798, 0.11817007470818694, 0.21640346030461463, -0.0010425180579175658], [-0.6904553915713977, 0.1229991858635365, -0.36208618525062586, -0.423289082870271, 0.5127324409697374, -0.019140820685564823, -0.39512760550159987, 0.35276381538100243, 0.22110605093206195, -0.35222403763107957, 0.12201010253400385, 0.5639989903963942, 0.004560127156414004]], "inverted": false, "swapped": false, "error_lsq": 0.04648639264129307, "error_max": 0.26535842036708784, "target": "444.xyz", "model": "9.xyz", "model_rescale": 3.833441315466971, "target_rescale": 4.104006600045852},
{"mapping": [5, 9, 3, 2, 8, 13, 6, 11, 12, 1, 0, 10, 14], "R": [[-0.029036943517500496, -0.9649745663092917, 0.26073155215154975], [0.5350344335701949, -0.23533379694231732, -0.81139149546377], [0.844331102592687, 0.11594002929492042, 0.5231279946645093]], "T": [-0.09978336246625834, 0.09476432568719004, -0.059582787379782835], "aligned_model": [[0.307982134926913, -0.4795546162465161, -0.6623831002649518, -0.021258324035954207, -0.20072485747159036, 0.5211047070482985, -0.27713545814199664, -0.4704117391213101, -0.0807725694928848, 0.37640194294580137, 0.569553903983741, 0.23160770461450852, -0.15718534708353354], [-0.11749248743683197, -0.6076613124464191, -0.3838719016066321, -0.5907866716370446, -0.3753146838774515, -0.40378790491521577, 0.6079690915157118, 0.2595644825324263, 0.6691095827427346, 0.5902136852060074, 0.190674121635603, 0.09462687347627094, 0.0202898018786917], [-0.5556770787046722, 0.08283260584538041, -0.5164315005205884, -0.2608386030346384, 0.5539283386232868, -0.09995876923171171, -0.4675002674357759, 0.4888810635396713, 0.12148673727607087, -0.33048206751142556, 0.02173078151276351, 0.692703119231414, -0.07282676986716326]], "inverted": false, "swapped": false, "error_lsq": 0.05089461216939739, "error_max": 0.3284679748163167, "target": "444.xyz", "model": "10.xyz", "model_rescale": 4.2482417240324, "target_rescale": 4.104006600045852},
{"mapping": [11, 4, 1, 3, 8, 6, 7, 0, 5, 9, 10, 12], "R": [[0.20701283375493756, 0.56865418930523, 0.7961018148744308], [0.12458420988326777, -0.8224264064797284, 0.5550617808610161], [0.9703733618090062, -0.01572319657233462, -0.241098153831661]], "T": [-0.0014675226909710327, 0.044261221124209035, -0.012149300787952677], "aligned_model": [[-0.6832085090897038, -0.06082176360074584, 0.4056553499957718, 0.6617460302797232, -0.4708072325266506, 0.17061580806274632, -0.3681448430097264, 0.5517765187081705, 0.08504290562249711, 0.02902349273197138, -0.5144505608443948, 0.07033840603334773], [-0.25164609702265406, -0.600549469027306, -0.47035157333655864, -0.24142200293117994, 0.5051149785026301, 0.8068229428491895, 0.11988912071175407, 0.3618208731580377, -0.3367138019834558, 0.7090886243539959, -0.06876708308303796, 0.13284487785922483], [0.0643972856334433, 0.1594711286819498, 0.5731946716798493, -0.12789204892454417, -0.035712686671814806, 0.23377098507689847, 0.5147679093859785, -0.4631420066762439, -0.5068631066739437, -0.3545733825715492, -0.5356597730922743, 0.04343331400660695]], "inverted": true, "swapped": true, "error_lsq": 0.052362057344376295, "error_max": 0.2691253411681908, "target": "444.xyz", "model": "11.xyz", "model_rescale": 3.6694154284099745, "target_rescale": 4.104006600045852},
{"mapping": [4, 5, 0, 6, 7, 11, 1, 12, 2, 3, 8, 10, 13], "R": [[0.7496462258235992, 0.3318807240913871, 0.5726130640188103], [-0.04815011720250073, 0.8902408284199763, -0.45293800196881207], [-0.6600849205381221, 0.31197187756381317, 0.6833457728613606]], "T": [-0.016798016792603433, -0.07571245621272228, 0.044009247928967134], "aligned_model": [[0.18014104174321166, -0.6172455963046444, -0.5059671220677887, -0.041670354039423575, -0.05386707279046469, 0.6192337966178761, -0.2970117271997413, -0.5754112120184078, 0.04272080058714762, 0.3648190099903767, 0.6346353875036885, -0.00998304362699027, -0.0831695267343148], [-0.010965889469878393, -0.5947034522233008, -0.15582777138854653, -0.5877187294281936, -0.543011417171041, -0.40266011075321156, 0.5962484385379139, 0.19625951163574618, 0.5662067727657175, 0.5220104725218409, 0.302500199936297, 0.11864361481613535, -0.05344896271162876], [-0.6664142448331554, 0.16517790226976806, -0.4708042980699812, -0.194917051338306, 0.6205705062912049, -0.13928672155024488, -0.3877572706054729, 0.3192383290427509, 0.14750218120345707, -0.44419628864104693, 0.11603395068251857, 0.6487472582304694, -0.056046662959350534]], "inverted": false, "swapped": false, "error_lsq": 0.046237387934847364, "error_max": 0.2548776286114898, "target": "444.xyz", "model": "12.xyz", "model_rescale": 3.9764082729961374, "target_rescale": 4.104006600045852},
{"mapping": [14, 7, 4, 3, 2, 8, 6, 9, 12, 13, 10, 1, 15], "R": [[0.4291951451906327, 0.37733370612479356, -0.8206161109598811], [-0.84104656501806, 0.4982012638965876, -0.21079889972000615], [0.3292904535757364, 0.7806502256926406, 0.5311807811940442]], "T": [-0.1015259634635183, 0.07958519840524239, -0.020148118894830584], "aligned_model": [[0.19237137212089936, -0.4374749384342773, -0.7339021104355691, 0.15950272301129406, -0.0990712997961938, 0.38114565734277694, -0.34808325372440874, -0.42293680770657693, 0.1217407667971574, 0.18753257403327891, 0.6377709527746717, 0.15604649111636634, -0.13741774543889376], [0.03202371754401326, -0.5957388342782806, -0.13390630831180406, -0.6062064944154295, -0.44359344346287166, -0.4117584287428193, 0.3780380886588809, 0.3254288601881349, 0.6173458562775718, 0.5100451111084874, 0.16064965535337922, 0.1103225758645206, 0.010882321284067645], [-0.7618827757969713, 0.025780478069920183, -0.2854507895932171, -0.4324553177272095, 0.581962832031521, 0.13879332685724327, -0.6787786531230033, 0.4245485076740756, 0.24096292444055623, -0.3451557674857927, 0.28483634369084243, 0.5595364699374193, -0.09484998925277266]], "inverted": true, "swapped": false, "error_lsq": 0.04109616030058136, "error_max": 0.2369100816235089, "target": "444.xyz", "model": "13.xyz", "model_rescale": 4.170626492500431, "target_rescale": 4.104006600045852},
{"mapping": [6, 1, 11, 3, 0, 2, 5, 10, 12, 5, 4, 8, 13], "R": [[0.050316578978633245, 0.5157788078465612, -0.8552429264578968], [0.2845562361640279, 0.8134310709770283, 0.5073042885974131], [0.9573379708023962, -0.26889052446217865, -0.10583900752749696]], "T": [-0.06594761704858909, -0.13192183380427375, 0.09548768541962416], "aligned_model": [[0.21773141635755566, -0.4852453475047659, -0.46408333642965494, -0.1770589419352106, 0.0953607593981654, 0.4826393410912413, 0.0357424156938243, -0.49157412868244693, -0.07962176537589133, 0.0357424156938243, 0.5349445867924343, 0.03605748294331698, -0.0834105163818677], [-0.02281600252815108, -0.7433793043792414, 0.07080566920833375, -0.5918031290279211, -0.5566856961772229, -0.479167143670814, 0.5530343015124721, 0.16936358091026243, 0.5983430099894818, 0.5530343015124721, 0.20722392153025515, 0.28088015821707013, -0.08530099002914729], [-0.6888026884964334, 0.298277341979589, -0.45227974662278936, -0.4061467155291584, 0.4820283371472388, -0.011307498792600512, -0.49418515462731394, 0.31088841998084304, 0.14273593165774195, -0.49418515462731394, 0.25971876224331963, 0.7043766471883324, 0.006729108221155966]], "inverted": false, "swapped": false, "error_lsq": 0.05957045669789121, "error_max": 0.40554760209966345, "target": "444.xyz", "model": "14.xyz", "model_rescale": 3.9786697098870705, "target_rescale": 4.104006600045852},
{"mapping": [2, 7, 3, 0, 4, 5, 8, 10, 5, 9, 11, 12], "R": [[-0.5395333086317822, 0.5747845088290863, 0.6152451359311573], [-0.3215701741024902, 0.534657650842862, -0.7814946062020433], [-0.7781365124478714, -0.6194868560391725, -0.1036320567689619]], "T": [-0.02077322225793378, -0.04764292068774098, -0.08621169019321157], "aligned_model": [[-0.06404367861258904, -0.6530625912138959, 0.5822680437562076, 0.6133172030284298, -0.051521747362752154, 0.4526733629668403, -0.42704473082185346, -0.00350828302830207, 0.4526733629668403, 0.10195954832258745, -0.49477749740366084, -0.0255783958305153], [-0.35587969438532174, -0.045249067557672856, -0.026500254678914342, -0.4910295726825359, 0.5416014069543784, 0.332438773685899, -0.285000861953737, 0.32207131005374223, 0.332438773685899, -0.6215187835225207, 0.47483284816348803, -0.16353038753826507], [-0.7362398250582465, -0.2204428571482391, -0.4994401067560185, 0.02174724691228737, -0.4033914096024882, 0.08335838002594967, 0.3740337346834787, 0.5564418082474389, 0.08335838002594967, 0.37831235759483256, 0.15981739643770887, -0.1375886114888234]], "inverted": true, "swapped": true, "error_lsq": 0.055526735001427185, "error_max": 0.30035332418380695, "target": "444.xyz", "model": "15.xyz", "model_rescale": 3.769337070930944, "target_rescale": 4.104006600045852},
{"mapping": [2, 0, 7, 8, 1, 3, 4, 5, 11, 10, 12], "R": [[0.021056543107258907, 0.9173303868193076, -0.39756959568144956], [0.5193191924854811, -0.3498381941290805, -0.7796927691371336], [-0.8543208989066109, -0.19004788698231556, -0.4837536587406416]], "T": [-0.12242725902153856, 0.03407362692160169, -0.015269430178732595], "aligned_model": [[-0.025762375897876097, -0.36128697622925793, -0.21911913983899914, -0.6713279454118417, 0.5229437256244094, 0.28254786368219587, 0.5096912965279286, 0.21579761180101442, 0.030314022566455684, -0.1733029604982648, -0.18786899163459342], [0.06624727235528433, -0.699966609465526, 0.6566045769698433, 0.3148431816480401, 0.19372684948388205, -0.4959939699905876, 0.24785205652117176, -0.3419399276872362, 0.5967374892661037, 0.0433708286946061, 0.014582749829760287], [-0.7287395235105738, -0.13547130024788703, -0.15990510774710143, 0.2151598988827642, -0.5907779605189973, -0.31508103400976495, 0.04374106572732815, 0.3610090779512976, 0.4519251462794902, 0.7245382709408351, -0.12218092652361408]], "inverted": true, "swapped": true, "error_lsq": 0.059228639257618204, "error_max": 0.3467723363341213, "target": "444.xyz", "model": "16.xyz", "model_rescale": 3.7852294659196426, "target_rescale": 4.104006600045852},
{"mapping": [1, 6, 7, 5, 10, 4, 2, 11, 8, 3, 0, 9, 12], "R": [[0.3306448715639716, 0.391777094941052, 0.8585945939662063], [-0.8264748083576856, 0.5594371004589269, 0.06300414097688839], [-0.4556460907969823, -0.7304387986064669, 0.5087689076896993]], "T": [0.0026087711897818423, 0.04384331086833217, -0.06661376595439128], "aligned_model": [[0.11273889307346108, -0.5434224950867885, -0.6025002286137222, 0.014862217084145566, -0.027968318326520632, 0.5177213145327478, -0.31410679267755226, -0.6346846648013299, -0.028976296704362994, 0.4824811118406418, 0.6251918045638875, 0.0781956066031397, -0.022307769827222018], [-0.03792260039907929, -0.6268129408395698, -0.18077673086218385, -0.5353534028142273, -0.4782005002217836, -0.43893557055959376, 0.4027139720836826, 0.25455121376124074, 0.6096855614601084, 0.5461993645751908, 0.14959041224481376, 0.2571660644035171, 0.03162783423573402], [-0.7414766010961447, 0.13203991308402224, -0.34013879293767413, -0.37740313270206505, 0.5464036695059385, -0.12466808902800838, -0.44738944946546155, 0.22900648121144296, 0.25437041151207684, -0.45372654428248116, 0.1921430172299165, 0.7676774413876268, 0.021009265303422536]], "inverted": true, "swapped": false, "error_lsq": 0.04281000110458602, "error_max": 0.24194969588605286, "target": "444.xyz", "model": "17.xyz", "model_rescale": 3.901054581598922, "target_rescale": 4.104006600045852},
{"mapping": [4, 2, 5, 8, 0, 1, 9, 12, 11, 10, 6, 7, 14], "R": [[-0.31833821005442564, 0.9474472287837521, 0.031694363683991145], [-0.5698900911769693, -0.16454888900664055, -0.8050769820985979], [-0.7575526833149298, -0.2743490692469522, 0.5923229863897577]], "T": [-0.08932941444440734, -0.034695701043377734, -0.025708382191538804], "aligned_model": [[0.4832333508320181, -0.6495473742233788, -0.5329301062488829, -0.045157879106958315, -0.03726703462017761, 0.47875439059874303, -0.47465874830184224, -0.36566177261336713, 0.06705978236339574, 0.12939891012896745, 0.5387388842844533, 0.17844076073370047, -0.11317878216614628], [-0.17814986695671664, -0.6428847665243964, -0.10222466565860866, -0.5409412829621731, -0.5939378292645494, -0.3754283299422413, 0.4365704136694284, 0.3988765208091, 0.734244327495587, 0.45260716214209096, 0.3079355037475747, 0.045433702772943986, 0.011431787739811412], [-0.5521746698215534, -0.025695791712234673, -0.4601555161033716, -0.4525368470266591, 0.4842350157745271, 0.19078091428106145, -0.2779368003501114, 0.51060371010538, 0.11922139583555365, -0.6479202333237956, 0.20201911923390614, 0.5755864171593043, -0.008179124329395132]], "inverted": true, "swapped": false, "error_lsq": 0.05238687294958558, "error_max": 0.289366222809972, "target": "444.xyz", "model": "18.xyz", "model_rescale": 3.9405287249114394, "target_rescale": 4.104006600045852},
{"mapping": [13, 3, 12, 14, 10, 11, 4, 1, 8, 7, 5, 2, 15], "R": [[-0.5006999328849957, -0.8540940863231372, 0.14079371050159414], [0.5882901138175838, -0.21643735208034387, 0.7791467221319386], [-0.6349915898604136, 0.47294625945480867, 0.6108252749143978]], "T": [-0.06786831410264434, 0.07927790483283167, -0.09858976837747238], "aligned_model": [[0.22147661814998604, -0.6239582936821898, -0.5123327537320869, -0.07027849726809639, 0.092053243639126, 0.5249064798892431, -0.40661438392494065, -0.5619069559639723, 0.15893842930278973, 0.2562183778101374, 0.5290508552716094, 0.10695835728631824, -0.057287095117398795], [-0.21265803122666974, -0.49646728571513277, -0.1061011962265492, -0.669158584909514, -0.5547846904303794, -0.32956752434228054, 0.5384572940380192, 0.1395607815180643, 0.7637208439499361, 0.5380442290455615, 0.3310474406915075, -0.05181462147642937, 0.06325402215171713], [-0.6299867619601898, 0.19246006420463754, -0.35978895100386277, -0.2975268788306271, 0.3376369589147161, -0.07257706858852239, -0.5558319551069751, 0.3347821493857882, 0.13025236011839408, -0.5230032752722379, 0.42252658024913303, 0.7425854021607208, -0.06368103454836312]], "inverted": true, "swapped": false, "error_lsq": 0.04317930724633082, "error_max": 0.20764703582800365, "target": "444.xyz", "model": "19.xyz", "model_rescale": 4.410303926677745, "target_rescale": 4.104006600045852},
{"mapping": [8, 0, 3, 1, 2, 7, 10, 6, 11, 9, 12, 4, 13], "R": [[-0.9291251027774009, 0.03802534229488061, -0.36780513418417826], [0.29808601763467957, -0.5115500532828131, -0.8058915988376156], [-0.21879503988797758, -0.8584116823119943, 0.4639591729783022]], "T": [-0.08894810758967286, -0.045175025614756434, -0.04739655466448483], "aligned_model": [[0.35280481133589275, -0.551451275555186, -0.8009882413837984, 0.06023337023182784, 0.0359952703390401, 0.5208381889773734, -0.28504879922827964, -0.4802156261312487, -0.020443508156461995, 0.29764498568963926, 0.5994411816709518, -0.011548191615119732, -0.0600377845141057], [-0.00547240126791286, -0.5586385124906434, -0.10909192155117857, -0.7297344159880331, -0.4770860660695491, -0.41140401408073646, 0.5434929655471991, 0.2009366154959613, 0.7205167245483611, 0.4587917025869053, 0.20535890753784408, 0.13740373296711567, -0.02154064016748251], [-0.6753580516115483, 0.14129748284031607, -0.16936447660588375, -0.31617754152768446, 0.43886544590631144, -0.07723219590016278, -0.5860509224435269, 0.3030954027648482, 0.2626947030038302, -0.3127643068180943, 0.13706989772973677, 0.6277090999820132, -0.11593694759754442]], "inverted": true, "swapped": false, "error_lsq": 0.0412849594882202, "error_max": 0.2307198393005433, "target": "444.xyz", "model": "20.xyz", "model_rescale": 4.121658175737393, "target_rescale": 4.104006600045852},
{"mapping": [8, 2, 1, 6, 4, 10, 5, 3, 7, 8, 9, 11, 12], "R": [[0.3273664641935915, -0.24283994450401544, 0.913159328635848], [0.021727552208525937, 0.9680901280947185, 0.24965860161544007], [-0.944647612391209, -0.061889136678725205, 0.3221965598276157]], "T": [-0.06208950376439379, -0.006242103851888338, -0.03879300594273828], "aligned_model": [[0.26055977278933595, -0.48252302802917446, -0.6347657358702365, 0.09560960679515954, -0.13371655401334384, 0.466096904742785, -0.24666567770916145, -0.5962904204300824, -0.08225141290094204, 0.26055977278933595, 0.6267706901283134, 0.24742482659109669, -0.12358436322256108], [0.1550598982962897, -0.6234393132008565, -0.18732093180128415, -0.48200735746312356, -0.3110628925015703, -0.5441198343492777, 0.5284656045979285, 0.19592936547824752, 0.5830377709060238, 0.1550598982962897, 0.20175916472441296, 0.20446544126579655, 0.0777058628189736], [-0.6076358762582893, 0.09727642727155848, -0.3875440019885855, -0.4528013102762047, 0.44192047879275126, 0.16215401834540194, -0.41816463445889485, 0.3566773223632062, 0.3064037297348353, -0.6076358762582893, 0.030992241218770658, 0.757681860500673, -0.02147678926432147]], "inverted": true, "swapped": false, "error_lsq": 0.05968624785036332, "error_max": 0.3922030148366949, "target": "444.xyz", "model": "21.xyz", "model_rescale": 4.08911054899281, "target_rescale": 4.104006600045852},
{"mapping": [11, 6, 0, 8, 10, 5, 2, 13, 14, 15, 9, 12, 16], "R": [[-0.08215200618688095, 0.8497691414926577, 0.5207143689646968], [0.45471756254406837, -0.43296782230761627, 0.7783127926227231], [0.8868387599746935, 0.30071792599216995, -0.3508357775277711]], "T": [-0.10739400445090695, 0.04133097307267647, -0.06314617470318934], "aligned_model": [[0.3895879993031724, -0.3886991308529772, -0.8353117603860126, -0.006205692768690499, 0.13452230977551521, 0.4386163647467124, -0.3529752459457284, -0.5042246492964426, 0.16063723955145032, 0.2549305257331395, 0.5112932673534701, 0.008172455912012294, -0.15311930146509603], [-0.12134321511550367, -0.6476681750715116, -0.19967611624061138, -0.5041919483531796, -0.453024417968234, -0.39808484480741985, 0.5425466946350275, 0.29979111264367925, 0.579698521075459, 0.49691539711093635, 0.062276744109764914, 0.25101284885878117, 0.04528007619066223], [-0.6221086302405396, -0.021773136769445423, -0.17328573015177107, -0.47899192235245314, 0.5269594543792895, 0.01757228460825562, -0.521105216166339, 0.3977808928385773, 0.16077841403838686, -0.5020889788301169, 0.28946543308282385, 0.63517138217197, -0.05052665688602638]], "inverted": false, "swapped": false, "error_lsq": 0.04241618384089034, "error_max": 0.23510733124474684, "target": "444.xyz", "model": "22.xyz", "model_rescale": 4.204369325754507, "target_rescale": 4.104006600045852},
{"mapping": [13, 3, 12, 14, 10, 11, 4, 1, 8, 7, 5, 2, 15], "R": [[-0.5006999328849957, -0.8540940863231372, 0.14079371050159414], [0.5882901138175838, -0.21643735208034387, 0.7791467221319386], [-0.6349915898604136, 0.47294625945480867, 0.6108252749143978]], "T": [-0.06786831410264434, 0.07927790483283167, -0.09858976837747238], "aligned_model": [[0.22147661814998604, -0.6239582936821898, -0.5123327537320869, -0.07027849726809639, 0.092053243639126, 0.5249064798892431, -0.40661438392494065, -0.5619069559639723, 0.15893842930278973, 0.2562183778101374, 0.5290508552716094, 0.10695835728631824, -0.057287095117398795], [-0.21265803122666974, -0.49646728571513277, -0.1061011962265492, -0.669158584909514, -0.5547846904303794, -0.32956752434228054, 0.5384572940380192, 0.1395607815180643, 0.7637208439499361, 0.5380442290455615, 0.3310474406915075, -0.05181462147642937, 0.06325402215171713], [-0.6299867619601898, 0.19246006420463754, -0.35978895100386277, -0.2975268788306271, 0.3376369589147161, -0.07257706858852239, -0.5558319551069751, 0.3347821493857882, 0.13025236011839408, -0.5230032752722379, 0.42252658024913303, 0.7425854021607208, -0.06368103454836312]], "inverted": true, "swapped": false, "error_lsq": 0.04317930724633082, "error_max": 0.20764703582800365, "target": "444.xyz", "model": "23.xyz", "model_rescale": 4.410303926677745, "target_rescale": 4.104006600045852},
{"mapping": [13, 3, 1, 0, 4, 5, 11, 10, 9, 14, 15, 8, 16], "R": [[0.6925611658859174, -0.41683541753936737, -0.5887336122487998], [-0.6920353437366553, -0.1535925702912471, -0.7053342508134834], [0.20358318822051163, 0.8959115788045771, -0.3948370910107891]], "T": [0.0352345749074683, -0.011352870763754516, -0.15131615819949526], "aligned_model": [[0.37159635569514027, -0.5408622365574622, -0.7829366814711114, -0.10532263290097792, 0.0014617746448712249, 0.48490186258310053, -0.30890083048923755, -0.4194481716953565, 0.03975365872188853, 0.3554487312349289, 0.592302688261287, 0.02173362639629091, -0.05250376276283712], [0.07614198471880212, -0.6038587960418081, -0.1701940601256119, -0.7188619335435833, -0.34756896673123033, -0.3902647568495204, 0.47786545304651495, 0.18783001935789154, 0.5243927887063098, 0.5496974079745178, 0.30203163935986144, 0.15526276242091025, -0.08894086522520323], [-0.7623742786091415, 0.20407120365289114, -0.35552345818738607, -0.37505799269557033, 0.44843588036808, 0.07190379253363319, -0.35857865121614807, 0.269841439975006, 0.1733007696845084, -0.3533940363302676, 0.16614164487635844, 0.6535214791052134, -0.12444020343456577]], "inverted": true, "swapped": false, "error_lsq": 0.04196000526856866, "error_max": 0.2137421871455524, "target": "444.xyz", "model": "24.xyz", "model_rescale": 4.28219845311461, "target_rescale": 4.104006600045852},
{"mapping": [6, 4, 2, 0, 3, 1, 14, 13, 11, 10, 5, 9, 15], "R": [[0.8657411620220414, 0.5004890528169019, -0.0017170879901352576], [0.08186345030018086, -0.14498953963768524, -0.9860407744614834], [-0.4937515730462793, 0.8535155191360568, -0.1664951732280315]], "T": [-0.08778571379376135, 0.03497458745349123, 0.07124864150155985], "aligned_model": [[0.11823139394145385, -0.3802283890373154, -0.5648480783551245, -0.12054363015305972, 0.14990240610330335, 0.3795158119985388, -0.3016244759801656, -0.6541695949479986, 0.09941119460240769, 0.30244238463614115, 0.717213555946167, 0.007663886966022923, -0.09574208405984573], [-0.050382763539378136, -0.630120022941902, -0.068626721008066, -0.5871183118487678, -0.4946772164547376, -0.40216230583469054, 0.5608409256548672, 0.17075116959238107, 0.5445056880054654, 0.5208770519911389, 0.1616835542368502, 0.2511731634648556, -0.023211534250165686], [-0.8019456146138353, 0.15355911437776948, -0.40881207714983503, -0.4555165012227027, 0.584102099261554, 0.09169416338817891, -0.43657239294649397, 0.1882549483757987, 0.1138214768053627, -0.420000424634856, 0.3186384035553226, 0.7045110147121634, 0.02611337981418485]], "inverted": true, "swapped": false, "error_lsq": 0.048652121032780195, "error_max": 0.3019238950214552, "target": "444.xyz", "model": "25.xyz", "model_rescale": 4.100010024507729, "target_rescale": 4.104006600045852},
{"mapping": [11, 4, 1, 3, 8, 6, 7, 0, 5, 9, 10, 12], "R": [[0.20701283375493756, 0.56865418930523, 0.7961018148744308], [0.12458420988326777, -0.8224264064797284, 0.5550617808610161], [0.9703733618090062, -0.01572319657233462, -0.241098153831661]], "T": [-0.0014675226909710327, 0.044261221124209035, -0.012149300787952677], "aligned_model": [[-0.6832085090897038, -0.06082176360074584, 0.4056553499957718, 0.6617460302797232, -0.4708072325266506, 0.17061580806274632, -0.3681448430097264, 0.5517765187081705, 0.08504290562249711, 0.02902349273197138, -0.5144505608443948, 0.07033840603334773], [-0.25164609702265406, -0.600549469027306, -0.47035157333655864, -0.24142200293117994, 0.5051149785026301, 0.8068229428491895, 0.11988912071175407, 0.3618208731580377, -0.3367138019834558, 0.7090886243539959, -0.06876708308303796, 0.13284487785922483], [0.0643972856334433, 0.1594711286819498, 0.5731946716798493, -0.12789204892454417, -0.035712686671814806, 0.23377098507689847, 0.5147679093859785, -0.4631420066762439, -0.5068631066739437, -0.3545733825715492, -0.5356597730922743, 0.04343331400660695]], "inverted": true, "swapped": true, "error_lsq": 0.052362057344376295, "error_max": 0.2691253411681908, "target": "444.xyz", "model": "26.xyz", "model_rescale": 3.6694154284099745, "target_rescale": 4.104006600045852},
{"mapping": [4, 1, 5, 0, 6, 2, 8, 7, 9, 10, 11, 12, 13], "R": [[0.2982213113853106, 0.43897739467392966, -0.8475629158952831], [-0.4039585332251205, -0.7464793003451579, -0.5287590732940789], [-0.864801452860849, 0.5000674965657065, -0.04528737139945671]], "T": [-0.07996286445168513, 0.0594766924913539, -0.02382127870099321], "aligned_model": [[0.2182690665408262, -0.5718246092000403, -0.7017106284870983, -0.07288799421742384, -0.046872938135640974, 0.47180896588744947, -0.25399398152083386, -0.6603622659081042, -0.02750905525240563, 0.33487052082434854, 0.6977439006451274, 0.3039301503044606, -0.03423674982014027], [-0.0370859482798193, -0.6465808854377956, -0.2639306259789769, -0.5177144240448199, -0.4120982532797193, -0.33699111561285267, 0.482921666293402, 0.24324498147439186, 0.6815391031087201, 0.3913013926854301, 0.26480927529756304, 0.07902775049656302, 0.025089760345763837], [-0.7836001556334213, 0.1741720908790915, -0.3909941589603397, -0.34589845009945624, 0.47388602393962476, -0.0016679361872749543, -0.46965164653555014, 0.1358479903263333, 0.25031461947316, -0.30612669964464767, 0.27481928653751303, 0.6704241553565626, -0.02367752972898381]], "inverted": true, "swapped": false, "error_lsq": 0.04481794126693583, "error_max": 0.32538781862771166, "target": "444.xyz", "model": "27.xyz", "model_rescale": 4.103607728864725, "target_rescale": 4.104006600045852},
{"mapping": [5, 4, 8, 1, 2, 0, 11, 13, 10, 6, 3, 12, 14], "R": [[0.8868332644589205, 0.10579654920397592, 0.44981535236768566], [0.333575953432938, 0.5270569150064701, -0.7816252885079712], [-0.3197715502361661, 0.8432188912259934, 0.43212041972020465]], "T": [0.01851548448646569, 0.16962556836410414, -0.0717831770195875], "aligned_model": [[0.31215278353801074, -0.5512319097087286, -0.6622604190346264, 0.11016410382054471, 0.03132576217868617, 0.5408346496706503, -0.47015089972586654, -0.5503140829651669, 0.25057636858639715, 0.09778827886016271, 0.5362522858460421, -0.047992043324753084, 0.06007950391917195], [-0.01788421742357657, -0.4695861820456547, -0.189726072034602, -0.6908789732167648, -0.3901394312509957, -0.31594946204634256, 0.5704538206242185, 0.21564792061358934, 0.6051134261037205, 0.5241752748029584, -0.032365214486736904, 0.12481255642212538, 0.019859231005911027], [-0.7150231223132862, 0.22554750098117923, -0.35407831430399017, -0.304147753854622, 0.4055214932104835, -0.10481831747391443, -0.34123282090548146, 0.23511647961090473, 0.05578385687973164, -0.5907028168369463, 0.4328743115090856, 0.7831215895069912, -0.07011449628752423]], "inverted": true, "swapped": false, "error_lsq": 0.04774402847545846, "error_max": 0.2566807768525603, "target": "444.xyz", "model": "28.xyz", "model_rescale": 4.137296879288765, "target_rescale": 4.104006600045852},
