[{"mapping": [8, 10, 9, 14, 2, 5, 1, 11, 13, 3, 12, 16], "R": [[0.7829761507085016, 0.41311547972471263, -0.4650633804477821], [-0.6014915651048935, 0.6934274437151603, -0.39669418625727826], [0.1586072020097566, 0.5903337875426741, 0.7914226271444087]], "T": [-0.05918607471817635, -0.16442662209401376, -0.08568184912536121], "aligned_model": [[-0.35946989316152755, 0.17798430539905696, 0.2704480873794313, -0.14595768405499973, 0.07186665498228625, -0.4811638556342973, 0.34211800270667897, -0.09003215892568542, 0.5735122575824508, 0.09864681170581388, -0.586904590692973, -0.03340547482568665], [-0.24285583059086746, -0.685067383422544, -0.31562581769355663, 0.6857567114416525, 0.2950512338620456, -0.4887965445729893, -0.19647554846629992, -0.5932362280046369, 0.15780945724913426, 0.35782685955423904, 0.17183342203808488, -0.09266529541720445], [-0.7041753762964262, -0.04328792465332909, -0.47411949049323904, 0.035181948596227156, -0.706873344508499, 0.12712797340141735, 0.5511733179431578, 0.6097662517380129, 0.06675039744961005, 0.4277617991075427, 0.32707312110214926, -0.0344269280330614]], "inverted": false, "swapped": true, "error_lsq": 0.04430721482303299, "error_max": 0.2662552658411317, "target": "445.xyz", "model": "0.xyz", "model_rescale": 3.751011558992144, "target_rescale": 4.21034387546566},
{"mapping": [11, 12, 1, 10, 14, 13, 7, 5, 3, 9, 2, 8, 4, 0, 16], "R": [[0.2555694708051079, 0.9290154894565367, -0.26760879272219246], [-0.9416548985176142, 0.3019064927911709, 0.1487901935892173], [0.21902122657445605, 0.21396889951665155, 0.951970069040752]], "T": [0.08774840464862278, 0.03117628528523439, 0.040704744289483154], "aligned_model": [[0.1031394902150158, 0.10525170883863647, -0.4175982606695958, 0.21439433183134382, -0.40362747982422276, -0.6101762765254634, 0.53495281075396, 0.49992285844151957, -0.5293072893318166, 0.09097156992366082, -0.04492960797949551, 0.5805275695826655, 0.7352233902967052, -0.3269976127392285, 0.0073390082753493485], [0.21551198514670625, -0.6301323214078947, 0.2343617857517359, 0.5598107813683693, -0.6550502606972766, 0.20922467612755627, -0.46747456810836796, -0.055235027696302924, -0.3108150246653707, 0.42123425644015833, -0.1177105095991002, -0.02664689786806833, 0.4358557671507858, 0.7460184875060011, -0.010195779621825739], [-0.7557001051861486, -0.3118415305254688, -0.4798689779758994, -0.14265341634920767, 0.2212371185491901, 0.13332639536978752, -0.06577690961050947, -0.34815823850667277, -0.21142322616590228, 0.40160371789192373, 0.7985984434890354, 0.5230748611228071, 0.07230552894142031, -0.009511600683024334, 0.024454344490645284]], "inverted": true, "swapped": true, "error_lsq": 0.046904130311073114, "error_max": 0.3493587961503526, "target": "445.xyz", "model": "1.xyz", "model_rescale": 3.9405287249114394, "target_rescale": 4.21034387546566},
{"mapping": [11, 0, 13, 8, 9, 3, 5, 4, 2, 14, 6, 12, 16], "R": [[0.2582211757030666, -0.9105256571845781, -0.3229006844636884], [0.731546229668175, -0.034020004763755975, 0.680942547601596], [-0.6310007434835587, -0.4120505635046098, 0.6573069259019942]], "T": [0.02084105841562909, 0.02284570335266061, 0.01909115065414976], "aligned_model": [[-0.21906002320968496, 0.11550766389401715, -0.3210915126662971, 0.544817229860768, 0.4047237393767084, -0.7130419662111525, 0.08446150809279099, 0.7130266938799076, 0.1823095787870627, -0.6279343686683173, -0.10365200511632941, -0.4984987689929282, -0.06558448974261388], [0.7715234668016391, 0.47927880968988784, 0.03632579490512144, -0.3849469908732466, -0.033029964013065384, 0.0038171509900983627, 0.29381279380645436, 0.2568500935411123, -0.6769372054575467, -0.5452352000215802, -0.6620257350696481, -0.08957207417292423, 0.00897165344571438], [0.24360461924495366, -0.6651912234896429, -0.6214393047399495, 0.21405228988588898, -0.34411082601688886, -0.13036760419479196, 0.5201883358724172, 0.2429414155702707, -0.29460518257026563, -0.01729020228873099, 0.4263294397956338, 0.5478374998551001, -0.008828907335350387]], "inverted": false, "swapped": true, "error_lsq": 0.04292546325113495, "error_max": 0.22660351200435203, "target": "445.xyz", "model": "2.xyz", "model_rescale": 3.932901565614263, "target_rescale": 4.21034387546566},
{"mapping": [14, 12, 6, 3, 2, 9, 8, 13, 1, 0, 5, 11, 4, 16], "R": [[0.33642142854941726, 0.6482392274248009, -0.6830860315073546], [-0.10458506998119876, -0.6951603910271299, -0.7112060136725754], [-0.9358859896108058, 0.3107055435210403, -0.16607070685553754]], "T": [0.08742035908706179, -0.1542614572955625, 0.06489792520735646], "aligned_model": [[-0.26678550551186364, 0.4043304441473051, 0.26517450890678784, -0.2634636271450567, -0.326857101423619, -0.15468105890870681, 0.318285521528242, -0.6006876790019439, -0.17003747209608933, -0.41104635834582137, 0.6359508853429106, 0.4085089790048615, 0.5474044919942715, 0.03371388356142569], [0.07852788633407431, 0.2801461196416968, -0.3712619497059903, 0.431558441727975, -0.7011630983887955, -0.5468340359774077, -0.7887144189267138, 0.06500910181415506, 0.4871007532224204, -0.0669163314518329, -0.004223727521881937, 0.47418248189171675, -0.5812061385447445, -0.09270844576418313], [-0.686964028468061, -0.4573877915382615, -0.6912136291896094, -0.2432899609193935, -0.31384522350243615, 0.3288626059407934, -0.08684683340174867, 0.14109904165155795, 0.3649422221757478, 0.7202124107182036, 0.13681493411089052, 0.4777387340970448, 0.5009263489370602, 0.022847532445309786]], "inverted": true, "swapped": true, "error_lsq": 0.04420090094635498, "error_max": 0.24632656459485333, "target": "445.xyz", "model": "3.xyz", "model_rescale": 3.9243930471874484, "target_rescale": 4.21034387546566},
{"mapping": [1, 3, 11, 10, 5, 13, 9, 15, 7, 14, 8, 2, 16], "R": [[0.08115215268930526, -0.6301191060102522, 0.7722462303920509], [-0.9767311378687191, 0.10404670346592698, 0.18753817695485592], [-0.19852106294186792, -0.7694960660969712, -0.6070133374397277]], "T": [0.060249531732526465, -0.10337618797879256, 0.048211464790933925], "aligned_model": [[0.02307261433298792, -0.3117484635699163, 0.5923546757752303, 0.3514883349593724, 0.6054084114101604, -0.5082975634844432, -0.10114534600755971, 0.16295831305253505, 0.3953284469252685, -0.5344774703897657, 0.1334057667592728, -0.5331369180550182, 0.001995084603227358], [-0.4118032313202348, 0.10278904371520867, -0.29118307969124235, -0.5976208218946198, 0.05985199369150998, -0.4182623455208052, -0.4798724211095773, 0.21296731241518468, 0.4742835222401638, 0.4710290393696196, 0.05967770823269411, 0.02539173296437444, -0.07941889941068829], [-0.6381901929937962, -0.5685524185330546, -0.543455592881906, 0.052216178794386225, -0.020545144906048154, -0.2757943509456117, 0.38674648318751453, -0.8142861496928471, 0.1665929533374108, -0.1993920451798567, 0.7167302361981642, 0.5436758285516049, -0.01867546956499644]], "inverted": false, "swapped": true, "error_lsq": 0.04527265615792411, "error_max": 0.30764418394365894, "target": "445.xyz", "model": "4.xyz", "model_rescale": 3.8936222436046832, "target_rescale": 4.21034387546566},
{"mapping": [0, 13, 1, 10, 15, 14, 2, 7, 4, 9, 5, 16], "R": [[0.34307691287951103, -0.9392234399119892, 0.012552361090846842], [-0.46288311097656165, -0.15742230979232494, 0.8723287464897106], [-0.817335584335911, -0.3050861293135757, -0.488758627830482]], "T": [-0.0333004219203555, 0.006533439798977896, 0.062102412971193906], "aligned_model": [[0.06636590250585502, -0.4652052008389849, -0.3680343424588688, 0.36533798875752027, -0.6628711076769908, -0.8150563338591359, -0.1416164144475624, 0.005515900965966353, 0.7253886915294363, 0.24622476781622948, 0.19505014828064876, -0.12355195835901658], [-0.5354776271274077, -0.4976861933606104, 0.011586299276862149, -0.0768055919000288, 0.5446165592867759, -0.008138960460754647, -0.5094077346750293, 0.5616528269625151, 0.09731304253470024, -0.4449243107939289, 0.5269675465227278, -0.0007729511560141105], [-0.5558182465167437, -0.2321758291840691, -0.61286741680886, -0.34194691535584887, -0.3485455471481385, 0.42760410274538574, 0.6419695893637594, 0.4498117836604213, 0.07384304896278379, 0.08343892007755349, -0.012553279426092405, 0.046524508905367024]], "inverted": false, "swapped": true, "error_lsq": 0.043228280927027955, "error_max": 0.20880352993541093, "target": "445.xyz", "model": "5.xyz", "model_rescale": 3.6523030999806103, "target_rescale": 4.21034387546566},
{"mapping": [4, 5, 11, 10, 1, 8, 12, 9, 6, 14, 3, 13, 16], "R": [[0.980336182489002, 0.18999025042352574, -0.05333548581288135], [-0.09297243271706351, 0.683088393156801, 0.7243937975225428], [0.17406061029871517, -0.7051907202157907, 0.6873201234242842]], "T": [0.08182011373981911, -0.13722530676566236, 0.03008013964366], "aligned_model": [[0.14318504582749708, -0.09602144017386884, 0.3990231286938, 0.5253181706604276, 0.5888719265248712, -0.2848640021678963, -0.4315712504615835, 0.3473598371048474, -0.690237979129243, -0.3378273624265293, 0.10692034163533662, 0.526442701414803, 0.084483787161833], [-0.5954825155989395, 0.04268163880780901, 0.4317219835631779, -0.2528030274794782, 0.41638017228254176, -0.7128108035740945, 0.40849632148459103, -0.5894770687041622, -0.1998437309162959, 0.19602592033594018, 0.46299191135819706, 0.006778039988949464, -0.07383193738505255], [0.6385393620536605, 0.5444486723084976, 0.5242040594838244, 0.37513825123660427, -0.033763675879087234, 0.14453471806512216, 0.053350860586301875, -0.05571425377413499, -0.194409656047314, -0.6465206923029871, -0.41757326274328965, -0.5257549536843914, -0.036369689821017175]], "inverted": false, "swapped": true, "error_lsq": 0.04373082227686366, "error_max": 0.2905176125692574, "target": "445.xyz", "model": "6.xyz", "model_rescale": 4.08911054899281, "target_rescale": 4.21034387546566},
{"mapping": [6, 2, 14, 7, 5, 11, 12, 3, 4, 8, 10, 9, 0, 13, 16], "R": [[-0.05560972892747523, 0.9083378071344148, -0.414523806528474], [0.6752667797360765, 0.3400324642814359, 0.6545171498284543], [0.7354742240442436, -0.2435166346780789, -0.6322794591014177]], "T": [-0.01879541753339349, -0.019073701761699723, 0.008352153645825866], "aligned_model": [[0.06254255361706697, 0.3064472280196068, 0.6635297770810865, -0.3299435954218768, -0.4661946830488923, -0.25129295920602024, 0.06504181563053969, 0.5986327649670533, -0.7282910777932754, -0.36450034533448467, -0.31691448608614986, -0.04849304316930732, 0.17126085056257034, 0.6101647166741095, 0.06434402330752788], [-0.6669406991623328, -0.6818530883738093, -0.31651238837076967, -0.28667308471101605, 0.14222152223040696, 0.7283965462464783, -0.015316737650721966, 0.23794219330977814, -0.07223300357867964, -0.6056637564753536, 0.3263433453474465, -0.15458979488971, 0.4647889269123678, 0.19904872099957457, 0.0018001143354538576], [-0.4649795717913271, 0.27124813727436986, -0.42858219715642987, -0.531610973511293, -0.3116273186540668, -0.22767822890144743, -0.7365515437446225, -0.3293008756255936, 0.28723913142768465, 0.13186719775763553, 0.3560961987788517, 0.5213405729479484, 0.6527828216368624, 0.29854281267668303, -0.024716131033174472]], "inverted": false, "swapped": true, "error_lsq": 0.04269796889676699, "error_max": 0.2623130031958582, "target": "445.xyz", "model": "7.xyz", "model_rescale": 3.964800864290218, "target_rescale": 4.21034387546566},
{"mapping": [4, 5, 10, 8, 0, 6, 9, 11, 12, 3, 14, 13, 1, 16], "R": [[0.46326658607004667, 0.2892401055761569, 0.83768981822468], [0.7963905201554425, 0.27879419101484815, -0.5366897972413113], [-0.38877526880904806, 0.9157586802114791, -0.10119204504200162]], "T": [-0.0663755523591758, -0.0321576533598688, 0.014935436349091266], "aligned_model": [[-0.11147339831902915, 0.2207113242762534, 0.2077208088310324, -0.6230990190936061, 0.20976859005909476, -0.5741817489542085, -0.32617601169900295, 0.7376515398622832, 0.12118814979774287, 0.1997098810881417, -0.313674387823775, -0.0017213239712824957, 0.5617028941154933, -0.04693940870826452], [-0.11415019992474573, -0.45408053659190606, 0.23446993041718506, -0.2404383267612314, 0.7383364032457236, -0.5850396854376371, 0.3566282091034679, -0.12451574934022747, -0.633441807046542, 0.017087641583601522, -0.1959848674746579, 0.5492917466147326, 0.28154843810478986, -0.018762730311350274], [-0.7435046445216137, -0.2460843342213921, -0.4127265244860314, -0.33937219578933686, -0.11003910370148409, 0.30962978560326665, -0.23755803540539755, -0.1012008504325275, 0.42138535821938405, 0.7135467317590981, 0.8254618087156202, 0.445185696480417, 0.28836285507887954, 0.1037284914261392]], "inverted": false, "swapped": true, "error_lsq": 0.0419434546206936, "error_max": 0.24083310769972294, "target": "445.xyz", "model": "8.xyz", "model_rescale": 4.121658175737393, "target_rescale": 4.21034387546566},
{"mapping": [12, 3, 1, 11, 14, 7, 13, 9, 0, 2, 5, 10, 16], "R": [[0.9884078644144156, -0.002990920983983472, -0.15179245025824495], [0.12689910095330337, -0.5325884927054919, 0.8368070958201391], [-0.08334573618954677, -0.8463690399756832, -0.526035109502838]], "T": [-0.07057991929027518, 0.018610178169359094, 0.12769569692119348], "aligned_model": [[-0.6815516596094432, -0.19970707254182396, 0.3072207723339259, 0.15766380684228132, -0.5955555365381741, -0.6686999200757942, 0.29542275164950216, 0.2749411826028795, 0.7355871654470807, -0.2281840276580563, -0.2450100506092472, 0.41015419763945593, -0.08554411304738943], [0.17807194027339382, -0.27901811621895994, 0.07329095349868484, 0.6236954656309724, -0.5537741428513976, 0.3234923814624206, -0.49843450802279715, -0.17481642527393493, -0.11899193627701479, -0.634085282892776, 0.564287994247137, 0.31814272282168793, -0.031473606985706205], [-0.2762966220502427, -0.5476026635936349, -0.5218681954550382, -0.3725580550939788, -0.24876925596711957, 0.22403937249448663, -0.22738978246051123, 0.48210364834174446, -0.0015157727836151436, 0.5318283139502351, 0.1082286712515581, 0.21873854347015192, 0.052137231855053714]], "inverted": false, "swapped": true, "error_lsq": 0.04279025436098935, "error_max": 0.28407611075697414, "target": "445.xyz", "model": "9.xyz", "model_rescale": 3.833441315466971, "target_rescale": 4.21034387546566},
{"mapping": [14, 3, 7, 11, 15, 12, 1, 10, 8, 5, 2, 9, 13, 6, 16], "R": [[0.39641306692816874, -0.029516554045132093, -0.9175976533350029], [0.6907712356441036, -0.6487595103852554, 0.31929014656171595], [-0.6047245491753429, -0.760420851056824, -0.23678756070092438]], "T": [0.05153348522344115, 0.14509920192249848, 0.12491362859117454], "aligned_model": [[-0.004295442269945791, -0.1286915110903441, -0.4344291924612129, -0.4893271795798677, -0.6260472091804661, -0.5766708802684304, -0.0944621154109723, 0.1398864336853254, 0.24665065850828638, -0.43333354074730623, 0.6177092912301869, 0.5390361788957182, 0.4402922154837998, -0.11534511829930119, 0.04287242979906222], [-0.7115966944923927, -0.36400374962718074, 0.009253884451637495, 0.5522350126237885, -0.14281288917396678, -0.2626585421678828, 0.2135944909382247, 0.6902003262018885, 0.19838227587740812, 0.4099946323690835, -0.2815383359335729, 0.34413584174555456, -0.09904676862237383, -0.4310918118596919, 0.07605386696445487], [0.03600726026342678, -0.394333359333132, 0.578090329963029, -0.33354835777166497, -0.43411720183193186, 0.15680739194944948, -0.6110553109975495, -0.03056099056346924, 0.7866884832329285, 0.277568444481766, 0.45897793377354407, 0.1965321909434154, -0.4377925603168447, 0.6639367092658786, 0.06492094476324717]], "inverted": false, "swapped": true, "error_lsq": 0.054645368074576685, "error_max": 0.3662285505485057, "target": "445.xyz", "model": "10.xyz", "model_rescale": 4.2482417240324, "target_rescale": 4.21034387546566},
{"mapping": [15, 11, 0, 4, 14, 2, 13, 8, 5, 6, 12, 16], "R": [[0.34847238412424875, -0.8506628355684711, -0.39362385304421144], [-0.5920380214556594, 0.1258158849062041, -0.7960284820633855], [0.7266759791362521, 0.5104342301294827, -0.4597813807218514]], "T": [0.10015729025402334, 0.030103116397179032, 0.008891469688890041], "aligned_model": [[-0.7431176787927747, -0.15464749309030815, 0.2889142807445557, 0.7615807530052129, -0.5475219881641464, 0.2893840273364109, -0.15664836927268702, 0.5883208109420648, 0.10334288789461141, -0.08630249050217503, -0.4843508704079156, 0.017811732670157898], [-0.3408946405006441, -0.7459220803664518, -0.2800431874588261, -0.25139140093530987, 0.6005766908857808, 0.7770249994465475, 0.1495230081870809, 0.3847760071804521, -0.33692413485772965, 0.6201242865898922, 0.039065515081068015, 0.050216326798779846], [-0.0670850394956895, -0.027668568596797005, 0.7530120130571893, -0.25046887675510415, 0.01342175956064004, 0.15198072367882848, 0.6775981340808872, -0.3298699111232683, -0.4313924881879873, -0.5083108147819635, -0.4603570789069513, 0.044332437324572656]], "inverted": false, "swapped": true, "error_lsq": 0.0431649380681075, "error_max": 0.2586613390445881, "target": "445.xyz", "model": "11.xyz", "model_rescale": 3.6694154284099745, "target_rescale": 4.21034387546566},
{"mapping": [9, 2, 14, 6, 8, 0, 10, 1, 12, 15, 3, 5, 13, 16], "R": [[0.5510038391046846, 0.7578336435048088, -0.349403689253742], [0.8253088960031731, -0.5568478429474063, 0.09373209686571798], [-0.12353135419771936, -0.34001271825778434, -0.9322721469361993]], "T": [0.15314746227299686, -0.06900504725185752, -0.07130145429258564], "aligned_model": [[0.004784998088568693, 0.04184026581407227, -0.08220677237140678, 0.5567448309536674, 0.6113152599161096, -0.4780451202537475, 0.10029759857045359, -0.36463209376279776, 0.41332385570679586, -0.023030996629292866, -0.29634403035093165, 0.5888338562655961, -0.5672714211549434, 0.09265461946366603], [-0.3789056916740953, 0.22795951998852076, 0.7602085908968508, 0.5806049921847611, -0.10573752150954661, -0.6048506955780243, -0.6309746994311163, -0.1692490790381012, 0.4879078209235409, 0.3276042515861216, 0.4160103714589794, -0.1838125223719971, 0.01049326505415979, -0.006271314353799767], [-0.4767072369486631, -0.7879578195280084, -0.11559814662435344, -0.3272436251716557, -0.5885912667329964, -0.07047728777665307, 0.03122092536176374, 0.4667617998921949, 0.35774471617197845, 0.7449011269861244, 0.2808373545780476, 0.28305108839062065, -0.11663919864832448, -0.04220697029765977]], "inverted": true, "swapped": true, "error_lsq": 0.03763159293133434, "error_max": 0.19679399714772708, "target": "445.xyz", "model": "12.xyz", "model_rescale": 3.9764082729961374, "target_rescale": 4.21034387546566},
{"mapping": [1, 10, 0, 2, 3, 15, 12, 13, 9, 11, 4, 8, 5, 7, 6, 16], "R": [[-0.5556467403158066, 0.19618610146435694, 0.8079404146152336], [-0.5334529796119641, 0.6612400017934811, -0.5274368005470177], [-0.637718290877356, -0.7240667604719707, -0.2627597911783496]], "T": [-0.13478136615519237, 0.02964816881391009, 0.06830672473953063], "aligned_model": [[-0.007582878562440526, -0.3575433009301343, -0.6754383754930311, -0.5760115682848244, 0.17077052281065846, 0.5961097980168779, 0.5760313029040431, -0.4465511885630607, -0.6571055700591226, 0.28745244436662193, -0.3269952685054845, -0.33999497215796826, 0.2665506343512696, 0.3677054441568122, 0.17009915537851744, -0.10865586561934015], [-0.032718643253223254, -0.46590083884919786, -0.18324519632746397, 0.5664810618003919, 0.5045222246928356, 0.16725305779974692, 0.2628012365476739, 0.39495609320292185, -0.04322851963535031, -0.47505990032738155, -0.6084361772375985, -0.009075921508838975, -0.3573242769081701, 0.012837737066060988, 0.5141354272202946, 0.09746675306054182], [-0.6716848465421976, -0.11587290989274489, -0.5215252239119158, 0.4306600685196961, -0.424051857234891, -0.4806809250799892, 0.11636201936037209, -0.4764212427237617, 0.13365267411648526, -0.41694124714961794, 0.4423256183008915, 0.7280366514950782, 0.20155111066682668, 0.5235069135514326, 0.6363827744091992, 0.012097364967834583]], "inverted": false, "swapped": true, "error_lsq": 0.030861197722782795, "error_max": 0.21715267357649193, "target": "445.xyz", "model": "13.xyz", "model_rescale": 4.170626492500431, "target_rescale": 4.21034387546566},
{"mapping": [1, 15, 13, 14, 9, 8, 2, 11, 10, 12, 5, 6, 4, 16], "R": [[-0.7515977912692096, 0.3339181745497844, -0.5688579900683347], [-0.16462665120358883, 0.7401506625567738, 0.6519778082344989], [0.6387478578224258, 0.583674266540944, -0.5013237723319668]], "T": [0.009083952578157925, 0.10960015964055568, 0.05035099331656425], "aligned_model": [[0.34995735858477856, 0.07750421159208894, -0.10950271359672022, -0.7351207929455451, 0.06326123256064238, -0.20570895425744812, -0.6156065690036348, 0.6521698905707772, 0.542389826050638, -0.24115421586118158, 0.304777962241023, -0.664526185800703, 0.45703336058436367, -0.03229138862743538], [-0.4186118076801931, -0.8111294740229482, -0.06569114597692195, -0.3140284911052177, 0.5647246777315933, 0.6726253890490167, 0.5394036475462868, -0.3872102547465482, 0.28438580748694003, -0.45853082928650013, -0.026242899108672238, 0.10590353140763446, 0.6304995189533248, 0.039976797677871656], [-0.36492486526167234, 0.0961772831762622, -0.644335281992499, -0.05757089239583838, -0.21859170349686677, 0.3905308777005883, -0.14764977951575117, 0.14033492821219704, -0.068597142526415, 0.47050852723302966, 0.5222416912530046, 0.4937764668631534, 0.3850047472294855, 0.006968244642188176]], "inverted": true, "swapped": true, "error_lsq": 0.0419437984319479, "error_max": 0.26272703113503515, "target": "445.xyz", "model": "14.xyz", "model_rescale": 3.9786697098870705, "target_rescale": 4.21034387546566},
{"mapping": [5, 15, 8, 4, 6, 2, 1, 13, 9, 10, 14, 16], "R": [[0.17509807874710687, -0.7662456984745666, -0.6182298863596745], [-0.6054965615231417, 0.4113337495453609, -0.6813064365383663], [0.7763469435778856, 0.49363151849753106, -0.39193538643901166]], "T": [0.052185580543600826, -0.057103888619884316, -0.03438269461717665], "aligned_model": [[-0.06093116714036946, -0.8640407913841303, 0.6156433045857864, 0.5971314107320372, 0.035679685148503504, 0.4541806272990463, -0.4738931165880114, -0.144867272506018, 0.5019620068078012, 0.24285664126515094, -0.400411070975281, -0.019955660477179046], [-0.4442915286602938, -0.16997770068781565, 0.10965920193380387, -0.5404446861975667, 0.5164765915444957, 0.6109053560324617, -0.33139732324321614, 0.18746940017066888, -0.03955100116499845, -0.5495642998919756, 0.6762813328210399, -0.01089085243216454], [-0.44164114763335255, -0.08247819259119744, -0.3998429802338905, -0.26547502514932414, -0.6010602240540718, 0.045223985098459304, 0.43001036757060324, 0.6203943207380582, 0.24810047536323326, 0.1897626295073448, -0.0818322300664058, -0.0011954846756266901]], "inverted": false, "swapped": true, "error_lsq": 0.045142311152502855, "error_max": 0.26131534527788053, "target": "445.xyz", "model": "15.xyz", "model_rescale": 3.769337070930944, "target_rescale": 4.21034387546566},
{"mapping": [10, 1, 8, 5, 9, 13, 2, 3, 6, 12, 16], "R": [[-0.08579647308168675, 0.37448327568253226, -0.9232557833237893], [-0.5043049369582266, -0.8155162123459173, -0.28391871717188316], [-0.8592528706767888, 0.44124322503019725, 0.2588221794952052]], "T": [-0.07526035097668124, 0.08421946699427568, -0.09444504661239789], "aligned_model": [[-0.32759962154739763, -0.22275767671765156, 0.03999459294942939, -0.6244993637197949, 0.195924962934398, 0.3903513433241559, 0.6288142042144659, 0.0915218731599998, 0.12718141882991638, -0.33617416127185307, -0.04013144146449757], [-0.013487790172085096, -0.6522985125363026, 0.7622397600928381, 0.21850121356577845, 0.21449670687209624, -0.46323820153238576, 0.4252419755922116, -0.4921572241332111, 0.5530835118244175, 0.025947900460040474, 0.017735157591944162], [-0.6003027546872184, -0.1531170568792919, -0.1709991814713047, -0.00024295439324456547, -0.5324976063491798, -0.19872693201915143, -0.048009485086588005, 0.3541727179470491, 0.529713804546655, 0.6058782522723218, -0.04165119665627019]], "inverted": false, "swapped": true, "error_lsq": 0.043668895738884, "error_max": 0.2336752888246079, "target": "445.xyz", "model": "16.xyz", "model_rescale": 3.7852294659196426, "target_rescale": 4.21034387546566},
{"mapping": [7, 14, 2, 6, 12, 3, 1, 13, 8, 4, 11, 9, 16], "R": [[-0.24961785850250673, 0.8128768054850981, 0.5262340010118736], [-0.85157226288557, 0.07443762752055395, -0.5189255444599553], [-0.4609941494211963, -0.5776593621793499, 0.6736423795204504]], "T": [0.08657937709001406, 0.17931061991525654, 0.004917092455757394], "aligned_model": [[-0.011880254641970595, -0.4554204398624181, 0.4003991424060037, -0.0019336544181434018, -0.4919557285400835, -0.6006111494872939, -0.4009781550977316, -0.140734135597707, 0.6247466400844068, 0.6887705008379266, -0.29589104973227875, 0.5301406537171989, 0.009113480548373548], [-0.1267887940675751, -0.44865885529494287, -0.4343406389156427, -0.573461713025583, -0.0806563982013877, 0.09728474735625543, 0.6819448445342671, 0.25749348625957397, -0.18920582269615838, 0.4544409195660891, 0.8461689958247574, 0.23086256005032255, 0.15997229231289892], [-0.592235858408627, 0.24332767744761927, 0.377908887867571, -0.27056374569662495, -0.39463089699605747, 0.2918408374729669, 0.28295142326751727, 0.6901870149549777, -0.2262265513742623, -0.3767334261693887, -0.27345944950198414, 0.2930133787010913, 0.05037540557837558]], "inverted": true, "swapped": true, "error_lsq": 0.04161950202353821, "error_max": 0.20168543479303006, "target": "445.xyz", "model": "17.xyz", "model_rescale": 3.901054581598922, "target_rescale": 4.21034387546566},
{"mapping": [11, 12, 1, 10, 14, 13, 7, 5, 3, 9, 2, 8, 4, 0, 16], "R": [[0.2555694708051079, 0.9290154894565367, -0.26760879272219246], [-0.9416548985176142, 0.3019064927911709, 0.1487901935892173], [0.21902122657445605, 0.21396889951665155, 0.951970069040752]], "T": [0.08774840464862278, 0.03117628528523439, 0.040704744289483154], "aligned_model": [[0.1031394902150158, 0.10525170883863647, -0.4175982606695958, 0.21439433183134382, -0.40362747982422276, -0.6101762765254634, 0.53495281075396, 0.49992285844151957, -0.5293072893318166, 0.09097156992366082, -0.04492960797949551, 0.5805275695826655, 0.7352233902967052, -0.3269976127392285, 0.0073390082753493485], [0.21551198514670625, -0.6301323214078947, 0.2343617857517359, 0.5598107813683693, -0.6550502606972766, 0.20922467612755627, -0.46747456810836796, -0.055235027696302924, -0.3108150246653707, 0.42123425644015833, -0.1177105095991002, -0.02664689786806833, 0.4358557671507858, 0.7460184875060011, -0.010195779621825739], [-0.7557001051861486, -0.3118415305254688, -0.4798689779758994, -0.14265341634920767, 0.2212371185491901, 0.13332639536978752, -0.06577690961050947, -0.34815823850667277, -0.21142322616590228, 0.40160371789192373, 0.7985984434890354, 0.5230748611228071, 0.07230552894142031, -0.009511600683024334, 0.024454344490645284]], "inverted": true, "swapped": true, "error_lsq": 0.046904130311073114, "error_max": 0.3493587961503526, "target": "445.xyz", "model": "18.xyz", "model_rescale": 3.9405287249114394, "target_rescale": 4.21034387546566},
{"mapping": [10, 4, 7, 8, 0, 12, 5, 1, 11, 3, 6, 14, 9, 13, 2, 16], "R": [[-0.9986768420879244, 0.028820235479256464, 0.042590598777324754], [0.03629377897618459, 0.9817466905342196, 0.18669814469548213], [-0.03643249490384526, 0.18799688734664605, -0.9814936798895111]], "T": [0.061282430557791256, -0.050848782436088355, -0.059355500277610995], "aligned_model": [[-0.4449644670436079, -0.16463163363735997, 0.6266639305730185, 0.3177019312071437, -0.7298283205048505, 0.6366810682909494, 0.17581361426737374, -0.343609211571618, -0.2481463605755715, 0.19666242498707553, 0.8427190600920196, 0.6301319750758736, -0.24854242937305038, -0.2603009797549527, 0.30208519446528803, 0.07872930147365526], [-0.24194476248201013, -0.7449021462239045, -0.2537825793605852, -0.6543686219490765, 0.12311877177906318, 0.2651956019857516, -0.2310567118135718, 0.5365860121596773, 0.19745479211069178, 0.685790796011125, -0.13969397087380098, 0.5048821697284346, -0.3095969114570925, 0.4690146776036713, -0.1919914727720981, 0.037646484531361435], [-0.24990796411130728, -0.2857196173262721, -0.3742275862963808, 0.16170693098971461, 0.11215072104050328, -0.42123485807537403, -0.5913111609367971, -0.3015118966277441, -0.7742515613324132, -0.04150367642673827, 0.11912071856050194, 0.2760880492449398, 0.28627673302846374, 0.3326967327850842, 0.67294659713266, -0.041874404973962824]], "inverted": false, "swapped": true, "error_lsq": 0.04291697629544317, "error_max": 0.30066066894402665, "target": "445.xyz", "model": "19.xyz", "model_rescale": 4.410303926677745, "target_rescale": 4.21034387546566},
{"mapping": [4, 5, 10, 8, 0, 6, 9, 11, 12, 3, 14, 13, 1, 16], "R": [[0.46326658607004667, 0.2892401055761569, 0.83768981822468], [0.7963905201554425, 0.27879419101484815, -0.5366897972413113], [-0.38877526880904806, 0.9157586802114791, -0.10119204504200162]], "T": [-0.0663755523591758, -0.0321576533598688, 0.014935436349091266], "aligned_model": [[-0.11147339831902915, 0.2207113242762534, 0.2077208088310324, -0.6230990190936061, 0.20976859005909476, -0.5741817489542085, -0.32617601169900295, 0.7376515398622832, 0.12118814979774287, 0.1997098810881417, -0.313674387823775, -0.0017213239712824957, 0.5617028941154933, -0.04693940870826452], [-0.11415019992474573, -0.45408053659190606, 0.23446993041718506, -0.2404383267612314, 0.7383364032457236, -0.5850396854376371, 0.3566282091034679, -0.12451574934022747, -0.633441807046542, 0.017087641583601522, -0.1959848674746579, 0.5492917466147326, 0.28154843810478986, -0.018762730311350274], [-0.7435046445216137, -0.2460843342213921, -0.4127265244860314, -0.33937219578933686, -0.11003910370148409, 0.30962978560326665, -0.23755803540539755, -0.1012008504325275, 0.42138535821938405, 0.7135467317590981, 0.8254618087156202, 0.445185696480417, 0.28836285507887954, 0.1037284914261392]], "inverted": false, "swapped": true, "error_lsq": 0.0419434546206936, "error_max": 0.24083310769972294, "target": "445.xyz", "model": "20.xyz", "model_rescale": 4.121658175737393, "target_rescale": 4.21034387546566},
{"mapping": [4, 5, 11, 10, 1, 8, 12, 9, 6, 14, 3, 13, 16], "R": [[0.980336182489002, 0.18999025042352574, -0.05333548581288135], [-0.09297243271706351, 0.683088393156801, 0.7243937975225428], [0.17406061029871517, -0.7051907202157907, 0.6873201234242842]], "T": [0.08182011373981911, -0.13722530676566236, 0.03008013964366], "aligned_model": [[0.14318504582749708, -0.09602144017386884, 0.3990231286938, 0.5253181706604276, 0.5888719265248712, -0.2848640021678963, -0.4315712504615835, 0.3473598371048474, -0.690237979129243, -0.3378273624265293, 0.10692034163533662, 0.526442701414803, 0.084483787161833], [-0.5954825155989395, 0.04268163880780901, 0.4317219835631779, -0.2528030274794782, 0.41638017228254176, -0.7128108035740945, 0.40849632148459103, -0.5894770687041622, -0.1998437309162959, 0.19602592033594018, 0.46299191135819706, 0.006778039988949464, -0.07383193738505255], [0.6385393620536605, 0.5444486723084976, 0.5242040594838244, 0.37513825123660427, -0.033763675879087234, 0.14453471806512216, 0.053350860586301875, -0.05571425377413499, -0.194409656047314, -0.6465206923029871, -0.41757326274328965, -0.5257549536843914, -0.036369689821017175]], "inverted": false, "swapped": true, "error_lsq": 0.04373082227686366, "error_max": 0.2905176125692574, "target": "445.xyz", "model": "21.xyz", "model_rescale": 4.08911054899281, "target_rescale": 4.21034387546566},
{"mapping": [9, 11, 7, 8, 3, 2, 0, 4, 13, 12, 14, 15, 1, 5, 6, 1, 16], "R": [[0.26182824512023983, 0.7195943322290552, 0.643140705507804], [-0.7799271940958783, 0.5502768631339526, -0.2981760315806543], [-0.5684712323125822, -0.42353201876986524, 0.7053092138273374]], "T": [0.015167611916645632, 0.1085853314261378, -0.000145590355734658], "aligned_model": [[0.6724441286720366, 0.30007377899353194, -0.291499327720701, -0.15201664647613494, 0.08695964582022321, -0.15966383868867562, -0.7568645196859973, -0.437815352091315, -0.1694611563068683, 0.34234186473745726, 0.47883810886523726, 0.39275373235205124, -0.35782854542264775, 0.4027870490839478, -0.44803318313361984, -0.35782854542264775, -0.023092249437264102], [0.17553537419698412, 0.6655070873036603, -0.004049331968639047, 0.7720284927191295, -0.7492018361323771, -0.20427818474685888, 0.0798422485707416, -0.38692281323612315, -0.44832880893581795, -0.3152926729423358, -0.32906430528904973, 0.05417518779249933, 0.43601742410290156, 0.6425893877954194, 0.5536610963407782, 0.43601742410290156, 0.08279553369439666], [-0.2667030585636255, 0.44094358889297697, -0.6318615144425374, 0.11234713625043491, 0.11529228182842124, 0.6265953557299354, -0.05688729583170362, 0.18845530773249156, -0.3042653434751431, -0.5083325163365483, 0.0726215154653295, 0.6211234945168987, 0.6192577294299084, -0.24978511779364823, -0.37818886235223287, 0.6192577294299084, -0.01183831350072831]], "inverted": false, "swapped": false, "error_lsq": 0.043218637122102804, "error_max": 0.31768410629524196, "target": "445.xyz", "model": "22.xyz", "model_rescale": 4.204369325754507, "target_rescale": 4.21034387546566},
{"mapping": [10, 4, 7, 8, 0, 12, 5, 1, 11, 3, 6, 14, 9, 13, 2, 16], "R": [[-0.9986768420879244, 0.028820235479256464, 0.042590598777324754], [0.03629377897618459, 0.9817466905342196, 0.18669814469548213], [-0.03643249490384526, 0.18799688734664605, -0.9814936798895111]], "T": [0.061282430557791256, -0.050848782436088355, -0.059355500277610995], "aligned_model": [[-0.4449644670436079, -0.16463163363735997, 0.6266639305730185, 0.3177019312071437, -0.7298283205048505, 0.6366810682909494, 0.17581361426737374, -0.343609211571618, -0.2481463605755715, 0.19666242498707553, 0.8427190600920196, 0.6301319750758736, -0.24854242937305038, -0.2603009797549527, 0.30208519446528803, 0.07872930147365526], [-0.24194476248201013, -0.7449021462239045, -0.2537825793605852, -0.6543686219490765, 0.12311877177906318, 0.2651956019857516, -0.2310567118135718, 0.5365860121596773, 0.19745479211069178, 0.685790796011125, -0.13969397087380098, 0.5048821697284346, -0.3095969114570925, 0.4690146776036713, -0.1919914727720981, 0.037646484531361435], [-0.24990796411130728, -0.2857196173262721, -0.3742275862963808, 0.16170693098971461, 0.11215072104050328, -0.42123485807537403, -0.5913111609367971, -0.3015118966277441, -0.7742515613324132, -0.04150367642673827, 0.11912071856050194, 0.2760880492449398, 0.28627673302846374, 0.3326967327850842, 0.67294659713266, -0.041874404973962824]], "inverted": false, "swapped": true, "error_lsq": 0.04291697629544317, "error_max": 0.30066066894402665, "target": "445.xyz", "model": "23.xyz", "model_rescale": 4.410303926677745, "target_rescale": 4.21034387546566},
{"mapping": [2, 0, 6, 7, 8, 10, 14, 9, 15, 5, 4, 3, 11, 0, 13, 1, 16], "R": [[-0.6449676235612554, -0.555086369537821, -0.5252579241773216], [0.10551387088247027, 0.6160568830583919, -0.7806028054572802], [0.7568907369027214, -0.5588855331726712, -0.3387674323206924]], "T": [-0.13708559495751815, 0.08788454956191676, 0.034425176709898184], "aligned_model": [[0.7735450015208053, 0.4201027916865264, -0.31292721839712223, -0.24498897659980617, 0.05289699044221419, -0.0966522338624004, -0.7583973515556036, -0.484059867067484, -0.3383927799263684, 0.2565078196023458, 0.42200920899261485, 0.6012158100021296, -0.6333759703069979, 0.4201027916865264, -0.5050006618985214, -0.0029580071637411165, -0.04753240301650377], [0.14253825862819552, 0.5948500732259562, 0.09698405884474003, 0.7345795983881089, -0.6817602450668728, -0.23427113038611053, -0.03714027965919316, -0.4047132142015239, -0.46566882706266605, -0.08784887897880124, -0.30280305961517967, 0.16037840509858486, 0.17819750286502237, 0.5948500732259562, 0.5003179412272447, 0.5544366430775105, 0.1181043837572389], [0.008757297537451983, -0.01954584043097661, -0.7050983267412997, 0.1443036128843605, 0.2518192304466454, 0.5986634308750965, -0.2032520902002325, 0.2058202794911651, -0.3685242833247184, -0.4236185106566717, 0.12748733455398226, 0.5432538914834459, 0.41686591775601944, -0.01954584043097661, -0.3999983778844267, 0.7420085879054806, 0.10863580371579232]], "inverted": false, "swapped": false, "error_lsq": 0.04733906108617932, "error_max": 0.35796182610834765, "target": "445.xyz", "model": "24.xyz", "model_rescale": 4.28219845311461, "target_rescale": 4.21034387546566},
{"mapping": [15, 5, 3, 7, 12, 4, 1, 6, 10, 8, 0, 9, 2, 14, 13, 16], "R": [[-0.8859696265121215, 0.2993162443119898, -0.3542140691572502], [0.34017487813886815, 0.938588267276353, -0.057733151779369295], [0.31518069925231473, -0.17164454672997562, -0.9333805635413045]], "T": [-0.12690037011790994, -0.03978249561569108, 0.03747011238213868], "aligned_model": [[-0.057658994999676166, -0.29358899271590067, 0.14385803569958638, 0.19265881917622318, 0.2824470374976347, -0.5598044335680876, -0.4732797934365203, 0.619942268404911, -0.6920483860532145, 0.07672335985238071, -0.7129281178186357, -0.29886625591797633, 0.3764386101416873, 0.6277468368308121, -0.13667518677152396, -0.08664404020068942], [0.4710396611033915, -0.35962607656354745, 0.6014306945985253, -0.4747652136678071, -0.009268483146538973, -0.6591807609608664, 0.5765789853937697, -0.32865161416694927, -0.09869261061764792, -0.6288582535897635, 0.4079543697579182, -0.10468798079120213, -0.08430959091680204, 0.36794687329478265, 0.6279402730036476, 0.04026110298332229], [-0.7298569333868538, -0.40804543345507005, -0.2396937911403785, -0.37320586278702383, -0.5897682073587242, 0.15117064188524143, -0.22286893557377738, -0.058295955767220575, 0.11653435732692921, 0.3381075742479639, 0.4138190098530171, 0.5360868899962806, 0.6365033341215786, -0.05851647616420233, 0.3228288647431705, 0.017126944036814962]], "inverted": false, "swapped": true, "error_lsq": 0.03769938962969199, "error_max": 0.2825403299458454, "target": "445.xyz", "model": "25.xyz", "model_rescale": 4.100010024507729, "target_rescale": 4.21034387546566},
{"mapping": [15, 11, 0, 4, 14, 2, 13, 8, 5, 6, 12, 16], "R": [[0.34847238412424875, -0.8506628355684711, -0.39362385304421144], [-0.5920380214556594, 0.1258158849062041, -0.7960284820633855], [0.7266759791362521, 0.5104342301294827, -0.4597813807218514]], "T": [0.10015729025402334, 0.030103116397179032, 0.008891469688890041], "aligned_model": [[-0.7431176787927747, -0.15464749309030815, 0.2889142807445557, 0.7615807530052129, -0.5475219881641464, 0.2893840273364109, -0.15664836927268702, 0.5883208109420648, 0.10334288789461141, -0.08630249050217503, -0.4843508704079156, 0.017811732670157898], [-0.3408946405006441, -0.7459220803664518, -0.2800431874588261, -0.25139140093530987, 0.6005766908857808, 0.7770249994465475, 0.1495230081870809, 0.3847760071804521, -0.33692413485772965, 0.6201242865898922, 0.039065515081068015, 0.050216326798779846], [-0.0670850394956895, -0.027668568596797005, 0.7530120130571893, -0.25046887675510415, 0.01342175956064004, 0.15198072367882848, 0.6775981340808872, -0.3298699111232683, -0.4313924881879873, -0.5083108147819635, -0.4603570789069513, 0.044332437324572656]], "inverted": false, "swapped": true, "error_lsq": 0.0431649380681075, "error_max": 0.2586613390445881, "target": "445.xyz", "model": "26.xyz", "model_rescale": 3.6694154284099745, "target_rescale": 4.21034387546566},
