[{"mapping": [10, 4, 2, 8, 12, 11, 5, 6, 1, 7, 9, 14], "R": [[-0.040552238303209434, -0.645249320155723, -0.762895032627148], [0.9980535522041554, -0.062361948411605236, -0.00030712045845443514], [-0.047377451401140414, -0.7614225516944491, 0.6465222926317754]], "T": [0.014552747034227374, -0.12409589048934179, -0.030695788039029344], "aligned_model": [[-0.21529942722494858, 0.15216705481596643, 0.4259213104796588, -0.28567139309078476, -0.17253282911357043, -0.5555148327405107, 0.45433066478921336, -0.41157867545351345, 0.6889137204522041, 0.23525211831009005, -0.3947958000019363, -0.08354944876131958], [-0.3377252504682633, -0.8280323372960605, -0.08611366922116886, 0.575291490650484, 0.20486889256531676, -0.46175814669636966, -0.28624153333624913, -0.5419297951781664, 0.23823759671385492, 0.34236626323885677, 0.2889955023527147, -0.054403977347892055], [-0.525520684181079, 0.06448062830311954, -0.602407926892445, -0.0825186371707766, -0.7619168705775263, -0.007116243964932385, 0.5129155608396212, 0.5234157635127658, 0.09881783750124035, 0.5027766631817322, 0.4653186619619916, -0.00629300716014905]], "inverted": false, "swapped": true, "error_lsq": 0.04829118781190133, "error_max": 0.23739637516123938, "target": "446.xyz", "model": "0.xyz", "model_rescale": 3.751011558992144, "target_rescale": 4.421205398683374},
{"mapping": [4, 1, 8, 0, 10, 6, 11, 7, 3, 12, 5, 9, 2, 13, 14], "R": [[0.2383591423981486, 0.3680042644552217, -0.898753459285688], [-0.6776093090722775, 0.7259673581566197, 0.11754581723604343], [0.695723036483492, 0.5809855903840214, 0.42240407227241583]], "T": [0.05021673646239535, 0.002265129171460612, -0.04450028454781475], "aligned_model": [[-0.4425177311565227, 0.26725560622506095, -0.041084303066390944, 0.7473495097661402, -0.7665193544035122, -0.09850266977291611, -0.2753972884519006, 0.43194231873351563, 0.741838306793372, 0.32565307644941416, -0.15940141591066356, -0.30937026991632244, 0.5077090035213432, 0.24385749201873447, 0.04599277663408912], [-0.29046013630605355, -0.5375829567915157, 0.21311013659122668, -0.14444518719050703, -0.04123419098240837, -0.7139048873617782, -0.32755361694575036, -0.48522321680472813, 0.20776821793260541, -0.027464623009786235, 0.5830745408513042, 0.36756399299702447, 0.6151706507459171, 0.6213394080088136, 0.009237809034417415], [-0.5895678338306799, -0.42809345775361096, -0.6670970683228313, -0.3052424904874864, 0.014691903721316832, 0.12493640244156766, 0.6050580965200144, 0.19281325525642456, 0.206166772472684, 0.6448661408944231, -0.1383443280212252, 0.3695571344964987, -0.35880228771183564, 0.28222971617167875, 0.009697061718077854]], "inverted": false, "swapped": false, "error_lsq": 0.0350396481651337, "error_max": 0.26745962924932193, "target": "446.xyz", "model": "1.xyz", "model_rescale": 3.9405287249114394, "target_rescale": 4.421205398683374},
{"mapping": [7, 5, 1, 11, 4, 3, 9, 6, 10, 12, 13, 8, 14], "R": [[-0.8427208726267008, -0.0027141018901955527, 0.5383439091233609], [0.18591959343228803, -0.9399291759748201, 0.28629888041916696], [0.5052281025608775, 0.3413587230498517, 0.7926025401047552]], "T": [0.00797454816755791, -0.07175814351014884, -0.12243149320327387], "aligned_model": [[-0.2589906813713251, 0.19156623548876023, -0.4989929182879367, 0.5148181785756399, 0.5855877086517968, -0.7581223069948879, 0.007413787717626047, 0.7352358564914684, 0.08079249978122643, -0.4838034720353154, -0.12720356144571784, -0.48796070270110437, -0.00435734458629905], [0.6019252713126673, 0.5409014528152369, 0.38882170938814486, -0.3500739563201464, -0.10631723725350592, -0.012540943508913882, 0.3157325351005915, 0.1583502701832453, -0.6527390660663992, -0.7148846695656881, -0.5785132903246416, -0.06151762067638999, -0.0703118615121837], [0.038093372047313195, -0.4482403887935922, -0.4880436438199329, 0.20191197032028183, -0.556817813144287, -0.16828943041061908, 0.5364248841265121, 0.16279452255366353, -0.14433849772561744, 0.02738760828448447, 0.4953695930452352, 0.457142669041289, -0.00027449593608668]], "inverted": false, "swapped": true, "error_lsq": 0.04177156165633889, "error_max": 0.23255390252348782, "target": "446.xyz", "model": "2.xyz", "model_rescale": 3.932901565614263, "target_rescale": 4.421205398683374},
{"mapping": [11, 8, 9, 10, 6, 5, 7, 4, 2, 0, 3, 12, 1, 14], "R": [[-0.9942568508399471, 0.05676064054610845, 0.09072785813975255], [-0.01750955843509859, -0.9226166329627307, 0.38532059890943027], [0.10557807500252815, 0.3815190405016631, 0.9183117617745354]], "T": [-0.03759444823486101, -0.0630203342990764, -0.01568885733275461], "aligned_model": [[-0.41269493116483114, 0.6424880074842991, 0.31595497623026847, -0.23445743212556458, -0.5162877786960319, -0.20425841928275257, 0.40804509183236926, -0.7355731797269799, 0.06294224392328145, -0.2483552403740198, 0.6353219291820782, 0.3234934974845245, 0.3593342046024118, 0.023856942683650614], [0.10020791359542137, 0.04909140603359531, -0.4282972995386607, 0.48623914846390315, -0.44537313462502365, -0.7071490712789609, -0.6564236055066507, -0.1671231068394584, 0.35572769537827664, -0.18682469818879488, 0.05058187468005816, 0.6768035306657091, -0.40455121271958383, -0.05941280176934199], [-0.5374215537116435, -0.3426164670663698, -0.5864923344913638, -0.06935625402066078, -0.5522257192136243, 0.2536258582326228, -0.002806015929713558, 0.14403300156861146, 0.5429380083004722, 0.5904876536999351, 0.3403899342145845, -0.0023001633619408393, 0.5575705614828109, -0.12193014664662272]], "inverted": true, "swapped": true, "error_lsq": 0.0570553402536438, "error_max": 0.4245201817039233, "target": "446.xyz", "model": "3.xyz", "model_rescale": 3.9243930471874484, "target_rescale": 4.421205398683374},
{"mapping": [2, 3, 12, 10, 13, 0, 4, 8, 9, 7, 6, 5, 14], "R": [[-0.09150947028840556, -0.8998962589459893, -0.4263950515455697], [-0.6831876604368131, 0.3682610967875407, -0.6305857477137521], [0.7244864646592162, 0.23360326994254843, -0.6484973976800059]], "T": [-0.001562385005549602, -0.12105747393779137, -0.019071436002891393], "aligned_model": [[-0.13782626509465257, -0.19002465099509236, 0.4827881645702571, 0.40482094356426257, 0.7634479910463855, -0.535796813663255, -0.19082989357460522, 0.31752325765943334, 0.18001658922858693, -0.4067448798735419, 0.1420893321164594, -0.6322809089311897, 0.08002302025830417], [-0.5807232712834027, 0.06490440045900792, -0.3180078885688284, -0.5337291743403065, 0.02384256821032174, -0.49547981045809925, -0.591977535738273, 0.4191776024781952, 0.6062637769340138, 0.4975916152585484, 0.06341548024625884, 0.0018998941812034126, -0.029348103697052264], [-0.5364311015834773, -0.7418536813850016, -0.6550888824175318, -0.10781748518865077, -0.24382726936386767, -0.05905998061852784, 0.4966173021626251, -0.4529991555120819, 0.1301731302532222, -0.08222569035592071, 0.7610225878458885, 0.30074844185201294, -0.022187900317725093]], "inverted": true, "swapped": true, "error_lsq": 0.0483126288933098, "error_max": 0.24857344994216615, "target": "446.xyz", "model": "4.xyz", "model_rescale": 3.8936222436046832, "target_rescale": 4.421205398683374},
{"mapping": [12, 10, 8, 3, 9, 6, 4, 5, 1, 2, 7, 14], "R": [[0.3128706934016041, -0.42646155957821036, -0.8486710006902086], [0.40977817051267257, -0.7454829500355622, 0.5256776789797746], [-0.8568510840173377, -0.5122359899581406, -0.05848512981875953]], "T": [-0.16262432459626502, -0.10822035076410144, 0.04363627780192015], "aligned_model": [[-0.04669357284350445, -0.32606051304221184, -0.18625910086713537, 0.43155899743999143, -0.5134611904772781, -0.8243866757203133, -0.29884872994933687, 0.052748746735383406, 0.5429461585525202, 0.36109337181832196, 0.0689947433426416, -0.23408419277398146], [-0.6196746306682314, -0.6594949087339238, 0.14516970681369926, -0.024030901266691773, 0.4944225498743663, 0.16662600344430165, -0.335484660875216, 0.3285891563196873, 0.21450414073252402, -0.5725826963133185, 0.5919131799897726, -0.06103403420716225], [-0.5910901933707503, -0.06908540307670358, -0.6755283257311677, -0.43841385971281, -0.2693750546757809, 0.43060248422722763, 0.7169241908174225, 0.5709132635837805, 0.07264064843963358, -0.04359273304996145, -0.040349768866706846, -0.04436052930866521]], "inverted": false, "swapped": true, "error_lsq": 0.043766398567212685, "error_max": 0.2590282895755944, "target": "446.xyz", "model": "5.xyz", "model_rescale": 3.6523030999806103, "target_rescale": 4.421205398683374},
{"mapping": [12, 3, 1, 2, 0, 13, 7, 10, 9, 6, 5, 4, 14], "R": [[0.6163890537894665, -0.07977478151210558, 0.7833903998666449], [-0.03777554645438265, 0.9907139356830164, 0.13060974593628574], [-0.7865351501735947, -0.11009941815542965, 0.607651689426794]], "T": [0.06870652771215022, -0.08351694548635738, -0.0487944981803429], "aligned_model": [[0.15132721925429538, 0.011014907738363694, 0.15957873534353462, 0.587712020136792, 0.5957786062457698, -0.29391747202096274, -0.38142657009910275, 0.33608173149795095, -0.6880496042926849, -0.21378253869369127, 0.1279375334637179, 0.5324872598229009, -0.04365892373258906], [-0.6772709979451806, 0.0654031411720854, 0.5363265666492302, -0.15837948364370746, 0.3004763831086158, -0.787671268584955, 0.4820678293007252, -0.6048663082008598, -0.012846968327464306, -0.06910409296447714, 0.5878209712905373, 0.011485337909671628, -0.13261420560103804], [0.5155928327895735, 0.7042051721018764, 0.4098538638163767, 0.4229579931216787, -0.004729294517692467, 0.12273569272070517, 0.11967528052696222, -0.04364224659993213, -0.12983138738560288, -0.8124730756888464, -0.2957888595008613, -0.5959734156737038, -0.042472816228743965]], "inverted": true, "swapped": true, "error_lsq": 0.04319882201634961, "error_max": 0.2059367549615151, "target": "446.xyz", "model": "6.xyz", "model_rescale": 4.08911054899281, "target_rescale": 4.421205398683374},
{"mapping": [5, 12, 7, 13, 4, 10, 8, 11, 1, 9, 6, 3, 2, 0, 14], "R": [[-0.677843884498744, 0.49034056075816834, -0.5478081805915449], [-0.3124928282964158, 0.4822987845385889, 0.81837406770737], [0.6654892189291728, 0.7259159847447673, -0.17369537294088933]], "T": [0.07632647307819193, -0.049186159383828656, -0.02849688001998934], "aligned_model": [[-0.4540055049721363, 0.24796170014110178, 0.0025941294252929403, 0.6617036063018672, -0.6245724630392477, -0.14033989565974614, -0.28982772136562696, 0.42594232357286044, 0.7064069872836697, 0.28410479629823954, -0.08833776640269148, -0.3237472935178196, 0.4724872400057286, 0.17901659724331484, 0.15941832214863458], [-0.31066231169013403, -0.5954496935835848, 0.22989505548675504, -0.15119806533385965, -0.0062307187436985295, -0.7326154308987566, -0.29029675636544156, -0.48695198382287763, 0.2249029763373963, -0.013766256674687796, 0.4147125103574728, 0.44248496344213595, 0.5814830209252816, 0.8078248348772029, -0.06473620354442244], [-0.5089960417420927, -0.45292522267143437, -0.7468047398845886, -0.4560734290669372, 0.03269953467162732, 0.04399459531659177, 0.49394523083953185, 0.14660566991360255, 0.22805672091663348, 0.7265732536760343, -0.11112059878106112, 0.4454777232305526, -0.3374508815264846, 0.3451915961450626, 0.11369560652797805]], "inverted": true, "swapped": false, "error_lsq": 0.038567636272287195, "error_max": 0.28836848444925456, "target": "446.xyz", "model": "7.xyz", "model_rescale": 3.964800864290218, "target_rescale": 4.421205398683374},
{"mapping": [7, 5, 1, 9, 3, 6, 8, 0, 4, 10, 11, 12, 2, 14], "R": [[0.34108769207842093, 0.2517333907971684, 0.9056983417619671], [-0.7734260214282236, -0.4724689026790792, 0.42259356996875386], [0.534295213987853, -0.8446321305509205, 0.033543827311258934]], "T": [0.00880437202891011, -0.050292812588913084, 0.13709869341220662], "aligned_model": [[-0.15264657744821464, 0.23746200556299266, 0.42714285539094465, -0.6675692793065504, 0.20126800667734546, -0.4344767638905652, -0.45889433586339407, 0.6304491695225372, 0.3205857960407314, 0.06568910909692176, -0.3849199501793258, 0.01602518878110299, 0.569172755954288, -0.10810009087794138], [-0.06417385688805527, -0.5407882991656832, 0.12272144417040837, -0.07001061628863939, 0.5894031557484486, -0.7257145090844591, 0.5079157017014488, -0.21412143610700507, -0.6386604074737738, 0.12558628455498647, -0.3089412634156123, 0.686210484085374, 0.355045885297459, -0.013524100953694967], [-0.5872140270862661, -0.33442966134837904, -0.49367942757410976, -0.21838823800302834, -0.24534193740717644, 0.23966642295269677, -0.09011051439675238, 0.019134620854911258, 0.42018646426678596, 0.6931129676671167, 0.6036080466543514, 0.5050849249954842, 0.27569641391514477, 0.12948898323424243]], "inverted": true, "swapped": true, "error_lsq": 0.03275813243895243, "error_max": 0.18611853877504675, "target": "446.xyz", "model": "8.xyz", "model_rescale": 4.121658175737393, "target_rescale": 4.421205398683374},
{"mapping": [5, 7, 9, 6, 1, 0, 8, 10, 13, 3, 4, 11, 14], "R": [[-0.21726934450718927, -0.7775715638867849, -0.5900648226865213], [0.9206136988984156, 0.03769202438410511, -0.3886511658266383], [0.3244448325031444, -0.6276637430443848, 0.7076537121569553]], "T": [-0.051581239445017094, 0.009084903869906444, 0.06600771895188653], "aligned_model": [[-0.6214070239988324, -0.30298416220054136, 0.30159776508203123, 0.16514912185429687, -0.6671067148871218, -0.6598618055380548, 0.3659076533985034, 0.24259887290116033, 0.7155410909147936, -0.2225875780407091, -0.3231918328086301, 0.43408628871518895, 0.04899582104311158], [0.2303316915704982, -0.2976753227423453, -0.11291267726710878, 0.6714465235779112, -0.43948877512169565, 0.08511111813051352, -0.5782296722962267, 0.09875634088519901, -0.21667914170720226, -0.7392913681579926, 0.6527861093020544, 0.4600912832519453, -0.02385867001384074], [-0.31023363876761234, -0.5613540135060138, -0.6007922865734765, -0.3553209033026784, -0.0847639667731375, 0.2927506619683383, -0.1844467956383786, 0.5647444212129764, 0.19756002147611176, 0.12260989467339309, 0.2541545041349319, 0.08241313035330997, 0.003754404701324418]], "inverted": true, "swapped": true, "error_lsq": 0.0484207597870928, "error_max": 0.31219837467259187, "target": "446.xyz", "model": "9.xyz", "model_rescale": 3.833441315466971, "target_rescale": 4.421205398683374},
{"mapping": [0, 10, 13, 8, 1, 12, 6, 11, 9, 7, 5, 4, 2, 3, 14], "R": [[-0.17139506540945348, -0.7128422915047369, -0.6800585261545988], [0.9840249056361884, -0.09012653788833845, -0.15353238178297346], [0.04815305432659489, -0.6955092196445263, 0.7169018124879323]], "T": [0.037362658182165984, -0.06540402360728806, 0.032135258201325664], "aligned_model": [[-0.3205078814395361, 0.3052760695189445, 0.006741486887362022, 0.74228962768992, -0.6771623381905346, -0.2274542333278865, -0.43128405202201453, 0.44478619138140585, 0.7572106083260213, 0.4933386198313693, -0.3288732908406585, -0.32301047267004457, 0.3099452696100776, 0.3615180313245811, 0.1059914213844353], [-0.20235279495643646, -0.6281470488809854, 0.28823671118663696, -0.20157437434567552, -0.20674014240316213, -0.5858746467471982, -0.10526978576119533, -0.5752927675134574, 0.30839359161383206, -0.0993067533979565, 0.4369489571432198, 0.4770755800674211, 0.5429751490064906, 0.6048053549628515, -0.00448108920560316], [-0.5308893172840583, -0.5038655207641225, -0.6817884884114355, -0.27133626536742506, -0.09069415194191273, 0.18046732395273168, 0.522043974257289, 0.23052027395807984, 0.034232413752967025, 0.5167490261574593, -0.2342252378213423, 0.49230877574329046, -0.23660952259366785, 0.4794209976198335, 0.05653473630732969]], "inverted": true, "swapped": false, "error_lsq": 0.041152450804451034, "error_max": 0.23476496293083882, "target": "446.xyz", "model": "10.xyz", "model_rescale": 4.2482417240324, "target_rescale": 4.421205398683374},
{"mapping": [1, 5, 4, 6, 12, 10, 2, 11, 9, 13, 8, 14], "R": [[-0.7668712890141096, 0.18032186351323848, 0.615948416366948], [0.09057406484462949, 0.9805207861339553, -0.17428518794427456], [-0.6353776553069512, -0.0778653549299254, -0.768265723326427]], "T": [-0.03462931315913349, -0.02159734747201792, 0.03853877955218419], "aligned_model": [[-0.6519730452356959, 0.008772762300742129, 0.4640916916685283, 0.6912326450244716, -0.40367094651196017, 0.1118355725231958, -0.46245369473320813, 0.5511579636864719, 0.019172222935622138, 0.0023064951869728317, -0.42665526975125456, -0.027050794730879353], [-0.46229036400718215, -0.7171711834936917, -0.1936901722265427, -0.2978395901079912, 0.7136741209452603, 0.5151597066338895, 0.26614436856516727, 0.235112871640474, -0.23176803731840676, 0.635263969189393, 0.19478021469232829, 0.008755485537941716], [0.20436531319977191, 0.21030147502673338, 0.5336995494931653, -0.20646614641336294, 0.005565253424391049, 0.2222807329223234, 0.5198832686851814, -0.1361093505976019, -0.6943832778686315, -0.43466417801157853, -0.5790850953534136, -0.0801952546526215]], "inverted": false, "swapped": true, "error_lsq": 0.05193931567666272, "error_max": 0.2733431845263975, "target": "446.xyz", "model": "11.xyz", "model_rescale": 3.6694154284099745, "target_rescale": 4.421205398683374},
{"mapping": [11, 13, 8, 12, 10, 6, 4, 5, 3, 1, 7, 0, 9, 14], "R": [[-0.2056723576601573, 0.4527637434175539, -0.8675850816727061], [0.9786122451806126, 0.09888466404098917, -0.18038818364865683], [0.004117630031120645, -0.8861302476859845, -0.46341798547197394]], "T": [0.10380232833220684, -0.020442839775589514, -0.012204661430851225], "aligned_model": [[-0.054092490850322444, 0.1110389676830203, -0.1264007005962228, 0.6114533842291882, 0.5100491450804027, -0.45628578597626057, 0.2347472287390396, -0.17913995690911824, 0.31681075582269264, 0.1582149310257218, -0.3995006867124271, 0.43447150824664715, -0.5916963746967291, 0.028594925170177393], [-0.3732498591813678, 0.32325036902083576, 0.6604825759979522, 0.46670137332791717, -0.11772692367897122, -0.572568343319394, -0.721663339658339, -0.29234533147279557, 0.6705042964918106, 0.323389840831749, 0.31271840913175153, -0.2348837929017607, 0.24834083566907184, 0.038037177877794315], [-0.5508560076735923, -0.7460811439465113, -0.26776286327411963, -0.4398540902016242, -0.42308242208443286, -0.2235610080328835, 0.10889865263809256, 0.5888126621964144, 0.25186632026270445, 0.6817985187010162, 0.4197417088829645, 0.5092074266780445, -0.18036516901259805, -0.08966712548105896]], "inverted": false, "swapped": true, "error_lsq": 0.03903993747318725, "error_max": 0.23778070698723877, "target": "446.xyz", "model": "12.xyz", "model_rescale": 3.9764082729961374, "target_rescale": 4.421205398683374},
{"mapping": [11, 10, 8, 1, 14, 13, 6, 12, 9, 5, 7, 4, 2, 0, 15], "R": [[0.026725312405095486, -0.8607238713944498, -0.5083701160459777], [-0.4741641915418331, 0.43678603980132036, -0.7644516171048102], [0.8800307251092601, 0.2614811133646754, -0.39645119525263117]], "T": [0.0637556476532199, -0.015102822937992541, 0.02663631703467597], "aligned_model": [[-0.34600112406759154, 0.29946300662910197, -0.007144784687128147, 0.5885186077644693, -0.6752951242436522, -0.12141930867241207, -0.42253735900759887, 0.4692820910244885, 0.5967143278399478, 0.3066525475163852, -0.09088890639427241, -0.19159950739791748, 0.44532679818143595, 0.39360151853198, -0.0258677255537942], [-0.38739227168941254, -0.44583450174939665, 0.11798814724035835, -0.06237718951280776, -0.3152057647497117, -0.5918522156109854, -0.24773783473616467, -0.5068940820984956, 0.0813100326559885, 0.06208703844194751, 0.7179023015023471, 0.46443924052891455, 0.5234488902657379, 0.5965961439084164, 0.042918006372045785], [-0.5426128842179154, -0.6098062654118394, -0.6639523876220726, -0.3279219267296243, -0.02386339038684055, 0.11353234564377371, 0.567985436049085, 0.05668953796429158, 0.28770859248240965, 0.8253019086133587, -0.07247093986735215, 0.49642017790469184, -0.42127553053805766, 0.23671727506164583, 0.04041706861946159]], "inverted": false, "swapped": false, "error_lsq": 0.044277865688139635, "error_max": 0.29554422877089787, "target": "446.xyz", "model": "13.xyz", "model_rescale": 4.170626492500431, "target_rescale": 4.421205398683374},
{"mapping": [9, 6, 7, 5, 8, 2, 1, 11, 13, 4, 10, 0, 12, 14], "R": [[0.17761937222256818, 0.8388278602688974, 0.5146058486336552], [0.6677184029823215, 0.28140866897174255, -0.689174357725453], [-0.7229131987521041, 0.466022512186113, -0.5101171681150766]], "T": [-0.04024330895791595, 0.014560260101920255, 0.11236341826415294], "aligned_model": [[0.24057470825147476, 0.13439831059278967, -0.35744588051353127, -0.6452499054428147, 0.34586208671592295, -0.24286579457348956, -0.6703480690439914, 0.4466610807243212, 0.7353291588207072, -0.2875240265498809, 0.3049758728554474, -0.6210601692579849, 0.40677494542206666, 0.05310070409060614], [-0.1900992516507799, -0.7749318111030993, 0.018436954550477114, -0.32711899021022817, 0.40914900105425644, 0.5649865948866553, 0.3740366251815398, -0.40168952642529915, 0.24229170125727773, -0.4645244264727896, 0.14516640430966155, 0.07418115298327062, 0.6743772473762853, 0.011812792188437997], [-0.568442568688339, 0.015330707660006354, -0.5586473934165945, -0.06772387497082583, -0.41412038951036667, 0.5041497020138258, -0.16434363239532915, 0.28327003077520463, 0.05424440033959055, 0.5949117359212189, 0.5674314954811371, 0.4061230452931732, 0.31904998385750905, 0.032639858760656254]], "inverted": false, "swapped": true, "error_lsq": 0.04842759926577374, "error_max": 0.29819515435739086, "target": "446.xyz", "model": "14.xyz", "model_rescale": 3.9786697098870705, "target_rescale": 4.421205398683374},
{"mapping": [3, 7, 12, 2, 8, 11, 5, 6, 10, 0, 9, 14], "R": [[0.37061901935655256, -0.8401252275501729, 0.39601912141329415], [-0.12568570786379635, -0.4678276713585105, -0.8748373407382941], [0.9202416233413722, 0.2744574137184921, -0.2789775667056271]], "T": [0.08251136855630814, -0.02551837203786712, 0.06614347164519173], "aligned_model": [[-0.039414129090317385, -0.6325356592724386, 0.6278498609898288, 0.47600178960834555, -0.09970605571536892, 0.3325856276647575, -0.4253407781803431, -0.13184088382336515, 0.6589403609220545, 0.09847443607438514, -0.4353870375976072, 0.05372706518740548], [-0.35606261421083457, -0.08725650416270771, 0.03959810431722137, -0.5390028287050281, 0.3236085896183708, 0.5023212001276568, -0.35900271715946735, 0.46230515441770237, 0.07727154060431897, -0.6447301296722072, 0.513900506373203, 0.08172418867621078], [-0.6182458149896957, -0.12302354606352396, -0.5472641302142529, -0.2149624072287485, -0.5872094389934907, 0.3798265771246978, 0.448352202161131, 0.6820120384987745, 0.04411953199111699, 0.2747569281426876, -0.09212712236266872, 0.013731675807802768]], "inverted": true, "swapped": true, "error_lsq": 0.05233155698203861, "error_max": 0.36106280214102277, "target": "446.xyz", "model": "15.xyz", "model_rescale": 3.769337070930944, "target_rescale": 4.421205398683374},
{"mapping": [5, 7, 4, 0, 6, 9, 11, 8, 10, 2, 14], "R": [[-0.04834989575930884, -0.614971914529582, -0.7870653288767615], [0.9186256026337367, -0.3367568592455942, 0.20669257349224568], [-0.3921597758132114, -0.7130247976689617, 0.5812111046283167]], "T": [-0.030883887292855107, 0.054116569658041555, 0.08271957645819038], "aligned_model": [[-0.4510588967933596, -0.22646548120171955, -0.17154671256231876, -0.6348560952094185, 0.41210578983252, 0.40113966497564535, 0.5363790027255778, 0.2738787584810276, 0.1777671704448384, -0.46346711935982526, 0.06875004935820303], [0.007967314808717867, -0.5731144033942761, 0.6781932455542147, 0.29632397150629547, 0.26346424323403533, -0.49599980050512926, 0.37534078786824343, -0.5770819812706275, 0.4310596259884638, 0.20741330461498042, -0.01750181077957587], [-0.4973944922704666, -0.26255879836668783, -0.25531154824254604, 0.02147628210413048, -0.5677775182553432, -0.22545033767105627, -0.03801424199782556, 0.3838357831791337, 0.4798340079359271, 0.6183438591620326, 0.08723461164647858]], "inverted": true, "swapped": true, "error_lsq": 0.03895526480107712, "error_max": 0.24970284818881383, "target": "446.xyz", "model": "16.xyz", "model_rescale": 3.7852294659196426, "target_rescale": 4.421205398683374},
{"mapping": [11, 8, 12, 13, 9, 7, 1, 3, 10, 4, 5, 2, 14], "R": [[0.604119237259806, -0.5626670534168385, 0.5643099628500663], [0.43213317664744566, 0.8262867912575171, 0.36126313987721503], [-0.6695527349008576, 0.025611044347495532, 0.74232284728022]], "T": [0.0461753421030921, 0.15676202790989494, -0.1037330968023241], "aligned_model": [[0.19111022241013198, -0.38791390790093155, 0.378264540232409, 0.07919571085356986, -0.6342319956676374, -0.6389859894671233, -0.22196871348932362, -0.13177954174207948, 0.5396717642049046, 0.4350646724157105, -0.22563182839504486, 0.4969288645436925, -0.025957947781995616], [-0.17627478736440602, -0.37839593424718987, -0.4269506571814452, -0.65296256988125, -0.13193718117910105, 0.3839881504091036, 0.6303052923593406, 0.09623593197293359, -0.15793572709955303, 0.577321818414362, 0.8078815136997932, 0.24438430830204108, 0.059395465498245203], [-0.658376405441422, 0.22358223964615231, 0.37260646547526843, -0.10093787033815087, -0.29851422471198674, 0.06892334972864846, 0.45005169873080497, 0.6427135990152474, -0.13107916897709143, -0.5457934099460076, -0.23554129973108434, 0.4316780646635543, -0.1235583409707592]], "inverted": true, "swapped": true, "error_lsq": 0.045688497974889754, "error_max": 0.31402496768407245, "target": "446.xyz", "model": "17.xyz", "model_rescale": 3.901054581598922, "target_rescale": 4.421205398683374},
{"mapping": [4, 1, 8, 0, 10, 6, 11, 7, 3, 12, 5, 9, 2, 13, 14], "R": [[0.2383591423981486, 0.3680042644552217, -0.898753459285688], [-0.6776093090722775, 0.7259673581566197, 0.11754581723604343], [0.695723036483492, 0.5809855903840214, 0.42240407227241583]], "T": [0.05021673646239535, 0.002265129171460612, -0.04450028454781475], "aligned_model": [[-0.4425177311565227, 0.26725560622506095, -0.041084303066390944, 0.7473495097661402, -0.7665193544035122, -0.09850266977291611, -0.2753972884519006, 0.43194231873351563, 0.741838306793372, 0.32565307644941416, -0.15940141591066356, -0.30937026991632244, 0.5077090035213432, 0.24385749201873447, 0.04599277663408912], [-0.29046013630605355, -0.5375829567915157, 0.21311013659122668, -0.14444518719050703, -0.04123419098240837, -0.7139048873617782, -0.32755361694575036, -0.48522321680472813, 0.20776821793260541, -0.027464623009786235, 0.5830745408513042, 0.36756399299702447, 0.6151706507459171, 0.6213394080088136, 0.009237809034417415], [-0.5895678338306799, -0.42809345775361096, -0.6670970683228313, -0.3052424904874864, 0.014691903721316832, 0.12493640244156766, 0.6050580965200144, 0.19281325525642456, 0.206166772472684, 0.6448661408944231, -0.1383443280212252, 0.3695571344964987, -0.35880228771183564, 0.28222971617167875, 0.009697061718077854]], "inverted": false, "swapped": false, "error_lsq": 0.0350396481651337, "error_max": 0.26745962924932193, "target": "446.xyz", "model": "18.xyz", "model_rescale": 3.9405287249114394, "target_rescale": 4.421205398683374},
{"mapping": [10, 3, 2, 1, 11, 14, 13, 12, 0, 4, 5, 9, 6, 8, 15], "R": [[0.6599223738506947, 0.6659740683395745, 0.34782323210288857], [-0.05617986968839245, -0.41790642051536553, 0.9067513694138157], [0.7492304603612024, -0.6179261800500692, -0.23837146069878076]], "T": [0.11205912560863612, -0.04767095366708901, 0.12177619660491679], "aligned_model": [[-0.3032341513091832, 0.31986298123111245, -0.01294279313261762, 0.6101402435324603, -0.5997239816563182, -0.29296496158969726, -0.3419262841487239, 0.3661711674615851, 0.7272248174995375, 0.5870408279795984, -0.20931062877216183, -0.4377478458155741, 0.4110560233386988, 0.2965674499336329, 0.09859219291109253], [-0.2790767173433412, -0.6585397036371345, 0.2714772661143963, -0.08509205553278404, -0.04586007567677913, -0.698594087722443, -0.33057501612076895, -0.5195311610771787, 0.2530273318858219, -0.04978093160420755, 0.6549316168773738, 0.39520167779434984, 0.5014721412244629, 0.6811413847723045, -0.040805729185289914], [-0.5042325123047885, -0.434178408351668, -0.6768753025700114, -0.30954072293609713, 0.00963908930779242, 0.012261245950231425, 0.5282148568558991, 0.23541631741453747, 0.18363062685756726, 0.6777015144507276, -0.18536180428785243, 0.4227512344939309, -0.2872790222506144, 0.2058083876345574, 0.08491351730080518]], "inverted": true, "swapped": false, "error_lsq": 0.03527771037455337, "error_max": 0.27410969231467053, "target": "446.xyz", "model": "19.xyz", "model_rescale": 4.410303926677745, "target_rescale": 4.421205398683374},
{"mapping": [7, 5, 1, 9, 3, 6, 8, 0, 4, 10, 11, 12, 2, 14], "R": [[0.34108769207842093, 0.2517333907971684, 0.9056983417619671], [-0.7734260214282236, -0.4724689026790792, 0.42259356996875386], [0.534295213987853, -0.8446321305509205, 0.033543827311258934]], "T": [0.00880437202891011, -0.050292812588913084, 0.13709869341220662], "aligned_model": [[-0.15264657744821464, 0.23746200556299266, 0.42714285539094465, -0.6675692793065504, 0.20126800667734546, -0.4344767638905652, -0.45889433586339407, 0.6304491695225372, 0.3205857960407314, 0.06568910909692176, -0.3849199501793258, 0.01602518878110299, 0.569172755954288, -0.10810009087794138], [-0.06417385688805527, -0.5407882991656832, 0.12272144417040837, -0.07001061628863939, 0.5894031557484486, -0.7257145090844591, 0.5079157017014488, -0.21412143610700507, -0.6386604074737738, 0.12558628455498647, -0.3089412634156123, 0.686210484085374, 0.355045885297459, -0.013524100953694967], [-0.5872140270862661, -0.33442966134837904, -0.49367942757410976, -0.21838823800302834, -0.24534193740717644, 0.23966642295269677, -0.09011051439675238, 0.019134620854911258, 0.42018646426678596, 0.6931129676671167, 0.6036080466543514, 0.5050849249954842, 0.27569641391514477, 0.12948898323424243]], "inverted": true, "swapped": true, "error_lsq": 0.03275813243895243, "error_max": 0.18611853877504675, "target": "446.xyz", "model": "20.xyz", "model_rescale": 4.121658175737393, "target_rescale": 4.421205398683374},
{"mapping": [12, 3, 1, 2, 0, 13, 7, 10, 9, 6, 5, 4, 14], "R": [[0.6163890537894665, -0.07977478151210558, 0.7833903998666449], [-0.03777554645438265, 0.9907139356830164, 0.13060974593628574], [-0.7865351501735947, -0.11009941815542965, 0.607651689426794]], "T": [0.06870652771215022, -0.08351694548635738, -0.0487944981803429], "aligned_model": [[0.15132721925429538, 0.011014907738363694, 0.15957873534353462, 0.587712020136792, 0.5957786062457698, -0.29391747202096274, -0.38142657009910275, 0.33608173149795095, -0.6880496042926849, -0.21378253869369127, 0.1279375334637179, 0.5324872598229009, -0.04365892373258906], [-0.6772709979451806, 0.0654031411720854, 0.5363265666492302, -0.15837948364370746, 0.3004763831086158, -0.787671268584955, 0.4820678293007252, -0.6048663082008598, -0.012846968327464306, -0.06910409296447714, 0.5878209712905373, 0.011485337909671628, -0.13261420560103804], [0.5155928327895735, 0.7042051721018764, 0.4098538638163767, 0.4229579931216787, -0.004729294517692467, 0.12273569272070517, 0.11967528052696222, -0.04364224659993213, -0.12983138738560288, -0.8124730756888464, -0.2957888595008613, -0.5959734156737038, -0.042472816228743965]], "inverted": true, "swapped": true, "error_lsq": 0.04319882201634961, "error_max": 0.2059367549615151, "target": "446.xyz", "model": "21.xyz", "model_rescale": 4.08911054899281, "target_rescale": 4.421205398683374},
{"mapping": [8, 5, 6, 10, 1, 11, 2, 9, 12, 14, 0, 4, 7, 13, 16], "R": [[-0.7866073569565055, -0.6104467912518807, 0.09275549057702061], [-0.4540405244963385, 0.6736678744430742, 0.5831113076063957], [-0.4184448208509587, 0.4165648928962131, -0.8070796874592843]], "T": [0.056728646834528086, -0.03805846742951835, 0.07150967006315397], "aligned_model": [[-0.29372722861552925, 0.34275263347595203, -0.034225478798011445, 0.6836128460886497, -0.7211615796161112, -0.2557621454819982, -0.45075408184781524, 0.6304311818333471, 0.7461287183122907, 0.38150906720014954, -0.34441550422303135, -0.23012302518937847, 0.3924365042444736, 0.3223164401697184, 0.04978670991073608], [-0.3229200490250258, -0.5235830648037796, 0.2051081646077983, -0.04213289523474306, -0.17999140004440983, -0.725391614376143, 0.023140881570316213, -0.4595524084312653, 0.1482473926742389, -0.16841931936140714, 0.5715759821134975, 0.49812783978294495, 0.49382897257984315, 0.522369132702245, 0.008988326014671547], [-0.4546049341377875, -0.3529726008958059, -0.6271758562256173, -0.4365602158566038, 0.00266041808501348, -0.05425073739597834, 0.5813819571551005, 0.09900277096616573, 0.2585582572578726, 0.6094188750204461, -0.18831451314920306, 0.41284901453242273, -0.26044239521577345, 0.2997945689726851, 0.07352440845207966]], "inverted": true, "swapped": false, "error_lsq": 0.033694522625009625, "error_max": 0.24410487144555099, "target": "446.xyz", "model": "22.xyz", "model_rescale": 4.204369325754507, "target_rescale": 4.421205398683374},
{"mapping": [10, 3, 2, 1, 11, 14, 13, 12, 0, 4, 5, 9, 6, 8, 15], "R": [[0.6599223738506947, 0.6659740683395745, 0.34782323210288857], [-0.05617986968839245, -0.41790642051536553, 0.9067513694138157], [0.7492304603612024, -0.6179261800500692, -0.23837146069878076]], "T": [0.11205912560863612, -0.04767095366708901, 0.12177619660491679], "aligned_model": [[-0.3032341513091832, 0.31986298123111245, -0.01294279313261762, 0.6101402435324603, -0.5997239816563182, -0.29296496158969726, -0.3419262841487239, 0.3661711674615851, 0.7272248174995375, 0.5870408279795984, -0.20931062877216183, -0.4377478458155741, 0.4110560233386988, 0.2965674499336329, 0.09859219291109253], [-0.2790767173433412, -0.6585397036371345, 0.2714772661143963, -0.08509205553278404, -0.04586007567677913, -0.698594087722443, -0.33057501612076895, -0.5195311610771787, 0.2530273318858219, -0.04978093160420755, 0.6549316168773738, 0.39520167779434984, 0.5014721412244629, 0.6811413847723045, -0.040805729185289914], [-0.5042325123047885, -0.434178408351668, -0.6768753025700114, -0.30954072293609713, 0.00963908930779242, 0.012261245950231425, 0.5282148568558991, 0.23541631741453747, 0.18363062685756726, 0.6777015144507276, -0.18536180428785243, 0.4227512344939309, -0.2872790222506144, 0.2058083876345574, 0.08491351730080518]], "inverted": true, "swapped": false, "error_lsq": 0.03527771037455337, "error_max": 0.27410969231467053, "target": "446.xyz", "model": "23.xyz", "model_rescale": 4.410303926677745, "target_rescale": 4.421205398683374},
{"mapping": [7, 13, 11, 14, 0, 12, 2, 6, 15, 5, 10, 4, 9, 8, 16], "R": [[0.06982459580032242, -0.29215529752513636, -0.9538185403677792], [-0.4801693601270044, 0.8282544546858084, -0.28884588258851407], [0.8743923097880866, 0.4781629852060002, -0.08245148975210631]], "T": [0.04023737286570525, 0.03942048836902868, -0.09640645907242637], "aligned_model": [[-0.3221844114040988, 0.2660382141727222, 0.08912726053023831, 0.623968112851043, -0.565029777230045, -0.09906912869710008, -0.5400745683167849, 0.5425180675123298, 0.6985623016378564, 0.1444525938897323, -0.104770898407084, -0.13209568709506653, 0.4440244710117822, 0.24575950481171369, -0.07242099780379734], [-0.3233815149807241, -0.5589815107528142, 0.2569759955322683, -0.04704275728911827, -0.34812360668091524, -0.7021686830239146, -0.018230489081416244, -0.5052521603967705, 0.12543045104964032, -0.17452184077510605, 0.6710880687084638, 0.3739318503550667, 0.5023144533066446, 0.7247270244714576, 0.07263066032601972], [-0.519438435800422, -0.3881523268086502, -0.6888597203495147, -0.4279671931183392, 0.13564323925329064, 0.18074879395150192, 0.6055966512471777, 0.07372260731997554, 0.16536589491395462, 0.4858047576996559, -0.15766505427518504, 0.48003767363945515, -0.21930942983997034, 0.30834318219994283, -0.07100162246785624]], "inverted": true, "swapped": false, "error_lsq": 0.04601700138275482, "error_max": 0.32716981239500215, "target": "446.xyz", "model": "24.xyz", "model_rescale": 4.28219845311461, "target_rescale": 4.421205398683374},
{"mapping": [11, 12, 10, 14, 5, 9, 3, 13, 2, 4, 8, 1, 6, 0, 15], "R": [[-0.5054337211823239, -0.8595719807729901, 0.07531774931440532], [0.7206192649557844, -0.37248944332462325, 0.5847730239899045], [-0.474599440019027, 0.3498394267113286, 0.8076928544019164]], "T": [0.09841355552876094, -0.09649255163286505, 0.06424993946920968], "aligned_model": [[-0.0806212880534791, 0.28240413912796825, 0.008070462699412848, 0.5409358244156449, -0.721978625756957, -0.29698841394610465, -0.3673411364829341, 0.5330942095199674, 0.7499470668792371, 0.30537243670720626, -0.27542860571355265, -0.3212445061900262, 0.35250477440503036, 0.3828666612096294, 0.12721205864239915], [-0.28384425072623887, -0.6715161448304688, 0.2273479435153001, -0.04203937558582696, 0.005335879819169567, -0.6433716036358194, -0.14266243440885282, -0.49685479123584164, 0.11350168834413824, 0.020749898720069465, 0.4164690174531339, 0.29435181785209896, 0.7063089880082362, 0.5838050820097648, -0.03818577453008108], [-0.4146268055068888, -0.4047012655041481, -0.6545478611034531, -0.5532883330712247, -0.1403675581878124, 0.10238481713542416, 0.6814907787316221, 0.1249068688579476, 0.07790743381184947, 0.7556765822609941, -0.21692353731572814, 0.3488640447468695, -0.2569111967239337, 0.413299695756982, 0.09970535367651609]], "inverted": true, "swapped": false, "error_lsq": 0.038059275998100425, "error_max": 0.22518401496668888, "target": "446.xyz", "model": "25.xyz", "model_rescale": 4.100010024507729, "target_rescale": 4.421205398683374},
{"mapping": [1, 5, 4, 6, 12, 10, 2, 11, 9, 13, 8, 14], "R": [[-0.7668712890141096, 0.18032186351323848, 0.615948416366948], [0.09057406484462949, 0.9805207861339553, -0.17428518794427456], [-0.6353776553069512, -0.0778653549299254, -0.768265723326427]], "T": [-0.03462931315913349, -0.02159734747201792, 0.03853877955218419], "aligned_model": [[-0.6519730452356959, 0.008772762300742129, 0.4640916916685283, 0.6912326450244716, -0.40367094651196017, 0.1118355725231958, -0.46245369473320813, 0.5511579636864719, 0.019172222935622138, 0.0023064951869728317, -0.42665526975125456, -0.027050794730879353], [-0.46229036400718215, -0.7171711834936917, -0.1936901722265427, -0.2978395901079912, 0.7136741209452603, 0.5151597066338895, 0.26614436856516727, 0.235112871640474, -0.23176803731840676, 0.635263969189393, 0.19478021469232829, 0.008755485537941716], [0.20436531319977191, 0.21030147502673338, 0.5336995494931653, -0.20646614641336294, 0.005565253424391049, 0.2222807329223234, 0.5198832686851814, -0.1361093505976019, -0.6943832778686315, -0.43466417801157853, -0.5790850953534136, -0.0801952546526215]], "inverted": false, "swapped": true, "error_lsq": 0.05193931567666272, "error_max": 0.2733431845263975, "target": "446.xyz", "model": "26.xyz", "model_rescale": 3.6694154284099745, "target_rescale": 4.421205398683374},
