[{"mapping": [14, 11, 13, 5, 9, 3, 8, 2, 12, 6, 0, 15], "R": [[-0.053114662636441004, -0.13670466272443355, -0.9891868720329927], [-0.33782820378711886, 0.9346364621741046, -0.1110260703647693], [0.9397079000088199, 0.32827811191742995, -0.09582559103361354]], "T": [-0.020438208057953083, -0.046590312799347826, 0.03224043853831239], "aligned_model": [[-0.36213887180710086, 0.3790540568434844, 0.5211933896373145, -0.21981304086377912, -0.16270226615511046, -0.6478110818784171, 0.42400475312260116, -0.34873507330830267, 0.6535978805183161, 0.09355479442150923, -0.5000540819401778, 0.00749200387021139], [-0.4908523279026813, -0.6219539105251595, -0.36111740663672226, 0.680161951612539, 0.4942428082563402, -0.40766082527762315, -0.08384746101520091, -0.5333308703972814, -0.051704839222421466, 0.40399136118550505, 0.18238047820006995, -0.15675392230030719], [-0.5489492039702967, -0.03650493615213042, -0.6691489228398267, 0.030854315536693058, -0.5300393469211508, 0.036922288113511406, 0.5681330159953584, 0.5873693943173419, -0.02986400022583946, 0.4984918292816891, 0.26918922564039643, 0.005498086577815923]], "inverted": true, "swapped": true, "error_lsq": 0.044554204677210434, "error_max": 0.22514047832222833, "target": "448.xyz", "model": "0.xyz", "model_rescale": 3.751011558992144, "target_rescale": 4.168403957739838},
{"mapping": [11, 12, 14, 10, 7, 1, 8, 8, 4, 0, 5, 6, 2, 3, 15], "R": [[-0.914950212498188, -0.1374252415016293, 0.37944750842210007], [-0.40348343801748293, 0.3306028299568339, -0.8531722475972393], [-0.008199017935877406, -0.9337109144819674, -0.3579339384329677]], "T": [0.01869537427545378, -0.00905062492667695, 0.03965905053846016], "aligned_model": [[0.15671804726137648, 0.16852393769439736, -0.5720444616065578, 0.07283918187399174, -0.1768779393025828, -0.5238541749254914, 0.6651417859815208, 0.6651417859815208, -0.6692112287554985, 0.06230499290138327, -0.14468210898446573, 0.4302479764998347, 0.5075394352037781, -0.12008666865051595, 0.017385649916342942], [-0.038980050148379866, -0.5708511419875583, 0.4013493883483076, 0.5344116432966224, -0.7226255738980318, 0.35580789352362596, -0.2522405825567172, -0.2522405825567172, -0.06701104340020626, 0.305424664437034, -0.23825368026736637, -0.2578100492322387, 0.6279131569988498, 0.7013814656593592, 0.02248184161052242], [-0.6498460162254606, -0.3069521855919931, -0.3270939421358386, -0.5320598342101264, 0.1989729142701555, 0.16457988885410957, -0.05554691938949633, -0.05554691938949633, -0.2623672166845648, 0.5273138781191672, 0.7387261835859804, 0.4892720100235198, -0.05073997765600675, 0.04370215941226551, -0.0727476181302388]], "inverted": false, "swapped": true, "error_lsq": 0.04727337271633522, "error_max": 0.32515550223094764, "target": "448.xyz", "model": "1.xyz", "model_rescale": 3.9405287249114394, "target_rescale": 4.168403957739838},
{"mapping": [2, 10, 3, 12, 4, 0, 8, 11, 9, 5, 7, 6, 15], "R": [[0.36239986779045025, 0.7369994099606633, 0.5705245003881063], [-0.8206404947506797, 0.5425093500787694, -0.17953490872939087], [-0.44183199771046877, -0.4031320810785782, 0.801416877164707]], "T": [-0.04432053200881625, -0.041206399999377585, -0.0030283275214639215], "aligned_model": [[-0.3171433399824356, 0.24425584779230047, -0.2944995297945407, 0.45231251746263734, 0.397503273003563, -0.6127993105039806, -0.004276028538003962, 0.5547985811581856, -0.11696576732365431, -0.5456281616604186, 0.1331708379058688, -0.4390727478711593, 0.044327107635569254], [0.718183468824913, 0.6014036853843264, 0.34410410674844394, -0.17195241974255676, -0.3664837435178252, -0.01838617541244529, 0.23201675421378848, 0.3231905299801953, -0.7790354132111585, -0.5971598645825102, -0.7030976643138358, -0.1518335688706814, 0.02788289807136317], [-0.04495805760270155, -0.36208434438495923, -0.5624359069831515, 0.4379579091026961, -0.5195369390797318, -0.1251547090706834, 0.637162301239422, 0.05725791887725162, -0.28450497174337613, 0.08373286652423235, 0.3182438371465978, 0.5120842101775305, -0.0346437646144825]], "inverted": false, "swapped": true, "error_lsq": 0.04856274376277966, "error_max": 0.24603549991997256, "target": "448.xyz", "model": "2.xyz", "model_rescale": 3.932901565614263, "target_rescale": 4.168403957739838},
{"mapping": [3, 2, 10, 0, 14, 4, 11, 9, 5, 7, 8, 6, 12, 15], "R": [[-0.7979202253211816, 0.18792826890644726, 0.5727183249811558], [-0.43233791108845054, -0.8405088737326799, -0.32654060055726103], [0.4200086245055805, -0.508161193837593, 0.7519075451267146]], "T": [0.05347565827283311, -0.058526246902403815, 0.039901034930188775], "aligned_model": [[-0.1502062275138113, 0.47117647636457655, 0.2603320107603985, -0.12156020598776408, -0.39668900147598835, -0.4614685197118166, 0.4416216478841158, -0.6489117161949338, -0.3345191396286537, -0.11172135687786051, 0.7102322162968446, 0.2906278614645629, 0.3798923734591451, 0.09100349321388826], [0.015842103027725825, 0.1604804822452051, -0.4598991530335182, 0.45487563447439006, -0.5473474428933415, -0.6084146731873448, -0.6344822562140188, -0.03268599480290166, 0.47087873991616935, -0.11502388458385213, 0.06297857685394367, 0.4642386003251696, -0.41268162010403664, -0.15526247367310117], [-0.6507317151139884, -0.6161671313771112, -0.6091409604146826, -0.1707757121046274, -0.41870020764639254, 0.055711882265772894, -0.07403154132399857, 0.4071643488524466, 0.41018672983905546, 0.77633636751697, 0.23991577615209397, 0.3622119964872664, 0.5155415168882839, -0.013624986963991254]], "inverted": false, "swapped": true, "error_lsq": 0.04677917819857908, "error_max": 0.4005349570613137, "target": "448.xyz", "model": "3.xyz", "model_rescale": 3.9243930471874484, "target_rescale": 4.168403957739838},
{"mapping": [2, 11, 3, 0, 1, 8, 6, 14, 4, 13, 9, 7, 15], "R": [[0.21813137926242315, -0.08576535414487765, -0.9721435107068694], [0.8082196316017635, 0.5741954945881727, 0.13069262063389145], [0.5469915250482253, -0.8142136316858422, 0.19456729813195503]], "T": [-0.044854662029572515, -0.18385540469714323, -0.06404238274654388], "aligned_model": [[0.0986674185316375, -0.4369334629695903, 0.5406905229576254, 0.36296754068524023, 0.5705731694465433, -0.6186982514560949, -0.25967940353701296, 0.4202938485553993, 0.16801444518371322, -0.3908600470384644, 0.2686090680155613, -0.37688339420469713, -0.06955556785850792], [-0.6642086399118263, 0.12393854033735796, -0.25557146906724726, -0.582793130435119, 0.0692071830542641, -0.5644583608160222, -0.7036840803150185, 0.3848323960974366, 0.5374236067084296, 0.6864098849806184, 0.17174092200425278, 0.04938611411739416, -0.12439341307293246], [-0.6977028134966723, -0.5609330820949376, -0.48354709064871787, 0.05055901024545974, -0.0468703533222013, -0.17332833828214583, 0.2780644534275309, -0.3989162852196608, -0.01673380428656885, -0.1486456673227182, 0.5717168693104858, 0.5748428580219007, -0.16143544096078968]], "inverted": false, "swapped": true, "error_lsq": 0.04413892242068504, "error_max": 0.247176337061302, "target": "448.xyz", "model": "4.xyz", "model_rescale": 3.8936222436046832, "target_rescale": 4.168403957739838},
{"mapping": [7, 9, 13, 12, 14, 1, 0, 2, 8, 6, 11, 15], "R": [[-0.6565036520573252, -0.18429559331473822, 0.7314629786394956], [-0.3411038017722514, 0.937418623768115, -0.0699608478308402], [-0.6727935428137751, -0.29543435497156045, -0.678282677539849]], "T": [-0.07100661031716483, -0.04882625785468215, 0.06875141279348615], "aligned_model": [[0.038620830321818914, -0.5685786567507626, -0.2459013732975886, 0.32962329467245155, -0.7462414298495602, -0.7250416968121668, -0.20485127247417323, 0.11072123853595432, 0.6232841163027613, 0.36742869718201787, 0.12443927930946748, -0.0759549849251229], [-0.5764335286263653, -0.59843649716667, 0.283267818334427, -0.016575691403431722, 0.3775610806986296, -0.054650583324292734, -0.2957380440519084, 0.4274820671094013, 0.009813522180697837, -0.4915257197346085, 0.5419378377319529, 0.06222064336197523], [-0.46269136686231815, -0.21276009255709263, -0.7934344506236021, -0.4759166958649179, -0.050249672252173944, 0.19240880454862078, 0.5783825672266009, 0.6956235913190576, 0.09365640298924724, 0.2813549793316055, -0.26012843371456396, 0.033039085735054846]], "inverted": false, "swapped": true, "error_lsq": 0.044693255032800326, "error_max": 0.2136030742500767, "target": "448.xyz", "model": "5.xyz", "model_rescale": 3.6523030999806103, "target_rescale": 4.168403957739838},
{"mapping": [13, 7, 9, 4, 1, 11, 6, 10, 8, 2, 0, 3, 15], "R": [[-0.5919129291028224, -0.33063617876319784, 0.7350638078791447], [-0.07674796549877616, 0.9309645833403084, 0.35695194964841576], [-0.802339600264574, 0.15486982229884932, -0.5764256274563155]], "T": [-0.018514832142911164, 0.03723553215444229, 0.031078848016848744], "aligned_model": [[0.20480174727334916, -0.2122907358897481, 0.38429367051237623, 0.5635622235075108, 0.6265491522192795, -0.1181282355938392, -0.5213672742199563, 0.2338905134052593, -0.6945010274055139, -0.12029098102207478, 0.07560038494520516, 0.4549801677538802, 0.003983299178566085], [-0.6298780685353982, 0.2355827721697769, 0.4561119687407186, -0.20824827091188675, 0.19139608244874565, -0.659483245161968, 0.46174431018729845, -0.5552154897979044, -0.09955470495817062, -0.11262043216395418, 0.5089826924256451, 0.027751138603611787, -0.07574184888333121], [0.6550405982600861, 0.7353006223648748, 0.5706953092695025, 0.4418327578135935, -0.025612848739523845, 0.03591424180106146, 0.012630872908149217, -0.42765702390530363, -0.07104651736677836, -0.7563525237012199, -0.2963363013094625, -0.5163726008388717, 0.012073152925681549]], "inverted": true, "swapped": true, "error_lsq": 0.046952699429041705, "error_max": 0.23943003150323566, "target": "448.xyz", "model": "6.xyz", "model_rescale": 4.08911054899281, "target_rescale": 4.168403957739838},
{"mapping": [1, 9, 5, 3, 2, 8, 0, 6, 10, 14, 11, 13, 12, 7, 15], "R": [[-0.4338346278845122, 0.8421022446942437, -0.32039245485688783], [0.7097623563991518, 0.10037343875187393, -0.697253591049804], [-0.5549999217000219, -0.5298952559459652, -0.6412379469736096]], "T": [0.03979475840865965, 0.002426576591221599, -0.0761826598461979], "aligned_model": [[-0.0553185354479314, 0.5885053713526561, 0.699467512927801, -0.4516887631495793, -0.5615772513590054, 0.049744631353105806, 0.13004819122598943, 0.45525353686383474, -0.7457683326027926, -0.40918449660966744, -0.4211059448449496, -0.07274362271867282, 0.19263944874433325, 0.6960682041467116, -0.058006410082279], [-0.6443387049846747, -0.5565740132226968, -0.17571606230429831, -0.3696798878189349, 0.2518801228553846, 0.6995530946206151, -0.13772881099691942, 0.40179044092407923, -0.04725720279763482, -0.6308420136805873, 0.24415273967271667, -0.16807133155832465, 0.38539262654183887, 0.04089593637310958, 0.007301882545439622], [-0.20162228496196719, 0.04764418709646967, -0.3940161953228697, -0.4556181414282475, -0.5547095596256164, -0.07993942684412456, -0.6336900790924026, -0.39447673171224507, -0.0015674860005210067, 0.14584887703068636, 0.3976340448694823, 0.841697883974192, 0.4606443827097375, 0.29884308425353934, -0.012602522864032573]], "inverted": true, "swapped": true, "error_lsq": 0.048824129510009716, "error_max": 0.41506353794572026, "target": "448.xyz", "model": "7.xyz", "model_rescale": 3.964800864290218, "target_rescale": 4.168403957739838},
{"mapping": [2, 11, 8, 3, 6, 14, 0, 12, 13, 9, 1, 5, 7, 15], "R": [[0.13037671081552082, -0.07324281819166949, 0.9887554818357611], [-0.2354604528619528, -0.9710237205760734, -0.04088164889829839], [0.9630993138897828, -0.22748279860671156, -0.14384466595285406]], "T": [0.0158936377531877, 0.012299300653267462, 0.006915824790352694], "aligned_model": [[-0.41444696773629386, 0.2777544453291411, 0.43893788589284727, -0.6760554538365212, 0.22545219764614166, -0.41384173428698956, -0.4017076529766454, 0.672157223419311, 0.4766710483572944, -0.0005012536425252172, -0.5000178888656669, -0.016945900693658627, 0.5749943678148373, 0.018737573039600913], [-0.029944207023129367, -0.5725321482714264, 0.18638942101509595, -0.16602492782904033, 0.6121356608010964, -0.6016699151358097, 0.4169406833173904, -0.1503687162180125, -0.7233031411221053, 0.18263097199160722, -0.1229775733641096, 0.6470367224645833, 0.23057602132184785, -0.09794038576678582], [-0.675642457713354, -0.28422736961699024, -0.5192254960712842, -0.10883166627050389, -0.16539250331831146, 0.3073801226867974, -0.014953119772700842, -0.025718372208296265, 0.3685957138707802, 0.7812648504039054, 0.40519014197296116, 0.4118245418958917, 0.4679805521542955, -0.03142989928816904]], "inverted": false, "swapped": true, "error_lsq": 0.04319094724014735, "error_max": 0.3089013327032052, "target": "448.xyz", "model": "8.xyz", "model_rescale": 4.121658175737393, "target_rescale": 4.168403957739838},
{"mapping": [7, 12, 8, 6, 13, 9, 10, 3, 2, 14, 5, 0, 15], "R": [[0.9378692073502557, -0.08377485524363112, 0.3367241059578478], [0.07935591445284632, 0.9964835777837913, 0.026890854366632636], [-0.3377928192628668, 0.0015009450767972214, 0.9412192934796442]], "T": [-0.015955559188002146, -0.0006294899638269996, -0.05908241395936463], "aligned_model": [[-0.6433623000707943, -0.3151331224811051, 0.27533793294515335, 0.12986650565746652, -0.6573317327515898, -0.65897863030995, 0.37121596918179806, 0.3770967664020218, 0.7725840665876659, -0.17435816986880676, -0.25737446569729766, 0.2578268109193855, -0.0006521340787498508], [0.3061123426409154, -0.14261784805627797, 0.10542634488341016, 0.5726431404411217, -0.6546040868564941, 0.28630915306419064, -0.6768230391099485, -0.21949029907443224, -0.16305268128595904, -0.5760424966966424, 0.6873282528943981, 0.3804855657500355, -0.1152869091826072], [-0.35078305774611235, -0.6494550591472578, -0.6835812183980925, -0.34805131461859284, -0.2716687428663539, 0.3057266173646779, 0.07510314329182806, 0.5080157901342843, 0.009381629089323815, 0.4847171509924417, 0.13157999644815088, 0.28500807624119096, -0.07491757682639913]], "inverted": true, "swapped": true, "error_lsq": 0.04403374719998273, "error_max": 0.24856018401681468, "target": "448.xyz", "model": "9.xyz", "model_rescale": 3.833441315466971, "target_rescale": 4.168403957739838},
{"mapping": [4, 9, 3, 2, 0, 1, 5, 8, 11, 10, 13, 12, 7, 14, 15], "R": [[-0.3639786133208106, -0.06590433170824792, -0.9290727571655242], [0.9307885150030079, 0.010617017998324596, -0.3654039124959103], [0.03394568284120153, -0.9977694613441086, 0.0574786275543534]], "T": [-0.06582513473498554, 0.12586838971154515, -0.05226740292162471], "aligned_model": [[0.1000992763029913, 0.04279886208167795, -0.7208665387613296, -0.6093807329143798, -0.5476040965491378, -0.4559411453504889, -0.13476284397641955, 0.20191942782177308, 0.2368644334978599, -0.3370003976110885, 0.5881838802374014, 0.5889504052058051, 0.5237412554320523, -0.30301256595714016, -0.05014420116504448], [-0.525644782608991, -0.5745255773704188, 0.030611089909816896, 0.6593157400363925, 0.1328541733891955, -0.4043449293295127, -0.12914510217693106, 0.7630909033017865, 0.3390292864010689, 0.27707763524753287, -0.26338772974253044, 0.2798370601743839, -0.12915545904525447, -0.3937110863317108, 0.13920031744014966], [0.288018428124008, -0.40800213890366266, 0.24071273863782724, 0.21762997722036467, -0.37852492099522317, 0.04657743630781287, -0.7580554804070136, -0.14369394613910777, 0.5463181993533809, 0.6748811465030182, 0.49999249824498093, 0.023695806654397467, -0.4525090100930469, 0.5184240835878717, 0.0626570897264852]], "inverted": true, "swapped": true, "error_lsq": 0.0437224024356809, "error_max": 0.3144200238229977, "target": "448.xyz", "model": "10.xyz", "model_rescale": 4.2482417240324, "target_rescale": 4.168403957739838},
{"mapping": [5, 9, 13, 14, 8, 11, 12, 10, 1, 2, 0, 15], "R": [[0.2589384885139336, 0.9315273148109277, -0.2553580249909192], [-0.8798384332434198, 0.3365611748220763, 0.33557548627715394], [0.39854132853931723, 0.1377803954252098, 0.9067421750875985]], "T": [-0.14903501293066873, 0.06491360711774172, -0.04862729045882716], "aligned_model": [[-0.7157794799754047, -0.2495446997612409, 0.44813104864868153, 0.5829575186804792, -0.47574142497146854, 0.3127696531742555, -0.1844161370714215, 0.5011751699208258, 0.1577620454400938, -0.03585332293979285, -0.4172841940066923, -0.04741057477530805], [-0.4197090753743704, -0.7137825168267173, -0.0999403360474933, -0.22801849426838147, 0.6346248031435596, 0.47635053110244385, 0.24462622512468965, 0.4549040838948559, -0.40353235106612195, 0.6513182370998194, -0.04815212723676793, 0.1174424105051235], [-0.15754314701543487, 0.06285469732639244, 0.658801143345489, -0.22265947102489428, 0.1854465629804947, 0.28725866308958403, 0.6030316075710886, -0.27285801583167596, -0.40851743606666724, -0.5928541500262884, -0.5524747414663479, -0.025293423027383737]], "inverted": false, "swapped": true, "error_lsq": 0.04386051825716809, "error_max": 0.2898443170132948, "target": "448.xyz", "model": "11.xyz", "model_rescale": 3.6694154284099745, "target_rescale": 4.168403957739838},
{"mapping": [11, 14, 1, 4, 13, 8, 12, 6, 9, 5, 0, 7, 2, 15], "R": [[-0.9156149899358422, -0.07291148008682719, -0.3953898155951115], [-0.40145584166071013, 0.11207334282104109, 0.9089954747001817], [-0.021963547101479186, 0.9910214336231413, -0.13188677226414897]], "T": [-0.0833975246697814, 0.0376975198184684, -0.014056163221915174], "aligned_model": [[-0.009570960621089364, 0.128239782787625, 0.018958781982269524, 0.5017173453225925, 0.6642148849795559, -0.34775642459275813, 0.27083691447664254, -0.2983463289441627, 0.48274733120271024, 0.035291800376206064, -0.43438123180991833, 0.5056054661910601, -0.8396871487589626, -0.079605362335961], [-0.3699552606270472, 0.5294368886437177, 0.6794056400515238, 0.35475653106581767, -0.190039249391885, -0.5935873865904121, -0.5384868765597747, -0.20063668445381094, 0.48059234771006737, 0.31770931980398476, 0.3966918967444383, -0.1694144742237098, 0.02569142243701071, 0.008823173526333501], [-0.5830307803018023, -0.6184662272257273, -0.15835045480995186, -0.3674807563058513, -0.5369813639170897, 0.11895599555132814, -0.04120891429426654, 0.5607502629167643, 0.3209397439014926, 0.6754562261592556, 0.28011591563255256, 0.41372781805992576, -0.2982131934164569, -0.12711881229775696]], "inverted": true, "swapped": true, "error_lsq": 0.04151439054784083, "error_max": 0.2582262339794259, "target": "448.xyz", "model": "12.xyz", "model_rescale": 3.9764082729961374, "target_rescale": 4.168403957739838},
{"mapping": [13, 10, 5, 12, 8, 14, 6, 3, 4, 11, 9, 0, 7, 2, 1, 15], "R": [[0.8804424526151194, 0.1506838817684344, -0.4495725251928434], [0.2765803730694714, 0.6069267848920142, 0.7450793078682262], [0.38512904962599925, -0.7803423899518976, 0.4926879028130643]], "T": [0.020997286688516664, 0.07678007937347736, -0.0642074070058788], "aligned_model": [[-0.047183822547949394, 0.6203512084508059, -0.800749318238346, -0.06238334433842847, 0.7161118866538572, 0.15916718321892226, -0.4586083102872174, 0.5525499844624404, -0.4101619205746423, 0.6331247832273579, -0.3025592665982616, -0.22298289397277613, 0.14413238608356216, 0.4231286462252726, 0.30828004546935517, 0.018751942343483347], [-0.3492446702571283, 0.16772929176328677, 0.2422756064486028, 0.22178848050918804, 0.14508210023226858, -0.7091125343316744, -0.5169689321729098, -0.3282601724026511, 0.0073174502444828815, -0.39088555460428104, 0.5672686504294318, 0.6156429230678775, 0.2684525943870535, 0.7002246722042751, 0.5630446855383391, 0.020481161851132003], [-0.49818297686248236, -0.5920805131517615, -0.05125929347458581, -0.6800269982157408, 0.044435878613522134, -0.018491775198678298, -0.031050381559231663, 0.4474932586610768, 0.5060034337591142, -0.256907903960824, -0.19160931047003565, 0.356753922135325, 0.656301505644293, 0.2288228358928377, -0.3546173372073065, 0.027520806143916554]], "inverted": true, "swapped": false, "error_lsq": 0.04781842105622874, "error_max": 0.3009522867865473, "target": "448.xyz", "model": "13.xyz", "model_rescale": 4.170626492500431, "target_rescale": 4.168403957739838},
{"mapping": [6, 7, 8, 12, 2, 10, 11, 5, 0, 9, 1, 4, 3, 15], "R": [[-0.2802365000347581, -0.7032638517539952, -0.6533662517029818], [-0.5444590323166135, 0.6770142578227336, -0.49519294909518885], [0.7905895687252179, 0.21696001825421252, -0.5726224622751067]], "T": [-0.020139589454506737, 0.020232297961717258, 0.036816479792077667], "aligned_model": [[0.3155861566504757, -0.21101260812845157, -0.14369683369908087, -0.5599149205797032, 0.2295366325213698, -0.2868422692639911, -0.6343318043038759, 0.48642313037080526, 0.5575670045865603, 0.10997554050750481, 0.19416123712584926, -0.38749688880266536, 0.28005179698425625, -0.10682315187741015], [-0.3083122461811702, -0.7119552895022578, -0.0070666735939251685, -0.2776128098144139, 0.7187371700083581, 0.7601414629635023, 0.33486474413102, -0.5286201680849626, 0.08238470351605805, -0.5265977838081211, 0.16207833401267813, -0.04334365007235576, 0.603491335068789, 0.09788533928246622], [-0.4244375877581208, 0.0537830194058537, -0.6488123330187352, -0.2427164379125253, -0.283520979140261, 0.11774472078772416, -0.10152228151995166, 0.13719715780728442, 0.06837447410629774, 0.5962313516179961, 0.6508537958022605, 0.6916458347717405, 0.34289585616922236, 0.04615651000208098]], "inverted": false, "swapped": true, "error_lsq": 0.05041612702471554, "error_max": 0.2875733017520293, "target": "448.xyz", "model": "14.xyz", "model_rescale": 3.9786697098870705, "target_rescale": 4.168403957739838},
{"mapping": [2, 8, 10, 3, 11, 4, 6, 7, 1, 0, 12, 15], "R": [[0.46571378410838177, 0.38688655001198635, -0.7958828234804887], [0.6307453067726131, 0.48570327382153183, 0.6051881424675869], [0.6207020454902448, -0.7838438155773566, -0.017828166068253066]], "T": [0.019056598575354362, -0.0034493702962069828, 0.07669152201543562], "aligned_model": [[0.038682023902270136, -0.6288978279600046, 0.35901479671952297, 0.5669323559653691, -0.05201515212836918, 0.5448356388826838, -0.4925166547575117, -0.2826420981660154, 0.6587726255844844, 0.14055058814141588, -0.4179742124456658, 0.04861251302915694], [-0.5335953030050448, -0.05851593478289294, 0.028554813875353913, -0.3822358507973478, 0.42326405492112995, 0.5208166010963344, -0.32573516535804037, 0.4054346116428005, -0.08573262844751675, -0.5427325761464069, 0.5113937300971302, 0.053758137128939815], [-0.5327537112921054, -0.17474680047845487, -0.6364349939492503, -0.20675779295356117, -0.47849108293233766, 0.2051296888865941, 0.33713975428280396, 0.6375933152544538, 0.24125104888958093, 0.2583961496590657, 0.030340463843865538, -0.020699545336824096]], "inverted": false, "swapped": true, "error_lsq": 0.05274650207294277, "error_max": 0.2946862571898684, "target": "448.xyz", "model": "15.xyz", "model_rescale": 3.769337070930944, "target_rescale": 4.168403957739838},
{"mapping": [6, 2, 7, 12, 5, 0, 9, 3, 4, 11, 15], "R": [[-0.5530741974468617, 0.3111910224135671, 0.772831857319371], [-0.7745354084584207, 0.14968240949897454, -0.6145649496438346], [-0.30692642956033844, -0.9384856545817737, 0.15824298714812796]], "T": [-0.06715626796228114, -0.00048067270043925664, 0.009794907760087332], "aligned_model": [[-0.20844558139156666, -0.2755252357341447, -0.06741338689107401, -0.5627857673658898, 0.3733740270373745, 0.2790529434008786, 0.5318536021433536, 0.2769123283868107, 0.26400341871448396, -0.5694995661492731, -0.11890065145978244], [-0.006132324039055788, -0.7795870590863451, 0.7071550408774864, 0.4593061437899939, 0.2164740120756298, -0.34125992513808084, 0.5126771314543029, -0.5673746819002594, 0.38996183170159093, 0.022946932165492255, -0.018102604275412822], [-0.6331778736725607, 0.05918085364201843, -0.2586648969023657, 0.043783892747282144, -0.5618560548581564, -0.31053682715732434, -0.07238980946009749, 0.3000336729900904, 0.562680685631342, 0.5022028930144493, 0.11296107124909945]], "inverted": true, "swapped": true, "error_lsq": 0.04409793774073492, "error_max": 0.2073554522004076, "target": "448.xyz", "model": "16.xyz", "model_rescale": 3.7852294659196426, "target_rescale": 4.168403957739838},
{"mapping": [8, 0, 3, 2, 6, 5, 9, 1, 11, 12, 7, 4, 15], "R": [[0.09296839410431623, 0.9743198680321403, 0.20507967343327121], [0.8391926252615332, -0.18752327156385912, 0.5104809108366766], [0.5358289049727722, 0.12464275903485039, -0.8350757853128421]], "T": [0.03501890957048372, 0.02718747589758777, -0.020448862578450935], "aligned_model": [[0.010790498965116732, -0.416462920875301, 0.12851577200291753, 0.12479929954063727, -0.4927145606651069, -0.6548625793044901, -0.2587766716449764, 0.028685723175238445, 0.6906612939932598, 0.29331081087828065, -0.1723583690731172, 0.42291981918938326, 0.14925773403444026], [-0.12257222393183334, -0.2667403356614114, -0.4907797343432646, -0.7721388075827996, 0.0029847690759411544, 0.29827646795219753, 0.6127181884972068, 0.01781441914030127, -0.013470023190217284, 0.41979234543081245, 0.7287559740167396, 0.45724335717002074, 0.003171227129180894], [-0.7009512592209705, 0.19949280170851152, 0.47650069555910907, -0.09713219715975, -0.4132849890879845, 0.11554889040150298, 0.4264695027348352, 0.6451027914849217, -0.2731211747967488, -0.5076392550694581, -0.2143956148319949, 0.46160880409194444, -0.022444298670743934]], "inverted": false, "swapped": true, "error_lsq": 0.04551465156714651, "error_max": 0.2416375385811714, "target": "448.xyz", "model": "17.xyz", "model_rescale": 3.901054581598922, "target_rescale": 4.168403957739838},
{"mapping": [11, 12, 14, 10, 7, 1, 8, 8, 4, 0, 5, 6, 2, 3, 15], "R": [[-0.914950212498188, -0.1374252415016293, 0.37944750842210007], [-0.40348343801748293, 0.3306028299568339, -0.8531722475972393], [-0.008199017935877406, -0.9337109144819674, -0.3579339384329677]], "T": [0.01869537427545378, -0.00905062492667695, 0.03965905053846016], "aligned_model": [[0.15671804726137648, 0.16852393769439736, -0.5720444616065578, 0.07283918187399174, -0.1768779393025828, -0.5238541749254914, 0.6651417859815208, 0.6651417859815208, -0.6692112287554985, 0.06230499290138327, -0.14468210898446573, 0.4302479764998347, 0.5075394352037781, -0.12008666865051595, 0.017385649916342942], [-0.038980050148379866, -0.5708511419875583, 0.4013493883483076, 0.5344116432966224, -0.7226255738980318, 0.35580789352362596, -0.2522405825567172, -0.2522405825567172, -0.06701104340020626, 0.305424664437034, -0.23825368026736637, -0.2578100492322387, 0.6279131569988498, 0.7013814656593592, 0.02248184161052242], [-0.6498460162254606, -0.3069521855919931, -0.3270939421358386, -0.5320598342101264, 0.1989729142701555, 0.16457988885410957, -0.05554691938949633, -0.05554691938949633, -0.2623672166845648, 0.5273138781191672, 0.7387261835859804, 0.4892720100235198, -0.05073997765600675, 0.04370215941226551, -0.0727476181302388]], "inverted": false, "swapped": true, "error_lsq": 0.04727337271633522, "error_max": 0.32515550223094764, "target": "448.xyz", "model": "18.xyz", "model_rescale": 3.9405287249114394, "target_rescale": 4.168403957739838},
{"mapping": [11, 13, 10, 14, 4, 9, 5, 8, 2, 7, 3, 1, 6, 0, 12, 15], "R": [[0.9359337425860209, -0.344356675020537, 0.07380047328929766], [0.35037530295452035, 0.8893085467009162, -0.2938834051868744], [0.0355693206071202, 0.3009132584874, 0.9529879507622555]], "T": [0.15311373439282028, 0.12998291990796645, -0.08814930399242485], "aligned_model": [[-0.2417865638808489, 0.28474576021540987, -0.6165987884887317, -0.21573687836456956, 0.847758444038583, 0.26538917619882263, -0.14406862567208883, 0.42015745622804224, -0.5640616929227237, 0.7153163976053705, -0.3558992978300669, -0.033255491888174005, -0.0028945610477877637, 0.5108127889661795, 0.28551061198761274, 0.11558045443240855], [-0.3602577041935063, -0.09954169615521849, 0.11849075287097321, 0.28980121259926217, 0.35334044185136065, -0.6231960095033449, -0.49734988715475376, -0.23459159963406556, 0.0031619942628618725, -0.2931254320535133, 0.8023200590238466, 0.6074229325899025, 0.07315365285296668, 0.362453084750513, 0.5990023844573684, 0.12375156634264024], [-0.43876460143932994, -0.705661494779664, -0.24725492665434187, -0.7500755089925917, -0.040766043567054516, -0.18367716597327857, 0.3694518725881496, 0.5185180067018684, 0.3860881284043992, -0.11123689629866762, -0.20771978223308782, 0.32758735516230364, 0.6403527905494697, 0.4510012007568106, -0.33841090889084835, -0.07632687458469767]], "inverted": true, "swapped": false, "error_lsq": 0.038904591152597645, "error_max": 0.2468203629370748, "target": "448.xyz", "model": "19.xyz", "model_rescale": 4.410303926677745, "target_rescale": 4.168403957739838},
{"mapping": [2, 11, 8, 3, 6, 14, 0, 12, 13, 9, 1, 5, 7, 15], "R": [[0.13037671081552082, -0.07324281819166949, 0.9887554818357611], [-0.2354604528619528, -0.9710237205760734, -0.04088164889829839], [0.9630993138897828, -0.22748279860671156, -0.14384466595285406]], "T": [0.0158936377531877, 0.012299300653267462, 0.006915824790352694], "aligned_model": [[-0.41444696773629386, 0.2777544453291411, 0.43893788589284727, -0.6760554538365212, 0.22545219764614166, -0.41384173428698956, -0.4017076529766454, 0.672157223419311, 0.4766710483572944, -0.0005012536425252172, -0.5000178888656669, -0.016945900693658627, 0.5749943678148373, 0.018737573039600913], [-0.029944207023129367, -0.5725321482714264, 0.18638942101509595, -0.16602492782904033, 0.6121356608010964, -0.6016699151358097, 0.4169406833173904, -0.1503687162180125, -0.7233031411221053, 0.18263097199160722, -0.1229775733641096, 0.6470367224645833, 0.23057602132184785, -0.09794038576678582], [-0.675642457713354, -0.28422736961699024, -0.5192254960712842, -0.10883166627050389, -0.16539250331831146, 0.3073801226867974, -0.014953119772700842, -0.025718372208296265, 0.3685957138707802, 0.7812648504039054, 0.40519014197296116, 0.4118245418958917, 0.4679805521542955, -0.03142989928816904]], "inverted": false, "swapped": true, "error_lsq": 0.04319094724014735, "error_max": 0.3089013327032052, "target": "448.xyz", "model": "20.xyz", "model_rescale": 4.121658175737393, "target_rescale": 4.168403957739838},
{"mapping": [13, 7, 9, 4, 1, 11, 6, 10, 8, 2, 0, 3, 15], "R": [[-0.5919129291028224, -0.33063617876319784, 0.7350638078791447], [-0.07674796549877616, 0.9309645833403084, 0.35695194964841576], [-0.802339600264574, 0.15486982229884932, -0.5764256274563155]], "T": [-0.018514832142911164, 0.03723553215444229, 0.031078848016848744], "aligned_model": [[0.20480174727334916, -0.2122907358897481, 0.38429367051237623, 0.5635622235075108, 0.6265491522192795, -0.1181282355938392, -0.5213672742199563, 0.2338905134052593, -0.6945010274055139, -0.12029098102207478, 0.07560038494520516, 0.4549801677538802, 0.003983299178566085], [-0.6298780685353982, 0.2355827721697769, 0.4561119687407186, -0.20824827091188675, 0.19139608244874565, -0.659483245161968, 0.46174431018729845, -0.5552154897979044, -0.09955470495817062, -0.11262043216395418, 0.5089826924256451, 0.027751138603611787, -0.07574184888333121], [0.6550405982600861, 0.7353006223648748, 0.5706953092695025, 0.4418327578135935, -0.025612848739523845, 0.03591424180106146, 0.012630872908149217, -0.42765702390530363, -0.07104651736677836, -0.7563525237012199, -0.2963363013094625, -0.5163726008388717, 0.012073152925681549]], "inverted": true, "swapped": true, "error_lsq": 0.046952699429041705, "error_max": 0.23943003150323566, "target": "448.xyz", "model": "21.xyz", "model_rescale": 4.08911054899281, "target_rescale": 4.168403957739838},
{"mapping": [13, 14, 10, 12, 15, 4, 0, 1, 6, 2, 9, 5, 8, 11, 14, 16], "R": [[-0.3377490891529444, -0.3583571865214475, 0.870348022141022], [-0.034528591106023326, 0.928780988018356, 0.3690171441706739], [-0.9406026414871425, 0.09458331334902237, -0.3260685014890755]], "T": [0.058716457952328494, 0.04617524256071807, -0.020234716763021597], "aligned_model": [[-0.1642829168384241, 0.3119672570609109, -0.6547942850337161, -0.2761754439574915, 0.7447827983354451, 0.23841637982715583, -0.15485783307694176, 0.5089752461912516, -0.4882144312028356, 0.6820653351459905, -0.06919372152483805, -0.2008295234725082, 0.0025193988016454782, 0.43428631046549, 0.3119672570609109, 0.044337361795391175], [-0.3232118285339093, 0.2663543861244512, 0.4192020978242213, 0.21578127869414002, 0.29095080289994846, -0.5934551761918102, -0.6519189056509418, -0.2184132487373441, -0.13576516735342467, -0.3156009813337796, 0.6944118464529734, 0.6506000696500233, 0.16745091407470214, 0.48993603630015825, 0.2663543861244512, 0.0021592425634332016], [-0.5207888462828012, -0.5672335864487542, -0.07398222006001956, -0.655884551637866, -0.05031659749057262, -0.23206731895731425, 0.23885982317029333, 0.5774761959299554, 0.4523416456162072, -0.06275495311339599, -0.28664774745572785, 0.23478599979241768, 0.6601299796327572, 0.477677598892488, -0.5672335864487542, -0.03125668438947356]], "inverted": false, "swapped": false, "error_lsq": 0.04419096296984148, "error_max": 0.3249558752943854, "target": "448.xyz", "model": "22.xyz", "model_rescale": 4.204369325754507, "target_rescale": 4.168403957739838},
{"mapping": [11, 13, 10, 14, 4, 9, 5, 8, 2, 7, 3, 1, 6, 0, 12, 15], "R": [[0.9359337425860209, -0.344356675020537, 0.07380047328929766], [0.35037530295452035, 0.8893085467009162, -0.2938834051868744], [0.0355693206071202, 0.3009132584874, 0.9529879507622555]], "T": [0.15311373439282028, 0.12998291990796645, -0.08814930399242485], "aligned_model": [[-0.2417865638808489, 0.28474576021540987, -0.6165987884887317, -0.21573687836456956, 0.847758444038583, 0.26538917619882263, -0.14406862567208883, 0.42015745622804224, -0.5640616929227237, 0.7153163976053705, -0.3558992978300669, -0.033255491888174005, -0.0028945610477877637, 0.5108127889661795, 0.28551061198761274, 0.11558045443240855], [-0.3602577041935063, -0.09954169615521849, 0.11849075287097321, 0.28980121259926217, 0.35334044185136065, -0.6231960095033449, -0.49734988715475376, -0.23459159963406556, 0.0031619942628618725, -0.2931254320535133, 0.8023200590238466, 0.6074229325899025, 0.07315365285296668, 0.362453084750513, 0.5990023844573684, 0.12375156634264024], [-0.43876460143932994, -0.705661494779664, -0.24725492665434187, -0.7500755089925917, -0.040766043567054516, -0.18367716597327857, 0.3694518725881496, 0.5185180067018684, 0.3860881284043992, -0.11123689629866762, -0.20771978223308782, 0.32758735516230364, 0.6403527905494697, 0.4510012007568106, -0.33841090889084835, -0.07632687458469767]], "inverted": true, "swapped": false, "error_lsq": 0.038904591152597645, "error_max": 0.2468203629370748, "target": "448.xyz", "model": "23.xyz", "model_rescale": 4.410303926677745, "target_rescale": 4.168403957739838},
{"mapping": [11, 7, 14, 13, 0, 1, 10, 3, 8, 1, 6, 5, 4, 2, 12, 16], "R": [[0.2088527239129629, 0.04489437748331665, 0.9769160836963027], [0.9028453731850203, -0.39275484384736503, -0.17496818211558862], [0.3758334362886537, 0.9185467475881768, -0.12256059996036678]], "T": [-0.09082673253278599, 0.08691154591371537, -0.07044149119449314], "aligned_model": [[-0.2846183781889257, 0.31935389543478737, -0.644997507494584, -0.13032295146340434, 0.6347514440021184, 0.47208120189127706, -0.18158988669102386, 0.5582778205990316, -0.46865088976698693, 0.47208120189127706, -0.34903405972954, -0.04198677058050722, 0.02521348779069575, 0.5556866767857773, 0.32906906610005293, 0.0056548389973915675], [-0.41531843501768545, -0.04165604714811409, 0.14508518260558412, 0.40884100771089227, 0.29573973583475005, -0.5526237829278262, -0.4482064431876414, -0.2008106898086674, -0.078287013566687, -0.5526237829278262, 0.7506267150766882, 0.6330439688431664, 0.14571280973397546, 0.36020679614450885, 0.7348956655663416, 0.0402100659758339], [-0.4035050450971872, -0.5775441663370257, -0.4547077663044985, -0.6941305917456425, -0.05275228779933876, -0.17273797254313705, 0.28899519845054467, 0.4819444054470834, 0.6406597740345314, -0.17273797254313705, -0.3363535822408995, 0.2377079338733459, 0.605547748092323, 0.5128458041848556, -0.29400341494762106, -0.0161229137747581]], "inverted": true, "swapped": false, "error_lsq": 0.04536766167128516, "error_max": 0.3163673991032165, "target": "448.xyz", "model": "24.xyz", "model_rescale": 4.28219845311461, "target_rescale": 4.168403957739838},
{"mapping": [4, 1, 7, 3, 8, 0, 2, 6, 13, 0, 9, 11, 14, 10, 5, 15], "R": [[-0.9701328309781964, 0.1375418660690264, -0.19981122425049247], [-0.24186918109181543, -0.6112352546183942, 0.7535852723810105], [-0.018482139924943117, 0.7794059908608845, 0.6262465264685769]], "T": [-0.03355510103815425, 0.15095944175833903, 0.0037137865420701216], "aligned_model": [[-0.24581546257789372, 0.3564129863026847, -0.7317805157807294, -0.12156822803135169, 0.6423672344212058, 0.3336390641812858, -0.08883239382526385, 0.6833799751558626, -0.5570037210089629, 0.3336390641812858, -0.37985010773885336, 0.034149815956131216, 0.07003973531164774, 0.5290637749035074, 0.41871236826664227, -0.005584400139762181], [-0.40511514909586693, 0.10842387041540347, 0.11640172071371385, 0.18729173448552233, 0.3041555625174407, -0.5634025418118402, -0.4186956977510224, -0.2609852316409151, 0.011657580658254757, -0.5634025418118402, 0.6802400766586865, 0.6136821034109139, 0.12705139056109993, 0.42091671488083443, 0.7828184916445273, 0.08379766907238119], [-0.42099218392580384, -0.5022437362530052, -0.33809469766214884, -0.7650377980689081, -0.03636116748598838, -0.13914829203123014, 0.3795029126761529, 0.3621866830652004, 0.24766663174317322, -0.13914829203123014, -0.23464615500121344, 0.28260597692492795, 0.7579293657130635, 0.4939054734873769, -0.34483887547573744, -0.010180694925190352]], "inverted": false, "swapped": false, "error_lsq": 0.04997280979907081, "error_max": 0.43196672345549847, "target": "448.xyz", "model": "25.xyz", "model_rescale": 4.100010024507729, "target_rescale": 4.168403957739838},
{"mapping": [5, 9, 13, 14, 8, 11, 12, 10, 1, 2, 0, 15], "R": [[0.2589384885139336, 0.9315273148109277, -0.2553580249909192], [-0.8798384332434198, 0.3365611748220763, 0.33557548627715394], [0.39854132853931723, 0.1377803954252098, 0.9067421750875985]], "T": [-0.14903501293066873, 0.06491360711774172, -0.04862729045882716], "aligned_model": [[-0.7157794799754047, -0.2495446997612409, 0.44813104864868153, 0.5829575186804792, -0.47574142497146854, 0.3127696531742555, -0.1844161370714215, 0.5011751699208258, 0.1577620454400938, -0.03585332293979285, -0.4172841940066923, -0.04741057477530805], [-0.4197090753743704, -0.7137825168267173, -0.0999403360474933, -0.22801849426838147, 0.6346248031435596, 0.47635053110244385, 0.24462622512468965, 0.4549040838948559, -0.40353235106612195, 0.6513182370998194, -0.04815212723676793, 0.1174424105051235], [-0.15754314701543487, 0.06285469732639244, 0.658801143345489, -0.22265947102489428, 0.1854465629804947, 0.28725866308958403, 0.6030316075710886, -0.27285801583167596, -0.40851743606666724, -0.5928541500262884, -0.5524747414663479, -0.025293423027383737]], "inverted": false, "swapped": true, "error_lsq": 0.04386051825716809, "error_max": 0.2898443170132948, "target": "448.xyz", "model": "26.xyz", "model_rescale": 3.6694154284099745, "target_rescale": 4.168403957739838},
