[{"mapping": [6, 7, 10, 1, 8, 12, 4, 11, 3, 0, 2, 13], "R": [[0.9014788238629676, -0.43140191535108785, -0.035047361641836666], [-0.3842477055027419, -0.7604071926414393, -0.5235786494835742], [0.19922256634859148, 0.4854619334310139, -0.8512561778024891]], "T": [-0.10312724033800799, -0.007652941063833157, 0.005552685697172393], "aligned_model": [[-0.20001371823509528, 0.23106306816560065, 0.4716876239814063, -0.12605539153196355, -0.2466465127860078, -0.756714735100284, 0.4645024826640298, -0.24578786545612485, 0.6815099745047792, 0.06600292887834353, -0.47496163470665986, -0.02694375791747604], [-0.39367471761323725, -0.5382029924125129, -0.4091742927767933, 0.7049804594291733, 0.27342946670407264, -0.3369248917491967, -0.17081731164146197, -0.6005267719369595, 0.07613441896529062, 0.37968037313475045, 0.03312149509532536, 0.03552980077860636], [-0.4420550571541375, 0.049570246088117456, -0.5390115781864767, -0.07698568457886683, -0.6424119424015963, -0.09856689475944784, 0.6155452943290973, 0.4185600643635473, -0.039637315975149856, 0.5282143101667875, 0.507274667839563, -0.09854436437787506]], "inverted": false, "swapped": true, "error_lsq": 0.0480550504495875, "error_max": 0.28079791064752047, "target": "449.xyz", "model": "0.xyz", "model_rescale": 3.751011558992144, "target_rescale": 4.051579029492614},
{"mapping": [8, 1, 2, 10, 5, 0, 12, 9, 7, 6, 11, 13, 3, 14], "R": [[0.2645079881290767, 0.028479705059063554, -0.963962878235286], [0.29566236930721507, -0.953823995764873, 0.052948545577528365], [-0.9179429653260338, -0.29901286176831987, -0.26071444322393694]], "T": [0.10195747533833757, -0.10767328970968101, -0.042442407952541734], "aligned_model": [[0.11645714758328807, -0.3280577886883912, -0.22634575290743572, 0.8700061544589557, 0.4374902117584606, -0.6470311473642882, -0.022575054546110793, 0.6247927971020838, -0.34032453914774186, 0.08204202399664753, 0.45253904238487697, 0.15576807956276123, -0.44043290506402955, 0.11902097442077933], [-0.15372827428888997, -0.6401547992569946, 0.48333013719892026, -0.3949277437536204, 0.3078689853806833, -0.09402094681777634, 0.18114465155751083, 0.23321958054370426, -0.33722319073443113, -0.7361508309809336, -0.2951045594846959, 0.6112589953439709, 0.38319776923826454, -0.08520415901814309], [-0.7043237795291034, -0.17372783795173544, -0.518541180996331, -0.04875535194505671, -0.3662146232502235, -0.16216782336243135, 0.6306481876436015, 0.16880365393004687, 0.39501671745108613, 0.3678563858375918, 0.649434078773517, 0.04555183436544016, 0.17724866662053462, 0.004544692494257353]], "inverted": true, "swapped": false, "error_lsq": 0.04061654817127846, "error_max": 0.30334053113020776, "target": "449.xyz", "model": "1.xyz", "model_rescale": 3.9405287249114394, "target_rescale": 4.051579029492614},
{"mapping": [8, 9, 1, 7, 3, 5, 6, 10, 4, 2, 11, 12, 13], "R": [[-0.9020221356898603, 0.10635939970483141, -0.41838229506030844], [0.3785906303981562, 0.6605872866529232, -0.6483005254411377], [0.2074251703632657, -0.7431770413615834, -0.6361310272992613]], "T": [-0.12997639200564348, -0.09720058143377452, -0.009992604985553672], "aligned_model": [[-0.23963508984634224, 0.30893202626964544, -0.47598099534907506, 0.3993655577640016, 0.5022396876210771, -0.8432200713961197, 0.07744133394184363, 0.6742364857452877, 0.28928671228600156, -0.578143557967451, -0.05722131563032465, -0.49847690570232434, -0.06284058845228864], [0.6150743785998417, 0.5301304090204291, 0.2025981881001251, -0.3289368695146615, -0.09053828270288883, 0.06631797197369202, 0.21575112100145855, 0.2497977250178608, -0.7706376367510122, -0.530864359017513, -0.6602633494979915, -0.048372796995820866, 0.008776094338497825], [-0.020122367311224704, -0.34878138086420896, -0.562791084030438, 0.23739263690885867, -0.484309439290516, -0.05503138263216992, 0.45668888375785854, 0.1349749231107499, -0.31267738945997287, 0.04225907642329789, 0.4591486809908799, 0.6289602389117076, -0.06259104692617792]], "inverted": true, "swapped": true, "error_lsq": 0.03983032862539831, "error_max": 0.2554272978271689, "target": "449.xyz", "model": "2.xyz", "model_rescale": 3.932901565614263, "target_rescale": 4.051579029492614},
{"mapping": [3, 11, 0, 9, 7, 1, 6, 5, 10, 12, 12, 4, 2, 13], "R": [[-0.6742719027935875, -0.3151625192920393, 0.6678547653020154], [-0.4737407482789048, -0.5091527099211255, -0.7185633036832023], [0.566504284646867, -0.8008970623079282, 0.19400203881215328]], "T": [0.045692993799340956, -0.07215300869812716, -0.1433561967703306], "aligned_model": [[-0.0739494340074742, -0.22202370924422477, -0.2618387572001618, 0.7158461886462869, 0.6493258470258629, -0.6886574043307397, -0.04708266121360179, 0.536302855325818, -0.26583878156678314, 0.29608678942370814, 0.29608678942370814, 0.21075980641425524, -0.3677592996742591, 0.07609101452746128], [-0.1100160585305069, -0.9080082921574553, 0.44424630896203277, -0.3520467156189713, 0.20778349383737474, 0.011033072600675792, 0.09261248212448006, 0.11178327975375377, -0.4980783275656785, -0.3880285337165965, -0.3880285337165965, 0.7726083941428358, 0.5675164031621741, -0.09987135834995296], [-0.6382678626331396, -0.3088325104591426, -0.4395086845030999, -0.032238476980077785, -0.4022103649827461, -0.09258032103692292, 0.513101929504806, 0.3488521851353258, 0.34108267035950446, 0.5052233357209932, 0.5052233357209932, 0.0061681296153679455, 0.1944012572259006, -0.03504100260656809]], "inverted": false, "swapped": false, "error_lsq": 0.05352310096147609, "error_max": 0.35647069455674224, "target": "449.xyz", "model": "3.xyz", "model_rescale": 3.9243930471874484, "target_rescale": 4.051579029492614},
{"mapping": [9, 1, 8, 6, 12, 3, 7, 5, 2, 0, 11, 4, 13], "R": [[0.7044888539407425, -0.42299975456931316, -0.5698830251091538], [0.4975867369719036, -0.2781806336805085, 0.8215978178128059], [-0.5060660963381296, -0.8623727399908997, 0.01450391180596966]], "T": [0.055978849821383195, -0.06086262931474566, -0.08292102414622916], "aligned_model": [[-0.19306325042977263, -0.13908819835209468, 0.3502109044169102, 0.4600221197828625, 0.7621506340792396, -0.6114688946413159, -0.057072255384129314, 0.3925169320294513, 0.14237874305902976, -0.44056074434076614, 0.20906142330511324, -0.6187015774615542, 0.020820050248378803], [-0.6809038995874384, 0.18288610332881766, -0.3446484337557479, -0.495900180373138, 0.08042110128792358, -0.4832808423817858, -0.42632349800036123, 0.44877809227842674, 0.5254748930037871, 0.3909045310746669, 0.07684730380540959, 0.014404361009934544, -0.16082997800890797], [-0.5873905091893235, -0.7292336793176764, -0.6765171629763687, -0.0039029363557925856, 0.08380580763948921, -0.1111057460526951, 0.415839305048026, -0.4884969222325705, 0.11805580838522504, -0.1170113210560881, 0.6242057170690776, 0.42703808995579595, -0.16821613554613463]], "inverted": true, "swapped": true, "error_lsq": 0.051129378485577685, "error_max": 0.24647552190199287, "target": "449.xyz", "model": "4.xyz", "model_rescale": 3.8936222436046832, "target_rescale": 4.051579029492614},
{"mapping": [4, 0, 11, 7, 12, 5, 1, 8, 10, 3, 6, 13], "R": [[0.7603018085797673, -0.31194049080278685, 0.5697668734386474], [-0.463524437375331, 0.35395619633637887, 0.8123177377301114], [-0.45506730911615495, -0.881707514583379, 0.1245214957386176]], "T": [-0.16659730230243025, -0.02357396885773662, -0.01842500875470119], "aligned_model": [[0.04930895191613671, -0.42160507964260274, -0.2715886881901187, 0.26682899708311975, -0.5226516085001426, -0.8011854058417851, -0.39665506711315474, -0.06645561697959707, 0.6992001567670989, 0.4534292571803324, 0.10934213686727928, -0.07041999133146858], [-0.6526644903638884, -0.6447588702225159, 0.11525486000850417, 0.023251098065715722, 0.6016835564385327, 0.09621185582022578, -0.327297455281032, 0.3138154570008081, 0.17270021391489843, -0.5091984412316282, 0.5077247942042528, -0.02779967324406602], [-0.5462002468886727, -0.04855200549984417, -0.7340575214951084, -0.47125292420951953, -0.1878826021245053, 0.3286090674444262, 0.589859558556023, 0.6105450056079282, -0.011147188423628267, 0.04831294323356775, -0.03663333952969152, 0.0776839726045428]], "inverted": false, "swapped": true, "error_lsq": 0.043559642266721266, "error_max": 0.19671772638901594, "target": "449.xyz", "model": "5.xyz", "model_rescale": 3.6523030999806103, "target_rescale": 4.051579029492614},
{"mapping": [4, 3, 10, 7, 6, 0, 9, 2, 1, 5, 8, 12, 13], "R": [[0.12376633998356867, 0.8624018311826488, 0.4908614617790706], [-0.07795654516279835, -0.48468567100455917, 0.8712075397912605], [0.9892444946287811, -0.14609203227991094, 0.007242095758355771]], "T": [0.12532299181524942, -0.1114834244256846, -0.036975552167858666], "aligned_model": [[0.13993820336415996, -0.1741644054898498, 0.33743812529372275, 0.5431561477010631, 0.5115358853544356, -0.2802977735257421, -0.2771710483554287, 0.20219351151338738, -0.5547818479742015, -0.12591345322042968, -0.12126439728895133, 0.6203665553184537, 0.06004740197367518], [-0.6460001811095466, 0.013500566491061017, 0.5143525824309874, -0.08840392450239806, 0.34450007291741974, -0.634206698606692, 0.5427500243015753, -0.6520302594060878, -0.07312205118159842, -0.2180019319474208, 0.4998473068135163, -0.0599468485892774, -0.002411753448355508], [0.6225662048593142, 0.6837215532363334, 0.555914171384671, 0.4320520114490215, -0.07785518089593657, 0.08151266443659098, 0.29610063742252046, -0.34283231805427106, -0.26318443378176976, -0.7174293795742538, -0.32840763235996695, -0.5835223200087656, 0.011473761368300452]], "inverted": false, "swapped": true, "error_lsq": 0.04376979164282939, "error_max": 0.2534529921693999, "target": "449.xyz", "model": "6.xyz", "model_rescale": 4.08911054899281, "target_rescale": 4.051579029492614},
{"mapping": [6, 3, 2, 5, 7, 0, 11, 12, 9, 8, 10, 13, 1, 14], "R": [[0.010308968594647805, -0.9930624290104508, -0.11713555077079779], [-0.9307734206710796, 0.033282116441820886, -0.3640784806843309], [0.36545117941904665, 0.11277993089648822, -0.9239730096968263]], "T": [0.131773417611938, -0.0731483593097118, 0.047838544344434214], "aligned_model": [[-0.008296443721064917, -0.309278061403991, -0.18871582517509833, 0.844140164760435, 0.5004129537509215, -0.6669586891242019, 0.11310287654922847, 0.6681857762105285, -0.5017672252494834, 0.06609754327286087, 0.5696483165489883, 0.23576737874846923, -0.47540679441002937, 0.006417272792293066], [-0.16445303343865522, -0.659643585753697, 0.4322950537365588, -0.26887896996677246, 0.24907890304840669, -0.1773339383310869, 0.125785316885612, 0.2930828831391555, -0.29862156861340533, -0.6632755592583556, -0.3012864698092062, 0.64904666665412, 0.3262944497838954, -0.0785845331490007], [-0.4224665235443099, -0.24872237432499103, -0.49248834260196206, -0.13850623071569948, -0.5517975522390505, -0.4377832940202726, 0.5997514598745897, 0.34133194564717784, 0.45075962053283625, 0.38337623327900816, 0.5727132664644576, 0.10711858206251781, 0.14644732310049666, 0.1556395065663957]], "inverted": true, "swapped": false, "error_lsq": 0.050602196561495845, "error_max": 0.2635961612322831, "target": "449.xyz", "model": "7.xyz", "model_rescale": 3.964800864290218, "target_rescale": 4.051579029492614},
{"mapping": [9, 8, 12, 10, 11, 7, 0, 6, 1, 5, 3, 4, 2, 13], "R": [[-0.8395446854092932, 0.39879008220043777, 0.36895960692137997], [0.2396016734953933, 0.8812862245764598, -0.4073396966046605], [-0.4876020500974315, -0.2535765381701115, -0.8354299372361779]], "T": [0.05783945060315183, -0.004215126305542015, 0.09362321908718893], "aligned_model": [[0.18499073117959333, -0.19577919292222734, -0.21016686819705604, 0.6363674173458977, 0.5842639178303335, -0.6191982790242986, -0.025424998523142915, 0.4964613334586683, -0.5516883920525459, 0.2349396143346627, 0.48092071163790073, 0.1355514023946246, -0.3552845956157688, 0.05739644170321531], [-0.22807549508819921, -0.6114847388223488, 0.21972168437355874, -0.5193551073222912, 0.3470708346046571, -0.02875667994216763, 0.13966324253176696, 0.34275902011559417, -0.30157635642127356, -0.8147430396707894, -0.15717119340288907, 0.6818614478380733, 0.4638606930698641, -0.07026869693598634], [-0.5447934269402138, -0.30381706922957796, -0.5762274024655595, -0.18036620527404315, -0.4417353322274009, -0.12517072453950448, 0.7904197597037116, 0.24765441324650253, 0.4148272025991384, 0.19730907458556798, 0.6624548143785947, -0.04185069712535178, 0.3146261093529982, 0.05204310401633239]], "inverted": false, "swapped": false, "error_lsq": 0.043099213872031146, "error_max": 0.2479821265513105, "target": "449.xyz", "model": "8.xyz", "model_rescale": 4.121658175737393, "target_rescale": 4.051579029492614},
{"mapping": [3, 9, 1, 0, 10, 7, 8, 12, 5, 6, 4, 2, 13], "R": [[0.9290651201240097, 0.005348145012713218, 0.3698775471880966], [-0.3532118693015151, -0.28425447111927143, 0.8913140698054938], [0.10990622345203713, -0.958733953187028, -0.2622018860589767]], "T": [0.02152052369274076, 0.027325954969894657, 0.0431708989794718], "aligned_model": [[-0.5829255421890094, -0.32575877873957976, 0.42518728092916314, 0.16378061865486793, -0.7431131699203027, -0.5419792421318473, 0.21304850129418115, 0.3630464556860391, 0.7501935024160591, -0.16987042320619908, -0.45815519224078477, 0.41368989775947895, -0.03040641187686894], [0.17137271956602992, -0.42861806794410995, 0.02411041413778426, 0.6156550708930932, -0.4149211542570428, 0.0848555369710956, -0.5996331686763384, -0.2595490058971779, -0.040114049761672814, -0.4718670489863536, 0.727382675132096, 0.43280679244544673, -0.05109327421114033], [-0.44530990915683694, -0.5671361876168092, -0.5503166371850307, -0.2491272379609154, -0.04590530769313752, 0.3156822308851299, -0.25633294383465893, 0.6326624701285931, -0.001223817272904125, 0.31322338142754974, 0.015804990510251256, 0.3141631337920516, -0.055108732064194234]], "inverted": true, "swapped": true, "error_lsq": 0.045128754924716526, "error_max": 0.24551666507497916, "target": "449.xyz", "model": "9.xyz", "model_rescale": 3.833441315466971, "target_rescale": 4.051579029492614},
{"mapping": [12, 11, 6, 0, 1, 7, 2, 5, 8, 10, 13, 4, 3, 14], "R": [[0.10915375704184754, 0.9932954767616256, 0.038072997892783816], [0.8431022221171941, -0.112802431715464, 0.5257891730153136], [0.5265587340313506, -0.025292434520478246, -0.8497624329018838]], "T": [0.0325731866741055, -0.05730947071905115, -0.016150880272529845], "aligned_model": [[0.1279771554036801, -0.4108157453900029, 0.06232160321544551, 0.6709165623787642, 0.6495259661585153, -0.6300505047810301, 0.011650011520980039, 0.4896189385818668, -0.2998653497564546, 0.1769947620810935, 0.529852035873301, 0.007415374320368467, -0.49778198688035435, -0.034409579176317054], [-0.2671509862185687, -0.5177499939326002, 0.35303026049189856, -0.28961971119038554, 0.07577051523440165, -0.03494658288866352, 0.15626289883871847, 0.34632835085914904, -0.6084323832764733, -0.8632940928208976, -0.13005876881099307, 0.7346705927976518, 0.5365960401762744, -0.02790052433194303], [-0.5728237450991573, -0.25434798468283315, -0.5564895747484334, 0.03255896031228183, -0.39990590387341357, -0.08205779608620409, 0.6698515385501924, 0.2764595965079241, 0.4235166271997316, 0.05654947056690598, 0.6028061676564103, -0.10585731014180902, 0.3307229927127569, 0.044390581206841355]], "inverted": true, "swapped": false, "error_lsq": 0.04805346559346831, "error_max": 0.3557985919812264, "target": "449.xyz", "model": "10.xyz", "model_rescale": 4.2482417240324, "target_rescale": 4.051579029492614},
{"mapping": [5, 1, 9, 3, 12, 6, 8, 7, 0, 11, 2, 13], "R": [[0.9445472333107594, -0.24636377048950608, 0.21710692442937957], [0.050604206343362046, 0.7624622164424822, 0.6450508373748352], [-0.32445298325851285, -0.5982944601847922, 0.7326486201221154]], "T": [0.006565043761798731, 0.0750301844275968, -0.08860125874151603], "aligned_model": [[-0.6825925788588871, -0.21177391224387343, 0.4795614102540245, 0.73311275876458, -0.507095868965439, 0.07820332146659115, -0.13579331131550593, 0.4724587964170946, -0.005533579282401221, -0.005489029219889682, -0.4168524889207564, 0.07856008426746941], [-0.15281535337224295, -0.5717268100379502, -0.2151577718641658, -0.23587719545518093, 0.6010715835490327, 0.5419467907056364, -0.0350027827770744, 0.46246719135989667, -0.427890580930673, 0.6044252706489206, 0.06584773487997243, 0.02884331334446808], [0.01450808651555846, 0.13325035063616894, 0.5383181883861738, -0.07507218535475348, -0.011982520832187094, 0.27965046627738244, 0.6093171502832081, -0.2557528121375327, -0.5343944969274645, -0.6004821727590324, -0.5493415266602335, 0.0171737624270685]], "inverted": false, "swapped": true, "error_lsq": 0.043370457956349036, "error_max": 0.21490348017333377, "target": "449.xyz", "model": "11.xyz", "model_rescale": 3.6694154284099745, "target_rescale": 4.051579029492614},
{"mapping": [4, 0, 3, 6, 11, 1, 10, 9, 12, 5, 7, 8, 2, 13], "R": [[0.3203927465752044, -0.5184543617179023, 0.7928136999053936], [0.4097707674716011, 0.8304303361057745, 0.3774564544434038], [-0.8540704924464559, 0.20393756812057215, 0.47851129792444314]], "T": [0.09477022405979997, -0.08946100736406778, 0.07142536467939758], "aligned_model": [[0.02372556162378507, -0.18040352049487263, -0.2880102388956987, 0.46959075723353516, 0.6692967858275257, -0.6861027999146478, 0.037752965645048944, 0.6244368619750873, -0.37787904267178585, 0.23561650436681825, 0.5632836826419388, 0.13080408824140854, -0.39340364505054337, 0.02464128302225653], [-0.0717366651803818, -0.6511321597363955, 0.42297270549330346, -0.44911292635881894, 0.1941338669981503, -0.051139925108877465, 0.17168548861764785, 0.436810044936349, -0.31869992873766606, -0.824014354973625, -0.2332967242637156, 0.6562229446969426, 0.33575237346297504, -0.15493912491831954], [-0.6649964936218076, -0.2743242431670317, -0.5048902673401616, -0.15221474471160557, -0.295346807064735, -0.2529853459720146, 0.6476894770339494, 0.3666850793040252, 0.5024946025659027, 0.36325493363352473, 0.629969672806256, -0.0520851837847066, 0.1562394417880395, -0.00411650138844083]], "inverted": false, "swapped": false, "error_lsq": 0.03856959015081328, "error_max": 0.2359604043533947, "target": "449.xyz", "model": "12.xyz", "model_rescale": 3.9764082729961374, "target_rescale": 4.051579029492614},
{"mapping": [3, 14, 8, 4, 7, 11, 12, 9, 13, 6, 5, 2, 10, 15], "R": [[-0.17355277590817342, -0.3315278979384621, 0.927344966483925], [0.6319198211776238, 0.6847374939457356, 0.36305909159220034], [-0.7553520858364048, 0.6490175785550176, 0.09066095713797792]], "T": [0.11018189057531727, -0.0027519330295447536, 0.116862177557394], "aligned_model": [[-0.06615392181388921, -0.29293244813197394, -0.21990416979562952, 0.7166017393585299, 0.5859817110905363, -0.6007320976268838, -0.17361217212076444, 0.44469073382720936, -0.31730139885559405, 0.1666115553629826, 0.7008966288715023, 0.3264941669443713, -0.5635046528723261, 0.1462135693117853], [-0.144968758212015, -0.6158498894830476, 0.3888738604308849, -0.3404576051749703, 0.1426107387831908, -0.0799374231972761, 0.1497210630130414, 0.2731849765321605, -0.3547021375787463, -0.7556499909725649, -0.269587739609587, 0.7006972022793542, 0.4321850046209457, -0.06261368650380149], [-0.6937693683484315, -0.2000254449465325, -0.3702982347236383, -0.06772809245102146, -0.45192418247960475, -0.22837455315852803, 0.6677037613221984, 0.5333496110358106, 0.37738019413590584, 0.23356270444914354, 0.6485375071723443, -0.1907541858424088, 0.17274777859241144, 0.0349661253235459]], "inverted": true, "swapped": false, "error_lsq": 0.042741919670344096, "error_max": 0.31259583542841096, "target": "449.xyz", "model": "13.xyz", "model_rescale": 4.170626492500431, "target_rescale": 4.051579029492614},
{"mapping": [10, 12, 7, 11, 9, 8, 2, 3, 4, 5, 6, 1, 0, 13], "R": [[0.8633264441974295, 0.23051992357868464, -0.44891871823605195], [-0.06044694145706861, 0.9304043943009865, 0.36151601670451616], [0.5010125926739847, -0.2849705737417316, 0.8171769417227828]], "T": [0.0249564166378688, 0.011942441147222878, 0.07897696747401325], "aligned_model": [[0.020657892246029465, -0.15596506838155094, -0.3915950376865811, 0.6455986749218727, 0.5660536264477003, -0.6100037764803188, -0.1166631859507814, 0.5874697443098444, -0.50632701058663, 0.3075179279918257, 0.4844384525061629, 0.2149537747725324, -0.2897790162121439, 0.09699224565189463], [-0.12019506660645995, -0.643450094659717, 0.42736903350994143, -0.29812429893326786, 0.21405626326928187, -0.17532024005119196, 0.20349745509593825, 0.2813299550986348, -0.34496470729648054, -0.8415415966070732, -0.40793077321593657, 0.7168545891372016, 0.5108245128180833, -0.058899416631385475], [-0.4695205317978862, -0.1920104149870335, -0.4789974361924032, -0.05637980206166457, -0.4890637448936007, -0.25764527509266255, 0.6923143395866904, 0.37305642603642586, 0.38462110358559565, 0.21661351042761126, 0.6447260369427692, -0.16146915416937865, 0.16795276419417793, 0.09117579850255303]], "inverted": true, "swapped": false, "error_lsq": 0.04649550394259473, "error_max": 0.2275761874791178, "target": "449.xyz", "model": "14.xyz", "model_rescale": 3.9786697098870705, "target_rescale": 4.051579029492614},
{"mapping": [9, 5, 3, 10, 0, 4, 12, 11, 7, 6, 2, 13], "R": [[0.9703477131604894, -0.05425937878205176, 0.23554455072956926], [0.24085550640035633, 0.29907297562766333, -0.9233330819838761], [-0.020345530242210974, 0.9526863466342956, 0.30327344812192564]], "T": [-0.08825862530301934, -0.014466937299400996, -0.07463887426550829], "aligned_model": [[0.260603181643678, -0.8120548994542482, 0.5733890803742365, 0.6241913586174478, -0.13148277477439835, 0.47064632488401836, -0.516602094153863, 0.04064827680240496, 0.4490195572279847, 0.016141670018133214, -0.4545282751866073, -0.03661680923145011], [-0.5186691578917769, 0.002390035962018998, 0.049503477171031894, -0.5440773682219469, 0.5809978269462759, 0.6245239039429331, -0.24897898204083982, 0.2758315431649611, -0.017838054071238875, -0.5275242393955178, 0.43867398840375044, -0.10015848374521186], [-0.6447600598761891, -0.1900431678082493, -0.502246306979844, -0.08510661006899221, -0.38344410667704587, -0.05937262679653492, 0.4803057098293819, 0.5898431277148339, 0.251589351144995, 0.2162653645018482, 0.15374274467860383, -0.1668069257889775]], "inverted": false, "swapped": true, "error_lsq": 0.05153717289777323, "error_max": 0.3155726759535135, "target": "449.xyz", "model": "15.xyz", "model_rescale": 3.769337070930944, "target_rescale": 4.051579029492614},
{"mapping": [12, 11, 8, 6, 5, 2, 1, 4, 9, 10, 13], "R": [[0.13121185984043332, 0.46856490531365724, 0.873630572579519], [0.43133997731034823, 0.7664767189522457, -0.4758773615944645], [-0.8925969257235447, 0.43927254502484425, -0.10153993980830107]], "T": [0.04922069562509477, -0.02224831312929173, -0.007673220571944861], "aligned_model": [[-0.36115845646557065, -0.277027980582908, -0.04186580783019591, -0.5148044309603044, 0.3644022801775505, 0.28777021979400585, 0.6219557690082215, 0.27214435654067404, 0.025789834309097683, -0.4988218275219869, 0.04424217422258729], [-0.047895095276551274, -0.6641349285691972, 0.688145307332178, 0.17855903615934404, 0.2230435224334005, -0.4070954180618366, 0.40660972284422886, -0.6727272465653718, 0.6038783729157386, 0.20421825308706662, 0.08346297132634184], [-0.6219766569509647, -0.1624953840943793, -0.08834176266684376, -0.02512481310963712, -0.6224706174077844, -0.43968612453236333, -0.06459392753331587, 0.49042244835803145, 0.547645583034402, 0.653041580860445, 0.07779728126618707]], "inverted": true, "swapped": true, "error_lsq": 0.041288414587058626, "error_max": 0.19389531991260808, "target": "449.xyz", "model": "16.xyz", "model_rescale": 3.7852294659196426, "target_rescale": 4.051579029492614},
{"mapping": [8, 10, 3, 9, 6, 7, 11, 4, 1, 5, 12, 0, 13], "R": [[-0.3425344250483689, -0.537554586350238, -0.7705227020345398], [-0.4580583603875216, 0.8116100702810795, -0.3625901712642483], [0.8202759938800348, 0.22874474969311523, -0.5242357612295782]], "T": [0.033630853231645205, 0.18812462389190687, -0.009983608828022367], "aligned_model": [[0.09438133188046786, -0.5519144563817472, 0.058807785655814765, 0.04970255511437953, -0.4721043285122782, -0.469395044869842, -0.38387864703466124, 0.05061159891311316, 0.6803973425735478, 0.4776131040669948, -0.2785540016295203, 0.5615211146285064, 0.03657749581150721], [-0.1709922225105065, -0.47523654906662827, -0.44931506656155007, -0.6310990820421631, 0.0841609046788317, 0.09760502053625815, 0.696676344265766, 0.17615986568324574, -0.02422180196134932, 0.5337839963672981, 0.6976326057745441, 0.28343903229494827, 0.0564625762441793], [-0.6319222961290347, 0.06261395465673346, 0.45665841668655793, -0.18196275265879885, -0.31358855619207787, 0.35590600861707894, 0.32090533480458966, 0.8388306203670673, -0.23755063164750162, -0.479965219270316, -0.4451614467810024, 0.39505258658364584, -0.04406132189376778]], "inverted": false, "swapped": true, "error_lsq": 0.0462754772528391, "error_max": 0.24207432046315894, "target": "449.xyz", "model": "17.xyz", "model_rescale": 3.901054581598922, "target_rescale": 4.051579029492614},
{"mapping": [8, 1, 2, 10, 5, 0, 12, 9, 7, 6, 11, 13, 3, 14], "R": [[0.2645079881290767, 0.028479705059063554, -0.963962878235286], [0.29566236930721507, -0.953823995764873, 0.052948545577528365], [-0.9179429653260338, -0.29901286176831987, -0.26071444322393694]], "T": [0.10195747533833757, -0.10767328970968101, -0.042442407952541734], "aligned_model": [[0.11645714758328807, -0.3280577886883912, -0.22634575290743572, 0.8700061544589557, 0.4374902117584606, -0.6470311473642882, -0.022575054546110793, 0.6247927971020838, -0.34032453914774186, 0.08204202399664753, 0.45253904238487697, 0.15576807956276123, -0.44043290506402955, 0.11902097442077933], [-0.15372827428888997, -0.6401547992569946, 0.48333013719892026, -0.3949277437536204, 0.3078689853806833, -0.09402094681777634, 0.18114465155751083, 0.23321958054370426, -0.33722319073443113, -0.7361508309809336, -0.2951045594846959, 0.6112589953439709, 0.38319776923826454, -0.08520415901814309], [-0.7043237795291034, -0.17372783795173544, -0.518541180996331, -0.04875535194505671, -0.3662146232502235, -0.16216782336243135, 0.6306481876436015, 0.16880365393004687, 0.39501671745108613, 0.3678563858375918, 0.649434078773517, 0.04555183436544016, 0.17724866662053462, 0.004544692494257353]], "inverted": true, "swapped": false, "error_lsq": 0.04061654817127846, "error_max": 0.30334053113020776, "target": "449.xyz", "model": "18.xyz", "model_rescale": 3.9405287249114394, "target_rescale": 4.051579029492614},
{"mapping": [11, 13, 10, 8, 5, 14, 1, 6, 12, 4, 0, 2, 3, 15], "R": [[-0.0971305652927561, 0.32880506653713726, -0.9393896324238515], [0.7631024048179748, -0.5813239005729169, -0.2823778362118982], [-0.6389369085026579, -0.7442780064211212, -0.19444761790998633]], "T": [0.04532405777238735, -0.1938494411994482, 0.026728672793670097], "aligned_model": [[-0.08105889333889588, -0.2898599261936352, -0.28626377548590454, 0.7983724935226628, 0.6652949325085824, -0.6703258220665481, 0.07167365891581404, 0.615646414266459, -0.36928126810542633, 0.15380387180067479, 0.4500779777096203, 0.2962501355263939, -0.5488259153741731, 0.0478453598642321], [-0.06883381777327452, -0.6071462420650229, 0.4256881587718175, -0.24030057864829016, 0.15794319103756804, -0.11358091092305653, 0.2255475450094055, 0.23978757168123493, -0.3383374648037923, -0.7575848291430047, -0.2499748198626187, 0.623560397528977, 0.32315838101803646, -0.1564209669004114], [-0.6715632757977371, -0.3833533880903848, -0.3255875317775102, 0.08179681948237916, -0.40122074143826497, -0.25812422715641115, 0.5355815891240687, 0.23880131679847194, 0.3543941988992635, 0.4796078740654822, 0.579628721736796, -0.12884298936241473, 0.3509466797732957, 0.013308573824160102]], "inverted": false, "swapped": false, "error_lsq": 0.03897700264906935, "error_max": 0.2538515195106542, "target": "449.xyz", "model": "19.xyz", "model_rescale": 4.410303926677745, "target_rescale": 4.051579029492614},
{"mapping": [9, 8, 12, 10, 11, 7, 0, 6, 1, 5, 3, 4, 2, 13], "R": [[-0.8395446854092932, 0.39879008220043777, 0.36895960692137997], [0.2396016734953933, 0.8812862245764598, -0.4073396966046605], [-0.4876020500974315, -0.2535765381701115, -0.8354299372361779]], "T": [0.05783945060315183, -0.004215126305542015, 0.09362321908718893], "aligned_model": [[0.18499073117959333, -0.19577919292222734, -0.21016686819705604, 0.6363674173458977, 0.5842639178303335, -0.6191982790242986, -0.025424998523142915, 0.4964613334586683, -0.5516883920525459, 0.2349396143346627, 0.48092071163790073, 0.1355514023946246, -0.3552845956157688, 0.05739644170321531], [-0.22807549508819921, -0.6114847388223488, 0.21972168437355874, -0.5193551073222912, 0.3470708346046571, -0.02875667994216763, 0.13966324253176696, 0.34275902011559417, -0.30157635642127356, -0.8147430396707894, -0.15717119340288907, 0.6818614478380733, 0.4638606930698641, -0.07026869693598634], [-0.5447934269402138, -0.30381706922957796, -0.5762274024655595, -0.18036620527404315, -0.4417353322274009, -0.12517072453950448, 0.7904197597037116, 0.24765441324650253, 0.4148272025991384, 0.19730907458556798, 0.6624548143785947, -0.04185069712535178, 0.3146261093529982, 0.05204310401633239]], "inverted": false, "swapped": false, "error_lsq": 0.043099213872031146, "error_max": 0.2479821265513105, "target": "449.xyz", "model": "20.xyz", "model_rescale": 4.121658175737393, "target_rescale": 4.051579029492614},
{"mapping": [4, 3, 10, 7, 6, 0, 9, 2, 1, 5, 8, 12, 13], "R": [[0.12376633998356867, 0.8624018311826488, 0.4908614617790706], [-0.07795654516279835, -0.48468567100455917, 0.8712075397912605], [0.9892444946287811, -0.14609203227991094, 0.007242095758355771]], "T": [0.12532299181524942, -0.1114834244256846, -0.036975552167858666], "aligned_model": [[0.13993820336415996, -0.1741644054898498, 0.33743812529372275, 0.5431561477010631, 0.5115358853544356, -0.2802977735257421, -0.2771710483554287, 0.20219351151338738, -0.5547818479742015, -0.12591345322042968, -0.12126439728895133, 0.6203665553184537, 0.06004740197367518], [-0.6460001811095466, 0.013500566491061017, 0.5143525824309874, -0.08840392450239806, 0.34450007291741974, -0.634206698606692, 0.5427500243015753, -0.6520302594060878, -0.07312205118159842, -0.2180019319474208, 0.4998473068135163, -0.0599468485892774, -0.002411753448355508], [0.6225662048593142, 0.6837215532363334, 0.555914171384671, 0.4320520114490215, -0.07785518089593657, 0.08151266443659098, 0.29610063742252046, -0.34283231805427106, -0.26318443378176976, -0.7174293795742538, -0.32840763235996695, -0.5835223200087656, 0.011473761368300452]], "inverted": false, "swapped": true, "error_lsq": 0.04376979164282939, "error_max": 0.2534529921693999, "target": "449.xyz", "model": "21.xyz", "model_rescale": 4.08911054899281, "target_rescale": 4.051579029492614},
{"mapping": [6, 10, 8, 13, 0, 5, 15, 4, 9, 12, 3, 1, 11, 16], "R": [[-0.3769902518176234, 0.9049300076946921, 0.1974336121539837], [0.8681612904468888, 0.4195196317785399, -0.2651400617069993], [-0.3227604743522322, 0.07144900087533118, -0.9437800148709654]], "T": [0.07594389781184101, -0.026938359971758013, 0.07136837901232879], "aligned_model": [[0.05314411132197201, -0.2673387765312033, -0.29350184688761716, 0.6006393020517025, 0.6198901744191823, -0.5863289469077401, -0.12226324866905279, 0.7525929319274486, -0.4276456989632433, 0.14929972429509863, 0.6594522418720041, 0.10773196253082724, -0.5128219619918192, 0.12049927508229638], [-0.02181410933607304, -0.6428528941568306, 0.37317935394197693, -0.4262107242985382, 0.19071640709768797, -0.1841272100086246, 0.3508331849319521, 0.11544588486822703, -0.46686307493595425, -0.7360622295909446, -0.26859086592982934, 0.7586533658288183, 0.4539188248206891, -0.03272029830498768], [-0.6736269500621617, -0.32098567192943134, -0.3577908860583237, 0.11615987243138584, -0.4354138707914991, -0.11414549787910194, 0.6625617524859659, 0.16172875373223267, 0.3171556340645332, 0.263023711031436, 0.6675234780183075, -0.03741369929624823, 0.16094605715586363, 0.05565093717823555]], "inverted": true, "swapped": false, "error_lsq": 0.04157831982721764, "error_max": 0.29788289970725734, "target": "449.xyz", "model": "22.xyz", "model_rescale": 4.204369325754507, "target_rescale": 4.051579029492614},
{"mapping": [11, 13, 10, 8, 5, 14, 1, 6, 12, 4, 0, 2, 3, 15], "R": [[-0.0971305652927561, 0.32880506653713726, -0.9393896324238515], [0.7631024048179748, -0.5813239005729169, -0.2823778362118982], [-0.6389369085026579, -0.7442780064211212, -0.19444761790998633]], "T": [0.04532405777238735, -0.1938494411994482, 0.026728672793670097], "aligned_model": [[-0.08105889333889588, -0.2898599261936352, -0.28626377548590454, 0.7983724935226628, 0.6652949325085824, -0.6703258220665481, 0.07167365891581404, 0.615646414266459, -0.36928126810542633, 0.15380387180067479, 0.4500779777096203, 0.2962501355263939, -0.5488259153741731, 0.0478453598642321], [-0.06883381777327452, -0.6071462420650229, 0.4256881587718175, -0.24030057864829016, 0.15794319103756804, -0.11358091092305653, 0.2255475450094055, 0.23978757168123493, -0.3383374648037923, -0.7575848291430047, -0.2499748198626187, 0.623560397528977, 0.32315838101803646, -0.1564209669004114], [-0.6715632757977371, -0.3833533880903848, -0.3255875317775102, 0.08179681948237916, -0.40122074143826497, -0.25812422715641115, 0.5355815891240687, 0.23880131679847194, 0.3543941988992635, 0.4796078740654822, 0.579628721736796, -0.12884298936241473, 0.3509466797732957, 0.013308573824160102]], "inverted": false, "swapped": false, "error_lsq": 0.03897700264906935, "error_max": 0.2538515195106542, "target": "449.xyz", "model": "23.xyz", "model_rescale": 4.410303926677745, "target_rescale": 4.051579029492614},
{"mapping": [7, 0, 13, 10, 11, 12, 15, 9, 5, 4, 8, 14, 6, 16], "R": [[0.8217915842536663, -0.5314755555283691, 0.20540770658780283], [0.28429313801990397, 0.69487856881766, 0.6605461272861392], [-0.4937975331293638, -0.4844352469357821, 0.7221402133946166]], "T": [0.11590791914418909, -0.08977126700035634, -0.040052727026191275], "aligned_model": [[-0.013111994878523478, -0.3243201827154052, -0.29236165605052694, 0.7105388016888566, 0.5747350774424325, -0.6688632073858735, 0.06465287100963472, 0.5780365849490581, -0.33766718730401146, 0.15992848317210726, 0.5440946892909785, 0.17720468453031435, -0.45563620406084915, 0.1361184838616637], [-0.07175680329686115, -0.6079233843011342, 0.39596372068052754, -0.3322464769002736, 0.20784109057401065, -0.16486064204413806, 0.28643684665289126, 0.18837917416140018, -0.2583837354113031, -0.6163813202363114, -0.305809173190989, 0.5809120870173816, 0.36433617261677764, -0.20300194139440939], [-0.6919424704378705, -0.3688435613813889, -0.34264833099643177, 0.06673600076731531, -0.35884107379838515, -0.19712500180429576, 0.5642274779258977, 0.27852130197070596, 0.3617450974263603, 0.40111437823511314, 0.6275477374841938, 0.027597366923125984, 0.17213077439169083, -0.0748460766248368]], "inverted": false, "swapped": false, "error_lsq": 0.03922402391679076, "error_max": 0.21533590271518263, "target": "449.xyz", "model": "24.xyz", "model_rescale": 4.28219845311461, "target_rescale": 4.051579029492614},
{"mapping": [13, 4, 2, 9, 12, 0, 8, 11, 1, 3, 5, 14, 6, 15], "R": [[0.19133490569235906, -0.48647582503838427, 0.8524859092776371], [-0.3749992826070606, 0.7664127106135765, 0.5215238202173897], [-0.907064767206778, -0.41946731536935467, -0.03578658168839807]], "T": [0.11623670365207533, -0.07167331086023973, -0.025061026712659112], "aligned_model": [[0.24999848025187166, -0.35505653258993813, -0.3125645270399274, 0.6995502389821346, 0.7159170391707199, -0.6989120022773843, -0.03876699658004304, 0.5432059648762274, -0.16315786374960256, 0.069706709829148, 0.43685986093295076, 0.16508130961455675, -0.5008122069297476, 0.042299769058890116], [-0.03776977015460653, -0.5529829167725674, 0.2492745924130533, -0.411883611121142, 0.2699900338209914, -0.0815300163947065, 0.14007485979508336, 0.21971339624127015, -0.4009669521583583, -0.8188598581825122, -0.22141436823715963, 0.6678589195398869, 0.5174237703459746, -0.07542246420763837], [-0.6028800243109488, -0.309441619852841, -0.451560701190167, 0.004535509841539172, -0.35380036772085743, 0.006396954998512727, 0.6176540128400962, 0.14601821850088287, 0.4475717825100254, 0.17391778631848842, 0.7495737825136154, -0.20070529665168377, 0.2654771047350494, -0.027383522450517343]], "inverted": false, "swapped": false, "error_lsq": 0.04091299941548369, "error_max": 0.27724689460351704, "target": "449.xyz", "model": "25.xyz", "model_rescale": 4.100010024507729, "target_rescale": 4.051579029492614},
{"mapping": [5, 1, 9, 3, 12, 6, 8, 7, 0, 11, 2, 13], "R": [[0.9445472333107594, -0.24636377048950608, 0.21710692442937957], [0.050604206343362046, 0.7624622164424822, 0.6450508373748352], [-0.32445298325851285, -0.5982944601847922, 0.7326486201221154]], "T": [0.006565043761798731, 0.0750301844275968, -0.08860125874151603], "aligned_model": [[-0.6825925788588871, -0.21177391224387343, 0.4795614102540245, 0.73311275876458, -0.507095868965439, 0.07820332146659115, -0.13579331131550593, 0.4724587964170946, -0.005533579282401221, -0.005489029219889682, -0.4168524889207564, 0.07856008426746941], [-0.15281535337224295, -0.5717268100379502, -0.2151577718641658, -0.23587719545518093, 0.6010715835490327, 0.5419467907056364, -0.0350027827770744, 0.46246719135989667, -0.427890580930673, 0.6044252706489206, 0.06584773487997243, 0.02884331334446808], [0.01450808651555846, 0.13325035063616894, 0.5383181883861738, -0.07507218535475348, -0.011982520832187094, 0.27965046627738244, 0.6093171502832081, -0.2557528121375327, -0.5343944969274645, -0.6004821727590324, -0.5493415266602335, 0.0171737624270685]], "inverted": false, "swapped": true, "error_lsq": 0.043370457956349036, "error_max": 0.21490348017333377, "target": "449.xyz", "model": "26.xyz", "model_rescale": 3.6694154284099745, "target_rescale": 4.051579029492614},
{"mapping": [7, 3, 5, 9, 8, 1, 2, 10, 6, 12, 11, 4, 0, 13], "R": [[0.06992616541178, 0.597844942934108, 0.798556044118957], [-0.9595651194853962, 0.25911831525058593, -0.1099658136362151], [-0.2726630023633225, -0.7585770382168255, 0.5917903042737416]], "T": [0.10273548493194722, -0.005449624803591416, -0.014610558442451634], "aligned_model": [[0.006822013171472921, -0.027923005872796405, -0.3576758324143238, 0.625759775514011, 0.5041843798614036, -0.764058550661768, -0.04014690677338641, 0.6206740956390338, -0.4078359298894339, 0.13087875134540317, 0.5325017587426987, 0.28722807726820815, -0.34692333428012767, 0.0898639518994609], [-0.25178083073543306, -0.7589963494790655, 0.3810076210910819, -0.42264193324622507, 0.30386567186376834, -0.05718514350044253, 0.11693933804683813, 0.21592919450936993, -0.3638135728075009, -0.6494973569501501, -0.28366566049356795, 0.775264262242002, 0.45136922028196397, 0.0067111541049296244], [-0.5857936005904665, -0.2752384787522954, -0.5290526987032639, -0.14598675380442688, -0.403866289855042, -0.1747298566549973, 0.6386391718416431, 0.19662801235144667, 0.2718899528009593, 0.4481456285825357, 0.673918494412232, 0.16421583792042463, 0.14681072953606514, 0.039793470996379754]], "inverted": false, "swapped": false, "error_lsq": 0.04718732573699293, "error_max": 0.3402346859498704, "target": "449.xyz", "model": "27.xyz", "model_rescale": 4.103607728864725, "target_rescale": 4.051579029492614},
