[{"mapping": [5, 10, 6, 0, 1, 7, 11, 8, 9, 2, 4, 12], "R": [[-0.8249725296886781, -0.09138726859187388, 0.5577353246822189], [-0.1579712735364258, -0.9102221189424917, -0.38280644054811847], [0.542646664042398, -0.40391095717640185, 0.7364716808381024]], "T": [0.0005927575127322761, -0.03409870693733607, 0.05666647584638779], "aligned_model": [[-0.23483368783352743, 0.259395558259692, 0.4154956138737705, -0.3139581799455256, -0.053383520514818456, -0.5756158132415536, 0.3207191172585566, -0.32914229022517927, 0.5388607207353523, 0.3345238043456548, -0.4341954486877756, -0.09022341156409741], [-0.3435950402660718, -0.6022522135267349, -0.29193729699125204, 0.7068720031526322, 0.3633019736759696, -0.5717590865201312, -0.24932270830022146, -0.5009585463125972, 0.0566929445858955, 0.38392656298309275, 0.13936097372765577, -0.03677453023118046], [-0.5785397478121823, 0.009277545603168819, -0.5633530744659907, -0.036171361898615584, -0.6707676690714459, -0.10712027053466708, 0.7048854777670526, 0.5951957411738804, -0.12300517536072839, 0.42132486479798176, 0.5087865697213534, 0.02143884543375548]], "inverted": false, "swapped": true, "error_lsq": 0.04092242783400434, "error_max": 0.19686096923006144, "target": "45.xyz", "model": "0.xyz", "model_rescale": 3.751011558992144, "target_rescale": 3.8255260115634373},
{"mapping": [2, 3, 5, 0, 8, 7, 12, 1, 4, 9, 11, 10, 14], "R": [[-0.42527911210275143, -0.8354923407199256, -0.34798020835592797], [0.8889084626931126, -0.4578992716995722, 0.013038478805769416], [-0.1702334331489042, -0.3037775593676088, 0.93741120788211]], "T": [0.03781208641518184, 0.058107532360300695, -0.045356052048543004], "aligned_model": [[0.06541301769480272, -0.33516159880328833, -0.06360149253121979, 0.26557660195956184, 0.5487746053162432, -0.044017852827813786, -0.6178930732886985, 0.5669888701520265, 0.6962962257932522, -0.44323662767102145, -0.4153749075507385, 0.07697005316269732, -0.014597105385252648], [-0.6118789244743545, -0.022064783066751623, -0.5241378773881724, 0.12376440068622259, -0.3643799340429401, 0.6100604236732408, 0.34130035221492444, 0.43148295319090707, 0.12060403309883813, -0.14598361349086816, 0.5880771792730461, 0.0940358754417278, 0.07086449373942841], [-0.5291891206153272, -0.7070726979676204, 0.1566132917334642, -0.7659925898399261, -0.016375072935931483, -0.403586272175234, -0.24987420380458256, -0.3027434567701657, 0.38831063504278507, 0.35605216933644684, 0.34256753679079077, 0.7729529091222879, -0.035642710987702886]], "inverted": false, "swapped": false, "error_lsq": 0.04586141010620544, "error_max": 0.2768427419197972, "target": "45.xyz", "model": "1.xyz", "model_rescale": 3.9405287249114394, "target_rescale": 3.8255260115634373},
{"mapping": [5, 0, 11, 2, 9, 1, 7, 4, 8, 6, 3, 10, 12], "R": [[-0.2748865185632532, -0.6813343285618578, -0.6783958539343655], [0.9139042410029479, 0.03403810836514079, -0.40450024160159553], [0.29869121210541244, -0.7311805111612903, 0.6133177153066053]], "T": [-0.011106633921260479, 0.09511885546280026, -0.10065415331222093], "aligned_model": [[0.14865983055452195, -0.49297502337315097, -0.17559077638997114, 0.32891633401067494, 0.5436645828605988, -0.1116110758539967, -0.5368654236078583, 0.2922801230057674, 0.6523329104719068, -0.5374071676037113, -0.11475237466798452, 0.23914011392532458, 0.050344662688429326], [-0.5302280676784392, -0.256737537483934, -0.5558447135406515, -0.05333784758317735, -0.3713723734560127, 0.5383284792773628, 0.664132758985917, 0.7260944328825261, 0.2159892454982862, -0.024412382767021235, 0.3628415442417332, -0.11026101138611681, 0.10655205186477622], [-0.4345586050996181, -0.6896617273428388, 0.13768528476675884, -0.6720687279610369, 0.252893491938388, -0.7492606741460848, 0.06878824345083949, -0.06164110031768476, 0.2813511998673107, -0.036812750427911003, 0.3936957237049912, 0.6782442962931814, -0.1626342377970111]], "inverted": false, "swapped": false, "error_lsq": 0.05453160272746672, "error_max": 0.3089188676558073, "target": "45.xyz", "model": "2.xyz", "model_rescale": 3.932901565614263, "target_rescale": 3.8255260115634373},
{"mapping": [10, 11, 12, 1, 6, 3, 8, 0, 4, 9, 7, 5, 13], "R": [[-0.17197637128439153, 0.502670042609644, 0.84719947827101], [0.7913460722813956, -0.44169008862955794, 0.42270706108512235], [0.5866817890514936, 0.7431236060503205, -0.3218257051978709]], "T": [0.042622076593431826, 0.1284623798055462, -0.1367091317586026], "aligned_model": [[0.03466610524138995, -0.5274801995744797, -0.1181245498482502, 0.5091356523414, 0.44056750537331346, -0.09053848391736251, -0.644341677001646, 0.5086211794672008, 0.6680665750179307, -0.490021498140037, -0.14091524613753909, 0.09514127503931587, 0.041360078159314584], [-0.5279844516862672, -0.13451757358243943, -0.560183362935277, 0.03901950066554749, -0.3875185355682954, 0.5354029142082903, 0.3737091703558994, 0.5901266712709476, 0.39808178581517306, -0.021667779722223945, 0.5519740469210135, -0.16823319880537624, 0.023535391918255988], [-0.42334426611138326, -0.7719521066836681, 0.1514876295904682, -0.7051576130883934, 0.06846248266436503, -0.4148334648646418, -0.2186941212580283, -0.2733153074960055, 0.41042061503946575, 0.34655549231827215, 0.4079875419314129, 0.5159876991529613, -0.08758416426554046]], "inverted": true, "swapped": false, "error_lsq": 0.04135383608074505, "error_max": 0.23553432603608865, "target": "45.xyz", "model": "3.xyz", "model_rescale": 3.9243930471874484, "target_rescale": 3.8255260115634373},
{"mapping": [9, 11, 5, 8, 1, 10, 6, 4, 2, 6, 3, 0, 12], "R": [[0.47918511461388025, 0.543655931356298, -0.689071733735755], [0.8726153283284571, -0.21058616146162426, 0.44067670390784014], [0.09446753251092133, -0.8124602740454303, -0.5753122529542745]], "T": [0.09590264396622902, 0.0562291679298078, -0.19468391965204002], "aligned_model": [[0.14536093498424474, -0.5150982455127228, -0.24436805186997476, 0.46026112072447634, 0.45193720821668015, -0.16938074915225856, -0.5722839973765049, 0.47726330929975525, 0.6226280029822209, -0.5722839973765049, -0.06767112373809331, 0.19927261001223098, 0.07049969482700169], [-0.43718592504379045, -0.23140049436104726, -0.4018123358951535, 0.13889121263818613, -0.5004608309467796, 0.5492916738193112, 0.1472366899360221, 0.5096199727423153, 0.359647199352296, 0.1472366899360221, 0.5348846246847986, -0.09253542906300811, -0.011668468943924065], [-0.6964635677569702, -0.6070929057494537, 0.30334914561953097, -0.7013852672871804, 0.0764174159998916, -0.6232184061760746, 0.06369711294539304, -0.15769621239796128, 0.49937111036413595, 0.06369711294539304, 0.24925971033081917, 0.6362830460943762, -0.1001978780026154]], "inverted": false, "swapped": false, "error_lsq": 0.0553586383633257, "error_max": 0.36122409962545005, "target": "45.xyz", "model": "4.xyz", "model_rescale": 3.8936222436046832, "target_rescale": 3.8255260115634373},
{"mapping": [6, 9, 1, 5, 0, 2, 11, 4, 7, 10, 3, 12], "R": [[-0.4388769253127093, -0.8909456556204916, 0.11663139868421019], [-0.6492132934508101, 0.4041503153307465, 0.6443482150396714], [-0.6212158594521031, 0.20707090898779282, -0.7557860111275906]], "T": [-0.11683984225210789, -0.066973435466863, 0.08192733399930258], "aligned_model": [[0.016347459496507233, -0.4291351032779771, -0.2704577829950088, 0.3933808257470859, -0.5567928044059042, -0.7116778584642609, -0.23435672089771611, -0.13454783321957758, 0.6594744315160261, 0.23616120848271235, 0.1202597374988679, -0.06110751726565772], [-0.5803905706417283, -0.4897027607665915, 0.15297933794313523, -0.04946169007035482, 0.5784685068824018, -0.12453072960984833, -0.4252675560127985, 0.4134241466802774, 0.1454480729903304, -0.5818527385183699, 0.6216737260950234, 0.008135160138330697], [-0.5026351942804883, -0.15051408644476533, -0.7042173603700781, -0.46035372486824916, -0.13358331476956223, 0.3310973629423501, 0.73523066158412, 0.5206142547936676, 0.0703363822467726, 0.13001651056955213, -0.2712784968595262, 0.05457172473172468]], "inverted": true, "swapped": true, "error_lsq": 0.03505830342054685, "error_max": 0.1710116480589702, "target": "45.xyz", "model": "5.xyz", "model_rescale": 3.6523030999806103, "target_rescale": 3.8255260115634373},
{"mapping": [11, 7, 4, 9, 10, 5, 0, 8, 6, 3, 1, 2, 12], "R": [[-0.6056011959067173, 0.6256691696679654, -0.4917166680552456], [-0.7895182047570662, -0.39511860122029296, 0.46961930893746073], [0.09953992100425302, 0.6726212761255161, 0.7332614970320952]], "T": [0.09915393494592946, 0.08093362004280363, -0.08032462567334692], "aligned_model": [[-0.05108818969124017, -0.32321820244668015, 0.004876206116697951, 0.5258153311217217, 0.6986300083747425, -0.1573209138625929, -0.8024017084694285, 0.4945154052496414, 0.6039186916276081, -0.5710330079415766, -0.14270809417803104, 0.0020741570308031726, 0.004077033088885851], [-0.6760051562054425, -0.06539851473495017, -0.4290936022582133, -0.10809670208299549, -0.39683243451388434, 0.6307245444307468, 0.48772481906417814, 0.5647927362108263, 0.2861101881894312, -0.08415490159407826, 0.5037137566015903, -0.10680178522350747, 0.10506163097154758], [-0.5034558064403698, -0.5970515783117472, 0.16486008895141974, -0.6324934997607787, 0.06473079879158389, -0.3899277932541079, 0.013920123375972093, -0.3318654099745766, 0.2742731441557478, -0.001356628643999852, 0.41478604982539113, 0.6487450339193161, -0.11914410570456688]], "inverted": false, "swapped": false, "error_lsq": 0.045215179565302674, "error_max": 0.24881190512289134, "target": "45.xyz", "model": "6.xyz", "model_rescale": 4.08911054899281, "target_rescale": 3.8255260115634373},
{"mapping": [11, 12, 1, 10, 9, 5, 7, 4, 3, 2, 6, 0, 14], "R": [[-0.9538491351325792, -0.2964135467940543, 0.0480711627048824], [-0.2318674729932869, 0.6252973840931401, -0.7451447217916686], [0.19081221757145866, -0.7219017874498198, -0.6651680290740208]], "T": [0.01410229156026776, 0.03425398107467193, -0.16431584162859766], "aligned_model": [[0.08348971362335124, -0.3254685111432493, -0.11821021919367955, 0.31210652594210125, 0.5566190817556077, -0.09561862653341466, -0.6216729067172841, 0.39111957178695705, 0.5152957662867785, -0.5618367595577681, -0.06882281518135773, 0.1194253806353029, 0.09971051431720593], [-0.4489396995320353, -0.0621050667432329, -0.5606092637629008, 0.03094802815416426, -0.4625250304904245, 0.6411935245573066, 0.4725258390893304, 0.6292924507924508, 0.29567732650178985, -0.02994294442791478, 0.3226590523860473, -0.01355763826485245, -0.10287199940448025], [-0.49026110641754894, -0.7835157462362397, 0.24382283369474825, -0.8204084002419139, 0.10668868588402794, -0.6116266287476858, -0.10957426451422128, -0.18954835376371307, 0.389682688715151, 0.3963199647952571, 0.23454366743097824, 0.7691065060081583, -0.12920942967771412]], "inverted": false, "swapped": false, "error_lsq": 0.04111568068320189, "error_max": 0.2648820441214571, "target": "45.xyz", "model": "7.xyz", "model_rescale": 3.964800864290218, "target_rescale": 3.8255260115634373},
{"mapping": [10, 11, 3, 9, 5, 12, 4, 7, 1, 6, 2, 0, 13], "R": [[-0.26576894121770606, 0.950087377489677, -0.16340393207878526], [-0.9382400685071974, -0.21596570726003586, 0.2703042491994573], [0.22152300948576267, 0.22515059054433156, 0.9488070235015706]], "T": [0.041916140009351815, 0.057956839813293325, -0.039003544857279505], "aligned_model": [[0.1682260042661324, -0.5249213442264663, -0.07308940970600204, 0.1771956007622633, 0.6243565203319934, 0.0158215502496259, -0.5731991223684919, 0.4348106635964982, 0.6138587878131947, -0.49109446157614667, -0.1331197448700929, -0.051408496559448874, 0.0987001683074919], [-0.5977095907479686, -0.026015612629363145, -0.5243279387170033, 0.02135317748647763, -0.539371915107836, 0.5821966779966677, 0.3948430662444738, 0.650247045138209, 0.29818395072276127, -0.15538689314143528, 0.5715421304064994, 0.0006625980778646942, 0.03552788312590101], [-0.5178368801982095, -0.6379836932676045, 0.3777468071869625, -0.7129593046748512, -0.09406973123668175, -0.5822959170983323, -0.09587427058359954, -0.07998367386038792, 0.38324334261451065, 0.0440023187003341, 0.34073493889812545, 0.6689281288203481, -0.08763164837133092]], "inverted": true, "swapped": false, "error_lsq": 0.040183505298686265, "error_max": 0.27049515800878526, "target": "45.xyz", "model": "8.xyz", "model_rescale": 4.121658175737393, "target_rescale": 3.8255260115634373},
{"mapping": [7, 11, 9, 8, 6, 3, 10, 2, 1, 5, 0, 4, 12], "R": [[-0.4765479664785749, 0.6347687410336219, 0.6082521525253534], [0.12879588184112312, -0.6339922491370377, 0.7625388179331776], [0.8696629556707026, 0.4417266954132961, 0.22037211732282852]], "T": [0.0038699064150148343, 0.025830062134435006, -0.1284009149697657], "aligned_model": [[-0.2304324297146137, -0.23438702196176597, 0.08774715811928208, 0.48078052150195555, 0.5830567353625313, -0.1388405568335118, -0.6686302982892907, 0.44367467079339995, 0.4583175081471008, -0.5088143656514748, -0.14165457866566733, 0.0946872203203489, 0.06063215289225657], [-0.530514595723004, 0.053759914656435454, -0.7122415540866556, -0.1330943673039012, -0.3471554260612219, 0.7037092648699566, 0.3667186411932309, 0.5452718335765618, 0.29833962978268924, -0.0879725002319135, 0.5756800286711017, -0.07745612905390795, 0.056699838565876653], [-0.4297212549252567, -0.7161811749071548, 0.24763726528627328, -0.6555181966750752, -0.0535243975351201, -0.5062864818389785, -0.21795135849355407, -0.2665981152671093, 0.3122209507310272, 0.19705525757929426, 0.41502514408878455, 0.7486464588496589, -0.0687836799635052]], "inverted": true, "swapped": false, "error_lsq": 0.04918414753501063, "error_max": 0.3458220480695351, "target": "45.xyz", "model": "9.xyz", "model_rescale": 3.833441315466971, "target_rescale": 3.8255260115634373},
{"mapping": [13, 10, 9, 0, 5, 12, 11, 6, 4, 8, 7, 3, 14], "R": [[0.687179963090773, 0.47330018110882616, 0.5511539139740517], [-0.49595704323323114, -0.24873495307821322, 0.831960055762613], [0.5308580879989632, -0.8450549459529431, 0.0638108825088145]], "T": [0.06944137092777444, 0.11346731636716433, -0.13511949612220264], "aligned_model": [[0.21828008665015888, -0.514905825194616, -0.3226266594115389, 0.23553831398182726, 0.6227885658820288, 0.018224888493728775, -0.5289589581242982, 0.4850424610826253, 0.7118965479412359, -0.6204367857865959, -0.2796311701610391, 0.21258631068988365, 0.04833893997715084], [-0.6193379401290228, -0.03354769977031603, -0.3252126159739328, -0.11643448699367161, -0.27204739011316975, 0.6132405369787912, 0.4402751723637288, 0.6445920751736162, 0.2440312385161224, -0.2459119608781915, 0.35651274197200916, -0.04909819971789779, 0.0746831074271829], [-0.4117601188953656, -0.6942966442012948, 0.42322869549282915, -0.7542963109523452, -0.1863102608229855, -0.46772084488275406, -0.11388856366810433, -0.055045826980571255, 0.31888159181913883, -0.08537991076276744, 0.37770723770919035, 0.7059535262415704, -0.05105215316725639]], "inverted": true, "swapped": false, "error_lsq": 0.05077081241471883, "error_max": 0.32072675129047357, "target": "45.xyz", "model": "10.xyz", "model_rescale": 4.2482417240324, "target_rescale": 3.8255260115634373},
{"mapping": [7, 3, 1, 0, 10, 9, 6, 2, 4, 11, 8, 12], "R": [[-0.337872243175544, -0.9236785180852758, -0.18072172674948328], [-0.5661319218517347, 0.04605650192107663, 0.82302700179961], [-0.7518889508112135, 0.38039031777712573, -0.5384851082336723]], "T": [0.0046123416801037605, 0.10842705296507994, -0.039792861478244165], "aligned_model": [[-0.6737675150139735, 0.020364150211180727, 0.3320673642092348, 0.630613593716848, -0.47748112316931607, 0.2231118375262269, -0.17003398481377402, 0.5155623234631047, 0.08324860296909005, -0.08201207558162661, -0.501121016128035, -0.023786555025953435], [-0.32482253443129033, -0.6867559600279305, -0.25157308417155366, -0.40581731636904605, 0.48573315433666836, 0.5299802815620261, 0.38608997292327984, 0.4066466998314595, -0.2120581902492547, 0.6428346848724824, 0.08032615286986884, 0.015547528903929422], [-0.03571068969077042, 0.11067753153435307, 0.6333893458148611, -0.056343107423357006, 0.09154260384301278, 0.2839481959119426, 0.6781565274271186, -0.30290114584533445, -0.6007270569462179, -0.5650497745322038, -0.6399105092410228, -0.031879630998025106]], "inverted": false, "swapped": true, "error_lsq": 0.04442443416598557, "error_max": 0.2616734954542484, "target": "45.xyz", "model": "11.xyz", "model_rescale": 3.6694154284099745, "target_rescale": 3.8255260115634373},
{"mapping": [9, 7, 11, 10, 8, 12, 5, 2, 3, 6, 0, 4, 13], "R": [[-0.27064979262350847, -0.9538015441589814, 0.13042739019390892], [0.5886582630245335, -0.05676797022993568, 0.8063862889018589], [-0.7617283893395276, 0.2950254428280983, 0.5768273996251336]], "T": [-0.012003585247448992, 0.10308423970902111, -0.08313687518628442], "aligned_model": [[0.13728773221446836, -0.42962585678760773, -0.027252966177840527, 0.18301590963018638, 0.61842956204203, -0.008795900148633327, -0.7400258144479408, 0.5921681480575839, 0.6782394647056366, -0.4885069030061849, -0.3166113665308298, 0.11238777532139384, -0.024573068851711413], [-0.5754119557520723, -0.15514490531249678, -0.577960644383359, 0.0958310817205972, -0.31536171735056906, 0.6779513198194512, 0.3859579824287992, 0.32056767885965165, 0.1018001351821978, -0.06772970730813876, 0.5745503910532495, 0.06055301456011361, 0.18614190533782413], [-0.48568039105183114, -0.6408775545746879, 0.2014223825086821, -0.687656168199592, -0.07572883021778555, -0.4454710458466073, -0.26897786083351194, -0.20142061778315573, 0.43146178753093145, 0.16909717708066452, 0.359210988088464, 0.6451464035270589, 0.005494146700654401]], "inverted": true, "swapped": false, "error_lsq": 0.047177532220937415, "error_max": 0.3138858486937038, "target": "45.xyz", "model": "12.xyz", "model_rescale": 3.9764082729961374, "target_rescale": 3.8255260115634373},
{"mapping": [6, 13, 9, 14, 4, 11, 10, 3, 7, 12, 8, 0, 15], "R": [[0.1655610632112765, -0.9345047960541911, 0.3151036662751903], [0.9102193203463146, 0.021813957215840434, -0.41355161726062584], [0.3795923118513406, 0.3552814904020477, 0.8542158622743168]], "T": [-0.03907888669337477, -0.03686452685921708, 0.0039015726286523306], "aligned_model": [[0.2281019459642753, -0.3191704972812839, -0.25623147928973267, 0.21062448061732297, 0.580472244165314, -0.17145312567504195, -0.6476356054254567, 0.4895573790553881, 0.5723706404212442, -0.6531876198898487, -0.05066341257148765, 0.23900726800515215, 0.06434449792470535], [-0.4820461815773488, -0.14234644467165303, -0.39507483698099793, 0.13984380279205266, -0.3869753591909458, 0.5646786327773191, 0.48442824491144393, 0.5735747504660298, 0.17035074011725126, -0.20563709094756938, 0.6628717969198714, -0.24716773716532164, -0.024755738594883135], [-0.5565326364111088, -0.5298612968928053, 0.43521265730972103, -0.7344956335961724, 0.10107421854782118, -0.4972646539847616, -0.059812359473901, -0.23348215585214582, 0.3966164919354824, -0.036096181947488426, 0.103338550624039, 0.640728537982817, -0.023405121312213187]], "inverted": true, "swapped": false, "error_lsq": 0.04899939423152441, "error_max": 0.286930486529151, "target": "45.xyz", "model": "13.xyz", "model_rescale": 4.170626492500431, "target_rescale": 3.8255260115634373},
{"mapping": [2, 6, 4, 3, 0, 11, 5, 9, 7, 12, 10, 8, 13], "R": [[-0.20375274271846733, 0.959881360924706, 0.19264628930772698], [0.15693603014307805, 0.22625230429098084, -0.9613433191352361], [-0.9663622003563845, -0.16564319410212963, -0.1967394977375191]], "T": [0.12194146785952523, 0.0001909508712672897, -0.09398333183079627], "aligned_model": [[0.18071099283776224, -0.4297865588673542, -0.2709025375747739, 0.2973099846152927, 0.601897428989193, -0.176369775042422, -0.7518878767239576, 0.4207059708236969, 0.6658723475876044, -0.4505249649145774, 0.11295816253548702, 0.0389091673936026, 0.04724437436099682], [-0.5887183395578693, -0.0902130703227828, -0.5122742478545752, 0.08216910378983606, -0.3364315635669012, 0.5343478313813631, 0.1940309235469322, 0.7438355618946028, 0.11183178653648693, 0.19324125640425077, 0.4400208842924753, -0.1058608541891695, 0.045765306500599304], [-0.381497084226099, -0.7224040225357546, 0.19947218112174597, -0.7557983136835988, 0.016406725136778127, -0.4480263807572851, -0.25543973428707895, -0.212469207480183, 0.4968680240777919, 0.31919929615190157, 0.25928318917987075, 0.636369284737176, -0.14594354050598043]], "inverted": true, "swapped": false, "error_lsq": 0.05035268776316288, "error_max": 0.3308792620290767, "target": "45.xyz", "model": "14.xyz", "model_rescale": 3.9786697098870705, "target_rescale": 3.8255260115634373},
{"mapping": [10, 9, 7, 8, 5, 3, 2, 0, 4, 11, 1, 12], "R": [[-0.972484147700083, -0.22564624079838766, 0.05795132859218447], [0.06177179219180682, -0.009901676814882354, 0.9980411827603438], [-0.22463042572513525, 0.9741589864133112, 0.023567796433583033]], "T": [-0.04377667587961003, -0.0663850714677585, -0.025863779279740495], "aligned_model": [[-0.09240470999702341, -0.6054646809714298, 0.5655904278656054, 0.6075934351348385, 0.011606454723055777, 0.3229707788734392, -0.32652548970297046, -0.06091634765198175, 0.44772245485362194, 0.010270011991574325, -0.4180037634368745, 0.02091602508548137], [-0.3783714432691615, -0.16550465619387456, 0.14623084405081815, -0.49410035084898146, 0.42513099351191747, 0.6500676757033007, -0.3572458725058191, 0.44832940701433943, -0.1290108043149596, -0.8117260871711217, 0.6750627532562048, 0.0058120309917763235], [-0.5665326479433337, -0.09614407043828323, -0.5068911219696023, -0.12319670897598303, -0.5826808091903132, 0.06014347797922452, 0.4787983984834948, 0.5997351232742087, 0.39609385654024587, 0.07678054476314462, -0.04036842972284395, -0.03577111892612923]], "inverted": true, "swapped": true, "error_lsq": 0.053321699226742535, "error_max": 0.3131918159432465, "target": "45.xyz", "model": "15.xyz", "model_rescale": 3.769337070930944, "target_rescale": 3.8255260115634373},
{"mapping": [10, 9, 7, 5, 8, 11, 4, 2, 3, 1, 12], "R": [[-0.7026162057691243, 0.6156375408222496, -0.3568205231218246], [-0.686031909898456, -0.452940130378352, 0.5693904257132523], [0.18891978718936947, 0.6448532054841432, 0.7405900737824866]], "T": [-0.0003081831800203789, -0.05124185841236511, 0.019309087841089506], "aligned_model": [[-0.3042676309876596, -0.30690333827681077, -0.12779153034794724, -0.5878116202725835, 0.4413796812012403, 0.4072159653750937, 0.5985953795419001, 0.34766507157489435, -0.034421576497225215, -0.5078983134972516, -0.003135957122480158], [-0.10774301412761364, -0.5352504660645645, 0.682118793388458, 0.4062946234696147, 0.27117762160662023, -0.43128808100608085, 0.194404785539314, -0.5705071364827543, 0.5994730245583755, 0.045715759176301336, 0.041668587567671674], [-0.5251532900375052, 0.0639465727096361, -0.2870424253900976, 0.03347302932550986, -0.5442994556578487, -0.4890992799642254, 0.08649445252143988, 0.18815515954399725, 0.4995297665657449, 0.6696571905753347, 0.04855588703179119]], "inverted": true, "swapped": true, "error_lsq": 0.04918380415490761, "error_max": 0.24593561492781824, "target": "45.xyz", "model": "16.xyz", "model_rescale": 3.7852294659196426, "target_rescale": 3.8255260115634373},
{"mapping": [3, 1, 0, 2, 8, 7, 5, 11, 9, 4, 10, 9, 12], "R": [[-0.9912542551320453, -0.024671766693536157, -0.12963913610801947], [0.10321172181953475, -0.7570955401594883, -0.6450997469768993], [-0.08223346132603718, -0.6528381476283629, 0.7530205912453569]], "T": [-0.02195180336361575, 0.06558350195287366, -0.1582111104426472], "aligned_model": [[0.006946017929343861, -0.40901980450551095, -0.11254474369709327, 0.2525569735593932, 0.572943669851286, -0.03993685718052935, -0.6147039573743375, 0.5513606527133889, 0.4510326538252008, -0.661442743648523, -0.17695328734421906, 0.4510326538252008, 0.014865488066950216], [-0.6710287505210029, -0.09936836688589526, -0.45477800017553704, 0.05924890428480484, -0.16249431393218908, 0.6343742192939398, 0.318593577275769, 0.5226198238418724, 0.034975618564439315, -0.0999736021339723, 0.4863856440370611, 0.034975618564439315, 0.1082142066415195], [-0.4566448159660651, -0.7033930963021259, 0.27395087539497864, -0.704738168597032, -0.02298612346913373, -0.5675772825700709, -0.28797935101458105, -0.1772558633788641, 0.564707035853406, 0.09757956114155417, 0.5112328173513913, 0.564707035853406, -0.08558220736757904]], "inverted": true, "swapped": false, "error_lsq": 0.05208798650567914, "error_max": 0.3944266477506309, "target": "45.xyz", "model": "17.xyz", "model_rescale": 3.901054581598922, "target_rescale": 3.8255260115634373},
{"mapping": [2, 3, 5, 0, 8, 7, 12, 1, 4, 9, 11, 10, 14], "R": [[-0.42527911210275143, -0.8354923407199256, -0.34798020835592797], [0.8889084626931126, -0.4578992716995722, 0.013038478805769416], [-0.1702334331489042, -0.3037775593676088, 0.93741120788211]], "T": [0.03781208641518184, 0.058107532360300695, -0.045356052048543004], "aligned_model": [[0.06541301769480272, -0.33516159880328833, -0.06360149253121979, 0.26557660195956184, 0.5487746053162432, -0.044017852827813786, -0.6178930732886985, 0.5669888701520265, 0.6962962257932522, -0.44323662767102145, -0.4153749075507385, 0.07697005316269732, -0.014597105385252648], [-0.6118789244743545, -0.022064783066751623, -0.5241378773881724, 0.12376440068622259, -0.3643799340429401, 0.6100604236732408, 0.34130035221492444, 0.43148295319090707, 0.12060403309883813, -0.14598361349086816, 0.5880771792730461, 0.0940358754417278, 0.07086449373942841], [-0.5291891206153272, -0.7070726979676204, 0.1566132917334642, -0.7659925898399261, -0.016375072935931483, -0.403586272175234, -0.24987420380458256, -0.3027434567701657, 0.38831063504278507, 0.35605216933644684, 0.34256753679079077, 0.7729529091222879, -0.035642710987702886]], "inverted": false, "swapped": false, "error_lsq": 0.04586141010620544, "error_max": 0.2768427419197972, "target": "45.xyz", "model": "18.xyz", "model_rescale": 3.9405287249114394, "target_rescale": 3.8255260115634373},
{"mapping": [5, 8, 1, 9, 10, 7, 4, 13, 14, 0, 12, 3, 15], "R": [[0.7637834516514103, 0.2906167633843281, 0.576347755980255], [-0.644299422406793, 0.39706975656528265, 0.6536159902476838], [-0.03889849958200231, -0.87056160336946, 0.49051952200607096]], "T": [0.029286270530331587, 0.05928117652477727, -0.05905091105389135], "aligned_model": [[0.14459626000989437, -0.41895610021176755, -0.2944998106357313, 0.2875483412549329, 0.6449502151798842, -0.174013586755315, -0.5384338256099716, 0.4345779838126911, 0.6541644288496322, -0.6466761013610886, -0.05888802182584779, 0.20343563708328125, 0.04833129622995676], [-0.5160474235226243, -0.2161165520070652, -0.33780208746307194, 0.15690690583318462, -0.35926338690331894, 0.4372830528437859, 0.5200052140853533, 0.5797250643687537, 0.2907828634405244, -0.06621316497513, 0.36124087197215415, -0.16317404860631127, 0.024417269789013804], [-0.6480867767298176, -0.6026564884047508, 0.3568900451926875, -0.7751373351387065, 0.19330279434760136, -0.6170914996030465, -0.06865727708919797, -0.18635618243910632, 0.33550354435984253, -0.05959862848218861, 0.389485262183237, 0.7444503433415504, -0.05602738460882026]], "inverted": false, "swapped": false, "error_lsq": 0.046229709274405055, "error_max": 0.2742928873152206, "target": "45.xyz", "model": "19.xyz", "model_rescale": 4.410303926677745, "target_rescale": 3.8255260115634373},
{"mapping": [10, 11, 3, 9, 5, 12, 4, 7, 1, 6, 2, 0, 13], "R": [[-0.26576894121770606, 0.950087377489677, -0.16340393207878526], [-0.9382400685071974, -0.21596570726003586, 0.2703042491994573], [0.22152300948576267, 0.22515059054433156, 0.9488070235015706]], "T": [0.041916140009351815, 0.057956839813293325, -0.039003544857279505], "aligned_model": [[0.1682260042661324, -0.5249213442264663, -0.07308940970600204, 0.1771956007622633, 0.6243565203319934, 0.0158215502496259, -0.5731991223684919, 0.4348106635964982, 0.6138587878131947, -0.49109446157614667, -0.1331197448700929, -0.051408496559448874, 0.0987001683074919], [-0.5977095907479686, -0.026015612629363145, -0.5243279387170033, 0.02135317748647763, -0.539371915107836, 0.5821966779966677, 0.3948430662444738, 0.650247045138209, 0.29818395072276127, -0.15538689314143528, 0.5715421304064994, 0.0006625980778646942, 0.03552788312590101], [-0.5178368801982095, -0.6379836932676045, 0.3777468071869625, -0.7129593046748512, -0.09406973123668175, -0.5822959170983323, -0.09587427058359954, -0.07998367386038792, 0.38324334261451065, 0.0440023187003341, 0.34073493889812545, 0.6689281288203481, -0.08763164837133092]], "inverted": true, "swapped": false, "error_lsq": 0.040183505298686265, "error_max": 0.27049515800878526, "target": "45.xyz", "model": "20.xyz", "model_rescale": 4.121658175737393, "target_rescale": 3.8255260115634373},
{"mapping": [11, 7, 4, 9, 10, 5, 0, 8, 6, 3, 1, 2, 12], "R": [[-0.6056011959067173, 0.6256691696679654, -0.4917166680552456], [-0.7895182047570662, -0.39511860122029296, 0.46961930893746073], [0.09953992100425302, 0.6726212761255161, 0.7332614970320952]], "T": [0.09915393494592946, 0.08093362004280363, -0.08032462567334692], "aligned_model": [[-0.05108818969124017, -0.32321820244668015, 0.004876206116697951, 0.5258153311217217, 0.6986300083747425, -0.1573209138625929, -0.8024017084694285, 0.4945154052496414, 0.6039186916276081, -0.5710330079415766, -0.14270809417803104, 0.0020741570308031726, 0.004077033088885851], [-0.6760051562054425, -0.06539851473495017, -0.4290936022582133, -0.10809670208299549, -0.39683243451388434, 0.6307245444307468, 0.48772481906417814, 0.5647927362108263, 0.2861101881894312, -0.08415490159407826, 0.5037137566015903, -0.10680178522350747, 0.10506163097154758], [-0.5034558064403698, -0.5970515783117472, 0.16486008895141974, -0.6324934997607787, 0.06473079879158389, -0.3899277932541079, 0.013920123375972093, -0.3318654099745766, 0.2742731441557478, -0.001356628643999852, 0.41478604982539113, 0.6487450339193161, -0.11914410570456688]], "inverted": false, "swapped": false, "error_lsq": 0.045215179565302674, "error_max": 0.24881190512289134, "target": "45.xyz", "model": "21.xyz", "model_rescale": 4.08911054899281, "target_rescale": 3.8255260115634373},
{"mapping": [0, 1, 6, 2, 13, 15, 11, 14, 12, 8, 9, 10, 16], "R": [[-0.9214251229824683, 0.38331634190941155, -0.06359500579393412], [-0.1320855032104194, -0.4629280333104499, -0.876499318777242], [-0.36541642352033626, -0.7992285142564085, 0.4771840519349952]], "T": [0.06177959239104863, 0.04254186489204695, -0.07560418613982323], "aligned_model": [[0.10212619347615859, -0.4472653243539881, -0.24363074377011318, 0.15900879604948592, 0.6851510148810811, -0.08091826475697003, -0.6043298624332794, 0.45680022548723903, 0.6268058673554635, -0.6041935632190782, 0.086824045904666, 0.06005614163821332, 0.08970218976167281], [-0.6930827927963553, -0.12580436637446277, -0.5688849083316061, 0.13151138124901016, -0.17391533651831256, 0.6158090675887032, 0.39993368478434776, 0.5476454844390835, 0.2173799474108058, -0.14686854774647573, 0.5548912088205787, -0.05254559141691592, 0.005675347746847734], [-0.3149948980752995, -0.660865837386888, 0.22179446231474909, -0.7854525759304931, -0.03976683678769159, -0.5028149699127609, -0.19586353723633068, -0.10113101312303771, 0.3661496588180742, -0.03865192435698572, 0.4187828451289246, 0.7257015074535335, -0.08686646397651017]], "inverted": true, "swapped": false, "error_lsq": 0.04244639511357305, "error_max": 0.25701306039289046, "target": "45.xyz", "model": "22.xyz", "model_rescale": 4.204369325754507, "target_rescale": 3.8255260115634373},
{"mapping": [5, 8, 1, 9, 10, 7, 4, 13, 14, 0, 12, 3, 15], "R": [[0.7637834516514103, 0.2906167633843281, 0.576347755980255], [-0.644299422406793, 0.39706975656528265, 0.6536159902476838], [-0.03889849958200231, -0.87056160336946, 0.49051952200607096]], "T": [0.029286270530331587, 0.05928117652477727, -0.05905091105389135], "aligned_model": [[0.14459626000989437, -0.41895610021176755, -0.2944998106357313, 0.2875483412549329, 0.6449502151798842, -0.174013586755315, -0.5384338256099716, 0.4345779838126911, 0.6541644288496322, -0.6466761013610886, -0.05888802182584779, 0.20343563708328125, 0.04833129622995676], [-0.5160474235226243, -0.2161165520070652, -0.33780208746307194, 0.15690690583318462, -0.35926338690331894, 0.4372830528437859, 0.5200052140853533, 0.5797250643687537, 0.2907828634405244, -0.06621316497513, 0.36124087197215415, -0.16317404860631127, 0.024417269789013804], [-0.6480867767298176, -0.6026564884047508, 0.3568900451926875, -0.7751373351387065, 0.19330279434760136, -0.6170914996030465, -0.06865727708919797, -0.18635618243910632, 0.33550354435984253, -0.05959862848218861, 0.389485262183237, 0.7444503433415504, -0.05602738460882026]], "inverted": false, "swapped": false, "error_lsq": 0.046229709274405055, "error_max": 0.2742928873152206, "target": "45.xyz", "model": "23.xyz", "model_rescale": 4.410303926677745, "target_rescale": 3.8255260115634373},
{"mapping": [1, 3, 7, 10, 11, 4, 2, 8, 14, 0, 5, 13, 16], "R": [[-0.6536795801652812, -0.052649104182126816, -0.7549377976388265], [0.6777866158242771, 0.40299319029289193, -0.614981131407323], [0.3366129972006666, -0.9136873428073615, -0.22774356129034135]], "T": [0.14895721477042745, 0.08810829350886493, 0.06765759367031639], "aligned_model": [[-0.044025177384548364, -0.405376702359288, -0.052101988851711106, 0.3901341997832792, 0.6055882671442783, -0.11467835941051402, -0.654723661395813, 0.40904588975594103, 0.6866190103908361, -0.5818442151862867, -0.19482121030061478, 0.16843797409065378, 0.07388268974433877], [-0.5907922597204694, 0.027100354692974754, -0.5201083659378222, 0.0795108783756759, -0.34152175673576923, 0.5433003689100969, 0.36476018802289756, 0.6600270524299378, 0.09613093172212414, -0.10237535956779809, 0.5888756224431856, -0.15053618684957454, 0.05737311106978929], [-0.42038665095652517, -0.6382056539599338, 0.2453612472417665, -0.5369445007924413, -0.019678473023264115, -0.3763928893936648, -0.2646897091994988, -0.4624079509493219, 0.47876028257051423, 0.062084536164867546, 0.23090743335045938, 0.728608375377922, -0.02099562950159535]], "inverted": true, "swapped": false, "error_lsq": 0.040004847389235106, "error_max": 0.24032485812670126, "target": "45.xyz", "model": "24.xyz", "model_rescale": 4.28219845311461, "target_rescale": 3.8255260115634373},
{"mapping": [5, 3, 11, 1, 8, 4, 7, 0, 6, 13, 2, 14, 15], "R": [[0.8864635731473414, -0.32733693883871895, 0.32715877178297537], [-0.45617596141642275, -0.49886188499614303, 0.7369126894849194], [-0.07801170238272294, -0.8024882230723338, -0.5915461318625606]], "T": [-0.08921255926580611, -0.022710678479818433, -0.030826740105401873], "aligned_model": [[0.17970831173198348, -0.23427756058771299, -0.11238099647576331, 0.26537000803268423, 0.528444485061925, -0.1943558126507448, -0.7815064455069894, 0.423471016577231, 0.7260311271369526, -0.5485542071616578, 0.014468042865532674, 0.06711900625864316, -0.047400259261533226], [-0.7102395989727771, 0.024326765787238205, -0.5097892088611117, -0.028794302046982176, -0.3213772181813052, 0.599569567366359, 0.196835701179999, 0.598983421178722, 0.1855178549006647, 0.21137018077042868, 0.5122400914710449, -0.08416022643554054, 0.03726155069850834], [-0.45540444741198965, -0.7902929797027411, 0.21144335711553514, -0.5638479323097791, -0.13686508498071287, -0.40009732507388185, -0.3102450072275995, -0.15813019467895034, 0.29199789437541807, 0.26434754532270566, 0.3837308926292769, 0.7120925149764281, -0.04270881610442488]], "inverted": true, "swapped": false, "error_lsq": 0.051138202977291165, "error_max": 0.3421020041236926, "target": "45.xyz", "model": "25.xyz", "model_rescale": 4.100010024507729, "target_rescale": 3.8255260115634373},
{"mapping": [7, 3, 1, 0, 10, 9, 6, 2, 4, 11, 8, 12], "R": [[-0.337872243175544, -0.9236785180852758, -0.18072172674948328], [-0.5661319218517347, 0.04605650192107663, 0.82302700179961], [-0.7518889508112135, 0.38039031777712573, -0.5384851082336723]], "T": [0.0046123416801037605, 0.10842705296507994, -0.039792861478244165], "aligned_model": [[-0.6737675150139735, 0.020364150211180727, 0.3320673642092348, 0.630613593716848, -0.47748112316931607, 0.2231118375262269, -0.17003398481377402, 0.5155623234631047, 0.08324860296909005, -0.08201207558162661, -0.501121016128035, -0.023786555025953435], [-0.32482253443129033, -0.6867559600279305, -0.25157308417155366, -0.40581731636904605, 0.48573315433666836, 0.5299802815620261, 0.38608997292327984, 0.4066466998314595, -0.2120581902492547, 0.6428346848724824, 0.08032615286986884, 0.015547528903929422], [-0.03571068969077042, 0.11067753153435307, 0.6333893458148611, -0.056343107423357006, 0.09154260384301278, 0.2839481959119426, 0.6781565274271186, -0.30290114584533445, -0.6007270569462179, -0.5650497745322038, -0.6399105092410228, -0.031879630998025106]], "inverted": false, "swapped": true, "error_lsq": 0.04442443416598557, "error_max": 0.2616734954542484, "target": "45.xyz", "model": "26.xyz", "model_rescale": 3.6694154284099745, "target_rescale": 3.8255260115634373},
{"mapping": [0, 5, 6, 4, 2, 8, 7, 10, 11, 3, 9, 12, 13], "R": [[0.5866384433599663, 0.2944425627333752, -0.7544262150954183], [-0.21582055318924098, -0.8410351068324498, -0.496065961235419], [-0.7805618653209275, 0.45383204638537, -0.4298367691116963]], "T": [-0.026642451517578467, 0.05930767489973891, -0.13255029109288718], "aligned_model": [[0.11840264198891792, -0.47495757092285934, -0.13034322063370016, 0.5079902944489457, 0.50974416091984, -0.07006007666494687, -0.6369946759827028, 0.4376130348917632, 0.5980076806997034, -0.5974380301172799, -0.10248621215385859, 0.1082099312916405, 0.018448758255087665], [-0.4367637091783351, -0.17096103106872312, -0.5072436463875646, 0.12169534143627095, -0.34007796022287046, 0.5696992750861957, 0.21274852468869704, 0.43785857421757907, 0.18662987052229468, 0.0779267231835861, 0.6085891860767461, -0.07342809701939014, 0.025071527520762082], [-0.5446284946922735, -0.7424423934236101, 0.2408880339846644, -0.753683268878922, -0.010443114158427344, -0.5146137893699668, -0.13993895977951293, -0.18783844404735592, 0.4417116178545685, 0.43900631924906175, 0.26418775966857283, 0.6381175122187331, -0.12430236169624792]], "inverted": true, "swapped": false, "error_lsq": 0.04515776640168239, "error_max": 0.33779396135648987, "target": "45.xyz", "model": "27.xyz", "model_rescale": 4.103607728864725, "target_rescale": 3.8255260115634373},
{"mapping": [1, 4, 0, 8, 5, 13, 12, 11, 6, 3, 10, 9, 14], "R": [[0.18361971342908348, -0.6972518989503784, -0.6929095108672655], [-0.24763507670386398, 0.6493498953058743, -0.7190421282874333], [0.9512942077118377, 0.3036190094120289, -0.05343058578722173]], "T": [0.03356786825091142, 0.1562196684423636, -0.0267281967197453], "aligned_model": [[0.030475631253243166, -0.2713400348463104, -0.16573361882447896, 0.3676105168490289, 0.5326221456185724, -0.11932383400945372, -0.7709760412267697, 0.49160496267375914, 0.5903019430703939, -0.6066668044925502, -0.036284084887798704, 0.2563575463229622, -0.012511611480047279], [-0.6677278857347512, -0.004775036322456044, -0.5009591497433085, 0.09466904021724826, -0.3404114765868089, 0.5608435346679518, 0.4211115679244787, 0.6322116216105593, 0.24594841006187376, -0.0958549357903559, 0.4442787551499998, -0.09156392684291417, 0.013974060243731518], [-0.3788101447244247, -0.8650128517153268, 0.16842983964890734, -0.7729902189942734, 0.17187377811918653, -0.5091970425681445, -0.1675649690338749, -0.2156591738280246, 0.2618254130551867, 0.273419783924469, 0.38790169066612834, 0.7209963349796267, -0.0691920226001517]], "inverted": true, "swapped": false, "error_lsq": 0.03766932418894034, "error_max": 0.21230578057842117, "target": "45.xyz", "model": "28.xyz", "model_rescale": 4.137296879288765, "target_rescale": 3.8255260115634373},
