[{"mapping": [0, 4, 3, 7, 1, 10, 2, 6, 8, 9, 11], "R": [[-0.8039616482177568, -0.3848514133373435, 0.4533597444052977], [-0.5946436257759846, 0.5288195855549925, -0.6055978899050398], [-0.006680308299659321, -0.7564649599192914, -0.654000105424553]], "T": [0.06940177484470161, -0.042037376908636, -0.06696002184864387], "aligned_model": [[-0.03503495160435749, 0.4459236940456654, 0.24824645200275358, -0.7048582557156093, -0.008612582359652496, -0.4734981398827101, 0.5731156637438959, 0.06220126011022134, 0.6311011352331017, 0.12039988875356739, 0.035565533618361574], [-0.3100596423075003, -0.7434206853608463, -0.49779207630932226, 0.5030256633644798, 0.42199753812441315, -0.2447198677542139, 0.041609209824731944, 0.6600976997468317, 0.23013591465853644, 0.12357980392312674, -0.06235961738998769], [-0.6147267873798931, -0.20349267629215362, 0.4171213248415045, -0.06139252052520623, -0.5965503514612768, 0.2879214181541632, -0.6898772011303926, 0.11222974954619773, 0.04931129270470205, 0.5155574167049521, -0.1241821435289292]], "inverted": true, "swapped": false, "error_lsq": 0.0473699589135611, "error_max": 0.26025213699946376, "target": "450.xyz", "model": "0.xyz", "model_rescale": 3.751011558992144, "target_rescale": 3.820404174133688},
{"mapping": [13, 3, 0, 10, 9, 8, 12, 6, 7, 1, 14], "R": [[0.86273191700257, 0.24115833559676553, -0.44445055580713233], [0.5022557415064075, -0.5105221015632454, 0.697930049460042], [-0.05859018270085767, -0.8253543729742066, -0.5615668700194438]], "T": [-0.05427752771346184, 0.015304713067306358, -0.06744805734760698], "aligned_model": [[-0.025240015916621325, 0.46921932081654005, 0.3530813476344048, -0.5681649806364722, -0.243649571183281, -0.5590300724239211, 0.5314989969940609, 0.26686745317808924, 0.56682184874438, 0.13362424545889426, -0.030478874720835897], [-0.3951216835576629, -0.5077697026771878, -0.4678723430942779, 0.6312173157413168, 0.1795677863960315, -0.27024174477743146, 0.0821039763992269, 0.6280409726105812, 0.1389312582395981, 0.07054037634927485, 0.03269772889078038], [-0.6659538586249802, -0.256525011748421, 0.3521984576788282, -0.2378156003964176, -0.6768292953480567, 0.25520708542949533, -0.519530821448497, 0.22434968554843185, 0.12909472600931954, 0.6013774016297871, -0.11365324709582085]], "inverted": false, "swapped": false, "error_lsq": 0.04410011940945014, "error_max": 0.17909239971702506, "target": "450.xyz", "model": "1.xyz", "model_rescale": 3.9405287249114394, "target_rescale": 3.820404174133688},
{"mapping": [3, 10, 11, 1, 4, 6, 8, 2, 9, 5, 12], "R": [[0.5227427556164228, 0.8454357367325566, 0.10944599812705907], [0.16117623651509022, -0.22408292911418304, 0.9611498643096403], [0.8371154234831542, -0.4847940345498152, -0.25340187811366366]], "T": [-0.08001387526161877, 0.010309326084555247, -0.07441084615169892], "aligned_model": [[-0.09083819279154728, 0.5211979706628224, 0.18441523120673417, -0.6208178059267103, -0.11539244089114242, -0.41741556539314917, 0.5417185637212051, 0.032923285229095656, 0.7157052302584231, 0.20403798506850665, -0.06098456319900014], [-0.37555669272828207, -0.5290712420521327, -0.43230290937015553, 0.5859207584862642, 0.30116774974836513, -0.35676863845002793, 0.09494321307034302, 0.6161628362497016, -0.08764773022508826, 0.20900426621207097, 0.0962423295791912], [-0.4960622759422708, -0.31751584064798694, 0.41730649716182977, -0.13296782544456975, -0.7114708561669341, 0.14185186639708447, -0.5293566117105273, 0.21603079948899828, 0.012862444834678119, 0.5642683705036317, -0.07302704684026558]], "inverted": true, "swapped": false, "error_lsq": 0.042862749685492314, "error_max": 0.20288491837783573, "target": "450.xyz", "model": "2.xyz", "model_rescale": 3.932901565614263, "target_rescale": 3.820404174133688},
{"mapping": [7, 4, 0, 11, 9, 3, 5, 10, 6, 1, 13], "R": [[-0.20148933167227875, 0.9374803821919185, 0.2837826320047666], [-0.8111026838120582, 0.0027255987758214445, -0.5848974332514971], [-0.5491033468620773, -0.34802744736099134, 0.759843674941272]], "T": [-0.0047950273651445885, 0.003102024882221442, -0.06705444700635199], "aligned_model": [[-0.06852705457366753, 0.6062139898079596, 0.06704735546256838, -0.6204349050657602, -0.09881064578303252, -0.42423079156264365, 0.48691710407887656, 0.1473825298474163, 0.6261736889032038, 0.10703391275005864, 0.06578451408025811], [-0.4644239383645535, -0.6150243654387464, -0.5341796239961623, 0.6208543794634477, 0.1876538462542065, -0.23254077728280792, 0.06221615613264746, 0.672225595482428, 0.2627497290039528, 0.07962611599829056, 0.08293682326754633], [-0.6028718130418413, -0.15545213396536223, 0.32679505591471086, 0.12550273349219548, -0.7719619786093489, 0.10391802908582998, -0.5881344647886038, 0.1385205481882984, -0.03308667526982587, 0.6612359981758728, -0.11254577754825727]], "inverted": true, "swapped": false, "error_lsq": 0.044220691329084565, "error_max": 0.22224895825140428, "target": "450.xyz", "model": "3.xyz", "model_rescale": 3.9243930471874484, "target_rescale": 3.820404174133688},
{"mapping": [0, 2, 3, 9, 1, 6, 7, 8, 4, 10, 12], "R": [[0.9413409407718795, 0.21300551945368507, -0.26173628313433966], [-0.1840853979683238, 0.9741771088859622, 0.13073456611559242], [0.28282467976037257, -0.07488397161512039, 0.9562440019752222]], "T": [-0.06329815362951433, 0.09102170712000318, 0.008642207585571327], "aligned_model": [[-0.02920863176032054, 0.5770365215030091, 0.16047515032603762, -0.38594495532395445, -0.14734411278866838, -0.4852436333779131, 0.5357770762162914, 0.2299522447258526, 0.5239212580939618, 0.03602653445004195, -0.12089775411910018], [-0.5614613371064932, -0.43103639915514175, -0.5064367194724169, 0.704069385681245, 0.1479842256028783, -0.4002024837412658, 0.23085586960026103, 0.641520523390471, 0.05257889842452518, 0.22473423177632187, 0.01948774551986454], [-0.5358080976363523, -0.4020174176625325, 0.22293711488670165, -0.12462060397075073, -0.6983598067111283, 0.328294082551597, -0.5056281832603499, 0.09403322623191175, 0.08650607850664722, 0.6937577355126828, -0.06717460681475884]], "inverted": false, "swapped": false, "error_lsq": 0.05653204066783221, "error_max": 0.30024111542697507, "target": "450.xyz", "model": "4.xyz", "model_rescale": 3.8936222436046832, "target_rescale": 3.820404174133688},
{"mapping": [7, 10, 3, 6, 5, 9, 4, 1, 2, 0, 11], "R": [[0.30898286506577743, -0.48522126165221896, 0.8179791661994654], [0.8291318218939504, 0.5587550208264066, 0.018255098578218443], [-0.4659077280090576, 0.672572043681501, 0.5749581159002166]], "T": [0.014584563002205217, -0.13991989157587464, -0.06676401152374083], "aligned_model": [[-0.23821887514459816, 0.42366662987957976, 0.22238743337403105, -0.6307379390869263, -0.06133688576122838, -0.4361381590936169, 0.5726267071379756, 0.04885868073395379, 0.7238635579639662, 0.22703233875305345, 0.0425462091890476], [-0.36545607053189044, -0.5486149432097476, -0.43115668669743057, 0.23316965429810005, 0.4227604989601262, -0.10949704412138832, 0.14401126345257836, 0.6294102672636388, 0.015203240678476337, 0.1370776053572222, -0.004813844929435512], [-0.6190061513782891, -0.3218867600476344, 0.3829927322319738, -0.3477830271876092, -0.645380956290119, 0.3550883583410626, -0.5552275858866725, 0.1569884381046993, 0.10649471428756126, 0.7461668823708985, -0.16652712291220306]], "inverted": true, "swapped": false, "error_lsq": 0.06312074841758414, "error_max": 0.448316623234831, "target": "450.xyz", "model": "5.xyz", "model_rescale": 3.6523030999806103, "target_rescale": 3.820404174133688},
{"mapping": [1, 0, 3, 10, 6, 4, 5, 9, 7, 11, 12], "R": [[-0.1464465895585757, -0.9864675467638195, -0.0737236433475302], [-0.5143749383704381, 0.13959711941484693, -0.8461270986249556], [0.844968531475031, -0.08599083342338731, -0.5278577056215823]], "T": [0.021896025032798, 0.08236383432989137, -0.1837392124666088], "aligned_model": [[-0.022509039927920832, 0.5882025599927408, 0.21626837969686089, -0.604325724514776, -0.38961015636397645, -0.35131424261879796, 0.6336527221561017, 0.1271494948724674, 0.5392493766585162, 0.04930679868695103, 0.10847952930707086], [-0.4203938415796209, -0.7256426303482458, -0.5017347212883163, 0.5092459824997441, 0.2793119831130235, -0.11244700761011976, 0.026717168085252124, 0.7578320733281647, 0.04349493390862612, 0.23951681011518788, 0.02619319029655373], [-0.6608532192965726, -0.3002990340120211, 0.13826850175007133, 0.0014390628101118852, -0.64687909569332, 0.2059971521556389, -0.47795124833086194, 0.051478219650832546, 0.2608423636685945, 0.681778317587223, -0.1619014986560281]], "inverted": false, "swapped": false, "error_lsq": 0.05292160951419511, "error_max": 0.26305753329902826, "target": "450.xyz", "model": "6.xyz", "model_rescale": 4.08911054899281, "target_rescale": 3.820404174133688},
{"mapping": [13, 7, 5, 9, 1, 10, 2, 3, 6, 4, 14], "R": [[0.42494372315134343, 0.16102834107410002, -0.8907820752154807], [-0.3931546779847985, -0.8535609192019585, -0.34185253602946647], [-0.8153847136983525, 0.4954832293650629, -0.299406309360749]], "T": [-0.018621676076591084, -0.030043097087435952, -0.06941623738675272], "aligned_model": [[-0.02481363281216696, 0.6190144456315935, 0.19064924581731663, -0.46741655272741073, -0.12166307089171682, -0.5342768975967079, 0.5367018426643111, 0.21570714833792476, 0.4368620792214689, 0.17660684324940606, -0.13282175294878099], [-0.4600831327877665, -0.4591259744332003, -0.5549383916164626, 0.6033491271516505, 0.31445397524345386, -0.3514125423993402, 0.0606615645033305, 0.653152957788182, 0.1716138124714638, 0.0693699671091058, 0.07505257748983284], [-0.6618027241656687, -0.1621363819027979, 0.4416530735822084, -0.17875404819906682, -0.708673851315124, 0.31800636216177847, -0.6469350658159064, 0.25428824036521835, -0.037604196581324786, 0.6005482076482714, -0.12667009414392033]], "inverted": false, "swapped": false, "error_lsq": 0.04664506531237164, "error_max": 0.23829331395468778, "target": "450.xyz", "model": "7.xyz", "model_rescale": 3.964800864290218, "target_rescale": 3.820404174133688},
{"mapping": [9, 11, 4, 1, 5, 7, 10, 0, 6, 2, 13], "R": [[0.7502725352394968, -0.6602587658153792, -0.033904056235950275], [0.532830132278192, 0.5735202800886887, 0.622227079500239], [-0.3913862197391508, -0.48490499120028085, 0.782102280080651]], "T": [0.0729071848007207, 0.04244321545230323, -0.07085664393896249], "aligned_model": [[-0.007441063170973261, 0.5950389350550064, 0.3866525567986038, -0.5399766517670467, -0.06378563152670469, -0.5870294911787721, 0.3502506648051853, 0.1718762593968177, 0.6310958009451484, -0.08191693029256253, 0.03978524888053511], [-0.4645409446814791, -0.5919310200082429, -0.34419607469934743, 0.45914827783218304, 0.44413193824192265, -0.14322114707085362, -0.0217837561951415, 0.6333166311457542, 0.04839995209682585, 0.07370953749561776, 0.02906054636301053], [-0.5295155010538521, -0.18077065239067777, 0.4263025819382005, 0.046830165149182396, -0.7912953761823794, 0.12114724442718655, -0.8416286616064719, 0.3218685798792814, 0.0869274150589448, 0.5723079059590847, -0.1402541795448311]], "inverted": true, "swapped": false, "error_lsq": 0.055411334303664406, "error_max": 0.3462267736737275, "target": "450.xyz", "model": "8.xyz", "model_rescale": 4.121658175737393, "target_rescale": 3.820404174133688},
{"mapping": [1, 4, 9, 8, 2, 6, 0, 11, 5, 7, 12], "R": [[0.8464927967715401, -0.43997906967147693, -0.299780525159521], [-0.4862463911208671, -0.868223818850245, -0.09875144304277406], [-0.21682802433225568, 0.22935958369363862, -0.9488834434386828]], "T": [0.12386767067739367, 0.15749115189172752, -0.07281672573951298], "aligned_model": [[-0.01618269702588178, 0.4461026122279854, 0.11258278558189631, -0.5647745393860732, -0.23953477183019234, -0.40096305079293393, 0.5959159342787811, 0.0547800731753976, 0.7040491183442221, 0.09452441470798918, 0.10804981866404718], [-0.26744264095546755, -0.6459054934612523, -0.49022205503478505, 0.3474920760710304, 0.31932713393541345, -0.27816390046562345, -0.010501973454405622, 0.7461938026875685, 0.03556582745989856, 0.26643709296686524, 0.0993140707710071], [-0.5969816634415739, -0.2699116023806635, 0.45018429718138103, 0.06939752480245798, -0.642109471657079, 0.0494102731208963, -0.6792596247742297, 0.15453359286782142, 0.10108442239123733, 0.5923754762333995, -0.1368037027099795]], "inverted": true, "swapped": false, "error_lsq": 0.050949113598044986, "error_max": 0.2760889719204131, "target": "450.xyz", "model": "9.xyz", "model_rescale": 3.833441315466971, "target_rescale": 3.820404174133688},
{"mapping": [8, 10, 0, 4, 7, 5, 11, 6, 12, 1, 14], "R": [[-0.9747616295448707, 0.12541991993398693, 0.18468786979869709], [0.11353844734722701, -0.43379492438008915, 0.8938293934281047], [0.19222067147164254, 0.8922397700538935, 0.40860666440131127]], "T": [-0.009996027890658982, -0.007061077856838722, -0.13208613788240467], "aligned_model": [[0.09276346648768664, 0.5402033832481408, 0.14494318072732296, -0.5353895264118067, 0.0011554615608989852, -0.49374544655113817, 0.4794262037550966, 0.05142300736560841, 0.5223073377595022, 0.16564418259466387, -0.07418155259073807], [-0.5208208891677207, -0.6080378324645591, -0.42881423831550847, 0.5511692406902808, 0.30683349773277735, -0.13623888611840754, 0.044474738104702906, 0.605884054721209, 0.21071475887716898, 0.10186290229708818, -0.004933405836782255], [-0.709191591827915, -0.2409975327112276, 0.37971565478700686, 0.08757988875059322, -0.7196742729568312, 0.3225948439778402, -0.6044705363204107, 0.15384310966318007, 0.04748799489591676, 0.5770647740692921, -0.20203281069377665]], "inverted": true, "swapped": false, "error_lsq": 0.04574670611967564, "error_max": 0.21290626173916113, "target": "450.xyz", "model": "10.xyz", "model_rescale": 4.2482417240324, "target_rescale": 3.820404174133688},
{"mapping": [2, 3, 7, 4, 6, 5, 1, 10, 8, 9, 11], "R": [[0.1562396669568541, -0.7910824562889296, -0.5914200823620092], [-0.9753450995742741, -0.029084746477651913, -0.21876017521198984], [0.15585603358760652, 0.6110176960401433, -0.77612258820378]], "T": [0.12074979655129148, 0.05582275802884999, -0.17415462105756424], "aligned_model": [[0.03408251231026005, 0.6399614836179324, 0.09493164464081907, -0.5822909797112302, -0.3818319142063883, -0.5666884284513656, 0.5897823841967521, 0.3238794173558988, 0.6944648102020209, 0.0011041152528944997, 0.047154652737643576], [-0.48894182735040165, -0.5670020233004708, -0.42989592260321624, 0.5362668886258267, 0.1564403643899826, -0.13908947276363004, 0.15544891449111486, 0.5390442876953159, 0.06410520635677411, 0.1973714196791545, 0.09834610529979947], [-0.6675891301299779, -0.15006847924859115, 0.296979152951819, 0.02770345908626437, -0.5713571631504072, 0.05741411477312913, -0.6930280299285156, 0.20032858678101118, 0.044111989115070305, 0.6289392647805463, -0.08151424339668073]], "inverted": false, "swapped": false, "error_lsq": 0.04999615057904876, "error_max": 0.2740469978131168, "target": "450.xyz", "model": "11.xyz", "model_rescale": 3.6694154284099745, "target_rescale": 3.820404174133688},
{"mapping": [4, 3, 2, 5, 6, 12, 11, 7, 8, 10, 13], "R": [[-0.6334327181133678, -0.5268723954569849, -0.5667172756577389], [0.26733540355806534, 0.5382798960093614, -0.7992412248855771], [0.726150654911195, -0.6577691330988173, -0.2001124531718931]], "T": [0.018088208819199966, 0.030912362463365706, -0.08923077717001614], "aligned_model": [[0.126873134207808, 0.43338385605701457, 0.20662695772827022, -0.6450829659382064, -0.13115410386605547, -0.43991681879992145, 0.5537926242096644, -0.02602722522566965, 0.7311233884126084, 0.14081313172417037, -0.05588228056444537], [-0.4013067625468254, -0.7050093538941679, -0.4387253264688057, 0.480823633709189, 0.3205381196303241, -0.0856125211293679, 0.2500556128459866, 0.7348929011869373, -0.19121663356955065, 0.20590099641190052, -0.04824672565537043], [-0.6800193330289732, -0.2541478878105667, 0.3233309208662516, -0.1377553426346424, -0.551506113245274, 0.39905381857901695, -0.5475163475843322, 0.14450100938681287, 0.03257806115748087, 0.5089718294736169, -0.14557109352572256]], "inverted": true, "swapped": false, "error_lsq": 0.054248816072637825, "error_max": 0.2812794592829914, "target": "450.xyz", "model": "12.xyz", "model_rescale": 3.9764082729961374, "target_rescale": 3.820404174133688},
{"mapping": [1, 10, 11, 4, 9, 3, 12, 6, 13, 14, 15], "R": [[0.4901712836769556, -0.5647441708917296, 0.6639247955170062], [0.8687690362267066, 0.37817410273650287, -0.31972599161338144], [-0.07051577378292478, 0.7335178044623416, 0.6760023344519909]], "T": [-0.03823303162265486, 0.05613847750141571, -0.21246338316311555], "aligned_model": [[0.08598533333249185, 0.4118117734301317, 0.2511753359895554, -0.5430257058969753, -0.04184675145855256, -0.4367788395631847, 0.513160876554682, 0.12376154526112808, 0.502649335518834, 0.1373421424785477, -0.10968534770142066], [-0.36816250461476047, -0.6059871842098641, -0.44938909243542696, 0.5558725876200228, 0.2399433711317587, -0.3029381429703348, 0.030378169392310923, 0.6606766869908496, 0.16941037806204615, 0.11011711894637016, 0.08217255260727728], [-0.6683811966384324, -0.28454792038618726, 0.3271933332216588, -0.10609657930885016, -0.7849158516040402, 0.4361263692360633, -0.5326425509728195, 0.22565773710705025, 0.05039834407328006, 0.5653975967569205, -0.13626975985097473]], "inverted": false, "swapped": false, "error_lsq": 0.047475549260981964, "error_max": 0.29268132080971043, "target": "450.xyz", "model": "13.xyz", "model_rescale": 4.170626492500431, "target_rescale": 3.820404174133688},
{"mapping": [0, 7, 8, 6, 3, 4, 1, 11, 10, 12, 13], "R": [[-0.38653045517635715, 0.5652399830125753, -0.7287646868675114], [0.8494761018066562, -0.08950916662951569, -0.5199792895382058], [-0.3591442045759973, -0.8200560168020434, -0.44555983843501984]], "T": [0.018545119190864906, 0.02122481913761412, -0.13062612107003274], "aligned_model": [[0.03762878937664668, 0.6159495254692997, 0.206325596538739, -0.5822053394763905, -0.11430226432116794, -0.4396515479147546, 0.4720132695472735, 0.13535713124042015, 0.5014643647555147, 0.06634953140176067, -0.004379358672104039], [-0.43518180994974853, -0.5215376255215408, -0.5279592054375517, 0.6062450336118723, 0.4742533798798625, -0.3583132126070365, -0.032713677219413054, 0.7049430677456003, 0.04542091865325712, 0.05438041254795603, 0.11255665881699162], [-0.5142759731294768, -0.20774101532228836, 0.3327222276734928, -0.06475122374440168, -0.6332097462267796, 0.2554694983116424, -0.7489074042401014, 0.005550093785969684, 0.16011750483830545, 0.5989775836799853, -0.09203202399267983]], "inverted": true, "swapped": false, "error_lsq": 0.047069176624366445, "error_max": 0.23440662729694423, "target": "450.xyz", "model": "14.xyz", "model_rescale": 3.9786697098870705, "target_rescale": 3.820404174133688},
{"mapping": [0, 2, 4, 6, 9, 1, 3, 7, 8, 10, 11], "R": [[-0.9162540189229245, -0.39975843687393736, -0.02591842888170165], [-0.007306093563454935, 0.08136423189576453, -0.9966576557498842], [0.40053113961892106, -0.9130022201047042, -0.07747097701365252]], "T": [0.10529061143718736, 0.04474063679931785, -0.028741405026632298], "aligned_model": [[-0.08945857795897567, 0.7122417286733005, 0.25057303803573755, -0.5034271554870696, -0.010862148797219445, -0.5181270412936598, 0.4467040376334823, 0.14978666063196083, 0.586062641024066, -0.16194562686227526, 0.033002142345890315], [-0.4893205833611347, -0.5332307389962309, -0.42348862654336494, 0.5426518698977727, 0.31236691402530575, -0.13618149370118066, -0.04954999748539242, 0.5951609765962182, 0.18775728786775137, 0.01725588234373289, 0.09867244987677198], [-0.4295617543466356, -0.2554721843969421, 0.3380952119602125, -0.12309592261343527, -0.5785586292723917, 0.16947490220126377, -0.8770900249947158, 0.3344851861456241, -0.17238199506328603, 0.7587548614463944, -0.07273012943242008]], "inverted": true, "swapped": false, "error_lsq": 0.06054177749323309, "error_max": 0.32853415275291725, "target": "450.xyz", "model": "15.xyz", "model_rescale": 3.769337070930944, "target_rescale": 3.820404174133688},
{"mapping": [1, 9, 3, 4, 5, 0, 7, 6, 8, 2, 10], "R": [[0.09359241721392697, 0.17175346046776607, 0.9806840511894755], [0.9609554044000473, 0.24203744717388714, -0.1340991607725024], [-0.2603942591425469, 0.9549443036025167, -0.14239454632361745]], "T": [0.09547789804042153, 0.0016251495294558813, -0.13944169128235934], "aligned_model": [[-0.16344470567584188, 0.6849650038257261, 0.16303556435531125, -0.4494554013454005, -0.23628894536425013, -0.5035371211074715, 0.3895831623629592, 0.19039610098185072, 0.7210935301589553, 0.023283672796924268, 0.0749188369564748], [-0.512378828116286, -0.5406987144338771, -0.5203198435686748, 0.5285220122067567, 0.33371239102484407, -0.18350165760574957, 0.09014005711643036, 0.6896911144582915, 0.1916632897470962, 0.05052223791922577, -0.005258118227807458], [-0.6961170389038944, -0.0009878664849449492, 0.3105058885739755, 0.04347883752395998, -0.6187117061713046, 0.016696666391295162, -0.7850450576117629, 0.0820593068110366, 0.22659696495244275, 0.5946720102748253, -0.08122848372196045]], "inverted": false, "swapped": false, "error_lsq": 0.06036657246740446, "error_max": 0.29987959175918355, "target": "450.xyz", "model": "16.xyz", "model_rescale": 3.7852294659196426, "target_rescale": 3.820404174133688},
{"mapping": [10, 9, 0, 1, 7, 4, 11, 2, 8, 3, 12], "R": [[0.9926794994160599, 0.06778602633851875, -0.09996232326388971], [0.1207704257366787, -0.5665826709967712, 0.815106484573363], [-0.0013840904819098984, -0.8212119894152777, -0.5706215494827898]], "T": [0.0077882130169995845, 0.04217265591018091, -0.1046779209556441], "aligned_model": [[-0.056972851159582116, 0.6168254954167468, 0.06676538043289151, -0.4593131628721201, -0.15781785941147045, -0.5436553635146553, 0.5087814698946882, 0.16559983267316547, 0.6400219839381234, 0.06103306999877785, 0.05328170254867283], [-0.6069478493067786, -0.5643589636141197, -0.44171576663002715, 0.4772915492159486, 0.48499731460511086, -0.35606810761717034, 0.2204938960221993, 0.631849899096512, 0.01701131971022058, 0.2767086734396196, -0.017168024401265573], [-0.5776511226835388, -0.1966277370305063, 0.3729420576820469, 0.15366682464202586, -0.6222761779107431, 0.09306170900437011, -0.6097911422449624, -0.06642530535964591, 0.049767141509810264, 0.6533809242859221, -0.15812765026111064]], "inverted": false, "swapped": false, "error_lsq": 0.056006849591475255, "error_max": 0.2804231258433116, "target": "450.xyz", "model": "17.xyz", "model_rescale": 3.901054581598922, "target_rescale": 3.820404174133688},
{"mapping": [13, 3, 0, 10, 9, 8, 12, 6, 7, 1, 14], "R": [[0.86273191700257, 0.24115833559676553, -0.44445055580713233], [0.5022557415064075, -0.5105221015632454, 0.697930049460042], [-0.05859018270085767, -0.8253543729742066, -0.5615668700194438]], "T": [-0.05427752771346184, 0.015304713067306358, -0.06744805734760698], "aligned_model": [[-0.025240015916621325, 0.46921932081654005, 0.3530813476344048, -0.5681649806364722, -0.243649571183281, -0.5590300724239211, 0.5314989969940609, 0.26686745317808924, 0.56682184874438, 0.13362424545889426, -0.030478874720835897], [-0.3951216835576629, -0.5077697026771878, -0.4678723430942779, 0.6312173157413168, 0.1795677863960315, -0.27024174477743146, 0.0821039763992269, 0.6280409726105812, 0.1389312582395981, 0.07054037634927485, 0.03269772889078038], [-0.6659538586249802, -0.256525011748421, 0.3521984576788282, -0.2378156003964176, -0.6768292953480567, 0.25520708542949533, -0.519530821448497, 0.22434968554843185, 0.12909472600931954, 0.6013774016297871, -0.11365324709582085]], "inverted": false, "swapped": false, "error_lsq": 0.04410011940945014, "error_max": 0.17909239971702506, "target": "450.xyz", "model": "18.xyz", "model_rescale": 3.9405287249114394, "target_rescale": 3.820404174133688},
{"mapping": [10, 14, 12, 8, 5, 1, 11, 7, 13, 4, 15], "R": [[0.002509023166809116, 0.5546363605930077, 0.8320890651311865], [-0.27685083029046226, 0.7999526983259259, -0.5323807830947248], [-0.960909632884503, -0.22902879283883482, 0.1555586367919055]], "T": [0.020068656243501307, -0.019502708402930932, -0.02124941949485283], "aligned_model": [[0.07773651178131502, 0.5686704528203497, 0.16009467944261735, -0.43733639918361067, -0.30044857544106274, -0.5218954989133457, 0.42875556425465616, 0.21936552691577377, 0.686888304869465, 0.007219834410466482, 0.005499296988613189], [-0.49635118862413047, -0.5373854823997068, -0.37426570550757626, 0.5825162441920012, 0.4200578868815682, -0.3795505227207053, 0.034842670651386104, 0.622904612639709, 0.06223699878249862, 0.22005825870004364, -0.0329698320748383], [-0.6434985515110642, -0.19609925011028218, 0.37203799566327667, -0.04626844270078111, -0.6499924751426015, 0.08902228997569674, -0.6122103258969098, 0.18664271636507124, -0.02139722867471494, 0.669482423867149, -0.055799630201171235]], "inverted": false, "swapped": false, "error_lsq": 0.045348808015599866, "error_max": 0.22133358876614606, "target": "450.xyz", "model": "19.xyz", "model_rescale": 4.410303926677745, "target_rescale": 3.820404174133688},
{"mapping": [9, 11, 4, 1, 5, 7, 10, 0, 6, 2, 13], "R": [[0.7502725352394968, -0.6602587658153792, -0.033904056235950275], [0.532830132278192, 0.5735202800886887, 0.622227079500239], [-0.3913862197391508, -0.48490499120028085, 0.782102280080651]], "T": [0.0729071848007207, 0.04244321545230323, -0.07085664393896249], "aligned_model": [[-0.007441063170973261, 0.5950389350550064, 0.3866525567986038, -0.5399766517670467, -0.06378563152670469, -0.5870294911787721, 0.3502506648051853, 0.1718762593968177, 0.6310958009451484, -0.08191693029256253, 0.03978524888053511], [-0.4645409446814791, -0.5919310200082429, -0.34419607469934743, 0.45914827783218304, 0.44413193824192265, -0.14322114707085362, -0.0217837561951415, 0.6333166311457542, 0.04839995209682585, 0.07370953749561776, 0.02906054636301053], [-0.5295155010538521, -0.18077065239067777, 0.4263025819382005, 0.046830165149182396, -0.7912953761823794, 0.12114724442718655, -0.8416286616064719, 0.3218685798792814, 0.0869274150589448, 0.5723079059590847, -0.1402541795448311]], "inverted": true, "swapped": false, "error_lsq": 0.055411334303664406, "error_max": 0.3462267736737275, "target": "450.xyz", "model": "20.xyz", "model_rescale": 4.121658175737393, "target_rescale": 3.820404174133688},
{"mapping": [1, 0, 3, 10, 6, 4, 5, 9, 7, 11, 12], "R": [[-0.1464465895585757, -0.9864675467638195, -0.0737236433475302], [-0.5143749383704381, 0.13959711941484693, -0.8461270986249556], [0.844968531475031, -0.08599083342338731, -0.5278577056215823]], "T": [0.021896025032798, 0.08236383432989137, -0.1837392124666088], "aligned_model": [[-0.022509039927920832, 0.5882025599927408, 0.21626837969686089, -0.604325724514776, -0.38961015636397645, -0.35131424261879796, 0.6336527221561017, 0.1271494948724674, 0.5392493766585162, 0.04930679868695103, 0.10847952930707086], [-0.4203938415796209, -0.7256426303482458, -0.5017347212883163, 0.5092459824997441, 0.2793119831130235, -0.11244700761011976, 0.026717168085252124, 0.7578320733281647, 0.04349493390862612, 0.23951681011518788, 0.02619319029655373], [-0.6608532192965726, -0.3002990340120211, 0.13826850175007133, 0.0014390628101118852, -0.64687909569332, 0.2059971521556389, -0.47795124833086194, 0.051478219650832546, 0.2608423636685945, 0.681778317587223, -0.1619014986560281]], "inverted": false, "swapped": false, "error_lsq": 0.05292160951419511, "error_max": 0.26305753329902826, "target": "450.xyz", "model": "21.xyz", "model_rescale": 4.08911054899281, "target_rescale": 3.820404174133688},
{"mapping": [13, 12, 10, 1, 2, 6, 14, 11, 9, 5, 16], "R": [[-0.5560859814537751, -0.6101181807798092, -0.5643794704917328], [0.7181616036426698, -0.01093186922288314, -0.6957904895072101], [0.41834470509853605, -0.7922350028351629, 0.44424251034630724]], "T": [-0.013505339182834447, 0.027569348611240677, -0.16039753836576487], "aligned_model": [[0.013485967072058597, 0.4990648277549362, 0.24283575124710718, -0.5634428889434219, -0.20647119401046435, -0.5042344999436925, 0.5295611254517395, 0.030355574166858107, 0.6385489711864508, 0.2556768762110928, -0.04083081224742695], [-0.4935257351366424, -0.4915061531221336, -0.4901442289432772, 0.5992729920557093, 0.42916024487316345, -0.2747344889396967, 0.05963186174229247, 0.6979751620531027, -0.011114772334274811, 0.09944488114551712, -0.0023658228735112426], [-0.5659358831726149, -0.2735432563568442, 0.40298271172100186, -0.18726790683515948, -0.7285020712498466, 0.3122137280385492, -0.5007993541483633, 0.20637936363589293, 0.12399009617207368, 0.48775668455243815, -0.18535459072345953]], "inverted": true, "swapped": false, "error_lsq": 0.04493343808251486, "error_max": 0.27752781663940146, "target": "450.xyz", "model": "22.xyz", "model_rescale": 4.204369325754507, "target_rescale": 3.820404174133688},
{"mapping": [10, 14, 12, 8, 5, 1, 11, 7, 13, 4, 15], "R": [[0.002509023166809116, 0.5546363605930077, 0.8320890651311865], [-0.27685083029046226, 0.7999526983259259, -0.5323807830947248], [-0.960909632884503, -0.22902879283883482, 0.1555586367919055]], "T": [0.020068656243501307, -0.019502708402930932, -0.02124941949485283], "aligned_model": [[0.07773651178131502, 0.5686704528203497, 0.16009467944261735, -0.43733639918361067, -0.30044857544106274, -0.5218954989133457, 0.42875556425465616, 0.21936552691577377, 0.686888304869465, 0.007219834410466482, 0.005499296988613189], [-0.49635118862413047, -0.5373854823997068, -0.37426570550757626, 0.5825162441920012, 0.4200578868815682, -0.3795505227207053, 0.034842670651386104, 0.622904612639709, 0.06223699878249862, 0.22005825870004364, -0.0329698320748383], [-0.6434985515110642, -0.19609925011028218, 0.37203799566327667, -0.04626844270078111, -0.6499924751426015, 0.08902228997569674, -0.6122103258969098, 0.18664271636507124, -0.02139722867471494, 0.669482423867149, -0.055799630201171235]], "inverted": false, "swapped": false, "error_lsq": 0.045348808015599866, "error_max": 0.22133358876614606, "target": "450.xyz", "model": "23.xyz", "model_rescale": 4.410303926677745, "target_rescale": 3.820404174133688},
{"mapping": [13, 6, 15, 1, 7, 11, 12, 3, 5, 8, 16], "R": [[-0.9909988628266053, -0.05120003126953529, 0.12369240346267682], [-0.07297819662565977, -0.5679887202763167, -0.8197944842801388], [0.11222939318040331, -0.8214422502141405, 0.5591396899429406]], "T": [0.02566999380214091, -0.012524943228397862, -0.008257499272094793], "aligned_model": [[0.03962687239948744, 0.4821155809569712, 0.3407479123553295, -0.542196531938004, -0.2736919968176286, -0.5863551420484523, 0.5463912521839664, 0.06529047696497484, 0.653395399971292, 0.15327086639818438, 0.01595500751911666], [-0.4223823155969632, -0.5486768099511692, -0.5459938380719487, 0.607590460755919, 0.1438136668370107, -0.174074788047744, 0.045753444433997044, 0.868110023892953, 0.0026550745930521754, 0.0382125620882427, 0.1070864595869], [-0.5792292706269413, -0.294782701542972, 0.3459331758018545, -0.1794878828362331, -0.5808581753608355, -0.001302836327646606, -0.6178711764352776, 0.17108367455918744, 0.02824476006410446, 0.8022055721391979, -0.002015617800770038]], "inverted": false, "swapped": false, "error_lsq": 0.046697774531648445, "error_max": 0.2267532008174485, "target": "450.xyz", "model": "24.xyz", "model_rescale": 4.28219845311461, "target_rescale": 3.820404174133688},
{"mapping": [9, 3, 4, 14, 11, 13, 5, 6, 1, 0, 15], "R": [[-0.5943374567231436, -0.563706334412823, -0.5735836086210311], [-0.7816470090994498, 0.5726827020173306, 0.24710822725278536], [0.1891849378300246, 0.5952055874678833, -0.7809861509305155]], "T": [-0.02830360778589483, -0.011464404187193545, -0.11615852646391096], "aligned_model": [[-0.02341081602214326, 0.5251735507203732, 0.14475241014111082, -0.5600740947400947, -0.1804620429583133, -0.5494652810275057, 0.5591724494958774, 0.10623146977185113, 0.6071001474917138, 0.26949342819570543, -0.0039615231233369845], [-0.417607812213054, -0.5530798508891274, -0.45411775824753736, 0.5337904932625106, 0.22521262270431322, -0.27713136042379727, 0.14617421516160295, 0.7635258729046285, -0.016803832673523415, 0.1718105990417661, 0.0003207518924676963], [-0.6564337124430245, -0.13516083594241363, 0.4395016177106446, -0.10829272032373467, -0.5823225177762735, -0.012582295382704889, -0.7122311971380585, 0.32371363482922444, -0.03798591534452102, 0.620917704727819, -0.047204241283289164]], "inverted": false, "swapped": false, "error_lsq": 0.04299160169085328, "error_max": 0.22543138582216007, "target": "450.xyz", "model": "25.xyz", "model_rescale": 4.100010024507729, "target_rescale": 3.820404174133688},
{"mapping": [2, 3, 7, 4, 6, 5, 1, 10, 8, 9, 11], "R": [[0.1562396669568541, -0.7910824562889296, -0.5914200823620092], [-0.9753450995742741, -0.029084746477651913, -0.21876017521198984], [0.15585603358760652, 0.6110176960401433, -0.77612258820378]], "T": [0.12074979655129148, 0.05582275802884999, -0.17415462105756424], "aligned_model": [[0.03408251231026005, 0.6399614836179324, 0.09493164464081907, -0.5822909797112302, -0.3818319142063883, -0.5666884284513656, 0.5897823841967521, 0.3238794173558988, 0.6944648102020209, 0.0011041152528944997, 0.047154652737643576], [-0.48894182735040165, -0.5670020233004708, -0.42989592260321624, 0.5362668886258267, 0.1564403643899826, -0.13908947276363004, 0.15544891449111486, 0.5390442876953159, 0.06410520635677411, 0.1973714196791545, 0.09834610529979947], [-0.6675891301299779, -0.15006847924859115, 0.296979152951819, 0.02770345908626437, -0.5713571631504072, 0.05741411477312913, -0.6930280299285156, 0.20032858678101118, 0.044111989115070305, 0.6289392647805463, -0.08151424339668073]], "inverted": false, "swapped": false, "error_lsq": 0.04999615057904876, "error_max": 0.2740469978131168, "target": "450.xyz", "model": "26.xyz", "model_rescale": 3.6694154284099745, "target_rescale": 3.820404174133688},
{"mapping": [9, 3, 7, 4, 10, 8, 12, 0, 6, 5, 13], "R": [[0.5246814431146076, -0.7951349720981362, -0.30408840720696517], [-0.8158762824028472, -0.5716428369537678, 0.08700780868380506], [-0.2430129113106595, 0.20244713657136337, -0.9486621536829503]], "T": [0.07851670968931962, 0.05822550745770558, -0.10407524940247695], "aligned_model": [[-0.032687774137050776, 0.6039893459364971, 0.15039872170731883, -0.5249280319767977, -0.3649500141018824, -0.5132419811541504, 0.6243948540379709, 0.12134917244923031, 0.7490161474483426, -0.013099577509809918, 0.09430883524556949], [-0.4678055968070398, -0.5542757843778416, -0.46835342753656073, 0.6121011947351299, 0.1755299739138421, -0.15603028521990647, -0.026259201663408893, 0.6061293607669074, 0.20504497212379533, 0.08744999234949082, 0.10856274223584167], [-0.5233464928634086, -0.14346936557189807, 0.23308365421270574, -0.03620230274919006, -0.4932636959575817, 0.006709675318171293, -0.6738227362812198, 0.26321222764512286, -0.09601419708974934, 0.6812469043177697, -0.126214149347054]], "inverted": false, "swapped": false, "error_lsq": 0.052268240894090996, "error_max": 0.30495876809402955, "target": "450.xyz", "model": "27.xyz", "model_rescale": 4.103607728864725, "target_rescale": 3.820404174133688},
{"mapping": [0, 9, 6, 4, 2, 7, 3, 13, 10, 11, 14], "R": [[-0.5768844363074928, -0.782524632939524, 0.23422114761278406], [0.7955169900130526, -0.6033109826383092, -0.056290113062333544], [0.18535659078316807, 0.15385401220267556, 0.9705523567445395]], "T": [0.13302345785249156, 0.029280794749328994, -0.02621770444791477], "aligned_model": [[-0.006511268742678322, 0.5363331332651212, 0.2569981750776257, -0.5380156765543787, -0.12318811118433762, -0.4352908815961227, 0.41587725640359974, 0.005938858707838945, 0.6373783996258959, 0.10906318533503495, 0.03596662760763854], [-0.3228433954441817, -0.6726656861803929, -0.4251369865421684, 0.6090602392411013, 0.3924067844408278, -0.3023688748168295, 0.10582016238488356, 0.6219335073299596, -0.009545750644552486, 0.12174725222277444, 0.0036866885288277737], [-0.6313873961346532, -0.14761115436153177, 0.39734104281972255, -0.2137585345991307, -0.6125758319897239, 0.2689238782156035, -0.7173517771240978, 0.20287790852790025, 0.03618316403382256, 0.6541771022948233, -0.14489888004906698]], "inverted": false, "swapped": false, "error_lsq": 0.03826959742997789, "error_max": 0.18753367050173111, "target": "450.xyz", "model": "28.xyz", "model_rescale": 4.137296879288765, "target_rescale": 3.820404174133688},
{"mapping": [6, 5, 2, 8, 9, 3, 0, 7, 1, 2, 10], "R": [[0.5825367053640307, -0.8025856766673951, -0.12848042073389954], [-0.48122408117307947, -0.4679458909931649, 0.7412489641151199], [-0.6550376863988405, -0.3699768569937212, -0.6588192124447355]], "T": [-0.00509645589275938, 0.01021055028290055, -0.15498667747138584], "aligned_model": [[0.00952389674061731, 0.4156931965926449, 0.21190629783092907, -0.5672797553418768, -0.2309283626331074, -0.4599415780690815, 0.5487822804280093, 0.14328554936868776, 0.6754398797638528, 0.21190629783092907, -0.06383800456636678], [-0.47561966872697825, -0.511765858521119, -0.3340920033088505, 0.4540355178525248, 0.35817098130687536, -0.023890972998642707, 0.15961088370386828, 0.6885410725256388, 0.15767184467424247, -0.3340920033088505, -0.016475852678459135], [-0.684045338247934, -0.09436618221644877, 0.5132083782815624, -0.08202631865844454, -0.8173443637621876, 0.35277480778019643, -0.5567555515676679, 0.023514604855538496, 0.13151712424395484, 0.5132083782815624, -0.20776601735646374]], "inverted": false, "swapped": false, "error_lsq": 0.06800732065208145, "error_max": 0.5133977509558825, "target": "450.xyz", "model": "29.xyz", "model_rescale": 3.607286011436655, "target_rescale": 3.820404174133688},
{"mapping": [13, 7, 5, 9, 1, 10, 2, 3, 6, 4, 14], "R": [[0.42494372315134343, 0.16102834107410002, -0.8907820752154807], [-0.3931546779847985, -0.8535609192019585, -0.34185253602946647], [-0.8153847136983525, 0.4954832293650629, -0.299406309360749]], "T": [-0.018621676076591084, -0.030043097087435952, -0.06941623738675272], "aligned_model": [[-0.02481363281216696, 0.6190144456315935, 0.19064924581731663, -0.46741655272741073, -0.12166307089171682, -0.5342768975967079, 0.5367018426643111, 0.21570714833792476, 0.4368620792214689, 0.17660684324940606, -0.13282175294878099], [-0.4600831327877665, -0.4591259744332003, -0.5549383916164626, 0.6033491271516505, 0.31445397524345386, -0.3514125423993402, 0.0606615645033305, 0.653152957788182, 0.1716138124714638, 0.0693699671091058, 0.07505257748983284], [-0.6618027241656687, -0.1621363819027979, 0.4416530735822084, -0.17875404819906682, -0.708673851315124, 0.31800636216177847, -0.6469350658159064, 0.25428824036521835, -0.037604196581324786, 0.6005482076482714, -0.12667009414392033]], "inverted": false, "swapped": false, "error_lsq": 0.04664506531237164, "error_max": 0.23829331395468778, "target": "450.xyz", "model": "30.xyz", "model_rescale": 3.964800864290218, "target_rescale": 3.820404174133688},
