[{"mapping": [10, 9, 8, 5, 3, 2, 6, 0, 7, 1, 11], "R": [[0.03179357202826463, 0.5051267528318479, -0.8624593511298007], [-0.979919332632982, 0.18569431137789258, 0.0726341810308429], [0.19684326330818266, 0.8428312917158709, 0.5008873559940817]], "T": [-0.22920929902986908, 0.015701874395489562, 0.009635064320018774], "aligned_model": [[0.010803299003209338, -0.026897951186670488, -0.34154328727034367, 0.07186661180679982, -0.6016745429865181, -0.5857089414544054, 0.348761456465697, -0.4714615287292919, 0.6648286234217053, 0.0797621796988573, -0.23459395639962033], [-0.5845601824651177, 0.05371295491923453, 0.5888294927203174, -0.4825136905350653, -0.22839557605667252, 0.5594159928014337, 0.4249966316033251, -0.13387782970784382, -0.21828899306483368, 0.3488800801265699, -0.012212863916603492], [-0.19974679220950398, -0.5621880733014408, -0.23938159956115457, 0.60109163863863, -0.515454062889823, 0.4850645627565878, -0.14392956366774412, 0.5589356772156523, 0.21590618937064376, 0.5531509040864021, 0.07307029694416929]], "inverted": true, "swapped": false, "error_lsq": 0.050522552674420636, "error_max": 0.2840025965234974, "target": "452.xyz", "model": "0.xyz", "model_rescale": 3.751011558992144, "target_rescale": 3.900640648424216},
{"mapping": [9, 11, 6, 5, 10, 1, 12, 8, 13, 3, 14], "R": [[0.2894364848484126, 0.9535266617129003, -0.08374620374230085], [0.7424953376000061, -0.27887022026907676, -0.609041931142126], [-0.6040920417294438, 0.11409778985470737, -0.7887043168827107]], "T": [-0.18629710770212, 0.07129064882465783, 0.1895894423290937], "aligned_model": [[0.11139283401205013, -0.040237735102016337, -0.4861912234747239, -0.07523246863050666, -0.5692461656162, -0.6175138042775281, 0.431960006480605, -0.5772361373172968, 0.44585557622061783, 0.43656827654060754, -0.14597719646619], [-0.3958898335289296, 0.188363661112219, 0.5518919061987346, -0.5195495218135889, -0.39693682919996687, 0.5884611698903147, 0.332711829877379, -0.20990744802645375, -0.2576503740821048, 0.365973046635765, 0.06851840936137603], [-0.1672196338508395, -0.5860983546590094, -0.3031698254737203, 0.35887791123256046, -0.36409530190202477, 0.36923454293332847, -0.12883199372171672, 0.6462211950475503, 0.3298855077012579, 0.519145032549061, 0.15257009752597162]], "inverted": false, "swapped": false, "error_lsq": 0.04742376612641655, "error_max": 0.2737145626746312, "target": "452.xyz", "model": "1.xyz", "model_rescale": 3.9405287249114394, "target_rescale": 3.900640648424216},
{"mapping": [6, 5, 9, 7, 11, 8, 2, 3, 1, 4, 12], "R": [[-0.05497608357538514, -0.7358311520740548, 0.6749297340257587], [0.3394305855053572, 0.621923313977691, 0.7056899242262828], [-0.9390231668378595, 0.2678878630479096, 0.21557269069485993]], "T": [-0.08561449965994729, -0.030179210320574936, 0.0642259968183706], "aligned_model": [[-0.15613814465888531, -0.0003979020655520693, -0.6113583346487714, -0.015145805950197891, -0.5256856805535279, -0.43977168850703385, 0.37734384288802053, -0.448784006828367, 0.6814476393413555, 0.07987926725903348, -0.027247223906655314], [-0.5538419699647616, 0.1841633427800378, 0.5155815508663688, -0.5933144691662923, -0.18301225109314134, 0.5945558202048065, 0.36063049832165367, -0.18496301714910016, -0.09907609708743345, 0.2398500603802519, 0.035412548332354576], [-0.06289372253044734, -0.6248833426927802, -0.21167202530203322, 0.6181417815796909, -0.4748414446324398, 0.3557197314545407, -0.24739391945436306, 0.47768646745082183, 0.24887492387413895, 0.6898390784899064, 0.05794164914538357]], "inverted": true, "swapped": false, "error_lsq": 0.0536320018560451, "error_max": 0.33370844440732944, "target": "452.xyz", "model": "2.xyz", "model_rescale": 3.932901565614263, "target_rescale": 3.900640648424216},
{"mapping": [6, 1, 11, 5, 10, 8, 0, 9, 4, 7, 13], "R": [[0.45831549780136216, 0.3264209001093277, 0.8266778698180482], [0.35794693449852993, -0.9191406223861536, 0.16448254728906495], [0.813523752915792, 0.22052190877872127, -0.5380977524487485]], "T": [-0.08288538717303151, 0.11327007215931845, 0.038660279022352625], "aligned_model": [[-0.012951161746487527, 0.09331637171664642, -0.836026296442884, -0.049955382508123786, -0.5323091871743846, -0.5034119300949653, 0.511893060992353, -0.4680113814777696, 0.6958806803995713, 0.14713173992359688, -0.13141455121813406], [-0.5390550081306698, 0.16514024035287855, 0.4669009025069843, -0.47532942974536635, -0.23099948188382197, 0.6064302269753898, 0.3563621198844006, -0.050165879956898335, -0.21024249938130407, 0.21864278537319815, 0.008302040429953375], [-0.15179563298987192, -0.6789963566523335, -0.2860437477146568, 0.4500796840155943, -0.4002499195974941, 0.383242945347611, -0.15132704443321449, 0.6426135863694501, 0.26689137372781385, 0.7062913597093597, 0.045812929600160215]], "inverted": true, "swapped": false, "error_lsq": 0.0480849351222489, "error_max": 0.30782227293435815, "target": "452.xyz", "model": "3.xyz", "model_rescale": 3.9243930471874484, "target_rescale": 3.900640648424216},
{"mapping": [3, 6, 11, 4, 10, 9, 5, 8, 2, 1, 12], "R": [[0.03937589070406111, -0.6864777752671848, -0.7260838817213056], [-0.9812061949031727, 0.11080779116602812, -0.15797479704226172], [0.18890193835665026, 0.7186584011066197, -0.6692130902813975]], "T": [-0.13280837328595413, 0.024953571846801702, 0.11739538750217984], "aligned_model": [[0.21050117844286503, 0.009812225658075269, -0.5852590450518398, -0.10486672372140113, -0.6606925625039926, -0.5473271438017486, 0.3697864072659371, -0.5874289317452778, 0.5808948454702445, 0.26314296398427645, -0.03442125162772011], [-0.42088997705086495, 0.11602316105841991, 0.5197965605784226, -0.5236071653722728, -0.3238183604547587, 0.5244759206961243, 0.5164239236656271, -0.1166757282356375, -0.4853660887034865, 0.4212527503848375, 0.08837101985833329], [-0.25181383768425214, -0.584660314998971, -0.3027865820173058, 0.34249014808392664, -0.19377039071123917, 0.39369052619811284, -0.16452389105102525, 0.5292177498145229, 0.402730365916076, 0.5604865740388556, 0.0954588297937181]], "inverted": false, "swapped": false, "error_lsq": 0.046621059377410325, "error_max": 0.3560960970237389, "target": "452.xyz", "model": "4.xyz", "model_rescale": 3.8936222436046832, "target_rescale": 3.900640648424216},
{"mapping": [7, 10, 3, 6, 8, 0, 4, 9, 5, 1, 11], "R": [[-0.9097564155138589, 0.38215273916351644, 0.16218060420776692], [-0.20399401718106597, -0.07126958172060538, -0.976374460786281], [-0.361565630813696, -0.9213468026053986, 0.1427948316400237]], "T": [-0.14510711884366334, 0.03938387259704765, 0.008496018167980193], "aligned_model": [[0.07670260518031108, -0.030831929123200083, -0.5805331555538047, 0.05764146134417314, -0.721656336599626, -0.5545217298217072, 0.572044823519485, -0.6057974295123039, 0.5800921459469793, 0.10688063096379574, 0.01412087602531617], [-0.5048579627175286, 0.1538504856777046, 0.3765050162314679, -0.5542721555225438, -0.2615384689382412, 0.6959813688986356, 0.3141331123148745, -0.10956656298324943, -0.1933670935569202, 0.35727212524534957, 0.041846151775195725], [-0.2641737425497883, -0.6024916862821665, -0.1559288381971929, 0.4994890543882533, -0.3420743316916881, 0.43742225092275616, -0.19356967844104422, 0.3927018864439981, 0.28613584086704635, 0.7002748845235743, 0.06873353739867033]], "inverted": false, "swapped": false, "error_lsq": 0.04020401178933267, "error_max": 0.19319568491320052, "target": "452.xyz", "model": "5.xyz", "model_rescale": 3.6523030999806103, "target_rescale": 3.900640648424216},
{"mapping": [4, 11, 9, 2, 10, 8, 7, 6, 3, 5, 12], "R": [[-0.6327314289178514, 0.6795337982010643, -0.37132836676183123], [0.4942431665904692, 0.7235327470979667, 0.4818963126601981], [0.5961330649596612, 0.12138443466649623, -0.7936568451682977]], "T": [-0.0980502232270292, 0.03191672334406809, 0.19289714647247147], "aligned_model": [[-0.005587081366167895, 0.1452682595975941, -0.4428732275164853, -0.08001597948354612, -0.6826837322147553, -0.4866104156702662, 0.3917265819536069, -0.653059332999603, 0.5657985848352443, 0.16265250884681265, -0.00047420361301532543], [-0.42338898155279986, 0.05515337838483725, 0.4735506629083068, -0.7089388271497239, -0.2618587518504622, 0.5062684135046407, 0.39027922258708303, -0.14892409581846675, -0.1685709235242057, 0.5330741909078927, 0.06934172802764255], [-0.14367213972652476, -0.652576198417489, -0.2639610747717191, 0.35727309837620624, -0.23204128672687951, 0.47167044784255174, -0.12097075558272918, 0.47905435547861874, 0.15106215590834224, 0.5733952518304257, 0.2072853231716152]], "inverted": true, "swapped": false, "error_lsq": 0.045387319785375566, "error_max": 0.23187842108581855, "target": "452.xyz", "model": "6.xyz", "model_rescale": 4.08911054899281, "target_rescale": 3.900640648424216},
{"mapping": [9, 11, 13, 3, 1, 7, 10, 6, 8, 4, 14], "R": [[-0.9038627019701454, 0.26367724109756496, 0.3369072995861105], [0.34200990615716664, 0.9184387222681701, 0.19874490566748512], [-0.25702420134608867, 0.29486374135452476, -0.9203227335868748]], "T": [-0.14781186123524892, 0.12910891149568904, 0.08770068806230996], "aligned_model": [[0.0659389790917091, 0.039383736636481564, -0.6045656669309938, -0.03965289723517251, -0.5666412237704421, -0.6345930620396998, 0.47531110472705296, -0.4126732911373708, 0.46635617609614965, 0.2421144533551401, -0.11683634642343547], [-0.5605413138614485, 0.15855236786257818, 0.4834293885892002, -0.47975798321770224, -0.29725618490613775, 0.6156014637408753, 0.4313869057873231, -0.013159356430374247, -0.15968596207048558, 0.1319189854063354, 0.005497705524580315], [-0.2176686830805069, -0.4678368479978318, -0.36144013934742797, 0.5816988452393138, -0.33743555892684046, 0.4421834432011073, -0.11134875795388532, 0.4861365415506686, 0.15511074819712295, 0.6748966199085964, -0.017777033407898074]], "inverted": false, "swapped": false, "error_lsq": 0.04768263042765612, "error_max": 0.22213774220405716, "target": "452.xyz", "model": "7.xyz", "model_rescale": 3.964800864290218, "target_rescale": 3.900640648424216},
{"mapping": [1, 7, 12, 3, 2, 11, 8, 6, 5, 10, 13], "R": [[-0.15288656693878291, -0.9138222342677523, 0.3762374540201522], [0.3527546756066505, 0.30516969708988906, 0.8845538959360884], [-0.923141287391762, 0.2679559294659448, 0.2756987184894442]], "T": [-0.19800296642292758, -0.03990107671806056, 0.08312940801328393], "aligned_model": [[0.15463150658822444, -0.10597453152572665, -0.3894157211939362, -0.09150045134392348, -0.6254464746540805, -0.5944992654051464, 0.43423190191766126, -0.5872175282946905, 0.5905987247158755, 0.2606207182088046, -0.13188691664364333], [-0.44792565891451386, 0.07366776960367642, 0.5799124423814236, -0.5367992497642454, -0.324298503816273, 0.5667938846989611, 0.3185506870839533, -0.12788720850756688, -0.10992454626416445, 0.3223156484476044, 0.0015807514758891597], [-0.43867971411850804, -0.6136388815042817, -0.30399756875410266, 0.6005384489157571, -0.3352231687506858, 0.48542933739220095, -0.16756759174711267, 0.5041713164003585, 0.3519691547289179, 0.6607082969213761, 0.08280954789849906]], "inverted": false, "swapped": false, "error_lsq": 0.04479852801243848, "error_max": 0.32100304844487565, "target": "452.xyz", "model": "8.xyz", "model_rescale": 4.121658175737393, "target_rescale": 3.900640648424216},
{"mapping": [11, 3, 0, 7, 10, 4, 2, 5, 8, 6, 12], "R": [[-0.9195962891591093, 0.23221896469649161, 0.3168864424365384], [0.38727194108949536, 0.4002099358050866, 0.8305735674385882], [0.06605383114983132, 0.8865135981575117, -0.4579634610667663]], "T": [-0.08353652990255427, 0.02062922777114822, 0.15562465450690766], "aligned_model": [[0.0990683843623363, 0.026150930307971026, -0.5509284065217671, -0.06351953929282801, -0.5590128768231726, -0.5605610100989589, 0.33301484838491113, -0.6840353544632433, 0.6221772490740638, 0.32928275013252156, -0.07749501269241531], [-0.5137542103930872, -0.033480231039424775, 0.551714100567493, -0.5628715396155476, -0.2818194161670423, 0.6394239580130363, 0.4002052653642106, -0.0961627781509708, -0.1407519616462592, 0.24544455923041292, 0.10803827026192342], [-0.1344130341743856, -0.6239424170204969, -0.18834908675765294, 0.49376232596525377, -0.3532249223764169, 0.577132240247596, -0.2502736477694739, 0.24210410483873543, 0.23610764396470285, 0.6647615308635075, 0.16285443960104956]], "inverted": true, "swapped": false, "error_lsq": 0.045207288854717816, "error_max": 0.29149602028660454, "target": "452.xyz", "model": "9.xyz", "model_rescale": 3.833441315466971, "target_rescale": 3.900640648424216},
{"mapping": [0, 11, 7, 13, 8, 3, 6, 2, 1, 4, 14], "R": [[-0.16104214976812886, 0.6136787779318347, 0.7729578148347745], [0.18442873467004653, -0.7506725439261255, 0.6344105718093646], [0.9695625136246064, 0.2447224740631095, 0.007709919737944659]], "T": [-0.03710119753590115, -0.0022194419846748165, -0.018673254399263553], "aligned_model": [[0.27590378111111136, -0.22501758098697947, -0.3944597666793745, -0.21138082139833045, -0.6875812636584134, -0.5096868210161001, 0.4731503221082667, -0.5264936280467155, 0.6636466471251214, 0.17470199216905352, -0.11864089835822092], [-0.6038135516104666, 0.14533928488800674, 0.5032237409144285, -0.6545456182401144, -0.27124036343455393, 0.5637652649104387, 0.4409060449442989, -0.15518927529709386, -0.19624120032719816, 0.5077584818832924, 0.036023207793705644], [0.044059291455344665, -0.657618428884486, -0.2651200411552873, 0.40533584207507184, -0.3534310620397277, 0.4402886065307229, 0.04850380701080957, 0.48505835467716035, 0.11139191544428824, 0.556630583662298, 0.011420308606223922]], "inverted": true, "swapped": false, "error_lsq": 0.04789934327417081, "error_max": 0.23373955941127464, "target": "452.xyz", "model": "10.xyz", "model_rescale": 4.2482417240324, "target_rescale": 3.900640648424216},
{"mapping": [7, 3, 1, 5, 2, 0, 8, 6, 9, 10, 11], "R": [[0.17544156420607143, 0.3491740413767066, -0.9204877763325187], [-0.5323750193925214, -0.7528414841438934, -0.38704849628803956], [-0.8281286713281574, 0.5579490913879851, 0.05381184947186424]], "T": [-0.15476577159265015, 0.028556873623820634, 0.10988959233121771], "aligned_model": [[0.2778256124179529, 0.0091926079347871, -0.5097063595198277, -0.14070288907716488, -0.6626121267093302, -0.36786177563774125, 0.2234474472775746, -0.6806679731048058, 0.5797538265739581, 0.2726567417769895, -0.08718314956297366], [-0.4088384232115741, 0.017826558625269055, 0.5644600130121119, -0.659186442972925, -0.25691580647058043, 0.6347592162347874, 0.40608298556850786, -0.184681799555447, -0.16636328722620244, 0.3907020102581445, -0.021859007837347306], [-0.17314096340688567, -0.6845121552590768, -0.1833194764130573, 0.41154757106440865, -0.3465692939872545, 0.5110732021744449, -0.19224717277121917, 0.42363834666880845, 0.42894756973073583, 0.42795131214575227, 0.20315023743576197]], "inverted": false, "swapped": false, "error_lsq": 0.05077778878031403, "error_max": 0.24961498893558848, "target": "452.xyz", "model": "11.xyz", "model_rescale": 3.6694154284099745, "target_rescale": 3.900640648424216},
{"mapping": [12, 10, 9, 0, 7, 11, 2, 6, 1, 4, 13], "R": [[-0.029407310190501995, 0.6707754125950621, -0.7410772941908853], [0.7198497486230991, 0.5285987397341118, 0.44988855482082446], [0.6935067047366023, -0.5202342916508227, -0.4984021792447805]], "T": [-0.12854827528349128, 0.017180691323062235, 0.07258644922043778], "aligned_model": [[0.1740999842873206, -0.11645861851324585, -0.5462369964193898, 0.04905409932434057, -0.7169503627070897, -0.5254143383224374, 0.42908883194663966, -0.5349550235589506, 0.6818410801427268, 0.08518057492959463, -0.06510726874009014], [-0.4638089427351274, 0.06722064017036627, 0.5725866372713022, -0.4757670286518799, -0.12898643228455972, 0.5604514394873339, 0.2238009959347913, -0.1251982609526564, -0.09816284365793185, 0.22577608980998684, -0.04192627796688113], [-0.3000011286371933, -0.5605633206026107, -0.3295909175361803, 0.5585883075817242, -0.3570453395957187, 0.37653195602070955, -0.19697333961032398, 0.43921517471628063, 0.2880822859587118, 0.7497028262687009, 0.1585726728183184]], "inverted": false, "swapped": false, "error_lsq": 0.04714732108135993, "error_max": 0.24846869534187255, "target": "452.xyz", "model": "12.xyz", "model_rescale": 3.9764082729961374, "target_rescale": 3.900640648424216},
{"mapping": [9, 7, 3, 12, 8, 14, 4, 13, 5, 6, 15], "R": [[0.5985213469719399, 0.16274774341112044, -0.7844012807444177], [0.005862154213832266, 0.9782309092618235, 0.20743655249921442], [0.8010854089089802, -0.1287534860862967, 0.584538029091143]], "T": [-0.14452917576841218, -0.11707256269838417, 0.038368128930393125], "aligned_model": [[0.26897774328627716, 0.0093720840141715, -0.6099982585909518, -0.19697096592258057, -0.7203982366900783, -0.5081021452265297, 0.3844036072412499, -0.3420620079307676, 0.6550816540939204, 0.10840526861337763, -0.13456678051866974], [-0.5496416766261625, 0.2066312030594864, 0.49229670402553494, -0.6266292109229769, -0.13793239074651334, 0.49418985660948767, 0.3362973428631622, -0.07950085181953159, -0.18390952651924122, 0.37846648199958755, -0.014281915498088854], [-0.01989949576169006, -0.6268866893118332, -0.3086924954888981, 0.4189143361691632, -0.3710125360936767, 0.4030337157306332, -0.13641619979502853, 0.6163384507865015, 0.28122456155839515, 0.5619366800527159, 0.00797884953613574]], "inverted": false, "swapped": false, "error_lsq": 0.043291072817724895, "error_max": 0.2701190397493551, "target": "452.xyz", "model": "13.xyz", "model_rescale": 4.170626492500431, "target_rescale": 3.900640648424216},
{"mapping": [4, 2, 3, 12, 6, 9, 0, 11, 8, 10, 13], "R": [[-0.9373881391338698, 0.09390774424837994, 0.33538755519744945], [0.08942780394363281, 0.9955764337717711, -0.0288137536621295], [-0.33660978074464876, 0.0029833016045265346, -0.9416395039602875]], "T": [-0.03668856863023491, 0.09652949372149346, 0.04348286853240399], "aligned_model": [[0.2991181340564807, 0.01062787084258486, -0.5583506320163623, 0.0194348533762619, -0.7049380246115132, -0.3644268924083736, 0.371154199709288, -0.6711274576937463, 0.5841870849624257, 0.05423971262390358, -0.12577688647153062], [-0.47845899777116374, 0.06469522999350256, 0.4444183049199311, -0.4868922213641469, -0.2873635159000952, 0.6025871097406666, 0.4267908078525488, 0.04813120138830166, -0.18857896043241562, 0.11880272048685807, 0.05185433751075672], [-0.2008227263169465, -0.6120168655978672, -0.24342420892744113, 0.48186099875217625, -0.2935009423168592, 0.5845925790902221, -0.24015448307958873, 0.3513863476849367, 0.3346578759605462, 0.5998678575575, 0.06407274457574023]], "inverted": true, "swapped": false, "error_lsq": 0.04917600114333943, "error_max": 0.26615504252877625, "target": "452.xyz", "model": "14.xyz", "model_rescale": 3.9786697098870705, "target_rescale": 3.900640648424216},
{"mapping": [7, 8, 2, 10, 5, 0, 9, 4, 6, 1, 11], "R": [[0.4045353660846536, 0.6067964698645743, -0.6842142805778363], [-0.27788419417789556, 0.7943501804233114, 0.5401741992057324], [0.8712815344151722, -0.028387233421795055, 0.4899618890952639]], "T": [-0.057562227502090266, 0.0702765819193867, 0.051694930031411845], "aligned_model": [[0.1937123822350909, -0.19100457331653697, -0.7631053345181781, -0.18538082530088112, -0.5827766458020942, -0.19470354176917032, 0.39290199303692275, -0.6094558064232037, 0.6995601667048822, 0.11471715463472988, 0.0396769928878572], [-0.5118393360632926, 0.0919987354180957, 0.4953717711745061, -0.5879294193715432, -0.3381692536162512, 0.6892577668710707, 0.4359271565440831, -0.04226051541834287, -0.034878832996670536, 0.029470400629850207, 0.0890375432532388], [-0.13506195450917569, -0.4522390085090587, -0.22280538049896365, 0.5443898198143711, -0.39772848054410587, 0.33780703861063716, -0.17368455293017732, 0.29182741296446013, 0.2592129044530256, 0.7069252418695189, 0.06787613666188713]], "inverted": true, "swapped": false, "error_lsq": 0.06463597554489557, "error_max": 0.4071343370408974, "target": "452.xyz", "model": "15.xyz", "model_rescale": 3.769337070930944, "target_rescale": 3.900640648424216},
{"mapping": [4, 0, 3, 6, 2, 9, 1, 8, 5, 7, 10], "R": [[-0.3382884575348466, 0.8541439546031739, 0.39496711801559603], [0.7554048652022185, 0.4967700546079532, -0.4272973232699093], [-0.5611812622740647, 0.15381033014613377, -0.8132760744131264]], "T": [-0.05923491800384445, 0.06026723126521728, 0.10633113822703295], "aligned_model": [[0.14976435594743598, 0.07765513492253001, -0.5639226654293468, -0.17677087105814648, -0.6367560830853634, -0.5656269351297496, 0.45457459969277786, -0.6511959301498624, 0.5705123746350207, 0.3553297420141591, -0.09942175999003659], [-0.6210096264053699, 0.017108315135997268, 0.39726577251285894, -0.6113833640031401, -0.2514164682643048, 0.6584055018797113, 0.6449916505397764, -0.07078674906300896, -0.16477098159113268, 0.27621042388246037, 0.04137154180089628], [-0.2102342913887289, -0.5236438898417133, -0.22708406765330547, 0.364357701035455, -0.2340340091602584, 0.3221491567744821, -0.08135364919273731, 0.5466727398113288, 0.15950135250914316, 0.6472943367994014, 0.06289379768935169]], "inverted": true, "swapped": false, "error_lsq": 0.04446578333406794, "error_max": 0.25163680372446817, "target": "452.xyz", "model": "16.xyz", "model_rescale": 3.7852294659196426, "target_rescale": 3.900640648424216},
{"mapping": [8, 3, 1, 11, 2, 5, 0, 7, 9, 10, 12], "R": [[0.34658030113656646, 0.31055371544616406, -0.8851206045995483], [-0.917112429594518, -0.08593039041274382, -0.3892566755840598], [-0.19694386598045494, 0.9466638040118025, 0.2550308919064046]], "T": [-0.11957036410133279, 0.09312627512877684, 0.07678509503259785], "aligned_model": [[0.22726413376091517, -0.10690057269004927, -0.6392353809405429, -0.17095419647076185, -0.5429523439123329, -0.4702651258646545, 0.44037245764074395, -0.7027213862883663, 0.6526530416549647, 0.28838610189656566, -0.06150476641706308], [-0.4065953400277484, 0.18027548202479815, 0.41379555736143964, -0.5625295826426316, -0.257778695869238, 0.5861457892474508, 0.36535093432621385, -0.08172539618131093, -0.23812563047906526, 0.2571590097259855, 0.06001388893885069], [-0.15600246840339305, -0.713619777982204, -0.24160717238757973, 0.40144980265315605, -0.19098424886335524, 0.3339892033402541, -0.20268749225116728, 0.4243319027271995, 0.2797751739654345, 0.7520034738628896, 0.1398707807211843]], "inverted": false, "swapped": false, "error_lsq": 0.04074944645025485, "error_max": 0.2054600145661467, "target": "452.xyz", "model": "17.xyz", "model_rescale": 3.901054581598922, "target_rescale": 3.900640648424216},
{"mapping": [9, 11, 6, 5, 10, 1, 12, 8, 13, 3, 14], "R": [[0.2894364848484126, 0.9535266617129003, -0.08374620374230085], [0.7424953376000061, -0.27887022026907676, -0.609041931142126], [-0.6040920417294438, 0.11409778985470737, -0.7887043168827107]], "T": [-0.18629710770212, 0.07129064882465783, 0.1895894423290937], "aligned_model": [[0.11139283401205013, -0.040237735102016337, -0.4861912234747239, -0.07523246863050666, -0.5692461656162, -0.6175138042775281, 0.431960006480605, -0.5772361373172968, 0.44585557622061783, 0.43656827654060754, -0.14597719646619], [-0.3958898335289296, 0.188363661112219, 0.5518919061987346, -0.5195495218135889, -0.39693682919996687, 0.5884611698903147, 0.332711829877379, -0.20990744802645375, -0.2576503740821048, 0.365973046635765, 0.06851840936137603], [-0.1672196338508395, -0.5860983546590094, -0.3031698254737203, 0.35887791123256046, -0.36409530190202477, 0.36923454293332847, -0.12883199372171672, 0.6462211950475503, 0.3298855077012579, 0.519145032549061, 0.15257009752597162]], "inverted": false, "swapped": false, "error_lsq": 0.04742376612641655, "error_max": 0.2737145626746312, "target": "452.xyz", "model": "18.xyz", "model_rescale": 3.9405287249114394, "target_rescale": 3.900640648424216},
{"mapping": [12, 1, 2, 13, 10, 5, 0, 11, 4, 7, 15], "R": [[0.9880704332758592, 0.11263644933463048, 0.10502308873454037], [-0.09771179380404311, -0.0685910871152268, 0.992848260370107], [0.11903455060465461, -0.9912660051921678, -0.05676691565259935]], "T": [-0.0451436182544579, -0.034757824887927086, 0.0754300001139711], "aligned_model": [[0.22573569300809398, 0.056979572834360705, -0.6585951640537144, -0.1273036737534442, -0.7647440606912833, -0.49400990970944825, 0.46231832130097816, -0.6610710692660683, 0.6765012647705144, 0.27760896465020807, -0.07927797672077802], [-0.4463110054415067, 0.1627841023854779, 0.4476958767705784, -0.5145933279868008, -0.18120239093198312, 0.6283475003142223, 0.3743460749031825, -0.17046262391960634, -0.07373135422890925, 0.11076261017655512, -0.021649445616465784], [-0.16412675832868073, -0.5459132744053433, -0.3069845782241917, 0.5383959390535665, -0.2049861714372062, 0.2992000223306725, -0.14318069732394484, 0.42389920178024176, 0.18667187815753794, 0.6839364685663231, 0.059607147213443824]], "inverted": true, "swapped": false, "error_lsq": 0.043971468216958326, "error_max": 0.22715140250759214, "target": "452.xyz", "model": "19.xyz", "model_rescale": 4.410303926677745, "target_rescale": 3.900640648424216},
{"mapping": [1, 7, 12, 3, 2, 11, 8, 6, 5, 10, 13], "R": [[-0.15288656693878291, -0.9138222342677523, 0.3762374540201522], [0.3527546756066505, 0.30516969708988906, 0.8845538959360884], [-0.923141287391762, 0.2679559294659448, 0.2756987184894442]], "T": [-0.19800296642292758, -0.03990107671806056, 0.08312940801328393], "aligned_model": [[0.15463150658822444, -0.10597453152572665, -0.3894157211939362, -0.09150045134392348, -0.6254464746540805, -0.5944992654051464, 0.43423190191766126, -0.5872175282946905, 0.5905987247158755, 0.2606207182088046, -0.13188691664364333], [-0.44792565891451386, 0.07366776960367642, 0.5799124423814236, -0.5367992497642454, -0.324298503816273, 0.5667938846989611, 0.3185506870839533, -0.12788720850756688, -0.10992454626416445, 0.3223156484476044, 0.0015807514758891597], [-0.43867971411850804, -0.6136388815042817, -0.30399756875410266, 0.6005384489157571, -0.3352231687506858, 0.48542933739220095, -0.16756759174711267, 0.5041713164003585, 0.3519691547289179, 0.6607082969213761, 0.08280954789849906]], "inverted": false, "swapped": false, "error_lsq": 0.04479852801243848, "error_max": 0.32100304844487565, "target": "452.xyz", "model": "20.xyz", "model_rescale": 4.121658175737393, "target_rescale": 3.900640648424216},
{"mapping": [4, 11, 9, 2, 10, 8, 7, 6, 3, 5, 12], "R": [[-0.6327314289178514, 0.6795337982010643, -0.37132836676183123], [0.4942431665904692, 0.7235327470979667, 0.4818963126601981], [0.5961330649596612, 0.12138443466649623, -0.7936568451682977]], "T": [-0.0980502232270292, 0.03191672334406809, 0.19289714647247147], "aligned_model": [[-0.005587081366167895, 0.1452682595975941, -0.4428732275164853, -0.08001597948354612, -0.6826837322147553, -0.4866104156702662, 0.3917265819536069, -0.653059332999603, 0.5657985848352443, 0.16265250884681265, -0.00047420361301532543], [-0.42338898155279986, 0.05515337838483725, 0.4735506629083068, -0.7089388271497239, -0.2618587518504622, 0.5062684135046407, 0.39027922258708303, -0.14892409581846675, -0.1685709235242057, 0.5330741909078927, 0.06934172802764255], [-0.14367213972652476, -0.652576198417489, -0.2639610747717191, 0.35727309837620624, -0.23204128672687951, 0.47167044784255174, -0.12097075558272918, 0.47905435547861874, 0.15106215590834224, 0.5733952518304257, 0.2072853231716152]], "inverted": true, "swapped": false, "error_lsq": 0.045387319785375566, "error_max": 0.23187842108581855, "target": "452.xyz", "model": "21.xyz", "model_rescale": 4.08911054899281, "target_rescale": 3.900640648424216},
{"mapping": [6, 1, 2, 7, 0, 3, 11, 13, 5, 9, 16], "R": [[-0.4399273918733859, 0.8952410035115714, 0.07076323558935776], [-0.007987880913337408, -0.08269581243994534, 0.996542822142336], [0.8979978193948996, 0.43784123633629113, 0.043531231610343]], "T": [-0.05446125771340097, 0.08426418036019591, 0.11875884927959329], "aligned_model": [[0.0719193420388217, -0.05105739066999553, -0.45939719819810343, -0.27239807668844296, -0.5169444782002572, -0.7211423901836618, 0.5279994649028265, -0.5901463217129175, 0.6230252417497065, 0.39881044973699253, -0.09652668040555018], [-0.6144822451552077, 0.21789303452209047, 0.553549974057207, -0.5245096329566136, -0.39544552608936984, 0.5001373148625485, 0.38943598926777745, -0.06112661377898605, -0.056172221443287915, 0.24461127742320016, 0.06209466571538554], [-0.10783661710727807, -0.6636286022369615, -0.25144590124528654, 0.41489087247901657, -0.27629464897786, 0.488711044707376, -0.27303536190263444, 0.47741327238859366, 0.2566672030580464, 0.6444785267228015, 0.11659938949660514]], "inverted": false, "swapped": false, "error_lsq": 0.04498384613576319, "error_max": 0.2238230476252814, "target": "452.xyz", "model": "22.xyz", "model_rescale": 4.204369325754507, "target_rescale": 3.900640648424216},
{"mapping": [12, 1, 2, 13, 10, 5, 0, 11, 4, 7, 15], "R": [[0.9880704332758592, 0.11263644933463048, 0.10502308873454037], [-0.09771179380404311, -0.0685910871152268, 0.992848260370107], [0.11903455060465461, -0.9912660051921678, -0.05676691565259935]], "T": [-0.0451436182544579, -0.034757824887927086, 0.0754300001139711], "aligned_model": [[0.22573569300809398, 0.056979572834360705, -0.6585951640537144, -0.1273036737534442, -0.7647440606912833, -0.49400990970944825, 0.46231832130097816, -0.6610710692660683, 0.6765012647705144, 0.27760896465020807, -0.07927797672077802], [-0.4463110054415067, 0.1627841023854779, 0.4476958767705784, -0.5145933279868008, -0.18120239093198312, 0.6283475003142223, 0.3743460749031825, -0.17046262391960634, -0.07373135422890925, 0.11076261017655512, -0.021649445616465784], [-0.16412675832868073, -0.5459132744053433, -0.3069845782241917, 0.5383959390535665, -0.2049861714372062, 0.2992000223306725, -0.14318069732394484, 0.42389920178024176, 0.18667187815753794, 0.6839364685663231, 0.059607147213443824]], "inverted": true, "swapped": false, "error_lsq": 0.043971468216958326, "error_max": 0.22715140250759214, "target": "452.xyz", "model": "23.xyz", "model_rescale": 4.410303926677745, "target_rescale": 3.900640648424216},
{"mapping": [11, 10, 3, 13, 1, 2, 8, 0, 15, 5, 16], "R": [[0.040514951930982014, 0.03190554908552412, -0.9986694020583496], [0.5546421101406133, 0.8306427266526097, 0.04903866146099506], [0.831102080570611, -0.5558909035023594, 0.015957289072160277]], "T": [0.008949875747111369, -0.1389891939097167, 0.12876477384993068], "aligned_model": [[0.04066528031741187, 0.05023065440079995, -0.5828886768628109, 0.006973241104724508, -0.6788680417945121, -0.46370718064651484, 0.45968930499234567, -0.647292667746807, 0.6919949234697494, 0.12178564221156872, -0.08444051707653626], [-0.5828354021929274, 0.10097818122109245, 0.47704895507650863, -0.695635700240649, -0.23070653009286032, 0.5994545903547301, 0.44415824871123805, 0.058608340106192036, -0.03913161743426999, 0.25894871757105475, -0.0749017666553655], [-0.3214753433279167, -0.47496985532268, -0.15314853068229378, 0.5580984246789742, -0.37604191402425946, 0.3821222992974595, -0.23521282758012246, 0.4460765286678571, 0.3098507148745686, 0.6025954839570666, 0.0886241968437653]], "inverted": true, "swapped": false, "error_lsq": 0.044452280029523145, "error_max": 0.258444220374781, "target": "452.xyz", "model": "24.xyz", "model_rescale": 4.28219845311461, "target_rescale": 3.900640648424216},
{"mapping": [2, 14, 10, 4, 6, 5, 12, 1, 13, 9, 15], "R": [[0.9054802548067223, 0.06789082924309675, 0.41892283711900713], [-0.34746093649512266, -0.4481835771936695, 0.8236518553028449], [0.2436727431722428, -0.8913598131162135, -0.38223196856927527]], "T": [-0.06970886311494796, 0.0012717064120524278, 0.19642174848652433], "aligned_model": [[0.06370450815429803, 0.055420801072580086, -0.4445394888631774, -0.024942356208540864, -0.6685278476524421, -0.5698121447498542, 0.48924500617378264, -0.5946620549736036, 0.49417384502608586, 0.21829563662727314, -0.10421394223698259], [-0.4973861125693053, 0.11977281854962024, 0.41260822169278966, -0.6399157480224283, -0.2604217912043227, 0.6095287305840796, 0.4314195557922146, -0.08461046183195142, -0.15090885205845947, 0.43965926756740603, -0.06375961207489851], [-0.2533796258146767, -0.5454978418041656, -0.3692717126969764, 0.5450235000038413, -0.4241662565730437, 0.5207684474947449, -0.09847365655363954, 0.5526882195187972, 0.08782236533845407, 0.6227355275640527, 0.18827021090503024]], "inverted": false, "swapped": false, "error_lsq": 0.04172087342648576, "error_max": 0.22985437856798402, "target": "452.xyz", "model": "25.xyz", "model_rescale": 4.100010024507729, "target_rescale": 3.900640648424216},
{"mapping": [7, 3, 1, 5, 2, 0, 8, 6, 9, 10, 11], "R": [[0.17544156420607143, 0.3491740413767066, -0.9204877763325187], [-0.5323750193925214, -0.7528414841438934, -0.38704849628803956], [-0.8281286713281574, 0.5579490913879851, 0.05381184947186424]], "T": [-0.15476577159265015, 0.028556873623820634, 0.10988959233121771], "aligned_model": [[0.2778256124179529, 0.0091926079347871, -0.5097063595198277, -0.14070288907716488, -0.6626121267093302, -0.36786177563774125, 0.2234474472775746, -0.6806679731048058, 0.5797538265739581, 0.2726567417769895, -0.08718314956297366], [-0.4088384232115741, 0.017826558625269055, 0.5644600130121119, -0.659186442972925, -0.25691580647058043, 0.6347592162347874, 0.40608298556850786, -0.184681799555447, -0.16636328722620244, 0.3907020102581445, -0.021859007837347306], [-0.17314096340688567, -0.6845121552590768, -0.1833194764130573, 0.41154757106440865, -0.3465692939872545, 0.5110732021744449, -0.19224717277121917, 0.42363834666880845, 0.42894756973073583, 0.42795131214575227, 0.20315023743576197]], "inverted": false, "swapped": false, "error_lsq": 0.05077778878031403, "error_max": 0.24961498893558848, "target": "452.xyz", "model": "26.xyz", "model_rescale": 3.6694154284099745, "target_rescale": 3.900640648424216},
{"mapping": [7, 3, 12, 8, 9, 2, 1, 10, 5, 0, 13], "R": [[-0.1605874226026771, 0.020226715247396797, -0.9868143491519215], [-0.09515722727983453, -0.9954501045246356, -0.0049184853670770565], [-0.9824239318126586, 0.09311267041704346, 0.1617814847550978]], "T": [-0.15771836863150482, 0.015916460844825984, 0.14743898600363636], "aligned_model": [[0.1691186952858841, -0.11191667466523464, -0.6094622006583292, -0.17462495872126088, -0.6081840213855143, -0.3753738233765863, 0.5996861321968291, -0.6234765441452373, 0.5940090090880998, 0.22891929642162365, -0.1745529476708549], [-0.32954745708430566, 0.017402512067799768, 0.46593779722732054, -0.5815211087051061, -0.33382351126776544, 0.5904670892369621, 0.4249333688145219, -0.1701933206562061, -0.16971436768428871, 0.3380168739381741, 0.06402814053763815], [-0.2648239637958315, -0.6592401427799993, -0.32493916800402245, 0.3735798936958452, -0.22622688488363207, 0.4383811188018891, -0.04925937396827837, 0.47958833654401295, 0.3099986513808501, 0.57603667962844, 0.17342403076314503]], "inverted": false, "swapped": false, "error_lsq": 0.04455160325292902, "error_max": 0.2090116096236205, "target": "452.xyz", "model": "27.xyz", "model_rescale": 4.103607728864725, "target_rescale": 3.900640648424216},
{"mapping": [2, 1, 7, 12, 4, 11, 0, 13, 3, 10, 14], "R": [[0.7931048631791215, 0.2386682482557337, 0.5603767868819749], [0.5845180429322899, -0.556901835906315, -0.5900838945868472], [0.1712405719688898, 0.7955487492534417, -0.5811874517511989]], "T": [-0.08588458580103565, 0.2322886119452834, 0.2238867367817386], "aligned_model": [[0.04393852178710582, 0.0008973525188596815, -0.4411680236157797, 0.013279241018133589, -0.5577282163857421, -0.6353426499164522, 0.44320624134791464, -0.5876649775706907, 0.527246364522414, 0.14514879403689784, -0.037670685373242384], [-0.4033035030305657, 0.1497749164885361, 0.648773459796551, -0.5761053386157756, -0.38110290608859076, 0.5284517612554998, 0.18763010805030014, -0.1411215605259167, -0.20050802989621327, 0.3189833661883611, 0.18451374280255892], [-0.12322899370128909, -0.6641004350391058, -0.2455760369162691, 0.4958414632926001, -0.2480494040416356, 0.5110181670161884, -0.2533556079848884, 0.39316111311856383, 0.2069056551614329, 0.6698495976716851, 0.08405365880513668]], "inverted": true, "swapped": false, "error_lsq": 0.046088573227554615, "error_max": 0.23933215541643676, "target": "452.xyz", "model": "28.xyz", "model_rescale": 4.137296879288765, "target_rescale": 3.900640648424216},
{"mapping": [0, 1, 2, 9, 7, 3, 5, 8, 6, 4, 10], "R": [[0.9355541620645522, 0.29437850679922867, -0.19514021773675969], [-0.2451530047571265, 0.1435343473055003, -0.9588002374854401], [-0.25424085844381067, 0.9448487634951113, 0.20645193149862687]], "T": [-0.11882832473977858, 0.01778450250283952, 0.09084622541780772], "aligned_model": [[0.19492423435718817, -0.16964228953244903, -0.19050831235507606, -0.05623791156510116, -0.6721334469525801, -0.5468646060488707, 0.36807985610903504, -0.6749160996156842, 0.5558010020001323, 0.19321780209944614, -0.08757826612662159], [-0.45245019144987986, 0.04049407023068632, 0.7096342646452961, -0.6709740091552929, -0.3179123542591878, 0.4769263841758392, 0.3503142505498735, -0.14537281632050353, -0.05464301778955464, 0.3756670172007189, 0.004302418596748944], [-0.3226256679806177, -0.6600606811994547, -0.2673785113956165, 0.45483574318717057, -0.21765545492938604, 0.3588805503455469, -0.23402688445427344, 0.518046358755485, 0.3270185116068003, 0.7025465467977946, 0.16693866664896956]], "inverted": false, "swapped": false, "error_lsq": 0.05520070394740851, "error_max": 0.3883717503814458, "target": "452.xyz", "model": "29.xyz", "model_rescale": 3.607286011436655, "target_rescale": 3.900640648424216},
{"mapping": [9, 11, 13, 3, 1, 7, 10, 6, 8, 4, 14], "R": [[-0.9038627019701454, 0.26367724109756496, 0.3369072995861105], [0.34200990615716664, 0.9184387222681701, 0.19874490566748512], [-0.25702420134608867, 0.29486374135452476, -0.9203227335868748]], "T": [-0.14781186123524892, 0.12910891149568904, 0.08770068806230996], "aligned_model": [[0.0659389790917091, 0.039383736636481564, -0.6045656669309938, -0.03965289723517251, -0.5666412237704421, -0.6345930620396998, 0.47531110472705296, -0.4126732911373708, 0.46635617609614965, 0.2421144533551401, -0.11683634642343547], [-0.5605413138614485, 0.15855236786257818, 0.4834293885892002, -0.47975798321770224, -0.29725618490613775, 0.6156014637408753, 0.4313869057873231, -0.013159356430374247, -0.15968596207048558, 0.1319189854063354, 0.005497705524580315], [-0.2176686830805069, -0.4678368479978318, -0.36144013934742797, 0.5816988452393138, -0.33743555892684046, 0.4421834432011073, -0.11134875795388532, 0.4861365415506686, 0.15511074819712295, 0.6748966199085964, -0.017777033407898074]], "inverted": false, "swapped": false, "error_lsq": 0.04768263042765612, "error_max": 0.22213774220405716, "target": "452.xyz", "model": "30.xyz", "model_rescale": 3.964800864290218, "target_rescale": 3.900640648424216},
