[{"mapping": [8, 6, 2, 5, 1, 9, 7, 11, 3, 4, 10, 12], "R": [[0.5748748652003184, -0.8177193027552684, -0.029223813275372407], [0.811608764461588, 0.5743894519095611, -0.10662068741181807], [0.1039716442596278, 0.03757525031815302, 0.9938702117245883]], "T": [-0.13608343527173158, -0.08471035721441064, -0.043475974743946655], "aligned_model": [[-0.2218786053224111, 0.19859126216958742, 0.37141963906740694, -0.024104729343521744, -0.3246576226189851, -0.5167624773738467, 0.480377954105924, -0.2861455486199586, 0.6560926593160364, 0.08311183222464139, -0.6252651683527315, 0.04686326720840733], [-0.36995793871328064, -0.7074013622898931, -0.3539388507977692, 0.6198670353920901, 0.4594187717948731, -0.7304719579575211, -0.38923491028540746, -0.32630302357065655, 0.24338352972198965, 0.28195653894059103, 0.35048274168478, -0.024245537942738836], [-0.40936187489186865, -0.04125025424214157, -0.6142116352822304, 0.0006597382940476057, -0.5916094860135315, 0.03090939534569892, 0.5424758030670833, 0.5271558480069922, 0.08664237620873799, 0.49816826209154746, 0.14300615369990188, 0.009367419069325388]], "inverted": false, "swapped": true, "error_lsq": 0.05074005805040238, "error_max": 0.3006100007044079, "target": "455.xyz", "model": "0.xyz", "model_rescale": 3.751011558992144, "target_rescale": 3.873493300591954},
{"mapping": [2, 8, 0, 13, 9, 5, 7, 12, 1, 6, 10, 11, 14], "R": [[-0.6130641702453656, 0.7864930632918015, 0.0747059874122532], [-0.5688110357463023, -0.5050425941880092, 0.6491424987389631], [0.5482757780301626, 0.3554724172839918, 0.7569894528827305]], "T": [0.11565417242600523, -0.050121843983619976, -0.04611908528350567], "aligned_model": [[0.7409623592430818, 0.2799416658417856, 0.006587862773595937, 0.7667336526083541, 0.4774622029296667, 0.671876240461122, -0.32569846679515213, 0.14976867513323583, -0.42882821655663544, -0.5978809619147405, 0.013829947032757792, -0.19711391374041504, 0.12563030367951725], [-0.2753837451223012, 0.3108930342082038, -0.5866822170272926, -0.3020496471123897, 0.13817410241133182, 0.233723965926307, -0.5403601301782012, -0.5882371212089289, -0.1386713857174317, -0.0539622708655723, 0.660209895447216, -0.05638896369665038, -0.06812628567593854], [-0.5380386410881466, -0.5781868717272778, -0.5712019593877034, 0.15420587770606514, 0.47140309488714643, -0.05772142224360663, 0.02134419657235273, 0.4650005222439089, -0.472010451928011, 0.1875015654579027, 0.35076174722052067, 0.6879570936059698, 0.004675888167890996]], "inverted": false, "swapped": false, "error_lsq": 0.037358954911096684, "error_max": 0.21222878184485983, "target": "455.xyz", "model": "1.xyz", "model_rescale": 3.9405287249114394, "target_rescale": 3.873493300591954},
{"mapping": [8, 9, 2, 4, 3, 8, 1, 7, 5, 0, 11, 6, 12], "R": [[-0.5420892022955277, 0.825313227888059, 0.15810557430903915], [0.5099012753750689, 0.4726136077066869, -0.7187746984844054], [-0.6679371124031637, -0.30902176894753297, -0.6770270010797657]], "T": [0.10804678309500487, -0.10358553548810864, 0.07282276322319572], "aligned_model": [[0.7729552637279431, 0.3853127294197738, -0.17575726969512356, 0.6272782213574963, 0.5267526227685266, 0.7729552637279431, -0.14233309346237233, 0.249918912066215, -0.3642012992378865, -0.7234217510810173, -0.16411404103476718, -0.18675669262551525, 0.10468248476495833], [0.028353035545436778, 0.46700468262774564, -0.3598379182298471, -0.5742041301914734, 0.0056138511577052685, 0.028353035545436778, -0.8548367960466622, -0.4225186656713489, 0.163909350787282, -0.19289011296006742, 0.5548158544881224, 0.042663477868299354, -0.15328643353227758], [-0.3029147727853668, -0.4251044454019117, -0.4910563049117105, 0.0480725365150437, 0.4464008572656065, -0.3029147727853668, 0.06026118360267582, 0.7849068949441866, -0.41040028561260977, 0.1329456157304646, 0.07992096888044944, 0.5053245900225766, 0.00024857402297434605]], "inverted": true, "swapped": false, "error_lsq": 0.06853344479195067, "error_max": 0.4141767807406494, "target": "455.xyz", "model": "2.xyz", "model_rescale": 3.932901565614263, "target_rescale": 3.873493300591954},
{"mapping": [2, 0, 1, 6, 5, 4, 10, 12, 3, 8, 7, 9, 13], "R": [[-0.04693160103613575, 0.8974196303699711, 0.43867463096332504], [0.9878918607646361, -0.023313102078154846, 0.15338243284834968], [0.1478752726427578, 0.44056158059698985, -0.8854594273272558]], "T": [-0.012837125402962085, -0.1007592079074886, -0.0461384572714766], "aligned_model": [[0.7071252756682337, 0.191736184294892, 0.11375108825608352, 0.5480072248559972, 0.4295665577354224, 0.7124769020563155, 0.0006137722220502656, 0.16803164116728977, -0.36298439770833146, -0.6852684466573514, 0.0009658104844983001, -0.17736916267108893, 0.03661890099216328], [-0.173876850963956, 0.20069865489284994, -0.4930583339762262, -0.45823194335763834, -0.022947903647575596, 0.37857994664831207, -0.8098683416100197, -0.5347389740510373, 0.11217957473460821, 0.10283632229773337, 0.5509998525800079, 0.045977123836669076, -0.1654098959953756], [-0.4590643640585963, -0.608475764461854, -0.6616426739592828, 0.10993562409423695, 0.5151315915727762, -0.1320450403621085, 0.05450323465567482, 0.5555906030346395, -0.35066996734100997, 0.16639790152023592, 0.24500094813508255, 0.6547114532282774, 0.03631709342894067]], "inverted": true, "swapped": false, "error_lsq": 0.051425522521050274, "error_max": 0.36072328921539104, "target": "455.xyz", "model": "3.xyz", "model_rescale": 3.9243930471874484, "target_rescale": 3.873493300591954},
{"mapping": [11, 10, 8, 9, 5, 6, 7, 1, 4, 2, 3, 0, 12], "R": [[0.8770212589444595, -0.03402899438926793, -0.4792449675273917], [-0.24185418671818543, 0.8306207527545237, -0.5015732423688425], [0.4151388487317956, 0.5557977983352972, 0.7202420035233128]], "T": [0.19518125666485214, -0.11153645928964773, -0.0859679806180785], "aligned_model": [[0.963144841863194, 0.2781272099418163, 0.07777291457212396, 0.6297141116270409, 0.5089969265781968, 0.5334165505127879, -0.44103712486910945, 0.14232166972250987, -0.35273335817224133, -0.6287304401287466, -0.125199014150779, -0.11791649880683175, 0.2153935620062126], [-0.03858177240962435, 0.1931596966950223, -0.5169060735063014, -0.6500269737186741, 0.046022414085219426, 0.5046515232674027, -0.5838145094765665, -0.5810938499795013, -0.08101844679436851, -0.0022603143443081786, 0.4720791923010146, 0.06771398786716348, -0.09678564259812635], [-0.2621599976309521, -0.7163709794069911, -0.5531158437118806, -0.2234327237533517, 0.5850894137324824, 0.07963929846283405, 0.036907457212780354, 0.4496457056328478, -0.312298480554198, 0.3145850500110209, 0.01253391609047988, 0.6842017578638153, 0.030466065538124726]], "inverted": true, "swapped": false, "error_lsq": 0.062126282867185606, "error_max": 0.37667872242252465, "target": "455.xyz", "model": "4.xyz", "model_rescale": 3.8936222436046832, "target_rescale": 3.873493300591954},
{"mapping": [9, 8, 10, 11, 5, 0, 2, 3, 7, 6, 4, 12], "R": [[0.24493919998242503, 0.5414622397486273, -0.8042533377228658], [-0.8489647482393832, -0.28085196414889374, -0.4476393978198854], [-0.4682559605160523, 0.7924271683631934, 0.390890698637203]], "T": [-0.17806579126592648, -0.11401161068867584, -0.17620048178172412], "aligned_model": [[0.15657038436041115, -0.30777403531143893, -0.4329442099510858, 0.3540083627951357, -0.5332430348834374, -0.7013054542299483, -0.30646613863636507, -0.054835604030102, 0.6164710538410472, 0.28764871644278167, 0.07273407320153613, -0.12331607138343684], [-0.6852508076541554, -0.562941072838991, 0.2166751467989556, -0.0344676655655793, 0.50296157708922, 0.2158879280974434, -0.5159229051328003, 0.41439767030235397, 0.11138666382864491, -0.5304858555001865, 0.5285534253366277, 0.008128800348274304], [-0.5355918717535413, -0.11110366678979676, -0.7139277785125377, -0.5183644582757062, -0.11209350011550658, 0.4635398836276643, 0.5150036911109979, 0.500347595927744, 0.18986802758298213, 0.15457949865757478, -0.18510327835116383, -0.027869423833192214]], "inverted": true, "swapped": true, "error_lsq": 0.04422794469618891, "error_max": 0.2569272576946975, "target": "455.xyz", "model": "5.xyz", "model_rescale": 3.6523030999806103, "target_rescale": 3.873493300591954},
{"mapping": [9, 10, 11, 7, 5, 8, 3, 0, 4, 2, 6, 1, 12], "R": [[0.5377367845504897, 0.608242672738514, 0.5838492969947036], [0.7554027350783179, -0.655126966611709, -0.013242562227062354], [0.3744407274556244, 0.4481623686545425, -0.811754047076116]], "T": [0.1610662829937454, -0.023490219725241512, -0.003893709067774774], "aligned_model": [[0.678125651626558, -0.01561465956537611, 0.20735825715396275, 0.4661056072191082, 0.5920983649700323, 0.6659655202594149, -0.12938069484488043, 0.026721380832006675, -0.2784881997623937, -0.5842454072820048, 0.042565137384628776, -0.17093598740517843, 0.18299638011029615], [0.07166279221630475, 0.38274976327102744, -0.5717859046792522, -0.6312559735821044, -0.17142958383654777, 0.3888241480722397, -0.6275494224550535, -0.6243974300579833, -0.1879958816020571, 0.10192537685195713, 0.614606532089442, 0.09939176705691957, -0.11160695195654051], [-0.5001379924687334, -0.6460976972355569, -0.690769169489925, -0.07014971869797254, 0.5022967875244413, 0.16574332987950047, 0.17884582034447982, 0.7758663196153912, -0.33383513694001293, 0.0667677845663667, 0.033715809474566184, 0.5936423783511119, 0.049802124563355164]], "inverted": true, "swapped": false, "error_lsq": 0.060502139926434044, "error_max": 0.35165601852530687, "target": "455.xyz", "model": "6.xyz", "model_rescale": 4.08911054899281, "target_rescale": 3.873493300591954},
{"mapping": [5, 4, 7, 12, 11, 10, 2, 13, 6, 0, 8, 1, 14], "R": [[-0.16806964707829045, 0.7395004242774295, 0.651837185364935], [-0.9638755114007305, -0.261885454816753, 0.04857990404892365], [0.20663153741130408, -0.6201250930650397, 0.7568013455974538]], "T": [0.13067509697356489, -0.028757747916936277, 0.02585217941294129], "aligned_model": [[0.5902914525942062, 0.15482899700528074, 0.10034212696609168, 0.7574098160154474, 0.44697598793237686, 0.7781761968811811, -0.41481741829070856, 0.2902059222525568, -0.26118171605569157, -0.8059289977462363, 0.2388207724282125, -0.2829315645600688, 0.09107977527352563], [-0.11196602106139324, 0.36270639372615976, -0.6552944816147469, -0.3535486603216501, 0.038070714417404755, 0.28680694061934375, -0.62107205080471, -0.657734043974633, -0.11568131642229341, 0.05000392091419925, 0.6443118154122601, -0.1860776058528617, 0.05261362635127251], [-0.5760867032899837, -0.5598285395996848, -0.4278223700112635, 0.1244238446012855, 0.5157692805207164, 0.04673641915037666, 0.06758017572814404, 0.36472274044615904, -0.2708555855247566, 0.06086006967963001, 0.005095274892117956, 0.6107676012385395, 0.16432843165573202]], "inverted": false, "swapped": false, "error_lsq": 0.04564144191066974, "error_max": 0.2622266595842789, "target": "455.xyz", "model": "7.xyz", "model_rescale": 3.964800864290218, "target_rescale": 3.873493300591954},
{"mapping": [12, 11, 4, 7, 8, 9, 0, 1, 6, 3, 10, 5, 13], "R": [[0.8770053714559345, -0.08641761682215737, 0.4726452939998631], [-0.47011735316742204, 0.04886953984134252, 0.8812499318164813], [-0.09925347695821835, -0.9950596784004837, 0.002232427653968083]], "T": [0.08050581955171279, -0.19719858970295787, -0.020412237388514096], "aligned_model": [[0.7634896560772535, 0.17459418085143705, 0.10244647444204187, 0.6608631478536612, 0.5854940182171442, 0.5288881201107494, -0.4361032725798626, 0.2042670106621208, -0.32470171557987537, -0.6182411847384183, -0.014992102507580346, -0.060658820573249866, 0.11792583846075215], [-0.14339673094035824, 0.31951348942747737, -0.3633935139394131, -0.5735900835621651, 0.08196060315347745, 0.32432382688307415, -0.6823206998789272, -0.6872309387840257, -0.10161121531548023, -0.11430105344517338, 0.5935824804502428, 0.22722645341954575, -0.1476233860799229], [-0.3387098596339719, -0.6617306700273361, -0.7037798177103087, 0.14801572881179187, 0.4876376082562482, -0.04912474916065262, 0.0841389781383625, 0.53426907255569, -0.42436239583486185, 0.15521042111648525, 0.18127925716925736, 0.6859917901461761, 0.026855275660132176]], "inverted": false, "swapped": false, "error_lsq": 0.04575462525969624, "error_max": 0.28886840126886026, "target": "455.xyz", "model": "8.xyz", "model_rescale": 4.121658175737393, "target_rescale": 3.873493300591954},
{"mapping": [11, 3, 8, 7, 5, 10, 6, 9, 2, 1, 0, 4, 12], "R": [[0.008924336809914996, 0.5393341013071157, 0.8420445851495925], [-0.5887181332742307, 0.6835035385999961, -0.4315482270562459], [-0.8082891288187716, -0.4918756345749704, 0.32361558112189504]], "T": [0.17603635535002937, -0.12934444893075991, -0.016385465773237774], "aligned_model": [[0.6238687562297884, 0.2562107028068522, 0.045900401251257994, 0.6729271511836663, 0.5057938216925681, 0.6837808057518112, -0.23636231021000004, 0.16482010216691378, -0.2947895744848718, -0.48263414907693813, -0.10042406631334877, -0.24856326545346819, 0.09274297515194338], [-0.17762795153479277, 0.3880533056824086, -0.6389479863216418, -0.5817553744447157, 0.10627748853564856, 0.43299409666662436, -0.68089463533379, -0.6711727787122476, 0.06513505271511352, 0.028166661342620414, 0.5631595415867899, 0.010679567481137742, -0.11092775627480353], [-0.4637632911647754, -0.6067714657775962, -0.520292407436877, 0.04390385172684843, 0.44994083870861523, -0.06590075449274471, 0.06043759467779452, 0.6156636412949418, -0.4884523234253709, 0.11118856156736928, 0.2342778572184888, 0.7505802143977408, 0.004878322192577767]], "inverted": false, "swapped": false, "error_lsq": 0.040937697049653006, "error_max": 0.2699017275196953, "target": "455.xyz", "model": "9.xyz", "model_rescale": 3.833441315466971, "target_rescale": 3.873493300591954},
{"mapping": [8, 10, 13, 9, 7, 11, 5, 4, 0, 1, 12, 6, 14], "R": [[0.12517533519200308, 0.8724907352261235, 0.47232515537937264], [0.9533726379073193, 0.025991466210202097, -0.3006743370723277], [-0.27461199673213393, 0.4879388902606788, -0.8285553032972319]], "T": [0.1395149938521682, -0.10601179183274285, 0.06528541786744868], "aligned_model": [[0.7361198280842252, 0.24167153019948248, -0.06731057758674741, 0.8448958464397383, 0.7054656110071906, 0.5702696731989454, -0.26954277880065175, -0.07227706472582451, -0.35714006616987926, -0.5858823333822933, -0.09160043059385875, -0.1852145877475636, 0.21381670077341086], [-0.045158808957035626, 0.33992109146771626, -0.5866038553581616, -0.4889025353437959, 0.007972859092568993, 0.42273633925790116, -0.6410492473685019, -0.544196797984498, -0.06915789784807558, 0.025826044812211332, 0.43888687741414917, 0.03566790854622144, -0.162802746342348], [-0.432629181861068, -0.61769485212044, -0.5363299018261249, -0.051943664996406236, 0.3978833358962606, 0.05069428588336706, 0.0033026680644160436, 0.6969899408822213, -0.3992557574403274, 0.11030136375002442, 0.17794045835331312, 0.644687807730923, 0.08174413717085272]], "inverted": false, "swapped": false, "error_lsq": 0.046655473399018606, "error_max": 0.2857629985508356, "target": "455.xyz", "model": "10.xyz", "model_rescale": 4.2482417240324, "target_rescale": 3.873493300591954},
{"mapping": [6, 2, 0, 1, 7, 4, 3, 10, 8, 11, 9, 12], "R": [[0.3874988316388968, 0.8573322773271485, -0.3388598851022878], [0.23203973058736632, 0.26503680807448377, 0.935902267223791], [0.8921895644466107, -0.4412899915234142, -0.09623369718467976]], "T": [0.07359215171616318, 0.05779027620728711, -0.1706196496596284], "aligned_model": [[-0.6087265068133803, -0.2402624140631492, 0.4128640049085093, 0.7655176889913974, -0.6267431838901082, 0.13690334125123346, -0.055237664686000554, 0.6203351540267474, -0.03000960781278461, -0.21060574183259417, -0.31218165196065994, 0.024912184243795862], [-0.12703357582112418, -0.6135362048211618, -0.30236043187116785, -0.3188637047487918, 0.4812412504221718, 0.6440931059915856, 0.17457304647660551, 0.39653237098280814, -0.35419908509131076, 0.5664620712191523, 0.016168733582016738, 0.10305381372985581], [-0.17675044772592252, 0.15587478190138904, 0.569020305200947, -0.06357802764688376, 0.21189704811204135, 0.18730540170229093, 0.6790179270223462, -0.3937637022132644, -0.37587784677076475, -0.429445640815022, -0.8163006707216313, 0.01779316180883103]], "inverted": false, "swapped": true, "error_lsq": 0.056198972591648626, "error_max": 0.30997983031711157, "target": "455.xyz", "model": "11.xyz", "model_rescale": 3.6694154284099745, "target_rescale": 3.873493300591954},
{"mapping": [9, 7, 11, 8, 2, 10, 4, 3, 6, 0, 12, 1, 13], "R": [[0.06673071870821928, -0.7662840667374848, -0.6390271827120866], [0.9962931769337653, 0.08601809446204839, 0.0008905168964526977], [0.05428551165743267, -0.6367178468437806, 0.7691836365489781]], "T": [0.07177073312443838, -0.003950630478860906, -0.07188298383988519], "aligned_model": [[0.7190564985616243, 0.280605670437751, 0.17305116288490086, 0.644817617811807, 0.4343696237865887, 0.5878925725320898, -0.30164816221083113, 0.17463750819131937, -0.31711610862414136, -0.6094323628748699, 0.059039123963258666, -0.13272375644254214, -0.02927803732078102], [-0.1564637536057001, 0.40133651409766896, -0.6037552307280075, -0.47469088415631966, -0.003015414617718039, 0.3663827369127048, -0.6062914269436197, -0.6245781092569159, -0.12078204497840618, 0.05343476467095183, 0.5952690640313477, -0.07757313265121911, -0.016133851386414988], [-0.5218242600377714, -0.6586500738065021, -0.4902194094288738, 0.07851227150041211, 0.4711038882428457, -0.07140216024597935, 0.1412426675282199, 0.5159000201473475, -0.4655481694412036, 0.1364607774055992, 0.24833907053137133, 0.7461849992838786, -0.004408982192332198]], "inverted": true, "swapped": false, "error_lsq": 0.03584173646408229, "error_max": 0.2170834365816067, "target": "455.xyz", "model": "12.xyz", "model_rescale": 3.9764082729961374, "target_rescale": 3.873493300591954},
{"mapping": [13, 11, 12, 6, 4, 14, 9, 5, 1, 2, 3, 7, 15], "R": [[-0.6624012688861651, -0.5363262470674708, -0.5230475271756102], [0.748166863254478, -0.5093438049265722, -0.42522374476371483], [-0.03835236245596074, -0.6729955758319992, 0.7386515086321847]], "T": [0.0816617052247703, -0.1358616481243546, -0.02900532574865908], "aligned_model": [[0.5345761823428775, 0.2574707591111173, 0.045207903720111145, 0.8176675551974676, 0.2752162486064743, 0.7241630157846397, -0.20822997307328134, 0.284180546182484, -0.451038011185054, -0.6785533873854213, 0.1693439639804401, -0.21128960561379934, 0.12455615302811876], [-0.21667326933751166, 0.44161849246525764, -0.5542815581959641, -0.24207677414153095, -0.16862188481335116, 0.3220416346549806, -0.6522014768782195, -0.8343674927272375, -0.2557773484309515, 0.05330990892487561, 0.6884470624742022, 0.2220566498641441, -0.07033471247034222], [-0.4325130759600171, -0.5449050859207293, -0.5094316303571734, 0.14613045446302217, 0.6618833247642936, -0.15677343258220158, 0.07518259396178764, 0.3880073958168532, -0.3533104524701878, 0.121150089995719, 0.11683848949374187, 0.5685795806587651, 0.044852387623138715]], "inverted": true, "swapped": false, "error_lsq": 0.0525877994018534, "error_max": 0.34501330870495295, "target": "455.xyz", "model": "13.xyz", "model_rescale": 4.170626492500431, "target_rescale": 3.873493300591954},
{"mapping": [11, 9, 12, 6, 2, 3, 8, 4, 10, 7, 1, 0, 13], "R": [[0.9455048130541372, -0.27769061430732017, 0.17002520759312226], [0.2887886711704733, 0.9563836308879217, -0.04394831024315157], [-0.15040529211119338, 0.09065469262679787, 0.9844592296330448]], "T": [0.16229557567961062, -0.1254566527405146, 0.055958887396265394], "aligned_model": [[0.5669466045268003, 0.08373536042137388, 0.019041856807895358, 0.9709224995684621, 0.44220182669001706, 0.6775214889378809, -0.4521942569484916, 0.10529285105229058, -0.18648222555361466, -0.6108048538265994, -0.05469805228578978, -0.11563549599035583, 0.23742374729630494], [-0.06504241357081782, 0.40555093622031096, -0.7309711484909776, -0.3527981713914788, -0.13116352409712365, 0.3324652534518839, -0.5415369342556173, -0.7412653576008774, -0.15090752982959166, 0.11781828911236727, 0.610669550594966, 0.13318676628662135, -0.1528664850413137], [-0.5204674441410814, -0.5508076834598334, -0.3294456904847701, 0.01205445835301125, 0.6514016550078663, 0.07394195071109234, 0.0848680163337372, 0.40322457674130474, -0.38679906363018746, 0.0796829564527835, 0.0989292036698323, 0.5160852914660817, -0.006977587532824792]], "inverted": true, "swapped": false, "error_lsq": 0.054347546906141644, "error_max": 0.264072322445261, "target": "455.xyz", "model": "14.xyz", "model_rescale": 3.9786697098870705, "target_rescale": 3.873493300591954},
{"mapping": [2, 6, 1, 0, 8, 10, 7, 11, 5, 3, 9, 12], "R": [[0.6528598163645729, 0.6990602171010887, -0.29169997093416866], [-0.6854475577303905, 0.7091146545183411, 0.1652817362831623], [0.32239061056094553, 0.09203922866860872, 0.9421215816486894]], "T": [0.04270064744549704, 0.1529348719378554, -0.0217282048894391], "aligned_model": [[-0.2000094998249268, -0.6199268270119592, 0.7091448936237622, 0.5658502456293798, -0.14411035485987692, 0.5169347948799128, -0.4808837695459033, -0.27336126816562795, 0.691187357233013, 0.18424969148435696, -0.5219168522274578, 0.05619618555266363], [-0.3672005145987345, -0.07059733012972147, 0.18124832157406534, -0.5115799996660525, 0.24065918107477324, 0.5815092667050182, -0.3295665208830715, 0.4083363873434833, -0.06878527979595461, -0.6614963589215956, 0.6420212287050913, -0.029873891182862267], [-0.5929842862709104, -0.12523849169253068, -0.45432211914666065, -0.2985235608140258, -0.4459988506877863, 0.21256508800575297, 0.5342853724142694, 0.46957746662723504, 0.18130296380887234, 0.24054071638880586, -0.11898752866189138, 0.05774972390269976]], "inverted": false, "swapped": true, "error_lsq": 0.0489020288594424, "error_max": 0.22912202580832708, "target": "455.xyz", "model": "15.xyz", "model_rescale": 3.769337070930944, "target_rescale": 3.873493300591954},
{"mapping": [3, 2, 4, 5, 7, 6, 11, 8, 10, 1, 12], "R": [[-0.8107613760107444, -0.11519168328286984, 0.5739310649125235], [0.414847241004278, 0.5786651049169649, 0.7021740973452214], [-0.4129984961235367, 0.8073893561683217, -0.4213723647153429]], "T": [0.0819269687651421, 0.014838513233133115, 0.1391378572949809], "aligned_model": [[-0.42095210352109075, -0.17884885077771828, -0.030280906731135038, -0.4936912665837882, 0.3638023532497971, 0.44197152495346503, 0.6049163452673192, 0.16302031194238084, 0.020107935940483046, -0.5362128705576987, -0.011206342490843207], [0.10686161305518882, -0.7099902394399947, 0.5899080669287722, 0.43858804022823733, 0.12348664132701825, -0.43888674332335553, 0.3448285192938651, -0.411838679077253, 0.5405207801862068, -0.0317949146234019, 0.0443814130700583], [-0.5614074563655185, -0.11066566083673002, -0.2249693500145757, 0.14319734299057582, -0.7122381969958058, -0.2661490828634792, -0.016087911833786217, 0.3234471873260428, 0.5672779592829407, 0.6369486062700149, -0.03513582973590196]], "inverted": false, "swapped": true, "error_lsq": 0.043193633719092156, "error_max": 0.19465972572033227, "target": "455.xyz", "model": "16.xyz", "model_rescale": 3.7852294659196426, "target_rescale": 3.873493300591954},
{"mapping": [5, 6, 4, 1, 2, 7, 0, 3, 10, 9, 11, 8, 12], "R": [[0.47199876174145405, 0.4686380061010809, -0.7467232339710194], [-0.4512499496511582, -0.5992168688623203, -0.6612961719310527], [-0.757357677622906, 0.649089796028593, -0.07135674345987436]], "T": [0.15021777528268707, -0.13758022472809733, 0.06135377911540127], "aligned_model": [[0.5391631210979534, 0.2459765156737488, 0.13381282473053016, 0.7638626646448023, 0.5398015340457903, 0.6283104986852378, -0.2985017420165912, 0.2804909050718502, -0.32379540254170935, -0.6918627808168911, 0.028392950960087565, -0.24011856538592805, 0.0777388265472935], [-0.24232647083354011, 0.44570548062913246, -0.6437488871545567, -0.4491588290503003, 0.04559588228804118, 0.3552842059337382, -0.6511386627824622, -0.7150654186033796, 0.0816864905298188, 0.04564534546476284, 0.558844540317655, -0.01125417581070487, -0.08693026953985311], [-0.45822177117141105, -0.6004628763614921, -0.4339348719401065, 0.08611013861059118, 0.49581670015319634, -0.07985176608144431, 0.08696005249880104, 0.5924235802454596, -0.5522329630066568, 0.12910710359743646, 0.25650329421346696, 0.5672047272916649, 0.03626929143750658]], "inverted": true, "swapped": false, "error_lsq": 0.037239392853967, "error_max": 0.29130408847997846, "target": "455.xyz", "model": "17.xyz", "model_rescale": 3.901054581598922, "target_rescale": 3.873493300591954},
{"mapping": [2, 8, 0, 13, 9, 5, 7, 12, 1, 6, 10, 11, 14], "R": [[-0.6130641702453656, 0.7864930632918015, 0.0747059874122532], [-0.5688110357463023, -0.5050425941880092, 0.6491424987389631], [0.5482757780301626, 0.3554724172839918, 0.7569894528827305]], "T": [0.11565417242600523, -0.050121843983619976, -0.04611908528350567], "aligned_model": [[0.7409623592430818, 0.2799416658417856, 0.006587862773595937, 0.7667336526083541, 0.4774622029296667, 0.671876240461122, -0.32569846679515213, 0.14976867513323583, -0.42882821655663544, -0.5978809619147405, 0.013829947032757792, -0.19711391374041504, 0.12563030367951725], [-0.2753837451223012, 0.3108930342082038, -0.5866822170272926, -0.3020496471123897, 0.13817410241133182, 0.233723965926307, -0.5403601301782012, -0.5882371212089289, -0.1386713857174317, -0.0539622708655723, 0.660209895447216, -0.05638896369665038, -0.06812628567593854], [-0.5380386410881466, -0.5781868717272778, -0.5712019593877034, 0.15420587770606514, 0.47140309488714643, -0.05772142224360663, 0.02134419657235273, 0.4650005222439089, -0.472010451928011, 0.1875015654579027, 0.35076174722052067, 0.6879570936059698, 0.004675888167890996]], "inverted": false, "swapped": false, "error_lsq": 0.037358954911096684, "error_max": 0.21222878184485983, "target": "455.xyz", "model": "18.xyz", "model_rescale": 3.9405287249114394, "target_rescale": 3.873493300591954},
{"mapping": [10, 14, 1, 5, 9, 11, 0, 8, 12, 4, 13, 7, 15], "R": [[-0.9476529185064182, -0.2705788616931642, 0.16953178360148136], [-0.019912674860751267, -0.4798305045990685, -0.8771352075000143], [0.31868076726743017, -0.8345955705975407, 0.44932482917462646]], "T": [0.07765222424808083, -0.12292528393444611, -0.07767326345418334], "aligned_model": [[0.6787584316990565, 0.2355978492593816, -0.05464124632470349, 0.7215801310212416, 0.45434344818396605, 0.6750563657029894, -0.32147575126130923, 0.12413533582352894, -0.32936131830061, -0.6018776617551447, 0.08901656185258357, -0.09926389503023861, 0.11140309982543242], [-0.02783268619269383, 0.4681107415147885, -0.6300082343661784, -0.4857982929438035, 0.11247658794230382, 0.2749414007152772, -0.6634427827918323, -0.6320663527557571, 0.05090913285210823, -0.15183517844169386, 0.5340045148340961, 0.02017977910559092, -0.136499398083854], [-0.5751999081327935, -0.5525085593591389, -0.4787776675744768, 0.3030401103194442, 0.5481857681840459, -0.014241450314581558, 0.06796996690920269, 0.47989901698460813, -0.4005674162842343, 0.19078228341363884, 0.06248356546506849, 0.5885453017428165, -0.09392037186658757]], "inverted": true, "swapped": false, "error_lsq": 0.03699160979125311, "error_max": 0.2343600256764954, "target": "455.xyz", "model": "19.xyz", "model_rescale": 4.410303926677745, "target_rescale": 3.873493300591954},
{"mapping": [12, 11, 4, 7, 8, 9, 0, 1, 6, 3, 10, 5, 13], "R": [[0.8770053714559345, -0.08641761682215737, 0.4726452939998631], [-0.47011735316742204, 0.04886953984134252, 0.8812499318164813], [-0.09925347695821835, -0.9950596784004837, 0.002232427653968083]], "T": [0.08050581955171279, -0.19719858970295787, -0.020412237388514096], "aligned_model": [[0.7634896560772535, 0.17459418085143705, 0.10244647444204187, 0.6608631478536612, 0.5854940182171442, 0.5288881201107494, -0.4361032725798626, 0.2042670106621208, -0.32470171557987537, -0.6182411847384183, -0.014992102507580346, -0.060658820573249866, 0.11792583846075215], [-0.14339673094035824, 0.31951348942747737, -0.3633935139394131, -0.5735900835621651, 0.08196060315347745, 0.32432382688307415, -0.6823206998789272, -0.6872309387840257, -0.10161121531548023, -0.11430105344517338, 0.5935824804502428, 0.22722645341954575, -0.1476233860799229], [-0.3387098596339719, -0.6617306700273361, -0.7037798177103087, 0.14801572881179187, 0.4876376082562482, -0.04912474916065262, 0.0841389781383625, 0.53426907255569, -0.42436239583486185, 0.15521042111648525, 0.18127925716925736, 0.6859917901461761, 0.026855275660132176]], "inverted": false, "swapped": false, "error_lsq": 0.04575462525969624, "error_max": 0.28886840126886026, "target": "455.xyz", "model": "20.xyz", "model_rescale": 4.121658175737393, "target_rescale": 3.873493300591954},
{"mapping": [9, 10, 11, 7, 5, 8, 3, 0, 4, 2, 6, 1, 12], "R": [[0.5377367845504897, 0.608242672738514, 0.5838492969947036], [0.7554027350783179, -0.655126966611709, -0.013242562227062354], [0.3744407274556244, 0.4481623686545425, -0.811754047076116]], "T": [0.1610662829937454, -0.023490219725241512, -0.003893709067774774], "aligned_model": [[0.678125651626558, -0.01561465956537611, 0.20735825715396275, 0.4661056072191082, 0.5920983649700323, 0.6659655202594149, -0.12938069484488043, 0.026721380832006675, -0.2784881997623937, -0.5842454072820048, 0.042565137384628776, -0.17093598740517843, 0.18299638011029615], [0.07166279221630475, 0.38274976327102744, -0.5717859046792522, -0.6312559735821044, -0.17142958383654777, 0.3888241480722397, -0.6275494224550535, -0.6243974300579833, -0.1879958816020571, 0.10192537685195713, 0.614606532089442, 0.09939176705691957, -0.11160695195654051], [-0.5001379924687334, -0.6460976972355569, -0.690769169489925, -0.07014971869797254, 0.5022967875244413, 0.16574332987950047, 0.17884582034447982, 0.7758663196153912, -0.33383513694001293, 0.0667677845663667, 0.033715809474566184, 0.5936423783511119, 0.049802124563355164]], "inverted": true, "swapped": false, "error_lsq": 0.060502139926434044, "error_max": 0.35165601852530687, "target": "455.xyz", "model": "21.xyz", "model_rescale": 4.08911054899281, "target_rescale": 3.873493300591954},
{"mapping": [7, 10, 6, 13, 14, 12, 1, 2, 8, 11, 9, 15, 16], "R": [[0.9210515269356577, -0.31613875267283315, -0.22742113751355425], [0.3686532741421246, 0.8960172251608357, 0.24748312200909395], [0.12553425107828214, -0.3117842543707777, 0.9418236196510857]], "T": [0.14547300840578742, -0.15437111644074925, 0.02601145282342266], "aligned_model": [[0.6265104355166344, 0.3193173632825106, 0.047886270600826786, 0.7964290405454006, 0.40480658415206544, 0.7311329670342839, -0.4157708583994753, 0.08184366566301936, -0.4412532621528333, -0.5941325938920707, 0.14975158960832435, -0.2014920257683273, 0.17824217450581537], [-0.18349912056050346, 0.36805868555220217, -0.3561274843481413, -0.2679301215823895, 0.1753261348273502, 0.2950415902543802, -0.7038506455603999, -0.612806291844239, -0.2641400674835638, -0.007290409448806351, 0.5567900463004565, -0.07905967642488913, -0.18737340829310467], [-0.4970093317578498, -0.5638873956938789, -0.6848579621641485, 0.035527891260673634, 0.5116743039289738, 0.026382874834818656, 0.14036157445852585, 0.5801254537908659, -0.3267846340077746, 0.15732728941147567, 0.06819090177653589, 0.6627613801555475, 0.015878293493247257]], "inverted": false, "swapped": false, "error_lsq": 0.04208409194368504, "error_max": 0.27138485998567596, "target": "455.xyz", "model": "22.xyz", "model_rescale": 4.204369325754507, "target_rescale": 3.873493300591954},
{"mapping": [10, 14, 1, 5, 9, 11, 0, 8, 12, 4, 13, 7, 15], "R": [[-0.9476529185064182, -0.2705788616931642, 0.16953178360148136], [-0.019912674860751267, -0.4798305045990685, -0.8771352075000143], [0.31868076726743017, -0.8345955705975407, 0.44932482917462646]], "T": [0.07765222424808083, -0.12292528393444611, -0.07767326345418334], "aligned_model": [[0.6787584316990565, 0.2355978492593816, -0.05464124632470349, 0.7215801310212416, 0.45434344818396605, 0.6750563657029894, -0.32147575126130923, 0.12413533582352894, -0.32936131830061, -0.6018776617551447, 0.08901656185258357, -0.09926389503023861, 0.11140309982543242], [-0.02783268619269383, 0.4681107415147885, -0.6300082343661784, -0.4857982929438035, 0.11247658794230382, 0.2749414007152772, -0.6634427827918323, -0.6320663527557571, 0.05090913285210823, -0.15183517844169386, 0.5340045148340961, 0.02017977910559092, -0.136499398083854], [-0.5751999081327935, -0.5525085593591389, -0.4787776675744768, 0.3030401103194442, 0.5481857681840459, -0.014241450314581558, 0.06796996690920269, 0.47989901698460813, -0.4005674162842343, 0.19078228341363884, 0.06248356546506849, 0.5885453017428165, -0.09392037186658757]], "inverted": true, "swapped": false, "error_lsq": 0.03699160979125311, "error_max": 0.2343600256764954, "target": "455.xyz", "model": "23.xyz", "model_rescale": 4.410303926677745, "target_rescale": 3.873493300591954},
{"mapping": [14, 15, 13, 11, 10, 9, 0, 1, 5, 2, 8, 3, 16], "R": [[0.8590716464504731, 0.18146740303993, 0.47860786443477615], [-0.2394018895317148, -0.684018049607489, 0.6890617121127913], [0.4524186573888372, -0.7065330066211417, -0.5441768729019745]], "T": [0.15984377401657546, -0.16940920288336964, -0.09017161497291323], "aligned_model": [[0.6523718573896735, 0.2812088932321858, 0.2546757322605262, 0.7419990442291645, 0.3965171871349806, 0.6248585514070839, -0.452721422130965, 0.23203999403872877, -0.34386014175557356, -0.6846457740405458, 0.2034772430348596, -0.3248630869976974, 0.1022132728937528], [-0.14559518460847104, 0.3539612404855424, -0.6247544602422963, -0.3561373095123822, 0.13647599514254344, 0.2502928841361306, -0.5708644135386203, -0.6285426364472486, 0.08618360595976121, -0.06561305328326644, 0.6140110401758376, -0.1301338843707343, -0.18614459250844442], [-0.5538514286774359, -0.559924824307728, -0.6172904062576552, 0.07399093303732643, 0.43347319539681395, -0.08456817064680552, 0.09417427023378477, 0.6311601710788961, -0.3668604559683807, 0.23991581848805918, 0.15489064324106994, 0.6666425583057606, 0.013938335563306578]], "inverted": false, "swapped": false, "error_lsq": 0.03838440682686634, "error_max": 0.2513809529350201, "target": "455.xyz", "model": "24.xyz", "model_rescale": 4.28219845311461, "target_rescale": 3.873493300591954},
{"mapping": [0, 8, 2, 4, 3, 1, 13, 7, 11, 12, 5, 9, 15], "R": [[0.1370255898839174, 0.15762081641728026, 0.9779466580283991], [0.8367975098291315, 0.50989901300123, -0.19943150223607142], [-0.5300885918983065, 0.845670547419219, -0.06202749363749396]], "T": [0.06210692239001517, -0.11097804940858821, -0.07839089426898103], "aligned_model": [[0.7133537796063435, 0.20568551718357647, 0.11584918706032216, 0.646024918118191, 0.5763514372526285, 0.5782756846849855, -0.19254713257046027, 0.11944491844803334, -0.4025851193707406, -0.6796507662767055, 0.07235969632278313, -0.1909558424065715, 0.12166507264378887], [-0.2911366068503175, 0.47547806470599296, -0.6248248037005563, -0.5202022891378989, 0.04900441245292528, 0.2645132184558425, -0.6336025211009908, -0.5361026122460834, 0.17225796517765982, -0.26454582199143484, 0.7158097223755718, 0.058885435529096364, -0.1323949322814556], [-0.5355282884757736, -0.42102841449050565, -0.5276717713154404, 0.08354696081274353, 0.4783887171485611, -0.02885792105808028, 0.04380333970884971, 0.570860571675074, -0.09615990139130343, 0.02472249361431722, 0.12556386044149054, 0.5249160901404504, -0.1168650973233709]], "inverted": true, "swapped": false, "error_lsq": 0.04737100739283076, "error_max": 0.37450715514163885, "target": "455.xyz", "model": "25.xyz", "model_rescale": 4.100010024507729, "target_rescale": 3.873493300591954},
{"mapping": [6, 2, 0, 1, 7, 4, 3, 10, 8, 11, 9, 12], "R": [[0.3874988316388968, 0.8573322773271485, -0.3388598851022878], [0.23203973058736632, 0.26503680807448377, 0.935902267223791], [0.8921895644466107, -0.4412899915234142, -0.09623369718467976]], "T": [0.07359215171616318, 0.05779027620728711, -0.1706196496596284], "aligned_model": [[-0.6087265068133803, -0.2402624140631492, 0.4128640049085093, 0.7655176889913974, -0.6267431838901082, 0.13690334125123346, -0.055237664686000554, 0.6203351540267474, -0.03000960781278461, -0.21060574183259417, -0.31218165196065994, 0.024912184243795862], [-0.12703357582112418, -0.6135362048211618, -0.30236043187116785, -0.3188637047487918, 0.4812412504221718, 0.6440931059915856, 0.17457304647660551, 0.39653237098280814, -0.35419908509131076, 0.5664620712191523, 0.016168733582016738, 0.10305381372985581], [-0.17675044772592252, 0.15587478190138904, 0.569020305200947, -0.06357802764688376, 0.21189704811204135, 0.18730540170229093, 0.6790179270223462, -0.3937637022132644, -0.37587784677076475, -0.429445640815022, -0.8163006707216313, 0.01779316180883103]], "inverted": false, "swapped": true, "error_lsq": 0.056198972591648626, "error_max": 0.30997983031711157, "target": "455.xyz", "model": "26.xyz", "model_rescale": 3.6694154284099745, "target_rescale": 3.873493300591954},
{"mapping": [5, 4, 8, 7, 6, 0, 9, 3, 10, 11, 2, 12, 13], "R": [[0.11876136599358379, 0.04566270110988768, 0.9918722980679959], [0.7139405081653507, 0.69031749750069, -0.11726339345672157], [-0.6900613659291028, 0.7220641733057624, 0.04938259693785861]], "T": [0.18726171362681854, -0.12424663457250859, -0.028770387386111314], "aligned_model": [[0.9174388258382505, 0.10646649245652476, 0.12271929916976113, 0.5116136640219935, 0.38519104935220455, 0.5719777488789586, -0.2654298223337006, 0.2717712955407958, -0.3045007473640876, -0.5852091847981115, -0.008294115101389832, -0.2126686758805552, 0.17219552091553028], [-0.16895735060967418, 0.33367241094165345, -0.42641307833778386, -0.6603041230581049, 0.11304616934591086, 0.3941755742034735, -0.6265245530053143, -0.6530646307060637, -0.039754285528502215, 0.1222990576555637, 0.5034272233562079, -0.08782001555432804, -0.07064316731468606], [-0.3301353428722595, -0.706496622735141, -0.5881333370246706, 0.030951518409035598, 0.5841786603105414, -0.17077506618525412, 0.05869847218611969, 0.5762427346728723, -0.3648082495472524, 0.2517281009797871, 0.14418362999014972, 0.6556721582909046, -0.015616016987820792]], "inverted": true, "swapped": false, "error_lsq": 0.05190867374733396, "error_max": 0.3065919204124517, "target": "455.xyz", "model": "27.xyz", "model_rescale": 4.103607728864725, "target_rescale": 3.873493300591954},
{"mapping": [5, 9, 0, 7, 11, 6, 2, 4, 3, 12, 10, 13, 14], "R": [[-0.14760470386206356, 0.8163722558846475, 0.5583450467404583], [-0.5194088245176832, -0.5443984085344578, 0.6586689956255026], [0.8416812486986693, -0.19278670236030712, 0.5043867196726013]], "T": [0.15213385024212908, -0.025529196038192786, 0.05821878484361727], "aligned_model": [[0.7094287193920835, 0.354075765482651, 0.04959149204144411, 0.7941227740851701, 0.53851266831217, 0.6622971680999993, -0.3477687416020323, -0.05599186970611689, -0.45900342327953847, -0.6717219625798253, 0.0036880944406549043, -0.027581177295728787, 0.13362184330524282], [-0.14854284096321335, 0.3591223723242447, -0.38332533881948194, -0.3496527594744925, 0.25458604831641296, 0.3334364571133748, -0.5644938907559526, -0.7727514292807687, -0.10336177561830731, -0.07686214373959108, 0.4516492062847792, -0.10434859725544433, -0.16231607674320844], [-0.39941696809015986, -0.6356014799788353, -0.5510091905212051, 0.11184138130809818, 0.5524941051725258, -0.05198244845977017, 0.02763835405262051, 0.5272090896245578, -0.3707149804806069, 0.2946931920941656, -0.04198054772290846, 0.675764365203903, -0.01324423271537295]], "inverted": false, "swapped": false, "error_lsq": 0.04935032275670269, "error_max": 0.29658611549976405, "target": "455.xyz", "model": "28.xyz", "model_rescale": 4.137296879288765, "target_rescale": 3.873493300591954},
