[{"mapping": [7, 9, 10, 5, 3, 4, 6, 1, 8, 0, 2, 11], "R": [[-0.6822798273625001, -0.6847426486327723, -0.25616741072504334], [-0.24472679208806958, 0.5440851358955331, -0.8025460498512358], [0.6889143883012461, -0.4848699516787107, -0.5387931843950933]], "T": [-0.07655631690869527, 0.08806609225871943, -0.024048107909462237], "aligned_model": [[0.35009368191859547, -0.5469426593506833, 0.09664262419800398, 0.7247376617287904, -0.44449171478177607, -0.10497112146908794, -0.33474384274364843, 0.25096873775188644, -0.601779666432478, 0.42739042025589324, -0.01386281600937772, -0.009482711320949286], [-0.7051286689471009, -0.11192275933107303, 0.029210546870527862, -0.0649341369209941, 0.518728923975539, 0.8902698094010041, -0.5806875535173504, -0.30701773909100094, 0.035974352941500684, 0.3580804571681224, 0.27239701769994307, 0.10058480482375802], [-0.31630682747540967, -0.3528300607472207, -0.6784940549069521, -0.17638071177407397, -0.4154374066345978, 0.06545195817114244, 0.08207564164452344, 0.4643335710001419, 0.32884050695525, 0.21242878915500443, 0.757515632586086, -0.01075641286045589]], "inverted": false, "swapped": false, "error_lsq": 0.061113984469751755, "error_max": 0.3487354074336515, "target": "456.xyz", "model": "0.xyz", "model_rescale": 3.751011558992144, "target_rescale": 3.6730155725831395},
{"mapping": [0, 4, 8, 3, 5, 9, 1, 7, 6, 13, 12, 14], "R": [[-0.032023905618070336, 0.7888467860116222, -0.6137550143730796], [-0.2885227138790387, 0.580631911740152, 0.7613285930824161], [0.9569373610873596, 0.20146297741299884, 0.20900611399442412]], "T": [-0.09090376153479843, 0.0921917998513234, -0.040310925576993076], "aligned_model": [[0.3679904293845099, -0.7512079858565252, -0.1670246360871247, 0.6377347873535685, 0.020944042160833842, -0.12693368895661253, -0.25956882775453605, 0.014931540219006265, -0.5590322152929169, 0.4517056241060934, 0.2452250904841116, -0.08120556601523932], [-0.5069264561615788, -0.09861750800684728, 0.005129073419856189, -0.02078419108647518, 0.5726005679538922, 0.733941570930909, -0.5820388620534456, -0.34937212671327456, -0.2559481727556901, 0.5748451674903635, 0.2384967502906271, 0.12422924176453902], [-0.11762816396570806, -0.43167279046341356, -0.6937969210379374, 0.15900836615928726, -0.42343431475371224, 0.10477076514782725, -0.0917954807405067, 0.4429045661622307, 0.43232006740311385, -0.02922130783396904, 0.6058990715559929, 0.0030867674802332393]], "inverted": false, "swapped": false, "error_lsq": 0.04769885219431603, "error_max": 0.23590788776543822, "target": "456.xyz", "model": "1.xyz", "model_rescale": 3.9405287249114394, "target_rescale": 3.6730155725831395},
{"mapping": [7, 0, 6, 3, 11, 5, 1, 4, 2, 10, 8, 12], "R": [[0.6378486566318731, -0.6301315882379207, 0.44281290940720197], [-0.7701609377160644, -0.5227000349112221, 0.3655636791588027], [0.0011051014558502437, -0.5742115072066766, -0.8187062499713857]], "T": [-0.012824970234473645, 0.03660672954951065, 0.007754372441583245], "aligned_model": [[0.3855152185460878, -0.6685628644093511, 0.02481066645538569, 0.5505613156058824, -0.03414772161701265, -0.567492911750535, -0.4372554829818306, 0.2503621189884529, -0.6126965581947647, 0.6158335524734821, 0.3551343987724065, -0.06850313814303471], [-0.5625498779709335, -0.03324669893247305, -0.0037657694950588155, -0.043281974858624145, 0.6397206830814395, 0.5057895042407068, -0.6250226223194865, -0.4003174148342066, 0.059391857165362036, 0.588369426218283, 0.2874742426881856, 0.022993700089681133], [-0.3257816928092386, -0.5099890977715026, -0.5329020004620095, -0.04713976571441276, -0.3709449652469681, -0.00919493327147139, 0.10435495708108075, 0.48892541272116014, 0.3299414973226669, 0.11653629972652116, 0.6420738217109856, 0.07456109182662604]], "inverted": false, "swapped": false, "error_lsq": 0.05193755230898855, "error_max": 0.3071156342455176, "target": "456.xyz", "model": "2.xyz", "model_rescale": 3.932901565614263, "target_rescale": 3.6730155725831395},
{"mapping": [12, 7, 9, 10, 8, 3, 5, 6, 4, 11, 1, 13], "R": [[-0.9102405939219328, -0.20005601357487002, -0.3625460696369204], [0.1267641858288603, -0.9681381703182587, 0.21596139554087168], [-0.39419906439233654, 0.15061897159835497, 0.9065986008299708]], "T": [-0.08208998146183538, 0.14443422479498574, 0.08453261736904351], "aligned_model": [[0.3358892523748725, -0.6768379441647243, -0.10395581808615406, 0.5975912959604577, -0.05570868918741814, -0.21075345096570175, -0.23174869736133408, 0.10697810664464608, -0.7605712523900918, 0.6271506816728909, 0.19271437718187884, -0.027189267934153355], [-0.43560615201973, 0.07719270965108105, -0.12048833125695785, -0.05463786687155331, 0.5784818475470861, 0.6385041011036352, -0.5227829391365799, -0.4512105910186494, -0.28315624992598304, 0.6210862986189198, 0.3434037214442206, 0.04476850693738629], [-0.18375143267019461, -0.30469223647389565, -0.60039866668248, 0.1919993738211731, -0.5068161918232057, 0.07941920160241552, -0.13733042724429073, 0.36049053469677494, 0.43102353422726386, -0.17525418106957003, 0.7430630455086402, 0.06268807122080662]], "inverted": true, "swapped": false, "error_lsq": 0.05036990280283326, "error_max": 0.29418520925065245, "target": "456.xyz", "model": "3.xyz", "model_rescale": 3.9243930471874484, "target_rescale": 3.6730155725831395},
{"mapping": [2, 8, 7, 0, 9, 11, 4, 3, 10, 5, 6, 12], "R": [[0.2589260835932625, 0.6879372621461035, 0.6780115091840098], [0.9654187300830408, -0.16223230362623797, -0.2040768366693627], [-0.030396691265734854, 0.7074058262490123, -0.7061536930081498]], "T": [-0.09216113893347153, 0.10453940303118839, -0.02815902077469274], "aligned_model": [[0.4179948930244186, -0.6032714040783784, 0.02549758334956917, 0.7294102421797704, -0.37017149749168243, -0.3453221923057007, -0.24196336468682964, 0.14150808148772245, -0.6674562533466168, 0.5527816971017694, 0.13278105950928504, 0.021769749001841435], [-0.6417024648624483, 0.02434182986687934, -0.3542007961216037, -0.11454576997914509, 0.6380356452512441, 0.7858894269917562, -0.46113700281888304, -0.33888360073914026, -0.0008273043373509537, 0.4705818352614528, 0.2891317777842345, 0.13887147877587996], [-0.2127623467825811, -0.386866443388563, -0.6751772690986142, -0.04671989530431798, -0.39664157375147835, 0.28458001946799133, -0.1278423516979808, 0.4209824998173415, 0.3656189722995664, 0.12573956865567154, 0.6327821091903604, -0.02325266429395797]], "inverted": true, "swapped": false, "error_lsq": 0.04234567557846153, "error_max": 0.2830306596995211, "target": "456.xyz", "model": "4.xyz", "model_rescale": 3.8936222436046832, "target_rescale": 3.6730155725831395},
{"mapping": [0, 10, 2, 1, 4, 7, 3, 9, 8, 5, 6, 11], "R": [[0.6857632852257481, 0.7269024766639942, 0.03662657581785411], [0.5961878002249736, -0.5321566710013373, -0.6011400705090966], [-0.417479129417623, 0.4340761072997756, -0.7983038955010665]], "T": [-0.09399319274054072, 0.021736596408065842, 0.04388607141358542], "aligned_model": [[0.30746623103695914, -0.5865803547299422, 0.011683383072980474, 0.6952388459596026, 0.028065587845653966, -0.3911342132751654, -0.3154510751007339, 0.06599078592401719, -0.6784307561369192, 0.35307360545580124, 0.28794475036613465, 0.01569180332677997], [-0.7349539020782722, 0.17590930601964055, -0.1543951496509563, -0.05642923032078952, 0.526374592952406, 0.5341710210255413, -0.484028697031394, -0.3643556551527722, -0.2467744640831403, 0.6979412844989755, 0.39870929750786266, 0.14338665138577425], [-0.17740136505255544, -0.32088243454508003, -0.67372700976502, -0.0749064358503766, -0.5570022255538098, 0.3063088253253869, -0.11561285213709105, 0.499269254762069, 0.4074756356422854, 0.03686077418072276, 0.632633571067453, -0.0025751129605462095]], "inverted": true, "swapped": false, "error_lsq": 0.04827727751108746, "error_max": 0.2832037026037463, "target": "456.xyz", "model": "5.xyz", "model_rescale": 3.6523030999806103, "target_rescale": 3.6730155725831395},
{"mapping": [0, 2, 1, 5, 6, 10, 3, 7, 4, 8, 9, 12], "R": [[-0.6675741986509633, -0.7418089224530988, -0.06375117147548673], [-0.6550454441802176, 0.6258733643503094, -0.42331784495289915], [0.35392111459231435, -0.24083615668291491, -0.9037354647682786]], "T": [-0.022510595786408134, 0.10283805298042883, 0.054612304158452904], "aligned_model": [[0.26694454060447037, -0.6143997787797182, 0.015389671558698172, 0.6087812783938777, -0.09182653358379511, -0.5059322363076506, -0.18221082424404467, 0.1902057583351466, -0.5729512701848998, 0.5025626560040382, 0.15396660575402088, 0.02302872619502521], [-0.7623168989435323, 0.02583801422145024, -0.08564913749148068, -0.12769203780414126, 0.6364766202849984, 0.6728015998834497, -0.5731133301375194, -0.3518745906762315, -0.016231537381155473, 0.5197707016090963, 0.4894921439379726, 0.008053507569968948], [-0.33894374480672756, -0.4143757802272229, -0.6127788965301822, -0.05597692146296272, -0.31014740074945596, 0.2784830578188447, 0.039570108856857175, 0.5180842278875912, 0.16401567954411334, -0.009950451577201105, 0.6394347442741654, 0.06302600208561848]], "inverted": false, "swapped": false, "error_lsq": 0.04811805544090051, "error_max": 0.30330514970951455, "target": "456.xyz", "model": "6.xyz", "model_rescale": 4.08911054899281, "target_rescale": 3.6730155725831395},
{"mapping": [0, 13, 1, 3, 11, 12, 2, 6, 7, 8, 4, 14], "R": [[-0.8186224191446589, -0.510252737651241, -0.2636275376229886], [-0.5151224823241712, 0.4493233481494678, 0.7299022927844083], [-0.25398063524200093, 0.7333148522477682, -0.6306688230719064]], "T": [-0.026520362535263155, 0.18230384157379012, 0.03148210773457621], "aligned_model": [[0.428809275583737, -0.6821734221899743, -0.029984963536327857, 0.6665279885400996, -0.12149736906998157, -0.5851451341909369, -0.3431114382612133, 0.07117617690596167, -0.5604003346291003, 0.5424589558718703, 0.3503196681245928, 0.05657919059644158], [-0.617120714075841, 0.12113673701696506, -0.15503394958884656, -0.1612339282703764, 0.5749327128926632, 0.6249298283600382, -0.5441243313156474, -0.2539183665835131, -0.1803138897543288, 0.5544347333983757, 0.26810424023978774, 0.20376198275359864], [-0.1640977572277939, -0.28831810026594024, -0.6197761129803809, 0.19916400904771864, -0.39437350229507745, 0.03622745549249239, -0.11755394057070354, 0.25353736604892246, 0.4589976289276467, 0.08561257844910326, 0.620955917656009, -0.10993491716855877]], "inverted": false, "swapped": false, "error_lsq": 0.04748065611249568, "error_max": 0.26635781919029916, "target": "456.xyz", "model": "7.xyz", "model_rescale": 3.964800864290218, "target_rescale": 3.6730155725831395},
{"mapping": [12, 2, 4, 9, 6, 3, 7, 8, 1, 10, 5, 13], "R": [[-0.11730327175792829, 0.1857409428653145, 0.9755717526550212], [-0.9847778222908854, 0.10512442897836191, -0.13842505248687842], [-0.12826762319037224, -0.9769591376180877, 0.1705821217643143]], "T": [-0.08822553196662873, 0.10422740395486835, -0.07442120234070435], "aligned_model": [[0.24961251253683792, -0.608648678566125, -0.11741548282270893, 0.551966989187807, -0.06948228999505277, -0.28075665101527386, -0.26621022571814645, 0.25561766267165503, -0.5934932296769222, 0.5752468622187601, 0.1348206191194662, -0.03769949419512859], [-0.5156206993459955, -0.14844804581100018, 0.031022218175061997, -0.13571882682173098, 0.5203601397327449, 0.7872003929190823, -0.5717253913620861, -0.2765586253524363, -0.18546483409511944, 0.4660722688166014, 0.3784956755321005, 0.0859407826856531], [-0.34336119901090023, -0.3967930269829756, -0.7736224198437961, 0.005803912072705239, -0.47813900015615074, 0.07538654193699015, 0.06071736452711013, 0.4981444609614156, 0.3987625379088141, 0.2480794781769248, 0.6832713821948032, -0.01780940667150291]], "inverted": false, "swapped": false, "error_lsq": 0.045004528090167695, "error_max": 0.2404298917285693, "target": "456.xyz", "model": "8.xyz", "model_rescale": 4.121658175737393, "target_rescale": 3.6730155725831395},
{"mapping": [9, 1, 6, 7, 2, 3, 4, 5, 0, 11, 10, 12], "R": [[0.4710375929634221, 0.011542836729793837, 0.8820376119732396], [0.6355732949766436, 0.6889418235776835, -0.34843327975092864], [-0.6116945093163404, 0.7247247247373901, 0.3171811794961301]], "T": [0.06976914484952411, 0.08837039461581891, -0.049703893939409466], "aligned_model": [[0.34972423440586864, -0.5415777358260492, 0.10995762756546673, 0.7320065613593006, -0.3635889944489032, -0.14657597595636668, -0.41848102462067616, 0.11787004083033605, -0.613924689630707, 0.48361092122681604, 0.09161939868652723, -0.007081769846444583], [-0.6566028271816995, -0.05109208009479202, -0.1566497913558414, -0.039952967815932466, 0.5526610326191017, 0.7928691209850076, -0.6530296686647274, -0.27593428600515313, -0.005681373487590624, 0.5458692071492695, 0.31768874923869184, 0.0654099396865415], [-0.2943053323470193, -0.33560059792420427, -0.6966444201219765, -0.03607931534513942, -0.3307401503640841, 0.2323605042353651, -0.04160229541519541, 0.44697136189610265, 0.3278424591519945, 0.10016903626773138, 0.673771391910551, -0.08570201683068795]], "inverted": false, "swapped": false, "error_lsq": 0.045921353237448705, "error_max": 0.25930727138961607, "target": "456.xyz", "model": "9.xyz", "model_rescale": 3.833441315466971, "target_rescale": 3.6730155725831395},
{"mapping": [0, 8, 10, 1, 11, 7, 13, 5, 2, 6, 4, 14], "R": [[-0.1681333215877318, 0.569570604863501, 0.8045623109786478], [-0.2703577821824332, -0.811528436416188, 0.5180041182281218], [0.9479651131688722, -0.13042592902994216, 0.29043281710475516]], "T": [0.003925676609777846, 0.13643319968003143, -0.01193312349231823], "aligned_model": [[0.28417422798528114, -0.653696537989716, -0.14470290838438624, 0.6912971143125594, -0.16492372881153608, -0.32239439598950836, -0.21130694794246244, 0.1255384962982905, -0.5014439386097004, 0.5352200355526915, 0.23183051398688126, -0.07603333666322559], [-0.4433373898098584, 0.08562957257223097, -0.1318405086171971, -0.1331539850817175, 0.5694504112798258, 0.7171332178962525, -0.6270386583657117, -0.34603049868887387, -0.20300098235297098, 0.4716316437692153, 0.3150559915148747, 0.1610562409568062], [-0.23363060818293033, -0.42727801236744223, -0.7746210706102442, 0.009331620956439248, -0.5112557184054449, 0.002786789696738904, 0.06851674111409514, 0.4461872791428603, 0.37021376319935423, 0.2461325179257992, 0.731078224622555, 0.03297909802165759]], "inverted": true, "swapped": false, "error_lsq": 0.04100805923617467, "error_max": 0.23072536238655844, "target": "456.xyz", "model": "10.xyz", "model_rescale": 4.2482417240324, "target_rescale": 3.6730155725831395},
{"mapping": [3, 6, 1, 8, 0, 4, 2, 7, 5, 10, 9, 11], "R": [[0.15026643745921894, -0.42491313024206057, -0.8926750974017414], [-0.9275207034101927, 0.25197255047107914, -0.27607096651868523], [0.34223579958674144, 0.8694588348835114, -0.35625270795354047]], "T": [-0.024418121104655497, 0.0027806658168909523, -0.060954949893825154], "aligned_model": [[0.40937277383963117, -0.6457153678058537, 0.16103796481546898, 0.5849610389178947, 0.017045743494352675, -0.526895972238409, -0.3599244180641787, 0.13812669152287593, -0.5407311741899077, 0.356382047798371, 0.24473952470935242, -0.04484025905442941], [-0.6822854605996516, 0.10125720245669564, -0.10274146885474073, -0.044295249401592886, 0.5722661988463714, 0.6352901791058589, -0.6136295081262423, -0.3523521684229809, -0.007688863957346213, 0.5125682434364197, 0.339620817729523, 0.07754513286056161], [-0.08506901947600196, -0.2183533015875961, -0.7344663997205754, -0.11838949081971245, -0.5587565685497871, 0.2756268454415795, -0.29596837194580466, 0.4922322703381577, 0.4844782636911396, 0.039594637886194266, 0.6414721110158768, 0.038039648839967834]], "inverted": false, "swapped": false, "error_lsq": 0.048926289769321125, "error_max": 0.22664912173709398, "target": "456.xyz", "model": "11.xyz", "model_rescale": 3.6694154284099745, "target_rescale": 3.6730155725831395},
{"mapping": [5, 1, 12, 7, 2, 8, 0, 6, 4, 9, 11, 13], "R": [[0.45877344496120287, 0.28229744100603676, -0.8425171102119373], [-0.29533236317887773, -0.8458377796169363, -0.4442265703803307], [-0.8380368258361979, 0.45262192321421496, -0.30467634166153373]], "T": [0.01701296577294738, 0.04699530425583464, -0.030312591457364063], "aligned_model": [[0.40289362350322977, -0.7473108020096912, 0.04340794428201113, 0.7565582752211273, -0.2906125892598705, -0.12787266509087433, -0.36293483048068303, 0.13977801051014502, -0.5752909897087888, 0.5332558155339255, 0.10034176394925758, -0.07865496270461964], [-0.6410929323868597, 0.03541577831589681, -0.1268599683350965, -0.01748825220061629, 0.47564843011990626, 0.7699381848051297, -0.5578847611486372, -0.3360588734410631, -0.03384604867086729, 0.6121915257952896, 0.2841074674448153, -0.028515495225021788], [-0.1793142325901851, -0.39383506212887476, -0.6867013098006396, -0.06317479907444132, -0.41493784929936817, 0.1398626028083396, -0.052620505383817295, 0.3672463025360886, 0.40594346836067696, 0.21203595530592154, 0.6638507771882367, -0.037914722808499335]], "inverted": true, "swapped": false, "error_lsq": 0.04078498238321298, "error_max": 0.24730294376914086, "target": "456.xyz", "model": "12.xyz", "model_rescale": 3.9764082729961374, "target_rescale": 3.6730155725831395},
{"mapping": [10, 14, 13, 1, 6, 4, 11, 8, 3, 9, 0, 15], "R": [[-0.09612669202549184, 0.9177459849319831, 0.38535952852039457], [-0.6605365932078793, -0.34843650888392064, 0.6650439145726501], [0.7446147111852981, -0.19061559856950339, 0.639698855297104]], "T": [0.08268225923148155, 0.14203712941967267, -0.00024712929510982374], "aligned_model": [[0.38271832667488626, -0.6020936565354392, -0.012991595199727327, 0.6094594114657922, -0.3640531476414187, -0.24375179967839428, -0.2643078368539093, -0.005808276479829386, -0.6002728884930716, 0.5941389815396817, 0.31526888609056364, -0.014747811143965547], [-0.5901795433441237, -0.05074842298151566, 0.012684841409900977, -0.17697326375101374, 0.5408069826642299, 0.7341102193647613, -0.54301945014433, -0.462120066518284, -0.21835609392548205, 0.44966568355211284, 0.5695959890205786, 0.17008817972604137], [-0.1416119103336617, -0.3645597910926559, -0.5906665102031318, 0.1548682445206069, -0.4746613850765421, 0.24214507999744758, -0.20233635405519232, 0.3558656959926906, 0.3346146900827265, 0.0723877136231423, 0.5384594848144147, 0.03593566684359268]], "inverted": true, "swapped": false, "error_lsq": 0.04529478161864476, "error_max": 0.2554989534524152, "target": "456.xyz", "model": "13.xyz", "model_rescale": 4.170626492500431, "target_rescale": 3.6730155725831395},
{"mapping": [9, 12, 10, 1, 8, 4, 11, 3, 6, 0, 2, 13], "R": [[-0.18655256380292712, 0.9637090322000664, 0.19095298425153256], [-0.6914183032102624, -0.2668686341054266, 0.671358221902842], [0.6979533443751069, -0.006784790837980947, 0.7161110917231266]], "T": [0.0018442635061613026, 0.09322488045868887, 0.003672494747573128], "aligned_model": [[0.3064289227614614, -0.5765220051830553, -0.010831661123234752, 0.7368153983906601, -0.09408516013002922, -0.3985655199384856, -0.28765496849763383, 0.18881058935291792, -0.539632359779853, 0.4781088030964626, 0.06241170844004429, -0.07172515364408599], [-0.5768777675922927, 0.16774436124725606, -0.06005765445422759, -0.1305238921377547, 0.6022266050881524, 0.6752895379998629, -0.551372381838853, -0.3551052073960694, -0.2055736352385089, 0.43813574249756304, 0.40675655395759064, 0.024912792940157122], [-0.334701654509242, -0.43864574748497154, -0.539164580626143, -0.020168384924178766, -0.528559675277862, 0.0664090100820046, -0.014880543787187906, 0.4930775721153837, 0.5737705393697367, 0.10400689614769827, 0.5789651520651364, 0.020332041943063164]], "inverted": true, "swapped": false, "error_lsq": 0.04202814561329115, "error_max": 0.21260666455753938, "target": "456.xyz", "model": "14.xyz", "model_rescale": 3.9786697098870705, "target_rescale": 3.6730155725831395},
{"mapping": [3, 5, 8, 9, 7, 10, 2, 0, 4, 6, 1, 11], "R": [[-0.16560957107668317, -0.9219006523670665, 0.3502465661972638], [-0.6972588723589208, 0.3606160329467858, 0.6195047551863416], [-0.6974263652060793, -0.14161660900791262, -0.7025248758361065]], "T": [0.0005192276014601808, 0.08149490447349686, 0.005061751626302735], "aligned_model": [[0.42087666449202527, -0.6333398752934971, -0.07729681363420086, 0.584459812626871, -0.06124538925265442, -0.46372179802124497, -0.3845171944845972, 0.17413998579104706, -0.5462307017823942, 0.5928494404987142, 0.09439115109770356, 0.09319331170739609], [-0.6938440709731859, 0.017261959623638357, -0.1595498733904435, -0.06784369990217787, 0.6195533503157644, 0.7103838275460894, -0.6948302043320632, -0.3997881848699283, -0.020189429733139308, 0.601194708979451, 0.4045477619744223, 0.11865890983444805], [-0.2543574664488824, -0.4835652576589623, -0.45108537903761825, -0.15026256215789244, -0.3738237803663619, 0.29019326700518994, -0.04891690500977802, 0.4762602303127953, 0.2612639003035746, 0.08514123020529152, 0.5945505171952017, 0.015042830770880151]], "inverted": false, "swapped": false, "error_lsq": 0.046089627025824066, "error_max": 0.26416663568848564, "target": "456.xyz", "model": "15.xyz", "model_rescale": 3.769337070930944, "target_rescale": 3.6730155725831395},
{"mapping": [8, 1, 10, 5, 7, 6, 3, 2, 9, 4, 11], "R": [[-0.7274656987087562, 0.67404582022252, 0.12828051076734726], [-0.5537621594535537, -0.46636700830058997, -0.6898182980510842], [-0.40514334248450645, -0.572856042832148, 0.7125270705251655]], "T": [0.10011409270007482, 0.02827555096629691, -0.04803859797087217], "aligned_model": [[-0.35773924524520195, -0.3087861949129283, -0.09798417096982426, -0.6047389745176921, 0.3583275630874245, 0.3096867686282845, 0.6579256917646461, 0.24044077854620183, 0.14718205112811306, -0.3769188264833611, -0.0447693103344918], [-0.046252760849317676, -0.6277318538425796, 0.7998358193595339, 0.24037908353199922, 0.18011582772924933, -0.46191168352562345, 0.31611836302708407, -0.47606358314304037, 0.6583263251483158, -0.08631246949334853, 0.09956142968306939], [-0.6750637375712597, -0.040423247038382175, -0.22871380221737247, 0.08111842629710905, -0.4797511019231717, -0.44027851609763113, 0.1801829479781951, 0.40174216520512107, 0.41582566793385045, 0.5687583577259885, -0.039179553068669916]], "inverted": true, "swapped": true, "error_lsq": 0.04680770006716857, "error_max": 0.23468573610520746, "target": "456.xyz", "model": "16.xyz", "model_rescale": 3.7852294659196426, "target_rescale": 3.6730155725831395},
{"mapping": [7, 8, 11, 6, 9, 0, 2, 5, 3, 10, 4, 12], "R": [[-0.5103826422774073, 0.8018379311708717, 0.3107498843081825], [0.0874449443617259, 0.4078780480102532, -0.9088393035388163], [-0.8554898831473737, -0.43668229880195786, -0.2782905491487825]], "T": [-0.09306132264704917, -0.024027284423901903, 0.06163251105136126], "aligned_model": [[0.3029191937712328, -0.5210227927563871, 0.039760515759315246, 0.7676223099025794, -0.15134968807771168, -0.39333101207397503, -0.3561651711680124, 0.3567420654216009, -0.8134486975196316, 0.5037110269429727, 0.11295025991356183, -0.0548294163703764], [-0.5787240125033609, 0.1583056533407532, -0.18530103011024804, -0.12195116701602154, 0.6672155859854193, 0.5409171899699193, -0.5514860381425849, -0.20832214602785995, -0.09943907557346879, 0.49989664510737397, 0.2818939328826576, 0.03254951716029698], [-0.1024954136033877, -0.3942288616930666, -0.6414188474054182, -0.13079366643300655, -0.4541654591613429, 0.29916779306661934, -0.10161775403038596, 0.5042625220410413, 0.3900384535103243, -0.07482830423438931, 0.6664119102889178, 0.00010825276753221452]], "inverted": false, "swapped": false, "error_lsq": 0.05074331772127422, "error_max": 0.32142976982093235, "target": "456.xyz", "model": "17.xyz", "model_rescale": 3.901054581598922, "target_rescale": 3.6730155725831395},
{"mapping": [0, 4, 8, 3, 5, 9, 1, 7, 6, 13, 12, 14], "R": [[-0.032023905618070336, 0.7888467860116222, -0.6137550143730796], [-0.2885227138790387, 0.580631911740152, 0.7613285930824161], [0.9569373610873596, 0.20146297741299884, 0.20900611399442412]], "T": [-0.09090376153479843, 0.0921917998513234, -0.040310925576993076], "aligned_model": [[0.3679904293845099, -0.7512079858565252, -0.1670246360871247, 0.6377347873535685, 0.020944042160833842, -0.12693368895661253, -0.25956882775453605, 0.014931540219006265, -0.5590322152929169, 0.4517056241060934, 0.2452250904841116, -0.08120556601523932], [-0.5069264561615788, -0.09861750800684728, 0.005129073419856189, -0.02078419108647518, 0.5726005679538922, 0.733941570930909, -0.5820388620534456, -0.34937212671327456, -0.2559481727556901, 0.5748451674903635, 0.2384967502906271, 0.12422924176453902], [-0.11762816396570806, -0.43167279046341356, -0.6937969210379374, 0.15900836615928726, -0.42343431475371224, 0.10477076514782725, -0.0917954807405067, 0.4429045661622307, 0.43232006740311385, -0.02922130783396904, 0.6058990715559929, 0.0030867674802332393]], "inverted": false, "swapped": false, "error_lsq": 0.04769885219431603, "error_max": 0.23590788776543822, "target": "456.xyz", "model": "18.xyz", "model_rescale": 3.9405287249114394, "target_rescale": 3.6730155725831395},
{"mapping": [3, 11, 2, 1, 5, 7, 14, 12, 13, 0, 4, 15], "R": [[0.32876138135088034, 0.8365538964252996, 0.43828476189334953], [0.3217160173984388, -0.5355274088691624, 0.7808387788136348], [0.8879272257801022, -0.11570640745235358, -0.4451935185881769]], "T": [-0.03024793950542123, 0.08510454034170284, 0.028769201881782218], "aligned_model": [[0.35289247010130015, -0.6476192673216761, 0.1628620049490542, 0.591919524900322, -0.19218505307673076, -0.3257672957775692, -0.3835366654509106, 0.14872230845348747, -0.6116278429576524, 0.5253420585035764, 0.20125365513777485, -0.028697303715807414], [-0.6611365601836254, -0.04708351222723725, 0.05267953491178168, -0.05211959373239686, 0.5677122588305958, 0.6276421033321695, -0.6034731416361074, -0.2698770138698005, -0.07435673264205739, 0.46201591724946695, 0.3581104437504064, 0.07544135128967999], [-0.11873076858298043, -0.31849462325444156, -0.8179789610265913, -0.14326744317379972, -0.6285958443915999, 0.3663293472695387, 0.05681940826362857, 0.40572650546470124, 0.32524745682173556, 0.17686317888897352, 0.6663739517054745, -0.009851582871201178]], "inverted": true, "swapped": false, "error_lsq": 0.042272599753091576, "error_max": 0.24043334390404839, "target": "456.xyz", "model": "19.xyz", "model_rescale": 4.410303926677745, "target_rescale": 3.6730155725831395},
{"mapping": [12, 2, 4, 9, 6, 3, 7, 8, 1, 10, 5, 13], "R": [[-0.11730327175792829, 0.1857409428653145, 0.9755717526550212], [-0.9847778222908854, 0.10512442897836191, -0.13842505248687842], [-0.12826762319037224, -0.9769591376180877, 0.1705821217643143]], "T": [-0.08822553196662873, 0.10422740395486835, -0.07442120234070435], "aligned_model": [[0.24961251253683792, -0.608648678566125, -0.11741548282270893, 0.551966989187807, -0.06948228999505277, -0.28075665101527386, -0.26621022571814645, 0.25561766267165503, -0.5934932296769222, 0.5752468622187601, 0.1348206191194662, -0.03769949419512859], [-0.5156206993459955, -0.14844804581100018, 0.031022218175061997, -0.13571882682173098, 0.5203601397327449, 0.7872003929190823, -0.5717253913620861, -0.2765586253524363, -0.18546483409511944, 0.4660722688166014, 0.3784956755321005, 0.0859407826856531], [-0.34336119901090023, -0.3967930269829756, -0.7736224198437961, 0.005803912072705239, -0.47813900015615074, 0.07538654193699015, 0.06071736452711013, 0.4981444609614156, 0.3987625379088141, 0.2480794781769248, 0.6832713821948032, -0.01780940667150291]], "inverted": false, "swapped": false, "error_lsq": 0.045004528090167695, "error_max": 0.2404298917285693, "target": "456.xyz", "model": "20.xyz", "model_rescale": 4.121658175737393, "target_rescale": 3.6730155725831395},
{"mapping": [0, 2, 1, 5, 6, 10, 3, 7, 4, 8, 9, 12], "R": [[-0.6675741986509633, -0.7418089224530988, -0.06375117147548673], [-0.6550454441802176, 0.6258733643503094, -0.42331784495289915], [0.35392111459231435, -0.24083615668291491, -0.9037354647682786]], "T": [-0.022510595786408134, 0.10283805298042883, 0.054612304158452904], "aligned_model": [[0.26694454060447037, -0.6143997787797182, 0.015389671558698172, 0.6087812783938777, -0.09182653358379511, -0.5059322363076506, -0.18221082424404467, 0.1902057583351466, -0.5729512701848998, 0.5025626560040382, 0.15396660575402088, 0.02302872619502521], [-0.7623168989435323, 0.02583801422145024, -0.08564913749148068, -0.12769203780414126, 0.6364766202849984, 0.6728015998834497, -0.5731133301375194, -0.3518745906762315, -0.016231537381155473, 0.5197707016090963, 0.4894921439379726, 0.008053507569968948], [-0.33894374480672756, -0.4143757802272229, -0.6127788965301822, -0.05597692146296272, -0.31014740074945596, 0.2784830578188447, 0.039570108856857175, 0.5180842278875912, 0.16401567954411334, -0.009950451577201105, 0.6394347442741654, 0.06302600208561848]], "inverted": false, "swapped": false, "error_lsq": 0.04811805544090051, "error_max": 0.30330514970951455, "target": "456.xyz", "model": "21.xyz", "model_rescale": 4.08911054899281, "target_rescale": 3.6730155725831395},
{"mapping": [12, 6, 5, 14, 11, 1, 7, 13, 0, 15, 2, 16], "R": [[0.502614230123507, 0.20458747365430874, 0.839954106663633], [-0.8453718035523674, -0.08699844338196719, 0.5270462831741936], [0.18090176736552854, -0.974974479908506, 0.1292258259449945]], "T": [0.00661678581177064, 0.023978552010789467, -0.03914476335384318], "aligned_model": [[0.3873548655148731, -0.6917834782429391, -0.01380350872116982, 0.634288872666988, 0.04192716164275698, -0.3360723514641187, -0.32388235400120996, 0.08357328274850767, -0.6229546522703124, 0.4814149659840169, 0.16712251202491632, -0.013626722137140328], [-0.6024422816682627, -0.13544319955149905, 0.06593831224114, -0.0846354632817593, 0.6848578940381999, 0.7029503689772589, -0.6057523967693453, -0.5095942326659187, -0.08200773677055981, 0.5724337379897989, 0.4294894450491532, -0.0002393925153304742], [-0.12635118416630492, -0.2450231372751768, -0.7430989124578647, 0.038658405038645725, -0.4237025651191162, 0.18792308603130653, -0.036812652553557555, 0.3430956676052681, 0.39958762560426475, 0.03345423782404267, 0.5362269919950546, -0.003516937413124588]], "inverted": false, "swapped": false, "error_lsq": 0.03958659290664205, "error_max": 0.2148623540372303, "target": "456.xyz", "model": "22.xyz", "model_rescale": 4.204369325754507, "target_rescale": 3.6730155725831395},
{"mapping": [3, 11, 2, 1, 5, 7, 14, 12, 13, 0, 4, 15], "R": [[0.32876138135088034, 0.8365538964252996, 0.43828476189334953], [0.3217160173984388, -0.5355274088691624, 0.7808387788136348], [0.8879272257801022, -0.11570640745235358, -0.4451935185881769]], "T": [-0.03024793950542123, 0.08510454034170284, 0.028769201881782218], "aligned_model": [[0.35289247010130015, -0.6476192673216761, 0.1628620049490542, 0.591919524900322, -0.19218505307673076, -0.3257672957775692, -0.3835366654509106, 0.14872230845348747, -0.6116278429576524, 0.5253420585035764, 0.20125365513777485, -0.028697303715807414], [-0.6611365601836254, -0.04708351222723725, 0.05267953491178168, -0.05211959373239686, 0.5677122588305958, 0.6276421033321695, -0.6034731416361074, -0.2698770138698005, -0.07435673264205739, 0.46201591724946695, 0.3581104437504064, 0.07544135128967999], [-0.11873076858298043, -0.31849462325444156, -0.8179789610265913, -0.14326744317379972, -0.6285958443915999, 0.3663293472695387, 0.05681940826362857, 0.40572650546470124, 0.32524745682173556, 0.17686317888897352, 0.6663739517054745, -0.009851582871201178]], "inverted": true, "swapped": false, "error_lsq": 0.042272599753091576, "error_max": 0.24043334390404839, "target": "456.xyz", "model": "23.xyz", "model_rescale": 4.410303926677745, "target_rescale": 3.6730155725831395},
{"mapping": [12, 15, 5, 0, 4, 10, 13, 7, 11, 3, 1, 16], "R": [[0.4464971517425403, 0.09462126924908848, 0.8897680084670896], [-0.19933775244715546, 0.979921936813605, -0.004178301184731101], [-0.8722985463332584, -0.17549875542910626, 0.4563939448631185]], "T": [-0.18976194468201102, 0.010986401980952444, -0.03387834748480669], "aligned_model": [[0.3198507786595849, -0.6851074139752533, 0.017179190513280818, 0.5581632942263505, 0.033254627619566324, -0.3376667067931489, -0.2511048456837045, 0.1058663554219319, -0.5312298043747334, 0.4577128780768208, 0.2050380691806326, -0.09839782912615928], [-0.5398647981080406, -0.028760164964354205, -0.04273748183631586, -0.0934583412450006, 0.5357795929484588, 0.6097938902175299, -0.6855280865382505, -0.33590727133275144, 0.019622434332483722, 0.6282801429442569, 0.28631929397857386, 0.08201584467628567], [-0.32203396924599326, -0.5460963355538213, -0.625394318781952, -0.024661856693684057, -0.41954671303239505, 0.174298787792495, 0.03886255991032187, 0.4500633682980718, 0.49908188213167926, 0.06086222405141287, 0.6765159776675133, -0.0015109814302107852]], "inverted": true, "swapped": false, "error_lsq": 0.03838342147271283, "error_max": 0.21526831139376673, "target": "456.xyz", "model": "24.xyz", "model_rescale": 4.28219845311461, "target_rescale": 3.6730155725831395},
{"mapping": [0, 3, 1, 6, 5, 11, 4, 2, 13, 10, 14, 15], "R": [[-0.7469245200881621, 0.6532104267582759, -0.1241768886119311], [-0.4253388925045445, -0.32585003591665085, 0.8443391383893826], [0.5110680853018278, 0.6834748660100007, 0.5212211811875408]], "T": [-0.18399450721801242, 0.08718139035318567, 0.03805166453404604], "aligned_model": [[0.2835984875301219, -0.6114178610116486, -0.06865614327775427, 0.705888006462857, -0.15683633670535374, -0.1474763997987794, -0.3776006416612322, 0.11473527833641056, -0.47122520422822656, 0.4221305100303137, 0.24615668819669267, -0.14573779012823262], [-0.5503944007940089, -0.11354352033892592, -0.01809691109767303, -0.055285589572013405, 0.6716028840108241, 0.6136786911619048, -0.5969081456422691, -0.35212959609464084, -0.07879801209202428, 0.5910681591662743, 0.29855808991039945, 0.025803406455028946], [-0.16296593131593515, -0.5760038148155551, -0.5828275023687239, 0.041118656061908704, -0.580813936739382, 0.17200722179183578, -0.13278961991789548, 0.4699618366726115, 0.5308658502023992, 0.12978718932515057, 0.6300267187907508, 0.022073957426272675]], "inverted": false, "swapped": false, "error_lsq": 0.0424478941150469, "error_max": 0.20035858426074962, "target": "456.xyz", "model": "25.xyz", "model_rescale": 4.100010024507729, "target_rescale": 3.6730155725831395},
{"mapping": [3, 6, 1, 8, 0, 4, 2, 7, 5, 10, 9, 11], "R": [[0.15026643745921894, -0.42491313024206057, -0.8926750974017414], [-0.9275207034101927, 0.25197255047107914, -0.27607096651868523], [0.34223579958674144, 0.8694588348835114, -0.35625270795354047]], "T": [-0.024418121104655497, 0.0027806658168909523, -0.060954949893825154], "aligned_model": [[0.40937277383963117, -0.6457153678058537, 0.16103796481546898, 0.5849610389178947, 0.017045743494352675, -0.526895972238409, -0.3599244180641787, 0.13812669152287593, -0.5407311741899077, 0.356382047798371, 0.24473952470935242, -0.04484025905442941], [-0.6822854605996516, 0.10125720245669564, -0.10274146885474073, -0.044295249401592886, 0.5722661988463714, 0.6352901791058589, -0.6136295081262423, -0.3523521684229809, -0.007688863957346213, 0.5125682434364197, 0.339620817729523, 0.07754513286056161], [-0.08506901947600196, -0.2183533015875961, -0.7344663997205754, -0.11838949081971245, -0.5587565685497871, 0.2756268454415795, -0.29596837194580466, 0.4922322703381577, 0.4844782636911396, 0.039594637886194266, 0.6414721110158768, 0.038039648839967834]], "inverted": false, "swapped": false, "error_lsq": 0.048926289769321125, "error_max": 0.22664912173709398, "target": "456.xyz", "model": "26.xyz", "model_rescale": 3.6694154284099745, "target_rescale": 3.6730155725831395},
{"mapping": [1, 12, 3, 5, 9, 10, 6, 0, 2, 8, 4, 13], "R": [[0.20074353844217713, -0.6439881711203274, 0.7382284654704196], [0.015976199352130793, -0.751315943707625, -0.6597492810037631], [0.9795135490783042, 0.14423449028515062, -0.14053333762565973]], "T": [0.003791858008962829, 0.1182689441583237, -0.03247369872513416], "aligned_model": [[0.30983900215225, -0.6890762295143431, -0.0728052628197532, 0.7226185281000093, -0.17997755328819195, -0.1957629354818184, -0.291988829142704, 0.1628308340118391, -0.4798031592746253, 0.3912710415968962, 0.15181646283880207, -0.03540330543319213], [-0.7058366173642564, -0.02387291751669296, -0.06704579219859333, -0.18736338139142503, 0.5938275239228545, 0.6166413942783946, -0.4789260676821534, -0.28558071508935723, -0.11861476727224138, 0.6203348960089069, 0.37412780510773314, 0.09786369426970601], [-0.11512853963019154, -0.3922824226449503, -0.8151757811953805, 0.09344532154591464, -0.48517268939574787, 0.238991778359533, -0.1969800352150452, 0.46606957920631115, 0.3824378734449487, 0.04592818077048621, 0.7344392883389572, 0.003868071528602482]], "inverted": true, "swapped": false, "error_lsq": 0.039454871018634166, "error_max": 0.2088112076045115, "target": "456.xyz", "model": "27.xyz", "model_rescale": 4.103607728864725, "target_rescale": 3.6730155725831395},
{"mapping": [11, 5, 7, 13, 1, 0, 6, 10, 9, 2, 3, 14], "R": [[-0.8649272710940502, 0.500987439007802, -0.030205987389977818], [-0.1293729276184048, -0.16439641805070526, 0.9778734393220532], [0.4849365539091094, 0.8496972423684226, 0.2070051569267194]], "T": [0.12528299892164077, -0.052833872153588625, 0.049797903173499705], "aligned_model": [[0.29567282211437695, -0.5294575825892296, -0.11262251922688277, 0.7496647572757832, -0.10005786900890018, -0.27701577203869365, -0.2886658986283315, 0.04356072238102586, -0.6226075117815928, 0.4438594120727849, 0.09491478497066423, 0.09631324820416375], [-0.6492623108183766, -0.0040622606546734386, -0.09220669445263044, -0.16919774343672955, 0.6691852519679808, 0.531325324653698, -0.5142611214858482, -0.32930545976407777, -0.15922178651651717, 0.6068828599925616, 0.45126825815499755, 0.09441073743249107], [-0.2456706385759036, -0.2728110105540587, -0.6298578853415943, -0.07857422093563464, -0.4305880975778768, 0.13107196207864635, -0.08058026464111888, 0.4701075593401255, 0.36517913554244413, 0.11764780031592334, 0.605216363765675, 0.009299921696810425]], "inverted": true, "swapped": false, "error_lsq": 0.03804040743192559, "error_max": 0.18579045703093405, "target": "456.xyz", "model": "28.xyz", "model_rescale": 4.137296879288765, "target_rescale": 3.6730155725831395},
{"mapping": [4, 2, 0, 7, 10, 3, 9, 1, 8, 5, 11], "R": [[-0.6183288209507509, -0.6879901564961775, 0.37991974645445836], [-0.20917868189073424, -0.3219046697276363, -0.9233751472992962], [0.7575709526005532, -0.6504205779124052, 0.055130060801559855]], "T": [-0.04672828543302131, -0.042714642241147, -0.07341681845222364], "aligned_model": [[0.45526913811962655, 0.16752203663276083, -0.18256961090949664, -0.37198407264540645, 0.09053751096589603, 0.297068392900743, 0.6322695489933778, -0.3171744206871929, -0.6665046602117709, 0.13204918962670353, -0.01506404207534262], [-0.29855472972291747, -0.6986743120773519, -0.34957917655257587, 0.21490535636891733, 0.7604898900857169, 0.026233476978496345, 0.33720649925305585, -0.5630641091426644, 0.2176711527463681, 0.22775579822530184, 0.04475797048560523], [0.47764918608649726, -0.08630040960448379, -0.7741497437679266, -0.3958233339054557, -0.016739842084896046, -0.641872919980004, -0.16813373896421202, 0.430268077256679, 0.32208432826600486, 0.5999119623495912, 0.05886045613120444]], "inverted": true, "swapped": true, "error_lsq": 0.05154090063248724, "error_max": 0.2675039887554234, "target": "456.xyz", "model": "29.xyz", "model_rescale": 3.607286011436655, "target_rescale": 3.6730155725831395},
