[{"mapping": [0, 2, 1, 3, 5, 9, 7, 11, 6, 8, 10, 12], "R": [[-0.4885710375244093, 0.8723026795590022, 0.01965646271604507], [0.7743843533852882, 0.44388774326854263, -0.45087974517382107], [-0.40202887274967164, -0.20506512772810842, -0.8923682417396325]], "T": [-0.023976906742692018, -0.06555454760369074, 0.06211705964002071], "aligned_model": [[-0.27582882824964206, 0.00982551094321428, 0.5659990727899903, -0.2683058931799563, 0.09301072017148984, -0.5426922126456125, 0.581812249290616, -0.10142530990007131, 0.49566077134057474, -0.08061988497321879, -0.626710114782626, -0.013083618344209359], [-0.23623378984322757, -0.7423383214968093, -0.3348277432718936, 0.5918086925854986, 0.39818096076761067, -0.49356667753005135, -0.3529479178282495, -0.3340156345992958, 0.08953053520887337, 0.33564045535614284, 0.12483188657539969, 0.007492590053059231], [-0.5638583058356352, -0.15201850427110483, -0.4489543041139395, -0.04408581342198111, -0.64077051583626, 0.08768541699576404, 0.44168315581993545, 0.7163461369031074, -0.10516110242256721, 0.5648262656964901, 0.3385647586784053, -0.01230544283865203]], "inverted": true, "swapped": true, "error_lsq": 0.056021981834115574, "error_max": 0.3182198246743648, "target": "457.xyz", "model": "0.xyz", "model_rescale": 3.751011558992144, "target_rescale": 4.066407923118475},
{"mapping": [4, 1, 6, 5, 2, 8, 0, 7, 13, 11, 9, 12, 14], "R": [[-0.9399834996410743, 0.08965786487119026, 0.3292301439255796], [-0.3341218833936181, -0.046072507435930776, -0.9414031501413556], [-0.0692357381705427, -0.9949064234013698, 0.07326405144867826]], "T": [-0.0817069192397326, -0.044736999882563286, -0.034789650013961546], "aligned_model": [[-0.3570792956560671, 0.2463322573814381, 0.45477882512292656, -0.6574365744071312, -0.45838792627671787, -0.5704897731346215, 0.24576459846419985, 0.5751048962074928, -0.2947652816166651, 0.3046621804565385, -0.33576776943380104, 0.39348589131437045, -0.06384559488092291], [-0.009386700891537966, -0.4149505321587416, 0.23696620893193765, 0.0029264967142032666, -0.6445234756312253, -0.4026288515291616, -0.7264347128377164, -0.13483240617156844, -0.026197460411780525, 0.6531318115962689, 0.4666918873029645, 0.20410044630154334, -0.006544062824386174], [-0.7753937146651583, -0.5257252756891978, -0.4781316100283481, 0.20259106160477658, 0.3919487996653598, -0.30575643100973193, 0.024835443226064784, -0.04736266285031834, 0.6593030080642304, -0.014076618084980841, 0.2939704434966919, 0.47925978559654, 0.0002258479032036867]], "inverted": true, "swapped": false, "error_lsq": 0.049246802170014356, "error_max": 0.32320086975656886, "target": "457.xyz", "model": "1.xyz", "model_rescale": 3.9405287249114394, "target_rescale": 4.066407923118475},
{"mapping": [2, 0, 5, 4, 7, 1, 6, 11, 3, 9, 8, 10, 12], "R": [[-0.6631101844869929, -0.04431445922372204, 0.7472088810589279], [-0.4021636502917756, -0.8208340601763131, -0.40558087237746193], [0.6313075966702923, -0.569445058243706, 0.5264817603946044]], "T": [-0.07387448137876981, -0.10790059578492502, -0.011064864938063497], "aligned_model": [[-0.2061289706549884, 0.21576058471943535, 0.3503048128960847, -0.7258300579768294, -0.3871679640368184, -0.6372941890831344, 0.20851160942702893, 0.6365254739210432, -0.1422718392556924, 0.29063817353191235, -0.2673961765098263, 0.26721039595782914, -0.12050541939500496], [0.11559107189462169, -0.618058601525378, 0.11055637959079266, 0.04178942431636602, -0.6972085518260529, -0.4554670179596592, -0.5628026296480075, -0.057555019888213335, -0.15345227886731588, 0.6060672263879887, 0.5794085511434086, 0.35626410691960525, -0.06681401214735659], [-0.640929812419436, -0.6100476075451363, -0.559175033239043, 0.19927425626285994, 0.4172728287415378, -0.4457856345192381, 0.08209053585047776, 0.009220980739019528, 0.5546616804641377, 0.07703496708045622, 0.2903406097501225, 0.6051326314280466, -0.07340232536467282]], "inverted": false, "swapped": false, "error_lsq": 0.05084804690336328, "error_max": 0.32713436953527275, "target": "457.xyz", "model": "2.xyz", "model_rescale": 3.932901565614263, "target_rescale": 4.066407923118475},
{"mapping": [7, 5, 9, 0, 2, 4, 6, 10, 1, 8, 3, 11, 13], "R": [[-0.5903341657241699, 0.026708184261555884, -0.8067169551163526], [0.3850761823057856, -0.8690617378276118, -0.3105608308606425], [-0.7093813548434648, -0.49398215427027525, 0.5027521503315011]], "T": [-0.025918889750520306, 0.0078627968133963, 0.01115998792188414], "aligned_model": [[-0.3052635400915313, 0.14385757757229028, 0.36767520836423245, -0.6602517022157895, -0.455537731218218, -0.639147866957129, 0.1572129784331647, 0.5360313232332687, -0.1797814933028885, 0.16901044690046377, -0.2652942577171603, 0.5562958826580093, 0.057549607882326916], [0.21023305295148992, -0.40656206026180247, 0.17767236181898294, -0.048180096981905146, -0.66951856800238, -0.49613838327460014, -0.6502423690481209, -0.26017387941539677, -0.21754001797216804, 0.6971119472363625, 0.4256670952384518, 0.5013543818096414, -0.06536481570775526], [-0.6139443178572418, -0.5511812560183541, -0.585532007123041, 0.21956201820939583, 0.2365085863967116, -0.3537501880417612, 0.003909456651924418, 0.3654391696767931, 0.6998460493656923, -0.14922981189698023, 0.18093772353407142, 0.4750572962721333, -0.02193464194021188]], "inverted": true, "swapped": false, "error_lsq": 0.04629836182767259, "error_max": 0.24831395169455608, "target": "457.xyz", "model": "3.xyz", "model_rescale": 3.9243930471874484, "target_rescale": 4.066407923118475},
{"mapping": [5, 3, 0, 11, 10, 6, 3, 4, 8, 1, 9, 7, 12], "R": [[0.7462557555277305, -0.06976185447058236, -0.6619936789747783], [-0.5877811306046583, 0.3977186438492762, -0.7045092070653176], [0.31243509701511785, 0.9148514436757031, 0.25579512535940935]], "T": [-0.07625036839350596, -0.05313970469849595, 0.07716579546463485], "aligned_model": [[-0.2586080038657912, 0.20147410926205944, 0.37044044602183623, -0.8674178900760883, -0.3152886288677252, -0.4293328082178516, 0.20147410926205944, 0.4080519001136157, -0.020060403317598077, 0.12940788963969244, -0.4774138045478461, 0.6129911870537297, -0.07336166891905284], [0.23271351617436287, -0.5442095283898545, 0.14737591194322636, -0.05985249921321019, -0.6232556398684743, -0.4094613078285517, -0.5442095283898545, -0.30325393672204826, 0.011408286344645649, 0.6086152034474103, 0.40184604755955466, 0.28030163175008627, 0.0003004915835075686], [-0.6000762060949648, -0.28981228717158414, -0.6182356405134196, 0.08912290263827592, 0.4162177826489498, -0.4423380260489561, -0.28981228717158414, 0.31224334245328483, 0.7008745524925367, -0.0958816616967998, 0.43736470511303077, 0.3152450098119511, -0.029224109231587872]], "inverted": false, "swapped": false, "error_lsq": 0.05503504488272451, "error_max": 0.31557320337276246, "target": "457.xyz", "model": "4.xyz", "model_rescale": 3.8936222436046832, "target_rescale": 4.066407923118475},
{"mapping": [5, 0, 3, 6, 10, 9, 2, 11, 7, 1, 8, 12], "R": [[-0.5002329957765267, 0.8424112772649714, -0.20027528522821014], [-0.0245897619538894, -0.2450211594187004, -0.9692058476114178], [-0.8655416186085407, -0.4799040230857784, 0.143282361379872]], "T": [-0.08047999281784905, 0.02226755622624393, -0.02946603434271213], "aligned_model": [[-0.07629031140564203, -0.46885611740605, -0.29023917852963826, 0.40360348855000655, -0.5964457796610125, -0.6139870301972985, -0.14387527384599294, -0.04117369825275169, 0.566856146858482, 0.36839469820640086, -0.0007865149115077186, -0.0796523871898987], [-0.5103615198452386, -0.5539431661441914, 0.1812194147612255, -0.19923741128854822, 0.46991832599205974, 0.028097829063608994, -0.3925303657561885, 0.561534681061482, 0.15077403149949867, -0.6639894051201465, 0.6238345673840402, -0.02639407649779477], [-0.6920944250921792, -0.06885056881726997, -0.6881294719873992, -0.22607583911051576, -0.1261394010604615, 0.38071678078387966, 0.54408138483061, 0.4328447693364763, 0.3681366319808781, 0.0671597590136678, -0.2500300475056886, -0.12233485309647951]], "inverted": true, "swapped": true, "error_lsq": 0.04974691667980375, "error_max": 0.2635240023564379, "target": "457.xyz", "model": "5.xyz", "model_rescale": 3.6523030999806103, "target_rescale": 4.066407923118475},
{"mapping": [8, 10, 9, 1, 2, 6, 4, 11, 3, 5, 0, 7, 12], "R": [[-0.44759830863989736, 0.21316490058900284, 0.8684563772922529], [0.3879079618527024, 0.9213252122435092, -0.02621576654868471], [-0.8057190374032288, 0.3251470105065296, -0.49507196883350324]], "T": [-0.05295924677957629, -0.0686655952572022, -0.0874420699550383], "aligned_model": [[-0.1865590690102845, 0.17733050716285287, 0.4908494075493127, -0.7088679878631462, -0.4643813495510765, -0.44131148727482533, 0.10983604811147599, 0.7673657272448594, -0.01442940002684099, -0.20321277791957412, -0.4180615566497504, 0.41668412158089496, -0.042885749812858504], [0.28225339420562345, -0.6999597812601057, 0.003971824673871249, -0.01077509300398849, -0.6283505924548383, -0.33412953104253595, -0.5400944310706163, -0.2616870815375263, 0.005702697641413887, 0.5953884807668324, 0.46830837555973504, 0.31137989799277443, 0.00631048792016041], [-0.6466469098847399, -0.483809729603325, -0.5582486415780368, 0.1334816252713446, 0.21865626632282725, -0.5361467592238155, 0.1960789110179081, 0.16628740402644876, 0.6022140116309476, -0.06847919879659646, 0.6645705552656099, 0.23164818265791198, -0.013917639877352492]], "inverted": true, "swapped": false, "error_lsq": 0.06203502380902134, "error_max": 0.33319474317440473, "target": "457.xyz", "model": "6.xyz", "model_rescale": 4.08911054899281, "target_rescale": 4.066407923118475},
{"mapping": [13, 2, 1, 5, 4, 7, 6, 0, 8, 11, 10, 9, 14], "R": [[0.045561626220769036, -0.9956949347460797, -0.08072010367386434], [-0.10940615833007672, -0.08529153550501006, 0.9903310792309065], [-0.9929523809002996, -0.03628981802376638, -0.11282117873975969]], "T": [-0.1049430622445463, -0.02954439588490678, 0.004903985518747369], "aligned_model": [[-0.17421958531145787, 0.2270840109747127, 0.5219693932423204, -0.8293514288988437, -0.3721998391507821, -0.470863220931256, 0.020827036027246087, 0.6777238647176228, -0.059524177542084326, -0.06549054981672248, -0.5417302059633373, 0.5258600608545542, 0.022271075339066887], [0.21991282145666866, -0.4289535516541526, 0.1503662855165013, -0.2373936128944894, -0.40286812329289867, -0.5117393491573324, -0.5116446100476542, -0.5511500723164731, 0.13764270121893085, 0.5542819122374839, 0.4312991484881195, 0.2796076081895372, 0.06895749064655865], [-0.6798341997897552, -0.6118373640179979, -0.3305941198835093, 0.11685241513294391, 0.5397429327301007, -0.47767184172786004, -0.02516647072009602, 0.008926777814124312, 0.6645512948889596, -0.041154717941819505, 0.3456606687894797, 0.3528547955091347, 0.043357906445427585]], "inverted": false, "swapped": false, "error_lsq": 0.05348056097302863, "error_max": 0.29587294089271204, "target": "457.xyz", "model": "7.xyz", "model_rescale": 3.964800864290218, "target_rescale": 4.066407923118475},
{"mapping": [8, 11, 12, 5, 3, 10, 6, 4, 0, 7, 1, 2, 13], "R": [[0.5040155931275476, 0.8354249784517537, -0.21916520541174622], [0.8199925207851745, -0.5425460434008893, -0.18236243211367642], [-0.27125734596626366, -0.08780031986802157, -0.9584938998712571]], "T": [-0.026824941547683258, -0.07371087167730432, 0.011756727946173441], "aligned_model": [[-0.44904591549650635, 0.36261294995239984, 0.4147496259574736, -0.8525358328952235, -0.399995248944039, -0.5379231132426717, 0.18429194692390943, 0.6463113611260645, -0.06772415930338735, 0.12568220368519642, -0.2922498772078969, 0.4260233368572199, -0.07784084387149934], [0.3424404592360537, -0.59944441889501, 0.2139863494294741, -0.08916936778383311, -0.5157693062920482, -0.4991352146648363, -0.5889655980233576, -0.27664404723077524, -0.09918961466206505, 0.6135503824137472, 0.5451576375732259, 0.20651347628619848, -0.05501208899597428], [-0.47773801190710474, -0.49723805639600194, -0.5294614790541456, -0.11875488753902122, 0.4491249455455758, -0.4708681784675944, 0.174385291115948, 0.04002401109017095, 0.7264856696895667, -0.09438800456479479, 0.3429232464231965, 0.405471700112888, -0.044278168819551364]], "inverted": false, "swapped": false, "error_lsq": 0.05170122920972593, "error_max": 0.37253040047043157, "target": "457.xyz", "model": "8.xyz", "model_rescale": 4.121658175737393, "target_rescale": 4.066407923118475},
{"mapping": [0, 10, 5, 2, 8, 3, 11, 7, 6, 4, 1, 9, 12], "R": [[-0.28907672156710806, -0.1412131193317675, 0.9468334087771748], [-0.7330319177619434, -0.603481580682817, -0.31380597400115906], [0.6157100426257964, -0.784773111609439, 0.07093875319301318]], "T": [-0.011566269134684608, -0.11487821344651415, 0.008033533931227046], "aligned_model": [[-0.2893734977667233, 0.13473578351298882, 0.4306954353518933, -0.7027474825585027, -0.241532136482445, -0.4871111508910142, 0.053700236067883024, 0.5337453284598562, -0.07632765415780424, 0.10393069223162749, -0.45984097892894765, 0.5471049651835461, -0.06462310648131842], [0.3544178390730094, -0.3697571673433449, 0.0922680865274116, -0.17598727242421003, -0.5129834687302202, -0.5478486687603497, -0.7417999462072747, -0.43355136920419507, 0.10632939445469129, 0.764130940370638, 0.40269480064008445, 0.30602276650509364, -0.045617286510533844], [-0.5588955638681863, -0.6920473605709009, -0.37040127079412544, 0.03770951714534533, 0.5729948098588672, -0.4492165527070486, -0.06773914481509094, 0.245296239895598, 0.6615281454702105, -0.03813222328694858, 0.08613395237897639, 0.4596070429594559, 0.018850485562979157]], "inverted": false, "swapped": false, "error_lsq": 0.05401033398763018, "error_max": 0.3040132135825851, "target": "457.xyz", "model": "9.xyz", "model_rescale": 3.833441315466971, "target_rescale": 4.066407923118475},
{"mapping": [13, 1, 5, 8, 11, 10, 12, 6, 7, 2, 9, 3, 14], "R": [[-0.5672158026642535, -0.11414711215411444, -0.8156204202904822], [-0.8172820859511531, 0.2001535391170562, 0.5403596513085049], [0.10156881997581077, 0.9730924917836912, -0.20682064027298702]], "T": [0.0345682659094956, -0.15105887372272792, -0.03927810444839931], "aligned_model": [[-0.17378107852718042, 0.4333395205016704, 0.3735540123178634, -0.7015172634639826, -0.3740101131490887, -0.6852170141707662, 0.08778186253038342, 0.6223037746081509, -0.055981892072082824, -0.05132263032596849, -0.3341650743893744, 0.3183817196596526, 0.022990610021762323], [0.306817048103446, -0.5177793637468673, 0.2237716835256282, 0.04992387550003838, -0.5032737322173062, -0.449392658678526, -0.7511806417574802, -0.4628848579356856, -0.11420061566406767, 0.5566588317086996, 0.4532736142431419, 0.4821924867183736, -0.07560702140859457], [-0.6578463967971856, -0.5413801873172746, -0.4887510386189222, 0.11991797068715525, 0.37826887813568616, -0.30130910805979794, -0.04577687173804462, 0.09696100678353924, 0.6197788843501479, -0.13097684102845747, 0.3566108879140231, 0.48299049284377327, 0.017200400074489447]], "inverted": false, "swapped": false, "error_lsq": 0.04370385444988879, "error_max": 0.20556152892961113, "target": "457.xyz", "model": "10.xyz", "model_rescale": 4.2482417240324, "target_rescale": 4.066407923118475},
{"mapping": [1, 2, 9, 11, 5, 3, 0, 8, 7, 4, 6, 12], "R": [[-0.061066757235662905, -0.6427993451370169, -0.7635966559985339], [0.920188587504875, 0.2601191593916996, -0.292559372338572], [0.38668309322558214, -0.7205185804743541, 0.5756119878917725]], "T": [0.08821348909665655, 0.023704916524524756, 0.014734933445664615], "aligned_model": [[-0.6651540577913817, -0.11753480320776033, 0.38780034638136845, 0.6754559833106326, -0.559099045770417, 0.14028766341529972, -0.30072199032215385, 0.5449739804468685, 0.07215667435834244, 0.011613854327162443, -0.3337830780850904, 0.020770075300136137], [-0.28664767745189335, -0.5989610738218106, -0.27282607444784096, -0.32243826595455605, 0.5561635328444136, 0.7277808392286249, 0.018931747798595112, 0.34022574682069445, -0.4521273412624478, 0.7716038567479077, 0.08101540817870934, 0.10341069137024334], [-0.1190270039216409, 0.2885736167206791, 0.5393593506958988, -0.1887753761988392, 0.1570794958461951, 0.08305410242126088, 0.5918938041131441, -0.3140002498962267, -0.591046969004095, -0.5458727183439281, -0.36035317317858323, 0.024307410600491866]], "inverted": true, "swapped": true, "error_lsq": 0.04077674060427068, "error_max": 0.20706515042189985, "target": "457.xyz", "model": "11.xyz", "model_rescale": 3.6694154284099745, "target_rescale": 4.066407923118475},
{"mapping": [12, 5, 7, 1, 4, 0, 6, 11, 3, 10, 2, 8, 13], "R": [[-0.20089453355926246, 0.21560632420831946, -0.9555915965240505], [0.47562438013623326, -0.8313193279689459, -0.28755803582109135], [-0.8564010949350954, -0.5122714982376408, 0.06445988432608729]], "T": [0.04380895442007005, -0.05236861766348071, -0.06348220956927438], "aligned_model": [[-0.35384574052995327, 0.05196441691560373, 0.578324237401606, -0.7536325380115414, -0.1958533339154958, -0.4449713418023284, 0.24480521246283016, 0.5664816305315875, -0.3176500177787031, 0.19879400976350325, -0.27928123276679984, 0.24443894806105376, -0.05721781679032278], [0.2846599751126158, -0.3379163820757934, 0.09268147135251863, 0.016885930254369866, -0.541742653069899, -0.5404588966435696, -0.562345750409245, -0.34690783702352745, -0.01793423717671931, 0.5367074894645608, 0.4384619915642471, 0.29710841853004494, -0.12088087148880368], [-0.4994305683252822, -0.8137933151430198, -0.558880233793396, 0.21177106987113553, 0.43727091400569634, -0.24678405357347882, -0.2026894715310245, 0.36673700294020134, 0.7171653328343511, -0.24375356042544194, 0.22114318877213845, 0.5769951578185966, -0.06006338622134417]], "inverted": true, "swapped": false, "error_lsq": 0.060423130459879876, "error_max": 0.36609457374927284, "target": "457.xyz", "model": "12.xyz", "model_rescale": 3.9764082729961374, "target_rescale": 4.066407923118475},
{"mapping": [14, 13, 11, 4, 5, 6, 12, 1, 0, 3, 7, 2, 15], "R": [[-0.5286433659012144, -0.789342300558831, 0.3122097439817131], [-0.8248595254732664, 0.5645119388050603, 0.030545608237021925], [-0.20035706856672802, -0.24138144811696663, -0.9495220068962613]], "T": [0.032746354675081406, -0.13347114012992523, 0.005844922025300001], "aligned_model": [[-0.20159153306490168, 0.06175762443349197, 0.4018491351400349, -0.629852250310507, -0.505154856790415, -0.5667610555408125, 0.3779232968294041, 0.5963163044083363, -0.17082541638231227, -0.03077624058911204, -0.21068960357040248, 0.4030835303140606, -0.04292250133582585], [0.09884402005434861, -0.4421624351516821, 0.18839505064329964, 0.017437542562794617, -0.6847317340422648, -0.34144581920036887, -0.6656189389861492, -0.2278750814486049, -0.05437459396895264, 0.6505002907646803, 0.45630630748307377, 0.26209247083376175, -0.05904843115313628], [-0.7221134973182691, -0.5217425842631775, -0.6192230674283152, 0.23833874976773345, 0.3369007332385819, -0.4195915640228639, -0.06404880963738308, 0.2829719432306515, 0.6982394655597088, -0.2938167584504953, 0.4107340370224673, 0.5911989345059799, -0.012159504975486974]], "inverted": false, "swapped": false, "error_lsq": 0.046179797182808915, "error_max": 0.33096495085580907, "target": "457.xyz", "model": "13.xyz", "model_rescale": 4.170626492500431, "target_rescale": 4.066407923118475},
{"mapping": [11, 3, 6, 10, 7, 9, 1, 2, 8, 5, 12, 4, 13], "R": [[-0.36862896393982275, 0.20486145717446136, -0.9067218263111402], [-0.10331066984482672, 0.9603424459665624, 0.2589773966414322], [0.9238179433421211, 0.1891406086468922, -0.33284566651800823]], "T": [0.03457901721188827, -0.1461734882026562, 0.04746356469111668], "aligned_model": [[-0.21866475907493815, 0.27839954450056903, 0.48054067729409194, -0.5197521270358831, -0.41008267303513546, -0.5747606585252124, -0.14686841414548338, 0.6793894628442088, -0.2318132761061818, 0.03350937122229058, -0.2827783654168845, 0.3665934927440512, 0.028644158275546915], [0.13655071460231705, -0.38927007870912156, 0.3279818053925322, -0.07726120573790006, -0.6157106390106664, -0.42020924652561037, -0.8768050655067895, -0.26440689340597734, 0.011654823783676105, 0.7128195873457666, 0.4769213491909172, 0.25161350713243147, -0.07556001016077561], [-0.5488536881629542, -0.5499719570069869, -0.4852504508204645, 0.12681332724453187, 0.5365858889890001, -0.41070234542971185, -0.10767765418778877, 0.10378867750786924, 0.7225055358315844, -0.25145043694404523, 0.26366540670608174, 0.5318136704745329, -0.025577896972516445]], "inverted": false, "swapped": false, "error_lsq": 0.04235624627442765, "error_max": 0.3853728939738908, "target": "457.xyz", "model": "14.xyz", "model_rescale": 3.9786697098870705, "target_rescale": 4.066407923118475},
{"mapping": [3, 9, 5, 4, 0, 1, 11, 7, 6, 8, 2, 12], "R": [[-0.27838226774879593, -0.9597105086357253, -0.03819754726674868], [0.44870291012754426, -0.09478593652257752, -0.8886401547761676], [0.8492167046438213, -0.2645210121175551, 0.457011622064684]], "T": [-0.06939083870036294, -0.03454186898391138, -0.027052325438925853], "aligned_model": [[0.20595065645817745, -0.7094737832445477, 0.5432136807244983, 0.66631300107033, -0.13814134067420117, 0.3517894778383213, -0.5156415443406304, 0.04625840952350671, 0.44951498413664553, -0.03099226802737063, -0.39481182208929594, 0.009375145391902956], [-0.5095899822384761, 0.08583832435890898, 0.11964690348545567, -0.615997920528195, 0.4011754359015703, 0.6670220836334121, -0.2832250186422597, 0.12194786998904161, 0.12764276030068206, -0.6536337968541153, 0.5894486374908948, -0.0356008066724804], [-0.47607179556160584, -0.19651065658355468, -0.5960243770890485, -0.039299298465363675, -0.5654107107012563, 0.08335062075626695, 0.46802574386991225, 0.7184556122567562, 0.13570386014998567, 0.15220485810727405, 0.07179073793658206, -0.0962481008021183]], "inverted": false, "swapped": true, "error_lsq": 0.049509728836779926, "error_max": 0.27336898713241703, "target": "457.xyz", "model": "15.xyz", "model_rescale": 3.769337070930944, "target_rescale": 4.066407923118475},
{"mapping": [8, 4, 11, 7, 10, 3, 9, 5, 2, 1, 12], "R": [[-0.5742814278278701, 0.7159319953452228, -0.3970418361999035], [0.7809336884232858, 0.6246053484121186, -0.003276128901359948], [0.24564896893246924, -0.31194476558516593, -0.9177946651002231]], "T": [0.02455728885693259, 0.10204240396622839, 0.024901908180993186], "aligned_model": [[-0.1658929509601787, -0.35751199926480065, -0.1787596874296318, -0.6704255822570324, 0.43427344016463415, 0.25609911443130806, 0.5010810018070964, 0.20355375931228398, 0.12335654351230882, -0.2667496885701879, 0.043602179945371], [-0.022407621773457204, -0.6759116388438402, 0.6391480761729925, 0.4237335178986726, 0.15362382892399642, -0.4854730511210373, 0.5760823531548358, -0.6354044844943684, 0.6004147986895569, 0.01921016289385999, 0.0030485561241308384], [-0.5793524260886808, -0.3333045049787125, -0.39493734672022285, 0.10951578565349473, -0.5277550167318206, -0.2980781321549428, -0.008638670367738445, 0.4082033830002741, 0.5217887999735186, 0.7930507960415765, 0.05372493959703101]], "inverted": false, "swapped": true, "error_lsq": 0.05354561359135051, "error_max": 0.29743686707232814, "target": "457.xyz", "model": "16.xyz", "model_rescale": 3.7852294659196426, "target_rescale": 4.066407923118475},
{"mapping": [11, 6, 10, 2, 1, 7, 5, 4, 3, 9, 8, 0, 12], "R": [[-0.5305630208417627, 0.4455802492725667, -0.7210832978050875], [0.8406216952935319, 0.16730331556082284, -0.5151356772775344], [-0.10889465697219286, -0.8794702053284995, -0.4633293770336123]], "T": [-0.07046849145069209, -0.05967898454526803, 0.05413194406754058], "aligned_model": [[-0.467720484963008, 0.11130371144220888, 0.5221203316212077, -0.668913884554921, -0.2537517330350229, -0.4245866156810524, 0.16913251676453608, 0.5328396849925903, -0.2700686728658104, 0.21528699609735782, -0.30888294885061257, 0.36418562988207825, -0.038588097308512655], [0.2376978118458662, -0.38613296389492635, 0.07690442638646784, -0.15576065491153535, -0.6184390030829912, -0.4716658478763505, -0.6639283160374015, -0.35922675314991187, 0.00899371624274449, 0.7231178361289263, 0.5420214685600633, 0.26738300410638616, -0.0026460759265378372], [-0.4859513541855253, -0.7507158064568796, -0.47448751632684666, 0.13609806586320572, 0.41252927843978815, -0.3889190504134655, -0.04427086490628177, 0.2733967694505785, 0.8209038781575201, -0.1757261086310561, 0.1270772831099354, 0.46626469710518004, -0.010511193977021167]], "inverted": false, "swapped": false, "error_lsq": 0.05195954985539881, "error_max": 0.27680058959671117, "target": "457.xyz", "model": "17.xyz", "model_rescale": 3.901054581598922, "target_rescale": 4.066407923118475},
{"mapping": [4, 1, 6, 5, 2, 8, 0, 7, 13, 11, 9, 12, 14], "R": [[-0.9399834996410743, 0.08965786487119026, 0.3292301439255796], [-0.3341218833936181, -0.046072507435930776, -0.9414031501413556], [-0.0692357381705427, -0.9949064234013698, 0.07326405144867826]], "T": [-0.0817069192397326, -0.044736999882563286, -0.034789650013961546], "aligned_model": [[-0.3570792956560671, 0.2463322573814381, 0.45477882512292656, -0.6574365744071312, -0.45838792627671787, -0.5704897731346215, 0.24576459846419985, 0.5751048962074928, -0.2947652816166651, 0.3046621804565385, -0.33576776943380104, 0.39348589131437045, -0.06384559488092291], [-0.009386700891537966, -0.4149505321587416, 0.23696620893193765, 0.0029264967142032666, -0.6445234756312253, -0.4026288515291616, -0.7264347128377164, -0.13483240617156844, -0.026197460411780525, 0.6531318115962689, 0.4666918873029645, 0.20410044630154334, -0.006544062824386174], [-0.7753937146651583, -0.5257252756891978, -0.4781316100283481, 0.20259106160477658, 0.3919487996653598, -0.30575643100973193, 0.024835443226064784, -0.04736266285031834, 0.6593030080642304, -0.014076618084980841, 0.2939704434966919, 0.47925978559654, 0.0002258479032036867]], "inverted": true, "swapped": false, "error_lsq": 0.049246802170014356, "error_max": 0.32320086975656886, "target": "457.xyz", "model": "18.xyz", "model_rescale": 3.9405287249114394, "target_rescale": 4.066407923118475},
{"mapping": [13, 11, 9, 12, 3, 14, 10, 5, 1, 7, 4, 8, 15], "R": [[-0.4509033929358476, -0.46841755559429576, 0.7597836033042602], [0.85682379710154, -0.46564886219916624, 0.22141390618730528], [0.25007820968536926, 0.7508369535016819, 0.6113139604956471]], "T": [-0.07351447107083758, -0.01841433267535582, 0.08024562429614146], "aligned_model": [[-0.26750222998442896, 0.19960765094134875, 0.45025510704923727, -0.6167278371659899, -0.5735730536017336, -0.5009028748369093, 0.0029443409768434015, 0.7473062834182582, -0.18054381626541866, 0.13591684934514514, -0.36700097681890853, 0.5067348163481973, -0.05415782586460111], [0.08888842446555047, -0.3526744244877918, 0.21657085213661414, 0.0018467148071677347, -0.6489896791286468, -0.47507473459718835, -0.7857409235346791, -0.15058888053939595, -0.2441045838275791, 0.6051500642180866, 0.6262084573373419, 0.36965897794539, -0.05283161640406989], [-0.5539347231395141, -0.49671858550280124, -0.42912382797925575, 0.14842033412227548, 0.35907306440286424, -0.37641551015594327, -0.07229286254240053, 0.08701471993407983, 0.6910877100936936, -0.17061591898436623, 0.2618830602946464, 0.3717623915146213, 0.08554822517123248]], "inverted": true, "swapped": false, "error_lsq": 0.04386251278100506, "error_max": 0.2385955807683882, "target": "457.xyz", "model": "19.xyz", "model_rescale": 4.410303926677745, "target_rescale": 4.066407923118475},
{"mapping": [8, 11, 12, 5, 3, 10, 6, 4, 0, 7, 1, 2, 13], "R": [[0.5040155931275476, 0.8354249784517537, -0.21916520541174622], [0.8199925207851745, -0.5425460434008893, -0.18236243211367642], [-0.27125734596626366, -0.08780031986802157, -0.9584938998712571]], "T": [-0.026824941547683258, -0.07371087167730432, 0.011756727946173441], "aligned_model": [[-0.44904591549650635, 0.36261294995239984, 0.4147496259574736, -0.8525358328952235, -0.399995248944039, -0.5379231132426717, 0.18429194692390943, 0.6463113611260645, -0.06772415930338735, 0.12568220368519642, -0.2922498772078969, 0.4260233368572199, -0.07784084387149934], [0.3424404592360537, -0.59944441889501, 0.2139863494294741, -0.08916936778383311, -0.5157693062920482, -0.4991352146648363, -0.5889655980233576, -0.27664404723077524, -0.09918961466206505, 0.6135503824137472, 0.5451576375732259, 0.20651347628619848, -0.05501208899597428], [-0.47773801190710474, -0.49723805639600194, -0.5294614790541456, -0.11875488753902122, 0.4491249455455758, -0.4708681784675944, 0.174385291115948, 0.04002401109017095, 0.7264856696895667, -0.09438800456479479, 0.3429232464231965, 0.405471700112888, -0.044278168819551364]], "inverted": false, "swapped": false, "error_lsq": 0.05170122920972593, "error_max": 0.37253040047043157, "target": "457.xyz", "model": "20.xyz", "model_rescale": 4.121658175737393, "target_rescale": 4.066407923118475},
{"mapping": [8, 10, 9, 1, 2, 6, 4, 11, 3, 5, 0, 7, 12], "R": [[-0.44759830863989736, 0.21316490058900284, 0.8684563772922529], [0.3879079618527024, 0.9213252122435092, -0.02621576654868471], [-0.8057190374032288, 0.3251470105065296, -0.49507196883350324]], "T": [-0.05295924677957629, -0.0686655952572022, -0.0874420699550383], "aligned_model": [[-0.1865590690102845, 0.17733050716285287, 0.4908494075493127, -0.7088679878631462, -0.4643813495510765, -0.44131148727482533, 0.10983604811147599, 0.7673657272448594, -0.01442940002684099, -0.20321277791957412, -0.4180615566497504, 0.41668412158089496, -0.042885749812858504], [0.28225339420562345, -0.6999597812601057, 0.003971824673871249, -0.01077509300398849, -0.6283505924548383, -0.33412953104253595, -0.5400944310706163, -0.2616870815375263, 0.005702697641413887, 0.5953884807668324, 0.46830837555973504, 0.31137989799277443, 0.00631048792016041], [-0.6466469098847399, -0.483809729603325, -0.5582486415780368, 0.1334816252713446, 0.21865626632282725, -0.5361467592238155, 0.1960789110179081, 0.16628740402644876, 0.6022140116309476, -0.06847919879659646, 0.6645705552656099, 0.23164818265791198, -0.013917639877352492]], "inverted": true, "swapped": false, "error_lsq": 0.06203502380902134, "error_max": 0.33319474317440473, "target": "457.xyz", "model": "21.xyz", "model_rescale": 4.08911054899281, "target_rescale": 4.066407923118475},
{"mapping": [10, 9, 5, 13, 3, 12, 14, 15, 4, 6, 0, 1, 16], "R": [[-0.780882047138395, 0.3337058969946878, 0.5280753760287638], [-0.5816461432418222, -0.08008651563290337, -0.8094899097985685], [-0.2278398395998012, -0.9392691437094864, 0.25663687023961557]], "T": [0.06230997972938996, -0.001500719084206438, 0.010396629809653666], "aligned_model": [[-0.20203756145382218, 0.17158007253177202, 0.3784709847116537, -0.5660249052402418, -0.3776906514903618, -0.42719051965209676, 0.007450671580454378, 0.5888330474646366, -0.29513236003592846, -0.08400799222278468, -0.2839957805705078, 0.5484251586180969, 0.023676269300169563], [0.16567897830306894, -0.38307488043179827, 0.11445347524386013, -0.16637964790563403, -0.6361406705819205, -0.4115580559865639, -0.6401310369927277, -0.4409720429021199, -0.03204912385958605, 0.7046210172417915, 0.5554972286756289, 0.3562984954104512, 0.012074912176349248], [-0.7334492786060786, -0.5812188008320424, -0.6095436073862408, 0.13180576121720572, 0.4077760452096928, -0.36002441115846756, -0.020657505253891234, 0.2576726548880444, 0.6083882305671671, -0.17814321511212755, 0.42259197761663203, 0.5258286197239834, 0.03466160635525445]], "inverted": false, "swapped": false, "error_lsq": 0.04120497974132349, "error_max": 0.18236732532872635, "target": "457.xyz", "model": "22.xyz", "model_rescale": 4.204369325754507, "target_rescale": 4.066407923118475},
{"mapping": [13, 11, 9, 12, 3, 14, 10, 5, 1, 7, 4, 8, 15], "R": [[-0.4509033929358476, -0.46841755559429576, 0.7597836033042602], [0.85682379710154, -0.46564886219916624, 0.22141390618730528], [0.25007820968536926, 0.7508369535016819, 0.6113139604956471]], "T": [-0.07351447107083758, -0.01841433267535582, 0.08024562429614146], "aligned_model": [[-0.26750222998442896, 0.19960765094134875, 0.45025510704923727, -0.6167278371659899, -0.5735730536017336, -0.5009028748369093, 0.0029443409768434015, 0.7473062834182582, -0.18054381626541866, 0.13591684934514514, -0.36700097681890853, 0.5067348163481973, -0.05415782586460111], [0.08888842446555047, -0.3526744244877918, 0.21657085213661414, 0.0018467148071677347, -0.6489896791286468, -0.47507473459718835, -0.7857409235346791, -0.15058888053939595, -0.2441045838275791, 0.6051500642180866, 0.6262084573373419, 0.36965897794539, -0.05283161640406989], [-0.5539347231395141, -0.49671858550280124, -0.42912382797925575, 0.14842033412227548, 0.35907306440286424, -0.37641551015594327, -0.07229286254240053, 0.08701471993407983, 0.6910877100936936, -0.17061591898436623, 0.2618830602946464, 0.3717623915146213, 0.08554822517123248]], "inverted": true, "swapped": false, "error_lsq": 0.04386251278100506, "error_max": 0.2385955807683882, "target": "457.xyz", "model": "23.xyz", "model_rescale": 4.410303926677745, "target_rescale": 4.066407923118475},
{"mapping": [14, 9, 15, 7, 1, 11, 10, 4, 0, 6, 12, 5, 16], "R": [[-0.5495952530958009, -0.6860688665711737, 0.4767122487374411], [-0.6880959010937929, 0.695342852161878, 0.20741829438433418], [-0.473781688831981, -0.21402763435858035, -0.8542383057779522]], "T": [-0.04017785985046415, -0.09143819681299659, -0.02021413609192251], "aligned_model": [[-0.18871565908731525, 0.1783882295202059, 0.4124518059180912, -0.6653039909836427, -0.510303363608945, -0.4320565255251385, 0.14466599205648933, 0.5460367958985152, -0.19184861920072363, 0.010296669858550024, -0.17374804902626656, 0.3894172261934272, -0.03692407847220779], [0.1489405886886096, -0.33710773218807155, 0.2063122718251773, -0.0682037606545243, -0.7010688663620386, -0.4232342875849318, -0.7087395948323315, -0.2869310572729219, 0.03122962532644394, 0.6438244843077808, 0.5530422322675529, 0.3031168886069847, -0.1628621437369298], [-0.6352788088648605, -0.5534076540515759, -0.4847410297447476, 0.20474892272698664, 0.35882122773493585, -0.3904356267542845, -0.11271105869581192, 0.2831326817345586, 0.7093983619204471, -0.20659868846023835, 0.44128322671678205, 0.2151077286892862, 0.07636879427765443]], "inverted": false, "swapped": false, "error_lsq": 0.04165351263968821, "error_max": 0.2536024549973429, "target": "457.xyz", "model": "24.xyz", "model_rescale": 4.28219845311461, "target_rescale": 4.066407923118475},
{"mapping": [9, 5, 11, 4, 0, 3, 1, 10, 2, 12, 13, 14, 15], "R": [[-0.7122850436121956, 0.2597950125581482, 0.6520403117110816], [0.7001938821491783, 0.19845596528810805, 0.6858161249507246], [0.04877031932677245, 0.9450512056452163, -0.3232640942964246]], "T": [-0.07426727809944525, -0.05400282978165866, -0.006601022683926542], "aligned_model": [[-0.16234347320034442, 0.29699409948058764, 0.37374780419862574, -0.7466187260116758, -0.3050423554278321, -0.5881130679017791, -0.17885312100965736, 0.7034740464431264, -0.16034136376839736, 0.20812468632897338, -0.30458590987949163, 0.44607446411357643, -0.10016064982467222], [0.20277623976515818, -0.4670502355957651, 0.15653780273005657, -0.2548919019218937, -0.5868943361909067, -0.4154732141665754, -0.6603313594965872, -0.15685499436398803, 0.0754382273034099, 0.6477256652162853, 0.4668555213765488, 0.28967983418710364, -0.09919860045204651], [-0.6256169975812541, -0.6522305689267813, -0.23338770514922025, 0.19891219881453218, 0.5663943334200872, -0.4597533264128835, -0.18353297107981273, 0.11275006934029425, 0.6601945148722821, -0.1172888628796931, 0.16244442333792114, 0.4307447474941799, 0.046058221979480396]], "inverted": false, "swapped": false, "error_lsq": 0.04584309388198593, "error_max": 0.28448208503933087, "target": "457.xyz", "model": "25.xyz", "model_rescale": 4.100010024507729, "target_rescale": 4.066407923118475},
{"mapping": [1, 2, 9, 11, 5, 3, 0, 8, 7, 4, 6, 12], "R": [[-0.061066757235662905, -0.6427993451370169, -0.7635966559985339], [0.920188587504875, 0.2601191593916996, -0.292559372338572], [0.38668309322558214, -0.7205185804743541, 0.5756119878917725]], "T": [0.08821348909665655, 0.023704916524524756, 0.014734933445664615], "aligned_model": [[-0.6651540577913817, -0.11753480320776033, 0.38780034638136845, 0.6754559833106326, -0.559099045770417, 0.14028766341529972, -0.30072199032215385, 0.5449739804468685, 0.07215667435834244, 0.011613854327162443, -0.3337830780850904, 0.020770075300136137], [-0.28664767745189335, -0.5989610738218106, -0.27282607444784096, -0.32243826595455605, 0.5561635328444136, 0.7277808392286249, 0.018931747798595112, 0.34022574682069445, -0.4521273412624478, 0.7716038567479077, 0.08101540817870934, 0.10341069137024334], [-0.1190270039216409, 0.2885736167206791, 0.5393593506958988, -0.1887753761988392, 0.1570794958461951, 0.08305410242126088, 0.5918938041131441, -0.3140002498962267, -0.591046969004095, -0.5458727183439281, -0.36035317317858323, 0.024307410600491866]], "inverted": true, "swapped": true, "error_lsq": 0.04077674060427068, "error_max": 0.20706515042189985, "target": "457.xyz", "model": "26.xyz", "model_rescale": 3.6694154284099745, "target_rescale": 4.066407923118475},
{"mapping": [7, 8, 5, 12, 11, 9, 10, 4, 2, 1, 6, 0, 13], "R": [[-0.8954074491437152, 0.3011647896200589, -0.32794095430587944], [0.14963644341435134, -0.490151368620374, -0.8586970191178481], [-0.4193500146896967, -0.8179556255278645, 0.3938199586702929]], "T": [-0.05406011086168969, -0.07884911892256805, -0.08698020555506135], "aligned_model": [[-0.17807050089369678, 0.2584480745431962, 0.48035038760678994, -0.7675262355053002, -0.5097472716118314, -0.5122250447442832, 0.04891452921431957, 0.6472614831067126, -0.030830196101953, 0.049349722921062426, -0.38021562557714333, 0.4267167663652991, -0.05006965578213261], [0.15860377396942718, -0.45310115927603056, 0.39001551780925836, -0.07461861583657378, -0.5679486306827694, -0.48851915426232706, -0.6567837940664197, -0.4267056252823961, -0.07778251205059722, 0.7979371322208316, 0.4279089426095257, 0.24747859086423626, -0.07816581762536577], [-0.6565116546777378, -0.5000555458699547, -0.43418313075897397, 0.2604115116563841, 0.450891850205971, -0.3821392999015377, 0.044467330215768555, 0.16336843715282434, 0.5924231206167486, -0.07287595872384493, 0.2416674463418047, 0.2281343185188151, -0.02991034754713541]], "inverted": false, "swapped": false, "error_lsq": 0.03807407575419789, "error_max": 0.24738483609223327, "target": "457.xyz", "model": "27.xyz", "model_rescale": 4.103607728864725, "target_rescale": 4.066407923118475},
{"mapping": [3, 12, 2, 6, 11, 10, 13, 4, 7, 0, 5, 1, 14], "R": [[0.7621375964545969, 0.11275529352818751, -0.6375206097466829], [-0.601431309494128, 0.48779767365364585, -0.632719376610413], [0.2396386113100068, 0.8656440800695534, 0.439583510393586]], "T": [-0.18800760169517908, -0.1374594051171289, -0.02884839079483366], "aligned_model": [[-0.017603583543061047, 0.23763245447395173, 0.46379602269114684, -0.7277640398898104, -0.43176279003264273, -0.5805718329258572, 0.13291572364741747, 0.6856091260119801, -0.12935556582190727, -0.01722709731524877, -0.4263303396065411, 0.3753830591087489, -0.08236470325713677], [0.20396666830105653, -0.44605077039997026, 0.023181446177554632, -0.10070968489111454, -0.6438436066796762, -0.24170569128883865, -0.7000995140823816, -0.3200627970646689, 0.018988972072166016, 0.5413022252133224, 0.4033144389805264, 0.4836692614305204, -0.023632299377696467], [-0.6753169202335537, -0.707741260828057, -0.32995843440721445, 0.30066596146106456, 0.36639796532463326, -0.33674660852826716, -0.011047829334035503, 0.12945227709385793, 0.6726963971739316, -0.16959074226208426, 0.40232017544828413, 0.28682703584861174, -0.0222699395280389]], "inverted": false, "swapped": false, "error_lsq": 0.046705376835192255, "error_max": 0.26363833503746004, "target": "457.xyz", "model": "28.xyz", "model_rescale": 4.137296879288765, "target_rescale": 4.066407923118475},
