[{"mapping": [5, 6, 7, 1, 2, 8, 0, 4, 10, 9, 3, 11], "R": [[-0.11465239136874213, 0.061028367909689796, 0.991529307415423], [0.7767394052831937, 0.6277393111473515, 0.05117864320748322], [-0.6192985753525833, 0.7760276383934583, -0.11937495137478707]], "T": [-0.025645910490378045, 0.04607792374268348, 0.0017328615633656064], "aligned_model": [[0.010320216432690293, 0.45349810498534354, 0.6519866689855977, -0.12065413736414837, -0.6770675012711398, -0.0999559201121396, -0.4856153212597324, -0.666201535282185, 0.4005828307089399, 0.43492360526909063, -0.01032545353376832, -0.05797730692466657], [-0.7813403683083531, 0.24501167633991316, -0.5159408604982912, -0.21696260422547864, 0.16421263470520198, 0.6230127205288851, -0.36636647146625706, 0.18045408075566471, -0.2618819939320368, 0.41484807756149017, 0.37206609357973863, -0.01509606357812552], [-0.05091445767900223, -0.5042324158681418, -0.3469106286369314, -0.6491616590707289, -0.4570092737554724, -0.25268363440041386, -0.03157113247226824, 0.47499812198032976, 0.43214091823318335, 0.14747482269161172, 0.6079749844085645, -0.004951446028652863]], "inverted": false, "swapped": false, "error_lsq": 0.05460537473132082, "error_max": 0.27476555745873377, "target": "458.xyz", "model": "0.xyz", "model_rescale": 3.751011558992144, "target_rescale": 3.8117905130991616},
{"mapping": [1, 12, 0, 7, 6, 11, 4, 10, 8, 13, 5, 14], "R": [[0.1612786852560606, -0.7538148160545335, 0.6369869769302563], [-0.25177267559118793, -0.6555063717861347, -0.7119844916663796], [0.9542534807417427, -0.04554799275981464, -0.29550917895696727]], "T": [0.06333962112021263, -0.004427061226108279, 0.015749795645645097], "aligned_model": [[-0.09629060738363099, 0.3086288072342489, 0.5289197233496344, 0.10299685429577848, -0.46429864443737245, -0.3559033383018924, -0.5376557771160959, -0.6213545559522126, 0.07659985278832328, 0.5990785137676775, 0.22575354480465215, 0.06703987758477149], [-0.6165530697764295, 0.4813446520001118, -0.5209715741080136, -0.11999818204738942, -0.08746148886601689, 0.5340654332847693, -0.4184045552023222, 0.30595958351064434, -0.42490544717572853, 0.45071802566471, 0.2120744936642695, 0.04614905051374694], [-0.27666342095014945, -0.4900507202516678, -0.28743571376917126, -0.6359768676774202, -0.5119138186163553, -0.39776219119043676, 0.32071067131621867, 0.34332843167222793, 0.5290141966566476, 0.19831207840031656, 0.5786306366049854, -0.0050390827931177905]], "inverted": true, "swapped": false, "error_lsq": 0.05778214742951634, "error_max": 0.30359610638263057, "target": "458.xyz", "model": "1.xyz", "model_rescale": 3.9405287249114394, "target_rescale": 3.8117905130991616},
{"mapping": [9, 0, 11, 5, 2, 1, 8, 4, 3, 6, 7, 12], "R": [[0.1497527370747247, -0.3483508208598399, -0.9253247123820397], [-0.4275101217044104, -0.8666840196745993, 0.25708735068252514], [-0.8915207308744476, 0.3570861459745465, -0.27871180594681716]], "T": [-0.004412445251610133, -0.016878744512740178, -0.004649855053358708], "aligned_model": [[-0.1337998531525554, 0.41038506475399417, 0.5200265726352278, 0.08667374628973692, -0.36362381111957703, -0.3167773806083751, -0.508971947685956, -0.5589625498118462, 0.07983555717048554, 0.5060105520606017, 0.19008560978380792, -0.07736730968166214], [-0.7920878934610087, 0.4467257568489885, -0.42852265984598314, -0.20832854792700464, 0.10310018733057025, 0.6995505859699065, -0.5610691917886341, 0.12609280750323704, -0.14932585832236756, 0.15893286518915228, 0.44949023064834825, -0.002541360682853539], [-0.18545577628835347, -0.5667387094938046, -0.25590130783361537, -0.6997229151412043, -0.5709906341489654, -0.13264787824909738, 0.21888143069123292, 0.39998459569099454, 0.5450407076273895, 0.05791479229856864, 0.6065623329393031, -0.051772438690370785]], "inverted": true, "swapped": false, "error_lsq": 0.04361243167900327, "error_max": 0.21651483932167884, "target": "458.xyz", "model": "2.xyz", "model_rescale": 3.932901565614263, "target_rescale": 3.8117905130991616},
{"mapping": [1, 8, 11, 3, 0, 7, 2, 4, 10, 9, 5, 13], "R": [[0.34909177015635673, 0.3682235002303125, 0.8617113147030384], [-0.8576306671524165, -0.24502512732717707, 0.4521419309663749], [0.377630209025712, -0.8968690767645177, 0.2302635107322899]], "T": [0.022364037919093853, -0.03048741997493519, -0.06289313860866508], "aligned_model": [[-0.21948396986947694, 0.5090817172547963, 0.7632877579840963, -0.0022956591470238916, -0.5692502171338453, -0.1326233645693047, -0.6684180604565276, -0.751334231408591, 0.4005071746324376, 0.45237521497296007, -0.012035991894620353, 0.06370388026898116], [-0.7267035835001141, 0.27428905326351194, -0.425725295000128, -0.052926261226504456, -0.15868687338168214, 0.6574417023437735, -0.36267227944544744, 0.2715235543497287, -0.5143813227503167, 0.5310240082602433, 0.377799266605262, -0.02896504805597541], [-0.1374666975094873, -0.5200626121240249, -0.3670769014199576, -0.5723770694888385, -0.35013485303638237, -0.1745845665825823, 0.2637154419286949, 0.20804368791107591, 0.30588850317226146, 0.13607480594242066, 0.5277999332694858, 0.04533452733941175]], "inverted": false, "swapped": false, "error_lsq": 0.0644192681262858, "error_max": 0.3338044827976102, "target": "458.xyz", "model": "3.xyz", "model_rescale": 3.9243930471874484, "target_rescale": 3.8117905130991616},
{"mapping": [4, 6, 10, 3, 0, 5, 7, 1, 8, 11, 9, 12], "R": [[0.08438326516260886, -0.1359003651888218, -0.9871223608560604], [0.9437387307781782, 0.32879083729929176, 0.03540894431107247], [0.3197446990798922, -0.9345735262939862, 0.1559988825624519]], "T": [0.038060350794869954, -0.0534595679394596, -0.02730704629705642], "aligned_model": [[-0.08310369358552998, 0.32316892052625956, 0.6677968793453387, -0.0015496666190580322, -0.6485787210925446, -0.23607678852670938, -0.576162490303527, -0.563496910458454, 0.17766053022467937, 0.6205485103026162, 0.18625553789014043, -0.032947857069329844], [-0.6265063274053283, 0.3330299220504863, -0.3571460827354173, -0.23469453757873918, 0.16319119306659446, 0.6043638504151002, -0.5011964319773227, 0.21293888487073392, -0.4386139944770441, 0.4568000397972338, 0.19688661261755158, 0.032963792818502376], [-0.12376405876959733, -0.5666172467658995, -0.11859847447737205, -0.6742524092644339, -0.4799786558261718, -0.2837057180638697, 0.22799818468486152, 0.2507595388156109, 0.45071411070114276, 0.13540975717816092, 0.6153844568202549, -0.06819528563060903]], "inverted": true, "swapped": false, "error_lsq": 0.04690430071713475, "error_max": 0.2191458046015811, "target": "458.xyz", "model": "4.xyz", "model_rescale": 3.8936222436046832, "target_rescale": 3.8117905130991616},
{"mapping": [2, 8, 0, 3, 10, 7, 4, 5, 1, 9, 6, 11], "R": [[0.5284447023427292, -0.83928882144081, -0.127829850858088], [0.4058838388835883, 0.11751632458384605, 0.906337808319517], [-0.7456570967267904, -0.5308334839295659, 0.4027546479436004]], "T": [0.001738771139773887, 0.05172358930740987, -0.11519778858508321], "aligned_model": [[-0.17042250786353846, 0.2549667471955866, 0.6307082295594764, 0.292927930588487, -0.4279967055903646, -0.3762239613232588, -0.6807688802784055, -0.45584238015355594, 0.2091027606346361, 0.585761027783235, 0.06632386967156577, -0.09502187958998155], [-0.6587911814332807, 0.4917416831079256, -0.5704440031595754, -0.17946159765939215, -0.003530371488748983, 0.5778669904799064, -0.31826897226302614, 0.11541970756443706, -0.3901500690638362, 0.23056118238633702, 0.5335596318928547, 0.013513921098750319], [-0.2658222205188503, -0.6519682195904257, -0.1200161115384039, -0.5534263990931894, -0.5753519142222676, -0.10714659862517358, 0.05187527640457658, 0.5509351947950532, 0.5210856490898528, -0.020482093644523636, 0.5158897023549223, 0.019581933990507214]], "inverted": false, "swapped": false, "error_lsq": 0.05322552368750067, "error_max": 0.24118794967429832, "target": "458.xyz", "model": "5.xyz", "model_rescale": 3.6523030999806103, "target_rescale": 3.8117905130991616},
{"mapping": [11, 2, 10, 4, 3, 1, 7, 5, 9, 6, 8, 12], "R": [[0.31468535180676294, -0.9095482647342767, 0.27146838393654626], [0.5382512288399954, -0.06457811615388534, -0.8403066592418809], [0.7818303805880715, 0.41055038793415055, 0.4692436839816065]], "T": [-0.019780074029785995, 0.03810459436602391, -0.016873163041373276], "aligned_model": [[-0.13488246211490562, 0.21634121050199956, 0.684864861165103, 0.11112954758428209, -0.5488696896429429, -0.14775797134349167, -0.5592075992247056, -0.4980088774716303, 0.19575691228000658, 0.5173696160641763, 0.12203362951867847, -0.12525492668268823], [-0.8123485478687751, 0.3354090259842378, -0.28143588660635555, -0.21388930629430725, -0.013750399049954523, 0.6851939052807601, -0.3714651414983712, 0.29905761804723, -0.4666030349658174, 0.3922888130716965, 0.2513697838981294, 0.03819009146387813], [-0.2119369891625642, -0.6741923002497375, -0.11708512835053332, -0.5153642330975681, -0.4641045810523738, -0.23429429240210753, 0.07306368270739541, 0.39191071748348555, 0.45374015127024575, 0.07612259881862803, 0.6061115358768218, -0.01881696243961458]], "inverted": true, "swapped": false, "error_lsq": 0.04574568103778151, "error_max": 0.25156362097949775, "target": "458.xyz", "model": "6.xyz", "model_rescale": 4.08911054899281, "target_rescale": 3.8117905130991616},
{"mapping": [4, 2, 3, 6, 7, 13, 5, 12, 8, 1, 11, 14], "R": [[-0.2489947587045895, -0.9609103298604983, -0.12104936226610938], [0.7981932992005257, -0.2743883052163587, 0.536282122648028], [-0.5485335607317235, 0.03691064789302531, 0.835313436275925]], "T": [0.02007844958362273, -0.02494765637799786, 0.02192524676743355], "aligned_model": [[-0.07302987544062842, 0.15908393023685488, 0.5631313344416412, 0.1364689389230339, -0.46702927975248354, -0.25128239296655086, -0.6365458850444017, -0.5616368663553557, 0.25677968676278273, 0.5177541941282405, 0.037905607195882096, 0.15191485850486652], [-0.721451242302391, 0.3968567793426537, -0.5540612094764356, -0.19132810117366042, 0.059211562444146056, 0.6504572351445559, -0.4093337345683997, 0.27400700758586666, -0.49090620285315895, 0.5089025320063321, 0.2971383727876504, 0.02252392252519203], [-0.03341989130173025, -0.6510517496046573, -0.20519553264454343, -0.4340503754256891, -0.5738366607474059, -0.0560878802657185, -0.01798785447808033, 0.3051836413605411, 0.4601080060923459, -0.0506618630343128, 0.5123065731094238, 0.10984778634190404]], "inverted": false, "swapped": false, "error_lsq": 0.05324126538803912, "error_max": 0.24469592906147974, "target": "458.xyz", "model": "7.xyz", "model_rescale": 3.964800864290218, "target_rescale": 3.8117905130991616},
{"mapping": [12, 10, 11, 9, 8, 5, 7, 1, 4, 6, 0, 13], "R": [[0.5958736274469645, -0.7953185096514481, -0.11136915335493894], [0.7973913224826883, 0.5694627647479045, 0.1996978677777563], [-0.09540282460444019, -0.207799489343628, 0.97350792153224]], "T": [0.01702009297582358, 0.04079891882885068, 0.08519834283345881], "aligned_model": [[-0.09545048860374691, 0.2506922507156504, 0.6513229472683519, 0.014053520392049549, -0.5104475454306353, -0.24697915413939114, -0.5759018156257409, -0.6600856010765866, 0.4360982605972406, 0.5708598395692953, 0.016409066358173425, -0.0170570293907782], [-0.6638860059459822, 0.3773239397675321, -0.35473640275832635, -0.22233857268019586, 0.04045978537593419, 0.6743705659086741, -0.3469608058256947, 0.22279981959300554, -0.4449736237263503, 0.09813474878496473, 0.40989939921693364, 0.051924073751856155], [-0.1626815925441563, -0.6270391498518568, -0.2730543932439651, -0.5508885905318209, -0.47411852337897264, -0.3922554125267228, 0.15547758015019322, 0.3526370131398209, 0.37414802934717206, 0.24792498747121092, 0.6991395733649342, 0.015864678006241112]], "inverted": true, "swapped": false, "error_lsq": 0.05127311274737532, "error_max": 0.3044531738462102, "target": "458.xyz", "model": "8.xyz", "model_rescale": 4.121658175737393, "target_rescale": 3.8117905130991616},
{"mapping": [9, 8, 7, 6, 1, 2, 4, 0, 5, 11, 10, 12], "R": [[0.5876084090699492, 0.30582208399182487, 0.7491256306743087], [0.4293492533625718, 0.6668906180608944, -0.6090288352609919], [-0.6858393224562774, 0.6795069951702156, 0.2605660516787615]], "T": [0.05758231924031835, 0.049822482983971385, -0.03688884092364047], "aligned_model": [[0.055895303878960835, 0.3808335980874876, 0.6406891052385116, -0.04834378563863576, -0.5913405834382951, -0.22825741759117155, -0.6406651267367673, -0.5785329577266486, 0.03469921623071876, 0.6098329793480064, 0.22445629330765132, -0.025752374325936238], [-0.7521765370733721, 0.27132539700364405, -0.28772542805410295, -0.21255667179423507, 0.11029276248331868, 0.622447410535331, -0.49045561348435196, 0.19511103719352607, -0.29635491043687234, 0.3506409468268695, 0.2791739576489618, 0.052294570613634565], [-0.2604610727440939, -0.6508908014512618, -0.07236833063099932, -0.6694383564060411, -0.26088466095152485, -0.30659755056014926, 0.05626694462812496, 0.40251169793266817, 0.4743405421880689, 0.050056744216295045, 0.6674064156579542, -0.06478737247696303]], "inverted": false, "swapped": false, "error_lsq": 0.044870918008007084, "error_max": 0.2742406999326687, "target": "458.xyz", "model": "9.xyz", "model_rescale": 3.833441315466971, "target_rescale": 3.8117905130991616},
{"mapping": [12, 4, 1, 6, 7, 3, 11, 8, 0, 5, 13, 14], "R": [[0.4683428761107409, 0.8086088699794535, 0.35609920778747955], [0.8641015477863955, -0.33509700411863225, -0.37555094587002863], [-0.1843460482610761, 0.48359248672954874, -0.855660470788067]], "T": [-0.06921394869769351, -0.04369803623739969, -0.012007246279268767], "aligned_model": [[-0.046870387542352204, 0.3045776581047108, 0.5608800121180786, 0.19933591823446903, -0.6282674409842787, -0.2644701327473969, -0.6618298091994455, -0.6618708268766433, 0.3670228723971678, 0.5032114113436501, 0.27933261589657044, -0.11753764011064805], [-0.6228452241341459, 0.3429877015162908, -0.4243053792508873, -0.24066296476667914, 0.08497469124948805, 0.6997082350728177, -0.37993927242459147, 0.07092327880329515, -0.2991222295225158, 0.2993614523928046, 0.27358974326711144, 0.03734688925936318], [-0.1766564410448707, -0.6007912091996251, -0.07306937776459152, -0.603881687309703, -0.35085307957971557, -0.41641296843787035, -0.044951957731150766, 0.4811247251667765, 0.44436856279628245, 0.09787721990832032, 0.6310559688880181, -0.02265555628979269]], "inverted": true, "swapped": false, "error_lsq": 0.0456050289062215, "error_max": 0.2196524953555286, "target": "458.xyz", "model": "10.xyz", "model_rescale": 4.2482417240324, "target_rescale": 3.8117905130991616},
{"mapping": [3, 9, 8, 7, 5, 4, 2, 6, 1, 10, 0, 11], "R": [[0.21985382755313698, 0.32908708145549126, 0.918349599732772], [0.7989229539850723, -0.6009509148624532, 0.024085504390540968], [0.5598092604682436, 0.7283952846807065, -0.39503658203881686]], "T": [-0.03113912957734474, -0.05560189156763749, -0.003905136871048924], "aligned_model": [[0.11505339068990517, 0.320387663531347, 0.5178355211937035, -0.03245646729130991, -0.5321245139283836, -0.2713477889293133, -0.5648381636927083, -0.5645575811224495, 0.12421810810614689, 0.509194723577835, 0.23759606963339389, -0.02544671113428536], [-0.8312710779365438, 0.33298127159171775, -0.32838704528897794, -0.2898876873821647, 0.25824737251870156, 0.7776339062683987, -0.5516277043256156, 0.2122604954918922, -0.3896478943262086, 0.29388468707166143, 0.3134778499763421, 0.04435274780314792], [-0.19108603009323194, -0.6400992433941247, -0.036660619997456866, -0.6392512450642548, -0.467260782591089, -0.12162295799053877, 0.12602184434067898, 0.24946541250864884, 0.5989414028872693, -0.03391881741786142, 0.6005789514396743, -0.07995371522563588]], "inverted": true, "swapped": false, "error_lsq": 0.048420567117835954, "error_max": 0.3104070726585186, "target": "458.xyz", "model": "11.xyz", "model_rescale": 3.6694154284099745, "target_rescale": 3.8117905130991616},
{"mapping": [7, 2, 9, 10, 12, 1, 5, 0, 6, 8, 4, 13], "R": [[-0.6444191968630211, -0.4647536267552692, -0.6072297465805201], [-0.35218538083270845, -0.5244758463149473, 0.7751712998814778], [-0.6787410082219425, 0.7133927060532955, 0.17430287062414473]], "T": [0.02238499722732168, -0.034907351319625766, -0.0030175305403909378], "aligned_model": [[0.01313941441292793, 0.16405944346377926, 0.673087535307737, 0.13140305876407377, -0.46154801843459936, -0.23938286309009615, -0.6086558266902715, -0.537367816986139, -0.08939763406865685, 0.7144876017380081, 0.1277496701465745, -0.05406031392945604], [-0.7541322714412314, 0.4170145516679177, -0.4602542473561359, -0.24122896761461737, 0.021453664906814003, 0.7634336996446618, -0.519695482682412, 0.21189774558045624, -0.3018973406088932, 0.22117595634365092, 0.44104847667031044, 0.043201136351830254], [-0.18955265308849506, -0.4524711079830757, -0.20389682727825928, -0.5938434272448545, -0.47672711717419625, -0.10598668976605216, 0.10346598328153725, 0.3664440987930359, 0.4828588142362756, -0.17038890108162089, 0.55379750630158, 0.05145452040620306]], "inverted": true, "swapped": false, "error_lsq": 0.0477586766957263, "error_max": 0.3080485002354621, "target": "458.xyz", "model": "12.xyz", "model_rescale": 3.9764082729961374, "target_rescale": 3.8117905130991616},
{"mapping": [7, 11, 3, 8, 1, 12, 0, 5, 4, 14, 6, 15], "R": [[-0.2055399250539145, 0.6847310288442069, 0.6992115254676409], [0.6090066103803639, -0.46978079404013867, 0.6390750770168062], [0.7660706806306133, 0.5571798844977903, -0.320447013699891]], "T": [-0.1136222392749349, 0.07635826451302093, -0.08387675920384356], "aligned_model": [[-0.04014089216160352, 0.4859854172765833, 0.5887751931899171, 0.12809481886845914, -0.506854050800844, -0.4395326572160221, -0.5700988297136489, -0.5779610917893376, -0.06820667028958141, 0.6442068073373433, 0.22954862704437015, -0.040302421111753445], [-0.674460327930311, 0.311970063950146, -0.3414241948400643, -0.17150947093917657, 0.11640833694517361, 0.6031717579726573, -0.4595001099462949, 0.15135574375411986, -0.3441970237517847, 0.2923865507007358, 0.3448422968622565, 0.012973298684893567], [-0.040223216497504946, -0.5480991594822093, -0.285220025386954, -0.7001456016523738, -0.580955538033947, -0.23705468690423948, 0.09386704070357264, 0.6100891722278132, 0.4965837453832221, 0.049670817534162956, 0.5436651808944929, -0.037023529383957685]], "inverted": false, "swapped": false, "error_lsq": 0.04881332041085859, "error_max": 0.24293139817105108, "target": "458.xyz", "model": "13.xyz", "model_rescale": 4.170626492500431, "target_rescale": 3.8117905130991616},
{"mapping": [12, 1, 8, 10, 11, 3, 5, 6, 4, 0, 2, 13], "R": [[0.8282771982351331, -0.4043162169536388, -0.38792432199084426], [-0.5474426447320262, -0.7315032434974682, -0.40645978335068833], [-0.11942961781971279, 0.5490276873355132, -0.8272273961411429]], "T": [0.08229507196730737, 0.04369121406542883, -0.10064704469437469], "aligned_model": [[-0.08718599889257006, 0.3816376224478176, 0.5534181400602536, 0.127798493837989, -0.5585379735762284, -0.2755667290669761, -0.6554579775391834, -0.6419260821833414, 0.23786204900021213, 0.596470225528719, 0.1727807351370707, -0.017778254119880543], [-0.6678292851456734, 0.595181786748511, -0.5303508265064865, -0.281541386813767, 0.028231237216156828, 0.6328089808426339, -0.44994567108917277, 0.1460768741189854, -0.36195737079264406, 0.33104035000150683, 0.37498755714818305, 0.02531467573411801], [-0.12749601131780136, -0.5445689472953339, -0.10931209931879654, -0.5594296717610954, -0.39856254947108516, -0.11932303617598417, 0.09750161645417543, 0.3146963837190133, 0.4599876597723638, -0.0062394599102559845, 0.4605902002003903, -0.10268988549351271]], "inverted": false, "swapped": false, "error_lsq": 0.03776622804565993, "error_max": 0.2177256798222398, "target": "458.xyz", "model": "14.xyz", "model_rescale": 3.9786697098870705, "target_rescale": 3.8117905130991616},
{"mapping": [5, 9, 2, 8, 7, 6, 5, 10, 4, 0, 1, 11], "R": [[0.28789247015827146, -0.6170766172146003, -0.732348533222505], [-0.7223592431431094, -0.6419957288948075, 0.25697978116291387], [-0.6287408444437845, 0.4550361881958517, -0.630576734395035]], "T": [0.037415878469036594, 0.0767593910156908, -0.09005880454353782], "aligned_model": [[-0.2700261361983716, 0.2606500058988301, 0.5946483691808531, 0.045244067812785664, -0.6027574244469653, -0.22942706210946162, -0.2700261361983716, -0.5226129258577739, 0.0846243315353008, 0.6944348092942283, 0.015403199513079967, 0.03335915220974795], [-0.6613581564709542, 0.4160334114607556, -0.5890746573026301, -0.2785107774281205, 0.10242625621729383, 0.8088508122430642, -0.6613581564709542, 0.09404421293080353, -0.29920619886125327, 0.20346854107447115, 0.5354997997154523, 0.17120183435442338], [-0.16300728937696618, -0.5617302277301932, -0.0921534792615803, -0.47209277278130984, -0.252525292334208, -0.23215977861697837, -0.16300728937696618, 0.5250752960821168, 0.3909151732127639, 0.09987934830482159, 0.4096859011647867, -0.123725389884209]], "inverted": false, "swapped": false, "error_lsq": 0.06330776038450768, "error_max": 0.4815198224874207, "target": "458.xyz", "model": "15.xyz", "model_rescale": 3.769337070930944, "target_rescale": 3.8117905130991616},
{"mapping": [9, 2, 5, 1, 10, 8, 7, 0, 4, 3, 11], "R": [[-0.6361543873831756, -0.2475650762430539, 0.7307661243092125], [-0.5236734432244793, 0.834106306655695, -0.17329972319254794], [-0.5666336737915905, -0.49292819175004243, -0.6602636424213276]], "T": [0.07788122922286392, 0.03803500251577948, -0.022873953453626156], "aligned_model": [[-0.29263447602312675, -0.40896969450853726, -0.10795135307541143, -0.7058583862073855, 0.29297261264028496, 0.3753320573239437, 0.6999589785962299, 0.20006821826156898, 0.07491487788318088, -0.2718243126060651, 0.06661760840648827], [0.01688908157541773, -0.6817016991680079, 0.8567323002868462, 0.2539082355448115, 0.1838782067921987, -0.3934963657694539, 0.38589248411875415, -0.5225662075731203, 0.45475817185543194, -0.07134982656862926, 0.11312011653109313], [-0.503352405374034, 0.006433001925952957, -0.06813293074128342, -0.04360679178437156, -0.7264490920224459, -0.2542925590149057, -0.005599832107541631, 0.4910861540867962, 0.5187323648159637, 0.3553832775785999, -0.025983580138953292]], "inverted": false, "swapped": true, "error_lsq": 0.05174123880344568, "error_max": 0.39892314755294445, "target": "458.xyz", "model": "16.xyz", "model_rescale": 3.7852294659196426, "target_rescale": 3.8117905130991616},
{"mapping": [2, 4, 3, 1, 5, 10, 7, 11, 8, 0, 9, 12], "R": [[0.11401955672171717, -0.5990527600148904, -0.7925498920595], [-0.26252128295434235, 0.7512295195099309, -0.6055879663706045], [0.958166017285621, 0.2771100859503679, -0.07160924230565789]], "T": [-0.028899510528568123, -0.03484408949003955, -0.06896951871389477], "aligned_model": [[-0.14150625594244293, 0.19068018083549007, 0.6261401530079327, 0.016664797973756446, -0.30122847003761877, -0.2951532650302593, -0.6723432320362974, -0.4819109876613866, 0.22024513656763597, 0.5726413499658282, 0.15436017573671937, -0.05507533274547581], [-0.6295042075010803, 0.37252223970513876, -0.47124799682212065, -0.4489695146179839, 0.08685010454425651, 0.7202729806849729, -0.2909868369762437, -0.1422558551580112, -0.14706214749671076, 0.2870851059121912, 0.47602708052372994, 0.02928596866421234], [0.01926928207498084, -0.6052755116583188, -0.1828556022440434, -0.6173108178154432, -0.6548333864437997, 0.021375507840964855, -0.17758846429395264, 0.4977538605597187, 0.522249529975327, -0.052927634720579424, 0.6038516466417678, -0.008554210514544233]], "inverted": false, "swapped": false, "error_lsq": 0.06665632395392135, "error_max": 0.35489574972834526, "target": "458.xyz", "model": "17.xyz", "model_rescale": 3.901054581598922, "target_rescale": 3.8117905130991616},
{"mapping": [1, 12, 0, 7, 6, 11, 4, 10, 8, 13, 5, 14], "R": [[0.1612786852560606, -0.7538148160545335, 0.6369869769302563], [-0.25177267559118793, -0.6555063717861347, -0.7119844916663796], [0.9542534807417427, -0.04554799275981464, -0.29550917895696727]], "T": [0.06333962112021263, -0.004427061226108279, 0.015749795645645097], "aligned_model": [[-0.09629060738363099, 0.3086288072342489, 0.5289197233496344, 0.10299685429577848, -0.46429864443737245, -0.3559033383018924, -0.5376557771160959, -0.6213545559522126, 0.07659985278832328, 0.5990785137676775, 0.22575354480465215, 0.06703987758477149], [-0.6165530697764295, 0.4813446520001118, -0.5209715741080136, -0.11999818204738942, -0.08746148886601689, 0.5340654332847693, -0.4184045552023222, 0.30595958351064434, -0.42490544717572853, 0.45071802566471, 0.2120744936642695, 0.04614905051374694], [-0.27666342095014945, -0.4900507202516678, -0.28743571376917126, -0.6359768676774202, -0.5119138186163553, -0.39776219119043676, 0.32071067131621867, 0.34332843167222793, 0.5290141966566476, 0.19831207840031656, 0.5786306366049854, -0.0050390827931177905]], "inverted": true, "swapped": false, "error_lsq": 0.05778214742951634, "error_max": 0.30359610638263057, "target": "458.xyz", "model": "18.xyz", "model_rescale": 3.9405287249114394, "target_rescale": 3.8117905130991616},
{"mapping": [14, 2, 3, 10, 11, 5, 13, 7, 12, 1, 0, 15], "R": [[-0.018828522158125083, 0.9892663402607329, 0.1449054684284784], [-0.05271708150195098, -0.1457118395624076, 0.9879215399662344], [0.99843196867451, 0.010962109216520799, 0.054894772886563775]], "T": [-0.07099657345484961, 0.024404537690000956, 0.1098233339362106], "aligned_model": [[-0.0980549114881886, 0.2792943744961868, 0.6123348553662409, 0.11777363298987348, -0.49347320004187045, -0.2896444699145408, -0.5760728297825923, -0.62788300237187, 0.16365174206015765, 0.5712255352739175, 0.23234457853795282, -0.057982054491385125], [-0.665783209377527, 0.45191306907651, -0.41498323576502294, -0.16984058697799198, -0.10386822071849375, 0.6874020030465516, -0.4184074177793943, 0.230669348190342, -0.3956170972670619, 0.17375531122365745, 0.4318186044424173, 0.03495835336836445], [-0.24038757711155959, -0.560891203246607, -0.14596004667623, -0.628105306006744, -0.45962622602300396, -0.34171858113193576, 0.09776544194426083, 0.4879210490557938, 0.3718558823025504, 0.13747353256682904, 0.5731506282713148, 0.0736766054574092]], "inverted": true, "swapped": false, "error_lsq": 0.039866878554260986, "error_max": 0.1896213186227957, "target": "458.xyz", "model": "19.xyz", "model_rescale": 4.410303926677745, "target_rescale": 3.8117905130991616},
{"mapping": [12, 10, 11, 9, 8, 5, 7, 1, 4, 6, 0, 13], "R": [[0.5958736274469645, -0.7953185096514481, -0.11136915335493894], [0.7973913224826883, 0.5694627647479045, 0.1996978677777563], [-0.09540282460444019, -0.207799489343628, 0.97350792153224]], "T": [0.01702009297582358, 0.04079891882885068, 0.08519834283345881], "aligned_model": [[-0.09545048860374691, 0.2506922507156504, 0.6513229472683519, 0.014053520392049549, -0.5104475454306353, -0.24697915413939114, -0.5759018156257409, -0.6600856010765866, 0.4360982605972406, 0.5708598395692953, 0.016409066358173425, -0.0170570293907782], [-0.6638860059459822, 0.3773239397675321, -0.35473640275832635, -0.22233857268019586, 0.04045978537593419, 0.6743705659086741, -0.3469608058256947, 0.22279981959300554, -0.4449736237263503, 0.09813474878496473, 0.40989939921693364, 0.051924073751856155], [-0.1626815925441563, -0.6270391498518568, -0.2730543932439651, -0.5508885905318209, -0.47411852337897264, -0.3922554125267228, 0.15547758015019322, 0.3526370131398209, 0.37414802934717206, 0.24792498747121092, 0.6991395733649342, 0.015864678006241112]], "inverted": true, "swapped": false, "error_lsq": 0.05127311274737532, "error_max": 0.3044531738462102, "target": "458.xyz", "model": "20.xyz", "model_rescale": 4.121658175737393, "target_rescale": 3.8117905130991616},
{"mapping": [11, 2, 10, 4, 3, 1, 7, 5, 9, 6, 8, 12], "R": [[0.31468535180676294, -0.9095482647342767, 0.27146838393654626], [0.5382512288399954, -0.06457811615388534, -0.8403066592418809], [0.7818303805880715, 0.41055038793415055, 0.4692436839816065]], "T": [-0.019780074029785995, 0.03810459436602391, -0.016873163041373276], "aligned_model": [[-0.13488246211490562, 0.21634121050199956, 0.684864861165103, 0.11112954758428209, -0.5488696896429429, -0.14775797134349167, -0.5592075992247056, -0.4980088774716303, 0.19575691228000658, 0.5173696160641763, 0.12203362951867847, -0.12525492668268823], [-0.8123485478687751, 0.3354090259842378, -0.28143588660635555, -0.21388930629430725, -0.013750399049954523, 0.6851939052807601, -0.3714651414983712, 0.29905761804723, -0.4666030349658174, 0.3922888130716965, 0.2513697838981294, 0.03819009146387813], [-0.2119369891625642, -0.6741923002497375, -0.11708512835053332, -0.5153642330975681, -0.4641045810523738, -0.23429429240210753, 0.07306368270739541, 0.39191071748348555, 0.45374015127024575, 0.07612259881862803, 0.6061115358768218, -0.01881696243961458]], "inverted": true, "swapped": false, "error_lsq": 0.04574568103778151, "error_max": 0.25156362097949775, "target": "458.xyz", "model": "21.xyz", "model_rescale": 4.08911054899281, "target_rescale": 3.8117905130991616},
{"mapping": [15, 12, 3, 14, 5, 10, 11, 8, 2, 13, 0, 16], "R": [[-0.7262430950312329, 0.6842729547392479, -0.06588998658275241], [-0.29110545614073835, -0.21929161435725658, 0.9312189867467702], [0.6227588460427909, 0.6954722936861022, 0.3584546113393491]], "T": [-0.05187921236729769, 0.02953629895534799, 0.013309362295911432], "aligned_model": [[-0.14519452927841858, 0.3100326497589435, 0.7463343154208658, 0.24333763221253135, -0.6475310166496757, -0.28875330712743463, -0.6957843627065717, -0.6556781509974685, 0.24673210485117808, 0.5554724486601866, 0.18076245162490628, -0.016215985135160142], [-0.6861194789080609, 0.3026185149453257, -0.24924009620375354, -0.2812114106087522, 0.20803346851769908, 0.6753727138008933, -0.3826892323428092, 0.10123638485163539, -0.5338310041320131, 0.2798246342501807, 0.35824272420791764, 0.04977970308408865], [-0.08982199634281482, -0.5692843326548706, -0.1852295730607308, -0.46429451292293383, -0.319957411417798, -0.4084979369604615, 0.05004216740192797, 0.3465479516753789, 0.3519867787475742, -0.05886871672213472, 0.6750565499377553, 0.03747523172118549]], "inverted": true, "swapped": false, "error_lsq": 0.04821756334373972, "error_max": 0.26477179713854, "target": "458.xyz", "model": "22.xyz", "model_rescale": 4.204369325754507, "target_rescale": 3.8117905130991616},
{"mapping": [14, 2, 3, 10, 11, 5, 13, 7, 12, 1, 0, 15], "R": [[-0.018828522158125083, 0.9892663402607329, 0.1449054684284784], [-0.05271708150195098, -0.1457118395624076, 0.9879215399662344], [0.99843196867451, 0.010962109216520799, 0.054894772886563775]], "T": [-0.07099657345484961, 0.024404537690000956, 0.1098233339362106], "aligned_model": [[-0.0980549114881886, 0.2792943744961868, 0.6123348553662409, 0.11777363298987348, -0.49347320004187045, -0.2896444699145408, -0.5760728297825923, -0.62788300237187, 0.16365174206015765, 0.5712255352739175, 0.23234457853795282, -0.057982054491385125], [-0.665783209377527, 0.45191306907651, -0.41498323576502294, -0.16984058697799198, -0.10386822071849375, 0.6874020030465516, -0.4184074177793943, 0.230669348190342, -0.3956170972670619, 0.17375531122365745, 0.4318186044424173, 0.03495835336836445], [-0.24038757711155959, -0.560891203246607, -0.14596004667623, -0.628105306006744, -0.45962622602300396, -0.34171858113193576, 0.09776544194426083, 0.4879210490557938, 0.3718558823025504, 0.13747353256682904, 0.5731506282713148, 0.0736766054574092]], "inverted": true, "swapped": false, "error_lsq": 0.039866878554260986, "error_max": 0.1896213186227957, "target": "458.xyz", "model": "23.xyz", "model_rescale": 4.410303926677745, "target_rescale": 3.8117905130991616},
{"mapping": [3, 12, 2, 0, 7, 13, 1, 11, 4, 5, 15, 16], "R": [[0.9405230990359525, 0.283064959778878, -0.18785773533498784], [0.1248961461155814, -0.8023348391874388, -0.5836606535578208], [-0.31593868529397207, 0.5254836195082102, -0.7899681719938263]], "T": [-0.10055850330331742, 0.11904041447785436, 0.14008837730515025], "aligned_model": [[0.04588238346779808, 0.26739095898439524, 0.4979403629586183, 0.09026177445393721, -0.5119329568944105, -0.2503997343617709, -0.6442311356709984, -0.7046614761844736, 0.3780161098666033, 0.517814803604256, 0.24694500269482164, -0.09951184228489432], [-0.7516693387457504, 0.35715883105313134, -0.4719369365343666, -0.20214506660847759, 0.1265909074908133, 0.6983340167739318, -0.48320099037016256, 0.17128157197140337, -0.33521704655308227, 0.18956714620254522, 0.5385330729269231, 0.0047207538554419615], [-0.03216311603246971, -0.5337726229564496, -0.21408506728398832, -0.516275332403235, -0.3820657624564615, -0.22890098791132626, -0.1393050883869106, 0.3218903196232842, 0.33630476733956705, 0.049300344809902946, 0.6011538972273015, 0.10307284783286214]], "inverted": true, "swapped": false, "error_lsq": 0.04376677221724135, "error_max": 0.2370753032384557, "target": "458.xyz", "model": "24.xyz", "model_rescale": 4.28219845311461, "target_rescale": 3.8117905130991616},
{"mapping": [14, 9, 12, 11, 8, 3, 6, 0, 2, 7, 4, 15], "R": [[0.8655988518069175, -0.13517083773331484, 0.48214880729606713], [0.18444944070317204, -0.809100974311499, -0.5579731330382052], [0.46552876557183154, 0.5719129811384398, -0.6754246889406025]], "T": [0.009758814151925192, 0.016965369079370046, -0.11510638001810047], "aligned_model": [[0.041408650715354565, 0.42253997202929905, 0.5797515554650106, 0.10496855658618631, -0.606519283138915, -0.0364520380134788, -0.7074104093443054, -0.5356104763197526, -0.004384661015840709, 0.6064334944637615, 0.004132742008734917, -0.03534385280217297], [-0.7439928500122224, 0.32886897655926317, -0.409135700908679, -0.25578322022474687, -0.059921758034346906, 0.7898000837369364, -0.4758544216920432, 0.0707892277684963, -0.3595075406146947, 0.47689924871596023, 0.45620273640288034, 0.023652139765547964], [-0.10585967589774781, -0.5500794127699171, -0.3943303998273892, -0.5766476926075699, -0.42532522762830766, -0.1403334651079361, 0.11940181526482768, 0.4892358254268263, 0.45659995610612236, 0.07979399963116399, 0.46943399966893484, -0.056735522856929704]], "inverted": false, "swapped": false, "error_lsq": 0.04710705616519362, "error_max": 0.27340181918021944, "target": "458.xyz", "model": "25.xyz", "model_rescale": 4.100010024507729, "target_rescale": 3.8117905130991616},
{"mapping": [3, 9, 8, 7, 5, 4, 2, 6, 1, 10, 0, 11], "R": [[0.21985382755313698, 0.32908708145549126, 0.918349599732772], [0.7989229539850723, -0.6009509148624532, 0.024085504390540968], [0.5598092604682436, 0.7283952846807065, -0.39503658203881686]], "T": [-0.03113912957734474, -0.05560189156763749, -0.003905136871048924], "aligned_model": [[0.11505339068990517, 0.320387663531347, 0.5178355211937035, -0.03245646729130991, -0.5321245139283836, -0.2713477889293133, -0.5648381636927083, -0.5645575811224495, 0.12421810810614689, 0.509194723577835, 0.23759606963339389, -0.02544671113428536], [-0.8312710779365438, 0.33298127159171775, -0.32838704528897794, -0.2898876873821647, 0.25824737251870156, 0.7776339062683987, -0.5516277043256156, 0.2122604954918922, -0.3896478943262086, 0.29388468707166143, 0.3134778499763421, 0.04435274780314792], [-0.19108603009323194, -0.6400992433941247, -0.036660619997456866, -0.6392512450642548, -0.467260782591089, -0.12162295799053877, 0.12602184434067898, 0.24946541250864884, 0.5989414028872693, -0.03391881741786142, 0.6005789514396743, -0.07995371522563588]], "inverted": true, "swapped": false, "error_lsq": 0.048420567117835954, "error_max": 0.3104070726585186, "target": "458.xyz", "model": "26.xyz", "model_rescale": 3.6694154284099745, "target_rescale": 3.8117905130991616},
{"mapping": [12, 1, 3, 6, 2, 0, 11, 10, 9, 7, 8, 13], "R": [[0.651341717828457, 0.3497390918342068, -0.6733769629704145], [-0.7587099912788607, 0.312625964659777, -0.571510415788002], [0.010635588836810983, 0.8831464056788818, 0.4689768761746854]], "T": [-0.013086984049576311, 0.1276465468317351, 0.026136586990225745], "aligned_model": [[-0.1139405300324775, 0.39083664535703283, 0.5900757046223327, 0.05535795436295213, -0.5786210393072746, -0.231899677049595, -0.5860067117607372, -0.43935587791825775, 0.14143511959086075, 0.6080525038665588, 0.05839678031547532, -0.06081662141298904], [-0.613488873267622, 0.4211133043351836, -0.3911783082770956, -0.12570207079497137, 0.039722263710876254, 0.6114882618428268, -0.5072587513881681, 0.07577026166098055, -0.3563797056762917, 0.1542864033135116, 0.41129077219977406, 0.12235336380334717], [-0.2389665338783778, -0.7021282120651409, -0.11474194596961493, -0.6081505720763389, -0.3407015230593552, -0.36750226186789514, 0.09566152594637906, 0.44743743086487314, 0.4807848486606324, 0.12413954264134597, 0.5942855263341411, -0.004963626128572186]], "inverted": false, "swapped": false, "error_lsq": 0.041149391883448565, "error_max": 0.19477294978576307, "target": "458.xyz", "model": "27.xyz", "model_rescale": 4.103607728864725, "target_rescale": 3.8117905130991616},
{"mapping": [6, 3, 9, 10, 13, 2, 11, 8, 5, 0, 1, 14], "R": [[0.8608023357509657, -0.08645305409419096, 0.5015428278855845], [-0.4910395777265234, 0.11797650893079992, 0.8631116245577155], [-0.13378890788043557, -0.9892458808497957, 0.0591025832757974]], "T": [-0.10231037325073378, -0.049645546171060144, -0.16603303238369355], "aligned_model": [[-0.009771690481142875, 0.36905018526536176, 0.5976256723783004, 0.042791200213738306, -0.7069343681746986, -0.06827967634870091, -0.6060136879138859, -0.678200183775888, 0.2981597441574479, 0.48687300430267677, 0.14748647418516772, -0.03927242317449471], [-0.6542624491956781, 0.40682533026367657, -0.4736139621516142, -0.3154565264886409, 0.1275790005221377, 0.6848744176430812, -0.5134178833798531, 0.07526020312080922, -0.3191940091130716, 0.2883372974405856, 0.468869027987094, 0.06621647481382478], [-0.0012839637366800771, -0.5307033155287654, -0.18757926948258896, -0.575990752675059, -0.3173400638306064, -0.19139127875278963, -0.10894167142133104, 0.40408051484506574, 0.38361023517313303, 0.05379027397982211, 0.5207019991033728, -0.0837985082714952]], "inverted": true, "swapped": false, "error_lsq": 0.04300679172293855, "error_max": 0.2334309884855601, "target": "458.xyz", "model": "28.xyz", "model_rescale": 4.137296879288765, "target_rescale": 3.8117905130991616},
{"mapping": [7, 6, 0, 3, 9, 8, 10, 4, 1, 5, 11], "R": [[-0.17258347546969977, 0.164015203945042, 0.9712435105933354], [0.8544890888649068, 0.5154119990175031, 0.06479867498339092], [-0.48996259143491894, 0.8411001629673174, -0.22910079626821686]], "T": [0.03593593729435507, 0.044138165967376485, -0.08863784795301186], "aligned_model": [[0.5301880266540698, 0.13668464201651412, -0.22277133623081014, -0.47906031752368317, 0.046061184618104725, 0.38671061272190355, 0.6513290959544636, -0.27998594615649475, -0.5488959085993241, -0.03236482497314058, 0.03352378222829526], [-0.36744196377975646, -0.8015269054856197, -0.41736086246704357, -0.02998388042166753, 0.651153656574354, 0.05174874876684485, 0.4552693426760081, -0.389020123081035, 0.5430372371611104, 0.17184111935773763, 0.05143144734701923], [0.21893428667846873, -0.23147752408240727, -0.6485017265571844, -0.17001548253618054, -0.09291032919756784, -0.5415728256928873, 0.03307876914867203, 0.3351211204238429, 0.17659849365392669, 0.739537465984487, -0.013038226040171061]], "inverted": false, "swapped": true, "error_lsq": 0.058482012376019604, "error_max": 0.3733360500754079, "target": "458.xyz", "model": "29.xyz", "model_rescale": 3.607286011436655, "target_rescale": 3.8117905130991616},
