[{"mapping": [7, 2, 1, 9, 11, 12, 3, 5, 6, 0, 8, 13], "R": [[0.09338995950268986, 0.6550008513533543, 0.7498347819289707], [-0.34308476170009633, -0.6858282050528669, 0.6418196938729372], [0.934650288478677, -0.317196402691367, 0.16067134270423605]], "T": [-0.15986586118761584, -0.058493556350812534, 0.008653420370713004], "aligned_model": [[-0.4290228486479888, 0.12633191231154486, 0.31517967751356224, -0.09074589949212061, 0.0811954104263457, -0.5801984644815863, 0.3974498900756849, -0.17891710485295745, 0.5899408003458835, 0.03246972091316169, -0.45869504957493323, 0.0326544179239521], [-0.17764255130619167, -0.7376572372888321, -0.2601479992000678, 0.7132594065530319, 0.3167710431157074, -0.6234148591899611, -0.11870710933976451, -0.56676252281104, 0.15978853970736245, 0.38827871880642106, 0.046709405525882736, -0.08691979859549094], [-0.4769853428025086, -0.13756912155717413, -0.539148636735481, -0.14135756025227622, -0.7011728253686914, -0.030840561924775738, 0.7543527790626757, 0.5903614155034362, -0.10478116951856306, 0.5108110201081723, 0.367758104738024, 0.09052364410072453]], "inverted": true, "swapped": true, "error_lsq": 0.046921835701041026, "error_max": 0.2411339842623433, "target": "459.xyz", "model": "0.xyz", "model_rescale": 3.751011558992144, "target_rescale": 3.9639489336060345},
{"mapping": [1, 12, 13, 0, 3, 2, 7, 9, 8, 6, 4, 11, 5, 14], "R": [[-0.5175656119196701, 0.05794749371276231, -0.8536790528826551], [0.3705658585427244, 0.9144642383006993, -0.1625918243689255], [0.7712371761272346, -0.4004962482240393, -0.4947686058328254]], "T": [0.003652538136692026, -0.008109511756081475, -0.05927888598866456], "aligned_model": [[-0.24638929587372194, 0.3027284387221637, -0.08172571900562861, -0.5963149669949955, -0.3443013524772747, -0.6958346830070506, 0.05531979755025729, 0.42049073559660505, -0.42500286960589323, 0.42841551425359936, 0.04255491480578112, 0.7629564387432045, -0.09122585834201205, 0.041657616895285965], [0.35683051382142444, -0.6503109053539431, -0.597763934279478, -0.16056296433789413, -0.6644992338306751, -0.28417690200571355, -0.20513003551146414, -0.24489078484482218, 0.40955325720775126, 0.23666871083091345, 0.7811473548300855, -0.16030875157740637, -0.04945508218087045, -0.04748754062641671], [-0.5977799615790799, -0.2831227597649297, 0.35607688140420335, -0.4978007851926027, -0.23672327805056215, 0.2845852230507503, -0.6903022067313217, 0.3927943018771275, 0.22747990633403795, -0.6279490725973875, -0.025601392823495002, -0.25169501537552774, 0.5566551045358874, -0.05631286606162318]], "inverted": true, "swapped": false, "error_lsq": 0.04409092985601319, "error_max": 0.2276014639815357, "target": "459.xyz", "model": "1.xyz", "model_rescale": 3.9405287249114394, "target_rescale": 3.9639489336060345},
{"mapping": [10, 9, 0, 1, 6, 8, 7, 11, 4, 5, 2, 12, 13], "R": [[0.7259181527144618, -0.5064265567704411, -0.46537616844576263], [0.549925372329493, 0.8337463825906781, -0.049487921609491975], [0.41306769472798516, -0.21999798206936838, 0.8837284466721179]], "T": [-0.13521840667002227, 0.011469581428906549, 0.043631882711411274], "aligned_model": [[-0.32598611345765727, 0.17647594485325746, -0.3116214274232104, 0.5342174856836616, 0.454767347692005, -0.5717572168682499, 0.04713830422565643, 0.6302819705068157, 0.10138374862295574, -0.693385161917353, 0.01583211593750178, -0.4758614203394143, -0.08550229823203755], [0.7148744086428455, 0.6203905158563858, 0.13633557210648628, -0.28214755909542033, -0.20835300522345276, 0.17551501081256507, 0.18521656369322803, 0.34516598818044225, -0.7257570507599669, -0.5210523025114944, -0.6516395502902871, -0.19100777598690546, -0.13870822185240939], [-0.03163969292058304, -0.34999919584764727, -0.62123739436985, 0.2226973253558777, -0.43209844990387003, -0.06520600427398222, 0.5525965095170353, 0.11741017280163885, -0.17269520217585016, -0.0005812399368337051, 0.36304309397304, 0.6270190675235803, -0.09618864015391143]], "inverted": false, "swapped": true, "error_lsq": 0.04271802198163856, "error_max": 0.2580700793740149, "target": "459.xyz", "model": "2.xyz", "model_rescale": 3.932901565614263, "target_rescale": 3.9639489336060345},
{"mapping": [1, 5, 9, 10, 12, 11, 6, 7, 3, 2, 0, 4, 8, 13], "R": [[0.7382728408684951, 0.5904132905004489, 0.32613702463289035], [0.04861664939306337, -0.5288440402852985, 0.847325440699448], [0.6727478233615876, -0.6097016708646569, -0.41913510793906533]], "T": [-0.05971906117378127, -0.02656677705939535, -0.0315752042085156], "aligned_model": [[-0.32881424292375955, 0.32740975556141394, 0.004027336502614984, -0.5859206895863078, -0.22808621465142304, -0.9225506007636209, 0.03713608561828613, 0.4715111877090867, -0.14469866301406697, 0.3105892393955621, 0.2563768771579884, 0.763288662136832, -0.3159291030063653, -0.07101091887591984], [0.48623213424348144, -0.6061277400864142, -0.6654143451544514, -0.26117392352700275, -0.7155163085996247, -0.04048034733184856, -0.3059287465233048, -0.1881474139665637, 0.34803190440537657, 0.2868394053324956, 0.5581723272198207, 0.07222689531688421, -0.12454480296097613, -0.12455533622638161], [-0.4935207428141871, -0.20775708478387156, 0.325640586191574, -0.45727083888611525, -0.3146491429239509, 0.19872209325441392, -0.6474227756406771, 0.4172328480762694, 0.3047873579132816, -0.7089585377400436, -0.11591894635874951, -0.30748189533300585, 0.6492650460972986, -0.09236388802675899]], "inverted": true, "swapped": false, "error_lsq": 0.04749264242849194, "error_max": 0.2543087464984783, "target": "459.xyz", "model": "3.xyz", "model_rescale": 3.9243930471874484, "target_rescale": 3.9639489336060345},
{"mapping": [2, 5, 4, 1, 6, 12, 7, 3, 0, 8, 9, 10, 13], "R": [[0.1475109580136623, -0.5211268959390112, -0.8406350430447584], [-0.5710189785275293, 0.6491049439681772, -0.5025933722975731], [0.8075752865382082, 0.5541565934327957, -0.20182325566616574]], "T": [-0.08524515430010655, -0.10613943755909575, 0.012506640390754248], "aligned_model": [[0.05541489373083418, -0.3195774432801953, 0.44766206650971324, 0.41495573704076943, 0.7028667500620455, -0.6127231458150012, -0.289163313544834, 0.30923774749507477, 0.11856038136646642, -0.4073757389855275, 0.18580125053217317, -0.40724456502752104, 0.07879126622735487], [-0.6130283584896471, 0.08031951182014088, -0.23446411474349674, -0.668455480205046, -0.0706048956855507, -0.4636956250700188, -0.5740196073157793, 0.47396242140688394, 0.5622542965929879, 0.2471094850669606, 0.21246642158052984, 0.23025061354032497, -0.05426511481670195], [-0.5239930106387729, -0.6998176693803079, -0.575561183918589, 0.0169347794248173, 0.030984515252598252, -0.28964545983525813, 0.261489584129348, -0.6024398008045774, 0.034273972409108816, -0.015238745318543852, 0.6817656725393815, 0.5781872852881507, -0.10986962377639178]], "inverted": false, "swapped": true, "error_lsq": 0.04752990244193714, "error_max": 0.29972622701390517, "target": "459.xyz", "model": "4.xyz", "model_rescale": 3.8936222436046832, "target_rescale": 3.9639489336060345},
{"mapping": [12, 8, 5, 2, 3, 0, 9, 6, 1, 7, 4, 13], "R": [[0.6476002454653729, -0.7038290350884209, 0.2919565232011295], [-0.42013564571348416, -0.649469773140658, -0.6337783942179919], [0.6356885725527108, 0.28777370127085095, -0.7163004506370021]], "T": [-0.08602951648690804, -0.23710151967069484, 0.020199574165098752], "aligned_model": [[0.1252409561256546, -0.5017960152309415, -0.3710828821613766, 0.39815856393827304, -0.6106609200220396, -0.690821344773669, -0.28782481463400766, 0.051678037170877045, 0.5701343772543508, 0.3436045885321051, 0.11092359638738994, -0.11000610037151923], [-0.5402880468639935, -0.43359049780482917, 0.005725045377252658, 0.11384954320608456, 0.5128435218185764, 0.006873481595586095, -0.35648893042169494, 0.3949914721346023, 0.08819931320868965, -0.6084008896387454, 0.5125508284295481, -0.027341935931269268], [-0.5804817619536918, -0.11341562462729037, -0.6557178185521986, -0.4347166346787355, -0.16046137151422868, 0.2721196808655715, 0.773796816041033, 0.4721061891854227, 0.19354369609832928, 0.026387373440861325, -0.19313566218972256, 0.019259837160168256]], "inverted": false, "swapped": true, "error_lsq": 0.03500576565586739, "error_max": 0.17272295221179298, "target": "459.xyz", "model": "5.xyz", "model_rescale": 3.6523030999806103, "target_rescale": 3.9639489336060345},
{"mapping": [11, 6, 4, 1, 2, 9, 3, 7, 0, 8, 5, 12, 13], "R": [[0.359822459218607, -0.6464841608010439, 0.6727451431822038], [-0.8626031178250211, -0.5053017410559688, -0.024207676558471614], [0.3555891716017612, -0.5716015922993714, -0.7394781678456752]], "T": [0.06150473677261714, -0.15768571186733454, -0.12272602889297728], "aligned_model": [[0.21279338667856634, -0.114839104929233, 0.2111945565302039, 0.5144243996034933, 0.6342044287800698, -0.4291236237083146, -0.44140575389242276, 0.49732014893697674, -0.6225122167993924, -0.2165549177962508, 0.06796127456724468, 0.5599824599799103, 0.007637866713442666], [-0.7506560978186674, -0.046074824560322594, 0.47445238057880285, -0.18312216386350816, 0.2960750893446782, -0.7093270562470315, 0.6041216420765705, -0.5142248012371777, -0.028827298403880597, -0.11868434067657302, 0.5308103882885449, -0.00977784104825219, -0.003938172270000095], [0.4502357684546013, 0.638306407111747, 0.35085129815420185, 0.47780426831235573, 0.05240164135650334, 0.1563064749947844, 0.0696918652316847, -0.1964266358468481, -0.05732714915447694, -0.5106492724614448, -0.4734622787202914, -0.5991906882820686, 0.011568040331040932]], "inverted": false, "swapped": true, "error_lsq": 0.0465468022131212, "error_max": 0.2693342060659358, "target": "459.xyz", "model": "6.xyz", "model_rescale": 4.08911054899281, "target_rescale": 3.9639489336060345},
{"mapping": [4, 11, 13, 5, 12, 7, 10, 1, 6, 8, 3, 9, 2, 14], "R": [[-0.303801803413118, -0.8279589105752099, 0.47136875866146377], [-0.49023678876251986, -0.28837878821008045, -0.8224995838626901], [0.816928610826399, -0.48095916345319534, -0.31828592162339314]], "T": [-0.030991770812593036, -0.08995488861583226, -0.09825892268087917], "aligned_model": [[-0.30152512742084064, 0.31982715754581564, -0.13286914981219244, -0.6780320344747082, -0.2835407886051802, -0.7232494699455049, -0.010513532526030864, 0.46252434977979734, -0.21732790344076264, 0.28323208900455116, 0.1651649146123707, 0.7296424936372189, -0.17420813332679796, 0.13420384623258486], [0.41199315254459223, -0.5339455379869757, -0.7006026383471652, -0.1107773178669984, -0.7267248701951818, -0.14083775870750728, -0.3728814382019592, -0.21275467632627335, 0.2889344753728543, 0.1912049318053756, 0.6768334696606093, 0.0966352916570293, -0.049801952916118525, -0.09766142835079031], [-0.5126371999104444, -0.2542379140021617, 0.2924133795723709, -0.5000132670549867, -0.2950961706362177, 0.24449343115479, -0.7606848489533575, 0.43023716028388886, 0.16794525081552047, -0.6343200148964157, -0.09515978722323164, -0.13256531098430208, 0.6942159088148278, -0.09428653795480277]], "inverted": false, "swapped": false, "error_lsq": 0.043127872476944, "error_max": 0.29293505928255975, "target": "459.xyz", "model": "7.xyz", "model_rescale": 3.964800864290218, "target_rescale": 3.9639489336060345},
{"mapping": [2, 10, 5, 0, 3, 1, 6, 9, 7, 4, 12, 11, 8, 13], "R": [[0.09612176481054613, -0.5862849438223546, -0.8043821050824818], [-0.9202321842620169, -0.3603598365195268, 0.15268763955205222], [-0.3793854680638987, 0.7255416961628315, -0.5741566979066759]], "T": [-0.0734426421995703, -0.0937590639921728, -0.15802479117177662], "aligned_model": [[-0.4192938989988033, 0.406706653738189, -0.17996133309875462, -0.6396416031686439, -0.2803726321376198, -0.7439494682768886, 0.13308828517561605, 0.4611324268436925, -0.3220776768526494, 0.1927787021288513, 0.31823425381468196, 0.7209290932499116, -0.021740791090343978, -0.05250330006691803], [0.37911516249920635, -0.6863613111732776, -0.7444134602284818, -0.2377875395056933, -0.7101279509233055, 0.012891080876295577, -0.2495698175301887, -0.051895636357459474, 0.4456764506824886, 0.32070674470119165, 0.5006321446941118, -0.02275299465867721, -0.1205468888500884, -0.11595228208463114], [-0.46687038664735203, 0.14761101048374045, 0.35614769750869424, -0.5725533274169138, -0.4793222704490382, 0.16160974068554687, -0.6772297683224195, 0.2736390546303453, 0.2344584696336469, -0.6604565619247472, 0.09488475284281303, -0.3840004724528946, 0.6085695686030274, -0.08618342814897129]], "inverted": true, "swapped": false, "error_lsq": 0.047887623014918425, "error_max": 0.29336991361647624, "target": "459.xyz", "model": "8.xyz", "model_rescale": 4.121658175737393, "target_rescale": 3.9639489336060345},
{"mapping": [6, 0, 9, 11, 3, 4, 8, 12, 10, 5, 1, 7, 13], "R": [[-0.46668691013755703, -0.7207653193266431, -0.5125433468129522], [-0.8628404415286636, 0.49829225414948575, 0.08491879601858215], [0.19418985650358012, 0.4818736181931801, -0.8544519388008507]], "T": [0.0696547036146046, -0.029302664713979337, 0.04077910078233068], "aligned_model": [[-0.501246112066705, -0.10361972266105807, 0.30212219119152894, 0.18062626025220996, -0.6677223195986189, -0.7119040159324046, 0.2687342012196611, 0.27554043326894284, 0.6688772628763144, -0.24727372218544183, -0.2647070960510651, 0.41391282098365323, -0.13660268486181978], [0.31252393517361815, -0.4433384095170918, 0.14151020498237663, 0.7235476033527208, -0.5664163433414695, 0.05673803708225793, -0.46231942078597343, -0.12679613863055406, -0.18940861627371547, -0.592791454121314, 0.6368273675419037, 0.3481303199276021, -0.0478196459786515], [-0.3834276219208936, -0.49523495891151187, -0.6938400726190234, -0.3109155720728743, -0.15435693892275798, 0.20824270962945224, -0.005981608671267992, 0.7082230604518321, -0.3492656245326075, 0.464006274868822, 0.1451478651786992, 0.2888066515183382, -0.0003287300371184673]], "inverted": true, "swapped": true, "error_lsq": 0.0430754583900781, "error_max": 0.2994540992955062, "target": "459.xyz", "model": "9.xyz", "model_rescale": 3.833441315466971, "target_rescale": 3.9639489336060345},
{"mapping": [5, 11, 7, 4, 6, 3, 12, 8, 2, 0, 13, 10, 9, 14], "R": [[-0.8347860285052195, 0.25814363109978117, -0.48630664434603726], [0.5249586795436223, 0.6394729867809288, -0.5616873542721919], [0.1659839491767185, -0.724179649603673, -0.6693378546859592]], "T": [-0.010530647878981617, -0.1442951916671131, -0.22285470709525218], "aligned_model": [[-0.35210415583189186, 0.38741652673318466, -0.12773262804604457, -0.7942470532228373, -0.39408697255029107, -0.6869182408141191, 0.2292123776420218, 0.4710859678956495, -0.24727816041573492, 0.3112313914469589, 0.11404910462410567, 0.8050948754410602, -0.09096905129045652, -0.051425270351284455], [0.4085689814487792, -0.6521293656092526, -0.6359125020291869, -0.1678395601568031, -0.4920279384038099, -0.19976066006750487, -0.5066082126180756, -0.08452531672033356, 0.363669145478809, 0.30257041017303465, 0.6404746800326855, -0.05430768704158817, -0.06017261096272397, -0.14238566138253944], [-0.4102151784242777, -0.0013155930808879113, 0.21129975018820807, -0.368274233973749, -0.662395434100731, 0.319128000826475, -0.6403144223663135, 0.38708984762704207, 0.2272265104901947, -0.6236081046410757, -0.15725992717180115, -0.17374871723607965, 0.5798676491431678, -0.13717606825469492]], "inverted": true, "swapped": false, "error_lsq": 0.047073714045584795, "error_max": 0.44844591432342623, "target": "459.xyz", "model": "10.xyz", "model_rescale": 4.2482417240324, "target_rescale": 3.9639489336060345},
{"mapping": [4, 6, 9, 11, 5, 8, 0, 7, 1, 12, 2, 13], "R": [[-0.8515823561329411, -0.5098259149272001, -0.12200420972946929], [0.4086510438429845, -0.4998397230599701, -0.7636521299763211], [0.32834709544795454, -0.7001698277703604, 0.6339955813654509]], "T": [0.06725136793609447, 0.19489229430418648, 0.02326655271765575], "aligned_model": [[-0.5903308510321343, -0.11419191996336321, 0.5653224103404436, 0.6210924855926565, -0.5898769437762603, 0.042638439027943585, -0.1064264872420715, 0.45353980210285777, 0.07190639386729789, -0.013020943342216346, -0.36437839814875644, -0.0995083850633907], [-0.2186535333452782, -0.5614784690843255, -0.14925044643162083, -0.417325569611898, 0.6004867763393578, 0.5722206826837284, 0.11047037302280932, 0.2582240262108981, -0.3854120322510883, 0.7030820408173573, 0.08241947146207643, 0.07134807023862262], [-0.18372757397242917, 0.15633086382407096, 0.5296009381589492, -0.12246147794344366, -0.004301215450401838, 0.3171036034921597, 0.6951814571461669, -0.38814238320464933, -0.4559464388062833, -0.4590973016618378, -0.581381371268257, 0.06203318954031238]], "inverted": true, "swapped": true, "error_lsq": 0.0437635561735763, "error_max": 0.21456169822853624, "target": "459.xyz", "model": "11.xyz", "model_rescale": 3.6694154284099745, "target_rescale": 3.9639489336060345},
{"mapping": [12, 4, 11, 5, 6, 7, 0, 8, 10, 1, 2, 3, 9, 13], "R": [[0.7063269683812504, 0.5467028690977291, -0.44968676504614125], [-0.6552648940529764, 0.7452939663824748, -0.1231455329909311], [0.2678248165482314, 0.381644961442163, 0.8846564254255526]], "T": [-0.1007977664033826, -0.10554346724787175, -0.11211622782523326], "aligned_model": [[-0.3415364088256737, 0.459364689478208, 0.08352819104328536, -0.7867742684727612, -0.3040745127836993, -0.7719762267623584, -0.06477335987277137, 0.3994052676842769, -0.3347782729012509, 0.4735387190585287, 0.28512216180781175, 0.7589422795864547, -0.2267102440444782, -0.05594930373525146], [0.4341547113475819, -0.5315228374655, -0.6574545036425671, -0.23605588434331493, -0.6209382780992442, -0.10982794231920638, -0.31095937978168475, 0.01546489547284631, 0.3895267646058014, 0.23626330450158192, 0.4178283398467433, -0.06032914571336063, -0.12045330378530585, -0.12608303848288074], [-0.44758497798225017, -0.34111022102153965, 0.34224794134326186, -0.5083150921209887, -0.22570137994548434, 0.20673551843478308, -0.7956690125006206, 0.44263754832436686, 0.2098890134671931, -0.6315189871123192, -0.05328312540575622, -0.10493158775859593, 0.6807330716250447, -0.22382463032161726]], "inverted": false, "swapped": false, "error_lsq": 0.046635016606724415, "error_max": 0.29270942784916903, "target": "459.xyz", "model": "12.xyz", "model_rescale": 3.9764082729961374, "target_rescale": 3.9639489336060345},
{"mapping": [13, 2, 0, 12, 9, 5, 1, 7, 6, 11, 14, 8, 4, 15], "R": [[-0.9496777838101714, 0.27743660444111523, 0.14539957858806038], [0.27418187295486124, 0.5118607895669739, 0.8141393201699808], [0.15144770543116756, 0.8130359540758688, -0.5621709080871903]], "T": [-0.041353468635345364, -0.0638918230786123, -0.14687440298298848], "aligned_model": [[-0.3155717849859835, 0.44521896363570124, -0.04373110746527345, -0.4295159722446972, -0.39146124911808533, -0.7435230098269858, 0.0505029992235191, 0.4297087780504727, -0.42839417908730804, 0.39307102623110945, 0.1118200654076387, 0.6107499425354387, -0.11989039938172433, 0.004344638286498531], [0.4025123652345742, -0.6953737103338611, -0.6557812856700779, -0.14578960553206888, -0.5526883868548511, -0.2686534622269525, -0.5020000459308402, -0.32569366181572573, 0.4994256641773377, 0.450284258697231, 0.7182294497470143, -0.11037104265787451, -0.07655740289665386, -0.017929431795760863], [-0.4327974595710118, -0.1740296626670057, 0.2735648249787252, -0.6467105350994995, -0.14813448377920752, 0.26282611250451293, -0.5973698553937221, 0.38283670309669915, 0.1944929983659308, -0.5681142562009354, -0.08660647919699882, -0.4156748120884789, 0.5669429793887489, -0.06092199531227986]], "inverted": false, "swapped": false, "error_lsq": 0.048648569653154186, "error_max": 0.3715975438341922, "target": "459.xyz", "model": "13.xyz", "model_rescale": 4.170626492500431, "target_rescale": 3.9639489336060345},
{"mapping": [12, 2, 0, 8, 0, 7, 4, 3, 10, 5, 11, 6, 1, 13], "R": [[0.935523689122697, -0.21462156778648925, 0.28059403010600426], [0.22633214949220817, -0.24571044512318999, -0.9425498051899436], [0.27123640094297174, 0.9452851209017487, -0.18129218131312283]], "T": [-0.019991823681231653, -0.09357975790322157, -0.06662395081284633], "aligned_model": [[-0.23864723804342797, 0.3264453292090616, -0.22865230366330308, -0.647993272713621, -0.22865230366330308, -0.7712462372351395, -0.06860007880168562, 0.5171974698289442, -0.4186552844178273, 0.39525434856515795, 0.3176317481385733, 0.7649948980671355, -0.19152621329880612, 0.04577784928856155], [0.3459011387517932, -0.6447528733325083, -0.6135045713043664, -0.14363870157254716, -0.6135045713043664, -0.24241607851037397, -0.36336624401792883, -0.10714484517092705, 0.30291241914045697, 0.48203401935146073, 0.5153602134990345, 0.07740890276370027, -0.2567162908793539, -0.018958815272583127], [-0.6095350599564826, -0.1621313492780233, 0.13830871869428413, -0.45989812359419524, 0.13830871869428413, 0.1996359948656335, -0.7207765477174556, 0.3654839706319489, -0.01982968202366272, -0.6353587081695122, 0.05528620508649679, -0.31571829364738635, 0.6646604635447959, -0.0881322281052476]], "inverted": true, "swapped": false, "error_lsq": 0.05099200674394374, "error_max": 0.4204612735336325, "target": "459.xyz", "model": "14.xyz", "model_rescale": 3.9786697098870705, "target_rescale": 3.9639489336060345},
{"mapping": [2, 1, 12, 5, 7, 10, 6, 9, 8, 3, 11, 13], "R": [[-0.5994249366443034, 0.6268055556067016, 0.4977996994671122], [0.7860252033139787, 0.578412450418423, 0.218182072948659], [-0.1511758085283209, 0.522066885237447, -0.8393998107304284]], "T": [0.12846077610386653, 0.04335524762316514, -0.03192772378095103], "aligned_model": [[-0.11444126340700733, -0.5700947258678554, 0.4613981450523419, 0.5857827357913465, 0.005923899364252361, 0.43052254149074937, -0.5151107841539806, -0.09724410404310602, 0.5798042828411285, 0.23495534671183582, -0.5647827567456534, 0.046641279733284524], [-0.40464782515326453, -0.03420151235261904, 0.028042003485758048, -0.5534523496326527, 0.4311113657475865, 0.6160529028393827, -0.2370376552954179, 0.49492723566577634, 0.07224325243950382, -0.7687317066375334, 0.5085381573139072, -0.138169378195988], [-0.5840557422815019, -0.30104671526540244, -0.6534529150182642, -0.21014613135552412, -0.4283074431032407, 0.3110191592785302, 0.32851641355947053, 0.574721718530014, 0.12548016502466364, 0.41469038744377484, 0.044266896235010636, 0.0382807008263001]], "inverted": false, "swapped": true, "error_lsq": 0.04865425388413359, "error_max": 0.30181947706528994, "target": "459.xyz", "model": "15.xyz", "model_rescale": 3.769337070930944, "target_rescale": 3.9639489336060345},
{"mapping": [6, 9, 4, 1, 3, 0, 5, 10, 12, 7, 13], "R": [[-0.856936222648633, 0.4691094018882421, 0.21353378976815052], [-0.3562469588317359, -0.838473921481659, 0.4123706916335212], [0.37248948258418313, 0.277304619606715, 0.88563747284594]], "T": [-0.004952760742778154, 0.020135278690602394, 0.14461369308378527], "aligned_model": [[-0.4230969494680532, -0.25342136932740766, -0.10691244868532862, -0.6683901031806558, 0.46838526742168834, 0.33139128738564627, 0.5905035864244542, 0.13440440366855483, 0.18346960633453363, -0.3322349525702417, -0.0014721973120195592], [0.014969113484012316, -0.7034690545572659, 0.601955311374879, 0.3435157096903711, 0.23090853534367697, -0.35669857925722304, 0.5042892094703453, -0.6490557039398465, 0.4486652950189882, 0.060835402537332724, 0.10014925846007203], [-0.5246046998906236, -0.049148064278307396, -0.40070343149197607, -0.002681457671031201, -0.631156761043315, -0.33873878881534025, 0.05455152743218189, 0.40843084281506115, 0.6720929695691275, 0.6069088823573802, -0.050733411759380204]], "inverted": false, "swapped": true, "error_lsq": 0.044721481501273135, "error_max": 0.24397165044994054, "target": "459.xyz", "model": "16.xyz", "model_rescale": 3.7852294659196426, "target_rescale": 3.9639489336060345},
{"mapping": [6, 1, 7, 11, 4, 2, 5, 12, 9, 0, 3, 8, 13], "R": [[0.23441308407952466, 0.960811793646838, -0.14795676125636192], [-0.9711294948191996, 0.23836973860384092, 0.00934729961768084], [0.044249410216768204, 0.14149404548277972, 0.9889496573579393]], "T": [0.13034591159103637, 0.05654907247068542, 0.1404363322411863], "aligned_model": [[-0.1050545053678259, -0.35451379372081904, 0.1232056295179243, 0.23551578298853654, -0.56616828618659, -0.6069359398004595, -0.21976407122634722, -0.11821336902320034, 0.7204858727040457, 0.45414745681461693, -0.13938725930831347, 0.4188743605128459, 0.01157397231186888], [-0.14749159860403915, -0.4802546431465561, -0.37980470317633885, -0.7237379998569142, 0.20403779810168518, 0.011585075281290873, 0.7183374526284084, 0.14748268207721285, -0.2313311784098716, 0.4571232862820049, 0.7588610435700004, 0.4122744097394422, 0.1279739992165492], [-0.5846006030703055, -0.06734410234046145, 0.5037975492753375, -0.14745034395981793, -0.23292159637368115, 0.27808520944143883, 0.33160019800274865, 0.7941371147826979, -0.2974486830466216, -0.33227241054401646, -0.411193946016373, 0.28019877334108384, -0.01883246234885591]], "inverted": false, "swapped": true, "error_lsq": 0.04936073601807624, "error_max": 0.3264568062722058, "target": "459.xyz", "model": "17.xyz", "model_rescale": 3.901054581598922, "target_rescale": 3.9639489336060345},
{"mapping": [1, 12, 13, 0, 3, 2, 7, 9, 8, 6, 4, 11, 5, 14], "R": [[-0.5175656119196701, 0.05794749371276231, -0.8536790528826551], [0.3705658585427244, 0.9144642383006993, -0.1625918243689255], [0.7712371761272346, -0.4004962482240393, -0.4947686058328254]], "T": [0.003652538136692026, -0.008109511756081475, -0.05927888598866456], "aligned_model": [[-0.24638929587372194, 0.3027284387221637, -0.08172571900562861, -0.5963149669949955, -0.3443013524772747, -0.6958346830070506, 0.05531979755025729, 0.42049073559660505, -0.42500286960589323, 0.42841551425359936, 0.04255491480578112, 0.7629564387432045, -0.09122585834201205, 0.041657616895285965], [0.35683051382142444, -0.6503109053539431, -0.597763934279478, -0.16056296433789413, -0.6644992338306751, -0.28417690200571355, -0.20513003551146414, -0.24489078484482218, 0.40955325720775126, 0.23666871083091345, 0.7811473548300855, -0.16030875157740637, -0.04945508218087045, -0.04748754062641671], [-0.5977799615790799, -0.2831227597649297, 0.35607688140420335, -0.4978007851926027, -0.23672327805056215, 0.2845852230507503, -0.6903022067313217, 0.3927943018771275, 0.22747990633403795, -0.6279490725973875, -0.025601392823495002, -0.25169501537552774, 0.5566551045358874, -0.05631286606162318]], "inverted": true, "swapped": false, "error_lsq": 0.04409092985601319, "error_max": 0.2276014639815357, "target": "459.xyz", "model": "18.xyz", "model_rescale": 3.9405287249114394, "target_rescale": 3.9639489336060345},
{"mapping": [10, 0, 4, 14, 12, 13, 1, 8, 11, 2, 5, 6, 7, 15], "R": [[0.08980023103614115, 0.22229330607473038, 0.9708355188085271], [-0.8865664022168341, -0.4263068991234596, 0.179617488625243], [0.4538016449575238, -0.8768398450310677, 0.1587953185699716]], "T": [-0.11579151707831135, -0.1709124584836908, -0.09081263228640019], "aligned_model": [[-0.3344211357923523, 0.43606900408816307, -0.026196928337723566, -0.8127622520250181, -0.3807337489740255, -0.7070801699459509, 0.25641850434667335, 0.5296228340768898, -0.46847441160955083, 0.30656751228530565, 0.35136038943433123, 0.6001158382232135, -0.07051114573963571, -0.10664557876999904], [0.3512979909288719, -0.5769612038073653, -0.8014357572794379, -0.05007808776528727, -0.6106860769398268, -0.09565075233073515, -0.3958938432957919, -0.07215448020794754, 0.4535954177376284, 0.4089422167669507, 0.49912780623849823, -0.015960535072401638, -0.2335142199239258, -0.14101477290773978], [-0.6361578195685549, -0.033815794173323005, 0.2684619256219107, -0.406042408096238, -0.2819770653734872, 0.2190958218559244, -0.5871618041586621, 0.29123361175449525, -0.02140160764030863, -0.5814313120347796, 0.06435754091544213, -0.23829149737743033, 0.6089417934783492, -0.11550730617786019]], "inverted": true, "swapped": false, "error_lsq": 0.04127384132836799, "error_max": 0.25318556837918726, "target": "459.xyz", "model": "19.xyz", "model_rescale": 4.410303926677745, "target_rescale": 3.9639489336060345},
{"mapping": [2, 10, 5, 0, 3, 1, 6, 9, 7, 4, 12, 11, 8, 13], "R": [[0.09612176481054613, -0.5862849438223546, -0.8043821050824818], [-0.9202321842620169, -0.3603598365195268, 0.15268763955205222], [-0.3793854680638987, 0.7255416961628315, -0.5741566979066759]], "T": [-0.0734426421995703, -0.0937590639921728, -0.15802479117177662], "aligned_model": [[-0.4192938989988033, 0.406706653738189, -0.17996133309875462, -0.6396416031686439, -0.2803726321376198, -0.7439494682768886, 0.13308828517561605, 0.4611324268436925, -0.3220776768526494, 0.1927787021288513, 0.31823425381468196, 0.7209290932499116, -0.021740791090343978, -0.05250330006691803], [0.37911516249920635, -0.6863613111732776, -0.7444134602284818, -0.2377875395056933, -0.7101279509233055, 0.012891080876295577, -0.2495698175301887, -0.051895636357459474, 0.4456764506824886, 0.32070674470119165, 0.5006321446941118, -0.02275299465867721, -0.1205468888500884, -0.11595228208463114], [-0.46687038664735203, 0.14761101048374045, 0.35614769750869424, -0.5725533274169138, -0.4793222704490382, 0.16160974068554687, -0.6772297683224195, 0.2736390546303453, 0.2344584696336469, -0.6604565619247472, 0.09488475284281303, -0.3840004724528946, 0.6085695686030274, -0.08618342814897129]], "inverted": true, "swapped": false, "error_lsq": 0.047887623014918425, "error_max": 0.29336991361647624, "target": "459.xyz", "model": "20.xyz", "model_rescale": 4.121658175737393, "target_rescale": 3.9639489336060345},
{"mapping": [11, 6, 4, 1, 2, 9, 3, 7, 0, 8, 5, 12, 13], "R": [[0.359822459218607, -0.6464841608010439, 0.6727451431822038], [-0.8626031178250211, -0.5053017410559688, -0.024207676558471614], [0.3555891716017612, -0.5716015922993714, -0.7394781678456752]], "T": [0.06150473677261714, -0.15768571186733454, -0.12272602889297728], "aligned_model": [[0.21279338667856634, -0.114839104929233, 0.2111945565302039, 0.5144243996034933, 0.6342044287800698, -0.4291236237083146, -0.44140575389242276, 0.49732014893697674, -0.6225122167993924, -0.2165549177962508, 0.06796127456724468, 0.5599824599799103, 0.007637866713442666], [-0.7506560978186674, -0.046074824560322594, 0.47445238057880285, -0.18312216386350816, 0.2960750893446782, -0.7093270562470315, 0.6041216420765705, -0.5142248012371777, -0.028827298403880597, -0.11868434067657302, 0.5308103882885449, -0.00977784104825219, -0.003938172270000095], [0.4502357684546013, 0.638306407111747, 0.35085129815420185, 0.47780426831235573, 0.05240164135650334, 0.1563064749947844, 0.0696918652316847, -0.1964266358468481, -0.05732714915447694, -0.5106492724614448, -0.4734622787202914, -0.5991906882820686, 0.011568040331040932]], "inverted": false, "swapped": true, "error_lsq": 0.0465468022131212, "error_max": 0.2693342060659358, "target": "459.xyz", "model": "21.xyz", "model_rescale": 4.08911054899281, "target_rescale": 3.9639489336060345},
{"mapping": [11, 7, 4, 1, 0, 2, 6, 12, 15, 5, 9, 10, 3, 16], "R": [[0.6284147916970657, 0.6118109133385794, -0.48039801820589045], [-0.14194622388219275, 0.6973966474218991, 0.7024878544788388], [0.7648177031828698, -0.37326307409722304, 0.5250986177981914]], "T": [-0.040516955940528405, -0.06639696285502142, -0.10576262182619446], "aligned_model": [[-0.38324159959695236, 0.47331847015142625, -0.34961266151110154, -0.7458484420381495, -0.21441401313978137, -0.6876974791489273, 0.17901278021379408, 0.5460113388907856, -0.5216883637948002, 0.3071525850322023, 0.4078529829881677, 0.7236725623416466, -0.12078614471850824, -0.040403304409480915], [0.4772925516639299, -0.5569329210106053, -0.5698086528644914, -0.1409948951012389, -0.7980702386251239, -0.1398081596743149, -0.4702130543147155, -0.0300522926965796, 0.43859286845304146, 0.3709428682054329, 0.4802143479047579, -0.016794300238926335, -0.21265978799924043, -0.11209463156043444], [-0.5214963836151211, -0.13958298046882772, 0.2648162510570257, -0.4620504612060274, -0.2914866891964782, 0.20572091856481034, -0.6925363327008369, 0.3410406126601178, 0.10629011791834579, -0.53656282655687, -0.017853098012946322, -0.3601036629972726, 0.7465535557794136, -0.0924449421998559]], "inverted": false, "swapped": false, "error_lsq": 0.042512083889787056, "error_max": 0.2906932910966183, "target": "459.xyz", "model": "22.xyz", "model_rescale": 4.204369325754507, "target_rescale": 3.9639489336060345},
{"mapping": [10, 0, 4, 14, 12, 13, 1, 8, 11, 2, 5, 6, 7, 15], "R": [[0.08980023103614115, 0.22229330607473038, 0.9708355188085271], [-0.8865664022168341, -0.4263068991234596, 0.179617488625243], [0.4538016449575238, -0.8768398450310677, 0.1587953185699716]], "T": [-0.11579151707831135, -0.1709124584836908, -0.09081263228640019], "aligned_model": [[-0.3344211357923523, 0.43606900408816307, -0.026196928337723566, -0.8127622520250181, -0.3807337489740255, -0.7070801699459509, 0.25641850434667335, 0.5296228340768898, -0.46847441160955083, 0.30656751228530565, 0.35136038943433123, 0.6001158382232135, -0.07051114573963571, -0.10664557876999904], [0.3512979909288719, -0.5769612038073653, -0.8014357572794379, -0.05007808776528727, -0.6106860769398268, -0.09565075233073515, -0.3958938432957919, -0.07215448020794754, 0.4535954177376284, 0.4089422167669507, 0.49912780623849823, -0.015960535072401638, -0.2335142199239258, -0.14101477290773978], [-0.6361578195685549, -0.033815794173323005, 0.2684619256219107, -0.406042408096238, -0.2819770653734872, 0.2190958218559244, -0.5871618041586621, 0.29123361175449525, -0.02140160764030863, -0.5814313120347796, 0.06435754091544213, -0.23829149737743033, 0.6089417934783492, -0.11550730617786019]], "inverted": true, "swapped": false, "error_lsq": 0.04127384132836799, "error_max": 0.25318556837918726, "target": "459.xyz", "model": "23.xyz", "model_rescale": 4.410303926677745, "target_rescale": 3.9639489336060345},
{"mapping": [12, 11, 9, 6, 14, 15, 7, 10, 5, 0, 2, 1, 8, 16], "R": [[-0.5799508895695895, 0.4141399433800743, 0.7015305217769151], [0.8142785946404121, 0.320742143242461, 0.4838128231647732], [-0.024644187912716553, 0.8518289645494461, -0.5232399823759087]], "T": [-0.01919380002164455, -0.14151746944473967, -0.11749408082024632], "aligned_model": [[-0.3157942125060387, 0.24870438243169013, -0.11560731452238027, -0.7269605944862065, -0.4186117523728436, -0.6260362379758198, 0.28509940396556893, 0.388306423757375, -0.40899286692997205, 0.23608564910191843, 0.18109877079420963, 0.8184383262476914, -0.05137250535729531, 0.0789712391124234], [0.3532689539657182, -0.7126057711915322, -0.5668910201538815, -0.10699307001020159, -0.6831770004651888, -0.27628687424708664, -0.2139453063980884, -0.28726870551779327, 0.3438632316663457, 0.45438143845243517, 0.742431492451586, -0.16246815201478573, -0.09148551278927797, -0.07321000160675804], [-0.6773069292852238, -0.17050541976699288, 0.3321521803752601, -0.39276180551175494, -0.18974532170175518, 0.23306783077569881, -0.7040865723539798, 0.36880221885603215, -0.027692656253367365, -0.5049507951875316, -0.010671470775537872, -0.30261252806875183, 0.7023644444696975, -0.1057490965463159]], "inverted": true, "swapped": false, "error_lsq": 0.043175420759196115, "error_max": 0.23972325310059941, "target": "459.xyz", "model": "24.xyz", "model_rescale": 4.28219845311461, "target_rescale": 3.9639489336060345},
{"mapping": [9, 14, 2, 7, 13, 4, 12, 6, 1, 5, 5, 10, 0, 15], "R": [[0.781403445504378, -0.3741903536758211, -0.4993898623018402], [0.52892476043279, 0.8218033296850028, 0.2118440112907581], [0.33113026614159374, -0.4296753036126314, 0.8400784965170758]], "T": [-0.08698705292792959, -0.09390246382648779, -0.13730984090150405], "aligned_model": [[-0.3021113002650197, 0.4452222261838206, -0.08542337578219705, -0.8057050100979058, -0.3544292883913384, -0.6876403462703508, 0.08104297908532503, 0.5050244534958843, -0.13762723446309832, 0.23100566537874573, 0.23100566537874573, 0.7065465774538049, -0.15524163764490262, -0.09834066280119294], [0.18393580010481722, -0.6350960844977627, -0.6733209371083703, -0.15813713287497128, -0.5772803418863547, -0.1252774766565089, -0.4818525457133759, -0.24423743806140952, 0.4448639968061182, 0.6696346715829725, 0.6696346715829725, -0.09216067766044615, -0.15856587061042346, -0.10252693286576715], [-0.7147188304246657, -0.20061365647921348, 0.22745283827688423, -0.4286248097648859, -0.3557976772441245, 0.2784783296764135, -0.7742404042587712, 0.5253506353188706, 0.20480661844848258, -0.3402195618830005, -0.3402195618830005, -0.13979227156820856, 0.6730691614942979, -0.06462673068360078]], "inverted": true, "swapped": false, "error_lsq": 0.050086939401017085, "error_max": 0.3404039709683555, "target": "459.xyz", "model": "25.xyz", "model_rescale": 4.100010024507729, "target_rescale": 3.9639489336060345},
{"mapping": [4, 6, 9, 11, 5, 8, 0, 7, 1, 12, 2, 13], "R": [[-0.8515823561329411, -0.5098259149272001, -0.12200420972946929], [0.4086510438429845, -0.4998397230599701, -0.7636521299763211], [0.32834709544795454, -0.7001698277703604, 0.6339955813654509]], "T": [0.06725136793609447, 0.19489229430418648, 0.02326655271765575], "aligned_model": [[-0.5903308510321343, -0.11419191996336321, 0.5653224103404436, 0.6210924855926565, -0.5898769437762603, 0.042638439027943585, -0.1064264872420715, 0.45353980210285777, 0.07190639386729789, -0.013020943342216346, -0.36437839814875644, -0.0995083850633907], [-0.2186535333452782, -0.5614784690843255, -0.14925044643162083, -0.417325569611898, 0.6004867763393578, 0.5722206826837284, 0.11047037302280932, 0.2582240262108981, -0.3854120322510883, 0.7030820408173573, 0.08241947146207643, 0.07134807023862262], [-0.18372757397242917, 0.15633086382407096, 0.5296009381589492, -0.12246147794344366, -0.004301215450401838, 0.3171036034921597, 0.6951814571461669, -0.38814238320464933, -0.4559464388062833, -0.4590973016618378, -0.581381371268257, 0.06203318954031238]], "inverted": true, "swapped": true, "error_lsq": 0.0437635561735763, "error_max": 0.21456169822853624, "target": "459.xyz", "model": "26.xyz", "model_rescale": 3.6694154284099745, "target_rescale": 3.9639489336060345},
{"mapping": [12, 8, 4, 11, 10, 2, 9, 5, 6, 3, 1, 7, 0, 13], "R": [[0.25991903424763485, 0.678049989543221, -0.6875247685110806], [0.5145974820078334, -0.6997317982556718, -0.49554499495109583], [-0.8170872212603588, -0.22499693817988278, -0.5307964305293543]], "T": [0.0118158926488954, -0.1490182971426787, -0.10728917355736375], "aligned_model": [[-0.45203057473616315, 0.34820372525578525, -0.18727173852699752, -0.7257239155120889, -0.26232674945535306, -0.6181085440688933, 0.07573412299056201, 0.5806951575204581, -0.20902877852215473, 0.28535439761720105, 0.2793395467687206, 0.5900530546339791, -0.09104112331708916, -0.040519869387645915], [0.27378067992676747, -0.6911842887082205, -0.7596976622609678, -0.2437961663147948, -0.6688608161868498, -0.050286436720307, -0.30982657484574594, -0.08064561716665833, 0.4985015997519965, 0.39496070780807135, 0.5419453559213726, 0.022948358006510378, -0.06696466909030552, -0.1412607679793776], [-0.5929024899325237, -0.1427356979827738, 0.4055123457660692, -0.5353401706806546, -0.2357426167441822, 0.1284582971959765, -0.7667728300057368, 0.438311466428732, -0.05128876154770447, -0.6384150991211973, 0.37296802662448303, -0.28672656858604706, 0.5404924096349631, -0.08551423202392663]], "inverted": false, "swapped": false, "error_lsq": 0.04976435066970492, "error_max": 0.4211236272144878, "target": "459.xyz", "model": "27.xyz", "model_rescale": 4.103607728864725, "target_rescale": 3.9639489336060345},
