[{"mapping": [0, 2, 3, 7, 1, 11, 6, 10, 4, 9, 14, 15], "R": [[0.6425058070208401, -0.46589175050779147, -0.6083840602393235], [0.08435491434217794, 0.8321214645349052, -0.5481405993781236], [0.761623618574702, 0.3008633328756937, 0.5739431318171747]], "T": [-0.05737327930649505, -0.02384176032790882, -0.03770500492717851], "aligned_model": [[-0.18848251156553855, 0.2675343824592448, 0.32214953166419014, -0.004911839612085911, -0.18218955015856542, -0.5897604696409585, 0.40664131980139007, -0.3554872432551891, 0.48855470792542455, 0.21777082395385156, -0.44151217225101164, -0.10266451686020345], [-0.4875059734831284, -0.6946039859202171, -0.21391661034231596, 0.6783186772841412, 0.23593654644069642, -0.5604979626999167, -0.17092823901719098, -0.47086056539761784, 0.18572215521670363, 0.3348796722470177, 0.2119857413732948, 0.0050255802755903925], [-0.5470110771618159, -0.07058258387293481, -0.542189315396074, -0.07964816374804162, -0.6873113352633473, -0.15972931471855747, 0.4902374849519669, 0.5925187444308667, 0.11342780035152933, 0.5499040432753869, 0.5451781512135889, -0.02284268870900531]], "inverted": false, "swapped": true, "error_lsq": 0.04482473829932948, "error_max": 0.22545786113938915, "target": "46.xyz", "model": "0.xyz", "model_rescale": 3.751011558992144, "target_rescale": 4.11853082372112},
{"mapping": [11, 12, 10, 2, 8, 9, 1, 0, 14, 4, 7, 5, 3, 6, 15], "R": [[0.5444037116707097, 0.6084768930924647, 0.5773910886840015], [-0.7266892017892161, 0.6859317320015277, -0.03768903071633245], [-0.41898377381720514, -0.3990658211447407, 0.8155973686028952]], "T": [0.032800754156999595, 0.06295040834708815, -0.023588044412373464], "aligned_model": [[0.12097503800736861, 0.16890016601208022, -0.5323003765522436, 0.31407604056211, -0.2477650047864576, -0.5193019300449271, 0.5395279881963448, 0.5779408328979633, -0.6738186144012578, -0.0014443590093387304, -0.07882016739438055, 0.5081525241345133, 0.6544785894886002, -0.29079416663916624, -0.000720349382174898], [-0.1040414475006119, -0.5979095891207469, 0.30468737366490795, 0.6545047833503277, -0.6533205685943044, 0.2995280773857034, -0.4095953730319211, 0.020855740234196604, -0.1404544035499663, 0.42441813972420245, -0.28470011921213967, 0.058870688850712255, 0.2674829263251319, 0.689886080698827, 0.018545040602786896], [-0.7656560654890451, -0.3421808778747862, -0.5786589169251832, -0.38068120008076656, 0.12021863268164762, 0.41101909989884894, 0.1344633691641608, -0.4624697392074966, -0.07097605786879499, 0.4590752732016786, 0.5799188668438597, 0.6060018918921951, 0.056121116361928215, 0.1102224297144749, -0.026751417460745774]], "inverted": true, "swapped": true, "error_lsq": 0.03897095806168103, "error_max": 0.23124945557045284, "target": "46.xyz", "model": "1.xyz", "model_rescale": 3.9405287249114394, "target_rescale": 4.11853082372112},
{"mapping": [9, 7, 4, 12, 1, 6, 14, 8, 0, 2, 11, 10, 15], "R": [[0.7946212037629649, -0.5707392590035439, 0.20696338024486965], [-0.605788717177088, -0.7678431538756839, 0.20841526140659933], [0.03996464276376073, -0.2909872665226584, -0.9558918547882062]], "T": [-0.06452878108530358, -0.07219232110473892, -0.08371523365152436], "aligned_model": [[-0.38102558347446897, 0.2905708917239261, -0.39388848296355494, 0.5885570847762561, 0.5108616117975832, -0.7346383336199325, -0.013596234028296864, 0.5867622504961346, 0.060312427305676306, -0.6074308902988642, 0.0694202431588326, -0.45169822712626334, -0.02822347846309669], [0.5964432537267038, 0.4768216750561941, 0.2693354074416199, -0.3345950966613096, -0.25509618158604164, 0.1853516232778704, 0.3905388578227027, 0.2902294941240544, -0.7575820443362768, -0.5790763709060555, -0.6579780129049145, -0.1179289465222364, -0.04763106496029394], [-0.0344610010990592, -0.34834434347205945, -0.45744845961026936, 0.16404274278144368, -0.4585809804848646, -0.06664018366792761, 0.4874378150513591, 0.15484720661259552, -0.16259747839363442, -0.15367055526071266, 0.39087797567923044, 0.6469609620670868, -0.0493033506145443]], "inverted": true, "swapped": true, "error_lsq": 0.04088572106416563, "error_max": 0.23836256610217849, "target": "46.xyz", "model": "2.xyz", "model_rescale": 3.932901565614263, "target_rescale": 4.11853082372112},
{"mapping": [13, 10, 14, 11, 8, 7, 9, 1, 0, 5, 6, 2, 4, 15], "R": [[0.9054327643461979, -0.28448849252363456, 0.31505207009323416], [-0.403063469910172, -0.8090017068126973, 0.42785053184273836], [0.13315910961092403, -0.5143758703475234, -0.8471635707063032]], "T": [0.013468826236637213, -0.06182333353457762, 0.08748044836666924], "aligned_model": [[-0.16840401054841397, 0.5011650216897179, 0.19163499000478407, -0.18180217473162968, -0.46404940041533255, -0.22588268686504231, 0.49896542581236597, -0.6481092909116252, -0.30034812926593746, -0.22296723701463955, 0.719300101594594, 0.38086025342262214, 0.34759778155209436, -0.008150732270853896], [0.15239979673296356, 0.20947400622846538, -0.4068924770676677, 0.5565378552327891, -0.5123092868561598, -0.7177384137241231, -0.6179195874935504, -0.09067746669157367, 0.5487254016585382, -0.3713663936459175, -0.15029527772463874, 0.5336079806849628, -0.38295886444594374, -0.08709063453765598], [-0.6697285291953391, -0.5244263224899313, -0.5387097604464147, -0.31973522982326974, -0.33852467713303896, 0.1876152182026572, 0.018780045090745545, 0.34542247375245727, 0.23001454587550993, 0.7735128959659504, 0.18567504514289834, 0.34642634315937926, 0.474811493829039, 0.04276282112645381]], "inverted": false, "swapped": true, "error_lsq": 0.0417383979721478, "error_max": 0.23965299431762435, "target": "46.xyz", "model": "3.xyz", "model_rescale": 3.9243930471874484, "target_rescale": 4.11853082372112},
{"mapping": [3, 0, 5, 4, 7, 2, 6, 1, 8, 13, 14, 10, 15], "R": [[0.15156339025905624, 0.6215205148053915, -0.7685966356999114], [-0.713853507049306, 0.6066681629064539, 0.34980982060130217], [0.6836970887802492, 0.49564704154443395, 0.5356232827292543]], "T": [-0.001620556794833465, -0.07611386845630344, -0.09019916330295162], "aligned_model": [[-0.007929616853205305, -0.40815552135645033, 0.58255296843504, 0.3271275513271396, 0.6865865375372749, -0.5456463394023807, -0.0869669706807597, 0.30122319759201166, 0.3852919245051805, -0.4078729294303659, 0.03606580429251805, -0.5963750268088954, 0.011304307154245002], [-0.4053691670184233, 0.013426429100863488, -0.37460987382097943, -0.5682425177433499, 0.05810722821922573, -0.5504486223917442, -0.6407076232017166, 0.21285470715487428, 0.5860497252989098, 0.5740092893445277, 0.25654011151233347, -0.005794912199594382, -0.027985220573339423], [-0.6613572642647746, -0.6543610782367207, -0.5283781956969593, 0.03033963016216938, -0.013411118058898705, -0.27890628086933283, 0.34525133303106803, -0.6645118632216734, 0.06562036306125772, 0.1640322340921071, 0.5661933573300245, 0.48181664647097866, -0.06525744842828174]], "inverted": false, "swapped": true, "error_lsq": 0.04079643083320157, "error_max": 0.28684393421126675, "target": "46.xyz", "model": "4.xyz", "model_rescale": 3.8936222436046832, "target_rescale": 4.11853082372112},
{"mapping": [10, 11, 2, 6, 3, 1, 8, 7, 9, 14, 4, 15], "R": [[0.8846503419297588, 0.4328220399998547, 0.17337489499326342], [0.3195479894509846, -0.2920375808782224, -0.9014450253857021], [-0.33953328991631193, 0.8528652490547143, -0.39665855845228626]], "T": [-0.17942493694929063, -0.010248832032812735, -0.03386430379364766], "aligned_model": [[0.1602187574758277, -0.6110981217797715, -0.3521347015744875, 0.3688286843914961, -0.6006472845969144, -0.7106933530893865, -0.1370148288139409, 0.03494581527050428, 0.5452407209984893, 0.32696912340100637, 0.17095544649629324, -0.1680222159640187], [-0.6278651452235118, -0.5890317471196794, 0.1042350117717569, 0.17068468925942737, 0.45715135412616287, 0.1859958316097436, -0.3345779360984913, 0.24685392642944132, 0.12168414344744066, -0.49740414558804996, 0.4790968541164556, -0.04789993162088861], [-0.4686883743785809, -0.2888045533787028, -0.7505460140833699, -0.4608868799857726, -0.2307887359628073, 0.3954306490693207, 0.6770883197058518, 0.5870093255046556, 0.050534223735631156, 0.18788968029847755, -0.08455861428825429, 0.0056056930390692775]], "inverted": false, "swapped": true, "error_lsq": 0.041596570529477885, "error_max": 0.2137274525803872, "target": "46.xyz", "model": "5.xyz", "model_rescale": 3.6523030999806103, "target_rescale": 4.11853082372112},
{"mapping": [8, 14, 10, 12, 11, 7, 6, 1, 4, 3, 2, 0, 15], "R": [[-0.8708536331039464, -0.11952775639960304, 0.47678828127349593], [0.4471325189112209, -0.5955354249979697, 0.6673904914700196], [0.2041726236344231, 0.7943869793888648, 0.572068935300346]], "T": [-0.013615065818304323, -0.035508785021372634, 0.01492675155175067], "aligned_model": [[0.17663791655382804, -0.05911570783042047, 0.14898037278292525, 0.6308341081107228, 0.6940373160313551, -0.3423416726193088, -0.5428056733407621, 0.24912040629867602, -0.6023593170721603, -0.017683215766293392, 0.03372025808581443, 0.5085771573171649, 0.0034809561127530572], [-0.5896262694926028, 0.02661272022929085, 0.6284745546337529, -0.3836303582739989, 0.25558804647277406, -0.6283612728035544, 0.4467054269171312, -0.6229445797899694, -0.03919533681821926, -0.09336612045915071, 0.5506409729820911, 0.048311801995241564, -0.058382681429603324], [0.5337708841953648, 0.7477300563380823, 0.4824399276746978, 0.15725388231888537, 0.043504248174165934, 0.20987663507519316, 0.07055055700225027, -0.2866383546290853, -0.11984024264297725, -0.6418124745162586, -0.44415463061957455, -0.44535164230190905, 0.06278089341295418]], "inverted": false, "swapped": true, "error_lsq": 0.04294144322621029, "error_max": 0.2383844138087918, "target": "46.xyz", "model": "6.xyz", "model_rescale": 4.08911054899281, "target_rescale": 4.11853082372112},
{"mapping": [11, 2, 0, 13, 8, 7, 12, 1, 14, 10, 9, 6, 4, 3, 15], "R": [[-0.33833564131027155, -0.7610443277351915, -0.5534803745764235], [0.08486770108460084, 0.5610931208863786, -0.8233905409989837], [0.9371907314585343, -0.32555497372344744, -0.12524971837151339]], "T": [0.06745314002525546, 0.0021620213620782494, 0.02470740742077558], "aligned_model": [[0.10565327136077177, 0.48830003888831996, 0.5811588899500032, -0.3914678702613008, -0.38581757752871004, -0.1256290307173099, 0.028426149045139543, 0.43767940742129474, -0.667948596069419, -0.42050046908176697, -0.4033584037523884, -0.08455963183930898, 0.12949938173841366, 0.7212100070437392, 0.023687973602076473], [-0.6218270329660515, -0.5151515329921326, -0.3436717542388851, -0.4338452101647592, 0.36514112720063746, 0.6773910765054493, -0.04840856405720164, 0.36119548005656893, -0.0319489091873005, -0.6498726516100999, 0.27451264583025575, -0.12375040690135844, 0.3204840653677425, 0.05850712960465202, 0.012003353721596062], [-0.41745132222421055, 0.35913596683476473, -0.3040359738164949, -0.47691387838778876, -0.49991954881543677, -0.041062721100896135, -0.7187170269096302, -0.4642504036607863, -0.006127707462853432, 0.17514604090154784, 0.528524204356505, 0.7151459858744367, 0.5342335274207465, 0.08872006060494066, -0.008357171532763337]], "inverted": false, "swapped": true, "error_lsq": 0.045035363198265004, "error_max": 0.2674366762000358, "target": "46.xyz", "model": "7.xyz", "model_rescale": 3.964800864290218, "target_rescale": 4.11853082372112},
{"mapping": [3, 5, 1, 2, 12, 6, 0, 7, 9, 14, 10, 13, 8, 15], "R": [[-0.15541326729994354, 0.8520342009009055, -0.4998844234843811], [-0.8919171641757192, 0.09650310538824391, 0.44178153299925155], [0.42465337464324904, 0.5145142088859951, 0.7449460653352827]], "T": [-0.03024651142030167, -0.0654141560137652, 0.036606290715974286], "aligned_model": [[-0.21259751381250414, 0.33341334641124787, 0.34250438332892685, -0.738523574139433, 0.2058349696748285, -0.3409389233578557, -0.3788392185354418, 0.6469117299977983, 0.1771478127609947, 0.1856935212000381, -0.5002205466119565, -0.08512414514965123, 0.6216606349804531, 0.004265412713427657], [-0.1567717509396095, -0.41880227698730726, 0.24138804005536096, -0.18146411552130748, 0.6406209991296556, -0.6514685042556101, 0.36283325816809164, -0.26177507804602895, -0.6275735185622864, -0.01191258534878896, 0.054918851638861746, 0.5728328045766141, 0.2861128092809889, -0.03799046700743233], [-0.5903485194101553, -0.5677344914464091, -0.4849121054126911, -0.16697144990715684, -0.013794837045512688, 0.311702235959642, -0.3954285288902349, 0.015634506041958672, 0.47322303647075675, 0.7390573976210739, 0.7078172079074424, 0.528504630432402, 0.2893660244933404, 0.07069993191056517]], "inverted": false, "swapped": true, "error_lsq": 0.039449438387271545, "error_max": 0.2984406500643511, "target": "46.xyz", "model": "8.xyz", "model_rescale": 4.121658175737393, "target_rescale": 4.11853082372112},
{"mapping": [0, 3, 1, 12, 2, 10, 4, 14, 7, 6, 13, 8, 15], "R": [[0.03446698752729184, 0.7967956298734183, -0.6032650752243298], [-0.795466188420694, 0.3872917212994009, 0.46608868865528236], [0.6050169996374044, 0.4638122969775274, 0.647172761573124]], "T": [-0.03572731280768817, -0.10406665467446133, -0.06429983488103735], "aligned_model": [[-0.4592949511245919, -0.1778578885029559, 0.27307049173660114, 0.040144731623979406, -0.6957489966604524, -0.5371636448613714, 0.1707911938304412, 0.14562561944388516, 0.6683621055416131, -0.21636427127473243, -0.24208210442576766, 0.516218459138051, -0.00896324802950213], [0.1368921436648511, -0.36217365294046033, 0.16165256206724418, 0.6101922767590269, -0.4133798076152334, 0.04696595235543777, -0.6699833502688869, 0.14113717186948718, -0.1461351330564761, -0.6735822780339864, 0.5945810455435162, 0.42742983249334177, -0.06320932342615182], [-0.5683793145595832, -0.654088024880646, -0.6466137264486402, -0.2663839545820801, -0.22324837188267704, 0.5772845152650417, -0.020895608861677434, 0.6064581473717676, -0.05891045000032491, 0.3340586682332333, 0.2844748846138801, 0.09478808683656734, -0.03746941714577224]], "inverted": false, "swapped": true, "error_lsq": 0.042409889301492795, "error_max": 0.25923930083549157, "target": "46.xyz", "model": "9.xyz", "model_rescale": 3.833441315466971, "target_rescale": 4.11853082372112},
{"mapping": [6, 9, 13, 12, 8, 14, 7, 1, 0, 11, 2, 3, 4, 10, 15], "R": [[-0.2900904712289149, 0.7471669689572145, 0.5979874906730703], [0.9304858972757393, 0.07414648498348231, 0.3587454442018141], [0.22370407567397785, 0.6604875617783301, -0.716737516293774]], "T": [0.03413576833511663, 0.010460410697668808, 0.02413041300179357], "aligned_model": [[0.3073614957158112, -0.019313263464044134, -0.6722574070601959, -0.440715832922184, -0.603188631807159, -0.5767825655919969, -0.09340112742348863, 0.07746543828114158, 0.21807371786557656, -0.25713256900124093, 0.5181659773619914, 0.6013684219808585, 0.4156105393391731, -0.3319228534448536, -0.019486321534857125], [-0.6525709210546842, -0.6147488889273094, 0.07553172665159391, 0.5763305532707858, 0.23690003112382427, -0.38977777982102935, 0.07129402555037115, 0.676800736876288, 0.5066860235701429, 0.27818426233343463, -0.10871076617539957, 0.3414233273338949, -0.3076723295972024, -0.5023616428194669, 0.013793180979734612], [0.06160584535750083, -0.37074459246101005, 0.41027691317668785, 0.1293317353402145, -0.3695500731306364, -0.07343112381436369, -0.6669371111218912, -0.219108901173248, 0.4840149424342869, 0.6797313793580492, 0.5791807481111864, 0.08227761081922196, -0.31947413500765154, 0.5616193419008757, 0.009329328032870116]], "inverted": true, "swapped": true, "error_lsq": 0.04554618455704387, "error_max": 0.3021255728560352, "target": "46.xyz", "model": "10.xyz", "model_rescale": 4.2482417240324, "target_rescale": 4.11853082372112},
{"mapping": [6, 10, 11, 13, 5, 1, 3, 8, 14, 7, 9, 15], "R": [[-0.7970308098372533, 0.4169259242141906, 0.4369378238243003], [-0.3672250563721259, 0.23980496039569832, -0.8986875646976021], [-0.47946600102891695, -0.8767361944665913, -0.038026295764617024]], "T": [-0.08203246259083917, 0.06006821880514994, 0.08109297528615217], "aligned_model": [[-0.6609045618811901, 0.044345434801432174, 0.4421302798265434, 0.6054042559859681, -0.44268670869865867, 0.1996953084247569, -0.34218541541848735, 0.47074824939761317, 0.16635096474124328, -0.09512806587822929, -0.4707320478520733, -0.040272091085911906], [-0.326684923750102, -0.7507011572093635, -0.31247955685897194, -0.353840095531289, 0.7591435356085477, 0.6768617463532386, 0.37486128492676285, 0.32959705913648735, -0.28210180124926515, 0.5651033190092686, -0.07301565979353998, 0.05938763940886578], [-0.09496483455219229, -0.030984532759892547, 0.49677014144498244, -0.010805769416302624, 0.14093989190300432, 0.2938074834024855, 0.598679875063548, -0.4028794480605744, -0.5223599423028025, -0.41115570588077893, -0.5360545362149041, 0.044199667227783825]], "inverted": false, "swapped": true, "error_lsq": 0.04521897396924018, "error_max": 0.24627721692800586, "target": "46.xyz", "model": "11.xyz", "model_rescale": 3.6694154284099745, "target_rescale": 4.11853082372112},
{"mapping": [8, 7, 4, 9, 14, 12, 13, 0, 6, 2, 3, 10, 1, 15], "R": [[-0.7149400614629486, -0.2325283294383925, -0.6593870521355003], [-0.6981621601267664, 0.28843136806367764, 0.6552686045310292], [0.03781939558589109, 0.9288368650766965, -0.36855362078266457]], "T": [0.0002505613747627797, 0.1081650278660863, 0.012515719195889959], "aligned_model": [[-0.04063801390208533, -0.11960424297416078, 0.10038436142594856, 0.5312950691898558, 0.5728872127256166, -0.3318142901045214, 0.2566373844815279, -0.4489712749932074, 0.5170238769292302, 0.023512925140842113, -0.49923509732432164, 0.6890785936104873, -0.6664631329875406, 0.014171479038137941], [-0.3256380145628527, 0.2818014614261854, 0.6917754958359621, 0.48259256610561396, -0.18677190288107348, -0.5446875537002939, -0.657613938772433, -0.13817058104580243, 0.5738140834354872, 0.3053942134655779, 0.41211707259126384, -0.22065842704309369, -0.012837852423644422, 0.06987066570535691], [-0.6375494026712537, -0.6605562874937643, -0.10651188489739524, -0.34450737053975267, -0.34529644626948064, -0.12988098318252855, 0.026046616935117402, 0.4911442996961309, 0.19079513583287247, 0.7316314247209028, 0.3171428083158366, 0.33387346276202134, -0.20173508537940787, -0.025500828176882852]], "inverted": true, "swapped": true, "error_lsq": 0.039553079971373806, "error_max": 0.2169010546894594, "target": "46.xyz", "model": "12.xyz", "model_rescale": 3.9764082729961374, "target_rescale": 4.11853082372112},
{"mapping": [6, 12, 4, 5, 0, 9, 7, 1, 10, 2, 3, 14, 13, 11, 8, 15], "R": [[-0.6708624744075825, 0.2071842839022734, -0.7120521139183833], [-0.5878927904375219, -0.733851812794502, 0.34035802298433887], [-0.452023901340759, 0.6469437296721607, 0.6141157897779167]], "T": [-0.0799685801331996, 0.011342758335175052, -0.01921718041410373], "aligned_model": [[-0.5196990389900502, -0.4890315873549155, 0.21539546572731536, -0.16894749242652365, 0.504256806138278, 0.033942872381988815, 0.6180646648934486, 0.05197696872159302, -0.28975979526042883, 0.6101969666600199, 0.20258197687423782, -0.47560312735297194, -0.6823192875927432, -0.35810178248298974, 0.21045471488469128, -0.0430313996928678], [-0.5907908349151281, 0.31408573535828493, -0.6431460634701275, -0.5786093248883151, -0.2046269360502374, -0.002114866901633993, -0.19482732636286712, 0.5573513942428765, 0.7830816234508731, 0.3958396495029891, 0.020066899254670232, -0.18273397996595678, 0.03013000336103357, 0.42283141817639674, 0.5227380551830304, -0.057505660992728774], [0.14730928935047694, -0.40422066213106095, -0.0028408461465514803, -0.6081681108846138, -0.3922395961551364, -0.6094223988140157, 0.18395069090456642, -0.3155067683388474, 0.06173755436800054, -0.12918614243531282, 0.7735832480756992, 0.6475778137720172, 0.08708997284580067, 0.6003501713097721, 0.37293329672623343, 0.05483830304416152]], "inverted": false, "swapped": false, "error_lsq": 0.03946207678418884, "error_max": 0.24627414285133847, "target": "46.xyz", "model": "13.xyz", "model_rescale": 4.170626492500431, "target_rescale": 4.11853082372112},
{"mapping": [4, 7, 6, 14, 2, 11, 10, 5, 3, 8, 1, 13, 0, 15], "R": [[-0.1759980436071915, -0.5017462037160533, -0.8469211508180499], [-0.2909239109544681, -0.7954083667963204, 0.5316848766566218], [-0.9404190378131432, 0.33996511157314235, -0.005979651466687719]], "T": [0.0024364380104370895, 0.001310594453373063, 0.03511562725259288], "aligned_model": [[0.23975285332050267, 0.09051927926651317, -0.11425828227565386, -0.683786881708248, 0.2130289855641997, -0.2591391017075649, -0.6873479834485842, 0.6872026553478676, 0.6267302145997584, -0.31940862561570577, 0.4322435209426435, -0.6424484593075324, 0.29700066939655495, -0.03690582228310736], [-0.30347679075820705, -0.6861039184067967, -0.0019510001421868782, -0.26635686924871876, 0.6169120456060707, 0.6195207301970294, 0.3819682614168567, -0.39031494512195003, 0.21267517586882023, -0.4720412454683412, -0.13410270183208128, 0.24989455956457063, 0.5523507343712775, -0.022899568120677023], [-0.4291914862112918, 0.16642979998234878, -0.6734314475958612, 0.015577006691027143, -0.32992343833692805, 0.40351812078606253, -0.220182070223171, 0.025944936240520557, 0.019218256423357376, 0.5687778879935328, 0.5846439388073477, 0.45304408465069207, 0.3531619860536963, 0.06628552585953279]], "inverted": false, "swapped": true, "error_lsq": 0.037784498691005426, "error_max": 0.21688253934960916, "target": "46.xyz", "model": "14.xyz", "model_rescale": 3.9786697098870705, "target_rescale": 4.11853082372112},
{"mapping": [6, 7, 10, 2, 14, 13, 1, 12, 11, 3, 8, 15], "R": [[-0.06348213592992819, -0.6372106211700671, 0.7680707276584829], [-0.286466034772886, 0.748869968555532, 0.597604368388599], [-0.9559849524648775, -0.18208897403108693, -0.23007906509944004]], "T": [-0.026534655603952274, -0.15681968894079007, -0.08188937674142725], "aligned_model": [[0.12216241953672957, -0.7177235656745309, 0.5905733947021014, 0.5398974083233579, -0.0539750857053282, 0.3441672854506068, -0.37909714556002083, -0.017846251643932477, 0.5747729700538433, -0.026146581629225153, -0.45183031671832197, -0.0415999343679434], [-0.4278973767890863, -0.027960902206955907, 0.2097717642052921, -0.6416721868903263, 0.45565465966253543, 0.5484955806776461, -0.20185117823968446, 0.31589348514342247, 0.1320973719024871, -0.7252887407935307, 0.48060853551502386, -0.10317652196238447], [-0.730020011732309, -0.13840499450464208, -0.4950093140111878, -0.10720062602122227, -0.49060965815975366, 0.05019073282781396, 0.5335162701268031, 0.4953689245223579, 0.29398560704453636, 0.25204657317801893, 0.07701461056323038, -0.08091161995981576]], "inverted": false, "swapped": true, "error_lsq": 0.04740838615804949, "error_max": 0.22526364494389461, "target": "46.xyz", "model": "15.xyz", "model_rescale": 3.769337070930944, "target_rescale": 4.11853082372112},
{"mapping": [1, 3, 8, 7, 12, 0, 13, 2, 14, 9, 15], "R": [[0.3674048085772086, 0.29113667744213706, -0.8833193882635532], [0.07230817931421796, -0.9558101232349514, -0.28495356731553617], [-0.9272460481655381, 0.04082209413467099, -0.37222079844072725]], "T": [-0.04262837185201749, -0.05776660273688838, 0.1032804845614066], "aligned_model": [[-0.25044193538712856, -0.21113066472116324, -0.12345043683108153, -0.6137848846908015, 0.27734087771738025, 0.3211138514158938, 0.6056189389509599, 0.2536109317419755, 0.10510463870041453, -0.40782340577955234, -0.03353178042572651], [-0.06756666573369846, -0.6303220835968202, 0.6571443129890391, 0.33523556844861413, 0.26912010979786266, -0.465795620218699, 0.41634112905567267, -0.711521361470589, 0.577872504397266, 0.21903816277479615, -0.003481558818102033], [-0.5762559280949728, -0.17682240867509602, -0.20463475420626892, -0.026605013703598857, -0.4862321414206954, -0.3357761455723648, 0.017653405354015328, 0.3067869404593664, 0.4454324338744307, 0.6861024524570586, 0.09456876675190308]], "inverted": true, "swapped": true, "error_lsq": 0.040797493497666586, "error_max": 0.20406391770233298, "target": "46.xyz", "model": "16.xyz", "model_rescale": 3.7852294659196426, "target_rescale": 4.11853082372112},
{"mapping": [1, 11, 13, 12, 3, 2, 6, 10, 8, 7, 4, 14, 15], "R": [[0.0237034335186731, -0.9971448436203421, -0.07169594187113476], [-0.9310830917682738, -0.048133822352648015, 0.3616177697085087], [-0.3640362941557588, 0.058183296461158135, -0.9295656407969557]], "T": [-0.07754380861316285, 0.15095340205362356, -0.057682662794710904], "aligned_model": [[-0.017280613864450234, -0.26143805167527223, 0.24640981377210996, 0.19262694512449235, -0.5890528500992058, -0.7870866781616683, -0.2658049044797387, -0.07033283717581035, 0.6483802438505171, 0.43506155697052734, -0.14922680299353888, 0.49778557698028064, -0.02627554803195991], [-0.20131634460204223, -0.5057142897665385, -0.40814479023867173, -0.5342892003486368, 0.13241255689354697, 0.1800434906490252, 0.7460736525743892, 0.09733095538030684, -0.10714313216601351, 0.3935097155457201, 0.7297921256680471, 0.2207749194757055, 0.13172596463803635], [-0.6719518444240974, 0.29059363850186914, 0.42687690621751634, -0.17689138467318413, -0.4732367142767609, 0.17094491684376015, 0.29736226425181433, 0.768726652826648, -0.195021903201228, -0.4771381256679016, -0.21453548276931056, 0.39734604742195334, -0.04732027390790482]], "inverted": true, "swapped": true, "error_lsq": 0.03653885293025014, "error_max": 0.2546418762231861, "target": "46.xyz", "model": "17.xyz", "model_rescale": 3.901054581598922, "target_rescale": 4.11853082372112},
{"mapping": [11, 12, 10, 2, 8, 9, 1, 0, 14, 4, 7, 5, 3, 6, 15], "R": [[0.5444037116707097, 0.6084768930924647, 0.5773910886840015], [-0.7266892017892161, 0.6859317320015277, -0.03768903071633245], [-0.41898377381720514, -0.3990658211447407, 0.8155973686028952]], "T": [0.032800754156999595, 0.06295040834708815, -0.023588044412373464], "aligned_model": [[0.12097503800736861, 0.16890016601208022, -0.5323003765522436, 0.31407604056211, -0.2477650047864576, -0.5193019300449271, 0.5395279881963448, 0.5779408328979633, -0.6738186144012578, -0.0014443590093387304, -0.07882016739438055, 0.5081525241345133, 0.6544785894886002, -0.29079416663916624, -0.000720349382174898], [-0.1040414475006119, -0.5979095891207469, 0.30468737366490795, 0.6545047833503277, -0.6533205685943044, 0.2995280773857034, -0.4095953730319211, 0.020855740234196604, -0.1404544035499663, 0.42441813972420245, -0.28470011921213967, 0.058870688850712255, 0.2674829263251319, 0.689886080698827, 0.018545040602786896], [-0.7656560654890451, -0.3421808778747862, -0.5786589169251832, -0.38068120008076656, 0.12021863268164762, 0.41101909989884894, 0.1344633691641608, -0.4624697392074966, -0.07097605786879499, 0.4590752732016786, 0.5799188668438597, 0.6060018918921951, 0.056121116361928215, 0.1102224297144749, -0.026751417460745774]], "inverted": true, "swapped": true, "error_lsq": 0.03897095806168103, "error_max": 0.23124945557045284, "target": "46.xyz", "model": "18.xyz", "model_rescale": 3.9405287249114394, "target_rescale": 4.11853082372112},
{"mapping": [2, 1, 5, 6, 8, 0, 9, 4, 12, 7, 11, 10, 3, 14, 13, 15], "R": [[-0.2876870802915551, 0.9343354337119586, -0.21036501882111164], [-0.7004929358537363, -0.055492223577737365, 0.7114986015034828], [0.6531047317638524, 0.35204816493298857, 0.6704597668130293]], "T": [-0.02943422649445501, 0.1468524133959822, 0.01923382672296375], "aligned_model": [[-0.3973934277578172, -0.549861169556884, 0.2548889175051327, -0.13037196390962968, 0.3785175108208426, -0.034563097862021316, 0.641863381487233, 0.21166266417727994, -0.302936032159823, 0.6482576611309016, 0.14398754752054246, -0.4759752875867868, -0.862189033499748, -0.3330877110956661, 0.27567409395196163, -0.04809712803743613], [-0.6377000994616057, 0.013997712391237593, -0.6340368522386503, -0.436535608857196, -0.2670021169848386, 0.12975091620045165, -0.10629566248490702, 0.6349124184698405, 0.6197778995538831, 0.2766737892406408, -0.10764803366470949, -0.20718761993221202, 0.2644683251708092, 0.4332476038076833, 0.5010781021983728, 0.11426901157436037], [0.08563159616983146, -0.3642043682121181, 0.04443198859365832, -0.4365659585438246, -0.4650924715932206, -0.6680474049632488, 0.29178734468301976, -0.46896157408679934, -0.021721136950431433, -0.12042885534323378, 0.670668867723381, 0.5606770578248323, 0.15382403283365542, 0.6715461125759691, 0.5016889226218522, 0.03255166215786695]], "inverted": false, "swapped": false, "error_lsq": 0.040127884677211643, "error_max": 0.2758295662314992, "target": "46.xyz", "model": "19.xyz", "model_rescale": 4.410303926677745, "target_rescale": 4.11853082372112},
{"mapping": [3, 5, 1, 2, 12, 6, 0, 7, 9, 14, 10, 13, 8, 15], "R": [[-0.15541326729994354, 0.8520342009009055, -0.4998844234843811], [-0.8919171641757192, 0.09650310538824391, 0.44178153299925155], [0.42465337464324904, 0.5145142088859951, 0.7449460653352827]], "T": [-0.03024651142030167, -0.0654141560137652, 0.036606290715974286], "aligned_model": [[-0.21259751381250414, 0.33341334641124787, 0.34250438332892685, -0.738523574139433, 0.2058349696748285, -0.3409389233578557, -0.3788392185354418, 0.6469117299977983, 0.1771478127609947, 0.1856935212000381, -0.5002205466119565, -0.08512414514965123, 0.6216606349804531, 0.004265412713427657], [-0.1567717509396095, -0.41880227698730726, 0.24138804005536096, -0.18146411552130748, 0.6406209991296556, -0.6514685042556101, 0.36283325816809164, -0.26177507804602895, -0.6275735185622864, -0.01191258534878896, 0.054918851638861746, 0.5728328045766141, 0.2861128092809889, -0.03799046700743233], [-0.5903485194101553, -0.5677344914464091, -0.4849121054126911, -0.16697144990715684, -0.013794837045512688, 0.311702235959642, -0.3954285288902349, 0.015634506041958672, 0.47322303647075675, 0.7390573976210739, 0.7078172079074424, 0.528504630432402, 0.2893660244933404, 0.07069993191056517]], "inverted": false, "swapped": true, "error_lsq": 0.039449438387271545, "error_max": 0.2984406500643511, "target": "46.xyz", "model": "20.xyz", "model_rescale": 4.121658175737393, "target_rescale": 4.11853082372112},
{"mapping": [8, 14, 10, 12, 11, 7, 6, 1, 4, 3, 2, 0, 15], "R": [[-0.8708536331039464, -0.11952775639960304, 0.47678828127349593], [0.4471325189112209, -0.5955354249979697, 0.6673904914700196], [0.2041726236344231, 0.7943869793888648, 0.572068935300346]], "T": [-0.013615065818304323, -0.035508785021372634, 0.01492675155175067], "aligned_model": [[0.17663791655382804, -0.05911570783042047, 0.14898037278292525, 0.6308341081107228, 0.6940373160313551, -0.3423416726193088, -0.5428056733407621, 0.24912040629867602, -0.6023593170721603, -0.017683215766293392, 0.03372025808581443, 0.5085771573171649, 0.0034809561127530572], [-0.5896262694926028, 0.02661272022929085, 0.6284745546337529, -0.3836303582739989, 0.25558804647277406, -0.6283612728035544, 0.4467054269171312, -0.6229445797899694, -0.03919533681821926, -0.09336612045915071, 0.5506409729820911, 0.048311801995241564, -0.058382681429603324], [0.5337708841953648, 0.7477300563380823, 0.4824399276746978, 0.15725388231888537, 0.043504248174165934, 0.20987663507519316, 0.07055055700225027, -0.2866383546290853, -0.11984024264297725, -0.6418124745162586, -0.44415463061957455, -0.44535164230190905, 0.06278089341295418]], "inverted": false, "swapped": true, "error_lsq": 0.04294144322621029, "error_max": 0.2383844138087918, "target": "46.xyz", "model": "21.xyz", "model_rescale": 4.08911054899281, "target_rescale": 4.11853082372112},
{"mapping": [9, 14, 10, 12, 7, 13, 6, 4, 2, 0, 8, 5, 15, 11, 1, 16], "R": [[-0.17848882589468495, -0.32980836837549615, -0.9270211320030574], [-0.41959015858961884, -0.8266778924923193, 0.37489700036035994], [-0.8899920436978498, 0.45588386921885077, 0.009168420833188862]], "T": [-0.0667252547726104, 0.06094419060333277, 0.016666427761802154], "aligned_model": [[-0.5196236918780631, -0.6073792822408733, 0.11844714266018186, -0.2442499112739415, 0.4375519505667109, 0.09090869313048747, 0.6012373631065175, 0.13817031524990717, -0.24472760013739525, 0.6295555867046739, 0.18935442032339747, -0.17988032925752964, -0.6682304963931914, -0.3691536884076694, 0.08265576726558993, -0.034259314290721266], [-0.4872054311740721, 0.012841355883209463, -0.7241990864259849, -0.42276663459352937, -0.30880592349568314, 0.02045332228009293, -0.15337009776143162, 0.5504894062950694, 0.7515635527998548, 0.3773527285750686, 0.07556537249788885, -0.45958451593957217, 0.42889951509699903, 0.17178665837007837, 0.6838669152881347, 0.07488264728703743], [0.060967775091703036, -0.32568124029115647, 0.03658192372833207, -0.511990682240078, -0.32213372174873506, -0.6238349337349175, 0.26857803025389737, -0.4357222027830398, -0.09564515212717314, -0.10645150378981083, 0.66084919616127, 0.47924058260754177, 0.20188883832245907, 0.7110323400349134, 0.48533578945736305, -0.015229223451379031]], "inverted": false, "swapped": false, "error_lsq": 0.044499789209413575, "error_max": 0.381174431351963, "target": "46.xyz", "model": "22.xyz", "model_rescale": 4.204369325754507, "target_rescale": 4.11853082372112},
{"mapping": [2, 1, 5, 6, 8, 0, 9, 4, 12, 7, 11, 10, 3, 14, 13, 15], "R": [[-0.2876870802915551, 0.9343354337119586, -0.21036501882111164], [-0.7004929358537363, -0.055492223577737365, 0.7114986015034828], [0.6531047317638524, 0.35204816493298857, 0.6704597668130293]], "T": [-0.02943422649445501, 0.1468524133959822, 0.01923382672296375], "aligned_model": [[-0.3973934277578172, -0.549861169556884, 0.2548889175051327, -0.13037196390962968, 0.3785175108208426, -0.034563097862021316, 0.641863381487233, 0.21166266417727994, -0.302936032159823, 0.6482576611309016, 0.14398754752054246, -0.4759752875867868, -0.862189033499748, -0.3330877110956661, 0.27567409395196163, -0.04809712803743613], [-0.6377000994616057, 0.013997712391237593, -0.6340368522386503, -0.436535608857196, -0.2670021169848386, 0.12975091620045165, -0.10629566248490702, 0.6349124184698405, 0.6197778995538831, 0.2766737892406408, -0.10764803366470949, -0.20718761993221202, 0.2644683251708092, 0.4332476038076833, 0.5010781021983728, 0.11426901157436037], [0.08563159616983146, -0.3642043682121181, 0.04443198859365832, -0.4365659585438246, -0.4650924715932206, -0.6680474049632488, 0.29178734468301976, -0.46896157408679934, -0.021721136950431433, -0.12042885534323378, 0.670668867723381, 0.5606770578248323, 0.15382403283365542, 0.6715461125759691, 0.5016889226218522, 0.03255166215786695]], "inverted": false, "swapped": false, "error_lsq": 0.040127884677211643, "error_max": 0.2758295662314992, "target": "46.xyz", "model": "23.xyz", "model_rescale": 4.410303926677745, "target_rescale": 4.11853082372112},
{"mapping": [7, 0, 11, 1, 10, 3, 9, 4, 5, 8, 14, 13, 12, 6, 15, 16], "R": [[-0.4688587288400757, 0.6029370494272708, -0.6454753340123893], [0.883263823848546, 0.3166857103340255, -0.3457675206705782], [-0.004063234046095376, -0.7322411319354922, -0.6810333434061183]], "T": [-0.02745107620157107, 0.005033175312418876, 0.058465705089316256], "aligned_model": [[-0.476420084212702, -0.642579431276237, 0.23117033696281408, -0.11907405839416364, 0.4931794024946943, -0.07303002013496136, 0.5668900594197921, 0.16772008421155787, -0.2198003542159384, 0.6527347019634295, 0.15392605436196438, -0.4607523747015607, -0.7786452817634214, -0.3309539066955286, 0.3007754063447544, -0.04476360923641198], [-0.4836736761840502, 0.06906514023182697, -0.5579947764773426, -0.6104591591624793, -0.13578061684044845, 0.07114359329983017, -0.019963649058627762, 0.4817142840868235, 0.6038552781611785, 0.4094471904842695, -0.13083404300555806, -0.16821109637255585, 0.27324863726115567, 0.35093762071174806, 0.4457866359597925, -0.006511578112402765], [0.01943571881969014, -0.3750118898770938, 0.18821922822855597, -0.5323894082059089, -0.3060878943547733, -0.8375270164980345, 0.2548168112946432, -0.39822643593321916, 0.06245040270315619, -0.1640276178871472, 0.696268515924851, 0.584225185151923, 0.15818313729464334, 0.6635559762843968, 0.5137875186644841, -0.059886416118976715]], "inverted": true, "swapped": false, "error_lsq": 0.0355955706840314, "error_max": 0.25240390431942084, "target": "46.xyz", "model": "24.xyz", "model_rescale": 4.28219845311461, "target_rescale": 4.11853082372112},
{"mapping": [1, 6, 5, 8, 11, 10, 9, 14, 2, 12, 7, 3, 0, 4, 13, 15], "R": [[-0.3515469494480541, 0.30640486298000735, -0.8846077109521319], [-0.5698693330731468, -0.8197237564673507, -0.0574622163323244], [-0.7427406583434991, 0.4839101394115015, 0.46278212089298243]], "T": [0.00035812015037987865, 0.0551568771471833, 0.08142645038852017], "aligned_model": [[-0.4068822164597974, -0.6071738136978242, 0.12535143432366785, -0.2727012839293194, 0.4043133560184827, 0.044196421397156224, 0.5276451200249551, 0.15677291598026688, -0.29069323619956483, 0.6876416884048031, 0.25924875789042595, -0.15971562341279355, -0.7986097584567312, -0.4394393614782532, 0.26165493633412534, -0.07123241161151751], [-0.43174666393559985, 0.21489607685093703, -0.7569607660773571, -0.36794261262116995, -0.06572151359425475, -0.034033584746563664, -0.2620427876713244, 0.5236777868631222, 0.669047482669037, 0.346295767394994, 0.16396546043218674, -0.4374570623241286, 0.21988355296033174, 0.20004082967542308, 0.5365729907957965, 0.07329482831173025], [0.16483897202254857, -0.5647820859166631, -0.1424536199382905, -0.39645579507601136, -0.26308139177926015, -0.7058651624709433, 0.3611164149585163, -0.49837281978959325, -0.0034702916384192067, -0.08379867973932961, 0.8071552810438054, 0.6574067001541268, 0.08977050608157053, 0.6473198930777061, 0.31138069868306284, 0.08707719581836387]], "inverted": true, "swapped": false, "error_lsq": 0.04771693219257627, "error_max": 0.3944740677258567, "target": "46.xyz", "model": "25.xyz", "model_rescale": 4.100010024507729, "target_rescale": 4.11853082372112},
{"mapping": [6, 10, 11, 13, 5, 1, 3, 8, 14, 7, 9, 15], "R": [[-0.7970308098372533, 0.4169259242141906, 0.4369378238243003], [-0.3672250563721259, 0.23980496039569832, -0.8986875646976021], [-0.47946600102891695, -0.8767361944665913, -0.038026295764617024]], "T": [-0.08203246259083917, 0.06006821880514994, 0.08109297528615217], "aligned_model": [[-0.6609045618811901, 0.044345434801432174, 0.4421302798265434, 0.6054042559859681, -0.44268670869865867, 0.1996953084247569, -0.34218541541848735, 0.47074824939761317, 0.16635096474124328, -0.09512806587822929, -0.4707320478520733, -0.040272091085911906], [-0.326684923750102, -0.7507011572093635, -0.31247955685897194, -0.353840095531289, 0.7591435356085477, 0.6768617463532386, 0.37486128492676285, 0.32959705913648735, -0.28210180124926515, 0.5651033190092686, -0.07301565979353998, 0.05938763940886578], [-0.09496483455219229, -0.030984532759892547, 0.49677014144498244, -0.010805769416302624, 0.14093989190300432, 0.2938074834024855, 0.598679875063548, -0.4028794480605744, -0.5223599423028025, -0.41115570588077893, -0.5360545362149041, 0.044199667227783825]], "inverted": false, "swapped": true, "error_lsq": 0.04521897396924018, "error_max": 0.24627721692800586, "target": "46.xyz", "model": "26.xyz", "model_rescale": 3.6694154284099745, "target_rescale": 4.11853082372112},
