[{"mapping": [0, 1, 10, 5, 7, 1, 11, 4, 9, 6, 3, 12], "R": [[0.5931241245415985, 0.721422670925793, 0.35742566046809965], [-0.7180866352160885, 0.27326638445516616, 0.6400602061141106], [0.36408152550053796, -0.6362977392707728, 0.6801248633803243]], "T": [-0.055274313905133245, 0.036467119565388686, 0.04502977060788303], "aligned_model": [[-0.30281364052224374, -0.20655503272718573, 0.47596386516601874, -0.2160024976334765, -0.13545744804378884, -0.20655503272718573, 0.4652035589674125, -0.29220048469327475, 0.5664093864041522, 0.23558727541557947, -0.5624122721688927, 0.016474785023433768], [-0.24074630309642836, -0.618309112240521, -0.4148326368272686, 0.5904530236201309, 0.4794093184241025, -0.618309112240521, -0.36239673772684383, -0.38884244785648914, 0.2510666265659444, 0.3171436735307061, 0.039051837922779956, 0.01986690590146523], [-0.502277449045778, 0.0038214613032365036, -0.46845933124630423, -0.09008508272642386, -0.750869661262213, 0.0038214613032365036, 0.4246733774596018, 0.667293020588147, 0.04785798513676305, 0.5663107385410158, 0.308732416239659, -0.028867190937378134]], "inverted": false, "swapped": true, "error_lsq": 0.06130272693416208, "error_max": 0.4215714565445756, "target": "461.xyz", "model": "0.xyz", "model_rescale": 3.751011558992144, "target_rescale": 4.245256892433493},
{"mapping": [2, 8, 0, 1, 4, 7, 6, 3, 12, 11, 5, 10, 14], "R": [[0.48661353044330125, 0.2278916135087614, -0.8433698384942868], [-0.22933842808312696, -0.8981954856375882, -0.3750316719753379], [-0.8429775545018187, 0.3759125989809737, -0.3848097718789154]], "T": [0.043301229385278306, 0.11898162102979223, -0.07454555320485687], "aligned_model": [[-0.19739278419215495, 0.2577110712071128, -0.633175646253844, -0.26279575300423597, 0.5006712789244163, -0.4779680021392088, -0.02234387070295897, -0.5937767372242315, -0.3074283083941304, 0.19379387436033313, 0.4078461418212053, 0.8073513501031508, 0.04296705481326582], [0.20847699945413806, -0.29426389804540387, -0.1457621022555405, -0.48463316573271475, -0.5207822569081944, 0.07305197334468096, -0.13314704344386527, 0.473915595677751, 0.6951025259964371, 0.4704638114351214, 0.3441468413886568, 0.1058492001439992, 0.1680641359727671], [-0.8605449622738317, -0.5474882694338737, -0.2931646653749401, 0.09170538967825156, 0.009649388330388337, 0.33269624171142664, 0.6296189181051317, -0.3016125644902248, 0.23698068688844184, 0.6258423554307505, -0.5289613070618798, 0.22295856555914154, -0.0501609782117273]], "inverted": true, "swapped": false, "error_lsq": 0.04817998676012387, "error_max": 0.26754255955293493, "target": "461.xyz", "model": "1.xyz", "model_rescale": 3.9405287249114394, "target_rescale": 4.245256892433493},
{"mapping": [11, 6, 10, 3, 7, 8, 4, 9, 8, 2, 5, 1, 12], "R": [[-0.004188718007600577, -0.9701417045988272, 0.24250263429401064], [0.8216185862230967, 0.1348954910603064, 0.5538466441754062], [-0.5700222394031771, 0.2015645789559283, 0.7965214165960051]], "T": [0.1237039899530876, 0.03579635864630305, -0.07617428012740662], "aligned_model": [[-0.08650241850877641, 0.3147756919883785, -0.6959231660965839, -0.21216491145349867, 0.31693796861935675, -0.517445731892307, 0.024447552731833022, -0.5182456841205405, -0.517445731892307, 0.42406988086051134, 0.2459126947495483, 0.7892703729284684, 0.14777315140463698], [0.1517345239373804, -0.2967193267788396, -0.060417103221340016, -0.4188416539085982, -0.7136356797790224, 0.24581745849481873, -0.10811329973430063, 0.4964490036809873, 0.24581745849481873, 0.628465289402921, 0.6413591914509705, 0.04607981718185923, 0.102486937806178], [-0.7469841613215387, -0.4612465032453671, -0.25064896062214564, 0.009242563509861551, 0.09680578354065503, 0.3052807524855545, 0.6028941197983531, -0.23766998802508094, 0.3052807524855545, 0.0744693311437245, -0.458842502448397, 0.3529433875255137, -0.024005775969632825]], "inverted": true, "swapped": false, "error_lsq": 0.05941357974193087, "error_max": 0.46992847294157214, "target": "461.xyz", "model": "2.xyz", "model_rescale": 3.932901565614263, "target_rescale": 4.245256892433493},
{"mapping": [3, 0, 8, 7, 4, 9, 5, 11, 10, 6, 1, 2, 13], "R": [[0.15063777309264456, -0.4689076980501037, -0.8703067459390638], [0.9816125902460668, 0.17534928889202508, 0.07542777708158119], [0.11723900369798657, -0.8656663315587676, 0.4866999264613562]], "T": [-0.0756374449100323, 0.08238050239608291, -0.08231445810147003], "aligned_model": [[-0.18617675339561884, 0.411788342495671, -0.7500355742651876, -0.2522733800654601, 0.5494017952542696, -0.6236230741104489, -0.04856529692293135, -0.6433545081743542, -0.10513627202367942, 0.29633201346275917, 0.3980347038405726, 0.7513100513376866, -0.08224237811455919], [-0.027759047870313983, -0.15423225066195023, -0.05256307043552272, -0.601824005179495, -0.4773868977259245, -0.14632246930907497, -0.1448771979120928, 0.6983076595216571, 0.7577240024811509, 0.32644206091074784, 0.5432463874134865, 0.11414202528773423, 0.1255854205074302], [-0.5684582833506067, -0.47649821728649194, -0.3387596195017535, 0.019697725348207712, 0.16102236721121477, 0.3503512792892998, 0.599169747224428, -0.3922173002329529, 0.15472228249585013, 0.43611098337975546, -0.4169873617510837, 0.014375237789726047, 0.024989958241461496]], "inverted": false, "swapped": false, "error_lsq": 0.05550314506639574, "error_max": 0.3151878714999851, "target": "461.xyz", "model": "3.xyz", "model_rescale": 3.9243930471874484, "target_rescale": 4.245256892433493},
{"mapping": [0, 5, 2, 3, 6, 4, 10, 7, 8, 9, 1, 11, 12], "R": [[0.9413058656748633, 0.049678676043072426, -0.33387916435846077], [0.19359868053406498, -0.8897163809398382, 0.4134299364859614], [-0.27651910990303297, -0.4538025899374357, -0.8471129742982988]], "T": [0.026002990198131862, 0.09912863087976687, 0.07031905800625718], "aligned_model": [[-0.14841499167798855, 0.4511604917993644, -0.715420731404303, -0.282731057162195, 0.37657965518097053, -0.5539150186623505, -0.010312328722408962, -0.5691488840093779, -0.16494771230358884, 0.43926163601750656, 0.07817602739695477, 0.7488478527944604, 0.06632473007167511], [-0.1691275831609338, -0.1348391914151827, -0.05760619052334498, -0.4926022435934089, -0.5314892829190508, 0.09409574196704978, -0.12998158761001177, 0.5526701972564825, 0.5558753657446305, 0.6507953630606621, 0.5030678892590187, 0.04865559270969047, 0.07096854625223163], [-0.7176779753558, -0.5111646104984051, -0.4559314062391513, -0.016232837180366583, 0.03976478658231361, 0.1969565029763852, 0.7361399234904937, -0.21780080092057966, 0.45923629640102503, 0.22054721794061735, -0.516427352048338, 0.38825279076120556, -0.038143737052345694]], "inverted": true, "swapped": false, "error_lsq": 0.0588232660083688, "error_max": 0.3892828132267208, "target": "461.xyz", "model": "4.xyz", "model_rescale": 3.8936222436046832, "target_rescale": 4.245256892433493},
{"mapping": [10, 1, 11, 9, 4, 3, 2, 5, 8, 0, 6, 12], "R": [[0.2683819576165952, -0.9332380847090858, -0.2388258823377433], [0.016857396673488623, 0.2524334184341661, -0.9674674141463546], [0.9631650704854683, 0.25562481590440056, 0.08348053959195839]], "T": [-0.10023415723306334, -0.007074140047008997, 0.00535072230211333], "aligned_model": [[0.2188427316174838, -0.5623774849107814, -0.2286694550907235, 0.3998201196901982, -0.826939301976467, -0.5422041644382187, -0.15910810851262908, 0.2076362305959169, 0.7072927977941534, -0.12553533864951563, -0.0331135351630162, -0.028096448741303487], [-0.5964242376621935, -0.43202580516572836, 0.1570659584889045, 0.21145140964787454, 0.22291461857841963, 0.13069258390276658, -0.2413500166664804, 0.16998522768553542, 0.13872429601320055, -0.645690296332789, 0.6190017432012983, -0.0654225765810011], [-0.5427486593690881, -0.2378683587273238, -0.7231280099503702, -0.36172403124796615, -0.20258819740826636, 0.3406379384278417, 0.78724992335271, 0.47954030371834205, 0.1372592509194673, 0.17622332911976785, -0.19121338969471677, -0.04235537986487984]], "inverted": true, "swapped": true, "error_lsq": 0.06514816552444407, "error_max": 0.45684673522882324, "target": "461.xyz", "model": "5.xyz", "model_rescale": 3.6523030999806103, "target_rescale": 4.245256892433493},
{"mapping": [4, 3, 2, 1, 0, 6, 5, 10, 9, 8, 11, 7, 12], "R": [[-0.3916663715139369, 0.8930257946065285, 0.22159057649747937], [0.08985655806112464, -0.20255619037283945, 0.9751393688673684], [0.9157091527327412, 0.4018406648275165, -0.0009097760521272202]], "T": [-0.0736670356297397, 0.11489004807629319, 0.014575641530375653], "aligned_model": [[-0.1556291827079598, 0.3395250189870124, -0.5235963243267827, -0.29160931841510107, 0.4528417483503498, -0.689614895292914, 0.2934988167171688, -0.561658679220449, 0.04451493464893734, -0.19235671147360944, 0.3817114625540515, 0.5995311764969748, 0.01830162300104088], [0.1467034047188353, -0.2971740868778562, -0.29006426550135067, -0.5333401025031759, -0.7260923958085495, 0.14412587067357596, -0.12935561587115588, 0.6488089713203196, 0.8095722743359686, 0.29794254465063486, 0.6178383924027445, 0.20789256890683605, 0.06362505658100626], [-0.5523473856191486, -0.362407352295679, -0.44344976529390767, 0.13571068702699018, 0.06654447803824369, 0.2204347266481432, 0.5336486831150665, -0.277773090046436, 0.17616927259482318, 0.6518414000742256, -0.5459976270725206, -0.055942143501084556, 0.021086915188338808]], "inverted": true, "swapped": false, "error_lsq": 0.06977560988368871, "error_max": 0.5420342690487686, "target": "461.xyz", "model": "6.xyz", "model_rescale": 4.08911054899281, "target_rescale": 4.245256892433493},
{"mapping": [1, 11, 2, 13, 12, 6, 5, 0, 3, 4, 9, 10, 14], "R": [[0.6198992435876158, -0.27521220712132244, -0.7348354705993121], [0.7416201165265192, 0.5114483672581867, 0.43407392272760154], [0.25636795931374573, -0.8140508636936304, 0.5211493651123066]], "T": [0.022266587558446654, 0.03630934598041389, 0.026358823922529452], "aligned_model": [[-0.2408558161296426, 0.4346884477213756, -0.7284975644090239, -0.11795372271264887, 0.35843737336810033, -0.4111451448362977, 0.18223595889681996, -0.6613533747373244, -0.21152884559948704, 0.1101953286017999, 0.2147181328678504, 0.7141026751129952, 0.072416221174203], [0.031735787815827844, -0.1587133910486244, -0.16814056617017634, -0.6256488355623065, -0.5849927432565785, 0.22343690138425146, -0.18008133499063284, 0.5982421077333965, 0.7883843965423954, 0.443754534395563, 0.5437309841480538, -0.053336371140616505, 0.10211114717727937], [-0.658251826081188, -0.34297219868267886, -0.18504828294343018, -0.25300501201146564, 0.12109442804825254, 0.1884714843924806, 0.7391604113266405, -0.29231263937985574, 0.10493522001232575, 0.5947833524556757, -0.539364599434752, 0.2069173237530682, -0.11688886259801831]], "inverted": true, "swapped": false, "error_lsq": 0.05153600070655485, "error_max": 0.2834426012383532, "target": "461.xyz", "model": "7.xyz", "model_rescale": 3.964800864290218, "target_rescale": 4.245256892433493},
{"mapping": [8, 9, 7, 12, 11, 2, 6, 1, 0, 3, 5, 10, 13], "R": [[0.7456684471225158, -0.04479706654053922, -0.6648095891270364], [0.5004996296884644, 0.6963019154470397, 0.5144548213657775], [0.4398621234518908, -0.7163496809339321, 0.5416312832344966]], "T": [-0.0673444789833599, 0.07329540260336126, 0.06124729443002944], "aligned_model": [[0.03686604863337242, 0.26720348970021535, -0.6148346519045597, -0.26136540760825544, 0.36548559389406576, -0.6714907418702125, 0.14911697312735225, -0.5526662494573712, -0.3419389113415706, 0.2559881233607043, 0.40136890187047203, 0.7139358310787188, -0.032209330164212], [0.0655193416946668, -0.358325505324002, -0.06788383444242241, -0.6010137266836801, -0.5909491496883967, 0.03550357088907713, 0.001721308326874449, 0.5310965823058935, 0.5943977145831849, 0.6171686422495892, 0.5778130857768589, 0.08286568723315857, 0.07256890010703018], [-0.7004201397023926, -0.35784431283294893, -0.37139123661361007, -0.21864199565491646, 0.3032609867230993, 0.3299251652151412, 0.5946584041354434, -0.2822650781846053, 0.46893547268627733, 0.4156772919761444, -0.4129260883554216, -0.19300356548717654, -0.00844610504797954]], "inverted": true, "swapped": false, "error_lsq": 0.05405154601905156, "error_max": 0.3868015334742882, "target": "461.xyz", "model": "8.xyz", "model_rescale": 4.121658175737393, "target_rescale": 4.245256892433493},
{"mapping": [5, 10, 4, 0, 3, 1, 2, 9, 6, 8, 7, 11, 12], "R": [[0.5949895642948952, 0.7325222336525947, 0.330754585130402], [0.5103646778777535, -0.6622482524550701, 0.5485937911560274], [0.6208987952596686, -0.15760212347814184, -0.7678842729996969]], "T": [0.0286017856979255, 0.10817816820313106, -0.04501312286518435], "aligned_model": [[-0.08809696257333913, 0.4139701594049405, -0.8216865287828529, -0.33781439025853643, 0.5204560365870323, -0.5110230228875802, 0.05704088980593437, -0.4472133365022456, -0.31200346543406166, 0.30631423034280897, 0.3182066867401515, 0.6607256287582722, -0.04341625588180485], [-0.04668207394128501, -0.3974413598047084, -0.007237333516907113, -0.5847743724140017, -0.4487860937539788, -0.10816414502072833, -0.17864237109163192, 0.70064492502033, 0.6160205020541238, 0.552652765334894, 0.6157918947682057, 0.1643279651554974, 0.08277231423802284], [-0.6316285111995422, -0.46012869718022387, -0.27264651659043204, -0.11119624436895062, 0.22060727969250601, 0.32503117878197896, 0.5868663327710003, -0.38526733457621287, 0.28097196413123954, 0.4608242702971038, -0.3821602957856247, -0.0622966957113907, -0.001457931404396956]], "inverted": false, "swapped": false, "error_lsq": 0.05611997793315546, "error_max": 0.3087923173204587, "target": "461.xyz", "model": "9.xyz", "model_rescale": 3.833441315466971, "target_rescale": 4.245256892433493},
{"mapping": [2, 13, 9, 8, 10, 7, 12, 3, 4, 6, 5, 0, 14], "R": [[0.14449413882463802, -0.9866816301200849, -0.07470478317282259], [-0.7055596218676455, -0.04980385239456803, -0.706898292738528], [0.6937629738140483, 0.15485133861298161, -0.7033590826131816]], "T": [0.034399565298082704, 0.06916376456054274, 0.11216899732075747], "aligned_model": [[-0.1400980437616816, 0.4276073890393768, -0.5826656435637411, -0.25261722263373254, 0.3183501112140764, -0.5999411693600044, 0.2589297175992242, -0.6507208865805801, -0.1286938244609691, 0.07252568554912132, 0.35004245350947827, 0.6887842891012501, -0.04604318633309844], [0.11310009737902771, -0.06709127041031929, -0.17115947331578518, -0.6127324486297754, -0.6999220913058104, 0.00419483402464671, 0.010435427544112141, 0.47857168392610683, 0.8470060216322276, 0.5925447800072378, 0.4597093524965335, -0.06737170886421173, 0.07319741254384288], [-0.5837264244334913, -0.567910934899257, -0.356216950249904, -0.1331843810108806, 0.1724448407424662, 0.30531362499721204, 0.6681881071089765, -0.23034665447630842, 0.04678895892394935, 0.543270237947023, -0.3409081620376796, -0.018067938505439363, 0.06187447475038755]], "inverted": false, "swapped": false, "error_lsq": 0.05378780964561178, "error_max": 0.3878525979040753, "target": "461.xyz", "model": "10.xyz", "model_rescale": 4.2482417240324, "target_rescale": 4.245256892433493},
{"mapping": [10, 11, 6, 4, 7, 5, 9, 3, 1, 2, 0, 12], "R": [[0.05431453545358533, 0.8550050876106233, -0.5157676137548884], [0.9931281664631327, -0.09988164974650415, -0.0609926308785983], [-0.1036647298556144, -0.5089105581571944, -0.8545546603817075]], "T": [0.04224078180316884, 0.0621472296407719, 0.005262138127175527], "aligned_model": [[-0.7150892286415415, 0.07855011490324415, 0.40125404748596183, 0.6392269833840991, -0.5569402636138826, 0.07375129205170407, -0.2150984648833378, 0.5090040492236573, -0.012229929696306235, 0.09155839508486238, -0.3592088295756867, -0.05801256335976723], [-0.35569784450031033, -0.6521481101638191, -0.0630917908991806, -0.39078382982816506, 0.7524681364473851, 0.6253992801301923, -0.07951286268837454, 0.21412225037739838, -0.3575187408413541, 0.7522482053631692, 0.17861792316700043, 0.04202877348669816], [-0.03233147890781823, 0.2554274052819551, 0.544278188366211, -0.24512700163578632, -0.017588520941131523, 0.18621564014040992, 0.5937011755717246, -0.2876035649743848, -0.5184069455402174, -0.4318260742920621, -0.507515571688918, 0.025969038474374553]], "inverted": true, "swapped": true, "error_lsq": 0.047357265856370234, "error_max": 0.2596443076517189, "target": "461.xyz", "model": "11.xyz", "model_rescale": 3.6694154284099745, "target_rescale": 4.245256892433493},
{"mapping": [10, 2, 9, 8, 3, 11, 4, 7, 6, 0, 12, 1, 13], "R": [[0.23209783718675103, -0.3099674921715861, 0.9219819671610125], [0.6263112273039677, 0.7728498423291872, 0.10216343653552584], [-0.7442209621652902, 0.5537357447452786, 0.3735128973210449]], "T": [-0.05823961911771938, 0.2049338215996389, -0.04836299754614508], "aligned_model": [[-0.15523247854256203, 0.31913925077281746, -0.720713656975165, -0.20932976671512724, 0.3199582535624603, -0.5999909571904335, 0.13946198865720436, -0.5845154640723389, -0.3133393432927922, 0.37403656182495126, 0.36344464524172193, 0.7472963434682327, 0.035244292579750244], [0.14270542547265366, -0.223743752281632, -0.1281731319136546, -0.5300489111248791, -0.5100496568384053, -0.11286590889211962, -0.061981657694562764, 0.5789074460964958, 0.5130956449859663, 0.5849202816295852, 0.5050438483346278, -0.03045795146943825, 0.23313094072319582], [-0.6730619644450011, -0.36480303863406716, -0.3563470451460705, -0.1461893805258048, 0.24661818026719018, 0.3396285847115938, 0.6129605624051461, -0.4162526300006754, 0.3514060042369918, 0.37529424363944813, -0.4886865755104077, 0.06198200802130989, 0.024969849837401525]], "inverted": true, "swapped": false, "error_lsq": 0.04501928099614299, "error_max": 0.2761659783331882, "target": "461.xyz", "model": "12.xyz", "model_rescale": 3.9764082729961374, "target_rescale": 4.245256892433493},
{"mapping": [13, 6, 12, 9, 5, 1, 0, 10, 8, 7, 3, 4, 15], "R": [[-0.17620712041653985, -0.9530297221160849, 0.2463440672674082], [0.8734872771914824, -0.2667690286285963, -0.40725208648841293], [0.4538403103505919, 0.14341769112593294, 0.8794659394046965]], "T": [-0.03644906721009139, 0.08736752255358647, -0.09276294430618509], "aligned_model": [[-0.1655051860350572, 0.4497725026731902, -0.5575620355446333, -0.22310353380210596, 0.23695978721506616, -0.6013156157734438, 0.1600049440942533, -0.7430472109801145, -0.26478489213617884, 0.40248807119617047, 0.3334882965983648, 0.6254939273493332, 0.06257061446387517], [-0.028741377309087338, -0.20574937289615358, -0.23291532898601125, -0.3612652147568136, -0.6945989122351606, 0.14066981827224959, -0.11092212490797028, 0.43204558477413585, 0.7433576727734166, 0.4045759428803536, 0.8387334342652629, -0.09417248448614317, 0.12946497963975437], [-0.6795710796906691, -0.603967283373622, -0.27462471651655074, 0.2613385999325406, 0.0360780391595491, 0.19255657105552615, 0.5774571468983873, -0.2602830792240821, 0.03835726969012046, 0.4342538538364446, -0.17666205568254417, 0.11875164047922548, -0.09616610770727087]], "inverted": true, "swapped": false, "error_lsq": 0.05774253405758138, "error_max": 0.38907754680857615, "target": "461.xyz", "model": "13.xyz", "model_rescale": 4.170626492500431, "target_rescale": 4.245256892433493},
{"mapping": [2, 0, 3, 9, 1, 11, 10, 6, 5, 12, 4, 8, 13], "R": [[0.9779430502238462, -0.004125280487622805, -0.20883096652502972], [-0.02700680979805964, 0.9889149312778822, -0.14600647561047753], [0.20711837857469598, 0.14842587630383042, 0.9669910736403047]], "T": [0.05435434826852102, 0.020837999702011903, -0.09521988343195648], "aligned_model": [[0.017018009617249405, 0.38984059002936605, -0.5297185097553903, -0.24266671915085036, 0.05096426685868706, -0.5267859923494076, 0.21587380028413777, -0.615662474759474, -0.37270207270276345, 0.2200025001958274, 0.4048426438888788, 0.7313201375452254, -0.026866510382766287], [0.1469767561561725, -0.29072647332693546, -0.24328949670307815, -0.5365291151624145, -0.7427265278364025, 0.06644705677164309, -0.09061857484177968, 0.49612418087653265, 0.7431894213136166, 0.5268519975394375, 0.6012553485830243, 0.2155380803655747, 0.06798996329244186], [-0.7399114214349458, -0.47762669203146424, -0.34932452052550195, 0.41215258649584813, -0.1833799057120062, 0.30459928763271676, 0.43375762420553116, -0.2759676908158915, 0.2555664694370193, 0.40699186965813877, -0.3033947770769259, 0.14007884487632438, -0.05602287585178811]], "inverted": false, "swapped": false, "error_lsq": 0.05886690161476312, "error_max": 0.4264069053276143, "target": "461.xyz", "model": "14.xyz", "model_rescale": 3.9786697098870705, "target_rescale": 4.245256892433493},
{"mapping": [5, 6, 7, 2, 9, 10, 4, 1, 0, 3, 11, 12], "R": [[-0.5142149693346756, 0.3427565917333151, -0.7861939227286742], [0.703677610084315, 0.6926694711542832, -0.15826188674748168], [0.49032722377833143, -0.6346076918492302, -0.59737115018021]], "T": [-0.014489767488543692, -0.02836884209772003, -0.05379104816073765], "aligned_model": [[0.14464023800415093, -0.614338013423743, 0.7429838414883173, 0.5361052261794587, -0.2363769366206171, 0.3064422761187475, -0.5020387546715235, 0.10187507890231462, 0.5950097487335544, -0.09069884350558075, -0.5315898161585272, 0.03134055172078454], [-0.3583850222583947, -0.047521446432732, -0.04966315884291218, -0.6315227550721663, 0.41621340158834796, 0.7671348272357446, -0.2365741954260862, 0.12674142430337432, 0.03422223362736437, -0.5428943242026931, 0.4750324491760915, 0.06189105652850088], [-0.5193626502925316, -0.32752248444998056, -0.5655168692399132, -0.10640472813086252, -0.48467883309570753, 0.06339711766229558, 0.5320248843327186, 0.5909693120991223, 0.19573027272298535, 0.18325405259309394, 0.17710620309338798, -0.07902978342077836]], "inverted": false, "swapped": true, "error_lsq": 0.055060717744487314, "error_max": 0.269906263968688, "target": "461.xyz", "model": "15.xyz", "model_rescale": 3.769337070930944, "target_rescale": 4.245256892433493},
{"mapping": [11, 10, 6, 9, 4, 1, 3, 0, 5, 8, 12], "R": [[-0.370839729340415, -0.8310698507709088, -0.4144885984949979], [-0.29041535574023664, -0.32015285172404034, 0.9017544414546771], [-0.8821206359070168, 0.4547802267827664, -0.12263004947571365]], "T": [0.08053342663855059, 0.08729755632528974, 0.042830509671202], "aligned_model": [[-0.2904467531289927, -0.3889337549756242, -0.20605798393258698, -0.5692480195784669, 0.4755851770327364, 0.3703592018885741, 0.6001889858623398, 0.32150875272156904, 0.09568563916265892, -0.49260535981418085, 0.006590245453144322], [0.0367209299963146, -0.6360325315469377, 0.6305208280554992, 0.18885078473646175, 0.2521067669714959, -0.3869601546379635, 0.31770094458989184, -0.47552478367375023, 0.3910082880656159, 0.2603334225340391, 0.01734000253467538], [-0.6159065942755633, -0.034310141816351725, -0.19776766167449494, 0.03807820665707865, -0.6212521880536983, -0.3371649350036375, -0.017228238551864214, 0.2934898371021609, 0.5512792842875769, 0.6193089112128429, 0.06569112733972741]], "inverted": false, "swapped": true, "error_lsq": 0.031553808680034476, "error_max": 0.15885357718291926, "target": "461.xyz", "model": "16.xyz", "model_rescale": 3.7852294659196426, "target_rescale": 4.245256892433493},
{"mapping": [2, 8, 1, 4, 0, 5, 10, 7, 6, 10, 11, 9, 12], "R": [[-0.7981841396594466, -0.31603742016411207, 0.5128571226493025], [-0.22508754393773966, -0.6332170792749411, -0.7405212543057689], [0.5587823160768292, -0.7065100703956919, 0.43428774294157696]], "T": [-0.05355556502126803, -0.04071166436654097, -0.17537770045342488], "aligned_model": [[-0.21106919755703113, 0.5108876559740023, -0.6672060323302742, -0.3248434368766564, 0.2550312407918372, -0.6171745147473636, 0.20029780600324298, -0.435098745720759, -0.25785297324283085, 0.20029780600324298, 0.27436572023672817, 0.7740257937247157, 0.013798547059865926], [0.11397691649070898, -0.07157518118130865, -0.25577997047175766, -0.44154787607986357, -0.6113299580650763, 0.013467080061303732, 0.21621427166633136, 0.5359221710205283, 0.6640744673732463, 0.21621427166633136, 0.5804136588624774, -0.001860395773409157, 0.002293161458321147], [-0.7457704770100952, -0.4988853585618202, -0.4021658878167457, 0.3418455657025757, 0.036556491958649906, 0.1586991675309628, 0.5449018318757011, -0.2908992409769796, 0.32355347055436473, 0.5449018318757011, -0.3865720137094044, 0.07132345296239728, -0.1299700355282526]], "inverted": true, "swapped": false, "error_lsq": 0.05945024709032009, "error_max": 0.37331081054686166, "target": "461.xyz", "model": "17.xyz", "model_rescale": 3.901054581598922, "target_rescale": 4.245256892433493},
{"mapping": [2, 8, 0, 1, 4, 7, 6, 3, 12, 11, 5, 10, 14], "R": [[0.48661353044330125, 0.2278916135087614, -0.8433698384942868], [-0.22933842808312696, -0.8981954856375882, -0.3750316719753379], [-0.8429775545018187, 0.3759125989809737, -0.3848097718789154]], "T": [0.043301229385278306, 0.11898162102979223, -0.07454555320485687], "aligned_model": [[-0.19739278419215495, 0.2577110712071128, -0.633175646253844, -0.26279575300423597, 0.5006712789244163, -0.4779680021392088, -0.02234387070295897, -0.5937767372242315, -0.3074283083941304, 0.19379387436033313, 0.4078461418212053, 0.8073513501031508, 0.04296705481326582], [0.20847699945413806, -0.29426389804540387, -0.1457621022555405, -0.48463316573271475, -0.5207822569081944, 0.07305197334468096, -0.13314704344386527, 0.473915595677751, 0.6951025259964371, 0.4704638114351214, 0.3441468413886568, 0.1058492001439992, 0.1680641359727671], [-0.8605449622738317, -0.5474882694338737, -0.2931646653749401, 0.09170538967825156, 0.009649388330388337, 0.33269624171142664, 0.6296189181051317, -0.3016125644902248, 0.23698068688844184, 0.6258423554307505, -0.5289613070618798, 0.22295856555914154, -0.0501609782117273]], "inverted": true, "swapped": false, "error_lsq": 0.04817998676012387, "error_max": 0.26754255955293493, "target": "461.xyz", "model": "18.xyz", "model_rescale": 3.9405287249114394, "target_rescale": 4.245256892433493},
{"mapping": [11, 5, 13, 7, 8, 12, 0, 14, 3, 1, 2, 6, 15], "R": [[0.3040473932918175, -0.1854861357333131, -0.9344249975697214], [0.529759168461461, -0.7822988494065775, 0.32766405608208904], [-0.7917767400369072, -0.5946456118293214, -0.13959294491004837]], "T": [-0.1403725726781452, 0.023580993764773836, 0.0046414949193607155], "aligned_model": [[-0.2520206116659528, 0.5063903196031891, -0.7052209688813085, -0.22762459234413646, 0.4313456204957188, -0.5128902388002576, 0.21377342527829682, -0.6910663042491715, -0.2553224574745001, 0.19741715128870316, 0.5311285786825726, 0.5970255126230903, -0.11747576523752418], [0.07159045750588576, -0.16602341806626464, -0.16041327976876874, -0.674574103262242, -0.46635109796977453, 0.2274244864760938, -0.16941304866471796, 0.47500553834823345, 0.8445296377343913, 0.42042635105635867, 0.4674264614786936, 0.04255519935733705, 0.048299432802606936], [-0.705600019413112, -0.482195819736117, -0.3090816983347325, -0.019691497102713274, 0.07796958379790275, 0.3507881128655385, 0.5614252677379571, -0.29981089320098225, 0.20023915038515616, 0.4095257854987228, -0.3230972539708014, 0.12366879812506557, -0.01662071779482993]], "inverted": false, "swapped": false, "error_lsq": 0.04398147496974773, "error_max": 0.22220074321718952, "target": "461.xyz", "model": "19.xyz", "model_rescale": 4.410303926677745, "target_rescale": 4.245256892433493},
{"mapping": [8, 9, 7, 12, 11, 2, 6, 1, 0, 3, 5, 10, 13], "R": [[0.7456684471225158, -0.04479706654053922, -0.6648095891270364], [0.5004996296884644, 0.6963019154470397, 0.5144548213657775], [0.4398621234518908, -0.7163496809339321, 0.5416312832344966]], "T": [-0.0673444789833599, 0.07329540260336126, 0.06124729443002944], "aligned_model": [[0.03686604863337242, 0.26720348970021535, -0.6148346519045597, -0.26136540760825544, 0.36548559389406576, -0.6714907418702125, 0.14911697312735225, -0.5526662494573712, -0.3419389113415706, 0.2559881233607043, 0.40136890187047203, 0.7139358310787188, -0.032209330164212], [0.0655193416946668, -0.358325505324002, -0.06788383444242241, -0.6010137266836801, -0.5909491496883967, 0.03550357088907713, 0.001721308326874449, 0.5310965823058935, 0.5943977145831849, 0.6171686422495892, 0.5778130857768589, 0.08286568723315857, 0.07256890010703018], [-0.7004201397023926, -0.35784431283294893, -0.37139123661361007, -0.21864199565491646, 0.3032609867230993, 0.3299251652151412, 0.5946584041354434, -0.2822650781846053, 0.46893547268627733, 0.4156772919761444, -0.4129260883554216, -0.19300356548717654, -0.00844610504797954]], "inverted": true, "swapped": false, "error_lsq": 0.05405154601905156, "error_max": 0.3868015334742882, "target": "461.xyz", "model": "20.xyz", "model_rescale": 4.121658175737393, "target_rescale": 4.245256892433493},
{"mapping": [4, 3, 2, 1, 0, 6, 5, 10, 9, 8, 11, 7, 12], "R": [[-0.3916663715139369, 0.8930257946065285, 0.22159057649747937], [0.08985655806112464, -0.20255619037283945, 0.9751393688673684], [0.9157091527327412, 0.4018406648275165, -0.0009097760521272202]], "T": [-0.0736670356297397, 0.11489004807629319, 0.014575641530375653], "aligned_model": [[-0.1556291827079598, 0.3395250189870124, -0.5235963243267827, -0.29160931841510107, 0.4528417483503498, -0.689614895292914, 0.2934988167171688, -0.561658679220449, 0.04451493464893734, -0.19235671147360944, 0.3817114625540515, 0.5995311764969748, 0.01830162300104088], [0.1467034047188353, -0.2971740868778562, -0.29006426550135067, -0.5333401025031759, -0.7260923958085495, 0.14412587067357596, -0.12935561587115588, 0.6488089713203196, 0.8095722743359686, 0.29794254465063486, 0.6178383924027445, 0.20789256890683605, 0.06362505658100626], [-0.5523473856191486, -0.362407352295679, -0.44344976529390767, 0.13571068702699018, 0.06654447803824369, 0.2204347266481432, 0.5336486831150665, -0.277773090046436, 0.17616927259482318, 0.6518414000742256, -0.5459976270725206, -0.055942143501084556, 0.021086915188338808]], "inverted": true, "swapped": false, "error_lsq": 0.06977560988368871, "error_max": 0.5420342690487686, "target": "461.xyz", "model": "21.xyz", "model_rescale": 4.08911054899281, "target_rescale": 4.245256892433493},
{"mapping": [13, 0, 3, 2, 1, 14, 11, 12, 9, 5, 6, 8, 16], "R": [[0.785327377920535, -0.07362281226042378, 0.6146873929106758], [-0.40852756287005043, -0.807656488217217, 0.4252013963007286], [0.46515173853691455, -0.585039040197745, -0.6643517002165247]], "T": [-0.01757079001437355, 0.08855517276356799, -0.040430738373063865], "aligned_model": [[-0.3765819642935768, 0.38248192174444395, -0.7763863745091374, -0.19487772995940245, 0.449322105681638, -0.6389852565788334, 0.2839922557673016, -0.5420460516853952, -0.31687497912102386, 0.2211758120507769, 0.6153803210469734, 0.6268190808388393, -0.01795947166388439], [0.1371795607005704, -0.18925145586401493, -0.19926504158296304, -0.6108722206948459, -0.5248962751190688, 0.10666970832467203, -0.03822286736822576, 0.5614172446960132, 0.6110545019244429, 0.6024189164582698, 0.33938458311395253, 0.08846920316642239, 0.07639675927260806], [-0.5931301247203417, -0.6428099404412188, -0.3496834768182785, -0.015583209309761634, 0.1484785687172145, 0.11875000887005184, 0.6515808859640335, -0.2555973409324604, 0.3403041628011843, 0.37989433447719817, -0.3437814042052877, 0.21554524685031795, -0.08644891239559721]], "inverted": true, "swapped": false, "error_lsq": 0.042816001429855075, "error_max": 0.31412340602058936, "target": "461.xyz", "model": "22.xyz", "model_rescale": 4.204369325754507, "target_rescale": 4.245256892433493},
{"mapping": [11, 5, 13, 7, 8, 12, 0, 14, 3, 1, 2, 6, 15], "R": [[0.3040473932918175, -0.1854861357333131, -0.9344249975697214], [0.529759168461461, -0.7822988494065775, 0.32766405608208904], [-0.7917767400369072, -0.5946456118293214, -0.13959294491004837]], "T": [-0.1403725726781452, 0.023580993764773836, 0.0046414949193607155], "aligned_model": [[-0.2520206116659528, 0.5063903196031891, -0.7052209688813085, -0.22762459234413646, 0.4313456204957188, -0.5128902388002576, 0.21377342527829682, -0.6910663042491715, -0.2553224574745001, 0.19741715128870316, 0.5311285786825726, 0.5970255126230903, -0.11747576523752418], [0.07159045750588576, -0.16602341806626464, -0.16041327976876874, -0.674574103262242, -0.46635109796977453, 0.2274244864760938, -0.16941304866471796, 0.47500553834823345, 0.8445296377343913, 0.42042635105635867, 0.4674264614786936, 0.04255519935733705, 0.048299432802606936], [-0.705600019413112, -0.482195819736117, -0.3090816983347325, -0.019691497102713274, 0.07796958379790275, 0.3507881128655385, 0.5614252677379571, -0.29981089320098225, 0.20023915038515616, 0.4095257854987228, -0.3230972539708014, 0.12366879812506557, -0.01662071779482993]], "inverted": false, "swapped": false, "error_lsq": 0.04398147496974773, "error_max": 0.22220074321718952, "target": "461.xyz", "model": "23.xyz", "model_rescale": 4.410303926677745, "target_rescale": 4.245256892433493},
{"mapping": [5, 4, 15, 9, 10, 14, 11, 6, 13, 7, 0, 1, 16], "R": [[0.2203701043917392, -0.46108266503308515, -0.8595579056098327], [-0.36776708836795335, 0.7769104458986137, -0.5110357402051009], [0.9034292367439368, 0.428734107646692, 0.0016368068495560444]], "T": [0.010833128425129124, 0.061092275187355986, -0.06280545771941615], "aligned_model": [[-0.1665621281689973, 0.2332420927288985, -0.6184001730057342, -0.2646970925340211, 0.3053640569578611, -0.5617758990092281, 0.04102939268078388, -0.6140988039952269, -0.33888775463544696, 0.29372951971820976, 0.49512829856509183, 0.7844244203305843, 0.12696373968594477], [0.19005855764507515, -0.2752111983998208, -0.200794759792629, -0.4703278694001622, -0.510476457155001, 0.03823521678078894, -0.10637326218350737, 0.4545762846133301, 0.6139972944375556, 0.5361985386766404, 0.5568535728708321, 0.08068017796550203, 0.05306652096922856], [-0.6522973188632936, -0.6207647745532461, -0.2744533353713252, 0.12184478163371118, 0.03890325686204295, 0.2973978829040626, 0.5469198624279872, -0.24316205983649128, 0.19444532938998044, 0.30621292511387943, -0.3629133299661597, 0.3080154919626912, -0.09262991284678417]], "inverted": false, "swapped": false, "error_lsq": 0.03856775956877587, "error_max": 0.194821930926788, "target": "461.xyz", "model": "24.xyz", "model_rescale": 4.28219845311461, "target_rescale": 4.245256892433493},
{"mapping": [11, 14, 5, 8, 6, 1, 0, 9, 3, 4, 13, 2, 15], "R": [[0.43403104860324787, 0.8991536389194255, -0.056033761843380867], [0.895366393561245, -0.43741276736388124, -0.08360079083478018], [-0.09967983812935623, -0.01388540834929719, -0.9949226730281499]], "T": [-0.0014537924802494988, 0.1689318055388062, -0.1310598019607442], "aligned_model": [[-0.1598303835073172, 0.4815987241894567, -0.8004125008424574, -0.328006958621572, 0.3161670388543764, -0.4161887291101304, 0.29726270385528014, -0.4279141097791701, -0.5071832314040353, 0.16744148112693696, 0.4058688894582064, 0.6584557840451559, 0.028200961053989015], [-0.012762796441586316, -0.23436005472759996, -0.10843633945606324, -0.43301037805731774, -0.6268577238852435, 0.021121755102740142, -0.09871606474360933, 0.5760102273471346, 0.5638175084692219, 0.5433699237635492, 0.5480815890978064, 0.07229108767271383, 0.1499338828860861], [-0.6193025676771715, -0.5601991342020964, -0.23112265914780872, -0.01715328669742855, 0.14828437163586397, 0.3337245783441103, 0.5793536300534028, -0.46165387351408305, 0.30293139735879127, 0.4738526340158845, -0.33902646116993396, 0.023730206916785984, -0.06590003705926178]], "inverted": false, "swapped": false, "error_lsq": 0.045474848145374135, "error_max": 0.28720025963667406, "target": "461.xyz", "model": "25.xyz", "model_rescale": 4.100010024507729, "target_rescale": 4.245256892433493},
{"mapping": [10, 11, 6, 4, 7, 5, 9, 3, 1, 2, 0, 12], "R": [[0.05431453545358533, 0.8550050876106233, -0.5157676137548884], [0.9931281664631327, -0.09988164974650415, -0.0609926308785983], [-0.1036647298556144, -0.5089105581571944, -0.8545546603817075]], "T": [0.04224078180316884, 0.0621472296407719, 0.005262138127175527], "aligned_model": [[-0.7150892286415415, 0.07855011490324415, 0.40125404748596183, 0.6392269833840991, -0.5569402636138826, 0.07375129205170407, -0.2150984648833378, 0.5090040492236573, -0.012229929696306235, 0.09155839508486238, -0.3592088295756867, -0.05801256335976723], [-0.35569784450031033, -0.6521481101638191, -0.0630917908991806, -0.39078382982816506, 0.7524681364473851, 0.6253992801301923, -0.07951286268837454, 0.21412225037739838, -0.3575187408413541, 0.7522482053631692, 0.17861792316700043, 0.04202877348669816], [-0.03233147890781823, 0.2554274052819551, 0.544278188366211, -0.24512700163578632, -0.017588520941131523, 0.18621564014040992, 0.5937011755717246, -0.2876035649743848, -0.5184069455402174, -0.4318260742920621, -0.507515571688918, 0.025969038474374553]], "inverted": true, "swapped": true, "error_lsq": 0.047357265856370234, "error_max": 0.2596443076517189, "target": "461.xyz", "model": "26.xyz", "model_rescale": 3.6694154284099745, "target_rescale": 4.245256892433493},
{"mapping": [0, 2, 4, 10, 11, 8, 9, 5, 7, 3, 6, 12, 13], "R": [[0.5621424009962896, -0.7757206471406365, 0.2867985331235834], [0.4285913189730342, -0.023341132150599807, -0.9031969180919981], [0.7073227002599889, 0.6306446456996528, 0.3193460952435111]], "T": [-0.08052777060897784, 0.1196405069208924, -0.03454531580839297], "aligned_model": [[-0.24765245784656872, 0.2480629722915619, -0.6110868315464559, -0.22486467959691056, 0.46674040205179446, -0.6332170910585684, 0.059843501261543086, -0.6000603022604276, -0.2171319938184826, 0.3690576633624221, 0.46919446299670087, 0.6910652827734671, -0.05449125929135627], [0.18920788681306633, -0.2324487000350819, -0.37204360188077246, -0.44987845755313866, -0.5312694953421127, -0.015180187683177915, -0.03330609490131958, 0.6474314988197276, 0.6275476260109605, 0.6165541145499518, 0.41212714089216607, 0.011363430993186596, 0.09037745634437686], [-0.6702835179826977, -0.5143275166333792, -0.4247816417673951, 0.09470531552806642, 0.07942479163959416, 0.25651324839732687, 0.6148904227330297, -0.31293554039867777, 0.3111397566164933, 0.4168758007195825, -0.32341806743465734, 0.11596398011033344, -0.07624823267056469]], "inverted": false, "swapped": false, "error_lsq": 0.04293241238951983, "error_max": 0.24528508379546118, "target": "461.xyz", "model": "27.xyz", "model_rescale": 4.103607728864725, "target_rescale": 4.245256892433493},
{"mapping": [10, 13, 3, 2, 4, 0, 1, 9, 5, 7, 11, 8, 14], "R": [[-0.7929989592568535, -0.2614646981904464, -0.5502625393552847], [0.605783679681855, -0.4342548542480099, -0.6666699745699904], [-0.0646435151322938, -0.8620086618835212, 0.5027546944476227]], "T": [-0.03853259902429004, 0.12861995745262275, -0.2322532684867184], "aligned_model": [[-0.27960680257653403, 0.4564947697640357, -0.654003665107046, -0.16430105964546446, 0.4403244534023717, -0.5563102460977405, -0.10453975130784812, -0.6514787325166123, -0.19939067008290973, 0.33073302426481843, 0.5058752926845835, 0.6753634967358771, -0.08370044019881205], [0.2801204365210409, -0.2177509701268421, -0.30005423516728247, -0.5503490388191308, -0.5485127041083505, 0.016596786180788664, -0.08213408772497907, 0.6709841207834499, 0.6375870240729332, 0.4711004559633333, 0.4616923799164818, 0.06006888581488162, 0.06113356372150848], [-0.6549897224736478, -0.46644895083792914, -0.26331217966269566, 0.02172331044682968, 0.13352886492485078, 0.24633722271732728, 0.6361283413850944, -0.21606445060969198, 0.26796430063004645, 0.2839165225318426, -0.4867017746690961, 0.16515469801914723, -0.09971738354502335]], "inverted": true, "swapped": false, "error_lsq": 0.04215410711069936, "error_max": 0.2678677245324601, "target": "461.xyz", "model": "28.xyz", "model_rescale": 4.137296879288765, "target_rescale": 4.245256892433493},
