[{"mapping": [8, 10, 2, 1, 7, 12, 11, 6, 0, 4, 5, 13], "R": [[-0.516152158995772, -0.8563203180574287, 0.017391424496792318], [0.4388902411087551, -0.28187143854780317, -0.8531845336095183], [0.7355013970234879, -0.4327401125537317, 0.5213191824242434]], "T": [-0.05769655018907423, -0.05559607481714367, -0.12333057008522559], "aligned_model": [[-0.2547800004215232, 0.25567285446497584, 0.49988981381860015, -0.185947806726262, -0.21999042292492754, -0.5081076611646909, 0.2987792933847062, -0.43747132039119396, 0.6244885573386623, 0.4234802833525644, -0.6150429062302667, -0.04332822204009544], [-0.24787433704917777, -0.48621605380904076, -0.33090333993614823, 0.522361706645322, 0.44391833122490243, -0.6931048965981176, -0.3681370180097939, -0.33223787084792955, 0.27654077313503544, 0.14250865573442517, 0.1912037728795169, -0.06450468739193684], [-0.5850429227887325, 0.06416440711795614, -0.5691471092566909, -0.007625987797614989, -0.638759113086475, -0.00725899502647194, 0.6916184411403883, 0.6209268259479108, -0.22558761683230627, 0.4170818099763615, 0.33966541699360076, 0.08191658896563671]], "inverted": false, "swapped": true, "error_lsq": 0.05807646810670864, "error_max": 0.36487340570186416, "target": "462.xyz", "model": "0.xyz", "model_rescale": 3.751011558992144, "target_rescale": 4.095364687565285},
{"mapping": [2, 5, 0, 9, 13, 10, 11, 8, 1, 4, 7, 12, 6, 14], "R": [[-0.10742303923588975, 0.162654157638549, 0.9808179829327248], [0.0176641345714951, -0.9860586518169767, 0.16545789049400678], [0.9940564717314428, 0.03509929030309125, 0.10305227231388303]], "T": [0.10713575684368615, -0.06388873484407065, 0.05745251967011232], "aligned_model": [[-0.22925782981802878, 0.4218254018417088, -0.6416142228215304, 0.7033687753266729, 0.2744312858668051, 0.8115000423775951, 0.5639877498836878, -0.021202541212402337, -0.4085388822784246, 0.19839435402446734, -0.26252734187738636, 0.16389654036178364, 0.0874213001739808, 0.13637448175293548], [-0.5759381997531908, -0.3229112163587881, -0.18571984526825125, -0.34339161318492417, -0.7609963342525192, 0.3522655191607968, 0.01620800554370176, 0.13859122934735782, 0.3966345708975041, 0.660934615139498, -0.02869522653599936, -0.5208536286880676, 0.43573437318828045, -0.09327982978407195], [-0.4978697312142364, -0.41579564820441495, 0.06338269535338195, 0.08140977335534166, -0.058975136479290646, 0.0014137985317849294, 0.7067611963111289, -0.5613765338600022, 0.14510810061604623, -0.24565958775715835, 0.6068045326946836, 0.6404931729060315, 0.6175541491878747, 0.09330043379738842]], "inverted": false, "swapped": false, "error_lsq": 0.04692169476747526, "error_max": 0.26105544590625224, "target": "462.xyz", "model": "1.xyz", "model_rescale": 3.9405287249114394, "target_rescale": 4.095364687565285},
{"mapping": [12, 6, 9, 4, 3, 8, 10, 11, 1, 7, 0, 2, 13], "R": [[0.5590121097764552, -0.7473041206164165, 0.35922418130326506], [-0.020185347559393607, 0.4208452309226083, 0.9069078472224195], [-0.828913754782235, -0.5142235339999728, 0.22017298702019733]], "T": [-0.17605839062367418, -0.08695853281328828, 0.015729655950001243], "aligned_model": [[-0.3254590414989438, 0.33282464766379255, -0.5556494343232559, 0.5238082221879738, 0.572862271202438, -0.7009029636454427, 0.04447210149654837, 0.655937513129579, -0.028861581864033398, -0.634551112950611, 0.023314838224276657, -0.42876018173878405, 0.016948001400393542], [0.6701290506124389, 0.4945640188252096, 0.20849283210190864, -0.2772426878595263, -0.23456894843901588, 0.024841661437480775, 0.24812662733697874, 0.3003709038233886, -0.5330648243380849, -0.6250742689181636, -0.6424772181869698, -0.14814553378389314, -0.0271190190397345], [-0.14937065845343347, -0.40563503908555093, -0.5554819092081882, 0.20756509203464837, -0.3400308736059949, 0.04782332910519457, 0.413061449353096, 0.2317330882688363, -0.3626793931908775, -0.18856523884933757, 0.503374215162049, 0.735345515859207, -0.024019227801005117]], "inverted": false, "swapped": true, "error_lsq": 0.048229649110190675, "error_max": 0.27236589638688863, "target": "462.xyz", "model": "2.xyz", "model_rescale": 3.932901565614263, "target_rescale": 4.095364687565285},
{"mapping": [1, 3, 2, 11, 10, 8, 9, 0, 4, 7, 6, 12, 5, 13], "R": [[-0.143721096518546, 0.6850536288687462, 0.7141748889377653], [-0.9734393777326135, -0.22782299615685692, 0.022637586038609325], [0.17821342344236996, -0.6919524607918346, 0.6996011490192648]], "T": [0.18722940864672968, -0.05229188418149, 0.001949751592920046], "aligned_model": [[-0.1666434624774514, 0.41772153129079015, -0.6346171081076664, 0.8363081772956391, 0.1757349975115938, 0.9004589859811676, 0.5947112405331808, -0.1872555399922052, -0.49782452174102976, 0.30830559384977685, -0.29945247696596156, 0.2088402730227075, -0.025105270520823147, 0.16687669392214657], [-0.5699767994586312, 0.01798934915108283, -0.12396829774128698, -0.6597691539929462, -0.6993723901378012, 0.0978118563427452, 0.24831849970963754, 0.11674539883265367, 0.4896989763964066, 0.6477700449872632, -0.26818207816499323, -0.2798234044364835, 0.23607692271722325, -0.08473650475354354], [-0.3924421099977844, -0.4481829041003843, -0.11480061378625583, -0.08393864761828529, 0.3090330263331985, -0.08499369340370483, 0.5342888288436289, -0.5273306555043931, 0.015118808054543853, 0.07263496965400694, 0.4299969768379849, 0.7305732400908616, 0.6252932370688591, 0.11130075276628335]], "inverted": false, "swapped": false, "error_lsq": 0.05388732619189103, "error_max": 0.2999909967461192, "target": "462.xyz", "model": "3.xyz", "model_rescale": 3.9243930471874484, "target_rescale": 4.095364687565285},
{"mapping": [6, 10, 3, 5, 1, 12, 9, 4, 0, 2, 7, 8, 13], "R": [[0.6909946605391938, -0.43947288676251517, -0.5739250481612961], [-0.6818482145692614, -0.6598947574331384, -0.31562940515891424], [-0.2400195646088772, 0.6094280030593286, -0.7556375570947251]], "T": [-0.0471638226562876, 0.010971999228466228, -0.02514475163846973], "aligned_model": [[-0.007358907735847853, -0.3640745865546302, 0.6082006813780582, 0.3585352963982496, 0.5276607881874896, -0.5896658729915382, -0.18247320086465585, 0.35485938962727254, 0.2231309573707539, -0.47213833629349045, 0.20346055041684485, -0.4096748662196747, 0.02674399359252083], [-0.6615466615780049, 0.15808561487895734, -0.20593450401344618, -0.6347164055883522, -0.0597721985294174, -0.5432303297649471, -0.6280335412228701, 0.2748742770405824, 0.7235370275490526, 0.6458944527620566, 0.1370909128688607, -0.02300549896042573, -0.0554135917604584], [-0.5915481860899952, -0.46866867249533367, -0.5075195878440983, -0.091515815740772, 0.14350594527863947, -0.1711296179630315, 0.33683150876961154, -0.6009529614433324, -0.09821815729530388, 0.016318134309516064, 0.6551507497103163, 0.37035794877318673, -0.2055409725984389]], "inverted": false, "swapped": true, "error_lsq": 0.046585315409530745, "error_max": 0.2736082363636787, "target": "462.xyz", "model": "4.xyz", "model_rescale": 3.8936222436046832, "target_rescale": 4.095364687565285},
{"mapping": [2, 0, 7, 8, 1, 3, 11, 6, 12, 10, 9, 13], "R": [[0.45396589625161243, -0.6521575223613207, -0.6071289245852266], [-0.6877009145932216, -0.6897081648489511, 0.22664972845414696], [-0.5665531017549165, 0.314631869600388, -0.7615933097944385]], "T": [-0.08382648159033422, -0.03598908382076535, -0.14518271235472802], "aligned_model": [[0.12295915421009761, -0.5663857428733227, -0.3286039449958208, 0.28955795026391185, -0.5990482224757246, -0.6608028059312665, -0.1581510862553009, 0.06155534613210477, 0.5970720378225864, 0.14974724456416488, 0.26144495891652575, -0.14179684716285895], [-0.6879928985823652, -0.5929476232465466, 0.22239197057444318, 0.05213119845190106, 0.2699499412739538, 0.14120829196319623, -0.3957959445756667, 0.30777582065344766, 0.2102765776251672, -0.44634161847956433, 0.6222740752744648, -0.03400688582262387], [-0.48808175947553784, -0.35274392024384704, -0.7892663637928979, -0.521759391163403, -0.2146017512551156, 0.44212977522452435, 0.7230992897713638, 0.651917309953109, 0.16864957968891142, 0.16440157068631944, -0.2168818574398992, 0.05242223732199047]], "inverted": true, "swapped": true, "error_lsq": 0.04473719113392809, "error_max": 0.1859928919812997, "target": "462.xyz", "model": "5.xyz", "model_rescale": 3.6523030999806103, "target_rescale": 4.095364687565285},
{"mapping": [2, 8, 7, 0, 1, 10, 9, 4, 12, 6, 5, 3, 13], "R": [[-0.18547263471431671, 0.7226463620929521, 0.6658694595233753], [-0.5068839267126951, -0.6508736021731526, 0.5651833674432257], [0.8418245580953606, -0.23269247806486348, 0.48701706750337215]], "T": [0.05607733572150893, -0.06066523699004684, 0.14950909805227325], "aligned_model": [[0.060916993160487, -0.2558804763358928, 0.3466763111400149, 0.6779682219139314, 0.4953949623250155, -0.13191497664364776, -0.4075541318973659, 0.5263489240958737, -0.7063959474410357, -0.29829480736995917, 0.028790125614331325, 0.46826597142235543, 0.07676173468018681], [-0.5755763318500084, 0.09641530867981019, 0.4390805614975623, -0.4321496373507479, 0.32332407460344464, -0.5829862981137656, 0.5222075504400708, -0.4661841624378641, -0.04325239164200179, -0.041536693648379315, 0.4356928199292351, -0.015225755369998623, -0.11898214057417392], [0.7154527103136152, 0.5581643791755244, 0.6048407335567996, 0.39729726619015493, -0.003537835455561744, 0.04641731295359905, 0.09502334243971013, -0.2714673908392043, -0.053201440784980125, -0.6559306042058304, -0.4325514631975583, -0.5834795301067186, -0.04691774055776071]], "inverted": true, "swapped": true, "error_lsq": 0.04677169490880598, "error_max": 0.22658709520136514, "target": "462.xyz", "model": "6.xyz", "model_rescale": 4.08911054899281, "target_rescale": 4.095364687565285},
{"mapping": [9, 11, 0, 10, 8, 12, 5, 1, 2, 13, 6, 4, 7, 14], "R": [[-0.19158087856766715, 0.7183663610042039, 0.668764935044309], [0.9700611914662045, 0.24221369128893516, 0.017714755526290482], [-0.14925833905818656, 0.6521367181272393, -0.7432628398432315]], "T": [0.150821319126258, -0.08647288462532163, 0.10385328037362317], "aligned_model": [[-0.11677841979280029, 0.4791750656979336, -0.7821577543545322, 0.807503232214454, 0.2779921217308948, 0.7698037392345509, 0.5950515732532928, -0.2547671883045853, -0.4106300609184567, 0.29913345567453264, -0.24955419946315777, 0.1739859841826934, 0.09277268731319621, 0.11652887713384852], [-0.584308561319226, -0.11321928834684603, -0.18869153165506194, -0.38205962768974433, -0.75625375346445, 0.2611236709328506, -0.029080404347507444, 0.0962706235665445, 0.49199981368062995, 0.566963546129658, -0.029469565229321995, -0.5136042593610607, 0.5088399036789347, -0.15992814712407316], [-0.4393845373903509, -0.3819445273174632, 0.042554179644291576, 0.07792567251294279, 0.0846140499581772, 0.040297665577032946, 0.7201866431807317, -0.4792837804526848, 0.08708341299873655, -0.19096677231326892, 0.3964161490797689, 0.6640957963534759, 0.5953021637414604, -0.04034490033429096]], "inverted": false, "swapped": false, "error_lsq": 0.04447793579871163, "error_max": 0.30861447850622864, "target": "462.xyz", "model": "7.xyz", "model_rescale": 3.964800864290218, "target_rescale": 4.095364687565285},
{"mapping": [4, 6, 12, 0, 2, 3, 5, 11, 9, 10, 7, 1, 8, 13], "R": [[0.8197663745283161, 0.29857344526371865, 0.4887095138996723], [0.43084239751668596, 0.24067891536467645, -0.8697404717506005], [-0.37730348486964005, 0.923540771965286, 0.0686623828816707]], "T": [0.17169875906731802, -0.11155561617480787, 0.06902557286254302], "aligned_model": [[-0.0965091988135306, 0.3879974008168623, -0.5828011124110386, 0.7176133019710805, 0.08443724420081983, 0.8787386484689639, 0.5433149328763368, -0.18820688937741586, -0.2847260269255256, 0.28871144050896647, -0.27852491730665574, 0.2959924497874272, -0.1199650670906644, 0.15198690689623812], [-0.4636682746946941, -0.15674746058657257, -0.11361320293805123, -0.5741332926619764, -0.7680045284613892, -0.020042458037446795, 0.4878516699280629, 0.20588792548128043, 0.40373286784204726, 0.697574420268208, -0.392632933194429, -0.41631226663792104, 0.3273352116252217, -0.04864525848101352], [-0.47794294730409786, -0.4673310416715781, 0.0316003465516063, 0.10306345741272957, 0.060720072572966695, -0.06395048658065769, 0.5181169307160616, -0.6068670566076231, 0.06572106690666371, -0.013136641778925859, 0.5435225149507588, 0.7434099985561324, 0.6288153862667991, 0.11080961524772316]], "inverted": true, "swapped": false, "error_lsq": 0.05568603678551863, "error_max": 0.42601286436134983, "target": "462.xyz", "model": "8.xyz", "model_rescale": 4.121658175737393, "target_rescale": 4.095364687565285},
{"mapping": [9, 5, 1, 7, 6, 12, 4, 10, 0, 11, 8, 2, 13], "R": [[0.3777932124613968, 0.751317176445147, 0.5411051552116188], [0.6136935912554757, -0.6407948838500198, 0.46126141490872286], [0.6932910389367912, 0.15781133422581425, -0.7031664938830726]], "T": [0.015098174907741298, 0.09401167668133209, -0.05218539417917154], "aligned_model": [[-0.6117422194963392, -0.4303609458728023, 0.1749998244774293, 0.2551694854504134, -0.6149241585615618, -0.7091472697187439, 0.3876307078733266, 0.012243521884550086, 0.7732148126781425, -0.03942850440730077, -0.13745686033411242, 0.4422508341317249, -0.02571173166952863], [0.38430517852833584, -0.23486271071664827, -0.01995397135891369, 0.6042949417620047, -0.5205228959485504, 0.12558744972909652, -0.5563755194164475, -0.13860356324401382, 0.010655248364863618, -0.7636985883140852, 0.5996200820600404, 0.4077877934251466, -0.10784600545911815], [-0.3358477363862384, -0.5806910407844047, -0.6225488097752218, -0.5249403847868459, -0.06207221954115608, 0.25963472026134266, -0.019964640584474926, 0.46227579742543157, 0.014588700376254031, 0.33544677900226194, 0.04820491787463748, 0.49966076593474884, -0.052671415057245936]], "inverted": true, "swapped": true, "error_lsq": 0.05626638838725685, "error_max": 0.27892803967394747, "target": "462.xyz", "model": "9.xyz", "model_rescale": 3.833441315466971, "target_rescale": 4.095364687565285},
{"mapping": [8, 13, 11, 2, 9, 5, 4, 0, 12, 1, 7, 3, 6, 14], "R": [[0.9296614149519417, 0.35500860724880934, -0.09848117753568209], [-0.16526512178142477, 0.64076189481875, 0.7497410444085717], [0.3292675098945002, -0.6807298163938067, 0.6543621504949149]], "T": [0.03620988670262801, 0.004858972075985499, 0.05091702933660907], "aligned_model": [[-0.24679520748169717, 0.5590541664176818, -0.6164826030492113, 0.5616351475039923, 0.12262540528340027, 0.6864483765602541, 0.5222942324164114, 0.19042195852688884, -0.38011957988582923, 0.18962017923292349, -0.2839180072050408, 0.404044535478688, 0.02867725510041605, 0.06055325470298667], [-0.6363483124104545, -0.14493162224821338, -0.1897287751678164, -0.4775495362650026, -0.7958047659966989, 0.15762678785976597, 0.19960324506150068, 0.33936984928589714, 0.4403891006953319, 0.7124143603241971, -0.37096352801236804, -0.4866251264926911, 0.4990585652708864, -0.07792782245300725], [-0.29014117297494196, -0.5320779778769217, 0.08919500587270644, -0.03774289012915511, 0.1477677558006189, -0.055323745488018654, 0.6523397235223083, -0.5219215793793109, 0.04908956503900546, -0.0955056042297786, 0.49834250553504356, 0.6652971248487928, 0.5166847714485497, 0.09054773324966081]], "inverted": true, "swapped": false, "error_lsq": 0.04320255146754947, "error_max": 0.34042729468953453, "target": "462.xyz", "model": "10.xyz", "model_rescale": 4.2482417240324, "target_rescale": 4.095364687565285},
{"mapping": [3, 6, 12, 9, 0, 2, 10, 8, 5, 7, 1, 13], "R": [[-0.3429568486625046, 0.9307853958466723, 0.12656676828471758], [-0.824418413787676, -0.23366895417528882, -0.5154930638354299], [-0.4502386910998385, -0.2811358510278976, 0.8474949877748681]], "T": [-0.011493222153091336, 0.16764768539348696, -0.0030228734117255865], "aligned_model": [[-0.658516232476443, -0.07116897829972665, 0.5304700549441325, 0.5548473113785765, -0.5457330161238834, 0.050019926975562075, -0.09125115200154152, 0.4823949839954562, -0.06842566513041598, 0.1322105067651667, -0.30145071962302256, -0.1366314180408542], [-0.3498235388535569, -0.6823763078433953, -0.2916410501850207, -0.20982399265947743, 0.7152424345973548, 0.8169374030539724, 0.15382844236483706, 0.3758124233912686, -0.49889124988087563, 0.5383525264873703, 0.08214484323079374, 0.016369456347368166], [-0.1540900872259682, 0.21737822911089832, 0.3406192964746372, -0.3103289976666835, 0.026570090145031526, 0.3970871429313672, 0.5557579581358875, -0.044652127586994474, -0.3750375964624935, -0.6222544011911794, -0.5250238752898918, 0.05916665847974587]], "inverted": false, "swapped": true, "error_lsq": 0.054695135925014966, "error_max": 0.28974676761628326, "target": "462.xyz", "model": "11.xyz", "model_rescale": 3.6694154284099745, "target_rescale": 4.095364687565285},
{"mapping": [7, 6, 10, 11, 9, 4, 3, 5, 12, 0, 2, 8, 1, 13], "R": [[0.9251311502134627, -0.3599754771225027, -0.12062342548254024], [-0.20580690316216493, -0.2085379230317832, -0.9561147699248189], [0.3190233118684506, 0.9093566904840018, -0.26701036675842515]], "T": [0.10458497288863054, -0.06435129536967374, 0.016042667609072803], "aligned_model": [[-0.23345572465143216, 0.4433689141324845, -0.4393497595809259, 0.6748713821833263, 0.05599251114642216, 0.7561112780162935, 0.5049744606298835, -0.13513673378665414, -0.4835858289173903, 0.297057554365094, -0.14794754459930837, 0.2581507395739566, 0.10226480206273272, 0.14474306302738266], [-0.491902317729206, -0.037735396397281205, -0.3718926564461985, -0.5320653061504358, -0.8646989753371156, 0.21434191870112831, 0.07964947711050954, 0.19444323360576496, 0.2759714024141564, 0.5920832225150348, -0.005350687887191674, -0.5112276136666805, 0.5761286435931402, 0.050837475125701345], [-0.48902557387468026, -0.43603240196548615, 0.1304196991709773, -0.0162940669231951, 0.05809775912786755, 0.2294020262223606, 0.7645083890918462, -0.7051575040476951, 0.018059978315730724, -0.19080484515024157, 0.6152586798452436, 0.6070730921717598, 0.5694444734383369, 0.021601509815734197]], "inverted": false, "swapped": false, "error_lsq": 0.05452969506993845, "error_max": 0.3598662774307885, "target": "462.xyz", "model": "12.xyz", "model_rescale": 3.9764082729961374, "target_rescale": 4.095364687565285},
{"mapping": [11, 12, 14, 1, 8, 9, 0, 13, 6, 5, 7, 2, 4, 15], "R": [[-0.012802429151277495, 0.8273834103855527, 0.5614915760958473], [-0.8814139891655594, -0.27450143789308923, 0.3843934706754035], [0.4721710257005213, -0.4899853597949624, 0.7327815975278851]], "T": [0.1231569374234995, -0.0734093872973335, 0.03373363537863443], "aligned_model": [[-0.318728054452933, 0.49799370295428175, -0.6337920207377207, 0.6377029014069511, 0.04852142547055159, 0.6655468954374893, 0.49379045364567564, -0.09574062901883416, -0.3670157655327511, 0.3843177782083692, 0.012374670526211454, 0.5293588638200745, -0.09381526819753667, 0.037544160072035815], [-0.6339211998821014, -0.048317614278024446, -0.10985938672971983, -0.4367918104696882, -0.7632192989386957, 0.17799787530871375, 0.12837126538951216, 0.0190908231870585, 0.4772405983483269, 0.7206044908185257, -0.17289424874642645, -0.5301059172889007, 0.3987100972446127, -0.05832325451186659], [-0.31427334825346726, -0.4820970898417977, -0.22025004885145877, -0.04700200568975567, 0.16880644095180192, 0.09781677100836621, 0.624515573454197, -0.5301884449240137, -0.16670119264341665, 0.0982385377866835, 0.7745870288422421, 0.5462644036174717, 0.5296065788661956, 0.09722801091551074]], "inverted": true, "swapped": false, "error_lsq": 0.05378414299563052, "error_max": 0.38233646030197455, "target": "462.xyz", "model": "13.xyz", "model_rescale": 4.170626492500431, "target_rescale": 4.095364687565285},
{"mapping": [1, 0, 9, 2, 3, 4, 5, 7, 10, 8, 11, 6, 12, 13], "R": [[-0.04961633989545322, -0.5150019443721812, 0.8557518425970536], [-0.8091667576034449, -0.4815351797662537, -0.33670911635566114], [0.5854804669712792, -0.7091522177504314, -0.39283044033620684]], "T": [0.1772519293409954, -0.08671443590941287, 0.03127678762964112], "aligned_model": [[-0.24146208094007274, 0.33886535818404595, -0.6182213522659379, 0.7262603216278768, 0.06684612653693506, 0.7777073333067042, 0.27843608827801725, -0.12292942031722323, -0.24879030167415447, 0.27855908146308295, -0.220881087421163, 0.4611316010187835, 0.16276301177917077, 0.15977443402579988], [-0.448315491785866, -0.18766448847967293, -0.23962007639554211, -0.42648239330686555, -0.757175562731848, 0.28291961030779433, 0.09698398831816586, 0.2743478831882016, 0.2829531679247985, 0.6117885795802877, -0.26032235625498906, -0.4779515065931361, 0.520996550537162, -0.10387548485716348], [-0.5023314243374596, -0.5340095053507712, 0.043465381514994794, -0.09552892028952573, 0.14860555885420135, 0.10800429455182625, 0.9162832753305727, -0.6297489016851017, 0.04401197675016941, -0.19977881408914697, 0.5889595308522486, 0.7196336380793319, 0.43893295329648185, 0.13005217176073744]], "inverted": true, "swapped": false, "error_lsq": 0.054527206999702496, "error_max": 0.45564752131728764, "target": "462.xyz", "model": "14.xyz", "model_rescale": 3.9786697098870705, "target_rescale": 4.095364687565285},
{"mapping": [0, 3, 7, 2, 1, 9, 11, 6, 8, 10, 5, 13], "R": [[0.7496137092361075, -0.6303914117130944, 0.20170759768451102], [-0.6612743098677869, -0.70032038694201, 0.268826417493288], [-0.02820592196980748, -0.33490002041171224, -0.9418314086364226]], "T": [0.17706557470920029, -0.03484290951166789, -0.049937794257569064], "aligned_model": [[0.05426057926971156, -0.6481674049565608, 0.5142990616754762, 0.5962630108987397, -0.10377893349649023, 0.42686621399958397, -0.5314419565124032, -0.36260333626854035, 0.7012919515101653, 0.0978966056873105, -0.24859571666600053, -0.012935478373656106], [-0.5773845234020692, 0.11636480493228693, 0.2573236436678824, -0.6700923723033052, 0.27764727647983234, 0.6238742680339888, -0.43747631759240313, 0.2673046258657681, 0.06965737286580484, -0.4618395679252384, 0.5917365021722485, -0.042441222570357165], [-0.5759752839880815, -0.12317237124023481, -0.6351153795966503, -0.1285549658454627, -0.48277422778464, 0.1977613019742462, 0.42419528412924445, 0.576275399736838, 0.007136805790662677, 0.3108868786852507, 0.06015814274839284, 0.029144909264264322]], "inverted": true, "swapped": true, "error_lsq": 0.054938009644173835, "error_max": 0.3144860065529687, "target": "462.xyz", "model": "15.xyz", "model_rescale": 3.769337070930944, "target_rescale": 4.095364687565285},
{"mapping": [10, 2, 6, 12, 4, 0, 3, 7, 5, 9, 13], "R": [[-0.48259201335992874, 0.6355015423541989, 0.6026962239027592], [-0.814686118634424, -0.07308022482487952, -0.5752788965744547], [-0.321545450512968, -0.768633248308307, 0.5530022177617671]], "T": [-0.049202824160428565, -0.1003692215063221, 0.025318399684697762], "aligned_model": [[-0.290582546576189, -0.2804653647563995, -0.17269106587087393, -0.7177869282136696, 0.43770248695955616, 0.4133047355643924, 0.5412273822952184, 0.19398822774368296, 0.1617491907114759, -0.3754513154603807, 0.011631328294357576], [-0.019713215417465402, -0.7085294867779567, 0.767487656053619, 0.3114874101657415, 0.1103145050842777, -0.562904299365447, 0.48400101641135373, -0.5475721938375064, 0.5269665280260056, 0.16227423576185213, 0.07225234152086818], [-0.47868433328896565, -0.37730767897298045, -0.05376209838156423, 0.10361072389685452, -0.5051132691294342, -0.3725458601539029, -0.11302950684809349, 0.5567204506060841, 0.4098434499048146, 0.6435771302630735, -0.06909140067210875]], "inverted": true, "swapped": true, "error_lsq": 0.04799210643150002, "error_max": 0.28709496317287686, "target": "462.xyz", "model": "16.xyz", "model_rescale": 3.7852294659196426, "target_rescale": 4.095364687565285},
{"mapping": [10, 4, 3, 11, 2, 0, 7, 1, 6, 12, 8, 5, 13], "R": [[-0.713605849914278, -0.5040331962941688, -0.4865359472861231], [0.27318069151101304, -0.8397403524947725, 0.4692637320074078], [-0.645088366624051, 0.20195711778850325, 0.7369357650574947]], "T": [-0.08030591886427205, 0.24102575114838173, -0.026640447970379726], "aligned_model": [[-0.11819907119990203, -0.20664460670856513, 0.23746912193478756, 0.17048844229849816, -0.704283079913013, -0.758581655008327, -0.3625637908647402, -0.054970306224358556, 0.7048440196055292, 0.4967719424591688, -0.13614127425483674, 0.5600636763343402, 0.025512431757701487], [-0.11320934029312404, -0.4695568432305174, -0.34990776818527203, -0.6408906868018016, 0.2627357735275743, -0.061642289464490546, 0.7749912538547503, 0.24791233937889445, -0.15050995087704347, 0.38327498938945825, 0.7216506289479725, 0.2040298392218362, 0.06617767823463813], [-0.4646700423520083, 0.17813524015551038, 0.48233218987405596, -0.24624086692083158, -0.46894148524168877, 0.15905282939710683, 0.3937544396351105, 0.5760052306447058, -0.09676889514812004, -0.5457806732136868, -0.2608908546937031, 0.39105381044416454, -0.0012862254374417584]], "inverted": true, "swapped": true, "error_lsq": 0.043841914278287986, "error_max": 0.2745587695131588, "target": "462.xyz", "model": "17.xyz", "model_rescale": 3.901054581598922, "target_rescale": 4.095364687565285},
{"mapping": [2, 5, 0, 9, 13, 10, 11, 8, 1, 4, 7, 12, 6, 14], "R": [[-0.10742303923588975, 0.162654157638549, 0.9808179829327248], [0.0176641345714951, -0.9860586518169767, 0.16545789049400678], [0.9940564717314428, 0.03509929030309125, 0.10305227231388303]], "T": [0.10713575684368615, -0.06388873484407065, 0.05745251967011232], "aligned_model": [[-0.22925782981802878, 0.4218254018417088, -0.6416142228215304, 0.7033687753266729, 0.2744312858668051, 0.8115000423775951, 0.5639877498836878, -0.021202541212402337, -0.4085388822784246, 0.19839435402446734, -0.26252734187738636, 0.16389654036178364, 0.0874213001739808, 0.13637448175293548], [-0.5759381997531908, -0.3229112163587881, -0.18571984526825125, -0.34339161318492417, -0.7609963342525192, 0.3522655191607968, 0.01620800554370176, 0.13859122934735782, 0.3966345708975041, 0.660934615139498, -0.02869522653599936, -0.5208536286880676, 0.43573437318828045, -0.09327982978407195], [-0.4978697312142364, -0.41579564820441495, 0.06338269535338195, 0.08140977335534166, -0.058975136479290646, 0.0014137985317849294, 0.7067611963111289, -0.5613765338600022, 0.14510810061604623, -0.24565958775715835, 0.6068045326946836, 0.6404931729060315, 0.6175541491878747, 0.09330043379738842]], "inverted": false, "swapped": false, "error_lsq": 0.04692169476747526, "error_max": 0.26105544590625224, "target": "462.xyz", "model": "18.xyz", "model_rescale": 3.9405287249114394, "target_rescale": 4.095364687565285},
{"mapping": [4, 13, 0, 14, 12, 11, 10, 7, 8, 5, 1, 3, 2, 15], "R": [[-0.6194791118410256, -0.29532553745418794, -0.7273434243327216], [-0.56056119291459, -0.48221954875096923, 0.6732276404015092], [-0.5495605325993002, 0.8247709583452894, 0.13317690219916845]], "T": [0.1057440043459858, -0.099683744876472, 0.0123034701258814], "aligned_model": [[-0.3611452455684656, 0.5932950698631467, -0.5797963063386924, 0.7916104968406177, 0.11183511126792395, 0.7280242186656001, 0.6460410776144012, -0.06213837292075253, -0.42710226870570905, 0.06267011541992124, -0.25638996769193517, 0.2937682220850978, 0.1395325241337913, 0.11785443893691953], [-0.4755308388897479, -0.24568922553285272, -0.1446029886616417, -0.4327186555494147, -0.6458896176864445, 0.25874113076869354, 0.07172683197239052, 0.06390544987950739, 0.4070021489803989, 0.7265373876257497, -0.2369811209212897, -0.5528249102282837, 0.4522334411002178, -0.07732661340595645], [-0.4065263507467197, -0.42622384202622077, 0.038590385503587246, 0.14800116657781742, 0.05426899328185529, -0.046959885203520055, 0.5569148211905199, -0.6515335819461625, -0.16550656839090014, 0.0945587013175755, 0.5466515222479836, 0.7085351648088816, 0.682804058318888, 0.04297663030497348]], "inverted": true, "swapped": false, "error_lsq": 0.03906285825636102, "error_max": 0.23635555409563194, "target": "462.xyz", "model": "19.xyz", "model_rescale": 4.410303926677745, "target_rescale": 4.095364687565285},
{"mapping": [4, 6, 12, 0, 2, 3, 5, 11, 9, 10, 7, 1, 8, 13], "R": [[0.8197663745283161, 0.29857344526371865, 0.4887095138996723], [0.43084239751668596, 0.24067891536467645, -0.8697404717506005], [-0.37730348486964005, 0.923540771965286, 0.0686623828816707]], "T": [0.17169875906731802, -0.11155561617480787, 0.06902557286254302], "aligned_model": [[-0.0965091988135306, 0.3879974008168623, -0.5828011124110386, 0.7176133019710805, 0.08443724420081983, 0.8787386484689639, 0.5433149328763368, -0.18820688937741586, -0.2847260269255256, 0.28871144050896647, -0.27852491730665574, 0.2959924497874272, -0.1199650670906644, 0.15198690689623812], [-0.4636682746946941, -0.15674746058657257, -0.11361320293805123, -0.5741332926619764, -0.7680045284613892, -0.020042458037446795, 0.4878516699280629, 0.20588792548128043, 0.40373286784204726, 0.697574420268208, -0.392632933194429, -0.41631226663792104, 0.3273352116252217, -0.04864525848101352], [-0.47794294730409786, -0.4673310416715781, 0.0316003465516063, 0.10306345741272957, 0.060720072572966695, -0.06395048658065769, 0.5181169307160616, -0.6068670566076231, 0.06572106690666371, -0.013136641778925859, 0.5435225149507588, 0.7434099985561324, 0.6288153862667991, 0.11080961524772316]], "inverted": true, "swapped": false, "error_lsq": 0.05568603678551863, "error_max": 0.42601286436134983, "target": "462.xyz", "model": "20.xyz", "model_rescale": 4.121658175737393, "target_rescale": 4.095364687565285},
{"mapping": [2, 8, 7, 0, 1, 10, 9, 4, 12, 6, 5, 3, 13], "R": [[-0.18547263471431671, 0.7226463620929521, 0.6658694595233753], [-0.5068839267126951, -0.6508736021731526, 0.5651833674432257], [0.8418245580953606, -0.23269247806486348, 0.48701706750337215]], "T": [0.05607733572150893, -0.06066523699004684, 0.14950909805227325], "aligned_model": [[0.060916993160487, -0.2558804763358928, 0.3466763111400149, 0.6779682219139314, 0.4953949623250155, -0.13191497664364776, -0.4075541318973659, 0.5263489240958737, -0.7063959474410357, -0.29829480736995917, 0.028790125614331325, 0.46826597142235543, 0.07676173468018681], [-0.5755763318500084, 0.09641530867981019, 0.4390805614975623, -0.4321496373507479, 0.32332407460344464, -0.5829862981137656, 0.5222075504400708, -0.4661841624378641, -0.04325239164200179, -0.041536693648379315, 0.4356928199292351, -0.015225755369998623, -0.11898214057417392], [0.7154527103136152, 0.5581643791755244, 0.6048407335567996, 0.39729726619015493, -0.003537835455561744, 0.04641731295359905, 0.09502334243971013, -0.2714673908392043, -0.053201440784980125, -0.6559306042058304, -0.4325514631975583, -0.5834795301067186, -0.04691774055776071]], "inverted": true, "swapped": true, "error_lsq": 0.04677169490880598, "error_max": 0.22658709520136514, "target": "462.xyz", "model": "21.xyz", "model_rescale": 4.08911054899281, "target_rescale": 4.095364687565285},
{"mapping": [9, 13, 5, 3, 14, 4, 2, 7, 6, 0, 11, 15, 1, 16], "R": [[-0.43676103422484813, 0.8475004529789588, -0.30163352131900256], [0.47896779364102937, 0.5029113949912073, 0.7194928640665192], [0.7614654631941531, 0.16977370523275392, -0.6255775230729254]], "T": [0.038012908843356535, -0.07244330653879007, 0.05523653374473365], "aligned_model": [[-0.3064163944766317, 0.49484623470790523, -0.6385616672280517, 0.8230849490198915, 0.3142920604945567, 0.6800264457328281, 0.5740356983677717, 0.027203515620527002, -0.34379570822285943, 0.278216735044399, -0.4047653800412945, 0.17389054883756963, 0.0571030500561716, 0.06889902568908161], [-0.6701195638322127, -0.06369026123364861, -0.26889173177006453, -0.41028573131920826, -0.6508251973701774, 0.19944285961585467, -0.01766416299557262, 0.19784707602210533, 0.5145775098254738, 0.6533235513995935, -0.17949984883744952, -0.4618878295823445, 0.3701212258133345, -0.04386547628435736], [-0.12280603994131706, -0.4222115394586876, 0.018035550073402587, -0.09904635916960883, 0.024143051014971502, 0.04149910413948296, 0.5357910508563607, -0.6025038817100815, -0.2000924102478852, -0.06983939509811021, 0.6703619794075543, 0.6563831450760752, 0.7138491531792992, 0.03298780711710314]], "inverted": true, "swapped": false, "error_lsq": 0.04215957313383898, "error_max": 0.281257477238021, "target": "462.xyz", "model": "22.xyz", "model_rescale": 4.204369325754507, "target_rescale": 4.095364687565285},
{"mapping": [4, 13, 0, 14, 12, 11, 10, 7, 8, 5, 1, 3, 2, 15], "R": [[-0.6194791118410256, -0.29532553745418794, -0.7273434243327216], [-0.56056119291459, -0.48221954875096923, 0.6732276404015092], [-0.5495605325993002, 0.8247709583452894, 0.13317690219916845]], "T": [0.1057440043459858, -0.099683744876472, 0.0123034701258814], "aligned_model": [[-0.3611452455684656, 0.5932950698631467, -0.5797963063386924, 0.7916104968406177, 0.11183511126792395, 0.7280242186656001, 0.6460410776144012, -0.06213837292075253, -0.42710226870570905, 0.06267011541992124, -0.25638996769193517, 0.2937682220850978, 0.1395325241337913, 0.11785443893691953], [-0.4755308388897479, -0.24568922553285272, -0.1446029886616417, -0.4327186555494147, -0.6458896176864445, 0.25874113076869354, 0.07172683197239052, 0.06390544987950739, 0.4070021489803989, 0.7265373876257497, -0.2369811209212897, -0.5528249102282837, 0.4522334411002178, -0.07732661340595645], [-0.4065263507467197, -0.42622384202622077, 0.038590385503587246, 0.14800116657781742, 0.05426899328185529, -0.046959885203520055, 0.5569148211905199, -0.6515335819461625, -0.16550656839090014, 0.0945587013175755, 0.5466515222479836, 0.7085351648088816, 0.682804058318888, 0.04297663030497348]], "inverted": true, "swapped": false, "error_lsq": 0.03906285825636102, "error_max": 0.23635555409563194, "target": "462.xyz", "model": "23.xyz", "model_rescale": 4.410303926677745, "target_rescale": 4.095364687565285},
{"mapping": [5, 4, 12, 9, 15, 10, 11, 2, 0, 1, 13, 14, 7, 16], "R": [[0.6827866771426176, -0.6054115666923595, 0.40899778536276443], [0.4172175182404412, -0.13646126066071934, -0.898503125655206], [0.5997765383789453, 0.784127004543263, 0.15941438064421837]], "T": [0.17953828779481612, -0.10053100557924922, 0.12025725168613495], "aligned_model": [[-0.1653206974782666, 0.31009199427174383, -0.6220151496792388, 0.7185995897050674, 0.2983413594076434, 0.7707621559950024, 0.5559730285375992, -0.1633776176663938, -0.3513777758693107, 0.3544321114516171, -0.2701347843074941, 0.28504985571810193, -0.10835942643359342, 0.1853944699493867], [-0.4260916284077242, -0.13832693836138601, -0.11500967304944555, -0.4036015352268845, -0.803325407412302, 0.09064000807233659, 0.08727430794806594, 0.17144035768694876, 0.3523859625993115, 0.7381692430210467, -0.23282794790000766, -0.5218395553650228, 0.3736082162418314, -0.0039129903954417955], [-0.2928826696091665, -0.5545846336332448, 0.06128022356915083, 0.2201629595826855, 0.08447946860461279, -0.07388683780785106, 0.5932768461889245, -0.6805761957442432, -0.16849898524303886, 0.16852103743532076, 0.6441639906271277, 0.6394069458268653, 0.48664202368854115, 0.04904704175287529]], "inverted": false, "swapped": false, "error_lsq": 0.04214266271592953, "error_max": 0.2399232596383419, "target": "462.xyz", "model": "24.xyz", "model_rescale": 4.28219845311461, "target_rescale": 4.095364687565285},
{"mapping": [14, 13, 6, 9, 11, 7, 3, 2, 0, 4, 8, 5, 1, 15], "R": [[-0.7025462533840624, 0.6780952603893874, -0.2159064142017691], [-0.31237215961964315, -0.021242978318175065, 0.9497222592772763], [0.6394156674265787, 0.7346669678906372, 0.22674225574382995]], "T": [0.17782523156459068, -0.1292656266104219, 0.030854469100071377], "aligned_model": [[-0.22307573545632103, 0.45014469140354635, -0.7220152741245838, 0.7734787597105726, 0.1975810683220364, 0.8737508012128288, 0.5769464304975767, -0.16163233026079715, -0.3554136019868756, 0.2975353826641542, -0.2963872877237281, 0.20682375609325915, 0.04708328644820897, 0.1332391668019873], [-0.561914512864381, -0.10193160725655767, -0.08642311609612968, -0.37751909064908407, -0.6717412350282133, 0.17518808930174162, 0.3001604180237422, 0.11551868467252435, 0.4881550453122521, 0.5893911479331979, -0.30366013483379983, -0.483791977578016, 0.15737519793780602, -0.07022448942375589], [-0.4510562910615333, -0.4964134135895407, 0.0053845147439009755, 0.23195338973098417, 0.07336320272452475, -0.13808795342096386, 0.5371556498334145, -0.5110211891991514, 0.02936037705754825, -0.031197872934638174, 0.5069375490142563, 0.8046443843606053, 0.5881882831973037, 0.027340584781849038]], "inverted": true, "swapped": false, "error_lsq": 0.04792390198250589, "error_max": 0.35800017301839193, "target": "462.xyz", "model": "25.xyz", "model_rescale": 4.100010024507729, "target_rescale": 4.095364687565285},
{"mapping": [3, 6, 12, 9, 0, 2, 10, 8, 5, 7, 1, 13], "R": [[-0.3429568486625046, 0.9307853958466723, 0.12656676828471758], [-0.824418413787676, -0.23366895417528882, -0.5154930638354299], [-0.4502386910998385, -0.2811358510278976, 0.8474949877748681]], "T": [-0.011493222153091336, 0.16764768539348696, -0.0030228734117255865], "aligned_model": [[-0.658516232476443, -0.07116897829972665, 0.5304700549441325, 0.5548473113785765, -0.5457330161238834, 0.050019926975562075, -0.09125115200154152, 0.4823949839954562, -0.06842566513041598, 0.1322105067651667, -0.30145071962302256, -0.1366314180408542], [-0.3498235388535569, -0.6823763078433953, -0.2916410501850207, -0.20982399265947743, 0.7152424345973548, 0.8169374030539724, 0.15382844236483706, 0.3758124233912686, -0.49889124988087563, 0.5383525264873703, 0.08214484323079374, 0.016369456347368166], [-0.1540900872259682, 0.21737822911089832, 0.3406192964746372, -0.3103289976666835, 0.026570090145031526, 0.3970871429313672, 0.5557579581358875, -0.044652127586994474, -0.3750375964624935, -0.6222544011911794, -0.5250238752898918, 0.05916665847974587]], "inverted": false, "swapped": true, "error_lsq": 0.054695135925014966, "error_max": 0.28974676761628326, "target": "462.xyz", "model": "26.xyz", "model_rescale": 3.6694154284099745, "target_rescale": 4.095364687565285},
{"mapping": [7, 8, 1, 9, 3, 10, 11, 5, 0, 4, 6, 12, 2, 13], "R": [[0.08509317840653877, 0.5204791790772569, 0.8496237844691839], [-0.9801763141724527, -0.10939836893939972, 0.16518592557692235], [0.1789232911724421, -0.8468373049296212, 0.5008523084259048]], "T": [0.1646519081807071, -0.05152135993296228, 0.022864713480850347], "aligned_model": [[0.030646756982736667, 0.5188915142028678, -0.7098113952928604, 0.6910094522603353, 0.042780307277552096, 0.6893099790316879, 0.6620802324888895, -0.35288131728290617, -0.2877104285642551, 0.33209292058844764, -0.3049671951980607, 0.25780185152438495, 0.07285630044853073, 0.15596013513451432], [-0.527444314811489, 0.04981327798747076, -0.16774581695333582, -0.4844241436060712, -0.8417113147505288, 0.23998015880557952, 0.007332385017693788, 0.06444919798377814, 0.4301198375574786, 0.72620032658925, -0.24251954206292287, -0.42006233519551406, 0.35084475707063945, -0.016250054180701835], [-0.366581669466205, -0.49924905296555216, -0.01524644189607404, 0.0430253471238831, 0.1393909703170534, 0.06350328083610421, 0.7194828069340917, -0.5642372282284741, 0.004880934463268795, -0.1836372375168165, 0.4856476258373507, 0.7194517152006975, 0.5630542362335665, 0.0670659283656653]], "inverted": false, "swapped": false, "error_lsq": 0.049358139509901804, "error_max": 0.3449641490426482, "target": "462.xyz", "model": "27.xyz", "model_rescale": 4.103607728864725, "target_rescale": 4.095364687565285},
