[{"mapping": [10, 11, 3, 7, 8, 9, 4, 5, 12, 0, 1, 13], "R": [[0.5933842186904336, -0.594753416679272, -0.5423684562707131], [0.482467730118649, 0.8021639955283243, -0.3517922876815144], [0.6442981129906423, -0.05292728621767109, 0.7629407866737306]], "T": [-0.014332329474422137, -0.02578375835256915, -0.0032306911022314914], "aligned_model": [[-0.2124136294726311, 0.25947212043253215, 0.4125684976967498, -0.16964540161395025, 0.08830334439936212, -0.6904941839672397, 0.4008543994603523, -0.17309621962634858, 0.5379635440223541, 0.16080877078024045, -0.6451166535841207, -0.13156212606675213], [-0.3646615026104216, -0.6328934865367201, -0.2820426089753488, 0.6654328225835536, 0.27653747997031913, -0.4238000661462268, -0.30375363876961275, -0.7269084605840186, 0.24300649391058807, 0.37320333894258423, 0.283834159665497, -0.05439949547313642], [-0.4160781971965796, -0.018980774210849375, -0.58954357536757, -0.04426913682571068, -0.6885204809496162, 0.12899915723300961, 0.605494821544079, 0.45826957287107584, -0.09399032173409348, 0.435783698633343, 0.3905538128087382, 0.014233168547736114]], "inverted": true, "swapped": true, "error_lsq": 0.043082057999777774, "error_max": 0.2965992909416123, "target": "463.xyz", "model": "0.xyz", "model_rescale": 3.751011558992144, "target_rescale": 3.9023814675243136},
{"mapping": [7, 11, 12, 8, 3, 13, 10, 6, 4, 9, 5, 2, 1, 14], "R": [[-0.7105695652268115, 0.09953372776125276, 0.6965514553938779], [-0.567923581273553, 0.5032971092048811, -0.6512716988319333], [-0.4153958338823376, -0.8583618449721301, -0.3011000569399458]], "T": [0.02003264026461042, 0.01615348840277712, -0.006871926712055214], "aligned_model": [[-0.6132393966900778, -0.03497768307266032, -0.3059579343936654, 0.3119262891856376, -0.40979780059656123, 0.2201064457826305, 0.6036748590531945, -0.34644985646770415, 0.2854079521975669, 0.4661462308242995, 0.5616152553328965, 0.1072054025872861, -0.4332025341456088, 0.019957057433127933], [-0.15943999164022593, -0.6582619790153577, -0.08937166260341056, 0.33542012689827516, 0.4991901434198854, 0.4327498283490229, -0.5542864332823262, -0.6247748706554177, -0.2880847377725632, -0.12259822580639697, 0.30972787270771657, 0.8383746445699743, -0.0647336215543134, -0.0023085541961234135], [-0.09524885116008008, -0.42980056201614975, -0.6660909281192503, 0.4964025147244497, -0.41347649079336163, -0.5671577111020469, 0.07321430384159694, 0.12960943983283096, 0.6732670410437828, -0.4715441202595622, -0.1097718729287212, -0.016431312059458823, 0.5163113122740233, -0.05847579976126981]], "inverted": false, "swapped": false, "error_lsq": 0.03836196906989058, "error_max": 0.26642488087943944, "target": "463.xyz", "model": "1.xyz", "model_rescale": 3.9405287249114394, "target_rescale": 3.9023814675243136},
{"mapping": [7, 8, 12, 9, 10, 0, 1, 6, 11, 4, 5, 2, 13], "R": [[0.9914119057414059, -0.12363231382440905, 0.04263196139771817], [-0.12966808553913023, -0.886962720363379, 0.4432643909431606], [-0.016988841832523707, -0.4449855993894827, -0.8953765663614233]], "T": [-0.053303408476992845, -0.027048089884328566, -0.1160366465261353], "aligned_model": [[-0.17799698476992215, 0.23556498311141233, -0.4424138384808188, 0.4338679798545669, 0.47645597779293153, -0.6080367858721609, -0.0300924525578176, 0.603735469501638, 0.0035755279971143306, -0.6298730101024546, -0.009405159785036407, -0.37955221806320133, 0.02015379065767993], [0.6607929539923909, 0.43920852517758563, 0.13421988279802988, -0.29496867538367716, -0.17606136611321838, 0.17479590732216355, 0.2747044564960828, 0.5034353951924896, -0.6444474714648557, -0.556397636029905, -0.7848990825194826, -0.23726112286323664, -0.03428917303235046], [0.006081642668009313, -0.6363386069431766, -0.5722185799637173, 0.45315503102054966, -0.2632352416860051, 0.06870269415900535, 0.630438407644488, 0.07990850851050069, -0.3597207743887616, -0.029142593069841877, 0.27575300528518343, 0.47872568670508, -0.018988830352670044]], "inverted": false, "swapped": true, "error_lsq": 0.051146918865992305, "error_max": 0.31215842538650745, "target": "463.xyz", "model": "2.xyz", "model_rescale": 3.932901565614263, "target_rescale": 3.9023814675243136},
{"mapping": [0, 1, 2, 9, 4, 6, 11, 3, 8, 10, 9, 5, 7, 13], "R": [[-0.6155462807900772, -0.07005813781003736, -0.7849806580624095], [0.30627336436425256, 0.8964844493162484, -0.32017535572736494], [0.7261538421619109, -0.4375014165242585, -0.5303707269945825]], "T": [0.023881420751283855, -0.090631551214372, -0.05744043145269981], "aligned_model": [[-0.5949541691698893, -0.09165825037337738, -0.43203911875602025, 0.38118523368963764, -0.6481829658034809, 0.16098675395521492, 0.6719669355703617, -0.17297429841512038, 0.25212071182982737, 0.5919028213188028, 0.38118523368963764, 0.12165544206504345, -0.2882045336571881, 0.09942449108691309], [-0.29460643962730976, -0.5450898030542402, 0.06126645789010776, 0.3438365564761581, 0.42990040913634736, 0.30357290698351336, -0.6896822050036675, -0.4890051076051887, -0.3263371745429863, -0.1739606984223539, 0.3438365564761581, 0.6211105642076824, 0.2806184446312262, -0.01385792812670747], [-0.213604084992344, -0.6309270508634838, -0.738074921956791, 0.41517398649111303, -0.25894066250959025, -0.5982705650674137, 0.07978995163988353, 0.19401893600301753, 0.5991693542428396, -0.4858717351924443, 0.41517398649111303, -0.08319091776543369, 0.4665045513391375, -0.10014386434282091]], "inverted": true, "swapped": false, "error_lsq": 0.05156607409800582, "error_max": 0.423240583620782, "target": "463.xyz", "model": "3.xyz", "model_rescale": 3.9243930471874484, "target_rescale": 3.9023814675243136},
{"mapping": [12, 4, 3, 8, 10, 0, 7, 11, 9, 2, 6, 1, 13], "R": [[-0.8096476793377173, -0.2920299968211498, -0.5091061935389206], [-0.41469082919502126, -0.32919763186338175, 0.8483280234420454], [-0.41533378326906584, 0.8979684850439804, 0.14543193715007707]], "T": [0.027164270155282312, -0.07694277234045517, -0.14990927169789056], "aligned_model": [[-0.028376481627872395, -0.4062107904080174, 0.6528524974244234, 0.5023221159649237, 0.553636813123972, -0.5488109433442179, -0.23950001818475367, 0.3035103126566137, 0.1070053339703195, -0.5575229344934023, 0.3542408486231953, -0.4438281100929122, 0.027887242699080862], [-0.5998746761427975, 0.16507213185438335, -0.33244661893145866, -0.6322482969953379, 0.11848512425841849, -0.29610017544745276, -0.5410928459410299, 0.2400213638487093, 0.6242367604870318, 0.3261836069386986, -0.1214663643195099, 0.1654068290292191, 0.011652715042713008], [-0.4800209058804965, -0.7613083779112185, -0.5172071612255597, 0.04352057247045241, -0.0542432433408241, -0.20302545848616751, 0.3159678930854074, -0.6665965708705344, 0.21760839427795461, -0.15009112503519212, 0.651680324337389, 0.4569277761863664, -0.06614180223661312]], "inverted": true, "swapped": true, "error_lsq": 0.04758158705023631, "error_max": 0.3013178148241672, "target": "463.xyz", "model": "4.xyz", "model_rescale": 3.8936222436046832, "target_rescale": 3.9023814675243136},
{"mapping": [3, 11, 12, 8, 0, 2, 9, 1, 6, 10, 7, 13], "R": [[0.6941196161770032, -0.5337175684818272, 0.483056431001737], [-0.6084663820662257, -0.7935757825990305, -0.002477734363078854], [0.38466429563130444, -0.29220375488036143, -0.8755857155643245]], "T": [-0.18157534194580988, -0.06250472806351916, -0.0792238337097026], "aligned_model": [[0.04634149675803434, -0.456010759669753, -0.29233085900262357, 0.4284171413323253, -0.5289516070467075, -0.6829400896189952, -0.08194565780358776, -0.13767535770613948, 0.6038989373747838, 0.17025531020754037, 0.10755216500212328, -0.14906267761190367], [-0.554904147835005, -0.6629578126396586, 0.09332706697910205, -0.03425797299593518, 0.4430982906764436, 0.1555057110002142, -0.30992173336048673, 0.43461501849498924, 0.09185499204936841, -0.5004655899569186, 0.582818129054622, -0.0697890463569282], [-0.6244507947648477, -0.1683330851053683, -0.6699571993163553, -0.5249430277478422, -0.1585589525847156, 0.3740695329647837, 0.6704129577161344, 0.553044387210929, 0.2535081188128366, 0.015237088927822773, -0.13880873928814957, 0.03806443245029012]], "inverted": false, "swapped": true, "error_lsq": 0.03519684446274756, "error_max": 0.17951968193175838, "target": "463.xyz", "model": "5.xyz", "model_rescale": 3.6523030999806103, "target_rescale": 3.9023814675243136},
{"mapping": [3, 8, 6, 10, 9, 12, 7, 11, 0, 2, 1, 5, 13], "R": [[-0.8495284034212942, -0.3984345842331619, 0.3457620191221332], [-0.26443856934295307, 0.8887516582121513, 0.37442320049511313], [-0.45647972005809767, 0.22665033005071689, -0.8603812486703681]], "T": [0.010474756787252452, -0.11619536826725582, 0.02408462566306599], "aligned_model": [[0.1883743996889934, -0.1136348421297792, 0.21768598659944663, 0.49731639810109934, 0.6219487630600918, -0.4455808320948344, -0.49644563611906206, 0.40684255144987985, -0.5239649232180521, -0.043662746688000915, -0.06961057015421049, 0.5582686118345439, 0.08354574433417883], [-0.6517880495899574, -0.11702387419125329, 0.5720095840481673, -0.12208266069437079, 0.3131016800169516, -0.49121757851077896, 0.332562812482748, -0.6359651320031521, -0.06087120464700818, 0.07596039459932064, 0.6116290420921653, -0.26167155905004646, -0.02381655038960255], [0.5467393011290671, 0.7698395651681759, 0.5087956413675174, 0.31983442924932537, -0.24959429482357468, 0.21614681303779767, 0.23676860867893681, -0.10448880869577643, -0.28236636317017716, -0.6574689903759656, -0.3115883138396879, -0.6150733241666296, -0.007434524077219513]], "inverted": true, "swapped": true, "error_lsq": 0.04924173528369677, "error_max": 0.27351821864417164, "target": "463.xyz", "model": "6.xyz", "model_rescale": 4.08911054899281, "target_rescale": 3.9023814675243136},
{"mapping": [11, 13, 12, 3, 10, 5, 2, 1, 0, 7, 6, 4, 9, 14], "R": [[-0.36688472451401377, -0.1542020125797577, 0.917397045032645], [0.8558926826102654, -0.44233122298325145, 0.26793806192540964], [0.3644767684948929, 0.8834957999280435, 0.29426494309894774]], "T": [-0.0217237307084412, 0.04018236721317353, -0.10063061134950774], "aligned_model": [[-0.5734653098483576, -0.07489818447765727, -0.29162767827759983, 0.25472213162818397, -0.5283296968036025, 0.19383821587087502, 0.5058897323363454, -0.1447419550856478, 0.4297666162803983, 0.5935839375958856, 0.44208510355327135, 0.21164411418277568, -0.4513590004807266, -0.13469373944378163], [-0.13994865394707845, -0.5719877326172618, -0.06466675829747096, 0.38492251220478174, 0.4380512977517279, 0.5120712428169346, -0.5610555702865274, -0.5743774243953865, -0.20540040360389225, -0.10827666434029137, 0.05759191044799894, 0.7028390171616512, -0.012700561027464592, -0.005459672448981559], [-0.1881812139808599, -0.49851849592450176, -0.7519066188743015, 0.5560149200400679, -0.42362536011623086, -0.658622695389848, 0.0007425577646501397, 0.28032717878545965, 0.6870887246817963, -0.5463270930649804, 0.08300282656042593, -0.043402096148215094, 0.5529550668719336, 0.011259262311386548]], "inverted": true, "swapped": false, "error_lsq": 0.03500632340265898, "error_max": 0.23248839600253887, "target": "463.xyz", "model": "7.xyz", "model_rescale": 3.964800864290218, "target_rescale": 3.9023814675243136},
{"mapping": [8, 12, 7, 3, 1, 2, 11, 9, 10, 4, 6, 0, 5, 13], "R": [[-0.3987940793113822, 0.8976520881261238, -0.18757401469552387], [-0.3009386906774576, -0.32131797473176427, -0.897881207937673], [-0.8662558437087307, -0.30162143126291086, 0.3982779499839133]], "T": [0.06273197518414061, 0.04947495852522572, -0.08107905066303459], "aligned_model": [[-0.6132927885484788, -0.014272552288365034, -0.40542367625010456, 0.2787508251612246, -0.5072193460507648, 0.19374828255114895, 0.5960336747449557, -0.10965369675297262, -0.008019422403043153, 0.6240674105338629, 0.6231171261644068, 0.20795465753472767, -0.4397057722245368, 0.0063295648583010025], [-0.2932684556066482, -0.5481039259659753, -0.02484506541837707, 0.5169015951923206, 0.48663942849263586, 0.3560087610304772, -0.5794567125933296, -0.6037430943819404, -0.34359022746531676, -0.09195297011532298, 0.11310633963879312, 0.7498966671382202, 0.10581406894545238, 0.008196130527750742], [0.04766508433644212, -0.5367595493104502, -0.6122663858216514, 0.42961742621053145, -0.29824858994765363, -0.6533381553347531, 0.00358248017150381, 0.05100456775944359, 0.6369933776538534, -0.4810716318880164, 0.05466096951135149, -0.11953909690971984, 0.5848435706559383, -0.0463371035700364]], "inverted": false, "swapped": false, "error_lsq": 0.039624536257239044, "error_max": 0.27762437623565056, "target": "463.xyz", "model": "8.xyz", "model_rescale": 4.121658175737393, "target_rescale": 3.9023814675243136},
{"mapping": [12, 7, 0, 4, 8, 10, 1, 9, 2, 6, 11, 5, 13], "R": [[-0.31486171824710263, -0.13762910687187474, -0.9391061320873869], [-0.23521813124429042, 0.9698807204380083, -0.06327573671316875], [0.9195295150871593, 0.2009716822447893, -0.33775117145507205]], "T": [-0.15226723194942382, 0.022809314837699622, -0.08834996966771375], "aligned_model": [[-0.476667185733152, -0.17393722796425906, 0.15016642222670257, 0.25396079191311915, -0.8393722012272112, -0.4256498330123629, 0.44088264368379093, 0.2688379196258106, 0.5500610794369335, -0.32909287923872166, -0.23602965771725576, 0.3805657865477996, -0.08698816210599644], [0.19213362368036685, -0.5681487222304902, -0.02148070384581347, 0.6497972247183682, -0.2869279084538265, 0.01674218700870616, -0.5211821905009557, -0.13183819748326725, 0.09859390096116946, -0.7386964946707425, 0.6225641058928841, 0.5119443801148204, -0.03311376577950971], [-0.5899575758358808, -0.4806326175927397, -0.626096213046516, -0.33746636322972057, -0.14754390907969298, 0.4113924976557691, -0.05571836878045722, 0.568803867558668, -0.16157344645304103, 0.2862817313969581, 0.18927785782523093, 0.36618295197628387, -0.001874978435772695]], "inverted": false, "swapped": true, "error_lsq": 0.05373713015267486, "error_max": 0.32969616473816227, "target": "463.xyz", "model": "9.xyz", "model_rescale": 3.833441315466971, "target_rescale": 3.9023814675243136},
{"mapping": [11, 9, 8, 1, 10, 13, 3, 7, 6, 2, 5, 0, 12, 14], "R": [[0.961898965161058, 0.24669245232158243, 0.11786948201146025], [-0.23214418653039193, 0.9646759953585679, -0.1245363426438212], [-0.14442803565176934, 0.09242866409572544, 0.9851890603185011]], "T": [0.02707539928496121, -0.01325381489940592, 0.03959988016921233], "aligned_model": [[-0.6145472832725211, 0.06275964617162813, -0.3806403150471834, 0.20472873830049032, -0.5737956867935166, 0.38953098370108125, 0.4797611890351258, -0.21530825111824514, 0.1682234359276157, 0.4746199671619655, 0.6473048246996252, 0.07653869321708132, -0.33916690863029497, 0.052405253677509554], [-0.2446826443815823, -0.5310172039043632, -0.13581616129758997, 0.52577599955592, 0.4160504641238697, 0.44994314823389936, -0.7394032894699442, -0.6338380469709688, -0.11542560936081361, -0.13969493768136487, 0.2496477356900868, 0.6631815037506329, 0.1756565168973891, -0.08877493576643158], [0.029694772606904035, -0.5837441934072897, -0.6133210414658206, 0.512352546136011, -0.3215177148701962, -0.49869470840130947, -0.10907549131790754, 0.03332662717088454, 0.6960050326576547, -0.5084573770230065, -0.020678109299969147, -0.022138308497702486, 0.4791445488254301, -0.012089619596900004]], "inverted": true, "swapped": false, "error_lsq": 0.042508979652126515, "error_max": 0.31808465402086306, "target": "463.xyz", "model": "10.xyz", "model_rescale": 4.2482417240324, "target_rescale": 3.9023814675243136},
{"mapping": [9, 5, 11, 4, 6, 8, 10, 12, 2, 7, 1, 13], "R": [[-0.6933723515546169, 0.5636783454609008, 0.44888919006596995], [0.06294774917514467, -0.5731922130204945, 0.81699955190101], [0.7178247439127494, 0.5947414646643778, 0.36195334952928176]], "T": [0.10532836417144292, 0.13039893412745374, -0.019790062725020256], "aligned_model": [[-0.5624744801033552, -0.01822941030267486, 0.3498673393607178, 0.5868556963409484, -0.6171147657354217, 0.12723639314396334, -0.1598141482986869, 0.6508408032849631, 0.009233912015982365, -0.026113537903361628, -0.453964692236518, -0.009557507203549725], [-0.2905626697231066, -0.702871769751373, -0.27610897277153224, -0.4645212398321966, 0.604760055245933, 0.8295104461979633, 0.1612377191827961, 0.42190378607587575, -0.3897452892484585, 0.6443060950923456, 0.03806373755438158, 0.09015949202801096], [0.07984555737982074, 0.12218784036919902, 0.44791836696659454, -0.20525013669964876, 0.04777301682727005, 0.2671200986821836, 0.48346514854251454, -0.07417151368614644, -0.4936949911387898, -0.49118068890865874, -0.5920521030076454, -0.02676830547233707]], "inverted": false, "swapped": true, "error_lsq": 0.03941758609244086, "error_max": 0.2244615590574656, "target": "463.xyz", "model": "11.xyz", "model_rescale": 3.6694154284099745, "target_rescale": 3.9023814675243136},
{"mapping": [2, 3, 8, 5, 10, 9, 4, 1, 0, 11, 6, 7, 12, 13], "R": [[0.5589084047959333, -0.8180374389091576, 0.13577976134686603], [-0.5821174288130204, -0.27044344332394543, 0.7668113477480667], [-0.5905596448459578, -0.5076170727093747, -0.6273469641062925]], "T": [0.05321553823913833, 0.04816423943005625, -0.03151662138000508], "aligned_model": [[-0.5125998157369573, -0.08955905136006723, -0.14719620109085618, 0.27742695511318183, -0.4252984167840027, 0.048697429420251986, 0.4221799497889535, -0.3292471310570461, 0.28200593917732925, 0.5608760082729545, 0.5927019401596361, 0.12013698224792992, -0.44095887160063946, 0.07324857047969421], [-0.23125792035603926, -0.7220294550109202, -0.16102191844864389, 0.4909216552038959, 0.436949720531102, 0.4930938683687958, -0.5905397948324221, -0.659494762561474, -0.2885258920875763, 0.024891039254950884, 0.14023284172994294, 0.7881148746100346, 0.17122839745452384, -0.04096011443743093], [-0.1991167861105217, -0.3888203999934695, -0.7305689351604288, 0.599566498182931, -0.18448404223027084, -0.6998754163959944, -0.0915255321918664, 0.2319497666028855, 0.5558781114893316, -0.5670237214503299, 0.11107590320347563, -0.044161632177510485, 0.4183893309430612, 0.04952381880548916]], "inverted": false, "swapped": false, "error_lsq": 0.03985661017713749, "error_max": 0.24320578268789053, "target": "463.xyz", "model": "12.xyz", "model_rescale": 3.9764082729961374, "target_rescale": 3.9023814675243136},
{"mapping": [7, 2, 0, 14, 4, 5, 10, 8, 11, 9, 13, 6, 3, 15], "R": [[0.513314908382784, -0.7143964657535646, 0.4755475733833475], [0.8024364462978422, 0.5960219784708135, 0.029215592286101405], [-0.3043083214190251, 0.36659990575360674, 0.8792047284998996]], "T": [0.14275565484825642, -0.012606693625903383, -0.13155527681064877], "aligned_model": [[-0.5982499022779058, -0.23876069476212775, -0.2757203280499491, 0.12877121233837918, -0.36082338984134016, 0.22680669054626784, 0.5811457928242079, -0.05974046275342901, 0.28286708875411615, 0.28028310095916037, 0.6077710020545477, 0.20977031726131823, -0.40752350250552155, 0.05581736248263809], [-0.12301956282360631, -0.663497016355093, -0.08814504305175702, 0.36147531625171586, 0.44790180781783934, 0.532600503171048, -0.6118523831862527, -0.5829657192150316, -0.23616181762256927, -0.07421881080588728, 0.2372474820362612, 0.7271898979338749, -0.11118469551462379, 0.03623258078282095], [-0.23031489176872372, -0.3904888139656069, -0.7200106642493735, 0.5746140547442398, -0.3556172941781172, -0.7628305272312716, 0.17644730341723386, 0.23360049944629818, 0.6174017255420161, -0.7136113523741932, 0.17798335398313686, 0.046963192366715256, 0.4976654108969751, -0.09099503311254578]], "inverted": false, "swapped": false, "error_lsq": 0.04337052434282946, "error_max": 0.2612896125907308, "target": "463.xyz", "model": "13.xyz", "model_rescale": 4.170626492500431, "target_rescale": 3.9023814675243136},
{"mapping": [2, 1, 3, 12, 6, 11, 7, 0, 8, 9, 10, 5, 4, 13], "R": [[-0.42099059687838447, 0.2014332962250264, -0.8844159341123963], [0.4533397764726315, -0.7977955069088081, -0.39749890090899953], [-0.785652572329351, -0.5682842214315288, 0.2445466811556336]], "T": [-0.022691668037258163, -0.06447156423407446, -0.055203360071490196], "aligned_model": [[-0.6623413258662664, 0.1554714287106497, -0.29791935892769134, 0.3014347224377772, -0.5017406798163033, 0.19424923195448532, 0.4525624790918143, -0.18936868439617024, 0.28012473839664825, 0.5619593818790559, 0.5346733349877014, -0.045277009214323455, -0.32996723358244945, -0.021446738624565944], [-0.2145677303227648, -0.6661732362392645, -0.055313086783914424, 0.42919505646944706, 0.5697027579265292, 0.44070392805693587, -0.6770088059515387, -0.6300653763600661, -0.18211520040552923, -0.11390573677807075, -0.016551824473576893, 0.8419716414675442, 0.09611490260700725, 0.02961525020600138], [-0.01982507010358263, -0.49908113464316295, -0.6873737839982969, 0.3771639279915213, -0.3305653771612595, -0.4994938270302731, 0.18220225493073888, 0.03524451679890314, 0.6126427986115834, -0.613814003436366, 0.0181196030376352, 0.01600370107777778, 0.5635509078567412, -0.09396755041517665]], "inverted": true, "swapped": false, "error_lsq": 0.042009633217966684, "error_max": 0.27667236161156544, "target": "463.xyz", "model": "14.xyz", "model_rescale": 3.9786697098870705, "target_rescale": 3.9023814675243136},
{"mapping": [12, 2, 8, 3, 7, 6, 5, 9, 10, 11, 1, 13], "R": [[0.647598133177088, 0.027769896716560896, 0.7614758635320639], [0.26518270223122686, -0.9450790780298949, -0.19105933818452442], [0.7143492089607822, 0.32565989790963756, -0.6193955428888631]], "T": [-0.008590410590754015, -0.07634438429564064, -0.1321063537282995], "aligned_model": [[0.08889429611238472, -0.6950560643314134, 0.6588999480222142, 0.6122518568655828, -0.02091339299179939, 0.41559668185796145, -0.42890475529376565, -0.14437655494847104, 0.41659907516167466, 0.060074947035296845, -0.4503230833585798, -0.029388357363748695], [-0.3727886009557755, 0.00043275711009990725, 0.06084434596176855, -0.5279367609808884, 0.44369389117174707, 0.6643645984758981, -0.3750345003855785, 0.24618700930561668, -0.07307305840171115, -0.6422956022817323, 0.5875576401935745, 0.0027227710114203635], [-0.6688873151207961, 0.03293974532654356, -0.45950547133672215, -0.18001164860185717, -0.6148019123566026, 0.01929652715067809, 0.5489842281547576, 0.58247897404839, 0.24699863157666144, 0.21254339817173826, -0.01841949472826343, -0.04164916841069735]], "inverted": false, "swapped": true, "error_lsq": 0.04026329944516026, "error_max": 0.22492921440653693, "target": "463.xyz", "model": "15.xyz", "model_rescale": 3.769337070930944, "target_rescale": 3.9023814675243136},
{"mapping": [9, 5, 6, 10, 1, 2, 7, 4, 8, 3, 13], "R": [[-0.8489740534769417, -0.5283407658873834, -0.009954477608810158], [0.4266862427144192, -0.696498252652058, 0.576913368133277], [-0.3117401270308058, 0.4855370420000551, 0.8167446810629708]], "T": [0.05561816162432679, 0.025341730732666004, 0.13700788116498488], "aligned_model": [[-0.3295728171342781, -0.3124542345107054, -0.0994693932677955, -0.4795112370961852, 0.40380104277588236, 0.34203112846996214, 0.579059700963947, 0.22194640987436948, -0.03547111171071176, -0.38721345588340367, 0.01948009821008976], [-0.055579520590588, -0.655068992534681, 0.7681369100439269, 0.21765245027193902, 0.12496351443607064, -0.4479779172418477, 0.49543964187508616, -0.7340684823073922, 0.6722715154048728, 0.1724278045472148, 0.03786757372074032], [-0.5544949955455096, -0.22538454895596213, -0.282170470860178, 0.10279525153930506, -0.5824798085876148, -0.30830791833601245, 0.04425242310917732, 0.2628056005944812, 0.5174535497550602, 0.7485154922728001, 0.02123303223822992]], "inverted": false, "swapped": true, "error_lsq": 0.045716165042031465, "error_max": 0.24874822888855858, "target": "463.xyz", "model": "16.xyz", "model_rescale": 3.7852294659196426, "target_rescale": 3.9023814675243136},
{"mapping": [10, 1, 7, 6, 9, 2, 4, 0, 8, 3, 11, 12, 13], "R": [[-0.05288145249932169, -0.056248722625040715, 0.9970153625619885], [-0.3399604782954735, 0.939788626049143, 0.03498873455523982], [-0.9389517693570183, -0.3370955644201142, -0.06881973023493879]], "T": [0.00669378390792243, 0.12209605317621956, 0.010874383132956734], "aligned_model": [[0.05839815701311059, -0.4899210573271844, 0.2442334715211428, 0.09944913216503425, -0.6217230285837398, -0.6126943638029413, -0.33089316502344, -0.05112977280150324, 0.6893385426106255, 0.5564288371724153, -0.09014577931721911, 0.48367890356669135, -0.081254026976709], [0.06343376165042486, -0.45318002001498653, -0.4081302752611517, -0.6722389854102577, -0.14319198183918702, 0.168249855779746, 0.7536939998986008, 0.13449232358808658, -0.13838210555578162, 0.4609906432692547, 0.6823815589104473, 0.37548429084935153, 0.05145255783832732], [-0.5533975226051686, 0.27780039029508263, 0.4183318700027886, -0.32369341379394123, -0.39877319196923533, 0.3552552580400702, 0.3384611802668193, 0.6265865821112396, -0.1832945407477647, -0.40699825420459107, -0.3362587541805474, 0.317135446245304, -0.035400352316881836]], "inverted": false, "swapped": true, "error_lsq": 0.03505962135001273, "error_max": 0.22192854448013968, "target": "463.xyz", "model": "17.xyz", "model_rescale": 3.901054581598922, "target_rescale": 3.9023814675243136},
{"mapping": [7, 11, 12, 8, 3, 13, 10, 6, 4, 9, 5, 2, 1, 14], "R": [[-0.7105695652268115, 0.09953372776125276, 0.6965514553938779], [-0.567923581273553, 0.5032971092048811, -0.6512716988319333], [-0.4153958338823376, -0.8583618449721301, -0.3011000569399458]], "T": [0.02003264026461042, 0.01615348840277712, -0.006871926712055214], "aligned_model": [[-0.6132393966900778, -0.03497768307266032, -0.3059579343936654, 0.3119262891856376, -0.40979780059656123, 0.2201064457826305, 0.6036748590531945, -0.34644985646770415, 0.2854079521975669, 0.4661462308242995, 0.5616152553328965, 0.1072054025872861, -0.4332025341456088, 0.019957057433127933], [-0.15943999164022593, -0.6582619790153577, -0.08937166260341056, 0.33542012689827516, 0.4991901434198854, 0.4327498283490229, -0.5542864332823262, -0.6247748706554177, -0.2880847377725632, -0.12259822580639697, 0.30972787270771657, 0.8383746445699743, -0.0647336215543134, -0.0023085541961234135], [-0.09524885116008008, -0.42980056201614975, -0.6660909281192503, 0.4964025147244497, -0.41347649079336163, -0.5671577111020469, 0.07321430384159694, 0.12960943983283096, 0.6732670410437828, -0.4715441202595622, -0.1097718729287212, -0.016431312059458823, 0.5163113122740233, -0.05847579976126981]], "inverted": false, "swapped": false, "error_lsq": 0.03836196906989058, "error_max": 0.26642488087943944, "target": "463.xyz", "model": "18.xyz", "model_rescale": 3.9405287249114394, "target_rescale": 3.9023814675243136},
{"mapping": [0, 8, 6, 14, 1, 2, 9, 7, 13, 5, 11, 10, 12, 15], "R": [[-0.7354280033438731, -0.6618725875356088, -0.14515622537997502], [-0.5860315992778655, 0.7288181359370131, -0.3541060425594644], [0.34016557225191346, -0.17535336494694237, -0.9238715175046328]], "T": [-0.08757397938609054, -0.012002471839905122, 0.06331076388948635], "aligned_model": [[-0.6389724106498278, -0.1410167775139424, -0.23333326684352615, 0.19847313965769856, -0.5346433015881392, 0.17974718235643852, 0.4995459481481589, -0.004013303364627824, 0.25942816638059585, 0.3901607973918888, 0.6199389383621511, 0.34213613431882217, -0.435853433954114, -0.06918352567121445], [-0.25512122952658545, -0.5161723731661247, -0.01553812678731169, 0.47192219291887244, 0.34518040057114374, 0.4448216211848738, -0.503316477574461, -0.7043333489564465, -0.1603696455424166, -0.17332902077628734, 0.09465513162586707, 0.6392967162735181, 0.16997297131283282, 0.013933727861265212], [-0.26763832225024914, -0.49814157911117535, -0.6695092582552513, 0.5959766315786398, -0.2654274918420786, -0.6260196558148523, 0.009360922205033748, 0.1598567060891431, 0.6191043748394605, -0.5977534314985555, 0.14853299539115583, -0.03188704432600227, 0.44505075632485797, 0.03930136018665664]], "inverted": true, "swapped": false, "error_lsq": 0.04003425900007829, "error_max": 0.22011705708168086, "target": "463.xyz", "model": "19.xyz", "model_rescale": 4.410303926677745, "target_rescale": 3.9023814675243136},
{"mapping": [8, 12, 7, 3, 1, 2, 11, 9, 10, 4, 6, 0, 5, 13], "R": [[-0.3987940793113822, 0.8976520881261238, -0.18757401469552387], [-0.3009386906774576, -0.32131797473176427, -0.897881207937673], [-0.8662558437087307, -0.30162143126291086, 0.3982779499839133]], "T": [0.06273197518414061, 0.04947495852522572, -0.08107905066303459], "aligned_model": [[-0.6132927885484788, -0.014272552288365034, -0.40542367625010456, 0.2787508251612246, -0.5072193460507648, 0.19374828255114895, 0.5960336747449557, -0.10965369675297262, -0.008019422403043153, 0.6240674105338629, 0.6231171261644068, 0.20795465753472767, -0.4397057722245368, 0.0063295648583010025], [-0.2932684556066482, -0.5481039259659753, -0.02484506541837707, 0.5169015951923206, 0.48663942849263586, 0.3560087610304772, -0.5794567125933296, -0.6037430943819404, -0.34359022746531676, -0.09195297011532298, 0.11310633963879312, 0.7498966671382202, 0.10581406894545238, 0.008196130527750742], [0.04766508433644212, -0.5367595493104502, -0.6122663858216514, 0.42961742621053145, -0.29824858994765363, -0.6533381553347531, 0.00358248017150381, 0.05100456775944359, 0.6369933776538534, -0.4810716318880164, 0.05466096951135149, -0.11953909690971984, 0.5848435706559383, -0.0463371035700364]], "inverted": false, "swapped": false, "error_lsq": 0.039624536257239044, "error_max": 0.27762437623565056, "target": "463.xyz", "model": "20.xyz", "model_rescale": 4.121658175737393, "target_rescale": 3.9023814675243136},
{"mapping": [3, 8, 6, 10, 9, 12, 7, 11, 0, 2, 1, 5, 13], "R": [[-0.8495284034212942, -0.3984345842331619, 0.3457620191221332], [-0.26443856934295307, 0.8887516582121513, 0.37442320049511313], [-0.45647972005809767, 0.22665033005071689, -0.8603812486703681]], "T": [0.010474756787252452, -0.11619536826725582, 0.02408462566306599], "aligned_model": [[0.1883743996889934, -0.1136348421297792, 0.21768598659944663, 0.49731639810109934, 0.6219487630600918, -0.4455808320948344, -0.49644563611906206, 0.40684255144987985, -0.5239649232180521, -0.043662746688000915, -0.06961057015421049, 0.5582686118345439, 0.08354574433417883], [-0.6517880495899574, -0.11702387419125329, 0.5720095840481673, -0.12208266069437079, 0.3131016800169516, -0.49121757851077896, 0.332562812482748, -0.6359651320031521, -0.06087120464700818, 0.07596039459932064, 0.6116290420921653, -0.26167155905004646, -0.02381655038960255], [0.5467393011290671, 0.7698395651681759, 0.5087956413675174, 0.31983442924932537, -0.24959429482357468, 0.21614681303779767, 0.23676860867893681, -0.10448880869577643, -0.28236636317017716, -0.6574689903759656, -0.3115883138396879, -0.6150733241666296, -0.007434524077219513]], "inverted": true, "swapped": true, "error_lsq": 0.04924173528369677, "error_max": 0.27351821864417164, "target": "463.xyz", "model": "21.xyz", "model_rescale": 4.08911054899281, "target_rescale": 3.9023814675243136},
{"mapping": [14, 13, 12, 11, 9, 10, 0, 4, 1, 7, 6, 5, 15, 16], "R": [[0.47181546397090834, 0.07498733261176, 0.8785027421162042], [0.2827411706560946, -0.9566242835885675, -0.07019551598699908], [0.8351332818023347, 0.281508223674608, -0.4725521364142048]], "T": [0.007379646108526025, -0.034891341473389154, 0.012404720670336197], "aligned_model": [[-0.6177829432954803, -0.08616111409898351, -0.3226302347880881, -0.017311994530534294, -0.35603102984623347, 0.240357434960759, 0.5818273792606832, -0.008256284895299976, 0.2790880954973562, 0.3706979549265127, 0.7341443925964818, 0.11371955190050077, -0.5035902693444709, 0.024343348687159375], [-0.061017217277132135, -0.5016910755908589, -0.02779771006113762, 0.47134835196024416, 0.4991439189349164, 0.4247905957842303, -0.5538516846014335, -0.7301312363255462, -0.16390209821971236, -0.19577474450849705, 0.056440445651943116, 0.6570870483284057, 0.05352567224732141, -0.07656772690400372], [-0.13011461615884184, -0.445938055465493, -0.6479078302766186, 0.5859940562870471, -0.28807262091344543, -0.6085214228246396, 0.04014210187413646, 0.06426214188817203, 0.7469311833934282, -0.5774363809111955, -0.12556497337208472, -0.07469744021925859, 0.524849054311408, -0.0031182340958322615]], "inverted": true, "swapped": false, "error_lsq": 0.04476680170504698, "error_max": 0.2941050922005126, "target": "463.xyz", "model": "22.xyz", "model_rescale": 4.204369325754507, "target_rescale": 3.9023814675243136},
{"mapping": [0, 8, 6, 14, 1, 2, 9, 7, 13, 5, 11, 10, 12, 15], "R": [[-0.7354280033438731, -0.6618725875356088, -0.14515622537997502], [-0.5860315992778655, 0.7288181359370131, -0.3541060425594644], [0.34016557225191346, -0.17535336494694237, -0.9238715175046328]], "T": [-0.08757397938609054, -0.012002471839905122, 0.06331076388948635], "aligned_model": [[-0.6389724106498278, -0.1410167775139424, -0.23333326684352615, 0.19847313965769856, -0.5346433015881392, 0.17974718235643852, 0.4995459481481589, -0.004013303364627824, 0.25942816638059585, 0.3901607973918888, 0.6199389383621511, 0.34213613431882217, -0.435853433954114, -0.06918352567121445], [-0.25512122952658545, -0.5161723731661247, -0.01553812678731169, 0.47192219291887244, 0.34518040057114374, 0.4448216211848738, -0.503316477574461, -0.7043333489564465, -0.1603696455424166, -0.17332902077628734, 0.09465513162586707, 0.6392967162735181, 0.16997297131283282, 0.013933727861265212], [-0.26763832225024914, -0.49814157911117535, -0.6695092582552513, 0.5959766315786398, -0.2654274918420786, -0.6260196558148523, 0.009360922205033748, 0.1598567060891431, 0.6191043748394605, -0.5977534314985555, 0.14853299539115583, -0.03188704432600227, 0.44505075632485797, 0.03930136018665664]], "inverted": true, "swapped": false, "error_lsq": 0.04003425900007829, "error_max": 0.22011705708168086, "target": "463.xyz", "model": "23.xyz", "model_rescale": 4.410303926677745, "target_rescale": 3.9023814675243136},
{"mapping": [7, 11, 13, 2, 12, 6, 10, 1, 3, 15, 4, 5, 0, 16], "R": [[-0.08908137757495388, -0.7409760556571637, 0.665596719577328], [-0.9821281938200065, 0.17658285990159822, 0.0651360460330867], [-0.16579722275478678, -0.6478988953005895, -0.7434637196226023]], "T": [0.10506861137656029, -0.10732501649168126, -0.21908725758282716], "aligned_model": [[-0.5317546120506157, 0.0032935457286395187, -0.39785880695010656, 0.1566008204603159, -0.38506321915398667, -0.014490272937796866, 0.4957476361943539, -0.25294489543049503, 0.18327534263592773, 0.5777387341457979, 0.5679682084349655, 0.26962075898632865, -0.33467306769360416, 0.09495411466063795], [-0.2859017215543827, -0.6906708686841629, 0.06482301164076003, 0.36877423238954976, 0.5276118122697995, 0.443162389147175, -0.5599098345862724, -0.6728515990016473, -0.18028261233856194, 0.165265425970874, 0.11033138914625874, 0.49378089658963153, 0.19541770879591053, -0.12794769036619202], [-0.15202430808709022, -0.4428526243243126, -0.6791043139345704, 0.5578090597080039, -0.1661547820428844, -0.7295452668003384, 0.0384410481882444, 0.3178870090153501, 0.6741159001747064, -0.679078123311845, 0.24160138468990022, -0.1342562172519035, 0.3151036343838571, -0.10113543689033413]], "inverted": false, "swapped": false, "error_lsq": 0.04250980037961901, "error_max": 0.2609779334934607, "target": "463.xyz", "model": "24.xyz", "model_rescale": 4.28219845311461, "target_rescale": 3.9023814675243136},
{"mapping": [8, 0, 1, 12, 5, 3, 2, 6, 14, 4, 13, 9, 10, 15], "R": [[-0.9671722090656288, -0.23793465008488518, 0.08924696241382475], [-0.2485814475810746, 0.812886380061451, -0.5267095945861321], [0.052774822876148694, -0.5316040212409735, -0.8453472556711932]], "T": [0.11840620751419824, 0.08013530245985825, -0.06728853396915177], "aligned_model": [[-0.5545241380421878, 0.0955301598410485, -0.26528800721081797, 0.35698548487849274, -0.6042106530477234, 0.09445569784548394, 0.4638645761301096, -0.29401948840725434, 0.12135211290900207, 0.5077567240894486, 0.6725455135218121, 0.1628147271495089, -0.4468682079198268, 0.1220197852932653], [-0.08950669185337978, -0.6396047303478599, 0.021982723487567885, 0.4324363674166478, 0.5071235188103496, 0.38776815406622434, -0.4852963276138682, -0.7023123082769894, -0.21979792834911102, -0.15524139100805728, 0.12863796011434583, 0.7535397052768669, -0.10373916906708805, 0.015612656763090982], [-0.085520394094056, -0.4507010320082827, -0.5764785044046424, 0.5678364838625086, -0.21146417977523013, -0.7778050690047333, 0.10512263635725394, 0.10556376354790614, 0.6328371715955898, -0.6396979682383718, 0.14126260766008059, -0.10507844703252991, 0.45841084096321927, -0.1034809459119292]], "inverted": true, "swapped": false, "error_lsq": 0.036875319262489395, "error_max": 0.2172149767402952, "target": "463.xyz", "model": "25.xyz", "model_rescale": 4.100010024507729, "target_rescale": 3.9023814675243136},
{"mapping": [9, 5, 11, 4, 6, 8, 10, 12, 2, 7, 1, 13], "R": [[-0.6933723515546169, 0.5636783454609008, 0.44888919006596995], [0.06294774917514467, -0.5731922130204945, 0.81699955190101], [0.7178247439127494, 0.5947414646643778, 0.36195334952928176]], "T": [0.10532836417144292, 0.13039893412745374, -0.019790062725020256], "aligned_model": [[-0.5624744801033552, -0.01822941030267486, 0.3498673393607178, 0.5868556963409484, -0.6171147657354217, 0.12723639314396334, -0.1598141482986869, 0.6508408032849631, 0.009233912015982365, -0.026113537903361628, -0.453964692236518, -0.009557507203549725], [-0.2905626697231066, -0.702871769751373, -0.27610897277153224, -0.4645212398321966, 0.604760055245933, 0.8295104461979633, 0.1612377191827961, 0.42190378607587575, -0.3897452892484585, 0.6443060950923456, 0.03806373755438158, 0.09015949202801096], [0.07984555737982074, 0.12218784036919902, 0.44791836696659454, -0.20525013669964876, 0.04777301682727005, 0.2671200986821836, 0.48346514854251454, -0.07417151368614644, -0.4936949911387898, -0.49118068890865874, -0.5920521030076454, -0.02676830547233707]], "inverted": false, "swapped": true, "error_lsq": 0.03941758609244086, "error_max": 0.2244615590574656, "target": "463.xyz", "model": "26.xyz", "model_rescale": 3.6694154284099745, "target_rescale": 3.9023814675243136},
{"mapping": [0, 1, 5, 11, 4, 8, 3, 6, 12, 7, 9, 10, 2, 13], "R": [[0.8566581860093958, 0.46875210920147936, 0.21542565414141412], [-0.4737770559806679, 0.5496183837757216, 0.6880806155110425], [0.20413733996842176, -0.6915136241137468, 0.6929190819249309]], "T": [0.05057128678941683, 0.03612511827643462, -0.11753647713521315], "aligned_model": [[-0.5851058955171256, -0.2819848963211937, -0.22762345361192196, 0.1543052501951791, -0.5029258270467977, 0.21187251706331367, 0.6497309335671815, -0.08365657838391052, 0.31779106366958876, 0.4435534191621717, 0.6812538066693804, 0.05798886567488579, -0.4128392704541475, 0.010054352363757457], [-0.08634999042343543, -0.74235363560409, -0.21285349159646239, 0.3364398828271824, 0.6204108565649782, 0.49009075076464437, -0.4982819501157556, -0.5478881524960006, -0.22060588853843688, -0.24157430460081863, 0.24483787040786387, 0.614399535446146, 0.05724245762825535, 0.03808859915466827], [-0.2511318018172979, -0.36858202783722593, -0.8151006949388084, 0.6794740474340379, -0.2842148833446525, -0.5373630009063493, -0.026717848764420946, 0.21727960906299332, 0.5841868261271077, -0.5232168918557746, 0.03589781396666791, 0.04809684639343301, 0.379388426262868, -0.07718945626579604]], "inverted": false, "swapped": false, "error_lsq": 0.04933237680474462, "error_max": 0.3329451415067184, "target": "463.xyz", "model": "27.xyz", "model_rescale": 4.103607728864725, "target_rescale": 3.9023814675243136},
