[{"mapping": [9, 7, 3, 5, 11, 8, 0, 6, 1, 2, 4, 12], "R": [[0.6083702517864907, -0.01398916597684835, -0.7935300498257859], [-0.28171129270212225, -0.9385444097275429, -0.19943203988646685], [-0.7419733043077367, 0.34487489645442493, -0.5749234048899111]], "T": [0.01690349253470913, -0.07383291712631708, -0.032787295272342275], "aligned_model": [[-0.28034317296610956, 0.05175611598862091, 0.41526041621202686, -0.2724963656724165, 0.08897884364703651, -0.5947619283732378, 0.43093165331419764, -0.2425126880942643, 0.539154643449506, 0.12400315473272816, -0.34939820311541264, -0.07293000666212632], [-0.23459470797707055, -0.6471365373953237, -0.3455963622827855, 0.6690611731380577, 0.3451585772053241, -0.6153131851479664, -0.27807712262273065, -0.5665000956765409, 0.1958998757508404, 0.5002051752332053, 0.09155501945961948, -0.06110677370757192], [-0.6578408495526207, -0.029574029146608137, -0.5009808142416323, -0.10199521084348712, -0.6349746606201125, -0.04837952726049118, 0.55769515757798, 0.6951278582861573, -0.032311749660333976, 0.44634059265859827, 0.502077933972809, -0.013232955816696312]], "inverted": true, "swapped": true, "error_lsq": 0.04225755248531223, "error_max": 0.26316603609979233, "target": "464.xyz", "model": "0.xyz", "model_rescale": 3.751011558992144, "target_rescale": 3.9012776478817375},
{"mapping": [10, 9, 5, 11, 8, 3, 4, 6, 1, 7, 0, 12, 14], "R": [[0.8625201981683527, 0.16781393195842595, 0.47738599894873174], [0.03937298069958696, -0.9628047010595083, 0.2673141896879788], [0.5044885292476486, -0.21176777814002662, -0.8370458362593897]], "T": [0.16810396461641458, 0.05429403767753268, -0.006588246170905851], "aligned_model": [[-0.03487740352426277, -0.11387583630430359, 0.4546985895956605, -0.6027218812185287, 0.7989034999411893, 0.13807719487736025, 0.45956695212812043, -0.2994361529263166, 0.32868274581594514, -0.18173485580973053, 0.455660963008847, -0.4193353744244554, 0.12151991399380808], [-0.4290369439158455, 0.2709876970650888, 0.29551346386184574, -0.09300732793813668, -0.11367082833521394, 0.7067292821993496, -0.6656818184037714, -0.45890958387541175, -0.3542254818930964, 0.03869771049358015, 0.25112437635954526, 0.4837267119687406, 0.07937524255109943], [0.6240015369278858, 0.5481376962441176, 0.4931744538777636, 0.1378444786779976, 0.11298600757646725, -0.4026091222842362, 0.14260311913068352, -0.29251485665550553, -0.5478938960528296, -0.5696571390236888, -0.6804378651136964, -0.15651391200413872, 0.0077181102152637515]], "inverted": true, "swapped": false, "error_lsq": 0.04920183805466909, "error_max": 0.3429811250286232, "target": "464.xyz", "model": "1.xyz", "model_rescale": 3.9405287249114394, "target_rescale": 3.9012776478817375},
{"mapping": [9, 5, 11, 2, 3, 6, 10, 8, 4, 1, 7, 0, 12], "R": [[0.5084349080381441, -0.3481331869599017, 0.7875895050249124], [-0.18308520849997723, 0.8500142634904138, 0.4939185745559382], [-0.8414117605053808, -0.3953214337725595, 0.36843888676854397]], "T": [0.08337671662930236, 0.02488248202429263, -0.09714307657532066], "aligned_model": [[0.09286448556311103, -0.3673536728183541, 0.27984695318517805, -0.593342669561434, 0.6042948720618951, 0.35403793794094396, 0.6392803069460623, 0.14954511697695105, 0.07023467769242943, -0.3901309224671474, 0.5401527089595243, -0.2772384205166493, 0.0029369811908222104], [-0.42858919116962657, 0.2229784478651495, 0.2981559330028059, -0.00536205956569916, -0.16064388644045152, 0.4961403911504558, -0.41258757052219935, -0.7317226958093302, -0.46515540057404997, 0.203928513633127, 0.22340266023987232, 0.780013067139536, -0.008935708811815931], [0.5696811363484644, 0.4373439529424134, 0.5308181930704713, -0.024302376556338948, -0.24213935416161064, -0.10090867792852219, 0.3622894763748116, 0.05732412959009041, -0.5985270435247287, -0.7062074136044236, -0.7142778145605817, -0.04552417925470814, -0.10873141721925339]], "inverted": false, "swapped": false, "error_lsq": 0.06436368326856681, "error_max": 0.4077788687977136, "target": "464.xyz", "model": "2.xyz", "model_rescale": 3.932901565614263, "target_rescale": 3.9012776478817375},
{"mapping": [11, 10, 1, 12, 3, 2, 8, 9, 7, 5, 4, 6, 13], "R": [[0.4457882974141154, -0.5979113218959837, 0.6661642778153309], [-0.4672149255280156, 0.4793701118131153, 0.742909489281253], [-0.7635332391274625, -0.6424222498083939, -0.06565550775560659]], "T": [0.21462554993876043, -0.025021881073648364, -0.016276669804542787], "aligned_model": [[0.12395348691549748, -0.2628082075531801, 0.44734970318650064, -0.5486421721545933, 0.6657860856985893, 0.30807107594256167, 0.3389615638391779, -0.2118883878922641, 0.34444229748968247, -0.3013480604975645, 0.3566169155016179, -0.25597174623098257, 0.10060580090829016], [-0.3969845971146288, 0.18795799829809715, 0.5316407986095871, -0.0389174215489744, -0.21679104882726605, 0.7743074262736179, -0.7308408787460564, -0.5671154718468986, -0.3982683424753175, 0.0018044066293258464, 0.4116100008985054, 0.45909160431179974, -0.005871974324017853], [0.7906502247961705, 0.4734600130069002, 0.413531136610319, 0.002673489161983511, 0.1264266425368598, -0.23200901615972416, 0.14230083081891004, -0.2692852448910051, -0.6109002805479901, -0.5161279169531795, -0.7595245801876298, -0.1205099600118419, -0.023846726663688655]], "inverted": true, "swapped": false, "error_lsq": 0.04639848845885068, "error_max": 0.23409809355167488, "target": "464.xyz", "model": "3.xyz", "model_rescale": 3.9243930471874484, "target_rescale": 3.9012776478817375},
{"mapping": [0, 5, 1, 6, 7, 9, 2, 3, 4, 10, 8, 11, 12], "R": [[-0.3082901113136247, -0.6315492817263586, 0.7114089625645387], [0.7986055510410515, -0.5781672747748557, -0.16718784712363247], [0.516900745900653, 0.5165927865643662, 0.6826020156408942]], "T": [0.054430622455022365, 0.07231139788460277, -0.13218297445097663], "aligned_model": [[0.12019280371939725, -0.23538420265312257, 0.48235039092077725, -0.6367048335109344, 0.8148440108856512, 0.22801819769176482, 0.46560041496009197, -0.2241967603419103, 0.34542417197293007, -0.2613831277177002, 0.43515165875932516, -0.46327941067056044, 0.0344950411376242], [-0.36879399027291093, 0.1565700712746129, 0.2477908396732601, -0.03854915654456352, -0.17190939593247057, 0.7526283450774442, -0.6955497378108423, -0.5389692151138986, -0.35916904637036445, 0.028545368711260094, 0.2688310129344276, 0.6632425235715739, 0.06695488094024496], [0.5919880864278412, 0.5624614978375272, 0.41210733158821844, 0.04546339819731887, -0.06114466454016501, -0.2009114027940968, 0.1720261120888855, -0.09148697842456238, -0.4176906797840927, -0.7610501539182719, -0.5934506866662081, -0.22658004899756953, -0.014893199498739934]], "inverted": true, "swapped": false, "error_lsq": 0.03893250332908335, "error_max": 0.2759397812418179, "target": "464.xyz", "model": "4.xyz", "model_rescale": 3.8936222436046832, "target_rescale": 3.9012776478817375},
{"mapping": [8, 4, 10, 9, 5, 2, 0, 1, 3, 7, 11, 12], "R": [[0.8866392092295489, 0.373577490925891, 0.2726000200482686], [0.3930031418971386, -0.9193540303832727, -0.01834931271220393], [0.24376103691069698, 0.12340188447324675, -0.9619524581769484]], "T": [-0.033856390037246165, -0.06446770357767447, 0.04277570225188634], "aligned_model": [[0.1369503290912525, -0.625362915027608, -0.3879959943753615, 0.4055505042287262, -0.5648042191995433, -0.7042324896542506, -0.17344419396020178, -0.04478878416093893, 0.5917696999318688, 0.35039503713092846, 0.12766411558399704, -0.08415304737377169], [-0.627409815573864, -0.35700013766730065, -0.01163110250552285, 0.10865939764169004, 0.4612772132001957, 0.111362672619346, -0.4616654139046875, 0.27829887326924496, 0.11633214558501594, -0.4904041316519026, 0.6315899454962074, -0.09048674139861536], [-0.5242338468136415, -0.06747728482420814, -0.6949192685615161, -0.48811078972376987, -0.24379074387852603, 0.34316406085547785, 0.6628996934249299, 0.5201579671970137, 0.2090651789559807, 0.07160401148002735, -0.13831330065639255, -0.03076095817985696]], "inverted": true, "swapped": true, "error_lsq": 0.040889063166145136, "error_max": 0.24490984877501154, "target": "464.xyz", "model": "5.xyz", "model_rescale": 3.6523030999806103, "target_rescale": 3.9012776478817375},
{"mapping": [3, 4, 2, 11, 1, 6, 0, 7, 5, 9, 8, 10, 12], "R": [[0.5237434170046057, 0.04879335674366017, -0.850477537317727], [0.2935050416788134, -0.9475663474295445, 0.12638357380668674], [-0.7997172148037442, -0.3158120098361019, -0.5106027328460201]], "T": [0.0945703930663476, 0.0578536568946259, -0.10244194009128299], "aligned_model": [[0.08788218857537014, -0.18539139483509495, 0.3438376571682987, -0.7435071797400744, 0.744917885586074, 0.3899280646042804, 0.602455816674265, -0.2499900573928773, 0.4190616571129727, -0.41629860806705954, 0.30972624880434096, -0.30373909209243, 0.10624516875526714], [-0.42619043855622274, 0.20876629619234946, 0.3907476991873898, -0.13244971672321343, 0.026241931512918544, 0.619531032578384, -0.7265236231456006, -0.5306709608122403, -0.42638871863924166, 0.16672296758791008, 0.15968029202987144, 0.728362428782781, -0.046206689857312015], [0.39585243528118336, 0.3750288700554111, 0.5325848482115647, 0.0872409824124154, 0.13926801788550056, -0.24353351879393464, 0.23515013555919712, -0.14409443136740147, -0.4547461712346012, -0.6022651208770142, -0.7325549432781528, -0.08145188243102972, -0.0896406099070545]], "inverted": true, "swapped": false, "error_lsq": 0.04624555889804503, "error_max": 0.27119649421446124, "target": "464.xyz", "model": "6.xyz", "model_rescale": 4.08911054899281, "target_rescale": 3.9012776478817375},
{"mapping": [7, 5, 4, 12, 6, 8, 2, 13, 1, 11, 9, 10, 14], "R": [[-0.19071170016583316, -0.6328158687744357, -0.7504486149278402], [-0.9763868272061988, 0.20131164440490412, 0.07837337229701391], [0.10147813103358899, 0.7476748611891735, -0.6562655642860442]], "T": [0.1447556042773563, 0.019444468497946555, -0.042572743647529644], "aligned_model": [[0.07415814180681857, -0.17711012151585187, 0.3708510551188566, -0.5579016770322152, 0.5438107102179442, 0.2599047289513017, 0.4549660858768186, -0.2725816600006203, 0.3524100090932848, -0.23222048878948526, 0.47166802413139725, -0.3599260610876088, 0.17709960838269245], [-0.4293388298385669, 0.27341755359448006, 0.5340423840797669, -0.06851306865075545, -0.12146406918278098, 0.6648776915854924, -0.7187633338572577, -0.5742236198088949, -0.42782815338368657, 0.063276857960072, 0.244383657285473, 0.531137836457552, 0.04061759389687987], [0.58424342873826, 0.5996120865917781, 0.3827733766943389, 0.03828598929192314, 0.22208320826910602, -0.23047060661204158, 0.05207524068908553, -0.1389175988433214, -0.5855026735013436, -0.4903436782192784, -0.7186555336966295, -0.09492933189184458, -0.20341529599394872]], "inverted": false, "swapped": false, "error_lsq": 0.04223347964646048, "error_max": 0.22861337339947263, "target": "464.xyz", "model": "7.xyz", "model_rescale": 3.964800864290218, "target_rescale": 3.9012776478817375},
{"mapping": [10, 5, 3, 8, 6, 0, 11, 9, 12, 7, 2, 1, 13], "R": [[-0.3981783249305795, 0.8374768948283284, -0.37428127415645435], [-0.19344644741068473, -0.4755074465495754, -0.8581789675004208], [-0.8966785898746905, -0.2693048809520611, 0.3513436886521988]], "T": [0.17364736400888456, 0.04050827866483296, -0.08453060092655643], "aligned_model": [[-0.009910555826920547, -0.3463871333230506, 0.44384169497958037, -0.5606972630024761, 0.7274336638090869, 0.4490907650175938, 0.5744051937294564, -0.1249318157950838, 0.01235951590486345, -0.269240999415053, 0.3918732542868708, -0.2913561967041798, 0.10864823149264526], [-0.35406546791742555, 0.17012125899067682, 0.4428143519258999, -0.1722941373002737, -0.006972310734063944, 0.7017829588203442, -0.6800714579900967, -0.5721907690659342, -0.5174778700493332, 0.07226999869295775, 0.33428347872917286, 0.5838568146144799, 0.009565651421369885], [0.6124285525256553, 0.5572133666213704, 0.4550132273496701, -0.0038418040199228176, 0.08151803942461402, -0.08700097513406926, 0.0008586813848058122, 0.011942592687083892, -0.5675550570213552, -0.6410324029418188, -0.6365109632526353, -0.31182764925306117, -0.054366996854253495]], "inverted": false, "swapped": false, "error_lsq": 0.03381331942225446, "error_max": 0.19880890700820847, "target": "464.xyz", "model": "8.xyz", "model_rescale": 4.121658175737393, "target_rescale": 3.9012776478817375},
{"mapping": [7, 11, 8, 10, 6, 2, 9, 5, 4, 0, 1, 3, 12], "R": [[0.350893867156613, -0.9105989018843291, -0.21836468093291017], [0.6019413009291917, 0.3979714277937764, -0.6923044221261738], [0.7173145504083615, 0.11148265581173364, 0.6877728209413434]], "T": [0.07472679330204857, 0.0007095065487899729, 0.016439935834638854], "aligned_model": [[0.07893486283143678, -0.2325570177908498, 0.48941447155223533, -0.684213523097166, 0.7642379283694591, 0.2039723145956451, 0.5395326820917579, -0.2762909303167531, 0.3289131169322532, -0.22487656029525366, 0.41347270828335186, -0.4145588931740428, 0.1191471951712591], [-0.3321777156030966, 0.2331990426011866, 0.39436961335586734, -0.01700141023415624, -0.038599709120510334, 0.641528022609899, -0.6853219941965728, -0.49063118191568555, -0.5100129620003886, 0.02372342779897967, 0.15822831844927976, 0.618665750969514, 0.01565329742345792], [0.6032783290844684, 0.5209767031964135, 0.46768176406359374, 0.0031451937937883798, 0.07310765394194098, -0.21806736801253457, 0.09710022821212128, -0.11428416997797056, -0.6637657615225054, -0.7105624252785959, -0.562672095377344, -0.021157782993456935, -0.057941657613835025]], "inverted": false, "swapped": false, "error_lsq": 0.03152831539767514, "error_max": 0.18975041246730928, "target": "464.xyz", "model": "9.xyz", "model_rescale": 3.833441315466971, "target_rescale": 3.9012776478817375},
{"mapping": [6, 12, 1, 11, 5, 0, 3, 7, 9, 8, 13, 10, 14], "R": [[0.894498613993771, 0.4445586479037084, 0.04732692824650163], [-0.43031360224003684, 0.8848443684363918, -0.17855152582267855], [-0.12125359083518421, 0.13934867139815113, 0.9827916943529509]], "T": [0.10886785181641005, -0.020280427759525634, 0.028287690472684278], "aligned_model": [[0.19735835524458017, -0.22601793898042744, 0.3786483833761385, -0.566558691524655, 0.7731089136243298, 0.3053302904311894, 0.4003576453192128, -0.2609742479518941, 0.05805790814338051, -0.2882350667608745, 0.5845589276331168, -0.36997089743580025, 0.11946477403503628], [-0.1715423219224979, 0.22934678750224588, 0.45205222929593014, -0.10674673997149986, 0.10377384194575556, 0.6309866676432889, -0.8221325295175196, -0.5730761470912712, -0.5132741107906418, -0.030647555867917724, 0.3703436899327417, 0.5403423249527258, -0.0978036359735665], [0.684427034074464, 0.46252013724952606, 0.5280168759162691, -0.012451018961617842, -0.0005142442398877109, -0.004524538387630957, -0.13415847580283416, -0.011053009944134405, -0.6138070880826889, -0.6423546561539859, -0.47848379696532933, -0.3352638531573582, -0.02551475402870782]], "inverted": true, "swapped": false, "error_lsq": 0.04577963364197854, "error_max": 0.31308548264972486, "target": "464.xyz", "model": "10.xyz", "model_rescale": 4.2482417240324, "target_rescale": 3.9012776478817375},
{"mapping": [3, 7, 8, 6, 11, 5, 9, 4, 0, 2, 1, 12], "R": [[-0.9227668763724131, 0.360149340069009, 0.13709027944299101], [-0.35112046890395376, -0.932371802417991, 0.08600719953872904], [0.15879454709330443, 0.03122939166369477, 0.986817620895446]], "T": [-0.06635553662908703, 0.05744737405294972, -0.02616577665671741], "aligned_model": [[-0.6484931514498224, -0.027114780958511865, 0.3923355889154013, 0.6921531325699334, -0.5988160641440265, 0.00022066494580437468, -0.3050333315539896, 0.5540246412618125, 0.1067041508284656, 0.1506162968200135, -0.447066691650556, 0.007235146778482568], [-0.25794582190956017, -0.5008332100580697, -0.2945106286835637, -0.4246359164297875, 0.505505671618279, 0.8537155840300539, 0.05258420351446098, 0.2550741231004683, -0.31451331717854625, 0.5249837921568188, 0.17509422122986795, 0.09161268866021813], [0.08955677655221886, 0.10300474611618779, 0.5511613413155118, -0.20543784408531687, 0.2169553868936555, 0.018085664240253645, 0.6430883895980813, -0.1800586556366799, -0.6534616632023907, -0.5783310810286901, -0.458277459118926, 0.018906688210451453]], "inverted": true, "swapped": true, "error_lsq": 0.046868716134043704, "error_max": 0.3220866185142309, "target": "464.xyz", "model": "11.xyz", "model_rescale": 3.6694154284099745, "target_rescale": 3.9012776478817375},
{"mapping": [7, 9, 10, 11, 12, 2, 5, 6, 0, 4, 1, 8, 13], "R": [[0.87728299470852, -0.1607591096153646, 0.45225109825286897], [-0.15545889797691892, -0.9866190520388357, -0.04914648709512476], [0.45410029534790314, -0.027191079965027596, -0.8905355506296662]], "T": [0.08436298980368294, -0.016463971183220825, -0.046381789694425], "aligned_model": [[0.11863355899751137, -0.3403277247753165, 0.3479479802841001, -0.6509639096707621, 0.7608418614512997, 0.3165950722916299, 0.4389957897047599, -0.17045083473234102, 0.3105462446816624, -0.287853758134918, 0.45021150985140124, -0.30735683578493533, 0.11830940098924114], [-0.292844088899056, 0.2612431108455358, 0.29607124967995035, -0.03738694622927759, 0.01630897115133931, 0.5810683094078186, -0.7114238471650759, -0.5197338094221187, -0.4383150811639494, -0.0381666155225211, 0.3183648917988767, 0.6292331734481499, -0.05279681779189864], [0.6425339359847442, 0.5758744601187378, 0.43980076431372683, 0.01594981490224586, 0.00903274568747247, -0.17022445967250474, 0.1429252109323062, -0.08693075019883373, -0.5770612038855999, -0.6856488211710889, -0.7323249265465782, 0.000826546082288597, -0.15791470503083227]], "inverted": true, "swapped": false, "error_lsq": 0.0355915323777664, "error_max": 0.21807774235245822, "target": "464.xyz", "model": "12.xyz", "model_rescale": 3.9764082729961374, "target_rescale": 3.9012776478817375},
{"mapping": [10, 8, 2, 11, 9, 7, 12, 13, 6, 14, 4, 3, 15], "R": [[-0.36461216935784485, 0.3004506108773225, 0.8813554313553699], [0.6971903676013802, -0.5393305690980095, 0.47227971432221144], [0.617238655043589, 0.786671448356848, -0.012824783043793475]], "T": [0.23921707067743522, -0.05517240663279268, -0.060171632434617546], "aligned_model": [[-0.12773185109301935, -0.1710178674304205, 0.4466043761461185, -0.5287829310588156, 0.8111506911361712, 0.34072939857196083, 0.365737832990394, -0.055211444592991904, 0.12517299226094816, -0.4310522918333335, 0.511516592647428, -0.38659855740880766, 0.20461141481770112], [-0.3301917741070921, 0.2824564706701099, 0.47932316278961584, -0.13848494542639025, -0.1696383494568882, 0.690277234836153, -0.6181734019208348, -0.5697669200385532, -0.30726001090600596, -0.13960995377516025, 0.31741882767899954, 0.49882326401412713, 0.016448895779693364], [0.6000251073966257, 0.40605457169313647, 0.4944133526707978, 0.12362095980537027, 0.08573453001226297, -0.13112075675792986, 0.21229104566403445, -0.21177929172411145, -0.7722843999434984, -0.48727504132648924, -0.6105283024479431, -0.15960524778225627, -0.13270791574391577]], "inverted": true, "swapped": false, "error_lsq": 0.05145791138889285, "error_max": 0.27823207216862245, "target": "464.xyz", "model": "13.xyz", "model_rescale": 4.170626492500431, "target_rescale": 3.9012776478817375},
{"mapping": [1, 3, 9, 2, 10, 11, 7, 0, 8, 4, 12, 6, 13], "R": [[0.41553369520353084, -0.10776151242076015, 0.9031717470067859], [-0.7981478260877204, 0.4330133969099779, 0.4188787960829815], [-0.43622447875141673, -0.8949228204360823, 0.0939220400160817]], "T": [0.027646823960905148, 0.00542958468463336, -0.07117849007886809], "aligned_model": [[0.13436446358624238, -0.2735875244305863, 0.5806572307001262, -0.6202123769400281, 0.5897695959730272, 0.2666548496133246, 0.4593986659808218, -0.18213830499000738, 0.34874172969829287, -0.23717987675318417, 0.4112623481938924, -0.4077343922227339, 0.035131946744145215], [-0.3151520330232108, 0.33356542183835064, 0.20142844346601455, -0.10906990322841845, -0.017558671868592703, 0.6501816431962201, -0.6696496591581532, -0.5237108171239077, -0.4362023079248814, -0.13715828704836894, 0.21066820377406673, 0.7179645795915994, 0.1063158876470556], [0.6192222932897231, 0.4551848294585651, 0.4874541046185734, -0.081202975701467, -0.11381455721550779, 0.09261893923535938, 0.05246682658888212, 0.10731252194366239, -0.5745825283468975, -0.713516911797952, -0.6597550441377991, -0.17230388084435466, -0.08224500557470409]], "inverted": false, "swapped": false, "error_lsq": 0.043993936266155415, "error_max": 0.23409934382375733, "target": "464.xyz", "model": "14.xyz", "model_rescale": 3.9786697098870705, "target_rescale": 3.9012776478817375},
{"mapping": [4, 5, 0, 6, 1, 3, 10, 9, 7, 8, 11, 12], "R": [[-0.2747508359323699, -0.9083657466608535, 0.31525172235490545], [-0.889805613119544, 0.36444911450585915, 0.2746321426869908], [-0.3643596424076307, -0.2050573413198503, -0.9084016390096497]], "T": [0.055521211257074, 0.08490056449770585, -0.0948141623981879], "aligned_model": [[-0.0806250866420488, -0.725829028416672, 0.5717629447434058, 0.5893135683447834, 0.03308728366432563, 0.31625111486585805, -0.5144125864987377, -0.10703262286533925, 0.5676514931311994, 0.2730081631160785, -0.45364400947033023, 0.013823362794813485], [-0.5068132868034407, 0.015735344456837594, 0.0006871735946358676, -0.6425287931187714, 0.5232114869641187, 0.6436984833148788, -0.4050337361796665, 0.22674081216847397, 0.02573197796358031, -0.4519784344923023, 0.5794082179355811, 0.005815244420514135], [-0.3757942666876273, -0.2533752489112988, -0.6316634130459597, -0.25540813353435077, -0.4858161118411238, 0.1726060747933278, 0.23311918895908518, 0.5822009588658086, 0.15841246378761986, 0.4814140490807635, 0.10416148997590496, -0.06989055756831959]], "inverted": false, "swapped": true, "error_lsq": 0.05063518367650383, "error_max": 0.32627405342167304, "target": "464.xyz", "model": "15.xyz", "model_rescale": 3.769337070930944, "target_rescale": 3.9012776478817375},
{"mapping": [1, 3, 5, 11, 2, 0, 4, 7, 10, 9, 12], "R": [[-0.8062914763871095, 0.5412970498906144, -0.23851951468425525], [-0.5913343471650392, -0.7476648640545135, 0.30219354877502347], [-0.014756184072856518, 0.38470086409840976, 0.9229233447007095]], "T": [0.03127807843311359, -0.05088460323972261, 0.011672916231222047], "aligned_model": [[-0.19250139552391496, -0.4600368055104756, -0.11649518771601441, -0.6439912617558434, 0.3060509646894836, 0.49552941266533845, 0.5989883554120095, 0.15724162378400605, 0.11950963616830104, -0.41575093060353185, 0.07408171908181244], [-0.14058089916102084, -0.5085021277381311, 0.7193868090810172, 0.24090147993795114, 0.35330005047462226, -0.4555902427802247, 0.3023720571382298, -0.5346424207883486, 0.6171202809627103, -0.01015924772709604, 0.012458758225632631], [-0.5244050555809808, 0.04240833647012737, -0.14731971262550014, -0.03576706067979704, -0.5642508884478451, -0.41551391000426974, -0.01125498316967517, 0.2945397235055791, 0.47898983507572224, 0.5624890287092346, 0.0643022939711815]], "inverted": true, "swapped": true, "error_lsq": 0.04677644493104416, "error_max": 0.2575558983305454, "target": "464.xyz", "model": "16.xyz", "model_rescale": 3.7852294659196426, "target_rescale": 3.9012776478817375},
{"mapping": [1, 5, 4, 7, 0, 10, 3, 2, 8, 11, 9, 6, 12], "R": [[-0.055418440957062276, 0.20180807937979478, 0.9778559686880923], [0.4120863936153571, -0.8874355642277166, 0.20650163084325432], [0.90945786081543, 0.41440513804835133, -0.03398206821471039]], "T": [0.10642000158848974, -0.06195542948464886, -0.027444737048769353], "aligned_model": [[-0.06574798332166673, -0.12680407068656524, 0.44203568982127767, -0.5905252109130379, 0.7873653950021877, 0.19397269875377457, 0.5038324974984003, -0.24258561024342762, 0.3231238491618129, -0.309968434032612, 0.5346169965337388, -0.4583722757521089, 0.114184813331559], [-0.3799794202439974, 0.23914807955854564, 0.285463366802951, -0.010895968112935785, -0.024007551993068373, 0.7159387928621874, -0.7112047991443777, -0.5622036297454454, -0.3456294949294764, -0.04666306336225639, 0.23148333413339708, 0.6216601388277094, -0.0014872845154592085], [0.5586210276232029, 0.5084211225781505, 0.4906758810390477, 0.028118806323234137, -0.002535190259043193, -0.21841640860671252, 0.20284624248290134, -0.07254287532444681, -0.5722147603552938, -0.6310330807505542, -0.7186775567542666, -0.060196441117058165, -0.09622815536307794]], "inverted": true, "swapped": false, "error_lsq": 0.037956782676603934, "error_max": 0.20644145878186573, "target": "464.xyz", "model": "17.xyz", "model_rescale": 3.901054581598922, "target_rescale": 3.9012776478817375},
{"mapping": [10, 9, 5, 11, 8, 3, 4, 6, 1, 7, 0, 12, 14], "R": [[0.8625201981683527, 0.16781393195842595, 0.47738599894873174], [0.03937298069958696, -0.9628047010595083, 0.2673141896879788], [0.5044885292476486, -0.21176777814002662, -0.8370458362593897]], "T": [0.16810396461641458, 0.05429403767753268, -0.006588246170905851], "aligned_model": [[-0.03487740352426277, -0.11387583630430359, 0.4546985895956605, -0.6027218812185287, 0.7989034999411893, 0.13807719487736025, 0.45956695212812043, -0.2994361529263166, 0.32868274581594514, -0.18173485580973053, 0.455660963008847, -0.4193353744244554, 0.12151991399380808], [-0.4290369439158455, 0.2709876970650888, 0.29551346386184574, -0.09300732793813668, -0.11367082833521394, 0.7067292821993496, -0.6656818184037714, -0.45890958387541175, -0.3542254818930964, 0.03869771049358015, 0.25112437635954526, 0.4837267119687406, 0.07937524255109943], [0.6240015369278858, 0.5481376962441176, 0.4931744538777636, 0.1378444786779976, 0.11298600757646725, -0.4026091222842362, 0.14260311913068352, -0.29251485665550553, -0.5478938960528296, -0.5696571390236888, -0.6804378651136964, -0.15651391200413872, 0.0077181102152637515]], "inverted": true, "swapped": false, "error_lsq": 0.04920183805466909, "error_max": 0.3429811250286232, "target": "464.xyz", "model": "18.xyz", "model_rescale": 3.9405287249114394, "target_rescale": 3.9012776478817375},
{"mapping": [13, 7, 9, 0, 11, 5, 14, 12, 3, 1, 2, 8, 15], "R": [[0.9004610534905193, 0.2710101206920261, 0.3401814304591568], [0.19919080757579766, 0.4383333561453826, -0.8764627151611339], [-0.3866431343293791, 0.856981553694605, 0.340719390852847]], "T": [0.006096030749873041, -0.07340512020448002, -0.022776736020368823], "aligned_model": [[0.27925370738457783, -0.22608815468937238, 0.3048060115142484, -0.6131151482157741, 0.6892686677430826, 0.3223571908646548, 0.508597679485075, -0.20102070979615994, 0.14575094330509786, -0.24951648421268713, 0.411879060572373, -0.2998813272650855, 0.03283691846330278], [-0.33490778232603596, 0.23038034523056633, 0.40352662633104586, 0.14571090857086083, 0.022533250475490665, 0.6864458150050015, -0.6596747544145082, -0.5801627114272082, -0.6537092185785449, -0.13179217983199332, 0.32680805472571434, 0.6182644658597527, -0.06180031948236784], [0.5324989493565767, 0.5683496835919417, 0.49906452671654306, -0.22585292796233086, 0.1852717655239426, -0.14053953839444872, 0.03654418017138543, -0.04371621388201595, -0.6303722048015484, -0.6283942864942689, -0.6788977845574604, -0.007182005119324389, -0.049935532632907606]], "inverted": false, "swapped": false, "error_lsq": 0.04508475006120823, "error_max": 0.32440586678722405, "target": "464.xyz", "model": "19.xyz", "model_rescale": 4.410303926677745, "target_rescale": 3.9012776478817375},
{"mapping": [10, 5, 3, 8, 6, 0, 11, 9, 12, 7, 2, 1, 13], "R": [[-0.3981783249305795, 0.8374768948283284, -0.37428127415645435], [-0.19344644741068473, -0.4755074465495754, -0.8581789675004208], [-0.8966785898746905, -0.2693048809520611, 0.3513436886521988]], "T": [0.17364736400888456, 0.04050827866483296, -0.08453060092655643], "aligned_model": [[-0.009910555826920547, -0.3463871333230506, 0.44384169497958037, -0.5606972630024761, 0.7274336638090869, 0.4490907650175938, 0.5744051937294564, -0.1249318157950838, 0.01235951590486345, -0.269240999415053, 0.3918732542868708, -0.2913561967041798, 0.10864823149264526], [-0.35406546791742555, 0.17012125899067682, 0.4428143519258999, -0.1722941373002737, -0.006972310734063944, 0.7017829588203442, -0.6800714579900967, -0.5721907690659342, -0.5174778700493332, 0.07226999869295775, 0.33428347872917286, 0.5838568146144799, 0.009565651421369885], [0.6124285525256553, 0.5572133666213704, 0.4550132273496701, -0.0038418040199228176, 0.08151803942461402, -0.08700097513406926, 0.0008586813848058122, 0.011942592687083892, -0.5675550570213552, -0.6410324029418188, -0.6365109632526353, -0.31182764925306117, -0.054366996854253495]], "inverted": false, "swapped": false, "error_lsq": 0.03381331942225446, "error_max": 0.19880890700820847, "target": "464.xyz", "model": "20.xyz", "model_rescale": 4.121658175737393, "target_rescale": 3.9012776478817375},
{"mapping": [3, 4, 2, 11, 1, 6, 0, 7, 5, 9, 8, 10, 12], "R": [[0.5237434170046057, 0.04879335674366017, -0.850477537317727], [0.2935050416788134, -0.9475663474295445, 0.12638357380668674], [-0.7997172148037442, -0.3158120098361019, -0.5106027328460201]], "T": [0.0945703930663476, 0.0578536568946259, -0.10244194009128299], "aligned_model": [[0.08788218857537014, -0.18539139483509495, 0.3438376571682987, -0.7435071797400744, 0.744917885586074, 0.3899280646042804, 0.602455816674265, -0.2499900573928773, 0.4190616571129727, -0.41629860806705954, 0.30972624880434096, -0.30373909209243, 0.10624516875526714], [-0.42619043855622274, 0.20876629619234946, 0.3907476991873898, -0.13244971672321343, 0.026241931512918544, 0.619531032578384, -0.7265236231456006, -0.5306709608122403, -0.42638871863924166, 0.16672296758791008, 0.15968029202987144, 0.728362428782781, -0.046206689857312015], [0.39585243528118336, 0.3750288700554111, 0.5325848482115647, 0.0872409824124154, 0.13926801788550056, -0.24353351879393464, 0.23515013555919712, -0.14409443136740147, -0.4547461712346012, -0.6022651208770142, -0.7325549432781528, -0.08145188243102972, -0.0896406099070545]], "inverted": true, "swapped": false, "error_lsq": 0.04624555889804503, "error_max": 0.27119649421446124, "target": "464.xyz", "model": "21.xyz", "model_rescale": 4.08911054899281, "target_rescale": 3.9012776478817375},
{"mapping": [10, 6, 5, 0, 9, 11, 12, 13, 3, 2, 15, 1, 16], "R": [[-0.2833481048115277, -0.763688769238896, -0.58008043859287], [0.9586529557892677, -0.20888363349374273, -0.1932670122264855], [0.02642653696980074, -0.6108576686895506, 0.7912992776105331]], "T": [0.061378602011433664, 0.009434151979427104, -0.04504146270466613], "aligned_model": [[0.32609610697492364, -0.3601464982125324, 0.48061541365347016, -0.7046671378789088, 0.7384114040830145, 0.32676121176625705, 0.4146776901225899, -0.11437204697084266, 0.10169363253575234, -0.16836524229214686, 0.38949451038142247, -0.3485151804032114, 0.023444491393544376], [-0.22301713779382398, 0.1326753915630122, 0.30046666746599776, -0.06556631550187253, -0.07917318655620492, 0.7259619572526586, -0.6253209167483195, -0.6235233355192322, -0.610953273207379, 0.12499186998042863, 0.3428428469771728, 0.631399227749113, -0.019161295523777017], [0.6809244109172238, 0.5571979542205677, 0.442061837060329, 0.04229840478274722, 0.15823897422730818, -0.09035156056919075, 0.08624167824779755, -0.11719750493212996, -0.6514843407058725, -0.7196658094253179, -0.6042244476645188, -0.31916718737614647, -0.04803379726671349]], "inverted": true, "swapped": false, "error_lsq": 0.04025264260586841, "error_max": 0.2637643341929028, "target": "464.xyz", "model": "22.xyz", "model_rescale": 4.204369325754507, "target_rescale": 3.9012776478817375},
{"mapping": [13, 7, 9, 0, 11, 5, 14, 12, 3, 1, 2, 8, 15], "R": [[0.9004610534905193, 0.2710101206920261, 0.3401814304591568], [0.19919080757579766, 0.4383333561453826, -0.8764627151611339], [-0.3866431343293791, 0.856981553694605, 0.340719390852847]], "T": [0.006096030749873041, -0.07340512020448002, -0.022776736020368823], "aligned_model": [[0.27925370738457783, -0.22608815468937238, 0.3048060115142484, -0.6131151482157741, 0.6892686677430826, 0.3223571908646548, 0.508597679485075, -0.20102070979615994, 0.14575094330509786, -0.24951648421268713, 0.411879060572373, -0.2998813272650855, 0.03283691846330278], [-0.33490778232603596, 0.23038034523056633, 0.40352662633104586, 0.14571090857086083, 0.022533250475490665, 0.6864458150050015, -0.6596747544145082, -0.5801627114272082, -0.6537092185785449, -0.13179217983199332, 0.32680805472571434, 0.6182644658597527, -0.06180031948236784], [0.5324989493565767, 0.5683496835919417, 0.49906452671654306, -0.22585292796233086, 0.1852717655239426, -0.14053953839444872, 0.03654418017138543, -0.04371621388201595, -0.6303722048015484, -0.6283942864942689, -0.6788977845574604, -0.007182005119324389, -0.049935532632907606]], "inverted": false, "swapped": false, "error_lsq": 0.04508475006120823, "error_max": 0.32440586678722405, "target": "464.xyz", "model": "23.xyz", "model_rescale": 4.410303926677745, "target_rescale": 3.9012776478817375},
{"mapping": [0, 3, 4, 1, 5, 8, 12, 7, 13, 11, 15, 10, 16], "R": [[0.8535843983435893, -0.11657474983140896, -0.5077440325657774], [-0.17091558889410707, 0.8580285176753257, -0.4843293552210769], [0.4921194330418108, 0.5001973516099699, 0.7124753140039162]], "T": [0.11862023619668367, -0.007125054742131995, -0.19708533690920918], "aligned_model": [[0.07819972878539495, -0.19906471239621965, 0.32091574598641887, -0.6703769403108485, 0.6822835545269577, 0.28733276788631784, 0.5079141435359954, -0.2701886936587428, 0.2507023569407766, -0.36535732101105645, 0.6599051073933999, -0.2373073131496437, 0.060169930624582736], [-0.41942887769984205, 0.23722582068380033, 0.4438694501316083, -0.09198822366960287, -0.010770810919184534, 0.7947180424364582, -0.643166589477826, -0.5449671663489369, -0.60794633489879, 0.027331625776005182, 0.2830596525906774, 0.5346557933313837, 0.00903011820202313], [0.4343871892083083, 0.6082840862440206, 0.2820439319564608, 0.12943732324329385, 0.08197093959919374, -0.13158421926703243, 0.10304339311051389, -0.1585577399258886, -0.5373127998215887, -0.6036562998390063, -0.5605653427946437, -0.1373104378906851, -0.09334141230686283]], "inverted": true, "swapped": false, "error_lsq": 0.039024035743560934, "error_max": 0.24319428266532228, "target": "464.xyz", "model": "24.xyz", "model_rescale": 4.28219845311461, "target_rescale": 3.9012776478817375},
{"mapping": [6, 1, 0, 5, 2, 4, 14, 11, 12, 9, 7, 3, 15], "R": [[0.5728124483314081, 0.8005666621690405, -0.17600829088454822], [0.3228717801977531, -0.41773270796328693, -0.8492662705239113], [-0.7534186834612693, 0.4296421814966275, -0.49776287857805074]], "T": [0.0931297577362481, -0.04031717964258869, -0.07844634870120346], "aligned_model": [[0.2925407724977252, -0.2891486678844975, 0.4138273617446601, -0.7484077060745522, 0.7381298098471273, 0.38945806268188676, 0.44828180517927996, -0.1462406475263544, 0.21933520197619333, -0.28720155687684473, 0.23399751220703224, -0.28518011980796887, 0.1257365271896459], [-0.303291505595985, 0.3378302647697632, 0.33980131294485466, -0.12267388124638351, -0.09005316988430839, 0.6263627038253152, -0.701265613853354, -0.5088479318736927, -0.5889649142032126, -0.009841633577973248, 0.411129515905227, 0.6243004932914846, -0.002863140363961632], [0.7601697053081249, 0.26903762853516155, 0.5682507600074407, 0.0231053702304386, 0.14578854697642799, -0.029701690604353986, 0.0525453128883393, -0.21865267718450643, -0.5956288594638138, -0.636382739426535, -0.6964254442857886, -0.2017765162840021, -0.02349078518084953]], "inverted": false, "swapped": false, "error_lsq": 0.04230678067841302, "error_max": 0.289200035923616, "target": "464.xyz", "model": "25.xyz", "model_rescale": 4.100010024507729, "target_rescale": 3.9012776478817375},
{"mapping": [3, 7, 8, 6, 11, 5, 9, 4, 0, 2, 1, 12], "R": [[-0.9227668763724131, 0.360149340069009, 0.13709027944299101], [-0.35112046890395376, -0.932371802417991, 0.08600719953872904], [0.15879454709330443, 0.03122939166369477, 0.986817620895446]], "T": [-0.06635553662908703, 0.05744737405294972, -0.02616577665671741], "aligned_model": [[-0.6484931514498224, -0.027114780958511865, 0.3923355889154013, 0.6921531325699334, -0.5988160641440265, 0.00022066494580437468, -0.3050333315539896, 0.5540246412618125, 0.1067041508284656, 0.1506162968200135, -0.447066691650556, 0.007235146778482568], [-0.25794582190956017, -0.5008332100580697, -0.2945106286835637, -0.4246359164297875, 0.505505671618279, 0.8537155840300539, 0.05258420351446098, 0.2550741231004683, -0.31451331717854625, 0.5249837921568188, 0.17509422122986795, 0.09161268866021813], [0.08955677655221886, 0.10300474611618779, 0.5511613413155118, -0.20543784408531687, 0.2169553868936555, 0.018085664240253645, 0.6430883895980813, -0.1800586556366799, -0.6534616632023907, -0.5783310810286901, -0.458277459118926, 0.018906688210451453]], "inverted": true, "swapped": true, "error_lsq": 0.046868716134043704, "error_max": 0.3220866185142309, "target": "464.xyz", "model": "26.xyz", "model_rescale": 3.6694154284099745, "target_rescale": 3.9012776478817375},
{"mapping": [8, 7, 5, 9, 0, 1, 4, 10, 2, 12, 6, 3, 13], "R": [[0.7884236744021225, 0.3601105917209675, 0.4987067990038144], [-0.5906966735864154, 0.21698555970675823, 0.7771709636191313], [0.1716553216658313, -0.9073244340417157, 0.38379268092901464]], "T": [0.04314552070580509, -0.06262809142274574, -0.02243319682426624], "aligned_model": [[-0.07831156201483193, -0.1798514825937753, 0.5292166067357238, -0.6315159331260716, 0.7030038339229215, 0.5546867074883846, 0.5149075119077244, -0.10344438139357924, 0.35265800069321446, -0.3488272095595782, 0.18251533645783335, -0.4608945292735584, 0.07098545590892569], [-0.33589897361766513, 0.398477433648136, 0.2908518841113913, -0.1492397720754809, -0.06304925410656535, 0.6528450468691915, -0.6947447698602347, -0.6452770787894997, -0.3252450823155946, 0.05244700855454769, 0.3612773299712416, 0.5540468817786648, -0.08486815403035866], [0.5423042593723739, 0.34332978105479295, 0.4921203047119993, 0.024405622101064825, -0.06142258298764694, -0.10034632988606794, 0.20865055117044384, 0.007935833710572673, -0.5677441054165221, -0.7027624652310918, -0.5440371461713002, -0.15839946388114673, -0.06719564703138799]], "inverted": true, "swapped": false, "error_lsq": 0.048412051742699344, "error_max": 0.3115010009754907, "target": "464.xyz", "model": "27.xyz", "model_rescale": 4.103607728864725, "target_rescale": 3.9012776478817375},
{"mapping": [5, 7, 11, 1, 10, 13, 9, 0, 3, 2, 12, 4, 14], "R": [[-0.3630520521337612, -0.7063611462062545, 0.6076570896251036], [0.9071421573413412, -0.11900564583927922, 0.4036468290875996], [-0.21280581245718472, 0.6977761728438157, 0.6839752179690981]], "T": [0.24311745137707663, 0.0419602217736789, 0.035356380931792074], "aligned_model": [[-0.04178093910931624, -0.18300643246415088, 0.512524008839917, -0.6292626923461129, 0.7211282306381134, 0.2840901575871004, 0.48528733652506134, -0.16982455101873006, 0.2208695373721109, -0.19380762468040263, 0.37698280528977224, -0.3816509851401866, 0.10357950366015739], [-0.39700503308751434, 0.13695154621115915, 0.48976736634728407, -0.16252077334498347, -0.12345434362475241, 0.665464322637562, -0.7001626781891739, -0.5103526487668738, -0.36830385199815413, 0.09025787142071776, 0.28797492825333826, 0.6124717502355346, -0.009465955956369884], [0.5465146954536036, 0.6093566679221949, 0.48139460970163983, 0.03424303118551455, -0.027245478226357263, -0.13621403174314753, 0.281793541545059, -0.149362694082791, -0.5929104991927109, -0.5546305012807018, -0.7763396510545, -0.28989780237475526, -0.00986327633696437]], "inverted": false, "swapped": false, "error_lsq": 0.038680567281272685, "error_max": 0.19612723708141694, "target": "464.xyz", "model": "28.xyz", "model_rescale": 4.137296879288765, "target_rescale": 3.9012776478817375},
