[{"mapping": [1, 6, 2, 5, 4, 0, 7, 9, 10, 12, 8, 13], "R": [[0.8318522338860793, -0.11090002904327384, 0.5438042336511743], [0.19736027217575597, 0.9748959970177823, -0.10308597365993066], [-0.5187203330750122, 0.19307764903505897, 0.8328566728421184]], "T": [-0.06436088582112953, 0.02256142297080184, 0.017201122959795385], "aligned_model": [[-0.2536541441271941, 0.2504669302600244, 0.40712050567275515, -0.2470364214816398, -0.09452159643896946, -0.5294532455927944, 0.2617899060328165, -0.2921717592770673, 0.6002369313945617, 0.35585479974165557, -0.4976895386132993, -0.12329990511030009], [-0.31243238275722773, -0.612461589318584, -0.08601785628200125, 0.7085453129575844, 0.2783732686034522, -0.49925056587780564, -0.24663737074097886, -0.47240266700442013, -0.05689277798913302, 0.3491282403303447, 0.04494177215482965, -0.041338348099003094], [-0.575538875183972, -0.02505446077929181, -0.5145797656102667, -0.19690390182769532, -0.720526844190695, -0.11034652987087472, 0.5600087981012957, 0.7101138889826769, -0.02521488352131272, 0.5164178477558973, 0.5083647457980339, 0.055211725699767164]], "inverted": false, "swapped": true, "error_lsq": 0.049338753654763125, "error_max": 0.24970834522611163, "target": "465.xyz", "model": "0.xyz", "model_rescale": 3.751011558992144, "target_rescale": 4.028569073804362},
{"mapping": [5, 2, 0, 13, 3, 12, 8, 4, 9, 10, 1, 11, 6, 14], "R": [[0.3082837044316522, -0.32369397161554225, -0.8945296922526689], [0.941169010894743, 0.24061361015478003, 0.23728881882569788], [0.13842705845790795, -0.9150559017612205, 0.3788279901731798]], "T": [-0.008949962553698981, -0.04299954875192488, 0.034962805031987884], "aligned_model": [[-0.4538131487414704, 0.1119267345482867, 0.6918848936356778, -0.3168255615482103, 0.3146011675129612, -0.02602463403770648, 0.02485493037306713, -0.03032986705627952, -0.6277091500351711, -0.6252193412134475, 0.5868391902167088, -0.3030656342767014, 0.21192946736750437, -0.03502815120406551], [-0.400608506928509, -0.5453888052360403, -0.14302403435598202, -0.0007510725539530971, 0.1607705893128091, 0.6142340916753922, -0.7009599885105623, -0.45243465173551345, 0.13271580032385596, -0.05246588501081467, -0.12969599302661433, 0.649328366817534, 0.40545939122419306, 0.002042077607599495], [-0.21860893156801775, -0.6105849941704886, -0.23767271196670497, -0.6214896914240002, -0.6262469094901458, -0.3110538153225559, 0.11473461124635934, 0.7113353104149958, -0.10804350720890198, 0.5758659290135582, 0.38596787825327583, 0.3012502773187088, 0.5951615214383374, 0.017787461804780354]], "inverted": false, "swapped": false, "error_lsq": 0.04620617521289673, "error_max": 0.2814933054364494, "target": "465.xyz", "model": "1.xyz", "model_rescale": 3.9405287249114394, "target_rescale": 4.028569073804362},
{"mapping": [1, 6, 2, 8, 7, 4, 0, 9, 12, 5, 11, 3, 13], "R": [[0.5115735347912098, 0.31466275965880103, -0.799549789684879], [0.006038688479601095, 0.9291923069177788, 0.36954727844521157], [0.8592182800328872, -0.19387883961052593, 0.47345004256901574]], "T": [-0.06429880668400684, -0.07405445696154091, -0.06854458049184944], "aligned_model": [[-0.4244489616039005, 0.22407032796328274, -0.4531926608027962, 0.33317144001374716, 0.554570399109261, -0.8332230154332256, 0.05990499000245128, 0.771446247620003, 0.22876115852026718, -0.5949800183442007, 0.002114843073456968, -0.3697204885493755, -0.0024909822850396057], [0.5234459687930485, 0.4658032142020415, 0.22917444022033023, -0.2866461101741574, -0.13645196430478557, 0.0638593177484985, 0.48899584042879396, 0.044093949490434006, -0.6427323626113219, -0.547706283876944, -0.7504313988785394, 0.038288091389084455, -0.030860108854465926], [0.04405470924840316, -0.4284796459429001, -0.5916974090218428, 0.40720587692696597, -0.362806298956066, -0.08663530440127001, 0.3466840770741382, 0.18559416902597506, -0.41949435372120725, 0.1407795909267277, 0.21290989295425347, 0.6759663315767557, -0.010961286101289394]], "inverted": true, "swapped": true, "error_lsq": 0.05032050130504672, "error_max": 0.256738375694894, "target": "465.xyz", "model": "2.xyz", "model_rescale": 3.932901565614263, "target_rescale": 4.028569073804362},
{"mapping": [3, 0, 2, 7, 4, 5, 1, 10, 8, 11, 6, 9, 12, 13], "R": [[-0.3394268149979468, 0.8144316499696002, 0.47062779857138093], [0.3657894532469533, 0.575235935980224, -0.7316431465203858], [-0.8665953572190683, -0.07618861781624797, -0.4931610095715243]], "T": [-0.11473563638297189, -0.08803693946248067, -0.02850442106273486], "aligned_model": [[-0.47567201160376216, 0.05602396129524061, 0.6368505196851152, -0.3169249179190051, 0.45074092512736497, 0.22436481697611643, 0.1831521503644089, 0.08725894849793454, -0.8361584347466503, -0.6575463060808797, 0.5038767413029137, -0.38874294692750694, 0.11506311255887726, -0.058265662989014394], [-0.3911418011224411, -0.5177722673492777, -0.3715342839747201, 0.3462022480016185, 0.07206944986835875, 0.5453149469323604, -0.745993884331899, -0.15664970966951594, 0.04323959861611945, -0.34906693895767626, 0.07669383492209583, 0.586811450526662, 0.4167425984668587, -0.015693862325148855], [-0.22481502689388216, -0.5133951684582784, -0.24974492106127782, -0.5579365412156435, -0.6749010539559324, -0.05450357848031044, 0.13618967754739075, 0.6553346797091787, 0.004697116298149409, 0.6309867574931843, 0.2099798736533564, 0.06789362708170664, 0.49639553438795725, 0.0422214522336018]], "inverted": true, "swapped": false, "error_lsq": 0.05119918609008361, "error_max": 0.33720470352732673, "target": "465.xyz", "model": "3.xyz", "model_rescale": 3.9243930471874484, "target_rescale": 4.028569073804362},
{"mapping": [5, 10, 4, 3, 1, 11, 8, 2, 6, 7, 0, 9, 13], "R": [[0.18091805914239767, -0.40093985828974016, -0.8980622951169653], [0.4290665581950462, -0.7894747581539254, 0.4388980461069042], [-0.8849692336543712, -0.4647330806736317, 0.029199644052466445]], "T": [-0.03982601949749984, -0.07492043218431968, -0.1644503949496275], "aligned_model": [[0.030448058584738286, -0.17497141882765385, 0.5799805469831785, 0.39118080388051446, 0.6485364749839723, -0.5069601685424575, -0.37004573434949095, 0.33917043470881614, 0.07339406441881824, -0.563789603506655, 0.3509030667483094, -0.4799474095753049, -0.04069322919543264], [-0.6986087894690061, 0.437517906536837, -0.27534720868885787, -0.6701686120205052, 0.04598846104653756, -0.6397366617634194, -0.391934918926535, 0.3314862111700003, 0.6042590154782769, 0.33932982333675143, -0.010403725180499895, 0.12433111267786098, -0.06888306051585388], [-0.559240968832446, -0.5754796108849944, -0.5960298774952918, 0.18212206892468374, -0.05989606149241013, -0.2267518769064319, 0.3045624629535419, -0.6205977437229673, 0.008907052953131323, 0.0009019264382587044, 0.4254948857719206, 0.572846919309181, -0.06976886164521133]], "inverted": false, "swapped": true, "error_lsq": 0.0513271245715996, "error_max": 0.3722774713732936, "target": "465.xyz", "model": "4.xyz", "model_rescale": 3.8936222436046832, "target_rescale": 4.028569073804362},
{"mapping": [12, 5, 10, 7, 2, 1, 3, 0, 9, 8, 6, 13], "R": [[0.6653426006676029, 0.19342152435362117, -0.7210460024530979], [-0.2858634542733847, 0.9582467386935969, -0.006728543228269518], [0.6896385352108448, 0.21059748740145912, 0.6928545222861962]], "T": [-0.1622536874777723, -0.11173658185495593, -0.06224296388713654], "aligned_model": [[0.10366263223828243, -0.6015896345473359, -0.2624418988053683, 0.39127261724591594, -0.6684366458651834, -0.5421040740592065, -0.3266333502017045, -0.007333726224001219, 0.6941168068501924, 0.3356786305308563, 0.0056491349474705466, -0.09429244989482057], [-0.41608615010030375, -0.7077100020163338, 0.20305790597394952, 0.06028070304537543, 0.32185452069346643, 0.3109603944386598, -0.3848067623825047, 0.22673037776936766, 0.016793021821086704, -0.4430280784193148, 0.5694302037364013, -0.08855322945004265], [-0.6697825083836483, -0.02243318665661262, -0.6459116190737609, -0.4330544866717063, -0.3317845085244052, 0.3577980376376172, 0.6851603764198412, 0.5429900337381786, 0.10245391881133606, 0.205760127040115, -0.1716813789954575, -0.00023008606597878234]], "inverted": true, "swapped": true, "error_lsq": 0.047217218343300164, "error_max": 0.32303655929443953, "target": "465.xyz", "model": "5.xyz", "model_rescale": 3.6523030999806103, "target_rescale": 4.028569073804362},
{"mapping": [4, 3, 0, 1, 6, 5, 8, 2, 11, 12, 7, 10, 13], "R": [[0.5100591828908669, -0.8511720879600941, -0.12387778907598856], [-0.7148180267165096, -0.4995692378283648, 0.48935239377845297], [-0.4784086314332304, -0.1610486053750253, -0.8632430295559548]], "T": [0.04698544369679558, -0.01104391528850613, -0.0025322998111370933], "aligned_model": [[0.24265733617797663, -0.23670232220611787, 0.27875528683177514, 0.5169247261344785, 0.6664692243883805, -0.4129540353325984, -0.42596322953815635, 0.6205157265703763, -0.676250549451093, -0.2629332009064246, 0.09820654348397787, 0.42642189370529615, 0.045935504806423735], [-0.679441217451321, -0.04525818410495614, 0.38307833201008823, -0.13622285252838146, 0.30505486896276324, -0.572625281308386, 0.4270379899681023, -0.4287521042894096, -0.0645123420069291, -0.006986886889992834, 0.45268434826018583, -0.16756106854186217, 0.07433130208328181], [0.3517973197541127, 0.7580926967535162, 0.541358730234607, 0.5101867240305765, -0.14563267831369425, 0.14868692931968405, 0.11545118433769494, -0.11854074486997054, -0.12575561989935996, -0.6631217495886567, -0.5083138715177986, -0.5329403572973149, 0.03884117653839256]], "inverted": false, "swapped": true, "error_lsq": 0.05832135520813332, "error_max": 0.35221903253243336, "target": "465.xyz", "model": "6.xyz", "model_rescale": 4.08911054899281, "target_rescale": 4.028569073804362},
{"mapping": [13, 12, 5, 11, 10, 8, 7, 6, 1, 2, 4, 9, 3, 14], "R": [[0.6282722371833422, -0.69488176886209, 0.349876154214218], [0.7739001717066593, 0.6042742369065333, -0.18955519207721688], [-0.07970269893197945, 0.3898614804185201, 0.9174178469317231]], "T": [-0.03701641559051909, -0.0348670870421206, 0.001936425148250861], "aligned_model": [[-0.5100631033968555, -0.005147533836316595, 0.6059567011076024, -0.29048185482764827, 0.3274814635545861, 0.29611667659143154, 0.07087959412264459, 0.019207620232925035, -0.7457269686584471, -0.5258025650339773, 0.6150984617689655, -0.3558685443849942, 0.15611433397023444, -0.13374338566899757], [-0.5187954415051738, -0.4173224893842114, -0.4153387766800416, 0.14057663755396455, 0.1357342539329217, 0.5515825737427289, -0.7638236168548771, -0.1448449247014787, 0.11091601356248643, -0.4555316314793792, 0.10819868335841532, 0.6804903393991454, 0.4306591467658462, 0.09672061189304781], [-0.2772314477414487, -0.5986584113316205, -0.14748945671596161, -0.497569163978977, -0.5958188567675352, -0.0992965316573803, 0.23914897386515943, 0.4855547658601923, 0.12203096458969913, 0.4859498386575106, 0.22805113446274966, 0.035912597774822544, 0.6122128178396652, -0.024394796517675156]], "inverted": true, "swapped": false, "error_lsq": 0.049451318611001126, "error_max": 0.33455801283809034, "target": "465.xyz", "model": "7.xyz", "model_rescale": 3.964800864290218, "target_rescale": 4.028569073804362},
{"mapping": [11, 6, 0, 10, 3, 5, 4, 7, 9, 12, 2, 8, 7, 13], "R": [[0.15358087053585345, 0.21563214733484687, 0.9643213640904222], [0.053197153884902065, 0.9726798170512925, -0.22597353013043503], [-0.9867030855449861, 0.08600436347550897, 0.13791399653108846]], "T": [0.06043367301241613, -0.03912735311507982, -0.03469720409034071], "aligned_model": [[-0.5466146753522434, 0.12484806368884317, 0.7619991993974623, -0.46229043234461825, 0.43465085546058174, -0.03253317989999559, 0.023299081699910254, 0.06355778867562716, -0.6135405945726317, -0.44498948365778584, 0.4740473798291915, -0.33269470904627224, 0.06355778867562716, 0.010723812987456713], [-0.5587260955186509, -0.473989090747157, -0.09750837786922684, 0.2831425569765496, 0.0457452807934425, 0.7032714540833012, -0.7306825837564558, 0.14208022466819306, 0.08968465827085814, -0.24104693370920421, -0.36354342264645895, 0.5776664844930205, 0.14208022466819306, 0.021046999896990347], [-0.25524827331025357, -0.41318350317649494, -0.167199432975262, -0.5806235981540945, -0.6501001875705913, -0.40788870760879437, 0.08966428558571884, 0.6537846174684824, 0.02028351202469187, 0.48918336718787636, 0.36815095975950246, 0.20210021674838227, 0.6537846174684824, -0.03430544510844577]], "inverted": true, "swapped": false, "error_lsq": 0.05161748807456049, "error_max": 0.35909099144921114, "target": "465.xyz", "model": "8.xyz", "model_rescale": 4.121658175737393, "target_rescale": 4.028569073804362},
{"mapping": [3, 8, 0, 1, 11, 5, 7, 10, 6, 12, 4, 2, 13], "R": [[0.26889919938806667, -0.9108258182563219, 0.3131925116699924], [0.3414965740044874, -0.21388589580454026, -0.9152228764181362], [0.9005960862182638, 0.35305686846964324, 0.2535301503071276]], "T": [-0.040490451258825104, -0.06058903778009, -0.042175461478886254], "aligned_model": [[-0.49448221141912985, -0.30116834037754164, 0.18873814450708065, 0.18860986796186918, -0.6634836028981927, -0.7141171000183169, 0.3248178330015159, 0.3597048208575759, 0.6683323212293201, -0.14287714266649354, -0.2370487339044809, 0.3160367051957426, -0.016325065033751546], [0.32907976569283864, -0.46102139710958884, 0.1772260135047088, 0.5723200693708521, -0.4504111337215698, 0.15198763722045774, -0.6422611143404489, -0.1414880340561797, -0.049236367363177984, -0.6452407988403788, 0.6566543075342045, 0.3764623655846707, -0.08368387406467906], [-0.5919476464965842, -0.4907479411143184, -0.6712742699599765, -0.25742554564639997, -0.010059615231896246, 0.18326523053626903, -0.0010664046169220273, 0.48989731820548105, -0.08214680558024728, 0.3822579615937827, 0.1976552026837704, 0.4036378776931779, -0.13096992810704783]], "inverted": false, "swapped": true, "error_lsq": 0.044711857265675156, "error_max": 0.25100446089584594, "target": "465.xyz", "model": "9.xyz", "model_rescale": 3.833441315466971, "target_rescale": 4.028569073804362},
{"mapping": [4, 6, 12, 5, 1, 0, 7, 9, 2, 3, 11, 13, 8, 14], "R": [[-0.983202041123572, 0.05480575782521774, 0.17409788981962332], [-0.08035007384437015, 0.7264867829771, -0.6824667169853695], [-0.16388292151303135, -0.6849914474420742, -0.7098796411840291]], "T": [0.07935080436659711, -0.026071832821075783, -0.031150403562227737], "aligned_model": [[-0.44855075557559165, 0.13328148969864184, 0.6022966602452072, -0.43711084214091755, 0.2078391355833182, 0.190075731318937, 0.1373334287200113, -0.2860966491777015, -0.5360824440496794, -0.5691159501296978, 0.6011223288534594, -0.3024250249911058, 0.21125647439219833, 0.02019731279407381], [-0.49267470435249633, -0.49487873523495884, -0.14288542209566682, 0.23453327986486605, 0.13074972928783857, 0.555810478116637, -0.5267971924669071, -0.07180905875429039, 0.20715703373822952, -0.5122546908632081, -0.22015672731809233, 0.6738790561326093, 0.2541470969262592, -0.055598763377425725], [-0.4046665121565899, -0.5195571372111726, -0.3066540777499741, -0.3815609404981272, -0.7414367397061009, -0.3672693236974268, 0.4045399753336804, 0.6915296026608837, 0.2578071495054957, 0.2810017173766792, 0.36308634130855194, -0.029565920732176988, 0.6841380753070292, 0.0370102185984482]], "inverted": true, "swapped": false, "error_lsq": 0.05095617099382173, "error_max": 0.3024453688626633, "target": "465.xyz", "model": "10.xyz", "model_rescale": 4.2482417240324, "target_rescale": 4.028569073804362},
{"mapping": [3, 5, 2, 12, 0, 6, 1, 7, 11, 9, 8, 13], "R": [[0.6613706308135193, 0.04454809064874801, 0.7487351710163469], [-0.2855091119744083, -0.9081351696044672, 0.30622713907661786], [0.6935945758704519, -0.416300349924206, -0.5878950441839694]], "T": [0.052623983023551424, -0.017419177133944093, 0.04717232361527065], "aligned_model": [[-0.7393502893506158, -0.11687144976942937, 0.33739879162571296, 0.6287708565535145, -0.4776991023710302, 0.2787913087741255, -0.33145056166249875, 0.494133213552198, 0.029547803514318294, -0.011902237227146062, -0.21589986437353526, 0.0012971330973929746], [-0.19819373867163076, -0.7392612655121527, -0.018863723550594104, -0.2090322099633828, 0.44754927837075814, 0.6003555918939466, 0.1679579241965967, 0.3779313563364099, -0.4891685616267089, 0.6153784569831903, 0.05980066025671749, 0.05167762133748922], [0.029936897572530617, 0.04788506312640877, 0.7073058688375119, -0.35752963175564473, 0.13336292083950868, 0.31430335848021307, 0.6106575207076504, -0.3024704323486748, -0.5167719725912571, -0.5630889867290382, -0.5456584666211043, 0.007260150336252338]], "inverted": false, "swapped": true, "error_lsq": 0.04836081257546276, "error_max": 0.2714643300946149, "target": "465.xyz", "model": "11.xyz", "model_rescale": 3.6694154284099745, "target_rescale": 4.028569073804362},
{"mapping": [0, 1, 2, 4, 3, 11, 12, 7, 6, 5, 10, 11, 9, 13], "R": [[0.11428167528265115, -0.9719057423468014, -0.20576425026691073], [-0.7906327118720167, 0.03643303460142694, -0.611205815505409], [0.6015310578951777, 0.23253357173329714, -0.764256844525755]], "T": [-0.025533777492210856, -0.06761984081036654, 0.04423096752314209], "aligned_model": [[-0.5286564476847793, 0.17334934168616986, 0.548431190003303, -0.27422309756058305, 0.3210782389301211, -0.1493170724361902, 0.13070149023254543, -0.10264352207344216, -0.5565214364661133, -0.579134497908142, 0.44201290463809195, -0.1493170724361902, 0.33198074255213356, -0.08371986593577158], [-0.43550209449717503, -0.5118771444410013, -0.24715991219629957, 0.1752750188314882, 0.13632397937727797, 0.6590125743104377, -0.713738261325289, -0.006445850678700127, 0.11469184111166283, -0.4601272967465115, -0.1986850419499547, 0.6590125743104377, 0.4939933385609606, -0.12555234506393853], [-0.3054375763667439, -0.6482677307993009, -0.21001920897025744, -0.6090946473074619, -0.7170284684658221, 0.002858535934057764, 0.1852629782751855, 0.7807614480136186, 0.11256390325581445, 0.4732238950478033, 0.453804892947634, 0.002858535934057764, 0.4930742270291531, -0.04615835618853797]], "inverted": true, "swapped": false, "error_lsq": 0.05150820946937039, "error_max": 0.4277069573542314, "target": "465.xyz", "model": "12.xyz", "model_rescale": 3.9764082729961374, "target_rescale": 4.028569073804362},
{"mapping": [6, 13, 10, 14, 11, 3, 12, 9, 4, 5, 1, 7, 2, 15], "R": [[-0.6000209842264196, -0.7187736915086533, 0.3511968093291601], [-0.7993571957367156, 0.5560657483460156, -0.2276377761715313], [-0.03166847189072017, -0.4173191391625949, -0.908208040030861]], "T": [-0.04333899451597352, -0.05402272338108763, 0.04880481574775667], "aligned_model": [[-0.6432364427158515, -0.024362805626794867, 0.7292392216451083, -0.22417126472816334, 0.3806274744796941, -0.01625912083278265, 0.24945144802885327, -0.06931125669382064, -0.6962619744259557, -0.6463552021162609, 0.4965160371527923, -0.24253757857558733, 0.341100677634691, -0.11041831768476891], [-0.3055701773519447, -0.4825687539507266, -0.18969104397322753, 0.014727835078384793, 0.0734155563844365, 0.6365477472604882, -0.6153383218374401, -0.3042112318188064, 0.2060096627657458, -0.4595448227205545, -0.12742772471813724, 0.6351822409691606, 0.4375411260388604, 0.020149287477155595], [-0.3518268551711636, -0.38762244064802265, -0.12687644580092014, -0.7266828310503634, -0.6104042685094011, -0.43163514182528545, 0.12888034654374642, 0.5949094562340805, 0.19692119647413403, 0.4668325494609605, 0.3751341414627763, 0.286186660349673, 0.5456253410144286, 0.008960719804557378]], "inverted": false, "swapped": false, "error_lsq": 0.044481541496319374, "error_max": 0.3002149188601861, "target": "465.xyz", "model": "13.xyz", "model_rescale": 4.170626492500431, "target_rescale": 4.028569073804362},
{"mapping": [11, 9, 7, 3, 1, 0, 10, 12, 6, 5, 8, 2, 4, 13], "R": [[0.9201731643976674, -0.39126116557050444, -0.014001708424123988], [-0.04720883905413989, -0.07538211221757934, -0.9960365769753523], [0.38865495370256653, 0.917187133290708, -0.08783558213178316]], "T": [-0.012736162847030462, 0.03989672892781497, -0.014932929901672635], "aligned_model": [[-0.5094483602298253, 0.007366995438360301, 0.7727273498635799, -0.4629906265886814, 0.2865649853343604, 0.3728444397131399, 0.24194511693998197, -0.010501793737639386, -0.8349526490922793, -0.6532081442240814, 0.5477412231237337, -0.17488683669765095, 0.04166897948941165, -0.10084978379125709], [-0.44451430231809325, -0.5477996875413965, -0.0758911570720618, 0.1762035073561809, 0.07101156023311211, 0.4481494724091333, -0.4625356792278335, -0.39097101377446375, 0.14342901179516448, -0.3224444897718301, -0.067850025631063, 0.677401494750379, 0.343478097645076, -0.008445409248908832], [-0.1501460835132087, -0.57217185851316, -0.17946267962735712, -0.5190807102846494, -0.7222271825755441, -0.21621805825743423, 0.01712055564661969, 0.5767207839204405, 0.12904756593328162, 0.5195989313175045, 0.4602639024765868, 0.0001335812954104485, 0.623770102538386, 0.0010535779823243833]], "inverted": false, "swapped": false, "error_lsq": 0.052336774536137644, "error_max": 0.36709842317384705, "target": "465.xyz", "model": "14.xyz", "model_rescale": 3.9786697098870705, "target_rescale": 4.028569073804362},
{"mapping": [5, 12, 3, 4, 8, 0, 10, 6, 1, 2, 7, 13], "R": [[0.21419594547185355, 0.303511504431232, 0.9284400161676087], [0.8379334951922766, 0.4313784423661264, -0.3343353063866127], [-0.5019836198306418, 0.8495842548798003, -0.16192294242034036]], "T": [-0.026639365896431726, 0.023033280606624525, -0.09391911144585527], "aligned_model": [[0.07998683021864442, -0.7385207173186227, 0.62829753942741, 0.4626421112106548, -0.10466451859285295, 0.4938430017888044, -0.40839995013942115, -0.046670171228424644, 0.6047289247051765, 0.07678348186393691, -0.5644048856574031, -0.00026704951056563675], [-0.4520110611966056, -0.06155215431450544, 0.1566336849249377, -0.5862065995171128, 0.521022836832586, 0.4838048462585877, -0.2650109094673977, 0.243235913500582, -0.053985269984032004, -0.46489281653766135, 0.37947313351514983, 0.11416288620991072], [-0.6531587183338776, -0.22998781690750045, -0.5558805082350483, -0.08919396873130714, -0.5127684676545397, 0.05323634303048222, 0.3762848306759653, 0.580814822469556, 0.2140349718254442, 0.42387130382186033, 0.14533259444172178, -0.0926188925289266]], "inverted": true, "swapped": true, "error_lsq": 0.05055153131141799, "error_max": 0.26320855231384, "target": "465.xyz", "model": "15.xyz", "model_rescale": 3.769337070930944, "target_rescale": 4.028569073804362},
{"mapping": [8, 7, 3, 0, 11, 12, 5, 10, 4, 1, 13], "R": [[-0.5662002022891989, -0.8209550950280353, -0.07382454114439324], [0.328640474019656, -0.30697719263671475, 0.8931743626174105], [-0.7559184941273804, 0.4814537725975271, 0.4436096201479435]], "T": [-0.02924193912532111, -0.03232653373603509, 0.032070799015000775], "aligned_model": [[-0.2272412427808256, -0.17572044174253879, -0.238770953764322, -0.6871938387552076, 0.37304350815837817, 0.4058675353418406, 0.53025686315654, 0.1812151573538659, 0.243839722741695, -0.3680703856143378, -0.11459979340391731], [0.06614040213021244, -0.657978528038926, 0.7385739777401871, 0.23176950212258138, 0.10857788214077999, -0.515664848544976, 0.44660346242181215, -0.5635756699660582, 0.45441138141242593, 0.3131919567519189, -0.025985020544615767], [-0.5848707249991532, -0.2140717045295671, -0.11628601256680003, 0.07918385648229286, -0.5674502811348874, -0.2988495321465239, -0.05379164513208683, 0.38318974196774563, 0.5789752973104795, 0.5470521088666437, -0.00886349689436651]], "inverted": true, "swapped": true, "error_lsq": 0.04314377609419742, "error_max": 0.2636833126385558, "target": "465.xyz", "model": "16.xyz", "model_rescale": 3.7852294659196426, "target_rescale": 4.028569073804362},
{"mapping": [12, 6, 0, 9, 10, 2, 4, 1, 8, 11, 5, 3, 13], "R": [[-0.9313377250381285, 0.3393671999229064, -0.13206038595010083], [0.3489233515259591, 0.7278395281020125, -0.5903406779920658], [-0.10422349389986647, -0.5958854965081178, -0.7962775510904339]], "T": [-0.040835306169397415, 0.06205463368151574, -0.05036930283350254], "aligned_model": [[-0.14094377212599132, -0.4397545964714912, 0.2306150911346882, 0.38501455273703883, -0.6598334021449594, -0.7084168690770499, -0.2966683625594276, -0.18728218788345657, 0.5613476970281582, 0.4145192001317365, 0.13697355353751073, 0.5405098296324263, 0.017685116277100316], [0.023636444051084095, -0.4835280847295689, -0.25616794201096826, -0.6966847074999403, -0.05615831113682509, 0.20133613554203594, 0.6726866109913894, 0.117420419742336, -0.13221255778915622, 0.3489470495206608, 0.7720919224074112, 0.36891960560875336, -0.005230960994337515], [-0.7721357364246103, 0.16725241361200846, 0.524013960057943, -0.19172649423222754, -0.2798674578584465, 0.17725010750244963, 0.3646848597666579, 0.6387471122124927, -0.22110944087353424, -0.5518253591127648, -0.16875962472685957, 0.42719898777660914, -0.017968630556543852]], "inverted": false, "swapped": true, "error_lsq": 0.04631154286342481, "error_max": 0.3146676486217289, "target": "465.xyz", "model": "17.xyz", "model_rescale": 3.901054581598922, "target_rescale": 4.028569073804362},
{"mapping": [5, 2, 0, 13, 3, 12, 8, 4, 9, 10, 1, 11, 6, 14], "R": [[0.3082837044316522, -0.32369397161554225, -0.8945296922526689], [0.941169010894743, 0.24061361015478003, 0.23728881882569788], [0.13842705845790795, -0.9150559017612205, 0.3788279901731798]], "T": [-0.008949962553698981, -0.04299954875192488, 0.034962805031987884], "aligned_model": [[-0.4538131487414704, 0.1119267345482867, 0.6918848936356778, -0.3168255615482103, 0.3146011675129612, -0.02602463403770648, 0.02485493037306713, -0.03032986705627952, -0.6277091500351711, -0.6252193412134475, 0.5868391902167088, -0.3030656342767014, 0.21192946736750437, -0.03502815120406551], [-0.400608506928509, -0.5453888052360403, -0.14302403435598202, -0.0007510725539530971, 0.1607705893128091, 0.6142340916753922, -0.7009599885105623, -0.45243465173551345, 0.13271580032385596, -0.05246588501081467, -0.12969599302661433, 0.649328366817534, 0.40545939122419306, 0.002042077607599495], [-0.21860893156801775, -0.6105849941704886, -0.23767271196670497, -0.6214896914240002, -0.6262469094901458, -0.3110538153225559, 0.11473461124635934, 0.7113353104149958, -0.10804350720890198, 0.5758659290135582, 0.38596787825327583, 0.3012502773187088, 0.5951615214383374, 0.017787461804780354]], "inverted": false, "swapped": false, "error_lsq": 0.04620617521289673, "error_max": 0.2814933054364494, "target": "465.xyz", "model": "18.xyz", "model_rescale": 3.9405287249114394, "target_rescale": 4.028569073804362},
{"mapping": [14, 11, 5, 13, 9, 7, 2, 1, 12, 3, 6, 4, 0, 15], "R": [[-0.23490093590051606, -0.3633784479810871, 0.9015418203588328], [0.9386705905552575, -0.3256656407426821, 0.1133111330201168], [0.2524263709276548, 0.8728676841208607, 0.4175918261625572]], "T": [-0.08773181418214816, 0.01382139468086542, -0.005087870849630041], "aligned_model": [[-0.6752692070855519, -0.007906872394385825, 0.6805049036520876, -0.39542624487338, 0.3432103387260525, 0.1629585278970886, 0.36913100441811386, -0.09430689858413772, -0.5914559788337908, -0.6127810671332841, 0.49491772478020357, -0.2219186721518216, 0.1460938720116562, -0.07373053488769708], [-0.3824324575789849, -0.39883460182131236, -0.2669724256860667, 0.11717250786115466, 0.11734955886212653, 0.5719577584573013, -0.6828533343438506, -0.1514864940387355, 0.13803604162870892, -0.4958763567767439, -0.11077782246721386, 0.7111885377145968, 0.3959507610380841, -0.02320029324566935], [-0.31737245033713124, -0.5903708871068859, -0.15418454611065474, -0.5932821670630162, -0.631650419223404, -0.35331725036829703, 0.24239136046485632, 0.6337779164418896, 0.1709000538469816, 0.4307562285809762, 0.44577575090895083, 0.16909015182050008, 0.5164262265622983, -0.000537540077863499]], "inverted": true, "swapped": false, "error_lsq": 0.034374276465577495, "error_max": 0.27072433698128334, "target": "465.xyz", "model": "19.xyz", "model_rescale": 4.410303926677745, "target_rescale": 4.028569073804362},
{"mapping": [11, 6, 0, 10, 3, 5, 4, 7, 9, 12, 2, 8, 7, 13], "R": [[0.15358087053585345, 0.21563214733484687, 0.9643213640904222], [0.053197153884902065, 0.9726798170512925, -0.22597353013043503], [-0.9867030855449861, 0.08600436347550897, 0.13791399653108846]], "T": [0.06043367301241613, -0.03912735311507982, -0.03469720409034071], "aligned_model": [[-0.5466146753522434, 0.12484806368884317, 0.7619991993974623, -0.46229043234461825, 0.43465085546058174, -0.03253317989999559, 0.023299081699910254, 0.06355778867562716, -0.6135405945726317, -0.44498948365778584, 0.4740473798291915, -0.33269470904627224, 0.06355778867562716, 0.010723812987456713], [-0.5587260955186509, -0.473989090747157, -0.09750837786922684, 0.2831425569765496, 0.0457452807934425, 0.7032714540833012, -0.7306825837564558, 0.14208022466819306, 0.08968465827085814, -0.24104693370920421, -0.36354342264645895, 0.5776664844930205, 0.14208022466819306, 0.021046999896990347], [-0.25524827331025357, -0.41318350317649494, -0.167199432975262, -0.5806235981540945, -0.6501001875705913, -0.40788870760879437, 0.08966428558571884, 0.6537846174684824, 0.02028351202469187, 0.48918336718787636, 0.36815095975950246, 0.20210021674838227, 0.6537846174684824, -0.03430544510844577]], "inverted": true, "swapped": false, "error_lsq": 0.05161748807456049, "error_max": 0.35909099144921114, "target": "465.xyz", "model": "20.xyz", "model_rescale": 4.121658175737393, "target_rescale": 4.028569073804362},
{"mapping": [4, 3, 0, 1, 6, 5, 8, 2, 11, 12, 7, 10, 13], "R": [[0.5100591828908669, -0.8511720879600941, -0.12387778907598856], [-0.7148180267165096, -0.4995692378283648, 0.48935239377845297], [-0.4784086314332304, -0.1610486053750253, -0.8632430295559548]], "T": [0.04698544369679558, -0.01104391528850613, -0.0025322998111370933], "aligned_model": [[0.24265733617797663, -0.23670232220611787, 0.27875528683177514, 0.5169247261344785, 0.6664692243883805, -0.4129540353325984, -0.42596322953815635, 0.6205157265703763, -0.676250549451093, -0.2629332009064246, 0.09820654348397787, 0.42642189370529615, 0.045935504806423735], [-0.679441217451321, -0.04525818410495614, 0.38307833201008823, -0.13622285252838146, 0.30505486896276324, -0.572625281308386, 0.4270379899681023, -0.4287521042894096, -0.0645123420069291, -0.006986886889992834, 0.45268434826018583, -0.16756106854186217, 0.07433130208328181], [0.3517973197541127, 0.7580926967535162, 0.541358730234607, 0.5101867240305765, -0.14563267831369425, 0.14868692931968405, 0.11545118433769494, -0.11854074486997054, -0.12575561989935996, -0.6631217495886567, -0.5083138715177986, -0.5329403572973149, 0.03884117653839256]], "inverted": false, "swapped": true, "error_lsq": 0.05832135520813332, "error_max": 0.35221903253243336, "target": "465.xyz", "model": "21.xyz", "model_rescale": 4.08911054899281, "target_rescale": 4.028569073804362},
{"mapping": [2, 1, 11, 0, 8, 6, 15, 14, 13, 3, 9, 7, 12, 16], "R": [[0.4280990533299456, -0.892865264188367, -0.13972408719988905], [-0.3036681176798275, -0.2877368234637676, 0.908291360042454], [-0.8511855701565875, -0.3464089208274209, -0.3943145758507878]], "T": [0.022371419533322202, 0.0012808926677191981, -0.007143636841385918], "aligned_model": [[-0.35393237073859285, 0.025118641537753308, 0.6194778786348559, -0.4769653796424743, 0.4344325959219464, 0.09750011374146109, 0.19142687363824176, -0.03558206606283421, -0.5174941893402678, -0.6093984100705456, 0.4921835800308603, -0.23320343452502487, -0.08839904119828315, -0.021143896385942697], [-0.5929389870621591, -0.4039584373765228, -0.3888660058630259, 0.2785670937971906, 0.07343806728808633, 0.5782430248652929, -0.7025122058445058, -0.28892335436732336, 0.23350439647409982, -0.29300756127345823, 0.06781684672136529, 0.6616105662761942, 0.2976070249341399, 0.01864091103402127], [-0.1700915467207462, -0.6896184857718001, -0.2848886715846131, -0.5304547506459094, -0.5601001876879259, -0.47301326009233163, 0.08004894207513713, 0.562281928493666, 0.2950935790399049, 0.5110648265917086, 0.5242668563080484, 0.05950772574493324, 0.6598572884948662, -0.015551815905738174]], "inverted": true, "swapped": false, "error_lsq": 0.045007317730624496, "error_max": 0.30362791335158734, "target": "465.xyz", "model": "22.xyz", "model_rescale": 4.204369325754507, "target_rescale": 4.028569073804362},
{"mapping": [14, 11, 5, 13, 9, 7, 2, 1, 12, 3, 6, 4, 0, 15], "R": [[-0.23490093590051606, -0.3633784479810871, 0.9015418203588328], [0.9386705905552575, -0.3256656407426821, 0.1133111330201168], [0.2524263709276548, 0.8728676841208607, 0.4175918261625572]], "T": [-0.08773181418214816, 0.01382139468086542, -0.005087870849630041], "aligned_model": [[-0.6752692070855519, -0.007906872394385825, 0.6805049036520876, -0.39542624487338, 0.3432103387260525, 0.1629585278970886, 0.36913100441811386, -0.09430689858413772, -0.5914559788337908, -0.6127810671332841, 0.49491772478020357, -0.2219186721518216, 0.1460938720116562, -0.07373053488769708], [-0.3824324575789849, -0.39883460182131236, -0.2669724256860667, 0.11717250786115466, 0.11734955886212653, 0.5719577584573013, -0.6828533343438506, -0.1514864940387355, 0.13803604162870892, -0.4958763567767439, -0.11077782246721386, 0.7111885377145968, 0.3959507610380841, -0.02320029324566935], [-0.31737245033713124, -0.5903708871068859, -0.15418454611065474, -0.5932821670630162, -0.631650419223404, -0.35331725036829703, 0.24239136046485632, 0.6337779164418896, 0.1709000538469816, 0.4307562285809762, 0.44577575090895083, 0.16909015182050008, 0.5164262265622983, -0.000537540077863499]], "inverted": true, "swapped": false, "error_lsq": 0.034374276465577495, "error_max": 0.27072433698128334, "target": "465.xyz", "model": "23.xyz", "model_rescale": 4.410303926677745, "target_rescale": 4.028569073804362},
{"mapping": [9, 10, 3, 11, 1, 7, 4, 5, 14, 15, 2, 13, 12, 16], "R": [[0.28853489159601303, 0.38962338697249277, 0.8746091885269447], [-0.0992705373749464, -0.896362804153575, 0.432063749624091], [0.9523092862830682, -0.2114883912984896, -0.21995382152854398]], "T": [-0.112482668996161, -0.010246815490650863, 0.0022095404922260714], "aligned_model": [[-0.5638917823426806, -0.04362691674807603, 0.7040831389350116, -0.3898670145827839, 0.4046392403665797, 0.09361456290436129, 0.23578021074178496, 0.01883419793313723, -0.7697194160367022, -0.6332973092009684, 0.6872095897852056, -0.3879538240098514, 0.16912624484616956, -0.0009100270500343871], [-0.3853489021151806, -0.4713840440347979, -0.3342672142826291, 0.13023329684710716, 0.1670046956183567, 0.5771520535867508, -0.5749506545781993, -0.17210713350878346, 0.1515731582770705, -0.32844701517704017, -0.2586213941229197, 0.6054470514658487, 0.4666946604404635, -0.03375717881265268], [-0.21676128091103103, -0.45209794140586956, -0.1913932671280669, -0.5491929889468532, -0.6592299368879377, -0.23106582531357375, 0.1858039677158421, 0.5956395290661729, 0.00017374973253473812, 0.3720945689843621, 0.36510940424637317, 0.20025834451969957, 0.5847892199909972, -0.035725115323449505]], "inverted": true, "swapped": false, "error_lsq": 0.03756455857608675, "error_max": 0.23375446858278487, "target": "465.xyz", "model": "24.xyz", "model_rescale": 4.28219845311461, "target_rescale": 4.028569073804362},
{"mapping": [2, 13, 12, 4, 7, 3, 14, 10, 0, 6, 11, 1, 8, 15], "R": [[-0.1687527642686004, 0.5244662248148824, -0.83454040260501], [0.2647711303094186, 0.839684022090557, 0.47415924708951773], [0.9494307521385535, -0.14094652203673136, -0.280562514993308]], "T": [0.06738276913815999, 0.02372662358441261, -0.04659246799844583], "aligned_model": [[-0.3863680192285487, 0.1785602454230858, 0.6439450390277317, -0.3994711724874135, 0.2792359222018042, 0.05070100587578802, 0.08747100574811567, 0.14045283986060714, -0.7453769496062441, -0.5558734796628563, 0.4914630785551897, -0.18429638439255108, -0.06997860944052542, -0.006443626333029959], [-0.47031440170647865, -0.36141016372113005, -0.47485022069290156, 0.25327702653619205, 0.17478682470103243, 0.7385621034965717, -0.6709385457681472, -0.2480174521502597, 0.08851079368248091, -0.23690377633736362, -0.12247646865769563, 0.5853368387382506, 0.2549500189379091, 0.028708802544934166], [-0.18375555258768522, -0.48502796013826405, -0.10504740383181974, -0.5604042844439744, -0.7799716761341986, -0.3445476664646517, 0.26514683034700043, 0.6953783810890393, -0.018685068853627924, 0.5499145126213308, 0.26204586117049666, 0.12984156715236012, 0.5934181960103563, -0.04990330759716234]], "inverted": true, "swapped": false, "error_lsq": 0.04495007143239034, "error_max": 0.2524903687261665, "target": "465.xyz", "model": "25.xyz", "model_rescale": 4.100010024507729, "target_rescale": 4.028569073804362},
{"mapping": [3, 5, 2, 12, 0, 6, 1, 7, 11, 9, 8, 13], "R": [[0.6613706308135193, 0.04454809064874801, 0.7487351710163469], [-0.2855091119744083, -0.9081351696044672, 0.30622713907661786], [0.6935945758704519, -0.416300349924206, -0.5878950441839694]], "T": [0.052623983023551424, -0.017419177133944093, 0.04717232361527065], "aligned_model": [[-0.7393502893506158, -0.11687144976942937, 0.33739879162571296, 0.6287708565535145, -0.4776991023710302, 0.2787913087741255, -0.33145056166249875, 0.494133213552198, 0.029547803514318294, -0.011902237227146062, -0.21589986437353526, 0.0012971330973929746], [-0.19819373867163076, -0.7392612655121527, -0.018863723550594104, -0.2090322099633828, 0.44754927837075814, 0.6003555918939466, 0.1679579241965967, 0.3779313563364099, -0.4891685616267089, 0.6153784569831903, 0.05980066025671749, 0.05167762133748922], [0.029936897572530617, 0.04788506312640877, 0.7073058688375119, -0.35752963175564473, 0.13336292083950868, 0.31430335848021307, 0.6106575207076504, -0.3024704323486748, -0.5167719725912571, -0.5630889867290382, -0.5456584666211043, 0.007260150336252338]], "inverted": false, "swapped": true, "error_lsq": 0.04836081257546276, "error_max": 0.2714643300946149, "target": "465.xyz", "model": "26.xyz", "model_rescale": 3.6694154284099745, "target_rescale": 4.028569073804362},
{"mapping": [10, 8, 7, 4, 5, 0, 9, 12, 2, 11, 3, 2, 6, 13], "R": [[-0.5674550494388895, -0.21129836276517952, 0.7958314952042688], [0.47180866412875144, 0.7086744223870762, 0.5245733004141431], [-0.6748269047091634, 0.673151962744742, -0.3024484811229031]], "T": [0.0457159989690899, -0.05524018982607455, -0.0721741561055023], "aligned_model": [[-0.45253937154084284, 0.038755808303275976, 0.6387697956759593, -0.4954966217492473, 0.5107734129925741, -0.05378964732847347, 0.07122138095738723, -0.07214793241641651, -0.449867481314495, -0.5853206604713199, 0.6150189860721689, -0.449867481314495, 0.204403202085279, 0.004107505589798902], [-0.3612315566911733, -0.44415100539846336, -0.25498080417040386, 0.10197464678919001, 0.29113688634215856, 0.5451819604038549, -0.6962597965645168, -0.12570249134702333, 0.34227908040989374, -0.2774750424835092, -0.2798170176498636, 0.34227908040989374, 0.376627235018507, -0.02063979546515022], [-0.21360113038790296, -0.5791821695596923, -0.1394006829484139, -0.6704240741265172, -0.6104334082211401, -0.3300989726728765, 0.1587086599221889, 0.7094113933388133, 0.16970409852759943, 0.46502215247433926, 0.45535838091345554, 0.16970409852759943, 0.43723661206657166, -0.05360252951482476]], "inverted": true, "swapped": false, "error_lsq": 0.045296016938734515, "error_max": 0.36613672290601007, "target": "465.xyz", "model": "27.xyz", "model_rescale": 4.103607728864725, "target_rescale": 4.028569073804362},
