[{"mapping": [4, 7, 1, 9, 2, 5, 12, 13, 10, 11, 8, 14], "R": [[0.5977345400543259, -0.13729672910529375, -0.7898500033569862], [-0.32823135045401985, 0.8569549015591515, -0.39735686388041125], [0.7314216295715994, 0.4967674555269628, 0.46716645312360927]], "T": [-0.0006426282756677257, -0.12349537259996818, -0.012486553215600375], "aligned_model": [[-0.32949852542563374, 0.2343717274243131, 0.4117675521205027, -0.08137609269130781, -0.17466609592286444, -0.6638599817538325, 0.3745304496974707, -0.24544747643759615, 0.5643959681073548, 0.16074816160063224, -0.4187676502255383, 0.005444425967048175], [-0.3088121083359534, -0.7324401607451059, -0.16803628415790378, 0.5575811278504943, 0.35858468974318497, -0.5410066671064377, -0.39487030836637876, -0.5117823981103663, 0.3711879348450913, 0.2530665464729112, 0.24575387132131038, -0.07567120743378956], [-0.49928849479599424, -0.022291431881763878, -0.3526818036524416, -0.08533757710092751, -0.7174867604433659, -0.0070484678082861005, 0.6226852000787905, 0.6323741399783914, -0.11827786875556204, 0.5077518608137079, 0.2581873965840538, -0.036634447663039804]], "inverted": false, "swapped": true, "error_lsq": 0.043545261394969094, "error_max": 0.2812467074235608, "target": "466.xyz", "model": "0.xyz", "model_rescale": 3.751011558992144, "target_rescale": 4.193295763035132},
{"mapping": [2, 13, 12, 12, 9, 10, 11, 5, 6, 7, 0, 1, 8, 4, 14], "R": [[-0.8277076611630735, -0.341631247196779, -0.44518324158791944], [0.5482035223256372, -0.6617582570357375, -0.5114185246496135], [-0.11988713759915706, -0.6673560520320438, 0.735025832236177]], "T": [0.036187878004297305, 0.005849318986927619, -0.017996653312160386], "aligned_model": [[0.5336126416145324, -0.10204211048574664, -0.6137582626247913, -0.6137582626247913, -0.2948502143766055, -0.09507777441884589, -0.699965625655322, 0.26165355938896356, -0.32491776375568526, -0.2897698656078906, 0.3026479232760631, 0.2814441217514806, 0.6832562082181091, 0.44650402978541753, -0.014479984268920998], [-0.3256072353721028, -0.5631809597681973, -0.02256158723331216, -0.02256158723331216, -0.5427192915256941, -0.25067499452391184, 0.05140941818038888, -0.5759775099137671, 0.5702986086900506, 0.5308166295646298, 0.43852803036189913, 0.6574990909882531, -0.08169149668317387, 0.22136834316988968, -0.013849138087186519], [-0.5893487856332441, -0.44764675565415424, -0.37679734835929757, -0.37679734835929757, 0.13587303924410046, 0.7497392082968826, 0.28652475043119646, 0.008999914705462794, 0.32071481698799315, -0.2584917592941942, -0.5812840537536648, 0.011794267947158207, 0.1005673959017374, 0.6229137739025671, -0.024964505558653035]], "inverted": false, "swapped": false, "error_lsq": 0.057150033507070624, "error_max": 0.4627184210289432, "target": "466.xyz", "model": "1.xyz", "model_rescale": 3.9405287249114394, "target_rescale": 4.193295763035132},
{"mapping": [6, 2, 4, 11, 10, 5, 8, 9, 0, 7, 12, 13, 14], "R": [[0.03593618197845394, 0.7210706509692385, -0.6919289754993723], [-0.8972851117378221, 0.3281139819930283, 0.2953314122715758], [0.43998638510578497, 0.6102444847202456, 0.6587971233923737]], "T": [-0.054134014941283934, -0.07598218281091709, -0.055079655642657974], "aligned_model": [[-0.31799052379412046, 0.24582016915070498, -0.4014579841838958, 0.3851974546981268, 0.6402417771812708, -0.7327074174134087, 0.09167762403503911, 0.5036180894400052, 0.12318522142837908, -0.48103724891609434, -0.07837911296792341, -0.47156324442519615, -0.010621524948955519], [0.6690243443226899, 0.5372520257571991, 0.27995761806289454, -0.21972057389362684, -0.27196778199732247, 0.27101490181186316, 0.3377103985226526, 0.32784110831869373, -0.8634252141648295, -0.5430600079921385, -0.7316964133218242, -0.2836571356761892, -0.050440676178044735], [0.07525633933909821, -0.5970039482144814, -0.4185869354928144, 0.4190732818130805, -0.28875442265158413, 0.12749545900509796, 0.3831387137872048, -0.01596823757792591, -0.24421263613857563, -0.21549652534684638, 0.37769438875961486, 0.5845807963276101, -0.07409592402083438]], "inverted": false, "swapped": true, "error_lsq": 0.050759585096743394, "error_max": 0.33310493236782307, "target": "466.xyz", "model": "2.xyz", "model_rescale": 3.932901565614263, "target_rescale": 4.193295763035132},
{"mapping": [4, 2, 6, 3, 5, 13, 8, 7, 0, 12, 9, 10, 11, 14], "R": [[0.36774401144856605, -0.8794821280174937, 0.3021184015275107], [0.09981883851857748, 0.3603394246547319, 0.9274652007036701], [-0.924554239361066, -0.3109126654501517, 0.22030155002215246]], "T": [-0.004493328118922554, -0.08754862270981065, 0.04504963397311969], "aligned_model": [[-0.1682937943726597, 0.4737591329292634, 0.1937717615224831, -0.06975886691741232, -0.3519285034730978, -0.3483925242175582, 0.41257032998238974, -0.6342653816669819, -0.3073866743616491, -0.2955885863774118, 0.6790683199540012, 0.42700418852852445, 0.36745326002433754, 0.041797250498475075], [-0.00864261214213731, 0.3144700647169729, -0.5268139284244439, 0.5865654880222534, -0.6089827527894344, -0.7422253947409386, -0.5409228269305435, 0.03260750026751341, 0.3832550348970932, -0.2769194332748266, -0.032941233029571054, 0.4388747297188267, -0.2926488081966646, -0.06217918974361131], [-0.5435146129124211, -0.562705419031728, -0.5947779988691044, -0.4738866449996877, -0.4256920772472328, 0.3273140642075145, -0.025289979727342066, 0.16789630556327811, 0.6565064683544788, 0.7502053594029746, -0.028787143446264166, 0.3795049219502066, 0.5530688490293239, 0.03405427078310082]], "inverted": true, "swapped": true, "error_lsq": 0.049901254659770675, "error_max": 0.3688198065863013, "target": "466.xyz", "model": "3.xyz", "model_rescale": 3.9243930471874484, "target_rescale": 4.193295763035132},
{"mapping": [2, 4, 6, 9, 8, 3, 10, 5, 13, 7, 11, 0, 14], "R": [[-0.18437268121800243, 0.7814898909273233, 0.5960539109836331], [0.5833409577966129, -0.4010763485407184, 0.7062939116247389], [0.7910246781089798, 0.4779239615458137, -0.38192753972833704]], "T": [-0.013048606655004416, 0.005169223870776368, -0.025293620976300266], "aligned_model": [[-0.030358013663665098, -0.13702033919368947, 0.4970288781623706, 0.33980046977685574, 0.6008722593578131, -0.5701538428499555, -0.21416087130942651, 0.24034420345698704, 0.3068297203422425, -0.48045881407513946, 0.33832584747695327, -0.6073580801206546, -0.006485531049339015], [-0.7542596006569704, -0.06429768254587086, -0.06550172880736801, -0.578634171156302, -0.08076464617605555, -0.4617176565267367, -0.5444544365114673, 0.45102973131684976, 0.719106953782324, 0.4602774114889051, -0.036940528389292265, 0.1322306259643152, -0.0482447181007437], [-0.4527031329169434, -0.6246849642611767, -0.6388643424530608, 0.07649777669354767, -0.03772203479333318, -0.47209859318870506, 0.45703373825656424, -0.6179174506114442, 0.0951734501100391, -0.04865755904911027, 0.5343997192847216, 0.5385605918951062, -0.02194688359524098]], "inverted": false, "swapped": true, "error_lsq": 0.04977956031662646, "error_max": 0.28911626587317074, "target": "466.xyz", "model": "4.xyz", "model_rescale": 3.8936222436046832, "target_rescale": 4.193295763035132},
{"mapping": [2, 1, 9, 6, 11, 12, 7, 13, 5, 4, 8, 14], "R": [[0.6797980829812829, 0.24213314321079488, -0.6922760340599938], [-0.3323054299010257, -0.7397792897081729, -0.5850638458981772], [-0.6537948207452149, 0.6277723659717207, -0.42243838472492123]], "T": [-0.1852388835417867, -0.09758108535774188, -0.009648440516167964], "aligned_model": [[0.057106119175885484, -0.4530048124480041, -0.266251061077264, 0.5424259777023293, -0.5843976457185036, -0.646749770830302, -0.24055366390565447, -0.04895593913157348, 0.531570067070037, 0.30851774063496223, 0.02398538461331612, -0.19614435387013074], [-0.5162234529783952, -0.561846416823727, 0.06664990169711921, 0.08089011378070574, 0.4134378328759617, 0.24752292029337716, -0.3700984090505808, 0.44822491327416847, 0.027251500159322234, -0.4619918162930471, 0.4022686937944753, -0.1071628756195725], [-0.7347126540053397, -0.03326977477925018, -0.6745962380202181, -0.2930109911685693, -0.14390871449653092, 0.524910514678535, 0.5809582148818653, 0.5471857470210547, 0.28156327917218404, -0.06325664158063633, -0.3110009402794892, -0.06157708214808695]], "inverted": true, "swapped": true, "error_lsq": 0.05123478276645043, "error_max": 0.26074620656437014, "target": "466.xyz", "model": "5.xyz", "model_rescale": 3.6523030999806103, "target_rescale": 4.193295763035132},
{"mapping": [2, 4, 6, 9, 8, 1, 5, 10, 7, 12, 13, 11, 14], "R": [[0.20847862899545533, -0.9751163348183511, 0.0753975783603208], [0.012000522771897726, -0.07453526442283645, -0.9971461687288473], [0.9779532957689628, 0.20878847652072005, -0.0038371039574496]], "T": [0.0022118907126529586, -0.08278549110261887, -0.007794807714658784], "aligned_model": [[0.2779333137681681, -0.24988691961832685, 0.22516625668531495, 0.6327973754936883, 0.5105889092031459, -0.22237099336089786, -0.254196374303436, 0.32045774262607096, -0.6162179261954854, -0.1374418753746799, -0.12042550304556628, 0.47617387858396043, 0.03850502020233797], [-0.44934461275108906, 0.002283979982452111, 0.42169426257052445, -0.2774619866921083, 0.26627609429042165, -0.5682335196081559, 0.59090810653022, -0.7523718241911009, -0.07683314626006013, 0.018148889035887336, 0.5604149581002861, -0.0793316989777503, -0.11532259786634394], [0.7333683006471035, 0.5477895683072035, 0.5730958731807929, 0.19258825512250516, 0.05660039312185645, 0.033455621590888565, 0.2997669745469018, -0.16762507015571912, -0.21672247268438793, -0.7747051198795251, -0.45253607326948164, -0.4702253200703126, 0.0152588090239635]], "inverted": true, "swapped": true, "error_lsq": 0.04657346470797254, "error_max": 0.2868833338543285, "target": "466.xyz", "model": "6.xyz", "model_rescale": 4.08911054899281, "target_rescale": 4.193295763035132},
{"mapping": [12, 11, 1, 1, 9, 3, 0, 10, 6, 2, 13, 7, 5, 4, 14], "R": [[-0.15429207736190642, 0.9825941478922045, 0.10345383217329313], [0.7158532399670611, 0.18334376809381647, -0.6737501031761124], [-0.680990523937014, -0.029896542093580725, -0.7316816951918628]], "T": [0.05942558251448335, -0.050725328336939, -0.0050487604557408645], "aligned_model": [[0.5515002900240119, 0.03608505430335646, -0.5926943684903566, -0.5926943684903566, -0.519609155174171, -0.30787785495705233, -0.7364506809758816, 0.5459304086505922, -0.08586909278200647, -0.3500117072698813, 0.06463476527528388, 0.3548331997206837, 0.7837707321056173, 0.3683733965560415, -0.05942199827991497], [-0.11296061196777407, -0.4693548538907724, -0.03237108560055519, -0.03237108560055519, -0.5695175467372882, -0.06796851672095339, 0.2689495391350253, -0.5783569311927588, 0.3235163716997138, 0.6171830567583366, 0.20523366923410524, 0.6608302319240924, 0.10489871461033784, -0.0840884392373954, -0.16252619179910605], [-0.5168994903682794, -0.4158231547825471, -0.34023341125349743, -0.34023341125349743, 0.09560269052667601, 0.6958380303612357, 0.3810148812191593, -0.06980093660493412, 0.2915580057139453, -0.19583407997668728, -0.6908711706531725, -0.08062646150317569, 0.17273338460913829, 0.6276341306771246, -0.03226239590689585]], "inverted": false, "swapped": false, "error_lsq": 0.054145872127153445, "error_max": 0.4603418278435387, "target": "466.xyz", "model": "7.xyz", "model_rescale": 3.964800864290218, "target_rescale": 4.193295763035132},
{"mapping": [2, 6, 9, 3, 10, 5, 1, 8, 13, 12, 7, 0, 11, 14], "R": [[-0.21729136191632958, -0.9381764223262692, -0.269461434397631], [-0.39447168245170583, -0.1681092580197462, 0.9033998943500997], [-0.8928474426128283, 0.3025958987810847, -0.33355534212571125]], "T": [0.0008991761349680001, -0.051105808444520534, 0.0902376409376807], "aligned_model": [[-0.1900334421481888, 0.12312214356921343, 0.38936193341528563, -0.678225876687346, 0.11127529114950176, -0.1157615482021244, -0.3697393500020904, 0.5236776514308331, 0.2940410562187891, 0.22861726595099546, -0.43717378936944346, -0.22229412827129602, 0.5929245676412327, 0.011396114765510567], [0.0030386903563588696, -0.7147157511661473, 0.13217715174659153, 0.10867769401822394, 0.6623480111286606, -0.8216526485928531, 0.3312646332181829, -0.31399666317789277, -0.4551497089252867, 0.16326807161658688, -0.06040652483325456, 0.5894526342146765, 0.21303804396373707, -0.02639516738638171], [-0.7584812492238768, -0.3414171337099947, -0.44938667850437064, -0.4009269765244382, -0.1420827264038259, 0.1730045081159846, 0.025285455430054712, -0.11477208927542117, 0.7045322820628857, 0.8113691556416344, 0.5741252431850299, 0.5668397327627847, 0.22524813842307762, 0.04347737674549696]], "inverted": true, "swapped": true, "error_lsq": 0.05002013258177249, "error_max": 0.344349911499827, "target": "466.xyz", "model": "8.xyz", "model_rescale": 4.121658175737393, "target_rescale": 4.193295763035132},
{"mapping": [7, 12, 13, 5, 0, 1, 11, 9, 8, 10, 4, 6, 14], "R": [[0.2585912076367091, -0.7654231583021986, -0.5892859883517305], [0.6297229028578162, 0.596168994524287, -0.4980277056391804], [0.732515974535241, -0.24230129736051373, 0.6361685534102562]], "T": [-0.07205121786501006, 0.023727525118366864, 0.012398558317852984], "aligned_model": [[-0.5555589216044965, -0.18534536867152124, 0.20948954477852294, 0.19985451865832565, -0.7058985164407954, -0.5523239672214515, 0.24434531072174687, 0.29758211265715767, 0.5444559565531555, -0.28047140413265875, -0.15452803056624567, 0.4786333391234328, -0.06349707741997523], [0.17293955164244162, -0.4309939729107413, 0.04912515856825702, 0.6867476608484686, -0.4651829198668477, -0.059322670308071986, -0.5490156713973519, -0.22451535770549427, -0.01588836520835222, -0.5579065731690754, 0.5981277579975242, 0.5780891317748988, 0.008183709146054242], [-0.4000304775234775, -0.6186601909316347, -0.7269466253921484, -0.3048932345638505, -0.20320316337834904, 0.23654049857409737, -0.08934789581044594, 0.539121479328444, 0.06519448942728796, 0.45221078436036266, 0.21910262648199486, 0.18867159109144394, 0.06331555229536379]], "inverted": true, "swapped": true, "error_lsq": 0.04214101742540572, "error_max": 0.2529868803808917, "target": "466.xyz", "model": "9.xyz", "model_rescale": 3.833441315466971, "target_rescale": 4.193295763035132},
{"mapping": [3, 4, 1, 6, 12, 10, 0, 7, 13, 5, 4, 2, 9, 8, 14], "R": [[-0.3395465122110596, 0.8119979010057482, 0.47472894877768296], [-0.6625869574977316, -0.564717861764852, 0.4920083946007758], [0.6675977005646468, -0.14748947544144525, 0.7297671990674858]], "T": [-0.09235905109026132, -0.10278381529524365, 0.042026276191567735], "aligned_model": [[0.6105780775754232, -0.02503517811618569, -0.7924835732755572, -0.38883879641344093, -0.5299367260721886, -0.26565733613095843, -0.5955332813367913, 0.392644295330425, -0.12026220030428192, -0.22417502930423466, -0.02503517811618569, 0.36499014937479074, 0.6948126849969883, 0.36377396665035294, 0.0006567453578107812], [-0.027307274648331964, 0.0013271190227716473, 0.018934430762193408, -0.3942783142496394, -0.5127342290396615, -0.14971318677464246, 0.2712772322016308, -0.5543066551932471, 0.6515075543415476, 0.49368190877105017, 0.0013271190227716473, 0.45116424952719497, 0.017978090321735987, -0.10633228212937983, -0.0914294413215408], [-0.4624581484469439, -0.745717965027268, -0.1595159152357794, -0.4949656099085331, 0.10107281664030277, 0.8442229366273812, 0.3079529361281362, -0.027348472766490634, 0.2988384358920937, -0.24829835136967732, -0.745717965027268, 0.017056189265656108, 0.1959332175225409, 0.6740780469245572, 0.026664459585884665]], "inverted": false, "swapped": false, "error_lsq": 0.05224771648214289, "error_max": 0.38649851623324805, "target": "466.xyz", "model": "10.xyz", "model_rescale": 4.2482417240324, "target_rescale": 4.193295763035132},
{"mapping": [0, 7, 13, 5, 10, 9, 11, 6, 4, 2, 3, 14], "R": [[0.3987623820312677, -0.17153757285064292, -0.9008681500515267], [0.4838642403774155, -0.7951260678058567, 0.3655816368194427], [-0.7790147364207792, -0.5816780874299001, -0.2340654674298568]], "T": [-0.01803835251148547, 0.01119615282289016, 0.05598502349355073], "aligned_model": [[-0.7436127803292107, -0.20015257089287278, 0.3896245938653147, 0.6621749708413864, -0.6303752275571942, -0.00960807917169115, -0.09375790476523199, 0.6924169971392429, 0.21255526457394178, -0.03839545302372713, -0.33113316279217153, -0.03297104552477932], [-0.3136217286691612, -0.6133967624191992, -0.4282514945857574, -0.32824283497673995, 0.4504661561863157, 0.7006789524597177, 0.2971167764931809, 0.23924802324194197, -0.07223414875085388, 0.5967932355378394, 0.07678493427954383, 0.06079028125381161], [0.2911764712245943, 0.002508489082780091, 0.572935919448209, -0.1345235591549744, 0.14117544616715424, 0.0712415932233243, 0.6484458405531768, -0.23537042072296305, -0.5091084134700763, -0.5892841383036028, -0.7349979333387786, 0.040992995145513036]], "inverted": true, "swapped": true, "error_lsq": 0.05850821798105905, "error_max": 0.3123738031395969, "target": "466.xyz", "model": "11.xyz", "model_rescale": 3.6694154284099745, "target_rescale": 4.193295763035132},
{"mapping": [13, 5, 4, 6, 8, 12, 11, 0, 2, 10, 1, 9, 7, 14], "R": [[0.5822371687435394, -0.8034227038795354, -0.12454653035875257], [0.8104729695961619, 0.5614491058128065, 0.16705827467078388], [-0.06429187263944211, -0.19820913317225447, 0.978048922416265]], "T": [0.010827687984568353, 0.07349824051800441, -0.02814803439890536], "aligned_model": [[-0.1549391549792744, 0.03363132393397363, 0.024764796599253056, 0.5404485541392126, 0.5586284294064402, -0.4033371181859899, 0.24992587584919415, -0.6131653248786275, 0.48572626684577397, 0.10358741492135165, -0.266431532319631, 0.6188546257995386, -0.6258087729692642, 0.04637946609385885], [-0.41378606448891775, 0.31308851645851604, 0.6539722166180673, 0.41981263366969007, -0.12333741642554913, -0.5927216742937895, -0.5210545444547645, -0.218631234610551, 0.7193002439205645, -0.05521983647696538, 0.28964118843103037, 0.06362552527075403, 0.10865444136016447, 0.08764329315800465], [-0.6294939426394572, -0.773989174072886, -0.23386712450635597, -0.5192799245803031, -0.2417083234753354, -0.07775538082060407, 0.13868396440663638, 0.432908375582405, 0.31408252850974633, 0.713471330386215, 0.3770783331296319, 0.297268830266308, -0.1681469492746522, 0.009842916741067003]], "inverted": true, "swapped": true, "error_lsq": 0.046118423437329255, "error_max": 0.28325296867429983, "target": "466.xyz", "model": "12.xyz", "model_rescale": 3.9764082729961374, "target_rescale": 4.193295763035132},
{"mapping": [10, 8, 3, 3, 7, 0, 4, 1, 6, 14, 11, 13, 12, 9, 15], "R": [[-0.2621543198173995, 0.9415808219880869, -0.21142532550599427], [-0.7766051536371091, -0.33589672193892245, -0.5329707567352722], [-0.5728521169947433, 0.024473411182858562, 0.819293295590606]], "T": [0.04228992504300841, 0.018320774844482964, 0.1096387043254885], "aligned_model": [[0.5731516160397804, -0.032247297808299685, -0.5736918136815407, -0.5736918136815407, -0.5687084897893875, -0.17087192982782104, -0.5199987081286372, 0.48302809669427604, -0.19453603794302096, -0.2681633284577134, 0.06747516336668061, 0.30430006282817224, 0.6700904178429115, 0.3275229404710963, -0.06316025770898909], [-0.19427611229793862, -0.4138593382332392, -0.06754235992165983, -0.06754235992165983, -0.41480193320229936, -0.42665825936485297, 0.11749044847431586, -0.4334955348098722, 0.7300373761850202, 0.5773676119035259, 0.1546952137942824, 0.5295945415945188, 0.125760890556536, -0.18355343008084696, 0.037879565938623086], [-0.4552819339660027, -0.4447234416750214, -0.45749220380739053, -0.45749220380739053, 0.21023371299645272, 0.6422395081592936, 0.5453686558061539, 0.03939295967989956, 0.2546619725662995, -0.36983335006367596, -0.6722259993932035, -0.10114642161542886, 0.14883944059724516, 0.5989116943966637, 0.10034422093069857]], "inverted": true, "swapped": false, "error_lsq": 0.050467954261817334, "error_max": 0.3987738947374858, "target": "466.xyz", "model": "13.xyz", "model_rescale": 4.170626492500431, "target_rescale": 4.193295763035132},
{"mapping": [4, 2, 5, 8, 7, 12, 13, 3, 1, 9, 1, 11, 0, 14], "R": [[0.1708211017542803, 0.7356735823790881, 0.6554422410746602], [-0.9317182729482425, 0.336991280323293, -0.13541763858675082], [-0.32050149929414984, -0.5875553226510564, 0.743005741414301]], "T": [-0.07574671401908539, 0.01739969114324641, 0.06167842369802412], "aligned_model": [[0.2003289029200988, 0.2446195130285611, -0.2916298691873395, -0.6232866475005078, 0.2446359698611198, -0.3027191719542197, -0.5940168710393094, 0.6751697208080957, 0.42228739136953297, -0.2732279228363407, 0.42228739136953297, -0.5250073036648957, 0.31212104204263713, -0.06837912312532184], [-0.306673741165213, -0.7885648615353471, -0.037847557236880505, -0.2732428180598934, 0.5232084748677415, 0.7462416834176815, 0.5199923189736089, -0.38089777475937364, 0.054523616646794754, -0.5063419527757242, 0.054523616646794754, 0.15367006769426367, 0.6220144510563199, -0.02453105584510746], [-0.3835443162468874, 0.14826518010323797, -0.6896834841925543, 0.07451891840903557, -0.19842549441303603, 0.24906893577760703, -0.2628801015061917, -0.012266982101585777, 0.25759346176698994, 0.46465016714000595, 0.25759346176698994, 0.5286786168995028, 0.47553772277046036, 0.09476701494729246]], "inverted": true, "swapped": true, "error_lsq": 0.052322809572220665, "error_max": 0.3861483646578271, "target": "466.xyz", "model": "14.xyz", "model_rescale": 3.9786697098870705, "target_rescale": 4.193295763035132},
{"mapping": [4, 7, 2, 6, 1, 10, 13, 11, 9, 8, 0, 14], "R": [[0.7250879500001992, -0.631815680996038, 0.2739642495144601], [-0.38910768740607093, -0.04764252427719595, 0.919959454259804], [-0.5681924606733251, -0.7736531103330546, -0.2803893587602469]], "T": [-0.04918919554800639, -0.040116471441973105, -0.035159329864708544], "aligned_model": [[0.05377681146298318, -0.6581240853191922, 0.6747517326921444, 0.35148342461101983, -0.09684490373882032, 0.25503809554730883, -0.5418724599133431, 0.057079483130696225, 0.6054269313781714, 0.31258726169971285, -0.5297096016053794, -0.0002380931779650472], [-0.3459001003980818, 0.015276459629985875, 0.014094987410411437, -0.7245954554816165, 0.3816987301426144, 0.6488837400202339, -0.4598900559943984, 0.15535798177872662, 0.08161318206010215, -0.36844485616585804, 0.6346364946430799, -0.018056617420760028], [-0.5599059331154936, -0.26378907693729015, -0.5175298266198591, -0.14737530995010792, -0.3631833035397809, 0.05370267815219265, 0.42046648175734647, 0.5885317631087497, 0.14470167549769836, 0.34662096295179473, -0.0021669421410438205, -0.04010667529037627]], "inverted": true, "swapped": true, "error_lsq": 0.05144142007298697, "error_max": 0.31488176734601747, "target": "466.xyz", "model": "15.xyz", "model_rescale": 3.769337070930944, "target_rescale": 4.193295763035132},
{"mapping": [7, 12, 4, 1, 5, 13, 6, 11, 9, 10, 14], "R": [[0.3331639786655249, -0.5124601696304324, -0.7914457264159726], [0.936875462180995, 0.27442180737512945, 0.2166957313841564], [0.10614203541907796, -0.8136812927549189, 0.5715388194495448]], "T": [-0.05141372147229455, 0.09707493796922723, -0.0013496257996507555], "aligned_model": [[-0.4079032356437893, -0.20879796020581984, 0.014130840003877147, -0.5602778033722169, 0.4462801885523872, 0.322178164189458, 0.6104714275623953, 0.09034311558942734, 0.1524715322242002, -0.4814114254979279, -0.05485871271082012], [-0.07289417591054059, -0.6638149017513788, 0.6324198853655534, 0.25912678151280105, 0.25880286339793945, -0.4735639813714026, 0.5359739315765123, -0.38001411780365424, 0.3005702679867919, 0.07465896912987571, 0.12479897549284451], [-0.5211258898330904, -0.12017388085455027, -0.29896401006007656, 0.04959548459258481, -0.5847425995564617, -0.4030234588923568, -0.10583970772806928, 0.4354396888504132, 0.6253168065307391, 0.6229671939198185, 0.044767980254826055]], "inverted": true, "swapped": true, "error_lsq": 0.0489183294211226, "error_max": 0.2603813727538753, "target": "466.xyz", "model": "16.xyz", "model_rescale": 3.7852294659196426, "target_rescale": 4.193295763035132},
{"mapping": [10, 6, 4, 2, 9, 8, 13, 5, 1, 0, 12, 7, 14], "R": [[0.15853861879547226, -0.8703258368990273, -0.466260060455999], [0.9554222380493319, 0.016104677523131154, 0.29480330120723164], [-0.2490659619282204, -0.4922129386636275, 0.8340818722528902]], "T": [-0.004655489812127175, 0.09209603009080791, -0.00758009288077289], "aligned_model": [[0.07797193138629875, -0.44718047452202636, 0.17735498377852318, -0.024730378105624416, -0.4299919921532661, -0.6190246474657523, -0.2538916284368856, -0.13814055901612163, 0.44460877429577, 0.5329516618770315, 0.040821711305520404, 0.5105228328778826, -0.01750636560506709], [-0.013634016626866544, -0.35470450059892955, -0.35226568370818145, -0.7627795561888612, -0.2805266412970422, 0.026234258233981053, 0.7163375463506068, 0.047906962643905315, -0.03806009751249542, 0.5483200533119739, 0.8677390028103733, 0.41668052680490847, 0.05380776947950121], [-0.7540155281316268, 0.4885886062593897, 0.3782689433672439, -0.1763858298535464, -0.4024618067743506, 0.043904762649914046, 0.41044552603632195, 0.7634137945046746, -0.27029640672424377, -0.4436054529395552, -0.12654291661320224, 0.22774487044233907, -0.043303865080184634]], "inverted": false, "swapped": true, "error_lsq": 0.0510220965719393, "error_max": 0.3489541342896008, "target": "466.xyz", "model": "17.xyz", "model_rescale": 3.901054581598922, "target_rescale": 4.193295763035132},
{"mapping": [2, 13, 12, 12, 9, 10, 11, 5, 6, 7, 0, 1, 8, 4, 14], "R": [[-0.8277076611630735, -0.341631247196779, -0.44518324158791944], [0.5482035223256372, -0.6617582570357375, -0.5114185246496135], [-0.11988713759915706, -0.6673560520320438, 0.735025832236177]], "T": [0.036187878004297305, 0.005849318986927619, -0.017996653312160386], "aligned_model": [[0.5336126416145324, -0.10204211048574664, -0.6137582626247913, -0.6137582626247913, -0.2948502143766055, -0.09507777441884589, -0.699965625655322, 0.26165355938896356, -0.32491776375568526, -0.2897698656078906, 0.3026479232760631, 0.2814441217514806, 0.6832562082181091, 0.44650402978541753, -0.014479984268920998], [-0.3256072353721028, -0.5631809597681973, -0.02256158723331216, -0.02256158723331216, -0.5427192915256941, -0.25067499452391184, 0.05140941818038888, -0.5759775099137671, 0.5702986086900506, 0.5308166295646298, 0.43852803036189913, 0.6574990909882531, -0.08169149668317387, 0.22136834316988968, -0.013849138087186519], [-0.5893487856332441, -0.44764675565415424, -0.37679734835929757, -0.37679734835929757, 0.13587303924410046, 0.7497392082968826, 0.28652475043119646, 0.008999914705462794, 0.32071481698799315, -0.2584917592941942, -0.5812840537536648, 0.011794267947158207, 0.1005673959017374, 0.6229137739025671, -0.024964505558653035]], "inverted": false, "swapped": false, "error_lsq": 0.057150033507070624, "error_max": 0.4627184210289432, "target": "466.xyz", "model": "18.xyz", "model_rescale": 3.9405287249114394, "target_rescale": 4.193295763035132},
{"mapping": [6, 0, 7, 4, 12, 14, 13, 1, 11, 9, 8, 5, 2, 10, 15], "R": [[0.6294368228016778, -0.5143874545010313, -0.5824215249742053], [0.4939189740348344, 0.8434783241899513, -0.2111595693074033], [0.5998777652069678, -0.1547574336620405, 0.784982040263746]], "T": [-0.11303978663540332, -0.09729581682767122, 0.012302258677588707], "aligned_model": [[0.4968586870353195, 0.014167027933846554, -0.5633479883285377, -0.568191240767226, -0.350000464196914, -0.2907903988982097, -0.6478358011331902, 0.3389367771875065, -0.10068149988416336, -0.30943223311268414, 0.08689479795820937, 0.3752284329830847, 0.7233360697989628, 0.3335323840439087, -0.07817593040394696], [-0.06803646587285186, -0.42003752112388315, 0.23334565133381488, -0.42920470221594853, -0.562515066270345, -0.15069188768132052, 0.15159057016420455, -0.5677285309555715, 0.47199442512097667, 0.6339154493347707, 0.17761349568769405, 0.5350981774253689, 0.10643128894760087, 0.04544331437523155, -0.08612187765528898], [-0.41833819203279843, -0.5812720640412029, -0.416095094210189, -0.4538937024997653, 0.17831355180844116, 0.7641616481473055, 0.3338277391910003, -0.08734547693406905, 0.4538553076654088, -0.11327615571087947, -0.663510723819541, -0.21777299966660085, 0.13186804040111622, 0.6432561981571152, 0.028018534349250977]], "inverted": false, "swapped": false, "error_lsq": 0.04410227992316747, "error_max": 0.26187430181042776, "target": "466.xyz", "model": "19.xyz", "model_rescale": 4.410303926677745, "target_rescale": 4.193295763035132},
{"mapping": [2, 6, 9, 3, 10, 5, 1, 8, 13, 12, 7, 0, 11, 14], "R": [[-0.21729136191632958, -0.9381764223262692, -0.269461434397631], [-0.39447168245170583, -0.1681092580197462, 0.9033998943500997], [-0.8928474426128283, 0.3025958987810847, -0.33355534212571125]], "T": [0.0008991761349680001, -0.051105808444520534, 0.0902376409376807], "aligned_model": [[-0.1900334421481888, 0.12312214356921343, 0.38936193341528563, -0.678225876687346, 0.11127529114950176, -0.1157615482021244, -0.3697393500020904, 0.5236776514308331, 0.2940410562187891, 0.22861726595099546, -0.43717378936944346, -0.22229412827129602, 0.5929245676412327, 0.011396114765510567], [0.0030386903563588696, -0.7147157511661473, 0.13217715174659153, 0.10867769401822394, 0.6623480111286606, -0.8216526485928531, 0.3312646332181829, -0.31399666317789277, -0.4551497089252867, 0.16326807161658688, -0.06040652483325456, 0.5894526342146765, 0.21303804396373707, -0.02639516738638171], [-0.7584812492238768, -0.3414171337099947, -0.44938667850437064, -0.4009269765244382, -0.1420827264038259, 0.1730045081159846, 0.025285455430054712, -0.11477208927542117, 0.7045322820628857, 0.8113691556416344, 0.5741252431850299, 0.5668397327627847, 0.22524813842307762, 0.04347737674549696]], "inverted": true, "swapped": true, "error_lsq": 0.05002013258177249, "error_max": 0.344349911499827, "target": "466.xyz", "model": "20.xyz", "model_rescale": 4.121658175737393, "target_rescale": 4.193295763035132},
{"mapping": [2, 4, 6, 9, 8, 1, 5, 10, 7, 12, 13, 11, 14], "R": [[0.20847862899545533, -0.9751163348183511, 0.0753975783603208], [0.012000522771897726, -0.07453526442283645, -0.9971461687288473], [0.9779532957689628, 0.20878847652072005, -0.0038371039574496]], "T": [0.0022118907126529586, -0.08278549110261887, -0.007794807714658784], "aligned_model": [[0.2779333137681681, -0.24988691961832685, 0.22516625668531495, 0.6327973754936883, 0.5105889092031459, -0.22237099336089786, -0.254196374303436, 0.32045774262607096, -0.6162179261954854, -0.1374418753746799, -0.12042550304556628, 0.47617387858396043, 0.03850502020233797], [-0.44934461275108906, 0.002283979982452111, 0.42169426257052445, -0.2774619866921083, 0.26627609429042165, -0.5682335196081559, 0.59090810653022, -0.7523718241911009, -0.07683314626006013, 0.018148889035887336, 0.5604149581002861, -0.0793316989777503, -0.11532259786634394], [0.7333683006471035, 0.5477895683072035, 0.5730958731807929, 0.19258825512250516, 0.05660039312185645, 0.033455621590888565, 0.2997669745469018, -0.16762507015571912, -0.21672247268438793, -0.7747051198795251, -0.45253607326948164, -0.4702253200703126, 0.0152588090239635]], "inverted": true, "swapped": true, "error_lsq": 0.04657346470797254, "error_max": 0.2868833338543285, "target": "466.xyz", "model": "21.xyz", "model_rescale": 4.08911054899281, "target_rescale": 4.193295763035132},
{"mapping": [12, 13, 0, 4, 2, 15, 1, 14, 8, 6, 7, 5, 9, 11, 16], "R": [[0.48509752842865483, 0.8451442369705385, 0.22452529173324046], [-0.5161604853601126, 0.48399409310598307, -0.7066314960368879], [-0.7058744514892317, 0.2268941086806868, 0.6710143978937957]], "T": [-0.0019413390114266169, -0.003245803454595922, -0.034916686285841624], "aligned_model": [[0.5190174362956069, -0.03078552647037281, -0.6545974036181597, -0.4998234868119148, -0.4598265939990146, 0.033777701682013626, -0.6179777666277468, 0.3626473093973795, -0.18934650863090824, -0.22085701332520116, 0.026381005189334207, 0.4682246539267481, 0.7042143488533426, 0.04999605127106669, -0.030545586916206624], [-0.24670977377027253, -0.3238740998569561, 0.18104764823424668, -0.40709460403037934, -0.49318589640683613, -0.3969219904366458, 0.12084853714488433, -0.5299307874482961, 0.5745472479471571, 0.6550083441245536, 0.2306658312256864, 0.4752613982987681, 0.006300640950853462, 0.23703754547594058, -0.011903720838251069], [-0.4978386620256073, -0.6120609268567683, -0.40929000688432987, -0.3093464569792431, 0.23257841265272658, 0.5776600255057411, 0.44995246693690333, 0.003821292934289601, 0.2994431650896156, -0.30757312447493257, -0.7059452847744645, 0.18349542625097126, 0.05889494123424272, 0.6899691322923792, -0.0719637900969316]], "inverted": false, "swapped": false, "error_lsq": 0.050977859237840296, "error_max": 0.45880883238923836, "target": "466.xyz", "model": "22.xyz", "model_rescale": 4.204369325754507, "target_rescale": 4.193295763035132},
{"mapping": [6, 0, 7, 4, 12, 14, 13, 1, 11, 9, 8, 5, 2, 10, 15], "R": [[0.6294368228016778, -0.5143874545010313, -0.5824215249742053], [0.4939189740348344, 0.8434783241899513, -0.2111595693074033], [0.5998777652069678, -0.1547574336620405, 0.784982040263746]], "T": [-0.11303978663540332, -0.09729581682767122, 0.012302258677588707], "aligned_model": [[0.4968586870353195, 0.014167027933846554, -0.5633479883285377, -0.568191240767226, -0.350000464196914, -0.2907903988982097, -0.6478358011331902, 0.3389367771875065, -0.10068149988416336, -0.30943223311268414, 0.08689479795820937, 0.3752284329830847, 0.7233360697989628, 0.3335323840439087, -0.07817593040394696], [-0.06803646587285186, -0.42003752112388315, 0.23334565133381488, -0.42920470221594853, -0.562515066270345, -0.15069188768132052, 0.15159057016420455, -0.5677285309555715, 0.47199442512097667, 0.6339154493347707, 0.17761349568769405, 0.5350981774253689, 0.10643128894760087, 0.04544331437523155, -0.08612187765528898], [-0.41833819203279843, -0.5812720640412029, -0.416095094210189, -0.4538937024997653, 0.17831355180844116, 0.7641616481473055, 0.3338277391910003, -0.08734547693406905, 0.4538553076654088, -0.11327615571087947, -0.663510723819541, -0.21777299966660085, 0.13186804040111622, 0.6432561981571152, 0.028018534349250977]], "inverted": false, "swapped": false, "error_lsq": 0.04410227992316747, "error_max": 0.26187430181042776, "target": "466.xyz", "model": "23.xyz", "model_rescale": 4.410303926677745, "target_rescale": 4.193295763035132},
{"mapping": [2, 4, 10, 8, 9, 14, 11, 5, 7, 1, 3, 0, 12, 13, 16], "R": [[0.8533670678731792, -0.348096092099084, 0.3880641160103303], [-0.4739028605669492, -0.20783691858792627, 0.8556984831226119], [-0.21721124790396046, -0.9141296001865501, -0.3423249156091073]], "T": [-0.0742257717437234, -0.0621661307079104, 0.1032427293788944], "aligned_model": [[0.4781954041421436, 0.00649687274125392, -0.5892470566514604, -0.4506659069506908, -0.6008982135451604, -0.30770083947593696, -0.5851994681682766, 0.396233416784875, 0.06368891630519356, -0.30127657303729083, 0.010189885253760564, 0.4932652205131168, 0.7074856157705043, 0.2036180134388914, -0.06368666690495636], [-0.0036939270009954256, -0.3272388259902929, -0.033150025029458144, -0.5921399207086516, -0.39752054570425893, -0.31215325563399465, 0.20374145126763454, -0.4435131260163647, 0.5403722422239646, 0.7130839178408621, 0.2910731728604193, 0.3538413156972084, 0.027941440799308062, 0.0449941935281301, 0.005458212480942096], [-0.6208469038882258, -0.5269197051363943, -0.2938656789668057, -0.3998748252463287, 0.15397278967604802, 0.6873196251154612, 0.3657699203913876, -0.06659441180688672, 0.3479015625471995, -0.18618886085861291, -0.7197681915099514, -0.17112488775003515, 0.2675100936706192, 0.7400363535415115, 0.004469731025606383]], "inverted": true, "swapped": false, "error_lsq": 0.04947682033508812, "error_max": 0.3186171351050201, "target": "466.xyz", "model": "24.xyz", "model_rescale": 4.28219845311461, "target_rescale": 4.193295763035132},
{"mapping": [7, 13, 11, 12, 14, 6, 10, 2, 8, 5, 9, 1, 4, 0, 15], "R": [[0.5020314803953624, -0.1765122607141868, -0.8466450345390375], [-0.6015587710767878, -0.7746097183963344, -0.19520970546193833], [-0.6213625653615014, 0.6073081639361675, -0.49506096229035823]], "T": [0.028055754697541055, 0.015616210953681223, -0.10282378459176753], "aligned_model": [[0.5208924198173915, 0.13274314965740125, -0.4854255671428226, -0.4416718589235542, -0.502461977225565, -0.19154446769705458, -0.6722239722813688, 0.16369763225256795, -0.2758907017331988, -0.30238468860936757, -0.03693168098075113, 0.26490856733400636, 0.7505449548532208, 0.4645941270167375, 0.0716526838783242], [-0.11666590726881083, -0.49463722844118013, 0.0695253432320704, -0.37625899756967857, -0.4813679843636947, -0.06504595804477664, 0.08291924195802867, -0.5503466608504373, 0.4653652054893201, 0.7963292439031209, 0.2570507180996468, 0.55848285530227, -0.05270321719175684, -0.029842725008012758, 0.008292391368343683], [-0.6903265237022673, -0.38847818042567983, -0.27576252758089215, -0.561310087745557, 0.12455754844710104, 0.7675017245010833, 0.26430483704899954, 0.2578247051881031, 0.32994457199891747, -0.18392220950965668, -0.7308044338493814, 0.1402275483537023, -0.013434834368608234, 0.5848693931190074, -0.04339492067027872]], "inverted": false, "swapped": false, "error_lsq": 0.05283272806393679, "error_max": 0.3121558189048905, "target": "466.xyz", "model": "25.xyz", "model_rescale": 4.100010024507729, "target_rescale": 4.193295763035132},
{"mapping": [0, 7, 13, 5, 10, 9, 11, 6, 4, 2, 3, 14], "R": [[0.3987623820312677, -0.17153757285064292, -0.9008681500515267], [0.4838642403774155, -0.7951260678058567, 0.3655816368194427], [-0.7790147364207792, -0.5816780874299001, -0.2340654674298568]], "T": [-0.01803835251148547, 0.01119615282289016, 0.05598502349355073], "aligned_model": [[-0.7436127803292107, -0.20015257089287278, 0.3896245938653147, 0.6621749708413864, -0.6303752275571942, -0.00960807917169115, -0.09375790476523199, 0.6924169971392429, 0.21255526457394178, -0.03839545302372713, -0.33113316279217153, -0.03297104552477932], [-0.3136217286691612, -0.6133967624191992, -0.4282514945857574, -0.32824283497673995, 0.4504661561863157, 0.7006789524597177, 0.2971167764931809, 0.23924802324194197, -0.07223414875085388, 0.5967932355378394, 0.07678493427954383, 0.06079028125381161], [0.2911764712245943, 0.002508489082780091, 0.572935919448209, -0.1345235591549744, 0.14117544616715424, 0.0712415932233243, 0.6484458405531768, -0.23537042072296305, -0.5091084134700763, -0.5892841383036028, -0.7349979333387786, 0.040992995145513036]], "inverted": true, "swapped": true, "error_lsq": 0.05850821798105905, "error_max": 0.3123738031395969, "target": "466.xyz", "model": "26.xyz", "model_rescale": 3.6694154284099745, "target_rescale": 4.193295763035132},
