[{"mapping": [0, 4, 8, 1, 3, 10, 5, 6, 9, 10, 7, 11], "R": [[0.595249637806868, 0.7700233156328611, 0.22965618230861545], [0.3561948751238476, -0.5090476736916187, 0.7835787623746946], [0.7202798620163549, -0.3846226193178539, -0.5772888021456628]], "T": [-0.08016393477942749, 0.06583264761376986, -0.16667383884300035], "aligned_model": [[0.41641887055993054, -0.17194542403202745, -0.5659596528329608, 0.3224673352517534, -0.5176165016094102, 0.03997366834356121, 0.7152568932469311, -0.267606547344857, -0.5577103982744891, 0.03997366834356121, 0.38831039238936127, -0.01356900177754948], [0.3653647534539529, 0.8534442029135572, -0.06059789744190586, -0.32950541651832377, 0.4858622891850536, 0.06970158390808126, 0.000842515001724789, -0.6302422686806848, -0.15450664816869575, 0.06970158390808126, -0.660729218634462, 0.0837173483013651], [-0.3822600837978677, -0.3202728718229038, -0.5554171066805114, -0.5950153322338718, 0.1592753393463055, 0.5021410336087705, 0.06085269045597963, -0.24083221905232577, 0.1378855057278272, 0.5021410336087705, 0.21964593694339352, -0.17547771684606547]], "inverted": true, "swapped": false, "error_lsq": 0.06106433244999796, "error_max": 0.4809895349277652, "target": "468.xyz", "model": "0.xyz", "model_rescale": 3.751011558992144, "target_rescale": 4.165511049452558},
{"mapping": [12, 11, 10, 13, 6, 7, 3, 5, 8, 0, 2, 14], "R": [[0.3133040951777182, 0.8445994973354467, -0.43415692214403584], [0.9464667531877586, -0.24029270734474228, 0.21554605054873255], [0.07772534371164945, -0.47844655281195747, -0.8746700332395418]], "T": [-0.1496844649978049, -0.01345785331070018, -0.038099659421119474], "aligned_model": [[0.4156828024844102, -0.1764368537164679, -0.767346972815421, 0.3887124762387339, -0.4265741133718498, 0.10054162286977764, 0.5903634721828086, -0.15839988734182447, -0.4737880507480637, 0.2027922164591397, 0.25449940909658836, -0.12205281907402715], [0.41492333364339307, 0.6618377104047615, 0.10321681485979581, -0.3144724841516464, 0.6643868044129405, 0.4950284610083102, -0.06212245359794867, -0.5179373722342178, -0.5546894853749205, -0.09594813290133433, -0.7154959129546451, 0.014325544113255057], [-0.2590623612526886, -0.46235335740233735, -0.5647245699339237, -0.42153299650516435, 0.12798612530761402, 0.30614675943897235, 0.14456587336045396, -0.40621717244608, 0.16791839390624796, 0.6285787197855591, 0.12777999792576838, -0.07641920292692109]], "inverted": false, "swapped": false, "error_lsq": 0.044212287667499156, "error_max": 0.26288771366533237, "target": "468.xyz", "model": "1.xyz", "model_rescale": 3.9405287249114394, "target_rescale": 4.165511049452558},
{"mapping": [3, 10, 9, 4, 11, 6, 7, 2, 5, 0, 1, 12], "R": [[-0.9609499066969266, -0.2765697839265853, -0.009188658115856951], [-0.11034991186957091, 0.4134421987657534, -0.9038188121687428], [0.25376795260541885, -0.867510635611196, -0.42781669361060776]], "T": [0.024828843650933297, -0.009267358524335561, -0.0957482684411533], "aligned_model": [[0.35373666701295414, -0.20108401121904848, -0.6100753116879781, 0.4468843188075878, -0.45354201082761453, 0.16642581072133428, 0.7843420487281926, -0.314083075154883, -0.6314264766763452, -0.11835987420651431, 0.4040411436223297, 0.0011340731437898821], [0.3933528937712657, 0.650359896476291, 0.23460156729860565, -0.26025116951472965, 0.44376600464500116, 0.27126216288996957, 0.1730286032508478, -0.599215626350666, -0.18974862210776233, -0.26080392817964754, -0.6734746181807844, -0.08982433677064716], [-0.3334797445682645, -0.57045068656982, -0.5291138965675741, -0.596319965996897, 0.17542766426329298, 0.34765806881728994, 0.0414294512872016, -0.06011990752344057, 0.15887252492462733, 0.6911166078115978, 0.10980727181096553, -0.12216117843147892]], "inverted": true, "swapped": false, "error_lsq": 0.05505263210970377, "error_max": 0.3447525350085962, "target": "468.xyz", "model": "2.xyz", "model_rescale": 3.932901565614263, "target_rescale": 4.165511049452558},
{"mapping": [3, 11, 12, 7, 10, 1, 0, 5, 6, 2, 4, 13], "R": [[-0.6851425851938542, 0.4737688889668745, -0.5532835419574447], [0.5478002570698253, 0.8357767316130984, 0.03731130188508866], [0.4800984443925178, -0.27752530468629366, -0.8321569497100076]], "T": [0.06432693804569234, 0.08559651625201052, -0.19704493761026942], "aligned_model": [[0.4859251421685915, -0.1776610745713089, -0.6692743149521381, 0.39111217685446326, -0.5466431606485692, 0.10166033062241603, 0.5892708508847739, -0.30574663931529156, -0.42550260082108154, 0.0999600765479543, 0.33039092591065033, -0.045498410416655394], [0.3593855456306884, 0.9015589435879332, -0.06991704887515822, -0.3895350930993208, 0.4077366529174495, 0.4548936331366647, 0.009111590206918457, -0.5167195235885477, -0.20624302114032317, -0.23726622795120794, -0.6686978489957863, 0.048745225398433824], [-0.28637578196677693, -0.4678877283453584, -0.3411787047191117, -0.6180008840453455, -0.007079911481961354, 0.4440435727933625, 0.21226457071329524, -0.32766125031545096, 0.17923815787762354, 0.5702162832424107, 0.15434710762495496, -0.19925922212014177]], "inverted": false, "swapped": false, "error_lsq": 0.05268685838242656, "error_max": 0.3695438255071569, "target": "468.xyz", "model": "3.xyz", "model_rescale": 3.9243930471874484, "target_rescale": 4.165511049452558},
{"mapping": [4, 2, 1, 8, 0, 3, 10, 9, 5, 6, 11, 12], "R": [[-0.5708497394048675, -0.3008709522780138, -0.7639419121220647], [-0.7888665447893192, 0.4589519295778597, 0.4087208103937465], [0.2276403952148133, 0.8359663847380951, -0.49933961794991105]], "T": [0.05770249971705379, -0.04941542626717742, -0.11704579903570961], "aligned_model": [[0.35010140390303895, -0.19254022781622823, -0.5743352079120315, 0.4081676515320137, -0.5898180396907232, 0.16186059174785122, 0.7317392029076467, -0.01121319054323295, -0.5790292770712367, 0.024789248881832447, 0.15020659211280304, -0.05193544578792903], [0.4065029024284376, 0.8238800243124903, -0.055101561075221225, -0.19582073512791187, 0.47016311367659214, 0.47605242603802744, -0.1524528772425996, -0.6700904451461993, -0.12611888882715375, -0.09205677516282464, -0.7554890117979451, -0.036415344847948075], [-0.35996271452392475, -0.2781300118783627, -0.44969622213539634, -0.619117538747215, 0.06755551524876258, 0.29037044809114887, 0.06235745056517322, -0.4452234039272514, 0.28583423650119816, 0.6031034549530232, 0.22797183253300096, -0.0723968374226558]], "inverted": true, "swapped": false, "error_lsq": 0.0466185664889456, "error_max": 0.29415719517909794, "target": "468.xyz", "model": "4.xyz", "model_rescale": 3.8936222436046832, "target_rescale": 4.165511049452558},
{"mapping": [2, 0, 1, 4, 9, 3, 10, 5, 6, 8, 7, 11], "R": [[-0.10904890249117288, -0.8967322874121756, 0.42892836415653146], [-0.41408546485423325, 0.43325956906294955, 0.8005119447027889], [-0.9036822254874356, -0.09031805206000959, -0.41857028658298384]], "T": [0.005635504918812822, 0.0039601332504960755, 0.031726008424976034], "aligned_model": [[0.3957072871989068, -0.24472076871355836, -0.48599230043407415, 0.4090431889118355, -0.48014530975730224, 0.194449281424299, 0.6298974007261395, -0.20300067144621353, -0.6116675149966877, 0.13020127756343866, 0.11590729828593371, -0.02168586649891288], [0.37875807091792457, 0.8151127263484454, 0.15951684529751523, -0.30533974144394377, 0.2570875002636623, 0.5198205554515543, -0.07209116364875282, -0.6153777651339476, -0.49813613107028226, 0.12501338317593638, -0.5781858570914241, -0.09312559583894404], [-0.48259779572295164, -0.21741554961062487, -0.5824506579358302, -0.5783726941766932, 0.3180465979445728, 0.20060293085510247, 0.09481867969549027, -0.44792216532677026, 0.06973852039192635, 0.7498432031075434, 0.2938208479477702, -0.10544570791203423]], "inverted": true, "swapped": false, "error_lsq": 0.058822388051469277, "error_max": 0.3091301452103291, "target": "468.xyz", "model": "5.xyz", "model_rescale": 3.6523030999806103, "target_rescale": 4.165511049452558},
{"mapping": [6, 10, 11, 1, 9, 8, 1, 3, 7, 5, 0, 12], "R": [[-0.5192605602124771, 0.27663214337145026, 0.8086056689521424], [-0.5783492072492529, 0.5828434854847963, -0.5707938909116799], [-0.6291904839410598, -0.7640472031763819, -0.14265765397048819]], "T": [-0.024678262410235498, 0.09485555490565446, -0.13154730087816127], "aligned_model": [[0.41822176553851387, -0.19033438231870548, -0.8609558933188928, 0.6013226836378864, -0.5165134358833389, 0.1571524994894182, 0.6013226836378864, -0.13984769907775849, -0.5380468376824153, 0.10115743094740975, 0.23956072380128154, -0.04504623650748081], [0.5590160436530499, 0.699426739542889, 0.012440122748969065, -0.20520912613812337, 0.5739464167631836, 0.4894284574064709, -0.20520912613812337, -0.5721226457872176, -0.2761003565350606, -0.15739970937422393, -0.8276193476132442, 0.002455358699174362], [-0.23651904946265156, -0.5960091123440712, -0.3931126344474416, -0.15296852237448663, 0.09479974107276398, 0.38318845784233346, -0.15296852237448663, -0.28812566338768486, 0.12469960620050816, 0.4884818838438433, 0.126098857423015, -0.0848988327341407]], "inverted": false, "swapped": false, "error_lsq": 0.059042646263819804, "error_max": 0.40519071549835106, "target": "468.xyz", "model": "6.xyz", "model_rescale": 4.08911054899281, "target_rescale": 4.165511049452558},
{"mapping": [13, 12, 5, 2, 10, 11, 1, 6, 4, 9, 0, 14], "R": [[0.6957398620945189, -0.6844301921177766, 0.21794805897351774], [0.1162932000949394, 0.4067527463508776, 0.9061060064626532], [-0.708817279631626, -0.6050681907468303, 0.36258867693569674]], "T": [-0.09349295135212907, 0.0004970623719862391, -0.06265677829755448], "aligned_model": [[0.380608005571193, -0.1665355373327057, -0.7158689811596093, 0.48425342607064426, -0.5413476504781306, 0.0814125822399058, 0.6099120124868487, -0.0807456297648778, -0.7227022706334906, 0.16623932293529878, 0.3448148252002353, -0.012046802871507514], [0.40445100513189947, 0.6487430345737206, 0.14034836262889785, -0.35260021987359136, 0.5195005035079355, 0.48876011310884965, -0.0650327213334495, -0.46173337353290095, -0.31476089443710387, -0.11590270047718954, -0.8138454199889718, 0.015125137919647383], [-0.44729169237158195, -0.3497871636082972, -0.4792992160314681, -0.5004592176887758, 0.15946142235647867, 0.21218555934563596, 0.13450651227551497, -0.2506022394531907, -0.02319106025899939, 0.6677866136295179, 0.10877483354753256, 0.08058185751513397]], "inverted": false, "swapped": false, "error_lsq": 0.04793152370146164, "error_max": 0.33223967559421586, "target": "468.xyz", "model": "7.xyz", "model_rescale": 3.964800864290218, "target_rescale": 4.165511049452558},
{"mapping": [10, 5, 1, 6, 8, 9, 11, 2, 7, 12, 4, 13], "R": [[-0.5664266566374694, 0.7320438475024028, 0.37851373552934314], [-0.33617411634631356, -0.6245922839473879, 0.70489108543956], [0.7524279408350505, 0.27202258025256754, 0.5998799127187555]], "T": [-0.017772075877360172, -0.06774148355920215, -0.22270939371086823], "aligned_model": [[0.3858574738806559, -0.16844891258585368, -0.7488096368775576, 0.46861468532228934, -0.3738766865983364, 0.16211152677879162, 0.7053623737927252, -0.27612111495788844, -0.5912774417426746, -0.030178496616555573, 0.3270153543694863, -0.03225582250127754], [0.6479026873142931, 0.7007120821637862, -0.05908672921744204, -0.2987524788949616, 0.5213902969006284, 0.34526705775882216, -0.09318340922539722, -0.6775484039157458, -0.18540856926729316, -0.17335718568176342, -0.6387410845498946, 0.0038585638427113683], [-0.2311129800976764, -0.5157048393674986, -0.39191066677511377, -0.43850481011778697, 0.11959285998135155, 0.29779282634435483, 0.18171933995233103, -0.22285651790272765, 0.18238222213222677, 0.5251985829000048, 0.0012872103394794276, -0.1952170181314446]], "inverted": false, "swapped": false, "error_lsq": 0.054629016751365694, "error_max": 0.32919362817575043, "target": "468.xyz", "model": "8.xyz", "model_rescale": 4.121658175737393, "target_rescale": 4.165511049452558},
{"mapping": [7, 9, 6, 11, 4, 5, 10, 2, 1, 0, 3, 12], "R": [[-0.05506122444490189, -0.8096782089719827, -0.5842854263787096], [0.46892417517930346, 0.4956567604363783, -0.7310502676055353], [0.8815204929523976, -0.31423808449905805, 0.3523862181688223]], "T": [0.019557065685861873, -0.009841164044568071, -0.1620221859193218], "aligned_model": [[0.3443271919786335, -0.29687784950146684, -0.5314082846420572, 0.5361814306146584, -0.5318889789589653, 0.27100806577403147, 0.655088129907791, -0.24587970090002018, -0.5824773161911176, -0.11472815920068691, 0.3829284841343522, -0.058279710751347726], [0.38403878097532484, 0.7344079406284671, 0.12288576444017289, -0.22197531533082943, 0.45024620284857686, 0.4152689850155994, -0.0903743998215496, -0.651087267010238, -0.18640133622537736, -0.1514470721545661, -0.685318759378097, -0.027190696759739556], [-0.6031501314091858, -0.3598909092656879, -0.5607737317307616, -0.46390037654176375, 0.35985403732679677, 0.20915386664398414, 0.24552596453605238, -0.1356933189733434, 0.12313185026290888, 0.6000404678617107, 0.023383374750220204, -0.1250148842034297]], "inverted": true, "swapped": false, "error_lsq": 0.05040112414871048, "error_max": 0.23702265388979274, "target": "468.xyz", "model": "9.xyz", "model_rescale": 3.833441315466971, "target_rescale": 4.165511049452558},
{"mapping": [12, 1, 0, 11, 5, 4, 7, 8, 2, 3, 9, 14], "R": [[0.42387957048323555, 0.7571581893022383, -0.49702875781940764], [-0.14255694835866256, -0.4861533202786929, -0.8621673072302545], [-0.8944292181059454, 0.4363100108346796, -0.0981322996970336]], "T": [-0.006657081369403501, 0.07680364458187892, -0.16881661121278405], "aligned_model": [[0.26991543398025003, -0.24855586059471413, -0.532240858803423, 0.4930349758594525, -0.5504744147965754, 0.06072352656658152, 0.5508559235905154, -0.01709530197891289, -0.4223340494374838, 0.18311826904007408, 0.03373066259060749, 0.007314996247433316], [0.3915493249520563, 0.7306681820358218, 0.2628212641390765, -0.23801538407925227, 0.3329666437591773, 0.5343048819409969, -0.21948702433671385, -0.680184168983411, -0.28307064607953103, -0.12928293256064421, -0.6251330415274897, 0.015915727967657327], [-0.6017864228073713, -0.4128557068168912, -0.5599458734984469, -0.5101872429004349, 0.1411485919692214, 0.48084872692623937, 0.04403325511122902, -0.35434250169949955, 0.29416655053968144, 0.6532755301231313, 0.235613661348918, -0.09730235903827546]], "inverted": false, "swapped": false, "error_lsq": 0.04962668366403822, "error_max": 0.2811422535308133, "target": "468.xyz", "model": "10.xyz", "model_rescale": 4.2482417240324, "target_rescale": 4.165511049452558},
{"mapping": [2, 3, 1, 6, 8, 7, 5, 0, 10, 9, 4, 11], "R": [[0.2881844377203159, 0.6978527228527996, 0.6557067233624796], [0.9537070593770974, -0.27065608760846727, -0.13110349779760855], [0.08598008345026908, 0.6631341187477928, -0.7435459406132707]], "T": [-0.026353977296466095, 0.027822503867255148, -0.12014767059061207], "aligned_model": [[0.3120698392099837, -0.2148222471596553, -0.47086851809077096, 0.3935473897616341, -0.5516216636149669, 0.19509424561498842, 0.6667824834455012, -0.45115132566763433, -0.437144686888773, -0.01244559135564454, 0.38144993639995245, 0.01710344060918991], [0.43450555977675637, 0.8152456442411676, 0.10136075776901018, -0.3173281471328646, 0.29178811410439004, 0.49055860059393136, -0.08123178991261282, -0.5471814782663958, -0.2826563465513577, -0.0831165277708801, -0.6941594202913449, -0.034732139332055885], [-0.6376759295697676, -0.17030876816838916, -0.6643401935029645, -0.4737519808017696, 0.05669645081736746, 0.32188426948936777, 0.14791049123216046, -0.3706613613963653, 0.2669650247448394, 0.6964366730008018, 0.15963376087755296, -0.020122227465332848]], "inverted": false, "swapped": false, "error_lsq": 0.052364968485739655, "error_max": 0.2919272229930038, "target": "468.xyz", "model": "11.xyz", "model_rescale": 3.6694154284099745, "target_rescale": 4.165511049452558},
{"mapping": [2, 1, 4, 8, 0, 12, 10, 11, 6, 7, 9, 13], "R": [[-0.4130291585561039, 0.8042127059579164, 0.42737435318264355], [-0.48518462229832926, 0.20282400163442582, -0.850563522992978], [-0.7707157689237094, -0.5586630003292186, 0.30641941125766026]], "T": [-0.05494904165622335, 0.018206386859003432, 0.01454664962348804], "aligned_model": [[0.3895641192654096, -0.09931240983417858, -0.5594591532351043, 0.34046802693954603, -0.6170695625619377, 0.20415996204581013, 0.5450248639004386, -0.25325268678238816, -0.5324730570108601, 0.15439367857013883, 0.39383554612825583, -0.13788602516132598], [0.3293206494813263, 0.7189987347142662, 0.04250619057416698, -0.283561923345304, 0.4560162837561235, 0.5616796359429252, 0.00782624408223186, -0.6364849513194665, -0.21673601434375006, -0.3420542176848359, -0.6475600011578455, 0.10310219652790553], [-0.3486744108242009, -0.45810065107014486, -0.526339398083755, -0.5556981049605899, 0.070052312227226, 0.3296146613244445, 0.2229989285639251, -0.26309262164560815, 0.20593033840165714, 0.6298134541656141, 0.020358468977405265, -0.014196767818472195]], "inverted": false, "swapped": false, "error_lsq": 0.04921135418572518, "error_max": 0.25682039213009894, "target": "468.xyz", "model": "12.xyz", "model_rescale": 3.9764082729961374, "target_rescale": 4.165511049452558},
{"mapping": [7, 4, 5, 2, 6, 3, 8, 12, 13, 11, 10, 15], "R": [[0.9910777633589807, 0.04153516475247848, 0.12664792562195865], [0.005152140760861568, -0.9614328594585142, 0.2749914765933767], [0.13318529356104214, -0.27188542962507173, -0.9530687229873035]], "T": [-0.08365535092986141, -0.03388689781229926, -0.1439991040931501], "aligned_model": [[0.38962729053862477, -0.23063109532600362, -0.6885721712019717, 0.6129344218769749, -0.6979466752129633, 0.40443067600128413, 0.5592806268662865, -0.3486191043072367, -0.4860718469814086, 0.15601391039331935, 0.2274494951800181, -0.06990222556311934], [0.5009174472881733, 0.6123108709520309, 0.13209403709444836, -0.11507355296784338, 0.34611061231509194, 0.4328295067482758, -0.14669214645217013, -0.6132479973400796, -0.24043834533057495, -0.1901250738092004, -0.6950031026343617, 0.06937057136395333], [-0.39102451304789165, -0.42092923243318703, -0.7001914050413741, -0.524039798429552, 0.10481180183086264, 0.35838648023648645, 0.12722246765798684, -0.18072049701884166, 0.2681634966126868, 0.5967390252665938, 0.1910919841304649, -0.11684360050673444]], "inverted": true, "swapped": false, "error_lsq": 0.04483775912151469, "error_max": 0.26633189670423435, "target": "468.xyz", "model": "13.xyz", "model_rescale": 4.170626492500431, "target_rescale": 4.165511049452558},
{"mapping": [2, 1, 7, 4, 9, 3, 6, 12, 10, 11, 5, 13], "R": [[-0.5600304402488474, 0.46959707673056694, -0.682528015191163], [-0.2926686833985719, -0.8828608699691282, -0.3672897031433102], [-0.7750554481793086, -0.005938838561578341, 0.6318653198618442]], "T": [-0.00981694540596824, 0.05809025969118277, -0.19993008600230486], "aligned_model": [[0.5337774184312128, -0.3884037400380547, -0.6739911298348069, 0.33069768384088727, -0.5700676062920313, 0.2544457738496241, 0.6658667778405735, -0.13888887565308441, -0.5137328104353331, -0.029218301386360293, 0.3346369931810521, 0.022871118760125687], [0.315941312999851, 0.7266619291360625, 0.21689150557789705, -0.37126398321394505, 0.2941230315802843, 0.5316342788756354, -0.0908520256867751, -0.6612846981598812, -0.17396656056772342, -0.07791428516948716, -0.632029187250865, 0.015111509106689992], [-0.4662948155526061, -0.1776045033394707, -0.6370623542369003, -0.6502276009424406, 0.3355268833565367, 0.2259746938912275, 0.2783553609811562, -0.16060797993922213, -0.09723277290278023, 0.49345725329263035, 0.28205172019012636, -0.11366967554075713]], "inverted": false, "swapped": false, "error_lsq": 0.05934075632200269, "error_max": 0.314220083151781, "target": "468.xyz", "model": "14.xyz", "model_rescale": 3.9786697098870705, "target_rescale": 4.165511049452558},
{"mapping": [9, 3, 0, 6, 2, 8, 7, 1, 4, 5, 10, 11], "R": [[-0.11747956536158827, -0.0038382044253853498, 0.9930678828303943], [0.8681659021158431, -0.4859240294124492, 0.10082561203857715], [0.4821685577947164, 0.8739926234393276, 0.06041834198159585]], "T": [0.01854252232674903, -0.023763698210698594, -0.07605610959331775], "aligned_model": [[0.22672645004210493, -0.20542877072662102, -0.5417954251510294, 0.550498866055502, -0.6311477264949699, 0.10259456180429036, 0.6030701422996578, -0.08452834249490998, -0.41255511391729915, 0.03940261801247019, 0.10853244549880428, 0.07262359733580426], [0.37609094340202326, 0.8333251576947281, 0.0945421431960505, -0.2445091252146573, 0.43578828216628673, 0.4000218078666026, -0.20094396402370582, -0.5819935461189001, -0.292013742210619, 0.10400090789296113, -0.806204992414903, -0.025051045008123114], [-0.5052297176716731, -0.32178926827033844, -0.4708100818142127, -0.6197928065593151, 0.27116424433858677, 0.21646606994263845, 0.17655153139549978, -0.44811514418546883, 0.26615942484365473, 0.7163457137041219, 0.19228774323067416, -0.16057149969666706]], "inverted": false, "swapped": false, "error_lsq": 0.05263099105328384, "error_max": 0.2743550102863404, "target": "468.xyz", "model": "15.xyz", "model_rescale": 3.769337070930944, "target_rescale": 4.165511049452558},
{"mapping": [4, 2, 9, 8, 5, 0, 6, 3, 10, 7, 11], "R": [[0.968839665743223, 0.2408363004768455, -0.057858261771218715], [0.13942027340900592, -0.3371855843951419, 0.9310573929885659], [0.2047234462515672, -0.9101119480859119, -0.3602562317381178]], "T": [-0.0015379755857851986, 0.05623195286513277, -0.08877634520803294], "aligned_model": [[-0.3835765084318569, -0.5895069480359738, -0.01218292824314628, -0.537436951474648, 0.2470505104769686, 0.4712586991072256, 0.6148877602095482, 0.41296467794595765, 0.07690937815872521, -0.30175670078816513, -0.07598485823346421], [-0.025155352499572042, -0.6880442435157548, 0.7241804112363537, 0.26664998591236483, 0.22735168453817, -0.37890094599891677, 0.2749212311290342, -0.2919794774017664, 0.559727246219808, -0.012474106223669401, -0.06021193577070939], [-0.6688058938765548, -0.11595990624806292, -0.16271731825158803, 0.013164017412308437, -0.648136368969606, -0.2636921123833099, 0.16167148562382688, 0.41465269336805216, 0.5761112167301141, 0.46247777713211485, -0.024547983313517888]], "inverted": false, "swapped": true, "error_lsq": 0.0555682369148375, "error_max": 0.28884643150970596, "target": "468.xyz", "model": "16.xyz", "model_rescale": 3.7852294659196426, "target_rescale": 4.165511049452558},
{"mapping": [0, 9, 10, 4, 11, 8, 3, 5, 7, 2, 1, 12], "R": [[-0.07222949141251857, -0.8272155362497697, -0.5572228971940181], [0.840885021384453, 0.24994057136721015, -0.4800438434100587], [0.536372334653417, -0.5032337104881178, 0.6775400735357313]], "T": [-0.018392956267920483, -0.0173494655427525, -0.03975155002673664], "aligned_model": [[0.45093578170984383, -0.15749506117086487, -0.48920405734454764, 0.21627679414828838, -0.5572639256933646, 0.08993572966129518, 0.7351968092508985, -0.15215427453735292, -0.5201470682699619, 0.011786121843885163, 0.27545030593530084, -0.07532385326961537], [0.2766744608282571, 0.785993019680536, 0.17245427465006719, -0.3283325862609464, 0.3223574116697919, 0.5727238393437452, -0.019440196290022926, -0.6076830584818014, -0.3922890545764796, -0.12714492434942726, -0.6078276334544872, 0.04556727446851122], [-0.4385342253880113, -0.32707234871468793, -0.6655043147756994, -0.6313648459875034, 0.32377202598760807, 0.21379194114912697, 0.21440089499945264, -0.29631181457072214, 0.2750342832642236, 0.5611820582030098, 0.1583540398096934, -0.0750814847189896]], "inverted": false, "swapped": false, "error_lsq": 0.04967990141594115, "error_max": 0.27480979799186583, "target": "468.xyz", "model": "17.xyz", "model_rescale": 3.901054581598922, "target_rescale": 4.165511049452558},
{"mapping": [12, 11, 10, 13, 6, 7, 3, 5, 8, 0, 2, 14], "R": [[0.3133040951777182, 0.8445994973354467, -0.43415692214403584], [0.9464667531877586, -0.24029270734474228, 0.21554605054873255], [0.07772534371164945, -0.47844655281195747, -0.8746700332395418]], "T": [-0.1496844649978049, -0.01345785331070018, -0.038099659421119474], "aligned_model": [[0.4156828024844102, -0.1764368537164679, -0.767346972815421, 0.3887124762387339, -0.4265741133718498, 0.10054162286977764, 0.5903634721828086, -0.15839988734182447, -0.4737880507480637, 0.2027922164591397, 0.25449940909658836, -0.12205281907402715], [0.41492333364339307, 0.6618377104047615, 0.10321681485979581, -0.3144724841516464, 0.6643868044129405, 0.4950284610083102, -0.06212245359794867, -0.5179373722342178, -0.5546894853749205, -0.09594813290133433, -0.7154959129546451, 0.014325544113255057], [-0.2590623612526886, -0.46235335740233735, -0.5647245699339237, -0.42153299650516435, 0.12798612530761402, 0.30614675943897235, 0.14456587336045396, -0.40621717244608, 0.16791839390624796, 0.6285787197855591, 0.12777999792576838, -0.07641920292692109]], "inverted": false, "swapped": false, "error_lsq": 0.044212287667499156, "error_max": 0.26288771366533237, "target": "468.xyz", "model": "18.xyz", "model_rescale": 3.9405287249114394, "target_rescale": 4.165511049452558},
{"mapping": [1, 8, 7, 12, 5, 2, 3, 13, 11, 10, 14, 15], "R": [[-0.0913581752249723, -0.9700303317880123, 0.22515514480198418], [0.019996498093107357, -0.22784209498291033, -0.9734927425604216], [0.9956173079469721, -0.08443420613138769, 0.04021244771692878]], "T": [-0.02112514835111423, 0.0172832859307926, -0.24478048431459531], "aligned_model": [[0.5205291731959237, -0.39334540359661274, -0.5785896327160774, 0.3742558817030738, -0.5082204570080091, 0.08538969796239403, 0.7502094455933913, -0.3263181065519378, -0.41570931213483964, 0.15910049718328662, 0.17689952043209087, -0.016208001798878924], [0.39270392183712494, 0.6474885037206471, 0.01833904469342516, -0.2776606763231615, 0.5371474775074653, 0.5190634403585055, -0.14969641853285673, -0.5800646068013392, -0.27742226968144673, -0.12058180665265834, -0.6468317204274175, 0.03056793752945593], [-0.21029329735274166, -0.4360018758778178, -0.6747313919616008, -0.4831519641787358, 0.1838709187621293, 0.4567867235495958, 0.0755151874570702, -0.28169387870035995, 0.28120922573893403, 0.5078256343724582, 0.1008731732088311, -0.2075422457602623]], "inverted": false, "swapped": false, "error_lsq": 0.04248463279164403, "error_max": 0.22656983501806965, "target": "468.xyz", "model": "19.xyz", "model_rescale": 4.410303926677745, "target_rescale": 4.165511049452558},
{"mapping": [10, 5, 1, 6, 8, 9, 11, 2, 7, 12, 4, 13], "R": [[-0.5664266566374694, 0.7320438475024028, 0.37851373552934314], [-0.33617411634631356, -0.6245922839473879, 0.70489108543956], [0.7524279408350505, 0.27202258025256754, 0.5998799127187555]], "T": [-0.017772075877360172, -0.06774148355920215, -0.22270939371086823], "aligned_model": [[0.3858574738806559, -0.16844891258585368, -0.7488096368775576, 0.46861468532228934, -0.3738766865983364, 0.16211152677879162, 0.7053623737927252, -0.27612111495788844, -0.5912774417426746, -0.030178496616555573, 0.3270153543694863, -0.03225582250127754], [0.6479026873142931, 0.7007120821637862, -0.05908672921744204, -0.2987524788949616, 0.5213902969006284, 0.34526705775882216, -0.09318340922539722, -0.6775484039157458, -0.18540856926729316, -0.17335718568176342, -0.6387410845498946, 0.0038585638427113683], [-0.2311129800976764, -0.5157048393674986, -0.39191066677511377, -0.43850481011778697, 0.11959285998135155, 0.29779282634435483, 0.18171933995233103, -0.22285651790272765, 0.18238222213222677, 0.5251985829000048, 0.0012872103394794276, -0.1952170181314446]], "inverted": false, "swapped": false, "error_lsq": 0.054629016751365694, "error_max": 0.32919362817575043, "target": "468.xyz", "model": "20.xyz", "model_rescale": 4.121658175737393, "target_rescale": 4.165511049452558},
{"mapping": [6, 10, 11, 1, 9, 8, 1, 3, 7, 5, 0, 12], "R": [[-0.5192605602124771, 0.27663214337145026, 0.8086056689521424], [-0.5783492072492529, 0.5828434854847963, -0.5707938909116799], [-0.6291904839410598, -0.7640472031763819, -0.14265765397048819]], "T": [-0.024678262410235498, 0.09485555490565446, -0.13154730087816127], "aligned_model": [[0.41822176553851387, -0.19033438231870548, -0.8609558933188928, 0.6013226836378864, -0.5165134358833389, 0.1571524994894182, 0.6013226836378864, -0.13984769907775849, -0.5380468376824153, 0.10115743094740975, 0.23956072380128154, -0.04504623650748081], [0.5590160436530499, 0.699426739542889, 0.012440122748969065, -0.20520912613812337, 0.5739464167631836, 0.4894284574064709, -0.20520912613812337, -0.5721226457872176, -0.2761003565350606, -0.15739970937422393, -0.8276193476132442, 0.002455358699174362], [-0.23651904946265156, -0.5960091123440712, -0.3931126344474416, -0.15296852237448663, 0.09479974107276398, 0.38318845784233346, -0.15296852237448663, -0.28812566338768486, 0.12469960620050816, 0.4884818838438433, 0.126098857423015, -0.0848988327341407]], "inverted": false, "swapped": false, "error_lsq": 0.059042646263819804, "error_max": 0.40519071549835106, "target": "468.xyz", "model": "21.xyz", "model_rescale": 4.08911054899281, "target_rescale": 4.165511049452558},
{"mapping": [9, 10, 7, 14, 6, 8, 15, 4, 0, 1, 2, 16], "R": [[-0.11894720002667046, 0.3536310477670298, 0.9277912726799102], [-0.19538957623414077, 0.907817006199321, -0.37106764444551715], [-0.9734857354398461, -0.2254182009299482, -0.03888647045756869]], "T": [0.04945989413742883, 0.02830306309946189, -0.11933498631906697], "aligned_model": [[0.4366319084471973, -0.204731768780311, -0.5647057118317469, 0.46662990154326484, -0.5419316008924119, -0.016152663770218866, 0.7140125253939482, -0.2193885400535681, -0.6164047569430596, 0.10154014187520974, 0.2613754321038866, 0.011118435171614476], [0.46089091306709407, 0.6887363055293187, 0.16900319219711957, -0.1758592736010193, 0.40166270687805444, 0.4132718585540988, -0.20841650555065785, -0.6151280213758759, -0.24384875689743218, -0.18903255952900566, -0.6092147302781595, 0.000987698234208443], [-0.5322674202089424, -0.5070848283714353, -0.4491838458378641, -0.5621775216982665, 0.13839123383569513, 0.4536013424567355, 0.06462333505376713, -0.12235902859703149, 0.1681316230342833, 0.6422759748666993, 0.1450826705583962, -0.1263673258345367]], "inverted": false, "swapped": false, "error_lsq": 0.041943332692808415, "error_max": 0.23294726145414224, "target": "468.xyz", "model": "22.xyz", "model_rescale": 4.204369325754507, "target_rescale": 4.165511049452558},
{"mapping": [1, 8, 7, 12, 5, 2, 3, 13, 11, 10, 14, 15], "R": [[-0.0913581752249723, -0.9700303317880123, 0.22515514480198418], [0.019996498093107357, -0.22784209498291033, -0.9734927425604216], [0.9956173079469721, -0.08443420613138769, 0.04021244771692878]], "T": [-0.02112514835111423, 0.0172832859307926, -0.24478048431459531], "aligned_model": [[0.5205291731959237, -0.39334540359661274, -0.5785896327160774, 0.3742558817030738, -0.5082204570080091, 0.08538969796239403, 0.7502094455933913, -0.3263181065519378, -0.41570931213483964, 0.15910049718328662, 0.17689952043209087, -0.016208001798878924], [0.39270392183712494, 0.6474885037206471, 0.01833904469342516, -0.2776606763231615, 0.5371474775074653, 0.5190634403585055, -0.14969641853285673, -0.5800646068013392, -0.27742226968144673, -0.12058180665265834, -0.6468317204274175, 0.03056793752945593], [-0.21029329735274166, -0.4360018758778178, -0.6747313919616008, -0.4831519641787358, 0.1838709187621293, 0.4567867235495958, 0.0755151874570702, -0.28169387870035995, 0.28120922573893403, 0.5078256343724582, 0.1008731732088311, -0.2075422457602623]], "inverted": false, "swapped": false, "error_lsq": 0.04248463279164403, "error_max": 0.22656983501806965, "target": "468.xyz", "model": "23.xyz", "model_rescale": 4.410303926677745, "target_rescale": 4.165511049452558},
{"mapping": [11, 14, 15, 10, 6, 7, 1, 4, 5, 0, 3, 16], "R": [[-0.8063942116200519, 0.185886203349441, 0.5614042170041166], [-0.3820861781712032, -0.8883382045832627, -0.25468684050870954], [0.4513740443536807, -0.4198827856463225, 0.7873753351494356]], "T": [-0.05508471042092, 0.07909483518605342, -0.09644768917680724], "aligned_model": [[0.3882891100752021, -0.24533625540458195, -0.6212511501798289, 0.31859511078717073, -0.6987512173073736, 0.3218309814769087, 0.7592326228216535, -0.1988592164620459, -0.589223571599441, 0.03535597300930193, 0.3446520470328092, 0.013458868014029596], [0.4353534943986576, 0.6428616587364072, 0.1579830423898951, -0.2471002327079031, 0.45329303783804326, 0.3924898544157041, -0.06437704011149673, -0.5883786996808159, -0.19849219865113393, -0.19456722428650064, -0.6868629240727275, -0.009149941040385662], [-0.3743341941486621, -0.4191260248454873, -0.5237021848695205, -0.5180447897113832, 0.05706850802859731, 0.35260578181025215, 0.13298302225835545, -0.18415370183333377, 0.08587934955392323, 0.6016320849694448, 0.15409216874146314, -0.052233810696148436]], "inverted": true, "swapped": false, "error_lsq": 0.04037707719167222, "error_max": 0.22171941660556163, "target": "468.xyz", "model": "24.xyz", "model_rescale": 4.28219845311461, "target_rescale": 4.165511049452558},
{"mapping": [11, 14, 6, 5, 2, 13, 9, 1, 4, 7, 3, 15], "R": [[-0.07953883039069443, 0.7172699092861319, -0.6922408913757874], [-0.22190554002689516, -0.6897561966302151, -0.6891983172611439], [-0.9718186588893283, 0.09879406076725727, 0.21402856769988232]], "T": [-0.010829998255689208, 0.05560823605747838, -0.08705963113102692], "aligned_model": [[0.3678322863018444, -0.16165275293325615, -0.6691472732485321, 0.4858449058475257, -0.5771483683196549, -0.008440028599419525, 0.6261966247333185, -0.10909501602205458, -0.4133935149134522, 0.21940387563624492, 0.1486333664893087, -0.081040802708068], [0.3276966379162549, 0.755713074153351, 0.19835531634308987, -0.3696589078934435, 0.40743438061193904, 0.42001740417334804, -0.061711683331480895, -0.5352278374279524, -0.32401010846044714, -0.09557339228915404, -0.6619994676922871, 0.03201741112452597], [-0.3682354605975742, -0.34638633095357035, -0.6857571937425283, -0.6327175613620736, 0.06876684968644002, 0.3821063343600203, 0.10609005692634062, -0.31318817731298465, 0.39093733600089586, 0.6407332544575853, 0.15718607237881405, -0.08686897058386402]], "inverted": true, "swapped": false, "error_lsq": 0.040754574803279084, "error_max": 0.21062863899548814, "target": "468.xyz", "model": "25.xyz", "model_rescale": 4.100010024507729, "target_rescale": 4.165511049452558},
{"mapping": [2, 3, 1, 6, 8, 7, 5, 0, 10, 9, 4, 11], "R": [[0.2881844377203159, 0.6978527228527996, 0.6557067233624796], [0.9537070593770974, -0.27065608760846727, -0.13110349779760855], [0.08598008345026908, 0.6631341187477928, -0.7435459406132707]], "T": [-0.026353977296466095, 0.027822503867255148, -0.12014767059061207], "aligned_model": [[0.3120698392099837, -0.2148222471596553, -0.47086851809077096, 0.3935473897616341, -0.5516216636149669, 0.19509424561498842, 0.6667824834455012, -0.45115132566763433, -0.437144686888773, -0.01244559135564454, 0.38144993639995245, 0.01710344060918991], [0.43450555977675637, 0.8152456442411676, 0.10136075776901018, -0.3173281471328646, 0.29178811410439004, 0.49055860059393136, -0.08123178991261282, -0.5471814782663958, -0.2826563465513577, -0.0831165277708801, -0.6941594202913449, -0.034732139332055885], [-0.6376759295697676, -0.17030876816838916, -0.6643401935029645, -0.4737519808017696, 0.05669645081736746, 0.32188426948936777, 0.14791049123216046, -0.3706613613963653, 0.2669650247448394, 0.6964366730008018, 0.15963376087755296, -0.020122227465332848]], "inverted": false, "swapped": false, "error_lsq": 0.052364968485739655, "error_max": 0.2919272229930038, "target": "468.xyz", "model": "26.xyz", "model_rescale": 3.6694154284099745, "target_rescale": 4.165511049452558},
{"mapping": [7, 3, 6, 5, 12, 9, 8, 0, 2, 10, 4, 13], "R": [[0.12104455429369332, -0.9646678677094855, 0.23401735167434923], [-0.9818970386087282, -0.15096045615760773, -0.11440780676202533], [0.14569290115599687, -0.21593250261487246, -0.9654774636765103]], "T": [0.004493880641702671, 0.004610075475062257, -0.0506107096990312], "aligned_model": [[0.3496186154412834, -0.12239874955750302, -0.570527921437456, 0.4110553059143601, -0.624588180870828, 0.15048612812464443, 0.604711588257991, -0.12314612232443431, -0.5489807632131546, 0.11191127783712786, 0.231052345981767, -0.04120022188999336], [0.3858188775898803, 0.7438783689625963, 0.11485226238130447, -0.30267003781705154, 0.45582751730297993, 0.5588368690376215, -0.05571035267414022, -0.5769900323675261, -0.34868693279345286, -0.13491392015662745, -0.7203312955594691, -0.02685849667837195], [-0.41351192399590864, -0.35096362042023505, -0.4089220535944732, -0.655809221905234, 0.1237205652658008, 0.31868925028281964, 0.1602383876236611, -0.3376345542371386, 0.12539124699900833, 0.5246155738758462, 0.2634941142598748, -0.036641554896520566]], "inverted": true, "swapped": false, "error_lsq": 0.038940376310340606, "error_max": 0.2642773737073323, "target": "468.xyz", "model": "27.xyz", "model_rescale": 4.103607728864725, "target_rescale": 4.165511049452558},
{"mapping": [2, 4, 13, 3, 8, 1, 0, 10, 6, 5, 9, 14], "R": [[0.4562156345692665, 0.025412060624047605, 0.8895063360928923], [-0.8047393210013423, -0.41486889753835765, 0.42459206668237065], [0.37981827234726406, -0.9095262640683599, -0.16881959294167276]], "T": [-0.15719525078402175, -0.11954111959511828, -0.13714583442922887], "aligned_model": [[0.2737060607985551, -0.20134136811788383, -0.5610710530723353, 0.4989803536419932, -0.5898767598918488, 0.31220126123762826, 0.513134824520731, -0.1673460908509112, -0.4158667563065286, 0.012016393131771552, 0.19733071991558082, -0.043874282742947926], [0.37505969965528274, 0.753811598146217, 0.19297389008930516, -0.20153700750462872, 0.5347837612699083, 0.5121222229449438, -0.02080592005902944, -0.5960671068647847, -0.5020341678720357, -0.19086617417781013, -0.744104209235698, -0.020283759163926177], [-0.4703346630314622, -0.375715400536656, -0.5360082643491412, -0.4924500746078312, 0.10144511000027381, 0.2912572097568441, 0.08780014018721147, -0.31768729838795084, 0.2965076944419438, 0.5709647265243272, 0.25573609339528824, -0.09884906413534636]], "inverted": true, "swapped": false, "error_lsq": 0.04047061418864253, "error_max": 0.24064096251508754, "target": "468.xyz", "model": "28.xyz", "model_rescale": 4.137296879288765, "target_rescale": 4.165511049452558},
{"mapping": [5, 6, 3, 7, 2, 0, 1, 9, 8, 4, 11], "R": [[0.2762432224664179, 0.945251384750178, -0.17375126379177896], [-0.8382004173171753, 0.1485005682767499, -0.524754839549666], [-0.47022307732679647, 0.2905983497017035, 0.8333323806861006]], "T": [-0.055828644689577045, -0.09694129527670418, 0.009584142954845096], "aligned_model": [[0.4087226656032205, -0.026597586648956315, -0.06556991276396208, -0.5857283285573897, -0.003847788213794903, 0.5050520571960591, 0.6588304359860121, -0.3016299158196558, -0.49519240945147475, 0.21696503213548535, -0.08958523875564499], [-0.32870870459230506, -0.7296001217854287, -0.23714178387095047, 0.1071607967697316, 0.832738806260565, -0.14380383894076432, 0.4467337343660422, -0.5181451220172081, 0.15288550341210205, 0.3096654712209536, 0.02736307582521437], [0.3762417246816539, -0.2894445490351001, -0.7161936312496662, -0.2666070480229322, -0.17313535359614246, -0.34635068413394343, 0.008661777196750362, 0.47208257214373295, 0.30352521084519474, 0.5088497623448632, -0.07187575939141182]], "inverted": false, "swapped": true, "error_lsq": 0.04418299817497349, "error_max": 0.2342396894522109, "target": "468.xyz", "model": "29.xyz", "model_rescale": 3.607286011436655, "target_rescale": 4.165511049452558},
