[{"mapping": [5, 4, 15, 12, 13, 1, 3, 0, 11, 9, 7, 16], "R": [[0.7509541726345421, -0.4795794095296906, -0.4539509010431893], [0.20181680471784516, -0.48786664345140635, 0.8492679880585029], [-0.6287589426292475, -0.7293762596647985, -0.269578307549289]], "T": [-0.11478291074885677, 0.00843566497517119, 0.05551696259298636], "aligned_model": [[-0.24989730861512074, 0.19744172564309942, 0.25475787170476094, -0.014018756872994531, 0.08648661054239959, -0.5850686753995462, 0.39243893698043303, -0.2868912598829286, 0.5512098367070779, 0.25275270226198154, -0.6421414506209548, -0.11942776998765842], [-0.353188793844475, -0.6579942405498506, -0.18957159956841813, 0.7030865456439424, 0.326883011050423, -0.5871347597441229, -0.19114482865062804, -0.556925947848464, 0.16438459661071309, 0.4552181547534474, -0.02774212562730187, -0.03231497624820817], [-0.5079948578241206, 0.045225948539127175, -0.524519113189969, -0.07780326946668192, -0.665773898276172, 0.009062005392190237, 0.5096434193084293, 0.5391403744965687, -0.02654691271103611, 0.4092465343826903, 0.4779473911744302, -0.00567587647189411]], "inverted": false, "swapped": true, "error_lsq": 0.04182291671076279, "error_max": 0.24589992184438064, "target": "469.xyz", "model": "0.xyz", "model_rescale": 3.751011558992144, "target_rescale": 4.121139129439736},
{"mapping": [14, 10, 6, 7, 13, 9, 5, 1, 12, 3, 11, 4, 0, 2, 16], "R": [[0.2995539067541509, -0.6897220425067624, 0.6592047944520928], [0.6916798155208196, 0.6328951328842218, 0.34788329016000274], [-0.657150279425803, 0.3517488519551465, 0.6666530247428762]], "T": [0.024072433357777995, -0.011999090772433024, 0.0358031972261092], "aligned_model": [[0.26301967660878905, 0.04198542269627571, -0.5010441062821717, 0.13606626427451976, -0.2334105217086556, -0.54613538181984, 0.4819330945989945, 0.720891947507006, -0.6481394155014203, 0.022715059165784496, -0.2847085863746913, 0.5830354495808123, 0.5428843135744946, -0.112644695446296, 0.07263769021543269], [-0.060201204626126825, -0.5224591173153807, 0.38632847093009337, 0.44147540310653033, -0.7781726154799666, 0.2605763838535632, -0.5165494195997506, 0.04446397425513167, -0.23758170189004768, 0.43351768861883877, -0.1515692515819077, 0.0438589899248959, 0.5482996206851656, 0.7239536292906688, -0.06718350034460155], [-0.7484327965273313, -0.4803543755324952, -0.34450611298350814, -0.45376967205712687, 0.129927032061106, 0.28154144843058926, -0.012841453509286109, -0.26300339786586474, -0.052010587633212695, 0.5879355833029337, 0.6356159518726567, 0.5113651478004737, 0.029004041218919314, -0.011387747059210689, 0.04058334333333325]], "inverted": true, "swapped": true, "error_lsq": 0.03480451042198728, "error_max": 0.2473650338682684, "target": "469.xyz", "model": "1.xyz", "model_rescale": 3.9405287249114394, "target_rescale": 4.121139129439736},
{"mapping": [11, 4, 3, 10, 1, 9, 13, 5, 7, 6, 8, 12, 16], "R": [[0.12307385806377164, -0.9815673189599159, 0.14621362389032688], [-0.8425428073859633, -0.025498336605119076, 0.5380255129197428], [-0.5243800560504555, -0.1894081127624037, -0.8301506632150012]], "T": [-0.026233797405438485, -0.012437954134216566, -0.06997684720938042], "aligned_model": [[-0.4058425193243978, 0.24326486334251837, -0.4249835366267052, 0.40561929688513154, 0.6091822694999132, -0.7012808612240415, 0.10597741109496986, 0.6055667473960347, 0.005375793118313529, -0.5200019388938766, -0.032639335404813334, -0.43257801216675673, 0.03832310158764144], [0.5498767039458006, 0.46118071436455715, 0.30275123193503295, -0.2664039749131707, -0.22209628389879174, 0.028978522555149797, 0.35719030281792086, 0.20624272652980521, -0.6279984382728308, -0.5829550014182506, -0.6888932650893781, -0.07946395191608525, 0.02042330693225768], [0.049607148891658556, -0.5647240313579537, -0.5649431464608868, 0.4556780957357858, -0.43097643302741767, -0.020806052516006035, 0.6428161005713484, 0.06995368187576594, -0.3491711402283569, 0.028768883112445284, 0.33964905374325016, 0.5138548406493846, -0.05658665140037404]], "inverted": true, "swapped": true, "error_lsq": 0.038733808870272786, "error_max": 0.2107049114952018, "target": "469.xyz", "model": "2.xyz", "model_rescale": 3.932901565614263, "target_rescale": 4.121139129439736},
{"mapping": [10, 1, 14, 5, 8, 6, 7, 12, 11, 9, 0, 4, 2, 16], "R": [[-0.6471196013555903, 0.15262744801435868, -0.7469545392150757], [0.7217229560497858, 0.4383506028560201, -0.5356908844534534], [0.24566683995228386, -0.8857503096744523, -0.39382000032942843]], "T": [-0.018044737163557766, 0.043133754062095325, 0.08851941048036116], "aligned_model": [[-0.3254999842004247, 0.5623054985853194, 0.12672605090276667, 0.03522584006619128, -0.3070420132261266, -0.19759392596671477, 0.3382964929762481, -0.6895780589004487, -0.3362990145240129, -0.2981943670835014, 0.7347341773497662, 0.4675476836968474, 0.32240498684651264, -0.013223454469718886], [0.0027657654810475385, 0.11354547361465317, -0.3545435391098696, 0.5091404306325715, -0.5665478461781671, -0.6802086699170138, -0.5068881727218446, -0.17846528553852226, 0.3960782983127711, -0.20182171382915431, -0.06429889275377951, 0.5777565979632047, -0.48329412075940126, 0.10027831315399344], [-0.5681012184742441, -0.3975533082539928, -0.6152841929160289, -0.4080425136242926, -0.3240276997078547, 0.24209422781570658, -0.07988527134215315, 0.19052141262621616, 0.5872630843224889, 0.655383268534615, 0.1587246374918661, 0.23028457933525587, 0.5002385413592136, 0.04228081589030161]], "inverted": false, "swapped": true, "error_lsq": 0.04262585195150932, "error_max": 0.3427066884886881, "target": "469.xyz", "model": "3.xyz", "model_rescale": 3.9243930471874484, "target_rescale": 4.121139129439736},
{"mapping": [8, 7, 6, 12, 9, 10, 13, 2, 3, 4, 11, 15, 16], "R": [[0.054740873146124636, -0.9703561390944737, 0.23539838599460755], [-0.20371784467605347, -0.24164669100228953, -0.948739119298971], [0.9774980698537175, 0.003979955943267832, -0.21090681208284012]], "T": [-0.10474946333546774, -0.00029894148171916157, -0.11986234481796049], "aligned_model": [[-0.010654122821613168, -0.08261601896265877, 0.4499124087242212, 0.3296050818541057, 0.563617495658041, -0.485915861364406, -0.24628374099787037, 0.3636496515346158, 0.23831716259121166, -0.4423407222057464, 0.21806642181066654, -0.4463376760011175, -0.1718141935080974], [-0.609973987825788, 0.055115012748630565, -0.24667416322089605, -0.5416821665492125, 0.016797504398094354, -0.6106942021143856, -0.5572112082892668, 0.3602561035499687, 0.5991787421145301, 0.6026227501798818, 0.10218321817812127, -0.03539225461439022, -0.006695794873700742], [-0.6147043419510845, -0.7938821764380417, -0.5788796166538274, 0.04957164730091787, -0.006659210469553145, -0.2170156083356921, 0.45632808700333843, -0.5815411220975402, 0.04221483427926642, 0.13358690686120578, 0.4800444811315849, 0.5080668456640685, -0.09006041092367942]], "inverted": false, "swapped": true, "error_lsq": 0.037459243509897586, "error_max": 0.25644819162651866, "target": "469.xyz", "model": "4.xyz", "model_rescale": 3.8936222436046832, "target_rescale": 4.121139129439736},
{"mapping": [0, 1, 4, 3, 15, 10, 8, 12, 9, 2, 11, 16], "R": [[-0.09160944663534985, -0.9890243822743345, -0.11592446055098249], [0.991946918265707, -0.10085937659987344, 0.07660742454261085], [-0.08745867955973209, -0.10797294762465373, 0.9902993597649714]], "T": [-0.13480814424818124, -0.02700309765644682, 0.012832593952179117], "aligned_model": [[-0.028497292206244, -0.6056304705693484, -0.24373052697777556, 0.39255513798214337, -0.5078487726750102, -0.7060010113340573, -0.23752275715468354, 0.05728293464699771, 0.4835074914484755, 0.46401257586222855, 0.16083399876831753, -0.20141326557594613], [-0.6113736369854433, -0.544481228964153, 0.006129429872986817, 0.03575787452414994, 0.5221035426011738, -0.03163826600418751, -0.3299520174333863, 0.34396180811024235, 0.19036439978041927, -0.47756912731117007, 0.5740328897589837, -0.00841276283980815], [-0.4671212758519042, -0.2847806028952401, -0.7143242651081303, -0.4575781243195894, -0.2546215200301301, 0.4611920229886684, 0.736087637259319, 0.5924476395600888, 0.18678309171901242, -0.01797264564886064, -0.14826474828615827, -0.012562490111556905]], "inverted": false, "swapped": true, "error_lsq": 0.04179752899833581, "error_max": 0.24131886092105018, "target": "469.xyz", "model": "5.xyz", "model_rescale": 3.6523030999806103, "target_rescale": 4.121139129439736},
{"mapping": [0, 1, 5, 4, 15, 7, 10, 3, 8, 12, 13, 11, 16], "R": [[-0.593178758057982, 0.08895942869162637, 0.8001407257699421], [-0.5934410304912345, -0.7199294592930998, -0.3599018157379133], [0.544028220148819, -0.6883224489211468, 0.47983903758750573]], "T": [0.04141172896484088, -0.13630722832186237, -0.037491498071909754], "aligned_model": [[0.1421759040339505, -0.047104201408348756, 0.16519165496893248, 0.6523288657985002, 0.5118549892799742, -0.42789011205332506, -0.407495015399962, 0.5343435899072752, -0.7376417734466247, -0.21921938234748664, 0.11494100748667099, 0.5354424879178744, 0.064154889926864], [-0.6487369655771745, -0.1046329022605023, 0.40621186531770515, -0.1951757388893198, 0.4030061257063432, -0.5261957427531065, 0.4244391428597899, -0.6350365645741067, -0.053974729699481416, 0.041568600858554294, 0.592506114964709, -0.08501671443304079, -0.07813558735718591], [0.5196520983523457, 0.7169570166861613, 0.3586464632901526, 0.3687518992959352, -0.04326738839917668, 0.255093630449633, 0.0690692633354869, -0.14530821555106538, -0.14576521334382492, -0.6785056618827744, -0.39189690751717177, -0.5148841885955453, 0.0015669433616333078]], "inverted": true, "swapped": true, "error_lsq": 0.041496240112486385, "error_max": 0.24801358196544163, "target": "469.xyz", "model": "6.xyz", "model_rescale": 4.08911054899281, "target_rescale": 4.121139129439736},
{"mapping": [10, 5, 1, 8, 6, 2, 7, 0, 12, 13, 9, 11, 3, 4, 16], "R": [[0.21964207209957126, -0.5372857949475812, 0.8142980625737436], [0.43901108258977073, 0.7998275926776455, 0.4093227227443401], [-0.8712213435902293, 0.2675813830202468, 0.4115502082781731]], "T": [0.03123851568147011, -0.0865186504062182, 0.013399397636853792], "aligned_model": [[-0.1080519733588108, 0.4186070593907906, 0.6521214530016916, -0.43591939432062493, -0.5215660555363357, -0.04166598525374415, 0.08079932910693025, 0.5880181609482937, -0.6627974262875851, -0.2725194289042688, -0.4462396480971269, -0.15685961424989658, 0.18799816908344524, 0.6801581520284369, 0.07425074224835924], [-0.7124539349084943, -0.6487341596056981, -0.2168981354460932, -0.26273131470121586, 0.27067450104405566, 0.6223110056235003, 0.19838249334196728, 0.36723423297888863, -0.2236159827323333, -0.7523977664729841, 0.3240566442843939, -0.013627131219693, 0.4846443348986741, 0.009012847733080587, -0.1450988186489352], [-0.32735290694712965, 0.03420934807544164, -0.40557132008370805, -0.599902144373512, -0.36852671648098073, -0.22067413178376677, -0.5983508726238078, -0.24592933018502008, 0.11332926164582047, 0.3690885207257444, 0.2649230753822935, 0.6721154278950285, 0.4039585739746422, 0.34730954415087795, 0.025443702710156835]], "inverted": true, "swapped": true, "error_lsq": 0.04513140551872568, "error_max": 0.3211828239672682, "target": "469.xyz", "model": "7.xyz", "model_rescale": 3.964800864290218, "target_rescale": 4.121139129439736},
{"mapping": [2, 0, 3, 6, 11, 14, 12, 4, 1, 5, 10, 13, 15, 16], "R": [[-0.3228538203001699, -0.22281126059929668, 0.9198481140208625], [-0.9000993880964414, 0.3727004895048701, -0.22564449178130153], [-0.29255170870462754, -0.9008049107731275, -0.3208800561908145]], "T": [-0.0189484199926792, 0.008697452409652409, 0.009788928367457157], "aligned_model": [[-0.17751281714843023, 0.2952812727073205, 0.3728504716439066, -0.6690277077313982, 0.23047924137435932, -0.4441415527918273, -0.5204475273509983, 0.7046039335702051, 0.2175614351628528, 0.27079374188914923, -0.37001309126560183, -0.08547140828362847, 0.41694831148552486, 0.019283586199438523], [-0.26832432454332744, -0.6062659435023264, 0.11827477698910256, -0.039524207528696086, 0.6253818617419626, -0.5789891482739825, 0.5174282928104788, -0.12272749743037899, -0.65919308261386, -0.09367433872469534, -0.061266872012573824, 0.5928876543395963, 0.3826397175645805, 0.004301577365321973], [-0.6689313614041795, -0.31613493321915676, -0.5714370632993885, -0.3827909860618719, -0.16933971145184976, 0.39486110593035023, 0.022403298765516756, -0.020516545256817197, 0.28549931250676985, 0.6198243515070946, 0.6415860031418644, 0.5723501591632235, 0.4368373304667709, 0.0726040779366951]], "inverted": true, "swapped": true, "error_lsq": 0.041214839257000535, "error_max": 0.2394286061184457, "target": "469.xyz", "model": "8.xyz", "model_rescale": 4.121658175737393, "target_rescale": 4.121139129439736},
{"mapping": [1, 7, 8, 10, 0, 4, 9, 11, 12, 3, 5, 13, 16], "R": [[-0.45812464965120614, 0.38670268994102597, -0.8003641889629585], [-0.3215111038620244, -0.9115357748868311, -0.2563847522667579], [-0.8287052645394393, 0.13986979907699496, 0.5419262162239237]], "T": [-0.0322421590151862, -0.05496659684969523, -0.03921740326176299], "aligned_model": [[-0.6723307227079722, -0.24830648426336285, 0.34872494221234984, 0.17982328293098068, -0.7113096186812451, -0.618413729134584, 0.3796711572683674, 0.24645909739124103, 0.6815142470808688, -0.24043419339728328, -0.2771921726255608, 0.46713042835234847, -0.05859873799095123], [0.2318283188442382, -0.2799604640225951, 0.06110881653291048, 0.5497405074877512, -0.36234674907586367, -0.034761777274043386, -0.5732236515231856, -0.21127758499751584, -0.07420169475730895, -0.6060394269429271, 0.573330880974797, 0.5058183279655544, 0.010371936199898714], [-0.33258781970443646, -0.6396816371592065, -0.7224573051689226, -0.38078221423812714, -0.20514349788693914, 0.40543257499991503, 0.10761132387192673, 0.5711049486423895, -0.06469972580091699, 0.3561457559875975, 0.06948168444749905, 0.27435224686777854, -0.017700900899468873]], "inverted": true, "swapped": true, "error_lsq": 0.039858158993968384, "error_max": 0.23564702943586893, "target": "469.xyz", "model": "9.xyz", "model_rescale": 3.833441315466971, "target_rescale": 4.121139129439736},
{"mapping": [1, 5, 8, 12, 13, 10, 15, 9, 2, 6, 0, 3, 4, 14, 16], "R": [[-0.19644910606437416, -0.2522633030951702, -0.9475077702256709], [0.33909430099761106, -0.924189923571436, 0.17574993655749885], [-0.9200123932629658, -0.2867685671068878, 0.2670973327497161]], "T": [-0.013884938463208964, 0.06234174914054393, 0.024790718622512087], "aligned_model": [[0.19973008644690313, -0.12481168318589264, -0.6258415040146998, -0.5492968392755178, -0.5683861447697456, -0.6290790523250934, -0.04845731169756396, 0.011325344201584382, 0.34864662655000883, -0.257266838077422, 0.5966825430654078, 0.5904154991544468, 0.5870006527329569, -0.3860008343672739, -0.020815526143565917], [-0.6457272742857217, -0.4959530078568086, 0.01612200761289962, 0.533921591864334, 0.10139904411606501, -0.3229490580863482, -0.08147557249644186, 0.7344831305382266, 0.3717486375270649, 0.4626346484171361, -0.22204657104891465, 0.4301924823622504, -0.19449068454445081, -0.4936808521926457, 0.006923017368332944], [0.20096612405345898, -0.35280157882496294, 0.5235883677141064, -0.012813714650940916, -0.5695001010191387, 0.0048872029164279684, -0.6754452736859851, 0.11088389502477812, 0.6039135091318184, 0.6244391521036199, 0.38462022752510344, -0.028538767612763347, -0.31387217396938777, 0.5010406000480685, -0.023245560932110422]], "inverted": false, "swapped": true, "error_lsq": 0.03214643726503742, "error_max": 0.19649605454941602, "target": "469.xyz", "model": "10.xyz", "model_rescale": 4.2482417240324, "target_rescale": 4.121139129439736},
{"mapping": [6, 12, 11, 13, 0, 4, 3, 5, 10, 1, 14, 16], "R": [[-0.8571293668321495, -0.500888912014302, 0.12016466342085602], [0.3431846996024105, -0.38133690235342443, 0.8583742941527888], [-0.3841269457779837, 0.7769764891710842, 0.49875246846773025]], "T": [-0.05869827738002242, 0.020527153925442687, 0.037280135283575065], "aligned_model": [[-0.670330475840264, -0.016787943415938394, 0.29082681150691825, 0.6071246947643877, -0.4611264794838807, 0.2088551861033896, -0.1877168443490544, 0.43344759763812474, 0.1462823606975794, -0.1302920992166347, -0.34311144526390847, -0.0004057607777120595], [-0.43218650017721805, -0.6908813369935233, -0.18076831996478102, -0.42509818637823243, 0.6675271340005278, 0.65884508978384, 0.26790216970065883, 0.28809667983322135, -0.22291110208740622, 0.6228446206466921, 0.06223099451091002, 0.05053014717595007], [0.039229300011805794, 0.08835878005886463, 0.595772062711333, -0.1051153149266483, 0.08816441155587315, 0.28764847285432515, 0.6895814658710764, -0.3535813593475485, -0.6154293769223094, -0.42110713356150953, -0.7320151671525849, 0.0036861487016790553]], "inverted": true, "swapped": true, "error_lsq": 0.042300746681278735, "error_max": 0.219018495881319, "target": "469.xyz", "model": "11.xyz", "model_rescale": 3.6694154284099745, "target_rescale": 4.121139129439736},
{"mapping": [5, 4, 3, 0, 1, 13, 10, 12, 2, 6, 9, 7, 11, 16], "R": [[-0.9376529400271703, 0.33250343368965235, -0.10123453285808569], [-0.19859872419293206, -0.7515665330505905, -0.6290519002016093], [-0.2852464036711831, -0.5697273145838337, 0.7707433270614478]], "T": [0.02358176829642427, 0.0020283510743673155, -0.041944269176643616], "aligned_model": [[0.08130262886141407, 0.05595622332697641, -0.1338492748299469, 0.5926427005797036, 0.6512355477897696, -0.5502812581783469, 0.1358781268191446, -0.41257146891101854, 0.3244669820879694, 0.16231150397986743, -0.33995393985771283, 0.628724315077444, -0.6198960443142458, 0.022298807824791562], [-0.4648414689713037, 0.286871710797223, 0.6781454041994939, 0.4414254246460571, -0.14710983795665322, -0.5718724400913359, -0.7089429383311885, -0.2044894664214149, 0.594179737533378, 0.14620539545842093, 0.38992736638790876, 0.10346955485396221, 0.23139902255407369, -0.0433801765223677], [-0.5371963210283515, -0.7198344539423667, -0.18829457519714005, -0.29932824055594287, -0.444236983431076, -0.10108602381032333, 0.05406774728410935, 0.4849222127017432, 0.3064374013164166, 0.6922317576434305, 0.37900438894915517, 0.24331966010909373, -0.13097397385334952, -0.09993713653298333]], "inverted": false, "swapped": true, "error_lsq": 0.0351008498521709, "error_max": 0.2806886864278773, "target": "469.xyz", "model": "12.xyz", "model_rescale": 3.9764082729961374, "target_rescale": 4.121139129439736},
{"mapping": [10, 1, 14, 6, 13, 15, 11, 8, 7, 5, 0, 2, 4, 3, 9, 16], "R": [[0.887723345936936, 0.0017490712056530688, -0.46037398039903266], [0.38418850394200615, -0.5538064764567926, 0.7387134627670701], [-0.2536660294902226, -0.8326435776395743, -0.4922989113315566]], "T": [-0.006587274978913947, 0.06597353733498021, 0.0222159215723408], "aligned_model": [[-0.232854247805039, -0.2711002506018518, -0.6730987160125425, -0.5465182304566166, 0.41575616792099185, 0.6113028472536207, 0.5785735303950736, -0.6455966589010336, -0.6441178364836101, 0.19744060859908824, -0.24744350715771063, -0.38870832136986, 0.4127571993920899, 0.2818742098231781, 0.06591809351769148, 0.024655425695923598], [0.1595860826401763, -0.6159310606569837, -0.12541053947541622, 0.5312874694038253, 0.4470387340151635, -0.02493092758449736, 0.3667487270947605, 0.42064826215536255, -0.10020183688014228, -0.2954788384707403, -0.5407357294290784, 0.07589305209170646, -0.5151708925648821, -0.03437144083837332, 0.5690209349682835, 0.027472120874078507], [-0.6614132923813243, -0.1853169655719603, -0.4177613015317386, 0.2886833792233546, -0.5596723585253955, -0.32729415127724704, 0.22647557410097846, -0.2799413954014815, 0.17650090869805285, -0.520276957850282, 0.41849711300174974, 0.667529855895262, 0.18996666204553841, 0.6625736903859294, 0.47111225396523126, -0.032266071923969006]], "inverted": false, "swapped": true, "error_lsq": 0.03861680858491854, "error_max": 0.29267695160873536, "target": "469.xyz", "model": "13.xyz", "model_rescale": 4.170626492500431, "target_rescale": 4.121139129439736},
{"mapping": [10, 8, 13, 12, 5, 3, 11, 14, 1, 6, 7, 9, 0, 16], "R": [[-0.6460934638687984, 0.7447661341034264, -0.16699293828978173], [0.2610658644411368, 0.010043266728232914, -0.9652687435201803], [-0.7172223158614208, -0.6672499818554234, -0.20092190359519674]], "T": [-0.05345449887066876, 0.15581104226223466, 0.06054388991653229], "aligned_model": [[0.2409282697807179, 0.098026985078761, -0.34380129130561676, -0.5599284719518245, 0.33177294892875553, -0.3571836181876184, -0.6555426668121319, 0.5913292207567702, 0.6898383976636251, -0.25047723444482234, 0.33494103382036894, -0.6516770017671679, 0.3933236056441157, -0.018367155112289174], [-0.3289353343857472, -0.6166106140147439, -0.02735218247354021, -0.3288569890720503, 0.2999285892091109, 0.6694382612740886, 0.44732524296845144, -0.3527796220223417, 0.31545377227172705, -0.3902291192426043, -0.11070086611815519, 0.07362596803306494, 0.5268514394735969, 0.17891592202480933], [-0.39296320997179235, 0.13699218814852387, -0.6772424013790457, -0.07747262717689024, -0.4848034009001762, 0.4443054264308824, -0.10410785584886634, 0.06644421547075885, 0.06833895237348028, 0.552549562381877, 0.5463253654562011, 0.3690841313186054, 0.5563916393324901, 3.1115484818308725e-05]], "inverted": false, "swapped": true, "error_lsq": 0.04338218183055758, "error_max": 0.2765419278977172, "target": "469.xyz", "model": "14.xyz", "model_rescale": 3.9786697098870705, "target_rescale": 4.121139129439736},
{"mapping": [1, 10, 4, 0, 15, 11, 8, 12, 3, 7, 13, 16], "R": [[-0.06670624174508316, -0.5780232176184964, -0.8132892703129724], [0.9905931492866514, -0.13597195530356448, 0.015389605494597947], [-0.11948008159773083, -0.8046121968158859, 0.5816560176225409]], "T": [0.07513039298535062, -0.016700292252769786, 0.037964961180972825], "aligned_model": [[0.014405325572116212, -0.638936349683846, 0.5356291409938412, 0.5413867105728684, -0.01695694066997644, 0.3503992465229241, -0.5057929168814117, -0.24906911323077757, 0.7719168795876845, 0.06436382403920617, -0.43177384625539683, 0.04778263620010472], [-0.5357603415223237, -0.07071264824046758, 0.053020871395408134, -0.5679352743402932, 0.5305586618201896, 0.6043764971335637, -0.36422211814621736, 0.32852578856950854, 0.09470513368061194, -0.6727734287840963, 0.6144012940324016, 0.0004900546261534626], [-0.5142306796220656, -0.08245225609207073, -0.5319462686966215, -0.21081542886244575, -0.41396055932586945, 0.15238335362624073, 0.446844999760615, 0.572924004740356, 0.1115491857113239, 0.20323882365016455, -0.045326805666978456, -0.028241875348818862]], "inverted": false, "swapped": true, "error_lsq": 0.042441696281864456, "error_max": 0.27844656289250497, "target": "469.xyz", "model": "15.xyz", "model_rescale": 3.769337070930944, "target_rescale": 4.121139129439736},
{"mapping": [15, 12, 4, 3, 5, 10, 1, 8, 0, 2, 16], "R": [[-0.5031339987548369, 0.8347596456644854, 0.22367948781028377], [-0.16416467141381336, 0.16179483068514897, -0.973073683450107], [-0.8484728280602524, -0.5263067230557359, 0.05563356279954074]], "T": [-0.09982311448058158, -0.028972348080382633, -0.012829279221218952], "aligned_model": [[-0.15714065767463453, -0.362904393040401, -0.15838073994974328, -0.6426132477264107, 0.33314234080311195, 0.4414941964845026, 0.5201632206704593, 0.28126406943351445, 0.061210799033702676, -0.33245392376908467, -0.061155533573845726], [0.10227962306200566, -0.6896097914397047, 0.6691025738444766, 0.3929036022908776, 0.1383707709426946, -0.44286685385478347, 0.40518089520416467, -0.6480113776778602, 0.5798586322856969, 0.09585149930134848, -0.006995076333573963], [-0.7140401856050207, -0.08221194492131248, -0.23861979141659628, 0.16248976905385235, -0.5139389643439265, -0.2637791960186086, 0.058995506566291885, 0.2986019900167898, 0.41907297555665607, 0.6892012602810498, -0.07155381194539814]], "inverted": false, "swapped": true, "error_lsq": 0.03912105651580081, "error_max": 0.20165524627802356, "target": "469.xyz", "model": "16.xyz", "model_rescale": 3.7852294659196426, "target_rescale": 4.121139129439736},
{"mapping": [4, 11, 13, 15, 3, 9, 6, 12, 5, 1, 7, 10, 16], "R": [[-0.04173237444890842, 0.9701752721297826, 0.23878515504687176], [-0.9411269777027319, -0.1184149647630738, 0.31663529171632365], [0.33546746602759786, -0.21151320873189566, 0.9179998593512746]], "T": [-0.03427530211649904, 0.15185426444651112, -0.03194394519360411], "aligned_model": [[-0.029602496102251213, -0.41951065781124847, 0.29303057866993004, 0.2299459426943436, -0.6241452654470581, -0.6450622771144519, -0.37498259381409543, -0.18958463989144209, 0.5685856439160761, 0.45102908970250705, -0.02015484925111404, 0.5886804234758269, 0.025536951189260415], [-0.19318564837449936, -0.40405658521254045, -0.3918931895043057, -0.5123412316650728, -0.00882953860100455, 0.1309136286502335, 0.7012230619482591, 0.08784183813443464, -0.12437991000149151, 0.41613890027899925, 0.8158636930924095, 0.24406439450538814, 0.11369621045206421], [-0.6820551441148796, 0.09904359820719646, 0.47735773860606523, -0.0671659930308997, -0.39190416068602174, 0.2618627785340081, 0.36950326648310144, 0.6624975310117067, -0.19573369485122422, -0.5541164960099081, -0.16138667608504476, 0.3296254252840201, -0.05177347620494602]], "inverted": false, "swapped": true, "error_lsq": 0.03894857634717315, "error_max": 0.3346997092046229, "target": "469.xyz", "model": "17.xyz", "model_rescale": 3.901054581598922, "target_rescale": 4.121139129439736},
{"mapping": [14, 10, 6, 7, 13, 9, 5, 1, 12, 3, 11, 4, 0, 2, 16], "R": [[0.2995539067541509, -0.6897220425067624, 0.6592047944520928], [0.6916798155208196, 0.6328951328842218, 0.34788329016000274], [-0.657150279425803, 0.3517488519551465, 0.6666530247428762]], "T": [0.024072433357777995, -0.011999090772433024, 0.0358031972261092], "aligned_model": [[0.26301967660878905, 0.04198542269627571, -0.5010441062821717, 0.13606626427451976, -0.2334105217086556, -0.54613538181984, 0.4819330945989945, 0.720891947507006, -0.6481394155014203, 0.022715059165784496, -0.2847085863746913, 0.5830354495808123, 0.5428843135744946, -0.112644695446296, 0.07263769021543269], [-0.060201204626126825, -0.5224591173153807, 0.38632847093009337, 0.44147540310653033, -0.7781726154799666, 0.2605763838535632, -0.5165494195997506, 0.04446397425513167, -0.23758170189004768, 0.43351768861883877, -0.1515692515819077, 0.0438589899248959, 0.5482996206851656, 0.7239536292906688, -0.06718350034460155], [-0.7484327965273313, -0.4803543755324952, -0.34450611298350814, -0.45376967205712687, 0.129927032061106, 0.28154144843058926, -0.012841453509286109, -0.26300339786586474, -0.052010587633212695, 0.5879355833029337, 0.6356159518726567, 0.5113651478004737, 0.029004041218919314, -0.011387747059210689, 0.04058334333333325]], "inverted": true, "swapped": true, "error_lsq": 0.03480451042198728, "error_max": 0.2473650338682684, "target": "469.xyz", "model": "18.xyz", "model_rescale": 3.9405287249114394, "target_rescale": 4.121139129439736},
{"mapping": [5, 1, 7, 0, 15, 8, 14, 13, 10, 12, 2, 9, 4, 11, 3, 16], "R": [[0.6855632959726424, 0.6818185458905403, -0.25519881993229754], [-0.6389667082140581, 0.39553673305982245, -0.6597516491790333], [-0.3488904025753913, 0.6153650650468167, 0.706824818261717]], "T": [0.09944033654219417, 0.03200645321850894, -0.024752074620966208], "aligned_model": [[-0.49253082986483465, -0.04245596289214629, 0.6078278622594291, 0.3350415034728441, -0.5927438663797128, 0.48541951192447097, 0.2552186496037522, -0.45079058725619625, -0.12876646067517758, 0.23975149831917617, 0.7778501003376874, 0.4755082836366148, -0.27813405495435684, -0.10925600653792741, 0.2537224055717133, 0.0315030514060501], [-0.17297867639815018, -0.6539198661981385, -0.3180258474151822, -0.6712479539989584, 0.16291781279413453, 0.24929074023925735, -0.2560193659926882, 0.5974051048256275, 0.16935075710043168, 0.7209453321399248, -0.1606345648042279, 0.4591944811597363, -0.43740886010693725, 0.43991730861937894, -0.08858476566887118, 0.012150492682299008], [-0.29701106208678063, -0.32038938420875096, -0.30202962746036144, 0.15710493103893347, 0.10155058203194567, -0.6799114538203046, -0.7778918806218726, -0.22412342074015337, -0.7003015944167407, -0.1518093215136884, 0.23058024856071588, 0.3439007673782908, 0.3981022620246668, 0.48969467578494363, 0.6571511560811494, -0.04517312135711483]], "inverted": true, "swapped": true, "error_lsq": 0.034360227939868156, "error_max": 0.23459504417027666, "target": "469.xyz", "model": "19.xyz", "model_rescale": 4.410303926677745, "target_rescale": 4.121139129439736},
{"mapping": [2, 0, 3, 6, 11, 14, 12, 4, 1, 5, 10, 13, 15, 16], "R": [[-0.3228538203001699, -0.22281126059929668, 0.9198481140208625], [-0.9000993880964414, 0.3727004895048701, -0.22564449178130153], [-0.29255170870462754, -0.9008049107731275, -0.3208800561908145]], "T": [-0.0189484199926792, 0.008697452409652409, 0.009788928367457157], "aligned_model": [[-0.17751281714843023, 0.2952812727073205, 0.3728504716439066, -0.6690277077313982, 0.23047924137435932, -0.4441415527918273, -0.5204475273509983, 0.7046039335702051, 0.2175614351628528, 0.27079374188914923, -0.37001309126560183, -0.08547140828362847, 0.41694831148552486, 0.019283586199438523], [-0.26832432454332744, -0.6062659435023264, 0.11827477698910256, -0.039524207528696086, 0.6253818617419626, -0.5789891482739825, 0.5174282928104788, -0.12272749743037899, -0.65919308261386, -0.09367433872469534, -0.061266872012573824, 0.5928876543395963, 0.3826397175645805, 0.004301577365321973], [-0.6689313614041795, -0.31613493321915676, -0.5714370632993885, -0.3827909860618719, -0.16933971145184976, 0.39486110593035023, 0.022403298765516756, -0.020516545256817197, 0.28549931250676985, 0.6198243515070946, 0.6415860031418644, 0.5723501591632235, 0.4368373304667709, 0.0726040779366951]], "inverted": true, "swapped": true, "error_lsq": 0.041214839257000535, "error_max": 0.2394286061184457, "target": "469.xyz", "model": "20.xyz", "model_rescale": 4.121658175737393, "target_rescale": 4.121139129439736},
{"mapping": [0, 1, 5, 4, 15, 7, 10, 3, 8, 12, 13, 11, 16], "R": [[-0.593178758057982, 0.08895942869162637, 0.8001407257699421], [-0.5934410304912345, -0.7199294592930998, -0.3599018157379133], [0.544028220148819, -0.6883224489211468, 0.47983903758750573]], "T": [0.04141172896484088, -0.13630722832186237, -0.037491498071909754], "aligned_model": [[0.1421759040339505, -0.047104201408348756, 0.16519165496893248, 0.6523288657985002, 0.5118549892799742, -0.42789011205332506, -0.407495015399962, 0.5343435899072752, -0.7376417734466247, -0.21921938234748664, 0.11494100748667099, 0.5354424879178744, 0.064154889926864], [-0.6487369655771745, -0.1046329022605023, 0.40621186531770515, -0.1951757388893198, 0.4030061257063432, -0.5261957427531065, 0.4244391428597899, -0.6350365645741067, -0.053974729699481416, 0.041568600858554294, 0.592506114964709, -0.08501671443304079, -0.07813558735718591], [0.5196520983523457, 0.7169570166861613, 0.3586464632901526, 0.3687518992959352, -0.04326738839917668, 0.255093630449633, 0.0690692633354869, -0.14530821555106538, -0.14576521334382492, -0.6785056618827744, -0.39189690751717177, -0.5148841885955453, 0.0015669433616333078]], "inverted": true, "swapped": true, "error_lsq": 0.041496240112486385, "error_max": 0.24801358196544163, "target": "469.xyz", "model": "21.xyz", "model_rescale": 4.08911054899281, "target_rescale": 4.121139129439736},
{"mapping": [0, 4, 6, 8, 1, 2, 10, 7, 12, 5, 14, 11, 9, 15, 13, 15, 16], "R": [[-0.46592095035908165, 0.3316278488474579, 0.8203295910091857], [0.3472162408957421, -0.784219658855101, 0.514237696715652], [0.8138541331680513, 0.5244258732499728, 0.25023779369088783]], "T": [-0.0628529778936073, 0.031436770145768, 0.04273085988971231], "aligned_model": [[-0.608770480396535, -0.3713757991544536, -0.4929370224295804, 0.10839778939378014, 0.23093208712830524, 0.17085358297107875, -0.3768124166404344, -0.738443742953284, -0.33702979025780067, 0.1722483151346758, 0.15516371567115453, 0.5985592693504926, 0.19336840030608118, 0.6007568348371285, -0.5633722217486439, 0.6007568348371285, -0.10349084144064583], [0.13795992087825854, 0.6138836709646273, -0.4713729634355041, -0.456440378211425, 0.11260725474868548, 0.6358676434210212, -0.579584048519502, -0.14267985863907362, 0.09465585529900061, -0.6049879706476909, 0.3759635910175378, -0.26633542023532814, -0.25223277329382593, 0.33317368776091855, 0.3830309843091568, 0.33317368776091855, 0.053146814677624964], [-0.49644100231960525, -0.18500025865914269, -0.30045162072792936, -0.41923351197721814, -0.6901402537895196, -0.2755432235882991, 0.4660728483509767, 0.1807768875620655, 0.725226229008275, 0.23617331973391442, 0.5383038383440907, -0.20172484589274858, 0.6439211850287176, 0.03357297313790771, 0.29291471453634943, 0.03357297313790771, 0.030777264398520087]], "inverted": false, "swapped": false, "error_lsq": 0.0401403231586335, "error_max": 0.35169871417995235, "target": "469.xyz", "model": "22.xyz", "model_rescale": 4.204369325754507, "target_rescale": 4.121139129439736},
{"mapping": [5, 1, 7, 0, 15, 8, 14, 13, 10, 12, 2, 9, 4, 11, 3, 16], "R": [[0.6855632959726424, 0.6818185458905403, -0.25519881993229754], [-0.6389667082140581, 0.39553673305982245, -0.6597516491790333], [-0.3488904025753913, 0.6153650650468167, 0.706824818261717]], "T": [0.09944033654219417, 0.03200645321850894, -0.024752074620966208], "aligned_model": [[-0.49253082986483465, -0.04245596289214629, 0.6078278622594291, 0.3350415034728441, -0.5927438663797128, 0.48541951192447097, 0.2552186496037522, -0.45079058725619625, -0.12876646067517758, 0.23975149831917617, 0.7778501003376874, 0.4755082836366148, -0.27813405495435684, -0.10925600653792741, 0.2537224055717133, 0.0315030514060501], [-0.17297867639815018, -0.6539198661981385, -0.3180258474151822, -0.6712479539989584, 0.16291781279413453, 0.24929074023925735, -0.2560193659926882, 0.5974051048256275, 0.16935075710043168, 0.7209453321399248, -0.1606345648042279, 0.4591944811597363, -0.43740886010693725, 0.43991730861937894, -0.08858476566887118, 0.012150492682299008], [-0.29701106208678063, -0.32038938420875096, -0.30202962746036144, 0.15710493103893347, 0.10155058203194567, -0.6799114538203046, -0.7778918806218726, -0.22412342074015337, -0.7003015944167407, -0.1518093215136884, 0.23058024856071588, 0.3439007673782908, 0.3981022620246668, 0.48969467578494363, 0.6571511560811494, -0.04517312135711483]], "inverted": true, "swapped": true, "error_lsq": 0.034360227939868156, "error_max": 0.23459504417027666, "target": "469.xyz", "model": "23.xyz", "model_rescale": 4.410303926677745, "target_rescale": 4.121139129439736},
{"mapping": [6, 12, 15, 14, 13, 7, 8, 5, 4, 9, 3, 11, 10, 1, 2, 7, 16], "R": [[-0.9399350382503816, -0.12819383556419162, 0.31636760958194643], [0.3378846951151926, -0.21761358870517122, 0.9156845847876715], [-0.04853922821973192, 0.9675797985356028, 0.24785737186865187]], "T": [-0.020772474350265285, -0.01692949404719294, 0.00023612350772644203], "aligned_model": [[-0.4794045148592171, -0.41500763854149303, -0.4541681443261498, 0.06616547109395458, 0.018142962571802413, 0.3913789674398379, -0.28269209124764416, -0.6388269470832545, -0.4031593721216492, 0.07522228782991842, 0.012690350093931036, 0.5569967471496461, 0.24306844470303438, 0.6375298342637571, -0.4822365801676632, 0.3913789674398379, 0.001725770369799276], [-0.06151852296952429, 0.5748410758170237, -0.5563916023228952, -0.4618180789246249, 0.13494331879140098, 0.4392024929460124, -0.5475729710889683, 0.09846301782687569, -0.017672111144664708, -0.6296052460544375, 0.43466270040522786, -0.25607747010419735, -0.2934244380072108, 0.39248802219102036, 0.5556749497483646, 0.4392024929460124, 0.05443206779998524], [-0.6043848814847863, -0.37467995075609295, -0.17430045665711458, -0.5024227376519368, -0.6850425506962757, -0.25275734706862557, 0.57078172362379, 0.017419556403167818, 0.572655621711425, 0.08874268916650366, 0.7775363961977114, -0.09831568442083194, 0.527229920125174, 0.36813654133994106, 0.5406701908703504, -0.25275734706862557, 0.09426583265048788]], "inverted": true, "swapped": false, "error_lsq": 0.03962913615804015, "error_max": 0.3396548109042214, "target": "469.xyz", "model": "24.xyz", "model_rescale": 4.28219845311461, "target_rescale": 4.121139129439736},
{"mapping": [6, 7, 12, 0, 2, 1, 8, 3, 14, 4, 10, 5, 15, 11, 13, 16], "R": [[-0.547597243020992, 0.6673378732812041, 0.5047746252738227], [-0.4706490794500331, 0.25313189287308235, -0.8452299620951252], [-0.6918285217079773, -0.7004173096768883, 0.17546762908395658]], "T": [0.02433479739694732, 0.03707375755095945, -0.006368192941408222], "aligned_model": [[-0.08935461616646531, -0.3647594004741151, 0.08911668598423089, -0.01044706349028935, 0.18157458083803057, -0.4446736990396309, -0.5616135517568464, 0.63647553020991, -0.7860999833113468, 0.31640092571145284, -0.5733721120376242, -0.26504845480951233, 0.21623297174104056, 0.6422554376192118, 0.01910392632349272, 0.0025295887794712438], [0.3751983211433179, -0.18813126349491213, 0.7418791813245106, -0.6719856691424322, -0.1738896106362399, -0.5476690225912435, 0.45244992936283945, -0.25758452806133014, -0.019810008736155772, -0.5549624084833306, 0.3411750718914719, -0.12271557669930458, 0.08207864833783868, 0.27162031782229074, 0.5982089687880681, 0.01924902488884369], [-0.678524346514753, -0.5120872184676516, -0.10393953364712662, -0.28774266443432717, -0.7087321103558505, 0.12066647013839615, -0.3373566600858254, -0.21081239777488087, -0.12638913314336045, 0.3190692085926331, 0.27215971379661946, 0.591376253690626, 0.6816425383752062, 0.18795854743232138, 0.5829352527419277, 0.06170210023379179]], "inverted": true, "swapped": true, "error_lsq": 0.038674048609268395, "error_max": 0.23609811851055792, "target": "469.xyz", "model": "25.xyz", "model_rescale": 4.100010024507729, "target_rescale": 4.121139129439736},
{"mapping": [6, 12, 11, 13, 0, 4, 3, 5, 10, 1, 14, 16], "R": [[-0.8571293668321495, -0.500888912014302, 0.12016466342085602], [0.3431846996024105, -0.38133690235342443, 0.8583742941527888], [-0.3841269457779837, 0.7769764891710842, 0.49875246846773025]], "T": [-0.05869827738002242, 0.020527153925442687, 0.037280135283575065], "aligned_model": [[-0.670330475840264, -0.016787943415938394, 0.29082681150691825, 0.6071246947643877, -0.4611264794838807, 0.2088551861033896, -0.1877168443490544, 0.43344759763812474, 0.1462823606975794, -0.1302920992166347, -0.34311144526390847, -0.0004057607777120595], [-0.43218650017721805, -0.6908813369935233, -0.18076831996478102, -0.42509818637823243, 0.6675271340005278, 0.65884508978384, 0.26790216970065883, 0.28809667983322135, -0.22291110208740622, 0.6228446206466921, 0.06223099451091002, 0.05053014717595007], [0.039229300011805794, 0.08835878005886463, 0.595772062711333, -0.1051153149266483, 0.08816441155587315, 0.28764847285432515, 0.6895814658710764, -0.3535813593475485, -0.6154293769223094, -0.42110713356150953, -0.7320151671525849, 0.0036861487016790553]], "inverted": true, "swapped": true, "error_lsq": 0.042300746681278735, "error_max": 0.219018495881319, "target": "469.xyz", "model": "26.xyz", "model_rescale": 3.6694154284099745, "target_rescale": 4.121139129439736},
