[{"mapping": [1, 2, 8, 4, 6, 7, 0, 5, 9, 10, 3, 11], "R": [[-0.21601961142308237, -0.07775088745520625, 0.9732884089418453], [0.1633057104754885, 0.9799057543439524, 0.11452492099846967], [-0.9626353268017523, 0.18368318405215445, -0.19898169636865082]], "T": [-0.005561150255980345, 0.07395856893422283, 0.04135834055417423], "aligned_model": [[-0.027458057388230848, -0.6473500277171776, -0.16411206204551915, -0.6791914745319039, 0.4548740983936447, 0.7705908683638797, -0.38844772633299673, 0.17012046662907182, 0.3803949745482154, 0.44726925569159637, -0.0707522401478473, -0.02692100574396046], [-0.5576785914453434, -0.23460458975184717, 0.3296600895499649, 0.38095118404215256, -0.02984570835043522, -0.46664654651892945, -0.3271094286919938, -0.5732407744098805, 0.5150513914949097, 0.18744864030326253, 0.7115188115419411, 0.018895579274155062], [-0.2786972524365354, -0.33500060972493717, -0.5177318412740467, 0.36435398638960226, -0.5085312313357868, 0.0853749624624148, 0.3158282389795165, 0.53018889605733, -0.11936320759522484, 0.5351457169773346, 0.29295240572985215, 0.0780200321590391]], "inverted": false, "swapped": false, "error_lsq": 0.051427587669966864, "error_max": 0.26681134592981587, "target": "47.xyz", "model": "0.xyz", "model_rescale": 3.751011558992144, "target_rescale": 3.8197657427990195},
{"mapping": [9, 10, 6, 4, 11, 3, 8, 13, 7, 0, 1, 14], "R": [[0.5952228125926745, 0.6228698510690096, -0.5076839095328274], [0.450685232920641, -0.7818372885569386, -0.43082859126246753], [-0.6652763517490561, 0.027633364818721737, -0.7460856337929728]], "T": [0.004859225196379855, -0.0818188662669239, 0.09823461639262289], "aligned_model": [[-0.06409813493706876, -0.6371808768385382, -0.015292343504255072, -0.7057285436040955, 0.10377597420208343, 0.7156278128022524, -0.4225764636266202, 0.341846336305637, 0.4592272508707456, 0.4368219174245537, -0.02512884310832766, 0.03172298373240548], [-0.6272224894846737, -0.2297357609790735, 0.4942054137501356, 0.2624697672819868, -0.054157784127832606, -0.2094013084963373, -0.09455882543607627, -0.7189658571507184, 0.3708455967366605, 0.2820653441485769, 0.5854766648139224, -0.10662070401861408], [-0.26504130023091355, -0.38998546488893177, -0.38292615547045483, 0.14410758828233466, -0.6930815847733289, 0.3471053153917348, 0.6057330671298136, 0.18759678542707536, -0.0700556238939125, 0.6046939261429332, 0.296988080248526, 0.05740546302368275]], "inverted": false, "swapped": false, "error_lsq": 0.04679015213612956, "error_max": 0.2480301511367488, "target": "47.xyz", "model": "1.xyz", "model_rescale": 3.9405287249114394, "target_rescale": 3.8197657427990195},
{"mapping": [3, 6, 11, 0, 10, 8, 1, 4, 9, 2, 5, 12], "R": [[-0.14888528846764887, -0.894962703079802, -0.4205650139681135], [-0.9868712519318796, 0.10755575212504576, 0.12048606680948834], [-0.06259634964045249, 0.4329821246667236, -0.8992264324021955]], "T": [-0.060267172122928675, -0.09576198613915801, 0.05040815822614727], "aligned_model": [[0.017676364612706177, -0.5308458870240897, -0.13267339924411528, -0.7198733074816118, 0.4473757131277183, 0.6956031916558387, -0.38103830350656354, 0.23970021617726264, 0.5817648903985748, 0.05634322470840333, -0.03049316842212824, -0.02452246528322343], [-0.509405951738893, -0.06287678880954348, 0.4301791789808602, 0.35783530689668974, -0.10547034354213103, -0.24751002760848087, -0.33288966540708037, -0.6696977889479124, 0.30460042371830964, 0.2555023894138072, 0.6150140340359753, -0.08088070995364435], [-0.33640336354247485, -0.2194620518156203, -0.4247313140800961, 0.29960532960578523, -0.6231581474656569, -0.029104703506662034, 0.7345884541673109, 0.31931889080006876, -0.22867225770726188, 0.6224090160400456, 0.19868910179062618, 0.1294611421024941]], "inverted": false, "swapped": false, "error_lsq": 0.04819802294201573, "error_max": 0.2868782920618805, "target": "47.xyz", "model": "2.xyz", "model_rescale": 3.932901565614263, "target_rescale": 3.8197657427990195},
{"mapping": [6, 4, 0, 7, 2, 10, 9, 12, 1, 11, 3, 13], "R": [[0.9514026820284815, 0.2819732188220632, -0.12379030857113563], [-0.3070205199048302, 0.8373198596351118, -0.4523647344986175], [-0.023902656471192718, 0.46838718655377615, 0.8831999244145454]], "T": [-0.02405971907156217, 0.08164579848543399, 0.12462760293373315], "aligned_model": [[0.15790892773356324, -0.541922136237365, -0.12060237268988858, -0.7311438453657088, 0.08650343931508236, 0.5845286784532733, -0.3953576866144787, 0.11950313655831109, 0.5456443809840243, 0.5681490098119285, -0.050743612753299125, -0.003450849476670792], [-0.4897824736707812, -0.07969326240577818, 0.49096134210138653, 0.11864263678703371, -0.056559626436880533, -0.27697343101052985, -0.2748922287584237, -0.6268652131768994, 0.30160741521288126, 0.2951005989547524, 0.5843273472179172, -0.03147304777672208], [-0.20255644625300917, -0.5602188242714536, -0.3969954706833339, 0.21631086010575368, -0.6895436945878093, 0.24361437083296855, 0.6488521672345706, 0.37065943623208586, -0.2946846273418165, 0.7582162454757475, 0.209978106524004, 0.13890797312085143]], "inverted": false, "swapped": false, "error_lsq": 0.04997559501722953, "error_max": 0.3166084124706496, "target": "47.xyz", "model": "3.xyz", "model_rescale": 3.9243930471874484, "target_rescale": 3.8197657427990195},
{"mapping": [9, 11, 10, 6, 8, 7, 5, 1, 4, 0, 3, 12], "R": [[0.668381404726039, 0.3883617006001111, -0.6343827608971073], [0.724362697144598, -0.533637585795922, 0.4364969759474896], [-0.16901177710991108, -0.7512696696479165, -0.6379881681232498]], "T": [0.0215514764682358, 0.012297739514623698, -0.03172163004483533], "aligned_model": [[-0.09652423652880454, -0.6804863327378874, -0.17422301542155882, -0.5763368963860831, 0.33574855685414473, 0.8013146960986237, -0.35358744818599847, 0.27338022251401534, 0.4956887307090554, 0.18220999699950166, 0.019314457929542127, -0.007481662125778509], [-0.5878806155074867, -0.21166371514678778, 0.43137738037620527, 0.3252711484106024, -0.12620354375208537, -0.13967122641148444, -0.20891115412504133, -0.5280082369858609, 0.35335101440535255, 0.056192894965653044, 0.6119599831055642, -0.02141387229667461], [-0.3831920554579401, -0.32002401064293096, -0.5638610125937431, 0.22536523011405327, -0.5593900468812733, 0.07687631477539178, 0.5879238430757734, 0.3617399746961517, -0.13775840322924393, 0.8022954012376359, 0.2738165176948715, 0.07874834359981259]], "inverted": false, "swapped": false, "error_lsq": 0.044347817594924795, "error_max": 0.2642287429080914, "target": "47.xyz", "model": "4.xyz", "model_rescale": 3.8936222436046832, "target_rescale": 3.8197657427990195},
{"mapping": [5, 1, 2, 0, 4, 7, 9, 6, 10, 8, 3, 11], "R": [[-0.18288960423253142, -0.8713941653854389, -0.45521819075678716], [-0.49414148070827824, -0.3188152725109596, 0.8088145764371419], [-0.8499268143240915, 0.37286596860799365, -0.3722840041512991]], "T": [0.07155629945651161, 0.019379439423557198, 0.10727832653595429], "aligned_model": [[0.1492999091192319, -0.5969217712170737, -0.16520197565280947, -0.728842264471477, 0.2570215679663037, 0.6401110041205123, -0.2670991926858812, 0.048433334836308364, 0.5279998641162396, 0.3784419610667581, -0.0842988220633231, 0.06007345458398293], [-0.6316831503670707, -0.2911785935563252, 0.4844727787902359, 0.39250261874930975, -0.007884582595424478, -0.28466804589907274, -0.09431828882109662, -0.7577962525423623, 0.4023945222564746, 0.28958067547409294, 0.5404397035546673, -0.08746132800547186], [-0.36942314438541235, -0.2086323322605412, -0.4263808997200276, 0.16075300174653104, -0.6643977105332229, 0.17090380776377256, 0.6116801782921273, 0.28069084174804226, -0.10349671489039394, 0.7226443225624067, 0.2929862007923898, -0.024787454727112662]], "inverted": true, "swapped": false, "error_lsq": 0.03891742308813266, "error_max": 0.21480785598126395, "target": "47.xyz", "model": "5.xyz", "model_rescale": 3.6523030999806103, "target_rescale": 3.8197657427990195},
{"mapping": [6, 10, 9, 11, 8, 1, 4, 2, 5, 3, 7, 12], "R": [[-0.4414789097347128, -0.4940059923101397, 0.7490356812736785], [0.14208911939191032, -0.8627497442084239, -0.4852561808145578], [0.8859498035497728, -0.1078005493027451, 0.45107869286871194]], "T": [0.07118326561120512, -0.010399007328618547, 0.003466329087619645], "aligned_model": [[0.10929893445767547, -0.5773710167789845, -0.36857577724566337, -0.6182648920163462, 0.2988496452145069, 0.6346205758854148, -0.30447218774631896, 0.06901122912675854, 0.615123769747559, 0.21180958488121704, 0.02392837650235595, 0.12505882769059687], [-0.5326260686975142, -0.37666851779125166, 0.33331551431750306, 0.437277394527946, 0.06881526149218449, -0.3728762364115415, -0.2003652631900067, -0.645147878585425, 0.3748166840857437, 0.17617955089428342, 0.629450769082625, 0.06222884731340986], [-0.381826487137266, -0.22869101015842377, -0.45602816164739507, 0.3178165800907223, -0.6254980752152008, 0.18656062659787162, 0.3932449892573064, 0.4197604401495447, -0.13668048334415975, 0.6577242162299999, 0.23836481520231514, 0.05779264636324378]], "inverted": false, "swapped": false, "error_lsq": 0.04539370665648551, "error_max": 0.27348294991775873, "target": "47.xyz", "model": "6.xyz", "model_rescale": 4.08911054899281, "target_rescale": 3.8197657427990195},
{"mapping": [5, 7, 3, 2, 4, 10, 13, 12, 8, 11, 9, 14], "R": [[-0.8246541033804521, 0.18840324306242756, 0.5333383801877967], [-0.310691620883829, -0.9387973638353221, -0.14876231501435147], [0.472669362758326, -0.2883812193250628, 0.8327184072963851]], "T": [-0.042773049546852876, 0.04657278234963625, 0.048630972642091444], "aligned_model": [[0.11049654513235999, -0.5978867287739752, -0.04584360387868511, -0.8360926026487835, 0.20615337219556723, 0.6081544206000019, -0.38874422120619334, 0.11021452350100278, 0.5416922542136534, 0.2636754860842817, 0.23584949165994243, 0.01134813283959947], [-0.5818740516797306, -0.45206485115603506, 0.622767454188944, 0.14788002338056772, 0.001940664385197785, -0.2536542094676914, -0.27239586551684664, -0.55138877276624, 0.3204171205696849, 0.047396540622265095, 0.7496199439029232, 0.17575606057491747], [-0.35394105535869186, -0.15752013243436042, -0.4939938591762297, 0.15120032904110714, -0.6093151500053318, 0.12233362181101211, 0.6093960503800997, 0.40505585828775886, -0.17172909726610797, 0.5492502685037255, 0.25515331058916296, 0.13664995201641428]], "inverted": false, "swapped": false, "error_lsq": 0.050952685902166776, "error_max": 0.25738744805243824, "target": "47.xyz", "model": "7.xyz", "model_rescale": 3.964800864290218, "target_rescale": 3.8197657427990195},
{"mapping": [6, 9, 12, 8, 4, 0, 5, 3, 2, 1, 7, 13], "R": [[0.011101522233509298, 0.24367676458658483, -0.9697929627527275], [0.9814647000663987, -0.1882201847942928, -0.03605834937398589], [-0.1913211925733086, -0.951417256747331, -0.2412496732344119]], "T": [0.012610420449562544, -0.08350134659786734, -0.00928113858004926], "aligned_model": [[0.22114653243713972, -0.6331544798918971, -0.27558261822204494, -0.5861359407483286, 0.3111591430245727, 0.6409188740368676, -0.4545647753481876, 0.22735520383202476, 0.5750101424662887, 0.2336921078621164, 0.01779060428009077, -0.05861772400987073], [-0.5162628409625794, 0.037515338498878364, 0.4482352537210942, 0.25615199758774754, -0.04250397154534709, -0.2746679061834469, -0.35468868630564804, -0.71028028574365, 0.2441586522949445, 0.3189196505717685, 0.6198050810563072, -0.07198222595211232], [-0.33445186630759954, -0.2147060207238491, -0.46191332659922646, 0.33305784859946214, -0.6451123036714397, 0.2768013777848722, 0.6289002511375851, 0.28566891677799533, -0.13156852777110042, 0.5842676123243803, 0.10111088775119559, 0.02048524708628307]], "inverted": false, "swapped": false, "error_lsq": 0.0458451115778517, "error_max": 0.31702939648478606, "target": "47.xyz", "model": "8.xyz", "model_rescale": 4.121658175737393, "target_rescale": 3.8197657427990195},
{"mapping": [11, 7, 5, 9, 10, 2, 6, 8, 0, 1, 4, 12], "R": [[0.07099428257232289, -0.5429617611398221, 0.8367510608191566], [0.9652496767219598, 0.2489061162479067, 0.07961662441058165], [-0.2515012394207894, 0.8020213658215887, 0.5417645755634826]], "T": [0.038528084212209025, -0.07997445825105488, -0.018944787453875636], "aligned_model": [[0.03143242104017039, -0.5455165223172679, -0.1391391217303478, -0.6799088584401892, 0.2881922381813697, 0.6100298824839108, -0.25522482721228706, -0.06013229623669988, 0.5681028221513892, 0.37076852172527497, -0.04650165653177712, 0.07691446660522587], [-0.58714658159633, -0.32706870404688937, 0.3616200266244277, 0.24226706407686094, 0.013238341128969974, -0.3109779275556716, -0.16458906692009356, -0.71491675824225, 0.4973536257529273, 0.23826690399846728, 0.74223389296863, -0.03588075915109196], [-0.40072766216029565, -0.2492646554453743, -0.4128312953922649, 0.2516075693183562, -0.7299018992756559, 0.30100761931989417, 0.6029327287206446, 0.32408253323482294, -0.09012851789291253, 0.4941540750942942, 0.3048935797794444, 0.04671602108760546]], "inverted": true, "swapped": false, "error_lsq": 0.03979705180746308, "error_max": 0.1924822263356003, "target": "47.xyz", "model": "9.xyz", "model_rescale": 3.833441315466971, "target_rescale": 3.8197657427990195},
{"mapping": [12, 6, 5, 3, 1, 10, 7, 11, 0, 8, 2, 14], "R": [[-0.5631590207683281, 0.6023605184020613, -0.5656975545268499], [0.8111481719221614, 0.27225946394847733, -0.5176035427601168], [-0.1577674253912826, -0.7503576415022962, -0.6419290064520518]], "T": [-0.012565082772797234, 0.0010827728683448878, 0.010884773151203193], "aligned_model": [[0.11886107073903389, -0.43328026112952733, -0.06674144186584316, -0.7262553757276136, 0.12871647247579815, 0.7513160507133851, -0.3839469593787267, 0.10556608683855911, 0.5197944288428717, 0.3534468285385517, -0.08689635227648242, -0.06156347805123466], [-0.5252816217329849, -0.2972070399680992, 0.5616029018987968, 0.3457760846197881, -0.06895596279651241, -0.19448766740759624, -0.27188769109945277, -0.5296475818986808, 0.17103109212489567, 0.05645430320347714, 0.6653701985095589, 0.04163304158476632], [-0.2511987012988909, -0.4309879396328967, -0.3637047469025721, 0.36606717181916004, -0.7107404970318966, 0.24324647462976026, 0.49200492894565734, 0.4228403512645366, -0.3783887564881323, 0.6968356728395841, 0.27517123409192956, 0.08139490415231922]], "inverted": true, "swapped": false, "error_lsq": 0.04715623392593069, "error_max": 0.2832848760970719, "target": "47.xyz", "model": "10.xyz", "model_rescale": 4.2482417240324, "target_rescale": 3.8197657427990195},
{"mapping": [7, 9, 4, 10, 5, 2, 8, 3, 6, 1, 0, 11], "R": [[0.29877620398945015, -0.22942624692090852, 0.9263349162983338], [-0.9539004499572721, -0.04290691090409268, 0.29704028105289426], [-0.028402667145334654, -0.9723798610730556, -0.2316693641347011]], "T": [0.06762018031706998, -0.0004513538074362778, 0.08217008613292956], "aligned_model": [[-0.07022335805698701, -0.6156876119806647, -0.10581679373437142, -0.5371220144082862, 0.19421026068073885, 0.7617828925185897, -0.2971764216988466, 0.1856221583176738, 0.5019985331928327, 0.29074442985338406, -0.08446025344491606, -0.0048547515203754], [-0.6049027382920934, -0.16858543439336643, 0.5385094531070858, 0.20744251768941002, -0.06337006058024776, -0.24731905789226402, -0.2485836862229417, -0.7009583805600873, 0.3939213226397094, 0.15987475440485696, 0.6681296155983043, 0.020241751539590482], [-0.19021554017369677, -0.34693630401947295, -0.5851232862859587, 0.16007630313327276, -0.6555306378826341, 0.1525387727313988, 0.5090326093444387, 0.4738805214162537, -0.19399612607962666, 0.7330599862332141, 0.4042112402562785, -0.01845744228490899]], "inverted": false, "swapped": false, "error_lsq": 0.04070494017318096, "error_max": 0.2099760046717413, "target": "47.xyz", "model": "11.xyz", "model_rescale": 3.6694154284099745, "target_rescale": 3.8197657427990195},
{"mapping": [2, 8, 4, 11, 1, 12, 9, 10, 0, 5, 6, 13], "R": [[-0.7666198522325872, -0.21283003116507204, -0.6058030868171282], [0.44912091734922066, -0.8520092665861124, -0.2690178641852428], [-0.45889476327615797, -0.4783132733739152, 0.7487536368873606]], "T": [0.024240708153801305, 0.00209588981690245, 0.10611271415942365], "aligned_model": [[0.046048743125488845, -0.5741959938604512, -0.18151003453459974, -0.6513794261653, 0.3730607562397229, 0.6187061282280587, -0.58556459310508, 0.05667810251903657, 0.4866303296612703, 0.5598948848691672, -0.019592177259867845, 0.0902403500013263], [-0.5036352305281225, -0.36583332098002114, 0.4697983377609902, 0.290387833103853, -0.09004105448652286, -0.32634953266192596, -0.3321951521155731, -0.5777161446825724, 0.4879111852516723, 0.3134500159087714, 0.5198860350939033, 0.0687370853735044], [-0.3062875973311917, -0.17513354952375432, -0.42923735992348105, 0.1799628221183674, -0.6595953579211342, 0.12853968575903074, 0.5074520478041011, 0.3635901061860178, -0.1407013880901546, 0.6167045311812343, 0.32933206158254597, 0.027914094546977422]], "inverted": false, "swapped": false, "error_lsq": 0.043307044964732755, "error_max": 0.24643746116413398, "target": "47.xyz", "model": "12.xyz", "model_rescale": 3.9764082729961374, "target_rescale": 3.8197657427990195},
{"mapping": [7, 4, 9, 6, 2, 8, 14, 3, 1, 11, 12, 15], "R": [[-0.8069862361882176, -0.5610077214859438, 0.18450894567994242], [0.5827377279717075, -0.8071378057149339, 0.09457961188360656], [0.09586425298903767, 0.18384476881007897, 0.9782694649124148]], "T": [-0.05517368283156923, 0.13316630848592947, 0.0057320985362845495], "aligned_model": [[-0.02236031013066772, -0.5875760257005461, -0.10244073851547422, -0.7365508975346545, 0.49976577651143594, 0.5605689191310894, -0.27878080628588414, 0.12739640657999005, 0.4675874587722457, 0.324930172262585, 0.06760416118764165, -0.10112704655898894], [-0.5093886084541804, -0.24801585096638923, 0.48749473947942357, 0.1173179317292696, -0.1101371420462216, -0.18961180398728122, -0.15916976514227416, -0.6178753361590926, 0.420116751556919, -0.027586802017571382, 0.7544795882193175, 0.03677635482603721], [-0.39060129673980143, -0.2894146927424271, -0.4777100541089781, 0.3508881877725548, -0.5130213509263302, 0.1335138456093113, 0.7152019808929646, 0.33897083844322684, -0.21267763181342897, 0.684130355871474, 0.08389183493043395, 0.019368079199558928]], "inverted": false, "swapped": false, "error_lsq": 0.04697680646343622, "error_max": 0.2630648486398185, "target": "47.xyz", "model": "13.xyz", "model_rescale": 4.170626492500431, "target_rescale": 3.8197657427990195},
{"mapping": [12, 4, 6, 2, 5, 10, 0, 8, 11, 1, 3, 13], "R": [[-0.06082951144569948, -0.24067555555710762, 0.9686976037415163], [-0.930816695025743, -0.3367263622376489, -0.14211135505494665], [0.3603887495450307, -0.9103244662929135, -0.2035419250913476]], "T": [0.020362511379850297, -0.015381841087129438, 0.15779952457238175], "aligned_model": [[0.23215591554140744, -0.47526590317829903, -0.14504449837118244, -0.5903002400419951, 0.1704678536523127, 0.4902923225722058, -0.2891496700519442, -0.02070107948600277, 0.5098859442073437, 0.2314006088360239, 0.046723212396909984, 0.058552603641991954], [-0.4972378056721181, -0.4110336242401688, 0.5059705903442824, 0.22633412594483823, 0.019337936996926326, -0.3265042015925375, -0.07550907111161959, -0.7559407572362968, 0.3304666894710434, 0.24034029554241118, 0.6705866401829248, 0.027589238408270905], [-0.35079117976038776, -0.15980915251849429, -0.48120081220050615, 0.19775653326981404, -0.7385724694051677, 0.1842032046395488, 0.6642038415788588, 0.19578065175544623, -0.21692070940849742, 0.8512572234661554, 0.22280691319727644, 0.07382605177451243]], "inverted": false, "swapped": false, "error_lsq": 0.04891742405567887, "error_max": 0.2531093534045025, "target": "47.xyz", "model": "14.xyz", "model_rescale": 3.9786697098870705, "target_rescale": 3.8197657427990195},
{"mapping": [0, 4, 5, 10, 2, 9, 1, 0, 8, 6, 7, 11], "R": [[0.5537465241777522, -0.7400892364638768, 0.38161853863691464], [0.19376314075104487, 0.56024415153181, 0.8053460970046936], [-0.8098275324088142, -0.3720139953613554, 0.4536352664949371]], "T": [0.06622023998914552, 0.038690383609973414, 0.06025564967600143], "aligned_model": [[0.1335395154073209, -0.42817966380904154, -0.09759689882098373, -0.6886602797664159, 0.14042066886317123, 0.6366950693745319, -0.324285647084426, 0.1335395154073209, 0.3609224870202625, 0.23471351666325185, 0.005536102100366605, 0.11237268436341322], [-0.6475661497675659, -0.07303560500208843, 0.5525252063829639, 0.2957946085820393, -0.25585734471402494, -0.080245550264807, -0.2634784784254694, -0.6475661497675659, 0.27894417776350444, 0.11241698100240922, 0.6552350895604346, 0.02723327168812635], [-0.030989468727985095, -0.28325674993156513, -0.5345529814549363, 0.29768733857193164, -0.7531220905905465, 0.278949455533124, 0.525949994143948, -0.030989468727985095, -0.29703530460585253, 0.8306646938573848, 0.2906163806260735, 0.14861829769496704]], "inverted": false, "swapped": false, "error_lsq": 0.059129818102638586, "error_max": 0.3285712120711159, "target": "47.xyz", "model": "15.xyz", "model_rescale": 3.769337070930944, "target_rescale": 3.8197657427990195},
{"mapping": [8, 4, 9, 5, 10, 2, 3, 1, 6, 7, 11], "R": [[0.8825382654834792, -0.4683755484669558, -0.04183964096034651], [-0.11658523205846777, -0.13173999538074738, -0.9844046207139392], [0.45555910003344857, 0.873652630749407, -0.1708712590266585]], "T": [-0.019331733966282703, -0.019962892121468838, 0.014562103037143573], "aligned_model": [[-0.2613952174993823, -0.363647999902015, -0.17701837397926143, -0.7411918472633603, 0.2730118313924153, 0.3117619836497817, 0.7263411993840511, 0.3852910132351872, 0.19246080223639547, -0.4304312189523774, 0.007443958389736587], [-0.11691631866773092, -0.6623986004607113, 0.7229658559222711, 0.2525549142931583, 0.3156755483902424, -0.43866337178530124, 0.22793859940845465, -0.4336591727139072, 0.4691747230609017, 0.198569102106652, 0.06082321807131243], [-0.5777550324225198, -0.19968801916950446, -0.22721643476973963, -0.0018362871437625564, -0.543957978797846, -0.4248047347321375, 0.11801282014903987, 0.4706208556467417, 0.5263663470090035, 0.5929803010246375, 0.011495770429864351]], "inverted": true, "swapped": true, "error_lsq": 0.04404655029543152, "error_max": 0.25060026094173926, "target": "47.xyz", "model": "16.xyz", "model_rescale": 3.7852294659196426, "target_rescale": 3.8197657427990195},
{"mapping": [10, 9, 11, 8, 6, 5, 0, 4, 7, 1, 2, 12], "R": [[0.8017213425131369, -0.00857821790337232, -0.5976364305633788], [-0.5392006642067158, 0.42104183152372454, -0.7293739917396183], [0.257886666343901, 0.9070006561655566, 0.332932841632182]], "T": [-0.015091060046699894, 0.042636874972721055, 0.16447865464552267], "aligned_model": [[-0.04582255197520051, -0.7377117397438903, -0.1994582393800665, -0.6189431398871215, 0.4633063691423736, 0.596276561577948, -0.4177480090918469, 0.2342892105742818, 0.4767775642339897, 0.4623689617354223, 0.06399878429389903, -0.058316701761016984], [-0.5348260889394436, -0.23139806821730347, 0.45608890530195567, 0.2833088039056135, -0.12016595604090607, -0.19856811989396522, -0.40039950130839846, -0.568352288843607, 0.4053797762203897, 0.2124387791007884, 0.6380166047727585, 0.012877210980074612], [-0.39663379040695224, -0.22280159103795175, -0.4125813389726153, 0.12391266459736178, -0.5649213548562723, 0.18056567552467384, 0.49209627690670366, 0.42194400651568154, -0.17890138149383636, 0.630797639034286, 0.2800416024085635, 0.08902168816891642]], "inverted": true, "swapped": false, "error_lsq": 0.03977691990001287, "error_max": 0.19445272937699107, "target": "47.xyz", "model": "17.xyz", "model_rescale": 3.901054581598922, "target_rescale": 3.8197657427990195},
{"mapping": [9, 10, 6, 4, 11, 3, 8, 13, 7, 0, 1, 14], "R": [[0.5952228125926745, 0.6228698510690096, -0.5076839095328274], [0.450685232920641, -0.7818372885569386, -0.43082859126246753], [-0.6652763517490561, 0.027633364818721737, -0.7460856337929728]], "T": [0.004859225196379855, -0.0818188662669239, 0.09823461639262289], "aligned_model": [[-0.06409813493706876, -0.6371808768385382, -0.015292343504255072, -0.7057285436040955, 0.10377597420208343, 0.7156278128022524, -0.4225764636266202, 0.341846336305637, 0.4592272508707456, 0.4368219174245537, -0.02512884310832766, 0.03172298373240548], [-0.6272224894846737, -0.2297357609790735, 0.4942054137501356, 0.2624697672819868, -0.054157784127832606, -0.2094013084963373, -0.09455882543607627, -0.7189658571507184, 0.3708455967366605, 0.2820653441485769, 0.5854766648139224, -0.10662070401861408], [-0.26504130023091355, -0.38998546488893177, -0.38292615547045483, 0.14410758828233466, -0.6930815847733289, 0.3471053153917348, 0.6057330671298136, 0.18759678542707536, -0.0700556238939125, 0.6046939261429332, 0.296988080248526, 0.05740546302368275]], "inverted": false, "swapped": false, "error_lsq": 0.04679015213612956, "error_max": 0.2480301511367488, "target": "47.xyz", "model": "18.xyz", "model_rescale": 3.9405287249114394, "target_rescale": 3.8197657427990195},
{"mapping": [12, 1, 8, 2, 4, 13, 10, 14, 7, 11, 5, 15], "R": [[0.38915553921144813, -0.7980803895838174, -0.46002788835329256], [-0.15321895163498395, -0.5485166446473588, 0.8219814130530445], [-0.9083402001237884, -0.24939362924209865, -0.33573933122666927]], "T": [0.030462876981064726, -0.05456369181960456, -0.06448848009566423], "aligned_model": [[0.0714060100789358, -0.567865550845874, -0.0514539837949651, -0.6631574837083826, 0.32142059066611456, 0.6211573592687688, -0.32449327922211063, 0.1772309441763851, 0.5714009105014944, 0.23938858320171322, -0.17864063625941082, 0.0026236056561033012], [-0.5611451941980535, -0.1934289878734607, 0.6310477748062346, 0.25924701869879085, -0.12669290091880453, -0.23929359366002723, -0.22477112875754046, -0.6245112759662532, 0.32227816926469494, 0.07253466220800613, 0.6855585430858416, -0.04642302965147185], [-0.2690316381565399, -0.30581594638464094, -0.37351712001067827, 0.3547237766598219, -0.7314262692919061, 0.19682500469388164, 0.6159081634373649, 0.4388581677061607, -0.31147391401214986, 0.6133088786949198, 0.2513555334742079, -0.03717454042188311]], "inverted": true, "swapped": false, "error_lsq": 0.0399517032853848, "error_max": 0.21487748430767858, "target": "47.xyz", "model": "19.xyz", "model_rescale": 4.410303926677745, "target_rescale": 3.8197657427990195},
{"mapping": [6, 9, 12, 8, 4, 0, 5, 3, 2, 1, 7, 13], "R": [[0.011101522233509298, 0.24367676458658483, -0.9697929627527275], [0.9814647000663987, -0.1882201847942928, -0.03605834937398589], [-0.1913211925733086, -0.951417256747331, -0.2412496732344119]], "T": [0.012610420449562544, -0.08350134659786734, -0.00928113858004926], "aligned_model": [[0.22114653243713972, -0.6331544798918971, -0.27558261822204494, -0.5861359407483286, 0.3111591430245727, 0.6409188740368676, -0.4545647753481876, 0.22735520383202476, 0.5750101424662887, 0.2336921078621164, 0.01779060428009077, -0.05861772400987073], [-0.5162628409625794, 0.037515338498878364, 0.4482352537210942, 0.25615199758774754, -0.04250397154534709, -0.2746679061834469, -0.35468868630564804, -0.71028028574365, 0.2441586522949445, 0.3189196505717685, 0.6198050810563072, -0.07198222595211232], [-0.33445186630759954, -0.2147060207238491, -0.46191332659922646, 0.33305784859946214, -0.6451123036714397, 0.2768013777848722, 0.6289002511375851, 0.28566891677799533, -0.13156852777110042, 0.5842676123243803, 0.10111088775119559, 0.02048524708628307]], "inverted": false, "swapped": false, "error_lsq": 0.0458451115778517, "error_max": 0.31702939648478606, "target": "47.xyz", "model": "20.xyz", "model_rescale": 4.121658175737393, "target_rescale": 3.8197657427990195},
{"mapping": [6, 10, 9, 11, 8, 1, 4, 2, 5, 3, 7, 12], "R": [[-0.4414789097347128, -0.4940059923101397, 0.7490356812736785], [0.14208911939191032, -0.8627497442084239, -0.4852561808145578], [0.8859498035497728, -0.1078005493027451, 0.45107869286871194]], "T": [0.07118326561120512, -0.010399007328618547, 0.003466329087619645], "aligned_model": [[0.10929893445767547, -0.5773710167789845, -0.36857577724566337, -0.6182648920163462, 0.2988496452145069, 0.6346205758854148, -0.30447218774631896, 0.06901122912675854, 0.615123769747559, 0.21180958488121704, 0.02392837650235595, 0.12505882769059687], [-0.5326260686975142, -0.37666851779125166, 0.33331551431750306, 0.437277394527946, 0.06881526149218449, -0.3728762364115415, -0.2003652631900067, -0.645147878585425, 0.3748166840857437, 0.17617955089428342, 0.629450769082625, 0.06222884731340986], [-0.381826487137266, -0.22869101015842377, -0.45602816164739507, 0.3178165800907223, -0.6254980752152008, 0.18656062659787162, 0.3932449892573064, 0.4197604401495447, -0.13668048334415975, 0.6577242162299999, 0.23836481520231514, 0.05779264636324378]], "inverted": false, "swapped": false, "error_lsq": 0.04539370665648551, "error_max": 0.27348294991775873, "target": "47.xyz", "model": "21.xyz", "model_rescale": 4.08911054899281, "target_rescale": 3.8197657427990195},
{"mapping": [11, 1, 2, 0, 15, 9, 6, 5, 14, 12, 13, 16], "R": [[0.5762144496028317, 0.5964923523745391, 0.5587251396058657], [0.6725887172147826, -0.7344655442242239, 0.09046978403194844], [0.4643288980284112, 0.32366222811150336, -0.824403685429425]], "T": [-0.008722777780597355, 0.015826294980768384, 0.09326306829989275], "aligned_model": [[0.016569544292103857, -0.5686388778072338, -0.19958411640281745, -0.7151689629420841, 0.24602324970176773, 0.6390953407524945, -0.5015891248966703, 0.24821662799188213, 0.5392661185785277, 0.5152006922436967, 0.03469448884840122, -0.03506791064129644], [-0.6035490483669452, -0.19198182565170227, 0.3615914931572739, 0.2708747904188022, -0.047910628794819235, -0.23955773510813677, -0.2704242308210665, -0.6067090719159932, 0.2971213806001952, 0.32845985603941086, 0.604666814502267, 0.05181826297867016], [-0.3557664549561176, -0.4295257295871713, -0.5111144681146804, 0.28290338739067, -0.586846543397922, 0.24378979030735703, 0.5735833040905581, 0.303408048425917, -0.08674757088715904, 0.5088758208611917, 0.3900993018637149, 0.10988121039219996]], "inverted": false, "swapped": false, "error_lsq": 0.04016238023172034, "error_max": 0.26701826232561343, "target": "47.xyz", "model": "22.xyz", "model_rescale": 4.204369325754507, "target_rescale": 3.8197657427990195},
{"mapping": [12, 1, 8, 2, 4, 13, 10, 14, 7, 11, 5, 15], "R": [[0.38915553921144813, -0.7980803895838174, -0.46002788835329256], [-0.15321895163498395, -0.5485166446473588, 0.8219814130530445], [-0.9083402001237884, -0.24939362924209865, -0.33573933122666927]], "T": [0.030462876981064726, -0.05456369181960456, -0.06448848009566423], "aligned_model": [[0.0714060100789358, -0.567865550845874, -0.0514539837949651, -0.6631574837083826, 0.32142059066611456, 0.6211573592687688, -0.32449327922211063, 0.1772309441763851, 0.5714009105014944, 0.23938858320171322, -0.17864063625941082, 0.0026236056561033012], [-0.5611451941980535, -0.1934289878734607, 0.6310477748062346, 0.25924701869879085, -0.12669290091880453, -0.23929359366002723, -0.22477112875754046, -0.6245112759662532, 0.32227816926469494, 0.07253466220800613, 0.6855585430858416, -0.04642302965147185], [-0.2690316381565399, -0.30581594638464094, -0.37351712001067827, 0.3547237766598219, -0.7314262692919061, 0.19682500469388164, 0.6159081634373649, 0.4388581677061607, -0.31147391401214986, 0.6133088786949198, 0.2513555334742079, -0.03717454042188311]], "inverted": true, "swapped": false, "error_lsq": 0.0399517032853848, "error_max": 0.21487748430767858, "target": "47.xyz", "model": "23.xyz", "model_rescale": 4.410303926677745, "target_rescale": 3.8197657427990195},
{"mapping": [3, 8, 11, 15, 1, 0, 5, 2, 7, 12, 13, 16], "R": [[-0.014956392947377217, -0.38640260108161395, 0.9222089438881879], [-0.42388632310484886, -0.8328815418473527, -0.3558492972237379], [0.9055919011313293, -0.3962339802784961, -0.15133387419214855]], "T": [-0.1281337939518059, 0.13305080169829073, -0.013720684560207023], "aligned_model": [[0.18841931270415097, -0.7937338655854715, -0.12942551786817186, -0.7550928381621689, 0.4306962188986245, 0.4975004183512789, -0.2436801051139101, 0.1585448011517555, 0.4761313131831585, 0.3324692128256622, 0.12501997612728522, -0.06783185679342121], [-0.662765224470691, -0.3154251716341008, 0.5148105985881123, 0.2706210290505767, -0.04769146709094085, -0.22473665854366534, -0.15783024519756564, -0.6850084348894627, 0.38457340775479987, 0.13543240926084937, 0.7032107391031592, 0.03920907510688515], [-0.288896933159417, -0.1913509557396349, -0.5186754107869537, 0.2982263947077638, -0.639321674473783, 0.2120131781535577, 0.5318426022925038, 0.27174108121813656, -0.13004332046573458, 0.6450774885373441, 0.3103432571277815, -0.058415611023005534]], "inverted": true, "swapped": false, "error_lsq": 0.03920822367623524, "error_max": 0.22357850237659108, "target": "47.xyz", "model": "24.xyz", "model_rescale": 4.28219845311461, "target_rescale": 3.8197657427990195},
{"mapping": [13, 2, 4, 6, 7, 9, 10, 12, 3, 5, 1, 15], "R": [[-0.28630246614287436, 0.929080841635956, -0.23417875135360244], [0.4397953126222254, 0.3445714659791488, 0.8293675830586218], [0.8512408477487601, 0.13445926720759854, -0.5072570596709012]], "T": [-0.02242684470204497, -0.03742386714562062, 0.05746415431802356], "aligned_model": [[-0.021867723142653863, -0.6010030254733174, -0.05432264744036444, -0.8337344859687243, 0.46926682572516765, 0.6304459059104365, -0.3803334097524465, 0.12295235454566454, 0.48991718650829247, 0.40270067328311704, 0.06731876506113273, -0.07232334953753226], [-0.4700278651234868, -0.1851368132454836, 0.34937008800405644, 0.20063327698027902, -0.14075170007953877, -0.2032956958798293, -0.19621767753476482, -0.7814270891637319, 0.502908459532375, 0.2862431751570484, 0.5827603394740658, 0.009341558916967009], [-0.34968437540258446, -0.27751422257598773, -0.5622306633568219, 0.3694029981863999, -0.536763663234488, 0.11329776264608701, 0.7476758865450247, 0.15617582680810058, -0.15605379642548953, 0.7206284779158476, 0.18859261894114376, 0.02901324634132671]], "inverted": true, "swapped": false, "error_lsq": 0.044456327803961616, "error_max": 0.22045515165241641, "target": "47.xyz", "model": "25.xyz", "model_rescale": 4.100010024507729, "target_rescale": 3.8197657427990195},
{"mapping": [7, 9, 4, 10, 5, 2, 8, 3, 6, 1, 0, 11], "R": [[0.29877620398945015, -0.22942624692090852, 0.9263349162983338], [-0.9539004499572721, -0.04290691090409268, 0.29704028105289426], [-0.028402667145334654, -0.9723798610730556, -0.2316693641347011]], "T": [0.06762018031706998, -0.0004513538074362778, 0.08217008613292956], "aligned_model": [[-0.07022335805698701, -0.6156876119806647, -0.10581679373437142, -0.5371220144082862, 0.19421026068073885, 0.7617828925185897, -0.2971764216988466, 0.1856221583176738, 0.5019985331928327, 0.29074442985338406, -0.08446025344491606, -0.0048547515203754], [-0.6049027382920934, -0.16858543439336643, 0.5385094531070858, 0.20744251768941002, -0.06337006058024776, -0.24731905789226402, -0.2485836862229417, -0.7009583805600873, 0.3939213226397094, 0.15987475440485696, 0.6681296155983043, 0.020241751539590482], [-0.19021554017369677, -0.34693630401947295, -0.5851232862859587, 0.16007630313327276, -0.6555306378826341, 0.1525387727313988, 0.5090326093444387, 0.4738805214162537, -0.19399612607962666, 0.7330599862332141, 0.4042112402562785, -0.01845744228490899]], "inverted": false, "swapped": false, "error_lsq": 0.04070494017318096, "error_max": 0.2099760046717413, "target": "47.xyz", "model": "26.xyz", "model_rescale": 3.6694154284099745, "target_rescale": 3.8197657427990195},
{"mapping": [0, 2, 10, 12, 4, 5, 6, 1, 8, 7, 9, 13], "R": [[-0.23016433097916128, 0.7924176981944693, -0.564888106029056], [0.4428323456333087, 0.6021758622626849, 0.6642919121659496], [0.8665586502977263, -0.09725442147466051, -0.48950759248229464]], "T": [0.01307596853012, 0.0840904090927249, 0.05562275377487432], "aligned_model": [[0.0923325184360735, -0.49815415211893904, -0.05976596095757186, -0.7050551570665456, 0.23945984471849177, 0.6476948469861477, -0.4152754315990081, 0.12186035543943013, 0.5064305989067581, 0.39060405822725547, -0.07256868529181337, -0.02854576596150656], [-0.5162209921517465, -0.20988988955174526, 0.4466887676526986, 0.2449081763494515, -0.0458465003032681, -0.3774270980877287, -0.31667129751028955, -0.6673953644470896, 0.42002321356370576, 0.18527907839594066, 0.7329134193683111, 0.058038543759716565], [-0.20947715940135772, -0.282532527055308, -0.4188318842789228, 0.35253712786490804, -0.7237342313529115, 0.15681054648873718, 0.41212740217717275, 0.506268671350726, -0.17264803278407598, 0.548940014179089, 0.24682220481749764, 0.026257964383004137]], "inverted": false, "swapped": false, "error_lsq": 0.03666093538152045, "error_max": 0.20953728960296072, "target": "47.xyz", "model": "27.xyz", "model_rescale": 4.103607728864725, "target_rescale": 3.8197657427990195},
{"mapping": [2, 1, 8, 5, 4, 12, 0, 3, 13, 10, 11, 14], "R": [[0.426500000859645, -0.8877093971014891, 0.1734063884764159], [0.13540887706102178, 0.25222319265535664, 0.9581481603070645], [-0.8942942386484418, -0.38516942685583144, 0.2277769245023613]], "T": [0.023471301939502986, 0.14222174519455558, 0.23032830459634662], "aligned_model": [[0.14730760741524088, -0.594760994523057, -0.12423743365272714, -0.6904013313702303, 0.17596692408074788, 0.7193617752120444, -0.41645165676113644, 0.15150337577247153, 0.49937535174224934, 0.24354026593085723, 0.16711325553972525, -0.05930006966741384], [-0.46316431516737766, -0.26634677087451153, 0.49512076688694917, 0.240813794660305, -0.06693558525245188, -0.34369665910097347, -0.4174497333377749, -0.5666280146562961, 0.3180883561487795, 0.18230176207676294, 0.8105500177905224, 0.0317464378640232], [-0.1690374345421763, -0.2733793758718183, -0.49487813961448374, 0.35604974897016545, -0.6383532155723246, 0.10027688899412826, 0.28443345691253175, 0.4416826482853948, -0.1727334815934657, 0.6883004867649214, 0.16129539451651376, 0.15888311913917147]], "inverted": false, "swapped": false, "error_lsq": 0.04613407972142066, "error_max": 0.3269126001396287, "target": "47.xyz", "model": "28.xyz", "model_rescale": 4.137296879288765, "target_rescale": 3.8197657427990195},
{"mapping": [10, 8, 4, 0, 1, 2, 3, 5, 7, 6, 11], "R": [[-0.460506309988487, 0.8787149277404801, 0.12567423851700915], [-0.8852903131581337, -0.46498293307872357, 0.007206481380034997], [0.0647688188031946, -0.10793955582431236, 0.9920453882758031]], "T": [0.04042195231044227, -0.02847285912157771, 0.00199881992706797], "aligned_model": [[0.643055534284738, 0.1408690171026453, -0.24746008590569696, -0.5309297418589296, 0.052020835663227225, 0.4708918283357015, 0.644853708054373, -0.49441591544672975, -0.5676921357269527, 0.031107202145108655, 0.07911876406241372], [-0.36929504807411895, -0.6299256647576614, -0.2952082907548785, 0.19136993408650482, 0.634523155699325, -0.13212778242083312, 0.4368116048382394, -0.491652829038823, 0.1743130920253365, 0.428915658990699, -0.02857601394583781], [0.1773145527155429, -0.21479415898483262, -0.6485060507593486, -0.22456254954961258, -0.3191795046797992, -0.5289698254349254, 0.21730777039349006, 0.31026762448448075, 0.3767010280445805, 0.5823127419153995, 0.07786239363802336]], "inverted": false, "swapped": true, "error_lsq": 0.04454220600566861, "error_max": 0.240866202340837, "target": "47.xyz", "model": "29.xyz", "model_rescale": 3.607286011436655, "target_rescale": 3.8197657427990195},
