[{"mapping": [12, 8, 13, 9, 11, 6, 2, 7, 3, 1, 0, 14], "R": [[-0.7678478134156973, 0.6395194891906549, -0.03774332229754415], [-0.5682757601919061, -0.707139037856355, -0.42073393197827524], [-0.29575732587891, -0.30161101452850236, 0.906398587876241]], "T": [-0.08214486218705928, -0.10410810150561864, 0.007671450247356374], "aligned_model": [[-0.24009996854884913, 0.35493347206754355, 0.3360905556757236, -0.2174887076214388, -0.22724813210147782, -0.5546566753317486, 0.37651362734256627, -0.2810218520649803, 0.6471986619014225, 0.16964346553873466, -0.4527164088870046, -0.07350557550994241], [-0.26230613780874346, -0.697508043376947, -0.48304204571737186, 0.6948073806872579, 0.3794499638484794, -0.47790788312885335, -0.08701231272228302, -0.7747348939128748, 0.07144540910879424, 0.4262778038112647, 0.36875256878859, -0.10466677360025561], [-0.5477696700075366, 0.1055467964932897, -0.4943796099442056, -0.010678111725303259, -0.5782292460706043, -0.07500872759030014, 0.5370589254222015, 0.42352039705235506, 0.020895355936759653, 0.3840462494871997, 0.39057142363853325, 0.026377962661173582]], "inverted": false, "swapped": true, "error_lsq": 0.0497220371186766, "error_max": 0.3250919140413288, "target": "470.xyz", "model": "0.xyz", "model_rescale": 3.751011558992144, "target_rescale": 4.130797366666765},
{"mapping": [10, 6, 1, 7, 4, 2, 5, 8, 0, 11, 12, 12, 13, 3, 14], "R": [[-0.8391432500657037, 0.5151987408635894, 0.17438137309282742], [-0.035313688213302996, 0.26832443784061477, -0.962681120352057], [-0.5427628849635369, -0.8139854135487258, -0.20696907313888335]], "T": [0.011975163058243143, -0.0031171109604559016, 0.07228217391521007], "aligned_model": [[0.0941161916910721, -0.6886511828432258, -0.46337196700917355, -0.5713750090980045, -0.07268077255091288, 0.5920757551543827, 0.6261904114359482, 0.36156773249642066, -0.19087780444532393, -0.38820193825726096, -0.2080353082830658, -0.2080353082830658, 0.506971264064142, 0.04144963968932737, 0.007970398735897999], [-0.8044298273832323, -0.2674753181310385, 0.2528929106478624, 0.24483924976746402, -0.35478009663376936, 0.5852686934322916, -0.11626600881429984, 0.10330989843914333, 0.7193204520564543, -0.5279055926417223, 0.0671411316160724, 0.0671411316160724, 0.1573125883887081, 0.6104361915407446, -0.021338621664269412], [0.22591983219973522, 0.1267175208917018, 0.5129515785811285, -0.12238997000139147, 0.7756600858397155, 0.10427514543891038, 0.06748607441722212, 0.62624659443673, 0.18381315443932195, -0.3762558133323225, -0.6338582341676611, -0.6338582341676611, -0.43441632603942126, -0.38168862881330134, 0.02074819625230527]], "inverted": false, "swapped": false, "error_lsq": 0.04550339596762621, "error_max": 0.4028524735783116, "target": "470.xyz", "model": "1.xyz", "model_rescale": 3.9405287249114394, "target_rescale": 4.130797366666765},
{"mapping": [13, 7, 6, 1, 4, 12, 3, 2, 0, 11, 9, 10, 14], "R": [[-0.5508910408173859, -0.17090604792456832, 0.8168905581104134], [0.1311601022155875, 0.9489152690346736, 0.28697881416517484], [-0.8242063386882766, 0.26523750672870244, -0.5003328654909727]], "T": [-0.08172725262768477, 0.011625940023575032, -0.0658506595588339], "aligned_model": [[-0.47701911963563537, 0.1986096757865065, -0.3280624703364819, 0.3967494523545789, 0.632513059157095, -0.6710744056086592, 0.15304837213450492, 0.5550711908332618, 0.22174322931946466, -0.6386265638741714, -0.06545695816376601, -0.4200412817811723, -0.061470900901594114], [0.5796202790129692, 0.46709994336095495, 0.1067712065320706, -0.34754878119008104, -0.12672011881848516, 0.10647102149073756, 0.2199365808892107, 0.18964746075629874, -0.6063978507469361, -0.4411353124617199, -0.7463143553713674, 0.04222714031787542, 0.015175379800489424], [0.2369592422336509, -0.6791836337313397, -0.6136608829825239, 0.2925040843347028, -0.43616091547620134, -0.11238684097337417, 0.6156351919598935, 0.16589716771349114, -0.24884009910673346, 0.22230449454371226, 0.22082406333056753, 0.5136774641920974, -0.06444898644929853]], "inverted": false, "swapped": true, "error_lsq": 0.05094089363949958, "error_max": 0.3305681729409427, "target": "470.xyz", "model": "2.xyz", "model_rescale": 3.932901565614263, "target_rescale": 4.130797366666765},
{"mapping": [11, 0, 9, 6, 10, 3, 1, 13, 7, 8, 4, 7, 2, 14], "R": [[-0.26632909456186354, -0.708993725420809, 0.6529905900576058], [0.9547020069333456, -0.10075843757201136, 0.2799853839318921], [-0.13271356881381752, 0.6979796806297225, 0.7037126360104176]], "T": [-0.03721741284858583, -0.03664031502655226, -0.06675610948410346], "aligned_model": [[-0.3329690268288108, 0.5815507309846906, 0.28554385595664344, -0.12237059960276156, -0.4953426496357926, -0.15868718661137782, 0.4272687093566764, -0.7389096502888646, 0.13152024702945153, -0.29450388225095836, 0.7164303733655757, 0.13152024702945153, 0.3120051762834083, -0.023246432734627752], [-0.2053019236171543, -0.015054338215150564, -0.39793377330559193, 0.565232153845832, -0.49123353365873995, -0.7293929391110704, -0.5518638820883541, -0.15228814306193458, 0.5198731256528804, -0.04009151777367228, 0.10131914901397118, 0.5198731256528804, -0.4163823255442976, -0.04325853943910978], [-0.761196338784256, -0.41916624574562056, -0.7165351572942343, -0.08487152030459935, -0.253067502029183, 0.1945383198223081, -0.1386023220733905, 0.1878428882691439, 0.5024917195308146, 0.6307625687980596, 0.21500751703514911, 0.5024917195308146, 0.40732253754780623, -0.05312182124571537]], "inverted": false, "swapped": true, "error_lsq": 0.05945716686348322, "error_max": 0.3988892183382459, "target": "470.xyz", "model": "3.xyz", "model_rescale": 3.9243930471874484, "target_rescale": 4.130797366666765},
{"mapping": [11, 10, 9, 0, 1, 12, 6, 3, 2, 8, 4, 7, 14], "R": [[0.661926968163407, 0.7355034971498408, -0.14452437337125568], [0.6236223815527472, -0.6473469966767396, -0.43822025411895893], [-0.41586994847485637, 0.1999411702825594, -0.8871728773928793]], "T": [-0.0767137891396149, -0.11604130141399678, -0.08834488311691109], "aligned_model": [[0.0011436951276514312, -0.14408532700447968, 0.5762867666953593, 0.5163796987312456, 0.5810462278916345, -0.5187206529129625, -0.4496910157572518, 0.10086439568698753, 0.2428690204171729, -0.5046006171869182, 0.3576581339369195, -0.415306562635978, -0.06663787667802816], [-0.6087281353686662, -0.02549073473313533, -0.47162018623650775, -0.42888659645482186, 0.09741212053815286, -0.42355605092168996, -0.454489353839012, 0.47767544871910333, 0.4855142861900092, 0.4755385448087938, 0.04220429594045062, 0.06333774376651687, -0.10108182872760657], [-0.6794124623716207, -0.7505437450604295, -0.41095074381479785, 0.15228098908647109, -0.17864414497747136, -0.350176668044581, 0.2524932109166876, -0.5113133119453661, 0.0756937639815947, 0.05196439176209415, 0.5844759726640786, 0.6295693110890135, -0.07836624791470939]], "inverted": true, "swapped": true, "error_lsq": 0.052504568072831354, "error_max": 0.3606812136277686, "target": "470.xyz", "model": "4.xyz", "model_rescale": 3.8936222436046832, "target_rescale": 4.130797366666765},
{"mapping": [5, 7, 8, 13, 2, 4, 0, 1, 11, 12, 3, 14], "R": [[-0.06432972384433405, -0.0638164329925612, 0.995886112720836], [0.9869566469525777, -0.15164680717370208, 0.05403538572220001], [0.14757460373057635, 0.9863724999989243, 0.07273944995417117]], "T": [-0.012331504986214797, -0.08149689102975546, 0.06021777250491834], "aligned_model": [[0.09788646898847927, -0.6356053224518893, -0.2919145066730785, 0.34437926132786323, -0.4913853266657374, -0.7676450733634183, -0.22386210031018158, -0.1802667119231387, 0.6978726064042033, 0.4523626010768529, 0.05559729471589156, -0.029871148910749733], [-0.6526826749934924, -0.4893681872839277, 0.029640856756023293, -0.002636873082482463, 0.4240364266858859, -0.06919024244908176, -0.09826744147984715, 0.4611197428146566, -0.09101013138464044, -0.4017247921762981, 0.6296780243910973, -0.07067180268808568], [-0.5691100493513974, -0.26749163003013343, -0.6196515464640312, -0.600921844092955, -0.01629677184698807, 0.3696664765564034, 0.7402960255296205, 0.4648528117526408, 0.36629391642473236, -0.13979410590100583, -0.1690240228721614, 0.060465459570794085]], "inverted": true, "swapped": true, "error_lsq": 0.057596506632112215, "error_max": 0.32307441067514536, "target": "470.xyz", "model": "5.xyz", "model_rescale": 3.6523030999806103, "target_rescale": 4.130797366666765},
{"mapping": [9, 10, 3, 1, 2, 11, 13, 0, 12, 6, 8, 4, 14], "R": [[-0.6232712875996647, -0.36817405271199255, 0.689913595288195], [-0.21647345635008253, 0.9289900163100738, 0.30019459071085514], [-0.7514467012035553, 0.03775468852786146, -0.6587127133617956]], "T": [0.01838998100752537, -0.04596103879004696, -0.09491390552222626], "aligned_model": [[0.2311787326242836, -0.27579392714771817, 0.24582060583517812, 0.5915728292913294, 0.6109179347319733, -0.3957560470874106, -0.4759430311219859, 0.44382297880718113, -0.5786036011889739, -0.28152181242422303, 0.0109662370027169, 0.7171142960360308, 0.037307709305913], [-0.6758116142303604, 0.07234063652382589, 0.3851512964480695, -0.18648995089005016, 0.315891802172189, -0.5066599216658282, 0.4893939327199355, -0.6142910341750286, -0.09088826778747056, -0.15770769559435432, 0.6786513547558419, -0.13067840313659518, -0.038075230976991475], [0.36869132569493535, 0.4972906231671713, 0.4754836297078747, 0.2766740481816705, -0.0006582933476901587, 0.36812237187396435, 0.10407602756162226, -0.15441730951348442, -0.08645936255739015, -0.6120167028108687, -0.26111351994742404, -0.5084545206729708, -0.09710857785562121]], "inverted": false, "swapped": true, "error_lsq": 0.0491645474327118, "error_max": 0.33508464739041527, "target": "470.xyz", "model": "6.xyz", "model_rescale": 4.08911054899281, "target_rescale": 4.130797366666765},
{"mapping": [5, 10, 8, 11, 4, 0, 6, 3, 9, 12, 1, 13, 2, 1, 14], "R": [[0.3722788914769223, -0.16911721208137673, -0.9125830348732857], [-0.11809998326733148, -0.9838977244839126, 0.13415536406582879], [-0.9205763525710238, 0.05783283092847596, -0.3862570941145655]], "T": [-0.052318867748951406, -0.0683486342443265, 0.003026512298103772], "aligned_model": [[-0.07580718443383795, -0.6828547271817624, -0.3679267594513268, -0.5730952964923051, 0.08631568909821262, 0.6344821177300082, 0.4364769387246177, 0.3436819592636468, -0.2671248351122053, -0.4763290138832978, 0.030149175266699066, -0.12385895188462052, 0.5658550184471389, 0.030149175266699066, -0.12100120286050908], [-0.7985931024057635, -0.3363485724173736, 0.10473687847033294, 0.09741664441699635, -0.3378682749020857, 0.5664565823519208, -0.06205709345746184, 0.2892733565835711, 0.6583720245249921, -0.5121422452617098, 0.5307322448208653, -0.17217625542104636, 0.07479024784215255, 0.5307322448208653, 0.08214210227022581], [0.2191110912996109, 0.22635466012222505, 0.5823209428500201, -0.21108758488563925, 0.6394140613983023, 0.10294110798467065, 0.1039326198528786, 0.5876129412779448, 0.20375714875107462, -0.35927797954056867, -0.4120002110282876, -0.7180812215352452, -0.49447911596303534, -0.4120002110282876, 0.002832726419348202]], "inverted": false, "swapped": false, "error_lsq": 0.05613023802075968, "error_max": 0.4540113601704546, "target": "470.xyz", "model": "7.xyz", "model_rescale": 3.964800864290218, "target_rescale": 4.130797366666765},
{"mapping": [12, 6, 5, 11, 13, 0, 10, 7, 4, 2, 1, 3, 8, 14], "R": [[0.384643203951107, 0.5586022779345418, 0.7348558367057909], [-0.41418862402001655, 0.8159065582740269, -0.4034157556390645], [-0.8249226566088681, -0.14919779908488287, 0.545199621571397]], "T": [-0.05119272017056091, -0.0874582156437245, 0.051326542893825135], "aligned_model": [[-0.12380212978462889, 0.24586591660414608, 0.48205063974086276, -0.7272488618354281, 0.12005849248495819, -0.3532227961650628, -0.4370152186418983, 0.7204658719502002, 0.2472279739385727, 0.15189179189965346, -0.38755412306357284, -0.18320300675075368, 0.5488753360967755, -0.043201997012951236], [0.07641515958431513, -0.3867884580228975, 0.09254941387613297, -0.00798298388644711, 0.5808997969297995, -0.672909345639215, 0.4527264983038961, -0.3457078484124816, -0.6243364717289704, 0.042780028034586026, -0.14745526451034952, 0.4995261671711565, 0.3403589945576748, -0.08912722007599751], [-0.5199568044153768, -0.3868369818602379, -0.5949732957080328, -0.3158175273416424, -0.2561432199495925, 0.32254173778415696, -0.051567268827071154, 0.04279174722075028, 0.58902103615503, 0.7091302033613777, 0.6592952269654101, 0.4996104947245611, 0.1494657664156575, 0.07025392420003139]], "inverted": false, "swapped": true, "error_lsq": 0.041245619424131665, "error_max": 0.2466692425379364, "target": "470.xyz", "model": "8.xyz", "model_rescale": 4.121658175737393, "target_rescale": 4.130797366666765},
{"mapping": [1, 0, 11, 10, 4, 2, 6, 8, 12, 7, 3, 13, 14], "R": [[0.6580682683688677, 0.3630238402519844, -0.6596664654010405], [-0.7517148530638378, 0.36707882451448154, -0.54788494802858], [0.043254292841442776, 0.8564267791246186, 0.5144533391368148]], "T": [0.00382117233373349, -0.0715336313663548, -0.1131396255916442], "aligned_model": [[-0.5854821008511554, -0.4165612446797867, 0.39758969848812603, 0.2699062057775615, -0.674743836751012, -0.5936013960071603, 0.3276965934516918, 0.01658079519480659, 0.5999265867129272, -0.08510557540578442, -0.25115066654510154, 0.48668262211208685, -0.015000185062002496], [0.20436992219673897, -0.3392431558067909, 0.2257291061655088, 0.5381826049641993, -0.52002815597812, 0.1133580152519813, -0.581949540714534, 0.018468155170249856, -0.05219400674672617, -0.6642137214965355, 0.6005439521612052, 0.31912879290890594, -0.0717645286643731], [-0.36406479648015316, -0.6222006321000864, -0.7087436888249183, -0.20636262775255965, -0.04378019615178924, 0.2027912667431352, -0.046731695417131694, 0.624747503402417, -0.1658234585323229, 0.43735564473856287, 0.10188820051240746, 0.3167379807657084, -0.10473806694418034]], "inverted": false, "swapped": true, "error_lsq": 0.044382426860612854, "error_max": 0.22647458917807753, "target": "470.xyz", "model": "9.xyz", "model_rescale": 3.833441315466971, "target_rescale": 4.130797366666765},
{"mapping": [9, 2, 13, 5, 8, 12, 11, 10, 0, 3, 4, 4, 6, 1, 14], "R": [[-0.8475699632053456, -0.3473551599382284, 0.40121010747035885], [-0.21873144045433546, 0.917479312763467, 0.3322472988721622], [-0.4835097873144459, 0.1938455661483236, -0.8536054018431322]], "T": [0.07415992820514573, 0.061328606847612245, 0.020514537771580143], "aligned_model": [[-0.16149252692897453, -0.5502132982890775, -0.5838584799019737, -0.5340868785483686, 0.12825247055922356, 0.564673892920951, 0.6606644226325552, 0.33092497009135574, -0.1254115812323851, -0.24775206190482707, -0.2132234683642245, -0.2132234683642245, 0.2916373448742433, 0.05056344136691211, 0.041657323585971344], [-0.6764188074170825, -0.2702930640248791, 0.25676441019973895, 0.30391417733017995, -0.3604779933139939, 0.40515779476973235, -0.18542585195368336, 0.2519863418164531, 0.6417111488443431, -0.6292180688518924, -0.013239358624854196, -0.013239358624854196, 0.268975391428975, 0.7630327767608827, -0.027762756102584572], [0.2615680581103897, 0.15026582436468156, 0.4261044325852157, -0.14866957653827717, 0.6737469246742193, -0.04427432903723037, 0.26640434260638635, 0.7777961794885796, 0.31572679915295426, -0.3964264761038025, -0.7195955770030985, -0.7195955770030985, -0.5884320560581843, -0.20897053069485855, 0.015702537431134946]], "inverted": true, "swapped": false, "error_lsq": 0.04821540425599096, "error_max": 0.3313554512515535, "target": "470.xyz", "model": "10.xyz", "model_rescale": 4.2482417240324, "target_rescale": 4.130797366666765},
{"mapping": [7, 4, 0, 1, 5, 12, 6, 10, 2, 13, 8, 14], "R": [[-0.6361169008808988, -0.49875114077947297, -0.5887296391255116], [0.39154321114271023, 0.44881571195840986, -0.8032797585569555], [0.6648678080804754, -0.741492923951699, -0.09021663653575307]], "T": [0.126392685652078, 0.07548199120088225, 0.02791488677771998], "aligned_model": [[-0.6379060460067787, -0.059781677708440895, 0.43549872300723497, 0.6114102906593788, -0.546204176228438, 0.05228950508128233, -0.3076091589502351, 0.5173813812437429, 0.1275001570122225, -0.05998896763066061, -0.37968702992397446, 0.12386260180767293], [-0.1996558491386282, -0.7095845041414169, -0.4011418664206965, -0.3959741462090739, 0.6048402215158891, 0.6487083569925173, 0.2240317661624084, 0.5188390253606242, -0.4387192144197595, 0.6506168453946327, 0.1067502525934523, 0.05742050236069035], [0.07659050648766744, 0.1520851124012614, 0.4578172365900456, -0.14194268111979996, 0.0709036566835484, 0.18415676521159668, 0.4271705258747724, -0.2911588385278886, -0.44801249059112214, -0.4249083068435106, -0.5158186527454395, 0.018309456433225457]], "inverted": false, "swapped": true, "error_lsq": 0.042836874419296206, "error_max": 0.2074574263144955, "target": "470.xyz", "model": "11.xyz", "model_rescale": 3.6694154284099745, "target_rescale": 4.130797366666765},
{"mapping": [0, 4, 2, 7, 6, 9, 11, 10, 8, 13, 3, 12, 1, 14], "R": [[-0.9516284537530358, -0.28228122269739925, -0.12132846871228306], [0.2800186852824689, -0.634268241927907, -0.7206201032266307], [0.12646272929319455, -0.7197368328730603, 0.6826317231901641]], "T": [0.12163944903083504, 0.01496051192269035, -0.041194857029286956], "aligned_model": [[-0.14528500250767476, 0.009595904950586903, -0.28218720656848173, 0.6560193786798529, 0.7008302485019587, -0.4308670844927972, -0.0302204427499376, -0.15146515377532918, 0.32369319402411867, 0.3183602219626115, -0.42530646503441294, 0.47700836334867613, -0.5343995437077103, 0.11248843762434803], [-0.2765983796061635, 0.3471226162319071, 0.565365311726565, 0.5208435852651113, -0.08897623765109973, -0.5487718695257491, -0.6768260572885003, -0.1537892707280439, 0.6792868187538715, 0.21424647397402816, 0.3509559855985699, -0.28757187885014523, 0.05509257901033299, 0.030607611225569972], [-0.6338816413420247, -0.7784350630028534, -0.1989591225143664, -0.3886759432053717, -0.19470339752838065, -0.22521372326098824, 0.26950258966454843, 0.5488755190964855, 0.22448424805176395, 0.6603413919960941, 0.34725474286391, 0.3338762824306439, -0.27436178701392683, -0.05100863658311845]], "inverted": true, "swapped": true, "error_lsq": 0.05081282761312406, "error_max": 0.3209199315483226, "target": "470.xyz", "model": "12.xyz", "model_rescale": 3.9764082729961374, "target_rescale": 4.130797366666765},
{"mapping": [8, 10, 1, 12, 2, 5, 4, 0, 9, 11, 13, 14, 6, 5, 15], "R": [[0.1303591649889131, 0.8463677717932483, -0.5163991508253337], [0.8162371401191393, -0.3872765222481951, -0.4286884957699151], [-0.5628173941817386, -0.365620691680703, -0.741321853597614]], "T": [-0.015871397087151042, -0.007496874245403934, 0.0005182594474478523], "aligned_model": [[-0.2630073526789567, -0.771688352357144, -0.48351152901110106, -0.5327174261478483, -0.05614904450711117, 0.35791241999970125, 0.6932063215629679, 0.3749824050419585, -0.05343655735942293, -0.3957734269318709, -0.28848418467085013, 0.08775712932737958, 0.33831204825956224, 0.35791241999970125, 0.0737972319701921], [-0.6220318172866852, -0.2748866159893807, 0.024999664319976467, 0.3609185009881376, -0.26437795890169713, 0.7426193065385099, 0.10632022125179791, 0.20710856800693786, 0.4813701098850538, -0.6052635595482284, 0.08654282961337179, -0.40221274014848685, 0.19301050164946812, 0.7426193065385099, -0.061269534680803664], [0.24734504057851384, 0.058745015279732665, 0.4289797632682872, -0.06546528762290767, 0.7546066716182219, -0.02034508747618338, 0.01138929738095915, 0.5734805121475339, 0.3485082838425899, -0.35850003592389734, -0.5392218153393867, -0.686699721467343, -0.6460184254771711, -0.02034508747618338, -0.025108147357754115]], "inverted": false, "swapped": false, "error_lsq": 0.052870998479294926, "error_max": 0.4326665014994244, "target": "470.xyz", "model": "13.xyz", "model_rescale": 4.170626492500431, "target_rescale": 4.130797366666765},
{"mapping": [6, 7, 0, 4, 11, 3, 1, 5, 12, 8, 13, 2, 10, 14], "R": [[0.6765522169066782, 0.3178832126693499, -0.6642494718866339], [-0.6387343422162132, -0.19557175307904426, -0.7441573284401699], [-0.36646355599470004, 0.9277402397765242, 0.07072842163598089]], "T": [-0.01225842219439688, 0.05632716925011484, -0.026239435883712456], "aligned_model": [[0.3228256064647878, -0.10665049257395681, -0.4041794411452978, -0.6802613717068714, 0.3966818023228941, -0.29435938154127866, -0.5984753263007684, 0.6307984355887186, 0.5847097798981511, -0.03170626342200891, 0.4418142232727338, -0.6268384885848811, 0.24021256897787197, -0.03138862915845072], [-0.398727985665535, -0.7454634540039099, 0.13225404897976684, -0.34946829976303784, 0.6429760646760967, 0.4806222886138496, 0.4267616385539927, -0.4487879582855564, 0.1023007749529087, -0.2966963677626152, 0.12647570731553792, 0.024875844903376923, 0.6076610100036368, 0.05129115540715373], [-0.2509018533734895, 0.07595954585073118, -0.6162952791703022, -0.26184639118037994, -0.3208136264061497, 0.524513306569937, -0.10035154914524154, 0.23025870162316797, -0.028821228868143707, 0.627776396093651, 0.5733139655043287, 0.30874284883597747, 0.26278488256761673, -0.02044661778083693]], "inverted": false, "swapped": true, "error_lsq": 0.05313268475833166, "error_max": 0.3581091277604125, "target": "470.xyz", "model": "14.xyz", "model_rescale": 3.9786697098870705, "target_rescale": 4.130797366666765},
{"mapping": [8, 2, 5, 13, 7, 6, 1, 0, 12, 10, 4, 14], "R": [[0.7289003793210629, 0.24480992791947906, -0.6393530606931279], [0.6511596047562486, -0.5362907071197583, 0.5370134510332829], [-0.21141288077905057, -0.8077501944593077, -0.5503128357504065]], "T": [0.052962254926935584, -0.020193746436863218, 0.12190021659695834], "aligned_model": [[-0.00883427109438216, -0.5863053797252441, 0.6903930265953844, 0.45132561008449196, -0.019522854583744684, 0.4228764813417986, -0.5383442544115157, -0.28983217510743947, 0.6458217613249709, 0.25893552611785464, -0.5767702154722508, 0.03361134169741287], [-0.22425245807260652, -0.1784710086247701, 0.1039695898888125, -0.5279863066719609, 0.486429590135949, 0.4310164272348522, -0.18090896919405003, 0.3717730962724033, -0.10278710971168131, -0.6356702661049441, 0.49056367564252257, -0.01900177057008716], [-0.5903369463394422, -0.11725700040522032, -0.43731368361870443, -0.2705541360451084, -0.5107935498455681, -0.04957149063534337, 0.4549044046016709, 0.608096521921854, 0.13558284800950188, 0.2951322208339696, 0.0271773992354893, 0.11489990616073202]], "inverted": false, "swapped": true, "error_lsq": 0.05244446554785013, "error_max": 0.25505853327491923, "target": "470.xyz", "model": "15.xyz", "model_rescale": 3.769337070930944, "target_rescale": 4.130797366666765},
{"mapping": [2, 4, 3, 1, 8, 7, 13, 6, 10, 9, 14], "R": [[-0.6828323006017831, -0.7003343254722244, 0.20801894582042496], [0.6525983639079168, -0.45670813173938707, 0.6045932995227696], [-0.3284134964942623, 0.5485886573458145, 0.7688920992908759]], "T": [0.047617209707779336, -0.014569485110552928, 0.14517788231270018], "aligned_model": [[-0.3159906630933166, -0.4229043540136084, -0.15005694667899724, -0.6181814709169483, 0.4309449144021184, 0.3446795810927597, 0.6225691425331337, 0.4272255759059345, 0.13592355937864672, -0.56779622079092, 0.03621301287236816], [0.10400817241383417, -0.5464631089552262, 0.6271161230045543, 0.16575332467039935, 0.11448613782636602, -0.5844684887337015, 0.45954543224571, -0.47238368965720745, 0.6198536301228417, 0.12552320159580196, -0.016906236908030094], [-0.4418822754708192, -0.257447466615677, -0.18963608265180748, 0.04241426427757786, -0.47863704352073094, -0.3540132349286316, 0.021839380818408333, 0.27219498564058975, 0.34755120433206804, 0.6536667802271463, 0.1281670951156532]], "inverted": true, "swapped": true, "error_lsq": 0.05005366826197009, "error_max": 0.2218998837923785, "target": "470.xyz", "model": "16.xyz", "model_rescale": 3.7852294659196426, "target_rescale": 4.130797366666765},
{"mapping": [2, 13, 5, 8, 3, 10, 11, 12, 7, 4, 9, 6, 14], "R": [[0.6563919497326589, -0.24727124604968198, 0.712745774595119], [-0.059516039122963396, -0.9587878092333073, -0.2778196860424202], [0.7520687797091915, 0.1399387999899694, -0.6440572046364321]], "T": [0.02592724714016675, 0.1910762304665638, -0.029870576694260735], "aligned_model": [[-0.01991222687820077, -0.33785358505458846, 0.3041501999052868, 0.0718224115187378, -0.5570927821995213, -0.6195006944547329, -0.42338208805450195, -0.07887467239060897, 0.715892292250042, 0.5626327942115577, -0.28836149424143515, 0.4941444896946278, 0.030101205909620177], [-0.02111993852010413, -0.3834933766592334, -0.3580863718887693, -0.5387410356205375, -0.06894321808589449, 0.13241271944089986, 0.6404173475646027, 0.1174227223368472, -0.23104767473162213, 0.33194737373529526, 0.9275172287280853, 0.13994023018640472, 0.18682961721689947], [-0.6960406025681514, 0.2989155826330482, 0.5663400686994171, -0.16403814616709825, -0.4240956579153287, 0.14684112830149154, 0.4110111186013564, 0.5550080353174884, -0.11921453867790471, -0.6286284721328892, -0.15556008989791753, 0.35482076108210603, -0.049604490132444015]], "inverted": false, "swapped": true, "error_lsq": 0.045596271288273586, "error_max": 0.24846257929833593, "target": "470.xyz", "model": "17.xyz", "model_rescale": 3.901054581598922, "target_rescale": 4.130797366666765},
{"mapping": [10, 6, 1, 7, 4, 2, 5, 8, 0, 11, 12, 12, 13, 3, 14], "R": [[-0.8391432500657037, 0.5151987408635894, 0.17438137309282742], [-0.035313688213302996, 0.26832443784061477, -0.962681120352057], [-0.5427628849635369, -0.8139854135487258, -0.20696907313888335]], "T": [0.011975163058243143, -0.0031171109604559016, 0.07228217391521007], "aligned_model": [[0.0941161916910721, -0.6886511828432258, -0.46337196700917355, -0.5713750090980045, -0.07268077255091288, 0.5920757551543827, 0.6261904114359482, 0.36156773249642066, -0.19087780444532393, -0.38820193825726096, -0.2080353082830658, -0.2080353082830658, 0.506971264064142, 0.04144963968932737, 0.007970398735897999], [-0.8044298273832323, -0.2674753181310385, 0.2528929106478624, 0.24483924976746402, -0.35478009663376936, 0.5852686934322916, -0.11626600881429984, 0.10330989843914333, 0.7193204520564543, -0.5279055926417223, 0.0671411316160724, 0.0671411316160724, 0.1573125883887081, 0.6104361915407446, -0.021338621664269412], [0.22591983219973522, 0.1267175208917018, 0.5129515785811285, -0.12238997000139147, 0.7756600858397155, 0.10427514543891038, 0.06748607441722212, 0.62624659443673, 0.18381315443932195, -0.3762558133323225, -0.6338582341676611, -0.6338582341676611, -0.43441632603942126, -0.38168862881330134, 0.02074819625230527]], "inverted": false, "swapped": false, "error_lsq": 0.04550339596762621, "error_max": 0.4028524735783116, "target": "470.xyz", "model": "18.xyz", "model_rescale": 3.9405287249114394, "target_rescale": 4.130797366666765},
{"mapping": [12, 1, 0, 6, 4, 9, 13, 7, 8, 3, 2, 10, 11, 5, 15], "R": [[0.07203589730766322, 0.8108180186405531, 0.5808484915594495], [0.2252857283698369, 0.5540842703641697, -0.8013968816559484], [-0.97162604436684, 0.18858621896314098, -0.14275177030508007]], "T": [0.021623554873316325, -0.07018924601518763, 0.05347755965527473], "aligned_model": [[-0.02574990401761665, -0.6173021033068408, -0.4831327470455893, -0.5548856659752975, -0.027511689422893545, 0.5505540648173703, 0.6700399806714055, 0.3786079855283808, -0.20880395148653305, -0.3556940679148345, -0.40595750917164486, 0.0255152349339446, 0.517624656730811, -0.033603302129400964, 0.009411120285896692], [-0.5910059470096615, -0.218007084650244, 0.07369096698462856, 0.39865561017145934, -0.1954204655789712, 0.48590508889370976, -0.24347064876826596, 0.279725820314762, 0.5918494372508618, -0.7032256567491747, 0.28345906702068907, -0.1847130915615583, 0.10359237643929796, 0.6940947548338141, -0.059663445354865834], [0.21670985292880188, -0.020301257628225905, 0.4975426651704788, -0.024657417762438613, 0.7722041405124167, 0.05468308405957932, 0.08279546522718943, 0.5492064286618409, 0.33787183123628606, -0.37351765002803633, -0.6154264598946935, -0.7241940809322571, -0.4394687422408387, -0.26914079548080944, 0.017043912145718307]], "inverted": false, "swapped": false, "error_lsq": 0.03708560014505562, "error_max": 0.24167434072512065, "target": "470.xyz", "model": "19.xyz", "model_rescale": 4.410303926677745, "target_rescale": 4.130797366666765},
{"mapping": [12, 6, 5, 11, 13, 0, 10, 7, 4, 2, 1, 3, 8, 14], "R": [[0.384643203951107, 0.5586022779345418, 0.7348558367057909], [-0.41418862402001655, 0.8159065582740269, -0.4034157556390645], [-0.8249226566088681, -0.14919779908488287, 0.545199621571397]], "T": [-0.05119272017056091, -0.0874582156437245, 0.051326542893825135], "aligned_model": [[-0.12380212978462889, 0.24586591660414608, 0.48205063974086276, -0.7272488618354281, 0.12005849248495819, -0.3532227961650628, -0.4370152186418983, 0.7204658719502002, 0.2472279739385727, 0.15189179189965346, -0.38755412306357284, -0.18320300675075368, 0.5488753360967755, -0.043201997012951236], [0.07641515958431513, -0.3867884580228975, 0.09254941387613297, -0.00798298388644711, 0.5808997969297995, -0.672909345639215, 0.4527264983038961, -0.3457078484124816, -0.6243364717289704, 0.042780028034586026, -0.14745526451034952, 0.4995261671711565, 0.3403589945576748, -0.08912722007599751], [-0.5199568044153768, -0.3868369818602379, -0.5949732957080328, -0.3158175273416424, -0.2561432199495925, 0.32254173778415696, -0.051567268827071154, 0.04279174722075028, 0.58902103615503, 0.7091302033613777, 0.6592952269654101, 0.4996104947245611, 0.1494657664156575, 0.07025392420003139]], "inverted": false, "swapped": true, "error_lsq": 0.041245619424131665, "error_max": 0.2466692425379364, "target": "470.xyz", "model": "20.xyz", "model_rescale": 4.121658175737393, "target_rescale": 4.130797366666765},
{"mapping": [9, 10, 3, 1, 2, 11, 13, 0, 12, 6, 8, 4, 14], "R": [[-0.6232712875996647, -0.36817405271199255, 0.689913595288195], [-0.21647345635008253, 0.9289900163100738, 0.30019459071085514], [-0.7514467012035553, 0.03775468852786146, -0.6587127133617956]], "T": [0.01838998100752537, -0.04596103879004696, -0.09491390552222626], "aligned_model": [[0.2311787326242836, -0.27579392714771817, 0.24582060583517812, 0.5915728292913294, 0.6109179347319733, -0.3957560470874106, -0.4759430311219859, 0.44382297880718113, -0.5786036011889739, -0.28152181242422303, 0.0109662370027169, 0.7171142960360308, 0.037307709305913], [-0.6758116142303604, 0.07234063652382589, 0.3851512964480695, -0.18648995089005016, 0.315891802172189, -0.5066599216658282, 0.4893939327199355, -0.6142910341750286, -0.09088826778747056, -0.15770769559435432, 0.6786513547558419, -0.13067840313659518, -0.038075230976991475], [0.36869132569493535, 0.4972906231671713, 0.4754836297078747, 0.2766740481816705, -0.0006582933476901587, 0.36812237187396435, 0.10407602756162226, -0.15441730951348442, -0.08645936255739015, -0.6120167028108687, -0.26111351994742404, -0.5084545206729708, -0.09710857785562121]], "inverted": false, "swapped": true, "error_lsq": 0.0491645474327118, "error_max": 0.33508464739041527, "target": "470.xyz", "model": "21.xyz", "model_rescale": 4.08911054899281, "target_rescale": 4.130797366666765},
{"mapping": [8, 5, 9, 10, 11, 3, 2, 15, 14, 6, 7, 0, 4, 13, 16], "R": [[-0.170011960649263, -0.8565014116092295, 0.4873410152527596], [0.9493197594773273, -0.009680405364883987, 0.31416283042059734], [-0.2643632491518118, 0.5160538941461139, 0.8147394987568286]], "T": [-0.0272079034366553, 0.020969602198112267, 0.031919614327940986], "aligned_model": [[-0.19990480118721551, -0.6208404627071875, -0.5020437873268637, -0.8129888808265726, -0.041504686905969534, 0.4557558646250857, 0.688320630418578, 0.3669068315144276, 0.08198095323774046, -0.3853304851202236, -0.3734968493172819, 0.20935205673059065, 0.5214781317949309, 0.06225104468095398, -0.010823457113835679], [-0.6454171939541025, -0.17692852270750026, 0.3400615641342971, 0.13338502513226957, -0.4586081597217435, 0.7366037508756562, 0.009241777264363801, 0.03908984084433688, 0.5711911621144161, -0.43942676427011895, 0.17781021422605237, -0.279594824334486, 0.17672087992101476, 0.5020228710598181, 0.029315161652207704], [0.11478358406987504, 0.357750507094309, 0.45648858959631744, -0.11315428916134057, 0.6283203206595322, -0.062380901474727475, 0.12749787929731632, 0.6449875147598709, 0.343619172441954, -0.4321359112102371, -0.5691470844576589, -0.641712190835737, -0.36930022578129984, -0.4122817084384329, -0.011984280584729189]], "inverted": false, "swapped": false, "error_lsq": 0.0503196419058903, "error_max": 0.2916098410056936, "target": "470.xyz", "model": "22.xyz", "model_rescale": 4.204369325754507, "target_rescale": 4.130797366666765},
{"mapping": [12, 1, 0, 6, 4, 9, 13, 7, 8, 3, 2, 10, 11, 5, 15], "R": [[0.07203589730766322, 0.8108180186405531, 0.5808484915594495], [0.2252857283698369, 0.5540842703641697, -0.8013968816559484], [-0.97162604436684, 0.18858621896314098, -0.14275177030508007]], "T": [0.021623554873316325, -0.07018924601518763, 0.05347755965527473], "aligned_model": [[-0.02574990401761665, -0.6173021033068408, -0.4831327470455893, -0.5548856659752975, -0.027511689422893545, 0.5505540648173703, 0.6700399806714055, 0.3786079855283808, -0.20880395148653305, -0.3556940679148345, -0.40595750917164486, 0.0255152349339446, 0.517624656730811, -0.033603302129400964, 0.009411120285896692], [-0.5910059470096615, -0.218007084650244, 0.07369096698462856, 0.39865561017145934, -0.1954204655789712, 0.48590508889370976, -0.24347064876826596, 0.279725820314762, 0.5918494372508618, -0.7032256567491747, 0.28345906702068907, -0.1847130915615583, 0.10359237643929796, 0.6940947548338141, -0.059663445354865834], [0.21670985292880188, -0.020301257628225905, 0.4975426651704788, -0.024657417762438613, 0.7722041405124167, 0.05468308405957932, 0.08279546522718943, 0.5492064286618409, 0.33787183123628606, -0.37351765002803633, -0.6154264598946935, -0.7241940809322571, -0.4394687422408387, -0.26914079548080944, 0.017043912145718307]], "inverted": false, "swapped": false, "error_lsq": 0.03708560014505562, "error_max": 0.24167434072512065, "target": "470.xyz", "model": "23.xyz", "model_rescale": 4.410303926677745, "target_rescale": 4.130797366666765},
{"mapping": [14, 11, 7, 1, 13, 2, 5, 12, 0, 9, 10, 8, 4, 3, 16], "R": [[0.9639409408694121, 0.14212622579097892, -0.2249844404802355], [0.16542128255101765, 0.342234236568771, 0.9249386609929154], [0.20845541920269026, -0.9288034578222685, 0.30638288944134684]], "T": [-0.05260182097113751, -0.09707790779198482, 0.04815881814250782], "aligned_model": [[-0.19620617639319088, -0.6524081337503971, -0.4312344837839617, -0.6586991627895155, -0.10182101253620017, 0.476477185203689, 0.5734767068849528, 0.3792503461922677, 0.12613713841294888, -0.19944368610053886, -0.3213538768862675, 0.1809740732461057, 0.34799014832458025, -0.018651171034814076, -0.06537579249250146], [-0.7351522652779725, -0.29573284250073784, 0.17946283486613723, 0.5066811482434919, -0.34616372433358855, 0.6327286580546505, -0.04964031254784888, 0.14927030843926126, 0.568739817916152, -0.5467600097474421, -0.010420026350904374, -0.2459268479349737, 0.1828273552917457, 0.7094800492795741, 0.016072638838935976], [0.2224829227215827, 0.009557125475308549, 0.5194267047883756, -0.01859718582855162, 0.7036894055361254, -0.09450068154320702, 0.08527195520927654, 0.679817030199987, 0.35658214997281196, -0.3625034000546678, -0.5383961156029595, -0.725787537823704, -0.4366746489623908, -0.3487827391269673, 0.00976599101399242]], "inverted": true, "swapped": false, "error_lsq": 0.03671986151676513, "error_max": 0.2540175697910267, "target": "470.xyz", "model": "24.xyz", "model_rescale": 4.28219845311461, "target_rescale": 4.130797366666765},
{"mapping": [13, 9, 11, 5, 12, 6, 2, 14, 10, 7, 1, 4, 0, 8, 15], "R": [[0.0622408599688445, 0.9343848012468621, -0.35078642868446475], [-0.9976383961416764, 0.06847399171496109, 0.005379870117677876], [0.029046615882101195, 0.34962316235839097, 0.9364400346249171]], "T": [-0.08711558389019611, -0.028868048135821375, -0.03462694908470425], "aligned_model": [[0.08280104882335249, -0.7061043931470891, -0.3297968240456086, -0.7388839708285438, -0.21441695867589902, 0.5442572053486028, 0.5804416789289544, 0.3302545896343234, 0.009787071335581293, -0.32768215193183914, -0.2537750301784961, 0.14099181732045116, 0.4987336090744847, -0.14431886929997179, -0.033176719861145364], [-0.5498588116148286, -0.27712729716158263, 0.1523539949023442, 0.5150079173097306, -0.30183080172967236, 0.6141117964734011, -0.17050227419239505, 0.12409381523708567, 0.6121388315439773, -0.7431935774357749, 0.3051207701730057, -0.38116169107797565, 0.17346987721505874, 0.6591195640878689, -0.01627533149376144], [0.19474920319328348, 0.07534524361312496, 0.4178567059154501, -0.10301982088136509, 0.6680149194095926, -0.04656241707473037, 0.0209344696757834, 0.5838788564662458, 0.42300267674959463, -0.22805075910103012, -0.5547745214660638, -0.633379632319763, -0.5650930263254077, -0.10774935668932957, -0.08380156519037396]], "inverted": false, "swapped": false, "error_lsq": 0.044220472172630795, "error_max": 0.2778812588821394, "target": "470.xyz", "model": "25.xyz", "model_rescale": 4.100010024507729, "target_rescale": 4.130797366666765},
{"mapping": [7, 4, 0, 1, 5, 12, 6, 10, 2, 13, 8, 14], "R": [[-0.6361169008808988, -0.49875114077947297, -0.5887296391255116], [0.39154321114271023, 0.44881571195840986, -0.8032797585569555], [0.6648678080804754, -0.741492923951699, -0.09021663653575307]], "T": [0.126392685652078, 0.07548199120088225, 0.02791488677771998], "aligned_model": [[-0.6379060460067787, -0.059781677708440895, 0.43549872300723497, 0.6114102906593788, -0.546204176228438, 0.05228950508128233, -0.3076091589502351, 0.5173813812437429, 0.1275001570122225, -0.05998896763066061, -0.37968702992397446, 0.12386260180767293], [-0.1996558491386282, -0.7095845041414169, -0.4011418664206965, -0.3959741462090739, 0.6048402215158891, 0.6487083569925173, 0.2240317661624084, 0.5188390253606242, -0.4387192144197595, 0.6506168453946327, 0.1067502525934523, 0.05742050236069035], [0.07659050648766744, 0.1520851124012614, 0.4578172365900456, -0.14194268111979996, 0.0709036566835484, 0.18415676521159668, 0.4271705258747724, -0.2911588385278886, -0.44801249059112214, -0.4249083068435106, -0.5158186527454395, 0.018309456433225457]], "inverted": false, "swapped": true, "error_lsq": 0.042836874419296206, "error_max": 0.2074574263144955, "target": "470.xyz", "model": "26.xyz", "model_rescale": 3.6694154284099745, "target_rescale": 4.130797366666765},
