[{"mapping": [12, 6, 8, 2, 11, 4, 10, 9, 14, 5, 0, 15], "R": [[0.3978072711404398, -0.8990439353526107, 0.18294637830109522], [-0.12089807884633219, -0.24903222083772017, -0.9609196675663888], [0.9094685423691482, 0.360142965071267, -0.2077595127800736]], "T": [-0.003039539226607298, 0.08890757754657445, -0.0058854094924727166], "aligned_model": [[-0.26282366132065554, 0.110301299981146, 0.3896592881020631, -0.06648433224098449, -0.1970345562237332, -0.6109429288927125, 0.4958923036202643, -0.31912247745334493, 0.7537345849949978, 0.26129873609460896, -0.6629506595883092, -0.053885134612791576], [-0.41132453293550203, -0.6297732963598157, -0.24408963632455838, 0.6787619086357544, 0.3090763244139936, -0.5480815915715569, -0.2668738722606666, -0.5384247013315548, 0.17031342879173755, 0.47005334423448053, 0.042205647950220096, 0.021712012734525846], [-0.5215499551186382, -0.09071625545599674, -0.34025216798798447, -0.010621576999121786, -0.6538312391489632, -0.07193437514799389, 0.49065177280675104, 0.6170827750584654, -0.050820360380618004, 0.4540760752825858, 0.30485090403320364, 0.05501614841187284]], "inverted": true, "swapped": true, "error_lsq": 0.03995832483672317, "error_max": 0.26393595275369597, "target": "471.xyz", "model": "0.xyz", "model_rescale": 3.751011558992144, "target_rescale": 4.290144224144954},
{"mapping": [11, 3, 12, 13, 14, 6, 5, 2, 8, 9, 10, 7, 0, 4, 15], "R": [[0.18053248668024022, 0.37448630246533987, -0.9094877847002054], [-0.2909906956029783, 0.9036225516728602, 0.31430987763785617], [0.9395384166310305, 0.20790933931420022, 0.27210525592202184]], "T": [0.09380777349323995, -0.05219562097507545, -0.06013993930384716], "aligned_model": [[0.028339955762540878, 0.07841379179166318, -0.42541668751021827, 0.19515035982708728, -0.19270425620431203, -0.5418467493232427, 0.49351469090137107, 0.5664736046801591, -0.4914166777495976, 0.05807739978788119, -0.1490286358879866, 0.4901203706844784, 0.4945972788987771, -0.15965186631458156, 0.09446363174501492], [0.011335744059449968, -0.5664893257220207, 0.42236697410309454, 0.5076286420666709, -0.750921929304618, 0.20300975286308226, -0.4718959455152618, -0.28707190611597494, -0.22879662565081255, 0.5287611044289727, -0.3138327099430017, 0.13519075054978447, 0.5439266254643592, 0.7906959159736556, 0.024850282569725435], [-0.7655617084494785, -0.47520295978705407, -0.358177152607335, -0.4550808384809255, 0.044957826640083146, 0.1993945700877433, 0.24118613739270256, -0.3310568041438603, -0.1169296340827914, 0.6765799494773956, 0.643165903978002, 0.45159631539765305, 0.07486692424528395, 0.010260817327080965, 0.009667057857475875]], "inverted": true, "swapped": true, "error_lsq": 0.03506287802987711, "error_max": 0.23057716623517496, "target": "471.xyz", "model": "1.xyz", "model_rescale": 3.9405287249114394, "target_rescale": 4.290144224144954},
{"mapping": [9, 13, 0, 8, 11, 7, 6, 12, 3, 5, 14, 10, 15], "R": [[0.8670986901241489, 0.28581691090309846, -0.4079810718976988], [0.051436640230766745, -0.8660095392449951, -0.49737485861113007], [-0.495473645743904, 0.4102879127862302, -0.7656171987323449]], "T": [-0.04275603353068195, -0.1257749705877521, -0.0827467984218461], "aligned_model": [[-0.5112196647700432, 0.26275677293450866, -0.32723605863225164, 0.3503842226642237, 0.54485542643682, -0.661850613635955, 0.1938080862710829, 0.5722145876977227, 0.22085325266013364, -0.5776786412371057, -0.02656574659275739, -0.4573187068529079, -0.08701963765953946], [0.6300242988508615, 0.2888176955449172, 0.4238456300129775, -0.2290200629802882, -0.24457719286600993, 0.13520105313342373, 0.2742597621560249, 0.3185955605681268, -0.7250644045167671, -0.5005233875838182, -0.7248348120880768, -0.1541590851122931, -0.03373246154706158], [0.21867128571587677, -0.5458090894936141, -0.4716029726843751, 0.3773421413212281, -0.4655534676201907, -0.13436789128703042, 0.48342830399708625, 0.006560783179937774, -0.1742597428757257, -0.09427131419844695, 0.38865358175419973, 0.5876223007837761, -0.06329356900407772]], "inverted": false, "swapped": true, "error_lsq": 0.05001626476632402, "error_max": 0.273426816057191, "target": "471.xyz", "model": "2.xyz", "model_rescale": 3.932901565614263, "target_rescale": 4.290144224144954},
{"mapping": [5, 10, 14, 7, 3, 11, 8, 2, 0, 13, 6, 9, 12, 15], "R": [[0.2553639335727775, -0.07133589643355925, 0.9642097548304824], [0.7048846709619901, 0.696324292754158, -0.13516685970765552], [-0.6617604264936408, 0.7141734167556523, 0.228099690325332]], "T": [-0.03711845774317879, -0.12384632754246375, 0.0009219280487497098], "aligned_model": [[-0.30195598777373933, 0.47097416209068443, 0.14501605250517113, -0.0967396553310928, -0.31073774046085906, -0.31440333581284363, 0.40804397297774403, -0.6131020749753684, -0.21706731066432347, -0.22456810621146298, 0.676427541891422, 0.4480893217228403, 0.3408279070924821, 0.0090051650020493], [0.1523194529908383, 0.19395907083733657, -0.4559320326314231, 0.5443289370391567, -0.6476801827430485, -0.6764100710827093, -0.5340037978420424, -0.18064569237550948, 0.41241704950516733, -0.1626345455502012, -0.15133568627839, 0.6470641801710398, -0.43761017708071837, -0.04033986660900746], [-0.5285163885568085, -0.5118199326084315, -0.6608176296110667, -0.06262687131914396, -0.29529231985024074, 0.3526726176071404, -0.10155686219652779, -0.1294333932183062, 0.4638050821151096, 0.6665118487737918, 0.16414281623345325, 0.22854875152465245, 0.5860190739107105, 0.0422595702527647]], "inverted": true, "swapped": true, "error_lsq": 0.03819876491070049, "error_max": 0.2957604324410484, "target": "471.xyz", "model": "3.xyz", "model_rescale": 3.9243930471874484, "target_rescale": 4.290144224144954},
{"mapping": [5, 2, 14, 10, 8, 7, 9, 3, 12, 13, 6, 4, 15], "R": [[-0.07520046252911772, 0.8723440043938979, -0.4830743508337261], [0.9966838778714365, 0.05065430385630976, -0.06368193693652938], [-0.031082760922450603, -0.486261328401562, -0.8732604322162926]], "T": [-0.016404612830058007, -0.009975555172427729, -0.22330016364858118], "aligned_model": [[-0.03462289188945894, -0.22305798221428577, 0.6613453344650403, 0.3531402434626989, 0.5390325529892701, -0.4273622066647713, -0.35669906585715416, 0.32514189096723956, 0.055696639984906454, -0.46939039320834525, 0.2992714347902713, -0.37911816345649346, -0.06617150705756514], [-0.5036631944909558, 0.05841469953559645, -0.21874670607922375, -0.6705641430093706, 0.14644540750772436, -0.53795992484467, -0.5321442983920683, 0.24391936454514276, 0.525847708304131, 0.4790892241686093, -0.02055318660245828, 0.2124221421158304, -0.05467753907670026], [-0.6506782115553448, -0.7751995774289091, -0.5033407910764427, -0.0016655227498049707, -0.013722779661538509, -0.14331464775336433, 0.4788985687388937, -0.7291614646719552, 0.31644488517096137, -0.03549344512913158, 0.4375942026840389, 0.550419645480251, -0.14371054667668953]], "inverted": false, "swapped": true, "error_lsq": 0.04865047607041231, "error_max": 0.2869061587872468, "target": "471.xyz", "model": "4.xyz", "model_rescale": 3.8936222436046832, "target_rescale": 4.290144224144954},
{"mapping": [1, 2, 5, 7, 14, 8, 12, 6, 9, 0, 10, 15], "R": [[-0.4676465751714286, -0.8652383751504102, -0.18074632748001124], [-0.676656498615825, 0.4819960565766298, -0.5566109811399256], [0.5687201979984584, -0.1379940419426011, -0.8108729745015172]], "T": [-0.23868067160451334, -0.12351424511661535, 0.011118621093827184], "aligned_model": [[0.07279565718651604, -0.46943451008706594, -0.23458117711402615, 0.33176409655057193, -0.7292644070195539, -0.5435466697406084, -0.23120599318375368, -0.04103134786714663, 0.6532234915401618, 0.36820283679600396, -0.011646267933519527, -0.13772766691248173], [-0.6663984619971628, -0.4690312541969073, 0.04984067899562944, -0.08143235692777273, 0.43010766472969475, 0.24866797816508018, -0.2522325454996516, 0.29690181217831496, 0.13699266474707816, -0.5297638369804316, 0.6164464830865626, -0.11117592119062678], [-0.5846308968042891, -0.4123745517079663, -0.6186771006853411, -0.3450740268827827, -0.1737692287070631, 0.39248164823676124, 0.7641163677002671, 0.5774486488804571, 0.14597663754680826, -0.01845315414116625, -0.14046006311325157, 0.03270043895308474]], "inverted": false, "swapped": true, "error_lsq": 0.04308057771969897, "error_max": 0.2703266930437406, "target": "471.xyz", "model": "5.xyz", "model_rescale": 3.6523030999806103, "target_rescale": 4.290144224144954},
{"mapping": [9, 6, 10, 7, 5, 4, 8, 0, 12, 11, 3, 1, 15], "R": [[-0.6935200313784722, -0.17313949874970536, 0.6993230155296648], [-0.15522195180367837, 0.9838044445583782, 0.08963794143908894], [-0.7035169591097712, -0.04638457545221002, -0.7091631401906467]], "T": [0.074337954435893, 0.10385747184936395, -0.07927684572374924], "aligned_model": [[0.2571444892372212, -0.38935972112936, 0.29286588196539864, 0.606516165741946, 0.6656584976766047, -0.32352712681029905, -0.3905105859494583, 0.3144880616485093, -0.6286237864567134, -0.34739260019803064, -0.00841818528213159, 0.7430767313332642, 0.08916508288734391], [-0.5071835639261681, 0.0012538231660236404, 0.36006079923735856, -0.22158841949485047, 0.37923495531274765, -0.6475183387691918, 0.43002437563166934, -0.5847814738889954, -0.19364892547030305, 0.11828504447307721, 0.6372530138172279, -0.2543077904971335, 0.02374340457172054], [0.609747242647232, 0.47839830499600855, 0.633932798885849, 0.17552237821521025, -0.04436777121200422, 0.15905478656156266, 0.15402902217656383, -0.12749657163252032, -0.048218634885452555, -0.6518825794729609, -0.460921860803717, -0.49299698970159966, -0.014690386292382798]], "inverted": false, "swapped": true, "error_lsq": 0.04967270414067026, "error_max": 0.3227925788955119, "target": "471.xyz", "model": "6.xyz", "model_rescale": 4.08911054899281, "target_rescale": 4.290144224144954},
{"mapping": [4, 13, 12, 9, 10, 14, 6, 8, 7, 0, 5, 2, 3, 11, 15], "R": [[0.9227567016393942, 0.28333524406819444, -0.261230184030106], [-0.2916506442067235, 0.9564976360890917, 0.007223149574995862], [0.2519126263476873, 0.06952274178135018, 0.9652495102624058]], "T": [0.007335376950908962, 0.016884035986242406, 0.06268858802039842], "aligned_model": [[0.15622380709589062, 0.3461697955169393, 0.5719341881629755, -0.5492196625693253, -0.49467913756008103, -0.002394808095624852, 0.13398887340812785, 0.33780093555564134, -0.614596692335015, -0.25619271254759374, -0.49389793453870895, -0.02449598974919954, 0.3213344120233178, 0.6497401911658879, -0.04538172573367761], [-0.7041556499127465, -0.5749643688079803, -0.30121693491594087, -0.4712671270798662, 0.3898931502007804, 0.7750389782751101, -0.016892983539534147, 0.35572153589441463, -0.24243952117274467, -0.6602416536203652, 0.31875953476925556, 0.07921518751577336, 0.48043445977038146, -0.07561730531617217, -0.0515084858912522], [-0.4247518753524756, 0.18334737002743207, -0.34187269627949224, -0.5148047027674705, -0.4178405215789589, -0.017682703505686168, -0.6579795891354783, -0.3283130818610577, 0.06445358030779638, 0.14190070873832905, 0.3531154074225362, 0.651821337569223, 0.41416819051640497, 0.35372415013746195, 0.004784457843516221]], "inverted": false, "swapped": true, "error_lsq": 0.038632210353315655, "error_max": 0.20067705697171068, "target": "471.xyz", "model": "7.xyz", "model_rescale": 3.964800864290218, "target_rescale": 4.290144224144954},
{"mapping": [12, 0, 11, 6, 3, 9, 8, 1, 7, 5, 10, 14, 2, 15], "R": [[0.23896188170429103, -0.17582991544340737, 0.9549769944493471], [0.3242396501905212, 0.941470182620423, 0.09220924292605137], [-0.915295508749318, 0.2876069124201144, 0.2819865166838582]], "T": [0.04493168189964443, 0.034278517968569976, 0.009690766105710596], "aligned_model": [[-0.3184049802467128, 0.2989105774913226, 0.29792204581135046, -0.6561232406247911, 0.25397682622502343, -0.35850178532971544, -0.4385466521212511, 0.7920172836044633, 0.15553918083200258, 0.2963403174672528, -0.4676739430773453, -0.2073588104934196, 0.6043624366464869, 0.008728633276206064], [-0.011906660435649162, -0.6359912593587682, 0.37648252876151234, -0.09451587179656554, 0.6613262332223787, -0.7974140311697243, 0.3943249245360929, -0.3591651089172473, -0.511478023731491, 0.07475954438940197, -0.050338727138081706, 0.6215667838214309, 0.2064246644582783, -0.06312653046036618], [-0.6607443741587908, -0.13332657460575267, -0.5602517157739688, -0.15906532281359706, 0.02080790677087957, 0.1742280328579847, -0.10656725842695929, 0.1933303059637239, 0.3891207328626263, 0.61124406482689, 0.6031029266751422, 0.42537711151442326, 0.10653466028636656, 0.013024542746053846]], "inverted": false, "swapped": true, "error_lsq": 0.04768268580496334, "error_max": 0.3047783180738074, "target": "471.xyz", "model": "8.xyz", "model_rescale": 4.121658175737393, "target_rescale": 4.290144224144954},
{"mapping": [5, 2, 3, 14, 1, 7, 13, 4, 12, 0, 10, 6, 15], "R": [[-0.7312829343240832, -0.22204696397291104, 0.6449189218473679], [0.6106266971264702, -0.6344223640463933, 0.47396550586957675], [0.3039083854104338, 0.740407597062725, 0.5995300521984073]], "T": [0.018040147338084275, 0.024934549399413898, -0.12933086174031305], "aligned_model": [[-0.5606512752905913, -0.2602661613551202, 0.15138426720484105, 0.03900007667548245, -0.6374211493920756, -0.5448507131534444, 0.27735001224989597, 0.3630766992855493, 0.7025041812434967, -0.2505011425071691, -0.2357545345157845, 0.4377339899536564, -0.0048667539635398605], [0.22637963403734923, -0.2522452138314651, 0.10622498399561153, 0.6655411958268247, -0.5338721596925944, -0.01709035040174984, -0.5940882546274289, -0.3007628872950712, -0.14092020702768224, -0.4806735585557755, 0.7194688897888963, 0.3743941727845166, 0.018031194410278232], [-0.35570997294891793, -0.57395742678652, -0.771688636915278, -0.5422920505157773, -0.1983512556363029, 0.23868966523263302, 0.041610652211184374, 0.6153403114336982, 0.16669458332447606, 0.32505535104217026, 0.14502822180096553, 0.3588081214111815, -0.02815212969442424]], "inverted": true, "swapped": true, "error_lsq": 0.04629509989695158, "error_max": 0.2702756256461243, "target": "471.xyz", "model": "9.xyz", "model_rescale": 3.833441315466971, "target_rescale": 4.290144224144954},
{"mapping": [4, 4, 8, 3, 11, 12, 13, 2, 10, 14, 9, 7, 0, 6, 15], "R": [[-0.691752760919116, -0.672308199464875, 0.2635902173698381], [-0.2479205290796425, 0.5639332964421594, 0.78772752168802], [-0.678242971966279, 0.47956326182911235, -0.5567814193039956]], "T": [-0.07675858587571294, 0.21604190894649453, 0.06294877416672927], "aligned_model": [[0.09012498855938697, 0.09012498855938697, -0.535364378098045, -0.5505627542740604, -0.6030488431596035, -0.4573276358730872, -0.11682283875595911, -0.05587966316319484, 0.19391652709828838, -0.4038494869320742, 0.618034290291926, 0.5955361946067248, 0.4599833503600286, -0.19969999679496714, -0.0013197241302183027], [-0.629330342005918, -0.629330342005918, 0.04622884607655289, 0.6750376839888007, 0.19694454343267837, -0.43368974986522546, -0.15352552283499774, 0.6975241378729192, 0.2300726458558723, 0.6275558436504591, -0.35809198569457645, 0.22812333773431137, -0.07121706521877666, -0.3708205027094922, 0.1456200110182897], [-0.1298200731839972, -0.1298200731839972, 0.4340887661332406, 0.019997768482663728, -0.41516836378652444, -0.0660700143380238, -0.5214026681566782, -0.28304940323072303, 0.8036246269373336, 0.6152358023597206, 0.32596341477470336, 0.10682460482726648, -0.341540025673279, 0.4836892357871442, 0.07556831007324313]], "inverted": false, "swapped": true, "error_lsq": 0.047538378154723525, "error_max": 0.29832182385143957, "target": "471.xyz", "model": "10.xyz", "model_rescale": 4.2482417240324, "target_rescale": 4.290144224144954},
{"mapping": [10, 14, 2, 11, 9, 0, 7, 13, 8, 4, 6, 15], "R": [[-0.8590524451537442, 0.0172799056392474, -0.5115958378803256], [-0.036880690601679963, 0.9947433306536637, 0.09552759172511109], [0.5105572554925812, 0.10093121906107676, -0.8538993956449017]], "T": [0.0848444296444096, -0.08690856623261603, 0.041756942875924206], "aligned_model": [[-0.6824990293487151, -0.17818553745950544, 0.4653135549881792, 0.7357908537934407, -0.5601178319287263, 0.1469577812025441, -0.2524452049827445, 0.5479235203313588, -0.06545014602281725, 0.026539066861754876, -0.3343782641172035, 0.02731683904544123], [-0.2611301668919418, -0.8025571503593065, -0.22942639846406596, -0.1852625030938671, 0.5949954267815262, 0.6117900739359222, 0.30113312226234035, 0.3891301795906684, -0.42736650307286383, 0.6483381517149471, 0.02698523745275841, -0.0004980798054782659], [0.09554771386258673, 0.03782273870941158, 0.4740851944442752, -0.2275707346427546, 0.017794547732679987, 0.24714183845843343, 0.4773148284258251, -0.1547035044955751, -0.446505871994854, -0.44370875830556167, -0.5480100884978139, 0.03598438615770359]], "inverted": true, "swapped": true, "error_lsq": 0.0428420342191199, "error_max": 0.21963503898285788, "target": "471.xyz", "model": "11.xyz", "model_rescale": 3.6694154284099745, "target_rescale": 4.290144224144954},
{"mapping": [9, 4, 12, 13, 0, 10, 7, 14, 11, 3, 8, 2, 6, 15], "R": [[0.3297458557537959, -0.4619862175201082, 0.8233082080452375], [0.9414334979365253, 0.09578562524183988, -0.32330803107876604], [0.07050276289760082, 0.8816994095600229, 0.46651421372270285]], "T": [0.10304375230968243, -0.0029381910438094558, 0.10914988589993435], "aligned_model": [[-0.1023546736903038, 0.06830778098898499, -0.09334737200685411, 0.505880708373776, 0.5413239353394099, -0.4808654062429516, 0.268456894253155, -0.36793992145769755, 0.3715931557915675, 0.14051817474502984, -0.4216837398547747, 0.5694017844141931, -0.4936943382558848, 0.09266786785815977], [-0.41867109129552305, 0.30988765400455875, 0.6370973513181082, 0.43065088473887947, -0.14122226920749428, -0.5313838241386662, -0.5646966204264517, -0.14746678397623011, 0.6240932226181434, 0.19499897530940216, 0.28492668928473724, -0.08590299886655423, 0.17666904155130975, -0.03799294277796539], [-0.7072576184556987, -0.7158335088248892, -0.2588377618119692, -0.25053711599031464, -0.45918875297519557, 0.06604646770020081, -0.22419270182562423, 0.6910768593160185, 0.3107806525421787, 0.738775843295917, 0.24588141941827388, 0.4663652712103873, -0.275804020491131, 0.011820426544261964]], "inverted": false, "swapped": true, "error_lsq": 0.03736931003485437, "error_max": 0.29876802098578925, "target": "471.xyz", "model": "12.xyz", "model_rescale": 3.9764082729961374, "target_rescale": 4.290144224144954},
{"mapping": [8, 2, 7, 4, 11, 0, 13, 1, 6, 10, 12, 4, 14, 3, 5, 15], "R": [[-0.153367511863731, 0.9646200248376519, 0.2144448973208175], [0.8241352816855564, 0.24459959467618986, -0.5108542607880568], [-0.545233384694845, 0.09838315895747239, -0.832491027127471]], "T": [-0.10483019819413678, -0.051576858042762755, -0.0797831406053403], "aligned_model": [[-0.01627539139981994, -0.301455230660048, 0.27984439241264303, 0.3095238158324488, 0.1404732834935294, -0.20729389610398608, -0.11773367861067123, -0.6269240472688875, 0.2945905989892823, -0.4899092685620976, -0.648780494256226, 0.3095238158324488, 0.49168247831000866, 0.5869327559307314, -0.2827412657270024, -0.0006823505172104255], [-0.7273313378866697, -0.4112259735763482, -0.08274882210852215, 0.4472640303479157, -0.6849840882656323, 0.24545309650556213, -0.04005443746953531, -0.3708884187238575, 0.42588937930440524, -0.7118981064132994, -0.045317710372519485, 0.4472640303479157, -0.1862638313979985, -0.5166123839698967, 0.7660213215389199, -0.03810638370298506], [0.10774489946616679, 0.6045052665811385, 0.5698994487571724, 0.22897605506157825, -0.4910813065661331, 0.574726087911661, -0.6914867291220111, 0.08986566792189403, -0.5226689325089995, -0.32845331869911243, -0.4133883465489461, 0.22897605506157825, -0.5944093015739951, 0.03704760123823743, -0.027775692785314818, -0.05610938048162864]], "inverted": false, "swapped": false, "error_lsq": 0.05149252010867624, "error_max": 0.5214507365456678, "target": "471.xyz", "model": "13.xyz", "model_rescale": 4.170626492500431, "target_rescale": 4.290144224144954},
{"mapping": [8, 14, 6, 10, 12, 0, 9, 3, 11, 5, 2, 7, 13, 15], "R": [[-0.8840089336226942, -0.4082662557587309, -0.2276990770381254], [-0.440184377578243, 0.8909643066607427, 0.11144648039573701], [0.15737191303190798, 0.19874926079180555, -0.9673328343044025]], "T": [0.03813927622693985, 0.00797487826630833, 0.12438725244654805], "aligned_model": [[0.18768591879614893, 0.0936533733563151, -0.19530243108635326, -0.5757346555104762, 0.2972008970815725, -0.24529530492638785, -0.7846249578139053, 0.5396880786547229, 0.7228769343777331, -0.2215939965395306, 0.2961586910665089, -0.5381389424184533, 0.31088721119317647, -0.04427779413942828], [-0.24120616305683285, -0.7331382384799925, 0.1065337925163937, -0.4217159218315182, 0.44711421636747817, 0.6196680775425778, 0.419130245295751, -0.41013934540456093, 0.1991587090399456, -0.3969627921550781, -0.09355646305823162, 0.1486458359681899, 0.6436926480951293, 0.0688498670864148], [-0.416394822847593, -0.045973161752705716, -0.5628796000107466, -0.12175743972394454, -0.44453593779762246, 0.40672938836357164, -0.06417003399243376, 0.22754535990772906, 0.10146948102332426, 0.5662871243995756, 0.6488805062092998, 0.44402207169464625, 0.15790322227275005, 0.10674694337501578]], "inverted": true, "swapped": true, "error_lsq": 0.03758177940660402, "error_max": 0.23732121155969702, "target": "471.xyz", "model": "14.xyz", "model_rescale": 3.9786697098870705, "target_rescale": 4.290144224144954},
{"mapping": [2, 7, 11, 3, 13, 12, 10, 6, 8, 14, 9, 15], "R": [[0.8197648609248844, 0.5492680055040896, -0.16214262524815745], [0.38674415631057546, -0.7397495641902115, -0.5506355780732057], [-0.4223914420918423, 0.3886839852758943, -0.8188468899847042]], "T": [0.0037241613166758766, -0.057014029291407226, -0.12968905093141053], "aligned_model": [[0.043069371952547945, -0.6636466424422093, 0.6161446917894371, 0.4665757939243817, 0.16901122105657554, 0.41621910443824395, -0.41143740735865375, 0.05142123691719116, 0.38125638599722583, 0.20351283445181167, -0.7175751981067838, -0.07119679585243147], [-0.4036892773148968, -0.025154649506313992, 0.06495399390251587, -0.5183719515959455, 0.4709302546892564, 0.5659895797564292, -0.27734603779509176, 0.35758819371661776, -0.05029447265529258, -0.6458036365774772, 0.4637419129210948, 0.012130580683543071], [-0.6095265565057695, -0.21716768553189503, -0.47028710885269526, -0.22933609858878223, -0.5463506162725759, 0.029509890892561397, 0.5036807266574337, 0.47228653199037224, 0.35438213133873286, 0.3116321721685718, 0.1704510058235021, -0.10930789924562664]], "inverted": false, "swapped": true, "error_lsq": 0.05158035812590356, "error_max": 0.2610365859710512, "target": "471.xyz", "model": "15.xyz", "model_rescale": 3.769337070930944, "target_rescale": 4.290144224144954},
{"mapping": [10, 9, 14, 8, 5, 7, 2, 0, 11, 12, 15], "R": [[-0.03462926803326832, 0.20876621040252397, -0.977352282030205], [-0.3649259476190977, -0.9130541810957041, -0.1821019361180899], [-0.9303923186214424, 0.3503551509223497, 0.10780260512804835]], "T": [0.02905064924170893, 0.13123107690291413, 0.051779768349761016], "aligned_model": [[-0.3552864356309282, -0.25621336646280907, -0.19725302544271983, -0.4996024711992754, 0.38176040744030093, 0.2589789828130687, 0.5777771910407111, 0.31503916617047467, 0.13919139076978324, -0.445283505678761, 0.003517796871325817], [-0.016396195944508973, -0.7399492806706726, 0.6817115035299106, 0.4430913480962632, 0.18471180961308006, -0.40813811422130186, 0.356785391834064, -0.5070944658198225, 0.5085082493954323, 0.0622023501832121, 0.030631901629685807], [-0.6209414151597269, -0.1512295832704449, -0.42478196347994773, 0.06480636104572213, -0.49543776101187936, -0.28028221139008025, 0.051291619602201154, 0.2638455205144983, 0.6446314311270693, 0.6466512018786437, 0.04566440736772135]], "inverted": true, "swapped": true, "error_lsq": 0.0413536350066734, "error_max": 0.24798032102061346, "target": "471.xyz", "model": "16.xyz", "model_rescale": 3.7852294659196426, "target_rescale": 4.290144224144954},
{"mapping": [13, 9, 6, 4, 0, 7, 5, 10, 12, 11, 2, 8, 15], "R": [[-0.6378412391484349, -0.5708339198601196, 0.5170175911695071], [0.0005172775305109512, -0.6716224322588007, -0.7408934072528441], [0.7701676999625117, -0.47230492737626933, 0.42868376399223646]], "T": [0.03392563337414048, 0.277947623422246, 0.029171321525919502], "aligned_model": [[0.08704053427403219, -0.4602421511807877, 0.3492807584717845, 0.05447489355279522, -0.46427300043780817, -0.6096231141752896, -0.3890573715428153, -0.1341355881744439, 0.5413206314036405, 0.48281117347576763, -0.14801704589799214, 0.5640037205323384, -0.019817590084938337], [-0.014871304620143633, -0.47613740251707315, -0.2933487297948283, -0.561062561512316, -0.0994485939695704, 0.11359207836451796, 0.6966239852954019, 0.15547028811866137, -0.23841482518806323, 0.43730583429768216, 0.7671992279222054, 0.19842172277602865, 0.1897259045303717], [-0.5961987463701761, 0.29127348726541935, 0.36191181899140445, -0.24524412280565155, -0.34976274914448563, 0.14267720524114058, 0.29844231569436663, 0.7899717719646012, -0.21485739749128288, -0.4990794469547074, -0.252795935263668, 0.32849304686365627, 0.04092344915255679]], "inverted": true, "swapped": true, "error_lsq": 0.03864011964847961, "error_max": 0.1928810621995514, "target": "471.xyz", "model": "17.xyz", "model_rescale": 3.901054581598922, "target_rescale": 4.290144224144954},
{"mapping": [11, 3, 12, 13, 14, 6, 5, 2, 8, 9, 10, 7, 0, 4, 15], "R": [[0.18053248668024022, 0.37448630246533987, -0.9094877847002054], [-0.2909906956029783, 0.9036225516728602, 0.31430987763785617], [0.9395384166310305, 0.20790933931420022, 0.27210525592202184]], "T": [0.09380777349323995, -0.05219562097507545, -0.06013993930384716], "aligned_model": [[0.028339955762540878, 0.07841379179166318, -0.42541668751021827, 0.19515035982708728, -0.19270425620431203, -0.5418467493232427, 0.49351469090137107, 0.5664736046801591, -0.4914166777495976, 0.05807739978788119, -0.1490286358879866, 0.4901203706844784, 0.4945972788987771, -0.15965186631458156, 0.09446363174501492], [0.011335744059449968, -0.5664893257220207, 0.42236697410309454, 0.5076286420666709, -0.750921929304618, 0.20300975286308226, -0.4718959455152618, -0.28707190611597494, -0.22879662565081255, 0.5287611044289727, -0.3138327099430017, 0.13519075054978447, 0.5439266254643592, 0.7906959159736556, 0.024850282569725435], [-0.7655617084494785, -0.47520295978705407, -0.358177152607335, -0.4550808384809255, 0.044957826640083146, 0.1993945700877433, 0.24118613739270256, -0.3310568041438603, -0.1169296340827914, 0.6765799494773956, 0.643165903978002, 0.45159631539765305, 0.07486692424528395, 0.010260817327080965, 0.009667057857475875]], "inverted": true, "swapped": true, "error_lsq": 0.03506287802987711, "error_max": 0.23057716623517496, "target": "471.xyz", "model": "18.xyz", "model_rescale": 3.9405287249114394, "target_rescale": 4.290144224144954},
{"mapping": [2, 6, 8, 7, 10, 0, 14, 1, 13, 3, 12, 9, 11, 5, 4, 15], "R": [[-0.498748452589672, -0.8543445384269498, 0.14610061840885602], [0.8194724242770767, -0.5197064691269477, -0.2415991138167768], [0.2823383199086843, -0.0007717562072681178, 0.9593145873505198]], "T": [-0.07309604218321653, -0.007479242709622955, -0.08578969892104188], "aligned_model": [[0.10261292296428604, -0.09108207002472353, 0.15779114293527008, 0.25263436010384, 0.08426073413613594, -0.4313116882396869, -0.07987546132256267, -0.5659885755145364, 0.2136850275013582, -0.6317015975414015, -0.5190348415418331, 0.6578924720244863, 0.517536213952672, 0.5261390536828415, -0.4102474286098946, -0.06253474681110788], [-0.8294280554064155, -0.4067827483949783, 0.061430164133292844, 0.5665841946057619, -0.6637813573909402, 0.10757860546881239, -0.12981651383033926, -0.37874681486932527, 0.3593202983307099, -0.5071131011938467, 0.1560589137366764, 0.20924522528035816, -0.19763908680353853, -0.381602251961667, 0.5970448792941937, -0.04589198684130065], [0.13523471576243432, 0.5454920676001289, 0.6312979923222091, 0.15911114612629612, -0.4887914559367383, 0.4896384029725351, -0.8504638737478467, 0.14816919581970656, -0.5700877064898726, -0.4904555312482914, -0.35879687981951947, 0.001937970758540089, -0.4521310337521309, 0.3526300960123745, 0.14988922920398529, -0.08630626187052388]], "inverted": true, "swapped": false, "error_lsq": 0.04336199809575631, "error_max": 0.3387282889768917, "target": "471.xyz", "model": "19.xyz", "model_rescale": 4.410303926677745, "target_rescale": 4.290144224144954},
{"mapping": [12, 0, 11, 6, 3, 9, 8, 1, 7, 5, 10, 14, 2, 15], "R": [[0.23896188170429103, -0.17582991544340737, 0.9549769944493471], [0.3242396501905212, 0.941470182620423, 0.09220924292605137], [-0.915295508749318, 0.2876069124201144, 0.2819865166838582]], "T": [0.04493168189964443, 0.034278517968569976, 0.009690766105710596], "aligned_model": [[-0.3184049802467128, 0.2989105774913226, 0.29792204581135046, -0.6561232406247911, 0.25397682622502343, -0.35850178532971544, -0.4385466521212511, 0.7920172836044633, 0.15553918083200258, 0.2963403174672528, -0.4676739430773453, -0.2073588104934196, 0.6043624366464869, 0.008728633276206064], [-0.011906660435649162, -0.6359912593587682, 0.37648252876151234, -0.09451587179656554, 0.6613262332223787, -0.7974140311697243, 0.3943249245360929, -0.3591651089172473, -0.511478023731491, 0.07475954438940197, -0.050338727138081706, 0.6215667838214309, 0.2064246644582783, -0.06312653046036618], [-0.6607443741587908, -0.13332657460575267, -0.5602517157739688, -0.15906532281359706, 0.02080790677087957, 0.1742280328579847, -0.10656725842695929, 0.1933303059637239, 0.3891207328626263, 0.61124406482689, 0.6031029266751422, 0.42537711151442326, 0.10653466028636656, 0.013024542746053846]], "inverted": false, "swapped": true, "error_lsq": 0.04768268580496334, "error_max": 0.3047783180738074, "target": "471.xyz", "model": "20.xyz", "model_rescale": 4.121658175737393, "target_rescale": 4.290144224144954},
{"mapping": [9, 6, 10, 7, 5, 4, 8, 0, 12, 11, 3, 1, 15], "R": [[-0.6935200313784722, -0.17313949874970536, 0.6993230155296648], [-0.15522195180367837, 0.9838044445583782, 0.08963794143908894], [-0.7035169591097712, -0.04638457545221002, -0.7091631401906467]], "T": [0.074337954435893, 0.10385747184936395, -0.07927684572374924], "aligned_model": [[0.2571444892372212, -0.38935972112936, 0.29286588196539864, 0.606516165741946, 0.6656584976766047, -0.32352712681029905, -0.3905105859494583, 0.3144880616485093, -0.6286237864567134, -0.34739260019803064, -0.00841818528213159, 0.7430767313332642, 0.08916508288734391], [-0.5071835639261681, 0.0012538231660236404, 0.36006079923735856, -0.22158841949485047, 0.37923495531274765, -0.6475183387691918, 0.43002437563166934, -0.5847814738889954, -0.19364892547030305, 0.11828504447307721, 0.6372530138172279, -0.2543077904971335, 0.02374340457172054], [0.609747242647232, 0.47839830499600855, 0.633932798885849, 0.17552237821521025, -0.04436777121200422, 0.15905478656156266, 0.15402902217656383, -0.12749657163252032, -0.048218634885452555, -0.6518825794729609, -0.460921860803717, -0.49299698970159966, -0.014690386292382798]], "inverted": false, "swapped": true, "error_lsq": 0.04967270414067026, "error_max": 0.3227925788955119, "target": "471.xyz", "model": "21.xyz", "model_rescale": 4.08911054899281, "target_rescale": 4.290144224144954},
{"mapping": [6, 8, 1, 2, 7, 11, 12, 5, 14, 10, 9, 4, 13, 0, 15, 16], "R": [[0.17553159363383233, -0.9563989860153823, -0.23343015911641762], [0.038507216893651275, -0.23026011182935804, 0.9723669447011437], [-0.9837204144895402, -0.17966986516686767, -0.003589661188349136]], "T": [-0.010163421809445374, -0.05279048558732275, -0.046550605721785765], "aligned_model": [[0.03951408859218675, -0.2556759512929672, 0.17814960213659126, 0.40222658771724445, 0.21084912839196782, -0.504464007426888, -0.08927752685485696, -0.6693937025412233, -0.10755533032761294, -0.42354752273973656, -0.6082110073058511, 0.6694251577838602, 0.4239374231001977, 0.6106672552764505, -0.1896858434145743, 0.03381716660035507], [-0.7570487839532207, -0.3420129570995265, 0.09738146773426642, 0.4820627871998238, -0.6275593934059389, 0.16815064393071966, -0.09672161147721708, -0.2993187848693526, 0.4159183436990015, -0.632492839232652, 0.023094258096756408, 0.09935965755297577, -0.12233339426607537, -0.44582532923092943, 0.6219533848601733, -0.06814708538134989], [0.1924400273466136, 0.533825115599367, 0.7097462742889129, 0.20863616118572387, -0.4023459728471837, 0.4945085209954266, -0.7792036754587486, 0.0021144594438870234, -0.47392565816553317, -0.42627968742485634, -0.42619280927723824, -0.08263221179051643, -0.5399573409103834, 0.19874978206915955, 0.16320979885623835, -0.05632471019758299]], "inverted": false, "swapped": false, "error_lsq": 0.04396947177976026, "error_max": 0.26585129433406, "target": "471.xyz", "model": "22.xyz", "model_rescale": 4.204369325754507, "target_rescale": 4.290144224144954},
{"mapping": [2, 6, 8, 7, 10, 0, 14, 1, 13, 3, 12, 9, 11, 5, 4, 15], "R": [[-0.498748452589672, -0.8543445384269498, 0.14610061840885602], [0.8194724242770767, -0.5197064691269477, -0.2415991138167768], [0.2823383199086843, -0.0007717562072681178, 0.9593145873505198]], "T": [-0.07309604218321653, -0.007479242709622955, -0.08578969892104188], "aligned_model": [[0.10261292296428604, -0.09108207002472353, 0.15779114293527008, 0.25263436010384, 0.08426073413613594, -0.4313116882396869, -0.07987546132256267, -0.5659885755145364, 0.2136850275013582, -0.6317015975414015, -0.5190348415418331, 0.6578924720244863, 0.517536213952672, 0.5261390536828415, -0.4102474286098946, -0.06253474681110788], [-0.8294280554064155, -0.4067827483949783, 0.061430164133292844, 0.5665841946057619, -0.6637813573909402, 0.10757860546881239, -0.12981651383033926, -0.37874681486932527, 0.3593202983307099, -0.5071131011938467, 0.1560589137366764, 0.20924522528035816, -0.19763908680353853, -0.381602251961667, 0.5970448792941937, -0.04589198684130065], [0.13523471576243432, 0.5454920676001289, 0.6312979923222091, 0.15911114612629612, -0.4887914559367383, 0.4896384029725351, -0.8504638737478467, 0.14816919581970656, -0.5700877064898726, -0.4904555312482914, -0.35879687981951947, 0.001937970758540089, -0.4521310337521309, 0.3526300960123745, 0.14988922920398529, -0.08630626187052388]], "inverted": true, "swapped": false, "error_lsq": 0.04336199809575631, "error_max": 0.3387282889768917, "target": "471.xyz", "model": "23.xyz", "model_rescale": 4.410303926677745, "target_rescale": 4.290144224144954},
{"mapping": [10, 9, 15, 6, 3, 14, 0, 11, 12, 1, 7, 5, 2, 4, 13, 16], "R": [[0.8445630363318819, 0.5057766111426578, -0.17579333685587062], [0.48468355974170774, -0.8616466733901431, -0.150488727656948], [-0.22758542259551523, 0.04189307647749711, -0.9728565390463653]], "T": [-0.06720507077471796, -0.10496592106210959, 0.043450488718082804], "aligned_model": [[-0.09905955106594955, -0.12792275783225926, 0.25065793376325096, 0.10671884376413185, 0.22333287785712616, -0.35654938843209905, 0.09103488075124724, -0.6387740567133067, 0.1499480900109098, -0.5142846215744017, -0.5399086287505428, 0.5064838245353668, 0.5816857464397636, 0.5141186376269573, -0.3780184434401538, -0.048687869244897396], [-0.739022405934692, -0.35262745964614794, 0.10620753026407417, 0.6064872461300806, -0.7170293064941113, 0.21556721913991247, -0.009156255812002287, -0.29476250885958744, 0.5115629374513468, -0.6051976601601315, 0.05685679649111414, 0.14702025453905085, -0.28494148022603094, -0.46700320031317066, 0.5251795237601616, -0.18268086617241208], [0.1874699747330494, 0.6156367419721728, 0.6465119073446043, 0.24712413110580556, -0.548340941814988, 0.5646878261050463, -0.6887833788897263, 0.2384059610299175, -0.42443037877342266, -0.49154804588370377, -0.3950647915664058, -0.011194292658810036, -0.5725393298801926, -0.02637878504130791, 0.021125848268209783, -0.04631437233696226]], "inverted": true, "swapped": false, "error_lsq": 0.03960162210071355, "error_max": 0.24749715684118173, "target": "471.xyz", "model": "24.xyz", "model_rescale": 4.28219845311461, "target_rescale": 4.290144224144954},
{"mapping": [9, 5, 8, 6, 12, 1, 13, 3, 2, 7, 4, 10, 14, 11, 0, 15], "R": [[-0.42728648340719855, 0.49382845415383314, 0.7573372557622828], [-0.3427102414383387, 0.6866783672763574, -0.641110372968611], [-0.836645654689478, -0.5334850305141761, -0.12416831603312975]], "T": [-0.0475774681732104, -0.13470690910580596, -0.0842243995016781], "aligned_model": [[-0.1719091857797025, 0.03514959698599637, 0.19851037298090016, 0.34730256817044136, 0.4150946492533534, -0.3729834735636954, -0.061229772156094514, -0.7297582779175739, 0.04791721996897516, -0.5880103530508746, -0.6930935745514244, 0.6642321615463083, 0.6317836147299916, 0.38889490134834614, -0.31576272414249534, -0.07536220612730811], [-0.7942790435484405, -0.4506009339261145, 0.1092179880551877, 0.6511886187604691, -0.6076635910001272, 0.04575637274720662, -0.2768467387838517, -0.32100488058755994, 0.35433499698555193, -0.5417692963651103, 0.14396729842777056, 0.02485192850091439, 0.048016199410820304, -0.4374876500934874, 0.6348373252974369, -0.06605822972321193], [-0.004350077328177229, 0.702317321379746, 0.5173464408072017, 0.1123337627252991, -0.4671948801402748, 0.43675672722492315, -0.6608753687647666, 0.2319523762079438, -0.5537974002279522, -0.4686441122789841, -0.28496855380649305, 0.22814212752711877, -0.3761583124772673, 0.03532795212631312, -0.04637586170664494, -0.08544406755469865]], "inverted": false, "swapped": false, "error_lsq": 0.044540759180778225, "error_max": 0.29985896331749706, "target": "471.xyz", "model": "25.xyz", "model_rescale": 4.100010024507729, "target_rescale": 4.290144224144954},
{"mapping": [10, 14, 2, 11, 9, 0, 7, 13, 8, 4, 6, 15], "R": [[-0.8590524451537442, 0.0172799056392474, -0.5115958378803256], [-0.036880690601679963, 0.9947433306536637, 0.09552759172511109], [0.5105572554925812, 0.10093121906107676, -0.8538993956449017]], "T": [0.0848444296444096, -0.08690856623261603, 0.041756942875924206], "aligned_model": [[-0.6824990293487151, -0.17818553745950544, 0.4653135549881792, 0.7357908537934407, -0.5601178319287263, 0.1469577812025441, -0.2524452049827445, 0.5479235203313588, -0.06545014602281725, 0.026539066861754876, -0.3343782641172035, 0.02731683904544123], [-0.2611301668919418, -0.8025571503593065, -0.22942639846406596, -0.1852625030938671, 0.5949954267815262, 0.6117900739359222, 0.30113312226234035, 0.3891301795906684, -0.42736650307286383, 0.6483381517149471, 0.02698523745275841, -0.0004980798054782659], [0.09554771386258673, 0.03782273870941158, 0.4740851944442752, -0.2275707346427546, 0.017794547732679987, 0.24714183845843343, 0.4773148284258251, -0.1547035044955751, -0.446505871994854, -0.44370875830556167, -0.5480100884978139, 0.03598438615770359]], "inverted": true, "swapped": true, "error_lsq": 0.0428420342191199, "error_max": 0.21963503898285788, "target": "471.xyz", "model": "26.xyz", "model_rescale": 3.6694154284099745, "target_rescale": 4.290144224144954},
