[{"mapping": [3, 1, 4, 12, 10, 5, 0, 7, 2, 6, 8, 14], "R": [[-0.6380477892591461, -0.1732501072213639, 0.7502529033394686], [-0.5315475238282015, -0.6058444413114192, -0.5919541729257103], [0.5570926749954838, -0.7764901243929894, 0.29446704091720716]], "T": [-0.14563207311264123, -0.032356825000793656, 0.014803578286099028], "aligned_model": [[-0.2541651931316893, 0.22354128409394833, 0.39251201695221505, -0.2643115413711844, -0.1509941565076314, -0.4233387197024726, 0.31464158349166005, -0.3528586981008664, 0.5864562955449317, 0.20053873969218974, -0.37224849914468217, -0.0621306493558699], [-0.24522891216789852, -0.6538813742553252, -0.23693856922331855, 0.7373080778983432, 0.3892443728478531, -0.7149106702172244, -0.3956165845475829, -0.38479162066556544, 0.022345433145472014, 0.39934967345069916, 0.1928340525876001, -0.056158842875995194], [-0.6621574561194025, -0.06251343591225429, -0.5564380425229555, -0.10642820479946051, -0.7350457755016435, 0.09540273338598905, 0.5594991019853298, 0.6612715580537655, 0.13244910251662304, 0.4680008300741399, 0.43508038651425024, -0.04716905232081883]], "inverted": true, "swapped": true, "error_lsq": 0.04706746842958762, "error_max": 0.2649717097668397, "target": "473.xyz", "model": "0.xyz", "model_rescale": 3.751011558992144, "target_rescale": 4.071801592111385},
{"mapping": [6, 4, 1, 5, 8, 10, 7, 11, 12, 9, 2, 0, 3, 13, 14], "R": [[0.4292547808784478, 0.0864408391825689, 0.8990374377156989], [-0.8961532483056739, -0.08319264522935603, 0.43587651844407926], [0.11247083463807411, -0.9927773995721074, 0.04175339812110182]], "T": [0.07933330390398997, -0.04438612003688173, -0.06536048093670202], "aligned_model": [[-0.23202637948389965, 0.1085939433735545, 0.43898979684809925, 0.07756314897868048, 0.4972585224845124, -0.5195078996553336, 0.10397520926868821, -0.653756381250701, -0.24098053227409438, -0.4199522569218781, 0.691679135993646, 0.721140553500059, 0.38792691420655373, 0.047559683125640635, 0.0378512513085173], [0.3719946441625906, -0.44850046365418944, 0.22944154949726128, -0.5708350857943955, -0.532188778901847, -0.5089196689844259, 0.6056727993803125, 0.2625772991275335, 0.4847617705346449, -0.2896177746246587, -0.27328653889810944, 0.35955026751467883, 0.3948030843445472, -0.13215055242258986, -0.024811033070872235], [-0.6070319238201137, -0.7446316949377023, -0.5957859365065494, 0.2706966570621877, -0.2321097832397869, -0.3784923109231809, -0.19378634119619711, -0.13666238653089674, 0.34619347704911785, 0.2878603928423451, 0.44097466711811106, -0.04478458053818169, 0.47804426319791804, 0.6549103290585572, -0.03536268558259152]], "inverted": true, "swapped": false, "error_lsq": 0.039545192538020434, "error_max": 0.2256848969490858, "target": "473.xyz", "model": "1.xyz", "model_rescale": 3.9405287249114394, "target_rescale": 4.071801592111385},
{"mapping": [0, 1, 2, 9, 3, 6, 7, 5, 10, 12, 13, 8, 14], "R": [[0.3905931894234371, 0.9186461014956907, -0.05938266230808592], [0.40537259944043413, -0.11372467681957274, 0.9070500281159738], [0.8265046981106232, -0.3783596676299589, -0.41681404236423547]], "T": [-0.04101430559872348, -0.05460759929877236, -0.0012051267570229156], "aligned_model": [[-0.2642014255099069, 0.2845638833080852, -0.4728512021302315, 0.4498716938539099, 0.5107544806419764, -0.7451128848625804, -0.02199630125948187, 0.5409995572639721, 0.03888669536523786, -0.4861480990734507, 0.009127442550542243, -0.31823356233845806, -0.029676998525682927], [0.7135221413195401, 0.4882867110678153, 0.29965260173033276, -0.3120226690615604, -0.3505049874239564, 0.06659036520585922, 0.47052680024175064, 0.33614219047814864, -0.7809797203732035, -0.7035487084149157, -0.6670285344520227, -0.06431628751437203, -0.03748730923139874], [-0.027029853111038532, -0.35873032078050826, -0.4919217361175945, 0.19873599257896024, -0.3524403014910951, 0.032687727209431215, 0.5546241510741607, 0.23977500148523806, -0.4551321551574393, 0.042353649360782675, 0.3881188003218692, 0.4479649484893253, -0.10588555427344729]], "inverted": true, "swapped": true, "error_lsq": 0.041281004311374374, "error_max": 0.21080024835650998, "target": "473.xyz", "model": "2.xyz", "model_rescale": 3.932901565614263, "target_rescale": 4.071801592111385},
{"mapping": [13, 8, 12, 9, 10, 4, 11, 3, 5, 1, 6, 7, 2, 14], "R": [[0.05090059623031813, -0.9681043054504899, 0.24532261019242213], [0.9931496283286629, 0.023196455503687808, -0.11452397217484345], [0.10518053552838097, 0.24947139759958536, 0.9626531445571]], "T": [0.06305980992916324, -0.009323662484252412, 0.034221747743888246], "aligned_model": [[-0.07843046072134263, 0.4421950630423095, 0.24066681175078958, -0.40062766823359275, -0.403117217731617, -0.3367372809972108, 0.38733076792928567, -0.6367629837224807, -0.23966040707549083, -0.14242478632949404, 0.7386934391046217, 0.4018949066702836, 0.4197481417590686, 0.02704158660757379], [0.16495318282594595, 0.2586680262929391, -0.34919730436610236, 0.2905929887281172, -0.5814330406981221, -0.5882294820077093, -0.69684344990081, -0.169374053934588, 0.5556978755174192, -0.020535415962219812, -0.2372228154298846, 0.6319722513193802, -0.5060096649840469, -0.08954245904983035], [-0.6576993470476702, -0.21704593028929653, -0.6543330319424295, -0.17133106474365553, -0.40784183770818594, 0.43770666604208464, -0.0931257005013007, 0.032760439590833405, 0.40652282052451005, 0.7315093720182241, -0.022113469352539668, 0.2771298297818634, 0.45714329460412567, 0.09461432208053444]], "inverted": true, "swapped": true, "error_lsq": 0.0500648685175864, "error_max": 0.3442082352799003, "target": "473.xyz", "model": "3.xyz", "model_rescale": 3.9243930471874484, "target_rescale": 4.071801592111385},
{"mapping": [13, 8, 12, 10, 11, 9, 3, 6, 2, 0, 4, 1, 14], "R": [[-0.9143019438849537, -0.3290545275112531, -0.23616746882782444], [0.005970647344224783, -0.5939678696787087, 0.8044666066156057], [-0.40498926748555486, 0.7341153095486312, 0.5450306463932383]], "T": [-0.1426123150667717, -0.07112736667637168, -0.1621927902831264], "aligned_model": [[-0.04712390071739278, -0.19767466612030488, 0.47671095005958036, 0.44528013660566595, 0.5894083791824274, -0.425020431528063, -0.14961529481599908, 0.22739620475194594, 0.20357758034072287, -0.405308929409085, 0.12257276184872862, -0.4594626313203557, -0.10353427256651815], [-0.6316243399168487, 0.0375168238482147, -0.33154960778860987, -0.6512518627989583, 0.16833740759225618, -0.5882503973205723, -0.5967812584422661, 0.4383917597289505, 0.5192547251203408, 0.6777666477792974, -0.06923092837944253, 0.20832991291081746, -0.05307932865159136], [-0.6159237927844787, -0.6758688640813164, -0.5742425127418197, 0.07840731280648044, -0.13295565735968776, -0.15607227273469132, 0.3266928303740131, -0.5014219702782414, 0.1283028687979838, -0.05898935364740615, 0.6042555247313466, 0.42947363571847874, -0.06458743342969714]], "inverted": true, "swapped": true, "error_lsq": 0.041213507262874, "error_max": 0.24991216002745334, "target": "473.xyz", "model": "4.xyz", "model_rescale": 3.8936222436046832, "target_rescale": 4.071801592111385},
{"mapping": [12, 13, 10, 11, 3, 5, 7, 1, 2, 6, 4, 14], "R": [[0.5715217365549716, 0.6184853269689816, -0.5392947292244397], [0.35885253361364894, -0.7794093878193024, -0.5135619391058937], [-0.7379618985857297, 0.09998453131966205, -0.6673944333994201]], "T": [-0.15892013506658031, -0.11709171891973702, 0.06327468301900968], "aligned_model": [[-0.025298261211800455, -0.5812870398186007, -0.25260346517846277, 0.4724663550481101, -0.5475922526300139, -0.621675928083036, -0.25985522002443373, -0.08345081417218886, 0.5400721810453193, 0.4448877753013968, 0.05604601439481796, -0.11416130245601037], [-0.5453016638865587, -0.5452771751419149, 0.12382801117986694, -0.13671742210118762, 0.3981819516447719, 0.09672602866736427, -0.4327850651211713, 0.4742624717601448, 0.1247964178339398, -0.5002828782288791, 0.6341088255095318, -0.0226165970061004], [-0.5847588516302564, -0.3458831468798938, -0.7572321680489909, -0.37833421265845785, -0.2510455918457367, 0.6014530956566877, 0.7526394833626742, 0.47940477860314645, 0.13868063275667397, 0.07642855225250801, -0.15411215586579635, 0.042044303572959116]], "inverted": false, "swapped": true, "error_lsq": 0.04106117839020861, "error_max": 0.24248685183317512, "target": "473.xyz", "model": "5.xyz", "model_rescale": 3.6523030999806103, "target_rescale": 4.071801592111385},
{"mapping": [10, 11, 2, 3, 1, 13, 6, 9, 8, 7, 0, 5, 14], "R": [[0.08059161043613886, -0.9095706310246043, -0.4076594896538197], [0.13960297719808568, 0.4152588513988499, -0.8989277474259758], [0.9869224899072575, 0.015535556392064553, 0.16044514764507087]], "T": [0.048402048429273536, -0.08729865892283055, 0.030191940171182048], "aligned_model": [[0.20457655210511058, -0.21120995929829678, 0.07933909934303596, 0.6135333765139295, 0.6367724930811469, -0.28165932304054325, -0.49207718839210823, 0.2549904986314573, -0.43088683181285764, -0.13681928557811746, 0.06881612125139508, 0.4536781699007185, 0.12202918195942418], [-0.5607260862018238, 0.18985499121064497, 0.5729562617024967, -0.4788768929086789, 0.3099830484313968, -0.7350782498326923, 0.34367803077019593, -0.6015795100871717, -0.10900871950010337, 0.14159197970325738, 0.6496415375116058, -0.13741504279287337, -0.044194443843070585], [0.7312813573236902, 0.7008930245057297, 0.37062185162475053, 0.2367428404962891, -0.12648326062220566, 0.0544367247998925, 0.21385949031996757, -0.16991915939517976, -0.19005649677442682, -0.6757656655970627, -0.2812645060903339, -0.5884651299537572, 0.09422866884443618]], "inverted": false, "swapped": true, "error_lsq": 0.04959312085194066, "error_max": 0.245236916692871, "target": "473.xyz", "model": "6.xyz", "model_rescale": 4.08911054899281, "target_rescale": 4.071801592111385},
{"mapping": [4, 8, 3, 11, 9, 10, 6, 5, 7, 12, 1, 0, 2, 13, 14], "R": [[0.06830286430938673, -0.9826157213461618, -0.17262984356853187], [0.301153630886389, 0.1852691815363798, -0.9354046295463717], [0.9511262846389423, 0.011902711296265245, 0.30857270801663533]], "T": [0.017615342526196454, -0.03028093270008613, -0.023388627614599748], "aligned_model": [[-0.2198801251367784, 0.03863829523809863, 0.4594579526746987, 0.0022275952789947567, 0.6118694848636909, -0.4651067195113259, 0.18881099122063233, -0.6852366064373069, -0.29488375758597485, -0.526412638965876, 0.6288964033914259, 0.8460129119852949, 0.39374385989457067, -0.06626278456594967, 0.13443984715784985], [0.2521195449251856, -0.32970802484521655, 0.2723726084094562, -0.5941116503941658, -0.46148590215955865, -0.5062792745671185, 0.43386173986758697, 0.21897649139557146, 0.5713860961751152, -0.3084511936531751, -0.19824987553829665, 0.40299186989666047, 0.45104790335621747, -0.12983193965061893, -0.14614687500716225], [-0.6239678170466164, -0.635802233957379, -0.6061642089293856, 0.13905890845902627, -0.298127770322687, -0.26768330185876227, -0.08977082269207928, -0.17950109974520995, 0.35028243539539805, 0.34356747232945195, 0.34548527729694145, -0.12677300045743958, 0.5029092284462122, 0.6969922294063738, -0.0404731532708079]], "inverted": false, "swapped": false, "error_lsq": 0.04388280867633906, "error_max": 0.29016738867553504, "target": "473.xyz", "model": "7.xyz", "model_rescale": 3.964800864290218, "target_rescale": 4.071801592111385},
{"mapping": [4, 2, 1, 10, 5, 12, 3, 0, 6, 8, 13, 9, 7, 14], "R": [[-0.5147923120043003, 0.4079489906450662, -0.7540334850210163], [-0.6781535663063821, -0.7318563909293059, 0.06703703127277416], [-0.5244965357437578, 0.545860645300248, 0.6534061064186608]], "T": [0.020292021815218032, -0.016213099792976304, 0.11731206210842623], "aligned_model": [[-0.1888764251992365, 0.31698682671631573, 0.36401881480675485, -0.7997781213120547, 0.3240558676663524, -0.4802666579933468, -0.47136960963899377, 0.783483912004597, 0.2969189098331896, 0.19100917212678034, -0.4623589414174305, -0.27557497999355435, 0.6568441682613887, 0.00609495360011076], [-0.06793797482380669, -0.5291627304872257, 0.24988120972299, -0.17748509088144215, 0.6577772150838894, -0.5065202324767336, 0.3549551727375647, -0.13379342382765172, -0.6524768026420236, -0.13846507558766433, 0.07212021440036437, 0.4743998798313456, 0.24356977351724846, -0.03591366838565274], [-0.6645720975738281, -0.33173254041655154, -0.46544463146510595, -0.08646890016042805, 0.0628920438372707, 0.47815267495392044, -0.25129770358124204, -0.09296326111550515, 0.2912044044750508, 0.6016762230811424, 0.6543334678380248, 0.2550424337254032, 0.45255560306578013, 0.013437322061090148]], "inverted": false, "swapped": true, "error_lsq": 0.05202572572319873, "error_max": 0.3520122183428107, "target": "473.xyz", "model": "8.xyz", "model_rescale": 4.121658175737393, "target_rescale": 4.071801592111385},
{"mapping": [6, 8, 7, 0, 12, 11, 9, 4, 5, 10, 2, 1, 14], "R": [[-0.6382371004300657, -0.7051464726386186, -0.30890428252119806], [0.07170838665329987, 0.3450592230077142, -0.93583761406608], [0.7664928642317572, -0.6194373130048159, -0.16966468206191426]], "T": [0.00461784994566599, -0.13477031515482046, -0.09087828461724412], "aligned_model": [[-0.5540244884754677, -0.18416735924904726, 0.3355630924157282, 0.15744828304234557, -0.67847000325709, -0.6731774067305698, 0.34427321454763005, 0.09636696865272143, 0.7270930063107505, -0.3182707525868354, -0.27709257317162683, 0.49257451346853276, 0.008621001468125507], [0.24057714015654452, -0.17525189906562977, 0.131527211681511, 0.6227062768120801, -0.5278058084922852, 0.0721656378226452, -0.6162671971279428, 0.07497368573172106, -0.10906301873066127, -0.6460443704999004, 0.49895943032899187, 0.3151451440084731, -0.09123479321383804], [-0.3330053318178604, -0.582223293327406, -0.7269874590923912, -0.2991444046405345, -0.0998287010767455, 0.21214578416061786, -0.09261602688402207, 0.6871701035913579, -0.2547860035585074, 0.5209976554451579, 0.17709938821685683, 0.20582700318749947, 0.006426719755065868]], "inverted": false, "swapped": true, "error_lsq": 0.04158631555447655, "error_max": 0.2122630202974596, "target": "473.xyz", "model": "9.xyz", "model_rescale": 3.833441315466971, "target_rescale": 4.071801592111385},
{"mapping": [6, 4, 1, 2, 5, 3, 12, 7, 11, 9, 13, 0, 10, 8, 14], "R": [[-0.04188040996715811, -0.9864009250020275, 0.1589315777815327], [0.9242432168911393, -0.09866894601447376, -0.36883453623964135], [0.3795003389875973, 0.13144449112662526, 0.9158066599783828]], "T": [0.07016888439870017, 0.07459196227857723, -0.07197806608904737], "aligned_model": [[-0.03759695036391113, -0.09263803471122461, 0.6017929974527941, 0.10629054763623563, 0.49158153334739463, -0.4975814837136614, 0.12340916510180402, -0.5903586983191267, -0.32163065741386293, -0.3737335660231016, 0.6500661571567282, 0.7381616356285415, 0.3496390591265842, -0.10903573308395836, 0.007948737680809108], [0.26385228684037887, -0.32605441338465224, 0.310103567356554, -0.6035988317526694, -0.3958925677287171, -0.5639501661993898, 0.6475911204860162, 0.10675147459903606, 0.5354365565730854, -0.4067010419776744, -0.37323170860557253, 0.181182879119158, 0.49857157718477774, 0.04671687178205422, 0.00771391391809656], [-0.7152483222408411, -0.741969833835556, -0.5275206208595847, 0.16339977327535815, -0.3138269606427963, -0.22768715193421385, -0.25046474490568554, 0.009157961778175391, 0.2433827748353869, 0.4067888762704122, 0.24244148524054254, 0.007060041524545382, 0.574467485447527, 0.6860905632443691, -0.04603918414460262]], "inverted": false, "swapped": false, "error_lsq": 0.0430543772570673, "error_max": 0.3050969879383429, "target": "473.xyz", "model": "10.xyz", "model_rescale": 4.2482417240324, "target_rescale": 4.071801592111385},
{"mapping": [5, 9, 4, 10, 0, 2, 1, 11, 13, 6, 8, 14], "R": [[-0.9515958453529225, 0.07476795306562609, -0.29811927193898974], [-0.2593821304150516, -0.7157059835934922, 0.6484488071311575], [-0.1648825567742268, 0.6943880026633872, 0.7004563114347289]], "T": [-0.0755353332626272, -0.02182914397355782, -0.10918957336569834], "aligned_model": [[-0.6677032511092466, -0.18255489707700584, 0.3796962935766135, 0.6979106745811654, -0.504575083752944, 0.1510566622224206, -0.2823831005076739, 0.5335818320383169, 0.04837399452185874, 0.021383164699861013, -0.30015630978186236, -0.017864377048496513], [-0.3168589642626145, -0.6012646027096159, 0.013389142525521612, -0.39843415855228603, 0.5951907889379306, 0.6273758546345959, 0.10147263864354591, 0.4364523078425468, -0.490735592338898, 0.6007069052465613, 0.09765449017349301, 0.0011825799098583237], [0.22516281438729413, -0.11225485006313812, 0.5611040781832222, -0.10863164299411426, 0.16597219777443284, 0.17360915949174144, 0.5767917130196992, -0.22323725954675389, -0.6513334086040752, -0.4477869059682155, -0.5717559032142592, -0.022447702611476994]], "inverted": true, "swapped": true, "error_lsq": 0.04734274402559885, "error_max": 0.2462930719501955, "target": "473.xyz", "model": "11.xyz", "model_rescale": 3.6694154284099745, "target_rescale": 4.071801592111385},
{"mapping": [7, 0, 2, 6, 8, 5, 9, 3, 11, 10, 4, 12, 1, 14], "R": [[-0.08800880657571647, -0.782385431980235, -0.6165447962558921], [-0.7757431804065358, -0.33444271953296284, 0.5351360438282485], [-0.6248815631924751, 0.5253771056836197, -0.5774962586940556]], "T": [0.09465098908946579, -0.05473755995384087, -0.03056354967379759], "aligned_model": [[0.0822867666743288, -0.14646357904728208, -0.010847074432809245, 0.5540959838651212, 0.5139122448465728, -0.4043209734846027, -0.030807222862221373, -0.31967234836475955, 0.4154079445986314, 0.18689380517003557, -0.44764049485114854, 0.7628319339901872, -0.5850035200094158, 0.027591384163172264], [-0.36723034484189965, 0.2681132568116777, 0.6585207787822654, 0.3976267952892754, -0.2101265321069799, -0.5245080992220333, -0.5711731887953857, -0.21171703154653077, 0.6125867883283049, 0.07702643652144005, 0.4063637492449084, 0.06330622962485556, 0.11341776949758035, 0.018780680548775616], [-0.7286103916272174, -0.722035762097357, -0.21199917670978602, -0.34019117820929656, -0.3112284712175727, -0.3131225310978097, 0.22392124774609057, 0.5342937980509065, 0.18355248089955176, 0.8145280947388259, 0.35812047390590207, 0.37039269829404753, -0.22640324718281565, 0.007877424158945975]], "inverted": true, "swapped": true, "error_lsq": 0.046602776467261645, "error_max": 0.32004003195606684, "target": "473.xyz", "model": "12.xyz", "model_rescale": 3.9764082729961374, "target_rescale": 4.071801592111385},
{"mapping": [11, 14, 13, 4, 6, 3, 12, 8, 1, 7, 5, 12, 9, 0, 15], "R": [[0.9863683566070384, -0.1621834408870184, -0.027820794136354215], [-0.15370980702392564, -0.9684673680351297, 0.19607205888595225], [-0.058743172445807956, -0.18912294560194381, -0.9801947516375744]], "T": [0.06319344990897695, 0.03008221592933783, -0.009074387608171003], "aligned_model": [[-0.29429430345027197, 0.04307490160784804, 0.4008821662738207, 0.16219782814469708, 0.5488710880947613, -0.5819835912017547, 0.4157627680613675, -0.5962052383319665, -0.11448665266884962, -0.42673993507039826, 0.73521933031281, 0.4157627680613675, 0.32773501654808584, -0.018050947851250887, 0.028569510971779233], [0.18259939975663303, -0.33567400692587396, 0.14281214118024904, -0.6150858068321466, -0.46088961699002207, -0.37553102099639063, 0.5579265479380504, 0.23377038216328808, 0.6019997137376224, -0.403084433427585, -0.20361685601844495, 0.5579265479380504, 0.24910437243171416, -0.1330046037114956, -0.07076124203316747], [-0.7015234569157687, -0.7194444806104123, -0.5068080924943149, 0.29062559116297104, -0.33575878690711825, -0.36638088764398835, -0.07456310428595044, -0.16190546275626613, 0.2022612106937701, 0.3695621545936324, 0.43431016971528413, -0.07456310428595044, 0.48442959515062756, 0.6937128992676498, -0.023922101631128775]], "inverted": false, "swapped": false, "error_lsq": 0.04523160531612816, "error_max": 0.3312084457528556, "target": "473.xyz", "model": "13.xyz", "model_rescale": 4.170626492500431, "target_rescale": 4.071801592111385},
{"mapping": [1, 0, 4, 2, 3, 12, 11, 5, 9, 7, 8, 6, 13, 14], "R": [[-0.6705701638224596, -0.6780961342243599, 0.30086755913707164], [0.48962790664902284, -0.09986844458603844, 0.8661932849003515], [-0.5573151428246106, 0.7281565261164284, 0.39898358995382205]], "T": [0.041472431550950345, 0.07266237415962297, 0.10209857295137367], "aligned_model": [[0.1416712981534418, -0.23098611297687913, -0.11494931081397833, -0.5836606524985817, 0.4141014407685879, -0.2911898473036586, -0.6702840051897365, 0.6382661205502893, 0.5893193898990227, 0.25273664037258736, -0.0179881318664077, -0.5892662761414639, 0.29933150278959997, 0.006080966348820202], [-0.45433724223989225, -0.6791958718671524, 0.08180369951320933, -0.21929826691447324, 0.3693126292972932, 0.7365446298548891, 0.3384243715258051, -0.3639328072798039, 0.28904981250521306, -0.4962915421550952, 0.059078609870547596, -0.0169100256332627, 0.6482290664827531, 0.06359740496563435], [-0.3886062722744723, 0.13337515849364281, -0.6936516490226567, -0.17494618377902563, -0.43503870312947357, 0.3662238897447403, -0.027615807054565067, 0.04995552646235926, 0.08634355610222638, 0.5676443637660701, 0.6264824534977135, 0.427272294652999, 0.464560155723575, 0.0018743179377330998]], "inverted": false, "swapped": true, "error_lsq": 0.054245027869891486, "error_max": 0.4287905739809287, "target": "473.xyz", "model": "14.xyz", "model_rescale": 3.9786697098870705, "target_rescale": 4.071801592111385},
{"mapping": [10, 4, 12, 13, 11, 6, 1, 0, 8, 9, 2, 14], "R": [[-0.4021072083269912, 0.5940932269040942, 0.6966800059985605], [0.3406774025525484, 0.8033535547378416, -0.48842806377205894], [-0.8498521638505856, 0.0409426896619432, -0.5254283926109469]], "T": [0.08469239003992637, -0.11635762740417548, 0.11102112522603268], "aligned_model": [[-0.03623277834839014, -0.6678371711114222, 0.5366746555964177, 0.6430323454912369, 0.0013623701725030551, 0.3093280719444469, -0.5492917354420256, -0.1679691582392299, 0.5655520319564019, 0.1869603747146664, -0.323389901906288, -0.014834508060980633], [-0.3938759773494837, -0.13483322519469815, 0.01923237033068527, -0.47472894060720877, 0.4231652253311278, 0.5592670294882579, -0.12947431134664922, 0.39360637455992603, 0.04792215149938185, -0.6964281114682185, 0.5016313623287607, -0.1008094573474421], [-0.6942186182265211, -0.19085244593424677, -0.520242217846931, -0.18726265397984165, -0.4330594607457898, 0.042737782559524734, 0.4666216523924295, 0.6736947110018379, 0.2541458626069827, 0.12737736651771153, 0.0451072609009016, 0.07591725462777278]], "inverted": false, "swapped": true, "error_lsq": 0.04609310691285989, "error_max": 0.26317872511688295, "target": "473.xyz", "model": "15.xyz", "model_rescale": 3.769337070930944, "target_rescale": 4.071801592111385},
{"mapping": [5, 7, 3, 9, 1, 0, 4, 6, 10, 13, 14], "R": [[-0.7382981946565308, -0.16274040182548047, 0.6545466655484456], [-0.4431532037666587, 0.8486311867471815, -0.2888604280122441], [-0.5084594514395949, -0.5033295843617298, -0.6986618035559083]], "T": [-0.011049780191601433, -0.03271932882319185, 0.09514188994207246], "aligned_model": [[-0.36419936813703324, -0.31237679414479935, -0.07817229176004238, -0.48987208809161914, 0.29731132424358625, 0.35693673655355695, 0.5533701309108984, 0.3347096166091855, 0.09643693802043304, -0.5464111710952574, 0.07489309758226258], [-0.016657063401972587, -0.6185969359331595, 0.6697682447052259, 0.29859665481430103, 0.08086315507796807, -0.5706483191635062, 0.5117449076943562, -0.556272125543483, 0.6653741339066707, 0.10740506270457104, 0.024486782764370822], [-0.5564134255501973, -0.2934754904120695, -0.036676102829080265, 0.004770709555076386, -0.5533734162027675, -0.36931589097356726, -0.11163963773829957, 0.43855911438161144, 0.5862248748269905, 0.5672648113791214, 0.06829206078695857]], "inverted": true, "swapped": true, "error_lsq": 0.04559753021759203, "error_max": 0.21366919223258823, "target": "473.xyz", "model": "16.xyz", "model_rescale": 3.7852294659196426, "target_rescale": 4.071801592111385},
{"mapping": [9, 1, 0, 5, 3, 4, 11, 2, 8, 13, 10, 6, 14], "R": [[-0.5336838278587124, 0.7885048665408502, 0.3056822653074075], [0.7702177106425229, 0.30393733405628526, 0.5607020377877623], [0.34920803268920264, 0.534679504383845, -0.7695268530059121]], "T": [0.10357253044627657, 0.040261254062909105, -0.049381151800471604], "aligned_model": [[0.02515176337233785, -0.3527977554316825, 0.21435748679729696, 0.03399807967728492, -0.4840423449377752, -0.6744602277612879, 0.015075630195783549, -0.09667152898624576, 0.6306398091161997, 0.3984937160812184, -0.35056085827205147, 0.4869021287119409, 0.007679951653263517], [-0.08330221862101743, -0.46167337932604086, -0.4342132150490314, -0.6545576321147428, 0.07234021322235042, 0.12196113041168276, 0.6536795933899204, 0.1391044165620428, 0.07015795484160409, 0.3822791585566359, 0.6983587605881814, 0.3201834166153557, 0.05073742462593346], [-0.6201615695713876, 0.21205228074814425, 0.585523074847225, -0.29814422822814707, -0.46053793983387786, 0.16453448214418226, 0.4088095557542896, 0.6597863402848865, -0.051572605436647725, -0.6196372032255985, -0.36674673357970444, 0.4856837820878232, -0.0038345388480136716]], "inverted": false, "swapped": true, "error_lsq": 0.04335267505604575, "error_max": 0.3089811184948722, "target": "473.xyz", "model": "17.xyz", "model_rescale": 3.901054581598922, "target_rescale": 4.071801592111385},
{"mapping": [6, 4, 1, 5, 8, 10, 7, 11, 12, 9, 2, 0, 3, 13, 14], "R": [[0.4292547808784478, 0.0864408391825689, 0.8990374377156989], [-0.8961532483056739, -0.08319264522935603, 0.43587651844407926], [0.11247083463807411, -0.9927773995721074, 0.04175339812110182]], "T": [0.07933330390398997, -0.04438612003688173, -0.06536048093670202], "aligned_model": [[-0.23202637948389965, 0.1085939433735545, 0.43898979684809925, 0.07756314897868048, 0.4972585224845124, -0.5195078996553336, 0.10397520926868821, -0.653756381250701, -0.24098053227409438, -0.4199522569218781, 0.691679135993646, 0.721140553500059, 0.38792691420655373, 0.047559683125640635, 0.0378512513085173], [0.3719946441625906, -0.44850046365418944, 0.22944154949726128, -0.5708350857943955, -0.532188778901847, -0.5089196689844259, 0.6056727993803125, 0.2625772991275335, 0.4847617705346449, -0.2896177746246587, -0.27328653889810944, 0.35955026751467883, 0.3948030843445472, -0.13215055242258986, -0.024811033070872235], [-0.6070319238201137, -0.7446316949377023, -0.5957859365065494, 0.2706966570621877, -0.2321097832397869, -0.3784923109231809, -0.19378634119619711, -0.13666238653089674, 0.34619347704911785, 0.2878603928423451, 0.44097466711811106, -0.04478458053818169, 0.47804426319791804, 0.6549103290585572, -0.03536268558259152]], "inverted": true, "swapped": false, "error_lsq": 0.039545192538020434, "error_max": 0.2256848969490858, "target": "473.xyz", "model": "18.xyz", "model_rescale": 3.9405287249114394, "target_rescale": 4.071801592111385},
{"mapping": [7, 8, 9, 2, 5, 0, 13, 4, 12, 1, 10, 11, 14, 3, 15], "R": [[0.8787425759710403, 0.4566696756839229, 0.1387958662443551], [-0.3545103897220224, 0.42976917304579443, 0.8304341283200455], [0.3195838993987652, -0.7789424017283143, 0.5395506148961424]], "T": [-0.006603879680955646, 0.0396772047621839, -0.029394493961413075], "aligned_model": [[-0.09453970154541359, -0.1241080280244913, 0.45336569052605175, 0.42045748224482604, 0.47874251566081705, -0.5669630891148778, 0.24484561448741216, -0.6404168346365773, -0.3364671703936318, -0.3272604796742622, 0.568902451884448, 0.6956797267745314, 0.33413968118074805, -0.07944757405896478, 0.01938442419142925], [0.3018242015411202, -0.39440216118768945, 0.1839101375153887, -0.6893560116527105, -0.4915044344015083, -0.303469647132014, 0.6587316675014239, 0.28424841784355387, 0.31581469179622673, -0.42250593843903395, -0.1378067495084926, 0.199636939420716, 0.4841840696784194, -0.0741337776483898, 0.013320112883470979], [-0.6768292723400149, -0.6377036544337613, -0.6265834946551008, 0.17420915415643504, -0.44598492292370745, -0.23168649181017184, -0.09921261064376063, -0.29982209698745144, 0.3098360469751617, 0.3156931919979871, 0.4757747304090964, -0.04998141436400406, 0.5054385966844552, 0.8115391843664729, -0.014654803378598601]], "inverted": false, "swapped": false, "error_lsq": 0.035296418375686096, "error_max": 0.22712423531703346, "target": "473.xyz", "model": "19.xyz", "model_rescale": 4.410303926677745, "target_rescale": 4.071801592111385},
{"mapping": [4, 2, 1, 10, 5, 12, 3, 0, 6, 8, 13, 9, 7, 14], "R": [[-0.5147923120043003, 0.4079489906450662, -0.7540334850210163], [-0.6781535663063821, -0.7318563909293059, 0.06703703127277416], [-0.5244965357437578, 0.545860645300248, 0.6534061064186608]], "T": [0.020292021815218032, -0.016213099792976304, 0.11731206210842623], "aligned_model": [[-0.1888764251992365, 0.31698682671631573, 0.36401881480675485, -0.7997781213120547, 0.3240558676663524, -0.4802666579933468, -0.47136960963899377, 0.783483912004597, 0.2969189098331896, 0.19100917212678034, -0.4623589414174305, -0.27557497999355435, 0.6568441682613887, 0.00609495360011076], [-0.06793797482380669, -0.5291627304872257, 0.24988120972299, -0.17748509088144215, 0.6577772150838894, -0.5065202324767336, 0.3549551727375647, -0.13379342382765172, -0.6524768026420236, -0.13846507558766433, 0.07212021440036437, 0.4743998798313456, 0.24356977351724846, -0.03591366838565274], [-0.6645720975738281, -0.33173254041655154, -0.46544463146510595, -0.08646890016042805, 0.0628920438372707, 0.47815267495392044, -0.25129770358124204, -0.09296326111550515, 0.2912044044750508, 0.6016762230811424, 0.6543334678380248, 0.2550424337254032, 0.45255560306578013, 0.013437322061090148]], "inverted": false, "swapped": true, "error_lsq": 0.05202572572319873, "error_max": 0.3520122183428107, "target": "473.xyz", "model": "20.xyz", "model_rescale": 4.121658175737393, "target_rescale": 4.071801592111385},
{"mapping": [10, 11, 2, 3, 1, 13, 6, 9, 8, 7, 0, 5, 14], "R": [[0.08059161043613886, -0.9095706310246043, -0.4076594896538197], [0.13960297719808568, 0.4152588513988499, -0.8989277474259758], [0.9869224899072575, 0.015535556392064553, 0.16044514764507087]], "T": [0.048402048429273536, -0.08729865892283055, 0.030191940171182048], "aligned_model": [[0.20457655210511058, -0.21120995929829678, 0.07933909934303596, 0.6135333765139295, 0.6367724930811469, -0.28165932304054325, -0.49207718839210823, 0.2549904986314573, -0.43088683181285764, -0.13681928557811746, 0.06881612125139508, 0.4536781699007185, 0.12202918195942418], [-0.5607260862018238, 0.18985499121064497, 0.5729562617024967, -0.4788768929086789, 0.3099830484313968, -0.7350782498326923, 0.34367803077019593, -0.6015795100871717, -0.10900871950010337, 0.14159197970325738, 0.6496415375116058, -0.13741504279287337, -0.044194443843070585], [0.7312813573236902, 0.7008930245057297, 0.37062185162475053, 0.2367428404962891, -0.12648326062220566, 0.0544367247998925, 0.21385949031996757, -0.16991915939517976, -0.19005649677442682, -0.6757656655970627, -0.2812645060903339, -0.5884651299537572, 0.09422866884443618]], "inverted": false, "swapped": true, "error_lsq": 0.04959312085194066, "error_max": 0.245236916692871, "target": "473.xyz", "model": "21.xyz", "model_rescale": 4.08911054899281, "target_rescale": 4.071801592111385},
{"mapping": [1, 11, 8, 9, 5, 15, 0, 2, 4, 14, 10, 6, 7, 13, 16], "R": [[0.11053406673022886, -0.6004890562387715, 0.7919565098094387], [0.19585591784780054, 0.7943744728907884, 0.5749866574656131], [-0.9743832303237129, 0.09155375555897291, 0.20541477626250487]], "T": [0.03233985911381912, -0.03569760470061769, 0.012321028899058256], "aligned_model": [[-0.17890811119034436, 0.03479606282330075, 0.39879980148774063, 0.20619509673904296, 0.5270219589757853, -0.509259639349468, 0.13810485445837065, -0.623427472305811, -0.38448992412506944, -0.357160628194783, 0.7289834979041816, 0.6556151581418665, 0.4652009979243531, -0.08349400422611156, 0.0283370604389906], [0.32376470712303757, -0.36278525733925554, 0.06009905752216959, -0.7069987214572789, -0.49133633986614145, -0.378143846973024, 0.731551947128777, 0.19966105072054618, 0.4779025327696539, -0.4434905075439217, -0.29672858076427083, 0.3578961421140672, 0.2547691205031545, 0.19762860941844795, 0.004701604854519821], [-0.663074797773571, -0.6797054625108668, -0.5684475379176632, 0.1756513033556181, -0.20077992614592818, -0.3353966328784216, 0.02719681985734404, -0.17696536716355346, 0.23313773221495002, 0.31861648221832783, 0.32486843215673444, -0.09802385154967308, 0.4961148941624346, 0.6196688369438792, 0.03717121808342594]], "inverted": true, "swapped": false, "error_lsq": 0.03582623857417431, "error_max": 0.19462012214489335, "target": "473.xyz", "model": "22.xyz", "model_rescale": 4.204369325754507, "target_rescale": 4.071801592111385},
{"mapping": [7, 8, 9, 2, 5, 0, 13, 4, 12, 1, 10, 11, 14, 3, 15], "R": [[0.8787425759710403, 0.4566696756839229, 0.1387958662443551], [-0.3545103897220224, 0.42976917304579443, 0.8304341283200455], [0.3195838993987652, -0.7789424017283143, 0.5395506148961424]], "T": [-0.006603879680955646, 0.0396772047621839, -0.029394493961413075], "aligned_model": [[-0.09453970154541359, -0.1241080280244913, 0.45336569052605175, 0.42045748224482604, 0.47874251566081705, -0.5669630891148778, 0.24484561448741216, -0.6404168346365773, -0.3364671703936318, -0.3272604796742622, 0.568902451884448, 0.6956797267745314, 0.33413968118074805, -0.07944757405896478, 0.01938442419142925], [0.3018242015411202, -0.39440216118768945, 0.1839101375153887, -0.6893560116527105, -0.4915044344015083, -0.303469647132014, 0.6587316675014239, 0.28424841784355387, 0.31581469179622673, -0.42250593843903395, -0.1378067495084926, 0.199636939420716, 0.4841840696784194, -0.0741337776483898, 0.013320112883470979], [-0.6768292723400149, -0.6377036544337613, -0.6265834946551008, 0.17420915415643504, -0.44598492292370745, -0.23168649181017184, -0.09921261064376063, -0.29982209698745144, 0.3098360469751617, 0.3156931919979871, 0.4757747304090964, -0.04998141436400406, 0.5054385966844552, 0.8115391843664729, -0.014654803378598601]], "inverted": false, "swapped": false, "error_lsq": 0.035296418375686096, "error_max": 0.22712423531703346, "target": "473.xyz", "model": "23.xyz", "model_rescale": 4.410303926677745, "target_rescale": 4.071801592111385},
{"mapping": [8, 10, 9, 7, 11, 3, 15, 4, 5, 0, 13, 14, 6, 12, 16], "R": [[-0.5494294181026893, -0.6928036401655308, -0.46706576699296815], [0.5651161038342013, 0.10362459808532729, -0.8184776917295342], [0.6154438266085639, -0.7136421083743896, 0.3345800912253504]], "T": [0.10421952049199447, -0.06885989473228399, -0.05327109708121921], "aligned_model": [[-0.20344029788838047, -0.047402445154907616, 0.3643219877197841, 0.2739116446088651, 0.5540011264389176, -0.6796754893231363, 0.2880375341982665, -0.5050880889055549, -0.24495230437663956, -0.37627573072165865, 0.5721991174467913, 0.7315206436438075, 0.374204557757161, -0.06514022404571161, 0.010092678104441005], [0.37571959391882653, -0.18869035164915482, 0.19851928442466243, -0.6321300350651291, -0.38126022073341265, -0.45922513707304774, 0.6154908438044244, 0.16434757851688406, 0.358396874500814, -0.4248393890474273, -0.09926622596438675, 0.18516863922173493, 0.4041323372337766, -0.0472442907987477, -0.14062798307933588], [-0.672465074506166, -0.6749103714229217, -0.5565355054430247, 0.2563451633193277, -0.37079909565293223, -0.2591219552121337, -0.13806021982754635, -0.27291372623624516, 0.24861087205628254, 0.4080191849261417, 0.4704245928801994, -0.0638915887968112, 0.47709153161021506, 0.7322388502653492, -0.07400051490669798]], "inverted": true, "swapped": false, "error_lsq": 0.03658072651306933, "error_max": 0.23792316573382594, "target": "473.xyz", "model": "24.xyz", "model_rescale": 4.28219845311461, "target_rescale": 4.071801592111385},
{"mapping": [12, 9, 11, 3, 5, 7, 14, 13, 2, 4, 1, 10, 6, 0, 15], "R": [[-0.9652907375931925, -0.20150778445695067, 0.16615777056774012], [-0.11381924324660954, 0.8971569088715698, 0.42679580683364143], [-0.23507226927810898, 0.39307008747456346, -0.8889527178366572]], "T": [0.056681984715594075, -0.02664930554275651, -0.05336568807406483], "aligned_model": [[-0.12349911207816416, 0.016903574345265453, 0.32912084315633805, 0.024158868600165695, 0.7693828747329933, -0.559279174589702, 0.10934536875301125, -0.47732139856974465, -0.27942068007458365, -0.3821770152090783, 0.39540973482163844, 0.6621253310253854, 0.47328814947547937, 0.03897959905417682, 0.04929774605886436], [0.33710190488212577, -0.41441237662768776, 0.16136900514925584, -0.7915983709936371, -0.4229673084504512, -0.4545644890425457, 0.7240590593917008, 0.15965079688288214, 0.4426267701953741, -0.35878219117885785, -0.4503373538499963, 0.47795625023401184, 0.5091377657399804, 0.031825497906052776, -0.02257344202772646], [-0.701161743561944, -0.6055714130082255, -0.48568877848749703, 0.06428004726636777, -0.2988655105868421, -0.2607938725327889, -0.17087374606920935, -0.23515984478162458, 0.31486655908617645, 0.428027184214116, 0.28667746782878595, -0.14565006549678455, 0.5395665615897128, 0.760158432612792, 0.0202208649800016]], "inverted": false, "swapped": false, "error_lsq": 0.044621984657633035, "error_max": 0.33063121439095483, "target": "473.xyz", "model": "25.xyz", "model_rescale": 4.100010024507729, "target_rescale": 4.071801592111385},
{"mapping": [5, 9, 4, 10, 0, 2, 1, 11, 13, 6, 8, 14], "R": [[-0.9515958453529225, 0.07476795306562609, -0.29811927193898974], [-0.2593821304150516, -0.7157059835934922, 0.6484488071311575], [-0.1648825567742268, 0.6943880026633872, 0.7004563114347289]], "T": [-0.0755353332626272, -0.02182914397355782, -0.10918957336569834], "aligned_model": [[-0.6677032511092466, -0.18255489707700584, 0.3796962935766135, 0.6979106745811654, -0.504575083752944, 0.1510566622224206, -0.2823831005076739, 0.5335818320383169, 0.04837399452185874, 0.021383164699861013, -0.30015630978186236, -0.017864377048496513], [-0.3168589642626145, -0.6012646027096159, 0.013389142525521612, -0.39843415855228603, 0.5951907889379306, 0.6273758546345959, 0.10147263864354591, 0.4364523078425468, -0.490735592338898, 0.6007069052465613, 0.09765449017349301, 0.0011825799098583237], [0.22516281438729413, -0.11225485006313812, 0.5611040781832222, -0.10863164299411426, 0.16597219777443284, 0.17360915949174144, 0.5767917130196992, -0.22323725954675389, -0.6513334086040752, -0.4477869059682155, -0.5717559032142592, -0.022447702611476994]], "inverted": true, "swapped": true, "error_lsq": 0.04734274402559885, "error_max": 0.2462930719501955, "target": "473.xyz", "model": "26.xyz", "model_rescale": 3.6694154284099745, "target_rescale": 4.071801592111385},
