[{"mapping": [5, 4, 2, 11, 1, 3, 9, 13, 7, 12, 10, 15], "R": [[0.6606465517964449, -0.6812515338272753, -0.31534501939534787], [-0.7391342064324413, -0.5168525547835073, -0.43190746867268603], [0.13125074659198302, 0.5184204705369443, -0.8449931699412137]], "T": [-0.07308713338773114, -0.13379766672185575, 0.07795872500462367], "aligned_model": [[-0.21313503150959523, 0.19595156257761398, 0.35822437172405, -0.021781838401634696, -0.18763137861510476, -0.5259023562773574, 0.49779483981296563, -0.33557278929573425, 0.6177315266958047, 0.17822071026841912, -0.6565331269523, -0.0697240275665779], [-0.41565327171793287, -0.7376959731955058, -0.08196080369682279, 0.5918564596706354, 0.2558660100044361, -0.5288124938395724, -0.21049709433151906, -0.4693814344021451, 0.12747096845049352, 0.3233582450070347, 0.28508554649094187, -0.08608112246298667], [-0.5253237669662143, -0.20915711215949653, -0.5422942794583805, -0.07319389347971722, -0.6046373731024817, -0.050774098093745806, 0.661250837664625, 0.7040503772562828, -0.05935487084587812, 0.5501173388633368, 0.28131576573188255, 0.04995281994334891]], "inverted": true, "swapped": true, "error_lsq": 0.0436943734284387, "error_max": 0.260344257163819, "target": "474.xyz", "model": "0.xyz", "model_rescale": 3.751011558992144, "target_rescale": 4.159582785798754},
{"mapping": [9, 12, 8, 0, 10, 3, 11, 7, 13, 5, 6, 1, 2, 4, 15], "R": [[-0.15464934074059178, -0.9873844275051529, -0.03399373072820844], [0.7687984248934021, -0.14188098375677993, 0.6235533404045177], [-0.6205099219915218, 0.0702977863700554, 0.7810413932318476]], "T": [-0.02502983881553312, -0.019152860906830056, 0.004427884136722831], "aligned_model": [[-0.03592457028344334, 0.1755917341457659, -0.4358807833198216, 0.21389760713283235, -0.1987135694494344, -0.4759400634059347, 0.54481343730469, 0.6126452788098694, -0.7073425614930876, 0.017101750719112227, -0.1547279306404195, 0.5011717432791727, 0.5710610550586899, -0.11019760420987096, 0.02153068744091418], [-0.019040848582517096, -0.5018759214548756, 0.4073720759655688, 0.43001238764875627, -0.6788657141169195, 0.16232260378257596, -0.47728364120054884, 0.13157518351905975, -0.18252629941222095, 0.44048865268916615, -0.223042548936666, -0.02268272680551043, 0.42702057382086317, 0.6955407330101724, -0.04025716009979832], [-0.8152671875161571, -0.4665395752810384, -0.4418537861536266, -0.4888075160196421, 0.30747800004804604, 0.380455947639828, 0.1365190924996267, -0.3629931896121909, -0.2806412474268911, 0.5043882516630562, 0.6431833921426573, 0.5994027014805928, 0.14239663689970067, -0.03391278605385907, 0.02585767054187353]], "inverted": true, "swapped": true, "error_lsq": 0.03447393654582464, "error_max": 0.21803396319458315, "target": "474.xyz", "model": "1.xyz", "model_rescale": 3.9405287249114394, "target_rescale": 4.159582785798754},
{"mapping": [9, 13, 8, 6, 3, 0, 12, 10, 5, 2, 1, 7, 15], "R": [[-0.7828611984646798, 0.6146688222825695, 0.09649136154187286], [0.20519237852718167, 0.4014598775731832, -0.8925951234984889], [-0.5873878035274508, -0.6789787961436528, -0.4404127185430877]], "T": [0.019871652332262457, -0.027176278097799423, 0.010461562337208054], "aligned_model": [[-0.47024995059147623, 0.2840739738652191, -0.31712309039682707, 0.5975673123922323, 0.3535439193936932, -0.6775612408257958, -0.059298305988605804, 0.7028687105679661, 0.012342699484458361, -0.46891126902042374, 0.12428405516040722, -0.6088748597423121, 0.02332132498539599], [0.6297934747671882, 0.5456895343139055, 0.29720345814461196, -0.3912665094537625, -0.22993976420942577, 0.0657990510793577, 0.4880496735776346, 0.1012967483766989, -0.6515313759276148, -0.5775117743492985, -0.7086349549518004, -0.05697309473249616, -0.05314187306298185], [0.02425563282132385, -0.40849886058318996, -0.5649527924537306, 0.020816594682738228, -0.4640911390145418, -0.07356136673813438, 0.48306631577539944, 0.2829246967998924, -0.25996363552263985, 0.1883732306307723, 0.40493300629944606, 0.42050633760245126, 0.0593123292888572]], "inverted": true, "swapped": true, "error_lsq": 0.04775651032569038, "error_max": 0.32088451944041513, "target": "474.xyz", "model": "2.xyz", "model_rescale": 3.932901565614263, "target_rescale": 4.159582785798754},
{"mapping": [12, 10, 14, 11, 9, 8, 13, 0, 2, 4, 6, 1, 3, 15], "R": [[-0.7263242988491282, 0.5897424489707053, 0.3530677793049907], [-0.5500677303907837, -0.8067255299169437, 0.2159152874693187], [0.412163201758787, -0.03738667225444952, 0.9103426453010339]], "T": [0.05086209075571384, -0.07588837255886682, 0.06625556179433291], "aligned_model": [[-0.20382628532351638, 0.6456309311670626, 0.2351780474668712, 0.07093530329519458, -0.5733858291270192, -0.2737770186944859, 0.22974467739416604, -0.6325650499126667, -0.31874034263157963, -0.23906996342147052, 0.6899041571695308, 0.2556201204260509, 0.4803799411974034, 0.053781223047162256], [-0.030059788821245798, 0.024278077049811414, -0.3576317531385942, 0.5618043219361576, -0.4569598330138378, -0.7114917626714844, -0.7732318178704345, -0.16862268317599288, 0.43025017796358034, -0.2919383856564573, 0.13567129501309982, 0.6544430413788618, -0.33121356225392606, -0.021800688389049465], [-0.5880490221384765, -0.3735661845756081, -0.6765793773502792, -0.314530929621464, -0.304038638486113, 0.2675193903973449, -0.1687318446462986, 0.22887350648995441, 0.4912829412237957, 0.6897716275376773, 0.1814464612883364, 0.30202191504866155, 0.42399002075157394, 0.05448649713799201]], "inverted": true, "swapped": true, "error_lsq": 0.05278977035546408, "error_max": 0.32111095488147334, "target": "474.xyz", "model": "3.xyz", "model_rescale": 3.9243930471874484, "target_rescale": 4.159582785798754},
{"mapping": [10, 11, 6, 3, 5, 14, 13, 1, 2, 7, 4, 9, 15], "R": [[-0.06721573689042887, 0.16022027581244838, 0.984790083181619], [0.25699364663951973, -0.9509379529612326, 0.17225352015219575], [0.9640727723057003, 0.26466294194028034, 0.022742402298734532]], "T": [-0.015261815900591141, -0.0933810467529004, -0.0232463399055369], "aligned_model": [[-0.0906504734373561, -0.2572025182201444, 0.42336049928803987, 0.47355997085918833, 0.6361853089501398, -0.5995892417123366, -0.21410270610471002, 0.3765914144500052, 0.23088965924329644, -0.3515869347776749, 0.3543490136102637, -0.6871247140021381, -0.017473391835220998], [-0.5665649439964685, 0.202026360549007, -0.35756221793886234, -0.4508773773016159, 0.1005699658026091, -0.6283074189989635, -0.7486251642825046, 0.3205379790963506, 0.622743493932171, 0.5763084244014928, 0.14845158259849975, -0.027833852562255137, -0.06303727761787294], [-0.5956448107591601, -0.6606256765575961, -0.47515337937850055, 0.08115727066171242, 0.008461848421920194, -0.21707793416381957, 0.3002090488775987, -0.576434991388388, -0.0256038531150648, 0.029176661602330393, 0.5463283281830427, 0.44185851891757066, -0.06958071593068202]], "inverted": true, "swapped": true, "error_lsq": 0.037217656942323436, "error_max": 0.22178169113227822, "target": "474.xyz", "model": "4.xyz", "model_rescale": 3.8936222436046832, "target_rescale": 4.159582785798754},
{"mapping": [9, 8, 7, 12, 2, 5, 3, 6, 10, 13, 11, 15], "R": [[-0.6247823245576234, 0.35780846727312765, -0.6939885789175698], [-0.6774138118233722, -0.6903928976370046, 0.2539058377495669], [-0.38827512728901603, 0.6287533281343612, 0.6737296771618888]], "T": [-0.1055436598465606, -0.03663238943388888, -0.0004999227346500559], "aligned_model": [[0.0027899045764428615, -0.3632242357568564, -0.3519811815263684, 0.3738090872754326, -0.6923446854980965, -0.6229765283504856, -0.22393945823221034, 0.038677575414449286, 0.5316410677670805, 0.2477859365132648, 0.1861341623042046, -0.09882360227176004], [-0.5124605351545951, -0.723455072452695, 0.21001576554233856, -0.021405550287541285, 0.3876533808414318, 0.1595923793791993, -0.22097880381102203, 0.280586210852709, 0.17555434340365672, -0.6866529857292449, 0.60309075449308, 0.017383018032490122], [-0.6591881135897313, -0.1089649977615944, -0.6659170700978405, -0.5153494189458906, -0.22203232621466543, 0.39543546044125505, 0.5736510277106284, 0.586844774907067, 0.32538176290452664, 0.16117061396019045, -0.24077394486004292, -0.010973049178383772]], "inverted": true, "swapped": true, "error_lsq": 0.04441668268629234, "error_max": 0.257071479454359, "target": "474.xyz", "model": "5.xyz", "model_rescale": 3.6523030999806103, "target_rescale": 4.159582785798754},
{"mapping": [2, 1, 11, 7, 12, 4, 10, 0, 3, 13, 14, 9, 15], "R": [[-0.2845638299369777, 0.6640780281679541, 0.6913926519685908], [0.8299507812929978, -0.19029999068377906, 0.5243735445051514], [0.479796964686878, 0.7230396158235839, -0.4969995841315597]], "T": [-0.06416361723194927, -0.06137201471531356, 0.0239472931033589], "aligned_model": [[0.15645861132903935, -0.1836286169892895, 0.25109594075802943, 0.6035190333282701, 0.47976601060229807, -0.1734230309504509, -0.3278635613538894, 0.41101202176023155, -0.659025928487954, -0.2606837102940175, 0.07776153945332567, 0.5545467472622827, -0.04845215175358084], [-0.5124716934761361, -0.009133994861247274, 0.3850307571772707, -0.2811599813891301, 0.3531809643706049, -0.7713783733402375, 0.6363420992293982, -0.575533149823366, -0.17791278583459424, 0.09529881097593945, 0.5968153935008143, -0.15841894407664947, -0.03983219828948344], [0.5907500598945195, 0.8074617481967609, 0.5273251182618706, 0.2889753525538595, -0.14148336925354993, -0.03490710065780779, 0.053676309296372016, -0.08542978016883836, -0.07708517088908808, -0.6904335906745195, -0.43627225969553984, -0.5050121539069852, 0.07254457652473542]], "inverted": false, "swapped": true, "error_lsq": 0.04470921170562884, "error_max": 0.2997629530770378, "target": "474.xyz", "model": "6.xyz", "model_rescale": 4.08911054899281, "target_rescale": 4.159582785798754},
{"mapping": [9, 8, 0, 12, 11, 1, 7, 2, 10, 13, 6, 3, 5, 4, 15], "R": [[-0.8646180496138381, 0.29079971907326363, -0.4097208216198849], [0.5014185238373572, 0.5511342418344373, -0.6669561540538821], [0.03186051215420471, -0.7821039386580858, -0.6223329791203266]], "T": [-0.06309465428112389, -0.07772860066902526, 0.0063681438890240555], "aligned_model": [[0.12971002131071302, 0.3954226084156759, 0.5189533979438745, -0.3876381771733399, -0.4553781251888915, -0.13406030430302018, 0.2578297181706859, 0.41634174153324427, -0.7934125866275402, -0.24780402546671237, -0.4285631175337247, -0.040606442620034336, 0.2662491752337898, 0.6212579941052091, -0.0819683380003747], [-0.7345169094682413, -0.6315750621911389, -0.27711379549015014, -0.38358791481887505, 0.31867960971865267, 0.7091114489653816, 0.029160414994554795, 0.437263032006777, -0.012998263021486434, -0.730359374860452, 0.32916771491830393, -0.029834043666412707, 0.39404677746226885, -0.08155726879329406, -0.035127549586775275], [-0.4447129937205312, 0.18776650793810107, -0.34517490310813626, -0.5378767442351103, -0.48457733954933646, -0.07574282391613148, -0.6643993493205914, -0.2735511748403001, 0.14662562430509318, 0.3432085548875986, 0.4153539500548111, 0.6186188043313848, 0.3696399367716075, 0.23254790068864473, -0.023655918205023684]], "inverted": false, "swapped": true, "error_lsq": 0.03685256624674692, "error_max": 0.27163467563928956, "target": "474.xyz", "model": "7.xyz", "model_rescale": 3.964800864290218, "target_rescale": 4.159582785798754},
{"mapping": [9, 12, 7, 8, 2, 13, 4, 11, 10, 6, 3, 5, 1, 15], "R": [[-0.7212164086929155, -0.6774332266372007, -0.14467589737065628], [0.3563083342140936, -0.5418976410939981, 0.7611775860772165], [-0.5940465156885204, 0.49742453701508493, 0.6322005751133553]], "T": [-0.00974886659150533, -0.06484989270674227, 0.07174774061296219], "aligned_model": [[-0.25353855863055097, 0.27749247455774245, 0.30294490654636846, -0.6944240136290692, 0.2532125110209465, -0.5377622629561075, -0.4796928370566679, 0.7269855210533771, 0.30269346309118894, 0.18350159881564262, -0.35553550819615504, -0.08536633240829555, 0.5761345178012636, 0.04454240945118944], [-0.34456809234168406, -0.5301410778863482, 0.22592082083870255, -0.04898479470679257, 0.6203826603590773, -0.6051236383653845, 0.4735634771920073, -0.1399639088514872, -0.5866561028417836, -0.07785402827244595, 0.00628940317908358, 0.5013408000254906, 0.3706850885597317, -0.053942140706964584], [-0.6592399699957955, -0.3710585844115314, -0.5463313326737019, -0.21260695216659448, -0.11463392817050341, 0.12477673945947296, -0.02192293877306617, 0.01146851401822599, 0.504557779103671, 0.7266418915976457, 0.57475994576801, 0.44149881807108327, 0.3847102594731171, 0.0741947974249882]], "inverted": true, "swapped": true, "error_lsq": 0.038962096465798936, "error_max": 0.26238389105608284, "target": "474.xyz", "model": "8.xyz", "model_rescale": 4.121658175737393, "target_rescale": 4.159582785798754},
{"mapping": [7, 12, 11, 1, 9, 4, 14, 3, 10, 13, 5, 6, 15], "R": [[-0.9386529214922266, 0.34053196452232887, 0.054485540399921234], [-0.14607830751385348, -0.5357219038156444, 0.8316628943544553], [0.3123968966683187, 0.7726836499568921, 0.5526012631557216]], "T": [-0.11696430348718492, 0.005334332527571095, 0.005187140759510753], "aligned_model": [[-0.5893539030863897, -0.10602567904285254, 0.19598993743855705, 0.17021709145098515, -0.6468757811550463, -0.6514107234852302, 0.2378706040411467, 0.08048531517415641, 0.5987367545776936, -0.05008164866070759, -0.13893430718320796, 0.4726280439536148, -0.09650820758752213], [0.15358331764600816, -0.453372738781046, 0.17537186432142424, 0.6969815342544519, -0.576186266352586, 0.2785210783477821, -0.7067684639171876, 0.1210815399523471, -0.19081775069790263, -0.6307759666816285, 0.6003068725573366, 0.287886734217321, 0.03457568454538916], [-0.559805822959229, -0.5282442848047277, -0.6468865815961594, -0.2594760281370095, -0.22513076372571517, 0.40424417239579913, -0.17413727728704764, 0.5755087268231581, -0.07557680826784519, 0.4106453253242206, 0.3346272058741331, 0.20253506462607035, -0.037227494306558924]], "inverted": true, "swapped": true, "error_lsq": 0.044478228332526196, "error_max": 0.24538712145657182, "target": "474.xyz", "model": "9.xyz", "model_rescale": 3.833441315466971, "target_rescale": 4.159582785798754},
{"mapping": [8, 13, 5, 1, 6, 3, 10, 11, 7, 2, 9, 12, 14, 4, 15], "R": [[-0.1995809632083634, 0.10882634965992768, 0.9738194210142437], [0.6065805565730549, 0.7942263551667033, 0.03556016234688275], [-0.7695631666811664, 0.5977970578535067, -0.22452440871617127]], "T": [-0.07279621458785264, -0.01575716595866003, 0.06879317350784582], "aligned_model": [[0.09329068332430147, 0.17828030235944753, -0.7156661600587322, -0.5442971274964128, -0.5674724665982634, -0.5372565496347204, -0.07300915178003749, 0.07269628505897031, 0.25885103721619196, -0.32606997427911283, 0.6571977035878033, 0.5809554965252298, 0.48512149334351934, -0.3612215392031886, -0.07755501407046388], [-0.6679496140744261, -0.6377254533595381, -0.00507957524512995, 0.6224163765356019, 0.1338531154869818, -0.37031636996280737, 0.16820142155075993, 0.6961136689117549, 0.38067918922564015, 0.38105078574049533, -0.2653708932306833, 0.20416264784544993, -0.10785480206109993, -0.37046469509603974, 0.03938573702801878], [0.3801603242702459, -0.2828059928910467, 0.2915261598871051, 0.10508390252124943, -0.3776520843889406, -0.12150881673501619, -0.6546608004743724, -0.08652941186256984, 0.6139491705479964, 0.661942662655079, 0.3459584397236184, -0.07022082674335432, -0.518915349327895, 0.6260219320376996, 0.06577259860229402]], "inverted": false, "swapped": true, "error_lsq": 0.0439873251998055, "error_max": 0.2609797070399519, "target": "474.xyz", "model": "10.xyz", "model_rescale": 4.2482417240324, "target_rescale": 4.159582785798754},
{"mapping": [6, 10, 13, 12, 5, 4, 3, 0, 11, 2, 1, 15], "R": [[-0.5770949979933645, 0.07964670944479607, 0.8127839595892962], [-0.7672800099201516, 0.2879988704899237, -0.5730078856119349], [-0.27971905488895576, -0.9543128691740168, -0.10509137957456322]], "T": [0.10773492004791035, 0.03146052919185338, 0.021099822109350436], "aligned_model": [[-0.5217064142549228, -0.16361828456370625, 0.38923349207341185, 0.6064424092000764, -0.41459297989632654, 0.10751593177815433, -0.28481766673649583, 0.5810164096006477, 0.009292963251908037, -0.043011796196768204, -0.47721230906985096, 0.08822384717687887], [-0.22013350616724953, -0.6605547728106608, -0.21581935424066878, -0.3931689316500314, 0.4673664855807906, 0.7270282667011544, 0.1264781127797655, 0.5342679989408173, -0.3443141129602516, 0.5527314932466368, 0.07587870913654088, 0.016371001493795806], [0.10419763771620796, 0.08971993485152059, 0.6792161909259655, -0.2359246471565751, 0.03395762437450529, 0.21003357510033713, 0.4842678314583153, -0.1379793560259635, -0.6122688367113744, -0.5070880932487084, -0.514399349377833, -0.028540222052040792]], "inverted": false, "swapped": true, "error_lsq": 0.045249192383127544, "error_max": 0.26685317553114213, "target": "474.xyz", "model": "11.xyz", "model_rescale": 3.6694154284099745, "target_rescale": 4.159582785798754},
{"mapping": [12, 9, 8, 0, 7, 10, 11, 6, 4, 5, 3, 2, 13, 15], "R": [[0.3654764245609254, -0.9198171821075746, 0.142700156236227], [0.88054757147343, 0.391351045034175, 0.2673580631342622], [-0.3017663955154835, 0.027941207030844392, 0.9529723665916303]], "T": [-0.021205094322854952, 0.0017182942841736798, 0.007231341793156466], "aligned_model": [[-0.008127091666084003, 0.11716023594968022, -0.07534521585956169, 0.49469589389095897, 0.6603700045684693, -0.5529952743194985, 0.20830932706139954, -0.34804657058330335, 0.27125017172906385, 0.15452052118216475, -0.3799133692141113, 0.6820501974463018, -0.6294692373767405, 0.00380525744707029], [-0.3393782075515145, 0.26175346208229916, 0.6946986394536013, 0.3816278494267769, -0.10460105524287351, -0.5198543188884118, -0.7032872217762858, -0.288072067333464, 0.6221740527344591, 0.1865668916915324, 0.2678963848125143, -0.006337242294655404, 0.32411493177169587, -0.046314810749420045], [-0.608043441401088, -0.757788569777328, -0.2511026243438296, -0.2954761162850676, -0.2902553384754834, 0.05609516664172174, -0.04117951669653285, 0.5322050503017346, 0.2286247870513932, 0.6380698829798178, 0.4292835626302503, 0.2879403856171034, -0.3083333617445283, 0.019055593154252096]], "inverted": true, "swapped": true, "error_lsq": 0.03835104609194411, "error_max": 0.19556111056002104, "target": "474.xyz", "model": "12.xyz", "model_rescale": 3.9764082729961374, "target_rescale": 4.159582785798754},
{"mapping": [1, 5, 9, 7, 2, 0, 4, 12, 8, 10, 6, 13, 11, 3, 14, 15], "R": [[-0.8077197151957631, -0.5826885195698068, -0.08979393546126643], [-0.58865094652225, 0.8055420463827417, 0.06776484832096977], [0.032846991377210005, 0.1075922890873301, -0.9936523408548958]], "T": [0.018407861154679468, 0.09899915619988897, 0.014794454974319554], "aligned_model": [[-0.5415122313655231, 0.536486923470629, -0.06465986192346934, -0.12682430208970485, -0.6589896733716062, -0.10167966735795372, 0.4468762499510678, -0.07291950371142053, -0.5420809712116715, -0.5472790984140619, 0.7678699831523785, 0.3013401248756608, -0.1639382112655355, -0.07313997333663494, 0.42421500541910173, 0.06548089475560312], [0.39804069667147046, 0.5018587367138103, 0.5266981330257932, -0.47364166574802835, -0.07892065701127324, 0.0601979835051426, -0.2115675960590207, 0.6953938871465235, -0.2616367641038455, 0.3109802261359516, 0.053111737183060934, 0.3243943020402664, -0.18032962328424035, -0.7012718188451016, -0.2935792340875273, 0.003364244165645333], [-0.004858161277639078, -0.5068588297011362, -0.39953930556458317, -0.45639956739986165, -0.36696022304644016, -0.7001750464699737, -0.4708256166586474, 0.22260728488136286, 0.25026597857713606, 0.5450860622253683, 0.15571882535046017, 0.5083802211428903, 0.7353983972159915, 0.2589845608633633, 0.5804894334904495, -0.00026435908518393503]], "inverted": true, "swapped": false, "error_lsq": 0.05661694213040501, "error_max": 0.44298111777299093, "target": "474.xyz", "model": "13.xyz", "model_rescale": 4.170626492500431, "target_rescale": 4.159582785798754},
{"mapping": [12, 14, 11, 10, 2, 5, 6, 9, 0, 13, 8, 3, 4, 15], "R": [[-0.8031622208710405, 0.45029743004318357, 0.39008033975323897], [-0.18335542575765984, 0.4361466535856881, -0.880997664248455], [-0.5668432188980701, -0.7791073873751361, -0.2677320379162057]], "T": [-0.04397549786084693, 0.06966146013832149, 0.03342443425039309], "aligned_model": [[0.20458739204249954, -0.1745984960102046, -0.16480995198706666, -0.6439174778884929, 0.23523820754110647, -0.24585206840702695, -0.7097456841755937, 0.6366328511913953, 0.644237091377137, -0.10527384568725068, 0.3783153186727634, -0.428789854204515, 0.2727328419135037, -0.05557330228661196], [-0.4747870587280771, -0.7332821438380129, 0.009047043632511798, -0.3264828542375288, 0.702227068303242, 0.7028972917096105, 0.2152720493191017, -0.3799475968977876, 0.22832968998324343, -0.4622605689708081, -0.005111888789802968, 0.24270611188377766, 0.5546934677906173, 0.08277385676557909], [-0.336539370222207, -0.024667324208017517, -0.6971768152191185, -0.16748789120419033, -0.27533262629738564, 0.1792462187454824, -0.010720942049888361, 0.11492712895443583, 0.09091121322651147, 0.5689684653153886, 0.6383779549217449, 0.4802173830761327, 0.4623186723896892, -0.019168966307711248]], "inverted": false, "swapped": true, "error_lsq": 0.038417968117900735, "error_max": 0.24895965208936433, "target": "474.xyz", "model": "14.xyz", "model_rescale": 3.9786697098870705, "target_rescale": 4.159582785798754},
{"mapping": [13, 10, 9, 8, 12, 7, 6, 1, 0, 3, 11, 15], "R": [[-0.9707009049943014, 0.24023020124288075, 0.005404022025260642], [0.22101376551093233, 0.88377526437121, 0.41242477803870703], [0.09430094643174644, 0.40153546854095357, -0.9109756303028496]], "T": [0.04603225360449834, -0.06304780158619917, 0.046796363286867856], "aligned_model": [[0.03727398945522658, -0.6706459952446988, 0.556197579531939, 0.6198129182021418, -0.017911405726946154, 0.4478570627223023, -0.5219300671172782, -0.281721309667556, 0.7233798162276501, -0.08674239001989759, -0.3425530360934601, 0.020337434497913726], [-0.5716074965614456, -0.09883527566486378, 0.1294386769614297, -0.4597700356162659, 0.3837031732101224, 0.5694583974998139, -0.2788059933299657, 0.275534466647795, 0.14333459973964463, -0.6259264529283869, 0.5672525476052684, -0.019102117338706856], [-0.5142707193003583, -0.15891703942887725, -0.5653302690452177, -0.20475197713956694, -0.4930236914560058, 0.09989509533419756, 0.3586751920836201, 0.6861986213573259, 0.019898617353909534, 0.25461599022309384, 0.10824716440613967, 0.06872950948556951]], "inverted": false, "swapped": true, "error_lsq": 0.04887857428810943, "error_max": 0.27294342703735835, "target": "474.xyz", "model": "15.xyz", "model_rescale": 3.769337070930944, "target_rescale": 4.159582785798754},
{"mapping": [12, 11, 13, 10, 9, 7, 8, 2, 3, 6, 15], "R": [[0.9576802100513411, -0.1878931910563844, 0.2180476187227648], [0.2118603413833547, 0.9729498543757515, -0.09210741891472307], [-0.19484304202343894, 0.13440509523397137, 0.971581936508805]], "T": [0.025497968214183722, 0.059615136448340746, 0.073321247406696], "aligned_model": [[-0.19650964506492552, -0.4269548554825132, -0.01721033323121511, -0.7051997821993434, 0.38360499920974506, 0.3407390303540083, 0.5916611839024728, 0.3841295789669162, 0.01071140709937915, -0.44090203426970476, -0.0014434185936487952], [-0.05974286326378218, -0.5076038411310418, 0.7791268015289081, 0.2122083839178633, 0.18106350588607628, -0.5271899055003181, 0.5128302355161037, -0.5638700586019514, 0.4494738001812709, 0.1084677347833464, 0.011300704308866497], [-0.5836012777845115, -0.08668604093173564, -0.1590252750716994, 0.07807078408819439, -0.6540221145104922, -0.2739965608531409, -0.08141929928261686, 0.31013350147613583, 0.5481286392921528, 0.5697944694789315, 0.07684078132255841]], "inverted": true, "swapped": true, "error_lsq": 0.038972976388257426, "error_max": 0.20111994311466858, "target": "474.xyz", "model": "16.xyz", "model_rescale": 3.7852294659196426, "target_rescale": 4.159582785798754},
{"mapping": [3, 9, 12, 13, 4, 0, 2, 7, 10, 6, 5, 11, 15], "R": [[0.9677405253129767, -0.1377395843876796, 0.21096464765375555], [0.25096265856963, 0.6010065915934202, -0.7588206776735353], [-0.022271499065560293, 0.7872857700695277, 0.616185926953386]], "T": [0.028431531228645775, 0.03826811941670685, -0.048856767979721785], "aligned_model": [[0.02408674108478542, -0.33699052669004587, 0.2549195215061935, 0.03348180344578358, -0.6301330386747783, -0.5883225723141556, -0.29706453617985157, -0.25685107152533754, 0.7502940919043775, 0.49273286723727067, -0.1594263679898864, 0.5092024558753522, 0.0578364825365757], [0.09667717951627411, -0.5471221359362392, -0.34907225047160706, -0.6365268628946709, 0.22076310381385392, -0.0009641572045446384, 0.6602628920311066, 0.22061801028953607, -0.0941861868665485, 0.3361473693226734, 0.5848608514151339, 0.30967450013686804, 0.07392331055103821], [-0.6605919917188723, 0.3936403356682227, 0.4931317417394235, -0.39256037329262156, -0.27798288254707637, 0.2978305683033462, 0.23505391744337595, 0.6217467649027175, -0.18522670591719398, -0.45146504009034866, -0.4079550219190807, 0.4483867870689751, -0.018253402497693683]], "inverted": false, "swapped": true, "error_lsq": 0.04517278194671216, "error_max": 0.22861263072631247, "target": "474.xyz", "model": "17.xyz", "model_rescale": 3.901054581598922, "target_rescale": 4.159582785798754},
{"mapping": [9, 12, 8, 0, 10, 3, 11, 7, 13, 5, 6, 1, 2, 4, 15], "R": [[-0.15464934074059178, -0.9873844275051529, -0.03399373072820844], [0.7687984248934021, -0.14188098375677993, 0.6235533404045177], [-0.6205099219915218, 0.0702977863700554, 0.7810413932318476]], "T": [-0.02502983881553312, -0.019152860906830056, 0.004427884136722831], "aligned_model": [[-0.03592457028344334, 0.1755917341457659, -0.4358807833198216, 0.21389760713283235, -0.1987135694494344, -0.4759400634059347, 0.54481343730469, 0.6126452788098694, -0.7073425614930876, 0.017101750719112227, -0.1547279306404195, 0.5011717432791727, 0.5710610550586899, -0.11019760420987096, 0.02153068744091418], [-0.019040848582517096, -0.5018759214548756, 0.4073720759655688, 0.43001238764875627, -0.6788657141169195, 0.16232260378257596, -0.47728364120054884, 0.13157518351905975, -0.18252629941222095, 0.44048865268916615, -0.223042548936666, -0.02268272680551043, 0.42702057382086317, 0.6955407330101724, -0.04025716009979832], [-0.8152671875161571, -0.4665395752810384, -0.4418537861536266, -0.4888075160196421, 0.30747800004804604, 0.380455947639828, 0.1365190924996267, -0.3629931896121909, -0.2806412474268911, 0.5043882516630562, 0.6431833921426573, 0.5994027014805928, 0.14239663689970067, -0.03391278605385907, 0.02585767054187353]], "inverted": true, "swapped": true, "error_lsq": 0.03447393654582464, "error_max": 0.21803396319458315, "target": "474.xyz", "model": "18.xyz", "model_rescale": 3.9405287249114394, "target_rescale": 4.159582785798754},
{"mapping": [6, 10, 2, 12, 1, 3, 14, 5, 0, 8, 13, 11, 9, 4, 7, 15], "R": [[0.315780623721283, 0.4854269023823774, 0.8152565977197901], [0.9092459965209507, 0.09078043317739115, -0.40623962234468064], [-0.2712089885914938, 0.8695513989383119, -0.41270576578429813]], "T": [0.006603073680853534, -0.06437273115723435, 0.01336588928163711], "aligned_model": [[-0.6273666510125341, 0.30385800145569497, -0.26282302183330153, 0.07344794283633957, -0.4911937521846623, 0.010740144568907851, 0.6461612459561635, -0.17494533151407174, -0.6349148883941255, -0.5001450424076115, 0.6281710277104887, 0.5570385871881873, 0.30269979539756675, -0.23626393384881195, 0.05025975325150612, 0.0045218104071227325], [0.3268845078462867, 0.49736617635342956, 0.7231046575056459, -0.49416858983592477, -0.028686753500070383, -0.05027448964409767, -0.07273888092319541, 0.6455796266998846, -0.2908851337199006, 0.11250559089886064, -0.25150074298653124, 0.38696612081591125, 0.20634477185061323, -0.7133076027033807, -0.2964697674186369, -0.027626903790267617], [0.07066873992409604, -0.4492278251685549, -0.23686245526337052, -0.319720204003006, -0.41842602256515543, -0.8382283328128236, -0.42325100673836813, 0.406138684804907, 0.11246732103923415, 0.5464630301137456, 0.186473460127614, 0.12529081085541824, 0.6676201303151564, 0.24695565310071024, 0.6765782301113907, -0.0018905592974371912]], "inverted": false, "swapped": false, "error_lsq": 0.03720746346923714, "error_max": 0.24429970861238792, "target": "474.xyz", "model": "19.xyz", "model_rescale": 4.410303926677745, "target_rescale": 4.159582785798754},
{"mapping": [9, 12, 7, 8, 2, 13, 4, 11, 10, 6, 3, 5, 1, 15], "R": [[-0.7212164086929155, -0.6774332266372007, -0.14467589737065628], [0.3563083342140936, -0.5418976410939981, 0.7611775860772165], [-0.5940465156885204, 0.49742453701508493, 0.6322005751133553]], "T": [-0.00974886659150533, -0.06484989270674227, 0.07174774061296219], "aligned_model": [[-0.25353855863055097, 0.27749247455774245, 0.30294490654636846, -0.6944240136290692, 0.2532125110209465, -0.5377622629561075, -0.4796928370566679, 0.7269855210533771, 0.30269346309118894, 0.18350159881564262, -0.35553550819615504, -0.08536633240829555, 0.5761345178012636, 0.04454240945118944], [-0.34456809234168406, -0.5301410778863482, 0.22592082083870255, -0.04898479470679257, 0.6203826603590773, -0.6051236383653845, 0.4735634771920073, -0.1399639088514872, -0.5866561028417836, -0.07785402827244595, 0.00628940317908358, 0.5013408000254906, 0.3706850885597317, -0.053942140706964584], [-0.6592399699957955, -0.3710585844115314, -0.5463313326737019, -0.21260695216659448, -0.11463392817050341, 0.12477673945947296, -0.02192293877306617, 0.01146851401822599, 0.504557779103671, 0.7266418915976457, 0.57475994576801, 0.44149881807108327, 0.3847102594731171, 0.0741947974249882]], "inverted": true, "swapped": true, "error_lsq": 0.038962096465798936, "error_max": 0.26238389105608284, "target": "474.xyz", "model": "20.xyz", "model_rescale": 4.121658175737393, "target_rescale": 4.159582785798754},
{"mapping": [2, 1, 11, 7, 12, 4, 10, 0, 3, 13, 14, 9, 15], "R": [[-0.2845638299369777, 0.6640780281679541, 0.6913926519685908], [0.8299507812929978, -0.19029999068377906, 0.5243735445051514], [0.479796964686878, 0.7230396158235839, -0.4969995841315597]], "T": [-0.06416361723194927, -0.06137201471531356, 0.0239472931033589], "aligned_model": [[0.15645861132903935, -0.1836286169892895, 0.25109594075802943, 0.6035190333282701, 0.47976601060229807, -0.1734230309504509, -0.3278635613538894, 0.41101202176023155, -0.659025928487954, -0.2606837102940175, 0.07776153945332567, 0.5545467472622827, -0.04845215175358084], [-0.5124716934761361, -0.009133994861247274, 0.3850307571772707, -0.2811599813891301, 0.3531809643706049, -0.7713783733402375, 0.6363420992293982, -0.575533149823366, -0.17791278583459424, 0.09529881097593945, 0.5968153935008143, -0.15841894407664947, -0.03983219828948344], [0.5907500598945195, 0.8074617481967609, 0.5273251182618706, 0.2889753525538595, -0.14148336925354993, -0.03490710065780779, 0.053676309296372016, -0.08542978016883836, -0.07708517088908808, -0.6904335906745195, -0.43627225969553984, -0.5050121539069852, 0.07254457652473542]], "inverted": false, "swapped": true, "error_lsq": 0.04470921170562884, "error_max": 0.2997629530770378, "target": "474.xyz", "model": "21.xyz", "model_rescale": 4.08911054899281, "target_rescale": 4.159582785798754},
{"mapping": [10, 11, 5, 0, 6, 8, 1, 9, 7, 12, 2, 15, 14, 4, 3, 16], "R": [[0.48049216445739296, 0.3808811386707515, -0.7899726818693932], [0.1167526171449092, -0.9205309984595591, -0.37281564782726273], [-0.8691927900557298, 0.0869036194868722, -0.4867768016609019]], "T": [-0.018908737946985506, 0.03766518542877982, 0.026032269509819017], "aligned_model": [[-0.7482042078990286, 0.4101088028979437, -0.2621184200056454, -0.15666890938108313, -0.47522779174473234, 0.027856451078475807, 0.5319157721417752, -0.21684719206623337, -0.67058700525042, -0.4576148887099418, 0.6057006912336478, 0.6418405399473499, 0.1342154456080036, 0.15399216607165184, 0.16371134992661465, -0.032827116271519165], [0.38108404180679417, 0.530192944859606, 0.6503970957303884, -0.6457937021773873, -0.12667164778441548, 0.20785923055453925, -0.16567373825838372, 0.6592639555721579, -0.2461670642793321, 0.14741538770618273, -0.3048610705553874, 0.3026866820378668, 0.22450933969413772, -0.6096163178974023, -0.32401278179222803, -0.0075197677685095166], [-0.010395958643385855, -0.3730333718273765, -0.22523991478290134, -0.31158509126693795, -0.5399451637346138, -0.6444966427372345, -0.5080501421695602, 0.3123589167147916, 0.049503059003550454, 0.6095228970411481, 0.14347440127421113, 0.18313419817833454, 0.6205613540587118, 0.21948541295570503, 0.7942235053530795, 0.0315321951260351]], "inverted": true, "swapped": false, "error_lsq": 0.043683377506819686, "error_max": 0.32834978461708114, "target": "474.xyz", "model": "22.xyz", "model_rescale": 4.204369325754507, "target_rescale": 4.159582785798754},
{"mapping": [6, 10, 2, 12, 1, 3, 14, 5, 0, 8, 13, 11, 9, 4, 7, 15], "R": [[0.315780623721283, 0.4854269023823774, 0.8152565977197901], [0.9092459965209507, 0.09078043317739115, -0.40623962234468064], [-0.2712089885914938, 0.8695513989383119, -0.41270576578429813]], "T": [0.006603073680853534, -0.06437273115723435, 0.01336588928163711], "aligned_model": [[-0.6273666510125341, 0.30385800145569497, -0.26282302183330153, 0.07344794283633957, -0.4911937521846623, 0.010740144568907851, 0.6461612459561635, -0.17494533151407174, -0.6349148883941255, -0.5001450424076115, 0.6281710277104887, 0.5570385871881873, 0.30269979539756675, -0.23626393384881195, 0.05025975325150612, 0.0045218104071227325], [0.3268845078462867, 0.49736617635342956, 0.7231046575056459, -0.49416858983592477, -0.028686753500070383, -0.05027448964409767, -0.07273888092319541, 0.6455796266998846, -0.2908851337199006, 0.11250559089886064, -0.25150074298653124, 0.38696612081591125, 0.20634477185061323, -0.7133076027033807, -0.2964697674186369, -0.027626903790267617], [0.07066873992409604, -0.4492278251685549, -0.23686245526337052, -0.319720204003006, -0.41842602256515543, -0.8382283328128236, -0.42325100673836813, 0.406138684804907, 0.11246732103923415, 0.5464630301137456, 0.186473460127614, 0.12529081085541824, 0.6676201303151564, 0.24695565310071024, 0.6765782301113907, -0.0018905592974371912]], "inverted": false, "swapped": false, "error_lsq": 0.03720746346923714, "error_max": 0.24429970861238792, "target": "474.xyz", "model": "23.xyz", "model_rescale": 4.410303926677745, "target_rescale": 4.159582785798754},
{"mapping": [9, 13, 14, 5, 15, 6, 12, 11, 8, 10, 0, 7, 1, 4, 3, 16], "R": [[-0.25152024415426516, 0.5097388688793729, -0.8227416680429872], [0.7756480852616983, 0.6145992580300313, 0.1436586226399122], [0.5788848025388477, -0.6020249476413025, -0.549962133066493]], "T": [-0.0286625949245431, 0.08544997094844763, 0.01695053037970652], "aligned_model": [[-0.6283850010122465, 0.32559061368010306, -0.29167978017834045, 0.020552993841859928, -0.5268103021707415, 0.07038261986795324, 0.6109576163139369, -0.17441894181780238, -0.7277811399046576, -0.4264823332102927, 0.626805127043826, 0.5173857199225179, 0.30780351362172303, -0.2360686140903574, 0.16865642682447335, 0.012737168844903918], [0.2654068476383165, 0.4817678378832078, 0.5652404908514533, -0.4259250447961611, -0.0013383969318467165, 0.10569511034764698, -0.14671661436235262, 0.6464946764627855, -0.31445626860799103, 0.046144288769236916, -0.2593549080437559, 0.43106535386604183, 0.26290922794819266, -0.5451216542914731, -0.4670505153388178, 0.028332156054143742], [0.03614797283404016, -0.4430749432309752, -0.38151277694859553, -0.3459205934680173, -0.48666721335136975, -0.7364937406299102, -0.41102201175829445, 0.27132311609881404, 0.18131271241429192, 0.530738877322589, 0.16479325751545815, 0.1728740424800554, 0.7861280908136862, 0.19928687247097837, 0.6989031687222882, 0.11423282325851818]], "inverted": false, "swapped": false, "error_lsq": 0.03286275100389225, "error_max": 0.2478024259894219, "target": "474.xyz", "model": "24.xyz", "model_rescale": 4.28219845311461, "target_rescale": 4.159582785798754},
{"mapping": [1, 14, 6, 11, 8, 10, 12, 0, 5, 3, 13, 2, 4, 9, 7, 15], "R": [[-0.7279111667987583, -0.591196869890191, -0.347320592942185], [0.2627716703786663, -0.7083905611086413, 0.6550830956287835], [-0.6333217053726139, 0.3855762881249637, 0.6709951889095027]], "T": [0.01365627831539419, 0.004439561048326601, 0.0633007170980614], "aligned_model": [[-0.5817339991249668, 0.4497568173152965, -0.13218659836366103, 0.024504542813575822, -0.5244830554640206, -0.1254697037881754, 0.5283602644921453, -0.13931191767191503, -0.7062567941971789, -0.4463511798214543, 0.5776552208799202, 0.45891623165952544, 0.031959502287110406, -0.050311540265344304, 0.2806825569829133, 0.0035153398430880084], [0.15536125258909078, 0.18580799593659975, 0.7590480355630636, -0.3212932279268818, 0.1929751299015072, 0.11525465042190758, -0.4532021621685941, 0.7774872250200888, -0.3735040574938691, -0.18225532211409334, -0.09248881754854185, 0.5245371099880705, 0.31949155764683607, -0.6547046124709073, -0.35330691574319933, 0.07388474584754948], [0.24388438025349668, -0.5342496453022989, -0.4073297541567664, -0.37288449195011836, -0.33268722924056027, -0.7100483605497502, -0.26845786985611864, 0.274374666888166, -0.19000634980469916, 0.6579295962481331, 0.22275773057091902, 0.058595621692832445, 0.7228883189048615, 0.198617976087953, 0.7006863386761227, 0.08697872608138411]], "inverted": true, "swapped": false, "error_lsq": 0.0483759406785987, "error_max": 0.3049234299630496, "target": "474.xyz", "model": "25.xyz", "model_rescale": 4.100010024507729, "target_rescale": 4.159582785798754},
{"mapping": [6, 10, 13, 12, 5, 4, 3, 0, 11, 2, 1, 15], "R": [[-0.5770949979933645, 0.07964670944479607, 0.8127839595892962], [-0.7672800099201516, 0.2879988704899237, -0.5730078856119349], [-0.27971905488895576, -0.9543128691740168, -0.10509137957456322]], "T": [0.10773492004791035, 0.03146052919185338, 0.021099822109350436], "aligned_model": [[-0.5217064142549228, -0.16361828456370625, 0.38923349207341185, 0.6064424092000764, -0.41459297989632654, 0.10751593177815433, -0.28481766673649583, 0.5810164096006477, 0.009292963251908037, -0.043011796196768204, -0.47721230906985096, 0.08822384717687887], [-0.22013350616724953, -0.6605547728106608, -0.21581935424066878, -0.3931689316500314, 0.4673664855807906, 0.7270282667011544, 0.1264781127797655, 0.5342679989408173, -0.3443141129602516, 0.5527314932466368, 0.07587870913654088, 0.016371001493795806], [0.10419763771620796, 0.08971993485152059, 0.6792161909259655, -0.2359246471565751, 0.03395762437450529, 0.21003357510033713, 0.4842678314583153, -0.1379793560259635, -0.6122688367113744, -0.5070880932487084, -0.514399349377833, -0.028540222052040792]], "inverted": false, "swapped": true, "error_lsq": 0.045249192383127544, "error_max": 0.26685317553114213, "target": "474.xyz", "model": "26.xyz", "model_rescale": 3.6694154284099745, "target_rescale": 4.159582785798754},
