[{"mapping": [9, 7, 2, 0, 4, 6, 13, 11, 5, 1, 10, 14], "R": [[0.1897358959445139, 0.9326697140065001, -0.3068020442649714], [0.9811717366745754, -0.16862787015714836, 0.09416296807801565], [0.036087573223064856, -0.3188915896998489, -0.9471039230610191]], "T": [0.026237081005464548, -0.05849395861088131, 0.06230245742551946], "aligned_model": [[-0.26723344585822634, 0.16222608565547203, 0.5024095895669533, -0.06382442366650826, -0.05314306111229377, -0.5119399779067978, 0.3363090865193688, -0.4306394467465426, 0.5117243108108112, 0.3648441701873783, -0.6951130021333393, -0.017977422855726906], [-0.2924723742328527, -0.700754457199305, -0.17527880979746224, 0.6535805291146742, 0.25533026304404827, -0.648287938030612, -0.286273937436569, -0.43100174132132546, 0.2971450141664055, 0.28286564952061405, 0.11121604340479929, -0.012513205255357783], [-0.4368896863561036, -0.08168709122137743, -0.6104234426644911, -0.00865728015398265, -0.583370010641439, 0.11168213578316624, 0.479108592586189, 0.6790125227672564, -0.16477838307766055, 0.5352228547074914, 0.20739565705521376, 0.05533587656929973]], "inverted": true, "swapped": true, "error_lsq": 0.047868982439248586, "error_max": 0.2511171721162704, "target": "475.xyz", "model": "0.xyz", "model_rescale": 3.751011558992144, "target_rescale": 4.152242660562185},
{"mapping": [7, 0, 13, 11, 12, 3, 10, 5, 2, 9, 6, 4, 1, 8, 14], "R": [[0.7402592131832364, 0.08584147250021795, -0.6668189701083271], [-0.4720279544708786, 0.7726216917540252, -0.42455309636038024], [0.4787545378326706, 0.6290365355288535, 0.6124599002991817]], "T": [0.040162910163227455, 0.03957243052490203, 0.014548714528275494], "aligned_model": [[-0.5875911036092568, -0.5247625501032176, 0.11176783112190321, -0.05166065598233102, -0.39284206455185544, -0.48282457165554993, 0.660266658740403, 0.536643081826759, 0.07710938728332964, 0.40230770256239023, -0.25849736230564035, 0.4408082740557967, -0.3058836261199961, 0.3993548661316474, 0.031832818551565584], [0.24732458424408446, -0.2396616942357578, -0.5627110574894924, 0.5320177287355092, -0.04757864445197804, -0.4991490954314093, 0.5311662079550219, -0.33251315858136066, -0.7413228729045193, -0.04057621277332807, 0.7268687824282882, 0.5233750230525142, 0.3454210807195147, -0.12172317168370586, 0.03930629450100661], [-0.03485740467593759, 0.43691354072877553, -0.3849879341790683, -0.6065769168034658, -0.5828510562111983, -0.12569785706950887, -0.2005341697777089, -0.057185520813128166, 0.2839472759542678, -0.5300768133805017, -0.031835674863618574, 0.4951653119994409, 0.5364624500596881, 0.5487613310168942, -0.03962093738795519]], "inverted": true, "swapped": false, "error_lsq": 0.04389283042500362, "error_max": 0.26285551858410616, "target": "475.xyz", "model": "1.xyz", "model_rescale": 3.9405287249114394, "target_rescale": 4.152242660562185},
{"mapping": [11, 12, 10, 5, 0, 6, 13, 1, 4, 9, 2, 7, 14], "R": [[0.86659354190293, 0.37278411294018654, -0.33173428865815596], [-0.16122545595776816, -0.4199653522438236, -0.8931043921434553], [-0.4722520359758593, 0.8274425104223974, -0.303836973494893]], "T": [-0.014760859274469323, -0.06447032362238515, 0.04803845840736533], "aligned_model": [[-0.4371771897237551, 0.27913249614418534, -0.2963803662681853, 0.5007464479434335, 0.45232871176998224, -0.7799405361836456, 0.09778639940853011, 0.5583891223633848, 0.027517884615333887, -0.4849555738982405, 0.036816354883356245, -0.44956812629344556, -0.008712345477002595], [0.6678015662081103, 0.6707449323013607, 0.15470244178883658, -0.41860558207091525, -0.24232809587807141, 0.16455260080354478, 0.33456744475109157, 0.2873999511757135, -0.735375862139304, -0.4670335512684569, -0.7702622144624225, -0.11474701364478371, -0.07258402399268643], [-0.06673016804702066, -0.24387775855938948, -0.6174337168110413, 0.19831511099958804, -0.4719522920108501, 0.0035592535304510564, 0.43515303529549704, 0.09825054196613407, -0.21611689603781575, -0.035168654359273924, 0.4863724564413878, 0.5580771260985196, -0.015327688917542132]], "inverted": true, "swapped": true, "error_lsq": 0.04261649177164914, "error_max": 0.2908692505567313, "target": "475.xyz", "model": "2.xyz", "model_rescale": 3.932901565614263, "target_rescale": 4.152242660562185},
{"mapping": [8, 1, 5, 13, 2, 9, 4, 7, 11, 6, 0, 12, 3, 14], "R": [[-0.9365804212365526, 0.3504367814357403, 0.0033431681562633153], [0.07514033371138665, 0.19148472445279613, 0.9786151084828898], [0.3423025632479303, 0.9168029573022745, -0.20567278059019073]], "T": [0.045812211236492414, -0.07715554047262385, 0.035589484372905544], "aligned_model": [[-0.44081808843603393, 0.3997469222340649, 0.2878515372923482, -0.16083369166227657, -0.23894415064669028, -0.21372560320850087, 0.268380988601788, -0.6236972290943287, -0.15901346321949683, -0.44378933512705954, 0.7448115325087573, 0.45912304271409876, 0.44443601034217584, 0.09628143975385713], [0.0036005094859615783, 0.37952951387704004, -0.29624643331892225, 0.39720984703525414, -0.6731880814756447, -0.5692207779905809, -0.7637200798361231, -0.11861357463288405, 0.5311246199351207, -0.007514924250443006, -0.2518597106264044, 0.6378457834144604, -0.5105403815075074, -0.09490967175883833], [-0.6107856197825856, -0.31226655849250795, -0.5186295902717905, -0.1968555018377527, -0.4709656660903626, 0.3194478476941678, 0.007803557893133833, -0.006397278585972721, 0.5976136867186495, 0.6643743028160142, 0.0028047799738084994, 0.2090170428906997, 0.4577151959064364, 0.07102016422515975]], "inverted": false, "swapped": true, "error_lsq": 0.05472421633857483, "error_max": 0.3355958590659927, "target": "475.xyz", "model": "3.xyz", "model_rescale": 3.9243930471874484, "target_rescale": 4.152242660562185},
{"mapping": [4, 5, 2, 9, 7, 0, 10, 8, 13, 1, 11, 12, 14], "R": [[-0.9166006911991023, 0.306356822918631, 0.2568825995363069], [-0.08251339042306545, 0.4837319537782834, -0.8713179312367761], [-0.391196514931075, -0.8198468722542321, -0.4181105030500117]], "T": [0.040516233527167926, -0.1021926487530101, -0.05976929070703182], "aligned_model": [[-0.011435706221230642, -0.18812776546149895, 0.4161150099992395, 0.4344159016693553, 0.6941224966605257, -0.5958733197771298, -0.19485655257040246, 0.4360521238883353, 0.10594661559111879, -0.44158869254387134, 0.1399913513867262, -0.5166028396898922, -0.0009527366199229004], [-0.6660418733362823, 0.0003523447146736025, -0.18833832199303135, -0.5846833027968735, 0.05428205582806836, -0.38704764027100036, -0.5537638899855768, 0.46260594867890187, 0.44986792713493123, 0.3682090257591654, 0.07976603199784163, 0.2417885431965398, -0.14916729524577055], [-0.5081606744030803, -0.6521788478775482, -0.7976334910332397, -0.10569821107005112, -0.06601966440782933, -0.24432932241267047, 0.4977991171710064, -0.490681424687327, 0.05294143335265878, -0.09341375455257392, 0.7677724024484419, 0.4726075800087866, -0.04593482716560999]], "inverted": true, "swapped": true, "error_lsq": 0.04906928096013605, "error_max": 0.2824725513828177, "target": "475.xyz", "model": "4.xyz", "model_rescale": 3.8936222436046832, "target_rescale": 4.152242660562185},
{"mapping": [6, 10, 9, 7, 4, 0, 1, 5, 8, 13, 2, 14], "R": [[-0.593606279348518, 0.6701355441789503, -0.44558942710301375], [0.25918839263790666, 0.6833940342701064, 0.68249100436988], [0.7618746368266817, 0.2896393384055617, -0.5793583445573223]], "T": [-0.11512257732337663, -0.13861180690886196, -0.0028460332967261658], "aligned_model": [[-0.02031247961094028, -0.6813720899004853, -0.2263765926159383, 0.419833179098815, -0.5187333333573845, -0.7119206706446279, -0.058662735333108035, -0.10468132738638786, 0.6224536664209416, 0.3320062626790039, 0.15434396866161657, -0.1790298057964077], [-0.5575563315065112, -0.5723591617155483, 0.10056922900281981, -0.08120975889226945, 0.4393491329356042, 0.023871018900842395, -0.3119593738311639, 0.3595072918620923, 0.16642662594849303, -0.39332535805940416, 0.6400135183491533, -0.14440392788430018], [-0.6776988826019118, -0.2506850647499934, -0.5689543459626067, -0.40565106194774636, -0.16013333318897385, 0.3681361794517515, 0.6464595591309281, 0.40398437501262086, 0.15228037509417175, 0.2358012565752219, -0.12146087001665673, -0.002793467521286931]], "inverted": true, "swapped": true, "error_lsq": 0.037913145700956795, "error_max": 0.18690858540514674, "target": "475.xyz", "model": "5.xyz", "model_rescale": 3.6523030999806103, "target_rescale": 4.152242660562185},
{"mapping": [8, 7, 6, 13, 11, 5, 9, 1, 4, 0, 10, 12, 14], "R": [[-0.22573071387278087, -0.24553484625148403, -0.9427397753838253], [-0.5084156418931733, -0.7957856527602667, 0.3289965500415911], [-0.8309989048686152, 0.5535682741425638, 0.05479950702320202]], "T": [0.001348241778587167, -0.06462126468590783, 0.03954676952491645], "aligned_model": [[0.07037569672135852, 0.03771946142973645, 0.19810136706745926, 0.4693772824237972, 0.6874528908333194, -0.3045005071549349, -0.42158901103294355, 0.3709014238757317, -0.7062031246099395, -0.25999470130903024, 0.08289734365637971, 0.6750367945447936, -0.01849201178143312], [-0.6064924052028514, 0.0328749638421027, 0.6340899593669955, -0.3117121461309867, 0.4419823659174286, -0.6221579105486087, 0.3272221738192453, -0.5327042569447316, -0.04556734701425692, -0.21219313212100743, 0.5454845532964534, -0.07211105602290567, -0.03788885809369416], [0.6418276350480533, 0.7035468955461314, 0.3757322400697847, 0.2436316417821179, 0.06058688571739844, -0.057159324811236395, 0.27964351130332293, -0.2753557598920061, -0.1042857623401901, -0.6162876951769352, -0.39785476071280845, -0.4686042823562534, -0.015311484695590107]], "inverted": true, "swapped": true, "error_lsq": 0.04752593864365489, "error_max": 0.25473643348994995, "target": "475.xyz", "model": "6.xyz", "model_rescale": 4.08911054899281, "target_rescale": 4.152242660562185},
{"mapping": [11, 8, 0, 13, 1, 9, 7, 6, 3, 2, 12, 5, 10, 4, 14], "R": [[-0.31402361134331164, -0.40201988524671617, 0.8600983568087559], [-0.43315074499881556, -0.7454832749745428, -0.5065916687433789], [0.8448488643691698, -0.5316339893192001, 0.0599641374045915]], "T": [-0.009014968514806303, 0.07581841058321441, 0.0051550517503977655], "aligned_model": [[-0.5483092854355379, -0.3285743605765377, 0.22240563294281787, -0.059639166171482724, -0.29611095321217806, -0.5730572738641627, 0.6613287862682442, 0.4018070955170064, 0.16400597565864253, 0.3949646757650951, -0.14341063552596348, 0.38593306548460415, -0.37307771069280515, 0.2965317112147333, -0.14876887142652825], [0.29750042205077193, -0.23279274144496553, -0.7275648658587603, 0.5783391649412822, -0.1599425483284057, -0.46391727532389065, 0.41496119259134506, -0.19309950580057367, -0.6719105779834921, -0.016525131784999994, 0.7747216347408222, 0.49006749778410075, 0.41408323628645605, -0.14108555427776154, -0.002591153507541355], [-0.0622970682003936, 0.5226392786346188, -0.42574632844957083, -0.5247549447609339, -0.6272520360333452, -0.06625205603559657, -0.18168816694537884, -0.08457427682124913, 0.1985886289807014, -0.6865187590026396, 0.043547837035185874, 0.5080615776342454, 0.5269884791501521, 0.6021838502485083, -0.03590039083732956]], "inverted": true, "swapped": false, "error_lsq": 0.043412321280440265, "error_max": 0.24303662041568672, "target": "475.xyz", "model": "7.xyz", "model_rescale": 3.964800864290218, "target_rescale": 4.152242660562185},
{"mapping": [13, 11, 7, 1, 2, 12, 5, 6, 10, 3, 0, 4, 9, 14], "R": [[0.8342773231928367, 0.2980555798011075, -0.46383641443468077], [-0.07580096119337493, -0.771286528514558, -0.6319583097120589], [-0.5461094782993203, 0.5623877330466835, -0.6208739609858482]], "T": [-0.010608669393578494, 0.023814332154528932, -0.00853884876718776], "aligned_model": [[-0.1809910250064362, 0.29279272280703517, 0.4300170124133899, -0.6309251244615871, 0.050353110932740475, -0.4164875682260383, -0.4642020679789802, 0.7096710422069783, 0.22945956407192, 0.13992395898011536, -0.44792823111544894, 0.04962680935750485, 0.5156156130410481, -0.015737927561368763], [-0.1605101944547563, -0.7433709807767034, 0.21597793134362098, -0.19016539147408246, 0.846698719095425, -0.7158800533981303, 0.47840974581493223, -0.3105401231731903, -0.4870917541210214, 0.023449161579032533, 0.037645374709591985, 0.5256555481089913, 0.2846856275193176, 0.005984855408174398], [-0.5172136402114822, -0.22580321611197046, -0.47826931108693727, -0.1642790764572658, -0.11846629345994482, -0.02417182976443534, 0.028049073071254232, -0.10515185406690021, 0.4930004598564324, 0.7001594399532856, 0.5648342742931589, 0.5074135387150391, 0.20382361815852074, 0.05288985583626624]], "inverted": false, "swapped": true, "error_lsq": 0.04685329889282571, "error_max": 0.3369901818308217, "target": "475.xyz", "model": "8.xyz", "model_rescale": 4.121658175737393, "target_rescale": 4.152242660562185},
{"mapping": [0, 1, 5, 4, 12, 10, 13, 6, 7, 11, 3, 9, 14], "R": [[0.6416547635136098, -0.7258710821843652, -0.2477707337616622], [-0.28502839137444713, 0.07424141691987168, -0.9556395911243033], [0.712065994533364, 0.6838123895208604, -0.15925650808360303]], "T": [0.07054652911980588, -0.03314532882534646, -0.1260096367562384], "aligned_model": [[-0.4567433754431709, -0.24730789213394808, 0.15518465474993584, 0.11976232711347234, -0.5900726485295816, -0.46980235943237547, 0.18117405186709015, 0.21822155621571174, 0.6741504881418761, -0.17873240251917263, -0.2930032184067395, 0.3446439141601144, 0.019262400651984257], [0.3285719090592759, -0.41907482479519, 0.150882500581813, 0.673729176777802, -0.5582282400912449, 0.12774905192966365, -0.5788994049583545, -0.1356116287034107, -0.19509537031769678, -0.5718594449118586, 0.5613044754918222, 0.4027897044185005, 0.004129534930587986], [-0.4596597999718899, -0.5786262914466938, -0.7365117113467283, -0.2659597122681405, -0.12570459772191592, 0.3763204745144164, -0.23403630596262456, 0.6534918586210582, 0.12129380492178712, 0.4867518420056446, 0.07242040434297276, 0.22739511113584085, -0.11609964286463863]], "inverted": false, "swapped": true, "error_lsq": 0.0368849460809121, "error_max": 0.20178949162832102, "target": "475.xyz", "model": "9.xyz", "model_rescale": 3.833441315466971, "target_rescale": 4.152242660562185},
{"mapping": [6, 11, 0, 4, 1, 12, 2, 13, 10, 5, 3, 9, 7, 8, 14], "R": [[0.43869278885752283, 0.2358010793061943, -0.867148480943398], [0.7295165597665734, -0.6569183997961683, 0.19043057799519805], [-0.5247420566628449, -0.7161396979691013, -0.46020615702310197]], "T": [-0.07527274353195527, -0.014984583675040433, -0.02849156855054921], "aligned_model": [[-0.6338508692417492, -0.3629598755654203, 0.15676166743863068, -0.25706330661275345, -0.3057258315114081, -0.5633307158109794, 0.555319875948201, 0.6521685352232822, 0.12144498004243871, 0.27455674524047974, 0.059362946790090756, 0.37568740293215513, -0.3062416013114082, 0.32693477082787364, -0.03703603844348592], [0.16296198960912653, -0.18451941289968377, -0.5477744622954382, 0.6029104650160126, -0.3506058548162772, -0.3675777094689434, 0.32932476007823497, -0.20579659194101077, -0.7154561273786268, 0.11499279651237565, 0.836641192773708, 0.41973111809006874, 0.36172184669418656, -0.15689046351218316, 0.060580247622838326], [-0.3713546061907587, 0.5663454988769112, -0.3836224445228609, -0.49867289534701614, -0.6448183240237316, -0.05079763607812865, -0.04980539009851148, -0.29326789845771223, 0.3541255994033898, -0.5925486675146906, 0.07604845979842655, 0.4868406849254498, 0.47016625885853275, 0.6239279276609561, 0.014459057306719366]], "inverted": true, "swapped": false, "error_lsq": 0.04841049380896894, "error_max": 0.27483245497413483, "target": "475.xyz", "model": "10.xyz", "model_rescale": 4.2482417240324, "target_rescale": 4.152242660562185},
{"mapping": [6, 7, 8, 2, 12, 1, 13, 5, 9, 0, 3, 14], "R": [[0.35563621056925343, 0.8991326558875783, 0.2551143916922208], [0.8611734519904628, -0.20917450874447835, -0.4632777897529048], [-0.3631847619583895, 0.38445609893465904, -0.8486992027056302]], "T": [-0.07754030496853115, 0.06592193923976009, -0.0614831711626035], "aligned_model": [[-0.6790468667786231, -0.03290048119899985, 0.4554916572118789, 0.6375842757963099, -0.5461447722150781, 0.03452085976634975, -0.08614842293647174, 0.520127837211709, -0.11492583050937769, 0.04210045275091323, -0.2535208889348174, -0.10037221780078588], [-0.46044554918322245, -0.5336380008228018, -0.20020512247100908, -0.34014670600871927, 0.7023605748949452, 0.64264896626177, 0.13324246200365344, 0.2952281782475555, -0.43008046726756766, 0.6136291611980742, 0.14776905103433463, 0.09576884216362672], [-0.02897223816149294, 0.23894937028104568, 0.49185639705532447, -0.19049551692960093, 0.23429642744484502, 0.2696709874008832, 0.5016771694018455, -0.12436463075686283, -0.4391703178156072, -0.5152444775316765, -0.7595127939922802, -0.11349808654206611]], "inverted": true, "swapped": true, "error_lsq": 0.047091769814967016, "error_max": 0.29007471363399046, "target": "475.xyz", "model": "11.xyz", "model_rescale": 3.6694154284099745, "target_rescale": 4.152242660562185},
{"mapping": [12, 10, 3, 6, 11, 1, 13, 5, 9, 2, 4, 7, 0, 14], "R": [[-0.9896402752194663, -0.04931344119909979, -0.13483438055867725], [-0.10448660336722322, -0.39669788207507634, 0.9119831906750966], [-0.09846154264645589, 0.9166236822569291, 0.3874356072245146]], "T": [0.056723893821552435, -0.010589551861392155, 0.03412869002763964], "aligned_model": [[-0.10298927619167833, 0.04560425402108679, -0.24881233470043154, 0.7408637635482074, 0.5743930319947909, -0.2904405685820469, 0.26413700903613135, -0.4080276359965912, 0.28763611517185184, 0.006558682985884863, -0.30365204660381784, 0.6415035411226898, -0.6281408046661027, 0.019631119115835025], [-0.4712302604324043, 0.3734470306137835, 0.602866198754374, 0.2835518560073288, -0.18036668852663007, -0.5706100324505756, -0.5385206936784193, -0.14953723816982478, 0.5440705139635476, 0.1631880824990145, 0.536783667665365, -0.027225268618232462, 0.1380803013377559, 0.026489819171171394], [-0.6546613328109299, -0.6159418605580635, -0.20088859675564835, -0.2580413090505026, -0.6223954159525761, -0.10970712761857387, 0.029206210817556096, 0.456552876583065, 0.2047024363605878, 0.8466703083132766, 0.3377592635657438, 0.3650071640670231, -0.13632380941399802, -0.002843347894544615]], "inverted": true, "swapped": true, "error_lsq": 0.04788733345084593, "error_max": 0.3033786656665702, "target": "475.xyz", "model": "12.xyz", "model_rescale": 3.9764082729961374, "target_rescale": 4.152242660562185},
{"mapping": [1, 8, 0, 12, 9, 2, 6, 4, 7, 5, 13, 14, 11, 3, 15], "R": [[-0.5386107136468415, -0.8370879080326943, 0.0958244925386415], [-0.5474763671202088, 0.2612591450288789, -0.7949926330373371], [0.6404436950971562, -0.48065319448041466, -0.5990028214007628]], "T": [-0.02329973994477485, 0.08396619541254802, -0.06509481780260308], "aligned_model": [[-0.6360842296279166, -0.4569973134945662, 0.02564471895407132, -0.35816453176401203, -0.16516298478270264, -0.5026858340404361, 0.6493530398501587, 0.5759100426815086, 0.1404285710279638, 0.4149031396085602, 0.05611364933733721, 0.3705719362545059, -0.23828572101386591, 0.12414796967356914, 0.056336233281772265], [0.009107379364505827, -0.10287020477045844, -0.5500364647391464, 0.5028161989120629, -0.07274249589797621, -0.5514477160896228, 0.44556835850389676, -0.2984502570569452, -0.6197164712787452, 0.0467301615962219, 0.689042851372163, 0.49521775911343235, 0.4608511644612332, -0.136959570780633, 0.043133101374399296], [-0.21413811729859772, 0.46088180802047274, -0.415456060473558, -0.41099043893213333, -0.6279592174135744, -0.013155932915295945, -0.0860928934534368, -0.1679005329396423, 0.15639433251233897, -0.7788283955271721, -0.019748371388837352, 0.4957485592792842, 0.5999491257066532, 0.7335881143262062, -0.005266354905731935]], "inverted": true, "swapped": false, "error_lsq": 0.038323923259328575, "error_max": 0.2644359169163698, "target": "475.xyz", "model": "13.xyz", "model_rescale": 4.170626492500431, "target_rescale": 4.152242660562185},
{"mapping": [5, 8, 1, 13, 0, 10, 12, 2, 4, 7, 9, 6, 3, 14], "R": [[-0.3646255122428687, -0.37035866623116087, -0.8543317237286121], [-0.43726465201466147, 0.878146083952509, -0.19405947371197935], [0.8220996654421671, 0.3028100288734654, -0.4821392189954354]], "T": [-0.07333100770059924, 0.015582728545008067, 0.0713952403425212], "aligned_model": [[0.3419072539752722, -0.06385095267731804, -0.32571848345410503, -0.4926330129410881, 0.24536323665990917, -0.25219124929032183, -0.7051484838881402, 0.570329976079709, 0.6226852920930424, -0.1623064086523045, 0.2503030825537356, -0.4221545320859525, 0.2930252591996903, -0.056427955480485265], [-0.1843629142501395, -0.786995813773448, 0.002405475331962014, -0.3200351324823172, 0.5032445918132153, 0.7067799397069924, 0.39330823272337156, -0.5081467607614558, 0.1932558099163382, -0.4911309018602459, 0.05383984136700537, 0.0981298468209539, 0.6184269059794281, 0.07735534739400553], [-0.3773157616993499, -0.058640044880552744, -0.5538741153385388, -0.11109366733563869, -0.35382978335200377, 0.31727100789122786, -0.34123046766371035, 0.13732744808717762, 0.14671702774311557, 0.5038871158029725, 0.6041813273152266, 0.7865441476573807, 0.23654805874496546, 0.06738080814859429]], "inverted": false, "swapped": true, "error_lsq": 0.04245540905794766, "error_max": 0.2925733415300643, "target": "475.xyz", "model": "14.xyz", "model_rescale": 3.9786697098870705, "target_rescale": 4.152242660562185},
{"mapping": [8, 1, 7, 2, 13, 6, 0, 10, 9, 4, 12, 14], "R": [[-0.7786903820400429, 0.11046653991151106, 0.6176070210727134], [-0.520934175762662, -0.6624528581403534, -0.5383157022270048], [0.3496696633121158, -0.7409138642930472, 0.5733914651069862]], "T": [0.009472892589088774, 0.004452779435721633, -0.015775557298095714], "aligned_model": [[0.14949309478888378, -0.6237223916239043, 0.5362861984167716, 0.41866940263484176, -0.16832030375751883, 0.5308090392487483, -0.4393326330340174, -0.038601097147302706, 0.5713304966166888, 0.21926520072220723, -0.6635534256642882, -0.008968984433773648], [-0.25228405129854536, -0.00382038370049299, 0.11741369206184842, -0.67805671595939, 0.22868292093658393, 0.6014248658049752, -0.31621969265949457, 0.4278114820807315, -0.07895187528701182, -0.546471805688953, 0.5118963524558288, 0.003249701478358954], [-0.77446647338762, -0.24778877221359055, -0.417561720043739, -0.26006657410021744, -0.5055368712462065, 0.09268082940143346, 0.4489170301844835, 0.6076470635722602, 0.24388449333514972, 0.40153616555787647, 0.02504661522282769, 0.04567470759117209]], "inverted": true, "swapped": true, "error_lsq": 0.05356298595294804, "error_max": 0.3061668725006552, "target": "475.xyz", "model": "15.xyz", "model_rescale": 3.769337070930944, "target_rescale": 4.152242660562185},
{"mapping": [5, 4, 13, 7, 1, 0, 12, 3, 11, 6, 14], "R": [[-0.6548520517373106, 0.6175920877664351, 0.4356016568652269], [0.4520795012030166, -0.14177970340981172, 0.8806376327940215], [0.6056343079181253, 0.7736139404310927, -0.186355993311757]], "T": [-0.11543154387972138, 0.037787272842308664, -0.05294653931131657], "aligned_model": [[-0.1626906345520571, -0.27752904767224207, -0.11090783724311018, -0.7030669166680912, 0.31715490335155, 0.3707652703438985, 0.6260669508949979, 0.10780406360439307, 0.15751122488369645, -0.3291511159263395, -0.07333073032552523], [-0.179658165283884, -0.6588765859345321, 0.5833328044454954, 0.32311030126799245, 0.322464092487046, -0.4374733183215636, 0.4374211557972189, -0.5920781426901102, 0.5745762627914437, 0.2301485195888361, -0.006902426522600487], [-0.6564585086812011, -0.15326429555631849, -0.20823765525450919, 0.10516729831890984, -0.48499158222010774, -0.2936464840061875, -0.0019308900295184478, 0.22696218126977066, 0.5513624377306756, 0.6935458804815782, -0.034290774829315196]], "inverted": false, "swapped": true, "error_lsq": 0.04543901600599515, "error_max": 0.22842223276975893, "target": "475.xyz", "model": "16.xyz", "model_rescale": 3.7852294659196426, "target_rescale": 4.152242660562185},
{"mapping": [13, 6, 10, 11, 7, 9, 4, 3, 12, 1, 5, 0, 14], "R": [[0.7203080909977192, -0.3938382858619204, -0.5710058306467335], [0.6510093245493873, 0.6680095741558191, 0.3604858779285427], [0.23946422153000746, -0.631391014685437, 0.7375650975890344]], "T": [-0.077255520773438, 0.14678211214604175, -0.08500260918213763], "aligned_model": [[0.03027444137404689, -0.4375067330300948, 0.18530410144892523, 0.10710999644458433, -0.646531088304664, -0.5749339583464617, -0.2941461038503063, -0.0051935949086444055, 0.673660123506902, 0.4769780965477384, -0.005568745638943662, 0.39086785104035016, -0.04654853606714902], [-0.0048966507519168645, -0.5520068130540436, -0.29395406546488967, -0.679834260406831, -0.04998314163736789, 0.09415284467378005, 0.6148754230139842, 0.20426577677820942, -0.20913671095530106, 0.30220405425859465, 0.7752737646922278, 0.5259812288695827, 0.14811417368684537], [-0.6209005302371882, 0.06279096178506678, 0.46908540759016126, -0.18768777448294216, -0.38321949446504444, 0.2886415778569762, 0.42049408949442113, 0.6336184155110471, -0.23189488660894275, -0.43643391458096104, -0.20162973439906534, 0.31156387161083193, -0.02867329193118652]], "inverted": true, "swapped": true, "error_lsq": 0.03978924555383277, "error_max": 0.23132104094839273, "target": "475.xyz", "model": "17.xyz", "model_rescale": 3.901054581598922, "target_rescale": 4.152242660562185},
{"mapping": [7, 0, 13, 11, 12, 3, 10, 5, 2, 9, 6, 4, 1, 8, 14], "R": [[0.7402592131832364, 0.08584147250021795, -0.6668189701083271], [-0.4720279544708786, 0.7726216917540252, -0.42455309636038024], [0.4787545378326706, 0.6290365355288535, 0.6124599002991817]], "T": [0.040162910163227455, 0.03957243052490203, 0.014548714528275494], "aligned_model": [[-0.5875911036092568, -0.5247625501032176, 0.11176783112190321, -0.05166065598233102, -0.39284206455185544, -0.48282457165554993, 0.660266658740403, 0.536643081826759, 0.07710938728332964, 0.40230770256239023, -0.25849736230564035, 0.4408082740557967, -0.3058836261199961, 0.3993548661316474, 0.031832818551565584], [0.24732458424408446, -0.2396616942357578, -0.5627110574894924, 0.5320177287355092, -0.04757864445197804, -0.4991490954314093, 0.5311662079550219, -0.33251315858136066, -0.7413228729045193, -0.04057621277332807, 0.7268687824282882, 0.5233750230525142, 0.3454210807195147, -0.12172317168370586, 0.03930629450100661], [-0.03485740467593759, 0.43691354072877553, -0.3849879341790683, -0.6065769168034658, -0.5828510562111983, -0.12569785706950887, -0.2005341697777089, -0.057185520813128166, 0.2839472759542678, -0.5300768133805017, -0.031835674863618574, 0.4951653119994409, 0.5364624500596881, 0.5487613310168942, -0.03962093738795519]], "inverted": true, "swapped": false, "error_lsq": 0.04389283042500362, "error_max": 0.26285551858410616, "target": "475.xyz", "model": "18.xyz", "model_rescale": 3.9405287249114394, "target_rescale": 4.152242660562185},
{"mapping": [5, 9, 0, 2, 6, 8, 3, 12, 4, 1, 10, 14, 11, 13, 15], "R": [[-0.37176703880783224, -0.6409177342111814, 0.6715755555629321], [0.9274096955010436, -0.22427964986197893, 0.29934911950505166], [-0.04123742895377147, 0.7341138172186881, 0.6777731020200559]], "T": [0.06828653517090506, -0.07217773604413591, 0.055064712105506675], "aligned_model": [[-0.7164530215291572, -0.5575910416575159, 0.07079008265325067, -0.30704016991474126, -0.31095341473036836, -0.5014543164004402, 0.6841165797102945, 0.6081550162342119, 0.30217264327475124, 0.3019612688471838, 0.06721706810841584, 0.4703082033951899, -0.25028982097421404, 0.1404419710377457, 0.054647637891341666], [0.1240711057118066, -0.12857317344434643, -0.5621127662437184, 0.5073899899805204, -0.10182607098383073, -0.4689542316335623, 0.42496316066727047, -0.1550831309704315, -0.7643818319774623, -0.01406624971255567, 0.7127100784326587, 0.44461717028377457, 0.4161328523781115, -0.03604099801356608, -0.038602110390280914], [-0.1371145350012195, 0.4956400863836859, -0.42725432793882845, -0.4727197120803608, -0.588038306256562, -0.2453282474233225, -0.25963018765227047, 0.09758271836056961, 0.08362704088381949, -0.5593769840521461, 0.012006473955656266, 0.4686352201786462, 0.4784735882994674, 0.7220111676859701, 0.03851162925386989]], "inverted": false, "swapped": false, "error_lsq": 0.03942705735270314, "error_max": 0.2638874190756843, "target": "475.xyz", "model": "19.xyz", "model_rescale": 4.410303926677745, "target_rescale": 4.152242660562185},
{"mapping": [13, 11, 7, 1, 2, 12, 5, 6, 10, 3, 0, 4, 9, 14], "R": [[0.8342773231928367, 0.2980555798011075, -0.46383641443468077], [-0.07580096119337493, -0.771286528514558, -0.6319583097120589], [-0.5461094782993203, 0.5623877330466835, -0.6208739609858482]], "T": [-0.010608669393578494, 0.023814332154528932, -0.00853884876718776], "aligned_model": [[-0.1809910250064362, 0.29279272280703517, 0.4300170124133899, -0.6309251244615871, 0.050353110932740475, -0.4164875682260383, -0.4642020679789802, 0.7096710422069783, 0.22945956407192, 0.13992395898011536, -0.44792823111544894, 0.04962680935750485, 0.5156156130410481, -0.015737927561368763], [-0.1605101944547563, -0.7433709807767034, 0.21597793134362098, -0.19016539147408246, 0.846698719095425, -0.7158800533981303, 0.47840974581493223, -0.3105401231731903, -0.4870917541210214, 0.023449161579032533, 0.037645374709591985, 0.5256555481089913, 0.2846856275193176, 0.005984855408174398], [-0.5172136402114822, -0.22580321611197046, -0.47826931108693727, -0.1642790764572658, -0.11846629345994482, -0.02417182976443534, 0.028049073071254232, -0.10515185406690021, 0.4930004598564324, 0.7001594399532856, 0.5648342742931589, 0.5074135387150391, 0.20382361815852074, 0.05288985583626624]], "inverted": false, "swapped": true, "error_lsq": 0.04685329889282571, "error_max": 0.3369901818308217, "target": "475.xyz", "model": "20.xyz", "model_rescale": 4.121658175737393, "target_rescale": 4.152242660562185},
{"mapping": [8, 7, 6, 13, 11, 5, 9, 1, 4, 0, 10, 12, 14], "R": [[-0.22573071387278087, -0.24553484625148403, -0.9427397753838253], [-0.5084156418931733, -0.7957856527602667, 0.3289965500415911], [-0.8309989048686152, 0.5535682741425638, 0.05479950702320202]], "T": [0.001348241778587167, -0.06462126468590783, 0.03954676952491645], "aligned_model": [[0.07037569672135852, 0.03771946142973645, 0.19810136706745926, 0.4693772824237972, 0.6874528908333194, -0.3045005071549349, -0.42158901103294355, 0.3709014238757317, -0.7062031246099395, -0.25999470130903024, 0.08289734365637971, 0.6750367945447936, -0.01849201178143312], [-0.6064924052028514, 0.0328749638421027, 0.6340899593669955, -0.3117121461309867, 0.4419823659174286, -0.6221579105486087, 0.3272221738192453, -0.5327042569447316, -0.04556734701425692, -0.21219313212100743, 0.5454845532964534, -0.07211105602290567, -0.03788885809369416], [0.6418276350480533, 0.7035468955461314, 0.3757322400697847, 0.2436316417821179, 0.06058688571739844, -0.057159324811236395, 0.27964351130332293, -0.2753557598920061, -0.1042857623401901, -0.6162876951769352, -0.39785476071280845, -0.4686042823562534, -0.015311484695590107]], "inverted": true, "swapped": true, "error_lsq": 0.04752593864365489, "error_max": 0.25473643348994995, "target": "475.xyz", "model": "21.xyz", "model_rescale": 4.08911054899281, "target_rescale": 4.152242660562185},
{"mapping": [9, 5, 7, 14, 12, 10, 2, 0, 6, 13, 15, 1, 11, 8, 16], "R": [[-0.26595685045276846, -0.9383735855518787, -0.22073053172534934], [-0.13913669519652044, -0.18921252206090416, 0.9720286011970755], [-0.9538909443678742, 0.28922938203762005, -0.08023983311985466]], "T": [0.04837037828857863, 0.0710558221472809, -0.057420935777721935], "aligned_model": [[-0.6555486844944086, -0.5233081917924561, 0.09949565186095743, -0.2278380606553604, -0.3384135705577081, -0.48319341588006387, 0.5257521258310676, 0.7177346980109494, 0.20240257188179697, 0.22800540731897095, -0.029141877295290657, 0.5429403253106526, -0.1663765957124105, 0.07954183153547852, 0.08397647058377264], [0.12421469803831833, -0.11684530527670245, -0.5692627773310145, 0.4672935041524507, -0.08920867751210718, -0.5334834133174701, 0.6107157057874583, -0.3180706668262966, -0.5849904174346575, -0.11046047852823604, 0.7823253332480856, 0.3320694108646692, 0.41366560866801405, -0.09894270756513279, 0.05122397711700871], [-0.15344019700816985, 0.3108260367435299, -0.3626658957258556, -0.47994570849807505, -0.6654365384540712, -0.11316727850680564, -0.10354800457688543, -0.032694811112119686, 0.26107795498742387, -0.6669396434172528, 0.08255960110829237, 0.505847077936436, 0.5924985219984582, 0.6140631358562725, -0.08200862673420223]], "inverted": false, "swapped": false, "error_lsq": 0.04340659624356409, "error_max": 0.25579155365336875, "target": "475.xyz", "model": "22.xyz", "model_rescale": 4.204369325754507, "target_rescale": 4.152242660562185},
{"mapping": [5, 9, 0, 2, 6, 8, 3, 12, 4, 1, 10, 14, 11, 13, 15], "R": [[-0.37176703880783224, -0.6409177342111814, 0.6715755555629321], [0.9274096955010436, -0.22427964986197893, 0.29934911950505166], [-0.04123742895377147, 0.7341138172186881, 0.6777731020200559]], "T": [0.06828653517090506, -0.07217773604413591, 0.055064712105506675], "aligned_model": [[-0.7164530215291572, -0.5575910416575159, 0.07079008265325067, -0.30704016991474126, -0.31095341473036836, -0.5014543164004402, 0.6841165797102945, 0.6081550162342119, 0.30217264327475124, 0.3019612688471838, 0.06721706810841584, 0.4703082033951899, -0.25028982097421404, 0.1404419710377457, 0.054647637891341666], [0.1240711057118066, -0.12857317344434643, -0.5621127662437184, 0.5073899899805204, -0.10182607098383073, -0.4689542316335623, 0.42496316066727047, -0.1550831309704315, -0.7643818319774623, -0.01406624971255567, 0.7127100784326587, 0.44461717028377457, 0.4161328523781115, -0.03604099801356608, -0.038602110390280914], [-0.1371145350012195, 0.4956400863836859, -0.42725432793882845, -0.4727197120803608, -0.588038306256562, -0.2453282474233225, -0.25963018765227047, 0.09758271836056961, 0.08362704088381949, -0.5593769840521461, 0.012006473955656266, 0.4686352201786462, 0.4784735882994674, 0.7220111676859701, 0.03851162925386989]], "inverted": false, "swapped": false, "error_lsq": 0.03942705735270314, "error_max": 0.2638874190756843, "target": "475.xyz", "model": "23.xyz", "model_rescale": 4.410303926677745, "target_rescale": 4.152242660562185},
{"mapping": [11, 7, 6, 9, 14, 13, 4, 5, 12, 15, 10, 3, 1, 0, 16], "R": [[0.8305737401167739, 0.5561985305498324, -0.028115064336414905], [-0.5568959221462714, 0.8291541347391753, -0.0486862685136524], [-0.0037675091622516935, 0.05609470081154333, 0.9984183443905544]], "T": [-0.01117706142350104, 0.05953707764535071, -0.062269469639037456], "aligned_model": [[-0.5889568224749768, -0.42912401551460533, 0.08088422331664111, -0.13238192927667985, -0.39231833299250435, -0.36074068094929773, 0.5989039857225127, 0.5447756365572547, 0.22338565101222282, 0.2040372767720293, -0.01663157935458867, 0.40202743858265944, -0.34249779838748884, 0.2395012071824831, 0.02516442575028595], [0.30992804430180154, -0.17010236190331507, -0.6004138297511503, 0.4235811294196658, -0.132506436859743, -0.5476148689767253, 0.37402197991573377, -0.22240208976130954, -0.6497520227781826, -0.034321078797446836, 0.71045715046074, 0.521628956467368, 0.45550792878102186, -0.19370362370594374, 0.11593491727187295], [-0.12704908176284008, 0.40089029550906, -0.428176027981911, -0.5574475103524936, -0.5876270713332841, -0.12022128968107446, -0.00949887983409782, -0.14610822510385885, 0.23448824422678327, -0.7362039070578181, -0.06983606172283136, 0.5896385923877011, 0.6231274984596472, 0.6036249393433312, 0.03742410950066147]], "inverted": true, "swapped": false, "error_lsq": 0.03427042818575003, "error_max": 0.2449463291520219, "target": "475.xyz", "model": "24.xyz", "model_rescale": 4.28219845311461, "target_rescale": 4.152242660562185},
{"mapping": [5, 1, 6, 11, 10, 8, 13, 2, 0, 14, 9, 7, 3, 4, 15], "R": [[0.7672567883019298, 0.6402871582671714, -0.03673385036662921], [0.5249627482933017, -0.5940971583857934, 0.6094773821088602], [0.36841706489921366, -0.4869095617833726, -0.7919519839832292]], "T": [0.056827803168271025, 0.11258662860832858, -0.025320936114637448], "aligned_model": [[-0.7796835039131746, -0.4041989237400282, 0.006219052289442854, -0.13807270771183155, -0.2450985648393001, -0.492936779420634, 0.593408840641812, 0.6106877631190734, 0.1844809764950942, 0.35239787315842497, -0.14855363687761422, 0.37295784398522036, -0.2630793552329645, 0.33463283870532434, 0.07286696928710273], [0.2613895481215134, -0.14888166747643922, -0.717560293483561, 0.3607338848522619, -0.1453303885875361, -0.25900526643156263, 0.3665959717384294, -0.2784021124827055, -0.6329375767983468, -0.04656091322543121, 0.7492137512865645, 0.6173583563507711, 0.27059205192406793, -0.08416864018184048, 0.04720708847820247], [-0.08352063700205903, 0.33379754860234273, -0.37244047897684623, -0.4690706418338382, -0.712361036378387, -0.22934158261967486, -0.04714983355444919, -0.12096074734021073, 0.28037907783391275, -0.7090277581874586, 0.07162262805533912, 0.47549170940782587, 0.662239272933476, 0.6217959771701853, 0.0055721264868169584]], "inverted": false, "swapped": false, "error_lsq": 0.04226275023636301, "error_max": 0.25094511087446153, "target": "475.xyz", "model": "25.xyz", "model_rescale": 4.100010024507729, "target_rescale": 4.152242660562185},
{"mapping": [6, 7, 8, 2, 12, 1, 13, 5, 9, 0, 3, 14], "R": [[0.35563621056925343, 0.8991326558875783, 0.2551143916922208], [0.8611734519904628, -0.20917450874447835, -0.4632777897529048], [-0.3631847619583895, 0.38445609893465904, -0.8486992027056302]], "T": [-0.07754030496853115, 0.06592193923976009, -0.0614831711626035], "aligned_model": [[-0.6790468667786231, -0.03290048119899985, 0.4554916572118789, 0.6375842757963099, -0.5461447722150781, 0.03452085976634975, -0.08614842293647174, 0.520127837211709, -0.11492583050937769, 0.04210045275091323, -0.2535208889348174, -0.10037221780078588], [-0.46044554918322245, -0.5336380008228018, -0.20020512247100908, -0.34014670600871927, 0.7023605748949452, 0.64264896626177, 0.13324246200365344, 0.2952281782475555, -0.43008046726756766, 0.6136291611980742, 0.14776905103433463, 0.09576884216362672], [-0.02897223816149294, 0.23894937028104568, 0.49185639705532447, -0.19049551692960093, 0.23429642744484502, 0.2696709874008832, 0.5016771694018455, -0.12436463075686283, -0.4391703178156072, -0.5152444775316765, -0.7595127939922802, -0.11349808654206611]], "inverted": true, "swapped": true, "error_lsq": 0.047091769814967016, "error_max": 0.29007471363399046, "target": "475.xyz", "model": "26.xyz", "model_rescale": 3.6694154284099745, "target_rescale": 4.152242660562185},
