[{"mapping": [9, 11, 10, 1, 0, 7, 5, 8, 4, 3, 6, 12], "R": [[0.5111873072735055, -0.6946861695374236, 0.5060619159113686], [-0.09806221596470066, -0.6321045040511002, -0.7686531713057622], [0.8538567436534981, 0.34330019197742223, -0.3912462645262059]], "T": [-0.0724332607848807, -0.061924008361616746, 0.041790036428723414], "aligned_model": [[-0.2096355200395077, 0.10287088337901397, 0.3739068401337151, -0.2675248962812241, 0.07603935001868879, -0.6359909824807215, 0.42470147538372666, -0.10380942988501923, 0.6271236343685824, 0.15218062743579097, -0.6048612385527844, -0.0973582810197119], [-0.34923282404783307, -0.7595395507389162, -0.3619490228841022, 0.6782112654049745, 0.4392080692630998, -0.57795118469983, -0.24801440394809174, -0.49760426991749745, 0.15481495332836212, 0.42534410653631677, 0.15380879529271957, -0.0035408976121447736], [-0.6175448559478425, 0.020539923460993252, -0.341428324202029, -0.046089639234070064, -0.5645291455114344, -0.045169085301519786, 0.43127229710810744, 0.6018461966973818, -0.14711635497555178, 0.5216267214476197, 0.43393474192709136, -0.0653907301151839]], "inverted": false, "swapped": true, "error_lsq": 0.044995273565724504, "error_max": 0.25860312808197, "target": "476.xyz", "model": "0.xyz", "model_rescale": 3.751011558992144, "target_rescale": 4.1110724635603795},
{"mapping": [4, 1, 6, 0, 8, 2, 7, 12, 3, 9, 5, 13, 14], "R": [[0.28751757222207486, -0.4039759443835329, 0.8684106643880858], [-0.7529080254468719, -0.6557580201399635, -0.05577565992265504], [0.5919992828384308, -0.6377968762713939, -0.4926986845296379]], "T": [-0.1537304245356208, -0.06211021260321718, 0.02352106644548234], "aligned_model": [[-0.5097416775480876, -0.047924702482631754, -0.6144552778960093, 0.47620770360449005, 0.055879133924745916, 0.5809850415620386, -0.0922134958841376, -0.15713290129779522, 0.4375621660061594, -0.4597139833466305, -0.0787577442517336, 0.14337266352644595, -0.17267562619706986], [-0.7426964542866737, -0.32289707619529984, 0.059803899072108466, -0.04173326673621262, -0.679757601119771, -0.20121704224832504, 0.3131275857778187, 0.6807823569763186, 0.4212886969640574, 0.17893319010610242, -0.2429360367650778, 0.2959241618498224, -0.013553312995195556], [-0.16524419855178601, -0.6140374880375441, -0.5566472747630029, -0.39869600247991244, 0.14597019302711195, 0.37648080325847083, -0.5197001462779214, 0.014909603584356966, 0.013300689136623675, 0.5549923837166555, 0.6166206917386148, 0.5812336627480789, 0.0404656607997602]], "inverted": true, "swapped": false, "error_lsq": 0.04633875344206336, "error_max": 0.2623706556112801, "target": "476.xyz", "model": "1.xyz", "model_rescale": 3.9405287249114394, "target_rescale": 4.1110724635603795},
{"mapping": [0, 6, 7, 11, 5, 9, 3, 4, 8, 1, 2, 8, 12], "R": [[0.5062962931404978, 0.8087075459937603, -0.2994263993119866], [-0.7772430737759828, 0.5783479590733719, 0.24780404052986688], [0.3735736444390228, 0.1072648278254139, 0.9213777666582427]], "T": [-0.07073416793025891, -0.030038830572010806, -0.048447411432227284], "aligned_model": [[-0.4576985085574594, -0.21417073393459723, -0.5689834721606623, 0.3957812024666014, 0.18112014506853893, 0.7051718894380641, 0.023453217505415277, -0.2843854431182825, 0.4167638318658732, -0.7951954200583855, -0.17077615401781734, 0.4167638318658732, -0.08645308664337721], [-0.7725470153496352, -0.2758756846732092, 0.32198996216176834, -0.48229748144625817, -0.6369024580191379, -0.027783839367934885, 0.3942584695871376, 0.5943420102107363, 0.4889337410554249, -0.04082226850524419, -0.31640044048577837, 0.4889337410554249, -0.0307596358236218], [-0.09169302273640667, -0.5114224497311974, -0.5551358887794609, -0.3407483025189094, 0.2619752409022426, 0.1714294000870262, -0.4197965949123321, 0.18861253912199769, 0.2576619484425386, 0.27134305745256126, 0.5616003382635344, 0.2576619484425386, 0.03816036386537281]], "inverted": true, "swapped": false, "error_lsq": 0.05692842186830334, "error_max": 0.49907814957532226, "target": "476.xyz", "model": "2.xyz", "model_rescale": 3.932901565614263, "target_rescale": 4.1110724635603795},
{"mapping": [9, 12, 10, 5, 7, 4, 6, 1, 2, 3, 3, 0, 13], "R": [[0.44295893593079466, 0.774826594016074, 0.451033402626134], [-0.6797009755853275, -0.03782570895739528, 0.7325133442676827], [0.5846314778280521, -0.6310411753184736, 0.5098951560715863]], "T": [-0.18161673084751653, -0.06151802054117593, 0.0763480727828924], "aligned_model": [[-0.24819552113923884, -0.2314090746126938, -0.5156787272244325, 0.24657299239438155, 0.15112849063389108, 0.684772091497607, 0.13413857431032652, -0.2675110109882185, 0.4076614281575477, -0.385304678941891, -0.385304678941891, 0.13997010933112844, -0.16944869475673158], [-0.7326658776679164, -0.22230203607944538, 0.261555883444351, -0.3935133266900571, -0.6438959080433572, -0.03173085803803942, 0.19758760590064695, 0.6692398599483064, 0.5253878375894557, -0.05897987894351919, -0.05897987894351919, 0.26614602511489704, -0.07278034719213147], [-0.21506359127042002, -0.6685002560796318, -0.4687861083518556, -0.3961266495672078, 0.32100939190981925, 0.1845586915003606, -0.4712422141037785, 0.16227661084670142, 0.02642194545612464, 0.5445256627202499, 0.5445256627202499, 0.5643731813082802, -0.03832374918938729]], "inverted": true, "swapped": false, "error_lsq": 0.05497015050761959, "error_max": 0.37514097815600267, "target": "476.xyz", "model": "3.xyz", "model_rescale": 3.9243930471874484, "target_rescale": 4.1110724635603795},
{"mapping": [6, 11, 10, 9, 5, 1, 8, 4, 7, 3, 0, 2, 12], "R": [[-0.39181860023135884, 0.5463498686749637, -0.7402567159516953], [0.8737017380877206, 0.4730869814119891, -0.11328716114806997], [0.28831138960373215, -0.6911515962633252, -0.6627111087098381]], "T": [-0.05779718570349035, -0.020147926245925044, -0.10745361605103887], "aligned_model": [[-0.5571387151181475, -0.1882721564503193, -0.5846785875110088, 0.38687495878626643, 0.06277503697454767, 0.5837859718820612, 0.13101424929718464, -0.17871592216020055, 0.4200756736591266, -0.5584065192183906, 0.07701271033152335, -0.00738137604219824, -0.025554024710660775], [-0.529282042996699, -0.5594746435948168, 0.18343896553959702, -0.1665056029728644, -0.6752609599492919, -0.157052908331364, 0.4251229347362662, 0.5364796536230015, 0.5374299876291642, 0.044816798363981114, -0.23003656332895006, 0.39866520143233547, -0.10327171975068747], [0.006375215529326822, -0.6715786512602563, -0.529444238507708, -0.6352163526617703, 0.2529799450463319, 0.17501474990384797, -0.5104678481687043, 0.059614232271284484, 0.21451402076278253, 0.3376567636513451, 0.7056241202786746, 0.713075664678252, -0.028499043623900655]], "inverted": false, "swapped": false, "error_lsq": 0.043553093096631294, "error_max": 0.2460456262985092, "target": "476.xyz", "model": "4.xyz", "model_rescale": 3.8936222436046832, "target_rescale": 4.1110724635603795},
{"mapping": [4, 3, 5, 10, 8, 6, 2, 7, 9, 0, 11, 12], "R": [[-0.6780644141370998, -0.30184450772649885, 0.6701630722714131], [0.15884462174540806, 0.8300566134977848, 0.534578716870722], [-0.7176329398957868, 0.4689306041878019, -0.514885474676256]], "T": [-0.13051774205893957, -0.061934747830269754, -0.014786602288920456], "aligned_model": [[0.13353669791545458, -0.664077561990718, -0.3499899129865911, 0.39915618971507255, -0.5536661359992636, -0.6642999951313666, -0.18126340278974967, -0.02926938804482246, 0.5387501864086761, 0.3431423880306434, 0.10487646843771017, -0.04934749134994813], [-0.46536110402495845, -0.4744672606200772, 0.08561354761216805, 0.04203016728120318, 0.47794218792877585, -0.06447539095633165, -0.2953877696040467, 0.5372496326678944, 0.10279207765123341, -0.7001838110239224, 0.5576937133370584, -0.13452308513918965], [-0.5975075300423982, -0.2662934676294382, -0.6177214904146783, -0.39521744932512576, -0.19902283079141064, 0.4311592638993547, 0.7437810250041417, 0.4565626209322013, 0.23227377234096758, 0.08052677698083058, -0.29496634995926563, 0.045710378280339]], "inverted": false, "swapped": true, "error_lsq": 0.0426869786363201, "error_max": 0.19346161738925058, "target": "476.xyz", "model": "5.xyz", "model_rescale": 3.6523030999806103, "target_rescale": 4.1110724635603795},
{"mapping": [5, 8, 9, 6, 1, 2, 10, 11, 4, 7, 3, 3, 12], "R": [[-0.13965901585324775, -0.8199028262940875, -0.5552069116337349], [-0.6838512547847135, -0.32564656054405955, 0.6529178960138842], [-0.716130449443588, 0.4708648139761474, -0.5152120984011662]], "T": [-0.03930636641677566, -0.0840393310438205, -0.0613575813236108], "aligned_model": [[-0.47563356506993926, -0.306430652561902, -0.47718945095244253, 0.348387133936434, 0.3312542519800479, 0.6871948814782398, 0.2778075872091228, -0.342830396030621, 0.2729666133459074, -0.5820745210883156, -0.03802049389163387, -0.03802049389163387, -0.09601959474347951], [-0.589242585917285, -0.46394343348094635, 0.25334121952805144, -0.29623248639420197, -0.6179892602843449, -0.05142919485377789, 0.4204161751463458, 0.7185998336560708, 0.355919060585832, 0.11095814610838131, -0.012339126639375197, -0.012339126639375197, -0.1106501204157027], [0.07388951464330654, -0.5492311216692511, -0.527292816687918, -0.5381093790951915, 0.18350394515787888, 0.15622952774714774, -0.564980877406276, 0.13412269358363654, 0.13371625513761676, 0.3049711970652999, 0.6296548137665131, 0.6296548137665131, 0.023520011890230147]], "inverted": true, "swapped": false, "error_lsq": 0.053322128009848764, "error_max": 0.36984470797641034, "target": "476.xyz", "model": "6.xyz", "model_rescale": 4.08911054899281, "target_rescale": 4.1110724635603795},
{"mapping": [4, 8, 10, 9, 3, 0, 11, 13, 1, 7, 6, 2, 14], "R": [[-0.03356304445080365, 0.9994317686069675, 0.0031083671505293675], [-0.77099786133121, -0.023912493803482218, -0.6363886316259894], [-0.6359526868171044, -0.02375568435653952, 0.7713623322348964]], "T": [-0.1814904158049367, 0.026300176587085663, -0.03618862575991828], "aligned_model": [[-0.4754629458870631, -0.12091646371091506, -0.5796324364136263, 0.47277517590361046, 0.19046083315960527, 0.5578284614734272, -0.09648539567014727, -0.23322734235595813, 0.45650116787935063, -0.5857177208403539, -0.09404944911216133, 0.11612855357226215, -0.04681113827824662], [-0.6143438733608991, -0.4375313983828501, 0.008788432663728304, -0.12249647949684647, -0.6598702510897745, -0.29209054706188897, 0.38083828471559944, 0.7387087075657632, 0.3802596523829445, 0.18322637553643645, -0.21571838543527644, 0.31275703085907586, 0.042541551503659555], [-0.03398805183199323, -0.5325151711648604, -0.6365644819969725, -0.44159385334374607, 0.09524138923378793, 0.45032049840737876, -0.49619725545472637, 0.12409829751044836, 0.038814624154541275, 0.605109603213594, 0.39150759755043135, 0.6562743429241148, -0.13085896130249253]], "inverted": true, "swapped": false, "error_lsq": 0.04882904086532236, "error_max": 0.2911227455812483, "target": "476.xyz", "model": "7.xyz", "model_rescale": 3.964800864290218, "target_rescale": 4.1110724635603795},
{"mapping": [0, 1, 7, 5, 3, 10, 8, 12, 9, 4, 6, 11, 13], "R": [[-0.5975659833120397, -0.33649738616341607, 0.7277942049051392], [0.6869150156012354, 0.25336044419168924, 0.6811433378229172], [-0.4135972158149397, 0.9069608560594988, 0.07974552430043591]], "T": [-0.1286052278355487, -0.08619604654232202, 0.021735098568870192], "aligned_model": [[-0.44866658834935347, -0.3716628436298095, -0.49053518811487473, 0.556749961491187, 0.12150508190710355, 0.6819677586562278, 0.24908859751447368, -0.308972607938794, 0.26474635893252707, -0.5529225434950663, -0.1407021777702206, 0.07143638439439692, -0.07064089387801364], [-0.7262930111849548, -0.2932855071095053, 0.2748274548476821, -0.31581192890081156, -0.7487626007035527, -0.007576898790469994, 0.2884672630551701, 0.6472277031603674, 0.47869872285145887, 0.10329165623933778, -0.29542632673894587, 0.35284304145998446, -0.05313046778608882], [-0.009823955347300264, -0.6573501993862522, -0.47376656667355865, -0.3985452055140443, 0.1779819864410915, 0.13093434849214675, -0.5332715321493593, 0.03697153041191142, 0.02675062318731242, 0.5500745927767827, 0.562643757059062, 0.6957984168678467, -0.018749218266132423]], "inverted": false, "swapped": false, "error_lsq": 0.04057390342678069, "error_max": 0.2512670193034824, "target": "476.xyz", "model": "8.xyz", "model_rescale": 4.121658175737393, "target_rescale": 4.1110724635603795},
{"mapping": [6, 9, 4, 7, 8, 11, 5, 0, 10, 1, 2, 3, 12], "R": [[-0.3865578362433648, -0.6705074745507134, -0.6332398959402924], [0.7903136524514076, -0.5947344266447464, 0.14729321950606106], [-0.4753707710700815, -0.4435207868129398, 0.7598104643113749]], "T": [0.020831341652020684, -0.051467712086753575, -0.0006548567565880783], "aligned_model": [[-0.35975070697204886, -0.2426021080999394, -0.7019596649584168, 0.46007018963791313, 0.14599004758618775, 0.6208228639846022, 0.10308522987688212, -0.3666020582737191, 0.4746602957742123, -0.6333426912555864, -0.20393499437004375, 0.3290284478693882, -0.06407355107964705], [-0.6226386471898129, -0.37165850679276213, 0.22798024011145604, -0.36237269705152286, -0.7032707730873158, -0.14527138012218635, 0.3707122591677603, 0.6186674900459554, 0.5560332992734184, 0.00901555954553887, -0.09982895806738555, 0.27139279589460275, -0.04369158132807448], [-0.09606511434232215, -0.7226455004440692, -0.4337944653056357, -0.40761706023166233, 0.29941414485217815, 0.18439410850837568, -0.4441819427605957, 0.13948227111041592, 0.03758951788976689, 0.20750331443921677, 0.6546982808244439, 0.6500828996209587, 0.020788123738435055]], "inverted": true, "swapped": false, "error_lsq": 0.03848740037565944, "error_max": 0.20860937805729735, "target": "476.xyz", "model": "9.xyz", "model_rescale": 3.833441315466971, "target_rescale": 4.1110724635603795},
{"mapping": [5, 4, 3, 6, 1, 12, 7, 8, 11, 13, 0, 10, 14], "R": [[0.7751939353777645, 0.06976305442177944, -0.6278594419066091], [0.4206579939492184, 0.6844823695642646, 0.5954248381469398], [0.4712973739372565, -0.7256838168193045, 0.5012601952343835]], "T": [-0.027891214012173517, 0.0036406005916403486, -0.011106668427519869], "aligned_model": [[-0.4897284379805491, -0.19023117098275263, -0.4724092476022622, 0.34664014600429344, 0.21061550464597095, 0.5491725393096039, 0.11314608659111569, -0.22401702952666375, 0.398950182455482, -0.6513724866076716, -0.08335302840293375, 0.13934812771971153, -0.08536988590356029], [-0.4884983785997388, -0.47227656199748935, 0.15457057398835936, -0.42400078346989367, -0.6525312709747565, -0.11184601616870013, 0.46650564047970156, 0.7105931214750132, 0.5355214517485098, -0.13881347726286647, -0.3222639490750346, 0.393429096764143, 0.054679653492424624], [0.032947902103387244, -0.630026027321828, -0.7418225576014852, -0.3826960588130188, 0.23006122544270913, 0.11804565738276504, -0.4691224012029096, 0.2521653583473747, 0.004586115830112198, 0.46498626350906686, 0.5843202148711041, 0.6930595579342214, -0.06685667258199302]], "inverted": false, "swapped": false, "error_lsq": 0.041562363055870175, "error_max": 0.20765009337512727, "target": "476.xyz", "model": "10.xyz", "model_rescale": 4.2482417240324, "target_rescale": 4.1110724635603795},
{"mapping": [0, 4, 3, 5, 2, 6, 1, 8, 10, 7, 9, 12], "R": [[-0.9370907696453299, -0.33416171770689856, -0.10097938336461694], [0.25027061007161616, -0.844769328736098, 0.473000425962962], [-0.24336292071699062, 0.4179721613288827, 0.8752563973911635]], "T": [0.0563774598970707, 0.06473758573892936, -0.08528773219103825], "aligned_model": [[-0.6209202109519997, 0.016960792422247087, 0.35781578223951743, 0.6163054118622077, -0.45250018362880123, 0.15884455726587393, -0.3604805802153643, 0.7031527888469516, -0.03183643565297077, 0.008791667102915533, -0.4522685642120658, -0.06709942271550501], [-0.30850257833351336, -0.6837364715079992, -0.09523788443473434, -0.280659672164634, 0.6112439105623728, 0.6437829843023297, 0.11995384568890084, 0.3046107050700768, -0.4175382969565617, 0.6550000031296149, 0.06522542429786306, 0.05198942039692411], [0.12149735130744749, 0.01607381741278771, 0.5484848182036629, -0.11079136839671788, 0.18834461509792616, 0.28620195069712295, 0.5602851499373387, -0.2544244148940892, -0.5276892337187031, -0.5759700247133456, -0.6119491984027934, -0.07487117267627989]], "inverted": true, "swapped": true, "error_lsq": 0.03804259694471711, "error_max": 0.1771918353606109, "target": "476.xyz", "model": "11.xyz", "model_rescale": 3.6694154284099745, "target_rescale": 4.1110724635603795},
{"mapping": [7, 6, 0, 11, 9, 8, 4, 1, 3, 12, 10, 2, 13], "R": [[0.8134149299127587, 0.4756336280145707, 0.33485639264723555], [0.19313806264919947, 0.32216808940093933, -0.9267714987675565], [-0.5486837345421646, 0.8185232886567405, 0.17019337641464818]], "T": [-0.14370731524407293, -0.09652556553478005, -0.02743229090073384], "aligned_model": [[-0.38004686229474366, -0.24849797361730414, -0.5494119497991388, 0.4197121197522979, 0.3249595882564958, 0.5577247122520392, 0.17375570285210312, -0.18728243904752917, 0.43940521270671234, -0.6603237895889735, -0.1885496032274781, 0.0461698863481948, -0.18622330487289213], [-0.7927163804694771, -0.28883773557092385, 0.3240016396087964, -0.38090805695749735, -0.7032900526945335, -0.06209677068356527, 0.36276206585098897, 0.7352794782583055, 0.5361467311068433, 0.06722365939947912, -0.3622063922096394, 0.26613119208528685, 0.003579722675608285], [0.08039760370178672, -0.5488628046102445, -0.43889126049567584, -0.41046464951766964, 0.211051372219068, 0.25435773766464376, -0.513179914206921, 0.12315015099558646, 0.003461809059936531, 0.3825214992212301, 0.5478343036919117, 0.48123292106122695, -0.08296019088537335]], "inverted": false, "swapped": false, "error_lsq": 0.041291402183246825, "error_max": 0.2507874702419577, "target": "476.xyz", "model": "12.xyz", "model_rescale": 3.9764082729961374, "target_rescale": 4.1110724635603795},
{"mapping": [8, 11, 14, 12, 1, 9, 6, 4, 5, 7, 2, 0, 15], "R": [[-0.65469200633279, 0.7127327248421214, 0.25177458128864205], [-0.6162843656865888, -0.696158507665723, 0.3681805437756217], [0.43768933897711604, 0.08588012077168211, 0.895015445342714]], "T": [-0.007983374664488684, -0.052751679948187864, -0.08541031608048577], "aligned_model": [[-0.4570379770060709, -0.4378613015170673, -0.4647898809171033, 0.5256210985928061, 0.23699164444017784, 0.4829429511629922, -0.012150913345655576, -0.17763608121146146, 0.5342555814754929, -0.48853471321143227, -0.16887046574921954, 0.08262484275805392, -0.09416348575172868], [-0.5867216096916279, -0.4953092329504496, 0.10761063471716767, -0.33125070366118176, -0.5827805112238422, -0.008065467440999917, 0.5425331399306342, 0.5977848676731938, 0.5689252646029915, 0.1371581483728143, -0.4355621032556022, 0.17903508033001758, 0.011711592996556656], [0.028074990872343608, -0.585302783552231, -0.7213503945906539, -0.2973492102433603, 0.16434807975882895, 0.2588186942293872, -0.5642395346359231, 0.16734229251014487, 0.0639837831753115, 0.4659864258856039, 0.595641104618136, 0.5966255936761078, -0.08293046380418974]], "inverted": true, "swapped": false, "error_lsq": 0.045646261041537954, "error_max": 0.2371463065121786, "target": "476.xyz", "model": "13.xyz", "model_rescale": 4.170626492500431, "target_rescale": 4.1110724635603795},
{"mapping": [10, 9, 11, 1, 7, 0, 3, 6, 2, 12, 8, 4, 13], "R": [[0.1461265901874811, -0.5901212547335593, -0.7939798009722099], [-0.7087516951227468, 0.49747675220550436, -0.5001878803766604], [0.6901579922748218, 0.6358252792448198, -0.34555485812303954]], "T": [-0.013190858962314315, 0.03060543684940459, 0.034126807049964104], "aligned_model": [[-0.346828671335739, -0.2613838799616449, -0.5454081267508835, 0.41859172455404, 0.25482562411699133, 0.5536499519063798, 0.13930053141465298, -0.2966743541198874, 0.44763693458174647, -0.6146588363055451, -0.08852040562105563, -0.006098707928136941, -0.0930404848311341], [-0.4243593316371482, -0.40193736300677313, 0.17798325065561993, -0.36434308143367605, -0.7232347946809325, -0.1367064085508321, 0.36278430837756637, 0.8046365372126414, 0.48519997419992433, -0.051213942125316825, -0.3865337029042285, 0.2784850662555019, 0.08430858803732562], [0.0295252241177412, -0.6043192666976023, -0.4071035307516388, -0.46426454357049746, 0.16573939388304684, 0.11509993870714544, -0.5505758332733544, -0.13321186353699374, 0.15208323351636677, 0.44308644153851195, 0.6439437388341767, 0.6986330307320487, 0.0010126144005545915]], "inverted": false, "swapped": false, "error_lsq": 0.04405010831424342, "error_max": 0.30255060041124565, "target": "476.xyz", "model": "14.xyz", "model_rescale": 3.9786697098870705, "target_rescale": 4.1110724635603795},
{"mapping": [9, 0, 7, 11, 2, 6, 4, 3, 8, 10, 1, 12], "R": [[-0.40441002682289867, -0.8917253620001644, -0.2031708861298256], [-0.003933556555181961, -0.22044924800970178, 0.9753905147092545], [-0.9145693288854213, 0.39525688838732864, 0.08564423415757355]], "T": [0.0929616173021082, -0.007146799602121152, 0.04349015459379674], "aligned_model": [[-0.023413579487227193, -0.6804406693693013, 0.6098019240104992, 0.5563081478707327, -0.08182661457866403, 0.3184129260840738, -0.39650256778263526, -0.07228454261294262, 0.7539030639027818, -0.036684679252610014, -0.4589621295495284, -0.0049566824678424215], [-0.39767373820798013, -0.07648542709138301, 0.0013644271400850162, -0.5555099401223658, 0.5656391147995966, 0.6483730385021812, -0.4129886111440779, 0.36631129868655365, 0.005309550648988472, -0.6544689487787738, 0.5296399671781286, -0.004836241386514109], [-0.5648180235660787, -0.15103872110648545, -0.5259366604014324, -0.006092241045621033, -0.47983159241689405, -0.013633512595814974, 0.45307346395620174, 0.636235980664005, 0.3032321428350222, 0.027468920973166132, 0.014785594335207625, -0.03347885775744626]], "inverted": true, "swapped": true, "error_lsq": 0.04767865864432568, "error_max": 0.30376340352365644, "target": "476.xyz", "model": "15.xyz", "model_rescale": 3.769337070930944, "target_rescale": 4.1110724635603795},
{"mapping": [5, 7, 4, 10, 3, 6, 1, 2, 0, 9, 12], "R": [[-0.052981170032060154, -0.2266120110332001, -0.9725430540996749], [0.14499248792017094, -0.965335926211528, 0.21703393285855332], [-0.9880132458974189, -0.12951272532388747, 0.08400166611696619]], "T": [-0.0917298020501779, -0.015042900101322983, -0.12855485193504346], "aligned_model": [[-0.338060716129772, -0.3725624941072485, -0.19929024745456697, -0.6207126316180509, 0.3871278969662947, 0.39517546807974735, 0.6193841078773401, 0.43138356089495233, 0.14744764199257926, -0.4692698541574572, -0.05799660165264746], [0.21599808706478335, -0.6926519117728442, 0.7310388931613339, 0.3497194016919927, 0.24565651828199536, -0.49215729854607576, 0.16157590267847594, -0.384704538277204, 0.504251675403685, -0.06272621404302425, 0.020063981982224262], [-0.6937186827282994, 0.1025777239347686, -0.190473832312438, 0.023814554983044744, -0.598508015787535, -0.2666952618424556, 0.10957665106489764, 0.3428292413526921, 0.4317376786988413, 0.49697142764654045, -0.013893877786280096]], "inverted": false, "swapped": true, "error_lsq": 0.049986490374655475, "error_max": 0.2718864966474039, "target": "476.xyz", "model": "16.xyz", "model_rescale": 3.7852294659196426, "target_rescale": 4.1110724635603795},
{"mapping": [10, 9, 0, 11, 6, 7, 8, 3, 2, 4, 5, 1, 12], "R": [[-0.389860983885435, 0.020276063101381872, -0.9206504735832104], [-0.19356399125954576, 0.9756179088918838, 0.10345374394917956], [0.900300724497962, 0.2185373586244162, -0.37643064215590666]], "T": [-0.03477012576901133, 0.04592314505934747, 0.008706246878561523], "aligned_model": [[-0.3380696233929292, -0.2998157031654582, -0.6521392040890012, 0.51380411314249, 0.2173966393292024, 0.5384300936135106, 0.051851274255009384, -0.21542526145316826, 0.46913311113187267, -0.6195472025952566, -0.11056719079806865, 0.04854170141323522, -0.04220144767165414], [-0.6888925518825618, -0.24840795649245012, 0.22671066083654035, -0.23243621148492422, -0.7676301664526889, -0.20397921200524033, 0.25257236516419446, 0.8204285226990206, 0.39035166227156415, -0.05508449979811414, -0.18393662127879978, 0.4183958906883684, -0.023022781865236222], [-0.12286267630619047, -0.7596568379151647, -0.2191499599979662, -0.3906863512754349, 0.2575760277071838, 0.32559317562415296, -0.6028481204023913, 0.007989922425345915, 0.0479177936737877, 0.3955135777145926, 0.6199576708542738, 0.5819229139968543, -0.05161855819953772]], "inverted": true, "swapped": false, "error_lsq": 0.04520263533287882, "error_max": 0.3500625382103618, "target": "476.xyz", "model": "17.xyz", "model_rescale": 3.901054581598922, "target_rescale": 4.1110724635603795},
{"mapping": [4, 1, 6, 0, 8, 2, 7, 12, 3, 9, 5, 13, 14], "R": [[0.28751757222207486, -0.4039759443835329, 0.8684106643880858], [-0.7529080254468719, -0.6557580201399635, -0.05577565992265504], [0.5919992828384308, -0.6377968762713939, -0.4926986845296379]], "T": [-0.1537304245356208, -0.06211021260321718, 0.02352106644548234], "aligned_model": [[-0.5097416775480876, -0.047924702482631754, -0.6144552778960093, 0.47620770360449005, 0.055879133924745916, 0.5809850415620386, -0.0922134958841376, -0.15713290129779522, 0.4375621660061594, -0.4597139833466305, -0.0787577442517336, 0.14337266352644595, -0.17267562619706986], [-0.7426964542866737, -0.32289707619529984, 0.059803899072108466, -0.04173326673621262, -0.679757601119771, -0.20121704224832504, 0.3131275857778187, 0.6807823569763186, 0.4212886969640574, 0.17893319010610242, -0.2429360367650778, 0.2959241618498224, -0.013553312995195556], [-0.16524419855178601, -0.6140374880375441, -0.5566472747630029, -0.39869600247991244, 0.14597019302711195, 0.37648080325847083, -0.5197001462779214, 0.014909603584356966, 0.013300689136623675, 0.5549923837166555, 0.6166206917386148, 0.5812336627480789, 0.0404656607997602]], "inverted": true, "swapped": false, "error_lsq": 0.04633875344206336, "error_max": 0.2623706556112801, "target": "476.xyz", "model": "18.xyz", "model_rescale": 3.9405287249114394, "target_rescale": 4.1110724635603795},
{"mapping": [10, 11, 13, 5, 2, 6, 9, 4, 8, 12, 1, 0, 15], "R": [[-0.14945332307442144, -0.16971373651705346, 0.9740949398592689], [0.9060260911609298, -0.41801545915980076, 0.0661800426040009], [0.39595508123732787, 0.8924462580687091, 0.2162388727807743]], "T": [-0.2032399401240024, 0.04057130573888014, 0.028660197773289653], "aligned_model": [[-0.3289915162270489, -0.26517287608001455, -0.630548526722715, 0.5057060116628557, 0.2791893022831703, 0.46126347690079395, 0.08112436129287418, -0.27790555103223735, 0.5016553320107329, -0.6523256003027307, -0.07271018605990862, 0.149629854832759, -0.1895227828387469], [-0.7209877868461854, -0.3062263741764034, 0.2075382759873326, -0.22335346454924537, -0.679424529266748, -0.13296127453598516, 0.2109444282208468, 0.7150845331131264, 0.315151049657825, 0.14558892273069723, -0.1930884546779581, 0.3635469989403679, 0.0032567758020018434], [-0.12006211580183426, -0.5999166730619814, -0.46211393361204517, -0.31630646124211936, 0.09341594391242419, 0.322947655776068, -0.663524597040907, 0.30091372164572117, 0.02954058828953432, 0.32434995436385616, 0.6318886152449398, 0.5224656932511575, 0.026050186174691868]], "inverted": true, "swapped": false, "error_lsq": 0.04154140415110241, "error_max": 0.19776416040298891, "target": "476.xyz", "model": "19.xyz", "model_rescale": 4.410303926677745, "target_rescale": 4.1110724635603795},
{"mapping": [0, 1, 7, 5, 3, 10, 8, 12, 9, 4, 6, 11, 13], "R": [[-0.5975659833120397, -0.33649738616341607, 0.7277942049051392], [0.6869150156012354, 0.25336044419168924, 0.6811433378229172], [-0.4135972158149397, 0.9069608560594988, 0.07974552430043591]], "T": [-0.1286052278355487, -0.08619604654232202, 0.021735098568870192], "aligned_model": [[-0.44866658834935347, -0.3716628436298095, -0.49053518811487473, 0.556749961491187, 0.12150508190710355, 0.6819677586562278, 0.24908859751447368, -0.308972607938794, 0.26474635893252707, -0.5529225434950663, -0.1407021777702206, 0.07143638439439692, -0.07064089387801364], [-0.7262930111849548, -0.2932855071095053, 0.2748274548476821, -0.31581192890081156, -0.7487626007035527, -0.007576898790469994, 0.2884672630551701, 0.6472277031603674, 0.47869872285145887, 0.10329165623933778, -0.29542632673894587, 0.35284304145998446, -0.05313046778608882], [-0.009823955347300264, -0.6573501993862522, -0.47376656667355865, -0.3985452055140443, 0.1779819864410915, 0.13093434849214675, -0.5332715321493593, 0.03697153041191142, 0.02675062318731242, 0.5500745927767827, 0.562643757059062, 0.6957984168678467, -0.018749218266132423]], "inverted": false, "swapped": false, "error_lsq": 0.04057390342678069, "error_max": 0.2512670193034824, "target": "476.xyz", "model": "20.xyz", "model_rescale": 4.121658175737393, "target_rescale": 4.1110724635603795},
{"mapping": [5, 8, 9, 6, 1, 2, 10, 11, 4, 7, 3, 3, 12], "R": [[-0.13965901585324775, -0.8199028262940875, -0.5552069116337349], [-0.6838512547847135, -0.32564656054405955, 0.6529178960138842], [-0.716130449443588, 0.4708648139761474, -0.5152120984011662]], "T": [-0.03930636641677566, -0.0840393310438205, -0.0613575813236108], "aligned_model": [[-0.47563356506993926, -0.306430652561902, -0.47718945095244253, 0.348387133936434, 0.3312542519800479, 0.6871948814782398, 0.2778075872091228, -0.342830396030621, 0.2729666133459074, -0.5820745210883156, -0.03802049389163387, -0.03802049389163387, -0.09601959474347951], [-0.589242585917285, -0.46394343348094635, 0.25334121952805144, -0.29623248639420197, -0.6179892602843449, -0.05142919485377789, 0.4204161751463458, 0.7185998336560708, 0.355919060585832, 0.11095814610838131, -0.012339126639375197, -0.012339126639375197, -0.1106501204157027], [0.07388951464330654, -0.5492311216692511, -0.527292816687918, -0.5381093790951915, 0.18350394515787888, 0.15622952774714774, -0.564980877406276, 0.13412269358363654, 0.13371625513761676, 0.3049711970652999, 0.6296548137665131, 0.6296548137665131, 0.023520011890230147]], "inverted": true, "swapped": false, "error_lsq": 0.053322128009848764, "error_max": 0.36984470797641034, "target": "476.xyz", "model": "21.xyz", "model_rescale": 4.08911054899281, "target_rescale": 4.1110724635603795},
{"mapping": [15, 2, 3, 0, 8, 6, 13, 12, 7, 9, 5, 10, 16], "R": [[0.29215952890097463, 0.23476733785749745, 0.9271068475357436], [-0.9425336916859914, -0.0936173999372927, 0.3207273335182983], [0.1620896347985809, -0.9675329862615978, 0.19392491017550584]], "T": [-0.07705027940839199, -0.14372224513769277, -0.025357262124004826], "aligned_model": [[-0.656561309548644, -0.2906707642917397, -0.5040817286544738, 0.5840191622188964, 0.26884639930746096, 0.6266030654615466, -0.012443186360100375, -0.31406421582181826, 0.3841645529804532, -0.5016353043776616, -0.10603745593939118, 0.133232267811528, -0.04998018306627275], [-0.5690487549905334, -0.4810678045894383, 0.27582350027719055, -0.16461813963967428, -0.6420162206342102, -0.15231250128750493, 0.4076056830943649, 0.548190548727671, 0.3958450794815635, 0.10150788013670223, -0.2157526818929502, 0.3242250737660373, -0.12331256204954598], [-0.14689467963959435, -0.6268704301674359, -0.6545665533407976, -0.428631304332057, 0.3105305460758333, 0.22033015371977954, -0.38395648843024577, 0.07489534714540066, 0.018735465135501964, 0.49149605729289503, 0.6758562672133687, 0.5974926124689421, -0.05876841524208479]], "inverted": true, "swapped": false, "error_lsq": 0.03940362054804321, "error_max": 0.21537262779298097, "target": "476.xyz", "model": "22.xyz", "model_rescale": 4.204369325754507, "target_rescale": 4.1110724635603795},
{"mapping": [10, 11, 13, 5, 2, 6, 9, 4, 8, 12, 1, 0, 15], "R": [[-0.14945332307442144, -0.16971373651705346, 0.9740949398592689], [0.9060260911609298, -0.41801545915980076, 0.0661800426040009], [0.39595508123732787, 0.8924462580687091, 0.2162388727807743]], "T": [-0.2032399401240024, 0.04057130573888014, 0.028660197773289653], "aligned_model": [[-0.3289915162270489, -0.26517287608001455, -0.630548526722715, 0.5057060116628557, 0.2791893022831703, 0.46126347690079395, 0.08112436129287418, -0.27790555103223735, 0.5016553320107329, -0.6523256003027307, -0.07271018605990862, 0.149629854832759, -0.1895227828387469], [-0.7209877868461854, -0.3062263741764034, 0.2075382759873326, -0.22335346454924537, -0.679424529266748, -0.13296127453598516, 0.2109444282208468, 0.7150845331131264, 0.315151049657825, 0.14558892273069723, -0.1930884546779581, 0.3635469989403679, 0.0032567758020018434], [-0.12006211580183426, -0.5999166730619814, -0.46211393361204517, -0.31630646124211936, 0.09341594391242419, 0.322947655776068, -0.663524597040907, 0.30091372164572117, 0.02954058828953432, 0.32434995436385616, 0.6318886152449398, 0.5224656932511575, 0.026050186174691868]], "inverted": true, "swapped": false, "error_lsq": 0.04154140415110241, "error_max": 0.19776416040298891, "target": "476.xyz", "model": "23.xyz", "model_rescale": 4.410303926677745, "target_rescale": 4.1110724635603795},
{"mapping": [15, 9, 8, 11, 13, 7, 10, 3, 1, 5, 12, 0, 16], "R": [[0.7190090715987276, 0.4771604803582292, -0.5053155755990903], [0.04251041646291473, -0.7559049012336208, -0.6532998123244332], [-0.6936993725317082, 0.4482473159710989, -0.5637867719925862]], "T": [-0.050464841748497996, -0.11840749918837994, -0.01078113560735238], "aligned_model": [[-0.5611001103025715, -0.1893244016342842, -0.629132418447991, 0.42003962731820854, 0.2402254021706218, 0.5430707728574253, -0.062224431481644776, -0.10870702444361638, 0.5614886003637674, -0.5726109859608564, -0.0994838644622103, 0.05469852850419574, -0.03554839476126014], [-0.5658085143644174, -0.2817161924983074, 0.13070288723471757, -0.22042429407960734, -0.6624809058315194, -0.09193748799231964, 0.27701244557094773, 0.7719663276482616, 0.48127073094718925, -0.14717691370604816, -0.2649706776069038, 0.27955136541905107, -0.000919670341371609], [-0.23077691957356736, -0.5993966951588425, -0.538791096031704, -0.42180376851111434, 0.3263685849962818, 0.2874565370363752, -0.5277808702411849, 0.10364474115679646, -0.05805009538815308, 0.3387009931208706, 0.7780738605280274, 0.6224291128280521, 0.009574193137668186]], "inverted": false, "swapped": false, "error_lsq": 0.040215235270301526, "error_max": 0.2237144652750842, "target": "476.xyz", "model": "24.xyz", "model_rescale": 4.28219845311461, "target_rescale": 4.1110724635603795},
{"mapping": [9, 5, 1, 10, 12, 14, 8, 0, 6, 4, 13, 2, 15], "R": [[0.38318364301343344, -0.7196822285136064, -0.5789885885651312], [0.3698853429825788, -0.45482074706998676, 0.810137593919304], [-0.8463776513906861, -0.5245908672445493, 0.09192003715185315]], "T": [-0.15145435415551053, -0.12365202621668187, 0.054147117927493084], "aligned_model": [[-0.4490585939462479, -0.25894427766332406, -0.4876334496370396, 0.5285206065330893, 0.22312271619785765, 0.5850656026073987, 0.06487966238903753, -0.21768513425725397, 0.3999724326419063, -0.6715920470146476, -0.12268853165859706, 0.1278704630148029, -0.16043814948719823], [-0.7137498592491256, -0.3138474248877367, 0.21167201561155646, -0.08277961220671393, -0.7479103366823106, -0.1542549192052199, 0.15403370784184633, 0.682190100152849, 0.5713330997510797, 0.2588877660910181, -0.3532768277100127, 0.24441472656106344, -0.05164333566862159], [-0.08759189500776352, -0.7689885377106189, -0.37529298450806886, -0.35287661287626865, 0.2874140903284536, 0.2458407305631866, -0.5442142138068558, 0.16271103076759688, -0.10434991184553499, 0.3973215062405894, 0.6012864374177204, 0.5594040193156249, 0.06898491902144449]], "inverted": true, "swapped": false, "error_lsq": 0.04435883494743552, "error_max": 0.24377237105063063, "target": "476.xyz", "model": "25.xyz", "model_rescale": 4.100010024507729, "target_rescale": 4.1110724635603795},
{"mapping": [0, 4, 3, 5, 2, 6, 1, 8, 10, 7, 9, 12], "R": [[-0.9370907696453299, -0.33416171770689856, -0.10097938336461694], [0.25027061007161616, -0.844769328736098, 0.473000425962962], [-0.24336292071699062, 0.4179721613288827, 0.8752563973911635]], "T": [0.0563774598970707, 0.06473758573892936, -0.08528773219103825], "aligned_model": [[-0.6209202109519997, 0.016960792422247087, 0.35781578223951743, 0.6163054118622077, -0.45250018362880123, 0.15884455726587393, -0.3604805802153643, 0.7031527888469516, -0.03183643565297077, 0.008791667102915533, -0.4522685642120658, -0.06709942271550501], [-0.30850257833351336, -0.6837364715079992, -0.09523788443473434, -0.280659672164634, 0.6112439105623728, 0.6437829843023297, 0.11995384568890084, 0.3046107050700768, -0.4175382969565617, 0.6550000031296149, 0.06522542429786306, 0.05198942039692411], [0.12149735130744749, 0.01607381741278771, 0.5484848182036629, -0.11079136839671788, 0.18834461509792616, 0.28620195069712295, 0.5602851499373387, -0.2544244148940892, -0.5276892337187031, -0.5759700247133456, -0.6119491984027934, -0.07487117267627989]], "inverted": true, "swapped": true, "error_lsq": 0.03804259694471711, "error_max": 0.1771918353606109, "target": "476.xyz", "model": "26.xyz", "model_rescale": 3.6694154284099745, "target_rescale": 4.1110724635603795},
{"mapping": [2, 10, 4, 9, 12, 3, 8, 5, 7, 0, 6, 1, 13], "R": [[-0.9466689727193476, -0.321513710874933, 0.021137403102682], [0.22007144723941602, -0.5972763909914909, 0.7712518854914581], [-0.23534318388354528, 0.7347719690377486, 0.6361790151489957]], "T": [-0.027140316539458684, -0.03899549098442966, -0.07044133866231551], "aligned_model": [[-0.4984596642729373, -0.19286907019922572, -0.7169267299392679, 0.5100308687116396, 0.2714524691763934, 0.6953856561666699, 0.015612955466198453, -0.19161228462041052, 0.44625097480936, -0.5946532051602013, -0.0030252217005082224, -0.11154873144553594, -0.06824671727239041], [-0.49958253122818574, -0.2606727435956865, 0.11041141079769078, -0.2588535715182531, -0.7301251934284677, -0.12142808778854837, 0.3210222455625705, 0.6984593597855572, 0.3614868053300929, 0.1530844373563382, -0.30391074787893213, 0.31137830302063446, -0.07620058601513835], [0.09643375538969644, -0.6045610778385999, -0.49163351769443114, -0.42817458792811397, 0.1803870809306649, 0.28168407377299143, -0.596669976741273, 0.1642665958276484, 0.0374620455857632, 0.20878574725716992, 0.5623530992634771, 0.7356356289178838, -0.056320288843370925]], "inverted": true, "swapped": false, "error_lsq": 0.04257250172560282, "error_max": 0.27147383605680825, "target": "476.xyz", "model": "27.xyz", "model_rescale": 4.103607728864725, "target_rescale": 4.1110724635603795},
{"mapping": [7, 8, 11, 4, 1, 2, 13, 10, 12, 6, 0, 3, 14], "R": [[0.5137814490214926, -0.3582628228514878, -0.7795359981449598], [-0.16233538172355766, -0.9328164738111283, 0.32171516909719866], [-0.8424226056333258, -0.03874501192483662, -0.5374225316907564]], "T": [-0.18385875408591532, 0.10070709656097653, 0.0723405701491927], "aligned_model": [[-0.5042251024215654, -0.15224970065103732, -0.6047440678102207, 0.47151976961507547, 0.13265092438776957, 0.5299775474049814, 0.07357810200108786, -0.35471050271562815, 0.5338201702666898, -0.8158397511611595, 0.04195962330151817, 0.3063196512391244, -0.096665363736852], [-0.5070741009374513, -0.4206109002631889, 0.2119161848501785, -0.28761027371490366, -0.7147672839283787, -0.06001502908500013, 0.2644885081453206, 0.5466158868148755, 0.5676799387559127, 0.08205063458384985, -0.2549427628407279, 0.29096905929379224, -0.013630761274606357], [-0.1468594854731567, -0.5597261911464873, -0.4592131193614388, -0.4188802536643462, 0.26646421701596534, 0.1493265379207132, -0.49930131713792714, 0.25052672861899616, 0.00778870482210553, 0.11131772517807664, 0.648718032341549, 0.6081169871897959, 0.13137001159566036]], "inverted": false, "swapped": false, "error_lsq": 0.04476945248995202, "error_max": 0.3664767187344908, "target": "476.xyz", "model": "28.xyz", "model_rescale": 4.137296879288765, "target_rescale": 4.1110724635603795},
