[{"mapping": [13, 11, 15, 5, 12, 0, 10, 7, 9, 8, 3, 16], "R": [[-0.3388888158390022, 0.3698987997808927, -0.8650602571034542], [0.0866992693709554, 0.9278343398152947, 0.36277634232410927], [0.9368231461646226, 0.04794075281190155, -0.34650263639696427]], "T": [-0.04116023320167077, 0.08135012686864272, -0.030848903544295883], "aligned_model": [[-0.1068023266205274, 0.17309015743924977, 0.5155505246127075, -0.24228099816447207, -0.3067729452776379, -0.5609352739354933, 0.37258103488915845, -0.23143511145287343, 0.5655801528480675, 0.10477431304057068, -0.4177251188716084, -0.027981946046592442], [-0.43996660701481505, -0.7177977072451767, -0.4042768138346866, 0.5960313388126357, 0.5169857890833243, -0.4809426808295555, -0.2754063285250864, -0.533765788564158, 0.1106872170698527, 0.29644542415141567, 0.3849077207113951, 0.0006534721619121248], [-0.5062622364713527, 0.008801252258199097, -0.4843672852206931, -0.10134689851778582, -0.661110840096763, -0.038236342547162266, 0.4209934383328054, 0.5444206325476025, 0.056856972957287324, 0.5132780872706157, 0.43215413307281747, -0.0032291682320076884]], "inverted": true, "swapped": true, "error_lsq": 0.04455120631251449, "error_max": 0.26876439967338556, "target": "477.xyz", "model": "0.xyz", "model_rescale": 3.751011558992144, "target_rescale": 4.145684811144474},
{"mapping": [10, 9, 11, 7, 14, 13, 6, 8, 15, 2, 12, 5, 3, 0, 16], "R": [[-0.7661190735454133, -0.6112253178003624, -0.1986584406204875], [-0.4998504709935216, 0.7609579099059227, -0.4136333714766792], [0.40399390069340463, -0.21759290023219008, -0.8885056319298557]], "T": [0.12520401452768692, 0.049097818049025375, 0.051433874459942436], "aligned_model": [[0.0949290979487273, 0.08076734336976399, -0.4557943744405797, 0.12039387662035758, -0.25580523708618086, -0.5515764206390527, 0.5124030792390649, 0.6160220190090719, -0.6393691986305866, -0.1696803583188209, 0.0597111036532135, 0.4818637130461755, 0.7307402688932464, -0.16980725389161494, 0.0842885523162491], [0.02774190386787522, -0.4313059535289539, 0.296956583445985, 0.684255502482695, -0.6780184060462844, 0.23229441177678126, -0.5710486205459192, -0.022224511260973114, -0.2829758839470271, 0.3318664112703551, -0.1412415083871361, -0.07244550992883672, 0.331563357011868, 0.7555624242287541, 0.08777714938792212], [-0.656553315858578, -0.3279399256478478, -0.4844014826656686, -0.5334240025886631, 0.15800326288281283, 0.15392830944157665, 0.07791309317078698, -0.2915644821718226, -0.18646142621870196, 0.49304771303476547, 0.8369529837841252, 0.46172323357056877, 0.09455233643670813, 0.06786495887169014, -0.013974851189775789]], "inverted": false, "swapped": true, "error_lsq": 0.03603393295802064, "error_max": 0.25523421564077214, "target": "477.xyz", "model": "1.xyz", "model_rescale": 3.9405287249114394, "target_rescale": 4.145684811144474},
{"mapping": [1, 12, 2, 9, 14, 0, 3, 6, 15, 11, 10, 7, 16], "R": [[-0.2269877097065013, 0.9418437715743468, -0.247804135536126], [0.29206715915282183, 0.3085662314031696, 0.9052533652972774], [0.9290712320304604, 0.1331059382005746, -0.3451223768884705]], "T": [0.0338012847010785, 0.050864641298128656, 0.04327703630523111], "aligned_model": [[-0.4599775287297214, 0.24829880039465047, -0.30012044185945125, 0.43718139635979386, 0.5857797095919949, -0.7278424740241808, -0.012864684849388519, 0.7507212496340117, 0.055772801737527966, -0.4431714913227086, -0.011090377299063855, -0.6050039244080232, -0.021699755941509954], [0.6158439865253307, 0.5495798381059526, 0.28974436928735137, -0.3985141751035493, -0.30215530935334506, 0.09032528750474841, 0.5226302628076541, 0.12298389342236571, -0.6760105046839628, -0.6261427522443244, -0.5066118737271373, -0.21123928919224613, -0.011601139776820875], [0.01404506668995223, -0.5590788551000576, -0.39646198762699586, 0.15295860533941052, -0.46260814889372154, -0.025538012992184556, 0.5161191066241998, 0.16988843939554718, -0.42853764184090565, 0.02682755197368561, 0.47896405834930994, 0.5616751384470153, 0.06486702922338841]], "inverted": true, "swapped": true, "error_lsq": 0.045471424331879326, "error_max": 0.2562937227415641, "target": "477.xyz", "model": "2.xyz", "model_rescale": 3.932901565614263, "target_rescale": 4.145684811144474},
{"mapping": [13, 11, 15, 2, 14, 6, 9, 12, 1, 5, 10, 4, 8, 16], "R": [[-0.6035561247622795, 0.3337489574900599, 0.7241074765780545], [-0.2741207418012466, 0.7659567948230367, -0.5815221469374617], [-0.7487174521648831, -0.5494741320924205, -0.37081040301616053]], "T": [0.04120038304577627, -0.08023700089462582, 0.10151416371471862], "aligned_model": [[-0.08777754251609246, 0.5524437554598053, 0.09689917202962217, -0.344023100760643, -0.29097729004237227, -0.09870683126772767, 0.2771923052677016, -0.7690188789437188, -0.17587241296330688, -0.3428837711440866, 0.7118081576564229, 0.3731499473428382, 0.40837437033208146, 0.1092020316021797], [0.21676773694980472, 0.11247127345388458, -0.347031116915252, 0.33906829313965914, -0.6987257788176564, -0.7247300881269334, -0.6260616506894665, -0.06574460064520304, 0.5883827300804674, -0.14967048049878748, -0.2658334376127753, 0.6383241498306502, -0.30081709110160715, -0.052903300696296174], [-0.5287641390975044, -0.5210662412725463, -0.7213818567423121, -0.09271145509264982, -0.33706617418453544, 0.4181535515547351, -0.05037443368650284, 0.13140345130490422, 0.3655231441636198, 0.498974392835769, -0.03434489048767976, 0.5036398463505354, 0.5259723450446824, 0.0559388223665829]], "inverted": false, "swapped": true, "error_lsq": 0.04535059881200453, "error_max": 0.29846549508819176, "target": "477.xyz", "model": "3.xyz", "model_rescale": 3.9243930471874484, "target_rescale": 4.145684811144474},
{"mapping": [7, 8, 4, 0, 1, 10, 13, 3, 5, 6, 12, 14, 16], "R": [[0.2761832580712252, -0.33371329083730816, 0.9013091852853258], [0.11297678012583559, 0.9425552012673735, 0.31436593281750497], [-0.9544417505084121, 0.015004402099237812, 0.29801981948199807]], "T": [-0.08550146168937559, -0.05387323192785554, -0.014218063879925899], "aligned_model": [[0.03873164545761032, -0.25993155167647386, 0.5486631023405794, 0.409867982309314, 0.6621966177950895, -0.5440508312871114, -0.008524269151380867, 0.27015147629167113, 0.1411147101168985, -0.4711862436891928, 0.2410742067577317, -0.647011115990476, -0.10388984296290713], [-0.6510819467721818, 0.18938532001500394, -0.28722558029433415, -0.6355318023956466, -0.10091214466174375, -0.37513330113631654, -0.5968781468727546, 0.2542153387970975, 0.4492769804632135, 0.567647473282539, 0.34431762800712, 0.10251945474473279, -0.1327697194951419], [-0.6252950180110926, -0.5377030029633155, -0.5900719450377335, -0.06595093706309212, -0.065292595675447, -0.44912374431326113, 0.43446671717999547, -0.4905714601205614, 0.061947898132860515, -0.027068432256878147, 0.612161232967448, 0.573550022518777, -0.04397841998673562]], "inverted": true, "swapped": true, "error_lsq": 0.045071699914450876, "error_max": 0.24756691417010473, "target": "477.xyz", "model": "4.xyz", "model_rescale": 3.8936222436046832, "target_rescale": 4.145684811144474},
{"mapping": [6, 14, 10, 8, 11, 13, 2, 0, 3, 5, 7, 16], "R": [[-0.8078767598781957, -0.3993393200061931, -0.43343194199977886], [-0.5402381661792317, 0.7957139686460137, 0.27382842055731127], [0.23553739544286623, 0.4553760946718681, -0.8585771647029687]], "T": [-0.05003864280832589, -0.14193477658580472, -0.01360464695549033], "aligned_model": [[0.14815938595013567, -0.5991683153679855, -0.18783528547766293, 0.3459440883833129, -0.6102993906994678, -0.6263076589017956, -0.1866561496569208, -0.13038889761362008, 0.6098373401116305, 0.3142848559310166, 0.037575434235400496, -0.0875973646789465], [-0.6805900364177551, -0.7154992672205849, 0.2949814308780973, -0.04087480147390221, 0.46080593082813587, 0.018524134159437988, -0.16926283457581737, 0.42358805691384266, -0.030809972806331104, -0.5402424834746089, 0.7140476269948282, -0.06574487869553526], [-0.46722775316871024, -0.24749236682164982, -0.5546543860959023, -0.45702501056295497, -0.10807241665689896, 0.36621743986049876, 0.5716529776434606, 0.49641655864016443, 0.009527645760047047, 0.12400217780966671, -0.08519414431179861, -0.028866002820404163]], "inverted": false, "swapped": true, "error_lsq": 0.04553079345826356, "error_max": 0.23318674604251763, "target": "477.xyz", "model": "5.xyz", "model_rescale": 3.6523030999806103, "target_rescale": 4.145684811144474},
{"mapping": [7, 0, 1, 8, 5, 11, 2, 9, 13, 14, 12, 6, 16], "R": [[0.6909267269913328, 0.7228230916173559, -0.012125846517736405], [-0.18163210514477332, 0.18980357371783318, 0.9648753192949944], [0.6997356903215115, -0.6644557032855287, 0.2624282417378343]], "T": [0.1550664888950753, -0.057515165736732564, 0.011434444977167689], "aligned_model": [[0.09478383097363977, -0.28104028885299603, 0.10698741430288396, 0.6909823803547601, 0.47164689142206734, -0.3886750206299095, -0.24846000560965364, 0.26307053258409885, -0.5525599630838911, -0.0756909460974142, 0.027356587351627187, 0.6566871923250686, 0.11599429962401397], [-0.5227016222801388, 0.02451147026554424, 0.46245045788824446, -0.31986640789496773, 0.38146903875977256, -0.6356363957487572, 0.36836334286108313, -0.5124766761334234, -0.04193588584894142, -0.1373103804343421, 0.6637583318310432, -0.06815047301227073, -0.12164789608966281], [0.7363307959613252, 0.6355148710460636, 0.5510619442845349, 0.0986298797910764, -0.12042152288572458, 0.2485707765306269, 0.1445941882536667, -0.38609798426924163, 0.04490008523662481, -0.7795186621119023, -0.33643532150240335, -0.5209840278132206, 0.053964716960362924]], "inverted": true, "swapped": true, "error_lsq": 0.04659709345664108, "error_max": 0.2580381772009559, "target": "477.xyz", "model": "6.xyz", "model_rescale": 4.08911054899281, "target_rescale": 4.145684811144474},
{"mapping": [12, 5, 1, 14, 15, 11, 2, 0, 9, 6, 10, 8, 7, 4, 16], "R": [[0.48780234432486125, -0.37974599107948226, 0.7860291693889174], [0.10451383604398098, -0.8685422779866668, -0.4844699881572681], [0.8666751011460647, 0.318476519713453, -0.38398824909711127]], "T": [-0.005547206684097203, -0.13541268548539107, -0.0268242356434998], "aligned_model": [[0.14054536928522027, 0.16815987828750825, 0.7343754213459707, -0.6981876232133138, -0.6177030323189033, -0.1902481213845984, 0.33414431636047703, 0.5195860376972675, -0.5897705957165588, -0.41121013466923284, -0.32931221815935513, -0.06420343204108271, 0.29306397797958766, 0.7590257956119962, -0.011932099265428752], [-0.7169368219548048, -0.664321578590475, -0.1653506691733099, -0.3703404398791582, 0.26997531745388004, 0.6640610548119545, -0.12130134507128823, 0.37735664561347115, -0.10642276086435368, -0.6827439677720132, 0.3386494344764057, -0.21353601302848602, 0.5798905718835522, 0.16169689066060858, -0.04991750239687022], [-0.5727594787141339, -0.00688656407272455, -0.15129072445014602, -0.41448554569718543, -0.48765514621243156, -0.14013767790666598, -0.5231589939726065, -0.2452196512179062, 0.15899690867560604, 0.23976894943050878, 0.38918036897193153, 0.5682331176879661, 0.3535437023570105, 0.3128516821461572, -0.016910914943299528]], "inverted": true, "swapped": true, "error_lsq": 0.044023832150562055, "error_max": 0.29344879454016765, "target": "477.xyz", "model": "7.xyz", "model_rescale": 3.964800864290218, "target_rescale": 4.145684811144474},
{"mapping": [15, 13, 11, 14, 10, 12, 9, 0, 1, 3, 5, 8, 7, 16], "R": [[0.48710790303200147, -0.8700486148466141, 0.07577135743309926], [0.5317262018766903, 0.2266266600974239, -0.8160316189773996], [0.692815370096215, 0.43778506682683344, 0.5730192825916678]], "T": [-0.06817609232813958, -0.02726456949395522, 0.1587767830791058], "aligned_model": [[-0.1936944706046268, 0.16794508331343033, 0.41826399279685134, -0.7286807408043874, 0.1418553734578295, -0.4875106447745967, -0.39094625681029366, 0.6308197142756238, 0.35869194675925287, 0.09578746319599248, -0.3640441824167263, -0.09611793377252645, 0.7140312898242424, -0.005212744979192288], [-0.027735147682156285, -0.4230097639134718, 0.16642279640102253, -0.0908240653264884, 0.5968303153828296, -0.7054611404048462, 0.4108515966877866, -0.3276389981010062, -0.48657780690445057, 0.09774506471498898, -0.22608943447360205, 0.4839734145263426, 0.3366245113547025, 0.005837123919551192], [-0.6989435858014063, -0.37948931290655086, -0.48307512615698434, -0.3361140003646627, -0.10392240867815555, 0.30631185011633216, -0.12505508184896336, 0.07174843250682106, 0.5719216878271247, 0.7958079295944965, 0.5868504048497061, 0.47735493365591875, 0.12351340245463008, 0.10990591347671486]], "inverted": true, "swapped": true, "error_lsq": 0.038378846632580524, "error_max": 0.27957546399657773, "target": "477.xyz", "model": "8.xyz", "model_rescale": 4.121658175737393, "target_rescale": 4.145684811144474},
{"mapping": [7, 0, 1, 3, 11, 10, 13, 14, 12, 15, 8, 5, 16], "R": [[-0.42961036178773454, 0.43770081457331533, 0.7898436136137763], [0.7817949057400161, 0.6180204276978413, 0.08274947919556397], [-0.45191997345057844, 0.6530457471494887, -0.6077002466071532]], "T": [0.03513956320644388, 0.0785132198343147, 0.032305706213397324], "aligned_model": [[-0.673408780145782, -0.13323471276991383, 0.30738861623691854, 0.07224817016895962, -0.5951105197125618, -0.6501829542037926, 0.02960854368469994, 0.2630303187176384, 0.8333927727150919, -0.19520488189471374, -0.23521828988329993, 0.4942260594305418, -0.04079684590858911], [0.10804792291164123, -0.24823323539268516, 0.14511231794694238, 0.6624537710030767, -0.45193579384015103, 0.12576250345660947, -0.6129701819965254, -0.27845035087201153, -0.06262229531757077, -0.6401217855501381, 0.6061809421860928, 0.39398272502365306, 0.04318089985277647], [-0.4602327230635279, -0.6394686055908113, -0.6643424822064605, -0.29320392775448784, -0.05441973634027605, 0.20757424197257054, -0.12234865484906099, 0.7435482108824668, 0.05307182160350019, 0.4588552127992564, 0.14235327272068368, 0.03820990835401037, 0.011478895431225461]], "inverted": true, "swapped": true, "error_lsq": 0.044809732983320354, "error_max": 0.23965915538315943, "target": "477.xyz", "model": "9.xyz", "model_rescale": 3.833441315466971, "target_rescale": 4.145684811144474},
{"mapping": [3, 1, 6, 14, 12, 5, 2, 15, 10, 9, 7, 11, 0, 8, 16], "R": [[0.3201326996482035, -0.9134542240008903, -0.251229845501853], [-0.7942374782409367, -0.1142187397662831, -0.5967754247987096], [0.5164318762174072, 0.3905834867747662, -0.7620647328707945]], "T": [-0.10599905709008373, -0.014929369923139034, 0.05486698428006223], "aligned_model": [[-0.13737703235126963, 0.08136860050293629, -0.7269961725801957, -0.5726659133847349, -0.6582760180047744, -0.5529587661040218, -0.030014001681024957, 0.0532225032501526, 0.27926919284529084, -0.24159643202003778, 0.6953175390624918, 0.5864934758776053, 0.522721533225036, -0.1486323332757152, -0.026031157067206878], [-0.6648630160912017, -0.5640488380774906, 0.015708118147214727, 0.6686693099713938, -0.040723420302256785, -0.32754165163570154, -0.0408704593525, 0.8349824061883977, 0.18691679438317504, 0.3768900636917401, -0.2278471466391932, 0.43550383665165393, -0.17715041627285363, -0.28597670874736997, 0.01145266737997075], [0.21273343436708547, -0.4218245887061428, 0.440392336126858, 0.04312058954276762, -0.5383306868922997, -0.0583445838712672, -0.5413636626309619, -0.006270430379591657, 0.6147285822183837, 0.5073907571936972, 0.29583356071001626, 0.11550231814161308, -0.35107466207936466, 0.5918519046561995, 0.07377703942509974]], "inverted": true, "swapped": true, "error_lsq": 0.0410912984271577, "error_max": 0.2671230855350229, "target": "477.xyz", "model": "10.xyz", "model_rescale": 4.2482417240324, "target_rescale": 4.145684811144474},
{"mapping": [8, 9, 14, 15, 1, 2, 5, 13, 11, 0, 7, 16], "R": [[-0.9515523823157176, -0.2724421497433397, -0.14255994792546087], [-0.014170090163762, -0.42428387448615773, 0.9054183576644365], [-0.30716001083154254, 0.863573082543824, 0.399867801719174]], "T": [-0.13408472418143874, 0.02312111428300087, 0.11810518658900168], "aligned_model": [[-0.6322590810808464, -0.011099417733940145, 0.4770345640163303, 0.6337301129102426, -0.3834382748758079, 0.1334465832651432, -0.34237236878091837, 0.4515417935995015, 0.21519871494958653, -0.08949326302216748, -0.4535975396897594, -0.12192622119435775], [-0.31667188936294266, -0.5768256453911499, -0.3678842740098941, -0.3078284955396692, 0.7275795008153485, 0.5619701035883676, 0.20154296167585395, 0.2842847708899525, -0.1379701666876407, 0.5492277677538095, 0.04214532567638654, 0.0065614306422173835], [0.11781255283544127, 0.15842120887136282, 0.5166915506625601, -0.11074421284566918, 0.04438359155452351, 0.12063882877865473, 0.6029744275218166, -0.18344577878765658, -0.6154909583421168, -0.4365273580560257, -0.6838030363233438, 0.0342814739848097]], "inverted": true, "swapped": true, "error_lsq": 0.048064611044706024, "error_max": 0.2331207144757553, "target": "477.xyz", "model": "11.xyz", "model_rescale": 3.6694154284099745, "target_rescale": 4.145684811144474},
{"mapping": [10, 15, 13, 14, 9, 7, 8, 4, 12, 1, 0, 5, 11, 16], "R": [[-0.24590822713122507, 0.9614845822454482, 0.12278657065605364], [-0.8703474273364996, -0.27478484970510086, 0.40864243795925304], [0.4266432931125423, -0.006378438432826122, 0.9043974878145363]], "T": [0.1981131228226266, 0.02528100401616496, 0.025503464452091888], "aligned_model": [[-0.09324220472591305, 0.0417333009521291, -0.19306827213208688, 0.6656358087329709, 0.40697706467924233, -0.5587189775893755, 0.32013616071637363, -0.35678866053712344, 0.6514309230754715, -0.06755836779480451, -0.4878558517693057, 0.6182761066444824, -0.47106236016854763, 0.12237018017229676], [-0.4143536921580312, 0.46453798923314904, 0.5919763653146516, 0.4235733815153761, -0.162344323765306, -0.39027100526532876, -0.5651541944024357, -0.3281413171284564, 0.599907800751628, 0.15183200931817137, 0.2181430148064576, 0.03213300391285002, 0.09807275226089521, 0.011075503742633358], [-0.4482600992887194, -0.705275550142163, -0.14162326083204838, -0.5294819478715188, -0.520261569115635, 0.030875357572846283, 0.013939921528185843, 0.621659802122741, 0.3745960998999103, 0.7163559720861303, 0.30594005176767125, 0.3911978675347377, -0.4572160813141448, -0.01335110429557794]], "inverted": true, "swapped": true, "error_lsq": 0.0511521740402935, "error_max": 0.26127203712250924, "target": "477.xyz", "model": "12.xyz", "model_rescale": 3.9764082729961374, "target_rescale": 4.145684811144474},
{"mapping": [1, 0, 4, 8, 5, 12, 14, 3, 7, 2, 11, 10, 13, 15, 9, 16], "R": [[-0.9394920033530884, 0.29145128254740577, 0.1800303461560659], [0.27022023547104407, 0.9535016862581412, -0.13347493639202368], [-0.21056068003683442, -0.07675079285814268, -0.9745632436215067]], "T": [-0.010337840225096456, 0.15606300119496144, -0.0030550683277837734], "aligned_model": [[-0.21509590282170812, -0.28703091000781933, -0.7359832908163014, -0.42142291646214924, 0.13160003873289502, 0.6138253876020252, 0.6952245735491417, -0.4649136310984825, -0.7523720808722378, 0.23064512185444289, -0.19241414315370034, -0.4087111802952583, 0.2807940465231016, 0.43785626510446285, 0.07977808830684245, -0.05293915233586071], [-0.14326437316886584, -0.5256296905841705, -0.11855597361610978, 0.5837206780374921, 0.49846411116471334, 0.21304199883878822, 0.3325828687646403, 0.43500766719264083, -0.2458751747497062, -0.26057110361301505, -0.4365949025335971, 0.16110547792589158, -0.48090167270444384, -0.20829222324823762, 0.4400435525576587, 0.10118287707956398], [-0.6605890552305251, -0.21549303085596533, -0.43462059511828965, 0.10536555870513076, -0.41890527901791946, -0.5175765066881051, 0.3922239525284443, -0.4078647291304395, 0.17953202402302845, -0.3639995069613015, 0.5462330660549637, 0.5833677847818554, 0.10472288536775184, 0.6433245649298663, 0.5335276816472179, 0.048148127816985166]], "inverted": true, "swapped": true, "error_lsq": 0.042250942336281676, "error_max": 0.2523244996330338, "target": "477.xyz", "model": "13.xyz", "model_rescale": 4.170626492500431, "target_rescale": 4.145684811144474},
{"mapping": [9, 14, 11, 13, 10, 4, 0, 6, 8, 12, 5, 2, 3, 16], "R": [[-0.417887808463706, -0.8168836434662932, 0.3975813030999262], [-0.9049656195267699, 0.4128430138654823, -0.10294597309751843], [-0.08004378184425544, -0.40281727735997075, -0.9117736747945567]], "T": [0.010368104012994464, 0.009466694421697282, 0.0889925174882465], "aligned_model": [[0.38537574874541836, 0.11122861681463751, -0.3783998348754768, -0.6317970230499246, 0.24405750828940742, -0.18723639210709508, -0.6214974298768394, 0.6458989621587541, 0.5330741655911979, -0.19874347441519782, 0.20334193597790814, -0.5232551207264924, 0.2808668951478429, -0.019731535582496608], [-0.2616466351247087, -0.7934261772085826, 0.13694486149948015, -0.1918975551443868, 0.23590041549660956, 0.8568588993515345, 0.4389518542370274, -0.323259984659903, 0.303074384030298, -0.4606548503011374, -0.07363212579847592, -0.05854722043806529, 0.5017198950056128, 0.045688706980362995], [-0.31418698426335834, -0.08540152297609215, -0.6312306646745164, -0.1327601536593433, -0.5408769448518422, 0.2653575348279617, 0.03720146232902015, 0.23251727288166335, 0.02410832353095675, 0.7157434509786773, 0.6049110823581633, 0.3583584664987294, 0.45346107350557924, 0.01667070463526782]], "inverted": false, "swapped": true, "error_lsq": 0.04957489241514923, "error_max": 0.3578553073416239, "target": "477.xyz", "model": "14.xyz", "model_rescale": 3.9786697098870705, "target_rescale": 4.145684811144474},
{"mapping": [13, 1, 14, 15, 5, 6, 7, 8, 9, 11, 3, 16], "R": [[-0.6016364303578248, 0.44805829497513594, -0.6612695138672797], [0.32498481538311474, 0.8935488132241945, 0.30976666727722046], [0.7296701141178095, -0.02853563893813299, -0.6832036606120429]], "T": [-0.02165643943784209, 0.05618484688085121, -0.08740700164803564], "aligned_model": [[0.0008714419987500693, -0.7298238058379277, 0.7388060849359132, 0.5844777986166516, -0.12532693244478404, 0.4160697476542011, -0.4569701729352826, -0.027954624919747616, 0.5258628053207128, 0.06885371756813027, -0.4836394091229434, -0.027872054066337602], [-0.5602478852976953, 0.07361097058434604, 0.04896762560048541, -0.5499988807916601, 0.5478811312522502, 0.6383203556828833, -0.3931500420406592, 0.3883680839243042, 0.0768086784833428, -0.7193619740460209, 0.4795359290652714, -0.016059502192408648], [-0.4361204080966682, -0.3365435034953417, -0.4143133314229276, -0.21617768808197943, -0.3278305282374683, -0.01870544006056722, 0.5076621278604976, 0.41583418378927806, 0.18915079680867727, 0.18908470806987562, 0.1485288683465402, -0.04060329160608629]], "inverted": true, "swapped": true, "error_lsq": 0.046998926035509425, "error_max": 0.21537997968716383, "target": "477.xyz", "model": "15.xyz", "model_rescale": 3.769337070930944, "target_rescale": 4.145684811144474},
{"mapping": [3, 12, 7, 0, 8, 6, 10, 14, 11, 13, 16], "R": [[0.03238928527719431, 0.4994710185886026, -0.8657249192378006], [0.5868241146407751, -0.7106678085586882, -0.3880576301974515], [-0.8090663709951754, -0.4954593499657217, -0.3161196606607088]], "T": [-0.03892257184487141, -0.05495878590682499, -0.07610182597849678], "aligned_model": [[-0.17615439227860757, -0.44098698872434344, -0.10429057283974008, -0.606690614030051, 0.32122420443624466, 0.4521976513272799, 0.4486127403681843, 0.3540095124582111, 0.05120263925165458, -0.3472399110902819, -0.02925813818737972], [0.0660751216522574, -0.7576533129903896, 0.8039289375941487, 0.42707238396027336, 0.11923952834293819, -0.5161552862752431, 0.45396295414109855, -0.599650622011881, 0.5426010364683146, 0.03484225277607735, 0.02180150396774757], [-0.7201812919586698, -0.030023002614439978, -0.13565063564652974, 0.10188488803059793, -0.5273072200954605, -0.36124141368626467, 0.0008818680832987785, 0.4077765352989449, 0.49038941889785226, 0.5555421008918884, -0.03785363997744057]], "inverted": true, "swapped": true, "error_lsq": 0.04080034682914486, "error_max": 0.18495299941940094, "target": "477.xyz", "model": "16.xyz", "model_rescale": 3.7852294659196426, "target_rescale": 4.145684811144474},
{"mapping": [5, 0, 7, 1, 2, 13, 15, 11, 8, 6, 14, 10, 16], "R": [[-0.732192155132578, -0.5057562631103991, 0.4561855437066319], [0.6706390139781595, -0.4184203196445238, 0.6125093868986635], [-0.11890315762296995, 0.7544103912547726, 0.6455439571974227]], "T": [0.059590813925012295, 0.061211851211954375, -0.13888717466270667], "aligned_model": [[0.12030628646236856, -0.32670658454250023, 0.2696995048906088, -0.20015174570131145, -0.48997786319919767, -0.5665346347043663, -0.3268161470575473, -0.1279976037542117, 0.6597021064289417, 0.47446423426266887, -0.14945353900632202, 0.4588996922281024, 0.05833214390904991], [-0.0387530907021948, -0.47050561861413287, -0.4064492947661533, -0.6240731699191255, -0.16375736276563146, 0.13336623205154177, 0.6960717757901516, 0.15467731613952218, 0.0020332899951425384, 0.4718155000079196, 0.8459431408459889, 0.22109975898104278, 0.053587146658803125], [-0.6835310226085987, 0.25410738132117217, 0.5558462622688956, -0.302569573552191, -0.23532770021338395, 0.18493148830231326, 0.30729871999365826, 0.6624787953736031, -0.14006841763322295, -0.5798980120937945, -0.2992628251949161, 0.4246789562900322, -0.05292935511039408]], "inverted": false, "swapped": true, "error_lsq": 0.040892246418908255, "error_max": 0.31303776178013115, "target": "477.xyz", "model": "17.xyz", "model_rescale": 3.901054581598922, "target_rescale": 4.145684811144474},
{"mapping": [10, 9, 11, 7, 14, 13, 6, 8, 15, 2, 12, 5, 3, 0, 16], "R": [[-0.7661190735454133, -0.6112253178003624, -0.1986584406204875], [-0.4998504709935216, 0.7609579099059227, -0.4136333714766792], [0.40399390069340463, -0.21759290023219008, -0.8885056319298557]], "T": [0.12520401452768692, 0.049097818049025375, 0.051433874459942436], "aligned_model": [[0.0949290979487273, 0.08076734336976399, -0.4557943744405797, 0.12039387662035758, -0.25580523708618086, -0.5515764206390527, 0.5124030792390649, 0.6160220190090719, -0.6393691986305866, -0.1696803583188209, 0.0597111036532135, 0.4818637130461755, 0.7307402688932464, -0.16980725389161494, 0.0842885523162491], [0.02774190386787522, -0.4313059535289539, 0.296956583445985, 0.684255502482695, -0.6780184060462844, 0.23229441177678126, -0.5710486205459192, -0.022224511260973114, -0.2829758839470271, 0.3318664112703551, -0.1412415083871361, -0.07244550992883672, 0.331563357011868, 0.7555624242287541, 0.08777714938792212], [-0.656553315858578, -0.3279399256478478, -0.4844014826656686, -0.5334240025886631, 0.15800326288281283, 0.15392830944157665, 0.07791309317078698, -0.2915644821718226, -0.18646142621870196, 0.49304771303476547, 0.8369529837841252, 0.46172323357056877, 0.09455233643670813, 0.06786495887169014, -0.013974851189775789]], "inverted": false, "swapped": true, "error_lsq": 0.03603393295802064, "error_max": 0.25523421564077214, "target": "477.xyz", "model": "18.xyz", "model_rescale": 3.9405287249114394, "target_rescale": 4.145684811144474},
{"mapping": [2, 13, 7, 15, 12, 4, 0, 5, 1, 3, 10, 8, 14, 6, 9, 16], "R": [[-0.6594366786198556, 0.32137924828877895, 0.6796018287645738], [-0.6803845045071938, -0.6396164948895373, -0.3577256846967004], [0.3197189279935019, -0.698287990899573, 0.6404480375862855]], "T": [0.06635256458992869, 0.021634100204045496, -0.010552743369715706], "aligned_model": [[-0.31720788809302225, -0.09391962476386403, 0.8015271183196415, 0.059838680663069826, -0.7393305668277658, 0.446419562954527, 0.20668591965905014, -0.2930348158209857, -0.11174096524193369, 0.21381602273775924, 0.7204602297732333, 0.45321245014819056, -0.3131418197258279, -0.07300759642571322, 0.2745144750111296, 0.13207391560389736], [-0.1875008460126751, -0.6249103667584367, -0.08877622087270483, -0.7739237777998987, 0.10006169281886851, 0.3320802446925667, -0.264504703500045, 0.44689724227394867, 0.23358131737518278, 0.6252714705520886, -0.1371199860147067, 0.4416698572214315, -0.3345617223490799, 0.4063497651218182, -0.09180272110471674, -0.03045911666600502], [-0.4241728667810619, -0.25219490885430185, -0.44968267222412295, 0.33366310168039415, -0.05832780110973393, -0.7504162262706496, -0.7068465055734472, 0.007004309938170417, -0.7085747752136352, -0.25994518801522826, 0.21206533711069622, 0.18321632693322037, 0.6331332328448607, 0.5958946762203643, 0.5555634887940778, -0.0309357728047253]], "inverted": false, "swapped": true, "error_lsq": 0.037517809839334365, "error_max": 0.27142859213756815, "target": "477.xyz", "model": "19.xyz", "model_rescale": 4.410303926677745, "target_rescale": 4.145684811144474},
{"mapping": [15, 13, 11, 14, 10, 12, 9, 0, 1, 3, 5, 8, 7, 16], "R": [[0.48710790303200147, -0.8700486148466141, 0.07577135743309926], [0.5317262018766903, 0.2266266600974239, -0.8160316189773996], [0.692815370096215, 0.43778506682683344, 0.5730192825916678]], "T": [-0.06817609232813958, -0.02726456949395522, 0.1587767830791058], "aligned_model": [[-0.1936944706046268, 0.16794508331343033, 0.41826399279685134, -0.7286807408043874, 0.1418553734578295, -0.4875106447745967, -0.39094625681029366, 0.6308197142756238, 0.35869194675925287, 0.09578746319599248, -0.3640441824167263, -0.09611793377252645, 0.7140312898242424, -0.005212744979192288], [-0.027735147682156285, -0.4230097639134718, 0.16642279640102253, -0.0908240653264884, 0.5968303153828296, -0.7054611404048462, 0.4108515966877866, -0.3276389981010062, -0.48657780690445057, 0.09774506471498898, -0.22608943447360205, 0.4839734145263426, 0.3366245113547025, 0.005837123919551192], [-0.6989435858014063, -0.37948931290655086, -0.48307512615698434, -0.3361140003646627, -0.10392240867815555, 0.30631185011633216, -0.12505508184896336, 0.07174843250682106, 0.5719216878271247, 0.7958079295944965, 0.5868504048497061, 0.47735493365591875, 0.12351340245463008, 0.10990591347671486]], "inverted": true, "swapped": true, "error_lsq": 0.038378846632580524, "error_max": 0.27957546399657773, "target": "477.xyz", "model": "20.xyz", "model_rescale": 4.121658175737393, "target_rescale": 4.145684811144474},
{"mapping": [7, 0, 1, 8, 5, 11, 2, 9, 13, 14, 12, 6, 16], "R": [[0.6909267269913328, 0.7228230916173559, -0.012125846517736405], [-0.18163210514477332, 0.18980357371783318, 0.9648753192949944], [0.6997356903215115, -0.6644557032855287, 0.2624282417378343]], "T": [0.1550664888950753, -0.057515165736732564, 0.011434444977167689], "aligned_model": [[0.09478383097363977, -0.28104028885299603, 0.10698741430288396, 0.6909823803547601, 0.47164689142206734, -0.3886750206299095, -0.24846000560965364, 0.26307053258409885, -0.5525599630838911, -0.0756909460974142, 0.027356587351627187, 0.6566871923250686, 0.11599429962401397], [-0.5227016222801388, 0.02451147026554424, 0.46245045788824446, -0.31986640789496773, 0.38146903875977256, -0.6356363957487572, 0.36836334286108313, -0.5124766761334234, -0.04193588584894142, -0.1373103804343421, 0.6637583318310432, -0.06815047301227073, -0.12164789608966281], [0.7363307959613252, 0.6355148710460636, 0.5510619442845349, 0.0986298797910764, -0.12042152288572458, 0.2485707765306269, 0.1445941882536667, -0.38609798426924163, 0.04490008523662481, -0.7795186621119023, -0.33643532150240335, -0.5209840278132206, 0.053964716960362924]], "inverted": true, "swapped": true, "error_lsq": 0.04659709345664108, "error_max": 0.2580381772009559, "target": "477.xyz", "model": "21.xyz", "model_rescale": 4.08911054899281, "target_rescale": 4.145684811144474},
{"mapping": [12, 3, 14, 4, 13, 2, 1, 7, 0, 8, 6, 10, 15, 9, 11, 5, 16], "R": [[-0.31908383997766804, 0.7411672595632972, 0.5906408353784376], [0.8116448398971972, 0.5354710235641932, -0.23345971128091664], [-0.4893037471074175, 0.40489736511188607, -0.7724247321209317]], "T": [0.014860485110051691, 0.07416856199177826, 0.021881258555451363], "aligned_model": [[-0.06176840619528647, -0.30503226399422745, 0.20988795170855537, -0.545524533951861, -0.4923585874841613, -0.10251458645959186, 0.03871425332416165, -0.47314955652988855, -0.6555956824710633, 0.22695691068371548, -0.26292701657009115, 0.09333659840622346, 0.47846092008397995, 0.5166321749772862, 0.6441877441854363, 0.5221779162964345, -0.03259812423497301], [0.7679647828594778, 0.23839213281749752, 0.3373084391161437, -0.1563032820259409, 0.4005536783766209, -0.45453179309387115, -0.7090717987446125, 0.5059062584707779, -0.21534259183253537, -0.2749199136979724, 0.06959706733820012, 0.7288075149930767, -0.27201601225292105, 0.5777617197637364, -0.3241397969781751, 0.3170887417366993, 0.07394338638678809], [-0.2184192261737687, -0.7686742873426434, -0.5299740470149557, -0.32329050360624584, -0.24817713184810114, -0.45556282872554354, 0.148229651190877, 0.30691625413849344, 0.28024382810265425, 0.5821618672325275, 0.7135295318116679, 0.48709599399514814, -0.42167019859599847, -0.024666719441088034, 0.19849009870161755, 0.4477308379086698, 0.018237067644804855]], "inverted": false, "swapped": false, "error_lsq": 0.030360743171095567, "error_max": 0.2240035445939093, "target": "477.xyz", "model": "22.xyz", "model_rescale": 4.204369325754507, "target_rescale": 4.145684811144474},
{"mapping": [2, 13, 7, 15, 12, 4, 0, 5, 1, 3, 10, 8, 14, 6, 9, 16], "R": [[-0.6594366786198556, 0.32137924828877895, 0.6796018287645738], [-0.6803845045071938, -0.6396164948895373, -0.3577256846967004], [0.3197189279935019, -0.698287990899573, 0.6404480375862855]], "T": [0.06635256458992869, 0.021634100204045496, -0.010552743369715706], "aligned_model": [[-0.31720788809302225, -0.09391962476386403, 0.8015271183196415, 0.059838680663069826, -0.7393305668277658, 0.446419562954527, 0.20668591965905014, -0.2930348158209857, -0.11174096524193369, 0.21381602273775924, 0.7204602297732333, 0.45321245014819056, -0.3131418197258279, -0.07300759642571322, 0.2745144750111296, 0.13207391560389736], [-0.1875008460126751, -0.6249103667584367, -0.08877622087270483, -0.7739237777998987, 0.10006169281886851, 0.3320802446925667, -0.264504703500045, 0.44689724227394867, 0.23358131737518278, 0.6252714705520886, -0.1371199860147067, 0.4416698572214315, -0.3345617223490799, 0.4063497651218182, -0.09180272110471674, -0.03045911666600502], [-0.4241728667810619, -0.25219490885430185, -0.44968267222412295, 0.33366310168039415, -0.05832780110973393, -0.7504162262706496, -0.7068465055734472, 0.007004309938170417, -0.7085747752136352, -0.25994518801522826, 0.21206533711069622, 0.18321632693322037, 0.6331332328448607, 0.5958946762203643, 0.5555634887940778, -0.0309357728047253]], "inverted": false, "swapped": true, "error_lsq": 0.037517809839334365, "error_max": 0.27142859213756815, "target": "477.xyz", "model": "23.xyz", "model_rescale": 4.410303926677745, "target_rescale": 4.145684811144474},
{"mapping": [10, 4, 8, 2, 3, 5, 12, 1, 0, 13, 7, 11, 15, 9, 6, 14, 16], "R": [[0.090293234913213, 0.33186015558988474, 0.9389973210083002], [0.8774398285092291, -0.47251748628405044, 0.082623074873168], [0.47111196023302376, 0.8164533436073735, -0.3338524503994812]], "T": [0.05237320137587549, 0.13182523043691993, 0.06985484073334083], "aligned_model": [[-0.05574368446572696, -0.1966641960307398, 0.21744820782536128, -0.6347385408242628, -0.7498512947386476, 0.0533838460390343, -0.1588800041301628, -0.5964081992342042, -0.5971610219492252, 0.2980516203256798, -0.2517113225079132, 0.2041519482549793, 0.663144588145736, 0.4886969751543612, 0.49887450898690244, 0.6777833086437761, -0.061491027720298394], [0.7104623664494115, 0.12433380935796322, 0.46402309704031774, -0.22167280027869338, 0.31460268395538765, -0.3708836206829469, -0.6198957198859295, 0.5995505445790009, -0.2434596913023789, -0.2400480763169274, 0.09809754184622489, 0.6245804075699102, -0.015467024437747917, 0.5360879419595697, -0.475278904269529, 0.1663607778807345, 0.15960519976862272], [-0.2081267235812558, -0.5718683287831632, -0.6636991701781307, -0.4157484409578496, -0.2938472969468837, -0.3081462479304894, 0.2608091043485667, 0.3807423996729875, 0.15733244547166286, 0.6134898120288053, 0.6600462859771672, 0.43711092851842726, -0.26863813643443835, -0.1266475972577429, 0.16965084107290612, 0.3264079223841849, 0.04333239057336239]], "inverted": false, "swapped": false, "error_lsq": 0.04841331766219887, "error_max": 0.47103872897529847, "target": "477.xyz", "model": "24.xyz", "model_rescale": 4.28219845311461, "target_rescale": 4.145684811144474},
{"mapping": [8, 3, 9, 4, 10, 1, 6, 7, 5, 0, 12, 2, 13, 11, 14, 16], "R": [[-0.012709454174006707, 0.7078652104897258, 0.7062331863860087], [0.5526690066932254, -0.5836290318602178, 0.5949236272082568], [0.8333039294371067, 0.39787434819078416, -0.38379755631900037]], "T": [-0.10853441745022607, 0.11167763673953573, -0.005468451835172699], "aligned_model": [[-0.133192290729598, -0.4120764626147495, 0.09344133303272267, -0.018702750656547945, 0.4600569675289008, -0.35154918490859166, -0.5042723633248339, 0.5148780970602758, -0.6629070453945546, 0.22335404255323044, -0.7377124107062698, -0.21833592868955048, 0.23834728303269315, 0.7028965673771311, -0.1616508520890016, -0.024254235350246206], [0.1510355210579344, -0.2809443466023653, 0.651830087559307, -0.7255351735487625, 0.26416540665028865, -0.5814728747922999, 0.6347150797473498, -0.3969862760940834, 0.09004345493237031, -0.519476471802063, 0.16766113948381578, -0.18583975780197998, 0.04146521436614185, 0.07509534278435887, 0.8658310616181304, 0.0935239681560901], [-0.6067005260467057, -0.45494630760772664, -0.21553512646114575, -0.2869479131359991, -0.4005251873234464, 0.15060805611649258, -0.3295505115757417, -0.3187175833584957, -0.055660392286558176, 0.2736164997505127, 0.5030190621700578, 0.5057699281374449, 0.6084054441684582, 0.15687106320919222, 0.33165814726664167, -0.00943863244523481]], "inverted": false, "swapped": true, "error_lsq": 0.05029435895903848, "error_max": 0.3899146316563881, "target": "477.xyz", "model": "25.xyz", "model_rescale": 4.100010024507729, "target_rescale": 4.145684811144474},
{"mapping": [8, 9, 14, 15, 1, 2, 5, 13, 11, 0, 7, 16], "R": [[-0.9515523823157176, -0.2724421497433397, -0.14255994792546087], [-0.014170090163762, -0.42428387448615773, 0.9054183576644365], [-0.30716001083154254, 0.863573082543824, 0.399867801719174]], "T": [-0.13408472418143874, 0.02312111428300087, 0.11810518658900168], "aligned_model": [[-0.6322590810808464, -0.011099417733940145, 0.4770345640163303, 0.6337301129102426, -0.3834382748758079, 0.1334465832651432, -0.34237236878091837, 0.4515417935995015, 0.21519871494958653, -0.08949326302216748, -0.4535975396897594, -0.12192622119435775], [-0.31667188936294266, -0.5768256453911499, -0.3678842740098941, -0.3078284955396692, 0.7275795008153485, 0.5619701035883676, 0.20154296167585395, 0.2842847708899525, -0.1379701666876407, 0.5492277677538095, 0.04214532567638654, 0.0065614306422173835], [0.11781255283544127, 0.15842120887136282, 0.5166915506625601, -0.11074421284566918, 0.04438359155452351, 0.12063882877865473, 0.6029744275218166, -0.18344577878765658, -0.6154909583421168, -0.4365273580560257, -0.6838030363233438, 0.0342814739848097]], "inverted": true, "swapped": true, "error_lsq": 0.048064611044706024, "error_max": 0.2331207144757553, "target": "477.xyz", "model": "26.xyz", "model_rescale": 3.6694154284099745, "target_rescale": 4.145684811144474},
