[{"mapping": [10, 0, 4, 3, 9, 2, 1, 6, 7, 5, 8, 11], "R": [[0.21457235327659363, 0.041712764474831354, -0.9758169656699007], [-0.8648180681192635, -0.4562123995799713, -0.20966629563177264], [-0.45392556026711034, 0.8888927335451404, -0.06181661578279862]], "T": [-0.03368521029061096, 0.057924825874081994, -0.08094653633474864], "aligned_model": [[0.42524898531448657, -0.4293993611028626, -0.694347057394228, -0.07479525076548275, 0.36706823353352536, -0.6878911221471277, -0.07971732488121064, 0.42013147403674417, 0.722792175625803, 0.1209949062833482, -0.18560891432732096, -0.05683139283903805], [-0.2711407304322248, -0.3976146303481338, 0.0028637801380893488, 0.25061617722048085, 0.44800541057785903, 0.17817460183919864, -0.07543916564438796, 0.4206232168948295, -0.3220161390901306, -0.7279324673255475, 0.6592959706870082, -0.004378625662795246], [-0.4589103040718001, 0.05574841116956809, -0.5422952891970843, -0.7406529274477789, -0.3188335665155036, 0.37326141368236193, 0.6132981249421922, 0.35224485512178, 0.34330590927416504, 0.13628308593515903, 0.0546094485178827, -0.06058014126519299]], "inverted": true, "swapped": false, "error_lsq": 0.04032912600939512, "error_max": 0.23503390132232016, "target": "478.xyz", "model": "0.xyz", "model_rescale": 3.751011558992144, "target_rescale": 3.76944061135251},
{"mapping": [6, 11, 12, 7, 1, 13, 5, 8, 4, 10, 0, 14], "R": [[0.2987149820609293, 0.9495977003913803, 0.09504507827205666], [0.2028332355535064, -0.16048923619378266, 0.9659719890456617], [0.9325384914561086, -0.26927200462977763, -0.24055051335515082]], "T": [-0.05158837215554714, 0.06145475938113721, 0.06721396071336251], "aligned_model": [[0.21952451068052498, -0.2975703429554963, -0.6803825321848391, -0.1264934933171622, 0.4513199148288145, -0.6861645524862463, -0.19559509413971582, 0.37186303562654494, 0.6952866877916128, 0.19654467633546996, -0.0037016080862774248, -0.09698585075659327], [-0.24705363003382297, -0.5671671688408995, -0.014927943005692633, 0.22030895957415975, 0.3512908546089431, 0.1696064847778212, 0.0015575089296958403, 0.29466011448524493, -0.1642034304173956, -0.6894552398283748, 0.7724283015892545, 0.03401258701531179], [-0.5613129867527286, -0.35829553427641725, -0.3210626045933183, -0.5721854369263625, -0.318485199541608, 0.40354486020253977, 0.6719952686316479, 0.5218813333474721, 0.19694443560489971, 0.28405010037321254, -0.19303207404317668, 0.05343685811958848]], "inverted": true, "swapped": false, "error_lsq": 0.04671099667335731, "error_max": 0.28803636375190994, "target": "478.xyz", "model": "1.xyz", "model_rescale": 3.9405287249114394, "target_rescale": 3.76944061135251},
{"mapping": [3, 9, 11, 6, 7, 5, 2, 1, 4, 8, 0, 12], "R": [[-0.9498658603399119, -0.04262016345781214, 0.309739195174825], [0.0009574123225309997, -0.9910572951475725, -0.13343358309069744], [0.3126562500932352, -0.12644745707845126, 0.9414122953711778]], "T": [0.01740848297180731, -0.0005267117960984866, -0.052525025135561204], "aligned_model": [[0.32297860127385625, -0.4689344207755761, -0.6021092852888523, -0.05539529613037703, 0.6361535043864429, -0.6383849768100844, -0.193250200406018, 0.4257743884241486, 0.6232850480255827, 0.10847420776502797, -0.33093250996889306, 0.019986290841379123], [-0.24475076242562793, -0.6427166134049058, -0.014142900154477661, 0.3638239227782136, 0.2809594574870602, 0.10510734442781218, 0.10979207277570813, 0.4841636189783771, -0.27118105270348564, -0.7566052382609506, 0.7545577713902614, -0.00795022203373963], [-0.469395741861824, -0.01452742868140583, -0.4041308033319714, -0.44914060504028464, -0.4609732937486576, 0.24218273629892997, 0.5859280368899342, 0.42238433766547334, 0.1740925768935758, 0.09149603477022358, 0.05441404239428688, 0.035149127897468824]], "inverted": true, "swapped": false, "error_lsq": 0.05099294835345297, "error_max": 0.3726974806034043, "target": "478.xyz", "model": "2.xyz", "model_rescale": 3.932901565614263, "target_rescale": 3.76944061135251},
{"mapping": [6, 7, 9, 12, 10, 8, 3, 1, 2, 4, 11, 13], "R": [[-0.6259060151405584, 0.3887915005528637, 0.6760790111434608], [-0.7197683211700524, -0.6217503533054622, -0.30880424544454926], [0.300291898077373, -0.6799026895537226, 0.6689970916877763]], "T": [-0.04596429656065441, -0.007083693335867438, 0.07747272006296066], "aligned_model": [[0.438589994495779, -0.5293369824645742, -0.5982244172871917, -0.009475602794473105, 0.2821439059283986, -0.7168843236221081, -0.23545112945015872, 0.5649163354594282, 0.6928868769626155, 0.2371602666272695, -0.2570789335555444, -0.021600638962803932], [-0.1278031870194239, -0.5321768470998466, -0.08264581442744122, 0.13211508769984265, 0.5008055090554583, 0.26230521900570813, 0.09804378700203462, 0.2670629155808743, -0.3834663407138331, -0.8329475940374585, 0.8601934223004718, -0.0004287584921409352], [-0.3887098659967736, 0.09672301199246014, -0.4011629078421275, -0.6724753346347933, -0.3066353452714421, 0.20429013498374357, 0.5397804434686247, 0.39439086588984296, 0.1589276113485106, 0.1093428279287236, 0.10861293694493193, -0.035605358665951825]], "inverted": true, "swapped": false, "error_lsq": 0.04628322615569858, "error_max": 0.23270274204697822, "target": "478.xyz", "model": "3.xyz", "model_rescale": 3.9243930471874484, "target_rescale": 3.76944061135251},
{"mapping": [2, 5, 6, 3, 4, 11, 9, 8, 7, 1, 10, 12], "R": [[-0.7064021909632572, -0.44629539692510856, 0.5493781605467861], [-0.48242707139251173, -0.264377530997697, -0.8350860086788706], [0.5179382833793568, -0.8549414832531067, -0.028548114176309092]], "T": [-0.04591677815419192, 0.05009551437544461, 0.01769504001935481], "aligned_model": [[0.5586539630540518, -0.49081667233590087, -0.6564368641125063, -0.05974552992097994, 0.44791973872011387, -0.7212509145432846, -0.14690932122004619, 0.3166925966217129, 0.712717315380254, 0.14518175807545577, -0.17093937493201145, -0.0874213434502221], [-0.28393091103704593, -0.5411031401395322, 0.08296498877076539, 0.14548482901613966, 0.2820635571320096, 0.22962597449035313, 0.004340338558608499, 0.3668287255743127, -0.20684554758555515, -0.6056457181964795, 0.7432577469025209, -0.0559834446318516], [-0.593970764415262, -0.14408052930948012, -0.36662427647558604, -0.6483852964578792, -0.2161501890985779, 0.3889452245392359, 0.7143975316956347, 0.4233191063227586, 0.054767424859018365, 0.226609102108111, -0.014292288908249066, -0.017056024713974834]], "inverted": true, "swapped": false, "error_lsq": 0.03831615428053848, "error_max": 0.22916533365151676, "target": "478.xyz", "model": "4.xyz", "model_rescale": 3.8936222436046832, "target_rescale": 3.76944061135251},
{"mapping": [2, 1, 5, 4, 10, 6, 9, 8, 3, 0, 7, 11], "R": [[0.6391595635942073, 0.40549627243158975, -0.6534889634187776], [0.24087657283395408, 0.7014074558102688, 0.6708249082983837], [0.7303790310009123, -0.5861743375292474, 0.3506367309571499]], "T": [0.02955455116649079, 0.07357596081457674, 0.038096783621493865], "aligned_model": [[0.3621097592420211, -0.4353077489071297, -0.6618450711673669, -0.0797442221130045, 0.44998454726757764, -0.7053522711201899, -0.06462135875848292, 0.4372000383417221, 0.5375926069503952, 0.2625274377884966, -0.1587959353680643, -0.0961024308193379], [-0.3498060404162307, -0.5674438171308434, 0.18645141164760876, 0.10830742406435633, 0.3948078878853621, 0.2401985199547677, -0.13169856423765935, 0.433083455406268, -0.14448720427509962, -0.7595893361996131, 0.6928081095244427, 0.05842555263088602], [-0.4789266003175305, -0.08881047942564625, -0.36982055099754635, -0.7476971477160914, -0.3076141749752713, 0.2964715375154879, 0.6134481642365401, 0.5385389325746943, 0.1950293239933733, 0.22323870466394097, 0.009405885859066113, -0.07578457526526762]], "inverted": false, "swapped": false, "error_lsq": 0.03600127478472261, "error_max": 0.19098675721016437, "target": "478.xyz", "model": "5.xyz", "model_rescale": 3.6523030999806103, "target_rescale": 3.76944061135251},
{"mapping": [3, 1, 2, 4, 11, 6, 8, 9, 7, 5, 10, 12], "R": [[-0.4163367445487032, 0.7005318011349008, 0.5795851194926247], [-0.15820943491010467, -0.6835531391062621, 0.7125481602835002], [0.8953398739272218, 0.20496414714936634, 0.39541902905565846]], "T": [-0.03943345273658066, -0.026421062935171456, 0.02469212400909325], "aligned_model": [[0.21829719485804022, -0.5015835587857466, -0.5623921531002958, -0.04547971397869211, 0.6284688348689774, -0.6136722508822333, -0.14154587303619998, 0.3208032205336765, 0.6209064683817425, 0.1509967787107237, -0.2516291308893683, 0.02447553465601255], [-0.3669048421911759, -0.5231496442987903, 0.010083220535648953, 0.26987046836096046, 0.44322758782102345, 0.1515945442311636, -0.09791050999829559, 0.42851576920488155, -0.1835452017361299, -0.5879964465229773, 0.7243397832238611, -0.10706732977592434], [-0.5232918285862227, -0.12380993634251945, -0.5243008351545867, -0.466537326588184, -0.30379787917993384, 0.2720475532633286, 0.6866327673039838, 0.455882213382902, -0.05329026682811984, 0.35976367679428445, 0.026738514696454954, 0.0014423673843622364]], "inverted": true, "swapped": false, "error_lsq": 0.045005885487295005, "error_max": 0.2521807247562766, "target": "478.xyz", "model": "6.xyz", "model_rescale": 4.08911054899281, "target_rescale": 3.76944061135251},
{"mapping": [11, 9, 8, 10, 12, 4, 6, 7, 13, 1, 5, 14], "R": [[-0.882745507836447, -0.20030072069830884, -0.42501763455451075], [0.10530903424065519, -0.9659106976793852, 0.23648790966098865], [-0.457897778660122, 0.16400044328068594, 0.8737468048020918]], "T": [-0.0360740909419168, -0.026611916056588275, 0.07271364901159677], "aligned_model": [[0.17858427040376842, -0.3873665237035653, -0.6081187164801215, -0.12744968396046827, 0.46153102979232374, -0.5973882305339446, -0.18051954035108167, 0.3362256943877504, 0.6919783722318016, 0.2104769987523328, -0.0640500513073227, -0.06625826789483637], [-0.2465265700271124, -0.685113332551038, -0.05719252885383576, 0.27941927995968396, 0.3096321123591914, 0.3919398908054884, -0.0015954598150066945, 0.42076209496160866, -0.10294386463074322, -0.7077445704727173, 0.73391300463827, -0.17349265751954346], [-0.4273767386490405, -0.1671338422552422, -0.2973927489319999, -0.5732509835863042, -0.3111235758441841, 0.1538943817553166, 0.5498432493463201, 0.5831432020807983, 0.06996285909278271, 0.1876785398000948, 0.036376062038314144, 0.002858615298893738]], "inverted": true, "swapped": false, "error_lsq": 0.04870984393728029, "error_max": 0.25221646754566096, "target": "478.xyz", "model": "7.xyz", "model_rescale": 3.964800864290218, "target_rescale": 3.76944061135251},
{"mapping": [8, 9, 12, 7, 1, 4, 6, 0, 5, 10, 2, 13], "R": [[0.41524784966597467, 0.8786928782084817, 0.23551655808770444], [-0.35387590457356743, -0.08247760631735555, 0.931648693778078], [0.8380579141742077, -0.4702087517708005, 0.27669958844949916]], "T": [-0.017647439714412252, 0.040599989044246734, 0.10002130500410462], "aligned_model": [[0.23003741101641995, -0.25190150591075977, -0.5847668564009706, -0.07460907056234842, 0.4675456840878091, -0.642536790860972, -0.2306589032930097, 0.3112505246596784, 0.6616841600502258, 0.16135481297523774, -0.2076667221371557, 0.007912607712481604], [-0.36374931906598823, -0.5302936567430142, -0.06798940764263524, 0.31105863162003927, 0.4393439358960491, 0.28252657910705253, 0.050345213572225, 0.5760089026107589, -0.44165678915362633, -0.747975075570444, 0.6723567012054417, -0.018918316981612636], [-0.5051327523701317, -0.20503967981503102, -0.38707093208538806, -0.5560737035342289, -0.31072288380017327, 0.31467968210142905, 0.6394997291894856, 0.4440021138101337, 0.029256197699685682, 0.24576619859286375, 0.041841783685044834, 0.05647326667205941]], "inverted": true, "swapped": false, "error_lsq": 0.04356733282953679, "error_max": 0.23182456594523906, "target": "478.xyz", "model": "8.xyz", "model_rescale": 4.121658175737393, "target_rescale": 3.76944061135251},
{"mapping": [5, 7, 11, 10, 0, 8, 6, 1, 4, 9, 2, 12], "R": [[-0.9187273904949212, -0.25186090476629913, -0.30414809978807045], [0.17601047158642258, 0.4282941594150299, -0.8863320071524543], [0.35349723598115734, -0.8678307425191127, -0.3491554188214868]], "T": [-0.09073370463432759, 0.03850697122243657, -0.06713921971940186], "aligned_model": [[0.2532862031792519, -0.4694509427390643, -0.6376817368575189, -0.05077723489339066, 0.5586498720942757, -0.6804794708305082, -0.1424742692481859, 0.34956427326718953, 0.7382470680675993, 0.12830021287087331, -0.16767383190306528, -0.03186479167082004], [-0.2945659324338047, -0.5139548626872643, 0.06704301525433662, 0.13076415076014966, 0.41602301314871937, 0.13645180272343763, -0.11403947870929149, 0.38532814166052354, -0.1539863790855056, -0.6698110194617615, 0.6935811991003662, 0.07822374858434007], [-0.45756290003824873, -0.1481952864180489, -0.3881775644567438, -0.8197167399423706, -0.30082030899655615, 0.34898585638539176, 0.6068300263746905, 0.3338401838730039, 0.18557624537220058, 0.31167416981477536, 0.15035658172258182, -0.015311243544926495]], "inverted": false, "swapped": false, "error_lsq": 0.03788136629750712, "error_max": 0.21713474501460833, "target": "478.xyz", "model": "9.xyz", "model_rescale": 3.833441315466971, "target_rescale": 3.76944061135251},
{"mapping": [13, 8, 9, 2, 5, 7, 12, 1, 0, 10, 4, 14], "R": [[-0.10162999490691338, -0.9930483634204221, -0.05938259040528837], [-0.6867739736839453, 0.11322054625767614, -0.7179990368903548], [0.7197310978452885, -0.03218782088204947, -0.6935063741461076]], "T": [-0.07626527521260196, 0.07346648844238596, 0.11888315874854233], "aligned_model": [[0.4068745252823446, -0.4210139355720513, -0.6282748093014995, -0.11127461149368233, 0.3761810867637038, -0.7371562729222711, 0.03037060508954073, 0.5496475589198189, 0.5597046185853481, 0.06257498961915864, -0.09556548787819476, -0.14442291575557914], [-0.15414238810003003, -0.5653627102387608, -0.08812143057763222, 0.11218820378201122, 0.3881955998973522, 0.11806527460612931, 0.005836040158011424, 0.2904579706686361, -0.1701650437804052, -0.7271065893975743, 0.8634303191615895, 0.08778215267491858], [-0.4731106536443385, -0.16502700040309676, -0.4530302483634548, -0.5980026271769077, -0.2731284194021339, 0.190632822168344, 0.7080138478217006, 0.4456196789347634, 0.11589444781143945, 0.24362397572185518, 0.011658030925148666, 0.05433516575242957]], "inverted": false, "swapped": false, "error_lsq": 0.042118257507295524, "error_max": 0.21298788852017952, "target": "478.xyz", "model": "10.xyz", "model_rescale": 4.2482417240324, "target_rescale": 3.76944061135251},
{"mapping": [1, 8, 10, 0, 6, 9, 7, 5, 2, 3, 4, 11], "R": [[-0.2762589654804219, 0.22313529022332088, -0.9348217082677539], [0.5797910096700554, -0.7370525151566555, -0.3472693119281147], [-0.7665007300045219, -0.6379374829544059, 0.07424553013032054]], "T": [0.03639958882929914, -0.02086426992634116, -0.0462745362778472], "aligned_model": [[0.25841431214076505, -0.3373498763517, -0.5638021048127675, -0.10216544928773011, 0.4820578443775412, -0.6474925283849081, -0.1137174847672682, 0.16694872143387904, 0.7239655584810119, 0.13482609090942183, -0.11922690752429113, -0.034812824877317086], [-0.43346723100178264, -0.5015590556557067, 0.06064609788131575, 0.14845358007277148, 0.43208938043183664, 0.22321800328244848, -0.18290855848359336, 0.5131320484164433, -0.24431803932875054, -0.7666304297013834, 0.840287506217548, 0.07211409672309847], [-0.5750607056345284, -0.12438784631096955, -0.2656289285829652, -0.7715128914529968, -0.17551790373581672, 0.34363098824880617, 0.5938526069180405, 0.46557605353726034, 0.11208813830626221, 0.2573974661761219, -0.052405793015021726, -0.0005521643084434591]], "inverted": true, "swapped": false, "error_lsq": 0.044462843395370204, "error_max": 0.31427690500742383, "target": "478.xyz", "model": "11.xyz", "model_rescale": 3.6694154284099745, "target_rescale": 3.76944061135251},
{"mapping": [8, 4, 1, 2, 10, 0, 6, 7, 9, 11, 12, 13], "R": [[-0.11230015849799452, 0.2812970549719148, 0.9530270936680936], [-0.9900773905021362, 0.04985613362251143, -0.13138160737597648], [-0.08447150536012882, -0.9583247533087843, 0.272907002434624]], "T": [-0.031713449243938104, 0.0536741713045522, 0.054210778425412], "aligned_model": [[0.3218221287472873, -0.5114866913455939, -0.6564362177773201, -0.027404300627643298, 0.4296254155671276, -0.7076714277625333, -0.14976578854786687, 0.4987039716521057, 0.7401217345388565, 0.2296570224363198, -0.16570506874307545, -0.15381542680102767], [-0.3690057844267541, -0.5057948487560971, 0.12981370401659353, 0.16325234433560948, 0.4280041577539401, 0.13506681491395583, -0.14241984647436992, 0.3465443671901758, -0.16691487044939246, -0.6114574756094, 0.7017272579005132, 0.05224157845947141], [-0.4643951427020673, -0.012801918177061847, -0.5118260826851878, -0.5894410130159662, -0.1706720807881812, 0.2714523795721203, 0.5713815575978821, 0.4843848437076532, 0.03697156083455155, 0.23945121060545094, -0.10019758638665216, 0.053171291583207374]], "inverted": false, "swapped": false, "error_lsq": 0.03781382028888001, "error_max": 0.1892357755755961, "target": "478.xyz", "model": "12.xyz", "model_rescale": 3.9764082729961374, "target_rescale": 3.76944061135251},
{"mapping": [3, 6, 13, 11, 8, 12, 9, 2, 7, 4, 10, 15], "R": [[0.8231281322570636, -0.3866344457959894, 0.4159012902252482], [0.5207992288961947, 0.8059225943251402, -0.28152608251699296], [-0.22633656591043153, 0.4483331097301021, 0.8647364810458786]], "T": [-0.09492816659487249, -0.04454373109544649, 0.0817326897236937], "aligned_model": [[0.4587118616891066, -0.4774159517806743, -0.6140888724794419, -0.10178630573350658, 0.3485341035815982, -0.598192931154235, -0.20643859004548337, 0.5280633041302114, 0.6155975392078386, 0.14694207328244593, -0.2147740663992383, -0.03750681296198431], [-0.1306297787223267, -0.6536099529638977, -0.027028556718465824, 0.29919587281726856, 0.4138992599903334, 0.3071291363900982, 0.006773278228290103, 0.33740117468730335, -0.2849326694811076, -0.7019105463376099, 0.7167506053253225, -0.12198042436096292], [-0.5463718866004313, -0.17594974518753997, -0.24175753627838886, -0.6340471293400288, -0.22293774780315817, 0.2556990829603529, 0.6703166824839072, 0.4015126613550058, 0.17338463252014663, 0.24057657238617403, -0.1467728738672356, 0.033826307516945646]], "inverted": true, "swapped": false, "error_lsq": 0.03913188119473435, "error_max": 0.21311081888800562, "target": "478.xyz", "model": "13.xyz", "model_rescale": 4.170626492500431, "target_rescale": 3.76944061135251},
{"mapping": [12, 10, 9, 11, 6, 1, 0, 2, 4, 8, 3, 13], "R": [[0.038992060246524275, -0.8693112872628529, 0.49272457324060187], [0.9053923619883323, 0.2393682144489337, 0.35066726217985883], [-0.4227816103982291, 0.43243582616260084, 0.7964012595169279]], "T": [0.006193566730870454, -0.0038555551639967243, 0.03870083917291075], "aligned_model": [[0.30973085685138496, -0.2759327922343372, -0.712191524734947, -0.12896016797123297, 0.47274523120313966, -0.674825162720247, -0.1279199100185945, 0.35074807033557287, 0.6429807966332866, 0.14554911770466417, -0.18554612652749297, 0.03126696281543978], [-0.5020456927714068, -0.41429080012919545, 0.04164433062575492, 0.2354662435144737, 0.5647202236155564, 0.17143537861666605, -0.010854221221523417, 0.36852496683063585, -0.2646329528389604, -0.7166440692518619, 0.6553316328866872, 0.03240235897741951], [-0.4033147957125279, -0.22639524197922792, -0.3329966981025564, -0.6125427372288228, -0.3693927716487572, 0.3490249416310268, 0.6199262692389639, 0.45768426142379925, 0.21063193958264437, 0.19384225015697673, -0.02596557845559632, -0.05302281876017321]], "inverted": true, "swapped": false, "error_lsq": 0.04168515820889632, "error_max": 0.24955349418297365, "target": "478.xyz", "model": "14.xyz", "model_rescale": 3.9786697098870705, "target_rescale": 3.76944061135251},
{"mapping": [0, 9, 6, 1, 4, 7, 8, 5, 2, 3, 10, 11], "R": [[0.4142604895295982, 0.2560807896424568, -0.8733904487632055], [-0.4505366855629284, 0.8914832237180208, 0.047690216934883234], [0.7908254812388563, 0.37373826537487576, 0.4846800668667016]], "T": [-0.05444410267424321, 0.03183004888783265, -0.03462058895728202], "aligned_model": [[0.3304170214776551, -0.34563901252537277, -0.7763341916476036, -0.1800283463940425, 0.4282823502522009, -0.5228562975510829, 0.03930527714180565, 0.23904069057948196, 0.737681167109101, 0.18594110394582383, -0.15260205011976052, -0.13556236093156965], [-0.34235837898424637, -0.5180905966242104, -0.0428351709424098, 0.2691917556780055, 0.4031908460056922, 0.37632698301437784, -0.14211554645911226, 0.37669014790432903, -0.21160899419052823, -0.8310605706813777, 0.8333371989031938, -0.00961027476946786], [-0.4769671969943533, -0.049010730222566655, -0.35188309098620346, -0.6579664876133365, -0.09771623143906547, 0.27968480943537793, 0.4482687458446969, 0.6284011120187101, 0.2244593321921363, 0.17222225815218284, -0.23530017019170477, -0.07671333005012457]], "inverted": false, "swapped": false, "error_lsq": 0.057060281775540324, "error_max": 0.3129995711084093, "target": "478.xyz", "model": "15.xyz", "model_rescale": 3.769337070930944, "target_rescale": 3.76944061135251},
{"mapping": [6, 5, 8, 7, 9, 1, 0, 2, 4, 10, 11], "R": [[-0.013863957463483609, 0.653475171269515, 0.75682097699372], [-0.9998256436312696, -0.018528745026703833, -0.0023168826152715205], [0.012508917649751539, -0.7567211415984183, 0.6536181154444989]], "T": [0.02034372288422344, 0.05716751896874464, 0.005535395961667917], "aligned_model": [[-0.4405414368756028, -0.34307202910561585, 0.07870637562629008, -0.5347543850288005, 0.31477139284115513, 0.46302819641477116, 0.6076923179603257, 0.3060851537367614, -0.08078424090540244, -0.5120841238350561, 0.06357890986234499], [-0.10617015340627736, -0.6280240389630493, 0.7424756184137122, 0.5165857387049267, 0.2507275763123581, -0.42081944547503647, 0.39830276617750415, -0.5240673088862442, 0.4461736193915372, -0.0978644582222799, 0.018744583578190824], [-0.4211948071567108, -0.023763394684983584, -0.2939490154089977, 0.03919975711558838, -0.7893432785041254, -0.31357283724618606, 0.10113902179679216, 0.3392153962772605, 0.5197233253512507, 0.5939429218674535, -0.007179482183564113]], "inverted": true, "swapped": true, "error_lsq": 0.05428895362857537, "error_max": 0.25894635730337373, "target": "478.xyz", "model": "16.xyz", "model_rescale": 3.7852294659196426, "target_rescale": 3.76944061135251},
{"mapping": [11, 10, 5, 7, 2, 4, 0, 3, 8, 9, 1, 12], "R": [[0.9048204553419608, -0.3870581647992484, 0.17744272500445035], [-0.425635503170638, -0.8335474036946843, 0.3521833957393919], [0.011591463904312968, -0.3941886640380328, -0.9189564380907652]], "T": [-0.013835844983963841, 0.03728615375543779, -0.03561449947541648], "aligned_model": [[0.3897300897905727, -0.4781825844249648, -0.5817885733803709, -0.05721654180692769, 0.4082496721272042, -0.6307592867116892, -0.08958111176712413, 0.3058813837986626, 0.5475855576561635, 0.19959837585125145, -0.1513061824309042, -0.014565447365236909], [-0.338646256188496, -0.6179354103773388, 0.2910045972276846, 0.18534450752533502, 0.3921087999472649, 0.1346591674931144, -0.10436648168871618, 0.5429529928657532, -0.2308647337789483, -0.7498003891984456, 0.7105952886686611, -0.05399468364162268], [-0.5190826306656473, -0.10135552734271538, -0.2483717797491599, -0.7194447738845886, -0.3002495822303234, 0.29861692982478316, 0.6276685028474194, 0.48838675301001055, 0.1570173292149182, 0.25109509713622613, -0.08045721807833878, -0.04634407993683497]], "inverted": false, "swapped": false, "error_lsq": 0.040270430200256356, "error_max": 0.30130837903490393, "target": "478.xyz", "model": "17.xyz", "model_rescale": 3.901054581598922, "target_rescale": 3.76944061135251},
{"mapping": [6, 11, 12, 7, 1, 13, 5, 8, 4, 10, 0, 14], "R": [[0.2987149820609293, 0.9495977003913803, 0.09504507827205666], [0.2028332355535064, -0.16048923619378266, 0.9659719890456617], [0.9325384914561086, -0.26927200462977763, -0.24055051335515082]], "T": [-0.05158837215554714, 0.06145475938113721, 0.06721396071336251], "aligned_model": [[0.21952451068052498, -0.2975703429554963, -0.6803825321848391, -0.1264934933171622, 0.4513199148288145, -0.6861645524862463, -0.19559509413971582, 0.37186303562654494, 0.6952866877916128, 0.19654467633546996, -0.0037016080862774248, -0.09698585075659327], [-0.24705363003382297, -0.5671671688408995, -0.014927943005692633, 0.22030895957415975, 0.3512908546089431, 0.1696064847778212, 0.0015575089296958403, 0.29466011448524493, -0.1642034304173956, -0.6894552398283748, 0.7724283015892545, 0.03401258701531179], [-0.5613129867527286, -0.35829553427641725, -0.3210626045933183, -0.5721854369263625, -0.318485199541608, 0.40354486020253977, 0.6719952686316479, 0.5218813333474721, 0.19694443560489971, 0.28405010037321254, -0.19303207404317668, 0.05343685811958848]], "inverted": true, "swapped": false, "error_lsq": 0.04671099667335731, "error_max": 0.28803636375190994, "target": "478.xyz", "model": "18.xyz", "model_rescale": 3.9405287249114394, "target_rescale": 3.76944061135251},
{"mapping": [2, 10, 11, 5, 8, 13, 12, 0, 1, 3, 7, 15], "R": [[0.26409749470774274, 0.6202265760378203, 0.7386281254227299], [0.6090992341852302, -0.7010347703950036, 0.3708751455843204], [0.7478306199963064, 0.35195062874446853, -0.5629210590503019]], "T": [-0.060610607138059984, 0.08355635823878162, 0.10892686257237658], "aligned_model": [[0.24882362556372134, -0.2765215309093851, -0.6202851782889928, 0.057121257505985575, 0.35319152668443465, -0.7027466066407195, -0.07387559753323136, 0.5553778822872951, 0.5009869539957117, 0.07404693973848842, -0.21253463980789805, -0.05593928125877354], [-0.37437836523172957, -0.5822727401027248, -0.050818820506793524, 0.23497743327129994, 0.5963741593733559, 0.21173630001099303, -0.08989260729016936, 0.3514612186312217, -0.25233464108467896, -0.7120132477629887, 0.7709723879904986, 0.05724632155596157], [-0.5617977662323909, -0.24878548239837747, -0.32457156607982807, -0.7000685075270451, -0.26263450842763414, 0.2591304112719996, 0.6284252346546629, 0.2554172193523623, 0.19439521859684467, 0.38162622441494387, 0.10696745473754334, 0.07937508778266872]], "inverted": true, "swapped": false, "error_lsq": 0.04550668684475522, "error_max": 0.23041624755468945, "target": "478.xyz", "model": "19.xyz", "model_rescale": 4.410303926677745, "target_rescale": 3.76944061135251},
{"mapping": [8, 9, 12, 7, 1, 4, 6, 0, 5, 10, 2, 13], "R": [[0.41524784966597467, 0.8786928782084817, 0.23551655808770444], [-0.35387590457356743, -0.08247760631735555, 0.931648693778078], [0.8380579141742077, -0.4702087517708005, 0.27669958844949916]], "T": [-0.017647439714412252, 0.040599989044246734, 0.10002130500410462], "aligned_model": [[0.23003741101641995, -0.25190150591075977, -0.5847668564009706, -0.07460907056234842, 0.4675456840878091, -0.642536790860972, -0.2306589032930097, 0.3112505246596784, 0.6616841600502258, 0.16135481297523774, -0.2076667221371557, 0.007912607712481604], [-0.36374931906598823, -0.5302936567430142, -0.06798940764263524, 0.31105863162003927, 0.4393439358960491, 0.28252657910705253, 0.050345213572225, 0.5760089026107589, -0.44165678915362633, -0.747975075570444, 0.6723567012054417, -0.018918316981612636], [-0.5051327523701317, -0.20503967981503102, -0.38707093208538806, -0.5560737035342289, -0.31072288380017327, 0.31467968210142905, 0.6394997291894856, 0.4440021138101337, 0.029256197699685682, 0.24576619859286375, 0.041841783685044834, 0.05647326667205941]], "inverted": true, "swapped": false, "error_lsq": 0.04356733282953679, "error_max": 0.23182456594523906, "target": "478.xyz", "model": "20.xyz", "model_rescale": 4.121658175737393, "target_rescale": 3.76944061135251},
{"mapping": [3, 1, 2, 4, 11, 6, 8, 9, 7, 5, 10, 12], "R": [[-0.4163367445487032, 0.7005318011349008, 0.5795851194926247], [-0.15820943491010467, -0.6835531391062621, 0.7125481602835002], [0.8953398739272218, 0.20496414714936634, 0.39541902905565846]], "T": [-0.03943345273658066, -0.026421062935171456, 0.02469212400909325], "aligned_model": [[0.21829719485804022, -0.5015835587857466, -0.5623921531002958, -0.04547971397869211, 0.6284688348689774, -0.6136722508822333, -0.14154587303619998, 0.3208032205336765, 0.6209064683817425, 0.1509967787107237, -0.2516291308893683, 0.02447553465601255], [-0.3669048421911759, -0.5231496442987903, 0.010083220535648953, 0.26987046836096046, 0.44322758782102345, 0.1515945442311636, -0.09791050999829559, 0.42851576920488155, -0.1835452017361299, -0.5879964465229773, 0.7243397832238611, -0.10706732977592434], [-0.5232918285862227, -0.12380993634251945, -0.5243008351545867, -0.466537326588184, -0.30379787917993384, 0.2720475532633286, 0.6866327673039838, 0.455882213382902, -0.05329026682811984, 0.35976367679428445, 0.026738514696454954, 0.0014423673843622364]], "inverted": true, "swapped": false, "error_lsq": 0.045005885487295005, "error_max": 0.2521807247562766, "target": "478.xyz", "model": "21.xyz", "model_rescale": 4.08911054899281, "target_rescale": 3.76944061135251},
{"mapping": [8, 2, 15, 11, 5, 14, 13, 10, 6, 0, 9, 16], "R": [[-0.3076377167959578, 0.37151295836692105, -0.8759778290402267], [0.37052690369563207, 0.8947289662522568, 0.2493389070861096], [0.8763953724445936, -0.24786730061592674, -0.41290792247555136]], "T": [-0.06598673135333556, -0.046070703420350904, 0.050550499547960565], "aligned_model": [[0.39754594851731306, -0.5971256664249299, -0.6195181689333568, -0.04511944130134139, 0.31467439304043027, -0.5930714363820923, -0.206834477207609, 0.47815626902301656, 0.6494178942236672, 0.23853213905736353, -0.10625626672886627, -0.06275583554695825], [-0.15768433892472006, -0.503291382129329, 0.030165226715663386, 0.10005710133631374, 0.4754349280794159, 0.2852269835307685, -0.15849278347698093, 0.4752475611565875, -0.2496883669064137, -0.7220718802822694, 0.6651953014337234, -0.0790409516785133], [-0.4528796039634463, -0.1229271992642115, -0.4177421957410703, -0.7005182397438113, -0.2338049798039785, 0.20626222772747282, 0.6863595545572052, 0.33911777311661595, 0.09851087247054852, 0.2749832614709188, 0.04538848229873489, 0.08472906702077104]], "inverted": false, "swapped": false, "error_lsq": 0.03507352567731586, "error_max": 0.1644502095592294, "target": "478.xyz", "model": "22.xyz", "model_rescale": 4.204369325754507, "target_rescale": 3.76944061135251},
{"mapping": [2, 10, 11, 5, 8, 13, 12, 0, 1, 3, 7, 15], "R": [[0.26409749470774274, 0.6202265760378203, 0.7386281254227299], [0.6090992341852302, -0.7010347703950036, 0.3708751455843204], [0.7478306199963064, 0.35195062874446853, -0.5629210590503019]], "T": [-0.060610607138059984, 0.08355635823878162, 0.10892686257237658], "aligned_model": [[0.24882362556372134, -0.2765215309093851, -0.6202851782889928, 0.057121257505985575, 0.35319152668443465, -0.7027466066407195, -0.07387559753323136, 0.5553778822872951, 0.5009869539957117, 0.07404693973848842, -0.21253463980789805, -0.05593928125877354], [-0.37437836523172957, -0.5822727401027248, -0.050818820506793524, 0.23497743327129994, 0.5963741593733559, 0.21173630001099303, -0.08989260729016936, 0.3514612186312217, -0.25233464108467896, -0.7120132477629887, 0.7709723879904986, 0.05724632155596157], [-0.5617977662323909, -0.24878548239837747, -0.32457156607982807, -0.7000685075270451, -0.26263450842763414, 0.2591304112719996, 0.6284252346546629, 0.2554172193523623, 0.19439521859684467, 0.38162622441494387, 0.10696745473754334, 0.07937508778266872]], "inverted": true, "swapped": false, "error_lsq": 0.04550668684475522, "error_max": 0.23041624755468945, "target": "478.xyz", "model": "23.xyz", "model_rescale": 4.410303926677745, "target_rescale": 3.76944061135251},
{"mapping": [11, 13, 15, 9, 10, 5, 0, 3, 1, 7, 4, 16], "R": [[0.7629013690535934, -0.3869102378745217, -0.5179594278744564], [-0.3198114954190774, -0.9221172570767392, 0.21776219047181844], [-0.5618737478241589, -0.00048169404412000405, -0.8272228596193903]], "T": [-0.1201818961870984, -0.03875765568804485, -0.0809189980935784], "aligned_model": [[0.2753034009218189, -0.4376321347072738, -0.6460740367870216, -0.0736713490538572, 0.347034658458839, -0.6094539399083284, -0.05044752268616792, 0.3869599130842376, 0.6798511635284847, 0.14625193590678692, -0.1291961220037233, -0.04128061541715877], [-0.3317864541390031, -0.6658805349660396, 0.18654277544283937, 0.16614758616694497, 0.3468752329655668, 0.243112180559464, -0.10440802920615527, 0.4525582476104492, -0.17668693699791987, -0.5811036888208874, 0.6188947126985702, 0.006792307540415994], [-0.4789730015401231, -0.06956716217605127, -0.5075234554334164, -0.6710635519904171, -0.31920435754536214, 0.19614470590711863, 0.6682224816654408, 0.47645596823433445, 0.19703417474278417, 0.1962175930363821, 0.12229635339235888, -0.0025607281472997123]], "inverted": false, "swapped": false, "error_lsq": 0.04071666688718379, "error_max": 0.24024610986375372, "target": "478.xyz", "model": "24.xyz", "model_rescale": 4.28219845311461, "target_rescale": 3.76944061135251},
{"mapping": [13, 11, 9, 7, 4, 5, 8, 0, 2, 14, 3, 15], "R": [[0.357228040496692, 0.7747937548457686, -0.5216155332569085], [0.027502176426704272, -0.5669479145295638, -0.8232944142300329], [-0.9336122093110653, 0.27975828792472557, -0.223838207111159]], "T": [-0.02342465471535639, -0.04543542163910278, 0.005330915341348434], "aligned_model": [[0.2464241172407095, -0.39814891283142945, -0.5453523474693833, 0.011808325658665783, 0.42043639249876363, -0.7813550566206929, -0.2720437812770093, 0.5688952381092055, 0.6286936497061822, 0.1893997645929723, -0.2541393635613012, 0.033027325289953766], [-0.27138232100478304, -0.438366113759476, 0.013701942005605337, 0.249919301257665, 0.5047192441237215, 0.13827588636003788, -0.009571941930479728, 0.3138014725686021, -0.24893171263908367, -0.7550494136611653, 0.6755507371112565, -0.011609681577654754], [-0.4732566898866212, 0.04612641531080119, -0.42007235173176793, -0.7137450406652213, -0.18166049497231207, 0.3474892735543276, 0.6525158948176446, 0.43621392781701795, 0.051276545988320626, 0.18224437940560165, -0.1589707184678052, 0.039317878975763325]], "inverted": false, "swapped": false, "error_lsq": 0.04060922320235751, "error_max": 0.22718207766847018, "target": "478.xyz", "model": "25.xyz", "model_rescale": 4.100010024507729, "target_rescale": 3.76944061135251},
{"mapping": [1, 8, 10, 0, 6, 9, 7, 5, 2, 3, 4, 11], "R": [[-0.2762589654804219, 0.22313529022332088, -0.9348217082677539], [0.5797910096700554, -0.7370525151566555, -0.3472693119281147], [-0.7665007300045219, -0.6379374829544059, 0.07424553013032054]], "T": [0.03639958882929914, -0.02086426992634116, -0.0462745362778472], "aligned_model": [[0.25841431214076505, -0.3373498763517, -0.5638021048127675, -0.10216544928773011, 0.4820578443775412, -0.6474925283849081, -0.1137174847672682, 0.16694872143387904, 0.7239655584810119, 0.13482609090942183, -0.11922690752429113, -0.034812824877317086], [-0.43346723100178264, -0.5015590556557067, 0.06064609788131575, 0.14845358007277148, 0.43208938043183664, 0.22321800328244848, -0.18290855848359336, 0.5131320484164433, -0.24431803932875054, -0.7666304297013834, 0.840287506217548, 0.07211409672309847], [-0.5750607056345284, -0.12438784631096955, -0.2656289285829652, -0.7715128914529968, -0.17551790373581672, 0.34363098824880617, 0.5938526069180405, 0.46557605353726034, 0.11208813830626221, 0.2573974661761219, -0.052405793015021726, -0.0005521643084434591]], "inverted": true, "swapped": false, "error_lsq": 0.044462843395370204, "error_max": 0.31427690500742383, "target": "478.xyz", "model": "26.xyz", "model_rescale": 3.6694154284099745, "target_rescale": 3.76944061135251},
{"mapping": [6, 7, 5, 0, 2, 8, 9, 11, 12, 3, 4, 13], "R": [[-0.2379264618206811, 0.8521924233903422, -0.466003296427813], [0.8707128888921609, -0.025467731568440177, -0.4911318150617262], [-0.4304068585449815, -0.5226083315111366, -0.7359554795995384]], "T": [-0.08554512369229035, 0.035370046261100414, -0.012523209266792418], "aligned_model": [[0.40103410053775795, -0.44041798172109836, -0.6643993415655904, -0.12144843247278758, 0.43053047109368386, -0.6225073496346674, -0.05256644858964714, 0.5921022414505912, 0.6300660253659058, 0.08382741889619523, -0.34514272450565414, -0.04343262751805259], [-0.27823317135515885, -0.4825834794354653, -0.08133016451959516, 0.3216858292939001, 0.4146441029223949, 0.22022764547325718, -0.1790072574373328, 0.31532002595916997, -0.2270273576806799, -0.7363675032306566, 0.8055578106710614, 0.06817091819335078], [-0.3814190106156355, 0.031270906449890154, -0.5391040245033347, -0.6072227703378164, -0.24044165216527968, 0.2804894668319981, 0.6338654618265498, 0.43311961478308786, 0.2083412267695958, 0.15648956201133365, -0.13479529640878254, -0.033114464495856796]], "inverted": true, "swapped": false, "error_lsq": 0.04438915983012832, "error_max": 0.23311432024909756, "target": "478.xyz", "model": "27.xyz", "model_rescale": 4.103607728864725, "target_rescale": 3.76944061135251},
{"mapping": [4, 3, 0, 1, 7, 9, 10, 11, 13, 12, 5, 14], "R": [[0.8717977846126882, 0.057216331849192406, 0.4865130153594374], [-0.3368413999249279, 0.7911190538812817, 0.5105570623178185], [-0.3556775141065624, -0.6089802410224071, 0.7089686678572383]], "T": [0.03366283683509866, 0.023708048528629934, 0.12435982975084972], "aligned_model": [[0.5704173917921395, -0.48479115719609367, -0.517096244218671, -0.11355332625765585, 0.2603428474802045, -0.662644150194008, -0.16952626065525128, 0.5396696582663909, 0.6103326117371642, 0.1147348815931423, -0.28357360305538304, -0.01666729795534215], [-0.32430569697327627, -0.5052944724859487, 0.003081131916914649, 0.17238287273030875, 0.6175797292552067, 0.37658300091586905, -0.06553340706747565, 0.33693692740640374, -0.26911588667108943, -0.8305420574957525, 0.6419935976372438, 0.007291659685841341], [-0.5178163671056835, 0.0023244193154622617, -0.3294360560056735, -0.7468944557753199, -0.21624822236816452, 0.3708548070731932, 0.5831903317555635, 0.46773426030918464, 0.1640920162279691, 0.1556279771346837, -0.10416682372952998, -0.021782866685935903]], "inverted": false, "swapped": false, "error_lsq": 0.04476124359936814, "error_max": 0.22351910276228412, "target": "478.xyz", "model": "28.xyz", "model_rescale": 4.137296879288765, "target_rescale": 3.76944061135251},
{"mapping": [8, 7, 5, 2, 1, 6, 9, 4, 3, 0, 11], "R": [[0.4579524806201214, -0.5986333039737608, 0.6572044528663336], [-0.45410233898998154, -0.7930807159010265, -0.40597295943171363], [0.7642451120011863, -0.1125217554047879, -0.635034064710642]], "T": [-0.002262368951961219, -0.05977027698865686, -0.037457354485447084], "aligned_model": [[0.5651646612588457, 0.22921654748923903, -0.24712502633487757, -0.5877656216638047, 0.022714513609954606, 0.3495891094784952, 0.7611950552816177, -0.2745193059918367, -0.5916433912465234, 0.007102320277513979, -0.012509851448725275], [-0.2352565955229299, -0.7413621193633997, -0.026036156274308955, 0.3374771621590562, 0.6323942075334756, -0.22017898950076245, 0.35212318783373775, -0.49453958041297585, 0.08693649340969298, 0.22971146542147083, -0.002121258635104581], [0.4207733957348223, 0.00925849825744339, -0.773202682100718, -0.21125276921875763, -0.25322488561081347, -0.558669954135239, 0.0213796302678516, 0.36601959775585263, 0.246692598779364, 0.5843177702225997, -0.04633717816940678]], "inverted": false, "swapped": true, "error_lsq": 0.05185933658010047, "error_max": 0.26011639008674536, "target": "478.xyz", "model": "29.xyz", "model_rescale": 3.607286011436655, "target_rescale": 3.76944061135251},
