[{"mapping": [7, 5, 10, 2, 6, 1, 8, 4, 3, 9, 11], "R": [[0.8097769402314348, -0.54003610697618, 0.22939553228305753], [-0.5815724098425018, -0.7905249117499835, 0.1919476387264658], [0.07768422735279369, -0.2888448840895275, -0.9542189443497268]], "T": [0.03267640251039753, 0.09308345263045789, -0.01882916389019504], "aligned_model": [[-0.19713213867634236, 0.2287646705642427, 0.4902782035723215, -0.3716188820564645, -0.5556878341667535, -0.4953226473011418, -0.3750217100864714, 0.5058825498278061, 0.5074543454519257, 0.01274946682435315, 0.048084147871793013], [-0.671935270236663, -0.7052093154017035, -0.16592139615659066, 0.21318777347949414, 0.039933344864026124, -0.3136419795941314, 0.579573679446731, 0.48359166706137846, 0.5631648145466028, 0.3831548650230773, 0.040596125529119814], [0.48963686046776933, -0.1326903959628442, 0.41161064134922065, -0.7050292226025321, 0.4008815442156225, -0.25897908726887825, -0.03342364532709056, -0.5441174117565695, 0.14742946855395386, 0.5148541854609725, -0.06172365962960057]], "inverted": true, "swapped": false, "error_lsq": 0.04369765395829679, "error_max": 0.2109413422607608, "target": "479.xyz", "model": "0.xyz", "model_rescale": 3.751011558992144, "target_rescale": 3.8524654559256972},
{"mapping": [11, 9, 10, 3, 7, 12, 0, 2, 8, 1, 14], "R": [[-0.8807304581439641, -0.1460062541004446, 0.4505508116306969], [-0.3797608322346517, -0.35074446996772896, -0.8560140343986783], [0.2830116082388989, -0.925019183882482, 0.25346388115749086]], "T": [0.09426269035018996, 0.041208725735477306, 0.07499478244993216], "aligned_model": [[-0.1968675409573991, 0.32328045474377815, 0.5866498183843314, -0.3835614184445232, -0.5464108569111357, -0.45574473302314833, -0.31934806043899866, 0.28108851282493497, 0.5857711982827455, -0.14981343649663204, 0.07338623386131546], [-0.6443557247485808, -0.5357341566818163, -0.45263704030314683, 0.19335939670889934, 0.10192956877494246, -0.3763362864981383, 0.6551276788440338, 0.49343482816357076, 0.48685728622219143, 0.5316053987248768, -0.0067566406454910855], [0.3613085291998166, -0.1460875446467438, 0.5064168769709189, -0.5011477206598891, 0.2347677740893539, -0.1990911549315075, -0.090939494735895, -0.5915828696862901, 0.0903244695278003, 0.5058352365164209, 0.05864517585603863]], "inverted": false, "swapped": false, "error_lsq": 0.04540073236502176, "error_max": 0.262031868014383, "target": "479.xyz", "model": "1.xyz", "model_rescale": 3.9405287249114394, "target_rescale": 3.8524654559256972},
{"mapping": [7, 4, 1, 10, 6, 3, 11, 9, 2, 0, 12], "R": [[-0.20433151912040678, 0.015192560113077541, -0.9787838456018557], [-0.9765861785661506, 0.06556922238154711, 0.20489049004246623], [0.06729090672230209, 0.9977323605022992, 0.0014389854067016206]], "T": [0.02368923756319334, 0.04700144433752058, 0.01314188767931578], "aligned_model": [[-0.34412562414618353, 0.3451179995342368, 0.4814413506130858, -0.36551518288840573, -0.41788435073592867, -0.3261637745375578, -0.38983969265144164, 0.08191371966873509, 0.6181589015801561, 0.003942493156400384, 0.11138433223217171], [-0.5875661151341317, -0.5496612221269717, -0.2540425189623947, 0.1014161806347812, 0.10504374186049399, -0.32810041699956355, 0.6155442536079542, 0.4723502387753211, 0.3425692346887899, 0.47459360197232614, 0.05434733024473629], [0.3147145872528083, -0.1667829169143104, 0.5850351185513936, -0.7332133058358127, 0.32458939722838215, -0.23924896420398395, -0.10247466364273965, -0.6695508835171502, 0.16616191052612533, 0.7340475688127239, 0.015171429242587367]], "inverted": false, "swapped": false, "error_lsq": 0.0381870143152865, "error_max": 0.24223143223401533, "target": "479.xyz", "model": "2.xyz", "model_rescale": 3.932901565614263, "target_rescale": 3.8524654559256972},
{"mapping": [4, 7, 0, 9, 6, 5, 10, 8, 3, 1, 13], "R": [[-0.5258104414164975, 0.7851320968038868, -0.32724756724186665], [0.7695071133970874, 0.603010927350818, 0.2103250435083481], [0.36246680141589527, -0.14122822686643952, -0.9212341753362667]], "T": [0.030041362911020685, 0.14049324861611082, 0.023869038548428118], "aligned_model": [[-0.06503428634307687, 0.2427238103197201, 0.4011925064255064, -0.1783279157289484, -0.5957018144099103, -0.49647021959967563, -0.4509008092344699, 0.4250207302931589, 0.5302243356393473, 0.06864314411783215, -0.08293930965421514], [-0.6492544891969115, -0.43132931159551824, -0.10769661095595601, -0.010867879223811938, 0.05359595013250422, -0.2927726165290866, 0.6649777883117701, 0.3425956609508758, 0.24272940018179967, 0.489171952270563, 0.1453444642151126], [0.38509685596549903, -0.34697821241132487, 0.5234678289958172, -0.6642188861290296, 0.2838432607980875, -0.2038718871472683, 0.10606414164734762, -0.5608810275505705, 0.03095714033314284, 0.6763272249616767, -0.0013571619633541976]], "inverted": false, "swapped": false, "error_lsq": 0.050581114689497435, "error_max": 0.23516393644767697, "target": "479.xyz", "model": "3.xyz", "model_rescale": 3.9243930471874484, "target_rescale": 3.8524654559256972},
{"mapping": [11, 6, 10, 0, 9, 5, 1, 2, 4, 8, 12], "R": [[0.8727877150195925, -0.21828411906086514, 0.43657032409074825], [0.48146826558168804, 0.5319575271886756, -0.6965698087809081], [-0.08018674297313727, 0.8181523285019311, 0.5693828708507382]], "T": [0.03453966713723118, 0.051298586233151706, 0.09725667394662305], "aligned_model": [[-0.25586166934427085, 0.12862483067243202, 0.5242215172094961, -0.10717708484020207, -0.4632514655302062, -0.41875175522322994, -0.5202418890408634, 0.3432674973008369, 0.48774711159897616, 0.11236042960397045, -0.032507350581670744], [-0.565760672355944, -0.6130909086258253, -0.2194047043266903, 0.166148698308493, 0.09314182445449212, -0.28247650851708234, 0.41046137449632886, 0.5880614460318377, 0.4336626525322924, 0.40860513407304166, 0.027145972490396984], [0.4985533429419574, -0.16967233508068089, 0.5262778082847699, -0.7334347051622733, 0.5953937268042644, -0.40944261785649905, -0.1736304177246427, -0.5866930680204209, 0.06954381541999238, 0.6097138221220224, 0.0018399057715340755]], "inverted": false, "swapped": false, "error_lsq": 0.05120717803440105, "error_max": 0.2706056975014767, "target": "479.xyz", "model": "4.xyz", "model_rescale": 3.8936222436046832, "target_rescale": 3.8524654559256972},
{"mapping": [6, 1, 9, 4, 7, 5, 10, 2, 3, 8, 11], "R": [[0.31974935268744437, -0.6940000859188079, -0.6450769196000177], [0.5403805802773468, 0.6928089352101048, -0.47749828036565645], [0.7782989013965513, -0.19590727408069447, 0.5965493777108425]], "T": [0.044807726432160896, 0.08714812745649164, 0.08583931214884177], "aligned_model": [[-0.24174340998968613, 0.3721530211230973, 0.4235902684997443, -0.3475483532434631, -0.5536599644309506, -0.45742205149296344, -0.22416410860742925, 0.30194247171784, 0.4685410290891223, 0.08962378927204628, -0.032882520112089045], [-0.5993855020421894, -0.5159690615069115, -0.16484381416270272, 0.13540092036259888, 0.09870070440573292, -0.45528975954269674, 0.6385111787172049, 0.3664442671869444, 0.4713026793174489, 0.4864994838353475, -0.01487678800943662], [0.3707404351554583, -0.3291347612360327, 0.5042407832326152, -0.6028935632282427, 0.3337314022744896, -0.24687264429396388, -0.06621441896281513, -0.5568377871962795, 0.14203006606013602, 0.7058174093431889, -0.026157643648530418]], "inverted": false, "swapped": false, "error_lsq": 0.03432512532745407, "error_max": 0.17841018396852137, "target": "479.xyz", "model": "5.xyz", "model_rescale": 3.6523030999806103, "target_rescale": 3.8524654559256972},
{"mapping": [2, 1, 3, 8, 10, 6, 9, 5, 7, 11, 12], "R": [[0.3842808564199516, -0.8105325894345136, 0.44200129508150887], [-0.015709643688731845, -0.48443404378664384, -0.8746867235277401], [0.9230825697001985, 0.32918168036071294, -0.19889190740343313]], "T": [-0.018904187876731225, 0.010746616809351003, 0.004477005680747676], "aligned_model": [[-0.10140876653989256, 0.21696818401554532, 0.5711004058701653, -0.242756361023869, -0.7264602419416664, -0.5208398107068197, -0.36877107209988397, 0.406584602849911, 0.4470146836252954, 0.03238411936637129, 0.08461442841011169], [-0.6699600466787775, -0.5894217337798836, -0.12308100965502199, 0.2082687999883478, 0.05093576621068484, -0.3063343122885083, 0.6430435089768236, 0.16188695280963994, 0.48396443465005595, 0.5568108892931926, 0.030381059034787727], [0.3301195504926811, -0.25347074314127954, 0.345981688958227, -0.5993261860928611, 0.33070132159458177, -0.2603715869315577, -0.016893035497972646, -0.5054439860291875, 0.16510876391536083, 0.692773688077088, -0.0007301978450563905]], "inverted": false, "swapped": false, "error_lsq": 0.04726320133352991, "error_max": 0.3089038957850284, "target": "479.xyz", "model": "6.xyz", "model_rescale": 4.08911054899281, "target_rescale": 3.8524654559256972},
{"mapping": [1, 13, 2, 10, 9, 11, 8, 5, 6, 3, 14], "R": [[-0.6212887594023935, -0.422091587371422, 0.6601810125340689], [0.780482025769502, -0.25848032190698284, 0.569241364130891], [-0.06962819034679746, 0.8689226749585583, 0.4900258156994327]], "T": [0.0652378188305827, 0.06648527674557386, -0.05158939848358624], "aligned_model": [[-0.09629207428506452, 0.28157823556472183, 0.599433155667756, -0.3261016756129858, -0.5767356132829455, -0.3648417330344046, -0.4447493871076405, 0.4056422208937023, 0.40473572458888063, -0.01030250308633597, -0.07393617848041552], [-0.4567790670856215, -0.6094438487732099, -0.3274428834224611, 0.2265268694011649, 0.044730583504746416, -0.27362246201148543, 0.5189993782273208, 0.44230244429638804, 0.25170968801876903, 0.6118272495062362, 0.017686356899493542], [0.4363128242622747, -0.23106408671102133, 0.4062266016947612, -0.6351260187662362, 0.3978036963567389, -0.2610872936098341, -0.06870696327755148, -0.6202611220759079, 0.2639673411175568, 0.5170468901719752, 0.02333740833726807]], "inverted": true, "swapped": false, "error_lsq": 0.04612110379175329, "error_max": 0.2621593174925345, "target": "479.xyz", "model": "7.xyz", "model_rescale": 3.964800864290218, "target_rescale": 3.8524654559256972},
{"mapping": [11, 6, 10, 2, 12, 4, 7, 0, 5, 8, 13], "R": [[-0.8905372634539205, -0.4548677456671232, -0.006222246516501349], [0.4437285905253915, -0.8655525725005778, -0.23221473292618985], [0.10024131059773855, -0.20955686147044075, 0.9726446429505005]], "T": [0.042662711764748604, 0.07781018595233037, -0.05167132597454618], "aligned_model": [[-0.17234378352858376, 0.16322986514611137, 0.5320398305613918, -0.3540401074427949, -0.6170772731954575, -0.40834697150823535, -0.44552297307278654, 0.29425555400959313, 0.6958673979809293, 0.05061763170648803, 0.059751001168612886], [-0.6480239074290661, -0.4391696519767806, -0.1515247366839957, 0.19026287069972447, 0.03525246941874256, -0.3968271521498909, 0.5923908739680835, 0.20121185932720387, 0.41139820027749574, 0.5444387461045317, 0.10708473700529239], [0.28607177219411306, -0.2855542707970444, 0.5672386366734292, -0.5699280139969799, 0.3138514917765807, -0.3093592338924044, 0.00944019178318712, -0.7109379194420031, 0.34971800817895965, 0.5592722782200511, 0.018636336802134786]], "inverted": false, "swapped": false, "error_lsq": 0.043933496454299385, "error_max": 0.24990323161715602, "target": "479.xyz", "model": "8.xyz", "model_rescale": 4.121658175737393, "target_rescale": 3.8524654559256972},
{"mapping": [4, 0, 5, 2, 6, 1, 8, 3, 10, 7, 12], "R": [[0.48415379020652416, -0.8155615557100444, -0.31694550994842896], [-0.8496573561996503, -0.3516929401593623, -0.392930595522777], [0.20899158950655872, 0.4595339211525912, -0.8632213452097014]], "T": [-0.017553655890215278, 0.14008854028214068, 0.10799497365994201], "aligned_model": [[-0.1458518051871187, 0.30019811488482684, 0.4236033735970579, -0.2548134979164079, -0.6893306623440768, -0.3572312674656305, -0.5153244493710281, 0.34912778699821256, 0.7313423470445296, 0.0178022339776107, -0.06109200239270745], [-0.7061584271727555, -0.48691063765957054, -0.12856244222962365, 0.15375998327929732, 0.10284108620719634, -0.36886857183896526, 0.6593427382290279, 0.39277993898442426, 0.20305262930038837, 0.5526048680337672, 0.07261314342815381], [0.3436505967184774, -0.2451764948252992, 0.4470009193381933, -0.5445901241372475, 0.27385735896413543, -0.20904365794399396, -0.00669004192324868, -0.5434463267909629, -3.803461914764217e-05, 0.640715492040051, 0.07220959067906657]], "inverted": true, "swapped": false, "error_lsq": 0.04659635117926469, "error_max": 0.32423514110767554, "target": "479.xyz", "model": "9.xyz", "model_rescale": 3.833441315466971, "target_rescale": 3.8524654559256972},
{"mapping": [10, 8, 13, 7, 12, 11, 6, 3, 5, 1, 14], "R": [[-0.7832490565606849, -0.21584746756492826, 0.5830358360706523], [-0.5823852067956703, -0.07349501449205448, -0.8095838151484858], [0.21759684350275332, -0.9736572053811445, -0.06814147127130693]], "T": [-0.002019319028538344, 0.08707779545850781, 0.026489155699590886], "aligned_model": [[-0.1618456666167024, 0.12085225831292386, 0.6706583268128811, -0.23813531203308008, -0.5470064321244882, -0.4917936973325123, -0.3461756382479388, 0.35939116767635193, 0.5219366026005893, -0.13315336589621513, 0.043701928673459164], [-0.6487506560131737, -0.6376652812872473, -0.13292002715754914, 0.021724494651125845, 0.1257207100795822, -0.3141371344748732, 0.671838408970987, 0.40489124066907084, 0.41813115554114144, 0.458278015761589, 0.07938338182068777], [0.35628632388222536, -0.23275862262735608, 0.39362984296279085, -0.5931011611250632, 0.2804888191239812, -0.2274492608487499, 0.05548951553837026, -0.6964900444789198, 0.29724562641595303, 0.6514877085882157, -0.056379469931423676]], "inverted": false, "swapped": false, "error_lsq": 0.04121870182694538, "error_max": 0.17909517881852416, "target": "479.xyz", "model": "10.xyz", "model_rescale": 4.2482417240324, "target_rescale": 3.8524654559256972},
{"mapping": [3, 1, 2, 10, 7, 8, 9, 0, 6, 5, 11], "R": [[0.3696637295100877, 0.3028659247989299, -0.8784195800870914], [0.5187820006808124, -0.8515843082231198, -0.07529542985974952], [-0.7708527504357151, -0.4278742777777601, -0.4719212217752597]], "T": [0.0429543258466761, 0.06455902334260485, 0.01631156725141953], "aligned_model": [[-0.26500026363598067, 0.3818882646339796, 0.4318370301174224, -0.2861980308531113, -0.4699256273092342, -0.35108233736718925, -0.6339677832294668, 0.3770155754495438, 0.597681434949592, 0.0264808315990099, -0.010298922529297046], [-0.6307066973197182, -0.461729204789017, -0.3073695913725836, 0.2694767105816859, 0.03897629724496941, -0.3069704062836993, 0.5319822180206039, 0.1610763897018444, 0.3616643905533633, 0.611651177478872, 0.1784430247450205], [0.29887337454358415, -0.3112415426810066, 0.5244420960132621, -0.4981491504618521, 0.4577364470119022, -0.2727538577299335, -0.03470722791101007, -0.6566869137563011, 0.17279918127840363, 0.530709243365281, 0.017427627827693686]], "inverted": true, "swapped": false, "error_lsq": 0.05543238496826593, "error_max": 0.28137623306862813, "target": "479.xyz", "model": "11.xyz", "model_rescale": 3.6694154284099745, "target_rescale": 3.8524654559256972},
{"mapping": [5, 7, 12, 11, 0, 6, 4, 8, 2, 1, 13], "R": [[-0.5004139296873166, 0.8025930365858128, 0.3247003489355407], [0.6420262763587014, 0.5956072564513153, -0.4827569331739505], [-0.5808512369272173, -0.03311213805391758, -0.8133359864616962]], "T": [0.05264671352055589, -0.003368896078323344, -0.0437389533271571], "aligned_model": [[-0.2034325120757915, 0.2361058343163639, 0.3913178653098489, -0.23878635003381815, -0.44566915673249635, -0.44389653708078264, -0.4640333123335468, 0.38443983626188444, 0.5200135256202107, 0.08197934376418117, -0.01960836519078525], [-0.6864998688865082, -0.6812125529238331, -0.18925144473833455, 0.12199961553760323, 0.03455131108449279, -0.24531177408741528, 0.5258192354148417, 0.4895009595385226, 0.42270345752391325, 0.6114774227735461, 0.042717947324512284], [0.291412201653398, -0.28671229824523725, 0.5152941667255472, -0.7103559008086878, 0.4671242531852427, -0.16524318171697133, -0.06982193859473795, -0.512343776645139, 0.11856996767219405, 0.5372748977115753, 0.04325088656283985]], "inverted": false, "swapped": false, "error_lsq": 0.04344062395227451, "error_max": 0.19705322415094823, "target": "479.xyz", "model": "12.xyz", "model_rescale": 3.9764082729961374, "target_rescale": 3.8524654559256972},
{"mapping": [3, 11, 14, 1, 7, 8, 0, 12, 6, 4, 15], "R": [[0.7420184091986007, 0.06083833325472915, 0.6676131946098465], [0.6671319241796184, -0.1649201389808903, -0.7264546396705882], [0.06590657137780864, 0.9844287912110812, -0.1629609734995206]], "T": [0.028101738769589366, 0.17620953545272006, -0.09770694610942873], "aligned_model": [[-0.15518644424813505, 0.26148765254434675, 0.533335536233608, -0.2708926713031869, -0.5669598013980258, -0.33589962299030296, -0.5208060964524922, 0.30037535820293704, 0.6221935006380607, -0.08773955905677351, 0.018522319655232322], [-0.49562191996521826, -0.5763528345217803, -0.30693738113004215, 0.15097735203249896, 0.1343272278063556, -0.4136340669451934, 0.6276476323428304, 0.3336556112653086, 0.33046365693389057, 0.5120248638760909, 0.14994416686660014], [0.3750418082947341, -0.19632536882696874, 0.2897409942280129, -0.6574285357645683, 0.3661694756265237, -0.23641660689679164, 0.05065668356545078, -0.6529468440996121, 0.3571770502955003, 0.5265306534414438, 0.006249967636298939]], "inverted": false, "swapped": false, "error_lsq": 0.04374612463980982, "error_max": 0.22015769921243145, "target": "479.xyz", "model": "13.xyz", "model_rescale": 4.170626492500431, "target_rescale": 3.8524654559256972},
{"mapping": [6, 2, 4, 1, 11, 3, 9, 7, 8, 12, 13], "R": [[-0.7868498574622307, -0.28882783574724646, 0.5453859029249188], [-0.60329317018301, 0.17380588406080943, -0.7783500918458057], [0.13001789346932624, -0.9414722491732841, -0.311006995764399]], "T": [0.03374858445957081, 0.016807825922186163, 0.0017031059497590352], "aligned_model": [[-0.3357184820179306, 0.2514989220313525, 0.6095520807840302, -0.20356549203421687, -0.5918004471891558, -0.4906742194988775, -0.5831617064769017, 0.36183001521689856, 0.6222846645594154, 0.19247196092739344, -0.034287124476739386], [-0.5674789902273383, -0.5864057318869305, -0.18563283596252958, 0.17071674649218546, 0.09479268466599206, -0.37000039088982833, 0.49004457022339465, 0.5881452949466689, 0.4483242661083339, 0.3627990724511977, 0.0011896226401948186], [0.48086098211631917, -0.14543751182448766, 0.3629941833779556, -0.7130056061576452, 0.32149432212242773, -0.22376026252714448, -0.22583835234685068, -0.4709128842259131, 0.13945337663808627, 0.6268455443381055, 0.07575548598917088]], "inverted": true, "swapped": false, "error_lsq": 0.044654319211694986, "error_max": 0.27100567422879224, "target": "479.xyz", "model": "14.xyz", "model_rescale": 3.9786697098870705, "target_rescale": 3.8524654559256972},
{"mapping": [3, 0, 2, 6, 8, 9, 7, 1, 4, 5, 11], "R": [[-0.2454296264540854, 0.3054853831838021, -0.9200233579206856], [-0.3648179334987008, 0.8501770672657143, 0.37961405360340233], [0.8981493048799547, 0.42880955557976413, -0.09721209383168063]], "T": [-0.009051960527078816, 0.1342164399524145, -0.044322700206243466], "aligned_model": [[-0.2228432327651707, 0.39691673597268684, 0.39011435723020116, -0.4306816347459404, -0.24881312609563008, -0.4150871032591201, -0.4229361451591719, 0.30123246639033846, 0.5266033757989843, -0.01182772891239333, -0.06424779262951566], [-0.6968235998939049, -0.41396128524914466, -0.24935428089579725, 0.18763011887944867, 0.04876530037273166, -0.3088327749196208, 0.649309021973651, 0.25778917308924276, 0.34207876980459573, 0.5221290240246201, 0.10776484137551844], [0.28554845098722426, -0.18032338084376243, 0.6245473687481915, -0.7127021489668203, 0.4111340071235948, -0.20636320167753738, -0.06030766341607561, -0.6351910827839257, 0.167293326088985, 0.6586536222671685, -0.12384002002701938]], "inverted": false, "swapped": false, "error_lsq": 0.05470147104870215, "error_max": 0.3328614589994714, "target": "479.xyz", "model": "15.xyz", "model_rescale": 3.769337070930944, "target_rescale": 3.8524654559256972},
{"mapping": [0, 2, 3, 6, 5, 4, 7, 8, 9, 1, 10], "R": [[0.7046562886637792, -0.49498666436398897, -0.5083775338745811], [-0.1997506063704395, 0.5491159839154557, -0.8115240794105884], [0.6808518268325574, 0.6733942666153113, 0.28806414491983634]], "T": [-0.03828197883079059, 0.09062108179916183, 0.045770346927746584], "aligned_model": [[-0.1413961265739566, 0.3223260395300162, 0.5858414620255027, -0.2902344355090945, -0.6975259804323756, -0.5431458232490906, -0.3183056398993997, 0.38036720589909867, 0.6869065668766715, -0.17576871466163096, -0.010634382180472579], [-0.4396319499706196, -0.4717763663389447, -0.14607869195853762, -0.028534378051379775, 0.1667697715719904, -0.4546568811002839, 0.744761103218256, 0.27847008489373054, 0.44638244445521336, 0.31491309916187027, 0.03587607268004581], [0.40026902034699646, -0.27076847477842986, 0.22985344336370248, -0.6278978692298988, 0.1440029531060259, -0.1904857986280654, 0.11522597019021574, -0.5466309730471566, 0.13695756603269346, 0.8020235682883948, 0.035899871855545454]], "inverted": true, "swapped": false, "error_lsq": 0.059638481991914925, "error_max": 0.3003286937823156, "target": "479.xyz", "model": "16.xyz", "model_rescale": 3.7852294659196426, "target_rescale": 3.8524654559256972},
{"mapping": [6, 4, 9, 1, 7, 5, 2, 3, 8, 11, 12], "R": [[-0.433362810262769, -0.0017138248951072965, 0.9012179189770833], [-0.7154952174541147, 0.6086768700240249, -0.34289803396643415], [-0.5479628349454413, -0.7934163665453251, -0.26500415245156067]], "T": [0.06546054486419829, 0.02212178694098834, -0.020773240615917836], "aligned_model": [[-0.4255228139595289, 0.15187088549252542, 0.7496949551149712, -0.3425629128396691, -0.5884057814520859, -0.37085891103212354, -0.23570095390889922, 0.32124213418467545, 0.49077627540398616, -0.05440120488591636, 0.10229849970733305], [-0.48683340185364876, -0.550996269309637, -0.050295966234736096, 0.11324386837856365, 0.07482234092882603, -0.41760198689079175, 0.5530139413779287, 0.45246119399024826, 0.45235698959686754, 0.3137098320899345, -0.007386233512214461], [0.5152241409627345, -0.4280270088263496, 0.5025246920816979, -0.5680097328977592, 0.22642806216269457, -0.2409489561111971, -0.06004527957895738, -0.6387369486665916, 0.22049447583933163, 0.6414515303692295, 0.058094302165190397]], "inverted": true, "swapped": false, "error_lsq": 0.0492265382754149, "error_max": 0.2515887231769029, "target": "479.xyz", "model": "17.xyz", "model_rescale": 3.901054581598922, "target_rescale": 3.8524654559256972},
{"mapping": [11, 9, 10, 3, 7, 12, 0, 2, 8, 1, 14], "R": [[-0.8807304581439641, -0.1460062541004446, 0.4505508116306969], [-0.3797608322346517, -0.35074446996772896, -0.8560140343986783], [0.2830116082388989, -0.925019183882482, 0.25346388115749086]], "T": [0.09426269035018996, 0.041208725735477306, 0.07499478244993216], "aligned_model": [[-0.1968675409573991, 0.32328045474377815, 0.5866498183843314, -0.3835614184445232, -0.5464108569111357, -0.45574473302314833, -0.31934806043899866, 0.28108851282493497, 0.5857711982827455, -0.14981343649663204, 0.07338623386131546], [-0.6443557247485808, -0.5357341566818163, -0.45263704030314683, 0.19335939670889934, 0.10192956877494246, -0.3763362864981383, 0.6551276788440338, 0.49343482816357076, 0.48685728622219143, 0.5316053987248768, -0.0067566406454910855], [0.3613085291998166, -0.1460875446467438, 0.5064168769709189, -0.5011477206598891, 0.2347677740893539, -0.1990911549315075, -0.090939494735895, -0.5915828696862901, 0.0903244695278003, 0.5058352365164209, 0.05864517585603863]], "inverted": false, "swapped": false, "error_lsq": 0.04540073236502176, "error_max": 0.262031868014383, "target": "479.xyz", "model": "18.xyz", "model_rescale": 3.9405287249114394, "target_rescale": 3.8524654559256972},
{"mapping": [3, 2, 11, 0, 12, 1, 4, 8, 9, 13, 15], "R": [[0.6615300564599267, 0.6865177520114327, -0.30178031839948655], [-0.7176032552873337, 0.6963636609706807, 0.011100436051471887], [0.21776949373396726, 0.20921526677725955, 0.9533128656145222]], "T": [-0.017867115079948103, 0.06810122027784932, 0.07674253978318363], "aligned_model": [[-0.46720088071265065, 0.38598243557685685, 0.5607420628430626, -0.3322454483297175, -0.5166336055482708, -0.371285627063953, -0.4734873741968969, 0.26016144600535024, 0.6373781575200943, 0.1128755687568876, 0.0021434369745059155], [-0.6172685358021008, -0.6310125480529283, -0.04453195167400732, 0.20415030040482762, 0.06636388928601848, -0.35657949624578905, 0.6099952707787244, 0.3261363869247416, 0.46353078989958935, 0.3918158105112274, 0.033894392531037695], [0.3086823151284445, -0.24492617547784923, 0.49115584760417724, -0.5193540709567628, 0.30338770711822793, -0.28417444288654253, -0.10608537419615924, -0.5777726453197336, 0.1341788972634121, 0.6507155879876654, 0.07264163123514387]], "inverted": false, "swapped": false, "error_lsq": 0.03943405937329935, "error_max": 0.21494255598003867, "target": "479.xyz", "model": "19.xyz", "model_rescale": 4.410303926677745, "target_rescale": 3.8524654559256972},
{"mapping": [11, 6, 10, 2, 12, 4, 7, 0, 5, 8, 13], "R": [[-0.8905372634539205, -0.4548677456671232, -0.006222246516501349], [0.4437285905253915, -0.8655525725005778, -0.23221473292618985], [0.10024131059773855, -0.20955686147044075, 0.9726446429505005]], "T": [0.042662711764748604, 0.07781018595233037, -0.05167132597454618], "aligned_model": [[-0.17234378352858376, 0.16322986514611137, 0.5320398305613918, -0.3540401074427949, -0.6170772731954575, -0.40834697150823535, -0.44552297307278654, 0.29425555400959313, 0.6958673979809293, 0.05061763170648803, 0.059751001168612886], [-0.6480239074290661, -0.4391696519767806, -0.1515247366839957, 0.19026287069972447, 0.03525246941874256, -0.3968271521498909, 0.5923908739680835, 0.20121185932720387, 0.41139820027749574, 0.5444387461045317, 0.10708473700529239], [0.28607177219411306, -0.2855542707970444, 0.5672386366734292, -0.5699280139969799, 0.3138514917765807, -0.3093592338924044, 0.00944019178318712, -0.7109379194420031, 0.34971800817895965, 0.5592722782200511, 0.018636336802134786]], "inverted": false, "swapped": false, "error_lsq": 0.043933496454299385, "error_max": 0.24990323161715602, "target": "479.xyz", "model": "20.xyz", "model_rescale": 4.121658175737393, "target_rescale": 3.8524654559256972},
{"mapping": [2, 1, 3, 8, 10, 6, 9, 5, 7, 11, 12], "R": [[0.3842808564199516, -0.8105325894345136, 0.44200129508150887], [-0.015709643688731845, -0.48443404378664384, -0.8746867235277401], [0.9230825697001985, 0.32918168036071294, -0.19889190740343313]], "T": [-0.018904187876731225, 0.010746616809351003, 0.004477005680747676], "aligned_model": [[-0.10140876653989256, 0.21696818401554532, 0.5711004058701653, -0.242756361023869, -0.7264602419416664, -0.5208398107068197, -0.36877107209988397, 0.406584602849911, 0.4470146836252954, 0.03238411936637129, 0.08461442841011169], [-0.6699600466787775, -0.5894217337798836, -0.12308100965502199, 0.2082687999883478, 0.05093576621068484, -0.3063343122885083, 0.6430435089768236, 0.16188695280963994, 0.48396443465005595, 0.5568108892931926, 0.030381059034787727], [0.3301195504926811, -0.25347074314127954, 0.345981688958227, -0.5993261860928611, 0.33070132159458177, -0.2603715869315577, -0.016893035497972646, -0.5054439860291875, 0.16510876391536083, 0.692773688077088, -0.0007301978450563905]], "inverted": false, "swapped": false, "error_lsq": 0.04726320133352991, "error_max": 0.3089038957850284, "target": "479.xyz", "model": "21.xyz", "model_rescale": 4.08911054899281, "target_rescale": 3.8524654559256972},
{"mapping": [4, 13, 14, 6, 1, 0, 8, 10, 9, 15, 16], "R": [[0.8143001373693171, 0.5060525413662643, 0.2842993346053718], [-0.5589999674878824, 0.8156120080395131, 0.1493187486228704], [-0.15631481896755078, -0.2805135963166473, 0.9470363243575419]], "T": [0.03349473112292557, 0.06640436967829641, 0.06148159982761318], "aligned_model": [[-0.18205799632948366, 0.283938478032779, 0.5444667695215369, -0.33486785762787163, -0.6898658430253823, -0.51367019032014, -0.44006840250110063, 0.43012418661123847, 0.6306796798155534, 0.04838425059783623, 0.021367097050302736], [-0.5783719035891216, -0.5242372013207143, -0.04689151100329278, 0.16248646488474017, 0.18949148367205768, -0.3764113169209329, 0.542902303401898, 0.32805185983312124, 0.4546431938733958, 0.2715344050373279, 0.023296530692861833], [0.2167000426331197, -0.0971072720071158, 0.4328226901238729, -0.5793314483704708, 0.36413226214731925, -0.2619441484101105, -0.11012753655330351, -0.5907155138961921, 0.04775702314529182, 0.760914933818482, 0.04534824486913072]], "inverted": false, "swapped": false, "error_lsq": 0.04357994481615019, "error_max": 0.2198226112773749, "target": "479.xyz", "model": "22.xyz", "model_rescale": 4.204369325754507, "target_rescale": 3.8524654559256972},
{"mapping": [3, 2, 11, 0, 12, 1, 4, 8, 9, 13, 15], "R": [[0.6615300564599267, 0.6865177520114327, -0.30178031839948655], [-0.7176032552873337, 0.6963636609706807, 0.011100436051471887], [0.21776949373396726, 0.20921526677725955, 0.9533128656145222]], "T": [-0.017867115079948103, 0.06810122027784932, 0.07674253978318363], "aligned_model": [[-0.46720088071265065, 0.38598243557685685, 0.5607420628430626, -0.3322454483297175, -0.5166336055482708, -0.371285627063953, -0.4734873741968969, 0.26016144600535024, 0.6373781575200943, 0.1128755687568876, 0.0021434369745059155], [-0.6172685358021008, -0.6310125480529283, -0.04453195167400732, 0.20415030040482762, 0.06636388928601848, -0.35657949624578905, 0.6099952707787244, 0.3261363869247416, 0.46353078989958935, 0.3918158105112274, 0.033894392531037695], [0.3086823151284445, -0.24492617547784923, 0.49115584760417724, -0.5193540709567628, 0.30338770711822793, -0.28417444288654253, -0.10608537419615924, -0.5777726453197336, 0.1341788972634121, 0.6507155879876654, 0.07264163123514387]], "inverted": false, "swapped": false, "error_lsq": 0.03943405937329935, "error_max": 0.21494255598003867, "target": "479.xyz", "model": "23.xyz", "model_rescale": 4.410303926677745, "target_rescale": 3.8524654559256972},
{"mapping": [1, 10, 3, 14, 7, 11, 13, 15, 5, 0, 16], "R": [[-0.5685935868853277, -0.7963590005701426, 0.20618844575727566], [-0.7827182301068873, 0.6008592274449834, 0.16223551107128042], [-0.2530879396795097, -0.06914138417143112, -0.9649694108020418]], "T": [0.04326360288928601, 0.09194069599443092, -0.06669831154542491], "aligned_model": [[-0.23377419817195375, 0.26970339344868643, 0.48078235903071387, -0.2898802390043329, -0.49853289348871577, -0.3897227592463116, -0.4839622980974605, 0.3183522944800487, 0.46926329363692454, 0.07580307496597402, 0.0803981442716954], [-0.5171275674791161, -0.5111857673000281, -0.33311919854545224, 0.2520203123864686, 0.07869451934555713, -0.31226453723077596, 0.5537708106983023, 0.3817071368706624, 0.547891416447191, 0.27455818328619563, 0.03154900008233654], [0.470536513073017, -0.16022604433601276, 0.5944767096949894, -0.6337430073488274, 0.318284794576138, -0.2899972731388456, -0.1208501195527242, -0.6580322377965347, 0.01226520806621545, 0.6654067677829322, 0.030327966479675658]], "inverted": false, "swapped": false, "error_lsq": 0.041701151147399945, "error_max": 0.22002073533634936, "target": "479.xyz", "model": "24.xyz", "model_rescale": 4.28219845311461, "target_rescale": 3.8524654559256972},
{"mapping": [0, 1, 8, 7, 2, 4, 13, 9, 11, 14, 15], "R": [[-0.7268054337138551, -0.5350917406469754, 0.43061663996576494], [0.4198495228321079, 0.1500620141411, 0.8951021003715541], [-0.5435809412605143, 0.8313592610919219, 0.11559212471023783]], "T": [0.06647401422571188, 0.07733797859012168, 0.009445398706036993], "aligned_model": [[-0.3051389134681882, 0.3117651882159657, 0.5672785469600125, -0.2971858852699266, -0.4853266722430205, -0.4524931027687804, -0.36697600612281844, 0.3474208676104136, 0.4488875928970663, 0.002173854204544731, 0.028024701810000024], [-0.5697972968259224, -0.5025352956899128, -0.2580231971626893, 0.22664040652809653, 0.08613032183432809, -0.3546914287521209, 0.4697068571623516, 0.36825634924533424, 0.44853029891601637, 0.5123857688209673, 0.01989152448489273], [0.3391027045840885, -0.10655729343904188, 0.3539359772699436, -0.6621246037962136, 0.4146844904788213, -0.27104042213995083, -0.09583612828153046, -0.532134744086718, 0.12103924901796345, 0.6313324740912225, 0.03604757380143925]], "inverted": false, "swapped": false, "error_lsq": 0.03281177031131906, "error_max": 0.14050951089956, "target": "479.xyz", "model": "25.xyz", "model_rescale": 4.100010024507729, "target_rescale": 3.8524654559256972},
{"mapping": [3, 1, 2, 10, 7, 8, 9, 0, 6, 5, 11], "R": [[0.3696637295100877, 0.3028659247989299, -0.8784195800870914], [0.5187820006808124, -0.8515843082231198, -0.07529542985974952], [-0.7708527504357151, -0.4278742777777601, -0.4719212217752597]], "T": [0.0429543258466761, 0.06455902334260485, 0.01631156725141953], "aligned_model": [[-0.26500026363598067, 0.3818882646339796, 0.4318370301174224, -0.2861980308531113, -0.4699256273092342, -0.35108233736718925, -0.6339677832294668, 0.3770155754495438, 0.597681434949592, 0.0264808315990099, -0.010298922529297046], [-0.6307066973197182, -0.461729204789017, -0.3073695913725836, 0.2694767105816859, 0.03897629724496941, -0.3069704062836993, 0.5319822180206039, 0.1610763897018444, 0.3616643905533633, 0.611651177478872, 0.1784430247450205], [0.29887337454358415, -0.3112415426810066, 0.5244420960132621, -0.4981491504618521, 0.4577364470119022, -0.2727538577299335, -0.03470722791101007, -0.6566869137563011, 0.17279918127840363, 0.530709243365281, 0.017427627827693686]], "inverted": true, "swapped": false, "error_lsq": 0.05543238496826593, "error_max": 0.28137623306862813, "target": "479.xyz", "model": "26.xyz", "model_rescale": 3.6694154284099745, "target_rescale": 3.8524654559256972},
{"mapping": [12, 3, 9, 1, 2, 6, 0, 5, 8, 10, 13], "R": [[0.3751866624139007, 0.9259054624320731, -0.0439777555721838], [-0.9204370960328345, 0.3665174239102679, -0.13586953380660383], [-0.10968372984796146, 0.091455194541535, 0.9897501840353503]], "T": [0.057023402873728354, 0.11355849518839002, 0.0875057939961717], "aligned_model": [[-0.23782402222838767, 0.2892153501050614, 0.4991158157996218, -0.27611508472500634, -0.5775580144199536, -0.4177561518860315, -0.37463515984160856, 0.1890551587221641, 0.5633795061971401, 0.138134897975804, 0.003417876126464617], [-0.574495733940852, -0.6128473438536852, -0.2624552438783856, 0.03928954060700024, 0.1582933425102146, -0.29675225703522534, 0.5290914711626928, 0.5313499946155074, 0.4811526141775454, 0.3346743293408804, 0.11919359485564804], [0.3509050860329312, -0.17942617670056443, 0.4453206929826965, -0.7268341375812772, 0.32716151469550736, -0.1907385101615356, -0.19166543347114923, -0.5712782208183731, 0.217256527103027, 0.6410574475407991, 0.1066904878779622]], "inverted": false, "swapped": false, "error_lsq": 0.03372436687486042, "error_max": 0.16944660280653479, "target": "479.xyz", "model": "27.xyz", "model_rescale": 4.103607728864725, "target_rescale": 3.8524654559256972},
{"mapping": [9, 10, 3, 11, 5, 6, 7, 13, 2, 1, 14], "R": [[-0.3388536863618914, 0.7668517806215093, 0.5450839621531508], [-0.8198929778259446, -0.5248536764645663, 0.22870094711945071], [0.46146905004633, -0.3694143538890295, 0.806584993035507]], "T": [0.07952345950178748, 0.022450162272554863, -0.08140190018787397], "aligned_model": [[-0.27338149536170725, 0.15311920606831916, 0.6200113785113257, -0.2540609104997427, -0.5247436074287044, -0.4802639738777424, -0.5032985312085456, 0.3626234231616225, 0.62815275463016, -0.03218221584183871, 0.10245414367212209], [-0.6014640896399106, -0.4631204034196305, -0.2234212323487496, 0.08444739757870318, 0.011982849506834405, -0.24753773061523288, 0.44271648866235114, 0.350543215947131, 0.3828154848512262, 0.6063098385936077, 0.10322248944501113], [0.31396252050055207, -0.2177109905906723, 0.3778920354116748, -0.6788456585152698, 0.33077786346938487, -0.20392467348427162, -0.019952835014732384, -0.5631506849917309, 0.250958502149403, 0.5890386658112078, 0.049404532754478314]], "inverted": true, "swapped": false, "error_lsq": 0.03881057791733567, "error_max": 0.19223210508610608, "target": "479.xyz", "model": "28.xyz", "model_rescale": 4.137296879288765, "target_rescale": 3.8524654559256972},
{"mapping": [9, 4, 8, 5, 0, 6, 1, 2, 3, 7, 10], "R": [[-0.8613153483571669, 0.41092361610106237, -0.29879366193880197], [-0.30093264840137196, -0.8864503901287932, -0.35163226098673994], [-0.4093597584161254, -0.21294949535262422, 0.8871736586590893]], "T": [-0.0032430574025353563, 0.033922901443406345, 0.043109253978598126], "aligned_model": [[-0.227257653831067, 0.334170465321945, 0.4874094975852935, -0.3004512597514236, -0.6871330946418388, -0.3373902832139092, -0.3684273701439831, 0.2313321194181098, 0.6667307855946216, -0.01173904991311497, 0.011186015400635341], [-0.4945653738643152, -0.5223643355301343, -0.10498134341397236, 0.16835302043693753, 0.09653588357030936, -0.5031967094448321, 0.6904361504079769, 0.5627896245492339, 0.14356269893132678, 0.45806926156865346, -0.04814456864984254], [0.5734976208364204, -0.3768033410232893, 0.5513607262049992, -0.5457829050756803, 0.18056606101696437, -0.2974725688464258, -0.00778021007225297, -0.4835723876959691, -0.027480330727905213, 0.6210711108408263, 0.04084550204233586]], "inverted": false, "swapped": false, "error_lsq": 0.05679660280061061, "error_max": 0.3592580719440442, "target": "479.xyz", "model": "29.xyz", "model_rescale": 3.607286011436655, "target_rescale": 3.8524654559256972},
{"mapping": [1, 13, 2, 10, 9, 11, 8, 5, 6, 3, 14], "R": [[-0.6212887594023935, -0.422091587371422, 0.6601810125340689], [0.780482025769502, -0.25848032190698284, 0.569241364130891], [-0.06962819034679746, 0.8689226749585583, 0.4900258156994327]], "T": [0.0652378188305827, 0.06648527674557386, -0.05158939848358624], "aligned_model": [[-0.09629207428506452, 0.28157823556472183, 0.599433155667756, -0.3261016756129858, -0.5767356132829455, -0.3648417330344046, -0.4447493871076405, 0.4056422208937023, 0.40473572458888063, -0.01030250308633597, -0.07393617848041552], [-0.4567790670856215, -0.6094438487732099, -0.3274428834224611, 0.2265268694011649, 0.044730583504746416, -0.27362246201148543, 0.5189993782273208, 0.44230244429638804, 0.25170968801876903, 0.6118272495062362, 0.017686356899493542], [0.4363128242622747, -0.23106408671102133, 0.4062266016947612, -0.6351260187662362, 0.3978036963567389, -0.2610872936098341, -0.06870696327755148, -0.6202611220759079, 0.2639673411175568, 0.5170468901719752, 0.02333740833726807]], "inverted": true, "swapped": false, "error_lsq": 0.04612110379175329, "error_max": 0.2621593174925345, "target": "479.xyz", "model": "30.xyz", "model_rescale": 3.964800864290218, "target_rescale": 3.8524654559256972},
