[{"mapping": [2, 8, 4, 9, 6, 7, 1, 0, 3, 5, 10, 11], "R": [[0.21346281695165117, -0.9768942553377606, -0.010547021719353067], [-0.3549425828667421, -0.08760819155457533, 0.9307741765006287], [-0.9101919515393181, -0.1949420905310587, -0.36544246153454674]], "T": [0.010856619635792653, -0.08018803935542719, -0.013647538047646159], "aligned_model": [[0.42736559913844285, -0.014381497803423463, -0.40952475146860384, -0.3274577980830073, 0.32625816663463086, 0.5085101880027418, 0.7163419197517659, 0.2687177350110133, -0.6755952931754211, 0.42491968580366846, -0.27413444679557286, 0.04726023063402096], [-0.7565230784337279, -0.3250596211626835, -0.7127587350947007, 0.2626985639943935, 0.30203461008151866, 0.7140328963713861, -0.12327611794170378, -0.40555904708732565, -0.13309577344388923, 0.18633912663617108, 0.432936278453915, -0.09412565326804359], [-0.1472193557901541, -0.5988863239654515, 0.26109285662313364, -0.3842262158406046, -0.5424028669693489, 0.12110164009782584, -0.061756459496513795, 0.4450819535990949, -0.0177776540721664, 0.6543355302662545, 0.32876284802712685, 0.04390918104591282]], "inverted": false, "swapped": false, "error_lsq": 0.04536787317406627, "error_max": 0.2351285669647292, "target": "48.xyz", "model": "0.xyz", "model_rescale": 3.751011558992144, "target_rescale": 3.8494278881019075},
{"mapping": [12, 9, 6, 5, 13, 2, 3, 7, 4, 0, 8, 14], "R": [[-0.3384496042031375, -0.7669861694340904, 0.5451459266210843], [0.9225047090289954, -0.15619787391670023, 0.35296924229064397], [-0.18557189235999139, 0.6223619847650752, 0.760413461667538]], "T": [-0.045844364616208944, -0.1084355675162199, 0.016399978628819496], "aligned_model": [[0.4920074525850046, -0.06965365229443404, -0.28493386521268893, -0.11394858829969613, 0.4296570262256293, 0.36408621721911266, 0.7111539439216048, 0.2583030044412488, -0.7889063397094662, 0.3925396438260881, -0.3488470940790287, -0.023178010973118342], [-0.56917560987398, -0.1993992332283397, -0.7492652822241321, 0.32964084492199347, 0.12427976401234007, 0.6096528764387138, -0.03362390271255408, -0.5552710576194901, -0.007122427192246636, 0.07980143458240661, 0.4603021433610272, -0.1421761013604283], [-0.20811982045075592, -0.6357873799383051, 0.32607599113550756, -0.4235283320961828, -0.48083658486949027, 0.009766222329020819, 0.08541204418961675, 0.40046956409067436, 0.26773345964161743, 0.6062226729043712, 0.1749717740530464, -0.020364477464011137]], "inverted": true, "swapped": false, "error_lsq": 0.042932960514849135, "error_max": 0.2219634844580555, "target": "48.xyz", "model": "1.xyz", "model_rescale": 3.9405287249114394, "target_rescale": 3.8494278881019075},
{"mapping": [0, 6, 11, 3, 7, 4, 1, 5, 10, 2, 8, 12], "R": [[0.12687542869133117, 0.7853025376723867, -0.6059724002953443], [0.7041297178894378, -0.5015898744804577, -0.5026021669308836], [-0.6986443773332266, -0.3629153098781983, -0.6165942846610561]], "T": [0.08214374637466768, -0.04439234340709626, 0.014384888587266585], "aligned_model": [[0.5570271537679723, 0.061422607272685364, -0.36057343097461125, -0.24641812672463506, 0.23247216984880326, 0.2432226548861833, 0.8588893338768525, 0.11742811426962807, -0.7444562746420682, 0.4893816877813183, -0.32320782448796903, 0.13309167277609624], [-0.7303844428401386, -0.3838542917501913, -0.6009101094362518, 0.2599366622970813, 0.21610901619743733, 0.6380425482858829, 0.09983704503281456, -0.5748732117429578, 0.11698642513208606, -0.15485237837448246, 0.4831137969505584, -0.021507610646528477], [-0.0682624173207342, -0.40951594110152967, 0.05801705574623242, -0.34090461365207003, -0.7194068120309072, 0.008734604033304425, -0.04120745049287186, 0.5097850723666354, 0.06103697999032656, 0.5492918592611288, 0.4120243559366804, 0.08242244078891454]], "inverted": false, "swapped": false, "error_lsq": 0.05067113830429415, "error_max": 0.2660383818614527, "target": "48.xyz", "model": "2.xyz", "model_rescale": 3.932901565614263, "target_rescale": 3.8494278881019075},
{"mapping": [2, 1, 10, 3, 0, 7, 4, 6, 11, 5, 8, 13], "R": [[0.5002185933276134, 0.7493621101729127, 0.4338637882176195], [0.8644290758863893, -0.4029770682626447, -0.30061911984544015], [-0.05043542060444148, 0.5254197467659962, -0.8493470186306712]], "T": [0.016933232113000934, 0.018610262193762557, 0.04377305200236983], "aligned_model": [[0.5732727211117405, -0.102202221684082, -0.35498568520420304, -0.16735592808514643, 0.34118996143397373, 0.3883852574456238, 0.8844018448030466, 0.2965922201368012, -0.8750823270642383, 0.44172350023410734, -0.4326268186926626, 0.02496721321529494], [-0.5150534692828846, -0.5028465527873992, -0.5463045623473327, 0.3137172569499751, 0.033983504546554195, 0.6069118858007955, 0.004374530136555706, -0.5392840571473364, -0.022630870534857843, -0.03257640067170204, 0.5901413581093705, -0.04278917366642741], [-0.2722795510012155, -0.46872880620930446, 0.2797666965280954, -0.32990440940069277, -0.5423767292418397, 0.20398272675631166, -0.05880352655325491, 0.32168857792021854, 0.06155252118472246, 0.6214691999114266, 0.14394636508036643, 0.141702068550276]], "inverted": true, "swapped": false, "error_lsq": 0.04803324189126062, "error_max": 0.26229601284423554, "target": "48.xyz", "model": "3.xyz", "model_rescale": 3.9243930471874484, "target_rescale": 3.8494278881019075},
{"mapping": [0, 7, 1, 8, 4, 10, 3, 5, 9, 6, 11, 12], "R": [[0.5555938277029571, -0.8203527230526144, 0.13541384123691763], [0.24608755273374025, 0.3178120705988676, 0.9156617302100045], [-0.7942017470440967, -0.4754123447722205, 0.37845301878870496]], "T": [0.06931403366328459, 0.01055065309998559, -0.014315890718917146], "aligned_model": [[0.46710583098432357, -0.045854794418043035, -0.25339348352682023, -0.295729389971808, 0.3140829962257262, 0.2206757434535482, 0.7419008028077599, 0.1529824784184134, -0.6197756336734135, 0.4826929037990541, -0.23453251515460544, 0.0881247987061205], [-0.7396311713263511, -0.37384178147932545, -0.6240206707679329, 0.31813119675546897, 0.10258047895360153, 0.6990894191392363, -0.008074238112539475, -0.505578381494348, 0.1039233417273111, 0.09125617377151601, 0.37402363723315724, -0.09021455529448369], [0.033759775111750656, -0.70850416214731, -0.07210337427721292, -0.4247715849681197, -0.5472191986083836, -0.02579282364660021, -0.02959730962527759, 0.5336197905210092, 0.1045300733066983, 0.572302420787911, 0.6194811950777143, 0.04631033199293025]], "inverted": false, "swapped": false, "error_lsq": 0.05952620712201817, "error_max": 0.33064764749405035, "target": "48.xyz", "model": "4.xyz", "model_rescale": 3.8936222436046832, "target_rescale": 3.8494278881019075},
{"mapping": [10, 3, 2, 9, 8, 6, 7, 4, 0, 5, 1, 11], "R": [[0.0012009737178347718, -0.6759767875505893, -0.7369219364050132], [-0.004361791087757083, 0.7369119167112386, -0.6759747049908564], [0.9999897661679522, 0.004026127389199219, -0.0020634576831393553]], "T": [0.12678914344441805, -0.05289463963445241, -0.07258118675319643], "aligned_model": [[0.39821514652614665, -0.21189802738796742, -0.28064996386016694, -0.13216138607281563, 0.3205523429630974, 0.4052995553294555, 0.7695251621845169, 0.2921850068783838, -0.7540706786139825, 0.4366341887902238, -0.3794362985201375, 0.15408468943350162], [-0.6154835084002647, -0.30862537318362876, -0.6193653729426496, 0.41611895959668826, -0.03968301799046003, 0.6525764417551362, 0.028161579035492983, -0.5026074766414376, -0.0483690355680736, 0.17597106077204108, 0.24474034034314224, -0.035791147670676274], [-0.16896110726024838, -0.46010515317739487, 0.19249002456225095, -0.3808129353130307, -0.7854234567517173, 0.17103969064105828, -0.08081690269732779, 0.5606858749963568, -0.1549450244982789, 0.6407121583012515, 0.47354882319184904, 0.09460314153034076]], "inverted": true, "swapped": false, "error_lsq": 0.056234618954961756, "error_max": 0.33040183161072434, "target": "48.xyz", "model": "5.xyz", "model_rescale": 3.6523030999806103, "target_rescale": 3.8494278881019075},
{"mapping": [6, 8, 1, 7, 9, 11, 10, 2, 0, 4, 3, 12], "R": [[-0.0021664727366331737, -0.806607681480239, 0.5910832044416039], [-0.6995373934735656, 0.42360817437215637, 0.5755028668367335], [-0.7145927102399601, -0.41223799289022617, -0.5651699706192345]], "T": [0.08660338398911861, -0.10908973467841362, -0.07677975117158484], "aligned_model": [[0.4034636947368946, 0.08367059135886137, -0.3041237230750252, -0.21775290083960125, 0.4780406324540776, 0.373695702767378, 0.8641535637355005, 0.20150301250206681, -0.8621911580656455, 0.34355114218062305, -0.33816983481603935, -0.0075609852888349205], [-0.6742813525374963, -0.4262007390947672, -0.6034976778830381, 0.48744469233671117, 0.19355829372680025, 0.7174582127432642, -0.13170929929375216, -0.41133158801899883, -0.0699196858228344, 0.10706885306496583, 0.2206404053775872, -0.061586665493131264], [-0.12952859615197235, -0.6710314758404579, 0.21522706295250468, -0.21217542676050333, -0.6038887784109792, 0.01790654272839018, -0.01697076405447212, 0.609995009332871, 0.21548443537620074, 0.38839217019949845, 0.36309119612152185, -0.07448624196749246]], "inverted": true, "swapped": false, "error_lsq": 0.050733146109805845, "error_max": 0.25737306703147467, "target": "48.xyz", "model": "6.xyz", "model_rescale": 4.08911054899281, "target_rescale": 3.8494278881019075},
{"mapping": [10, 9, 3, 1, 11, 13, 12, 4, 0, 7, 2, 14], "R": [[0.012549226114862477, 0.8293106298976503, 0.5586469332795814], [0.9707100935067734, -0.14415894412740432, 0.19219810923144723], [0.23992588707346577, 0.5398722793095001, -0.8068292822804438]], "T": [0.17072828273778023, -0.1298383936223585, 0.052125746406794835], "aligned_model": [[0.7365994690248863, -0.2662288255168046, -0.4552376236556878, -0.25286505664425823, 0.42215904401977467, 0.42333778947489065, 0.8388817392613452, 0.16722098960019663, -0.7617872463945126, 0.30812405875066584, -0.2452761945857142, 0.10335159431547399], [-0.49468576218696436, -0.332472770686355, -0.5982553582066104, 0.3243934534495315, -0.02158982338246504, 0.5535482140624263, 0.11113220552359065, -0.7361887342699597, -0.04926703033707128, 0.23371102087498935, 0.49344194582439227, -0.13612391156019427], [-0.20468370957855136, -0.5663927275982003, 0.17542889960432373, -0.3379872766932134, -0.4671004877911051, -0.019048012063157718, -0.0070861349520349864, 0.4115370052644439, 0.1447498601642771, 0.7216354091375903, 0.3497856808911051, -0.09882337286036795]], "inverted": false, "swapped": false, "error_lsq": 0.05168915833698434, "error_max": 0.31555232453541643, "target": "48.xyz", "model": "7.xyz", "model_rescale": 3.964800864290218, "target_rescale": 3.8494278881019075},
{"mapping": [1, 7, 2, 9, 8, 10, 5, 0, 4, 3, 11, 13], "R": [[-0.4709455458711882, -0.8817875224753002, 0.025711048810982517], [-0.4093591563461062, 0.24426251373268726, 0.8790682029857484], [-0.7814316182108917, 0.40346820146309037, -0.47600213914272094]], "T": [0.01861018989708016, -0.08369430707860759, 0.06551066054074199], "aligned_model": [[0.3926035881369834, -0.08978808903721104, -0.32942106809902005, -0.04869427821965615, 0.3803138268232634, 0.3949442251581703, 0.8026172623123412, 0.18547339874671065, -0.6535024947594515, 0.42444620723858806, -0.5008229718275056, 0.06011013117704285], [-0.6702824795277182, -0.4654422540832065, -0.644548280526444, 0.4485232927206837, 0.10563559897425256, 0.6467205715053868, 0.1852437131997295, -0.5978896732511289, -0.108643618138719, -0.06245203571483174, 0.5540875822960568, -0.043308968348750795], [-0.21584879849374, -0.5255658853004633, 0.11960124825725259, -0.3658491218034384, -0.585935612850754, 0.06460951989406859, -0.044380078923514685, 0.5355310510152984, 0.2722362419651454, 0.6661841064646465, 0.16825683604213892, 0.013175627258469526]], "inverted": false, "swapped": false, "error_lsq": 0.04443691280725486, "error_max": 0.27783717290631293, "target": "48.xyz", "model": "8.xyz", "model_rescale": 4.121658175737393, "target_rescale": 3.8494278881019075},
{"mapping": [8, 2, 11, 0, 1, 4, 6, 7, 10, 9, 5, 12], "R": [[-0.30325988350421546, 0.9471188282829719, 0.10487787263717924], [0.9452749775009128, 0.28510053844827915, 0.15865969837091623], [0.12036884965662209, 0.14725355034223123, -0.9817472851726915]], "T": [0.029643199565446664, -0.1336120128666647, 0.009496367737870251], "aligned_model": [[0.41094121902129643, 0.07045197036023804, -0.2833322615529563, -0.2992379602506531, 0.3233594597933183, 0.3168463807136305, 0.7205150614944311, 0.0977176013914399, -0.7214152807533548, 0.5773708973552895, -0.26385374277208523, 0.068916392849661], [-0.744104523405581, -0.3133430099906661, -0.6684357858538641, 0.4598144198925629, 0.2377815559098554, 0.7063881440452086, -0.18332227295620582, -0.42375144194321385, -0.08417281256621659, 0.17576693184928005, 0.2679382601416759, -0.08291601601752499], [-0.1021461540100604, -0.6601138649780854, 0.1474890021027657, -0.38863237367996945, -0.49123239243346667, 0.0030166420402404723, -0.010678134253048149, 0.614802817252802, 0.10923480170507117, 0.5549034218499658, 0.3760135288111593, -0.05064216088226465]], "inverted": true, "swapped": false, "error_lsq": 0.05354210207541385, "error_max": 0.2939582524900127, "target": "48.xyz", "model": "9.xyz", "model_rescale": 3.833441315466971, "target_rescale": 3.8494278881019075},
{"mapping": [3, 7, 8, 12, 6, 1, 4, 2, 10, 5, 0, 14], "R": [[-0.8491987517244917, 0.07724766012906267, -0.5223928397998487], [0.2702470026735699, -0.7863143757394147, -0.5555864109672648], [-0.45368274996468305, -0.6129783858425351, 0.6468612377275078]], "T": [0.017154030231872425, -0.058426495354637044, -0.02787270543412834], "aligned_model": [[0.5934578062027243, 0.015402975681443897, -0.5432409324499969, -0.1920222892284171, 0.42548282663626724, 0.17027161515449266, 0.8072460453482225, 0.23340120515800641, -0.7827458216471999, 0.4384338419160857, -0.19186433787541526, 0.04445680275404203], [-0.7027589555721498, -0.5291748163266234, -0.580724182919984, 0.37351723465138476, 0.29727804341498165, 0.658458619025953, -0.04030689837866289, -0.5149446729222958, 0.026737718227643224, 0.0992690609356271, 0.4095961771896896, -0.14930387822025312], [-0.11172667528301364, -0.4993670626557532, 0.11607858404053317, -0.3921390074664528, -0.43771589882709727, 0.06289992745055623, -0.13435682605806218, 0.48347704553325443, 0.1414241557553819, 0.47719227381173934, 0.42055684475396843, -0.02430822752994456]], "inverted": false, "swapped": false, "error_lsq": 0.04625146942021402, "error_max": 0.2648518357457062, "target": "48.xyz", "model": "10.xyz", "model_rescale": 4.2482417240324, "target_rescale": 3.8494278881019075},
{"mapping": [1, 2, 3, 5, 6, 4, 0, 8, 7, 10, 9, 11], "R": [[-0.8856520103233081, -0.44068535101196116, 0.14634526987145022], [-0.44088616968244054, 0.8969619749045035, 0.0328420608086497], [-0.1457391573772445, -0.03543496830642582, -0.9886882527005636]], "T": [0.1055269452308395, -0.10749195319591809, -0.026852489521388984], "aligned_model": [[0.5179612606633653, -0.10829027115457923, -0.36884596286126214, -0.26475102734630607, 0.33524058516839583, 0.3192136619627161, 0.8514964135503046, 0.06979567223009454, -0.5533192278907613, 0.3437289596305956, -0.2080353376133272, 0.08408501131101967], [-0.6776903001052953, -0.47842185851463653, -0.7579298568773276, 0.4687685703057858, 0.15315394302318908, 0.7356765589670897, -0.0781166483385342, -0.4628991913959433, -0.06577143739234036, 0.09211167572697382, 0.40861777573321445, 0.010144217973134834], [-0.08944909001789297, -0.630549838945846, 0.0730099357171417, -0.335080006786202, -0.5743718942494346, -0.12300043500862394, 0.10162365508749314, 0.4724137722263791, 0.12393665272518282, 0.5374351624711061, 0.5340577926282236, 0.011989427677582553]], "inverted": false, "swapped": false, "error_lsq": 0.048576752728924734, "error_max": 0.2711175945292901, "target": "48.xyz", "model": "11.xyz", "model_rescale": 3.6694154284099745, "target_rescale": 3.8494278881019075},
{"mapping": [5, 0, 1, 11, 6, 9, 7, 12, 3, 10, 8, 13], "R": [[-0.6798000811573617, -0.44486118236730793, 0.5830697883454479], [0.5465568310158417, 0.22282076590791416, 0.8072338798329338], [-0.48902707504632636, 0.8674384328025658, 0.09166834332889073]], "T": [0.08369763663496164, -0.07525984406975447, -0.006526575002760533], "aligned_model": [[0.6893147001377552, -0.07253586828142376, -0.5531277058726846, -0.046698104765083695, 0.24372067875184894, 0.33716873065598574, 0.7972906243043251, 0.2886730449736706, -0.7605522612519815, 0.38793992601192917, -0.31322907404562705, 0.02031504703154148], [-0.5112138462882914, -0.6564962913385786, -0.5828084105272076, 0.5419344852779352, -0.06187961449375423, 0.6605204440728868, 0.13024914158183112, -0.5846455226168594, 0.04289831817414705, 0.05101256534313495, 0.4864735783564176, -0.16840139843635132], [-0.3027408096718174, -0.39187466275371297, 0.22438775960764312, -0.3900585284992879, -0.5488073407522204, 0.19112473151102405, 0.020239508668785045, 0.39382303812803043, 0.1140124610658545, 0.5366315007764435, 0.30891375182429215, -0.05363627637992481]], "inverted": false, "swapped": false, "error_lsq": 0.05367006038607213, "error_max": 0.3102486762593964, "target": "48.xyz", "model": "12.xyz", "model_rescale": 3.9764082729961374, "target_rescale": 3.8494278881019075},
{"mapping": [7, 2, 8, 9, 0, 5, 4, 3, 10, 6, 12, 15], "R": [[-0.2936294165820582, -0.8392939858628945, 0.45756679404438383], [-0.8936538352468653, 0.4109435840052965, 0.18030028705870266], [-0.33935908484413513, -0.35596485228075164, -0.8707034141856191]], "T": [0.012530515944124881, 0.0013948957929811254, 0.13869851937040795], "aligned_model": [[0.4447765471170446, -0.15583087366488632, -0.33176735372720023, -0.016562776146492125, 0.34510645484132707, 0.4665515926658137, 0.7220767195122406, 0.19229383574875164, -0.7692479888025553, 0.4695216199244635, -0.4469335740198438, 0.09829553420159244], [-0.486691428313735, -0.40633947501784273, -0.6120815566018076, 0.40254242821903913, 0.029148746116459033, 0.678824131606841, 0.010947463787086227, -0.7770781265005425, -0.16516611233361933, 0.2877358613002, 0.44312350969345016, -0.057321992850217794], [-0.2433601249215947, -0.5258815279185125, 0.06971695701175681, -0.30821686870818227, -0.5060734575029109, -0.0556681397865737, 0.027718092150018747, 0.40347833304134834, 0.22370851317208224, 0.6798332420176028, 0.17003725966768934, 0.1667228553023857]], "inverted": true, "swapped": false, "error_lsq": 0.0531972295197835, "error_max": 0.31653659903952935, "target": "48.xyz", "model": "13.xyz", "model_rescale": 4.170626492500431, "target_rescale": 3.8494278881019075},
{"mapping": [1, 0, 7, 4, 2, 6, 3, 9, 8, 11, 12, 13], "R": [[0.9228591192228089, 0.3776660978730519, 0.07549413609442687], [0.3626669744612074, -0.9181321599640113, 0.1597059875990039], [0.129629131380471, -0.12000689712329715, -0.9842736575467125]], "T": [0.06924790845447816, -0.024722277827058898, -0.003709628330008565], "aligned_model": [[0.35820609263506153, -0.0001082553936477687, -0.38299943558882427, -0.37025037481689, 0.2661506029982303, 0.5597836973932128, 0.7567734711001628, 0.35783517122791475, -0.6710489273449268, 0.4402456644422264, -0.408984772848883, 0.11267680384661909], [-0.7339625742662513, -0.391324303761446, -0.6973044273833883, 0.4269618711733188, 0.1662543499685658, 0.6572380587714313, -0.0596982524331478, -0.500004559737335, -0.0835278813003974, 0.169836742642321, 0.350774429053051, 0.042399996378588295], [-0.06925228312253863, -0.4691675573042149, -0.026848227958641193, -0.3291106411378138, -0.6017810486081937, 0.03864608092877489, -0.04319236302471349, 0.5854682588407293, -0.01137700796380119, 0.5656471172497696, 0.4037236138603697, 0.05925919176538305]], "inverted": true, "swapped": false, "error_lsq": 0.05079961992095237, "error_max": 0.2309377491070286, "target": "48.xyz", "model": "14.xyz", "model_rescale": 3.9786697098870705, "target_rescale": 3.8494278881019075},
{"mapping": [10, 7, 6, 8, 5, 2, 4, 1, 9, 0, 3, 11], "R": [[-0.18399418166882942, 0.7058001691989015, -0.6840995996715828], [0.9110132438596997, -0.13886389015679768, -0.3882933034739954], [-0.36905421095585034, -0.6946675040401148, -0.6174431538258659]], "T": [0.07202001066993119, -0.10189116388476169, 0.006720142826268764], "aligned_model": [[0.5905241950042426, -0.08976836373978642, -0.4178153815277818, -0.08335645318456864, 0.37095649642653117, 0.40742526601568735, 0.6766872174484058, 0.2780964824314075, -0.5029916097423075, 0.182290404886703, -0.3896631609219596, -0.004105355446317835], [-0.7081702709708381, -0.46030978991577576, -0.7046023665873974, 0.29005755592976745, 0.22582486561253387, 0.6965341394871769, -0.008750678956298885, -0.6180412544826457, -0.0031252237506492336, 0.1545387194047774, 0.6381309004689901, -0.1544431471343306], [-0.22971175780392822, -0.5245393190288566, 0.16214274572292336, -0.30062735031108817, -0.6625322529288524, 0.0689115078933657, -0.018122345075627152, 0.39632720546050754, 0.22356385038897614, 0.6438149090848956, 0.29717706844712855, 0.0456108716756653]], "inverted": false, "swapped": false, "error_lsq": 0.047710661274807296, "error_max": 0.335493733497372, "target": "48.xyz", "model": "15.xyz", "model_rescale": 3.769337070930944, "target_rescale": 3.8494278881019075},
{"mapping": [1, 0, 3, 4, 8, 2, 10, 7, 5, 6, 11], "R": [[0.5602929089144617, -0.1269865294231176, -0.8185024603293765], [0.22618532787990997, -0.927163752710403, 0.2986763685192062], [-0.7968136881806365, -0.3524794987017468, -0.4907607862522606]], "T": [0.07011951771129421, 0.1153410078814085, -0.03198742092747746], "aligned_model": [[-0.3290791432993175, -0.48773741272434656, -0.10560499978969498, -0.5502878269939507, 0.651776457706376, 0.35480392839039965, 0.5300860733765931, 0.22445369907197402, -0.04216571478871135, -0.3538302066333229, 0.030211276375171923], [-0.05356164443226949, -0.6359525691135985, 0.6342844871305748, 0.3353755196635802, 0.1601063465153317, -0.425043839649839, 0.4978979315266508, -0.5795248504965973, 0.6974776004795826, -0.04435404060476031, 0.009359556606686525], [-0.4797089149838399, 0.04079065967439746, -0.23620059563461276, 0.018796476297297263, -0.6385030701071682, -0.4727533237026501, 0.04343945359813482, 0.2020971299723469, 0.5816155584555215, 0.6527984957345985, 0.03184573791975147]], "inverted": true, "swapped": true, "error_lsq": 0.05373455056436824, "error_max": 0.27434227113244225, "target": "48.xyz", "model": "16.xyz", "model_rescale": 3.7852294659196426, "target_rescale": 3.8494278881019075},
{"mapping": [0, 9, 10, 11, 8, 2, 3, 4, 6, 1, 7, 12], "R": [[0.07981785504783631, -0.9154075026262014, -0.39453544093176673], [0.35646715187183675, -0.343412224103572, 0.8689069075410893], [-0.9308921955049057, -0.20999321053762457, 0.298902278138119]], "T": [0.1384906202687878, -0.039766310622364825, 0.06149068635074409], "aligned_model": [[0.508329437953772, -0.042211962063180314, -0.4613357955009232, -0.28965919731350975, 0.31994327252764027, 0.306679129569967, 0.9304294560156128, 0.218094071920559, -0.7179846460703844, 0.454326260268646, -0.2849229896604929, 0.07659270000254892], [-0.585441814214628, -0.4453289070459048, -0.5681796655812773, 0.35924953434679296, 0.05742598844621938, 0.5482585584088658, 0.03260295653793713, -0.5932250928331947, -0.036608804584033455, 0.20259647233084027, 0.4496475302324682, -0.07335330693877545], [-0.11515769165320058, -0.6802150117752692, -0.03971540301678496, -0.380557007457365, -0.5564369010269843, 0.05635261568947919, 0.07102697332210706, 0.49638533102738713, 0.29351091005300395, 0.6234179807511203, 0.3309754029541102, 0.0024279346575055358]], "inverted": false, "swapped": false, "error_lsq": 0.046016764864782046, "error_max": 0.23550389247196754, "target": "48.xyz", "model": "17.xyz", "model_rescale": 3.901054581598922, "target_rescale": 3.8494278881019075},
{"mapping": [12, 9, 6, 5, 13, 2, 3, 7, 4, 0, 8, 14], "R": [[-0.3384496042031375, -0.7669861694340904, 0.5451459266210843], [0.9225047090289954, -0.15619787391670023, 0.35296924229064397], [-0.18557189235999139, 0.6223619847650752, 0.760413461667538]], "T": [-0.045844364616208944, -0.1084355675162199, 0.016399978628819496], "aligned_model": [[0.4920074525850046, -0.06965365229443404, -0.28493386521268893, -0.11394858829969613, 0.4296570262256293, 0.36408621721911266, 0.7111539439216048, 0.2583030044412488, -0.7889063397094662, 0.3925396438260881, -0.3488470940790287, -0.023178010973118342], [-0.56917560987398, -0.1993992332283397, -0.7492652822241321, 0.32964084492199347, 0.12427976401234007, 0.6096528764387138, -0.03362390271255408, -0.5552710576194901, -0.007122427192246636, 0.07980143458240661, 0.4603021433610272, -0.1421761013604283], [-0.20811982045075592, -0.6357873799383051, 0.32607599113550756, -0.4235283320961828, -0.48083658486949027, 0.009766222329020819, 0.08541204418961675, 0.40046956409067436, 0.26773345964161743, 0.6062226729043712, 0.1749717740530464, -0.020364477464011137]], "inverted": true, "swapped": false, "error_lsq": 0.042932960514849135, "error_max": 0.2219634844580555, "target": "48.xyz", "model": "18.xyz", "model_rescale": 3.9405287249114394, "target_rescale": 3.8494278881019075},
{"mapping": [5, 11, 10, 13, 7, 4, 8, 2, 14, 1, 12, 15], "R": [[0.31729042353716225, -0.14087460516895686, 0.9378065540131926], [0.9482278841562728, 0.06152766857360653, -0.3115737885452091], [-0.013808216399177398, 0.9881137037904024, 0.15310336881168402]], "T": [0.09945228707368017, 0.05164353985927581, 0.04788242419726638], "aligned_model": [[0.5526965273816246, -0.22472152109651058, -0.35365269077768324, -0.31213910316144944, 0.43525463142749954, 0.36367383927729413, 0.8391334435829371, 0.2478762451195888, -0.6707924908139877, 0.24246572104054842, -0.19740618804432655, 0.0958913237147209], [-0.6111276593536811, -0.43017421009910684, -0.5640211632138011, 0.2039116875341409, 0.3289309390504518, 0.7327220641219546, -0.046056864684712366, -0.7298725703812161, -0.02096827993591737, 0.021219132638409924, 0.4489631032760948, 0.014117270152693477], [-0.1679106222160994, -0.37870426080508346, 0.23106782040226334, -0.4607793338108874, -0.5052667715154411, 0.01651295248729287, -0.0770118238409296, 0.3979226806330146, 0.013393761726921347, 0.6914202530229709, 0.2805866839053193, 0.060783793535768044]], "inverted": true, "swapped": false, "error_lsq": 0.04695043356775407, "error_max": 0.23303929178331906, "target": "48.xyz", "model": "19.xyz", "model_rescale": 4.410303926677745, "target_rescale": 3.8494278881019075},
{"mapping": [1, 7, 2, 9, 8, 10, 5, 0, 4, 3, 11, 13], "R": [[-0.4709455458711882, -0.8817875224753002, 0.025711048810982517], [-0.4093591563461062, 0.24426251373268726, 0.8790682029857484], [-0.7814316182108917, 0.40346820146309037, -0.47600213914272094]], "T": [0.01861018989708016, -0.08369430707860759, 0.06551066054074199], "aligned_model": [[0.3926035881369834, -0.08978808903721104, -0.32942106809902005, -0.04869427821965615, 0.3803138268232634, 0.3949442251581703, 0.8026172623123412, 0.18547339874671065, -0.6535024947594515, 0.42444620723858806, -0.5008229718275056, 0.06011013117704285], [-0.6702824795277182, -0.4654422540832065, -0.644548280526444, 0.4485232927206837, 0.10563559897425256, 0.6467205715053868, 0.1852437131997295, -0.5978896732511289, -0.108643618138719, -0.06245203571483174, 0.5540875822960568, -0.043308968348750795], [-0.21584879849374, -0.5255658853004633, 0.11960124825725259, -0.3658491218034384, -0.585935612850754, 0.06460951989406859, -0.044380078923514685, 0.5355310510152984, 0.2722362419651454, 0.6661841064646465, 0.16825683604213892, 0.013175627258469526]], "inverted": false, "swapped": false, "error_lsq": 0.04443691280725486, "error_max": 0.27783717290631293, "target": "48.xyz", "model": "20.xyz", "model_rescale": 4.121658175737393, "target_rescale": 3.8494278881019075},
{"mapping": [6, 8, 1, 7, 9, 11, 10, 2, 0, 4, 3, 12], "R": [[-0.0021664727366331737, -0.806607681480239, 0.5910832044416039], [-0.6995373934735656, 0.42360817437215637, 0.5755028668367335], [-0.7145927102399601, -0.41223799289022617, -0.5651699706192345]], "T": [0.08660338398911861, -0.10908973467841362, -0.07677975117158484], "aligned_model": [[0.4034636947368946, 0.08367059135886137, -0.3041237230750252, -0.21775290083960125, 0.4780406324540776, 0.373695702767378, 0.8641535637355005, 0.20150301250206681, -0.8621911580656455, 0.34355114218062305, -0.33816983481603935, -0.0075609852888349205], [-0.6742813525374963, -0.4262007390947672, -0.6034976778830381, 0.48744469233671117, 0.19355829372680025, 0.7174582127432642, -0.13170929929375216, -0.41133158801899883, -0.0699196858228344, 0.10706885306496583, 0.2206404053775872, -0.061586665493131264], [-0.12952859615197235, -0.6710314758404579, 0.21522706295250468, -0.21217542676050333, -0.6038887784109792, 0.01790654272839018, -0.01697076405447212, 0.609995009332871, 0.21548443537620074, 0.38839217019949845, 0.36309119612152185, -0.07448624196749246]], "inverted": true, "swapped": false, "error_lsq": 0.050733146109805845, "error_max": 0.25737306703147467, "target": "48.xyz", "model": "21.xyz", "model_rescale": 4.08911054899281, "target_rescale": 3.8494278881019075},
{"mapping": [10, 9, 12, 15, 11, 1, 8, 7, 3, 0, 2, 16], "R": [[0.6913662965229295, -0.31996720505629983, 0.6477913489084494], [0.6924849067565897, 0.5492159427379115, -0.4677889504432786], [-0.2061002133586616, 0.7719992460689109, 0.6012818524806377]], "T": [0.08925978773552595, -0.07833440767575725, 0.02254245328582269], "aligned_model": [[0.389400927405482, -0.03825091256023452, -0.31468420574462624, -0.22276481422552968, 0.40257030736528665, 0.40024777867580796, 0.7309520364621918, 0.22556162463780033, -0.7393827417387604, 0.3581016504473855, -0.2556909854353964, 0.08221907236084887], [-0.8171307866923279, -0.50782284023822, -0.6961598122673693, 0.40628318309456335, 0.3196885470657186, 0.6489796391822142, 0.14059128130392276, -0.6089261055882946, -0.07213532497291134, 0.07740770893792143, 0.5383731669470192, -0.08150520766692664], [-0.10086992795917335, -0.5313784067362948, 0.013027958732638211, -0.4238805035400871, -0.5513105558085286, 0.08811018925441219, -0.12259409858502879, 0.47607354083417364, 0.2825269778532996, 0.7321535045988524, 0.17064566346348217, 0.06951079141736372]], "inverted": true, "swapped": false, "error_lsq": 0.0446237719488028, "error_max": 0.20838491011196014, "target": "48.xyz", "model": "22.xyz", "model_rescale": 4.204369325754507, "target_rescale": 3.8494278881019075},
{"mapping": [5, 11, 10, 13, 7, 4, 8, 2, 14, 1, 12, 15], "R": [[0.31729042353716225, -0.14087460516895686, 0.9378065540131926], [0.9482278841562728, 0.06152766857360653, -0.3115737885452091], [-0.013808216399177398, 0.9881137037904024, 0.15310336881168402]], "T": [0.09945228707368017, 0.05164353985927581, 0.04788242419726638], "aligned_model": [[0.5526965273816246, -0.22472152109651058, -0.35365269077768324, -0.31213910316144944, 0.43525463142749954, 0.36367383927729413, 0.8391334435829371, 0.2478762451195888, -0.6707924908139877, 0.24246572104054842, -0.19740618804432655, 0.0958913237147209], [-0.6111276593536811, -0.43017421009910684, -0.5640211632138011, 0.2039116875341409, 0.3289309390504518, 0.7327220641219546, -0.046056864684712366, -0.7298725703812161, -0.02096827993591737, 0.021219132638409924, 0.4489631032760948, 0.014117270152693477], [-0.1679106222160994, -0.37870426080508346, 0.23106782040226334, -0.4607793338108874, -0.5052667715154411, 0.01651295248729287, -0.0770118238409296, 0.3979226806330146, 0.013393761726921347, 0.6914202530229709, 0.2805866839053193, 0.060783793535768044]], "inverted": true, "swapped": false, "error_lsq": 0.04695043356775407, "error_max": 0.23303929178331906, "target": "48.xyz", "model": "23.xyz", "model_rescale": 4.410303926677745, "target_rescale": 3.8494278881019075},
{"mapping": [13, 5, 15, 3, 0, 1, 7, 14, 8, 11, 10, 16], "R": [[-0.2859807032475158, -0.805786754338367, 0.5185776160835488], [-0.4542653928192507, 0.5905079778714649, 0.6670406891314244], [-0.8437167713497394, -0.04481109910495157, -0.5349149232730174]], "T": [0.07833449397620451, -0.14361853317939938, 0.004975769882529834], "aligned_model": [[0.6199652163466307, -0.2001141051450649, -0.3414451793606228, -0.14906717470093322, 0.3534364995332355, 0.42349015453982664, 0.7130371955118464, 0.19898654750145112, -0.719427014361492, 0.318527614533402, -0.2690909053509875, 0.06998088860296353], [-0.5917503725200279, -0.4401773852140221, -0.6971290257967735, 0.6134567371319624, 0.12627238579873817, 0.6403134596939941, 0.046160618494032135, -0.6224043998349345, -0.03247979718370986, 0.027858049909905258, 0.3136820313893258, -0.03615885276317987], [0.00577513388730857, -0.4747337863650416, 0.16845467142779832, -0.42441507864581635, -0.6445344990723215, 0.056488390673717845, -0.05040699761574742, 0.46796298988507473, 0.1690837356565821, 0.5649976738289515, 0.3114977622796192, -0.04815486241501574]], "inverted": true, "swapped": false, "error_lsq": 0.040641695114359486, "error_max": 0.26407168270759185, "target": "48.xyz", "model": "24.xyz", "model_rescale": 4.28219845311461, "target_rescale": 3.8494278881019075},
{"mapping": [7, 4, 2, 1, 3, 5, 9, 13, 6, 11, 8, 15], "R": [[-0.48286831934833874, 0.7310255683701787, -0.48212011424412526], [0.859621834706989, 0.5006929144673802, -0.10176888865046815], [0.16699846545612734, -0.46358194938027775, -0.8701742864185776]], "T": [0.07502340112049057, -0.11613832969906443, 0.11499459007874688], "aligned_model": [[0.6102104575440538, -0.051768681252176055, -0.3871780684615822, -0.0738939481163582, 0.3715348895075724, 0.3086883630275747, 0.7383719989449448, 0.25918419290321587, -0.7868090181082146, 0.27362186099770824, -0.25737453344541683, 0.013692224108934045], [-0.5503772049625116, -0.4707398126903565, -0.6105007288511137, 0.30632752095497895, 0.07856573727860833, 0.7021615262004399, 0.01261866643407103, -0.6640307185138922, 0.0631320815293116, 0.12096089798211201, 0.49018580021475766, -0.130660316471095], [-0.2463327125110842, -0.5117670305823235, 0.21870401206499498, -0.34241510261927344, -0.5736392810143441, 0.08233402783690438, 0.0987478184002856, 0.25216306308091296, 0.3081373760828541, 0.5631236777487858, 0.17687123760743526, 0.07608804742996196]], "inverted": true, "swapped": false, "error_lsq": 0.04183268144355884, "error_max": 0.2313075529823802, "target": "48.xyz", "model": "25.xyz", "model_rescale": 4.100010024507729, "target_rescale": 3.8494278881019075},
{"mapping": [1, 2, 3, 5, 6, 4, 0, 8, 7, 10, 9, 11], "R": [[-0.8856520103233081, -0.44068535101196116, 0.14634526987145022], [-0.44088616968244054, 0.8969619749045035, 0.0328420608086497], [-0.1457391573772445, -0.03543496830642582, -0.9886882527005636]], "T": [0.1055269452308395, -0.10749195319591809, -0.026852489521388984], "aligned_model": [[0.5179612606633653, -0.10829027115457923, -0.36884596286126214, -0.26475102734630607, 0.33524058516839583, 0.3192136619627161, 0.8514964135503046, 0.06979567223009454, -0.5533192278907613, 0.3437289596305956, -0.2080353376133272, 0.08408501131101967], [-0.6776903001052953, -0.47842185851463653, -0.7579298568773276, 0.4687685703057858, 0.15315394302318908, 0.7356765589670897, -0.0781166483385342, -0.4628991913959433, -0.06577143739234036, 0.09211167572697382, 0.40861777573321445, 0.010144217973134834], [-0.08944909001789297, -0.630549838945846, 0.0730099357171417, -0.335080006786202, -0.5743718942494346, -0.12300043500862394, 0.10162365508749314, 0.4724137722263791, 0.12393665272518282, 0.5374351624711061, 0.5340577926282236, 0.011989427677582553]], "inverted": false, "swapped": false, "error_lsq": 0.048576752728924734, "error_max": 0.2711175945292901, "target": "48.xyz", "model": "26.xyz", "model_rescale": 3.6694154284099745, "target_rescale": 3.8494278881019075},
{"mapping": [1, 7, 3, 8, 5, 4, 0, 6, 9, 2, 10, 13], "R": [[0.6805697778252386, 0.522489560259356, 0.5136432973678233], [0.7322838610625666, -0.4619171406604785, -0.5003927477405596], [-0.024189343484370976, 0.716684878160571, -0.6969775183445752]], "T": [0.006970318638122183, -0.023801841582277515, 0.06886628624279527], "aligned_model": [[0.6003064121884384, -0.21935212693672884, -0.3974930629940478, -0.23279695643435416, 0.440443585080136, 0.3628360084225647, 0.6604140098370744, 0.2740546233592731, -0.6718719633489885, 0.36884563995785863, -0.20609295411129935, 0.03898652263032923], [-0.6281291387268199, -0.35577018833574325, -0.7215231651009397, 0.4076733945630113, -0.08960075107147666, 0.7164939990866381, 0.06937269399446339, -0.5760055300816765, -0.036381270274391274, 0.07585508955649697, 0.5002574616196954, -0.014599146123947982], [-0.18090851575326578, -0.4155959848384861, 0.019616433861509283, -0.33696368656322595, -0.5897306546180573, 0.039672978594079006, 0.03332488101609597, 0.37696934105346985, 0.13114348616913335, 0.6356505433451092, 0.27345516283535304, 0.11538114842339488]], "inverted": true, "swapped": false, "error_lsq": 0.041482591195381904, "error_max": 0.2574584201819817, "target": "48.xyz", "model": "27.xyz", "model_rescale": 4.103607728864725, "target_rescale": 3.8494278881019075},
{"mapping": [9, 10, 3, 13, 11, 8, 7, 0, 12, 1, 4, 14], "R": [[-0.3497286510512068, 0.8685218335198839, 0.35122598897741364], [0.927922720607538, 0.26949641121068246, 0.2575482652336603], [0.12903214798726836, 0.4159825826207412, -0.9001717590226712]], "T": [0.10313569808990791, -0.13462085006463317, -0.13509687866975809], "aligned_model": [[0.47082650083658584, -0.03891921249791591, -0.35482769061821756, -0.23987530455176392, 0.3153569018563511, 0.3671774885430155, 0.7214958443990536, 0.19984729301442303, -0.7493401869767111, 0.39737142064735603, -0.18478273705664933, 0.11394942005472872], [-0.8613505241065321, -0.47340918890686867, -0.6059637918596906, 0.39124276673812475, 0.24900594556190134, 0.6256130356702574, 0.2058581289327356, -0.5169420136599722, -0.09482084582858831, 0.001801109499314446, 0.5640217476536924, -0.13741292058906446], [-0.2175067111865774, -0.4883929869814069, 0.22772018045199868, -0.29535742136064713, -0.6641090484811212, 0.02176723029518693, 0.01250406943297161, 0.4600242319085085, -0.04025784573800159, 0.7001726709935217, 0.3655135312206724, 0.019937232970003965]], "inverted": false, "swapped": false, "error_lsq": 0.04150891434873519, "error_max": 0.2169435966209353, "target": "48.xyz", "model": "28.xyz", "model_rescale": 4.137296879288765, "target_rescale": 3.8494278881019075},
{"mapping": [1, 8, 10, 9, 6, 3, 4, 2, 7, 0, 11], "R": [[-0.061324781328919165, 0.22242460486119042, -0.973019304200746], [0.9876641701068927, 0.15424359460305634, -0.026988897921023436], [0.1440790001423651, -0.9626713918447309, -0.229139767482]], "T": [0.05754948179013451, -0.04134109607686308, -0.14611116003452151], "aligned_model": [[0.46479837347984115, -0.07470692993756535, -0.11839374971551549, -0.4854471020696345, -0.019681746331977876, 0.5430138305004699, 0.6024370688281081, -0.22988120543589124, -0.5154460277457058, 0.050614099786580394, 0.004112399351189115], [-0.17797797912164404, -0.8701728562763614, -0.2622364966555226, 0.2610130768603866, 0.7729520698336623, -0.15030150005524634, 0.32967442218242254, -0.525510748068554, 0.11697017433921066, 0.383368558851526, 0.04136909475807242], [0.30535413825609387, -0.2072349600540577, -0.6788938989166624, -0.2701199676531566, -0.07448989017870214, -0.4532535666251284, -0.10944419043658038, 0.3541876769672365, 0.31003231011128474, 0.6908575682774712, -0.06124119796480036]], "inverted": false, "swapped": true, "error_lsq": 0.04664879854936514, "error_max": 0.2626490812621811, "target": "48.xyz", "model": "29.xyz", "model_rescale": 3.607286011436655, "target_rescale": 3.8494278881019075},
