[{"mapping": [11, 13, 5, 2, 4, 10, 8, 14, 6, 7, 1, 15], "R": [[0.3192651817131506, 0.20064689127757704, -0.9261806350633301], [0.6351632769401261, 0.6800126805701872, 0.3662654309246639], [0.7033045964390892, -0.7052117265647199, 0.08966083505777242]], "T": [-0.02197219539461782, -0.05527698207323379, 0.10503473049044804], "aligned_model": [[-0.20348688840890944, 0.2631598182748355, 0.39541139088182076, -0.21019275497168266, -0.0578731258988574, -0.5835262708828346, 0.45146912474953055, -0.36145497525241393, 0.631002537725423, 0.05111157540090787, -0.5493392368892835, 0.011361267732012941], [-0.362253066334934, -0.7510239441948993, -0.14107307013245698, 0.6476831969693334, 0.24967942197890786, -0.3753108668163792, -0.32334267963411095, -0.4241183738520498, 0.07051811817343787, 0.4817159487884281, 0.09131468170908436, -0.11023433067730418], [-0.5244962494096734, -0.23529839334367975, -0.6037745763718194, -0.09256374381760565, -0.6230179194899146, 0.0764348475455566, 0.47326529193833405, 0.7131045700167205, 0.04282397920484617, 0.48613749611959634, 0.3520480890961759, 0.11728835386502597]], "inverted": true, "swapped": true, "error_lsq": 0.04489716614945006, "error_max": 0.22504693329216885, "target": "480.xyz", "model": "0.xyz", "model_rescale": 3.751011558992144, "target_rescale": 4.269470961380608},
{"mapping": [7, 9, 2, 3, 14, 0, 8, 6, 1, 11, 12, 13, 5, 4, 15], "R": [[-0.09097083948995177, -0.06270185088605384, 0.9938776505475697], [0.40569819400449747, -0.9137768519434493, -0.020514390895404827], [0.9094686810132513, 0.4013481565272019, 0.10856507499299228]], "T": [0.014905827737916936, -0.014298060261569656, -0.008704892955890548], "aligned_model": [[-0.08276039791980923, -0.05585517151054989, -0.3377872078598634, 0.2156343223242956, -0.2566640043892251, -0.47882901496597474, 0.5155466733220244, 0.6143099194244469, -0.548264869084816, -0.035157967765115136, -0.006669184170910818, 0.49624476689340974, 0.4882571028361692, -0.049533045809745116, 0.06061428976469771], [-0.16604042503537256, -0.6925064179718041, 0.4234438814561372, 0.5570807579470988, -0.7272621753555538, 0.296836491519802, -0.4390004267328833, 0.11286065765997522, -0.20744820642004136, 0.4495685316470803, -0.4663246821137832, 0.05315687244864997, 0.6260889128836419, 0.7732116800435227, -0.044908102149364], [-0.6461823642581352, -0.4781796306484194, -0.5113128560026046, -0.5395462086136602, 0.1887120686191109, 0.08581482527959589, -0.03291835737870559, -0.2744415713440513, -0.08714275979420541, 0.5442983222550257, 0.7047954291569873, 0.6583433762159469, 0.21450746177069743, -0.0038072580750354926, 0.02672592766942928]], "inverted": false, "swapped": true, "error_lsq": 0.04365277982914507, "error_max": 0.26610179951514207, "target": "480.xyz", "model": "1.xyz", "model_rescale": 3.9405287249114394, "target_rescale": 4.269470961380608},
{"mapping": [9, 14, 8, 0, 10, 6, 7, 1, 11, 5, 4, 3, 15], "R": [[-0.3197643158597277, -0.2787921046913503, 0.9055527288151295], [0.8157942766807305, -0.5671003632601133, 0.11347632407340169], [0.4819029782411852, 0.775030412533608, 0.4087754630726518]], "T": [-0.04120104462853734, -0.022307177541623528, -0.04870856678760975], "aligned_model": [[-0.044932191180797, 0.3518486620391159, -0.4772582872074885, 0.4218093229748903, 0.536531625937971, -0.7030095073172857, -0.12664562794006984, 0.4885687150136999, 0.12514257114220861, -0.48948870930745497, -0.06254346510032391, -0.4536155763530323, -0.07042425341750215], [0.8045239481730012, 0.4976204593404138, 0.31298988602564964, -0.29896929898863883, -0.12950259435230047, -0.03447074736242387, 0.44916440507148236, 0.22431580542088314, -0.7026591161405009, -0.7172570002841521, -0.6870058906304783, -0.24148394840125026, -0.01843331429966797], [-0.007276780572005828, -0.4916855868976253, -0.4079154828825879, 0.1933497968264638, -0.3194791788572204, 0.040354294145259414, 0.40884551011509657, 0.08964539129913189, -0.23020841769606065, -0.040735243724710754, 0.377985783108586, 0.6073661103519152, -0.10712584562759822]], "inverted": true, "swapped": true, "error_lsq": 0.04966522970602042, "error_max": 0.3450464111469021, "target": "480.xyz", "model": "2.xyz", "model_rescale": 3.932901565614263, "target_rescale": 4.269470961380608},
{"mapping": [8, 13, 12, 6, 14, 1, 10, 7, 3, 2, 11, 5, 0, 15], "R": [[0.9913488334282545, -0.11460771555693669, 0.0639731349494397], [-0.11779984638558819, -0.5619438044132057, 0.8187443782238414], [-0.05788511597959146, -0.8191973096979953, -0.5705831062444771]], "T": [-0.04455557671240677, -0.09711444974765927, 0.014880649742544291], "aligned_model": [[-0.28989176907596603, 0.5555653670491503, 0.3427463316176979, -0.22111280093043312, -0.22947706962088377, -0.19893445580895835, 0.2934805003736947, -0.6692356516642831, -0.2174390440043607, -0.24990810449169576, 0.6679403440055159, 0.46256606406973894, 0.203868964196962, -0.030358763663475515], [0.14853021991794196, 0.18434999428957743, -0.4925181743817647, 0.5400472947360524, -0.6987578377015884, -0.6488467585582717, -0.6465849493709026, -0.0937878161924444, 0.46135293751127504, -0.08128709854639261, -0.06673483784935674, 0.542874427492396, -0.404942687003673, -0.08019807599235987], [-0.5428544999425792, -0.47687473182533086, -0.6234996319129169, -0.07958122011866677, -0.45932472247779993, 0.19482323163574117, -0.03407239937289492, 0.23557433063663635, 0.5687612045113603, 0.7402805282265018, 0.1370190830219762, 0.1461153203644985, 0.45424360353948423, -0.04671373322891248]], "inverted": false, "swapped": true, "error_lsq": 0.03946128131392822, "error_max": 0.26395157664263824, "target": "480.xyz", "model": "3.xyz", "model_rescale": 3.9243930471874484, "target_rescale": 4.269470961380608},
{"mapping": [2, 6, 4, 0, 11, 7, 1, 5, 13, 8, 12, 14, 15], "R": [[-0.9140093118274237, 0.37940959606021746, 0.14365004806884824], [-0.2717571442429127, -0.3096865157051034, -0.9111763366897596], [-0.3012225629757781, -0.8718615832847871, 0.38616362742553595]], "T": [-0.07404791897322364, -0.10205150652631166, -0.08593724337411528], "aligned_model": [[-0.020811399463227492, -0.2798804635533721, 0.5095910610044456, 0.3126121846837688, 0.6371241929912562, -0.586527741046427, -0.15140570271984416, 0.4397210334677733, 0.3197722618526588, -0.4972837578492471, 0.07797888602095653, -0.4018491246787325, -0.08183554439865612], [-0.7260875841307592, 0.26497429785080107, -0.30600841034600545, -0.54248317488704, 0.026140255740693744, -0.4569889520626616, -0.5871202597931618, 0.28812657112192047, 0.6134477464486394, 0.39913899362996186, 0.3015000059428296, -0.10665942630710272, -0.04015050952652836], [-0.5059015231104401, -0.6045851098767863, -0.5779891397852779, -0.00830547737399974, -0.04998930889120934, -0.31027138041800006, 0.2595259088909874, -0.6034149641933075, 0.03304687264972918, -0.0501719605306639, 0.6406371058870602, 0.6306983658891462, -0.06620907376627405]], "inverted": true, "swapped": true, "error_lsq": 0.04282723206735871, "error_max": 0.27330717632007806, "target": "480.xyz", "model": "4.xyz", "model_rescale": 3.8936222436046832, "target_rescale": 4.269470961380608},
{"mapping": [1, 7, 0, 10, 4, 6, 8, 13, 12, 14, 11, 15], "R": [[-0.5203811587462491, -0.8231973321017904, 0.2270453744131462], [-0.8460874077998787, 0.4610795679442291, -0.2674728591592892], [0.11549696093141558, -0.33128806867265503, -0.9364340166668175]], "T": [-0.21668836660230495, -0.08756953598309528, -0.03014963747164512], "aligned_model": [[0.008633162790053217, -0.600184942154981, -0.14969093027303682, 0.3390455582236782, -0.6144098067338541, -0.6864863685986413, -0.17023560833689183, 0.11051526096631431, 0.5886255706908318, 0.4077207128663002, -0.018480249873119747, -0.1875043173515556], [-0.4049534740118719, -0.6151018545509376, 0.09907209008849238, 0.0030568466436862035, 0.49919483694026323, -0.023530842112787276, -0.3157846080919253, 0.4776766503890547, 0.0023161706195243686, -0.5668067696937371, 0.5928991149314926, -0.07911525604144691], [-0.4874442426755781, -0.14669144424107464, -0.5870958003006986, -0.34878623919085866, -0.3792530219503061, 0.44023262189026247, 0.5841464396155812, 0.474454435636268, 0.20915410217139496, 0.008404676857079602, -0.17563885469366639, 0.02780204615711454]], "inverted": true, "swapped": true, "error_lsq": 0.04393247139990522, "error_max": 0.2612460970544271, "target": "480.xyz", "model": "5.xyz", "model_rescale": 3.6523030999806103, "target_rescale": 4.269470961380608},
{"mapping": [9, 14, 12, 8, 13, 7, 10, 6, 2, 4, 11, 5, 15], "R": [[0.15326368505157062, 0.24390783225553198, 0.9576112009624891], [0.9308192601839119, 0.289737244196852, -0.22277305536327507], [-0.3317917233975074, 0.9255059690189045, -0.1826279102308596]], "T": [-0.008415829942296338, -0.08510865482815863, 0.033563282531147313], "aligned_model": [[-0.11158862112441832, -0.06299675204036109, 0.29667837323735696, 0.5217610978067431, 0.6510862094299081, -0.28868352132505015, -0.2544068646601144, 0.43092868832599057, -0.5842351200306855, -0.2082123393517666, 0.05045326287837766, 0.388936841292229, 0.051361650226085395], [-0.5824903610775701, 0.10451931539633086, 0.5385260119665193, -0.3200510940192358, 0.3928633874989853, -0.6696305749005688, 0.46874411171409347, -0.5139672801192067, -0.3911088896026569, 0.03287336385193468, 0.5046813243196993, 0.04613524412559414, -0.07026765499073595], [0.6872811408325997, 0.7965204344750049, 0.5150958226727599, 0.34229313816936674, -0.09981783501156002, 0.17040665811477043, 0.26009836638710726, -0.2293573532049185, -0.345146568008798, -0.7217575396516343, -0.38137450214261126, -0.6797855479606533, 0.055653524810355584]], "inverted": false, "swapped": true, "error_lsq": 0.05538753623706184, "error_max": 0.3550452806971473, "target": "480.xyz", "model": "6.xyz", "model_rescale": 4.08911054899281, "target_rescale": 4.269470961380608},
{"mapping": [12, 14, 10, 13, 5, 4, 11, 0, 6, 8, 3, 7, 2, 1, 15], "R": [[0.11335340582422637, 0.3320614751080743, -0.9364220107072977], [0.11604432668328636, -0.9404708116596395, -0.31945010042396577], [-0.9867546400360484, -0.07245570484998985, -0.14513941987627]], "T": [0.011144815264582763, -0.11042755940867041, 0.04974213428567465], "aligned_model": [[0.23569278750324482, 0.46879015729918194, 0.5346395170156055, -0.3780353513472414, -0.5666288850347196, -0.11382733035835388, 0.023279105629851964, 0.42463913775569223, -0.6314633413326197, -0.37246596797743753, -0.3895461128473706, 0.055363501614148616, 0.1783864170388491, 0.5882636007773987, -0.02075369593667558], [-0.7360864397972742, -0.748826195302335, -0.22748804211560553, -0.3828759596970438, 0.27844713660644305, 0.62441659225056, 0.15700975709614637, 0.2775176482336431, -0.07414419049282592, -0.6254757134216686, 0.5199914657524796, -0.02724033474450241, 0.5382385931857604, -0.11118822993291719, -0.1615372714517463], [-0.4717992650409314, 0.11337689250758115, -0.31196598148269356, -0.6251663060199111, -0.3962788095672123, -0.2124295306927076, -0.6224343272783704, -0.11769066561424951, 0.22809252293016197, 0.1881900098241082, 0.35070196165365863, 0.7055367337979519, 0.39599004912452035, 0.2157362319625275, 0.024210515977646632]], "inverted": false, "swapped": true, "error_lsq": 0.04468368867376218, "error_max": 0.32476329839758833, "target": "480.xyz", "model": "7.xyz", "model_rescale": 3.964800864290218, "target_rescale": 4.269470961380608},
{"mapping": [10, 12, 11, 1, 4, 9, 0, 13, 8, 6, 7, 3, 5, 15], "R": [[-0.5851083971980607, 0.04413662113738016, -0.8097531242316336], [-0.23737390706940076, 0.9454630377558314, 0.22305441596194114], [0.7754365169186475, 0.3227252746719577, -0.5427214804271024]], "T": [-0.05632342722858273, -0.06115068952434088, 0.08626126524534884], "aligned_model": [[-0.15856379827550326, 0.2391449285401976, 0.3601187227729607, -0.5788196249639366, 0.1036343911922271, -0.5695598449832557, -0.2905962472248372, 0.726165936408285, 0.195854518532308, 0.2689665315216845, -0.5535906368249855, -0.07546570123439288, 0.6023936195942594, -0.008494905594138506], [-0.1694923043832727, -0.627294693108323, 0.2917595748326633, -0.12915212531906248, 0.7095916964152722, -0.6143163374778475, 0.31213572503851283, -0.20990155257768353, -0.5584832640707893, 0.0011470139459967069, -0.06987121158202031, 0.5528805425858591, 0.4276932760358958, -0.1057478741539988], [-0.5433351303952416, -0.46696172379466194, -0.388629707248641, -0.2018259433511816, 0.017576353007805634, 0.42681430109828444, -0.3078025365192374, -0.13001243226656412, 0.43363173344850137, 0.6662405974575828, 0.5239726291308716, 0.6069890292303665, 0.1916372106700538, 0.08852065825708293]], "inverted": true, "swapped": true, "error_lsq": 0.04342030410851166, "error_max": 0.24792300999792752, "target": "480.xyz", "model": "8.xyz", "model_rescale": 4.121658175737393, "target_rescale": 4.269470961380608},
{"mapping": [7, 1, 0, 3, 14, 8, 10, 13, 11, 12, 6, 5, 15], "R": [[-0.8253157427083126, 0.5533305739894264, 0.11260195702721415], [0.44113342346498674, 0.7562883245662952, -0.48314518814406815], [-0.35249854969898436, -0.3490748429967967, -0.868269270702859]], "T": [-0.09831191982617679, 0.03456021011831039, -0.12425887747349479], "aligned_model": [[-0.5404470167087954, -0.2158188175631855, 0.2878944277605321, 0.0785814839460009, -0.5558844125214685, -0.5449815793977134, 0.10749139062100124, 0.2296240565703689, 0.5857540858954199, -0.10759859494238226, -0.21963412413679437, 0.4845339166947946, -0.11277731978258132], [0.31871964130273267, -0.3310099527664033, -0.15115328745424714, 0.7817248340427853, -0.6064421309769609, 0.12130140673715673, -0.5710337526226004, -0.09339117273504793, -0.12162150476825628, -0.6700981184409416, 0.6120584578250047, 0.47930553289988803, 0.022027486368599605], [-0.5276345548423951, -0.5859636496685141, -0.5315277508857029, -0.3671825965776845, -0.09624330163046996, 0.3496206728768418, -0.22164250077032555, 0.622251118916491, 0.05224077265057159, 0.34183838202771477, 0.18854662687655338, 0.2584590199756505, -0.061686804989642546]], "inverted": true, "swapped": true, "error_lsq": 0.04102187329713676, "error_max": 0.28245226015840713, "target": "480.xyz", "model": "9.xyz", "model_rescale": 3.833441315466971, "target_rescale": 4.269470961380608},
{"mapping": [4, 2, 10, 14, 1, 0, 7, 8, 13, 12, 5, 6, 3, 11, 15], "R": [[0.1870969386140826, 0.5303746267129243, -0.8268600189272456], [0.3395231531366451, -0.8247635949688681, -0.45220464493211426], [-0.9218019115001818, -0.19613201613493753, -0.3343852093042636]], "T": [-0.07166726918076523, 0.09091251736377945, -0.007389107714659726], "aligned_model": [[0.17922895392468835, -0.060351881646541164, -0.6425000527965591, -0.6457124369964339, -0.6154629001058647, -0.4080635409778272, -0.029344696800420414, 0.20564062824485335, 0.17890732808044252, -0.47681367559485305, 0.5265602374627714, 0.578803747077381, 0.48290777917202693, -0.09576575678536109, -0.054188713963770854], [-0.6456440150435873, -0.4903646743842056, 0.02895545701122562, 0.6307419351701425, 0.017902754399440446, -0.394194547590051, 0.14025353229320417, 0.6862813515777108, 0.2840412750792889, 0.5396829602016648, -0.26706203401213, 0.21434040377845304, -0.37553999810879846, -0.30889309428061484, 0.1406002332032358], [0.13002816240218437, -0.48761190785482245, 0.29076165315572705, -0.01727874012145221, -0.25147228610606565, 0.02457126149886274, -0.6667192431036929, 0.007970888541399546, 0.7549129255045014, 0.5828123296455092, 0.43753642670215587, -0.09527312661501833, -0.35871054372379774, 0.5951603844729524, 0.0314337234236497]], "inverted": true, "swapped": true, "error_lsq": 0.04632085657677034, "error_max": 0.28948646880652473, "target": "480.xyz", "model": "10.xyz", "model_rescale": 4.2482417240324, "target_rescale": 4.269470961380608},
{"mapping": [13, 5, 4, 3, 14, 1, 10, 7, 6, 9, 8, 15], "R": [[-0.4905266928643055, -0.7831221305711951, -0.38223460361045214], [-0.44049169012751904, 0.6012942061206332, -0.6666425943594958], [0.751898021354099, -0.15863482056405387, -0.6399096492383918]], "T": [-0.01569956434085228, 0.08357515245427687, 0.03287794287023333], "aligned_model": [[-0.652987244679075, 0.005685002145875705, 0.41181043063342965, 0.6522017425648814, -0.4702007114440632, 0.10706800413857122, -0.30307702157237515, 0.44387675665213083, 0.09255653247289385, 0.02535562416122004, -0.3622780033872592, -0.07324550932322335], [-0.4369237715579665, -0.7381799998189468, -0.43767710892863015, -0.3342083717886385, 0.7265281525144989, 0.611548379257646, 0.3595514124334102, 0.40414790596633626, -0.3414383304584915, 0.7236151627190005, 0.062106770018347954, 0.06706118969407254], [0.09718982583631686, 0.12366246986906065, 0.4450420249142736, -0.13422369072591686, -9.848880547162764e-06, 0.29132156841258394, 0.5426170147381353, -0.3206254916357511, -0.4708231031479266, -0.4906136822504698, -0.5248156489493245, 0.006470851673922487]], "inverted": false, "swapped": true, "error_lsq": 0.042993604160111915, "error_max": 0.24747473737792683, "target": "480.xyz", "model": "11.xyz", "model_rescale": 3.6694154284099745, "target_rescale": 4.269470961380608},
{"mapping": [1, 14, 8, 12, 10, 2, 0, 3, 13, 5, 6, 11, 7, 15], "R": [[0.9421171151858742, 0.31957879368669107, -0.10141368694414946], [-0.09592229926773586, 0.546735861135829, 0.8317925286099019], [0.3212697523531238, -0.7739181434582234, 0.5457439449495886]], "T": [-0.02295354987153004, 0.05973527759911977, -0.06024716290047282], "aligned_model": [[-0.0008654056169379101, 0.15964844872144585, -0.1891279165471813, 0.6347983349754873, 0.4961209363995976, -0.3992979346858239, 0.19979915614481614, -0.5287700579950811, 0.5336140512202215, 0.15579837735964824, -0.3938673434139921, 0.5688567874374372, -0.6377365318255108, -0.0007060519183172964], [-0.30158899818176155, 0.28219732819234006, 0.6913871694710962, 0.45233619717237916, -0.14231187729437378, -0.5778494843268772, -0.4876456933585296, -0.21500568607701964, 0.5562973187262973, 0.13283997978794476, 0.41017314910425584, -0.1150437916048755, -0.07604207563681199, 0.12124375216218979], [-0.539389723408091, -0.793874183944905, -0.13096926388282565, -0.4167625673188477, -0.38936909363053784, 0.08284624992643724, -0.0766204931421672, 0.5029803646882662, 0.29309315524338564, 0.7439195557237426, 0.3706667993816366, 0.31751460907382006, -0.26651969807491727, -0.05842025098258125]], "inverted": false, "swapped": true, "error_lsq": 0.03700464904225631, "error_max": 0.22027164510262812, "target": "480.xyz", "model": "12.xyz", "model_rescale": 3.9764082729961374, "target_rescale": 4.269470961380608},
{"mapping": [1, 9, 12, 13, 10, 11, 14, 9, 4, 5, 2, 8, 7, 3, 0, 15], "R": [[0.9851573984046451, -0.0038099240461937495, -0.17161114429824617], [0.1467750027270225, -0.4996946574070309, 0.8536757861936535], [-0.08900561186281322, -0.8661932427799424, -0.4917186870755412]], "T": [-0.04093750026399635, -0.05358113414580127, 0.043067370204005855], "aligned_model": [[0.2129443077395276, -0.31450808815302933, -0.28242292234103417, -0.2951731959649607, 0.38054667489123184, 0.4129401619840139, -0.008727727222608776, -0.31450808815302933, -0.28798676633793135, -0.789220575921214, 0.5146453654235892, 0.6572943700342673, 0.31716371716970976, 0.5555882992585504, -0.06918642059419708, -0.023748397610424264], [-0.21858720191348516, 0.12581733187041574, -0.505885159696247, -0.5664383628804116, -0.675020453120219, -0.5971923081416715, -0.3529508132327917, 0.12581733187041574, 0.5571094842955362, 0.2904970239446409, 0.300623663854462, -0.16316840909682756, 0.6020886801927878, 0.06352382078832972, 0.5930916877560916, 0.0056725004520759015], [-0.5151795316465139, -0.46138723662469505, -0.33682655491642105, 0.2594517969842179, -0.2438318488339588, 0.40227017916925223, 0.7834377946126554, -0.46138723662469505, 0.3292270292394727, -0.11347835999896488, -0.40651705383010395, 0.03230999519215103, 0.15662049240100945, 0.6252072566123097, -0.2857550642737559, 0.13128424109600767]], "inverted": true, "swapped": false, "error_lsq": 0.05399586546078107, "error_max": 0.49611951487942135, "target": "480.xyz", "model": "13.xyz", "model_rescale": 4.170626492500431, "target_rescale": 4.269470961380608},
{"mapping": [8, 13, 6, 5, 7, 2, 3, 12, 14, 11, 10, 4, 1, 15], "R": [[0.13619195461865072, -0.9546212967492879, 0.26485832305189116], [0.7126389523131881, 0.2801184466742918, 0.6431791192807363], [-0.6881841869318949, 0.10115253642638183, 0.7184501995485815]], "T": [0.052125825297049275, 0.09142545614590696, 0.03796425698739024], "aligned_model": [[0.28262406242703214, -0.0058630665410753235, -0.31262550692420116, -0.6340117737364309, 0.0754467670468972, -0.35780679666117493, -0.6594958930745752, 0.6401319423751051, 0.8394577159655194, -0.232586940650938, 0.39937161520606473, -0.6529103417001211, 0.3871332886980006, 0.07431794966154075], [-0.1587737461765375, -0.7318532840470998, -0.024228145324031516, -0.370288811367873, 0.6781840097117477, 0.6964391325771484, 0.4090448175850155, -0.4800123855382696, 0.09294657427054186, -0.34915344563614054, -0.024931924144595177, 0.10752557809807906, 0.4740133048397626, 0.03716279307791741], [-0.5240593813500392, 0.031628637915740485, -0.5094398871553384, 0.03399050805218555, -0.26881334456216616, 0.22381055423740476, -0.16518754838620098, 0.241885459973466, 0.07184109253737085, 0.5362814521086281, 0.5713158688046523, 0.3943527186776853, 0.35736564892620803, 0.008901321341269454]], "inverted": true, "swapped": true, "error_lsq": 0.04557249126484937, "error_max": 0.26514474605388294, "target": "480.xyz", "model": "14.xyz", "model_rescale": 3.9786697098870705, "target_rescale": 4.269470961380608},
{"mapping": [8, 6, 14, 12, 7, 1, 5, 4, 10, 13, 3, 15], "R": [[-0.32628997903626206, -0.6914427887467547, 0.6445476859555284], [0.5158785879963943, 0.441114274719067, 0.734361953729847], [-0.7920884622486066, 0.5721232966146216, 0.21276936208828462]], "T": [0.06270134009709921, 0.08994089854230532, -0.04880368501732263], "aligned_model": [[-0.10028443194260678, -0.5608917194950207, 0.7027206650772653, 0.6576926149980573, -0.11528900252548613, 0.5189617548940506, -0.47391136421362784, -0.27175098344987, 0.6665527409331058, 0.022782700824942215, -0.6260609999525304, 0.06283262161905745], [-0.3092409207141192, -0.08336803271473396, -0.024324183782989436, -0.5082888141312397, 0.5850189594288265, 0.47557505056975213, -0.248527289621099, 0.2930853855726606, 0.03938579573550895, -0.6956196459351973, 0.46310275278449137, 0.027875433032578216], [-0.5444741012220938, -0.21362570202311887, -0.4941801712219083, -0.09333290377793564, -0.45149353450599866, -0.10990561914687669, 0.4817307167772505, 0.6376523638234743, 0.1778905753296538, 0.20118005225030075, 0.13805148433480366, -0.06952666674372095]], "inverted": true, "swapped": true, "error_lsq": 0.04861600477424338, "error_max": 0.24779221726775535, "target": "480.xyz", "model": "15.xyz", "model_rescale": 3.769337070930944, "target_rescale": 4.269470961380608},
{"mapping": [7, 2, 8, 6, 14, 1, 12, 0, 13, 5, 15], "R": [[0.5323205519875442, 0.6955471330780942, -0.48254431464739106], [0.021148624174727793, 0.5589130956218515, 0.828956505033838], [0.8462786571970207, -0.4514757326914073, 0.2828110626612131]], "T": [-0.03296021463781192, 0.0019115937285007559, -0.027380530761323425], "aligned_model": [[-0.3681419164561832, -0.36800319370322404, -0.16234709293585306, -0.6166066347010585, 0.5547315340458651, 0.31233883637707477, 0.6718003536988847, 0.18898992937228565, 0.13845910204423675, -0.40723541686616543, -0.021359370184692035], [-0.20879616624072034, -0.670523706141174, 0.608278935248526, 0.3189400102175353, 0.22419149824797452, -0.36714392476550184, 0.4575893501116409, -0.5166123446488314, 0.5681571252018754, 0.11639454347482892, 0.06558917691918859], [-0.5586031112058764, -0.09220428477238503, -0.24458396322748846, 0.042765220361530465, -0.5030395603473837, -0.35170644910940774, 0.07032607757472685, 0.1497743174672952, 0.5480950566045648, 0.7011744688976728, -0.017780165019471807]], "inverted": false, "swapped": true, "error_lsq": 0.042369384863815335, "error_max": 0.23880215961879178, "target": "480.xyz", "model": "16.xyz", "model_rescale": 3.7852294659196426, "target_rescale": 4.269470961380608},
{"mapping": [7, 4, 0, 2, 6, 5, 13, 11, 1, 14, 8, 10, 15], "R": [[-0.005665008635870897, 0.5819267509423698, -0.8132214730409011], [0.20817273533052072, 0.7961039538818022, 0.5682276012996645], [0.9780756718895347, -0.16607152420393684, -0.1256512192794671]], "T": [0.013188538529678797, 0.10632755797786707, -0.09226978846744649], "aligned_model": [[0.08482574284652075, -0.33915629421278415, 0.2822800106999344, 0.01404100243958092, -0.5958590480862005, -0.6864611714242754, -0.334600150441097, -0.10705159527483836, 0.5775648794878872, 0.6389770320005228, -0.193125871521675, 0.5169295234981384, -0.0045982097954308625], [-0.20646515657235787, -0.4383864459976117, -0.2882743354864163, -0.6418976476471676, 0.1687112371326403, 0.049171551413065104, 0.6814321358245277, 0.09333051575136811, -0.09124834766209981, 0.5510414189899625, 0.6188146364487511, 0.20957831289594997, 0.16924774861226244], [-0.6718996634749763, 0.35882634212956876, 0.256143624918138, -0.18598992711751966, -0.3591778264267126, 0.3449991614806686, 0.3867797789712711, 0.6210776316994457, -0.14762156307457014, -0.2702018067048161, -0.4477849172853334, 0.30037116973422706, -0.08976730770621717]], "inverted": false, "swapped": true, "error_lsq": 0.04478291590371479, "error_max": 0.2717916338323974, "target": "480.xyz", "model": "17.xyz", "model_rescale": 3.901054581598922, "target_rescale": 4.269470961380608},
{"mapping": [7, 9, 2, 3, 14, 0, 8, 6, 1, 11, 12, 13, 5, 4, 15], "R": [[-0.09097083948995177, -0.06270185088605384, 0.9938776505475697], [0.40569819400449747, -0.9137768519434493, -0.020514390895404827], [0.9094686810132513, 0.4013481565272019, 0.10856507499299228]], "T": [0.014905827737916936, -0.014298060261569656, -0.008704892955890548], "aligned_model": [[-0.08276039791980923, -0.05585517151054989, -0.3377872078598634, 0.2156343223242956, -0.2566640043892251, -0.47882901496597474, 0.5155466733220244, 0.6143099194244469, -0.548264869084816, -0.035157967765115136, -0.006669184170910818, 0.49624476689340974, 0.4882571028361692, -0.049533045809745116, 0.06061428976469771], [-0.16604042503537256, -0.6925064179718041, 0.4234438814561372, 0.5570807579470988, -0.7272621753555538, 0.296836491519802, -0.4390004267328833, 0.11286065765997522, -0.20744820642004136, 0.4495685316470803, -0.4663246821137832, 0.05315687244864997, 0.6260889128836419, 0.7732116800435227, -0.044908102149364], [-0.6461823642581352, -0.4781796306484194, -0.5113128560026046, -0.5395462086136602, 0.1887120686191109, 0.08581482527959589, -0.03291835737870559, -0.2744415713440513, -0.08714275979420541, 0.5442983222550257, 0.7047954291569873, 0.6583433762159469, 0.21450746177069743, -0.0038072580750354926, 0.02672592766942928]], "inverted": false, "swapped": true, "error_lsq": 0.04365277982914507, "error_max": 0.26610179951514207, "target": "480.xyz", "model": "18.xyz", "model_rescale": 3.9405287249114394, "target_rescale": 4.269470961380608},
{"mapping": [11, 13, 14, 3, 10, 2, 1, 12, 0, 4, 9, 5, 8, 6, 7, 15], "R": [[-0.698900993925065, -0.42840394578806884, 0.5727193552899794], [0.7059443796591653, -0.5417367119446568, 0.4562497865851866], [0.11480389156379889, 0.7231814393114673, 0.6810496841767142]], "T": [-0.059629027468571884, 0.0006579198020463736, -0.04205578846365424], "aligned_model": [[0.3756237300483818, -0.18054673824861533, -0.2747726653638445, -0.4041036079345693, 0.24452864911599584, 0.560009842432412, -0.18928343837890182, -0.5916965918394196, -0.19898336742696102, -0.5409857373251232, 0.4489433960551149, 0.7559642109400937, 0.34373629729654065, 0.34353270178210615, 0.006291632539395513, -0.032617599490145296], [-0.2706626014577735, 0.017863694174984367, -0.5796941010851857, -0.7310143561634032, -0.7204147145334457, -0.44359671092889874, -0.2160333666608411, -0.12984812274526844, 0.3901724722981709, 0.5443561158589738, 0.34875790103973564, 0.10589601725462974, 0.5503728640288611, 0.10045467961772891, 0.6449893341982352, -0.026600287953401455], [-0.5481717966248303, -0.7026711939151985, -0.5075057954477333, 0.225192296413075, -0.11585552243117878, 0.375090201562607, 0.5676605751694639, -0.04542357891216639, 0.5070644527262483, 0.04369395262398407, -0.4994290933799984, 0.08039932602934577, 0.2856362169420349, 0.5790598870671714, -0.3179489633478173, -0.031345065917039686]], "inverted": true, "swapped": false, "error_lsq": 0.046303765113985186, "error_max": 0.32063365453566023, "target": "480.xyz", "model": "19.xyz", "model_rescale": 4.410303926677745, "target_rescale": 4.269470961380608},
{"mapping": [10, 12, 11, 1, 4, 9, 0, 13, 8, 6, 7, 3, 5, 15], "R": [[-0.5851083971980607, 0.04413662113738016, -0.8097531242316336], [-0.23737390706940076, 0.9454630377558314, 0.22305441596194114], [0.7754365169186475, 0.3227252746719577, -0.5427214804271024]], "T": [-0.05632342722858273, -0.06115068952434088, 0.08626126524534884], "aligned_model": [[-0.15856379827550326, 0.2391449285401976, 0.3601187227729607, -0.5788196249639366, 0.1036343911922271, -0.5695598449832557, -0.2905962472248372, 0.726165936408285, 0.195854518532308, 0.2689665315216845, -0.5535906368249855, -0.07546570123439288, 0.6023936195942594, -0.008494905594138506], [-0.1694923043832727, -0.627294693108323, 0.2917595748326633, -0.12915212531906248, 0.7095916964152722, -0.6143163374778475, 0.31213572503851283, -0.20990155257768353, -0.5584832640707893, 0.0011470139459967069, -0.06987121158202031, 0.5528805425858591, 0.4276932760358958, -0.1057478741539988], [-0.5433351303952416, -0.46696172379466194, -0.388629707248641, -0.2018259433511816, 0.017576353007805634, 0.42681430109828444, -0.3078025365192374, -0.13001243226656412, 0.43363173344850137, 0.6662405974575828, 0.5239726291308716, 0.6069890292303665, 0.1916372106700538, 0.08852065825708293]], "inverted": true, "swapped": true, "error_lsq": 0.04342030410851166, "error_max": 0.24792300999792752, "target": "480.xyz", "model": "20.xyz", "model_rescale": 4.121658175737393, "target_rescale": 4.269470961380608},
{"mapping": [9, 14, 12, 8, 13, 7, 10, 6, 2, 4, 11, 5, 15], "R": [[0.15326368505157062, 0.24390783225553198, 0.9576112009624891], [0.9308192601839119, 0.289737244196852, -0.22277305536327507], [-0.3317917233975074, 0.9255059690189045, -0.1826279102308596]], "T": [-0.008415829942296338, -0.08510865482815863, 0.033563282531147313], "aligned_model": [[-0.11158862112441832, -0.06299675204036109, 0.29667837323735696, 0.5217610978067431, 0.6510862094299081, -0.28868352132505015, -0.2544068646601144, 0.43092868832599057, -0.5842351200306855, -0.2082123393517666, 0.05045326287837766, 0.388936841292229, 0.051361650226085395], [-0.5824903610775701, 0.10451931539633086, 0.5385260119665193, -0.3200510940192358, 0.3928633874989853, -0.6696305749005688, 0.46874411171409347, -0.5139672801192067, -0.3911088896026569, 0.03287336385193468, 0.5046813243196993, 0.04613524412559414, -0.07026765499073595], [0.6872811408325997, 0.7965204344750049, 0.5150958226727599, 0.34229313816936674, -0.09981783501156002, 0.17040665811477043, 0.26009836638710726, -0.2293573532049185, -0.345146568008798, -0.7217575396516343, -0.38137450214261126, -0.6797855479606533, 0.055653524810355584]], "inverted": false, "swapped": true, "error_lsq": 0.05538753623706184, "error_max": 0.3550452806971473, "target": "480.xyz", "model": "21.xyz", "model_rescale": 4.08911054899281, "target_rescale": 4.269470961380608},
{"mapping": [5, 11, 9, 12, 10, 7, 13, 14, 4, 15, 8, 6, 1, 0, 1, 16], "R": [[0.4521433212467904, -0.08692567763609546, 0.8876994669478107], [0.7399872396264752, 0.5922086173511316, -0.3189166642322889], [-0.4979812267966648, 0.8010823179315385, 0.3320870633667054]], "T": [-0.03025357799106112, -0.020770490607089485, 0.017775931044155646], "aligned_model": [[0.18333187839097012, -0.017407209521461818, -0.28947539657160976, -0.3109904102183891, 0.3091632872006261, 0.34343491108490043, -0.161537812621846, -0.6415018211106891, -0.15249166194208236, -0.5552622847485884, 0.47016712222337653, 0.7095477814507292, 0.16990843291442845, 0.45752821633535284, 0.16990843291442845, -0.01868275157768458], [-0.32194011271325185, 0.3434233844514062, -0.5218941131680774, -0.6782207623542537, -0.7291252732574919, -0.477437258469028, -0.30377582810812165, -0.21621256872445052, 0.25880705011562116, 0.37102849964761453, 0.253022361020505, -0.09801787272797852, 0.7403210240512255, 0.24410888058287547, 0.7403210240512255, -0.019409617454717473], [-0.5833955631991081, -0.6553442829187498, -0.41722610946331595, 0.20193748307016865, -0.16706211356432227, 0.41477538226806965, 0.6003584528482122, 0.01852781627409078, 0.6448217311442624, -0.3021716067778385, -0.37640501123311265, 0.06563947745389354, -0.08553552510385284, 0.5581343658085136, -0.08553552510385284, 0.06392692705490981]], "inverted": true, "swapped": false, "error_lsq": 0.04448978997139163, "error_max": 0.3359518601466659, "target": "480.xyz", "model": "22.xyz", "model_rescale": 4.204369325754507, "target_rescale": 4.269470961380608},
{"mapping": [11, 13, 14, 3, 10, 2, 1, 12, 0, 4, 9, 5, 8, 6, 7, 15], "R": [[-0.698900993925065, -0.42840394578806884, 0.5727193552899794], [0.7059443796591653, -0.5417367119446568, 0.4562497865851866], [0.11480389156379889, 0.7231814393114673, 0.6810496841767142]], "T": [-0.059629027468571884, 0.0006579198020463736, -0.04205578846365424], "aligned_model": [[0.3756237300483818, -0.18054673824861533, -0.2747726653638445, -0.4041036079345693, 0.24452864911599584, 0.560009842432412, -0.18928343837890182, -0.5916965918394196, -0.19898336742696102, -0.5409857373251232, 0.4489433960551149, 0.7559642109400937, 0.34373629729654065, 0.34353270178210615, 0.006291632539395513, -0.032617599490145296], [-0.2706626014577735, 0.017863694174984367, -0.5796941010851857, -0.7310143561634032, -0.7204147145334457, -0.44359671092889874, -0.2160333666608411, -0.12984812274526844, 0.3901724722981709, 0.5443561158589738, 0.34875790103973564, 0.10589601725462974, 0.5503728640288611, 0.10045467961772891, 0.6449893341982352, -0.026600287953401455], [-0.5481717966248303, -0.7026711939151985, -0.5075057954477333, 0.225192296413075, -0.11585552243117878, 0.375090201562607, 0.5676605751694639, -0.04542357891216639, 0.5070644527262483, 0.04369395262398407, -0.4994290933799984, 0.08039932602934577, 0.2856362169420349, 0.5790598870671714, -0.3179489633478173, -0.031345065917039686]], "inverted": true, "swapped": false, "error_lsq": 0.046303765113985186, "error_max": 0.32063365453566023, "target": "480.xyz", "model": "23.xyz", "model_rescale": 4.410303926677745, "target_rescale": 4.269470961380608},
{"mapping": [9, 4, 15, 6, 14, 13, 12, 5, 0, 2, 10, 11, 1, 7, 3, 16], "R": [[0.9790370728356134, 0.2023824986620138, 0.0229724671899674], [0.14220843202794897, -0.5984454384993971, -0.7884413858996855], [-0.14581896952600634, 0.775180225092581, -0.6146807681648981]], "T": [0.11166327352018571, -0.08066657616264408, -0.052882626809837886], "aligned_model": [[0.37674320922668114, -0.33528298156853953, -0.10233349564599742, -0.21211790337919947, 0.4076310554353142, 0.2069838320113635, -0.3828971620583679, -0.5067963138798682, -0.2364712318655449, -0.5810775641530045, 0.36333600738566996, 0.7429203583160571, 0.5470770639810542, 0.39719916086032736, -0.11561561065130074, 0.09634229018781645], [-0.31520071013858475, 0.24904124811388165, -0.6431273274903906, -0.7178589457557152, -0.6886698521626502, -0.5216270438036917, -0.17266628490854977, -0.19386682114966658, 0.3785127095117383, 0.5115401047805332, 0.2616208314082761, -0.11067163477695957, 0.6310877183006846, 0.09592194029139903, 0.7824664219982037, 0.038496462724594185], [-0.5697446502884254, -0.45959649264693253, -0.43649372784448126, 0.20605698657099195, -0.0826328949789629, 0.4862411817312573, 0.5741116825221667, -0.07007206297760445, 0.4353207742983111, -0.004973023967690095, -0.5461210193977091, -0.08942952768162707, 0.14750700605535164, 0.520891413714597, -0.16511774132259385, -0.050502005228681736]], "inverted": false, "swapped": false, "error_lsq": 0.04015849683136238, "error_max": 0.2678843726423002, "target": "480.xyz", "model": "24.xyz", "model_rescale": 4.28219845311461, "target_rescale": 4.269470961380608},
{"mapping": [11, 11, 9, 7, 3, 4, 13, 12, 2, 14, 8, 1, 6, 0, 10, 15], "R": [[-0.5806763284227172, -0.30872000235873687, -0.7533305793296423], [-0.6193973113475477, 0.7680351474858726, 0.16269290986943288], [0.5283578070824186, 0.5610828569560612, -0.6372001689619067]], "T": [0.046430433986898015, -0.09318987594041767, -0.010361245505520509], "aligned_model": [[-0.2141821531566564, -0.2141821531566564, -0.14508369387349696, -0.1742787336439326, 0.5180714863598693, 0.334569573956398, -0.4429510495556974, -0.6805087954788224, -0.11846588460229808, -0.40751365807544027, 0.49181525126699305, 0.6734085059554257, 0.37452188224804656, 0.56361441583704, 0.015825257343997437, 0.09098046277769103], [0.05982878736975644, 0.05982878736975644, -0.6005874305735623, -0.8003522503861547, -0.7069805136271556, -0.42906064156847434, -0.24488008304669562, -0.0725579806813243, 0.2493343457397479, 0.5183064182370536, 0.30368387224355664, -0.18217383753195354, 0.7264236325693669, 0.19335254552366654, 0.5818289876117182, -0.07099582230620019], [-0.46328887697627263, -0.46328887697627263, -0.4137763471824992, 0.22787150883820606, -0.03970601785850317, 0.571717132240786, 0.29032513857381814, -0.24605931888505986, 0.5590826815549467, 0.001954126334093389, -0.36542412651056716, -0.10447686958980948, 0.17071010288291205, 0.5517493678571321, -0.4264353685164552, 0.04449164277151209]], "inverted": false, "swapped": false, "error_lsq": 0.056599615403920736, "error_max": 0.5462824518524443, "target": "480.xyz", "model": "25.xyz", "model_rescale": 4.100010024507729, "target_rescale": 4.269470961380608},
{"mapping": [13, 5, 4, 3, 14, 1, 10, 7, 6, 9, 8, 15], "R": [[-0.4905266928643055, -0.7831221305711951, -0.38223460361045214], [-0.44049169012751904, 0.6012942061206332, -0.6666425943594958], [0.751898021354099, -0.15863482056405387, -0.6399096492383918]], "T": [-0.01569956434085228, 0.08357515245427687, 0.03287794287023333], "aligned_model": [[-0.652987244679075, 0.005685002145875705, 0.41181043063342965, 0.6522017425648814, -0.4702007114440632, 0.10706800413857122, -0.30307702157237515, 0.44387675665213083, 0.09255653247289385, 0.02535562416122004, -0.3622780033872592, -0.07324550932322335], [-0.4369237715579665, -0.7381799998189468, -0.43767710892863015, -0.3342083717886385, 0.7265281525144989, 0.611548379257646, 0.3595514124334102, 0.40414790596633626, -0.3414383304584915, 0.7236151627190005, 0.062106770018347954, 0.06706118969407254], [0.09718982583631686, 0.12366246986906065, 0.4450420249142736, -0.13422369072591686, -9.848880547162764e-06, 0.29132156841258394, 0.5426170147381353, -0.3206254916357511, -0.4708231031479266, -0.4906136822504698, -0.5248156489493245, 0.006470851673922487]], "inverted": false, "swapped": true, "error_lsq": 0.042993604160111915, "error_max": 0.24747473737792683, "target": "480.xyz", "model": "26.xyz", "model_rescale": 3.6694154284099745, "target_rescale": 4.269470961380608},
