[{"mapping": [0, 3, 5, 11, 12, 2, 1, 8, 4, 9, 7, 13], "R": [[0.7063429919186828, 0.056595930149785034, 0.7056036270157946], [-0.16121653894216048, -0.9577408529802216, 0.23820513450433595], [0.6892668607577728, -0.2820095020087064, -0.6673693395998403]], "T": [-0.05106955676487746, -0.0418249986118067, 0.0761973137417049], "aligned_model": [[-0.29894813406659587, 0.14983908718110428, 0.4754546723074964, -0.19815267353751753, 0.05567428505104959, -0.5301321670788318, 0.30626907375612555, -0.2524017298352597, 0.5169609965963384, 0.26310214439151436, -0.5712106937472603, -0.07881239855761439], [-0.30499609536765, -0.6398411671202253, -0.28949932736375683, 0.5926061369336326, 0.3721184964784564, -0.6993513455309563, -0.3242598235955675, -0.59445059295851, 0.15222579391734545, 0.5536058997901475, 0.2789033915293106, -0.043506330735169456], [-0.5844533284635294, -0.10554894027592433, -0.4693874239927922, -0.07696767577621187, -0.6149033791026122, -0.021618010870597795, 0.4382959687118867, 0.6799524543740662, -0.03146178467107989, 0.3700939378873448, 0.4978138938710535, 0.10013603366195897]], "inverted": false, "swapped": true, "error_lsq": 0.04311891528903591, "error_max": 0.23412502824936643, "target": "481.xyz", "model": "0.xyz", "model_rescale": 3.751011558992144, "target_rescale": 4.102705844141466},
{"mapping": [10, 7, 4, 6, 12, 11, 0, 2, 1, 3, 5, 13, 9, 14], "R": [[-0.7348690179755737, 0.06840288484297866, 0.6747507478801149], [-0.2742558689330301, 0.8799544839982165, -0.387896667228814], [-0.6202831972376848, -0.4701075955955092, -0.627891394898835]], "T": [-0.06374248403621395, 0.043905822362794465, -0.07759273618164794], "aligned_model": [[-0.6432312709033454, 0.5748841281802543, -0.35460059554990564, 0.30434950560234075, 0.291814245256364, 0.01787413142043366, 0.5069324100196807, -0.16055014850941968, 0.3673334344065482, 0.3773329701144752, -0.6039301915583998, -0.2444445271830949, -0.4875340266993279, -0.0612007785398464], [0.5643491928711128, 0.15479144443652806, 0.6564351666144815, 0.6655989944043393, -0.2080893967205901, 0.39681668435977263, -0.224184145564205, -0.6621037354880835, 0.39278579136337394, -0.5753134481930534, -0.26663067602730245, -0.607107232539305, -0.08722193816300547, 0.03255143260552176], [0.17889350539489843, 0.062183702403265456, -0.4847577289144408, 0.1266904796511584, 0.5241156033742306, 0.6334091207024444, -0.49944869843734396, -0.49701720174196684, -0.49966129602082865, -0.003932514685768523, -0.12060867282335166, 0.18892362776277746, 0.409640124082313, -0.024035010223788553]], "inverted": true, "swapped": false, "error_lsq": 0.042116482467567426, "error_max": 0.2509414059702588, "target": "481.xyz", "model": "1.xyz", "model_rescale": 3.9405287249114394, "target_rescale": 4.102705844141466},
{"mapping": [2, 6, 1, 11, 9, 3, 10, 7, 4, 5, 12, 0, 13], "R": [[0.04055496201082798, 0.9647834993461833, 0.25990016245788217], [-0.018689288076987748, -0.2593361936846083, 0.9656062598991139], [0.9990025052858856, -0.04401747419505753, 0.0075137472682931805]], "T": [-0.035376195123663176, 0.01119350532283811, -0.027254135677968656], "aligned_model": [[-0.5196409310773523, 0.3652760852132934, -0.22478660194152128, 0.49097653996734725, 0.5207940874263023, -0.6842994981179215, 0.1577080358458865, 0.5579657877617029, -0.06322821047515102, -0.6187282895704963, 0.007144606949354967, -0.47375507151612356, -0.019443261181390316], [0.583634863197683, 0.38253970731868736, 0.1251773982385505, -0.2875838707661802, -0.30906249671564334, 0.06162533524359348, 0.2116651308833672, 0.442976585143116, -0.5162968694497866, -0.5323466071854622, -0.661547534542057, -0.08606480646212915, 0.044115758668277744], [0.3032126198796505, -0.638382751286241, -0.5654986276166425, 0.25784356828091465, -0.38464432612824206, -0.11312904016705291, 0.5704690144956758, 0.0853633877825643, -0.3320213761536985, -0.04955935862605541, 0.4265906695315085, 0.5773340446734238, -0.024457475077161013]], "inverted": true, "swapped": true, "error_lsq": 0.05152690834445877, "error_max": 0.2978446723877269, "target": "481.xyz", "model": "2.xyz", "model_rescale": 3.932901565614263, "target_rescale": 4.102705844141466},
{"mapping": [11, 5, 8, 9, 6, 12, 4, 0, 7, 2, 3, 1, 10, 13], "R": [[0.3895206467909783, 0.9209488699421606, -0.011262534163979654], [0.286214420546345, -0.13266085811173445, -0.948937512271687], [-0.8754170270190418, 0.36640725385466255, -0.3152629904188359]], "T": [-0.08462188293947914, 0.023368656061402863, -0.06644655986895147], "aligned_model": [[-0.8599664325660061, 0.5645321162689595, -0.4505399130888421, 0.16799521568354459, 0.3104863579410027, 0.18853509682527808, 0.630663060498647, -0.0774465125552413, 0.2999443220037895, 0.27181153759092164, -0.4330168701656214, -0.41611995379060207, -0.2826014424986101, -0.0292472960904629], [0.340247393673039, 0.25406791567835985, 0.5960909983419551, 0.7118305774196342, -0.2059260100085018, 0.3591311878189794, -0.3782051102358993, -0.5100369443815879, 0.34716537328565966, -0.7222778407454542, -0.005583005799471359, -0.6083860713036915, -0.0005532129917106901, 0.05511288320827439], [0.24361374617089315, 0.1389229183369025, -0.3437186994650466, -0.021750657239481233, 0.44149604986366414, 0.5626628080735974, -0.36699999014432155, -0.47188127547543285, -0.5734052044125361, 0.039224494384139594, -0.43855973113867236, 0.1329616004103925, 0.6215776246471238, 0.030251356512376273]], "inverted": true, "swapped": false, "error_lsq": 0.04939155554457415, "error_max": 0.28748433782073407, "target": "481.xyz", "model": "3.xyz", "model_rescale": 3.9243930471874484, "target_rescale": 4.102705844141466},
{"mapping": [3, 4, 0, 2, 10, 1, 8, 12, 11, 9, 7, 6, 13], "R": [[0.9833718127596085, -0.123525061479621, 0.13312188796864802], [0.1649831498474455, 0.9140210887137217, -0.3706022256449604], [-0.07589755026545164, 0.38640265083593645, 0.9192021286369307]], "T": [0.004721968694503587, -0.06278571127578875, -0.1462548703114961], "aligned_model": [[-0.044017970933956756, -0.37040444237533376, 0.6083196245853095, 0.4345423266602495, 0.6156444513529317, -0.50283516833665, -0.2192599941634646, 0.35593277470359935, 0.22062290849583244, -0.4190743439071316, 0.1509606651191937, -0.5646817159902763, 0.011456771101049427], [-0.6174819788903425, 0.1934564790766808, -0.2782732933085469, -0.7484781937098901, 0.04310204218430244, -0.3465559642372777, -0.6911645498519752, 0.4284625501932362, 0.5675804123258201, 0.5257900193054326, 0.16278219879948552, -0.04188044043167319, -0.06950972777366528], [-0.494041860923049, -0.5531025281704629, -0.5417255494923746, -0.017841480689428146, 0.07803258142650454, -0.12537523093818723, 0.3689364308808146, -0.6900284885472127, -0.08607881683972884, -0.029668708784916592, 0.5457764908825514, 0.44301658649729814, -0.11082910993084485]], "inverted": true, "swapped": true, "error_lsq": 0.04139943695080022, "error_max": 0.22244402329930052, "target": "481.xyz", "model": "4.xyz", "model_rescale": 3.8936222436046832, "target_rescale": 4.102705844141466},
{"mapping": [5, 4, 12, 0, 11, 9, 6, 7, 2, 3, 10, 13], "R": [[0.3163683338150293, -0.8476902697698165, 0.4258312857185088], [0.7577649685635628, 0.49587445677042763, 0.4241471154452147], [-0.5707042401953617, 0.1884933146300139, 0.7992289662936559]], "T": [-0.06080488227367076, -0.07916670481567525, 0.06075231022370813], "aligned_model": [[-0.0034892086418258916, -0.47987498802636863, -0.34903985631834666, 0.3983545453541544, -0.5113818418595715, -0.7746006976109225, -0.3247666349712177, -0.1627149926341152, 0.7511079655253684, 0.39066979014966985, 0.14357441223504525, -0.05029045098677275], [-0.6019678137310455, -0.4621821093764229, 0.10278813346836221, 0.06977153545544973, 0.37763870007254874, -0.08401650025403723, -0.18317491471620503, 0.48668907471246625, 0.01762317264215746, -0.5310480698349171, 0.5352512985252253, -0.058449601853774735], [-0.5389367400721878, -0.1619231204768617, -0.6769310019811675, -0.5173066027811989, -0.1287339651586647, 0.23421427076462076, 0.8297808673510462, 0.5304283788547675, 0.11403426235783748, -0.0908826922253545, -0.06359791415964, 0.08913897680232148]], "inverted": true, "swapped": true, "error_lsq": 0.0476719441635989, "error_max": 0.23109363134433114, "target": "481.xyz", "model": "5.xyz", "model_rescale": 3.6523030999806103, "target_rescale": 4.102705844141466},
{"mapping": [5, 12, 11, 4, 9, 3, 10, 1, 2, 8, 7, 6, 13], "R": [[-0.7007810603242421, 0.6274367297200394, -0.33945405534336026], [0.517108022239821, 0.7745807651674741, 0.3641756877769181], [0.49143178450935765, 0.07967300942472713, -0.8672640963069761]], "T": [0.03848011727263558, -0.033775658315013696, 0.05911493363482604], "aligned_model": [[0.029171979320124906, 0.04900519180843429, 0.23014991878028696, 0.49924879044579973, 0.7241528068375609, -0.24001217789379145, -0.3993530726530142, 0.28455363113280163, -0.712784754139095, -0.15490319355636442, 0.04007233426585834, 0.503274278960715, 0.028507171354978003], [-0.6246855111980477, 0.12820732007121372, 0.5166051409295445, -0.2801267712457485, 0.22754795484143556, -0.6282997186805643, 0.45116487169600883, -0.4423123852816603, -0.21052879427316185, -0.2443452672795402, 0.5938073152884158, 0.06781684344021865, -0.014024094144931228], [0.5948125603846695, 0.855365126766485, 0.3876563861427128, 0.37361177000067086, 0.09346562875330675, 0.05753220228115006, 0.14787380535842834, -0.2742337301593138, -0.21614701639522735, -0.733799498163229, -0.3375097243882596, -0.6083757308234999, 0.029857959723895974]], "inverted": true, "swapped": true, "error_lsq": 0.04795926607560937, "error_max": 0.28009255507292596, "target": "481.xyz", "model": "6.xyz", "model_rescale": 4.08911054899281, "target_rescale": 4.102705844141466},
{"mapping": [7, 11, 2, 13, 10, 12, 9, 3, 1, 8, 6, 4, 5, 14], "R": [[-0.2577672804620238, -0.41448318804925854, 0.8727884714796225], [0.9557315188642757, 0.02327766829051825, 0.2933179401406289], [-0.14189183546842055, 0.9097592192352215, 0.39013442560728095]], "T": [-0.010879067808843394, 0.01921017806399331, -0.004485669096795186], "aligned_model": [[-0.6625022875132295, 0.5359479686693642, -0.3781581603167492, 0.07956370921425027, 0.33116791529727246, 0.1362042449697039, 0.5444957862397874, -0.2103011618342267, 0.3053757797994443, 0.2730697985844489, -0.4218416610488469, -0.3533442547190634, -0.4238483353475522, 0.12919994406215365], [0.4060690818199766, 0.17173749447456474, 0.5508620959531311, 0.7383748311673682, -0.22952073239010234, 0.3856315516919121, -0.26802635818065135, -0.5617134938502855, 0.3799992644914409, -0.5985779909968103, -0.040323215803465914, -0.5742830279274114, -0.12666071019642833, -0.0008906562936537785], [0.15367985389813318, 0.14466751686383775, -0.48676344144653266, 0.09806591871478712, 0.578962438308366, 0.5888976758514047, -0.47736118299493674, -0.5036949960228213, -0.5592470280021371, 0.04899136080809066, -0.2814486421194519, 0.16084097696743477, 0.6189558258407701, -0.0901512361433456]], "inverted": false, "swapped": false, "error_lsq": 0.035336891749304, "error_max": 0.20249508923224324, "target": "481.xyz", "model": "7.xyz", "model_rescale": 3.964800864290218, "target_rescale": 4.102705844141466},
{"mapping": [5, 12, 10, 9, 7, 8, 4, 6, 11, 2, 3, 0, 1, 13], "R": [[0.7792313072633482, 0.5934204205654793, 0.20162037158120488], [-0.05946853864721857, -0.25023958523556045, 0.9663558572763445], [0.6239086974003629, -0.7650048068064831, -0.15970467391769694]], "T": [-0.02793986018291922, -0.04893336886169654, -0.011912002904984504], "aligned_model": [[-0.6698237164825047, 0.6727005256398886, -0.35826002214687275, 0.23411480365948384, 0.3418999970266426, -0.0442406016377464, 0.47061908358137994, -0.06836147370498641, 0.3860092834203241, 0.25311603743719285, -0.6666523343415616, -0.3960475165076864, -0.22986417574019008, -0.04018060414660643], [0.4406068380271285, 0.2070055430308585, 0.64807893877458, 0.5871242949412473, -0.08473539406734201, 0.539023656579764, -0.35939623315733327, -0.2425736326031802, 0.2744685830170601, -0.6277652287141867, -0.2297038711513052, -0.6630038972331856, -0.27861579837325795, 0.022164334888737605], [0.20581770069468514, 0.10755874841889093, -0.29510177427904316, -0.036705717120498534, 0.5953687064643302, 0.4831621364613666, -0.3993977245771741, -0.5572333435812319, -0.65315346173686, 0.14483616514412562, -0.30402687167840914, 0.012036108991162328, 0.6733561515665253, 0.017878215755729364]], "inverted": false, "swapped": false, "error_lsq": 0.044682274974945035, "error_max": 0.2548086439270886, "target": "481.xyz", "model": "8.xyz", "model_rescale": 4.121658175737393, "target_rescale": 4.102705844141466},
{"mapping": [0, 10, 11, 12, 2, 3, 7, 1, 9, 8, 5, 4, 13], "R": [[-0.4155124331387041, 0.8997822132498963, -0.1331967966066468], [0.06447240534319931, -0.11693374894075365, -0.9910448059033068], [-0.9072996896596055, -0.42037895651159707, -0.009423697034845413]], "T": [0.016058729971913037, -0.05911795707935126, -0.012656106895279892], "aligned_model": [[-0.5829981748211275, -0.16965529929974887, 0.42179746178293404, 0.0822452882077016, -0.732756311936252, -0.4925981013041424, 0.29634101170406046, 0.06628925767030779, 0.7465397820186757, -0.23599763253861894, -0.25763739936022895, 0.31903302154613866, 0.01613459276549758], [0.22989656476775677, -0.27901079388060007, 0.0422276322235253, 0.5776270244153593, -0.39162653859422536, 0.12741282448104713, -0.670964166749786, -0.12864615990407724, 0.01128609575343574, -0.7124430931380217, 0.658355936397551, 0.42162263491836643, -0.09535052127862162], [-0.3658749020920466, -0.6058683765026036, -0.5348638969944799, -0.5131946174948763, -0.023782447430735782, 0.3581454807305185, -0.32612078037978853, 0.5628597367237754, 0.01986681131382427, 0.4564748108581448, 0.2031092377259185, 0.20870324564008264, -0.01837886813864418]], "inverted": true, "swapped": true, "error_lsq": 0.041544740676279494, "error_max": 0.2469416112166364, "target": "481.xyz", "model": "9.xyz", "model_rescale": 3.833441315466971, "target_rescale": 4.102705844141466},
{"mapping": [8, 6, 9, 7, 12, 11, 4, 5, 3, 1, 13, 0, 10, 14], "R": [[-0.08783244502824986, 0.2563052657158724, -0.962597045687694], [0.12130723978598518, 0.9618917119190834, 0.24504874640952828], [0.9887214042266232, -0.09524676009026158, -0.115576985236868]], "T": [0.02196787756439149, 0.0011308543242751126, 0.02853824563456875], "aligned_model": [[-0.5809043290329585, 0.6791949618841768, -0.34104908626902913, 0.22408198952450958, 0.30027111979568083, 0.01617974808018298, 0.5782416426915498, -0.05132685536591801, 0.22876338442923855, 0.26815009321786015, -0.5996063291085046, -0.28980353778528756, -0.5546707063337692, 0.007507190329025498], [0.4680019361823899, -0.16942496357634593, 0.6325126173624601, 0.6353261958215285, -0.16034902623522546, 0.4510473868747123, -0.0865050837858079, -0.44599859281312204, 0.5055167996471563, -0.6833091509828063, -0.37188483128687655, -0.5864762992802648, -0.02902631636395086, 0.07324746239573737], [0.1902041289056413, 0.042424953728267906, -0.32851340301681786, 0.05786624167199443, 0.5379414364852099, 0.5412552166219121, -0.5360784568044046, -0.47359554240831037, -0.6475921310302333, 0.15716611487376914, -0.3034125719599322, 0.17461828981342026, 0.6136302316811011, -0.03151946803801919]], "inverted": false, "swapped": false, "error_lsq": 0.047843501960072365, "error_max": 0.3941699902371485, "target": "481.xyz", "model": "10.xyz", "model_rescale": 4.2482417240324, "target_rescale": 4.102705844141466},
{"mapping": [2, 8, 7, 6, 0, 11, 10, 9, 1, 5, 3, 13], "R": [[0.5283582289564603, -0.8488888535909777, 0.015009868186918351], [-0.47810218026795054, -0.2828738279713263, 0.8315050827697212], [-0.7016094975960809, -0.4465088036062051, -0.5553143264720718]], "T": [0.027687694210082908, 0.15113520342372797, -0.06604321015261296], "aligned_model": [[-0.6721382690013342, -0.08574251165555058, 0.33788845053116323, 0.6076823728560284, -0.6401577031482885, 0.35142223024151376, -0.20202619146987438, 0.7431198406460381, 0.15601439752312252, -0.30051962617871897, -0.4501296971654678, 0.03135230918437524], [-0.24082844063470452, -0.6833798784103545, -0.13418805070233167, -0.42751691469480346, 0.48128827455519785, 0.5865565809647751, 0.26269993657707535, 0.3129868751116952, -0.211209738471392, 0.577593769326878, 0.017639154730006462, 0.12448982169859797], [0.10134210035675754, -0.10022109582487494, 0.5451361208923365, -0.0918566800966641, 0.04415461717934242, 0.32536450203996037, 0.5418451004766724, -0.10576623220929317, -0.5028660157125763, -0.6548097932590573, -0.4960300324406576, -0.04110030154758952]], "inverted": false, "swapped": true, "error_lsq": 0.052535062856100545, "error_max": 0.2782509360528834, "target": "481.xyz", "model": "11.xyz", "model_rescale": 3.6694154284099745, "target_rescale": 4.102705844141466},
{"mapping": [7, 2, 9, 10, 12, 12, 3, 4, 8, 1, 6, 0, 5, 13], "R": [[0.020998581832940677, -0.9125366399423546, 0.40845555489394875], [0.33108964477742975, -0.37914577985563425, -0.8640764576927316], [0.943365627252849, 0.15337978478398376, 0.2941699082799908]], "T": [-0.10429686326370141, 0.03627632346719993, -0.052771012041699955], "aligned_model": [[-0.5616153799542913, 0.5417698945589102, -0.21429569178472482, 0.10185990502288367, 0.1428538585656708, 0.1428538585656708, 0.5032913740319649, -0.042975963048861365, 0.30938008185153437, 0.5432808743915725, -0.6214468201224068, -0.22032236439688435, -0.6520584832050413, -0.08754585841923934], [0.5748232506641762, 0.13008141757232655, 0.7331684202065982, 0.5922175914253738, 0.073152051757485, 0.073152051757485, -0.29696803653585613, -0.5516057976402486, 0.3313320408588268, -0.49392021080012277, -0.17513611417149827, -0.6202430629325666, -0.05530926691692595, -0.08206620128546825], [0.17742955261477053, -0.04219168555914864, -0.43608280434172386, 0.17517082435331463, 0.5791508198558619, 0.5791508198558619, -0.563685516660056, -0.4980944996654062, -0.6134949726727121, 0.0737525148051254, -0.14060914035949112, 0.2046357532025849, 0.5270048755475583, -0.027741500452940784]], "inverted": true, "swapped": false, "error_lsq": 0.05008654553287683, "error_max": 0.3766583798891789, "target": "481.xyz", "model": "12.xyz", "model_rescale": 3.9764082729961374, "target_rescale": 4.102705844141466},
{"mapping": [13, 7, 6, 14, 8, 11, 0, 9, 4, 2, 12, 1, 10, 15], "R": [[0.6084906467976564, -0.6381045360523069, 0.47176448979256635], [-0.35593428706416397, -0.7507968091881144, -0.556430529900249], [0.709260118751855, 0.17066561570045893, -0.6839761191486792]], "T": [-0.0369540947322631, 0.047181558379537275, -0.07932714603971033], "aligned_model": [[-0.5275850273628061, 0.7115477849859461, -0.1927565993491601, -0.06556131206016594, 0.23504355470643087, -0.14557231127951628, 0.3850589434288544, -0.16847179684252786, 0.4058476258628838, 0.41983783394058405, -0.6308005370219394, -0.18732480681910613, -0.3978007184198108, 0.043566652287090966], [0.3961049231583068, -0.034370992359165686, 0.7127235856297534, 0.7920991269306804, -0.1225966151235818, 0.35860478013435826, -0.3582701737826569, -0.3931481776064951, 0.2900964965716457, -0.5764946636190864, -0.18613822721040071, -0.5252516006821758, -0.23881553664546765, 0.11813520856387062], [0.0302827059100316, -0.14357523121981022, -0.4205575597164608, 0.20892184833091473, 0.5506295883082282, 0.6430040513589291, -0.5090035615094927, -0.4670279896752756, -0.5899960121558362, 0.11721449819627242, -0.06829013646157858, 0.15095855828020388, 0.5795675912050343, -0.08773331032756157]], "inverted": true, "swapped": false, "error_lsq": 0.04659842463967966, "error_max": 0.29009715633338967, "target": "481.xyz", "model": "13.xyz", "model_rescale": 4.170626492500431, "target_rescale": 4.102705844141466},
{"mapping": [6, 10, 3, 11, 12, 5, 7, 0, 9, 8, 2, 4, 4, 13], "R": [[-0.506126730540224, 0.18838266415494875, -0.841633949219343], [0.8607015274147684, 0.048056999889198704, -0.5068366654727484], [-0.055032838728787004, -0.9809192100308434, -0.18646417901011975]], "T": [-0.027560763611640914, 0.007851836939873529, -0.1258521636905754], "aligned_model": [[-0.5563939429420659, 0.5312765907036981, -0.35551617363598226, 0.1278874497959944, 0.30940819887823034, -0.0849675708755587, 0.49329991232726383, -0.16024110069290456, 0.509269309117185, 0.33578227988034426, -0.6544707598420175, -0.28822283821167927, -0.28822283821167927, -0.03385923023407142], [0.5408137291607588, 0.026971394881471975, 0.5097116310030506, 0.6757471333913024, -0.04578125304328941, 0.4483224000277616, -0.48209292536132015, -0.39587609365252285, 0.4986165683400689, -0.5809180850205455, -0.1656158843275378, -0.44466366036159755, -0.44466366036159755, 0.09210683928358145], [0.25332636538207093, -0.050595543378609775, -0.4665215056756083, 0.045645291268901544, 0.5216673581491378, 0.6678165139634122, -0.5080668795806131, -0.5444905431297591, -0.4826012210005228, 0.1441258067915122, -0.22497316823081093, 0.3540938105192591, 0.3540938105192591, -0.06912505507403026]], "inverted": true, "swapped": false, "error_lsq": 0.04918999610835038, "error_max": 0.4162602619386448, "target": "481.xyz", "model": "14.xyz", "model_rescale": 3.9786697098870705, "target_rescale": 4.102705844141466},
{"mapping": [3, 4, 8, 2, 6, 7, 12, 11, 10, 0, 9, 13], "R": [[-0.3890135382208785, 0.259862829025159, -0.8838211228364676], [0.3790693235840501, -0.8292527322132089, -0.41066574490022756], [-0.8396278431533843, -0.49478400965266556, 0.2240845126143864]], "T": [-0.02026204156752532, -0.02416154123202619, -0.08105035243751808], "aligned_model": [[-0.005722383978308106, -0.6259527027802648, 0.5268624648312253, 0.6396236769348842, 0.06833506275895324, 0.4168901812271071, -0.4504825296700423, -0.18001056949335276, 0.4049648534536695, 0.13906965428648127, -0.46109110903703054, 0.010867998234014697], [-0.5577175326000288, -0.022861522783256656, 0.10306094409847949, -0.4840812008514579, 0.6548587309394472, 0.5397595789662141, -0.3001500967555618, 0.2712021885754847, -0.060567578450681746, -0.6824313080929096, 0.5585054302350747, -0.004903143056364821], [-0.46331455988001385, -0.15205763358390617, -0.7094763027328129, -0.23736562499518127, -0.5315838799095255, 0.12404705750195431, 0.5506966549791579, 0.4976002311989109, 0.42154296761573945, 0.2482768572372831, -0.004984776131373367, -0.08341449742640264]], "inverted": false, "swapped": true, "error_lsq": 0.050110214023475826, "error_max": 0.3131387562938697, "target": "481.xyz", "model": "15.xyz", "model_rescale": 3.769337070930944, "target_rescale": 4.102705844141466},
{"mapping": [4, 9, 3, 1, 12, 11, 0, 7, 2, 8, 13], "R": [[-0.9948295354550776, -0.09896666072619884, 0.022799023025996755], [-0.0915590827999701, 0.9711218014514373, 0.22031654750050758], [-0.043944621321188974, 0.21708995096600084, -0.9751619472920982]], "T": [-0.01858627265653604, 0.03153202080032472, -0.02639200435579767], "aligned_model": [[-0.2887549883982205, -0.27868425830063154, -0.19118133929396, -0.5832354460180376, 0.480514949779948, 0.35163841058094986, 0.5290383085254877, 0.1412875322067725, 0.20750359324731046, -0.42956896740538963, -0.01593166423305855], [-0.0010074151429116385, -0.5786893647311734, 0.6647732353237035, 0.15205089308616881, 0.02441915882792997, -0.4631854168394979, 0.5422391517777183, -0.5250793252907273, 0.5763951566258277, 0.18679557782827208, 0.017352846160031594], [-0.5721528963653661, -0.34198024362869195, -0.011035277473991596, 0.04587330960995897, -0.6676493703953856, -0.28287624133702904, -0.10668914473475508, 0.43814886487428634, 0.5423058547720977, 0.6929385272889333, 0.007334224613719836]], "inverted": false, "swapped": true, "error_lsq": 0.047473343088864035, "error_max": 0.2821044200570908, "target": "481.xyz", "model": "16.xyz", "model_rescale": 3.7852294659196426, "target_rescale": 4.102705844141466},
{"mapping": [6, 2, 3, 8, 7, 10, 12, 0, 1, 9, 11, 5, 13], "R": [[-0.802987816877285, -0.2232903954251635, -0.5525866133535321], [0.2879782632582646, 0.6663860953253937, -0.6877485673178309], [0.5218036851512314, -0.7113866538443417, -0.4707971356059266]], "T": [0.030298680423923054, 0.10421072117763008, -0.009607362274294578], "aligned_model": [[0.18910286886975988, -0.3069834144601129, 0.32959110988199813, 0.025532120245844083, -0.4906686249262313, -0.6137580465188072, -0.0379355739839817, -0.23478501635797347, 0.48068221188347543, 0.24469332256006884, -0.26527246459297726, 0.5269019127257961, 0.0066654448894242525], [-0.17265336973694306, -0.5247203220848957, -0.26880145836782443, -0.6973277429521272, 0.05137849399575095, 0.1785719669967217, 0.8059996848813296, 0.1306038719588976, -0.21820702372707845, 0.5481270164153781, 0.6785189972494439, 0.2787952236815617, 0.08477028539265985], [-0.7646079855755837, 0.39300442408325664, 0.4401762272873698, -0.2703051407551823, -0.5358923286100312, 0.1104121976213268, 0.3943727975010909, 0.6948045354043765, -0.18786906741040293, -0.554208407544288, -0.18397342913328174, 0.5896743111686641, -0.02983343689414118]], "inverted": true, "swapped": true, "error_lsq": 0.0512331170145072, "error_max": 0.3042420891108432, "target": "481.xyz", "model": "17.xyz", "model_rescale": 3.901054581598922, "target_rescale": 4.102705844141466},
{"mapping": [10, 7, 4, 6, 12, 11, 0, 2, 1, 3, 5, 13, 9, 14], "R": [[-0.7348690179755737, 0.06840288484297866, 0.6747507478801149], [-0.2742558689330301, 0.8799544839982165, -0.387896667228814], [-0.6202831972376848, -0.4701075955955092, -0.627891394898835]], "T": [-0.06374248403621395, 0.043905822362794465, -0.07759273618164794], "aligned_model": [[-0.6432312709033454, 0.5748841281802543, -0.35460059554990564, 0.30434950560234075, 0.291814245256364, 0.01787413142043366, 0.5069324100196807, -0.16055014850941968, 0.3673334344065482, 0.3773329701144752, -0.6039301915583998, -0.2444445271830949, -0.4875340266993279, -0.0612007785398464], [0.5643491928711128, 0.15479144443652806, 0.6564351666144815, 0.6655989944043393, -0.2080893967205901, 0.39681668435977263, -0.224184145564205, -0.6621037354880835, 0.39278579136337394, -0.5753134481930534, -0.26663067602730245, -0.607107232539305, -0.08722193816300547, 0.03255143260552176], [0.17889350539489843, 0.062183702403265456, -0.4847577289144408, 0.1266904796511584, 0.5241156033742306, 0.6334091207024444, -0.49944869843734396, -0.49701720174196684, -0.49966129602082865, -0.003932514685768523, -0.12060867282335166, 0.18892362776277746, 0.409640124082313, -0.024035010223788553]], "inverted": true, "swapped": false, "error_lsq": 0.042116482467567426, "error_max": 0.2509414059702588, "target": "481.xyz", "model": "18.xyz", "model_rescale": 3.9405287249114394, "target_rescale": 4.102705844141466},
{"mapping": [14, 5, 13, 11, 2, 10, 8, 4, 9, 6, 12, 1, 3, 15], "R": [[0.39043030616005253, 0.429912918619895, -0.8140878689892704], [0.5145270506800192, 0.6313806163219233, 0.5801899959939584], [0.7634304749944744, -0.6453939879923519, 0.025308301267357385]], "T": [-0.08979785936268588, -0.029998875313656175, -0.13119452356181827], "aligned_model": [[-0.5716907853457712, 0.7221580674443945, -0.327053098470627, 0.12231485414022948, 0.41917085090252487, -0.06065600445352272, 0.5284347746733562, -0.3384755482084556, 0.4033024114164136, 0.4386616023928193, -0.6246189804839357, -0.159579791880605, -0.595249033418741, -0.07169003265132265], [0.4957883449039653, 0.07126686424145891, 0.5307678996424386, 0.6381664402259395, -0.09839828707503097, 0.33395038194806936, -0.3655025374485208, -0.40689197981731523, 0.438515457734843, -0.5041863254931355, -0.14807168797454562, -0.5619951775193863, -0.1668140775105921, -0.023917181898603094], [0.17057686179383935, 0.016235004261065777, -0.41506143074393637, 0.03546833906846031, 0.569945730206793, 0.564934578959846, -0.4095788953266661, -0.7063258333198585, -0.48666082244574055, 0.1015291644580858, -0.144010198430854, 0.25303176433755575, 0.5405415153456772, -0.09623073764066864]], "inverted": false, "swapped": false, "error_lsq": 0.04273068982313165, "error_max": 0.2539702947095672, "target": "481.xyz", "model": "19.xyz", "model_rescale": 4.410303926677745, "target_rescale": 4.102705844141466},
{"mapping": [5, 12, 10, 9, 7, 8, 4, 6, 11, 2, 3, 0, 1, 13], "R": [[0.7792313072633482, 0.5934204205654793, 0.20162037158120488], [-0.05946853864721857, -0.25023958523556045, 0.9663558572763445], [0.6239086974003629, -0.7650048068064831, -0.15970467391769694]], "T": [-0.02793986018291922, -0.04893336886169654, -0.011912002904984504], "aligned_model": [[-0.6698237164825047, 0.6727005256398886, -0.35826002214687275, 0.23411480365948384, 0.3418999970266426, -0.0442406016377464, 0.47061908358137994, -0.06836147370498641, 0.3860092834203241, 0.25311603743719285, -0.6666523343415616, -0.3960475165076864, -0.22986417574019008, -0.04018060414660643], [0.4406068380271285, 0.2070055430308585, 0.64807893877458, 0.5871242949412473, -0.08473539406734201, 0.539023656579764, -0.35939623315733327, -0.2425736326031802, 0.2744685830170601, -0.6277652287141867, -0.2297038711513052, -0.6630038972331856, -0.27861579837325795, 0.022164334888737605], [0.20581770069468514, 0.10755874841889093, -0.29510177427904316, -0.036705717120498534, 0.5953687064643302, 0.4831621364613666, -0.3993977245771741, -0.5572333435812319, -0.65315346173686, 0.14483616514412562, -0.30402687167840914, 0.012036108991162328, 0.6733561515665253, 0.017878215755729364]], "inverted": false, "swapped": false, "error_lsq": 0.044682274974945035, "error_max": 0.2548086439270886, "target": "481.xyz", "model": "20.xyz", "model_rescale": 4.121658175737393, "target_rescale": 4.102705844141466},
{"mapping": [5, 12, 11, 4, 9, 3, 10, 1, 2, 8, 7, 6, 13], "R": [[-0.7007810603242421, 0.6274367297200394, -0.33945405534336026], [0.517108022239821, 0.7745807651674741, 0.3641756877769181], [0.49143178450935765, 0.07967300942472713, -0.8672640963069761]], "T": [0.03848011727263558, -0.033775658315013696, 0.05911493363482604], "aligned_model": [[0.029171979320124906, 0.04900519180843429, 0.23014991878028696, 0.49924879044579973, 0.7241528068375609, -0.24001217789379145, -0.3993530726530142, 0.28455363113280163, -0.712784754139095, -0.15490319355636442, 0.04007233426585834, 0.503274278960715, 0.028507171354978003], [-0.6246855111980477, 0.12820732007121372, 0.5166051409295445, -0.2801267712457485, 0.22754795484143556, -0.6282997186805643, 0.45116487169600883, -0.4423123852816603, -0.21052879427316185, -0.2443452672795402, 0.5938073152884158, 0.06781684344021865, -0.014024094144931228], [0.5948125603846695, 0.855365126766485, 0.3876563861427128, 0.37361177000067086, 0.09346562875330675, 0.05753220228115006, 0.14787380535842834, -0.2742337301593138, -0.21614701639522735, -0.733799498163229, -0.3375097243882596, -0.6083757308234999, 0.029857959723895974]], "inverted": true, "swapped": true, "error_lsq": 0.04795926607560937, "error_max": 0.28009255507292596, "target": "481.xyz", "model": "21.xyz", "model_rescale": 4.08911054899281, "target_rescale": 4.102705844141466},
{"mapping": [12, 15, 3, 14, 5, 9, 1, 0, 2, 8, 7, 6, 10, 16], "R": [[-0.7470553946493849, 0.06059699715121403, 0.6619941398996734], [0.6613644043637666, -0.032800595841100455, 0.749347212948063], [0.06712199316031003, 0.9976232379253829, -0.015572834856337259]], "T": [0.028726945897746985, 0.01773195390309621, -0.03430793085152311], "aligned_model": [[-0.49919427643752395, 0.6472914448413404, -0.21073107901793375, 0.03547093886529872, 0.14220841192347547, 0.005869892389236207, 0.6000364697429148, -0.2437909266151737, 0.3926101977479493, 0.35808821145229836, -0.6493943536224617, -0.23912621592434802, -0.4516416235072387, -0.0026678057810764766], [0.4607591960776598, 0.4007895573813993, 0.7318873364474205, 0.654083418396276, -0.1834422913591492, 0.3377306039341549, -0.36268126216163454, -0.4574808644693942, 0.2485780760940439, -0.571547651272196, -0.1957757709972158, -0.6747590130065112, -0.16661865791692185, 0.01115545681165327], [0.2302587936875226, -0.08069597843162606, -0.4666512749438417, 0.04835958479581386, 0.6323103511209902, 0.6017942862847858, -0.4329175070951649, -0.5820178765296901, -0.6135771914424656, 0.12390939353752509, -0.015277887384673502, 0.031076111558476276, 0.5872999026450713, -0.06947566727912449]], "inverted": false, "swapped": false, "error_lsq": 0.03824236032217505, "error_max": 0.2535845734830104, "target": "481.xyz", "model": "22.xyz", "model_rescale": 4.204369325754507, "target_rescale": 4.102705844141466},
{"mapping": [14, 5, 13, 11, 2, 10, 8, 4, 9, 6, 12, 1, 3, 15], "R": [[0.39043030616005253, 0.429912918619895, -0.8140878689892704], [0.5145270506800192, 0.6313806163219233, 0.5801899959939584], [0.7634304749944744, -0.6453939879923519, 0.025308301267357385]], "T": [-0.08979785936268588, -0.029998875313656175, -0.13119452356181827], "aligned_model": [[-0.5716907853457712, 0.7221580674443945, -0.327053098470627, 0.12231485414022948, 0.41917085090252487, -0.06065600445352272, 0.5284347746733562, -0.3384755482084556, 0.4033024114164136, 0.4386616023928193, -0.6246189804839357, -0.159579791880605, -0.595249033418741, -0.07169003265132265], [0.4957883449039653, 0.07126686424145891, 0.5307678996424386, 0.6381664402259395, -0.09839828707503097, 0.33395038194806936, -0.3655025374485208, -0.40689197981731523, 0.438515457734843, -0.5041863254931355, -0.14807168797454562, -0.5619951775193863, -0.1668140775105921, -0.023917181898603094], [0.17057686179383935, 0.016235004261065777, -0.41506143074393637, 0.03546833906846031, 0.569945730206793, 0.564934578959846, -0.4095788953266661, -0.7063258333198585, -0.48666082244574055, 0.1015291644580858, -0.144010198430854, 0.25303176433755575, 0.5405415153456772, -0.09623073764066864]], "inverted": false, "swapped": false, "error_lsq": 0.04273068982313165, "error_max": 0.2539702947095672, "target": "481.xyz", "model": "23.xyz", "model_rescale": 4.410303926677745, "target_rescale": 4.102705844141466},
{"mapping": [6, 4, 12, 5, 9, 15, 3, 1, 2, 10, 7, 11, 14, 16], "R": [[0.2090532640377869, 0.9741260619639929, -0.08587868302245348], [0.961047607263493, -0.22089129221486364, -0.1661160245032463], [-0.18078780204500183, -0.047806405702284234, -0.9823595666585462]], "T": [-0.0786117091672467, -0.009958255186737403, 0.04808279957574849], "aligned_model": [[-0.4598272561253186, 0.5763679394018848, -0.41297499275335803, 0.1270780626275776, 0.10334883967136359, 0.03209639727219678, 0.5185889911051061, -0.06292545926026724, 0.44865969138865847, 0.3704034388165076, -0.5531115750815113, -0.31717169385670047, -0.4690228923324132, -0.01648020481696856], [0.587934474453, 0.1719503444944152, 0.5993680130167302, 0.5836072234317067, -0.26089508593924926, 0.325623876473105, -0.1757346772910525, -0.6411623053434029, 0.38147196013047313, -0.47461965693509256, -0.2153022487348041, -0.5689306671651505, -0.03719984150877946, -0.04343327512231443], [0.3221212646882209, -0.06052334349843377, -0.3557717884264771, 0.01687745068516395, 0.592454960203587, 0.6681171042024995, -0.6039298430183695, -0.5330116318207461, -0.5856846718764526, 0.12719743085211843, -0.36978634051882037, 0.2251716556982206, 0.6003390752746937, -0.04917628192160555]], "inverted": true, "swapped": false, "error_lsq": 0.0427640117721458, "error_max": 0.24768326751024394, "target": "481.xyz", "model": "24.xyz", "model_rescale": 4.28219845311461, "target_rescale": 4.102705844141466},
{"mapping": [9, 2, 12, 13, 4, 7, 6, 8, 14, 0, 5, 1, 3, 15], "R": [[0.22683746621940987, 0.902060977798941, -0.3671930776193586], [0.7150686234409469, 0.10171358892576104, 0.6916149286981237], [0.6612273645951348, -0.4194524265757198, -0.6219630488624811]], "T": [-0.03973127948591217, 0.07764726788927033, -0.03519415307946349], "aligned_model": [[-0.610997685665641, 0.6407121874778728, -0.13515033053399075, 0.2095022614733497, 0.25689966449652596, -0.1537061952990678, 0.47587304901934024, -0.20907836662390972, 0.33270597431624843, 0.5157146289532558, -0.7713063878804315, -0.2482530460397965, -0.43030728873810115, 0.01242082110110293], [0.3933115653568824, 0.14748693271193813, 0.7772279276832852, 0.58771040986, -0.11982190418012133, 0.4682253436750025, -0.44764466010158266, -0.45137949072083416, 0.3625668518472816, -0.498355409759752, -0.285505840575861, -0.5060458445400181, -0.22371875928027474, 0.028621011983639526], [0.1405455076509627, -0.06517971413276011, -0.32828459197551335, 0.13983353101896628, 0.6032920113595386, 0.6281341902250599, -0.5552111737387124, -0.45160537973069775, -0.6354074048093197, 0.12372384519370272, -0.27643751879923023, 0.12511312131109112, 0.5620279526102903, -0.01614933565977983]], "inverted": false, "swapped": false, "error_lsq": 0.04148908791927735, "error_max": 0.24746877828280298, "target": "481.xyz", "model": "25.xyz", "model_rescale": 4.100010024507729, "target_rescale": 4.102705844141466},
{"mapping": [2, 8, 7, 6, 0, 11, 10, 9, 1, 5, 3, 13], "R": [[0.5283582289564603, -0.8488888535909777, 0.015009868186918351], [-0.47810218026795054, -0.2828738279713263, 0.8315050827697212], [-0.7016094975960809, -0.4465088036062051, -0.5553143264720718]], "T": [0.027687694210082908, 0.15113520342372797, -0.06604321015261296], "aligned_model": [[-0.6721382690013342, -0.08574251165555058, 0.33788845053116323, 0.6076823728560284, -0.6401577031482885, 0.35142223024151376, -0.20202619146987438, 0.7431198406460381, 0.15601439752312252, -0.30051962617871897, -0.4501296971654678, 0.03135230918437524], [-0.24082844063470452, -0.6833798784103545, -0.13418805070233167, -0.42751691469480346, 0.48128827455519785, 0.5865565809647751, 0.26269993657707535, 0.3129868751116952, -0.211209738471392, 0.577593769326878, 0.017639154730006462, 0.12448982169859797], [0.10134210035675754, -0.10022109582487494, 0.5451361208923365, -0.0918566800966641, 0.04415461717934242, 0.32536450203996037, 0.5418451004766724, -0.10576623220929317, -0.5028660157125763, -0.6548097932590573, -0.4960300324406576, -0.04110030154758952]], "inverted": false, "swapped": true, "error_lsq": 0.052535062856100545, "error_max": 0.2782509360528834, "target": "481.xyz", "model": "26.xyz", "model_rescale": 3.6694154284099745, "target_rescale": 4.102705844141466},
{"mapping": [3, 2, 1, 6, 11, 12, 4, 8, 0, 10, 7, 9, 9, 13], "R": [[-0.7604387473485678, -0.47121475893570963, 0.44686638102692694], [0.19729802003168354, -0.8232225841685809, -0.5323326668600958], [0.6187135062551318, -0.31664053416447707, 0.7189800896419288]], "T": [-0.020793701832926635, -0.007956098671547476, -0.11810554962605023], "aligned_model": [[-0.6606062195892658, 0.5861223803301061, -0.20149864944291176, 0.005445611275359759, 0.40423508691819987, 0.003895167926172595, 0.567538812111567, -0.16203006037006826, 0.3583005370878639, 0.28937824913475774, -0.6341156928444314, -0.35123258244539246, -0.35123258244539246, 0.030829228410192415], [0.302749377826684, 0.24602418677574336, 0.7520251591040612, 0.6498805339850383, -0.12447633260102989, 0.3065353054318176, -0.3975593926051325, -0.5765971220231595, 0.28237210788622924, -0.49806467377358143, 0.01743461384524864, -0.37052126699028215, -0.37052126699028215, 0.013396904088230323], [0.26521320719370656, 0.05299830778011831, -0.529713206788579, 0.07619549254058673, 0.6180663277660171, 0.6100554420595535, -0.5395372718311772, -0.37316803220404304, -0.5751946368149189, 0.04151169673846762, -0.2571018509366133, 0.35541338386229626, 0.35541338386229626, -0.10575720270411221]], "inverted": false, "swapped": false, "error_lsq": 0.04949209395433136, "error_max": 0.3499118309935973, "target": "481.xyz", "model": "27.xyz", "model_rescale": 4.103607728864725, "target_rescale": 4.102705844141466},
