[{"mapping": [9, 8, 5, 7, 2, 1, 4, 0, 3, 10, 11], "R": [[0.8708200212862383, 0.4592335068162515, 0.1754339669057388], [0.4066695093522089, -0.47243415944411904, -0.7819372578113686], [-0.27621079032193796, 0.7522702647370672, -0.5981613896785329]], "T": [0.15594379510520673, -0.07403554066765101, 0.010264420391807727], "aligned_model": [[0.53232755947949, 0.7619571717986253, -0.6352722241708396, -0.25098650272993794, 0.29795532766162, 0.022821684112229734, 0.12487769549102312, -0.285824280074314, 0.35131957161574096, -0.18811578120553074, 0.09444186381370274], [-0.5500444293722342, 0.11083950512238781, -0.059853930072221034, -0.45582520628438633, 0.7186272819037857, 0.35404469897835344, 0.21962324267816313, 0.3433228562216417, -0.41217499423965565, -0.656300893374438, -0.04175202566136972], [-0.023010558460733348, -0.030631733510263534, -0.23966041889351725, -0.7547504120121624, -0.006125208050747866, -0.5382849133133276, 0.7620276032906209, 0.1262141090489249, 0.5772939881198561, 0.07622966086723978, 0.007517969162188358]], "inverted": false, "swapped": false, "error_lsq": 0.0532056535117194, "error_max": 0.2331981852046158, "target": "482.xyz", "model": "0.xyz", "model_rescale": 3.751011558992144, "target_rescale": 3.8637351375565077},
{"mapping": [9, 10, 0, 3, 4, 8, 6, 1, 11, 7, 14], "R": [[-0.3051989478824083, 0.11863826131554767, 0.9448696022010101], [-0.5547683442061205, -0.8286036313773016, -0.07515388436500364], [0.7740062573896096, -0.5471206311412253, 0.3187057082974147]], "T": [0.11937203516274149, -0.08333545081693469, -0.15366769952064513], "aligned_model": [[0.6886534084640914, 0.8342675000952328, -0.6188595213199709, -0.3409529063163202, 0.29449717225585015, 0.12553794466184937, 0.003986105116044497, -0.38743802816813905, 0.4382085790118438, -0.3521558287008489, 0.13975766069217688], [-0.4083583019057705, 0.17552370295768302, -0.07217387961213825, -0.6125326010728928, 0.6574996507969497, 0.460764525776326, -0.012798289032249041, 0.30790925788192025, -0.46968312110739374, -0.3235060839950188, -0.13213875478738898], [-0.22051443180059746, 0.1535295674836477, -0.3280067566502432, -0.45608663729744237, 0.06096805818219783, -0.5335827547252723, 0.5848689219306953, 0.12157162735241145, 0.46746813497465284, 0.24590277530991816, -0.13929841851189032]], "inverted": false, "swapped": false, "error_lsq": 0.04277809189117288, "error_max": 0.22253447689634204, "target": "482.xyz", "model": "1.xyz", "model_rescale": 3.9405287249114394, "target_rescale": 3.8637351375565077},
{"mapping": [2, 1, 10, 9, 7, 4, 6, 3, 0, 11, 12], "R": [[-0.013469177087980067, -0.6965903065323091, 0.7173426838783519], [-0.9992537532581349, -0.01659609096987963, -0.03487845128514894], [0.03620107551031687, -0.7172771532746207, -0.6958469425974029]], "T": [0.09884036537027299, -0.05588985820628234, -0.035776289944646184], "aligned_model": [[0.5933885185084443, 0.8556795067832285, -0.7023359150772033, -0.3828993057358854, 0.11989675242345946, 0.27030446364956345, -0.004879804803861076, -0.2819893146960186, 0.536827153083511, -0.3401593579450246, 0.16166938960159621], [-0.4705800449539663, 0.17438513399946914, -0.07846810205684805, -0.538571682146959, 0.6709829251667079, 0.4298469991838489, 0.019185127582707392, 0.3691923901045112, -0.4044893627332252, -0.5172723832571738, -0.08370489498904493], [-0.2540050707330791, 0.0015636932932689696, -0.29863349426924146, -0.4662716478869723, 0.2806450091361993, -0.5115446056791428, 0.49239183309692425, -0.0685408366458935, 0.5883839038422439, 0.28362893472135486, -0.09079763262758447]], "inverted": true, "swapped": false, "error_lsq": 0.0479734783389893, "error_max": 0.2871658349961853, "target": "482.xyz", "model": "2.xyz", "model_rescale": 3.932901565614263, "target_rescale": 3.8637351375565077},
{"mapping": [5, 2, 8, 9, 1, 10, 0, 3, 4, 7, 13], "R": [[-0.42063726882163077, 0.8219069786464391, 0.38410051618106567], [-0.7010066477163867, -0.5632081600221485, 0.43747714036495644], [0.5758940596461409, -0.08523782573921013, 0.8130685980454165]], "T": [0.01014147893761426, 0.03350981205764556, -0.08417948459255163], "aligned_model": [[0.3679252991212952, 0.7207848758183198, -0.6974715676027743, -0.22550853123824793, 0.29951073145050583, 0.28502515940576967, 0.10886647297819223, -0.3818123008237302, 0.5049829069334666, -0.23371029113392283, 0.07690933088293544], [-0.553149476864514, 0.18145703501047658, -0.05954628188629293, -0.5282018484709692, 0.6931405026589165, 0.3895236137400851, 0.20717862843979454, 0.22648682866953732, -0.40002590328716425, -0.584625370843876, -0.001731621265966439], [-0.29541703426302174, 0.3248406064405135, -0.25567603055670696, -0.49496169272618945, 0.08879857363789052, -0.6417084753411314, 0.5553850914364199, 0.18005068717363437, 0.4906293090051672, 0.17694837152284437, -0.17206932008134268]], "inverted": true, "swapped": false, "error_lsq": 0.045989245721525455, "error_max": 0.21307880226548587, "target": "482.xyz", "model": "3.xyz", "model_rescale": 3.9243930471874484, "target_rescale": 3.8637351375565077},
{"mapping": [4, 7, 6, 10, 1, 9, 0, 5, 2, 3, 12], "R": [[-0.473567357715872, -0.6816290597691556, 0.557777538615732], [0.8605351903495376, -0.2231570917279603, 0.45790839540415085], [-0.18765165567106723, 0.6968376692528438, 0.6922457069813952]], "T": [0.04891429807198937, -0.0321488530590335, -0.2266183223185939], "aligned_model": [[0.4272287841175052, 0.792548685566972, -0.6535853742478726, -0.11913415045244037, 0.33416892108910784, 0.18009832516004198, -0.009505524062050921, -0.3898386898556873, 0.4427340488358377, -0.18378378877789142, 0.0045708484182874765], [-0.4760302188477603, -0.014036250381629499, -0.13928003407013298, -0.531922373214984, 0.5333236880512955, 0.461907364912864, 0.11980245490277941, 0.41783855325338615, -0.3219886825576415, -0.5142939914763079, 0.035185595328158244], [-0.11609795227882144, 0.07271191382768821, -0.09803513841663747, -0.6947143242438125, 0.10357995944567244, -0.7128143695023824, 0.6081392938497843, 0.19602839719977705, 0.555758420343211, 0.18123095896269836, -0.13896707293909938]], "inverted": true, "swapped": false, "error_lsq": 0.04756210262674241, "error_max": 0.26706722634912494, "target": "482.xyz", "model": "4.xyz", "model_rescale": 3.8936222436046832, "target_rescale": 3.8637351375565077},
{"mapping": [9, 3, 5, 6, 10, 7, 2, 4, 0, 1, 11], "R": [[-0.9640981457832837, 0.1021365665274489, 0.2451181084196318], [-0.07231054502954326, -0.9891659788784465, 0.1277570010096331], [0.255511155088706, 0.10544566376778612, 0.961038636901663]], "T": [0.20667953916536702, 0.006798393912077656, -0.09381991389766339], "aligned_model": [[0.5283849085490112, 0.6873271446823148, -0.5785183891703243, -0.1589027442593312, 0.2800328683933907, 0.04641216058587003, 0.1021441685170913, -0.40661690125458644, 0.506651590579571, -0.2185746701956282, 0.03716194936443093], [-0.5005844185542049, 0.05033086967260749, -0.0563468546336808, -0.4268105210301894, 0.6285841313283708, 0.310570310757227, 0.21412318724041624, 0.4198285975944164, -0.4965674362930916, -0.5683614052376146, -0.004260354944229647], [-0.23909303854498345, 0.21821347403730115, -0.2852559292403778, -0.6532316862409785, -0.007395465262416759, -0.64316909000293, 0.6155793046520273, 0.1958318182241919, 0.5690208802069511, 0.26875260301983384, -0.08243278460054126]], "inverted": true, "swapped": false, "error_lsq": 0.043801742011236565, "error_max": 0.24422963878552872, "target": "482.xyz", "model": "5.xyz", "model_rescale": 3.6523030999806103, "target_rescale": 3.8637351375565077},
{"mapping": [4, 6, 7, 11, 8, 9, 1, 5, 2, 3, 12], "R": [[-0.28152048803232377, 0.9593263427918526, -0.020956689711187346], [-0.9449860190786983, -0.2809713201666324, -0.16750086862346011], [-0.16657622448547738, -0.027351147497472195, 0.9856491648485963]], "T": [0.13106583106928582, 0.003551791339625389, -0.0028218781882507673], "aligned_model": [[0.2899865180481366, 0.7045304797481609, -0.4854351919454277, -0.11482315650082561, 0.2078306823535401, 0.16345553695263426, 0.16971703756561815, -0.34719518930001625, 0.5253343800629938, -0.3173236350010983, 0.02942462380809356], [-0.5381322989176359, 0.26105544161946653, -0.1028872735788193, -0.48588516256687014, 0.6716200784629792, 0.28482157630759314, 0.015892014275655127, 0.434376450776703, -0.48498540459235484, -0.47793125756325566, -0.007438058323434027], [-0.10506748219766833, 0.1628725057850179, -0.2774402930447247, -0.6917043624215596, -0.04148741858102269, -0.668029432412874, 0.690524117060665, 0.2197989636100506, 0.42390444356192186, 0.22025134585327602, 0.02319769903499571]], "inverted": false, "swapped": false, "error_lsq": 0.05391166874761, "error_max": 0.25144741397841913, "target": "482.xyz", "model": "6.xyz", "model_rescale": 4.08911054899281, "target_rescale": 3.8637351375565077},
{"mapping": [1, 13, 4, 3, 12, 10, 7, 5, 2, 6, 14], "R": [[-0.5916121918516386, 0.43075357727253993, -0.6815030228248516], [0.054005749517875595, -0.8222314133248634, -0.5665852821604267], [-0.8044118307630196, -0.372003842196163, 0.4631789588482833]], "T": [0.10824487168196753, -0.05627160031578762, -0.14090087516367636], "aligned_model": [[0.6935646436733136, 0.6860453314754428, -0.5873457696375773, -0.3495250264876497, 0.35173650146426294, 0.010245625672321484, -0.03733037264582881, -0.38921325805847573, 0.3830262642416452, -0.13371816245749255, 0.19801630855184785], [-0.49687310936202866, 0.15521803343475535, -0.031556025717858205, -0.6549760115901982, 0.5969608323284296, 0.537683604801896, 0.04071264955720946, 0.463938039558382, -0.517808749477819, -0.40364209601815804, -0.11915106161458333], [-0.17578831699550268, 0.25572651399412405, -0.2522215371416463, -0.3826676729588102, 0.007426914474263663, -0.5369921027831915, 0.6132150761680305, 0.10893621039500373, 0.4604461041565858, 0.1235430608208559, -0.2648041638816352]], "inverted": true, "swapped": false, "error_lsq": 0.05366267150216409, "error_max": 0.26800963018239343, "target": "482.xyz", "model": "7.xyz", "model_rescale": 3.964800864290218, "target_rescale": 3.8637351375565077},
{"mapping": [1, 2, 10, 5, 4, 6, 12, 11, 7, 8, 13], "R": [[0.366904787170738, 0.0001639612252265915, -0.9302584857274414], [-0.19201108946162962, 0.9784797322755286, -0.07555895082495565], [0.9102266853234713, 0.2063428860967264, 0.3590403802949187]], "T": [0.14044740054032406, -0.012294752509385165, -0.1260058498667414], "aligned_model": [[0.590656243062571, 0.7602655581681108, -0.6407570051043705, -0.29135814622820533, 0.3291870775240667, 0.10899581604684468, 0.0188288940324344, -0.3585744673964632, 0.4389836021557678, -0.2157411479880384, 0.08501566151909157], [-0.6126429278270685, 0.14773221908908668, -0.12075384030985982, -0.615643280499745, 0.621938660548045, 0.4971830962853703, 0.09829512626168328, 0.609792782116695, -0.3675431712828502, -0.6231715671724399, -0.06468099130888949], [-0.12226985202127161, 0.04377503124185078, -0.35641920859847864, -0.5114734185676348, 0.11319847097098487, -0.40159420702077, 0.6113229471273542, 0.10008616475873255, 0.4139273517848043, 0.17568408468802466, -0.10941727811551855]], "inverted": false, "swapped": false, "error_lsq": 0.04332181193716654, "error_max": 0.21888572295146977, "target": "482.xyz", "model": "8.xyz", "model_rescale": 4.121658175737393, "target_rescale": 3.8637351375565077},
{"mapping": [4, 6, 10, 0, 8, 2, 7, 11, 9, 5, 12], "R": [[0.15573109928794385, -0.9405329443864917, -0.30190330445068864], [0.9680764221082224, 0.20608851253230742, -0.1426729335240711], [0.19640739719448355, -0.2700468580189327, 0.94260215828386]], "T": [0.041483699603525326, 0.020024629551990324, -0.03941493093908662], "aligned_model": [[0.46294894465238823, 0.7065834542211737, -0.6960782283847977, -0.10690928749919554, 0.32786976876317486, 0.16899074941169026, -0.048413930287965964, -0.37667790570318815, 0.5285013164262611, -0.24006150605568943, 0.098748710247958], [-0.7445843056511792, 0.15141031394031765, -0.1407557270854395, -0.4674924875512325, 0.6759917703300949, 0.3877532008111477, 0.13003879042387026, 0.45368637561883146, -0.36867666061348864, -0.50037482138072, -0.006490342942175327], [-0.20025068922094982, 0.10398021695416573, -0.12085760953608413, -0.6386901807470297, 0.09565344929101163, -0.6146228072653785, 0.6201502370775042, 0.16086096975561762, 0.5127761274482637, 0.138446292814211, -0.1006259203232542]], "inverted": false, "swapped": false, "error_lsq": 0.047202517783300514, "error_max": 0.29641186335155784, "target": "482.xyz", "model": "9.xyz", "model_rescale": 3.833441315466971, "target_rescale": 3.8637351375565077},
{"mapping": [5, 0, 7, 3, 10, 8, 12, 11, 1, 6, 14], "R": [[0.22223479802744112, 0.8992089332383001, -0.376875296258777], [-0.8070907938705804, -0.047198918040925866, -0.5885377749857035], [-0.5470065310351049, 0.4349661556031738, 0.7152540097648783]], "T": [0.09240210171584418, -0.09587960177827551, -0.053282760872619475], "aligned_model": [[0.5811537169343154, 0.7151454304049272, -0.5358362621610427, -0.3094159535674599, 0.3434144224987308, 0.03628506370446993, -0.028648647987097944, -0.3550855761936506, 0.4755524601282439, -0.15076920264815108, 0.05370663467852478], [-0.5428923428975558, 0.03610021625569895, -0.018640149146772533, -0.5706807367014547, 0.6804980821760606, 0.5326279091988382, 0.053220348095084774, 0.40906408380117754, -0.3533002719050252, -0.5458192508549079, -0.10967178212111695], [-0.19016471499869642, 0.1887813544122075, -0.26128420772406336, -0.6594411415551246, 0.04664046061648418, -0.5108726963682806, 0.517800401420658, 0.04733400490812567, 0.5233794750625679, 0.39354113840720367, -0.13889398793300445]], "inverted": true, "swapped": false, "error_lsq": 0.03936888960068186, "error_max": 0.19866621916833047, "target": "482.xyz", "model": "10.xyz", "model_rescale": 4.2482417240324, "target_rescale": 3.8637351375565077},
{"mapping": [8, 1, 4, 9, 1, 0, 2, 6, 3, 7, 11], "R": [[-0.134247503387396, 0.897288923198254, 0.42053560626892084], [0.6024677943026789, 0.41084254762096295, -0.6842813441066342], [-0.7867719902629452, 0.16149609707368928, -0.5957422647149095]], "T": [0.008601439036937941, -0.06067239954098814, -0.01312633662635616], "aligned_model": [[0.526598519885209, 0.5710145600786327, -0.7267732011388839, -0.2717924894566676, 0.5710145600786327, 0.1981738502724211, 0.029861296715323365, -0.4051610277101156, 0.5203377199294215, -0.10512326301555272, -0.0826484398466112], [-0.34787281936903536, 0.3571623438082301, 0.10083414517916217, -0.6797210200112438, 0.3571623438082301, 0.4709908153478888, 0.14157549589052423, 0.4199055322661573, -0.4522099852576561, -0.6874158830194326, -0.1099048627427977], [-0.17453504778556594, 0.07771507622392042, -0.4591973565672221, -0.4794620016753657, 0.07771507622392042, -0.5183352070613881, 0.6984923067702992, 0.12225316963044956, 0.4797183896731524, 0.21668999167894282, -0.08423431086306521]], "inverted": true, "swapped": false, "error_lsq": 0.058835006061544376, "error_max": 0.38493175208277447, "target": "482.xyz", "model": "11.xyz", "model_rescale": 3.6694154284099745, "target_rescale": 3.8637351375565077},
{"mapping": [6, 7, 3, 4, 10, 9, 12, 2, 5, 0, 13], "R": [[-0.31695500394640497, -0.6170029325729622, 0.7203102849950841], [-0.30932779553708567, 0.7851891408250414, 0.5364646568401319], [-0.8965800802948399, -0.05277683513434851, -0.4397257842015868]], "T": [0.07249302111498386, -0.035350282784877014, -0.05301264774317838], "aligned_model": [[0.39210196483069787, 0.7690491508137791, -0.7016026178956152, -0.35066908190271096, 0.21287113942315594, 0.4402453269957785, -0.004688122438072345, -0.4288422768440055, 0.5986004629237425, -0.10596621709159802, 0.00440235697665764], [-0.47971621878588805, 0.202458429030896, -0.02393575462265605, -0.5182243623988348, 0.5517674287608905, 0.5059027784028227, 0.12960624827184583, 0.37135406248067765, -0.38259465984388685, -0.6573336715724499, -0.12877817382339005], [-0.19529360737074403, 0.04907502650352923, -0.42970157884539056, -0.42104132537157624, 0.1447639029344995, -0.5182971114472564, 0.6016635426044346, 0.04480385370113298, 0.4441825802619039, 0.2503465927564509, -0.013681789478905908]], "inverted": false, "swapped": false, "error_lsq": 0.050943104641757796, "error_max": 0.28061748043984147, "target": "482.xyz", "model": "12.xyz", "model_rescale": 3.9764082729961374, "target_rescale": 3.8637351375565077},
{"mapping": [1, 8, 6, 5, 3, 7, 11, 14, 10, 13, 15], "R": [[0.8222161006131223, 0.4917081337511139, 0.28667716179624236], [0.5397329209188187, -0.8334611652927291, -0.11845193128576081], [0.18069050326177172, 0.25212218694887445, -0.9506762566084863]], "T": [0.09269956239428137, -0.17400791422786785, -0.17087305744058165], "aligned_model": [[0.6229407201378133, 0.6163840869501356, -0.6647958261691492, -0.3338167776852181, 0.18684135842199168, 0.3702844393070618, 0.14218114121846423, -0.39257345451740955, 0.5218243247966629, -0.3001419007871575, 0.05637397411861471], [-0.5068710332080629, 0.16255141726721814, -0.07658803844979008, -0.5683224841176848, 0.6296152356070521, 0.3666675573159278, 0.12648871307319345, 0.26780962274195774, -0.39524591782326046, -0.35910239468223876, -0.07649657182428511], [-0.06424737142369823, 0.1639928437390378, -0.190080082398987, -0.7753759420098083, 0.061011833407636856, -0.619928031250249, 0.5624740971098152, 0.28532361358893366, 0.4718186128154519, 0.2602837171759047, -0.19845320450596013]], "inverted": true, "swapped": false, "error_lsq": 0.0476256921870414, "error_max": 0.225382704580225, "target": "482.xyz", "model": "13.xyz", "model_rescale": 4.170626492500431, "target_rescale": 3.8637351375565077},
{"mapping": [10, 12, 3, 1, 5, 11, 4, 6, 8, 0, 13], "R": [[-0.5844395893947485, -0.38308528449033363, -0.7153153368655383], [0.6720105172187802, -0.722587402711989, -0.1620780990426831], [-0.45478811670430197, -0.5754242871559233, 0.679746025112065]], "T": [-0.0007180693040765435, -0.16342606147556718, 0.00506078425762147], "aligned_model": [[0.49839578767207665, 0.6365431441189603, -0.5356517284251258, -0.276277524860881, 0.3115252003672105, 0.11434359703838308, 0.11576611945779951, -0.31678390830414477, 0.5389765178887824, -0.27273684386975944, 0.011401724708507848], [-0.28854002625292213, 0.14307925633988774, 0.022936517285787328, -0.7134895456398548, 0.688925392800509, 0.3221288101401527, -0.021097438280584246, 0.616027460536524, -0.4658329837681975, -0.6648990090316891, -0.06873232822958594], [-0.22636989341262215, 0.19389604898224494, -0.38811675071438934, -0.4557120662203861, 0.06181435061841626, -0.49559571547036974, 0.6900696363032932, 0.011683432535836666, 0.41595748503429153, 0.1793854115511904, -0.030191852959427674]], "inverted": true, "swapped": false, "error_lsq": 0.048472879480257386, "error_max": 0.2417587486135294, "target": "482.xyz", "model": "14.xyz", "model_rescale": 3.9786697098870705, "target_rescale": 3.8637351375565077},
{"mapping": [9, 8, 1, 6, 5, 7, 2, 4, 3, 0, 11], "R": [[-0.7897283242175808, 0.18380654002487995, -0.585272867791233], [-0.18752880565537633, -0.980720375914431, -0.05495899667684584], [-0.5840908499351448, 0.06635284553310183, 0.8089716799194522]], "T": [0.009596528367408402, -0.0015392501100382275, -0.08993923243455856], "aligned_model": [[0.3352310382951047, 0.47886128976156683, -0.6014114198166194, -0.0532124550820505, 0.32880529936504843, 0.21229753167005358, 0.16375789917052966, -0.3375419718780619, 0.5520201229446277, -0.26668815264201506, 0.01338290400362534], [-0.5268796325227297, 0.14842033355676512, -0.18623967825318, -0.43522259357277593, 0.713164805373998, 0.31009403676616665, 0.16828908950367713, 0.3941363997463991, -0.505811218607803, -0.4294952913229585, -0.07995014476753165], [-0.16338252075868342, 0.081906142836809, -0.3206492898486787, -0.7497342612161816, 0.08884404788772313, -0.6364490705541761, 0.7474615217346648, 0.2228712083265504, 0.45470345606495255, 0.3836914125913201, -0.15244256081622265]], "inverted": true, "swapped": false, "error_lsq": 0.05786332063116557, "error_max": 0.3303798826498904, "target": "482.xyz", "model": "15.xyz", "model_rescale": 3.769337070930944, "target_rescale": 3.8637351375565077},
{"mapping": [0, 2, 7, 1, 8, 9, 6, 8, 4, 5, 10], "R": [[-0.4866647081856511, 0.6893261711489654, -0.5366441014077046], [-0.024284682234417432, 0.6033857316134882, 0.7970796152794458], [0.8732512330454212, 0.400942749846363, -0.2769064739768435]], "T": [0.06617849890319044, -0.09562247356122094, -0.081323959306208], "aligned_model": [[0.5146576058802099, 0.7200946675806055, -0.6435634599911839, -0.17830891493263026, 0.0543212751960267, 0.042265756006145794, 0.05647366847400928, 0.0543212751960267, 0.3502541179498005, -0.2722351512870909, 0.1272212457198904], [-0.5542748046275263, 0.1857169192442874, -0.13731767638691872, -0.5934867615742949, 0.6315103818093257, 0.4812803435139799, 0.10296731105439652, 0.6315103818093257, -0.4826941935752182, -0.6081232550865068, -0.08658254028082313], [-0.15861978347796826, 0.1180943162443926, -0.15658592732006338, -0.658805995041968, 0.09931637016998049, -0.653504877626738, 0.6200852245601811, 0.09931637016998049, 0.5330936924309266, 0.188620612447378, -0.0741899163080241]], "inverted": false, "swapped": false, "error_lsq": 0.0605730910174681, "error_max": 0.4414661370778251, "target": "482.xyz", "model": "16.xyz", "model_rescale": 3.7852294659196426, "target_rescale": 3.8637351375565077},
{"mapping": [8, 0, 6, 11, 4, 10, 1, 5, 3, 2, 12], "R": [[-0.3170439203825625, 0.31175892255284493, 0.8957061609462923], [0.8464694853095727, -0.33294098692530116, 0.41549934977681263], [0.42775292282835775, 0.8899194758144673, -0.15833749896313665]], "T": [0.09248469733548993, -0.09313852933319255, -0.004562783752732226], "aligned_model": [[0.4660844265248001, 0.7305515775650766, -0.5934516969570363, -0.1947024299131953, 0.23797826576890901, 0.03945575675927025, -0.11256379172128057, -0.29910165035623437, 0.5732550926243078, -0.12150902932090178, 0.09950556481809393], [-0.5734480333590022, 0.1489252223353244, 0.22069466157001794, -0.5765002826678967, 0.5786344860574864, 0.38240183401799077, -0.01359567771411925, 0.3895683168796173, -0.3087624256692228, -0.588199110100402, -0.0892128854497666], [-0.236795283512401, -0.009353631377795811, -0.47188839526408755, -0.47553735184438806, 0.16672446745709718, -0.652871637281919, 0.6480337272239288, 0.20959426955423183, 0.5911397708038677, 0.2838964462129804, -0.09612229572343706]], "inverted": true, "swapped": false, "error_lsq": 0.049538477023708415, "error_max": 0.3046795332785025, "target": "482.xyz", "model": "17.xyz", "model_rescale": 3.901054581598922, "target_rescale": 3.8637351375565077},
{"mapping": [9, 10, 0, 3, 4, 8, 6, 1, 11, 7, 14], "R": [[-0.3051989478824083, 0.11863826131554767, 0.9448696022010101], [-0.5547683442061205, -0.8286036313773016, -0.07515388436500364], [0.7740062573896096, -0.5471206311412253, 0.3187057082974147]], "T": [0.11937203516274149, -0.08333545081693469, -0.15366769952064513], "aligned_model": [[0.6886534084640914, 0.8342675000952328, -0.6188595213199709, -0.3409529063163202, 0.29449717225585015, 0.12553794466184937, 0.003986105116044497, -0.38743802816813905, 0.4382085790118438, -0.3521558287008489, 0.13975766069217688], [-0.4083583019057705, 0.17552370295768302, -0.07217387961213825, -0.6125326010728928, 0.6574996507969497, 0.460764525776326, -0.012798289032249041, 0.30790925788192025, -0.46968312110739374, -0.3235060839950188, -0.13213875478738898], [-0.22051443180059746, 0.1535295674836477, -0.3280067566502432, -0.45608663729744237, 0.06096805818219783, -0.5335827547252723, 0.5848689219306953, 0.12157162735241145, 0.46746813497465284, 0.24590277530991816, -0.13929841851189032]], "inverted": false, "swapped": false, "error_lsq": 0.04277809189117288, "error_max": 0.22253447689634204, "target": "482.xyz", "model": "18.xyz", "model_rescale": 3.9405287249114394, "target_rescale": 3.8637351375565077},
{"mapping": [10, 11, 0, 1, 9, 5, 13, 7, 14, 12, 15], "R": [[0.9352474231084225, 0.1958656031788906, 0.2948710278417069], [-0.05336575008189561, 0.9014723128290449, -0.4295343594182533], [-0.34994907384825585, 0.38598488920425617, 0.8535521724058385]], "T": [-0.05242962782275333, -0.10206158358210676, -0.03439847232649826], "aligned_model": [[0.6503094902155256, 0.6096063316100199, -0.6469355194860316, -0.2512081862904845, 0.20280510670629576, 0.2838209149201809, 0.16412843830848883, -0.33456001111030687, 0.43426560196234126, -0.263614763006763, -0.023115318037456586], [-0.4156681182341373, 0.13976846100778725, -0.09771663721660948, -0.5510387621229107, 0.6133941889377621, 0.4158579382839956, 0.07180100536424722, 0.4998315886050881, -0.4846415142139073, -0.5116251330791746, -0.10945691143211399], [-0.19475030533395998, 0.11540079286326707, -0.3796782489927294, -0.4753361117070215, 0.07509177753356179, -0.5911368167342979, 0.5773238907846885, 0.19744760817044824, 0.4308963933859724, 0.2619081253220644, -0.060347019043915845]], "inverted": false, "swapped": false, "error_lsq": 0.04236386719992089, "error_max": 0.2323919881595862, "target": "482.xyz", "model": "19.xyz", "model_rescale": 4.410303926677745, "target_rescale": 3.8637351375565077},
{"mapping": [1, 2, 10, 5, 4, 6, 12, 11, 7, 8, 13], "R": [[0.366904787170738, 0.0001639612252265915, -0.9302584857274414], [-0.19201108946162962, 0.9784797322755286, -0.07555895082495565], [0.9102266853234713, 0.2063428860967264, 0.3590403802949187]], "T": [0.14044740054032406, -0.012294752509385165, -0.1260058498667414], "aligned_model": [[0.590656243062571, 0.7602655581681108, -0.6407570051043705, -0.29135814622820533, 0.3291870775240667, 0.10899581604684468, 0.0188288940324344, -0.3585744673964632, 0.4389836021557678, -0.2157411479880384, 0.08501566151909157], [-0.6126429278270685, 0.14773221908908668, -0.12075384030985982, -0.615643280499745, 0.621938660548045, 0.4971830962853703, 0.09829512626168328, 0.609792782116695, -0.3675431712828502, -0.6231715671724399, -0.06468099130888949], [-0.12226985202127161, 0.04377503124185078, -0.35641920859847864, -0.5114734185676348, 0.11319847097098487, -0.40159420702077, 0.6113229471273542, 0.10008616475873255, 0.4139273517848043, 0.17568408468802466, -0.10941727811551855]], "inverted": false, "swapped": false, "error_lsq": 0.04332181193716654, "error_max": 0.21888572295146977, "target": "482.xyz", "model": "20.xyz", "model_rescale": 4.121658175737393, "target_rescale": 3.8637351375565077},
{"mapping": [4, 6, 7, 11, 8, 9, 1, 5, 2, 3, 12], "R": [[-0.28152048803232377, 0.9593263427918526, -0.020956689711187346], [-0.9449860190786983, -0.2809713201666324, -0.16750086862346011], [-0.16657622448547738, -0.027351147497472195, 0.9856491648485963]], "T": [0.13106583106928582, 0.003551791339625389, -0.0028218781882507673], "aligned_model": [[0.2899865180481366, 0.7045304797481609, -0.4854351919454277, -0.11482315650082561, 0.2078306823535401, 0.16345553695263426, 0.16971703756561815, -0.34719518930001625, 0.5253343800629938, -0.3173236350010983, 0.02942462380809356], [-0.5381322989176359, 0.26105544161946653, -0.1028872735788193, -0.48588516256687014, 0.6716200784629792, 0.28482157630759314, 0.015892014275655127, 0.434376450776703, -0.48498540459235484, -0.47793125756325566, -0.007438058323434027], [-0.10506748219766833, 0.1628725057850179, -0.2774402930447247, -0.6917043624215596, -0.04148741858102269, -0.668029432412874, 0.690524117060665, 0.2197989636100506, 0.42390444356192186, 0.22025134585327602, 0.02319769903499571]], "inverted": false, "swapped": false, "error_lsq": 0.05391166874761, "error_max": 0.25144741397841913, "target": "482.xyz", "model": "21.xyz", "model_rescale": 4.08911054899281, "target_rescale": 3.8637351375565077},
{"mapping": [7, 6, 15, 3, 8, 1, 5, 11, 10, 9, 16], "R": [[0.010934280778133965, -0.16954612239989603, -0.9854615943216785], [-0.9995499666396389, -0.029384380988858316, -0.006035092758053001], [-0.02793395236198437, 0.9850840931276177, -0.16979111806092012]], "T": [0.06608356775181709, -0.12799945356327075, -0.15566204102810707], "aligned_model": [[0.6729969305334292, 0.7382679921511001, -0.6197264570536486, -0.2253434610158546, 0.24854351610507272, 0.01990511416885688, 0.033908481513893654, -0.3191428463722642, 0.4269515741750437, -0.2481574854149309, 0.09729872700111171], [-0.4903791378941054, 0.12748625797337382, 0.08019978351710391, -0.7384300461720277, 0.4924504668385094, 0.5865318429590523, 0.025585817546060152, 0.4707130468346426, -0.42126979396345837, -0.41887893795498127, -0.14350319378414247], [-0.07734650954913772, 0.04044833439090961, -0.28917123715200593, -0.7003854587415792, 0.09436252092616373, -0.49816891392389817, 0.532164523064923, 0.1254731257277221, 0.5038091096650986, 0.41371419453778313, -0.1880796026979009]], "inverted": false, "swapped": false, "error_lsq": 0.046508768092137026, "error_max": 0.21523677457732432, "target": "482.xyz", "model": "22.xyz", "model_rescale": 4.204369325754507, "target_rescale": 3.8637351375565077},
{"mapping": [10, 11, 0, 1, 9, 5, 13, 7, 14, 12, 15], "R": [[0.9352474231084225, 0.1958656031788906, 0.2948710278417069], [-0.05336575008189561, 0.9014723128290449, -0.4295343594182533], [-0.34994907384825585, 0.38598488920425617, 0.8535521724058385]], "T": [-0.05242962782275333, -0.10206158358210676, -0.03439847232649826], "aligned_model": [[0.6503094902155256, 0.6096063316100199, -0.6469355194860316, -0.2512081862904845, 0.20280510670629576, 0.2838209149201809, 0.16412843830848883, -0.33456001111030687, 0.43426560196234126, -0.263614763006763, -0.023115318037456586], [-0.4156681182341373, 0.13976846100778725, -0.09771663721660948, -0.5510387621229107, 0.6133941889377621, 0.4158579382839956, 0.07180100536424722, 0.4998315886050881, -0.4846415142139073, -0.5116251330791746, -0.10945691143211399], [-0.19475030533395998, 0.11540079286326707, -0.3796782489927294, -0.4753361117070215, 0.07509177753356179, -0.5911368167342979, 0.5773238907846885, 0.19744760817044824, 0.4308963933859724, 0.2619081253220644, -0.060347019043915845]], "inverted": false, "swapped": false, "error_lsq": 0.04236386719992089, "error_max": 0.2323919881595862, "target": "482.xyz", "model": "23.xyz", "model_rescale": 4.410303926677745, "target_rescale": 3.8637351375565077},
{"mapping": [9, 10, 12, 6, 1, 7, 4, 0, 8, 5, 16], "R": [[-0.8486713658537982, 0.370247074106513, -0.3777221424478788], [-0.3856177638499901, 0.05566805087548765, 0.9209777458305157], [0.36201637115354673, 0.927263809402314, 0.0955299680180362]], "T": [0.14756768534974396, -0.08277301499906492, -0.12685188088671442], "aligned_model": [[0.6721407879159086, 0.672339944749655, -0.6377947688400799, -0.29480900881322347, 0.38329509030568687, 0.00484338868792869, 0.0819682587755769, -0.41210010405256703, 0.5353022823917053, -0.3193027404990451, 0.13961895517026393], [-0.42350172722647955, 0.052596666126534214, -0.03573211835028001, -0.5925189638798332, 0.7405935796690459, 0.4273568315168615, -0.15836456821216716, 0.3988431605570751, -0.4524400656567008, -0.39641052624637824, 0.010083837602349058], [-0.09298466434416156, 0.23380456432379496, -0.29168150314895563, -0.4766518491841504, -0.07360349210627143, -0.5285087139150169, 0.5542259452881815, 0.031904649795886836, 0.4966181032899474, 0.1546895022779892, -0.050992456029166425]], "inverted": true, "swapped": false, "error_lsq": 0.04714504754182779, "error_max": 0.21591556457372796, "target": "482.xyz", "model": "24.xyz", "model_rescale": 4.28219845311461, "target_rescale": 3.8637351375565077},
{"mapping": [4, 3, 14, 2, 5, 8, 9, 11, 7, 13, 15], "R": [[-0.01158455937801034, 0.6181142797757058, 0.7860028849319688], [0.8069884829774427, 0.4699397618665012, -0.35766773485823644], [-0.5904535429022194, 0.6301518526150793, -0.5042551500183219]], "T": [0.04034571330562586, -0.03895487453661428, -0.07789969334025378], "aligned_model": [[0.5620326800813205, 0.776023124144254, -0.6829231861839333, -0.20532049110982264, 0.2700963120315059, 0.08719024003278819, 0.13648668381258733, -0.3277906907710485, 0.33839781375748673, -0.19886761092763766, 0.07017721092430927], [-0.540293506776825, 0.029356716914316267, -0.08599444492097036, -0.5509312088221222, 0.7730940752391025, 0.5185227303777132, 0.16542649957555325, 0.3172629336944611, -0.473005309287011, -0.5133351110889572, -0.0695972690052338], [-0.18349731426800941, 0.1548182013628348, -0.312023598022894, -0.46040246918325367, 0.03643248265319325, -0.4889597464511307, 0.5591708299025591, 0.10665797336893144, 0.49508474908331707, 0.18791383832211134, -0.13837486051958142]], "inverted": true, "swapped": false, "error_lsq": 0.044085364039748616, "error_max": 0.2732150596267776, "target": "482.xyz", "model": "25.xyz", "model_rescale": 4.100010024507729, "target_rescale": 3.8637351375565077},
{"mapping": [8, 1, 4, 9, 1, 0, 2, 6, 3, 7, 11], "R": [[-0.134247503387396, 0.897288923198254, 0.42053560626892084], [0.6024677943026789, 0.41084254762096295, -0.6842813441066342], [-0.7867719902629452, 0.16149609707368928, -0.5957422647149095]], "T": [0.008601439036937941, -0.06067239954098814, -0.01312633662635616], "aligned_model": [[0.526598519885209, 0.5710145600786327, -0.7267732011388839, -0.2717924894566676, 0.5710145600786327, 0.1981738502724211, 0.029861296715323365, -0.4051610277101156, 0.5203377199294215, -0.10512326301555272, -0.0826484398466112], [-0.34787281936903536, 0.3571623438082301, 0.10083414517916217, -0.6797210200112438, 0.3571623438082301, 0.4709908153478888, 0.14157549589052423, 0.4199055322661573, -0.4522099852576561, -0.6874158830194326, -0.1099048627427977], [-0.17453504778556594, 0.07771507622392042, -0.4591973565672221, -0.4794620016753657, 0.07771507622392042, -0.5183352070613881, 0.6984923067702992, 0.12225316963044956, 0.4797183896731524, 0.21668999167894282, -0.08423431086306521]], "inverted": true, "swapped": false, "error_lsq": 0.058835006061544376, "error_max": 0.38493175208277447, "target": "482.xyz", "model": "26.xyz", "model_rescale": 3.6694154284099745, "target_rescale": 3.8637351375565077},
{"mapping": [2, 0, 3, 12, 5, 1, 8, 7, 4, 9, 13], "R": [[0.9228707914010266, 0.37703177685323946, 0.07846363247856888], [0.01879088343841334, -0.24758652472057596, 0.9686835476441167], [0.38465101725908235, -0.8924953512594207, -0.23557513218053483]], "T": [0.06859935483660133, -0.1320016697364322, 0.042669694147666866], "aligned_model": [[0.5373408997455915, 0.670289168671706, -0.613543193117529, -0.22699080695765517, 0.28604995148350437, 0.2543700111355496, -0.01778955148368229, -0.3743502126069043, 0.7132170281524921, -0.5126385359261717, 0.10954732669490864], [-0.5131634804676382, 0.11404321092537925, 0.004721976901624625, -0.6209989819086942, 0.6184228006387008, 0.5226216270906578, -0.031020458883552787, 0.3134209167473391, -0.2355065919777967, -0.4392699266512864, -0.16276498651470606], [-0.26898184895732774, -0.07718283090013298, -0.3682066973062367, -0.5080034378428072, 0.1673968042771696, -0.5200062838407652, 0.6677272469774209, 0.08169436416756795, 0.5419545391104825, 0.2232583651780018, 0.017169865384704615]], "inverted": true, "swapped": false, "error_lsq": 0.04891669892619269, "error_max": 0.26693471944828795, "target": "482.xyz", "model": "27.xyz", "model_rescale": 4.103607728864725, "target_rescale": 3.8637351375565077},
{"mapping": [5, 7, 12, 3, 8, 4, 11, 13, 6, 10, 14], "R": [[0.21679403066848923, -0.9748840232776879, -0.051004798052919846], [-0.9693744753917843, -0.20880498401571362, -0.12928110886398186], [0.11538403150095475, 0.07747012203492745, -0.9902953627410767]], "T": [0.04155502870566385, -0.18118047125138742, -0.00956205174775529], "aligned_model": [[0.7238367917491854, 0.6974704467794509, -0.7257224486035228, -0.30401237650447444, 0.39868086772281647, -0.01100309210309279, 0.09434596473184181, -0.2948970163013256, 0.37838541957342564, -0.23451541411533844, 0.10293294286284324], [-0.4450555985001906, 0.10026670512360564, -0.037053641654357816, -0.5612898581940757, 0.5560957310792944, 0.5899901547767763, 0.12387578125598558, 0.36212800039754295, -0.4140285479786326, -0.5340824032754883, -0.17034021713043268], [-0.01094892575824173, 0.09360624186523503, -0.3670621873128983, -0.5569475420388249, 0.024568775809779092, -0.48299926682795946, 0.6038016522150123, 0.09762217749712675, 0.473753915093982, 0.23337953234196976, -0.15195428663710275]], "inverted": true, "swapped": false, "error_lsq": 0.04478531702218513, "error_max": 0.2687709123644644, "target": "482.xyz", "model": "28.xyz", "model_rescale": 4.137296879288765, "target_rescale": 3.8637351375565077},
{"mapping": [0, 9, 2, 1, 8, 7, 4, 3, 6, 5, 10], "R": [[-0.3413384631258652, -0.16942263653724454, -0.9245453065262086], [0.9105462606652449, -0.30366422690888883, -0.2805236968321335], [-0.23322427142004803, -0.9375947992201085, 0.25791942869041895]], "T": [0.08574642350133281, -0.013530829654743167, -0.006283038755814184], "aligned_model": [[0.48051112762737674, 0.84515794110646, -0.6767820659735452, -0.1436939262989812, 0.24792824486151205, 0.21729343963048342, -0.0322374049149758, -0.3585235237072347, 0.3440087354033626, -0.2226598600281252, 0.12449937808547704], [-0.5072158437745287, 0.14658277252493596, -0.16290055299656733, -0.40482369214410346, 0.6874721377595364, 0.2615635927318799, 0.08322958471118819, 0.48975247322659565, -0.42857848545902205, -0.59939044353339, 0.004814562853502163], [-0.3078726234184918, 0.08565170752980242, -0.09770548979546848, -0.6072871881077422, -0.03169513179154198, -0.655151797445241, 0.7528923041144497, 0.11700060172724017, 0.5201994819600947, 0.11558666435858769, 0.06520155711638825]], "inverted": true, "swapped": false, "error_lsq": 0.05819005997314309, "error_max": 0.2745944537559487, "target": "482.xyz", "model": "29.xyz", "model_rescale": 3.607286011436655, "target_rescale": 3.8637351375565077},
{"mapping": [1, 13, 4, 3, 12, 10, 7, 5, 2, 6, 14], "R": [[-0.5916121918516386, 0.43075357727253993, -0.6815030228248516], [0.054005749517875595, -0.8222314133248634, -0.5665852821604267], [-0.8044118307630196, -0.372003842196163, 0.4631789588482833]], "T": [0.10824487168196753, -0.05627160031578762, -0.14090087516367636], "aligned_model": [[0.6935646436733136, 0.6860453314754428, -0.5873457696375773, -0.3495250264876497, 0.35173650146426294, 0.010245625672321484, -0.03733037264582881, -0.38921325805847573, 0.3830262642416452, -0.13371816245749255, 0.19801630855184785], [-0.49687310936202866, 0.15521803343475535, -0.031556025717858205, -0.6549760115901982, 0.5969608323284296, 0.537683604801896, 0.04071264955720946, 0.463938039558382, -0.517808749477819, -0.40364209601815804, -0.11915106161458333], [-0.17578831699550268, 0.25572651399412405, -0.2522215371416463, -0.3826676729588102, 0.007426914474263663, -0.5369921027831915, 0.6132150761680305, 0.10893621039500373, 0.4604461041565858, 0.1235430608208559, -0.2648041638816352]], "inverted": true, "swapped": false, "error_lsq": 0.05366267150216409, "error_max": 0.26800963018239343, "target": "482.xyz", "model": "30.xyz", "model_rescale": 3.964800864290218, "target_rescale": 3.8637351375565077},
