[{"mapping": [3, 10, 9, 4, 8, 2, 6, 1, 7, 5, 0, 11], "R": [[0.0524277408906019, 0.1906386346739965, 0.9802592733326948], [0.8068154131113434, 0.5703597154361928, -0.1540736323110416], [-0.5884727870947651, 0.7989660230430204, -0.12390751741415679]], "T": [-0.02583560136902814, -0.12379835780615289, -0.08716312554603078], "aligned_model": [[-0.10851617432825221, -0.3769977717947311, -0.5535025924288337, 0.5727953444685795, -0.07506577812025417, 0.5853966608413347, -0.5369070028223747, 0.12142263970900731, -0.5704740874919512, 0.1131464484713746, 0.5106147192167046, 0.018641506814327732], [-0.41557875587296633, 0.2833702674458025, -0.3814603650538475, -0.3715829680459069, -0.7128430818263698, -0.39402874674020133, -0.23683850095770934, 0.08799514067929837, 0.5543437638020922, 0.6899892890975279, 0.1809985508937414, -0.07110427670556238], [-0.7052736633513912, -0.5026871159932818, -0.24379728847016846, -0.5694413070527635, 0.1445828420395989, 0.3624154594824139, 0.4140179157032814, 0.5726391811738316, 0.28713019819941316, -0.002783103627101574, -0.0412143280432198, -0.07836673124422787]], "inverted": true, "swapped": false, "error_lsq": 0.06035631021881366, "error_max": 0.35271981966542865, "target": "483.xyz", "model": "0.xyz", "model_rescale": 3.751011558992144, "target_rescale": 3.988356335226164},
{"mapping": [6, 12, 11, 1, 10, 4, 9, 5, 13, 3, 8, 14], "R": [[0.514058213211984, 0.6505486785004085, 0.5590443366412676], [0.13724819156396983, -0.7057390923826379, 0.6950505502446213], [0.846703659695482, -0.2805686197426631, -0.4520776064725774]], "T": [0.06656011986651889, 0.007144560590071805, -0.0588568192422297], "aligned_model": [[0.016843423934085222, -0.5589881617560098, -0.5478424150777244, 0.5721976913034504, -0.09746731813456783, 0.5825114690352943, -0.4556050689626867, 0.018143324793512286, -0.3411433010498554, -0.11882152882441793, 0.6187475684227969, 0.011978228851054908], [-0.4909859030942231, 0.24059931050317906, -0.4292766637971454, -0.09873048519062848, -0.709991359356764, -0.5772078169587502, -0.09914930455411529, 0.13078874879709657, 0.503082410520835, 0.7090453724403306, 0.026752524984054935, 0.008333482422029418], [-0.6184281163665303, -0.3846839684783257, -0.32111056828144996, -0.5266245719445005, 0.30344805242480405, 0.0749358339707464, 0.3287444593185657, 0.5514332557820202, 0.28073965877206947, -0.29629056613881743, 0.3087337159040185, -0.06367512614621558]], "inverted": true, "swapped": false, "error_lsq": 0.05052706054130329, "error_max": 0.2886352771963796, "target": "483.xyz", "model": "1.xyz", "model_rescale": 3.9405287249114394, "target_rescale": 3.988356335226164},
{"mapping": [1, 4, 7, 2, 6, 0, 3, 11, 10, 8, 5, 12], "R": [[-0.896828568399352, 0.3271348395643571, -0.29779408262417023], [-0.25154449316640143, -0.9308534447842711, -0.26502307878921433], [-0.3639009300076423, -0.1627718067616694, 0.9171049296907714]], "T": [-0.028203426463177098, -0.05572706579581143, -0.03607214018621795], "aligned_model": [[0.09153006892762412, -0.4207743457376951, -0.655207088125196, 0.544779162251492, -0.10876046426356649, 0.5113887125912722, -0.5767503540522699, 0.2181711779017102, -0.36764218089708445, -0.22512672115936377, 0.6684001630925387, 0.020545782005470463], [-0.5002034672183362, 0.13208853282799926, -0.53284096316973, 0.01437972094801427, -0.47380394952472654, -0.6878750315882394, 0.030378371382102178, 0.005067738770716264, 0.5419938865520831, 0.6807439978566261, 0.03400594748504918, -0.030674467605659814], [-0.6805338931384389, -0.5858985638294889, -0.12628627628046468, -0.3979362293190065, 0.3016821733935933, 0.07419689939887217, 0.0998756457091694, 0.6296739338532354, 0.4528021937944625, -0.1757909954578253, 0.15038886303530713, -0.10495169234303087]], "inverted": false, "swapped": false, "error_lsq": 0.0499244271059738, "error_max": 0.2559240026400615, "target": "483.xyz", "model": "2.xyz", "model_rescale": 3.932901565614263, "target_rescale": 3.988356335226164},
{"mapping": [6, 10, 12, 2, 5, 4, 9, 7, 8, 3, 0, 13], "R": [[0.3193921348520756, 0.11544970480499595, 0.9405636766615393], [-0.03543515756141789, -0.9904016333764887, 0.13359997834498633], [0.9469598797220666, -0.0759998043788444, -0.3122355135649153]], "T": [-0.03141904387357766, 0.11569556174610122, -0.06944415685198461], "aligned_model": [[-0.028387506625308416, -0.42275580572714755, -0.581249356836045, 0.5994099114232976, -0.18649703464445608, 0.6143463395268892, -0.5617536031804702, 0.05950667957970496, -0.431549347859016, 0.11416567795045612, 0.6220837384060457, -0.09676577947901839], [-0.4394307339128853, 0.042124024262986226, -0.3747723376873067, -0.25026120777097155, -0.5644229428403107, -0.43304623039815376, -0.13911047068970883, -0.053152046571682446, 0.5555821349248096, 0.5781292626489557, 0.26362019468412323, 0.02800067006604308], [-0.46758717930949595, -0.6649172527980274, -0.270087314553688, -0.47234653359104106, 0.10430659034720609, 0.1429138420407683, 0.3705695706928842, 0.6182807484168327, 0.36088393670166935, 0.09069840189467378, -0.06778715173749335, -0.10770559928790391]], "inverted": true, "swapped": false, "error_lsq": 0.04836172250978472, "error_max": 0.25757982424691583, "target": "483.xyz", "model": "3.xyz", "model_rescale": 3.9243930471874484, "target_rescale": 3.988356335226164},
{"mapping": [8, 1, 7, 9, 4, 10, 2, 3, 0, 5, 6, 12], "R": [[-0.3826324380089172, -0.037568575102229496, 0.9231365118703412], [-0.7083172516488188, -0.629594375788596, -0.3192140238022644], [0.5931939719855694, -0.776015157158774, 0.21429276109991946]], "T": [0.13373527254971496, -0.11029649997318378, -0.10209390444881139], "aligned_model": [[0.10635207917102048, -0.35579104714912213, -0.6097404287000885, 0.3216283980496825, -0.16976966666347681, 0.6263952315757015, -0.6566386127193642, 0.07153435815985627, -0.4110999133994643, 0.11519979873577682, 0.5636128568826648, 0.09887085859174487], [-0.6486327199724808, 0.24421544063519854, -0.3776394045213154, -0.13941475282463256, -0.5470487991899186, -0.565777821541311, -0.10745385601607549, -0.055580638510682165, 0.4571857602702031, 0.646524782847846, 0.3035722235575591, 0.003310101981507857], [-0.4273332684155382, -0.48267972429852096, -0.23880678588672957, -0.781458086988344, 0.1615335797825735, 0.11458708224355654, 0.37384257363788853, 0.5658062311389545, 0.22107920368577982, -0.07970904674305657, 0.3046424437029266, -0.09428214304310517]], "inverted": false, "swapped": false, "error_lsq": 0.05354616331987987, "error_max": 0.3386834796408263, "target": "483.xyz", "model": "4.xyz", "model_rescale": 3.8936222436046832, "target_rescale": 3.988356335226164},
{"mapping": [6, 1, 5, 9, 7, 8, 4, 10, 2, 0, 3, 11], "R": [[0.9799180297617818, -0.19925844008425475, 0.007531865836389318], [-0.06285626229730541, -0.34452176844862814, -0.9366716827976824], [0.1892346301230307, 0.9173880450061573, -0.3501277333231123]], "T": [0.04919789249886125, -0.1098777389584628, -0.0006940970078063158], "aligned_model": [[-0.11542893467071413, -0.37305006598936297, -0.6538106605658176, 0.45799176800699803, -0.01383920256746013, 0.7239471374986473, -0.6626279773932855, 0.020312940167465827, -0.24571661390757343, 0.245340553178121, 0.4328111967387034, -0.11537622796078947], [-0.6195489776796371, 0.27846181489952654, -0.4383081476532836, -0.06807293167443132, -0.7344449675675905, -0.3381659109481173, -0.05239814730392943, -0.15289229540110394, 0.4977411673862581, 0.696365202266564, 0.27567140083725683, -0.13114789044561348], [-0.5903905140769773, -0.5610581033670236, -0.23539240976127054, -0.46240382102955635, 0.15958574882805782, 0.19542013815288917, 0.3466164648851016, 0.6292128857665715, 0.3170843847803989, -0.30764472066493453, 0.1849796112391063, -0.03878760593597827]], "inverted": false, "swapped": false, "error_lsq": 0.0555537807302987, "error_max": 0.33467311627305546, "target": "483.xyz", "model": "5.xyz", "model_rescale": 3.6523030999806103, "target_rescale": 3.988356335226164},
{"mapping": [10, 8, 6, 9, 4, 11, 1, 3, 0, 5, 7, 12], "R": [[-0.4748663592873228, 0.40731521963374806, 0.7801257928513292], [0.40957945141667673, 0.8868818421014806, -0.21374113110933696], [-0.7789394159974301, 0.2180250215122022, -0.587978295688018]], "T": [-0.08950872704140803, -0.1139939383933347, -0.08069352626930262], "aligned_model": [[-0.023313923656452656, -0.2321892243291158, -0.57197965261027, 0.39346699774156946, 0.025615865363287513, 0.7116055439969692, -0.6919147728554295, 0.04966542071194849, -0.2576745813504394, -0.12054868596266499, 0.4752251164061627, -0.057404190920633244], [-0.8005327189921287, 0.21861011571017086, -0.3335030306095455, -0.17074047336183004, -0.5878343178718787, -0.43475414298916304, 0.07500712380319453, -0.003665416541619379, 0.5270385776691912, 0.5660819072696401, 0.19504447399535152, -0.037491781365484284], [-0.4453245622573837, -0.6487779579818216, -0.45707368845542284, -0.6156488096529408, 0.22155343389109264, 0.09221633182811953, 0.20872039953376112, 0.5909454219842379, 0.659550547866896, -0.10159556164150077, 0.1481929203158955, -0.015536416614547646]], "inverted": true, "swapped": false, "error_lsq": 0.04914429733450243, "error_max": 0.29821730606395513, "target": "483.xyz", "model": "6.xyz", "model_rescale": 4.08911054899281, "target_rescale": 3.988356335226164},
{"mapping": [0, 7, 2, 3, 1, 9, 13, 11, 12, 5, 8, 14], "R": [[0.9604870856028299, 0.27810179614112285, 0.011133255286032848], [0.2783152194839249, -0.9600137956762841, -0.030234925414645022], [0.0022796916013717817, 0.03213880978343412, -0.9994808151795148]], "T": [0.014099987300754676, 0.056847039973374786, -0.025457744938084018], "aligned_model": [[0.13972576246680363, -0.5940499359839054, -0.5504293885312974, 0.5430404519124111, -0.14176475344705244, 0.5339410175040029, -0.6335509425442383, 0.04764532559444459, -0.3457288667593796, -0.0718841751579947, 0.6810241245885749, 0.09258529289256257], [-0.69095739871873, 0.3076149570474195, -0.4038174776465465, -0.20858404918158405, -0.6356356844463086, -0.4794589573884347, -0.044284752885744044, -0.004974064287310509, 0.47540864201875754, 0.791370807411823, 0.16621711361600902, -0.05963881882345161], [-0.58193134645949, -0.43357303148424875, -0.37076098749444003, -0.551023875955096, 0.15925803085626156, 0.21265669901433792, 0.3004489225230772, 0.5572805533604817, 0.4254649747048395, -0.20871381839166536, 0.06619025219925444, 0.06192568594307264]], "inverted": true, "swapped": false, "error_lsq": 0.045463727406758164, "error_max": 0.27557714042765274, "target": "483.xyz", "model": "7.xyz", "model_rescale": 3.964800864290218, "target_rescale": 3.988356335226164},
{"mapping": [1, 2, 7, 3, 8, 5, 12, 9, 11, 4, 3, 13], "R": [[0.9530897543610777, 0.29687041682849485, 0.059058240271926285], [0.2851210205634001, -0.9460237492195245, 0.15409435273727493], [0.10161655261238713, -0.13002700305978845, -0.9862895389846047]], "T": [0.019116716725592845, 4.7960325175275265e-05, -0.08387499223659306], "aligned_model": [[-0.055309935074893554, -0.34138243731422024, -0.5452270553362488, 0.7048492987865859, -0.09955040185427302, 0.5747582949738884, -0.656876657792059, -0.1689106405241938, -0.11264003480414686, -0.32910157811298735, 0.7048492987865859, 0.025095760800894477], [-0.5784684340766556, 0.1625949222846358, -0.4053683176120211, 0.12606153739809606, -0.6559234289024475, -0.5691803720296754, 0.01681123507149021, -0.13196312299271318, 0.5707347212754054, 0.607962604601943, 0.12606153739809606, -0.05606256570025515], [-0.5559971650716222, -0.6151259431519027, -0.23881663763987007, -0.28350990901133377, 0.29910964569294013, 0.1736366873716138, 0.25291409237956064, 0.5650283238248315, 0.5027169475274524, -0.14927529366865858, -0.28350990901133377, -0.029948780425292185]], "inverted": true, "swapped": false, "error_lsq": 0.06529418573912216, "error_max": 0.3728516981724293, "target": "483.xyz", "model": "8.xyz", "model_rescale": 4.121658175737393, "target_rescale": 3.988356335226164},
{"mapping": [8, 9, 6, 11, 2, 3, 1, 0, 4, 5, 10, 12], "R": [[-0.08818230542090608, -0.9675424420877075, -0.23682378210308538], [0.801204082103786, 0.07236997818140697, -0.5939988258222848], [0.5918580064769626, -0.2421243668385698, 0.7688172026900398]], "T": [0.015628851504839603, -0.05616259162751227, -0.14184762611129403], "aligned_model": [[-0.09969388371878106, -0.5646958625827654, -0.5980330534185752, 0.5250010395882526, -0.0035519216998904472, 0.6137477634541338, -0.44009167525812387, 0.049306936869075904, -0.5808187031338684, 0.1538037725331593, 0.6907557315050123, -0.04517623160269767], [-0.6409104824224495, 0.4021813548567552, -0.2676256778865919, -0.25250708698055213, -0.6509145120191769, -0.4507795725086554, -0.21738373726093035, 0.15263651727048946, 0.4457236554318843, 0.5408648113620868, 0.22428226249058122, -0.07230721561754161], [-0.5605646053212545, -0.5243837289503777, -0.3845088708322509, -0.4659168898577661, 0.21627065321633498, 0.18862960009176255, 0.34933284927536684, 0.6158415989750061, 0.2829916697369887, -0.06320999164732144, 0.06317727553550265, -0.08043750140560663]], "inverted": true, "swapped": false, "error_lsq": 0.051587931620092516, "error_max": 0.28575496750326984, "target": "483.xyz", "model": "9.xyz", "model_rescale": 3.833441315466971, "target_rescale": 3.988356335226164},
{"mapping": [12, 8, 11, 0, 6, 1, 7, 4, 3, 2, 5, 14], "R": [[-0.36012760965999485, -0.9266220462357541, -0.10807260610553737], [-0.6490802836898703, 0.16566841411360872, 0.7424612864588696], [-0.6700767792467189, 0.3375286061876032, -0.6611138706148872]], "T": [-0.029734802187179426, -0.08477588372051645, -0.12573129384947396], "aligned_model": [[-0.032876289370480996, -0.45850315095286104, -0.5926363246279742, 0.5296902977686617, 0.0637756162721043, 0.5704286755796106, -0.6675710505101017, 0.1420326433396478, -0.36312294024529884, 0.055764971121974385, 0.5358384741792457, -0.0822670100195958], [-0.6770559323803939, 0.2885280542372195, -0.3442149246447156, -0.1558366970371444, -0.5442176710808267, -0.511551376623052, -0.0644094283483822, -0.03030740872075391, 0.42303098771120995, 0.6254143302855995, 0.21618119361443924, -0.012300810297300666], [-0.2362506692028627, -0.6589866129778794, -0.41063538494284096, -0.5075910587551824, 0.36559203524415707, -0.06850008272744101, 0.06574743761365845, 0.6510838128384866, 0.494999227775244, -0.05523375047620982, 0.09103334378581832, -0.09403623935856298]], "inverted": false, "swapped": false, "error_lsq": 0.04787255892770132, "error_max": 0.331930097607724, "target": "483.xyz", "model": "10.xyz", "model_rescale": 4.2482417240324, "target_rescale": 3.988356335226164},
{"mapping": [3, 9, 7, 8, 2, 1, 5, 6, 4, 10, 0, 11], "R": [[0.4427921200481955, 0.8942548650980001, 0.06514119028527332], [0.8082821268518282, -0.42955632640511415, 0.4026926444041762], [0.388091666794212, -0.12565666991409896, -0.9130143807580413]], "T": [0.017779503075463488, -0.11229855531054937, -0.008110195328375248], "aligned_model": [[0.06150576587096902, -0.4499989660181187, -0.495142670578529, 0.2866749840899367, -0.019355493958280994, 0.6753360021768929, -0.6702891187978067, -0.05048564492081914, -0.3452070509341476, 0.17186732231284638, 0.5999286033057677, -0.06427982001377863], [-0.7579238157257747, 0.3978779470929797, -0.3144989003839363, -0.13790712851311554, -0.7847617232471582, -0.3661269069272049, -0.020017976033084986, -0.08916704476479952, 0.5536740486430793, 0.4270352098170546, 0.32226342597373975, -0.017186819215880375], [-0.49732146207052236, -0.4555631452422992, -0.40127951117285804, -0.5593789593839292, 0.2987636649931607, 0.04023411316026823, 0.278651093208213, 0.6363174118796756, 0.42842254413534103, -0.3249356934980183, 0.2065937530684172, -0.013281750261063829]], "inverted": true, "swapped": false, "error_lsq": 0.057104560653535634, "error_max": 0.35290567460118255, "target": "483.xyz", "model": "11.xyz", "model_rescale": 3.6694154284099745, "target_rescale": 3.988356335226164},
{"mapping": [7, 12, 5, 9, 6, 11, 0, 4, 1, 2, 8, 13], "R": [[-0.6143156097522351, -0.4311757129908732, -0.6608357104012708], [0.12171710494690492, -0.879254715098891, 0.4605389151197895], [-0.7796161093628609, 0.20248123494087233, 0.5926213559421696]], "T": [-0.024802833522615975, -0.0627387243165031, -0.07503221113203234], "aligned_model": [[0.017238186873972217, -0.5087226412510129, -0.6210932026430489, 0.6551476508977856, -0.12051295071263746, 0.5487251488927769, -0.602551971151885, 0.04385570384813747, -0.34102650601243073, 0.0876116215457707, 0.6487099494058599, -0.1068270771583564], [-0.503363318355217, 0.25474051721775703, -0.5375227624154213, -0.2331368689775141, -0.5812856528860605, -0.4362570646011009, -0.13230136554870117, -0.03898302525217784, 0.6077943486338336, 0.5777610917179352, 0.27615681212329546, -0.0403423949407298], [-0.6718972194896815, -0.4311179468045406, -0.32720022127087806, -0.46659073539454354, 0.1294268062583015, 0.20169572703945493, 0.3398229893161421, 0.6614461128927598, 0.33345460767415014, -0.13365430034629933, -0.01078115725576509, 0.01261739619728472]], "inverted": true, "swapped": false, "error_lsq": 0.04658997874416121, "error_max": 0.22608392824048923, "target": "483.xyz", "model": "12.xyz", "model_rescale": 3.9764082729961374, "target_rescale": 3.988356335226164},
{"mapping": [3, 4, 7, 14, 8, 11, 0, 1, 9, 5, 13, 15], "R": [[-0.29984827514752743, 0.15221916783298675, -0.9417644805551362], [-0.9301650839470059, 0.1725820735397675, 0.3240499105054246], [0.21185827455379705, 0.9731622438406389, 0.0898405179534304]], "T": [0.03563785217927383, 0.015203649040078773, 0.04964236839610585], "aligned_model": [[0.05563893985111716, -0.3930456226499735, -0.5776955941459029, 0.5729316559276231, 0.0392353137958736, 0.6055362700444782, -0.6758070258798322, -0.04581027089909458, -0.2739300024803717, -0.23779361554466572, 0.6211433753260472, 0.010150489189632884], [-0.69027247596205, 0.22370472389070367, -0.3234418661514462, -0.19960557031925447, -0.6673874862672271, -0.5367290658731322, 0.15184305689100525, -0.11443095999428927, 0.4049774373025195, 0.7969253699408138, 0.18594070584036182, -0.018263552582106365], [-0.4089934793715269, -0.48759268441940423, -0.23350953003040703, -0.5017018138593463, 0.23324312252949492, 0.016015440604833876, 0.09743139650793121, 0.6659893888711893, 0.3869008210145578, -0.0806276947997165, -0.00048433094365610274, -0.049448577287564924]], "inverted": true, "swapped": false, "error_lsq": 0.04669617100957956, "error_max": 0.27683594021576086, "target": "483.xyz", "model": "13.xyz", "model_rescale": 4.170626492500431, "target_rescale": 3.988356335226164},
{"mapping": [0, 4, 2, 7, 3, 1, 6, 11, 5, 12, 10, 13], "R": [[0.4667472410483319, -0.6247170223268064, 0.6259997244319674], [0.35414624158247343, 0.7806280425750103, 0.5149760176149143], [-0.8103872238299287, -0.018668185788573086, 0.5855971706664782]], "T": [0.017231277902666372, -0.09795879701034212, -0.09125161794983144], "aligned_model": [[0.11926392208496886, -0.41348430659075336, -0.47887308747166235, 0.6824504462947326, -0.1386958940273271, 0.5135426864446959, -0.6559231068137278, 0.037125080859462034, -0.4306347376174666, 0.01236374070601495, 0.47300485513516377, -0.01958568646916922], [-0.49582847633817945, 0.240424724166104, -0.4630964235868519, -0.15242553343540696, -0.5916824968332878, -0.6840775592708185, -0.05337790688535603, 0.07123737900260695, 0.5389114242699348, 0.6339227190525589, 0.2270048924349839, -0.0577524258603891], [-0.5238570551794322, -0.5418554444579317, -0.32252448611847795, -0.5516282415046967, 0.364157241995756, -0.06036064560158473, 0.4111078007961935, 0.5947779307998247, 0.3788889798980443, -0.08560584844677732, -0.02055966781685198, -0.005318505547681027]], "inverted": false, "swapped": false, "error_lsq": 0.04021810331641131, "error_max": 0.20610458740522136, "target": "483.xyz", "model": "14.xyz", "model_rescale": 3.9786697098870705, "target_rescale": 3.988356335226164},
{"mapping": [2, 0, 3, 4, 8, 5, 9, 7, 6, 1, 10, 11], "R": [[-0.17975970686908732, 0.9771048503302137, -0.11380931089990201], [-0.9808785986740368, -0.1868110508213952, -0.054578438547321285], [-0.07458969399050669, 0.10182211327691469, 0.9920023360850647]], "T": [-0.022132991785488797, -0.02737038705194529, 0.000757931258050612], "aligned_model": [[0.008862706890203735, -0.34471064003823726, -0.7381109143624939, 0.4516405466581065, -0.07994183286178037, 0.49637155570790337, -0.6252441575577327, 0.22785535871329193, -0.34469818442272826, 0.06337098551701217, 0.6759057569656267, -0.09074726867424016], [-0.6416935800604623, 0.09982403383303219, -0.540830474952514, -0.06728571731294351, -0.5339968772473219, -0.6307424061831891, -0.04645635195038899, -0.01705096148320656, 0.5223628124544213, 0.631970587248782, 0.40615454325799877, 0.031004709111691363], [-0.6120174741413983, -0.6022104146957022, -0.2616988934162446, -0.38506603219152324, 0.11128332810295878, 0.10917761806863747, 0.15342395797639008, 0.6125383979791827, 0.4709714962083931, -0.13573617471712657, 0.13159763677064318, 0.04495861287217441]], "inverted": false, "swapped": false, "error_lsq": 0.04530265516572087, "error_max": 0.24262123027348156, "target": "483.xyz", "model": "15.xyz", "model_rescale": 3.769337070930944, "target_rescale": 3.988356335226164},
{"mapping": [4, 5, 6, 7, 2, 0, 1, 3, 9, 10, 11], "R": [[-0.3660983365243483, 0.10893703653305503, -0.9241778671151463], [-0.7162999053980841, 0.6009820884792637, 0.3545912785924077], [0.5940424677754957, 0.7918037960243045, -0.1419869539102122]], "T": [-0.05560549119448419, 0.16364181007322043, 0.056001624602264696], "aligned_model": [[-0.3706182824239148, -0.4386250778040818, -0.07895399004888423, -0.6135589305466551, 0.3929257848122398, 0.3833722214088585, 0.652803035061041, 0.21923519535065358, 0.12014054053223142, -0.33651216595053596, -0.007582199699781723], [-0.12460707979670016, -0.6275016170527524, 0.7021510871295289, 0.3399601453310254, 0.2996390719960669, -0.41327119053997596, 0.3530378269570746, -0.4615735672673952, 0.5172473067538054, -0.14584176070175237, 0.156824274816417], [-0.48140227973779964, -0.06561664570128235, -0.3774456362420291, 0.0016943685688536325, -0.5322678800745028, -0.3304475795637482, 0.044329990832989274, 0.36882188727355497, 0.5629600548106747, 0.5776802445831266, -0.0240889175260601]], "inverted": false, "swapped": true, "error_lsq": 0.04463394370416745, "error_max": 0.3029446304987014, "target": "483.xyz", "model": "16.xyz", "model_rescale": 3.7852294659196426, "target_rescale": 3.988356335226164},
{"mapping": [8, 11, 9, 2, 0, 3, 10, 4, 6, 7, 1, 12], "R": [[-0.25647219445062963, -0.9328480317246973, 0.2530149465565953], [-0.38220117149474986, 0.33831550258648496, 0.8599214413059457], [-0.8877749027663034, 0.123843330127272, -0.4433041299167743]], "T": [0.04798363922508721, -0.06607402615305875, -0.006202165417610261], "aligned_model": [[-0.09058548757218561, -0.3126191047874456, -0.6450607697376493, 0.43264218871638926, -0.015709883599212937, 0.6663264522843639, -0.6808542260346522, 0.07991832123875199, -0.4605531546767321, 0.09449496431310829, 0.6751925762791806, -0.042637963888984776], [-0.47605720352600384, 0.18277111324642992, -0.545789714097364, 0.107798611620928, -0.6830559847013078, -0.5632021732075503, 0.025218510427528276, -0.15838024358100777, 0.6431427365373608, 0.6097706263507168, 0.14367671118790915, -0.07263267354174054], [-0.4929447078589867, -0.594397568358805, -0.19809820877821388, -0.44880032082162064, 0.2784442006489859, -0.06107603995426343, 0.32503206319931316, 0.6954005878540861, 0.15440651638061756, -0.1864733708194403, 0.18580755233507062, -0.020078645010358616]], "inverted": false, "swapped": false, "error_lsq": 0.04909905698444212, "error_max": 0.28966581310013, "target": "483.xyz", "model": "17.xyz", "model_rescale": 3.901054581598922, "target_rescale": 3.988356335226164},
{"mapping": [6, 12, 11, 1, 10, 4, 9, 5, 13, 3, 8, 14], "R": [[0.514058213211984, 0.6505486785004085, 0.5590443366412676], [0.13724819156396983, -0.7057390923826379, 0.6950505502446213], [0.846703659695482, -0.2805686197426631, -0.4520776064725774]], "T": [0.06656011986651889, 0.007144560590071805, -0.0588568192422297], "aligned_model": [[0.016843423934085222, -0.5589881617560098, -0.5478424150777244, 0.5721976913034504, -0.09746731813456783, 0.5825114690352943, -0.4556050689626867, 0.018143324793512286, -0.3411433010498554, -0.11882152882441793, 0.6187475684227969, 0.011978228851054908], [-0.4909859030942231, 0.24059931050317906, -0.4292766637971454, -0.09873048519062848, -0.709991359356764, -0.5772078169587502, -0.09914930455411529, 0.13078874879709657, 0.503082410520835, 0.7090453724403306, 0.026752524984054935, 0.008333482422029418], [-0.6184281163665303, -0.3846839684783257, -0.32111056828144996, -0.5266245719445005, 0.30344805242480405, 0.0749358339707464, 0.3287444593185657, 0.5514332557820202, 0.28073965877206947, -0.29629056613881743, 0.3087337159040185, -0.06367512614621558]], "inverted": true, "swapped": false, "error_lsq": 0.05052706054130329, "error_max": 0.2886352771963796, "target": "483.xyz", "model": "18.xyz", "model_rescale": 3.9405287249114394, "target_rescale": 3.988356335226164},
{"mapping": [9, 13, 11, 7, 5, 8, 10, 1, 3, 12, 0, 15], "R": [[0.7812571775676648, -0.03107110914263772, 0.623435488784247], [0.5219864980467852, 0.5802093193770924, -0.6252097580531072], [-0.34229711999352264, 0.8138745185129078, 0.4695113947067978]], "T": [0.0008333439544728205, 0.03869355921199104, -0.04261852247684604], "aligned_model": [[-0.01658326595450335, -0.28815205681301964, -0.5559174535659166, 0.40305143881046, 0.007540594621758712, 0.559938506404061, -0.7038194878627562, 0.13867970286060777, -0.43119078183637854, -0.018657051378875383, 0.6275532719863535, -0.021889504736859404], [-0.5603698588817062, 0.11669248514215518, -0.3486269541834116, -0.18905863500622155, -0.7713545300309206, -0.462578682244547, -0.09412059519415371, 0.2474755027453941, 0.556765317638369, 0.5855471847379041, 0.11356156806311597, 0.019327513929921013], [-0.5220239143506856, -0.6440613302889933, -0.28597951208559214, -0.5736317908050041, 0.14457054948319586, 0.049031424622511435, 0.2794510724057927, 0.5680597114321205, 0.477367441496814, -0.06926995674044527, 0.22994554524730126, -0.01623718160063061]], "inverted": true, "swapped": false, "error_lsq": 0.04122776793048286, "error_max": 0.26292646720683793, "target": "483.xyz", "model": "19.xyz", "model_rescale": 4.410303926677745, "target_rescale": 3.988356335226164},
{"mapping": [1, 2, 7, 3, 8, 5, 12, 9, 11, 4, 3, 13], "R": [[0.9530897543610777, 0.29687041682849485, 0.059058240271926285], [0.2851210205634001, -0.9460237492195245, 0.15409435273727493], [0.10161655261238713, -0.13002700305978845, -0.9862895389846047]], "T": [0.019116716725592845, 4.7960325175275265e-05, -0.08387499223659306], "aligned_model": [[-0.055309935074893554, -0.34138243731422024, -0.5452270553362488, 0.7048492987865859, -0.09955040185427302, 0.5747582949738884, -0.656876657792059, -0.1689106405241938, -0.11264003480414686, -0.32910157811298735, 0.7048492987865859, 0.025095760800894477], [-0.5784684340766556, 0.1625949222846358, -0.4053683176120211, 0.12606153739809606, -0.6559234289024475, -0.5691803720296754, 0.01681123507149021, -0.13196312299271318, 0.5707347212754054, 0.607962604601943, 0.12606153739809606, -0.05606256570025515], [-0.5559971650716222, -0.6151259431519027, -0.23881663763987007, -0.28350990901133377, 0.29910964569294013, 0.1736366873716138, 0.25291409237956064, 0.5650283238248315, 0.5027169475274524, -0.14927529366865858, -0.28350990901133377, -0.029948780425292185]], "inverted": true, "swapped": false, "error_lsq": 0.06529418573912216, "error_max": 0.3728516981724293, "target": "483.xyz", "model": "20.xyz", "model_rescale": 4.121658175737393, "target_rescale": 3.988356335226164},
{"mapping": [10, 8, 6, 9, 4, 11, 1, 3, 0, 5, 7, 12], "R": [[-0.4748663592873228, 0.40731521963374806, 0.7801257928513292], [0.40957945141667673, 0.8868818421014806, -0.21374113110933696], [-0.7789394159974301, 0.2180250215122022, -0.587978295688018]], "T": [-0.08950872704140803, -0.1139939383933347, -0.08069352626930262], "aligned_model": [[-0.023313923656452656, -0.2321892243291158, -0.57197965261027, 0.39346699774156946, 0.025615865363287513, 0.7116055439969692, -0.6919147728554295, 0.04966542071194849, -0.2576745813504394, -0.12054868596266499, 0.4752251164061627, -0.057404190920633244], [-0.8005327189921287, 0.21861011571017086, -0.3335030306095455, -0.17074047336183004, -0.5878343178718787, -0.43475414298916304, 0.07500712380319453, -0.003665416541619379, 0.5270385776691912, 0.5660819072696401, 0.19504447399535152, -0.037491781365484284], [-0.4453245622573837, -0.6487779579818216, -0.45707368845542284, -0.6156488096529408, 0.22155343389109264, 0.09221633182811953, 0.20872039953376112, 0.5909454219842379, 0.659550547866896, -0.10159556164150077, 0.1481929203158955, -0.015536416614547646]], "inverted": true, "swapped": false, "error_lsq": 0.04914429733450243, "error_max": 0.29821730606395513, "target": "483.xyz", "model": "21.xyz", "model_rescale": 4.08911054899281, "target_rescale": 3.988356335226164},
{"mapping": [13, 9, 14, 7, 4, 0, 15, 1, 11, 5, 6, 16], "R": [[0.15742761196964683, 0.18379782284034848, 0.9702756862400925], [0.4822634448125894, -0.8717075470418508, 0.08687877892658269], [0.8617647688244334, 0.45425137616679534, -0.22586980865875766]], "T": [-0.05659276019010917, -0.06548341987631501, -0.05407168741076317], "aligned_model": [[0.07470580346134675, -0.4221419646779315, -0.6000818114489086, 0.4795521750467011, 0.05307345939017878, 0.5795029622087716, -0.6958383157305407, 0.02245354070336518, -0.3386746066475446, -0.07060348248364115, 0.6466608268635261, -0.028054674150391], [-0.5911675485901874, 0.3277893734434762, -0.25634724081927474, -0.20255240929204715, -0.7334993697597941, -0.4256117432186759, -0.042499191716898345, -0.03963805605164488, 0.48343293496336615, 0.6169212359399164, 0.17985785368126816, -0.10342552186360579], [-0.4324192128812485, -0.5223215146347436, -0.3369378023201448, -0.5007895945623572, 0.11332065665550557, 0.20238341753304623, 0.2957051884285272, 0.7352837969876593, 0.39871269565376855, -0.23255597055443927, -0.02567837241045111, -0.0574812290787377]], "inverted": true, "swapped": false, "error_lsq": 0.04047714307225047, "error_max": 0.22541169856697263, "target": "483.xyz", "model": "22.xyz", "model_rescale": 4.204369325754507, "target_rescale": 3.988356335226164},
{"mapping": [9, 13, 11, 7, 5, 8, 10, 1, 3, 12, 0, 15], "R": [[0.7812571775676648, -0.03107110914263772, 0.623435488784247], [0.5219864980467852, 0.5802093193770924, -0.6252097580531072], [-0.34229711999352264, 0.8138745185129078, 0.4695113947067978]], "T": [0.0008333439544728205, 0.03869355921199104, -0.04261852247684604], "aligned_model": [[-0.01658326595450335, -0.28815205681301964, -0.5559174535659166, 0.40305143881046, 0.007540594621758712, 0.559938506404061, -0.7038194878627562, 0.13867970286060777, -0.43119078183637854, -0.018657051378875383, 0.6275532719863535, -0.021889504736859404], [-0.5603698588817062, 0.11669248514215518, -0.3486269541834116, -0.18905863500622155, -0.7713545300309206, -0.462578682244547, -0.09412059519415371, 0.2474755027453941, 0.556765317638369, 0.5855471847379041, 0.11356156806311597, 0.019327513929921013], [-0.5220239143506856, -0.6440613302889933, -0.28597951208559214, -0.5736317908050041, 0.14457054948319586, 0.049031424622511435, 0.2794510724057927, 0.5680597114321205, 0.477367441496814, -0.06926995674044527, 0.22994554524730126, -0.01623718160063061]], "inverted": true, "swapped": false, "error_lsq": 0.04122776793048286, "error_max": 0.26292646720683793, "target": "483.xyz", "model": "23.xyz", "model_rescale": 4.410303926677745, "target_rescale": 3.988356335226164},
{"mapping": [10, 11, 9, 1, 4, 3, 15, 5, 6, 13, 0, 16], "R": [[0.15204633312237598, 0.11059144396590993, 0.9821667094264469], [0.06803215560640144, -0.9925344939085716, 0.10122699346123981], [0.9860291772496318, 0.051427725238343075, -0.15843500462089688]], "T": [-0.06685149627224274, 0.008801689724525094, -0.05594802365942328], "aligned_model": [[-0.10174178682144214, -0.23350500173843877, -0.5894838671070953, 0.5398917797517193, 0.07008837339677168, 0.6234263060486482, -0.6932127544597882, -0.0489812889074929, -0.386055541081614, -0.1552316565114904, 0.6403680994540182, 0.03499125051113605], [-0.5523744757602884, 0.07705221306309125, -0.2683229217983854, -0.13796072879562243, -0.5651472015936234, -0.567779787572959, -0.047615581255726055, -0.027964579513613967, 0.5177763405748745, 0.7060634180805554, 0.13317248432534462, -0.05363886303774842], [-0.3840454561284514, -0.6628170060523308, -0.2620483348484196, -0.6447253492080253, 0.29861440418770746, -0.038022056612903476, 0.28139876617502135, 0.5716911486067618, 0.4098326890465658, -0.04174755623108547, 0.17805659158846512, -0.0689657817069208]], "inverted": true, "swapped": false, "error_lsq": 0.03906122365673099, "error_max": 0.21833200380653983, "target": "483.xyz", "model": "24.xyz", "model_rescale": 4.28219845311461, "target_rescale": 3.988356335226164},
{"mapping": [6, 1, 0, 10, 2, 14, 4, 13, 7, 9, 12, 15], "R": [[-0.1637322554413319, 0.2526437517104463, 0.953605203032033], [0.2113239215969382, -0.9352286555184882, 0.2840590819846671], [0.9636046641071148, 0.24802922533191743, 0.0997374287429918]], "T": [-0.027445489488130036, 0.06549422269839088, -0.09203950547777402], "aligned_model": [[0.011758648423499902, -0.4552529990479353, -0.5715368366393428, 0.5280172797184265, -0.07201894992465326, 0.5596427646646785, -0.7023965857930353, 0.08130965419002668, -0.3229069370733248, 0.10107395532715456, 0.6218520729000859, -0.07898815421064882], [-0.7159422283223424, 0.16277770007370995, -0.5233467022661925, -0.2278707622799031, -0.5399304706507408, -0.41105482303902907, -0.024442756975767352, 0.03214142900254401, 0.5023803451712221, 0.7217706629380594, 0.22382967625623978, 0.012948246808099001], [-0.539272379434674, -0.558294863238598, -0.2429869899809567, -0.5769136298048484, 0.22458988623395998, -0.000535332145677303, 0.1744204921008654, 0.49103541836411985, 0.4801309715059134, 0.006233940424918344, 0.2791241509547692, -0.10030960616340709]], "inverted": false, "swapped": false, "error_lsq": 0.044217349395851306, "error_max": 0.23438042452238628, "target": "483.xyz", "model": "25.xyz", "model_rescale": 4.100010024507729, "target_rescale": 3.988356335226164},
{"mapping": [3, 9, 7, 8, 2, 1, 5, 6, 4, 10, 0, 11], "R": [[0.4427921200481955, 0.8942548650980001, 0.06514119028527332], [0.8082821268518282, -0.42955632640511415, 0.4026926444041762], [0.388091666794212, -0.12565666991409896, -0.9130143807580413]], "T": [0.017779503075463488, -0.11229855531054937, -0.008110195328375248], "aligned_model": [[0.06150576587096902, -0.4499989660181187, -0.495142670578529, 0.2866749840899367, -0.019355493958280994, 0.6753360021768929, -0.6702891187978067, -0.05048564492081914, -0.3452070509341476, 0.17186732231284638, 0.5999286033057677, -0.06427982001377863], [-0.7579238157257747, 0.3978779470929797, -0.3144989003839363, -0.13790712851311554, -0.7847617232471582, -0.3661269069272049, -0.020017976033084986, -0.08916704476479952, 0.5536740486430793, 0.4270352098170546, 0.32226342597373975, -0.017186819215880375], [-0.49732146207052236, -0.4555631452422992, -0.40127951117285804, -0.5593789593839292, 0.2987636649931607, 0.04023411316026823, 0.278651093208213, 0.6363174118796756, 0.42842254413534103, -0.3249356934980183, 0.2065937530684172, -0.013281750261063829]], "inverted": true, "swapped": false, "error_lsq": 0.057104560653535634, "error_max": 0.35290567460118255, "target": "483.xyz", "model": "26.xyz", "model_rescale": 3.6694154284099745, "target_rescale": 3.988356335226164},
{"mapping": [3, 5, 7, 6, 9, 12, 8, 10, 4, 0, 2, 13], "R": [[-0.11761544841784793, 0.919834578720603, -0.374260543049036], [0.9381233490914225, 0.2265289923574566, 0.26193357461579553], [0.3257164229555545, -0.32029511924380943, -0.8895616046152353]], "T": [-0.04266795855806618, -0.06438672136396412, -0.020554114754966945], "aligned_model": [[0.05349825470134338, -0.5389017208958745, -0.4294688206408459, 0.4760977594956848, -0.12253596228368624, 0.6137456067861072, -0.6068534362803153, -0.06789088425865808, -0.23513849991255195, 0.030492468307488432, 0.523556830289537, 0.003952317226703014], [-0.7376527188563717, 0.32055708679343925, -0.3951411978341301, -0.08872839900322656, -0.6778267552971857, -0.5102861427585248, -0.06598343198454559, -0.02659034659771231, 0.5881393083545727, 0.5616367685594519, 0.27882781133196355, -0.033691665991831474], [-0.456783614423939, -0.501749311529093, -0.39084466838199156, -0.46941940000909954, 0.2661093852223498, -0.015286231916863745, 0.27952819007582586, 0.5793008326833851, 0.44063504528611697, -0.2197411754243238, 0.13346834868490284, -0.007995341450884935]], "inverted": true, "swapped": false, "error_lsq": 0.043903859906337696, "error_max": 0.21966910236766396, "target": "483.xyz", "model": "27.xyz", "model_rescale": 4.103607728864725, "target_rescale": 3.988356335226164},
{"mapping": [12, 10, 3, 13, 2, 4, 0, 1, 5, 6, 8, 14], "R": [[-0.8955663872536553, -0.22697529665143065, -0.38267879576928654], [0.44490388284090343, -0.4657777084922995, -0.764925918834465], [-0.004623965238190114, -0.8552972237659011, 0.5181170504469222]], "T": [-0.0540921692995755, 0.10720959029316755, -0.18307807406940863], "aligned_model": [[-0.04304633959991602, -0.34483004466228967, -0.5782683768884589, 0.48217031539082933, -0.033614247702794864, 0.5654716172743256, -0.5111462796811164, -0.025883746664109364, -0.2772697579410891, -0.138363986380559, 0.6828472917767754, -0.07751253238666536], [-0.6552844937739806, 0.215165442268415, -0.43013697761938186, -0.1360664133357698, -0.5862431364608673, -0.4709525005903331, -0.1067460187179441, -0.12249818647839202, 0.5704201015494372, 0.7340208089842468, 0.1707699434901901, 0.030811747400279213], [-0.5777607042085913, -0.5875435214930738, -0.18844667883682292, -0.453470134836192, 0.06192126616756283, 0.13860282086522374, 0.32191329074554503, 0.6825427749505046, 0.33727584065761024, -0.21876028000938602, 0.17070192680201873, -0.049754541988014656]], "inverted": true, "swapped": false, "error_lsq": 0.042746738723445234, "error_max": 0.21173559274845846, "target": "483.xyz", "model": "28.xyz", "model_rescale": 4.137296879288765, "target_rescale": 3.988356335226164},
{"mapping": [4, 7, 8, 9, 1, 6, 2, 10, 3, 0, 11], "R": [[-0.6513377812769706, -0.7163083376947151, 0.2503227117746757], [-0.4151716985128847, 0.060292948812040614, -0.9077429267570611], [0.6351311324719642, -0.6951741693076512, -0.3366620247255364]], "T": [-0.03614468168157856, -0.07907997598362553, 0.01144788025512065], "aligned_model": [[0.482051958524797, 0.07918017821252146, -0.0429528520018957, -0.5061759674066935, -0.05119365380760083, 0.46168868018827475, 0.5311962551233808, -0.5711285439064254, -0.44326014998582686, 0.24315383939085164, 0.038859266378515035], [-0.35906438609916147, -0.6297536918786363, -0.252710096850624, 0.0648877751883883, 0.6305831849951761, -0.06570287012936722, 0.4110971420664322, -0.39943135314259703, 0.16582654061482022, 0.37906697362077285, -0.02565140173725164], [0.3638743402725591, -0.1582816375185009, -0.8149969290022131, -0.40240504286111733, -0.17294692635657383, -0.46854891000102983, -0.04844556934324175, 0.2522890838698738, 0.5933121095874744, 0.633514386775499, 0.02838911636026913]], "inverted": false, "swapped": true, "error_lsq": 0.049788447157771726, "error_max": 0.2853938484399955, "target": "483.xyz", "model": "29.xyz", "model_rescale": 3.607286011436655, "target_rescale": 3.988356335226164},
