[{"mapping": [3, 12, 0, 9, 1, 4, 13, 2, 11, 10, 6, 14], "R": [[0.9692717779474536, 0.23598277003866083, 0.06945756056372035], [-0.24500019214369514, 0.9007478580740659, 0.3586477408607715], [0.02207093845161184, -0.3646442491249013, 0.9308853018798836]], "T": [-0.11056588464843184, 0.001687700748468704, 0.04192071330984276], "aligned_model": [[-0.2532144019494782, 0.11501348044187859, 0.5493106573273735, -0.4156947537242637, -0.008975582236780952, -0.5240819208895179, 0.521755440607172, -0.4294485828370199, 0.7203824246029734, 0.08017356219833205, -0.47485089572176453, -0.04272696535835646], [-0.22395241059367538, -0.7193924629487679, -0.20296817900152753, 0.5056242880902805, 0.30057918399555017, -0.5008854621632552, -0.4015843877873848, -0.42387577604912097, 0.13539916437048322, 0.461476675272809, 0.19864200809727778, -0.07550760530561205], [-0.4910779719407085, -0.1445655769986774, -0.5397548568349255, -0.09840362595469421, -0.6625472769131839, 0.08883611284950182, 0.4062105060996876, 0.6678634686343679, 0.004516375600620862, 0.456996210020676, 0.448073078631185, 0.045805302159712374]], "inverted": false, "swapped": true, "error_lsq": 0.05048615382509594, "error_max": 0.3427556365172523, "target": "485.xyz", "model": "0.xyz", "model_rescale": 3.751011558992144, "target_rescale": 4.132581164758662},
{"mapping": [7, 0, 10, 1, 4, 8, 5, 9, 3, 2, 13, 12, 6, 11, 14], "R": [[0.9566288900951143, 0.2292175098305903, 0.17977903054153246], [-0.027138529510728787, 0.6845816187336131, -0.7284308529353088], [-0.29004252593608637, 0.6919590598287803, 0.6611111802635663]], "T": [0.027196240029496083, -0.04770430382443386, -0.010429584336427784], "aligned_model": [[0.5169061674679083, -0.02815181288836055, -0.024152815512439446, -0.026889245465092387, -0.3890018315006857, -0.6282652533979471, -0.35406481713419025, 0.1668437473880061, 0.25606739340144946, -0.4610783789551287, 0.05697688889672257, 0.6853886885653158, 0.4828973181239875, 0.6981796206620734, 0.07075133980557369], [0.10329140939253129, 0.49820998263027044, -0.7973628609051484, -0.11163434284457202, -0.6558192187515308, -0.08358090365007129, 0.006534564293053102, -0.18493213124165198, 0.6810039382036437, 0.6051330399922645, 0.4158959569606112, 0.2365052451613197, -0.47728915636145575, -0.43631993715384, -0.044653326365283866], [-0.4312163538000237, -0.5342794706419787, 0.3179437861117148, -0.7022917525502524, -0.2977436727615789, -0.10790446499134221, 0.4812859822987791, 0.6187418695656061, -0.013290120530174938, 0.12787949331896611, 0.5478625519628971, 0.18446201895357572, -0.42457826194436626, 0.1779587947466207, 0.022698308192484678]], "inverted": false, "swapped": false, "error_lsq": 0.03834913016945056, "error_max": 0.22588545776816324, "target": "485.xyz", "model": "1.xyz", "model_rescale": 3.9405287249114394, "target_rescale": 4.132581164758662},
{"mapping": [0, 1, 3, 10, 9, 12, 11, 8, 6, 2, 7, 13, 14], "R": [[0.23830180891242114, -0.8931522506004514, -0.38143322497708165], [-0.528937346551025, -0.4487459403094348, 0.720314073498056], [-0.8145167470915681, 0.030102131206116323, -0.5793585508165223]], "T": [-0.040954184029721966, -0.127316578393623, -0.13186657724563108], "aligned_model": [[-0.2554353943028641, 0.241485099749018, -0.28028067728514544, 0.4299052505970853, 0.457522922927135, -0.7648925075577026, 0.09703384986556697, 0.5362408131603277, 0.16344991426046224, -0.4532859487394776, -0.12681595970793802, -0.43133853412373374, -0.11760554955880252], [0.7229455382741823, 0.5147245608646083, 0.22629289120294502, -0.35278203779906975, -0.17717902849633915, 0.1425812797586732, 0.37805953783508883, 0.27138922357971884, -0.6652799890664727, -0.8303750173008243, -0.6043464385063214, -0.073999476808287, -0.09319844996588517], [0.084280807815547, -0.4542686306341708, -0.5478387282980713, 0.2522321406451129, -0.4721325627700633, -0.03865585469980537, 0.5279115796211087, 0.12120461198001312, -0.20445201456938175, -0.03044602595520718, 0.34475224217678246, 0.6029279755214372, -0.07239519124465776]], "inverted": true, "swapped": true, "error_lsq": 0.0364825953020507, "error_max": 0.21036818296269866, "target": "485.xyz", "model": "2.xyz", "model_rescale": 3.932901565614263, "target_rescale": 4.132581164758662},
{"mapping": [4, 12, 2, 3, 6, 10, 7, 9, 1, 8, 13, 0, 11, 14], "R": [[0.8665216142044359, -0.4975834327445835, 0.039382985852473296], [0.0573772406125318, 0.020919399537625196, -0.998133373343802], [0.4958307618293073, 0.8671638289164869, 0.04667707620092603]], "T": [-0.08480638888783902, -0.09541128359833927, -0.042588972095411376], "aligned_model": [[-0.04871396384358106, 0.5006312748202113, 0.10749909629184252, -0.16885093203148616, -0.3799444457230655, -0.14520734350163958, 0.22560989458518316, -0.6651071576304866, -0.3714455881937514, -0.18125289122963661, 0.7208414517502463, 0.3880366272190576, 0.4225045631205198, 0.015209326419289806], [0.04183353651378517, 0.3317486452136084, -0.5278818931333626, 0.48416049384702886, -0.5417360830315424, -0.6477865526136719, -0.6787207893544595, -0.13944505367324828, 0.4571672459715469, -0.14444623811760027, -0.299325087844231, 0.515242820502552, -0.11493843189920622, -0.07237597403071047], [-0.6794857825980346, -0.3261677548607066, -0.71384343441917, -0.1538666759272699, -0.2665130957411369, 0.29104015209682654, -0.20223540155350855, 0.12491826919558188, 0.413948863828677, 0.695285714789724, 0.024615240637865937, 0.42558684523511314, 0.6297258507984356, -0.04911242842530002]], "inverted": false, "swapped": true, "error_lsq": 0.04945313135982997, "error_max": 0.34873466932175645, "target": "485.xyz", "model": "3.xyz", "model_rescale": 3.9243930471874484, "target_rescale": 4.132581164758662},
{"mapping": [2, 6, 4, 12, 3, 7, 13, 5, 1, 8, 0, 11, 14], "R": [[-0.2969924957677144, -0.3855882150034011, -0.8735657879680016], [-0.3621858956555064, 0.8919695534021204, -0.27057659320761845], [0.8835252313578165, 0.2360339896161426, -0.40456287681892406]], "T": [-0.01883372098786619, 0.025511568400269663, -0.18753725536963273], "aligned_model": [[-0.053607344999080445, -0.2503339959433574, 0.4264996936606117, 0.4325590305386434, 0.5384910654481998, -0.4604051697344813, -0.3070988535776419, 0.3847475147923762, 0.2392421685735412, -0.43619066369320003, 0.2064765080939711, -0.4372644183032316, -0.00590964854499839], [-0.6283032039297823, 0.002520944607370762, -0.33565421901846404, -0.4746749145128123, 0.18069889465497074, -0.4620852369079651, -0.6090644462444987, 0.20951368725707573, 0.6591798275789785, 0.515380375004647, 0.09797507162071739, 0.021295599794618945, -0.04895282622326923], [-0.6834322235710397, -0.7188877670332744, -0.49900759876901984, 0.20192115715419856, -0.04381657485562712, -0.35888264367754985, 0.270045724937221, -0.8500268714231927, 0.16994453449820746, 0.18930109567251985, 0.6840428557168602, 0.5436610144478425, -0.11779238772618192]], "inverted": false, "swapped": true, "error_lsq": 0.039560965836959006, "error_max": 0.23867659698825155, "target": "485.xyz", "model": "4.xyz", "model_rescale": 3.8936222436046832, "target_rescale": 4.132581164758662},
{"mapping": [11, 13, 10, 8, 6, 4, 12, 3, 1, 0, 9, 14], "R": [[-0.15748717121117875, -0.7977094083279717, 0.5821146714943184], [0.9660055055861365, -0.2468222867051475, -0.07689032424768882], [0.20501500940461306, 0.550216737886698, 0.8094630240277483]], "T": [-0.20784150294201698, 0.1069546317423064, -0.019694924563359563], "aligned_model": [[0.13584689871197808, -0.5099662917640586, -0.2781063075980221, 0.3377283201842822, -0.561311366742682, -0.6077940417055527, -0.32516917939948964, 0.08499029449873641, 0.5477187229905788, 0.37637235107291034, 0.05429122977471679, -0.22705258780830012], [-0.5516963597009115, -0.6555951949134744, 0.1477123615723473, 0.012623324441130165, 0.5045683705621796, 0.22144160327567514, -0.4333621628775393, 0.14284377388365382, 0.1917260363691264, -0.5454031868827662, 0.6240306681104852, 0.010033671269901734], [-0.41694810160611645, -0.16937479208874084, -0.6627165185499484, -0.519315361176293, -0.2508154178530921, 0.48300483782699505, 0.5279470813986016, 0.49829268696559775, 0.11400029411286103, 0.20119191960169006, -0.19481041230635637, 0.008828502950319953]], "inverted": true, "swapped": true, "error_lsq": 0.045874603360160866, "error_max": 0.24628477619083985, "target": "485.xyz", "model": "5.xyz", "model_rescale": 3.6523030999806103, "target_rescale": 4.132581164758662},
{"mapping": [5, 3, 1, 9, 8, 4, 0, 6, 12, 13, 11, 10, 14], "R": [[-0.4103318104602788, 0.7423070826358992, 0.5297244570462747], [0.6817288688170188, 0.6355052921853167, -0.36246209874402524], [-0.6057008789376634, 0.21239872568599805, -0.7668202048597222]], "T": [0.10035515391002595, -0.1559110662290047, 0.004916932945674933], "aligned_model": [[0.23614849666035811, -0.20329921270402027, 0.21784674426434233, 0.6104425630343365, 0.5376703167349977, -0.294861934951677, -0.3426342775049197, 0.44359631076823314, -0.6729622831560275, -0.32616941390170373, 0.06626758790126251, 0.5944972627244657, 0.014540744794646843], [-0.7273699195786003, -0.034782186340215446, 0.3965573006635585, -0.17906949174780296, 0.44224695229575123, -0.6451675906195812, 0.628410941832622, -0.6128884188483075, -0.07396314611077964, 0.027906259609562167, 0.5544107316213973, -0.10943308440953575, -0.12603144420488505], [0.5440106464960661, 0.5033860673026661, 0.5311357917199301, 0.33052582928540175, -0.07950961123573008, 0.1787210095219538, 0.07023844543791677, -0.09413618292536347, -0.02482308761757216, -0.6875090000395909, -0.4467842005190828, -0.4119025473449018, -0.0432434205999042]], "inverted": false, "swapped": true, "error_lsq": 0.04298293868439303, "error_max": 0.20006661979448415, "target": "485.xyz", "model": "6.xyz", "model_rescale": 4.08911054899281, "target_rescale": 4.132581164758662},
{"mapping": [12, 10, 0, 11, 1, 9, 3, 6, 5, 8, 4, 5, 13, 7, 14], "R": [[-0.6072256417251435, -0.7795767867558095, 0.15341790502733077], [0.7668784847156364, -0.6255606266965107, -0.14342695704545422], [0.20778452712302148, 0.030560364502996318, 0.9776971179305515]], "T": [0.07916329986347771, -0.0646424773238881, -0.03437709417242458], "aligned_model": [[0.525933293973492, 0.06023713484787116, -0.35089813917416646, -0.08791253659723651, -0.22762885883242223, -0.6868972078805687, -0.4011795395954365, 0.14236724173014614, 0.6029310689086455, -0.4068736613265764, 0.0539022491844926, 0.6029310689086455, 0.47948222649055416, 0.7821678648187348, -0.06615519599898222], [0.13236945926837113, 0.55349931988356, -0.6756633489203288, -0.023572531882509046, -0.6956660984376094, -0.18211130647045792, -0.050801797350023964, -0.2537636836893988, 0.4652867297331759, 0.41046404366018985, 0.43629433859955163, 0.4652867297331759, -0.4700023502461862, -0.2516260347729536, -0.10501120974841699], [-0.5535926440303836, -0.404265479127848, 0.5368994030076059, -0.5955633265494774, -0.24799783243215345, -0.15231640297851437, 0.5945351639559905, 0.42320502686034067, 0.12481960554414406, 0.02211042091301523, 0.4608740294742912, 0.12481960554414406, -0.4940755309330767, 0.23040714900154663, -0.1023304803186979]], "inverted": true, "swapped": false, "error_lsq": 0.046186584464984026, "error_max": 0.3946496024680365, "target": "485.xyz", "model": "7.xyz", "model_rescale": 3.964800864290218, "target_rescale": 4.132581164758662},
{"mapping": [12, 13, 0, 4, 1, 2, 3, 11, 7, 10, 6, 9, 8, 14], "R": [[0.7635742521549971, 0.6095701613674052, 0.2130224866450795], [-0.3794722119857942, 0.6905311460318402, -0.6157658456674603], [-0.5224511477416295, 0.38934683089819766, 0.758586740915622]], "T": [-0.07652275430493828, 0.044401230957529875, 0.1296271648212703], "aligned_model": [[-0.18857029061369251, 0.31239230108427074, 0.43096870058829906, -0.6688312666625291, 0.1508326364483349, -0.5541435153711756, -0.29985086602900585, 0.7291809000584595, -0.018070244908653554, 0.29351667461051434, -0.3204757261624897, -0.12883682330129548, 0.5724971645130844, -0.04942175479324894], [-0.21234609690996162, -0.6150369763506407, 0.26462972001132723, -0.14063163107144036, 0.7540237198978121, -0.6085636218576866, 0.41242211193187517, -0.064122848270776, -0.5870635305930171, -0.1215552228680572, -0.10655178473071011, 0.485909507243968, 0.3636139497970906, -0.013778830048581277], [-0.5964210072343146, -0.2006030871692699, -0.5842491441348823, -0.07213957470659399, -0.07205899493251008, 0.2714372156563797, -0.2827256495187408, -0.09131870684029991, 0.37443482412661167, 0.6352004850517394, 0.6337644942351546, 0.5408209283329015, 0.3114011817571667, 0.0492720741016793]], "inverted": false, "swapped": true, "error_lsq": 0.046745748598790667, "error_max": 0.30506082280163876, "target": "485.xyz", "model": "8.xyz", "model_rescale": 4.121658175737393, "target_rescale": 4.132581164758662},
{"mapping": [10, 11, 13, 2, 8, 9, 0, 3, 12, 1, 6, 4, 14], "R": [[0.27675631198200035, -0.8179993297533676, -0.5042648513441752], [-0.5767061565668217, -0.561139338029055, 0.593744601907452], [-0.7686455312795661, 0.12649007802731158, -0.6270441032372431]], "T": [-0.0808537212167316, 0.08766921913369188, 0.026885883976087786], "aligned_model": [[-0.5947936135639172, -0.17305109385552106, 0.28185671608495577, 0.2224126861861562, -0.605460727174733, -0.5665751018382487, 0.24334255872358382, 0.2237327972363133, 0.6695909259603606, -0.2550637078398281, -0.3566136831093726, 0.39005419203793523, -0.002694452412487419], [0.20319757365200491, -0.5006527912676644, 0.008782714947680043, 0.8254178196107039, -0.41165434974581416, 0.1053695191891605, -0.743526756169901, -0.18233615333819983, -0.08881912156295049, -0.5481195569336827, 0.5971528430505675, 0.46744801075562936, 0.058127687224176175], [-0.35073044512496304, -0.5690417871275342, -0.7196954893688876, -0.16894891774848092, -0.1509591918222691, 0.3881448918642099, -0.11339088310029913, 0.4624014513516597, -0.0794366725517249, 0.4285765240688488, 0.05582016657589003, 0.2714061442612332, -0.033070357318593625]], "inverted": false, "swapped": true, "error_lsq": 0.040053021343608844, "error_max": 0.23050806875546087, "target": "485.xyz", "model": "9.xyz", "model_rescale": 3.833441315466971, "target_rescale": 4.132581164758662},
{"mapping": [2, 4, 10, 5, 0, 1, 12, 11, 3, 6, 7, 9, 13, 8, 14], "R": [[0.27080288661182483, -0.5048306357340097, -0.8196412787476599], [0.5147061598397499, -0.6435905192185054, 0.5664528335131469], [-0.813476100217899, -0.5752714774751575, 0.08555326748773728]], "T": [-0.007872639862383388, -0.018089814972088947, 0.04321689274786293], "aligned_model": [[0.5559162829348322, -0.18702326266595515, 0.09883080967904885, -0.04735448628372724, -0.253677557587913, -0.664553227778458, -0.4995049259416783, 0.07936729365857927, 0.4679033912153507, -0.5429186970477689, 0.2660868764120737, 0.7821964147497505, 0.2798154813987924, 0.6142085205329092, 0.07311409618135677], [0.03233482837001944, 0.6504999438493541, -0.7616143967940696, -0.006834659598334283, -0.5728553596978315, -0.1830106644404025, -0.13243270463714493, -0.09326366270598385, 0.6901358701624644, 0.40012842446645525, 0.3847687271651489, 0.1516947239144566, -0.47595178239368885, -0.3600478700897485, 0.031430841789445135], [-0.3997838530783842, -0.35276968384080887, 0.3771925110230269, -0.631875476300762, -0.26603720101770423, -0.2520468059668174, 0.3722206255204015, 0.715582245558156, -0.11918814693762166, 0.050201800493378385, 0.4977112879295208, 0.11303254881501436, -0.5426879673520442, 0.3651471348782571, 0.040829688207314876]], "inverted": true, "swapped": false, "error_lsq": 0.05207278391849558, "error_max": 0.30090241258208184, "target": "485.xyz", "model": "10.xyz", "model_rescale": 4.2482417240324, "target_rescale": 4.132581164758662},
{"mapping": [11, 10, 9, 6, 0, 3, 1, 4, 7, 12, 13, 14], "R": [[0.9287918988675089, 0.35735288778884167, -0.09820652823037257], [-0.05569386583386608, 0.39657136098593726, 0.9163129099572052], [0.36639296104942676, -0.8455945063886929, 0.3882346311944573]], "T": [0.12201855596069641, 0.014936189808453723, 0.010217436621664897], "aligned_model": [[-0.7058795293621418, -0.008132366026075921, 0.36233707205362126, 0.5482885415314435, -0.6281335863233236, 0.16757851830741355, -0.13673710082148552, 0.565485143058463, 0.14347129982379359, -0.09344741745195886, -0.39909799330066775, 0.06103302087392592], [-0.13793564776779005, -0.6198932507454803, -0.20682891452186458, -0.3724289797422522, 0.5012902242732209, 0.5644046327085718, 0.2935373407120771, 0.3759987898094442, -0.3932319326585871, 0.627906793233409, -0.025870058620608385, 0.05918239337049906], [-0.020893561851814717, 0.021505685346389983, 0.5199368499457939, -0.058313119720279846, 0.13827627175603896, 0.2368413054029208, 0.6820498311584272, -0.30402377014470267, -0.5329526974724762, -0.4181063224011073, -0.6393501742326745, -0.05977800793215893]], "inverted": true, "swapped": true, "error_lsq": 0.04335681429829737, "error_max": 0.2003120102867755, "target": "485.xyz", "model": "11.xyz", "model_rescale": 3.6694154284099745, "target_rescale": 4.132581164758662},
{"mapping": [12, 13, 10, 11, 0, 4, 3, 5, 8, 9, 6, 1, 7, 14], "R": [[-0.4733776706755152, -0.6648882373173365, 0.5777864768085774], [-0.2616280922854177, -0.5202070583618471, -0.8129793095507455], [0.841108983564506, -0.5360114255382614, 0.07230096444394407]], "T": [-0.03745227319920789, 0.038693641952182514, 0.027932551834339812], "aligned_model": [[0.037158874334336255, -0.06511724427068857, -0.12044669676765626, 0.5065030663216764, 0.7337555434450667, -0.45014896302563084, 0.2285610710299564, -0.42352111301495576, 0.5055207694413926, 0.03387788620457092, -0.5055132557103911, 0.6457634735288076, -0.5054514229080893, -0.022677138352584877], [-0.4724127684376366, 0.24036743054384524, 0.6790708262794399, 0.4699833540040562, -0.15137877974798902, -0.46322203930918815, -0.48544494509500336, -0.3493591548602715, 0.5338045145421908, 0.17700559943726923, 0.25078944377942863, -0.1128647629984783, 0.3980995302646745, 0.016549039733916047], [-0.554152667723223, -0.7806019380092537, 0.08364694043309964, -0.4494087364658735, -0.4019261769652931, -0.031552254056295734, 0.12725676878918984, 0.6075815514934868, 0.1552546117190189, 0.6131918463109945, 0.2969838477427442, 0.3537824419099592, -0.3095573506923052, -0.07140342483383388]], "inverted": true, "swapped": true, "error_lsq": 0.04320193961866631, "error_max": 0.2830262179340256, "target": "485.xyz", "model": "12.xyz", "model_rescale": 3.9764082729961374, "target_rescale": 4.132581164758662},
{"mapping": [11, 3, 5, 14, 6, 4, 0, 9, 8, 7, 2, 10, 13, 12, 15], "R": [[-0.09023689898568676, -0.7811306671262149, 0.6178124172727526], [-0.9940749307067603, 0.10839106657135167, -0.00814916117615827], [-0.060599787143167105, -0.6148871909240586, -0.7862832875215673]], "T": [0.102304147648481, -0.07486268266434554, 0.042860318950900964], "aligned_model": [[0.544313599692996, -0.11082543098797917, -0.2929208845667893, 0.09729327342676669, -0.17760797799387268, -0.6064660185093895, -0.36279703873969354, 0.07965127943962852, 0.33954423756060803, -0.465256307511455, 0.05979448504833418, 0.8545600174849093, 0.4349706670030522, 0.6097416961785358, 0.0184114119315415], [0.2571444563716648, 0.5337991485345612, -0.735920916758456, -0.10428941220199628, -0.5971951529001993, -0.18973035397559398, 0.030916456543711765, -0.30607379184482375, 0.5855394790905204, 0.41137914782434404, 0.5413819839457681, 0.20843443963539743, -0.42946089530690784, -0.40528700275854546, -0.04565532683930566], [-0.5271779277324612, -0.49801860027728456, 0.37395409853839673, -0.7558367439605146, -0.43929815930590815, 0.025140515585636056, 0.5902172350769113, 0.5974118468282188, -0.042221765746964415, 0.15456399366505308, 0.547533434310072, 0.04372388804984349, -0.3287222972707327, 0.24420688082957376, -0.01794769065891247]], "inverted": false, "swapped": false, "error_lsq": 0.045762478377912995, "error_max": 0.2928723480469132, "target": "485.xyz", "model": "13.xyz", "model_rescale": 4.170626492500431, "target_rescale": 4.132581164758662},
{"mapping": [13, 11, 7, 10, 4, 5, 6, 0, 12, 8, 1, 9, 3, 14], "R": [[0.5131760461131466, -0.3866677081147312, -0.7662495867515879], [-0.8077478356906753, -0.5194004438349334, -0.27886665788707066], [-0.2901616439723006, 0.7620441341847437, -0.5788738704777724]], "T": [-0.06757982667002745, 0.10306238928709763, 0.054597281315290055], "aligned_model": [[0.253218717260508, 0.14654888158566254, -0.31915314982238757, -0.5774093655596327, 0.13649935873384073, -0.30356625303074597, -0.5714741552466398, 0.6448701717399589, 0.6566165416661488, -0.250715777999634, 0.13963980054044173, -0.4739178794023715, 0.350035817465696, 0.011990314160798057], [-0.3646198197295135, -0.7116296823633912, -0.028457851311927823, -0.2799887641738652, 0.6673143354108898, 0.8407639795742881, 0.3313597344698246, -0.38031794048491696, 0.17762166986550307, -0.5016126502185948, -0.03946427581415954, 0.21117860974747532, 0.3653890015470339, 0.06853812140702012], [-0.5565715451781201, 0.04123100577718522, -0.563066478654667, -0.061250725811019216, -0.2018160147557327, 0.24363128687445595, -0.11983075583158727, 0.32740858097962267, -0.22035784715759166, 0.4508228837867836, 0.7844452335522406, 0.49042626241944576, 0.3894578195798463, -0.000656604459995852]], "inverted": false, "swapped": true, "error_lsq": 0.052467061779545805, "error_max": 0.3185996822128253, "target": "485.xyz", "model": "14.xyz", "model_rescale": 3.9786697098870705, "target_rescale": 4.132581164758662},
{"mapping": [3, 0, 9, 5, 8, 10, 12, 13, 6, 4, 11, 14], "R": [[0.8078556178941982, -0.04623764885784337, -0.5875639373420413], [-0.496985667413909, -0.5893317119126056, -0.6369406406560265], [-0.3168194233659529, 0.8065669303673793, -0.4990743830490689]], "T": [0.13381981596433987, -0.026032698268467026, -0.022552820414677245], "aligned_model": [[-0.13650223404691933, -0.7388827083127641, 0.51200386583269, 0.6715869299237647, -0.01343576796528817, 0.41400231506450946, -0.45138243285254265, -0.3235843365842833, 0.6969711276030649, 0.23395158360455126, -0.4328110646736566, 0.05143731917421067], [-0.4720785222004708, 0.056064915875736, 0.03773067853932193, -0.5823164125712968, 0.5683206185804459, 0.5553972089353806, -0.40825736523304745, 0.27909134964640087, 0.015259084161779977, -0.6031801442975194, 0.5972631833363861, -0.028620104548677625], [-0.311202729550344, -0.24007944991468455, -0.4912293476682595, -0.21485998445620152, -0.44825851203360406, 0.036710455348712555, 0.31959103945817485, 0.6042218165253174, 0.11014948263762539, 0.2649377110346, -0.008965263128187843, 0.03895127562068102]], "inverted": true, "swapped": true, "error_lsq": 0.04873672909628676, "error_max": 0.29058483225491166, "target": "485.xyz", "model": "15.xyz", "model_rescale": 3.769337070930944, "target_rescale": 4.132581164758662},
{"mapping": [8, 10, 0, 11, 1, 9, 3, 6, 12, 13, 14], "R": [[-0.816802744703326, -0.2236409012701277, -0.5318063778521259], [0.5687095509217586, -0.15719116516450965, -0.8073787118103842], [0.09696763859909581, -0.9619125141473672, 0.255580891678557]], "T": [0.14385473376712896, -0.0871913398761418, 0.10295526370112007], "aligned_model": [[-0.28034726226411544, -0.2916897331587681, -0.1474560731882342, -0.5980967691478262, 0.3009050246574172, 0.3765693427916569, 0.5429280463447138, 0.25184857509524283, 0.16398892912868765, -0.4932339850774361, 0.09721003550983251], [-0.10047074786603713, -0.5450846758471558, 0.7283580403054589, 0.24265177072217414, 0.26906936943547904, -0.41878888358516825, 0.33954040643105554, -0.6432928151417187, 0.5546343156018497, 0.18417382797565013, -0.014726110406245954], [-0.5102671527279066, -0.040953790395107575, -0.15333513975920293, -0.12168761364922492, -0.5636370935027847, -0.34719316820544327, -0.015324767138668288, 0.22762599713409384, 0.5425849158546158, 0.5673307571261067, 0.15907466248729912]], "inverted": false, "swapped": true, "error_lsq": 0.04311218862655186, "error_max": 0.23168873633158935, "target": "485.xyz", "model": "16.xyz", "model_rescale": 3.7852294659196426, "target_rescale": 4.132581164758662},
{"mapping": [3, 9, 6, 5, 1, 8, 11, 10, 4, 12, 0, 7, 14], "R": [[-0.054930742750881445, -0.9705790984754659, 0.2344329906463429], [0.9957170571783651, -0.0707333300638407, -0.05953434355173729], [0.07436501559801492, 0.23015866184141665, 0.9703075980504715]], "T": [0.0619598824376531, 0.0306819496825849, 0.04124179046779135], "aligned_model": [[-0.029145742770363997, -0.32840453911411094, 0.23776931892309003, 0.21637910854205347, -0.5994198292530515, -0.6013497603305904, -0.28428250679202943, -0.1089188078895183, 0.5890942557199093, 0.45555477915663417, -0.2867070540307673, 0.4871056518075623, 0.10609097624746547], [-0.02570316299905101, -0.42217867991431185, -0.3812184206856054, -0.7193866261119077, 0.033662739422861465, 0.2556400686217487, 0.7716340344232367, 0.05634257844330832, -0.19480306381295479, 0.4823684711621405, 0.7255842957785706, 0.17300284836938684, 0.12011054100545199], [-0.5451626279473787, 0.1375719495193336, 0.4098655000488343, -0.18052141480178102, -0.35687860515022535, 0.2973268752707268, 0.24337825093491888, 0.6659153940168558, -0.27030629926289257, -0.4554292601237326, -0.4183337152692467, 0.5522125015395911, 0.016116148368170224]], "inverted": false, "swapped": true, "error_lsq": 0.042767343357347, "error_max": 0.2450465070405035, "target": "485.xyz", "model": "17.xyz", "model_rescale": 3.901054581598922, "target_rescale": 4.132581164758662},
{"mapping": [7, 0, 10, 1, 4, 8, 5, 9, 3, 2, 13, 12, 6, 11, 14], "R": [[0.9566288900951143, 0.2292175098305903, 0.17977903054153246], [-0.027138529510728787, 0.6845816187336131, -0.7284308529353088], [-0.29004252593608637, 0.6919590598287803, 0.6611111802635663]], "T": [0.027196240029496083, -0.04770430382443386, -0.010429584336427784], "aligned_model": [[0.5169061674679083, -0.02815181288836055, -0.024152815512439446, -0.026889245465092387, -0.3890018315006857, -0.6282652533979471, -0.35406481713419025, 0.1668437473880061, 0.25606739340144946, -0.4610783789551287, 0.05697688889672257, 0.6853886885653158, 0.4828973181239875, 0.6981796206620734, 0.07075133980557369], [0.10329140939253129, 0.49820998263027044, -0.7973628609051484, -0.11163434284457202, -0.6558192187515308, -0.08358090365007129, 0.006534564293053102, -0.18493213124165198, 0.6810039382036437, 0.6051330399922645, 0.4158959569606112, 0.2365052451613197, -0.47728915636145575, -0.43631993715384, -0.044653326365283866], [-0.4312163538000237, -0.5342794706419787, 0.3179437861117148, -0.7022917525502524, -0.2977436727615789, -0.10790446499134221, 0.4812859822987791, 0.6187418695656061, -0.013290120530174938, 0.12787949331896611, 0.5478625519628971, 0.18446201895357572, -0.42457826194436626, 0.1779587947466207, 0.022698308192484678]], "inverted": false, "swapped": false, "error_lsq": 0.03834913016945056, "error_max": 0.22588545776816324, "target": "485.xyz", "model": "18.xyz", "model_rescale": 3.9405287249114394, "target_rescale": 4.132581164758662},
{"mapping": [5, 9, 3, 11, 10, 14, 12, 1, 7, 13, 4, 8, 2, 6, 15], "R": [[0.03719397245451095, 0.008488916309427386, 0.999272008370566], [0.5936889791139676, -0.8045498348183552, -0.0152630066622651], [0.8038345628869588, 0.5938244703560547, -0.034964180452043137]], "T": [0.029585475745719944, 0.03967835423903575, 0.10774880375672807], "aligned_model": [[0.6070552444135473, 0.1557890113486461, -0.322121254914896, -0.21349905000883113, -0.2007167157238801, -0.6859374560650732, -0.3238056121037357, 0.2770307054660363, 0.18244380404418203, -0.48427673105944063, 0.08727420053666066, 0.7374336298781973, 0.44191258724262045, 0.7251980036638095, 0.038626642739349966], [0.0003141084523203552, 0.5343879115208005, -0.6936253523522642, 0.04045507534028943, -0.557144273781392, -0.19153553128006218, -0.027193283663569365, -0.4533693177063637, 0.7254529612841207, 0.4100316623804285, 0.49382299293396253, 0.3022378234768796, -0.604615956117017, -0.23305283580246516, 0.008816274674471936], [-0.48911111715205297, -0.4652651301854897, 0.3607243843597712, -0.570574505545578, -0.34905278143493457, -0.07747008100461064, 0.5210065747449987, 0.4699563070712234, 0.06332956531997054, -0.1161125482851636, 0.6779151714010567, 0.05994010851472127, -0.3047999543076822, 0.10281275531981413, 0.08422995911488251]], "inverted": true, "swapped": false, "error_lsq": 0.041406642184890964, "error_max": 0.22415158886264674, "target": "485.xyz", "model": "19.xyz", "model_rescale": 4.410303926677745, "target_rescale": 4.132581164758662},
{"mapping": [12, 13, 0, 4, 1, 2, 3, 11, 7, 10, 6, 9, 8, 14], "R": [[0.7635742521549971, 0.6095701613674052, 0.2130224866450795], [-0.3794722119857942, 0.6905311460318402, -0.6157658456674603], [-0.5224511477416295, 0.38934683089819766, 0.758586740915622]], "T": [-0.07652275430493828, 0.044401230957529875, 0.1296271648212703], "aligned_model": [[-0.18857029061369251, 0.31239230108427074, 0.43096870058829906, -0.6688312666625291, 0.1508326364483349, -0.5541435153711756, -0.29985086602900585, 0.7291809000584595, -0.018070244908653554, 0.29351667461051434, -0.3204757261624897, -0.12883682330129548, 0.5724971645130844, -0.04942175479324894], [-0.21234609690996162, -0.6150369763506407, 0.26462972001132723, -0.14063163107144036, 0.7540237198978121, -0.6085636218576866, 0.41242211193187517, -0.064122848270776, -0.5870635305930171, -0.1215552228680572, -0.10655178473071011, 0.485909507243968, 0.3636139497970906, -0.013778830048581277], [-0.5964210072343146, -0.2006030871692699, -0.5842491441348823, -0.07213957470659399, -0.07205899493251008, 0.2714372156563797, -0.2827256495187408, -0.09131870684029991, 0.37443482412661167, 0.6352004850517394, 0.6337644942351546, 0.5408209283329015, 0.3114011817571667, 0.0492720741016793]], "inverted": false, "swapped": true, "error_lsq": 0.046745748598790667, "error_max": 0.30506082280163876, "target": "485.xyz", "model": "20.xyz", "model_rescale": 4.121658175737393, "target_rescale": 4.132581164758662},
{"mapping": [5, 3, 1, 9, 8, 4, 0, 6, 12, 13, 11, 10, 14], "R": [[-0.4103318104602788, 0.7423070826358992, 0.5297244570462747], [0.6817288688170188, 0.6355052921853167, -0.36246209874402524], [-0.6057008789376634, 0.21239872568599805, -0.7668202048597222]], "T": [0.10035515391002595, -0.1559110662290047, 0.004916932945674933], "aligned_model": [[0.23614849666035811, -0.20329921270402027, 0.21784674426434233, 0.6104425630343365, 0.5376703167349977, -0.294861934951677, -0.3426342775049197, 0.44359631076823314, -0.6729622831560275, -0.32616941390170373, 0.06626758790126251, 0.5944972627244657, 0.014540744794646843], [-0.7273699195786003, -0.034782186340215446, 0.3965573006635585, -0.17906949174780296, 0.44224695229575123, -0.6451675906195812, 0.628410941832622, -0.6128884188483075, -0.07396314611077964, 0.027906259609562167, 0.5544107316213973, -0.10943308440953575, -0.12603144420488505], [0.5440106464960661, 0.5033860673026661, 0.5311357917199301, 0.33052582928540175, -0.07950961123573008, 0.1787210095219538, 0.07023844543791677, -0.09413618292536347, -0.02482308761757216, -0.6875090000395909, -0.4467842005190828, -0.4119025473449018, -0.0432434205999042]], "inverted": false, "swapped": true, "error_lsq": 0.04298293868439303, "error_max": 0.20006661979448415, "target": "485.xyz", "model": "21.xyz", "model_rescale": 4.08911054899281, "target_rescale": 4.132581164758662},
{"mapping": [1, 0, 9, 6, 5, 10, 12, 14, 4, 7, 13, 2, 11, 15, 16], "R": [[-0.4780798995759465, -0.5064826690713866, 0.7175757211275877], [0.24441635744221538, -0.8614366684790937, -0.44518255852438715], [0.8436232890550925, -0.037445588925325984, 0.5356282050395623]], "T": [0.10405234234728603, -0.03283370888689091, -0.01812997485140248], "aligned_model": [[0.6900147219525307, 0.07290631811332662, -0.18699208601707415, -0.3114064146113247, -0.21857004326320437, -0.6658393753390582, -0.35869538648883803, 0.21565243712751234, 0.36332714449616343, -0.5007400955012254, -0.1258418752289507, 0.768429999520909, 0.4670527010479918, 0.7164943672773687, 0.09661459637106552], [0.052577497296574544, 0.6376626433181742, -0.5985259912231553, 0.1538361891496914, -0.6213418097363841, -0.27168386468442257, -0.038149606052672896, -0.19695776785596358, 0.5956242343855924, 0.34100174007591255, 0.4456809424909919, 0.22561732374710242, -0.607872026133214, -0.37662410345684944, 0.01413685803876219], [-0.5466670093264561, -0.4048391227046608, 0.30254586456555377, -0.6081405671163099, -0.23562035506553158, -0.05490979715116666, 0.5570272095151123, 0.5921415205173592, 0.13714196844853715, -0.03454192871032473, 0.3754463750096522, 0.09614697712126487, -0.36949119004187203, 0.17739482816638796, -0.01610606529661859]], "inverted": false, "swapped": false, "error_lsq": 0.04227687511358324, "error_max": 0.3125852851249533, "target": "485.xyz", "model": "22.xyz", "model_rescale": 4.204369325754507, "target_rescale": 4.132581164758662},
{"mapping": [5, 9, 3, 11, 10, 14, 12, 1, 7, 13, 4, 8, 2, 6, 15], "R": [[0.03719397245451095, 0.008488916309427386, 0.999272008370566], [0.5936889791139676, -0.8045498348183552, -0.0152630066622651], [0.8038345628869588, 0.5938244703560547, -0.034964180452043137]], "T": [0.029585475745719944, 0.03967835423903575, 0.10774880375672807], "aligned_model": [[0.6070552444135473, 0.1557890113486461, -0.322121254914896, -0.21349905000883113, -0.2007167157238801, -0.6859374560650732, -0.3238056121037357, 0.2770307054660363, 0.18244380404418203, -0.48427673105944063, 0.08727420053666066, 0.7374336298781973, 0.44191258724262045, 0.7251980036638095, 0.038626642739349966], [0.0003141084523203552, 0.5343879115208005, -0.6936253523522642, 0.04045507534028943, -0.557144273781392, -0.19153553128006218, -0.027193283663569365, -0.4533693177063637, 0.7254529612841207, 0.4100316623804285, 0.49382299293396253, 0.3022378234768796, -0.604615956117017, -0.23305283580246516, 0.008816274674471936], [-0.48911111715205297, -0.4652651301854897, 0.3607243843597712, -0.570574505545578, -0.34905278143493457, -0.07747008100461064, 0.5210065747449987, 0.4699563070712234, 0.06332956531997054, -0.1161125482851636, 0.6779151714010567, 0.05994010851472127, -0.3047999543076822, 0.10281275531981413, 0.08422995911488251]], "inverted": true, "swapped": false, "error_lsq": 0.041406642184890964, "error_max": 0.22415158886264674, "target": "485.xyz", "model": "23.xyz", "model_rescale": 4.410303926677745, "target_rescale": 4.132581164758662},
{"mapping": [11, 13, 2, 7, 0, 12, 5, 4, 14, 6, 15, 9, 1, 10, 16], "R": [[0.8303679771689167, -0.4836240894173663, 0.2767612014492365], [0.08562201629136064, 0.6015307571496203, 0.79424783193233], [-0.5505977595473882, -0.6358211134731434, 0.5409007476822053]], "T": [0.14889997791520135, -0.00022816377450760733, 0.0013055864238924282], "aligned_model": [[0.622979227572946, -0.22491454402157576, -0.27068128247566203, 0.006135043826348774, -0.34052893012145913, -0.6429522815310604, -0.3072613734947234, 0.15977896673822126, 0.26714636462363534, -0.3777879667607644, 0.1435640473999911, 0.6400241940967548, 0.46428002397439905, 0.7238071485556568, 0.15881837107448524], [0.1715377805340781, 0.4320667229869876, -0.7337442462016109, -0.12806086864045044, -0.5421909700337034, -0.0428750821956708, -0.0277958220968089, -0.4074131598836002, 0.6592468531691711, 0.5390395783921966, 0.5129235889679375, 0.3053218522690192, -0.6029370055071949, -0.2603301006160755, -0.11980686178413555], [-0.3814042410309201, -0.40804812114229255, 0.345978872200422, -0.6352538136665942, -0.19136374610172543, -0.13032675892756887, 0.43346166832304667, 0.5562527907028015, -0.09492582254516359, 0.09973424562043505, 0.49725013709225346, 0.2418386935094647, -0.5217745491340144, 0.16134518737648895, -0.005235834345705852]], "inverted": false, "swapped": false, "error_lsq": 0.04229511719833708, "error_max": 0.29459046284275436, "target": "485.xyz", "model": "24.xyz", "model_rescale": 4.28219845311461, "target_rescale": 4.132581164758662},
{"mapping": [12, 9, 6, 11, 8, 5, 1, 0, 7, 3, 4, 13, 14, 2, 15], "R": [[0.6787535209402514, 0.699908917026619, 0.22230871705319477], [0.728015618361736, -0.6810367472193769, -0.07862702053511827], [0.09636865274865619, 0.21521258514193875, -0.9718007130908749]], "T": [0.0906998956934441, 0.001134935954291736, -0.03588332398409822], "aligned_model": [[0.51549225573889, -0.08410171215277033, 0.07159390171654835, 0.040693266219427704, -0.4112996366160176, -0.6861466003920152, -0.4679126124341699, 0.0751281003786884, 0.2991755330700838, -0.3880755178234016, 0.17000767012115803, 0.6313506216770549, 0.5449785092974553, 0.6186242114724578, 0.09289901918380258], [0.07978000118983156, 0.5099435759045015, -0.848398181993088, -0.13376013871682746, -0.47744193181413325, -0.032355426577959534, -0.01210147478485173, -0.3312965532612131, 0.7453162274335468, 0.5329850644776293, 0.31904463022520146, 0.2416495807662405, -0.5320597595452661, -0.28161707910851674, -0.024706274834955372], [-0.6665863482309636, -0.44506769524632733, 0.26432589883522106, -0.5610306624394275, -0.06599491854282619, -0.3832571831781151, 0.276613495264982, 0.7089663227261914, 0.05510084927090745, 0.26068857128129463, 0.6177926479084072, -0.08847567191971675, -0.3350137015918903, 0.2959709198867628, 0.03349618390642722]], "inverted": false, "swapped": false, "error_lsq": 0.05007189527206853, "error_max": 0.3401177673835277, "target": "485.xyz", "model": "25.xyz", "model_rescale": 4.100010024507729, "target_rescale": 4.132581164758662},
{"mapping": [11, 10, 9, 6, 0, 3, 1, 4, 7, 12, 13, 14], "R": [[0.9287918988675089, 0.35735288778884167, -0.09820652823037257], [-0.05569386583386608, 0.39657136098593726, 0.9163129099572052], [0.36639296104942676, -0.8455945063886929, 0.3882346311944573]], "T": [0.12201855596069641, 0.014936189808453723, 0.010217436621664897], "aligned_model": [[-0.7058795293621418, -0.008132366026075921, 0.36233707205362126, 0.5482885415314435, -0.6281335863233236, 0.16757851830741355, -0.13673710082148552, 0.565485143058463, 0.14347129982379359, -0.09344741745195886, -0.39909799330066775, 0.06103302087392592], [-0.13793564776779005, -0.6198932507454803, -0.20682891452186458, -0.3724289797422522, 0.5012902242732209, 0.5644046327085718, 0.2935373407120771, 0.3759987898094442, -0.3932319326585871, 0.627906793233409, -0.025870058620608385, 0.05918239337049906], [-0.020893561851814717, 0.021505685346389983, 0.5199368499457939, -0.058313119720279846, 0.13827627175603896, 0.2368413054029208, 0.6820498311584272, -0.30402377014470267, -0.5329526974724762, -0.4181063224011073, -0.6393501742326745, -0.05977800793215893]], "inverted": true, "swapped": true, "error_lsq": 0.04335681429829737, "error_max": 0.2003120102867755, "target": "485.xyz", "model": "26.xyz", "model_rescale": 3.6694154284099745, "target_rescale": 4.132581164758662},
