[{"mapping": [2, 6, 3, 12, 4, 1, 9, 7, 11, 10, 5, 14], "R": [[0.6472400091073349, 0.34025453424539687, 0.682134314146551], [-0.7140104259156923, 0.583996386281729, 0.38618302978454877], [-0.26696344748753353, -0.7370041198903369, 0.620931111291938]], "T": [-0.014789846675570113, -0.1208687636066499, -0.0009887103053339806], "aligned_model": [[-0.05918950630885085, 0.07199811356921015, 0.47887618470953786, -0.10196783318733509, -0.32445453123165807, -0.639179138494748, 0.3620746149006027, -0.29243844434306143, 0.6187861031265299, 0.29234639032088866, -0.5518494345948685, -0.01736005600569845], [-0.24998895610066896, -0.6595720624102738, -0.3253535484565135, 0.7250682754425672, 0.27070413116107694, -0.5104206669799594, -0.170270630638109, -0.5567109189422301, 0.09015092897336326, 0.4581137832748309, 0.03169521080572958, -0.049860510152756], [-0.6713097038954806, -0.045402410110729444, -0.4659326306978526, -0.12910855357394743, -0.542126549970563, -0.10044350421119003, 0.6400212607505033, 0.573563904811552, -0.018395803603781565, 0.3291749215266967, 0.5670170564813578, 0.04489375784699701]], "inverted": false, "swapped": true, "error_lsq": 0.05074727263274852, "error_max": 0.2901907992497333, "target": "486.xyz", "model": "0.xyz", "model_rescale": 3.751011558992144, "target_rescale": 4.204289478617088},
{"mapping": [4, 10, 11, 12, 6, 8, 9, 5, 13, 2, 0, 3, 1, 7, 14], "R": [[0.3039549190723898, 0.9024351030656189, 0.3053232580833678], [0.9218818144985513, -0.19777388891589548, -0.33319575171352606], [-0.240302574411003, 0.3827484469178534, -0.8920528566813827]], "T": [-0.07127819020839642, 0.026136262869836592, 0.021962974086653472], "aligned_model": [[-0.7487352529655388, -0.14748243199705824, 0.2880619036767942, 0.5462689796200461, -0.29150302415078605, -0.519270888231342, 0.41717092572241204, 0.10202183305625558, 0.5367501364677693, 0.013769513392300273, -0.27719157652043697, 0.3351737221418183, -0.6366026338091397, -0.05284952342037047, -0.02157907796480151], [-0.16772493742834424, -0.2805153392081464, 0.3976305845384689, 0.43900792331306426, 0.6033507649619423, -0.4250150477892338, -0.26962580746409137, -0.5725957745370515, -0.261242520847987, -0.3857372478607827, 0.35523025595210195, 0.2656507728485687, 0.4109474835680783, 0.6816911091336291, 0.03952613841389631], [-0.33726360211452605, -0.7347479724479412, -0.5859824632851728, 0.03411160022066798, -0.4047104213339539, 0.21218203083070714, -0.30687114858387177, 0.061625252320360716, 0.29622049345271406, 0.7339076357414697, 0.6737308311908248, 0.6226588471948981, 0.15617976635973446, 0.11986727214202718, 0.0031342216457551086]], "inverted": false, "swapped": false, "error_lsq": 0.040756211588676684, "error_max": 0.24333566873473697, "target": "486.xyz", "model": "1.xyz", "model_rescale": 3.9405287249114394, "target_rescale": 4.204289478617088},
{"mapping": [1, 7, 5, 11, 9, 0, 6, 8, 10, 12, 13, 4, 14], "R": [[0.7967707594821364, -0.18414377532239629, 0.5755409862418791], [0.2900436453056506, -0.7190140528450107, -0.631580141889533], [0.5301236088423812, 0.6701565949995625, -0.5194796411087954]], "T": [-0.006748621121892395, 0.04114076831630117, 0.10218957190588702], "aligned_model": [[-0.3857177484301154, 0.11750130838570629, -0.3709441979324026, 0.4283090676348861, 0.5141058630856346, -0.7031032353971081, 0.2988574246780389, 0.7743555516421134, 0.08258821417370105, -0.5005977224249725, -0.13288246945379156, -0.5981807126767458, -0.028308064001012996], [0.6789443214870972, 0.5907928632341404, 0.20448003981084936, -0.452708386100133, -0.060983742913669516, -0.029452627436528968, 0.46528909257975554, 0.10945506797903823, -0.5929846266740048, -0.6607943894060391, -0.5950416542335228, -0.18148406713120638, -0.01667929762375865], [0.13524947664002968, -0.4265848273058454, -0.5870282329909218, 0.21659508688257145, -0.42091877284235796, -0.12649073574922243, 0.2646983861615875, 0.20473904586557234, -0.2562311232862074, 0.04719621683248279, 0.5376075318074482, 0.4799434256474094, 0.04434487192609758]], "inverted": false, "swapped": true, "error_lsq": 0.04718040143231823, "error_max": 0.3418266485989738, "target": "486.xyz", "model": "2.xyz", "model_rescale": 3.932901565614263, "target_rescale": 4.204289478617088},
{"mapping": [5, 10, 9, 0, 7, 6, 8, 1, 4, 2, 11, 12, 3, 14], "R": [[-0.22635031706998918, -0.531308876106908, -0.8163800659817275], [0.8749983920600437, -0.47914988148040727, 0.06923297602768369], [-0.4279525065409169, -0.6986603389683188, 0.5733501398779113]], "T": [0.008559058747714468, -0.12038561982434483, 0.04272139882537681], "aligned_model": [[-0.36431934636192054, 0.5668597992522102, 0.35404861542591154, -0.3292383306111155, -0.4075819898635318, -0.16706996194852142, 0.3885120288480617, -0.7296927349556853, -0.11328454250443608, -0.12740976197104337, 0.6656883863404903, 0.3169065629373522, 0.32464169712360513, 0.04174949034132645], [0.1631826194794172, 0.19583494096323395, -0.43772489339973897, 0.5178519295285328, -0.471281471941245, -0.6251643363185925, -0.8138298794870696, -0.16488215448439913, 0.45081843167815294, -0.10478119380494279, -0.21775743928680183, 0.6823140357399254, -0.44673303213126303, -0.06435091818472059], [-0.6013982073259532, -0.3134615900182069, -0.5363242829055569, -0.10127031549849624, -0.5057825339953714, 0.1612914851855579, 0.05153990833096691, 0.10986510060028779, 0.4909755440115519, 0.7129769993345262, 0.11308173789032241, 0.05752846550987547, 0.5861201097978048, -0.011246057860211371]], "inverted": true, "swapped": true, "error_lsq": 0.0511616280335282, "error_max": 0.3734156727889717, "target": "486.xyz", "model": "3.xyz", "model_rescale": 3.9243930471874484, "target_rescale": 4.204289478617088},
{"mapping": [11, 10, 13, 3, 4, 8, 6, 12, 0, 5, 1, 7, 14], "R": [[0.12387974027803363, -0.7770161951808778, 0.6171706752392557], [0.9714670212367849, 0.2217365339334729, 0.0841708748231702], [-0.20225141927307927, 0.5891338913573058, 0.7823142728189376]], "T": [-0.014985749585321298, -0.11109082370994545, -0.020160036835182846], "aligned_model": [[-0.08482089297111857, -0.21644764556221535, 0.5283560156549233, 0.23503560480986774, 0.6767021196486225, -0.41574882698053806, -0.15825469307936796, 0.3809555847683129, 0.23781474693070243, -0.3656167513794107, 0.10626248049728985, -0.611892116474498, -0.035139739551217686], [-0.4879075588704601, 0.08511958216635583, -0.2383930594621511, -0.7680591631350056, 0.1324430416233932, -0.7899331377095667, -0.4800425861718062, 0.35757127118898735, 0.579849562764258, 0.5895091296172098, 0.12051673157935065, 0.08153867958368442, -0.05438293949266239], [-0.5673190654297521, -0.6980066732873228, -0.566786499037041, -0.10719422683001285, -0.0858171635310691, -0.08236160737415625, 0.3580655277716348, -0.6228294903185854, 0.009524146759211968, 0.12321682443031635, 0.6749376082664449, 0.43123169915469284, -0.07959076520339775]], "inverted": true, "swapped": true, "error_lsq": 0.04645555984327543, "error_max": 0.35705366888764783, "target": "486.xyz", "model": "4.xyz", "model_rescale": 3.8936222436046832, "target_rescale": 4.204289478617088},
{"mapping": [1, 5, 4, 2, 12, 10, 9, 11, 3, 6, 13, 14], "R": [[0.9036471786043438, 0.14644946006779563, -0.4024603486633932], [-0.042546407410863255, 0.9657668659860446, 0.2558987373550757], [0.4261591015299776, -0.21411893005837737, 0.8789434020309942]], "T": [-0.054717059501386785, -0.17522217881910185, -0.01739004120610997], "aligned_model": [[0.058547396250877175, -0.6975304166506753, -0.12208646025789655, 0.4231989622409013, -0.6143018017796094, -0.5559237992393722, -0.26766510895485984, 0.03300662637901224, 0.547854422670103, 0.38838149932722055, -0.03202468811159798, -0.13390858965900632], [-0.6883812311799393, -0.632490057344929, 0.24197130064534234, 0.07714565177216715, 0.43910240664376976, 0.1934240930745571, -0.3773412338765699, 0.2818296540139068, 0.16960465170526395, -0.4833253652368025, 0.5994505658079821, -0.15206753091494138], [-0.5421212859727518, -0.12710053982149178, -0.6202686980099553, -0.4367709451318924, -0.23896257901723367, 0.3717798596268724, 0.6675640927874992, 0.4618374400184558, 0.12294916469429369, 0.07449066731875113, -0.11533807474360899, 0.0012256175265798162]], "inverted": false, "swapped": true, "error_lsq": 0.04215641933585079, "error_max": 0.22115393735115627, "target": "486.xyz", "model": "5.xyz", "model_rescale": 3.6523030999806103, "target_rescale": 4.204289478617088},
{"mapping": [4, 0, 1, 2, 6, 12, 5, 11, 10, 9, 7, 8, 14], "R": [[0.8514234644097448, 0.12212936538199748, -0.5100612731465688], [-0.04728801787319593, -0.950674098476867, -0.3065658197692961], [-0.5223427300328132, 0.2851371189385675, -0.803650978836759]], "T": [0.15435610192638227, -0.05215643560103881, 0.025114697523091242], "aligned_model": [[0.134424551779362, -0.31446170498828613, 0.3503916211561138, 0.6632094362853252, 0.5989338718065531, -0.4063073567552439, -0.4491081659676113, 0.16562903539808865, -0.4045480497426436, -0.12359917911569074, 0.04186134342288615, 0.5521109833073796, 0.07254651807806145], [-0.4112601449243054, 0.029094409123437324, 0.49673271485054044, -0.29506078385174683, 0.22041142191172028, -0.6112988903937197, 0.4497217177106501, -0.553100868105817, -0.4229285587627489, 0.10239885530726256, 0.6835177317420192, -0.07525233637664444, -0.07214836406746447], [0.6675312053702646, 0.5870720122782382, 0.48532628463053457, 0.4124638295030269, -0.14150865166614401, 0.3607340815794167, 0.1603497335570293, -0.41667529583880586, -0.2727370498068711, -0.6488398066174853, -0.18293886410294619, -0.657940644716549, 0.01727290531208061]], "inverted": false, "swapped": true, "error_lsq": 0.057108064700924874, "error_max": 0.41140421317943116, "target": "486.xyz", "model": "6.xyz", "model_rescale": 4.08911054899281, "target_rescale": 4.204289478617088},
{"mapping": [10, 11, 13, 2, 12, 8, 1, 9, 0, 3, 4, 6, 5, 7, 14], "R": [[-0.6570452314698577, 0.6850645181186692, 0.31460796210133785], [-0.6141312476521101, -0.7284552170461366, 0.3036376251644859], [0.4371891746829783, 0.006293073422575096, 0.8993475539339141]], "T": [-0.07516688891568812, 0.07699347873916298, 0.004902619451678282], "aligned_model": [[-0.7488058726581629, -0.2085588828060639, 0.19807226230217506, 0.6646489964910681, -0.4062345191873243, -0.4865624839405817, 0.5273076080935962, 0.08352837137820912, 0.6691589779483288, 0.07375939899872977, -0.4675729344605124, 0.19207784119721844, -0.6081041357296252, 0.09742339258931354, -0.03613541519844689], [-0.03242606398196937, -0.17288329682362866, 0.4285324251483027, 0.3966181845557434, 0.43021666758928523, -0.42255557617766937, -0.2202130978279063, -0.6898313714439632, -0.22772671347735687, -0.3056565709663379, 0.09538580712764642, 0.21778759531553335, 0.5863851472858873, 0.821051661675083, -0.07410644040453743], [-0.22642567919569298, -0.5091977948230516, -0.5761784917117435, 0.030437819132437295, -0.5181934721568056, 0.22020096921497118, -0.2894420597155995, -0.03187742146277469, 0.4925303375692457, 0.6815497479419889, 0.5901621408424698, 0.4022692479169214, 0.19725450677512768, 0.13091444299840718, -0.04996194999220808]], "inverted": true, "swapped": false, "error_lsq": 0.040466138772738365, "error_max": 0.25704448705313976, "target": "486.xyz", "model": "7.xyz", "model_rescale": 3.964800864290218, "target_rescale": 4.204289478617088},
{"mapping": [8, 9, 11, 6, 13, 7, 2, 10, 5, 0, 1, 4, 12, 14], "R": [[-0.5849362952411327, 0.34005898931637135, 0.736348704279913], [0.07597609883372114, 0.9268437651145328, -0.36767957173920557], [-0.8075129490699126, -0.15912422459652403, -0.5679809136150334]], "T": [-0.06594491201814875, -0.02181590862638899, 0.03349453380823673], "aligned_model": [[-0.25558789389297876, 0.2123137448308892, 0.2694656974745282, -0.5464401523781508, 0.30428840506869015, -0.31651676359313596, -0.4360223983451942, 0.6487889022856439, 0.14892903072758248, 0.1754280482770466, -0.6023360426739058, 0.016275484318516692, 0.6285673352363086, 0.014034492125032327], [-0.21387963605054516, -0.5932126242156404, 0.13926785874189107, -0.15643734655821384, 0.6521299515325214, -0.7390693227362504, 0.5531043959727906, -0.09472131753121907, -0.5594526268767981, 0.03640376977418991, -0.13457736123498573, 0.5822358603080449, 0.37951233039726745, -0.04035546534185032], [-0.7097779807452899, -0.3556571887379746, -0.5213050197707924, -0.1916884214888094, -0.10416770050007843, 0.17462965643181075, 0.05546919663539477, -0.11617796699735106, 0.5804088472845982, 0.7267025996447524, 0.5345667231687287, 0.44630560096726135, 0.34367601710875595, 0.05383067572401523]], "inverted": false, "swapped": true, "error_lsq": 0.036883914520868415, "error_max": 0.2120221183296415, "target": "486.xyz", "model": "8.xyz", "model_rescale": 4.121658175737393, "target_rescale": 4.204289478617088},
{"mapping": [2, 0, 12, 13, 1, 6, 5, 9, 10, 7, 3, 11, 14], "R": [[0.4341631710727284, -0.17849238388171357, -0.8829738443353211], [-0.5860657954839977, -0.8003463906407794, -0.12638250809342993], [-0.6841266141934413, 0.572351398953912, -0.45208920786468487]], "T": [-0.11334137007378936, -0.011636347814113244, -0.0029002754206383166], "aligned_model": [[-0.5848460205107819, -0.015954627127506366, 0.42398759967921823, 0.1390232821319023, -0.6990492754295186, -0.5106837634873059, 0.09923734191434719, 0.33473931694349, 0.6171092187446432, -0.24255169381421912, -0.3268167119717048, 0.2788008486855573, -0.03625801932292427], [0.3906501371536987, -0.4292600619331458, 0.09229217933436923, 0.5878477937161888, -0.4440043517045648, 0.029404290035215382, -0.7723343516939584, -0.16648673627001423, 0.05108405127052, -0.6428146738694158, 0.6431392040167895, 0.4881039954948537, -0.03723403613882668], [-0.2924214956471647, -0.6014770166654638, -0.6663010661314231, -0.43551727535475054, -0.1495566356873153, 0.3714533800404754, -0.1053119762666313, 0.5720833808475005, -0.035604560884428545, 0.4238038945248409, 0.16259982130044137, 0.20382386747812792, -0.0264988835951201]], "inverted": true, "swapped": true, "error_lsq": 0.043970207217455294, "error_max": 0.24853447384131058, "target": "486.xyz", "model": "9.xyz", "model_rescale": 3.833441315466971, "target_rescale": 4.204289478617088},
{"mapping": [8, 13, 0, 1, 10, 9, 5, 2, 4, 3, 7, 6, 11, 12, 14], "R": [[0.5156145029034311, 0.5749035779365392, 0.635316897675021], [-0.8453691859019217, 0.22051768864337448, 0.4865417644179231], [0.13961598734804592, -0.7879453185793728, 0.5997078880635813]], "T": [-0.01138161598971826, 0.1394330924451944, 0.05665650051033996], "aligned_model": [[-0.7402967548110959, 0.08628830308189367, 0.22720567386757723, 0.5928180799226335, -0.5051947315111193, -0.5470180827690064, 0.4877343664939196, -0.06875361897141069, 0.5550873162092003, -0.036996500884380876, -0.4087064132039952, 0.44970748312102565, -0.5569777660311794, 0.06055385962355225, -0.051448609119691874], [-0.02328379349538079, -0.2881456057656566, 0.30200831001251827, 0.49657780252136896, 0.485905845277108, -0.4535797956140527, -0.2414938708378481, -0.559318728240884, -0.16826885560150448, -0.5235125876798685, 0.0893416015639894, 0.4129964175292651, 0.5026893577202646, 0.7354473199031049, 0.06321494030168842], [-0.1664248698538242, -0.6091689910109095, -0.5601646773484901, -0.17355930354718338, -0.5017872137563649, 0.19572273143843297, -0.1947656268777702, -0.10178781554231522, 0.5260657463842602, 0.6171640853144913, 0.5891391996112102, 0.47353720034556257, 0.24561895138858608, 0.10776799947892171, 0.0966849273090857]], "inverted": true, "swapped": false, "error_lsq": 0.0431641073977429, "error_max": 0.24039230342724105, "target": "486.xyz", "model": "10.xyz", "model_rescale": 4.2482417240324, "target_rescale": 4.204289478617088},
{"mapping": [1, 7, 8, 9, 4, 13, 2, 10, 5, 12, 0, 14], "R": [[-0.27418071437585384, -0.001980216453188438, -0.9616761485069415], [0.21330201168543617, -0.9752149129852181, -0.05880582711075043], [-0.9377244732197686, -0.22125088075312138, 0.26780750566531103]], "T": [0.010026101038409375, -0.004668861468270592, 0.10076016431932744], "aligned_model": [[-0.6316184814341111, 0.001579131874242667, 0.5403631511209791, 0.6505602433600913, -0.4617877101567671, 0.0957627867473538, -0.4000622541164538, 0.5410678755767919, -0.11420965038342715, 0.019906289655271477, -0.40920286541287954, 0.04440708553191539], [-0.37854597397106005, -0.7533586128022225, -0.2536265397736196, -0.3541203230365955, 0.5528082899672853, 0.7662527615148447, 0.30795077577787044, 0.29178967685316504, -0.37184832244625576, 0.6848797767413389, 0.15504131634019067, 0.018908564885697837], [0.09728687750135206, -0.0904207464730051, 0.6318624657450398, -0.05076817753884344, 0.007686733694201003, 0.19325715995669718, 0.5502822346422371, -0.3099324825659936, -0.5950013177074179, -0.41309704057610286, -0.48312988718704086, 0.02716647036323311]], "inverted": true, "swapped": true, "error_lsq": 0.050063177754456796, "error_max": 0.250103663447071, "target": "486.xyz", "model": "11.xyz", "model_rescale": 3.6694154284099745, "target_rescale": 4.204289478617088},
{"mapping": [5, 0, 4, 12, 10, 7, 9, 6, 13, 3, 2, 11, 1, 14], "R": [[0.16588912563839114, -0.5247628696465887, -0.8349279781126081], [0.19937719995320516, -0.811326898061664, 0.5495428978891986], [-0.9657792346772373, -0.2576287932703095, -0.029964558136811925]], "T": [-0.01809763606044782, -0.012039611717990006, 0.03574890428943548], "aligned_model": [[-0.1482328076733733, -0.08725670701321761, -0.019088398921968876, 0.535704820281069, 0.6694847459694125, -0.4206121805355856, 0.299241767298665, -0.3729017130553062, 0.4822547914774015, 0.06356748582686267, -0.26099621192792394, 0.5424851845486903, -0.7267826956182292, 0.04139676959931351], [-0.331269946896548, 0.27817594249136557, 0.696114038305021, 0.46304424377963954, -0.14065265249047554, -0.6338606156356905, -0.6857683554480278, -0.21007236318670242, 0.5688636388745456, 0.20479678674387605, 0.5397923121606654, -0.055737188447091995, 0.06098170956682092, -0.023420261681143657], [-0.6822317003083108, -0.6374374105264868, -0.16566891181328366, -0.4194679003239113, -0.1861759368609548, -0.18442946945489144, 0.06306982678347695, 0.4026318109631011, 0.1855003115256343, 0.7050812664667021, 0.35894450754365537, 0.39642635679680294, -0.1738633620226372, -0.023283929116481195]], "inverted": true, "swapped": true, "error_lsq": 0.04246809817440961, "error_max": 0.22825025681753916, "target": "486.xyz", "model": "12.xyz", "model_rescale": 3.9764082729961374, "target_rescale": 4.204289478617088},
{"mapping": [9, 6, 13, 11, 12, 0, 14, 4, 3, 7, 2, 8, 1, 10, 15], "R": [[0.2655141327801669, -0.5895994734898063, -0.7628071225116734], [0.2529601406136469, 0.806089818426486, -0.5350050204342748], [0.9303297332423165, -0.05090840293800236, 0.3631734048021442]], "T": [-0.1047066848125375, 0.020907597848691402, -0.05740242950610061], "aligned_model": [[-0.7045901528261038, 0.17382065416868023, 0.1443813913680935, 0.5567918882661054, -0.3839055580684575, -0.6047381713085033, 0.6414057436692311, -0.14946258233045992, 0.5954634488675181, -0.07369415848075436, -0.3855133782266682, 0.19643367276814896, -0.4333860686228025, 0.011679323155081939, -0.04068344738118798], [0.01179440194045498, -0.3812308400785734, 0.2577255191402238, 0.4569582110836621, 0.485136186399444, -0.3699642298953889, -0.060855307509289074, -0.695776115514025, -0.14023365589766912, -0.4492604265569336, 0.12313272804171882, 0.351920113818317, 0.4979000540778006, 0.8057192216670135, -0.06238750312264351], [-0.09684734022949607, -0.6442294942199673, -0.5637155230032851, -0.004259233688237857, -0.39467582260592515, 0.29515346718391056, -0.33206424146314883, -0.04239954920861472, 0.3810479411826643, 0.5333715974788559, 0.6821630764478752, 0.48977033658901803, 0.20292551294269093, 0.07171732586570498, -0.033915709938351885]], "inverted": true, "swapped": false, "error_lsq": 0.04637429882753061, "error_max": 0.31066653937695027, "target": "486.xyz", "model": "13.xyz", "model_rescale": 4.170626492500431, "target_rescale": 4.204289478617088},
{"mapping": [11, 3, 9, 6, 10, 5, 7, 13, 12, 2, 4, 1, 0, 14], "R": [[0.43195373206703647, -0.8448296776837743, -0.3157194784267976], [0.8486019055923557, 0.4992647621291689, -0.17495571760056017], [0.30543539280571497, -0.19234737586157657, 0.9325833516746822]], "T": [-0.10868441714752479, -0.012761960022676131, 0.04615899417308579], "aligned_model": [[0.2330988802244986, -0.04263335344353748, -0.26972397578354207, -0.5730965799746642, 0.391924953455751, -0.26446500240892795, -0.7521153512595827, 0.5998368596214537, 0.6931468365214342, -0.029205284121036526, 0.35233914602415034, -0.5769534816611667, 0.13897827208910035, -0.057948897192286616], [-0.32441979216695044, -0.7138698045821217, 0.19305487351785194, -0.3017794127769039, 0.25629199441338113, 0.7670107347720807, 0.3913075616625246, -0.3344055833684348, 0.27250858982313486, -0.5067740640116047, -0.05798243332054641, 0.14303279840299402, 0.5239390093221868, 0.048159996238073544], [-0.43582064753591365, -0.029854650453139175, -0.6517427477963444, 0.02388286485410536, -0.41812724202258217, 0.09117312612764852, -0.09484558151408241, 0.11522130073667468, 0.16989873571601255, 0.5126444675360993, 0.6184037785886003, 0.6010968336269155, 0.4852525164663471, 0.0166903467905249]], "inverted": true, "swapped": true, "error_lsq": 0.04323280696405537, "error_max": 0.3107181310432206, "target": "486.xyz", "model": "14.xyz", "model_rescale": 3.9786697098870705, "target_rescale": 4.204289478617088},
{"mapping": [13, 10, 2, 3, 0, 1, 9, 7, 6, 8, 5, 14], "R": [[-0.6264844303978896, -0.1098555050276771, 0.7716534367733651], [0.6546378613101425, 0.4631796747999454, 0.5974226806805207], [-0.42304435820409475, 0.8794295633348532, -0.21825928187445945]], "T": [0.04921649726156414, 0.003597559524773964, -0.08551330722670797], "aligned_model": [[0.02063062407353932, -0.6109580673250873, 0.6284377763917665, 0.4854588475637064, -0.2011362718762521, 0.43904364039687677, -0.41484605624086546, -0.04862377295285206, 0.4412171905263175, 0.19943892162006982, -0.4229984437091014, -0.032309791700781354], [-0.3802500282202406, -0.2717421320344573, -0.04544701439423905, -0.5451405849275153, 0.5894866683008835, 0.619737545448428, -0.2743314009781365, 0.3762809865779814, -0.07046492545871899, -0.6058156648472712, 0.6119606370255686, 0.010400403732156376], [-0.7652709842687742, -0.24958365792761916, -0.44616678066734977, -0.18686461464059098, -0.45462752079494606, 0.055590361797305976, 0.4270904278444228, 0.5843315855777287, 0.2893949158276581, 0.39548119589934677, 0.11757961196378969, -0.10698804673714221]], "inverted": true, "swapped": true, "error_lsq": 0.0522801451345361, "error_max": 0.24354213790429252, "target": "486.xyz", "model": "15.xyz", "model_rescale": 3.769337070930944, "target_rescale": 4.204289478617088},
{"mapping": [6, 11, 1, 2, 7, 9, 5, 10, 0, 4, 14], "R": [[0.5890720035213893, 0.6431491141908645, -0.4892375615003443], [0.33347889847970336, 0.3579918024230886, 0.8721431612221886], [0.7360611380422555, -0.6769055224426634, -0.0035937098609642257]], "T": [-0.10571365900145563, -0.008443070749460858, -0.04703916646885855], "aligned_model": [[-0.2963864516529405, -0.24139546881208993, -0.12351654134177936, -0.7508748104109091, 0.4035182084690376, 0.3817146373949344, 0.6041513328829784, 0.25663839062418375, 0.1719010360954144, -0.43760927754919204, -0.045514925008466905], [0.08479514289622997, -0.6609560407769758, 0.7124974020435366, 0.1991726383719857, 0.2762178592074954, -0.46563171143861803, 0.338280412144678, -0.5353521573359401, 0.42167212095442735, 0.26192566038573456, -0.036556828827211604], [-0.5516741757323896, -0.0015631051433718374, -0.22432938407960198, 0.04589303662001835, -0.5538023219966612, -0.3768168985176004, 0.05402436837015214, 0.3130015090928449, 0.4822233982259583, 0.5519581272718642, 0.0053030531125641545]], "inverted": true, "swapped": true, "error_lsq": 0.036568020178239104, "error_max": 0.1895458624281434, "target": "486.xyz", "model": "16.xyz", "model_rescale": 3.7852294659196426, "target_rescale": 4.204289478617088},
{"mapping": [9, 13, 2, 11, 10, 12, 0, 4, 6, 7, 5, 1, 14], "R": [[0.6640762117477552, -0.5368622580045708, -0.520366890684817], [-0.7280213758292513, -0.6228032700167168, -0.2865326564148817], [-0.1702576322119942, 0.5691177407063658, -0.8044360359201017]], "T": [0.1099006299383685, 0.0016364020228475662, -0.026397798506541906], "aligned_model": [[0.05097965780591149, -0.39439298842954684, 0.31254114959601287, -0.16520673279824835, -0.5301947614713918, -0.7036099448927403, -0.24293536190992535, -0.18716657243154758, 0.6377785569366903, 0.5105549236167332, -0.04251324043643673, 0.5727601233736488, 0.03517104125712309], [-0.026944474260799406, -0.4695091658888242, -0.2839252384414973, -0.5536905467336926, -0.08491667296860983, 0.0557586213192185, 0.5607265756681369, 0.034211727072498435, -0.12021111636746051, 0.4989319653156433, 0.7504706626398148, 0.48521707357945776, 0.028936212768988338], [-0.7687404433897002, 0.3395754553957048, 0.5612797981577491, -0.2757544119623549, -0.3747481057544853, 0.24727262302850544, 0.29781324394150077, 0.6464629863290513, -0.10516357385242252, -0.4615197301283948, -0.2508005182117566, 0.29518384373189865, -0.05510647014212191]], "inverted": false, "swapped": true, "error_lsq": 0.04239021918867133, "error_max": 0.316673134328024, "target": "486.xyz", "model": "17.xyz", "model_rescale": 3.901054581598922, "target_rescale": 4.204289478617088},
{"mapping": [4, 10, 11, 12, 6, 8, 9, 5, 13, 2, 0, 3, 1, 7, 14], "R": [[0.3039549190723898, 0.9024351030656189, 0.3053232580833678], [0.9218818144985513, -0.19777388891589548, -0.33319575171352606], [-0.240302574411003, 0.3827484469178534, -0.8920528566813827]], "T": [-0.07127819020839642, 0.026136262869836592, 0.021962974086653472], "aligned_model": [[-0.7487352529655388, -0.14748243199705824, 0.2880619036767942, 0.5462689796200461, -0.29150302415078605, -0.519270888231342, 0.41717092572241204, 0.10202183305625558, 0.5367501364677693, 0.013769513392300273, -0.27719157652043697, 0.3351737221418183, -0.6366026338091397, -0.05284952342037047, -0.02157907796480151], [-0.16772493742834424, -0.2805153392081464, 0.3976305845384689, 0.43900792331306426, 0.6033507649619423, -0.4250150477892338, -0.26962580746409137, -0.5725957745370515, -0.261242520847987, -0.3857372478607827, 0.35523025595210195, 0.2656507728485687, 0.4109474835680783, 0.6816911091336291, 0.03952613841389631], [-0.33726360211452605, -0.7347479724479412, -0.5859824632851728, 0.03411160022066798, -0.4047104213339539, 0.21218203083070714, -0.30687114858387177, 0.061625252320360716, 0.29622049345271406, 0.7339076357414697, 0.6737308311908248, 0.6226588471948981, 0.15617976635973446, 0.11986727214202718, 0.0031342216457551086]], "inverted": false, "swapped": false, "error_lsq": 0.040756211588676684, "error_max": 0.24333566873473697, "target": "486.xyz", "model": "18.xyz", "model_rescale": 3.9405287249114394, "target_rescale": 4.204289478617088},
{"mapping": [8, 0, 1, 3, 6, 7, 12, 4, 14, 13, 11, 10, 5, 2, 15], "R": [[0.02788558989895959, -0.6845262137615714, 0.7284547045281777], [0.8438288612742534, -0.374553555443875, -0.3842687692032094], [0.5358873452103385, 0.6254066651208634, 0.5671783286284977]], "T": [-0.016206164066562986, -0.05467013962411322, 0.05890587895197494], "aligned_model": [[-0.6936950837353064, -0.2038374061907094, 0.227412649157614, 0.7495784265803835, -0.3695748004975434, -0.5263462662550419, 0.445787763479537, -0.07699897159551577, 0.5539644512462304, 0.057732537755263894, -0.11865386599168314, 0.2951934861524846, -0.6563502211555414, -0.12499846658205445, -0.015211627350195909], [0.0074113594715009765, -0.14868812209800292, 0.2618504080837491, 0.29411749043473173, 0.41555067883470315, -0.533671138241668, -0.3203044030900359, -0.6687657316422607, -0.03545176773346654, -0.4317457359116586, 0.17656429031263948, 0.5601187067030838, 0.46271301433830275, 0.8063527579466793, -0.015473449814185615], [-0.27189135007523, -0.5957920620150337, -0.46643595328813614, -0.07281255073646267, -0.40186135541593293, 0.13598161056612373, -0.06813392265696408, -0.33333877306090753, 0.5826186682667759, 0.6099747570690957, 0.7336267906494731, 0.437018255397993, 0.17634906065459002, 0.012763839712026631, 0.065975328266282]], "inverted": false, "swapped": false, "error_lsq": 0.04693993650676121, "error_max": 0.3525173815047735, "target": "486.xyz", "model": "19.xyz", "model_rescale": 4.410303926677745, "target_rescale": 4.204289478617088},
{"mapping": [8, 9, 11, 6, 13, 7, 2, 10, 5, 0, 1, 4, 12, 14], "R": [[-0.5849362952411327, 0.34005898931637135, 0.736348704279913], [0.07597609883372114, 0.9268437651145328, -0.36767957173920557], [-0.8075129490699126, -0.15912422459652403, -0.5679809136150334]], "T": [-0.06594491201814875, -0.02181590862638899, 0.03349453380823673], "aligned_model": [[-0.25558789389297876, 0.2123137448308892, 0.2694656974745282, -0.5464401523781508, 0.30428840506869015, -0.31651676359313596, -0.4360223983451942, 0.6487889022856439, 0.14892903072758248, 0.1754280482770466, -0.6023360426739058, 0.016275484318516692, 0.6285673352363086, 0.014034492125032327], [-0.21387963605054516, -0.5932126242156404, 0.13926785874189107, -0.15643734655821384, 0.6521299515325214, -0.7390693227362504, 0.5531043959727906, -0.09472131753121907, -0.5594526268767981, 0.03640376977418991, -0.13457736123498573, 0.5822358603080449, 0.37951233039726745, -0.04035546534185032], [-0.7097779807452899, -0.3556571887379746, -0.5213050197707924, -0.1916884214888094, -0.10416770050007843, 0.17462965643181075, 0.05546919663539477, -0.11617796699735106, 0.5804088472845982, 0.7267025996447524, 0.5345667231687287, 0.44630560096726135, 0.34367601710875595, 0.05383067572401523]], "inverted": false, "swapped": true, "error_lsq": 0.036883914520868415, "error_max": 0.2120221183296415, "target": "486.xyz", "model": "20.xyz", "model_rescale": 4.121658175737393, "target_rescale": 4.204289478617088},
{"mapping": [4, 0, 1, 2, 6, 12, 5, 11, 10, 9, 7, 8, 14], "R": [[0.8514234644097448, 0.12212936538199748, -0.5100612731465688], [-0.04728801787319593, -0.950674098476867, -0.3065658197692961], [-0.5223427300328132, 0.2851371189385675, -0.803650978836759]], "T": [0.15435610192638227, -0.05215643560103881, 0.025114697523091242], "aligned_model": [[0.134424551779362, -0.31446170498828613, 0.3503916211561138, 0.6632094362853252, 0.5989338718065531, -0.4063073567552439, -0.4491081659676113, 0.16562903539808865, -0.4045480497426436, -0.12359917911569074, 0.04186134342288615, 0.5521109833073796, 0.07254651807806145], [-0.4112601449243054, 0.029094409123437324, 0.49673271485054044, -0.29506078385174683, 0.22041142191172028, -0.6112988903937197, 0.4497217177106501, -0.553100868105817, -0.4229285587627489, 0.10239885530726256, 0.6835177317420192, -0.07525233637664444, -0.07214836406746447], [0.6675312053702646, 0.5870720122782382, 0.48532628463053457, 0.4124638295030269, -0.14150865166614401, 0.3607340815794167, 0.1603497335570293, -0.41667529583880586, -0.2727370498068711, -0.6488398066174853, -0.18293886410294619, -0.657940644716549, 0.01727290531208061]], "inverted": false, "swapped": true, "error_lsq": 0.057108064700924874, "error_max": 0.41140421317943116, "target": "486.xyz", "model": "21.xyz", "model_rescale": 4.08911054899281, "target_rescale": 4.204289478617088},
{"mapping": [5, 11, 14, 3, 9, 8, 2, 1, 4, 0, 7, 13, 10, 12, 16], "R": [[-0.3034876760325341, 0.8129709855770744, -0.4969641909697442], [-0.9250330663753032, -0.37645662877404606, -0.050933611342452584], [-0.22849301216596446, 0.4442505861131989, 0.8662749910561911]], "T": [-0.05802755620876987, 0.002335527383717416, 0.0010733330658221352], "aligned_model": [[-0.7049060895639708, -0.3441080866083968, 0.25799881751780124, 0.7028033529839303, -0.37517861683220116, -0.5203311877633858, 0.5622086369878855, 0.062341087118975735, 0.53708515200783, 0.07980066453689899, -0.23722063874112326, 0.28094239917923103, -0.6903539819341755, -0.03152109140331109, -0.03555781246806631], [0.0932779044540171, -0.42346317800962435, 0.4399098903221463, 0.4207512495123183, 0.49875770446323175, -0.5132588893699246, -0.33442675094643903, -0.7768610476356796, -0.10503217016097899, -0.3670151073965298, 0.30479806217251487, 0.39392281694582865, 0.46115184049378904, 0.735366402068147, 0.002699630681295837], [-0.26539749288928227, -0.5670344233238171, -0.3460269319230213, 0.019605315881716323, -0.39958592167763995, -0.03356433030743275, -0.15108468320692067, -0.09037320020645875, 0.3483559671130975, 0.6679038125227723, 0.619298568907196, 0.4115471203237834, 0.20302949506230736, 0.0843358703619079, 0.04303317669548539]], "inverted": true, "swapped": false, "error_lsq": 0.032350593535125045, "error_max": 0.2610451462932608, "target": "486.xyz", "model": "22.xyz", "model_rescale": 4.204369325754507, "target_rescale": 4.204289478617088},
{"mapping": [8, 0, 1, 3, 6, 7, 12, 4, 14, 13, 11, 10, 5, 2, 15], "R": [[0.02788558989895959, -0.6845262137615714, 0.7284547045281777], [0.8438288612742534, -0.374553555443875, -0.3842687692032094], [0.5358873452103385, 0.6254066651208634, 0.5671783286284977]], "T": [-0.016206164066562986, -0.05467013962411322, 0.05890587895197494], "aligned_model": [[-0.6936950837353064, -0.2038374061907094, 0.227412649157614, 0.7495784265803835, -0.3695748004975434, -0.5263462662550419, 0.445787763479537, -0.07699897159551577, 0.5539644512462304, 0.057732537755263894, -0.11865386599168314, 0.2951934861524846, -0.6563502211555414, -0.12499846658205445, -0.015211627350195909], [0.0074113594715009765, -0.14868812209800292, 0.2618504080837491, 0.29411749043473173, 0.41555067883470315, -0.533671138241668, -0.3203044030900359, -0.6687657316422607, -0.03545176773346654, -0.4317457359116586, 0.17656429031263948, 0.5601187067030838, 0.46271301433830275, 0.8063527579466793, -0.015473449814185615], [-0.27189135007523, -0.5957920620150337, -0.46643595328813614, -0.07281255073646267, -0.40186135541593293, 0.13598161056612373, -0.06813392265696408, -0.33333877306090753, 0.5826186682667759, 0.6099747570690957, 0.7336267906494731, 0.437018255397993, 0.17634906065459002, 0.012763839712026631, 0.065975328266282]], "inverted": false, "swapped": false, "error_lsq": 0.04693993650676121, "error_max": 0.3525173815047735, "target": "486.xyz", "model": "23.xyz", "model_rescale": 4.410303926677745, "target_rescale": 4.204289478617088},
{"mapping": [10, 4, 15, 6, 9, 3, 5, 2, 12, 0, 7, 13, 11, 14, 16], "R": [[-0.8236099299006621, 0.5175552251197773, 0.2319553239747762], [0.5259755132760433, 0.5440105959686434, 0.6537600713624565], [0.21217078687470003, 0.6604461071314285, -0.7202739039920247]], "T": [-0.10964514958051194, 0.13220807892219705, 0.034430072077643065], "aligned_model": [[-0.6803810577265575, -0.15351362742981933, 0.2370269281966043, 0.6023788449439162, -0.3469539421820397, -0.5201859785004748, 0.38348322964431003, 0.029745351982255225, 0.5282530073952431, 0.03766443240622602, -0.19882957115264158, 0.2970312164896689, -0.544717556564395, 0.04373531856540047, -0.17073399104977466], [0.059067878118610875, -0.3833743533927286, 0.44800753277048766, 0.39847305422407653, 0.5109609959152179, -0.66823007936887, -0.175934277948874, -0.767672397596924, -0.14949319026221458, -0.47020243396375344, 0.1470493546723381, 0.5004433069833141, 0.5613222163407481, 0.7891988310393745, 0.03096192006330957], [-0.2700284315886772, -0.4195905057936251, -0.5035321629106205, 0.03921378494152106, -0.40448990747633773, 0.03198729182232948, -0.20530879196607876, -0.026227715816240588, 0.4343127686906928, 0.4654605490807734, 0.6930322070310994, 0.4739795845604421, 0.19964067815227135, -0.020228629320046404, 0.055821623926189945]], "inverted": false, "swapped": false, "error_lsq": 0.03472360599354039, "error_max": 0.2257324150850059, "target": "486.xyz", "model": "24.xyz", "model_rescale": 4.28219845311461, "target_rescale": 4.204289478617088},
{"mapping": [9, 5, 1, 0, 3, 12, 8, 11, 6, 14, 13, 2, 7, 4, 15], "R": [[0.7075980659398396, -0.5302986237792452, 0.466999300530565], [-0.48877994064653263, 0.10994807580978774, 0.8654510906153491], [-0.5102931967994189, -0.8406514082802478, -0.18140028405894476]], "T": [-0.06671778466448142, 0.03634248624634243, 0.05267184621474311], "aligned_model": [[-0.6611757925552337, -0.04678281117306944, 0.21952280914396166, 0.587950992837493, -0.26307847337328927, -0.5384069597802367, 0.42693210596266146, -0.20526580356999302, 0.8006333884180297, 0.13470952263539218, -0.41005937566803086, 0.22410670605308963, -0.6904372614714961, -0.023829629070587555, -0.010816813370768827], [-0.07452498697407908, -0.3291445994837383, 0.2650269157366001, 0.5134778589327292, 0.5281132794849009, -0.44315514554009355, -0.2597163015590419, -0.488042469090249, -0.12904119246636622, -0.4598395543830446, 0.14457969951494778, 0.21514686897004773, 0.4991803914686782, 0.7649489035438491, 0.08356868943897197], [-0.2493244519664546, -0.7162900955681847, -0.47234925146760376, 0.1491332370988636, -0.5127035261770387, 0.4160053616283941, -0.3354068011955985, 0.004693347670151962, 0.23308059414251137, 0.5943129149359107, 0.5252368835249553, 0.6461616377912953, 0.10064156052709824, 0.09673847540687976, 0.06411245698251311]], "inverted": true, "swapped": false, "error_lsq": 0.04827422089384478, "error_max": 0.3835272972841711, "target": "486.xyz", "model": "25.xyz", "model_rescale": 4.100010024507729, "target_rescale": 4.204289478617088},
{"mapping": [1, 7, 8, 9, 4, 13, 2, 10, 5, 12, 0, 14], "R": [[-0.27418071437585384, -0.001980216453188438, -0.9616761485069415], [0.21330201168543617, -0.9752149129852181, -0.05880582711075043], [-0.9377244732197686, -0.22125088075312138, 0.26780750566531103]], "T": [0.010026101038409375, -0.004668861468270592, 0.10076016431932744], "aligned_model": [[-0.6316184814341111, 0.001579131874242667, 0.5403631511209791, 0.6505602433600913, -0.4617877101567671, 0.0957627867473538, -0.4000622541164538, 0.5410678755767919, -0.11420965038342715, 0.019906289655271477, -0.40920286541287954, 0.04440708553191539], [-0.37854597397106005, -0.7533586128022225, -0.2536265397736196, -0.3541203230365955, 0.5528082899672853, 0.7662527615148447, 0.30795077577787044, 0.29178967685316504, -0.37184832244625576, 0.6848797767413389, 0.15504131634019067, 0.018908564885697837], [0.09728687750135206, -0.0904207464730051, 0.6318624657450398, -0.05076817753884344, 0.007686733694201003, 0.19325715995669718, 0.5502822346422371, -0.3099324825659936, -0.5950013177074179, -0.41309704057610286, -0.48312988718704086, 0.02716647036323311]], "inverted": true, "swapped": true, "error_lsq": 0.050063177754456796, "error_max": 0.250103663447071, "target": "486.xyz", "model": "26.xyz", "model_rescale": 3.6694154284099745, "target_rescale": 4.204289478617088},
