[{"mapping": [5, 4, 2, 1, 6, 3, 12, 10, 8, 11, 9, 13], "R": [[-0.6007109900916517, 0.43811714075382713, -0.6687298986592409], [0.7989852506814972, 0.35801084510637116, -0.48316746991043064], [0.02772860574447411, -0.824549334948439, -0.5651101827604545]], "T": [-0.09508287682041791, 0.010024429385390901, 0.07187287061980549], "aligned_model": [[-0.2347137440149301, 0.12939038587645066, 0.3790871537063636, -0.26565621657444793, -0.07287390710053082, -0.5372868470836829, 0.2511603157176022, -0.36803509642021925, 0.7650473856393769, 0.28272414889577757, -0.3523375066779425, -0.13886360950326831], [-0.43634108231766444, -0.5675755335762197, -0.14587340528339426, 0.6347291109336909, 0.2851488211151204, -0.5143872880308318, -0.2541408087823764, -0.6030695338982376, 0.0791950499222888, 0.4759980198811327, 0.060724558518205275, 0.03914712749534371], [-0.5378162415196852, -0.02940382809006653, -0.5432664160934949, -0.01646325721710344, -0.7535807843023639, 0.03159840202668765, 0.5374058550298704, 0.6173533597793761, 0.0788333147673416, 0.38294852768579113, 0.4781609495243486, -0.06381813623713883]], "inverted": true, "swapped": true, "error_lsq": 0.04747300382707504, "error_max": 0.2592339658290037, "target": "487.xyz", "model": "0.xyz", "model_rescale": 3.751011558992144, "target_rescale": 3.8161001060587934},
{"mapping": [12, 7, 10, 13, 5, 9, 11, 6, 4, 3, 2, 1, 8, 14], "R": [[-0.900518576048657, -0.13982907763599142, 0.4117209288325857], [-0.42071134108967834, 0.5194224816106118, -0.7437756738936803], [-0.10985564013660652, -0.8429994748782124, -0.5265772722832184]], "T": [0.05792603741918026, -0.06279115171754522, 0.036316311242531374], "aligned_model": [[-0.5018617772358785, -0.5831640191514706, 0.5216528371218502, 0.10519930352693994, 0.5649299565021957, 0.26913668134642316, -0.2654334084951858, -0.3368864663585971, 0.4992790565812304, -0.40137512149788634, 0.2761232333716973, -0.17610564025077477, 0.5658303515954266, 0.03556485839881317], [-0.08105052214200718, -0.1255109484157837, -0.7260315474228549, 0.3403672432759817, 0.14047963775381794, -0.2522174167494411, -0.6977783431425443, -0.6390213844012129, -0.4388857817681578, 0.5040171695851637, 0.7327508818879944, -0.09122129538001748, 0.1790115387823334, -0.07852650320417956], [-0.4518222982042393, 0.1936274369317701, -0.09605959619928667, -0.5659550106368414, -0.2665269802099492, -0.5584083101934734, -0.32279498681257274, 0.3116480222243751, 0.5742143607216534, -0.18990628230687434, -0.02061310499661323, 0.6921413261772726, 0.3884283937504305, -0.011183044856037563]], "inverted": false, "swapped": false, "error_lsq": 0.042193397611558325, "error_max": 0.34287008689922543, "target": "487.xyz", "model": "1.xyz", "model_rescale": 3.9405287249114394, "target_rescale": 3.8161001060587934},
{"mapping": [0, 3, 9, 2, 4, 1, 6, 5, 8, 11, 8, 7, 13], "R": [[-0.8154153763272154, 0.16158724117949108, 0.5558662856633299], [0.5280787039996049, -0.1857146162802064, 0.8286392240788467], [0.2371300200970839, 0.96922631247191, 0.06610377281865171]], "T": [-0.08881747976397897, 0.016391417150551355, -0.18970107384242943], "aligned_model": [[-0.3526045123178205, 0.29874289856840325, -0.3720720887955406, 0.42427129453324613, 0.4992073261364887, -0.6181629774941597, 0.06609754991380404, 0.556214007884172, 0.01074772177827038, -0.5654243320255296, 0.01074772177827038, -0.4033542890528886, -0.05842704162278456], [0.7072725684977254, 0.47335486028450613, 0.13711677034552985, -0.2435079933120795, -0.14108308768718375, 0.17737610021776024, 0.23091821369112642, 0.3526880014506395, -0.8082742897752375, -0.4579692101390947, -0.8082742897752375, -0.2583538139891811, 0.09756876376274377], [-0.131344842095262, -0.526086861720732, -0.5625450979268785, 0.3550281257546557, -0.3436346327320654, 0.15819510422649222, 0.6394792399802102, 0.057884769661130736, 0.04411580619360675, -0.12287664871391907, 0.04411580619360675, 0.5735992814987275, -0.07280970073092828]], "inverted": true, "swapped": true, "error_lsq": 0.060294114840887196, "error_max": 0.35396840161853, "target": "487.xyz", "model": "2.xyz", "model_rescale": 3.932901565614263, "target_rescale": 3.8161001060587934},
{"mapping": [8, 3, 6, 9, 5, 12, 10, 1, 2, 7, 7, 0, 4, 13], "R": [[0.006636082464524795, -0.9999637831952943, -0.005328668433906739], [-0.977705639926697, -0.007606591167097665, 0.2098423728095559], [-0.20987530599156262, 0.0038173378906142252, -0.9777207085187348]], "T": [-0.10904519389119094, -0.14122045357752364, -0.03542379190084337], "aligned_model": [[-0.627751674533051, -0.5628007072364546, 0.4739879900427574, 0.043369016237062574, 0.5309396629559477, 0.3280101009756449, -0.03257517149125157, -0.2513642203502936, 0.3615119141505323, 0.011044716309971503, 0.011044716309971503, -0.17820950158134047, 0.4924823760266027, -0.026799372361316076], [0.20793142575901472, 0.0018337844987295626, -0.49636819655339504, 0.25122978311651134, 0.06072883183475042, -0.3692372777762286, -0.7713524047787021, -0.7294466844126442, -0.44167989794287243, 0.5625533633686826, 0.5625533633686826, -0.07430277823386117, 0.18247736641145476, -0.18053795000103018], [-0.4199017205623048, 0.14985140114565687, -0.06061600841201487, -0.6375414379291104, -0.29317474686025013, -0.6186225635651319, -0.3674350869659073, 0.39178086277580476, 0.5830420386357964, -0.040258602754110376, -0.040258602754110376, 0.6276664375637064, 0.5091959915269643, -0.10693803645537389]], "inverted": false, "swapped": false, "error_lsq": 0.049593722308550685, "error_max": 0.39750001346862135, "target": "487.xyz", "model": "3.xyz", "model_rescale": 3.9243930471874484, "target_rescale": 3.8161001060587934},
{"mapping": [3, 0, 5, 4, 2, 9, 12, 6, 7, 1, 8, 11, 13], "R": [[-0.6765189182893757, 0.655813936731642, 0.3350078112300051], [0.6143826189800452, 0.753435845459525, -0.23424009962410675], [-0.4060248153645213, 0.04735511762456682, -0.912634287183519]], "T": [-0.09828094768825359, -0.16916587875283234, -0.09813596893275939], "aligned_model": [[-0.030601808779765968, -0.43102706797983886, 0.501410327619866, 0.3530782698689868, 0.6579610688190662, -0.5470566209982647, -0.16073369450057345, 0.4016220698188947, 0.07127994428248317, -0.4043634801441063, 0.2681534482645904, -0.3716634888918552, -0.03085308106813059], [-0.6604270037418081, 0.008809853380486843, -0.2879553353647842, -0.5996716506076247, 0.04065238030990037, -0.34683737573585505, -0.5789064289396992, 0.4633306709407771, 0.6504886987569389, 0.39830877348950616, -0.010797288933515004, 0.13568034915842275, -0.0848460890311589], [-0.5737997942670563, -0.7368146610907131, -0.5636670655203244, -0.025979405084231577, 0.0096230464448855, -0.12735385629852053, 0.38622021917373667, -0.4261687316226588, 0.13947980574766064, -0.2050961355943453, 0.6669145615217076, 0.4394218080851034, -0.19570947612427958]], "inverted": true, "swapped": true, "error_lsq": 0.04793608234541527, "error_max": 0.28429731401604064, "target": "487.xyz", "model": "4.xyz", "model_rescale": 3.8936222436046832, "target_rescale": 3.8161001060587934},
{"mapping": [7, 2, 11, 1, 12, 4, 5, 3, 0, 6, 9, 13], "R": [[-0.9411527521958508, -0.015763406558000796, -0.33761370239944727], [-0.07530003760086239, 0.9835843773860745, 0.16398681928544423], [0.32948657236901796, 0.1797589707795842, -0.9268901289002816]], "T": [-0.12032003439150674, 0.11494421328133445, -0.06100212790289682], "aligned_model": [[0.0476747777368208, -0.47555216901406727, -0.19486636633819215, 0.4005232176007958, -0.6316164560630692, -0.6217376672831729, -0.16784056225209287, -0.07813117778806608, 0.581787628866452, 0.1724955687331413, 0.03937328837018844, -0.04456204035364068], [-0.5331695185976939, -0.5828480779406602, 0.1591133642898104, -0.0354516941156143, 0.4659122263635398, 0.06381902804395496, -0.29116271249639436, 0.3520924867314992, 0.20168070664308455, -0.699397626573197, 0.5664457059490722, 0.0018890168124061912], [-0.6166747946262264, 0.05913838818135759, -0.7311733975284539, -0.4260471289051797, -0.20860295441779186, 0.3134755155424276, 0.5895966169775988, 0.5825464951851999, 0.162218443568111, 0.03209350096401629, -0.1278220016029736, -0.009463964062567297]], "inverted": false, "swapped": true, "error_lsq": 0.03920762296729833, "error_max": 0.2453535461080989, "target": "487.xyz", "model": "5.xyz", "model_rescale": 3.6523030999806103, "target_rescale": 3.8161001060587934},
{"mapping": [10, 3, 0, 9, 1, 4, 6, 12, 2, 8, 7, 11, 13], "R": [[0.6150943742459016, -0.6073862890598898, -0.5027333355100883], [0.7657933691552266, 0.6119874897232958, 0.19756474427403797], [0.18766839512536423, -0.5065108175392063, 0.8415624547155339]], "T": [0.11287363712995255, -0.05842687526147545, 0.09103305166957766], "aligned_model": [[0.31514826412097374, -0.058097277430625455, 0.33153401046752284, 0.541937784175487, 0.41601404853162516, -0.3341209789877094, -0.4135562855019119, 0.2460035424042022, -0.6030073382312062, -0.10331906519012193, 0.02023705120271635, 0.4900944183106043, 0.032214730792738094], [-0.7454907172011628, -0.2768857465725137, 0.4111846691218227, -0.17953414152836883, 0.5088734166461024, -0.4957216839201521, 0.6278966036639732, -0.6419122861883316, 0.039295352217799555, -0.2903893394664218, 0.5488098351409251, -0.02321712945940347, 0.05791807170891416], [0.5757642539123977, 0.7196972715996701, 0.6220306525378823, 0.27826936896568377, -0.024858037898287694, 0.14791886767494994, -0.005879406345473667, -0.1285342149392742, -0.23377841693148316, -0.7115323485258574, -0.5251875414486876, -0.4685224470837259, 0.12472173796399505]], "inverted": true, "swapped": true, "error_lsq": 0.05370867711793071, "error_max": 0.3048234416587481, "target": "487.xyz", "model": "6.xyz", "model_rescale": 4.08911054899281, "target_rescale": 3.8161001060587934},
{"mapping": [9, 1, 6, 8, 4, 3, 0, 2, 7, 11, 10, 13, 12, 14], "R": [[-0.26944275492745107, 0.8291562641648235, -0.4897963775012418], [-0.43647123808272903, 0.3482220573796271, 0.8295988531096397], [0.8584249880703819, 0.43731143176291787, 0.2680769507171992]], "T": [0.1157455679618852, -0.025247622012402243, 0.019238290554401915], "aligned_model": [[-0.44869875330060394, -0.5776273650502859, 0.2602681931852372, 0.18458312293104867, 0.6821391989162621, 0.1772612129361817, -0.23337862464630552, -0.11963905481421208, 0.5203930899806912, -0.2365013034090733, 0.321645516965809, -0.1606709243819062, 0.22951414386323132, -0.026398607721291018], [0.07466165907545555, -0.255764768020129, -0.4944019424894073, 0.3112466485858225, -0.04784665691617582, -0.41766945329288097, -0.8012316611773695, -0.7063362253012622, -0.429339615624584, 0.4327760692018986, 0.662552753932715, -0.009779634158494727, 0.4326342181778581, 0.014881336665645964], [-0.5155308667974648, 0.08281407224795895, -0.07104127983550187, -0.5699832044416817, -0.3997331024284483, -0.6653582095999921, -0.3815325319873472, 0.38097291306355424, 0.5410227366238715, 0.12252189454339334, -0.04249300095906129, 0.696917555740913, 0.5534693731137732, -0.055256423894351744]], "inverted": false, "swapped": false, "error_lsq": 0.043105874169581664, "error_max": 0.277832442183087, "target": "487.xyz", "model": "7.xyz", "model_rescale": 3.964800864290218, "target_rescale": 3.8161001060587934},
{"mapping": [3, 6, 7, 5, 8, 1, 2, 4, 12, 10, 10, 11, 9, 13], "R": [[-0.7122380007253328, 0.5214992496726417, -0.4698463183995939], [0.6685654752870761, 0.30005813113639246, -0.6804302485876872], [-0.21386265587275136, -0.7987513070598429, -0.5623691971412073]], "T": [-0.045016098274811296, -0.2015690593548051, -0.09858555959037174], "aligned_model": [[-0.5847825854314209, -0.5827201879839504, 0.5279787438189982, 0.16927478029387294, 0.6485752284388145, 0.2882279354972215, -0.14278939239850974, -0.3414030058416582, 0.42393726306259544, 0.002926821430841102, 0.002926821430841102, -0.22147834684100073, 0.3699616047559104, 0.012254165222227963], [0.10419840437852587, -0.16687386760819817, -0.616916802081113, 0.47267735727929117, 0.11505359252005584, -0.4685306327956108, -0.852993024575025, -0.6066841620232818, -0.4329261702525641, 0.6062718364386332, 0.6062718364386332, 0.005613283048551687, 0.14982339194138236, -0.14860231405018803], [-0.47424643480511464, 0.11630133800524911, -0.17615055496691842, -0.5441659810484099, -0.19727066097170315, -0.7156753613483885, -0.16711240284948037, 0.3944965325877088, 0.4466039206969493, 0.043641640835511225, 0.043641640835511225, 0.6844022285142083, 0.32352056207575264, -0.10119654217126149]], "inverted": true, "swapped": false, "error_lsq": 0.049098009114274026, "error_max": 0.41708107294605506, "target": "487.xyz", "model": "8.xyz", "model_rescale": 4.121658175737393, "target_rescale": 3.8161001060587934},
{"mapping": [9, 0, 1, 11, 3, 4, 6, 2, 7, 5, 12, 8, 13], "R": [[0.27708889466108927, 0.8549267800726809, -0.43854526011582173], [-0.22606030240247174, -0.38559958463794936, -0.8945444091853372], [-0.9338728415224413, 0.3470059956853755, 0.08641964374609706]], "T": [-0.16251738342094182, 0.049815351088512934, -0.118363492479302], "aligned_model": [[-0.4366071996901385, -0.2842190894670642, 0.25353899917699163, 0.23162185471498556, -0.7538535283754048, -0.4315068564231884, 0.4230070013719228, 0.23641212999723385, 0.7055445731434645, -0.28854074246577666, -0.39345056957343816, 0.31674473938177417, -0.10195381535616418], [0.24222197526394354, -0.42471416122632355, -0.04782447145549532, 0.570420909488072, -0.29251729524416686, 0.028310475941919024, -0.5809510316407004, -0.20263616687199432, 0.01329214061323903, -0.578003143954012, 0.5959016302951069, 0.5493893440704518, -0.08250276586833022], [-0.46718280720842215, -0.6754238575222604, -0.6128511327874515, -0.2923224349460808, -0.04553522581213765, 0.44860135329114315, 0.01146474372793263, 0.5177663442409277, -0.16505689198890172, 0.3063973965282174, 0.11583347634106889, 0.39679738929459807, -0.11741291919954479]], "inverted": true, "swapped": true, "error_lsq": 0.05018952773808282, "error_max": 0.25542656412871284, "target": "487.xyz", "model": "9.xyz", "model_rescale": 3.833441315466971, "target_rescale": 3.8161001060587934},
{"mapping": [13, 2, 11, 0, 12, 10, 8, 9, 7, 5, 1, 3, 6, 14], "R": [[0.7321526440084076, 0.14357865697091615, -0.6658360722684874], [-0.39352096166847295, -0.7087192050514799, -0.5855410669788406], [-0.5559620118308611, 0.6907258918367161, -0.46238942867171495]], "T": [0.12342546133834748, -0.029397829125063474, 0.010802762795138119], "aligned_model": [[-0.5429506510411208, -0.5761735281598772, 0.5521596022895416, 0.009701638967544612, 0.6848370571292683, 0.22834781751298955, -0.08936430833435122, -0.3400632831805463, 0.3109300305802286, -0.3453115666851612, 0.3320523698610395, -0.24979409707953015, 0.5266416032287995, 0.0718771603659579], [0.12158387436643944, -0.13743854240357092, -0.5547374770322131, 0.3165840710518294, 0.0981525660930557, -0.39183198588879276, -0.7291229786925538, -0.6411123216777248, -0.5062633673988786, 0.4578793559479074, 0.6379626381951115, -0.21187932084266817, 0.3897318644712785, -0.08312564753012758], [-0.40009131537524056, 0.13545713734721418, -0.06364434435620997, -0.5646851855400351, -0.1668710228401272, -0.719530671127749, -0.25876094277765105, 0.27327883758683136, 0.43666103934034906, 0.027588022223008133, -0.22734373122122825, 0.7735147111363939, 0.36148297454044165, 0.06973441645361711]], "inverted": false, "swapped": false, "error_lsq": 0.04198343994816513, "error_max": 0.25634981303044047, "target": "487.xyz", "model": "10.xyz", "model_rescale": 4.2482417240324, "target_rescale": 3.8161001060587934},
{"mapping": [11, 12, 4, 10, 6, 5, 2, 3, 9, 0, 1, 13], "R": [[-0.42087496043349554, -0.678453265070168, 0.6021340671276885], [0.31118852794626745, 0.5155203901001525, 0.7983736139587916], [-0.8520715743144696, 0.5233926771618176, -0.0058427509485374785]], "T": [-0.08353391713350343, -0.023889436750624056, -0.06856029585429663], "aligned_model": [[-0.5933470183959125, 0.08810320272148948, 0.297664106027243, 0.6851242457171649, -0.5041100526060568, 0.24077868611012399, -0.28750732014654634, 0.5621015554401518, 0.07166108040309684, 0.0029051013645839258, -0.569155474242113, -0.1174525100302185], [-0.4586766383217312, -0.6117066729609054, -0.07453500485790218, -0.39114173495705906, 0.6943457387400075, 0.5530182155461746, 0.2677147131662335, 0.20504923164362504, -0.2466503536771643, 0.4450014387538128, 0.16682262797786662, 0.1168898289976818], [-0.15624319766654254, 0.10864065479463322, 0.42781660343698946, -0.21764572169524415, 0.18602633506719307, 0.3218992522061907, 0.6391822882657197, -0.12255989000967607, -0.4687009428358572, -0.6368695924207501, -0.462203645223787, -0.054149854064512705]], "inverted": true, "swapped": true, "error_lsq": 0.04792922134787229, "error_max": 0.23791911763920884, "target": "487.xyz", "model": "11.xyz", "model_rescale": 3.6694154284099745, "target_rescale": 3.8161001060587934},
{"mapping": [12, 10, 6, 1, 4, 0, 5, 7, 11, 2, 3, 9, 8, 13], "R": [[0.9118435315526066, -0.35011969004310517, -0.2143771830437896], [0.26007598894492956, 0.8966784694342409, -0.3582292595913739], [0.3176505217058323, 0.27089467528393213, 0.9086881868731571]], "T": [0.01470923254528719, -0.15528276592114001, -0.027380006290430074], "aligned_model": [[-0.5399985943428931, -0.5511338081785028, 0.34090959695569456, 0.08671426238158134, 0.6948030594325973, 0.2594428353799934, -0.2220125847408623, -0.37544452978356524, 0.5392056898235963, -0.2135193894305218, 0.4485620176816882, -0.10469799152465846, 0.14480482910009626, 0.06525445270054005], [-0.09564826748539294, -0.05176055762696756, -0.6151420463211025, 0.46022453751413495, 0.059837354989604546, -0.30144311815431785, -0.8364354013446899, -0.6877656885383351, -0.2573513476033822, 0.45620900357606986, 0.5877933268406554, -0.1932141545538783, 0.3806528216857893, -0.13957373431909506], [-0.4153380628529897, 0.2421261957955248, -0.07185019790477046, -0.6039556988041473, -0.22454585008547548, -0.6827276083338616, -0.3803171975199419, 0.3138051301549251, 0.4820452775765495, -0.04478935264551558, -0.05668157277709134, 0.7657085079917973, 0.49073777279513037, -0.13742741800051922]], "inverted": false, "swapped": false, "error_lsq": 0.045904750175897034, "error_max": 0.29414652526074453, "target": "487.xyz", "model": "12.xyz", "model_rescale": 3.9764082729961374, "target_rescale": 3.8161001060587934},
{"mapping": [4, 7, 11, 6, 13, 14, 3, 8, 10, 9, 5, 1, 12, 15], "R": [[-0.45535810184537784, 0.39675446861461183, -0.797016242443096], [-0.7915595531523343, 0.22936049784744938, 0.5664161331039641], [0.4075321740636584, 0.8888079959482293, 0.20961362894964855]], "T": [-0.005789404500006187, -0.010091693076013375, 0.019224537946168904], "aligned_model": [[-0.4803763707867389, -0.7278403030235574, 0.3978581527619653, 0.24126373318347583, 0.5779787008816446, 0.332891184516888, -0.2517450127095117, -0.12191113399302585, 0.42423823066906396, -0.13446993674144614, -0.11054416783271857, 0.02111524853888859, 0.4637991500088233, -0.05936763001896736], [0.24474743212681477, -0.20493356434532212, -0.6920403058284683, 0.21968012296657274, -0.004534071361462777, -0.41516658263499595, -0.7409533405425885, -0.6463831842564853, -0.42048098606313883, 0.48059374934859833, 0.7974533693016739, -0.047617450271188265, 0.24210417618660068, -0.04608663596751749], [-0.45584172424873903, -0.08900135574197211, -0.03136634888986467, -0.666215806221338, -0.1642542296725801, -0.5807903219089994, -0.31810399385383703, 0.30435910063443794, 0.5603379827529764, 0.3419755933003614, -0.180077538368262, 0.6526205716034543, 0.3700768828855332, -0.06692888688155693]], "inverted": true, "swapped": false, "error_lsq": 0.05134805478761111, "error_max": 0.42150290978986754, "target": "487.xyz", "model": "13.xyz", "model_rescale": 4.170626492500431, "target_rescale": 3.8161001060587934},
{"mapping": [9, 11, 2, 1, 0, 3, 6, 5, 4, 10, 7, 12, 8, 13], "R": [[-0.42571772487438775, 0.11457428941004211, 0.8975729223489083], [-0.7227537087928069, 0.5537637336696082, -0.41348857747045215], [-0.5444184926635188, -0.8247535750019392, -0.1529380442123636]], "T": [0.11296399319226894, -0.09558472519116756, -0.04893143507035011], "aligned_model": [[-0.47425456842417, -0.5564666343599127, 0.6048674735682059, 0.17638718414011043, 0.6184242768360058, -0.039143084668020384, -0.14490170244915898, -0.4200649335801371, 0.4942400327122489, -0.2116128924923241, 0.34064592090364315, -0.18393266441251896, 0.3357510164604479, 0.03295042122036336], [0.30632001248967755, -0.2992561885982836, -0.4992817137476876, 0.34025253319369836, 0.13013529141608846, -0.41232397477787935, -0.8955568620841682, -0.6508829853244428, -0.33882956471107445, 0.32215555423491027, 0.682559296531834, -0.07525505987951578, 0.31378138466159144, -0.15743499474565592], [-0.4361695803849489, -0.14913233835890244, -0.21623915952078165, -0.6788821100830083, -0.27123479152160956, -0.642238513290334, -0.08116697812915397, 0.4355722634429239, 0.4974417527124273, 0.14720935415805675, -0.03984165293909914, 0.6197577308338047, 0.5292913793984724, -0.037577430928232604]], "inverted": true, "swapped": false, "error_lsq": 0.05419581015555085, "error_max": 0.35397350136645667, "target": "487.xyz", "model": "14.xyz", "model_rescale": 3.9786697098870705, "target_rescale": 3.8161001060587934},
{"mapping": [11, 9, 8, 7, 12, 4, 0, 3, 2, 1, 10, 13], "R": [[-0.4702570734686927, 0.88006175410559, -0.06595145042569234], [-0.8644695408558714, -0.4443050046652224, 0.23512863662658273], [0.17762516090098085, 0.16758392461697746, 0.9697241517178335]], "T": [0.006463028802543819, -0.013652136890321867, 0.028748226563635796], "aligned_model": [[0.04391110053754445, -0.4631840123852604, 0.6121417643387773, 0.5434358535449768, -0.06588597702470868, 0.25399217562758974, -0.40175728192626503, -0.2651100951433282, 0.7801111050991868, -0.07103781901080428, -0.55288471281056, 0.069622495920188], [-0.3341395991247238, -0.020439584604088273, 0.06515597065715474, -0.6779831860588031, 0.3963310355024428, 0.5591497583113924, -0.37509665853037194, 0.4090876133453781, 0.08703576616429397, -0.6625357052026338, 0.6455743761498939, -0.07746529638549525], [-0.5649882710621451, -0.0861693003599545, -0.5808415063152577, -0.13669125329062023, -0.4540229415061529, 0.09870709237770421, 0.5317590110394335, 0.4974839467956477, 0.16611013898225574, 0.038658232967194034, 0.0066893392342896076, 0.14327200501143567]], "inverted": true, "swapped": true, "error_lsq": 0.05124296617516152, "error_max": 0.2844025334142221, "target": "487.xyz", "model": "15.xyz", "model_rescale": 3.769337070930944, "target_rescale": 3.8161001060587934},
{"mapping": [4, 3, 8, 2, 12, 9, 11, 0, 7, 6, 13], "R": [[0.5824800706189412, -0.49810529531333647, -0.6423457652328434], [-0.3112983491451793, 0.5932965927197935, -0.74235604051329], [0.7508730286481459, 0.6323687751999597, 0.19052408509388888]], "T": [0.07081770634273704, -0.06841580034933645, -0.06526958046616423], "aligned_model": [[-0.3853565435591811, -0.21301257996127138, -0.001552562925321077, -0.5739016620700632, 0.23272363906724783, 0.4576669761689404, 0.5425542996551569, 0.1976199549410868, 0.09866423983756115, -0.4198860321634322, -0.012893598299553471], [-0.03492112852533774, -0.6514757283297593, 0.7647579054248647, 0.37682399082879814, 0.1366004075490804, -0.3265789282181555, 0.41384606696074633, -0.6401165521382721, 0.5409532292658743, 0.10587678324842481, -0.08970154844092214], [-0.4954440721162696, -0.2925480934420581, -0.27796939489932193, 0.05150438541400905, -0.6467705731191903, -0.19763231155419148, -0.026209652053137827, 0.39012613072187, 0.5551655371841404, 0.6321487602762679, 0.051846890811658816]], "inverted": true, "swapped": true, "error_lsq": 0.04500234687109407, "error_max": 0.25093291030175285, "target": "487.xyz", "model": "16.xyz", "model_rescale": 3.7852294659196426, "target_rescale": 3.8161001060587934},
{"mapping": [5, 7, 1, 6, 2, 8, 12, 11, 0, 3, 4, 9, 13], "R": [[0.6513041724134626, -0.5890894598627368, 0.47830584700110457], [-0.6249781519618267, -0.7739290299464073, -0.10215755565102923], [0.43035471946662174, -0.23239506209221072, -0.8722312483212026]], "T": [0.08791280334821781, 0.17631398642957835, 0.06244400323767142], "aligned_model": [[0.04589494750250615, -0.3259694070663919, 0.28156951937767305, -0.10478910387090078, -0.5275023912497492, -0.7386727320064589, -0.15966823699477017, -0.16909668295741154, 0.747551631368557, 0.4659863987963969, -0.19856540910498122, 0.4360834038019735, 0.10094391261984023], [0.07253401643173102, -0.5431756652531188, -0.355681085766221, -0.5815002872137605, -0.07810287842299002, 0.2207800233029733, 0.7205064483909192, 0.08814671037211327, -0.15016555470988346, 0.48397904224348276, 0.5510424208363937, 0.3882074905946654, 0.05848494289656937], [-0.697769111744067, 0.3233691571026023, 0.3889907753247626, -0.31984372518370263, -0.3665943305961127, 0.3062394405094606, 0.2836831810883269, 0.6811606229599555, -0.03025734194894046, -0.42188708533335845, -0.3520143985558483, 0.32263398499998286, -0.0219564714798874]], "inverted": true, "swapped": true, "error_lsq": 0.04556367728568565, "error_max": 0.2618124499005253, "target": "487.xyz", "model": "17.xyz", "model_rescale": 3.901054581598922, "target_rescale": 3.8161001060587934},
{"mapping": [12, 7, 10, 13, 5, 9, 11, 6, 4, 3, 2, 1, 8, 14], "R": [[-0.900518576048657, -0.13982907763599142, 0.4117209288325857], [-0.42071134108967834, 0.5194224816106118, -0.7437756738936803], [-0.10985564013660652, -0.8429994748782124, -0.5265772722832184]], "T": [0.05792603741918026, -0.06279115171754522, 0.036316311242531374], "aligned_model": [[-0.5018617772358785, -0.5831640191514706, 0.5216528371218502, 0.10519930352693994, 0.5649299565021957, 0.26913668134642316, -0.2654334084951858, -0.3368864663585971, 0.4992790565812304, -0.40137512149788634, 0.2761232333716973, -0.17610564025077477, 0.5658303515954266, 0.03556485839881317], [-0.08105052214200718, -0.1255109484157837, -0.7260315474228549, 0.3403672432759817, 0.14047963775381794, -0.2522174167494411, -0.6977783431425443, -0.6390213844012129, -0.4388857817681578, 0.5040171695851637, 0.7327508818879944, -0.09122129538001748, 0.1790115387823334, -0.07852650320417956], [-0.4518222982042393, 0.1936274369317701, -0.09605959619928667, -0.5659550106368414, -0.2665269802099492, -0.5584083101934734, -0.32279498681257274, 0.3116480222243751, 0.5742143607216534, -0.18990628230687434, -0.02061310499661323, 0.6921413261772726, 0.3884283937504305, -0.011183044856037563]], "inverted": false, "swapped": false, "error_lsq": 0.042193397611558325, "error_max": 0.34287008689922543, "target": "487.xyz", "model": "18.xyz", "model_rescale": 3.9405287249114394, "target_rescale": 3.8161001060587934},
{"mapping": [4, 0, 5, 13, 11, 9, 8, 6, 2, 12, 14, 1, 10, 15], "R": [[0.9191346490186693, 0.34949048724387477, 0.1817908036710525], [-0.09185947578543921, -0.2586045899337621, 0.9616056898612942], [0.38308397732318755, -0.9005443161728522, -0.20558842605316524]], "T": [-0.04560031518823852, 0.01671702750103131, -0.06989374404530611], "aligned_model": [[-0.7130465835937146, -0.6174907337326898, 0.3994006784785236, 0.1803410731123764, 0.6450181700129501, 0.3359480596654712, -0.2242627327437437, -0.12178840448522263, 0.42060514881472394, -0.3392397101215129, 0.345586304261519, -0.3111817179612957, 0.5903936097617444, -0.01739331601434626], [0.04737957262194599, -0.3334870327605217, -0.6852673569300974, 0.3977498921633936, 0.0717654030437065, -0.3221058080386243, -0.708420951127195, -0.611217724551105, -0.39540443750559884, 0.47146584020592935, 0.684007860419399, -0.05666145381766781, 0.2003528113027931, 0.0062261136327351006], [-0.3669464594585665, 0.08167380957131089, -0.048570460777679875, -0.5749623438136463, -0.2679568303293093, -0.6431561366020617, -0.19042095275831616, 0.3278206984969745, 0.5368464362853014, 0.014477372434796326, -0.03201320626179906, 0.5297741148231637, 0.3540091496470517, -0.043785265867605436]], "inverted": false, "swapped": false, "error_lsq": 0.03915616869475021, "error_max": 0.2238014901966688, "target": "487.xyz", "model": "19.xyz", "model_rescale": 4.410303926677745, "target_rescale": 3.8161001060587934},
{"mapping": [3, 6, 7, 5, 8, 1, 2, 4, 12, 10, 10, 11, 9, 13], "R": [[-0.7122380007253328, 0.5214992496726417, -0.4698463183995939], [0.6685654752870761, 0.30005813113639246, -0.6804302485876872], [-0.21386265587275136, -0.7987513070598429, -0.5623691971412073]], "T": [-0.045016098274811296, -0.2015690593548051, -0.09858555959037174], "aligned_model": [[-0.5847825854314209, -0.5827201879839504, 0.5279787438189982, 0.16927478029387294, 0.6485752284388145, 0.2882279354972215, -0.14278939239850974, -0.3414030058416582, 0.42393726306259544, 0.002926821430841102, 0.002926821430841102, -0.22147834684100073, 0.3699616047559104, 0.012254165222227963], [0.10419840437852587, -0.16687386760819817, -0.616916802081113, 0.47267735727929117, 0.11505359252005584, -0.4685306327956108, -0.852993024575025, -0.6066841620232818, -0.4329261702525641, 0.6062718364386332, 0.6062718364386332, 0.005613283048551687, 0.14982339194138236, -0.14860231405018803], [-0.47424643480511464, 0.11630133800524911, -0.17615055496691842, -0.5441659810484099, -0.19727066097170315, -0.7156753613483885, -0.16711240284948037, 0.3944965325877088, 0.4466039206969493, 0.043641640835511225, 0.043641640835511225, 0.6844022285142083, 0.32352056207575264, -0.10119654217126149]], "inverted": true, "swapped": false, "error_lsq": 0.049098009114274026, "error_max": 0.41708107294605506, "target": "487.xyz", "model": "20.xyz", "model_rescale": 4.121658175737393, "target_rescale": 3.8161001060587934},
{"mapping": [10, 3, 0, 9, 1, 4, 6, 12, 2, 8, 7, 11, 13], "R": [[0.6150943742459016, -0.6073862890598898, -0.5027333355100883], [0.7657933691552266, 0.6119874897232958, 0.19756474427403797], [0.18766839512536423, -0.5065108175392063, 0.8415624547155339]], "T": [0.11287363712995255, -0.05842687526147545, 0.09103305166957766], "aligned_model": [[0.31514826412097374, -0.058097277430625455, 0.33153401046752284, 0.541937784175487, 0.41601404853162516, -0.3341209789877094, -0.4135562855019119, 0.2460035424042022, -0.6030073382312062, -0.10331906519012193, 0.02023705120271635, 0.4900944183106043, 0.032214730792738094], [-0.7454907172011628, -0.2768857465725137, 0.4111846691218227, -0.17953414152836883, 0.5088734166461024, -0.4957216839201521, 0.6278966036639732, -0.6419122861883316, 0.039295352217799555, -0.2903893394664218, 0.5488098351409251, -0.02321712945940347, 0.05791807170891416], [0.5757642539123977, 0.7196972715996701, 0.6220306525378823, 0.27826936896568377, -0.024858037898287694, 0.14791886767494994, -0.005879406345473667, -0.1285342149392742, -0.23377841693148316, -0.7115323485258574, -0.5251875414486876, -0.4685224470837259, 0.12472173796399505]], "inverted": true, "swapped": true, "error_lsq": 0.05370867711793071, "error_max": 0.3048234416587481, "target": "487.xyz", "model": "21.xyz", "model_rescale": 4.08911054899281, "target_rescale": 3.8161001060587934},
{"mapping": [15, 11, 6, 4, 13, 0, 8, 5, 10, 14, 3, 9, 12, 16], "R": [[-0.5960750496752343, 0.24872777579097732, 0.7634323995644543], [-0.6665231120761871, 0.3768838559326293, -0.6431994249108339], [-0.4477069088398587, -0.8922404679722986, -0.05886825196684553]], "T": [0.0035826183094485736, -0.11162680722932773, -0.1000635709804212], "aligned_model": [[-0.6497026038372544, -0.6916971375879742, 0.3669459695284932, 0.2761643405077235, 0.5415907780383354, 0.4548923876539835, -0.24555228463793138, -0.20269103011754763, 0.3768040628811889, -0.12713845159910053, 0.19849567625704867, -0.1534724690508315, 0.38633091696543237, 0.041919690453217265], [0.2036754084248551, -0.4297564913451694, -0.7560885663722917, 0.24437124061051946, 0.2703842615620805, -0.3432282594426905, -0.7479701868004386, -0.5380281816935111, -0.45053491386301475, 0.4546091929787023, 0.7265064661186612, -0.027287385082645513, 0.26252377679822053, -0.10279363323418493], [-0.1729329693755598, -0.0643901161151812, -0.1906187726233417, -0.6341579264321514, -0.1367341233926856, -0.6855203649508375, -0.21737052503468762, 0.42277684804611015, 0.5300018683071891, 0.17217048254235107, -0.2176235099178757, 0.5896959327371695, 0.4083502234644968, -0.12685712186538217]], "inverted": true, "swapped": false, "error_lsq": 0.048411179296886, "error_max": 0.30451663288103886, "target": "487.xyz", "model": "22.xyz", "model_rescale": 4.204369325754507, "target_rescale": 3.8161001060587934},
{"mapping": [4, 0, 5, 13, 11, 9, 8, 6, 2, 12, 14, 1, 10, 15], "R": [[0.9191346490186693, 0.34949048724387477, 0.1817908036710525], [-0.09185947578543921, -0.2586045899337621, 0.9616056898612942], [0.38308397732318755, -0.9005443161728522, -0.20558842605316524]], "T": [-0.04560031518823852, 0.01671702750103131, -0.06989374404530611], "aligned_model": [[-0.7130465835937146, -0.6174907337326898, 0.3994006784785236, 0.1803410731123764, 0.6450181700129501, 0.3359480596654712, -0.2242627327437437, -0.12178840448522263, 0.42060514881472394, -0.3392397101215129, 0.345586304261519, -0.3111817179612957, 0.5903936097617444, -0.01739331601434626], [0.04737957262194599, -0.3334870327605217, -0.6852673569300974, 0.3977498921633936, 0.0717654030437065, -0.3221058080386243, -0.708420951127195, -0.611217724551105, -0.39540443750559884, 0.47146584020592935, 0.684007860419399, -0.05666145381766781, 0.2003528113027931, 0.0062261136327351006], [-0.3669464594585665, 0.08167380957131089, -0.048570460777679875, -0.5749623438136463, -0.2679568303293093, -0.6431561366020617, -0.19042095275831616, 0.3278206984969745, 0.5368464362853014, 0.014477372434796326, -0.03201320626179906, 0.5297741148231637, 0.3540091496470517, -0.043785265867605436]], "inverted": false, "swapped": false, "error_lsq": 0.03915616869475021, "error_max": 0.2238014901966688, "target": "487.xyz", "model": "23.xyz", "model_rescale": 4.410303926677745, "target_rescale": 3.8161001060587934},
{"mapping": [4, 5, 14, 10, 11, 9, 15, 6, 13, 0, 1, 12, 7, 16], "R": [[0.8857301755492077, 0.46269173441675127, 0.037395387736829655], [0.23779409019380143, -0.3830687594720022, -0.8925874165511651], [-0.39866781509230403, 0.7994840113592014, -0.44932091960037723]], "T": [0.035365218846947474, -0.05864290595286194, -0.08892358971927261], "aligned_model": [[-0.5379299955979623, -0.5425104656938922, 0.423538969375692, 0.11376637612963303, 0.6402870918105331, 0.225851686137105, -0.14817345794333842, -0.10756173915859558, 0.3179338034776276, -0.28144131067534595, 0.36705638245259553, -0.29414500309407127, 0.3965938189308516, -0.0003763106960491397], [0.11161429460121693, -0.2551719608281659, -0.6130364663599726, 0.1991560383830006, -0.01050467562495798, -0.36184378275946777, -0.7145370837077861, -0.6621298208229153, -0.3551147174290511, 0.44433444146956336, 0.7316673094882085, -0.0781662594176102, 0.2750979653996285, 0.05501744626740153], [-0.42984800325576816, 0.06285933828716761, -0.0780190221345074, -0.6815254030067998, -0.26912826502457043, -0.6029314862650408, -0.3020680772013837, 0.350705251481693, 0.48243101454061954, 0.37694465551548084, -0.1304697679521376, 0.6440277641164157, 0.35835912395587155, -0.10454719766742608]], "inverted": false, "swapped": false, "error_lsq": 0.039889184780140474, "error_max": 0.30466328464664333, "target": "487.xyz", "model": "24.xyz", "model_rescale": 4.28219845311461, "target_rescale": 3.8161001060587934},
{"mapping": [7, 4, 8, 9, 11, 5, 1, 0, 6, 13, 12, 2, 14, 15], "R": [[-0.7253333195190781, 0.157699547794454, 0.670091358115339], [0.6881634675756491, 0.14070626480569892, 0.7117814193547671], [0.017961555881754077, 0.9774111722657222, -0.21058200977399127]], "T": [0.01450820228940046, -0.06669398166888758, -0.07190666282703452], "aligned_model": [[-0.6086840186180772, -0.6719126396545817, 0.4814835509814191, -0.013724933044389362, 0.4798435103671529, 0.4572439671655032, -0.060971683155905856, -0.2649320226035619, 0.39726714127126134, -0.24082136923500064, 0.29481239044406093, -0.1419500869613743, 0.4811323316955283, -0.015896293197251367], [0.2899270274616887, -0.28728485654742164, -0.5792467892918874, 0.2279699525047199, 0.16252575212037457, -0.43395243528245636, -0.6616157291841642, -0.6373187466558762, -0.5558397410441854, 0.4399210501373311, 0.6435761080405253, 0.019195369885915234, 0.2539402889316051, -0.11541452241707607], [-0.3719048584838082, 0.04980885258061295, -0.10610754060190294, -0.6795658928609617, -0.23743139193527812, -0.6999090128728633, -0.29606798882508406, 0.4398107497466639, 0.5811087701266321, 0.10434451132552029, -0.10886423309569739, 0.5890954910288629, 0.43760311261117246, -0.025130643354254467]], "inverted": false, "swapped": false, "error_lsq": 0.04212482729904602, "error_max": 0.2331673791762911, "target": "487.xyz", "model": "25.xyz", "model_rescale": 4.100010024507729, "target_rescale": 3.8161001060587934},
{"mapping": [11, 12, 4, 10, 6, 5, 2, 3, 9, 0, 1, 13], "R": [[-0.42087496043349554, -0.678453265070168, 0.6021340671276885], [0.31118852794626745, 0.5155203901001525, 0.7983736139587916], [-0.8520715743144696, 0.5233926771618176, -0.0058427509485374785]], "T": [-0.08353391713350343, -0.023889436750624056, -0.06856029585429663], "aligned_model": [[-0.5933470183959125, 0.08810320272148948, 0.297664106027243, 0.6851242457171649, -0.5041100526060568, 0.24077868611012399, -0.28750732014654634, 0.5621015554401518, 0.07166108040309684, 0.0029051013645839258, -0.569155474242113, -0.1174525100302185], [-0.4586766383217312, -0.6117066729609054, -0.07453500485790218, -0.39114173495705906, 0.6943457387400075, 0.5530182155461746, 0.2677147131662335, 0.20504923164362504, -0.2466503536771643, 0.4450014387538128, 0.16682262797786662, 0.1168898289976818], [-0.15624319766654254, 0.10864065479463322, 0.42781660343698946, -0.21764572169524415, 0.18602633506719307, 0.3218992522061907, 0.6391822882657197, -0.12255989000967607, -0.4687009428358572, -0.6368695924207501, -0.462203645223787, -0.054149854064512705]], "inverted": true, "swapped": true, "error_lsq": 0.04792922134787229, "error_max": 0.23791911763920884, "target": "487.xyz", "model": "26.xyz", "model_rescale": 3.6694154284099745, "target_rescale": 3.8161001060587934},
{"mapping": [3, 7, 0, 12, 2, 6, 1, 5, 4, 9, 11, 8, 10, 13], "R": [[-0.7261297311213282, -0.5212716244686239, 0.44834306853737577], [0.45329266739686447, 0.12735491736577914, 0.8822168002860701], [-0.5169732790637285, 0.8438344734286446, 0.14381241318988697]], "T": [0.01648856570172478, -0.08502220231826037, 0.04406662276466236], "aligned_model": [[-0.5928631481546062, -0.5998063808360308, 0.39115218351492903, 0.08374456872048824, 0.6407977464598869, 0.08113395653693731, -0.14371757822969985, -0.2252435211434086, 0.569278266072166, -0.31239165085780113, 0.463312543879185, -0.1610501561236468, 0.3090480098135117, 0.06949500580287193], [0.10616314781754164, -0.21245261753617845, -0.6295078759209525, 0.39890298996327433, -0.06495513439567334, -0.234472164825123, -0.8116717790684661, -0.8071651221553016, -0.270726491744489, 0.5083581586913238, 0.610770568320746, -0.030762137318031325, 0.2890237073229906, -0.08512252049256899], [-0.4508776882919915, 0.05246619822166738, 0.03427540927063458, -0.5812539763608339, -0.22419631878587234, -0.6227737733983562, -0.4312869695759446, 0.25866788380448014, 0.6232626466995507, 0.11189792670501031, -0.18483558800962374, 0.6555345614407908, 0.4133759091822776, 0.022533704487825115]], "inverted": false, "swapped": false, "error_lsq": 0.03715361349662568, "error_max": 0.23492784114949158, "target": "487.xyz", "model": "27.xyz", "model_rescale": 4.103607728864725, "target_rescale": 3.8161001060587934},
