[{"mapping": [11, 6, 3, 8, 12, 1, 2, 0, 7, 5, 9, 14], "R": [[-0.8655716260926825, -0.30070686434467303, -0.4004511728529013], [0.4383889983197324, -0.8415350730749651, -0.3156482329064035], [-0.2420761166565001, -0.44876954277302283, 0.8602354626634506]], "T": [-0.0966108533164614, 0.04260347342512728, 0.0669492932021457], "aligned_model": [[-0.2394117021765375, 0.3973841538474322, 0.41339266808318825, -0.14240804135875584, -0.1857493489460898, -0.7306709258723743, 0.32618210258400654, -0.24884214957051948, 0.6232416064394788, 0.2921315481742508, -0.5818977738022341, -0.0857096749412966], [-0.374281905206725, -0.4781665202829696, -0.27951989937725796, 0.6621060499049701, 0.21230940445747903, -0.36618813904234304, -0.4151197739210113, -0.4705048523552535, 0.10124553629330216, 0.47515419699918304, -0.01247430624026559, -0.0010047552520511815], [-0.5109116514314515, -0.053518513697678016, -0.5345388335168347, -0.12348473203591202, -0.6852064225791225, -0.10656562533082263, 0.49306999933342494, 0.6076529205234203, 0.09691095369291287, 0.45063652059581477, 0.460082942851265, 0.08782418694854599]], "inverted": true, "swapped": true, "error_lsq": 0.05093926127610662, "error_max": 0.2737501982621483, "target": "489.xyz", "model": "0.xyz", "model_rescale": 3.751011558992144, "target_rescale": 4.220085063211586},
{"mapping": [7, 12, 1, 10, 0, 8, 6, 4, 5, 3, 13, 11, 9, 10, 14], "R": [[-0.10928677240757595, 0.9866234210809017, 0.12095712608752204], [0.9276940072883404, 0.05753547592615371, 0.3688814143478253], [0.3569877171809076, 0.15252506018542988, -0.9215725016499764]], "T": [0.0733182485736773, 0.04548465223122033, -0.014720402542646512], "aligned_model": [[0.24824747308494804, -0.34361267189989825, 0.6684005372530767, 0.2623395712247243, 0.17513846124701526, 0.26588678240281527, 0.5905553775193801, 0.7201718934543526, -0.29464673930527047, -0.38736092743647915, -0.648094157579041, 0.056875775700815645, -0.3654902138248179, 0.2623395712247243, 0.03895798630872324], [-0.3834709279428494, -0.5214824582231914, 0.09162387990040949, -0.10044415542696439, 0.24559074405798081, 0.6715864941994402, -0.4984363549422226, 0.2973707616385002, 0.4207683604056963, 0.009667486569804144, 0.1265125278268259, -0.704985182330418, -0.13366717282717597, -0.10044415542696439, 0.003660782643344372], [-0.4891399430831443, -0.2528212368403095, -0.3744894823786088, 0.7697727273237471, -0.7393545963290437, 0.09173191261663649, -0.03319838039669549, 0.3643676082174635, 0.32269618428983404, -0.6229125736097864, -0.03709945359463132, 0.2559374283537243, 0.4430364960836966, 0.7697727273237471, -0.006121056454285546]], "inverted": true, "swapped": false, "error_lsq": 0.05007906968702581, "error_max": 0.3680344825588415, "target": "489.xyz", "model": "1.xyz", "model_rescale": 3.9405287249114394, "target_rescale": 4.220085063211586},
{"mapping": [13, 11, 6, 9, 1, 7, 8, 10, 0, 2, 4, 5, 14], "R": [[-0.9105193380595585, -0.28897130976815444, -0.29571965972938113], [-0.30594606154547554, -0.010220845043488302, 0.9519939819932737], [-0.27812145268640415, 0.9572831955369709, -0.07910335705979821]], "T": [0.023535103619531386, 0.04562132487662788, 0.025786738402298493], "aligned_model": [[-0.377770743359602, 0.19459140600927882, -0.488308306948919, 0.464560885409146, 0.644434167454233, -0.690787011340247, 0.12606264814135715, 0.5995822589492382, 0.09087712577062655, -0.46593728560154335, -0.2370145594552217, -0.37228331933930403, 0.007976013594888564], [0.6548861464899692, 0.3705175684448928, -0.012118175536517888, -0.38571500937931824, -0.04464755588606444, 0.12529540211387857, 0.4752810630221733, 0.23824421576722196, -0.6755540470272761, -0.4839401792951043, -0.7425194079155419, -0.07043932244697196, 0.009541895220675674], [0.046702096053858014, -0.6013423910543009, -0.48843832817705146, 0.13775213502720549, -0.42762925897969556, 0.1027290151378999, 0.5022597750970734, 0.3362186658602168, -0.20699227515903468, -0.19742774231872148, 0.3264114038639905, 0.5872975342339136, -0.004420279996709547]], "inverted": false, "swapped": true, "error_lsq": 0.05050292487384435, "error_max": 0.28243964492816837, "target": "489.xyz", "model": "2.xyz", "model_rescale": 3.932901565614263, "target_rescale": 4.220085063211586},
{"mapping": [3, 7, 13, 2, 12, 10, 8, 1, 0, 9, 5, 4, 10, 14], "R": [[0.22518444987945635, 0.9719639724778121, 0.06766091735734714], [0.8139910812128859, -0.14951133127299787, -0.5613064060981783], [-0.5354535304191801, 0.18147285754659565, -0.8248376317406411]], "T": [-0.008730655162541939, -0.09135966403483121, 0.009764105648543181], "aligned_model": [[-0.24514284504638914, 0.41786567841702343, 0.20355095526176947, 0.05401948128033503, -0.25419610071561527, -0.035200961509773296, 0.3441462357992685, -0.7126053154422736, -0.23316705519903813, -0.129067225728764, 0.6774750185139939, 0.3937244649993206, -0.035200961509773296, -0.026391457067380532], [-0.025640192610761406, 0.20132211586010135, -0.3610461311511901, 0.6556381465715185, -0.7030251579688637, -0.6493252379485597, -0.6367451944979347, -0.20366422275126278, 0.5123613013967175, -0.025120619399384245, 0.02739069447363189, 0.5657291453661708, -0.6493252379485597, -0.04505277104113506], [-0.8059841724860787, -0.49508943781478904, -0.6343579209821464, -0.07911785112385028, -0.4002310574728891, 0.4012684173141273, -0.0035949980908404674, 0.31175472420227646, 0.41468907694542007, 0.6215014040406017, 0.03113692517450986, 0.4406832441350742, 0.4012684173141273, 0.009969591901554447]], "inverted": false, "swapped": true, "error_lsq": 0.05430348351876901, "error_max": 0.4538525237878515, "target": "489.xyz", "model": "3.xyz", "model_rescale": 3.9243930471874484, "target_rescale": 4.220085063211586},
{"mapping": [5, 7, 4, 9, 0, 8, 10, 2, 6, 3, 1, 12, 14], "R": [[0.1621433407702757, -0.2694970613791552, -0.9492527961253809], [0.679011790924637, -0.6675417986069831, 0.30550112094372217], [-0.7159975732006157, -0.6940888134961934, 0.07475422496605216]], "T": [-0.0338681977714058, -0.11748329330594899, -0.029260569273551862], "aligned_model": [[-0.13506796280955918, -0.2778332366701416, 0.5917835005381769, 0.4436417664163999, 0.7189124153002246, -0.5292781551915626, -0.16621891995543558, 0.4171332088890596, 0.030278259597851562, -0.4470465548924156, 0.28629231618710177, -0.659422009674262, 0.004031258575914673], [-0.4022272137230541, 0.19249562533839765, -0.31013066737905737, -0.47910191414329484, -0.018720131172717855, -0.5376968511109328, -0.661728763579314, 0.27750661714717484, 0.5794209073366908, 0.6274546473823034, -0.059466166344145005, 0.006989558037042445, -0.08696609410750582], [-0.6570472997704349, -0.6349983724893458, -0.6216068132589176, 0.15596154241651347, -0.07806754143599, -0.04090026823657751, 0.3600748122011156, -0.487980541309307, -0.22914731991615167, -0.026783583309811426, 0.6731505946950944, 0.4130887642915096, -0.03867365850673356]], "inverted": false, "swapped": true, "error_lsq": 0.04723919874790257, "error_max": 0.34961917184441105, "target": "489.xyz", "model": "4.xyz", "model_rescale": 3.8936222436046832, "target_rescale": 4.220085063211586},
{"mapping": [3, 7, 12, 11, 8, 5, 4, 9, 1, 6, 10, 14], "R": [[-0.15790990089856155, -0.9418803411596383, -0.29652299427735856], [-0.9725767664260959, 0.20028184408543653, -0.11824388499155714], [0.17075976284349353, 0.2697194947843794, -0.9476774227166611]], "T": [-0.0907132663040232, 0.0017957449075501758, 0.03753657680660994], "aligned_model": [[0.021550908615254896, -0.5325430069721057, -0.026528384638175986, 0.44574431197027764, -0.5329779443262458, -0.7324795488984106, -0.29592145894840954, 0.1347671935209998, 0.6205229759651187, 0.09345728476128896, -0.10279004995069664, -0.06525423888379843], [-0.5742195907604636, -0.563548300559578, 0.2032881250427898, -0.08694505501948256, 0.39353532531943825, -0.09609176609447109, -0.2253819167178287, 0.3561334853253469, 0.30707561271653727, -0.6927998405192721, 0.6803482768686655, -0.03247145049187416], [-0.5799244453109768, -0.05019452924770156, -0.7093001636702361, -0.44459111356742076, -0.23281134417435817, 0.29050049787255255, 0.865610872282897, 0.5030409822063624, 0.023486844415402726, -0.07806241442908052, -0.031183853268052987, 0.06271338616613104]], "inverted": false, "swapped": true, "error_lsq": 0.05632839706243422, "error_max": 0.34448968545972336, "target": "489.xyz", "model": "5.xyz", "model_rescale": 3.6523030999806103, "target_rescale": 4.220085063211586},
{"mapping": [4, 5, 8, 9, 10, 2, 13, 0, 6, 11, 12, 1, 14], "R": [[-0.8393285917670776, 0.042806089159752855, -0.5419364849990647], [-0.5174312967936455, 0.24280649501954166, 0.820554604566187], [0.16671043200933924, 0.9691298389313852, -0.18164522331205651]], "T": [0.06445438326661372, 0.00939233218973267, 0.05454208410887394], "aligned_model": [[0.12676200839497925, -0.08829525010212823, 0.19762154392608317, 0.6142071716331373, 0.6383720465656646, -0.31536584623189473, -0.4530931820736373, 0.23921601439578472, -0.5505733292091666, -0.06283186164078976, -0.02533697460218566, 0.5103569367373948, 0.05004362687105311], [-0.6767090610606286, 0.012855722772365165, 0.5765997793368118, -0.2900743815769883, 0.37775256390106504, -0.6338066964064739, 0.5232476592685082, -0.7281742693356461, -0.2858878283670776, 0.14558668618365572, 0.6738226661803908, -0.11810157775100785, -0.03628435898179109], [0.6066378811670255, 0.7343157420845514, 0.3420975776903778, 0.08893078171235336, 0.06974538278601118, 0.16351416214066072, 0.0825541940617447, -0.010794083073586674, -0.19902346090304773, -0.6478524506666783, -0.33655104871020536, -0.565269500748271, 0.041804561940853774]], "inverted": false, "swapped": true, "error_lsq": 0.04649423206764063, "error_max": 0.298905082997334, "target": "489.xyz", "model": "6.xyz", "model_rescale": 4.08911054899281, "target_rescale": 4.220085063211586},
{"mapping": [11, 9, 12, 2, 10, 5, 13, 7, 3, 8, 3, 1, 0, 6, 14], "R": [[-0.714543793687123, -0.6288417747374018, -0.3065700397108777], [0.4235434974827136, -0.7376263355617773, 0.5258500687703817], [-0.5568106254763149, 0.24589715620726346, 0.793408164771359]], "T": [0.14903326049511373, 0.008221867227840296, -0.030716892582217277], "aligned_model": [[0.2602606539570469, -0.4547463485456363, 0.7617883281051181, 0.34810476126306544, 0.23694878243368442, 0.475390571171584, 0.7598610406296968, 0.6625471688404496, -0.5677670332012792, -0.3562225404238512, -0.5677670332012792, 0.04960425804720517, -0.4276040254039916, 0.011505330776615974, 0.05780480492664013], [-0.3544243810180753, -0.448926761861417, 0.025379916907311617, -0.29278681589429845, 0.2256819399835351, 0.6859062009287082, -0.3868118169958577, 0.3089409581256942, 0.19114012686448117, 0.18497647646320703, 0.19114012686448117, -0.6863951786738747, -0.26638751777689845, 0.16418802835268376, -0.11777067214746526], [-0.47865352708980335, -0.23325731456312, -0.39436335064368794, 0.6903266938661511, -0.7120808747982866, -0.15210914607378326, 0.05133390690281086, 0.46441991562629914, 0.25068972694554126, -0.45335545806905486, 0.25068972694554126, 0.18274760533344042, 0.6597433229857191, 0.42304911714614346, -0.08700198299156672]], "inverted": true, "swapped": false, "error_lsq": 0.05625555577861249, "error_max": 0.32525292074854983, "target": "489.xyz", "model": "7.xyz", "model_rescale": 3.964800864290218, "target_rescale": 4.220085063211586},
{"mapping": [0, 9, 1, 2, 11, 5, 6, 10, 8, 13, 7, 3, 12, 14], "R": [[-0.9552189119092755, -0.14698865374838999, 0.2568095909425806], [0.2526445316763083, -0.856943060426554, 0.4492430653898069], [0.15403756342177882, 0.49400701093811145, 0.8557040973368505]], "T": [0.045780018400301534, -0.12411317882063391, 0.018652710440737234], "aligned_model": [[-0.31041948634081673, 0.19415843019103546, 0.4689917589834651, -0.6719376580221564, 0.2980746507335743, -0.28894313924294296, -0.46714985304103196, 0.6636747221231108, 0.412636169800644, 0.04028973980269342, -0.5006569055233047, -0.1555070672412977, 0.5677881565723978, 0.010188370665502475], [-0.17529161521684009, -0.43354958196713, 0.19183202104421657, -0.05115746779293165, 0.553663935891024, -0.6402122473651783, 0.39038742494950085, -0.4088307297028074, -0.4229027586603036, 0.12158032905404617, -0.08442859252391066, 0.5970163516210487, 0.28014294030177544, -0.10730154345130713], [-0.6516588698060473, -0.5060605282107086, -0.5473160504478785, -0.20361314859559704, -0.05258192968591003, 0.3458206043897547, 0.0626643185934001, -0.030783472408407862, 0.46394732507814396, 0.705887761125744, 0.4901990795677204, 0.4249909134298303, 0.42678074065588006, -0.011461704960902666]], "inverted": false, "swapped": true, "error_lsq": 0.040944715609823656, "error_max": 0.22228106064321454, "target": "489.xyz", "model": "8.xyz", "model_rescale": 4.121658175737393, "target_rescale": 4.220085063211586},
{"mapping": [0, 2, 6, 11, 4, 9, 7, 8, 13, 5, 1, 12, 14], "R": [[-0.13659535606122541, 0.039680563998674034, -0.989831885495337], [0.5679204412876688, 0.8218289358868804, -0.04542656168649728], [0.8116699335752966, -0.5683508185793215, -0.13479341953555699]], "T": [-0.045658675953862186, 0.029093194018756922, 0.06341068538890798], "aligned_model": [[-0.6867896012014654, -0.2897802642911579, 0.18926741548328946, 0.27441615429588895, -0.6964122219915821, -0.6304238065223398, 0.30399431032247554, 0.22633930957878973, 0.6627960550969377, -0.07629649819437682, -0.3088823129290472, 0.5757013896441703, -0.06719243285638563], [0.06365350074064274, -0.3118905075202097, -0.03809777645675972, 0.6256782889336217, -0.5317647527148562, 0.18793554007667818, -0.531026718545632, -0.09937853452631928, -0.14423494090028854, -0.6455092155880642, 0.755653201534845, 0.43083821763632163, 0.02853113674173014], [-0.34472122470041733, -0.5642660437531162, -0.6221839842209578, -0.20068607765643637, -0.14002312940988101, 0.22437613094762845, -0.23075360406577167, 0.6393082921706459, 0.09055307950019348, 0.2349029139220855, 0.017868865018568082, 0.2979242246390618, 0.018775991567485648]], "inverted": true, "swapped": true, "error_lsq": 0.04408845322213121, "error_max": 0.22972593767091395, "target": "489.xyz", "model": "9.xyz", "model_rescale": 3.833441315466971, "target_rescale": 4.220085063211586},
{"mapping": [9, 8, 7, 12, 3, 4, 11, 6, 5, 2, 13, 10, 0, 1, 14], "R": [[-0.332579023262326, -0.6328004635228902, 0.6992530061795179], [0.8384109118399067, 0.14110152387747166, 0.5264575033820219], [-0.43180821691308013, 0.761350072781681, 0.4836194066429466]], "T": [0.1398531349727139, -0.05116079438390908, 0.0977771126784148], "aligned_model": [[0.024086521855721243, -0.06661261050003309, 0.6159608432166127, 0.46502358946463934, 0.3112588673401552, 0.34912918010029054, 0.5292326439114063, 0.5930100237048459, -0.3082444954901878, -0.3296879320252176, -0.6553404138871431, -0.13495227675538385, -0.3411098036586489, 0.05629188338450175, 0.14166269871350984], [-0.21063564991190692, -0.6723518761088997, -0.19568785032909664, -0.2249552550476709, 0.3868145317828473, 0.7097980266665647, -0.6061087929963169, 0.35854733818173107, 0.4517389714671214, 0.1437686937623158, -0.002247093899131025, -0.7954912407181235, -0.11576040844986989, 0.23655466229954525, -0.040133426576894504], [-0.6890367079135087, -0.32536931387917645, -0.3453338858675198, 0.5743059347646341, -0.6323732405559973, -0.016493573376550413, 0.021925956468925825, 0.39445479695733976, 0.1588961812865201, -0.4103409208345964, 0.06677370687830012, 0.3127383088621214, 0.5756102459260782, 0.7729409936230844, 0.00347987918268948]], "inverted": true, "swapped": false, "error_lsq": 0.04945413025790972, "error_max": 0.3619564542640388, "target": "489.xyz", "model": "10.xyz", "model_rescale": 4.2482417240324, "target_rescale": 4.220085063211586},
{"mapping": [5, 8, 10, 12, 0, 1, 9, 11, 13, 6, 7, 14], "R": [[0.5472791588343328, 0.6176079963843345, -0.5648414690049883], [-0.32191491076584716, 0.7782960827623736, 0.5390973917423094], [0.7725647626783154, -0.11320587599092308, 0.6247624485425848]], "T": [-0.08858771423113362, 0.06988266253020294, -0.0019338012310819858], "aligned_model": [[-0.6445291869697444, 0.03889939843078827, 0.1919408941340621, 0.6063889193676802, -0.45476509514527585, 0.38300378310439, -0.2248199874281024, 0.5331033864006901, 0.1302094761403559, -0.14184847656669375, -0.43324001380085486, -0.1075774953042887], [-0.340832078504977, -0.5575091854817168, -0.23971070917123544, -0.22354545498064815, 0.6957821934811678, 0.5400960840827931, 0.2818621172028462, 0.38597606062716594, -0.35113135232511256, 0.46528779088304806, -0.1043125310720323, 0.11416845530934061], [-0.08956457226429781, 0.10884727937128662, 0.5372855687204777, -0.18466697779954389, 0.2282375197560066, 0.39271918915352305, 0.5721711560982776, -0.20612467213309016, -0.5565169299339114, -0.6106726792539537, -0.6129943410965352, -0.013528250763883063]], "inverted": true, "swapped": true, "error_lsq": 0.049909529719482426, "error_max": 0.32827162382853875, "target": "489.xyz", "model": "11.xyz", "model_rescale": 3.6694154284099745, "target_rescale": 4.220085063211586},
{"mapping": [9, 4, 7, 2, 0, 10, 1, 12, 6, 3, 13, 11, 8, 14], "R": [[0.48583220378652775, -0.7407616498024224, -0.4639388407386463], [0.8740202693688771, 0.4071994416299953, 0.26509844109042846], [-0.007459121682951986, -0.5342853104084121, 0.8452712988061912]], "T": [-0.040785687274616865, 0.015445894658023228, -0.10234287413418641], "aligned_model": [[0.07997261248914164, 0.199461828425325, -0.08427020214512235, 0.49265586921086735, 0.561311039384057, -0.45620053910818525, 0.3214016388673328, -0.3472439277788722, 0.4547498147346103, 0.1710719964722178, -0.37615420070625516, 0.26073388796572555, -0.6852748814600851, 0.006049913905052558], [-0.3996386893198634, 0.3268094808256282, 0.7321113640105905, 0.48303618298464546, -0.06677987600638499, -0.5205813217595959, -0.655694164655485, -0.19009964720505299, 0.45957491509797677, 0.4039451524043744, 0.40442818337896086, -0.23931871020822673, -0.03457806421888963, 0.027772482807576354], [-0.5564499591658357, -0.8927611048875984, -0.018534411210580637, -0.3604954239781485, -0.5600910456524067, -0.17587660094990382, 0.030478609646382104, 0.5805322039440465, 0.19251120062203975, 0.625557994320781, 0.41622071610421696, 0.5078126097707286, -0.03694237885654586, -0.11286695005476]], "inverted": false, "swapped": true, "error_lsq": 0.05208001248273434, "error_max": 0.3866409465357295, "target": "489.xyz", "model": "12.xyz", "model_rescale": 3.9764082729961374, "target_rescale": 4.220085063211586},
{"mapping": [0, 5, 2, 10, 7, 3, 1, 8, 14, 4, 6, 12, 13, 11, 15], "R": [[0.8724436976710023, 0.45821800814454505, 0.1699360215086694], [0.48852209884876685, -0.8079198888035113, -0.3295627591402255], [-0.013716899450859243, 0.3705424540963804, -0.9287142382787545]], "T": [0.037662961161179995, -0.12922291407059816, 0.014087680460886386], "aligned_model": [[0.22633143419936685, -0.4797901526535279, 0.7645719180386925, 0.5195833606181673, 0.29995491931051194, 0.21220334799245633, 0.5523079877214966, 0.6173730466650807, -0.36208127171827187, -0.29978500898507915, -0.7087267528436607, 0.029626328809456703, -0.3164059840438892, 0.18925911267347423, 0.0052864335907939], [-0.28810261033780976, -0.5953110158283881, -0.12789555255738305, -0.25664051734965354, 0.2846564008477183, 0.6925836830729662, -0.480781801086401, 0.2183828561734249, 0.43600754545047227, 0.0898562496541406, 0.030291996757800477, -0.6585250744692964, -0.18918803598974948, 0.3047465779121634, -0.036230072127789434], [-0.6687515267451286, -0.4526328593035443, -0.3143344875314394, 0.6446940409744041, -0.5611866369703061, 0.0652053639932552, 0.1360279275409081, 0.22087085653347818, 0.4134961374122731, -0.5808887133944216, 0.04749716639545272, 0.37044167649009085, 0.5095873397760973, 0.6615703332202449, -0.02941825686901992]], "inverted": true, "swapped": false, "error_lsq": 0.035322084014263844, "error_max": 0.22996624331442508, "target": "489.xyz", "model": "13.xyz", "model_rescale": 4.170626492500431, "target_rescale": 4.220085063211586},
{"mapping": [8, 10, 5, 9, 7, 2, 4, 12, 13, 1, 11, 0, 6, 14], "R": [[-0.029627247505134235, 0.14146993878366776, -0.9894991069353298], [-0.9991879507367054, -0.03123550535693076, 0.025451567882565307], [-0.02730687290506184, 0.9894496448155625, 0.14228048027225781]], "T": [-0.003672954497012059, -0.032432036376601275, 0.05519400995433581], "aligned_model": [[0.26346839399908567, -0.05313727528669039, -0.12642051002661525, -0.5544722136828178, 0.252784836497091, -0.3125231568377665, -0.7341976874739262, 0.6757037934640658, 0.6728170928818535, -0.16043801062756924, 0.39141285086153355, -0.6446299599624558, 0.1991590768864444, -0.0263442086005896], [-0.38496031726959434, -0.6973454867173863, 0.22847681875573964, -0.31942383493850635, 0.5732766878405978, 0.6434065906198411, 0.39133438053581027, -0.38963560736176917, 0.1269173655785055, -0.4569019324421677, -0.14134613864757611, 0.20162550807675267, 0.5795583248896599, 0.0010921090057587485], [-0.4207316709669941, -0.08883817175678015, -0.5790742917692209, 0.1409081110838545, -0.24459007784732562, 0.18822413318816622, -0.20206611036112337, 0.17067924025837417, -0.16764324401088188, 0.6832865266247201, 0.6553220774663556, 0.39165517735996297, 0.39293934406110287, 0.0838020577906556]], "inverted": true, "swapped": true, "error_lsq": 0.04320570663298535, "error_max": 0.24782963081351767, "target": "489.xyz", "model": "14.xyz", "model_rescale": 3.9786697098870705, "target_rescale": 4.220085063211586},
{"mapping": [10, 5, 12, 1, 13, 3, 4, 2, 11, 9, 7, 14], "R": [[0.2971873912634887, 0.918943815813935, -0.25927189946333784], [-0.6915651396565189, 0.019935968729313944, -0.7220389288415715], [-0.6583443719557889, 0.39388427301448437, 0.6414342268588334]], "T": [0.01235639149692716, -0.08349920047564426, -0.04766898206780332], "aligned_model": [[0.09010898861968038, -0.6688603842313819, 0.48747700035266583, 0.6369935498615382, 0.022369357012883673, 0.39943660518787105, -0.6267287527321314, -0.21388692122773748, 0.7164426917479664, -0.02627606538081466, -0.3510998409746581, 0.017378368531454358], [-0.5575810724826762, 0.0419440325066016, 0.1702748279634711, -0.5246750844803908, 0.5369645789402505, 0.6741264845414925, -0.3211871270220968, 0.1342774940150378, 0.09630976561302194, -0.6882161187431671, 0.5319680484145954, -0.0795313390417008], [-0.531923870653051, -0.12279801381675483, -0.606545663226928, 0.07250774092662973, -0.4318719190885777, -0.004922575191631223, 0.5131355820169334, 0.6387933881303388, -0.04134520171563316, 0.11331550641009439, 0.06014469551772919, 0.0014768245646801792]], "inverted": true, "swapped": true, "error_lsq": 0.05434005239773416, "error_max": 0.28939288910716265, "target": "489.xyz", "model": "15.xyz", "model_rescale": 3.769337070930944, "target_rescale": 4.220085063211586},
{"mapping": [6, 0, 13, 7, 11, 1, 12, 9, 8, 5, 14], "R": [[-0.8994833779333076, -0.394684485911973, 0.18749349162594492], [0.07533655658774208, 0.2825855580497282, 0.9562791462869124], [-0.43041149620240005, 0.8742823107910428, -0.22444684220252703]], "T": [-0.010375836892420531, -0.010296367238984978, 0.06071069233385895], "aligned_model": [[-0.4127279645088657, -0.24820384595458664, -0.086670947200926, -0.6117628994484213, 0.37781537700554396, 0.557817282627839, 0.5018221368377023, 0.16328483448997724, 0.20837372272065022, -0.49088094516817044, -0.03624062070957175], [0.07085568691942626, -0.7177752790724923, 0.7059796916975473, 0.38288537359820835, 0.09390980021782308, -0.43786723663948524, 0.5377988464434278, -0.5632966043063463, 0.4081772811241141, 0.15611892934061425, -0.04072199169749484], [-0.5403484191162794, -0.08668795609658858, -0.056827052234561415, -0.01844659486053117, -0.5447291715679183, -0.2452139970208954, -0.1386103242657193, 0.2997164088184813, 0.5070002602837258, 0.5370062535471463, 0.03135819973691734]], "inverted": false, "swapped": true, "error_lsq": 0.042772702405904174, "error_max": 0.21081399860902558, "target": "489.xyz", "model": "16.xyz", "model_rescale": 3.7852294659196426, "target_rescale": 4.220085063211586},
{"mapping": [12, 7, 6, 3, 8, 5, 4, 2, 11, 1, 9, 0, 14], "R": [[0.008253316900934615, -0.983145425678646, -0.1826388642301717], [-0.4848170041835823, 0.15580839594407245, -0.8606254796412849], [0.87457667200457, 0.09564944182006227, -0.47535968388676103]], "T": [-0.07861685617812637, 0.12765664368498947, -0.11214222630290559], "aligned_model": [[0.014994237217025752, -0.3995015425314648, 0.23948800324142283, 0.1928712110367573, -0.5588363966758615, -0.7118080630178493, -0.3129275119886362, 0.055022360198834816, 0.5064888256650647, 0.5628878043083421, 0.03492074753991768, 0.2798628572537846, -0.049696682031055005], [-0.3173423266065157, -0.36380410352513254, -0.3477185310977362, -0.6781995889621646, 0.07316644378254006, 0.14576260415637268, 0.5939853201450422, 0.08663459186013239, -0.2003101208159241, 0.43288795044994766, 0.7442524893407336, 0.5745807353420027, 0.13116015963357666], [-0.7411866403516806, 0.30978609517962347, 0.3379385304094889, -0.061694358229037835, -0.5463840410845424, 0.17799177967107627, 0.5999414858989421, 0.6296805706130423, -0.39178112764288553, -0.419641502613539, -0.11527258665159922, 0.3884235391036478, -0.0720470471593625]], "inverted": false, "swapped": true, "error_lsq": 0.05556015771909834, "error_max": 0.3300603864635789, "target": "489.xyz", "model": "17.xyz", "model_rescale": 3.901054581598922, "target_rescale": 4.220085063211586},
{"mapping": [7, 12, 1, 10, 0, 8, 6, 4, 5, 3, 13, 11, 9, 10, 14], "R": [[-0.10928677240757595, 0.9866234210809017, 0.12095712608752204], [0.9276940072883404, 0.05753547592615371, 0.3688814143478253], [0.3569877171809076, 0.15252506018542988, -0.9215725016499764]], "T": [0.0733182485736773, 0.04548465223122033, -0.014720402542646512], "aligned_model": [[0.24824747308494804, -0.34361267189989825, 0.6684005372530767, 0.2623395712247243, 0.17513846124701526, 0.26588678240281527, 0.5905553775193801, 0.7201718934543526, -0.29464673930527047, -0.38736092743647915, -0.648094157579041, 0.056875775700815645, -0.3654902138248179, 0.2623395712247243, 0.03895798630872324], [-0.3834709279428494, -0.5214824582231914, 0.09162387990040949, -0.10044415542696439, 0.24559074405798081, 0.6715864941994402, -0.4984363549422226, 0.2973707616385002, 0.4207683604056963, 0.009667486569804144, 0.1265125278268259, -0.704985182330418, -0.13366717282717597, -0.10044415542696439, 0.003660782643344372], [-0.4891399430831443, -0.2528212368403095, -0.3744894823786088, 0.7697727273237471, -0.7393545963290437, 0.09173191261663649, -0.03319838039669549, 0.3643676082174635, 0.32269618428983404, -0.6229125736097864, -0.03709945359463132, 0.2559374283537243, 0.4430364960836966, 0.7697727273237471, -0.006121056454285546]], "inverted": true, "swapped": false, "error_lsq": 0.05007906968702581, "error_max": 0.3680344825588415, "target": "489.xyz", "model": "18.xyz", "model_rescale": 3.9405287249114394, "target_rescale": 4.220085063211586},
{"mapping": [3, 1, 10, 5, 14, 13, 2, 11, 7, 12, 4, 6, 8, 9, 15], "R": [[-0.9731543266477055, -0.12578082791983158, -0.19274293723675773], [0.22601310751349757, -0.6804043208422572, -0.697114076325589], [-0.04345954163291668, -0.7219620097394244, 0.6905665244812178]], "T": [-0.02779674628718183, 0.005372819249125145, -0.01862444177251473], "aligned_model": [[0.18526842056475068, -0.15911416522969984, 0.6961805819176585, 0.36556097893165485, 0.4036577798833068, 0.10524741915901785, 0.5333211309005573, 0.6044279303502296, -0.34995930746820664, -0.2662479284549444, -0.7409057089518654, -0.05432881421213852, -0.2742109077563621, 0.1960737503109633, 0.004737559430146303], [-0.3082603165642698, -0.5793692568694975, -0.15750593720721595, -0.3044549272150808, 0.3785444081827109, 0.662676793678703, -0.6450987789237352, 0.30890629865698466, 0.3828084461528916, 0.12250580883379736, 0.1668286455182692, -0.6651840394547429, -0.2946369378434553, 0.373699460926444, -0.017609037749587792], [-0.7812948067849361, -0.29494285208604554, -0.2779145802026967, 0.645106761569954, -0.5423886245265168, -0.05838095836755921, 0.11312801886415344, 0.14682218717197376, 0.4807543529899241, -0.49774859967226665, -0.010100818885179112, 0.30990714606805553, 0.6306415762914592, 0.6163773950280909, -0.0177878359360667]], "inverted": true, "swapped": false, "error_lsq": 0.042193694928654255, "error_max": 0.31638937962313374, "target": "489.xyz", "model": "19.xyz", "model_rescale": 4.410303926677745, "target_rescale": 4.220085063211586},
{"mapping": [0, 9, 1, 2, 11, 5, 6, 10, 8, 13, 7, 3, 12, 14], "R": [[-0.9552189119092755, -0.14698865374838999, 0.2568095909425806], [0.2526445316763083, -0.856943060426554, 0.4492430653898069], [0.15403756342177882, 0.49400701093811145, 0.8557040973368505]], "T": [0.045780018400301534, -0.12411317882063391, 0.018652710440737234], "aligned_model": [[-0.31041948634081673, 0.19415843019103546, 0.4689917589834651, -0.6719376580221564, 0.2980746507335743, -0.28894313924294296, -0.46714985304103196, 0.6636747221231108, 0.412636169800644, 0.04028973980269342, -0.5006569055233047, -0.1555070672412977, 0.5677881565723978, 0.010188370665502475], [-0.17529161521684009, -0.43354958196713, 0.19183202104421657, -0.05115746779293165, 0.553663935891024, -0.6402122473651783, 0.39038742494950085, -0.4088307297028074, -0.4229027586603036, 0.12158032905404617, -0.08442859252391066, 0.5970163516210487, 0.28014294030177544, -0.10730154345130713], [-0.6516588698060473, -0.5060605282107086, -0.5473160504478785, -0.20361314859559704, -0.05258192968591003, 0.3458206043897547, 0.0626643185934001, -0.030783472408407862, 0.46394732507814396, 0.705887761125744, 0.4901990795677204, 0.4249909134298303, 0.42678074065588006, -0.011461704960902666]], "inverted": false, "swapped": true, "error_lsq": 0.040944715609823656, "error_max": 0.22228106064321454, "target": "489.xyz", "model": "20.xyz", "model_rescale": 4.121658175737393, "target_rescale": 4.220085063211586},
{"mapping": [4, 5, 8, 9, 10, 2, 13, 0, 6, 11, 12, 1, 14], "R": [[-0.8393285917670776, 0.042806089159752855, -0.5419364849990647], [-0.5174312967936455, 0.24280649501954166, 0.820554604566187], [0.16671043200933924, 0.9691298389313852, -0.18164522331205651]], "T": [0.06445438326661372, 0.00939233218973267, 0.05454208410887394], "aligned_model": [[0.12676200839497925, -0.08829525010212823, 0.19762154392608317, 0.6142071716331373, 0.6383720465656646, -0.31536584623189473, -0.4530931820736373, 0.23921601439578472, -0.5505733292091666, -0.06283186164078976, -0.02533697460218566, 0.5103569367373948, 0.05004362687105311], [-0.6767090610606286, 0.012855722772365165, 0.5765997793368118, -0.2900743815769883, 0.37775256390106504, -0.6338066964064739, 0.5232476592685082, -0.7281742693356461, -0.2858878283670776, 0.14558668618365572, 0.6738226661803908, -0.11810157775100785, -0.03628435898179109], [0.6066378811670255, 0.7343157420845514, 0.3420975776903778, 0.08893078171235336, 0.06974538278601118, 0.16351416214066072, 0.0825541940617447, -0.010794083073586674, -0.19902346090304773, -0.6478524506666783, -0.33655104871020536, -0.565269500748271, 0.041804561940853774]], "inverted": false, "swapped": true, "error_lsq": 0.04649423206764063, "error_max": 0.298905082997334, "target": "489.xyz", "model": "21.xyz", "model_rescale": 4.08911054899281, "target_rescale": 4.220085063211586},
{"mapping": [10, 9, 7, 3, 6, 0, 13, 4, 1, 5, 11, 14, 15, 2, 16], "R": [[-0.6476587550342643, 0.5507913383643339, 0.5264665598215071], [0.7618957590448137, 0.4747655144834444, 0.4405820679587373], [-0.007279380261668078, 0.6864594728314964, -0.7271316268619525]], "T": [0.04237856539140558, -0.03527153289261163, -0.00029437929369616547], "aligned_model": [[0.13923749498631133, -0.23788493821135584, 0.6088951254854191, 0.5019738867288852, 0.20577920433860789, 0.5262992422764994, 0.6633939529655095, 0.5256970709466264, -0.27353225715635643, -0.39815675761145086, -0.7046714867651461, 0.028412914819476248, -0.4501593127573349, 0.027701008804995042, 0.08672357052438269], [-0.3258171106914693, -0.6323129922863188, -0.03905856384535854, -0.45543097081330186, 0.43101863010055463, 0.5695544488310804, -0.240013985366332, 0.16912155313292848, 0.624641513081958, -0.18764119534882445, 0.1311001149939574, -0.5972415457882663, -0.17090087966889622, 0.16631589426340615, -0.01948428047290259], [-0.7468444607980742, -0.26962962740625873, -0.43022557558589636, 0.6051121045048719, -0.5583605435061675, -0.009552267515039268, 0.09536325280887019, 0.45896467008974595, 0.30746121401989585, -0.5298613430460778, 0.01109529194160563, 0.3092492382422239, 0.5198192013557117, 0.6928152137134432, 0.006771992703489563]], "inverted": true, "swapped": false, "error_lsq": 0.04489391350355364, "error_max": 0.29982562325815554, "target": "489.xyz", "model": "22.xyz", "model_rescale": 4.204369325754507, "target_rescale": 4.220085063211586},
{"mapping": [3, 1, 10, 5, 14, 13, 2, 11, 7, 12, 4, 6, 8, 9, 15], "R": [[-0.9731543266477055, -0.12578082791983158, -0.19274293723675773], [0.22601310751349757, -0.6804043208422572, -0.697114076325589], [-0.04345954163291668, -0.7219620097394244, 0.6905665244812178]], "T": [-0.02779674628718183, 0.005372819249125145, -0.01862444177251473], "aligned_model": [[0.18526842056475068, -0.15911416522969984, 0.6961805819176585, 0.36556097893165485, 0.4036577798833068, 0.10524741915901785, 0.5333211309005573, 0.6044279303502296, -0.34995930746820664, -0.2662479284549444, -0.7409057089518654, -0.05432881421213852, -0.2742109077563621, 0.1960737503109633, 0.004737559430146303], [-0.3082603165642698, -0.5793692568694975, -0.15750593720721595, -0.3044549272150808, 0.3785444081827109, 0.662676793678703, -0.6450987789237352, 0.30890629865698466, 0.3828084461528916, 0.12250580883379736, 0.1668286455182692, -0.6651840394547429, -0.2946369378434553, 0.373699460926444, -0.017609037749587792], [-0.7812948067849361, -0.29494285208604554, -0.2779145802026967, 0.645106761569954, -0.5423886245265168, -0.05838095836755921, 0.11312801886415344, 0.14682218717197376, 0.4807543529899241, -0.49774859967226665, -0.010100818885179112, 0.30990714606805553, 0.6306415762914592, 0.6163773950280909, -0.0177878359360667]], "inverted": true, "swapped": false, "error_lsq": 0.042193694928654255, "error_max": 0.31638937962313374, "target": "489.xyz", "model": "23.xyz", "model_rescale": 4.410303926677745, "target_rescale": 4.220085063211586},
{"mapping": [0, 1, 2, 8, 12, 6, 4, 5, 14, 7, 11, 10, 9, 15, 16], "R": [[0.9071287648719994, 0.42033772886214626, 0.020823007391190404], [0.3921394957544574, -0.8262399159219423, -0.4044183690273498], [-0.15278749887095044, 0.37502505920580104, -0.914337019460792]], "T": [-0.0027165971311124693, -0.009159865316180914, 0.026585694659415803], "aligned_model": [[0.31180983133945517, -0.36397498872375633, 0.7454136034096367, 0.3186404705565796, 0.35269597235852157, 0.1771821154233786, 0.5517933184967514, 0.5868290449365535, -0.37000241542393564, -0.3599079660874429, -0.6149097999006142, -0.1110356542827186, -0.1999777975589262, 0.19682291894944084, 0.0283300658821454], [-0.11677706550313784, -0.6280545260134022, -0.3586399513275313, -0.4002373660343848, 0.45494291772917606, 0.7280548427581953, -0.38564825728524865, 0.20977741037650355, 0.4444993060845856, 0.035815374330434066, -0.13042569092751286, -0.580339295084423, -0.09242188210466869, 0.351780673173364, -0.10847586004973353], [-0.6515569710855119, -0.4454282066556881, -0.3620771717154632, 0.6742697926065749, -0.5251989979535887, 0.07185176561599561, 0.18361950367542113, 0.036805218093576356, 0.36928742196696346, -0.5322724720019741, 0.13258365988698206, 0.3195105777660373, 0.6152922760685892, 0.6090117414945184, -0.03351977624008731]], "inverted": true, "swapped": false, "error_lsq": 0.04807284040170561, "error_max": 0.3021461550008303, "target": "489.xyz", "model": "24.xyz", "model_rescale": 4.28219845311461, "target_rescale": 4.220085063211586},
{"mapping": [3, 1, 9, 10, 7, 13, 11, 12, 2, 4, 0, 8, 6, 14, 15], "R": [[0.18594686237649022, -0.429851033504336, 0.883545048861456], [0.859326624167002, 0.5071649946933476, 0.0658894616417568], [-0.47642577320090734, 0.7470018454816232, 0.4636881769863952]], "T": [0.13390224894232544, -0.04554283494051453, -0.019195957558650528], "aligned_model": [[0.037456020436613446, -0.17463704314097134, 0.6944369862064317, 0.24367085965659507, 0.3204313343162049, 0.2810149102761622, 0.5745115495698285, 0.7599423965801775, -0.2657028334139074, -0.36037698109674193, -0.680770371796608, -0.020567907694207632, -0.45135662522615533, 0.2317204549676532, 0.059935969733993844], [-0.31755024484796146, -0.5415009606740986, -0.12452090676971089, -0.4029198606088528, 0.3694187269649297, 0.5290561309319868, -0.19747458873327844, 0.3001808450885675, 0.42220000090847726, 0.2010856783653252, -0.0565199415338862, -0.6593647199811061, -0.2589856715722526, 0.20242477343934073, -0.04167863085526465], [-0.73805299398682, -0.28131509384259223, -0.38856969291252097, 0.6807592784773326, -0.6505118913040321, -0.052517875728713664, 0.26233069773102535, 0.2509313658385751, 0.2813243280377312, -0.49826901274152113, 0.02254366612199457, 0.2659491302172453, 0.6320423557020642, 0.6943082741449813, -0.018774174232406245]], "inverted": false, "swapped": false, "error_lsq": 0.040976584894561095, "error_max": 0.2519459412689571, "target": "489.xyz", "model": "25.xyz", "model_rescale": 4.100010024507729, "target_rescale": 4.220085063211586},
{"mapping": [5, 8, 10, 12, 0, 1, 9, 11, 13, 6, 7, 14], "R": [[0.5472791588343328, 0.6176079963843345, -0.5648414690049883], [-0.32191491076584716, 0.7782960827623736, 0.5390973917423094], [0.7725647626783154, -0.11320587599092308, 0.6247624485425848]], "T": [-0.08858771423113362, 0.06988266253020294, -0.0019338012310819858], "aligned_model": [[-0.6445291869697444, 0.03889939843078827, 0.1919408941340621, 0.6063889193676802, -0.45476509514527585, 0.38300378310439, -0.2248199874281024, 0.5331033864006901, 0.1302094761403559, -0.14184847656669375, -0.43324001380085486, -0.1075774953042887], [-0.340832078504977, -0.5575091854817168, -0.23971070917123544, -0.22354545498064815, 0.6957821934811678, 0.5400960840827931, 0.2818621172028462, 0.38597606062716594, -0.35113135232511256, 0.46528779088304806, -0.1043125310720323, 0.11416845530934061], [-0.08956457226429781, 0.10884727937128662, 0.5372855687204777, -0.18466697779954389, 0.2282375197560066, 0.39271918915352305, 0.5721711560982776, -0.20612467213309016, -0.5565169299339114, -0.6106726792539537, -0.6129943410965352, -0.013528250763883063]], "inverted": true, "swapped": true, "error_lsq": 0.049909529719482426, "error_max": 0.32827162382853875, "target": "489.xyz", "model": "26.xyz", "model_rescale": 3.6694154284099745, "target_rescale": 4.220085063211586},
