[{"mapping": [9, 2, 5, 10, 6, 8, 0, 7, 4, 3, 11, 13], "R": [[0.05106055528786955, 0.9161626500616997, 0.3975409643365302], [-0.9979317718091121, 0.06237009582823251, -0.015561168346359566], [-0.03905122927157435, -0.39592419701036335, 0.9174524683677505]], "T": [-0.06922762275263539, -0.03373373419051532, 0.005072859482339338], "aligned_model": [[-0.409077804654562, 0.1689217003810011, 0.38270706091430595, -0.17602728826049568, 0.03221829500624959, -0.4099737660660432, 0.4028915874072683, -0.29823767201958185, 0.593231704713199, 0.2686747708976756, -0.6235245083284081, -0.09416161753005994], [-0.35971781193409863, -0.717897447017744, -0.20921230945969535, 0.6573183156255225, 0.36437087844244725, -0.5870252151665999, -0.11482645306756656, -0.5909923714679837, 0.03964868605270578, 0.4339478790316726, 0.2026002340066439, -0.0646593490682468], [-0.5737078529635383, 0.05436948855926546, -0.5815581327702154, -0.04850798507096023, -0.5349517236932171, -0.08514380207263826, 0.5196355882843754, 0.640327124760595, -0.053507314074696985, 0.44464908989637336, 0.36442582690629927, 0.03592143759192041]], "inverted": true, "swapped": true, "error_lsq": 0.04034708154052354, "error_max": 0.22300615176510316, "target": "49.xyz", "model": "0.xyz", "model_rescale": 3.751011558992144, "target_rescale": 4.167778929169133},
{"mapping": [3, 13, 0, 12, 7, 1, 6, 2, 8, 4, 11, 9, 10, 14], "R": [[0.6843988104670435, 0.23158405012056005, 0.6913516442166415], [-0.7216808653910173, 0.35016588079727917, 0.5971269416580849], [-0.10380268185248478, -0.9076082214563856, 0.406782889985565]], "T": [-0.06400648618389465, 0.0967794275792937, 0.0026019735939222383], "aligned_model": [[-0.13974871165492947, 0.026005332536948103, -0.527965283120533, 0.46194027686412714, 0.11234181313220001, -0.3755165111350684, 0.29794418725098937, -0.6497664174260946, -0.6371856241363674, -0.3095149941957157, 0.7145242167455934, 0.36559226863687716, 0.3033937952267188, -0.015000166779595855], [-0.14871748304241622, 0.47289981881728627, -0.41466967540760247, -0.1191088236475171, -0.5321023084818836, -0.45038046766326567, -0.4073987952263799, 0.3446505159808617, 0.35012382627415045, 0.16967437071226088, -0.012853275377171736, 0.5831971713052935, 0.5322139844405623, 0.10238445324631623], [-0.7167034355812528, -0.6121610068189554, -0.31151037620864686, -0.47567343817083546, -0.11179235832092842, 0.30137128732762325, 0.4251203458793025, -0.5257760430512288, 0.22100651476895022, 0.7509240096647967, 0.13898967085893343, -0.11155716874362191, 0.5924049305543746, -0.021288961697174154]], "inverted": false, "swapped": false, "error_lsq": 0.04442481539934915, "error_max": 0.34648649381905294, "target": "49.xyz", "model": "1.xyz", "model_rescale": 3.9405287249114394, "target_rescale": 4.167778929169133},
{"mapping": [6, 9, 5, 11, 8, 4, 10, 12, 7, 0, 1, 3, 13], "R": [[-0.12163722691491119, 0.8943224626635138, 0.43057138525907446], [0.3771445491996197, -0.35961521704913596, 0.8534863119439693], [0.9181320025124198, 0.2662033591864888, -0.293546244262064]], "T": [-0.06869658791750455, -0.013502120868959973, -0.03362924378138023], "aligned_model": [[-0.21173646058462856, 0.3478352702606952, -0.4568186491905383, 0.4201927512671634, 0.3651400819702714, -0.730590053648742, -0.07892470228365656, 0.6913501738777745, 0.2226837207517543, -0.5430947895815712, 0.01134248532628801, -0.5011046781725067, -0.04029187070837228], [0.6393886625640407, 0.3891404140881869, 0.4352784985884408, -0.22724954059996116, -0.14942943742381934, 0.0508161347911859, 0.32316493461606816, 0.29493462864176245, -0.8149901422342661, -0.5292557442564243, -0.6684254416277375, -0.23092647985473308, -0.05361389372072618], [0.08332513620984773, -0.5038750075542863, -0.5102116930002532, 0.42192820777565504, -0.506585850248269, -0.10731220580339527, 0.581497320787357, 0.024671187214200543, -0.23173335875010131, 0.022867886673913304, 0.3762215865652563, 0.5066311313410021, -0.044303991622283136]], "inverted": false, "swapped": true, "error_lsq": 0.047685462953713266, "error_max": 0.2607325769303316, "target": "49.xyz", "model": "2.xyz", "model_rescale": 3.932901565614263, "target_rescale": 4.167778929169133},
{"mapping": [0, 2, 7, 1, 3, 8, 11, 4, 5, 9, 10, 6, 12, 13], "R": [[-0.95320588115636, -0.2613400832315187, 0.15198654225118197], [-0.26717993661671247, 0.9634594377659914, -0.018994558408376994], [-0.1414688290699297, -0.05871347951009702, -0.9882000292073465]], "T": [-0.02795213048552731, -0.06671293700795983, -0.04635269112212099], "aligned_model": [[-0.10845951057130243, 0.11142349940573842, -0.7379644705491897, 0.554799492049253, -0.06012489596136287, -0.21392350168868407, 0.5408821466026826, -0.5209760445519269, -0.3726778882005938, -0.41535694518349253, 0.5779656946045727, 0.16812918858893128, 0.1106034414480136, -0.007276024047490105], [-0.2021221524453524, 0.4140669518635575, -0.12631521006117696, -0.09052183113895407, -0.5548926840033371, -0.6244570760870167, -0.5493345647241157, 0.39026755372154714, 0.5206532149362078, 0.02946476254818245, 0.19056789010884345, 0.5866979675038901, 0.45774923481577706, 0.028089254892441934], [-0.6976078141494653, -0.7124044799699583, -0.0008269472912472639, -0.5030827031702603, -0.19240379815792974, 0.39310475840819276, 0.44478133135806724, -0.60431564310822, 0.1837882247810298, 0.5704619480084437, 0.23616386686591778, -0.08238832427577611, 0.4911150697451086, 0.01696848141743352]], "inverted": true, "swapped": false, "error_lsq": 0.04236736538953294, "error_max": 0.2766697385612729, "target": "49.xyz", "model": "3.xyz", "model_rescale": 3.9243930471874484, "target_rescale": 4.167778929169133},
{"mapping": [8, 11, 7, 2, 0, 9, 5, 1, 3, 10, 4, 6, 13], "R": [[-0.4267488601376502, -0.17185040118562123, -0.8878923639628608], [0.8926875134662393, 0.07725253539688942, -0.4440056858602321], [0.14489449151944644, -0.982089346947157, 0.12044127589920187]], "T": [-0.06532345093443483, -0.07066482232771881, -0.08738325135043437], "aligned_model": [[-0.07517696022601571, -0.19941311396707284, 0.5155085408903191, 0.3908844897222303, 0.5963037552786843, -0.5288070317698891, -0.17770534964526064, 0.38465616661516155, 0.23473573312115004, -0.45770812153272455, 0.213005946041379, -0.5762668745856184, -0.04281129363099059], [-0.6202225268707733, 0.2736591230271077, -0.27398555954735, -0.6344895532989019, 0.129730722071566, -0.6513330477513104, -0.4751046276196978, 0.35452022199630434, 0.5686384956291102, 0.5050910936455151, 0.005999126074669153, 0.0300926745170631, -0.08476658819171463], [-0.445528027743732, -0.6837843915256544, -0.7101397431906726, -0.05272446712517016, 0.04043867678640101, -0.15636339675349184, 0.5474177903062349, -0.5564722986840452, 0.07810733762373068, -0.007574689705225346, 0.5162096269008306, 0.34757634668218496, -0.13009244820042618]], "inverted": false, "swapped": true, "error_lsq": 0.042337672434328316, "error_max": 0.23124680206124867, "target": "49.xyz", "model": "4.xyz", "model_rescale": 3.8936222436046832, "target_rescale": 4.167778929169133},
{"mapping": [3, 10, 4, 0, 5, 9, 12, 8, 7, 11, 2, 13], "R": [[-0.29414517677928564, 0.49885196171222923, -0.8152455674662349], [-0.9079788621304253, -0.41217793109586587, 0.07539057661186649], [-0.2984174942958621, 0.7624015171898546, 0.5741871869737142]], "T": [-0.13677795521818864, -0.07797864160113628, -0.06460969819095108], "aligned_model": [[0.07616258748220206, -0.407344410129505, -0.2943597282632323, 0.3154928773978974, -0.6787690175902859, -0.5273013572407769, -0.33550363271399203, 0.005787473649083774, 0.671518177839443, 0.18448375833123226, 0.11197515175364098, -0.09459383830061016], [-0.47376142906672225, -0.7132962204555691, 0.1342084147745462, 0.041532640573650484, 0.4114831189392274, 0.22973456689692162, -0.34587787439696877, 0.2983894529847872, 0.1516100897775839, -0.6004090090022296, 0.6041834385685307, -0.06887428448395075], [-0.6339458833629139, -0.18706531662410933, -0.6792751476769409, -0.589410162107259, -0.2787276167039744, 0.49176691164181274, 0.6870161096348173, 0.4534642337873407, 0.1813113231711838, 0.276111242908464, -0.06318426936074234, -0.03877670603216028]], "inverted": false, "swapped": true, "error_lsq": 0.044960987888589626, "error_max": 0.28749531434530906, "target": "49.xyz", "model": "5.xyz", "model_rescale": 3.6523030999806103, "target_rescale": 4.167778929169133},
{"mapping": [7, 11, 12, 8, 9, 1, 10, 2, 3, 4, 6, 5, 13], "R": [[-0.7872720634777541, 0.009265004779028474, 0.6165361771655606], [0.6165733489684897, 0.0015724550533012804, 0.7872958990918766], [0.006324824840268695, 0.9999558425608353, -0.0069505049593531765]], "T": [0.040145670850243315, -0.034122639844642894, -0.02463715820901763], "aligned_model": [[0.14526929513559747, -0.2381125625105779, 0.3381363159851395, 0.5960313668416611, 0.7088878401049089, -0.4476771899992352, -0.4419963267775785, 0.4914488762204178, -0.6557180368435297, -0.12348453181488861, 0.029401748481343443, 0.42769665216237474, 0.05119945767866194], [-0.747716662415394, 0.05521299603007995, 0.4659459421839669, -0.20048442280393625, 0.2826552214499689, -0.4674110299925328, 0.47379979084838697, -0.5801688584893777, -0.16420855859653763, -0.1763612346327626, 0.557302324404637, 0.108683700255335, -0.06642230407865062], [0.4716121416476293, 0.6131910606783222, 0.5561693823003713, 0.2814564439595635, 0.07120946841206234, 0.396787259511334, 0.012563776361510674, -0.1839613171532543, -0.18269643627544505, -0.657616080298592, -0.3570618670656036, -0.6638430685869725, 0.012298975990862666]], "inverted": false, "swapped": true, "error_lsq": 0.050534373931258786, "error_max": 0.3008097337761138, "target": "49.xyz", "model": "6.xyz", "model_rescale": 4.08911054899281, "target_rescale": 4.167778929169133},
{"mapping": [8, 9, 4, 11, 10, 5, 12, 3, 6, 7, 13, 1, 2, 14], "R": [[0.47589510299329046, -0.17756152886539012, 0.8613917543220339], [0.3944978011605294, -0.8322600815892653, -0.3895056372795357], [0.7860631881894186, 0.525180978387465, -0.32602086453702933]], "T": [-0.027129012336485975, 0.03839630493786335, -0.0299844992704823], "aligned_model": [[-0.2563906002759814, 0.11052965711510453, -0.6675407725268898, 0.48038726784125424, 0.10072008624817773, -0.3532328496981359, 0.3974458413520758, -0.6292798019021169, -0.38743516833307934, -0.19602742569409404, 0.5532301719227748, 0.3895223408259101, 0.03710929293732494, 0.048006142132824725], [-0.19104506347095324, 0.37115037538264667, -0.23251053633545693, -0.12129423372423002, -0.6183002234768197, -0.558860023029082, -0.4593028215478744, 0.3980569093007103, 0.33093455322829196, 0.04292150622370754, 0.10573322311870297, 0.6310346555243762, 0.6687601246946662, 0.1026348660418091], [-0.6299384608734828, -0.7263192802738704, -0.14544769887709236, -0.2778901671635676, -0.2977141690143784, 0.3127141957150332, 0.2529177649867471, -0.39674070243630827, 0.153710393667785, 0.7254900622178951, 0.4110863329633617, -0.14455977661004238, 0.4686681234724611, -0.16262264731320406]], "inverted": false, "swapped": false, "error_lsq": 0.0494558514423235, "error_max": 0.34648345427126986, "target": "49.xyz", "model": "7.xyz", "model_rescale": 3.964800864290218, "target_rescale": 4.167778929169133},
{"mapping": [12, 4, 9, 2, 7, 8, 1, 11, 10, 5, 0, 6, 3, 13], "R": [[-0.0762062844484152, -0.00504311629569798, 0.9970793194067338], [0.819753458661876, -0.569588906690924, 0.059772438351883894], [0.567623880067126, 0.8219142560831185, 0.04754036626778296]], "T": [0.037302196217938885, 0.06046463675107168, -0.030013426738256403], "aligned_model": [[-0.2836909976977124, 0.19048297232012323, -0.6206127335775545, 0.5912177737639261, 0.14395841450683083, -0.42989699219439587, 0.4269964775713194, -0.4637014354882529, -0.6499963927596608, -0.3040381148702868, 0.6884377365239097, 0.1199478410590105, 0.2418119140554318, -0.023872281267538493], [-0.309519342949169, 0.3148766241112124, -0.09465621544072837, -0.08671067256147104, -0.6192171025034, -0.48774152297309475, -0.4840987066621251, 0.483217560889403, 0.3236983883637631, -0.017079725617753214, 0.24622214673314397, 0.6137718645652408, 0.561563343026749, 0.02558667294872377], [-0.6051222525387048, -0.6679033745615767, -0.1601756069447012, -0.36186533502679497, -0.21307174910039667, 0.23878483626695385, 0.30867377890067493, -0.5373679878130307, 0.3353119824636496, 0.7292917733357234, 0.2038156308197278, -0.18339736401964588, 0.4527272464821367, 0.0036523921973215592]], "inverted": true, "swapped": false, "error_lsq": 0.04780820160482544, "error_max": 0.2812179578185706, "target": "49.xyz", "model": "8.xyz", "model_rescale": 4.121658175737393, "target_rescale": 4.167778929169133},
{"mapping": [2, 8, 9, 5, 7, 0, 11, 3, 10, 1, 4, 6, 13], "R": [[0.7634844119825093, 0.09383145440656411, 0.6389735603478999], [-0.10799301698763487, -0.9569101260750071, 0.26955615165865315], [0.6367331159454728, -0.27480660250267525, -0.7204528230767829]], "T": [0.037652219965147414, -0.006929312938654354, -0.08197681082785549], "aligned_model": [[-0.6022632496217715, -0.21018929458124783, 0.21728088316901492, 0.036583574185657323, -0.6322824195268981, -0.4705753318867259, 0.2421447686370158, 0.03958518331511376, 0.6352915805239173, -0.2440321695966106, -0.126768829835093, 0.5845688427322182, 0.007393958920606868], [0.17659964313775456, -0.18986450304226293, 0.10883679940229828, 0.7208443006239411, -0.5604172259247684, 0.038168080462686285, -0.6734359045577224, -0.04267192566284313, -0.08625868142659261, -0.5919256651581327, 0.540210280276525, 0.3946455074085036, -0.044343266127677076], [-0.37189155305693344, -0.6611898485047549, -0.7968772435942083, -0.30450329273303606, -0.18860458407078382, 0.4016742619261886, -0.0033314171595728997, 0.6424885855949595, 0.2763024894628433, 0.34433491200225996, 0.26626586432860144, -0.08697467714525767, -0.0966180630912168]], "inverted": false, "swapped": true, "error_lsq": 0.05391096797453621, "error_max": 0.3913345561625953, "target": "49.xyz", "model": "9.xyz", "model_rescale": 3.833441315466971, "target_rescale": 4.167778929169133},
{"mapping": [5, 0, 4, 13, 2, 3, 9, 1, 6, 7, 8, 10, 11, 14], "R": [[0.29431627629682716, -0.030791655538641716, 0.9552119154700487], [0.9034600760228129, -0.3169802226597261, -0.2885886856331059], [0.31166940905328344, 0.9479321771053983, -0.06547340733914017]], "T": [-0.08955621874388468, 0.15503452732781425, -0.01918165808081361], "aligned_model": [[-0.2192275645061032, 0.093324049117344, -0.7444813098191249, 0.3524396306549851, 0.20021796222128324, -0.2896365337508025, 0.3425832392245168, -0.4649904368821705, -0.7544543747862907, -0.12452720984764595, 0.6269108850967898, 0.5602500223098323, 0.11811068956141295, -0.06947486664887706], [-0.21505844800622292, 0.41458414397089405, -0.2966924761309163, -0.13619777750348538, -0.4877073459722678, -0.6018398726107534, -0.39710482635481564, 0.4890363052729282, 0.2907188425361779, 0.038072995304925875, 0.11486540358955236, 0.6553015352823361, 0.5252438938539741, 0.0766909386981679], [-0.5702276935112717, -0.6216862355166218, -0.07329653142006526, -0.6154282137534441, -0.15905325376879442, 0.356891286987025, 0.38862681352616313, -0.5605695902461159, 0.007832722214893208, 0.6358076598396358, 0.2851548218045206, -0.0760931100016628, 0.514818867363487, 0.030576426943588246]], "inverted": false, "swapped": false, "error_lsq": 0.04657717473102517, "error_max": 0.2964173783902189, "target": "49.xyz", "model": "10.xyz", "model_rescale": 4.2482417240324, "target_rescale": 4.167778929169133},
{"mapping": [10, 6, 9, 5, 1, 7, 11, 2, 4, 0, 3, 13], "R": [[0.8792689366074454, 0.3290771916380286, -0.34437528810999235], [0.4690471292686811, -0.4722683758887759, 0.7462957668781104], [0.08295135708366215, -0.8177229256166211, -0.5696036247066664]], "T": [0.020082221882795542, -0.001407172344280165, 0.05220347415153697], "aligned_model": [[-0.5650177884821045, -0.038157690417242124, 0.504634392003353, 0.54610533413515, -0.444065871969219, 0.14136527134899038, -0.4699823233450138, 0.6288904807268305, 0.12451687450938907, -0.05924746540720363, -0.5186448402078413, 0.026369229467918025], [-0.3870108915465695, -0.6763000838614187, -0.291262676771284, -0.4633039153356892, 0.6202968504945061, 0.8500756958610923, 0.2470249641131274, 0.3623167775471731, -0.1629823574335118, 0.42608924792600433, 0.09773082589692089, 0.04345695316028867], [0.08044813061853917, 0.013052767098909394, 0.5399983687181881, -0.24633411802260047, 0.0153365863676641, 0.21590478784430822, 0.4884964401332165, -0.103625393313865, -0.5886208697800539, -0.5002465153494535, -0.4232712267544614, 0.07405333229396512]], "inverted": true, "swapped": true, "error_lsq": 0.0500959532103864, "error_max": 0.2676137591157989, "target": "49.xyz", "model": "11.xyz", "model_rescale": 3.6694154284099745, "target_rescale": 4.167778929169133},
{"mapping": [8, 9, 4, 10, 2, 1, 12, 11, 6, 0, 10, 7, 5, 13], "R": [[0.8490816922642258, -0.36589066117338376, -0.38103058135512247], [0.04391530856618023, 0.767684658166034, -0.639321289564204], [0.5264330209392794, 0.5261029268903603, 0.6678951899678128]], "T": [-0.07498769926415648, 0.048459668648342766, -0.008079816010763227], "aligned_model": [[-0.1276682145394853, 0.18292198098952012, -0.7851335606053021, 0.5261236006439437, 0.12865840102457637, -0.2651092817065651, 0.4009693935911961, -0.49864056364063924, -0.3903417986001365, -0.42664546108557194, 0.5261236006439437, 0.3844260618521492, 0.11587369870416671, -0.14451367532664627], [-0.2513749098559001, 0.35748769786656526, -0.15978304082829298, -0.002808956027439899, -0.5466756559149285, -0.7236381664717833, -0.1970755660203033, 0.37424898270806806, 0.48952250291650673, -0.02863831233892629, -0.002808956027439899, 0.629762290544527, 0.5327029593039114, -0.0010075579240692231], [-0.7008437297321686, -0.7028247626487627, -0.01062526688713282, -0.20699065170125552, -0.1831677501652279, 0.28207912490605735, 0.4101854043499344, -0.5174011509822815, 0.1527623479668363, 0.6092779281731886, -0.20699065170125552, -0.0645738541310442, 0.6031902999750631, 0.07927668303938558]], "inverted": true, "swapped": false, "error_lsq": 0.050511745548513225, "error_max": 0.36647838467077326, "target": "49.xyz", "model": "12.xyz", "model_rescale": 3.9764082729961374, "target_rescale": 4.167778929169133},
{"mapping": [13, 11, 12, 14, 6, 5, 4, 10, 1, 0, 3, 8, 2, 15], "R": [[0.3627381693254879, -0.9176490797186108, -0.1622996827044972], [0.9179547689258216, 0.3818601319380078, -0.10743315057573496], [0.16056171000813022, -0.11001366336902935, 0.9808755941256724]], "T": [-0.07705016585193059, -0.020702232971221174, 0.026499978341500828], "aligned_model": [[-0.18500977580845654, 0.1990650134930289, -0.6597470431348996, 0.44740928001831326, 0.16974193942577015, -0.37135947365093935, 0.29590715085312014, -0.3868389165824931, -0.5102083144131844, -0.12366429318277554, 0.6889124871333324, 0.14439101355781375, -0.10761389789083052, 0.026059012127350373], [-0.25695618571061796, 0.3486189148704598, -0.03971250656784415, -0.21304951526531704, -0.6998232539376094, -0.7046566077909172, -0.441482601867617, 0.5626416425700701, 0.4383573557742576, -0.02404448960275475, 0.3022153314801632, 0.6426521327117879, 0.6005025162117796, -0.045349420945346164], [-0.5275842558864227, -0.6199572872543113, -0.23295424430813352, -0.54512301997699, -0.2215869043294744, 0.41174321363913063, 0.4733897218429704, -0.43163510189961, 0.09693356817486187, 0.7510162900668159, -0.10567001868571774, -0.07634760908505356, 0.5259296848893377, 0.04519993327393361]], "inverted": true, "swapped": false, "error_lsq": 0.047567114709793114, "error_max": 0.33983523919576947, "target": "49.xyz", "model": "13.xyz", "model_rescale": 4.170626492500431, "target_rescale": 4.167778929169133},
{"mapping": [7, 1, 10, 0, 8, 12, 4, 9, 11, 5, 2, 3, 6, 13], "R": [[-0.009994259587303322, -0.07699552687290001, -0.9969813456714556], [-0.9077483002114383, -0.4174733220764333, 0.04134064365381168], [-0.4193961590650854, 0.9054212909999584, -0.06572022189115329]], "T": [0.04669541491878715, 0.031050985548166488, -0.055631222088198456], "aligned_model": [[-0.04375844152231999, 0.07898868897535383, -0.4460839524216591, 0.4654868621179851, -0.03521310069750534, -0.3760642337652417, 0.36030995241322916, -0.5471729867829246, -0.4564756081232396, -0.33075464761247236, 0.6782973198040597, 0.16061132728627872, 0.12335141227411799, -0.004478410000511968], [-0.3793872898912041, 0.35372146413735667, -0.1805804451482887, -0.06591185705535693, -0.7007834324012472, -0.42216288145403286, -0.46768930598934394, 0.4100360330372188, 0.44901236175559656, 0.05457568682243327, 0.1500932825507275, 0.7111089884067594, 0.4809930042672834, 0.07688770289259275], [-0.7490202361330526, -0.7525210100698252, -0.23087087981369803, -0.46923772280467446, -0.151889585772099, 0.33369844719946606, 0.3392955737388852, -0.45562758920151825, 0.21229947921491257, 0.7715313176108207, 0.08522378316895815, -0.059859943803751356, 0.6508850939941073, 0.019447243132805492]], "inverted": false, "swapped": false, "error_lsq": 0.04269158470043704, "error_max": 0.2644937000360255, "target": "49.xyz", "model": "14.xyz", "model_rescale": 3.9786697098870705, "target_rescale": 4.167778929169133},
{"mapping": [10, 4, 11, 12, 1, 7, 5, 2, 8, 9, 0, 13], "R": [[-0.22245696564254755, 0.9404685490462565, 0.2569665478071804], [-0.34138847568381747, 0.1717422881760798, -0.9240987474952688], [-0.9132178311374514, -0.2932976213795023, 0.28285985608731434]], "T": [-0.049585348355853924, -0.07689512069297409, -0.08771220470291792], "aligned_model": [[-0.14590427306097623, -0.7083183775070166, 0.45891971865623493, 0.6300793769708074, 0.14954900132938628, 0.40395344418107526, -0.506506454125593, -0.08081991579746, 0.41647863008217, 0.29024608358954956, -0.41098652929321217, -0.013336108257629], [-0.40231185879887676, -0.00592455305582644, 0.034892175467306344, -0.532831942635283, 0.5496416142269338, 0.6481517257666242, -0.43933882475342567, 0.27201171524971346, -0.0334386867676993, -0.557298289163724, 0.5245358175951851, -0.043414402906488576], [-0.7014357762844131, 0.005577407343682242, -0.5579882239931085, -0.16759164111982194, -0.5013615042630588, 0.09974554291756015, 0.40119604255821756, 0.5483016829804364, 0.3719336910459893, 0.37106690528975167, -0.13150024434833768, -0.07797738825306735]], "inverted": false, "swapped": true, "error_lsq": 0.05132956099946095, "error_max": 0.25632147343661443, "target": "49.xyz", "model": "15.xyz", "model_rescale": 3.769337070930944, "target_rescale": 4.167778929169133},
{"mapping": [3, 10, 0, 4, 1, 11, 7, 12, 2, 5, 13], "R": [[-0.4359973845525956, 0.8939065671338294, -0.10410249708008423], [-0.6497576861129487, -0.39271079532349884, -0.6508403648925996], [-0.6226726507567546, -0.21612329923309478, 0.7520435423086612]], "T": [-0.05054167013474475, -0.030412826723743173, 0.11372136701876331], "aligned_model": [[-0.34600977693650015, -0.3333640478270911, -0.1447074908087345, -0.6123768836401479, 0.33650532178377235, 0.40712584229104, 0.6715510857855547, 0.37835464699234966, 0.12782534574844803, -0.5591381864078132, -0.0031397262897069483], [0.076242259435787, -0.5604779171449925, 0.5428744228001979, 0.3303992539061778, 0.14812569219782873, -0.39191167163471713, 0.4380996633001331, -0.6833612589175513, 0.5791019153982406, 0.13118515464276992, -0.014213016358532303], [-0.5400788102410929, -0.24804169577751453, -0.2821598112142386, 0.0710035461701292, -0.5356068518069521, -0.2762688511627296, -0.04630635426370919, 0.3704499062756277, 0.46571885348392617, 0.6562978923163689, 0.1092097834439621]], "inverted": false, "swapped": true, "error_lsq": 0.038906778015724924, "error_max": 0.20356880906444882, "target": "49.xyz", "model": "16.xyz", "model_rescale": 3.7852294659196426, "target_rescale": 4.167778929169133},
{"mapping": [1, 8, 2, 7, 11, 12, 6, 9, 0, 3, 10, 4, 13], "R": [[-0.15354422220923575, -0.7563405512993927, -0.6359034064119267], [0.8411112639092467, -0.4377865499786689, 0.31760790037838216], [-0.5186096928819888, -0.4860986598602238, 0.7033861523593878]], "T": [0.011520680130969959, 0.13420778485819881, 0.08659587506228185], "aligned_model": [[0.08841077832965138, -0.2743273205716318, 0.33164309565110217, 0.03433371752247377, -0.4445558552942478, -0.806933896141189, -0.08800957405951884, -0.4356310445645606, 0.6141500346929905, 0.40169187255083283, -0.18534036006107146, 0.6184294853005327, -9.508313908069416e-05], [-0.15223582020663098, -0.3880993826282534, -0.4281914789920641, -0.6789605832365414, 0.05647870996269905, 0.1256133803885251, 0.7379484931956467, 0.02123188849445226, -0.049228287726913345, 0.43035707284305, 0.7349178548756677, 0.37707558144239295, 0.08814819529084421], [-0.6312804975616668, 0.36203114225296007, 0.41591934947480225, -0.23708227294112805, -0.44083726935475476, 0.16572546250890635, 0.37984660883884136, 0.6731473733325406, -0.22555224334273677, -0.44837461118668664, -0.21708677779213836, 0.22923497373863722, 0.07006345917559709]], "inverted": false, "swapped": true, "error_lsq": 0.047138853949430244, "error_max": 0.3549466462638519, "target": "49.xyz", "model": "17.xyz", "model_rescale": 3.901054581598922, "target_rescale": 4.167778929169133},
{"mapping": [3, 13, 0, 12, 7, 1, 6, 2, 8, 4, 11, 9, 10, 14], "R": [[0.6843988104670435, 0.23158405012056005, 0.6913516442166415], [-0.7216808653910173, 0.35016588079727917, 0.5971269416580849], [-0.10380268185248478, -0.9076082214563856, 0.406782889985565]], "T": [-0.06400648618389465, 0.0967794275792937, 0.0026019735939222383], "aligned_model": [[-0.13974871165492947, 0.026005332536948103, -0.527965283120533, 0.46194027686412714, 0.11234181313220001, -0.3755165111350684, 0.29794418725098937, -0.6497664174260946, -0.6371856241363674, -0.3095149941957157, 0.7145242167455934, 0.36559226863687716, 0.3033937952267188, -0.015000166779595855], [-0.14871748304241622, 0.47289981881728627, -0.41466967540760247, -0.1191088236475171, -0.5321023084818836, -0.45038046766326567, -0.4073987952263799, 0.3446505159808617, 0.35012382627415045, 0.16967437071226088, -0.012853275377171736, 0.5831971713052935, 0.5322139844405623, 0.10238445324631623], [-0.7167034355812528, -0.6121610068189554, -0.31151037620864686, -0.47567343817083546, -0.11179235832092842, 0.30137128732762325, 0.4251203458793025, -0.5257760430512288, 0.22100651476895022, 0.7509240096647967, 0.13898967085893343, -0.11155716874362191, 0.5924049305543746, -0.021288961697174154]], "inverted": false, "swapped": false, "error_lsq": 0.04442481539934915, "error_max": 0.34648649381905294, "target": "49.xyz", "model": "18.xyz", "model_rescale": 3.9405287249114394, "target_rescale": 4.167778929169133},
{"mapping": [6, 8, 2, 0, 1, 3, 12, 5, 11, 14, 4, 7, 13, 15], "R": [[0.9994753148365604, 0.00873627804289381, -0.031189300702581763], [0.009027104280486406, -0.9999169695055271, 0.009195949281729631], [-0.031106372669728623, -0.009472673373455417, -0.9994711911998725]], "T": [0.009607898653889394, 0.06722505400901269, 0.05139255615987049], "aligned_model": [[-0.15020345670115884, 0.12927916668281758, -0.7000092349632885, 0.4322207449869073, 0.015056490711935861, -0.21801987195390451, 0.30282778369946856, -0.4932520121691945, -0.5406471126976764, -0.2803960470387154, 0.7381207259611746, 0.3770012362664867, 0.04255651388286931, -0.027490744722572073], [-0.1499880453965104, 0.3086099412693665, -0.21193354071465303, -0.17028379976859412, -0.5442980597577017, -0.6753533379501055, -0.22980379125912254, 0.38621197762412895, 0.4656694562001841, -0.012037212493388572, 0.10041001629653276, 0.6487235888581885, 0.4979389696059483, 0.056047149416221874], [-0.6454304168673174, -0.6554909415585384, -0.36554783008484815, -0.4361135304149574, -0.19665828168004806, 0.40095159940936337, 0.4062658100152834, -0.5288159368910602, 0.2915480948110214, 0.7650830819956902, -0.0018319433004345825, -0.09863123657808448, 0.5659115130872275, 0.0421139885180392]], "inverted": true, "swapped": false, "error_lsq": 0.03369849349355575, "error_max": 0.22226909494153108, "target": "49.xyz", "model": "19.xyz", "model_rescale": 4.410303926677745, "target_rescale": 4.167778929169133},
{"mapping": [12, 4, 9, 2, 7, 8, 1, 11, 10, 5, 0, 6, 3, 13], "R": [[-0.0762062844484152, -0.00504311629569798, 0.9970793194067338], [0.819753458661876, -0.569588906690924, 0.059772438351883894], [0.567623880067126, 0.8219142560831185, 0.04754036626778296]], "T": [0.037302196217938885, 0.06046463675107168, -0.030013426738256403], "aligned_model": [[-0.2836909976977124, 0.19048297232012323, -0.6206127335775545, 0.5912177737639261, 0.14395841450683083, -0.42989699219439587, 0.4269964775713194, -0.4637014354882529, -0.6499963927596608, -0.3040381148702868, 0.6884377365239097, 0.1199478410590105, 0.2418119140554318, -0.023872281267538493], [-0.309519342949169, 0.3148766241112124, -0.09465621544072837, -0.08671067256147104, -0.6192171025034, -0.48774152297309475, -0.4840987066621251, 0.483217560889403, 0.3236983883637631, -0.017079725617753214, 0.24622214673314397, 0.6137718645652408, 0.561563343026749, 0.02558667294872377], [-0.6051222525387048, -0.6679033745615767, -0.1601756069447012, -0.36186533502679497, -0.21307174910039667, 0.23878483626695385, 0.30867377890067493, -0.5373679878130307, 0.3353119824636496, 0.7292917733357234, 0.2038156308197278, -0.18339736401964588, 0.4527272464821367, 0.0036523921973215592]], "inverted": true, "swapped": false, "error_lsq": 0.04780820160482544, "error_max": 0.2812179578185706, "target": "49.xyz", "model": "20.xyz", "model_rescale": 4.121658175737393, "target_rescale": 4.167778929169133},
{"mapping": [7, 11, 12, 8, 9, 1, 10, 2, 3, 4, 6, 5, 13], "R": [[-0.7872720634777541, 0.009265004779028474, 0.6165361771655606], [0.6165733489684897, 0.0015724550533012804, 0.7872958990918766], [0.006324824840268695, 0.9999558425608353, -0.0069505049593531765]], "T": [0.040145670850243315, -0.034122639844642894, -0.02463715820901763], "aligned_model": [[0.14526929513559747, -0.2381125625105779, 0.3381363159851395, 0.5960313668416611, 0.7088878401049089, -0.4476771899992352, -0.4419963267775785, 0.4914488762204178, -0.6557180368435297, -0.12348453181488861, 0.029401748481343443, 0.42769665216237474, 0.05119945767866194], [-0.747716662415394, 0.05521299603007995, 0.4659459421839669, -0.20048442280393625, 0.2826552214499689, -0.4674110299925328, 0.47379979084838697, -0.5801688584893777, -0.16420855859653763, -0.1763612346327626, 0.557302324404637, 0.108683700255335, -0.06642230407865062], [0.4716121416476293, 0.6131910606783222, 0.5561693823003713, 0.2814564439595635, 0.07120946841206234, 0.396787259511334, 0.012563776361510674, -0.1839613171532543, -0.18269643627544505, -0.657616080298592, -0.3570618670656036, -0.6638430685869725, 0.012298975990862666]], "inverted": false, "swapped": true, "error_lsq": 0.050534373931258786, "error_max": 0.3008097337761138, "target": "49.xyz", "model": "21.xyz", "model_rescale": 4.08911054899281, "target_rescale": 4.167778929169133},
{"mapping": [7, 6, 4, 10, 12, 14, 9, 0, 2, 15, 5, 8, 11, 16], "R": [[-0.11950718772938934, 0.9656047732576691, -0.2309230476652737], [-0.9646856934787007, -0.16792509880120593, -0.20293514725183545], [-0.2347329224427869, 0.1985159516376732, 0.9515733666233298]], "T": [-0.09764851588769623, 0.039659737882757735, -0.009036109269231318], "aligned_model": [[-0.015373898508595205, 0.16290302713487959, -0.7695792961488187, 0.5531508373623422, 0.033011642074285044, -0.1989800242560582, 0.42161583054399104, -0.4866125547991407, -0.7204516911593795, -0.2539639129188677, 0.5980685396062256, 0.2196000684800835, 0.21300039193011688, -0.1293447773959141], [-0.1878923663247628, 0.41366128651354805, 0.0007723062097361386, -0.23489274174932218, -0.672707788856973, -0.47465725905106665, -0.37031275388626067, 0.38097430903089147, 0.2009190350885984, 0.10614234174541709, 0.11014416692562051, 0.6555037589545275, 0.5074702967355988, 0.034788720594942], [-0.6778014756087913, -0.5987817015390628, -0.19148878823918838, -0.39918549982641904, -0.15196943639119545, 0.3611429528396742, 0.2552264610658305, -0.5854827573945685, 0.31863060144371275, 0.6999438466736723, 0.08444532153676836, -0.0382165048605648, 0.5111019179464684, -0.0442109671849991]], "inverted": false, "swapped": false, "error_lsq": 0.03901986865302452, "error_max": 0.23913139804769556, "target": "49.xyz", "model": "22.xyz", "model_rescale": 4.204369325754507, "target_rescale": 4.167778929169133},
{"mapping": [6, 8, 2, 0, 1, 3, 12, 5, 11, 14, 4, 7, 13, 15], "R": [[0.9994753148365604, 0.00873627804289381, -0.031189300702581763], [0.009027104280486406, -0.9999169695055271, 0.009195949281729631], [-0.031106372669728623, -0.009472673373455417, -0.9994711911998725]], "T": [0.009607898653889394, 0.06722505400901269, 0.05139255615987049], "aligned_model": [[-0.15020345670115884, 0.12927916668281758, -0.7000092349632885, 0.4322207449869073, 0.015056490711935861, -0.21801987195390451, 0.30282778369946856, -0.4932520121691945, -0.5406471126976764, -0.2803960470387154, 0.7381207259611746, 0.3770012362664867, 0.04255651388286931, -0.027490744722572073], [-0.1499880453965104, 0.3086099412693665, -0.21193354071465303, -0.17028379976859412, -0.5442980597577017, -0.6753533379501055, -0.22980379125912254, 0.38621197762412895, 0.4656694562001841, -0.012037212493388572, 0.10041001629653276, 0.6487235888581885, 0.4979389696059483, 0.056047149416221874], [-0.6454304168673174, -0.6554909415585384, -0.36554783008484815, -0.4361135304149574, -0.19665828168004806, 0.40095159940936337, 0.4062658100152834, -0.5288159368910602, 0.2915480948110214, 0.7650830819956902, -0.0018319433004345825, -0.09863123657808448, 0.5659115130872275, 0.0421139885180392]], "inverted": true, "swapped": false, "error_lsq": 0.03369849349355575, "error_max": 0.22226909494153108, "target": "49.xyz", "model": "23.xyz", "model_rescale": 4.410303926677745, "target_rescale": 4.167778929169133},
{"mapping": [6, 13, 15, 12, 5, 4, 2, 14, 9, 10, 0, 7, 1, 16], "R": [[-0.34055585139958255, 0.24276535139541866, -0.9083428296845661], [0.8729682580635323, 0.4404596025836942, -0.20957518675963666], [0.3492107279151484, -0.8643265139133898, -0.36192754089085166]], "T": [-0.11210046420396115, 0.11395575341192321, 0.013774373205085698], "aligned_model": [[-0.14004315379979226, 0.05767008711713971, -0.6460902781792506, 0.48995416369700195, 0.0037948633521808772, -0.12727397074867178, 0.4468422428286094, -0.5437619027325657, -0.7270446485827727, -0.40277646274459566, 0.6227392344831038, 0.3498602408543805, 0.2864452575688423, -0.04327149116846031], [-0.11770002308858413, 0.3769878769983686, -0.23305618589625654, -0.1377715092158065, -0.47558957279622727, -0.43670882577151404, -0.5048202483461937, 0.36598434907943334, 0.17955177939142541, 0.189940810154151, -0.033663296949434596, 0.5834095484705063, 0.6098894889246581, 0.10345912097596888], [-0.7097260739764593, -0.6156528947892961, -0.308330863298392, -0.45562891295371455, -0.17225415908153027, 0.4265971668139367, 0.38471002946061567, -0.44262455259110206, 0.11357815621334069, 0.5912842703496284, 0.1065377511625652, -0.0764272784948235, 0.5895750220474756, 0.11171630959909229]], "inverted": false, "swapped": false, "error_lsq": 0.043481624191797866, "error_max": 0.249258475177157, "target": "49.xyz", "model": "24.xyz", "model_rescale": 4.28219845311461, "target_rescale": 4.167778929169133},
{"mapping": [2, 6, 13, 0, 4, 7, 3, 14, 11, 9, 1, 8, 5, 15], "R": [[0.541899679023767, 0.2627913547067328, 0.7983015982480173], [0.8370339245563343, -0.08328592885544628, -0.5407750578535466], [-0.07562371992807188, 0.9612513500360278, -0.26509789708361486]], "T": [-0.12423979397727684, 0.04284353093980506, -0.009392400513275518], "aligned_model": [[-0.2446629633329711, 0.21972126543393228, -0.590314623344763, 0.4347254765820429, 0.20536944101274862, -0.3292666288818398, 0.34145553193289074, -0.5735727929762892, -0.41744540809093716, -0.34743467473878037, 0.4935704996346983, 0.2948548906126004, 0.21566280547511774, -0.07561863737330096], [-0.15770690038678062, 0.4756762426517087, -0.30730302476008287, -0.15369278042124146, -0.5978671473978214, -0.6192446133988706, -0.3219515166042981, 0.41964106662678446, 0.46684199492685763, -0.00888886650223572, 0.0860431801019026, 0.5952765910703623, 0.5736045024456112, 0.019484583578598932], [-0.6528656394012418, -0.7211112833889939, -0.12379563429002909, -0.5701824473765795, -0.13387594118890334, 0.3443720576300083, 0.4907053714999008, -0.49546656975640874, 0.16591544767797314, 0.6265175680637445, 0.15284702214973803, -0.042909804233185814, 0.5633550961428508, -0.060151273067536246]], "inverted": true, "swapped": false, "error_lsq": 0.037341588330886875, "error_max": 0.21229979240707317, "target": "49.xyz", "model": "25.xyz", "model_rescale": 4.100010024507729, "target_rescale": 4.167778929169133},
{"mapping": [10, 6, 9, 5, 1, 7, 11, 2, 4, 0, 3, 13], "R": [[0.8792689366074454, 0.3290771916380286, -0.34437528810999235], [0.4690471292686811, -0.4722683758887759, 0.7462957668781104], [0.08295135708366215, -0.8177229256166211, -0.5696036247066664]], "T": [0.020082221882795542, -0.001407172344280165, 0.05220347415153697], "aligned_model": [[-0.5650177884821045, -0.038157690417242124, 0.504634392003353, 0.54610533413515, -0.444065871969219, 0.14136527134899038, -0.4699823233450138, 0.6288904807268305, 0.12451687450938907, -0.05924746540720363, -0.5186448402078413, 0.026369229467918025], [-0.3870108915465695, -0.6763000838614187, -0.291262676771284, -0.4633039153356892, 0.6202968504945061, 0.8500756958610923, 0.2470249641131274, 0.3623167775471731, -0.1629823574335118, 0.42608924792600433, 0.09773082589692089, 0.04345695316028867], [0.08044813061853917, 0.013052767098909394, 0.5399983687181881, -0.24633411802260047, 0.0153365863676641, 0.21590478784430822, 0.4884964401332165, -0.103625393313865, -0.5886208697800539, -0.5002465153494535, -0.4232712267544614, 0.07405333229396512]], "inverted": true, "swapped": true, "error_lsq": 0.0500959532103864, "error_max": 0.2676137591157989, "target": "49.xyz", "model": "26.xyz", "model_rescale": 3.6694154284099745, "target_rescale": 4.167778929169133},
{"mapping": [7, 1, 9, 5, 8, 10, 4, 3, 12, 11, 0, 6, 2, 13], "R": [[-0.8154950642025635, -0.16964919399244455, -0.5533416225434076], [0.3306558458842544, -0.9212479893811015, -0.20486301189781972], [-0.47501001236166096, -0.3500304173053992, 0.8073686859899776]], "T": [-0.026573216191531517, -0.036176839999894114, -0.04849426434369965], "aligned_model": [[-0.17938524633199954, 0.44864855300651174, -0.6771627988158062, 0.5466267662821199, -0.02948295828727625, -0.1555489554211162, 0.4909998822182813, -0.556675739961565, -0.5474123424212471, -0.4907413129923117, 0.612359881139822, 0.00021176782336749383, 0.17244825502076574, -0.007841569314396564], [-0.11688735888732682, 0.5125330411117034, -0.23918925830248683, -0.17484884026336783, -0.6684238323876743, -0.4093269477165428, -0.4930245349500637, 0.3290922239759185, 0.5135174556551303, 0.15079230662152415, 0.10962841018257242, 0.6475781998289805, 0.3157205067225997, -0.007248059660471571], [-0.6536907781338186, -0.5512152507233488, -0.06805668919487574, -0.5759318020259194, -0.14129763953874097, 0.40539446177083205, 0.3975313419953416, -0.5367575596346906, 0.18877267239642537, 0.6484748779927397, 0.03775345613013652, -0.10282696116916021, 0.49802962129117767, -0.002825780694761734]], "inverted": false, "swapped": false, "error_lsq": 0.05370975817987084, "error_max": 0.35544199573937346, "target": "49.xyz", "model": "27.xyz", "model_rescale": 4.103607728864725, "target_rescale": 4.167778929169133},
