[{"mapping": [11, 6, 8, 2, 10, 7, 5, 3, 9, 0, 1, 12], "R": [[-0.25213661278877403, 0.7567861184327651, -0.6030770261242528], [-0.7034819945764941, 0.2845942083202699, 0.6512443626606195], [0.6644849221751246, 0.5884563769201823, 0.4606287883577089]], "T": [0.0057407063068101154, -0.1137524421425321, -0.08546483712533942], "aligned_model": [[-0.390459134208332, 0.13898759246910353, 0.4421003494562835, -0.21626990022557271, 0.027564656637696867, -0.48076341119805716, 0.44322773878483596, -0.22345355621401658, 0.6451332890902591, 0.1773647466851751, -0.7294283142786316, 0.0036384054618049094], [-0.28686318971532226, -0.7021215648696358, -0.23255472686958378, 0.5946195924100931, 0.395117852482349, -0.6032098820701673, -0.3419514935074993, -0.27638519946093904, 0.15546012373384227, 0.3122610189556407, 0.11368138521588195, -0.07449888032760228], [-0.5334986425989173, -0.04538578034845514, -0.6134089265613027, 0.04470309396082081, -0.5773246104997638, 0.11033848526428322, 0.4949290243632038, 0.6942663669610618, -0.0032867090878373473, 0.47223807607104024, 0.16076092070283798, -0.02237955287340891]], "inverted": true, "swapped": true, "error_lsq": 0.04713203715474342, "error_max": 0.3147984778514893, "target": "490.xyz", "model": "0.xyz", "model_rescale": 3.751011558992144, "target_rescale": 3.722458943600226},
{"mapping": [7, 3, 12, 0, 4, 1, 8, 2, 10, 6, 9, 5, 14], "R": [[0.41440554750523967, 0.18695723586497243, 0.8906823418899756], [-0.6595822272296189, 0.7360224225803504, 0.15238857890855], [-0.6270720275372661, -0.6506289152940262, 0.4283254450340547]], "T": [5.979389152704212e-05, -0.074496878979602, -0.0014820497507071033], "aligned_model": [[-0.0383761444338526, -0.2521787252660858, 0.3599194585572886, -0.6368436103887734, -0.09767832078344155, -0.41208671511158873, -0.432034447154028, -0.5572557642755118, 0.5645144783768192, 0.2541115210641706, 0.5330313770087147, 0.036720568140656544, 0.04435481409553782], [-0.562631054339699, 0.12300801314135912, -0.08780581486795752, -0.24597344593374537, -0.37353511297753644, -0.6316606195328208, 0.11769532431237834, 0.5168344596850143, -0.09695667135402516, -0.7810031914124117, 0.31259310107634714, 0.5076177083068278, -0.06563741393518312], [-0.44861148211656, -0.6948603278603094, -0.6513274144717124, -0.3762544594892983, 0.7241882372646752, 0.0719302841253258, 0.4641089467139074, -0.15466402821483002, 0.592942222144349, 0.004200879364676561, 0.015613571447056263, 0.2218666504815172, -0.032518697566160465]], "inverted": false, "swapped": false, "error_lsq": 0.04678127026957551, "error_max": 0.26511634735289147, "target": "490.xyz", "model": "1.xyz", "model_rescale": 3.9405287249114394, "target_rescale": 3.722458943600226},
{"mapping": [6, 1, 0, 7, 10, 3, 4, 4, 9, 11, 5, 2, 12], "R": [[-0.9820528563379151, 0.12172055043834706, 0.1440704513754585], [-0.1321475656790031, 0.10095621444910907, -0.9860754857764285], [-0.13457045828730804, -0.9874168068070805, -0.08305926433127475]], "T": [-0.050957436253708854, -0.10220099032272478, -0.023170884329520122], "aligned_model": [[-0.0029648253437799255, -0.2910345506442259, 0.4140087048383266, -0.6892040198822669, -0.06213984925216646, -0.4603094751886371, -0.6357973851174623, -0.6357973851174623, 0.3385722439862713, 0.4837724505254861, 0.6565672281453615, 0.2886561733446288, -0.038130820464167416], [-0.5166805508295338, 0.42434981161351804, -0.08501862011790001, -0.3983154235959633, -0.5600433617412912, -0.4477733569691396, 0.24052876922336525, 0.24052876922336525, -0.13429824121225192, -0.5613053192688647, 0.06319789602400927, 0.4827381240084946, -0.01536321418926001], [-0.3713936529842338, -0.563849684066007, -0.7206242821046006, -0.38904981792625515, 0.6851669135365305, 0.17635436770416113, 0.15625672786361983, 0.15625672786361983, 0.6822492045448562, 0.08123913609575505, -0.0344995223320335, -0.10489270652290549, -0.016599029849869627]], "inverted": false, "swapped": false, "error_lsq": 0.056722348736823205, "error_max": 0.4180857005142003, "target": "490.xyz", "model": "2.xyz", "model_rescale": 3.932901565614263, "target_rescale": 3.722458943600226},
{"mapping": [3, 11, 8, 1, 4, 0, 6, 10, 5, 7, 9, 12, 13], "R": [[0.693925792684055, 0.04530570255983202, -0.7186197795520008], [-0.706700088681976, 0.2341172496638484, -0.6676556732828103], [0.13799267699662013, 0.9711521542608015, 0.19447754207082926]], "T": [-0.08717166108184515, -0.17232174138352366, -0.06938925001210552], "aligned_model": [[-0.08844928420787514, -0.1712142366692201, 0.39756871792768156, -0.81842418033176, -0.09988672921241515, -0.4036441307157994, -0.3462690063370809, -0.422129321807018, 0.2475654494366467, 0.5037981312677218, 0.5794897653892204, 0.06470648287080108, -0.07691316778099687], [-0.5061985753313615, 0.27861763512578164, -0.17769971422923678, -0.22544397979268713, -0.6453293614661938, -0.7571278920642284, 0.18003333653438916, 0.45791910381450096, 0.0740607990632268, -0.5266092329421741, 0.13094739401606223, 0.5234082705722602, -0.07403250113179155], [-0.45566648919833386, -0.83574375190367, -0.6205558018797602, -0.1752967652752176, 0.665000648423282, 0.013056315258620915, 0.45540282827119827, -0.13058796623092897, 0.5171654330818097, 0.11763381060484437, -0.011222993828670452, 0.2063326932804789, -0.008903578781016289]], "inverted": true, "swapped": false, "error_lsq": 0.04460608866096347, "error_max": 0.2516563196663612, "target": "490.xyz", "model": "3.xyz", "model_rescale": 3.9243930471874484, "target_rescale": 3.722458943600226},
{"mapping": [8, 11, 9, 10, 2, 4, 3, 6, 0, 7, 1, 5, 12], "R": [[0.45482799705895355, -0.3404802773033797, 0.8229244642485447], [0.7672180063555318, 0.619013232216139, -0.16792602259677214], [-0.4522256337440236, 0.7077399233537289, 0.5427671481179329]], "T": [-0.09299332212325767, -0.10699845844425235, -0.1280271889549658], "aligned_model": [[-0.045014049709619405, -0.24375656609035024, 0.2663747708764363, -0.7104890451439461, 0.042955086368983375, -0.2604495899730757, -0.5099522842976607, -0.48584400126660116, 0.21372667013171925, 0.3499946785628042, 0.60165167699054, 0.1825899486004498, -0.03558880521977373], [-0.613333678626998, 0.39005846005210676, -0.08555894560795183, -0.26189557641745664, -0.4482792109634074, -0.6182070679708223, -0.04731929758083197, 0.48476299103845466, 0.15485225274686312, -0.7013130064738372, -0.049468579215701164, 0.5512938711256393, -0.023046929937509744], [-0.49905145115000843, -0.7249685139031893, -0.734725065001998, -0.4310678370760799, 0.7182942443680737, 0.12295373729999359, 0.3968889871967667, 0.0023693046307514676, 0.6207580971988192, 0.177702443499483, 0.027918116151103622, 0.12560279645991357, -0.06606047785099214]], "inverted": true, "swapped": false, "error_lsq": 0.040526327333366745, "error_max": 0.23172020058688875, "target": "490.xyz", "model": "4.xyz", "model_rescale": 3.8936222436046832, "target_rescale": 3.722458943600226},
{"mapping": [7, 11, 1, 3, 2, 10, 8, 9, 5, 6, 0, 12], "R": [[-0.7667395236292391, -0.5740329529756312, 0.28739636706625993], [0.3101724370455697, -0.7232267650094046, -0.6170381719725643], [0.562052988784883, -0.3839651224683155, 0.732575745248143]], "T": [-0.1253448200791396, -0.10220125225656773, 0.032957566377821705], "aligned_model": [[0.08867347239851825, -0.5123421476597556, -0.3820744955630966, 0.4286928354550308, -0.5232389920092457, -0.754518470732949, -0.2550269193264757, 0.04676384186272642, 0.5993987062403734, 0.2898890587270828, 0.10455478260138701, -0.10322362977849936], [-0.5310876248957381, -0.5712482656677565, 0.023354462186350455, 0.09816155372492066, 0.4921280330726212, 0.07583594003880456, -0.3556672360706823, 0.32355689810281907, 0.11254974131053877, -0.534162830581093, 0.5740413504480171, -0.03853911655899411], [-0.5007524979435113, -0.10084790082018108, -0.7227886838743021, -0.550015157324503, -0.20468979333085313, 0.30460913310648496, 0.6671391104014702, 0.5594175659590941, 0.1275914762821508, 0.113761704796952, -0.07574815856356767, 0.001607920586283923]], "inverted": false, "swapped": true, "error_lsq": 0.03346784415918056, "error_max": 0.19135751829716513, "target": "490.xyz", "model": "5.xyz", "model_rescale": 3.6523030999806103, "target_rescale": 3.722458943600226},
{"mapping": [2, 10, 6, 4, 0, 3, 7, 11, 5, 1, 8, 9, 12], "R": [[-0.9729913637292843, -0.013917169398756965, 0.23042161032367225], [-0.22808175707952744, -0.09592746881302638, -0.968904862623076], [0.03558817494257609, -0.9952910293592787, 0.09016234624944303]], "T": [0.010139451913215004, -0.05784168979580672, -0.060394044339879174], "aligned_model": [[-0.15503737502034878, -0.12200623350975356, 0.4491791076569119, -0.4683207712836011, -0.0464346892442233, -0.4436325707543427, -0.34868144930194267, -0.7541562291461278, 0.35574148438077835, 0.3010510543451522, 0.6057999755415641, 0.008137210131952018, -0.015441023966112768], [-0.6487443422954656, 0.2721288160130309, -0.10942505433835611, -0.18480618015152933, -0.7293884703621575, -0.4533427053430319, 0.1548110872726064, 0.37579402552705143, -0.08342137167520475, -0.687121101078906, 0.24735710548798107, 0.664022070990355, -0.08531859787782611], [-0.5073418101046775, -0.7548938821997213, -0.5370572370231785, -0.35037237962388285, 0.6696662398572308, 0.2864641415131965, 0.4807569668884264, -0.011596693474824511, 0.5259577655967685, -0.018528448689975073, 0.015403967603815252, -0.10003716571232205, 0.03819291719178164]], "inverted": false, "swapped": false, "error_lsq": 0.04608823546634673, "error_max": 0.23220650852501257, "target": "490.xyz", "model": "6.xyz", "model_rescale": 4.08911054899281, "target_rescale": 3.722458943600226},
{"mapping": [7, 12, 5, 13, 0, 2, 1, 11, 3, 6, 4, 8, 14], "R": [[0.6625179305905907, -0.36816866989901, 0.6523203370666555], [0.7030401287775989, 0.0051364146257190275, -0.7111316295687949], [0.2584657984614956, 0.9297448293750207, 0.2622403158861638]], "T": [-0.05691520114263159, 0.011287790508570678, -0.058461024563761996], "aligned_model": [[0.01416797499073106, -0.33344526274934105, 0.3984864554614459, -0.6756798764371416, -0.007817354286590077, -0.37242700220917324, -0.6223936261063207, -0.45674011639110307, 0.4399159528815567, 0.1698499614336594, 0.6449457424917939, 0.30000071090959757, -0.1326650701592092], [-0.6329982764036699, 0.18077447213872938, -0.020898578558556133, -0.21108868267901212, -0.45991302180312943, -0.7100626959953292, -0.10830492722873138, 0.43581991417529165, -0.0657875105851172, -0.3947166348008335, 0.07258145894088194, 0.5458224294119148, 0.10131733555610829], [-0.4817004492290453, -0.693132047841951, -0.6684402032181358, -0.38028939983846544, 0.7540753617075132, 0.11545079878240512, 0.3930672598439664, -0.12512117816944374, 0.5528242105090998, 0.12286998250453852, -0.08045629025795938, 0.16964580308806576, 0.05782053394204856]], "inverted": true, "swapped": false, "error_lsq": 0.04871144555649747, "error_max": 0.26837140839748574, "target": "490.xyz", "model": "7.xyz", "model_rescale": 3.964800864290218, "target_rescale": 3.722458943600226},
{"mapping": [3, 1, 0, 5, 11, 10, 9, 8, 4, 6, 2, 7, 13], "R": [[-0.14914608651009942, -0.6145763215539387, 0.7746298405457617], [-0.9340434955002749, 0.34467184188401356, 0.09361661137805621], [-0.32452764657629773, -0.7095754127628096, -0.6254474719831701]], "T": [0.009050534927285123, -0.08074704355683932, -0.013473550745935405], "aligned_model": [[0.04037666075359499, -0.02086808341529696, 0.44300179581405164, -0.7006483559569778, 0.011266368677331759, -0.6615985184307689, -0.4791614524026149, -0.6574524015881378, 0.5520397896966389, 0.31055265856272535, 0.5880508789474523, 0.00789845246723156, -0.0672593032953241], [-0.6437498689386711, 0.42140294282073937, -0.20910297417853888, -0.2462369166586715, -0.4436232889073974, -0.5329595524572464, -0.007929355843349833, 0.3023417740154724, -0.14448125904905848, -0.5592956335260844, 0.23063769959535402, 0.6310514566800469, -0.06550974138404661], [-0.46955379385584667, -0.570312987774118, -0.5687846624407821, -0.4233653768986014, 0.7318111231436824, 0.13098304145801123, 0.46632157904600474, -0.004849463858202542, 0.42946438395198067, 0.11534236310132895, -0.09351648366735418, 0.00048111615218987547, -0.007406456535656143]], "inverted": true, "swapped": false, "error_lsq": 0.044009382822583744, "error_max": 0.2820244592343447, "target": "490.xyz", "model": "8.xyz", "model_rescale": 4.121658175737393, "target_rescale": 3.722458943600226},
{"mapping": [8, 3, 2, 11, 9, 7, 5, 10, 4, 6, 1, 0, 12], "R": [[0.07464010363077345, 0.6190056826052437, 0.7818317081267578], [0.6904008732183944, -0.5978084831049981, 0.4073961852877122], [0.7195661812434393, 0.509369200511886, -0.47198255092812097]], "T": [-0.09655621739662801, -0.1337891615464928, -0.03641811604496399], "aligned_model": [[-0.002405573099001773, -0.263760542197501, 0.31001210694511344, -0.5891856312755397, 0.007860404003659838, -0.564267169825714, -0.38166369159762376, -0.6296868384114471, 0.40490329981108764, 0.3445122866122108, 0.5650927528074242, 0.1770369543917616, -0.012249868334524378], [-0.7018467368150899, 0.29871209736511106, 0.009140274516186847, -0.25275231104393653, -0.5868391154793102, -0.5874115439746337, 0.15247503031506573, 0.40326791673298534, 0.11768980700005385, -0.6591016994709845, 0.0567879636257522, 0.5929228119334151, -0.11049921253606726], [-0.48251181145614497, -0.6749080269110513, -0.5810462688314673, -0.41877410749334315, 0.6542574412551103, 0.13875068668914137, 0.4310050828747664, -0.09824259502884929, 0.6516404560979128, 0.06200628318971582, -0.007561309178465106, 0.08952126252260169, -0.02752271190729054]], "inverted": true, "swapped": false, "error_lsq": 0.03242125033293298, "error_max": 0.16685717807350017, "target": "490.xyz", "model": "9.xyz", "model_rescale": 3.833441315466971, "target_rescale": 3.722458943600226},
{"mapping": [11, 0, 12, 10, 9, 8, 2, 13, 3, 7, 6, 5, 14], "R": [[-0.13505754524639296, 0.3575052668656919, -0.9240938500148721], [-0.6214088975886956, -0.7569886958231133, -0.2020373638553628], [-0.7717580200228701, 0.5469534701958774, 0.32439398880230014]], "T": [0.0634759860120081, -0.04100216219504939, -0.11339147349645065], "aligned_model": [[0.07202852307112068, -0.3143767629411628, 0.29255766581736725, -0.5477495079753444, -0.2115050029274631, -0.4978389802386217, -0.27713853803645894, -0.5712781568748472, 0.36089302642394744, 0.3264826804536879, 0.698038852813738, -0.023969273939674143, 0.06005396418361619], [-0.6911875401759375, 0.3672772589746368, -0.15229096799841818, -0.35064819049286067, -0.4142797859195456, -0.5563364574627818, 0.15158478420685667, 0.4152458329856271, -0.10900024190075958, -0.5860861146245614, 0.13345478195679428, 0.5969608750757128, -0.07214895245621498], [-0.31960231078021895, -0.5062759044192657, -0.6594285079466679, -0.5675686153466082, 0.5521604763024951, 0.05066776934193368, 0.48955319146913334, 0.043489010937534656, 0.6997759231547991, 0.1652210536169195, -0.2810945168751737, 0.09347005278443477, -0.023753240416678867]], "inverted": false, "swapped": false, "error_lsq": 0.04782079758509993, "error_max": 0.28885193826532135, "target": "490.xyz", "model": "10.xyz", "model_rescale": 4.2482417240324, "target_rescale": 3.722458943600226},
{"mapping": [2, 1, 3, 7, 9, 5, 0, 6, 11, 8, 10, 12], "R": [[0.860767062725191, -0.30371013398880925, -0.4084607915577047], [-0.12333223431528548, 0.654117114574932, -0.746270701822713], [0.4938311692332175, 0.6927416220588054, 0.5255852179819069]], "T": [-0.00135638624716123, 0.08585956288141008, -0.13974009078667665], "aligned_model": [[-0.6087404165165807, -0.02130052796009408, 0.3603259227145797, 0.605255062446974, -0.37062557604079355, 0.24855616120447008, -0.3295011492195483, 0.5437857862783306, 0.15204321751013647, -0.08333487687913887, -0.59409789134552, -0.025600109829808523], [-0.28711553538962187, -0.6903046447647521, -0.13502395176789297, -0.2927473462375543, 0.6493062737443464, 0.5378798552933695, 0.13987203136978463, 0.33967050594527426, -0.24574250270354916, 0.5586740969805905, 0.018792650439994174, 0.07286995714065025], [0.10520389235180438, 0.08386248624197576, 0.5725495656676043, -0.08252871439084394, 0.04524529987667261, 0.4202135849383119, 0.5016478475485839, -0.20250397337811749, -0.6439072922818381, -0.6427059206544217, -0.5211989163667203, -0.07068556969865442]], "inverted": true, "swapped": true, "error_lsq": 0.043605113441369026, "error_max": 0.25099783862595526, "target": "490.xyz", "model": "11.xyz", "model_rescale": 3.6694154284099745, "target_rescale": 3.722458943600226},
{"mapping": [10, 8, 2, 9, 5, 7, 6, 11, 0, 12, 1, 4, 13], "R": [[-0.28479551699891853, 0.34062364341734463, -0.8960284856199676], [0.9498215492871798, -0.02585490188634093, -0.3117219090121025], [-0.12934658096378326, -0.9398441666539945, -0.31616831656482913]], "T": [-0.052509331011466154, -0.09781943929862565, -0.0032359765818985448], "aligned_model": [[-0.1085435582922025, -0.20171796709414228, 0.34203529695827806, -0.6954554595232111, -0.09777961586102968, -0.5508992874808247, -0.33133638924315684, -0.6207523110569511, 0.35343505572360623, 0.39926037122788893, 0.742419930189055, 0.09940699924778634, 0.0361254250348092], [-0.593006497068205, 0.2104702583548278, -0.10784090014878048, -0.2139431319169356, -0.5533781048206453, -0.6400784953784623, 0.05465393080728538, 0.36782645805994857, 0.07616996186666895, -0.6047697964932827, 0.16991446269722593, 0.612724076094661, -0.04619693988575896], [-0.3971632928459531, -0.6779893363735927, -0.5233779574438187, -0.4699498404584025, 0.6562999936684873, 0.09539406883743544, 0.4645911030747597, -0.07605398815341294, 0.558613387203348, 0.022724989217993888, -0.11672395616930346, 0.13722039060522562, 0.06302882065987023]], "inverted": false, "swapped": false, "error_lsq": 0.029445154452534577, "error_max": 0.18190942246641395, "target": "490.xyz", "model": "12.xyz", "model_rescale": 3.9764082729961374, "target_rescale": 3.722458943600226},
{"mapping": [7, 8, 3, 2, 5, 0, 9, 1, 6, 4, 14, 13, 15], "R": [[0.28736760333304123, 0.793654374056751, 0.5362206589597334], [0.041147165268146046, -0.5695466226075512, 0.8209284715897771], [0.9569361375478616, -0.21384428731420055, -0.19632587562026033]], "T": [-0.07065087435798081, 0.043753631384887554, 0.03222655669316543], "aligned_model": [[-0.09485131000127342, -0.20113905226384696, 0.37364415615938396, -0.6508514054582477, -0.1183911383656423, -0.45333602272941276, -0.5304485797402887, -0.6465840259271378, 0.5709509431334797, 0.1921859259474392, 0.6773559125727857, 0.2415086148347451, 0.006154471667922004], [-0.5809176293749164, 0.22187697274520382, -0.06385557129376268, -0.2142088680824469, -0.3573787699345493, -0.5718787984348342, -0.11757997060403727, 0.28028717191323893, -0.021026174324639435, -0.6105790734244605, 0.280045834425786, 0.5086532197113467, -0.020893061153380785], [-0.3923130219310449, -0.6392626445141154, -0.674502268720126, -0.45055932388501896, 0.7668268355107679, 0.07292940760635712, 0.38444334435676575, -0.092975150123222, 0.4418721233274474, 0.16871556577931585, -0.12093963103330091, 0.2790166948018917, -0.006637549353080342]], "inverted": false, "swapped": false, "error_lsq": 0.04541467700590729, "error_max": 0.2788478269919561, "target": "490.xyz", "model": "13.xyz", "model_rescale": 4.170626492500431, "target_rescale": 3.722458943600226},
{"mapping": [12, 6, 11, 4, 7, 8, 0, 2, 1, 10, 9, 3, 13], "R": [[-0.32042254135116716, -0.44873595291850654, 0.8342454312445349], [-0.803872008330118, -0.33707858503900207, -0.4900692009618719], [0.5011179394287963, -0.8276557690649082, -0.2527186948292765]], "T": [-0.10155856309652384, -0.06966979363695197, -0.0412646347528606], "aligned_model": [[-0.12546376883924737, -0.16258787320314066, 0.42468625146593836, -0.7352953687420927, -0.013610259680092426, -0.38027573138262905, -0.34863874613145573, -0.5880253917168541, 0.2659305325570287, 0.2384523338260111, 0.6949520663118569, 0.1580334290480226, -0.06195898368344], [-0.6509300075004958, 0.398241492841093, 0.03991245744869382, -0.3044637969918543, -0.5103643177427981, -0.7408356492681634, 0.040212886362105627, 0.37063380593630296, 0.17682672302244443, -0.5183506053590772, -0.08346828125441924, 0.5677571314396621, -0.052626556764945945], [-0.4854168902957974, -0.7375574742424383, -0.5003046945780004, -0.25646818433267005, 0.6336303461427609, 0.11173676113071512, 0.4904642306621475, 0.007877323808613085, 0.587230155795052, -0.003762312942905438, 0.10599994837157703, -0.0833659082690146, -0.13344891942740245]], "inverted": false, "swapped": false, "error_lsq": 0.04606349774266432, "error_max": 0.28958114662715334, "target": "490.xyz", "model": "14.xyz", "model_rescale": 3.9786697098870705, "target_rescale": 3.722458943600226},
{"mapping": [6, 7, 8, 4, 11, 10, 3, 2, 9, 5, 1, 12], "R": [[-0.7261722156141195, 0.4597649716540304, -0.5111654175607439], [-0.6803927853829528, -0.5873146001159304, 0.43832318908482604], [-0.09868926420289154, 0.6660913836183693, 0.7393123141139059]], "T": [0.04346408744753847, 0.07538917234250113, -0.05123207009350593], "aligned_model": [[-0.044322754047758754, -0.603618841670577, 0.6092403148443879, 0.6364329921148355, -0.14206090264357626, 0.43899723609108204, -0.5480024624848099, 0.017633046284532307, 0.6264768542324095, 0.08049390712748755, -0.6135093227587931, 0.02559452967811706], [-0.3713079299594525, -0.07207639092257791, 0.084587465266373, -0.6394415208532833, 0.45185884827165523, 0.6604934333823229, -0.3631334838101502, 0.5399760061135285, -0.1563880115564638, -0.6416879118853874, 0.4594299753115058, 0.06236401086636874], [-0.44909442983371956, -0.32350284230997406, -0.45504060704653654, -0.17089076984563395, -0.5111527116764423, -0.0006570736944252337, 0.3293272218748167, 0.5416550778793613, 0.2560576564866288, 0.20323991817550352, 0.2202920695521252, 0.019732984312125917]], "inverted": true, "swapped": true, "error_lsq": 0.04908709723085389, "error_max": 0.26677264194456707, "target": "490.xyz", "model": "15.xyz", "model_rescale": 3.769337070930944, "target_rescale": 3.722458943600226},
{"mapping": [0, 9, 1, 2, 3, 5, 7, 8, 11, 10, 12], "R": [[0.7771563512926318, -0.28523090008143137, -0.5609557373663808], [0.22653541287819573, -0.7048298652528973, 0.6722325250682891], [-0.5871198449700273, -0.6495061159729901, -0.48314810664645247]], "T": [0.07187993501223187, 0.009241569333204795, 0.08852446006502754], "aligned_model": [[-0.3135684232241115, -0.23509560332195722, -0.07776588762253199, -0.6036250960249678, 0.3205648454046591, 0.3187046428241786, 0.6114318838566102, 0.1101943250891783, 0.23254004420287588, -0.4794904736474991, 0.03873587315473633], [-0.1031966322277616, -0.6028634419238993, 0.7703043397374256, 0.2913958917056647, 0.26025838438410653, -0.4178670389912164, 0.4645629187030173, -0.458567314688561, 0.3700070477816137, 0.004774613051975192, 0.01725573009297692], [-0.5121102322588597, -0.04984099563239061, -0.1377858263696187, -0.09065486475322038, -0.6612131928885201, -0.49197751701395365, -0.03859731704182917, 0.6012968639047948, 0.5698897416042253, 0.5327338892530867, 0.02247705842006245]], "inverted": true, "swapped": true, "error_lsq": 0.049335600412465104, "error_max": 0.30111476262954767, "target": "490.xyz", "model": "16.xyz", "model_rescale": 3.7852294659196426, "target_rescale": 3.722458943600226},
{"mapping": [4, 3, 0, 1, 6, 5, 7, 2, 11, 10, 9, 8, 12], "R": [[-0.45700065452099653, -0.5765492930156175, 0.6773044474167973], [-0.8565108801417987, 0.4906072192037087, -0.16029244730780717], [-0.23987395433039993, -0.6533723817153556, -0.7180285626947592]], "T": [-0.07743307899728663, -0.05601874815740587, -0.06683074145874976], "aligned_model": [[-0.07584110873199273, -0.30716260091689085, 0.3122768157204726, -0.7201921872523782, -0.061251696401944444, -0.4342843399954992, -0.48958161996042227, -0.47796668091449906, 0.10074551083871003, 0.4622932313988934, 0.7714600780627299, 0.28408680913242607, 0.0016162788503007453], [-0.6402824250269432, 0.34190699462568525, -0.1083860357342625, -0.12719014681233026, -0.5930931508555146, -0.6065148121715398, -0.12248733703174573, 0.38420351945697034, 0.279863030352716, -0.587018032985053, 0.09268564305750418, 0.48540689598765624, -0.06654886069459481], [-0.46735553046831624, -0.7159646422463083, -0.6246219397486097, -0.30357852923234424, 0.6393438012187375, -0.024166100486217867, 0.4963233334190179, 0.07410970646855633, 0.5603597363246801, 0.20883272122318416, 0.0004685708848614356, -0.08600242894979457, -0.02113431658481]], "inverted": true, "swapped": false, "error_lsq": 0.05053513099155346, "error_max": 0.38412750744954766, "target": "490.xyz", "model": "17.xyz", "model_rescale": 3.901054581598922, "target_rescale": 3.722458943600226},
{"mapping": [7, 3, 12, 0, 4, 1, 8, 2, 10, 6, 9, 5, 14], "R": [[0.41440554750523967, 0.18695723586497243, 0.8906823418899756], [-0.6595822272296189, 0.7360224225803504, 0.15238857890855], [-0.6270720275372661, -0.6506289152940262, 0.4283254450340547]], "T": [5.979389152704212e-05, -0.074496878979602, -0.0014820497507071033], "aligned_model": [[-0.0383761444338526, -0.2521787252660858, 0.3599194585572886, -0.6368436103887734, -0.09767832078344155, -0.41208671511158873, -0.432034447154028, -0.5572557642755118, 0.5645144783768192, 0.2541115210641706, 0.5330313770087147, 0.036720568140656544, 0.04435481409553782], [-0.562631054339699, 0.12300801314135912, -0.08780581486795752, -0.24597344593374537, -0.37353511297753644, -0.6316606195328208, 0.11769532431237834, 0.5168344596850143, -0.09695667135402516, -0.7810031914124117, 0.31259310107634714, 0.5076177083068278, -0.06563741393518312], [-0.44861148211656, -0.6948603278603094, -0.6513274144717124, -0.3762544594892983, 0.7241882372646752, 0.0719302841253258, 0.4641089467139074, -0.15466402821483002, 0.592942222144349, 0.004200879364676561, 0.015613571447056263, 0.2218666504815172, -0.032518697566160465]], "inverted": false, "swapped": false, "error_lsq": 0.04678127026957551, "error_max": 0.26511634735289147, "target": "490.xyz", "model": "18.xyz", "model_rescale": 3.9405287249114394, "target_rescale": 3.722458943600226},
{"mapping": [1, 10, 2, 3, 4, 12, 13, 14, 7, 0, 5, 11, 15], "R": [[-0.10118963765431382, -0.3910341815630247, 0.9147966583239819], [-0.6836665461978324, -0.640673289086908, -0.3494821744531331], [0.722745259992285, -0.6607798464692296, -0.2025074903769875]], "T": [-0.0074950307006746986, -0.138115224371524, 0.07573965776582778], "aligned_model": [[-0.026816043827569913, -0.20212807788256637, 0.3540563786120312, -0.5903305232101702, -0.042925471838199655, -0.4869179618278926, -0.30714614318023326, -0.6481324472525738, 0.3114789011144383, 0.2840070889323482, 0.7130610374339028, 0.006583988727002998, 0.0014077640293884055], [-0.6212480743534088, 0.3000897200787993, 0.00976065833561185, -0.3208684318360887, -0.6311490239468693, -0.39075779976778136, 0.3052116768687707, 0.2772749027127218, -0.07665146079971513, -0.7581833213181364, 0.1856563973118404, 0.5769226969647058, -0.12351265808190257], [-0.3734026044402248, -0.5471555505561713, -0.7006227477836862, -0.5178364946414203, 0.6145600220183092, 0.1561414265021318, 0.4819419654874948, -0.053773680971261784, 0.7003222267920047, 0.13245233143241203, -0.18355463917459855, -0.012213478408698991, 0.03975560556634623]], "inverted": true, "swapped": false, "error_lsq": 0.04410485680199849, "error_max": 0.28295274584328045, "target": "490.xyz", "model": "19.xyz", "model_rescale": 4.410303926677745, "target_rescale": 3.722458943600226},
{"mapping": [3, 1, 0, 5, 11, 10, 9, 8, 4, 6, 2, 7, 13], "R": [[-0.14914608651009942, -0.6145763215539387, 0.7746298405457617], [-0.9340434955002749, 0.34467184188401356, 0.09361661137805621], [-0.32452764657629773, -0.7095754127628096, -0.6254474719831701]], "T": [0.009050534927285123, -0.08074704355683932, -0.013473550745935405], "aligned_model": [[0.04037666075359499, -0.02086808341529696, 0.44300179581405164, -0.7006483559569778, 0.011266368677331759, -0.6615985184307689, -0.4791614524026149, -0.6574524015881378, 0.5520397896966389, 0.31055265856272535, 0.5880508789474523, 0.00789845246723156, -0.0672593032953241], [-0.6437498689386711, 0.42140294282073937, -0.20910297417853888, -0.2462369166586715, -0.4436232889073974, -0.5329595524572464, -0.007929355843349833, 0.3023417740154724, -0.14448125904905848, -0.5592956335260844, 0.23063769959535402, 0.6310514566800469, -0.06550974138404661], [-0.46955379385584667, -0.570312987774118, -0.5687846624407821, -0.4233653768986014, 0.7318111231436824, 0.13098304145801123, 0.46632157904600474, -0.004849463858202542, 0.42946438395198067, 0.11534236310132895, -0.09351648366735418, 0.00048111615218987547, -0.007406456535656143]], "inverted": true, "swapped": false, "error_lsq": 0.044009382822583744, "error_max": 0.2820244592343447, "target": "490.xyz", "model": "20.xyz", "model_rescale": 4.121658175737393, "target_rescale": 3.722458943600226},
{"mapping": [2, 10, 6, 4, 0, 3, 7, 11, 5, 1, 8, 9, 12], "R": [[-0.9729913637292843, -0.013917169398756965, 0.23042161032367225], [-0.22808175707952744, -0.09592746881302638, -0.968904862623076], [0.03558817494257609, -0.9952910293592787, 0.09016234624944303]], "T": [0.010139451913215004, -0.05784168979580672, -0.060394044339879174], "aligned_model": [[-0.15503737502034878, -0.12200623350975356, 0.4491791076569119, -0.4683207712836011, -0.0464346892442233, -0.4436325707543427, -0.34868144930194267, -0.7541562291461278, 0.35574148438077835, 0.3010510543451522, 0.6057999755415641, 0.008137210131952018, -0.015441023966112768], [-0.6487443422954656, 0.2721288160130309, -0.10942505433835611, -0.18480618015152933, -0.7293884703621575, -0.4533427053430319, 0.1548110872726064, 0.37579402552705143, -0.08342137167520475, -0.687121101078906, 0.24735710548798107, 0.664022070990355, -0.08531859787782611], [-0.5073418101046775, -0.7548938821997213, -0.5370572370231785, -0.35037237962388285, 0.6696662398572308, 0.2864641415131965, 0.4807569668884264, -0.011596693474824511, 0.5259577655967685, -0.018528448689975073, 0.015403967603815252, -0.10003716571232205, 0.03819291719178164]], "inverted": false, "swapped": false, "error_lsq": 0.04608823546634673, "error_max": 0.23220650852501257, "target": "490.xyz", "model": "21.xyz", "model_rescale": 4.08911054899281, "target_rescale": 3.722458943600226},
{"mapping": [0, 8, 6, 1, 3, 2, 15, 11, 12, 13, 10, 5, 16], "R": [[0.6675668074295187, 0.32586633705661017, -0.6694517816778648], [-0.3077678472724643, 0.9394970003896135, 0.15041389046292059], [0.6779627643194225, 0.10562441305032694, 0.7274681941941799]], "T": [-0.022036551627210972, -0.09546318154287708, 0.034136092244716726], "aligned_model": [[0.05461587553839841, -0.2238364309216932, 0.2988806687481295, -0.6735162658951318, -0.01624244597959807, -0.5942493838186448, -0.6372137961201387, -0.5435615971145261, 0.5340180347955423, 0.3617986770798544, 0.6704004935319374, 0.14110031790409724, -0.005995657918320636], [-0.6437118933301973, 0.2481482618565798, -0.054947773448328394, -0.1928525764816875, -0.6701485727555458, -0.5125375607492009, 0.054554573295860165, 0.44682887196070914, -0.11147506986257474, -0.5843430881336953, 0.3096509561959055, 0.5823265528337875, -0.13894739921306482], [-0.5077376509948308, -0.5332879138933275, -0.6373806744297021, -0.4086820068850272, 0.6852750580277234, 0.1751157583613956, 0.39546509604237245, -0.10666158491923583, 0.519436434697453, 0.25862867600503964, -0.052748216524858366, -0.07410665218327149, 0.02329805851890645]], "inverted": false, "swapped": false, "error_lsq": 0.04259802907631726, "error_max": 0.23583539200157083, "target": "490.xyz", "model": "22.xyz", "model_rescale": 4.204369325754507, "target_rescale": 3.722458943600226},
{"mapping": [1, 10, 2, 3, 4, 12, 13, 14, 7, 0, 5, 11, 15], "R": [[-0.10118963765431382, -0.3910341815630247, 0.9147966583239819], [-0.6836665461978324, -0.640673289086908, -0.3494821744531331], [0.722745259992285, -0.6607798464692296, -0.2025074903769875]], "T": [-0.0074950307006746986, -0.138115224371524, 0.07573965776582778], "aligned_model": [[-0.026816043827569913, -0.20212807788256637, 0.3540563786120312, -0.5903305232101702, -0.042925471838199655, -0.4869179618278926, -0.30714614318023326, -0.6481324472525738, 0.3114789011144383, 0.2840070889323482, 0.7130610374339028, 0.006583988727002998, 0.0014077640293884055], [-0.6212480743534088, 0.3000897200787993, 0.00976065833561185, -0.3208684318360887, -0.6311490239468693, -0.39075779976778136, 0.3052116768687707, 0.2772749027127218, -0.07665146079971513, -0.7581833213181364, 0.1856563973118404, 0.5769226969647058, -0.12351265808190257], [-0.3734026044402248, -0.5471555505561713, -0.7006227477836862, -0.5178364946414203, 0.6145600220183092, 0.1561414265021318, 0.4819419654874948, -0.053773680971261784, 0.7003222267920047, 0.13245233143241203, -0.18355463917459855, -0.012213478408698991, 0.03975560556634623]], "inverted": true, "swapped": false, "error_lsq": 0.04410485680199849, "error_max": 0.28295274584328045, "target": "490.xyz", "model": "23.xyz", "model_rescale": 4.410303926677745, "target_rescale": 3.722458943600226},
{"mapping": [10, 11, 9, 1, 2, 3, 0, 7, 5, 4, 15, 13, 16], "R": [[-0.3895914632576869, -0.10628464853629006, 0.9148344469040572], [0.05386615697542104, 0.9889887618711213, 0.13783927606210922], [-0.9194111859714531, 0.10297962117887378, -0.37957643332064483]], "T": [0.049859154705239134, 0.038177782812154726, -0.07540329452383109], "aligned_model": [[-0.00036109815857664207, -0.14834702499647864, 0.4197332667702772, -0.7417903277215072, -0.13603403160366048, -0.4128468821935981, -0.4316385766278943, -0.522444109017439, 0.37688832768297587, 0.22455617182599438, 0.7582034035761, 0.010942527002232194, -0.030663156708519226], [-0.46701508771029826, 0.19597070407173753, -0.07984135832859868, -0.20841197320385904, -0.5172341045898079, -0.6937144031262679, -0.04003826394956163, 0.37569749475150677, -0.053336702066535874, -0.578862695167083, 0.11451869140093363, 0.7315185070193704, -0.04670552693298828], [-0.48288585372261866, -0.655521550519262, -0.5670175815180994, -0.2963556395481938, 0.6244933476990719, 0.16849819422462015, 0.5011623963008852, -0.05348720301449751, 0.4540105818591156, 0.17484932531343444, -0.11705280355052942, 0.033916237460057785, -0.04799506916134738]], "inverted": false, "swapped": false, "error_lsq": 0.031464808799463805, "error_max": 0.16377520296205295, "target": "490.xyz", "model": "24.xyz", "model_rescale": 4.28219845311461, "target_rescale": 3.722458943600226},
{"mapping": [0, 2, 4, 6, 5, 8, 11, 14, 9, 1, 7, 13, 15], "R": [[0.656288056059344, -0.6489757980357351, -0.3848589365439341], [0.7188545379887274, 0.382865648960963, 0.5802258595225774], [-0.22920327372631577, -0.6574528944415573, 0.7177893499513337]], "T": [-0.006277825347376878, -0.03696409401482652, 0.04047118434218182], "aligned_model": [[-0.09897178453961182, -0.22594041312314006, 0.4827871463713816, -0.7222155984615602, -0.06819243583077571, -0.422547957105998, -0.28599012204622987, -0.6446915435109565, 0.3718241033481692, 0.12683167133555862, 0.7081239936172065, 0.15557023794838187, -0.010388808172519231], [-0.42989170115091807, 0.2320521769697363, -0.1672484174593123, -0.36193783133928736, -0.5884661272456567, -0.5726013886041579, 0.10597873453969002, 0.37263194686754303, 0.08741515170895862, -0.6629525405324528, 0.27147531957328785, 0.5153124898165942, -0.06922253097547679], [-0.6684504597873931, -0.5495784897235995, -0.4872503535241956, -0.40000845200744317, 0.6864532036469693, 0.18797685535013242, 0.48522443063599063, -0.02883705938589566, 0.5867700207209169, 0.02321645844069052, 0.03405441290012208, -0.10687954112570415, -0.02607664431795377]], "inverted": false, "swapped": false, "error_lsq": 0.04632668676739783, "error_max": 0.28961959672712834, "target": "490.xyz", "model": "25.xyz", "model_rescale": 4.100010024507729, "target_rescale": 3.722458943600226},
{"mapping": [2, 1, 3, 7, 9, 5, 0, 6, 11, 8, 10, 12], "R": [[0.860767062725191, -0.30371013398880925, -0.4084607915577047], [-0.12333223431528548, 0.654117114574932, -0.746270701822713], [0.4938311692332175, 0.6927416220588054, 0.5255852179819069]], "T": [-0.00135638624716123, 0.08585956288141008, -0.13974009078667665], "aligned_model": [[-0.6087404165165807, -0.02130052796009408, 0.3603259227145797, 0.605255062446974, -0.37062557604079355, 0.24855616120447008, -0.3295011492195483, 0.5437857862783306, 0.15204321751013647, -0.08333487687913887, -0.59409789134552, -0.025600109829808523], [-0.28711553538962187, -0.6903046447647521, -0.13502395176789297, -0.2927473462375543, 0.6493062737443464, 0.5378798552933695, 0.13987203136978463, 0.33967050594527426, -0.24574250270354916, 0.5586740969805905, 0.018792650439994174, 0.07286995714065025], [0.10520389235180438, 0.08386248624197576, 0.5725495656676043, -0.08252871439084394, 0.04524529987667261, 0.4202135849383119, 0.5016478475485839, -0.20250397337811749, -0.6439072922818381, -0.6427059206544217, -0.5211989163667203, -0.07068556969865442]], "inverted": true, "swapped": true, "error_lsq": 0.043605113441369026, "error_max": 0.25099783862595526, "target": "490.xyz", "model": "26.xyz", "model_rescale": 3.6694154284099745, "target_rescale": 3.722458943600226},
{"mapping": [8, 4, 10, 5, 3, 7, 6, 0, 12, 9, 11, 2, 13], "R": [[0.23906666449783853, 0.0012841261133851312, 0.9710023073844898], [-0.6136386024567586, -0.7747976311970557, 0.15210620061768632], [0.7525256111925989, -0.6322080209168154, -0.18444029599751066]], "T": [-0.10896194122831308, -0.13144702175740258, -0.04776269296346479], "aligned_model": [[-0.09246639000168191, -0.13395093765629307, 0.33476341046821906, -0.8653833277427364, -0.09200636227072105, -0.3927113180765692, -0.24775438332630656, -0.5368314258670251, 0.36495031526641314, 0.3790465974386818, 0.6753274146727929, 0.06880373420746401, -0.0955888372823315], [-0.49995614039441677, 0.2386158698633561, -0.06995533231177681, -0.24558548777513983, -0.5812576667698353, -0.6687177667027473, 0.17398699931570916, 0.34756171833559085, 0.009633610249509511, -0.5985709030284747, 0.1817894834838884, 0.5210056218968615, -0.07600472399397742], [-0.5695731170651206, -0.7812199694231994, -0.449281440076907, -0.24969732674347117, 0.6232172712003357, 0.11641697228940547, 0.5511005206270652, -0.20400505009707848, 0.5729113291883057, 0.044467894179339315, 0.10372515225734173, 0.021768297455964036, -0.04321615196934354]], "inverted": false, "swapped": false, "error_lsq": 0.043739707271981905, "error_max": 0.23180898349839302, "target": "490.xyz", "model": "27.xyz", "model_rescale": 4.103607728864725, "target_rescale": 3.722458943600226},
{"mapping": [12, 4, 13, 2, 9, 3, 0, 1, 6, 10, 11, 7, 14], "R": [[0.0786226954470917, -0.1669242750957456, 0.9828299741788472], [0.37850924011693965, 0.9170535239781032, 0.12547346056214093], [-0.9222522577401101, 0.36214516501411703, 0.1352836004479743]], "T": [0.08279490053853053, -0.12611566243942388, 0.02365507139083053], "aligned_model": [[-0.14278718000400456, -0.2431293282975492, 0.3226552577345313, -0.5116453745315688, 0.019817441311222594, -0.4713004190749962, -0.5697694543076312, -0.6165381261543234, 0.47218204962338794, 0.296541310177995, 0.7266781791927565, 0.1459698357243766, -0.06247570156429058], [-0.6746173985224132, 0.26949037018340394, -0.08823493248578376, -0.18324295683687708, -0.3502184853710124, -0.6325555941483417, -0.10987743661565717, 0.4333839736368472, 0.020343155408531127, -0.552510029204765, 0.09822907325352362, 0.5733708640637871, -0.0710153211926944], [-0.5972734169045474, -0.7239267309188229, -0.5770982825720808, -0.4061099083847351, 0.8084707761498249, 0.018380138229292336, 0.3127706603651295, 0.05111972289054932, 0.5013523873284605, 0.20330916308588276, -0.060873009716179594, 0.18738891751960188, 0.01910396475026173]], "inverted": false, "swapped": false, "error_lsq": 0.04484862871203597, "error_max": 0.29544842677132427, "target": "490.xyz", "model": "28.xyz", "model_rescale": 4.137296879288765, "target_rescale": 3.722458943600226},
