[{"mapping": [2, 6, 13, 11, 0, 4, 15, 7, 14, 12, 3, 16], "R": [[-0.6469985131983865, 0.3294878746472544, -0.6876268351217196], [0.6622014965646461, -0.20425827768583094, -0.7209491895718874], [-0.37799748923322296, -0.9218005730402066, -0.08603256172012064]], "T": [-0.05062646405148244, -0.02192417819968709, -0.0539714599004716], "aligned_model": [[-0.24932997794602899, 0.2294129469739384, 0.3241212497170658, -0.09741998558241768, -0.10133818393840237, -0.5031887618195997, 0.3882865634741933, -0.2611316272599147, 0.6639367987743647, 0.048800896051167525, -0.6212780301345096, 0.016770574150691955], [-0.30938524120949074, -0.7225190117410626, -0.18334713443932923, 0.618155355977728, 0.35197142996524233, -0.4355350315747988, -0.18825481904427935, -0.4550738837431355, -0.04037231412961448, 0.4275194963157296, 0.03128054905619704, -0.040884359456128755], [-0.5910949401863191, -0.02517130468134506, -0.617907205380759, -0.11430567259112935, -0.7215606788968015, 0.06680030123257127, 0.5612859661929546, 0.5758230999512666, 0.03424037880890432, 0.5424638947786952, 0.4639201887228456, 0.007457717402679254]], "inverted": true, "swapped": true, "error_lsq": 0.04044358058281814, "error_max": 0.21214767030406426, "target": "491.xyz", "model": "0.xyz", "model_rescale": 3.751011558992144, "target_rescale": 4.201863932996242},
{"mapping": [11, 8, 1, 9, 13, 4, 14, 10, 2, 7, 6, 15, 12, 3, 16], "R": [[-0.30185572441467046, -0.4490357952548558, -0.8409815552186232], [0.3425439508046979, -0.8743059723239275, 0.34387891550053024], [-0.8896891386350648, -0.18427132532912266, 0.41772875799523956]], "T": [-0.04141858393252709, 0.0032259981502022333, -0.021765020536236794], "aligned_model": [[0.2119288806955196, 0.23657455285808468, -0.5342258685096997, -0.007781367622369098, -0.2259479805940692, -0.4580808580291046, 0.4494039456965262, 0.6176655532790031, -0.6314027791204072, -0.010771644669047314, -0.19791747162766302, 0.5197079355839425, 0.6027539896109516, -0.06100344033755242, 0.028182763874919747], [0.09992432678312911, -0.6695532499235951, 0.26512044220741476, 0.5784107943306335, -0.666612432581175, 0.35389015703537463, -0.4757957576067691, -0.09268557596581718, -0.24123333979243866, 0.4994713958261096, -0.2974403418027837, 0.04752202232420508, 0.38564017503382503, 0.7724111315810952, -0.01031239762210244], [-0.6065693949702721, -0.44662895737583425, -0.3616324629601445, -0.5490659727308445, -0.06398022264827223, 0.2846653740006731, 0.1981297741000721, -0.2719960941735243, -0.07446097651298075, 0.595789470312863, 0.6529145268212022, 0.5092972352458368, -0.101900166526983, 0.046472626680353714, 0.03863164558983081]], "inverted": true, "swapped": true, "error_lsq": 0.03973660867565713, "error_max": 0.2565436326057626, "target": "491.xyz", "model": "1.xyz", "model_rescale": 3.9405287249114394, "target_rescale": 4.201863932996242},
{"mapping": [3, 7, 4, 14, 6, 1, 12, 15, 13, 0, 8, 11, 16], "R": [[0.9563562461611799, 0.07253244915876174, 0.2830578991081655], [0.02006210700862018, 0.9501173377905021, -0.3112467771596418], [-0.2915137085813829, 0.30334153729570346, 0.907195496825358]], "T": [-0.09638986933383782, -0.056311020023948576, -0.025416836363768087], "aligned_model": [[-0.3345122809155645, 0.2020359392314784, -0.22760672337624904, 0.5153381560649904, 0.42807653050056277, -0.720230611357812, 0.0658659669798528, 0.5975971414572167, 0.01106879192935216, -0.5936009475684956, -0.014630075056408273, -0.4259059107609262, -0.007512697844066454], [0.6783759276076564, 0.6102951642098625, 0.29784158503692576, -0.34729448815253744, -0.14505437288394962, -0.006524870536635495, 0.3838955481008894, 0.25234484727059264, -0.7250082780942518, -0.6184191029855504, -0.7722568078264016, -0.1118517390044518, -0.03751081917013142], [-0.04019921341956813, -0.3338816004649618, -0.5232425681433056, 0.21920483684939504, -0.5612752637686994, -0.21330421191182106, 0.5640844526696508, 0.1227918429252212, -0.1860821965852166, 0.13225566094950303, 0.411799849658056, 0.5258236446682352, -0.004854883837844846]], "inverted": false, "swapped": true, "error_lsq": 0.04049058462984276, "error_max": 0.20807229612661318, "target": "491.xyz", "model": "2.xyz", "model_rescale": 3.932901565614263, "target_rescale": 4.201863932996242},
{"mapping": [4, 9, 3, 2, 7, 15, 12, 6, 13, 14, 11, 0, 10, 16], "R": [[-0.7961415465646351, 0.261573737698388, 0.5456535691995116], [-0.48185888690239653, -0.8195002782039562, -0.3102117134100869], [0.3660200144074838, -0.5099004547655683, 0.7784798489896909]], "T": [0.008792747840138306, -0.005187400585759699, 0.008544240903325676], "aligned_model": [[-0.2933129022294326, 0.6688426569967738, 0.18296054331959033, -0.21936138486031662, -0.3736234339018371, -0.2603698692950376, 0.4164024891950252, -0.7372855372762058, -0.2258989365509886, -0.17186174544509444, 0.6436011455575227, 0.3930370996581534, 0.42238294093518813, -0.02570315405063737], [0.02354676278515383, -0.04969870440588145, -0.3628417803571702, 0.5840946753263389, -0.5276086636073909, -0.6984269567855161, -0.6379941377968821, -0.05397664517248417, 0.4546175276723593, -0.271171941528654, 0.018871555367942244, 0.6245655220620661, -0.36023447517025153, -0.08024610003914158], [-0.5376964695251799, -0.40662821425008455, -0.6535997285151968, -0.09780851644493832, -0.4490649445960498, 0.2226064548401681, 0.040645345292129376, 0.11376516821101529, 0.47546606094765426, 0.653011848175679, 0.1179568808355988, 0.21785860775738675, 0.4658092047826315, 0.05157466554628368]], "inverted": false, "swapped": true, "error_lsq": 0.039066622215307864, "error_max": 0.30185259523447583, "target": "491.xyz", "model": "3.xyz", "model_rescale": 3.9243930471874484, "target_rescale": 4.201863932996242},
{"mapping": [10, 11, 8, 14, 13, 12, 15, 0, 2, 4, 6, 7, 16], "R": [[0.23446993323020904, -0.9448103920110211, 0.22881689963593632], [-0.49567339532037513, -0.3186765007940457, -0.8079314160330902], [0.8362605667987657, 0.07601717562264076, -0.543037432805294]], "T": [-0.0690580182121835, 0.05993132347319172, -0.10382242349345525], "aligned_model": [[-0.06543925035823837, -0.16939241850562986, 0.5748470741142164, 0.31032826034075095, 0.6230659853637149, -0.5446043071526576, -0.23549668895433462, 0.3400647783002133, 0.2699815696041187, -0.36609596915393827, 0.211109392732307, -0.6005425121216511, -0.07062002789751858], [-0.556429467413785, -0.07515648124695809, -0.2551037356589687, -0.5338601085465415, 0.13297180107544004, -0.48868920160628115, -0.5642454886509862, 0.34723860954816044, 0.6007337497767742, 0.47455213207783964, 0.051815149280569045, 0.01382157464176817, -0.019818979595443195], [-0.4591994066583044, -0.7260892103981474, -0.5471739873364124, 0.04517457544883438, -0.09173122371791122, -0.30504815581075095, 0.32226876893689727, -0.6853015980140513, -0.04722316684941222, 0.25719063783587504, 0.5972660095976308, 0.4826674763045973, -0.055730403967880926]], "inverted": false, "swapped": true, "error_lsq": 0.03540899423819681, "error_max": 0.2455020393676267, "target": "491.xyz", "model": "4.xyz", "model_rescale": 3.8936222436046832, "target_rescale": 4.201863932996242},
{"mapping": [1, 9, 4, 2, 7, 12, 10, 14, 13, 0, 6, 16], "R": [[0.01559127906396095, -0.9993127802133133, -0.033628549173106516], [0.9700134326389414, 0.023275643679115283, -0.24193425741581373], [0.24255072153503904, -0.028848079895570394, 0.9697097172706742]], "T": [-0.09325537592983461, -0.022983079372269524, -0.023729991710133617], "aligned_model": [[-0.034594176162872026, -0.5257266171614614, -0.24853203275839414, 0.40569172903117723, -0.6346916493236483, -0.7167174194581232, -0.2822479992634681, 0.05611760248957305, 0.5815658723548899, 0.41442254654611904, 0.13607960970492272, -0.12381942378361763], [-0.4611789527543658, -0.6618044728711514, 0.15196635911445067, -0.076974187818427, 0.4645875210998263, -0.12376683641788823, -0.1775876635049498, 0.34850041900293227, 0.07093202021631943, -0.5948002895645015, 0.6835038670186945, 0.04554512158886781], [-0.5048753316781449, -0.14575932826197815, -0.6031730376562818, -0.42217111523395884, -0.33629030617332456, 0.3870719841924481, 0.6445407102345063, 0.5749435775587421, 0.11879362646951552, 0.03400366240524464, -0.15925231605581067, 0.03145259347456083]], "inverted": false, "swapped": true, "error_lsq": 0.03855571302583827, "error_max": 0.2296882674644487, "target": "491.xyz", "model": "5.xyz", "model_rescale": 3.6523030999806103, "target_rescale": 4.201863932996242},
{"mapping": [0, 11, 10, 13, 14, 1, 12, 2, 3, 7, 15, 6, 16], "R": [[0.5398580967027278, -0.8162802999831577, 0.20552300913502203], [0.5054422904359653, 0.5095965594465395, 0.6963041272598454], [-0.6731131602214844, -0.27202540039425666, 0.6876924131303114]], "T": [0.060303590951074085, -0.11435581901015143, 0.019780376355255952], "aligned_model": [[0.23546960380819526, -0.18392494192278913, 0.0719438480245823, 0.7049340225629833, 0.5631842327009559, -0.2613367612787365, -0.3497193218241566, 0.302528540708091, -0.6679968721816948, -0.27093314552728276, 0.1297183457689755, 0.5211897820187623, 0.08602557180640857], [-0.5263722509457053, -0.013981553095793714, 0.45656218163176265, -0.3255400037865209, 0.4000409715233646, -0.6681489495756445, 0.5008973801295216, -0.7062323875275758, -0.09069410525919988, 0.08770771914790668, 0.5639128894005143, -0.10508948929249576, -0.032235498186951136], [0.6423591243172111, 0.6078357236002907, 0.4441901561026732, 0.17588800444078684, 0.054842048165705676, 0.14946557341368982, 0.16457423243305566, -0.02056542405069975, -0.23654806781769225, -0.6716130208672255, -0.34625975694044253, -0.57820181022697, -0.0158570430885938]], "inverted": false, "swapped": true, "error_lsq": 0.043324253063595074, "error_max": 0.26757024785149314, "target": "491.xyz", "model": "6.xyz", "model_rescale": 4.08911054899281, "target_rescale": 4.201863932996242},
{"mapping": [8, 0, 13, 10, 15, 7, 14, 6, 12, 11, 3, 1, 4, 2, 16], "R": [[-0.1139178014721638, 0.8715716263998226, 0.47684969808370115], [-0.5973709967924947, -0.4436072608341385, 0.668102155606741], [0.7938328707598912, -0.2087474507389273, 0.5711863751098316]], "T": [0.02895205252041933, -0.028146783048426362, 0.020509847258967664], "aligned_model": [[0.18738058334334667, 0.33896366338488826, 0.5896477759240228, -0.4445504550831164, -0.35028566754994256, -0.22399792242202282, -0.007153063892529253, 0.4335364718089722, -0.7141682173981235, -0.3065260872997094, -0.43667327036908854, 0.18809659358562308, 0.1642692410914965, 0.6245230929738755, -0.006729198298138402], [-0.7357825002730101, -0.6965191869580434, -0.30878978670248497, -0.4112189707155618, 0.3616958230072163, 0.7222451657141655, -0.11925447204924103, 0.4782436512853773, -0.059188955768005404, -0.5562336498860027, 0.3539627104244367, -0.13339609060515076, 0.46607247776874733, -0.06854032955878206, 0.007462930485452365], [-0.409110401213572, 0.23315062528693276, -0.2817757049317457, -0.34726398883602677, -0.5299933065541725, 0.05924629234014335, -0.6930152948081055, -0.3667430638174295, -0.0996117443022712, 0.1757848926704642, 0.5041120663100339, 0.6454524016494544, 0.3781534832887019, 0.25349499577417056, -0.057811220774497546]], "inverted": true, "swapped": true, "error_lsq": 0.04488875344676144, "error_max": 0.24238340079895535, "target": "491.xyz", "model": "7.xyz", "model_rescale": 3.964800864290218, "target_rescale": 4.201863932996242},
{"mapping": [4, 7, 6, 1, 13, 9, 2, 15, 12, 10, 11, 8, 14, 16], "R": [[-0.9274311101805901, -0.19932386889935375, -0.31645146729979207], [-0.1638409833766765, 0.9771622507171991, -0.13531469964294865], [0.33619587748121155, -0.07364734252022284, -0.9389080897001301]], "T": [-0.04537918347953926, -0.007957146985887833, 0.007174985188287006], "aligned_model": [[-0.17506211209155645, 0.29953552746520473, 0.42328129165580086, -0.6726480343231006, -0.024508058300723588, -0.5538353353434006, -0.39715227051174873, 0.6875877516574866, 0.2091157664893221, 0.2151317920207286, -0.33545732905677883, -0.008999527108322913, 0.5478559557747493, 0.04634247113321176], [-0.2565686867807919, -0.5473912597156492, 0.26162368992745094, -0.09193967332820967, 0.687750698602546, -0.5197835531476047, 0.3933314538804271, -0.25318506098863197, -0.5441342392609155, -0.07504003498330407, -0.11718886052858851, 0.5978797115245523, 0.2952575877781059, -0.019663306798184663], [-0.5512576696461526, -0.4603899396788252, -0.519862179410187, -0.15542366797553842, -0.0012946385800328558, 0.3063762182254113, -0.3475668030320082, 0.04558032815423989, 0.47125148208293527, 0.6658406347926779, 0.5723782788499919, 0.5920336749935955, 0.28077179248699136, 0.018377527461922602]], "inverted": true, "swapped": true, "error_lsq": 0.0412209674460434, "error_max": 0.24698627577188165, "target": "491.xyz", "model": "8.xyz", "model_rescale": 4.121658175737393, "target_rescale": 4.201863932996242},
{"mapping": [6, 15, 14, 13, 7, 4, 12, 9, 10, 3, 2, 0, 16], "R": [[0.41386988419456483, 0.1235700100134236, -0.9019102902074351], [0.12257098533809643, 0.9741585409144732, 0.18971423435428578], [0.9020466021830723, -0.1890650411595626, 0.3880287846298355]], "T": [-0.016937102312194842, 0.06822228011191747, 0.008714008757078735], "aligned_model": [[-0.5422739444888341, -0.11252651955192167, 0.23038234186276488, 0.09395655640527523, -0.6105129031995901, -0.5899870057377594, 0.31125908115576767, 0.24834658790911504, 0.58268599308295, -0.2932634304224137, -0.24996179566121768, 0.42796161643500275, -0.01932908135394132], [0.2500639491302711, -0.43165376236446007, 0.06765173997144222, 0.6927323974141618, -0.4499165151598602, 0.007172238431443156, -0.6080979268133069, -0.27095148447062434, -0.22584089619193357, -0.5062932931008697, 0.6352855266979331, 0.6087013199605329, 0.021534145906980308], [-0.5022061915809723, -0.5742429653401178, -0.6677141735394869, -0.27800267134663775, -0.07944627824238354, 0.25029027057265174, -0.04127390650101425, 0.6603281794018176, -0.23661334804966705, 0.4449035651637723, 0.1951472378662405, 0.3217515579432142, -0.0718458423883277]], "inverted": true, "swapped": true, "error_lsq": 0.04072888012460252, "error_max": 0.2282603621824709, "target": "491.xyz", "model": "9.xyz", "model_rescale": 3.833441315466971, "target_rescale": 4.201863932996242},
{"mapping": [13, 6, 1, 3, 7, 5, 15, 12, 11, 9, 8, 10, 14, 2, 16], "R": [[0.16072245963264786, -0.2892970904311029, 0.9436500858039121], [-0.37472442777160286, 0.8666085985842923, 0.3295013506664493], [-0.9130990604533975, -0.4065670059508861, 0.030876778835484724]], "T": [-0.09522656728993309, -0.014305008796335077, 0.10986431859279379], "aligned_model": [[0.2098720435952711, -0.22196091765723996, -0.5083591627949872, -0.6164556613020823, -0.5753190063633554, -0.6111337610653261, 0.11468078770930598, 0.14608325437363767, 0.2021238037442266, -0.2745024589531126, 0.6576606158273757, 0.5110348008293104, 0.49035572481427336, -0.34475049423265536, -0.05548455023010969], [-0.6208361765861943, -0.5432580653167081, 0.021296778757250848, 0.5479909913360917, 0.19384248059536188, -0.6271740878075602, 0.16495936704515843, 0.6624591774876291, 0.38262360917356386, 0.6129340241632604, -0.2481398932724226, 0.3540471061029266, -0.18143366237503505, -0.5131382931361103, -0.005071816872233929], [0.2633293795731208, -0.4138070572601451, 0.6148510206299639, 0.015900749165540448, -0.4857514563604015, 0.012340239008600304, -0.6130847903007841, -0.11680803292424728, 0.5216434948916907, 0.5393368514326066, 0.4080313889879128, 0.055363005192347076, -0.2746921936587267, 0.4253349932568964, 0.02613431618771893]], "inverted": false, "swapped": true, "error_lsq": 0.03899647934626559, "error_max": 0.2528552492519408, "target": "491.xyz", "model": "10.xyz", "model_rescale": 4.2482417240324, "target_rescale": 4.201863932996242},
{"mapping": [6, 4, 3, 1, 14, 10, 15, 11, 2, 8, 13, 16], "R": [[-0.9296609534297757, 0.36620426677493084, 0.04031062718286155], [0.032906491925757314, -0.026441020300478624, 0.9991086203384543], [0.36694369385122355, 0.9301587538916704, 0.012530686394391977]], "T": [0.05321322289753272, -0.0006531969304039223, -0.009059224468244118], "aligned_model": [[-0.6456209524203511, 0.068646533944327, 0.4823983533076338, 0.5212811695843309, -0.4571895491702579, 0.13335532231131558, -0.37763654615707215, 0.5468616371460322, -0.01005272721241271, -0.060095427952461464, -0.31731403432659544, -0.007868176691481696], [-0.2833213480704834, -0.6028880002835578, -0.33460779321670664, -0.37920404373328265, 0.5054431993365525, 0.6864315037286375, 0.24431038187022075, 0.40497782073282174, -0.382128915688873, 0.6536223155807568, 0.11441922006103311, 0.039077049733520705], [0.03353365277432149, 0.15691500310442386, 0.5395391386748469, -0.2631640289276618, 0.03652330221922194, 0.15736907303183836, 0.5852584933775381, -0.09453659907978651, -0.5200311197908178, -0.5281990600993396, -0.5869732624600723, 0.04895769702984361]], "inverted": false, "swapped": true, "error_lsq": 0.0432370126512839, "error_max": 0.21793610275417666, "target": "491.xyz", "model": "11.xyz", "model_rescale": 3.6694154284099745, "target_rescale": 4.201863932996242},
{"mapping": [14, 6, 4, 7, 15, 8, 10, 0, 3, 9, 1, 12, 2, 16], "R": [[0.33789365691823187, 0.9111300204571117, 0.23594482922125626], [-0.10242154501169645, 0.284796613237749, -0.9531005803196877], [-0.9355948395175346, 0.29788080654874627, 0.18955031352658627]], "T": [-0.03593634342151245, 0.05840338830199075, -0.043906756611261824], "aligned_model": [[0.10639597989849223, -0.07769702841672432, -0.007911307888002324, 0.5118878089948682, 0.5852455694233667, -0.3993501084253243, 0.2816222236355975, -0.6500142694256872, 0.4367127771965393, 0.13780717605717577, -0.35427838380112137, 0.6208341208138701, -0.6206637109294104, 0.027674003122170505], [-0.5014478967151483, 0.22725347320982053, 0.6766805501500909, 0.5624375804832021, -0.11893547166225583, -0.7018285518729463, -0.5546078621691669, -0.20472320656186033, 0.567347336370883, 0.19705985427017064, 0.44367765587317864, -0.19029693576953005, 0.3055775970823273, 0.02279316544748878], [-0.4740583196574589, -0.77863822828532, -0.1300481415457223, -0.3166896554706617, -0.46997739404077704, -0.02392431151877783, 0.12808243918711365, 0.33254731167437585, 0.2941236844620137, 0.7048274286293575, 0.3770204129258957, 0.22889583671388575, -0.1311844654276949, -0.10188113799381465]], "inverted": false, "swapped": true, "error_lsq": 0.043277519692846884, "error_max": 0.36759417778382664, "target": "491.xyz", "model": "12.xyz", "model_rescale": 3.9764082729961374, "target_rescale": 4.201863932996242},
{"mapping": [13, 6, 5, 1, 0, 8, 11, 2, 4, 14, 7, 3, 15, 12, 9, 16], "R": [[0.02966817632106361, -0.07860967648252207, -0.9964639070619141], [0.9676301733242675, 0.25221500686249904, 0.008912798987826986], [0.2506225189128666, -0.964472969593582, 0.08354785417416227]], "T": [-0.03642130049309658, 0.02248351678594056, 0.007695067681559198], "aligned_model": [[-0.0011603112852895184, -0.38125592904605365, -0.7596603424988555, -0.38594175419612664, 0.11495412244933642, 0.5632326063607579, 0.4074442994513653, -0.459330864574775, -0.6202605609443532, 0.42002327362575276, -0.40524002242941715, -0.28545523724147914, 0.20952438984438737, 0.4538106704984435, 0.06670578310822559, 0.001450190687475067], [0.06044421372801585, -0.5568561285846738, -0.11319428869093794, 0.562907797224605, 0.6681431853511444, 0.21494183414325213, 0.4573718116701258, 0.28579699855222235, -0.042429466117778036, -0.43346314169459715, -0.4916415199208772, 0.05659936781362564, -0.6840090190920338, -0.12744095946195833, 0.5506642035182913, -0.062370771095183755], [-0.6864464113658073, -0.33221564957456484, -0.32366049348436143, 0.12054296325657782, -0.37734264914149684, -0.5524803098951152, 0.17912190662375332, -0.3953335828924545, 0.22074532533053265, -0.3124507025013258, 0.48541933517181496, 0.7381085941481911, 0.2057638495018209, 0.5597963399584016, 0.5737385934411854, 0.014089834275546767]], "inverted": true, "swapped": true, "error_lsq": 0.042195622929593835, "error_max": 0.2735454552472063, "target": "491.xyz", "model": "13.xyz", "model_rescale": 4.170626492500431, "target_rescale": 4.201863932996242},
{"mapping": [10, 12, 14, 15, 13, 5, 6, 11, 0, 3, 1, 4, 2, 16], "R": [[0.8223979266158177, 0.40423703647165204, -0.40031745982734834], [-0.17505045549637893, 0.8493164985719182, 0.4980148825929275], [0.5413122835559107, -0.33949065318231264, 0.7692380048290206]], "T": [0.003577998827781148, -0.0009065224203119865, 0.0894973261248419], "aligned_model": [[0.20587028988362222, -0.05846332135091975, -0.15586512897272387, -0.5748708764222594, 0.20210101650712217, -0.3289319067730341, -0.5756255636566094, 0.5289877727761914, 0.7238045901262822, -0.2220726716144686, 0.3254484680297638, -0.3293285515352093, 0.16098594306499905, -0.058857037971112594], [-0.48479596516276025, -0.7403476000671397, -0.019756146469685223, -0.3381560430406942, 0.5511000964469936, 0.6755398079959458, 0.4456962349953789, -0.3725025138193142, 0.26116099657634706, -0.45768807440595183, 0.13162512820195754, 0.15263905858817273, 0.5834180835315186, -0.03185859544510309], [-0.3912680598678802, -0.04088026431595146, -0.6126030224425747, -0.29846128989227966, -0.2851946126521752, 0.37783256753616856, -0.09799627837160488, 0.05217910582004448, 0.06421408399652143, 0.670116048940181, 0.642482281272053, 0.5955303022797598, 0.3002248189334424, 0.027697419885162188]], "inverted": true, "swapped": true, "error_lsq": 0.03670208566201699, "error_max": 0.22790585402255764, "target": "491.xyz", "model": "14.xyz", "model_rescale": 3.9786697098870705, "target_rescale": 4.201863932996242},
{"mapping": [14, 6, 8, 10, 13, 0, 7, 1, 11, 12, 5, 16], "R": [[0.6653883422465309, 0.08009069565370067, -0.7421885437489049], [0.4402271838741069, 0.760843971893118, 0.4767771775286413], [0.6028750953395627, -0.6439735482949672, 0.47099860776408115]], "T": [-0.021010819351269736, -0.001983883956074739, 0.09571314558813122], "aligned_model": [[0.014134330737249248, -0.6709027104686346, 0.5416536677255224, 0.4730280695852131, 0.011403455852340018, 0.5068639524863223, -0.6235973045686996, 0.07419510671987108, 0.6038503161256628, 0.2647597569654665, -0.6639305329612883, -0.04810351143168812], [-0.3369771018037704, 0.015932805265084976, 0.13177103820736974, -0.4621409308797747, 0.408366631999154, 0.5454287655854894, -0.4081915865034228, 0.4507566568059815, -0.06310996526916265, -0.6733113667543867, 0.48441837942565835, -0.07826883585378112], [-0.540892447545797, -0.2882193531147338, -0.517426121909825, -0.12875865346870957, -0.465605403566098, -0.002940724271780909, 0.41266284032396583, 0.5571450824667441, 0.24180840391237862, 0.28352991097782626, 0.059014825125867656, 0.049648134943991805]], "inverted": true, "swapped": true, "error_lsq": 0.04443590849206972, "error_max": 0.2465740620170836, "target": "491.xyz", "model": "15.xyz", "model_rescale": 3.769337070930944, "target_rescale": 4.201863932996242},
{"mapping": [10, 9, 14, 15, 8, 0, 13, 1, 6, 7, 16], "R": [[0.23218375790979845, 0.948512831319184, 0.21543934502720127], [-0.9339945015316145, 0.27925197235531024, -0.22287352252876635], [-0.27156025790162225, -0.14947155166965526, 0.9507435414294805]], "T": [-0.01920201519399215, -0.03988172339140524, 0.08541138252298143], "aligned_model": [[-0.3278103249629076, -0.2769826194540859, -0.09198536892761752, -0.5838470269626813, 0.37091240163862027, 0.5617186648114314, 0.5706491555833334, 0.23658749360792317, 0.09335368050056203, -0.555185432753094, -0.0747844923903129], [0.07651650126172563, -0.7587906672524428, 0.5868059217376898, 0.4892715725577174, 0.1951784914760305, -0.35210910655573036, 0.2968527335574504, -0.6104825995897419, 0.5620365592511384, 0.07659498911728746, 0.03419010206421771], [-0.545000296164939, -0.07809518238335149, -0.2619896791477255, 0.09041420668061141, -0.6237986729148238, -0.3058560380520464, -0.06691145438036826, 0.2750003200923878, 0.5271242279784242, 0.6578860372575491, 0.07544413825805868]], "inverted": true, "swapped": true, "error_lsq": 0.03635523017112582, "error_max": 0.17758678199452005, "target": "491.xyz", "model": "16.xyz", "model_rescale": 3.7852294659196426, "target_rescale": 4.201863932996242},
{"mapping": [12, 1, 4, 3, 11, 0, 13, 2, 7, 15, 14, 6, 16], "R": [[0.7878291019500512, 0.4163006811859864, -0.45389321317316433], [0.6140998691113333, -0.5871749733565195, 0.5273584183657392], [-0.04697506655683617, -0.6942040719470424, -0.7182437257742851]], "T": [-0.07259731683145547, 0.08157440651223648, 0.005443982464940863], "aligned_model": [[-0.026712102098847265, -0.3570114554728802, 0.2935992910660686, 0.18500638205545478, -0.6031487944639748, -0.7902047457616321, -0.28895808361569636, -0.21011511144523376, 0.6502013141992884, 0.47629422047290765, 0.04136553384042781, 0.49802101607739263, -0.01457161463699247], [-0.04674202217804317, -0.4094809813861069, -0.3212094434519289, -0.6068810883207236, -0.0408296363444368, 0.1545721737551674, 0.6112394746549039, 0.07588202986363983, -0.22182813559069614, 0.362110058384325, 0.742283359009903, 0.4435350063381676, 0.13240482896870287], [-0.7355350928180795, 0.32937422454955195, 0.31226250252266924, -0.23194826370845045, -0.33961259380239556, 0.2657435667535253, 0.4018776830912442, 0.6312834469187263, -0.11322073509756937, -0.4623915190556152, -0.25761203351696527, 0.34228798756961387, -0.04675447626308163]], "inverted": false, "swapped": true, "error_lsq": 0.03851892681580531, "error_max": 0.19509708331121078, "target": "491.xyz", "model": "17.xyz", "model_rescale": 3.901054581598922, "target_rescale": 4.201863932996242},
{"mapping": [11, 8, 1, 9, 13, 4, 14, 10, 2, 7, 6, 15, 12, 3, 16], "R": [[-0.30185572441467046, -0.4490357952548558, -0.8409815552186232], [0.3425439508046979, -0.8743059723239275, 0.34387891550053024], [-0.8896891386350648, -0.18427132532912266, 0.41772875799523956]], "T": [-0.04141858393252709, 0.0032259981502022333, -0.021765020536236794], "aligned_model": [[0.2119288806955196, 0.23657455285808468, -0.5342258685096997, -0.007781367622369098, -0.2259479805940692, -0.4580808580291046, 0.4494039456965262, 0.6176655532790031, -0.6314027791204072, -0.010771644669047314, -0.19791747162766302, 0.5197079355839425, 0.6027539896109516, -0.06100344033755242, 0.028182763874919747], [0.09992432678312911, -0.6695532499235951, 0.26512044220741476, 0.5784107943306335, -0.666612432581175, 0.35389015703537463, -0.4757957576067691, -0.09268557596581718, -0.24123333979243866, 0.4994713958261096, -0.2974403418027837, 0.04752202232420508, 0.38564017503382503, 0.7724111315810952, -0.01031239762210244], [-0.6065693949702721, -0.44662895737583425, -0.3616324629601445, -0.5490659727308445, -0.06398022264827223, 0.2846653740006731, 0.1981297741000721, -0.2719960941735243, -0.07446097651298075, 0.595789470312863, 0.6529145268212022, 0.5092972352458368, -0.101900166526983, 0.046472626680353714, 0.03863164558983081]], "inverted": true, "swapped": true, "error_lsq": 0.03973660867565713, "error_max": 0.2565436326057626, "target": "491.xyz", "model": "18.xyz", "model_rescale": 3.9405287249114394, "target_rescale": 4.201863932996242},
{"mapping": [1, 4, 5, 7, 9, 13, 2, 11, 0, 8, 6, 14, 3, 10, 15, 16], "R": [[-0.8637059160666382, 0.4934606884875499, 0.10251165528310775], [0.1174314164946732, 0.3948367693414255, -0.9112155551767543], [-0.49012442600991035, -0.7749841769309999, -0.3989706411943575]], "T": [0.06660181834013275, 0.004696284471988205, -0.04240661559424093], "aligned_model": [[-0.3362536025176601, 0.06427140938205242, 0.5100406004309249, 0.16657432987550097, -0.712859393899644, 0.5084363050921495, 0.2255946467706858, -0.4334913218636341, -0.15397315755827584, 0.21306714771938262, 0.7680288562366544, 0.533392896407711, -0.41563101003186503, -0.07829809153487134, 0.3920661854534926, 0.11619929800878254], [-0.2404417873687977, -0.6137327698176147, -0.5182410251292584, -0.6297006203783327, -0.03816913251257416, 0.3402783103794684, -0.14134815848224921, 0.4113989184537271, 0.4350000114846036, 0.8116067154758145, -0.272413166885603, 0.44992189909746805, -0.5198241200757019, 0.5684498364604468, -0.008335827171261068, 0.017903045447500685], [-0.4947034579442656, -0.13191898168171834, -0.46805706309883005, 0.42247868512226155, -0.01754538264014946, -0.4627442596504448, -0.6457397602539614, -0.0367959485665557, -0.6375791554392094, -0.2369957447749741, -0.0064190631769902445, 0.27790972851884127, 0.2559481347326689, 0.36672963179232504, 0.6595587239947255, 0.035317669741154537]], "inverted": true, "swapped": true, "error_lsq": 0.04384645646719558, "error_max": 0.3080426163134479, "target": "491.xyz", "model": "19.xyz", "model_rescale": 4.410303926677745, "target_rescale": 4.201863932996242},
{"mapping": [4, 7, 6, 1, 13, 9, 2, 15, 12, 10, 11, 8, 14, 16], "R": [[-0.9274311101805901, -0.19932386889935375, -0.31645146729979207], [-0.1638409833766765, 0.9771622507171991, -0.13531469964294865], [0.33619587748121155, -0.07364734252022284, -0.9389080897001301]], "T": [-0.04537918347953926, -0.007957146985887833, 0.007174985188287006], "aligned_model": [[-0.17506211209155645, 0.29953552746520473, 0.42328129165580086, -0.6726480343231006, -0.024508058300723588, -0.5538353353434006, -0.39715227051174873, 0.6875877516574866, 0.2091157664893221, 0.2151317920207286, -0.33545732905677883, -0.008999527108322913, 0.5478559557747493, 0.04634247113321176], [-0.2565686867807919, -0.5473912597156492, 0.26162368992745094, -0.09193967332820967, 0.687750698602546, -0.5197835531476047, 0.3933314538804271, -0.25318506098863197, -0.5441342392609155, -0.07504003498330407, -0.11718886052858851, 0.5978797115245523, 0.2952575877781059, -0.019663306798184663], [-0.5512576696461526, -0.4603899396788252, -0.519862179410187, -0.15542366797553842, -0.0012946385800328558, 0.3063762182254113, -0.3475668030320082, 0.04558032815423989, 0.47125148208293527, 0.6658406347926779, 0.5723782788499919, 0.5920336749935955, 0.28077179248699136, 0.018377527461922602]], "inverted": true, "swapped": true, "error_lsq": 0.0412209674460434, "error_max": 0.24698627577188165, "target": "491.xyz", "model": "20.xyz", "model_rescale": 4.121658175737393, "target_rescale": 4.201863932996242},
{"mapping": [0, 11, 10, 13, 14, 1, 12, 2, 3, 7, 15, 6, 16], "R": [[0.5398580967027278, -0.8162802999831577, 0.20552300913502203], [0.5054422904359653, 0.5095965594465395, 0.6963041272598454], [-0.6731131602214844, -0.27202540039425666, 0.6876924131303114]], "T": [0.060303590951074085, -0.11435581901015143, 0.019780376355255952], "aligned_model": [[0.23546960380819526, -0.18392494192278913, 0.0719438480245823, 0.7049340225629833, 0.5631842327009559, -0.2613367612787365, -0.3497193218241566, 0.302528540708091, -0.6679968721816948, -0.27093314552728276, 0.1297183457689755, 0.5211897820187623, 0.08602557180640857], [-0.5263722509457053, -0.013981553095793714, 0.45656218163176265, -0.3255400037865209, 0.4000409715233646, -0.6681489495756445, 0.5008973801295216, -0.7062323875275758, -0.09069410525919988, 0.08770771914790668, 0.5639128894005143, -0.10508948929249576, -0.032235498186951136], [0.6423591243172111, 0.6078357236002907, 0.4441901561026732, 0.17588800444078684, 0.054842048165705676, 0.14946557341368982, 0.16457423243305566, -0.02056542405069975, -0.23654806781769225, -0.6716130208672255, -0.34625975694044253, -0.57820181022697, -0.0158570430885938]], "inverted": false, "swapped": true, "error_lsq": 0.043324253063595074, "error_max": 0.26757024785149314, "target": "491.xyz", "model": "21.xyz", "model_rescale": 4.08911054899281, "target_rescale": 4.201863932996242},
{"mapping": [9, 12, 14, 7, 13, 3, 2, 4, 11, 10, 8, 5, 6, 15, 1, 0, 16], "R": [[0.4374982603077282, 0.8880673205696754, -0.14117969529613209], [-0.0935584093311067, 0.20110499558802555, 0.9750915878998103], [0.8943389157758622, -0.41339232562511075, 0.1710692516003914]], "T": [0.0057494305932412485, -0.010123173029249428, 0.04314801694050685], "aligned_model": [[-0.6356798247154878, -0.4988834090259103, -0.16589615297236227, -0.2272591212545206, 0.013385263765653674, 0.20439384125486879, 0.634949333683191, 0.5365394663513234, 0.030869773885426707, -0.7121667196641623, 0.07228541828905259, -0.5332318096754687, -0.04546774101945414, 0.21585049145441124, 0.6396012840679673, 0.48179632210583373, 0.027526542524764292], [-0.3193644148984175, 0.03320691154841113, -0.4512389442242191, 0.6212448342262078, 0.2676293589799982, -0.23135814699668822, -0.32396435371929255, 0.15165596954277025, -0.4526340545085971, 0.35009568248935063, 0.11211868443340153, -0.07890385390482718, 0.6316224729519174, -0.7055346053787146, -0.10247010740545406, 0.6009760672531714, 0.023374914781258048], [0.02110314624861101, -0.49391595223122, -0.3901847143325348, -0.18680337398704408, -0.556456178377082, -0.7728632009364284, -0.12075751874371077, -0.3792044813785571, 0.6672041990136444, 0.12044087911675005, 0.7224063688843729, 0.49314523307063224, 0.41878541623346777, 0.10452799638698121, 0.511872085902205, 0.03908922565242004, 0.01727745565221175]], "inverted": true, "swapped": false, "error_lsq": 0.04583016541591082, "error_max": 0.4362690793415056, "target": "491.xyz", "model": "22.xyz", "model_rescale": 4.204369325754507, "target_rescale": 4.201863932996242},
{"mapping": [1, 4, 5, 7, 9, 13, 2, 11, 0, 8, 6, 14, 3, 10, 15, 16], "R": [[-0.8637059160666382, 0.4934606884875499, 0.10251165528310775], [0.1174314164946732, 0.3948367693414255, -0.9112155551767543], [-0.49012442600991035, -0.7749841769309999, -0.3989706411943575]], "T": [0.06660181834013275, 0.004696284471988205, -0.04240661559424093], "aligned_model": [[-0.3362536025176601, 0.06427140938205242, 0.5100406004309249, 0.16657432987550097, -0.712859393899644, 0.5084363050921495, 0.2255946467706858, -0.4334913218636341, -0.15397315755827584, 0.21306714771938262, 0.7680288562366544, 0.533392896407711, -0.41563101003186503, -0.07829809153487134, 0.3920661854534926, 0.11619929800878254], [-0.2404417873687977, -0.6137327698176147, -0.5182410251292584, -0.6297006203783327, -0.03816913251257416, 0.3402783103794684, -0.14134815848224921, 0.4113989184537271, 0.4350000114846036, 0.8116067154758145, -0.272413166885603, 0.44992189909746805, -0.5198241200757019, 0.5684498364604468, -0.008335827171261068, 0.017903045447500685], [-0.4947034579442656, -0.13191898168171834, -0.46805706309883005, 0.42247868512226155, -0.01754538264014946, -0.4627442596504448, -0.6457397602539614, -0.0367959485665557, -0.6375791554392094, -0.2369957447749741, -0.0064190631769902445, 0.27790972851884127, 0.2559481347326689, 0.36672963179232504, 0.6595587239947255, 0.035317669741154537]], "inverted": true, "swapped": true, "error_lsq": 0.04384645646719558, "error_max": 0.3080426163134479, "target": "491.xyz", "model": "23.xyz", "model_rescale": 4.410303926677745, "target_rescale": 4.201863932996242},
{"mapping": [14, 11, 9, 1, 10, 8, 4, 3, 6, 7, 12, 13, 0, 15, 5, 2, 16], "R": [[0.7191050355091746, 0.6943507831958143, 0.027657508577391077], [-0.11230607300680251, 0.07684824026631284, 0.9906975794528632], [0.68576620933897, -0.715521724228783, 0.1332417662954441]], "T": [-0.08215480043326949, -0.03252047818788484, -0.001422155271925088], "aligned_model": [[-0.5236427085525589, -0.6105234302725036, -0.1695694335175335, -0.2951112359073775, 0.025203861374634276, 0.42102210107041094, 0.5754270389861599, 0.4458863137730905, -0.1298242266147567, -0.5032288631205413, 0.04394364756200496, -0.5349577650610164, 0.16266271619975525, 0.06997768184198451, 0.40978817971780773, 0.6818274905053838, -0.03026840892981761], [-0.5397622942681192, -0.032073366227127684, -0.48675342831467144, 0.7055401960196027, 0.01117722129362124, -0.4064198636839435, -0.0033586057540391165, 0.619053401852107, -0.45489358551318304, 0.4426416671649116, 0.18868458486188, -0.11008988356172783, 0.5898779237710442, -0.7265140820722293, -0.1814247674908543, 0.44265800370511815, 0.06811329338788681], [0.07567620410565888, -0.35005932727667255, -0.42385687516393855, -0.3838503803663712, -0.6420067125869255, -0.5331353510582242, -0.20296640017378897, -0.32680661278549106, 0.6288370563035166, 0.1956779868844452, 0.7610365887123185, 0.5306859976475813, 0.3493917895403895, 0.06597796668002985, 0.36109908594738205, 0.15164783086633682, -0.04168226110152761]], "inverted": true, "swapped": false, "error_lsq": 0.03811858307393537, "error_max": 0.2521989606717945, "target": "491.xyz", "model": "24.xyz", "model_rescale": 4.28219845311461, "target_rescale": 4.201863932996242},
{"mapping": [8, 13, 11, 6, 14, 5, 0, 15, 2, 7, 1, 4, 3, 12, 9, 16], "R": [[-0.43059913756580237, -0.7361884437189503, -0.5221215931775443], [0.8223893954063941, -0.08170661698012438, -0.5630272738196338], [0.3718333834537897, -0.671826319874663, 0.6406163679402627]], "T": [-0.04541630578587631, 0.04003879208114887, -0.025973883870622855], "aligned_model": [[-0.13606410416624537, -0.4361963441258932, 0.037299871974086116, -0.07855956011860717, 0.3106011175576545, -0.5570199421993587, -0.5667844119338736, 0.6330900023818306, -0.6694356579459576, 0.3249398923977437, -0.5080336890288856, -0.21711361108877897, 0.20101036773970865, 0.6310951550931705, 0.008419196820370067, 0.031072482764046574], [0.40991840625722836, -0.0749743381182032, 0.6784483004420896, -0.6910844671025574, -0.117109094059741, -0.5713280686179515, 0.5352916069698785, -0.3113812556653019, -0.10334441118477643, -0.46056145396301257, 0.2762197817496283, -0.3048244822655381, 0.09266608067386574, 0.34605346794894565, 0.6424967541816319, -0.0013754515319531757], [-0.7779004183366006, -0.590402520921427, -0.05948499429938045, -0.21156738059345698, -0.6320089116911126, 0.09961261040101424, -0.2923287541010764, -0.14838862153380708, -0.05165826445615665, 0.46474799142752365, 0.3704618547059326, 0.4660238265271254, 0.7042247025835386, 0.10172815316477515, 0.46815307231010017, -0.05928632460924543]], "inverted": true, "swapped": true, "error_lsq": 0.04163297840817045, "error_max": 0.30039691682449954, "target": "491.xyz", "model": "25.xyz", "model_rescale": 4.100010024507729, "target_rescale": 4.201863932996242},
{"mapping": [6, 4, 3, 1, 14, 10, 15, 11, 2, 8, 13, 16], "R": [[-0.9296609534297757, 0.36620426677493084, 0.04031062718286155], [0.032906491925757314, -0.026441020300478624, 0.9991086203384543], [0.36694369385122355, 0.9301587538916704, 0.012530686394391977]], "T": [0.05321322289753272, -0.0006531969304039223, -0.009059224468244118], "aligned_model": [[-0.6456209524203511, 0.068646533944327, 0.4823983533076338, 0.5212811695843309, -0.4571895491702579, 0.13335532231131558, -0.37763654615707215, 0.5468616371460322, -0.01005272721241271, -0.060095427952461464, -0.31731403432659544, -0.007868176691481696], [-0.2833213480704834, -0.6028880002835578, -0.33460779321670664, -0.37920404373328265, 0.5054431993365525, 0.6864315037286375, 0.24431038187022075, 0.40497782073282174, -0.382128915688873, 0.6536223155807568, 0.11441922006103311, 0.039077049733520705], [0.03353365277432149, 0.15691500310442386, 0.5395391386748469, -0.2631640289276618, 0.03652330221922194, 0.15736907303183836, 0.5852584933775381, -0.09453659907978651, -0.5200311197908178, -0.5281990600993396, -0.5869732624600723, 0.04895769702984361]], "inverted": false, "swapped": true, "error_lsq": 0.0432370126512839, "error_max": 0.21793610275417666, "target": "491.xyz", "model": "26.xyz", "model_rescale": 3.6694154284099745, "target_rescale": 4.201863932996242},
