[{"mapping": [11, 12, 4, 1, 8, 2, 9, 10, 5, 6, 0, 13], "R": [[0.4688435638204639, -0.10048499756571727, -0.877546852269635], [0.43310489296925125, 0.892028349392827, 0.12925005054390531], [0.7698089791306804, -0.44066788984872324, 0.46174229447393433]], "T": [0.01691304923550268, -0.03014537766918192, -0.03330082643346294], "aligned_model": [[-0.2776893895497935, 0.28359071578433426, 0.419925436870009, -0.2723681428568853, -0.09712516193618154, -0.6297782567801428, 0.37085555440217954, -0.2382780785934095, 0.6380163289896704, 0.12187103107463304, -0.44566782146665285, -0.03570975347721217], [-0.45649539100976594, -0.6092728907426914, -0.19370760697555145, 0.6724441820699886, 0.2845973052738976, -0.4953651035773617, -0.427127282132312, -0.5949387435890966, 0.0971038703932761, 0.44401359639756327, 0.3582472855539639, -0.02594418568485326], [-0.48764614830372316, -0.008187565644699635, -0.621265066690579, -0.1890004414504233, -0.5497490397432814, -0.0030788097589636854, 0.580359971095282, 0.5254901305192021, 0.018907165079173366, 0.5096473697656807, 0.3785186665665109, 0.027955513919383383]], "inverted": true, "swapped": true, "error_lsq": 0.04320870672825917, "error_max": 0.2215669082507366, "target": "492.xyz", "model": "0.xyz", "model_rescale": 3.751011558992144, "target_rescale": 4.2236417303611065},
{"mapping": [12, 11, 0, 13, 4, 10, 9, 7, 6, 5, 2, 1, 8, 14], "R": [[-0.25499577484690394, 0.6441858713125448, 0.7211114463184763], [0.8374883908756909, -0.225622574408121, 0.49770236996210704], [0.4833118558018966, 0.7308344662909307, -0.4819653856062461]], "T": [0.0023993584102222926, 0.08912224778719655, -0.1195386097246346], "aligned_model": [[-0.19177170613285213, -0.2377693208288645, 0.5684663032286218, -0.5190365053954729, 0.25553273804995563, -0.38108832860078173, -0.6398104701316489, 0.41703318148111834, 0.3666385668692934, -0.4706519583292867, -0.06862297044217233, 0.6886604690433787, 0.11862041834935619, -0.03182785761938527], [-0.2960156372059902, -0.6703433891685339, 0.3935344101963002, 0.3534322106792902, 0.08995556658152246, -0.2494271289247096, -0.05806004641428669, -0.2696631831918018, -0.5540227068398619, 0.4726622838053326, 0.8607827485198336, 0.051566187716411915, 0.6128194847150326, 0.056548158650384754], [-0.724469606875876, -0.16709847434445113, -0.5225348477478473, -0.5505224629648312, 0.6297922701954191, 0.521378905691968, -0.10986753263351813, -0.49240431085584846, 0.012446660775558213, 0.019045442380374963, -0.40804164679971744, -0.004122926993289963, 0.27116859701801965, -0.14730979700816832]], "inverted": true, "swapped": false, "error_lsq": 0.03826991906271714, "error_max": 0.22315206997730946, "target": "492.xyz", "model": "1.xyz", "model_rescale": 3.9405287249114394, "target_rescale": 4.2236417303611065},
{"mapping": [9, 12, 10, 8, 11, 3, 5, 4, 7, 0, 1, 6, 13], "R": [[0.705288458386859, -0.2507405018123014, 0.6630968188863547], [-0.3248236546623709, 0.7170982813882889, 0.6166519668352187], [-0.6301252128252518, -0.650307047156094, 0.42431469522166365]], "T": [0.06118636938556021, -0.02593266170418181, 0.03838473925058597], "aligned_model": [[-0.3811912518994909, 0.19437010233238097, -0.4381131462005216, 0.47827923491833046, 0.5020053590793256, -0.8204820069306477, 0.1301623695416782, 0.7438940311298582, 0.08887284282737273, -0.5036148218964036, 0.027525451935052847, -0.5155308346255539, -0.010194050927449974], [0.6473719958410545, 0.5204075291783639, 0.26276132848046285, -0.44065396441045374, -0.13253919912229725, 0.04116478340808026, 0.3905648314704888, 0.21181527822171017, -0.7367097324829092, -0.48894021479690347, -0.6977586350733576, -0.06723795420017363, -0.051413452942049145], [-0.06365634155770447, -0.2631294713711618, -0.5647049433411381, 0.21956478701419735, -0.4805644555885993, -0.13073207741882023, 0.5142623277261382, 0.1491082729744081, -0.2539517534062067, 0.07077050318248654, 0.4244868912936094, 0.4814725339426751, 0.010194076138759937]], "inverted": false, "swapped": true, "error_lsq": 0.03876551461032164, "error_max": 0.2525637014703364, "target": "492.xyz", "model": "2.xyz", "model_rescale": 3.932901565614263, "target_rescale": 4.2236417303611065},
{"mapping": [6, 12, 4, 2, 8, 11, 10, 5, 9, 1, 0, 7, 3, 13], "R": [[0.9616193510878961, 0.14857171770618416, -0.2306830472989458], [0.27052493245151016, -0.3727971958756547, 0.8876026766911842], [0.045874661147518016, -0.9159414257719121, -0.39868135148200456]], "T": [0.0021543592680797856, 0.11395983550748354, -0.03674277065592167], "aligned_model": [[-0.26654791197484096, -0.14774628275945179, 0.39408349195043124, -0.2439109025849011, 0.28394076142838154, -0.4676205878945292, -0.6026548547440954, 0.298497621590384, 0.42667881429099447, -0.6104613819557119, 0.04252802359787784, 0.7157366789825261, 0.07527781728021878, -0.02342872766602414], [-0.15178181642268038, -0.6049353663309774, 0.420225307134218, 0.4899857449874543, -0.023907449565031907, -0.12303379653587285, -0.26928682243367197, -0.3461951560129135, -0.4703964097806097, 0.5178464318325928, 0.7586254147102804, 0.11813303499295413, 0.4641372798123399, 0.014352562730842927], [-0.6058409384091504, -0.24614500668244432, -0.7549484656917443, -0.7383525307699644, 0.6268653673262728, 0.6849595334533936, -0.05849717536260657, -0.5028304665991896, 0.09779237370845718, -0.13845900252623816, -0.21486235790761649, -0.05966447967044762, 0.32755682510241185, -0.09011340613334193]], "inverted": true, "swapped": false, "error_lsq": 0.05022041468272266, "error_max": 0.33679464923636154, "target": "492.xyz", "model": "3.xyz", "model_rescale": 3.9243930471874484, "target_rescale": 4.2236417303611065},
{"mapping": [3, 6, 9, 10, 12, 0, 2, 5, 4, 8, 11, 7, 13], "R": [[0.019777456577738717, 0.8070260614189856, 0.5901845375828443], [0.16152827460233948, -0.5851243222639727, 0.7946937422674965], [0.9866698884202898, 0.07961446907244035, -0.14192979813628487]], "T": [-0.00925884766566007, 0.08776509092936832, -0.11205169698530934], "aligned_model": [[-0.07685791598785849, -0.29207263470518263, 0.5606028577795117, 0.33269366927015964, 0.6157610547647759, -0.5666540682794943, -0.014204556142587338, 0.2581704765867491, 0.3201183743478705, -0.36485937699805115, 0.129256579846485, -0.5852341492529374, -0.03951442491808838], [-0.7095911989994568, -0.09428884934050188, -0.3113877603996351, -0.6717479806245076, 0.016777740242596012, -0.34545283151720096, -0.4613570382213814, 0.44268920029022263, 0.6979384727692262, 0.5203994297565301, 0.11339995536315034, -0.08327385245415045, 0.013724266816696737], [-0.5244774521097381, -0.7582005800519395, -0.5308405958371042, -0.06135887913239438, -0.005059885567782141, -0.3019411840766729, 0.4658694362039738, -0.5672415065767947, 0.12048351535128132, 0.1432172190825445, 0.5625970504275499, 0.36797886652393397, -0.1239556888658937]], "inverted": false, "swapped": true, "error_lsq": 0.04888263356732678, "error_max": 0.26649628176031137, "target": "492.xyz", "model": "4.xyz", "model_rescale": 3.8936222436046832, "target_rescale": 4.2236417303611065},
{"mapping": [1, 0, 7, 8, 2, 10, 9, 12, 4, 5, 11, 13], "R": [[0.14926468149249822, -0.42606068900696903, 0.8922961078822713], [0.8979838799002692, 0.4361817515306648, 0.058055413794929345], [-0.4139384088221364, 0.7926018981270158, 0.4477021608025247]], "T": [-0.011366807640233609, -0.126017105036996, -0.001905467509334749], "aligned_model": [[0.04659489747299396, -0.5380094233164158, -0.292769131499561, 0.3442634831604547, -0.5594839568272492, -0.6947598453373034, -0.292133551947186, 0.03355006399318726, 0.6462201481491835, 0.39306857057030603, 0.030580681358426468, -0.08957389356173939], [-0.5016567274189645, -0.4967566408801869, 0.09025009743803089, -0.06446212779752503, 0.4345005928627329, 0.10703533531762768, -0.25235942882780293, 0.22868743225473973, 0.18017855138047048, -0.456054951622639, 0.5439233666950986, -0.14436259429177437], [-0.6779922833151182, -0.3477738955515775, -0.6841608737579793, -0.5004277921312269, -0.14661175642057633, 0.4164507294732602, 0.7495312606114468, 0.5265862504668362, 0.0913530486183985, 0.3616799754121852, -0.15815774692066586, -0.011192197209464315]], "inverted": false, "swapped": true, "error_lsq": 0.03936735224453484, "error_max": 0.2579979913028874, "target": "492.xyz", "model": "5.xyz", "model_rescale": 3.6523030999806103, "target_rescale": 4.2236417303611065},
{"mapping": [1, 7, 0, 6, 3, 8, 2, 5, 11, 12, 10, 9, 13], "R": [[-0.9958213710560815, -0.0066330104063485815, -0.09108128304396919], [0.06733539824662815, 0.6204104314779895, -0.7813813669753479], [0.06169068885135216, -0.7842492586456454, -0.6173713300946209]], "T": [0.01672411220910036, -0.21366504711389664, -0.027196714688377817], "aligned_model": [[0.09497821458154193, -0.3643597347364334, 0.3442294054660104, 0.7076253320110963, 0.6050418458237456, -0.3021286186060511, -0.4176118241774596, 0.3558481969108783, -0.6545797816790657, -0.12004573081249667, 0.11479512064550743, 0.469651964852538, 0.047638514384483396], [-0.4532422652598528, 0.03807722535812244, 0.1420698312487629, -0.19456730375359846, 0.4659694758127476, -0.5913133057576954, 0.45151701748945994, -0.6513208389574431, -0.07998562396956552, -0.09479048367180176, 0.550882648503174, 0.1030817469963228, -0.1455512198754489], [0.7063134213538125, 0.5915375901171047, 0.5210898862831368, 0.20286074567823115, 0.022005421218970582, 0.33954727762693776, 0.039418030191435686, -0.3404691084172353, -0.10766718254793231, -0.6389966642702499, -0.3469001552590218, -0.6221566566837653, 0.003527134190364739]], "inverted": false, "swapped": true, "error_lsq": 0.0551825557037198, "error_max": 0.3684712152579412, "target": "492.xyz", "model": "6.xyz", "model_rescale": 4.08911054899281, "target_rescale": 4.2236417303611065},
{"mapping": [8, 3, 5, 10, 2, 1, 9, 4, 6, 11, 12, 7, 13, 14], "R": [[0.3801567229668862, 0.6166137571006685, -0.6893970848047417], [0.4144260255690422, 0.5527928390659266, 0.7229599894935269], [0.8268808471080498, -0.5605421943365466, -0.04539287448756079]], "T": [-0.006943893384054657, 0.05455296097348104, -0.11479886742902831], "aligned_model": [[-0.37386159252234247, -0.03722407470601541, 0.5103793580048418, -0.2384318469891998, 0.3223769350641909, -0.3778170028576877, -0.700453620601824, 0.25542154158132624, 0.30925143276763933, -0.4670362220820294, 0.058115466155495954, 0.7210657603118291, 0.05726459627600883, -0.16467817086097375], [-0.20648688695884648, -0.7275454276578631, 0.29483897479091775, 0.4246827077947105, -0.07386052519976107, -0.03093013884819766, -0.3033447647033809, -0.29499795959713243, -0.3047873363304411, 0.4189188194578644, 0.7563872754711575, 0.217390679976388, 0.6023106477650763, 0.02119289315843271], [-0.6270278915339849, -0.2325131715094483, -0.6199132254901267, -0.6881157050988617, 0.6099061151744103, 0.5121714948446846, -0.04056421165791739, -0.6678160662266046, 0.026756891573663427, -0.10565374843746769, -0.22061849103957337, 0.0920217938526254, 0.36658799235000405, -0.07776150696361198]], "inverted": false, "swapped": false, "error_lsq": 0.04864224625822041, "error_max": 0.31079726125844814, "target": "492.xyz", "model": "7.xyz", "model_rescale": 3.964800864290218, "target_rescale": 4.2236417303611065},
{"mapping": [7, 2, 8, 12, 3, 6, 4, 1, 0, 11, 9, 5, 10, 13], "R": [[-0.3118793921111323, -0.9497183226579975, -0.027683070351214922], [-0.14101829614699074, 0.01745625796953837, 0.9898530796080298], [-0.9395983636257517, 0.3126185961605301, -0.13937190680488365]], "T": [-0.014166697903223412, -0.005257916207436764, -0.08858919509907015], "aligned_model": [[0.002968998944525545, -0.2911758944868456, 0.39952662320787674, -0.4604127036307752, 0.30642750825550197, -0.3182651438319722, -0.6981657135020094, 0.4646943453984459, 0.15675183775394622, -0.6201131334878284, -0.09435862279661897, 0.7362760542180994, 0.262150995276735, 0.028067408222178458], [-0.1601878866819712, -0.5738101877049785, 0.4294515291968934, 0.2796930406409411, -0.16702127024338947, -0.053838972683148086, -0.15307720016521456, -0.42385842886018005, -0.6381554717372394, 0.5131577198513361, 0.6383688052060774, 0.34427630972072903, 0.7046875534571139, 0.05408341912195448], [-0.7832518737453429, -0.28511641290152523, -0.5691546074537346, -0.6274234848876555, 0.5415018046548563, 0.403010071899938, -0.015184828989527915, -0.4868172744547228, 0.20017872364529554, 0.13770148077108188, -0.319176760793747, 0.02859537582113761, 0.21924188771375847, -0.11664383144202109]], "inverted": false, "swapped": false, "error_lsq": 0.05120974584627713, "error_max": 0.3082313000654081, "target": "492.xyz", "model": "8.xyz", "model_rescale": 4.121658175737393, "target_rescale": 4.2236417303611065},
{"mapping": [12, 10, 2, 11, 9, 5, 0, 1, 7, 6, 4, 8, 13], "R": [[0.5097012417498613, -0.5470692945179338, -0.6640179449038254], [0.7479197192556084, -0.09971450593454093, 0.6562568939484311], [-0.42523021730265287, -0.8311270686855775, 0.3583393056739074]], "T": [-0.09295140085494447, 0.01677068516151771, 0.02458246951467235], "aligned_model": [[-0.5394157418411276, -0.2512878457061562, 0.2998363315456701, 0.1632792622861296, -0.7439687779476404, -0.6095768719668324, 0.3150997453353712, 0.4596005171265698, 0.6684225760634054, -0.1950096614988021, -0.31182891634625814, 0.286944441791375, -0.065357562406507], [0.23619775422053196, -0.3731363457807503, -0.0015183518726897688, 0.5089462408619546, -0.3463348213702095, 0.0615762674989911, -0.5869869838414838, -0.12650998740005182, 0.017391453789771374, -0.6132647600239937, 0.6983390445904318, 0.3681085349423294, -0.05242060620312154], [-0.37498940598963015, -0.6960169122054887, -0.6689128205501709, -0.38420069055482253, -0.29756698292648337, 0.3930630144847539, 0.08285902408612311, 0.54966826676552, -0.08377108147999213, 0.37568801438675253, 0.1743514245801029, 0.35779004919404833, -0.006886465831623931]], "inverted": false, "swapped": true, "error_lsq": 0.04352066061359202, "error_max": 0.25786714939469696, "target": "492.xyz", "model": "9.xyz", "model_rescale": 3.833441315466971, "target_rescale": 4.2236417303611065},
{"mapping": [5, 0, 4, 2, 11, 8, 13, 1, 12, 9, 3, 6, 7, 14], "R": [[0.21848011909483964, 0.10641251173877171, -0.9700220692879883], [-0.506406815737864, 0.8620744363017406, -0.01948854148655521], [0.8341574039319809, 0.495483646168551, 0.24223414673612048]], "T": [0.04567428361531088, -0.0236277022413972, -0.053960302032906304], "aligned_model": [[-0.13436488481382075, -0.13755094819167507, 0.3995811905874034, -0.5227737978423227, 0.15429327226266312, -0.5215324028640637, -0.6046978537850821, 0.39293346264701234, 0.48734952533622694, -0.47848489339561084, -0.02946358758331638, 0.6876466013494875, 0.17632927121278952, 0.005107604621568444], [-0.094109278402707, -0.6453915828471817, 0.39538338988372773, 0.2937805164674376, 0.02036159103351183, 0.06741482859629647, -0.29217654530243453, -0.5505782797976606, -0.36348299191046723, 0.5622470318851425, 0.8125258000025114, 0.024952740446954648, 0.5006862893064442, 0.06215544975734911], [-0.7020756056017812, -0.26291281555446744, -0.6328317782379407, -0.35854043321492346, 0.6180545329417175, 0.47286717899717073, -0.42890582234016056, -0.43781324823128337, 0.1750406155318398, 0.1458347920012173, -0.27649899697069985, -0.270157091778103, 0.33583206483038763, -0.05043312253518238]], "inverted": false, "swapped": false, "error_lsq": 0.05271629481880722, "error_max": 0.30406651184430794, "target": "492.xyz", "model": "10.xyz", "model_rescale": 4.2482417240324, "target_rescale": 4.2236417303611065},
{"mapping": [10, 12, 5, 4, 0, 1, 6, 8, 11, 7, 2, 13], "R": [[-0.2599506854101111, 0.581751709484222, -0.7707078497504738], [0.0808467201260567, 0.8084564816756242, 0.5829767791958187], [0.962231494495827, 0.08923601150240051, -0.25719153417535134]], "T": [0.03177814578472776, -0.010306998432323751, 0.05668038285637022], "aligned_model": [[-0.7219688133858968, -0.03399161811864135, 0.33646625177903244, 0.6591277668831608, -0.4130636492917265, 0.23028775342269475, -0.21177832587800233, 0.49129080147203336, 0.12396041931846422, -0.08453843618441875, -0.4562315397727171, -0.04279500788097612], [-0.3522187752248947, -0.6404787629419505, -0.2504564342776586, -0.35535020353075236, 0.5591208870119478, 0.7383141602128518, 0.3122408901325651, 0.3275218741941485, -0.19006306508340473, 0.5356729794173237, -0.039038610357058086, 0.02086645049752165], [-0.04973037747075885, -0.01877964280623281, 0.5608437850985395, -0.09248789388744277, 0.16755363585956878, 0.09813353923172222, 0.6627156616060559, -0.17463368759217734, -0.6022466140616755, -0.472287977862511, -0.5730603973226704, 0.059172259061939236]], "inverted": true, "swapped": true, "error_lsq": 0.04096225180047913, "error_max": 0.20983418558298164, "target": "492.xyz", "model": "11.xyz", "model_rescale": 3.6694154284099745, "target_rescale": 4.2236417303611065},
{"mapping": [8, 9, 2, 3, 5, 6, 11, 10, 7, 4, 1, 12, 0, 13], "R": [[-0.9734636303864997, 0.20807833099661638, -0.09524688175682394], [0.1123803847426646, 0.07210857748805749, -0.9910454087365217], [-0.19934695743809716, -0.975450542683898, -0.09357900051754192]], "T": [0.019305998973485283, 0.022582320275440514, -0.062429185127284584], "aligned_model": [[-0.29624981124360544, -0.13638695333019127, 0.21990981820525057, -0.4027366519364036, 0.3837520176336186, -0.25732121890101683, -0.6433487930814813, 0.4564105066422571, 0.2875746520374826, -0.5601038666761357, 0.12731882958363772, 0.6705135234730654, 0.016410720941279308, 0.008629786193502256], [-0.13712092735323553, -0.699449113195464, 0.24568755870511036, 0.5066039596708676, -0.05342174211585388, -0.0517651531192985, -0.3019258938286691, -0.3226805346139545, -0.6178849678389942, 0.4828318996194905, 0.807137460076921, 0.21661117091741694, 0.5818436241487497, 0.13730161804583782], [-0.731396489744019, -0.37725704376276886, -0.6423392934088925, -0.6358853334187101, 0.6488887989413593, 0.42522301571313115, -0.08716164259969583, -0.36781745883422856, 0.20214386926056177, -0.050888732284994596, -0.36122670040514565, -0.05535349292290331, 0.3824935899477845, -0.021962816643686593]], "inverted": false, "swapped": false, "error_lsq": 0.04653192419130166, "error_max": 0.31124005001739113, "target": "492.xyz", "model": "12.xyz", "model_rescale": 3.9764082729961374, "target_rescale": 4.2236417303611065},
{"mapping": [0, 4, 12, 2, 14, 3, 7, 5, 6, 8, 1, 13, 11, 15], "R": [[-0.8433551619773343, 0.30600043401102417, -0.4417191473677017], [0.49800809988092176, 0.7538534596789908, -0.42859408976677477], [0.20184152996640295, -0.5814367512593964, -0.7881569012993166]], "T": [0.06991240373319306, 0.08852997613819125, -0.19039349997678323], "aligned_model": [[-0.3404514757640801, -0.13473720539728212, 0.5378920180473032, -0.5940222989468981, 0.2614208852740093, -0.4419007398501268, -0.6264544917719089, 0.4065544083617725, 0.5064088390420164, -0.3867374400454866, -0.029385577346079897, 0.6033463217771461, 0.09186353106205757, 0.020575785098817377], [-0.2002696799920029, -0.5982179914122228, 0.44063594950993307, 0.3819926688717044, -0.05320331464002326, 0.06171143066120496, -0.20467880875396804, -0.4856632293921188, -0.4526382068358298, 0.5590453665498791, 0.6131222468340423, 0.18389301057380347, 0.532453451212971, 0.015586065931551513], [-0.7150878667516614, -0.23896806458983172, -0.4438298806537157, -0.5210441803886252, 0.5725247232674766, 0.477267730728932, -0.20203198053224536, -0.7000975604640398, 0.12625562034177734, 0.07368797270010352, -0.5342909247137924, 0.09392092619679049, 0.46762990009036776, -0.1284761453937444]], "inverted": true, "swapped": false, "error_lsq": 0.037454964332834816, "error_max": 0.22468040891240468, "target": "492.xyz", "model": "13.xyz", "model_rescale": 4.170626492500431, "target_rescale": 4.2236417303611065},
{"mapping": [11, 3, 10, 5, 0, 2, 6, 9, 1, 4, 12, 7, 8, 13], "R": [[-0.601623266091215, 0.6834310858208434, -0.4134868760087578], [-0.7090666820164553, -0.6952821209824344, -0.11750409650877139], [-0.3677959844151568, 0.22249656890817499, 0.9028961128901682]], "T": [-0.01450133501965247, 0.03853080287746686, -0.044946043369507194], "aligned_model": [[-0.17306835814930221, -0.21809380164326805, 0.374666719853641, -0.6252559706709366, 0.22754397439293703, -0.40097456181445046, -0.7868401699171935, 0.4695819791266459, 0.5210581444923302, -0.3623753253692432, -0.09920220449766835, 0.7414627117310982, 0.28027305721136825, -0.07440363520469837], [-0.17340874853216098, -0.6149052773495868, 0.26589846887828866, 0.35212303167276043, -0.08001610348208513, -0.1386497073933701, -0.16390986011704073, -0.33776380273644196, -0.49307526695575704, 0.5742609325688983, 0.6610533589150908, 0.21098180485592283, 0.7017801191780013, 0.029400009616405015], [-0.7003831317732931, -0.1288805477255764, -0.3843285333396074, -0.6414848245278606, 0.4872372950692548, 0.4572269138746347, -0.3095207381260922, -0.5744478405476541, 0.10129177771886086, 0.26333961243055654, -0.42044244963756244, 0.19213793927306427, 0.11242198043656834, -0.12670718328750125]], "inverted": true, "swapped": false, "error_lsq": 0.04704608171933905, "error_max": 0.2934032118254665, "target": "492.xyz", "model": "14.xyz", "model_rescale": 3.9786697098870705, "target_rescale": 4.2236417303611065},
{"mapping": [10, 11, 9, 3, 12, 5, 7, 8, 6, 0, 4, 13], "R": [[0.99868718573474, -0.05060889668436292, 0.007914835792185382], [0.01368238091514116, 0.11465421254189269, -0.9933112321920518], [0.04936291626027336, 0.9921154928347761, 0.11519614305822594]], "T": [-0.01162925195329994, 0.08433399923157112, 0.05641389240808267], "aligned_model": [[0.09408548246090981, -0.6757160611240911, 0.4869543348817705, 0.5487830588333212, -0.09224213484789962, 0.3689513807903619, -0.4578912335570178, -0.3530119552200459, 0.6530007333513499, 0.2507908054536524, -0.35449454750229, 0.01414473324731571], [-0.40404553667258414, 0.06420307343667435, 0.09306417526142964, -0.5626911873508756, 0.3145961029721981, 0.5939623196090247, -0.42452176325077284, 0.23668330392945544, -0.10502189636258813, -0.5297167108658166, 0.7300599994413857, 0.008102610076908531], [-0.6119207657681855, -0.126829273988781, -0.5845133225107534, -0.2224017105695755, -0.533176861246047, 0.045247573349487924, 0.42158134284547144, 0.5453248928700374, 0.28673319649124174, 0.3539078528498265, 0.03757624327658666, 0.048437326274520846]], "inverted": true, "swapped": true, "error_lsq": 0.050972210846526346, "error_max": 0.2633273021486957, "target": "492.xyz", "model": "15.xyz", "model_rescale": 3.769337070930944, "target_rescale": 4.2236417303611065},
{"mapping": [8, 7, 5, 6, 4, 11, 12, 2, 9, 3, 13], "R": [[-0.5731582092195611, -0.680508331633949, -0.4565063830670997], [0.722970776796887, -0.15769341428087674, -0.6726410952284629], [0.3857498193154887, -0.7155705399673882, 0.5823709120730952]], "T": [-0.06833869529763546, 0.07776401742702566, -0.09785675723936915], "aligned_model": [[-0.19707937733897485, -0.2897767126864445, -0.07867818257883623, -0.6720201034911987, 0.368952577562611, 0.42245312029642834, 0.505705459064544, 0.21684768187858605, 0.1494038993449382, -0.39889363996973026, -0.10428859139075213], [-0.1660107259372457, -0.6538473300883608, 0.6921074131184023, 0.388780657625559, 0.25918069757636325, -0.3804433385123703, 0.288192988450298, -0.5636613021958884, 0.5719007394824545, 0.11215067871989604, 0.047714019386234055], [-0.6481168215631066, -0.182362678552265, -0.2626676088383436, 0.165720672213018, -0.6552954230202076, -0.25330454599193103, 0.08470634718970016, 0.28002510070292647, 0.5086632888045255, 0.7387988927714361, -0.03194961649197531]], "inverted": true, "swapped": true, "error_lsq": 0.03805178232828405, "error_max": 0.19505260874103544, "target": "492.xyz", "model": "16.xyz", "model_rescale": 3.7852294659196426, "target_rescale": 4.2236417303611065},
{"mapping": [5, 3, 10, 9, 6, 0, 7, 2, 12, 4, 8, 11, 13], "R": [[0.5688546334365325, 0.540855399094663, 0.6195803767776551], [0.6469451438307958, -0.7594135664528988, 0.06894212036947814], [0.5078054616598162, 0.361616471358042, -0.7818996999302528]], "T": [-0.004337190868315955, 0.16724475813756318, -0.11605467427931368], "aligned_model": [[0.0731795835509244, -0.4858249866842512, 0.09659117363936827, 0.13603770239938806, -0.616799430143199, -0.6717949590222847, -0.2707545927592032, 0.14302317302036566, 0.5402949773444948, 0.5470601932138994, -0.04590636784280447, 0.46358144022574554, -0.05492205672616042], [-0.026687006819766546, -0.5105461364535124, -0.4537121308540682, -0.6303744429661897, -0.1515105943231136, 0.10966322094133342, 0.6588836318532221, 0.16684283764276384, -0.1644520321099885, 0.4834189542749245, 0.7723288437775278, 0.4884875768821339, 0.1327129018576078], [-0.7169448055477513, 0.22921434591622422, 0.4322038402313618, -0.1756197918326568, -0.3482629539244222, 0.17653669932033603, 0.41190763111437145, 0.667422939029891, -0.0939329476431206, -0.47781196555047234, -0.22060934866195847, 0.2749054367285142, -0.06325438203714298]], "inverted": false, "swapped": true, "error_lsq": 0.03916652878148909, "error_max": 0.25330882675557637, "target": "492.xyz", "model": "17.xyz", "model_rescale": 3.901054581598922, "target_rescale": 4.2236417303611065},
{"mapping": [12, 11, 0, 13, 4, 10, 9, 7, 6, 5, 2, 1, 8, 14], "R": [[-0.25499577484690394, 0.6441858713125448, 0.7211114463184763], [0.8374883908756909, -0.225622574408121, 0.49770236996210704], [0.4833118558018966, 0.7308344662909307, -0.4819653856062461]], "T": [0.0023993584102222926, 0.08912224778719655, -0.1195386097246346], "aligned_model": [[-0.19177170613285213, -0.2377693208288645, 0.5684663032286218, -0.5190365053954729, 0.25553273804995563, -0.38108832860078173, -0.6398104701316489, 0.41703318148111834, 0.3666385668692934, -0.4706519583292867, -0.06862297044217233, 0.6886604690433787, 0.11862041834935619, -0.03182785761938527], [-0.2960156372059902, -0.6703433891685339, 0.3935344101963002, 0.3534322106792902, 0.08995556658152246, -0.2494271289247096, -0.05806004641428669, -0.2696631831918018, -0.5540227068398619, 0.4726622838053326, 0.8607827485198336, 0.051566187716411915, 0.6128194847150326, 0.056548158650384754], [-0.724469606875876, -0.16709847434445113, -0.5225348477478473, -0.5505224629648312, 0.6297922701954191, 0.521378905691968, -0.10986753263351813, -0.49240431085584846, 0.012446660775558213, 0.019045442380374963, -0.40804164679971744, -0.004122926993289963, 0.27116859701801965, -0.14730979700816832]], "inverted": true, "swapped": false, "error_lsq": 0.03826991906271714, "error_max": 0.22315206997730946, "target": "492.xyz", "model": "18.xyz", "model_rescale": 3.9405287249114394, "target_rescale": 4.2236417303611065},
{"mapping": [1, 0, 2, 3, 9, 13, 12, 6, 8, 14, 10, 5, 11, 15], "R": [[-0.48372628524643546, -0.3515107096531967, 0.801529227140714], [-0.8584040798306785, 0.011889629635466636, -0.5128363017934453], [0.1707375667266301, -0.9361083578871826, -0.3074895536470013]], "T": [-0.13479570503771351, -0.06083375547966146, -0.03168671186580099], "aligned_model": [[-0.16020259064204415, -0.05358865059799586, 0.4555970849982036, -0.555197722778655, 0.31389817353649985, -0.40169713065810897, -0.6678520840937899, 0.41537896864406465, 0.4428528136313796, -0.573169723368725, -0.01873858011447066, 0.6896606330246495, 0.09994934629011346, -0.11251797832986196], [-0.18426559355075292, -0.6736692394395353, 0.3185641383137395, 0.3373464757156111, -0.001433585867137939, 0.17834399452163371, -0.10911716809412494, -0.29670100059646376, -0.548577461682903, 0.570027110208627, 0.6734944064943271, 0.041910896353243195, 0.5221784288400234, -0.03433244209736241], [-0.6794818148835058, -0.3325394031697728, -0.5443453455313069, -0.656301186432785, 0.5881158939181433, 0.5365451759036953, -0.14855702898404466, -0.47885326552604435, -0.005221234834672628, 0.06619970328732908, -0.28702360938157445, -0.0004149049560435436, 0.3207402390214742, -0.051402948593100024]], "inverted": true, "swapped": false, "error_lsq": 0.03082171696228467, "error_max": 0.2094611844479407, "target": "492.xyz", "model": "19.xyz", "model_rescale": 4.410303926677745, "target_rescale": 4.2236417303611065},
{"mapping": [7, 2, 8, 12, 3, 6, 4, 1, 0, 11, 9, 5, 10, 13], "R": [[-0.3118793921111323, -0.9497183226579975, -0.027683070351214922], [-0.14101829614699074, 0.01745625796953837, 0.9898530796080298], [-0.9395983636257517, 0.3126185961605301, -0.13937190680488365]], "T": [-0.014166697903223412, -0.005257916207436764, -0.08858919509907015], "aligned_model": [[0.002968998944525545, -0.2911758944868456, 0.39952662320787674, -0.4604127036307752, 0.30642750825550197, -0.3182651438319722, -0.6981657135020094, 0.4646943453984459, 0.15675183775394622, -0.6201131334878284, -0.09435862279661897, 0.7362760542180994, 0.262150995276735, 0.028067408222178458], [-0.1601878866819712, -0.5738101877049785, 0.4294515291968934, 0.2796930406409411, -0.16702127024338947, -0.053838972683148086, -0.15307720016521456, -0.42385842886018005, -0.6381554717372394, 0.5131577198513361, 0.6383688052060774, 0.34427630972072903, 0.7046875534571139, 0.05408341912195448], [-0.7832518737453429, -0.28511641290152523, -0.5691546074537346, -0.6274234848876555, 0.5415018046548563, 0.403010071899938, -0.015184828989527915, -0.4868172744547228, 0.20017872364529554, 0.13770148077108188, -0.319176760793747, 0.02859537582113761, 0.21924188771375847, -0.11664383144202109]], "inverted": false, "swapped": false, "error_lsq": 0.05120974584627713, "error_max": 0.3082313000654081, "target": "492.xyz", "model": "20.xyz", "model_rescale": 4.121658175737393, "target_rescale": 4.2236417303611065},
{"mapping": [1, 7, 0, 6, 3, 8, 2, 5, 11, 12, 10, 9, 13], "R": [[-0.9958213710560815, -0.0066330104063485815, -0.09108128304396919], [0.06733539824662815, 0.6204104314779895, -0.7813813669753479], [0.06169068885135216, -0.7842492586456454, -0.6173713300946209]], "T": [0.01672411220910036, -0.21366504711389664, -0.027196714688377817], "aligned_model": [[0.09497821458154193, -0.3643597347364334, 0.3442294054660104, 0.7076253320110963, 0.6050418458237456, -0.3021286186060511, -0.4176118241774596, 0.3558481969108783, -0.6545797816790657, -0.12004573081249667, 0.11479512064550743, 0.469651964852538, 0.047638514384483396], [-0.4532422652598528, 0.03807722535812244, 0.1420698312487629, -0.19456730375359846, 0.4659694758127476, -0.5913133057576954, 0.45151701748945994, -0.6513208389574431, -0.07998562396956552, -0.09479048367180176, 0.550882648503174, 0.1030817469963228, -0.1455512198754489], [0.7063134213538125, 0.5915375901171047, 0.5210898862831368, 0.20286074567823115, 0.022005421218970582, 0.33954727762693776, 0.039418030191435686, -0.3404691084172353, -0.10766718254793231, -0.6389966642702499, -0.3469001552590218, -0.6221566566837653, 0.003527134190364739]], "inverted": false, "swapped": true, "error_lsq": 0.0551825557037198, "error_max": 0.3684712152579412, "target": "492.xyz", "model": "21.xyz", "model_rescale": 4.08911054899281, "target_rescale": 4.2236417303611065},
{"mapping": [14, 3, 11, 9, 0, 7, 12, 15, 4, 10, 5, 1, 6, 16], "R": [[-0.8645627666409585, -0.44841709490677895, 0.22683326813652455], [-0.5024024417581832, 0.761323510431573, -0.40985155724916106], [0.011090944664323088, -0.4683039840312185, -0.883497803894804]], "T": [0.055279588749062185, 0.05150172199713958, -0.120010430763682], "aligned_model": [[-0.2279412697855815, -0.18525922676351503, 0.5119826290537141, -0.4098896704704518, 0.30844531685973814, -0.3931393078451841, -0.6567613838387344, 0.4061964485341573, 0.21825366730374776, -0.5590417083672882, -0.11884466266950597, 0.8446584989656122, 0.08412880576406054, 0.05158442280049014], [-0.30972777688561315, -0.7754596759068696, 0.47085057960785176, 0.3012121334372547, -0.07471813822977959, 0.10547076681495436, -0.12838123283051311, -0.14408268179168382, -0.5414418503102116, 0.5569818240010342, 0.690273225188156, 0.09815762419823648, 0.5192256802169075, 0.025408481609199687], [-0.5684764611103275, -0.23205840219972063, -0.5688555029829565, -0.5983511903254151, 0.6011379999867168, 0.42935649888178284, -0.19490557047770135, -0.7283780140612406, 0.20885056669026852, 0.01502519269307108, -0.3636921201192436, -0.05143533206763294, 0.45961544006699717, -0.08037283513680671]], "inverted": false, "swapped": false, "error_lsq": 0.038846231398150056, "error_max": 0.2609505461655507, "target": "492.xyz", "model": "22.xyz", "model_rescale": 4.204369325754507, "target_rescale": 4.2236417303611065},
{"mapping": [1, 0, 2, 3, 9, 13, 12, 6, 8, 14, 10, 5, 11, 15], "R": [[-0.48372628524643546, -0.3515107096531967, 0.801529227140714], [-0.8584040798306785, 0.011889629635466636, -0.5128363017934453], [0.1707375667266301, -0.9361083578871826, -0.3074895536470013]], "T": [-0.13479570503771351, -0.06083375547966146, -0.03168671186580099], "aligned_model": [[-0.16020259064204415, -0.05358865059799586, 0.4555970849982036, -0.555197722778655, 0.31389817353649985, -0.40169713065810897, -0.6678520840937899, 0.41537896864406465, 0.4428528136313796, -0.573169723368725, -0.01873858011447066, 0.6896606330246495, 0.09994934629011346, -0.11251797832986196], [-0.18426559355075292, -0.6736692394395353, 0.3185641383137395, 0.3373464757156111, -0.001433585867137939, 0.17834399452163371, -0.10911716809412494, -0.29670100059646376, -0.548577461682903, 0.570027110208627, 0.6734944064943271, 0.041910896353243195, 0.5221784288400234, -0.03433244209736241], [-0.6794818148835058, -0.3325394031697728, -0.5443453455313069, -0.656301186432785, 0.5881158939181433, 0.5365451759036953, -0.14855702898404466, -0.47885326552604435, -0.005221234834672628, 0.06619970328732908, -0.28702360938157445, -0.0004149049560435436, 0.3207402390214742, -0.051402948593100024]], "inverted": true, "swapped": false, "error_lsq": 0.03082171696228467, "error_max": 0.2094611844479407, "target": "492.xyz", "model": "23.xyz", "model_rescale": 4.410303926677745, "target_rescale": 4.2236417303611065},
{"mapping": [5, 2, 13, 15, 1, 10, 4, 12, 0, 9, 14, 7, 11, 16], "R": [[0.13538857562952472, 0.7769850337246089, -0.6147879235614319], [0.6145777106985337, 0.4208469588269263, 0.6672196600510785], [0.7771513180208588, -0.4681688740338212, -0.42053981295989845]], "T": [-0.04037105025934475, 0.12470143235242429, -0.11701183645088369], "aligned_model": [[-0.23178909531026023, -0.1622346340161632, 0.48651805173352614, -0.4897405035261954, 0.2998824531038666, -0.43137925437419883, -0.5413585606061859, 0.4219059719953294, 0.35046189495464375, -0.4728656217835263, -0.011062716328783216, 0.5963168940678137, 0.09737915564440361, -0.037661476013010085], [-0.2284277052168651, -0.7789801916684606, 0.40258230699766406, 0.4293853323004976, -0.09580371651205832, 0.1506511966355849, -0.3462415304284986, -0.2678394052725779, -0.5215378910785687, 0.562471103677843, 0.7575283500817493, 0.1037086040906802, 0.5950268341454116, 0.031245671366522315], [-0.6010169786305801, -0.15446501441084598, -0.4903169630386116, -0.5802061870401728, 0.6392555648984346, 0.40281807835216027, -0.08371599174391968, -0.6446362106753039, -0.12019882138641251, 0.00014679147780731483, -0.3553836128298252, 0.07303726086959296, 0.2836630739347091, -0.04152071993924092]], "inverted": false, "swapped": false, "error_lsq": 0.036058338527218285, "error_max": 0.2563336244165876, "target": "492.xyz", "model": "24.xyz", "model_rescale": 4.28219845311461, "target_rescale": 4.2236417303611065},
{"mapping": [11, 10, 13, 9, 0, 1, 5, 14, 6, 3, 7, 2, 4, 15], "R": [[0.3945143701054644, 0.9135786364975377, -0.09865336646860412], [0.853123522367517, -0.4040473095758504, -0.3300394328072901], [-0.34137760231674463, 0.04604179144882378, -0.9387978941586169]], "T": [-0.015727056690974062, 0.08110886478798793, -0.18855247710970333], "aligned_model": [[-0.18942038382193563, -0.030667514011250816, 0.3668128645124245, -0.47219827282329047, 0.32543870163462396, -0.4026365256851798, -0.8072946482732495, 0.4620349450472444, 0.3445560492079659, -0.515580930951078, -0.04460399209057204, 0.6538263561974803, 0.16650042531458745, 0.01760548528348919], [-0.22038041272228862, -0.698292948651308, 0.4068023796585626, 0.3820757463543295, 0.0064325981570416135, 0.04313709998135573, -0.23269732998191947, -0.40387437697907413, -0.6117328899607583, 0.5585834978419183, 0.8426171115137571, 0.042886477637126504, 0.598520660741014, 0.07969134552916746], [-0.6073745334834129, -0.336925031075981, -0.5055751892202914, -0.5859523373534954, 0.5487287125214914, 0.3201091065849597, -0.173482606678654, -0.5301360683356738, 0.2612958544883063, 0.161032167914936, -0.3460876113521877, -0.05064924727866585, 0.29490046913872825, -0.1224234160322682]], "inverted": false, "swapped": false, "error_lsq": 0.03364121363278222, "error_max": 0.1983217862555871, "target": "492.xyz", "model": "25.xyz", "model_rescale": 4.100010024507729, "target_rescale": 4.2236417303611065},
{"mapping": [10, 12, 5, 4, 0, 1, 6, 8, 11, 7, 2, 13], "R": [[-0.2599506854101111, 0.581751709484222, -0.7707078497504738], [0.0808467201260567, 0.8084564816756242, 0.5829767791958187], [0.962231494495827, 0.08923601150240051, -0.25719153417535134]], "T": [0.03177814578472776, -0.010306998432323751, 0.05668038285637022], "aligned_model": [[-0.7219688133858968, -0.03399161811864135, 0.33646625177903244, 0.6591277668831608, -0.4130636492917265, 0.23028775342269475, -0.21177832587800233, 0.49129080147203336, 0.12396041931846422, -0.08453843618441875, -0.4562315397727171, -0.04279500788097612], [-0.3522187752248947, -0.6404787629419505, -0.2504564342776586, -0.35535020353075236, 0.5591208870119478, 0.7383141602128518, 0.3122408901325651, 0.3275218741941485, -0.19006306508340473, 0.5356729794173237, -0.039038610357058086, 0.02086645049752165], [-0.04973037747075885, -0.01877964280623281, 0.5608437850985395, -0.09248789388744277, 0.16755363585956878, 0.09813353923172222, 0.6627156616060559, -0.17463368759217734, -0.6022466140616755, -0.472287977862511, -0.5730603973226704, 0.059172259061939236]], "inverted": true, "swapped": true, "error_lsq": 0.04096225180047913, "error_max": 0.20983418558298164, "target": "492.xyz", "model": "26.xyz", "model_rescale": 3.6694154284099745, "target_rescale": 4.2236417303611065},
{"mapping": [10, 9, 2, 4, 3, 7, 8, 11, 12, 5, 0, 6, 1, 13], "R": [[0.30275047057460697, -0.9336613081735414, 0.19136016875652362], [-0.6223166508723912, -0.3457297553241981, -0.7022769555741099], [0.7218477253644456, 0.09352805944282871, -0.6857028244677387]], "T": [-0.07857971914512862, 0.041252827522996076, -0.12516300633087032], "aligned_model": [[-0.24400721376003082, -0.14569968020848845, 0.3912952268780849, -0.44942845703276957, 0.1961020560737644, -0.3274658213510835, -0.691658113502738, 0.4190788328710726, 0.6090293052908585, -0.4957322032510947, -0.03937766023146501, 0.5276403211130892, 0.16475929126930525, -0.04016332461724512], [-0.24589010508258563, -0.6290477431445565, 0.23938240951436066, 0.35110664737044756, -0.2977111398915607, -0.034348803460866224, -0.10980511055492129, -0.4587402420819896, -0.3506440480287286, 0.6322438368252378, 0.6757172636462866, 0.2504480279936733, 0.7113653344086636, 0.059692631605463356], [-0.6272321252505061, -0.020017434574571252, -0.5747092776343836, -0.7899880916142198, 0.5548991757456829, 0.44795881862413045, -0.2235173359030492, -0.6135464266036245, -0.0673401578673504, 0.1952928122296442, -0.30641261599893566, 0.11963295502010704, 0.3957803762182116, -0.16334040255334437]], "inverted": false, "swapped": false, "error_lsq": 0.051725220923502305, "error_max": 0.37746045220551755, "target": "492.xyz", "model": "27.xyz", "model_rescale": 4.103607728864725, "target_rescale": 4.2236417303611065},
