[{"mapping": [4, 11, 7, 2, 6, 8, 0, 9, 5, 1, 10, 12], "R": [[0.5894778946986342, -0.7352640734705985, -0.3345183910117471], [0.2469731405028952, 0.5583356085316014, -0.7920010202744587], [0.7691034257704246, 0.38425003644641165, 0.5107169763764743]], "T": [-0.04217714063680331, -0.10106275428387942, -0.0027101121233425243], "aligned_model": [[-0.4780085779573406, 0.2496666964743269, 0.3351776542824818, -0.2422841108841249, -0.052372842317541, -0.4416216604501225, 0.34519513994188705, -0.32160658455412433, 0.8296491440497983, 0.18523401278813717, -0.5278699967974948, -0.04351641211533437], [-0.28644256348029074, -0.5458412866676357, -0.30184112944937735, 0.6608166965456955, 0.3481843589678608, -0.6085058138560752, -0.191215842924813, -0.5391640370101409, 0.05290189264560988, 0.2901096572110209, 0.12864817687812602, 0.045904927117076694], [-0.5982000784623919, 0.12736220536400458, -0.6363801048338628, -0.044183116701506965, -0.5964987231599289, -0.03467127641326959, 0.7183999250001097, 0.5587627208744114, -0.06636414063381252, 0.42511537426801665, 0.38161400839150844, -0.053005048339715595]], "inverted": true, "swapped": true, "error_lsq": 0.047855774596231145, "error_max": 0.26397809175698034, "target": "493.xyz", "model": "0.xyz", "model_rescale": 3.751011558992144, "target_rescale": 3.9848679271378},
{"mapping": [11, 6, 1, 4, 2, 10, 8, 5, 3, 12, 7, 9, 14], "R": [[0.5988707520071086, -0.44957649934502425, 0.6627479110695965], [0.5400515769373326, -0.3843670861163399, -0.7487364271610769], [0.5913527852626895, 0.8063144016741285, 0.012608291515972564]], "T": [0.0029950273589997717, -0.0005926085814837562, 0.0905255294040172], "aligned_model": [[-0.6969560068842813, -0.6313096953943182, -0.04899306333439611, -0.25588715601580125, 0.8237391465154654, -0.5562637481529137, 0.3555674220830499, 0.2942469361223146, 0.4559725317284677, -0.14629009738242416, -0.18324352355294887, -0.16062832631227775, -0.018652217191163705], [0.07905849425708232, -0.3995914626157438, -0.602441480374805, 0.020836715520706834, 0.09512325872959491, 0.5164364743683987, 0.11221741008092276, 0.5481510626369515, -0.26550072016101844, -0.09127333962377726, -0.5710509803717249, 0.5724159279663028, 0.016187494622535527], [-0.2842480561180115, 0.1372500245037438, 0.4380319658667076, 0.8375829362406186, 0.059611687794251286, 0.3944404805429491, 0.641329358646161, 0.15485869297506955, -0.4644888510108947, -0.6316005403551239, -0.19155508319792836, -0.19068299911356146, 0.043053038599179826]], "inverted": true, "swapped": false, "error_lsq": 0.04367810059142085, "error_max": 0.2819298924626403, "target": "493.xyz", "model": "1.xyz", "model_rescale": 3.9405287249114394, "target_rescale": 3.9848679271378},
{"mapping": [10, 3, 7, 4, 0, 8, 1, 2, 5, 11, 6, 9, 12], "R": [[0.4214691623520257, -0.8634241904714206, 0.27724071218898183], [0.5033223044227917, 0.47703512352898136, 0.7204888262771465], [-0.754341038958383, -0.16412238795624884, 0.6356362471687136]], "T": [-0.03711590052117093, -0.030751378075004058, 0.11419263335757746], "aligned_model": [[-0.78046124511445, -0.5312584394647606, -0.18337315269360388, -0.31329386740923254, 0.7317848469473359, -0.6094243019208878, 0.4848913770736298, 0.43221263346619326, 0.37943165233286336, -0.052737827005765445, 0.08246232192461479, -0.409027518586875, 9.572267971059284e-05], [0.0558681806184918, -0.2992484062674219, -0.6777483155110154, 0.13202591698135763, -0.28116451520352626, 0.48561886775507357, -0.0504579869867971, 0.4595338451033467, 0.31820894796528454, -0.12509380276024845, -0.5253231477725306, 0.49761462364986686, 0.04073464746354477], [-0.2749369980451387, 0.21681902190903252, 0.5488345920908922, 0.7378311542192391, -0.1072004324139186, 0.19490590995101015, 0.7094626427327586, 0.17352858063944893, -0.3682916746130757, -0.5918312694634258, -0.07674061865575457, -0.3683964502933923, 0.14959819731548551]], "inverted": true, "swapped": false, "error_lsq": 0.05989705936792115, "error_max": 0.3505044895362722, "target": "493.xyz", "model": "2.xyz", "model_rescale": 3.932901565614263, "target_rescale": 3.9848679271378},
{"mapping": [2, 6, 12, 5, 8, 4, 9, 7, 3, 1, 10, 0, 13], "R": [[-0.30874872891754673, 0.7590175725899209, 0.5732072460214575], [-0.8932166201929967, -0.024276400321755404, -0.4489707404702646], [-0.32686127302389173, -0.6506173844027857, 0.6854624185978972]], "T": [0.06267195562553346, -0.011740807361541272, -0.01877184685968858], "aligned_model": [[-0.726724548223749, -0.5182812701753752, -0.07885399973548401, -0.2152452951746346, 0.7938380896626474, -0.5305277954112149, 0.4063074440356852, 0.26632818215821247, 0.37765517726970266, -0.28400672336060784, -0.0945340887072729, -0.18334857370211166, 0.018695603592974515], [0.15124792429642112, -0.29218487956817096, -0.5456441554216911, -0.002532872911684341, 0.008772442260523362, 0.594101464785951, -0.07988322449946957, 0.5361546731169894, 0.20637176545257932, -0.20550715513218432, -0.7091523107911162, 0.45429148682702114, -0.08546630337974279], [-0.22969288953053765, 0.20603191751591016, 0.5085301814398894, 0.6441586934727889, 0.04256343302940002, 0.19169335498346401, 0.6270332332384493, 0.3912003853863654, -0.3562595558866754, -0.6441014534834305, -0.06403656612938055, -0.43258113755492833, 0.05904305889184644]], "inverted": false, "swapped": false, "error_lsq": 0.040708921808178235, "error_max": 0.2615583633564012, "target": "493.xyz", "model": "3.xyz", "model_rescale": 3.9243930471874484, "target_rescale": 3.9848679271378},
{"mapping": [7, 1, 5, 9, 6, 8, 11, 10, 3, 2, 0, 4, 12], "R": [[-0.0704276115211641, -0.6922244577333725, 0.7182376011120294], [0.563813808418681, 0.5663554132740243, 0.6011285513861677], [-0.8228936389180849, 0.44728832532377577, 0.35039864876623755]], "T": [-0.03705698896515533, 0.08441242049096427, 0.15283186128942686], "aligned_model": [[-0.7266997898766473, -0.5437607184574942, 0.15828151898832918, -0.3511149146420314, 0.6409580825363994, -0.40589277021820824, 0.34182205890872264, 0.3395729108992189, 0.3661150434381526, -0.2931924552409889, -0.07178866211485349, -0.1951836042789732, -0.027814497712853173], [0.09819581591210431, -0.4162743746856597, -0.6382799862072364, 0.15559785162163323, -0.16153036729363063, 0.5782234900795088, 0.11132376536954482, 0.6779007298833836, 0.02865173727606849, -0.15824001975482138, -0.6189887316990784, 0.4081535319959442, -0.034164587462334736], [-0.25597320726255834, 0.20502729822409513, 0.2676432387141068, 0.7805162130866923, 0.1892217319981023, 0.2810783541673813, 0.8469936061202176, 0.20805200853290978, -0.383168538766271, -0.6996521012999023, -0.32397300795850226, -0.31892542343545427, 0.1467424832523442]], "inverted": false, "swapped": false, "error_lsq": 0.05126310652167259, "error_max": 0.3597593259099517, "target": "493.xyz", "model": "4.xyz", "model_rescale": 3.8936222436046832, "target_rescale": 3.9848679271378},
{"mapping": [5, 7, 3, 1, 6, 4, 8, 10, 0, 11, 2, 12], "R": [[0.8917412414023091, 0.16990259374311717, 0.41944089812705465], [-0.01847274980759986, 0.939741357060168, -0.34138678847497883], [-0.4521684596439858, 0.2966804517828491, 0.8411446924478037]], "T": [-0.0650189602247907, -0.05795991766220741, 0.1134870374728415], "aligned_model": [[0.09794831084506828, -0.5750204156696772, -0.07252340265842783, 0.4005145085269334, -0.6485648292362624, -0.7502032202526703, -0.19122218626677082, 0.17556952155110236, 0.733522794403281, 0.14415472863704026, -0.17019524082633566, -0.11643252683818396], [-0.45955859035033064, -0.5477591955110166, 0.17573143957557177, 0.19144264470572034, 0.20071474738565506, -0.051132485123001434, -0.22987946146501048, 0.47535413667978355, -0.23244727315645844, -0.5586196996723081, 0.6547481855085763, 0.0503284565326261], [-0.6611084654674729, -0.17675672164577705, -0.6524666114510409, -0.21642702160785332, -0.27001455589616397, 0.4442421302530366, 0.723890441243565, 0.4201839463396221, 0.013138755571426242, 0.18768762016097007, -0.20777331943445942, 0.014688521209665309]], "inverted": true, "swapped": true, "error_lsq": 0.062256921940019055, "error_max": 0.38258321512772514, "target": "493.xyz", "model": "5.xyz", "model_rescale": 3.6523030999806103, "target_rescale": 3.9848679271378},
{"mapping": [0, 3, 11, 4, 9, 2, 10, 6, 8, 5, 7, 1, 12], "R": [[-0.6181527729821685, 0.25522206262170477, -0.7434708118047259], [-0.47504256591448146, 0.6322712851048811, 0.6120192665277848], [0.6262760651851874, 0.7315016888449026, -0.26959890465878056]], "T": [0.012946379697185997, 0.03945603161141796, 0.06364989201405247], "aligned_model": [[-0.8236265963078714, -0.6305989389654735, 0.03305466646684886, -0.197935356721885, 0.629790117715735, -0.39869280091201853, 0.47096239874959683, 0.3205902530311798, 0.49645704281752606, -0.06217789029866351, -0.1478069810778575, -0.40393284840408866, -0.05478086386425554], [-0.059463805856903654, -0.21961821655294844, -0.6801666128728238, -0.004342276958231153, -0.33193093856278955, 0.5276381319942176, 0.1914360809454414, 0.6102816054787685, 0.18231717195472608, -0.08770241411022058, -0.6096280637611222, 0.5307819025350387, -0.01903370919772661], [-0.46315581417370233, 0.10067231378010985, 0.5699185059826397, 0.5953849795700954, 0.12875285994000513, 0.4740680398369025, 0.6766722672686614, 0.10988703607785562, -0.38301691433630686, -0.6012490504772047, -0.07658652918644548, -0.19555169697080227, 0.007786658061352945]], "inverted": false, "swapped": false, "error_lsq": 0.059251263214930454, "error_max": 0.386107865204302, "target": "493.xyz", "model": "6.xyz", "model_rescale": 4.08911054899281, "target_rescale": 3.9848679271378},
{"mapping": [5, 4, 3, 8, 1, 10, 9, 11, 2, 7, 6, 12, 14], "R": [[0.5100977321737292, -0.8338230747715993, 0.21104355855996823], [0.11628410677958917, 0.3099684190331205, 0.9436088096836428], [-0.8522196372659409, -0.4567917021800463, 0.25507455905629695]], "T": [-0.029316550554103007, 0.03024021525870865, 0.03088239463429627], "aligned_model": [[-0.7378433884823314, -0.6040501118744823, -0.04292588271826771, -0.2836832034632069, 0.7031807702403089, -0.4616856092473089, 0.39366448516051145, 0.15767484052165492, 0.4672148022810303, -0.2022352758791844, -0.01722216208768899, -0.22074360781757282, 0.07995654559531076], [0.09296022590198338, -0.3272905509796226, -0.6482538344492432, 0.008878887999163709, 0.03163182571919562, 0.5291525540222143, -0.01349305929664996, 0.5487218767115956, -0.3095594991591901, -0.15008957139046725, -0.44211494851414923, 0.6488381833719594, 0.06118676509863645], [-0.242169156878713, 0.2276120934275403, 0.43820541983017464, 0.663330236650153, 0.06818919434601245, 0.3197047861074358, 0.6894655344353758, 0.2327289932129289, -0.5058971811922076, -0.7018312240575243, -0.12998180734431541, -0.26693324230373133, 0.151159009140032]], "inverted": false, "swapped": false, "error_lsq": 0.045572105785970055, "error_max": 0.3223150797517621, "target": "493.xyz", "model": "7.xyz", "model_rescale": 3.964800864290218, "target_rescale": 3.9848679271378},
{"mapping": [7, 12, 11, 9, 3, 8, 10, 5, 0, 2, 4, 1, 13], "R": [[-0.9624460104782312, 0.004014530123698519, -0.27144347563060495], [-0.012196640143197896, -0.9995204445581792, 0.028462657631315023], [-0.2711990392382581, 0.030704469676352313, 0.9620334280357102]], "T": [0.00847142271876962, -0.04780141069508796, 0.01118361208264814], "aligned_model": [[-0.6210762001503574, -0.6733337175317607, -0.031069989752768826, -0.3189683439594057, 0.7218152076334873, -0.3769565655490979, 0.2884940485634437, 0.30060749392681607, 0.4169416103802546, -0.1855480133835853, -0.11048022611624071, -0.16607516605576617, -0.013047935776246078], [0.1784434938498486, -0.3048742320920098, -0.6873923576590052, -0.045832373228580144, 0.06331797184844955, 0.49812107475219675, 0.13028501848926466, 0.6354411669245376, 0.01901652674864522, -0.2587315429766726, -0.7233854795533291, 0.5244478161563225, 0.0017117717757581183], [-0.23240661487442169, 0.2105081025888339, 0.5370098397997863, 0.6166884005672744, -0.057778863576910124, 0.3912776624834992, 0.7628527984689547, 0.39446786560110153, -0.5734930862304451, -0.5858705441412989, -0.14543715971412827, -0.44178901610533744, 0.067553270506253]], "inverted": false, "swapped": false, "error_lsq": 0.03939827113484726, "error_max": 0.20306752023544153, "target": "493.xyz", "model": "8.xyz", "model_rescale": 4.121658175737393, "target_rescale": 3.9848679271378},
{"mapping": [2, 1, 4, 6, 5, 8, 9, 7, 10, 3, 0, 11, 12], "R": [[0.5605263063018864, -0.18068343471395726, -0.8081854715122828], [-0.8280506179781759, -0.10821916296398834, -0.5501097952530337], [0.011934572029394408, 0.9775694907203992, -0.210274717460598]], "T": [-0.042788327333737455, 0.06192406652479915, 0.06570462282972649], "aligned_model": [[-0.6817478980202685, -0.4556020091610635, 0.12358731960364049, -0.3712488037630981, 0.5285765272182219, -0.5120573525174923, 0.2872974201951258, 0.33164486488623174, 0.37758919100590843, -0.2960594959272856, -0.027118252901445164, 0.01837861865937436, -0.0919379270490771], [-0.05667519825976891, -0.4584872912125099, -0.6714429354662204, 0.16095988542054862, -0.17093355271556712, 0.5991790103307268, 0.0645199747068497, 0.5864206715413052, -0.008568120761022188, 0.0890214589624968, -0.6715689828708225, 0.5738459584837754, -0.005702023124365491], [-0.17926748227518063, 0.24924916387551282, 0.5375307584089223, 0.6677741139131218, 0.03349533192937648, 0.21300379148480536, 0.8300517151732304, 0.2654895226678475, -0.5626220630603654, -0.6811577727642397, -0.2181380067696284, -0.30473654092576385, 0.09291012371552257]], "inverted": true, "swapped": false, "error_lsq": 0.05662221856098156, "error_max": 0.3024568947818773, "target": "493.xyz", "model": "9.xyz", "model_rescale": 3.833441315466971, "target_rescale": 3.9848679271378},
{"mapping": [4, 6, 11, 12, 8, 1, 10, 13, 9, 3, 7, 5, 14], "R": [[0.23713294782657357, 0.1336121674352, 0.962245163026735], [-0.4566746017574046, -0.8589034208214219, 0.23180427479012478], [0.8574475337679826, -0.4944013576180064, -0.1426570167242982]], "T": [-0.08654546370145808, 0.03314167863267476, 0.13582977086221254], "aligned_model": [[-0.691181681243288, -0.7519944512220093, 0.15225776786576825, -0.3477672813035273, 0.6651648664707226, -0.5660958135717855, 0.49264090607899136, 0.2975372609900292, 0.45355448914318774, -0.15177548377415126, -0.018509738325746927, -0.25089374835538214, -0.051634890524036255], [0.10502563029160228, -0.09666653199686734, -0.5388969979231091, -0.1478592975726042, -0.17296294000239296, 0.44739109047259107, 0.05850133184488724, 0.7230103463437203, -0.1996716888590106, -0.19814097887489235, -0.5830355516025977, 0.6305687705072018, 0.00330567240689756], [-0.37910743115454276, 0.17528913611236954, 0.4205785200445884, 0.6477104854160822, 0.13239057524921638, 0.5153529185664799, 0.718628347189721, 0.02515807927486413, -0.4227399234348443, -0.6987810525550169, -0.10832333232102573, -0.13528959895977, 0.0527159319450395]], "inverted": false, "swapped": false, "error_lsq": 0.05518837113522823, "error_max": 0.29956444769498314, "target": "493.xyz", "model": "10.xyz", "model_rescale": 4.2482417240324, "target_rescale": 3.9848679271378},
{"mapping": [2, 10, 8, 0, 6, 7, 4, 11, 1, 5, 3, 12], "R": [[-0.29734662502453163, 0.48884792285626694, -0.820129680541824], [0.3025392092282396, 0.8629587070056117, 0.4046879005885335], [0.9055688883050655, -0.12778880358746852, -0.4044935230774546]], "T": [0.08037001116538829, -0.0003587072291099877, 0.0683074303160294], "aligned_model": [[-0.63766810798078, -0.06444655165849604, 0.3925202699834502, 0.5892693957050018, -0.5766843604485622, 0.05778875552830194, -0.14945753480327523, 0.5937886033788143, 0.004128644010692614, 0.14737597475707598, -0.411967352442626, -0.06788213366659022], [-0.2665793349140548, -0.6381795945884902, -0.09223464262674275, -0.3058795252333537, 0.34536135835350845, 0.7587821685498959, 0.24468206911839216, 0.17697731897168245, -0.28799839180341463, 0.5280943720289005, 0.20016955752157384, 0.002936034672742012], [-0.12082465076686033, 0.16094851628941687, 0.6270532826982005, -0.5025366771017867, 0.12548281567625405, 0.15457141155826484, 0.7509913487336971, -0.001498435387513375, -0.47869988299447663, -0.6416824022774057, -0.5306460694110151, 0.022033032837580797]], "inverted": false, "swapped": true, "error_lsq": 0.05922476979079047, "error_max": 0.3373336346211723, "target": "493.xyz", "model": "11.xyz", "model_rescale": 3.6694154284099745, "target_rescale": 3.9848679271378},
{"mapping": [0, 1, 2, 3, 9, 4, 8, 11, 7, 5, 12, 6, 13], "R": [[-0.06011275610534328, 0.23920529262038603, 0.969106436123409], [0.7829588316947249, -0.5909110380605214, 0.1944212256145612], [0.6191622763255612, 0.7704576387320929, -0.15176660533436487]], "T": [-0.009813672211029065, -0.030974793158988902, -0.00493377114140639], "aligned_model": [[-0.6799546275478194, -0.6601273977995908, -0.0375884264610573, -0.29741001862444394, 0.771818555855662, -0.4598848407506979, 0.34559237194699427, 0.29557193648611174, 0.5203207296090469, -0.15374645532594705, -0.18592576534710126, -0.09577657821054643, -0.13158728160183764], [0.06817882614907801, -0.36430234069707124, -0.4783145863202249, 0.04850561090691635, 0.08947202986898163, 0.4294578937005079, 0.008691429317660333, 0.6056916666571468, -0.07266311851897135, -0.0630705664856516, -0.645177469020951, 0.42605214385752826, -0.021952664379522778], [-0.23256839984245223, 0.4222176053809381, 0.4698601271693553, 0.8026676822392176, 0.13373810690190027, 0.3599173407809413, 0.6619327716401817, 0.2105287496201861, -0.5239568130240329, -0.7941257679052097, -0.23625195867045815, -0.3267902470543331, -0.0035865418630731775]], "inverted": false, "swapped": false, "error_lsq": 0.04207609434001832, "error_max": 0.31167277133785154, "target": "493.xyz", "model": "12.xyz", "model_rescale": 3.9764082729961374, "target_rescale": 3.9848679271378},
{"mapping": [12, 13, 14, 11, 7, 10, 3, 2, 4, 5, 6, 9, 15], "R": [[-0.45919908819198807, 0.6986412356658332, -0.548668042837347], [-0.5776130304824626, -0.7040698937464149, -0.4130965646634913], [-0.6749069450083566, 0.12722424512344388, 0.7268525345847378]], "T": [-0.07959006278622685, 0.07500255025902644, 0.02244711356511893], "aligned_model": [[-0.6788563606510367, -0.5614387503739154, -0.11483880804479632, -0.29104376525621123, 0.6632814723811801, -0.5618784973384126, 0.41075207588573304, 0.30194436713948924, 0.45592054232253, -0.09126672630062235, -0.13816875046390648, -0.1681304447805966, 0.005025847709337991], [0.245013084243014, -0.2819104011209226, -0.5746428018669735, -0.05714964589233937, 0.21040582824462337, 0.47862740254677416, -0.12261523153196766, 0.769218155011184, -0.2424767719827882, -0.13097140605056126, -0.6661326141580407, 0.3908659629855893, 0.012337294607834545], [-0.11608034770575167, 0.14457628122860244, 0.4866954113475141, 0.7763488495450256, 0.05145630989603518, 0.5230784584399294, 0.6773938645886104, 0.11601894055366631, -0.33574137528420084, -0.7901181396213964, -0.15346767010492757, -0.481427902460326, 0.044849974950380324]], "inverted": false, "swapped": false, "error_lsq": 0.04823629538807787, "error_max": 0.31361731448554564, "target": "493.xyz", "model": "13.xyz", "model_rescale": 4.170626492500431, "target_rescale": 3.9848679271378},
{"mapping": [7, 0, 2, 3, 5, 9, 6, 11, 12, 8, 4, 10, 13], "R": [[0.4122036634665557, -0.8889632024227963, -0.19958097244716833], [0.21509320752040575, 0.3078155329096225, -0.9268141721931905], [0.8853378179561373, 0.33910768560705307, 0.3180926369139876]], "T": [-0.1559488693739562, -0.043256019754790875, 0.11519887676335663], "aligned_model": [[-0.8056489634601784, -0.6662993655898726, -0.1850312445804456, -0.1823315662059559, 0.7416209979289707, -0.3811492110672948, 0.5104942441270972, 0.23972391884130012, 0.32580566153126084, -0.2355139483513764, 0.13679900095792713, -0.19763533744093287, -0.06953198446172636], [0.062312981312757226, -0.3513526893947389, -0.602567681873737, 0.10171205031816344, 0.09797694491012673, 0.7271164885855921, -0.1254031142472734, 0.49318371156945817, 0.07525681150124025, -0.21065688949957537, -0.6040093986411941, 0.3664217996539046, 0.0005778408407023927], [-0.3582721114151822, 0.1370442354654491, 0.4605347238838593, 0.7888173269241858, 0.07468454154739411, 0.22527813438453004, 0.6217506494021983, 0.35043303766240214, -0.42292137184855616, -0.6039691424233493, -0.20560864041267427, -0.270488338009789, 0.14629961021269336]], "inverted": true, "swapped": false, "error_lsq": 0.04640204792791688, "error_max": 0.29221440736012716, "target": "493.xyz", "model": "14.xyz", "model_rescale": 3.9786697098870705, "target_rescale": 3.9848679271378},
{"mapping": [10, 2, 0, 9, 1, 5, 4, 7, 11, 8, 3, 12], "R": [[-0.47759640714983725, 0.5190850551653079, -0.7088387527368943], [-0.5457271351871658, 0.45701281926233156, 0.7023682630574252], [0.688537265366208, 0.7222811007730471, 0.06501111957272793]], "T": [0.01006728498554016, -0.06889748834615594, 0.03073724201239639], "aligned_model": [[-0.1616708180199071, -0.6558337122664728, 0.6233253207259064, 0.5097681545037079, 0.04682215601621495, 0.2349061173099875, -0.35523438609205127, -0.01769346750475556, 0.5294812043319728, 0.19503080134067619, -0.34062604817062964, -0.12492072540731303], [-0.4463771311970965, 0.08932036385633962, 0.15496522351078035, -0.5736444992004306, 0.2555867279727071, 0.7837656636786499, -0.47051622812009797, 0.253057491374816, -0.017156445857326258, -0.6429979082039798, 0.6289388434433221, -0.00026761103324515756], [-0.4834464170429806, -0.3613929408986892, -0.4712434514732678, -0.25350699501858476, -0.4994753642487641, 0.13198479594966128, 0.5638226876919566, 0.7234280738403231, 0.19642254859409666, 0.2637031293784773, -0.14643950453778212, -0.003890068360616495]], "inverted": false, "swapped": true, "error_lsq": 0.05604617864116085, "error_max": 0.3023659359085353, "target": "493.xyz", "model": "15.xyz", "model_rescale": 3.769337070930944, "target_rescale": 3.9848679271378},
{"mapping": [1, 5, 10, 2, 9, 11, 8, 7, 4, 6, 12], "R": [[-0.38357246411574053, -0.4183308485874297, 0.8233295001955778], [-0.39942320794264746, 0.8789714729881051, 0.26051919435988885], [-0.832666359191353, -0.22892892083186417, -0.5042403033056506]], "T": [0.0223428472562534, 0.05186166104964311, -0.07140640277481064], "aligned_model": [[-0.42034513129461365, -0.2954406125923435, -0.12221642782364542, -0.6843159818165664, 0.4862426469010832, 0.3972067221980676, 0.5984256914870354, 0.16834111204362304, 0.3096099086443517, -0.39517388052141816, -0.11970791653440285], [-0.025806719826591676, -0.7746394214574197, 0.6279889385991467, 0.38049962467473725, 0.33305858332264776, -0.2922513055024841, 0.33937077777811636, -0.4547169690266952, 0.34226644807881595, 0.048059407910154436, 0.07223513307491433], [-0.5024067638899861, -0.13262447021806004, -0.3604559972774337, 0.050468514269101095, -0.6108418085858671, -0.27384878326868756, -0.011883604448139795, 0.4820453612240779, 0.5705170432349553, 0.5451786769923146, -0.01193056080849745]], "inverted": true, "swapped": true, "error_lsq": 0.045897333341363984, "error_max": 0.23204571083956987, "target": "493.xyz", "model": "16.xyz", "model_rescale": 3.7852294659196426, "target_rescale": 3.9848679271378},
{"mapping": [6, 7, 2, 11, 0, 11, 8, 9, 4, 5, 1, 10, 12], "R": [[0.09029551996208474, -0.47900649504572657, -0.8731549099551497], [0.3175539461257175, 0.8448211603673885, -0.4306236155803401], [0.9439312529918491, -0.23839040395852357, 0.2283939686719645]], "T": [0.06035017211701636, -0.10908399217901252, 0.07474939800298308], "aligned_model": [[-0.6749158925155881, -0.6151550446167252, -0.13596760603185154, -0.3941554291104964, 0.7024465250185236, -0.3941554291104964, 0.30016411269080306, 0.3268044906679047, 0.327986547674599, -0.2009356996550536, 0.03634291482687592, -0.09191102359469665, 0.04475373598497433], [0.24470186622352988, -0.2961741637056309, -0.5272824749471097, 0.18453198744780633, 0.08412167411740792, 0.18453198744780633, 0.10427889297257634, 0.6651927583335858, -0.11178371328150336, -0.30872196862942214, -0.7633661237617687, 0.5897886697440311, -0.01925053692588269], [-0.27398060715293104, 0.08556489891893221, 0.4755690332797775, 0.5698719983696745, -0.05225847513982984, 0.5698719983696745, 0.6414693150684871, 0.3518042576482796, -0.5811089457527122, -0.4945338198521352, -0.13877506929760422, -0.29626085249715994, 0.08634892341070817]], "inverted": false, "swapped": false, "error_lsq": 0.05565970255194624, "error_max": 0.42799593014951276, "target": "493.xyz", "model": "17.xyz", "model_rescale": 3.901054581598922, "target_rescale": 3.9848679271378},
{"mapping": [11, 6, 1, 4, 2, 10, 8, 5, 3, 12, 7, 9, 14], "R": [[0.5988707520071086, -0.44957649934502425, 0.6627479110695965], [0.5400515769373326, -0.3843670861163399, -0.7487364271610769], [0.5913527852626895, 0.8063144016741285, 0.012608291515972564]], "T": [0.0029950273589997717, -0.0005926085814837562, 0.0905255294040172], "aligned_model": [[-0.6969560068842813, -0.6313096953943182, -0.04899306333439611, -0.25588715601580125, 0.8237391465154654, -0.5562637481529137, 0.3555674220830499, 0.2942469361223146, 0.4559725317284677, -0.14629009738242416, -0.18324352355294887, -0.16062832631227775, -0.018652217191163705], [0.07905849425708232, -0.3995914626157438, -0.602441480374805, 0.020836715520706834, 0.09512325872959491, 0.5164364743683987, 0.11221741008092276, 0.5481510626369515, -0.26550072016101844, -0.09127333962377726, -0.5710509803717249, 0.5724159279663028, 0.016187494622535527], [-0.2842480561180115, 0.1372500245037438, 0.4380319658667076, 0.8375829362406186, 0.059611687794251286, 0.3944404805429491, 0.641329358646161, 0.15485869297506955, -0.4644888510108947, -0.6316005403551239, -0.19155508319792836, -0.19068299911356146, 0.043053038599179826]], "inverted": true, "swapped": false, "error_lsq": 0.04367810059142085, "error_max": 0.2819298924626403, "target": "493.xyz", "model": "18.xyz", "model_rescale": 3.9405287249114394, "target_rescale": 3.9848679271378},
{"mapping": [6, 8, 9, 7, 14, 4, 13, 12, 10, 2, 5, 1, 15], "R": [[-0.43804254312817564, -0.008612207442803388, -0.8989129881655746], [0.6213048550668043, 0.719785594478566, -0.30965945012473745], [0.6496914709923609, -0.6941430168661928, -0.3099459060153606]], "T": [-0.009215882351232045, 0.11418202198537955, 0.11812469505638501], "aligned_model": [[-0.5785366948925587, -0.7039148561821635, -0.056397219933706895, -0.29873475635271163, 0.7609180687840972, -0.3564661792717833, 0.4450415410447508, 0.19537543743493155, 0.49313565978265184, -0.09768087563091538, -0.33350361782561955, -0.23550029839159056, -0.002434006336609392], [-0.029317086521927854, -0.18295686719500978, -0.5601559185972003, -0.11123929902806337, 0.18852429607709822, 0.5393165217927419, -0.02784952571682711, 0.6144540361844915, -0.12696125070600162, -0.2557845112652898, -0.5992071077523953, 0.48580753105894814, 0.09593803670486112], [-0.34400653506890266, 0.15519182106922924, 0.4815144448173114, 0.7189487945820386, 0.0848698357461487, 0.6011805065090692, 0.5922629429534784, 0.20761975573971003, -0.43630914869589255, -0.6632996405331546, -0.15968109493320737, -0.37807009335087294, 0.08336106653820595]], "inverted": true, "swapped": false, "error_lsq": 0.04672113045082867, "error_max": 0.27016749394211764, "target": "493.xyz", "model": "19.xyz", "model_rescale": 4.410303926677745, "target_rescale": 3.9848679271378},
{"mapping": [7, 12, 11, 9, 3, 8, 10, 5, 0, 2, 4, 1, 13], "R": [[-0.9624460104782312, 0.004014530123698519, -0.27144347563060495], [-0.012196640143197896, -0.9995204445581792, 0.028462657631315023], [-0.2711990392382581, 0.030704469676352313, 0.9620334280357102]], "T": [0.00847142271876962, -0.04780141069508796, 0.01118361208264814], "aligned_model": [[-0.6210762001503574, -0.6733337175317607, -0.031069989752768826, -0.3189683439594057, 0.7218152076334873, -0.3769565655490979, 0.2884940485634437, 0.30060749392681607, 0.4169416103802546, -0.1855480133835853, -0.11048022611624071, -0.16607516605576617, -0.013047935776246078], [0.1784434938498486, -0.3048742320920098, -0.6873923576590052, -0.045832373228580144, 0.06331797184844955, 0.49812107475219675, 0.13028501848926466, 0.6354411669245376, 0.01901652674864522, -0.2587315429766726, -0.7233854795533291, 0.5244478161563225, 0.0017117717757581183], [-0.23240661487442169, 0.2105081025888339, 0.5370098397997863, 0.6166884005672744, -0.057778863576910124, 0.3912776624834992, 0.7628527984689547, 0.39446786560110153, -0.5734930862304451, -0.5858705441412989, -0.14543715971412827, -0.44178901610533744, 0.067553270506253]], "inverted": false, "swapped": false, "error_lsq": 0.03939827113484726, "error_max": 0.20306752023544153, "target": "493.xyz", "model": "20.xyz", "model_rescale": 4.121658175737393, "target_rescale": 3.9848679271378},
{"mapping": [0, 3, 11, 4, 9, 2, 10, 6, 8, 5, 7, 1, 12], "R": [[-0.6181527729821685, 0.25522206262170477, -0.7434708118047259], [-0.47504256591448146, 0.6322712851048811, 0.6120192665277848], [0.6262760651851874, 0.7315016888449026, -0.26959890465878056]], "T": [0.012946379697185997, 0.03945603161141796, 0.06364989201405247], "aligned_model": [[-0.8236265963078714, -0.6305989389654735, 0.03305466646684886, -0.197935356721885, 0.629790117715735, -0.39869280091201853, 0.47096239874959683, 0.3205902530311798, 0.49645704281752606, -0.06217789029866351, -0.1478069810778575, -0.40393284840408866, -0.05478086386425554], [-0.059463805856903654, -0.21961821655294844, -0.6801666128728238, -0.004342276958231153, -0.33193093856278955, 0.5276381319942176, 0.1914360809454414, 0.6102816054787685, 0.18231717195472608, -0.08770241411022058, -0.6096280637611222, 0.5307819025350387, -0.01903370919772661], [-0.46315581417370233, 0.10067231378010985, 0.5699185059826397, 0.5953849795700954, 0.12875285994000513, 0.4740680398369025, 0.6766722672686614, 0.10988703607785562, -0.38301691433630686, -0.6012490504772047, -0.07658652918644548, -0.19555169697080227, 0.007786658061352945]], "inverted": false, "swapped": false, "error_lsq": 0.059251263214930454, "error_max": 0.386107865204302, "target": "493.xyz", "model": "21.xyz", "model_rescale": 4.08911054899281, "target_rescale": 3.9848679271378},
{"mapping": [15, 14, 12, 13, 6, 4, 7, 0, 8, 11, 9, 1, 16], "R": [[0.25792357446979675, -0.3017673405639158, 0.9178299961875865], [0.4401886372015708, 0.882351378677708, 0.16640314968224668], [-0.8600635984689432, 0.3610990400354589, 0.36041377592168]], "T": [-0.08224627148709837, -0.0369201456977842, 0.05027252113736788], "aligned_model": [[-0.674002673258673, -0.6127977003113622, -0.1786682083208968, -0.16665536642726453, 0.6447357849148364, -0.31873825979154485, 0.3777663475064983, 0.2752125420435192, 0.3459170339064612, -0.12811283920167374, -0.16144211807054243, -0.09734711650245766, -0.07456522425812749], [-0.04083378434315713, -0.35699249869106214, -0.5355575480287679, 0.018859595840750795, 0.12741722549880144, 0.4928078203416721, -0.08362200021485641, 0.5987910786301528, 0.10193939070707567, -0.10927432422830463, -0.7415745428152603, 0.566266823519114, -0.0076583811807322474], [-0.3755397171661897, 0.21727987477469224, 0.5860271824590524, 0.7033373656616422, 0.057651318409183944, 0.43725056616223634, 0.5906460171202409, 0.3113737162170399, -0.47713266571991175, -0.7103549573786961, -0.0185592307614227, -0.46541713932984985, 0.08702032492514417]], "inverted": true, "swapped": false, "error_lsq": 0.042417669734175115, "error_max": 0.2203537522094245, "target": "493.xyz", "model": "22.xyz", "model_rescale": 4.204369325754507, "target_rescale": 3.9848679271378},
{"mapping": [6, 8, 9, 7, 14, 4, 13, 12, 10, 2, 5, 1, 15], "R": [[-0.43804254312817564, -0.008612207442803388, -0.8989129881655746], [0.6213048550668043, 0.719785594478566, -0.30965945012473745], [0.6496914709923609, -0.6941430168661928, -0.3099459060153606]], "T": [-0.009215882351232045, 0.11418202198537955, 0.11812469505638501], "aligned_model": [[-0.5785366948925587, -0.7039148561821635, -0.056397219933706895, -0.29873475635271163, 0.7609180687840972, -0.3564661792717833, 0.4450415410447508, 0.19537543743493155, 0.49313565978265184, -0.09768087563091538, -0.33350361782561955, -0.23550029839159056, -0.002434006336609392], [-0.029317086521927854, -0.18295686719500978, -0.5601559185972003, -0.11123929902806337, 0.18852429607709822, 0.5393165217927419, -0.02784952571682711, 0.6144540361844915, -0.12696125070600162, -0.2557845112652898, -0.5992071077523953, 0.48580753105894814, 0.09593803670486112], [-0.34400653506890266, 0.15519182106922924, 0.4815144448173114, 0.7189487945820386, 0.0848698357461487, 0.6011805065090692, 0.5922629429534784, 0.20761975573971003, -0.43630914869589255, -0.6632996405331546, -0.15968109493320737, -0.37807009335087294, 0.08336106653820595]], "inverted": true, "swapped": false, "error_lsq": 0.04672113045082867, "error_max": 0.27016749394211764, "target": "493.xyz", "model": "23.xyz", "model_rescale": 4.410303926677745, "target_rescale": 3.9848679271378},
{"mapping": [6, 14, 11, 9, 3, 15, 10, 4, 0, 12, 7, 5, 16], "R": [[-0.09524231217932447, 0.6778253073808087, 0.7290279518954321], [0.7129569946080219, 0.557547001883758, -0.42524541682413225], [-0.6947094542398524, 0.47926422082661785, -0.5363623596275392]], "T": [-0.06489685196885028, -0.058720928752232705, 0.11371489766902516], "aligned_model": [[-0.7022233800742624, -0.6844873495394289, -0.12969386295898827, -0.2669643434518955, 0.8170695525610815, -0.5759993204422963, 0.30504458529186884, 0.3270426581840701, 0.3681174944684552, -0.1835173454730039, 0.04097072299395668, -0.13831879642330688, 0.05426158709252232], [0.11361196300884382, -0.2156440081758649, -0.5397686457812213, 0.05784348885553694, 0.10061481082867615, 0.3968330984757174, -0.00476270076268942, 0.5051657100167246, -0.1149943589071403, -0.022754397841357556, -0.6439607403648221, 0.45851066830283266, -0.06012603261980993], [-0.263133030214576, 0.3364989915336518, 0.5200594902486544, 0.6950938180487506, 0.03626576593205445, 0.31510751379855334, 0.6466462149185531, 0.16166958451073743, -0.5024974747515889, -0.6805214789587177, -0.18329910226608442, -0.23654604292858955, 0.09823840550176287]], "inverted": true, "swapped": false, "error_lsq": 0.037782884187838366, "error_max": 0.23634851871985513, "target": "493.xyz", "model": "24.xyz", "model_rescale": 4.28219845311461, "target_rescale": 3.9848679271378},
{"mapping": [6, 8, 5, 1, 7, 0, 3, 4, 13, 14, 11, 2, 15], "R": [[-0.8694825254290708, 0.47193100480412314, -0.14588099491728185], [-0.3828086500034575, -0.45712531910476323, 0.8028038241786712], [0.3121821190523501, 0.7538684031964327, 0.578121747736621]], "T": [0.03467714898189923, -0.08634473937163373, 0.01105159517824511], "aligned_model": [[-0.8198526518962057, -0.5585103582842382, -0.1685427338896066, -0.1909349197079075, 0.7828060600939615, -0.40216829096303724, 0.3489189756347728, 0.2533352995756989, 0.42788083051162645, -0.28758440094436233, -0.023352584136647883, -0.13057758090663735, -0.00011544285864445447], [0.15490462349639772, -0.32996017698073093, -0.7171193571048469, -0.024853733420936608, 0.10330119780866914, 0.5791307194012718, 0.00922899213194861, 0.5535743566646554, 0.08981227478224646, -0.19413237084573742, -0.5912646243963726, 0.4206847136628999, -0.02273776016403875], [-0.14313886914434765, 0.27699549285355934, 0.5459401272513789, 0.6070343545726327, 0.11046767345288541, 0.18955270835716104, 0.7125949517059589, 0.28915362093985236, -0.397942326699407, -0.6706183725003636, -0.18430840848010122, -0.4183573385817407, 0.026209041645692762]], "inverted": true, "swapped": false, "error_lsq": 0.04406134208648716, "error_max": 0.27563996431818083, "target": "493.xyz", "model": "25.xyz", "model_rescale": 4.100010024507729, "target_rescale": 3.9848679271378},
{"mapping": [2, 10, 8, 0, 6, 7, 4, 11, 1, 5, 3, 12], "R": [[-0.29734662502453163, 0.48884792285626694, -0.820129680541824], [0.3025392092282396, 0.8629587070056117, 0.4046879005885335], [0.9055688883050655, -0.12778880358746852, -0.4044935230774546]], "T": [0.08037001116538829, -0.0003587072291099877, 0.0683074303160294], "aligned_model": [[-0.63766810798078, -0.06444655165849604, 0.3925202699834502, 0.5892693957050018, -0.5766843604485622, 0.05778875552830194, -0.14945753480327523, 0.5937886033788143, 0.004128644010692614, 0.14737597475707598, -0.411967352442626, -0.06788213366659022], [-0.2665793349140548, -0.6381795945884902, -0.09223464262674275, -0.3058795252333537, 0.34536135835350845, 0.7587821685498959, 0.24468206911839216, 0.17697731897168245, -0.28799839180341463, 0.5280943720289005, 0.20016955752157384, 0.002936034672742012], [-0.12082465076686033, 0.16094851628941687, 0.6270532826982005, -0.5025366771017867, 0.12548281567625405, 0.15457141155826484, 0.7509913487336971, -0.001498435387513375, -0.47869988299447663, -0.6416824022774057, -0.5306460694110151, 0.022033032837580797]], "inverted": false, "swapped": true, "error_lsq": 0.05922476979079047, "error_max": 0.3373336346211723, "target": "493.xyz", "model": "26.xyz", "model_rescale": 3.6694154284099745, "target_rescale": 3.9848679271378},
{"mapping": [1, 6, 2, 12, 10, 3, 11, 9, 8, 5, 0, 7, 13], "R": [[0.38703376547022056, -0.58448258145661, -0.7131514399899644], [-0.8401995140076765, -0.5421522786390613, -0.011648322958185797], [-0.3798284363330463, 0.6036977875893625, -0.700913218745732]], "T": [0.03289725579834002, -0.014177336844361062, -0.00021479311211332341], "aligned_model": [[-0.7766320191098386, -0.5576002313050377, 0.014855271257697283, -0.18926564959183628, 0.6109924688190705, -0.4404591687944539, 0.35051285446174685, 0.30289449952472924, 0.4956241435823597, -0.24928914597463303, -0.15152840923921684, -0.21020480921834114, 0.03140239781652661], [-0.21817538293067407, -0.15686095140576303, -0.5656580770045455, 0.1333174807049815, -0.09253081560596012, 0.6023142467539141, -0.09621295183219908, 0.5524403953186702, 0.1835192114610909, -0.126637124464103, -0.5974871765227614, 0.47433970065941977, -0.061799700096644025], [-0.28778009692214224, 0.31938579459804906, 0.396865962187729, 0.7471952252995556, 0.14660951325814875, 0.22047286622288503, 0.7926067243837509, 0.266073339272582, -0.3941146465518864, -0.7307639910064749, -0.25055485810961886, -0.3138722731306817, 0.031459095871264886]], "inverted": true, "swapped": false, "error_lsq": 0.04933830656881707, "error_max": 0.27760387912241524, "target": "493.xyz", "model": "27.xyz", "model_rescale": 4.103607728864725, "target_rescale": 3.9848679271378},
{"mapping": [8, 7, 5, 6, 3, 11, 9, 10, 2, 4, 1, 13, 14], "R": [[-0.4964552751428708, -0.5927733256748472, -0.6341545112598336], [0.20315204873480652, -0.7895921439010063, 0.5790280575107425], [-0.8439558074198362, 0.15863174543008257, 0.5124203005972131]], "T": [0.030656285078112827, 0.1382060869708153, 0.1187465210565623], "aligned_model": [[-0.6732630357752373, -0.5465069062873597, -0.13024714951389982, -0.23230824598659358, 0.7527428968516495, -0.5273432350786713, 0.3714287147064026, 0.28436210839397136, 0.34422629302793073, -0.22427180441772396, -0.024854370848424207, -0.22975009147603784, 0.06708702863276553], [-0.042190863441309706, -0.28306693716652787, -0.4259471474621579, 0.1445175914381844, 0.03405584303928083, 0.5042693891320288, -0.08816131048463227, 0.4654594054770047, -0.08535731184130738, -0.02745842079407132, -0.6954268447631349, 0.5256685255886413, 0.004206936313426918], [-0.26103566233015696, 0.21617821626086514, 0.5557609638352625, 0.695007818702992, -0.05809946943579919, 0.28213387605967866, 0.8277993248924058, 0.41592306294380693, -0.5081617362331341, -0.7351716408228639, -0.20503663829879082, -0.3306240505922346, 0.04890859039113006]], "inverted": false, "swapped": false, "error_lsq": 0.040439838167154414, "error_max": 0.21127877921586352, "target": "493.xyz", "model": "28.xyz", "model_rescale": 4.137296879288765, "target_rescale": 3.9848679271378},
