[{"mapping": [6, 2, 3, 4, 5, 11, 7, 9, 0, 8, 12, 14], "R": [[-0.5963786631775637, -0.07327802119163529, -0.799351500728422], [-0.5618468436922325, -0.6731092148467629, 0.4808867944968449], [-0.5732892937598071, 0.7359037413266853, 0.36025694880427905]], "T": [0.0758150252676185, -0.11902743913037944, -0.015189056788886345], "aligned_model": [[-0.3602032060351651, 0.09640453412070209, 0.5536436818477526, -0.20539054160447023, -0.07407077079738301, -0.5979741565079985, 0.4083440271953463, -0.24268270855721985, 0.566492805842596, 0.14997487783484137, -0.44724124882561944, -0.009654832052833753], [-0.27770499580265984, -0.6276869694567646, -0.35164102459502455, 0.6700115769362094, 0.3510497790468072, -0.5228457130613647, -0.3062465338141496, -0.5361529773682767, 0.11177435587384188, 0.5577484679691449, 0.016900718200687476, -0.03165164795139362], [-0.453930327217984, -0.4381886126933607, -0.42433480309572397, -0.15753662785906936, -0.6976214513407544, 0.10663602887600895, 0.5655548881867137, 0.6690371124179273, 0.25792962311772033, 0.2922270562383912, 0.42266392670120817, 0.03951493202248529]], "inverted": false, "swapped": true, "error_lsq": 0.057028726097464115, "error_max": 0.4263969324394617, "target": "494.xyz", "model": "0.xyz", "model_rescale": 3.751011558992144, "target_rescale": 4.168904245098265},
{"mapping": [9, 2, 8, 5, 6, 4, 1, 13, 11, 3, 1, 0, 7, 12, 14], "R": [[-0.43369545926281783, -0.49870816254878986, -0.7504654670416379], [0.017046925032104088, 0.8281797708365056, -0.5602032394802293], [0.9008982467303196, -0.25575072978273816, -0.3506763654052458]], "T": [-0.015202691971054609, -0.010064529735642314, 0.06115035992821269], "aligned_model": [[-0.5878591136421032, 0.3517994424000773, 0.48205086385339513, -0.10202114328813627, -0.11477495078347316, 0.33477969596859136, 0.5018254271842238, -0.33379000764057737, -0.6799331186286123, -0.007004845845569423, 0.5018254271842238, 0.5148136207941808, -0.006610789743318489, -0.5300707983789629, -0.06716710650561064], [-0.0046505391686900155, 0.6020417230212198, -0.13340977458216718, 0.09984345105644409, -0.46258282119437943, -0.7034108273449309, -0.21489702536482033, 0.5552939517147372, -0.28079785497693693, 0.7236715440071144, -0.21489702536482033, 0.41252882847464944, 0.10550241820111787, 0.3748504941714504, 0.004052327529363147], [-0.26477130667182347, -0.3564301361334382, -0.36068266857188536, -0.5475111545974967, 0.6519449997485136, -0.08837291462582805, 0.48116360040155093, -0.2650000778258821, 0.40981626793490145, 0.2732118107396272, 0.48116360040155093, 0.4017411412168105, 0.7140266755944616, 0.4336102389108333, 0.07135949340798337]], "inverted": false, "swapped": false, "error_lsq": 0.05008275894172891, "error_max": 0.3813303477354617, "target": "494.xyz", "model": "1.xyz", "model_rescale": 3.9405287249114394, "target_rescale": 4.168904245098265},
{"mapping": [5, 4, 10, 7, 13, 6, 3, 0, 9, 11, 1, 2, 14], "R": [[0.9727239644923047, -0.1999093555650006, 0.1176619669220268], [0.187916749985148, 0.9764966253428946, 0.10555394719743098], [-0.13599773519214697, -0.08056419956484916, 0.9874279851062973]], "T": [0.0230884509930194, 0.04152268281007072, 0.07167923391262956], "aligned_model": [[-0.36073611365823544, 0.023748859000445266, -0.46772611232674455, 0.5605348197381373, 0.5979191869619499, -0.6114757202305693, -0.015450855267547609, 0.609628197611443, 0.11801259486740605, -0.4841006788580453, -0.08409199766789989, -0.42428482600487405, 0.03400592511846552], [0.7789325926343362, 0.6204118418549799, 0.1880630994426481, -0.37952682473170296, -0.2933822797574107, 0.09637466085764168, 0.26943040688267583, 0.16015290336261576, -0.7848705824899535, -0.5056684759093907, -0.6957301445399272, -0.04069491986191943, 0.04534031582742433], [-0.06269950141510378, -0.550260374173482, -0.5168023710715349, 0.20113489846463203, -0.38799420157284414, 0.025810502720017878, 0.7012841402577692, 0.17427534811552559, -0.1556169378671049, -0.20262613190416887, 0.3958506234938498, 0.5524957132486539, -0.061731358707566464]], "inverted": true, "swapped": true, "error_lsq": 0.04649429359287295, "error_max": 0.2745414496029303, "target": "494.xyz", "model": "2.xyz", "model_rescale": 3.932901565614263, "target_rescale": 4.168904245098265},
{"mapping": [11, 2, 1, 6, 9, 13, 7, 12, 4, 8, 3, 5, 0, 14], "R": [[-0.020275264293638073, -0.23914230636352377, -0.9707728215009719], [0.6180909650813456, -0.7661889260041677, 0.17583540187741326], [-0.7858450690451867, -0.5964608008710339, 0.1633463819056024]], "T": [0.147400914627563, -0.04521958299101397, 0.04158845721426255], "aligned_model": [[-0.33912268265774725, 0.5312333179178963, 0.1912505337002451, 0.06842114046912037, -0.3381043983525328, -0.347389599278246, 0.17186384738129434, -0.5390981721283375, -0.2383094556445543, -0.15018618274267492, 0.8111774282428913, 0.23905951795947378, 0.33432101752738697, 0.02469359965848801], [0.05371188080078234, 0.17835228668882408, -0.4634734194981534, 0.4872140925845518, -0.5913743213377197, -0.6266738265288945, -0.7396760328667182, -0.14816437078384195, 0.40349557860775115, -0.17037428961297518, 0.02921167825686028, 0.7249890420475846, -0.4425861850627564, -0.031155474944806034], [-0.5792253361990994, -0.44910021723653526, -0.6535787233890663, -0.30201151918941194, -0.4162319929392718, 0.3080179718678441, 0.03691295614978111, -0.002011307974334506, 0.6513459374641605, 0.7152413334057797, -0.019159170184699884, 0.36950565773359045, 0.46085999802160216, 0.09333077552675884]], "inverted": false, "swapped": true, "error_lsq": 0.0505232723348502, "error_max": 0.2953614341213444, "target": "494.xyz", "model": "3.xyz", "model_rescale": 3.9243930471874484, "target_rescale": 4.168904245098265},
{"mapping": [13, 0, 9, 12, 11, 8, 4, 1, 2, 3, 6, 5, 14], "R": [[-0.6333777850377931, -0.6902048754162438, -0.34992829461514946], [-0.4506654400735617, -0.038604202616314975, 0.8918578231218593], [-0.6290733204833299, 0.7225835214644784, -0.2866004395741074]], "T": [-0.0689927850818494, 0.027094978536439607, -0.10824547083793523], "aligned_model": [[0.004125710130633051, -0.4929445734117019, 0.6138909697387983, 0.33130184091838066, 0.7044247491580502, -0.4795991035450216, -0.4230376623069509, 0.5324809097934475, 0.13357911602682526, -0.36643368552084304, 0.22435767137664492, -0.4542965624972575, -0.050643493549652474], [-0.5850902929075704, -0.07034437668590218, -0.1952868633805154, -0.5413496608046988, -0.05147970227958948, -0.5888471169659515, -0.5772319498872703, 0.38918607968251057, 0.6295279609887773, 0.6282155408112106, 0.18888661605177015, 0.00429119796104363, -0.10264787890222671], [-0.6314798880381154, -0.5317999767363591, -0.5855462832371183, -0.1286039917703534, 0.05774774770019503, -0.20848401102193465, 0.37275677364476073, -0.5171903310301442, 0.07648729966272966, -0.11178485911510838, 0.43540270870774467, 0.6402017903274221, -0.08063666372275488]], "inverted": true, "swapped": true, "error_lsq": 0.05016839206334322, "error_max": 0.28360332818658984, "target": "494.xyz", "model": "4.xyz", "model_rescale": 3.8936222436046832, "target_rescale": 4.168904245098265},
{"mapping": [13, 8, 12, 9, 10, 5, 3, 2, 1, 7, 11, 14], "R": [[0.07659340998759728, 0.9272139928640284, -0.36661650397058965], [0.9633712642640266, 0.025955730935501742, 0.2669121713634186], [0.25700049948745807, -0.3736315183021226, -0.8912632786076444]], "T": [-0.1641078521581115, -0.10018744255826441, 0.1257223751126811], "aligned_model": [[0.013970342763846205, -0.5659671920196051, -0.15090125581559802, 0.4770289356035239, -0.6319326003045734, -0.9330416740243562, -0.08934429586202783, 0.05442852049861746, 0.6139379337377594, 0.3475307370881331, 0.11728012833737614, -0.22544153778799852], [-0.5154112383884191, -0.5843824557888863, 0.06306132674857919, 0.03185462920329184, 0.4150150268898122, 0.1141229036136641, -0.19864994356432117, 0.28733441090269607, 0.1336975771040193, -0.5360443960549416, 0.5525215697581833, -0.09419650531387011], [-0.5449256190896883, -0.2768869129578483, -0.5502620848475633, -0.4356228683808856, -0.2269673598877314, 0.3939837572735806, 0.7849227190586374, 0.6157792461779419, 0.13340498280739527, -0.05075630984896479, -0.2302188574093085, 0.006834026379952923]], "inverted": false, "swapped": true, "error_lsq": 0.04350313943509252, "error_max": 0.23337605246539203, "target": "494.xyz", "model": "5.xyz", "model_rescale": 3.6523030999806103, "target_rescale": 4.168904245098265},
{"mapping": [9, 12, 10, 11, 6, 7, 4, 1, 0, 3, 5, 2, 14], "R": [[-0.9747867511799251, -0.2224714199206863, -0.01724114388782188], [-0.19979816451346494, 0.9046184640210657, -0.37649186977837684], [0.09935533795995724, -0.36355453768401996, -0.9262594749573261]], "T": [-0.05199820327789262, -0.04469944481512575, -0.06819602786393832], "aligned_model": [[0.1640967268689537, 0.003855178086432376, 0.2550706877398184, 0.5908817940364292, 0.49457444400339357, -0.3521502240512993, -0.3684582594352681, 0.3849006684666825, -0.6172830082551206, -0.024733116755873162, -0.018899848213223713, 0.45045620531490516, -0.0812283431415355], [-0.65576241856664, -0.049764073872562375, 0.5249851299663146, -0.1585010156286617, 0.284856456387358, -0.6635915381170435, 0.6812883033237944, -0.7293473973127488, -0.23795239318107, -0.10766164446510865, 0.7668142444050672, -0.12402926485943626, 0.009492516083920433], [0.5005789671947666, 0.625081920939843, 0.3675238478631171, 0.38529809874546334, -0.08906745867680853, 0.030654351179819947, 0.23956490713888945, -0.045991820089940336, -0.17652124861520518, -0.7353706102522777, -0.2906872572310368, -0.49167379221462026, 0.050719833499779696]], "inverted": true, "swapped": true, "error_lsq": 0.05063444378297306, "error_max": 0.2694111125027657, "target": "494.xyz", "model": "6.xyz", "model_rescale": 4.08911054899281, "target_rescale": 4.168904245098265},
{"mapping": [4, 7, 2, 6, 9, 0, 1, 5, 8, 12, 1, 13, 11, 10, 14], "R": [[0.9231841160203235, -0.38212222879641894, 0.04139674126584557], [0.34693247806607, 0.8748028617510392, 0.33816831420925325], [-0.1654356176604966, -0.2978297421881327, 0.9401747183781538]], "T": [-0.05719470201062669, 0.08988885684354431, 0.11536339004090378], "aligned_model": [[-0.6443501014328089, 0.24055976444730168, 0.6526206336907601, 0.036032344721506786, -0.11699749903594478, 0.28154579229309157, 0.505131540439507, -0.45675795891092297, -0.6413559487892211, -0.01352508839160603, 0.505131540439507, 0.5283131962376418, -0.014863778939960333, -0.5621584509522155, -0.0414633828883076], [0.021119569442370895, 0.5055903186305919, -0.03636489082494607, -0.11583060013712945, -0.5422646066785017, -0.7184707355984484, -0.28435310539337144, 0.6365979969613611, -0.18637291602920525, 0.7534444506298802, -0.28435310539337144, 0.49023497157595597, 0.20395843295661567, 0.43661911813950033, -0.01641602810195124], [-0.268523066794926, -0.4658625014246409, -0.2456930095617667, -0.3297559077104482, 0.5751056351444187, -0.22590751397784897, 0.40115738859295774, -0.23386368426776616, 0.3335010619278738, 0.3718567755548889, 0.40115738859295774, 0.2964656038848581, 0.6895822400576255, 0.49492186598167015, 0.24112729393002547]], "inverted": false, "swapped": false, "error_lsq": 0.0536857320597676, "error_max": 0.3441004151329369, "target": "494.xyz", "model": "7.xyz", "model_rescale": 3.964800864290218, "target_rescale": 4.168904245098265},
{"mapping": [2, 3, 6, 1, 10, 7, 11, 5, 0, 8, 13, 12, 4, 14], "R": [[-0.05945775870576174, -0.9978670996270966, 0.026944877277383095], [0.500927141125024, -0.00647796798969083, 0.8654652131744145], [-0.8634447140460109, 0.06495604215567907, 0.5002438788965557]], "T": [0.02023265627002179, -0.12879952027186117, 0.01717007245195782], "aligned_model": [[-0.05111325911859154, 0.17733066257811772, 0.17131274319077128, -0.7260828182260738, 0.30304784963885956, -0.48628065064646, -0.41249740765552984, 0.8159663430888496, 0.040067277506337394, 0.30035466149475815, -0.3392369297480555, -0.23004931996301536, 0.6606118633776469, 0.037756873943258114], [-0.2283378423220704, -0.6423656552906029, 0.2721121240429225, -0.18855168599142802, 0.597843005677306, -0.4725470348875431, 0.484548572272658, 0.07144622277569582, -0.5770824669847814, -0.10197829467799793, -0.04641839857662569, 0.4166656404319272, 0.2565516788830122, -0.03093739917127014], [-0.633282810363425, -0.3845756036776124, -0.45635820356381085, -0.2983602130250946, -0.00909462934187024, 0.34606515036458835, -0.24446176904043834, -0.17220220138474965, 0.42616512587910715, 0.7091543661743599, 0.7368132783353684, 0.36874688597380023, 0.4213246160598139, 0.10688104633498482]], "inverted": false, "swapped": true, "error_lsq": 0.05523903788943663, "error_max": 0.35974601300513803, "target": "494.xyz", "model": "8.xyz", "model_rescale": 4.121658175737393, "target_rescale": 4.168904245098265},
{"mapping": [8, 0, 3, 5, 13, 12, 1, 11, 2, 9, 10, 6, 14], "R": [[-0.7223233826930215, 0.03461390632650091, 0.6906886478752428], [-0.2853519796976209, 0.8948420239591448, -0.34326665995891575], [-0.629939027603116, -0.4450389080131327, -0.6364881710267041]], "T": [4.223379256090842e-05, -0.013058298007431975, -0.19932948590605482], "aligned_model": [[-0.6860746015151162, -0.2921454727543338, 0.5071259323686232, 0.11530797708766886, -0.708759285775314, -0.4633063537080609, 0.3408116727502517, 0.12132226905390009, 0.6573129846609489, -0.21231634866937668, -0.15336205271604075, 0.36146872756735055, -0.11064795191530398], [0.1549764095996184, -0.24966715764735642, -0.04960258411355601, 0.8057597289543627, -0.3901035718674244, -0.03811854837908591, -0.658447261869136, -0.08793038500289801, -0.034215059129173754, -0.6234679236560026, 0.5647358227713858, 0.36229747307767296, 0.03417049667330327], [-0.44230685945916337, -0.6760585052911181, -0.6367768366858799, -0.35871318391202295, -0.10274458244779741, 0.31880141964522113, 0.1576939651888527, 0.5827112642928503, -0.12426537015294953, 0.37155044288770855, 0.301973523812197, 0.16980910880926242, -0.14059895272807138]], "inverted": true, "swapped": true, "error_lsq": 0.04657288039712144, "error_max": 0.2924531252247469, "target": "494.xyz", "model": "9.xyz", "model_rescale": 3.833441315466971, "target_rescale": 4.168904245098265},
{"mapping": [11, 3, 4, 6, 0, 1, 5, 7, 10, 9, 13, 2, 8, 8, 14], "R": [[0.9559385409685092, 0.2816038822771262, 0.08295034284105683], [0.2913291383985517, -0.8751723663792771, -0.38626501556063103], [-0.036177880133528205, 0.3934114673119575, -0.9186504114060458]], "T": [-0.028089404541038615, -0.050950492856327426, 0.030585552537113925], "aligned_model": [[-0.6777389845657585, 0.39992548752205226, 0.5716601958568855, 0.08895895028671072, 0.04984298073433607, 0.15625653413139518, 0.6035612875362807, -0.2944406916531981, -0.600351148945689, 0.006041571488824442, 0.3684907649473055, 0.43053246557201674, -0.4203382642563448, -0.4203382642563448, -0.004200281470143102], [0.14187764459824692, 0.6596569567701454, 0.037163297418324345, -0.29054959618527243, -0.6032286976738315, -0.7512519062148546, -0.23602852727642865, 0.4837016784237311, -0.2512474928127204, 0.7108169335472835, -0.17320046530767103, 0.3426349914843318, 0.3760040557804252, 0.3760040557804252, 0.04078594184721619], [-0.04757974425804702, -0.2266344981106005, -0.48753504816913473, -0.5940115338802008, 0.4214030156992814, -0.11502845179232574, 0.18614494904033482, -0.2645720737933455, 0.5856997310799482, 0.30709159420416876, 0.7113686713193713, 0.4196956933686879, 0.5515558087199111, 0.5515558087199111, 0.036115647781918975]], "inverted": true, "swapped": false, "error_lsq": 0.05106246417934517, "error_max": 0.42826787021540236, "target": "494.xyz", "model": "10.xyz", "model_rescale": 4.2482417240324, "target_rescale": 4.168904245098265},
{"mapping": [3, 1, 11, 9, 5, 10, 6, 12, 7, 8, 0, 14], "R": [[0.034528728921172924, 0.630099063496242, 0.7757466964546139], [-0.13716645272220485, -0.7658761963872283, 0.6281870868260814], [0.9899460243501638, -0.12809692419644747, 0.05998372183112921]], "T": [-0.1618046535330583, 0.05061734544003801, -0.07326113138869875], "aligned_model": [[-0.769573038858491, 0.12651867932327007, 0.41757820573624904, 0.5813025071939218, -0.5856328470514137, 0.15267731354417893, -0.16850849153535458, 0.5046088390209009, 0.04307996067577424, -0.03806630429107097, -0.31753311643710047, -0.06968610495785711], [-0.22569666477008485, -0.6879717528837863, -0.09677385551516754, -0.38355699172403707, 0.702295427504976, 0.6125266203992071, 0.18094597935316672, 0.24947671832661172, -0.3882139955666511, 0.5495811252142231, 0.007749267038593473, 0.14576951267358831], [-0.009247816575380374, 0.10414312279242297, 0.4506603776196819, -0.126967409919855, 0.2505253040593741, 0.36724163565874, 0.5518419586180676, -0.0845558970830135, -0.5715977697907458, -0.6152518565051922, -0.6585293946123214, -0.09306996440742157]], "inverted": false, "swapped": true, "error_lsq": 0.03935704946862113, "error_max": 0.2312970468253666, "target": "494.xyz", "model": "11.xyz", "model_rescale": 3.6694154284099745, "target_rescale": 4.168904245098265},
{"mapping": [13, 9, 11, 1, 7, 8, 0, 4, 2, 5, 10, 3, 12, 14], "R": [[0.03947479971405543, 0.22379679809786684, -0.9738360916235741], [0.9612535422676975, 0.257595996943799, 0.09816277215082381], [0.2728247929813922, -0.9399783484313207, -0.20495691453324422]], "T": [0.16059047670100446, 0.04301441809830403, 0.079340763103595], "aligned_model": [[-0.18142510562172082, 0.04996503216620335, -0.10353609064450853, 0.5577377418743652, 0.40495114958295686, -0.28271852657657315, 0.31796297900697734, -0.5232323586314032, 0.5902183810877755, -0.1090064994688344, -0.49645868144170224, 0.748015918284066, -0.4042412661595923, 0.030032176797800347], [-0.348377968843334, 0.31136032388545054, 0.7241827877067366, 0.48289774831703086, -0.24465479824311015, -0.5578912386464914, -0.5288921596624085, -0.24768603438418013, 0.5060673951949117, 0.052908221744276444, 0.3853838627914344, 0.010999131223181025, 0.1604150569005304, 0.02427496015222608], [-0.5401176432083223, -0.7326644447602448, -0.2339469959981303, -0.4764408265471815, -0.5041181811943567, 0.05885911236145161, -0.0502151247327762, 0.491410596395466, 0.2770498274791384, 0.8770699772699888, 0.3237854312860613, 0.40142137242387294, -0.30919721089738555, 0.056199569774834424]], "inverted": false, "swapped": true, "error_lsq": 0.0515953194822729, "error_max": 0.3181212587313107, "target": "494.xyz", "model": "12.xyz", "model_rescale": 3.9764082729961374, "target_rescale": 4.168904245098265},
{"mapping": [6, 10, 1, 9, 4, 0, 2, 13, 6, 11, 7, 8, 3, 14, 15], "R": [[-0.8227681217648182, -0.4406817932942238, -0.35895985132961705], [-0.2712735684778637, -0.25051360733325717, 0.9293296420464402], [-0.4994629804628964, 0.8619991238973889, 0.08656928755196475]], "T": [-0.006300852697171441, 0.012369803821723993, 0.007957394003997476], "aligned_model": [[-0.7559280385766574, 0.36119539693664954, 0.5017712474968157, 0.14494014244489567, -0.24520403022066467, 0.3140809236260918, 0.7660816226297917, -0.4390784909282724, -0.7559280385766574, -0.006471636177465087, 0.32531351644228085, 0.49958003544628155, 0.0961135195578343, -0.5117077867707448, -0.036895780401850625], [-0.06256062492722463, 0.6759711732158411, 0.1449723229054236, -0.37062607273314957, -0.5676759846572543, -0.6388659805782657, -0.1593538547471265, 0.40147768607058554, -0.06256062492722463, 0.760823792969987, -0.38679487535087426, 0.40363391102939244, 0.2890985181350593, 0.4489378455594804, -0.013338361785298843], [0.1348562463909796, -0.2579873897417914, -0.3492566751451948, -0.43015154957970003, 0.35772285372837703, 0.026809556191445212, 0.10893170163540253, -0.18119629484667077, 0.1348562463909796, 0.27321443106515686, 0.557259831650391, 0.3090383832257122, 0.7962314341345305, 0.4470248324444727, 0.1079159623857888]], "inverted": false, "swapped": false, "error_lsq": 0.05014921202723451, "error_max": 0.37080455956859915, "target": "494.xyz", "model": "13.xyz", "model_rescale": 4.170626492500431, "target_rescale": 4.168904245098265},
{"mapping": [8, 4, 13, 12, 0, 1, 9, 5, 3, 10, 6, 11, 2, 14], "R": [[-0.10537053979613922, -0.7347994581836873, -0.6700498530676879], [0.07584074198797719, 0.6659004876101674, -0.742175668191335], [0.9915368027450033, -0.1290205288064698, -0.014438557708981253]], "T": [0.11590942538763054, 0.12150459662171434, 0.028596481428070746], "aligned_model": [[0.09914428072220936, 0.21794631306459855, -0.40524677013879956, -0.5098055196683158, 0.29230776419361454, -0.29287975607007527, -0.6822658474981185, 0.6195306211447501, 0.6690132885600654, -0.12866698172120378, 0.11140163941908372, -0.5050390682106751, 0.31683115232924575, 0.040911905965263576], [-0.36011569634950946, -0.7132870155193322, 0.03585452005540038, -0.1763968557827392, 0.21974721892573534, 0.7962354882061629, 0.4387164108116379, -0.4741076813889211, 0.4839346661079672, -0.5052874936333369, -0.0402697927329804, 0.149287514067471, 0.48719752029703733, 0.014565664861072955], [-0.542184388989497, -0.09237214490501863, -0.5837364839645565, -0.030691773427744685, -0.543994104829163, 0.22288003425366454, -0.048168552417696346, 0.3460299729065035, 0.14062374680927642, 0.4235619044182302, 0.6463287002836265, 0.5241300212938523, 0.5423923700634763, -0.0009262003740869683]], "inverted": false, "swapped": true, "error_lsq": 0.057067528455732215, "error_max": 0.37123805683511363, "target": "494.xyz", "model": "14.xyz", "model_rescale": 3.9786697098870705, "target_rescale": 4.168904245098265},
{"mapping": [12, 8, 11, 9, 10, 2, 0, 3, 1, 7, 5, 14], "R": [[0.6410816462438194, 0.7442589004798883, -0.18733128917984418], [0.7097666270491017, -0.6678043298046508, -0.22420685141516714], [-0.291968590736497, 0.010773400142440853, -0.9563672285647993]], "T": [-0.04483973545714031, 0.06464987300321089, 0.05594566028373546], "aligned_model": [[0.02538221193241521, -0.6752677494285503, 0.5464773034660341, 0.5205009849525892, -0.1393185969791571, 0.38543913285137965, -0.3744945967575316, -0.006869551282435334, 0.721402116866398, 0.1032189010289439, -0.5258651267673635, -0.09725043311538531], [-0.26975222024807366, -0.2894556538859758, 0.09990381843206894, -0.5193203766648701, 0.38014474031804724, 0.5038375855190917, -0.31168947213294773, 0.38528984298183117, -0.16413689641032791, -0.558163182391504, 0.7352382930728112, 0.02277801163428854], [-0.5498791354360125, -0.1316703671194989, -0.4741521893124905, -0.23209702592518625, -0.6513169232747724, 0.3010197687167968, 0.39992870632611066, 0.6438043352037549, 0.19963458721566837, 0.32626509050447505, -0.1116194310343595, -0.05995092199065542]], "inverted": false, "swapped": true, "error_lsq": 0.05839028661306788, "error_max": 0.3132679496129765, "target": "494.xyz", "model": "15.xyz", "model_rescale": 3.769337070930944, "target_rescale": 4.168904245098265},
{"mapping": [12, 8, 11, 10, 9, 7, 1, 0, 2, 5, 14], "R": [[-0.12136351818567076, 0.6869601298335821, -0.7164891321385302], [0.9764619633243454, 0.21229044768314576, 0.03814184058555864], [0.17830572238254436, -0.6949953567050051, -0.6965547527108846]], "T": [0.010272441791407563, -0.008312072142958024, 0.16274635837932994], "aligned_model": [[-0.26244603842677233, -0.3481471898136601, -0.05353146603345416, -0.6795233708945629, 0.34589183793826395, 0.5304513564149602, 0.6377890868781009, 0.21818012574304546, 0.2642087464751417, -0.6424757017553395, -0.08777125583455288], [0.05817798955952683, -0.6303413019197199, 0.6394369888354635, 0.3153436668865505, 0.2058946702223034, -0.3176283012575627, 0.41688995121944267, -0.5784866770982352, 0.4860640465528172, 0.03546185482924392, -0.03474839020448825], [-0.4736365980369953, -0.043760260631761194, -0.29360068793910976, -0.004920955288308271, -0.6021556380780763, -0.17876121598830802, -0.12973025487616163, 0.18016132490365, 0.5221843591373507, 0.6929878321049763, 0.07544970191652076]], "inverted": false, "swapped": true, "error_lsq": 0.0430635827885349, "error_max": 0.20623748937103134, "target": "494.xyz", "model": "16.xyz", "model_rescale": 3.7852294659196426, "target_rescale": 4.168904245098265},
{"mapping": [7, 11, 6, 1, 13, 12, 4, 10, 3, 0, 8, 5, 14], "R": [[-0.14831031102229325, 0.4908378997194662, 0.8585349194083223], [0.6682890609413346, 0.6896629274952544, -0.27884543651425403], [-0.7289676142810599, 0.5323938416601558, -0.4303057223553054]], "T": [0.1349116913684277, 0.007690210650726809, -0.04640759107352734], "aligned_model": [[-0.06206217202414835, -0.3172187625486361, 0.2163573124848751, 0.01896656330305757, -0.5086675956936756, -0.5499425378363479, -0.06658732599754, -0.20374748313164162, 0.7854422970297538, 0.2012830492878399, -0.16255610919687388, 0.4775739523660635, 0.024924662173556433], [-0.11331187025242725, -0.5408680451456533, -0.23494681571677437, -0.747813579194281, 0.21939401723936222, 0.01125761118906865, 0.7158481216335776, 0.13339519337980366, -0.10094596500914528, 0.3368907355183942, 0.6761392635078817, 0.4478841013871303, 0.07213285516593727], [-0.7017318235877794, 0.30935118109393145, 0.5386379213732597, -0.321883943309933, -0.48785812714573873, 0.07500708418703797, 0.37765901904535293, 0.6451065805255602, -0.16821752231387618, -0.5522235887603041, -0.19713499426614783, 0.5844364700789682, -0.005393559777157227]], "inverted": true, "swapped": true, "error_lsq": 0.04905313832171824, "error_max": 0.355980077651477, "target": "494.xyz", "model": "17.xyz", "model_rescale": 3.901054581598922, "target_rescale": 4.168904245098265},
{"mapping": [9, 2, 8, 5, 6, 4, 1, 13, 11, 3, 1, 0, 7, 12, 14], "R": [[-0.43369545926281783, -0.49870816254878986, -0.7504654670416379], [0.017046925032104088, 0.8281797708365056, -0.5602032394802293], [0.9008982467303196, -0.25575072978273816, -0.3506763654052458]], "T": [-0.015202691971054609, -0.010064529735642314, 0.06115035992821269], "aligned_model": [[-0.5878591136421032, 0.3517994424000773, 0.48205086385339513, -0.10202114328813627, -0.11477495078347316, 0.33477969596859136, 0.5018254271842238, -0.33379000764057737, -0.6799331186286123, -0.007004845845569423, 0.5018254271842238, 0.5148136207941808, -0.006610789743318489, -0.5300707983789629, -0.06716710650561064], [-0.0046505391686900155, 0.6020417230212198, -0.13340977458216718, 0.09984345105644409, -0.46258282119437943, -0.7034108273449309, -0.21489702536482033, 0.5552939517147372, -0.28079785497693693, 0.7236715440071144, -0.21489702536482033, 0.41252882847464944, 0.10550241820111787, 0.3748504941714504, 0.004052327529363147], [-0.26477130667182347, -0.3564301361334382, -0.36068266857188536, -0.5475111545974967, 0.6519449997485136, -0.08837291462582805, 0.48116360040155093, -0.2650000778258821, 0.40981626793490145, 0.2732118107396272, 0.48116360040155093, 0.4017411412168105, 0.7140266755944616, 0.4336102389108333, 0.07135949340798337]], "inverted": false, "swapped": false, "error_lsq": 0.05008275894172891, "error_max": 0.3813303477354617, "target": "494.xyz", "model": "18.xyz", "model_rescale": 3.9405287249114394, "target_rescale": 4.168904245098265},
{"mapping": [12, 2, 10, 14, 7, 13, 11, 1, 4, 6, 9, 5, 8, 0, 15], "R": [[0.86756386767932, 0.4944452748229322, -0.05344909449723298], [0.3002892806882981, -0.6064778332961456, -0.7362139537010399], [-0.39643320168851104, 0.6226624349723431, -0.6746348706324843]], "T": [-0.07897093440581662, -0.005129167731789341, 0.06646538278882866], "aligned_model": [[-0.4873705613345465, 0.41369291994420243, 0.4411354889239347, 0.12010132920719443, -0.11325018144476937, 0.09085612383291236, 0.5902986578616612, -0.3761838663859811, -0.6977112186249687, -0.030080959486934032, 0.4336784944245151, 0.5280605303732054, -0.050510473447329236, -0.5530308539612842, -0.051822826953483704], [-0.17924078502309126, 0.6938357946983356, 0.18866027777812086, -0.3878068842430152, -0.3623094699812867, -0.6517939228266956, -0.24611962412685445, 0.5431312114242415, -0.21766422074357236, 0.6867341425746729, -0.30148847900787906, 0.38737516090577545, 0.32903769829303026, 0.3606001154887342, 0.020187854968835038], [-0.25452363829767854, -0.0886332662223209, -0.4901664490054203, -0.5767040826104012, 0.6721655675739604, 0.0007895867906742848, -0.04849119463255325, -0.14939210188770036, 0.3930451441669025, 0.3443473465727972, 0.5546984917607942, 0.47721566645017555, 0.7445469880172388, 0.4043759360747784, 0.05199557517863233]], "inverted": false, "swapped": false, "error_lsq": 0.042892743313526965, "error_max": 0.291066024119056, "target": "494.xyz", "model": "19.xyz", "model_rescale": 4.410303926677745, "target_rescale": 4.168904245098265},
{"mapping": [2, 3, 6, 1, 10, 7, 11, 5, 0, 8, 13, 12, 4, 14], "R": [[-0.05945775870576174, -0.9978670996270966, 0.026944877277383095], [0.500927141125024, -0.00647796798969083, 0.8654652131744145], [-0.8634447140460109, 0.06495604215567907, 0.5002438788965557]], "T": [0.02023265627002179, -0.12879952027186117, 0.01717007245195782], "aligned_model": [[-0.05111325911859154, 0.17733066257811772, 0.17131274319077128, -0.7260828182260738, 0.30304784963885956, -0.48628065064646, -0.41249740765552984, 0.8159663430888496, 0.040067277506337394, 0.30035466149475815, -0.3392369297480555, -0.23004931996301536, 0.6606118633776469, 0.037756873943258114], [-0.2283378423220704, -0.6423656552906029, 0.2721121240429225, -0.18855168599142802, 0.597843005677306, -0.4725470348875431, 0.484548572272658, 0.07144622277569582, -0.5770824669847814, -0.10197829467799793, -0.04641839857662569, 0.4166656404319272, 0.2565516788830122, -0.03093739917127014], [-0.633282810363425, -0.3845756036776124, -0.45635820356381085, -0.2983602130250946, -0.00909462934187024, 0.34606515036458835, -0.24446176904043834, -0.17220220138474965, 0.42616512587910715, 0.7091543661743599, 0.7368132783353684, 0.36874688597380023, 0.4213246160598139, 0.10688104633498482]], "inverted": false, "swapped": true, "error_lsq": 0.05523903788943663, "error_max": 0.35974601300513803, "target": "494.xyz", "model": "20.xyz", "model_rescale": 4.121658175737393, "target_rescale": 4.168904245098265},
{"mapping": [9, 12, 10, 11, 6, 7, 4, 1, 0, 3, 5, 2, 14], "R": [[-0.9747867511799251, -0.2224714199206863, -0.01724114388782188], [-0.19979816451346494, 0.9046184640210657, -0.37649186977837684], [0.09935533795995724, -0.36355453768401996, -0.9262594749573261]], "T": [-0.05199820327789262, -0.04469944481512575, -0.06819602786393832], "aligned_model": [[0.1640967268689537, 0.003855178086432376, 0.2550706877398184, 0.5908817940364292, 0.49457444400339357, -0.3521502240512993, -0.3684582594352681, 0.3849006684666825, -0.6172830082551206, -0.024733116755873162, -0.018899848213223713, 0.45045620531490516, -0.0812283431415355], [-0.65576241856664, -0.049764073872562375, 0.5249851299663146, -0.1585010156286617, 0.284856456387358, -0.6635915381170435, 0.6812883033237944, -0.7293473973127488, -0.23795239318107, -0.10766164446510865, 0.7668142444050672, -0.12402926485943626, 0.009492516083920433], [0.5005789671947666, 0.625081920939843, 0.3675238478631171, 0.38529809874546334, -0.08906745867680853, 0.030654351179819947, 0.23956490713888945, -0.045991820089940336, -0.17652124861520518, -0.7353706102522777, -0.2906872572310368, -0.49167379221462026, 0.050719833499779696]], "inverted": true, "swapped": true, "error_lsq": 0.05063444378297306, "error_max": 0.2694111125027657, "target": "494.xyz", "model": "21.xyz", "model_rescale": 4.08911054899281, "target_rescale": 4.168904245098265},
{"mapping": [0, 11, 15, 2, 13, 3, 14, 8, 7, 5, 12, 9, 10, 6, 16], "R": [[-0.282745887289189, -0.4106855404722022, -0.866828789362758], [0.6889137099770826, -0.7157588838272853, 0.11439895291448665], [-0.6674224025507844, -0.56482440374808, 0.4853047800135135]], "T": [-0.007607644211329142, 0.06547631075757013, 0.04835582174290594], "aligned_model": [[-0.7317497004433489, 0.23766892812105161, 0.5281114621517172, 0.08289466841886256, -0.12202296743052943, 0.3079085949892379, 0.5530983750603287, -0.2993177716043581, -0.4382098212660343, 0.14755527376109479, 0.2623188933393114, 0.511023428181494, -0.08739926659326697, -0.6542302806083727, -0.039787213148858414], [-0.1642919862746777, 0.6808894197843827, 0.11638699833066765, -0.2772886240009306, -0.5226790175606609, -0.7428827718783629, -0.2353442019548039, 0.6631083918174083, -0.12824335881322482, 0.6802026567796318, -0.26221855854220755, 0.29964194502216823, 0.3541485989634523, 0.37120837219239955, 0.030501006314108577], [-0.10298554819353094, -0.33504884510568395, -0.443497976516889, -0.5805919982563691, 0.32712527776662076, 0.012523997686619534, 0.1316526706092303, -0.14786628538191032, 0.580192867036447, 0.3578150958660369, 0.652280687098365, 0.4770000542255644, 0.7976468307871725, 0.2580489338403595, 0.05097380846784656]], "inverted": true, "swapped": false, "error_lsq": 0.0447762355886384, "error_max": 0.2811923950750281, "target": "494.xyz", "model": "22.xyz", "model_rescale": 4.204369325754507, "target_rescale": 4.168904245098265},
{"mapping": [12, 2, 10, 14, 7, 13, 11, 1, 4, 6, 9, 5, 8, 0, 15], "R": [[0.86756386767932, 0.4944452748229322, -0.05344909449723298], [0.3002892806882981, -0.6064778332961456, -0.7362139537010399], [-0.39643320168851104, 0.6226624349723431, -0.6746348706324843]], "T": [-0.07897093440581662, -0.005129167731789341, 0.06646538278882866], "aligned_model": [[-0.4873705613345465, 0.41369291994420243, 0.4411354889239347, 0.12010132920719443, -0.11325018144476937, 0.09085612383291236, 0.5902986578616612, -0.3761838663859811, -0.6977112186249687, -0.030080959486934032, 0.4336784944245151, 0.5280605303732054, -0.050510473447329236, -0.5530308539612842, -0.051822826953483704], [-0.17924078502309126, 0.6938357946983356, 0.18866027777812086, -0.3878068842430152, -0.3623094699812867, -0.6517939228266956, -0.24611962412685445, 0.5431312114242415, -0.21766422074357236, 0.6867341425746729, -0.30148847900787906, 0.38737516090577545, 0.32903769829303026, 0.3606001154887342, 0.020187854968835038], [-0.25452363829767854, -0.0886332662223209, -0.4901664490054203, -0.5767040826104012, 0.6721655675739604, 0.0007895867906742848, -0.04849119463255325, -0.14939210188770036, 0.3930451441669025, 0.3443473465727972, 0.5546984917607942, 0.47721566645017555, 0.7445469880172388, 0.4043759360747784, 0.05199557517863233]], "inverted": false, "swapped": false, "error_lsq": 0.042892743313526965, "error_max": 0.291066024119056, "target": "494.xyz", "model": "23.xyz", "model_rescale": 4.410303926677745, "target_rescale": 4.168904245098265},
{"mapping": [2, 7, 13, 12, 8, 15, 14, 0, 4, 1, 9, 11, 10, 3, 16], "R": [[-0.5705740070641019, -0.6870425827608205, -0.4499086484344968], [-0.5252920280214269, -0.11579740409940253, 0.8430060773808078], [-0.6312793262573637, 0.7173307819110938, -0.29482700277089324]], "T": [0.11488217319525529, 0.004178792317718498, 0.09768741010179394], "aligned_model": [[-0.772803693591306, 0.2952880121019631, 0.5774908135274452, -0.06390330960522189, -0.19689948923939643, 0.28221524233999745, 0.7356102088485427, -0.36163833913940013, -0.49761125398863704, -0.02958314925635694, 0.3738231017535613, 0.5760377413021112, -0.02656111368064784, -0.6564524869142329, 0.022850318469907316], [0.06736931149115849, 0.5753842739395056, 0.04457795821117392, 0.01932872705020277, -0.45785628698275627, -0.6874609600368665, -0.2656147957166171, 0.3908074695005214, -0.22267632588696434, 0.8132721723584967, -0.2902023519268564, 0.2918664418701688, 0.10190735547300075, 0.4050869918094785, 0.07734888902570447], [-0.10458644231705513, -0.1905987805766482, -0.4300888465773529, -0.6858826667905665, 0.7018582863609388, 0.15198554789894742, 0.0900640496743913, -0.34257646349035215, 0.31511079888970667, 0.3443309232001076, 0.5862662891571633, 0.42217599990086896, 0.7255622947858048, 0.32913166327762267, 0.12251691653630228]], "inverted": true, "swapped": false, "error_lsq": 0.04187166440779698, "error_max": 0.24966257837490394, "target": "494.xyz", "model": "24.xyz", "model_rescale": 4.28219845311461, "target_rescale": 4.168904245098265},
{"mapping": [11, 3, 1, 8, 14, 6, 0, 9, 12, 7, 2, 4, 13, 9, 15], "R": [[0.03599675275493924, -0.22998079741027463, 0.9725292111878361], [-0.5933014003411801, 0.7781804881056136, 0.20598198048592656], [-0.8041751563834183, -0.5844176252939708, -0.10843595852604138]], "T": [-0.008755286048295407, 0.03991155644942496, 0.11221732434145887], "aligned_model": [[-0.5109127426948902, 0.2667597327187217, 0.34688180907254473, 0.0522976033648046, -0.2847114438488556, 0.38067351615481787, 0.766087328944605, -0.45450324975917505, -0.6760720563274694, -0.014341629489194898, 0.3081710946311655, 0.5989901523984535, -0.12953650012368378, -0.45450324975917505, 0.06258223764565972], [-0.12983825441982116, 0.6766535107129497, 0.15992548475752102, -0.33664355456269596, -0.593776389902436, -0.7604467874999359, -0.21537226926212405, 0.5336183939747916, -0.019601424956340034, 0.7368313792900751, -0.30593563093417336, 0.3947180380788648, 0.1689290532669675, 0.5336183939747916, 0.02045892766091712], [-0.012281517792406549, -0.23230626407347493, -0.40643121988935366, -0.46780409767137104, 0.4322679617645743, -0.029093907506215072, 0.11041112478272924, -0.007932562496505174, 0.48041079709918416, 0.4583640548603858, 0.6109431173341529, 0.3107278169271631, 0.6793882340136803, -0.007932562496505174, 0.11653859507384041]], "inverted": true, "swapped": false, "error_lsq": 0.052815866469298374, "error_max": 0.46036344216854896, "target": "494.xyz", "model": "25.xyz", "model_rescale": 4.100010024507729, "target_rescale": 4.168904245098265},
{"mapping": [3, 1, 11, 9, 5, 10, 6, 12, 7, 8, 0, 14], "R": [[0.034528728921172924, 0.630099063496242, 0.7757466964546139], [-0.13716645272220485, -0.7658761963872283, 0.6281870868260814], [0.9899460243501638, -0.12809692419644747, 0.05998372183112921]], "T": [-0.1618046535330583, 0.05061734544003801, -0.07326113138869875], "aligned_model": [[-0.769573038858491, 0.12651867932327007, 0.41757820573624904, 0.5813025071939218, -0.5856328470514137, 0.15267731354417893, -0.16850849153535458, 0.5046088390209009, 0.04307996067577424, -0.03806630429107097, -0.31753311643710047, -0.06968610495785711], [-0.22569666477008485, -0.6879717528837863, -0.09677385551516754, -0.38355699172403707, 0.702295427504976, 0.6125266203992071, 0.18094597935316672, 0.24947671832661172, -0.3882139955666511, 0.5495811252142231, 0.007749267038593473, 0.14576951267358831], [-0.009247816575380374, 0.10414312279242297, 0.4506603776196819, -0.126967409919855, 0.2505253040593741, 0.36724163565874, 0.5518419586180676, -0.0845558970830135, -0.5715977697907458, -0.6152518565051922, -0.6585293946123214, -0.09306996440742157]], "inverted": false, "swapped": true, "error_lsq": 0.03935704946862113, "error_max": 0.2312970468253666, "target": "494.xyz", "model": "26.xyz", "model_rescale": 3.6694154284099745, "target_rescale": 4.168904245098265},
