[{"mapping": [7, 6, 11, 0, 9, 5, 12, 4, 3, 1, 2, 13], "R": [[-0.9359261263589287, -0.34336743809618553, -0.07836509716725364], [0.21517588584674496, -0.7336226841859605, 0.644590641723765], [-0.2788218501997996, 0.5864269431933093, 0.7605010296824797]], "T": [0.04454921362752622, -0.12544136529620759, -0.1134119205787316], "aligned_model": [[-0.2995754952889079, 0.233629183429019, 0.4581221279753235, -0.1587096006804058, 0.05791411653940326, -0.6644657112769484, 0.5409870419226129, -0.26137177155545516, 0.48674145538264524, 0.1350921904074143, -0.6038370987980795, -0.08688397559607292], [-0.399008934315094, -0.701451158444333, -0.37004676768124056, 0.6159924925503164, 0.504042228627037, -0.6663322950347261, -0.18708180449477185, -0.3548091345226114, 0.24924155492719785, 0.2614883282606509, 0.2798769240382783, -0.1783563979336463], [-0.49778386394482727, 0.06659735750536276, -0.5335201760258927, 0.0018370241646731428, -0.5443201916556936, 0.021005918428408307, 0.3853687693079604, 0.5126409008235197, -0.1256167742075931, 0.6449260922413729, 0.3189085184666437, -0.06809182975037167]], "inverted": true, "swapped": true, "error_lsq": 0.04963213807663968, "error_max": 0.28740816426613025, "target": "495.xyz", "model": "0.xyz", "model_rescale": 3.751011558992144, "target_rescale": 4.034759345711705},
{"mapping": [6, 11, 10, 7, 9, 5, 13, 8, 4, 1, 2, 0, 12, 14], "R": [[0.6249492871457448, 0.6836239067851906, -0.3769572158319543], [0.428144745935801, -0.7039088097575676, -0.5667490309416091], [-0.6527866918248211, 0.19279715147646137, -0.7325972927597867]], "T": [-0.06849273949724374, -0.05396380722873836, -0.022793254801448087], "aligned_model": [[-0.0848750410005974, 0.1183518449210017, -0.6337497957734576, 0.3594816479094737, -0.045380070302132314, -0.27004498701925694, 0.31212401127605616, -0.548828862433927, -0.8078193976283244, -0.1814770584611599, 0.07577439931900679, 0.2673249912708796, 0.5980618997221904, -0.034956200435024336], [0.45570076334113824, -0.11016568327935683, -0.32476364639666444, 0.420389908422707, -0.6427841884570243, -0.5989341178919892, -0.6374447434925242, -0.050884212623693616, 0.2174586881940919, 0.6254131936471317, -0.31444232911237285, 0.41038538578470113, -0.17272256113990175, -0.08049828242933375], [-0.5738825315737487, -0.796525404404035, -0.5515707652587627, -0.20028550806551848, -0.31765929982384, 0.20627027134369208, 0.18259195486100627, 0.43512155958993715, -0.0955936082688599, 0.08382280301820821, 0.7486184603566755, 0.4743091462679905, -0.3286958134401896, -0.05707203273947717]], "inverted": false, "swapped": false, "error_lsq": 0.044571787566636385, "error_max": 0.2685491744220251, "target": "495.xyz", "model": "1.xyz", "model_rescale": 3.9405287249114394, "target_rescale": 4.034759345711705},
{"mapping": [9, 11, 7, 12, 6, 8, 3, 12, 4, 2, 1, 0, 13], "R": [[-0.9474161674214047, 0.2978923814511958, -0.11688770158520677], [-0.17226575483339102, -0.7826018077605726, -0.5982131060095274], [-0.2696796533300559, -0.5466210200524851, 0.7927662612753912]], "T": [-0.032239253542958715, 0.05326940549798421, -0.12260252183550807], "aligned_model": [[-0.485756612920128, 0.2706966796000414, -0.30367865741468114, 0.5669605339866943, 0.46751449075444335, -0.6714381856622792, 0.127909548527039, 0.5669605339866943, 0.05824642107110006, -0.5972400584408365, 0.1124087965234613, -0.5222560139851798, -0.0943441967424378], [0.5280880287545017, 0.5771734481533134, 0.18055375474211696, -0.1512207228727746, -0.09967800685246753, 0.07129259641662047, 0.3314373136802885, -0.1512207228727746, -0.6694102644138108, -0.5688316324450451, -0.5015573891406027, -0.031137216981898523, -0.05665659259545013], [0.2659581986230187, -0.32538240040612565, -0.6237234308145829, 0.19072739970743607, -0.47868557548319873, -0.17629956735556407, 0.3601450352589676, 0.19072739970743607, -0.2102711895952018, 0.1330399567967625, 0.5131909427826544, 0.47495896201930327, -0.20126538165226127]], "inverted": true, "swapped": true, "error_lsq": 0.05871453368660155, "error_max": 0.43300562987967073, "target": "495.xyz", "model": "2.xyz", "model_rescale": 3.932901565614263, "target_rescale": 4.034759345711705},
{"mapping": [7, 5, 4, 9, 6, 1, 10, 3, 0, 7, 11, 8, 12, 13], "R": [[-0.3514359181455832, 0.15968086548895888, -0.922493803032773], [0.8899059100539614, -0.24907778583471596, -0.3821357453244941], [-0.2907924804533333, -0.9552289138213798, -0.05456606556666377]], "T": [-0.1313086707804751, -0.09549039511407131, 0.01646195576430419], "aligned_model": [[-0.21245043876172587, 0.19082036399234326, -0.6166995326592553, 0.4220872160067844, 0.037725120565692105, -0.4832166095276829, 0.29861825124978886, -0.4047632086053817, -0.7995123585372437, -0.21245043876172587, 0.2952656939917328, 0.11061942753285767, 0.5406617133826241, -0.04271781850407971], [0.5419747362169067, -0.020536281512925983, -0.04435323309920303, 0.3494563634785118, -0.5774605748739321, -0.696181113749012, -0.6510141780653168, 0.12235340044030224, -0.13752217725268243, 0.5419747362169067, -0.21613957809056197, 0.44041938512428613, -0.31564238227666797, -0.14062092798970233], [-0.294659832564958, -0.6218283006749322, -0.7081117854128212, -0.17213368017073455, -0.43721698785898805, 0.2696418998844567, 0.1568243744893793, 0.38855357695813075, -0.009758076682558313, -0.294659832564958, 0.7918243125586751, 0.45584587470453913, -0.27184121021829816, -0.04303110058385429]], "inverted": true, "swapped": false, "error_lsq": 0.06069711978147923, "error_max": 0.36226003997608497, "target": "495.xyz", "model": "3.xyz", "model_rescale": 3.9243930471874484, "target_rescale": 4.034759345711705},
{"mapping": [0, 3, 1, 2, 4, 9, 8, 12, 6, 11, 5, 7, 13], "R": [[0.07862081544136382, -0.7808421515321692, -0.6197614878079694], [0.7408645010040699, -0.3702102893340587, 0.5604142510885882], [-0.6670371492887976, -0.5032195108119372, 0.5493919961255979]], "T": [-0.0831833657692604, 0.04105036841979981, -0.09613934641827881], "aligned_model": [[-0.065222643499967, -0.2735794139114207, 0.5424838993484975, 0.40852495804796657, 0.6303022338394221, -0.6160647484322042, -0.2552258627378582, 0.28227965040603814, 0.1516648472533566, -0.5367713843193028, 0.31994522263630626, -0.31307352940343347, 0.001942657083951499], [-0.6706677481670376, 0.014061858950274689, -0.21216033100724163, -0.6767950670305315, 0.03451490667715906, -0.44841387603660326, -0.4928566188054966, 0.39154843017483953, 0.6123141017893566, 0.4882588642131478, 0.03659495546933213, 0.04877192423498611, 0.0026581532194019653], [-0.40831776559097643, -0.643031651206086, -0.6228403765519269, 0.024316217663552353, 0.07425708785131177, -0.33815657543484334, 0.21551461418509527, -0.5887041951689709, 0.039676413918272896, -0.13648504471473755, 0.7105829153048139, 0.4406042713293371, 0.0196544037861221]], "inverted": false, "swapped": true, "error_lsq": 0.04560190856166904, "error_max": 0.2849560354641237, "target": "495.xyz", "model": "4.xyz", "model_rescale": 3.8936222436046832, "target_rescale": 4.034759345711705},
{"mapping": [2, 4, 1, 0, 12, 6, 7, 11, 9, 8, 3, 13], "R": [[0.5076408222078771, -0.8601023146805997, 0.05024742689118878], [-0.8603091601991733, -0.5091883613688234, -0.024400031227968317], [0.04657192829917863, -0.030841869716464264, -0.9984386984521828]], "T": [-0.11907378817923496, 0.001508688415690882, 0.11592050743302304], "aligned_model": [[0.05047416615597951, -0.6205438250654015, -0.2976156446606713, 0.42107098010230737, -0.5610205358608211, -0.7082379881270953, -0.03362369212116385, -0.12873451296046878, 0.6266867124305476, 0.3458558848182343, 0.09658775545674943, -0.16335125795309935], [-0.5985764551108629, -0.3868841080959948, 0.09863317868359091, -0.07893529639624614, 0.4397852040331603, 0.0737806859995468, -0.3539406188991183, 0.3978342657592169, 0.15665072728249654, -0.44059978692771545, 0.5013668086895078, -0.14019169990777422], [-0.5027393341000721, -0.2526146952873696, -0.7157517831733644, -0.4373362367872079, -0.2181887647858977, 0.33410428511613366, 0.5712850778223336, 0.6161184800328264, 0.07253413587003396, 0.12872590188017047, -0.08333356660444557, 0.10648121929237747]], "inverted": true, "swapped": true, "error_lsq": 0.04024645060133402, "error_max": 0.23623252249261842, "target": "495.xyz", "model": "5.xyz", "model_rescale": 3.6523030999806103, "target_rescale": 4.034759345711705},
{"mapping": [10, 7, 5, 6, 4, 11, 8, 12, 9, 0, 2, 1, 13], "R": [[-0.44693654805632205, 0.851594315888988, 0.2739248859761845], [0.8697334914457673, 0.34200958531084313, 0.3557992375105105], [0.20931167160255185, 0.3972613304879696, -0.8935166811145016]], "T": [0.01569485126192035, -0.16477198485765332, 0.012004860816208204], "aligned_model": [[0.036649679359383784, -0.1912492764594875, 0.34797108065855414, 0.4988176822341589, 0.6296905275210545, -0.15763777581293906, -0.40336670371421934, 0.5162406268783807, -0.6842280581770361, -0.31320372223545306, 0.08718803737316203, 0.4457149860097486, 0.06849582102898696], [-0.44506699685341455, 0.03217025772395679, 0.4565739665151679, -0.4003802875981578, 0.23387156059566144, -0.6980822453719647, 0.31951479377488284, -0.5371776442333136, -0.17188707870840467, 0.17934047020152855, 0.6232041541941438, -0.014169472356905882, -0.037084573719997516], [0.8234547224376798, 0.5213089959273465, 0.5749036378131078, 0.34520587349796006, -0.035239092494681226, 0.31680195902158237, 0.05246733866486357, -0.3193562550200864, -0.2915860646293752, -0.6025949903422912, -0.3695328390916532, -0.7128335536100932, 0.06711000730742972]], "inverted": true, "swapped": true, "error_lsq": 0.053775833556924786, "error_max": 0.3165932069602161, "target": "495.xyz", "model": "6.xyz", "model_rescale": 4.08911054899281, "target_rescale": 4.034759345711705},
{"mapping": [5, 12, 10, 7, 11, 9, 1, 3, 4, 5, 0, 2, 13, 14], "R": [[-0.9882821903316283, 0.09388790488862184, -0.12034688857192866], [-0.15135029603219813, -0.7049598903284313, 0.6929102690241299], [-0.019783835934547897, 0.7030054155863602, 0.7109092667084624]], "T": [-0.09378474857273736, -0.08774775314197039, -0.062213896491440324], "aligned_model": [[-0.30204493997322157, 0.14211642643080893, -0.4791108052401609, 0.328359806639689, -0.031904958792212286, -0.35163351988737124, 0.32303229943936806, -0.5504228185467541, -0.6656109901098282, -0.30204493997322157, -0.006913541859378022, 0.5528552773749245, 0.580958487267001, -0.11364840140491529], [0.5228507692510589, -0.03345888418527601, -0.19346311077731737, 0.561119228282353, -0.553861160582118, -0.7607351991489169, -0.5928837677099233, -0.051083079748695887, 0.31561342808076653, 0.5228507692510589, -0.19041011176150233, 0.0650127965870537, -0.16689016857826364, -0.24795333439336895], [-0.4675512457606768, -0.7325908593642303, -0.6618996406234376, -0.0696016877202299, -0.4135545374346845, 0.2462649788896319, 0.26800907988705763, 0.5832230183508569, 0.02242649974119662, -0.4675512457606768, 0.8686835289377679, 0.39457974902056536, -0.3348905660454227, -0.026097840254639473]], "inverted": true, "swapped": false, "error_lsq": 0.05276240035469547, "error_max": 0.44103413111205514, "target": "495.xyz", "model": "7.xyz", "model_rescale": 3.964800864290218, "target_rescale": 4.034759345711705},
{"mapping": [5, 8, 10, 1, 9, 11, 12, 6, 3, 0, 4, 2, 7, 13], "R": [[0.9571237311428178, -0.21737676729851785, -0.191471941344149], [-0.2785023751725153, -0.5086829820828316, -0.8146643792155057], [0.07969059107898976, 0.8330600007071303, -0.5474124997799352]], "T": [-0.07082520013439612, -0.005701508675990133, -0.010856978739261343], "aligned_model": [[-0.3609058364762078, 0.20258080608186746, -0.6174109104873398, 0.39961977009808064, -0.05828105879162597, -0.40129187450442927, 0.38116080932404783, -0.4908821611059702, -0.6381860474977707, -0.14948651361497806, -0.03199589585074447, 0.32471131215299887, 0.6319382230312522, -0.06758324099445225], [0.19304383334185504, -0.2018145795659021, -0.3263464933518799, 0.5167713563612357, -0.6025259456260659, -0.7181040730090786, -0.607727798377677, -0.04190320534148967, 0.44600940298987385, 0.6491325966586929, -0.28040442812208294, 0.22887575392271903, -0.025506709859789208, -0.032791535453502954], [-0.7694242047740539, -0.7021213280285051, -0.5338912682914839, -0.2731993627627956, -0.3536396544476641, 0.2544874916311053, 0.05197558487564793, 0.3875742071340376, -0.015506372626031918, 0.26872139090828145, 0.6357680951563333, 0.46572785428977204, -0.123037592163694, -0.08398560903787122]], "inverted": false, "swapped": false, "error_lsq": 0.054126154187998966, "error_max": 0.3649414795944714, "target": "495.xyz", "model": "8.xyz", "model_rescale": 4.121658175737393, "target_rescale": 4.034759345711705},
{"mapping": [6, 7, 5, 4, 11, 3, 8, 0, 2, 9, 12, 1, 13], "R": [[0.7387946307654698, 0.2565364401298782, 0.6231946312650671], [-0.619137083064864, 0.623594204772056, 0.4772835008133416], [-0.2661799502705735, -0.7384573939369805, 0.6195392735039147]], "T": [-0.18295954984857563, -0.05634253284939397, -0.06984705843770714], "aligned_model": [[-0.4788253331251886, -0.16060721004835013, 0.2591446630004103, 0.246958464405494, -0.7924328440219858, -0.41480907590936533, 0.24122718696526077, 0.3098005627982289, 0.6859995113655577, -0.13985053170550615, -0.40847450687890885, 0.20343767320055242, -0.07483106361100228], [0.33094814912277426, -0.4381941310314271, -0.01460702663257761, 0.47251534828369657, -0.2301199048454645, -0.028384599904630214, -0.5373633236082306, -0.22899190789291787, 0.005946010099261795, -0.618513200320387, 0.5734570002410548, 0.5473154416829811, -0.04362041578242338], [-0.4728498163968624, -0.5110868467887069, -0.8547899414273236, -0.3411756424538359, -0.14540520375959085, 0.4607510748783662, -0.09148254086645771, 0.5060872217548368, 0.04248715352588281, 0.44417230590653944, 0.1571502763163336, 0.398429991919777, -0.17121259864987007]], "inverted": true, "swapped": true, "error_lsq": 0.055796016224488515, "error_max": 0.2944074951556793, "target": "495.xyz", "model": "9.xyz", "model_rescale": 3.833441315466971, "target_rescale": 4.034759345711705},
{"mapping": [0, 12, 1, 10, 6, 4, 7, 2, 5, 13, 9, 8, 11, 14], "R": [[-0.8220671489432794, -0.5349162622354968, -0.19511585026407705], [-0.20259725004442483, 0.5950424175016377, -0.7777395937254603], [0.5321277637022008, -0.5998242357306116, -0.5975373873888418]], "T": [-0.04610829139718999, -0.12500229031542262, -0.0904280771561724], "aligned_model": [[-0.28882432911972483, 0.18937154322524405, -0.43442029088123796, 0.4373620380816633, -0.2295478290377057, -0.5899250314877469, 0.37060972168628786, -0.36393160549340464, -0.7043538066804345, -0.4620753760118884, 0.15256428861505142, 0.4566157523126688, 0.6315274459306721, -0.040985139774715615], [0.3958087431935262, -0.2379485308243059, -0.08525362033064696, 0.513444522442972, -0.6657217114320161, -0.6992369306182706, -0.5323739896991561, 0.09543007534881698, 0.018163415178014508, 0.5239722435257752, -0.07660160151347914, 0.2892565392834423, -0.19472137004092677, -0.14750960994683726], [-0.4560340865587533, -0.6333944219252322, -0.7175187940424673, -0.27589034100552434, -0.45812633891774995, 0.011701796846381007, 0.23253999076197912, 0.5154169262169682, -0.02999940972859244, 0.11326281698837026, 0.6944902025440088, 0.3376110803424459, -0.12629084980308564, 0.001680660144330215]], "inverted": true, "swapped": false, "error_lsq": 0.052489634475549087, "error_max": 0.3496113974350029, "target": "495.xyz", "model": "10.xyz", "model_rescale": 4.2482417240324, "target_rescale": 4.034759345711705},
{"mapping": [1, 12, 9, 11, 2, 8, 0, 7, 6, 5, 4, 13], "R": [[0.016562800152749815, -0.4146172437928132, -0.9098451597941], [0.9843800270109101, 0.16627948770525836, -0.05785407842561596], [0.17527588560067398, -0.8946751774348767, 0.41089498756832227]], "T": [0.1293130027063892, -0.05718962571298352, -0.029391374937831803], "aligned_model": [[-0.6732072624453974, -0.22383256588019498, 0.3614225361296959, 0.6742254037244272, -0.5184041737519867, 0.19272075242547887, -0.22593313809449186, 0.49856812308961107, 0.15818505600130942, 0.013267589806565089, -0.45567666887270575, 0.07542995023069653], [-0.2925965181528049, -0.6541005764611729, 0.0580763184480153, -0.3799811980075912, 0.5000241702160222, 0.5197746372102858, 0.1542451079296076, 0.34849878401460693, -0.31136375264426996, 0.5751809347907018, 0.0903581153313405, 0.05801536737589825], [0.15373147754280544, -0.16362163223971254, 0.6882081514984619, -0.10839378455465165, 0.17448096936975868, 0.24424191893541433, 0.6289521245174917, -0.22956727567571725, -0.6077543878598979, -0.6618265521751598, -0.44671152324059665, -0.10654719626383982]], "inverted": true, "swapped": true, "error_lsq": 0.04894363833251703, "error_max": 0.3165545961427738, "target": "495.xyz", "model": "11.xyz", "model_rescale": 3.6694154284099745, "target_rescale": 4.034759345711705},
{"mapping": [8, 3, 2, 11, 1, 12, 0, 7, 10, 9, 5, 6, 4, 13], "R": [[0.7098617129818177, -0.6067627244135222, -0.357680506464638], [0.443283213179804, -0.009772179784451926, 0.896328342414346], [-0.5473539452269511, -0.7948229367378252, 0.2620308338344007]], "T": [-0.07044647216931264, -0.05270430592626018, 0.015177531332684388], "aligned_model": [[-0.20932998550414683, 0.1716569406138327, -0.42101679288475163, 0.30986536023264327, 0.006757899255658853, -0.5012876554075445, 0.3654791478807506, -0.40265115363661064, -0.6953722578167354, -0.3827819349408186, -0.04140733674976661, 0.3531188958104787, 0.5686643609360743, 0.002291893575664103], [0.3539164949546701, -0.1465733202305532, -0.2496720474807969, 0.567512915960845, -0.7185280557686355, -0.5546112388580648, -0.592923042107907, 0.3025088204027063, 0.05990255734744438, 0.685237053938032, -0.2937831710040002, 0.07388936479638097, -0.14014830129080846, -0.1500198560924038], [-0.6076938400802372, -0.8056899648417075, -0.4992325506181815, -0.11021049328203882, -0.5017283723676652, 0.1708496411255378, 0.18509055404645564, 0.5769862202690135, 0.032960784270522084, -0.035570621215337286, 0.7804281451211322, 0.367911503377881, -0.3475476269239707, 0.002895852981674253]], "inverted": false, "swapped": false, "error_lsq": 0.04898749659525912, "error_max": 0.4196796671153795, "target": "495.xyz", "model": "12.xyz", "model_rescale": 3.9764082729961374, "target_rescale": 4.034759345711705},
{"mapping": [8, 11, 10, 3, 13, 12, 6, 9, 1, 2, 5, 4, 14, 15], "R": [[-0.17632253107750517, -0.9551662087997429, -0.23784002733254908], [0.811421455790211, -0.277826623424438, 0.5142057840980302], [-0.5572302810487929, -0.10232243587650273, 0.8240294491088179]], "T": [-0.06947349283346847, -0.03851948935820862, 0.04058839974474744], "aligned_model": [[-0.19726587301492454, 0.08167971923098451, -0.5537234802170256, 0.44136691002008155, 0.04373605412209833, -0.5153008817809782, 0.5196839039175021, -0.47383432081982546, -0.6791894016501051, -0.48490991550359797, -0.03758208585451098, 0.3888510526936892, 0.5627654362262556, 0.027710263995084694], [0.3832941051820298, -0.1244299572761752, -0.14719788742412962, 0.41879039087143, -0.5952552666782691, -0.4936413892102466, -0.4848667529534748, -0.06575045567310145, 0.07442618898883586, 0.6419556998976707, -0.3184421277483974, 0.18696198200337905, -0.28670533323498626, 0.007568977822344294], [-0.5120373648348189, -0.7342127339238377, -0.5917389319997496, -0.44762590112157025, -0.18680865150447634, 0.004318157291942876, 0.23378904113568266, 0.4847166715101991, -0.09656976639793692, 0.015576214067759955, 0.830177001810593, 0.5455244737374517, -0.380702192430836, 0.04504321452267497]], "inverted": true, "swapped": false, "error_lsq": 0.048857307860830194, "error_max": 0.29267364117593003, "target": "495.xyz", "model": "13.xyz", "model_rescale": 4.170626492500431, "target_rescale": 4.034759345711705},
{"mapping": [4, 2, 4, 6, 0, 7, 1, 10, 12, 5, 9, 11, 3, 13], "R": [[0.8676982169958282, 0.4569441499065938, 0.195708579496151], [0.49590471889706184, -0.822902641223939, -0.2773260767441307], [0.03432657859279027, 0.3376881504181124, -0.9406319147622558]], "T": [-0.06824666533688657, -0.1290509318274862, -0.08108448012454034], "aligned_model": [[-0.49183530858767016, 0.19299286849379876, -0.49183530858767016, 0.3605512604829911, -0.04696720769876857, -0.46249564250975483, 0.278319093949998, -0.38488208123781353, -0.6234262834508869, -0.16618861038458757, 0.17235512161144378, 0.2071652399365458, 0.6190081986426793, -0.038773959295576275], [0.07621853864659409, -0.19483776956805457, 0.07621853864659409, 0.5588787798624989, -0.6674016045215604, -0.7954234061376622, -0.7532364692750642, -0.15283154268450613, 0.32296824716905514, 0.7733869627944738, -0.25934554134901133, 0.33928001224047133, -0.09085130975764347, -0.036315261499276635], [-0.611650438694511, -0.6813828769076458, -0.611650438694511, -0.30552671682875765, -0.3371784949322821, 0.15963376257569428, 0.20369448543740126, 0.385289619627304, 0.07110084977377285, -0.024224563603460425, 0.681438000403596, 0.37110360064851494, -0.039912338571868905, -0.05128521837016884]], "inverted": true, "swapped": false, "error_lsq": 0.05424123808622189, "error_max": 0.3746672319120539, "target": "495.xyz", "model": "14.xyz", "model_rescale": 3.9786697098870705, "target_rescale": 4.034759345711705},
{"mapping": [6, 12, 5, 10, 4, 2, 3, 0, 8, 11, 1, 13], "R": [[0.8463552970576114, 0.12726685575328045, -0.5171903504215793], [0.4801184366197444, 0.2380858956236607, 0.844275661808921], [0.23058403665547803, -0.9628698010280273, 0.14040209509801532]], "T": [0.05639742020057796, -0.11890998499706738, 0.06775872954829479], "aligned_model": [[-0.05291606977403153, -0.5999989301150892, 0.6780322490381614, 0.4405868158841362, 0.008549656429923322, 0.23310791741639458, -0.3801638729880254, -0.027251744432230038, 0.5452260474741124, 0.02034456789278037, -0.5308942823278001, 0.14873224226900494], [-0.387597104881572, -0.12144096606528652, 0.1358772288931001, -0.7922202530378124, 0.36092138280681124, 0.7400759865433867, -0.213752504770574, 0.4277432675795315, 0.1536379311529576, -0.7537438568252802, 0.501244266170084, -0.03607088734090695], [-0.4942018113233726, -0.19333447821070157, -0.5338947689607725, -0.3017098992837154, -0.48506294865775046, 0.11781058962098155, 0.43720339598721425, 0.614104470927481, 0.3816817925607199, 0.12299867590058326, 0.008713653642329261, -0.014342178329166913]], "inverted": true, "swapped": true, "error_lsq": 0.055758274096548203, "error_max": 0.30595922100030604, "target": "495.xyz", "model": "15.xyz", "model_rescale": 3.769337070930944, "target_rescale": 4.034759345711705},
{"mapping": [4, 5, 12, 6, 1, 2, 3, 8, 11, 10, 13], "R": [[0.1920737544851988, -0.8397382298677256, 0.5078852017302518], [-0.973872773010716, -0.22698647514004794, -0.006997291755757529], [0.12115896510938987, -0.49327157368139035, -0.861396343021902]], "T": [0.10755855557130561, 0.08755021073980596, 0.10459084376139594], "aligned_model": [[-0.23936533549229205, -0.49532203068614983, 0.0013169997493982233, -0.47542568768909693, 0.3736714956842777, 0.3930446348463027, 0.5088907750511955, 0.3840045215250551, -0.03776349067610954, -0.5295969306566426, 0.03917117903523282], [-0.12106458357449035, -0.570740358965158, 0.6483248351209189, 0.32607667946188257, 0.25972712141292553, -0.5160527754081731, 0.505865660777236, -0.4736831437990341, 0.45268197355113954, 0.1189446276727541, -0.034015538624658975], [-0.5071795701386542, -0.023946472242272893, -0.31167444445939796, 0.04823170246108602, -0.6907255553047889, -0.4661541268513355, 0.10844593065875896, 0.24734319082417192, 0.6075079376383924, 0.6794843586412129, 0.05288465599660404]], "inverted": true, "swapped": true, "error_lsq": 0.04975659171402049, "error_max": 0.20674089402038456, "target": "495.xyz", "model": "16.xyz", "model_rescale": 3.7852294659196426, "target_rescale": 4.034759345711705},
{"mapping": [6, 3, 1, 12, 11, 9, 8, 0, 4, 5, 7, 2, 13], "R": [[-0.20710493204346325, -0.8412803611664961, -0.49935448434838636], [-0.9120424498175126, -0.018641826451911536, 0.4096718833864579], [-0.3539577896503243, 0.5402775548013328, -0.7634225873811633]], "T": [-0.12453088614306206, 0.04993089242130385, -0.09004651993438022], "aligned_model": [[0.06800176769482309, -0.4591814145942531, 0.34952346576051585, 0.03855373391541332, -0.6215566433643278, -0.6406882964995464, -0.13345000648798822, -0.11039997441468906, 0.6030816567566992, 0.4906799847364238, -0.18976334143042978, 0.46468911836064364, -0.005724200217001776], [-0.1595564586295406, -0.3399235453110428, -0.47738127154103555, -0.6328311170862453, -0.039405070233954044, 0.22668505642320516, 0.600610444736654, 0.09383029008567412, -0.025513847302668403, 0.6064151075522942, 0.5704233334674316, 0.3137947429802724, 0.1379079585618295], [-0.6548368207849505, 0.17845444657299164, 0.3897487627297436, -0.16924047667588044, -0.4803666284197328, 0.44329169074715497, 0.23928000934164195, 0.6859649430208682, -0.14506866623809295, -0.4438462086224804, -0.34663016427629406, 0.5055912411982924, -0.10658743145008782]], "inverted": false, "swapped": true, "error_lsq": 0.04689295051903429, "error_max": 0.2924638971974627, "target": "495.xyz", "model": "17.xyz", "model_rescale": 3.901054581598922, "target_rescale": 4.034759345711705},
{"mapping": [6, 11, 10, 7, 9, 5, 13, 8, 4, 1, 2, 0, 12, 14], "R": [[0.6249492871457448, 0.6836239067851906, -0.3769572158319543], [0.428144745935801, -0.7039088097575676, -0.5667490309416091], [-0.6527866918248211, 0.19279715147646137, -0.7325972927597867]], "T": [-0.06849273949724374, -0.05396380722873836, -0.022793254801448087], "aligned_model": [[-0.0848750410005974, 0.1183518449210017, -0.6337497957734576, 0.3594816479094737, -0.045380070302132314, -0.27004498701925694, 0.31212401127605616, -0.548828862433927, -0.8078193976283244, -0.1814770584611599, 0.07577439931900679, 0.2673249912708796, 0.5980618997221904, -0.034956200435024336], [0.45570076334113824, -0.11016568327935683, -0.32476364639666444, 0.420389908422707, -0.6427841884570243, -0.5989341178919892, -0.6374447434925242, -0.050884212623693616, 0.2174586881940919, 0.6254131936471317, -0.31444232911237285, 0.41038538578470113, -0.17272256113990175, -0.08049828242933375], [-0.5738825315737487, -0.796525404404035, -0.5515707652587627, -0.20028550806551848, -0.31765929982384, 0.20627027134369208, 0.18259195486100627, 0.43512155958993715, -0.0955936082688599, 0.08382280301820821, 0.7486184603566755, 0.4743091462679905, -0.3286958134401896, -0.05707203273947717]], "inverted": false, "swapped": false, "error_lsq": 0.044571787566636385, "error_max": 0.2685491744220251, "target": "495.xyz", "model": "18.xyz", "model_rescale": 3.9405287249114394, "target_rescale": 4.034759345711705},
{"mapping": [9, 8, 5, 4, 6, 2, 1, 10, 11, 13, 3, 12, 0, 15], "R": [[0.8869644595163638, 0.445716883662835, 0.12095663343833492], [0.3996420942221123, -0.6094600329894629, -0.6847223267239411], [-0.23147406783613855, 0.65566373073884, -0.718696617574493]], "T": [-0.0008790484034139553, 0.08552255860418165, -0.01509039641676381], "aligned_model": [[-0.4565801578127215, 0.10778943182874573, -0.4973813566758692, 0.6386757069523262, 0.058664057497461626, -0.444501487607126, 0.308797446328965, -0.5809968366533107, -0.6993645741038919, -0.23826860524639737, 0.06810273725466653, 0.3345759200635601, 0.551949843737628, -0.02747474419930749], [0.37510082688704005, -0.19736159730742467, -0.3230702497624023, 0.37225705710375767, -0.5848992689449599, -0.6612303740730452, -0.4513418350043543, -0.19197869434010054, 0.2614096399324046, 0.7092249742259632, -0.22268914583187085, 0.26762974422513275, -0.2133823435409137, 0.0570394409976819], [-0.5605175431357023, -0.708228096498189, -0.5421577712277073, -0.22346042998237614, -0.33954786246981405, 0.01464967732148785, 0.2116175996156755, 0.43697203656891104, 0.004781868390810004, 0.06218405228016004, 0.7759062239110424, 0.37790578586167867, -0.29385612860723676, -0.006800180165661808]], "inverted": true, "swapped": false, "error_lsq": 0.04496737347533569, "error_max": 0.3159888808455211, "target": "495.xyz", "model": "19.xyz", "model_rescale": 4.410303926677745, "target_rescale": 4.034759345711705},
{"mapping": [5, 8, 10, 1, 9, 11, 12, 6, 3, 0, 4, 2, 7, 13], "R": [[0.9571237311428178, -0.21737676729851785, -0.191471941344149], [-0.2785023751725153, -0.5086829820828316, -0.8146643792155057], [0.07969059107898976, 0.8330600007071303, -0.5474124997799352]], "T": [-0.07082520013439612, -0.005701508675990133, -0.010856978739261343], "aligned_model": [[-0.3609058364762078, 0.20258080608186746, -0.6174109104873398, 0.39961977009808064, -0.05828105879162597, -0.40129187450442927, 0.38116080932404783, -0.4908821611059702, -0.6381860474977707, -0.14948651361497806, -0.03199589585074447, 0.32471131215299887, 0.6319382230312522, -0.06758324099445225], [0.19304383334185504, -0.2018145795659021, -0.3263464933518799, 0.5167713563612357, -0.6025259456260659, -0.7181040730090786, -0.607727798377677, -0.04190320534148967, 0.44600940298987385, 0.6491325966586929, -0.28040442812208294, 0.22887575392271903, -0.025506709859789208, -0.032791535453502954], [-0.7694242047740539, -0.7021213280285051, -0.5338912682914839, -0.2731993627627956, -0.3536396544476641, 0.2544874916311053, 0.05197558487564793, 0.3875742071340376, -0.015506372626031918, 0.26872139090828145, 0.6357680951563333, 0.46572785428977204, -0.123037592163694, -0.08398560903787122]], "inverted": false, "swapped": false, "error_lsq": 0.054126154187998966, "error_max": 0.3649414795944714, "target": "495.xyz", "model": "20.xyz", "model_rescale": 4.121658175737393, "target_rescale": 4.034759345711705},
{"mapping": [10, 7, 5, 6, 4, 11, 8, 12, 9, 0, 2, 1, 13], "R": [[-0.44693654805632205, 0.851594315888988, 0.2739248859761845], [0.8697334914457673, 0.34200958531084313, 0.3557992375105105], [0.20931167160255185, 0.3972613304879696, -0.8935166811145016]], "T": [0.01569485126192035, -0.16477198485765332, 0.012004860816208204], "aligned_model": [[0.036649679359383784, -0.1912492764594875, 0.34797108065855414, 0.4988176822341589, 0.6296905275210545, -0.15763777581293906, -0.40336670371421934, 0.5162406268783807, -0.6842280581770361, -0.31320372223545306, 0.08718803737316203, 0.4457149860097486, 0.06849582102898696], [-0.44506699685341455, 0.03217025772395679, 0.4565739665151679, -0.4003802875981578, 0.23387156059566144, -0.6980822453719647, 0.31951479377488284, -0.5371776442333136, -0.17188707870840467, 0.17934047020152855, 0.6232041541941438, -0.014169472356905882, -0.037084573719997516], [0.8234547224376798, 0.5213089959273465, 0.5749036378131078, 0.34520587349796006, -0.035239092494681226, 0.31680195902158237, 0.05246733866486357, -0.3193562550200864, -0.2915860646293752, -0.6025949903422912, -0.3695328390916532, -0.7128335536100932, 0.06711000730742972]], "inverted": true, "swapped": true, "error_lsq": 0.053775833556924786, "error_max": 0.3165932069602161, "target": "495.xyz", "model": "21.xyz", "model_rescale": 4.08911054899281, "target_rescale": 4.034759345711705},
{"mapping": [10, 6, 5, 7, 8, 15, 4, 14, 9, 10, 3, 13, 0, 16], "R": [[0.041488827093150986, -0.7992106367762909, -0.599617407427495], [0.7555673089971308, 0.4177758548591706, -0.504560577801639], [0.6537558556535225, -0.43211768438739595, 0.6211904603568907]], "T": [-0.08902789869888372, -0.2183579235675016, -0.039636637416098235], "aligned_model": [[-0.27533370770781035, 0.2612262089246371, -0.5869096393064426, 0.30354296244534096, -0.13699633480380877, -0.4988320784159669, 0.46624136939531124, -0.40893389708363587, -0.7042128854724877, -0.27533370770781035, 0.08194484736096203, 0.28256856022480964, 0.6588727330218811, -0.043857049510250996], [0.476667550437324, -0.028128418113275266, -0.022272582763966264, 0.35975045552301343, -0.4943202328539887, -0.7391727211313762, -0.3751177993113509, -0.11628068667712121, 0.13850579638872695, 0.476667550437324, -0.13772655445263216, 0.1585545828065893, -0.2920463413604708, -0.20837242436188677], [-0.4048285667201747, -0.6694770329917238, -0.4994119797733377, -0.1718297121789348, -0.673912485175565, 0.26420460208091656, 0.35201954743825714, 0.5072298690124302, 0.0021165539575177597, -0.4048285667201747, 0.8080341275120636, 0.3560690616613991, -0.22750377220588563, -0.028432414033710253]], "inverted": false, "swapped": false, "error_lsq": 0.052984958208390255, "error_max": 0.40899347022296517, "target": "495.xyz", "model": "22.xyz", "model_rescale": 4.204369325754507, "target_rescale": 4.034759345711705},
{"mapping": [9, 8, 5, 4, 6, 2, 1, 10, 11, 13, 3, 12, 0, 15], "R": [[0.8869644595163638, 0.445716883662835, 0.12095663343833492], [0.3996420942221123, -0.6094600329894629, -0.6847223267239411], [-0.23147406783613855, 0.65566373073884, -0.718696617574493]], "T": [-0.0008790484034139553, 0.08552255860418165, -0.01509039641676381], "aligned_model": [[-0.4565801578127215, 0.10778943182874573, -0.4973813566758692, 0.6386757069523262, 0.058664057497461626, -0.444501487607126, 0.308797446328965, -0.5809968366533107, -0.6993645741038919, -0.23826860524639737, 0.06810273725466653, 0.3345759200635601, 0.551949843737628, -0.02747474419930749], [0.37510082688704005, -0.19736159730742467, -0.3230702497624023, 0.37225705710375767, -0.5848992689449599, -0.6612303740730452, -0.4513418350043543, -0.19197869434010054, 0.2614096399324046, 0.7092249742259632, -0.22268914583187085, 0.26762974422513275, -0.2133823435409137, 0.0570394409976819], [-0.5605175431357023, -0.708228096498189, -0.5421577712277073, -0.22346042998237614, -0.33954786246981405, 0.01464967732148785, 0.2116175996156755, 0.43697203656891104, 0.004781868390810004, 0.06218405228016004, 0.7759062239110424, 0.37790578586167867, -0.29385612860723676, -0.006800180165661808]], "inverted": true, "swapped": false, "error_lsq": 0.04496737347533569, "error_max": 0.3159888808455211, "target": "495.xyz", "model": "23.xyz", "model_rescale": 4.410303926677745, "target_rescale": 4.034759345711705},
{"mapping": [3, 1, 10, 0, 11, 14, 13, 15, 4, 2, 6, 12, 7, 16], "R": [[0.013074280325220095, 0.7531844766584128, -0.6576794107426283], [-0.7226934881930358, -0.44744593808803346, -0.5267886242240835], [-0.6910449951467419, 0.4821880096075729, 0.5384714830641704]], "T": [-0.15028795914177132, -0.16001538058128623, -0.02971062735855102], "aligned_model": [[-0.23496834717143097, 0.16228557230466809, -0.5750986508844278, 0.3109071095661412, -0.09365483438835093, -0.17755058263383663, 0.36499340669703795, -0.5999166035299673, -0.595522403314922, -0.16578160303758657, 0.012086355388380848, 0.387406452964144, 0.47074067679143083, -0.14193916738655188], [0.5157962034860315, -0.08322812634893828, -0.2058896875516999, 0.42872158089473994, -0.6918825956126657, -0.7551073499752916, -0.4487611310377007, -0.3446397870823302, 0.3599556333580611, 0.7488701426700333, -0.24615585644416912, 0.23891204907269276, -0.2416317818830795, -0.07825111897877476], [-0.6173830866057328, -0.8251582086591016, -0.5208474417155333, -0.1349423235230039, -0.36828328036849317, 0.29164943135710497, 0.3514686341993022, 0.4928428163240257, -0.10237979121684093, -0.11083401363763007, 0.7079291832257049, 0.4151685245955966, -0.252405694820291, -0.11737551729202961]], "inverted": false, "swapped": false, "error_lsq": 0.04647410599306764, "error_max": 0.34898608153579125, "target": "495.xyz", "model": "24.xyz", "model_rescale": 4.28219845311461, "target_rescale": 4.034759345711705},
{"mapping": [6, 14, 10, 2, 11, 5, 9, 1, 8, 0, 3, 4, 13, 15], "R": [[-0.9821659233102682, -0.15017426826777108, -0.11312730986957936], [0.007873585635183394, -0.6340133130062078, 0.7732820478843008], [-0.18785128622752023, 0.7586005589776033, 0.6238886809211515]], "T": [0.07537444733123116, -0.12603106613801954, -0.0320754401206411], "aligned_model": [[-0.44773969178995315, 0.11032039865218107, -0.44449352090706834, 0.33098924844604666, -0.05487870780696902, -0.5698393787980491, 0.23635542363210787, -0.3724577257594238, -0.6141797946495409, -0.12509148442925994, 0.020051336410260995, 0.3416827588286678, 0.6505644447271492, 0.06270407480857831], [0.4552463507400727, -0.06947996769684359, -0.24223822346266705, 0.41558787141863207, -0.5544327832447008, -0.6286221572166891, -0.7273068838310661, 0.007321301692846727, -0.10623956935566102, 0.6558563205002299, -0.1908738356887574, 0.3552606742707439, -0.11921182837132947, -0.05415909518790156], [-0.4800322427702453, -0.7908411342884779, -0.6202403923357362, -0.3638736081670555, -0.3418869240995045, 0.20537349050257495, 0.23141307994360058, 0.40557840664124234, -0.10998115846185541, 0.08632936069086775, 0.7378467075636819, 0.4496783526692026, -0.18048845110340367, -0.019426254921813928]], "inverted": true, "swapped": false, "error_lsq": 0.04660109265424867, "error_max": 0.2950417948906293, "target": "495.xyz", "model": "25.xyz", "model_rescale": 4.100010024507729, "target_rescale": 4.034759345711705},
{"mapping": [1, 12, 9, 11, 2, 8, 0, 7, 6, 5, 4, 13], "R": [[0.016562800152749815, -0.4146172437928132, -0.9098451597941], [0.9843800270109101, 0.16627948770525836, -0.05785407842561596], [0.17527588560067398, -0.8946751774348767, 0.41089498756832227]], "T": [0.1293130027063892, -0.05718962571298352, -0.029391374937831803], "aligned_model": [[-0.6732072624453974, -0.22383256588019498, 0.3614225361296959, 0.6742254037244272, -0.5184041737519867, 0.19272075242547887, -0.22593313809449186, 0.49856812308961107, 0.15818505600130942, 0.013267589806565089, -0.45567666887270575, 0.07542995023069653], [-0.2925965181528049, -0.6541005764611729, 0.0580763184480153, -0.3799811980075912, 0.5000241702160222, 0.5197746372102858, 0.1542451079296076, 0.34849878401460693, -0.31136375264426996, 0.5751809347907018, 0.0903581153313405, 0.05801536737589825], [0.15373147754280544, -0.16362163223971254, 0.6882081514984619, -0.10839378455465165, 0.17448096936975868, 0.24424191893541433, 0.6289521245174917, -0.22956727567571725, -0.6077543878598979, -0.6618265521751598, -0.44671152324059665, -0.10654719626383982]], "inverted": true, "swapped": true, "error_lsq": 0.04894363833251703, "error_max": 0.3165545961427738, "target": "495.xyz", "model": "26.xyz", "model_rescale": 3.6694154284099745, "target_rescale": 4.034759345711705},
{"mapping": [5, 1, 7, 0, 3, 9, 12, 10, 8, 4, 11, 2, 6, 13], "R": [[0.03779314735089412, 0.9935724575759459, 0.10670262208497511], [0.9829385293765087, -0.056197352942496615, 0.17513910182881168], [0.18000979273489542, 0.0982630605505033, -0.9787445251191897]], "T": [-0.13148379057172555, -0.03839897109718797, -0.05912092890092563], "aligned_model": [[-0.2590481924552581, 0.3581572779280383, -0.4148094097648186, 0.19256861068448405, -0.06722418747541682, -0.49280318690471414, 0.308552655010374, -0.38296175668059934, -0.7428142735421107, -0.29547206899937606, 0.11631508639352242, 0.3981430301346075, 0.49250858652235485, -0.08712478948635911], [0.3571189337161513, 0.043246431602689595, -0.33181700912467954, 0.506258074049044, -0.7834882723728349, -0.5535212945509095, -0.6162341444978169, 0.11297030835511744, 0.14616918644867194, 0.7138542534217519, -0.30160840044771037, 0.18570399321930003, -0.26430150876588165, -0.01764237648598452], [-0.7323752716758631, -0.7893485002457314, -0.5384548137738725, -0.24692957498997412, -0.36497033116945343, 0.20348299563859268, 0.26057776095873963, 0.4659856257072517, -0.03531277396671138, 0.22854815325445538, 0.719012724221034, 0.3033745033135335, -0.23459739059227314, -0.029543874816649926]], "inverted": true, "swapped": false, "error_lsq": 0.05040221205751821, "error_max": 0.31005592522316605, "target": "495.xyz", "model": "27.xyz", "model_rescale": 4.103607728864725, "target_rescale": 4.034759345711705},
