[{"mapping": [7, 4, 0, 14, 6, 9, 10, 3, 11, 12, 13, 15], "R": [[-0.5002973016661589, -0.18123126507815107, -0.8466745765072513], [0.3809672379638775, -0.9241857136407666, -0.027289747167776823], [-0.777538792307969, -0.33620826173739365, 0.5314107932624116]], "T": [-0.0031668082022684313, -0.011525296913768981, 0.05945165539936069], "aligned_model": [[-0.2307703428051936, 0.10602815172740869, 0.4856935537673959, -0.2065601358005858, -0.19053973110011735, -0.6455130299694762, 0.4743892464842057, -0.20870645297562251, 0.6080583641612656, 0.33643208751764375, -0.6373513145147875, -0.05351793403158798], [-0.30285705223515647, -0.6958889592030102, -0.3207370703830118, 0.7375353684751774, 0.23903541422105468, -0.45607425974851123, -0.11222919747140347, -0.5772735416580501, 0.03976421811385261, 0.45592963783240376, 0.08878278634384738, -0.04243230831013542], [-0.5654949393472485, -0.07461961361823895, -0.46153385912536926, 0.06645776421396073, -0.601127173588589, -0.07637851762795729, 0.6141857804563592, 0.5599460254977228, 0.03438800650865574, 0.36892572400629897, 0.33817037954581836, -0.020967831567850315]], "inverted": false, "swapped": true, "error_lsq": 0.041761000713779695, "error_max": 0.22838148384065318, "target": "496.xyz", "model": "0.xyz", "model_rescale": 3.751011558992144, "target_rescale": 4.405159304636204},
{"mapping": [6, 7, 14, 1, 9, 5, 4, 0, 13, 10, 3, 2, 11, 12, 15], "R": [[-0.1737739930408314, 0.43907081237571555, -0.8814870509896185], [-0.27610992561724756, -0.8809261165587988, -0.38435983939567847], [-0.9452861515532126, 0.17659558002499082, 0.27431385819413856]], "T": [-0.024336610793801686, 0.04799908997068421, -0.023699301348529364], "aligned_model": [[0.03990267842319671, 0.2351738430619652, -0.5165296856573107, 0.20627800846983413, -0.2440195371685176, -0.4773918789699557, 0.42898971757445237, 0.7331817052157084, -0.6812967255798135, 0.11391365339883376, -0.16654126704009964, 0.5783740998151041, 0.4254224569893382, -0.12660541229596772, -0.009765445147733429], [-0.09105009565399728, -0.4950562260792048, 0.462293109196009, 0.5141589230763643, -0.7137941391395755, 0.24775633041081785, -0.41741446031251156, -0.02953269333584156, -0.18961195703838685, 0.4432551816900543, -0.33366270429121325, 0.03271478521408998, 0.45813945955002316, 0.6908353525238493, -0.03027351598337169], [-0.7383966563210873, -0.4298779011753757, -0.4579990301024168, -0.6786684366844706, -0.03333116627115086, 0.3368792357494378, 0.25223136735816787, -0.18549270105670423, 0.01966225677733631, 0.5850621436094948, 0.6448247049875251, 0.5093678106094823, 0.05602942852020297, 0.053231556692007256, -0.08385620784047298]], "inverted": false, "swapped": true, "error_lsq": 0.038102193678865616, "error_max": 0.21841120592466762, "target": "496.xyz", "model": "1.xyz", "model_rescale": 3.9405287249114394, "target_rescale": 4.405159304636204},
{"mapping": [13, 14, 8, 11, 1, 9, 5, 12, 0, 4, 2, 3, 15], "R": [[-0.15870529218847673, -0.8059931275835395, -0.5702523200474284], [0.23388785414302068, -0.5918235734269284, 0.7713892205758093], [-0.9592231762815908, -0.010951539813446876, 0.282437536209285]], "T": [-0.016721277910927857, -0.026495683193098807, 0.002474654098617684], "aligned_model": [[-0.370233869128746, 0.3641907689837002, -0.3871495062692188, 0.44981551783611007, 0.5749549365128146, -0.7952741105927319, 0.04411300597860808, 0.579293943441086, 0.06550042077363145, -0.43067237913932793, -0.004587637574691734, -0.512603102360707, -0.08136470917659568], [0.5746028601309147, 0.5719979229374249, 0.27351751219448134, -0.41081967553610854, -0.10322034228119598, 0.06789139746869949, 0.40862062474664396, 0.16804088046867566, -0.7631987238971308, -0.5770210420546128, -0.6806531887144246, -0.024455633882635164, -0.04646999800871502], [0.06285027722345815, -0.31251935799779695, -0.6018204105777899, 0.10968239310067898, -0.583618550805639, -0.11426801422777139, 0.42926722785625554, 0.1936214731886634, -0.23528678681340703, 0.15680735236496682, 0.47107372499840905, 0.6082050321416189, -0.07087401086300278]], "inverted": false, "swapped": true, "error_lsq": 0.041191909516660186, "error_max": 0.23335040255353584, "target": "496.xyz", "model": "2.xyz", "model_rescale": 3.932901565614263, "target_rescale": 4.405159304636204},
{"mapping": [10, 12, 5, 11, 3, 9, 13, 4, 0, 7, 14, 1, 8, 15], "R": [[0.48420445075775154, -0.8448584576397523, 0.22750876119605457], [-0.0908805523104193, -0.30718072133034485, -0.9473018155027059], [0.8702222561381305, 0.4380116334043517, -0.22551947570955913]], "T": [0.03554248886226066, -0.07468908110750766, -0.010796110125534875], "aligned_model": [[-0.17980541624539223, 0.39698500627610456, 0.24074538476139243, -0.08819810528326846, -0.4348890028913954, -0.21368835463431188, 0.31836310817371527, -0.6553880291848746, -0.4135791133255179, -0.19752097312170325, 0.8114461834379068, 0.48483068191743683, 0.3327098824702033, 0.017798659702408588], [0.14616476207863094, 0.2586801251163073, -0.34953802387339206, 0.4997345417868619, -0.5808768032496083, -0.7324059189457823, -0.7117126053226297, -0.12017572080112868, 0.45342347082905216, -0.15451184462839568, -0.05461864570662417, 0.547454749052878, -0.43594787063111373, -0.10217357735456713], [-0.6821975326542963, -0.44420123709118475, -0.5182690086346278, -0.1885059269611164, -0.37860100137083785, 0.35522961677722115, -0.0752115872434674, 0.12631060580215467, 0.3433355033136503, 0.6722452912695097, -0.0018269367047834932, 0.3216942431728997, 0.6004167350698139, 0.08347759831216199]], "inverted": false, "swapped": true, "error_lsq": 0.03619183285364823, "error_max": 0.2314407753381893, "target": "496.xyz", "model": "3.xyz", "model_rescale": 3.9243930471874484, "target_rescale": 4.405159304636204},
{"mapping": [5, 3, 10, 12, 11, 13, 14, 2, 0, 7, 1, 6, 15], "R": [[-0.6113702157631348, -0.38134979874088465, -0.6933965606188319], [0.12221028783292713, 0.8202144938061581, -0.5588495590926966], [0.781851075861338, -0.42640416877722365, -0.4548498433811687]], "T": [-0.06818646744560102, -0.06657462619072615, -0.12891255227968157], "aligned_model": [[-0.04779406917291783, -0.22658961042574327, 0.5077263010167538, 0.3960036694364418, 0.5210577322484713, -0.5988965062269651, -0.15850962784858785, 0.42230578189299967, 0.23683392364777395, -0.47441341330523085, 0.20835649421272834, -0.36906194477807447, -0.1398128443862967], [-0.5961671085269932, -0.061034786183527395, -0.24111861517642785, -0.5092412879622475, 0.07543378284156299, -0.4895573683801221, -0.6463336864786293, 0.376775668285495, 0.6253540419383122, 0.4936293737180919, -0.046035907123887804, 0.15074180558455888, -0.004616358854598573], [-0.43598724236620345, -0.8955219645436161, -0.5576197827866698, 0.005955785406938863, -0.03154778930391297, -0.3002843158526862, 0.3792517621050199, -0.5877286660250994, 0.05607274427148523, 0.09105779538446807, 0.6601215485285606, 0.5007708500164064, -0.0974704094637277]], "inverted": false, "swapped": true, "error_lsq": 0.040665445689626004, "error_max": 0.29814296734032164, "target": "496.xyz", "model": "4.xyz", "model_rescale": 3.8936222436046832, "target_rescale": 4.405159304636204},
{"mapping": [1, 6, 14, 12, 13, 9, 4, 3, 10, 11, 5, 15], "R": [[-0.7898884998541581, -0.40478204731354894, -0.4606817252407559], [-0.4010366588061811, -0.22736578120387635, 0.8873975432866182], [-0.4639458546982851, 0.8856953741045522, 0.017261176033947445]], "T": [-0.09932134873775363, -0.08652081685194052, 0.008875069590783567], "aligned_model": [[-0.02402804274188776, -0.5726017464937864, -0.20618325037658503, 0.38875818564926873, -0.49434427210512094, -0.7576032786098955, -0.13201437140701439, -0.07133002780837026, 0.5824564025919673, 0.41719725483137043, 0.08309131986365785, -0.1858501311785069], [-0.6693096869323878, -0.5507443086313537, 0.04794691130949924, 0.0220393643685437, 0.47956780192674037, 0.10923103872673623, -0.2801069550691068, 0.42980064554846914, 0.14381177931784128, -0.4177875674484522, 0.48551266327396775, -0.13103878128069], [-0.5862389630487654, -0.2989493711003077, -0.7480983617569774, -0.4149276914889282, -0.10704038454301043, 0.4051431565243599, 0.6868926505360621, 0.5966172493960772, 0.17637731850542818, -0.009177196043967224, -0.11229517632333522, 0.030981488618882613]], "inverted": false, "swapped": true, "error_lsq": 0.038664267908745185, "error_max": 0.19963855959808272, "target": "496.xyz", "model": "5.xyz", "model_rescale": 3.6523030999806103, "target_rescale": 4.405159304636204},
{"mapping": [3, 5, 12, 2, 11, 9, 14, 4, 8, 6, 1, 0, 15], "R": [[-0.6914672187641661, 0.18748910029380433, -0.6976538702290478], [0.11830942491104889, -0.9233049480786694, -0.3653913693981605], [-0.7126541695322959, -0.3351951821319422, 0.6162533768863001]], "T": [0.0417827129926423, -0.032119018135302865, 0.1066663780816181], "aligned_model": [[0.1445294237842813, -0.09123948131397422, 0.18522598172232235, 0.794042537862248, 0.5694777579112558, -0.3664654403312801, -0.4539361853376321, 0.4122545219172512, -0.6140250683145745, -0.30061043644172897, 0.04285619817095854, 0.5580838183392629, 0.0008892766959038914], [-0.6196886094548683, 0.06368275737321753, 0.5417865379526628, -0.3087640976337738, 0.26905397777623435, -0.7074052821859548, 0.5635405954357668, -0.6114224577194143, -0.16550333858231903, 0.1012220941176487, 0.6190173656345094, -0.12152625760274328, -0.08316638094778284], [0.6136351397257711, 0.6968409524046756, 0.3889289623544405, 0.17896445815484663, 0.01898640157427177, 0.029179658104555237, 0.1509632211266137, -0.052740116108931714, -0.2734944983896275, -0.5251886294243135, -0.4182078146757338, -0.4690608097863623, 0.03130281442158306]], "inverted": false, "swapped": true, "error_lsq": 0.044823626349655095, "error_max": 0.28230707068607935, "target": "496.xyz", "model": "6.xyz", "model_rescale": 4.08911054899281, "target_rescale": 4.405159304636204},
{"mapping": [12, 11, 10, 14, 13, 9, 5, 3, 6, 1, 7, 0, 4, 2, 15], "R": [[-0.9736501975349239, 0.16866583450957623, -0.15348331866815992], [0.04293764768270594, 0.79658494038271, 0.6029998268382423], [0.22396796925381876, 0.5805206878524335, -0.7828371987352529]], "T": [-0.030768294870258825, -0.04963216891086185, -0.0890186371404578], "aligned_model": [[0.11560158635503422, 0.2853999369035682, 0.6452059603147461, -0.5371959487939509, -0.28267287492861287, -0.2592222207345596, 0.16096280936411628, 0.4540504634684489, -0.6803635927931507, -0.4546653977391179, -0.39870696274993306, 0.0951709012751842, 0.3079748410457581, 0.6787026258568573, -0.09390858704483392], [-0.6175635876844261, -0.5013062833735649, -0.2878289681662199, -0.4634498135855908, 0.31083105541588685, 0.7095500671506987, -0.05700527892294498, 0.515575965004606, -0.12008720450390921, -0.707853111386902, 0.3068000762744655, -0.16264586257856128, 0.37782046363411986, -0.007713190285044649, 0.005634489176500002], [-0.38167113853554957, 0.18095016794572563, -0.2686073383707044, -0.5071045134892943, -0.6335791693653775, -0.07746783256065679, -0.6707090474653583, -0.3304783095987296, 0.23857212643936962, 0.20513965005757304, 0.4255812056294811, 0.6708428664373496, 0.35907689007681254, 0.2885368798096012, -0.035012404928161725]], "inverted": false, "swapped": true, "error_lsq": 0.0436351727159828, "error_max": 0.31621587291490016, "target": "496.xyz", "model": "7.xyz", "model_rescale": 3.964800864290218, "target_rescale": 4.405159304636204},
{"mapping": [9, 5, 3, 8, 4, 14, 7, 10, 12, 11, 1, 0, 2, 15], "R": [[-0.9998915274609889, -0.001507047615583209, -0.014651352129251161], [0.005503087371486047, 0.8844827566081342, -0.46654042621434], [0.013661966956216017, -0.4665704470606348, -0.8843785211031115]], "T": [-0.013383000221367406, -0.09078774009936494, 0.035228384094087004], "aligned_model": [[-0.27892564712002116, 0.29815175883602607, 0.4811537500959101, -0.7260956723317626, 0.19883207125808847, -0.3963056292554078, -0.500990482495859, 0.696988261632452, 0.2219259733135905, 0.26137831363654584, -0.4548047590889488, -0.04665388292305124, 0.5959622094369333, -0.08942837553362303], [0.19165724785666874, -0.5644454477060256, 0.04054533420441486, -0.10089928012683672, 0.5574920104996212, -0.7430116265113582, 0.43369424948053037, -0.20405704316375584, -0.5572720774353485, 0.0236007847182583, -0.20201487313092906, 0.557100534122175, 0.41202342278139914, -0.03346476940761146], [-0.6564320935517418, -0.1966625007418405, -0.557221835489375, -0.25517808748518933, -0.14629405284488112, 0.20982527373552323, -0.084744082513941, 0.20397003803141767, 0.4310032887141212, 0.5721422486714868, 0.7368322727219705, 0.46552608707678794, 0.18863538020187676, 0.005413102198805999]], "inverted": false, "swapped": true, "error_lsq": 0.044648697341124075, "error_max": 0.278589849551977, "target": "496.xyz", "model": "8.xyz", "model_rescale": 4.121658175737393, "target_rescale": 4.405159304636204},
{"mapping": [12, 11, 0, 1, 10, 5, 4, 9, 7, 3, 14, 8, 15], "R": [[-0.6661259236126736, -0.7114410190706788, 0.22389267579542818], [-0.7285334165708353, 0.6849515702919066, 0.008967011446260026], [-0.1597351396242809, -0.15714013726074427, -0.9745725537028457]], "T": [-0.07871839708685188, -0.005508726456762744, -0.013269187589558702], "aligned_model": [[-0.6283074466816095, -0.24379331100307514, 0.36739247414699594, 0.04471917224317276, -0.654881639763922, -0.6058469986743571, 0.28109044408666184, 0.3921702243814311, 0.6466954169237202, -0.23621618511706632, -0.32724758918962527, 0.42320838265709715, 0.01775455242577366], [0.2356995201221454, -0.09251489140488285, -0.22330300920603224, 0.6187708536449218, -0.3975176299926402, -0.02726482724710929, -0.608542433301326, -0.21458992565132484, -0.0048113080201293, -0.6435991961312171, 0.7216990573509456, 0.4208825944712144, 0.005478634777144584], [-0.2766817603356673, -0.5981069533288184, -0.6129132667485309, -0.5559577107848607, -0.258821519678727, 0.29792371402122014, -0.08496446591843052, 0.5894174998324774, 0.018513181074965045, 0.4119921858987604, 0.09587242476518801, 0.38504910746699034, 0.009752997694522144]], "inverted": true, "swapped": true, "error_lsq": 0.051708740788913854, "error_max": 0.3510299004035128, "target": "496.xyz", "model": "9.xyz", "model_rescale": 3.833441315466971, "target_rescale": 4.405159304636204},
{"mapping": [11, 10, 7, 9, 3, 4, 5, 13, 6, 8, 1, 14, 12, 0, 15], "R": [[-0.19918729551145806, 0.9600266339712193, 0.19665523988117262], [-0.5813620930501251, 0.04578422843396751, -0.8123557848572782], [-0.7888868981490369, -0.27613885364540197, 0.5490034566705335]], "T": [-0.0503986949693527, -0.023388675157480797, 0.005011470637756241], "aligned_model": [[0.14489173609409464, 0.002247057173373118, -0.42698123819247147, -0.6442521960018324, -0.6160981866507778, -0.6954007583074745, 0.10229245703165038, -0.08831853918525026, 0.1052683930597505, -0.08526424747741843, 0.5579191200597097, 0.6265210930825537, 0.5037333358258879, -0.26515700796416114, -0.09755600025310174], [-0.603978816181837, -0.5138637410574177, 0.13016500621386223, 0.49317450643071237, 0.036885442411573745, -0.2940426941406026, 0.14881239317477882, 0.6148558025099334, 0.22223735539792586, 0.6036800996930098, -0.19875758111344496, 0.35493197287718437, -0.24150261211867752, -0.5698952136960065, 0.01839961889398411], [0.04540636955690662, -0.545073654565394, 0.6065450623719869, 0.1008383124913476, -0.5327276411698161, 0.09972687070461589, -0.5626249594052506, -0.27984270072926365, 0.675600228614578, 0.4499459150443496, 0.551516588275289, 0.039112783216057684, -0.26881279432591326, 0.516119826112372, 0.08239170163022687]], "inverted": true, "swapped": true, "error_lsq": 0.04323122035093584, "error_max": 0.2990277805056991, "target": "496.xyz", "model": "10.xyz", "model_rescale": 4.2482417240324, "target_rescale": 4.405159304636204},
{"mapping": [1, 14, 5, 13, 0, 4, 11, 9, 8, 7, 6, 15], "R": [[-0.3005958042044819, 0.2742006547983214, 0.9134857215101027], [-0.2694674430023594, 0.8943421787069914, -0.3571265385649775], [-0.914893141113448, -0.3535054006571951, -0.19494735712434028]], "T": [0.052591515385858295, 0.049488627872852034, 0.16824299356598207], "aligned_model": [[-0.7128251711249092, -0.10046140963792996, 0.4476570338602158, 0.6145695990857606, -0.4814475070725256, 0.16393153890638126, -0.39446270184813526, 0.5742010654124963, 0.12303867942209445, -0.0716646610003056, -0.33395643716709156, 0.0481855735269553], [-0.25126570878562665, -0.6971577232280162, -0.2938786138012413, -0.2955090733465156, 0.614647718184081, 0.7464334979793413, 0.1775206257894384, 0.319680120204485, -0.12445270535696427, 0.4303152857401299, -0.046849917515901826, 0.08664788418742933], [0.016069454953205747, 0.02126054483623835, 0.4863641748850609, -0.06647608618220804, 0.13056268263333282, 0.15712931250730283, 0.5689989623813021, -0.3643002625863202, -0.5782013276242041, -0.4373701388835203, -0.4445809914054487, 0.07573596433961446]], "inverted": false, "swapped": true, "error_lsq": 0.041095037417199116, "error_max": 0.2138663499610525, "target": "496.xyz", "model": "11.xyz", "model_rescale": 3.6694154284099745, "target_rescale": 4.405159304636204},
{"mapping": [3, 9, 7, 8, 13, 10, 5, 11, 6, 1, 0, 14, 4, 15], "R": [[-0.6028143005385568, 0.5472095822037947, -0.5806690901111915], [-0.7877542652470383, -0.5237639680244085, 0.32421370018002865], [-0.12672070332550064, 0.6528652073312493, 0.7467990923970219]], "T": [0.021243947164024515, -0.050115513963940775, 0.012659422028032184], "aligned_model": [[-0.23124211597444555, 0.14396194545626312, -0.04530691594688202, 0.5365030553899879, 0.5402202912129839, -0.36944037560987064, 0.24503654647517642, -0.3666716643286278, 0.31582909194371034, 0.19890893947916777, -0.5529574769467457, 0.7015478590564833, -0.5501590074082531, 0.03203467745686166], [-0.38788115244398946, 0.29604560033565924, 0.6502315886818514, 0.48675997503683555, -0.1994467240863682, -0.667973243101887, -0.5997101703264656, -0.16613902792823, 0.5809549286796947, 0.26426405356287186, 0.39976361547031825, -0.14437332009274917, 0.17511845826647016, 0.04337270608224229], [-0.6468687410461079, -0.6900461071395478, -0.16712023572724896, -0.1839881705429276, -0.43264897762825916, 0.12012382051045711, -0.1391348424797248, 0.474086593687848, 0.23452280432321918, 0.767028893102553, 0.2845486902059795, 0.3743386516677384, -0.33522071245992335, -0.020526206821640323]], "inverted": true, "swapped": true, "error_lsq": 0.040053972297601145, "error_max": 0.21863381784616262, "target": "496.xyz", "model": "12.xyz", "model_rescale": 3.9764082729961374, "target_rescale": 4.405159304636204},
{"mapping": [12, 5, 1, 8, 10, 7, 6, 13, 14, 11, 2, 9, 0, 3, 4, 15], "R": [[-0.7317021215992765, -0.5210618444646911, -0.43943891440127636], [0.137293932854826, 0.5188164517581526, -0.8437889934019852], [0.667654387575168, -0.6777344934619568, -0.30808046858490173]], "T": [0.05935623687306242, 0.040384893694928516, -0.08635579007690877], "aligned_model": [[0.03693354992563225, 0.349716336736472, -0.47628600497755286, -0.3734509593947002, -0.28395184676694823, -0.233543912901981, 0.810527896435175, 0.49539168712110976, 0.6474951754285836, 0.15121386045233298, -0.7061624271462946, -0.17400826079824738, -0.30701098773168106, 0.07595338642448309, 0.29227142804212314, 0.09975503067965794], [0.42492598486008987, -0.4905036785280163, 0.2953701994446166, 0.3401941234073144, 0.7672148804700325, -0.49440031269910983, -0.09869847807246848, 0.4516251283298299, 0.3019818285875283, 0.6713746214289116, -0.12394895941156203, -0.18424678609377468, -0.5725431838953783, 0.06672486908550629, -0.627590627075808, -0.015804743346389503], [-0.595117922378275, -0.6665904341004385, -0.3130548435773168, 0.3852851679479996, -0.08850729889426137, 0.3600162343677614, -0.09382300292680114, -0.20978634436276217, 0.3874244038787391, 0.3868871065776247, 0.06607476351164418, -0.5928937908029598, -0.21751280261962255, 0.7547590579889207, 0.037833336471962076, -0.0038976981683093437]], "inverted": true, "swapped": false, "error_lsq": 0.039305450651593465, "error_max": 0.21785479475222205, "target": "496.xyz", "model": "13.xyz", "model_rescale": 4.170626492500431, "target_rescale": 4.405159304636204},
{"mapping": [5, 3, 13, 9, 14, 6, 8, 10, 12, 4, 11, 7, 1, 15], "R": [[0.6092390638410682, 0.720101460796673, 0.33208680980815364], [-0.7911214195062605, 0.5232351923010582, 0.31678357459955925], [0.05435680903492021, -0.4557179168039946, 0.8884630085801936]], "T": [0.04479067996414015, -0.015511380750784075, 0.11832446211036635], "aligned_model": [[0.3222229685728089, -0.08286501602018351, -0.21488016983843716, -0.6853920634429196, 0.2342799083471594, -0.334866066896719, -0.5691509165564141, 0.6415776052602886, 0.6618502310956955, -0.25209373278516994, 0.4918945718908448, -0.584243647297562, 0.26318258530274957, -0.048333235540498044], [-0.23719745946986862, -0.7618352109604519, -0.08446941512632535, -0.2647413662936421, 0.581351155793457, 0.5908092043901398, 0.392147039936831, -0.4481042845109399, 0.15631585192153521, -0.48074564283739196, 0.02039789400270402, 0.14043116298589486, 0.7412463046442418, 0.010469233449482161], [-0.3807401832870477, -0.08046437119995012, -0.5280126527618718, -0.06443182483355836, -0.3403243757841086, 0.2682903719170962, -0.10368419327915823, 0.1697030166824089, -0.020703008564894043, 0.558402856898389, 0.5374469334585266, 0.445789796286551, 0.39956358126001973, 0.1430371543284645]], "inverted": true, "swapped": true, "error_lsq": 0.03699025915389621, "error_max": 0.2316689099908957, "target": "496.xyz", "model": "14.xyz", "model_rescale": 3.9786697098870705, "target_rescale": 4.405159304636204},
{"mapping": [4, 7, 3, 10, 9, 13, 1, 14, 5, 11, 8, 15], "R": [[0.8203361566960707, 0.28722191389060253, -0.49452215541686206], [-0.5144985494794285, -0.00686942975121472, -0.8574637330630708], [-0.2496794597092114, 0.9578394349346411, 0.14214001647461527]], "T": [0.04617992674411415, -0.09136193437258337, 0.016231496250743948], "aligned_model": [[-0.04128538469570255, -0.5693346273828773, 0.5705466906746698, 0.6263634800165213, -0.09045711052827446, 0.2902878078567191, -0.47915204851474485, -0.0011060613330933985, 0.6042800726972987, 0.044830755832932896, -0.4372726377171631, -0.034346340138949404], [-0.319808711934342, 0.050991224138504446, 0.04364318472822672, -0.5487508450994513, 0.45996620572317953, 0.5646179541253609, -0.34457991325823245, 0.23381847562897828, 0.10467932528480527, -0.6860075574428366, 0.5073153383039419, -0.0512101899736956], [-0.6458970077636658, -0.3416975732973108, -0.5491226858391393, 0.026882285624271522, -0.5369862609341224, 0.02235971527739798, 0.6157142998419983, 0.7194608670736272, 0.17519993382598364, 0.168710264869722, 0.032251985007445236, -0.02690932981237774]], "inverted": true, "swapped": true, "error_lsq": 0.04519673429415849, "error_max": 0.21891048811580113, "target": "496.xyz", "model": "15.xyz", "model_rescale": 3.769337070930944, "target_rescale": 4.405159304636204},
{"mapping": [14, 13, 1, 6, 12, 5, 11, 3, 0, 7, 15], "R": [[0.9581042139326907, 0.10040352949137271, 0.26824512392603966], [-0.2823878371123328, 0.17454091047688422, 0.9432881744307618], [0.04788971387928653, -0.9795175352363917, 0.19558111736306433]], "T": [0.05629594898858204, -0.029090990471839905, 0.04625667524171945], "aligned_model": [[-0.2850578719829595, -0.2525237540056534, -0.1817188372340272, -0.5660972148805082, 0.3754384377537525, 0.2784623872921599, 0.4696889042212187, 0.37561549179115994, 0.1610208219640413, -0.42903778701913475, -0.023164447208878426], [0.04682566697057692, -0.621054286270176, 0.7025170078986906, 0.35303779356778947, 0.13770251687912435, -0.4619570810848928, 0.4237583921891473, -0.6688040612048827, 0.5616118006390373, 0.1420659719973653, -0.019639223956437694], [-0.6467253171188827, -0.16385204488579852, -0.2817240545605198, 0.07554854244374241, -0.5014145061282713, -0.32582924740923125, 0.016445379296937054, 0.3650268953417184, 0.542366737884876, 0.5584990649351882, 0.10587615742401829]], "inverted": true, "swapped": true, "error_lsq": 0.03787680752282638, "error_max": 0.15637707121492417, "target": "496.xyz", "model": "16.xyz", "model_rescale": 3.7852294659196426, "target_rescale": 4.405159304636204},
{"mapping": [5, 9, 8, 13, 3, 4, 0, 7, 14, 12, 11, 6, 15], "R": [[0.581147130530346, -0.8109995304538515, -0.06743718766361712], [-0.2820060676040211, -0.12295998669486655, -0.9515006145591894], [0.763374475936196, 0.5719795479522246, -0.3001646318497694]], "T": [-0.005643430867925497, 0.1509647670806132, -0.09372341517987313], "aligned_model": [[0.03394604766670278, -0.35319863302007365, 0.28431797463340897, 0.08696190023622076, -0.6457868260321539, -0.651993683454959, -0.2367688249493807, -0.13492426325303553, 0.7391288702360114, 0.3530930978901545, -0.0033370267031627883, 0.3963784349072255, -0.014051217940675216], [-0.12234731570908833, -0.45247610103224123, -0.3233586221700647, -0.5286156559468304, -0.18903366919755796, 0.26760853515225225, 0.7423702964998513, 0.07417779675844208, -0.023739948721642312, 0.41923823094347046, 0.7510224312534568, 0.13932354804028937, 0.1208860978325366], [-0.640451950320162, 0.2854161172206239, 0.438570883768587, -0.23347508097471142, -0.3894086083515316, 0.1648841041669235, 0.35665734893505463, 0.6166469350419839, -0.22526159781126665, -0.5722139340561536, -0.22326295487944514, 0.5166015580636315, 0.001051876339639643]], "inverted": false, "swapped": true, "error_lsq": 0.043344538952481644, "error_max": 0.2762682825786673, "target": "496.xyz", "model": "17.xyz", "model_rescale": 3.901054581598922, "target_rescale": 4.405159304636204},
{"mapping": [6, 7, 14, 1, 9, 5, 4, 0, 13, 10, 3, 2, 11, 12, 15], "R": [[-0.1737739930408314, 0.43907081237571555, -0.8814870509896185], [-0.27610992561724756, -0.8809261165587988, -0.38435983939567847], [-0.9452861515532126, 0.17659558002499082, 0.27431385819413856]], "T": [-0.024336610793801686, 0.04799908997068421, -0.023699301348529364], "aligned_model": [[0.03990267842319671, 0.2351738430619652, -0.5165296856573107, 0.20627800846983413, -0.2440195371685176, -0.4773918789699557, 0.42898971757445237, 0.7331817052157084, -0.6812967255798135, 0.11391365339883376, -0.16654126704009964, 0.5783740998151041, 0.4254224569893382, -0.12660541229596772, -0.009765445147733429], [-0.09105009565399728, -0.4950562260792048, 0.462293109196009, 0.5141589230763643, -0.7137941391395755, 0.24775633041081785, -0.41741446031251156, -0.02953269333584156, -0.18961195703838685, 0.4432551816900543, -0.33366270429121325, 0.03271478521408998, 0.45813945955002316, 0.6908353525238493, -0.03027351598337169], [-0.7383966563210873, -0.4298779011753757, -0.4579990301024168, -0.6786684366844706, -0.03333116627115086, 0.3368792357494378, 0.25223136735816787, -0.18549270105670423, 0.01966225677733631, 0.5850621436094948, 0.6448247049875251, 0.5093678106094823, 0.05602942852020297, 0.053231556692007256, -0.08385620784047298]], "inverted": false, "swapped": true, "error_lsq": 0.038102193678865616, "error_max": 0.21841120592466762, "target": "496.xyz", "model": "18.xyz", "model_rescale": 3.9405287249114394, "target_rescale": 4.405159304636204},
{"mapping": [13, 9, 4, 1, 12, 6, 11, 14, 10, 3, 0, 7, 8, 2, 5, 15], "R": [[0.8452230226518731, 0.3296487591363422, 0.42063016722425084], [-0.20975580427671403, -0.5192901929610674, 0.8284565154953436], [0.491528783034585, -0.788460139191784, -0.3697702859265636]], "T": [-0.01853959496155965, 0.12212273431973532, -0.09049849371811014], "aligned_model": [[0.32242567915944176, 0.30328971186639786, -0.6398975502419729, -0.32920523982142647, -0.19810535037544794, -0.26771759608074613, 0.6754521560801792, 0.5192990525013298, 0.6165737740664489, 0.09243282584918047, -0.6660752268920067, -0.20763989308468966, -0.3595918121221682, 0.2973085710224027, 0.24160379058117132, 0.0046910590200702484], [0.32406146455924095, -0.40955205249652615, 0.23609844470043384, 0.24191102837937511, 0.638214105268897, -0.37121255594075064, -0.02301749109401234, 0.6769076209943785, 0.24633249745497832, 0.7427611279430233, -0.04984072993702583, -0.21747109371234463, -0.5530970340607232, -0.24211303660462613, -0.6398171398044348, 0.11150971084143897], [-0.6329865363926133, -0.5407846974675192, -0.4587224167174684, 0.479288348609372, -0.12980369087888405, 0.41230770227997904, -0.21904018482525248, -0.14228923506131377, 0.3557155582460852, 0.48214598678796583, 0.06377538708224265, -0.6774760556006784, -0.0846842788932059, 0.6326180406224828, 0.11695195804538375, -0.0599199529226707]], "inverted": false, "swapped": false, "error_lsq": 0.04386947772745385, "error_max": 0.28810481351262673, "target": "496.xyz", "model": "19.xyz", "model_rescale": 4.410303926677745, "target_rescale": 4.405159304636204},
{"mapping": [9, 5, 3, 8, 4, 14, 7, 10, 12, 11, 1, 0, 2, 15], "R": [[-0.9998915274609889, -0.001507047615583209, -0.014651352129251161], [0.005503087371486047, 0.8844827566081342, -0.46654042621434], [0.013661966956216017, -0.4665704470606348, -0.8843785211031115]], "T": [-0.013383000221367406, -0.09078774009936494, 0.035228384094087004], "aligned_model": [[-0.27892564712002116, 0.29815175883602607, 0.4811537500959101, -0.7260956723317626, 0.19883207125808847, -0.3963056292554078, -0.500990482495859, 0.696988261632452, 0.2219259733135905, 0.26137831363654584, -0.4548047590889488, -0.04665388292305124, 0.5959622094369333, -0.08942837553362303], [0.19165724785666874, -0.5644454477060256, 0.04054533420441486, -0.10089928012683672, 0.5574920104996212, -0.7430116265113582, 0.43369424948053037, -0.20405704316375584, -0.5572720774353485, 0.0236007847182583, -0.20201487313092906, 0.557100534122175, 0.41202342278139914, -0.03346476940761146], [-0.6564320935517418, -0.1966625007418405, -0.557221835489375, -0.25517808748518933, -0.14629405284488112, 0.20982527373552323, -0.084744082513941, 0.20397003803141767, 0.4310032887141212, 0.5721422486714868, 0.7368322727219705, 0.46552608707678794, 0.18863538020187676, 0.005413102198805999]], "inverted": false, "swapped": true, "error_lsq": 0.044648697341124075, "error_max": 0.278589849551977, "target": "496.xyz", "model": "20.xyz", "model_rescale": 4.121658175737393, "target_rescale": 4.405159304636204},
{"mapping": [3, 5, 12, 2, 11, 9, 14, 4, 8, 6, 1, 0, 15], "R": [[-0.6914672187641661, 0.18748910029380433, -0.6976538702290478], [0.11830942491104889, -0.9233049480786694, -0.3653913693981605], [-0.7126541695322959, -0.3351951821319422, 0.6162533768863001]], "T": [0.0417827129926423, -0.032119018135302865, 0.1066663780816181], "aligned_model": [[0.1445294237842813, -0.09123948131397422, 0.18522598172232235, 0.794042537862248, 0.5694777579112558, -0.3664654403312801, -0.4539361853376321, 0.4122545219172512, -0.6140250683145745, -0.30061043644172897, 0.04285619817095854, 0.5580838183392629, 0.0008892766959038914], [-0.6196886094548683, 0.06368275737321753, 0.5417865379526628, -0.3087640976337738, 0.26905397777623435, -0.7074052821859548, 0.5635405954357668, -0.6114224577194143, -0.16550333858231903, 0.1012220941176487, 0.6190173656345094, -0.12152625760274328, -0.08316638094778284], [0.6136351397257711, 0.6968409524046756, 0.3889289623544405, 0.17896445815484663, 0.01898640157427177, 0.029179658104555237, 0.1509632211266137, -0.052740116108931714, -0.2734944983896275, -0.5251886294243135, -0.4182078146757338, -0.4690608097863623, 0.03130281442158306]], "inverted": false, "swapped": true, "error_lsq": 0.044823626349655095, "error_max": 0.28230707068607935, "target": "496.xyz", "model": "21.xyz", "model_rescale": 4.08911054899281, "target_rescale": 4.405159304636204},
{"mapping": [9, 11, 10, 7, 12, 0, 15, 14, 2, 3, 6, 5, 8, 4, 1, 16], "R": [[0.1538037154974067, 0.28750681242807496, -0.9453487451235343], [-0.968485725580888, -0.14582457145341868, -0.2019172942233728], [-0.19590767326793018, 0.9466123954226857, 0.2560178829434995]], "T": [0.029078375047628467, 0.04676072833691052, -0.020106950134480498], "aligned_model": [[0.011318178866578259, 0.3399716009360515, -0.625808301183577, -0.5988800892128274, -0.16232246700990585, -0.28999904658865644, 0.7269523710218522, 0.40023386216836115, 0.6151540290729047, 0.43070881401864947, -0.611696063201711, -0.22068309708577782, -0.1450977639835304, 0.18946299145210677, 0.33224225507159644, 0.013286677186049478], [0.44378379061231416, -0.4308791366010142, 0.3096507498825836, 0.27666005688258294, 0.7570248358603359, -0.28248043335331324, -0.02076465805316883, 0.5608199656731202, -0.10307785488335619, 0.6583179864322954, -0.3290792905210295, -0.03928928498310937, -0.575585521013132, 0.10126476610257208, -0.6672247458283376, 0.052533640281979294], [-0.611380892580442, -0.5310850238100724, -0.4114478336126789, 0.22198942304639252, -0.08223682425075343, 0.604288160857019, -0.21990491266166257, -0.11914881419483495, 0.37399653387782916, 0.4478348559240054, 0.040856383620127446, -0.6742809760584284, -0.2713236625009284, 0.6563531525735705, 0.148163028756225, 0.02442333392853745]], "inverted": true, "swapped": false, "error_lsq": 0.041284895555913186, "error_max": 0.2778042300489405, "target": "496.xyz", "model": "22.xyz", "model_rescale": 4.204369325754507, "target_rescale": 4.405159304636204},
{"mapping": [13, 9, 4, 1, 12, 6, 11, 14, 10, 3, 0, 7, 8, 2, 5, 15], "R": [[0.8452230226518731, 0.3296487591363422, 0.42063016722425084], [-0.20975580427671403, -0.5192901929610674, 0.8284565154953436], [0.491528783034585, -0.788460139191784, -0.3697702859265636]], "T": [-0.01853959496155965, 0.12212273431973532, -0.09049849371811014], "aligned_model": [[0.32242567915944176, 0.30328971186639786, -0.6398975502419729, -0.32920523982142647, -0.19810535037544794, -0.26771759608074613, 0.6754521560801792, 0.5192990525013298, 0.6165737740664489, 0.09243282584918047, -0.6660752268920067, -0.20763989308468966, -0.3595918121221682, 0.2973085710224027, 0.24160379058117132, 0.0046910590200702484], [0.32406146455924095, -0.40955205249652615, 0.23609844470043384, 0.24191102837937511, 0.638214105268897, -0.37121255594075064, -0.02301749109401234, 0.6769076209943785, 0.24633249745497832, 0.7427611279430233, -0.04984072993702583, -0.21747109371234463, -0.5530970340607232, -0.24211303660462613, -0.6398171398044348, 0.11150971084143897], [-0.6329865363926133, -0.5407846974675192, -0.4587224167174684, 0.479288348609372, -0.12980369087888405, 0.41230770227997904, -0.21904018482525248, -0.14228923506131377, 0.3557155582460852, 0.48214598678796583, 0.06377538708224265, -0.6774760556006784, -0.0846842788932059, 0.6326180406224828, 0.11695195804538375, -0.0599199529226707]], "inverted": false, "swapped": false, "error_lsq": 0.04386947772745385, "error_max": 0.28810481351262673, "target": "496.xyz", "model": "23.xyz", "model_rescale": 4.410303926677745, "target_rescale": 4.405159304636204},
{"mapping": [12, 7, 2, 4, 5, 10, 13, 6, 14, 15, 3, 0, 1, 9, 11, 16], "R": [[0.2604035143239781, 0.8558110137629292, 0.4469647843508362], [-0.8882318040593301, 0.030882448511753605, 0.4583563424143129], [0.37846303912697954, -0.5163659391323043, 0.7682004588118807]], "T": [0.0850542072947508, 0.018378130247861158, 0.050978710049954315], "aligned_model": [[0.1642486313861526, 0.2653246289463712, -0.6919201131933538, -0.5263690030865207, -0.09843861826185821, -0.2608385658902649, 0.6808203454469829, 0.5612089055571322, 0.7075183175756237, 0.3221576870955657, -0.7682168973291904, -0.27634679219900116, -0.24277683103098854, 0.2140918585880288, 0.37381925562700924, -0.019438857703524243], [0.40629157549299943, -0.3881271778895472, 0.303259152602003, 0.28483012493915527, 0.6053254921799909, -0.30624265948958035, 0.09113216008385963, 0.5838274814576274, 0.0775443951399074, 0.5347998501743073, -0.2102962576375214, 0.020222014770062514, -0.738940882375142, -0.022669218508954685, -0.5001018917823828, -0.029179292665461553], [-0.6486120538789129, -0.4431740054297399, -0.33379090879083606, 0.2214174536596174, -0.08102587592378364, 0.49680768914870466, -0.3150215407736418, -0.12633971623144585, 0.3101847565180125, 0.4827248598756418, -0.11898431820368165, -0.6121741597628465, -0.18424474328819512, 0.6626030909710674, 0.27123923812511547, 0.01548616689882891]], "inverted": false, "swapped": false, "error_lsq": 0.03649795946581984, "error_max": 0.2584846190054181, "target": "496.xyz", "model": "24.xyz", "model_rescale": 4.28219845311461, "target_rescale": 4.405159304636204},
{"mapping": [14, 2, 10, 5, 11, 1, 13, 12, 7, 9, 8, 6, 0, 3, 4, 15], "R": [[0.9954348146553811, 0.0824652530455929, 0.04805217801654174], [-0.023987189366666464, -0.2711448230792162, 0.9622396269451952], [0.09238043363339865, -0.958999461395817, -0.267928887065651]], "T": [0.0856657228871072, 0.057746567659218574, -0.0012502489070990858], "aligned_model": [[0.049196463585278946, 0.3127380318935911, -0.4882669225109894, -0.5378807470132765, -0.07638766990082764, -0.31784113432769784, 0.6442998599033966, 0.41177032731395175, 0.7415732223589209, 0.26642839041569816, -0.6080015650641291, -0.4731713037723933, -0.09701567979018459, 0.10284283568812468, 0.39978886802092245, 0.07477097472777788], [0.3103728404589665, -0.2944393382295404, 0.37575877530485013, 0.3944825154418541, 0.5679318652155687, -0.25902876727318536, 0.1363802836126158, 0.6963183635925269, 0.03690627435121165, 0.5104026207442917, 0.03997879285275053, -0.3191080261736686, -0.7145053890031484, -0.1926475749010538, -0.5634406775609345, -0.013687691941781925], [-0.7188814803288596, -0.5427142630056332, -0.4475398109210145, 0.47106255238018524, -0.10088323185879132, 0.381781084283497, -0.187425157561382, -0.2663950181241152, 0.4169566855902785, 0.46704563994124565, -0.02260573376760265, -0.5994800774031711, -0.19048183343465364, 0.731588795513401, 0.22258368304413417, -0.0175159014336129]], "inverted": false, "swapped": false, "error_lsq": 0.04023842063075053, "error_max": 0.2753338395715336, "target": "496.xyz", "model": "25.xyz", "model_rescale": 4.100010024507729, "target_rescale": 4.405159304636204},
{"mapping": [1, 14, 5, 13, 0, 4, 11, 9, 8, 7, 6, 15], "R": [[-0.3005958042044819, 0.2742006547983214, 0.9134857215101027], [-0.2694674430023594, 0.8943421787069914, -0.3571265385649775], [-0.914893141113448, -0.3535054006571951, -0.19494735712434028]], "T": [0.052591515385858295, 0.049488627872852034, 0.16824299356598207], "aligned_model": [[-0.7128251711249092, -0.10046140963792996, 0.4476570338602158, 0.6145695990857606, -0.4814475070725256, 0.16393153890638126, -0.39446270184813526, 0.5742010654124963, 0.12303867942209445, -0.0716646610003056, -0.33395643716709156, 0.0481855735269553], [-0.25126570878562665, -0.6971577232280162, -0.2938786138012413, -0.2955090733465156, 0.614647718184081, 0.7464334979793413, 0.1775206257894384, 0.319680120204485, -0.12445270535696427, 0.4303152857401299, -0.046849917515901826, 0.08664788418742933], [0.016069454953205747, 0.02126054483623835, 0.4863641748850609, -0.06647608618220804, 0.13056268263333282, 0.15712931250730283, 0.5689989623813021, -0.3643002625863202, -0.5782013276242041, -0.4373701388835203, -0.4445809914054487, 0.07573596433961446]], "inverted": false, "swapped": true, "error_lsq": 0.041095037417199116, "error_max": 0.2138663499610525, "target": "496.xyz", "model": "26.xyz", "model_rescale": 3.6694154284099745, "target_rescale": 4.405159304636204},
