[{"mapping": [11, 13, 3, 0, 1, 8, 12, 7, 2, 9, 5, 14], "R": [[-0.4837287955231255, 0.42453515825884275, -0.7653602758073388], [0.5527396193541954, 0.8262031228955846, 0.10893719710807065], [0.6785907202267987, -0.3703488883738182, -0.6343156432741918]], "T": [-0.11968769615819469, -0.08397559025411751, -0.03400029976691666], "aligned_model": [[-0.27892438321014595, 0.19905094481365482, 0.410179801900116, -0.05262718362119248, -0.023638053812585325, -0.4002740633799583, 0.2823086669389568, -0.40117514070709476, 0.47643964152248447, 0.22529877376609103, -0.45687482212934305, -0.14212171962043443], [-0.2663293196295261, -0.6142960722887224, -0.25705575777444023, 0.5779994971227548, 0.46217340015374864, -0.7849910287169222, -0.2871725190440273, -0.4965985970579062, 0.2553214326512719, 0.27819742115994683, 0.2751015733446705, -0.08879499394379106], [-0.5832236680202927, 0.0701951582753356, -0.5338044836869198, -0.04723779604443909, -0.6730142382544891, 0.04798895958518664, 0.5615620482876386, 0.6356718043579064, -0.17382980299627554, 0.45156940112064, 0.45165269667508123, -0.025578333945809374]], "inverted": true, "swapped": true, "error_lsq": 0.04679373199902644, "error_max": 0.31560259291774884, "target": "497.xyz", "model": "0.xyz", "model_rescale": 3.751011558992144, "target_rescale": 4.189654328663282},
{"mapping": [7, 12, 6, 11, 3, 0, 2, 8, 5, 1, 13, 9, 4, 10, 14], "R": [[0.1859821092274215, 0.06616510896658201, 0.9803228210149755], [-0.9804629947738277, 0.07754124069484089, 0.18077519705601697], [-0.06405443721130091, -0.9947912013819509, 0.07929372438344931]], "T": [-0.06271761346259583, 0.05448664061070195, 0.02209037360163723], "aligned_model": [[-0.25288418775561694, 0.11357352079777305, 0.1300273252415585, 0.5675185650551842, -0.47106019205385197, -0.7862570605540148, -0.5944529292543611, -0.3429979442725545, 0.0745949147185509, -0.48236593982510345, -0.00684034969660955, 0.4839623636275826, 0.009483721310852039, 0.6336151358365658, -0.02748761876244602], [-0.5805908752850891, -0.4553730771400003, -0.5171804325604874, -0.43472207633061866, -0.18786925963604445, -0.16444947909474483, 0.5172523946984764, 0.5935836245872295, 0.6150805652236145, -0.2107370284797595, 0.2593916441966088, 0.22553439517217266, 0.3240889156678101, 0.28928784994236023, 0.030823107692354103], [0.03588336539211889, -0.48873210855197535, 0.46904886309026794, 0.0076619474016847156, -0.5761786675811802, -0.04164472262054659, -0.4101636174401035, 0.28899041138422094, -0.21658465292442, 0.5112092108704299, -0.6724554270480136, -0.3035985725455334, 0.762141419442917, 0.38601734770320373, -0.012589550369115264]], "inverted": false, "swapped": false, "error_lsq": 0.04663851151074056, "error_max": 0.2972466924956342, "target": "497.xyz", "model": "1.xyz", "model_rescale": 3.9405287249114394, "target_rescale": 4.189654328663282},
{"mapping": [8, 7, 10, 9, 5, 11, 13, 12, 0, 1, 2, 3, 14], "R": [[0.6462655592610294, -0.08163245206083938, -0.7587337936875909], [-0.20332692258439342, -0.9767397795393865, -0.06809967413806559], [-0.7355263349910655, 0.19828148132361073, -0.6478313551370647]], "T": [-0.06759250255444087, -0.04356960287634479, -0.03273193313650778], "aligned_model": [[-0.20038798859817358, 0.4174661054263589, -0.5634548271324257, 0.5492703934580393, 0.3894674522968331, -0.6643265932393614, -0.0040355227473382466, 0.5499799371981301, 0.0725916034669387, -0.5391555508230202, 0.008990444786644194, -0.45459604513942026, -0.06582612966927366], [0.7021391661539199, 0.5919828576469829, 0.21749649757579856, -0.34074286762795614, -0.15763173470572076, 0.020883883899241104, 0.3915363205755844, 0.19753884483823803, -0.6783322525488716, -0.7456985712917861, -0.5528428410547426, -0.1565686972099256, -0.03092801267874538], [-0.08892253520471062, -0.27510534539930126, -0.5716581151745078, 0.09815392281266662, -0.5392656714460252, -0.03584423339433428, 0.41485512441260797, 0.3108602325657462, -0.17523861703849242, -0.010680395340616475, 0.44141823664931623, 0.5981246233466945, -0.05357687720039931]], "inverted": true, "swapped": true, "error_lsq": 0.04888955756681147, "error_max": 0.29613602108093234, "target": "497.xyz", "model": "2.xyz", "model_rescale": 3.932901565614263, "target_rescale": 4.189654328663282},
{"mapping": [10, 8, 6, 11, 4, 0, 5, 1, 3, 2, 12, 13, 9, 14], "R": [[0.23745462739964818, -0.6835168875899706, -0.6902318192504702], [-0.9392006666228713, -0.3429707065340636, 0.01652883161870189], [-0.24802703026413964, 0.6443413372109884, -0.7233994978015308]], "T": [0.06513966286422102, -0.04665163490378858, 0.033731859251910634], "aligned_model": [[-0.19816462873685986, 0.45700656078024277, 0.28389266990241013, -0.3297196744900378, -0.26515719838297097, -0.2745994061547759, 0.25476069833775483, -0.7453337444593652, -0.20740472431463763, -0.15313348380299477, 0.7255171676991802, 0.46295994221877795, 0.3371829251965897, 0.07200280825939019], [0.05380144462992574, 0.38887719600779014, -0.43311464514054165, 0.33824866950787347, -0.5665943866744277, -0.549944302860641, -0.6869199833178742, -0.12271666407928063, 0.5091053983591862, -0.06901019497641826, -0.07510364470124574, 0.4180764455835534, -0.4873878661955439, -0.05382082779186709], [-0.6908759051723143, -0.4496195293314665, -0.6912085761341993, -0.2033195544202081, -0.39412898470776425, 0.30605008361454716, -0.14679710024481096, 0.26436150708036765, 0.4548900351756534, 0.6984870703571375, 0.3811172539933744, 0.1732225934654951, 0.5003226080820666, 0.011394861299218899]], "inverted": true, "swapped": true, "error_lsq": 0.044857338231080825, "error_max": 0.31244023155306555, "target": "497.xyz", "model": "3.xyz", "model_rescale": 3.9243930471874484, "target_rescale": 4.189654328663282},
{"mapping": [8, 7, 10, 11, 4, 13, 3, 6, 0, 9, 1, 2, 14], "R": [[0.21032937205340624, 0.0830773412823469, 0.9740943027330962], [0.8907804988945665, 0.3942707625007846, -0.2259660784856824], [-0.4028295645068363, 0.9152315123522062, 0.008923046381484598]], "T": [-0.054321539083070955, -0.05941859454783611, -0.0846980819428111], "aligned_model": [[-0.07196731514832395, -0.2846326372805652, 0.6130382385927127, 0.29977755053790667, 0.5800801144251654, -0.5201834235482469, -0.282082930058518, 0.3880829739089075, 0.09056425661965652, -0.47471729992794337, 0.349913087022518, -0.36889838668216446, -0.04176834214975275], [-0.5409224152837403, 0.04166148038977562, -0.32565886283940393, -0.5202125538949571, 0.3313535539797064, -0.4463924620609727, -0.5455253472412808, 0.196542051158976, 0.4518196862493254, 0.48893280837172753, -0.019300904993920474, 0.07167522515726774, -0.05614270531091638], [-0.6718235287485108, -0.8813744721559945, -0.381722374060122, 0.06542944756055229, -0.17033133146448265, -0.24875526360552497, 0.4371692440301235, -0.7640415635196846, 0.31595998475270787, 0.00771962321908283, 0.6574797977745653, 0.5267742231093692, -0.105413471521118]], "inverted": true, "swapped": true, "error_lsq": 0.04954487489074359, "error_max": 0.2977278371344849, "target": "497.xyz", "model": "4.xyz", "model_rescale": 3.8936222436046832, "target_rescale": 4.189654328663282},
{"mapping": [9, 12, 5, 0, 6, 8, 13, 11, 1, 2, 4, 14], "R": [[0.20976791335254047, -0.954057670941413, -0.21394247601999813], [-0.25651629861972, 0.15744651258109915, -0.9536298989746959], [0.9435024170982074, 0.254920686084704, -0.21170411601087036]], "T": [-0.09400751870060661, -0.04170005339356117, 0.07837321402409411], "aligned_model": [[-0.030413943725885753, -0.47359530111186465, -0.2664409784534957, 0.3978090230505126, -0.6020784452210902, -0.7295775883024356, -0.4194382205135947, 0.0713395513197351, 0.7222837463273473, 0.4346235748577173, 0.033403526515787346, -0.11036690252763591], [-0.498384575291674, -0.6572047636003917, 0.12936949939467973, -0.022000366423418634, 0.537095177329524, 0.10508983524881357, -0.4353081752964568, 0.28844443501841244, 0.17103413992190722, -0.4993030323826837, 0.5748280641598785, -0.02473733296878375], [-0.4444632744961793, -0.10777631025827578, -0.5693090463153452, -0.3695238406104374, -0.2816339883262665, 0.4674451974689272, 0.4428705844950116, 0.5515755772503029, 0.14360971249795168, 0.04385882572449641, -0.32925515751711076, 0.07188643936244343]], "inverted": false, "swapped": true, "error_lsq": 0.04554254362469646, "error_max": 0.3160985939881167, "target": "497.xyz", "model": "5.xyz", "model_rescale": 3.6523030999806103, "target_rescale": 4.189654328663282},
{"mapping": [7, 6, 10, 8, 11, 12, 0, 13, 9, 2, 1, 3, 14], "R": [[0.7761221150897718, 0.47458746674256197, -0.4152122335378097], [-0.09859598126585406, -0.5590277557124896, -0.8232659356619101], [-0.6228268579202428, 0.679893156866529, -0.38708138717750695]], "T": [0.045897443652758274, 0.00036181848426664054, 0.02712565247746361], "aligned_model": [[-0.004842151375759204, -0.03353245848091818, 0.474477047284885, 0.5797853813977734, 0.5476612402714384, -0.22011245559588682, -0.4692211896483367, 0.3475049722532656, -0.5829979301278938, -0.21720021347359553, 0.0008780219449575077, 0.41099267977219395, 0.04768996044217147], [-0.5692752363541632, 0.09055579016188964, 0.4054863590652249, -0.3552075955615513, 0.3237558404194954, -0.6943147115020225, 0.3807837056381375, -0.5304452887084696, -0.2537076008224704, 0.03603694697263843, 0.712294811326651, -0.006880253129242078, 0.0017441366570648941], [0.6361353186378448, 0.8687319198895809, 0.5337517605658874, 0.43382905153935947, -0.035363645289027204, -0.03804972954042511, -0.154024399571494, -0.1176760810612106, -0.13381603900741745, -0.6206007330265129, -0.4278114118196, -0.6264595012041477, 0.05146322936895151]], "inverted": false, "swapped": true, "error_lsq": 0.0523054845488284, "error_max": 0.2804506969728343, "target": "497.xyz", "model": "6.xyz", "model_rescale": 4.08911054899281, "target_rescale": 4.189654328663282},
{"mapping": [1, 9, 0, 3, 11, 13, 12, 7, 5, 2, 10, 8, 2, 6, 14], "R": [[-0.772103950384443, -0.08257417479413943, -0.6301087171733182], [0.052851601566560005, 0.979743826274503, -0.19315471283105287], [0.6332947165519285, -0.182437771675889, -0.7520999012454058]], "T": [-0.02822155302712861, 0.0915991110882041, -0.10778815675818132], "aligned_model": [[-0.3447171592783043, 0.16145145053184398, 0.32954115370063597, 0.6776278570986044, -0.37397060077917366, -0.7435327136906066, -0.5390594888527399, -0.2130021251381163, 0.10565711973878447, -0.3015540825582957, -0.029892908459443444, 0.4417954761047534, -0.3015540825582957, 0.21552857442717938, -0.035889145873316895], [-0.5369510602477144, -0.6222188505061703, -0.5117117811085309, -0.204360121123441, -0.10696777925853654, 0.13328558751632053, 0.49091220288877935, 0.609264041989832, 0.8361530392704261, -0.07338399081495986, 0.3579339733808756, -0.04250522986276406, -0.07338399081495986, 0.10845618981268798, -0.06040196246796298], [0.09885470470256058, -0.3705530275723005, 0.5188520878283693, 0.0937960176197242, -0.5385547397166743, 0.0421675149081466, -0.40375365483066145, 0.4373431338704158, -0.19843681141002084, 0.6326235177025599, -0.7773685075754271, -0.5834445362477556, 0.6326235177025599, 0.3274642765679985, -0.1726082473455393]], "inverted": false, "swapped": false, "error_lsq": 0.0498278657279924, "error_max": 0.3634414361012516, "target": "497.xyz", "model": "7.xyz", "model_rescale": 3.964800864290218, "target_rescale": 4.189654328663282},
{"mapping": [8, 7, 13, 10, 3, 6, 11, 12, 5, 0, 4, 1, 2, 14], "R": [[-0.006362162439903479, 0.2180146264640396, -0.9759247642809532], [-0.8132816916006372, 0.5667224404922808, 0.13190362220075558], [0.581835383073507, 0.7945409354402195, 0.17370172397960473]], "T": [0.08311967201584679, 0.036294190432791994, 0.06351979030020238], "aligned_model": [[-0.15878855999611252, 0.17453841647365126, 0.37003909435331483, -0.6776370748103001, 0.25051368049913997, -0.38440842677856185, -0.3571434081866851, 0.7255666607401432, 0.08358948795083117, 0.17908635227961714, -0.4083384636402406, -0.1387857574442552, 0.5345799355327618, 0.0683759524875686], [-0.20576701699456498, -0.6935618891931166, 0.10057160974088494, -0.07108980668489617, 0.7355699799876341, -0.6733041272342111, 0.4097189433747314, -0.2596527491077152, -0.5421600138142127, 0.10511970593569439, -0.24084502083197876, 0.6457983998336282, 0.4834942697535774, 0.01705618141574754], [-0.6145365290617437, -0.33259429733149964, -0.4907693822832583, -0.05561976127169686, -0.14507826390386966, 0.08867680978086574, -0.10072967684296685, -0.17577470167346435, 0.4428361663688836, 0.7184524621466692, 0.5576494715979772, 0.6067560797714047, 0.35718334264676976, 0.06036331878095069]], "inverted": true, "swapped": true, "error_lsq": 0.04057672612545283, "error_max": 0.23441746646477704, "target": "497.xyz", "model": "8.xyz", "model_rescale": 4.121658175737393, "target_rescale": 4.189654328663282},
{"mapping": [4, 10, 11, 1, 6, 5, 8, 12, 13, 7, 0, 2, 14], "R": [[-0.9172919904841407, 0.0041210465907599815, -0.3981939491863736], [0.0020361646966081566, 0.9999819170583006, 0.005658585488839002], [0.3982100679628427, 0.004379786684645525, -0.9172837942761366]], "T": [0.07792172977632392, 0.04766888433435499, -0.019885133852971526], "aligned_model": [[-0.6054966106374606, -0.2261213355207359, 0.26219204102517546, 0.08857647722424608, -0.6157550549040237, -0.5518379826882372, 0.22041843504960856, 0.26946167721465497, 0.5684339266565328, -0.1562794705753224, -0.22894912177964208, 0.39149532097244033, 0.060599194397961284], [0.1801102889883324, -0.26964912491093523, 0.03455192318008858, 0.7781717079033114, -0.43311944967124727, 0.02267696471919208, -0.6808930477074577, -0.17391903011520307, -0.29659843369041483, -0.6614431454615366, 0.6287821489889441, 0.6305800883296291, 0.03113654885900703], [-0.29899090194422173, -0.661245780354299, -0.5909612330536941, -0.446611238297325, -0.12186683567715964, 0.26519118716024026, -0.18040240161183568, 0.6669888159649413, 0.1660412678290256, 0.35463266435965846, 0.085095883787564, 0.2079935479433631, -0.024789542147168556]], "inverted": true, "swapped": true, "error_lsq": 0.040916597323563376, "error_max": 0.2875659085139961, "target": "497.xyz", "model": "9.xyz", "model_rescale": 3.833441315466971, "target_rescale": 4.189654328663282},
{"mapping": [0, 10, 12, 11, 13, 5, 2, 4, 3, 1, 9, 8, 6, 7, 14], "R": [[-0.6699097714843774, -0.7422443087438702, -0.01715471384441391], [0.7340579607132274, -0.6656302085668224, 0.13451890483061088], [-0.11126458728314059, 0.0775229745341538, 0.9907625245416227]], "T": [-0.03537811776415016, -0.02275410947990261, 0.05474445259015403], "aligned_model": [[-0.45480642186631653, 0.2192785881755978, 0.16788659070138318, 0.6259688688814694, -0.6007317247573367, -0.6973420835284473, -0.34218589048389736, -0.3744677637621463, -0.007097085085540449, -0.4784060514137573, 0.21711486171941985, 0.3639187865518196, -0.08802878878662264, 0.5121294705009702, -0.014802032433086646], [-0.5539571347490762, -0.7012511739704431, -0.3990716791323184, -0.18834680977586962, -0.18586853940906004, 0.10726460077785305, 0.3509042340003508, 0.5714315812923503, 0.8371117178199073, -0.38722860705997925, 0.44834438896760026, -0.1256528001268138, 0.11771421860785222, 0.35691505295518955, 0.055811218456338144], [-0.020927242028935734, -0.3332579173993942, 0.4791129273548257, 0.03158625950392023, -0.4832662566186259, 0.006432502934558125, -0.477137759815916, 0.46446894166628117, -0.06422105493314911, 0.5200330979853917, -0.5553568722770621, -0.6067184745974357, 0.7171084942545772, 0.05560739509293614, 0.005541205081983712]], "inverted": true, "swapped": false, "error_lsq": 0.05270896184355203, "error_max": 0.340704677239782, "target": "497.xyz", "model": "10.xyz", "model_rescale": 4.2482417240324, "target_rescale": 4.189654328663282},
{"mapping": [9, 2, 3, 1, 7, 8, 13, 10, 0, 6, 5, 14], "R": [[0.5413583316579895, -0.20874067268126362, -0.8144682242500636], [-0.11444875644879442, 0.9413807270442374, -0.3173386344222647], [0.8329661691160108, 0.2650087891339395, 0.48573418943899804]], "T": [0.02707660537339942, 0.033107764405300444, 0.00991269721329794], "aligned_model": [[-0.5476157689403097, -0.014080420485582425, 0.36953481005761046, 0.594373097532379, -0.5241701004855871, 0.05149315819938142, -0.1398869704472854, 0.5239238512658144, -0.003680176058086529, -0.09698031635536805, -0.3614311375258799, 0.02528557560592056], [-0.3446529788120666, -0.6450885567987441, -0.33145806753230544, -0.5490583052276934, 0.6607975426641985, 0.7240239312360406, 0.1946952092307923, 0.5628020971027379, -0.46677589033336, 0.6733575023788634, 0.1335527254866527, 0.05393618065552336], [-0.10405389805530488, 0.17843097985297973, 0.5669895899125783, -0.22482209878388487, 0.0192006342473705, 0.3244159172970105, 0.5927535763686391, -0.2676537121098858, -0.42832663474828697, -0.5354636172918994, -0.5535258032395894, -0.0027526435953702973]], "inverted": false, "swapped": true, "error_lsq": 0.04381321888725692, "error_max": 0.24229089548959692, "target": "497.xyz", "model": "11.xyz", "model_rescale": 3.6694154284099745, "target_rescale": 4.189654328663282},
{"mapping": [11, 10, 4, 6, 8, 3, 13, 2, 5, 9, 0, 12, 1, 14], "R": [[-0.32246335506084706, 0.8898409930289545, 0.3228008546583277], [-0.8955829843024, -0.17637807656128984, -0.40843835806220163], [-0.3065102002722087, -0.42080135602655144, 0.8538019184186144]], "T": [0.06674432845509844, -0.0055947987402342955, -0.019402166211297506], "aligned_model": [[-0.19326531425351495, 0.13167770988669458, -0.051843434766664656, 0.570794843916162, 0.6240180663231664, -0.35909975535478506, 0.36784770597957767, -0.41037521541661437, 0.3165584726079931, 0.11908712114869069, -0.3544172594120564, 0.5203461162289963, -0.7654367305185027, 0.08237252388666726], [-0.17932623589377053, 0.24719311947334774, 0.6952156423192942, 0.5915545435838372, -0.27447250328280937, -0.6213191436754547, -0.553326267706701, -0.21268004564289936, 0.6042955076186014, 0.1486936613077064, 0.39927420897858124, -0.24580755142827934, 0.1231514288574404, 0.008540923627359729], [-0.5317183642756284, -0.7517670396236761, -0.2587827242741131, -0.3542019751310025, -0.4598841228967888, -0.027204697184779955, 0.035532543561483027, 0.4491223302955504, 0.19063856289286388, 0.6584017819895477, 0.29932555999249433, 0.5229333662845917, -0.10151282973677231, -0.03178693224135458]], "inverted": false, "swapped": true, "error_lsq": 0.04374071376622866, "error_max": 0.28154414088128576, "target": "497.xyz", "model": "12.xyz", "model_rescale": 3.9764082729961374, "target_rescale": 4.189654328663282},
{"mapping": [7, 4, 0, 5, 3, 8, 11, 10, 13, 2, 14, 6, 1, 12, 15], "R": [[0.9662742995789911, -0.07439334925082669, -0.24653520551916092], [0.1749247421522106, -0.5129700923055395, 0.8403945614906306], [-0.18898495325319692, -0.8551767735312338, -0.48265657921196536]], "T": [0.030428977573629834, 0.027003724952085854, 0.02448595390598634], "aligned_model": [[-0.3163992189406835, 0.26682008505757737, 0.11163981602920943, 0.8010413828280728, -0.6171625280296792, -0.6663550743303334, -0.47386500622957406, -0.37970628848445476, 0.24557168268750085, -0.4661612742737673, -0.08480942607988368, 0.4988050382698939, -0.1716184842882463, 0.29422215721879885, 0.006406462979078029], [-0.6408186662898601, -0.5803529484787051, -0.6133449380449062, -0.2919525219373042, -0.11700404564675168, 0.1157052161840347, 0.5510829854355763, 0.639870614783116, 0.5438508907278841, -0.33672060104342855, 0.31374004529096916, 0.06901107374898388, 0.19294955815286263, 0.4922058247532534, -0.034102218981842784], [-0.044486176563562164, -0.2773431986303854, 0.3568506978508998, 0.10961725997440613, -0.493520273075122, 0.1037126357377571, -0.2942195612335893, 0.3443767756601743, -0.22262367733632177, 0.5317947852457995, -0.7126099913392556, -0.5776087679716739, 0.6032444370917356, 0.3726435326854009, -0.060823231892308684]], "inverted": false, "swapped": false, "error_lsq": 0.03594887651598714, "error_max": 0.23487355173288213, "target": "497.xyz", "model": "13.xyz", "model_rescale": 4.170626492500431, "target_rescale": 4.189654328663282},
{"mapping": [5, 6, 0, 4, 9, 3, 1, 7, 12, 10, 8, 11, 13, 14], "R": [[-0.2117435604063984, 0.5926445710082372, 0.7771338862003672], [0.67725098624068, -0.48431470597712, 0.5538685468685894], [0.704624556953878, 0.6435927889813241, -0.29881860000473975]], "T": [-0.03336054395298305, 0.1351027913114561, 0.07593870137617503], "aligned_model": [[0.137041754957084, 0.09421494465553149, -0.33124550753432197, -0.4112194851457373, 0.29979663697179054, -0.2545375888997145, -0.8070429839638292, 0.6608658218110796, 0.6662130766074884, -0.3879468192069067, 0.28982697497603294, -0.4585163428118517, 0.3750803937665998, -0.02934785409160188], [-0.33970939348025675, -0.7054118748330582, 0.18023196230632893, -0.44512892235740786, 0.31313195599605315, 0.7919799850546702, 0.3919607089358843, -0.3126714328765998, 0.3555887725146748, -0.42792887426339, -0.1328225779618085, 0.14695618676595437, 0.4285231338163463, 0.11137483830827474], [-0.39735491361499514, 0.07812088596518882, -0.5174509398836813, -0.2122542244149368, -0.5099578751350262, 0.358982159664914, -0.15051782706174943, 0.20044432958729053, -0.06394432025980268, 0.47810819349211187, 0.7088995352287155, 0.49944496705457225, 0.4511337591657108, 0.08021937133255427]], "inverted": false, "swapped": true, "error_lsq": 0.05135581932130071, "error_max": 0.2836429789366835, "target": "497.xyz", "model": "14.xyz", "model_rescale": 3.9786697098870705, "target_rescale": 4.189654328663282},
{"mapping": [5, 2, 7, 6, 13, 8, 1, 11, 10, 4, 3, 14], "R": [[-0.3165978908289846, 0.8747379347393007, -0.3668778012508544], [0.8521630277359784, 0.4321702263132077, 0.29503740381219695], [0.4166340716773999, -0.21923147816044558, -0.8822435090728056]], "T": [-0.07710083879825724, 0.015683802656857808, -0.11372562785297469], "aligned_model": [[0.16076428482447075, -0.772237968405674, 0.5640639279262724, 0.669292286388942, -0.032618751238007615, 0.5298897734963148, -0.6273465536712486, -0.024385551265222016, 0.47084914519248167, 0.16799612771817457, -0.5689022234753912, -0.0540099007237763], [-0.5586927722390276, 0.0270944732446037, 0.0879405226912229, -0.39019482135342765, 0.5926864783595995, 0.4722280250257042, -0.262811036384384, 0.2270760343016737, -0.07366628124927307, -0.6355868290256338, 0.5209146602456953, 0.0076860366076857665], [-0.4170441625104219, -0.19555917900397546, -0.6444236234647843, -0.14380911954042608, -0.3561716723841057, -0.11555939198639266, 0.4655095100581794, 0.4455506332349768, 0.4305571671881173, 0.16605182794857565, 0.13805544911882395, -0.11319094478473725]], "inverted": false, "swapped": true, "error_lsq": 0.057998951355081124, "error_max": 0.31326394517154915, "target": "497.xyz", "model": "15.xyz", "model_rescale": 3.769337070930944, "target_rescale": 4.189654328663282},
{"mapping": [7, 9, 8, 13, 6, 5, 10, 0, 11, 3, 14], "R": [[-0.4767623875729156, -0.17327159648569634, -0.8617856924126038], [0.5846336596403112, 0.6696102624444756, -0.45806722262634897], [0.6564305826295341, -0.7222181459090726, -0.2179445799012029]], "T": [-0.04350801753299872, -0.01679654063977238, 0.11209515978422105], "aligned_model": [[-0.21256716753907579, -0.2834459116736986, -0.18882719576883128, -0.5991960976858635, 0.4724643940740453, 0.2720709714534433, 0.5214870972469393, 0.2368912184915707, 0.1530370513339936, -0.4192687883450533, -0.030019440896298932], [0.1291440470887917, -0.650890192119958, 0.6253456392830422, 0.2635183093276508, 0.12779187328880792, -0.4082052049261489, 0.5091580579147964, -0.5817019990226383, 0.43124803479072743, 0.15927103678223173, -0.008615104781960469], [-0.6929352762106558, -0.050132880811214975, -0.26659911041781004, 0.032564217036153115, -0.5479138039771314, -0.3629833174421998, 0.019204557668971334, 0.32456033689125297, 0.45977548377071986, 0.7352521090761746, 0.09342529163951664]], "inverted": false, "swapped": true, "error_lsq": 0.03913116001709659, "error_max": 0.17845905825229041, "target": "497.xyz", "model": "16.xyz", "model_rescale": 3.7852294659196426, "target_rescale": 4.189654328663282},
{"mapping": [2, 7, 5, 9, 13, 8, 10, 6, 0, 1, 11, 4, 14], "R": [[0.5059311649012863, 0.821019969873394, 0.2644992730627425], [-0.4956972934639301, 0.025789404801033998, 0.8681123774330965], [0.705916319144247, -0.5703166801603301, 0.42002504055917667]], "T": [-0.07096312605798173, 0.055088958383723345, -0.12681458121714362], "aligned_model": [[0.22303365335602066, -0.5364419702642077, 0.2542081362486753, 0.18999861001271884, -0.6391035581473934, -0.7455851649616843, -0.1361003292011232, -0.07043894214603942, 0.5773559593123523, 0.5406254820511669, -0.16461844908020168, 0.43542126485627985, -0.0745888418202814], [-0.1198001704490878, -0.3636388526799348, -0.29762503609577706, -0.5802463139550345, -0.08633773169301989, 0.2084944031403428, 0.6497332181480938, 0.06644103951133362, -0.06545246002992958, 0.5019299932628843, 0.6422207454135199, 0.26175614464097385, 0.0575806444885092], [-0.7375700550087252, 0.42631299906041875, 0.37152956549287414, -0.24602428332559648, -0.3524376499619544, 0.1865948430627375, 0.36980572900304853, 0.7232536670503732, -0.21645547561495154, -0.5038232430259741, -0.20903658851923865, 0.38637632500135144, -0.10277113607118979]], "inverted": true, "swapped": true, "error_lsq": 0.04270465176446479, "error_max": 0.2477494102845316, "target": "497.xyz", "model": "17.xyz", "model_rescale": 3.901054581598922, "target_rescale": 4.189654328663282},
{"mapping": [7, 12, 6, 11, 3, 0, 2, 8, 5, 1, 13, 9, 4, 10, 14], "R": [[0.1859821092274215, 0.06616510896658201, 0.9803228210149755], [-0.9804629947738277, 0.07754124069484089, 0.18077519705601697], [-0.06405443721130091, -0.9947912013819509, 0.07929372438344931]], "T": [-0.06271761346259583, 0.05448664061070195, 0.02209037360163723], "aligned_model": [[-0.25288418775561694, 0.11357352079777305, 0.1300273252415585, 0.5675185650551842, -0.47106019205385197, -0.7862570605540148, -0.5944529292543611, -0.3429979442725545, 0.0745949147185509, -0.48236593982510345, -0.00684034969660955, 0.4839623636275826, 0.009483721310852039, 0.6336151358365658, -0.02748761876244602], [-0.5805908752850891, -0.4553730771400003, -0.5171804325604874, -0.43472207633061866, -0.18786925963604445, -0.16444947909474483, 0.5172523946984764, 0.5935836245872295, 0.6150805652236145, -0.2107370284797595, 0.2593916441966088, 0.22553439517217266, 0.3240889156678101, 0.28928784994236023, 0.030823107692354103], [0.03588336539211889, -0.48873210855197535, 0.46904886309026794, 0.0076619474016847156, -0.5761786675811802, -0.04164472262054659, -0.4101636174401035, 0.28899041138422094, -0.21658465292442, 0.5112092108704299, -0.6724554270480136, -0.3035985725455334, 0.762141419442917, 0.38601734770320373, -0.012589550369115264]], "inverted": false, "swapped": false, "error_lsq": 0.04663851151074056, "error_max": 0.2972466924956342, "target": "497.xyz", "model": "18.xyz", "model_rescale": 3.9405287249114394, "target_rescale": 4.189654328663282},
{"mapping": [9, 11, 13, 14, 5, 8, 6, 0, 1, 7, 2, 10, 4, 12, 15], "R": [[-0.2351074787885723, 0.4472569938091141, -0.8629517106458016], [0.28936461622133697, 0.8797886603469685, 0.3771472285513511], [0.9278968651185107, -0.161037556531763, -0.3362652421668345]], "T": [0.027067030732017633, 0.05127908588118409, 0.07648165742320526], "aligned_model": [[-0.3841229377506017, 0.1650802452682512, 0.26873744257422905, 0.7402701992870759, -0.5183460149582297, -0.7196038065968656, -0.4441292899837491, -0.3725784871297865, 0.09088475651910172, -0.44370348891179634, -0.06129506534281029, 0.4682306212498172, -0.18291191660281483, 0.41019576660198354, 0.03172130018970433], [-0.5919829586033113, -0.5484026607900175, -0.5184789315448975, -0.2435610585456134, -0.1420163135804131, 0.15323133494069582, 0.4702214816279022, 0.5714925704709498, 0.6848830142894489, -0.2928296989742435, 0.2572169823946924, -0.05523747080090231, 0.2509982073297216, 0.2544610485980416, 0.05412472184182836], [-0.001918590672222678, -0.29841480458006375, 0.3378263703804101, 0.012065109288461245, -0.5205310232601597, 0.010447157877523733, -0.32444820175685696, 0.28223794155541637, -0.09670259059149627, 0.4709304005584283, -0.763224842355081, -0.5653383691423121, 0.7478132765355916, 0.4112480296689853, 0.037015382697331095]], "inverted": true, "swapped": false, "error_lsq": 0.030672583380619574, "error_max": 0.20321950697505242, "target": "497.xyz", "model": "19.xyz", "model_rescale": 4.410303926677745, "target_rescale": 4.189654328663282},
{"mapping": [8, 7, 13, 10, 3, 6, 11, 12, 5, 0, 4, 1, 2, 14], "R": [[-0.006362162439903479, 0.2180146264640396, -0.9759247642809532], [-0.8132816916006372, 0.5667224404922808, 0.13190362220075558], [0.581835383073507, 0.7945409354402195, 0.17370172397960473]], "T": [0.08311967201584679, 0.036294190432791994, 0.06351979030020238], "aligned_model": [[-0.15878855999611252, 0.17453841647365126, 0.37003909435331483, -0.6776370748103001, 0.25051368049913997, -0.38440842677856185, -0.3571434081866851, 0.7255666607401432, 0.08358948795083117, 0.17908635227961714, -0.4083384636402406, -0.1387857574442552, 0.5345799355327618, 0.0683759524875686], [-0.20576701699456498, -0.6935618891931166, 0.10057160974088494, -0.07108980668489617, 0.7355699799876341, -0.6733041272342111, 0.4097189433747314, -0.2596527491077152, -0.5421600138142127, 0.10511970593569439, -0.24084502083197876, 0.6457983998336282, 0.4834942697535774, 0.01705618141574754], [-0.6145365290617437, -0.33259429733149964, -0.4907693822832583, -0.05561976127169686, -0.14507826390386966, 0.08867680978086574, -0.10072967684296685, -0.17577470167346435, 0.4428361663688836, 0.7184524621466692, 0.5576494715979772, 0.6067560797714047, 0.35718334264676976, 0.06036331878095069]], "inverted": true, "swapped": true, "error_lsq": 0.04057672612545283, "error_max": 0.23441746646477704, "target": "497.xyz", "model": "20.xyz", "model_rescale": 4.121658175737393, "target_rescale": 4.189654328663282},
{"mapping": [7, 6, 10, 8, 11, 12, 0, 13, 9, 2, 1, 3, 14], "R": [[0.7761221150897718, 0.47458746674256197, -0.4152122335378097], [-0.09859598126585406, -0.5590277557124896, -0.8232659356619101], [-0.6228268579202428, 0.679893156866529, -0.38708138717750695]], "T": [0.045897443652758274, 0.00036181848426664054, 0.02712565247746361], "aligned_model": [[-0.004842151375759204, -0.03353245848091818, 0.474477047284885, 0.5797853813977734, 0.5476612402714384, -0.22011245559588682, -0.4692211896483367, 0.3475049722532656, -0.5829979301278938, -0.21720021347359553, 0.0008780219449575077, 0.41099267977219395, 0.04768996044217147], [-0.5692752363541632, 0.09055579016188964, 0.4054863590652249, -0.3552075955615513, 0.3237558404194954, -0.6943147115020225, 0.3807837056381375, -0.5304452887084696, -0.2537076008224704, 0.03603694697263843, 0.712294811326651, -0.006880253129242078, 0.0017441366570648941], [0.6361353186378448, 0.8687319198895809, 0.5337517605658874, 0.43382905153935947, -0.035363645289027204, -0.03804972954042511, -0.154024399571494, -0.1176760810612106, -0.13381603900741745, -0.6206007330265129, -0.4278114118196, -0.6264595012041477, 0.05146322936895151]], "inverted": false, "swapped": true, "error_lsq": 0.0523054845488284, "error_max": 0.2804506969728343, "target": "497.xyz", "model": "21.xyz", "model_rescale": 4.08911054899281, "target_rescale": 4.189654328663282},
{"mapping": [5, 9, 11, 15, 10, 6, 7, 0, 4, 8, 13, 14, 1, 2, 16], "R": [[-0.15527705307522263, 0.26616043028020375, -0.9513399298575309], [-0.24349434106991924, 0.9229963370375229, 0.29797360232450376], [0.957392052742867, 0.27791435221731986, -0.07851159262444708]], "T": [-0.01819566065089523, 0.023914964390624065, -0.06556711177051529], "aligned_model": [[-0.30748491559916, 0.06251024014843526, 0.11289829278632268, 0.6179132883480547, -0.5769986888009442, -0.7399683493026643, -0.5367972425836185, -0.39769888537208115, 0.17729342925257396, -0.3827427258625466, -0.007813752369861898, 0.48739700701708083, 0.06013274621859478, 0.5095367898270611, -0.029747909293737912], [-0.6188632682506103, -0.5487477713415441, -0.5222210725578889, -0.21572353279569292, -0.32052091528069754, 0.10376236433711056, 0.3086624364076012, 0.6505183399858212, 0.6924388915487854, -0.24291347870481927, 0.4964184878335789, -0.07375071015338966, 0.1461821073547085, 0.3794489959562925, 0.06942939431462597], [-0.09518002385725528, -0.48160985025111447, 0.4544740738838717, 0.1979586242855832, -0.5348628711167037, 0.10245880048575383, -0.4602409827149338, 0.1862759153281116, -0.03162656944276594, 0.46042722019600607, -0.5274790106675619, -0.4485293244799496, 0.7147621698117711, 0.2755308836566734, -0.0733538089135308]], "inverted": true, "swapped": false, "error_lsq": 0.0403653770839985, "error_max": 0.2516025960342035, "target": "497.xyz", "model": "22.xyz", "model_rescale": 4.204369325754507, "target_rescale": 4.189654328663282},
{"mapping": [9, 11, 13, 14, 5, 8, 6, 0, 1, 7, 2, 10, 4, 12, 15], "R": [[-0.2351074787885723, 0.4472569938091141, -0.8629517106458016], [0.28936461622133697, 0.8797886603469685, 0.3771472285513511], [0.9278968651185107, -0.161037556531763, -0.3362652421668345]], "T": [0.027067030732017633, 0.05127908588118409, 0.07648165742320526], "aligned_model": [[-0.3841229377506017, 0.1650802452682512, 0.26873744257422905, 0.7402701992870759, -0.5183460149582297, -0.7196038065968656, -0.4441292899837491, -0.3725784871297865, 0.09088475651910172, -0.44370348891179634, -0.06129506534281029, 0.4682306212498172, -0.18291191660281483, 0.41019576660198354, 0.03172130018970433], [-0.5919829586033113, -0.5484026607900175, -0.5184789315448975, -0.2435610585456134, -0.1420163135804131, 0.15323133494069582, 0.4702214816279022, 0.5714925704709498, 0.6848830142894489, -0.2928296989742435, 0.2572169823946924, -0.05523747080090231, 0.2509982073297216, 0.2544610485980416, 0.05412472184182836], [-0.001918590672222678, -0.29841480458006375, 0.3378263703804101, 0.012065109288461245, -0.5205310232601597, 0.010447157877523733, -0.32444820175685696, 0.28223794155541637, -0.09670259059149627, 0.4709304005584283, -0.763224842355081, -0.5653383691423121, 0.7478132765355916, 0.4112480296689853, 0.037015382697331095]], "inverted": true, "swapped": false, "error_lsq": 0.030672583380619574, "error_max": 0.20321950697505242, "target": "497.xyz", "model": "23.xyz", "model_rescale": 4.410303926677745, "target_rescale": 4.189654328663282},
{"mapping": [9, 8, 15, 5, 10, 11, 1, 7, 0, 14, 3, 4, 13, 12, 16], "R": [[0.9910260946591302, 0.13336932323992642, -0.00893886587869325], [0.05267331574992304, -0.3281864094531536, 0.9431432565936929], [0.12285276355288943, -0.9351504179910156, -0.3322663001549311]], "T": [-0.07630761199952216, 0.004776075940746655, 0.0529464358835303], "aligned_model": [[-0.3430311624106748, 0.059863188246465554, 0.16172748612221313, 0.5474237361486243, -0.3681414424957704, -0.7049515026206774, -0.551808795591544, -0.3525909991581718, 0.25689022884152435, -0.3310136106671058, 0.08746283715682901, 0.33234834400027846, -0.1220780753699737, 0.4453991264565742, -0.069070034245082], [-0.5587166912821101, -0.6263040168132271, -0.6202672201455695, -0.06657522653791716, -0.22741588703616303, -0.04648688205111981, 0.5546481455175163, 0.5811507037774626, 0.665955356666401, -0.3504376761313946, 0.377694851639562, -0.1566056091294822, 0.21997401910983588, 0.4863070610479146, 0.07119934002217256], [-0.008326988796186784, -0.4558777940274058, 0.301892937996894, 0.09129001943836464, -0.4806300384689578, 0.10680230402604562, -0.40298632349254704, 0.2356775909954292, -0.09607359191185949, 0.5697617168072041, -0.7491519442098874, -0.4769975558183598, 0.7206151664436671, 0.42994222394345083, -0.046932476721896314]], "inverted": true, "swapped": false, "error_lsq": 0.03488901623312463, "error_max": 0.2471913810276263, "target": "497.xyz", "model": "24.xyz", "model_rescale": 4.28219845311461, "target_rescale": 4.189654328663282},
{"mapping": [1, 3, 4, 7, 8, 6, 10, 14, 12, 0, 11, 9, 2, 13, 15], "R": [[-0.8682889829711218, 0.45613266936248437, -0.1949800758827157], [-0.08425294089248708, -0.5229522466623899, -0.8481877089782227], [-0.48885139255395615, -0.7200443983887478, 0.4925041932278795]], "T": [-0.007195062126487108, 0.007604175613067338, -0.0596728979699306], "aligned_model": [[-0.25830780386343555, 0.275500504924419, 0.17917490873631406, 0.7297769295206649, -0.6022557307456131, -0.8623092045710486, -0.6023804661334102, -0.2982942664616996, 0.32753953393426716, -0.47231444264277045, -0.040861655058672196, 0.4933651921310759, -0.1716423081429457, 0.39606150145712404, -0.04462336867076059], [-0.5492247202160465, -0.6862285642751503, -0.5187324271991388, -0.19789803337815878, -0.10530831084504573, 0.09179585332993442, 0.4469062710178028, 0.6887368433296954, 0.6828123370806961, -0.4058265453029687, 0.39527264205309165, 0.004634720344404958, 0.19929161773589688, 0.28841310509453777, -0.030524520115669626], [-0.2514054475116132, -0.25645879758878004, 0.412433644588438, 0.08240852719740592, -0.3989362587874954, 0.21215186130623054, -0.34685371672007376, 0.11770851903665656, -0.18799510618258763, 0.4678620988850666, -0.44053611737681, -0.5138802273602444, 0.5767177463657076, 0.27416380760213804, -0.008375287250084018]], "inverted": true, "swapped": false, "error_lsq": 0.04323861978173067, "error_max": 0.27766687607471857, "target": "497.xyz", "model": "25.xyz", "model_rescale": 4.100010024507729, "target_rescale": 4.189654328663282},
{"mapping": [9, 2, 3, 1, 7, 8, 13, 10, 0, 6, 5, 14], "R": [[0.5413583316579895, -0.20874067268126362, -0.8144682242500636], [-0.11444875644879442, 0.9413807270442374, -0.3173386344222647], [0.8329661691160108, 0.2650087891339395, 0.48573418943899804]], "T": [0.02707660537339942, 0.033107764405300444, 0.00991269721329794], "aligned_model": [[-0.5476157689403097, -0.014080420485582425, 0.36953481005761046, 0.594373097532379, -0.5241701004855871, 0.05149315819938142, -0.1398869704472854, 0.5239238512658144, -0.003680176058086529, -0.09698031635536805, -0.3614311375258799, 0.02528557560592056], [-0.3446529788120666, -0.6450885567987441, -0.33145806753230544, -0.5490583052276934, 0.6607975426641985, 0.7240239312360406, 0.1946952092307923, 0.5628020971027379, -0.46677589033336, 0.6733575023788634, 0.1335527254866527, 0.05393618065552336], [-0.10405389805530488, 0.17843097985297973, 0.5669895899125783, -0.22482209878388487, 0.0192006342473705, 0.3244159172970105, 0.5927535763686391, -0.2676537121098858, -0.42832663474828697, -0.5354636172918994, -0.5535258032395894, -0.0027526435953702973]], "inverted": false, "swapped": true, "error_lsq": 0.04381321888725692, "error_max": 0.24229089548959692, "target": "497.xyz", "model": "26.xyz", "model_rescale": 3.6694154284099745, "target_rescale": 4.189654328663282},
