[{"mapping": [7, 2, 1, 11, 6, 8, 3, 4, 0, 9, 10, 12], "R": [[-0.6352392003248637, -0.034578088578030686, -0.7715409996629587], [0.6282369103241617, 0.5579220550876478, -0.5422558113594791], [0.44920990959347606, -0.829172681796178, -0.3326907285843048]], "T": [-0.10457626937766178, -0.1745750978383419, 0.03975418941869227], "aligned_model": [[-0.21796432316388975, 0.03028790763077198, 0.410760649332558, -0.323679222417311, 0.08376128370000684, -0.6448237955632328, 0.5431103044052814, -0.22376764050947273, 0.5609774592072467, 0.10968962576872977, -0.4792721186136849, -0.011437667316454403], [-0.3743932291593164, -0.6865769661032983, -0.1916164457430716, 0.6040738779386902, 0.3825479340997796, -0.5451356782055885, -0.4216529269077224, -0.5074724156983572, 0.06452641880971094, 0.6680072694500973, 0.08739377509700635, -0.026146577600872467], [-0.5481031140138981, 0.04356459785571436, -0.5210089887769648, -0.04570745813555181, -0.5223429541492531, -0.14354163382847582, 0.376761834503202, 0.7498416504341191, 0.09450153746155093, 0.20967914542979058, 0.4483004376515065, 0.04000669092182237]], "inverted": false, "swapped": true, "error_lsq": 0.05889800223820025, "error_max": 0.3873965638943005, "target": "498.xyz", "model": "0.xyz", "model_rescale": 3.751011558992144, "target_rescale": 3.8220678672720956},
{"mapping": [3, 12, 9, 13, 5, 4, 7, 11, 10, 0, 8, 1, 14], "R": [[-0.5654317105867447, -0.7000232942999053, -0.4361815769842373], [0.8230459561810851, -0.513300554407437, -0.24314171764421963], [-0.053687379121275164, -0.4964775204201355, 0.8663877521298201]], "T": [0.09492481856937926, 0.09396983517080879, -0.056732811212027605], "aligned_model": [[-0.1883041678684312, -0.5784999573618151, -0.3769238232471873, -0.33591463437196845, 0.08496520129778651, 0.6832478874653306, -0.05285519220057286, -0.48618185841408523, 0.04463029129468557, 0.37719393684950286, 0.6706234931268479, 0.5676160794823288, 0.04034873122996296], [0.09611840935525777, 0.30302994486465507, -0.26643287620427036, -0.3998537309773569, -0.5264272361284825, 0.16982602035867253, 0.6883743821322299, 0.44823563370688857, -0.03858078010377289, 0.34730583136975346, -0.23572313048650953, 0.594793670323787, 0.09563478563475687], [-0.7660864708086772, -0.29075854863000633, 0.2290264689236256, -0.3698108360021542, 0.014641742675795606, 0.46642660587171597, -0.31074329675478, 0.35985062926479344, 0.7509518692452694, -0.7137332194270721, -0.03964958409508495, -0.16361595972022092, -0.051990335693852294]], "inverted": false, "swapped": false, "error_lsq": 0.04311600990699132, "error_max": 0.28925287932243615, "target": "498.xyz", "model": "1.xyz", "model_rescale": 3.9405287249114394, "target_rescale": 3.8220678672720956},
{"mapping": [4, 3, 10, 8, 9, 0, 7, 6, 11, 1, 2, 1, 12], "R": [[0.5120392325456375, -0.6369785340418292, 0.5762587713033069], [-0.6085685209354237, -0.7424737465008876, -0.2799590882314893], [0.6061849384969455, -0.20734291144588982, -0.7678207716730491]], "T": [0.04223519472420899, 0.08989393733190434, -0.025755392860398706], "aligned_model": [[-0.10056170858553594, -0.5055282484228922, -0.6467172291926715, -0.2900749836246305, -0.14781475750062778, 0.6427541470798613, -0.2951439188092129, -0.04575863163844236, -0.0667569327979287, 0.5684569920647818, 0.6625813183559581, 0.5684569920647818, 0.10605294828894347], [0.11608085076468934, 0.21106515828470734, -0.36977593425394006, -0.4984713061713325, -0.6742955041556962, 0.4526071318066268, 0.7779879722884189, 0.47607846046665614, -0.11806769499234401, 0.506998297364898, -0.1648535079812324, 0.506998297364898, 0.05394870305925909], [-0.7117721651428419, -0.13562997651526704, 0.13404224807237225, -0.405342083502868, 0.14824638951054664, 0.43331553269630746, -0.2297450640812882, 0.346365950255886, 0.6469161203289252, -0.44568503601909487, -0.14593880903377884, -0.44568503601909487, -0.07457900570045212]], "inverted": true, "swapped": false, "error_lsq": 0.0639354114487519, "error_max": 0.36457713499780225, "target": "498.xyz", "model": "2.xyz", "model_rescale": 3.932901565614263, "target_rescale": 3.8220678672720956},
{"mapping": [10, 12, 9, 11, 8, 4, 6, 5, 7, 1, 3, 2, 13], "R": [[-0.2937035560161869, 0.28390244146468163, -0.9127637289648617], [0.28214762132067456, -0.8865862857792648, -0.3665480564008123], [-0.9133076923833127, -0.3651905825709651, 0.18029114630216148]], "T": [0.13899686956431662, 0.012517076232788138, -0.07551739415960876], "aligned_model": [[-0.25850289211054617, -0.5621601259783968, -0.4422642404575267, -0.17610516150759664, -0.04986194844818337, 0.5204290422640572, -0.08207664922431152, -0.2681418709894493, 0.16641074717124488, 0.5320556712120852, 0.4568278304854961, 0.5694295644329797, 0.043906020432532666], [0.2004466893443311, 0.30806373365749684, -0.16567144712452708, -0.5637415593631321, -0.6838673718458856, 0.5971840517311722, 0.6470786588468469, 0.4362280295202109, -0.12551471863519148, 0.21570264702802172, -0.3861978475281519, 0.7183904901582978, 0.07819956805611916], [-0.6410453247566796, -0.14002205326367717, 0.3370081341519846, -0.6807821240777759, 0.05927048684232436, 0.4497448545589743, -0.1986041840377813, 0.33861635194087936, 0.6244384974987289, -0.6696461875874216, -0.10188722410684901, -0.17881440224573822, -0.08376776006761731]], "inverted": false, "swapped": false, "error_lsq": 0.05390149476991835, "error_max": 0.3372980740288459, "target": "498.xyz", "model": "3.xyz", "model_rescale": 3.9243930471874484, "target_rescale": 3.8220678672720956},
{"mapping": [1, 7, 8, 9, 11, 3, 2, 4, 10, 0, 6, 0, 12], "R": [[-0.2590887378083718, -0.9410837612342422, 0.217334719458435], [0.7349102856890863, -0.33809238581074874, -0.5878778875286783], [0.6267215473631415, 0.007408980902098683, 0.7792080653283447]], "T": [0.006716699666761493, -0.04285810334704869, -0.011366419843827018], "aligned_model": [[-0.14399363535756274, -0.5165494960557174, -0.5855530587567926, -0.374257876432515, 0.21349360242703744, 0.44075750858929524, 0.04044835084339903, -0.2393344438029029, -0.015013992457446702, 0.4265324853903541, 0.6967038454923119, 0.4265324853903541, 0.08018021201257025], [0.09386785268632829, 0.5140862969590877, -0.14217341559048366, -0.5806014613057205, -0.805047992654929, 0.3832912336273037, 0.8703377007633836, 0.40664767304817057, -0.26381456119009733, 0.5159542960616659, -0.2084593174463516, 0.5159542960616659, -0.023741677174414593], [-0.6960215942536168, -0.2541094574245969, 0.17754988682958103, -0.26311598809406817, 0.03807006980932693, 0.27665908102522146, -0.1384494217661003, 0.28825110505196105, 0.657837390871689, -0.4959340226454893, 0.12283675158314819, -0.4959340226454893, -0.10313071349221486]], "inverted": false, "swapped": false, "error_lsq": 0.0556521647153507, "error_max": 0.316643205847347, "target": "498.xyz", "model": "4.xyz", "model_rescale": 3.8936222436046832, "target_rescale": 3.8220678672720956},
{"mapping": [5, 6, 7, 8, 1, 0, 9, 3, 4, 10, 2, 12], "R": [[0.4301724041735228, -0.7720970250220152, 0.46777974158756097], [-0.8824974172667495, -0.4687981199990333, 0.03777077180690097], [0.19013156288498848, -0.4290623575163941, -0.883037644813281]], "T": [-0.0011407064866102434, -0.00598267795552514, -0.05083263949786796], "aligned_model": [[0.13215816411147022, -0.7272952928321774, -0.2479579078271282, 0.35628363172181343, -0.687230233857058, -0.46737024615447276, -0.3651021106815511, -0.06383269728062732, 0.6904501448473848, 0.3948949437456112, 0.13157420765814187, -0.11902456123630951], [-0.6785439162089882, -0.3574450216157948, 0.1109773769292754, 0.011815334878639287, 0.3018749270016872, 0.15741103822436686, -0.5968618337401843, 0.5485676795900856, 0.19279371713462526, -0.4385994246432791, 0.4960653215976453, -0.07913229403827106], [-0.5548782815735036, -0.1556374253646455, -0.619833483283578, -0.6293747427946138, -0.1725813349604997, 0.45814779516383575, 0.4997337322315576, 0.48082807896650304, 0.2829958323077779, 0.12786604823451272, -0.1541928652505029, 0.05621136559867438]], "inverted": false, "swapped": true, "error_lsq": 0.05663822368726154, "error_max": 0.3445628340345142, "target": "498.xyz", "model": "5.xyz", "model_rescale": 3.6523030999806103, "target_rescale": 3.8220678672720956},
{"mapping": [6, 8, 5, 1, 0, 11, 10, 9, 7, 2, 3, 4, 12], "R": [[-0.9703338483435445, -0.18330683402254314, -0.15764145190729204], [0.002175469366577032, -0.658627010539471, 0.7524664300291906], [-0.24175915720369792, 0.729800702650026, 0.6394868601618694]], "T": [-0.029167203733922356, 0.14301051157939795, -0.09207117910554105], "aligned_model": [[-0.3449175805688428, -0.7010907292548086, -0.41216325561051714, -0.05314649019569219, 0.18773176059866586, 0.49025925808867665, 0.054755894010355396, -0.3047543837834059, 0.141852764305875, 0.4123787237146738, 0.49244525406342643, 0.49489453546638895, -0.00829976355241055], [0.3742590892483042, 0.18407686389483668, -0.3605882782129719, -0.35910921074319924, -0.8224497219425138, 0.534581130069371, 0.8891751089082397, 0.653090051609204, -0.042031683226211036, 0.10238894567785564, -0.28960273069492526, 0.354517887967009, 0.05799347129060958], [-0.6111571613154473, -0.06893174900067514, 0.16013075021567894, -0.5713160479032203, -0.0025999141208368493, 0.5007505518008207, -0.30389268185038787, 0.3398239982419221, 0.5430111906468978, -0.70818700956795, 0.06092205416798124, -0.19084124120378856, -0.03320367526164308]], "inverted": true, "swapped": false, "error_lsq": 0.06110753264922813, "error_max": 0.38257267353225216, "target": "498.xyz", "model": "6.xyz", "model_rescale": 4.08911054899281, "target_rescale": 3.8220678672720956},
{"mapping": [8, 11, 1, 9, 0, 7, 12, 13, 2, 4, 6, 5, 14], "R": [[-0.07927514333786138, 0.4887289121340235, -0.8688265086270422], [0.1470163103636506, 0.8677709266432563, 0.47472078463004286], [0.9859521571231643, -0.09009810939747144, -0.14064378602405783]], "T": [0.03611589375907239, 0.15123375252628088, -0.14440403752245923], "aligned_model": [[-0.027450340691517507, -0.5093938682955164, -0.441337142074737, -0.44977048183606366, 0.1739750928802082, 0.5439208727541482, -0.1498046162299627, -0.2665301784477096, 0.15541315033114078, 0.5669738756750482, 0.4092241997346448, 0.5439438013989797, -0.09921837791627805], [0.021692292377765376, 0.34841191561854684, -0.264382275502142, -0.3766482471799135, -0.7489234523418012, 0.4072120813695864, 0.8295806788109593, 0.4662786839591746, -0.1554511967009686, 0.1251648916669309, -0.13767972041045554, 0.6952017339903424, 0.06584353818758393], [-0.8109828529864277, -0.23424241718205902, 0.22606590008969252, -0.46033493551283056, 0.09090008663529847, 0.38085605329717487, -0.029161122005957912, 0.44300260910990075, 0.5917019669246667, -0.6073940020269271, 0.01826791341299802, -0.3078386756727502, -0.18633145923342737]], "inverted": false, "swapped": false, "error_lsq": 0.04773524196880294, "error_max": 0.2706997652533584, "target": "498.xyz", "model": "7.xyz", "model_rescale": 3.964800864290218, "target_rescale": 3.8220678672720956},
{"mapping": [7, 8, 9, 12, 11, 3, 1, 5, 10, 2, 6, 0, 13], "R": [[-0.4913028050350445, 0.5269785517761858, -0.6934804681694873], [-0.1068718037618071, -0.8266563584386902, -0.5524650962853508], [-0.8644072948126915, -0.19731414298209315, 0.4624577360730895]], "T": [0.12930918803372665, 0.08915202911699621, -0.11228039386396427], "aligned_model": [[-0.2843773565246498, -0.6181518539803412, -0.40240389960737927, -0.2871255671555348, 0.17652992073196222, 0.5780520601379322, -0.06121876261481385, -0.244654758229979, -0.17038971439653033, 0.4237484249609975, 0.614043269103077, 0.6668016070962477, 0.059092617761396155], [0.24434101016296272, 0.23554049016326917, -0.3105855092532207, -0.39488300230792384, -0.7175359666726995, 0.3937487808659272, 0.7492952892556686, 0.5143922917114023, -0.09320153360652839, 0.18468035059153126, -0.17766990683764183, 0.5539559070649615, 0.0942227227079004], [-0.6705213704815699, -0.0077337987447142625, 0.06477276097235987, -0.5159722569383967, 0.07253844810277293, 0.3691895940502109, -0.41399195692966384, 0.5028556959014612, 0.6307281922582748, -0.697761907925712, 0.06191704676536913, -0.2029370374020733, -0.07857434477896726]], "inverted": false, "swapped": false, "error_lsq": 0.042734066228649364, "error_max": 0.2816060652196523, "target": "498.xyz", "model": "8.xyz", "model_rescale": 4.121658175737393, "target_rescale": 3.8220678672720956},
{"mapping": [11, 10, 5, 7, 9, 1, 3, 0, 4, 8, 6, 2, 12], "R": [[-0.5037598231268825, 0.6709531807188293, 0.5441028118714869], [-0.07207254148157882, -0.6603113603172426, 0.7475255555500286], [0.8608319170241998, 0.3373584691678555, 0.3809956350316403]], "T": [0.019839224233649873, 0.07843557150076005, -0.12517033111029335], "aligned_model": [[-0.20696379956724123, -0.6743241612000245, -0.4897892295978867, -0.16523947359023078, 0.15087583637400606, 0.442735604141317, -0.1652727330882367, -0.17853096331379772, 0.09902480184131013, 0.5187573768376978, 0.6237159092150881, 0.4221574609588314, 0.0727993582715522], [0.20059472655009047, 0.3822736062808353, -0.13056156193449267, -0.4256671735665877, -0.7098507492420895, 0.29352982767323993, 0.804010179479615, 0.503724802665411, -0.18268037234414045, 0.05607229547887906, -0.2605758205130452, 0.6441006733190495, 0.10133048999884424], [-0.7054027016187907, -0.17313358308101412, 0.15468131447518707, -0.5336274382103983, 0.10854723314927706, 0.3746544667300385, -0.37408606581345205, 0.506179478163495, 0.7196231500954111, -0.6553909442658299, -0.10095720420227142, -0.14774199126481039, -0.05883664930749029]], "inverted": true, "swapped": false, "error_lsq": 0.051716050656575835, "error_max": 0.2712394933061439, "target": "498.xyz", "model": "9.xyz", "model_rescale": 3.833441315466971, "target_rescale": 3.8220678672720956},
{"mapping": [3, 2, 5, 4, 6, 10, 9, 13, 0, 7, 12, 11, 14], "R": [[0.941577817288913, 0.21752016853182266, -0.2571306871443659], [0.17542230442120316, 0.3349813000168481, 0.9257508000269712], [0.2875034418941816, -0.9167728753191327, 0.2772530720805256]], "T": [0.12463098567185024, 0.048907643883488706, -0.020334312998572378], "aligned_model": [[-0.33392884905570874, -0.49056642860532207, -0.4799711298191074, -0.3062154720335081, 0.23822455322226183, 0.5395534047405104, -0.12661308394122853, -0.4216344728251825, 0.04013740320877815, 0.36194791052150443, 0.6227763509408372, 0.7224639154800614, 0.08377188544848982], [0.143516930502407, 0.4116367261587089, -0.16330628795795327, -0.4770988520865515, -0.5872591771285472, 0.5251510324676459, 0.6946017320325039, 0.33480242539948984, -0.025324928789467925, 0.24576383670621071, -0.25399294931299204, 0.327978108632904, 0.09983232722125071], [-0.7518353797153101, -0.10163627648096574, 0.1961298423326628, -0.4369889375622554, -0.22918317054757997, 0.5057700155370904, -0.4420755708171368, 0.4851800430484139, 0.6513600530493919, -0.6109630401267598, 0.1317264742314704, -0.19369101112427603, -0.08928397697539375]], "inverted": false, "swapped": false, "error_lsq": 0.04694668900719468, "error_max": 0.3267422498901631, "target": "498.xyz", "model": "10.xyz", "model_rescale": 4.2482417240324, "target_rescale": 3.8220678672720956},
{"mapping": [7, 8, 10, 4, 6, 9, 11, 3, 2, 0, 1, 12], "R": [[0.3117221130345986, -0.8937745453182293, -0.3224847072132846], [0.04995882046360234, 0.3543432919871844, -0.9337799246511842], [0.9488590203518807, 0.2749688956316294, 0.15510856176237203]], "T": [0.01884436236463019, -0.07549629967740815, -0.0296709750925109], "aligned_model": [[-0.54589588656895, -0.15904970459984752, 0.35852447024936174, 0.7535590332274209, -0.5926363170818212, 0.0964946594269192, -0.18315652118198886, 0.43647421471566894, 0.09914027373854939, 0.09673746005534689, -0.4911374448877719, 0.0077113652701193], [-0.3222480631191024, -0.720675682304693, -0.12025201797164481, -0.37304770669036846, 0.439546581559361, 0.6957825686696723, 0.34557268700144295, 0.19417127879603155, -0.3606574873416365, 0.5527183027749333, 0.23854394580576885, 0.09667698287087492], [-0.16584132435373378, 0.09230097767988169, 0.4788062188446545, -0.059819309799375234, 0.12077009168609801, 0.3990815744871204, 0.6362874141598752, -0.6187246295818568, -0.46851541475875913, -0.34968293051322674, -0.5004311792651744, 0.0009608012688529094]], "inverted": false, "swapped": true, "error_lsq": 0.05887109635284255, "error_max": 0.4100549306609008, "target": "498.xyz", "model": "11.xyz", "model_rescale": 3.6694154284099745, "target_rescale": 3.8220678672720956},
{"mapping": [3, 4, 0, 1, 12, 7, 11, 6, 5, 8, 10, 9, 13], "R": [[0.47002431491727936, -0.4392578507730933, -0.7655910683391918], [-0.7089487704855795, 0.32882389864426065, -0.6239122410302382], [0.5258029899244843, 0.8360187702525534, -0.1568560855430251]], "T": [0.06488792729746758, 0.0736885894659158, -0.032685229202147906], "aligned_model": [[-0.2804339448322181, -0.5745603762904069, -0.5534739232556262, -0.3741184235540677, 0.2206877350034066, 0.5845539605634824, 0.012573523450950877, -0.2070044475656302, 0.008556356028535508, 0.31110469709086785, 0.6663437646314736, 0.6818252821427901, -0.04610821613117237], [0.0773047049828483, 0.29020466698056524, -0.18459853026511588, -0.4920362810151212, -0.5672463674220377, 0.246449328225783, 0.7952270007014748, 0.4008004555207957, -0.09558231988157118, 0.3406476761549191, -0.12665583640269987, 0.5689809020866482, 0.02280552417912079], [-0.8213477862826384, -0.3358441066353377, 0.215617509379325, -0.4840191288073009, 0.13070785885337022, 0.46957591749571703, -0.1799067397531645, 0.3400441592703322, 0.7500950118640979, -0.6965436475548615, -0.07320404049600102, -0.16965271492540973, -0.031013227558776467]], "inverted": true, "swapped": false, "error_lsq": 0.04256693619642311, "error_max": 0.22677786938412914, "target": "498.xyz", "model": "12.xyz", "model_rescale": 3.9764082729961374, "target_rescale": 3.8220678672720956},
{"mapping": [9, 5, 13, 12, 10, 3, 4, 6, 14, 2, 8, 7, 15], "R": [[0.9858718829435319, -0.1674312046604389, 0.004839641239736313], [-0.1333987402398444, -0.7673519412548483, 0.6271967588841946], [-0.10129860079881484, -0.6189812517018348, -0.7788458149838339]], "T": [-0.002849255692782472, 0.06276214797775499, -0.11735723524371675], "aligned_model": [[-0.2544838241105976, -0.6580638991860687, -0.35708234039513714, -0.3633584023036978, 0.24619770036382033, 0.6355909526887967, -0.08505147691457082, -0.4927088834670235, -0.0005284521996960748, 0.5943169749627787, 0.6490969229850794, 0.5035591466369779, 0.03246156822172362], [0.1029785405776172, 0.49124647915047337, -0.2587494623360306, -0.42682186087494417, -0.7012336659640291, 0.24152698330912298, 0.7756303869133127, 0.3591444362649305, 0.058500776225142284, 0.08459202858238891, -0.20462118244605826, 0.6096417686612995, 0.14446569578238339], [-0.6619321265681845, -0.4172219626228343, 0.2642574294674155, -0.3111462659803862, -0.13816369858174396, 0.40117982349388803, -0.0869370031218413, 0.3884627821199411, 0.6818827125548163, -0.6457278089734959, -0.06145400307103957, -0.24188397716621365, -0.056806836700970156]], "inverted": true, "swapped": false, "error_lsq": 0.046994129224426265, "error_max": 0.27002961825467325, "target": "498.xyz", "model": "13.xyz", "model_rescale": 4.170626492500431, "target_rescale": 3.8220678672720956},
{"mapping": [0, 2, 3, 1, 9, 5, 4, 6, 11, 8, 10, 12, 13], "R": [[0.50741112438006, 0.4042069576085768, 0.7610195045307195], [0.12340692162202832, 0.8399659326897192, -0.528420252844708], [-0.8528216006593279, 0.36204138898958604, 0.3763261220103559]], "T": [-0.010200573870272713, 0.08989822945441979, -0.17003662337402686], "aligned_model": [[-0.3277980557791659, -0.568914337892485, -0.5077876042627877, -0.3006802340147869, 0.1940223493182536, 0.36110282125234994, 0.07943170765724114, -0.2672676710032214, 0.1675234936198961, 0.48253374081993305, 0.4899717399233433, 0.6369900158430134, 0.010818021800801166], [0.022394138215200518, 0.4280602558404952, -0.1902490912189333, -0.5696948288981127, -0.6648516293346723, 0.519517032972191, 0.7697299269377945, 0.43251053076000817, -0.14533266862587957, 0.3351740198544474, -0.16498046287187962, 0.4041012978844771, 0.09992240233047243], [-0.6704698793422728, -0.25014617985101173, 0.21648404920970887, -0.4371939446490137, 0.04198244832957532, 0.5404430039134831, -0.3513045129685898, 0.5538574196984487, 0.4724119983493225, -0.6686436575957059, -0.22654161153618263, -0.03540047086706191, -0.0709695978413486]], "inverted": false, "swapped": false, "error_lsq": 0.04707531999533738, "error_max": 0.27195944173218045, "target": "498.xyz", "model": "14.xyz", "model_rescale": 3.9786697098870705, "target_rescale": 3.8220678672720956},
{"mapping": [10, 11, 3, 4, 0, 1, 5, 7, 2, 8, 6, 12], "R": [[0.6837816763135752, 0.7272455473215338, -0.059636675282914914], [0.6517177678627952, -0.5719159085398804, 0.49817280597292657], [0.3281867916137592, -0.37950771726014476, -0.8650244634403476]], "T": [0.09803623684067023, -0.05391726972596391, -0.04415614770447697], "aligned_model": [[-0.17143776826995202, -0.6917547884236439, 0.6732517763597918, 0.5335841499340706, 0.18089402778648866, 0.17113765890684413, -0.5644711332539757, 0.06227030432782857, 0.5990985594153103, 0.14557380569638229, -0.46262497500145894, 0.00783297928965064], [-0.5441829981154921, -0.03313196443261928, 0.20331619423069283, -0.6334998939331828, 0.4743421786531662, 0.6814027036541994, -0.4106396393499694, 0.17531782650798106, -0.04325747382394896, -0.43096224366585345, 0.5308371439929243, 0.04513265650654134], [-0.29507044164397206, -0.23755245637609518, -0.4880903009730871, -0.36607757693693066, -0.5102088428926447, 0.14098868258885516, 0.3533389503524743, 0.5428126881558029, 0.1266410894126953, 0.5200753289658285, 0.03021848906402476, -0.15710911584312126]], "inverted": true, "swapped": true, "error_lsq": 0.0661058896367652, "error_max": 0.3431840364729368, "target": "498.xyz", "model": "15.xyz", "model_rescale": 3.769337070930944, "target_rescale": 3.8220678672720956},
{"mapping": [7, 1, 5, 11, 8, 2, 4, 3, 10, 9, 12], "R": [[0.11730412964834486, 0.9557052735453537, -0.2699391992376163], [-0.9054360871804883, -0.008735787277517497, -0.4243927167753111], [-0.4079524888988076, 0.2941957106047659, 0.8643052994532809]], "T": [0.03806194658182694, -0.0068323652048799255, -0.03531395221888978], "aligned_model": [[-0.18207462786658452, -0.3654637418621816, -0.30658052229377164, -0.5819589142857946, 0.252472174533579, 0.41263753160678973, 0.762347432110385, 0.37799064259378357, 0.14399265336107883, -0.5077746656321204, -0.08296183157399312], [-0.12494669765295977, -0.6228314017151433, 0.7040408540454367, 0.43644546335217327, 0.30630177291315563, -0.30352789099086475, 0.16982452870653056, -0.589474620757308, 0.5270143152716812, 0.13308480166307637, -0.03986662721043608], [-0.614925234550018, -0.2303270162132392, -0.3516208478111587, 0.24873344437315636, -0.5998980095445904, -0.26337901890208393, 0.23571056100499194, 0.33764179313720855, 0.24703532416097645, 0.6482173121327083, 0.08702929943582567]], "inverted": true, "swapped": true, "error_lsq": 0.06209501414732496, "error_max": 0.37932417007088626, "target": "498.xyz", "model": "16.xyz", "model_rescale": 3.7852294659196426, "target_rescale": 3.8220678672720956},
{"mapping": [5, 7, 2, 1, 3, 9, 6, 11, 8, 4, 0, 10, 12], "R": [[-0.04848321772081546, 0.2205979456963379, -0.9741590855471154], [-0.012732126560629983, 0.9750903118765168, 0.2214424905879664], [0.998742845057065, 0.023139361251189455, -0.04446683492454628]], "T": [0.026392378492858186, 0.030767433268958477, -0.05811007263321446], "aligned_model": [[-0.102329380026734, -0.587790819202245, -0.494522946756396, -0.3092089229450748, 0.09700145686808934, 0.5920061867657004, -0.19731925695073863, -0.2956775901373599, 0.14813969226619333, 0.43342444452478346, 0.6567255399747496, 0.4453331656181467, 0.06416441728327046], [0.16939630184023713, 0.34004613195055355, -0.22000241933647136, -0.38589461851609125, -0.7579607177718481, 0.3616348533070102, 0.8410937122363767, 0.4481450213634294, -0.08321708535477018, -0.021083282810722533, -0.22944974891738512, 0.7096830204057414, 0.10390975544954904], [-0.6877303996896508, -0.19431833738707832, 0.14151138406666994, -0.4917212525196513, 0.015494499027160581, 0.5056891431877174, -0.34221861119542313, 0.4517908576427032, 0.5714858552090514, -0.6355380642939938, -0.03138406713361477, -0.17132366591909678, -0.017228276145441507]], "inverted": false, "swapped": false, "error_lsq": 0.04725837278050609, "error_max": 0.3474682912669883, "target": "498.xyz", "model": "17.xyz", "model_rescale": 3.901054581598922, "target_rescale": 3.8220678672720956},
{"mapping": [3, 12, 9, 13, 5, 4, 7, 11, 10, 0, 8, 1, 14], "R": [[-0.5654317105867447, -0.7000232942999053, -0.4361815769842373], [0.8230459561810851, -0.513300554407437, -0.24314171764421963], [-0.053687379121275164, -0.4964775204201355, 0.8663877521298201]], "T": [0.09492481856937926, 0.09396983517080879, -0.056732811212027605], "aligned_model": [[-0.1883041678684312, -0.5784999573618151, -0.3769238232471873, -0.33591463437196845, 0.08496520129778651, 0.6832478874653306, -0.05285519220057286, -0.48618185841408523, 0.04463029129468557, 0.37719393684950286, 0.6706234931268479, 0.5676160794823288, 0.04034873122996296], [0.09611840935525777, 0.30302994486465507, -0.26643287620427036, -0.3998537309773569, -0.5264272361284825, 0.16982602035867253, 0.6883743821322299, 0.44823563370688857, -0.03858078010377289, 0.34730583136975346, -0.23572313048650953, 0.594793670323787, 0.09563478563475687], [-0.7660864708086772, -0.29075854863000633, 0.2290264689236256, -0.3698108360021542, 0.014641742675795606, 0.46642660587171597, -0.31074329675478, 0.35985062926479344, 0.7509518692452694, -0.7137332194270721, -0.03964958409508495, -0.16361595972022092, -0.051990335693852294]], "inverted": false, "swapped": false, "error_lsq": 0.04311600990699132, "error_max": 0.28925287932243615, "target": "498.xyz", "model": "18.xyz", "model_rescale": 3.9405287249114394, "target_rescale": 3.8220678672720956},
{"mapping": [2, 5, 11, 10, 14, 7, 8, 9, 13, 1, 12, 0, 15], "R": [[0.8540167883496408, 0.4687804169723058, -0.2256108283754046], [0.39277912927422254, -0.29661966976876375, 0.8704833870401281], [0.3411449557351665, -0.8320226512358548, -0.4374453417364398]], "T": [0.1954641964335541, 0.07790502206170574, -0.061386311746920066], "aligned_model": [[-0.3699508737912781, -0.499926356313266, -0.41815728729542945, -0.2847608876216926, 0.12020697115540871, 0.21467604172498828, 0.04967839371069935, -0.3199280891264008, 0.12455480662992155, 0.4351338672388725, 0.65558547738316, 0.576076934099306, 0.16675698948809525], [0.10108216661013225, 0.5039992798804049, -0.210166443229914, -0.44874110870014466, -0.6793837179666964, 0.5223288875715892, 0.8173626914854217, 0.35351043340108507, -0.22990159594963439, 0.10958742690658321, -0.2193201995271868, 0.5867832137327953, 0.06915988963117374], [-0.7210027922462147, -0.223059764618045, 0.18294278494603666, -0.39294589695632015, 0.08210262979846604, 0.48427281417978324, -0.12635561519752203, 0.43602930540062457, 0.5315359341825646, -0.6754499062538362, -0.0521864922856264, -0.32378141064187765, -0.08759252545868121]], "inverted": true, "swapped": false, "error_lsq": 0.04828874062261433, "error_max": 0.3530293565824884, "target": "498.xyz", "model": "19.xyz", "model_rescale": 4.410303926677745, "target_rescale": 3.8220678672720956},
{"mapping": [7, 8, 9, 12, 11, 3, 1, 5, 10, 2, 6, 0, 13], "R": [[-0.4913028050350445, 0.5269785517761858, -0.6934804681694873], [-0.1068718037618071, -0.8266563584386902, -0.5524650962853508], [-0.8644072948126915, -0.19731414298209315, 0.4624577360730895]], "T": [0.12930918803372665, 0.08915202911699621, -0.11228039386396427], "aligned_model": [[-0.2843773565246498, -0.6181518539803412, -0.40240389960737927, -0.2871255671555348, 0.17652992073196222, 0.5780520601379322, -0.06121876261481385, -0.244654758229979, -0.17038971439653033, 0.4237484249609975, 0.614043269103077, 0.6668016070962477, 0.059092617761396155], [0.24434101016296272, 0.23554049016326917, -0.3105855092532207, -0.39488300230792384, -0.7175359666726995, 0.3937487808659272, 0.7492952892556686, 0.5143922917114023, -0.09320153360652839, 0.18468035059153126, -0.17766990683764183, 0.5539559070649615, 0.0942227227079004], [-0.6705213704815699, -0.0077337987447142625, 0.06477276097235987, -0.5159722569383967, 0.07253844810277293, 0.3691895940502109, -0.41399195692966384, 0.5028556959014612, 0.6307281922582748, -0.697761907925712, 0.06191704676536913, -0.2029370374020733, -0.07857434477896726]], "inverted": false, "swapped": false, "error_lsq": 0.042734066228649364, "error_max": 0.2816060652196523, "target": "498.xyz", "model": "20.xyz", "model_rescale": 4.121658175737393, "target_rescale": 3.8220678672720956},
{"mapping": [6, 8, 5, 1, 0, 11, 10, 9, 7, 2, 3, 4, 12], "R": [[-0.9703338483435445, -0.18330683402254314, -0.15764145190729204], [0.002175469366577032, -0.658627010539471, 0.7524664300291906], [-0.24175915720369792, 0.729800702650026, 0.6394868601618694]], "T": [-0.029167203733922356, 0.14301051157939795, -0.09207117910554105], "aligned_model": [[-0.3449175805688428, -0.7010907292548086, -0.41216325561051714, -0.05314649019569219, 0.18773176059866586, 0.49025925808867665, 0.054755894010355396, -0.3047543837834059, 0.141852764305875, 0.4123787237146738, 0.49244525406342643, 0.49489453546638895, -0.00829976355241055], [0.3742590892483042, 0.18407686389483668, -0.3605882782129719, -0.35910921074319924, -0.8224497219425138, 0.534581130069371, 0.8891751089082397, 0.653090051609204, -0.042031683226211036, 0.10238894567785564, -0.28960273069492526, 0.354517887967009, 0.05799347129060958], [-0.6111571613154473, -0.06893174900067514, 0.16013075021567894, -0.5713160479032203, -0.0025999141208368493, 0.5007505518008207, -0.30389268185038787, 0.3398239982419221, 0.5430111906468978, -0.70818700956795, 0.06092205416798124, -0.19084124120378856, -0.03320367526164308]], "inverted": true, "swapped": false, "error_lsq": 0.06110753264922813, "error_max": 0.38257267353225216, "target": "498.xyz", "model": "21.xyz", "model_rescale": 4.08911054899281, "target_rescale": 3.8220678672720956},
{"mapping": [7, 6, 5, 10, 9, 2, 0, 8, 11, 13, 14, 4, 16], "R": [[-0.45496905550118616, 0.5164470365650189, -0.7254554548416935], [0.41127062438811185, 0.8444287068668317, 0.34321514030506134], [0.7898478537362567, -0.14220624966020412, -0.5965884263927759]], "T": [0.12326412034569156, 0.09152343790514085, -0.003200332756354493], "aligned_model": [[-0.14406166045720126, -0.5349303498730295, -0.36829056693903317, -0.39624176857498017, 0.08094360989632973, 0.6491204465062489, -0.04418162190775493, -0.4269261867896319, -0.08401810441646562, 0.41662278712756967, 0.631188484996953, 0.5391038015720542, 0.13161711614132615], [0.16256590264982118, 0.3745320648445382, -0.3807270555115363, -0.3673860821491839, -0.6196384909410073, 0.4871441197733149, 0.7955661904271005, 0.25974039022338, -0.04421689653918169, 0.18124975861959114, -0.298886466822999, 0.6020333247028935, 0.12432416456887699], [-0.6583996025442246, -0.2087490739413656, 0.1786856612736673, -0.4162997069935815, -0.0008988294107016154, 0.2938067878457198, -0.27954273667180346, 0.38378248462340286, 0.7210245433429421, -0.5885377107045294, -0.040823889616925, -0.23287227459310084, -0.03666658776014847]], "inverted": true, "swapped": false, "error_lsq": 0.038925781238569566, "error_max": 0.2184176177667248, "target": "498.xyz", "model": "22.xyz", "model_rescale": 4.204369325754507, "target_rescale": 3.8220678672720956},
{"mapping": [2, 5, 11, 10, 14, 7, 8, 9, 13, 1, 12, 0, 15], "R": [[0.8540167883496408, 0.4687804169723058, -0.2256108283754046], [0.39277912927422254, -0.29661966976876375, 0.8704833870401281], [0.3411449557351665, -0.8320226512358548, -0.4374453417364398]], "T": [0.1954641964335541, 0.07790502206170574, -0.061386311746920066], "aligned_model": [[-0.3699508737912781, -0.499926356313266, -0.41815728729542945, -0.2847608876216926, 0.12020697115540871, 0.21467604172498828, 0.04967839371069935, -0.3199280891264008, 0.12455480662992155, 0.4351338672388725, 0.65558547738316, 0.576076934099306, 0.16675698948809525], [0.10108216661013225, 0.5039992798804049, -0.210166443229914, -0.44874110870014466, -0.6793837179666964, 0.5223288875715892, 0.8173626914854217, 0.35351043340108507, -0.22990159594963439, 0.10958742690658321, -0.2193201995271868, 0.5867832137327953, 0.06915988963117374], [-0.7210027922462147, -0.223059764618045, 0.18294278494603666, -0.39294589695632015, 0.08210262979846604, 0.48427281417978324, -0.12635561519752203, 0.43602930540062457, 0.5315359341825646, -0.6754499062538362, -0.0521864922856264, -0.32378141064187765, -0.08759252545868121]], "inverted": true, "swapped": false, "error_lsq": 0.04828874062261433, "error_max": 0.3530293565824884, "target": "498.xyz", "model": "23.xyz", "model_rescale": 4.410303926677745, "target_rescale": 3.8220678672720956},
{"mapping": [5, 12, 14, 15, 9, 1, 0, 7, 11, 2, 10, 3, 16], "R": [[0.3368357260269091, -0.8961799066383509, -0.28879624064312626], [-0.26365535521269223, 0.20467538901987264, -0.9426525546548067], [0.903895761324056, 0.393661733049126, -0.1673406483588629]], "T": [-0.04670735544596105, -0.003778112044872786, -0.04573626775184001], "aligned_model": [[-0.21656040098607005, -0.5465838642238356, -0.4815473725523338, -0.31647642438492174, 0.093150342735145, 0.479423829919993, 0.0002824313406862844, -0.18778089788888697, 0.039120422541549627, 0.30877334829433933, 0.546201352679782, 0.6854205585499087, 0.04652266125702939], [0.06426662241932646, 0.5473313405163847, -0.4520423791669447, -0.5787103194726513, -0.6051159756699833, 0.4631735358186482, 0.7261254371292951, 0.4767123389744064, -0.2001253115131359, 0.5439493611497351, -0.24714720375159582, 0.4666597564088757, 0.07122372100324809], [-0.6475019118861484, -0.3500020759744738, 0.21526813136640652, -0.371300081989199, 0.06034191878363391, 0.445667317820443, -0.23393451409559882, 0.3914800160073445, 0.5499170344277581, -0.6833270734842714, 0.06834569973698942, -0.2736132391789933, -0.0568321566845391]], "inverted": false, "swapped": false, "error_lsq": 0.04456142441137844, "error_max": 0.2742799961063883, "target": "498.xyz", "model": "24.xyz", "model_rescale": 4.28219845311461, "target_rescale": 3.8220678672720956},
{"mapping": [7, 13, 11, 9, 5, 6, 2, 14, 10, 4, 1, 0, 15], "R": [[0.5530945601765587, 0.04031547494846216, 0.8321424577455349], [-0.3700695832716429, -0.8829901415746204, 0.28875060765162797], [0.7464147044641148, -0.46765700290032197, -0.4734575129808762]], "T": [-0.014879357810635367, 0.047925027541880785, -0.12594497081650355], "aligned_model": [[-0.3001851332796139, -0.4468960532386385, -0.33578406179353865, -0.37514135028014656, 0.19338228791956602, 0.4836981094454546, 0.009756606849244433, -0.3404682720330927, -0.014929378064418734, 0.3280566204871414, 0.5513751548109143, 0.6534446512155729, 0.04363680524394065], [0.03169259447559416, 0.3821509804261179, -0.21650024110426452, -0.45730047200249335, -0.7429615945212261, 0.44724104270950926, 0.728361179785224, 0.4270513283916618, -0.03652036812463916, 0.34441881983036027, -0.23945114943873624, 0.5153056563924352, 0.09281314702606555], [-0.8497426831305301, -0.35954943187642485, 0.22558955026450436, -0.39396022275359976, 0.11155475312754218, 0.5097942557034355, -0.05397458556346857, 0.44885911044426097, 0.6630884831489017, -0.6996477849538013, -0.20748121236839046, -0.14721792947775478, -0.1328032377153236]], "inverted": true, "swapped": false, "error_lsq": 0.03928582876641556, "error_max": 0.2292835768561305, "target": "498.xyz", "model": "25.xyz", "model_rescale": 4.100010024507729, "target_rescale": 3.8220678672720956},
{"mapping": [7, 8, 10, 4, 6, 9, 11, 3, 2, 0, 1, 12], "R": [[0.3117221130345986, -0.8937745453182293, -0.3224847072132846], [0.04995882046360234, 0.3543432919871844, -0.9337799246511842], [0.9488590203518807, 0.2749688956316294, 0.15510856176237203]], "T": [0.01884436236463019, -0.07549629967740815, -0.0296709750925109], "aligned_model": [[-0.54589588656895, -0.15904970459984752, 0.35852447024936174, 0.7535590332274209, -0.5926363170818212, 0.0964946594269192, -0.18315652118198886, 0.43647421471566894, 0.09914027373854939, 0.09673746005534689, -0.4911374448877719, 0.0077113652701193], [-0.3222480631191024, -0.720675682304693, -0.12025201797164481, -0.37304770669036846, 0.439546581559361, 0.6957825686696723, 0.34557268700144295, 0.19417127879603155, -0.3606574873416365, 0.5527183027749333, 0.23854394580576885, 0.09667698287087492], [-0.16584132435373378, 0.09230097767988169, 0.4788062188446545, -0.059819309799375234, 0.12077009168609801, 0.3990815744871204, 0.6362874141598752, -0.6187246295818568, -0.46851541475875913, -0.34968293051322674, -0.5004311792651744, 0.0009608012688529094]], "inverted": false, "swapped": true, "error_lsq": 0.05887109635284255, "error_max": 0.4100549306609008, "target": "498.xyz", "model": "26.xyz", "model_rescale": 3.6694154284099745, "target_rescale": 3.8220678672720956},
{"mapping": [11, 2, 6, 12, 3, 5, 4, 0, 1, 10, 7, 8, 13], "R": [[-0.19830937001431007, -0.9505474349104761, 0.23902503582186074], [0.9720351995469094, -0.2220275257633497, -0.0764941085653324], [0.12578141598156395, 0.21717124991241232, 0.9679957043319735]], "T": [0.12472796169018459, 0.10340607952532986, -0.12220505696472142], "aligned_model": [[-0.36111044857681573, -0.5198662790525573, -0.36713992301466836, -0.34142092217132103, 0.25047786003828065, 0.44791792730560104, 0.09725592837671496, -0.16157245823428085, -0.07191870503772678, 0.15198324921289907, 0.5904665102867291, 0.6640468183602797, 0.07082642978925097], [-0.017983968385010915, 0.2982757809866306, -0.27206121798832644, -0.45975421433411934, -0.6898862667481414, 0.3519158104307091, 0.9185415377705152, 0.5182461572355505, -0.07919635976058507, 0.41592158541214563, -0.23156563551676218, 0.4024025492591014, 0.12144516548390188], [-0.8189122871717509, -0.21523037855489027, 0.17491566647636816, -0.43089343519147083, -0.034424439839316756, 0.5558581108094853, -0.22384187207598655, 0.3054316142990914, 0.7190042459601717, -0.6355099641836164, 0.13665799407073873, -0.2898161376152934, -0.1287300521341782]], "inverted": true, "swapped": false, "error_lsq": 0.04711035809663367, "error_max": 0.33404639381434104, "target": "498.xyz", "model": "27.xyz", "model_rescale": 4.103607728864725, "target_rescale": 3.8220678672720956},
{"mapping": [7, 1, 0, 5, 9, 12, 4, 2, 3, 11, 10, 13, 14], "R": [[-0.06752929228185658, 0.7540350487539257, -0.6533536101794931], [-0.9802891607864933, 0.07171873751162586, 0.1840912380702889], [0.18566894174423704, 0.6529070132418581, 0.7343292695590797]], "T": [0.18723693438286895, 0.03519954360349667, -0.14465298303132518], "aligned_model": [[-0.21281126180839635, -0.6870687613739276, -0.39828130916734394, -0.300541752537018, 0.0755819166209101, 0.4864353258064058, -0.11119511893930986, -0.13295579883241535, 0.0557876567742924, 0.5750280515648772, 0.5571555592495048, 0.49896596768513135, 0.0438455122396747], [0.0704179832292087, 0.2311105484557328, -0.17634817173194198, -0.4040274735647308, -0.7717116113242267, 0.4941073934902419, 0.8906834723496073, 0.48410449217383766, -0.051756884970290074, 0.12006158395344461, -0.2763215462346109, 0.5975389878649532, 0.06844215015438308], [-0.7436541080701924, -0.13633068648048152, 0.20478612695477355, -0.4675956874822565, -0.06371182468295494, 0.5165410316168932, -0.11829308277458178, 0.34246267774880884, 0.5893024103766695, -0.7054361113453476, 0.01625101899661452, -0.22510105434353522, -0.09471164566505832]], "inverted": true, "swapped": false, "error_lsq": 0.042603058737463124, "error_max": 0.2374244122880713, "target": "498.xyz", "model": "28.xyz", "model_rescale": 4.137296879288765, "target_rescale": 3.8220678672720956},
