[{"mapping": [0, 9, 8, 3, 2, 5, 11, 10, 1, 7, 6, 13], "R": [[0.39816584787726317, -0.1662535179668112, 0.902121790751027], [0.9088108059809457, -0.06209477954199326, -0.4125617011864963], [0.12460688791734054, 0.9841260113000219, 0.12636897311549578]], "T": [-0.1437290350508805, -0.04600892554686301, 0.03236493132586986], "aligned_model": [[-0.36151309478881977, 0.27986728673481753, 0.41177393007282936, -0.06923488698616587, 0.0713721692305215, -0.6938574514908872, 0.49257196212980725, -0.1996936866041223, 0.45431187007633145, 0.155142740713226, -0.6506013067179625, -0.05249706990902611], [-0.3224697930899126, -0.6290727172372125, -0.30947644970610766, 0.6011350648516824, 0.2588114677942935, -0.47840849748941033, -0.31405756389049366, -0.6898559289621148, 0.30666331468768, 0.4081315450676641, 0.24733884881045473, -0.025184254859466147], [-0.5665246447781331, 0.043447529934974666, -0.5603765157213273, -0.10165322174207812, -0.5653733671746423, 0.11999137711026978, 0.5312483753399424, 0.4859963156519222, -0.09203794566520673, 0.5429505095817161, 0.27057701935003026, 0.07370631346609466]], "inverted": false, "swapped": true, "error_lsq": 0.04706521646410743, "error_max": 0.2696604443338603, "target": "499.xyz", "model": "0.xyz", "model_rescale": 3.751011558992144, "target_rescale": 4.057775897640693},
{"mapping": [11, 5, 9, 13, 12, 7, 3, 2, 10, 4, 1, 8, 0, 14], "R": [[-0.6788706795203815, 0.7342538243441243, -0.0024335002697883357], [-0.16239635476339545, -0.15337766160268856, -0.9747321257047253], [-0.7160740355906621, -0.6613218689543835, 0.22336374190003255]], "T": [-0.05015673394365672, -0.010772026857204187, 0.10742638398336796], "aligned_model": [[-0.4439589261253102, 0.5076587348301254, 0.25338241167339953, 0.5705805744737056, -0.08143659379879956, -0.5030005431615437, 0.21862303721169557, 0.6235970565352553, -0.18642344454167448, -0.36977361302364753, -0.5441697007466642, 0.17816922132305205, -0.1065286977320728, -0.04623491963694624], [-0.6255358294019724, -0.18416247028217786, -0.5880602477322281, -0.13185358414162177, -0.2153905759496484, 0.1981364591161947, 0.35162997754665476, 0.4683814596598678, -0.679847174573655, -0.027047260870670914, 0.4567289110182642, 0.2756635034973984, 0.7106639111121025, -0.04814611397125189], [-0.2146237509961056, 0.3284777443528464, 0.013661153480206273, -0.24968235117292487, -0.6061056221746997, -0.3295710447717452, -0.508875580425733, 0.09307827742046361, 0.5615448469639719, 0.8307203334083451, 0.2593461363261238, 0.6608161175725404, -0.12029473406339825, 0.0675314039946182]], "inverted": false, "swapped": false, "error_lsq": 0.03336876499750775, "error_max": 0.20690633638611267, "target": "499.xyz", "model": "1.xyz", "model_rescale": 3.9405287249114394, "target_rescale": 4.057775897640693},
{"mapping": [11, 1, 7, 0, 2, 12, 9, 8, 4, 6, 5, 10, 13], "R": [[-0.07133994100776456, -0.988957877073195, 0.12989584362822404], [0.3220133850721524, 0.10041964018756824, 0.9413943252957144], [-0.9440434273122094, 0.10898721594516797, 0.3112937424831069]], "T": [-0.04062380496738544, -0.10222337817074709, -0.05506271280532113], "aligned_model": [[-0.3460216126170759, 0.2108291471738517, -0.48393390042893364, 0.4983649279710041, 0.5737152491040394, -0.6927981519558298, 0.08916923818788136, 0.6874786484392061, 0.12960743026231789, -0.4157358810508221, -0.23988364802387702, -0.4561716933965177, -0.05863647438131319], [0.665118440852107, 0.4043105166928618, 0.27030276287616417, -0.43773543372131474, -0.08080746513052567, -0.054372938220239975, 0.36706918347195705, 0.30547780948654935, -0.8793908295347332, -0.5576864136708977, -0.5640796843604504, 0.02665788325326407, -0.006031238422724905], [0.15358156366497722, -0.47660931195521594, -0.5251328901403666, 0.2268096673072544, -0.3994519679883691, 0.03254901902658122, 0.47638654209861986, 0.12656234747429115, -0.1775909939158087, -0.2821348798701836, 0.43917743709106194, 0.603847001610615, -0.08487318481481268]], "inverted": false, "swapped": true, "error_lsq": 0.04947033544549795, "error_max": 0.3304331513497147, "target": "499.xyz", "model": "2.xyz", "model_rescale": 3.932901565614263, "target_rescale": 4.057775897640693},
{"mapping": [7, 12, 5, 6, 4, 0, 2, 10, 9, 8, 3, 11, 1, 13], "R": [[0.7745381446024293, -0.5687754447467528, 0.27674023200279374], [0.6107182601919487, 0.558563204393229, -0.5612756482924298], [0.16466289571104262, 0.6037397122528066, 0.7799900580295577]], "T": [-0.07671701543936725, 0.04081084329533092, 0.09692563803583434], "aligned_model": [[-0.4949032843363452, 0.5857724943041402, 0.26149384174763923, 0.514771358170496, -0.19439335772233463, -0.45145197421702526, 0.1322005988227482, 0.5494423161693303, -7.15652252920862e-05, -0.44888677997763693, -0.5165108933444573, 0.0396132425281845, 0.06459551166904869, 0.028813088692078756], [-0.5335679478515329, -0.2827855951258815, -0.5663269912835998, -0.03598333819839095, -0.2934860792481569, 0.31113939821039915, 0.25881161607431835, 0.31143441721764403, -0.5800007808585206, -0.08673849103157943, 0.26650307449919924, 0.47576317418794833, 0.7229028566588749, -0.006504348223465704], [0.026556638228858273, 0.2957290703010967, -0.0869132902636536, -0.23614555293514503, -0.7015881380398391, -0.3883026713304317, -0.6796237465477155, 0.3156327777869089, 0.4822973309062165, 0.7166090727088936, 0.22471389967453662, 0.8682831681732606, -0.15516536914223586, 0.10393974039375842]], "inverted": false, "swapped": false, "error_lsq": 0.04243922445646635, "error_max": 0.23664325232923797, "target": "499.xyz", "model": "3.xyz", "model_rescale": 3.9243930471874484, "target_rescale": 4.057775897640693},
{"mapping": [6, 5, 4, 3, 2, 12, 7, 0, 8, 9, 1, 11, 13], "R": [[-0.3814660235149836, 0.8292648980942108, 0.40841572165192663], [0.5880459784627221, 0.5585962901770216, -0.5849547946758691], [-0.7132219851613419, 0.017026843197338493, -0.7007313939686501]], "T": [-0.014874575552908526, -0.08505999357264277, -0.1557752189459326], "aligned_model": [[-0.004136049072187814, -0.2884845915485046, 0.4499053480974039, 0.45589984351969437, 0.631185000770009, -0.564493297582401, -0.19981522072986396, 0.3367964265414293, 0.2782701132327964, -0.38770013990087804, 0.23994956448672486, -0.6260112666394599, -0.04415984486341007], [-0.629118835935722, -0.02532307369940029, -0.29102318939466115, -0.46226288723369163, 0.10037748326181348, -0.4483917971563854, -0.5864696800015265, 0.3644982184628513, 0.6503141663500045, 0.504633823023013, -0.04700553195593879, 0.08553849409234543, -0.08793763613111466], [-0.4776479818224131, -0.8029677080422145, -0.7799065233344445, 0.12421587219299707, 0.05563679537912064, -0.19050445629860108, 0.3644659003805303, -0.5516971210958894, 0.16458729438893527, 0.025283761058089937, 0.5008245256818024, 0.41257486951764266, -0.05779491263459155]], "inverted": true, "swapped": true, "error_lsq": 0.03814823506523872, "error_max": 0.20836456244421767, "target": "499.xyz", "model": "4.xyz", "model_rescale": 3.8936222436046832, "target_rescale": 4.057775897640693},
{"mapping": [8, 9, 1, 2, 7, 12, 5, 6, 4, 0, 3, 13], "R": [[0.056630234077072905, 0.768953932193662, 0.636791069937606], [-0.8324939197766743, -0.3157168562798549, 0.4552765535316241], [0.5511323707815068, -0.5559071116874388, 0.622270353666383]], "T": [-0.15086939250209763, -0.049954263877077944, 0.024748430924731175], "aligned_model": [[0.02070446219370292, -0.5099768919499119, -0.23508084200794127, 0.3318146106687073, -0.6045443369376677, -0.6487913076527788, -0.07873681233143956, -0.03820022780438309, 0.5332720299277083, 0.3853330251178808, 0.09493697606023285, -0.22318264306901242], [-0.5783419835027501, -0.6410207225331389, 0.1530165755111738, -0.009727772405303106, 0.5128971209249658, 0.14655487922949217, -0.34609474878027335, 0.3731266275553022, 0.08627442407927105, -0.49068495443461596, 0.4908822344028951, -0.02795877493721126], [-0.6238731334169478, -0.1782350617409315, -0.6454888249565247, -0.486986907156519, -0.1586715830841967, 0.41043584595929694, 0.6606625465652929, 0.4808467032490977, 0.42646146192164625, 0.05254515849817052, -0.27421761908603576, -0.04419386747683037]], "inverted": true, "swapped": true, "error_lsq": 0.03989054062955704, "error_max": 0.3315201390177355, "target": "499.xyz", "model": "5.xyz", "model_rescale": 3.6523030999806103, "target_rescale": 4.057775897640693},
{"mapping": [4, 3, 7, 6, 12, 0, 1, 5, 8, 9, 11, 10, 13], "R": [[-0.18362810513362732, 0.8816045565679006, -0.4348035474139431], [0.680270790057795, 0.43326724642043524, 0.5911946763743712], [0.7095860562322072, -0.1872241945315011, -0.6792898716916466]], "T": [0.050265011603815246, -0.08013759001650272, 0.09050384809780163], "aligned_model": [[0.1732947880685829, -0.12850272643739907, 0.2514439490813712, 0.5361793618320954, 0.6407348638848966, -0.27778064170081496, -0.4288433833668184, 0.4743768338080633, -0.746671402157956, -0.17556312292335835, 0.06622612352436091, 0.4699798068166147, 0.02620845423465613], [-0.7345018864212656, 0.1207243285931349, 0.5955996240532155, -0.209770452174297, 0.1840663892863575, -0.686508835289124, 0.4073683398508414, -0.5818096489736222, -0.11222431714460046, 0.033921166466307606, 0.5848854361305178, -0.07903742282932835, 0.018114182615046007], [0.5428887973092491, 0.6987818875211126, 0.33375637276697867, 0.4736487040950822, -0.03925928185650229, 0.005479177683297101, 0.26457229226251033, -0.16590084359096294, -0.2147892863781881, -0.584412670242209, -0.44157071419856786, -0.5782941177988385, 0.07520942190882801]], "inverted": false, "swapped": true, "error_lsq": 0.0446519881758403, "error_max": 0.2010082960640983, "target": "499.xyz", "model": "6.xyz", "model_rescale": 4.08911054899281, "target_rescale": 4.057775897640693},
{"mapping": [8, 6, 3, 0, 9, 11, 1, 2, 4, 5, 12, 7, 13, 14], "R": [[-0.42481857662056005, 0.496730642938883, 0.7568274871617742], [-0.8983871571610732, -0.12836691942723563, -0.4200267251554441], [-0.1114885321731646, -0.8583592501757558, 0.5007890821808996]], "T": [-0.10034738985514254, 0.008270454974747918, 0.08358692607659565], "aligned_model": [[-0.41026515436911365, 0.34487076436422465, 0.3150604496488717, 0.7415283564956672, -0.0813862222501857, -0.5029785629047342, 0.23139388138781547, 0.58796200081762, -0.1429851808160476, -0.3959165960261947, -0.5992607677393549, 0.20628440776184703, -0.11015120387016246, -0.11367157521967822], [-0.5687089547625082, -0.1264048974215003, -0.6566092730397559, -0.2500543652349578, -0.30159783789860456, 0.22606499258123758, 0.30447567500692996, 0.42792276483585984, -0.5788997113712776, -0.07367436755494718, 0.4720501260672713, 0.360167012282395, 0.7396163036884216, -0.013186502151307802], [-0.10666215608385612, 0.2646568326428762, -0.02514536176717233, -0.24682145467937008, -0.6362598792247834, -0.2838157696601692, -0.4996422359473792, 0.09976298342003542, 0.47122426204593937, 0.7810287659509461, 0.2933386270486573, 0.7011909401362927, 0.05306386673355537, -0.07989649070106294]], "inverted": true, "swapped": false, "error_lsq": 0.03852050156416019, "error_max": 0.25688358362292457, "target": "499.xyz", "model": "7.xyz", "model_rescale": 3.964800864290218, "target_rescale": 4.057775897640693},
{"mapping": [0, 10, 5, 8, 1, 2, 7, 9, 3, 6, 4, 11, 12, 13], "R": [[-4.040121286364752e-05, -0.4778854122105777, 0.8784221827595592], [0.7195835357896557, 0.6099676412789259, 0.3318719807592695], [-0.6944058851912184, 0.6321115482167289, 0.3438538311882694]], "T": [-0.0589428920059691, -0.02969538890745574, 0.055117473691081414], "aligned_model": [[-0.6090413884988543, 0.5874714096868408, 0.5325712998096788, 0.623730210365272, -0.10550203590753605, -0.6141410470940791, 0.0037954353382719935, 0.5235544743610083, -0.23178671524653494, -0.36501501416804216, -0.5000039682152108, 0.06571460008896711, 0.1412105324469935, 0.01792680431379913], [-0.47259596703113593, -0.2492474064865258, -0.6189651292004107, -0.007159330528858587, -0.30672513322703465, 0.1648460856582037, 0.288893813069814, 0.31106921584696956, -0.6637670398610922, -0.05541438833119445, 0.4521714215620003, 0.4657836177405352, 0.687278661947072, -0.03500745613108609], [-0.06484124661186452, 0.5123695651583469, 0.011039621836268873, -0.2977382231296759, -0.6407321207284143, -0.24904917637869503, -0.5784580842554402, 0.19088576568413027, 0.36177827967534903, 0.547219304903266, 0.3165804711400151, 0.7078765319425938, -0.07357500615747367, 0.04266724683610278]], "inverted": false, "swapped": false, "error_lsq": 0.04079040353979248, "error_max": 0.2462365090938537, "target": "499.xyz", "model": "8.xyz", "model_rescale": 4.121658175737393, "target_rescale": 4.057775897640693},
{"mapping": [5, 12, 6, 4, 10, 9, 7, 1, 3, 11, 0, 2, 13], "R": [[-0.9084935045437464, 0.22574588893563674, 0.35167932243804334], [0.3858468816720544, 0.7763360756493068, 0.498421991438365], [-0.16050462954623368, 0.5885075116547733, -0.7923996293664789]], "T": [-0.03404679751429582, 0.035383688841305515, -0.033756346658197905], "aligned_model": [[-0.5184096361504033, -0.19740148900165522, 0.1767217368514806, 0.15421994341130893, -0.7422549035483693, -0.5751854676270544, 0.3593560771493256, 0.3813746085173354, 0.6298991221241637, -0.3223579872867781, -0.23228333163138273, 0.3754587050255521, -0.012399881398325884], [0.26144193495301915, -0.46228125771907985, 0.03888497850443919, 0.6662969861892617, -0.2726993211517943, -0.11872823530789617, -0.5971152385832899, -0.17349280357703944, 0.05467466565596082, -0.6769574628621331, 0.6894996872853904, 0.426935239821335, -0.046071733796463586], [-0.4937339203560488, -0.4349317506424957, -0.6298115297395696, -0.4968817573949609, -0.19800791096450113, 0.41673062046322285, -0.0717671758305106, 0.4966231169023688, -0.00045076506050351073, 0.3337493862006904, 0.09019432677833153, 0.3851323021364118, 0.024230491466653556]], "inverted": true, "swapped": true, "error_lsq": 0.0490079397249665, "error_max": 0.2531267767777836, "target": "499.xyz", "model": "9.xyz", "model_rescale": 3.833441315466971, "target_rescale": 4.057775897640693},
{"mapping": [8, 12, 11, 7, 9, 2, 3, 6, 10, 0, 5, 1, 4, 14], "R": [[-0.4280598865087403, -0.46580494000533734, 0.7744614202326343], [0.7944698847131754, 0.21453062457225225, 0.5681498159856022], [-0.4307926831388373, 0.8584884209977814, 0.2782360421778204]], "T": [0.0231406385461434, -0.006297440838511628, 0.1240590268733384], "aligned_model": [[-0.25506280133632886, 0.4418776566118233, 0.3980603135272954, 0.4008104384844885, -0.24855753854556928, -0.5437123032855267, 0.03399702612670452, 0.5204525390911958, -0.18921581776814822, -0.34863852775899734, -0.411381644382827, 0.07473642575372053, 0.19170029919842796, 0.005418531564316105], [-0.6643339934030891, -0.13489153077029062, -0.5669911557929926, -0.19356896643322108, -0.23951819171775635, 0.14072320882686146, 0.35983574211034125, 0.42852863394728613, -0.7260836765441779, -0.0238919647758258, 0.5013421263417283, 0.3445093400305556, 0.7397885588952008, -0.00428716568736376], [-0.18763008731454273, 0.5377532703030155, 0.02210376037797128, -0.39189530705339276, -0.6037447299574961, -0.2927297995560512, -0.6634373102229523, 0.28165574735812315, 0.45956857050834976, 0.694404225794606, 0.22859446076187853, 0.7720415962010465, -0.10145350469059213, 0.030792037404545794]], "inverted": true, "swapped": false, "error_lsq": 0.043929880791757484, "error_max": 0.26623768592482644, "target": "499.xyz", "model": "10.xyz", "model_rescale": 4.2482417240324, "target_rescale": 4.057775897640693},
{"mapping": [0, 9, 10, 11, 4, 6, 5, 7, 1, 3, 2, 13], "R": [[0.37156240522836187, 0.829627041249714, 0.41672575088199204], [0.424359487384188, 0.24746267383290405, -0.8710231056214865], [-0.8257483905451732, 0.5004809661582699, -0.2601122796511939]], "T": [-0.02241284976053084, 0.0689528392450377, -0.016283878428026144], "aligned_model": [[-0.6862841347114116, 0.08461156824028465, 0.29769713356709715, 0.6492342457923818, -0.6039921464155195, 0.033534053098072066, -0.2039184620221843, 0.6122173675123275, 0.1348108995568933, -0.042414981235262196, -0.4517519311273217, 0.05302199010764961], [-0.10107454731637161, -0.633115907240361, -0.2794759068946682, -0.4523160681056503, 0.5936295681959958, 0.6608762618769496, 0.1317364930666361, 0.29881761100986337, -0.09038041929214141, 0.4671532889540494, 0.038455484481177235, 0.03182553131516033], [0.0972715580837929, 0.1068636029211184, 0.6158390892873888, -0.0690344946055727, 0.16935273536065146, 0.19869058793117483, 0.6622461385366073, -0.3335727249810377, -0.6851637737871101, -0.548582576852691, -0.5741485020938231, -0.07456934994614287]], "inverted": false, "swapped": true, "error_lsq": 0.04648136238561625, "error_max": 0.28971057147072704, "target": "499.xyz", "model": "11.xyz", "model_rescale": 3.6694154284099745, "target_rescale": 4.057775897640693},
{"mapping": [6, 12, 0, 1, 4, 11, 3, 2, 5, 7, 9, 10, 8, 13], "R": [[0.4132815429218422, -0.5306004624905662, 0.7400415633496129], [-0.23836056558491095, -0.8473933920620034, -0.47445619383004545], [0.8788530065114322, 0.019687262238550357, -0.4766862748720249]], "T": [-0.024086438267744342, -0.04497444186771277, 0.10701708368637253], "aligned_model": [[-0.4177860055074005, 0.4938292481658524, 0.2170054463796933, 0.7172317918950258, -0.03243855861199926, -0.6368446834706292, 0.29065060389520536, 0.4669198939218284, -0.1269558963156935, -0.42893350869682145, -0.5233205009482734, 0.09219345278169497, -0.079143687814999, 0.03807700160709031], [-0.4365495028540681, -0.1913617782356768, -0.6671611963352411, -0.08137399740946766, -0.17307191945662626, 0.16867016665500695, 0.33928387967805823, 0.3821384273779075, -0.7060398339522336, -0.07019405099403708, 0.5359508332069483, 0.3234215497804453, 0.6623732334822761, -0.12492484591603531], [-0.0003349345643785251, 0.521869575258495, -0.1489051899589059, -0.29991761388347454, -0.6218175533002387, -0.24499422734230686, -0.5962147679931896, 0.05409306204370346, 0.5508427414234414, 0.729614979081188, 0.3478021378924262, 0.6112909850371596, -0.15609091079564258, 0.03878464701623237]], "inverted": true, "swapped": false, "error_lsq": 0.04120175187779275, "error_max": 0.20567641402615797, "target": "499.xyz", "model": "12.xyz", "model_rescale": 3.9764082729961374, "target_rescale": 4.057775897640693},
{"mapping": [0, 8, 7, 3, 4, 5, 6, 11, 2, 1, 12, 10, 13, 15], "R": [[0.577223580022532, -0.5307847056124754, -0.6205485758213048], [-0.5903396582236077, 0.2538029641673406, -0.7662135102621893], [0.5641914804340863, 0.8086109396166675, -0.16684220610458408]], "T": [-0.05512862970234088, 0.06054998870119132, 0.01461874686820247], "aligned_model": [[-0.4251483594830451, 0.4297216399625887, 0.15050367286215238, 0.7431359013969137, -0.1280414366429511, -0.7354067682599789, -0.012336840225833659, 0.6062617769310531, -0.06337614271397539, -0.2518609314610384, -0.40839604982520156, 0.13731137650508562, 0.019314309898133833, 0.008802448336671126], [-0.5566175448065426, -0.16156880646354743, -0.646026557876677, -0.18817524276239794, -0.2978940327278814, 0.06676379177389302, 0.4441059688226877, 0.40268657538336544, -0.5915159471016065, -0.027742047632603843, 0.48230425064771487, 0.34948483271449904, 0.6654874235385588, 0.019868301517793813], [-0.08180515400318994, 0.47855440349416045, -0.15713293111809415, -0.08209187786291419, -0.6034955854887036, -0.47528629361071223, -0.6447085455789314, 0.29039036400128504, 0.4739677512220424, 0.6119657950954054, 0.3379436722265015, 0.7396224702270253, -0.04005752644047149, -0.0618436122488942]], "inverted": true, "swapped": false, "error_lsq": 0.04190097496036161, "error_max": 0.2557453804869981, "target": "499.xyz", "model": "13.xyz", "model_rescale": 4.170626492500431, "target_rescale": 4.057775897640693},
{"mapping": [10, 0, 7, 1, 9, 11, 3, 2, 8, 12, 5, 4, 6, 13], "R": [[0.09527542523226884, -0.5718738648973227, -0.8147900809375439], [-0.7952880911934679, 0.4485533051069571, -0.4078195489226525], [0.5986981253959802, 0.686848029133828, -0.41206836753421794]], "T": [0.07907149492940249, 0.006151927558730596, 0.07492887600637667], "aligned_model": [[-0.2791952253055695, 0.6343518671454671, 0.30263433617852153, 0.4963247355211482, -0.18231560535685423, -0.43687730266409475, 0.2592842752834862, 0.562446554603936, -0.02923581134439235, -0.5325985870839876, -0.6580663563866882, 0.08908306668037727, -0.1582288772037995, 0.0028775272130243112], [-0.4250040631867859, -0.20193287320117947, -0.7722102590341227, -0.34864376813804066, -0.3298648509384098, 0.23672993828664393, 0.39833477161020403, 0.41576270322170394, -0.47769865972812314, -0.09076178138503882, 0.5088993043519355, 0.1697768877891273, 0.8097877915449312, 0.06798582383441074], [0.011071427019138672, 0.13991218503400193, 0.11495093722043202, -0.46436159992109327, -0.6143286570218991, -0.34967714180510967, -0.46283461760269295, 0.2524105127515987, 0.6278433625183548, 0.4650231786751903, 0.25126007472309647, 0.7649939246892502, 0.001804334772368174, 0.04795500886187258]], "inverted": false, "swapped": false, "error_lsq": 0.05470762246532694, "error_max": 0.31505424462197534, "target": "499.xyz", "model": "14.xyz", "model_rescale": 3.9786697098870705, "target_rescale": 4.057775897640693},
{"mapping": [5, 9, 4, 6, 0, 2, 11, 1, 3, 12, 8, 13], "R": [[-0.5031564642490953, 0.04571559468260498, 0.8629853167274427], [-0.1632948567303864, 0.975581222555757, -0.14688794355568208], [-0.8486273400319787, -0.21482868197573257, -0.48340487704492396]], "T": [0.06191129987881672, -0.08159794302466443, -0.027780900005385932], "aligned_model": [[0.014896068500627968, -0.656661721292717, 0.6451692311571011, 0.5687762459225166, 0.015248409791053852, 0.24255974114090767, -0.5654869650085912, 0.01987891740385722, 0.5598137468693357, 0.032014095228488755, -0.4159291030356215, 0.02307593009037736], [-0.4243724372308448, -0.025946044241576816, 0.03802646494339916, -0.43984140235646146, 0.35072637444397486, 0.5916364919375315, -0.35204347498101174, 0.3004595550616023, 0.16467955576213977, -0.7300378047095122, 0.6251599664384498, -0.08377275484325136], [-0.6422597625644216, -0.036483336956124844, -0.5695200320593489, -0.14805960013252528, -0.5694888393403735, 0.07515893691387299, 0.4809865849064079, 0.5636343991039826, 0.33793228628785266, 0.09023927606666426, 0.010986487697892046, 0.0668400939499518]], "inverted": true, "swapped": true, "error_lsq": 0.04653486928257621, "error_max": 0.2510709059219743, "target": "499.xyz", "model": "15.xyz", "model_rescale": 3.769337070930944, "target_rescale": 4.057775897640693},
{"mapping": [5, 0, 12, 6, 10, 9, 11, 8, 7, 3, 13], "R": [[0.049219462400434344, -0.15299405806388716, -0.987000639674644], [-0.39513080311571314, -0.9105622960225752, 0.12144115237936284], [-0.9173053433563679, 0.38401708719696315, -0.10527005172705212]], "T": [-0.12950690185464225, -0.0026030491957343, 0.05549864084006054], "aligned_model": [[-0.3714567360821297, -0.3472421078635126, -0.039845808439850666, -0.6292398158234782, 0.24237183493003023, 0.5006111969713098, 0.6663618961923865, 0.3021242559432246, 0.05102225975428101, -0.4012161931674522, -0.050864651723637994], [-0.016601146837643313, -0.6345007419657908, 0.5910515377213245, 0.3749033441959013, 0.19801260001577214, -0.2418088713703871, 0.3008993951091581, -0.7043220412437898, 0.601431007082631, 0.0932637107791048, 0.03373570413906099], [-0.6067349957047716, -0.13377871718455953, -0.2180557025505099, -0.030949916295532176, -0.6115186042853767, -0.19994569589956332, 0.04586303818699651, 0.28050109285464286, 0.45401792366827587, 0.6549060257652056, 0.1099131586689692]], "inverted": true, "swapped": true, "error_lsq": 0.0451241754473224, "error_max": 0.23470604590962307, "target": "499.xyz", "model": "16.xyz", "model_rescale": 3.7852294659196426, "target_rescale": 4.057775897640693},
{"mapping": [0, 6, 3, 4, 5, 12, 11, 7, 2, 8, 9, 1, 13], "R": [[-0.5182534237037476, 0.8345026431049902, -0.18713291391449466], [0.1600236841251056, -0.12032444699796196, -0.9797522380549399], [-0.8401224966267555, -0.5377056500590454, -0.07118163074984485]], "T": [-0.07772730116620596, 0.041203895389597345, -0.013492457260319314], "aligned_model": [[0.1261627259060176, -0.38211054467004135, 0.3471680439964685, -0.07692030191252988, -0.6173556910763853, -0.6410233225432616, -0.23586943064989271, -0.09604076714183814, 0.6068053376528167, 0.5248431329315314, -0.12798057417206632, 0.47795466347382787, -0.051867421578363895], [-0.11215742779468046, -0.47483899915088146, -0.2895119200008372, -0.6990825458620185, -0.13860080661446395, 0.11171681879341808, 0.8105579039704959, 0.14083049131658876, -0.08937284094343645, 0.5007048839694335, 0.7074331137312817, 0.29558722046379626, 0.11178973182417798], [-0.6595871823094268, 0.18841838309883374, 0.37688759200746264, -0.32965133224335363, -0.4303383860300174, 0.32269555406916406, 0.3162031578230817, 0.7254288487453953, -0.11760708684873428, -0.40733102449422876, -0.283924131038849, 0.33866288791999977, 0.05589741644384661]], "inverted": true, "swapped": true, "error_lsq": 0.033358728634739446, "error_max": 0.18526404199680344, "target": "499.xyz", "model": "17.xyz", "model_rescale": 3.901054581598922, "target_rescale": 4.057775897640693},
{"mapping": [11, 5, 9, 13, 12, 7, 3, 2, 10, 4, 1, 8, 0, 14], "R": [[-0.6788706795203815, 0.7342538243441243, -0.0024335002697883357], [-0.16239635476339545, -0.15337766160268856, -0.9747321257047253], [-0.7160740355906621, -0.6613218689543835, 0.22336374190003255]], "T": [-0.05015673394365672, -0.010772026857204187, 0.10742638398336796], "aligned_model": [[-0.4439589261253102, 0.5076587348301254, 0.25338241167339953, 0.5705805744737056, -0.08143659379879956, -0.5030005431615437, 0.21862303721169557, 0.6235970565352553, -0.18642344454167448, -0.36977361302364753, -0.5441697007466642, 0.17816922132305205, -0.1065286977320728, -0.04623491963694624], [-0.6255358294019724, -0.18416247028217786, -0.5880602477322281, -0.13185358414162177, -0.2153905759496484, 0.1981364591161947, 0.35162997754665476, 0.4683814596598678, -0.679847174573655, -0.027047260870670914, 0.4567289110182642, 0.2756635034973984, 0.7106639111121025, -0.04814611397125189], [-0.2146237509961056, 0.3284777443528464, 0.013661153480206273, -0.24968235117292487, -0.6061056221746997, -0.3295710447717452, -0.508875580425733, 0.09307827742046361, 0.5615448469639719, 0.8307203334083451, 0.2593461363261238, 0.6608161175725404, -0.12029473406339825, 0.0675314039946182]], "inverted": false, "swapped": false, "error_lsq": 0.03336876499750775, "error_max": 0.20690633638611267, "target": "499.xyz", "model": "18.xyz", "model_rescale": 3.9405287249114394, "target_rescale": 4.057775897640693},
{"mapping": [8, 12, 4, 13, 9, 5, 11, 14, 0, 1, 2, 3, 10, 15], "R": [[0.3381941957035008, -0.0909279974148477, -0.9366732542773855], [-0.9101344468457945, 0.22152541534668174, -0.3501168076802082], [0.23933235188156657, 0.9709060663326838, -0.00783809295890324]], "T": [0.06430198469614198, -0.10491243889828011, 0.06277645866402438], "aligned_model": [[-0.5261827128496414, 0.47519106764074737, 0.28477485643824096, 0.5898529276106325, -0.053342150391294224, -0.6303099734226587, 0.11918828395124867, 0.6125161525532359, -0.25279469954309963, -0.2157248006407905, -0.6058598913444292, 0.2413777216475953, -0.009358954747777815, 0.04115677037856546], [-0.5343527813001095, -0.16519835518977152, -0.7859942629116514, -0.041259089450653985, -0.16911583158257462, 0.053505494726979796, 0.38607565105457625, 0.44207770592318923, -0.6119590310605307, -0.06065187330055649, 0.4396716239228324, 0.4036872524998237, 0.6772030436777248, -0.07252858198202178], [-0.13516537576725757, 0.4200926100247336, 0.21172037576200248, -0.35083483576318947, -0.6929004754843526, -0.36580332236062413, -0.46175322741517266, 0.06137299682715426, 0.4019338029410991, 0.6587172491845859, 0.16094234599806437, 0.72262426851628, 0.09058787469536586, 0.06448864275581993]], "inverted": true, "swapped": false, "error_lsq": 0.04173811545098075, "error_max": 0.2615768685339871, "target": "499.xyz", "model": "19.xyz", "model_rescale": 4.410303926677745, "target_rescale": 4.057775897640693},
{"mapping": [0, 10, 5, 8, 1, 2, 7, 9, 3, 6, 4, 11, 12, 13], "R": [[-4.040121286364752e-05, -0.4778854122105777, 0.8784221827595592], [0.7195835357896557, 0.6099676412789259, 0.3318719807592695], [-0.6944058851912184, 0.6321115482167289, 0.3438538311882694]], "T": [-0.0589428920059691, -0.02969538890745574, 0.055117473691081414], "aligned_model": [[-0.6090413884988543, 0.5874714096868408, 0.5325712998096788, 0.623730210365272, -0.10550203590753605, -0.6141410470940791, 0.0037954353382719935, 0.5235544743610083, -0.23178671524653494, -0.36501501416804216, -0.5000039682152108, 0.06571460008896711, 0.1412105324469935, 0.01792680431379913], [-0.47259596703113593, -0.2492474064865258, -0.6189651292004107, -0.007159330528858587, -0.30672513322703465, 0.1648460856582037, 0.288893813069814, 0.31106921584696956, -0.6637670398610922, -0.05541438833119445, 0.4521714215620003, 0.4657836177405352, 0.687278661947072, -0.03500745613108609], [-0.06484124661186452, 0.5123695651583469, 0.011039621836268873, -0.2977382231296759, -0.6407321207284143, -0.24904917637869503, -0.5784580842554402, 0.19088576568413027, 0.36177827967534903, 0.547219304903266, 0.3165804711400151, 0.7078765319425938, -0.07357500615747367, 0.04266724683610278]], "inverted": false, "swapped": false, "error_lsq": 0.04079040353979248, "error_max": 0.2462365090938537, "target": "499.xyz", "model": "20.xyz", "model_rescale": 4.121658175737393, "target_rescale": 4.057775897640693},
{"mapping": [4, 3, 7, 6, 12, 0, 1, 5, 8, 9, 11, 10, 13], "R": [[-0.18362810513362732, 0.8816045565679006, -0.4348035474139431], [0.680270790057795, 0.43326724642043524, 0.5911946763743712], [0.7095860562322072, -0.1872241945315011, -0.6792898716916466]], "T": [0.050265011603815246, -0.08013759001650272, 0.09050384809780163], "aligned_model": [[0.1732947880685829, -0.12850272643739907, 0.2514439490813712, 0.5361793618320954, 0.6407348638848966, -0.27778064170081496, -0.4288433833668184, 0.4743768338080633, -0.746671402157956, -0.17556312292335835, 0.06622612352436091, 0.4699798068166147, 0.02620845423465613], [-0.7345018864212656, 0.1207243285931349, 0.5955996240532155, -0.209770452174297, 0.1840663892863575, -0.686508835289124, 0.4073683398508414, -0.5818096489736222, -0.11222431714460046, 0.033921166466307606, 0.5848854361305178, -0.07903742282932835, 0.018114182615046007], [0.5428887973092491, 0.6987818875211126, 0.33375637276697867, 0.4736487040950822, -0.03925928185650229, 0.005479177683297101, 0.26457229226251033, -0.16590084359096294, -0.2147892863781881, -0.584412670242209, -0.44157071419856786, -0.5782941177988385, 0.07520942190882801]], "inverted": false, "swapped": true, "error_lsq": 0.0446519881758403, "error_max": 0.2010082960640983, "target": "499.xyz", "model": "21.xyz", "model_rescale": 4.08911054899281, "target_rescale": 4.057775897640693},
{"mapping": [10, 0, 7, 13, 12, 9, 14, 2, 6, 8, 11, 1, 15, 16], "R": [[0.28037054041828247, -0.9584131811693037, -0.05325912341088729], [-0.32459333566550425, -0.14687888794035941, 0.9343798792348565], [-0.9033446332973378, -0.24468503517448548, -0.3522750446094063]], "T": [0.021953387383426164, 0.03088716053184761, 0.041961377784242734], "aligned_model": [[-0.44734662784418433, 0.5333004482798684, 0.1716769307732649, 0.4851521948657378, 0.012433020453926458, -0.510202102873404, 0.05509932162029592, 0.495101638110442, -0.08071465918167461, -0.330216611993001, -0.4778599543472622, 0.15494553295457586, -0.05411421278009803, 0.06322967924208722], [-0.5825181458362326, -0.3341838004636024, -0.6551357238420774, -0.26113072077652993, -0.2501335943577516, 0.05198805224677074, 0.33353145668826767, 0.5600855646067023, -0.548859555296847, -0.006317424533014877, 0.48810468380735106, 0.4040938997569498, 0.7542954432024735, 0.007340829824796814], [-0.19176246576147504, 0.4950913535414235, -0.07096182921726392, -0.32804184891975363, -0.6406118446387384, -0.43123297776204494, -0.5229548664454784, 0.17361855127602271, 0.499035929965523, 0.6380772460929398, 0.3983765711981378, 0.7297318338808885, -0.007040608533369366, 0.0446978852376976]], "inverted": false, "swapped": false, "error_lsq": 0.03552071269149163, "error_max": 0.21682743151698014, "target": "499.xyz", "model": "22.xyz", "model_rescale": 4.204369325754507, "target_rescale": 4.057775897640693},
{"mapping": [8, 12, 4, 13, 9, 5, 11, 14, 0, 1, 2, 3, 10, 15], "R": [[0.3381941957035008, -0.0909279974148477, -0.9366732542773855], [-0.9101344468457945, 0.22152541534668174, -0.3501168076802082], [0.23933235188156657, 0.9709060663326838, -0.00783809295890324]], "T": [0.06430198469614198, -0.10491243889828011, 0.06277645866402438], "aligned_model": [[-0.5261827128496414, 0.47519106764074737, 0.28477485643824096, 0.5898529276106325, -0.053342150391294224, -0.6303099734226587, 0.11918828395124867, 0.6125161525532359, -0.25279469954309963, -0.2157248006407905, -0.6058598913444292, 0.2413777216475953, -0.009358954747777815, 0.04115677037856546], [-0.5343527813001095, -0.16519835518977152, -0.7859942629116514, -0.041259089450653985, -0.16911583158257462, 0.053505494726979796, 0.38607565105457625, 0.44207770592318923, -0.6119590310605307, -0.06065187330055649, 0.4396716239228324, 0.4036872524998237, 0.6772030436777248, -0.07252858198202178], [-0.13516537576725757, 0.4200926100247336, 0.21172037576200248, -0.35083483576318947, -0.6929004754843526, -0.36580332236062413, -0.46175322741517266, 0.06137299682715426, 0.4019338029410991, 0.6587172491845859, 0.16094234599806437, 0.72262426851628, 0.09058787469536586, 0.06448864275581993]], "inverted": true, "swapped": false, "error_lsq": 0.04173811545098075, "error_max": 0.2615768685339871, "target": "499.xyz", "model": "23.xyz", "model_rescale": 4.410303926677745, "target_rescale": 4.057775897640693},
{"mapping": [3, 9, 10, 11, 1, 0, 7, 14, 8, 5, 12, 6, 13, 16], "R": [[0.7496303443064243, 0.20428526361470584, 0.6295410057850893], [-0.23104427199915128, 0.9721070114618153, -0.040329922429385344], [-0.6202200345614562, -0.11521930973863792, 0.7759198537168241]], "T": [0.039717770868290495, -0.01758874981218035, 0.10884079052359025], "aligned_model": [[-0.5437721980491912, 0.5437976428611381, 0.2298907090223929, 0.5659479023544094, -0.04856445691787163, -0.6352874729334044, -0.019091956095867765, 0.5948044898992528, 0.1361448651154047, -0.38492538324222303, -0.5156163686813287, 0.02276638935504048, 0.1585886277322261, -0.034198193139402935], [-0.6048650101358813, -0.3086672985760984, -0.625254875890629, -0.04896281760440414, -0.28291550146322353, 0.12181609294567151, 0.3367427653502618, 0.3036098401102984, -0.7073118084560549, 0.053222134515566386, 0.5602031207765928, 0.5738831021596426, 0.6743008200144391, -0.0846395987189259], [-0.24314931568245934, 0.34035049815925245, -0.02665857879694089, -0.24161463202974048, -0.7024195330999399, -0.1998986169741251, -0.45055306898810205, 0.32531293700412073, 0.5455221218447843, 0.5673885456764527, 0.17158138755539964, 0.5860952182134876, 0.07216428056549866, 0.0419016864668208]], "inverted": false, "swapped": false, "error_lsq": 0.04289856199871732, "error_max": 0.24108261912210427, "target": "499.xyz", "model": "24.xyz", "model_rescale": 4.28219845311461, "target_rescale": 4.057775897640693},
{"mapping": [2, 1, 6, 8, 14, 13, 11, 5, 0, 4, 7, 3, 9, 15], "R": [[0.9300045040740328, 0.3635753223501796, -0.0538944095428808], [-0.34556662242214203, 0.8149850630866688, -0.46516992208586677], [-0.12520116560865344, 0.4512342317727919, 0.8835792755642548]], "T": [-0.035251425916183216, 0.05152903346067784, -0.018551324799162147], "aligned_model": [[-0.4469788621246573, 0.389741281095366, 0.2837544938903147, 0.6175463117310477, -0.13504794242525753, -0.6003603792736696, 0.18260374031301693, 0.7345357193030707, -0.04152314743881001, -0.3863866927695502, -0.5601839260351853, 0.08709534617233916, -0.013065063820419779, -0.04124628133703105], [-0.48608617113961083, -0.014482993427655293, -0.7765703828722365, -0.18241304454671042, -0.2869207795356941, 0.14230795836341975, 0.27129278645416965, 0.41270839928462966, -0.6433853330800293, -0.11048232466122238, 0.5220588223527719, 0.39615785744330945, 0.7270785670050229, -0.010102396612908716], [-0.11969693490511839, 0.4556859682723135, -0.17566184245637917, -0.05129693197121275, -0.6935602167924483, -0.17769752979856923, -0.46656928277189524, 0.028966015954933325, 0.4087762553080391, 0.6020168964602126, 0.3109840964140976, 0.6643158554780073, -0.022329809130613706, 0.022090389853142697]], "inverted": true, "swapped": false, "error_lsq": 0.03850625010060286, "error_max": 0.2865030178548406, "target": "499.xyz", "model": "25.xyz", "model_rescale": 4.100010024507729, "target_rescale": 4.057775897640693},
{"mapping": [0, 9, 10, 11, 4, 6, 5, 7, 1, 3, 2, 13], "R": [[0.37156240522836187, 0.829627041249714, 0.41672575088199204], [0.424359487384188, 0.24746267383290405, -0.8710231056214865], [-0.8257483905451732, 0.5004809661582699, -0.2601122796511939]], "T": [-0.02241284976053084, 0.0689528392450377, -0.016283878428026144], "aligned_model": [[-0.6862841347114116, 0.08461156824028465, 0.29769713356709715, 0.6492342457923818, -0.6039921464155195, 0.033534053098072066, -0.2039184620221843, 0.6122173675123275, 0.1348108995568933, -0.042414981235262196, -0.4517519311273217, 0.05302199010764961], [-0.10107454731637161, -0.633115907240361, -0.2794759068946682, -0.4523160681056503, 0.5936295681959958, 0.6608762618769496, 0.1317364930666361, 0.29881761100986337, -0.09038041929214141, 0.4671532889540494, 0.038455484481177235, 0.03182553131516033], [0.0972715580837929, 0.1068636029211184, 0.6158390892873888, -0.0690344946055727, 0.16935273536065146, 0.19869058793117483, 0.6622461385366073, -0.3335727249810377, -0.6851637737871101, -0.548582576852691, -0.5741485020938231, -0.07456934994614287]], "inverted": false, "swapped": true, "error_lsq": 0.04648136238561625, "error_max": 0.28971057147072704, "target": "499.xyz", "model": "26.xyz", "model_rescale": 3.6694154284099745, "target_rescale": 4.057775897640693},
{"mapping": [0, 7, 5, 8, 4, 2, 10, 9, 1, 6, 12, 3, 11, 13], "R": [[0.3079648170375442, 0.9485002400736333, -0.07419545840071529], [0.485557707980272, -0.08963043954333971, 0.8695976635940399], [0.8181634211378415, -0.30383166208861123, -0.4881546245038504]], "T": [0.06633364524367955, -0.015346112764793071, 0.02149760211410765], "aligned_model": [[-0.32747047924653994, 0.5098193708196997, 0.24248279459904185, 0.5958271999748971, -0.02000404333539163, -0.5679456423153175, 0.15229398921847476, 0.4718656260714372, -0.25466201582634984, -0.43180991149902914, -0.2841243645219562, 0.24935610046557072, -0.27805720363360875, 0.012913176509645748], [-0.5132332634243907, -0.19317581646347343, -0.7836287336552554, -0.10058180518979105, -0.26688356748133, 0.11077259490375439, 0.2998004263314232, 0.5224015758985714, -0.6420853947518697, -0.02132502570662452, 0.5886087067379836, 0.2198029314338772, 0.7473377166033438, -0.006649380208962609], [-0.16278489807432725, 0.431162748802466, 0.08999425415064546, -0.3259626757090986, -0.7561946779648935, -0.1880578873223409, -0.4836599951286228, 0.12749180635885526, 0.5542323500743733, 0.4937344931763682, 0.39852621210004446, 0.7725228535075247, -0.1679325667480023, 0.002950912691517288]], "inverted": false, "swapped": false, "error_lsq": 0.048168485383105517, "error_max": 0.3132602250614315, "target": "499.xyz", "model": "27.xyz", "model_rescale": 4.103607728864725, "target_rescale": 4.057775897640693},
