[{"mapping": [3, 4, 10, 9, 5, 0, 2, 1, 6, 8, 7, 11], "R": [[0.6872695482240633, 0.14855208757021726, 0.7110505223698403], [-0.4006013628938478, -0.7390427477474625, 0.5416035127743103], [0.6059530642974619, -0.6570754098887063, -0.4484114066213135]], "T": [-0.07080408955943504, -0.0995105614122297, -0.06855255899516202], "aligned_model": [[-0.08438980101824223, -0.575638658761323, -0.1744538568399218, 0.40886159612727235, -0.5761161557238119, -0.6235035884895818, -0.22496381658044054, -0.04843192922595982, 0.5655519629104058, 0.3653191343814781, 0.12460266920152216, -0.1292895137663002], [-0.571387214255639, -0.7290688956509407, 0.1920003646535644, -0.18425534293745577, 0.5587582551085876, -0.02566193869520257, -0.3592175949845452, 0.2998793547519349, 0.20688326591520023, -0.4714190490373632, 0.820984432929325, -0.068572732687658], [-0.5697315367390254, -0.10241741205641378, -0.673564502424239, -0.43200211038697167, -0.07386419856124225, 0.19951653434956582, 0.6781316318541558, 0.5161420115520168, 0.09370736987086176, 0.20454834005678194, -0.17394930414742443, -0.047232104092546995]], "inverted": false, "swapped": false, "error_lsq": 0.045078340853274036, "error_max": 0.2247843008992852, "target": "5.xyz", "model": "0.xyz", "model_rescale": 3.751011558992144, "target_rescale": 3.6523030999806103},
{"mapping": [0, 3, 7, 1, 11, 9, 5, 10, 4, 8, 6, 14], "R": [[-0.42174251082545905, -0.8733217445324152, -0.24380809069736978], [0.579714347846097, -0.4664663756283317, 0.6680871165570723], [-0.6971832825477189, 0.14042168968869295, 0.7030058460645688]], "T": [-0.13148243999086767, -0.11405315185723498, 0.003945701150576589], "aligned_model": [[0.01809556663663206, -0.5757367837292644, -0.23964643204793443, 0.3746523860455723, -0.5282113897692493, -0.5704583336340222, -0.2230573789878404, -0.002960387103763118, 0.5713884177817083, 0.37026410778534785, 0.015454993463617756, -0.182236724225707], [-0.5682741800513704, -0.5827647586649218, 0.060625227421597386, -0.058162226713518075, 0.576960843722228, 0.04701700223761375, -0.39929706307863966, 0.4566357915179696, 0.1634955200073937, -0.4519161653029683, 0.5180655339067425, -0.09346261989231917], [-0.5849636263176605, -0.4039187337124033, -0.6265025825587563, -0.47185813636597645, -0.03891205483039416, 0.46821522588200826, 0.5519748871018693, 0.5786194868410653, 0.23742645399764206, 0.27692415832236716, -0.3736269448766105, 0.005906585792367414]], "inverted": false, "swapped": false, "error_lsq": 0.04619102409336831, "error_max": 0.2360800802841767, "target": "5.xyz", "model": "1.xyz", "model_rescale": 3.9405287249114394, "target_rescale": 3.6523030999806103},
{"mapping": [7, 3, 4, 1, 8, 9, 11, 5, 0, 6, 2, 12], "R": [[-0.10057091627900246, 0.9938564287900724, -0.04620486718350858], [-0.5239189918418017, -0.0923822369845862, -0.846743415845198], [-0.8458098963634039, -0.0609501537517958, 0.5299912244286318]], "T": [-0.10318002538762881, -0.06657899106011511, -0.0522520564710663], "aligned_model": [[0.0663829612048668, -0.4377545547859177, -0.3462049471126872, 0.45068723870111216, -0.8179513425739161, -0.705297866523614, -0.16297154607166847, 0.08483074239616188, 0.6709614651149542, 0.1767457078220358, 0.14107871495806523, -0.09295853091429536], [-0.6598148489668406, -0.485595649512497, 0.05876519786270884, 0.1876075227207893, 0.20260962703344265, 0.21691387505695336, -0.2493026706790148, 0.3485666093513034, -0.03576720583080914, -0.4999882998698818, 0.5673844382273201, 0.017544309716332918], [-0.5504783741497349, -0.250455494347922, -0.6979481487672943, -0.5580648700108468, -0.18389255983694835, 0.40323340689360515, 0.6337882630423003, 0.5137712310650042, 0.26819384356402715, 0.11849233820558368, -0.0012847570285749593, -0.07607015935368118]], "inverted": false, "swapped": false, "error_lsq": 0.05141942630712535, "error_max": 0.2999859142387368, "target": "5.xyz", "model": "2.xyz", "model_rescale": 3.932901565614263, "target_rescale": 3.6523030999806103},
{"mapping": [8, 11, 9, 7, 12, 10, 1, 6, 4, 3, 5, 13], "R": [[0.8184391669502424, 0.15737796362792325, 0.5526205810193117], [-0.03781724844931436, 0.9744280717489262, -0.22149444396506343], [-0.5733473517175398, 0.16038113839226184, 0.8034617008460864]], "T": [0.0077414601004512085, -0.13352816577507293, 0.03545540189772795], "aligned_model": [[-0.10682842951798249, -0.7038373786776652, -0.12804941542233714, 0.5052870301086102, -0.49578675705201414, -0.6485422799521425, -0.11354085951170625, -0.16330637547988167, 0.7102655673411941, 0.16733357574827576, 0.06190326194899848, -0.057349897318252074], [-0.5448192800623302, -0.6550041583132165, 0.15889360598162033, -0.0036160002817617887, 0.42116735412423895, 0.006023154517041773, -0.37951655842932114, 0.4337746311278911, 0.3332217698062839, -0.615105378621267, 0.5517130382116728, -0.03780927295104497], [-0.5616208790187686, -0.10392552856614226, -0.624728879130135, -0.4598362115677506, -0.11253792529788254, 0.2863787404865082, 0.7236043178607101, 0.3754589831305089, 0.26311914718487733, -0.02198345926404869, -0.17504561290738102, 0.030402026365022143]], "inverted": true, "swapped": false, "error_lsq": 0.050327081795910784, "error_max": 0.23763798767259853, "target": "5.xyz", "model": "3.xyz", "model_rescale": 3.9243930471874484, "target_rescale": 3.6523030999806103},
{"mapping": [8, 9, 10, 4, 6, 5, 1, 0, 2, 7, 3, 12], "R": [[0.89026725490993, 0.07036743323906479, -0.4499695980557843], [0.21792110882307342, -0.9333669187024645, 0.2851956966736872], [-0.39991824810135945, -0.3519582637347977, -0.8462805536134732]], "T": [-0.2047620546965219, -0.07452087393450703, -0.1535351132773272], "aligned_model": [[-0.020629696591556917, -0.5880097025032743, -0.25484748430889836, 0.35693277186226846, -0.5974012783615318, -0.584326408321461, -0.16521679341286014, 0.02896851718218535, 0.572823630264404, 0.4497699789759866, 0.06520474003499985, -0.23572023260516428], [-0.562144675551205, -0.6655065266780159, 0.07368868576182223, -0.04810032641656484, 0.5315675823269431, 0.20098973069695475, -0.4065356843680549, 0.29818622558260577, 0.19189145595173274, -0.4508829422073084, 0.5417577224321406, -0.03598834242124263], [-0.5065997981607233, -0.19283639161270727, -0.8410328192182827, -0.34371436011046375, -0.1563168327206623, 0.4411479182342267, 0.4776246430009603, 0.5743259937337465, 0.2655107831851147, 0.11638741148510559, -0.17002728619108462, -0.04518454234971159]], "inverted": false, "swapped": false, "error_lsq": 0.04392027551707526, "error_max": 0.23068964294002628, "target": "5.xyz", "model": "4.xyz", "model_rescale": 3.8936222436046832, "target_rescale": 3.6523030999806103},
{"mapping": [0, 1, 2, 3, 4, 5, 6, 7, 8, 9, 10, 11], "R": [[1.0, 0.0, 0.0], [0.0, 1.0, 0.0], [0.0, 0.0, 1.0]], "T": [0.0, 0.0, 0.0], "aligned_model": [[0.08344062408227239, -0.5442182358880777, -0.26705000195771816, 0.38681131092528875, -0.6354207705303317, -0.7126598967138893, -0.24087575042845397, 0.007817272887386817, 0.7126598967138893, 0.31058532628522056, 0.09359906356124058, -0.16714079672173027], [-0.5984441570612277, -0.5637262006022813, 0.14095244450076583, -0.03893341984698746, 0.4406528992647268, 0.03792238656225805, -0.3325843219327706, 0.374776493771085, 0.12411361751504264, -0.5194252771655427, 0.5984441570612277, 0.005174283043511336], [-0.646235686192784, -0.17072799899967586, -0.6826237395284196, -0.4232531522392555, -0.1808039425872145, 0.3845108857497203, 0.6826237395284196, 0.5284212309789522, 0.15024815437768974, 0.1255789805622734, -0.18047494470091965, 0.03202119232673179]], "inverted": false, "swapped": false, "error_lsq": 0.0, "error_max": 0.0, "target": "5.xyz", "model": "5.xyz", "model_rescale": 3.6523030999806103, "target_rescale": 3.6523030999806103},
{"mapping": [11, 7, 9, 4, 8, 5, 0, 1, 2, 3, 6, 12], "R": [[0.5785091431599322, 0.7411397938342958, 0.34064494312350935], [-0.8110270306542431, 0.567173390846435, 0.14335096882797338], [-0.08696163998294107, -0.3592021028766603, 0.9291993986548112]], "T": [-0.07514955275410025, 0.07363746986703679, -0.11971313242446127], "aligned_model": [[0.03829161153110448, -0.38242070130719813, -0.431772424620652, 0.42825843802525426, -0.5845509626614895, -0.6349264869923689, -0.19023897861892558, 0.08766613279160669, 0.6283340432215773, 0.1221089493679229, 0.062310313984136154, -0.11551189250587061], [-0.5806299680625652, -0.5344114873662776, 0.08901134658346134, -0.14658192149229915, 0.5121243593556429, 0.01491776444885818, -0.39059769621943463, 0.2914505703726114, 0.20348385792128101, -0.49389078828960387, 0.7082338202089864, -0.004186952350854006], [-0.6973239227077024, -0.17147186667794545, -0.748399577607593, -0.28468408870384554, -0.16378754674231416, 0.26382996825283156, 0.7511507289921601, 0.5193669656711316, 0.13418129427985723, 0.22905822890304925, -0.15159916762944242, -0.06103629675466818]], "inverted": false, "swapped": false, "error_lsq": 0.040624331877795704, "error_max": 0.2165255403300005, "target": "5.xyz", "model": "6.xyz", "model_rescale": 4.08911054899281, "target_rescale": 3.6523030999806103},
{"mapping": [2, 6, 1, 13, 9, 8, 4, 10, 12, 7, 11, 14], "R": [[-0.633413783845348, -0.6753339895910238, -0.3777710694822858], [0.3214714958785533, 0.2144166486887992, -0.9223240092845191], [0.7038771595756779, -0.7056553714584302, 0.08128616708604686]], "T": [-0.1132568412197045, -0.07689912292922643, 0.021232408526336212], "aligned_model": [[-0.006504671230226022, -0.29628640495828007, -0.2578239042194995, 0.47174149237226903, -0.7042293562686543, -0.5617061605030406, -0.39769176462850275, 0.05790026909243379, 0.5369293883081782, 0.35009845152437713, 0.036543044687830706, -0.20142234196178865], [-0.5592605316059462, -0.5340831550259019, 0.10024369937594285, 0.003026325818842296, 0.3780474195000567, 0.23745293647967272, -0.35186734411898846, 0.39030415683994, 0.17631706195635014, -0.6962161354576344, 0.48222203740945213, 0.04273643393802176], [-0.6160045873497683, -0.06016726006615979, -0.6756656067217829, -0.4115301068197336, -0.22028868350529093, 0.4277111460571944, 0.6046179940385462, 0.5424820967416057, 0.16663305727147149, -0.010974348783040419, -0.07610507243950693, -0.051423909148016804]], "inverted": true, "swapped": false, "error_lsq": 0.04767010082806126, "error_max": 0.27307980506212864, "target": "5.xyz", "model": "7.xyz", "model_rescale": 3.964800864290218, "target_rescale": 3.6523030999806103},
{"mapping": [11, 10, 6, 4, 3, 5, 8, 1, 2, 12, 0, 13], "R": [[-0.7945389920102528, -0.4716968649876555, 0.38237397627996184], [0.29746454644826115, 0.24661667494820527, 0.9223313175013746], [-0.5293605895622204, 0.8465708967347677, -0.055633470321647616]], "T": [-0.0356444525696204, -0.017550627032495138, -0.006229822108990216], "aligned_model": [[0.006004201484729549, -0.7353980514620808, -0.07215909184245287, 0.46425794878879195, -0.5211945191115852, -0.7823840717327986, -0.2664772715122222, 0.05548620815863625, 0.5356393836605566, 0.42678018318521577, -0.0051153210357671175, -0.07789155636592617], [-0.6100545549562326, -0.4397028325470674, 0.08046575204988579, -0.10499203511920019, 0.44558918234560824, -0.020178466753253833, -0.41127032432812755, 0.3858795034798074, 0.3174278781663949, -0.6026140966538157, 0.6922628893426724, -0.06388998991686404], [-0.5844493388187634, -0.09147317506664752, -0.5768131146517113, -0.49361569006347783, -0.2813758661523571, 0.36986027161698676, 0.6124450448993022, 0.6199165055512881, -0.011966308049123943, 0.11434849289929973, -0.0978383185580187, 0.04024621566874132]], "inverted": true, "swapped": false, "error_lsq": 0.048892944640333426, "error_max": 0.3082534626460249, "target": "5.xyz", "model": "8.xyz", "model_rescale": 4.121658175737393, "target_rescale": 3.6523030999806103},
{"mapping": [10, 0, 3, 11, 2, 1, 4, 6, 7, 5, 8, 12], "R": [[-0.24497003223294764, -0.009493264124619538, -0.9694841727661412], [-0.9183078418915723, 0.32299613875942024, 0.2288759530115571], [0.3109668645181215, 0.946352668027499, -0.08784211341379888]], "T": [0.006771242058626628, -0.008604815334941247, 0.004737074906793197], "aligned_model": [[0.10675678452272755, -0.5782046767830322, -0.28049285649686573, 0.3527939790843469, -0.5416083779751589, -0.6091705245934671, -0.3356386769066538, -0.01764884451461201, 0.6743235691079891, 0.19913833506665451, 0.1270131519547144, -0.0697138202515451], [-0.5308128662734335, -0.5330976516789145, 0.007945297060033645, 0.15686692719674936, 0.34179006048222343, 0.039436693199051576, -0.4533139280151367, 0.45429755602827826, 0.07328520757336589, -0.5896147569533425, 0.7070484764864269, -0.004908109995494505], [-0.5372799667335463, -0.03443794419325501, -0.7300346059103406, -0.501147736525868, -0.23785244298621164, 0.310088461451552, 0.692572207923498, 0.5198167814105892, 0.058391758879985704, 0.08923710771151616, -0.05799717998700734, 0.04792827823460608]], "inverted": true, "swapped": false, "error_lsq": 0.04091297369952724, "error_max": 0.21345379132076503, "target": "5.xyz", "model": "9.xyz", "model_rescale": 3.833441315466971, "target_rescale": 3.6523030999806103},
{"mapping": [1, 6, 12, 0, 11, 7, 3, 9, 13, 5, 10, 14], "R": [[-0.35533656619756, -0.73923464071174, 0.5720734836493574], [0.66905255767525, 0.22625353119503694, 0.7079392733066747], [-0.6527668801273033, 0.6343039378669826, 0.4141906742254173]], "T": [-0.11161840299293632, -0.04246922594173849, -0.028906218249182342], "aligned_model": [[0.08944977837005391, -0.4776511680832478, -0.38655381951859824, 0.4194928796519567, -0.5616880642670364, -0.6544672290421648, -0.3332646706832737, -0.11800973408537033, 0.6732624816610704, 0.38913195270571066, 0.11264839628269183, -0.12480276077669562], [-0.46187337620377233, -0.5636504845551488, -0.02428395890055382, -0.02574587812270969, 0.46012797393441407, 0.13552314765535683, -0.32271713608775343, 0.3040943888174831, 0.020152056912643407, -0.48389023572384504, 0.6632517212345446, -0.032065313850851804], [-0.6027360519979915, -0.26474446492558107, -0.5647232300295796, -0.4548922471147856, -0.12975479642873816, 0.313946291994016, 0.7627097812261732, 0.7044169972190062, 0.09650156959937943, 0.07986774397355936, -0.3858606845038362, 0.06455381026389617]], "inverted": false, "swapped": false, "error_lsq": 0.04253231965658314, "error_max": 0.23555203578129782, "target": "5.xyz", "model": "10.xyz", "model_rescale": 4.2482417240324, "target_rescale": 3.6523030999806103},
{"mapping": [3, 8, 1, 2, 0, 10, 9, 4, 5, 7, 6, 11], "R": [[-0.6033768580323196, -0.5006025701986178, -0.6207523128443293], [0.7391899487837373, -0.05901572786190046, -0.6709063746023181], [0.2992233059240908, -0.8636632506801873, 0.40564911267792736]], "T": [-0.0801378640309218, -0.014147307278368776, -0.0974402040088613], "aligned_model": [[0.030782372264784932, -0.4878671991566036, -0.4249935057055455, 0.4207282706972322, -0.6620222916899912, -0.6036931961098972, -0.1704379969567871, 0.018602414479299126, 0.5047255053029687, 0.2574391546481778, 0.214199117897068, -0.06991460345560907], [-0.6753719127316509, -0.46102005901582577, 0.09196203428423494, 0.018417376267657763, 0.4681814727027893, -0.07568924638452718, -0.3479740514738481, 0.5327876466605748, 0.11961549471362576, -0.5603917862094104, 0.5626429672022445, -0.0042370309060574835], [-0.5541133352252724, -0.20193595505825399, -0.7048625840678578, -0.6413427162780208, -0.14851795634407117, 0.2728364041062341, 0.6507018232776178, 0.5785421136532026, 0.354476295287402, 0.11753647470870915, -0.13151157728727833, 0.027475732503106892]], "inverted": true, "swapped": false, "error_lsq": 0.04584177198762048, "error_max": 0.291489412808774, "target": "5.xyz", "model": "11.xyz", "model_rescale": 3.6694154284099745, "target_rescale": 3.6523030999806103},
{"mapping": [11, 8, 4, 6, 1, 2, 10, 12, 5, 7, 0, 13], "R": [[0.33526552511312785, 0.8976007012498695, -0.2861992466558243], [0.25987488124733027, 0.203886345068026, 0.9438725572827553], [0.9055727876693871, -0.39082392379503156, -0.16490781310220198]], "T": [-0.06656647727907757, -0.08784376653272379, -0.030326336787961133], "aligned_model": [[-0.03838057863894065, -0.6528816265729923, -0.2987635849157086, 0.37756142093030604, -0.6308850583689367, -0.6611338119902375, -0.16379702099954593, -0.06183512489149724, 0.6550099800277125, 0.4530628492443433, 0.12459078143480705, -0.07500018304421302], [-0.5846300979511622, -0.551820425354583, 0.15230065059316034, -0.07191926800806656, 0.5427547444811887, -0.02526693113943508, -0.36785055956005636, 0.2831931506441476, 0.19504333270032082, -0.48853273105080836, 0.560710074108195, 0.024940965646906593], [-0.5757046870556738, -0.1467654070695827, -0.6907003307328653, -0.3801143494935478, -0.04939335137668789, 0.23213775134400752, 0.5315199095595721, 0.5389519085920613, 0.17913272323279233, 0.3183841953153659, -0.26178839125124737, -0.07637525178867605]], "inverted": true, "swapped": false, "error_lsq": 0.04039337689040893, "error_max": 0.24171893759075735, "target": "5.xyz", "model": "12.xyz", "model_rescale": 3.9764082729961374, "target_rescale": 3.6523030999806103},
{"mapping": [2, 7, 9, 1, 5, 6, 14, 13, 10, 8, 12, 15], "R": [[-0.5292025394193939, -0.698752323170749, 0.4813417321774066], [0.8307448816722894, -0.5421210644294745, 0.1263633375514739], [0.1726488165246408, 0.4667439794634044, 0.8673767599995439]], "T": [-0.1519670051482654, -0.050995906395734356, -0.013143234218238212], "aligned_model": [[0.1272695914125928, -0.4312737864771902, -0.229195799441519, 0.34533684348142046, -0.7716284463870953, -0.674667727930423, -0.2360611982353385, -0.04480789370916008, 0.6447922948115896, 0.34712605521714596, 0.16939337314723585, -0.21873526367416152], [-0.5222042861438333, -0.7032102584532037, 0.24594416561184018, 0.01500175042728251, 0.4266571426862288, 0.20364098782905077, -0.1737477869013458, 0.3367088776433701, 0.019162508133306888, -0.5502816281065878, 0.4950670542836819, -0.12381562189998326], [-0.5930131333356174, -0.27321603132881983, -0.5302132812000461, -0.4025732917291723, -0.3142929789952151, 0.4824400707888991, 0.7721389966366561, 0.4480318642591967, 0.06685247664502314, 0.022531993031342092, -0.08901342061626047, 0.029611455119532202]], "inverted": false, "swapped": false, "error_lsq": 0.04507854749749923, "error_max": 0.20667860996723308, "target": "5.xyz", "model": "13.xyz", "model_rescale": 4.170626492500431, "target_rescale": 3.6523030999806103},
{"mapping": [2, 4, 6, 3, 5, 12, 8, 10, 1, 0, 11, 13], "R": [[0.15742303958515164, 0.9844144462205752, 0.07839760634107457], [0.48877614600345265, -0.008688639897701467, -0.8723659705850175], [-0.8580884952647851, 0.17564938260343066, -0.4825260911963728]], "T": [0.01708829561482024, -0.07327473162432116, 0.02345259747869407], "aligned_model": [[0.06534891797409767, -0.532648040179393, -0.3026781921041038, 0.4127315288264641, -0.7070479579426415, -0.6175177168605456, -0.31967332473722765, -0.0323632427570485, 0.7713253173581549, 0.3680456676202734, -0.05076858917888517, -0.02720632580404759], [-0.5413513907535047, -0.5207536193122292, 0.18448719371589858, 0.15126246918841027, 0.39326019399461076, 0.13739614820129167, -0.3657951060857405, 0.22521723772016258, -0.055978611751269156, -0.5462383081747503, 0.6028991101540987, 0.004517588212828355], [-0.43644665316681597, -0.0013614464111092253, -0.7105756378139909, -0.4947395308819203, -0.2684235368963651, 0.32110862464728807, 0.6172368465016348, 0.4996724989573455, 0.17056421892454623, 0.1182828923191869, -0.17108282349098855, -0.024950733413293243]], "inverted": true, "swapped": false, "error_lsq": 0.04430974418441741, "error_max": 0.21817042002192588, "target": "5.xyz", "model": "14.xyz", "model_rescale": 3.9786697098870705, "target_rescale": 3.6523030999806103},
{"mapping": [3, 0, 9, 8, 6, 1, 4, 10, 5, 2, 7, 11], "R": [[-0.792028462760755, -0.5812000019083882, -0.1868086506522787], [0.4184182898133937, -0.29398364967687735, -0.8593600807998345], [0.4445413916908868, -0.7588017998821253, 0.4760281289684224]], "T": [-0.10835751411011138, 0.013255372497378914, -0.02823705824165108], "aligned_model": [[0.013421505201650127, -0.4644845637869949, -0.3067687933816384, 0.3425281109356195, -0.643942506767995, -0.689641536082719, 0.047381427155039874, -0.19019831931216216, 0.6617674871100889, 0.3407751638008527, 0.09689380842138307, -0.18018374107802781], [-0.5744787180935236, -0.5837583472081507, -0.012776134934850875, -0.05740786491107375, 0.5271307598192663, 0.11464973193661805, -0.22617203357176985, 0.4513244907132943, 0.06334269581541928, -0.727969182852026, 0.6415444846141556, 0.05349302378244873], [-0.7245758705416752, -0.05176850636005716, -0.61761774415515, -0.28109469808682513, -0.3047085626473513, 0.307173378634719, 0.5133666986579446, 0.6744140064884163, 0.19325409342894753, 0.023853367429829565, -0.02740544217553038, -0.08560600139774978]], "inverted": true, "swapped": false, "error_lsq": 0.05360236582062498, "error_max": 0.3508043919720167, "target": "5.xyz", "model": "15.xyz", "model_rescale": 3.769337070930944, "target_rescale": 3.6523030999806103},
{"mapping": [9, 6, 3, 8, 0, 1, 2, 5, 10, 7, 11], "R": [[0.7117544267908212, -0.012292921115768074, 0.7023208099110487], [-0.6392671496058147, -0.425701727555701, 0.6404026472391797], [0.29110676285261217, -0.90478004136173, -0.31085354972227636]], "T": [-0.040742944161271374, 0.09200186414471839, 0.036954054040272875], "aligned_model": [[-0.3563854103350804, -0.35280785293122746, -0.019276715825974164, -0.6519784670043458, 0.34637596597937487, 0.4595827791894089, 0.6304846517980631, 0.196912072328302, 0.0267454441514878, -0.4128210517856598, 0.05579471512682173], [-0.010992489026684454, -0.6407178605078709, 0.5937560433730491, 0.5041979905384484, 0.3044350467348298, -0.3865435312225202, 0.418443319580464, -0.5936763603197581, 0.5221720145666795, -0.08186016442955876, -0.03314951166173599], [-0.4843883867640204, 0.018354969999702563, -0.2424452605421897, -0.011505365390644715, -0.7296810621155002, -0.36773995664864306, 0.03002906163830401, 0.39825216181202266, 0.495065785623255, 0.5380302999697189, 0.10024535964177206]], "inverted": true, "swapped": true, "error_lsq": 0.04598218435584933, "error_max": 0.22472241194004527, "target": "5.xyz", "model": "16.xyz", "model_rescale": 3.7852294659196426, "target_rescale": 3.6523030999806103},
{"mapping": [9, 10, 11, 8, 7, 5, 4, 1, 3, 0, 2, 12], "R": [[0.48318662199081996, -0.7346739986340887, -0.47621928148711046], [0.06294628942130337, -0.513370586886657, 0.8558553646310451], [-0.8732516550097058, -0.44351409926928886, -0.20180879755888093]], "T": [-0.09040201606265165, 0.00012959256791006402, -0.02183705274220408], "aligned_model": [[0.06755620056722593, -0.5909971041362877, -0.277456136693086, 0.34433089601066147, -0.583779360968742, -0.547493670279699, -0.21521114442893824, -0.04991429807257833, 0.618135995269604, 0.3135587378350142, 0.06936447761482163, -0.12054655050289882], [-0.6331202663369473, -0.6110722596662004, 0.18253835275737437, -0.07184656102198145, 0.4854145819446863, 0.07104580841461641, -0.37786342779937865, 0.44329794022206664, 0.17997379641704386, -0.5172145997217346, 0.5758065074050502, -0.0580369675047882], [-0.5886753043695342, -0.18024137371004026, -0.7071617017915367, -0.5014542331341609, -0.1336595898061629, 0.44533221051843624, 0.5641071793478956, 0.5037261828218054, 0.2914125601893359, 0.1650261371945142, -0.1528247554164133, -0.08630259256862094]], "inverted": false, "swapped": false, "error_lsq": 0.03125584163950479, "error_max": 0.1790985119322356, "target": "5.xyz", "model": "17.xyz", "model_rescale": 3.901054581598922, "target_rescale": 3.6523030999806103},
{"mapping": [0, 3, 7, 1, 11, 9, 5, 10, 4, 8, 6, 14], "R": [[-0.42174251082545905, -0.8733217445324152, -0.24380809069736978], [0.579714347846097, -0.4664663756283317, 0.6680871165570723], [-0.6971832825477189, 0.14042168968869295, 0.7030058460645688]], "T": [-0.13148243999086767, -0.11405315185723498, 0.003945701150576589], "aligned_model": [[0.01809556663663206, -0.5757367837292644, -0.23964643204793443, 0.3746523860455723, -0.5282113897692493, -0.5704583336340222, -0.2230573789878404, -0.002960387103763118, 0.5713884177817083, 0.37026410778534785, 0.015454993463617756, -0.182236724225707], [-0.5682741800513704, -0.5827647586649218, 0.060625227421597386, -0.058162226713518075, 0.576960843722228, 0.04701700223761375, -0.39929706307863966, 0.4566357915179696, 0.1634955200073937, -0.4519161653029683, 0.5180655339067425, -0.09346261989231917], [-0.5849636263176605, -0.4039187337124033, -0.6265025825587563, -0.47185813636597645, -0.03891205483039416, 0.46821522588200826, 0.5519748871018693, 0.5786194868410653, 0.23742645399764206, 0.27692415832236716, -0.3736269448766105, 0.005906585792367414]], "inverted": false, "swapped": false, "error_lsq": 0.04619102409336831, "error_max": 0.2360800802841767, "target": "5.xyz", "model": "18.xyz", "model_rescale": 3.9405287249114394, "target_rescale": 3.6523030999806103},
{"mapping": [2, 10, 1, 6, 12, 13, 9, 7, 8, 5, 0, 15], "R": [[-0.08504579483433503, 0.15405590996205645, -0.9843952404328045], [-0.9771621091639293, -0.2059879178955589, 0.05218419392262236], [-0.1947342424826654, 0.9663517756421909, 0.16805600411138907]], "T": [-0.2733943097079592, 0.07028285973375276, -0.01708292978354007], "aligned_model": [[0.05399734645247106, -0.5692219471036493, -0.12896681426228293, 0.3689630109940396, -0.656111389282603, -0.7079038646630533, -0.03718392823534725, -0.010871019740175736, 0.46881997117212004, 0.32378880510313934, 0.19028834938589573, -0.26805047760545675], [-0.5782855451342503, -0.5897977752369634, 0.1915643276939603, -0.05722035935189207, 0.42339235116635954, 0.027645438482449283, -0.2473136494882921, 0.31246316983239963, 0.12586210979826146, -0.4970932271397854, 0.5217574317257758, 0.03594863276178455], [-0.4940514934190812, -0.3247899352872601, -0.6494996658588473, -0.37680985017672874, -0.1873191958124163, 0.4935180321561452, 0.6404480276405723, 0.5895930698788472, 0.11819849449891848, 0.09569714907550878, -0.24912465115325985, -0.03657526226688018]], "inverted": false, "swapped": false, "error_lsq": 0.0411749792731069, "error_max": 0.24594338212650685, "target": "5.xyz", "model": "19.xyz", "model_rescale": 4.410303926677745, "target_rescale": 3.6523030999806103},
{"mapping": [11, 10, 6, 4, 3, 5, 8, 1, 2, 12, 0, 13], "R": [[-0.7945389920102528, -0.4716968649876555, 0.38237397627996184], [0.29746454644826115, 0.24661667494820527, 0.9223313175013746], [-0.5293605895622204, 0.8465708967347677, -0.055633470321647616]], "T": [-0.0356444525696204, -0.017550627032495138, -0.006229822108990216], "aligned_model": [[0.006004201484729549, -0.7353980514620808, -0.07215909184245287, 0.46425794878879195, -0.5211945191115852, -0.7823840717327986, -0.2664772715122222, 0.05548620815863625, 0.5356393836605566, 0.42678018318521577, -0.0051153210357671175, -0.07789155636592617], [-0.6100545549562326, -0.4397028325470674, 0.08046575204988579, -0.10499203511920019, 0.44558918234560824, -0.020178466753253833, -0.41127032432812755, 0.3858795034798074, 0.3174278781663949, -0.6026140966538157, 0.6922628893426724, -0.06388998991686404], [-0.5844493388187634, -0.09147317506664752, -0.5768131146517113, -0.49361569006347783, -0.2813758661523571, 0.36986027161698676, 0.6124450448993022, 0.6199165055512881, -0.011966308049123943, 0.11434849289929973, -0.0978383185580187, 0.04024621566874132]], "inverted": true, "swapped": false, "error_lsq": 0.048892944640333426, "error_max": 0.3082534626460249, "target": "5.xyz", "model": "20.xyz", "model_rescale": 4.121658175737393, "target_rescale": 3.6523030999806103},
{"mapping": [11, 7, 9, 4, 8, 5, 0, 1, 2, 3, 6, 12], "R": [[0.5785091431599322, 0.7411397938342958, 0.34064494312350935], [-0.8110270306542431, 0.567173390846435, 0.14335096882797338], [-0.08696163998294107, -0.3592021028766603, 0.9291993986548112]], "T": [-0.07514955275410025, 0.07363746986703679, -0.11971313242446127], "aligned_model": [[0.03829161153110448, -0.38242070130719813, -0.431772424620652, 0.42825843802525426, -0.5845509626614895, -0.6349264869923689, -0.19023897861892558, 0.08766613279160669, 0.6283340432215773, 0.1221089493679229, 0.062310313984136154, -0.11551189250587061], [-0.5806299680625652, -0.5344114873662776, 0.08901134658346134, -0.14658192149229915, 0.5121243593556429, 0.01491776444885818, -0.39059769621943463, 0.2914505703726114, 0.20348385792128101, -0.49389078828960387, 0.7082338202089864, -0.004186952350854006], [-0.6973239227077024, -0.17147186667794545, -0.748399577607593, -0.28468408870384554, -0.16378754674231416, 0.26382996825283156, 0.7511507289921601, 0.5193669656711316, 0.13418129427985723, 0.22905822890304925, -0.15159916762944242, -0.06103629675466818]], "inverted": false, "swapped": false, "error_lsq": 0.040624331877795704, "error_max": 0.2165255403300005, "target": "5.xyz", "model": "21.xyz", "model_rescale": 4.08911054899281, "target_rescale": 3.6523030999806103},
{"mapping": [2, 4, 14, 15, 12, 7, 6, 5, 11, 1, 9, 16], "R": [[-0.7994398816984468, 0.28667715282417827, 0.5279318948487546], [0.4232756555650701, 0.892405176363957, 0.15636726193412517], [-0.4263022342844732, 0.3484669442679432, -0.834767748416665]], "T": [-0.13468845883169267, -0.05506684463183596, 0.008335040053530321], "aligned_model": [[0.053403335697546905, -0.4632010238509774, -0.20035248366457098, 0.3966710010125959, -0.6474966566684537, -0.753761330752854, -0.27957450471381207, 0.1527874739019831, 0.6197582854572975, 0.3809850884861705, -0.05977114606786477, -0.17189999662196387], [-0.5586322575484459, -0.5942273549225389, 0.2536847960269698, -0.05478204862627681, 0.434047245190381, -0.008604380203222281, -0.20739827812627976, 0.463728391006179, 0.02758238035936987, -0.6508492411377566, 0.6491025951103382, -0.08472894201891053], [-0.4736371387266844, -0.2877690373167047, -0.5503985692633843, -0.4908283212014746, -0.19846115285843502, 0.35530219506959065, 0.7234345412626566, 0.39035355469171823, 0.10769421627064447, 0.10384687113383761, -0.06964193054650025, 0.009389490760253902]], "inverted": false, "swapped": false, "error_lsq": 0.042040887416666874, "error_max": 0.2190695835557543, "target": "5.xyz", "model": "22.xyz", "model_rescale": 4.204369325754507, "target_rescale": 3.6523030999806103},
{"mapping": [2, 10, 1, 6, 12, 13, 9, 7, 8, 5, 0, 15], "R": [[-0.08504579483433503, 0.15405590996205645, -0.9843952404328045], [-0.9771621091639293, -0.2059879178955589, 0.05218419392262236], [-0.1947342424826654, 0.9663517756421909, 0.16805600411138907]], "T": [-0.2733943097079592, 0.07028285973375276, -0.01708292978354007], "aligned_model": [[0.05399734645247106, -0.5692219471036493, -0.12896681426228293, 0.3689630109940396, -0.656111389282603, -0.7079038646630533, -0.03718392823534725, -0.010871019740175736, 0.46881997117212004, 0.32378880510313934, 0.19028834938589573, -0.26805047760545675], [-0.5782855451342503, -0.5897977752369634, 0.1915643276939603, -0.05722035935189207, 0.42339235116635954, 0.027645438482449283, -0.2473136494882921, 0.31246316983239963, 0.12586210979826146, -0.4970932271397854, 0.5217574317257758, 0.03594863276178455], [-0.4940514934190812, -0.3247899352872601, -0.6494996658588473, -0.37680985017672874, -0.1873191958124163, 0.4935180321561452, 0.6404480276405723, 0.5895930698788472, 0.11819849449891848, 0.09569714907550878, -0.24912465115325985, -0.03657526226688018]], "inverted": false, "swapped": false, "error_lsq": 0.0411749792731069, "error_max": 0.24594338212650685, "target": "5.xyz", "model": "23.xyz", "model_rescale": 4.410303926677745, "target_rescale": 3.6523030999806103},
{"mapping": [7, 13, 11, 1, 9, 15, 5, 4, 3, 0, 10, 16], "R": [[-0.0012242788899894386, -0.47202300230705396, -0.8815853823846188], [0.4212614439268607, -0.7997882940868972, 0.4276417665549372], [-0.9069384196304929, -0.37085437834088714, 0.1998242554434727]], "T": [-0.2097339734219944, -0.06961697084649313, -0.019250542209513652], "aligned_model": [[0.0305402008966488, -0.5568954017424012, -0.319343339438739, 0.4702912840658141, -0.5610281794752983, -0.8020214079759279, -0.2510549634012672, 0.09315059534244918, 0.6406933897889501, 0.3657918361708724, 0.008478275958168607, -0.09105424797417219], [-0.5015052086163168, -0.6426698728230086, 0.12322512966909455, -0.002137911755080185, 0.4402382343545753, 0.12363246672460487, -0.23722173648568842, 0.2644422205601551, 0.15098768368634227, -0.5288014395044013, 0.5305923161518982, -0.05185897685236772], [-0.4638534750764352, -0.2320319747922609, -0.6121410867123807, -0.5382376088432735, -0.11443475387898856, 0.32883628687587924, 0.5855661670091519, 0.5008934451942281, 0.17403130105205578, 0.14899177506529465, -0.1454098553692928, -0.012925501248459932]], "inverted": false, "swapped": false, "error_lsq": 0.036003901404255655, "error_max": 0.21321089425850545, "target": "5.xyz", "model": "24.xyz", "model_rescale": 4.28219845311461, "target_rescale": 3.6523030999806103},
{"mapping": [5, 1, 9, 11, 7, 4, 0, 2, 14, 8, 13, 15], "R": [[-0.43960808173813115, 0.5433662839469863, 0.7151907549319717], [0.8974883977657723, 0.29719593003558065, 0.3258667749957229], [-0.03548676297364173, 0.7851290725988493, -0.6183146682828438]], "T": [-0.049243444242541505, 0.0003478406397471323, -0.05860990441237471], "aligned_model": [[0.004125168870857711, -0.36783065611249627, -0.21721580387871303, 0.36521175452482757, -0.610872386261858, -0.6729737155944929, -0.2670327479838627, 0.08306840365082954, 0.6437314734710466, 0.20567523249381447, -0.06586465671490677, -0.07247402424994916], [-0.6472578461164211, -0.5541844976505068, 0.12928540241105602, -0.014224724906831271, 0.4872358795353453, 0.09747000400472969, -0.27872356387222896, 0.2945679611412304, 0.22740892401639376, -0.6448074303275496, 0.5923732171978352, -0.020220420323244975], [-0.609100001080394, -0.029055326595341574, -0.70050870908613, -0.4114435759867946, -0.2889552425828845, 0.31041097170202403, 0.6764010767269478, 0.5453007843380839, 0.16133020727782646, -0.031458449148929715, -0.012283392087282546, 0.008646375798393058]], "inverted": false, "swapped": false, "error_lsq": 0.04060376819793657, "error_max": 0.2318489438529323, "target": "5.xyz", "model": "25.xyz", "model_rescale": 4.100010024507729, "target_rescale": 3.6523030999806103},
{"mapping": [3, 8, 1, 2, 0, 10, 9, 4, 5, 7, 6, 11], "R": [[-0.6033768580323196, -0.5006025701986178, -0.6207523128443293], [0.7391899487837373, -0.05901572786190046, -0.6709063746023181], [0.2992233059240908, -0.8636632506801873, 0.40564911267792736]], "T": [-0.0801378640309218, -0.014147307278368776, -0.0974402040088613], "aligned_model": [[0.030782372264784932, -0.4878671991566036, -0.4249935057055455, 0.4207282706972322, -0.6620222916899912, -0.6036931961098972, -0.1704379969567871, 0.018602414479299126, 0.5047255053029687, 0.2574391546481778, 0.214199117897068, -0.06991460345560907], [-0.6753719127316509, -0.46102005901582577, 0.09196203428423494, 0.018417376267657763, 0.4681814727027893, -0.07568924638452718, -0.3479740514738481, 0.5327876466605748, 0.11961549471362576, -0.5603917862094104, 0.5626429672022445, -0.0042370309060574835], [-0.5541133352252724, -0.20193595505825399, -0.7048625840678578, -0.6413427162780208, -0.14851795634407117, 0.2728364041062341, 0.6507018232776178, 0.5785421136532026, 0.354476295287402, 0.11753647470870915, -0.13151157728727833, 0.027475732503106892]], "inverted": true, "swapped": false, "error_lsq": 0.04584177198762048, "error_max": 0.291489412808774, "target": "5.xyz", "model": "26.xyz", "model_rescale": 3.6694154284099745, "target_rescale": 3.6523030999806103},
{"mapping": [1, 7, 6, 0, 12, 9, 8, 10, 4, 5, 2, 13], "R": [[-0.9736321513079602, -0.06057616407535141, -0.21993399529256355], [-0.15745401998883504, -0.5191811633591774, 0.8400352083111557], [-0.16507169814595354, 0.8525147787334408, 0.49595351245079794]], "T": [-0.15021971468496093, -0.017071843696169667, 0.024895972419849928], "aligned_model": [[0.014620799624586373, -0.45913878489833354, -0.2932113016641863, 0.4355798914379733, -0.6813912713407526, -0.7137520151221526, -0.041548975283473344, -0.0482081120194888, 0.5665715210029914, 0.24974225152135054, 0.12357422293864273, -0.12529018398205952], [-0.4655551104891216, -0.5653346119456673, 0.09925839730060075, -0.058073547776039305, 0.4737575988349635, 0.07461947811427545, -0.26377506119493854, 0.34439422542407816, 0.1552063606243167, -0.6876818255928014, 0.5337906725138398, 0.028316329296301346], [-0.7176247464457146, 0.03516581800519037, -0.6363234411541825, -0.2785690582869903, -0.30171702349716745, 0.3975722170866826, 0.6042795977526155, 0.4948179166712487, 0.3882981117173141, -0.10274092463633261, -0.26444295368346943, 0.0005692057463240231]], "inverted": false, "swapped": false, "error_lsq": 0.04993304850229677, "error_max": 0.2900726201234387, "target": "5.xyz", "model": "27.xyz", "model_rescale": 4.103607728864725, "target_rescale": 3.6523030999806103},
{"mapping": [4, 8, 1, 2, 5, 6, 11, 10, 12, 13, 0, 14], "R": [[-0.2732428960825884, 0.8400489525811576, 0.4686748094443518], [0.9106616329754531, 0.06893893636890092, 0.4073607900606113], [0.3098930621470586, 0.5381126093297055, -0.7838374255631679]], "T": [-0.08547236038864643, 0.06812496119227553, 0.13698963217764273], "aligned_model": [[0.18805992900867818, -0.4010380875055855, -0.2995029525040619, 0.39997000001020616, -0.7079764453867361, -0.6041526532700635, -0.3883848891031911, 0.04877303402999196, 0.7647756947045609, 0.18757693086700666, -0.08133527874945719, -0.07921723988625129], [-0.5313959865733886, -0.6030785748517099, 0.15417958524619285, 0.04153361703993515, 0.3938377999884444, 0.18454717702775097, -0.39555945344387733, 0.3019289834415233, -0.047998607230141446, -0.5161519854745636, 0.5808148856219881, 0.1062654643176529], [-0.4853961059154914, -0.21255873626058572, -0.7288315614833418, -0.41524158876032935, -0.06682455080749888, 0.48149490686625296, 0.5435631151183968, 0.5695276415631875, 0.10720408548469032, 0.19973568458065893, -0.35982388104981855, -0.01356429006060264]], "inverted": true, "swapped": false, "error_lsq": 0.0478703619792701, "error_max": 0.2511550443463881, "target": "5.xyz", "model": "28.xyz", "model_rescale": 4.137296879288765, "target_rescale": 3.6523030999806103},
{"mapping": [2, 0, 9, 6, 7, 3, 10, 1, 5, 4, 11], "R": [[-0.4526834630020101, -0.5697886590539925, 0.6858706629809742], [-0.03665729022175612, -0.7566543574860972, -0.6527866622189055], [0.8909174627304742, -0.3206478868022593, 0.32163800660235997]], "T": [0.07994832208483446, 0.061086121413062626, -0.15639669426039632], "aligned_model": [[0.5075639035433036, 0.21996791750984232, -0.1615484076643869, -0.6867865183856896, -0.06539815194724452, 0.5231645048909658, 0.5870882340555703, -0.3705177436172784, -0.48477801824739, 0.16739099176992778, -0.014727701197722098], [-0.28765859916074477, -0.8105245871626728, -0.2385777779323136, 0.24621256517837814, 0.6898952801656463, -0.23048757840424372, 0.39952095183752906, -0.4968582911329677, 0.31465965748381447, 0.2531888519848118, 0.07977734379071477], [0.34627665821609493, -0.21477129978490847, -0.6400461755697567, -0.2679964807080538, -0.21315029981427558, -0.3773632645709255, 0.0101517213037918, 0.20261183393994198, 0.3670108710139423, 0.6091586070288524, -0.016128149271704556]], "inverted": true, "swapped": true, "error_lsq": 0.036240794659234424, "error_max": 0.16818347452096208, "target": "5.xyz", "model": "29.xyz", "model_rescale": 3.607286011436655, "target_rescale": 3.6523030999806103},
