[{"mapping": [2, 6, 7, 9, 10, 1, 12, 5, 14, 8, 0, 15], "R": [[-0.19990488296458095, -0.9117465558461038, -0.3588262193174918], [0.3204786639132817, 0.28523224318616847, -0.9032917543204657], [0.9259219533758096, -0.2955685797742276, 0.23517599985323973]], "T": [-0.0018523442892320555, -0.06415178182215378, -0.02545600036534071], "aligned_model": [[-0.25948418387787164, 0.057980814411061905, 0.4110867908709352, -0.32587277408870424, 0.05250579853441146, -0.524667260450923, 0.4604440984286872, -0.09596488207678092, 0.6602435078782253, -0.010917519806310222, -0.5992791419546413, 0.01156721459245918], [-0.40509399566044324, -0.6824942727316029, -0.3714240250876101, 0.7092286833450049, 0.45556536436908124, -0.4933735603749403, -0.2845336605342463, -0.5891091879785353, -0.00101160372410114, 0.510541041487887, 0.2401161850249399, -0.0348559321583769], [-0.43723382548389433, -0.0272488056341762, -0.592227824380108, 0.00037492000928554536, -0.6719084836115268, 0.06791134268696382, 0.44267957483701814, 0.5402127172116407, -0.0064852152837248656, 0.5359522899924015, 0.26522182333645794, 0.06470323167322502]], "inverted": true, "swapped": true, "error_lsq": 0.04637255227913171, "error_max": 0.248774283626752, "target": "50.xyz", "model": "0.xyz", "model_rescale": 3.751011558992144, "target_rescale": 4.119243642461553},
{"mapping": [2, 6, 10, 3, 12, 13, 5, 1, 14, 8, 11, 4, 0, 9, 15], "R": [[-0.40260064362362535, -0.49882070427461256, -0.767522394944162], [-0.1039337966663125, -0.8081455070569488, 0.5797401187896114], [-0.9094561493905949, 0.31317526149210234, 0.2735155716316443]], "T": [0.0034597284829059397, -0.020847091417394638, -0.13906487550269642], "aligned_model": [[0.1890758911491967, 0.21516173797805416, -0.5222829777254084, 0.03458021671294124, -0.08832866087121757, -0.5215598552910133, 0.5308565576697736, 0.6463197288195063, -0.5522382784822396, -0.0038628902185202027, -0.4640930103004375, 0.6310301923030045, 0.4773570746756076, -0.049738141197240786, 0.01680862586702782], [-0.03287528987594752, -0.5401696327238392, 0.5388923082937105, 0.5805437990608675, -0.579057793715073, 0.2632561621716451, -0.5403289912202432, -0.09757656126563727, -0.3402881477415094, 0.2800856142151935, -0.1460267873716626, -0.0324474802404898, 0.4660022263313114, 0.7590514265235256, -0.030303502614745632], [-0.702606087664708, -0.40630449524801215, -0.45725969650292453, -0.5260318523842604, 0.2626972352101803, 0.08861860233023958, 0.09844235898353293, -0.35615435225791303, 0.03946979010518242, 0.6058640962722158, 0.6665065297435155, 0.28575737860381467, 0.1299898001473615, 0.16540533264919455, -0.0447282351354429]], "inverted": false, "swapped": true, "error_lsq": 0.046514766070038, "error_max": 0.3825100793860791, "target": "50.xyz", "model": "1.xyz", "model_rescale": 3.9405287249114394, "target_rescale": 4.119243642461553},
{"mapping": [9, 8, 0, 14, 12, 3, 13, 11, 6, 2, 7, 10, 15], "R": [[-0.37838973495105066, 0.9230020946740937, 0.06991667691552089], [-0.6657070860525692, -0.32383517321348176, 0.672283315402957], [0.6431603875108223, 0.20784107827142811, 0.7369849402259853]], "T": [-0.07528361477105158, -0.16732575523982685, -0.11003096059087496], "aligned_model": [[-0.376888452009401, 0.2128535883829111, -0.3954713282475759, 0.4549591091823031, 0.5917956331318893, -0.7395266326888045, 0.07392595492470591, 0.7027089205124994, 0.01971173418144498, -0.5020216213275933, -0.06830060646410957, -0.46548623997278515, -0.012276780321553202], [0.6087460796364869, 0.5626051998732304, 0.32763595660398176, -0.2266803584871262, -0.28529325460654664, -0.002818884117738868, 0.2394180958745949, 0.33702853871827076, -0.7437056334907037, -0.5796957081476742, -0.7306165866835004, 0.06260990695447877, -0.1104007585557367], [-0.0074597729057060275, -0.28239986724162974, -0.54186901282498, 0.28750793687967513, -0.26011772314762743, 0.09997292422058841, 0.3595389830979591, 0.04351111827503949, -0.3214376225478401, -0.10529483294528126, 0.40844752317843197, 0.5869862812105737, -0.15426558566055945]], "inverted": false, "swapped": true, "error_lsq": 0.04381170736286576, "error_max": 0.2280468806037453, "target": "50.xyz", "model": "2.xyz", "model_rescale": 3.932901565614263, "target_rescale": 4.119243642461553},
{"mapping": [2, 6, 7, 1, 10, 13, 14, 9, 4, 8, 12, 5, 11, 15], "R": [[0.05694408365644987, 0.9229934698420021, -0.3805790666412803], [-0.3185379624437916, -0.34447818105999006, -0.8831015509304454], [-0.9461981493422424, 0.17151628902999727, 0.27439246487229485]], "T": [-0.027864224008076515, -0.06510154817562949, -0.08380869439095684], "aligned_model": [[-0.12671306788098405, 0.40108656562103184, 0.28461829645383474, -0.10509318121847668, -0.5140307850926483, -0.17342359074770583, 0.4128253854407736, -0.7355695925281888, -0.08001790828310214, -0.21990459274917343, 0.5860360090892079, 0.4080911991062551, 0.29056265891798405, -0.008657484076104224], [0.15247856059726708, 0.26198921885220894, -0.3955588354871641, 0.5918847740739395, -0.6724212237983815, -0.6490602950566114, -0.5551294918944663, -0.29165723664529686, 0.525536852437562, -0.17708430222756139, -0.06694886587256696, 0.540584360785465, -0.5453301530261617, -0.05578672438774389], [-0.6270071273208673, -0.3919377376449047, -0.6996966038304199, -0.2531866535208254, -0.3766677378166874, 0.13067823019809569, 0.007748788824380529, 0.3055490468533293, 0.38829243524335105, 0.6882752690627287, 0.23954897353232513, 0.13415000544828384, 0.6586235355712593, 0.009525938457048438]], "inverted": false, "swapped": true, "error_lsq": 0.04486205575676396, "error_max": 0.28508083195949513, "target": "50.xyz", "model": "3.xyz", "model_rescale": 3.9243930471874484, "target_rescale": 4.119243642461553},
{"mapping": [12, 8, 5, 6, 1, 14, 7, 4, 0, 9, 3, 10, 15], "R": [[0.029043383577811097, 0.31319322850508047, 0.949245217785645], [0.5376215163708421, 0.7956964713604691, -0.2789806993317182], [-0.8426859361621437, 0.5184371968551859, -0.1452697005967481]], "T": [-0.005383439595634604, -0.14251987979220823, -0.030735925068606326], "aligned_model": [[-0.05655525474663679, -0.3472778151957258, 0.5415609440193285, 0.4257223939843469, 0.6654280253496166, -0.4687320354408394, -0.12249153755656601, 0.41989280032937515, 0.18709371777834333, -0.38338616957781674, -0.02620453697785265, -0.5359562042713752, -0.021888441382845774], [-0.532610446166802, 0.3489944907411827, -0.30399322780601323, -0.5894202012294543, -0.020519001871144554, -0.5828732374905141, -0.7569071994013066, 0.2323106333252112, 0.5507196482427196, 0.6036926445176705, 0.26518928152957477, 0.02875972031384072, -0.11551355102337804], [-0.6022671014221432, -0.5665112012299952, -0.5591266377100155, -0.04967055069162915, 0.006840620519241336, -0.2154370060787708, 0.4108285393312816, -0.5338218122248009, -0.15865336746473635, 0.03294000418336239, 0.5572459205804394, 0.5858006697928915, -0.12109776221416099]], "inverted": true, "swapped": true, "error_lsq": 0.04850658448624068, "error_max": 0.34449416527595506, "target": "50.xyz", "model": "4.xyz", "model_rescale": 3.8936222436046832, "target_rescale": 4.119243642461553},
{"mapping": [9, 3, 0, 8, 1, 2, 7, 12, 11, 13, 4, 15], "R": [[0.5762442235689536, -0.5794102303007819, -0.5763908221217694], [0.5275881205411196, -0.2748981463516701, 0.8037921274784331], [-0.6241741502716237, -0.7672775209500217, 0.14728148552172401]], "T": [-0.16828454174059249, -0.024041313763992846, 0.11971137400388035], "aligned_model": [[0.06322714708719088, -0.5624709266062582, -0.20883964738228813, 0.45604946292519544, -0.6710341361160922, -0.7465283679755205, -0.4008859018554398, 0.2657673831851358, 0.7698594290586169, 0.2693708266470859, -0.11414694377455403, -0.09282028297797484], [-0.44942118670333037, -0.5172824005724412, 0.08877612935459683, 0.03809503428833824, 0.39442126470085015, -0.08295717166698746, -0.31801887784221244, 0.40497817569150163, 0.010367601405027658, -0.48860003616813746, 0.5647304286055642, 0.023833944017037628], [-0.5652909040297235, -0.21750258390018953, -0.6011345730226662, -0.3821645189440914, -0.07628900424485094, 0.23946000370331036, 0.7872734013965406, 0.44982998044704103, 0.16356026661644893, 0.09067759912369334, -0.354493391406529, 0.08535844353653442]], "inverted": true, "swapped": true, "error_lsq": 0.04744025594663587, "error_max": 0.27308870142167957, "target": "50.xyz", "model": "5.xyz", "model_rescale": 3.6523030999806103, "target_rescale": 4.119243642461553},
{"mapping": [4, 0, 9, 8, 13, 1, 3, 12, 2, 7, 10, 14, 15], "R": [[0.5608665308494849, -0.5943642842965141, -0.5763330912983884], [-0.3445596263370564, 0.46540406283969454, -0.8152776963653389], [0.752799706742326, 0.6558430878228406, 0.05623562646285622]], "T": [0.030522229049892005, -0.14041924949193044, -0.05792026383452463], "aligned_model": [[0.07232168244814903, -0.025665822873896703, 0.24922301864100804, 0.6438868734127017, 0.4693025815962424, -0.4778989187717073, -0.3687310190275498, 0.46973632117136105, -0.5448311168090942, -0.18678997020716237, -0.020662907344633927, 0.4961366284179336, 0.10505555401094309], [-0.5842228709555728, -0.0604249228242688, 0.45002595097933373, -0.06777292996379736, 0.31625508695582083, -0.49373785593386144, 0.42328901078302683, -0.6402234031248362, -0.11593758220245723, -0.03208783340236333, 0.66961380829585, -0.14646181381230572, -0.17748774063138556], [0.5550596338258478, 0.6662587070918763, 0.4964426580403756, 0.4559275855901127, -0.14230237552548203, 0.23010426859894567, 0.12973039652179658, -0.2547041033070936, -0.201258711509054, -0.7840090832411664, -0.23733057550810005, -0.5331930368310327, -0.010615624265236843]], "inverted": true, "swapped": true, "error_lsq": 0.04585087526812061, "error_max": 0.2926840276376299, "target": "50.xyz", "model": "6.xyz", "model_rescale": 4.08911054899281, "target_rescale": 4.119243642461553},
{"mapping": [8, 0, 9, 11, 12, 7, 13, 10, 12, 4, 6, 1, 2, 3, 15], "R": [[-0.25644441177345506, 0.8466197489305973, -0.4663381438300528], [-0.9585883775379889, -0.2846034008600114, 0.01045115629975002], [-0.1238732663622493, 0.4497064653077694, 0.8845448032412713]], "T": [-0.015083389582250169, 0.04351724488252096, 0.019275928816524783], "aligned_model": [[-0.011795815746570406, 0.3184768061738083, 0.5977446673461091, -0.41178618721858484, -0.6784560587141079, -0.08338430937051723, 0.18450717493165789, 0.6427159236285579, -0.6784560587141079, -0.2077638510562786, -0.40608948531310396, -0.03076061568558011, 0.17551230179213748, 0.6852270953691322, -0.059358047622997526], [-0.6388539414760882, -0.5776277438323938, -0.4297984992957011, -0.3041872275412771, -0.03697184811418961, 0.8044759341495737, 0.04223980370024439, 0.37888689647801016, -0.03697184811418961, -0.6125526689356555, 0.31771288748957743, -0.09440240100773092, 0.3937321453816841, 0.12942889007021371, -0.034351562782964314], [-0.4048608921969819, 0.21139014018973945, -0.3035054185866874, -0.7585089379540743, -0.16752690291200936, -0.03014187071244004, -0.5876523724062508, -0.36254705786665936, -0.16752690291200936, 0.3462311422833292, 0.416593987519507, 0.6878689502825228, 0.4588206263206887, 0.13997117736870796, -0.014535636335302748]], "inverted": true, "swapped": true, "error_lsq": 0.051911894740423195, "error_max": 0.434282266248131, "target": "50.xyz", "model": "7.xyz", "model_rescale": 3.964800864290218, "target_rescale": 4.119243642461553},
{"mapping": [1, 6, 2, 4, 3, 12, 0, 7, 14, 13, 11, 9, 10, 15], "R": [[-0.975351470265345, -0.031142756757698852, -0.2184482505143051], [0.0619950876574291, 0.911437879268608, -0.4067402135770326], [0.21176902171369988, -0.41025738376764553, -0.8870415776650773]], "T": [0.023065365627103786, -0.05827664136822347, 0.011171354779628308], "aligned_model": [[-0.16967128666411285, 0.11957599191930435, 0.3768882184875819, -0.685646435994516, 0.3215659082861623, -0.252589116857956, -0.46975250569119337, 0.7215686910083479, 0.19708659190972608, 0.1393010272826983, -0.3662799427436579, -0.19513440539997234, 0.5860217892133562, -0.061746635294895935], [-0.00017782635155932924, -0.49967426763131606, 0.02741574290110116, -0.014610343271825366, 0.5811757613433515, -0.6673634267657382, 0.4659054841226375, -0.37079435089064866, -0.4850208261590298, 0.10508736231870952, -0.35398633330683005, 0.6603292080554679, 0.43907380356311154, -0.07641152174622932], [-0.6413325479298144, -0.4151905708620536, -0.45748943862862906, -0.2539211579723389, -0.1087493683394852, 0.19681882803033812, -0.11671537805536691, -0.013140103248224556, 0.4910916646067296, 0.6178025948118084, 0.8137838501449919, 0.3850273596461976, 0.36709850027591756, 0.05173080624495097]], "inverted": true, "swapped": true, "error_lsq": 0.04211682189969266, "error_max": 0.2795069915635318, "target": "50.xyz", "model": "8.xyz", "model_rescale": 4.121658175737393, "target_rescale": 4.119243642461553},
{"mapping": [6, 14, 12, 5, 7, 2, 13, 9, 8, 10, 1, 0, 15], "R": [[-0.909211057505191, -0.001699359926145838, 0.41633203706432864], [-0.4011328590651946, -0.2641858003956992, -0.8770965125044486], [0.11147951510692394, -0.9644703080163355, 0.23951898184987336]], "T": [-0.08134134342116897, -0.005874505356006884, -0.03368663606881103], "aligned_model": [[-0.49771706874713606, -0.04751845850769608, 0.10381206098181325, -0.008244409401255953, -0.7219479159712308, -0.6064659075358052, 0.20368191387280374, 0.46542067415891786, 0.720200683002506, -0.21664847701313236, -0.2808899863260442, 0.3582546500472503, 0.004799737874206955], [0.31900004089688316, -0.45449613519739107, 0.06375253781303483, 0.6454382080711761, -0.3707882511820741, 0.1527961141694435, -0.5756489414703798, -0.24199237042174046, -0.057758030484385624, -0.669188771306424, 0.6257088570886061, 0.340163307975778, 0.013400873459183274], [-0.3608233684165285, -0.5239030535099329, -0.6987485744488986, -0.4518578135278084, -0.24014834835002302, 0.1926859812438169, 0.014467521344653234, 0.5571377618749083, -0.014405382206419765, 0.4486697643420713, 0.13234657715010784, 0.43642459085636465, -0.07077022239322261]], "inverted": false, "swapped": true, "error_lsq": 0.04817949348527793, "error_max": 0.3070599561385527, "target": "50.xyz", "model": "9.xyz", "model_rescale": 3.833441315466971, "target_rescale": 4.119243642461553},
{"mapping": [3, 0, 13, 11, 8, 9, 4, 12, 7, 14, 2, 6, 1, 10, 15], "R": [[0.47149490203753935, -0.09610576141361059, -0.8766163584919698], [-0.15545402355086047, 0.9694199266630432, -0.18989221245345658], [0.868059101625264, 0.22580675014651433, 0.44213652605706527]], "T": [0.04620009214133395, 0.037140610396481866, 0.0868196337219887], "aligned_model": [[0.04469051515467807, -0.1236371010860606, -0.5278691551596336, -0.70484063935751, -0.6224585932377411, -0.5687665113783499, 0.08815346389951825, -0.01554505513828982, 0.3470528184967936, -0.22039113818836595, 0.5442482617581809, 0.5943523855704048, 0.5759882223521484, -0.27904458340200716, -0.008087871989233969], [-0.6511561838302479, -0.41468721346486714, 0.021870540405834554, 0.5922758328475763, 0.06791440538350794, -0.5128035468014226, 0.04156093508516459, 0.7100656258907035, 0.2142268073653002, 0.5405247082123342, -0.22488760514668216, 0.3294721752785604, -0.15780139807442561, -0.43431471997331, 0.07884117611695216], [0.28336014702471213, -0.4618135012519961, 0.3668398336895985, -0.017982623874021664, -0.35756963602115927, -0.06533594388316027, -0.6699323593326212, -0.07064957118448356, 0.7682104006192569, 0.43069614674902823, 0.2751437431894711, 0.0854137614185109, -0.2973761274660777, 0.6892375163650715, 0.01988012177996268]], "inverted": false, "swapped": true, "error_lsq": 0.03741362100564738, "error_max": 0.2456216816680693, "target": "50.xyz", "model": "10.xyz", "model_rescale": 4.2482417240324, "target_rescale": 4.119243642461553},
{"mapping": [1, 2, 7, 10, 5, 12, 6, 13, 3, 8, 0, 15], "R": [[-0.4214780968705313, -0.32363287768302385, -0.8471233524941923], [0.7296660473118513, -0.6757109184411815, -0.10489143959196034], [-0.5384641801073623, -0.6623265925372314, 0.5209412745783599]], "T": [0.025818063101372246, 0.09295688092074396, -0.024716669850541877], "aligned_model": [[-0.60836823291047, -0.1302390854666125, 0.42260771191675844, 0.6617053338551306, -0.6001586463600298, -0.007996999232987759, -0.26496621999633074, 0.5823565226876204, 0.12644471295701049, 0.05146542420559247, -0.3623055295712361, 0.006220610278561217], [-0.1514430466632194, -0.4344854752791456, -0.22120895857108425, -0.35874523848143003, 0.45503786532657997, 0.6960210063124258, 0.03781295395410495, 0.24743978194333555, -0.5069021927986632, 0.6439985223799727, 0.0781588698211809, 0.18044730210658205], [0.041318546826266685, 0.19805555120335244, 0.5497596666635015, -0.31207377704032024, 0.26071119500503165, 0.31676142960716314, 0.5214832066753884, -0.29784661038641347, -0.40211075850336503, -0.6088644330919435, -0.6436936218353699, -0.058308105268935]], "inverted": true, "swapped": true, "error_lsq": 0.046635838081872626, "error_max": 0.2745481706571366, "target": "50.xyz", "model": "11.xyz", "model_rescale": 3.6694154284099745, "target_rescale": 4.119243642461553},
{"mapping": [13, 9, 0, 3, 10, 11, 14, 12, 2, 6, 4, 7, 8, 15], "R": [[0.9711657049755431, -0.22720028699812259, 0.07223020882793618], [-0.1566760484216981, -0.8365957791508737, -0.5249382041325479], [0.1796935984678315, 0.4984852373891462, -0.8480699728057636]], "T": [0.09720436635528615, 0.11666772576326254, 0.09874683045052798], "aligned_model": [[0.09467222968261241, -0.07250718401973111, -0.2514800407340031, 0.5234116107493142, 0.6394374835377844, -0.5155569430740173, 0.0756564482531382, -0.31724445967650095, 0.5605804394908094, 0.2117760726107778, -0.5103345768808282, 0.7155522417886543, -0.5591087041950245, 0.0034102327228242024], [-0.29673306064788696, 0.2922130255774428, 0.6533919980342561, 0.47933139141694814, -0.046796864738101046, -0.5568307302364504, -0.5451042326091368, -0.28671984469874146, 0.4242152911879634, 0.17244852467237973, 0.5547271338526133, -0.2441180593046596, 0.030992579266193046, 0.09997013636343402], [-0.3883808388545865, -0.7038462524124277, -0.25386855664706764, -0.3475774682107151, -0.5097136096064492, -0.1339422672868892, 0.1644054366772881, 0.48208444767846526, 0.30580683395914443, 0.7067702540894983, 0.2147364467974707, 0.37012255442966757, -0.3567158022112009, 0.08921428125021755]], "inverted": false, "swapped": true, "error_lsq": 0.04692733901459064, "error_max": 0.25751191112227395, "target": "50.xyz", "model": "12.xyz", "model_rescale": 3.9764082729961374, "target_rescale": 4.119243642461553},
{"mapping": [14, 4, 7, 3, 6, 5, 0, 2, 13, 11, 8, 12, 9, 10, 1, 15], "R": [[-0.8679665646116479, 0.024890177776191513, -0.4959985098430476], [0.24377554084022302, -0.8487862897167391, -0.4691858054938881], [-0.4326748529835203, -0.5281498967520125, 0.7306505034259045]], "T": [-0.1382293410865249, 0.03566228665496941, 0.01852342548689251], "aligned_model": [[-0.5038519840025417, -0.07022674955724262, 0.47282046971174224, 0.21269015891133997, -0.7291584756517844, -0.47374922728602636, 0.30276971012492865, 0.6237994622771545, -0.6877012204593729, -0.20252039969317254, 0.34094799749281435, -0.4651392396210578, -0.09672038929490942, -0.07773934894780221, 0.13157718257488593, -0.11804632205521824], [-0.6560684675251138, -0.1907786254729199, -0.22648394812776407, -0.714181288667346, -0.312386559833108, 0.40541978755578, 0.31689360932890415, 0.2591789281522496, -0.055849467460212174, -0.41823965694932863, -0.17383619720409033, 0.4994445908620567, 0.5899388260547618, 0.206938815515674, 0.4903356607969476, -0.05672038255083928], [0.18173092005631886, -0.6596829462313472, -0.3405464552266368, 0.1702915525185819, -0.3181122293084718, -0.6549227136563791, -0.48500086735301434, 0.09343622628898884, 0.2718745628913492, 0.6668939862967489, 0.4940781543050648, 0.31049847149729065, -0.21072240612139154, 0.8015637887318219, 0.37037444637085803, -0.032923274565316324]], "inverted": false, "swapped": false, "error_lsq": 0.04184996230799229, "error_max": 0.2246367462660725, "target": "50.xyz", "model": "13.xyz", "model_rescale": 4.170626492500431, "target_rescale": 4.119243642461553},
{"mapping": [14, 7, 12, 6, 8, 4, 5, 10, 9, 2, 3, 1, 0, 15], "R": [[0.0030659901037349835, -0.32159977612767776, 0.9468707323068508], [-0.9527172082377285, -0.2886420826020868, -0.09495087824153714], [0.3038429213136171, -0.9018089221923667, -0.30727861465101897]], "T": [0.004588860196142802, -0.04611584783513774, 0.03141889454595129], "aligned_model": [[0.08946373787276213, -0.08493960627605902, -0.3321749008911399, -0.576996858251649, 0.36787526875523663, -0.29492237801184945, -0.6778236579835426, 0.7060663713819639, 0.7126836133413534, -0.1981026497330784, 0.4129975450855617, -0.456061642349593, 0.1710839793402905, 0.004034199811386623], [-0.33441348072686405, -0.8045404796915157, 0.04537254710501436, -0.26343429524739204, 0.5916799120159819, 0.6461295398846366, 0.3046764523221091, -0.4452769122025179, 0.36653965514592096, -0.36070820046908, -0.15096176805906136, 0.15576293724710766, 0.5752102851060247, 0.03003827549530133], [-0.562212489599652, -0.022821245663058494, -0.5682953148854911, 0.05289915540986778, -0.29534224317668656, 0.10586716539338215, -0.09378678932856188, 0.23031906756046733, 0.21055871620679428, 0.4919886923757705, 0.6098586997582688, 0.49329582959672613, 0.378153062512682, -0.026609205039642536]], "inverted": false, "swapped": true, "error_lsq": 0.044171978961897194, "error_max": 0.25854749768232754, "target": "50.xyz", "model": "14.xyz", "model_rescale": 3.9786697098870705, "target_rescale": 4.119243642461553},
{"mapping": [3, 1, 9, 10, 0, 8, 6, 12, 13, 7, 4, 15], "R": [[0.009728645333716618, -0.11425397628454093, -0.9934039371590704], [0.9983219578225133, -0.05560340057807128, 0.016171900741048822], [-0.05708434101743265, -0.991894294139918, 0.11352130752981732]], "T": [-0.015987772284931152, -0.07273507873107912, 0.08194007417126042], "aligned_model": [[0.12764901684758745, -0.6461196108625922, 0.5016469827601352, 0.5833619830133805, -0.08143083883392843, 0.3714654715474937, -0.5248372880107343, -0.08454261055327575, 0.6218843356301667, 0.014917914319040184, -0.3990264984459469, -0.0016142606439898816], [-0.3873319084355157, -0.02792087413211486, 0.22565600061310334, -0.5413418181757036, 0.38232600311294607, 0.6253348611027005, -0.2626768276787306, 0.23416779094843512, -0.05198153022293477, -0.7609300514074414, 0.5605382907784068, 0.01883455372128852], [-0.5447817434499134, -0.1773084274072802, -0.5069494260019498, -0.2529466639992577, -0.48606343659397483, -0.008124513752179208, 0.38347773259423684, 0.7004446844344643, 0.11174699102605272, 0.41600261239390673, -0.081459367062197, 0.10592805169192179]], "inverted": true, "swapped": true, "error_lsq": 0.04780177504839872, "error_max": 0.29073076526308506, "target": "50.xyz", "model": "15.xyz", "model_rescale": 3.769337070930944, "target_rescale": 4.119243642461553},
{"mapping": [13, 8, 7, 14, 3, 0, 2, 4, 6, 12, 15], "R": [[-0.15648304696257787, 0.8039393362556522, 0.5737548253689282], [-0.9459238778779342, -0.2891116899016056, 0.1471137247934704], [0.28414973741617067, -0.5197075854584571, 0.8057064926778621]], "T": [0.028712475453311716, 0.09130944243180321, -0.03594041085450329], "aligned_model": [[-0.41995571163775663, -0.29693481346220524, -0.1015469603178353, -0.5983041721710514, 0.4470654704706371, 0.3957835129980613, 0.48009833308310496, 0.27963300475697184, 0.18453754988487595, -0.43202735692403543, -0.015722725989596287], [0.004728543586831016, -0.634606770466438, 0.8441325768770025, 0.309007372523961, 0.14098831219907212, -0.5250608462711756, 0.47628225959377707, -0.5065857700177581, 0.43720188504467494, 0.03663334170404277, 0.013343592851352129], [-0.48248334716827984, -0.14789031986328086, -0.08548906332787588, 0.010698897349132146, -0.6146421566557839, -0.17500116020546724, -0.05088941698655356, 0.3565050077303271, 0.4560022905006315, 0.47997278053961023, -0.002565904688682716]], "inverted": true, "swapped": true, "error_lsq": 0.03893441191662492, "error_max": 0.17991608543873586, "target": "50.xyz", "model": "16.xyz", "model_rescale": 3.7852294659196426, "target_rescale": 4.119243642461553},
{"mapping": [12, 1, 0, 4, 6, 2, 10, 3, 8, 11, 14, 9, 15], "R": [[0.8004222985619402, 0.06064816272944849, -0.5963605824686629], [-0.5441364481791139, -0.34385424873821013, -0.765297185012267], [-0.2514749882748562, 0.9370624610890268, -0.24222773228913622]], "T": [-0.1462907080847817, 0.11468553113302563, -0.021324520849271708], "aligned_model": [[-0.053058468674880704, -0.439919502122756, 0.27116518070399287, 0.1526084224410296, -0.649820632223478, -0.6630164515874015, -0.1009410748304149, -0.1995998325387355, 0.647936566889909, 0.5455898653029795, -0.0848001086080208, 0.49756860357025134, -0.06994671810619207], [0.0720182498968074, -0.4837846729131853, -0.3434470644637847, -0.5758885216148576, -0.10155028044659539, 0.03207578930363242, 0.7465858213794107, 0.21876975832345638, 0.022225524963814663, 0.41498630451788676, 0.5914952561269718, 0.19775057354388068, 0.08381888508543589], [-0.7075637960520845, 0.1266612172288002, 0.36576264914907364, -0.11198868745678989, -0.31395115391993084, 0.2585805912203231, 0.516826913954898, 0.6848677617727443, -0.09998499376350593, -0.5819862071151002, -0.4813124365181558, 0.5100126647507912, -0.0701698261078895]], "inverted": true, "swapped": true, "error_lsq": 0.04649726060956176, "error_max": 0.2849885401459279, "target": "50.xyz", "model": "17.xyz", "model_rescale": 3.901054581598922, "target_rescale": 4.119243642461553},
{"mapping": [2, 6, 10, 3, 12, 13, 5, 1, 14, 8, 11, 4, 0, 9, 15], "R": [[-0.40260064362362535, -0.49882070427461256, -0.767522394944162], [-0.1039337966663125, -0.8081455070569488, 0.5797401187896114], [-0.9094561493905949, 0.31317526149210234, 0.2735155716316443]], "T": [0.0034597284829059397, -0.020847091417394638, -0.13906487550269642], "aligned_model": [[0.1890758911491967, 0.21516173797805416, -0.5222829777254084, 0.03458021671294124, -0.08832866087121757, -0.5215598552910133, 0.5308565576697736, 0.6463197288195063, -0.5522382784822396, -0.0038628902185202027, -0.4640930103004375, 0.6310301923030045, 0.4773570746756076, -0.049738141197240786, 0.01680862586702782], [-0.03287528987594752, -0.5401696327238392, 0.5388923082937105, 0.5805437990608675, -0.579057793715073, 0.2632561621716451, -0.5403289912202432, -0.09757656126563727, -0.3402881477415094, 0.2800856142151935, -0.1460267873716626, -0.0324474802404898, 0.4660022263313114, 0.7590514265235256, -0.030303502614745632], [-0.702606087664708, -0.40630449524801215, -0.45725969650292453, -0.5260318523842604, 0.2626972352101803, 0.08861860233023958, 0.09844235898353293, -0.35615435225791303, 0.03946979010518242, 0.6058640962722158, 0.6665065297435155, 0.28575737860381467, 0.1299898001473615, 0.16540533264919455, -0.0447282351354429]], "inverted": false, "swapped": true, "error_lsq": 0.046514766070038, "error_max": 0.3825100793860791, "target": "50.xyz", "model": "18.xyz", "model_rescale": 3.9405287249114394, "target_rescale": 4.119243642461553},
{"mapping": [5, 9, 7, 8, 11, 11, 13, 4, 2, 6, 0, 3, 14, 1, 12, 15], "R": [[0.9820806576431984, -0.18826223247460258, 0.008655270462674558], [0.09197141814865267, 0.438676282108847, -0.8939263827401479], [0.1644957146153937, 0.8787038473449619, 0.44813023613045017]], "T": [-0.01908771448117033, 0.08461354336329611, 0.05894272844209812], "aligned_model": [[-0.42710399849275593, -0.038402110140832627, 0.461109358353761, 0.1721963605212059, -0.4885612979835683, -0.4885612979835683, 0.07887215698002187, 0.7031356534462933, -0.7537119848641831, -0.19240706079323072, 0.3663312054182959, -0.40159280861500435, -0.3455238031615908, -0.1250560332948948, 0.19631573040275863, -0.05728844526897077], [-0.6341545414664298, -0.37759926510280833, -0.2623157852961537, -0.6348635733444724, 0.051746568906720816, 0.051746568906720816, 0.35266462488468464, 0.11270264251120282, -0.2481994154318647, -0.45595128454003614, -0.18934357512782324, 0.6975449612927692, 0.7167537552593511, 0.13816339593722582, 0.5679229366702412, 0.07678761041632419], [-0.031377784014668245, -0.55342653986479, -0.32142073076239747, 0.19323806239052121, -0.48670140309722687, -0.48670140309722687, -0.5492367899983766, 0.1697102234243768, 0.38280689570251547, 0.5447755460038815, 0.5580158807630008, 0.5099787854825496, -0.24696116919117012, 0.7081133937347789, 0.20090204825873326, 0.06711620075996497]], "inverted": true, "swapped": false, "error_lsq": 0.04340638588483818, "error_max": 0.2912647237843333, "target": "50.xyz", "model": "19.xyz", "model_rescale": 4.410303926677745, "target_rescale": 4.119243642461553},
{"mapping": [1, 6, 2, 4, 3, 12, 0, 7, 14, 13, 11, 9, 10, 15], "R": [[-0.975351470265345, -0.031142756757698852, -0.2184482505143051], [0.0619950876574291, 0.911437879268608, -0.4067402135770326], [0.21176902171369988, -0.41025738376764553, -0.8870415776650773]], "T": [0.023065365627103786, -0.05827664136822347, 0.011171354779628308], "aligned_model": [[-0.16967128666411285, 0.11957599191930435, 0.3768882184875819, -0.685646435994516, 0.3215659082861623, -0.252589116857956, -0.46975250569119337, 0.7215686910083479, 0.19708659190972608, 0.1393010272826983, -0.3662799427436579, -0.19513440539997234, 0.5860217892133562, -0.061746635294895935], [-0.00017782635155932924, -0.49967426763131606, 0.02741574290110116, -0.014610343271825366, 0.5811757613433515, -0.6673634267657382, 0.4659054841226375, -0.37079435089064866, -0.4850208261590298, 0.10508736231870952, -0.35398633330683005, 0.6603292080554679, 0.43907380356311154, -0.07641152174622932], [-0.6413325479298144, -0.4151905708620536, -0.45748943862862906, -0.2539211579723389, -0.1087493683394852, 0.19681882803033812, -0.11671537805536691, -0.013140103248224556, 0.4910916646067296, 0.6178025948118084, 0.8137838501449919, 0.3850273596461976, 0.36709850027591756, 0.05173080624495097]], "inverted": true, "swapped": true, "error_lsq": 0.04211682189969266, "error_max": 0.2795069915635318, "target": "50.xyz", "model": "20.xyz", "model_rescale": 4.121658175737393, "target_rescale": 4.119243642461553},
{"mapping": [4, 0, 9, 8, 13, 1, 3, 12, 2, 7, 10, 14, 15], "R": [[0.5608665308494849, -0.5943642842965141, -0.5763330912983884], [-0.3445596263370564, 0.46540406283969454, -0.8152776963653389], [0.752799706742326, 0.6558430878228406, 0.05623562646285622]], "T": [0.030522229049892005, -0.14041924949193044, -0.05792026383452463], "aligned_model": [[0.07232168244814903, -0.025665822873896703, 0.24922301864100804, 0.6438868734127017, 0.4693025815962424, -0.4778989187717073, -0.3687310190275498, 0.46973632117136105, -0.5448311168090942, -0.18678997020716237, -0.020662907344633927, 0.4961366284179336, 0.10505555401094309], [-0.5842228709555728, -0.0604249228242688, 0.45002595097933373, -0.06777292996379736, 0.31625508695582083, -0.49373785593386144, 0.42328901078302683, -0.6402234031248362, -0.11593758220245723, -0.03208783340236333, 0.66961380829585, -0.14646181381230572, -0.17748774063138556], [0.5550596338258478, 0.6662587070918763, 0.4964426580403756, 0.4559275855901127, -0.14230237552548203, 0.23010426859894567, 0.12973039652179658, -0.2547041033070936, -0.201258711509054, -0.7840090832411664, -0.23733057550810005, -0.5331930368310327, -0.010615624265236843]], "inverted": true, "swapped": true, "error_lsq": 0.04585087526812061, "error_max": 0.2926840276376299, "target": "50.xyz", "model": "21.xyz", "model_rescale": 4.08911054899281, "target_rescale": 4.119243642461553},
{"mapping": [5, 9, 15, 11, 10, 12, 14, 2, 6, 8, 1, 0, 13, 0, 4, 16], "R": [[0.25500352800217296, 0.42217005420387277, -0.8699112863044968], [-0.6226780482371552, 0.7599791273367327, 0.18628949046058704], [0.739760264511424, 0.49417018459838036, 0.4566733840547211]], "T": [-0.07325388493848044, 0.0023396564882844453, -0.010892307197946809], "aligned_model": [[-0.39038166014169173, -0.21853693224058446, 0.5963392191410161, 0.23093807899424462, -0.8016037391430609, -0.36366248601115575, 0.21069699573037337, 0.5727854976062879, -0.6454323045290808, -0.19366076135799953, 0.3409842643709297, -0.2638727753533863, -0.2301196279333022, -0.2638727753533863, 0.16304070664747755, -0.08389007590294398], [-0.6050652104704292, -0.3419129219622175, -0.243248349500379, -0.6857021718473986, -0.1911246468978106, 0.28021521485103956, 0.12817036179608857, 0.25332825672292897, -0.08011733411532067, -0.4946449139313655, -0.1888258211146829, 0.42483480529284595, 0.6174768441812538, 0.42483480529284595, 0.6199883622523535, 0.04539834392590001], [-0.1788755079583102, -0.6174651469783923, -0.16201683921664395, 0.13038303317569908, -0.2993597445464905, -0.6300994813502524, -0.5724625315832736, 0.1913245766833968, 0.4596146846807802, 0.45737101502125477, 0.638615889128769, 0.6097861007017286, -0.19454781356817563, 0.6097861007017286, 0.21039286655518696, 0.006384015047461132]], "inverted": true, "swapped": false, "error_lsq": 0.047842536873238584, "error_max": 0.400690423948808, "target": "50.xyz", "model": "22.xyz", "model_rescale": 4.204369325754507, "target_rescale": 4.119243642461553},
{"mapping": [5, 9, 7, 8, 11, 11, 13, 4, 2, 6, 0, 3, 14, 1, 12, 15], "R": [[0.9820806576431984, -0.18826223247460258, 0.008655270462674558], [0.09197141814865267, 0.438676282108847, -0.8939263827401479], [0.1644957146153937, 0.8787038473449619, 0.44813023613045017]], "T": [-0.01908771448117033, 0.08461354336329611, 0.05894272844209812], "aligned_model": [[-0.42710399849275593, -0.038402110140832627, 0.461109358353761, 0.1721963605212059, -0.4885612979835683, -0.4885612979835683, 0.07887215698002187, 0.7031356534462933, -0.7537119848641831, -0.19240706079323072, 0.3663312054182959, -0.40159280861500435, -0.3455238031615908, -0.1250560332948948, 0.19631573040275863, -0.05728844526897077], [-0.6341545414664298, -0.37759926510280833, -0.2623157852961537, -0.6348635733444724, 0.051746568906720816, 0.051746568906720816, 0.35266462488468464, 0.11270264251120282, -0.2481994154318647, -0.45595128454003614, -0.18934357512782324, 0.6975449612927692, 0.7167537552593511, 0.13816339593722582, 0.5679229366702412, 0.07678761041632419], [-0.031377784014668245, -0.55342653986479, -0.32142073076239747, 0.19323806239052121, -0.48670140309722687, -0.48670140309722687, -0.5492367899983766, 0.1697102234243768, 0.38280689570251547, 0.5447755460038815, 0.5580158807630008, 0.5099787854825496, -0.24696116919117012, 0.7081133937347789, 0.20090204825873326, 0.06711620075996497]], "inverted": true, "swapped": false, "error_lsq": 0.04340638588483818, "error_max": 0.2912647237843333, "target": "50.xyz", "model": "23.xyz", "model_rescale": 4.410303926677745, "target_rescale": 4.119243642461553},
{"mapping": [7, 14, 9, 11, 13, 6, 15, 8, 0, 1, 10, 2, 5, 3, 4, 16], "R": [[0.40479824723072205, -0.6349220375381806, 0.6580367659084871], [-0.8970590745467013, -0.4152491802706406, 0.15117253407275147], [0.17726645427816126, -0.6514922290656481, -0.7376547157408555]], "T": [-0.10533415982248552, -0.062315955146209384, -0.025988991473894066], "aligned_model": [[-0.5872514671084851, 0.05626212535844925, 0.4826903523333883, 0.11063536014756388, -0.5577531700919198, -0.3926096215704775, 0.24645539887418577, 0.6051554336440697, -0.7077304928067426, -0.23151132120397916, 0.409429497108038, -0.39526082729179296, -0.2546862667998198, -0.13254218534544554, 0.13009984266705127, -0.12163103339034664], [-0.4987418176887666, -0.3387069316713598, -0.17009630141079257, -0.6572508881012706, -0.3075955048641732, 0.1734800283406169, 0.2508360884248827, 0.3285812931716714, 0.13362984251591173, -0.5354705248935869, -0.16294455514861456, 0.5893242049512682, 0.5353602620444787, 0.18898455398141165, 0.4823100602505225, -0.048094185426546664], [0.11264387665085655, -0.6223484960731178, -0.21315350117409715, -0.03743794795149889, -0.5048852281119738, -0.6891414271994639, -0.5621737495881094, 0.10858643751554779, 0.38524052287526217, 0.678666546106859, 0.3595965485048314, 0.5433980301701328, -0.15279246529852158, 0.8373526338943039, 0.3230635931261719, 0.09221584304728321]], "inverted": false, "swapped": false, "error_lsq": 0.04336984735979658, "error_max": 0.31045326991173483, "target": "50.xyz", "model": "24.xyz", "model_rescale": 4.28219845311461, "target_rescale": 4.119243642461553},
{"mapping": [8, 5, 11, 10, 1, 3, 9, 12, 0, 6, 14, 4, 7, 2, 13, 15], "R": [[0.20425742435257097, 0.14752882617746416, 0.9677366119164623], [0.969620004787945, -0.16641438334078748, -0.1792855246034417], [0.13459550851302432, 0.9749571777591082, -0.1770382744609633]], "T": [-0.06533173714879628, 0.059752601479377526, 0.02685145078573873], "aligned_model": [[-0.254659476587202, -0.11062364344176145, 0.3824346041495489, 0.23658999307406112, -0.5980813343842508, -0.5626218663071949, 0.2043728136939604, 0.6873247457947687, -0.7253680211489045, -0.3172855693808353, 0.4230745186203152, -0.6190689322336482, -0.0716705528839724, -0.1111978814917475, 0.22181823815183657, -0.12528601110123633], [-0.5979452267753849, -0.43851934273353155, -0.19951155947066943, -0.661929467985751, -0.15913584114263604, 0.3314709219719997, 0.30117019481744806, 0.19221876046519418, -0.052388227966659956, -0.588170423099491, -0.22597191378598383, 0.5160317726294497, 0.8056094379419595, 0.16598263603626146, 0.5192859460321507, 0.05540795754129688], [-0.08948698102824179, -0.6623178997724376, -0.14274946222995388, 0.15997950289964732, -0.25268944994015086, -0.5012745063590663, -0.5439818740652466, 0.04636646140812408, 0.49303887040395356, 0.6003600868193928, 0.5367195274453787, 0.16768116987896062, -0.19496695392254929, 0.7016784663601556, 0.27034776259762805, 0.07012649599887164]], "inverted": false, "swapped": false, "error_lsq": 0.0444313378417463, "error_max": 0.3571548485681762, "target": "50.xyz", "model": "25.xyz", "model_rescale": 4.100010024507729, "target_rescale": 4.119243642461553},
{"mapping": [1, 2, 7, 10, 5, 12, 6, 13, 3, 8, 0, 15], "R": [[-0.4214780968705313, -0.32363287768302385, -0.8471233524941923], [0.7296660473118513, -0.6757109184411815, -0.10489143959196034], [-0.5384641801073623, -0.6623265925372314, 0.5209412745783599]], "T": [0.025818063101372246, 0.09295688092074396, -0.024716669850541877], "aligned_model": [[-0.60836823291047, -0.1302390854666125, 0.42260771191675844, 0.6617053338551306, -0.6001586463600298, -0.007996999232987759, -0.26496621999633074, 0.5823565226876204, 0.12644471295701049, 0.05146542420559247, -0.3623055295712361, 0.006220610278561217], [-0.1514430466632194, -0.4344854752791456, -0.22120895857108425, -0.35874523848143003, 0.45503786532657997, 0.6960210063124258, 0.03781295395410495, 0.24743978194333555, -0.5069021927986632, 0.6439985223799727, 0.0781588698211809, 0.18044730210658205], [0.041318546826266685, 0.19805555120335244, 0.5497596666635015, -0.31207377704032024, 0.26071119500503165, 0.31676142960716314, 0.5214832066753884, -0.29784661038641347, -0.40211075850336503, -0.6088644330919435, -0.6436936218353699, -0.058308105268935]], "inverted": true, "swapped": true, "error_lsq": 0.046635838081872626, "error_max": 0.2745481706571366, "target": "50.xyz", "model": "26.xyz", "model_rescale": 3.6694154284099745, "target_rescale": 4.119243642461553},
