[{"mapping": [10, 9, 12, 4, 3, 14, 2, 11, 0, 1, 6, 15], "R": [[0.5789435520678748, 0.7186033481261225, -0.38527080291784244], [-0.2463581933373737, 0.6045926156069136, 0.7574796431120352], [0.7772592901307627, -0.3436233362499088, 0.5270588190040132]], "T": [-0.07819471489222728, -0.07967297121340389, -0.01138209639286459], "aligned_model": [[-0.16150735123744975, 0.291060838677081, 0.3746720777413373, -0.06384074573852903, -0.2667958156940484, -0.6966891402114538, 0.25044428548528647, -0.17854972191622048, 0.6414534258836992, 0.16046816635412953, -0.5011351805314949, -0.01193837635178853], [-0.2314954388245797, -0.7282673969347349, -0.4123252227700214, 0.5719276533194209, 0.3914823649717397, -0.5543365865289995, -0.19248651774361242, -0.6149961854185795, 0.2444856165955674, 0.36235318474605177, 0.28746981755076395, -0.07025625298595908], [-0.6385510020929499, 0.06582393897550698, -0.4851947332126298, -0.09874456361864137, -0.5989027218139785, 0.006628293022630058, 0.4955116509343388, 0.5114204288950027, 0.050664364506662604, 0.4403126679757038, 0.43473697140015466, -0.0017535496182373017]], "inverted": true, "swapped": true, "error_lsq": 0.042052088965161015, "error_max": 0.21325112078398412, "target": "500.xyz", "model": "0.xyz", "model_rescale": 3.751011558992144, "target_rescale": 4.208268765433674},
{"mapping": [9, 11, 0, 12, 5, 1, 14, 13, 2, 4, 6, 7, 10, 8, 15], "R": [[0.7320453082715577, 0.5253795089766679, 0.4336888725630803], [0.45638538332811346, -0.8508364323574258, 0.26036464287175953], [0.5057885413115359, 0.007330547095767526, -0.8626263470108165]], "T": [0.07258115516208105, 0.07041950206469394, 0.04238253237322092], "aligned_model": [[0.09285547062654123, 0.06300147520492998, -0.5731460882823105, 0.23265444749359038, -0.4311084097711628, -0.5634044828597804, 0.6748583145831232, 0.6091222081882254, -0.3960854171468776, -0.1861365702347472, -0.10545131336724084, 0.5061927121480806, 0.5831289244245786, 0.012375363379666243, 0.020229576702418664], [-0.10354290171104458, -0.6145235947418543, 0.48306586806080476, 0.5017868236339476, -0.6476663193352921, 0.01285119192584297, -0.4244111687954303, -0.03907689073167467, -0.22854988037092933, 0.42530595267070914, -0.3110170198142773, 0.038847721103358365, 0.4598143671261272, 0.899310028596141, 0.09656317221067764], [-0.6872140678250505, -0.27499064768157094, -0.15656797299588351, -0.5308042104168729, 0.07110841608188428, 0.2627989825142322, 0.06625943330633574, -0.3406011528264518, -0.21961119330642848, 0.5318131778620003, 0.6216107321282331, 0.6183433610870971, -0.06271032032502855, -0.05828170239927428, 0.008513569648754181]], "inverted": false, "swapped": true, "error_lsq": 0.04633139211834506, "error_max": 0.3232568977060866, "target": "500.xyz", "model": "1.xyz", "model_rescale": 3.9405287249114394, "target_rescale": 4.208268765433674},
{"mapping": [8, 10, 12, 6, 14, 0, 4, 7, 11, 2, 5, 1, 15], "R": [[0.6560166474407079, 0.6972174757938424, -0.289015483544251], [0.7521883067710778, -0.6354602952425574, 0.174364458325374], [-0.06208791700092235, -0.33178005458120124, -0.94131136503528]], "T": [0.0015259869756239913, -0.00638348696666155, -0.06413965690200807], "aligned_model": [[-0.40682590524419737, 0.16440757702594794, -0.3782538818520851, 0.35346745557284015, 0.6325101939613949, -0.733095586475113, -0.029119755354444596, 0.6635416286317278, 0.06135644671290805, -0.37972134401879437, -0.07986772657069018, -0.3066822779547138, -0.06573354515084913], [0.7236616501173002, 0.4811015638885414, 0.31213265629455156, -0.2823856119159782, -0.2847727587595382, 0.14346451390808965, 0.3580920105443214, 0.2208713962402248, -0.717271617900875, -0.48031828648377617, -0.8145465435563268, -0.19616890628026035, -0.005027472524257462], [-0.09731133820715035, -0.4630880321822676, -0.6068725422712368, 0.49501570359299774, -0.42817759430345464, 0.19021977448852478, 0.4823400418910653, 0.11146542326069711, -0.3111678596109362, 0.02365577774908678, 0.2681601150990678, 0.5062675780097472, -0.05738669792749715]], "inverted": false, "swapped": true, "error_lsq": 0.046345026577440836, "error_max": 0.25280509109929383, "target": "500.xyz", "model": "2.xyz", "model_rescale": 3.932901565614263, "target_rescale": 4.208268765433674},
{"mapping": [12, 10, 8, 9, 0, 1, 4, 2, 11, 5, 7, 14, 6, 15], "R": [[-0.9495442133630521, -0.20595690864782681, 0.23653232051661313], [-0.010452506889642235, -0.7329686027150941, -0.6801821612874047], [0.313458979722172, -0.6483353909930522, 0.6938333292783084]], "T": [0.10968581987684169, -0.07125490954473088, -0.011525701982937047], "aligned_model": [[-0.08646690163720379, 0.4719000485207922, 0.16136864930015593, -0.41066749955866466, -0.3981399867689178, -0.1961195351378151, 0.33380228780140936, -0.45716317765690573, -0.24930423565126153, -0.3646966283837799, 0.8023308525422033, 0.45084385544970224, 0.30721057108625877, 0.054911612146730585], [0.17846948525420242, 0.16838099175115853, -0.42084850312031197, 0.4398481112377338, -0.583021208847992, -0.6101848915304638, -0.6879129728264707, -0.11056292955363128, 0.4075780112738583, -0.11697450392169442, -0.09090293371525396, 0.5477932254586645, -0.35886863676871605, -0.09929660634059459], [-0.6744028426590488, -0.49599177995058497, -0.7704267067086991, -0.18756913388356541, -0.33868041291453876, 0.2575705873937459, -0.0554147985382049, 0.2225872055792802, 0.4487022040825094, 0.7253912625289688, 0.1899772751361695, 0.3179524874245179, 0.6137398448347238, -0.03953882926817584]], "inverted": true, "swapped": true, "error_lsq": 0.03732985551916318, "error_max": 0.2402664119095435, "target": "500.xyz", "model": "3.xyz", "model_rescale": 3.9243930471874484, "target_rescale": 4.208268765433674},
{"mapping": [10, 12, 3, 7, 4, 13, 14, 8, 1, 2, 6, 11, 15], "R": [[0.5553024590969283, -0.4584037849621384, -0.6939057204356296], [-0.7747881193825591, -0.5883748309283533, -0.23134050314129911], [-0.3022292986865137, 0.6660938584482052, -0.6818917969539161]], "T": [-0.027223347915834348, 0.0009666265326442325, -0.064057947011086], "aligned_model": [[-0.008146795493925149, -0.3514049708557265, 0.5956410274103363, 0.4041031038497833, 0.6007945948948983, -0.4860012232806682, -0.31677700521885865, 0.27633230395286723, 0.22526739265275492, -0.33171673910748, 0.3277879043961922, -0.6209587680625658, -0.03771493882625573], [-0.443194921256362, -0.0052268011819226745, -0.2929937597508642, -0.5385031770678695, 0.188196119846251, -0.4572303352381134, -0.6348695712470487, 0.15148688304901647, 0.5737528189598584, 0.4842533357836682, 0.027844370033249827, 0.013291498917560478, 0.061023092834163115], [-0.5391247822424552, -0.7236882858730883, -0.4223392227989803, 0.1449311888983524, -0.11846558749579142, -0.2256768507529389, 0.2824045836005743, -0.8295742101282533, 0.1899886181830566, 0.16263455685968045, 0.5571821717041863, 0.40208677293433737, -0.09328863751771609]], "inverted": false, "swapped": true, "error_lsq": 0.04293995753653075, "error_max": 0.2757245619371504, "target": "500.xyz", "model": "4.xyz", "model_rescale": 3.8936222436046832, "target_rescale": 4.208268765433674},
{"mapping": [13, 11, 12, 10, 0, 1, 6, 4, 3, 7, 8, 15], "R": [[0.9974898324302758, 0.012142430414609228, 0.06976098896838437], [0.009134158858642747, -0.9990211886847756, 0.043280846812455046], [0.07021824079372646, -0.04253499667902297, -0.9966243889838088]], "T": [-0.17503322710777175, -0.14970161679563743, -0.046257312991933086], "aligned_model": [[0.01549458606997911, -0.6406074421543997, -0.10726982611912814, 0.3500874490063732, -0.5675385145664105, -0.591432056731271, -0.23076191905728213, 0.008426952771985963, 0.49254468784539013, 0.3988326207189616, 0.11789609951415159, -0.218124595083253], [-0.4970831737414078, -0.7249881852022024, 0.16662908897057915, -0.06346726856479687, 0.537866715168888, 0.10926768679805854, -0.4140930865500414, 0.26704134414181757, 0.2022076494911637, -0.41663498644686225, 0.6017520554354613, -0.09957493439085055], [-0.5843720508003107, -0.19542354926486463, -0.7062476714229464, -0.4206151712318876, -0.04288269016226578, 0.41841694719412276, 0.6168310303529836, 0.42817843387941873, 0.13605507578865847, 0.3003998674939404, -0.27059482344277525, -0.06046067910855509]], "inverted": false, "swapped": true, "error_lsq": 0.04599139247997052, "error_max": 0.23398894522037755, "target": "500.xyz", "model": "5.xyz", "model_rescale": 3.6523030999806103, "target_rescale": 4.208268765433674},
{"mapping": [8, 4, 1, 0, 2, 10, 6, 12, 7, 14, 11, 9, 15], "R": [[-0.8004860865065585, -0.3968145667459946, 0.44917727561354126], [-0.5912931967540395, 0.4003755955790614, -0.7000512395082953], [0.09795091006112888, -0.8259767442748619, -0.5551288473276237]], "T": [0.012293977340010434, -0.02915425608323261, 0.003958825703141499], "aligned_model": [[0.20242494537488676, -0.19011350458039677, 0.21324815696230837, 0.5945585312531859, 0.4750092206719437, -0.17553767803253317, -0.3756224226020246, 0.41063141525109254, -0.7085835074777476, -0.41202081304774124, 0.209304988455008, 0.5648283537537503, 0.0729552186825621], [-0.6855867967343904, -0.02376615129205243, 0.41891513583857404, -0.07779612014466358, 0.37380422648523765, -0.6388046105350437, 0.5451620281696387, -0.6317469679461104, -0.05500062517881891, 0.05362257125165366, 0.42122404111297107, -0.12643888989507376, -0.03276093696873879], [0.48745036137718595, 0.6295975318197042, 0.46788391805128515, 0.5382096639800982, -0.030549504358675417, -0.12401620264290521, 0.18389314639596938, -0.13188511532543443, 0.02431203196323804, -0.6450945091599485, -0.5690251203749412, -0.4942646459649818, 0.033598183721194615]], "inverted": false, "swapped": true, "error_lsq": 0.0578240880762544, "error_max": 0.33876169499782, "target": "500.xyz", "model": "6.xyz", "model_rescale": 4.08911054899281, "target_rescale": 4.208268765433674},
{"mapping": [8, 0, 12, 3, 7, 14, 10, 13, 6, 4, 5, 2, 11, 9, 15], "R": [[-0.3425298090208375, -0.12001186312148604, 0.9318103254645005], [0.007466994627847168, 0.9914287165158542, 0.13043521019630275], [-0.9394772876037909, 0.05163577033254834, -0.3386977609887436]], "T": [-0.037854891348823604, -0.057047417791220696, -0.018947799090884124], "aligned_model": [[0.21130935739786702, 0.17612580603655717, 0.6184073773654565, -0.34100196814806677, -0.5678907830405735, -0.10003299426689513, 0.1843898655445379, 0.3645069193188417, -0.6922405746524625, -0.4729921272191428, -0.24672241154848895, 0.11970420377846094, 0.1426090667535256, 0.6446980410262199, -0.004536238546282316], [-0.7501583080674052, -0.745926057177439, -0.25333392870580157, -0.41579718856777403, 0.16271769516130857, 0.6905237816301487, -0.06270003386403161, 0.3828437093855546, 0.0879044851303249, -0.5436211152952762, 0.22533453417907828, -0.06263141317480798, 0.5217571945426155, 0.16904879101286097, -0.10520333002024274], [-0.4168573383420949, 0.30736567171068957, -0.2854730463770727, -0.6371214503657143, -0.4565685076561459, -0.23210610011510985, -0.6304273239225209, -0.32084684561857074, 0.23297085998750905, -0.09846656328008349, 0.7852974329871573, 0.5750351219325212, 0.4309216621045032, 0.1954983799063458, 0.014848079130667349]], "inverted": false, "swapped": true, "error_lsq": 0.05264877262270371, "error_max": 0.4018076669076358, "target": "500.xyz", "model": "7.xyz", "model_rescale": 3.964800864290218, "target_rescale": 4.208268765433674},
{"mapping": [13, 10, 12, 14, 9, 7, 11, 8, 4, 1, 6, 2, 0, 15], "R": [[-0.03396400470716915, -0.9525042667880002, 0.3026252932834697], [-0.9465391103288812, 0.12784985920189434, 0.296172460096928], [-0.3207961330846461, -0.27638747303868616, -0.9059248344897207]], "T": [-0.012376298011080946, -0.050840322507570423, 0.10108346455050593], "aligned_model": [[-0.2102339774759227, 0.15664036301056702, 0.46492158055096505, -0.6888523878115779, 0.03573153876611898, -0.3750950566492991, -0.516529181999319, 0.7642744742467781, 0.2600482074321249, 0.12506594957102726, -0.4406951551488035, -0.01419160735058855, 0.6593485340777905, 0.0407546082410115], [0.013950860512420393, -0.40821201343624025, 0.08986799595263384, -0.13842771064301462, 0.55474703842308, -0.6741847016428582, 0.5042285630968747, -0.33140121428745095, -0.4456242943264316, 0.13049183128844685, -0.2101984219518755, 0.5129617870691873, 0.22484055366813938, -0.012091807541709403], [-0.5338942563394482, -0.4156860548130659, -0.4398714054546267, -0.2769030766783729, -0.3392967679049599, 0.12605390808003125, 0.013373981885864694, -0.03645451004199851, 0.5509191183517103, 0.7371679968057385, 0.6523026951901285, 0.3456149468141796, 0.41669050558235843, 0.11679795724748196]], "inverted": false, "swapped": true, "error_lsq": 0.04374358082492143, "error_max": 0.265922642148583, "target": "500.xyz", "model": "8.xyz", "model_rescale": 4.121658175737393, "target_rescale": 4.208268765433674},
{"mapping": [10, 3, 7, 14, 8, 12, 1, 2, 6, 0, 13, 11, 15], "R": [[0.3363558717449499, -0.5218200170164196, 0.7839442565537925], [-0.1282387502221237, -0.8500720572405515, -0.5108153486733581], [0.932962780867577, 0.07128371019945763, -0.35284427468224167]], "T": [0.013249165015642432, -0.021580883748383364, -0.019576247135887747], "aligned_model": [[-0.5118056680105347, -0.30539713469471286, 0.19695540592138783, 0.23413497607178518, -0.6837376686702786, -0.6747861700989343, 0.37026473539478527, 0.2655528885497183, 0.66994506038747, -0.21747736047642177, -0.2617153592121, 0.40344604087015945, -0.008642249597126665], [0.19924490775469494, -0.2939335645184582, 0.11278277174098837, 0.6916689172007313, -0.4710192467654521, 0.08284081292959843, -0.5570588901911864, -0.12291913282002177, -0.16847107419466767, -0.659540905328322, 0.5870310985625083, 0.45262125639061895, -0.062859511349323], [-0.3340365553566112, -0.6730490960690805, -0.7043718816528448, -0.2446305870239418, -0.1337342167090657, 0.21695652869583806, 0.18579765753064656, 0.5315545452312279, -0.26425657004243275, 0.38858337994988235, 0.003407010917752352, 0.41956300174774563, 0.029292216739972805]], "inverted": true, "swapped": true, "error_lsq": 0.04494733320221485, "error_max": 0.3030028751473863, "target": "500.xyz", "model": "9.xyz", "model_rescale": 3.833441315466971, "target_rescale": 4.208268765433674},
{"mapping": [7, 3, 13, 9, 12, 10, 8, 2, 5, 11, 6, 1, 4, 14, 15], "R": [[-0.15595598005547762, -0.267415412892059, -0.9508768212721903], [-0.9647910951078851, -0.16516879253009342, 0.20468857509562882], [-0.2117920562378659, 0.9493198970430992, -0.23224094813924628]], "T": [-0.03756332105141019, 0.018368074509787644, 0.03838333902066125], "aligned_model": [[0.10194927365343309, 0.06401285865650937, -0.6686543541616157, -0.5746889628963117, -0.6075108337404018, -0.4913511125277145, -0.14745013285512285, 0.108611194802862, 0.3851676945412895, -0.2033590266169465, 0.5442760210506383, 0.5548982437457277, 0.4645292716230846, -0.37651472249099055, -0.030070394489908895], [-0.6626840941117064, -0.6060722290684366, -0.07753944340861348, 0.5327064020358552, 0.18090930576214068, -0.36721416125006456, -0.07652640217137838, 0.5965571599288411, 0.5309818255176755, 0.4052419267930441, -0.14785461214901144, 0.3337229048290637, -0.21274341144489206, -0.2997261054909175, 0.07134247352337884], [0.2319054707068085, -0.41161088129521217, 0.23603991159432286, 0.1380693186078219, -0.3963400765766567, -0.2237900255625322, -0.7860785808926126, 0.1867145641430792, 0.6117080566517471, 0.6651248790390775, 0.4211726882551838, -0.03853141136903561, -0.3178639352749199, 0.6645568901182406, -0.0029549603232193605]], "inverted": false, "swapped": true, "error_lsq": 0.04697126861604492, "error_max": 0.30291637260007964, "target": "500.xyz", "model": "10.xyz", "model_rescale": 4.2482417240324, "target_rescale": 4.208268765433674},
{"mapping": [6, 4, 0, 8, 11, 9, 2, 12, 3, 13, 7, 15], "R": [[0.07465560007945501, -0.7315801493889251, 0.6776555366828007], [-0.34310854851637695, 0.619217072982257, 0.7062908327751898], [-0.936324230868646, -0.28523797353677205, -0.20478338101729415]], "T": [-0.10054025514625403, 0.07044208806184832, -0.05004364489486114], "aligned_model": [[-0.731717543565898, -0.0659139052701862, 0.37615948738331495, 0.6476356113279655, -0.49548749641217077, 0.15668793014998633, -0.18812198157617285, 0.5695349123670326, 0.1260619395828506, 0.0005080742715550812, -0.4603941537232598, -0.05818727217201052], [-0.25754027970716137, -0.586181076303496, -0.22653413582154186, -0.2881918803027663, 0.6559608526475491, 0.7328788830295998, 0.2453823294406806, 0.36194690229879795, -0.46568809560275976, 0.6273384318683837, -0.19706379441906824, 0.06382325292242208], [0.03203853636917929, -0.04175830151577317, 0.5079747040892166, -0.16154288283242796, 0.21669406238251937, 0.1907806025926329, 0.5325343439367978, -0.129217379837203, -0.5638082630249128, -0.40528716999239955, -0.6154571311460333, 0.0022411688327599946]], "inverted": false, "swapped": true, "error_lsq": 0.041248951045608905, "error_max": 0.28130633248381215, "target": "500.xyz", "model": "11.xyz", "model_rescale": 3.6694154284099745, "target_rescale": 4.208268765433674},
{"mapping": [0, 9, 13, 11, 2, 8, 4, 3, 14, 7, 10, 6, 12, 15], "R": [[-0.5072697675752931, 0.5185874034644711, -0.6882909906951319], [0.10087251651758719, 0.82891840213329, 0.5501990712607597], [0.8558633759634288, 0.20966971067078655, -0.47279646161081984]], "T": [0.13283372573274296, 0.020292186551804627, -0.028088183458106562], "aligned_model": [[-0.029948486056252693, 0.024214885318782603, -0.11768394637006427, 0.6119638631661438, 0.48445421616473594, -0.5837376476153038, 0.10018116371876426, -0.31269490075207995, 0.3232051111344719, 0.18380128732497206, -0.43763294747258186, 0.7260459935553795, -0.4937202938997065, 0.11981655203854878], [-0.592536401915282, 0.42983933119668316, 0.6380025477396025, 0.49905680713845474, -0.06659822394870796, -0.4104047087086664, -0.5606800162317813, -0.26801449690220724, 0.7161245803799814, 0.12042982040687533, 0.24511552865265837, -0.15789180137926986, 0.15675755206714162, -0.018213230359228214], [-0.5021821325496674, -0.6473282408156835, -0.07517396042284355, -0.36152978408209663, -0.5245605867200471, -0.07102047679475265, 0.2782232932914901, 0.53858783561532, 0.26812338164681165, 0.6847381613615264, 0.18952186440740876, 0.33113926428900886, -0.3873256141960287, -0.08211754537803145]], "inverted": false, "swapped": true, "error_lsq": 0.043774690201250056, "error_max": 0.23371646546308436, "target": "500.xyz", "model": "12.xyz", "model_rescale": 3.9764082729961374, "target_rescale": 4.208268765433674},
{"mapping": [3, 7, 8, 6, 4, 2, 0, 5, 14, 10, 13, 1, 11, 12, 9, 15], "R": [[-0.9828174548724482, -0.18203005093011126, -0.0305763136500282], [-0.17530668963362017, 0.8686967173390191, 0.4632856331186133], [-0.05777036409566227, 0.460685439147792, -0.8856813824335822]], "T": [0.039174847616451625, 0.0204130602197255, 0.019009711110666086], "aligned_model": [[-0.3926893673358781, -0.327934770615404, -0.6268242180128346, 0.6929277198271355, 0.30287565381009895, -0.6405537554941341, -0.07053913367735187, 0.6911903809360926, 0.22458128794037147, -0.39172179527558293, 0.38084168454939415, -0.33727920259732225, -0.26096725003379434, 0.20862222837769184, 0.15693413091303732, 0.04088212317734376], [-0.701111085266966, -0.22280050654406686, -0.1405730091662513, -0.37480478956325003, -0.23178688156344257, 0.28936622513547877, 0.3032410458527366, 0.34049716365368743, -0.6827696198537991, 0.22944627187217695, -0.0903767098856187, 0.5046738718660657, -0.4071068143681379, 0.47767784388803386, 0.565405344690227, -0.07288964068019071], [-0.01759158172058954, -0.5950842459241561, 0.19273813910424525, 0.027306637555705546, -0.599634609930605, -0.3001967034571668, -0.6405955544487424, -0.3996140064131972, 0.3506218488651476, 0.6645947934421133, 0.5144589472258732, 0.18361953050874757, 0.617078416862688, 0.4306042175344018, -0.2059687047045422, -0.03465933013295838]], "inverted": true, "swapped": false, "error_lsq": 0.04864013617183797, "error_max": 0.36816090059191636, "target": "500.xyz", "model": "13.xyz", "model_rescale": 4.170626492500431, "target_rescale": 4.208268765433674},
{"mapping": [10, 8, 7, 4, 14, 5, 6, 12, 13, 0, 9, 1, 11, 15], "R": [[0.049371006553924776, 0.3318180209235849, 0.9420505850017863], [-0.3468603777612095, 0.8901922512984872, -0.29537371932431994], [-0.9366164540788314, -0.3121771239512699, 0.15904421155864223]], "T": [-0.03723203021001444, 0.014356825409752213, 0.04244104817482276], "aligned_model": [[0.35568267783476915, -0.0074866991795193225, -0.2206196447674447, -0.5868542019059623, 0.3240280474739288, -0.36116475551945043, -0.5967327870671882, 0.5056828223575255, 0.5972234974058467, -0.2867224109066895, 0.5507472749983636, -0.6031685566398918, 0.21599132590566636, -0.04342356789831026], [-0.33744906635932775, -0.8222156540303004, 0.13230961191774446, -0.31803871588763044, 0.5591814359051259, 0.6864550422608214, 0.42747104549506737, -0.44933916023613696, 0.13611810551660958, -0.46764898345292344, 0.12611019840355608, 0.03594489662390395, 0.6661633195335702, -0.018987607764414258], [-0.33858721854829743, 0.05134230794340153, -0.6454562980183457, -0.09844998598866651, -0.38279133071075244, 0.5045310583377686, -0.127824132366457, 0.21700840739026006, -0.12838822007673034, 0.6188497140059127, 0.49496362781813985, 0.4107141218970534, 0.3270298351722123, 0.10093121426536711]], "inverted": false, "swapped": true, "error_lsq": 0.041705807341700034, "error_max": 0.32193289755252574, "target": "500.xyz", "model": "14.xyz", "model_rescale": 3.9786697098870705, "target_rescale": 4.208268765433674},
{"mapping": [0, 2, 12, 8, 9, 13, 6, 14, 10, 4, 11, 15], "R": [[-0.723439947283693, 0.33463284225940987, -0.6038671240890304], [0.165672947635999, -0.7649740078319679, -0.622388336782668], [-0.6702142322390409, -0.5503050319803419, 0.49797314654642555]], "T": [-0.008170159128852078, -0.07444079110739935, 0.07533768290356992], "aligned_model": [[-0.05579144626963823, -0.4862998017345733, 0.5136982130482264, 0.6106085102499008, -0.015125931674071696, 0.2979233051454273, -0.5034946504476472, -0.02318868786008796, 0.6233634512209748, 0.029491933493223182, -0.4929474572424194, -0.014882841161978496], [-0.5404828073202285, -0.0025689714995128093, 0.12276340419082604, -0.5135216994343159, 0.483668450453441, 0.5183162406942791, -0.3134307375953259, 0.5217509929394071, 0.05149222835713002, -0.71822238499294, 0.5020967242797217, -0.09718694984804305], [-0.5629091753088671, -0.3040015404009103, -0.40321030280321735, -0.27841144397129414, -0.4261110747263043, 0.11391432253400853, 0.5338484693008783, 0.5778265647827262, 0.1682788843722383, 0.20397841189453286, 0.02474108090233202, 0.012022297297707235]], "inverted": true, "swapped": true, "error_lsq": 0.04757779351263624, "error_max": 0.23053944707198265, "target": "500.xyz", "model": "15.xyz", "model_rescale": 3.769337070930944, "target_rescale": 4.208268765433674},
{"mapping": [4, 8, 6, 1, 7, 10, 14, 12, 11, 2, 15], "R": [[0.5006797453411457, 0.6998470200150532, 0.5094447381033352], [-0.2666468221566184, 0.6845959705866602, -0.678400935502219], [-0.8235406880287718, 0.2038197871467809, 0.5293753200976965]], "T": [-0.000854368330076646, 0.04064662612797634, 0.020193907078575372], "aligned_model": [[-0.4197534222954589, -0.23434838432144178, -0.1864202544951342, -0.6347403334016394, 0.3164036527779433, 0.4145852962040693, 0.6860286494972884, 0.15476448435218867, 0.2079591385716094, -0.33100257601242894, -0.050850120185825055], [-0.015506782043764072, -0.7274710835458875, 0.6634717749951582, 0.2742341124880008, 0.27446693330631, -0.41642737538702845, 0.4092289421855957, -0.6210767508268574, 0.5006720284653667, 0.24548395731798062, 0.008988740670467316], [-0.4835838101136535, -0.21706809805849037, -0.2803869028470634, 0.021044257818677962, -0.5843075800257338, -0.18431803779066233, 0.04264545696500481, 0.2997457130597645, 0.5812091475924664, 0.4963405112293944, 0.052896949394072176]], "inverted": false, "swapped": true, "error_lsq": 0.04362696957973358, "error_max": 0.2606604492656713, "target": "500.xyz", "model": "16.xyz", "model_rescale": 3.7852294659196426, "target_rescale": 4.208268765433674},
{"mapping": [4, 0, 12, 8, 1, 2, 11, 9, 10, 7, 6, 13, 15], "R": [[0.8541010391810028, 0.24480356707488393, 0.45889282890163413], [-0.06868907662182677, 0.9276681469584213, -0.36703354052670745], [-0.5155513801967486, 0.28196280369251225, 0.8091376593084058]], "T": [0.022379847252687612, 0.14950621896268054, -0.03393409069755206], "aligned_model": [[-0.09876042453233942, -0.4762602467419252, 0.2830024468853525, 0.2106811336910042, -0.5925989702657212, -0.5241255405614581, -0.2049498796295176, -0.0383404132325154, 0.6220841059147845, 0.44790306537436386, -0.24009764585604565, 0.486148579711897, -0.020920360541596694], [-0.10625992366204665, -0.4654516276533889, -0.36669017320318364, -0.6557185044420945, 0.08912787172191344, 0.21754359134989432, 0.6827758106024914, 0.10391265906103223, -0.09570722765477443, 0.46520318739387334, 0.6167086092148454, 0.2883844213590947, 0.10122692961521838], [-0.6275082864309288, -0.03130665295679102, 0.419785439873543, -0.16421571197790702, -0.3069373192191489, 0.23878286326392006, 0.4497076046277049, 0.7125372363324723, 0.0257070114377526, -0.5238443384780973, -0.5088258463842792, 0.42668904423952575, -0.014816347184591839]], "inverted": false, "swapped": true, "error_lsq": 0.04517088894348104, "error_max": 0.30569268691122276, "target": "500.xyz", "model": "17.xyz", "model_rescale": 3.901054581598922, "target_rescale": 4.208268765433674},
{"mapping": [9, 11, 0, 12, 5, 1, 14, 13, 2, 4, 6, 7, 10, 8, 15], "R": [[0.7320453082715577, 0.5253795089766679, 0.4336888725630803], [0.45638538332811346, -0.8508364323574258, 0.26036464287175953], [0.5057885413115359, 0.007330547095767526, -0.8626263470108165]], "T": [0.07258115516208105, 0.07041950206469394, 0.04238253237322092], "aligned_model": [[0.09285547062654123, 0.06300147520492998, -0.5731460882823105, 0.23265444749359038, -0.4311084097711628, -0.5634044828597804, 0.6748583145831232, 0.6091222081882254, -0.3960854171468776, -0.1861365702347472, -0.10545131336724084, 0.5061927121480806, 0.5831289244245786, 0.012375363379666243, 0.020229576702418664], [-0.10354290171104458, -0.6145235947418543, 0.48306586806080476, 0.5017868236339476, -0.6476663193352921, 0.01285119192584297, -0.4244111687954303, -0.03907689073167467, -0.22854988037092933, 0.42530595267070914, -0.3110170198142773, 0.038847721103358365, 0.4598143671261272, 0.899310028596141, 0.09656317221067764], [-0.6872140678250505, -0.27499064768157094, -0.15656797299588351, -0.5308042104168729, 0.07110841608188428, 0.2627989825142322, 0.06625943330633574, -0.3406011528264518, -0.21961119330642848, 0.5318131778620003, 0.6216107321282331, 0.6183433610870971, -0.06271032032502855, -0.05828170239927428, 0.008513569648754181]], "inverted": false, "swapped": true, "error_lsq": 0.04633139211834506, "error_max": 0.3232568977060866, "target": "500.xyz", "model": "18.xyz", "model_rescale": 3.9405287249114394, "target_rescale": 4.208268765433674},
{"mapping": [11, 14, 10, 7, 13, 3, 12, 4, 9, 2, 8, 1, 5, 6, 0, 15], "R": [[0.7914639453347332, -0.5206597905623159, 0.3201534096753994], [0.41946333508666245, 0.843668976655781, 0.3350718853418796], [-0.4445619571591265, -0.13090469938162175, 0.8861312690152934]], "T": [0.02165000301941639, 0.0017665822295997412, -0.08874530393458432], "aligned_model": [[-0.2757485638559544, -0.488027657791198, -0.729590157102817, 0.6664995088974769, 0.10104974633431457, -0.6679318878435506, -0.028835613818272928, 0.6230412011309637, 0.3214771314061484, -0.5359062435662357, 0.4827890180639371, -0.21440180860686348, -0.00245967968468316, 0.01896899848929665, 0.38935986976599085, -0.00993814532968906], [-0.646099711838974, -0.30662822799581874, -0.19858077851299766, -0.2784971191420584, -0.5280481777280812, 0.40395460543362827, 0.24601552419020145, 0.2961242969411098, -0.641802306226936, 0.08843423623295049, 0.10119932217446015, 0.604004328538204, -0.26789523200961013, 0.36503126469253505, 0.5498937278208059, -0.0010170425027359558], [0.016309726074188596, -0.5835788973504255, 0.027026859427438155, -0.053433529642966646, -0.49411161514517354, -0.38564630537960476, -0.5765287795188208, -0.3825942298129228, 0.20268672218938208, 0.5722728748289968, 0.502639591515734, 0.0420547844771712, 0.6973614775525067, 0.5641827459162643, 0.10366141143471916, -0.06462504219952274]], "inverted": true, "swapped": false, "error_lsq": 0.03895876976593022, "error_max": 0.27176241799990747, "target": "500.xyz", "model": "19.xyz", "model_rescale": 4.410303926677745, "target_rescale": 4.208268765433674},
{"mapping": [13, 10, 12, 14, 9, 7, 11, 8, 4, 1, 6, 2, 0, 15], "R": [[-0.03396400470716915, -0.9525042667880002, 0.3026252932834697], [-0.9465391103288812, 0.12784985920189434, 0.296172460096928], [-0.3207961330846461, -0.27638747303868616, -0.9059248344897207]], "T": [-0.012376298011080946, -0.050840322507570423, 0.10108346455050593], "aligned_model": [[-0.2102339774759227, 0.15664036301056702, 0.46492158055096505, -0.6888523878115779, 0.03573153876611898, -0.3750950566492991, -0.516529181999319, 0.7642744742467781, 0.2600482074321249, 0.12506594957102726, -0.4406951551488035, -0.01419160735058855, 0.6593485340777905, 0.0407546082410115], [0.013950860512420393, -0.40821201343624025, 0.08986799595263384, -0.13842771064301462, 0.55474703842308, -0.6741847016428582, 0.5042285630968747, -0.33140121428745095, -0.4456242943264316, 0.13049183128844685, -0.2101984219518755, 0.5129617870691873, 0.22484055366813938, -0.012091807541709403], [-0.5338942563394482, -0.4156860548130659, -0.4398714054546267, -0.2769030766783729, -0.3392967679049599, 0.12605390808003125, 0.013373981885864694, -0.03645451004199851, 0.5509191183517103, 0.7371679968057385, 0.6523026951901285, 0.3456149468141796, 0.41669050558235843, 0.11679795724748196]], "inverted": false, "swapped": true, "error_lsq": 0.04374358082492143, "error_max": 0.265922642148583, "target": "500.xyz", "model": "20.xyz", "model_rescale": 4.121658175737393, "target_rescale": 4.208268765433674},
{"mapping": [8, 4, 1, 0, 2, 10, 6, 12, 7, 14, 11, 9, 15], "R": [[-0.8004860865065585, -0.3968145667459946, 0.44917727561354126], [-0.5912931967540395, 0.4003755955790614, -0.7000512395082953], [0.09795091006112888, -0.8259767442748619, -0.5551288473276237]], "T": [0.012293977340010434, -0.02915425608323261, 0.003958825703141499], "aligned_model": [[0.20242494537488676, -0.19011350458039677, 0.21324815696230837, 0.5945585312531859, 0.4750092206719437, -0.17553767803253317, -0.3756224226020246, 0.41063141525109254, -0.7085835074777476, -0.41202081304774124, 0.209304988455008, 0.5648283537537503, 0.0729552186825621], [-0.6855867967343904, -0.02376615129205243, 0.41891513583857404, -0.07779612014466358, 0.37380422648523765, -0.6388046105350437, 0.5451620281696387, -0.6317469679461104, -0.05500062517881891, 0.05362257125165366, 0.42122404111297107, -0.12643888989507376, -0.03276093696873879], [0.48745036137718595, 0.6295975318197042, 0.46788391805128515, 0.5382096639800982, -0.030549504358675417, -0.12401620264290521, 0.18389314639596938, -0.13188511532543443, 0.02431203196323804, -0.6450945091599485, -0.5690251203749412, -0.4942646459649818, 0.033598183721194615]], "inverted": false, "swapped": true, "error_lsq": 0.0578240880762544, "error_max": 0.33876169499782, "target": "500.xyz", "model": "21.xyz", "model_rescale": 4.08911054899281, "target_rescale": 4.208268765433674},
{"mapping": [15, 2, 14, 8, 1, 3, 4, 0, 11, 9, 6, 12, 5, 10, 7, 16], "R": [[0.6077085011767989, 0.0762790554254979, 0.7904883827741193], [-0.7911355684971848, 0.1449378559166093, 0.5942201024712412], [-0.06924514319491992, -0.986496083938345, 0.14842704106134103]], "T": [-0.02518190431764229, -0.01211190361310311, 0.006024669327009155], "aligned_model": [[-0.44596374636346753, -0.2204496111903296, -0.6654368377984045, 0.5183495565586221, 0.35154813605879626, -0.6705396451404829, -0.0627011028809733, 0.5235430716364505, 0.0615641323690158, -0.40737801481807934, 0.6745708080745781, -0.45320003970223366, 0.09623234977384383, 0.12815713658330152, 0.2347103245108057, -0.012660801182579819], [-0.590958879792976, -0.3067819725691683, 0.027021735489059277, -0.400973475367009, -0.5782041877220077, 0.3203312791929144, 0.2195953073307782, 0.2642852922199833, -0.7372323215821052, -0.015256302959365427, 0.19126319744860434, 0.52709003394507, -0.19627788842993976, 0.3986121308043853, 0.6421580015839136, 0.021416760474546617], [-0.13320836362894198, -0.6234941171181315, 0.0251234753428318, 0.1907467500614704, -0.4033802449282664, -0.4707076873054327, -0.6506306923380973, -0.46576436093870294, 0.23530296054112324, 0.6072433129447927, 0.16270535837080705, 0.272541558753354, 0.6761519131307666, 0.6834671505033355, 0.10693605895921121, -0.025355277983154744]], "inverted": true, "swapped": false, "error_lsq": 0.04899389588146128, "error_max": 0.3987865482326541, "target": "500.xyz", "model": "22.xyz", "model_rescale": 4.204369325754507, "target_rescale": 4.208268765433674},
{"mapping": [11, 14, 10, 7, 13, 3, 12, 4, 9, 2, 8, 1, 5, 6, 0, 15], "R": [[0.7914639453347332, -0.5206597905623159, 0.3201534096753994], [0.41946333508666245, 0.843668976655781, 0.3350718853418796], [-0.4445619571591265, -0.13090469938162175, 0.8861312690152934]], "T": [0.02165000301941639, 0.0017665822295997412, -0.08874530393458432], "aligned_model": [[-0.2757485638559544, -0.488027657791198, -0.729590157102817, 0.6664995088974769, 0.10104974633431457, -0.6679318878435506, -0.028835613818272928, 0.6230412011309637, 0.3214771314061484, -0.5359062435662357, 0.4827890180639371, -0.21440180860686348, -0.00245967968468316, 0.01896899848929665, 0.38935986976599085, -0.00993814532968906], [-0.646099711838974, -0.30662822799581874, -0.19858077851299766, -0.2784971191420584, -0.5280481777280812, 0.40395460543362827, 0.24601552419020145, 0.2961242969411098, -0.641802306226936, 0.08843423623295049, 0.10119932217446015, 0.604004328538204, -0.26789523200961013, 0.36503126469253505, 0.5498937278208059, -0.0010170425027359558], [0.016309726074188596, -0.5835788973504255, 0.027026859427438155, -0.053433529642966646, -0.49411161514517354, -0.38564630537960476, -0.5765287795188208, -0.3825942298129228, 0.20268672218938208, 0.5722728748289968, 0.502639591515734, 0.0420547844771712, 0.6973614775525067, 0.5641827459162643, 0.10366141143471916, -0.06462504219952274]], "inverted": true, "swapped": false, "error_lsq": 0.03895876976593022, "error_max": 0.27176241799990747, "target": "500.xyz", "model": "23.xyz", "model_rescale": 4.410303926677745, "target_rescale": 4.208268765433674},
{"mapping": [15, 5, 4, 13, 6, 2, 0, 7, 14, 10, 11, 3, 9, 10, 1, 16], "R": [[-0.5588761029190419, -0.8130617721145905, 0.16305844446671944], [-0.3006476964443328, 0.3819215919584864, 0.8739261182838123], [-0.7728314591220655, 0.4393932775109073, -0.4578919997875941]], "T": [0.03289175388798718, -0.08271296997872216, 0.009256464602501121], "aligned_model": [[-0.2109106851008192, -0.3845812623872774, -0.6393237715857482, 0.5730911188183548, 0.14919891362552162, -0.5914001541963531, -0.02462634213749608, 0.5582363506667668, 0.3924679702484829, -0.20438521817653948, 0.4644374371371536, -0.4412665617322795, -0.04956070192708037, -0.20438521817653948, 0.2729547412694264, -0.009600899856710143], [-0.7407076487120499, -0.31663739399027047, 0.06564641720176914, -0.381052786209618, -0.7073340250515707, 0.35901422742683353, 0.3860040728141747, 0.25631614656333657, -0.6141821492212238, 0.19826737050697676, 0.00560303802921458, 0.6792889587597717, -0.35770491728390774, 0.19826737050697676, 0.7261225504788198, 0.02917747824745033], [0.13932400219925645, -0.39890732355224245, 0.008865902636372755, -0.327440170381099, -0.4081393570264013, -0.48877028944895207, -0.580134588528824, -0.21658243694980114, 0.22465248628769155, 0.5464097323613832, 0.4638882855404057, -0.052208460037722115, 0.5660338034694403, 0.5464097323613832, 0.16574995490166183, -0.0014734794655885432]], "inverted": true, "swapped": false, "error_lsq": 0.04756059116204105, "error_max": 0.39414943954082415, "target": "500.xyz", "model": "24.xyz", "model_rescale": 4.28219845311461, "target_rescale": 4.208268765433674},
{"mapping": [5, 1, 8, 7, 3, 0, 4, 13, 9, 10, 12, 6, 11, 14, 2, 15], "R": [[0.9516840513910075, -0.03400786882943714, 0.30518999194875], [0.1081560856030604, 0.9672853916220402, -0.22948035275731113], [-0.28740168314577025, 0.25140094672112173, 0.9242282383224948]], "T": [0.040689889153230255, -0.029653525441630225, -0.0029524787516575536], "aligned_model": [[-0.44480259195287386, -0.42022280190172445, -0.6304795697719054, 0.6802101091398054, 0.01544690175991359, -0.35814888356010705, 0.1767039933344406, 0.5913374389061081, 0.3589994810526599, -0.4380629780832128, 0.5220496846811973, -0.6240761805084387, 0.024268218375012265, 0.04864245151065397, 0.13887706319975063, 0.009603380307583995], [-0.7075667715088818, -0.2749129378225681, -0.12510530810730042, -0.26187582365945433, -0.5324313676745717, 0.47520196666584014, 0.13582380964946464, 0.19009363149626146, -0.6185458838505808, 0.09674070273178767, -0.055268045704102715, 0.5669729094036049, -0.22072815713606111, 0.4556168468125349, 0.6450282170848719, 0.017044921685838543], [0.1702853996414434, -0.37347199336554154, 0.14660209831273824, -0.3806199226609512, -0.5916990947137987, -0.5045526556906706, -0.7020704860012523, 0.03466294236615053, 0.09063426064678559, 0.6171483275897056, 0.590391050608882, 0.11671416167692303, 0.5066531384664849, 0.5840688560044859, -0.065752554723589, -0.05131573379083154]], "inverted": false, "swapped": false, "error_lsq": 0.05518020503424446, "error_max": 0.3583491355627084, "target": "500.xyz", "model": "25.xyz", "model_rescale": 4.100010024507729, "target_rescale": 4.208268765433674},
{"mapping": [6, 4, 0, 8, 11, 9, 2, 12, 3, 13, 7, 15], "R": [[0.07465560007945501, -0.7315801493889251, 0.6776555366828007], [-0.34310854851637695, 0.619217072982257, 0.7062908327751898], [-0.936324230868646, -0.28523797353677205, -0.20478338101729415]], "T": [-0.10054025514625403, 0.07044208806184832, -0.05004364489486114], "aligned_model": [[-0.731717543565898, -0.0659139052701862, 0.37615948738331495, 0.6476356113279655, -0.49548749641217077, 0.15668793014998633, -0.18812198157617285, 0.5695349123670326, 0.1260619395828506, 0.0005080742715550812, -0.4603941537232598, -0.05818727217201052], [-0.25754027970716137, -0.586181076303496, -0.22653413582154186, -0.2881918803027663, 0.6559608526475491, 0.7328788830295998, 0.2453823294406806, 0.36194690229879795, -0.46568809560275976, 0.6273384318683837, -0.19706379441906824, 0.06382325292242208], [0.03203853636917929, -0.04175830151577317, 0.5079747040892166, -0.16154288283242796, 0.21669406238251937, 0.1907806025926329, 0.5325343439367978, -0.129217379837203, -0.5638082630249128, -0.40528716999239955, -0.6154571311460333, 0.0022411688327599946]], "inverted": false, "swapped": true, "error_lsq": 0.041248951045608905, "error_max": 0.28130633248381215, "target": "500.xyz", "model": "26.xyz", "model_rescale": 3.6694154284099745, "target_rescale": 4.208268765433674},
