[{"mapping": [2, 5, 1, 10, 8, 0, 4, 3, 7, 6, 9, 11], "R": [[0.1162618443147162, 0.5498080320534513, -0.8271603903996199], [0.7261662369067727, -0.6152323005496341, -0.30687426209615787], [-0.6776177240400352, -0.5649781803308122, -0.4707800716012593]], "T": [0.01108880371868165, 0.09707854056192644, -0.012022331132683209], "aligned_model": [[-0.3484451338654063, 0.38899488920578756, 0.3336128989930256, 0.2779530770120475, -0.15979745299019393, -0.1796187227536245, -0.7687170714386016, -0.37967939851952404, 0.9321590425064654, 0.5455762961579937, 0.16846484361119574, 0.012304683294646013], [-0.6074979173738525, 0.1996337490057965, -0.4802935624285807, 0.7114749910892636, -0.2546104885634514, -0.06123217354991714, 0.22445698000089886, 0.5906075899105239, 0.16577275567245126, -0.18207227238854795, 0.3628533162473775, 0.08730087622266042], [-0.16386964995779607, -0.7437024199028747, -0.2659912705224044, -0.12631059467657269, 0.4881938268951111, -0.5789083436128943, -0.17943199925197606, 0.26683570507125265, -0.22062249866803318, 0.3899135238367162, 0.511382841850029, -0.08083493757240282]], "inverted": true, "swapped": false, "error_lsq": 0.07020656981061481, "error_max": 0.4170993301565119, "target": "501.xyz", "model": "0.xyz", "model_rescale": 3.751011558992144, "target_rescale": 3.6971572716480803},
{"mapping": [8, 10, 4, 9, 1, 5, 2, 3, 11, 6, 12, 14], "R": [[-0.6260303267920861, 0.35840408412493185, -0.692555082588499], [-0.31192292626542195, -0.9290674554872653, -0.19884101997433679], [-0.714695822015639, 0.0915432992467898, 0.6934188534763117]], "T": [0.015242046847640106, 0.05485191278387855, -0.01002406669674187], "aligned_model": [[-0.3803070247679785, 0.5664584137153335, 0.2065546100377537, 0.2278110391227423, 0.010018246319246166, -0.2569213821979369, -0.7945563951876792, -0.3968707020487908, 0.748826463590296, 0.6251570755149384, 0.22486931315221892, 0.04176829396366787], [-0.38772890112906355, -0.1105509505718415, -0.6628798163007179, 0.49527742904459715, -0.4787363717194565, 0.20871122154600572, 0.19743559873273894, 0.5298699332867227, 0.3631880677109399, -0.18642149969528188, 0.6854205526411636, 0.10280858029881544], [-0.30680918633728693, -0.5941954095575245, -0.28174936574096504, -0.45164540844091167, 0.43824126096608734, -0.5507092135178967, -0.09739956535920795, 0.42348124112239177, 0.04925247169584836, 0.35537508971521575, 0.32226301359289833, -0.00945074465049392]], "inverted": true, "swapped": false, "error_lsq": 0.05171938905029161, "error_max": 0.2649488626758994, "target": "501.xyz", "model": "1.xyz", "model_rescale": 3.9405287249114394, "target_rescale": 3.6971572716480803},
{"mapping": [8, 5, 2, 11, 4, 9, 10, 3, 0, 1, 6, 12], "R": [[-0.32501891350761125, 0.926799379205226, -0.1881638024890554], [-0.07329567652091906, 0.17368122225975324, 0.9820705559366392], [0.94286290077915, 0.33298309827852607, 0.011480705342475805]], "T": [0.09509628760334829, 0.07669087694223406, 0.059349305337558965], "aligned_model": [[-0.5428069312018954, 0.444527271850402, 0.490922387481321, 0.07439138619829119, -0.18486727670930372, -0.3612030562576847, -0.6630588521977488, -0.35268820398950407, 0.8857491048717432, 0.6301702203545694, 0.27903927472546064, 0.12263262608816039], [-0.3126377213194994, 0.0897676763623795, -0.37428851522560735, 0.6088479192730158, -0.42672347126383015, 0.02672701942676036, 0.33270804581830205, 0.2573728343930776, 0.3392264232723644, -0.34371559509028105, 0.5627370142823656, -0.0036277860844251553], [-0.1460588155418886, -0.5776775896533901, -0.2633098244215854, -0.41393124401213094, 0.4592119299480989, -0.6037311036810032, -0.20737735727087317, 0.3653603474742009, -0.03484834715213613, 0.46454137969437814, 0.21834560483775567, 0.03612920326672856]], "inverted": false, "swapped": false, "error_lsq": 0.06257713169830696, "error_max": 0.3733016496908937, "target": "501.xyz", "model": "2.xyz", "model_rescale": 3.932901565614263, "target_rescale": 3.6971572716480803},
{"mapping": [9, 4, 5, 0, 10, 7, 8, 3, 2, 6, 1, 13], "R": [[0.25750857581185616, -0.7181500569025263, -0.6464903937060846], [-0.1707128651784126, 0.6247173280133562, -0.7619615329807867], [0.9510764696100558, 0.3065758566011867, 0.038272615579837285]], "T": [-0.052347204986801024, 0.09324701749348016, 0.015576246657217997], "aligned_model": [[-0.438410873327787, 0.5724030607890536, 0.18511752889510874, 0.2535439363342705, 0.0526444342503736, -0.2370879702546682, -0.7820707569848575, -0.3285913699161929, 0.7585655774550976, 0.49050902447779976, 0.3151702503864421, -0.01898489089082899], [-0.47220876927335476, 0.14651493270252688, -0.5060878392591309, 0.6557340021004949, -0.21575645292572673, 0.016385159944196856, 0.11542931106427598, 0.5208084208240507, 0.28437165905076345, -0.28979823021881845, 0.5149912445356608, -0.013989594700316355], [-0.2508961470120819, -0.5927625069661696, -0.3025556682749183, -0.18188091566415093, 0.6532588097404577, -0.6697745043086353, -0.06056972528606915, -0.023995028349726576, 0.0060010787611364386, 0.17455962005915304, 0.5012009452308425, 0.04406822555831718]], "inverted": false, "swapped": false, "error_lsq": 0.05011593632848036, "error_max": 0.26730838929901535, "target": "501.xyz", "model": "3.xyz", "model_rescale": 3.9243930471874484, "target_rescale": 3.6971572716480803},
{"mapping": [11, 0, 6, 7, 10, 1, 9, 8, 2, 3, 4, 12], "R": [[0.5735708226040251, -0.7484032144006071, -0.3330302390657355], [0.429369136780866, 0.6209041453126102, -0.655835487537592], [0.6976092429414877, 0.2331751938102682, 0.6774737435164171]], "T": [-0.019584427524316994, 0.001858881946913353, -0.04319938013994048], "aligned_model": [[-0.5783353981214179, 0.6239213833915065, 0.18244759491731427, 0.18931433277158127, -0.1592040645003095, -0.038077533764588584, -0.6955065387490024, -0.3744425492489261, 0.7795042200382009, 0.5882872428795656, 0.2810040354913179, 0.023895226108569298], [-0.5575440360403721, 0.03949100776374675, -0.6896123894858948, 0.7715796960944225, -0.24728398590088857, 0.3578203307910573, 0.116777831405703, 0.40462398756328816, 0.45228966265517506, -0.22095698683761011, 0.35775125338470276, -0.028542527548707772], [-0.07481914597756181, -0.5980024513144486, -0.0938655170358062, -0.12572171122134487, 0.6014415337727409, -0.6621579829082102, -0.20936293327277067, 0.28572667851175754, -0.14211315795086868, 0.14064427980748784, 0.3247061312272598, -0.14982154015008056]], "inverted": false, "swapped": false, "error_lsq": 0.05133858756392213, "error_max": 0.28661463858029146, "target": "501.xyz", "model": "4.xyz", "model_rescale": 3.8936222436046832, "target_rescale": 3.6971572716480803},
{"mapping": [3, 4, 2, 7, 0, 10, 8, 9, 5, 1, 6, 11], "R": [[0.9938634214500651, 0.02517604984308912, -0.10771103015879369], [-0.10370694745562274, -0.12662604250515752, -0.9865144268630432], [-0.03847555786479218, 0.9916309857370234, -0.12323806057063984]], "T": [-0.009250371425411588, 0.10622899726547527, -0.07894315650618175], "aligned_model": [[-0.4382968276842213, 0.5917026113660698, 0.1790861252548221, 0.030461730455643113, -0.14671920712246828, -0.13678065911897458, -0.7044782818370141, -0.291326448429092, 0.7394975595700167, 0.5274313367848456, 0.3120464917012272, 0.16018352027295651], [-0.2761313082128566, -0.08223611623981344, -0.5770358601910041, 0.6757913348257099, -0.5984170731690781, 0.013673349066347346, 0.3440747678377774, 0.19655156218984324, 0.41644871261395433, -0.19001826664953617, 0.7125528391508361, 0.12113990262244234], [-0.07761368764131374, -0.5626383212249443, -0.3131160915505964, -0.3851607588499485, 0.43806220479122193, -0.6910190318617628, -0.15608178714225474, 0.46356109681258695, -0.0965817813402518, 0.4380859237750323, 0.3257151593778159, -0.08655874165742979]], "inverted": true, "swapped": false, "error_lsq": 0.06485081418250223, "error_max": 0.3497086378705209, "target": "501.xyz", "model": "5.xyz", "model_rescale": 3.6523030999806103, "target_rescale": 3.6971572716480803},
{"mapping": [1, 9, 6, 7, 2, 5, 0, 3, 11, 10, 4, 12], "R": [[-0.03628079685102659, -0.43350012896471657, 0.9004228684165173], [-0.710598856272394, 0.6447170917260909, 0.2817607799190953], [-0.7026613474812887, -0.629616954841454, -0.33143554566756184]], "T": [0.1156023217387844, -0.033772466648393104, -0.1443064794122773], "aligned_model": [[-0.4958106294578333, 0.7301516157860728, 0.20767644094969007, 0.10308292413345357, -0.10080788141832012, -0.2912602537055612, -0.796029667966318, -0.27418594885662473, 0.637508151330344, 0.7750374274203907, 0.2784929068510877, 0.048952866147429525], [-0.33304908046628295, 0.0670072547063892, -0.6766150508465972, 0.6183192928911816, -0.29916345820971024, 0.07970306741918716, 0.36086669647467784, 0.45955886613320435, 0.643656101987005, -0.323570466665513, 0.11583250318878198, 0.04384811723229838], [-0.006529204347836048, -0.5115060002865204, -0.11430263657472806, -0.34786890600757275, 0.5331489654523422, -0.6786188205177546, -0.16303551501305205, 0.151210022919069, 0.06371717928047904, 0.15541923227719284, 0.3850484225284782, -0.17002855622194277]], "inverted": true, "swapped": false, "error_lsq": 0.05423483333060142, "error_max": 0.35848814155335473, "target": "501.xyz", "model": "6.xyz", "model_rescale": 4.08911054899281, "target_rescale": 3.6971572716480803},
{"mapping": [12, 1, 11, 6, 8, 7, 5, 4, 0, 9, 3, 14], "R": [[-0.1215056409695954, 0.9925832205254053, 0.0038638768073811502], [-0.05982080922066879, -0.011208410036874616, 0.9981462028824386], [0.9907864805278443, 0.12104925392525195, 0.06073901651646782]], "T": [0.004260890964071756, -0.012150982463219828, -0.14468934760764066], "aligned_model": [[-0.45361744703386897, 0.6679083868624164, 0.08679175260772597, 0.09926740127653946, 0.005168576864196887, -0.3514591263067025, -0.7393786258962676, -0.3316780101237674, 0.7467880589153953, 0.6229637243245609, 0.3359062446624602, 0.13414701506112256], [-0.4595268791467486, -0.16383477060552842, -0.5932258617698372, 0.4755035095205814, -0.14055894650822745, 0.41623435091964445, 0.14852174580656377, 0.36864188729430974, 0.5640369257294835, -0.2561877005735722, 0.4958407469831226, -0.09905116380516933], [-0.45806476570875676, -0.41765470888641376, -0.1531571969398444, -0.19274999574874718, 0.525131183699893, -0.6824980868382181, -0.10363118231261453, 0.34417805238951105, -0.10839771757270666, 0.27029281118165205, 0.3636483339094376, -0.09044254368503762]], "inverted": true, "swapped": false, "error_lsq": 0.05083048973233375, "error_max": 0.32029136932865354, "target": "501.xyz", "model": "7.xyz", "model_rescale": 3.964800864290218, "target_rescale": 3.6971572716480803},
{"mapping": [1, 10, 8, 6, 7, 3, 0, 2, 11, 9, 4, 13], "R": [[0.060956856648835045, -0.3664173891884202, -0.9284516996203062], [0.3805795464681672, -0.8513796970752833, 0.3609872853967059], [-0.9227369454170443, -0.3753543769670743, 0.08755353364703228]], "T": [0.043635366104165185, 0.056119907267276004, -0.06756752672820505], "aligned_model": [[-0.5340861078005816, 0.6217945700277961, 0.28254601162707216, 0.1269740413094463, -0.13662077772399683, -0.1944343059708835, -0.5958770941487886, -0.3974921320115525, 0.7523674572834477, 0.6634580209004236, 0.1512866914993801, 0.08289157622204826], [-0.4169900534900943, -0.12927478622077831, -0.6746146098061093, 0.6082687636600121, -0.3790322375437766, 0.30958916529041824, 0.31733928679747814, 0.2761768062973214, 0.4709108276027933, -0.23066436616684122, 0.6133273125169312, -0.008642265092732346], [0.006761167555235148, -0.6211872116673295, -0.07008753082239785, -0.22470481949399235, 0.4662896624528104, -0.7039941620740895, -0.2571661065272467, 0.3746883034759199, 0.04548396522805245, 0.0186379481605619, 0.3483946045883875, -0.08646163738775642]], "inverted": true, "swapped": false, "error_lsq": 0.053427320220724654, "error_max": 0.28178827675745066, "target": "501.xyz", "model": "8.xyz", "model_rescale": 4.121658175737393, "target_rescale": 3.6971572716480803},
{"mapping": [11, 5, 7, 0, 8, 10, 3, 2, 4, 9, 1, 12], "R": [[-0.5975363329929616, -0.7384551518604625, 0.3124649091403159], [-0.5562133466968315, 0.10103985419197192, -0.824874330320186], [0.577561290002745, -0.6666895353578053, -0.4711135953618392]], "T": [0.06880811728040177, -0.01081800457696569, -0.01662537339031451], "aligned_model": [[-0.40402899537798537, 0.3964304249641761, 0.18631394122616565, 0.14580803355669858, -0.2436098060709998, -0.21127683493636457, -0.6506528091859763, -0.3682158029639258, 0.8147329328816078, 0.8250803950803367, 0.23687238695162693, 0.09535408508845121], [-0.3954996512636386, 0.01576761700111995, -0.6637561865362741, 0.7219363957092741, -0.3773331652341914, 0.07823105773431974, 0.2483146913877734, 0.37647527320174373, 0.47039687249892015, -0.32727715659176104, 0.5495425291389301, 0.05959556679840608], [-0.19404343940618968, -0.5397646803717739, -0.13940575533997793, -0.2922451202824308, 0.5298314098089658, -0.7166993085132967, -0.21133082436744788, 0.3593539624522138, -0.004122202997502315, 0.12861809108338162, 0.3476302912561598, 0.02883176016605319]], "inverted": false, "swapped": false, "error_lsq": 0.04357463112892856, "error_max": 0.2187400639535832, "target": "501.xyz", "model": "9.xyz", "model_rescale": 3.833441315466971, "target_rescale": 3.6971572716480803},
{"mapping": [7, 1, 11, 5, 8, 4, 3, 2, 0, 10, 13, 14], "R": [[-0.562061832599132, 0.826644054913095, 0.02731488261262451], [0.8185133477042378, 0.5606715861007308, -0.12523287176014342], [-0.11883768747879205, -0.04803102139375072, -0.9917512919167619]], "T": [0.10500726312192661, -0.03255480923252188, -0.16948401155960066], "aligned_model": [[-0.3890584846171478, 0.6313241646973238, 0.10320026623699395, 0.13009780059595033, 0.00720943871597321, -0.3214012460113224, -0.7447338957450961, -0.26225943948387526, 0.7024998587159123, 0.6356750842336947, 0.31305191597704124, 0.01720248789836347], [-0.47955929584046886, 0.23707777669290156, -0.6999229596651203, 0.6401786219548082, -0.3249413270542827, 0.3486695956413983, 0.1419048278985339, 0.4327761104779535, 0.2720957633753448, -0.35402758215137775, 0.5694901129873657, -0.02734780047243443], [-0.16953544317579977, -0.6120873561437418, -0.02822691406003744, -0.23456393902726907, 0.5464105841137202, -0.7251424647100267, -0.21221161021739782, 0.23700406851913844, -0.05110500783120561, 0.36977572495724753, 0.310042708720197, -0.13370616765667034]], "inverted": true, "swapped": false, "error_lsq": 0.0557141665086052, "error_max": 0.27817060767315427, "target": "501.xyz", "model": "10.xyz", "model_rescale": 4.2482417240324, "target_rescale": 3.6971572716480803},
{"mapping": [7, 6, 5, 1, 9, 2, 3, 8, 0, 4, 10, 11], "R": [[0.9003350989236407, -0.20079061081548832, -0.38610858609269677], [0.2865094616784204, 0.9412862684130243, 0.1785846837380679], [0.327580582475366, -0.271409822050395, 0.9050014754019315]], "T": [0.06216547992678442, 0.10587136299397473, -0.10983426945871176], "aligned_model": [[-0.45636341484298515, 0.5327630577725013, 0.19800248880682828, 0.05770995592767586, -0.01798607108189576, -0.1647006958297544, -0.7102309260153304, -0.3034086883944831, 0.6173555322199358, 0.7477333434017106, 0.21681364538874145, 0.10511972386086674], [-0.3096364299356047, -0.07301914693470815, -0.6267003626751808, 0.7678102076819406, -0.3279850311453768, 0.08507054029611144, 0.2970720325729276, 0.4658291793742665, 0.5961708726139198, -0.3913725518028761, 0.25643280768342397, 0.01672172611577874], [0.020692762220488034, -0.5185129247934094, -0.20508732237654864, -0.35674248713737844, 0.5863375917036083, -0.8140049522177804, -0.26768775371550374, 0.22727658298860987, 0.04894190203758507, 0.11058527141771092, 0.49713983116401617, -0.03228431780324294]], "inverted": true, "swapped": false, "error_lsq": 0.054171211905578304, "error_max": 0.2982535949829407, "target": "501.xyz", "model": "11.xyz", "model_rescale": 3.6694154284099745, "target_rescale": 3.6971572716480803},
{"mapping": [0, 11, 6, 8, 12, 4, 1, 2, 9, 7, 10, 13], "R": [[0.036691138051615106, -0.22359067133704297, 0.9739922854312183], [0.2926261638656076, 0.9343302459112486, 0.2034623301663589], [-0.9555227305563044, 0.2775503616759962, 0.0997101204680239]], "T": [0.07863732726050338, -0.016631690770063143, -0.0369384561197101], "aligned_model": [[-0.41417375563390224, 0.5087827018586657, 0.2580516115845788, 0.20989976113964787, -0.22410356558676953, -0.2683666234687278, -0.7427371672794565, -0.24388642016468182, 0.7738383924937595, 0.6892507746517935, 0.3030167008853828, -0.026764459266479065], [-0.5129375039911398, 0.11349901140147269, -0.46088764392371095, 0.6956683151196386, -0.1148185330666067, -0.011069027578422111, 0.18740719085762597, 0.5121138656381607, 0.384959639897869, -0.24276400265199877, 0.27232394230294127, -0.06710141016120788], [-0.18375684994305713, -0.6226598967134653, -0.33744136146622045, -0.25602000799650304, 0.56345790967905, -0.6905713536293243, -0.05056081292421324, 0.16975005908539292, -0.02663559627428594, 0.32108488649554345, 0.4823758284089637, -0.07236862123372596]], "inverted": false, "swapped": false, "error_lsq": 0.04964380169624086, "error_max": 0.2486316134240206, "target": "501.xyz", "model": "12.xyz", "model_rescale": 3.9764082729961374, "target_rescale": 3.6971572716480803},
{"mapping": [9, 10, 2, 13, 7, 12, 5, 6, 11, 8, 14, 15], "R": [[-0.7439186367463055, -0.08944218628451572, 0.6622576214843923], [0.627422694384975, 0.2476776951315236, 0.738238797344758], [-0.2300561333071059, 0.9647050609626666, -0.12813399580439633]], "T": [-0.011332588417843847, 0.019339749317277402, -0.0336533043242975], "aligned_model": [[-0.4244668838503089, 0.6043715362040687, 0.19958277116232298, 0.06977806471599574, -0.016047931574724228, -0.05825859882967792, -0.8453390562788283, -0.3397761335656908, 0.7103645800771134, 0.632432447967928, 0.3005805272294429, -0.010413372043830152], [-0.2733729079168468, 0.002851889962418988, -0.7499282885262921, 0.5880586687234726, -0.47682423058420015, 0.1678864665522578, 0.08125532118687152, 0.6482152228611194, 0.3496125601397229, -0.2643474000985427, 0.6516681179086279, 0.03131842363601299], [-0.3579039492736654, -0.550164175822395, -0.034607742165594965, -0.24450965078925607, 0.536287718510723, -0.6524790934554611, -0.09216466527945118, 0.24971797531595544, -0.008798402047022133, 0.03520173058311636, 0.34274951465674175, 0.07332492325446414]], "inverted": false, "swapped": false, "error_lsq": 0.053603983306100576, "error_max": 0.2687439654588923, "target": "501.xyz", "model": "13.xyz", "model_rescale": 4.170626492500431, "target_rescale": 3.6971572716480803},
{"mapping": [6, 1, 2, 10, 4, 11, 5, 12, 7, 0, 8, 13], "R": [[-0.4961647742811294, 0.8263138937122566, 0.26650678381730863], [-0.5025051454819321, -0.022983869329016082, -0.8642686622311662], [-0.7080318464071645, -0.5627406958882185, 0.4266307697113575]], "T": [0.13023686752749652, 0.0017121086088702497, -0.13248026045322137], "aligned_model": [[-0.5605255549551382, 0.7573340924912014, 0.1890192040426602, 0.15954364060905601, -0.08069315456522541, -0.3331611755684444, -0.7714224556932477, -0.3195950326135457, 0.7996005869983088, 0.6656372104059904, 0.2792492114969318, 0.037821378565264185], [-0.43266606992502044, 0.006863757578549977, -0.6327477561003658, 0.5639099610638388, -0.1536253294911613, 0.19285371766228515, 0.11530035016823639, 0.4676840088887593, 0.42784688803280546, -0.21823992598331407, 0.41129532528943846, 0.00791891666057027], [-0.33656882144963973, -0.5769316085792675, 0.031646167105842116, -0.16993680489336893, 0.5266418349869963, -0.6308644396508256, -0.09603846323097287, 0.20844138883180352, 0.03422655917429704, 0.011831838319654342, 0.4688459428368541, -0.17463940996321825]], "inverted": true, "swapped": false, "error_lsq": 0.04424815440589145, "error_max": 0.26338737109859117, "target": "501.xyz", "model": "14.xyz", "model_rescale": 3.9786697098870705, "target_rescale": 3.6971572716480803},
{"mapping": [2, 1, 4, 9, 5, 0, 3, 8, 6, 10, 7, 11], "R": [[-0.9263706195271977, 0.2527089432107395, 0.2792412313719224], [0.006908933604341208, -0.7299257814860767, 0.6834914923818669], [0.3765497867656375, 0.635095696366502, 0.6744358490942644]], "T": [0.11348470404284142, 0.08301463969460011, -0.05544515050166558], "aligned_model": [[-0.6223828792687994, 0.6533046259740252, 0.11706813405179667, -0.07608673287222759, -0.15888284549224344, -0.1262055823656914, -0.6918654999529146, -0.2961928470799039, 0.63040351381237, 0.7954062518165179, 0.44511200555479746, 0.1531298070360839], [-0.3678480048533942, -0.00621452448256056, -0.5287368210774749, 0.6511506341426642, -0.31804758080275586, -0.013390891669202917, 0.4445522041486961, 0.14873062131154946, 0.672919684478964, -0.3510767090986899, 0.25493337217168355, 0.16942185957514264], [-0.1506774551535407, -0.45707271384710896, -0.08117527610864782, -0.2248512606857142, 0.5845740687253286, -0.7012470754001608, -0.31205939545944744, 0.26089934508532237, -0.16572966005911743, 0.14170629403187768, 0.48984677838236595, -0.08755946602300255]], "inverted": false, "swapped": false, "error_lsq": 0.06442308096930256, "error_max": 0.3117518392014738, "target": "501.xyz", "model": "15.xyz", "model_rescale": 3.769337070930944, "target_rescale": 3.6971572716480803},
{"mapping": [9, 4, 1, 2, 8, 10, 3, 7, 5, 0, 11], "R": [[0.0016434008280059031, 0.9988090168832375, -0.048763172850617875], [0.3615708714604076, -0.04605763418371611, -0.931206314006064], [-0.9323431793846513, -0.01610099767529044, -0.3612159378111387]], "T": [-0.055668291429528664, -0.04669197162000296, 0.09964365983980486], "aligned_model": [[-0.30114312090966616, -0.3936951871613271, -0.05689944976299133, -0.6212420786893653, 0.4544256817766501, 0.3999850002876856, 0.5335444690245226, 0.31924276895373566, 0.10841343253203545, -0.43206874210039375, -0.08793664325971498], [0.0257574260600923, -0.6386555979743347, 0.7240975469180794, 0.2552331635145738, 0.23598453103324382, -0.3220648539905739, 0.21537718613162646, -0.38793189328029654, 0.4480597233075143, 0.026985852723847938, 0.013221413181569226], [-0.635582166237032, -0.046475840896238074, -0.24889598180974473, 0.022585063857751553, -0.6904643996780873, -0.29923459182773915, 0.02979066096807767, 0.36863507883830926, 0.5198553931027026, 0.6816855273457214, 0.04231886356005596]], "inverted": false, "swapped": true, "error_lsq": 0.03484902047434474, "error_max": 0.2047357411339317, "target": "501.xyz", "model": "16.xyz", "model_rescale": 3.7852294659196426, "target_rescale": 3.6971572716480803},
{"mapping": [10, 8, 9, 2, 4, 11, 6, 5, 3, 0, 1, 12], "R": [[0.41875142712615093, -0.775796946911057, -0.47200247821732316], [-0.13585353817776613, -0.5674383437098864, 0.8121314808898638], [-0.8978814278313114, -0.27595800994220754, -0.34301037637999]], "T": [0.09316381682988104, 0.13535540547012018, -0.061428271161687975], "aligned_model": [[-0.43026180126538327, 0.48980888668594924, 0.1958225690294181, 0.2547101115555954, 0.004067622842262003, -0.14005091608420783, -0.7885624203896281, -0.32671323911619177, 0.826414536214997, 0.4990137891312044, 0.1814014263690364, 0.05715738624075935], [-0.47720898691629166, -0.04945899341809665, -0.6064584631915649, 0.6655543788250241, -0.1088796602736454, 0.17890644123257735, 0.0901871457531693, 0.3173580778595281, 0.3507051967468746, -0.34629122285918956, 0.6757365989020239, 0.06624333118421268], [-0.05467825034716109, -0.5438412040054617, -0.49320963987722194, -0.3200377534783026, 0.5975085892184651, -0.755435670307476, -0.15037717118216395, 0.41057522002620056, 0.15871536622268956, 0.2013444084318045, 0.356251563514343, -0.11016127472756077]], "inverted": false, "swapped": false, "error_lsq": 0.05854466869764128, "error_max": 0.2694850948402634, "target": "501.xyz", "model": "17.xyz", "model_rescale": 3.901054581598922, "target_rescale": 3.6971572716480803},
{"mapping": [8, 10, 4, 9, 1, 5, 2, 3, 11, 6, 12, 14], "R": [[-0.6260303267920861, 0.35840408412493185, -0.692555082588499], [-0.31192292626542195, -0.9290674554872653, -0.19884101997433679], [-0.714695822015639, 0.0915432992467898, 0.6934188534763117]], "T": [0.015242046847640106, 0.05485191278387855, -0.01002406669674187], "aligned_model": [[-0.3803070247679785, 0.5664584137153335, 0.2065546100377537, 0.2278110391227423, 0.010018246319246166, -0.2569213821979369, -0.7945563951876792, -0.3968707020487908, 0.748826463590296, 0.6251570755149384, 0.22486931315221892, 0.04176829396366787], [-0.38772890112906355, -0.1105509505718415, -0.6628798163007179, 0.49527742904459715, -0.4787363717194565, 0.20871122154600572, 0.19743559873273894, 0.5298699332867227, 0.3631880677109399, -0.18642149969528188, 0.6854205526411636, 0.10280858029881544], [-0.30680918633728693, -0.5941954095575245, -0.28174936574096504, -0.45164540844091167, 0.43824126096608734, -0.5507092135178967, -0.09739956535920795, 0.42348124112239177, 0.04925247169584836, 0.35537508971521575, 0.32226301359289833, -0.00945074465049392]], "inverted": true, "swapped": false, "error_lsq": 0.05171938905029161, "error_max": 0.2649488626758994, "target": "501.xyz", "model": "18.xyz", "model_rescale": 3.9405287249114394, "target_rescale": 3.6971572716480803},
{"mapping": [8, 13, 9, 12, 2, 4, 0, 1, 14, 11, 3, 15], "R": [[0.46615743282266175, 0.33472325261223856, 0.8189368669103065], [-0.36696447208495897, -0.7691225261293564, 0.5232471844432658], [0.8050057913155613, -0.5444362992684095, -0.2357006406171308]], "T": [0.05690972044434186, 0.04350151528920868, -0.10139765896072775], "aligned_model": [[-0.5092614424563048, 0.6116335123107106, 0.26578784085068163, 0.12773555098574124, -0.06731175296758743, -0.2998240798037958, -0.6147778773394922, -0.35041489037948753, 0.7566389320730723, 0.6303272924896975, 0.2102879846538072, 0.061986880796768264], [-0.45231039993392036, -0.01608829298901506, -0.6555540678911556, 0.5656316206800907, -0.22825764649823707, 0.2750733211507157, 0.14542026443489894, 0.3917547643288151, 0.3514236243723018, -0.3569151215663058, 0.7032413994626648, 0.03297437829376895], [-0.17816298028786776, -0.47564412168112413, -0.33951752246734657, -0.2514073819190088, 0.7147158543087198, -0.6961921807131062, -0.20686138500865098, 0.2837331758603917, 0.022303461516981288, 0.07201516322593884, 0.4149810665623628, -0.0633089659091352]], "inverted": false, "swapped": false, "error_lsq": 0.04648415386379801, "error_max": 0.259593730898676, "target": "501.xyz", "model": "19.xyz", "model_rescale": 4.410303926677745, "target_rescale": 3.6971572716480803},
{"mapping": [1, 10, 8, 6, 7, 3, 0, 2, 11, 9, 4, 13], "R": [[0.060956856648835045, -0.3664173891884202, -0.9284516996203062], [0.3805795464681672, -0.8513796970752833, 0.3609872853967059], [-0.9227369454170443, -0.3753543769670743, 0.08755353364703228]], "T": [0.043635366104165185, 0.056119907267276004, -0.06756752672820505], "aligned_model": [[-0.5340861078005816, 0.6217945700277961, 0.28254601162707216, 0.1269740413094463, -0.13662077772399683, -0.1944343059708835, -0.5958770941487886, -0.3974921320115525, 0.7523674572834477, 0.6634580209004236, 0.1512866914993801, 0.08289157622204826], [-0.4169900534900943, -0.12927478622077831, -0.6746146098061093, 0.6082687636600121, -0.3790322375437766, 0.30958916529041824, 0.31733928679747814, 0.2761768062973214, 0.4709108276027933, -0.23066436616684122, 0.6133273125169312, -0.008642265092732346], [0.006761167555235148, -0.6211872116673295, -0.07008753082239785, -0.22470481949399235, 0.4662896624528104, -0.7039941620740895, -0.2571661065272467, 0.3746883034759199, 0.04548396522805245, 0.0186379481605619, 0.3483946045883875, -0.08646163738775642]], "inverted": true, "swapped": false, "error_lsq": 0.053427320220724654, "error_max": 0.28178827675745066, "target": "501.xyz", "model": "20.xyz", "model_rescale": 4.121658175737393, "target_rescale": 3.6971572716480803},
{"mapping": [1, 9, 6, 7, 2, 5, 0, 3, 11, 10, 4, 12], "R": [[-0.03628079685102659, -0.43350012896471657, 0.9004228684165173], [-0.710598856272394, 0.6447170917260909, 0.2817607799190953], [-0.7026613474812887, -0.629616954841454, -0.33143554566756184]], "T": [0.1156023217387844, -0.033772466648393104, -0.1443064794122773], "aligned_model": [[-0.4958106294578333, 0.7301516157860728, 0.20767644094969007, 0.10308292413345357, -0.10080788141832012, -0.2912602537055612, -0.796029667966318, -0.27418594885662473, 0.637508151330344, 0.7750374274203907, 0.2784929068510877, 0.048952866147429525], [-0.33304908046628295, 0.0670072547063892, -0.6766150508465972, 0.6183192928911816, -0.29916345820971024, 0.07970306741918716, 0.36086669647467784, 0.45955886613320435, 0.643656101987005, -0.323570466665513, 0.11583250318878198, 0.04384811723229838], [-0.006529204347836048, -0.5115060002865204, -0.11430263657472806, -0.34786890600757275, 0.5331489654523422, -0.6786188205177546, -0.16303551501305205, 0.151210022919069, 0.06371717928047904, 0.15541923227719284, 0.3850484225284782, -0.17002855622194277]], "inverted": true, "swapped": false, "error_lsq": 0.05423483333060142, "error_max": 0.35848814155335473, "target": "501.xyz", "model": "21.xyz", "model_rescale": 4.08911054899281, "target_rescale": 3.6971572716480803},
{"mapping": [2, 5, 1, 12, 0, 14, 3, 13, 10, 6, 7, 16], "R": [[-0.3720248135907986, 0.7501471428219673, -0.5466962613634475], [0.9236592800590879, 0.35750603748735277, -0.13799625908269794], [0.09192971463819045, -0.5562991077434251, -0.8258814868311374]], "T": [0.1023893633898367, -0.04903925131149904, -0.18482977480773347], "aligned_model": [[-0.49265010751296257, 0.7227811446488456, 0.04743245417250041, 0.014970418691414675, 0.03531102833002378, -0.2702847344853635, -0.6906696732469109, -0.24706386735989236, 0.7012733194539493, 0.6316764357610157, 0.2876979504863048, 0.08233358227488663], [-0.4548045573090764, 0.04553193707330387, -0.8393937751355363, 0.6829873263152304, -0.3080646897864399, 0.29609004877896244, 0.3049855156295664, 0.3792503193149114, 0.4860875072823005, -0.16133050725505765, 0.36830189133118696, -0.04324717239472974], [-0.23519220018282713, -0.5071640454367313, -0.13668576099296842, -0.2230988718704709, 0.5421404566101304, -0.5770317239857525, -0.18320124921821548, 0.17735864195826376, -0.10664557806166305, 0.3278202007220946, 0.36040713353160625, -0.14205281958531127]], "inverted": false, "swapped": false, "error_lsq": 0.04821258725715436, "error_max": 0.3067262562074843, "target": "501.xyz", "model": "22.xyz", "model_rescale": 4.204369325754507, "target_rescale": 3.6971572716480803},
{"mapping": [8, 13, 9, 12, 2, 4, 0, 1, 14, 11, 3, 15], "R": [[0.46615743282266175, 0.33472325261223856, 0.8189368669103065], [-0.36696447208495897, -0.7691225261293564, 0.5232471844432658], [0.8050057913155613, -0.5444362992684095, -0.2357006406171308]], "T": [0.05690972044434186, 0.04350151528920868, -0.10139765896072775], "aligned_model": [[-0.5092614424563048, 0.6116335123107106, 0.26578784085068163, 0.12773555098574124, -0.06731175296758743, -0.2998240798037958, -0.6147778773394922, -0.35041489037948753, 0.7566389320730723, 0.6303272924896975, 0.2102879846538072, 0.061986880796768264], [-0.45231039993392036, -0.01608829298901506, -0.6555540678911556, 0.5656316206800907, -0.22825764649823707, 0.2750733211507157, 0.14542026443489894, 0.3917547643288151, 0.3514236243723018, -0.3569151215663058, 0.7032413994626648, 0.03297437829376895], [-0.17816298028786776, -0.47564412168112413, -0.33951752246734657, -0.2514073819190088, 0.7147158543087198, -0.6961921807131062, -0.20686138500865098, 0.2837331758603917, 0.022303461516981288, 0.07201516322593884, 0.4149810665623628, -0.0633089659091352]], "inverted": false, "swapped": false, "error_lsq": 0.04648415386379801, "error_max": 0.259593730898676, "target": "501.xyz", "model": "23.xyz", "model_rescale": 4.410303926677745, "target_rescale": 3.6971572716480803},
{"mapping": [11, 3, 1, 4, 13, 10, 9, 15, 2, 0, 5, 16], "R": [[-0.5515682513520019, -0.1796316770890249, -0.8145581162119002], [-0.6466800202269039, -0.5247153170677928, 0.5536052632280306], [-0.5268561620972334, 0.8321095460458499, 0.17325209331937053]], "T": [-0.06383903799735681, 0.008440888135933432, 0.07177944773397985], "aligned_model": [[-0.47577413434521265, 0.6012299483637176, 0.24340142808465554, 0.24374022516886473, -0.17834999713138666, -0.20177717974326137, -0.6074106500195016, -0.48357996524968216, 0.7671065026534037, 0.6672953376655946, 0.22060307475454283, 0.026323361012076343], [-0.419940216261756, 0.06175597120173478, -0.591358162887582, 0.5279696521729191, -0.3181698649213211, 0.07413425231250603, 0.203503529924754, 0.5349409228100758, 0.35352333862730057, -0.155739522713799, 0.4933075164469449, -0.0075335728671549335], [-0.14621273653568942, -0.5316206930784012, -0.4594264859333085, -0.2589307474512862, 0.6836612010611359, -0.5610249432356673, -0.17091470549266327, 0.30827354557203224, -0.08100000773653884, 0.16597673274436087, 0.3539125203636869, -0.006039496789506493]], "inverted": false, "swapped": false, "error_lsq": 0.04366158755709213, "error_max": 0.2425047479013165, "target": "501.xyz", "model": "24.xyz", "model_rescale": 4.28219845311461, "target_rescale": 3.6971572716480803},
{"mapping": [7, 2, 13, 0, 11, 4, 3, 1, 6, 14, 8, 15], "R": [[-0.2690699442166023, 0.9327974873037193, 0.23977116757263045], [-0.7062893869135778, -0.021850984421293962, -0.7075859215763572], [-0.6547951336506076, -0.3597379353914293, 0.6647044085815852]], "T": [0.01171047134509888, -0.05387816594041378, 0.05477537343861081], "aligned_model": [[-0.5169984360785379, 0.5091334256717274, 0.09338582973573123, 0.2427849406163895, 0.13075010171808565, -0.25503185468188944, -0.7082845675057536, -0.28768104217841844, 0.7063492594439079, 0.7201721214946368, 0.15743829122499936, 0.030789881752932395], [-0.4640328456563508, -0.06858568429215958, -0.5454255412154654, 0.5617479376999865, -0.28432001535687257, 0.15528875941492065, 0.20466422400240009, 0.5083492959203064, 0.5200820814311662, -0.29742539805531404, 0.4672388780178807, -0.0011878480658761292], [-0.34244753082075663, -0.41547362209547983, -0.2686852433742769, -0.4280944456672602, 0.53352707493614, -0.5931029344779453, -0.06691407348527753, 0.11913686508090396, 0.07038701866882521, 0.1922943208283923, 0.4896851180271222, 0.0063416358677681126]], "inverted": false, "swapped": false, "error_lsq": 0.0432549580740682, "error_max": 0.227711745059102, "target": "501.xyz", "model": "25.xyz", "model_rescale": 4.100010024507729, "target_rescale": 3.6971572716480803},
{"mapping": [7, 6, 5, 1, 9, 2, 3, 8, 0, 4, 10, 11], "R": [[0.9003350989236407, -0.20079061081548832, -0.38610858609269677], [0.2865094616784204, 0.9412862684130243, 0.1785846837380679], [0.327580582475366, -0.271409822050395, 0.9050014754019315]], "T": [0.06216547992678442, 0.10587136299397473, -0.10983426945871176], "aligned_model": [[-0.45636341484298515, 0.5327630577725013, 0.19800248880682828, 0.05770995592767586, -0.01798607108189576, -0.1647006958297544, -0.7102309260153304, -0.3034086883944831, 0.6173555322199358, 0.7477333434017106, 0.21681364538874145, 0.10511972386086674], [-0.3096364299356047, -0.07301914693470815, -0.6267003626751808, 0.7678102076819406, -0.3279850311453768, 0.08507054029611144, 0.2970720325729276, 0.4658291793742665, 0.5961708726139198, -0.3913725518028761, 0.25643280768342397, 0.01672172611577874], [0.020692762220488034, -0.5185129247934094, -0.20508732237654864, -0.35674248713737844, 0.5863375917036083, -0.8140049522177804, -0.26768775371550374, 0.22727658298860987, 0.04894190203758507, 0.11058527141771092, 0.49713983116401617, -0.03228431780324294]], "inverted": true, "swapped": false, "error_lsq": 0.054171211905578304, "error_max": 0.2982535949829407, "target": "501.xyz", "model": "26.xyz", "model_rescale": 3.6694154284099745, "target_rescale": 3.6971572716480803},
{"mapping": [10, 7, 8, 6, 4, 9, 11, 2, 1, 5, 0, 13], "R": [[0.07733442510757471, 0.17660207500866112, -0.9812395700316596], [0.3002501236915478, -0.942622564600506, -0.14598823215990883], [-0.9507203847170267, -0.28332738626648923, -0.12592196899234237]], "T": [0.06400192374074791, 0.05555068647549004, -0.15432648349992872], "aligned_model": [[-0.42218342210065735, 0.5291820185715508, 0.10496110630829213, 0.16814103212293924, -0.12962255045380938, -0.22426684477820596, -0.7537378005521348, -0.31079508844468917, 0.7606913878310273, 0.7828707203474364, 0.28396925271570606, 0.0335981396463558], [-0.28463255973460094, -0.06636512136824073, -0.5815977430061856, 0.7337632526855189, -0.37136047762814045, -0.1456246125618994, 0.2924061048852057, 0.4437286632407262, 0.5660373823046219, -0.1218023832923595, 0.20433777648078683, 0.08750356183918914], [-0.055382618709460374, -0.560371480870244, -0.18118568308744695, -0.1736446859152891, 0.5207934992035094, -0.7385294889904307, -0.2609882073213199, 0.2591643921123391, 0.029177679130796774, 0.12451404732427163, 0.450991713124392, -0.11788498251296264]], "inverted": false, "swapped": false, "error_lsq": 0.05206467432838835, "error_max": 0.3040427558488239, "target": "501.xyz", "model": "27.xyz", "model_rescale": 4.103607728864725, "target_rescale": 3.6971572716480803},
{"mapping": [5, 1, 0, 8, 10, 7, 6, 11, 4, 2, 13, 14], "R": [[0.5981810407891901, -0.16124570728237578, -0.7849708684552363], [0.8012405793795796, 0.1373252554024172, 0.582370421797104], [0.01389159443106297, -0.9773134584725964, 0.21134196812866007]], "T": [-0.009609363864181777, -0.03407084382796366, 0.15418368090960954], "aligned_model": [[-0.34884924150081476, 0.4473757522675532, 0.2381782280484171, 0.17305424364829453, -0.27888154255189385, -0.18490571580283444, -0.6263027602631008, -0.40267861470112964, 0.7453111434908619, 0.7140041253774612, 0.25261799855291855, 0.09388433464807831], [-0.2740211434120779, -0.1981108057917923, -0.6020582614178566, 0.6277728648663153, -0.2270001458442723, 0.2560129700181486, -0.013629540923078942, 0.5245546128627941, 0.42137095846003214, -0.1644852119112573, 0.49857435636820047, -0.0925868094305334], [-0.4478799116887512, -0.5988875817128858, -0.20033478650128134, -0.2940092335356663, 0.5415414670892926, -0.482372534600755, 0.010870489523101157, 0.22831462345596015, -0.05623751440584093, 0.12779586142691615, 0.4137957647220933, 0.054057539715971506]], "inverted": false, "swapped": false, "error_lsq": 0.05452483456349457, "error_max": 0.36912799405269964, "target": "501.xyz", "model": "28.xyz", "model_rescale": 4.137296879288765, "target_rescale": 3.6971572716480803},
{"mapping": [4, 0, 6, 5, 3, 7, 10, 2, 1, 9, 11], "R": [[0.098687575513081, -0.21079379529437675, -0.972536240098405], [-0.6014765996617686, -0.791217227790014, 0.11045903542762658], [-0.792771507118329, 0.574056856342364, -0.20487084513823822]], "T": [0.07718564616757381, -0.031243511021051995, 0.009508605238936287], "aligned_model": [[0.6234555237869825, -0.20711072062853778, 0.08444237160904841, -0.47697719787689974, -0.057683156713274814, 0.39214856197451775, 0.5181002313719832, -0.2818744518611773, -0.5644996122737158, 0.1614111554539999, 0.030006305866971845], [-0.39061539332571343, -0.620776648061669, -0.3227863010424812, 0.01569526057026771, 0.5498279028576929, 0.027013119931624655, 0.46642595116259594, -0.3549724758380629, 0.37258752865120354, 0.18610004971522534, -0.009351177972731689], [0.25132485091833284, -0.23029279749388432, -0.8275868477828906, -0.36329194002045184, -0.24524182157198812, -0.4666887251228451, 0.031267309589787295, 0.4375809433060939, 0.3846864296589945, 0.7522950231645716, 0.08170159713727833]], "inverted": true, "swapped": true, "error_lsq": 0.05867159063152847, "error_max": 0.364788429982162, "target": "501.xyz", "model": "29.xyz", "model_rescale": 3.607286011436655, "target_rescale": 3.6971572716480803},
