[{"mapping": [6, 9, 10, 0, 4, 13, 1, 11, 2, 3, 5, 14], "R": [[-0.9423430262568314, -0.29288311400100975, -0.16189225552258002], [-0.01615120524689731, 0.5230086452315815, -0.8521743340315399], [0.3342585218572436, -0.8004257857828528, -0.4975839647935948]], "T": [-0.031381645597663994, -0.0647798644206689, 0.05060377233063473], "aligned_model": [[-0.2250016328587244, 0.08881400248567772, 0.29326809464655057, -0.05061730852279644, 0.06463928454906562, -0.5220548126331113, 0.3997107394283791, -0.18868623606526413, 0.5147236750349147, 0.14968094761234085, -0.6199657989542351, -0.06686849226224843], [-0.3483543199572772, -0.7332072237118631, -0.3065546755009228, 0.7465392647373804, 0.35609610817603, -0.7279616289416238, -0.3550411882446157, -0.6353629580814711, 0.38223822096941595, 0.392639758502672, 0.34616024179194377, -0.06363656376261136], [-0.4242759627953727, -0.018182471856435067, -0.61227476923541, -0.023620578309365314, -0.640645374706809, 0.03702672149314157, 0.6343226520954176, 0.5492843690146305, -0.13084086245134724, 0.47391787801569546, 0.25034652787800904, 0.08689361621140745]], "inverted": false, "swapped": true, "error_lsq": 0.047615049416421966, "error_max": 0.2700048875512864, "target": "502.xyz", "model": "0.xyz", "model_rescale": 3.751011558992144, "target_rescale": 4.214860285539528},
{"mapping": [9, 8, 10, 5, 11, 13, 7, 12, 4, 1, 6, 0, 2, 0, 14], "R": [[0.032986296763934275, 0.8155829314115444, -0.5776992177733618], [0.7693453346615984, 0.3482422579040074, 0.5355698701797479], [0.6379809246836734, -0.4621166647071615, -0.6159777008461379]], "T": [-0.0184553296335937, 0.006125953883046983, -0.010256091280826867], "aligned_model": [[-0.027930998601032434, -0.14554539122868776, -0.7009346581030952, 0.07589244413639143, -0.2891308551620285, 0.5349825294197259, 0.11266163038055044, 0.3687193493064429, -0.71072405386126, -0.20679025833250436, -0.45804379611295065, 0.41868877824509204, 0.5881145521710056, 0.41868877824509204, -0.004750944204224245], [0.39116996764315576, -0.6217691579238513, 0.2108068140588218, -0.16811064819871685, 0.7552580502959193, 0.16089665472333672, 0.27023108535989054, 0.6298776626759437, -0.3753704749072242, -0.28947201543671586, 0.34189148545099435, -0.3334019296222306, -0.5004678895626273, -0.3334019296222306, 0.057645502702773035], [-0.5448970366819611, -0.18350186165525956, -0.4161889180125218, -0.6025618831445136, 0.037355366695550354, -0.4543898150943448, 0.5836579143811821, 0.1037819630818813, 0.018000911148253407, 0.5921037219552862, 0.49743400436745516, 0.5085216682355772, -0.253512660069015, 0.5085216682355772, -0.022973730715196726]], "inverted": false, "swapped": false, "error_lsq": 0.04741807219338805, "error_max": 0.41247044567828756, "target": "502.xyz", "model": "1.xyz", "model_rescale": 3.9405287249114394, "target_rescale": 4.214860285539528},
{"mapping": [13, 11, 12, 8, 1, 5, 6, 9, 3, 0, 2, 7, 14], "R": [[-0.7149200894376154, -0.5966008085370795, 0.3646323367056392], [0.5706512220954227, -0.19650675126793676, 0.7973344840323425], [-0.4040376819549292, 0.7781083291926799, 0.4809376046863704]], "T": [-0.030464112538473462, -0.08584552032942584, 0.08877996366003636], "aligned_model": [[-0.013234803804158271, 0.22259603616415652, -0.40346505761207085, 0.6367552087041546, 0.5206010750963439, -0.734853767721373, -0.037115054138659107, 0.46903892943095166, -0.1429280875522624, -0.5457764183850224, 0.11704463620858725, -0.5355763668058058, -0.0571030503009106], [0.7386535771967838, 0.4373009533488563, 0.23681375615899725, -0.2949820157254779, -0.14720160350590533, -0.06220540060527603, 0.2796903936811824, 0.37330540229506826, -0.5788102915826382, -0.7126365934173073, -0.7635345558683618, 0.019335574478038603, -0.06689660288194285], [0.06311023342828863, -0.4223662646146116, -0.5014718198104521, 0.31876655271938015, -0.46202181662355124, -0.1530393971879047, 0.5467681673044797, 0.16395188110866443, -0.31809691549946034, 0.1643059355791654, 0.31229078114674974, 0.35098737504133476, 0.04993563699656111]], "inverted": false, "swapped": true, "error_lsq": 0.055747348089242296, "error_max": 0.35474809955721365, "target": "502.xyz", "model": "2.xyz", "model_rescale": 3.932901565614263, "target_rescale": 4.214860285539528},
{"mapping": [12, 13, 11, 5, 1, 8, 9, 3, 0, 2, 6, 7, 10, 14], "R": [[0.15936807975459666, 0.3622032358988361, 0.9183739059118267], [0.6958231089852056, 0.6186933148187486, -0.36475852724885216], [-0.7003085149828575, 0.6971566524842182, -0.1534294161479599]], "T": [0.014418350231772813, -0.07573859618954201, 0.06216185122721092], "aligned_model": [[-0.13379056461611968, 0.6176215816278994, 0.0721517889625902, -0.1306036743806435, -0.3921002323459285, 0.011964246279905215, 0.4116752148223636, -0.6250273272220511, -0.40965524322316554, -0.34718145183594884, 0.5911468847468361, 0.26389748332600366, 0.48677510159184895, 0.0029361043191138084], [0.27748867649498, -0.10624587172584674, -0.34941545031604837, 0.6219799390163829, -0.6393126171034553, -0.7337511877329832, -0.5802041814318851, 0.034130246510001724, 0.4508452299332615, -0.20723567563861134, -0.06331870701534198, 0.4340595322717372, -0.4251564983132954, -0.050366796598407135], [-0.6048467641679623, -0.4999499825957305, -0.6594751544969628, -0.1554563991048265, -0.2955349143428257, 0.39205112695051425, -0.16951709192103942, 0.07795011131782253, 0.5171223502751604, 0.6809772086813914, 0.16533102279610623, 0.17538821329511742, 0.5701448264362678, 0.01971180993406478]], "inverted": false, "swapped": true, "error_lsq": 0.05180724056726867, "error_max": 0.37050312802043545, "target": "502.xyz", "model": "3.xyz", "model_rescale": 3.9243930471874484, "target_rescale": 4.214860285539528},
{"mapping": [12, 3, 11, 13, 9, 5, 7, 1, 8, 2, 10, 4, 14], "R": [[0.0556070401880997, 0.6184351260703984, -0.7838659655348037], [0.9496966681754322, 0.20957207039604456, 0.23271395696519567], [0.3081948986242353, -0.7573754301218163, -0.5756720961708945]], "T": [-0.037472213182127435, -0.06981260396774475, -0.08294508996248631], "aligned_model": [[-0.017644781224001906, -0.43468985515929315, 0.5540182232955715, 0.5659428640746854, 0.6315054694391805, -0.49002942714553777, -0.33454369098572545, 0.3464343113642242, 0.2576437953136772, -0.4377050250967959, 0.17936920346557392, -0.5038415061013627, -0.039253694928843785], [-0.6236692190271114, 0.14340280557469154, -0.3024446199319115, -0.6260786740067432, -0.017552321146079825, -0.6188782627141158, -0.4767349286934959, 0.30870154833112, 0.5785449275970387, 0.5256740259779797, 0.25020570205994125, 0.09285627885145625, -0.10619770919118218], [-0.6163170094678615, -0.5498161002029568, -0.5245484721581918, 0.0019834082797998975, 0.04240002901133419, -0.3041217509040357, 0.20186526345638342, -0.648774417630767, 0.10239940088062724, 0.04428586225810108, 0.5907228978591436, 0.5652990799301705, -0.11830787594078279]], "inverted": true, "swapped": true, "error_lsq": 0.037809693939931686, "error_max": 0.22324864755055815, "target": "502.xyz", "model": "4.xyz", "model_rescale": 3.8936222436046832, "target_rescale": 4.214860285539528},
{"mapping": [10, 2, 4, 6, 0, 3, 1, 12, 13, 9, 7, 14], "R": [[-0.4023298465001182, 0.10804595871222547, -0.9090966755087972], [-0.8386981711040163, -0.4416140779238943, 0.31868853755070464], [-0.3670368815282323, 0.8906756295000917, 0.2682924721505352]], "T": [-0.08543708488101939, -0.03037872173354206, 0.04207466658243501], "aligned_model": [[0.10989058013160649, -0.688065756992068, -0.3255636028496486, 0.3577755018751547, -0.7384023185385397, -0.6561392379748752, -0.1905912060956888, 0.07647645463555794, 0.7159805557705724, 0.43097499551866325, 0.012449868759988353, -0.077237792025626], [-0.48706603964784567, -0.30135716368496834, 0.033016680395159564, -0.04153952094094618, 0.37671325281824164, 0.07228772454050202, -0.49667212192084176, 0.4669878561999546, 0.07011349981983159, -0.4674572937470608, 0.4398094245839804, 0.004086606693800319], [-0.5550386148970596, -0.26515116717418025, -0.7341355272263398, -0.3411380336705143, -0.22631035942308594, 0.3335705660916765, 0.6604055544270118, 0.6060306706251782, 0.21055500552698564, 0.1329292809970687, -0.2808733633985201, 0.07844070739729717]], "inverted": true, "swapped": true, "error_lsq": 0.045184038018698046, "error_max": 0.3137600286027396, "target": "502.xyz", "model": "5.xyz", "model_rescale": 3.6523030999806103, "target_rescale": 4.214860285539528},
{"mapping": [0, 2, 10, 7, 6, 3, 8, 5, 1, 11, 9, 13, 14], "R": [[-0.520576705016005, -0.7318730723589479, -0.4397291213355717], [0.5994449829002582, 0.05345638994031815, -0.7986289043418465], [0.6080013212735553, -0.6793410191725678, 0.41088949000818725]], "T": [0.07822789324283133, -0.08885477146901569, 0.041232161622106064], "aligned_model": [[0.1396726690652527, -0.23134661107656015, 0.2443670579049648, 0.6083957625003796, 0.5280601432504672, -0.3294031830503109, -0.32858138967458206, 0.4089244592130502, -0.6243367499090057, -0.11395371480067876, 0.028559751382973148, 0.4678403065133028, 0.0828844033450412], [-0.623331079710419, -0.05412787084221046, 0.5944817910196473, -0.2831111391039244, 0.2854924096854411, -0.5617424913977656, 0.483305175740557, -0.7524868777349484, -0.015421566697188013, -0.03783862903368662, 0.4706860343147622, 0.16072791416513174, -0.12580676624221346], [0.6533413101786747, 0.6999703600199634, 0.3709432386483436, 0.16827810897741108, 0.010751529279843006, 0.21850403234018906, 0.26248479919853585, -0.0324730190554398, -0.29317851069442774, -0.7067355657589932, -0.3466090922480393, -0.6418968133221375, 0.006729361917866383]], "inverted": true, "swapped": true, "error_lsq": 0.04729171334351396, "error_max": 0.3035466054697126, "target": "502.xyz", "model": "6.xyz", "model_rescale": 4.08911054899281, "target_rescale": 4.214860285539528},
{"mapping": [10, 1, 12, 11, 5, 8, 6, 4, 13, 2, 7, 0, 9, 0, 14], "R": [[-0.7943747855474452, -0.5164663324277354, -0.3197361843068353], [-0.43781426598133727, 0.8516918910951525, -0.2879923456378417], [0.42105506598267367, -0.08878879496539552, -0.902678891577132]], "T": [-0.020609096628404475, 0.07783474651976627, -0.03183574017856236], "aligned_model": [[-0.03880042332607199, -0.021163755057632183, -0.6029540880935129, -0.14799311342443572, -0.2525755453677769, 0.5277045585898231, 0.10691288259706987, 0.36523752808777854, -0.6794746876374829, -0.29942792803537915, -0.5225419357863825, 0.4739926458949707, 0.5333503329334722, 0.4739926458949707, 0.05763798902910609], [0.45263807118512145, -0.6538799660579248, 0.25849629713083805, -0.15654495291875603, 0.8030288110620842, 0.2754609788462785, 0.1079004550392898, 0.6526622899431639, -0.23972481391378933, -0.3479322139542733, 0.3258395934469268, -0.4198773705625404, -0.39902752141819, -0.4198773705625404, -0.04337910962844996], [-0.6470320031343434, 0.018556031042234133, -0.40093956440353984, -0.5546842189113336, -0.0037935399231501243, -0.3860178699968777, 0.4498043375133923, 0.10062243140479413, -0.06260229528517527, 0.5935618117136731, 0.5028099232405828, 0.5945091711172651, -0.31518823394620066, 0.5945091711172651, -0.11276383882063641]], "inverted": false, "swapped": false, "error_lsq": 0.051116378660665415, "error_max": 0.4308480867559078, "target": "502.xyz", "model": "7.xyz", "model_rescale": 3.964800864290218, "target_rescale": 4.214860285539528},
{"mapping": [5, 13, 7, 12, 0, 11, 3, 6, 9, 8, 1, 2, 10, 14], "R": [[-0.286536846404375, 0.6868270990379844, 0.6679559653747411], [-0.4367665232975758, 0.5268820906850309, -0.7291298009558512], [-0.852720141534832, -0.5006633584979409, 0.14901195146154753]], "T": [0.03263965589551496, 0.0375215025858577, 0.05996961254134852], "aligned_model": [[-0.22396274908401695, 0.20138868072535224, 0.29246119222481937, -0.4796354309228864, -0.06064209536230311, -0.3316579330993852, -0.48237019032316675, 0.5628659052547829, 0.23245929036847826, 0.23288492024260654, -0.4954991230793423, 0.09681771068578707, 0.7177665804052532, -0.001688868575106195], [0.14716409022259433, -0.7433429601391517, 0.1364345201018525, -0.30310819383641346, 0.778915405004361, -0.6394923711826282, 0.4322214595351073, -0.19417479798291284, -0.5075064778272373, 0.10832794030133783, -0.1826866591187339, 0.6837497916871378, 0.07664676654997335, 0.01779995286591589], [-0.6309239781115132, -0.14625600037646652, -0.4476357094604652, -0.4017462383457448, -0.2652250839603195, 0.14902925458143676, 0.07368122985208903, -0.032717403412092554, 0.4191217949131824, 0.7647403624861621, 0.592320818786771, 0.39049725288140374, 0.4237425980884075, 0.028186140802170523]], "inverted": false, "swapped": true, "error_lsq": 0.05321708710174426, "error_max": 0.3067740740418874, "target": "502.xyz", "model": "8.xyz", "model_rescale": 4.121658175737393, "target_rescale": 4.214860285539528},
{"mapping": [9, 8, 1, 11, 10, 6, 2, 7, 3, 4, 13, 12, 14], "R": [[-0.27595068202130785, 0.2557373072252186, 0.9265255802109131], [-0.7455166476966634, 0.551484202661392, -0.374259404988115], [-0.6066763132833721, -0.7940173826234052, 0.038473978125128455]], "T": [0.06082266432476869, -0.0422509165033346, 0.02035039741355476], "aligned_model": [[-0.43091977475334925, -0.25725570976935497, 0.2990478149252797, 0.07268131328747332, -0.6105031563655695, -0.47702058932755287, 0.19526938205901506, -5.160641639753022e-05, 0.6732567466889012, -0.19235395602585914, -0.364189588084712, 0.47845587740650325, 0.09032074281081967], [0.26477203524869103, -0.38790484582446205, 0.17261597850608823, 0.6573370301671246, -0.4221545490629725, 0.010353454871782873, -0.7391938268520302, -0.06492426629261153, -0.22099081318454541, -0.7093710156291041, 0.6568696751487672, 0.5762844124442762, -0.0033058301292947442], [-0.3400659681464926, -0.5463620839839098, -0.6923213406115326, -0.3104489613842024, -0.07050853954198433, 0.24700288194905962, -0.14449196724242033, 0.5954455382991902, -0.09876194560931886, 0.41409442449931416, 0.1268845683682401, 0.2064482958289298, 0.03416053153421595]], "inverted": true, "swapped": true, "error_lsq": 0.039719666608273384, "error_max": 0.22535434181327146, "target": "502.xyz", "model": "9.xyz", "model_rescale": 3.833441315466971, "target_rescale": 4.214860285539528},
{"mapping": [11, 3, 8, 7, 10, 12, 0, 12, 2, 5, 13, 4, 6, 1, 14], "R": [[0.288700773765513, -0.1802202607355388, -0.9403044830519569], [0.8463209027291647, -0.41116573742404333, 0.33864976889440535], [-0.44765253582537146, -0.8935677892521401, 0.033820307215597645]], "T": [-3.3832209940941934e-05, 0.00810846088752152, -0.009101603792337983], "aligned_model": [[0.0401080790233473, -0.2917290839402577, -0.608247589458668, -0.053352540725351415, -0.2289498962130633, 0.5010128767328059, 0.01683981912322385, 0.5010128767328059, -0.6101564812216833, -0.10277309003174531, -0.5171463792140231, 0.26376400557791163, 0.6164253278303199, 0.5104713215478777, -0.06338213946498245], [0.345662550328939, -0.7680962503789615, 0.35029236524697466, -0.2026429636285958, 0.7956475281471239, 0.3275234252960502, 0.4113184428686125, 0.3275234252960502, -0.31398975906279697, -0.28118217178977806, 0.12293987096965392, -0.7272799590414549, -0.27684147386191355, 0.13487645606354481, -0.04996830881621005], [-0.6005261084482448, -0.26744628841606854, -0.35629832536016454, -0.6389070730989262, -0.0650819280238352, -0.10883290921001137, 0.5394965661145269, -0.10883290921001137, 0.19252514243783062, 0.5935515105399478, 0.5867967956048702, 0.15067058622537371, -0.005753957803887395, 0.509476544898467, -0.04948633352191649]], "inverted": false, "swapped": false, "error_lsq": 0.04894040407004337, "error_max": 0.35903782704645293, "target": "502.xyz", "model": "10.xyz", "model_rescale": 4.2482417240324, "target_rescale": 4.214860285539528},
{"mapping": [5, 12, 1, 9, 0, 2, 3, 8, 6, 4, 7, 14], "R": [[-0.6479733517251411, -0.5203199116354087, 0.5562353144216999], [-0.7583156184333621, 0.5091008363560288, -0.4071532405146983], [-0.07132992565616791, -0.6856263763722286, -0.7244504908746857]], "T": [0.053063714867714634, -0.028976470010074105, -0.05824351116931186], "aligned_model": [[-0.6607037237281286, -0.32784586397636173, 0.5118277421664047, 0.6309846257711358, -0.5510419412367251, 0.1056588760859058, -0.1941489711782212, 0.6964172911157265, 0.1678968819525102, -0.13879865477591605, -0.38903197939328416, 0.02555131955996069], [-0.2351332340485587, -0.6382633365889787, -0.2058999263050005, -0.3396408772440108, 0.500362686211479, 0.6786050977974141, 0.1774144679992958, 0.3268882537493425, -0.11092339319523678, 0.6117530621502691, -0.03172914117850582, -0.0673022692968698], [-0.0013604986640565128, 0.21618915558013024, 0.5492543645460436, -0.24657492829105426, 0.07950411402674373, 0.10770955236289631, 0.5052277611532192, -0.022606426472390355, -0.6270246462739886, -0.5239005570171894, -0.4317378198495495, -0.039487781246447515]], "inverted": false, "swapped": true, "error_lsq": 0.049562425951599244, "error_max": 0.26942164238910743, "target": "502.xyz", "model": "11.xyz", "model_rescale": 3.6694154284099745, "target_rescale": 4.214860285539528},
{"mapping": [4, 0, 3, 5, 7, 10, 6, 9, 12, 11, 1, 13, 2, 14], "R": [[-0.9475341647508979, -0.2795727752614453, -0.15497764342779102], [-0.2823161980562172, 0.504529895053819, 0.8159332995484773], [-0.1499218828086844, 0.8168773765563567, -0.556987235693515]], "T": [-0.011654618513756897, 0.06304658217351758, -0.018398776678899317], "aligned_model": [[-0.11909092478435168, 0.005468373554035476, -0.1865207786707692, 0.5795435313434376, 0.42651115971600384, -0.34647792674876504, 0.17475067390102833, -0.1321534234707147, 0.5323416912891369, 0.15418190619401162, -0.4331179789605416, 0.4795063440524247, -0.5610786953847622, 0.024400898225635917], [-0.38098877613600135, 0.34200627838252695, 0.6435754770785194, 0.410942019126322, -0.11356077029165895, -0.6350508813691296, -0.490069817651941, -0.2828295965883926, 0.541758979751064, 0.2682066138996989, 0.4728965462708473, -0.23911410553313014, 0.09735791133521224, 0.09585740986231633], [-0.6932854540413449, -0.7839092503678606, -0.24995705094161097, -0.309351964362091, -0.352726120075687, -0.08015440508750842, 0.03384344127828444, 0.5576423527776188, 0.23955148392634396, 0.709199839948276, 0.4965882657402729, 0.5716981421461991, -0.4958233904409016, -0.004220430847575389]], "inverted": true, "swapped": true, "error_lsq": 0.04559368104110687, "error_max": 0.257430851684207, "target": "502.xyz", "model": "12.xyz", "model_rescale": 3.9764082729961374, "target_rescale": 4.214860285539528},
{"mapping": [11, 7, 8, 3, 10, 14, 12, 13, 2, 9, 1, 4, 6, 5, 15], "R": [[0.8405709307421185, 0.4502857325704418, 0.30113662918155487], [0.06726451448617152, -0.638368204076558, 0.7667864899142459], [0.5375090654884515, -0.6242826243518002, -0.5668820066382078]], "T": [0.026319181238999186, -0.012279754470983343, 0.10371078308614931], "aligned_model": [[-0.020635701420540463, -0.28342153614918714, -0.5041604896341969, -0.0972050693859024, -0.3794544047613873, 0.5016921805478791, 0.050859074505511234, 0.4356228691382813, -0.7347110393768592, -0.09882421615053472, -0.48687748697239636, 0.2981754285593544, 0.7783954346433531, 0.4565795420183162, 0.05786252073682655], [0.4898430896340141, -0.6538712385638962, 0.14123402198260454, -0.18884774049033926, 0.6741315416277665, 0.1583569671755578, 0.48190256025830336, 0.43933201838289004, -0.24928762097550156, -0.12019712156769038, 0.26081948272997735, -0.6770242281119045, -0.10502413221750148, -0.3711229617948309, -0.08446146043221076], [-0.5096509268140921, -0.14819148854770411, -0.33751214908960725, -0.7099285431108068, 0.002053375826831655, -0.5157338555449956, 0.5066936219211804, 0.04895821347770493, 0.1340387970414656, 0.6818042863244593, 0.359383551753389, 0.09518509625302055, 0.006558350481954439, 0.7273544957413035, 0.030338487013846796]], "inverted": false, "swapped": false, "error_lsq": 0.042169414856791355, "error_max": 0.27319740784784696, "target": "502.xyz", "model": "13.xyz", "model_rescale": 4.170626492500431, "target_rescale": 4.214860285539528},
{"mapping": [8, 10, 1, 9, 3, 12, 11, 4, 0, 6, 7, 13, 5, 14], "R": [[0.2790020807746841, -0.6891985851868825, 0.6687025864312149], [-0.6863563397681103, 0.3439061472380634, 0.6408147444870429], [-0.6716195454150508, -0.6377569067193796, -0.37708528763160426]], "T": [0.03687697720051702, 0.03193288505266287, 0.025863058484328363], "aligned_model": [[-0.01864534856078793, 0.07276616502294075, -0.3436940958236546, -0.5461536618801054, 0.36298837248410815, -0.25355549722260695, -0.6788226814483587, 0.6623669894526872, 0.8152236968102965, -0.11275016262126228, 0.26575094509698166, -0.6619165397273884, 0.2590164787832036, 0.02060836172558954], [-0.4998630259662421, -0.7434416727225049, 0.21889430755794093, -0.3152621543919206, 0.46291225238384337, 0.7124519051960322, 0.3095663311753635, -0.43035000237163823, 0.2674410094247709, -0.3742206525898224, 0.06504870162056389, 0.002265287589715087, 0.6027103400343499, 0.0779218409852149], [-0.48002616640467466, 0.05355304466462364, -0.6306665265317309, -0.048329625352098435, -0.33346875052819247, 0.23605040977714975, -0.07255343742328757, 0.26925320451100065, 0.07906363856858424, 0.42091363375596635, 0.5564045066404304, 0.46354102264459207, 0.45020653208959915, 0.03993161470890367]], "inverted": true, "swapped": true, "error_lsq": 0.0454182061541976, "error_max": 0.31833252508249654, "target": "502.xyz", "model": "14.xyz", "model_rescale": 3.9786697098870705, "target_rescale": 4.214860285539528},
{"mapping": [3, 1, 0, 5, 2, 4, 11, 6, 7, 12, 8, 14], "R": [[0.42327503056862104, 0.8738308476715452, -0.23928622642091507], [-0.8150788411539484, 0.48259331636619907, 0.320546679442808], [0.3955815101850307, 0.05935773459543622, 0.9165107354218106]], "T": [-0.02180464419262341, 0.031272028040593994, 0.06748281546545845], "aligned_model": [[-0.019940721679776514, -0.7334311884997875, 0.5533043640236677, 0.5219300975570539, 0.013788339831583944, 0.49771603383293017, -0.5169778411365546, 0.12041094913445255, 0.5289906343003393, 0.04657814398585002, -0.5138923046362153, -0.015121909946206746], [-0.2144862951320508, -0.19632505050435273, 0.07478345080147937, -0.4736299624766989, 0.49026558891108335, 0.6488701316790265, -0.46285288330268193, 0.310683476255968, 0.016546617340885184, -0.7275190766568281, 0.567167933093658, -0.018829439785048425], [-0.5331922868581203, -0.16187987200696818, -0.5082553012609502, -0.0005374422248075328, -0.49735025363361307, -0.045887525018879466, 0.39859641452346073, 0.5625766467277952, 0.24457573505511623, 0.1732927173316139, -0.04422591686857777, 0.07225357810776065]], "inverted": false, "swapped": true, "error_lsq": 0.04460803209588295, "error_max": 0.253110882309632, "target": "502.xyz", "model": "15.xyz", "model_rescale": 3.769337070930944, "target_rescale": 4.214860285539528},
{"mapping": [2, 10, 3, 1, 0, 4, 5, 6, 12, 11, 14], "R": [[-0.621204024531261, -0.7716324577798546, 0.13670738826700574], [-0.42432487605051294, 0.4778706232686917, 0.7691476236597948], [-0.6588277160767311, 0.4197892536945337, -0.6242780013837627]], "T": [-0.049536503266309574, -0.0034695896910305196, 0.05328314758980418], "aligned_model": [[-0.19050851085261059, -0.20239776479049112, -0.10390045587700047, -0.7374347463392661, 0.40482947707334666, 0.3257257899113993, 0.5562940700565876, 0.1210394869183675, 0.1692681091107109, -0.38693408562668413, -0.03335523889318873], [-0.06377076233722213, -0.7450714757574098, 0.5383417870354925, 0.35191427312039697, 0.2552531259322717, -0.4756781486397449, 0.42121676289751636, -0.5210477147021154, 0.5575160557736315, 0.2426834789343611, 0.03470711536816427], [-0.6590854417196754, -0.11969243245050082, -0.2998403419623046, 0.1596707801402721, -0.5718025318369138, -0.4947855294845565, 0.1416633672232126, 0.2687608731572764, 0.531880607680286, 0.7048686574705068, 0.08257959900617406]], "inverted": true, "swapped": true, "error_lsq": 0.04908851590395041, "error_max": 0.21589525574046636, "target": "502.xyz", "model": "16.xyz", "model_rescale": 3.7852294659196426, "target_rescale": 4.214860285539528},
{"mapping": [9, 4, 2, 8, 6, 7, 5, 0, 1, 11, 12, 3, 14], "R": [[0.3203489474126855, 0.8376599074801495, 0.44238267517154406], [-0.9403004455047536, 0.22451579528506893, 0.2557884474542883], [0.11494182909257472, -0.49791418644969376, 0.859575382882149]], "T": [-0.03141956847081727, 0.05156436980831372, -0.04587471078124235], "aligned_model": [[0.026458868578145237, -0.5371562251006654, 0.13935454919248902, 0.2557123386405212, -0.5074557512880947, -0.5498207522330808, -0.26213998018311374, -0.14686704597095734, 0.7089525783745156, 0.29388485560576627, 0.07113498805121855, 0.38671729889293793, -0.025009872343399027], [-0.14185505115506744, -0.41676448420053236, -0.4483765356147642, -0.6044654195616777, -0.11686599156754984, 0.23252116218933977, 0.6692013948493424, 0.08969148785423026, 0.05365765616090763, 0.43520784384322675, 0.808674565571421, 0.21257922420750985, 0.1018497711264883], [-0.6979580566623472, 0.3889591715911848, 0.4559954289972345, -0.21615010792051847, -0.3432544346172088, 0.1370707200560941, 0.3012460776886206, 0.7599392858099324, -0.29620392093699727, -0.6340811838580376, -0.13477125755354197, 0.42364310888190626, -0.048680134333147794]], "inverted": true, "swapped": true, "error_lsq": 0.049680832620197554, "error_max": 0.2726008216260014, "target": "502.xyz", "model": "17.xyz", "model_rescale": 3.901054581598922, "target_rescale": 4.214860285539528},
{"mapping": [9, 8, 10, 5, 11, 13, 7, 12, 4, 1, 6, 0, 2, 0, 14], "R": [[0.032986296763934275, 0.8155829314115444, -0.5776992177733618], [0.7693453346615984, 0.3482422579040074, 0.5355698701797479], [0.6379809246836734, -0.4621166647071615, -0.6159777008461379]], "T": [-0.0184553296335937, 0.006125953883046983, -0.010256091280826867], "aligned_model": [[-0.027930998601032434, -0.14554539122868776, -0.7009346581030952, 0.07589244413639143, -0.2891308551620285, 0.5349825294197259, 0.11266163038055044, 0.3687193493064429, -0.71072405386126, -0.20679025833250436, -0.45804379611295065, 0.41868877824509204, 0.5881145521710056, 0.41868877824509204, -0.004750944204224245], [0.39116996764315576, -0.6217691579238513, 0.2108068140588218, -0.16811064819871685, 0.7552580502959193, 0.16089665472333672, 0.27023108535989054, 0.6298776626759437, -0.3753704749072242, -0.28947201543671586, 0.34189148545099435, -0.3334019296222306, -0.5004678895626273, -0.3334019296222306, 0.057645502702773035], [-0.5448970366819611, -0.18350186165525956, -0.4161889180125218, -0.6025618831445136, 0.037355366695550354, -0.4543898150943448, 0.5836579143811821, 0.1037819630818813, 0.018000911148253407, 0.5921037219552862, 0.49743400436745516, 0.5085216682355772, -0.253512660069015, 0.5085216682355772, -0.022973730715196726]], "inverted": false, "swapped": false, "error_lsq": 0.04741807219338805, "error_max": 0.41247044567828756, "target": "502.xyz", "model": "18.xyz", "model_rescale": 3.9405287249114394, "target_rescale": 4.214860285539528},
{"mapping": [6, 12, 0, 1, 8, 2, 9, 5, 4, 13, 7, 14, 10, 11, 15], "R": [[0.9941239222548554, -0.04285230052290037, 0.09940476618611992], [0.10815650657310202, 0.43095874542544005, -0.8958664687481239], [-0.0044494141776953225, 0.9013535599758986, 0.43306115345554785]], "T": [-0.06411089082914485, -0.10549783205221143, 0.020074371705859937], "aligned_model": [[0.015081586940277295, -0.292684258963004, -0.5333383904583049, -0.06947017260051852, -0.28713347424612995, 0.5990745828236631, 0.05177820012672206, 0.34161059158764073, -0.7940938687923533, -0.05262824402326697, -0.4780271826006462, 0.3198969549282187, 0.6909367904359852, 0.4908880097881925, -0.02799401864795851], [0.44040646758984336, -0.5917536590576092, 0.16422456874647617, -0.15396405442417205, 0.6112170148197383, 0.2416084956697313, 0.3539197620333889, 0.6197741994781738, -0.14554679438767953, -0.37823695963819737, 0.23115525566763895, -0.7334036962016542, -0.29942549581095396, -0.0672215921503888, -0.0969703346970974], [-0.48391025374344593, -0.08692351749122962, -0.4038945399552545, -0.6380606656286717, -0.07401553793002164, -0.4215448169672935, 0.6238251810623, 0.0452378719429358, 0.03371112776793127, 0.6339239970034026, 0.4793820582038792, 0.26092943650566003, -0.08091620801201538, 0.47803108545983597, 0.00557609450993728]], "inverted": false, "swapped": false, "error_lsq": 0.033979544380195875, "error_max": 0.21487646264520277, "target": "502.xyz", "model": "19.xyz", "model_rescale": 4.410303926677745, "target_rescale": 4.214860285539528},
{"mapping": [5, 13, 7, 12, 0, 11, 3, 6, 9, 8, 1, 2, 10, 14], "R": [[-0.286536846404375, 0.6868270990379844, 0.6679559653747411], [-0.4367665232975758, 0.5268820906850309, -0.7291298009558512], [-0.852720141534832, -0.5006633584979409, 0.14901195146154753]], "T": [0.03263965589551496, 0.0375215025858577, 0.05996961254134852], "aligned_model": [[-0.22396274908401695, 0.20138868072535224, 0.29246119222481937, -0.4796354309228864, -0.06064209536230311, -0.3316579330993852, -0.48237019032316675, 0.5628659052547829, 0.23245929036847826, 0.23288492024260654, -0.4954991230793423, 0.09681771068578707, 0.7177665804052532, -0.001688868575106195], [0.14716409022259433, -0.7433429601391517, 0.1364345201018525, -0.30310819383641346, 0.778915405004361, -0.6394923711826282, 0.4322214595351073, -0.19417479798291284, -0.5075064778272373, 0.10832794030133783, -0.1826866591187339, 0.6837497916871378, 0.07664676654997335, 0.01779995286591589], [-0.6309239781115132, -0.14625600037646652, -0.4476357094604652, -0.4017462383457448, -0.2652250839603195, 0.14902925458143676, 0.07368122985208903, -0.032717403412092554, 0.4191217949131824, 0.7647403624861621, 0.592320818786771, 0.39049725288140374, 0.4237425980884075, 0.028186140802170523]], "inverted": false, "swapped": true, "error_lsq": 0.05321708710174426, "error_max": 0.3067740740418874, "target": "502.xyz", "model": "20.xyz", "model_rescale": 4.121658175737393, "target_rescale": 4.214860285539528},
{"mapping": [0, 2, 10, 7, 6, 3, 8, 5, 1, 11, 9, 13, 14], "R": [[-0.520576705016005, -0.7318730723589479, -0.4397291213355717], [0.5994449829002582, 0.05345638994031815, -0.7986289043418465], [0.6080013212735553, -0.6793410191725678, 0.41088949000818725]], "T": [0.07822789324283133, -0.08885477146901569, 0.041232161622106064], "aligned_model": [[0.1396726690652527, -0.23134661107656015, 0.2443670579049648, 0.6083957625003796, 0.5280601432504672, -0.3294031830503109, -0.32858138967458206, 0.4089244592130502, -0.6243367499090057, -0.11395371480067876, 0.028559751382973148, 0.4678403065133028, 0.0828844033450412], [-0.623331079710419, -0.05412787084221046, 0.5944817910196473, -0.2831111391039244, 0.2854924096854411, -0.5617424913977656, 0.483305175740557, -0.7524868777349484, -0.015421566697188013, -0.03783862903368662, 0.4706860343147622, 0.16072791416513174, -0.12580676624221346], [0.6533413101786747, 0.6999703600199634, 0.3709432386483436, 0.16827810897741108, 0.010751529279843006, 0.21850403234018906, 0.26248479919853585, -0.0324730190554398, -0.29317851069442774, -0.7067355657589932, -0.3466090922480393, -0.6418968133221375, 0.006729361917866383]], "inverted": true, "swapped": true, "error_lsq": 0.04729171334351396, "error_max": 0.3035466054697126, "target": "502.xyz", "model": "21.xyz", "model_rescale": 4.08911054899281, "target_rescale": 4.214860285539528},
{"mapping": [10, 0, 7, 6, 12, 5, 14, 9, 4, 2, 3, 1, 11, 15, 16], "R": [[0.6175090867626648, -0.6664186189725403, -0.4178142554440575], [-0.7740180210595693, -0.6093361831136539, -0.17206254392956027], [-0.13992366076031557, 0.42964594753729046, -0.8920906506203371]], "T": [0.02199846170654883, -0.014736474337212698, 0.005374047810097957], "aligned_model": [[0.05319135390318892, -0.4722893677341588, -0.4690187212661623, -0.06499526980136473, -0.27757923018852, 0.5451143954805953, 0.0036821481314227994, 0.3591135777213571, -0.533783402600753, -0.07918349436707471, -0.5147496895037194, 0.26531993695370903, 0.7525135501771142, 0.429920684385928, -0.02335936499304478], [0.4846178456637176, -0.5532336136202165, 0.1550449154827073, -0.2872236613082759, 0.6598195449240891, 0.24993688390500268, 0.4317896608232012, 0.6117280858905105, -0.3056537600148506, -0.407613951718669, 0.2468773060258308, -0.7570504998008832, -0.23296793042494945, -0.07177551926903834, -0.02851212892093757], [-0.6277196859985333, -0.25110162516901624, -0.4802931156936674, -0.6829187330370462, -0.008657681636208905, -0.38708841818717843, 0.46591884391877736, -0.032614962383987506, 0.3099488958668845, 0.6025870156069731, 0.6360391533859447, 0.14595473122537375, 0.07331348664437051, 0.6069162537206673, 0.0010671544645971427]], "inverted": true, "swapped": false, "error_lsq": 0.04471352834409711, "error_max": 0.355904716720803, "target": "502.xyz", "model": "22.xyz", "model_rescale": 4.204369325754507, "target_rescale": 4.214860285539528},
{"mapping": [6, 12, 0, 1, 8, 2, 9, 5, 4, 13, 7, 14, 10, 11, 15], "R": [[0.9941239222548554, -0.04285230052290037, 0.09940476618611992], [0.10815650657310202, 0.43095874542544005, -0.8958664687481239], [-0.0044494141776953225, 0.9013535599758986, 0.43306115345554785]], "T": [-0.06411089082914485, -0.10549783205221143, 0.020074371705859937], "aligned_model": [[0.015081586940277295, -0.292684258963004, -0.5333383904583049, -0.06947017260051852, -0.28713347424612995, 0.5990745828236631, 0.05177820012672206, 0.34161059158764073, -0.7940938687923533, -0.05262824402326697, -0.4780271826006462, 0.3198969549282187, 0.6909367904359852, 0.4908880097881925, -0.02799401864795851], [0.44040646758984336, -0.5917536590576092, 0.16422456874647617, -0.15396405442417205, 0.6112170148197383, 0.2416084956697313, 0.3539197620333889, 0.6197741994781738, -0.14554679438767953, -0.37823695963819737, 0.23115525566763895, -0.7334036962016542, -0.29942549581095396, -0.0672215921503888, -0.0969703346970974], [-0.48391025374344593, -0.08692351749122962, -0.4038945399552545, -0.6380606656286717, -0.07401553793002164, -0.4215448169672935, 0.6238251810623, 0.0452378719429358, 0.03371112776793127, 0.6339239970034026, 0.4793820582038792, 0.26092943650566003, -0.08091620801201538, 0.47803108545983597, 0.00557609450993728]], "inverted": false, "swapped": false, "error_lsq": 0.033979544380195875, "error_max": 0.21487646264520277, "target": "502.xyz", "model": "23.xyz", "model_rescale": 4.410303926677745, "target_rescale": 4.214860285539528},
{"mapping": [6, 11, 14, 13, 15, 12, 4, 5, 9, 10, 8, 1, 0, 3, 16], "R": [[0.5375420201073202, -0.04542087961492236, 0.8420127791868415], [0.8410739336851909, 0.10035663295591095, -0.5315291001413491], [-0.060359048155692124, 0.9939142266396834, 0.09214822509945345]], "T": [-0.011594352339206264, -0.042885270773447476, -0.02481731228928993], "aligned_model": [[-0.031466162990181304, -0.3900934254558625, -0.5297714403104485, 0.030498647676731674, -0.45404234397890453, 0.5978919228874077, 0.15617576398337588, 0.2458923130021433, -0.6114118712044999, -0.26614369669025406, -0.3822037598210869, 0.28007982219214905, 0.7405454885419329, 0.523057669005233, 0.06488817946078153], [0.45834403062112383, -0.5431395342734835, 0.01039891029574952, -0.06305491114138172, 0.5124010800704992, 0.23566519150513868, 0.2856023695899963, 0.5304162922272234, -0.005367325588449767, -0.2769612112418084, 0.2875920732899322, -0.8021007942890088, -0.11078355944521498, -0.23537825290386286, -0.0878511810792146], [-0.5960198930999507, -0.10970317748857741, -0.4570247758574983, -0.7262501236021224, -0.09700480493974982, -0.4687902338267099, 0.5564170906745356, 0.0002419865898125942, 0.15190657257000942, 0.5267232860893963, 0.6302705134266197, 0.24877602522970418, -0.016988312295176184, 0.6725668376144103, 0.05623032164324651]], "inverted": true, "swapped": false, "error_lsq": 0.0458032250714434, "error_max": 0.27314112045877914, "target": "502.xyz", "model": "24.xyz", "model_rescale": 4.28219845311461, "target_rescale": 4.214860285539528},
{"mapping": [10, 1, 6, 8, 14, 11, 13, 12, 0, 4, 2, 3, 9, 7, 15], "R": [[-0.3276192093806643, 0.7029826708278832, -0.6312535292261617], [-0.1569232970844729, -0.6993344370100941, -0.6973567408750796], [-0.9316870356922043, -0.12940907899939136, 0.3394297538454792]], "T": [0.06451034461806743, -0.011884608093141014, 0.03474993611397797], "aligned_model": [[-0.09441306581870301, -0.10120175154851352, -0.7203019799722492, -0.16800996928813458, -0.13090192129622907, 0.3659392464216074, 0.19372975143941568, 0.5244965242211017, -0.7015212094822167, -0.21275417576623346, -0.4358409542698654, 0.26406861229131007, 0.7268161363309071, 0.46768546232749475, -0.003893599291174457], [0.3742519996355895, -0.5859093608961261, 0.17417748522737994, -0.1739727953776362, 0.7047255333946252, 0.2757012410055447, 0.3208195819814631, 0.5973152647311286, -0.26641198306117336, -0.41957146427686143, 0.33253017679082875, -0.7450215155824356, -0.14573652901247233, -0.2121268771489125, -0.0349875797737039], [-0.6400438758128747, -0.1952771996770426, -0.3673043482324905, -0.5989753830051272, -0.13385782272811347, -0.3158382379653744, 0.5096464761566962, 0.07607946258262702, 0.15292626855999866, 0.5747169592337329, 0.35067248681653035, 0.18552167597298627, 0.05231084180540916, 0.6694930840829895, 0.05128092493800264]], "inverted": true, "swapped": false, "error_lsq": 0.04496194814763898, "error_max": 0.2672948798518225, "target": "502.xyz", "model": "25.xyz", "model_rescale": 4.100010024507729, "target_rescale": 4.214860285539528},
{"mapping": [5, 12, 1, 9, 0, 2, 3, 8, 6, 4, 7, 14], "R": [[-0.6479733517251411, -0.5203199116354087, 0.5562353144216999], [-0.7583156184333621, 0.5091008363560288, -0.4071532405146983], [-0.07132992565616791, -0.6856263763722286, -0.7244504908746857]], "T": [0.053063714867714634, -0.028976470010074105, -0.05824351116931186], "aligned_model": [[-0.6607037237281286, -0.32784586397636173, 0.5118277421664047, 0.6309846257711358, -0.5510419412367251, 0.1056588760859058, -0.1941489711782212, 0.6964172911157265, 0.1678968819525102, -0.13879865477591605, -0.38903197939328416, 0.02555131955996069], [-0.2351332340485587, -0.6382633365889787, -0.2058999263050005, -0.3396408772440108, 0.500362686211479, 0.6786050977974141, 0.1774144679992958, 0.3268882537493425, -0.11092339319523678, 0.6117530621502691, -0.03172914117850582, -0.0673022692968698], [-0.0013604986640565128, 0.21618915558013024, 0.5492543645460436, -0.24657492829105426, 0.07950411402674373, 0.10770955236289631, 0.5052277611532192, -0.022606426472390355, -0.6270246462739886, -0.5239005570171894, -0.4317378198495495, -0.039487781246447515]], "inverted": false, "swapped": true, "error_lsq": 0.049562425951599244, "error_max": 0.26942164238910743, "target": "502.xyz", "model": "26.xyz", "model_rescale": 3.6694154284099745, "target_rescale": 4.214860285539528},
