[{"mapping": [3, 7, 6, 5, 0, 8, 9, 10, 1, 11, 4, 12], "R": [[0.05976973578350632, -0.803251381888885, 0.5926337791401755], [0.9219546806976436, -0.18316725010847226, -0.34124672192917316], [0.3826580006011581, 0.5667777130245127, 0.7296135131661332]], "T": [-0.06959749593127586, 0.03427711174916735, 0.031131526429446055], "aligned_model": [[-0.21587152841573098, 0.08975862820550938, 0.4291709897804486, -0.2649861370654827, 0.07261498738657028, -0.573340589797504, 0.48841515026958315, -0.08871350125379902, 0.45886904443309706, 0.16812063520677395, -0.6662972824615168, -0.060097933827400196], [-0.26364497785385566, -0.6983103664326713, -0.46501664925493674, 0.7168478469911087, 0.4689414991542526, -0.5111601356326088, -0.28750931875342706, -0.4555236997927889, 0.1303271641083931, 0.4103364176640371, 0.06477237346350365, -0.05650511768394975], [-0.565552944294275, 0.06059720882887559, -0.4778119713320417, 0.12780151664475922, -0.6288728348246795, -0.055510486846940404, 0.49407677935700317, 0.6831638319884652, -0.16349111227808044, 0.43869791165693184, 0.24978135014271133, 0.01907249631083344]], "inverted": false, "swapped": true, "error_lsq": 0.04742519136639, "error_max": 0.24481521455364202, "target": "503.xyz", "model": "0.xyz", "model_rescale": 3.751011558992144, "target_rescale": 4.068667558191778},
{"mapping": [10, 4, 9, 11, 13, 5, 6, 7, 12, 1, 0, 8, 14], "R": [[-0.9974815429169394, 0.02827384427798975, 0.06504737711688628], [-0.005788144838557344, 0.8816005888916075, -0.4719606965048034], [-0.07068994921040982, -0.47114858738588533, -0.879216662538259]], "T": [-0.017220371246122634, 0.03741843309949422, 0.03975054790461556], "aligned_model": [[0.14710975326057824, 0.271841247010403, 0.07358742076109395, -0.5786289359935881, 0.15091195410981953, 0.512629969059649, -0.5890966125809319, -0.6238215971989359, -0.565011309349692, -0.20998521805659084, -0.1502666089025897, 0.5620557128056947, -0.046335766326035144], [-0.580189078317637, -0.6713473807322566, 0.1115535763824031, -0.19938300703982192, 0.6473101313491743, 0.19358754356951283, -0.44282119528603603, 0.10907374577918921, 0.43862259467000453, -0.2365400892409652, 0.3914832791071406, -0.0989963517361597, 0.055102097928821495], [-0.47406879792581463, 0.23891975211084537, -0.6086687198346233, -0.47549355958504097, -0.31699282747480734, -0.2517213595041113, 0.11755292058719893, 0.2977766950962584, -0.2618044436762344, 0.6508757325493043, 0.6973532410001699, 0.3334314581860077, -0.003184219020478024]], "inverted": false, "swapped": false, "error_lsq": 0.043242146659879015, "error_max": 0.2746041227640834, "target": "503.xyz", "model": "1.xyz", "model_rescale": 3.9405287249114394, "target_rescale": 4.068667558191778},
{"mapping": [10, 3, 9, 11, 2, 8, 6, 0, 5, 7, 1, 4, 12], "R": [[0.4869413007901001, -0.7092326406280396, -0.5097815522874708], [-0.47396291569930576, 0.27568610727474974, -0.8362752685554606], [0.7336534087201244, 0.6488345179808741, -0.2019070185750578]], "T": [-0.08659464269767903, -0.02135671397576825, 0.052901334118171425], "aligned_model": [[0.2322646867789328, 0.1829316571186369, 0.13077986267611377, -0.5254093971298205, -0.14407843029816397, 0.58465041068069, -0.5050057088609698, -0.8491912604725275, -0.4849910623797098, -0.035749358804967934, -0.10643339165778509, 0.5337034254850391, -0.058481424536593045], [-0.5430006822354101, -0.5202699496664281, -0.0013157686443016244, -0.2535798728441331, 0.6538301260233526, -0.020499297080258196, -0.33408418872214213, 0.26729956209457223, 0.39939335298152207, -0.4830776191088134, 0.4447521391383209, 0.045957950019407244, 0.062050114477680905], [-0.5282212155186754, 0.1252949493676711, -0.7234541205633676, -0.4581058134003735, -0.017724247484492875, -0.3345507445458874, 0.20286599542302008, 0.24797552800204747, -0.38564849693495273, 0.6956597771005504, 0.692882031832276, 0.3728931535492544, 0.05410907568160455]], "inverted": false, "swapped": false, "error_lsq": 0.05945295718077281, "error_max": 0.36909722178690824, "target": "503.xyz", "model": "2.xyz", "model_rescale": 3.932901565614263, "target_rescale": 4.068667558191778},
{"mapping": [12, 5, 11, 10, 3, 8, 6, 2, 1, 4, 0, 7, 13], "R": [[-0.7207957108888199, 0.32945348400247954, 0.6098474768685272], [-0.11087720683100064, 0.8136920280020337, -0.570623806523434], [-0.6842220313389774, -0.47892137710125854, -0.5499768416813546]], "T": [0.008385142438887994, 0.037785372064328346, -0.03145687712344251], "aligned_model": [[-0.06962732441945091, 0.0744339435443952, 0.1097567225464974, -0.39323002464659396, 0.19806715912733974, 0.6439011118285906, -0.47203601322914374, -0.6742840134072523, -0.6214881068197172, -0.16754554011825118, -0.20694930333829292, 0.5542704820703548, -0.020279084539601], [-0.6535823572009196, -0.6356110553256801, 0.2846603218837971, -0.2072059385722928, 0.5116902702118241, 0.2278773554935199, -0.4437585350398434, 0.022622551934096444, 0.41317602096936157, -0.1377271259737008, 0.48016477694520204, -0.07480919850599209, -0.07004122038600274], [-0.34618617049288186, 0.21138976811911608, -0.8837979240439517, -0.5716697569964454, -0.042427662785036686, -0.3457357596760751, 0.0318142805963282, 0.44596616978602127, -0.1368616753786386, 0.8060812787269076, 0.423385807485297, 0.41472044861226276, -0.0627029314442291]], "inverted": false, "swapped": false, "error_lsq": 0.05024552358682837, "error_max": 0.31355826479629423, "target": "503.xyz", "model": "3.xyz", "model_rescale": 3.9243930471874484, "target_rescale": 4.068667558191778},
{"mapping": [3, 6, 2, 4, 1, 0, 10, 8, 7, 11, 9, 5, 12], "R": [[0.5180281879735296, 0.7770634702314279, 0.35751805506401], [0.2644164785334989, -0.542977885863819, 0.7970313302140646], [0.8134683290361127, -0.3183510306167525, -0.48674623671934647]], "T": [-0.15482966029593193, -0.05403230955542741, 0.07980918473097323], "aligned_model": [[0.05098664619306298, 0.2917429375651872, 0.033326555327483715, -0.48969331037848457, 0.1559997519201342, 0.522518064852197, -0.5998629543643781, -0.7456230605385674, -0.36788094555752865, -0.09230612727956744, -0.35122062922373587, 0.5863118615466286, -0.03930878146355732], [-0.5080894100557155, -0.5989194606635536, 0.10746122433248147, -0.09631096915946535, 0.5870667722488803, 0.11743998050918193, -0.5845006270668383, 0.15375272918318283, 0.5086417905130436, -0.289140281837038, 0.32884002881736496, 0.01691692252330597, -0.02570283291146088], [-0.3723248306153324, 0.23851464189471364, -0.8088592390066136, -0.40850026657583083, 0.02943713103477072, -0.4050822117046049, 0.2127619989400498, 0.14403460666315387, -0.45021512213871606, 0.8327694297481314, 0.6388501059607369, 0.2187284088981649, 0.07386121941005079]], "inverted": true, "swapped": false, "error_lsq": 0.0576882050181176, "error_max": 0.34283531095965625, "target": "503.xyz", "model": "4.xyz", "model_rescale": 3.8936222436046832, "target_rescale": 4.068667558191778},
{"mapping": [8, 4, 10, 7, 11, 5, 0, 1, 6, 3, 9, 12], "R": [[0.8654018743369392, 0.4876858493229808, -0.11507435971681995], [-0.3427943210370941, 0.40870553759572287, -0.8458438608888222], [-0.36547455364064796, 0.7714416996174854, 0.5208704778852945]], "T": [-0.19689815148532147, -0.0554293816927726, 0.013020317187424003], "aligned_model": [[0.050715710220123444, -0.5777648855416657, -0.17983323019088754, 0.4005541042306045, -0.5944807968939414, -0.8377014612061287, -0.11830898088357446, 0.048903798420763256, 0.6465593673083128, 0.27860412291192743, 0.02911939218246462, -0.1188190983429009], [-0.5841819958779252, -0.44657100418248524, 0.21511697948445974, 0.020341434291849217, 0.3956769467129709, -0.10177454121727382, -0.23109383428851393, 0.3030647306447336, 0.05454011826416688, -0.5185236323226483, 0.6251958798756762, -0.06286817627520261], [-0.4537492002380375, -0.3136861316125228, -0.7563494502548854, -0.4344800733296852, 0.06273943168590623, 0.33027078785804875, 0.7925900827135771, 0.3837545092740053, 0.19625205324915213, 0.17310568107850488, -0.32596087794455897, -0.03520209320398623]], "inverted": true, "swapped": true, "error_lsq": 0.046725812003044466, "error_max": 0.251022494811966, "target": "503.xyz", "model": "5.xyz", "model_rescale": 3.6523030999806103, "target_rescale": 4.068667558191778},
{"mapping": [11, 4, 7, 9, 5, 3, 10, 6, 8, 2, 1, 3, 12], "R": [[-0.7746463780638647, 0.4957858012598429, -0.3925804735613725], [0.6323251215599739, 0.6164466988456089, -0.4692104092265171], [0.009377078260326382, -0.6117106397239522, -0.7910260195795161]], "T": [-0.15441000544471606, 0.03235826119338131, 0.0026205277232016185], "aligned_model": [[0.1534629185932207, 0.06297420872954554, 0.2738665083785379, -0.5429408046421612, -0.04196325427601309, 0.5379337531754153, -0.6222233344049266, -0.6815215890118238, -0.6587033843981471, 0.006380464156349047, -0.0014440486291725785, 0.5379337531754153, -0.06876518224736529], [-0.605113634154808, -0.46960190143481734, 0.05902568429356091, -0.17559362112585747, 0.6631096530949725, 0.019279727441899264, -0.5871330215106081, 0.06477843352820706, 0.4396681880856527, -0.22314137037176457, 0.4299195808498839, 0.019279727441899264, 0.08297842029514937], [-0.5202684169165723, 0.17557052190946518, -0.5290618360521824, -0.570496133957055, -0.22848970517995948, 0.05856491799282745, 0.08042979174699752, 0.38173366778466883, -0.18038196970575296, 0.6990959381754742, 0.5511834495124236, 0.05856491799282745, -0.03246927079448715]], "inverted": true, "swapped": false, "error_lsq": 0.049427007771634605, "error_max": 0.36271618579435094, "target": "503.xyz", "model": "6.xyz", "model_rescale": 4.08911054899281, "target_rescale": 4.068667558191778},
{"mapping": [1, 2, 9, 11, 8, 3, 13, 12, 10, 7, 5, 6, 14], "R": [[-0.22707930910775317, -0.4808581446549204, -0.8468827735254585], [-0.8975559977053759, 0.4407955994503, -0.009616157671228143], [0.3779262075567831, 0.7579410822908851, -0.531692671961415]], "T": [-0.05201271747032158, 0.017903787429450004, 0.015282752720002114], "aligned_model": [[0.03191580000504906, 0.2261466688517675, 0.16545252013081696, -0.49762702112773227, 0.06643427693441195, 0.6880937516100045, -0.5137574741185317, -0.7339691357956284, -0.5273003978982618, -0.03912136975263856, -0.24235141915507938, 0.3779078985975469, -0.04683408968285004], [-0.5672109032792166, -0.7020058842776437, 0.036446089622390224, -0.01153553157244852, 0.5827485360098302, 0.24198502631545896, -0.5362186743771572, 0.02352987544624952, 0.5492826161692459, -0.254334927647032, 0.4523926945510532, -0.09331851008619774, -0.004304540441163109], [-0.41893247217046947, 0.24872860013382472, -0.7376597161129468, -0.3656270552789282, -0.3481311886782823, -0.1534817253864318, 0.1403211443479082, 0.2224196848440038, -0.08966037331755193, 0.7398577037809524, 0.6115140818302424, 0.24318806391006736, -0.14856087539371393]], "inverted": false, "swapped": false, "error_lsq": 0.04533688008600286, "error_max": 0.2590894369764519, "target": "503.xyz", "model": "7.xyz", "model_rescale": 3.964800864290218, "target_rescale": 4.068667558191778},
{"mapping": [1, 2, 5, 8, 10, 3, 7, 12, 9, 4, 11, 6, 13], "R": [[-0.8137325380264068, 0.06815175125754663, -0.5772301926940689], [-0.5504522151139127, 0.2285666919979789, 0.8029692560648183], [0.18665935667222605, 0.9711398488938812, -0.14847787194420636]], "T": [0.021775551348713562, -0.09694765742262236, 0.0146157425128654], "aligned_model": [[-0.03439385590775301, 0.05365556604313909, 0.11797921278694307, -0.5077126402382109, 0.021785379793202053, 0.7070538441541608, -0.5059627650604538, -0.6663110516895402, -0.48756195771163835, 0.012442326255424269, -0.14252749884104807, 0.4074389012121811, -0.020895452197531583], [-0.6860623009524965, -0.6702071355433512, 0.21451297811963205, 0.026961799763766878, 0.6533443480708064, 0.03998999477598118, -0.5650708497288671, -0.0739154214889234, 0.36264086907888293, -0.14524896672294088, 0.5062723955377197, 0.11540813369361368, -0.06116997817045402], [-0.4468047009435565, 0.3447156715675755, -0.7553244181502046, -0.5288419677066726, -0.32034085079928587, -0.17930289125499355, -0.08133273939456744, 0.325551877620608, -0.04204478131974004, 0.7165226234045367, 0.5589165783550886, 0.3923386855941993, -0.04007721446431296]], "inverted": false, "swapped": false, "error_lsq": 0.048115222396035114, "error_max": 0.2454126613554931, "target": "503.xyz", "model": "8.xyz", "model_rescale": 4.121658175737393, "target_rescale": 4.068667558191778},
{"mapping": [10, 5, 3, 0, 2, 11, 4, 4, 1, 9, 6, 7, 12], "R": [[-0.6579815992338723, -0.43476214985664063, -0.6148512731723569], [-0.7486273627509722, 0.28945837820688947, 0.5964653544225029], [-0.08134670743281891, 0.8527577149096159, -0.5159331282753319]], "T": [0.06887480552275839, 0.04556203296747276, -0.0006240733524717386], "aligned_model": [[0.2809244667848, -0.01986069830056185, 0.2684687397955336, -0.5239613016832909, -0.09911253966927562, 0.6701244280358594, -0.7221027702940178, -0.7221027702940178, -0.5562024776203867, -0.09253459756488468, -0.0896597498375215, 0.5734511403960068, -0.01244186114936889], [-0.4672052230170416, -0.564944314411517, 0.1832445052458762, -0.20261054663461375, 0.587821912510391, 0.06549148010186133, -0.23404827008490114, -0.23404827008490114, 0.33111089745795597, -0.15506787352767742, 0.4741745028467631, -0.14534216257251453, 0.07887922860368833], [-0.518876437499641, 0.03293060511361369, -0.7515500282234192, -0.4542538385230367, -0.4007252177551317, -0.20343872548163966, 0.2897213600552207, 0.2897213600552207, -0.05231499905622654, 0.7911362832262, 0.5202791763155121, 0.4045539378035079, -0.003207603521505741]], "inverted": true, "swapped": false, "error_lsq": 0.05313768619218046, "error_max": 0.42383257759459636, "target": "503.xyz", "model": "9.xyz", "model_rescale": 3.833441315466971, "target_rescale": 4.068667558191778},
{"mapping": [10, 8, 0, 12, 5, 13, 11, 7, 6, 9, 3, 2, 14], "R": [[0.42641629857391794, 0.48442274020308285, -0.763874170976252], [0.7883368009919538, 0.2150368500120704, 0.5764410128874068], [0.44350223056067306, -0.8479939633694472, -0.2901930557003129]], "T": [-0.1746632717470758, 0.056528686106210924, -0.1015061037977486], "aligned_model": [[0.03796795777394507, 0.0916281673650568, 0.20807683869191534, -0.5862991969165545, 0.26622973871075417, 0.6135031293949678, -0.5563785124987406, -0.5640076268536134, -0.6649812302100554, 0.08065053981608244, -0.1977945712055504, 0.3851540122664682, -0.1587592377358008], [-0.6632839519858067, -0.6056019707003766, 0.03872995412919884, -0.06614200851710675, 0.5608755062868345, 0.09818968543225598, -0.5013807060128717, -0.130182991832331, 0.49656170126032634, -0.1829916877070094, 0.41849844987934, 0.1963032877952206, 0.05788059840569551], [-0.4367848979307198, 0.21191250628979347, -0.664547998069237, -0.5240316333238033, -0.19468786043571068, -0.21439820564995754, -0.010031155277483883, 0.40590270500425163, -0.2663964104503519, 0.6301734535811511, 0.6876483062178198, 0.3271171855485172, -0.007900122995594519]], "inverted": true, "swapped": false, "error_lsq": 0.04552478405428628, "error_max": 0.2614029521382647, "target": "503.xyz", "model": "10.xyz", "model_rescale": 4.2482417240324, "target_rescale": 4.068667558191778},
{"mapping": [8, 7, 6, 9, 2, 0, 3, 11, 10, 5, 4, 12], "R": [[-0.3235243115644569, 0.654217832388642, -0.6836161551714905], [-0.7310660370870433, 0.28585317809827376, 0.6195404829298587], [0.6007282823744777, 0.7002049616760964, 0.3857959854632839]], "T": [0.044923707526313014, 0.11834702059090296, -0.08133924183297045], "aligned_model": [[-0.5562429586791077, 0.06832651145870482, 0.29831727086714754, 0.6321060988494897, -0.4865728412827096, 0.09418314540864951, -0.29932823061210534, 0.442870766917923, 0.10040477962907111, 0.009804971661885029, -0.461236975758457, 0.03413306390251587], [-0.3169142151734662, -0.5934686199275166, -0.22655827611798057, -0.39054951783513914, 0.7422337349448117, 0.7332558382706369, 0.052155334275186316, 0.3124529715019003, -0.5571558835915962, 0.7444733254713547, 0.12985420225176664, 0.0363524959806813], [0.007610350623930201, 0.15470697527173696, 0.6762356946519156, -0.24097658045346373, -0.007688613337759026, 0.43268792737441786, 0.5045748179114316, -0.4912195750362701, -0.5352489919139727, -0.4279761432575897, -0.4666407979017485, -0.04087277407827175]], "inverted": true, "swapped": true, "error_lsq": 0.05232310721536551, "error_max": 0.26684292469882975, "target": "503.xyz", "model": "11.xyz", "model_rescale": 3.6694154284099745, "target_rescale": 4.068667558191778},
{"mapping": [11, 6, 8, 4, 2, 9, 0, 0, 1, 5, 12, 7, 13], "R": [[-0.16866006544387344, 0.1359988273534879, 0.9762469468750953], [-0.4912769244202121, 0.8470470326385946, -0.20287510451104984], [-0.8545178557857559, -0.5138245259391852, -0.07604992233188715]], "T": [-0.0020521984510674662, 0.014080644109548509, -0.004433230941416275], "aligned_model": [[0.25365539648359997, -0.04981079717189437, 0.24989275854912918, -0.5114036565551359, -0.08957704493498651, 0.7475718629980752, -0.6332550367365049, -0.6332550367365049, -0.7006534062175847, -0.026991871502767478, -0.12810403662500194, 0.5997807980338141, -0.12285992098536316], [-0.4820327294128939, -0.5336074867462834, 0.24292780365154248, -0.289282288575041, 0.6067667436277481, -0.016918331445485494, -0.1877419093799334, -0.1877419093799334, 0.4611546861352888, -0.2606386899499897, 0.4880053764716887, -0.12535673479433224, 0.0019213362309936713], [-0.4876658823754683, 0.1282757025240378, -0.6802664703746512, -0.4473899703083178, -0.26400241647426487, -0.2904211623320949, 0.26312703940687676, 0.26312703940687676, -0.17341443568174308, 0.7495416311585348, 0.4659653047864652, 0.4085069344288083, 0.00859255834361507]], "inverted": false, "swapped": false, "error_lsq": 0.05298950121082302, "error_max": 0.4432483188850301, "target": "503.xyz", "model": "12.xyz", "model_rescale": 3.9764082729961374, "target_rescale": 4.068667558191778},
{"mapping": [6, 14, 5, 13, 9, 4, 11, 10, 12, 8, 2, 7, 15], "R": [[-0.015590457170066074, 0.7379183604174592, -0.6747098865468307], [-0.01639348634293397, -0.6748898421625334, -0.7377363719861959], [-0.9997440628734697, -0.00044079999970270123, 0.022618895742451406]], "T": [-0.0649078510803984, 0.03021709384862784, -0.01588076777387843], "aligned_model": [[0.12250320441656554, -0.12498514616415776, 0.2860745810186044, -0.45954974647378566, -0.022686897636046394, 0.6251078385695099, -0.5140920312568897, -0.7823568038758835, -0.5859261313937307, -0.24013913056963723, 0.07870762679604218, 0.5558083728238926, 0.016524272344390717], [-0.4438750404561261, -0.7641895919131809, 0.3648103209060785, -0.29762390801116495, 0.5926798435860062, -0.03324305969234895, -0.5222358714812333, 0.07149307352918313, 0.284546088196936, -0.07081717611267321, 0.498463869805747, 0.07539628836795739, -0.0379489702918116], [-0.5848909172150888, -0.08004287347052016, -0.6997540093909694, -0.3494352582050237, -0.22409261365623712, -0.20486457324076246, 0.3356501584997951, 0.34427224497533865, -0.2824708072753275, 0.66142190580013, 0.6137056561793421, 0.4127261718427973, 0.001750787665200513]], "inverted": false, "swapped": false, "error_lsq": 0.05747345786483764, "error_max": 0.34885815690532934, "target": "503.xyz", "model": "13.xyz", "model_rescale": 4.170626492500431, "target_rescale": 4.068667558191778},
{"mapping": [6, 3, 5, 4, 12, 11, 2, 0, 8, 1, 7, 9, 13], "R": [[0.5764443808660287, 0.11197766871263323, -0.8094274998279121], [-0.7874493879669876, -0.18845370919892301, -0.5868634090481227], [-0.21825521106813794, 0.9756773038248104, -0.020456335027346645]], "T": [-0.12773154389168317, -0.024494384614934462, 0.031216692325659257], "aligned_model": [[0.14463134016002221, 0.1920088459036433, 0.25774101921666626, -0.6428526997966775, -0.03221544720681041, 0.5466693040665699, -0.544221609753305, -0.5542374250671815, -0.5128469228535122, -0.01935518102689565, -0.3641742698465976, 0.5368077603911602, -0.0529647055882074], [-0.5571905804086639, -0.6159704938318229, 0.02276325823423071, 0.0903627093393128, 0.503778881386061, -0.09343764295742328, -0.5276607466969898, -0.1223392657948081, 0.6072812684210301, -0.1541978723204479, 0.4835948695066826, 0.12401762849408644, -0.0435461469378782], [-0.5600044925180616, 0.18417322140849215, -0.7912171631540669, -0.44261996022509925, -0.4662872301602847, -0.16900811765915646, -0.04810420242494329, 0.4366516674788772, -0.032829868261078005, 0.7810473659744316, 0.6171944650081695, 0.4701223011864472, -0.03514211414505247]], "inverted": true, "swapped": false, "error_lsq": 0.052651987110462733, "error_max": 0.29845980252271087, "target": "503.xyz", "model": "14.xyz", "model_rescale": 3.9786697098870705, "target_rescale": 4.068667558191778},
{"mapping": [11, 5, 10, 9, 4, 8, 0, 3, 7, 1, 2, 12], "R": [[-0.690928813489098, 0.18028137843527958, 0.7000828517254389], [-0.3835455953125352, 0.729458908082189, -0.5663766218126359], [-0.6127888306806029, -0.6598396214300989, -0.43485804923455607]], "T": [0.020167596410613876, -0.03845808579414582, -0.037904280920982886], "aligned_model": [[-0.1251873430353067, -0.6112445770077155, 0.6882730381295041, 0.6016864544442978, -0.06784931841367237, 0.37048015183393085, -0.5724391132218627, 0.049499711026558854, 0.7327660428057001, -0.014071365153288062, -0.6692109817821458, 0.10065189714133574], [-0.4332634166384068, -0.06872026737464663, 0.028011478192620468, -0.5387714397374316, 0.48412533030233257, 0.610365881595144, -0.2038186154389519, 0.27472573058477123, 0.022053205409007612, -0.5373135483114895, 0.3962578651551295, -0.018977713513639992], [-0.47038730037951204, -0.37528757085448783, -0.5011896141102341, -0.2398084487855087, -0.38996668670702017, 0.08487318756538546, 0.4780767845245353, 0.5681002948588014, 0.18900726960085604, 0.23841327076188187, 0.07579201075184791, 0.002343296647284915]], "inverted": false, "swapped": true, "error_lsq": 0.0480129242535892, "error_max": 0.24863116630895335, "target": "503.xyz", "model": "15.xyz", "model_rescale": 3.769337070930944, "target_rescale": 4.068667558191778},
{"mapping": [1, 3, 11, 5, 9, 7, 10, 8, 4, 2, 12], "R": [[-0.4759682502784908, 0.5658912939226213, 0.6732171033102274], [0.8787962273896666, 0.27624001896542644, 0.3891126349113718], [0.03422594706537002, 0.776825910603246, -0.6287846126957276]], "T": [-0.10157325215318957, 0.06409347903717172, -0.06124344669493961], "aligned_model": [[-0.34272231634468847, -0.23501007177137032, -0.15526325586125242, -0.5513588439099519, 0.39158074708854884, 0.469302403770005, 0.6889040067306468, 0.30738063728532816, 0.06272236387558253, -0.6730460595100404, -0.03986348066163714], [0.005489335637741857, -0.5950828002346391, 0.6309512398817805, 0.5550716414680205, 0.25615055365325595, -0.3624676262506569, 0.26236573772972227, -0.37594867236185664, 0.21650453945413645, 0.004627076245628192, -0.0015965275977910254], [-0.5758240055546416, 0.0565159252085278, -0.2608193276936329, 0.2034412377227108, -0.6521378031628597, -0.29596375441857226, -0.09660159652931907, 0.3835996213854084, 0.5342111366767945, 0.5278492507743725, -0.08005307718501156]], "inverted": false, "swapped": true, "error_lsq": 0.054805036470348595, "error_max": 0.298313203785154, "target": "503.xyz", "model": "16.xyz", "model_rescale": 3.7852294659196426, "target_rescale": 4.068667558191778},
{"mapping": [6, 7, 10, 5, 0, 9, 7, 1, 4, 2, 3, 8, 12], "R": [[-0.8759264390850429, -0.4002085782188736, 0.2694178302039874], [0.09649651809318811, 0.4018231791442133, 0.9106187757224912], [-0.47269577458201156, 0.8236329441094895, -0.3133488121404754]], "T": [-0.04136842620522047, 0.02081753172712007, 0.05835615005689558], "aligned_model": [[-0.10607302244650987, -0.2539644657870867, 0.20319663645858685, -0.6009495284360471, 0.09377443716807299, 0.7438843417338887, -0.2539644657870867, -0.6664624942402545, -0.4498673958840285, -0.10318125375008735, -0.20558768889066098, 0.5239128373019796, 0.030272071158108142], [-0.6202359355550453, -0.6467356300553805, -0.0374189975088597, -0.12362379035447639, 0.679421323271271, 0.24237577854571019, -0.6467356300553805, 0.02631281898185257, 0.41606004449945544, -0.2620392155156963, 0.5398402128931653, 0.14506384976709535, 0.005171037519657945], [-0.5517725275290299, 0.08290620758663754, -0.7071838633100969, -0.25503610425363554, -0.05879592197624167, -0.22721664140349845, 0.08290620758663754, 0.347287564362211, -0.36437146077347926, 0.5971123620121649, 0.6381344364395576, 0.357063124923038, 0.002942488844409695]], "inverted": true, "swapped": false, "error_lsq": 0.05951228885282914, "error_max": 0.37471725281172846, "target": "503.xyz", "model": "17.xyz", "model_rescale": 3.901054581598922, "target_rescale": 4.068667558191778},
{"mapping": [10, 4, 9, 11, 13, 5, 6, 7, 12, 1, 0, 8, 14], "R": [[-0.9974815429169394, 0.02827384427798975, 0.06504737711688628], [-0.005788144838557344, 0.8816005888916075, -0.4719606965048034], [-0.07068994921040982, -0.47114858738588533, -0.879216662538259]], "T": [-0.017220371246122634, 0.03741843309949422, 0.03975054790461556], "aligned_model": [[0.14710975326057824, 0.271841247010403, 0.07358742076109395, -0.5786289359935881, 0.15091195410981953, 0.512629969059649, -0.5890966125809319, -0.6238215971989359, -0.565011309349692, -0.20998521805659084, -0.1502666089025897, 0.5620557128056947, -0.046335766326035144], [-0.580189078317637, -0.6713473807322566, 0.1115535763824031, -0.19938300703982192, 0.6473101313491743, 0.19358754356951283, -0.44282119528603603, 0.10907374577918921, 0.43862259467000453, -0.2365400892409652, 0.3914832791071406, -0.0989963517361597, 0.055102097928821495], [-0.47406879792581463, 0.23891975211084537, -0.6086687198346233, -0.47549355958504097, -0.31699282747480734, -0.2517213595041113, 0.11755292058719893, 0.2977766950962584, -0.2618044436762344, 0.6508757325493043, 0.6973532410001699, 0.3334314581860077, -0.003184219020478024]], "inverted": false, "swapped": false, "error_lsq": 0.043242146659879015, "error_max": 0.2746041227640834, "target": "503.xyz", "model": "18.xyz", "model_rescale": 3.9405287249114394, "target_rescale": 4.068667558191778},
{"mapping": [8, 1, 7, 5, 13, 4, 2, 10, 11, 3, 14, 12, 15], "R": [[0.9745020538666644, 0.175889050596299, -0.139315429475651], [-0.011287088296353553, -0.5816810674647888, -0.8133386363568461], [-0.22409450829380634, 0.7941726371723948, -0.5648641196953483]], "T": [0.02712283465079085, -0.025189657591792716, -0.051636938572039576], "aligned_model": [[0.027924169809301957, 0.10881044072691229, 0.2731292468781351, -0.58155453110742, 0.04208239809541263, 0.7296765671146876, -0.6659347491877718, -0.61937838271933, -0.5533788308686911, -0.033409323661818924, -0.167147417331644, 0.4025128715660835, -0.00834245071498331], [-0.4643195195025711, -0.5792828441956672, 0.18909370659865676, -0.3216599256686195, 0.6436315200351401, -0.043158445102648366, -0.533209012747448, 0.029444962853242385, 0.3952152044421655, -0.16730920072346295, 0.5110465473897211, 0.09750029055672176, -0.039537417501860773], [-0.6676210924072995, 0.2974007378357585, -0.6754871080162705, -0.5342132406414298, -0.11315351512857394, -0.2535289995663123, 0.07841229550541404, 0.39215949126297467, -0.125736670063673, 0.7859587205284763, 0.4722416387127074, 0.32805841169899386, -0.04051479721209054]], "inverted": true, "swapped": false, "error_lsq": 0.03881179730091596, "error_max": 0.20543474475408122, "target": "503.xyz", "model": "19.xyz", "model_rescale": 4.410303926677745, "target_rescale": 4.068667558191778},
{"mapping": [1, 2, 5, 8, 10, 3, 7, 12, 9, 4, 11, 6, 13], "R": [[-0.8137325380264068, 0.06815175125754663, -0.5772301926940689], [-0.5504522151139127, 0.2285666919979789, 0.8029692560648183], [0.18665935667222605, 0.9711398488938812, -0.14847787194420636]], "T": [0.021775551348713562, -0.09694765742262236, 0.0146157425128654], "aligned_model": [[-0.03439385590775301, 0.05365556604313909, 0.11797921278694307, -0.5077126402382109, 0.021785379793202053, 0.7070538441541608, -0.5059627650604538, -0.6663110516895402, -0.48756195771163835, 0.012442326255424269, -0.14252749884104807, 0.4074389012121811, -0.020895452197531583], [-0.6860623009524965, -0.6702071355433512, 0.21451297811963205, 0.026961799763766878, 0.6533443480708064, 0.03998999477598118, -0.5650708497288671, -0.0739154214889234, 0.36264086907888293, -0.14524896672294088, 0.5062723955377197, 0.11540813369361368, -0.06116997817045402], [-0.4468047009435565, 0.3447156715675755, -0.7553244181502046, -0.5288419677066726, -0.32034085079928587, -0.17930289125499355, -0.08133273939456744, 0.325551877620608, -0.04204478131974004, 0.7165226234045367, 0.5589165783550886, 0.3923386855941993, -0.04007721446431296]], "inverted": false, "swapped": false, "error_lsq": 0.048115222396035114, "error_max": 0.2454126613554931, "target": "503.xyz", "model": "20.xyz", "model_rescale": 4.121658175737393, "target_rescale": 4.068667558191778},
{"mapping": [11, 4, 7, 9, 5, 3, 10, 6, 8, 2, 1, 3, 12], "R": [[-0.7746463780638647, 0.4957858012598429, -0.3925804735613725], [0.6323251215599739, 0.6164466988456089, -0.4692104092265171], [0.009377078260326382, -0.6117106397239522, -0.7910260195795161]], "T": [-0.15441000544471606, 0.03235826119338131, 0.0026205277232016185], "aligned_model": [[0.1534629185932207, 0.06297420872954554, 0.2738665083785379, -0.5429408046421612, -0.04196325427601309, 0.5379337531754153, -0.6222233344049266, -0.6815215890118238, -0.6587033843981471, 0.006380464156349047, -0.0014440486291725785, 0.5379337531754153, -0.06876518224736529], [-0.605113634154808, -0.46960190143481734, 0.05902568429356091, -0.17559362112585747, 0.6631096530949725, 0.019279727441899264, -0.5871330215106081, 0.06477843352820706, 0.4396681880856527, -0.22314137037176457, 0.4299195808498839, 0.019279727441899264, 0.08297842029514937], [-0.5202684169165723, 0.17557052190946518, -0.5290618360521824, -0.570496133957055, -0.22848970517995948, 0.05856491799282745, 0.08042979174699752, 0.38173366778466883, -0.18038196970575296, 0.6990959381754742, 0.5511834495124236, 0.05856491799282745, -0.03246927079448715]], "inverted": true, "swapped": false, "error_lsq": 0.049427007771634605, "error_max": 0.36271618579435094, "target": "503.xyz", "model": "21.xyz", "model_rescale": 4.08911054899281, "target_rescale": 4.068667558191778},
{"mapping": [7, 13, 6, 0, 8, 10, 4, 2, 1, 14, 15, 9, 16], "R": [[0.3676736353132159, 0.9061175088905113, -0.20920601802438393], [-0.8691564072473914, 0.4148341443802616, 0.2692206760208123], [0.3307313677841447, 0.08284740634655298, 0.9400814164875713]], "T": [-0.024925545071799476, 0.02439608708910049, 0.061500798047583474], "aligned_model": [[0.22364976382942703, -0.06581797053568832, 0.09271797278347309, -0.4646389388258859, -0.028877580669029866, 0.7159985858375677, -0.5784611530940176, -0.6820273291101575, -0.6226269052494944, 0.08576285592707288, -0.26804951789704756, 0.5941839368135323, -0.04682371121087696], [-0.4645682007326486, -0.6351901143096385, 0.08676027754008667, -0.2166276122269109, 0.588688420022474, -0.09553037562222036, -0.3995393019748889, 0.04189381331261201, 0.5185998968099504, -0.18688575542136823, 0.38740259085211776, 0.10463733476079223, -0.012185106576988413], [-0.3911805789153563, 0.06345489433504185, -0.6718714396376171, -0.528955894606978, -0.3413894630252329, -0.23478366828956015, 0.048489171769662616, 0.36010572828797144, -0.10736026840993561, 0.6572613597305116, 0.6451308435024008, 0.40473891244382165, 0.040336275323944175]], "inverted": false, "swapped": false, "error_lsq": 0.0444761214406291, "error_max": 0.21864246040209, "target": "503.xyz", "model": "22.xyz", "model_rescale": 4.204369325754507, "target_rescale": 4.068667558191778},
{"mapping": [8, 1, 7, 5, 13, 4, 2, 10, 11, 3, 14, 12, 15], "R": [[0.9745020538666644, 0.175889050596299, -0.139315429475651], [-0.011287088296353553, -0.5816810674647888, -0.8133386363568461], [-0.22409450829380634, 0.7941726371723948, -0.5648641196953483]], "T": [0.02712283465079085, -0.025189657591792716, -0.051636938572039576], "aligned_model": [[0.027924169809301957, 0.10881044072691229, 0.2731292468781351, -0.58155453110742, 0.04208239809541263, 0.7296765671146876, -0.6659347491877718, -0.61937838271933, -0.5533788308686911, -0.033409323661818924, -0.167147417331644, 0.4025128715660835, -0.00834245071498331], [-0.4643195195025711, -0.5792828441956672, 0.18909370659865676, -0.3216599256686195, 0.6436315200351401, -0.043158445102648366, -0.533209012747448, 0.029444962853242385, 0.3952152044421655, -0.16730920072346295, 0.5110465473897211, 0.09750029055672176, -0.039537417501860773], [-0.6676210924072995, 0.2974007378357585, -0.6754871080162705, -0.5342132406414298, -0.11315351512857394, -0.2535289995663123, 0.07841229550541404, 0.39215949126297467, -0.125736670063673, 0.7859587205284763, 0.4722416387127074, 0.32805841169899386, -0.04051479721209054]], "inverted": true, "swapped": false, "error_lsq": 0.03881179730091596, "error_max": 0.20543474475408122, "target": "503.xyz", "model": "23.xyz", "model_rescale": 4.410303926677745, "target_rescale": 4.068667558191778},
{"mapping": [5, 4, 6, 9, 7, 12, 8, 10, 11, 3, 1, 0, 16], "R": [[-0.7356922124622421, 0.39443050502247246, -0.5506192379767787], [0.6459519524972265, 0.6531034584683885, -0.395223920836848], [0.20372295792922324, -0.6464367325920979, -0.735266283171084]], "T": [-0.1201028567559728, 0.03316464386422553, -0.1536434962876909], "aligned_model": [[0.2603110730025074, -0.10302986369859257, 0.22639166438795116, -0.7035607458044167, 0.1411044183245802, 0.6654710091079027, -0.603108681536814, -0.6231395492940313, -0.5626415118290289, 0.02466018792911405, -0.18735474419890724, 0.5170570903714327, -0.09717033816282267], [-0.4467751493890378, -0.5667494284111584, -0.04988865988310302, -0.10807960153812331, 0.6269506004837764, 0.06905087828468164, -0.6189451550807725, -0.0954532139771511, 0.48576700554168795, -0.2011662757775181, 0.5023672233616571, 0.09572447605759528, 0.02465316676083531], [-0.29697901291095297, 0.18354486618227703, -0.8251654879705353, -0.3326600834416157, -0.008316644506283555, -0.320261965355509, -0.0226288001572664, 0.23903382528853803, -0.1479753765926884, 0.7027347295140978, 0.5616616641848564, 0.24698011791734673, -0.03599195964359028]], "inverted": false, "swapped": false, "error_lsq": 0.04463864859734338, "error_max": 0.29534034479814136, "target": "503.xyz", "model": "24.xyz", "model_rescale": 4.28219845311461, "target_rescale": 4.068667558191778},
{"mapping": [10, 11, 6, 14, 0, 8, 12, 13, 2, 7, 4, 1, 15], "R": [[-0.7452021063284212, -0.5678450252806574, -0.3496081348991954], [0.15287480693681205, 0.3648354737052335, -0.9184358282048399], [0.6490786655927898, -0.7378665898319882, -0.18506696485865776]], "T": [-0.033297492380575576, -0.0871805378607317, 0.1492710505619826], "aligned_model": [[0.12251694852790496, -0.043463196953964854, 0.13819463884060693, -0.4541100024660448, 0.13317656695502275, 0.5161651956992199, -0.5520074842986422, -0.6021830861198175, -0.46653559871260347, -0.3200302737168489, -0.05662712086562271, 0.5619220526024885, -0.022028630892823666], [-0.440105233141243, -0.6038490897365009, 0.26098460120207456, -0.2770384955955438, 0.6662630488197633, -0.16355671399525162, -0.6482102215121431, -0.07088029266134484, 0.34011995555351077, -0.013528432141257735, 0.5488415395478263, 0.13518307702989263, -0.016767876936413198], [-0.5441774610763466, -0.02227292980957274, -0.6640976357246329, -0.45654691890983984, -0.11561254895706141, -0.26810586669149705, 0.12466335706217882, 0.3196234505432994, -0.1645745419476186, 0.8689276945113573, 0.5092435752209679, 0.22766438503373146, 0.12924131325370922]], "inverted": false, "swapped": false, "error_lsq": 0.050249333649704346, "error_max": 0.28618824724624325, "target": "503.xyz", "model": "25.xyz", "model_rescale": 4.100010024507729, "target_rescale": 4.068667558191778},
{"mapping": [8, 7, 6, 9, 2, 0, 3, 11, 10, 5, 4, 12], "R": [[-0.3235243115644569, 0.654217832388642, -0.6836161551714905], [-0.7310660370870433, 0.28585317809827376, 0.6195404829298587], [0.6007282823744777, 0.7002049616760964, 0.3857959854632839]], "T": [0.044923707526313014, 0.11834702059090296, -0.08133924183297045], "aligned_model": [[-0.5562429586791077, 0.06832651145870482, 0.29831727086714754, 0.6321060988494897, -0.4865728412827096, 0.09418314540864951, -0.29932823061210534, 0.442870766917923, 0.10040477962907111, 0.009804971661885029, -0.461236975758457, 0.03413306390251587], [-0.3169142151734662, -0.5934686199275166, -0.22655827611798057, -0.39054951783513914, 0.7422337349448117, 0.7332558382706369, 0.052155334275186316, 0.3124529715019003, -0.5571558835915962, 0.7444733254713547, 0.12985420225176664, 0.0363524959806813], [0.007610350623930201, 0.15470697527173696, 0.6762356946519156, -0.24097658045346373, -0.007688613337759026, 0.43268792737441786, 0.5045748179114316, -0.4912195750362701, -0.5352489919139727, -0.4279761432575897, -0.4666407979017485, -0.04087277407827175]], "inverted": true, "swapped": true, "error_lsq": 0.05232310721536551, "error_max": 0.26684292469882975, "target": "503.xyz", "model": "26.xyz", "model_rescale": 3.6694154284099745, "target_rescale": 4.068667558191778},
{"mapping": [4, 10, 0, 2, 1, 5, 11, 12, 6, 9, 3, 7, 13], "R": [[0.22820147883234093, -0.7876889198219719, 0.5722501643935354], [-0.4542693859265521, 0.43371850066757717, 0.7781565312895488], [-0.8611407608914157, -0.43753220197873943, -0.2588477586593894]], "T": [0.01943557029619329, -0.09273260274482328, 0.025595849614287514], "aligned_model": [[0.24221018274512846, -0.058629124808739205, 0.10128421490401633, -0.49170400622544125, 0.1359752576568506, 0.657782356730741, -0.718387230890881, -0.6980597282048987, -0.4040907076466922, -0.06956014959825067, -0.11875344159346359, 0.39909720504413077, -0.022174819513625918], [-0.6562672434914648, -0.6888045721309827, 0.03640022212672264, -0.19487948912615788, 0.707943900463912, 0.25067356866406165, -0.5046626783991766, 0.06321712707248608, 0.43336798741179217, -0.3101558483181728, 0.433418618948043, 0.24852934491462267, -0.10132507170231603], [-0.5296795332505635, 0.04784063738392254, -0.6174895693229626, -0.4107892934865813, -0.32793249744583364, -0.2915225532073207, 0.17427872039989556, 0.3266157688159691, -0.09701774152918347, 0.6656508703704515, 0.6230068549009388, 0.39373420797789105, -0.012719999097948617]], "inverted": true, "swapped": false, "error_lsq": 0.048388250074060855, "error_max": 0.3127704182350409, "target": "503.xyz", "model": "27.xyz", "model_rescale": 4.103607728864725, "target_rescale": 4.068667558191778},
{"mapping": [1, 0, 4, 7, 13, 2, 5, 6, 11, 9, 10, 3, 14], "R": [[0.17956917974707914, -0.5333587644016472, -0.8266095439328713], [0.4462887121113517, -0.7046569223897939, 0.5516203469508127], [-0.8766876839142617, -0.46796052201450955, 0.11149733050147648]], "T": [-0.0918399311507234, 0.13574738549587043, 0.054387005294660506], "aligned_model": [[0.09758682153525135, 0.22642574646464014, 0.2834900079671296, -0.5808368282486205, 0.0008598293504688409, 0.562004016763283, -0.4891675095607816, -0.6696898794628061, -0.6264990232904059, -0.2988726794160262, -0.10418592905075198, 0.5694582738004049, -0.015582838252911471], [-0.59477071573509, -0.4955218365616181, 0.19052346056938613, -0.20274983269202276, 0.6426975017636505, 0.0004924091910735451, -0.474680793882688, 0.06368195786665018, 0.541662524393763, -0.2812951153608625, 0.3518875125220823, -0.03948576052866834, 0.015014554887712972], [-0.4286467836017559, 0.15387503832684718, -0.7688604092386904, -0.3535136118549952, -0.33839902675435085, -0.2546678270459712, 0.12256796772000632, 0.3037126442253778, -0.09201582481856696, 0.7276899977712044, 0.5158047099080593, 0.36343211725983443, -0.007003119388324833]], "inverted": false, "swapped": false, "error_lsq": 0.04174981852183272, "error_max": 0.26765671771623784, "target": "503.xyz", "model": "28.xyz", "model_rescale": 4.137296879288765, "target_rescale": 4.068667558191778},
