[{"mapping": [7, 8, 9, 10, 3, 6, 5, 0, 1, 2, 4, 11], "R": [[-0.9197245523872175, -0.03679620393907454, 0.3908360105105547], [0.3780701282820822, -0.35106214625222826, 0.8566319790724306], [0.10568692367981158, 0.9356288841439502, 0.33679202086546606]], "T": [0.060134893395864406, 0.028994888845425195, -0.06156813461209955], "aligned_model": [[-0.5032771481236317, 0.6363181082116572, 0.026655493909830977, -0.5827656307118162, -0.0132024183862543, 0.21787244914642256, -0.5251452348470151, 0.006397992494418039, 0.23981602015673614, 0.6913553258378617, 0.23691655526986827, 0.0354141180794157], [-0.6491161111607002, -0.13517327557909578, -0.2868306891525421, -0.00730891431637096, 0.3478921219359266, -0.6782923976965678, 0.06563592230647561, 0.4179209883569253, -0.26193772591001185, 0.24696905648270598, 0.8039777546098897, 0.057457787216158476], [0.28388179375312456, -0.27172333308511204, -0.5797281084814342, -0.2786448398177105, -0.6673393028057665, -0.06581610552312157, 0.5256208798294287, 0.4165952565020469, 0.5588780482889342, 0.38876315843447024, -0.20474029859693216, -0.0031643455895257466]], "inverted": true, "swapped": false, "error_lsq": 0.051813363607118725, "error_max": 0.3169864175212958, "target": "504.xyz", "model": "0.xyz", "model_rescale": 3.751011558992144, "target_rescale": 3.8144795122179467},
{"mapping": [13, 10, 9, 12, 11, 5, 0, 1, 8, 4, 6, 14], "R": [[0.47173834344599197, 0.6839158594824767, -0.5565267580909082], [-0.7345216506593083, 0.6539828719019262, 0.18106448567191158], [0.48779184088661875, 0.32336589246123937, 0.8108598026522154]], "T": [-0.022128461101547425, -0.026148787605474417, 0.08547092341328637], "aligned_model": [[-0.4187261123967249, 0.6595979917790555, 0.04487960908077912, -0.5949877143624561, -0.022532353772608926, 0.1403543622480914, -0.48043272980101404, 0.03857705737111261, 0.33865161208813, 0.7037003968119554, 0.10311005017732833, -0.04583653818615506], [-0.6047215681313434, -0.05903011170317597, -0.40150232674406994, 0.06778294016631693, 0.3054417673449161, -0.6288268255905346, 0.17313694707953556, 0.510482206509958, -0.27853550667875804, 0.18713397311504856, 0.6803629463238573, -0.030529924598958078], [-0.10285336849376468, -0.36908557483228205, -0.45193884624192276, -0.378192974845324, -0.6403241782959205, 0.06391723132982545, 0.6562133449506975, 0.5259565254679781, 0.5820159213384967, 0.31624549503940874, -0.13562233831795822, 0.03625156580916764]], "inverted": true, "swapped": false, "error_lsq": 0.04283657312779327, "error_max": 0.24444135015044788, "target": "504.xyz", "model": "1.xyz", "model_rescale": 3.9405287249114394, "target_rescale": 3.8144795122179467},
{"mapping": [11, 1, 6, 3, 7, 0, 9, 8, 5, 2, 4, 12], "R": [[-0.09002916872279626, 0.6412995733468096, -0.7619905550623856], [0.5683478750003135, -0.595202818148068, -0.5680794823360777], [-0.8178480554245455, -0.4842194363032097, -0.31089563481093074]], "T": [0.006613465986505314, 0.013229186701593853, -0.02307148870050016], "aligned_model": [[-0.40146165995670113, 0.7306015750408676, -0.13961616341903, -0.41403474183539773, -0.07066292879776054, 0.43625735320894393, -0.39138082995569806, -0.26187359544681515, 0.1899978104570042, 0.5557949925452292, 0.15715566122378166, 0.07557815797306941], [-0.5045368574336953, 0.10611704870691911, -0.3915584115750885, 0.2694263116143012, 0.13778816618994302, -0.7001972409646757, 0.11598928808682309, 0.6204139443590071, -0.4268752019993819, -0.02577570369656661, 0.6757385546361704, 0.0446646191690374], [0.2471271496456479, -0.3303814224778425, -0.3549142061959105, -0.31327451592725897, -0.802445129898423, -0.11981264207183573, 0.6707743220174335, 0.376842424562306, 0.5253394791201799, 0.378236244757588, -0.19660565460128174, 0.021696753977799098]], "inverted": false, "swapped": false, "error_lsq": 0.04884638504831961, "error_max": 0.2689975271208907, "target": "504.xyz", "model": "2.xyz", "model_rescale": 3.932901565614263, "target_rescale": 3.8144795122179467},
{"mapping": [5, 11, 12, 6, 10, 9, 4, 0, 7, 3, 1, 13], "R": [[-0.1116380490190014, 0.9511405485237822, 0.28786907260959815], [0.39859392631111124, 0.3082147746536201, -0.8637861625385712], [-0.9103075457883032, 0.018311461959581943, -0.4135273418309595]], "T": [0.14309450203643378, 0.04295334316770621, 0.06476334257907107], "aligned_model": [[-0.3687036910200655, 0.8124790031877617, -0.16223501230385026, -0.4639974921964778, 0.05236747949353421, 0.21466426772508435, -0.5163956931331245, 0.05120998591762599, 0.1440705360125483, 0.551784077802699, 0.07461848974207261, 0.07649367980968556], [-0.46185597381148785, 0.09676517469269835, -0.4022906891784273, 0.051898218226070325, 0.12818721599086969, -0.6867642637766909, 0.09137537695745923, 0.5307207329568003, -0.4003540511992559, 0.23869048213443467, 0.7485785185106455, -0.013756224410323314], [0.059299943475152134, -0.5240807579889335, -0.4752935521018659, -0.24836851531829346, -0.6406792380788429, 0.018041590220459508, 0.6356875001137277, 0.5148639294471105, 0.6244240869630189, 0.30001912076598153, -0.150115154657535, -0.011216149931577227]], "inverted": false, "swapped": false, "error_lsq": 0.04138414485204144, "error_max": 0.2335101983603648, "target": "504.xyz", "model": "3.xyz", "model_rescale": 3.9243930471874484, "target_rescale": 3.8144795122179467},
{"mapping": [4, 5, 3, 10, 6, 2, 8, 9, 7, 1, 11, 12], "R": [[-0.5725729777607658, -0.37944681724260076, -0.7267601378877558], [-0.8171069891299025, 0.3366136178407145, 0.46800367583946456], [0.06705485406169132, 0.8618070463674834, -0.5027845078939084]], "T": [0.006954888449096128, 0.04373743609786823, 0.0023678353453700056], "aligned_model": [[-0.29600737859552884, 0.6738856878931686, -0.05207372945030993, -0.6513582918245643, 0.09986928071884542, 0.2596513631653144, -0.38753943906263205, 0.035724372570944386, 0.12542525639326435, 0.608335372835678, -0.06976819771416366, 0.1202113341074771], [-0.44361601623764807, 0.18028541317944652, -0.42111472954443857, 0.16544351453474326, 0.18581706388749875, -0.8415062918257379, 0.11661643517283626, 0.613568604929771, -0.4703812358224703, 0.008191692157560548, 0.790014693318396, 0.03787537334283496], [0.15424853419782875, -0.32956748739492236, -0.4807278660753911, -0.21885401409181526, -0.6995558142156157, 0.06321620550833985, 0.48754743711272314, 0.4172800520706729, 0.6061604504163206, 0.3860842841316775, -0.2492626572275869, -0.033986321523829494]], "inverted": false, "swapped": false, "error_lsq": 0.0477109621352118, "error_max": 0.2705712617870739, "target": "504.xyz", "model": "4.xyz", "model_rescale": 3.8936222436046832, "target_rescale": 3.8144795122179467},
{"mapping": [10, 9, 3, 2, 0, 8, 4, 5, 7, 6, 1, 11], "R": [[-0.3661568136514267, 0.60896813496231, -0.703624188340026], [0.8229066403188088, 0.5649251465999061, 0.06069794113712286], [0.43445810975955507, -0.5567920521519686, -0.707975113633632]], "T": [0.0740575517261245, -0.09076542220213002, 0.011164266892882673], "aligned_model": [[-0.3830904720850975, 0.5924543357240886, -0.05841079481591957, -0.5898707479896482, 0.014336266800085928, 0.365139826216065, -0.5541676945217769, 0.060569909603625294, 0.22050291676772502, 0.6687030833757669, 0.097951279829442, 0.03223772213313722], [-0.4949104087237865, -0.06053413430760962, -0.3613899556775584, 0.09079807289351557, 0.21787206296913159, -0.7564526406970145, 0.19416507261149313, 0.4509248101947245, -0.34099305442974026, 0.253904223581223, 0.68590132244395, 0.04190914623446451], [0.17593657548862057, -0.32407711986308524, -0.478219561371612, -0.2776131127775114, -0.8158149225979794, -0.12297917476987995, 0.40457531402918073, 0.6141241599891654, 0.5905496434046232, 0.41391500255007246, -0.18714514962391807, 0.10933114845072578]], "inverted": true, "swapped": false, "error_lsq": 0.047649327013755564, "error_max": 0.37293601921119385, "target": "504.xyz", "model": "5.xyz", "model_rescale": 3.6523030999806103, "target_rescale": 3.8144795122179467},
{"mapping": [9, 1, 8, 10, 6, 5, 11, 4, 7, 3, 2, 12], "R": [[-0.04033520406007868, 0.48216325588945685, -0.8751523672958383], [-0.5633434283251442, -0.7343594621085955, -0.378629584388816], [-0.8252376948954192, 0.4777392333497976, 0.3012440403427802]], "T": [0.06912526522740989, -0.03879418964102841, -0.03625432582945486], "aligned_model": [[-0.5387722877436734, 0.6520524684129503, -0.03515441516013049, -0.6098740502877883, -0.0818396631403373, 0.47680942567687523, -0.3844226918567043, -0.07129318505140228, 0.13917594574921352, 0.5074121442977064, 0.2699503880491395, 0.1423115520916443], [-0.4194468786532114, 0.15186487942207674, -0.5433842413773835, 0.30674466282711366, 0.10612286046751365, -0.5839289898914783, 0.04290011354546499, 0.4546782139722922, -0.35627389376354995, 0.164025933243251, 0.6758040955086357, -0.07791223820793183], [0.054448323636837444, -0.3621682119461963, -0.47009500005614113, -0.20428965732817542, -0.6517485183795297, -0.05917167430742681, 0.7135385086206206, 0.22045416179864474, 0.5646762852446459, 0.46315463718182787, -0.19509448169035334, 0.028878430133648277]], "inverted": true, "swapped": false, "error_lsq": 0.04434967396278972, "error_max": 0.2652129314263055, "target": "504.xyz", "model": "6.xyz", "model_rescale": 4.08911054899281, "target_rescale": 3.8144795122179467},
{"mapping": [11, 0, 1, 13, 2, 9, 10, 5, 8, 4, 7, 14], "R": [[0.4363723793521069, 0.3586602413890194, 0.8251920853870033], [-0.3804830566577635, -0.7575286087392827, 0.5304555123079517], [0.81535991447639, -0.545447741024103, -0.19410041647754667]], "T": [0.024328520086059298, 0.034838523383889305, 0.05127375247864389], "aligned_model": [[-0.41596151705602774, 0.7279782091343127, -0.03640089647119062, -0.5573234397950168, 0.12085382908453973, 0.2383368313935095, -0.3087656024146718, -0.054257291702240605, 0.27496089197841345, 0.48073871371211974, -0.027468617640691022, 0.02366452081443706], [-0.3453592256551454, -0.18038319652378704, -0.398038797242928, 0.16191569782091392, 0.26967723027687657, -0.7184579632167598, -0.07074691565346862, 0.6302582985691851, -0.3301489884808987, 0.27136538786709846, 0.7600695563118959, -0.12895656698018976], [0.12953880072003565, -0.5345700061175939, -0.5376873855491199, -0.3746686281965225, -0.7140191259403519, 0.01518838322403037, 0.6814919044869301, 0.5201029229524888, 0.5700381533653543, 0.5335540311903266, -0.21451934362985772, 0.02813309640268191]], "inverted": true, "swapped": false, "error_lsq": 0.044494748957216744, "error_max": 0.24655378932503308, "target": "504.xyz", "model": "7.xyz", "model_rescale": 3.964800864290218, "target_rescale": 3.8144795122179467},
{"mapping": [4, 10, 6, 0, 3, 11, 7, 8, 12, 9, 5, 13], "R": [[-0.3018360849080608, 0.0311554246273282, 0.9528506269944229], [-0.10571693865322115, -0.9943957862029353, -0.0009743016150432077], [0.9474802935835472, -0.10102653066465697, 0.3034381870706094]], "T": [-0.11532543519098554, 0.0073415244097323204, -0.006133756830306515], "aligned_model": [[-0.27544162455639665, 0.6448543252669228, -0.09592458715781717, -0.6866623853709977, -0.16147684453862862, 0.4091836815260927, -0.37900113112584705, 0.25206306408432183, 0.06217932966843295, 0.4793970976906012, 0.2768742858339034, -0.05968958028309457], [-0.6762077351936496, 0.2099130936940175, -0.3936402882213881, 0.11551212111939328, 0.18803987305466793, -0.6345147692307992, 0.17147015363502696, 0.5117895793848433, -0.31588038866093465, -0.024489372751978336, 0.7148532800868199, 0.05434897017677443], [0.040947137517721874, -0.24325293385968727, -0.4248735521844065, -0.4245027134812769, -0.7069767135007908, -0.012767706512818479, 0.6344832000195766, 0.44288231397267214, 0.6531799702008467, 0.33904537008411845, -0.21750361602291948, 0.02192204667536568]], "inverted": false, "swapped": false, "error_lsq": 0.051847801726760505, "error_max": 0.3018252301985775, "target": "504.xyz", "model": "8.xyz", "model_rescale": 4.121658175737393, "target_rescale": 3.8144795122179467},
{"mapping": [8, 4, 6, 2, 1, 9, 11, 10, 7, 5, 0, 12], "R": [[0.8360616501392762, 0.34385279042956224, -0.42751160882506384], [0.5245938945976039, -0.7291764544763141, 0.4394348006112744], [-0.1606305167684799, -0.5916645643869133, -0.7900195442718715]], "T": [-0.027100287243166807, 0.00898134153761938, 0.07737448907037184], "aligned_model": [[-0.581356815826545, 0.6662675507806565, -0.060554146069792626, -0.5557905813505938, -0.0002571700372534652, 0.5531110117055632, -0.3956796307925946, 0.04991796171169312, 0.08231101191376579, 0.5036403806048914, 0.2235157086537013, -0.018769650255998513], [-0.4627184851951696, 0.0817444536509543, -0.5544021222906829, 0.2303891653841602, 0.14396774420741282, -0.5799313023597781, 0.0035430323103839527, 0.5827908694217551, -0.43742218402423183, 0.21415101551168184, 0.6749223227749517, 0.02416000770135536], [0.04818011101123972, -0.47223854609935234, -0.32469759664113995, -0.31481373017521885, -0.5978957041608035, -0.021248852309607574, 0.594241751387232, 0.5685889489885195, 0.5713015791311895, 0.3180769083547462, -0.2580930581403208, -0.008819008438082379]], "inverted": true, "swapped": false, "error_lsq": 0.04176725532561159, "error_max": 0.2516268624689556, "target": "504.xyz", "model": "9.xyz", "model_rescale": 3.833441315466971, "target_rescale": 3.8144795122179467},
{"mapping": [13, 4, 5, 0, 1, 2, 8, 11, 9, 7, 12, 14], "R": [[0.43886135613281474, -0.6868666787679221, 0.5793227733238103], [-0.8363110533332048, -0.07644991232616449, 0.5428989159853125], [-0.328610000100381, -0.7227513932906985, -0.6079851078195762]], "T": [0.07558426218904132, 0.10407923169724684, -0.018221011034490607], "aligned_model": [[-0.4345331947837314, 0.7084991617894701, 0.027958494134932024, -0.5018687344728731, -0.10851904211892321, 0.08175398713596252, -0.24255858821779366, 0.05885987225526241, 0.2435291583551715, 0.5141986183666429, -0.004918404825278, 0.12395430341865098], [-0.4958154536680778, -0.13703969135954017, -0.39208819740248124, 0.062184372447677126, 0.30425418988026787, -0.5978805401012942, -0.016276056125041433, 0.5726329033415933, -0.3546340183307951, 0.2512987510446574, 0.67722343505578, 0.04733482231004718], [-0.1430932976986027, -0.4391639702319964, -0.4753696411153792, -0.37685148815307035, -0.7049850843326938, 0.13626092382604335, 0.683105655936735, 0.4772735223495978, 0.6293025735809066, 0.4612139026501945, -0.18568772435647213, 0.040577430453139586]], "inverted": true, "swapped": false, "error_lsq": 0.04767805094615713, "error_max": 0.3362807590722822, "target": "504.xyz", "model": "10.xyz", "model_rescale": 4.2482417240324, "target_rescale": 3.8144795122179467},
{"mapping": [8, 4, 10, 1, 0, 9, 3, 2, 7, 5, 6, 11], "R": [[-0.1817160602031858, 0.9601837691726628, 0.21219425741902403], [-0.041946136963270014, -0.22315919652755278, 0.9738790964996815], [0.9824560015889214, 0.16806874314564252, 0.08082760988272064]], "T": [-0.008615240655936753, 0.04067739965534524, 0.012236981578586813], "aligned_model": [[-0.4459085382641623, 0.7624925832210656, 0.002976185376111558, -0.631082317239416, -0.1811094372482888, 0.4314027574815891, -0.537500373788289, -0.1797524808239279, 0.1504690128740595, 0.6904494659957888, 0.30446115493110437, 0.09945761852185794], [-0.389781159747128, 0.0651028680708121, -0.4583968184049937, 0.3000863675224488, 0.1217676209916677, -0.6559681802646544, -0.08859665561320708, 0.6095699664849924, -0.2918120114766342, 0.14393459912696033, 0.5850352292031423, -0.019747308800613178], [0.030617119197370292, -0.40084376195783705, -0.39493979359958714, -0.1984482806443389, -0.720913483250726, 0.031730555696172016, 0.6136023954807689, 0.4536331514966506, 0.5803032087557225, 0.2668595591178654, -0.1494412856041563, -0.009576581779502753]], "inverted": false, "swapped": false, "error_lsq": 0.045837124959882375, "error_max": 0.2219180088822024, "target": "504.xyz", "model": "11.xyz", "model_rescale": 3.6694154284099745, "target_rescale": 3.8144795122179467},
{"mapping": [6, 1, 4, 11, 3, 0, 7, 10, 5, 12, 2, 13], "R": [[0.5274542933272208, -0.2652247352881724, 0.8071231679502213], [0.166497361196045, -0.8993305967167755, -0.4043304422422364], [0.8331089947692536, 0.3476497053074655, -0.43019656580939425]], "T": [-0.050048263048048214, 0.045263201997978016, 0.05873191802369821], "aligned_model": [[-0.3231572125106644, 0.6390556613900013, -0.07529772310051452, -0.722419376089314, 0.08999846329079356, 0.3382582221617345, -0.3841137282168547, -0.006368172282082751, 0.07195617333062922, 0.5171802198110468, 0.2942035450127661, 0.027059558239952097], [-0.44438294312953497, 0.06415098167389743, -0.3081277885964078, -0.023750202779086092, 0.24824486604053353, -0.5463112097869071, 0.12237881978241985, 0.5728130234083088, -0.44186521708738186, 0.1725556802829994, 0.539905813372862, -0.03441730608890994], [0.13298141457998927, -0.43244272220577734, -0.5910033529013684, -0.23822411443868668, -0.7661524733352423, -0.04124634606830454, 0.7179881390370588, 0.4098900347019941, 0.6851436143544749, 0.4106082790824027, -0.1925307991697064, 0.007571129271568049]], "inverted": true, "swapped": false, "error_lsq": 0.04199551375679722, "error_max": 0.21589051143870858, "target": "504.xyz", "model": "12.xyz", "model_rescale": 3.9764082729961374, "target_rescale": 3.8144795122179467},
{"mapping": [11, 5, 13, 14, 6, 12, 8, 7, 1, 0, 4, 15], "R": [[-0.47075452787312905, 0.41121790590840474, 0.7805703096757228], [0.14322674041457234, -0.8373792378712095, 0.5275245139445646], [0.8705608969607836, 0.36013309462272247, 0.3353026675114547]], "T": [0.07432454849260695, -0.055064389061315194, 0.06274515836126829], "aligned_model": [[-0.661417743578898, 0.7668504539165404, -0.1253011408352803, -0.5791281152788503, -0.008402565959308161, 0.3070521232909747, -0.37954156664091593, 0.0373208223213059, 0.24725148230981864, 0.5741604272281506, 0.2618595660517681, 0.025651888212187404], [-0.3515759147886799, 0.13991888067302918, -0.42700497583647323, 0.015819760405151845, 0.1356963266081355, -0.6426675416487823, -0.11991084899856494, 0.5990581695306274, -0.4412283059699281, 0.36980127297469745, 0.604725556855645, 0.038562137287935186], [0.0989237918015905, -0.3676189905582058, -0.3803014873281172, -0.39198893222296727, -0.6723911416477643, -0.02542482488704563, 0.600753822618415, 0.43929276692300123, 0.5363444437274638, 0.3738097771362566, -0.1502608655798585, 0.04144444292563325]], "inverted": true, "swapped": false, "error_lsq": 0.044840486752421936, "error_max": 0.26285133214256695, "target": "504.xyz", "model": "13.xyz", "model_rescale": 4.170626492500431, "target_rescale": 3.8144795122179467},
{"mapping": [2, 10, 0, 4, 8, 1, 6, 5, 3, 11, 12, 13], "R": [[0.017419362776403623, -0.5024010452805759, 0.8644592272059157], [0.127451117837876, 0.8586531273354467, 0.49645847709444274], [-0.9916918767249938, 0.1015283045167314, 0.07898876514807637]], "T": [0.07532075498623883, -0.10164805808014213, -0.05771585907284589], "aligned_model": [[-0.4904675062895464, 0.5233920452356646, -0.07709348140910141, -0.502401729829539, 0.024641783013526056, 0.48452580507313125, -0.2511416828659969, -0.03780585395687622, 0.1399086092008449, 0.4465360870798306, 0.11724616605930507, 0.0890153897262503], [-0.4134466553437519, 0.15031357166268386, -0.5791203135446557, 0.22127554582980388, 0.2098486715416298, -0.7479862629433324, 0.1395947733712438, 0.671807423221953, -0.4771295067331923, 0.17694389349950865, 0.6108506774874978, -0.04175730095659524], [0.06717387382507287, -0.290257814354862, -0.38121014392736724, -0.3127064611920542, -0.7299938685597348, -0.13263329237750987, 0.6789750123073965, 0.4072452330079894, 0.5170151173284989, 0.4754307932329072, -0.219869899747267, 0.023414253365332052]], "inverted": false, "swapped": false, "error_lsq": 0.044893476621029875, "error_max": 0.227910635761964, "target": "504.xyz", "model": "14.xyz", "model_rescale": 3.9786697098870705, "target_rescale": 3.8144795122179467},
{"mapping": [8, 4, 5, 7, 10, 2, 9, 6, 3, 0, 1, 11], "R": [[0.14474277371751265, 0.06508444194322704, 0.9873264631688445], [0.9658641917907373, 0.20736185411610808, -0.15526565774167744], [-0.21483922470765604, 0.9760968583467877, -0.03284860198767442]], "T": [0.01679572650894278, 0.03699065579432095, 0.002019385432596125], "aligned_model": [[-0.2007075848042087, 0.42020579476684855, -0.1756756386391546, -0.5590061625802313, 0.03158226747516167, 0.48893811363432016, -0.18117135698804548, -0.35155463771490414, 0.11240037685046825, 0.60718010786617, 0.2934643813124995, -0.01930003014143062], [-0.43296721180687325, -0.10321582590191072, -0.5548745458217208, 0.1608011843666505, 0.45507465275601433, -0.6906445472171663, 0.0777625765457866, 0.6858654144569135, -0.4853809608046026, 0.052814953905697175, 0.6496365181934488, 0.10632230842055576], [0.06573781502362848, -0.4367484226500658, -0.5052378909508752, -0.2979791861084619, -0.7172219636204712, 0.04043805127376054, 0.590713662947808, 0.2677923102211034, 0.7524438501907486, 0.3694448335407392, -0.09174411613790381, 0.06494385917839186]], "inverted": true, "swapped": false, "error_lsq": 0.06354779235928533, "error_max": 0.3816538911605946, "target": "504.xyz", "model": "15.xyz", "model_rescale": 3.769337070930944, "target_rescale": 3.8144795122179467},
{"mapping": [5, 0, 9, 8, 1, 4, 10, 3, 7, 6, 11], "R": [[-0.07123540344104834, -0.7347543259266625, 0.6745825359647603], [-0.7164077901475896, -0.43288379051965303, -0.5471485192533966], [0.6940355866325866, -0.5222525293738586, -0.49554707147774435]], "T": [0.002466735327915628, -0.019189741949934065, -0.031175700673850483], "aligned_model": [[-0.48035611442752374, -0.3977930281239534, -0.11797633481529328, -0.6745324385962165, 0.3356137793825265, 0.601694721721366, 0.6928001908044586, 0.2995928480723325, 0.10470333488259274, -0.458998874417502, 0.017878046208383378], [-0.10215371493917255, -0.5398969980094196, 0.6672476681452479, 0.36216013725641394, 0.23236401872184953, -0.2966039570912821, 0.30962389837417265, -0.6119228444492439, 0.44543026455032386, 0.1061223983281474, 0.023693626738305246], [-0.6634650385765625, 0.03700051568675975, -0.13493247346264414, -0.021971935527434906, -0.6768122967696862, -0.2789942131798783, 0.10538860659368138, 0.3269745192721529, 0.5229404011796259, 0.5721176568580334, -0.04402813485027038]], "inverted": true, "swapped": true, "error_lsq": 0.04456715496553188, "error_max": 0.24337952278476244, "target": "504.xyz", "model": "16.xyz", "model_rescale": 3.7852294659196426, "target_rescale": 3.8144795122179467},
{"mapping": [8, 1, 2, 11, 7, 3, 9, 10, 0, 4, 6, 12], "R": [[-0.8994855375089985, -0.4191211985522868, -0.12354427844397642], [-0.43694692007413816, 0.863925489173566, 0.25041992371602434], [0.001776752620075258, 0.2792313916455477, -0.9602221998422125]], "T": [0.10113416561644635, -0.04367427208072811, -0.01680700099951475], "aligned_model": [[-0.4100117299328671, 0.6454061149126162, -0.00981028745989447, -0.55932404435329, 0.048837772943526245, 0.37463394877672074, -0.5077660370203976, -0.05498618349779784, 0.23256872309368787, 0.6734169077440386, -0.0024910920400730424, 0.035881537871223765], [-0.4197476413528824, -0.22390790242539854, -0.33880678303157064, 0.12575522741029022, 0.3137366922821458, -0.7899703881900005, -0.0040130512912483, 0.6045935592436504, -0.31047344453442627, 0.14325758763446272, 0.8170608874562251, 0.003709773891545469], [0.1298374862471922, -0.39830148057844356, -0.5409016015648243, -0.2870303753013471, -0.6175977258305674, 0.01031027862168217, 0.5955077189820809, 0.43555384030040745, 0.5974326219633035, 0.3564698774378434, -0.20598952401498855, 0.027291686646063462]], "inverted": false, "swapped": false, "error_lsq": 0.03992472811701552, "error_max": 0.24064765275282524, "target": "504.xyz", "model": "17.xyz", "model_rescale": 3.901054581598922, "target_rescale": 3.8144795122179467},
{"mapping": [13, 10, 9, 12, 11, 5, 0, 1, 8, 4, 6, 14], "R": [[0.47173834344599197, 0.6839158594824767, -0.5565267580909082], [-0.7345216506593083, 0.6539828719019262, 0.18106448567191158], [0.48779184088661875, 0.32336589246123937, 0.8108598026522154]], "T": [-0.022128461101547425, -0.026148787605474417, 0.08547092341328637], "aligned_model": [[-0.4187261123967249, 0.6595979917790555, 0.04487960908077912, -0.5949877143624561, -0.022532353772608926, 0.1403543622480914, -0.48043272980101404, 0.03857705737111261, 0.33865161208813, 0.7037003968119554, 0.10311005017732833, -0.04583653818615506], [-0.6047215681313434, -0.05903011170317597, -0.40150232674406994, 0.06778294016631693, 0.3054417673449161, -0.6288268255905346, 0.17313694707953556, 0.510482206509958, -0.27853550667875804, 0.18713397311504856, 0.6803629463238573, -0.030529924598958078], [-0.10285336849376468, -0.36908557483228205, -0.45193884624192276, -0.378192974845324, -0.6403241782959205, 0.06391723132982545, 0.6562133449506975, 0.5259565254679781, 0.5820159213384967, 0.31624549503940874, -0.13562233831795822, 0.03625156580916764]], "inverted": true, "swapped": false, "error_lsq": 0.04283657312779327, "error_max": 0.24444135015044788, "target": "504.xyz", "model": "18.xyz", "model_rescale": 3.9405287249114394, "target_rescale": 3.8144795122179467},
{"mapping": [10, 13, 11, 5, 9, 14, 1, 0, 3, 12, 7, 15], "R": [[-0.5899761973653531, 0.14319762938073036, 0.7946209948661419], [-0.7499813140884911, 0.26736704637677894, -0.6050147857944116], [-0.2990921514523882, -0.9528952206048137, -0.05034464706486108]], "T": [0.05459518970548838, 0.11243129456926293, 0.06981180826959774], "aligned_model": [[-0.24283417292903992, 0.5355047089232302, -0.0399086263642659, -0.6596569369720618, -0.04566879086316937, 0.42025681966993356, -0.2211997931490055, -0.09868844341428631, 0.08183791418169556, 0.4682650437289235, 0.24539129952021005, 0.023056608705329294], [-0.6145137136649337, -0.06493518716306429, -0.3271433740122276, 0.19828642080727277, 0.27173628183533793, -0.5673775968723263, 0.10052362423039965, 0.6587595797580124, -0.47969819944569103, 0.020964594218445515, 0.6365053357513305, 0.08808675165023719], [0.03833536957764404, -0.36446576524257823, -0.49326575422916064, -0.34700402587555557, -0.674217023288171, 0.007438692547449145, 0.6692405019428561, 0.4580176693488376, 0.6814236877770786, 0.4171591226518404, -0.359802894435056, 0.06972322213321745]], "inverted": false, "swapped": false, "error_lsq": 0.043690866708784665, "error_max": 0.24472414007964546, "target": "504.xyz", "model": "19.xyz", "model_rescale": 4.410303926677745, "target_rescale": 3.8144795122179467},
{"mapping": [4, 10, 6, 0, 3, 11, 7, 8, 12, 9, 5, 13], "R": [[-0.3018360849080608, 0.0311554246273282, 0.9528506269944229], [-0.10571693865322115, -0.9943957862029353, -0.0009743016150432077], [0.9474802935835472, -0.10102653066465697, 0.3034381870706094]], "T": [-0.11532543519098554, 0.0073415244097323204, -0.006133756830306515], "aligned_model": [[-0.27544162455639665, 0.6448543252669228, -0.09592458715781717, -0.6866623853709977, -0.16147684453862862, 0.4091836815260927, -0.37900113112584705, 0.25206306408432183, 0.06217932966843295, 0.4793970976906012, 0.2768742858339034, -0.05968958028309457], [-0.6762077351936496, 0.2099130936940175, -0.3936402882213881, 0.11551212111939328, 0.18803987305466793, -0.6345147692307992, 0.17147015363502696, 0.5117895793848433, -0.31588038866093465, -0.024489372751978336, 0.7148532800868199, 0.05434897017677443], [0.040947137517721874, -0.24325293385968727, -0.4248735521844065, -0.4245027134812769, -0.7069767135007908, -0.012767706512818479, 0.6344832000195766, 0.44288231397267214, 0.6531799702008467, 0.33904537008411845, -0.21750361602291948, 0.02192204667536568]], "inverted": false, "swapped": false, "error_lsq": 0.051847801726760505, "error_max": 0.3018252301985775, "target": "504.xyz", "model": "20.xyz", "model_rescale": 4.121658175737393, "target_rescale": 3.8144795122179467},
{"mapping": [9, 1, 8, 10, 6, 5, 11, 4, 7, 3, 2, 12], "R": [[-0.04033520406007868, 0.48216325588945685, -0.8751523672958383], [-0.5633434283251442, -0.7343594621085955, -0.378629584388816], [-0.8252376948954192, 0.4777392333497976, 0.3012440403427802]], "T": [0.06912526522740989, -0.03879418964102841, -0.03625432582945486], "aligned_model": [[-0.5387722877436734, 0.6520524684129503, -0.03515441516013049, -0.6098740502877883, -0.0818396631403373, 0.47680942567687523, -0.3844226918567043, -0.07129318505140228, 0.13917594574921352, 0.5074121442977064, 0.2699503880491395, 0.1423115520916443], [-0.4194468786532114, 0.15186487942207674, -0.5433842413773835, 0.30674466282711366, 0.10612286046751365, -0.5839289898914783, 0.04290011354546499, 0.4546782139722922, -0.35627389376354995, 0.164025933243251, 0.6758040955086357, -0.07791223820793183], [0.054448323636837444, -0.3621682119461963, -0.47009500005614113, -0.20428965732817542, -0.6517485183795297, -0.05917167430742681, 0.7135385086206206, 0.22045416179864474, 0.5646762852446459, 0.46315463718182787, -0.19509448169035334, 0.028878430133648277]], "inverted": true, "swapped": false, "error_lsq": 0.04434967396278972, "error_max": 0.2652129314263055, "target": "504.xyz", "model": "21.xyz", "model_rescale": 4.08911054899281, "target_rescale": 3.8144795122179467},
{"mapping": [13, 9, 12, 3, 14, 10, 0, 1, 6, 8, 15, 16], "R": [[0.4477670533307474, -0.8940916776073425, -0.0102341577468823], [0.5952384494650115, 0.3066012781743557, -0.7427562483751589], [0.6672299860093137, 0.326490012489111, 0.6694836947341374]], "T": [0.07142784123597642, 0.05631321981413238, 0.046908874862232636], "aligned_model": [[-0.4581625011601036, 0.5088573110441177, -0.050145292769426586, -0.6227963234666012, -0.056895564475433535, 0.4757184445028916, -0.3573123732860054, 0.07474920502563036, 0.24191736465522015, 0.5252916238685543, 0.1543371941438721, 0.030796542954777593], [-0.3053352751645165, -0.1366533741903043, -0.4461355167988079, 0.11458287683387311, 0.14302744790276925, -0.6386130428803362, -0.08025257915502007, 0.6573199110193053, -0.3326692967710484, 0.2001269252057616, 0.7068660700401442, 0.03893037105097272], [-0.1126981467524791, -0.48126435818182667, -0.4800965769105642, -0.4716817917605751, -0.5758561949198486, -0.02209841998772713, 0.6774729153710747, 0.565347209609217, 0.6594364683196274, 0.5509796070179996, -0.2715468460117685, 0.06458893711527218]], "inverted": true, "swapped": false, "error_lsq": 0.04086439313701507, "error_max": 0.2224040550024862, "target": "504.xyz", "model": "22.xyz", "model_rescale": 4.204369325754507, "target_rescale": 3.8144795122179467},
{"mapping": [10, 13, 11, 5, 9, 14, 1, 0, 3, 12, 7, 15], "R": [[-0.5899761973653531, 0.14319762938073036, 0.7946209948661419], [-0.7499813140884911, 0.26736704637677894, -0.6050147857944116], [-0.2990921514523882, -0.9528952206048137, -0.05034464706486108]], "T": [0.05459518970548838, 0.11243129456926293, 0.06981180826959774], "aligned_model": [[-0.24283417292903992, 0.5355047089232302, -0.0399086263642659, -0.6596569369720618, -0.04566879086316937, 0.42025681966993356, -0.2211997931490055, -0.09868844341428631, 0.08183791418169556, 0.4682650437289235, 0.24539129952021005, 0.023056608705329294], [-0.6145137136649337, -0.06493518716306429, -0.3271433740122276, 0.19828642080727277, 0.27173628183533793, -0.5673775968723263, 0.10052362423039965, 0.6587595797580124, -0.47969819944569103, 0.020964594218445515, 0.6365053357513305, 0.08808675165023719], [0.03833536957764404, -0.36446576524257823, -0.49326575422916064, -0.34700402587555557, -0.674217023288171, 0.007438692547449145, 0.6692405019428561, 0.4580176693488376, 0.6814236877770786, 0.4171591226518404, -0.359802894435056, 0.06972322213321745]], "inverted": false, "swapped": false, "error_lsq": 0.043690866708784665, "error_max": 0.24472414007964546, "target": "504.xyz", "model": "23.xyz", "model_rescale": 4.410303926677745, "target_rescale": 3.8144795122179467},
{"mapping": [10, 7, 11, 9, 14, 1, 4, 5, 3, 0, 6, 16], "R": [[0.12086824666705268, -0.6007714701854844, 0.7902306673110101], [0.7711232181794979, -0.44447836174639405, -0.45585959277362587], [0.6251078701569249, 0.6644641649859032, 0.4095455092141284]], "T": [0.017962492991544336, 0.0892977221576058, -0.05365367769518216], "aligned_model": [[-0.37945415308605396, 0.6132344990690388, -0.03425252839425561, -0.5446371772078393, -0.1650496037353623, 0.38099415256683294, -0.2882934352420337, -0.017363716796741417, 0.125203997532421, 0.609365190990632, 0.11675679759682789, 0.04985160774402657], [-0.41423502307560156, -0.12596439390761582, -0.3082848914887776, -0.003179807492950479, 0.3372459757624669, -0.6834606288722952, 0.06757636779919815, 0.5742706967791551, -0.4162501936044769, 0.06593959799687506, 0.8153839196839925, 0.012152897512822863], [0.05724596240323168, -0.25674074486071136, -0.5434731786121565, -0.3131715021883359, -0.6562963794684272, 0.03229918514194029, 0.5624793129633091, 0.34528905781538277, 0.6826693147520757, 0.41547642997353196, -0.2559816512901076, 0.03278699627866867]], "inverted": true, "swapped": false, "error_lsq": 0.04147308661384195, "error_max": 0.2339200932691658, "target": "504.xyz", "model": "24.xyz", "model_rescale": 4.28219845311461, "target_rescale": 3.8144795122179467},
{"mapping": [1, 2, 0, 8, 6, 4, 9, 12, 7, 13, 14, 15], "R": [[0.7570340498352833, 0.6395727201337601, -0.13358960682138782], [-0.18416154610531266, 0.40504212969429754, 0.8955587072374479], [0.6268843372792869, -0.6533663664693884, 0.4244153847829958]], "T": [-0.06038075552638683, 0.011758557481208538, 0.09315797818508412], "aligned_model": [[-0.4761751530524774, 0.5088560216097797, 0.13676450991515085, -0.5987177635644025, -0.08308132130419144, 0.2761188589732761, -0.2984106557049073, 0.1306437788905583, 0.25866078415039767, 0.4558056274663341, 0.19386199700320794, -0.03797105334523303], [-0.4319067681916515, 0.07057520336884764, -0.4306673263283159, 0.08624576342056466, 0.17255595528903425, -0.6361030769226561, 0.032561641426371205, 0.6309995230186657, -0.3440189003802801, 0.13167833464046935, 0.6698815603256159, -0.030607392573872], [-0.1072253959460589, -0.2827277998247759, -0.5633077510690432, -0.3388038012084743, -0.7933103044582496, 0.05202544684013177, 0.7254416820698543, 0.4987071787564221, 0.7073085315419205, 0.36164880111199504, -0.19386007143525694, 0.03668628652993675]], "inverted": false, "swapped": false, "error_lsq": 0.03952071353589975, "error_max": 0.21453884223466216, "target": "504.xyz", "model": "25.xyz", "model_rescale": 4.100010024507729, "target_rescale": 3.8144795122179467},
{"mapping": [8, 4, 10, 1, 0, 9, 3, 2, 7, 5, 6, 11], "R": [[-0.1817160602031858, 0.9601837691726628, 0.21219425741902403], [-0.041946136963270014, -0.22315919652755278, 0.9738790964996815], [0.9824560015889214, 0.16806874314564252, 0.08082760988272064]], "T": [-0.008615240655936753, 0.04067739965534524, 0.012236981578586813], "aligned_model": [[-0.4459085382641623, 0.7624925832210656, 0.002976185376111558, -0.631082317239416, -0.1811094372482888, 0.4314027574815891, -0.537500373788289, -0.1797524808239279, 0.1504690128740595, 0.6904494659957888, 0.30446115493110437, 0.09945761852185794], [-0.389781159747128, 0.0651028680708121, -0.4583968184049937, 0.3000863675224488, 0.1217676209916677, -0.6559681802646544, -0.08859665561320708, 0.6095699664849924, -0.2918120114766342, 0.14393459912696033, 0.5850352292031423, -0.019747308800613178], [0.030617119197370292, -0.40084376195783705, -0.39493979359958714, -0.1984482806443389, -0.720913483250726, 0.031730555696172016, 0.6136023954807689, 0.4536331514966506, 0.5803032087557225, 0.2668595591178654, -0.1494412856041563, -0.009576581779502753]], "inverted": false, "swapped": false, "error_lsq": 0.045837124959882375, "error_max": 0.2219180088822024, "target": "504.xyz", "model": "26.xyz", "model_rescale": 3.6694154284099745, "target_rescale": 3.8144795122179467},
{"mapping": [9, 1, 7, 8, 5, 3, 11, 2, 12, 6, 0, 13], "R": [[-0.24430252077120718, 0.7266432630120994, 0.6421104629765528], [0.9553279579452267, 0.2939341493810058, 0.03084166979701114], [-0.16632730116561498, 0.6209607750468573, -0.7659914782425253]], "T": [-0.10626516488167725, 0.05676158250518853, -0.03422780075218179], "aligned_model": [[-0.4595783818136583, 0.7014046429241381, 0.009926870637563145, -0.6292813087789976, 0.1320759872584641, 0.2533205272097392, -0.3360043475396437, 0.051871322972437794, 0.14273635044431962, 0.524766673010503, 0.1680013981149745, -0.09288410340234635], [-0.4961651474279643, 0.17018386877508587, -0.39121571428866436, 0.02946804822968485, 0.2665862895907799, -0.665515250332677, 0.027457317211049177, 0.5021145662636877, -0.2790111911270456, 0.024012625719823308, 0.6375070838253265, 0.0957720206537069], [0.1509892004570968, -0.3725346440645447, -0.4607770677280042, -0.4003785465380926, -0.758897095820012, 0.00873179797012641, 0.7919299549049397, 0.4544266960754338, 0.6402999623607409, 0.2339451978891413, -0.19057951405129078, 0.005426861452867172]], "inverted": true, "swapped": false, "error_lsq": 0.03898518711120432, "error_max": 0.21759126100454101, "target": "504.xyz", "model": "27.xyz", "model_rescale": 4.103607728864725, "target_rescale": 3.8144795122179467},
{"mapping": [1, 12, 2, 0, 3, 4, 7, 6, 8, 13, 10, 14], "R": [[-0.609454695096628, 0.7130447157569113, -0.34660093473016224], [0.7439984038369283, 0.3633320832445641, -0.5607639185729306], [-0.273918509255544, -0.5996307452226838, -0.7519385744001366]], "T": [0.05886569610643026, 0.23022410211069305, 0.06984447050472481], "aligned_model": [[-0.5298079361274401, 0.6328735636149708, 0.1112091330434062, -0.5021404266062457, -0.025999785027452912, 0.3213924157902281, -0.3013139255694531, -0.16855369151676464, 0.13978344751300964, 0.630859379699102, 0.1903290567085349, -0.032275600484401964], [-0.44401104427020915, 0.012584000377995369, -0.338510679469275, 0.042595654958944545, 0.1960518432772742, -0.6367952759405926, -0.01242935155743552, 0.6670874721614195, -0.3398285657809818, -0.0364250469000561, 0.6938963401465172, 0.11697917008919256], [0.028237329625132146, -0.5305232262285478, -0.3939675809373352, -0.3298547127318194, -0.6752467718306991, 0.1009315525508735, 0.6455798151864027, 0.46821374754913075, 0.6536014834334833, 0.21679340794773908, -0.09598893023168689, 0.01480668857572865]], "inverted": true, "swapped": false, "error_lsq": 0.04271863839887732, "error_max": 0.2788214682111901, "target": "504.xyz", "model": "28.xyz", "model_rescale": 4.137296879288765, "target_rescale": 3.8144795122179467},
{"mapping": [1, 5, 0, 6, 3, 2, 4, 9, 7, 10, 11], "R": [[0.24213491295767217, -0.15225833660223925, -0.9582213120475352], [-0.7116189224347382, 0.6434581987001804, -0.2820639214049565], [0.6595219428948539, 0.7501859405911568, 0.04745378150957753]], "T": [-0.03130226803159216, -0.020418996732500996, -0.04703004630896898], "aligned_model": [[0.5141047274576818, 0.19363465702667912, -0.08441157650250772, -0.7739752217839182, 0.12092383155053557, 0.45230986319140615, 0.5939713685895962, -0.3088653052175429, -0.5688124783558984, 0.11392396622006742, -0.031384821466200745], [-0.35900230999535165, -0.720474066093043, -0.017688728175075236, 0.06504409841070125, 0.6372687276646648, -0.1168442353078416, 0.2824639056773451, -0.4304717468965884, 0.24546002757647958, 0.36977973428503597, -0.03638759049837473], [0.37606026431037476, -0.3618585893185081, -0.705181904329699, -0.23074030692120684, -0.3819361667423312, -0.3952844557479904, 0.07438522601968453, 0.4542521312060783, 0.36981506316422597, 0.6087006842735027, -0.0024579241311320082]], "inverted": false, "swapped": true, "error_lsq": 0.048127676722353296, "error_max": 0.25082935149612884, "target": "504.xyz", "model": "29.xyz", "model_rescale": 3.607286011436655, "target_rescale": 3.8144795122179467},
