[{"mapping": [2, 1, 6, 8, 9, 0, 3, 7, 10, 5, 11], "R": [[0.5354286042764962, 0.6115989157522534, 0.5824628537281941], [0.6942737457495436, -0.711437538047451, 0.10881450004424967], [0.4809367689056655, 0.34612627133410445, -0.8055410781623298]], "T": [-0.027851162283583034, 0.09209319132981979, -0.057790701629285776], "aligned_model": [[0.2683968120107704, 0.290795215554675, -0.42089449414850794, -0.4466628042405045, -0.5994121878281838, 0.5713471311665795, -0.3513341203307277, 0.08898997047980134, -0.03989684933456705, 0.6425572984237337, 0.04128576363963965], [-0.3858357367379792, -0.5311734200008985, -0.4236627396202641, -0.2188662131441581, 0.20785110558490902, 0.09251611041761615, 0.6635391739172698, -0.18936079737644979, 0.5570709648996944, 0.12153736468422788, 0.09096278710940764], [-0.6344806729560636, 0.051222034369020716, 0.2657324759349924, -0.4197362058446946, 0.11330729308041519, -0.21190955273893886, -0.26477084469779016, 0.8387220488667195, 0.4375999699364361, 0.4304427148811275, -0.050644825315800064]], "inverted": true, "swapped": false, "error_lsq": 0.05019153519184398, "error_max": 0.26346189615025123, "target": "505.xyz", "model": "0.xyz", "model_rescale": 3.751011558992144, "target_rescale": 3.7356789269434505},
{"mapping": [1, 0, 2, 8, 5, 6, 10, 13, 9, 12, 14], "R": [[-0.9824109236368157, 0.06298990147515064, 0.17578694328990996], [-0.17058941480805995, 0.08013407319353538, -0.9820782972191461], [-0.07594753896277917, -0.9947918388414556, -0.06797917842937795]], "T": [0.05629600009859512, 0.018479518952524737, -0.01472032144587386], "aligned_model": [[0.31193177548988094, 0.2716142241309204, -0.4035788775002339, -0.48826942572992693, -0.49998678886962444, 0.6227433488810803, -0.1793186604078396, -0.13837121467697236, -0.10670714402466858, 0.5744462285506158, 0.08066826954947744], [-0.3259703465742659, -0.7074675090541062, -0.5690156805631541, -0.2174320374876567, 0.12158032415778852, 0.27236670658313755, 0.7616055994767499, -0.027278638106903726, 0.5121725035859438, 0.11587184584809894, 0.04814583186774285], [-0.5639836370919384, -0.06101819858285228, 0.34179417964433884, -0.31172619120276035, 0.24986563747747126, -0.437099821758629, -0.26908837826119303, 0.6835010366166153, 0.3901090664003783, 0.5087394950579297, 0.024391247216063526]], "inverted": true, "swapped": false, "error_lsq": 0.04696780928612199, "error_max": 0.21823848278483501, "target": "505.xyz", "model": "1.xyz", "model_rescale": 3.9405287249114394, "target_rescale": 3.7356789269434505},
{"mapping": [2, 1, 0, 5, 11, 4, 9, 6, 3, 7, 12], "R": [[-0.8527976528923591, -0.01900917494796278, 0.5218954056983842], [-0.210627666628576, 0.9269743082089998, -0.3104104024852383], [-0.4778829870082056, -0.3746428741992085, -0.7945253724959771]], "T": [0.04236478223149574, 0.08760345903671413, 0.04236912420662665], "aligned_model": [[-0.023209781235900687, 0.5223321741655695, -0.31108799048222574, -0.5339248625450108, -0.6392626646452214, 0.6970153527409477, -0.38883019660626916, -0.13731085193687725, 0.2574719142668074, 0.5368138444792401, 0.06516479719164908], [-0.32621849584593327, -0.5371124217687466, -0.6482236429662069, -0.1874013842479828, 0.2267609536495082, 0.2564111790376498, 0.6017167730252355, -0.04828370783681793, 0.51972024095766, 0.07459651697630257, 0.052612588752706364], [-0.4948654556602833, -0.0387955436466118, 0.23357477709074997, -0.3045297974839372, 0.19610104800451794, -0.14372844719758293, -0.4050004072714329, 0.5369467599269465, 0.34864300017178285, 0.6622568539260527, -0.03511835234477798]], "inverted": true, "swapped": false, "error_lsq": 0.046639961127933074, "error_max": 0.2691201706584113, "target": "505.xyz", "model": "2.xyz", "model_rescale": 3.932901565614263, "target_rescale": 3.7356789269434505},
{"mapping": [1, 6, 4, 0, 7, 10, 8, 5, 9, 12, 13], "R": [[0.920912495792733, -0.18972293346726374, 0.3404781690642968], [-0.16911458340048055, 0.5925371697586027, 0.7875912392451729], [-0.35117009094466106, -0.7828824375160304, 0.5135899689975237]], "T": [-0.04567610899575705, 0.057734958003891106, -0.121024517337222], "aligned_model": [[0.18837293134632327, 0.37459525662766435, -0.48378577797151545, -0.4638466774809683, -0.6021964880182699, 0.6655234939784357, -0.23265315937235045, 0.04718530258632289, -0.023603058055675502, 0.5350839718731956, 0.04049593987954683], [-0.36184396278225517, -0.3881907687882297, -0.595138265633427, -0.36466781331256914, 0.21898715790695006, 0.04965635411773061, 0.7632457450121715, -0.0702648654281951, 0.535521608628065, 0.149160458325577, 0.048112951687557165], [-0.6848890372877483, 0.18099284326263113, 0.25982043319401893, -0.43031338487036874, 0.29613893157244087, -0.2063198934711809, -0.19900424277489412, 0.5802546632285533, 0.43667220696405584, 0.36630382835954967, -0.04417191266163313]], "inverted": false, "swapped": false, "error_lsq": 0.0530486427581531, "error_max": 0.25813350233471144, "target": "505.xyz", "model": "3.xyz", "model_rescale": 3.9243930471874484, "target_rescale": 3.7356789269434505},
{"mapping": [9, 8, 10, 11, 6, 1, 5, 3, 0, 2, 12], "R": [[-0.34377446037699677, -0.480758850707186, 0.8066536108263636], [0.4038002108052658, 0.6998528876269942, 0.5891954899978283], [-0.8477998054647853, 0.528277259729078, -0.046461023525193934]], "T": [0.04426255794148669, -0.13362822511043718, 0.04602034220136626], "aligned_model": [[0.1169950580089321, 0.3353974651318625, -0.3389143863441014, -0.5543208012102514, -0.5987442479431938, 0.509843315468667, -0.16530413884936201, -0.1443393868736349, 0.2571276624568629, 0.5874597838848644, 0.039971411662063895], [-0.3489430486244809, -0.6737792344339344, -0.6907372836247426, -0.2559138222253753, 0.16097037685941026, 0.3009230864474449, 0.5693518356947506, 0.05742876899126542, 0.6405942023664444, 0.2403489172201244, -0.015665198937531793], [-0.6218395996920892, -0.09474088064884138, 0.2458518857778893, -0.4568496969463068, 0.19186418348409823, -0.27733706969176813, -0.14245759677662173, 0.6631750244176238, 0.3263601956508086, 0.6912275655453581, 0.03023042439527373]], "inverted": true, "swapped": false, "error_lsq": 0.04083141785534616, "error_max": 0.21336543711281877, "target": "505.xyz", "model": "4.xyz", "model_rescale": 3.8936222436046832, "target_rescale": 3.7356789269434505},
{"mapping": [6, 9, 8, 7, 10, 1, 4, 3, 2, 0, 11], "R": [[-0.25832871920435335, -0.9405926448694995, -0.22034461475524691], [-0.7311312463871356, 0.3394375994558626, -0.591801670014571], [0.6314375451227398, 0.008221465382835469, -0.7753831531032427]], "T": [-0.0488756070973138, -0.04845211988659647, 0.011747012315059396], "aligned_model": [[0.17576341909795434, 0.33178822652761875, -0.3828228529005539, -0.5198418192695962, -0.5961804236396355, 0.6595673059215575, -0.2593638742035828, -0.018918036500605306, 0.037944710207322555, 0.6348560091660608, -0.017620929013831152], [-0.38920982514943003, -0.5261610761963136, -0.6162883187093843, -0.23967490594245705, 0.1930545018622469, 0.25913008386830366, 0.672698097539536, -0.09399549999739049, 0.5986189093357229, 0.06985074285946274, 0.05655589026307805], [-0.6723802582433981, 0.10621998544869161, 0.3462677361241254, -0.389964576356692, 0.2157062948351279, -0.20414785582140957, -0.24566637549468998, 0.5838574708920858, 0.3735753978356168, 0.5605947312362383, -0.11857811494027226]], "inverted": false, "swapped": false, "error_lsq": 0.02847749490401214, "error_max": 0.20991342443912003, "target": "505.xyz", "model": "5.xyz", "model_rescale": 3.6523030999806103, "target_rescale": 3.7356789269434505},
{"mapping": [0, 3, 2, 1, 6, 7, 8, 4, 9, 11, 12], "R": [[0.6197155234499843, -0.65788232974833, -0.4279526962177265], [-0.6557244309246324, -0.13439895730650947, -0.7429417143783825], [0.4312518297742967, 0.7410315516088588, -0.5146786364679306]], "T": [-0.06899741004243876, 0.10359023031840728, 0.07022898096366917], "aligned_model": [[0.2102258599621118, 0.33354221938679474, -0.4386745846954247, -0.4554079322044794, -0.6945874542439787, 0.596391367809468, -0.3304016743244452, 0.034511842538018006, 0.14992783464289747, 0.6372489135947553, 0.0023953429269920334], [-0.48370834332462376, -0.44296828714987413, -0.5145929884760025, -0.31344983624904266, 0.24314582583437222, 0.1465445236284129, 0.6553404637937942, -0.24527926795656194, 0.7378235309293006, 0.1300817404638774, 0.07164123823972345], [-0.6809557375866511, -0.07767753231356755, 0.3098118032833974, -0.3286937649826087, 0.178791379740636, -0.07887086039160471, -0.21427513700570175, 0.513746184384826, 0.33945515505586177, 0.5947128542907131, -0.0005599089598760931]], "inverted": false, "swapped": false, "error_lsq": 0.04567217591373478, "error_max": 0.2598710711341457, "target": "505.xyz", "model": "6.xyz", "model_rescale": 4.08911054899281, "target_rescale": 3.7356789269434505},
{"mapping": [7, 6, 1, 13, 11, 4, 10, 9, 8, 3, 14], "R": [[0.393432284044288, -0.11056521403743061, 0.9126808704670828], [0.8047064993588429, -0.4386623837927971, -0.4000284526566298], [0.44458799777021807, 0.8918243361167479, -0.0836113972409902]], "T": [-0.008977624278934783, -0.02901396775813486, -0.05772106360677437], "aligned_model": [[0.19425687822857174, 0.38900879661227294, -0.36387736058767994, -0.5575605923475533, -0.5417432284282425, 0.592294272192775, -0.21944678796699363, -0.14193198058578776, 0.166035293319927, 0.6109201090191358, -0.08278366406371658], [-0.4155295020851227, -0.33020671474863195, -0.513271947666592, -0.3878510505753537, 0.1778887569546816, 0.3340522427122941, 0.6492532590233303, 0.04687843824990515, 0.5095228692925632, -0.06519572447848121, -0.020962026945217423], [-0.6969318608027388, -0.06343983969963841, 0.3635703378226382, -0.383584834977384, 0.07600678128348154, -0.11692007567801152, -0.1799143478437281, 0.7111227370166888, 0.32240723986186726, 0.4330631221595532, 0.09010517637269613]], "inverted": true, "swapped": false, "error_lsq": 0.04719568555798206, "error_max": 0.21310564630454287, "target": "505.xyz", "model": "7.xyz", "model_rescale": 3.964800864290218, "target_rescale": 3.7356789269434505},
{"mapping": [10, 9, 8, 5, 1, 6, 0, 7, 2, 4, 13], "R": [[0.11035231453403832, -0.9636806935844415, -0.24319105141758518], [0.1731729764033345, -0.2222996805304704, 0.9594758841574191], [-0.9786896785603652, -0.14799450276500362, 0.14235216974373283]], "T": [0.08869061138309545, 0.05200101827764466, 0.030299009867740347], "aligned_model": [[0.1515616898646732, 0.2500822074585014, -0.3380741019445519, -0.4384154358351453, -0.5984064801775251, 0.5277340933429219, -0.12870609772809963, -0.2265902350829432, 0.10634891248218564, 0.6826343906236665, 0.057002792389025454], [-0.5255989860437117, -0.6149719779640419, -0.5784199268937851, -0.32516350900202623, 0.22947532362138204, 0.31635801322309454, 0.7185332786234968, -0.06167688067295538, 0.5401357318293348, 0.30436576739245286, -0.018458234379865678], [-0.5506996781736047, 0.08467273320203456, 0.1375319001338, -0.49788358859253146, 0.27426693580082073, -0.24147667585587543, -0.11678188389013344, 0.6584140376322002, 0.4775365458396166, 0.3107205060471344, 0.019183603371963086]], "inverted": true, "swapped": false, "error_lsq": 0.05631529543744804, "error_max": 0.36927770340089705, "target": "505.xyz", "model": "8.xyz", "model_rescale": 4.121658175737393, "target_rescale": 3.7356789269434505},
{"mapping": [10, 5, 7, 11, 8, 0, 2, 9, 1, 4, 12], "R": [[-0.980679808985025, 0.023911572132241682, -0.19415290100140004], [0.18361804914831553, -0.22977311523402683, -0.9557660422627586], [-0.06746498555592842, -0.9729504366789786, 0.2209432585306081]], "T": [-0.08312262456850417, -0.0037116543026116684, 0.02463495864461944], "aligned_model": [[0.18138664110623687, 0.35882100551917656, -0.4255017443628061, -0.5084447487293533, -0.7694754655732265, 0.610078701358793, -0.21532791499586176, 0.005452072905523825, 0.22014867197990134, 0.6301391517474887, -0.042104635563163545], [-0.37452772453269767, -0.43545656664339716, -0.5517967103217878, -0.27179225254516515, 0.2155614216257971, 0.2681993698646823, 0.6241521150115317, -0.29099523229835245, 0.5861592360606686, 0.146183312124309, 0.06889163138778702], [-0.5828278970319151, 0.024889455298967203, 0.21851693307891457, -0.3630065743452317, 0.13137030211125275, -0.22905887216568693, -0.24117568678655943, 0.8010449571739381, 0.21174607297354126, 0.5315048188702512, 0.05248092633795211]], "inverted": false, "swapped": false, "error_lsq": 0.041952293124545986, "error_max": 0.2735030641203904, "target": "505.xyz", "model": "9.xyz", "model_rescale": 3.833441315466971, "target_rescale": 3.7356789269434505},
{"mapping": [3, 7, 8, 2, 13, 6, 5, 10, 0, 12, 14], "R": [[-0.3619542196982344, -0.27542963805710746, 0.8905771484393551], [0.2394933743755185, 0.8958117939920524, 0.3743850335883748], [-0.9009062473270292, 0.34879756912064563, -0.25827928546954443]], "T": [0.13388932906494622, 0.010313916206851119, 0.06185585790379035], "aligned_model": [[0.07106823012641174, 0.38520479218592896, -0.29376982088169423, -0.4639205576409512, -0.6011373648686158, 0.7133918737208077, -0.1905120604577824, -0.13128900524102505, -0.13523875469771152, 0.5900078155791824, 0.10136658756815829], [-0.3806782175655312, -0.5852523318319716, -0.5573900135406873, -0.0928417722286711, 0.3183419876497587, 0.27615470691963456, 0.4928075942933212, -0.11090675865353652, 0.5244820642750823, 0.15609693441558609, -0.05623559399960965], [-0.7111257140653651, -0.09956086667907803, 0.3818234531268987, -0.3236729973427532, 0.08511543276911275, -0.17209935741636206, -0.2836854428828499, 0.8304520734298446, 0.41826033563378706, 0.4275378169511118, 0.0024397019910774725]], "inverted": true, "swapped": false, "error_lsq": 0.04885915765393853, "error_max": 0.2484661843761191, "target": "505.xyz", "model": "10.xyz", "model_rescale": 4.2482417240324, "target_rescale": 3.7356789269434505},
{"mapping": [0, 1, 8, 10, 9, 6, 4, 7, 5, 2, 11], "R": [[-0.10417262525976995, 0.41920920003919027, -0.9018934032073799], [0.07371346337354429, -0.9010786868319411, -0.4273447384193487], [-0.9918237693582286, -0.11099930963626167, 0.06296637035996783]], "T": [0.071729975508911, -0.0828616308847459, 0.11209657501175296], "aligned_model": [[0.11304738548177742, 0.4438468965566027, -0.24221096521339894, -0.45646591946245496, -0.7014784431943141, 0.5094332159548741, -0.12533309661882241, -0.22703357582484454, 0.03747948658365782, 0.7077688598167051, -0.013882108687073125], [-0.315622690074082, -0.6535299509555644, -0.5985540684122764, -0.22676009241502593, 0.19384991818512054, 0.3210084852796106, 0.6229730103904678, 0.06330101784620983, 0.6461708202351383, -0.07448735118567258, 0.006229500839449509], [-0.607594078597174, -0.07502162104554513, 0.22327312186458095, -0.2274688705787965, 0.1820276982453951, -0.14439307529692658, -0.36623718400146565, 0.7019550895775304, 0.28964870691684963, 0.4904372884866517, 0.08885735994432462]], "inverted": true, "swapped": false, "error_lsq": 0.04267601430152376, "error_max": 0.20625591748416888, "target": "505.xyz", "model": "11.xyz", "model_rescale": 3.6694154284099745, "target_rescale": 3.7356789269434505},
{"mapping": [10, 7, 5, 12, 0, 8, 1, 6, 4, 11, 13], "R": [[-0.5186614033174592, -0.3579623388874694, -0.7764362901403932], [-0.6796732169979149, -0.37830496887546095, 0.6284342993661645], [-0.5186855182135601, 0.8536675667157265, -0.04708522839682994]], "T": [0.06590823357769816, -0.007688732999963176, 0.007430109011185085], "aligned_model": [[0.2424827814210253, 0.23060777106525826, -0.43941720087435465, -0.3992399422652223, -0.5496254140845401, 0.6858814159510357, -0.3693551816988875, 0.0002586906989104215, 0.03663432430068221, 0.6355323103384733, -0.028587819459671537], [-0.35103295544717983, -0.7312095426318639, -0.5705663754756181, -0.21050964643496925, 0.20180884171510483, 0.3395067115008198, 0.6389419497436207, -0.13435287686764788, 0.6245924863611335, 0.1142003874328717, 0.06319961983710348], [-0.49701509244729175, 0.0468891871875314, 0.2764761224987944, -0.44453156176398406, 0.3040223530257285, -0.2527360451420213, -0.32255172921311964, 0.5546971056698022, 0.3908908601046679, 0.46097184072020764, 0.038371394875108995]], "inverted": true, "swapped": false, "error_lsq": 0.04537545671960141, "error_max": 0.243153333234334, "target": "505.xyz", "model": "12.xyz", "model_rescale": 3.9764082729961374, "target_rescale": 3.7356789269434505},
{"mapping": [9, 4, 7, 2, 8, 13, 10, 3, 11, 14, 15], "R": [[-0.9191251355637517, -0.26352227763314395, -0.2928566105894743], [0.13104342309111028, 0.4965293064317663, -0.8580712494419991], [0.3715327797644228, -0.8270517861932403, -0.4218397047636598]], "T": [0.13787837174351147, -0.0678621562168318, -0.13494241140212024], "aligned_model": [[0.09708093373903352, 0.32420584730200586, -0.28249242582565803, -0.6305507054732262, -0.43570027761978924, 0.5831760553530845, -0.19506908385113508, -0.13700790977572386, 0.05092796651378734, 0.5223541999590735, 0.1482471350712573], [-0.30541881228842777, -0.7284546791100002, -0.6021852447586542, -0.24699380391219344, 0.22934521695218535, 0.35112809150536833, 0.6509543846772854, -0.02826341111750548, 0.5722131503517089, 0.21411303186079156, -0.12185932442718321], [-0.6857613750607567, 0.07663100925573382, 0.1949377615776728, -0.25193865060619464, 0.15198640725695592, -0.10968985761964298, -0.27130835769492434, 0.6596096126546419, 0.3268886482950226, 0.5065218279765187, -0.042392590519602535]], "inverted": true, "swapped": false, "error_lsq": 0.04656239556715603, "error_max": 0.21657984349320275, "target": "505.xyz", "model": "13.xyz", "model_rescale": 4.170626492500431, "target_rescale": 3.7356789269434505},
{"mapping": [2, 0, 1, 3, 11, 4, 5, 10, 12, 8, 13], "R": [[0.7789191262751174, 0.31663278231210246, -0.5413212316989834], [-0.08413017843175807, 0.90813601600371, 0.41013545264211176], [0.6214556362282414, -0.2739208966147089, 0.734002884597837]], "T": [-0.006298710127145524, -0.0831070928066509, 0.04447163266761395], "aligned_model": [[0.21106212087181675, 0.2916190345721091, -0.2648546797916329, -0.5344212980656315, -0.6229789933139004, 0.5808527792201151, -0.22178385814551171, -0.07327484020136324, 0.16792375503314397, 0.5831238578096218, -0.07209614259605818], [-0.30203091701430756, -0.5991001623643792, -0.769580753474266, -0.3354281776913313, 0.2604820853635868, 0.23754732775881443, 0.7776036151862089, 0.06736524435236915, 0.5718585070481592, 0.08525064120255466, -0.009388810634033573], [-0.5366985623510914, 0.015238499247032966, 0.27407388364919005, -0.320074944139325, 0.08068704518977166, -0.1911063835438737, -0.15543598721256796, 0.5841016714210296, 0.32082777395358825, 0.46374839402106155, 0.02012304528060823]], "inverted": false, "swapped": false, "error_lsq": 0.04070192956944895, "error_max": 0.19716048219411927, "target": "505.xyz", "model": "14.xyz", "model_rescale": 3.9786697098870705, "target_rescale": 3.7356789269434505},
{"mapping": [10, 1, 6, 7, 8, 4, 5, 9, 2, 0, 11], "R": [[-0.400708882023467, 0.010796409442921373, -0.9161418173026729], [0.8692914277090066, 0.3203496630848566, -0.376441903981286], [0.2894215015840046, -0.9472378428380908, -0.13775218153009533]], "T": [-0.01842356159360759, -0.013340880817501868, 0.1081127244142856], "aligned_model": [[0.1883457313866672, 0.4081608110579852, -0.2490099876819766, -0.5042003088162168, -0.34968528788927283, 0.391181812766922, -0.2828228081494933, -0.2735443071872864, 0.25434264802519296, 0.5067025835739151, -0.04429915169372739], [-0.313782486460174, -0.5290170187188823, -0.7588112123020402, -0.22081968058882825, 0.38218079968294466, 0.27333535747602056, 0.5843577887120156, -0.178623702316719, 0.7893767106421066, 0.05341681930416464, -0.09703477569723272], [-0.639752430260123, -0.004918179770832282, 0.24397874586203994, -0.2891900630085658, 0.1859355678968583, -0.24537688191664114, -0.35826579845450174, 0.6512602753930299, 0.29543725435767193, 0.5593239024836092, 0.1570520429328791]], "inverted": false, "swapped": false, "error_lsq": 0.05350451153001403, "error_max": 0.3192219339145045, "target": "505.xyz", "model": "15.xyz", "model_rescale": 3.769337070930944, "target_rescale": 3.7356789269434505},
{"mapping": [3, 2, 8, 9, 7, 0, 1, 6, 5, 4, 10], "R": [[0.11195751775557694, -0.3877740208674611, 0.9149299552196833], [-0.10248655200501985, 0.9113028162760137, 0.39877773722404364], [-0.9884138914827797, -0.13841418203236222, 0.062285578878100364]], "T": [-0.038968377369409765, 0.03942757385174472, 0.048502409863619006], "aligned_model": [[0.08568868105397527, 0.415971506277581, -0.3505841314189196, -0.5205541303353232, -0.6187054719593039, 0.5274241790450251, -0.17207751405147365, 0.07350225189192115, 0.022389642459790818, 0.5737045071495691, 0.008412215279866908], [-0.3391305919749389, -0.541849628353338, -0.6177195264810236, -0.35683131492057524, 0.4175267963996388, 0.24322129411927712, 0.6816825573140103, -0.2449392229246421, 0.5977919405507814, 0.14277327253915764, 0.002053023465027698], [-0.5177111289959355, 0.00760773185546626, 0.22891034233617347, -0.4728743622709557, 0.22761796208721685, -0.18631178527733128, -0.4107567112761259, 0.7103126635951155, 0.4152657517092687, 0.5196543255717994, 0.03376964618073266]], "inverted": true, "swapped": false, "error_lsq": 0.04189517134304799, "error_max": 0.2338595974907983, "target": "505.xyz", "model": "16.xyz", "model_rescale": 3.7852294659196426, "target_rescale": 3.7356789269434505},
{"mapping": [4, 0, 9, 10, 11, 1, 7, 8, 2, 3, 12], "R": [[0.41188315321309793, 0.8744836787072665, 0.2561846282934285], [0.030042354118427317, 0.26795508741038615, -0.9629628902973963], [-0.9107413052334121, 0.40432458100577895, 0.08409463797557241]], "T": [0.024873839724688224, 0.04548774173286817, -0.01455879671260521], "aligned_model": [[0.3455854947001035, 0.29722731469879543, -0.4678653454122284, -0.5093179799042525, -0.5914566573507101, 0.5581058829871888, -0.24459752397365123, -0.12729567715148438, 0.1278189352487744, 0.7125123701098115, -0.05554507855963817], [-0.3117052676637947, -0.5718665332328218, -0.5780347773721793, -0.39507375993741006, 0.30599759728576637, 0.43377988483984886, 0.6530746568826796, -0.12006159305788362, 0.5603561313079428, 0.006951798609213564, 0.0011604620720133685], [-0.5354655767516829, 0.0876392443147894, 0.32557286766362514, -0.42662643480942386, 0.28578002523333323, -0.21241468842815733, -0.23738233645137333, 0.5967052764476628, 0.2991287385102259, 0.3831390833168393, -0.010591763530413849]], "inverted": true, "swapped": false, "error_lsq": 0.04709169748470709, "error_max": 0.23577341078269537, "target": "505.xyz", "model": "17.xyz", "model_rescale": 3.901054581598922, "target_rescale": 3.7356789269434505},
{"mapping": [1, 0, 2, 8, 5, 6, 10, 13, 9, 12, 14], "R": [[-0.9824109236368157, 0.06298990147515064, 0.17578694328990996], [-0.17058941480805995, 0.08013407319353538, -0.9820782972191461], [-0.07594753896277917, -0.9947918388414556, -0.06797917842937795]], "T": [0.05629600009859512, 0.018479518952524737, -0.01472032144587386], "aligned_model": [[0.31193177548988094, 0.2716142241309204, -0.4035788775002339, -0.48826942572992693, -0.49998678886962444, 0.6227433488810803, -0.1793186604078396, -0.13837121467697236, -0.10670714402466858, 0.5744462285506158, 0.08066826954947744], [-0.3259703465742659, -0.7074675090541062, -0.5690156805631541, -0.2174320374876567, 0.12158032415778852, 0.27236670658313755, 0.7616055994767499, -0.027278638106903726, 0.5121725035859438, 0.11587184584809894, 0.04814583186774285], [-0.5639836370919384, -0.06101819858285228, 0.34179417964433884, -0.31172619120276035, 0.24986563747747126, -0.437099821758629, -0.26908837826119303, 0.6835010366166153, 0.3901090664003783, 0.5087394950579297, 0.024391247216063526]], "inverted": true, "swapped": false, "error_lsq": 0.04696780928612199, "error_max": 0.21823848278483501, "target": "505.xyz", "model": "18.xyz", "model_rescale": 3.9405287249114394, "target_rescale": 3.7356789269434505},
{"mapping": [4, 12, 1, 8, 5, 13, 9, 10, 11, 14, 15], "R": [[0.2710567283292301, -0.013609827169250993, -0.9624671540535171], [-0.47594332517044624, -0.8710119018725972, -0.1217218880151781], [-0.8366637324834586, 0.4910733543990183, -0.2425711428553351]], "T": [0.005268411974323053, -0.12777673529847103, 0.003698403865357025], "aligned_model": [[0.17389673046622994, 0.4297599609351341, -0.23405349955947957, -0.6311169933544739, -0.6970198446520862, 0.5089568594232978, -0.16206048840493714, 0.0019143705972263086, 0.07164019319742305, 0.5980749280742748, -0.01482048132990018], [-0.45608334589525756, -0.47410830415653593, -0.6955734376075963, -0.07853089572373453, 0.3054748630284555, 0.30367503594303125, 0.5746809099520681, 0.06439883927268791, 0.5156909740216769, 0.04595912652727088, -0.12100516562869089], [-0.6275260318602571, 0.004355277183053757, 0.24002730917769438, -0.4023319136049506, 0.10541811636332693, -0.10343311517072602, -0.2562326306100789, 0.7659066010734502, 0.3211213009905812, 0.47074791608144917, 0.037431605891881096]], "inverted": true, "swapped": false, "error_lsq": 0.038908499495755665, "error_max": 0.17490655436632205, "target": "505.xyz", "model": "19.xyz", "model_rescale": 4.410303926677745, "target_rescale": 3.7356789269434505},
{"mapping": [10, 9, 8, 5, 1, 6, 0, 7, 2, 4, 13], "R": [[0.11035231453403832, -0.9636806935844415, -0.24319105141758518], [0.1731729764033345, -0.2222996805304704, 0.9594758841574191], [-0.9786896785603652, -0.14799450276500362, 0.14235216974373283]], "T": [0.08869061138309545, 0.05200101827764466, 0.030299009867740347], "aligned_model": [[0.1515616898646732, 0.2500822074585014, -0.3380741019445519, -0.4384154358351453, -0.5984064801775251, 0.5277340933429219, -0.12870609772809963, -0.2265902350829432, 0.10634891248218564, 0.6826343906236665, 0.057002792389025454], [-0.5255989860437117, -0.6149719779640419, -0.5784199268937851, -0.32516350900202623, 0.22947532362138204, 0.31635801322309454, 0.7185332786234968, -0.06167688067295538, 0.5401357318293348, 0.30436576739245286, -0.018458234379865678], [-0.5506996781736047, 0.08467273320203456, 0.1375319001338, -0.49788358859253146, 0.27426693580082073, -0.24147667585587543, -0.11678188389013344, 0.6584140376322002, 0.4775365458396166, 0.3107205060471344, 0.019183603371963086]], "inverted": true, "swapped": false, "error_lsq": 0.05631529543744804, "error_max": 0.36927770340089705, "target": "505.xyz", "model": "20.xyz", "model_rescale": 4.121658175737393, "target_rescale": 3.7356789269434505},
{"mapping": [0, 3, 2, 1, 6, 7, 8, 4, 9, 11, 12], "R": [[0.6197155234499843, -0.65788232974833, -0.4279526962177265], [-0.6557244309246324, -0.13439895730650947, -0.7429417143783825], [0.4312518297742967, 0.7410315516088588, -0.5146786364679306]], "T": [-0.06899741004243876, 0.10359023031840728, 0.07022898096366917], "aligned_model": [[0.2102258599621118, 0.33354221938679474, -0.4386745846954247, -0.4554079322044794, -0.6945874542439787, 0.596391367809468, -0.3304016743244452, 0.034511842538018006, 0.14992783464289747, 0.6372489135947553, 0.0023953429269920334], [-0.48370834332462376, -0.44296828714987413, -0.5145929884760025, -0.31344983624904266, 0.24314582583437222, 0.1465445236284129, 0.6553404637937942, -0.24527926795656194, 0.7378235309293006, 0.1300817404638774, 0.07164123823972345], [-0.6809557375866511, -0.07767753231356755, 0.3098118032833974, -0.3286937649826087, 0.178791379740636, -0.07887086039160471, -0.21427513700570175, 0.513746184384826, 0.33945515505586177, 0.5947128542907131, -0.0005599089598760931]], "inverted": false, "swapped": false, "error_lsq": 0.04567217591373478, "error_max": 0.2598710711341457, "target": "505.xyz", "model": "21.xyz", "model_rescale": 4.08911054899281, "target_rescale": 3.7356789269434505},
{"mapping": [8, 6, 0, 1, 2, 5, 15, 13, 14, 12, 16], "R": [[0.32795814143124236, 0.8739876970212673, -0.35859303245382135], [0.2643252852798829, 0.2795308172950174, 0.9230355712236061], [0.9069595366005445, -0.3975022360161534, -0.13934264003342423]], "T": [0.06740401702235788, 0.03201070048373939, 0.07521889924795677], "aligned_model": [[0.11570883354657793, 0.2969716284868634, -0.2699942759737053, -0.5058700169937745, -0.6284931470165238, 0.6344904365470119, -0.2707793090765213, 0.03926631094467342, 0.08765564411075161, 0.49643421132083115, 0.04978141949652441], [-0.2867408556418691, -0.6585379235700795, -0.647305199996648, -0.16066807714590295, 0.22308827394815295, 0.0965380614024468, 0.6136242949987826, -0.06137168362744199, 0.6038029825005516, 0.2592177130578348, 0.0029310138075481496], [-0.538642736813573, -0.08604311777784002, 0.2326091702850758, -0.4388143213127934, 0.09690593166012276, -0.33948372484760275, -0.20560966503666833, 0.7288380282999116, 0.36584932396867115, 0.6313479956378637, 0.1085275514522568]], "inverted": false, "swapped": false, "error_lsq": 0.04270797186843954, "error_max": 0.23215972401011664, "target": "505.xyz", "model": "22.xyz", "model_rescale": 4.204369325754507, "target_rescale": 3.7356789269434505},
{"mapping": [4, 12, 1, 8, 5, 13, 9, 10, 11, 14, 15], "R": [[0.2710567283292301, -0.013609827169250993, -0.9624671540535171], [-0.47594332517044624, -0.8710119018725972, -0.1217218880151781], [-0.8366637324834586, 0.4910733543990183, -0.2425711428553351]], "T": [0.005268411974323053, -0.12777673529847103, 0.003698403865357025], "aligned_model": [[0.17389673046622994, 0.4297599609351341, -0.23405349955947957, -0.6311169933544739, -0.6970198446520862, 0.5089568594232978, -0.16206048840493714, 0.0019143705972263086, 0.07164019319742305, 0.5980749280742748, -0.01482048132990018], [-0.45608334589525756, -0.47410830415653593, -0.6955734376075963, -0.07853089572373453, 0.3054748630284555, 0.30367503594303125, 0.5746809099520681, 0.06439883927268791, 0.5156909740216769, 0.04595912652727088, -0.12100516562869089], [-0.6275260318602571, 0.004355277183053757, 0.24002730917769438, -0.4023319136049506, 0.10541811636332693, -0.10343311517072602, -0.2562326306100789, 0.7659066010734502, 0.3211213009905812, 0.47074791608144917, 0.037431605891881096]], "inverted": true, "swapped": false, "error_lsq": 0.038908499495755665, "error_max": 0.17490655436632205, "target": "505.xyz", "model": "23.xyz", "model_rescale": 4.410303926677745, "target_rescale": 3.7356789269434505},
{"mapping": [4, 5, 15, 10, 11, 0, 1, 13, 7, 12, 16], "R": [[0.8494350515736178, -0.12304886156295236, 0.5131462470155921], [-0.5262895027078622, -0.26842739832923007, 0.8068246966756237], [0.03846365164199397, -0.9554086609897686, -0.29277096510429634]], "T": [-0.09885092483050799, -0.08684036801087998, 0.06679252876440493], "aligned_model": [[0.11881143152206684, 0.37438691820868314, -0.2469985746690031, -0.4966362370658667, -0.6413896185545989, 0.5436265430378325, -0.19852497916744832, 0.018712942826028048, 0.011323989148418215, 0.6218547456910077, -0.059995425584410844], [-0.4068001663079484, -0.5007216645061473, -0.7549361355009139, -0.06917989892680178, 0.22157415776756578, 0.2802631288436574, 0.6704980077677025, 0.061188173674501065, 0.5276015103925651, -0.01669877302737706, -0.02820974044342848], [-0.5025344415188363, 0.04807756803927414, 0.2693129231546557, -0.4482209656968214, 0.17287614065510365, -0.08434825648174817, -0.3241537808938813, 0.7438840378658504, 0.2953829114931631, 0.4158474354982889, -0.03063913659962446]], "inverted": true, "swapped": false, "error_lsq": 0.04025200685798561, "error_max": 0.19967534030306217, "target": "505.xyz", "model": "24.xyz", "model_rescale": 4.28219845311461, "target_rescale": 3.7356789269434505},
{"mapping": [5, 1, 6, 10, 14, 9, 12, 2, 13, 4, 15], "R": [[-0.37707364752436245, 0.7674781117727677, 0.5184523240302625], [-0.8173684052269433, -0.012495482948000264, -0.5759798199960311], [-0.4355735924955012, -0.640953360905147, 0.6320240775990736]], "T": [0.13022461146321263, 0.018118792094613995, 0.05473502510677702], "aligned_model": [[0.2799010070738333, 0.45779850717515025, -0.46149725709109546, -0.5359405005858103, -0.6088582222719704, 0.47244786233747593, -0.20880939260028508, -0.19157734448900265, 0.09768648278961921, 0.6103045321650687, 0.13371606088972535], [-0.3711199229466552, -0.5248331895753514, -0.5984964416574237, -0.25586934820950213, 0.18676132748851745, 0.3683311211364221, 0.6561177034635455, 0.07146075380712787, 0.5473581816301032, -0.06760164055584754, -0.027529944847560914], [-0.6878084956542464, -0.03344596658323285, 0.3408259525066864, -0.27822046935049, 0.12863282634955397, -0.411213743565309, -0.19513140603945534, 0.656713563473311, 0.32262193349075924, 0.5995504527433568, 0.11295978814449019]], "inverted": true, "swapped": false, "error_lsq": 0.04110300985624751, "error_max": 0.22562337103524788, "target": "505.xyz", "model": "25.xyz", "model_rescale": 4.100010024507729, "target_rescale": 3.7356789269434505},
{"mapping": [0, 1, 8, 10, 9, 6, 4, 7, 5, 2, 11], "R": [[-0.10417262525976995, 0.41920920003919027, -0.9018934032073799], [0.07371346337354429, -0.9010786868319411, -0.4273447384193487], [-0.9918237693582286, -0.11099930963626167, 0.06296637035996783]], "T": [0.071729975508911, -0.0828616308847459, 0.11209657501175296], "aligned_model": [[0.11304738548177742, 0.4438468965566027, -0.24221096521339894, -0.45646591946245496, -0.7014784431943141, 0.5094332159548741, -0.12533309661882241, -0.22703357582484454, 0.03747948658365782, 0.7077688598167051, -0.013882108687073125], [-0.315622690074082, -0.6535299509555644, -0.5985540684122764, -0.22676009241502593, 0.19384991818512054, 0.3210084852796106, 0.6229730103904678, 0.06330101784620983, 0.6461708202351383, -0.07448735118567258, 0.006229500839449509], [-0.607594078597174, -0.07502162104554513, 0.22327312186458095, -0.2274688705787965, 0.1820276982453951, -0.14439307529692658, -0.36623718400146565, 0.7019550895775304, 0.28964870691684963, 0.4904372884866517, 0.08885735994432462]], "inverted": true, "swapped": false, "error_lsq": 0.04267601430152376, "error_max": 0.20625591748416888, "target": "505.xyz", "model": "26.xyz", "model_rescale": 3.6694154284099745, "target_rescale": 3.7356789269434505},
{"mapping": [1, 6, 3, 5, 8, 2, 4, 9, 10, 11, 13], "R": [[0.04283394788655204, 0.8992582721565243, -0.43531576225369406], [0.7905714212674444, -0.29691793008011386, -0.5355712563908873], [-0.6108699376983819, -0.32120756957924146, -0.7236460574489242]], "T": [-0.05102021724746132, -0.013378721142306867, 0.053064878432351685], "aligned_model": [[-0.023679704498930934, 0.40603468200696535, -0.09309243705563705, -0.5442986054269497, -0.573021380542183, 0.5687431779093257, -0.1036817319961482, -0.17692053418256765, -0.0030756812385768634, 0.587853253330686, 0.0003106970867254727], [-0.5794201097329256, -0.48443775428896924, -0.7505526226118068, -0.12449675749283029, 0.32800530508742437, 0.20382569974122244, 0.7493633649781961, -0.09014011244305187, 0.5082829765880457, 0.21844417553053314, 0.005704434377537131], [-0.6240586675035437, -0.14791929547905133, 0.3811438135168692, -0.5554642609470208, 0.19209338120852615, -0.12256319385583858, -0.2485670910500678, 0.7187377218558808, 0.3488031317588629, 0.5767769199349684, 0.036501976075838986]], "inverted": true, "swapped": false, "error_lsq": 0.051833514561053534, "error_max": 0.2747468964824562, "target": "505.xyz", "model": "27.xyz", "model_rescale": 4.103607728864725, "target_rescale": 3.7356789269434505},
{"mapping": [9, 10, 11, 7, 8, 3, 1, 13, 2, 12, 14], "R": [[-0.43080829975600404, -0.8070001744837272, -0.4039244078346529], [0.3704122968053716, 0.2500225921990085, -0.8945856212601775], [0.822920979946866, -0.535013478123049, 0.1912109803070095]], "T": [0.02733616594999353, -0.1285949316770717, 0.0073469435454966495], "aligned_model": [[0.2993075236466348, 0.3797913326171191, -0.3815952275832283, -0.6502946426944983, -0.708084179546908, 0.6742138743728261, -0.29782577990264214, -0.11011904311063453, 0.23620156639212558, 0.5860025714961891, 0.017573739705725663], [-0.4221014263585037, -0.4957563050703219, -0.6136711827451244, -0.06592355730372093, 0.09907665550858541, 0.2372533313632198, 0.6288038819557683, -0.10923146891057245, 0.5467657752621644, 0.16253250208279918, 0.01683039394908145], [-0.706802511558584, -0.019913975063076586, 0.271046354792523, -0.23133701396600187, 0.2894861656047509, -0.09864895893585143, -0.34404682155537014, 0.6402795266580195, 0.21126816915176888, 0.590810979927536, -0.04665747954028964]], "inverted": false, "swapped": false, "error_lsq": 0.04256853508965337, "error_max": 0.23862121194861652, "target": "505.xyz", "model": "28.xyz", "model_rescale": 4.137296879288765, "target_rescale": 3.7356789269434505},
{"mapping": [3, 8, 4, 2, 5, 7, 1, 6, 0, 9, 10], "R": [[-0.45025114786207754, -0.025793377221506, 0.8925293303530092], [0.4792072520405448, -0.8504108111944723, 0.21716781942845398], [0.7534151003534716, 0.5254865877404188, 0.39525881731379464]], "T": [0.028740971010975447, -0.013463690113416124, 0.04617528935457301], "aligned_model": [[0.01645085937709495, 0.6034863711945571, -0.25967418748468135, -0.5445711506499853, -0.6030877491948343, 0.5292027954670024, -0.16365286500621054, -0.25900608111963347, 0.07834997716198258, 0.606800134619939, 0.04087363102747789], [-0.5216609168764512, -0.4030906542862034, -0.6637623114840276, -0.018981857095667645, 0.1994601513710112, 0.3223911575113649, 0.6296412316686946, -0.08401046799845031, 0.6099766192899096, -0.01581998096738453, -0.06956437139942032], [-0.4092950794170904, -0.14412035361472758, 0.35204840385080627, -0.4861797022214562, 0.13920245464668146, -0.34209228368359673, -0.2949399951638138, 0.7006770915500828, 0.361423555784346, 0.572137519471901, 0.10662282431229128]], "inverted": false, "swapped": false, "error_lsq": 0.052892690620685065, "error_max": 0.3276242954140268, "target": "505.xyz", "model": "29.xyz", "model_rescale": 3.607286011436655, "target_rescale": 3.7356789269434505},
{"mapping": [7, 6, 1, 13, 11, 4, 10, 9, 8, 3, 14], "R": [[0.393432284044288, -0.11056521403743061, 0.9126808704670828], [0.8047064993588429, -0.4386623837927971, -0.4000284526566298], [0.44458799777021807, 0.8918243361167479, -0.0836113972409902]], "T": [-0.008977624278934783, -0.02901396775813486, -0.05772106360677437], "aligned_model": [[0.19425687822857174, 0.38900879661227294, -0.36387736058767994, -0.5575605923475533, -0.5417432284282425, 0.592294272192775, -0.21944678796699363, -0.14193198058578776, 0.166035293319927, 0.6109201090191358, -0.08278366406371658], [-0.4155295020851227, -0.33020671474863195, -0.513271947666592, -0.3878510505753537, 0.1778887569546816, 0.3340522427122941, 0.6492532590233303, 0.04687843824990515, 0.5095228692925632, -0.06519572447848121, -0.020962026945217423], [-0.6969318608027388, -0.06343983969963841, 0.3635703378226382, -0.383584834977384, 0.07600678128348154, -0.11692007567801152, -0.1799143478437281, 0.7111227370166888, 0.32240723986186726, 0.4330631221595532, 0.09010517637269613]], "inverted": true, "swapped": false, "error_lsq": 0.04719568555798206, "error_max": 0.21310564630454287, "target": "505.xyz", "model": "30.xyz", "model_rescale": 3.964800864290218, "target_rescale": 3.7356789269434505},
