[{"mapping": [12, 9, 5, 0, 2, 11, 8, 10, 7, 4, 6, 13], "R": [[0.8585705155113126, -0.07170368587083324, -0.507656627384274], [0.4378508727215748, -0.4125839810262644, 0.7987872506853587], [-0.2667269824213402, -0.9080930789478884, -0.32283691984553153]], "T": [0.029680019854612792, -0.06317803684757964, 0.023671006691465643], "aligned_model": [[-0.4015412909111068, 0.3423972976375698, 0.3155322205595198, -0.08116700187307094, -0.16253936886492173, -0.561652274621587, 0.2571424615377173, -0.2868109850816408, 0.7297245571149672, 0.079331464698179, -0.40719221311185816, 0.014417595376781042], [-0.2910426669590469, -0.6832800157604609, -0.4328965949604835, 0.7160214899229802, 0.3137329830783835, -0.49559538404924497, -0.18182377232353666, -0.5850843195142287, 0.15910500555961138, 0.5280282046641505, 0.03489266077944858, -0.028502554460514952], [-0.5571136710198692, 0.08337244758257549, -0.6241790614288298, 0.04018240879727812, -0.7486542557497631, -0.05030424765124643, 0.5030276685613574, 0.5491639845922678, 0.10263127445318107, 0.5443985134244983, 0.4324408065150796, -0.09301412272296677]], "inverted": true, "swapped": true, "error_lsq": 0.044977618732128966, "error_max": 0.21221020056396642, "target": "506.xyz", "model": "0.xyz", "model_rescale": 3.751011558992144, "target_rescale": 4.1036994983077895},
{"mapping": [11, 10, 9, 12, 6, 5, 7, 4, 1, 8, 0, 3, 13, 14], "R": [[0.37835291977551944, 0.5538354312216918, -0.7416976359816863], [0.6402858400892368, -0.7352387734410012, -0.2223915218936917], [-0.6684931645713064, -0.3907560123049354, -0.6327927210145402]], "T": [0.0006488153679493659, -0.06752437493021254, -0.009440592010153251], "aligned_model": [[-0.1549461654452799, -0.7703710194280134, -0.21089738323092988, 0.4507968491033845, -0.1380760517010792, -0.19222658814892402, 0.4032918855545, -0.6378956037246198, 0.07332791987706008, -0.24388053790436226, 0.5908871147454169, 0.7451516892077799, 0.3116543931807636, 0.011724819081616648], [0.18442969834073838, -0.09568240112416221, -0.49132299239225596, -0.0675597762760554, 0.6191800361100409, -0.6547859136553407, 0.4302453177643156, 0.2242388953770609, 0.5157528277113064, -0.23744056872200786, 0.15510438393335713, -0.23404748222414498, -0.6915888165252383, -0.07889913051045959], [-0.7504131527940078, -0.2872701945382636, -0.467515431998029, -0.6004920707732786, -0.2794743091357739, 0.0800524850853311, -0.18201206955724847, 0.35485213212134264, 0.3649802969400687, 0.5836463616614032, 0.4119377465104056, -0.04674226883816941, -0.21271700875982164, -0.061897712790767556]], "inverted": false, "swapped": false, "error_lsq": 0.04019581751623076, "error_max": 0.2837552489691483, "target": "506.xyz", "model": "1.xyz", "model_rescale": 3.9405287249114394, "target_rescale": 4.1036994983077895},
{"mapping": [2, 5, 12, 8, 9, 3, 1, 7, 10, 6, 4, 0, 13], "R": [[0.5567622436424282, -0.11070702750262373, -0.8232616583540027], [0.5806896276523682, 0.7605555869585978, 0.2904389014629695], [0.5939826263378445, -0.6397649202696221, 0.48773505758885194]], "T": [0.014155146432872974, -0.09398678695858549, -0.04654231050846366], "aligned_model": [[-0.4665711674443278, 0.2675418682481859, -0.41823214517237306, 0.36784451034072907, 0.538115589407056, -0.6747298118387254, 0.0451860508796369, 0.5822831074302127, 0.03468105459057908, -0.32780214776091426, -0.04520288355074414, -0.3693093592930047, -0.03782138655237868], [0.6394555460995369, 0.535559554204019, 0.2843556591630568, -0.4972488415058279, -0.1642609660130715, -0.021729691772069543, 0.4243038776400712, 0.07780343459944243, -0.7714602626234867, -0.5906028129157241, -0.4664227948264834, -0.007989847767888456, 0.017069739290442157], [0.03383851164801335, -0.46794422929961155, -0.5416010685358035, 0.042240184516790485, -0.5008657812610162, -0.06483295547449067, 0.45190417891917845, 0.39325942742001674, -0.4816330720517914, 0.016748215071611214, 0.6469382346878435, 0.635565518535524, -0.0504968145876207]], "inverted": true, "swapped": true, "error_lsq": 0.05485309112512149, "error_max": 0.3803650108210646, "target": "506.xyz", "model": "2.xyz", "model_rescale": 3.932901565614263, "target_rescale": 4.1036994983077895},
{"mapping": [4, 2, 6, 5, 0, 10, 7, 1, 3, 11, 8, 9, 12, 13], "R": [[0.590255608940764, -0.01682326578609422, -0.8070410732064746], [0.7362585347271335, -0.3986683054001317, 0.5467969936922125], [-0.3309406081994502, -0.9169408705023882, -0.22292993035234243]], "T": [0.024014119808987638, 0.03832086622505096, -0.0038704778534539575], "aligned_model": [[-0.11170172303066363, -0.623359284794615, -0.23888307998631345, 0.3301419707535333, -0.3653442558785928, -0.2273543938527449, 0.5494630219182275, -0.6955678660981579, 0.018910812042330315, 0.06439422430997015, 0.5533041039034658, 0.7135693552230926, 0.23079187946624122, 0.04017655719153963], [0.3683687451715978, 0.09605472906518384, -0.42648059879712863, -0.2745040755049887, 0.5642883313704954, -0.6010054507766719, 0.4105919242313444, 0.0362367247923063, 0.43419786249380055, -0.27406618678754546, 0.19079904067238546, -0.20231556988700827, -0.6768485820742927, -0.06769281616232435], [-0.8012888198440202, -0.5251902734413411, -0.42994197553287344, -0.5741563538510435, -0.14777534237655282, 0.1991594978391423, -0.31218891387409065, 0.17210123244274728, 0.31852809248501707, 0.8318881443802763, 0.481298816915273, -0.08387436724097111, -0.1738864432504558, -0.04773849151791648]], "inverted": true, "swapped": false, "error_lsq": 0.046679655728074664, "error_max": 0.2875136327627153, "target": "506.xyz", "model": "3.xyz", "model_rescale": 3.9243930471874484, "target_rescale": 4.1036994983077895},
{"mapping": [11, 3, 10, 9, 8, 12, 5, 6, 4, 0, 7, 1, 13], "R": [[0.17241794126921534, 0.5941377599343499, 0.7856668350825802], [-0.21244515272740766, 0.8012699777333281, -0.5593151883024996], [-0.9618415205277395, -0.07047513748425724, 0.2643750071119832]], "T": [0.036053894810168116, -0.0874336298324575, -0.05061653443198172], "aligned_model": [[-0.0015086997276956698, -0.4431490120905702, 0.623167075794585, 0.46188089729312903, 0.559386794787119, -0.47349841082640526, -0.2544141144627801, 0.20598161037029517, 0.21685952858505553, -0.3394432470200583, 0.2059272266319082, -0.4017621576515952, -0.08222160537163486], [-0.47401000065475213, 0.04712529199978732, -0.2700402789747045, -0.6116700862696806, 0.034345111440800435, -0.5515662724389658, -0.7395358072266589, 0.21764468864508485, 0.680316327217995, 0.603753416337095, 0.11389698287044053, 0.1913717782223575, -0.11380159748721175], [-0.6761393109317104, -0.5326710871582832, -0.5708554394736296, 0.12180830084023017, 0.03239789911864775, -0.3670375960984763, 0.307858136153189, -0.5462169278917043, -0.018733176858317047, -0.01940828504817496, 0.6395398713915965, 0.44800324206091724, -0.031475310733321486]], "inverted": false, "swapped": true, "error_lsq": 0.0412288211157051, "error_max": 0.2368300746089049, "target": "506.xyz", "model": "4.xyz", "model_rescale": 3.8936222436046832, "target_rescale": 4.1036994983077895},
{"mapping": [9, 5, 11, 8, 3, 2, 1, 0, 4, 7, 6, 13], "R": [[-0.18337658936303047, 0.9107508745758331, 0.37000793360810247], [0.6591663752846123, 0.39315351706289137, -0.6410382217272422], [-0.7292960415138209, 0.12634538567131862, -0.6724315038365153]], "T": [-0.05137905717475867, -0.057059130265359345, -0.14774333985857216], "aligned_model": [[0.031081175292227495, -0.5748530794460803, -0.42997014793487814, 0.4532355155741754, -0.4604840558508739, -0.7630379920702456, -0.14037787352707, 0.042987260125740626, 0.531291140523028, 0.3425963594898378, 0.15189512992897236, -0.15681538988973642], [-0.5466732588818799, -0.6575062900109676, 0.26249831620568526, -0.1429388588834718, 0.4903622094783593, 0.00252385921390387, -0.25428351387487186, 0.34449711283164175, 0.2977769795529739, -0.549867330101888, 0.49107231111430283, -0.06853863153398057], [-0.636988817344778, -0.2073349498797042, -0.6924293111378501, -0.3310125063432988, -0.033370711654370305, 0.36751188728074524, 0.5387104357602802, 0.5227483997876565, 0.24941405731501046, 0.2364835178865635, -0.30836552620395674, -0.08608175619077918]], "inverted": false, "swapped": true, "error_lsq": 0.04696772471119848, "error_max": 0.2699767866723208, "target": "506.xyz", "model": "5.xyz", "model_rescale": 3.6523030999806103, "target_rescale": 4.1036994983077895},
{"mapping": [0, 1, 7, 4, 8, 3, 5, 6, 12, 11, 9, 10, 13], "R": [[0.0025282158420205786, -0.9452077066532623, -0.32645979753705756], [0.4891730042852902, 0.2859035208537988, -0.8239957212521829], [0.8721831115099397, -0.1576120809033431, 0.4630929193478976]], "T": [0.06906028190469266, 0.012635588804609542, 0.04077579962784819], "aligned_model": [[0.1603773345737418, -0.11748213785667017, 0.3390526892800911, 0.6592930123025762, 0.5688535323211004, -0.2560062549408379, -0.5356660678057885, 0.37254827162427223, -0.6215893231459093, -0.19789367311000455, 0.11944861934030582, 0.4325391960329357, -0.04239229395151825], [-0.5179515642830023, 0.030377842217033012, 0.45041459405102646, -0.34361601470416686, 0.2058473752105859, -0.5961684383807008, 0.53456513566885, -0.4504725357214667, -0.1398945557929458, -0.21876801915943855, 0.6094461527748816, -0.018099505742797097, -0.004853561974675541], [0.6151015434484464, 0.7357032569477233, 0.5710214705200841, 0.42529802422659024, -0.05128230503507482, -0.020929340653409262, 0.04370730100432227, -0.20619355881952817, -0.23294418212557869, -0.605226475158947, -0.3158205944987472, -0.6773008166623973, 0.08897541628830495]], "inverted": true, "swapped": true, "error_lsq": 0.043132808411743925, "error_max": 0.23842436068337225, "target": "506.xyz", "model": "6.xyz", "model_rescale": 4.08911054899281, "target_rescale": 4.1036994983077895},
{"mapping": [3, 9, 8, 4, 0, 11, 6, 1, 2, 13, 7, 5, 10, 14], "R": [[-0.045168491536040856, -0.8882473256034459, 0.45713947098307384], [-0.39787204387451547, 0.43574179556931525, 0.8073579901735938], [-0.9163283494880392, -0.14541587311003942, -0.3730905785089871]], "T": [0.060185457324396306, -0.11951121121548525, -0.026462962548000464], "aligned_model": [[-0.05487618986404356, -0.6469207990616125, -0.08422301140428753, 0.4716370212251076, -0.3233992266760027, -0.2834206104397924, 0.21178074826523977, -0.5572568978901268, 0.008254194482007975, 0.0031579062944301697, 0.639081397576695, 0.7806628406912349, 0.17495752578202536, -0.10089357781356309], [0.311327782231427, -0.1427016801931661, -0.42085021385680105, -0.11098245327523343, 0.7044669113507407, -0.5563502896357531, 0.342730257236752, 0.15639194758718283, 0.5518165232563355, -0.15906055930673196, 0.2189198301949966, -0.35889974182742224, -0.8149980882705959, -0.14418614768457627], [-0.680366636905094, -0.3641318125122066, -0.6210131899733692, -0.5987254552503531, -0.268494007739398, 0.16231614836663322, -0.1382424734663965, 0.25741807557404023, 0.4171153959860716, 0.7022881814241412, 0.36036113844193834, -0.09054650998148084, -0.17613017555094848, -0.05491387528038702]], "inverted": true, "swapped": false, "error_lsq": 0.04176057396637352, "error_max": 0.2343731885774187, "target": "506.xyz", "model": "7.xyz", "model_rescale": 3.964800864290218, "target_rescale": 4.1036994983077895},
{"mapping": [12, 9, 8, 7, 4, 5, 2, 11, 6, 3, 0, 1, 1, 13], "R": [[-0.27609549598484007, 0.3124637942110148, 0.9089211486174926], [-0.1540448741761346, -0.9478402503074168, 0.27905024034612935], [0.9487051458893561, -0.06297012946175595, 0.30982786988685457]], "T": [-0.02394497771382914, -0.001441441483434558, -0.0084987656994603], "aligned_model": [[-0.2740312786343228, -0.5973619233612661, -0.22606415196594104, 0.2864292628886902, -0.06259564986064448, -0.20397904886880186, 0.4927820063186555, -0.7084028566795646, -0.16306407785336546, 0.05918441186922513, 0.5473304815596522, 0.5759295261869259, 0.5759295261869259, -0.06354490661885559], [0.23544019406191263, -0.15105365208381558, -0.6043758316433101, -0.10626905476723834, 0.6974360932349759, -0.7832707772659067, 0.3816426938043021, 0.46567105781160556, 0.3918655133405061, -0.13743099986605142, 0.07090453171993066, -0.40986563261525194, -0.40986563261525194, -0.06320442530925284], [-0.6808222519185831, -0.35873571359651724, -0.44055841663838374, -0.6405843352431286, -0.08039947516994313, 0.22687613929613532, -0.16613282616112418, -0.029868122679678075, 0.3945661651020459, 0.69900320624186, 0.4176112932241401, -0.1994441789476934, -0.1994441789476934, -0.03513250142824513]], "inverted": true, "swapped": false, "error_lsq": 0.051405289882298075, "error_max": 0.3570038296592541, "target": "506.xyz", "model": "8.xyz", "model_rescale": 4.121658175737393, "target_rescale": 4.1036994983077895},
{"mapping": [11, 3, 6, 10, 2, 5, 0, 7, 4, 1, 9, 8, 13], "R": [[0.09614217423279342, -0.9951811268420522, -0.019266735872347118], [-0.44956720287516905, -0.026145791000130092, -0.8928637789226161], [0.888057437575289, 0.09450355755399428, -0.44991450874232874]], "T": [-0.05713399223779438, 0.045722598519727944, -0.01802677257252903], "aligned_model": [[-0.40843822607664754, -0.2444115382738132, 0.275715984099034, 0.1275209963363583, -0.6067355046754216, -0.7449126871938586, 0.28006834139207487, 0.22448080807508855, 0.6700045399595194, -0.07668338303693951, -0.2243252773484904, 0.3521058899897437, -0.14765244681145065], [0.36173461130036155, -0.31670879544835895, 0.10386726803333622, 0.7201289088315549, -0.6400837836330067, 0.11815722329488, -0.6555182871267401, -0.07165179558990593, -0.25759001468359755, -0.5609893593594838, 0.6507702767557825, 0.37518328988678273, -0.03691210284989552], [-0.5826972304253469, -0.5781059871913227, -0.5214133532217615, -0.41774449512408224, -0.0737430634676028, 0.38175653813792443, -0.13747298489083434, 0.654745986111259, -0.06720233471051403, 0.3686972302374829, 0.2850362627259434, 0.12189161020989674, -0.01267274443195331]], "inverted": true, "swapped": true, "error_lsq": 0.0424531490592073, "error_max": 0.2916815839575652, "target": "506.xyz", "model": "9.xyz", "model_rescale": 3.833441315466971, "target_rescale": 4.1036994983077895},
{"mapping": [6, 12, 11, 7, 4, 10, 3, 1, 5, 13, 2, 9, 8, 14], "R": [[-0.48878574899155014, 0.6784510926674996, 0.5484456276068262], [-0.790100187207402, -0.07770147531147378, -0.6080330376790797], [-0.369905644398133, -0.7305248767788106, 0.5740237091355249]], "T": [-0.09160691814578112, -0.044082398969138785, -0.09339552112115479], "aligned_model": [[-0.42867903978576594, -0.6070871334876534, -0.07581638246854497, 0.28908906375049137, 0.016697385231923795, -0.2918096108997197, 0.6244036706314592, -0.7448909089470815, -0.08723509815270104, 0.03324321950377754, 0.4726253963020631, 0.6990462210933363, 0.3368712607436294, 0.002083277652098814], [0.4178441671310865, -0.17418911917015326, -0.5522455464096404, -0.13909673121284874, 0.7342470229214839, -0.8120987989092396, 0.40165927287705344, 0.24043111575720288, 0.4055450489826734, -0.08589889703278814, 0.09029457205241564, -0.22510360177856023, -0.6897069611422274, -0.03405746625930358], [-0.4597775626964605, -0.3768958672592235, -0.5482119188136299, -0.6318719113353691, -0.22899076063758497, 0.12066950347882335, -0.3006756419390069, 0.1012349498093125, 0.4118284358576284, 0.6929570493160722, 0.33114538376262215, -0.09038486048371025, -0.008928146880196164, -0.10516384904608628]], "inverted": false, "swapped": false, "error_lsq": 0.04539236373408926, "error_max": 0.2976434654191183, "target": "506.xyz", "model": "10.xyz", "model_rescale": 4.2482417240324, "target_rescale": 4.1036994983077895},
{"mapping": [11, 12, 5, 2, 8, 7, 9, 1, 3, 4, 6, 13], "R": [[0.7854818008949472, 0.38593351220401595, 0.4838116003370557], [0.5668680735760074, -0.7623611394832257, -0.31219557999123526], [0.2483524262475736, 0.51948129625975, -0.8175941873651213]], "T": [-0.0866941628938675, 0.13283870814508714, -0.024799758759565978], "aligned_model": [[-0.5178820367249733, 0.026130606554771632, 0.28076398218767806, 0.6045924787277717, -0.40652078030159816, 0.2645094603007981, -0.3581919302311922, 0.6016600073811016, -0.028156729488519383, -0.10203410029885701, -0.49866023439792045, 0.010554878653946415], [-0.46399179066101925, -0.6131518635532515, -0.19880916036468876, -0.3793187822937433, 0.5625400996554114, 0.7431026153872603, 0.19569729614530867, 0.3113675445643044, -0.3567351634978534, 0.6870965646413836, 0.12020899651221922, 0.058125033515308205], [-0.025964259659585678, 0.05235974301855242, 0.6021748870998552, -0.2127199690859934, 0.06829390984220507, 0.19867464144618097, 0.6141216623601172, -0.13585390634308042, -0.5116353720067732, -0.5866806510120276, -0.469425899726995, -0.028152496078099207]], "inverted": true, "swapped": true, "error_lsq": 0.04415590564659568, "error_max": 0.23491319837038427, "target": "506.xyz", "model": "11.xyz", "model_rescale": 3.6694154284099745, "target_rescale": 4.1036994983077895},
{"mapping": [2, 3, 8, 10, 1, 11, 12, 4, 0, 6, 5, 7, 9, 13], "R": [[-0.8730606538247769, -0.2154953247887984, 0.43740925886087934], [-0.45015948328092137, 0.011437728215786647, -0.8928749173235389], [0.18740740208248804, -0.9764378850533364, -0.10699309453072464]], "T": [0.07687501093417151, -0.03454748370657066, -0.03785964787027562], "aligned_model": [[-0.09114872342895872, -0.7070151741094146, -0.3063027110147135, 0.4946217090394702, -0.37251705570320126, -0.2599272232747949, 0.47026798977151907, -0.6133031656826323, -0.07858449555061559, 0.0737973959196603, 0.6408810935593242, 0.7229300740691152, 0.2449922723992085, 0.01984933517334634], [0.16319205382119842, 0.054847474919533144, -0.4422492635674041, -0.1426375186183721, 0.6289764261114176, -0.6578753757608544, 0.470935204995131, 0.047125590127667004, 0.5031159932606867, -0.16297614924473988, 0.20887658942620516, -0.385502812258206, -0.7704096981040435, 0.06220556269893538], [-0.6370096068799458, -0.38249513612981445, -0.5473220541491507, -0.5040495532557617, -0.31035971327357703, 0.16963792543140513, -0.26479072967897344, 0.21642806965195083, 0.4065367875389709, 0.5129138442365774, 0.47906650919469673, 0.06988324622702327, -0.31159246415219916, 0.010087678371988755]], "inverted": false, "swapped": false, "error_lsq": 0.04345972166226373, "error_max": 0.23109169959822815, "target": "506.xyz", "model": "12.xyz", "model_rescale": 3.9764082729961374, "target_rescale": 4.1036994983077895},
{"mapping": [3, 8, 11, 14, 7, 12, 4, 2, 0, 9, 5, 6, 13, 15], "R": [[-0.8552721927043342, -0.51781485616029, -0.01942295359667448], [0.3435690681827255, -0.5947335372284007, 0.7268096828495395], [-0.38790433327661367, 0.6149469850609016, 0.6865642240823019]], "T": [-0.01026546882274132, -0.11643120060947494, -0.01398714628796005], "aligned_model": [[-0.1850804888579955, -0.6134036708070392, -0.2618019353587588, 0.3233566131362522, -0.1729585392432023, -0.06377165681101438, 0.42067747084157786, -0.6742953770375015, -0.08684595196125329, -0.02976912195606386, 0.5727555128915285, 0.7219246946511395, 0.2583744299076917, 0.029379341771952713], [0.19983014303096597, -0.07306495561415381, -0.4989589236320679, -0.3051184306789876, 0.6100996089318966, -0.6547749403257475, 0.4577934385835734, 0.2892923240378033, 0.46167042122535745, -0.06601455130430252, 0.03511622767770077, -0.1938009370825612, -0.6403091042576279, -0.04413624278469484], [-0.7741594416279232, -0.3800424901237016, -0.6627911581984413, -0.7153440277777695, -0.14328388463550001, 0.3244454772924653, 0.006457126169534033, 0.16126186640599474, 0.4184962382905342, 0.5848257589712005, 0.5690598652773089, -0.21787509122195708, -0.18091555329592923, -0.08319988239262512]], "inverted": true, "swapped": false, "error_lsq": 0.04453849035289959, "error_max": 0.26092655657808816, "target": "506.xyz", "model": "13.xyz", "model_rescale": 4.170626492500431, "target_rescale": 4.1036994983077895},
{"mapping": [11, 5, 6, 3, 9, 4, 1, 12, 10, 8, 7, 0, 2, 13], "R": [[-0.12329178817629997, 0.8581042707145965, 0.498453804830158], [-0.06125699719837374, 0.49474730711616105, -0.8668752403867273], [-0.9904780236141181, -0.1374123818390392, -0.008433389282683945]], "T": [0.07598635394498748, -0.07905968833780955, -0.0710811799943502], "aligned_model": [[-0.32559486655076114, -0.7890853702634888, -0.3417054285389676, 0.29684526256350363, 0.14625525251286636, -0.1747208236887789, 0.7216101172223974, -0.5736758034631824, -0.10914590935878843, -0.05860051718157833, 0.48439515879220973, 0.6185599314247336, 0.34557550483320143, -0.002171187136053604], [0.27284689798129524, -0.2015051511046844, -0.4332887047925742, -0.04398108557036447, 0.6949670383162067, -0.6410561637550083, 0.3242892770210025, -0.020765548245732374, 0.38181678086341586, -0.0969516750224462, 0.28698983008114587, -0.22395059258865943, -0.6537597459663499, -0.0680270794100929], [-0.5342808442661684, -0.3238218553495586, -0.7094734150481249, -0.723357531352887, -0.29966671493303537, 0.2815787174912839, -0.17735459308924054, 0.26095345020084587, 0.1965888224255375, 0.6590712313128795, 0.5261120894564387, 0.13011262064096618, -0.24421032462768083, -0.13531684972806474]], "inverted": true, "swapped": false, "error_lsq": 0.05184423373458996, "error_max": 0.31058691286557705, "target": "506.xyz", "model": "14.xyz", "model_rescale": 3.9786697098870705, "target_rescale": 4.1036994983077895},
{"mapping": [6, 11, 0, 4, 3, 2, 9, 5, 1, 8, 12, 13], "R": [[-0.770604375271978, 0.39524306830914846, -0.4999518114431173], [-0.04246587620527817, -0.8145679415005106, -0.5785116403649444], [-0.6358974336870707, -0.42457270947764725, 0.6444939628863927]], "T": [0.015038514923862309, -0.14023738045803932, 0.04779405198112706], "aligned_model": [[-0.0905387873651057, -0.6313847566683322, 0.6677112346455345, 0.56450326096097, -0.023479170581514122, 0.2765581642847639, -0.40703756804312746, -0.18777182751629007, 0.6440552343757713, 0.0036381414180036015, -0.37341986867305876, 0.04052053992972142], [-0.37150516742846296, 0.053242330262632726, -0.00804396887197692, -0.5587423051446381, 0.29628760075278415, 0.6992266006093086, -0.3846104292891235, 0.3236188868325669, 0.1573360382331939, -0.6787293765810227, 0.5075726835166664, -0.020978402667489654], [-0.502602716604215, -0.2468812581314962, -0.37203307197493113, -0.33442230444716803, -0.48893721216614383, -0.0012387822727123604, 0.5458065169981914, 0.6657085540920004, 0.23170995668219557, 0.12192355891006933, -0.020229147039172238, 0.061162399827212846]], "inverted": false, "swapped": true, "error_lsq": 0.05064315387620971, "error_max": 0.23951757358906417, "target": "506.xyz", "model": "15.xyz", "model_rescale": 3.769337070930944, "target_rescale": 4.1036994983077895},
{"mapping": [2, 5, 0, 1, 3, 11, 6, 9, 4, 7, 13], "R": [[0.9174643288514908, 0.3607423689228147, 0.16770255975696707], [-0.1482866556886076, 0.701287777996801, -0.6972851068085406], [-0.36914803674105, 0.6148661607994583, 0.6968998000243385]], "T": [0.09028119437446418, -0.034208219519878354, 0.08136783651241662], "aligned_model": [[-0.4092610557208605, -0.36597638430989377, -0.12578596804292919, -0.5609828164653929, 0.26495110927625687, 0.6113721992827339, 0.6040481311188045, 0.15593992946366722, 0.15418758995789944, -0.4199659755321467, 0.014099371663032045], [0.05571724966627999, -0.6626458198097944, 0.7015338608202301, 0.26315515052962124, 0.21716490017016277, -0.3514797944704962, 0.2843482177656666, -0.6322145525788587, 0.6895716451169073, 0.07425888276087417, -0.043345242345251195], [-0.6382622571521017, -0.10573696850159998, -0.09670564182326137, 0.007427000696012112, -0.5402591390576796, -0.33086255445666946, 0.03518028526451465, 0.4334476261169425, 0.3899223736622861, 0.6044257131379136, -0.014358830662579772]], "inverted": false, "swapped": true, "error_lsq": 0.04429720509297231, "error_max": 0.23705972176566417, "target": "506.xyz", "model": "16.xyz", "model_rescale": 3.7852294659196426, "target_rescale": 4.1036994983077895},
{"mapping": [7, 0, 6, 4, 1, 2, 12, 3, 8, 9, 5, 11, 13], "R": [[0.5666257078984734, 0.38333659840805057, 0.7293753214014709], [0.1463726221972811, -0.9179402097892461, 0.3687286627361195], [0.8108701268511782, -0.1021705611857932, -0.5762385042734771]], "T": [0.11099585266995626, 0.06820705219542195, -0.04009559380647846], "aligned_model": [[-0.04260327852017995, -0.3910920239164771, 0.3841281268825026, 0.09155492782260594, -0.5331166856681672, -0.6928762410977056, -0.12419846978903318, -0.1665363488037379, 0.5227966623886933, 0.5441643805974455, -0.14169288737161406, 0.39993838098676954, 0.003299306705181443], [-0.15204368398740534, -0.5170140590262948, -0.2783473170746432, -0.7196825660723394, -0.09147079167347838, 0.31281932453462535, 0.6303961195735412, 0.03742284274348198, -0.16909080439553736, 0.4837671091773697, 0.7772089433047145, 0.43956567914306993, 0.12152482745576984], [-0.7282843390525924, 0.11844653406560304, 0.3756769267396846, -0.08480825546782217, -0.3187693403213602, 0.22344000991510773, 0.41135986754289683, 0.5940544916027347, -0.30411946123979483, -0.3944367960034876, -0.30763572665395483, 0.5262399678775173, -0.01540918186135827]], "inverted": false, "swapped": true, "error_lsq": 0.04389745762092997, "error_max": 0.23433278992757597, "target": "506.xyz", "model": "17.xyz", "model_rescale": 3.901054581598922, "target_rescale": 4.1036994983077895},
{"mapping": [11, 10, 9, 12, 6, 5, 7, 4, 1, 8, 0, 3, 13, 14], "R": [[0.37835291977551944, 0.5538354312216918, -0.7416976359816863], [0.6402858400892368, -0.7352387734410012, -0.2223915218936917], [-0.6684931645713064, -0.3907560123049354, -0.6327927210145402]], "T": [0.0006488153679493659, -0.06752437493021254, -0.009440592010153251], "aligned_model": [[-0.1549461654452799, -0.7703710194280134, -0.21089738323092988, 0.4507968491033845, -0.1380760517010792, -0.19222658814892402, 0.4032918855545, -0.6378956037246198, 0.07332791987706008, -0.24388053790436226, 0.5908871147454169, 0.7451516892077799, 0.3116543931807636, 0.011724819081616648], [0.18442969834073838, -0.09568240112416221, -0.49132299239225596, -0.0675597762760554, 0.6191800361100409, -0.6547859136553407, 0.4302453177643156, 0.2242388953770609, 0.5157528277113064, -0.23744056872200786, 0.15510438393335713, -0.23404748222414498, -0.6915888165252383, -0.07889913051045959], [-0.7504131527940078, -0.2872701945382636, -0.467515431998029, -0.6004920707732786, -0.2794743091357739, 0.0800524850853311, -0.18201206955724847, 0.35485213212134264, 0.3649802969400687, 0.5836463616614032, 0.4119377465104056, -0.04674226883816941, -0.21271700875982164, -0.061897712790767556]], "inverted": false, "swapped": false, "error_lsq": 0.04019581751623076, "error_max": 0.2837552489691483, "target": "506.xyz", "model": "18.xyz", "model_rescale": 3.9405287249114394, "target_rescale": 4.1036994983077895},
{"mapping": [0, 8, 6, 1, 4, 5, 12, 7, 13, 11, 14, 10, 2, 15], "R": [[-0.40930676397479393, 0.6837122804096207, -0.6041568427002698], [0.8173823144457384, -0.019443424069819193, -0.5757674055482557], [-0.4054061235302332, -0.7294926119416957, -0.5508960011895823]], "T": [0.0489732462715899, 0.08054066689737333, -0.05622248750683111], "aligned_model": [[-0.2462792084582494, -0.5955351370033977, -0.1642335380035539, 0.3192735822158568, -0.28644246355685304, -0.3327989646750849, 0.35861471958672997, -0.5866594346590653, 0.051771892574345404, 0.1308554526574653, 0.650753490627206, 0.6131869029309148, 0.2607202229419077, 0.06531380398909167], [0.15996431147289536, -0.20331117131049903, -0.4409429951138267, -0.06455747575437787, 0.6600895338614388, -0.651593973427951, 0.5141685162388752, 0.31718994420454194, 0.4004149457840948, -0.23806447039420903, 0.22944394431301485, -0.40217937451337843, -0.7472246745408402, 0.044227016987376036], [-0.6720082705631605, -0.33246374686218255, -0.547018894366805, -0.6405200840848653, -0.3499646210475068, 0.041201791517770155, -0.18361208083409636, 0.13244060751772702, 0.5345418129189301, 0.584869762226863, 0.4079189925984933, 0.20174717777581763, -0.21526034588559698, -0.05493729777819659]], "inverted": true, "swapped": false, "error_lsq": 0.04238890551704146, "error_max": 0.22293534907593957, "target": "506.xyz", "model": "19.xyz", "model_rescale": 4.410303926677745, "target_rescale": 4.1036994983077895},
{"mapping": [12, 9, 8, 7, 4, 5, 2, 11, 6, 3, 0, 1, 1, 13], "R": [[-0.27609549598484007, 0.3124637942110148, 0.9089211486174926], [-0.1540448741761346, -0.9478402503074168, 0.27905024034612935], [0.9487051458893561, -0.06297012946175595, 0.30982786988685457]], "T": [-0.02394497771382914, -0.001441441483434558, -0.0084987656994603], "aligned_model": [[-0.2740312786343228, -0.5973619233612661, -0.22606415196594104, 0.2864292628886902, -0.06259564986064448, -0.20397904886880186, 0.4927820063186555, -0.7084028566795646, -0.16306407785336546, 0.05918441186922513, 0.5473304815596522, 0.5759295261869259, 0.5759295261869259, -0.06354490661885559], [0.23544019406191263, -0.15105365208381558, -0.6043758316433101, -0.10626905476723834, 0.6974360932349759, -0.7832707772659067, 0.3816426938043021, 0.46567105781160556, 0.3918655133405061, -0.13743099986605142, 0.07090453171993066, -0.40986563261525194, -0.40986563261525194, -0.06320442530925284], [-0.6808222519185831, -0.35873571359651724, -0.44055841663838374, -0.6405843352431286, -0.08039947516994313, 0.22687613929613532, -0.16613282616112418, -0.029868122679678075, 0.3945661651020459, 0.69900320624186, 0.4176112932241401, -0.1994441789476934, -0.1994441789476934, -0.03513250142824513]], "inverted": true, "swapped": false, "error_lsq": 0.051405289882298075, "error_max": 0.3570038296592541, "target": "506.xyz", "model": "20.xyz", "model_rescale": 4.121658175737393, "target_rescale": 4.1036994983077895},
{"mapping": [0, 1, 7, 4, 8, 3, 5, 6, 12, 11, 9, 10, 13], "R": [[0.0025282158420205786, -0.9452077066532623, -0.32645979753705756], [0.4891730042852902, 0.2859035208537988, -0.8239957212521829], [0.8721831115099397, -0.1576120809033431, 0.4630929193478976]], "T": [0.06906028190469266, 0.012635588804609542, 0.04077579962784819], "aligned_model": [[0.1603773345737418, -0.11748213785667017, 0.3390526892800911, 0.6592930123025762, 0.5688535323211004, -0.2560062549408379, -0.5356660678057885, 0.37254827162427223, -0.6215893231459093, -0.19789367311000455, 0.11944861934030582, 0.4325391960329357, -0.04239229395151825], [-0.5179515642830023, 0.030377842217033012, 0.45041459405102646, -0.34361601470416686, 0.2058473752105859, -0.5961684383807008, 0.53456513566885, -0.4504725357214667, -0.1398945557929458, -0.21876801915943855, 0.6094461527748816, -0.018099505742797097, -0.004853561974675541], [0.6151015434484464, 0.7357032569477233, 0.5710214705200841, 0.42529802422659024, -0.05128230503507482, -0.020929340653409262, 0.04370730100432227, -0.20619355881952817, -0.23294418212557869, -0.605226475158947, -0.3158205944987472, -0.6773008166623973, 0.08897541628830495]], "inverted": true, "swapped": true, "error_lsq": 0.043132808411743925, "error_max": 0.23842436068337225, "target": "506.xyz", "model": "21.xyz", "model_rescale": 4.08911054899281, "target_rescale": 4.1036994983077895},
{"mapping": [15, 2, 1, 11, 14, 0, 9, 3, 12, 7, 10, 5, 8, 16], "R": [[-0.2283368019048279, 0.93617743611934, -0.2672716090363785], [0.7077198376129556, 0.3481269905335652, 0.6147684360075222], [0.6685767991375167, -0.04877916115578873, -0.742041546742479]], "T": [-0.01597406852729625, -0.07920492905545155, -0.04288219784057065], "aligned_model": [[-0.1739467474248461, -0.6203685923696892, -0.20970713844187686, 0.3396298378914275, -0.18243613735077088, -0.35359166693167593, 0.44762245562992503, -0.6998062090007376, 0.032333072809406435, 0.04898454861165336, 0.6038604470342557, 0.6817388914871537, 0.3717243640683907, -0.04749580484530284], [0.19205955675495945, -0.12721770296510704, -0.6392156578937284, -0.19643491111415784, 0.5356983198762202, -0.6986942237600068, 0.461680840411483, 0.43344894390144156, 0.48223896808049443, -0.19948390653061893, 0.03949180600193909, -0.01836495353691949, -0.5919571774461454, -0.09562582397269943], [-0.7008846517524984, -0.4348718181930491, -0.5709483513417525, -0.7104868887353446, -0.1203867786300116, 0.2770033585282441, -0.051156177537405895, 0.1115148017814647, 0.43400004810570303, 0.6550501295711615, 0.4599613838229808, -0.12787735508465675, -0.3027611604235564, -0.011221736978088662]], "inverted": false, "swapped": false, "error_lsq": 0.04418985649763502, "error_max": 0.30818649912706303, "target": "506.xyz", "model": "22.xyz", "model_rescale": 4.204369325754507, "target_rescale": 4.1036994983077895},
{"mapping": [0, 8, 6, 1, 4, 5, 12, 7, 13, 11, 14, 10, 2, 15], "R": [[-0.40930676397479393, 0.6837122804096207, -0.6041568427002698], [0.8173823144457384, -0.019443424069819193, -0.5757674055482557], [-0.4054061235302332, -0.7294926119416957, -0.5508960011895823]], "T": [0.0489732462715899, 0.08054066689737333, -0.05622248750683111], "aligned_model": [[-0.2462792084582494, -0.5955351370033977, -0.1642335380035539, 0.3192735822158568, -0.28644246355685304, -0.3327989646750849, 0.35861471958672997, -0.5866594346590653, 0.051771892574345404, 0.1308554526574653, 0.650753490627206, 0.6131869029309148, 0.2607202229419077, 0.06531380398909167], [0.15996431147289536, -0.20331117131049903, -0.4409429951138267, -0.06455747575437787, 0.6600895338614388, -0.651593973427951, 0.5141685162388752, 0.31718994420454194, 0.4004149457840948, -0.23806447039420903, 0.22944394431301485, -0.40217937451337843, -0.7472246745408402, 0.044227016987376036], [-0.6720082705631605, -0.33246374686218255, -0.547018894366805, -0.6405200840848653, -0.3499646210475068, 0.041201791517770155, -0.18361208083409636, 0.13244060751772702, 0.5345418129189301, 0.584869762226863, 0.4079189925984933, 0.20174717777581763, -0.21526034588559698, -0.05493729777819659]], "inverted": true, "swapped": false, "error_lsq": 0.04238890551704146, "error_max": 0.22293534907593957, "target": "506.xyz", "model": "23.xyz", "model_rescale": 4.410303926677745, "target_rescale": 4.1036994983077895},
{"mapping": [9, 14, 11, 10, 15, 7, 4, 6, 5, 12, 2, 3, 1, 16], "R": [[-0.11217473394666772, -0.8518684643891314, -0.5116023342824948], [-0.6265463091526624, -0.338977066696648, 0.7018078588480701], [-0.7712694416033677, 0.39926766414654646, -0.4957103799758381]], "T": [-0.0628681523338897, -0.056844153066518285, -0.10834948900171065], "aligned_model": [[-0.18090569662115852, -0.6855816438372093, -0.2633225552941677, 0.33278304894215793, -0.37819627080391194, -0.17744358148002334, 0.4983642172107327, -0.6247068843588357, 0.023045703231778125, -0.20662956856831097, 0.6563315717450722, 0.8153452912049988, 0.3816916241997413, 0.0477660655964498], [0.18129762883134787, 0.03126949075615949, -0.4419739956426765, -0.07757126241131602, 0.5641369708011679, -0.6704718151823721, 0.3410073421200395, 0.28276621968525156, 0.41510536430566125, -0.06502737588141376, 0.11524799527770087, -0.21725804800194876, -0.7804462703156855, -0.10045816653476124], [-0.6756021782694868, -0.3585771519142488, -0.5690169648472112, -0.6248903490918338, -0.2641211563129719, 0.12026472753896877, -0.08351426916577608, 0.2749260302736563, 0.2984483673126274, 0.6824991215745062, 0.42646823746348034, 0.0023732030414000405, -0.23123940140800886, -0.09108341306191109]], "inverted": false, "swapped": false, "error_lsq": 0.04078428841289622, "error_max": 0.2666556218782443, "target": "506.xyz", "model": "24.xyz", "model_rescale": 4.28219845311461, "target_rescale": 4.1036994983077895},
{"mapping": [13, 7, 4, 2, 12, 1, 14, 9, 11, 5, 10, 6, 0, 15], "R": [[0.5727340815667402, -0.8197349144310391, -0.0032158785175452342], [-0.2469917327271442, -0.16882530819653377, -0.9541976206618776], [0.7816461832417183, 0.5472957933102378, -0.2991597547274233]], "T": [-0.05817775146167812, -0.05816989053993041, -0.06748966256036107], "aligned_model": [[-0.19860255584191852, -0.7346520846964658, -0.27636654604578437, 0.35487369146687686, -0.13049169866490276, -0.11210008347635428, 0.5109809550088573, -0.6352976764872121, 0.0021041434860698677, -0.21080054349821922, 0.5396524996624837, 0.8024324385119533, 0.3511768907536583, -0.024368109011729172], [0.25419448016159274, -0.040841637840256156, -0.5887566049422348, -0.08018587672936706, 0.6994648364769767, -0.6071708928874502, 0.4328559186408124, 0.20443241993948083, 0.3736881621653805, -0.1434212281741632, 0.2181312532612262, -0.3193560271383312, -0.7084363878934856, -0.11697433723302697], [-0.5529027146799115, -0.45171383395402886, -0.5208327571845257, -0.6130937555019963, -0.1394633639444793, 0.25742214143910724, -0.19035807372373723, 0.16670321211405434, 0.2586112216820464, 0.7660084920246906, 0.3751857124074277, -0.00979184697456209, -0.34159991656793887, -0.09723971400295528]], "inverted": true, "swapped": false, "error_lsq": 0.036647291434462326, "error_max": 0.250297113728091, "target": "506.xyz", "model": "25.xyz", "model_rescale": 4.100010024507729, "target_rescale": 4.1036994983077895},
{"mapping": [11, 12, 5, 2, 8, 7, 9, 1, 3, 4, 6, 13], "R": [[0.7854818008949472, 0.38593351220401595, 0.4838116003370557], [0.5668680735760074, -0.7623611394832257, -0.31219557999123526], [0.2483524262475736, 0.51948129625975, -0.8175941873651213]], "T": [-0.0866941628938675, 0.13283870814508714, -0.024799758759565978], "aligned_model": [[-0.5178820367249733, 0.026130606554771632, 0.28076398218767806, 0.6045924787277717, -0.40652078030159816, 0.2645094603007981, -0.3581919302311922, 0.6016600073811016, -0.028156729488519383, -0.10203410029885701, -0.49866023439792045, 0.010554878653946415], [-0.46399179066101925, -0.6131518635532515, -0.19880916036468876, -0.3793187822937433, 0.5625400996554114, 0.7431026153872603, 0.19569729614530867, 0.3113675445643044, -0.3567351634978534, 0.6870965646413836, 0.12020899651221922, 0.058125033515308205], [-0.025964259659585678, 0.05235974301855242, 0.6021748870998552, -0.2127199690859934, 0.06829390984220507, 0.19867464144618097, 0.6141216623601172, -0.13585390634308042, -0.5116353720067732, -0.5866806510120276, -0.469425899726995, -0.028152496078099207]], "inverted": true, "swapped": true, "error_lsq": 0.04415590564659568, "error_max": 0.23491319837038427, "target": "506.xyz", "model": "26.xyz", "model_rescale": 3.6694154284099745, "target_rescale": 4.1036994983077895},
{"mapping": [0, 5, 1, 6, 4, 7, 2, 8, 10, 9, 11, 12, 3, 13], "R": [[-0.33777754905435664, 0.7723373387056247, -0.5379603727003922], [0.8642508147777996, 0.02812344075087675, -0.5022744282125475], [-0.3727959985176092, -0.6345897157387954, -0.67699264114746]], "T": [-0.04135693202088455, -0.017953929043926124, -0.03862028924831727], "aligned_model": [[-0.1729361322680799, -0.6806893839598108, -0.13382202696399995, 0.40474535495561526, -0.3531697009845207, -0.3607078399737168, 0.41898797604804255, -0.5413649606903126, -0.003371773119986425, 0.09087917156688591, 0.6764710610549752, 0.7099645553159629, 0.18771327726820256, -0.00415825708194404], [0.2761706183721399, -0.1558435763822066, -0.42707462775108196, -0.2993034504429199, 0.7395427688075035, -0.5544616460692081, 0.3916667802419451, 0.1334974064937257, 0.43660236932350194, -0.24128254794314727, 0.28949227792824017, -0.24621505428312954, -0.7825216285801395, 0.017354388091930652], [-0.6157779867649876, -0.48383816936527213, -0.815612640434787, -0.4779671091608838, -0.1057181278449234, 0.040771094921913734, -0.32571450086261233, 0.32936293952715734, 0.3535868233980649, 0.5918568922252422, 0.3168727084609245, 0.07603438674847486, 0.08705505589025354, -0.06397656360537436]], "inverted": true, "swapped": false, "error_lsq": 0.051180434669746755, "error_max": 0.3607971975645007, "target": "506.xyz", "model": "27.xyz", "model_rescale": 4.103607728864725, "target_rescale": 4.1036994983077895},
