[{"mapping": [10, 5, 0, 7, 9, 8, 4, 2, 1, 10, 6, 11], "R": [[0.8901388422923868, 0.25862609536359327, -0.3751871322944738], [0.37104951684235166, 0.06658736012304664, 0.9262226403640222], [0.2645280656063301, -0.9636797529619606, -0.03669109207625025]], "T": [0.07126422562680083, -0.06548419482054398, -0.12611279382117085], "aligned_model": [[-0.5126850393591982, -0.6196456274116237, -0.05196375919233538, -0.6017120274299965, 0.12338820627683052, 0.6645961150366879, 0.3322519177018573, 0.6086597153706095, 0.09430905915798024, -0.5126850393591982, 0.17241250874687342, 0.03707200096194026], [0.06907433964548719, -0.3309160197247175, -0.6162575160118602, 0.4192998374131159, 0.4368749062830625, 0.16031822884169167, -0.715017715415125, -0.46165219791267836, -0.06045302799988757, 0.06907433964548719, 0.5772582802907065, -0.11509064029424382], [-0.4465166057359641, 0.24922152892639193, 0.12737291864168826, 0.33071399477481295, -0.46415842477583485, -0.11750900577381918, -0.5290272971005647, 0.3244504609116419, 0.5819297066877307, -0.4465166057359641, 0.19295714046390344, -0.09143790048269199]], "inverted": false, "swapped": false, "error_lsq": 0.05434431986761893, "error_max": 0.39435901285673275, "target": "508.xyz", "model": "0.xyz", "model_rescale": 3.751011558992144, "target_rescale": 4.019127760637593},
{"mapping": [11, 10, 9, 4, 7, 3, 13, 2, 8, 6, 1, 14], "R": [[-0.17417088231622724, 0.5630364176921452, -0.8078703460986689], [0.4030137277874267, -0.7077954831275743, -0.5801771188861945], [-0.8984678285659808, -0.4266328004462384, -0.10363404177842017]], "T": [0.017262580624210426, -0.05689946565385184, 0.0009473979776872359], "aligned_model": [[-0.503413731776541, -0.7378629538106334, -0.2016900971007598, -0.47478758041473806, 0.11506101287164339, 0.6888438433933541, 0.4130539803868065, 0.7324184494476262, 0.11112893811734179, -0.44753057060862034, 0.02960333606019249, 0.00917340393475495], [-0.13528822468685175, -0.3335491979492028, -0.6533008802186878, 0.2223885325084416, 0.4070408454833173, -0.07992831194861444, -0.6399657174890312, -0.2995233719685666, -0.03575854988914396, 0.43872321103185663, 0.6264173893286694, -0.08474290944114762], [-0.5986210877590944, 0.16127238353596773, -0.17385162649448108, 0.5536306915680144, -0.46259534886356696, -0.3621698960865165, -0.1747942082099731, 0.3377319364590759, 0.6575754667894569, -0.3185071906449981, 0.1373707496734343, -0.04556195916598825]], "inverted": false, "swapped": false, "error_lsq": 0.049974885669030446, "error_max": 0.26352421419315825, "target": "508.xyz", "model": "1.xyz", "model_rescale": 3.9405287249114394, "target_rescale": 4.019127760637593},
{"mapping": [9, 10, 3, 11, 2, 1, 4, 7, 6, 5, 0, 12], "R": [[0.6116466303869755, 0.6667121088815774, -0.42589125772541786], [-0.7543284285219934, 0.6537581738564276, -0.059907195222686116], [0.23848903844788896, 0.35790391725516035, 0.902788881496451]], "T": [0.008745006491932772, -0.0898761707052651, -0.04715963936880477], "aligned_model": [[-0.7280719859528418, -0.6704067640433096, -0.03464452528159233, -0.5621015855924528, 0.10685074375355383, 0.7435303100115686, 0.3612209799446692, 0.5171722787322757, 0.05799229933109698, -0.32702377915343445, 0.23752604415060274, 0.031954014600291125], [-0.16114885713559374, -0.5836828407001688, -0.6073845838908835, 0.18471446448090412, 0.3613209342109928, 0.12504108617506698, -0.5843003082326983, -0.47729171517893665, 0.04363206183503893, 0.5277277500888053, 0.6673743398865851, -0.06348951677807355], [-0.3671628126401023, 0.03280888293691295, 0.19180075354907763, 0.27895144662932847, -0.5481247722404967, -0.24995870934905864, -0.3978748831943477, 0.42222374114072514, 0.47734579375977726, -0.23128188132445796, 0.23061885024492176, -0.12786649871094954]], "inverted": false, "swapped": false, "error_lsq": 0.05970031124640828, "error_max": 0.4275960787830312, "target": "508.xyz", "model": "2.xyz", "model_rescale": 3.932901565614263, "target_rescale": 4.019127760637593},
{"mapping": [11, 12, 10, 9, 3, 0, 1, 2, 5, 8, 7, 13], "R": [[0.24904432304811577, 0.17685800102784677, 0.9522070009351642], [0.9416255927649165, -0.2741887232137446, -0.19535042132674327], [0.22653513680580611, 0.9452733951269605, -0.23481916501325872]], "T": [0.04403015733425045, -0.017260222064099467, -0.04131253181233021], "aligned_model": [[-0.560914511143623, -0.4604895623369465, -0.2967849256572731, -0.5024561763297503, 0.1507199384796415, 0.6861175352728784, 0.4116547788670575, 0.7230266248877985, -0.08476773873018034, -0.4115408620699408, 0.09261517616671658, -0.013182246905951385], [-0.21953702631301933, -0.36354330026298665, -0.645968161498211, 0.31179187559543253, 0.24914539740698763, 0.07150506734526095, -0.5383506712359959, -0.4332648363641364, -0.005594981547077257, 0.46081451849091837, 0.6242001539893912, -0.07868522084552533], [-0.6664803020232298, 0.41550000345299654, -0.0827473770422428, 0.32320131364924554, -0.46360486491180036, -0.21100299009144738, -0.41825483818937387, 0.2038482544263762, 0.6658470751985078, -0.3617595855578549, 0.26838188086814646, 0.038551341022007364]], "inverted": true, "swapped": false, "error_lsq": 0.04803342126967611, "error_max": 0.29909824303660093, "target": "508.xyz", "model": "3.xyz", "model_rescale": 3.9243930471874484, "target_rescale": 4.019127760637593},
{"mapping": [10, 11, 6, 9, 4, 2, 3, 0, 1, 8, 7, 12], "R": [[-0.4500910390072016, 0.5313883910888559, 0.7176659629809783], [-0.3484050375255061, -0.8444785474520952, 0.4067799315601129], [0.8222116433329489, -0.06695043471999663, 0.5652306191799371]], "T": [-0.1260451622978033, -0.07614920986722604, -0.012773501022196633], "aligned_model": [[-0.525084871669631, -0.803515847017661, -0.16119319480243566, -0.6433130216139594, 0.15285722667001486, 0.7687516149994874, 0.28905599158118545, 0.6266562475267803, 0.1595771202287438, -0.40647597566162785, 0.3424006435772572, -0.06571790331772663], [-0.16313018793035758, -0.44180126386803353, -0.7948992971047362, 0.20519275014954477, 0.2299340017846148, 0.09422456780232988, -0.4358942722767254, -0.32287793240893037, 0.1624522006653468, 0.4620950774989042, 0.5723925793145743, -0.13517540886549295], [-0.5875163472747974, 0.17016399687726516, -0.07343191052850917, 0.37577257736398084, -0.4380896121830773, -0.15949089445107897, -0.40165380713834775, 0.29688417849118937, 0.5968571893130888, -0.1800696903095135, 0.040806659066318106, 0.07124757157481246]], "inverted": true, "swapped": false, "error_lsq": 0.05071137398736416, "error_max": 0.25742594758271914, "target": "508.xyz", "model": "4.xyz", "model_rescale": 3.8936222436046832, "target_rescale": 4.019127760637593},
{"mapping": [10, 4, 2, 5, 8, 9, 3, 0, 1, 7, 6, 11], "R": [[0.543450399441692, -0.8228782719885791, -0.16593074710780903], [0.06298072050043813, -0.15714202805452404, 0.9855657318840572], [-0.8370753205010355, -0.5460565286744601, -0.03357343146131242]], "T": [-0.00609425694231042, -0.015253971011031896, -0.10800869591469728], "aligned_model": [[-0.4177281598983267, -0.6840166915207488, -0.1539411240470162, -0.4883972489451188, 0.25413986097443847, 0.5692798231235564, 0.30638668150169207, 0.6389286476067657, 0.19035719163339057, -0.39792272008936985, 0.023409865300583418, -0.10649809513941924], [-0.2812696840286567, -0.30271248922203187, -0.7269930909818243, 0.31286374702040887, 0.15820582942375594, 0.20969679797896237, -0.4019180421563005, -0.5528658389015298, -0.1292078144738426, 0.4471390854222577, 0.6946090409733136, 0.00496527370652633], [-0.5070833378677864, 0.18933516548154886, 0.061482288844516314, 0.45492419890123204, -0.777376104619393, -0.08857256099992047, -0.3963289891923487, 0.17062590546744308, 0.6611012553104901, -0.336942407320749, 0.25231426906936383, 0.028000227726933558]], "inverted": false, "swapped": false, "error_lsq": 0.05259971897745532, "error_max": 0.3735800292968815, "target": "508.xyz", "model": "5.xyz", "model_rescale": 3.6523030999806103, "target_rescale": 4.019127760637593},
{"mapping": [9, 11, 7, 4, 6, 1, 5, 0, 3, 10, 2, 12], "R": [[0.36433756462195277, 0.29171276086419234, -0.88439912039437], [0.004077791885145482, -0.9501636679498494, -0.31172483975684445], [-0.9312580258009517, 0.10996667339280325, -0.34736986070215514]], "T": [-0.02265423774490001, -0.0329150902926731, -0.1608650464638808], "aligned_model": [[-0.5763152037519219, -0.7584362056547387, -0.18978241206018248, -0.30057507639404285, 0.09248545970758065, 0.6252152645814296, 0.40016353045900327, 0.7070961302281695, 0.14100939831127907, -0.5910773189969791, 0.16555430371605728, 0.0186601603547727], [-0.27980867972977375, -0.2956144173567979, -0.6354098146412838, 0.25306964778531743, 0.4522375541171804, 0.19370050062861516, -0.5393682749891497, -0.4430391244549062, -0.22449564722880744, 0.46674824774300133, 0.5987068451650888, -0.11421402227744584], [-0.5547761600360642, 0.24432992191524414, 0.11460970769576298, 0.2515720262610839, -0.5779911949666894, -0.05463252837138713, -0.3300804021164083, 0.37432315178451314, 0.4865542978446522, -0.35035064219593925, 0.21575533240434783, -0.10783359941778523]], "inverted": true, "swapped": false, "error_lsq": 0.04531096493573176, "error_max": 0.2895974906873793, "target": "508.xyz", "model": "6.xyz", "model_rescale": 4.08911054899281, "target_rescale": 4.019127760637593},
{"mapping": [2, 3, 6, 9, 13, 12, 7, 5, 8, 1, 11, 14], "R": [[-0.039076113291830694, -0.9296669178773374, -0.36632291652919546], [-0.0780619620933633, 0.36832266919688506, -0.9264149941736782], [0.996182406712816, -0.007604811643548981, -0.08696424205228159]], "T": [0.02355313166134592, -0.07205728928750726, 0.04764011354051344], "aligned_model": [[-0.3343130583803409, -0.5488353136924514, -0.22754750826814052, -0.5311894438168975, 0.23722600411047592, 0.6567883696314869, 0.29275552456344117, 0.6434616405839291, -0.048183012645958624, -0.48574336217547115, 0.15419349656493087, -0.07461530597457672], [-0.24549355361711786, -0.4635717869945137, -0.4831529386961015, 0.3463719248982929, 0.25753430262511456, 0.1991867000570337, -0.552221377215036, -0.5004586159832884, -0.012683243828990692, 0.33896613395216896, 0.4963604366279611, 0.05167483293551561], [-0.6537807269908262, 0.4291362497941676, -0.08309550562199326, 0.4105932449161904, -0.5701040151013254, -0.1352307415691908, -0.4966589631241096, 0.16027657936753692, 0.7232713899115791, -0.2834533562973225, 0.11371164205395291, 0.09681411346267156]], "inverted": true, "swapped": false, "error_lsq": 0.04830810782492706, "error_max": 0.2619886832026361, "target": "508.xyz", "model": "7.xyz", "model_rescale": 3.964800864290218, "target_rescale": 4.019127760637593},
{"mapping": [0, 3, 6, 5, 7, 12, 4, 11, 10, 1, 8, 13], "R": [[-0.5714310767636471, -0.5711205845325391, -0.5893112950147398], [-0.5225161125362547, 0.8069384295006788, -0.27536754190532], [0.6328060023804601, 0.15057107596809205, -0.7595294032709151]], "T": [-0.029808181744237914, -0.08117359831134881, -0.09065094261687134], "aligned_model": [[-0.607466731306655, -0.626563492724749, -0.04716829987080466, -0.455243563688951, 0.1841316181386176, 0.6825058384927252, 0.36612993937698435, 0.5828541699593834, -0.0050354018791762024, -0.4219002271311012, 0.0999024909440426, -0.01814830980988924], [-0.32200558249699934, -0.41254229187225566, -0.6555599226972059, 0.3389283337617718, 0.4433507588602195, 0.12677376263113355, -0.5733761013912219, -0.5232474134665792, -0.025949329067085414, 0.4380174013030039, 0.6212407017856602, -0.02311750258940308], [-0.4391763047261309, 0.15438085827170367, -0.011374213145510487, 0.49380592099785936, -0.5218784066327311, -0.23221919096190696, -0.40059141306038426, 0.25044861653377815, 0.7287821556110597, -0.4645819857734806, 0.1936849042566166, -0.03980103056954276]], "inverted": true, "swapped": false, "error_lsq": 0.048532110792644474, "error_max": 0.3293317325994787, "target": "508.xyz", "model": "8.xyz", "model_rescale": 4.121658175737393, "target_rescale": 4.019127760637593},
{"mapping": [0, 10, 5, 11, 2, 6, 4, 9, 7, 3, 8, 12], "R": [[0.16520244933712078, -0.9862026024100323, 0.010610265439461808], [0.9187169424964952, 0.14996715340952085, -0.3653341381093986], [0.3587022864478395, 0.07010192506575717, 0.9308159806316001]], "T": [-0.009464679709200952, -0.023859598438081525, -0.015206077507064576], "aligned_model": [[-0.31363208665274567, -0.7281466258593873, -0.1987074402490222, -0.3643537596607211, -0.08241459849468512, 0.6608191919650778, 0.37557745980761065, 0.6411661149041027, 0.10384680752630526, -0.6623100639584589, 0.2749227672827278, 0.027230263889623338], [-0.3920935177103213, -0.24639925737217014, -0.5978867773353355, 0.3099328409530637, 0.46563184742573127, 0.14929291856164778, -0.6871623406932351, -0.46001719201426505, -0.061805467936189074, 0.36514760678962754, 0.6185706647593797, -0.030698510666895138], [-0.640274243688101, 0.087034770859159, 0.11284813658331386, 0.3918177828377267, -0.5024666696281914, -0.04553407322011378, -0.46230778923699545, 0.26699232734604744, 0.6488206750878256, -0.22769205355110292, 0.17704499439827812, -0.09480394698651554]], "inverted": false, "swapped": false, "error_lsq": 0.043992759958110944, "error_max": 0.24326129398680207, "target": "508.xyz", "model": "9.xyz", "model_rescale": 3.833441315466971, "target_rescale": 4.019127760637593},
{"mapping": [0, 6, 12, 4, 13, 8, 10, 11, 7, 5, 2, 14], "R": [[-0.42588851947831946, -0.4730879231296182, -0.7712371788013528], [0.8955197270673959, -0.09879474223598378, -0.4339170627431731], [0.12908674374118495, -0.8754584032924868, 0.4657351143030421]], "T": [-0.06225950436978449, -0.07733150452870868, 0.033589611182545095], "aligned_model": [[-0.22384237408400975, -0.6097455384772111, -0.21173621851592578, -0.6515405441305896, -0.007671086657768653, 0.7059459209115349, 0.4643564962815651, 0.4016574037980758, 0.25427180654368603, -0.46912178582897346, 0.10121780704983634, -0.01979385638979287], [-0.17205588283191792, -0.3124481065658866, -0.6609876026589223, 0.2735852073107205, 0.3967606203224994, 0.002316320102353747, -0.4521309857104326, -0.5183034075777743, -0.1096436519781506, 0.37870702318644583, 0.6160677682658173, -0.009354487103713838], [-0.6211937347217721, 0.3594865181159011, 0.028864322380790133, 0.44042851986811615, -0.605114783056621, -0.07165301790199953, -0.4743031730581434, 0.2695174901642995, 0.618976518381896, -0.256112212477971, -0.06192411592863921, 0.08450757903547407]], "inverted": true, "swapped": false, "error_lsq": 0.046789517259438695, "error_max": 0.2782949994420939, "target": "508.xyz", "model": "10.xyz", "model_rescale": 4.2482417240324, "target_rescale": 4.019127760637593},
{"mapping": [6, 0, 1, 10, 5, 7, 2, 3, 8, 4, 9, 11], "R": [[-0.9853486815911737, -0.07228632244777489, 0.1544754455358924], [0.13754520060423397, -0.8723439011716666, 0.4691454314808352], [0.10084291485908754, 0.4835191885288259, 0.8695055496356242]], "T": [-0.021657701788521132, -0.11412676595503626, -0.02974398440770155], "aligned_model": [[-0.33588129358476415, -0.7234372311874627, -0.19082061338912076, -0.3135845187962378, 0.10371557256662386, 0.5745423298649257, 0.31159181408587844, 0.662501210635703, 0.14790419033664468, -0.5363088806680366, 0.0793723872282984, -0.0455969365920247], [-0.22250034728671275, -0.27873353517805666, -0.751057512621173, 0.22778181278073392, 0.34588325941071996, 0.20696386292505406, -0.6237704244189913, -0.4501098116809187, -0.17030426790721664, 0.4694179959141239, 0.6710044831150779, 0.007937299708398196], [-0.5865211744675952, 0.20317140704681733, 0.22491203269836857, 0.4316448102472199, -0.6101390989305548, -0.028138681579851454, -0.4504165268223824, 0.2479493752302419, 0.5575810380186894, -0.430305159767017, 0.19976145122675576, -0.048019562099361326]], "inverted": true, "swapped": false, "error_lsq": 0.04523115083490457, "error_max": 0.2839346127590679, "target": "508.xyz", "model": "11.xyz", "model_rescale": 3.6694154284099745, "target_rescale": 4.019127760637593},
{"mapping": [3, 11, 6, 9, 2, 12, 0, 5, 7, 8, 10, 13], "R": [[0.8864934215861755, 0.1962512361928802, 0.4190642740406314], [0.36218875336099177, -0.8579199197807081, -0.36440735198713226], [0.2880081950626505, 0.474825087307136, -0.8316203557155901]], "T": [0.009044804796967558, -0.10618107053747575, -0.06277250213847017], "aligned_model": [[-0.44243447458212176, -0.6701215524163082, -0.05318530424611038, -0.47113939907490576, 0.013011902882919917, 0.631806046440849, 0.3564339096587229, 0.5900655540610081, 0.15496021611311797, -0.5836520978153226, 0.1573351171550125, 0.05091811232356541], [-0.02218281435982794, -0.3050291754750603, -0.6077334584497631, 0.31348578692470885, 0.38075108647400324, 0.1454491489544589, -0.6531436702763977, -0.4676069502511673, 0.03340165757183472, 0.3258218091043946, 0.4721054983145474, -0.18280610377069276], [-0.7910304604566565, 0.14751572696495496, 0.19105312533369606, 0.4250687896663936, -0.49773791454874616, -0.16582185347607245, -0.3642531627713644, 0.3571763219752766, 0.6523433438777854, -0.24900285660846166, 0.15430678027823136, -0.1481379294337063]], "inverted": true, "swapped": false, "error_lsq": 0.040192698046246055, "error_max": 0.22673458897514193, "target": "508.xyz", "model": "12.xyz", "model_rescale": 3.9764082729961374, "target_rescale": 4.019127760637593},
{"mapping": [3, 2, 7, 10, 14, 6, 4, 5, 9, 11, 13, 15], "R": [[0.9467520594684442, 0.27318688930893414, -0.17038034335558902], [0.2612626005599283, -0.34260936690739785, 0.9024193455683317], [0.18815523229749312, -0.898881385510358, -0.3957396408524881]], "T": [-0.025488571049255417, -0.0406301129091103, 0.11051577878552948], "aligned_model": [[-0.44390625949679263, -0.6153011208252519, -0.2489008572508296, -0.5873872475252817, 0.07630763583262504, 0.6070802818299946, 0.3670834965731191, 0.7056183699552758, 0.14342277311361876, -0.45418114967586903, 0.19677642545296228, -0.012614317483143242], [-0.11822347418969405, -0.5219361856588355, -0.7009846693274095, 0.475733188504691, 0.37541326954052384, 0.14207403461079804, -0.5646971182038988, -0.32675682700185577, -0.2738933713102304, 0.5060868627656759, 0.5251590601081213, -0.08546195507684771], [-0.6156724582391502, 0.3486861681438492, -0.18112185444236456, 0.3630741231057981, -0.5642830621733139, -0.2769563447863286, -0.1846192199240005, 0.4045192653842497, 0.638300144422487, -0.2740202017012003, 0.040078365337522515, 0.013494985673782336]], "inverted": false, "swapped": false, "error_lsq": 0.04615141958930432, "error_max": 0.2842305218471752, "target": "508.xyz", "model": "13.xyz", "model_rescale": 4.170626492500431, "target_rescale": 4.019127760637593},
{"mapping": [5, 4, 8, 2, 11, 9, 10, 7, 0, 6, 3, 13], "R": [[0.14586388240482367, -0.8165347048225986, 0.558564950234137], [-0.9275528033445632, -0.30922700595492836, -0.20982005575204965], [0.34404872448162666, -0.48749331750129965, -0.8024841061193321]], "T": [-0.007699040949057476, -0.05418414079218139, 0.05011186437858302], "aligned_model": [[-0.5077310332291288, -0.6092050508692988, -0.055996747149195315, -0.410993600153197, 0.11408161313372216, 0.7091765991475416, 0.33415963922860387, 0.5225741569860526, 0.10861826546090884, -0.5329782291695281, 0.0968773877270568, -0.03458497061311107], [-0.021394418792763707, -0.4096906425336536, -0.7901709869946729, 0.23069826891195508, 0.25906996924435444, 0.1175507598071335, -0.39876591292574587, -0.5562682249546602, -0.09684216384493008, 0.48418807382900697, 0.627385255494805, -0.013247162479789958], [-0.7089089977746589, 0.17204946252776737, 0.13698525845087078, 0.48499998607639144, -0.5717410008295255, -0.28589837209660746, -0.23750654615055716, 0.4024635507250578, 0.6336433406732589, -0.3263538046755925, 0.05084196041763844, -0.039094926542712696]], "inverted": false, "swapped": false, "error_lsq": 0.047421568456494916, "error_max": 0.25762832699986227, "target": "508.xyz", "model": "14.xyz", "model_rescale": 3.9786697098870705, "target_rescale": 4.019127760637593},
{"mapping": [1, 6, 9, 7, 4, 2, 0, 3, 8, 10, 5, 11], "R": [[0.7962211539696482, -0.09614963335426756, -0.5973166011229571], [0.1484095446095899, 0.9881659148642461, 0.03876508440958196], [0.5865206569593402, -0.11951306500273429, 0.801068128347169]], "T": [-0.07104631963388841, -0.053378418693407155, -0.02482281226725605], "aligned_model": [[-0.47678891317297234, -0.7291948935105896, -0.05614334799413012, -0.5256832221661365, 0.1333029580679417, 0.7779203244126203, 0.28958926061470447, 0.5987445275684385, 0.23564929177748306, -0.5923227515891799, 0.21025627858450896, -0.1313314820922612], [-0.2100416003618284, -0.47728123285927043, -0.5910731009660523, 0.25510398416125796, 0.3532171228169744, 0.10128096254551694, -0.47425822398105083, -0.5854038699056199, 0.07509531767511263, 0.4715979125686311, 0.6455102379300433, -0.13123469486267575], [-0.5458810496937907, 0.09560371990170582, 0.2883490225794433, 0.3426277277726134, -0.4345009400917319, -0.12065354511551798, -0.44507006548676165, 0.31204269883337343, 0.3772473644761972, -0.40560059733290044, 0.25281558855041786, -0.005500013591717614]], "inverted": false, "swapped": false, "error_lsq": 0.049994558691814885, "error_max": 0.3176147334568162, "target": "508.xyz", "model": "15.xyz", "model_rescale": 3.769337070930944, "target_rescale": 4.019127760637593},
{"mapping": [3, 2, 10, 8, 9, 0, 4, 6, 5, 7, 11], "R": [[-0.010188405321420374, 0.25271450957587177, -0.9674872469685755], [0.4085415052273034, 0.8841527182065411, 0.2266446765194242], [0.9126828775120174, -0.39294954833643947, -0.11225247239403022]], "T": [-0.04662385729198744, 0.0631319818203473, -0.06860076784048733], "aligned_model": [[-0.29403340621966984, -0.27451218238651304, -0.03882277162362342, -0.6941045651727755, 0.32898521275897474, 0.5402656348509173, 0.5776551717766872, 0.1532763331134091, 0.17021345032727392, -0.4610740820685086, -0.08522266466500107], [0.16873834909737018, -0.5356142260904333, 0.7035562002524249, 0.2072413178335244, 0.1665302090750873, -0.3951262537868779, 0.2845943019019296, -0.3920959414538231, 0.40193234136249956, -0.021363399192388124, 0.0076715986260283975], [-0.7464374431235129, -0.04183034713328588, -0.14908846398190062, 0.05003032056430046, -0.6706141702089888, -0.2992912786742759, -0.10915840188047254, 0.5621635091045587, 0.5139144393558329, 0.7059694990681419, -0.07144005586662021]], "inverted": false, "swapped": true, "error_lsq": 0.049207440154729686, "error_max": 0.2774850038418026, "target": "508.xyz", "model": "16.xyz", "model_rescale": 3.7852294659196426, "target_rescale": 4.019127760637593},
{"mapping": [11, 9, 8, 10, 7, 1, 2, 3, 0, 6, 5, 12], "R": [[-0.40153802521794657, -0.9039061936271119, 0.14737980671251347], [-0.8791282464123032, 0.4255245644758534, 0.21462146068756488], [-0.2567113956646654, -0.04338707353788021, -0.9655137602259838]], "T": [0.05096932438598574, -0.0530197058732353, 0.027109449614685574], "aligned_model": [[-0.4154508975191259, -0.6527315698413821, -0.16203772564824376, -0.608808542703385, 0.04710487669850544, 0.6968544104314575, 0.34550876081497833, 0.6619911721456551, 0.05513229649748928, -0.4385429211962142, 0.2454520874157517, -0.04047391659505914], [-0.27950483188344216, -0.4322179277156968, -0.6684536454920949, 0.33750686843171857, 0.257600188850942, 0.15457878735878972, -0.30919781430565835, -0.4963255622152654, -0.24547930449802513, 0.5963921564142602, 0.5746145304427531, -0.05700063062724265], [-0.4916281899753105, 0.35616194622724656, 0.03576819394597393, 0.2749748085089405, -0.6013230067575432, -0.09116766346682299, -0.44374755434548285, 0.27736450042440425, 0.6818530088033996, -0.3279049591736672, 0.005644807788264802, 0.03548401882192753]], "inverted": false, "swapped": false, "error_lsq": 0.045847567554435094, "error_max": 0.3034431560576666, "target": "508.xyz", "model": "17.xyz", "model_rescale": 3.901054581598922, "target_rescale": 4.019127760637593},
{"mapping": [11, 10, 9, 4, 7, 3, 13, 2, 8, 6, 1, 14], "R": [[-0.17417088231622724, 0.5630364176921452, -0.8078703460986689], [0.4030137277874267, -0.7077954831275743, -0.5801771188861945], [-0.8984678285659808, -0.4266328004462384, -0.10363404177842017]], "T": [0.017262580624210426, -0.05689946565385184, 0.0009473979776872359], "aligned_model": [[-0.503413731776541, -0.7378629538106334, -0.2016900971007598, -0.47478758041473806, 0.11506101287164339, 0.6888438433933541, 0.4130539803868065, 0.7324184494476262, 0.11112893811734179, -0.44753057060862034, 0.02960333606019249, 0.00917340393475495], [-0.13528822468685175, -0.3335491979492028, -0.6533008802186878, 0.2223885325084416, 0.4070408454833173, -0.07992831194861444, -0.6399657174890312, -0.2995233719685666, -0.03575854988914396, 0.43872321103185663, 0.6264173893286694, -0.08474290944114762], [-0.5986210877590944, 0.16127238353596773, -0.17385162649448108, 0.5536306915680144, -0.46259534886356696, -0.3621698960865165, -0.1747942082099731, 0.3377319364590759, 0.6575754667894569, -0.3185071906449981, 0.1373707496734343, -0.04556195916598825]], "inverted": false, "swapped": false, "error_lsq": 0.049974885669030446, "error_max": 0.26352421419315825, "target": "508.xyz", "model": "18.xyz", "model_rescale": 3.9405287249114394, "target_rescale": 4.019127760637593},
{"mapping": [13, 14, 12, 10, 9, 8, 4, 0, 1, 11, 5, 15], "R": [[-0.526080735499213, 0.006589854065678968, -0.8504090977641292], [0.776859255824915, 0.41058406886014875, -0.4773996428961842], [0.3460184335779912, -0.9117989340976649, -0.22111975805566472]], "T": [-0.007078260868461939, -0.12196831388861373, 0.007514252053799693], "aligned_model": [[-0.42808558753093245, -0.7716161709742863, -0.17379968550193886, -0.5669055375638273, 0.030307109885502344, 0.6696349567190766, 0.4033545518309546, 0.6216573736583497, 0.19880274487163077, -0.4821823183505259, 0.2506058557324039, -0.01777526227598019], [-0.20352677498648378, -0.2442823148829596, -0.6355942560660993, 0.2623392005945561, 0.3729017483602457, 0.1988252299487951, -0.6636440592550201, -0.3358662451543397, -0.26435875359362515, 0.3701293040614569, 0.6684601217269022, -0.09287038599238939], [-0.509622957680555, 0.02363973647936827, 0.09987993994636604, 0.40350060475568933, -0.5779050869673277, -0.0993636170796838, -0.2622955360515841, 0.1853159248028526, 0.6181347546046886, -0.21904538881756577, 0.01670266763579171, 0.03253886917329069]], "inverted": false, "swapped": false, "error_lsq": 0.040188877910232894, "error_max": 0.2583407244031777, "target": "508.xyz", "model": "19.xyz", "model_rescale": 4.410303926677745, "target_rescale": 4.019127760637593},
{"mapping": [0, 3, 6, 5, 7, 12, 4, 11, 10, 1, 8, 13], "R": [[-0.5714310767636471, -0.5711205845325391, -0.5893112950147398], [-0.5225161125362547, 0.8069384295006788, -0.27536754190532], [0.6328060023804601, 0.15057107596809205, -0.7595294032709151]], "T": [-0.029808181744237914, -0.08117359831134881, -0.09065094261687134], "aligned_model": [[-0.607466731306655, -0.626563492724749, -0.04716829987080466, -0.455243563688951, 0.1841316181386176, 0.6825058384927252, 0.36612993937698435, 0.5828541699593834, -0.0050354018791762024, -0.4219002271311012, 0.0999024909440426, -0.01814830980988924], [-0.32200558249699934, -0.41254229187225566, -0.6555599226972059, 0.3389283337617718, 0.4433507588602195, 0.12677376263113355, -0.5733761013912219, -0.5232474134665792, -0.025949329067085414, 0.4380174013030039, 0.6212407017856602, -0.02311750258940308], [-0.4391763047261309, 0.15438085827170367, -0.011374213145510487, 0.49380592099785936, -0.5218784066327311, -0.23221919096190696, -0.40059141306038426, 0.25044861653377815, 0.7287821556110597, -0.4645819857734806, 0.1936849042566166, -0.03980103056954276]], "inverted": true, "swapped": false, "error_lsq": 0.048532110792644474, "error_max": 0.3293317325994787, "target": "508.xyz", "model": "20.xyz", "model_rescale": 4.121658175737393, "target_rescale": 4.019127760637593},
{"mapping": [9, 11, 7, 4, 6, 1, 5, 0, 3, 10, 2, 12], "R": [[0.36433756462195277, 0.29171276086419234, -0.88439912039437], [0.004077791885145482, -0.9501636679498494, -0.31172483975684445], [-0.9312580258009517, 0.10996667339280325, -0.34736986070215514]], "T": [-0.02265423774490001, -0.0329150902926731, -0.1608650464638808], "aligned_model": [[-0.5763152037519219, -0.7584362056547387, -0.18978241206018248, -0.30057507639404285, 0.09248545970758065, 0.6252152645814296, 0.40016353045900327, 0.7070961302281695, 0.14100939831127907, -0.5910773189969791, 0.16555430371605728, 0.0186601603547727], [-0.27980867972977375, -0.2956144173567979, -0.6354098146412838, 0.25306964778531743, 0.4522375541171804, 0.19370050062861516, -0.5393682749891497, -0.4430391244549062, -0.22449564722880744, 0.46674824774300133, 0.5987068451650888, -0.11421402227744584], [-0.5547761600360642, 0.24432992191524414, 0.11460970769576298, 0.2515720262610839, -0.5779911949666894, -0.05463252837138713, -0.3300804021164083, 0.37432315178451314, 0.4865542978446522, -0.35035064219593925, 0.21575533240434783, -0.10783359941778523]], "inverted": true, "swapped": false, "error_lsq": 0.04531096493573176, "error_max": 0.2895974906873793, "target": "508.xyz", "model": "21.xyz", "model_rescale": 4.08911054899281, "target_rescale": 4.019127760637593},
{"mapping": [5, 12, 14, 7, 8, 1, 15, 2, 4, 6, 0, 16], "R": [[-0.6355644294064502, -0.625069818231592, 0.45315072372134413], [-0.4084598283268913, -0.22583531594174627, -0.8843975230158994], [0.6551476358168591, -0.7471854739015047, -0.1117830169308558]], "T": [-0.08647402299841318, -0.12356531491653541, -0.05719226306948563], "aligned_model": [[-0.43955893854754524, -0.6803374859202579, -0.17551724763325321, -0.5861316531869849, 0.08522261895865872, 0.62584011021968, 0.37749719293104916, 0.5577840500092847, 0.2307571999122071, -0.2861439310068806, 0.11012031983229208, -0.085534205067823], [-0.13003585829212366, -0.44156946312442924, -0.7342149583299443, 0.26885282157018386, 0.2871459253118064, 0.15576443524905068, -0.6488468610751774, -0.3057755635739762, -0.026609652940394607, 0.5804314264173868, 0.5272162280154556, -0.09984566446679961], [-0.6679444455692738, 0.24474987569741738, 0.11887847013955619, 0.26241131444501076, -0.5887922615183527, -0.26833640235880407, -0.2579832637350934, 0.21296470985894764, 0.5562049464849428, -0.19891256711402786, 0.3141747332095247, -0.015935198738517106]], "inverted": false, "swapped": false, "error_lsq": 0.04260435606755572, "error_max": 0.28423234616747045, "target": "508.xyz", "model": "22.xyz", "model_rescale": 4.204369325754507, "target_rescale": 4.019127760637593},
{"mapping": [13, 14, 12, 10, 9, 8, 4, 0, 1, 11, 5, 15], "R": [[-0.526080735499213, 0.006589854065678968, -0.8504090977641292], [0.776859255824915, 0.41058406886014875, -0.4773996428961842], [0.3460184335779912, -0.9117989340976649, -0.22111975805566472]], "T": [-0.007078260868461939, -0.12196831388861373, 0.007514252053799693], "aligned_model": [[-0.42808558753093245, -0.7716161709742863, -0.17379968550193886, -0.5669055375638273, 0.030307109885502344, 0.6696349567190766, 0.4033545518309546, 0.6216573736583497, 0.19880274487163077, -0.4821823183505259, 0.2506058557324039, -0.01777526227598019], [-0.20352677498648378, -0.2442823148829596, -0.6355942560660993, 0.2623392005945561, 0.3729017483602457, 0.1988252299487951, -0.6636440592550201, -0.3358662451543397, -0.26435875359362515, 0.3701293040614569, 0.6684601217269022, -0.09287038599238939], [-0.509622957680555, 0.02363973647936827, 0.09987993994636604, 0.40350060475568933, -0.5779050869673277, -0.0993636170796838, -0.2622955360515841, 0.1853159248028526, 0.6181347546046886, -0.21904538881756577, 0.01670266763579171, 0.03253886917329069]], "inverted": false, "swapped": false, "error_lsq": 0.040188877910232894, "error_max": 0.2583407244031777, "target": "508.xyz", "model": "23.xyz", "model_rescale": 4.410303926677745, "target_rescale": 4.019127760637593},
{"mapping": [0, 12, 5, 13, 1, 10, 4, 8, 15, 7, 11, 16], "R": [[0.422820075403089, -0.8069623774125145, 0.4123528892549063], [0.9009251859123073, 0.42340152002933523, -0.09521009518807921], [-0.09775987533237122, 0.41175584304001245, 0.9060353925191931]], "T": [-0.00374169281241922, -0.000466596365917428, 0.061206774083592166], "aligned_model": [[-0.4534593044897696, -0.7422235281851985, -0.17311273155684892, -0.5821815794488842, 0.07613323870368853, 0.6002890685498882, 0.33443646918389014, 0.7216657442109917, 0.178862895467034, -0.4307122012746626, 0.188296367312422, 0.016003592027876413], [-0.23498395765338564, -0.313254986914292, -0.5963220595332985, 0.25137673371411945, 0.43538843594799786, 0.0993968132995339, -0.5524217453073641, -0.37331538765834654, -0.2768165752858287, 0.41288739528552837, 0.6012113614760437, -0.020633212609669313], [-0.49838369053151427, 0.006582270915998459, 0.1701643423207329, 0.37131781624644117, -0.6736304430551904, -0.1600579655693326, -0.1730269068783351, 0.16355176124639786, 0.6933463507001851, -0.23672872090082187, 0.10394440529284302, -0.05559930898607378]], "inverted": false, "swapped": false, "error_lsq": 0.04212361112581606, "error_max": 0.2296453099527589, "target": "508.xyz", "model": "24.xyz", "model_rescale": 4.28219845311461, "target_rescale": 4.019127760637593},
{"mapping": [10, 6, 8, 2, 12, 9, 5, 3, 4, 14, 13, 15], "R": [[-0.4317992005347135, 0.9016812245431773, -0.022812709700921974], [-0.82514193920628, -0.4051075076457951, -0.39373682506454977], [-0.36426670254153354, -0.15119152276278025, 0.9189400920975153]], "T": [0.06255293838388543, -0.022908421922607437, 0.040258532696574964], "aligned_model": [[-0.46164231642743747, -0.7707178218579455, -0.20852342404592294, -0.4331680175730581, 0.1041266024398625, 0.6636818942894297, 0.35081632054361683, 0.6630049638525242, 0.21659770872441425, -0.5305423631121171, 0.11460364115335542, 0.02576084251370525], [-0.2586514578344948, -0.3551712610430722, -0.6244738347122877, 0.31391299806066486, 0.5319314415890142, 0.052204048468986367, -0.6810919299296495, -0.37646140759751234, 0.003211129075913543, 0.3079920116875607, 0.5625468674264682, -0.04343579043055293], [-0.5068697654933624, 0.12662045038389227, -0.17557176359157067, 0.3713054919840838, -0.4839973748031784, -0.25953436088573073, -0.416884085320514, 0.37864144640646397, 0.7545669750462937, -0.30454212170332245, 0.1265677758365708, 0.10117724294170496]], "inverted": true, "swapped": false, "error_lsq": 0.04250896633872434, "error_max": 0.2589219425699253, "target": "508.xyz", "model": "25.xyz", "model_rescale": 4.100010024507729, "target_rescale": 4.019127760637593},
{"mapping": [6, 0, 1, 10, 5, 7, 2, 3, 8, 4, 9, 11], "R": [[-0.9853486815911737, -0.07228632244777489, 0.1544754455358924], [0.13754520060423397, -0.8723439011716666, 0.4691454314808352], [0.10084291485908754, 0.4835191885288259, 0.8695055496356242]], "T": [-0.021657701788521132, -0.11412676595503626, -0.02974398440770155], "aligned_model": [[-0.33588129358476415, -0.7234372311874627, -0.19082061338912076, -0.3135845187962378, 0.10371557256662386, 0.5745423298649257, 0.31159181408587844, 0.662501210635703, 0.14790419033664468, -0.5363088806680366, 0.0793723872282984, -0.0455969365920247], [-0.22250034728671275, -0.27873353517805666, -0.751057512621173, 0.22778181278073392, 0.34588325941071996, 0.20696386292505406, -0.6237704244189913, -0.4501098116809187, -0.17030426790721664, 0.4694179959141239, 0.6710044831150779, 0.007937299708398196], [-0.5865211744675952, 0.20317140704681733, 0.22491203269836857, 0.4316448102472199, -0.6101390989305548, -0.028138681579851454, -0.4504165268223824, 0.2479493752302419, 0.5575810380186894, -0.430305159767017, 0.19976145122675576, -0.048019562099361326]], "inverted": true, "swapped": false, "error_lsq": 0.04523115083490457, "error_max": 0.2839346127590679, "target": "508.xyz", "model": "26.xyz", "model_rescale": 3.6694154284099745, "target_rescale": 4.019127760637593},
{"mapping": [4, 2, 0, 11, 8, 7, 5, 1, 6, 10, 9, 13], "R": [[0.5685131518774702, 0.29943354966923463, -0.7662456169367802], [0.6071290401026522, 0.4758110374819755, 0.6363946772831769], [0.5551460391702143, -0.8270087097139961, 0.08871002903175466]], "T": [0.024574438163790624, 0.033470052785223726, -0.0009992620204138138], "aligned_model": [[-0.49692419078812106, -0.5120768759847893, -0.10881113498989484, -0.6129746427802587, 0.0733465321273393, 0.6340791735824112, 0.4871719742681808, 0.5189770075362077, 0.12338307439167481, -0.4404895846316921, 0.08880867805697107, -0.020491980287601755], [-0.25246697293703174, -0.24853133084561044, -0.608018120762012, 0.4364355824865777, 0.26335085742292386, 0.16934978468823214, -0.4784665587986996, -0.6390213137783227, -0.24618052019838313, 0.31717966499718464, 0.7107506660092932, 0.008131076476886934], [-0.5682820551768016, 0.3065885024569468, -0.08837520382727644, 0.40805503817101224, -0.5952494542286989, -0.07954352138217582, -0.3881722531125986, 0.28704260124115344, 0.6180506893091358, -0.25617573141455363, 0.044039264226865715, 0.023502034538321556]], "inverted": false, "swapped": false, "error_lsq": 0.04823843398893429, "error_max": 0.23982607138731601, "target": "508.xyz", "model": "27.xyz", "model_rescale": 4.103607728864725, "target_rescale": 4.019127760637593},
{"mapping": [4, 1, 0, 7, 13, 10, 3, 9, 5, 8, 11, 14], "R": [[-0.6206053671844876, -0.7026245209937865, 0.348091598175049], [0.43208072629717786, 0.06401386871944154, 0.8995601539497365], [-0.6543357121419486, 0.7086755302039308, 0.2638631628436734]], "T": [0.15202936586299015, 0.0011060156388344664, -0.10102576082231068], "aligned_model": [[-0.5852175068853886, -0.5925994748699039, -0.02396050462816482, -0.3467407712613246, -0.000405773992660452, 0.661651175825388, 0.34575651449735206, 0.5998774695188562, -0.026475336887377743, -0.5406699108596718, 0.19810328280609388, 0.04467886723722858], [0.027532073593970606, -0.4529340388237517, -0.658911892617006, 0.25131960470703807, 0.383806774032422, 0.0066036970023965955, -0.6700615869798113, -0.3301780878748949, -0.1348198696184338, 0.4392632821542711, 0.681985951301104, -0.11109309211626622], [-0.6276926377171892, 0.10448908187102604, 0.10656919876904936, 0.35581420647694384, -0.6012019204059742, -0.10656314432236, -0.3758615184011751, 0.4988132549677102, 0.5952505027361275, -0.12261044600050358, -0.021395736024176812, -0.09413093114814772]], "inverted": false, "swapped": false, "error_lsq": 0.05398622362392958, "error_max": 0.26661857669067307, "target": "508.xyz", "model": "28.xyz", "model_rescale": 4.137296879288765, "target_rescale": 4.019127760637593},
{"mapping": [0, 9, 3, 10, 8, 1, 2, 4, 5, 6, 11], "R": [[0.5937933820448629, 0.8014196812867865, 0.07166529066367566], [-0.5826520978456865, 0.4897040009010382, -0.6486189361848269], [-0.5549107606775563, 0.3433896998276179, 0.7577318534524958]], "T": [-0.0406531033987375, 0.07325512094538557, -0.012905112695237262], "aligned_model": [[0.3785671598733818, -0.056607766035445636, 0.03707396383891359, -0.6435718155643022, -0.12371984291495236, 0.6621933307468352, 0.5616921479240903, -0.3253905130689148, -0.5235424283656046, 0.2361955800421972, 0.018529194233699836], [-0.4994574878514584, -0.6082696266280307, -0.1860029760047608, -0.01577666731836197, 0.6339106360759514, 0.009142059514076359, 0.29195299050252405, -0.4364964731529919, 0.2722709221371368, 0.3545827586368837, 0.10329168073698318], [0.30944971798909743, -0.23530783462194999, -0.6900834424232467, -0.22561306487679333, -0.37737378498394675, -0.4128587296814605, 0.009415408955848996, 0.3025195326295161, 0.4649428536345173, 0.6865701821298026, -0.02590681696838646]], "inverted": true, "swapped": true, "error_lsq": 0.05471060689885592, "error_max": 0.25006379643748866, "target": "508.xyz", "model": "29.xyz", "model_rescale": 3.607286011436655, "target_rescale": 4.019127760637593},
