[{"mapping": [4, 7, 1, 5, 0, 2, 11, 6, 10, 9, 3, 12], "R": [[0.3970858762233699, 0.5125999265203163, 0.761291089029213], [-0.9166589674085552, 0.18049698788602506, 0.3565910470462681], [0.045377796039474894, -0.839441571936629, 0.5415521239282155]], "T": [0.06713263469814341, -0.007005488778350333, 0.025612243340119488], "aligned_model": [[-0.2871008341345579, 0.12186166256102444, 0.5105809216807895, -0.30651807764116706, 0.05282218131713105, -0.707810052416095, 0.4649817292514745, -0.22958042820127234, 0.43310962284747745, 0.1582196322207785, -0.43325935956911915, 0.06033546454408475], [-0.3445100506228978, -0.7310306146153638, -0.40956673384491293, 0.5705915355017024, 0.32395979595159946, -0.30946740719764754, -0.22743797566150178, -0.6100543859433087, 0.38406565348730287, 0.3677332934603771, 0.14664213380681357, -0.10737020834510554], [-0.49675476862663237, -0.06708113815053818, -0.6041827441578972, -0.048854010671219035, -0.5935838131675799, 0.06438878773055737, 0.6125315728178998, 0.5287836037378058, -0.06443233135063381, 0.5007374448611076, 0.32608275417495103, 0.024316388155741074]], "inverted": false, "swapped": true, "error_lsq": 0.04920236884570528, "error_max": 0.29236916948519664, "target": "509.xyz", "model": "0.xyz", "model_rescale": 3.751011558992144, "target_rescale": 3.900044913134551},
{"mapping": [4, 10, 2, 0, 8, 1, 13, 5, 11, 7, 6, 12, 14], "R": [[-0.22231887889758356, 0.6620110019189933, 0.7157623554113003], [-0.09557621505815206, -0.7453969314496344, 0.65973373545744], [0.9702780545806856, 0.07826140762649308, 0.22898831602385405]], "T": [0.09845466522029046, -0.02039833216914201, -0.056409253312574445], "aligned_model": [[-0.17804477955495013, 0.4685494519044815, 0.1625254394508498, -0.46085459470474055, -0.04078318639500962, -0.5901683322637682, 0.6275874614728565, 0.5588876110246015, 0.35565449346803596, -0.29675800385556483, -0.25636927837340273, 0.31944794028167095, 0.13420336609306666], [0.6552920035392499, 0.7107940083969417, -0.6025948446842165, -0.5247611603782645, 0.1142951127961336, 0.08646397419182238, -0.5118141671148663, -0.04474271851848856, 0.2574684661250168, -0.21814324335546337, 0.36016419218939044, -0.40595857542803826, -0.03139113537307116], [-0.3606535584015483, -0.027403079908687997, -0.6400874683359637, -0.14749057841544438, -0.6911444332898741, -0.048386519917906504, -0.13406979281054693, -0.47771068965816604, 0.6459932521511802, 0.4379397328288929, 0.48488353194935924, 0.5389732920084965, -0.016346788248677725]], "inverted": false, "swapped": false, "error_lsq": 0.04748137847378728, "error_max": 0.2447020969372744, "target": "509.xyz", "model": "1.xyz", "model_rescale": 3.9405287249114394, "target_rescale": 3.900044913134551},
{"mapping": [7, 1, 8, 10, 4, 3, 9, 2, 0, 11, 6, 5, 12], "R": [[0.5449065840254024, -0.28174567778806614, 0.7897443812611206], [-0.5945605157782548, -0.793960198878287, 0.12698423396093933], [0.5912483469433657, -0.5387453718083285, -0.600148995326863]], "T": [0.059311022860448925, 0.04529001818368247, -0.03921844473647187], "aligned_model": [[-0.44088659367020716, 0.48816881374029647, 0.04045268723256926, -0.4469738133957509, 0.06917092775333578, -0.4588234300029052, 0.11032895801406727, 0.7397135915011308, 0.38341494969535067, -0.11522954564536023, -0.23473253236214608, 0.5286857660883544, 0.14058780959939188], [0.6426565599574833, 0.6948598048359725, -0.4734003522429707, -0.6116305474631121, 0.2312811756907939, 0.038134699347782915, -0.7577326423092199, 0.017515899684384023, 0.407637814228745, -0.37236112852629644, 0.2656557349069828, -0.28175324223190856, 0.044208136507509675], [-0.18708802356322585, -0.18539101339564631, -0.6148002659519873, -0.1929004356127571, -0.7152404809804676, -0.28064165972881755, -0.09337455351120805, -0.017991799915405803, 0.6438560077116937, 0.5109791548899631, 0.361197628760218, 0.40889575567813957, -0.07300341442938571]], "inverted": true, "swapped": false, "error_lsq": 0.051174345961678615, "error_max": 0.3631912603937608, "target": "509.xyz", "model": "2.xyz", "model_rescale": 3.932901565614263, "target_rescale": 3.900044913134551},
{"mapping": [9, 7, 11, 10, 8, 12, 1, 3, 4, 6, 5, 2, 13], "R": [[0.47761539317543283, -0.4620649008452054, 0.7472479933788962], [0.878271942595507, 0.2289901703238409, -0.41976409654063124], [0.022845810368442243, 0.8567727407556619, 0.5151878683030495]], "T": [0.1835601992773574, -0.02187338139547159, -0.09157832033703786], "aligned_model": [[-0.2677197055952522, 0.3399559479638473, -0.041354871656975156, -0.3213730877168149, 0.20975539749599847, -0.5735195802041919, 0.42451633471729555, 0.5909765774880145, 0.45882776720323376, -0.21523614431936716, -0.26430066673543573, 0.3893237819210023, 0.0740258379867718], [0.5206991924780173, 0.6732956239900311, -0.4293918253414857, -0.5273182737381897, 0.28197289581073204, -0.00923651147117998, -0.7082147219470406, -0.028475940844476903, 0.29444109779725103, -0.2242178320437414, 0.36956126736587086, -0.3432765989894394, -0.024766460680202045], [-0.2959172273697192, -0.04660086941699007, -0.8538450893082763, -0.1436674438769004, -0.7592443872822777, 0.00741828151484461, 0.04857989724537348, -0.39923686329603336, 0.6748414868437167, 0.42486186042690255, 0.3121533307605967, 0.6490708361170797, -0.053916912407203366]], "inverted": true, "swapped": false, "error_lsq": 0.03869619550034402, "error_max": 0.22095729136870657, "target": "509.xyz", "model": "3.xyz", "model_rescale": 3.9243930471874484, "target_rescale": 3.900044913134551},
{"mapping": [8, 7, 11, 6, 9, 10, 5, 1, 2, 3, 4, 0, 12], "R": [[-0.4017568271664849, -0.022505811191669445, -0.915469792121905], [0.5797127977420955, 0.7676269148195325, -0.2732800610704677], [0.7088896415939165, -0.6405016847028984, -0.29535244697411495]], "T": [-0.01652172644101374, 0.0017233940843528438, -0.11914460554012425], "aligned_model": [[-0.18011847232320877, 0.3958944666491285, -0.2704383759077059, -0.2384043181812991, 0.11984140363998791, -0.7162593781510673, 0.4342022932644137, 0.6897357999081073, 0.33245593430796083, -0.21977111068338526, -0.17499127203015932, 0.5602968081896498, 0.07143380986570479], [0.5507044544802742, 0.6337314689107527, -0.4326363067266801, -0.6745731757140292, 0.14156953609593553, 0.05412584614170146, -0.6064142296089208, 0.08006598321428546, 0.2492169568773977, -0.21842814508107342, 0.42486225916568215, -0.2823418681526224, -0.07481086721655716], [-0.38028110046098673, 0.1517750060486987, -0.7298753701348653, 0.002951995142558672, -0.7970351166817559, -0.18805702326428514, -0.09385451886247881, -0.19141524401885796, 0.69827573858385, 0.48349654636776235, 0.26583354113645097, 0.43755069555138343, -0.09486824945636112]], "inverted": false, "swapped": false, "error_lsq": 0.05197014862255174, "error_max": 0.32602233665882413, "target": "509.xyz", "model": "4.xyz", "model_rescale": 3.8936222436046832, "target_rescale": 3.900044913134551},
{"mapping": [0, 4, 5, 10, 3, 6, 7, 11, 8, 1, 9, 12], "R": [[0.11188711463818052, 0.6734322459808371, 0.730732703285646], [-0.3184057864968686, -0.6722841747452144, 0.6683200906096242], [0.941328332041086, -0.3074459277016873, 0.1392047874047288]], "T": [-0.12198360832788972, -0.0004804157956522885, -0.09139596186254967], "aligned_model": [[0.058863057043506375, -0.4654882081517841, -0.301706779637194, 0.34834646915835443, -0.6017928305905881, -0.6540152996818607, -0.2573762640850799, 0.09618098086691422, 0.6814642477574622, 0.2885476857963205, -0.009216673616306695, -0.15625834264464705], [-0.4303066079794342, -0.6281418072119616, 0.15366371144050983, 0.0911122570298505, 0.3174293281737168, 0.2005748999504365, -0.37894644687842244, 0.459579731165351, 0.060104404096117045, -0.7225915547233575, 0.5893967499535085, -0.0429517599065071], [-0.6164583327327822, -0.10882417242386638, -0.7415633018669945, -0.3470993448975088, -0.27305160492155395, 0.526185669500266, 0.520349086658288, 0.4490645416201063, 0.26216212466294364, 0.16426636449048237, -0.20886298240577642, -0.006883328408085768]], "inverted": false, "swapped": true, "error_lsq": 0.04362660497078072, "error_max": 0.2235324880712074, "target": "509.xyz", "model": "5.xyz", "model_rescale": 3.6523030999806103, "target_rescale": 3.900044913134551},
{"mapping": [4, 11, 0, 1, 3, 2, 5, 7, 9, 6, 10, 8, 12], "R": [[0.07459945413225472, 0.7966541698930004, 0.5998141837563231], [-0.6957641607702875, -0.3893161044123388, 0.6036101419234261], [0.7143858579442817, -0.46235819927551347, 0.5252406510656971]], "T": [0.055830830928292385, -0.02813757861912811, 0.04620224561521531], "aligned_model": [[-0.21719736205247214, 0.42596734828180544, 0.14333818690116157, -0.35372598444263453, 0.06911998256735599, -0.6628111428183812, 0.45137923674294783, 0.6172332577523454, 0.5137243971400569, -0.3538155638377876, -0.22563252205909456, 0.28503120108307173, 0.11126655328975216], [0.43650447490776356, 0.7479561723034939, -0.547303918973307, -0.5292444402933427, 0.04616274460163661, 0.06424799053208499, -0.5665802422515513, 0.12356686186251978, 0.27070734928424856, -0.21001615307608631, 0.4984175466790921, -0.4304144749718405, -0.05893199821856569], [-0.15050812487624848, -0.14153813747070004, -0.7963964157844947, -0.20584932482164303, -0.6444087616573183, -0.18013876788258104, -0.08617783832738594, -0.3124495877711455, 0.5191589733070199, 0.5170891508066499, 0.5483885881358641, 0.5354297914956901, -0.038102645202593724]], "inverted": true, "swapped": false, "error_lsq": 0.044900877949928794, "error_max": 0.24341179389186207, "target": "509.xyz", "model": "6.xyz", "model_rescale": 4.08911054899281, "target_rescale": 3.900044913134551},
{"mapping": [9, 11, 2, 6, 1, 3, 7, 13, 10, 4, 8, 5, 14], "R": [[-0.5767434781713111, -0.5367867380543303, -0.6158140614145236], [0.4257890959511846, 0.44580968033162593, -0.7873737198380999], [0.6971876405645268, -0.7163195702838263, -0.028559885722163614]], "T": [0.11297314937107457, -0.010968999893949635, -0.022724655321635638], "aligned_model": [[-0.3142948967891976, 0.413920031809934, 0.13569606193941186, -0.17882038202531725, 0.0753228979766729, -0.6754670029345136, 0.39484326140857845, 0.7296425155875985, 0.36207511491672195, -0.27881754277858317, -0.26505557492951803, 0.33892890545826304, 0.0659041989080758], [0.6057599468448684, 0.4917850375276035, -0.45230807622650104, -0.39281519660579817, 0.25334470551409943, -0.07952511224439963, -0.7288023864074272, -0.06010057729381187, 0.34902888415976213, -0.24285485229060563, 0.38090055505084575, -0.41289386393896005, 0.13355284829647113], [-0.24997942621237448, -0.05737165755582132, -0.6971451711999684, -0.15760602373623397, -0.70585479120996, -0.012065295232639554, -0.09020379049694827, -0.41413173653496227, 0.5496603835640158, 0.5154003252408944, 0.387983889507929, 0.5838242953301606, -0.08801410151297856]], "inverted": true, "swapped": false, "error_lsq": 0.037947110824373374, "error_max": 0.23505801747894417, "target": "509.xyz", "model": "7.xyz", "model_rescale": 3.964800864290218, "target_rescale": 3.900044913134551},
{"mapping": [3, 10, 1, 2, 5, 0, 7, 8, 11, 4, 6, 12, 13], "R": [[-0.36186392302471093, 0.25996717000431613, -0.8952494466533409], [0.9179719713357117, -0.06795313109126427, -0.39078105355418796], [-0.16242524759160365, -0.9632234644644204, -0.21405278893293078]], "T": [0.03778336885901362, -0.010437606784408566, -0.0237762274245086], "aligned_model": [[-0.40561175645031117, 0.48956039592160816, -0.04013524086135528, -0.3574057790115683, 0.34610634215334557, -0.6269081317104235, 0.2902915231341815, 0.7064626809949588, 0.2786099812120524, -0.19980739618262594, -0.3042298111919209, 0.5199391253232867, 0.10700565521689856], [0.4960216079959427, 0.6704984739461897, -0.45628397961201733, -0.5260504439249308, 0.42591160961992675, -0.06240181291866166, -0.663078792147418, -0.0967656247701127, 0.31766226053671676, -0.1703368002379961, 0.3079622658169177, -0.4039787092938369, 0.005911857375426379], [-0.29370681538816495, -0.10955259237994242, -0.6223324848206739, 0.1049780631265892, -0.6668990993942792, -0.28577680542831774, -0.154742941341545, -0.39319879338297814, 0.698363886639306, 0.6189338715420961, 0.31995961443293414, 0.4043898203100097, -0.055918823963920866]], "inverted": true, "swapped": false, "error_lsq": 0.04825299372822153, "error_max": 0.30550868632699985, "target": "509.xyz", "model": "8.xyz", "model_rescale": 4.121658175737393, "target_rescale": 3.900044913134551},
{"mapping": [4, 9, 10, 3, 5, 0, 11, 7, 6, 2, 1, 8, 12], "R": [[0.5370611333968521, -0.2765263716062326, 0.7969306775377523], [-0.5444304101898538, -0.8352576354284406, 0.07707276379498919], [0.6443297815986753, -0.47526608154252126, -0.599133778283466]], "T": [0.1144846836624904, -0.04386686788046902, -0.0419095760241769], "aligned_model": [[-0.2588682370180757, 0.5432437732657422, -0.09357528990103758, -0.25888416937087655, 0.06936376191318386, -0.6292050333776651, 0.4093350700703958, 0.75791771398901, 0.36250592219601685, -0.27966347615138765, -0.3713086711226009, 0.49889456240736174, 0.05412166164805972], [0.7539385351577957, 0.6677750957002595, -0.4449847955947839, -0.7390130930106888, 0.1689765910357614, 0.08719054750579237, -0.5968567161473, -0.05674583698711357, 0.34088119233684266, -0.3286555637788488, 0.2803636348198939, -0.28985201549104217, 0.002054336839578272], [-0.1525533884176759, -0.09595747874484857, -0.6520704450270021, -0.049080122849637906, -0.6201652899543071, -0.26230422605744047, -0.1433864300473492, -0.244490369666584, 0.47831772572889797, 0.45396246156487663, 0.3238924377467253, 0.5257819687478564, 0.0025500569276018167]], "inverted": false, "swapped": false, "error_lsq": 0.0417276700084003, "error_max": 0.2900723162911039, "target": "509.xyz", "model": "9.xyz", "model_rescale": 3.833441315466971, "target_rescale": 3.900044913134551},
{"mapping": [7, 6, 10, 8, 11, 9, 0, 12, 4, 2, 3, 5, 14], "R": [[-0.15579727170385094, 0.6915654838435817, 0.7053115564669485], [0.06665846291453192, -0.7050421690910176, 0.7060256292269463], [0.9855373455387213, 0.15701185101649573, 0.06374495422278792]], "T": [0.18392857148086844, -0.03883601902456167, -0.05763489370966839], "aligned_model": [[-0.22810003505021414, 0.6485482314863846, 0.10359772925238242, -0.44397575330354994, -0.03289713349844087, -0.6180417312417135, 0.5571551410442614, 0.6055629734461987, 0.3569832232642192, -0.2755921096807183, -0.33212687704094196, 0.3630692694589324, 0.0996946604113265], [0.44996592997267404, 0.44494622941608464, -0.5834071215622233, -0.33727941947959655, 0.15340968588150883, -0.021054462775005764, -0.6084892635221898, 0.09574286491056024, 0.4284895727508321, -0.2918857093941227, 0.425797949156273, -0.29874084341010543, -0.012423499558543046], [-0.2453023092041393, 0.048727109256554664, -0.6681620541109466, -0.4100934842115876, -0.6751826923851751, 0.06252157237147571, -0.062114905867452025, -0.4664539397298951, 0.564917480679957, 0.43374769930344953, 0.46402006832090287, 0.5405233579729968, -0.022651002445027532]], "inverted": true, "swapped": false, "error_lsq": 0.052697968774527086, "error_max": 0.3355218940904346, "target": "509.xyz", "model": "10.xyz", "model_rescale": 4.2482417240324, "target_rescale": 3.900044913134551},
{"mapping": [9, 10, 8, 0, 6, 7, 11, 4, 5, 2, 3, 12], "R": [[-0.17361968998442823, -0.8853288626355957, 0.431333986875685], [-0.6778149336379131, 0.4251652141125307, 0.5998345242198696], [-0.7144390239811529, -0.18822153355290816, -0.6739061769414562]], "T": [0.037047876606193755, -0.0048400762369036, -0.0239934587504399], "aligned_model": [[-0.4629864890998751, 0.13553725612104317, 0.16188505249142554, 0.5835100404892017, -0.415786317043874, 0.2483888678540036, -0.42051451419409547, 0.5259984617786525, -0.05190166425420016, -0.10483884145828197, -0.37488029521932875, 0.05235404489833567], [-0.3536714734877486, -0.5155192197991452, -0.30388278409990965, -0.339762089664776, 0.6970240506934301, 0.6274312129910089, 0.07175172084936152, 0.4137569981549471, -0.38477222946630985, 0.5876203846005802, 0.07679167929576178, 0.08936313998343914], [0.028468361240530815, 0.13250086719262594, 0.7940477607415825, -0.3109654321777304, 0.06095342101036348, 0.2782774702896482, 0.5557642818354562, -0.3369819401172381, -0.5954109404558207, -0.5917801813688099, -0.4575066713280078, 0.00782529299175605]], "inverted": true, "swapped": true, "error_lsq": 0.05789603573090654, "error_max": 0.3785351469749818, "target": "509.xyz", "model": "11.xyz", "model_rescale": 3.6694154284099745, "target_rescale": 3.900044913134551},
{"mapping": [1, 12, 8, 11, 2, 4, 9, 10, 5, 6, 0, 7, 13], "R": [[-0.8118818780630682, 0.25169040422218564, 0.5267824565181134], [-0.5274482188139871, 0.07061585640132872, -0.8466473748229894], [-0.2502922143070728, -0.9652281291213907, 0.07542192128342151]], "T": [0.057648415098588146, -0.010754991489206878, -0.016613984155635145], "aligned_model": [[-0.2839518597895995, 0.45733458203059446, -0.008445442359665017, -0.271106879322951, 0.16095695344392272, -0.6770085252334095, 0.4058375264255005, 0.6501587748044697, 0.2971410460453098, -0.1821786277061676, -0.33665129178520053, 0.616260503634144, -0.024469171638821147], [0.6362772866951146, 0.5387980689970221, -0.40546921066531283, -0.6717272457190538, 0.21950671966350882, -0.0009165251754971078, -0.7086088614590822, -0.050912673542557116, 0.23361132902977436, -0.18119619205252693, 0.4778219150069679, -0.31957294103122036, 0.07746024263900876], [-0.44221001008337246, -0.01991579273707451, -0.6588212236800546, -0.00859622666392081, -0.6187937444218624, -0.10527645847771666, -0.20753434925986453, -0.242108155968902, 0.7096773992401159, 0.466384587419613, 0.3247922431095464, 0.36384537905173137, 0.0030532524228742315]], "inverted": false, "swapped": false, "error_lsq": 0.047425512832807576, "error_max": 0.29081353807353544, "target": "509.xyz", "model": "12.xyz", "model_rescale": 3.9764082729961374, "target_rescale": 3.900044913134551},
{"mapping": [6, 5, 7, 3, 4, 14, 2, 0, 12, 11, 13, 1, 15], "R": [[0.021380266032794012, -0.5893226361612078, -0.8076148306788156], [0.9995563629810271, 0.029354009980431653, 0.005041757849238104], [0.020735511773491144, -0.8073643369669443, 0.5896887873661989]], "T": [0.11525320157089593, 0.0033928116752107752, 0.05313283061521126], "aligned_model": [[-0.3126395775290105, 0.5130013704924853, 0.21133771528363887, -0.4626769490078748, 0.1353632008728496, -0.6778026127334552, 0.5712685650422872, 0.6710163927414433, 0.3211917811926485, -0.4965541568648745, -0.24050950232615242, 0.5150908545373818, 0.05579050684675961], [0.5913729339402551, 0.6743018941015351, -0.42501360681913153, -0.5313666566468485, 0.1966046315171983, 0.09905268382649351, -0.6439960702731665, -0.09541864298330116, 0.2582234898917862, -0.3270065820466139, 0.3487106091165895, -0.2891069678362602, -0.011285803402389782], [-0.181059293749751, -0.25427781180321385, -0.5619032705531889, -0.2443104402878626, -0.6383355362539109, 0.026305534196600117, -0.04276887799211501, -0.40345396865789507, 0.6007313713467616, 0.43663341150330603, 0.41183753294429293, 0.4504945153773289, -0.035396266119239364]], "inverted": false, "swapped": false, "error_lsq": 0.043242377495412834, "error_max": 0.2726699323743841, "target": "509.xyz", "model": "13.xyz", "model_rescale": 4.170626492500431, "target_rescale": 3.900044913134551},
{"mapping": [4, 6, 0, 7, 2, 8, 1, 3, 11, 10, 12, 9, 13], "R": [[0.9217695610052405, 0.38760092705073945, 0.010314928677119091], [0.38080975740060974, -0.9099848661074578, 0.164047164327462], [0.07297126196452544, -0.14728565715914085, -0.9863985655517272]], "T": [0.0648153753571422, 0.031605112851450096, -0.07933401271456192], "aligned_model": [[-0.4031696300065294, 0.543356662207127, -0.026325424838462022, -0.3745003488306516, 0.21991329503314322, -0.6731818760202392, 0.3631603215804228, 0.749062786424664, 0.4668971149918734, -0.17709720303706528, -0.3942645395867046, 0.3992583222731112, 0.11076810835743717], [0.4752839726816461, 0.7231846487313268, -0.3349690671830883, -0.6498824530826468, 0.2282430439419267, -0.04208152377560556, -0.6714763319007324, 0.01060304964124923, 0.2319482025976973, -0.18192296060575988, 0.3962075553742651, -0.43947217161851193, 0.09940594758437943], [-0.3746342576984804, -0.06500748619128464, -0.5410429379040078, -0.07684506768056407, -0.6877831285862002, -0.0407771800263579, -0.16582820329149006, -0.16202620229853856, 0.46642469969814987, 0.38349681084319126, 0.3588632166099977, 0.48859251931088193, -0.01893588283418389]], "inverted": true, "swapped": false, "error_lsq": 0.04423421373471443, "error_max": 0.271649057559088, "target": "509.xyz", "model": "14.xyz", "model_rescale": 3.9786697098870705, "target_rescale": 3.900044913134551},
{"mapping": [7, 1, 2, 6, 4, 5, 8, 10, 3, 11, 0, 12], "R": [[0.3774011718040454, 0.9114750379373302, 0.16365088065169808], [0.8173700357917386, -0.4109335534025177, 0.4037819204444304], [0.4352867791591487, -0.018624443753387815, -0.9000991889698223]], "T": [0.07217557286541124, 0.04086476768524841, 0.07817975410805142], "aligned_model": [[-0.1186434058285358, -0.7215341818737904, 0.6352697552755592, 0.5497997692690689, -0.051076136248290285, 0.37128585301128647, -0.5478040648599509, -0.21050119884281002, 0.6603344687350216, 0.13697626138455365, -0.28476267438579606, 0.06401015113101981], [-0.41844062040313057, -0.04115580257278065, 0.13856404132652664, -0.5461206916446292, 0.274589618704171, 0.6354638442376767, -0.40122568673648773, 0.20647156221260515, 0.17558547991260035, -0.6290965597264172, 0.6437238205513968, -0.023684515637092396], [-0.4588736791269239, -0.2662634441429744, -0.5275452614447119, -0.285428867264622, -0.5869816436856984, 0.26729183396912914, 0.5190692837094545, 0.5113679948787945, 0.06397726698143916, 0.39171025209076427, 0.030194181342901805, 0.0014485765662775457]], "inverted": true, "swapped": true, "error_lsq": 0.051279481808378685, "error_max": 0.2772891827138877, "target": "509.xyz", "model": "15.xyz", "model_rescale": 3.769337070930944, "target_rescale": 3.900044913134551},
{"mapping": [1, 8, 4, 7, 0, 10, 5, 9, 2, 6, 12], "R": [[-0.9980987933496005, 0.009405590306246285, 0.0609125076241548], [-0.06137819127752665, -0.06166192647391544, -0.9962080728738475], [-0.005613942426764107, -0.9980527750046672, 0.06212199253012163]], "T": [0.06434181964288008, -0.011733137876927154, 0.041117788975115754], "aligned_model": [[-0.45372435735995065, -0.2934004085070959, -0.11953954982005913, -0.6320527752038733, 0.39234467491957925, 0.30680395542583305, 0.7367862349155148, 0.37493733065208423, 0.047209785204159437, -0.40927700967111247, -0.027461749863908494], [0.06089440182121641, -0.7348896275089376, 0.6376439077700419, 0.21368893829731075, 0.2010162448248538, -0.3868837414588678, 0.14997342679100698, -0.43518112911534057, 0.6941427230480527, 0.1700976524102197, 0.025561700745785565], [-0.652911275443715, -0.3099769106408616, -0.19711543593159025, 0.04549593330963163, -0.5422332136445565, -0.26784492227453277, 0.062281332800920575, 0.355270905160355, 0.4826704621184119, 0.7100802693985533, 0.058500462371160765]], "inverted": false, "swapped": true, "error_lsq": 0.05064248869267318, "error_max": 0.28956152156406323, "target": "509.xyz", "model": "16.xyz", "model_rescale": 3.7852294659196426, "target_rescale": 3.900044913134551},
{"mapping": [9, 0, 6, 7, 10, 11, 5, 4, 3, 2, 8, 1, 12], "R": [[-0.801615709597998, -0.31751715155179394, -0.5065521815135466], [0.5371828053015361, -0.010673185928900153, -0.8433983144342292], [0.2623869048067567, -0.9481924601960099, 0.17912054771401237]], "T": [0.07792337820133471, 0.0010557972874978352, 0.03195664128758598], "aligned_model": [[-0.23960394896336618, 0.45542327636394725, -0.1358564672163265, -0.22631240343297016, 0.08109038997728833, -0.6432376495325336, 0.45588429736644065, 0.7409575149031367, 0.3773733847378953, -0.21646572337111497, -0.31338551793132624, 0.434838926474739, 0.03317150917231735], [0.7056906266581395, 0.5694609869176132, -0.5047201351381115, -0.6273651990918333, 0.12989772763415142, -0.046998758382566945, -0.490582130820984, 0.0031866465144622727, 0.2602041654481583, -0.24644162499090724, 0.48211984045185907, -0.42893166489810486, 0.039551432084270394], [-0.35524865213347373, 0.019445724954591306, -0.6650958099484674, -0.030929332183400285, -0.7634330759580537, -0.09274141880340672, -0.18632460341623663, -0.21737823019906033, 0.7216429381120744, 0.5075269345894065, 0.23110644780083672, 0.4344193451632985, -0.03849336802699532]], "inverted": false, "swapped": false, "error_lsq": 0.04364406439557822, "error_max": 0.2243853216625709, "target": "509.xyz", "model": "17.xyz", "model_rescale": 3.901054581598922, "target_rescale": 3.900044913134551},
{"mapping": [4, 10, 2, 0, 8, 1, 13, 5, 11, 7, 6, 12, 14], "R": [[-0.22231887889758356, 0.6620110019189933, 0.7157623554113003], [-0.09557621505815206, -0.7453969314496344, 0.65973373545744], [0.9702780545806856, 0.07826140762649308, 0.22898831602385405]], "T": [0.09845466522029046, -0.02039833216914201, -0.056409253312574445], "aligned_model": [[-0.17804477955495013, 0.4685494519044815, 0.1625254394508498, -0.46085459470474055, -0.04078318639500962, -0.5901683322637682, 0.6275874614728565, 0.5588876110246015, 0.35565449346803596, -0.29675800385556483, -0.25636927837340273, 0.31944794028167095, 0.13420336609306666], [0.6552920035392499, 0.7107940083969417, -0.6025948446842165, -0.5247611603782645, 0.1142951127961336, 0.08646397419182238, -0.5118141671148663, -0.04474271851848856, 0.2574684661250168, -0.21814324335546337, 0.36016419218939044, -0.40595857542803826, -0.03139113537307116], [-0.3606535584015483, -0.027403079908687997, -0.6400874683359637, -0.14749057841544438, -0.6911444332898741, -0.048386519917906504, -0.13406979281054693, -0.47771068965816604, 0.6459932521511802, 0.4379397328288929, 0.48488353194935924, 0.5389732920084965, -0.016346788248677725]], "inverted": false, "swapped": false, "error_lsq": 0.04748137847378728, "error_max": 0.2447020969372744, "target": "509.xyz", "model": "18.xyz", "model_rescale": 3.9405287249114394, "target_rescale": 3.900044913134551},
{"mapping": [2, 3, 0, 8, 1, 5, 4, 12, 14, 9, 11, 13, 15], "R": [[-0.5181166583531753, -0.424368508665157, 0.7426079027254218], [0.8020711549762329, -0.5426014077489985, 0.24953070885944503], [0.29704711863950295, 0.7249103952642117, 0.6215045680812439]], "T": [0.12112546843463887, -0.06056415905739897, -0.025112121618163417], "aligned_model": [[-0.44741937729992565, 0.5662412807885085, 0.10060475144570749, -0.4270604597079851, 0.20578673214340573, -0.707788490507088, 0.4653711724457067, 0.6637711052037903, 0.5123011814896173, -0.37869264498236943, -0.17512539601123936, 0.326903046290147, 0.09898468724985116], [0.5412913142207102, 0.6231385099613715, -0.3941736327701332, -0.4785655180999919, 0.20597549692459216, 0.003949396636314759, -0.6681031449568332, -0.032430048117471535, 0.4041773718809036, -0.36505839922781985, 0.21833125671114623, -0.1858454413473975, -0.027615249429245453], [-0.28940746907416776, -0.2697571069400156, -0.6259098223289135, -0.33662328925250695, -0.6228650021596753, -0.023598000693483577, -0.24203677327926398, -0.09499235420517457, 0.45523757705275025, 0.47135032223820283, 0.5695860995647962, 0.6020162816069344, -0.02850356257836955]], "inverted": false, "swapped": false, "error_lsq": 0.04334768548639566, "error_max": 0.24720044634570718, "target": "509.xyz", "model": "19.xyz", "model_rescale": 4.410303926677745, "target_rescale": 3.900044913134551},
{"mapping": [3, 10, 1, 2, 5, 0, 7, 8, 11, 4, 6, 12, 13], "R": [[-0.36186392302471093, 0.25996717000431613, -0.8952494466533409], [0.9179719713357117, -0.06795313109126427, -0.39078105355418796], [-0.16242524759160365, -0.9632234644644204, -0.21405278893293078]], "T": [0.03778336885901362, -0.010437606784408566, -0.0237762274245086], "aligned_model": [[-0.40561175645031117, 0.48956039592160816, -0.04013524086135528, -0.3574057790115683, 0.34610634215334557, -0.6269081317104235, 0.2902915231341815, 0.7064626809949588, 0.2786099812120524, -0.19980739618262594, -0.3042298111919209, 0.5199391253232867, 0.10700565521689856], [0.4960216079959427, 0.6704984739461897, -0.45628397961201733, -0.5260504439249308, 0.42591160961992675, -0.06240181291866166, -0.663078792147418, -0.0967656247701127, 0.31766226053671676, -0.1703368002379961, 0.3079622658169177, -0.4039787092938369, 0.005911857375426379], [-0.29370681538816495, -0.10955259237994242, -0.6223324848206739, 0.1049780631265892, -0.6668990993942792, -0.28577680542831774, -0.154742941341545, -0.39319879338297814, 0.698363886639306, 0.6189338715420961, 0.31995961443293414, 0.4043898203100097, -0.055918823963920866]], "inverted": true, "swapped": false, "error_lsq": 0.04825299372822153, "error_max": 0.30550868632699985, "target": "509.xyz", "model": "20.xyz", "model_rescale": 4.121658175737393, "target_rescale": 3.900044913134551},
{"mapping": [4, 11, 0, 1, 3, 2, 5, 7, 9, 6, 10, 8, 12], "R": [[0.07459945413225472, 0.7966541698930004, 0.5998141837563231], [-0.6957641607702875, -0.3893161044123388, 0.6036101419234261], [0.7143858579442817, -0.46235819927551347, 0.5252406510656971]], "T": [0.055830830928292385, -0.02813757861912811, 0.04620224561521531], "aligned_model": [[-0.21719736205247214, 0.42596734828180544, 0.14333818690116157, -0.35372598444263453, 0.06911998256735599, -0.6628111428183812, 0.45137923674294783, 0.6172332577523454, 0.5137243971400569, -0.3538155638377876, -0.22563252205909456, 0.28503120108307173, 0.11126655328975216], [0.43650447490776356, 0.7479561723034939, -0.547303918973307, -0.5292444402933427, 0.04616274460163661, 0.06424799053208499, -0.5665802422515513, 0.12356686186251978, 0.27070734928424856, -0.21001615307608631, 0.4984175466790921, -0.4304144749718405, -0.05893199821856569], [-0.15050812487624848, -0.14153813747070004, -0.7963964157844947, -0.20584932482164303, -0.6444087616573183, -0.18013876788258104, -0.08617783832738594, -0.3124495877711455, 0.5191589733070199, 0.5170891508066499, 0.5483885881358641, 0.5354297914956901, -0.038102645202593724]], "inverted": true, "swapped": false, "error_lsq": 0.044900877949928794, "error_max": 0.24341179389186207, "target": "509.xyz", "model": "21.xyz", "model_rescale": 4.08911054899281, "target_rescale": 3.900044913134551},
{"mapping": [6, 0, 12, 9, 7, 5, 14, 4, 1, 11, 8, 15, 16], "R": [[-0.22275635061985766, 0.9342921029469287, -0.2783484769664262], [0.4937142663526725, 0.35431546021790794, 0.7941704967136559], [0.8406103921903214, 0.039481907522030735, -0.5401993590518749]], "T": [0.12120349674431703, -0.0508920382679998, -0.06668994302584132], "aligned_model": [[-0.1963435813981767, 0.45276380333015437, 0.06913174061690221, -0.3403548003652945, 0.04742221756232465, -0.5752170554440156, 0.2907482067347267, 0.7879736638201918, 0.31931115507803054, -0.22674510445125223, -0.26513802256539537, 0.28804162833763, 0.15228373729230085], [0.6025921554125865, 0.6351456610693647, -0.4588974038950762, -0.5760757962045115, 0.2572405375601392, -0.1375416596977903, -0.6621208301210779, 0.11859020074642403, 0.34255924696131773, -0.1252172335073677, 0.36739813527458987, -0.49245513765772253, -0.026145963554729527], [-0.23308222146498042, -0.20633032530788836, -0.6797067942358288, -0.2034143751200278, -0.703405599002054, 0.005554859859484992, -0.1640374713517222, -0.18064388470416537, 0.593573506762931, 0.6110272299431815, 0.32895583192347705, 0.4889125092707337, -0.09290636662202802]], "inverted": true, "swapped": false, "error_lsq": 0.041584263637502956, "error_max": 0.22712211979393698, "target": "509.xyz", "model": "22.xyz", "model_rescale": 4.204369325754507, "target_rescale": 3.900044913134551},
{"mapping": [2, 3, 0, 8, 1, 5, 4, 12, 14, 9, 11, 13, 15], "R": [[-0.5181166583531753, -0.424368508665157, 0.7426079027254218], [0.8020711549762329, -0.5426014077489985, 0.24953070885944503], [0.29704711863950295, 0.7249103952642117, 0.6215045680812439]], "T": [0.12112546843463887, -0.06056415905739897, -0.025112121618163417], "aligned_model": [[-0.44741937729992565, 0.5662412807885085, 0.10060475144570749, -0.4270604597079851, 0.20578673214340573, -0.707788490507088, 0.4653711724457067, 0.6637711052037903, 0.5123011814896173, -0.37869264498236943, -0.17512539601123936, 0.326903046290147, 0.09898468724985116], [0.5412913142207102, 0.6231385099613715, -0.3941736327701332, -0.4785655180999919, 0.20597549692459216, 0.003949396636314759, -0.6681031449568332, -0.032430048117471535, 0.4041773718809036, -0.36505839922781985, 0.21833125671114623, -0.1858454413473975, -0.027615249429245453], [-0.28940746907416776, -0.2697571069400156, -0.6259098223289135, -0.33662328925250695, -0.6228650021596753, -0.023598000693483577, -0.24203677327926398, -0.09499235420517457, 0.45523757705275025, 0.47135032223820283, 0.5695860995647962, 0.6020162816069344, -0.02850356257836955]], "inverted": false, "swapped": false, "error_lsq": 0.04334768548639566, "error_max": 0.24720044634570718, "target": "509.xyz", "model": "23.xyz", "model_rescale": 4.410303926677745, "target_rescale": 3.900044913134551},
{"mapping": [12, 13, 1, 3, 7, 2, 10, 11, 15, 4, 5, 8, 16], "R": [[0.7408947630719626, 0.27846906599451726, 0.6111709493559736], [-0.46817093163578916, 0.8665987464032313, 0.17269218715282358], [-0.48155054648896223, -0.41407920983368607, 0.7724295949532829]], "T": [0.21120249121174156, 0.08488784280905695, -0.03156820468676454], "aligned_model": [[-0.30031786589024273, 0.3821635962464102, 0.11741766614384341, -0.4084141200004779, 0.18882089509839545, -0.6745487044591785, 0.35766995361346743, 0.7396186818661614, 0.4491675657466107, -0.21460634482699137, -0.21485346607156897, 0.24811126249882565, 0.13364846858287174], [0.6866805745391641, 0.7181227201755136, -0.4229925217583793, -0.5454635681492594, 0.2415485614670701, -0.11865146733968299, -0.5448961559148593, -0.09275867130114523, 0.307157326847305, -0.2860567876576865, 0.3282017790522269, -0.43053342945072837, 0.004713551876607949], [-0.1811284503764921, -0.2844960886401769, -0.7168398963858814, -0.19885041667239778, -0.6772363702852181, 0.0515613314005408, 0.043952280511150285, -0.331467407902659, 0.6034775342972354, 0.36209572466209156, 0.3619755452587646, 0.6077168037082675, -0.07626368962411184]], "inverted": false, "swapped": false, "error_lsq": 0.04137574494844635, "error_max": 0.272575008730152, "target": "509.xyz", "model": "24.xyz", "model_rescale": 4.28219845311461, "target_rescale": 3.900044913134551},
{"mapping": [2, 4, 8, 10, 0, 14, 5, 1, 7, 12, 13, 9, 15], "R": [[0.0093019380983893, -0.8283724855350009, -0.5601004366684411], [0.6789222314058562, 0.41646589300157144, -0.6046658280978813], [0.7341512634672139, -0.3746400741711547, 0.5662744362714293]], "T": [0.08818697757709354, -0.009007431342814927, -0.005383353036711357], "aligned_model": [[-0.33241323731785316, 0.46818479028674087, 0.13322017007400982, -0.3844027764646097, 0.16792766614612892, -0.6665473266578603, 0.48235963942309845, 0.5846144981769232, 0.4337022446848335, -0.3913701459582164, -0.16056996290975473, 0.37295423976932557, 0.09621778929536054], [0.49064711689783497, 0.6075395235119643, -0.46510838804488963, -0.5480885671227085, 0.4487212828834014, -0.08813046347613576, -0.755641215792407, -0.1255018999199062, 0.3795111838995447, -0.1946336635813537, 0.34809080479671933, -0.2895395762395438, 0.03720577457362603], [-0.2108603980823223, -0.10598200024876134, -0.5268140634842373, -0.34561161795445794, -0.6759652039655573, -0.07065433197558132, -0.11694761920584179, -0.39250885520457146, 0.573597209293192, 0.5602912596201477, 0.3989893602398653, 0.5396698608259819, -0.06270669990674327]], "inverted": false, "swapped": false, "error_lsq": 0.04015128269272362, "error_max": 0.2537784833821111, "target": "509.xyz", "model": "25.xyz", "model_rescale": 4.100010024507729, "target_rescale": 3.900044913134551},
{"mapping": [9, 10, 8, 0, 6, 7, 11, 4, 5, 2, 3, 12], "R": [[-0.17361968998442823, -0.8853288626355957, 0.431333986875685], [-0.6778149336379131, 0.4251652141125307, 0.5998345242198696], [-0.7144390239811529, -0.18822153355290816, -0.6739061769414562]], "T": [0.037047876606193755, -0.0048400762369036, -0.0239934587504399], "aligned_model": [[-0.4629864890998751, 0.13553725612104317, 0.16188505249142554, 0.5835100404892017, -0.415786317043874, 0.2483888678540036, -0.42051451419409547, 0.5259984617786525, -0.05190166425420016, -0.10483884145828197, -0.37488029521932875, 0.05235404489833567], [-0.3536714734877486, -0.5155192197991452, -0.30388278409990965, -0.339762089664776, 0.6970240506934301, 0.6274312129910089, 0.07175172084936152, 0.4137569981549471, -0.38477222946630985, 0.5876203846005802, 0.07679167929576178, 0.08936313998343914], [0.028468361240530815, 0.13250086719262594, 0.7940477607415825, -0.3109654321777304, 0.06095342101036348, 0.2782774702896482, 0.5557642818354562, -0.3369819401172381, -0.5954109404558207, -0.5917801813688099, -0.4575066713280078, 0.00782529299175605]], "inverted": true, "swapped": true, "error_lsq": 0.05789603573090654, "error_max": 0.3785351469749818, "target": "509.xyz", "model": "26.xyz", "model_rescale": 3.6694154284099745, "target_rescale": 3.900044913134551},
{"mapping": [9, 8, 3, 6, 7, 12, 1, 5, 4, 2, 10, 0, 13], "R": [[0.5003411819320553, -0.44190033921490957, 0.7445688630775409], [0.07001232004141666, -0.8364845910978906, -0.5434995896026169], [0.8629930339841987, 0.3240642205760189, -0.3875892210023459]], "T": [0.04187190299080977, 0.0633291029817209, -0.01833680798526627], "aligned_model": [[-0.34745275935713815, 0.35333780563373374, -0.25350561921834946, -0.19720022031118684, 0.2755013041921876, -0.6999992527248172, 0.42596503078657943, 0.8004759618140171, 0.3882634233334262, -0.24082742285241276, -0.13268117564639131, 0.41198595804330784, 0.020014554855170442], [0.4944074945655092, 0.6200629301984387, -0.15042216998949964, -0.5756065226457118, 0.08680669108973937, -0.19085455452632033, -0.7066547096142852, -0.12671036354979293, 0.3572274426199534, -0.2339347132206238, 0.5321623748907841, -0.2995222986906523, 0.038110311258607754], [-0.3753539827367663, -0.05566815611928848, -0.7393733764131809, -0.09446970474052971, -0.6022842632150666, -0.13978914402885223, -0.21643792160134356, -0.13826754974284672, 0.6666210379304859, 0.5237378740908191, 0.31575495453209096, 0.3918921399086287, 0.028134992086963056]], "inverted": true, "swapped": false, "error_lsq": 0.05256548579094394, "error_max": 0.4074026002815023, "target": "509.xyz", "model": "27.xyz", "model_rescale": 4.103607728864725, "target_rescale": 3.900044913134551},
{"mapping": [5, 1, 3, 10, 0, 9, 12, 2, 8, 11, 7, 13, 14], "R": [[0.7971356584315809, -0.0763200695198966, -0.5989574183907638], [-0.056871969397753255, 0.9780789476620303, -0.20031762587739643], [0.601115896607028, 0.19374421056850627, 0.7753211332844702]], "T": [-0.026498407814938466, -0.12197217458831783, 0.034376792186267977], "aligned_model": [[-0.3943362836503457, 0.396872943831844, 0.18304952022714494, -0.3545682124543445, 0.06701590938416861, -0.6915142958453347, 0.5273563840504297, 0.632307216385724, 0.351992646422046, -0.2505232151627243, -0.0875610032791986, 0.36325471508489043, 0.060531263553826944], [0.49789556345926905, 0.6191760831955653, -0.35256363105892036, -0.49427697124500697, 0.23950548209373168, 0.008320457730612185, -0.7417848317959048, -0.11692563138196338, 0.30100628211802427, -0.19806672844916817, 0.5119058131146887, -0.4052394436503176, -0.023880531744463182], [-0.09052194604007527, -0.2382342689678243, -0.6485932647143584, -0.08196158486978157, -0.5741301651939135, -0.4248634768271744, -0.18096190990366212, -0.29314479207242355, 0.6260808768700878, 0.6794223239317356, 0.37283107522038555, 0.4676488665479658, -0.04907483402984841]], "inverted": false, "swapped": false, "error_lsq": 0.04799697050984775, "error_max": 0.3080010860405265, "target": "509.xyz", "model": "28.xyz", "model_rescale": 4.137296879288765, "target_rescale": 3.900044913134551},
