[{"mapping": [12, 11, 7, 1, 6, 13, 2, 8, 5, 4, 0, 14], "R": [[0.671586313345231, 0.02912842050265431, -0.7403535363908126], [-0.42326418034840896, -0.8050494568610164, -0.41562339400203696], [-0.608127665347788, 0.5924921156663634, -0.5283311797649707]], "T": [-0.09691514209744354, -0.08916408705687717, 0.05453335368859091], "aligned_model": [[-0.26073825981145504, 0.1988454780516211, 0.3172924018361135, -0.0826955939570207, 0.0062800898771097485, -0.48227867610410413, 0.39060315395629264, -0.43749053875449306, 0.4204732106499959, 0.24773998801558497, -0.500180436749504, 0.019791645450407805], [-0.29784142880399445, -0.8017692481742812, -0.16694310888294867, 0.6009935208275361, 0.33510516483846653, -0.785892772942926, -0.1928136947617511, -0.48865402469195385, 0.30306822667231864, 0.3297407368114057, 0.3746209098555823, -0.15605924477039715], [-0.5065771679126857, -0.07187993148172894, -0.5813456630229528, 0.01106575041419669, -0.6455613379199607, -0.08166111142521437, 0.6772130261328476, 0.647364828556961, -0.17519836783332943, 0.45349695882953645, 0.43383164452470857, 0.021203116491184143]], "inverted": false, "swapped": true, "error_lsq": 0.05180193980865724, "error_max": 0.2898286040639102, "target": "51.xyz", "model": "0.xyz", "model_rescale": 3.751011558992144, "target_rescale": 4.115403950464606},
{"mapping": [2, 5, 12, 8, 13, 9, 10, 10, 0, 11, 7, 6, 4, 1, 14], "R": [[-0.5115896536019067, 0.440199034142195, -0.7379029994977386], [-0.7932579813206289, 0.08803882565693069, 0.6024872946777129], [0.33017843872458086, 0.8935737101757342, 0.3041516448815803]], "T": [0.018220723677276826, 0.07230539140786574, -0.04005182259820905], "aligned_model": [[-0.7881329952228039, -0.2095911960851662, 0.12567776754130555, -0.29618299142616933, -0.34213425039269446, 0.2299488188475758, 0.6421739053865557, 0.6421739053865557, -0.4944093426234692, 0.7058670618935642, 0.13001069848386476, 0.6076065127671448, 0.3098695462371677, 0.0204359309605842, 0.03947279104427094], [-0.0977101243784233, -0.4876025970322042, 0.4543458056965293, -0.2864908339315247, -0.12821884469643502, -0.32236035705734745, -0.45409624571724405, -0.45409624571724405, 0.593441740199262, 0.22664389770566756, 0.7249669068232181, 0.4916439507865335, -0.2091418460887821, 0.4922912014383344, 0.07801480503956025], [-0.10807024948416333, -0.19718495306650002, -0.6681228453745837, 0.42128734195562445, -0.6379117741741576, -0.523373436058898, 0.0376494746607966, 0.0376494746607966, 0.16275803808994868, -0.41428854973515156, -0.07487956478346107, 0.16120748652133896, 0.6391406292994417, 0.516088952444926, -0.09024708803209687]], "inverted": true, "swapped": false, "error_lsq": 0.04601821198140998, "error_max": 0.4501187646854639, "target": "51.xyz", "model": "1.xyz", "model_rescale": 3.9405287249114394, "target_rescale": 4.115403950464606},
{"mapping": [2, 8, 11, 1, 3, 9, 4, 0, 12, 7, 6, 5, 14], "R": [[-0.8957452486797562, -0.282374868729787, 0.34337280465621844], [-0.436375349098423, 0.7060576221801592, -0.5577268048610622], [-0.08495295266717601, -0.6494205630183998, -0.7556691922805862]], "T": [0.05976396504244948, -0.027841786031141978, -0.09030599059309805], "aligned_model": [[-0.2874751846664702, 0.2849621471655314, -0.5510247902102267, 0.3590178884191008, 0.5016914746255633, -0.7800836814686336, 0.034444266912657076, 0.6976155465490181, -0.00544682890902938, -0.45882391526881433, 0.030132175972395182, -0.25039809778042993, -0.07862772205673045], [0.6655703567445679, 0.5650284203813761, -0.0017424905361593315, -0.17321085999373317, -0.2655894796398083, 0.28964588694847604, 0.34725416711155593, 0.2161754705330446, -0.5681199995745538, -0.5799896473116166, -0.7627515649492994, -0.2395359746093838, -0.033901691532448895], [0.09611256481495264, -0.564461730610266, -0.5776628434034645, 0.5160965765876597, -0.20597346065226171, -0.05137392244264807, 0.468355183306604, 0.14461432170781877, -0.38876246753805566, 2.085624325375013e-05, 0.2836135263508057, 0.4870142192325655, -0.0944724740083201]], "inverted": false, "swapped": true, "error_lsq": 0.04892971686515146, "error_max": 0.2802475400853174, "target": "51.xyz", "model": "2.xyz", "model_rescale": 3.932901565614263, "target_rescale": 4.115403950464606},
{"mapping": [2, 8, 10, 4, 9, 7, 11, 5, 1, 6, 3, 0, 12, 14], "R": [[-0.47048826904524677, 0.36296893627576343, 0.8042974201062991], [-0.8795666656503917, -0.265972344824366, -0.39448852006779733], [0.07073379225985199, -0.8930354209590287, 0.44439224514506404]], "T": [0.14606204859129446, -0.055960090292317424, 0.0629004804845038], "aligned_model": [[-0.20135965883252072, 0.6687935174730641, 0.31987605825556914, -0.3130294634339498, -0.3808998030433389, -0.24232209398865456, 0.1745173256528966, -0.5051705892714917, -0.16500191091193273, -0.1815888838901128, 0.4989110867955134, 0.3400671583473489, 0.3400454523566391, 0.06697171654367312], [0.08161086197299237, 0.09585950903462738, -0.3047273182301415, 0.38645571808961376, -0.5136327612561054, -0.6136815181093833, -0.7553382777274044, -0.05472370022741717, 0.4320958004480812, -0.17928136987051546, 0.10353206317688375, 0.637770291051859, -0.4910063136830096, -0.1614363463195922], [-0.6417410560029048, -0.5121956761495884, -0.63594986510462, -0.1537642477952587, -0.5032312453084961, 0.40940323130743855, -0.2854114872929946, 0.28697208084335535, 0.44164817013586527, 0.8100436793907442, 0.40240403332684926, 0.11473473606619583, 0.4608131428677785, 0.0201708667727325]], "inverted": false, "swapped": true, "error_lsq": 0.05457511776423761, "error_max": 0.3430627046981842, "target": "51.xyz", "model": "3.xyz", "model_rescale": 3.9243930471874484, "target_rescale": 4.115403950464606},
{"mapping": [1, 5, 6, 3, 12, 4, 8, 7, 11, 9, 13, 10, 14], "R": [[0.18113885530538834, -0.44892414910667333, 0.8750176132213014], [0.9436920464533209, 0.3297894356313993, -0.02615816520069192], [-0.2768285327768746, 0.8304854222048529, 0.48338382983487405]], "T": [0.0037481708597455754, -0.22229941760064031, -0.07038579335168592], "aligned_model": [[-0.021956674947224086, -0.11360004961116957, 0.5015944137151916, 0.37556149979092723, 0.5790195338075983, -0.549681951008203, -0.27811366626612466, 0.3196729111152389, 0.006503429778262224, -0.5144452561361357, 0.38074619154633915, -0.3821348566842604, -0.02595963878908752], [-0.648425945958248, -0.05216998995508926, -0.1761015580939606, -0.5701510689203281, 0.010233302069014627, -0.41335777765714743, -0.4029110220968405, 0.3349700073240731, 0.48589633979355207, 0.5105104767481932, 0.027668715115552578, 0.11071323884042916, -0.08904516352761391], [-0.6145958580660446, -0.7273476890250948, -0.7267402002663549, 0.0067953589831955125, -0.05553124647228398, -0.4030300051789047, 0.6472257462487642, -0.4846344338084869, 0.2608421591324474, -0.1164664697508578, 0.5988475534198338, 0.4959048642482905, -0.09419946409354009]], "inverted": false, "swapped": true, "error_lsq": 0.05316192938694539, "error_max": 0.3562701940826446, "target": "51.xyz", "model": "4.xyz", "model_rescale": 3.8936222436046832, "target_rescale": 4.115403950464606},
{"mapping": [0, 8, 4, 1, 9, 11, 13, 7, 6, 3, 5, 14], "R": [[-0.15873773747839842, -0.9560095103810075, 0.24667417124884813], [0.7821580454419704, -0.27423252762495975, -0.5594866510854595], [0.6025206408502832, 0.10412654250234499, 0.7912815810417122]], "T": [-0.09225318979169249, -0.1219572851671509, -0.03984280187836801], "aligned_model": [[0.14850811817184495, -0.6334388843601971, -0.1334009338763275, 0.43611055562552203, -0.7280767928281583, -0.6334223667455987, -0.39992308676327115, 0.10096501548409294, 0.6067778897931259, 0.2522231398562866, 0.16959944279767203, -0.15837405493989443], [-0.5708334713601673, -0.6911128622723662, 0.11364422835679502, -0.00945252049188397, 0.5128017758395232, 0.10973618912665511, -0.5194509856897157, 0.4721885912131274, 0.2658456867484136, -0.4910795967901104, 0.4866396952058393, -0.010003824776302642], [-0.551829888355754, -0.14090190200708186, -0.6693181059073484, -0.47179601955191336, -0.01822156078675278, 0.4746616535293286, 0.592472657325829, 0.3978979802199478, 0.16448692178544203, 0.06158515554383697, -0.22787597355929726, 0.008123801039281668]], "inverted": false, "swapped": true, "error_lsq": 0.044718692329181485, "error_max": 0.26142383755340654, "target": "51.xyz", "model": "5.xyz", "model_rescale": 3.6523030999806103, "target_rescale": 4.115403950464606},
{"mapping": [6, 7, 5, 1, 4, 12, 9, 3, 11, 8, 2, 0, 14], "R": [[-0.6894282408708567, -0.625504367190185, -0.3652848030177581], [0.17377800784019848, 0.3467352980741922, -0.9217243823727856], [0.7031997615761884, -0.6989412848697717, -0.13035020377346807]], "T": [0.06119154489477494, -0.1272799408517845, -0.07736863240631989], "aligned_model": [[0.27212926800987386, -0.2534484756389389, 0.26813708732215386, 0.7014030056681964, 0.4817329413088377, -0.23752356167984337, -0.4516333304107747, 0.256078884823417, -0.7066739226226667, -0.10215752306072098, 0.010718695106398175, 0.6771457188174086, -0.0348258829790463], [-0.44164655913287454, -0.1675559803871557, 0.1685264386230021, -0.12029847703658186, 0.39843718664911654, -0.5954130982895635, 0.5861244934575077, -0.5944130505669674, 0.01621993039083247, -0.06718521814189443, 0.6294210611109015, -0.21696060804477824, -0.05442921446836174], [0.6557515061126808, 0.6164174208547838, 0.5091342982742937, 0.1843367295216167, -0.06298794554103654, 0.19984950610429222, 0.11163654781468749, -0.17228141192426313, -0.04494657976855152, -0.8498572569017766, -0.3243572752681046, -0.4436259848543065, -0.008959814942526359]], "inverted": false, "swapped": true, "error_lsq": 0.051437232964017796, "error_max": 0.335828133635116, "target": "51.xyz", "model": "6.xyz", "model_rescale": 4.08911054899281, "target_rescale": 4.115403950464606},
{"mapping": [4, 3, 10, 6, 8, 9, 0, 1, 5, 11, 12, 13, 2, 7, 14], "R": [[-0.5899687785287193, 0.5519128481572697, -0.5893462890357939], [-0.248858946650875, -0.818666878746628, -0.5175459074469343], [-0.7681185227770178, -0.1586718301469557, 0.6203363485115698]], "T": [0.08208524354411002, 0.09749354971062003, -0.06584749926651909], "aligned_model": [[-0.6087828577911358, -0.27863207975440535, -0.10344030538824094, -0.10534237413041898, -0.21631510007778904, 0.37071647522732265, 0.19813076432210125, 0.7276118612353258, -0.48947528777894495, 0.462619151532171, 0.22307933770041288, 0.6196265690903795, 0.4214892219974718, -0.07931693383390255, 0.18081772044793942], [-0.010911954373792679, -0.6045270087322195, 0.5440847925593404, -0.19908312180249982, -0.09256398881606186, -0.4240864004102021, -0.7823845329450839, -0.2453998232253301, 0.5861542359972675, 0.3221462040064621, 0.7951507698604502, 0.48924665228572445, -0.14247797139524676, 0.3683229962423908, 0.0179603638187016], [-0.15415946303073144, -0.12502168672803968, -0.6000866133401409, 0.28919634661807725, -0.6489292604805835, -0.574967991524278, 0.2456074410914332, -0.00530346979918489, 0.0567515312961161, -0.45218438948841266, -0.10322378315151684, 0.23988662101507888, 0.6250636033794154, 0.6411812926269809, -0.17210724156035234]], "inverted": true, "swapped": false, "error_lsq": 0.03980244369395838, "error_max": 0.22239988251033288, "target": "51.xyz", "model": "7.xyz", "model_rescale": 3.964800864290218, "target_rescale": 4.115403950464606},
{"mapping": [2, 4, 9, 8, 11, 0, 10, 5, 1, 12, 3, 13, 7, 14], "R": [[0.7565209885175285, -0.5718391103622542, -0.31729485623402], [0.6469895818514302, 0.5837539365446652, 0.49054645299331107], [-0.09529152589907156, -0.5763951538907253, 0.8115960520253372]], "T": [0.0009983461579497303, -0.08741360961477679, 0.178543602101213], "aligned_model": [[-0.06615842734445464, 0.11344239225894838, 0.3704872853999885, -0.7292566594340809, 0.10176555405031239, -0.4051672305016187, -0.34048358823465286, 0.6285011835812824, 0.226505190979247, 0.17943674645407226, -0.20611205988593057, -0.3824573784128203, 0.6820777386915613, 0.08860714185901859], [-0.1371310044225203, -0.5763400037522606, 0.31931202563162253, 0.07923729657509454, 0.6528125429716654, -0.6789075117189038, 0.37340529671662526, -0.34294993815721025, -0.7268728482554854, 0.26799723960843563, -0.2146730247092614, 0.5805997645520133, 0.21794346857582458, -0.0034848374344377264], [-0.6146559018485039, -0.27061971564920184, -0.5325895634774254, -0.07833783153747764, -0.05204692587060941, 0.26070869671891983, -0.32297835477853964, 0.05503273947685852, 0.3151001722846424, 0.6550644619405641, 0.6325404899216138, 0.42186373409699407, 0.3361745173642894, 0.1115585200828969]], "inverted": false, "swapped": true, "error_lsq": 0.05417337413244487, "error_max": 0.3050623908708094, "target": "51.xyz", "model": "8.xyz", "model_rescale": 4.121658175737393, "target_rescale": 4.115403950464606},
{"mapping": [7, 5, 9, 11, 1, 3, 4, 8, 2, 0, 13, 10, 14], "R": [[0.01765689279707683, -0.7981807310444118, 0.6021592436608117], [-0.5564425501555905, -0.5082133594854039, -0.6573361922311161], [0.8306984546230333, -0.32346051046452023, -0.45311519027388214]], "T": [-0.19712027230843873, -0.03716876644208149, 0.008393790666114752], "aligned_model": [[-0.4876552203285567, -0.29570912546028116, 0.4381263056620842, 0.1109767158121491, -0.4910644071634217, -0.5896220758033202, 0.11913593293587013, 0.2762316478588013, 0.5649218737026587, -0.25585378243140705, -0.21438706704484486, 0.44637904203074164, -0.14474234333527636], [0.2381017763002657, -0.35962330504222545, 0.19880572000810187, 0.6364883620296681, -0.6553187348689123, -0.06043152036256104, -0.6089252046470045, 0.13495543230010237, -0.22934865659388076, -0.5691416803626395, 0.6925355845377672, 0.3466958759237439, 0.02559379018928458], [-0.6410484021878838, -0.5921200459237383, -0.5818909073364691, -0.2416524009063469, -0.09108793591086448, 0.3409656350933926, -0.15444648818434453, 0.6194127662763154, -0.1276428300058306, 0.4933080184493473, 0.35439706430214163, 0.1463967542858908, -0.10351579399252087]], "inverted": true, "swapped": true, "error_lsq": 0.05063782999428208, "error_max": 0.27094557371458644, "target": "51.xyz", "model": "9.xyz", "model_rescale": 3.833441315466971, "target_rescale": 4.115403950464606},
{"mapping": [13, 0, 8, 5, 10, 12, 1, 6, 9, 11, 9, 7, 4, 3, 14], "R": [[-0.38986426613020925, -0.47577963975704063, 0.7884412396541761], [0.06335767565255378, -0.8680192576734357, -0.4924716979116298], [0.9186901865866747, -0.14204331276310897, 0.3685539829775584]], "T": [0.13681048450591576, -0.03532176308097246, -0.06550344172759422], "aligned_model": [[-0.6488920648958674, -0.24732884763577956, -0.15835038795804823, -0.2811892020874949, -0.10846720383690728, 0.5417914049653145, 0.18735150772149323, 0.6460747037904695, -0.12770296280532606, 0.49328751372201524, -0.12770296280532606, 0.51828061889327, 0.33695646546165714, 0.17753046176262915, 0.12114711850618679], [-0.16887037067888938, -0.5451790511908662, 0.522858480771668, -0.33958967652249095, -0.04037802361534046, -0.3598796330054819, -0.7707023884752648, -0.36148969698681777, 0.7247013907424754, 0.28890290655672846, 0.7247013907424754, 0.5102006717901443, -0.14105657829090393, 0.528668361838242, 0.04874342939422227], [-0.04263830042361953, -0.30279120156072037, -0.5225310526174162, 0.3705384144339051, -0.8500844976743201, -0.37156340389954506, -0.017860250389827928, 0.24351759621804714, 0.03602275379108573, -0.5483487298719008, 0.03602275379108573, -0.03722294660113014, 0.6991365488889209, 0.5937225227136235, -0.024217269874326874]], "inverted": true, "swapped": false, "error_lsq": 0.04831448727305014, "error_max": 0.30675080020397144, "target": "51.xyz", "model": "10.xyz", "model_rescale": 4.2482417240324, "target_rescale": 4.115403950464606},
{"mapping": [4, 0, 8, 3, 9, 11, 2, 12, 1, 7, 5, 14], "R": [[-0.1676345801991142, 0.06096942852157139, 0.9839620807262952], [0.9365467448802289, 0.3215317978146702, 0.13963344029391367], [-0.30786172574016835, 0.9449338769352169, -0.1110005677664142]], "T": [0.11736841495296205, 0.005557812074081028, -0.04093406045513347], "aligned_model": [[-0.4863688087148442, 0.13148503669193057, 0.331508169727208, 0.5172138080359306, -0.44531274296020595, 0.19324484005843823, -0.48941022052647576, 0.549865839572496, -0.14512159117131232, 0.042610236292484005, -0.38098657347284726, 0.05803760883020498], [-0.28952026875035275, -0.712735465189604, -0.1601224509115769, -0.2768474124424387, 0.6483597142482855, 0.7293132615145786, 0.05833857911620419, 0.32084178116191825, -0.45943578582432815, 0.5705520219868573, 0.10658831543519397, 0.13079909970590192], [0.0023170594756190266, 0.0328365535559825, 0.7031944126976011, -0.20085217690402551, 0.23808892581196706, 0.2448658630369306, 0.47402339681289773, -0.3552130143186226, -0.4805806257810149, -0.5480359704003983, -0.5054216300059277, -0.040030504126652516]], "inverted": false, "swapped": true, "error_lsq": 0.053482937137421666, "error_max": 0.29681449709755353, "target": "51.xyz", "model": "11.xyz", "model_rescale": 3.6694154284099745, "target_rescale": 4.115403950464606},
{"mapping": [1, 6, 12, 7, 5, 0, 4, 8, 11, 10, 13, 9, 3, 14], "R": [[-0.7609161409690962, -0.011321269623627728, 0.6487514587781735], [-0.6466723513784689, -0.06861992043042991, -0.759675046636892], [0.0531177595098018, -0.997578636185755, 0.04489285299942819]], "T": [-0.03392679321807473, -0.005025671103001096, -0.032073847656102855], "aligned_model": [[-0.057379030677443675, 0.12159538552670829, -0.11998221350767468, 0.45363816136198326, 0.48102589325622286, -0.5053349992356995, 0.2368795421834568, -0.4142237455463354, 0.31754326684835715, 0.08837514317042064, -0.3577668561455943, 0.7565509766194816, -0.4923553758533567, 0.08969870225528315], [-0.4189870190104288, 0.23627920814274025, 0.5732272925327656, 0.4723017771810713, -0.14994627280796305, -0.5391369154010124, -0.6193672905776572, -0.15149170530792105, 0.5123925908799399, 0.04814126964125135, 0.5954440046637641, 0.043706590831238255, 0.07991332228139034, 0.04851043508707504], [-0.5856938859506795, -0.8056183120505317, -0.2405138605928514, -0.3732461087819039, -0.4658195211329317, -0.15075871053582346, -0.08392625057107081, 0.646862745516272, 0.43697616864612987, 0.7180619813435533, 0.4004173424667651, 0.392694630239922, -0.25077788328030837, 0.00043712433587370786]], "inverted": true, "swapped": true, "error_lsq": 0.04458313808019509, "error_max": 0.2464949648257809, "target": "51.xyz", "model": "12.xyz", "model_rescale": 3.9764082729961374, "target_rescale": 4.115403950464606},
{"mapping": [6, 14, 12, 4, 13, 11, 3, 8, 5, 1, 9, 2, 7, 0, 15], "R": [[0.9110453723153032, 0.41183486341154485, 0.019707228665268334], [-0.32593875470118794, 0.6901094261866668, 0.6461523876549158], [0.25250793604698796, -0.5950974921532637, 0.7629539416414247]], "T": [0.0693025250550166, 0.08361039213914367, -0.11453556148444109], "aligned_model": [[-0.6463530142059537, -0.2167289842589486, 0.04875416123492751, -0.3130055313901542, -0.2261196673134956, 0.3437094153532827, 0.3347630454669192, 0.7033934107562729, -0.5475488165351963, 0.5548462926118464, 0.04095644338263524, 0.7468228953022347, 0.301892459228418, 0.15551042341061305, 0.04189362975488529], [-0.18178633360960939, -0.634290411317331, 0.45345298952742785, 0.03435815151142563, -0.07921928824519259, -0.5184710344686733, -0.6730966215433506, -0.22773267083583892, 0.602283443071939, 0.4419224246755983, 0.6782094613851665, 0.2969840311294301, -0.06848976167938425, 0.49015322610618506, 0.007353607362107606], [-0.14710138384719862, -0.318526864365698, -0.6341582638846276, 0.4914994940606102, -0.6251163774470228, -0.5535612020114403, 0.14113738362312128, -0.13997337696654188, 0.11632499047093083, -0.3124807947872656, -0.029992241090643898, 0.24836573637798776, 0.5881743108331342, 0.4807786882302949, -0.043667162271779705]], "inverted": true, "swapped": false, "error_lsq": 0.041019557959334436, "error_max": 0.28976693314551905, "target": "51.xyz", "model": "13.xyz", "model_rescale": 4.170626492500431, "target_rescale": 4.115403950464606},
{"mapping": [10, 8, 9, 4, 11, 6, 5, 8, 13, 0, 3, 1, 12, 14], "R": [[-0.019074920915465726, -0.5838645076071396, -0.8116269981640222], [-0.7761270400810774, 0.5203919629956117, -0.3561165855510804], [0.6302880016683284, 0.62313276402886, -0.46307946763671015]], "T": [-0.05541316836611813, 0.056525972245520646, 0.1327045479148904], "aligned_model": [[0.32716525294670823, 0.40883593744629426, -0.19083627938723843, -0.6315214457375524, 0.36871851612120216, -0.39417348648774714, -0.6490202823046689, 0.40883593744629426, 0.7456680776006872, -0.2391434408208434, 0.11391355591127922, -0.6222124372338658, 0.2613163281172419, -0.06436321152614743], [-0.2933903578653128, -0.5771708887358692, 0.12716339877466037, -0.27041978235661723, 0.2916810976317142, 0.7351291654998982, 0.38185717130531055, -0.5771708887358692, 0.13511752125660056, -0.43527403208321586, 0.08303058280135558, 0.062333352480938915, 0.572238855980347, 0.12094927197172534], [-0.42557903831081234, 0.03303496976237977, -0.7529190362050174, 0.011683497299044304, -0.4805451238895265, 0.45755125668024726, 0.005803938911797313, 0.03303496976237977, 0.06505062570376774, 0.6286506713890743, 0.6183266430024499, 0.5290806508149787, 0.27037049110762656, 0.010328585092477333]], "inverted": true, "swapped": true, "error_lsq": 0.05396214391256442, "error_max": 0.45215672451099254, "target": "51.xyz", "model": "14.xyz", "model_rescale": 3.9786697098870705, "target_rescale": 4.115403950464606},
{"mapping": [5, 9, 1, 6, 4, 0, 11, 8, 3, 12, 2, 14], "R": [[0.5580484469701773, 0.7088417319548209, -0.43142244943148644], [0.8109160643364409, -0.3555369224426689, 0.46476728949130364], [0.17605984049541457, -0.6092100588625289, -0.7732179749239174]], "T": [0.09150265780864375, -0.014870898812008513, 0.08150598370068762], "aligned_model": [[0.038685614072303004, -0.7717289134237117, 0.5278552943098718, 0.4999996359731841, -0.01508667326497004, 0.5537816111997582, -0.5281028936900376, -0.09866132977190847, 0.5636091739058389, 0.25078587685565057, -0.5141642935167725, -0.023618505881869353], [-0.2332209897339902, -0.12485895637139746, 0.11381973578897531, -0.5929830170167618, 0.4031457065577849, 0.5379228629527336, -0.3693961015252205, 0.5127489199782505, -0.03608428414193815, -0.5686126214455325, 0.4576335131446446, -0.08544027796310921], [-0.5695294662179847, -0.14297581822704275, -0.439497134321553, -0.34240772077210013, -0.43554449791285843, 0.033507641346971054, 0.4003501775365551, 0.6405122030950596, 0.28612338988567887, 0.31221841304232384, -0.13309697385925096, 0.050306280278031516]], "inverted": true, "swapped": true, "error_lsq": 0.04761968149089061, "error_max": 0.24733492526090078, "target": "51.xyz", "model": "15.xyz", "model_rescale": 3.769337070930944, "target_rescale": 4.115403950464606},
{"mapping": [7, 1, 11, 9, 12, 3, 13, 0, 10, 2, 14], "R": [[-0.4868350663324539, 0.16741515162907433, 0.8573002888102216], [0.6302040885073094, 0.7469223771074744, 0.21201360665011823], [-0.6048424795082986, 0.6434898053435918, -0.4691337180390252]], "T": [0.02327030626736583, -0.10617874802886088, -0.02012896390760728], "aligned_model": [[-0.3141830503100262, -0.18454388962701646, -0.04930005926869002, -0.6251678301074527, 0.2718623228403385, 0.4429775567118189, 0.5984252318075557, 0.25503214006768227, 0.0444818804343861, -0.4495557053660275, -0.06740246649139786], [0.12101329060118732, -0.7596998996707143, 0.6670438929525689, 0.4992853359560754, 0.07574406232923866, -0.36773966477444975, 0.45619598444844944, -0.6857815123802617, 0.49632288317241, 0.10052397753498235, -0.0068438525441441855], [-0.665472747715512, -0.11030942823303667, -0.11024593383746734, 0.12339603068818895, -0.5589567329353667, -0.16377632353536048, -0.09372461122571003, 0.34309782834873487, 0.44573593357088287, 0.5880296096627534, -0.05355601756433004]], "inverted": false, "swapped": true, "error_lsq": 0.044411003887704255, "error_max": 0.20324861382189352, "target": "51.xyz", "model": "16.xyz", "model_rescale": 3.7852294659196426, "target_rescale": 4.115403950464606},
{"mapping": [0, 13, 10, 8, 3, 12, 7, 11, 2, 4, 5, 9, 14], "R": [[0.03458756552245368, -0.48331005895681267, 0.8747657327664318], [-0.5493351216178204, 0.7220104293199909, 0.4206326950087176], [-0.8348859948929341, -0.49508820109584983, -0.2405266069841565]], "T": [-0.1197019979438687, 0.10375404069335149, -0.13751434932275985], "aligned_model": [[-0.09033332750870703, -0.46298298529929655, 0.3049049807454718, 0.12340796599695088, -0.5402704981026538, -0.6538377217682609, -0.34373580531892456, -0.02039529479844611, 0.6718861355505154, 0.4028246498815524, 0.02958544673996337, 0.5028207055376335, -0.07010840143951534], [-0.123978127222951, -0.441610473351544, -0.3615034005821522, -0.6498528381639547, -0.05061997437516384, 0.18927270589927025, 0.6792553652062902, -0.006127729246912017, 0.03490415014737165, 0.3350252099714941, 0.7742007909894502, 0.3324281061929166, 0.16366183823875902], [-0.822249448142818, 0.3495385820379865, 0.2911261482594924, -0.1348336318752018, -0.391470355981938, 0.16681253207917823, 0.31033235237171397, 0.630160682246494, -0.0682667925248269, -0.49377256603285186, -0.1877933035945477, 0.468977079464714, -0.022806581164220283]], "inverted": true, "swapped": true, "error_lsq": 0.041429146138306505, "error_max": 0.1961367562548283, "target": "51.xyz", "model": "17.xyz", "model_rescale": 3.901054581598922, "target_rescale": 4.115403950464606},
{"mapping": [2, 5, 12, 8, 13, 9, 10, 10, 0, 11, 7, 6, 4, 1, 14], "R": [[-0.5115896536019067, 0.440199034142195, -0.7379029994977386], [-0.7932579813206289, 0.08803882565693069, 0.6024872946777129], [0.33017843872458086, 0.8935737101757342, 0.3041516448815803]], "T": [0.018220723677276826, 0.07230539140786574, -0.04005182259820905], "aligned_model": [[-0.7881329952228039, -0.2095911960851662, 0.12567776754130555, -0.29618299142616933, -0.34213425039269446, 0.2299488188475758, 0.6421739053865557, 0.6421739053865557, -0.4944093426234692, 0.7058670618935642, 0.13001069848386476, 0.6076065127671448, 0.3098695462371677, 0.0204359309605842, 0.03947279104427094], [-0.0977101243784233, -0.4876025970322042, 0.4543458056965293, -0.2864908339315247, -0.12821884469643502, -0.32236035705734745, -0.45409624571724405, -0.45409624571724405, 0.593441740199262, 0.22664389770566756, 0.7249669068232181, 0.4916439507865335, -0.2091418460887821, 0.4922912014383344, 0.07801480503956025], [-0.10807024948416333, -0.19718495306650002, -0.6681228453745837, 0.42128734195562445, -0.6379117741741576, -0.523373436058898, 0.0376494746607966, 0.0376494746607966, 0.16275803808994868, -0.41428854973515156, -0.07487956478346107, 0.16120748652133896, 0.6391406292994417, 0.516088952444926, -0.09024708803209687]], "inverted": true, "swapped": false, "error_lsq": 0.04601821198140998, "error_max": 0.4501187646854639, "target": "51.xyz", "model": "18.xyz", "model_rescale": 3.9405287249114394, "target_rescale": 4.115403950464606},
{"mapping": [3, 14, 2, 12, 10, 11, 13, 9, 1, 5, 6, 8, 7, 0, 15], "R": [[0.01960888101158348, 0.9009354056829054, -0.43350996133013164], [-0.01428510247719239, -0.43329660725711194, -0.9011381614306944], [-0.999705670501418, 0.02386304520497623, 0.004373492981083693]], "T": [0.05238489007044562, -0.02127774179194543, 0.09083208631240881], "aligned_model": [[-0.7583338141932762, -0.31013616360161955, 0.005765491241740868, -0.37886209585327496, -0.20864799833500353, 0.33354202101421454, 0.22246206448126088, 0.77983311958409, -0.39585772934833136, 0.6076627956551005, 0.15797745124699275, 0.5656683116713783, 0.6270202484871022, 0.026963823864120724, 0.04772863688379137], [-0.019935601748350143, -0.6307312397998592, 0.4818667399551241, -0.21926631524436452, -0.1268142084125653, -0.40241996862563495, -0.6703431769249159, -0.2181344769697584, 0.46300820291676936, 0.37346325791121093, 0.7033805382146234, 0.5148476291714232, -0.13621097660070852, 0.5166780426401525, -0.0077572334132461895], [-0.17024640014524728, -0.22042967087372378, -0.616272959033309, 0.36463059639486917, -0.643080662132847, -0.4522097836603778, 0.12426352409255462, -0.05434486140702695, 0.08276351310398991, -0.385727074214109, -0.05750551456585269, 0.23705749879254678, 0.4809732214610843, 0.5181862735446516, 0.05364523556665816]], "inverted": false, "swapped": false, "error_lsq": 0.03705490803130405, "error_max": 0.31014824641935396, "target": "51.xyz", "model": "19.xyz", "model_rescale": 4.410303926677745, "target_rescale": 4.115403950464606},
{"mapping": [2, 4, 9, 8, 11, 0, 10, 5, 1, 12, 3, 13, 7, 14], "R": [[0.7565209885175285, -0.5718391103622542, -0.31729485623402], [0.6469895818514302, 0.5837539365446652, 0.49054645299331107], [-0.09529152589907156, -0.5763951538907253, 0.8115960520253372]], "T": [0.0009983461579497303, -0.08741360961477679, 0.178543602101213], "aligned_model": [[-0.06615842734445464, 0.11344239225894838, 0.3704872853999885, -0.7292566594340809, 0.10176555405031239, -0.4051672305016187, -0.34048358823465286, 0.6285011835812824, 0.226505190979247, 0.17943674645407226, -0.20611205988593057, -0.3824573784128203, 0.6820777386915613, 0.08860714185901859], [-0.1371310044225203, -0.5763400037522606, 0.31931202563162253, 0.07923729657509454, 0.6528125429716654, -0.6789075117189038, 0.37340529671662526, -0.34294993815721025, -0.7268728482554854, 0.26799723960843563, -0.2146730247092614, 0.5805997645520133, 0.21794346857582458, -0.0034848374344377264], [-0.6146559018485039, -0.27061971564920184, -0.5325895634774254, -0.07833783153747764, -0.05204692587060941, 0.26070869671891983, -0.32297835477853964, 0.05503273947685852, 0.3151001722846424, 0.6550644619405641, 0.6325404899216138, 0.42186373409699407, 0.3361745173642894, 0.1115585200828969]], "inverted": false, "swapped": true, "error_lsq": 0.05417337413244487, "error_max": 0.3050623908708094, "target": "51.xyz", "model": "20.xyz", "model_rescale": 4.121658175737393, "target_rescale": 4.115403950464606},
{"mapping": [6, 7, 5, 1, 4, 12, 9, 3, 11, 8, 2, 0, 14], "R": [[-0.6894282408708567, -0.625504367190185, -0.3652848030177581], [0.17377800784019848, 0.3467352980741922, -0.9217243823727856], [0.7031997615761884, -0.6989412848697717, -0.13035020377346807]], "T": [0.06119154489477494, -0.1272799408517845, -0.07736863240631989], "aligned_model": [[0.27212926800987386, -0.2534484756389389, 0.26813708732215386, 0.7014030056681964, 0.4817329413088377, -0.23752356167984337, -0.4516333304107747, 0.256078884823417, -0.7066739226226667, -0.10215752306072098, 0.010718695106398175, 0.6771457188174086, -0.0348258829790463], [-0.44164655913287454, -0.1675559803871557, 0.1685264386230021, -0.12029847703658186, 0.39843718664911654, -0.5954130982895635, 0.5861244934575077, -0.5944130505669674, 0.01621993039083247, -0.06718521814189443, 0.6294210611109015, -0.21696060804477824, -0.05442921446836174], [0.6557515061126808, 0.6164174208547838, 0.5091342982742937, 0.1843367295216167, -0.06298794554103654, 0.19984950610429222, 0.11163654781468749, -0.17228141192426313, -0.04494657976855152, -0.8498572569017766, -0.3243572752681046, -0.4436259848543065, -0.008959814942526359]], "inverted": false, "swapped": true, "error_lsq": 0.051437232964017796, "error_max": 0.335828133635116, "target": "51.xyz", "model": "21.xyz", "model_rescale": 4.08911054899281, "target_rescale": 4.115403950464606},
{"mapping": [7, 12, 5, 13, 9, 14, 3, 2, 6, 11, 8, 1, 4, 0, 16], "R": [[-0.5034869223496374, -0.3631582196823222, 0.7839751440575502], [-0.8639310128169999, 0.22330872672211965, -0.451393860905018], [-0.011141100299485784, -0.9045713460235806, -0.42617667209410337]], "T": [0.10710866539531552, 0.0659280925603584, -0.10953391706974422], "aligned_model": [[-0.549614965599095, -0.3438292631244615, -0.11958005567126975, -0.19258993432359642, -0.08732250723821003, 0.24876350254955068, 0.2648060134445712, 0.7228307368542958, -0.33792850698500554, 0.5539498082199515, 0.17309840742527233, 0.6673389792691444, 0.2643538154947165, -0.03379437122242304, 0.09230450370484504], [0.02077104306680748, -0.48496053131199784, 0.40579851391115007, -0.41079305291686746, -0.12643117048344193, -0.5009410545377969, -0.7494330414738258, -0.11423501429922002, 0.6156826944265268, 0.5176824667170733, 0.7520601854793866, 0.5519966302827432, -0.21960558692605303, 0.30942895758440725, 0.05461017355100874], [0.15967065455560572, -0.3048444768057688, -0.6847116064668549, 0.23636731855921858, -0.7673652363242449, -0.3748937918173796, 0.14462467676331622, 0.2216479287766415, 0.12557440153695218, -0.5363172447289859, -0.18456806311970592, 0.1730926091433718, 0.5069372229821865, 0.6122230095916593, -0.0657344657221509]], "inverted": false, "swapped": false, "error_lsq": 0.043846680943930225, "error_max": 0.34558040121781575, "target": "51.xyz", "model": "22.xyz", "model_rescale": 4.204369325754507, "target_rescale": 4.115403950464606},
{"mapping": [3, 14, 2, 12, 10, 11, 13, 9, 1, 5, 6, 8, 7, 0, 15], "R": [[0.01960888101158348, 0.9009354056829054, -0.43350996133013164], [-0.01428510247719239, -0.43329660725711194, -0.9011381614306944], [-0.999705670501418, 0.02386304520497623, 0.004373492981083693]], "T": [0.05238489007044562, -0.02127774179194543, 0.09083208631240881], "aligned_model": [[-0.7583338141932762, -0.31013616360161955, 0.005765491241740868, -0.37886209585327496, -0.20864799833500353, 0.33354202101421454, 0.22246206448126088, 0.77983311958409, -0.39585772934833136, 0.6076627956551005, 0.15797745124699275, 0.5656683116713783, 0.6270202484871022, 0.026963823864120724, 0.04772863688379137], [-0.019935601748350143, -0.6307312397998592, 0.4818667399551241, -0.21926631524436452, -0.1268142084125653, -0.40241996862563495, -0.6703431769249159, -0.2181344769697584, 0.46300820291676936, 0.37346325791121093, 0.7033805382146234, 0.5148476291714232, -0.13621097660070852, 0.5166780426401525, -0.0077572334132461895], [-0.17024640014524728, -0.22042967087372378, -0.616272959033309, 0.36463059639486917, -0.643080662132847, -0.4522097836603778, 0.12426352409255462, -0.05434486140702695, 0.08276351310398991, -0.385727074214109, -0.05750551456585269, 0.23705749879254678, 0.4809732214610843, 0.5181862735446516, 0.05364523556665816]], "inverted": false, "swapped": false, "error_lsq": 0.03705490803130405, "error_max": 0.31014824641935396, "target": "51.xyz", "model": "23.xyz", "model_rescale": 4.410303926677745, "target_rescale": 4.115403950464606},
{"mapping": [11, 1, 13, 10, 7, 0, 3, 2, 14, 12, 6, 5, 4, 15, 16], "R": [[0.9432569029625812, 0.17556724176674085, 0.2818555634218676], [0.32757799956762756, -0.6310239441706207, -0.7032079607645415], [0.05439732725705436, 0.7556354448421357, -0.6527296571211674]], "T": [-0.02998136926577906, 0.08875233222500287, 0.020444038398771444], "aligned_model": [[-0.6516342123369835, -0.2778822361482285, -0.11300134995990736, -0.29302300737383596, -0.17131636297958408, 0.4801207816153012, 0.33656509686599445, 0.7616105008645586, -0.43837152936589924, 0.5392773658495623, 0.204785990365614, 0.5422670858580829, 0.39417273203426156, 0.0009715973578248022, 0.008243710151525294], [0.002654587609026149, -0.6638365353524843, 0.5598769614195764, -0.3423674155063019, -0.07450329243820733, -0.24795605366224724, -0.7275123826885227, -0.3632892179104181, 0.6283228336241952, 0.331881844224837, 0.7967094063654817, 0.3071106890578562, -0.1974496553031491, 0.63689805108301, -0.02490860745275157], [-0.062359389575518134, -0.30893493204060374, -0.49466361093383077, 0.4312101592183213, -0.6082871579403649, -0.42318764399763475, 0.11321573660199823, 0.06442925492773681, 0.035647365924612026, -0.49239937598158473, -0.12645442240308313, 0.16345930694567223, 0.48095038328062084, 0.47639620210630984, 0.012681060791209946]], "inverted": true, "swapped": false, "error_lsq": 0.03963281439311648, "error_max": 0.2667541454511164, "target": "51.xyz", "model": "24.xyz", "model_rescale": 4.28219845311461, "target_rescale": 4.115403950464606},
{"mapping": [4, 0, 3, 2, 1, 8, 6, 10, 7, 5, 9, 11, 14, 12, 15], "R": [[-0.7276005915711228, -0.06666348404760862, 0.6827542449813011], [0.5019816724866945, -0.7300858142689193, 0.46366917548048203], [0.46755938620972354, 0.6800960841659973, 0.5646747175757592]], "T": [0.028341094956070317, 0.10879054798282485, 0.0033107787354968235], "aligned_model": [[-0.6624474327970842, -0.3438837024934811, -0.2934951065621403, -0.2729815800151346, 0.018878881895468463, 0.5034778857162319, 0.2682600714628545, 0.731684096137307, -0.5211143156831392, 0.6081716896860621, 0.1286164001242197, 0.5131446162992285, 0.36233714102745407, 0.2926425604265228, -0.010505042426083668], [0.0004926550176413275, -0.5814469392940748, 0.41449544845812714, -0.3459151833402844, -0.039402776692161676, -0.23603982057717288, -0.7597371601796858, -0.2329456127793338, 0.658740083147456, 0.3276208981534531, 0.7697925367545064, 0.29443636164513465, -0.1949481389161568, 0.498003218476151, 0.04848564319630094], [-0.21053811494797028, -0.2215782680345013, -0.6315209454856071, 0.4171070665850053, -0.619446480469437, -0.36720656757063036, 0.020504958766402466, 0.13832869586055493, 0.037955637542089256, -0.5808043128118846, -0.09616242314413359, 0.1675613458928961, 0.6167715160155557, 0.6058704294844072, -0.01513960075888569]], "inverted": false, "swapped": false, "error_lsq": 0.04495290708018423, "error_max": 0.2912128357220731, "target": "51.xyz", "model": "25.xyz", "model_rescale": 4.100010024507729, "target_rescale": 4.115403950464606},
{"mapping": [4, 0, 8, 3, 9, 11, 2, 12, 1, 7, 5, 14], "R": [[-0.1676345801991142, 0.06096942852157139, 0.9839620807262952], [0.9365467448802289, 0.3215317978146702, 0.13963344029391367], [-0.30786172574016835, 0.9449338769352169, -0.1110005677664142]], "T": [0.11736841495296205, 0.005557812074081028, -0.04093406045513347], "aligned_model": [[-0.4863688087148442, 0.13148503669193057, 0.331508169727208, 0.5172138080359306, -0.44531274296020595, 0.19324484005843823, -0.48941022052647576, 0.549865839572496, -0.14512159117131232, 0.042610236292484005, -0.38098657347284726, 0.05803760883020498], [-0.28952026875035275, -0.712735465189604, -0.1601224509115769, -0.2768474124424387, 0.6483597142482855, 0.7293132615145786, 0.05833857911620419, 0.32084178116191825, -0.45943578582432815, 0.5705520219868573, 0.10658831543519397, 0.13079909970590192], [0.0023170594756190266, 0.0328365535559825, 0.7031944126976011, -0.20085217690402551, 0.23808892581196706, 0.2448658630369306, 0.47402339681289773, -0.3552130143186226, -0.4805806257810149, -0.5480359704003983, -0.5054216300059277, -0.040030504126652516]], "inverted": false, "swapped": true, "error_lsq": 0.053482937137421666, "error_max": 0.29681449709755353, "target": "51.xyz", "model": "26.xyz", "model_rescale": 3.6694154284099745, "target_rescale": 4.115403950464606},
