[{"mapping": [7, 1, 5, 2, 4, 10, 0, 8, 3, 9, 11], "R": [[0.7660961526710723, 0.5510195152255349, 0.3308688240121722], [-0.2649359169956097, 0.7397519752854793, -0.618527262897059], [-0.5855814586787024, 0.386192321132682, 0.7127060027457852]], "T": [0.07348603370431663, -0.05046636555227231, 0.08916299190145108], "aligned_model": [[-0.24918903713478935, -0.14830207842734605, -0.7046923999218294, 0.04785268973883315, -0.014077398340920602, -0.1419366973737926, -0.4446807421279595, 0.6277385762301145, 0.33760264111368093, 0.5402750170390469, 0.006611088623848058], [-0.825504530655627, -0.5875785995930727, -0.30032216882831064, -0.04583436984739715, 0.7087784505338224, -8.087031320443139e-05, 0.07625169411719333, -0.08616207924987812, 0.5075271686767995, -0.09612085366254648, -0.05238934434275395], [0.5271127049487548, -0.3160542842353503, 0.23302659236505752, -0.7158660273763391, -0.17204271507752741, 0.7316703418743734, -0.22426502180933858, -0.2184624716390647, 0.393987774745699, 0.4756602586197074, 0.07028708765402457]], "inverted": false, "swapped": false, "error_lsq": 0.05752839623479198, "error_max": 0.4008057348836906, "target": "511.xyz", "model": "0.xyz", "model_rescale": 3.751011558992144, "target_rescale": 3.9608401449086457},
{"mapping": [4, 8, 10, 13, 11, 6, 9, 0, 7, 1, 14], "R": [[0.19570630030497907, 0.024705171891970745, -0.980351313817004], [0.8857462351285441, 0.42460526635908724, 0.18752059816387845], [0.42089505933967375, -0.9050414478143622, 0.0612154127776305]], "T": [0.02489873232899588, -0.09187918481061223, -0.06148062800416901], "aligned_model": [[-0.2257339066968055, 0.05500126048776491, -0.745849118283601, -0.022149463538843353, -0.3755372993845766, 0.005568006656850158, -0.5051046821803343, 0.7804571747364593, 0.4320380737939478, 0.4534592208641476, 0.0050523929638770365], [-0.624378367201262, -0.7535098431030753, -0.1867777942498085, 0.08736197547416998, 0.5443611600991562, 0.23147314661337592, 0.12812157450119321, -0.15931311561110129, 0.3391790795896516, -0.26441340988980155, -0.043539909387473215], [0.4669149349201046, -0.10339675790430702, 0.20195010830317586, -0.763735049155026, 0.2060641288894425, 0.6158636995558987, -0.38534119652861, -0.07089463794085551, 0.23534146201098108, 0.4602984423682176, -0.07801089444902501]], "inverted": false, "swapped": false, "error_lsq": 0.049424382763726044, "error_max": 0.22602021465403047, "target": "511.xyz", "model": "1.xyz", "model_rescale": 3.9405287249114394, "target_rescale": 3.9608401449086457},
{"mapping": [9, 2, 8, 1, 7, 3, 4, 0, 6, 11, 12], "R": [[0.5137079532988849, -0.7148726788805937, -0.4744061463635926], [-0.8471356433218304, -0.33505147856077105, -0.4124338838261836], [0.1358872346145123, 0.6137569223270111, -0.777712736017931]], "T": [0.0014118396936105334, -0.07649872017549311, 0.09478569280719083], "aligned_model": [[-0.20800758298675154, 0.0890521288749854, -0.6657011847364968, 0.03600338883722177, -0.07529652117162931, -0.29034940850070173, -0.6181432453680816, 0.7741727333920158, 0.40437431843077704, 0.43412568088532905, -0.02302864823778151], [-0.6839287103569772, -0.5694375910302741, -0.3935729504626081, 0.10292907240305824, 0.7093746784587395, 0.2949832832668232, 0.09932426533525393, -0.09091463439910608, 0.2561589722070682, -0.2952190086127625, -0.13113287997419015], [0.5821802142396799, -0.3672749924217402, 0.32954922326563046, -0.6758214861994023, 0.02110610371638562, 0.41677353999939626, -0.18258318832963977, -0.23011855595453018, 0.24417041029238618, 0.6168340201718214, 0.03023895129000906]], "inverted": true, "swapped": false, "error_lsq": 0.06292315891166668, "error_max": 0.3603505508986083, "target": "511.xyz", "model": "2.xyz", "model_rescale": 3.932901565614263, "target_rescale": 3.9608401449086457},
{"mapping": [0, 6, 7, 12, 8, 3, 9, 10, 11, 1, 13], "R": [[-0.9712234453738242, -0.1783731219783495, 0.15782283900594132], [0.02207182175454553, -0.7272039370329328, -0.6860665191132986], [0.2371452167778933, -0.662840450877509, 0.7102145329686425]], "T": [-0.07609947820104346, -0.15300327860277577, 0.1349936980454918], "aligned_model": [[-0.16250763538105736, 0.17486696772791904, -0.788953721451944, 0.10199599761262018, -0.3121591011331622, -0.14829296159592775, -0.45895103193886233, 0.5471145877140758, 0.44585351105980664, 0.5062216400108817, -0.04798659320546362], [-0.5316140344826322, -0.6193055934374317, -0.12496562137915816, -0.12208940668520776, 0.5370822536857944, 0.07866697746638965, 0.197811208998063, -0.08948390696881785, 0.5709281320285086, -0.42649146935118787, -0.17197404303929534], [0.6810137114587775, -0.2965966805305199, 0.106793254720268, -0.6069336192688826, 0.21772542158039518, 0.5842179977993885, -0.38476280501988036, -0.21244688359978023, 0.16959265858609487, 0.5022469427115217, 0.024204241632613477]], "inverted": true, "swapped": false, "error_lsq": 0.05196322047814928, "error_max": 0.2881521906113603, "target": "511.xyz", "model": "3.xyz", "model_rescale": 3.9243930471874484, "target_rescale": 3.9608401449086457},
{"mapping": [8, 10, 4, 6, 0, 1, 3, 11, 5, 9, 12], "R": [[0.9384786634780551, -0.13754723253694212, -0.31676261935062955], [0.3163960020154013, 0.7100442744810862, 0.6290712981731866], [0.13838846810740285, -0.6905924174924428, 0.7098807961882261]], "T": [-0.06346007047465749, -0.1350014936609245, 0.11784748554904255], "aligned_model": [[-0.1442604899956924, -0.09135714760660896, -0.624975572395783, 0.1695780571481584, -0.33737330255067743, 0.0159122706982322, -0.4753358203100966, 0.6605210584927358, 0.2722520920100512, 0.44869384404366575, -0.036453330115098825], [-0.6668733932876143, -0.6959585505866264, -0.32417620156082877, 0.13269141881151808, 0.669571418774139, 0.29910300714455323, 0.09226566311359746, -0.330062492539101, 0.5380549037027541, -0.3969905569054011, -0.019060719831965778], [0.4448336374101705, -0.30838795747706377, 0.1536321251773608, -0.5110803723351379, 0.14877196177775298, 0.6794644491636096, -0.363464654868996, -0.13500941667682997, 0.02887822286495896, 0.5261947524196735, 0.12122149261449788]], "inverted": true, "swapped": false, "error_lsq": 0.05100868139313049, "error_max": 0.2529569480586121, "target": "511.xyz", "model": "4.xyz", "model_rescale": 3.8936222436046832, "target_rescale": 3.9608401449086457},
{"mapping": [0, 1, 2, 5, 10, 3, 4, 6, 7, 9, 11], "R": [[-0.2804926018640258, 0.39539792900325954, -0.8746338537007831], [-0.2800981365954679, -0.9052707049670724, -0.319421327722754], [-0.9180789367888232, 0.15538799332108538, 0.364671958555015]], "T": [0.055843654395476006, 0.03202118634192644, 0.18797829933087615], "aligned_model": [[-0.24934789614218317, -0.02323385002731293, -0.6718400320563684, 0.1772596304056508, -0.31237557744050715, -0.19045597663016614, -0.45475766365692627, 0.7168287724744012, 0.3720255897593828, 0.4581758472422015, 0.03492281549071395], [-0.6927826751880332, -0.6852723065791589, -0.1332234839994452, -0.010442519486675544, 0.5423445271216952, -0.03007505453661531, 0.19519853792677103, -0.1184819248659543, 0.5422739818283685, -0.31109232464378433, 0.00011773925785690809], [0.593238448825864, -0.16180100318484072, 0.1698367360093826, -0.6124127622781738, 0.24673274296332917, 0.7034999583778802, -0.3979261680012619, -0.23041877917547895, -0.055780999642231294, 0.5080374641730371, 0.022048602002490536]], "inverted": true, "swapped": false, "error_lsq": 0.04417329693954101, "error_max": 0.25175869683509794, "target": "511.xyz", "model": "5.xyz", "model_rescale": 3.6523030999806103, "target_rescale": 3.9608401449086457},
{"mapping": [11, 7, 9, 5, 6, 4, 8, 0, 1, 3, 12], "R": [[-0.40926284494742876, 0.35294323564052926, -0.8413887307072342], [0.5699310178689242, -0.6212348299280894, -0.5378158801626352], [-0.7125184619477792, -0.6996415928886817, 0.05309503633824342]], "T": [-0.10850120723528298, 0.04354033189410303, 0.13897184721503317], "aligned_model": [[-0.3138360899149558, 0.01607617991820426, -0.7570369756214487, 0.10394880343369559, -0.3614809798840538, -0.030113235808446437, -0.46077078552876916, 0.8126656762153773, 0.4024162127162817, 0.4811516617272237, -0.03581880783422284], [-0.6926304044738809, -0.6119794226226654, -0.2597477520121205, -0.05944817081746234, 0.6421443895727281, -0.04860131287362668, 0.2602434918343779, -0.12250084184594603, 0.4973058885923801, -0.28683486547795745, -0.01938650304080243], [0.5753882034751118, -0.007971630848709804, 0.038569803087939836, -0.49990364242494756, 0.15625995970226134, 0.6997720301340479, -0.3926755804542069, -0.1942632529102701, 0.014733867765182304, 0.29960318299244804, 0.09554129955113981]], "inverted": true, "swapped": false, "error_lsq": 0.04569967792636807, "error_max": 0.27818744191575906, "target": "511.xyz", "model": "6.xyz", "model_rescale": 4.08911054899281, "target_rescale": 3.9608401449086457},
{"mapping": [4, 8, 5, 11, 13, 6, 12, 9, 1, 3, 14], "R": [[0.22756507496350692, 0.9737020754882357, 0.01088139911755992], [-0.9536086547804306, 0.22510293469571802, -0.19989797977776885], [-0.19709051267047703, 0.03511320237855626, 0.979756292571786]], "T": [-0.0737594985936486, -0.008083696171218624, 0.11470918578780545], "aligned_model": [[-0.22619879696505696, 0.1592625389833522, -0.7600136471973891, 0.008754221148507116, -0.29578725261638206, -0.007757253063291281, -0.6053346369040671, 0.6532100162121212, 0.45749457642135005, 0.4055367729075112, 0.06803512049223066], [-0.631533501179112, -0.6118992598725634, -0.32129860393725884, 0.11198681035681449, 0.6608637116316189, -0.0019506702140369009, 0.1931325029164006, -0.14906322068981936, 0.4923558296839472, -0.44208257851900634, -0.0019465233419596571], [0.40612313646605835, -0.10036398390212561, 0.22172738358890043, -0.453890517407308, -0.0830471400000393, 0.6094303759859153, -0.31533945281739717, -0.14257938006260953, 0.0420769092352275, 0.5711864475563748, 0.02973046142700013]], "inverted": true, "swapped": false, "error_lsq": 0.045956388371413893, "error_max": 0.2142570280428741, "target": "511.xyz", "model": "7.xyz", "model_rescale": 3.964800864290218, "target_rescale": 3.9608401449086457},
{"mapping": [10, 8, 5, 7, 0, 6, 1, 12, 2, 11, 13], "R": [[0.5792011551842977, 0.7896736306127473, 0.20234025538201095], [0.036084329597608655, 0.22313460084786405, -0.9741195363311196], [-0.8143856230255213, 0.5715124731966458, 0.10074497501109939]], "T": [-0.002248047361006011, 0.0063735170162954186, 0.15068276471779862], "aligned_model": [[-0.26716144197386027, -0.17555067822692863, -0.6966931948506936, 0.18734523349457455, -0.3400639367496917, 0.1159797577641227, -0.3763393297302992, 0.6286753047981011, 0.2457973266604152, 0.5600110224897793, -0.024798404256633308], [-0.6804135984865342, -0.5769478373592797, -0.4582047218714469, 0.033369957954754656, 0.6334135852037853, 0.19730626582596428, 0.24820642276308308, -0.27364445419644257, 0.5758927989997188, -0.33639655229805365, -0.06401736970052471], [0.5157558592361825, -0.3191682511070852, 0.11931845301850573, -0.5350130461143706, 0.22723699573543987, 0.6855404043807439, -0.4532149495730884, -0.1562383925633295, -0.07894738929023004, 0.6541772954194202, 0.12560726092780833]], "inverted": false, "swapped": false, "error_lsq": 0.058085455899653665, "error_max": 0.3229345164022328, "target": "511.xyz", "model": "8.xyz", "model_rescale": 4.121658175737393, "target_rescale": 3.9608401449086457},
{"mapping": [0, 2, 1, 8, 9, 5, 6, 11, 7, 10, 12], "R": [[-0.3666769206342674, -0.7712990848034953, -0.5202362517697726], [-0.039693457504865526, 0.5716450188635167, -0.8195403601042719], [0.9295011916643684, -0.27985656002641895, -0.24022456265898115]], "T": [0.01673730911466527, -0.0792345978380144, 0.08336826449059065], "aligned_model": [[-0.28735111294989096, -0.13049933801399743, -0.5990142576225589, 0.11661676560644407, -0.3606209019635162, 0.0832823996176001, -0.4236815669691817, 0.6234855129056349, 0.372868179624537, 0.5259786166469184, -0.06386263746310344], [-0.5876387753661478, -0.6512568715807927, -0.3862545818972533, 0.0031247663734640108, 0.6575433307027121, 0.10571285304948883, 0.2261425224439665, -0.10112259598345241, 0.48899613825115723, -0.34241485710425484, -0.11426743205386292], [0.6009391938911016, -0.2819512380593522, 0.04437527585866448, -0.6334262437367587, 0.1725247649942451, 0.6691020757188203, -0.35590167312328574, -0.10213000312159329, 0.009236328412780437, 0.5812540670907058, 0.08103169214466871]], "inverted": true, "swapped": false, "error_lsq": 0.04631014232081442, "error_max": 0.21986123081712028, "target": "511.xyz", "model": "9.xyz", "model_rescale": 3.833441315466971, "target_rescale": 3.9608401449086457},
{"mapping": [9, 2, 3, 5, 6, 7, 4, 0, 12, 8, 14], "R": [[0.6782264044737707, -0.621649429370426, 0.39186851269016876], [0.40859980824961994, -0.12420706298133125, -0.9042227613834577], [0.6107824006738857, 0.7733851514407135, 0.1697653279031662]], "T": [0.14945532097798983, 0.040769588859809566, 0.08411137378564196], "aligned_model": [[-0.14351061346412006, -0.07004777963155007, -0.6482969063777462, 0.03708050886036417, -0.1612461569197237, -0.21709842655877407, -0.5318478617314676, 0.6818922713638244, 0.40000585742705563, 0.423568867152057, 0.08670189929896709], [-0.6204399378159277, -0.6134827966153531, -0.2920718709024502, -0.14900523742479332, 0.6252522503054991, 0.03340328952996986, 0.2190370194109762, 0.03780636190251531, 0.5762841753144576, -0.4951102825868076, -0.02310847428306155], [0.45137565141474056, -0.11694200184006628, 0.16854949408638054, -0.5552575481813142, -0.0677904963360107, 0.640436876151616, -0.28999994190112977, -0.3405356265022421, 0.20016573040427685, 0.579342521391459, 0.11570958138228661]], "inverted": false, "swapped": false, "error_lsq": 0.04666124390655004, "error_max": 0.23961862471976242, "target": "511.xyz", "model": "10.xyz", "model_rescale": 4.2482417240324, "target_rescale": 3.9608401449086457},
{"mapping": [1, 8, 0, 9, 4, 6, 10, 7, 5, 2, 11], "R": [[0.9379881667592229, 0.3000075176772054, 0.17370575222724477], [-0.33964999091978293, 0.8956160914574884, 0.28724501804313846], [-0.06939800204518183, -0.32843158505170117, 0.9419748464011997]], "T": [0.031963088804891744, -0.16754966383852127, 0.11840072221758781], "aligned_model": [[-0.25561638717520796, -0.044529378071583574, -0.712466462728489, 0.07535418414430117, -0.2546801438181195, -0.04486257591922572, -0.39909906272146106, 0.5957425787574511, 0.39749912773263585, 0.47650941152980336, 0.023350367688781848], [-0.7210875682173088, -0.6407024861738848, -0.21214817877565184, 0.1961351700429413, 0.6585329739527623, 0.2171852076360004, -0.13800702262541464, -0.13338579466719974, 0.4883630435137393, -0.3527682022071874, -0.06355264564377201], [0.4501240816138671, -0.2651786544204755, 0.25134842322465234, -0.6199497748965976, 0.08286604952357328, 0.6346942763649903, -0.35942248400634336, -0.2551521702185817, 0.13705802374734838, 0.6803882188587593, 0.04827825027880413]], "inverted": false, "swapped": false, "error_lsq": 0.04303999679575698, "error_max": 0.2795740998020165, "target": "511.xyz", "model": "11.xyz", "model_rescale": 3.6694154284099745, "target_rescale": 3.9608401449086457},
{"mapping": [5, 12, 7, 2, 11, 6, 10, 1, 4, 0, 13], "R": [[0.30419951976493453, 0.09343037769023482, -0.9480155150098777], [0.9339950390762557, 0.16651418522933814, 0.31611120369002044], [0.1873924202195146, -0.9816026643413667, -0.03660997408088619]], "T": [-0.07822364824160327, 0.018846524610371465, 0.026061090333369168], "aligned_model": [[-0.2655294754632963, -0.009813453288543383, -0.772857299166761, 0.13970031727531593, -0.27131511981456097, -0.1303099402105123, -0.47894985532340356, 0.6897037889935373, 0.4802967658631479, 0.44258509516110595, 0.03369083539285646], [-0.5649549182977605, -0.6110478670060864, -0.198178373075529, 0.01288829365903274, 0.6913891567095608, 0.09926980408162776, -0.19331349622039845, -0.1198818645372031, 0.4483052244377332, -0.25659156531216704, -0.00931989760378503], [0.5443883950587348, -0.2195434717234169, 0.17622634349252958, -0.5893958278417605, 0.26149842917739924, 0.5834424209874266, -0.41883824640176676, -0.30183428823661057, 0.2525535227039487, 0.43057311220734634, 0.06598385064616588]], "inverted": false, "swapped": false, "error_lsq": 0.04579695655553681, "error_max": 0.3349825187613381, "target": "511.xyz", "model": "12.xyz", "model_rescale": 3.9764082729961374, "target_rescale": 3.9608401449086457},
{"mapping": [6, 4, 5, 7, 1, 13, 0, 3, 8, 14, 15], "R": [[-0.6289086602892923, 0.45986953452664103, 0.6268922620573478], [-0.5558775926828003, -0.8296995887788946, 0.05097739041289279], [0.5435752008382122, -0.31641523919429704, 0.7774364266223402]], "T": [-0.08772414591783356, 0.07650756220092327, 0.1627337067230962], "aligned_model": [[-0.10576485376454023, -0.2117347053503276, -0.8083137730724983, 0.10748066108001059, -0.2307147915568019, -0.02298623213420714, -0.46003184531537517, 0.7008861660205603, 0.4375723010944553, 0.4812330640964418, -0.03042433167883099], [-0.6121013689610546, -0.5027466235030271, -0.3506799169466611, -0.05664248576972099, 0.6939152009782407, -0.03182837212798441, 0.061735555491570296, -0.07016121686772737, 0.5120354107689964, -0.34311492475562366, -0.001846761471983524], [0.4931139096463041, -0.24340628302541586, 0.1297890147173756, -0.5550405244759208, 0.12169639321253294, 0.7615265540742694, -0.4603848199548948, -0.09226725889184442, -0.021743859735485038, 0.5355777776002443, 0.11619333690283085]], "inverted": false, "swapped": false, "error_lsq": 0.048694021038173725, "error_max": 0.2439438559476229, "target": "511.xyz", "model": "13.xyz", "model_rescale": 4.170626492500431, "target_rescale": 3.9608401449086457},
{"mapping": [7, 0, 8, 2, 5, 10, 4, 3, 11, 9, 13], "R": [[0.793797201879952, 0.587347769925247, -0.15782458443283862], [0.5157997191021062, -0.7876502527562015, -0.3369832771923266], [-0.3222369501806822, 0.1860905061977403, -0.9281883814406005]], "T": [0.003926118097245074, -0.07884284820724012, 0.00501305611751357], "aligned_model": [[-0.24062190461038818, -0.0474360945300252, -0.6789559533909244, 0.024388228468107447, -0.10696083936415454, -0.11382893026192946, -0.5963123924229535, 0.6541586751005766, 0.40666836811794177, 0.5179881712651279, 0.03811433104750781], [-0.7354991322379605, -0.6329271531255742, -0.2463257382039038, -0.18003304555497746, 0.8230313264304071, -0.07739015498940054, 0.0802517620538243, -0.023003314150888368, 0.42531284333979497, -0.15119144493082548, 0.01633854820452861], [0.41296966180194267, -0.2099541801885807, 0.24413196127416487, -0.6448130846588028, 0.04434350415517502, 0.5567919459304281, -0.3377197349419269, -0.21759236313179944, 0.2936051035826906, 0.6269554364943676, 0.016335989752337653]], "inverted": true, "swapped": false, "error_lsq": 0.04529875417445882, "error_max": 0.25109874038108604, "target": "511.xyz", "model": "14.xyz", "model_rescale": 3.9786697098870705, "target_rescale": 3.9608401449086457},
{"mapping": [5, 8, 7, 9, 1, 4, 6, 3, 0, 2, 11], "R": [[0.5856811380639058, -0.49588052133788263, -0.6411552955983737], [-0.8105347239599535, -0.35506393352916393, -0.4657929415115255], [0.0033265254140286693, 0.7924847706198949, -0.6098826301545262]], "T": [-0.11696939012750941, -0.021739191574217984, 0.09392649472688551], "aligned_model": [[-0.1945031864100481, 0.058589828759942716, -0.6975096698801314, 0.09179353068062747, -0.35612098189263003, -0.06226751820971048, -0.5392570217294158, 0.6741648026952266, 0.4332048077091024, 0.5889745115919423, -0.1398674438960194], [-0.6811182015244026, -0.5108250912358646, -0.3174568915165733, -0.016101894982208084, 0.6100352580152267, 0.041540525622655325, 0.30772656761213657, -0.2560521430556815, 0.4028258554217804, -0.30285732191205234, 0.02084783439000827], [0.5454432933081559, 0.047000282033126214, -0.017428931347674467, -0.4924185673585846, 0.15980253357641844, 0.7004890328804712, -0.4895811406333791, -0.31147868779724164, 0.12322596541953855, 0.5140017507078949, 0.0059987092812714]], "inverted": false, "swapped": false, "error_lsq": 0.04831937952064704, "error_max": 0.24779184042717287, "target": "511.xyz", "model": "15.xyz", "model_rescale": 3.769337070930944, "target_rescale": 3.9608401449086457},
{"mapping": [1, 0, 9, 2, 8, 7, 3, 4, 6, 5, 10], "R": [[0.7438517079516442, 0.0055734957355166315, -0.6683214591218124], [0.5369964229472202, 0.5903374245259365, 0.6026081371388664], [0.3978938028159177, -0.8071373249635844, 0.4361305542281087]], "T": [-0.02359188005803598, -0.07796624011565792, 0.1280455676372942], "aligned_model": [[-0.23445200173542477, 0.16300927791243164, -0.8182430531632007, -0.010394403965338216, -0.27046314381071757, -0.06409706084431754, -0.5256124425450873, 0.7026175313741404, 0.4546799598005205, 0.482697465414259, -0.02254046901837961], [-0.7556072251550753, -0.5770385821966738, 0.09309000196944583, 0.1448927130875828, 0.6202477872691851, -0.026665905292554748, -0.17740767372009913, -0.11619755328015233, 0.46518523392265787, -0.29440316732192606, -0.07753113244736523], [0.4988138927156584, -0.23743619638890506, 0.12104856552239784, -0.5767136620485862, 0.01382883137319113, 0.8399894614658223, -0.33835575615968294, -0.15336300006904652, 0.040014590431728475, 0.5112910199535738, 0.06593649327384551]], "inverted": false, "swapped": false, "error_lsq": 0.05922756697663047, "error_max": 0.36261975099110094, "target": "511.xyz", "model": "16.xyz", "model_rescale": 3.7852294659196426, "target_rescale": 3.9608401449086457},
{"mapping": [8, 0, 9, 4, 6, 11, 10, 1, 7, 2, 12], "R": [[0.3580239570756709, 0.7737468606097792, -0.5226228485785801], [0.41615800549620585, -0.6332898527711084, -0.6525001738226344], [-0.8358417078737447, 0.01611701193333509, -0.5487338893352975]], "T": [0.10039511904421054, -0.14645709526290157, 0.035475023730218255], "aligned_model": [[-0.15899960789016931, -0.16279755704089094, -0.7089210515713287, 0.09387149358500484, -0.1520246521657691, -0.15425110887270727, -0.5625478091554927, 0.759841629237998, 0.36542775570611413, 0.5249153580062905, 0.012687209579836323], [-0.5625638610707333, -0.6575022215377979, -0.4041084707946702, -0.13160045360362418, 0.7039084335746997, 0.1077715073001218, 0.22384411619196548, -0.1200473280726723, 0.4416265374430987, -0.17687970135246717, -0.12588406124289564], [0.4641654089035438, -0.33236957648101173, 0.19636284234501783, -0.6727081500313942, 0.011896169452850672, 0.6745800156367211, -0.23404076805980123, -0.1612150335611009, 0.3099606292248872, 0.47472899671232643, 0.053693705927957434]], "inverted": true, "swapped": false, "error_lsq": 0.04779511127397034, "error_max": 0.22968352328495473, "target": "511.xyz", "model": "17.xyz", "model_rescale": 3.901054581598922, "target_rescale": 3.9608401449086457},
{"mapping": [4, 8, 10, 13, 11, 6, 9, 0, 7, 1, 14], "R": [[0.19570630030497907, 0.024705171891970745, -0.980351313817004], [0.8857462351285441, 0.42460526635908724, 0.18752059816387845], [0.42089505933967375, -0.9050414478143622, 0.0612154127776305]], "T": [0.02489873232899588, -0.09187918481061223, -0.06148062800416901], "aligned_model": [[-0.2257339066968055, 0.05500126048776491, -0.745849118283601, -0.022149463538843353, -0.3755372993845766, 0.005568006656850158, -0.5051046821803343, 0.7804571747364593, 0.4320380737939478, 0.4534592208641476, 0.0050523929638770365], [-0.624378367201262, -0.7535098431030753, -0.1867777942498085, 0.08736197547416998, 0.5443611600991562, 0.23147314661337592, 0.12812157450119321, -0.15931311561110129, 0.3391790795896516, -0.26441340988980155, -0.043539909387473215], [0.4669149349201046, -0.10339675790430702, 0.20195010830317586, -0.763735049155026, 0.2060641288894425, 0.6158636995558987, -0.38534119652861, -0.07089463794085551, 0.23534146201098108, 0.4602984423682176, -0.07801089444902501]], "inverted": false, "swapped": false, "error_lsq": 0.049424382763726044, "error_max": 0.22602021465403047, "target": "511.xyz", "model": "18.xyz", "model_rescale": 3.9405287249114394, "target_rescale": 3.9608401449086457},
{"mapping": [8, 7, 0, 13, 3, 6, 12, 11, 10, 5, 15], "R": [[0.8287673291957022, 0.5516335742959336, 0.09404846499180958], [0.45190458521483257, -0.7588814453040744, 0.4689149153471336], [0.33004084583522847, -0.34612042945005717, -0.8782218901836114]], "T": [-0.08728867294388618, -0.043122996691184745, -0.02677984113276491], "aligned_model": [[-0.14387501548996046, -0.09516481802343738, -0.628114581471193, 0.18365546029803706, -0.25801101469148646, -0.15971526597264035, -0.4477230058127364, 0.6160151472209678, 0.4229022364748667, 0.43095337454975513, -0.06372085766328675], [-0.6159720426112094, -0.7187267856180415, -0.2746281297219244, -0.14308050159640523, 0.790792086301612, -0.13905414309247255, 0.2273097719423985, 0.002225625181864116, 0.5400157912209127, -0.3473254121072888, -0.022991763064420818], [0.46405018235982154, -0.2245752800784185, 0.3290107826925178, -0.6333502156540342, 0.0026838867253602128, 0.7106718924502555, -0.3383761690122098, -0.1768479621163843, 0.10572837342543442, 0.54780584736241, -0.0017470980847560935]], "inverted": false, "swapped": false, "error_lsq": 0.04914571815487827, "error_max": 0.24488057059634113, "target": "511.xyz", "model": "19.xyz", "model_rescale": 4.410303926677745, "target_rescale": 3.9608401449086457},
{"mapping": [10, 8, 5, 7, 0, 6, 1, 12, 2, 11, 13], "R": [[0.5792011551842977, 0.7896736306127473, 0.20234025538201095], [0.036084329597608655, 0.22313460084786405, -0.9741195363311196], [-0.8143856230255213, 0.5715124731966458, 0.10074497501109939]], "T": [-0.002248047361006011, 0.0063735170162954186, 0.15068276471779862], "aligned_model": [[-0.26716144197386027, -0.17555067822692863, -0.6966931948506936, 0.18734523349457455, -0.3400639367496917, 0.1159797577641227, -0.3763393297302992, 0.6286753047981011, 0.2457973266604152, 0.5600110224897793, -0.024798404256633308], [-0.6804135984865342, -0.5769478373592797, -0.4582047218714469, 0.033369957954754656, 0.6334135852037853, 0.19730626582596428, 0.24820642276308308, -0.27364445419644257, 0.5758927989997188, -0.33639655229805365, -0.06401736970052471], [0.5157558592361825, -0.3191682511070852, 0.11931845301850573, -0.5350130461143706, 0.22723699573543987, 0.6855404043807439, -0.4532149495730884, -0.1562383925633295, -0.07894738929023004, 0.6541772954194202, 0.12560726092780833]], "inverted": false, "swapped": false, "error_lsq": 0.058085455899653665, "error_max": 0.3229345164022328, "target": "511.xyz", "model": "20.xyz", "model_rescale": 4.121658175737393, "target_rescale": 3.9608401449086457},
{"mapping": [11, 7, 9, 5, 6, 4, 8, 0, 1, 3, 12], "R": [[-0.40926284494742876, 0.35294323564052926, -0.8413887307072342], [0.5699310178689242, -0.6212348299280894, -0.5378158801626352], [-0.7125184619477792, -0.6996415928886817, 0.05309503633824342]], "T": [-0.10850120723528298, 0.04354033189410303, 0.13897184721503317], "aligned_model": [[-0.3138360899149558, 0.01607617991820426, -0.7570369756214487, 0.10394880343369559, -0.3614809798840538, -0.030113235808446437, -0.46077078552876916, 0.8126656762153773, 0.4024162127162817, 0.4811516617272237, -0.03581880783422284], [-0.6926304044738809, -0.6119794226226654, -0.2597477520121205, -0.05944817081746234, 0.6421443895727281, -0.04860131287362668, 0.2602434918343779, -0.12250084184594603, 0.4973058885923801, -0.28683486547795745, -0.01938650304080243], [0.5753882034751118, -0.007971630848709804, 0.038569803087939836, -0.49990364242494756, 0.15625995970226134, 0.6997720301340479, -0.3926755804542069, -0.1942632529102701, 0.014733867765182304, 0.29960318299244804, 0.09554129955113981]], "inverted": true, "swapped": false, "error_lsq": 0.04569967792636807, "error_max": 0.27818744191575906, "target": "511.xyz", "model": "21.xyz", "model_rescale": 4.08911054899281, "target_rescale": 3.9608401449086457},
{"mapping": [0, 6, 1, 5, 15, 4, 11, 10, 14, 13, 16], "R": [[0.8984946953242496, 0.3609555934979991, -0.24983663061426992], [0.19565479407267905, 0.18019310854267587, 0.9639759567489767], [0.39297135268434197, -0.9150090180737207, 0.09127985984434828]], "T": [0.03976615460465581, -0.015608009260480206, 0.08068814801056996], "aligned_model": [[-0.15838747090011385, 0.012082349199905126, -0.7451642081787893, 0.15065241809482516, -0.3325110579078534, -0.05817064642656812, -0.4735996005439723, 0.622038034630489, 0.3208195187833874, 0.4716179768717852, 0.04782434579579122], [-0.6520418656636304, -0.7244181529650074, -0.12097228532269247, -0.010117726231468636, 0.6112226614668762, -0.11662095994399391, 0.23989743901856833, -0.3025418724206911, 0.540741316223782, -0.12336909586664652, -0.04321496146007134], [0.47536077855695613, -0.14819154888552455, 0.13342405775501615, -0.6160206486251677, 0.08061622039504224, 0.7636939698494026, -0.42632822016589106, -0.3986487117426475, 0.23335451779804883, 0.5691771630828191, 0.11861666205194236]], "inverted": false, "swapped": false, "error_lsq": 0.04620359961843195, "error_max": 0.24289159183032039, "target": "511.xyz", "model": "22.xyz", "model_rescale": 4.204369325754507, "target_rescale": 3.9608401449086457},
{"mapping": [8, 7, 0, 13, 3, 6, 12, 11, 10, 5, 15], "R": [[0.8287673291957022, 0.5516335742959336, 0.09404846499180958], [0.45190458521483257, -0.7588814453040744, 0.4689149153471336], [0.33004084583522847, -0.34612042945005717, -0.8782218901836114]], "T": [-0.08728867294388618, -0.043122996691184745, -0.02677984113276491], "aligned_model": [[-0.14387501548996046, -0.09516481802343738, -0.628114581471193, 0.18365546029803706, -0.25801101469148646, -0.15971526597264035, -0.4477230058127364, 0.6160151472209678, 0.4229022364748667, 0.43095337454975513, -0.06372085766328675], [-0.6159720426112094, -0.7187267856180415, -0.2746281297219244, -0.14308050159640523, 0.790792086301612, -0.13905414309247255, 0.2273097719423985, 0.002225625181864116, 0.5400157912209127, -0.3473254121072888, -0.022991763064420818], [0.46405018235982154, -0.2245752800784185, 0.3290107826925178, -0.6333502156540342, 0.0026838867253602128, 0.7106718924502555, -0.3383761690122098, -0.1768479621163843, 0.10572837342543442, 0.54780584736241, -0.0017470980847560935]], "inverted": false, "swapped": false, "error_lsq": 0.04914571815487827, "error_max": 0.24488057059634113, "target": "511.xyz", "model": "23.xyz", "model_rescale": 4.410303926677745, "target_rescale": 3.9608401449086457},
{"mapping": [11, 10, 14, 4, 12, 7, 5, 3, 0, 1, 16], "R": [[0.12363850057181691, -0.5596640442984775, -0.8194447380365713], [-0.7995672459807652, 0.4328882093606403, -0.41629318677018157], [0.5877122938403514, 0.7066710378358594, -0.39396738945362214]], "T": [-0.21294538937585356, -0.12233911036552048, 0.042211311019355054], "aligned_model": [[-0.251774156795627, 0.10051821907608921, -0.8249050182318127, 0.10015635482978308, -0.2668582130621333, -0.010021177779486912, -0.3200470813113269, 0.6456681254094114, 0.27473600758524397, 0.5033857871857863, -0.09365718748704038], [-0.5917644024319002, -0.6641897603514855, -0.32490806973864117, -0.11000720150774831, 0.6742460483710717, 0.07481920492761993, 0.30639793087430356, -0.0800756103783202, 0.4482297066594847, -0.31901964077237793, -0.11516370881698149], [0.4651223047282181, -0.1364570565270278, 0.24866038310155933, -0.5707320752655956, 0.13559935686285765, 0.6437769846918656, -0.40535523205710516, -0.22283135239728602, 0.1259005647077835, 0.47177127658299023, 0.029599085641736807]], "inverted": false, "swapped": false, "error_lsq": 0.042572887293906514, "error_max": 0.24605837857891472, "target": "511.xyz", "model": "24.xyz", "model_rescale": 4.28219845311461, "target_rescale": 3.9608401449086457},
{"mapping": [6, 2, 0, 13, 3, 8, 4, 12, 9, 10, 15], "R": [[-0.038481406016124105, 0.06901623689088968, -0.9968730814082818], [-0.17590656032634502, 0.9815649754112192, 0.07474677973081026], [0.9836544430973593, 0.1782328760116745, -0.025631591511861344]], "T": [0.06139091615128402, 0.03090266470140543, 0.049758771377941234], "aligned_model": [[-0.23373898406526056, -0.1575614244735581, -0.6704795838277544, 0.21993837180760073, -0.32649192844775715, -0.007605540770269606, -0.5644036779757672, 0.7638719755615395, 0.4257817424538128, 0.41395975639343924, -0.006069047237139663], [-0.6761406327211066, -0.5447821417063324, -0.3173642686259619, -0.08556716263508421, 0.7013044065203816, -0.05617352502536521, 0.16014416306819104, -0.0774377389171132, 0.5910843678740595, -0.39694498959933, 0.0004420186026865315], [0.5242956535368467, -0.24928453751578347, 0.142655953504148, -0.5107891218141757, 0.062158299258598074, 0.7350348347595272, -0.3056653894313364, -0.23167082611785453, -0.051678248570469744, 0.6175143670593383, 0.05248325540115828]], "inverted": true, "swapped": false, "error_lsq": 0.04436361177371182, "error_max": 0.24582609418967113, "target": "511.xyz", "model": "25.xyz", "model_rescale": 4.100010024507729, "target_rescale": 3.9608401449086457},
{"mapping": [1, 8, 0, 9, 4, 6, 10, 7, 5, 2, 11], "R": [[0.9379881667592229, 0.3000075176772054, 0.17370575222724477], [-0.33964999091978293, 0.8956160914574884, 0.28724501804313846], [-0.06939800204518183, -0.32843158505170117, 0.9419748464011997]], "T": [0.031963088804891744, -0.16754966383852127, 0.11840072221758781], "aligned_model": [[-0.25561638717520796, -0.044529378071583574, -0.712466462728489, 0.07535418414430117, -0.2546801438181195, -0.04486257591922572, -0.39909906272146106, 0.5957425787574511, 0.39749912773263585, 0.47650941152980336, 0.023350367688781848], [-0.7210875682173088, -0.6407024861738848, -0.21214817877565184, 0.1961351700429413, 0.6585329739527623, 0.2171852076360004, -0.13800702262541464, -0.13338579466719974, 0.4883630435137393, -0.3527682022071874, -0.06355264564377201], [0.4501240816138671, -0.2651786544204755, 0.25134842322465234, -0.6199497748965976, 0.08286604952357328, 0.6346942763649903, -0.35942248400634336, -0.2551521702185817, 0.13705802374734838, 0.6803882188587593, 0.04827825027880413]], "inverted": false, "swapped": false, "error_lsq": 0.04303999679575698, "error_max": 0.2795740998020165, "target": "511.xyz", "model": "26.xyz", "model_rescale": 3.6694154284099745, "target_rescale": 3.9608401449086457},
{"mapping": [5, 0, 1, 2, 3, 7, 6, 10, 9, 8, 13], "R": [[-0.2763882232706215, 0.57302148718953, 0.7715283048964623], [0.9183768753151915, -0.07907632364062828, 0.3877252247736634], [0.28318450685659746, 0.8157164398604346, -0.5043939182997786]], "T": [0.10719317792893227, -0.05234395907372456, 0.023220519188231287], "aligned_model": [[-0.2482479345565303, -0.14927256182668922, -0.7396252579866007, 0.07675989186791787, -0.288696264924162, -0.11946527968829382, -0.46239961943225505, 0.6870702415627999, 0.4485289967519287, 0.5481566928130874, 0.10439275483768286], [-0.587734499434272, -0.624291415111025, -0.29279931758468825, -0.1890880721225561, 0.6064416187614174, 0.12666842939090675, 0.13053201792685074, -0.08402274741280122, 0.5073125714619918, -0.22854588913635665, -0.06590819990444267], [0.4847365910304672, -0.18662412572129125, 0.0919694162898094, -0.641989604644306, 0.27242792639641844, 0.5824244471833874, -0.3133962570347223, -0.1337182119566582, 0.21067174507782627, 0.45084330952249774, -0.032290996073431555]], "inverted": false, "swapped": false, "error_lsq": 0.041721695293365946, "error_max": 0.2371147525548915, "target": "511.xyz", "model": "27.xyz", "model_rescale": 4.103607728864725, "target_rescale": 3.9608401449086457},
{"mapping": [12, 2, 3, 1, 9, 10, 0, 8, 6, 13, 14], "R": [[0.623146678852863, 0.40946217528257556, 0.6663549682020149], [-0.7789002654522346, 0.40195464747432297, 0.481400911769215], [-0.07072901182036656, -0.819007440983691, 0.5694069006433451]], "T": [0.1072880189477606, 0.025257566007819282, 0.17685802049726837], "aligned_model": [[-0.20848003209703694, -0.16569958681487987, -0.5950611502941779, 0.04242438426380421, -0.3523912011184379, -0.11360904206911673, -0.3933892348702853, 0.8046332358230016, 0.2959176402438093, 0.4880727446340112, 0.054783901718194666], [-0.7029936327465894, -0.58663803269936, -0.23865732516484336, -0.11527425448587897, 0.7025897897839345, 0.20864168563030724, 0.07103071279697407, -0.1963628795247688, 0.6229695527757163, -0.4450754921557999, -0.02166562737466718], [0.5043245784491801, -0.12708646393178816, 0.1526624165723988, -0.7056975575821985, 0.17053351839627756, 0.597987489200354, -0.3300136077518232, -0.19310684733450303, 0.2686540427180159, 0.40850935340128114, 0.03828731793280196]], "inverted": false, "swapped": false, "error_lsq": 0.04175298060499267, "error_max": 0.21591052305356362, "target": "511.xyz", "model": "28.xyz", "model_rescale": 4.137296879288765, "target_rescale": 3.9608401449086457},
{"mapping": [6, 4, 5, 3, 1, 0, 2, 8, 7, 9, 10], "R": [[-0.5649321270409693, 0.21978586372002595, 0.7953275211796764], [-0.292779600101043, -0.9545491839584972, 0.05582079512906474], [0.7714478579927744, -0.2013207130749587, 0.6036043181467068]], "T": [0.014049791946605888, -0.06390390494907518, 0.06501922823338889], "aligned_model": [[-0.23890332576653045, -0.07584104668690506, -0.6518573642230383, 0.14513379653321526, -0.35503604847205866, -0.11468869372607063, -0.5361736823929122, 0.6751730877870169, 0.39643641407001, 0.5710400022026692, 0.041918520093490376], [-0.6297131977891648, -0.7820741681763368, -0.11380956870813194, -0.09494646298424225, 0.5748476980307791, 0.15178691860536597, 0.18678291276784176, -0.07846328513205247, 0.5407436609861072, -0.3145186568048787, -0.14207135396026227], [0.42836807897051177, -0.21026439446158512, 0.1503141959542761, -0.6041011408294421, 0.2157872552913745, 0.7187961116640401, -0.4314979656027012, -0.21968744559352937, 0.11185956249333072, 0.5526136991618816, 0.07286628302183956]], "inverted": false, "swapped": false, "error_lsq": 0.04027920361413932, "error_max": 0.20699559351812732, "target": "511.xyz", "model": "29.xyz", "model_rescale": 3.607286011436655, "target_rescale": 3.9608401449086457},
{"mapping": [4, 8, 5, 11, 13, 6, 12, 9, 1, 3, 14], "R": [[0.22756507496350692, 0.9737020754882357, 0.01088139911755992], [-0.9536086547804306, 0.22510293469571802, -0.19989797977776885], [-0.19709051267047703, 0.03511320237855626, 0.979756292571786]], "T": [-0.0737594985936486, -0.008083696171218624, 0.11470918578780545], "aligned_model": [[-0.22619879696505696, 0.1592625389833522, -0.7600136471973891, 0.008754221148507116, -0.29578725261638206, -0.007757253063291281, -0.6053346369040671, 0.6532100162121212, 0.45749457642135005, 0.4055367729075112, 0.06803512049223066], [-0.631533501179112, -0.6118992598725634, -0.32129860393725884, 0.11198681035681449, 0.6608637116316189, -0.0019506702140369009, 0.1931325029164006, -0.14906322068981936, 0.4923558296839472, -0.44208257851900634, -0.0019465233419596571], [0.40612313646605835, -0.10036398390212561, 0.22172738358890043, -0.453890517407308, -0.0830471400000393, 0.6094303759859153, -0.31533945281739717, -0.14257938006260953, 0.0420769092352275, 0.5711864475563748, 0.02973046142700013]], "inverted": true, "swapped": false, "error_lsq": 0.045956388371413893, "error_max": 0.2142570280428741, "target": "511.xyz", "model": "30.xyz", "model_rescale": 3.964800864290218, "target_rescale": 3.9608401449086457},
