[{"mapping": [13, 6, 12, 5, 3, 4, 9, 7, 10, 8, 0, 14], "R": [[-0.19396403756545116, -0.8130584896639188, -0.5489206176823159], [0.9754400261445828, -0.21937948428821905, -0.019733151509336577], [-0.10437771565982665, -0.5392666634039807, 0.8356415249464175]], "T": [-0.023722276258706262, -0.11202288251583097, 0.05207000478730957], "aligned_model": [[-0.18492774555524882, 0.06992776431715575, 0.5012079101387777, -0.0635529560557437, -0.18299196534907863, -0.5449167200491433, 0.44096557667242225, -0.2270417985473506, 0.514157366881518, 0.08792677932926102, -0.4645738285747643, -0.10853792074725618], [-0.46276299380007785, -0.8315930904787022, -0.1815695490200978, 0.5927840202781958, 0.4439820450022158, -0.5061001667087156, -0.19463066174001314, -0.41359195246498504, 0.08273644275781668, 0.43500975802805836, 0.1792946023398117, -0.09000341821644947], [-0.540420187641642, -0.0871178597134341, -0.539389827244909, -0.046721465081409924, -0.6342453461060161, 0.026705791613055738, 0.5945152563555233, 0.5148188899934633, -0.003229366950309162, 0.48880003622632157, 0.3909572804039038, 0.01727854349901506]], "inverted": true, "swapped": true, "error_lsq": 0.04077756210128707, "error_max": 0.24963789506267586, "target": "512.xyz", "model": "0.xyz", "model_rescale": 3.751011558992144, "target_rescale": 3.991377321817611},
{"mapping": [7, 11, 0, 2, 1, 3, 4, 6, 12, 11, 9, 10, 5, 8, 14], "R": [[-0.19108169113048648, -0.8274098849013282, 0.528091535325349], [0.3260464827578692, 0.4539547781081804, 0.8292278037511618], [-0.925840957398157, 0.3306326387402243, 0.18303163607349565]], "T": [-0.03704932035989726, -0.03133147928388086, 0.07412389587074955], "aligned_model": [[-0.245093794533164, 0.11269893986918762, -0.45008320957543496, -0.5423146664358112, 0.1546551305185876, -0.7893843518751235, 0.701944065018733, 0.31241292992929753, -0.521284076607429, 0.11269893986918762, -0.05168744826201731, 0.6311575000342683, -0.06515151382944841, 0.19515942072519094, -0.05758732049072691], [-0.12330924580601765, 0.6098433232035985, -0.629726125799476, -0.3982680770879106, -0.5737634874778323, -0.12436015926594707, -0.30336775379852216, 0.037972726003305576, 0.40433869284471313, 0.6098433232035985, 0.5720874057026908, 0.41824982358903096, 0.11437612399856073, -0.4656906180626526, 0.017791402305961122], [-0.5487200741801874, -0.37665467520398543, -0.14228167679420792, 0.6161594714881614, -0.3191984521288166, -0.019383080171430964, 0.1480090203859999, -0.5867836680309391, -0.2832041131581339, -0.37665467520398543, 0.33843620316531686, 0.2284937291111704, 0.6808080048298575, 0.518904168885319, 0.06112599225886298]], "inverted": false, "swapped": false, "error_lsq": 0.05010155348281027, "error_max": 0.47544013197584667, "target": "512.xyz", "model": "1.xyz", "model_rescale": 3.9405287249114394, "target_rescale": 3.991377321817611},
{"mapping": [1, 2, 5, 6, 13, 8, 7, 4, 12, 10, 11, 9, 14], "R": [[0.5328791069343537, -0.8400452534309795, 0.10180289573940016], [-0.32970168116910586, -0.31691719426202924, -0.8893032629060509], [0.779318072950391, 0.44032654265801957, -0.44584288376481274]], "T": [-0.015681445667109554, -0.016183159395108816, -0.043435288866286156], "aligned_model": [[-0.4650962297654408, 0.2333333079428148, -0.44198153722426425, 0.5076099864860621, 0.6008487999790544, -0.6689193560193674, 0.07927609508330587, 0.5462094492614901, 0.043560087512808765, -0.4074591942418175, -0.09868701061264384, -0.4627793225433347, 0.030068203425263746], [0.5612408818195661, 0.4702862598900421, 0.12823723888058194, -0.33563841366213465, -0.2865559550008609, 0.25658465427175436, 0.32661039626647176, 0.2998048385218751, -0.7756719193287462, -0.4358112730361031, -0.6690928706903273, -0.1201126518624687, 0.03895140750236625], [0.453969112925904, -0.6994584433082761, -0.5961648685870364, 0.36892292127162335, -0.2598595590374282, -0.07978489822925848, 0.4254942436913706, 0.06617358319051989, -0.26677457471114596, -0.07038278901213953, 0.3656927458603583, 0.5100155634117141, -0.1047226878775615]], "inverted": false, "swapped": true, "error_lsq": 0.05157432026895421, "error_max": 0.4052575090900243, "target": "512.xyz", "model": "2.xyz", "model_rescale": 3.932901565614263, "target_rescale": 3.991377321817611},
{"mapping": [10, 8, 9, 5, 11, 6, 7, 12, 3, 13, 0, 2, 4, 14], "R": [[0.18929176729269004, 0.1327904861066065, 0.972900464402593], [0.9702354803057336, 0.12710907616232192, -0.206122282912507], [-0.15103555737346283, 0.9829598005802335, -0.10477733940196815]], "T": [0.07146413736870066, -0.14016749186627567, -0.002532027325476898], "aligned_model": [[-0.3069669003281037, 0.3854093826798971, 0.13625134196490435, 0.12328179765917367, -0.46113821280476036, -0.19062734196898862, 0.5022877919279234, -0.7211148346334366, -0.23990939987576415, -0.29448962028396397, 0.6549432502396861, 0.37176508961916044, 0.35319171355190027, 0.10692585430507556], [-0.03752298903373552, 0.19521298640876392, -0.48482698885789544, 0.550977719373859, -0.5931821192133548, -0.773130721591764, -0.5404092853019287, -0.09565907600236392, 0.6359707766163801, -0.232330674385556, 0.09132354202476037, 0.44197989659301684, -0.40208517874079974, -0.09282124953889329], [-0.4227198205159234, -0.5423483475060769, -0.6302406747512467, -0.16906200919023254, -0.3367164789597686, 0.2742178275722776, -0.02736644523421902, 0.004591621883596592, 0.3233406205904477, 0.5954932665936962, 0.0024257754419137155, 0.5451457782925297, 0.5262520454159872, 0.0708832034241157]], "inverted": true, "swapped": true, "error_lsq": 0.048436854904031594, "error_max": 0.32092791671842946, "target": "512.xyz", "model": "3.xyz", "model_rescale": 3.9243930471874484, "target_rescale": 3.991377321817611},
{"mapping": [6, 7, 11, 12, 10, 4, 13, 9, 8, 0, 3, 2, 14], "R": [[-0.062262502044496265, 0.7441223403132624, 0.665135567749818], [-0.6403993745378385, 0.48136651902626026, -0.5984771636847029], [-0.7655142205933897, -0.4632150871973567, 0.4465643974412212]], "T": [0.007592124776346736, -0.013541619771749148, -0.11227259000162737], "aligned_model": [[-0.05088582373658434, -0.33321826566179824, 0.5762589500718, 0.5892538083309958, 0.5779881938792657, -0.5810882788208284, -0.13460106854866855, 0.3458455778786784, 0.17393231871728024, -0.40026315717593375, 0.09735510850185997, -0.520529886618952, -0.06284159050576221], [-0.632708837215444, 0.10288344142991024, -0.3406432896398641, -0.5055089699657568, 0.05507155377789937, -0.28226917085033165, -0.6661543886179603, 0.2744335906408636, 0.6752214680655203, 0.4576056760601257, -0.0798172601732697, 0.08633899199102482, -0.016623251821130426], [-0.5111925848535018, -0.5777967523678869, -0.5248126524109655, 0.11100075043155466, -0.09664304849648869, -0.20621290710129797, 0.11995171283986572, -0.6776579244870174, -0.09278694124701331, -0.03654380847920333, 0.7782818554991423, 0.5511565524489742, -0.04967393640519796]], "inverted": false, "swapped": true, "error_lsq": 0.044838992242382, "error_max": 0.2775462543777428, "target": "512.xyz", "model": "4.xyz", "model_rescale": 3.8936222436046832, "target_rescale": 3.991377321817611},
{"mapping": [3, 13, 2, 5, 4, 6, 11, 7, 8, 10, 0, 14], "R": [[0.6908977094126799, -0.7072831447426796, 0.14970273307865123], [-0.04535423772767361, 0.1642595790308502, 0.9853739309606022], [-0.7215284805525379, -0.6875822451601799, 0.08140827901406941]], "T": [-0.06658137898730476, -0.026763296118738934, 0.07387016437742183], "aligned_model": [[0.03746348169434653, -0.6715708561654697, -0.13834457572244724, 0.45847764087507203, -0.5902073815762197, -0.687900011611788, -0.1403006562732188, -0.18766913682231923, 0.6151263486715333, 0.2633282466448562, 0.1630870214292215, -0.09394207892846937], [-0.4837713836961804, -0.3226715591779367, 0.16903269091716214, -0.14359704710013338, 0.34070725015610354, -0.1202853174245512, -0.46365543875621795, 0.4808852172664525, 0.16736166646638526, -0.44512096846743787, 0.4882703885787919, 0.001767406347369483], [-0.6915417175617513, -0.14171390153719995, -0.7541039883798082, -0.3938497390806232, -0.061647747715534384, 0.46263958729592475, 0.7096826269580907, 0.3459914693381184, 0.06808961540925755, 0.28937010104215266, -0.201907432997586, -0.011724153495522721]], "inverted": true, "swapped": true, "error_lsq": 0.05124065882518206, "error_max": 0.28767101959588987, "target": "512.xyz", "model": "5.xyz", "model_rescale": 3.6523030999806103, "target_rescale": 3.991377321817611},
{"mapping": [1, 9, 6, 7, 4, 8, 12, 0, 10, 3, 13, 2, 14], "R": [[-0.25098569057155323, 0.6891458374532162, 0.6797677528753672], [-0.6685478763983494, 0.38444333742524345, -0.63659018000013], [-0.7000356563001473, -0.6142323135673068, 0.3642372096288024]], "T": [0.02676200757083469, -0.005517001522312666, 0.04616018881518083], "aligned_model": [[0.26207831622523226, -0.22980800103355747, 0.20752535435799552, 0.43313257518989445, 0.6435972243066677, -0.19876925869103937, -0.5408704096527329, 0.37298240669241506, -0.5411872755766755, -0.21273806573991363, 0.18110018074690115, 0.4189953234764324, 0.08504453436267492], [-0.689924765224988, -0.23149471268914018, 0.6241658227134279, -0.13087877002028636, 0.20994088939933725, -0.6753127298715894, 0.5282290809203619, -0.5167053817616798, -0.019904802840833492, 0.02494994105430181, 0.6182095227313854, -0.18815803800026387, -0.012289152246850015], [0.5550959002030285, 0.678703943459506, 0.3878457595270183, 0.4530590111595594, 0.020158071615531986, 0.10049868362506044, -0.1058981247186768, -0.06732297679663723, 0.13293765562382354, -0.8182752075293356, -0.24912849766362125, -0.6899257438496282, -0.02763873517384019]], "inverted": true, "swapped": true, "error_lsq": 0.05941008928569141, "error_max": 0.31737947845884795, "target": "512.xyz", "model": "6.xyz", "model_rescale": 4.08911054899281, "target_rescale": 3.991377321817611},
{"mapping": [8, 9, 10, 5, 11, 4, 13, 1, 3, 0, 6, 2, 7, 12, 14], "R": [[0.8428774736008817, -0.39281820120200267, 0.3677654487586049], [0.09547462020920118, -0.5634297900577079, -0.820628703233951], [0.5295679006436322, 0.7268017146924945, -0.43739810942429314]], "T": [-0.04067082111748119, -0.04474829369082349, 0.012907335699945222], "aligned_model": [[-0.5414849008202048, 0.005307250968182728, -0.3690038197691735, -0.4905614094930607, 0.19326429827237762, -0.7237750395579647, 0.599570653403911, 0.5548871993001718, -0.4526672375446643, 0.1094480810418231, -0.11167679506311068, 0.5030412325617436, 0.08273812078670856, 0.13199670577880923, 0.00705620448974853], [-0.1336210345839572, 0.12038824222802942, -0.671601664276294, -0.3391399768834587, -0.4731842169490357, 0.08556048449146265, -0.29433558732625087, 0.2056449710435994, 0.5733381927955745, 0.8539419954390053, 0.4078074381274995, 0.463291286788214, 0.08908270286040186, -0.6811088198680608, -0.04004666033362883], [-0.4414448039259618, -0.7520588395652081, -0.12320729350649158, 0.5527528922634961, -0.31304984329001423, 0.12796270836767756, 0.2652792032090634, -0.33431005462956953, -0.2603681376595061, -0.22049416931259458, 0.2111355569901795, 0.32341100820939844, 0.7653357123296713, 0.28352352865621583, -0.1454112928833547]], "inverted": false, "swapped": false, "error_lsq": 0.049497974478444146, "error_max": 0.3570646495773436, "target": "512.xyz", "model": "7.xyz", "model_rescale": 3.964800864290218, "target_rescale": 3.991377321817611},
{"mapping": [13, 4, 6, 3, 11, 2, 12, 7, 0, 8, 5, 10, 9, 14], "R": [[-0.6442729915063043, -0.32549698903605007, 0.6920722668507842], [-0.30410092180845727, -0.7212706815644638, -0.622327271835953], [0.7017370887809509, -0.6114084674290986, 0.36571128528558805]], "T": [0.08115968342164859, -0.0227756739374942, 0.07206847743604114], "aligned_model": [[-0.20673509291234865, 0.28016601630800986, 0.3784407186658729, -0.8012348254953028, 0.2757041110732957, -0.398924051545788, -0.3596958752586198, 0.6312522884691167, 0.1888804168668478, 0.1286538113388306, -0.4025780077046963, -0.07016688678878916, 0.5782239054590866, 0.03920136098535725], [-0.0787944632456596, -0.48498856297019327, 0.17423903076871305, -0.18192128582100536, 0.6982389215059936, -0.7285296529503226, 0.5628743483763654, -0.2313952421218497, -0.5283158478553993, -0.024952999426400762, -0.14116541028237622, 0.4890573429435286, 0.3924141601872111, -0.10581187292740321], [-0.5713823366308506, -0.3454714872954565, -0.5750281676839256, 0.1119392563418535, -0.13495128621462005, 0.09347294207168104, -0.23268322488113638, 0.05488521535104898, 0.42827899086597343, 0.7793045828930005, 0.58204957935058, 0.2852138686109217, 0.38439884356910237, 0.056788262376848905]], "inverted": true, "swapped": true, "error_lsq": 0.046305544908425936, "error_max": 0.39816692485851385, "target": "512.xyz", "model": "8.xyz", "model_rescale": 4.121658175737393, "target_rescale": 3.991377321817611},
{"mapping": [11, 7, 4, 13, 9, 10, 0, 5, 2, 8, 12, 3, 14], "R": [[-0.4802256121826042, -0.8544680302815056, -0.19816091095543337], [0.24479406346871238, -0.34749636227204866, 0.9051641534540402], [-0.8422940269848285, 0.3861743951047729, 0.37604535454003907]], "T": [-0.08062220056927703, -0.03605801301005711, -0.13371856896089454], "aligned_model": [[-0.783429282577732, -0.14166642518571065, 0.2862811487483448, 0.17134274685819262, -0.7074911397356535, -0.4898563516674394, 0.27835935501611686, 0.1844863135285708, 0.7582392097246284, -0.179978776601328, -0.3663293002634508, 0.4532368838954106, 0.013543114695247258], [0.27793794888933654, -0.4245888239221234, -0.032119892214739335, 0.5700057628502656, -0.38794320763950113, 0.09766841283607448, -0.5492214142998363, -0.16520831299425504, -0.04524455466691868, -0.5704007810750907, 0.6651388923540671, 0.38722340815282724, -0.03285999885839651], [-0.22335954789605783, -0.5715960340880794, -0.6749674220118034, -0.39687407807499553, -0.14847796285143927, 0.2470022978242903, -0.090635857078642, 0.5152318787351123, 0.02519764906347527, 0.3213082641056956, 0.10483441344102909, 0.4505454044209798, -0.13713357163047604]], "inverted": false, "swapped": true, "error_lsq": 0.042724967157745534, "error_max": 0.2943797801345446, "target": "512.xyz", "model": "9.xyz", "model_rescale": 3.833441315466971, "target_rescale": 3.991377321817611},
{"mapping": [8, 9, 10, 0, 11, 13, 6, 7, 2, 3, 5, 4, 1, 12, 14], "R": [[-0.0417854721764962, -0.5539187011437666, 0.8315215251803105], [0.988315639220852, -0.14501428276772654, -0.04693671340050021], [0.14658162090271104, 0.8198444549526235, 0.5535060054750712]], "T": [0.015779107408390995, -0.05166484935934769, 0.034459752654154484], "aligned_model": [[-0.38047505130525977, -0.1442666476553292, -0.48606650239985, -0.46084913409124095, 0.2040763031575893, -0.720439703361697, 0.576923169321835, 0.4198854616383711, -0.3642895284608391, 0.3211845839107794, -0.24492775651501592, 0.46088475494738196, 0.029083548785423678, 0.26620172578196055, 0.02121532060118856], [-0.2457320750789468, 0.29513625067290783, -0.6810268300226046, -0.24005981070790594, -0.5490026681093021, 0.21851640901792585, -0.0190210590345586, -0.04523880369271997, 0.5121887834549792, 0.6540157818127801, 0.4289833301740153, 0.552027473164135, -0.18171904330096278, -0.5423308124328269, 0.009280427636184953], [-0.6080975723997081, -0.681099105746198, -0.1322994291970616, 0.4829637321761984, -0.3927829666022375, 0.17823211336581937, 0.41561758450000225, -0.49522953097338906, -0.19849339224460724, -0.3693523217795954, 0.43251057865693626, 0.30529018363512395, 0.7614520713148586, 0.2784996719273617, -0.038155441380501774]], "inverted": true, "swapped": false, "error_lsq": 0.04785611513652683, "error_max": 0.32282058287000637, "target": "512.xyz", "model": "10.xyz", "model_rescale": 4.2482417240324, "target_rescale": 3.991377321817611},
{"mapping": [6, 13, 3, 2, 9, 8, 10, 0, 4, 1, 7, 14], "R": [[0.8791818296574467, 0.4395765587215632, 0.18387974174087923], [0.31235139713159826, -0.8231118326141613, 0.474261020663195], [0.3598276186038572, -0.3595265776449148, -0.8609673192733928]], "T": [-0.07573167441499276, 0.024649707688145905, 0.059226446132739245], "aligned_model": [[-0.65533865032597, -0.1362702495599118, 0.5658301034636631, 0.7059062862267165, -0.5255497367398434, 0.19195077439133398, -0.2567646495369586, 0.3628268591688252, -0.04205119944205407, -0.07678254268544962, -0.2573717812576345, 0.00038038866029053986], [-0.3975762420892778, -0.6769042186225592, -0.3204862237007261, -0.28942055386605015, 0.5852692505485444, 0.6765669559805146, 0.26003074979344176, 0.2834090214060613, -0.3649168071379977, 0.7486474184411657, 0.18402359625222275, -0.022511556954700144], [-0.11883499472898168, 0.12409266628435095, 0.5834561173538895, -0.08016218995432184, 0.039858024196231016, 0.1353405038013452, 0.5512900118802873, -0.30788468679839115, -0.46487989192912865, -0.4493298643790346, -0.47745418336992623, 0.029700777498036676]], "inverted": true, "swapped": true, "error_lsq": 0.0455430368336333, "error_max": 0.21925229216415182, "target": "512.xyz", "model": "11.xyz", "model_rescale": 3.6694154284099745, "target_rescale": 3.991377321817611},
{"mapping": [13, 12, 10, 11, 6, 2, 4, 0, 9, 1, 8, 7, 5, 14], "R": [[-0.9834671792900257, -0.13737100613906317, 0.11798946534187735], [0.09948871026509869, -0.9543011843640111, -0.28180001073675126], [0.1513086375231363, -0.26540244195143975, 0.9521907582081991]], "T": [0.022649384192120838, 0.02740437459847058, -0.07249100331363258], "aligned_model": [[0.14792065255866949, 0.0493526532756, -0.04615161826518242, 0.5211857047981834, 0.6768692048524385, -0.583438533324262, 0.25887286437613083, -0.26019108728545676, 0.3593971367474075, 0.13008481424774965, -0.3401332333135487, 0.3826453137148701, -0.6705490047286636, -0.027600017398126436], [-0.38815218749380503, 0.32511532506722735, 0.5634645964102221, 0.5244283778874927, -0.14913778879584974, -0.5737360461272685, -0.5773087468075149, -0.19238282794305706, 0.5708846951685533, 0.20616817527667333, 0.4171747974714466, -0.12759057237719776, 0.1844280434018891, -0.05236855300255768], [-0.6307654072971804, -0.8079284906040061, -0.2679637289105375, -0.39652100332280227, -0.36703160613623653, -0.054746894730829, 0.005639692792291803, 0.4430236977669909, 0.25650107729166044, 0.7873371437000186, 0.3953883953394629, 0.36659755266600114, -0.018467223075960368, -0.07196774582645843]], "inverted": true, "swapped": true, "error_lsq": 0.035963263165259676, "error_max": 0.24685834910792115, "target": "512.xyz", "model": "12.xyz", "model_rescale": 3.9764082729961374, "target_rescale": 3.991377321817611},
{"mapping": [0, 2, 5, 6, 12, 4, 10, 1, 7, 8, 3, 11, 14, 13, 15], "R": [[0.3086737704265744, 0.7069909889525565, -0.6363051508439397], [0.9007965234630919, -0.43209555635479113, -0.04311674263266324], [-0.3054277766796108, -0.5598724602249427, -0.7702315895327977]], "T": [-0.05066336911531357, -0.08617738753769268, -0.03335493002648939], "aligned_model": [[-0.5051734512113367, 0.0229729928527728, -0.5995874657338955, -0.41801099433452515, 0.3593906599696316, -0.7654725759664864, 0.7451588839134156, 0.3765643569948189, -0.49884629933354474, 0.3328227667094382, -0.09575782931472032, 0.48095101401044815, -0.024710332305346548, 0.21072474356118706, -0.12288592545655921], [-0.013856831697109398, 0.3804033950030668, -0.6992323066537444, -0.39578636675867784, -0.5632566512844798, -0.027301193134638385, 0.0077429180466436626, -0.08596684708360604, 0.4747787977973399, 0.5022590535159949, 0.6685994649378936, 0.26473072918453916, 0.08293871272000401, -0.40552977127232, -0.024505749767805875], [-0.5948691827202537, -0.676114273378165, -0.1935732440040228, 0.5606625848085338, -0.14042782240497495, 0.004659716001574589, -0.09654366906666875, -0.5032474751647142, -0.2689264013857332, -0.1129399482071694, 0.33640423475510606, 0.44076988478674417, 0.7473717981499185, 0.4184977624976643, 0.017332210585162593]], "inverted": true, "swapped": false, "error_lsq": 0.045060153178945676, "error_max": 0.3019392658642536, "target": "512.xyz", "model": "13.xyz", "model_rescale": 4.170626492500431, "target_rescale": 3.991377321817611},
{"mapping": [12, 3, 10, 5, 11, 1, 8, 13, 6, 2, 4, 0, 7, 14], "R": [[-0.8580343038227378, 0.3796049341525715, -0.34594396573788033], [-0.5132614145370566, -0.6096015020832819, 0.604109865012339], [0.018435124378468476, 0.6959066766634939, 0.7178955659177191]], "T": [0.01687411127937176, 0.07933136985787567, 0.05369963607305761], "aligned_model": [[0.3445169206701566, -0.22114999247260803, -0.11302003723316141, -0.5888693334655913, 0.3986420980351128, -0.44653300975774346, -0.6540093664902951, 0.5690621827474663, 0.734868063789677, -0.23768364870559378, 0.3622302079813957, -0.40722937824415595, 0.0955773897487923, 0.006780925488191678], [-0.2806581390193714, -0.7821395376689295, 0.09826888151542268, -0.2858193089560509, 0.37376036477104535, 0.7815841567646342, 0.28895773616840614, -0.3559009632656289, 0.25314249980018566, -0.5255392600006882, 0.06874291930858942, 0.1534019959911935, 0.5505045677574346, 0.017768554759423162], [-0.5734135237901093, -0.028455556563383666, -0.505829278849756, -0.03483774986226139, -0.5530388042434501, 0.3273749435358727, -0.038036330689962844, 0.12927481090922954, 0.039584000108816506, 0.599922201100358, 0.6088581257411158, 0.5105478890576989, 0.39753226162288297, 0.12439011304381509]], "inverted": true, "swapped": true, "error_lsq": 0.042382418178616835, "error_max": 0.28087653068341684, "target": "512.xyz", "model": "14.xyz", "model_rescale": 3.9786697098870705, "target_rescale": 3.991377321817611},
{"mapping": [12, 3, 11, 6, 10, 9, 2, 0, 7, 4, 5, 14], "R": [[-0.8677719767177251, -0.38409383873038627, 0.31534698266000305], [0.46827997115222164, -0.84443277215903, 0.2600906801896028], [0.1663900989875502, 0.37337007961695556, 0.9126385476220812]], "T": [0.07923946115217878, 0.01676260024888396, 0.00976905378183535], "aligned_model": [[-0.03784018488964783, -0.7821577043154264, 0.5568762770048932, 0.5828543257620877, 0.06394894696831976, 0.5900438892731052, -0.6027585250792737, -0.08998856794095178, 0.5081539178252211, 0.2075505087447374, -0.5300404223800101, 0.01671213579428192], [-0.15872719157145587, -0.1294144849038161, 0.0717207804425881, -0.4859398436707435, 0.3499523176220181, 0.513040204467366, -0.25176011353111055, 0.21401861920229992, 0.021276137711902874, -0.48613541560893425, 0.3859803363030517, -0.029336856238727265], [-0.7555471303997798, -0.19557031716235784, -0.5980215633608577, -0.18919626212283397, -0.4582635713770109, -0.08919090055431578, 0.447720559704047, 0.5811817688073566, 0.41279669512874995, 0.4075299847149544, 0.033333745675899876, 0.0631934848199781]], "inverted": true, "swapped": true, "error_lsq": 0.054742540013845015, "error_max": 0.3060580094009823, "target": "512.xyz", "model": "15.xyz", "model_rescale": 3.769337070930944, "target_rescale": 3.991377321817611},
{"mapping": [4, 7, 13, 6, 2, 0, 3, 8, 12, 11, 14], "R": [[-0.9905260320528272, -0.024826517059784257, 0.1350622962797611], [0.12911244036417488, -0.5033865504267342, 0.8543605553820239], [0.046777746513583914, 0.863704593538875, 0.5018228945862849]], "T": [-0.006471706265731884, -0.050873522807762146, 0.06488232303916797], "aligned_model": [[-0.3082928229660304, -0.37518122993293407, -0.18604675572654916, -0.6806950009297358, 0.52805723379334, 0.2572803168625866, 0.7088058905367255, 0.4048312401636016, -0.010182347429776428, -0.4504014203230357, 0.03445102664297846], [0.016120118262196385, -0.4516591734990731, 0.58831357523215, 0.25029822928213996, 0.10979203040276492, -0.48155040000546573, 0.48062432420791124, -0.5859622256383221, 0.5837267874540566, 0.11544074688704803, -0.029079514960063592], [-0.5113118829667465, -0.15837405919942732, -0.1785167575461159, 0.039516980790690145, -0.5812543612853971, -0.3079619493855086, -0.04200580674766227, 0.2815694434604865, 0.5418328966613082, 0.6779343081005504, -0.017211204658401064]], "inverted": false, "swapped": true, "error_lsq": 0.04413290309128204, "error_max": 0.2543304851560591, "target": "512.xyz", "model": "16.xyz", "model_rescale": 3.7852294659196426, "target_rescale": 3.991377321817611},
{"mapping": [3, 0, 4, 2, 5, 8, 9, 7, 13, 12, 10, 6, 14], "R": [[-0.6761214746949314, 0.5526227871388876, -0.4873066863805575], [-0.38594878556441914, -0.8290317860510473, -0.40466014461318134], [-0.6276171495248526, -0.08552398992013097, 0.7738102873252851]], "T": [-0.004187576366061114, 0.13013635362616108, 0.07750070011314879], "aligned_model": [[0.010701641527417382, -0.4215663283375895, 0.3422097275477516, -0.06408507697637253, -0.4829712664235442, -0.7088531582388576, -0.3083000559427601, -0.055018300957372826, 0.6504752383704445, 0.398211034229556, -0.1465362541325802, 0.6342873389936495, 0.005211310556541367], [-0.23067798616416832, -0.30174760047428817, -0.3062079791970338, -0.6650280208242476, -0.05480621195497787, 0.20163025414762026, 0.6777158125901318, 0.058025295816121175, -0.04934911910243736, 0.5645941787583171, 0.6078425546420893, 0.33458737317033516, 0.03847707229541232], [-0.7441612726903336, 0.2600706355630575, 0.4198403392423833, -0.22770927614023406, -0.41713192453794623, 0.049601207162085395, 0.4305984665822007, 0.6594246604655798, -0.12062052843131595, -0.4512099283906552, -0.20857160761573695, 0.38810404680411104, 0.05751987912997817]], "inverted": true, "swapped": true, "error_lsq": 0.038889605223287785, "error_max": 0.19287400540285007, "target": "512.xyz", "model": "17.xyz", "model_rescale": 3.901054581598922, "target_rescale": 3.991377321817611},
{"mapping": [7, 11, 0, 2, 1, 3, 4, 6, 12, 11, 9, 10, 5, 8, 14], "R": [[-0.19108169113048648, -0.8274098849013282, 0.528091535325349], [0.3260464827578692, 0.4539547781081804, 0.8292278037511618], [-0.925840957398157, 0.3306326387402243, 0.18303163607349565]], "T": [-0.03704932035989726, -0.03133147928388086, 0.07412389587074955], "aligned_model": [[-0.245093794533164, 0.11269893986918762, -0.45008320957543496, -0.5423146664358112, 0.1546551305185876, -0.7893843518751235, 0.701944065018733, 0.31241292992929753, -0.521284076607429, 0.11269893986918762, -0.05168744826201731, 0.6311575000342683, -0.06515151382944841, 0.19515942072519094, -0.05758732049072691], [-0.12330924580601765, 0.6098433232035985, -0.629726125799476, -0.3982680770879106, -0.5737634874778323, -0.12436015926594707, -0.30336775379852216, 0.037972726003305576, 0.40433869284471313, 0.6098433232035985, 0.5720874057026908, 0.41824982358903096, 0.11437612399856073, -0.4656906180626526, 0.017791402305961122], [-0.5487200741801874, -0.37665467520398543, -0.14228167679420792, 0.6161594714881614, -0.3191984521288166, -0.019383080171430964, 0.1480090203859999, -0.5867836680309391, -0.2832041131581339, -0.37665467520398543, 0.33843620316531686, 0.2284937291111704, 0.6808080048298575, 0.518904168885319, 0.06112599225886298]], "inverted": false, "swapped": false, "error_lsq": 0.05010155348281027, "error_max": 0.47544013197584667, "target": "512.xyz", "model": "18.xyz", "model_rescale": 3.9405287249114394, "target_rescale": 3.991377321817611},
{"mapping": [12, 3, 4, 9, 0, 13, 6, 1, 14, 10, 11, 2, 5, 8, 15], "R": [[-0.2883119648451551, 0.5842322421169193, 0.7586493908243541], [-0.8754905697810249, 0.16004249119007047, -0.4559634450678838], [-0.3878046842827234, -0.7956501041819286, 0.4653476534416646]], "T": [-0.13681052198812957, -0.06664478559126281, -0.05164051374228789], "aligned_model": [[-0.32238955064550995, 0.09970927834156937, -0.33932519052800636, -0.4156033993438739, 0.23925278099910377, -0.7850148113211349, 0.5641206736289842, 0.403317694624273, -0.5406076072613266, 0.03903007422256893, -0.38033195432430555, 0.5574135158673739, 0.27042367255750344, 0.2200923992019281, -0.11194703166385], [-0.09666518390916458, 0.4250893729910233, -0.7240737039703059, -0.10581144712158556, -0.6236667298885809, 0.07861181219740514, -0.22739132480194268, -0.08549023595383917, 0.5398299951881627, 0.6991575039923403, 0.453288901709526, 0.3905272405070499, 0.03127787925369756, -0.5513618857108263, -0.037304840929859216], [-0.5662260382343888, -0.7056164278318939, -0.29951155868546764, 0.6623275185370358, -0.19647560504794914, 0.04866684122793161, 0.1511881448214679, -0.4303564793407502, -0.31408139523677636, -0.02859762027589518, 0.3837667378079811, 0.2020758768000081, 0.6665754045311091, 0.40655354256316184, -0.041232766382572096]], "inverted": true, "swapped": false, "error_lsq": 0.05165657161212938, "error_max": 0.39212753797349653, "target": "512.xyz", "model": "19.xyz", "model_rescale": 4.410303926677745, "target_rescale": 3.991377321817611},
{"mapping": [13, 4, 6, 3, 11, 2, 12, 7, 0, 8, 5, 10, 9, 14], "R": [[-0.6442729915063043, -0.32549698903605007, 0.6920722668507842], [-0.30410092180845727, -0.7212706815644638, -0.622327271835953], [0.7017370887809509, -0.6114084674290986, 0.36571128528558805]], "T": [0.08115968342164859, -0.0227756739374942, 0.07206847743604114], "aligned_model": [[-0.20673509291234865, 0.28016601630800986, 0.3784407186658729, -0.8012348254953028, 0.2757041110732957, -0.398924051545788, -0.3596958752586198, 0.6312522884691167, 0.1888804168668478, 0.1286538113388306, -0.4025780077046963, -0.07016688678878916, 0.5782239054590866, 0.03920136098535725], [-0.0787944632456596, -0.48498856297019327, 0.17423903076871305, -0.18192128582100536, 0.6982389215059936, -0.7285296529503226, 0.5628743483763654, -0.2313952421218497, -0.5283158478553993, -0.024952999426400762, -0.14116541028237622, 0.4890573429435286, 0.3924141601872111, -0.10581187292740321], [-0.5713823366308506, -0.3454714872954565, -0.5750281676839256, 0.1119392563418535, -0.13495128621462005, 0.09347294207168104, -0.23268322488113638, 0.05488521535104898, 0.42827899086597343, 0.7793045828930005, 0.58204957935058, 0.2852138686109217, 0.38439884356910237, 0.056788262376848905]], "inverted": true, "swapped": true, "error_lsq": 0.046305544908425936, "error_max": 0.39816692485851385, "target": "512.xyz", "model": "20.xyz", "model_rescale": 4.121658175737393, "target_rescale": 3.991377321817611},
{"mapping": [1, 9, 6, 7, 4, 8, 12, 0, 10, 3, 13, 2, 14], "R": [[-0.25098569057155323, 0.6891458374532162, 0.6797677528753672], [-0.6685478763983494, 0.38444333742524345, -0.63659018000013], [-0.7000356563001473, -0.6142323135673068, 0.3642372096288024]], "T": [0.02676200757083469, -0.005517001522312666, 0.04616018881518083], "aligned_model": [[0.26207831622523226, -0.22980800103355747, 0.20752535435799552, 0.43313257518989445, 0.6435972243066677, -0.19876925869103937, -0.5408704096527329, 0.37298240669241506, -0.5411872755766755, -0.21273806573991363, 0.18110018074690115, 0.4189953234764324, 0.08504453436267492], [-0.689924765224988, -0.23149471268914018, 0.6241658227134279, -0.13087877002028636, 0.20994088939933725, -0.6753127298715894, 0.5282290809203619, -0.5167053817616798, -0.019904802840833492, 0.02494994105430181, 0.6182095227313854, -0.18815803800026387, -0.012289152246850015], [0.5550959002030285, 0.678703943459506, 0.3878457595270183, 0.4530590111595594, 0.020158071615531986, 0.10049868362506044, -0.1058981247186768, -0.06732297679663723, 0.13293765562382354, -0.8182752075293356, -0.24912849766362125, -0.6899257438496282, -0.02763873517384019]], "inverted": true, "swapped": true, "error_lsq": 0.05941008928569141, "error_max": 0.31737947845884795, "target": "512.xyz", "model": "21.xyz", "model_rescale": 4.08911054899281, "target_rescale": 3.991377321817611},
{"mapping": [12, 3, 10, 5, 7, 9, 0, 13, 14, 2, 15, 1, 8, 6, 16], "R": [[-0.2943294885295993, -0.851628927266902, -0.43370303483389505], [-0.20653551721230162, -0.38640079645524694, 0.8989090636035428], [-0.9331201596320551, 0.35415052554101506, -0.06216247217792459]], "T": [-0.022262223180242718, 0.059463224153519526, 0.05076696620411284], "aligned_model": [[-0.4055890099426834, 0.027972019495689688, -0.410732218918138, -0.5118559593246721, 0.14689246195472097, -0.7256016181058922, 0.7162519531847327, 0.1501856051852688, -0.40727948253419366, 0.32066597809524916, -0.24411124247891117, 0.4407462851669878, 0.09187906287777302, 0.2936784313215464, 0.015038278377819108], [-0.18961841400337692, 0.4568875166466669, -0.647531579442526, -0.24427770200906657, -0.558045386360592, -0.044164032440213455, -0.1731909267731161, -0.08626863910001299, 0.37997472438418917, 0.6899523357895141, 0.738241917051804, 0.42986576894876477, -0.0907463759856179, -0.5426554628467731, 0.047593609693457134], [-0.5288781132346283, -0.7198232464858582, 0.03115015416633417, 0.45791371769576017, -0.25885537867308817, 0.004694210708085414, 0.027352108872862713, -0.5703239583414894, -0.35030244694842566, -0.027575603652019547, 0.1975645022791061, 0.5784254327080802, 0.7179782227811703, 0.35605161722573486, 0.023684956151376883]], "inverted": false, "swapped": false, "error_lsq": 0.045727717810479816, "error_max": 0.3578995902383222, "target": "512.xyz", "model": "22.xyz", "model_rescale": 4.204369325754507, "target_rescale": 3.991377321817611},
{"mapping": [12, 3, 4, 9, 0, 13, 6, 1, 14, 10, 11, 2, 5, 8, 15], "R": [[-0.2883119648451551, 0.5842322421169193, 0.7586493908243541], [-0.8754905697810249, 0.16004249119007047, -0.4559634450678838], [-0.3878046842827234, -0.7956501041819286, 0.4653476534416646]], "T": [-0.13681052198812957, -0.06664478559126281, -0.05164051374228789], "aligned_model": [[-0.32238955064550995, 0.09970927834156937, -0.33932519052800636, -0.4156033993438739, 0.23925278099910377, -0.7850148113211349, 0.5641206736289842, 0.403317694624273, -0.5406076072613266, 0.03903007422256893, -0.38033195432430555, 0.5574135158673739, 0.27042367255750344, 0.2200923992019281, -0.11194703166385], [-0.09666518390916458, 0.4250893729910233, -0.7240737039703059, -0.10581144712158556, -0.6236667298885809, 0.07861181219740514, -0.22739132480194268, -0.08549023595383917, 0.5398299951881627, 0.6991575039923403, 0.453288901709526, 0.3905272405070499, 0.03127787925369756, -0.5513618857108263, -0.037304840929859216], [-0.5662260382343888, -0.7056164278318939, -0.29951155868546764, 0.6623275185370358, -0.19647560504794914, 0.04866684122793161, 0.1511881448214679, -0.4303564793407502, -0.31408139523677636, -0.02859762027589518, 0.3837667378079811, 0.2020758768000081, 0.6665754045311091, 0.40655354256316184, -0.041232766382572096]], "inverted": true, "swapped": false, "error_lsq": 0.05165657161212938, "error_max": 0.39212753797349653, "target": "512.xyz", "model": "23.xyz", "model_rescale": 4.410303926677745, "target_rescale": 3.991377321817611},
{"mapping": [7, 13, 1, 3, 11, 0, 9, 14, 12, 6, 5, 15, 4, 10, 16], "R": [[0.3209888156236038, -0.03233233487968251, 0.9465309294290307], [-0.8633977614570565, 0.4007624626383245, 0.3064861400634781], [-0.3892434787578339, -0.9156113087229178, 0.10072460267087674]], "T": [0.019051672718400747, -0.010605421350241815, 0.005086275242006833], "aligned_model": [[-0.3822499986747798, -0.0015396240899549288, -0.45339758366794275, -0.5705033643336566, 0.2713582141403506, -0.7276088859839556, 0.60403472641131, 0.5502338263732223, -0.49106438651527257, 0.17722517395028833, -0.09634800116749136, 0.5825062021002221, -0.08696304791353832, 0.19119376873572164, -0.06873647500922635], [-0.1911104563868254, 0.3174741063587003, -0.7206350567677785, -0.3879342832856068, -0.4795009083758391, 0.09667787468724784, -0.19786099386279055, 0.12531333322249724, 0.5750455265394808, 0.6838390605048462, 0.5217982984130511, 0.3960952349646154, 0.02763487150295035, -0.5303990766853407, -0.07042017727610757], [-0.49321664221461364, -0.6163044599827507, -0.08970278815229249, 0.5701515571972614, -0.3372584603878619, 0.0421553399157404, 0.12817226584817118, -0.3918036362053072, -0.20220677368022494, -0.26066943003797816, 0.3194606187835423, 0.16765244732871118, 0.6841907826655586, 0.35717376568686054, 0.06126158848818552]], "inverted": false, "swapped": false, "error_lsq": 0.0389373951414038, "error_max": 0.2919850414417274, "target": "512.xyz", "model": "24.xyz", "model_rescale": 4.28219845311461, "target_rescale": 3.991377321817611},
{"mapping": [1, 3, 0, 6, 4, 8, 13, 7, 5, 9, 11, 12, 14, 2, 15], "R": [[-0.9648110340409155, -0.055950304424693176, -0.256922618754526], [0.1667453186299897, 0.625317278489627, -0.7623478864254228], [0.20331174906503202, -0.7783622965284934, -0.5939835587244879]], "T": [-0.00039728743402096117, 0.036803768125740974, 0.009895822934943451], "aligned_model": [[-0.47372725377475167, -0.060368323491603246, -0.33395958654313374, -0.6053542572575633, 0.16937752079940493, -0.6813635299159693, 0.5682314397087465, 0.6223578963353219, -0.5552419428363915, 0.2552131592295069, -0.04887719124620763, 0.46057486979689094, 0.04067717833098305, 0.1660264735471435, -0.025425908327079964], [-0.031985728207143696, 0.08505384374113593, -0.7025770549558668, -0.4312810478240501, -0.4984523929549977, 0.13806817705925273, -0.06368405310526037, 0.058160390645815754, 0.634560603451398, 0.5926722332848207, 0.49105525094515984, 0.45630164759117536, -0.00015193475168130688, -0.5295172201131643, -0.03220536125349359], [-0.41566750608298536, -0.7608964641937702, -0.07731864322757565, 0.4864677531828227, -0.45842664026763, 0.09920737320805667, 0.14946668446859918, -0.45622206077385796, -0.23528748625844637, -0.27741451951208757, 0.30617670407868985, 0.4525538168929284, 0.7695614001342687, 0.3568305350190952, 2.5228584894319145e-05]], "inverted": true, "swapped": false, "error_lsq": 0.04592563954591721, "error_max": 0.3296152330401958, "target": "512.xyz", "model": "25.xyz", "model_rescale": 4.100010024507729, "target_rescale": 3.991377321817611},
{"mapping": [6, 13, 3, 2, 9, 8, 10, 0, 4, 1, 7, 14], "R": [[0.8791818296574467, 0.4395765587215632, 0.18387974174087923], [0.31235139713159826, -0.8231118326141613, 0.474261020663195], [0.3598276186038572, -0.3595265776449148, -0.8609673192733928]], "T": [-0.07573167441499276, 0.024649707688145905, 0.059226446132739245], "aligned_model": [[-0.65533865032597, -0.1362702495599118, 0.5658301034636631, 0.7059062862267165, -0.5255497367398434, 0.19195077439133398, -0.2567646495369586, 0.3628268591688252, -0.04205119944205407, -0.07678254268544962, -0.2573717812576345, 0.00038038866029053986], [-0.3975762420892778, -0.6769042186225592, -0.3204862237007261, -0.28942055386605015, 0.5852692505485444, 0.6765669559805146, 0.26003074979344176, 0.2834090214060613, -0.3649168071379977, 0.7486474184411657, 0.18402359625222275, -0.022511556954700144], [-0.11883499472898168, 0.12409266628435095, 0.5834561173538895, -0.08016218995432184, 0.039858024196231016, 0.1353405038013452, 0.5512900118802873, -0.30788468679839115, -0.46487989192912865, -0.4493298643790346, -0.47745418336992623, 0.029700777498036676]], "inverted": true, "swapped": true, "error_lsq": 0.0455430368336333, "error_max": 0.21925229216415182, "target": "512.xyz", "model": "26.xyz", "model_rescale": 3.6694154284099745, "target_rescale": 3.991377321817611},
