[{"mapping": [8, 3, 9, 6, 7, 1, 5, 10, 2, 4, 0, 11], "R": [[-0.7835141080078393, 0.5115044764437171, 0.3528013791508171], [0.31539512618115956, -0.1618249565062625, 0.935060745530961], [0.5353798249223165, 0.8439051214619953, -0.03453388243978256]], "T": [0.012736172920902556, 0.010690858550008522, -0.05987775248104637], "aligned_model": [[0.4168984266138583, -0.415920540012756, -0.22719828110948653, 0.26576518767189505, -0.16488453125032407, 0.5333857660100153, -0.18291091108661214, -0.6325011849630586, 0.7366639411981686, -0.04701393823595264, 0.1461664290251238, 0.017092299092100215], [-0.14421579931392703, 0.1970625846294075, -0.40260883784168877, -0.6683746200142814, -0.6296846242959951, -0.13681988315951404, 0.11447422144279815, -0.11979987402091742, 0.3636487946760716, 0.7540871308254969, 0.48044702763142216, 0.047986608280401265], [-0.5243777963243882, -0.5653987876141273, -0.43533912620627385, -0.06081635322176915, 0.6146394350579204, 0.39733679432975066, 0.7398956933371608, 0.10865196795096702, -0.049901419028828116, -0.3699428639128029, 0.3200128927939031, -0.0013772644067502893]], "inverted": true, "swapped": false, "error_lsq": 0.04689419679042573, "error_max": 0.2503026470597139, "target": "514.xyz", "model": "0.xyz", "model_rescale": 3.751011558992144, "target_rescale": 3.952024231147167},
{"mapping": [3, 2, 0, 7, 1, 6, 4, 8, 9, 5, 10, 14], "R": [[0.7964212099329184, 0.3492632137090148, 0.49368863053410234], [-0.5911881418386076, 0.2777856293369531, 0.7571867174503838], [0.1273178593850866, -0.8949024257892723, 0.4277146373437263]], "T": [0.1191537903613118, 0.0274157091953846, -0.0027834947434048837], "aligned_model": [[0.22762491616019342, -0.38144989902107795, -0.18652073337501418, 0.4116297138820144, -0.15529764734654816, 0.46473481532380967, -0.27860827092908524, -0.5186346786435079, 0.4806974545282514, -0.0776527249601151, 0.28859701922142605, 0.17042269811262423], [-0.310423132178238, 0.10008207422784632, -0.5936188989808618, -0.5675143170077281, -0.5286806913829311, -0.34883663574701956, 0.14133303400970448, 0.19529467297444825, 0.5675055448357762, 0.5731052488347343, 0.588892495561284, 0.039063333692258985], [-0.6791745219163164, -0.6568887214140202, -0.31324060850540514, 0.011113335108032509, 0.31520825206736747, 0.5474288945948871, 0.6712952511127237, 0.07111355841048578, -0.11131353516066389, -0.23424875963395334, 0.5703539745382169, -0.018263946446592245]], "inverted": false, "swapped": false, "error_lsq": 0.04650215964537254, "error_max": 0.27810198353294563, "target": "514.xyz", "model": "1.xyz", "model_rescale": 3.9405287249114394, "target_rescale": 3.952024231147167},
{"mapping": [4, 7, 3, 8, 10, 9, 11, 6, 2, 1, 5, 12], "R": [[0.35492496447088706, 0.3879994366355487, 0.8505790420447923], [0.3820104762801291, -0.8905818901552699, 0.24684386348397558], [0.8532855709594347, 0.2373190554885205, -0.4643095953073424]], "T": [-0.008268317788508894, 0.07930050468411354, -0.021108778501965776], "aligned_model": [[0.26726879705188356, -0.5565263057909887, -0.27390199640269586, 0.4840463655788554, -0.04256458512919259, 0.3879921677365712, -0.24891898176412275, -0.5251746084081789, 0.5065949223688687, 0.12335178580383926, 0.25254897114555974, 0.07082613076257224], [-0.19604664519491377, -0.024843500547928776, -0.3978264465411429, -0.519138008663468, -0.6733865864584034, -0.32811393094893043, 0.05834520619011706, 0.22290225976085093, 0.5219314005905153, 0.6104162237195413, 0.4688943719421513, 0.11306838499088503], [-0.6041687816592215, -0.5845598038110354, -0.19018952775887482, -0.007420521016422717, 0.3580653611572191, 0.551055719120261, 0.6491616314299558, 0.06573657857668139, 0.03513498955595639, -0.5936632070780496, 0.5341094135313624, -0.03987867929306989]], "inverted": true, "swapped": false, "error_lsq": 0.05284223249497829, "error_max": 0.29621044096082044, "target": "514.xyz", "model": "2.xyz", "model_rescale": 3.932901565614263, "target_rescale": 3.952024231147167},
{"mapping": [11, 8, 3, 1, 0, 2, 4, 7, 12, 9, 5, 13], "R": [[0.9494388475017337, -0.313865536950065, 0.0073688241685673575], [-0.19684345668476122, -0.5768358965392171, 0.7927881192501515], [-0.24457826644036554, -0.7541543430749736, -0.6094527860352931]], "T": [0.0684940121945202, -0.05998866654594464, -0.03737474174125475], "aligned_model": [[0.3280540302928001, -0.3404430870056495, -0.24746606739154384, 0.47793921901516334, -0.15320276178836756, 0.3684180253970979, -0.15125321468418548, -0.5425841893212529, 0.5402776560237698, -0.12043280607853263, 0.1402199157809434, 0.14601594271272872], [-0.21665881967197592, 0.05347702863689661, -0.40361954790714694, -0.6693678932202706, -0.56324062261512, -0.3554946373476804, 0.00037445137795456135, 0.2677882370687527, 0.5361205823172761, 0.6127898445794496, 0.5686817344209405, 0.025352371200197572], [-0.8774888759466705, -0.6362759944084487, -0.244189933552955, 0.061520160157451896, 0.34542852138634217, 0.6815979007864589, 0.8060076476951145, 0.1325907854580921, -0.10951188192893938, -0.2642418210938217, 0.30384162269268333, -0.025894958490545628]], "inverted": false, "swapped": false, "error_lsq": 0.04704087161213253, "error_max": 0.2406634202617375, "target": "514.xyz", "model": "3.xyz", "model_rescale": 3.9243930471874484, "target_rescale": 3.952024231147167},
{"mapping": [7, 2, 4, 8, 10, 11, 6, 3, 1, 0, 5, 12], "R": [[-0.6703079399544853, 0.6982590480792062, -0.25124005932473203], [-0.46710623096991727, -0.6600847848022022, -0.5883025122007459], [-0.5766272926449567, -0.27698804784349634, 0.7686212244849842]], "T": [0.13389767913004375, -0.12239156193089842, 0.09710713981697494], "aligned_model": [[0.24010308153472382, -0.3372043839299322, -0.17784735728559864, 0.39490294155101485, -0.13471266023581552, 0.4352776565689613, -0.22309623817117835, -0.5231245945485525, 0.5536640499268883, -0.12073127292506847, 0.19900797990639668, 0.13930346056113194], [-0.13461584689758002, 0.20055583399206875, -0.398609083967257, -0.6515062449644429, -0.6915693469378834, -0.2047882929870176, 0.16266152583509672, 0.02270282786669206, 0.33351349338616176, 0.6280267731484209, 0.5933963658451751, -0.0035652754801607234], [-0.6975561462792745, -0.6274494942433217, -0.32584224513396676, -0.12255231047619847, 0.4149323341600488, 0.8240974900264539, 0.6564072335964328, 0.08218332314205873, -0.25800843920889516, -0.21169501774137112, 0.33591959962117046, 0.10294684529162437]], "inverted": false, "swapped": false, "error_lsq": 0.0407152091063747, "error_max": 0.2183163776638033, "target": "514.xyz", "model": "4.xyz", "model_rescale": 3.8936222436046832, "target_rescale": 3.952024231147167},
{"mapping": [4, 5, 1, 2, 0, 3, 9, 6, 10, 7, 8, 11], "R": [[0.27477698871751843, 0.7266794728415251, -0.6296304870494248], [0.43196897741983353, 0.49173343484559917, 0.7560430090952579], [0.8590112973751837, -0.4797240590232181, -0.17878595631674138]], "T": [0.05946892206171305, 0.06057588417917279, 0.06515318310729562], "aligned_model": [[0.31892300714224864, -0.35089597473151507, -0.39222243111825505, 0.5183176923430832, 0.05440909075168842, 0.4039567406589198, -0.31171341852760015, -0.6782011086243304, 0.6336974028044522, 0.0012491966641251448, 0.2508814619896772, -0.0028589963995226467], [-0.1339179693779453, 0.06208338984145304, -0.5807902417057721, -0.5015633085151459, -0.6862373284496632, -0.11147608048566995, 0.03426344463338129, 0.3090751076944866, 0.258835956610189, 0.6477520136751423, 0.543047733209298, 0.015130011709520157], [-0.6597470290394352, -0.6339671469886219, -0.1013796400562918, -0.10982052626750277, 0.5394555471401263, 0.49177748693244605, 0.5586785313732643, -0.10425664496549686, -0.10926583841443624, -0.20239528710477073, 0.5909335372311459, -0.08662981708566506]], "inverted": false, "swapped": false, "error_lsq": 0.05099958810056019, "error_max": 0.2893620008718174, "target": "514.xyz", "model": "5.xyz", "model_rescale": 3.6523030999806103, "target_rescale": 3.952024231147167},
{"mapping": [5, 1, 3, 7, 11, 9, 10, 2, 8, 6, 10, 12], "R": [[-0.626162110743123, -0.5070536727461903, -0.592298559870203], [-0.712041318722, 0.6813890328082741, 0.169428883019513], [0.3176762054393626, 0.5278309946594688, -0.7877031608254748]], "T": [0.034446519869829065, -0.021868358802521123, -0.06317999126329826], "aligned_model": [[0.43223180073635503, -0.2896174083781652, -0.3371831978570563, 0.25716750577511466, 0.02052622976043468, 0.5689491160568155, -0.07434780452940966, -0.6887812057819621, 0.5863573605062066, 0.001153171335636194, -0.07434780452940966, 0.043434899858411334], [-0.17405331528217943, 0.20170056258703234, -0.5618352727791004, -0.6677864240110669, -0.6366608995951527, -0.04448259403955983, 0.33851179140034404, 0.20608452450748505, 0.3357644776951211, 0.626802607330614, 0.33851179140034404, -0.1063545203746073], [-0.5946968200975016, -0.6353463777197494, -0.2933273085642488, -0.06498973483905823, 0.5664273152778418, 0.4230899401684701, 0.6201669074530614, -0.09768758533054944, -0.20876941709219762, -0.03594044810642241, 0.6201669074530614, -0.12571020584794512]], "inverted": false, "swapped": false, "error_lsq": 0.0629458073912213, "error_max": 0.36069003974936364, "target": "514.xyz", "model": "6.xyz", "model_rescale": 4.08911054899281, "target_rescale": 3.952024231147167},
{"mapping": [9, 3, 8, 11, 12, 13, 7, 4, 1, 0, 2, 14], "R": [[0.5299256908391501, -0.5656326150429719, 0.6318532321578318], [0.40935277054366404, -0.48190956327933065, -0.7747215513125678], [0.7427038921648899, 0.6691957244480677, -0.02383298016509408]], "T": [-0.04757545738960556, -0.12021405306074504, 0.08089476747857796], "aligned_model": [[0.28043897075835256, -0.3999335886833489, -0.300810538267303, 0.3598011441289092, 0.0929019264832342, 0.4639972955486339, -0.26244720558693657, -0.7294625841341094, 0.5930545814447363, 0.0485634937429133, 0.24029260582453404, 0.059146561693355845], [-0.10958265264805367, 0.3058321131180982, -0.4225526625004289, -0.5342699488985571, -0.6237940078654193, -0.1448901465309999, 0.19176017511392404, -0.143644139807082, 0.1939792070906384, 0.7197785686185371, 0.5599636118384693, -0.13637738868985244], [-0.6310397914240108, -0.48547953266335475, -0.4755334240609309, -0.003562811307040864, 0.565327685177574, 0.6039425006864197, 0.7560178505670568, -0.09610937687244855, -0.08887509873433366, -0.3312045903265447, 0.4043601684797469, -0.04446040676737159]], "inverted": false, "swapped": false, "error_lsq": 0.04578189887938228, "error_max": 0.28833739479046894, "target": "514.xyz", "model": "7.xyz", "model_rescale": 3.964800864290218, "target_rescale": 3.952024231147167},
{"mapping": [1, 0, 2, 7, 12, 9, 11, 6, 5, 3, 10, 13], "R": [[-0.21215200498774417, 0.8518393976114599, -0.47891666024124235], [0.9767016008668671, 0.16861249884720625, -0.1327546914297199], [-0.03233434155475351, -0.49592284269777914, -0.867764383025009]], "T": [-0.005606574395617438, -0.03626691369150351, -0.012855469662077151], "aligned_model": [[0.3760811424163745, -0.3063270584188431, -0.3471420087716713, 0.3102172942893453, 0.07800830603390049, 0.33493787160445404, -0.3456290292750302, -0.510046835029252, 0.6295613601514846, -0.17659803750526742, 0.3368635686374501, 0.06561608882002615], [-0.26400503133503067, 0.11850360098972243, -0.481694198953034, -0.6576355001280912, -0.6222852750549166, -0.09710052377223166, 0.0139022269125307, 0.22672515091488024, 0.5019825228152411, 0.601857265868738, 0.5406980003493729, -0.024745509767907254], [-0.6174790945556355, -0.644339951495866, -0.3643619537618664, -0.1578021106040907, 0.45646954480472834, 0.582279371337561, 0.7414661540519129, 0.10063911428130373, -0.08979675891382419, -0.31205798754352265, 0.4614436997489034, 0.0169231454051576]], "inverted": true, "swapped": false, "error_lsq": 0.04303875632077426, "error_max": 0.21887982620257262, "target": "514.xyz", "model": "8.xyz", "model_rescale": 4.121658175737393, "target_rescale": 3.952024231147167},
{"mapping": [2, 8, 6, 1, 4, 0, 5, 7, 3, 11, 10, 12], "R": [[0.21916158090700683, -0.5282200904293666, 0.8203363563326531], [-0.3020513085161235, -0.8362044038980327, -0.4577414138192366], [0.9277570848438934, -0.14746433795439448, -0.3428134486183893]], "T": [-0.05884542127292841, 0.001513963303975574, 0.011759248234899902], "aligned_model": [[0.4616753037940943, -0.26048477568445705, -0.3829552843004035, 0.2983166741365043, -0.034506446120435824, 0.5511638759138753, -0.15679608320766772, -0.6643519186423148, 0.550722674834828, -0.1264864375375136, 0.22597884065833757, -0.01673376089187538], [-0.11592513784701625, 0.04797774400885717, -0.49172277522247415, -0.5850139852715379, -0.7164062317441915, -0.2217774310597031, 0.08787167384061846, 0.29912518302091173, 0.46981304702274934, 0.5947941627890433, 0.5630207426564585, -0.0755542633544423], [-0.43277723300756676, -0.6866217549162527, -0.35135556356720105, -0.04613651029777635, 0.5334163439877067, 0.4554414021143007, 0.6156349969888902, 0.012354105579078508, -0.16658507005347237, -0.20382222678361003, 0.4361012178206063, 0.007733464890058845]], "inverted": true, "swapped": false, "error_lsq": 0.047350382101005395, "error_max": 0.31357426017802265, "target": "514.xyz", "model": "9.xyz", "model_rescale": 3.833441315466971, "target_rescale": 3.952024231147167},
{"mapping": [12, 11, 10, 0, 13, 5, 2, 8, 6, 7, 3, 14], "R": [[0.32131666574719964, 0.4123470104401793, 0.8524819900116066], [0.2430278415461948, -0.9059756711100156, 0.3466201834719874], [0.9152557394228674, 0.09580201635562396, -0.3913168858044549]], "T": [0.13672292231155386, 0.01490565829522942, -0.030969239678275348], "aligned_model": [[0.35597762160736524, -0.24978749878080153, -0.37761159448231246, 0.25747637177739624, -0.02506123244384706, 0.4607642181346093, -0.11764120649195348, -0.6412763440594278, 0.7325563625410327, -0.12710123335730233, 0.08694659050901987, 0.09030060799919204], [-0.08987031923652974, 0.20520540661584752, -0.514169479172151, -0.6548598789922359, -0.5373622776014825, -0.22275450049453216, 0.03886086825141525, -0.031989785574148825, 0.2677396666721197, 0.6052909313660811, 0.7118958431416725, 0.0782162538632176], [-0.5823034656063781, -0.559866943605689, -0.39331389227875535, -0.005362771593053935, 0.5208573233513785, 0.5130437096091022, 0.6408754542961747, -0.039762489774140305, -0.23660737757417727, -0.19145606470913812, 0.4848299933258432, 0.022449697313595293]], "inverted": true, "swapped": false, "error_lsq": 0.040871665070532665, "error_max": 0.21365323946085596, "target": "514.xyz", "model": "10.xyz", "model_rescale": 4.2482417240324, "target_rescale": 3.952024231147167},
{"mapping": [4, 9, 5, 6, 2, 1, 3, 7, 10, 9, 8, 11], "R": [[-0.8749483922795471, -0.47624274741879447, 0.08751089291301956], [-0.05063916700982107, -0.08974081323721583, -0.994676963241873], [0.4815609884656222, -0.8747224885473801, 0.05440204424000472]], "T": [0.14530947758108814, -0.08109867663134832, 0.11071682369774102], "aligned_model": [[0.3204151666910902, -0.15492809069774383, -0.26412107235151216, 0.33273623971760835, -0.08862808450420268, 0.5751014952952, -0.29706533198346047, -0.5048242767276889, 0.40789598921966785, -0.15492809069774383, 0.1522558234540013, 0.12163289553775508], [-0.26632898970202823, 0.44873770995425866, -0.4171671665305955, -0.6630524689620974, -0.6343923595694756, -0.11675335132121029, 0.10626325368058678, 0.10529555578557798, 0.44709317898918666, 0.44873770995425866, 0.4496339335065739, -0.05186427694576193], [-0.7264613586465524, -0.44465846219714544, -0.42183436182366774, -0.10534596942003735, 0.5430322222796458, 0.6703185744457121, 0.7643770270023786, 0.07695977516811948, -0.1482504524127943, -0.44465846219714544, 0.41915234981303184, -0.009247709256783115]], "inverted": false, "swapped": false, "error_lsq": 0.0502673979182886, "error_max": 0.38959644029585583, "target": "514.xyz", "model": "11.xyz", "model_rescale": 3.6694154284099745, "target_rescale": 3.952024231147167},
{"mapping": [0, 5, 6, 4, 11, 8, 9, 7, 2, 12, 10, 13], "R": [[0.33633988032998163, 0.6781252534982819, -0.6534689169864965], [-0.8755048320387594, 0.4807885618622564, 0.04830784469635652], [0.3469391502502961, 0.5558673397046406, 0.7554103035260297]], "T": [0.0887831147451976, -0.011035300523957566, -0.02750115592640722], "aligned_model": [[0.20288540970767246, -0.4869606146926383, -0.25693686697200036, 0.4909367506733351, -0.050786020000195914, 0.45711403893384006, -0.21198952917701105, -0.59137469168718, 0.6147408993775506, 0.14574337643542, -0.015171554366165102, 0.14734146472034396], [-0.2092120421303869, 0.1301689276892563, -0.41069824993063936, -0.6149616185503777, -0.5954334064596979, -0.09226357379679151, 0.01611447890734118, 0.23557856937597024, 0.3275615414748242, 0.5823540058806823, 0.5330480839406726, -0.04605398756157965], [-0.7045864605934139, -0.5689356546650859, -0.22900067097962634, -0.1731861079809094, 0.40148364486753196, 0.6284959090201855, 0.716464550968047, 0.14200482034470213, 0.15967298963167026, -0.3537114560386061, 0.2834578201908662, -0.1287762120105993]], "inverted": false, "swapped": false, "error_lsq": 0.04950550871101722, "error_max": 0.2803223445333355, "target": "514.xyz", "model": "12.xyz", "model_rescale": 3.9764082729961374, "target_rescale": 3.952024231147167},
{"mapping": [13, 10, 12, 6, 5, 4, 0, 1, 3, 8, 7, 15], "R": [[-0.10937563091544973, -0.9365402786779784, -0.3330604716498522], [0.9927196609196742, -0.11992465101790852, 0.011213960128349354], [-0.05044448617415656, -0.32940914451788905, 0.9428387822542187]], "T": [0.021191979199457603, -0.046033757556499515, -0.0217187362945767], "aligned_model": [[0.16027124032456896, -0.3853043407982065, -0.4173537075799897, 0.5834387354881354, -0.04010477815184545, 0.4169553147175536, -0.19289597848325785, -0.5681267595444668, 0.5860181738302318, -0.04060438971177305, 0.22606435629838767, 0.11718479656363294], [-0.40250375620183526, 0.22894519426777243, -0.38298799730092387, -0.5629454309108988, -0.704264345772564, -0.15299453047526582, 0.062257785913240556, 0.16079020045827855, 0.5675107728016294, 0.6121105455174901, 0.44589818082720545, -0.015613890284855006], [-0.4992819733402965, -0.6583459559767441, -0.3400786833257132, -0.04015003283189829, 0.49383834697522727, 0.5680223061091542, 0.6635164215092583, -0.13682674130451172, -0.13563943871583645, -0.2720787206554737, 0.5140647797106049, 0.016342864600991443]], "inverted": true, "swapped": false, "error_lsq": 0.04636605599364143, "error_max": 0.3365469931588478, "target": "514.xyz", "model": "13.xyz", "model_rescale": 4.170626492500431, "target_rescale": 3.952024231147167},
{"mapping": [0, 8, 4, 2, 6, 3, 11, 12, 1, 7, 9, 13], "R": [[-0.33709656292909285, -0.8296553502515233, -0.4450145020787689], [0.40393002179952925, -0.5544165422749716, 0.7276419690623245], [-0.8504154542048401, 0.06553088928808326, 0.5220146145451189]], "T": [0.016040373861390393, -0.03874366222584684, 0.003937896667484028], "aligned_model": [[0.408663762168684, -0.43387836587268147, -0.36918975559352907, 0.3324311406312294, -0.06972708047089737, 0.5078273230985473, -0.13161964382404784, -0.7133065580394597, 0.6416892648355529, 0.11218080339489789, 0.18510631874004674, -0.024634546115371574], [-0.018704508780773663, 0.16367931449923673, -0.4857337288566232, -0.5863437473110396, -0.6468258905835162, -0.18543470387795585, 0.07019279482932374, 0.01924351281291521, 0.40636338929347593, 0.5652205164202321, 0.6169594404014194, -0.062413660007420574], [-0.44473092753494214, -0.5511786306804094, -0.3895856201476877, -0.17761979871838338, 0.5787154313389581, 0.46448207401523084, 0.686571779969909, 0.0238542629026609, -0.03152543377286635, -0.5284286045422448, 0.4486586921685967, 0.09416994775593991]], "inverted": false, "swapped": false, "error_lsq": 0.04615765381696185, "error_max": 0.31604267564731736, "target": "514.xyz", "model": "14.xyz", "model_rescale": 3.9786697098870705, "target_rescale": 3.952024231147167},
{"mapping": [2, 3, 0, 4, 1, 10, 6, 9, 5, 8, 7, 11], "R": [[-0.09578768120049114, -0.9838624848994966, 0.15112687033622235], [-0.5511365995864455, -0.07400775496292794, -0.8311265251462244], [0.8288987686844054, -0.1629032320512258, -0.535153593149426]], "T": [0.027784780576989902, -0.010722236642863215, 0.06280123613012556], "aligned_model": [[0.2580013075354864, -0.5071882067654275, -0.28229498223518534, 0.515936231200298, -0.05994956324088226, 0.574542295238981, -0.45720589151881774, -0.5555371597298225, 0.6826763188184537, 0.10246295808859773, 0.23052133925059662, -0.056421983689307016], [-0.13066932418053367, 0.17654785864608033, -0.5247584303203117, -0.3494239191794037, -0.5245149662238023, -0.25196828038269786, 0.07059355399193255, 0.19465650235725648, 0.3740012369429565, 0.38757503581947494, 0.4366133738083618, -0.002449912440039453], [-0.7657278600236737, -0.6609964196598455, -0.2885147446659227, -0.08519897195224224, 0.49753311607103506, 0.6417464451416584, 0.683709829223675, -0.007692420128015451, -0.19751493651717283, -0.26584839276758265, 0.5051413143393125, 0.11674621369353629]], "inverted": true, "swapped": false, "error_lsq": 0.05279832239401016, "error_max": 0.2892461646235045, "target": "514.xyz", "model": "15.xyz", "model_rescale": 3.769337070930944, "target_rescale": 3.952024231147167},
{"mapping": [7, 10, 2, 4, 1, 9, 0, 8, 3, 5, 11], "R": [[-0.35321969111045787, -0.21956102007198303, 0.9094112426602077], [0.23405493215084133, 0.9204184077202342, 0.31312656141824535], [-0.9057892351688102, 0.32345465400067963, -0.27372056601140304]], "T": [-0.06786030496006529, 0.03712270235238467, -0.07007317270007388], "aligned_model": [[-0.26751997420261037, -0.319586624312225, 0.028205334344393235, -0.7233500070197199, 0.39660652520122264, 0.3709972322123886, 0.638685466523301, 0.33373420415119254, -0.028960226926389464, -0.5107116475410172, 0.004525848260634374], [0.0895738247892737, -0.6855931664787557, 0.5962346836733348, 0.4525026404238255, 0.15582791742976426, -0.4226982643022321, 0.3463600335233332, -0.42311228243321897, 0.504201446771887, -0.04215184469088483, 0.024919508919015208], [-0.6443023935684822, -0.0038423012406676726, -0.2978934725249138, 0.24172500962288787, -0.634159626258078, -0.40246044921194024, 0.07498055454270602, 0.32003905988681425, 0.43227138832555034, 0.6224038183245691, 0.03545601932533117]], "inverted": true, "swapped": true, "error_lsq": 0.04617445927378891, "error_max": 0.244901833186727, "target": "514.xyz", "model": "16.xyz", "model_rescale": 3.7852294659196426, "target_rescale": 3.952024231147167},
{"mapping": [9, 10, 0, 8, 3, 2, 1, 4, 11, 6, 7, 12], "R": [[0.8784315238613942, 0.040122003148091626, 0.47618093488708], [-0.39839700786478166, 0.6117612814132138, 0.6833944385843741], [-0.2638899050947916, -0.7900242777453407, 0.5533748806749498]], "T": [0.003016897667559408, -0.03098847484693727, 0.08057527888206878], "aligned_model": [[0.24891388229117606, -0.21193016990501407, -0.3224486219276719, 0.4668447873694945, -0.07423856620570554, 0.39987472969248095, -0.25719958675922094, -0.7013469566676258, 0.6559819998297652, -0.021079766638072685, 0.23315483125018788, 0.029016100623177565], [-0.30464703738478227, 0.31279676305274057, -0.5603751697190588, -0.43981396764859865, -0.6914395129667029, -0.036038481581960144, 0.006514748156154399, -0.03908183672528957, 0.23682979466000162, 0.8112068998015581, 0.5724175819423166, -0.012167052747105129], [-0.7016698550846274, -0.6157468761750235, -0.20150463636483235, -0.12419609710246157, 0.5168451388435455, 0.5459411345512664, 0.7170774734925958, 0.005790632802927714, -0.11902939117823363, -0.19784802759927966, 0.3532741372089471, -0.005550460640062066]], "inverted": false, "swapped": false, "error_lsq": 0.04924698598104347, "error_max": 0.2410554070144387, "target": "514.xyz", "model": "17.xyz", "model_rescale": 3.901054581598922, "target_rescale": 3.952024231147167},
{"mapping": [3, 2, 0, 7, 1, 6, 4, 8, 9, 5, 10, 14], "R": [[0.7964212099329184, 0.3492632137090148, 0.49368863053410234], [-0.5911881418386076, 0.2777856293369531, 0.7571867174503838], [0.1273178593850866, -0.8949024257892723, 0.4277146373437263]], "T": [0.1191537903613118, 0.0274157091953846, -0.0027834947434048837], "aligned_model": [[0.22762491616019342, -0.38144989902107795, -0.18652073337501418, 0.4116297138820144, -0.15529764734654816, 0.46473481532380967, -0.27860827092908524, -0.5186346786435079, 0.4806974545282514, -0.0776527249601151, 0.28859701922142605, 0.17042269811262423], [-0.310423132178238, 0.10008207422784632, -0.5936188989808618, -0.5675143170077281, -0.5286806913829311, -0.34883663574701956, 0.14133303400970448, 0.19529467297444825, 0.5675055448357762, 0.5731052488347343, 0.588892495561284, 0.039063333692258985], [-0.6791745219163164, -0.6568887214140202, -0.31324060850540514, 0.011113335108032509, 0.31520825206736747, 0.5474288945948871, 0.6712952511127237, 0.07111355841048578, -0.11131353516066389, -0.23424875963395334, 0.5703539745382169, -0.018263946446592245]], "inverted": false, "swapped": false, "error_lsq": 0.04650215964537254, "error_max": 0.27810198353294563, "target": "514.xyz", "model": "18.xyz", "model_rescale": 3.9405287249114394, "target_rescale": 3.952024231147167},
{"mapping": [0, 6, 1, 12, 14, 13, 11, 2, 7, 8, 9, 15], "R": [[0.8457525998192721, -0.41589521755545544, -0.3342659239489467], [-0.10053769416782166, -0.7394556069197076, 0.6656557499537016], [-0.5240178546102797, -0.5293737558752868, -0.6672096481917302]], "T": [0.0887755720016106, -0.11553814018956704, 0.01583052276701242], "aligned_model": [[0.19706492702597467, -0.3559349062071786, -0.241001668453295, 0.3243724866442247, 0.030811333807858915, 0.4583186150012767, -0.13772127291653505, -0.763223030344193, 0.5995407867439034, 0.07188089093079295, 0.21186247056905697, 0.04957203015108453], [-0.026959260068729618, 0.19967091470411175, -0.4090630474615232, -0.6066571711628663, -0.6051119836619455, -0.13613115985790053, 0.09407468528162125, 0.04038833773239747, 0.3688231929913048, 0.5120462962045114, 0.538166432704879, -0.11304450856658636], [-0.6572975895124383, -0.4952069493194912, -0.47468912461561347, -0.042780512338343145, 0.6130713125281329, 0.5764941583663383, 0.6669640302291358, -0.05565792452830328, 0.02760096327919937, -0.4062174608597304, 0.3986226252645331, 0.022479644261342534]], "inverted": true, "swapped": false, "error_lsq": 0.039901784349736256, "error_max": 0.1912252919768118, "target": "514.xyz", "model": "19.xyz", "model_rescale": 4.410303926677745, "target_rescale": 3.952024231147167},
{"mapping": [1, 0, 2, 7, 12, 9, 11, 6, 5, 3, 10, 13], "R": [[-0.21215200498774417, 0.8518393976114599, -0.47891666024124235], [0.9767016008668671, 0.16861249884720625, -0.1327546914297199], [-0.03233434155475351, -0.49592284269777914, -0.867764383025009]], "T": [-0.005606574395617438, -0.03626691369150351, -0.012855469662077151], "aligned_model": [[0.3760811424163745, -0.3063270584188431, -0.3471420087716713, 0.3102172942893453, 0.07800830603390049, 0.33493787160445404, -0.3456290292750302, -0.510046835029252, 0.6295613601514846, -0.17659803750526742, 0.3368635686374501, 0.06561608882002615], [-0.26400503133503067, 0.11850360098972243, -0.481694198953034, -0.6576355001280912, -0.6222852750549166, -0.09710052377223166, 0.0139022269125307, 0.22672515091488024, 0.5019825228152411, 0.601857265868738, 0.5406980003493729, -0.024745509767907254], [-0.6174790945556355, -0.644339951495866, -0.3643619537618664, -0.1578021106040907, 0.45646954480472834, 0.582279371337561, 0.7414661540519129, 0.10063911428130373, -0.08979675891382419, -0.31205798754352265, 0.4614436997489034, 0.0169231454051576]], "inverted": true, "swapped": false, "error_lsq": 0.04303875632077426, "error_max": 0.21887982620257262, "target": "514.xyz", "model": "20.xyz", "model_rescale": 4.121658175737393, "target_rescale": 3.952024231147167},
{"mapping": [5, 1, 3, 7, 11, 9, 10, 2, 8, 6, 10, 12], "R": [[-0.626162110743123, -0.5070536727461903, -0.592298559870203], [-0.712041318722, 0.6813890328082741, 0.169428883019513], [0.3176762054393626, 0.5278309946594688, -0.7877031608254748]], "T": [0.034446519869829065, -0.021868358802521123, -0.06317999126329826], "aligned_model": [[0.43223180073635503, -0.2896174083781652, -0.3371831978570563, 0.25716750577511466, 0.02052622976043468, 0.5689491160568155, -0.07434780452940966, -0.6887812057819621, 0.5863573605062066, 0.001153171335636194, -0.07434780452940966, 0.043434899858411334], [-0.17405331528217943, 0.20170056258703234, -0.5618352727791004, -0.6677864240110669, -0.6366608995951527, -0.04448259403955983, 0.33851179140034404, 0.20608452450748505, 0.3357644776951211, 0.626802607330614, 0.33851179140034404, -0.1063545203746073], [-0.5946968200975016, -0.6353463777197494, -0.2933273085642488, -0.06498973483905823, 0.5664273152778418, 0.4230899401684701, 0.6201669074530614, -0.09768758533054944, -0.20876941709219762, -0.03594044810642241, 0.6201669074530614, -0.12571020584794512]], "inverted": false, "swapped": false, "error_lsq": 0.0629458073912213, "error_max": 0.36069003974936364, "target": "514.xyz", "model": "21.xyz", "model_rescale": 4.08911054899281, "target_rescale": 3.952024231147167},
{"mapping": [1, 8, 11, 2, 14, 3, 12, 5, 0, 6, 7, 16], "R": [[0.10282782479069208, -0.9917187123795366, -0.07694435629134136], [0.09573829136518197, 0.08686263626138457, -0.9916093293168423], [0.9900811168865358, 0.09459850917428106, 0.10387735098043849]], "T": [0.0030696753743441885, -0.04415604877791219, 0.06661501806469328], "aligned_model": [[0.27057818081404705, -0.23932026764401826, -0.4069407474778689, 0.5130268980482249, -0.05203040776283321, 0.5029149466702857, -0.13837350874589555, -0.6810004582737123, 0.5713327883546861, -0.04046529496927434, 0.10262659806487032, 0.04319393587445973], [-0.24063245136083974, 0.13722267588879736, -0.39992785415291693, -0.527572034802455, -0.47442620817414616, -0.4054961061036897, 0.06367702580890625, 0.08349528071564127, 0.4177280219639557, 0.629204657774883, 0.5937243570628435, -0.020794635781705484], [-0.6543805464234157, -0.5571725193403964, -0.4730245893690147, -0.09923565233465673, 0.5395358959274485, 0.6780615742160613, 0.783089274214324, -0.04949804871689806, -0.18601027322675034, -0.25001440851987, 0.36493229044136755, 0.07710017588656311]], "inverted": false, "swapped": false, "error_lsq": 0.03876583526357672, "error_max": 0.18196762440666991, "target": "514.xyz", "model": "22.xyz", "model_rescale": 4.204369325754507, "target_rescale": 3.952024231147167},
{"mapping": [0, 6, 1, 12, 14, 13, 11, 2, 7, 8, 9, 15], "R": [[0.8457525998192721, -0.41589521755545544, -0.3342659239489467], [-0.10053769416782166, -0.7394556069197076, 0.6656557499537016], [-0.5240178546102797, -0.5293737558752868, -0.6672096481917302]], "T": [0.0887755720016106, -0.11553814018956704, 0.01583052276701242], "aligned_model": [[0.19706492702597467, -0.3559349062071786, -0.241001668453295, 0.3243724866442247, 0.030811333807858915, 0.4583186150012767, -0.13772127291653505, -0.763223030344193, 0.5995407867439034, 0.07188089093079295, 0.21186247056905697, 0.04957203015108453], [-0.026959260068729618, 0.19967091470411175, -0.4090630474615232, -0.6066571711628663, -0.6051119836619455, -0.13613115985790053, 0.09407468528162125, 0.04038833773239747, 0.3688231929913048, 0.5120462962045114, 0.538166432704879, -0.11304450856658636], [-0.6572975895124383, -0.4952069493194912, -0.47468912461561347, -0.042780512338343145, 0.6130713125281329, 0.5764941583663383, 0.6669640302291358, -0.05565792452830328, 0.02760096327919937, -0.4062174608597304, 0.3986226252645331, 0.022479644261342534]], "inverted": true, "swapped": false, "error_lsq": 0.039901784349736256, "error_max": 0.1912252919768118, "target": "514.xyz", "model": "23.xyz", "model_rescale": 4.410303926677745, "target_rescale": 3.952024231147167},
{"mapping": [0, 3, 4, 5, 15, 14, 9, 10, 7, 1, 11, 16], "R": [[0.210923661369679, -0.959514180599123, 0.18666479663718816], [-0.8777820827293304, -0.10189264737879455, 0.46809881825262023], [-0.43012768373329324, -0.2625841305931005, -0.8637359261064099]], "T": [0.14710159051764465, -0.0712283416735694, 0.07265336953354182], "aligned_model": [[0.3771743751133884, -0.34341946946275226, -0.3578549488231159, 0.1938192112148499, 0.06657760991311548, 0.3936118910121683, -0.2097495853045372, -0.4521479167192603, 0.5719065526108296, -0.00722048807683634, 0.11783443125583315, 0.09501100021928827], [-0.058512832855512176, 0.07808394923141915, -0.4140895117081363, -0.6619338045769037, -0.5923203048030611, -0.08427692871409692, -0.06572710216930536, 0.17797529520587646, 0.3903929463495973, 0.6632237384696855, 0.4557770970525159, -0.03238981264280495], [-0.6465758294774728, -0.6664987894530048, -0.2457009683522189, -0.13826498775306845, 0.5535829333411778, 0.7029012542114524, 0.5874804845018845, 0.12346204711915476, -0.1472953229088961, -0.34339973717503913, 0.4221246667134859, -0.02843257801269286]], "inverted": true, "swapped": false, "error_lsq": 0.04074880241667603, "error_max": 0.20837165584625614, "target": "514.xyz", "model": "24.xyz", "model_rescale": 4.28219845311461, "target_rescale": 3.952024231147167},
{"mapping": [9, 3, 5, 11, 10, 14, 6, 1, 13, 4, 2, 15], "R": [[0.6724873246749299, 0.31062178589839573, 0.6717699786957193], [0.6028481385415438, 0.296645689501832, -0.7406587991490946], [-0.4293424274498755, 0.9030589355215276, 0.012232700690139103]], "T": [0.09261627530538512, 0.03709186177611724, -0.0423988613137849], "aligned_model": [[0.2765666233869915, -0.3362944871339765, -0.37338581098867263, 0.29476121858652854, 0.034382006991483846, 0.5023918468118764, -0.2709012965615129, -0.533078850053165, 0.6192577639460616, -0.11117520610399596, 0.2905706704077185, 0.05244818366363374], [-0.23621494054218156, 0.22718335333709866, -0.6164343333499152, -0.4673472887471414, -0.544214758287039, -0.16662626093005017, 0.030451718267398682, 0.04363805760757001, 0.30825641758695776, 0.7169697135094681, 0.47168293250142157, 0.08885811788568583], [-0.6326016613122871, -0.6587965637426888, -0.32704996137808917, -0.00840420623638806, 0.49462646610809047, 0.5664751259547078, 0.7822271256640694, -0.1778246944083456, -0.08750964773174172, -0.21813648350415654, 0.4482381563412453, -0.007860482999653744]], "inverted": false, "swapped": false, "error_lsq": 0.041229972319448936, "error_max": 0.2087344024776055, "target": "514.xyz", "model": "25.xyz", "model_rescale": 4.100010024507729, "target_rescale": 3.952024231147167},
{"mapping": [4, 9, 5, 6, 2, 1, 3, 7, 10, 9, 8, 11], "R": [[-0.8749483922795471, -0.47624274741879447, 0.08751089291301956], [-0.05063916700982107, -0.08974081323721583, -0.994676963241873], [0.4815609884656222, -0.8747224885473801, 0.05440204424000472]], "T": [0.14530947758108814, -0.08109867663134832, 0.11071682369774102], "aligned_model": [[0.3204151666910902, -0.15492809069774383, -0.26412107235151216, 0.33273623971760835, -0.08862808450420268, 0.5751014952952, -0.29706533198346047, -0.5048242767276889, 0.40789598921966785, -0.15492809069774383, 0.1522558234540013, 0.12163289553775508], [-0.26632898970202823, 0.44873770995425866, -0.4171671665305955, -0.6630524689620974, -0.6343923595694756, -0.11675335132121029, 0.10626325368058678, 0.10529555578557798, 0.44709317898918666, 0.44873770995425866, 0.4496339335065739, -0.05186427694576193], [-0.7264613586465524, -0.44465846219714544, -0.42183436182366774, -0.10534596942003735, 0.5430322222796458, 0.6703185744457121, 0.7643770270023786, 0.07695977516811948, -0.1482504524127943, -0.44465846219714544, 0.41915234981303184, -0.009247709256783115]], "inverted": false, "swapped": false, "error_lsq": 0.0502673979182886, "error_max": 0.38959644029585583, "target": "514.xyz", "model": "26.xyz", "model_rescale": 3.6694154284099745, "target_rescale": 3.952024231147167},
{"mapping": [8, 4, 10, 9, 12, 3, 6, 2, 5, 0, 1, 13], "R": [[-0.5027863529572573, -0.6558242012022292, 0.5631167733227264], [0.5475464298641245, 0.2624566911392331, 0.7945498048702153], [-0.6688787561456803, 0.70782137746306, 0.22713455743964753]], "T": [0.08132073801991413, -0.07282141643796744, -0.03410423958441145], "aligned_model": [[0.3715323288325961, -0.29153754815473176, -0.1902225378677927, 0.3012804313191472, -0.20578466241830928, 0.5253330127628878, -0.09470085270568557, -0.5783787089693981, 0.4927013412088876, -0.17929422535785466, 0.2687058748034411, 0.025908209499783327], [-0.1899744133517217, 0.17763435395723612, -0.40768076550813426, -0.7180397377442855, -0.5034028674603782, -0.3431779503233968, 0.12066635136624465, 0.03282332078947492, 0.5823760471120625, 0.5294538205369316, 0.6376691304422342, -0.062144560976993724], [-0.5912483863742235, -0.7224204282619534, -0.4536566028873891, -0.02089111562687567, 0.5674794340904085, 0.5844357064146887, 0.600536851988585, 0.09145640449415066, -0.19981719260448733, -0.11333632225030602, 0.45552485166961154, -0.024680027897447058]], "inverted": true, "swapped": false, "error_lsq": 0.04947465395162621, "error_max": 0.289057681831019, "target": "514.xyz", "model": "27.xyz", "model_rescale": 4.103607728864725, "target_rescale": 3.952024231147167},
{"mapping": [2, 12, 3, 0, 9, 5, 6, 10, 8, 13, 11, 14], "R": [[-0.37496197814076265, -0.8930062205181979, 0.24888432064830932], [-0.7210985250740474, 0.11223547150309165, -0.6836812971498583], [0.5825980021290841, -0.4358246081307054, -0.6860295029099822]], "T": [0.02700243615350961, 0.049419239274515435, 0.04086350300458565], "aligned_model": [[0.21448904428924348, -0.36592420611476906, -0.24170618697376223, 0.263544540460004, -0.2024085389512223, 0.420730165348272, -0.0054474940038997145, -0.4573083454087545, 0.6738310952286852, 0.008552907912630098, 0.0058021253975935015, 0.13138755576895067], [-0.1459346312822368, 0.12126532815792104, -0.4910090843167755, -0.6114179644389233, -0.5362146156201435, -0.3105301709037913, 0.08498158034450301, -0.0100665043857266, 0.5507869309613179, 0.6067496545634903, 0.6398587692711843, -0.04226656351154617], [-0.6432463882119753, -0.719228866666805, -0.40552618715879823, -0.08964996013276942, 0.5648172400422264, 0.5414185027371764, 0.6724880629943557, 0.1881040866406513, -0.009366969203802505, -0.28915915690713795, 0.391566998425508, -0.028834189803867746]], "inverted": true, "swapped": false, "error_lsq": 0.04481027563758106, "error_max": 0.2537822553615963, "target": "514.xyz", "model": "28.xyz", "model_rescale": 4.137296879288765, "target_rescale": 3.952024231147167},
{"mapping": [0, 1, 7, 6, 5, 2, 3, 9, 10, 8, 11], "R": [[-0.31982468776153444, 0.7349780546352145, 0.5979292836973894], [-0.5562700196874135, 0.36520336206155696, -0.7464517194942352], [-0.7669914173543287, -0.5713438225303319, 0.29204520568094755]], "T": [0.017572654618060124, 0.009472630909845382, -0.0870938748823053], "aligned_model": [[0.6642760148536343, 0.1361000377512382, -0.2488359342198408, -0.5047797422588791, -0.012438702410275171, 0.4233478409445188, 0.5880341355870491, -0.24867800311655053, -0.6531506280140084, -0.00464656744132079, 0.08219055903433262], [-0.2767158912728452, -0.7212130283612621, -0.3541613760863786, 0.3952843243255188, 0.8329933704194582, -0.2483559295975785, 0.3897012241361116, -0.4992736043581295, 0.22588905101672366, 0.11870756192851878, 0.056292114497814974], [0.253120956670765, -0.09506998154131793, -0.49837367576649616, -0.4272717086692438, -0.03381105795161976, -0.46472840094194684, -0.13210213162920129, 0.34279031446615577, 0.21846316806155103, 0.6290457630370496, 0.0136907760473029]], "inverted": true, "swapped": true, "error_lsq": 0.05525593899309686, "error_max": 0.2752058841543688, "target": "514.xyz", "model": "29.xyz", "model_rescale": 3.607286011436655, "target_rescale": 3.952024231147167},
