[{"mapping": [13, 2, 3, 11, 10, 12, 5, 7, 0, 6, 9, 14], "R": [[-0.482287729491841, -0.29205600825372924, -0.8258945659250354], [0.191190489427162, 0.8849673348711422, -0.4245927613180304], [0.8548945798952097, -0.36267906508918507, -0.37097055545127516]], "T": [0.007022744122038639, -0.09292094316078787, -0.06318744334534633], "aligned_model": [[-0.5225963393417814, 0.15956855420037075, 0.44488324731535267, -0.10217830551255923, -0.01570817917897023, -0.4719682680240415, 0.28208701961863775, -0.09322771670005527, 0.7434029118931605, 0.031150528889918497, -0.6139316075912691, -0.003839383108214656], [-0.2387564325790883, -0.7592234881501513, -0.13566302580375694, 0.6615395787789339, 0.2903048517546288, -0.6413041563577354, -0.210386406574133, -0.6029880702636583, 0.034081241915650304, 0.40950670979221354, 0.31860323203771224, -0.07215899857355822], [-0.3972466032077537, 0.10368922993485712, -0.6469210819390383, -0.04985566654749765, -0.671429579834769, -0.12095392782210322, 0.5752852962676043, 0.5968912358837786, -0.09615853943233495, 0.5149571254038132, 0.3347787930573499, 0.038915463589656474]], "inverted": false, "swapped": true, "error_lsq": 0.051395843498976634, "error_max": 0.29531174819452505, "target": "516.xyz", "model": "0.xyz", "model_rescale": 3.751011558992144, "target_rescale": 4.2204140265289},
{"mapping": [11, 5, 13, 10, 6, 12, 7, 3, 0, 0, 4, 1, 2, 8, 14], "R": [[0.4194503826906428, 0.19048131089999726, -0.8875687278506901], [0.0167553203010625, -0.9791953274255212, -0.20222702586359587], [-0.907623620066315, 0.06995270506453088, -0.4139154301930198]], "T": [-0.042873115100883236, -0.021663732761008338, -0.0020508463104443567], "aligned_model": [[-0.2575411581131899, -0.3936851722474294, -0.0013969622388584138, -0.8207777662758576, -0.0028928964691273262, 0.25013968464152914, 0.4551023890704263, 0.5819476131908308, 0.6613274144918355, 0.6613274144918355, -0.46150337744550485, 0.29170359442527405, 0.23782115569211823, -0.20116941147905343, -0.0472115256114892], [-0.1362169496273072, -0.3580309512880225, -0.7272732280441754, 0.11534941602237456, 0.4296668036187712, -0.49060760859930014, 0.12283423813269947, -0.4568195756074573, 0.13362897844519406, 0.13362897844519406, 0.6330329991656619, 0.5896822956919308, -0.35677297419858733, 0.23710950829693148, -0.06095837876755383], [-0.7620022794570142, 0.3902169727323988, 0.16497360462587493, -0.2223812774126073, -0.6007394751647416, -0.49824661874113024, -0.41535189572863246, 0.058317518305336546, 0.23351295920102824, 0.23351295920102824, 0.14524091368861045, -0.002142352069562228, 0.6998399034756061, 0.5882007478468241, -0.040010317234434226]], "inverted": false, "swapped": false, "error_lsq": 0.04931089912329931, "error_max": 0.3523835597514138, "target": "516.xyz", "model": "1.xyz", "model_rescale": 3.9405287249114394, "target_rescale": 4.2204140265289},
{"mapping": [4, 10, 3, 8, 13, 0, 6, 9, 2, 2, 7, 5, 14], "R": [[-0.4769005482862906, -0.4410257758177147, -0.7603039734925884], [0.10169451825515136, -0.8868832403493035, 0.45066211616284363], [-0.8730544610739289, 0.13760226397811387, 0.4678050073983917]], "T": [-0.003220239356003303, 0.004690503646244189, -0.09794057647511037], "aligned_model": [[-0.3417686505414345, 0.10087266333829012, -0.4220322264808882, 0.5118835027092761, 0.50769680437406, -0.7085546534779819, 0.03285221597231124, 0.6611378582140698, -0.265177866222335, -0.265177866222335, -0.007864474473512233, -0.3151735214697798, 0.00728949356419091], [0.6526761029154168, 0.5144965162660768, 0.17574751402625086, -0.3742621147896336, -0.14011293408234338, 0.25362150045048437, 0.34974141805930165, 0.2016157318063324, -0.6483449235357777, -0.6483449235357777, -0.6589377806766142, -0.2172076218332639, -0.0018558914984354406], [0.02195256412838384, -0.59452863359009, -0.6720744331248915, 0.22061021834360292, -0.4603707417194304, -0.09492018523461856, 0.585364248074752, 0.38492829983418064, -0.09769099967531297, -0.09769099967531297, 0.417324814508756, 0.49413399793707524, 0.006082199781549655]], "inverted": true, "swapped": true, "error_lsq": 0.049645492554263024, "error_max": 0.3585863148123359, "target": "516.xyz", "model": "2.xyz", "model_rescale": 3.932901565614263, "target_rescale": 4.2204140265289},
{"mapping": [1, 2, 12, 3, 13, 9, 8, 10, 4, 11, 5, 0, 6, 14], "R": [[0.4958909555563418, -0.7778122810659981, -0.3861349707295718], [-0.7718679239787402, -0.19106433725566546, -0.6063945307815725], [0.397884490939479, 0.5987507615460396, -0.6951154274060314]], "T": [0.0383196330353362, -0.06843399555641277, -0.0213117820417419], "aligned_model": [[-0.07274012572762167, 0.513091023995921, 0.07782688793013337, -0.3046864076995152, -0.3452858558728363, 0.00894382397485144, 0.2763418513832572, -0.649847444297051, -0.10673975497606178, -0.30797302564190243, 0.7154393153815675, 0.1817626522928595, 0.32089642693695836, 0.11278054437214381], [0.10347008014921924, 0.05168786501789459, -0.4597815691460551, 0.5542389839318338, -0.4296183079249162, -0.8150877276847572, -0.7239538983343852, 0.1101521469397567, 0.31531126213145794, -0.21939877728193952, -0.039415088879928506, 0.6201138488099727, -0.28713920466809223, -0.1170829747095721], [-0.6587565690880426, -0.5265246031917432, -0.6367626398833048, -0.19136731222474668, -0.3897579887114847, 0.37233634146691036, -0.17639447489748272, 0.08763896255426841, 0.5955934618101857, 0.6409603024554507, 0.17304039523674417, 0.23324344953420245, 0.6566153717731169, 0.03403166622302378]], "inverted": false, "swapped": true, "error_lsq": 0.05187656474189715, "error_max": 0.3399664303347519, "target": "516.xyz", "model": "3.xyz", "model_rescale": 3.9243930471874484, "target_rescale": 4.2204140265289},
{"mapping": [8, 5, 9, 13, 11, 2, 1, 6, 4, 0, 10, 3, 14], "R": [[0.4080759206175595, 0.8770985016164717, 0.2533224456582397], [-0.10510819770636198, 0.3207694086630575, -0.9413072044985491], [-0.9068772297213399, 0.35749853835798123, 0.2230885144619853]], "T": [-0.029350052522133033, -0.1367270130298197, -0.07738868158895515], "aligned_model": [[0.17086122829216022, -0.3395653861134763, 0.663951221448981, 0.2335866522176095, 0.605448099839286, -0.6384187010507397, -0.4005711974614833, 0.29326840945312926, 0.125828605435085, -0.42006083199802075, 0.31029554962206735, -0.3143079159229159, -0.01310984745032975], [-0.633957924502017, 0.07866086963595964, -0.262839254794836, -0.6702213693377732, 0.2855234942692829, -0.44288505680635326, -0.5549225611382955, 0.2970045371486418, 0.5772938926056511, 0.483637071990741, 0.01384735789462635, 0.07301736219039573, -0.11632886547443635], [-0.5497110552914127, -0.6727712785665723, -0.5429449348903789, 0.16675870610765195, -0.07038157636482066, -0.25168659703055707, 0.29075325148220055, -0.6205839588109903, 0.04495697289160508, 0.07082025368803724, 0.5384890864208164, 0.5622205583855264, -0.17884911265014192]], "inverted": false, "swapped": true, "error_lsq": 0.04468152124011588, "error_max": 0.27034100884748324, "target": "516.xyz", "model": "4.xyz", "model_rescale": 3.8936222436046832, "target_rescale": 4.2204140265289},
{"mapping": [10, 13, 11, 4, 9, 8, 2, 5, 0, 3, 6, 14], "R": [[-0.5641666613669191, -0.059415472096751826, -0.8235203579011416], [0.8232270755030145, 0.03604851854353164, -0.566566577261288], [0.06334950955499541, -0.997582230187736, 0.028575052979912308]], "T": [-0.11413640233893693, -0.13858315875847133, 0.059990426470108486], "aligned_model": [[0.030767876630847485, -0.60337775189629, -0.07932926264586568, 0.4294290234102506, -0.7001219695487022, -0.7627329393931553, -0.11821398568962066, 0.03121069871060561, 0.6289960237927172, 0.3929448349672888, -0.08543313477586165, -0.13659137134711724], [-0.5231756142281114, -0.5341875657258256, 0.19114399824733308, 0.11822625566648998, 0.35934839999601786, 0.08459751681326938, -0.2654529154805425, 0.4027135771582075, -0.0692428910319608, -0.6563978530669128, 0.5996819620343761, -0.03833196527253331], [-0.5302879777562082, -0.07229691571430946, -0.6265820384880338, -0.3729764098268424, -0.2892926346983389, 0.2598015351735867, 0.7520630872941911, 0.48774969741661994, 0.10916891954676108, -0.035037084501367936, -0.14349808100818454, 0.080472621837645]], "inverted": false, "swapped": true, "error_lsq": 0.04655185160776997, "error_max": 0.22658794225628193, "target": "516.xyz", "model": "5.xyz", "model_rescale": 3.6523030999806103, "target_rescale": 4.2204140265289},
{"mapping": [5, 0, 4, 6, 11, 2, 3, 8, 1, 13, 10, 9, 14], "R": [[-0.7934052824288401, -0.5389317242694751, 0.28294991498486605], [0.5990826793489592, -0.7736611078452967, 0.20627271635303657], [0.10774043399803364, 0.33316825596613875, 0.9366914711357187]], "T": [-0.0031190466495614744, -0.07754358534560488, -0.0008824527635530807], "aligned_model": [[0.19994221448823174, -0.15300213322668063, 0.29123601924606696, 0.7055149233444673, 0.6030872626400945, -0.4506709482630153, -0.5123760325276077, 0.24372515724622207, -0.6381742106109178, -0.14641603875818335, -0.06672377403469101, 0.7291713922853071, 0.07576907283500084], [-0.547907061655237, 0.20142637932315552, 0.4371858557457933, -0.15554301308939056, 0.3836417862250222, -0.5997020935037561, 0.4145967732600875, -0.6178553147351458, -0.14571963564144635, -0.05778008690318079, 0.6048395070886238, -0.2368049990322513, -0.1395511929190914], [0.4835040193403803, 0.6767481389667933, 0.4432835369244178, 0.28022397666480825, -0.03457589880457892, 0.14786201751033673, 0.18008399848379703, -0.39779898690623167, -0.2015765052047532, -0.6273289884015493, -0.21915969660277962, -0.3903694155185792, 0.029213543029727514]], "inverted": true, "swapped": true, "error_lsq": 0.04737828183935068, "error_max": 0.2686490875476173, "target": "516.xyz", "model": "6.xyz", "model_rescale": 4.08911054899281, "target_rescale": 4.2204140265289},
{"mapping": [5, 11, 13, 10, 4, 7, 6, 2, 1, 0, 8, 3, 1, 9, 14], "R": [[-0.49585793937064704, 0.4837710977053699, 0.7211729535888304], [0.867495290824104, 0.3139181769057695, 0.38588508471585303], [-0.03970924780323681, 0.816958324049091, -0.5753279694277011]], "T": [-0.04020876238405359, -0.06361161529601402, -0.06886424762993759], "aligned_model": [[-0.34058378053915933, -0.4244471366229473, 0.008827231481516387, -0.7550874098397655, -0.1294914095041057, 0.2944764539825542, 0.39294480268942494, 0.6796530859890737, 0.3135962266670607, 0.7777592525036371, -0.3957715580184237, 0.32022630016590803, 0.3135962266670607, -0.04709679833494153, -0.05541049116355307], [-0.1272521447227481, -0.24588384718981054, -0.7770931958399852, -0.004275660359219766, 0.44240900680955075, -0.4915126817706901, 0.07266535288554991, -0.42370384218423496, -0.22719200883079077, 0.31401736911838246, 0.5110982916318053, 0.6409254809285825, -0.22719200883079077, 0.3665787700932907, -0.015335330052537642], [-0.7661632947151412, 0.3356957209777617, 0.08744962853502689, -0.1374402081818239, -0.5513797692760172, -0.620385278772833, -0.2761069639334358, -0.02119821483129611, 0.5524324153491449, 0.20128545134218928, 0.022964911816679534, -0.08172822811002955, 0.5524324153491449, 0.5864571202401565, 0.0886256574790584]], "inverted": true, "swapped": false, "error_lsq": 0.0511035636454124, "error_max": 0.29891583152367784, "target": "516.xyz", "model": "7.xyz", "model_rescale": 3.964800864290218, "target_rescale": 4.2204140265289},
{"mapping": [6, 4, 5, 9, 7, 10, 8, 0, 3, 1, 13, 12, 2, 14], "R": [[-0.4552653379791165, -0.6555915713793815, -0.6024393443086817], [0.5476259096750008, -0.7396892862221605, 0.39110819845763733], [-0.7020251669900366, -0.15185338779383328, 0.6957738235433603]], "T": [0.010319251068206806, -0.09528932865754684, 0.08288425228244142], "aligned_model": [[-0.1328144757426234, 0.16289311159560504, 0.3545721245751304, -0.6945115672818283, 0.17664915235423054, -0.21182921402403757, -0.3945843772627486, 0.6247587740678295, 0.3836805004533856, 0.19641399757897107, -0.43495625455166625, -0.20342900584709883, 0.4350803451550255, -0.0007352216093016832], [-0.12208050535150193, -0.7017352720165329, 0.26429214107450166, 0.07584362390330825, 0.697434465818312, -0.7209084456615379, 0.4873091816663275, -0.47898348762819953, -0.5723627952190918, 0.05501111409364669, 0.008119769081727998, 0.4409242453567522, 0.4238298173880592, -0.04574538632456922], [-0.6694865392322308, -0.31438047508128153, -0.41641230857674716, -0.34982882708176144, -0.14037757031350015, 0.35962958875659645, -0.001041837353175451, -0.10343607571692778, 0.4919025302012655, 0.7081839084658487, 0.5349861970146277, 0.5304110008352166, 0.2954176728917059, -0.008752226084615303]], "inverted": false, "swapped": true, "error_lsq": 0.04569620789268396, "error_max": 0.2512011452215202, "target": "516.xyz", "model": "8.xyz", "model_rescale": 4.121658175737393, "target_rescale": 4.2204140265289},
{"mapping": [8, 13, 1, 2, 9, 6, 10, 4, 3, 11, 5, 0, 14], "R": [[0.9801875571530513, 0.07830653539485712, 0.1819352613343225], [-0.1382203070733769, 0.9283288769769628, 0.34510960995491424], [-0.141871418949962, -0.36341929322085487, 0.9207599675268138]], "T": [-0.018462826061219864, 0.01733308996391148, -0.12248303319596351], "aligned_model": [[-0.6328752673584911, -0.08645952973083294, 0.3704251957761081, 0.07579735355681198, -0.7886791566553545, -0.522062122697189, 0.3494399265036092, 0.17992923034127012, 0.705172551648681, -0.2342747391525023, -0.2935176429700934, 0.45881266387189856, -0.10497096669871851], [0.09418658495142296, -0.3420363400742652, 0.12919592075102224, 0.6214230513712058, -0.321558740003245, 0.040262999774843246, -0.5968762072064747, -0.17023290134985405, -0.08086202268852324, -0.5176790442664807, 0.6003090328822674, 0.2761915212900841, 0.05806358397970677], [-0.4788570688327194, -0.6512456896638843, -0.6558440285386508, -0.4707178200598482, -0.050145555574431816, 0.45469008337101446, -0.05369564126568688, 0.5662362997685275, -0.09080927925020299, 0.3760152306661735, 0.16315629822029556, 0.39198058934546354, -0.07968798422696156]], "inverted": true, "swapped": true, "error_lsq": 0.04147895016744331, "error_max": 0.23839759528584759, "target": "516.xyz", "model": "9.xyz", "model_rescale": 3.833441315466971, "target_rescale": 4.2204140265289},
{"mapping": [7, 2, 8, 3, 6, 11, 12, 10, 0, 1, 4, 6, 13, 5, 14], "R": [[-0.7305633726228077, 0.6659566432476998, 0.15092682961039353], [0.4046856476582332, 0.2442290271945204, 0.8812387354486041], [0.5500060773859005, 0.7048786644450763, -0.4479278772846146]], "T": [0.07973230540306732, -0.05146769038536081, -0.03623856541424835], "aligned_model": [[-0.2883186093871297, -0.4266337761342106, -0.011375644097012652, -0.7789104142246763, 0.13246299176514148, 0.22708993737544747, 0.55905700992101, 0.6190891212612749, 0.5710552813579182, 0.5640885369356936, -0.371981591262594, 0.13246299176514148, 0.08847074596724139, -0.05368262630012373, -0.00968295881978204], [-0.21062400897415817, -0.2639919106533411, -0.824437676851314, 0.05212692089407936, 0.5697157796659572, -0.4221626331352286, 0.11772518337747107, -0.6708456525657764, -0.0538956081539225, 0.45752195591062783, 0.6044470933737439, 0.5697157796659572, -0.2841380077279653, 0.24997852240090968, -0.08288218554068644], [-0.5683304439062776, 0.4275254933437634, -0.07838241357095099, -0.11575388652764035, -0.30564557960597916, -0.5895992694425841, -0.3597221916110532, -0.0013199647492535202, 0.4353744117374037, 0.19165946847990867, 0.004294533352193326, -0.30564557960597916, 0.7263063214605199, 0.5543254347266832, -0.04214497081216879]], "inverted": true, "swapped": false, "error_lsq": 0.04580969760911633, "error_max": 0.4253025233862132, "target": "516.xyz", "model": "10.xyz", "model_rescale": 4.2482417240324, "target_rescale": 4.2204140265289},
{"mapping": [7, 2, 0, 3, 9, 11, 6, 10, 1, 13, 12, 14], "R": [[-0.8610502892902256, 0.4080016079517857, -0.3035244425445439], [0.349827874770748, 0.9084560967989489, 0.22875309445382558], [0.3690702607182007, 0.090786607479167, -0.9249567203690252]], "T": [0.014285453021859237, 0.04331318710781, 0.0048750471219179345], "aligned_model": [[-0.7157037488165474, -0.24780586948305344, 0.4836862843499495, 0.6901402603998168, -0.49839633413008955, 0.1897291609573634, -0.2551012532702806, 0.5957744808844425, 0.14459890230636196, -0.06502917345959966, -0.3814568661321704, -0.06367024124318622], [-0.3649679361196607, -0.5864791331570883, -0.3133612864878141, -0.19523945774108575, 0.7026712617954373, 0.6935389590116965, 0.3503718724591797, 0.4240933963304177, -0.3218663683594767, 0.29892005572763114, -0.07592393323647516, 0.05437395982787785], [0.084529183450955, -0.16759785428524998, 0.4652211985251582, -0.13867488039771605, 0.1302460703606873, 0.36228130836712796, 0.6532673705243308, -0.18009561029082388, -0.5409119397122204, -0.5797053190993448, -0.5973408866795145, 0.07397364909096654]], "inverted": false, "swapped": true, "error_lsq": 0.051114865813454195, "error_max": 0.32386469916548494, "target": "516.xyz", "model": "11.xyz", "model_rescale": 3.6694154284099745, "target_rescale": 4.2204140265289},
{"mapping": [9, 13, 1, 12, 8, 11, 6, 4, 2, 0, 3, 5, 10, 14], "R": [[0.5986366958584843, -0.797499087378107, 0.07502874117778485], [-0.7369744080931825, -0.5116509445878465, 0.44168091731256387], [-0.3138516021742442, -0.3197006670832122, -0.8940294487762744]], "T": [0.05119853185907316, 0.09501472181988369, -0.010439075487708102], "aligned_model": [[0.17557644160127595, -0.05383654100384074, 0.07729234593849221, 0.40467660073906764, 0.5406449901402389, -0.39578583199381917, 0.18226880052176134, -0.3937537124482691, 0.5774739794626423, -0.1401579709822873, -0.4250591752323695, 0.5856559108485452, -0.6552139418803894, 0.11848295454476154], [-0.5555569691194157, 0.33797076551291383, 0.7568041497215446, 0.4914711699370018, -0.05864661176004937, -0.517800684762034, -0.6458151068185483, -0.29122155601410105, 0.5354056185624865, 0.11900766836094062, 0.5448402112156867, -0.16308220560329512, 0.16244893266120042, 0.015161906241922707], [-0.5344621565801043, -0.5963570562090904, -0.10829102374413606, -0.511806250848209, -0.5076733462566841, -0.08774069646881759, 0.13536417720598437, 0.43868648235885416, 0.14501876777770584, 0.7122499496223978, 0.3137974003089233, 0.37014891181176746, -0.12779002570707737, -0.0020496736190987533]], "inverted": false, "swapped": true, "error_lsq": 0.04973363006772952, "error_max": 0.2961736947443326, "target": "516.xyz", "model": "12.xyz", "model_rescale": 3.9764082729961374, "target_rescale": 4.2204140265289},
{"mapping": [14, 7, 4, 3, 11, 6, 13, 5, 9, 12, 8, 10, 0, 2, 15], "R": [[0.7675352589196769, -0.6379820791998976, -0.06219721002488901], [-0.5237438403473347, -0.6801092383825538, 0.5129754512302984], [-0.3695700420939585, -0.36115134014216005, -0.8561470046085493]], "T": [0.14332904527553852, -0.006024961273813434, 0.012604358414275662], "aligned_model": [[-0.1493853784676944, -0.43868205947758704, -0.045025903559730185, -0.6595888566818124, -0.18508509648279026, 0.2780688801816834, 0.4215283307568026, 0.6693631471496919, 0.545631999668041, 0.6958240021452069, -0.34678233641790307, 0.201947999645408, 0.08969310188440312, -0.18658281263554938, 0.06226597841516911], [-0.060747814899274076, -0.29375637098167023, -0.692366849006127, 0.04741428657451705, 0.5102053500199386, -0.5103891130556231, 0.11755125453190093, -0.6371789265565343, -0.10284229491251984, 0.311440672492096, 0.4948333467032055, 0.7930413008748853, -0.35016249159632606, 0.2522583045322944, -0.07104710303440945], [-0.7291042872133876, 0.39926623749542545, 0.10914941614658825, -0.23419624292093572, -0.49355284635920815, -0.5451776644101535, -0.5182577918957201, 0.1792077845737305, 0.4488128674002621, -0.02172389466479455, 0.1052576126123455, -0.05223255886712695, 0.6496290669635796, 0.6913586840139766, -0.01549501960599619]], "inverted": false, "swapped": false, "error_lsq": 0.040412807690825885, "error_max": 0.23150871532535613, "target": "516.xyz", "model": "13.xyz", "model_rescale": 4.170626492500431, "target_rescale": 4.2204140265289},
{"mapping": [0, 3, 2, 1, 5, 8, 12, 4, 6, 10, 11, 13, 9, 14], "R": [[-0.35310990225103434, -0.3431442023948541, 0.870382360399764], [-0.9294564756974388, 0.23494377394519705, -0.2844504928251749], [-0.10688337904633133, -0.9094248069231385, -0.40189857406620727]], "T": [-0.03883452922027653, 0.005891438187261726, 0.040186666687633085], "aligned_model": [[0.36888399313258824, -0.1662368908951038, -0.38051214902463026, -0.6395500636459889, 0.31690475231989323, -0.2525057549943859, -0.6886894673121191, 0.585176448098507, 0.6334008375141473, -0.06946209442266646, 0.47773738770652474, -0.5514349581441882, 0.18671329551114194, 0.022757686247923493], [-0.4913739842917923, -0.7087226049992574, 0.14195383413371185, -0.21868287189817423, 0.3489326346090962, 0.6820047026744085, 0.3383405382420533, -0.3764331831713181, 0.36284373840818784, -0.5089478614199147, -0.030589855182834712, 0.09474845542597884, 0.6335131431078886, 0.08848778228763207], [-0.34186713294681287, -0.04577305778542602, -0.5596637798829834, -0.15198087412631145, -0.4626833275504481, 0.12751948897924908, 0.01450281432578103, 0.15556826326548, 0.12935788346885124, 0.5415245260137093, 0.5997720976595784, 0.4179499743094421, 0.5583881268095415, 0.0212580985812154]], "inverted": true, "swapped": true, "error_lsq": 0.0480015614381773, "error_max": 0.24722191647951902, "target": "516.xyz", "model": "14.xyz", "model_rescale": 3.9786697098870705, "target_rescale": 4.2204140265289},
{"mapping": [8, 11, 12, 7, 13, 1, 4, 3, 2, 5, 10, 14], "R": [[-0.0540338955391354, -0.9428553345066983, 0.3287919651164368], [-0.8037331589487606, 0.236457014058724, 0.5459863457163368], [-0.5925313049443992, -0.23475923558977377, -0.7705807900319038]], "T": [-0.041133219571127096, -0.02341400236170463, 0.014642860643739885], "aligned_model": [[0.20842182721374924, -0.7847169682941982, 0.4743057258401531, 0.5726596500397413, 0.028536879928405694, 0.4176105512315969, -0.619106974475532, -0.087424283227583, 0.6482872671798575, 0.19366934867021493, -0.5247383694560215, -0.044150057883047586], [-0.2857650977395255, -0.15492414590641385, 0.1929712188721435, -0.564102899675773, 0.39822925331390435, 0.4621817477173994, -0.1587309138905833, 0.49554499215059666, -0.08895407640831222, -0.6618917930883292, 0.5053436468700713, -0.1252274419907389], [-0.6012351649156655, -0.09072115341816743, -0.4554567400225705, -0.17728504601664322, -0.4656934049139502, 0.05905072084897729, 0.4579377972673905, 0.5273146524867542, 0.13906561121141464, 0.1998988853078955, 0.07692133804630785, -0.009831002007913137]], "inverted": false, "swapped": true, "error_lsq": 0.05145242391474608, "error_max": 0.259251965565746, "target": "516.xyz", "model": "15.xyz", "model_rescale": 3.769337070930944, "target_rescale": 4.2204140265289},
{"mapping": [7, 9, 2, 12, 5, 6, 0, 11, 3, 13, 14], "R": [[-0.24410668434168192, 0.20761469469375973, -0.9472634613490208], [-0.6952775784784068, -0.7184132492195268, 0.02171387139700387], [-0.676018502353977, 0.6639115467387652, 0.31971931843732393]], "T": [0.011082662058076861, 0.09786792943164094, 0.11229892491063526], "aligned_model": [[-0.3036260566485086, -0.26141570888808174, -0.208925697264245, -0.6906161883022625, 0.22168462098116107, 0.3412575147199751, 0.6954899055593974, 0.327166745980458, 0.3162309960733454, -0.5346649337547891, 0.020044932234720446], [0.2161329004018973, -0.6856986028027829, 0.6395691975626407, 0.2916896760684393, 0.11597489381892369, -0.4779236915131405, 0.3985676758713581, -0.5511733249206472, 0.5615343946926421, 0.04630926576816549, 0.04108211267784595], [-0.6576973808144948, -0.046073125637548645, -0.2791511838521442, 0.05275600849417489, -0.5603264408886965, -0.270735557536172, 0.08702468482300901, 0.3575530517244376, 0.5878949404020046, 0.4482470633139055, 0.024725547195301484]], "inverted": false, "swapped": true, "error_lsq": 0.04535406774102956, "error_max": 0.2285879560171079, "target": "516.xyz", "model": "16.xyz", "model_rescale": 3.7852294659196426, "target_rescale": 4.2204140265289},
{"mapping": [10, 9, 6, 11, 13, 8, 2, 5, 4, 3, 1, 0, 14], "R": [[0.46183517148228515, -0.17715663863219816, 0.8690936657061017], [0.5823987010743299, 0.7995940555506018, -0.14649607269505344], [-0.668969377003807, 0.5738160608737628, 0.4724564539875147]], "T": [-0.05813513524589174, 0.1405901456421208, -0.002750693856078645], "aligned_model": [[0.1724440050787378, -0.48437494543743187, 0.1041051806755758, 0.1730565676379967, -0.5469966638231193, -0.704165623061407, -0.23686260531461367, 0.04769006866758631, 0.5972015272263574, 0.39210111369575396, -0.24418420899809512, 0.656411148667759, -0.07265971479881696], [-0.046532830606798914, -0.5706885188880221, -0.4442512818728337, -0.5706719304389032, 0.14833609107684725, -0.00419870900629743, 0.7439654707041284, 0.184879708735356, -0.2036066033753975, 0.5035937503156859, 0.7159507398122705, 0.3270330472032681, 0.0912466900435707], [-0.6578502688603584, 0.15761097423552975, 0.4651226045653968, -0.1509732978205291, -0.42026032492746856, 0.26574950609010833, 0.31200609839148447, 0.69291114266791, -0.03336417986604897, -0.4497511075518001, -0.2900955504749453, 0.11614023212503147, 0.08850886856886347]], "inverted": true, "swapped": true, "error_lsq": 0.04861014920923085, "error_max": 0.3010599228574388, "target": "516.xyz", "model": "17.xyz", "model_rescale": 3.901054581598922, "target_rescale": 4.2204140265289},
{"mapping": [11, 5, 13, 10, 6, 12, 7, 3, 0, 0, 4, 1, 2, 8, 14], "R": [[0.4194503826906428, 0.19048131089999726, -0.8875687278506901], [0.0167553203010625, -0.9791953274255212, -0.20222702586359587], [-0.907623620066315, 0.06995270506453088, -0.4139154301930198]], "T": [-0.042873115100883236, -0.021663732761008338, -0.0020508463104443567], "aligned_model": [[-0.2575411581131899, -0.3936851722474294, -0.0013969622388584138, -0.8207777662758576, -0.0028928964691273262, 0.25013968464152914, 0.4551023890704263, 0.5819476131908308, 0.6613274144918355, 0.6613274144918355, -0.46150337744550485, 0.29170359442527405, 0.23782115569211823, -0.20116941147905343, -0.0472115256114892], [-0.1362169496273072, -0.3580309512880225, -0.7272732280441754, 0.11534941602237456, 0.4296668036187712, -0.49060760859930014, 0.12283423813269947, -0.4568195756074573, 0.13362897844519406, 0.13362897844519406, 0.6330329991656619, 0.5896822956919308, -0.35677297419858733, 0.23710950829693148, -0.06095837876755383], [-0.7620022794570142, 0.3902169727323988, 0.16497360462587493, -0.2223812774126073, -0.6007394751647416, -0.49824661874113024, -0.41535189572863246, 0.058317518305336546, 0.23351295920102824, 0.23351295920102824, 0.14524091368861045, -0.002142352069562228, 0.6998399034756061, 0.5882007478468241, -0.040010317234434226]], "inverted": false, "swapped": false, "error_lsq": 0.04931089912329931, "error_max": 0.3523835597514138, "target": "516.xyz", "model": "18.xyz", "model_rescale": 3.9405287249114394, "target_rescale": 4.2204140265289},
{"mapping": [7, 0, 8, 4, 13, 9, 11, 5, 2, 10, 12, 14, 6, 1, 15], "R": [[0.990007721418979, 0.13966104996344625, -0.01948082785482547], [0.07838629565474631, -0.43020981571591255, 0.8993192442704689], [0.1172190265457288, -0.8918600257802727, -0.43685855174287636]], "T": [-0.019771933459409488, 0.09211142344504461, -0.006429073302224918], "aligned_model": [[-0.3097589934101391, -0.47596871265318935, -0.11574935071666952, -0.7382878950119002, 0.010450080918690992, 0.24647843605198672, 0.5808952053877469, 0.5131354071475682, 0.641869879881023, 0.6701199548310642, -0.3448356712608225, 0.266365590748209, 0.1014068201369431, -0.10835385077931543, 0.015424094852143314], [-0.3149546622117315, -0.26064727711254143, -0.6536830426729181, -0.004118428577052691, 0.36305916930218707, -0.33697333357727355, 0.1582105674765523, -0.5451373414321512, -0.12635343386688372, 0.422784339498952, 0.5273011036492457, 0.7807436353966037, -0.4302560953822604, 0.13785644277536677, 0.09042190842025914], [-0.5022417959209016, 0.3678970622935896, 0.07634233009536023, -0.10203062763155228, -0.6204354203653722, -0.5843623384658407, -0.3989123129027067, 0.02801538559256242, 0.5130211167760057, 0.17414955778666152, 0.0648630778767951, -0.21535479210970723, 0.5138894258338904, 0.6459359020833614, 0.012164792326439775]], "inverted": false, "swapped": false, "error_lsq": 0.03538888497669272, "error_max": 0.27295898257828916, "target": "516.xyz", "model": "19.xyz", "model_rescale": 4.410303926677745, "target_rescale": 4.2204140265289},
{"mapping": [6, 4, 5, 9, 7, 10, 8, 0, 3, 1, 13, 12, 2, 14], "R": [[-0.4552653379791165, -0.6555915713793815, -0.6024393443086817], [0.5476259096750008, -0.7396892862221605, 0.39110819845763733], [-0.7020251669900366, -0.15185338779383328, 0.6957738235433603]], "T": [0.010319251068206806, -0.09528932865754684, 0.08288425228244142], "aligned_model": [[-0.1328144757426234, 0.16289311159560504, 0.3545721245751304, -0.6945115672818283, 0.17664915235423054, -0.21182921402403757, -0.3945843772627486, 0.6247587740678295, 0.3836805004533856, 0.19641399757897107, -0.43495625455166625, -0.20342900584709883, 0.4350803451550255, -0.0007352216093016832], [-0.12208050535150193, -0.7017352720165329, 0.26429214107450166, 0.07584362390330825, 0.697434465818312, -0.7209084456615379, 0.4873091816663275, -0.47898348762819953, -0.5723627952190918, 0.05501111409364669, 0.008119769081727998, 0.4409242453567522, 0.4238298173880592, -0.04574538632456922], [-0.6694865392322308, -0.31438047508128153, -0.41641230857674716, -0.34982882708176144, -0.14037757031350015, 0.35962958875659645, -0.001041837353175451, -0.10343607571692778, 0.4919025302012655, 0.7081839084658487, 0.5349861970146277, 0.5304110008352166, 0.2954176728917059, -0.008752226084615303]], "inverted": false, "swapped": true, "error_lsq": 0.04569620789268396, "error_max": 0.2512011452215202, "target": "516.xyz", "model": "20.xyz", "model_rescale": 4.121658175737393, "target_rescale": 4.2204140265289},
{"mapping": [5, 0, 4, 6, 11, 2, 3, 8, 1, 13, 10, 9, 14], "R": [[-0.7934052824288401, -0.5389317242694751, 0.28294991498486605], [0.5990826793489592, -0.7736611078452967, 0.20627271635303657], [0.10774043399803364, 0.33316825596613875, 0.9366914711357187]], "T": [-0.0031190466495614744, -0.07754358534560488, -0.0008824527635530807], "aligned_model": [[0.19994221448823174, -0.15300213322668063, 0.29123601924606696, 0.7055149233444673, 0.6030872626400945, -0.4506709482630153, -0.5123760325276077, 0.24372515724622207, -0.6381742106109178, -0.14641603875818335, -0.06672377403469101, 0.7291713922853071, 0.07576907283500084], [-0.547907061655237, 0.20142637932315552, 0.4371858557457933, -0.15554301308939056, 0.3836417862250222, -0.5997020935037561, 0.4145967732600875, -0.6178553147351458, -0.14571963564144635, -0.05778008690318079, 0.6048395070886238, -0.2368049990322513, -0.1395511929190914], [0.4835040193403803, 0.6767481389667933, 0.4432835369244178, 0.28022397666480825, -0.03457589880457892, 0.14786201751033673, 0.18008399848379703, -0.39779898690623167, -0.2015765052047532, -0.6273289884015493, -0.21915969660277962, -0.3903694155185792, 0.029213543029727514]], "inverted": true, "swapped": true, "error_lsq": 0.04737828183935068, "error_max": 0.2686490875476173, "target": "516.xyz", "model": "21.xyz", "model_rescale": 4.08911054899281, "target_rescale": 4.2204140265289},
{"mapping": [8, 9, 10, 11, 1, 6, 0, 7, 13, 4, 15, 2, 12, 14, 16], "R": [[-0.4156446097485271, 0.7269966842634434, 0.5465486066736915], [0.25363189560979166, 0.6697237744299283, -0.697954817658503], [-0.873447433974351, -0.1514789986542341, -0.46275662399400846]], "T": [0.022265915776507175, -0.007225402119297409, 0.014276660819966279], "aligned_model": [[-0.2573680067029852, -0.4350053596918153, -0.041380742802140866, -0.646937331212813, -0.07026456372640545, 0.24584817485449906, 0.6474469737858756, 0.5186063976710507, 0.571680749411269, 0.5880821534338293, -0.4313526204774369, 0.1350420381349992, 0.16911200610600835, -0.11002959371668002, 0.06971072105608493], [-0.1384268161316023, -0.34321829998080333, -0.8028980731584083, 0.15930815034259074, 0.47574537232771946, -0.47760709180700245, 0.02823692950384464, -0.5153019205278577, -0.057708483418707573, 0.39907306168679535, 0.5474677017435574, 0.7053532138004055, -0.34677129229022574, 0.17940992504129727, -0.004408825445249181], [-0.6064914733653977, 0.44504268174167205, 0.13255393094485723, -0.317877851992703, -0.6087608361728304, -0.518936399769785, -0.4417611291946454, 0.050340014573630874, 0.37804137201779836, 0.04692217168869974, 0.1486373767602833, -0.013419760122015685, 0.6531149191115754, 0.613849624495497, 0.011686722551948452]], "inverted": true, "swapped": false, "error_lsq": 0.037666760051918234, "error_max": 0.23371160355329804, "target": "516.xyz", "model": "22.xyz", "model_rescale": 4.204369325754507, "target_rescale": 4.2204140265289},
{"mapping": [7, 0, 8, 4, 13, 9, 11, 5, 2, 10, 12, 14, 6, 1, 15], "R": [[0.990007721418979, 0.13966104996344625, -0.01948082785482547], [0.07838629565474631, -0.43020981571591255, 0.8993192442704689], [0.1172190265457288, -0.8918600257802727, -0.43685855174287636]], "T": [-0.019771933459409488, 0.09211142344504461, -0.006429073302224918], "aligned_model": [[-0.3097589934101391, -0.47596871265318935, -0.11574935071666952, -0.7382878950119002, 0.010450080918690992, 0.24647843605198672, 0.5808952053877469, 0.5131354071475682, 0.641869879881023, 0.6701199548310642, -0.3448356712608225, 0.266365590748209, 0.1014068201369431, -0.10835385077931543, 0.015424094852143314], [-0.3149546622117315, -0.26064727711254143, -0.6536830426729181, -0.004118428577052691, 0.36305916930218707, -0.33697333357727355, 0.1582105674765523, -0.5451373414321512, -0.12635343386688372, 0.422784339498952, 0.5273011036492457, 0.7807436353966037, -0.4302560953822604, 0.13785644277536677, 0.09042190842025914], [-0.5022417959209016, 0.3678970622935896, 0.07634233009536023, -0.10203062763155228, -0.6204354203653722, -0.5843623384658407, -0.3989123129027067, 0.02801538559256242, 0.5130211167760057, 0.17414955778666152, 0.0648630778767951, -0.21535479210970723, 0.5138894258338904, 0.6459359020833614, 0.012164792326439775]], "inverted": false, "swapped": false, "error_lsq": 0.03538888497669272, "error_max": 0.27295898257828916, "target": "516.xyz", "model": "23.xyz", "model_rescale": 4.410303926677745, "target_rescale": 4.2204140265289},
{"mapping": [2, 10, 8, 3, 0, 5, 12, 15, 14, 13, 1, 7, 9, 11, 16], "R": [[0.3144989119920517, -0.8152527143534998, -0.4862647901041851], [-0.35982462770464485, -0.5764137921977358, 0.7336711643927678], [-0.8784171398902858, -0.05576873589635151, -0.4746295149308494]], "T": [0.1336836670364439, -0.026016184484372526, 0.0547998334294746], "aligned_model": [[-0.2993598165125951, -0.39991044035210105, -0.21775685453210886, -0.6695330858870259, -0.05606547047047669, 0.31233891041288037, 0.5206970300165361, 0.5317283756421618, 0.640349827547628, 0.7293358890617536, -0.49971207870926543, 0.1517316202978109, 0.1177400603740339, 0.06415618596786274, 0.02745084326624564], [-0.1301072998550824, -0.2317472225360545, -0.7577792080273702, 0.022071246567820016, 0.3600070680516882, -0.3523675064212661, 0.2542276258632809, -0.607156417193051, -0.09044589125546997, 0.34728334055391347, 0.5428407079723284, 0.6383679000334899, -0.4098622276196182, 0.2199288847325559, 0.0029925508191892616], [-0.7417755441933683, 0.36582397207150097, 0.1841022093909705, -0.3474207918894412, -0.5659796156529093, -0.45232850546718084, -0.5916210035029108, 0.16947603284784318, 0.4989712020394753, 0.0605023619597434, 0.16225687017476914, 0.04069464627242704, 0.5496008037239897, 0.6339357750829877, 0.006702950410688961]], "inverted": true, "swapped": false, "error_lsq": 0.03956764731166053, "error_max": 0.28712027589826145, "target": "516.xyz", "model": "24.xyz", "model_rescale": 4.28219845311461, "target_rescale": 4.2204140265289},
{"mapping": [0, 13, 4, 2, 6, 1, 8, 3, 9, 5, 14, 10, 7, 12, 15], "R": [[0.48660909638350736, 0.8693303370158012, -0.08646590345807148], [0.5557676939601275, -0.38440824998311524, -0.7371245265863574], [-0.674042919751457, 0.3106365440332365, -0.6702022678595011]], "T": [0.06435174058752816, -0.020707498324242343, 0.07225096204191492], "aligned_model": [[-0.23498887673303873, -0.36050501038187477, -0.14301673465420595, -0.5919300947816689, -0.20978242652502968, 0.47557046111103995, 0.4249793180119116, 0.5331317994828828, 0.4727394168865402, 0.881409025165339, -0.38140003079781315, 0.14458413906008813, 0.015617832638753423, -0.10751487404609764, 0.03429705168651341], [-0.2926103627656946, -0.12867812342280796, -0.6957570795793591, -0.014531685404279567, 0.3873037130171806, -0.2569666409644702, 0.31869021292443483, -0.6364171357342656, -0.11782567516711898, 0.19899244975918082, 0.5963699533080093, 0.7305204778102424, -0.610675047574385, 0.37938046636723205, -0.049541970887545334], [-0.636281464291899, 0.4731942774975443, -0.11736694678771553, -0.1227773340772261, -0.6831128210468898, -0.35781668409829603, -0.41427036424194297, 0.03772208076391445, 0.6020256777963371, -0.024857263380122466, 0.09804634706532248, -0.17049192443697817, 0.5773344232619853, 0.7005911465888168, 0.011002212655735796]], "inverted": true, "swapped": false, "error_lsq": 0.05164192221321416, "error_max": 0.33740013233147137, "target": "516.xyz", "model": "25.xyz", "model_rescale": 4.100010024507729, "target_rescale": 4.2204140265289},
{"mapping": [7, 2, 0, 3, 9, 11, 6, 10, 1, 13, 12, 14], "R": [[-0.8610502892902256, 0.4080016079517857, -0.3035244425445439], [0.349827874770748, 0.9084560967989489, 0.22875309445382558], [0.3690702607182007, 0.090786607479167, -0.9249567203690252]], "T": [0.014285453021859237, 0.04331318710781, 0.0048750471219179345], "aligned_model": [[-0.7157037488165474, -0.24780586948305344, 0.4836862843499495, 0.6901402603998168, -0.49839633413008955, 0.1897291609573634, -0.2551012532702806, 0.5957744808844425, 0.14459890230636196, -0.06502917345959966, -0.3814568661321704, -0.06367024124318622], [-0.3649679361196607, -0.5864791331570883, -0.3133612864878141, -0.19523945774108575, 0.7026712617954373, 0.6935389590116965, 0.3503718724591797, 0.4240933963304177, -0.3218663683594767, 0.29892005572763114, -0.07592393323647516, 0.05437395982787785], [0.084529183450955, -0.16759785428524998, 0.4652211985251582, -0.13867488039771605, 0.1302460703606873, 0.36228130836712796, 0.6532673705243308, -0.18009561029082388, -0.5409119397122204, -0.5797053190993448, -0.5973408866795145, 0.07397364909096654]], "inverted": false, "swapped": true, "error_lsq": 0.051114865813454195, "error_max": 0.32386469916548494, "target": "516.xyz", "model": "26.xyz", "model_rescale": 3.6694154284099745, "target_rescale": 4.2204140265289},
