[{"mapping": [1, 13, 8, 5, 3, 7, 12, 9, 10, 11, 2, 14], "R": [[0.9012504856520691, -0.3836449104993664, 0.20140542385904853], [0.4331732823621934, 0.7865692148818813, -0.44007928563801385], [0.010414872033456563, 0.48386511844524843, 0.8750806120538225]], "T": [0.027906327243800107, -0.09109051549843399, -0.03471072690132544], "aligned_model": [[-0.24276605563313486, 0.11620771156663892, 0.37318555985511004, -0.1771532267437299, -0.11252267433468546, -0.447069954538765, 0.3661703619408429, -0.30284617217423104, 0.7095924487258243, 0.21758257554133495, -0.5934834647738846, -0.06925464697077105], [-0.37937357341444633, -0.7402678760651872, -0.15905405077066792, 0.7510761068794132, 0.3363215240716838, -0.6478208454046275, -0.23632124525649734, -0.463521749770647, 0.03654199857402658, 0.3912551009759947, 0.1882477318785717, -0.023528085720559547], [-0.5935471823752976, 0.09112665131740723, -0.6056263848933726, -0.014011086904844941, -0.5494641794518158, -0.05728165652074568, 0.5339394198765333, 0.6161380999513507, -0.052815676706226236, 0.41383367197709314, 0.36823617914082446, 0.031423889942656394]], "inverted": false, "swapped": true, "error_lsq": 0.038589114193137895, "error_max": 0.19805768486361747, "target": "517.xyz", "model": "0.xyz", "model_rescale": 3.751011558992144, "target_rescale": 4.0538885352500875},
{"mapping": [3, 12, 0, 13, 5, 2, 11, 7, 9, 1, 10, 8, 4, 6, 14], "R": [[-0.7456198265904492, -0.10464174195577858, 0.6581042318931618], [-0.6653981184180091, 0.0635529474204175, -0.7437784393755649], [0.03600580787874924, -0.9924772686135628, -0.11701475584028159]], "T": [0.001446861961171872, 0.04259788686874072, 0.005460315609219252], "aligned_model": [[-0.5286567112504021, -0.44396850627393986, -0.5573322979271097, 0.06015645903017896, 0.4933114477183514, 0.03722234766790465, -0.09852545286827631, -0.625414772606472, 0.35209843636444227, -0.3316860034003267, 0.6212429032044554, 0.3697585115225488, 0.415496241754835, -0.29235884980567, -0.007952291102022745], [0.3100422532333245, -0.3329589524981421, 0.5472555151025529, 0.1575839752782548, 0.23817265466982174, 0.7702400592197163, -0.7469214909194737, -0.12916989572135493, -0.30601095530960115, 0.22114921684224917, -0.4545627347935511, 0.5411072653800365, 0.06339696587749102, -0.4554578183622785, 0.0030853282933733517], [-0.4750286042223858, -0.45555737843510713, 0.0981482179452563, -0.7092659123864049, -0.3260601007652352, -0.38568554673232314, -0.052812124628241044, 0.13667519193239921, -0.43009102448500847, 0.5909750174029189, 0.20828519489274824, 0.2426378450540042, 0.6790362054053718, 0.48435953620803407, -0.031339495258369335]], "inverted": false, "swapped": false, "error_lsq": 0.038456477390215384, "error_max": 0.3221978816900993, "target": "517.xyz", "model": "1.xyz", "model_rescale": 3.9405287249114394, "target_rescale": 4.0538885352500875},
{"mapping": [9, 7, 13, 3, 1, 12, 2, 0, 8, 10, 4, 11, 14], "R": [[-0.5565671359997133, 0.05378409481670976, -0.8290598858163527], [-0.791705003022029, 0.2681881105779935, 0.5488882632508142], [0.2518654627275556, 0.961864028067041, -0.10668355166416799]], "T": [-0.06530949214663975, -0.0828891875792108, -0.012454595306576832], "aligned_model": [[-0.3582195083352344, 0.18551649479772778, -0.3227241764299955, 0.4654940653490738, 0.46749703267734966, -0.7236149647288362, 0.12516714147612673, 0.6290307595729733, 0.08807922303148288, -0.5011751709547964, -0.09302115270573039, -0.4322793763603957, -0.033767088105813796], [0.6814081223966484, 0.446762868710045, 0.17301737559244382, -0.45322635125618227, -0.12047438584702705, 0.07483140460452944, 0.4938913220684824, 0.2452793775644281, -0.6448231586717911, -0.6226408117623834, -0.6884485692738577, -0.12700250296358662, 0.0002579024102676436], [-0.0544043262755118, -0.45133453207662505, -0.5721982303250401, 0.20770544083999282, -0.44067580481931257, 0.012757128863008727, 0.4950532715237464, 0.23436794030964353, -0.344845319196362, -0.014218201223935191, 0.3862508411668903, 0.5647919466072469, 0.08987019419490186]], "inverted": false, "swapped": true, "error_lsq": 0.03629876354545102, "error_max": 0.20532978087356477, "target": "517.xyz", "model": "2.xyz", "model_rescale": 3.932901565614263, "target_rescale": 4.0538885352500875},
{"mapping": [11, 10, 4, 12, 5, 0, 3, 2, 9, 7, 8, 13, 1, 14], "R": [[0.41466001654843526, -0.8416536090614359, -0.34594258632020325], [0.1676567327725502, -0.3029963127904548, 0.9381281652265979], [-0.8943982841173643, -0.44700384426674533, 0.015468438145660651]], "T": [0.10143640427530543, -0.037778143917868975, 0.0298916513128572], "aligned_model": [[-0.25541687888750586, 0.49944567231012876, 0.28519071258964807, -0.03981674237182031, -0.3197764295889908, -0.3001492445290566, 0.23552239479945716, -0.6647012729681915, -0.4422380609658343, 0.0033933774767029995, 0.743212285273425, 0.28232811643310307, 0.42126758039624745, -0.028451597914609883], [0.07295531514384343, 0.18718433276231428, -0.33468695380674285, 0.585041308984469, -0.6045886250862842, -0.6413746700289317, -0.6971468056018725, -0.2105008223897064, 0.466797402011021, 0.052334858505975024, -0.2268924142812921, 0.4631722608373739, -0.37231045898094584, -0.0764880897187327], [-0.544756315711892, -0.4919266338414693, -0.6061237877679353, -0.19598661040079285, -0.4731273768068537, 0.3836211478713824, -0.09104795386539455, 0.12848817767070367, 0.3785003572334451, 0.7498415016827726, -0.016379186737095344, 0.4316257750201785, 0.5343368844750225, 0.02683038423502603]], "inverted": false, "swapped": true, "error_lsq": 0.050154400137139545, "error_max": 0.3433630843303391, "target": "517.xyz", "model": "3.xyz", "model_rescale": 3.9243930471874484, "target_rescale": 4.0538885352500875},
{"mapping": [4, 12, 8, 3, 1, 11, 5, 6, 7, 9, 0, 2, 14], "R": [[-0.20171677893247025, -0.6485339787512074, -0.7339714023735788], [-0.6955989709924275, -0.4327039107791669, 0.5735062311350165], [-0.6895305741237188, 0.6262355818711867, -0.363835929159108]], "T": [0.008545385545985676, -0.04503597222820271, -0.22401380722947245], "aligned_model": [[0.004365467157463401, -0.523801306471758, 0.5463409552586823, 0.3958047704492504, 0.6450212159689865, -0.5689722551764815, -0.22588253939532538, 0.5378833793152134, 0.22137512443081486, -0.48613141176294267, 0.20072991470797513, -0.4040104378963251, -0.06551699027420049], [-0.7559708840580623, 0.13017990620655234, -0.26638454451948146, -0.5254950026152668, 0.1467865740838419, -0.4138459652764514, -0.7212474695909971, 0.3915218637719405, 0.6103284206912198, 0.5878329926146995, -0.03764666012135597, 0.034786841004496964, -0.05301651850954858], [-0.3688937761229612, -0.6045186125975055, -0.5580231093182859, 0.0701999957953609, -0.0603939052795171, -0.24071752979759414, 0.2653777277064504, -0.5735855581394432, 0.02349698060998104, -0.06129264975092352, 0.5593985115477362, 0.44676734202252794, -0.11074510130486206]], "inverted": false, "swapped": true, "error_lsq": 0.04378832310599313, "error_max": 0.2981294980116453, "target": "517.xyz", "model": "4.xyz", "model_rescale": 3.8936222436046832, "target_rescale": 4.0538885352500875},
{"mapping": [0, 3, 1, 7, 8, 10, 11, 12, 9, 2, 13, 14], "R": [[-0.7349344565679061, 0.22910458201914344, 0.6382651761196675], [0.15002004615740758, -0.8629540684489612, 0.4824979393720921], [0.6613360192067009, 0.45035693204970145, 0.5998443993692154]], "T": [-0.17258433420763145, -0.011702132922907556, 0.006921476887549703], "aligned_model": [[0.07054279942946365, -0.6050097539710326, -0.25330704638393364, 0.3410640096925599, -0.7365618493995671, -0.6618549735207161, -0.19580898166214708, 0.054267682831448893, 0.6197970777506925, 0.36332831373675245, 0.12781706770158693, -0.09672630399001039], [-0.6159210199618271, -0.4471319340563742, 0.07046163624962376, 0.18046045094183194, 0.23543342664904335, 0.2668414133718215, -0.3005108826381958, 0.30241679027871166, 0.11366716108731023, -0.5900816981792322, 0.575137973485337, -0.12185041211824288], [-0.46903344726952867, -0.2943784029560772, -0.6679131718040113, -0.4781553165465956, -0.25885071257710446, 0.41231209148145126, 0.6281111198340753, 0.5625697252587816, 0.17461367602220249, 0.07617500696020016, -0.09526028735855671, 0.029094438230681367]], "inverted": false, "swapped": true, "error_lsq": 0.04575526158686701, "error_max": 0.24173507830132335, "target": "517.xyz", "model": "5.xyz", "model_rescale": 3.6523030999806103, "target_rescale": 4.0538885352500875},
{"mapping": [5, 2, 9, 11, 12, 3, 7, 4, 1, 8, 13, 10, 14], "R": [[-0.7311006520574914, -0.3175844622261747, -0.6038476181236638], [0.4633778086762876, 0.4184825104279596, -0.781123162434884], [0.5007722466226263, -0.8508892394538927, -0.15879124407253514]], "T": [0.03533120273687855, -0.0017712295817747595, -0.016625347935794177], "aligned_model": [[0.16782387215282302, -0.012044081006203133, 0.15434857701833765, 0.6146954945879551, 0.6066579788002443, -0.28364517893769353, -0.4605340883778771, 0.32775424269724424, -0.6150868645467039, -0.1514386847520396, -0.014959473945450899, 0.5102456180874425, 0.0372654928862157], [-0.707213287197531, 0.008064717797137029, 0.6665474175472774, -0.22847912276972313, 0.36217613033826135, -0.6063111915704947, 0.5212422756971252, -0.6444189924976921, 0.01094975820511098, -0.24872381664422527, 0.6164986771491148, -0.1898958658039879, -0.019609796087189758], [0.4697075745799914, 0.7734253946053423, 0.44260388247865107, 0.27106719482419606, -0.014270432578884454, -0.029194168840822654, 0.11235163342479998, -0.18374430102714281, -0.22984673176305703, -0.6115311455293181, -0.262138272183217, -0.4860710161611933, 0.11775012765244372]], "inverted": true, "swapped": true, "error_lsq": 0.0468959867813646, "error_max": 0.24726408632669555, "target": "517.xyz", "model": "6.xyz", "model_rescale": 4.08911054899281, "target_rescale": 4.0538885352500875},
{"mapping": [7, 2, 5, 13, 11, 12, 0, 6, 1, 4, 9, 10, 8, 3, 14], "R": [[-0.30010920483802495, -0.42162310771480993, 0.8556684055242394], [-0.08483762142596105, 0.9052591359737737, 0.41630334460198865], [-0.9501247513680895, 0.052343593465891985, -0.307446101066193]], "T": [-0.02412949387208579, 0.08574251636104613, -0.034624691028253954], "aligned_model": [[-0.6938521896633405, -0.41183254110500045, -0.4344657938099235, 0.03264798312371034, 0.5140806505089561, 0.10181493932910712, -0.23733772975886397, -0.4299500467239269, 0.2792913448612043, -0.34031749709399667, 0.5471548323769202, 0.32472648638662827, 0.28733805402636975, -0.19323853505936095, 0.11733150463001418], [0.2611034155222144, -0.366237144023782, 0.6947619561653898, 0.2336551427725568, 0.24953965368474768, 0.7021761020950738, -0.8286463012142965, -0.19847801491857642, -0.4423534466537882, 0.21046200663143144, -0.39848103525584133, 0.65600917423699, 0.10358831677842667, -0.4505473342020232, 0.0003988946738958249], [-0.38104788644815046, -0.5782608534162818, 0.16840405687966303, -0.7493223161856796, -0.20205049921520946, -0.36951206334306175, 0.020976761714488867, 0.025966850754659515, -0.44327675247566267, 0.5828861874730815, 0.1971490748503229, 0.2343926735687477, 0.5718557021408658, 0.5223733023590963, -0.026257216729222363]], "inverted": false, "swapped": false, "error_lsq": 0.04210509850220896, "error_max": 0.29086280037835116, "target": "517.xyz", "model": "7.xyz", "model_rescale": 3.964800864290218, "target_rescale": 4.0538885352500875},
{"mapping": [8, 13, 10, 1, 4, 7, 3, 12, 9, 2, 0, 5, 11, 14], "R": [[0.5510192577380042, 0.23158605013596104, 0.8017142127867531], [0.6257096327633511, 0.5210067567686041, -0.5805509580291924], [-0.5521460251319494, 0.8215350636362911, 0.1421791340074339]], "T": [0.03737288559503467, -0.05813248750988929, -0.013913000574864609], "aligned_model": [[-0.23849281786510973, 0.1465808063399197, 0.4192565487424928, -0.5942010004038195, 0.13407528564508298, -0.2893641239527795, -0.43525591166719346, 0.6859720124055553, 0.35704271440623503, 0.03282085535669181, -0.5386686875247012, -0.005102082462388899, 0.5456741191114852, 0.04085017132940215], [0.10594891253798999, -0.6755465835863755, 0.23434399110895457, -0.2555670528553101, 0.6330707480572705, -0.6911631813177034, 0.43575467791999956, -0.2523578114820623, -0.6509186117671922, -0.05063257960574603, 0.010305148353496461, 0.674583529448545, 0.32850332112902475, -0.03537604175968937], [-0.6027736691142185, -0.2418096651299757, -0.5138491898559561, -0.1894204455211373, -0.21221292223116064, 0.15513031531276197, -0.022277257180054716, -0.03566633812561326, 0.4531225944113492, 0.7775693868239444, 0.5466374007537591, 0.4476556630126326, 0.23502285089959563, 0.11968631466909474]], "inverted": false, "swapped": true, "error_lsq": 0.0401919688942511, "error_max": 0.2091337148565993, "target": "517.xyz", "model": "8.xyz", "model_rescale": 4.121658175737393, "target_rescale": 4.0538885352500875},
{"mapping": [13, 12, 10, 8, 9, 7, 11, 0, 4, 2, 1, 3, 14], "R": [[0.6933502843476563, 0.39487334666991264, -0.6027772584336004], [-0.05015302499086467, -0.8080208262205552, -0.5870153477364264], [-0.7188532932937639, 0.4372383611756348, -0.5404373767950875]], "T": [-0.024995021365352036, 0.007355295701484195, -0.09003366158829429], "aligned_model": [[-0.60415160120524, -0.22037711033309412, 0.33274302702427466, 0.22493018380507196, -0.6819968119191347, -0.6725614052288406, 0.31674560603363666, -0.03244640732256432, 0.6865952904349593, -0.1316062346999651, -0.18889934114769302, 0.46952926904133296, -0.021766968047546464], [0.16538470183584533, -0.3998579286106555, 0.07273483255956861, 0.6018575626153613, -0.481673747847832, 0.18028226911148593, -0.5632934954424167, -0.008837804758273192, 0.006651659639002612, -0.5599020437358464, 0.5885448027516021, 0.28219993617011896, -0.09370330487625136], [-0.3810109605786024, -0.5948908104155389, -0.6808490481276964, -0.2741149631771038, -0.05993918829720496, 0.20460953910460522, -0.2555623642850679, 0.7164442468130009, -0.23171943720134164, 0.4516069011525169, 0.23249226783742938, 0.29373530897850375, 0.00027394215558862456]], "inverted": false, "swapped": true, "error_lsq": 0.04579590693234011, "error_max": 0.2748713109103173, "target": "517.xyz", "model": "9.xyz", "model_rescale": 3.833441315466971, "target_rescale": 4.0538885352500875},
{"mapping": [13, 2, 0, 8, 11, 10, 3, 5, 9, 1, 7, 12, 6, 4, 14], "R": [[0.6317657051821606, 0.7376498075835488, -0.2382117862903529], [0.7701611468587538, -0.6321600618870744, 0.08500272950993568], [-0.08788573049645948, -0.23716327187590355, -0.9674862690747709]], "T": [0.006771585800056455, 0.07638114942644454, 0.03275259437799544], "aligned_model": [[-0.6834314750045999, -0.40015283080303793, -0.4490193812217617, 0.22186968601601942, 0.6304788708791909, 0.1160476297698326, 0.05545728356160126, -0.6374460236743316, 0.12679019502928765, -0.3271823594330458, 0.5587498740047908, 0.2866640252274744, 0.1292132391445215, -0.18370975689139035, 0.019062485423945792], [0.18470015094864206, -0.33799811961559745, 0.5822614027847961, 0.1648755513162039, 0.2722644676862228, 0.7459066423042624, -0.7860314629500281, -0.08765251516465515, -0.4122025101273773, 0.4421105611994689, -0.27594028028214596, 0.48299710369011617, -0.03284458365612246, -0.5120098797915612, -0.0034851420498057673], [-0.35140007082136615, -0.39074781351796967, 0.045508978939160095, -0.7111969405330746, -0.16207047717751694, -0.43151942084680844, -0.05777938116154236, 0.157299091682938, -0.6034798062339121, 0.5807723866676798, -0.09014393242598737, 0.3782142353750612, 0.6917725855799052, 0.5361663753896779, -0.01711878898858691]], "inverted": false, "swapped": false, "error_lsq": 0.049178172129881854, "error_max": 0.3303549008085682, "target": "517.xyz", "model": "10.xyz", "model_rescale": 4.2482417240324, "target_rescale": 4.0538885352500875},
{"mapping": [1, 0, 2, 5, 13, 12, 9, 11, 3, 10, 8, 14], "R": [[-0.4042706523509081, -0.9106262657066233, -0.08558647003459174], [-0.5549033012802936, 0.3185766507289393, -0.7684993453728919], [0.7270815400462339, -0.2631895169180229, -0.6341007114871067]], "T": [-0.09199049234860786, 0.11390488500267376, -0.07068858492023194], "aligned_model": [[-0.6372703092232572, -0.033883938482951334, 0.33588232020474623, 0.6311373625019803, -0.5779625900264107, 0.09046664436690292, -0.08234144813128999, 0.5590332873445257, 0.0008452484951081141, 0.029533416424124048, -0.4356040426998158, -0.0030703484106553852], [-0.2888976616171151, -0.6499733393974587, -0.25511032525598415, -0.3280216464316788, 0.4746621085836696, 0.7254192840529481, 0.3277643919303521, 0.3283432823554043, -0.4139375309829763, 0.5896897264978225, 0.10666925608281325, 0.04952384423284274], [-0.16602417138278872, 0.18197332966063473, 0.4836343985792985, -0.2537447565683061, 0.20993353041545965, 0.15654927390135961, 0.720435579032966, -0.07395396091474382, -0.4951133510153533, -0.5607646405250051, -0.6465868856895773, 0.008853944360412855]], "inverted": true, "swapped": true, "error_lsq": 0.044199506354786866, "error_max": 0.27214707374935154, "target": "517.xyz", "model": "11.xyz", "model_rescale": 3.6694154284099745, "target_rescale": 4.0538885352500875},
{"mapping": [9, 7, 1, 6, 13, 2, 12, 5, 8, 4, 3, 10, 0, 14], "R": [[0.5286308338183532, -0.7172851796448015, 0.45392886292726253], [-0.15377459344696243, -0.6068301456888858, -0.7798144322166826], [0.834807053124693, 0.34243122717580887, -0.43108936278703913]], "T": [0.09344685526495988, 0.0020225797705411483, 0.011679626679637942], "aligned_model": [[0.050077183077427256, -0.010397014738059679, -0.011621856152603555, 0.5376762108094866, 0.5221828954653216, -0.5574160830226288, 0.4879609890267523, -0.5288076345082316, 0.3891103681748378, 0.09084555050354023, -0.2822440686284876, 0.5988449978045651, -0.6670206079272092, -0.02092607962890064], [-0.538715699401495, 0.16569719155348073, 0.6232362517639582, 0.4924174316763382, 0.0037707096611351784, -0.40893572871373324, -0.5460071085732788, -0.174388333278631, 0.552110193080404, 0.05167375522102834, 0.42828288682448973, -0.04873694005314921, 0.20067213132940698, -0.07008945295370009], [-0.6026717552840674, -0.6943569499067558, -0.2561318441536812, -0.38221761087326356, -0.49944245030188883, -0.17274391686014484, -0.04216803271257939, 0.589088541868105, 0.2561549504992344, 0.7355332858903697, 0.391851894606731, 0.4842365065807614, -0.16984709170098822, 0.0018099320005832385]], "inverted": false, "swapped": true, "error_lsq": 0.04666344782517273, "error_max": 0.3383962316302148, "target": "517.xyz", "model": "12.xyz", "model_rescale": 3.9764082729961374, "target_rescale": 4.0538885352500875},
{"mapping": [4, 7, 6, 3, 11, 14, 2, 0, 8, 5, 10, 13, 12, 1, 15], "R": [[0.267464310091333, 0.45146503613188593, -0.851259163814289], [-0.7184186067166964, -0.49530664843286754, -0.48841174181364727], [-0.6421351480417563, 0.7421931319869749, 0.19186403123242515]], "T": [-0.0694435156677237, 0.0474590748691516, 0.06709738842100416], "aligned_model": [[-0.7267240911584368, -0.5216169029417776, -0.25075460151506446, 0.06909886390478659, 0.6133476895454444, 0.21978201541512862, -0.16791724062308985, -0.6726239296314874, 0.3153545341656063, -0.6893763581975796, 0.6687932847368694, 0.2959260846478228, 0.2436219880033649, 0.18268563878913854, -0.11620551311222842], [0.24305811166317567, -0.2722849212357923, 0.7895065765522464, 0.07098603264768702, 0.17790102261635188, 0.6525084156705706, -0.7251154816578702, -0.3538034228582432, -0.36463932678105737, 0.3035770301519667, -0.25423494344744024, 0.5052247631869405, 0.043495051876880145, -0.4743808546811784, 0.08515333258818167], [-0.1464136971625667, -0.44703946468227257, 0.0548254246837998, -0.7627796739404549, -0.3167330000331629, -0.36772662993662963, -0.10521335995706471, 0.11473906797091468, -0.359233709260549, 0.5699997343782697, 0.16776538134150815, 0.244399886855453, 0.6231439798871803, 0.32678288216443613, -0.022239800381204003]], "inverted": true, "swapped": false, "error_lsq": 0.04892581196368721, "error_max": 0.39282276965474905, "target": "517.xyz", "model": "13.xyz", "model_rescale": 4.170626492500431, "target_rescale": 4.0538885352500875},
{"mapping": [11, 2, 12, 9, 10, 6, 13, 5, 4, 0, 3, 7, 8, 14], "R": [[0.7044720944176464, 0.3787544134200743, -0.6002200950498329], [0.41450785817942215, -0.9060454230806261, -0.08523454007711603], [-0.5761096281909572, -0.1887505910705046, -0.7952803975178895]], "T": [-0.025630367652047854, 0.08325985531307831, 0.07558507883063866], "aligned_model": [[0.31250490285213806, -0.14733738820635406, -0.2171475140095678, -0.6883607905267819, 0.34245883105319197, -0.4228765662223727, -0.5981618873853238, 0.6221783297268361, 0.688140602944634, -0.046504066578052346, 0.46550798877208194, -0.6760136614040809, 0.23378862785401106, -0.02499438677871589], [-0.2504215594061491, -0.6976134202408234, 0.10412003602259583, -0.2960841348429615, 0.5091269892602449, 0.6945127433894498, 0.4031493292083139, -0.4890141012749638, 0.16102782518481668, -0.4515766697354524, 0.03441125127476959, 0.036271432691068334, 0.6504321776066413, -0.05226743121188429], [-0.4185279679284634, 0.11969480376623044, -0.5738481717639861, -0.22206061537150174, -0.32995325733162884, 0.3236722195589362, -0.04665161412873896, 0.14317890869846944, -0.02891023378357542, 0.6791068568649277, 0.5486277848297706, 0.4085328745961109, 0.3221592476614419, 0.07885226545287356]], "inverted": false, "swapped": true, "error_lsq": 0.03710862959935594, "error_max": 0.2222913455018545, "target": "517.xyz", "model": "14.xyz", "model_rescale": 3.9786697098870705, "target_rescale": 4.0538885352500875},
{"mapping": [11, 2, 10, 4, 12, 13, 0, 7, 8, 3, 9, 14], "R": [[0.6554545960448932, -0.7066665452700299, -0.26646137866442643], [-0.26763032086483296, -0.547258154397251, 0.7930211370445944], [-0.7062246695474554, -0.4484762047665804, -0.547828266777785]], "T": [0.1068081497724688, 0.008626399201200907, 0.010217247659710941], "aligned_model": [[-0.06939581592202701, -0.6675681324883985, 0.6482771055020373, 0.4355707119583889, 0.07949114592686024, 0.2070568700731351, -0.4199849149134892, -0.17812752123465578, 0.7208035113640187, 0.21974120992210378, -0.4727633531444192, -0.019746220276217835], [-0.207641750077892, -0.1495120180805276, -0.025796536897372508, -0.5499665203919961, 0.4245754834790446, 0.6548835554386075, -0.3681174843788555, 0.43646738266832313, -0.12958445232673815, -0.6115861009966999, 0.5771048589042577, -0.03615192711571211], [-0.6158871372047104, -0.03285192474755935, -0.42214862463895203, -0.31585828630157897, -0.5237468448178492, 0.14199474115814356, 0.4911304098608548, 0.5315849984948964, 0.2419259777581504, 0.2747074204260654, -0.10219071206113456, -0.008693524052495884]], "inverted": false, "swapped": true, "error_lsq": 0.05677319826045175, "error_max": 0.3013515556172098, "target": "517.xyz", "model": "15.xyz", "model_rescale": 3.769337070930944, "target_rescale": 4.0538885352500875},
{"mapping": [11, 4, 9, 2, 12, 10, 13, 8, 7, 0, 14], "R": [[0.19548162865679886, -0.9275497461915159, 0.3184939578669277], [-0.7409227885247099, 0.07308534807119038, 0.6676016427047503], [-0.6425109760171055, -0.36648328780091444, -0.6729559015716994]], "T": [0.023495171227874603, -0.03003495024255836, 0.051182365210958314], "aligned_model": [[-0.31748320406429625, -0.17592890460541694, 0.009307660066190784, -0.6339819532668178, 0.24360502452104804, 0.33274146024193096, 0.56463717209961, 0.37864867359378285, 0.18119076790859234, -0.5615249080935724, -0.09858565770988079], [-0.13085586702930763, -0.6899916690371775, 0.7613925927357785, 0.4096544631647236, 0.20894574617461847, -0.4948926740739514, 0.3591519343145228, -0.5352956973575511, 0.5330198059826354, 0.14761590219854925, 0.02731996055250171], [-0.5348170724909199, -0.1749222416831092, -0.16129726743794626, 0.020877420661746512, -0.5432227076890641, -0.3606280831781407, 0.07879268002260736, 0.3126379949493051, 0.4918205565165177, 0.577410488568297, 0.0375658389844836]], "inverted": false, "swapped": true, "error_lsq": 0.0413639696805895, "error_max": 0.20932981540287793, "target": "517.xyz", "model": "16.xyz", "model_rescale": 3.7852294659196426, "target_rescale": 4.0538885352500875},
{"mapping": [7, 8, 10, 6, 1, 3, 5, 4, 12, 9, 2, 11, 14], "R": [[-0.2973463032964325, -0.07189410508656416, -0.9520590389097456], [0.27748727190710415, -0.9606254929751625, -0.014123603498370163], [-0.9135567797600208, -0.2683838666910297, 0.305588138275151]], "T": [0.010626758576218875, 0.03257574890794441, -0.03117037979235989], "aligned_model": [[-0.08422601725033756, -0.3215565627532064, 0.25963014231361037, -0.10418342794834674, -0.5257467771934051, -0.5982724046189437, -0.25671520084884186, -0.13165667421226307, 0.6860394986557603, 0.5215997225097911, 0.027802303383273743, 0.3705932545470859, 0.010457993632105875], [-0.03593351130418906, -0.49357709131893196, -0.31547563444396093, -0.6421050403008939, -0.24717868892936679, 0.14383092039775464, 0.6985416133130643, 0.0733850045810029, 0.002603612065010745, 0.31060537547349487, 0.7820806756703673, 0.4319972380383168, 0.16628115046120576], [-0.7539220712746546, 0.21902735978893703, 0.5148803188714677, -0.38416658175175017, -0.35165396585679437, 0.2590649882169025, 0.45538923608504817, 0.6791296662221253, 0.011218451488727445, -0.6085026865525693, -0.285077261502596, 0.39393319166388924, -0.05356594825555892]], "inverted": true, "swapped": true, "error_lsq": 0.04544844880585079, "error_max": 0.28354906063520363, "target": "517.xyz", "model": "17.xyz", "model_rescale": 3.901054581598922, "target_rescale": 4.0538885352500875},
{"mapping": [3, 12, 0, 13, 5, 2, 11, 7, 9, 1, 10, 8, 4, 6, 14], "R": [[-0.7456198265904492, -0.10464174195577858, 0.6581042318931618], [-0.6653981184180091, 0.0635529474204175, -0.7437784393755649], [0.03600580787874924, -0.9924772686135628, -0.11701475584028159]], "T": [0.001446861961171872, 0.04259788686874072, 0.005460315609219252], "aligned_model": [[-0.5286567112504021, -0.44396850627393986, -0.5573322979271097, 0.06015645903017896, 0.4933114477183514, 0.03722234766790465, -0.09852545286827631, -0.625414772606472, 0.35209843636444227, -0.3316860034003267, 0.6212429032044554, 0.3697585115225488, 0.415496241754835, -0.29235884980567, -0.007952291102022745], [0.3100422532333245, -0.3329589524981421, 0.5472555151025529, 0.1575839752782548, 0.23817265466982174, 0.7702400592197163, -0.7469214909194737, -0.12916989572135493, -0.30601095530960115, 0.22114921684224917, -0.4545627347935511, 0.5411072653800365, 0.06339696587749102, -0.4554578183622785, 0.0030853282933733517], [-0.4750286042223858, -0.45555737843510713, 0.0981482179452563, -0.7092659123864049, -0.3260601007652352, -0.38568554673232314, -0.052812124628241044, 0.13667519193239921, -0.43009102448500847, 0.5909750174029189, 0.20828519489274824, 0.2426378450540042, 0.6790362054053718, 0.48435953620803407, -0.031339495258369335]], "inverted": false, "swapped": false, "error_lsq": 0.038456477390215384, "error_max": 0.3221978816900993, "target": "517.xyz", "model": "18.xyz", "model_rescale": 3.9405287249114394, "target_rescale": 4.0538885352500875},
{"mapping": [14, 11, 12, 10, 2, 3, 9, 13, 5, 4, 6, 1, 0, 7, 15], "R": [[0.27428069464243937, -0.42342165666528486, -0.8634142697531044], [-0.1440677232756421, -0.9058068007298328, 0.39844514159637856], [-0.9507968193345169, 0.01510431787307101, -0.3094467125773923]], "T": [-0.09243896347038168, 0.04306734380387723, 0.05900130720060346], "aligned_model": [[-0.5857340616610308, -0.30148855198022156, -0.36013405391395176, 0.018394064449010553, 0.5931613325469549, -0.014484064771379326, -0.2404356104247003, -0.7239238280302527, 0.42185541380749797, -0.27725347264581657, 0.6440403477791166, 0.3744460563703832, 0.2996433906180484, -0.3159250085296652, -0.06877049158549656], [0.34228191998884017, -0.31668166727424085, 0.49767088198617204, 0.20705261399303895, 0.01936257087310573, 0.8146330581071161, -0.7033008873001124, -0.14446873483343156, -0.5527198994013308, 0.11215012910038552, -0.05434184909668057, 0.5037415173859388, 0.1404231214233832, -0.4823989617817198, 0.043547573121954536], [-0.4575928716048845, -0.5292946391325315, 0.2066970208619701, -0.7017410329052519, -0.47458617471242603, -0.29318894984028343, -0.04120499522352163, -0.07285820293465176, -0.2089567064753526, 0.7630866675014677, 0.13895835086872946, 0.13191980980599036, 0.6152993731081953, 0.4707836505560787, 0.026955722054129674]], "inverted": false, "swapped": false, "error_lsq": 0.04320070166197158, "error_max": 0.257072318428406, "target": "517.xyz", "model": "19.xyz", "model_rescale": 4.410303926677745, "target_rescale": 4.0538885352500875},
{"mapping": [8, 13, 10, 1, 4, 7, 3, 12, 9, 2, 0, 5, 11, 14], "R": [[0.5510192577380042, 0.23158605013596104, 0.8017142127867531], [0.6257096327633511, 0.5210067567686041, -0.5805509580291924], [-0.5521460251319494, 0.8215350636362911, 0.1421791340074339]], "T": [0.03737288559503467, -0.05813248750988929, -0.013913000574864609], "aligned_model": [[-0.23849281786510973, 0.1465808063399197, 0.4192565487424928, -0.5942010004038195, 0.13407528564508298, -0.2893641239527795, -0.43525591166719346, 0.6859720124055553, 0.35704271440623503, 0.03282085535669181, -0.5386686875247012, -0.005102082462388899, 0.5456741191114852, 0.04085017132940215], [0.10594891253798999, -0.6755465835863755, 0.23434399110895457, -0.2555670528553101, 0.6330707480572705, -0.6911631813177034, 0.43575467791999956, -0.2523578114820623, -0.6509186117671922, -0.05063257960574603, 0.010305148353496461, 0.674583529448545, 0.32850332112902475, -0.03537604175968937], [-0.6027736691142185, -0.2418096651299757, -0.5138491898559561, -0.1894204455211373, -0.21221292223116064, 0.15513031531276197, -0.022277257180054716, -0.03566633812561326, 0.4531225944113492, 0.7775693868239444, 0.5466374007537591, 0.4476556630126326, 0.23502285089959563, 0.11968631466909474]], "inverted": false, "swapped": true, "error_lsq": 0.0401919688942511, "error_max": 0.2091337148565993, "target": "517.xyz", "model": "20.xyz", "model_rescale": 4.121658175737393, "target_rescale": 4.0538885352500875},
{"mapping": [5, 2, 9, 11, 12, 3, 7, 4, 1, 8, 13, 10, 14], "R": [[-0.7311006520574914, -0.3175844622261747, -0.6038476181236638], [0.4633778086762876, 0.4184825104279596, -0.781123162434884], [0.5007722466226263, -0.8508892394538927, -0.15879124407253514]], "T": [0.03533120273687855, -0.0017712295817747595, -0.016625347935794177], "aligned_model": [[0.16782387215282302, -0.012044081006203133, 0.15434857701833765, 0.6146954945879551, 0.6066579788002443, -0.28364517893769353, -0.4605340883778771, 0.32775424269724424, -0.6150868645467039, -0.1514386847520396, -0.014959473945450899, 0.5102456180874425, 0.0372654928862157], [-0.707213287197531, 0.008064717797137029, 0.6665474175472774, -0.22847912276972313, 0.36217613033826135, -0.6063111915704947, 0.5212422756971252, -0.6444189924976921, 0.01094975820511098, -0.24872381664422527, 0.6164986771491148, -0.1898958658039879, -0.019609796087189758], [0.4697075745799914, 0.7734253946053423, 0.44260388247865107, 0.27106719482419606, -0.014270432578884454, -0.029194168840822654, 0.11235163342479998, -0.18374430102714281, -0.22984673176305703, -0.6115311455293181, -0.262138272183217, -0.4860710161611933, 0.11775012765244372]], "inverted": true, "swapped": true, "error_lsq": 0.0468959867813646, "error_max": 0.24726408632669555, "target": "517.xyz", "model": "21.xyz", "model_rescale": 4.08911054899281, "target_rescale": 4.0538885352500875},
{"mapping": [0, 8, 4, 6, 10, 7, 11, 1, 5, 2, 9, 12, 14, 15, 16], "R": [[-0.614229947265664, -0.7889783093656362, -0.01532316000575365], [-0.7076881243761413, 0.5421455217301667, 0.4530515995832092], [-0.34914050251868345, 0.28912187848460663, -0.8913525951510621]], "T": [-0.037499866012459755, 0.06707227976732942, 0.023212579302151197], "aligned_model": [[-0.5680035029207942, -0.26942487265967674, -0.4743193599562609, -0.1473117096038035, 0.5975990919476536, 0.16646512529078863, -0.1513104057471061, -0.7456879662398109, 0.3901993034486388, -0.5726199138289728, 0.6238015376954393, 0.5668277545894852, 0.2775964243037108, -0.17380761586863308, -0.056612428422161236], [0.4986472125406588, -0.3798267814352201, 0.5533924303576442, 0.16468683877611218, 0.1516228403811153, 0.6107445262504739, -0.6897186979725789, -0.2869052602689235, -0.38430092016516254, 0.0690826493310271, -0.17574888570974456, 0.45802022333343706, 0.11417839767599271, -0.38718028526648707, 0.11025709846407433], [-0.3406395428683819, -0.4534991139129841, 0.2660574407018807, -0.7075246412005134, -0.46733397864399223, -0.38741493893800555, 0.008803994526766105, -0.0330714958194809, -0.3100511432557605, 0.5078736177737025, 0.1293537429138059, 0.18727762260238687, 0.5802744496824762, 0.5769108928118803, 0.017260115553876635]], "inverted": true, "swapped": false, "error_lsq": 0.03989591380758229, "error_max": 0.21454231167377846, "target": "517.xyz", "model": "22.xyz", "model_rescale": 4.204369325754507, "target_rescale": 4.0538885352500875},
{"mapping": [14, 11, 12, 10, 2, 3, 9, 13, 5, 4, 6, 1, 0, 7, 15], "R": [[0.27428069464243937, -0.42342165666528486, -0.8634142697531044], [-0.1440677232756421, -0.9058068007298328, 0.39844514159637856], [-0.9507968193345169, 0.01510431787307101, -0.3094467125773923]], "T": [-0.09243896347038168, 0.04306734380387723, 0.05900130720060346], "aligned_model": [[-0.5857340616610308, -0.30148855198022156, -0.36013405391395176, 0.018394064449010553, 0.5931613325469549, -0.014484064771379326, -0.2404356104247003, -0.7239238280302527, 0.42185541380749797, -0.27725347264581657, 0.6440403477791166, 0.3744460563703832, 0.2996433906180484, -0.3159250085296652, -0.06877049158549656], [0.34228191998884017, -0.31668166727424085, 0.49767088198617204, 0.20705261399303895, 0.01936257087310573, 0.8146330581071161, -0.7033008873001124, -0.14446873483343156, -0.5527198994013308, 0.11215012910038552, -0.05434184909668057, 0.5037415173859388, 0.1404231214233832, -0.4823989617817198, 0.043547573121954536], [-0.4575928716048845, -0.5292946391325315, 0.2066970208619701, -0.7017410329052519, -0.47458617471242603, -0.29318894984028343, -0.04120499522352163, -0.07285820293465176, -0.2089567064753526, 0.7630866675014677, 0.13895835086872946, 0.13191980980599036, 0.6152993731081953, 0.4707836505560787, 0.026955722054129674]], "inverted": false, "swapped": false, "error_lsq": 0.04320070166197158, "error_max": 0.257072318428406, "target": "517.xyz", "model": "23.xyz", "model_rescale": 4.410303926677745, "target_rescale": 4.0538885352500875},
{"mapping": [6, 5, 13, 15, 9, 14, 2, 12, 4, 7, 10, 11, 1, 0, 16], "R": [[-0.6662125305558929, 0.707164147445088, -0.23681159747481895], [-0.5673547145455242, -0.6866955381392349, -0.4544863757942953], [-0.48401393782956326, -0.16842834223469844, 0.8586980851957172]], "T": [0.03962477543596328, 0.0613461012728423, -0.03329024086712819], "aligned_model": [[-0.5428317592254984, -0.3025156792768426, -0.4837721328103431, 0.04659982909557618, 0.507123270298196, 0.014062087582445024, -0.15857406255375284, -0.7412170088892859, 0.24051425231860013, -0.20874808228920372, 0.6726001743909311, 0.38341631485979755, 0.3409422951655053, -0.3735364469935916, 0.06932841035596411], [0.3159688693520705, -0.29956782986507324, 0.5239505166251961, 0.23251947035387038, 0.32171674895492147, 0.683575914422951, -0.8265913415621737, -0.11718143780068754, -0.5499638018900176, 0.23868091655732096, -0.08091359752065708, 0.5207454303480946, -0.08774699769547417, -0.4171373556330546, -0.031104118354867837], [-0.45019517123570807, -0.4183656581394112, 0.045699981083766744, -0.7260854611008166, -0.35897761666721306, -0.29848186711411223, 0.038669952361617674, 0.0344582678087688, -0.27788785607215355, 0.5572977572464058, 0.020452374370662912, 0.23406929323734488, 0.7562123555278414, 0.37991333708696723, 0.03749733353369676]], "inverted": true, "swapped": false, "error_lsq": 0.04141839213893606, "error_max": 0.2820388326155875, "target": "517.xyz", "model": "24.xyz", "model_rescale": 4.28219845311461, "target_rescale": 4.0538885352500875},
{"mapping": [5, 11, 1, 9, 7, 3, 14, 10, 12, 6, 13, 4, 2, 14, 15], "R": [[0.9827144358871541, 0.07017882447122445, -0.17131044946187476], [-0.10603325929381682, -0.5451740305090624, -0.8315901781418741], [-0.1517540293452622, 0.8353802781095211, -0.5283091003599469]], "T": [-0.011981931577820383, 0.10649435341475996, -0.02876922881539721], "aligned_model": [[-0.6575122453506705, -0.2828579414606345, -0.3134293767177144, 0.10299395066557976, 0.6613807217386757, 0.10756691226412282, -0.14976364028968514, -0.6689494679430364, 0.15536238078738682, -0.5206160263246224, 0.503895084223567, 0.43892502309816167, 0.24508257693111238, -0.14976364028968514, -0.008922849304060287], [0.35398347213455217, -0.26748399938600775, 0.6710445737777792, 0.12250576090851614, 0.3028388238660942, 0.8051822474749342, -0.5787791052499205, -0.3192373191812635, -0.5656796671979102, 0.017626217290843127, -0.18799871829935924, 0.6150314297634124, -0.10632358789395865, -0.5787791052499205, 0.14302036353462827], [-0.5260824410164885, -0.31728863917626804, -0.011743208923237887, -0.6946504984207903, -0.3657819760401549, -0.3411610428721002, 0.27382143939632086, 0.10104224193618422, -0.35218516436192776, 0.7098720555737057, -0.020946683370195722, 0.24090007464591365, 0.5690655198485616, 0.27382143939632086, 0.03559390531181316]], "inverted": false, "swapped": false, "error_lsq": 0.040842548533257556, "error_max": 0.3334450524415673, "target": "517.xyz", "model": "25.xyz", "model_rescale": 4.100010024507729, "target_rescale": 4.0538885352500875},
{"mapping": [1, 0, 2, 5, 13, 12, 9, 11, 3, 10, 8, 14], "R": [[-0.4042706523509081, -0.9106262657066233, -0.08558647003459174], [-0.5549033012802936, 0.3185766507289393, -0.7684993453728919], [0.7270815400462339, -0.2631895169180229, -0.6341007114871067]], "T": [-0.09199049234860786, 0.11390488500267376, -0.07068858492023194], "aligned_model": [[-0.6372703092232572, -0.033883938482951334, 0.33588232020474623, 0.6311373625019803, -0.5779625900264107, 0.09046664436690292, -0.08234144813128999, 0.5590332873445257, 0.0008452484951081141, 0.029533416424124048, -0.4356040426998158, -0.0030703484106553852], [-0.2888976616171151, -0.6499733393974587, -0.25511032525598415, -0.3280216464316788, 0.4746621085836696, 0.7254192840529481, 0.3277643919303521, 0.3283432823554043, -0.4139375309829763, 0.5896897264978225, 0.10666925608281325, 0.04952384423284274], [-0.16602417138278872, 0.18197332966063473, 0.4836343985792985, -0.2537447565683061, 0.20993353041545965, 0.15654927390135961, 0.720435579032966, -0.07395396091474382, -0.4951133510153533, -0.5607646405250051, -0.6465868856895773, 0.008853944360412855]], "inverted": true, "swapped": true, "error_lsq": 0.044199506354786866, "error_max": 0.27214707374935154, "target": "517.xyz", "model": "26.xyz", "model_rescale": 3.6694154284099745, "target_rescale": 4.0538885352500875},
