[{"mapping": [8, 10, 3, 1, 0, 9, 6, 5, 11, 4, 2, 12], "R": [[0.9198608963431836, -9.018893453638377e-05, -0.39224472366708896], [-0.35138669046507937, -0.444575624988805, -0.8239416893383973], [-0.17430813274977563, 0.895741316191103, -0.4089794240857565]], "T": [-0.03835728883534022, -0.051517365841160845, -0.028070951597322688], "aligned_model": [[-0.21969167370225567, 0.2179122403592002, 0.4619239735690151, -0.12086502823957017, -0.15337615932438126, -0.6325188896898831, 0.3832084747640048, -0.29574518315648496, 0.6253889938161915, 0.15632901501946073, -0.4979918491352004, -0.0869314518195479], [-0.406482750491259, -0.723600655334008, -0.1282826425807872, 0.6861306116573881, 0.39097322022977066, -0.5610745018506224, -0.22162901667810705, -0.4254999058177308, 0.018123569512311116, 0.33664669921953705, 0.10814968219932486, -0.01989927408875987], [-0.5537541635944633, -0.0753177161826639, -0.5755107817491577, -0.1415833820769482, -0.6403757346108279, 0.06706767445192048, 0.5986901623702637, 0.6181983476106545, 0.02644280578755276, 0.5044818765356468, 0.4200792081046451, -0.06646655129305948]], "inverted": false, "swapped": true, "error_lsq": 0.0323046961247486, "error_max": 0.19388297294070608, "target": "518.xyz", "model": "0.xyz", "model_rescale": 3.751011558992144, "target_rescale": 4.112916027352941},
{"mapping": [3, 2, 8, 12, 5, 4, 10, 0, 7, 1, 6, 9, 14], "R": [[0.5956800972444406, 0.2703301928102924, 0.7563642036757187], [-0.3519504802594449, -0.7586065859288337, 0.5483127822972444], [0.7220083664279798, -0.592821756213914, -0.35674400368814985]], "T": [0.019541405380139737, 0.03760608467124285, -0.012759884003775413], "aligned_model": [[-0.08461700144474602, -0.5336381185712671, -0.5201405762090396, 0.5165455650719374, -0.041006766126506944, -0.21544585035623176, 0.43542301352255885, -0.5009566103927802, 0.12142348246505957, -0.35340202612095384, 0.3205437192538625, 0.5027895944121796, 0.0688553365076036], [-0.7190458131252956, -0.36312277330912246, 0.3461550078738901, -0.5037274313048059, 0.11569702264945636, 0.7793060346195763, 0.7205229833962491, -0.40431409426379883, -0.27604200749916463, 0.1597661034859252, 0.2654238711113315, 0.06686771765103669, 0.014888407639318438], [-0.0186608467534737, -0.47875011850526733, -0.24505102218673858, 0.09641884014736223, -0.6294622200853769, 0.12949391664118826, -0.1947509430521683, 0.31783486720374027, 0.5624982671283665, 0.5631530227271137, 0.6362566092337569, -0.45975492420769476, -0.02023355715667778]], "inverted": false, "swapped": false, "error_lsq": 0.040549708387241354, "error_max": 0.23369285656619276, "target": "518.xyz", "model": "1.xyz", "model_rescale": 3.9405287249114394, "target_rescale": 4.112916027352941},
{"mapping": [9, 8, 3, 5, 4, 7, 1, 10, 11, 6, 0, 2, 12], "R": [[0.6029671236671688, -0.6279392580272214, 0.492059890668569], [-0.7348254584787095, -0.6772934480586084, 0.03612659392242265], [0.31058363341956013, -0.3833612831848099, -0.8698114354311517]], "T": [-0.014773038757443745, 0.07256577987817009, 0.01627090803105974], "aligned_model": [[-0.15343982085615032, -0.3666317656255429, -0.575923690948264, 0.5176648431608258, -0.23835279112043298, -0.4000714576558408, 0.44183106229103497, -0.6618819965399708, -0.03561817098381152, -0.0730749844422482, 0.6212767466657517, 0.5964167588330215, 0.04417902923330359], [-0.7180728796955504, -0.3794109982717553, 0.1814019567615936, -0.3735613454477173, 0.31460038055055045, 0.7615827564810811, 0.6443358496538811, -0.46501994640798366, -0.355018403551903, 0.30505202647345664, 0.30637127444306433, -0.07975947886858667, 0.05987383680446546], [-0.06146673162901359, -0.5058422965996372, 0.008251511787674165, 0.229711228316604, -0.6027016828754166, 0.09183933730890141, -0.2867439671362417, 0.07741584210879543, 0.5857895956788712, 0.5040277343931574, 0.509936431893372, -0.24337052624064998, -0.047854585872286554]], "inverted": true, "swapped": false, "error_lsq": 0.0495112700996334, "error_max": 0.32994042246166183, "target": "518.xyz", "model": "2.xyz", "model_rescale": 3.932901565614263, "target_rescale": 4.112916027352941},
{"mapping": [2, 0, 3, 6, 7, 8, 9, 1, 10, 11, 12, 5, 13], "R": [[-0.06145013998023957, 0.8486116165905215, -0.5254352524184411], [0.403331077396351, -0.46042230224405745, -0.790781477781682], [-0.9129884568288409, -0.2605179989634185, -0.3139784226875926]], "T": [-0.10132474204271052, 0.02638636214871434, -0.04127634829721402], "aligned_model": [[-0.047864189591386885, -0.5074094821570545, -0.5753568002964431, 0.3852666379536471, 0.042712948884459145, -0.3167531864164485, 0.3689134815144139, -0.4814276961280363, 0.10361801515866842, -0.4121064996297578, 0.564609921111427, 0.5882336352202395, 0.0039369763879483766], [-0.7855272701495349, -0.3594168557046722, 0.1908347331548683, -0.4264996200468832, 0.3654337408215303, 0.7272180583984204, 0.5871790712221979, -0.5280045643902351, -0.13217934945050105, 0.43567184824876637, 0.09571342914765849, 0.01677675690535726, 0.015175050767623707], [-0.2205473057838136, -0.4089737647733773, -0.1358058098548216, 0.11625262277073886, -0.6528665427531127, -0.006459047735854179, -0.10593305672494324, 0.2700772541856341, 0.6265565811671571, 0.6892089618811484, 0.32594918506157133, -0.2442950309060342, 0.005827844599837005]], "inverted": true, "swapped": false, "error_lsq": 0.04808465804865631, "error_max": 0.23713695627475415, "target": "518.xyz", "model": "3.xyz", "model_rescale": 3.9243930471874484, "target_rescale": 4.112916027352941},
{"mapping": [11, 10, 3, 9, 4, 2, 7, 6, 5, 0, 1, 8, 12], "R": [[-0.30633325728894395, 0.8619255088553361, -0.40403508840596475], [0.6678665364488872, -0.10784281882129926, -0.7364266534560275], [-0.6783172008511309, -0.49543349060509273, -0.5426153623114078]], "T": [0.004843919038259554, -0.07461942878475805, -0.04947933206992891], "aligned_model": [[0.023294927762200063, -0.25058349389549867, -0.6139281334485787, 0.5931064576357609, -0.06885105134250004, -0.21400132511614325, 0.3997858845436942, -0.5816146293078633, -0.159666706621751, -0.2526579189883617, 0.43283565654401107, 0.42343237476833306, -0.014778280521626216], [-0.8620875517967271, -0.3861890693651201, 0.18910100714069636, -0.46344512840723784, 0.36722743762336385, 0.814262582654058, 0.6192359077462658, -0.414375804752977, -0.17887297387296275, 0.44035275067726454, 0.19841957672322366, -0.0622969851688447, -0.05895672027640598], [0.025936826043524402, -0.6281060816326361, -0.07241509238407459, -0.02828610737930554, -0.4389760168131739, 0.06545551540925129, -0.1236708057195354, 0.1998166582656779, 0.6824295093552698, 0.5764749882711309, 0.4529478507939215, -0.5195519126668748, 0.06693655959095447]], "inverted": false, "swapped": false, "error_lsq": 0.04748952692740058, "error_max": 0.2693718191345401, "target": "518.xyz", "model": "4.xyz", "model_rescale": 3.8936222436046832, "target_rescale": 4.112916027352941},
{"mapping": [3, 11, 0, 8, 1, 4, 6, 2, 9, 10, 7, 12], "R": [[0.11247383675372108, -0.16552028153658535, -0.9797717450743042], [0.9737700483660959, 0.21463423779732382, 0.07552507444718778], [0.19779163013380704, -0.9625669744829248, 0.18531942878122606]], "T": [-0.08349019885044826, -0.041905162733513565, 0.012495951573723955], "aligned_model": [[-0.13546969962430339, -0.4785405463234278, -0.2571025265747021, 0.42600744133094526, -0.6374263126711915, -0.6290315727085172, -0.29193607905290964, -0.09796767457229197, 0.6128917545734898, 0.3679561390918118, 0.2256251310736712, -0.07745801232747715], [-0.5181428784482239, -0.5815047066514272, 0.2737533106085062, -0.06667056503166871, 0.3972947488218931, -0.012052894165140215, -0.4867994300581379, 0.43973397403178094, 0.21880146348377139, -0.6001729622079297, 0.5890363876378003, 0.015646457088582956], [-0.5587836529043393, -0.021390513569579113, -0.6614201370461714, -0.4058630477427572, -0.24063515504413824, 0.4292453541358466, 0.6109143392422236, 0.4657179783173646, 0.2748165015628491, 0.07680415012893183, -0.32408396108694504, -0.02603713671776696]], "inverted": true, "swapped": true, "error_lsq": 0.043610099053280255, "error_max": 0.249033899898155, "target": "518.xyz", "model": "5.xyz", "model_rescale": 3.6523030999806103, "target_rescale": 4.112916027352941},
{"mapping": [8, 8, 10, 5, 6, 4, 2, 9, 7, 11, 3, 1, 12], "R": [[-0.11426051006189547, 0.4464347579723814, -0.8874911507809735], [-0.6910048731432751, -0.6775516523935605, -0.25186509013954705], [-0.713762426254452, 0.5844824763950559, 0.3859059906952224]], "T": [0.014351301262269037, 0.020290909723794007, 0.009516139140656448], "aligned_model": [[-0.14362843113053786, -0.14362843113053786, -0.6439955127496153, 0.3801563888332333, -0.1503340680569467, -0.0794545614438922, 0.2599431289339574, -0.6154209983372171, 0.0852953390098531, -0.40154931942683036, 0.4859292823987308, 0.5959941758892462, 0.08706676922223247], [-0.5411904455378652, -0.5411904455378652, 0.38423283769376554, -0.5510154210591676, 0.0694133363320723, 0.5598039464771628, 0.6793167720870108, -0.2904482768324098, -0.19446521993605792, 0.26406141722910015, 0.2703783159939459, 0.10623016570498454, -0.012751953690080253], [-0.32735801319685726, -0.32735801319685726, -0.19736253838048057, 0.07033755232098916, -0.6174529018880194, 0.18056509477040725, -0.27610809149535936, 0.18124523910978063, 0.6542368600569102, 0.7458391772985059, 0.4541634149450928, -0.3601876296668961, 0.078431740456914]], "inverted": true, "swapped": false, "error_lsq": 0.05397303075391656, "error_max": 0.3293212437056974, "target": "518.xyz", "model": "6.xyz", "model_rescale": 4.08911054899281, "target_rescale": 4.112916027352941},
{"mapping": [0, 3, 8, 2, 4, 10, 5, 9, 1, 11, 13, 7, 14], "R": [[0.8583255228902238, 0.4368540918570741, -0.2691389960279919], [-0.2668346882234654, 0.8280525800878424, 0.49308029140349274], [0.43826538297692447, -0.35140777885186114, 0.8273064891843236]], "T": [0.023015453204045723, 0.09980347186883273, 0.03256639773160663], "aligned_model": [[-0.06573907238986648, -0.37169108899375564, -0.6130979458249352, 0.5743207900650125, -0.17659017328470186, -0.2823170566958947, 0.28292259921784824, -0.6274460144481139, -0.0020210396355288818, -0.18534834121592855, 0.5233746561288632, 0.7559769463348862, -0.09597049724620876], [-0.8185364288474739, -0.3693595049270447, 0.252966698460386, -0.48025451518018913, 0.2630917069597153, 0.7496549124281942, 0.6618945552445583, -0.2525292527129419, -0.42939954879483666, 0.3178687324652746, 0.14924214489279464, 0.1185161180882586, 0.039219410847901544], [-0.15027409024316363, -0.46797758936249445, -0.1599166999181481, 0.13123098357935326, -0.6234397271309544, 0.0937224448823904, -0.41128393630430604, 0.2920251385679336, 0.5397777893644612, 0.536116925735573, 0.5646293714571748, -0.2158410316990094, 0.13022231220531985]], "inverted": false, "swapped": false, "error_lsq": 0.04084803720541863, "error_max": 0.24030511778713548, "target": "518.xyz", "model": "7.xyz", "model_rescale": 3.964800864290218, "target_rescale": 4.112916027352941},
{"mapping": [1, 7, 9, 0, 12, 11, 4, 5, 3, 10, 6, 2, 13], "R": [[0.10858485285027009, -0.5322891021857447, 0.8395699145549341], [0.032217866547028906, -0.8422356295494657, -0.5381460335193164], [0.9935649645627825, 0.0854836593256828, -0.07430481264122518]], "T": [-0.00817016983070815, -0.024721919450308973, 0.019735385844698687], "aligned_model": [[-0.038814707283467115, -0.15866359063012167, -0.5801394677577233, 0.5368883881644215, -0.24555282008250262, -0.06730580476272727, 0.4460484293832293, -0.5813946410251254, 0.2213868895856297, -0.5859579328478227, 0.35685395819758337, 0.49880279944203343, -0.0857777383717312], [-0.7281571970643826, -0.2758532893937668, 0.34464996964708444, -0.44846666339373364, 0.3738897272559675, 0.7984946228486578, 0.4601745310110397, -0.41009866001302864, -0.23428017281268806, 0.21203825829737122, 0.30063150554059787, -0.15855886008861758, -0.03208874290990492], [-0.23980192111657905, -0.62921602241953, -0.08161675553432973, 0.21081372804845203, -0.5764467757117457, 0.09687698072191592, -0.21189857425605044, 0.49087145581336045, 0.6749846442359155, 0.5538139682160548, 0.3318385065955339, -0.38483204920346437, 0.023604705744596614]], "inverted": true, "swapped": false, "error_lsq": 0.051512933425413375, "error_max": 0.24129677080132844, "target": "518.xyz", "model": "8.xyz", "model_rescale": 4.121658175737393, "target_rescale": 4.112916027352941},
{"mapping": [9, 9, 5, 6, 7, 10, 11, 4, 1, 0, 2, 8, 12], "R": [[-0.9272191791979252, 0.049493270648764076, 0.37123444060056465], [-0.08493739643135984, -0.9931910325319289, -0.0797321239251987], [0.36476051378265717, -0.10546084135189425, 0.9251096035207735]], "T": [0.041149159315568666, 0.14119550808505316, 0.02184845074135553], "aligned_model": [[-0.2620863329442081, -0.2620863329442081, -0.5610114745153749, 0.3440961206079283, 0.01549497020566775, -0.3209662958735897, 0.29131261247354767, -0.5253221574765913, 0.08527126487124456, -0.3697138440413837, 0.5144327556856432, 0.7239309883009954, 0.043021487662004344], [-0.5235139517743579, -0.5235139517743579, 0.2324901465362523, -0.47639491824760977, 0.1401315585674479, 0.8082348825436527, 0.6205134251857548, -0.439388032954321, -0.23050977907047282, 0.25278880953399574, 0.2234765709931081, 0.027488671645072793, 0.09057159774043144], [-0.3774000774241568, -0.3774000774241568, -0.08200609335834994, -0.06174134552552334, -0.6523559996338572, 0.04213885809048774, -0.31087464073836824, 0.38262666078827984, 0.6004848953380406, 0.6833337269694123, 0.5234248805629879, -0.20494014483043774, 0.09370124831977178]], "inverted": true, "swapped": false, "error_lsq": 0.051606908000328286, "error_max": 0.3946850118195955, "target": "518.xyz", "model": "9.xyz", "model_rescale": 3.833441315466971, "target_rescale": 4.112916027352941},
{"mapping": [10, 0, 2, 12, 5, 3, 4, 8, 11, 9, 7, 6, 14], "R": [[0.2765458398024684, 0.1344465695511968, -0.9515495354545989], [-0.8769151541054162, 0.44035321788871096, -0.19263659048927287], [0.3931185711566192, 0.887701055215647, 0.23967608470768523]], "T": [0.03951522278488914, -0.05478304706051739, -0.06669531648415408], "aligned_model": [[-0.27557177508773933, -0.15377582859527525, -0.5497771431909807, 0.49739678545548993, -0.18301923266048797, -0.054999766871145314, 0.35161144902245234, -0.49173257483041255, 0.19253495249607275, -0.4733977925271793, 0.1929800415557665, 0.6653293996837648, -0.0012047524386497865], [-0.7981505716469554, -0.4599743971121367, 0.35445836282764054, -0.4456180743432244, 0.24223074047074084, 0.7585370564432287, 0.630982677184091, -0.2983505187346433, -0.3901096949852783, 0.2960359826071299, 0.16629555796282583, 0.13352416988365204, 0.0125137383675255], [0.08783316206176273, -0.578829577204293, -0.11035571917296197, -0.09144432305062349, -0.6321123551582436, 0.22295822779695387, -0.32791150493689614, 0.4490662821715674, 0.5073064975846088, 0.4546072575352412, 0.5428018341099817, -0.25142911437733817, -0.013498776225629235]], "inverted": false, "swapped": false, "error_lsq": 0.0489124487682315, "error_max": 0.3090563651957882, "target": "518.xyz", "model": "10.xyz", "model_rescale": 4.2482417240324, "target_rescale": 4.112916027352941},
{"mapping": [3, 11, 6, 4, 8, 9, 10, 2, 1, 7, 0, 12], "R": [[-0.5060177377780599, 0.7260819566259186, -0.46556529221608883], [-0.6111793592523312, 0.07902986921507243, 0.7875367106337067], [0.6086097599265761, 0.6830514417187964, 0.40377578937820097]], "T": [0.02423706747398046, 0.04824824290240194, -0.005851439089256453], "aligned_model": [[-0.6441840804593175, -0.09628759739184681, 0.44663496373819384, 0.556513264961462, -0.4975133090107078, 0.15913325567561565, -0.2525220755295824, 0.6087004270931402, 0.11813662901011257, -0.12523434724696517, -0.40646615884072984, 0.009854630363632207], [-0.2722823724894095, -0.5705217623747431, -0.3298887894206319, -0.38058882448894815, 0.4488810284440083, 0.7911725375857791, 0.14722875496068166, 0.3088419692567058, -0.20959354846244915, 0.6221603670621286, 0.029438968030100224, 0.08128306194741733], [0.07375955546900509, 0.21993213667114403, 0.5214791619467117, -0.07633145246161432, 0.04410192513923952, 0.2212924618471575, 0.6523350932627162, -0.17345081838515616, -0.7047917946359759, -0.5110333218894093, -0.6367914906409587, -0.06530916646850336]], "inverted": false, "swapped": true, "error_lsq": 0.042529781525143716, "error_max": 0.2479233266932347, "target": "518.xyz", "model": "11.xyz", "model_rescale": 3.6694154284099745, "target_rescale": 4.112916027352941},
{"mapping": [3, 2, 10, 4, 12, 7, 5, 8, 11, 9, 6, 0, 13], "R": [[-0.22715399578794007, 0.81741458774239, 0.5293717540098937], [0.7279825715584913, 0.5035912183468099, -0.46522818090810225], [-0.6468712682633684, 0.2796949705481213, -0.7094563311053239]], "T": [0.0073847749682233, 0.04637142367360781, -0.021744303831926246], "aligned_model": [[-0.07071154240495765, -0.41624406434729466, -0.5559756900196089, 0.4401757277121261, -0.11355908476286793, -0.18656438725272254, 0.41604497282938746, -0.49977166791684924, 0.05398243110657956, -0.5465971511497958, 0.4560397766073555, 0.6397413260828201, 0.099813115527504], [-0.8100810760018758, -0.31437565578993165, 0.3098936809632443, -0.5375759712783782, 0.30258109122735116, 0.7242781552448023, 0.716002920809609, -0.43427819364660614, -0.15113904679358145, 0.19080736269533616, 0.22372809950038317, -0.0154088692102591, -0.0020574687954976537], [-0.062228641737889195, -0.36337820810817145, -0.15101067111325156, 0.11745368789965857, -0.6393992959689893, 0.2127583704253152, -0.19251108398589384, 0.2687141942726772, 0.6880774494310429, 0.5412197731246502, 0.27339656507229104, -0.3489235392658002, -0.08517670891150952]], "inverted": true, "swapped": false, "error_lsq": 0.041816984262804564, "error_max": 0.2255985307200273, "target": "518.xyz", "model": "12.xyz", "model_rescale": 3.9764082729961374, "target_rescale": 4.112916027352941},
{"mapping": [7, 4, 9, 3, 6, 12, 13, 2, 8, 1, 11, 14, 15], "R": [[0.14313046744403418, -0.45535492496908037, -0.8787295156051464], [-0.6329494154947749, 0.6404468576005147, -0.4349745509963185], [0.7608473609825266, 0.6184494440906461, -0.19654917550042203]], "T": [-0.124146108287393, 0.09000577863630027, -0.029120841134727172], "aligned_model": [[-0.25550870389632385, -0.27012060471636185, -0.7049490180798282, 0.46594831364118505, 0.18743707195030088, -0.27730219899854436, 0.23456440999999648, -0.5045903410199074, 0.12702866812761807, -0.42114044145912377, 0.5740726214946378, 0.6379676687686848, -0.07703368380065753], [-0.653955127601531, -0.33414284148479173, 0.24367636090479386, -0.49636405979234527, 0.25102472570033496, 0.6859616970152749, 0.5708219425051506, -0.36618119782888486, -0.20595792846955058, 0.23827325351383152, 0.16388771542830963, 0.0963722372660738, 0.008958251767930248], [-0.04643376658536971, -0.5900603353949462, -0.052625279854350004, 0.09895114293498548, -0.707831107874951, 0.13997466494221852, -0.15004696246231342, 0.5032466467815059, 0.5616156080687905, 0.5122973892734436, 0.3417925767229169, -0.2698491082761314, -0.0820395771416689]], "inverted": true, "swapped": false, "error_lsq": 0.044307039253727115, "error_max": 0.2609635975464533, "target": "518.xyz", "model": "13.xyz", "model_rescale": 4.170626492500431, "target_rescale": 4.112916027352941},
{"mapping": [7, 0, 4, 1, 2, 5, 6, 8, 10, 12, 11, 3, 13], "R": [[0.7567368779893884, 0.5777228685004254, -0.3059176109715065], [0.6171625283122364, -0.7856635427836545, 0.0429326354640073], [-0.21554514872323607, -0.2212895947673034, -0.951089482703705]], "T": [0.00718392852003593, -0.03277547789878221, -0.021500452111008986], "aligned_model": [[-0.19948101773817198, -0.09656891551693317, -0.630518558004088, 0.4599381741672437, -0.07239643536324875, -0.06199512589597197, 0.2515381242559252, -0.6388393996915595, -0.027690071924059152, -0.4001601743005311, 0.4671580131321952, 0.6190934671356845, 0.04629568175519105], [-0.8009998073106254, -0.4623913690807295, 0.23294079248965022, -0.6368682343768114, 0.12443585167394533, 0.7818352254886878, 0.7574848917964141, -0.29415088918857946, -0.24638105498278054, 0.24647082808557502, 0.33004530908628354, 0.11852347472304456, 0.051430010520521804], [0.13518644133137248, -0.42215484173636203, -0.1821041037657326, -0.16606879067291785, -0.6554434548916405, 0.3770512869554583, -0.17404173224712824, 0.2351959572608916, 0.49954154860147354, 0.5186832237600515, 0.374030291508105, -0.3010517853516248, 0.020167850382183588]], "inverted": true, "swapped": false, "error_lsq": 0.05368678034562573, "error_max": 0.3371821356457185, "target": "518.xyz", "model": "14.xyz", "model_rescale": 3.9786697098870705, "target_rescale": 4.112916027352941},
{"mapping": [10, 3, 9, 5, 8, 7, 11, 1, 2, 6, 0, 12], "R": [[0.7798103093042265, -0.5994077805093088, -0.18057185319908228], [0.5717799007756306, 0.799416274113535, -0.18439459252224083], [0.25487963153586135, 0.040545447923752434, 0.9661223732430617]], "T": [0.017068645039949155, -0.03011645033802575, 0.03664389455984185], "aligned_model": [[-0.11829296976159115, -0.694321594094096, 0.6143475247570132, 0.6598756134262869, -0.10474535013009872, 0.2840219815461325, -0.4832791505347425, -0.09008292999774567, 0.6252378230896615, 0.08424317879118345, -0.3215396819898553, 0.027890151665188732], [-0.4225156031567028, 0.018294287370203346, 0.05344254476225012, -0.4744776255719586, 0.2984941214832944, 0.6879076365435718, -0.436730298878031, 0.3960655815297331, -0.0006278781190077153, -0.7846982558728209, 0.6412300111128513, 0.03828996902105619], [-0.5526797978863418, -0.18117471116939318, -0.47129672710424286, -0.07788916960877847, -0.5222853187386419, -0.10514077164839816, 0.21746977488089145, 0.6454990114166336, 0.29521058976966374, 0.1965783859699579, 0.17296240465531704, 0.04271282333716282]], "inverted": true, "swapped": true, "error_lsq": 0.05551934456524175, "error_max": 0.2842241512152664, "target": "518.xyz", "model": "15.xyz", "model_rescale": 3.769337070930944, "target_rescale": 4.112916027352941},
{"mapping": [9, 10, 2, 5, 7, 8, 1, 3, 4, 6, 12], "R": [[-0.09266246057446786, -0.9464361153356194, -0.3093094696072318], [-0.7519020378139634, 0.27015648285232197, -0.6013807448730564], [0.6527304144373036, 0.1768450009507902, -0.7366606082228238]], "T": [0.0858018544803401, 0.019642938163630642, 0.04841243724333526], "aligned_model": [[-0.3636303223887631, -0.34756687812887427, -0.13374720601928808, -0.6440444434071345, 0.42792433552469333, 0.19852833747749293, 0.6852402715085211, 0.43554031490476547, -0.00777496608669441, -0.4613523005236481, 0.1335089878301002], [0.023426128555780447, -0.5562744366737408, 0.6086670805819376, 0.2977981438035402, 0.156413323393611, -0.45014696293133566, 0.45878772676384044, -0.5963435672119192, 0.508833690967995, 0.1066651983196488, 0.03823817205598383], [-0.5994488494684821, 0.05904236339613332, -0.15760899507625664, -0.06876067607425454, -0.6380069931881005, -0.40082648768499257, 0.15631320868966592, 0.28102424123798886, 0.5218281098702328, 0.5892771316639173, 0.0013845538579247973]], "inverted": false, "swapped": true, "error_lsq": 0.04798465426423416, "error_max": 0.23670792019253803, "target": "518.xyz", "model": "16.xyz", "model_rescale": 3.7852294659196426, "target_rescale": 4.112916027352941},
{"mapping": [0, 4, 1, 9, 5, 7, 6, 3, 8, 2, 11, 10, 12], "R": [[0.3908012508110033, 0.9120468883116639, -0.1242773345609186], [-0.2117293827897967, 0.22046372792944785, 0.9521378120476586], [0.8957929731963782, -0.34578348455133245, 0.27926462537086816]], "T": [-0.0778976438082116, -0.008667440779250177, 0.05121740754359698], "aligned_model": [[-0.09852788283841234, -0.2396194013478614, -0.7174897132516141, 0.6122295534129546, -0.2606732512749784, -0.05597898169000004, 0.4301046555362473, -0.7015997623724949, 0.12386841148895275, -0.3675361026175348, 0.3946347195378612, 0.5836864049880464, 0.013275112440509454], [-0.6743494352832856, -0.24084162573574291, 0.21214218666843304, -0.4984156806833859, 0.31913560826008897, 0.6912378438923339, 0.6035483035299862, -0.4262855543069095, -0.31984578885991055, 0.28671388363752526, 0.323132234703181, -0.053494422848337705, -0.02030252404938017], [-0.09774242318068786, -0.5981884024609558, -0.07692020355708885, 0.22766257941945234, -0.488548512940505, 0.08406812924279129, -0.341871363833321, 0.31405985030081185, 0.5866279097454893, 0.5017131981949864, 0.5034941097664751, -0.40655127130639607, 0.0511882917430785]], "inverted": false, "swapped": false, "error_lsq": 0.04130118341436184, "error_max": 0.24551254392784264, "target": "518.xyz", "model": "17.xyz", "model_rescale": 3.901054581598922, "target_rescale": 4.112916027352941},
{"mapping": [3, 2, 8, 12, 5, 4, 10, 0, 7, 1, 6, 9, 14], "R": [[0.5956800972444406, 0.2703301928102924, 0.7563642036757187], [-0.3519504802594449, -0.7586065859288337, 0.5483127822972444], [0.7220083664279798, -0.592821756213914, -0.35674400368814985]], "T": [0.019541405380139737, 0.03760608467124285, -0.012759884003775413], "aligned_model": [[-0.08461700144474602, -0.5336381185712671, -0.5201405762090396, 0.5165455650719374, -0.041006766126506944, -0.21544585035623176, 0.43542301352255885, -0.5009566103927802, 0.12142348246505957, -0.35340202612095384, 0.3205437192538625, 0.5027895944121796, 0.0688553365076036], [-0.7190458131252956, -0.36312277330912246, 0.3461550078738901, -0.5037274313048059, 0.11569702264945636, 0.7793060346195763, 0.7205229833962491, -0.40431409426379883, -0.27604200749916463, 0.1597661034859252, 0.2654238711113315, 0.06686771765103669, 0.014888407639318438], [-0.0186608467534737, -0.47875011850526733, -0.24505102218673858, 0.09641884014736223, -0.6294622200853769, 0.12949391664118826, -0.1947509430521683, 0.31783486720374027, 0.5624982671283665, 0.5631530227271137, 0.6362566092337569, -0.45975492420769476, -0.02023355715667778]], "inverted": false, "swapped": false, "error_lsq": 0.040549708387241354, "error_max": 0.23369285656619276, "target": "518.xyz", "model": "18.xyz", "model_rescale": 3.9405287249114394, "target_rescale": 4.112916027352941},
{"mapping": [7, 9, 11, 0, 5, 10, 2, 13, 12, 14, 1, 6, 15], "R": [[-0.30547028857837133, -0.6709847210973507, -0.6756237169088701], [0.8905601298253722, -0.4524613767301139, 0.04670500757848145], [-0.3370319835880011, -0.5874165529004101, 0.735765747651613]], "T": [0.014278543534543782, -0.10009361652247628, 0.1371360532536674], "aligned_model": [[-0.1603835343536265, -0.4362946228800068, -0.5750813064588325, 0.6310268193596984, 0.05823925870494074, -0.20841395869487087, 0.2813679655806835, -0.6168744826256929, 0.05070069716210402, -0.510632212022387, 0.5920961180802442, 0.5932948269602506, 0.01732819319917132], [-0.7036448122340322, -0.2956704364049744, 0.21990183025053905, -0.3986785305338861, 0.15708897525248527, 0.6533094508915215, 0.6271289243198059, -0.29168959486466367, -0.1977266690344959, 0.24302655265825213, 0.15954504491480287, 0.0925559402923739, -0.06277164658313218], [-0.18042443176340844, -0.4525616457314563, -0.1264376236568684, 0.08107473550738903, -0.6522860219180928, 0.16351605341491096, -0.25673689546838024, 0.26467696443060185, 0.6749838718712652, 0.5915325874374417, 0.3221604841070561, -0.2940364729804879, 0.12353028588415926]], "inverted": false, "swapped": false, "error_lsq": 0.038496844651144176, "error_max": 0.21106119119771347, "target": "518.xyz", "model": "19.xyz", "model_rescale": 4.410303926677745, "target_rescale": 4.112916027352941},
{"mapping": [1, 7, 9, 0, 12, 11, 4, 5, 3, 10, 6, 2, 13], "R": [[0.10858485285027009, -0.5322891021857447, 0.8395699145549341], [0.032217866547028906, -0.8422356295494657, -0.5381460335193164], [0.9935649645627825, 0.0854836593256828, -0.07430481264122518]], "T": [-0.00817016983070815, -0.024721919450308973, 0.019735385844698687], "aligned_model": [[-0.038814707283467115, -0.15866359063012167, -0.5801394677577233, 0.5368883881644215, -0.24555282008250262, -0.06730580476272727, 0.4460484293832293, -0.5813946410251254, 0.2213868895856297, -0.5859579328478227, 0.35685395819758337, 0.49880279944203343, -0.0857777383717312], [-0.7281571970643826, -0.2758532893937668, 0.34464996964708444, -0.44846666339373364, 0.3738897272559675, 0.7984946228486578, 0.4601745310110397, -0.41009866001302864, -0.23428017281268806, 0.21203825829737122, 0.30063150554059787, -0.15855886008861758, -0.03208874290990492], [-0.23980192111657905, -0.62921602241953, -0.08161675553432973, 0.21081372804845203, -0.5764467757117457, 0.09687698072191592, -0.21189857425605044, 0.49087145581336045, 0.6749846442359155, 0.5538139682160548, 0.3318385065955339, -0.38483204920346437, 0.023604705744596614]], "inverted": true, "swapped": false, "error_lsq": 0.051512933425413375, "error_max": 0.24129677080132844, "target": "518.xyz", "model": "20.xyz", "model_rescale": 4.121658175737393, "target_rescale": 4.112916027352941},
{"mapping": [8, 8, 10, 5, 6, 4, 2, 9, 7, 11, 3, 1, 12], "R": [[-0.11426051006189547, 0.4464347579723814, -0.8874911507809735], [-0.6910048731432751, -0.6775516523935605, -0.25186509013954705], [-0.713762426254452, 0.5844824763950559, 0.3859059906952224]], "T": [0.014351301262269037, 0.020290909723794007, 0.009516139140656448], "aligned_model": [[-0.14362843113053786, -0.14362843113053786, -0.6439955127496153, 0.3801563888332333, -0.1503340680569467, -0.0794545614438922, 0.2599431289339574, -0.6154209983372171, 0.0852953390098531, -0.40154931942683036, 0.4859292823987308, 0.5959941758892462, 0.08706676922223247], [-0.5411904455378652, -0.5411904455378652, 0.38423283769376554, -0.5510154210591676, 0.0694133363320723, 0.5598039464771628, 0.6793167720870108, -0.2904482768324098, -0.19446521993605792, 0.26406141722910015, 0.2703783159939459, 0.10623016570498454, -0.012751953690080253], [-0.32735801319685726, -0.32735801319685726, -0.19736253838048057, 0.07033755232098916, -0.6174529018880194, 0.18056509477040725, -0.27610809149535936, 0.18124523910978063, 0.6542368600569102, 0.7458391772985059, 0.4541634149450928, -0.3601876296668961, 0.078431740456914]], "inverted": true, "swapped": false, "error_lsq": 0.05397303075391656, "error_max": 0.3293212437056974, "target": "518.xyz", "model": "21.xyz", "model_rescale": 4.08911054899281, "target_rescale": 4.112916027352941},
{"mapping": [15, 2, 13, 11, 0, 7, 6, 14, 9, 12, 5, 8, 16], "R": [[0.7987145928290043, -0.551164687154311, 0.2413969486884392], [-0.3009594112052907, -0.018540986975009305, 0.9534566925712766], [-0.5210359219947923, -0.8341904575311825, -0.18068715658550205]], "T": [-0.04479937750887668, -0.005049930209580007, -0.027107205458422063], "aligned_model": [[-0.05565859812109404, -0.33118227590183175, -0.6219818328292053, 0.5425198279353908, -0.10123583931428444, -0.1989259569339637, 0.3655133346776405, -0.4630550286353292, 0.02979795298468603, -0.4829597743111787, 0.48817546382767624, 0.6177316430270753, -0.07236515439390558], [-0.7340109255938971, -0.46627308047251115, 0.31679862306435835, -0.49576776705221953, 0.4438221055171425, 0.6858672465074747, 0.5847859773748346, -0.3347680745311796, -0.11657923542448931, 0.23181516224531673, 0.03744314640390677, 0.025942031786673307, 0.023299819099186284], [-0.02933485672698376, -0.5030398378160289, -0.025135390530999998, -0.015057899285750794, -0.6559221380902015, 0.04126413679467808, -0.22535253048169518, 0.3309022099945403, 0.6725670501234398, 0.5177596596420976, 0.4331766318532573, -0.22923133360567294, -0.05360381073654965]], "inverted": true, "swapped": false, "error_lsq": 0.03890890784971165, "error_max": 0.22266311182720114, "target": "518.xyz", "model": "22.xyz", "model_rescale": 4.204369325754507, "target_rescale": 4.112916027352941},
{"mapping": [7, 9, 11, 0, 5, 10, 2, 13, 12, 14, 1, 6, 15], "R": [[-0.30547028857837133, -0.6709847210973507, -0.6756237169088701], [0.8905601298253722, -0.4524613767301139, 0.04670500757848145], [-0.3370319835880011, -0.5874165529004101, 0.735765747651613]], "T": [0.014278543534543782, -0.10009361652247628, 0.1371360532536674], "aligned_model": [[-0.1603835343536265, -0.4362946228800068, -0.5750813064588325, 0.6310268193596984, 0.05823925870494074, -0.20841395869487087, 0.2813679655806835, -0.6168744826256929, 0.05070069716210402, -0.510632212022387, 0.5920961180802442, 0.5932948269602506, 0.01732819319917132], [-0.7036448122340322, -0.2956704364049744, 0.21990183025053905, -0.3986785305338861, 0.15708897525248527, 0.6533094508915215, 0.6271289243198059, -0.29168959486466367, -0.1977266690344959, 0.24302655265825213, 0.15954504491480287, 0.0925559402923739, -0.06277164658313218], [-0.18042443176340844, -0.4525616457314563, -0.1264376236568684, 0.08107473550738903, -0.6522860219180928, 0.16351605341491096, -0.25673689546838024, 0.26467696443060185, 0.6749838718712652, 0.5915325874374417, 0.3221604841070561, -0.2940364729804879, 0.12353028588415926]], "inverted": false, "swapped": false, "error_lsq": 0.038496844651144176, "error_max": 0.21106119119771347, "target": "518.xyz", "model": "23.xyz", "model_rescale": 4.410303926677745, "target_rescale": 4.112916027352941},
{"mapping": [10, 4, 15, 1, 5, 6, 12, 9, 11, 14, 7, 0, 16], "R": [[0.07030887906844271, 0.2500726218224093, -0.9656709301511596], [-0.5894173379987957, 0.7914120060085029, 0.16203159695568897], [0.804763234243807, 0.5577909290768932, 0.2030404300847095]], "T": [-0.028915085045912236, -0.013469294752730933, 0.03260510112059745], "aligned_model": [[-0.17496475900161285, -0.18348944784674323, -0.6975552859800813, 0.6116832834008942, -0.17280533592708072, -0.2553186258822341, 0.3530716957197282, -0.5506412228149373, -0.014576251490011013, -0.4012570440931825, 0.5545696781815478, 0.602126256411951, 0.04553082133343826], [-0.6478478057974498, -0.29867849558606935, 0.2302358690241847, -0.5608550582239223, 0.3093131522360238, 0.7122269302442574, 0.63000074620185, -0.2723255870155398, -0.27564960585267356, 0.26299743284422317, 0.0917300706581192, 0.10858775512074706, -0.08736037492915458], [0.036769682460185395, -0.5745578515666329, -0.020707802363737086, 0.19489467522407408, -0.48769204575341596, 0.030480134839947555, -0.2610072972857198, 0.2632893891701992, 0.6086062894306183, 0.525634110489527, 0.333286861925684, -0.36397365906886514, -0.026030596367734485]], "inverted": false, "swapped": false, "error_lsq": 0.04091014658982784, "error_max": 0.22818936631099176, "target": "518.xyz", "model": "24.xyz", "model_rescale": 4.28219845311461, "target_rescale": 4.112916027352941},
{"mapping": [7, 13, 11, 4, 14, 10, 6, 9, 3, 5, 1, 0, 15], "R": [[0.14486319751436205, -0.30172385507056376, 0.9423255113214715], [0.90514760228622, -0.3442648689047122, -0.24937826311354525], [0.3996529395380724, 0.8890694097309719, 0.22323331426827642]], "T": [-0.06698604415738607, -0.016391581336966894, -0.039317194954454654], "aligned_model": [[-0.17543848753940192, -0.2270411373251167, -0.5378772163512703, 0.48197773290427715, -0.27377234003994466, -0.26335312133935274, 0.4262971977249672, -0.566177926298143, 0.14001259820918777, -0.31979932659374233, 0.29222938143153654, 0.7333232798185053, 0.005993127410173757], [-0.7853846823785268, -0.39446697125218444, 0.2568388415958723, -0.49887332193270023, 0.402401124692604, 0.7455688719672418, 0.6886314025013208, -0.3208241516037586, -0.425513540973679, 0.3499553207864395, 0.09348287720495471, 0.10178173819260808, -0.011222479875595853], [0.010015186147426053, -0.4686862944813417, -0.03016781342311252, -0.01698527852043638, -0.6409788291860462, -0.14208420049287973, -0.3072936314163476, 0.2998021923480013, 0.5850353729598899, 0.6867379492615202, 0.4791124340462034, -0.14464631981751924, -0.050868876291227536]], "inverted": true, "swapped": false, "error_lsq": 0.04844541593404725, "error_max": 0.29043562227572095, "target": "518.xyz", "model": "25.xyz", "model_rescale": 4.100010024507729, "target_rescale": 4.112916027352941},
{"mapping": [3, 11, 6, 4, 8, 9, 10, 2, 1, 7, 0, 12], "R": [[-0.5060177377780599, 0.7260819566259186, -0.46556529221608883], [-0.6111793592523312, 0.07902986921507243, 0.7875367106337067], [0.6086097599265761, 0.6830514417187964, 0.40377578937820097]], "T": [0.02423706747398046, 0.04824824290240194, -0.005851439089256453], "aligned_model": [[-0.6441840804593175, -0.09628759739184681, 0.44663496373819384, 0.556513264961462, -0.4975133090107078, 0.15913325567561565, -0.2525220755295824, 0.6087004270931402, 0.11813662901011257, -0.12523434724696517, -0.40646615884072984, 0.009854630363632207], [-0.2722823724894095, -0.5705217623747431, -0.3298887894206319, -0.38058882448894815, 0.4488810284440083, 0.7911725375857791, 0.14722875496068166, 0.3088419692567058, -0.20959354846244915, 0.6221603670621286, 0.029438968030100224, 0.08128306194741733], [0.07375955546900509, 0.21993213667114403, 0.5214791619467117, -0.07633145246161432, 0.04410192513923952, 0.2212924618471575, 0.6523350932627162, -0.17345081838515616, -0.7047917946359759, -0.5110333218894093, -0.6367914906409587, -0.06530916646850336]], "inverted": false, "swapped": true, "error_lsq": 0.042529781525143716, "error_max": 0.2479233266932347, "target": "518.xyz", "model": "26.xyz", "model_rescale": 3.6694154284099745, "target_rescale": 4.112916027352941},
{"mapping": [5, 0, 2, 7, 6, 11, 12, 4, 8, 10, 9, 3, 13], "R": [[-0.9251531676123446, -0.31071731541541453, 0.21805129295164313], [-0.35214395401890325, 0.4880517059366302, -0.7986239214926373], [0.14172597540598567, -0.8156348951788314, -0.5609398057384045]], "T": [-0.008687371219391829, -0.05750156640175735, 0.024671499785325686], "aligned_model": [[-0.02911323200980092, -0.5004103862709096, -0.5185090345298459, 0.529350931994527, 0.05626178172166061, -0.18279231226572965, 0.21239369946440062, -0.7164385126491571, 0.0198518686387453, -0.27288442923865774, 0.4390599855083996, 0.7323654124861777, -0.05276201083813333], [-0.825722210930997, -0.3558379348788118, 0.3098295697490923, -0.3835990995805804, 0.1651362400899949, 0.7696052923218961, 0.654162868010534, -0.2866801202567437, -0.37023530127975945, 0.1699571237321291, 0.26858047076156605, 0.11553447565429545, -0.028356344468019185], [-0.16347292678958172, -0.3011155945657391, -0.23471114079952687, 0.007244284063433422, -0.6213969535980386, 0.1721746624657704, -0.2480732642989572, 0.3740939981261277, 0.5812146834536055, 0.5149297773382682, 0.4222345074370006, -0.24686214499068543, 0.002732003292453284]], "inverted": true, "swapped": false, "error_lsq": 0.044197567763938524, "error_max": 0.30270822800611796, "target": "518.xyz", "model": "27.xyz", "model_rescale": 4.103607728864725, "target_rescale": 4.112916027352941},
{"mapping": [6, 5, 0, 11, 1, 2, 4, 9, 10, 3, 13, 8, 14], "R": [[-0.8181560043926778, 0.05147276063248407, -0.5726877922472938], [-0.5538577027360101, 0.197027073884201, 0.808963520362086], [0.1544745855996968, 0.9790459065179224, -0.13269029856889064]], "T": [0.025576355999189476, -0.058653900301295504, 0.15254054428491426], "aligned_model": [[-0.010235503577508881, -0.33638945225456895, -0.5850181350929389, 0.568752694186103, -0.25108832102470036, -0.07245946912550058, 0.47072836004110596, -0.6353934089947441, -0.10607490308253906, -0.49235213927861887, 0.6086888062612761, 0.6024097742764984, -0.04519454032218753], [-0.6794779342771564, -0.4018228275770304, 0.20917739521667203, -0.4791906931507717, 0.3843296607789489, 0.669899116787448, 0.663886689647556, -0.5399071649825321, -0.305573266125053, 0.3799297891671967, 0.18169894845981788, 0.07453196775501533, 0.04489334722448502], [0.03186622057242214, -0.3825821065059988, -0.10267016389708705, 0.13952113750042514, -0.5755274835633086, 0.1222060010199928, -0.1658681181417671, 0.1930151171734195, 0.5785382544538086, 0.47336023457570536, 0.30114374544647726, -0.4147377903227295, 0.06072684282277033]], "inverted": true, "swapped": false, "error_lsq": 0.045720519371213866, "error_max": 0.22693298595809336, "target": "518.xyz", "model": "28.xyz", "model_rescale": 4.137296879288765, "target_rescale": 4.112916027352941},
