[{"mapping": [14, 15, 6, 4, 8, 13, 1, 12, 5, 0, 11, 16], "R": [[-0.9804827925265622, -0.14027852549010794, 0.13775132974180515], [-0.17374584367306872, 0.29033844743492904, -0.9410185799161506], [0.09201019164010024, -0.9465862460586443, -0.30904466247931855]], "T": [-0.06692877986964818, 0.072631912922703, -0.046640455791667514], "aligned_model": [[-0.3054684224878693, 0.17635195385075814, 0.37597352051589716, 0.10060212804689253, -0.16758211262638648, -0.5117867916539327, 0.31140895433582794, -0.30056067488235466, 0.6750111773243093, 0.21179160002534564, -0.6099889092953623, -0.11810996069257661], [-0.3759509664918009, -0.45777450816034204, -0.4464661824388475, 0.6104403794101557, 0.5469948485445129, -0.6661922077990209, -0.26528251905527533, -0.5417238984977472, 0.2484396233539954, 0.38158953262285905, -0.012769247577934073, 0.03225018206650192], [-0.5264400097418929, 0.019021406944182827, -0.49538260177981586, -0.0942890811801434, -0.6885406966380201, 0.03219949002951394, 0.5458375235916972, 0.5932268111138184, -0.06205400411862362, 0.49881223056386703, 0.3503947705629821, 0.009165906005996635]], "inverted": false, "swapped": true, "error_lsq": 0.04432840241852867, "error_max": 0.24008143118123787, "target": "519.xyz", "model": "0.xyz", "model_rescale": 3.751011558992144, "target_rescale": 4.221688257515088},
{"mapping": [0, 2, 5, 4, 12, 15, 11, 3, 1, 14, 13, 10, 9, 7, 16], "R": [[0.6521623119242566, 0.3354987589461888, -0.6797976917077433], [-0.47943021058503804, 0.8771634531658163, -0.027036079756634745], [0.587223119507394, 0.3435474627701216, 0.7329011862046731]], "T": [0.02103998561874617, 0.21842658918901658, -0.011075794906233507], "aligned_model": [[-0.029574112827473444, 0.08818772320626572, -0.4473764690084227, 0.2280898810240223, -0.21031365231802626, -0.5027385636674455, 0.37257654999046935, 0.6220487689662293, -0.5130413761706412, -0.04990830098655261, -0.09653055739311941, 0.5595718521743815, 0.6980480082082356, -0.2130819323305953, 0.03312839222170679], [-0.04600760206555593, -0.5301961674053953, 0.5503760713801881, 0.5126546908123144, -0.6392141179434226, 0.052320114098751425, -0.3429023654689468, -0.09423002607851777, -0.28761873821505, 0.38905294080286756, -0.27107421070599436, 0.049479134066307995, 0.3996069017794439, 0.6686621363429601, 0.13784858842715525], [-0.6420839291850888, -0.3758658533280252, -0.5130881402799493, -0.4471206415242756, 0.21777995951824022, 0.19602958258151984, 0.1344456190696497, -0.40411830786505337, -0.26997922500833266, 0.6628591882618685, 0.6935812872152912, 0.5461480466456783, -0.025434905991704282, 0.060652487638780866, 0.01586123710337583]], "inverted": false, "swapped": true, "error_lsq": 0.035928381759694226, "error_max": 0.2386692423438397, "target": "519.xyz", "model": "1.xyz", "model_rescale": 3.9405287249114394, "target_rescale": 4.221688257515088},
{"mapping": [13, 1, 2, 7, 5, 11, 14, 6, 4, 9, 8, 10, 16], "R": [[-0.8781972928078632, 0.207228604473796, 0.4310751911126217], [0.2331194788964325, -0.6015235118101692, 0.7640842710713377], [0.41764198000679487, 0.7715087622492726, 0.47994729534460295]], "T": [-0.01387334324171488, -0.0752949385103024, -0.057549371765394236], "aligned_model": [[-0.300225479333899, 0.14552368247818234, -0.46298929629353713, 0.4294814079093249, 0.6198778329399345, -0.644323923703261, 0.05683785332366137, 0.6651170719792914, 0.051259836902298406, -0.44398693631986264, 0.06820013379938045, -0.6141930025391464, -0.07459590185843588], [0.6601754742438296, 0.4357988716039704, 0.2017835111768933, -0.2040494168830121, -0.27388346333663827, 0.16645931231056293, 0.18285541556111695, 0.233212580298917, -0.6011217097968441, -0.5872775395488203, -0.7421964803649294, 0.0028600585917844257, -0.015784020284813516], [0.2989070704329364, -0.6247631462556247, -0.7052676982861174, 0.16500155686200443, -0.43243985323400636, -0.12025169356418104, 0.5879687876601674, 0.27530182735672193, -0.25462503915494245, 0.15280382092561232, 0.38482319194498305, 0.45486289055001417, -0.06920136564892357]], "inverted": false, "swapped": true, "error_lsq": 0.04124996371179906, "error_max": 0.2195343386196425, "target": "519.xyz", "model": "2.xyz", "model_rescale": 3.932901565614263, "target_rescale": 4.221688257515088},
{"mapping": [14, 9, 10, 7, 13, 12, 11, 15, 5, 1, 3, 4, 2, 16], "R": [[-0.35158629687612925, -0.07099728301457015, 0.9334594054662899], [0.7328822950780678, -0.6412754535611701, 0.22726489878777956], [0.5824694132828216, 0.764019095615067, 0.2774963137151572]], "T": [0.019289215373472744, 0.08592661322842196, -0.006093033631028224], "aligned_model": [[-0.3630018981371714, 0.612076370231984, 0.2584428982565095, -0.25753861705881104, -0.36481123984887287, -0.22030401576448913, 0.3108713093180591, -0.5260703622183545, -0.1958621970316199, -0.29643075809356323, 0.7562889188886976, 0.3768872684557264, 0.3049218799362821, 0.024340355118326655], [-0.0032270265497102157, 0.18469146050551322, -0.3377008890533485, 0.4984945586642947, -0.6170735848872664, -0.7642465910860685, -0.5233872702457464, -0.08815946442843442, 0.6311297887224144, -0.22428383734107346, -0.11879366588706522, 0.4984165035877427, -0.47270270272111925, 0.0003393590703566207], [-0.5842284034365557, -0.366954844258233, -0.6325142008629432, -0.131886946408287, -0.3350809221820684, 0.24138959385806893, -0.06576804724422157, 0.12469280596378479, 0.481845687697227, 0.6361266602653618, 0.16233848972996429, 0.14070841737499717, 0.5455988236353355, -0.0023707510753328883]], "inverted": true, "swapped": true, "error_lsq": 0.04149101900028869, "error_max": 0.30653962799745643, "target": "519.xyz", "model": "3.xyz", "model_rescale": 3.9243930471874484, "target_rescale": 4.221688257515088},
{"mapping": [11, 15, 2, 3, 0, 10, 9, 1, 5, 7, 4, 8, 16], "R": [[-0.3262606740436719, -0.726102649726546, -0.6052511170024044], [-0.90221883455649, 0.04814512540478799, 0.42858280585119934], [-0.2820552200263249, 0.6858986725164633, -0.6708113474711467]], "T": [-0.11098729833190159, 0.009383191243926309, -0.1342029557245564], "aligned_model": [[0.005013182098027924, -0.1935688124976701, 0.5561556508673379, 0.3548164687317827, 0.5722255638122984, -0.5497077032838082, -0.2127957584676422, 0.37691356357937134, 0.2000871937274954, -0.37288716152008927, 0.12888722981402556, -0.4899723104735364, -0.09796122007624034], [-0.5831863031971934, 0.3435274584164487, -0.32271349873587274, -0.5761866996054678, 0.05627673711828396, -0.6449169845113267, -0.48849274576760493, 0.2877747983616079, 0.6676384681960423, 0.40583034452815736, 0.053702325976687004, -0.027680151657203306, -0.04374419544097131], [-0.44282880712239114, -0.6099716698887314, -0.5118915985452204, 0.09727682145752711, -0.0932191253993512, -0.22625679740260335, 0.3486292523785689, -0.6753190454406169, 0.0928509571568861, 0.05791207028065884, 0.37576858100827504, 0.5744463767879239, -0.20032669989996213]], "inverted": false, "swapped": true, "error_lsq": 0.04372112457950149, "error_max": 0.3056273819364953, "target": "519.xyz", "model": "4.xyz", "model_rescale": 3.8936222436046832, "target_rescale": 4.221688257515088},
{"mapping": [3, 9, 0, 2, 5, 7, 14, 15, 12, 11, 1, 16], "R": [[-0.5903834734870574, 0.7814381637082076, -0.20199443193737182], [0.7754848460708178, 0.47980747766974546, -0.4103754840225192], [-0.22376462577422085, -0.39892252464926237, -0.88926385936885]], "T": [-0.2580741860556613, -0.0928846826489513, 0.062495033247677516], "aligned_model": [[-0.05118386087935922, -0.4475754035879428, -0.142571258478139, 0.3875415657936638, -0.6881943625279451, -0.6769691760233696, -0.27074135945759115, -0.041857854979672315, 0.6323599518382979, 0.3164797446926669, 0.1839344997768661, -0.17367444395237763], [-0.5168792136584961, -0.7394389965766435, 0.17247094027488738, 0.005195667917558433, 0.49048718995198526, 0.07851561320731967, -0.25134849932881487, 0.3462814588896086, 0.10440229625315059, -0.4380392468633407, 0.525348737129217, -0.10807304208662419], [-0.5627034670278729, -0.13097113973182467, -0.5595210124422938, -0.4586356441013862, -0.17477005194106243, 0.30295083555338764, 0.7429831920692158, 0.3868583564606716, 0.1607393138910188, -0.04046486582393747, -0.11292309818382887, 0.06574230055343036]], "inverted": true, "swapped": true, "error_lsq": 0.04004961837178945, "error_max": 0.20443931021934983, "target": "519.xyz", "model": "5.xyz", "model_rescale": 3.6523030999806103, "target_rescale": 4.221688257515088},
{"mapping": [12, 11, 10, 13, 14, 1, 9, 15, 0, 5, 8, 6, 16], "R": [[-0.24299592694177724, -0.3360795386784981, -0.9099469892094565], [-0.32382619626644776, -0.8561438950309883, 0.40268377868095534], [-0.9143793381859144, 0.3925151903848008, 0.099208120715358]], "T": [-0.042803041989797924, 0.04531763897767473, -0.06522297809751912], "aligned_model": [[0.11744638146915234, -0.1165690341538184, 0.2596316722007357, 0.5746466259670501, 0.631491379613964, -0.17456485124579135, -0.2633999888398321, 0.3051865758432162, -0.649580664939447, -0.29346625246756264, -0.03625350741907318, 0.5609828538456998, -0.03446828520999901], [-0.6102921834274387, 0.0037791052426093125, 0.4640705997072173, -0.20911318222828293, 0.221517395341259, -0.7230288777263546, 0.6752704076531465, -0.4207132788062965, -0.27353360552473793, -0.20997179435117538, 0.7871194133159071, -0.17514464683573658, 0.010867551803066193], [0.556020072324306, 0.6075903407126955, 0.5366386546844177, 0.4861356473237417, -0.01407562600053281, -0.03996003275656232, 0.1489471614425467, -0.14613266041964704, -0.09374129079132029, -0.7387332517709848, -0.3764695659839452, -0.5690421583645047, 0.01293244908157841]], "inverted": true, "swapped": true, "error_lsq": 0.050152365932586124, "error_max": 0.2755406509320223, "target": "519.xyz", "model": "6.xyz", "model_rescale": 4.08911054899281, "target_rescale": 4.221688257515088},
{"mapping": [12, 15, 13, 2, 3, 9, 11, 10, 0, 1, 4, 7, 8, 14, 16], "R": [[0.46707581993921454, 0.43426262293369056, 0.7702312333000146], [0.3019137151050514, 0.7404107907311432, -0.6005330711962075], [-0.8310765831495773, 0.5130378497651363, 0.21471813535141626]], "T": [-0.007736271357519477, -0.026545534764004973, 0.14067684009370165], "aligned_model": [[0.11854357055226464, 0.21265163947473525, 0.6304091960590104, -0.47499623652996453, -0.482676237874795, -0.04687529764867099, 0.03383450670481561, 0.4803068602575794, -0.6634507551852746, -0.29328411995875164, -0.4136485899392643, 0.14159608823256095, 0.10037856156702077, 0.6865255764096594, 0.0070187776786289294], [-0.6727442209616782, -0.5619023109650464, -0.38787464316767073, -0.35613616869780335, 0.32689439664603265, 0.6458187488483925, -0.02015135783646487, 0.34037998611428927, -0.2021566888481974, -0.7438384722615623, 0.30715439139832135, 0.007563663327367888, 0.680110834364356, -0.003926352371402618, -0.05843298941982073], [-0.49801534252171564, 0.23891256719045334, -0.3199608775347318, -0.4684658164717985, -0.37211978315356, -0.05365987577704742, -0.5361359983379642, -0.3655225151940408, 0.04139072700741055, 0.029730778909624167, 0.349134250941067, 0.6297642309421766, 0.5096418332263914, 0.21699349684610253, 0.06238235600971337]], "inverted": false, "swapped": true, "error_lsq": 0.03687655740602637, "error_max": 0.23502301594898092, "target": "519.xyz", "model": "7.xyz", "model_rescale": 3.964800864290218, "target_rescale": 4.221688257515088},
{"mapping": [9, 10, 3, 8, 0, 14, 4, 11, 13, 15, 6, 5, 1, 16], "R": [[-0.43057053754645863, 0.9010587032752995, 0.05198293420719882], [0.7726909412250746, 0.338240725963336, 0.5371609820607826], [0.4664308325418278, 0.2714524351550963, -0.841876388730974]], "T": [-0.015887563125367234, 0.029311944251771957, 0.0817874763419647], "aligned_model": [[-0.1855059341093367, 0.10690098122026433, 0.3409117025196132, -0.7050165440174486, 0.3064579383752085, -0.2506088031359045, -0.2645541340005321, 0.5339249526475167, 0.4029230892437753, 0.1225713527273464, -0.4085444169007323, -0.305192859443838, 0.5049876277137688, 0.06193293662117212], [-0.11162374390132164, -0.6583988879675141, 0.22885997492215132, -0.053835518327766854, 0.6267922122600251, -0.5871527154328646, 0.4232466986395411, -0.24914292299447494, -0.6632746649778161, -0.052808006756596484, -0.11426977282842159, 0.6605236351543085, 0.3688402811559238, -0.006808102763971174], [-0.5835989470404327, -0.293758803240119, -0.5862866222542413, -0.324875719001075, -0.017051792145785893, 0.3124661177955946, -0.2384550708765022, -0.20107948489526495, 0.3898408730834671, 0.6465116651375924, 0.7833569166573058, 0.397215876125711, 0.5527071133548234, 0.07982291602394809]], "inverted": true, "swapped": true, "error_lsq": 0.0443939957330262, "error_max": 0.2353572645772208, "target": "519.xyz", "model": "8.xyz", "model_rescale": 4.121658175737393, "target_rescale": 4.221688257515088},
{"mapping": [14, 10, 9, 8, 13, 15, 11, 0, 3, 12, 7, 4, 16], "R": [[-0.011895255510226466, 0.07278125371871208, 0.9972769886062143], [0.7043585154087382, -0.7073023707729132, 0.06002031381303219], [0.7097447320463499, 0.7031544961145801, -0.04285055339556593]], "T": [-0.0551472980442764, 0.10727955508837672, 0.07645830722236471], "aligned_model": [[-0.6140561282260666, -0.10914794006807951, 0.39558772064710657, 0.1502298337815581, -0.6397860738763463, -0.5495479766408629, 0.09223673762838236, 0.3952195322142259, 0.6499639475419366, -0.34301420406287075, -0.2828596593479334, 0.39580776624470193, -0.06389605940055507], [0.13926013624961597, -0.27206398583670854, 0.16153465392739197, 0.690304882086226, -0.49242866131951646, -0.0016481237705552876, -0.5263951224124378, -0.0019103419140117511, -0.21737156012298775, -0.7230080056144059, 0.5664276348512753, 0.44571188067794676, 0.0219740526098776], [-0.34179225733013374, -0.6179771700551443, -0.45764531527734065, -0.4384095487246058, -0.14382111994327917, 0.3739993916548269, -0.11479801940840592, 0.5823296135716994, -0.027791001956323086, 0.33952152322169293, 0.07689219857070535, 0.1174221232371852, 0.07314501639821192]], "inverted": true, "swapped": true, "error_lsq": 0.04153305010588734, "error_max": 0.2257222488702325, "target": "519.xyz", "model": "9.xyz", "model_rescale": 3.833441315466971, "target_rescale": 4.221688257515088},
{"mapping": [9, 8, 13, 15, 6, 14, 7, 1, 2, 12, 3, 0, 4, 10, 16], "R": [[0.26329794859284605, 0.21719997005907976, 0.9399459363565192], [0.46910456013985735, 0.8225523373728775, -0.3214787145961718], [-0.8429798941391129, 0.5255776110992084, 0.11468684662357442]], "T": [-0.017783066176860568, -0.013844134662019716, -0.032974205607180965], "aligned_model": [[0.2553620789197971, 0.07467626458555063, -0.6920828252715907, -0.40804638728638665, -0.6091958497156802, -0.6711509596287977, -0.19347622000384837, 0.028957520060727465, 0.37272287730789977, -0.2858034667886168, 0.5922634318036121, 0.5518765683410425, 0.4527791125293721, -0.3104225832342554, -0.034614543324293326], [-0.6426678327047965, -0.7026524060286764, 0.10039776409609556, 0.4225624011952014, 0.2138379392063243, -0.2605775730784581, -0.07707697926715948, 0.752841897189091, 0.4283123256336482, 0.5309143808767715, -0.2101949276602131, 0.36375225867428307, -0.18764918221709123, -0.5392089046698357, 0.008510378049794263], [0.11312452430513818, -0.4381675480219234, 0.4982922929779558, -0.07849170555245671, -0.5481310619011849, -0.05681490501913093, -0.5102619489692068, 0.10253818009793446, 0.5586501767498979, 0.654666884827568, 0.41728990590416165, 0.026753162762857517, -0.29362336568631897, 0.4841449247421569, 0.048152390604644324]], "inverted": true, "swapped": true, "error_lsq": 0.04080906269834536, "error_max": 0.2937163787596984, "target": "519.xyz", "model": "10.xyz", "model_rescale": 4.2482417240324, "target_rescale": 4.221688257515088},
{"mapping": [2, 3, 9, 4, 13, 14, 10, 7, 0, 15, 1, 16], "R": [[-0.5295384288488765, 0.8199983098718724, -0.21723679287711942], [0.028824083319052562, 0.27333450395359193, 0.9614870884048627], [0.8477960984771515, 0.5028827107345378, -0.16837682337900112]], "T": [0.12214410122443706, 0.09897505278762442, -0.07724860335269604], "aligned_model": [[-0.5368254151429566, -0.06333778444698623, 0.3546576763387459, 0.5084119481555902, -0.49899397886282115, 0.15668575311217836, -0.10657059701489624, 0.531286265315526, -0.021741464439313046, -0.12007102544326231, -0.36585172643973096, 0.03911595123093278], [-0.38466529491475526, -0.6104841457529419, -0.24420219898908607, -0.31024403099069753, 0.6396072226953194, 0.721221110659715, 0.22712851826837666, 0.37464737234982887, -0.4409979821069758, 0.5191304283818949, 0.07672463708709318, 0.09826575336286798], [-0.2500717142214608, 0.19790998622485548, 0.48802934920038854, -0.1312100259909038, 0.19085550215931205, 0.23890340205384927, 0.6712996580017546, -0.21609214368569377, -0.47522417995558597, -0.4083516989531345, -0.6852952723678672, -0.05556057261115698]], "inverted": false, "swapped": true, "error_lsq": 0.04645567794588942, "error_max": 0.2908630378967973, "target": "519.xyz", "model": "11.xyz", "model_rescale": 3.6694154284099745, "target_rescale": 4.221688257515088},
{"mapping": [15, 1, 0, 2, 12, 6, 14, 8, 3, 9, 4, 10, 5, 16], "R": [[0.9135658643251297, -0.40603786463315694, 0.02303614603236956], [-0.17870299085028463, -0.4516648296531938, -0.8741076150655103], [0.3653254064543576, 0.7944382506768524, -0.48518575129579067]], "T": [-0.0029142093900859853, -0.0023894651321995225, 0.02150363610081024], "aligned_model": [[-0.017694407090691044, 0.05504616983362178, -0.0763635066412233, 0.4709093130830931, 0.6707313617864086, -0.4251605971242247, 0.10889430241048034, -0.35640845677958105, 0.34970689600364346, 0.1476748572302, -0.3253085408901696, 0.6010306957268315, -0.6824346645691258, 0.07764142727654652], [-0.31211104123366074, 0.2018024372937015, 0.6253381437986895, 0.5628533559267747, -0.0379465922714043, -0.6307832507810647, -0.6815182155402122, -0.10885786848317854, 0.6373468008980643, 0.17936752016658147, 0.3734944770541845, -0.28020029572668925, 0.2017961871561414, 0.0004056298783264214], [-0.4771766805317625, -0.7290308547394595, -0.2453703860731135, -0.37093548003048665, -0.6000946101920062, -0.28480345177703353, 0.14241008685206225, 0.7362717827300602, 0.3040704417962365, 0.6815488494775834, 0.2941721165993352, 0.45408879242257216, -0.2581050171861493, -0.007950129695423237]], "inverted": false, "swapped": true, "error_lsq": 0.041748690543714974, "error_max": 0.2710150870201989, "target": "519.xyz", "model": "12.xyz", "model_rescale": 3.9764082729961374, "target_rescale": 4.221688257515088},
{"mapping": [4, 2, 3, 10, 8, 5, 6, 9, 11, 0, 12, 13, 1, 15, 14, 16], "R": [[0.8975451676461076, -0.08717089660204116, -0.4322197436729575], [-0.16964788369222758, -0.9730732479055059, -0.15603861627615925], [-0.40697944369939526, 0.2133768708089663, -0.8881655495513798]], "T": [0.014862597551579176, 0.10788188313394255, -0.05860047159179966], "aligned_model": [[0.06319049406630561, -0.34705639103172425, -0.5798597865192581, -0.6269793825391836, 0.006285327738072749, 0.6678556080817744, 0.6766527291606345, -0.4682513391955818, -0.5880659796242774, 0.040756916541377586, -0.2543837954609367, -0.2546337356508146, 0.2649428841234719, 0.3404470083834297, 0.03810230284022739, -0.04016254710412384], [0.1633116593723053, -0.6448327776977111, -0.14878177505342238, 0.4619149760306632, 0.7987695351924866, -0.06748559977099887, 0.3561113613170481, 0.4632626899302153, -0.12705905713154608, -0.4579244055093048, -0.5018864992492812, 0.0793789757217504, -0.5995037655567738, -0.07952037199299193, 0.5849398832251996, 0.06476928851560418], [-0.6191064015862683, -0.07985893224726376, -0.4989153432181576, 0.2443148056877676, -0.4706537326648847, -0.4113995684421026, 0.3505581061585124, -0.42147477307035686, 0.14419133979387283, -0.44570668694861115, 0.5715867580042155, 0.7639168715235283, 0.15452192237810342, 0.39273438562645413, 0.4515082946748645, -0.008820102816975116]], "inverted": true, "swapped": true, "error_lsq": 0.03904030599315646, "error_max": 0.3050034241312586, "target": "519.xyz", "model": "13.xyz", "model_rescale": 4.170626492500431, "target_rescale": 4.221688257515088},
{"mapping": [14, 9, 7, 4, 15, 1, 5, 10, 13, 3, 11, 0, 12, 16], "R": [[0.8167905519164016, -0.0008841997165094928, 0.5769336291905347], [-0.4109126712105363, -0.7028320854251325, 0.5806701613959346], [0.4049740373637818, -0.7113552402898431, -0.5744299358263442]], "T": [-0.09496206529502936, -0.024496177458485886, -0.0347704486982922], "aligned_model": [[0.4334858351606703, -0.08692561724102703, -0.24675295228599092, -0.5793588096799173, 0.0862222297862369, -0.19695711465044524, -0.7489522007708651, 0.5521678044857444, 0.7239771770277861, -0.23774683893370524, 0.3146072698983878, -0.5634533388580277, 0.42896202897003444, -0.036092450817237866], [-0.0735387235966173, -0.710828425141029, -0.01417420487234113, -0.3136477868025717, 0.5065752106441427, 0.6904180057375712, 0.2806276527025981, -0.4667144947752609, 0.2538787786394393, -0.40597389324736666, -0.10439260487331078, 0.1721425517943202, 0.5435334588730407, -0.0018310571569488572], [-0.4893834906882063, 0.1075524717529266, -0.5241813705324646, 0.00164498865160069, -0.20786983950674442, 0.2599336080926327, -0.2813818425312215, 0.0865725154539204, 0.007907066074630001, 0.6342104138813537, 0.4997519118337875, 0.4262150507973281, 0.459489523733231, 0.02341209410809262]], "inverted": false, "swapped": true, "error_lsq": 0.046676678521222315, "error_max": 0.3546198179660235, "target": "519.xyz", "model": "14.xyz", "model_rescale": 3.9786697098870705, "target_rescale": 4.221688257515088},
{"mapping": [15, 11, 5, 6, 0, 4, 10, 9, 7, 14, 3, 16], "R": [[0.8439234133711553, -0.5059883603993569, -0.1782387486052026], [0.2526517818026752, 0.0817798883913772, 0.9640949782083854], [-0.47324449232496246, -0.8586546622449938, 0.1968548233826749]], "T": [0.04164509144820103, -0.011119250981552604, -0.06421083685555572], "aligned_model": [[0.12475809393290178, -0.6361075859462428, 0.6526660445173427, 0.5967486855132688, -0.03544777426931568, 0.2692991887957453, -0.4775985400025212, -0.1424748079219095, 0.525242355200638, 0.09239419297077124, -0.44857963286821956, -0.037545623155122276], [-0.4491419837914423, -0.01915339323879484, 0.24026660310505235, -0.5945538211901223, 0.5026913230110168, 0.49203211364012084, -0.2664829657917281, 0.3288106173490833, -0.14892496620904308, -0.626220450342115, 0.5907385357233988, -0.03538712204098767], [-0.4463839409632877, -0.043440805655048445, -0.44510370351981615, -0.20007435669230839, -0.5122218613861493, 0.05656689070445364, 0.47822224458253293, 0.5205283354808947, 0.03485145790860829, 0.2635244465896671, 0.04016855754709199, -0.08667077072280868]], "inverted": true, "swapped": true, "error_lsq": 0.04541448255813003, "error_max": 0.26212822350601445, "target": "519.xyz", "model": "15.xyz", "model_rescale": 3.769337070930944, "target_rescale": 4.221688257515088},
{"mapping": [15, 1, 14, 7, 13, 12, 10, 2, 9, 4, 16], "R": [[-0.9607326890802107, 0.2502827542998168, 0.11979667371344246], [-0.26702436594014484, -0.9513155973459763, -0.15393707233974638], [0.07543664975972267, -0.1798810082981698, 0.9807915857748082]], "T": [-0.16289706377077248, 0.10854971505654315, 0.11722198212024251], "aligned_model": [[-0.29645793041428126, -0.25470215969873145, -0.059576416570290516, -0.5857592068004638, 0.3701665477436724, 0.3626149862410394, 0.5050494943293956, 0.24334333540617994, 0.131323299563218, -0.40308149367190915, -0.09029432543665901], [-0.08814910377413626, -0.6088338574973577, 0.6027674552924089, 0.37652781754610126, 0.13937850892535675, -0.4471708183494029, 0.5315624346918693, -0.608671109232575, 0.49035174892913286, 0.1355750698932352, 0.07272635120070992], [-0.4197128712052386, -0.1748197866533154, -0.3659022688476623, 0.007470392243014476, -0.5645904852149868, -0.38919565056428207, 0.054246923318602314, 0.2535292246281189, 0.6261757492960331, 0.6282562403293709, 0.08876013989412193]], "inverted": true, "swapped": true, "error_lsq": 0.04440456384760591, "error_max": 0.22749016616698908, "target": "519.xyz", "model": "16.xyz", "model_rescale": 3.7852294659196426, "target_rescale": 4.221688257515088},
{"mapping": [4, 10, 14, 8, 3, 11, 12, 13, 7, 5, 1, 15, 16], "R": [[-0.7337201375772336, 0.3830568089324828, 0.5611793303785423], [-0.34017214146577296, -0.9220601193260415, 0.1846294952574937], [0.5881646656202971, -0.05543119590005372, 0.8068393326039914]], "T": [0.03805595905971289, 0.035227831607383804, -0.10165769896880636], "aligned_model": [[0.03565103527659132, -0.4070764517061172, 0.28021694719906015, 0.213410612835168, -0.6558936832806623, -0.5803318192689666, -0.34392353403669845, -0.12623893589838725, 0.5201746360111129, 0.5477208141798642, 0.059354256033727223, 0.33266734560971867, -0.02196537273812748], [-0.1259717963509579, -0.42091736699164556, -0.28611936653377706, -0.6988325021547046, -0.006180813361698033, 0.11415312853865978, 0.6579838881442038, 0.16233111345488788, -0.1313345598064689, 0.3182148482848177, 0.8139446757311155, 0.40833172156492675, 0.06945265318351485], [-0.6434914737761978, 0.37040894692249027, 0.4696823108723317, -0.3802135804033353, -0.4624448269845477, 0.1651980419685902, 0.4530616945545518, 0.7390725861406827, -0.15154374915597424, -0.5933699242057362, -0.06289921936871701, 0.24305317315047884, -0.05075928257144383]], "inverted": false, "swapped": true, "error_lsq": 0.04100704488629554, "error_max": 0.2836469940048983, "target": "519.xyz", "model": "17.xyz", "model_rescale": 3.901054581598922, "target_rescale": 4.221688257515088},
{"mapping": [0, 2, 5, 4, 12, 15, 11, 3, 1, 14, 13, 10, 9, 7, 16], "R": [[0.6521623119242566, 0.3354987589461888, -0.6797976917077433], [-0.47943021058503804, 0.8771634531658163, -0.027036079756634745], [0.587223119507394, 0.3435474627701216, 0.7329011862046731]], "T": [0.02103998561874617, 0.21842658918901658, -0.011075794906233507], "aligned_model": [[-0.029574112827473444, 0.08818772320626572, -0.4473764690084227, 0.2280898810240223, -0.21031365231802626, -0.5027385636674455, 0.37257654999046935, 0.6220487689662293, -0.5130413761706412, -0.04990830098655261, -0.09653055739311941, 0.5595718521743815, 0.6980480082082356, -0.2130819323305953, 0.03312839222170679], [-0.04600760206555593, -0.5301961674053953, 0.5503760713801881, 0.5126546908123144, -0.6392141179434226, 0.052320114098751425, -0.3429023654689468, -0.09423002607851777, -0.28761873821505, 0.38905294080286756, -0.27107421070599436, 0.049479134066307995, 0.3996069017794439, 0.6686621363429601, 0.13784858842715525], [-0.6420839291850888, -0.3758658533280252, -0.5130881402799493, -0.4471206415242756, 0.21777995951824022, 0.19602958258151984, 0.1344456190696497, -0.40411830786505337, -0.26997922500833266, 0.6628591882618685, 0.6935812872152912, 0.5461480466456783, -0.025434905991704282, 0.060652487638780866, 0.01586123710337583]], "inverted": false, "swapped": true, "error_lsq": 0.035928381759694226, "error_max": 0.2386692423438397, "target": "519.xyz", "model": "18.xyz", "model_rescale": 3.9405287249114394, "target_rescale": 4.221688257515088},
{"mapping": [7, 5, 3, 1, 6, 9, 4, 14, 8, 10, 2, 11, 15, 13, 12, 16], "R": [[0.44874479334645023, -0.4869020221312557, -0.7493694224405917], [0.8541385611898773, 0.480293130339427, 0.19941370874952524], [0.2628220476538031, -0.7295511838063511, 0.6314108341435184]], "T": [0.05859900682952275, -0.05019442516166113, -0.16228198951653502], "aligned_model": [[-0.40346520006048175, -0.21965286340249418, 0.8149773645554721, 0.14949497010785917, -0.7332117966550973, 0.3848316910477532, 0.2053604913404003, -0.39811752413170676, -0.13414542611393432, 0.2552424338453181, 0.7323523265462429, 0.5663468981235663, -0.26644775973095935, -0.031230142178859097, 0.3405938594848537, 0.10423577519345355], [-0.12541829904895369, -0.7289718108909012, -0.021475878080724944, -0.5750154949134488, -0.1403224027552037, 0.33373011223288374, -0.2820640450955298, 0.4572859796230723, 0.22579791789766573, 0.7153487961308997, -0.3123413124865844, 0.26928938046122275, -0.18809932085974518, 0.4508640885610266, -0.004480346741086869, -0.021775235056955958], [-0.37086795359524816, -0.3707477803193795, -0.363565766164612, 0.40750439951116046, 0.016344416764238562, -0.6496694511178911, -0.6565212931440633, -0.01325507288287922, -0.8929426613932369, -0.09645522879797327, 0.25646866506691224, 0.15389329443903974, 0.30692458165940384, 0.5383224344492452, 0.7094038316142551, -0.09539265941409417]], "inverted": false, "swapped": true, "error_lsq": 0.04067813869653937, "error_max": 0.28986288357740947, "target": "519.xyz", "model": "19.xyz", "model_rescale": 4.410303926677745, "target_rescale": 4.221688257515088},
{"mapping": [9, 10, 3, 8, 0, 14, 4, 11, 13, 15, 6, 5, 1, 16], "R": [[-0.43057053754645863, 0.9010587032752995, 0.05198293420719882], [0.7726909412250746, 0.338240725963336, 0.5371609820607826], [0.4664308325418278, 0.2714524351550963, -0.841876388730974]], "T": [-0.015887563125367234, 0.029311944251771957, 0.0817874763419647], "aligned_model": [[-0.1855059341093367, 0.10690098122026433, 0.3409117025196132, -0.7050165440174486, 0.3064579383752085, -0.2506088031359045, -0.2645541340005321, 0.5339249526475167, 0.4029230892437753, 0.1225713527273464, -0.4085444169007323, -0.305192859443838, 0.5049876277137688, 0.06193293662117212], [-0.11162374390132164, -0.6583988879675141, 0.22885997492215132, -0.053835518327766854, 0.6267922122600251, -0.5871527154328646, 0.4232466986395411, -0.24914292299447494, -0.6632746649778161, -0.052808006756596484, -0.11426977282842159, 0.6605236351543085, 0.3688402811559238, -0.006808102763971174], [-0.5835989470404327, -0.293758803240119, -0.5862866222542413, -0.324875719001075, -0.017051792145785893, 0.3124661177955946, -0.2384550708765022, -0.20107948489526495, 0.3898408730834671, 0.6465116651375924, 0.7833569166573058, 0.397215876125711, 0.5527071133548234, 0.07982291602394809]], "inverted": true, "swapped": true, "error_lsq": 0.0443939957330262, "error_max": 0.2353572645772208, "target": "519.xyz", "model": "20.xyz", "model_rescale": 4.121658175737393, "target_rescale": 4.221688257515088},
{"mapping": [12, 11, 10, 13, 14, 1, 9, 15, 0, 5, 8, 6, 16], "R": [[-0.24299592694177724, -0.3360795386784981, -0.9099469892094565], [-0.32382619626644776, -0.8561438950309883, 0.40268377868095534], [-0.9143793381859144, 0.3925151903848008, 0.099208120715358]], "T": [-0.042803041989797924, 0.04531763897767473, -0.06522297809751912], "aligned_model": [[0.11744638146915234, -0.1165690341538184, 0.2596316722007357, 0.5746466259670501, 0.631491379613964, -0.17456485124579135, -0.2633999888398321, 0.3051865758432162, -0.649580664939447, -0.29346625246756264, -0.03625350741907318, 0.5609828538456998, -0.03446828520999901], [-0.6102921834274387, 0.0037791052426093125, 0.4640705997072173, -0.20911318222828293, 0.221517395341259, -0.7230288777263546, 0.6752704076531465, -0.4207132788062965, -0.27353360552473793, -0.20997179435117538, 0.7871194133159071, -0.17514464683573658, 0.010867551803066193], [0.556020072324306, 0.6075903407126955, 0.5366386546844177, 0.4861356473237417, -0.01407562600053281, -0.03996003275656232, 0.1489471614425467, -0.14613266041964704, -0.09374129079132029, -0.7387332517709848, -0.3764695659839452, -0.5690421583645047, 0.01293244908157841]], "inverted": true, "swapped": true, "error_lsq": 0.050152365932586124, "error_max": 0.2755406509320223, "target": "519.xyz", "model": "21.xyz", "model_rescale": 4.08911054899281, "target_rescale": 4.221688257515088},
{"mapping": [10, 7, 6, 5, 9, 12, 3, 14, 15, 11, 1, 8, 0, 0, 2, 13, 16], "R": [[0.940943592744186, 0.30950082268096923, 0.13723846411799698], [0.12766238435338664, 0.05108788096151525, -0.9905010570615613], [-0.31357211434512433, 0.9495258128027197, 0.008559201274828197]], "T": [0.06489122180448995, -0.03514010026566563, 0.011889316866243518], "aligned_model": [[-0.31817869648358266, -0.19183953161750242, 0.3769144227568797, 0.029555565459481306, -0.41268942294829236, -0.6629357817939322, -0.4279289922122249, -0.416664159346141, 0.175174526503107, 0.49380947599790737, 0.8232603724298042, 0.623136360242102, 0.44550771391146116, 0.44550771391146116, 0.3299465516401163, -0.34195020425387956, 0.06397043294585802], [-0.5626169383568815, -0.6845911435018532, -0.6970698688831899, -0.132897136447, 0.1111114819321852, -0.15768239465467634, 0.2891250377226344, 0.38336446226611415, 0.6836280151802487, 0.3513725380265161, 0.1711960090752515, -0.18925847473610702, -0.5113120674031453, -0.5113120674031453, 0.4326967808582815, -0.2562208635983269, -0.06032361907831854], [-0.46367459281887896, 0.14642128591537856, -0.12972506106461557, -0.6859100864122893, -0.4961213267473136, 0.02674680497508939, 0.6492739575946076, 0.08103360059250525, -0.040235598646917406, -0.4906344556247061, 0.12279478394488612, -0.36938736760506435, 0.48987544828417634, 0.48987544828417634, 0.4936861144471302, 0.48341165584423745, 0.05226991815573105]], "inverted": true, "swapped": false, "error_lsq": 0.05025128700721368, "error_max": 0.3335691476273284, "target": "519.xyz", "model": "22.xyz", "model_rescale": 4.204369325754507, "target_rescale": 4.221688257515088},
{"mapping": [7, 5, 3, 1, 6, 9, 4, 14, 8, 10, 2, 11, 15, 13, 12, 16], "R": [[0.44874479334645023, -0.4869020221312557, -0.7493694224405917], [0.8541385611898773, 0.480293130339427, 0.19941370874952524], [0.2628220476538031, -0.7295511838063511, 0.6314108341435184]], "T": [0.05859900682952275, -0.05019442516166113, -0.16228198951653502], "aligned_model": [[-0.40346520006048175, -0.21965286340249418, 0.8149773645554721, 0.14949497010785917, -0.7332117966550973, 0.3848316910477532, 0.2053604913404003, -0.39811752413170676, -0.13414542611393432, 0.2552424338453181, 0.7323523265462429, 0.5663468981235663, -0.26644775973095935, -0.031230142178859097, 0.3405938594848537, 0.10423577519345355], [-0.12541829904895369, -0.7289718108909012, -0.021475878080724944, -0.5750154949134488, -0.1403224027552037, 0.33373011223288374, -0.2820640450955298, 0.4572859796230723, 0.22579791789766573, 0.7153487961308997, -0.3123413124865844, 0.26928938046122275, -0.18809932085974518, 0.4508640885610266, -0.004480346741086869, -0.021775235056955958], [-0.37086795359524816, -0.3707477803193795, -0.363565766164612, 0.40750439951116046, 0.016344416764238562, -0.6496694511178911, -0.6565212931440633, -0.01325507288287922, -0.8929426613932369, -0.09645522879797327, 0.25646866506691224, 0.15389329443903974, 0.30692458165940384, 0.5383224344492452, 0.7094038316142551, -0.09539265941409417]], "inverted": false, "swapped": true, "error_lsq": 0.04067813869653937, "error_max": 0.28986288357740947, "target": "519.xyz", "model": "23.xyz", "model_rescale": 4.410303926677745, "target_rescale": 4.221688257515088},
{"mapping": [9, 15, 14, 11, 10, 8, 2, 4, 3, 1, 7, 13, 6, 12, 0, 5, 16], "R": [[0.19235674259967295, 0.8508241728814783, -0.48897557241337863], [0.0945592350796326, -0.512032623725188, -0.8537453620970687], [-0.9767586368379846, 0.11798652076253585, -0.17894621057947496]], "T": [0.09601665192047695, -0.1364541115838941, -0.044958732560999436], "aligned_model": [[-0.2705571098644317, -0.28211763464151207, 0.23020806096920604, 0.28532958696148397, -0.3087627491994387, -0.7170003285122243, -0.15831441076767802, -0.47092168170777016, -0.1710873588619151, 0.36634016339200126, 0.7135360652615235, 0.6742639169090008, 0.28562599214580053, 0.516527694149836, 0.3852386279571831, -0.12512261694996976, 0.08141012990152696], [-0.4364350593777614, -0.732175768372318, -0.75266942999958, -0.18977383702900996, 0.13945404102774267, -0.14602338366300566, 0.47831261542469883, 0.1582539064810965, 0.7148016433579248, 0.5798258150845684, 0.0955960995877673, -0.515749671925383, -0.729719144735006, -0.14112124145674187, 0.38587662196737815, -0.23185945063727506, -0.017384004736508418], [-0.4549039627563734, 0.06201958203714688, -0.2907662529951942, -0.6466555882245301, -0.47369206929497804, -0.16586566294310096, 0.5797584299160976, 0.2111906046276453, 0.07023706482959446, -0.43251984434579127, -0.1271376247682732, 0.0813409201212808, 0.39091164759728214, 0.6401139030373184, 0.41754214792614125, 0.5360724873157693, -0.037945252961902216]], "inverted": false, "swapped": false, "error_lsq": 0.045725470847442495, "error_max": 0.36641711466005933, "target": "519.xyz", "model": "24.xyz", "model_rescale": 4.28219845311461, "target_rescale": 4.221688257515088},
{"mapping": [13, 15, 10, 1, 12, 5, 14, 2, 7, 0, 8, 4, 3, 11, 9, 16], "R": [[-0.5650156693640419, 0.7150505027591854, 0.4116552828240395], [-0.8030221011816392, -0.5911713500521648, -0.07531228247321803], [0.18950672385677686, -0.3731209098688213, 0.9082224332352368]], "T": [-0.1899665414366964, 0.009219983541929249, 0.02512767798597936], "aligned_model": [[0.044288006828891224, -0.30120423762119014, 0.05971679131131502, 0.096559874901396, 0.42691260251812074, -0.5674929372858017, -0.5155620560866954, 0.5801022903862534, -0.7003965517114836, 0.1599311434787914, -0.6493942288654062, -0.27237767874756647, 0.41754527490733967, 0.4201237058113438, -0.07106564217829531, -0.11936559152600157], [0.3802578741775076, -0.21284435921289202, 0.7549554630338098, -0.604580470638098, -0.0917531991596306, -0.62774458255389, 0.47593464393023144, -0.31043715929437915, -0.036270947215051405, -0.5200517961411364, 0.40410603420874314, -0.13142937878594527, 0.08441906114761806, 0.27742454255912474, 0.4767344072612606, 0.026391242396959634], [-0.7214854476658321, -0.5069828084433343, -0.0778045883694592, -0.3615341583849899, -0.6462228882453255, 0.20780441590200752, -0.3804587608818717, -0.028069524629178007, 0.03299194730299237, 0.2860902946841716, 0.5544464990173684, 0.5664234423867628, 0.5137201722529101, -0.10017530716774195, 0.5337190583317194, -0.020536325512453046]], "inverted": true, "swapped": true, "error_lsq": 0.042059742696028836, "error_max": 0.28800177716792613, "target": "519.xyz", "model": "25.xyz", "model_rescale": 4.100010024507729, "target_rescale": 4.221688257515088},
{"mapping": [2, 3, 9, 4, 13, 14, 10, 7, 0, 15, 1, 16], "R": [[-0.5295384288488765, 0.8199983098718724, -0.21723679287711942], [0.028824083319052562, 0.27333450395359193, 0.9614870884048627], [0.8477960984771515, 0.5028827107345378, -0.16837682337900112]], "T": [0.12214410122443706, 0.09897505278762442, -0.07724860335269604], "aligned_model": [[-0.5368254151429566, -0.06333778444698623, 0.3546576763387459, 0.5084119481555902, -0.49899397886282115, 0.15668575311217836, -0.10657059701489624, 0.531286265315526, -0.021741464439313046, -0.12007102544326231, -0.36585172643973096, 0.03911595123093278], [-0.38466529491475526, -0.6104841457529419, -0.24420219898908607, -0.31024403099069753, 0.6396072226953194, 0.721221110659715, 0.22712851826837666, 0.37464737234982887, -0.4409979821069758, 0.5191304283818949, 0.07672463708709318, 0.09826575336286798], [-0.2500717142214608, 0.19790998622485548, 0.48802934920038854, -0.1312100259909038, 0.19085550215931205, 0.23890340205384927, 0.6712996580017546, -0.21609214368569377, -0.47522417995558597, -0.4083516989531345, -0.6852952723678672, -0.05556057261115698]], "inverted": false, "swapped": true, "error_lsq": 0.04645567794588942, "error_max": 0.2908630378967973, "target": "519.xyz", "model": "26.xyz", "model_rescale": 3.6694154284099745, "target_rescale": 4.221688257515088},
