[{"mapping": [2, 11, 1, 5, 3, 8, 12, 9, 13, 7, 6, 14], "R": [[-0.19701758087169197, 0.23103096455108257, 0.9527899906307071], [0.8106424387978912, -0.5081972244075798, 0.29085119481315425], [0.5514008607603671, 0.8296748004628252, -0.08715971678302903]], "T": [-0.00817095398907785, -0.07367454699297865, 0.002800047745214163], "aligned_model": [[-0.1460904997049365, 0.24160241194071422, 0.34477259283433237, -0.28159506225698444, -0.012232428303446641, -0.5691203202765566, 0.6001971663853816, -0.28260591450278294, 0.47740436115279383, 0.2889310764550394, -0.7160160336033432, -0.10760488765966235], [-0.1775883629214915, -0.6605416950678906, -0.511391122202195, 0.6922730828134178, 0.5129049793237885, -0.533870355572329, -0.14867975101813027, -0.6147844212912379, 0.029227274257743074, 0.36602211965047476, 0.11975793523378953, -0.01977464722888235], [-0.6121694096424513, 0.21123970054726435, -0.4781207842190634, 0.029584310488197756, -0.5090860197221333, -0.017101972553262422, 0.45686813467701365, 0.6200874735088113, -0.17359479348400042, 0.4589319072907613, 0.21666000044290762, -0.02134680198048284]], "inverted": false, "swapped": true, "error_lsq": 0.05543244463914491, "error_max": 0.24780562482694943, "target": "52.xyz", "model": "0.xyz", "model_rescale": 3.751011558992144, "target_rescale": 4.077525935142465},
{"mapping": [5, 11, 9, 13, 3, 2, 8, 0, 10, 4, 1, 6, 7, 12, 14], "R": [[0.49740176214034515, -0.025892855575892326, 0.8671338115018957], [-0.39051306127209984, 0.8858729476408753, 0.25045692167308997], [-0.7746554304951155, -0.4632047934425907, 0.430523266893015]], "T": [0.06718678912921038, -0.01228811610207087, -0.05674616520830349], "aligned_model": [[0.13959005573461003, -0.6877517364846008, -0.3698115826376745, 0.12635102830787312, 0.4081782527421011, 0.7486325258593716, 0.49365471382714055, 0.6790419755347693, -0.5325971587764139, 0.042646956729777044, 0.3430711583397272, -0.33249296499524483, 0.03380393769727867, -0.23642407057521114, 0.028334552456176533], [-0.5222341170175626, 0.07279980082343002, -0.4962388934892082, -0.7079394772665976, -0.29771928991922086, -0.4806405479713046, 0.00798062613551825, 0.21069316071703642, 0.014222684840239887, 0.456011400581695, 0.6257347950798501, 0.6009517832989503, 0.35881371015375296, -0.22702151991876607, -0.03769285256303021], [-0.41001502900864606, 0.18730067018195462, -0.15168661746007422, 0.1434311931840232, 0.5642689362741625, -0.06072227418200381, -0.5648136208003927, 0.33237733646722417, -0.6153248448918384, -0.6936663558204139, -0.006744874543982107, 0.11034262913704192, 0.4917481771299836, 0.5864374129651829, -0.027610010447950216]], "inverted": true, "swapped": false, "error_lsq": 0.047612910371393834, "error_max": 0.3578568374210443, "target": "52.xyz", "model": "1.xyz", "model_rescale": 3.9405287249114394, "target_rescale": 4.077525935142465},
{"mapping": [1, 11, 8, 7, 10, 2, 13, 12, 6, 0, 5, 3, 14], "R": [[0.4982141603188293, 0.7886608124566332, 0.36027319266502084], [-0.8265916726271123, 0.3065695420343119, 0.4719759767619378], [0.261780169610528, -0.5329439358807975, 0.8046377470679384]], "T": [-0.00551669038195108, 0.024221280432578478, -0.015311544670990811], "aligned_model": [[-0.33361019508481, 0.225017822520484, -0.3127211684950643, 0.578311466390102, 0.48216166386843223, -0.6276851847263706, 0.054735088871199676, 0.6539490135599637, -0.0951529038129642, -0.6459876098904371, -0.01569319330722438, -0.4034739727958396, -0.0638675478135402], [0.6834782995709241, 0.5484620139738252, -0.03740166992339817, -0.1861618799549484, -0.26878002325809436, 0.15069667084815513, 0.32798106484748546, 0.3814701806630348, -0.6445735521177355, -0.46649629060993364, -0.696553086505295, -0.2583019700327905, -0.07498716392921234], [0.056692822995179845, -0.36498619965000134, -0.6700393391023571, 0.3080190255344309, -0.26714000528098825, 0.054814456322925934, 0.41081874992581685, 0.12394931378261721, -0.37430413857529643, -0.09155541315941455, 0.362226085337385, 0.591260789560492, -0.026635798102146047]], "inverted": false, "swapped": true, "error_lsq": 0.048744368340348454, "error_max": 0.2810203033482764, "target": "52.xyz", "model": "2.xyz", "model_rescale": 3.932901565614263, "target_rescale": 4.077525935142465},
{"mapping": [2, 4, 3, 1, 0, 6, 5, 8, 11, 9, 7, 12, 10, 14], "R": [[-0.6979792885709517, -0.08379473917669955, -0.7111985337529159], [0.6879528449095966, -0.35424589609133195, -0.6334277609035159], [-0.1988612478759521, -0.9313905125073791, 0.30490312773807515]], "T": [0.01408237455993033, -0.009964378632487128, 0.00994383639673043], "aligned_model": [[-0.3802591763027965, 0.7040522097385897, 0.23919572565528713, -0.2967390903217606, -0.36343335649071845, -0.15679409097232194, 0.4308238424238502, -0.6435402265808003, -0.19284571061968506, -0.29228468718920925, 0.6803018404474273, 0.4778616714260977, 0.2251426630671165, -0.011671702228372847], [0.020819075634922385, 0.03510063596020983, -0.2659661541631143, 0.5896705454716897, -0.6053218956297717, -0.728174772692069, -0.6621209226447248, -0.2129431388712824, 0.49057869690158096, -0.022571385634554922, -0.0735838110455503, 0.4671018951887592, -0.25106561579542014, -0.11802651433018592], [-0.4916081907724548, -0.4732582299830379, -0.6899893407127561, -0.2921782727541306, -0.38987007095531606, 0.207862821525442, -0.24139717176441564, 0.24053568695764715, 0.40603002622984186, 0.8193500980915199, 0.2143043989715048, 0.38308176299940994, 0.5432554364916128, -0.02222259126776991]], "inverted": true, "swapped": true, "error_lsq": 0.04794914141797245, "error_max": 0.2560152881976059, "target": "52.xyz", "model": "3.xyz", "model_rescale": 3.9243930471874484, "target_rescale": 4.077525935142465},
{"mapping": [0, 5, 3, 2, 13, 6, 8, 4, 12, 10, 11, 9, 14], "R": [[-0.5639329984070325, -0.38978703494147227, 0.7280423344141392], [0.44384795088387263, 0.6003812109035758, 0.6652378507647798], [-0.6964040277050682, 0.6982896741220592, -0.1655685997122254]], "T": [0.09050377604475282, -0.0389201282229799, -0.01822061707985874], "aligned_model": [[-0.08862663938437468, -0.15984396203066772, 0.417048380053739, 0.42597447368504704, 0.5557770555327803, -0.5737930349999104, -0.2747614155871747, 0.5225582593116985, 0.21201569064321332, -0.4334248658376486, 0.15133539294625026, -0.5107894211336304, 0.03373597311203021], [-0.7269435206225239, -0.01780790833025117, -0.24670733535952843, -0.5803752965504365, 0.19847284866067655, -0.3293866977716915, -0.5510620855793645, 0.33594977160639977, 0.6702349959966819, 0.2948072080964612, 0.1293075582429018, 0.06154262751799518, -0.11020261222573269], [-0.40726555860615554, -0.7921936111374959, -0.6937296699265266, -0.06610618345630562, -0.08643103728743984, -0.26016230446111316, 0.34390148868220205, -0.63820041323553, 0.23525372578806175, 0.016741618981213735, 0.6284986671302257, 0.5961993820713833, -0.08943578917155616]], "inverted": false, "swapped": true, "error_lsq": 0.04707981814332439, "error_max": 0.26466992125616867, "target": "52.xyz", "model": "4.xyz", "model_rescale": 3.8936222436046832, "target_rescale": 4.077525935142465},
{"mapping": [4, 5, 7, 13, 10, 6, 0, 8, 1, 2, 11, 14], "R": [[-0.8760937953955441, -0.14884159332472258, 0.4585911488090329], [-0.26968633248821555, 0.9397238778010728, -0.21021016997179343], [-0.3996610360524107, -0.3078395906751965, -0.8634268021520072]], "T": [-0.030436330500893755, 0.05740021983155774, -0.06140909026162761], "aligned_model": [[0.020688187486516768, -0.5888906856170822, -0.37482797037668547, 0.311321452773932, -0.5373497349800007, -0.6727731375253375, -0.23739846835552889, -0.10956531714058806, 0.7028701507720044, 0.3399191481657361, 0.2725826085005201, -0.09902819148838893], [-0.5319132489489091, -0.5244064646459501, 0.04134835600831813, -0.1010927521222616, 0.3822088958847646, 0.00024924730551664775, -0.4283210131125214, 0.3537559957623781, 0.10132954807614257, -0.2728395825006521, 0.6546571226562133, -0.006053199253231542], [-0.6627986355023752, -0.16996150372108657, -0.6703391227738393, -0.4296059220193796, -0.21836653373584292, 0.34887624211495705, 0.5534579019488106, 0.5964300403243412, 0.026804359492518193, 0.340816975686575, -0.10276833726245091, 0.0067392547232907885]], "inverted": false, "swapped": true, "error_lsq": 0.04388961919378315, "error_max": 0.32862192937266577, "target": "52.xyz", "model": "5.xyz", "model_rescale": 3.6523030999806103, "target_rescale": 4.077525935142465},
{"mapping": [9, 11, 1, 8, 2, 10, 13, 6, 7, 5, 3, 0, 14], "R": [[-0.5264790199789232, -0.40734171070252084, -0.7462523515835489], [-0.499498428956554, -0.5620880073394244, 0.6592104303446128], [-0.687983401683476, 0.7198123385488325, 0.09246099870158164]], "T": [-0.0070359402871524035, 0.02224747329925094, 0.09535792280410375], "aligned_model": [[0.07415618458137965, -0.043267258957241116, 0.20747695621044057, 0.5986506707027698, 0.4814560770448918, -0.2792062775623584, -0.29322187885588313, 0.2845038499515201, -0.6643971903629539, -0.16492523423857394, 0.027884328221624344, 0.5992100331831987, 0.0527626447454804], [-0.6740600251550719, -0.037849006976067814, 0.5854732585069395, -0.32988064675349066, 0.42393118625468074, -0.5372119808184773, 0.46039818287954504, -0.5569863141401091, -0.13317994590417734, -0.10678738940299493, 0.4714481845651328, -0.0105948560762694, -0.013873742816456473], [0.6030211143757415, 0.7626828641060622, 0.524555693287342, 0.2850681769285227, 0.005730586013462227, 0.10045119756513418, 0.1554318419699337, -0.30922783013170996, -0.08733732262500289, -0.6924078332311251, -0.5395583537082373, -0.44149127557488693, 0.0031908805065527235]], "inverted": false, "swapped": true, "error_lsq": 0.03609384784280102, "error_max": 0.2283890098341865, "target": "52.xyz", "model": "6.xyz", "model_rescale": 4.08911054899281, "target_rescale": 4.077525935142465},
{"mapping": [9, 4, 8, 3, 0, 1, 11, 2, 10, 12, 13, 5, 7, 6, 14], "R": [[-0.7443064969740947, 0.6246133599017787, -0.23635987221684474], [-0.6131751908650105, -0.779387959865208, -0.12872681664986171], [-0.26462052805821823, 0.04911780379210813, 0.9631009383656679]], "T": [0.03647342050325028, 0.011294077114694236, -0.044986114571633824], "aligned_model": [[0.24325310601801284, -0.6079955063723603, -0.39033676878674106, -0.17274287658517978, 0.42444552888197684, 0.7220063936474209, 0.21603926899132506, 0.6239248420178148, -0.39996111824567193, 0.012268036347415495, 0.5525302848646286, -0.5507829274066348, 0.0627618640959206, 0.039629941155001486, 0.10918757513675148], [-0.6957863591012158, -0.1322597488474667, -0.45403795635210903, -0.6236865456852096, -0.5817990947407847, -0.24667297540351354, 0.007835941960829537, 0.163789906510009, 0.11773227709456499, 0.5911893690192174, 0.5085401038452132, 0.48905879422213633, 0.6062460538595841, -0.0615747875507667, -0.11085371534570553], [-0.3130098565926064, 0.20179636261359785, -0.302761470711191, 0.37866419637717863, 0.573378111206719, -0.08298086950671787, -0.6038020147705921, 0.4858485043717873, -0.6084314992133432, -0.45867375980174396, -0.19440573844292294, 0.0408747409454052, 0.44961476253866206, 0.448798384368154, -0.12958712519811452]], "inverted": true, "swapped": false, "error_lsq": 0.05151584089773679, "error_max": 0.41538072525418795, "target": "52.xyz", "model": "7.xyz", "model_rescale": 3.964800864290218, "target_rescale": 4.077525935142465},
{"mapping": [13, 12, 4, 1, 3, 11, 2, 7, 10, 6, 8, 0, 5, 14], "R": [[0.9705497826311256, 0.03607151833306135, 0.23818472872924248], [0.07027508744905575, -0.9881150223061824, -0.13671179457852373], [0.2304225065368025, 0.14942405515177443, -0.9615497492190911]], "T": [-0.04884507051805649, -0.0955535721144478, 0.08702480397523879], "aligned_model": [[-0.03726610067342595, 0.16228835809090647, 0.4404036884366546, -0.6617555534976076, 0.1637270110808472, -0.4160072860596463, -0.4767176169155762, 0.5808706915971901, 0.3341663660456048, 0.19841980755453859, -0.4699051369864969, -0.1311518468915837, 0.5953326252360343, -0.021217117556566908], [-0.0872589047635879, -0.7103034320671554, 0.2100268425396084, -0.08441956505045126, 0.604322744148768, -0.653684089435334, 0.3748400192450761, -0.3286621077760838, -0.4674030974405026, 0.10401108631638971, -0.11036346387168652, 0.5883321418004832, 0.38346973611836177, -0.011959443582683346], [-0.4395532410047993, -0.31225036818133556, -0.5284666484361774, -0.3273018398878602, -0.17963159364787298, 0.02434222432643421, 0.026508120340352312, -0.10989527623285478, 0.4065990280894898, 0.7821729093884106, 0.6780658784497786, 0.5140444588086573, 0.22016261896957603, 0.16201876774322335]], "inverted": false, "swapped": true, "error_lsq": 0.0440669316653709, "error_max": 0.30503234053727735, "target": "52.xyz", "model": "8.xyz", "model_rescale": 4.121658175737393, "target_rescale": 4.077525935142465},
{"mapping": [8, 2, 1, 11, 0, 6, 3, 7, 13, 5, 9, 12, 14], "R": [[0.13407923175594777, -0.11311260065198113, -0.9844939304970246], [0.30552422260509055, -0.9403508311899536, 0.1496504717063024], [-0.9426970398878369, -0.3208517630528297, -0.09152287764597933]], "T": [0.011674253391965497, 0.013740815190213241, -0.036484870687666565], "aligned_model": [[-0.5979713787173027, -0.09690885212343255, 0.3403776016404797, 0.17483386066015155, -0.5823864371574765, -0.6803394936759367, 0.11186852303034203, 0.32875430039181525, 0.5166565148511423, -0.16889289616342051, -0.3658699169811908, 0.5753690179453459, -0.07875334726532013], [0.2795857519656008, -0.30915057802622914, 0.09751618909905892, 0.6289982653611879, -0.5064668726631905, -0.09687146898862642, -0.7577410943405551, 0.0006194312454309743, -0.11011999559510909, -0.5954743632529265, 0.7785461555326931, 0.4371541132860987, -0.05620809421172432], [-0.3271722233971851, -0.5768164107020822, -0.6940452022550718, -0.24881500336534265, -0.218956014132663, 0.2686032440270423, -0.0664207009448444, 0.5871713820043165, -0.12097585640390413, 0.47185190958182954, 0.11079513617665285, 0.25486503835536967, -0.019009864985028685]], "inverted": true, "swapped": true, "error_lsq": 0.043157002043014966, "error_max": 0.2722143814902535, "target": "52.xyz", "model": "9.xyz", "model_rescale": 3.833441315466971, "target_rescale": 4.077525935142465},
{"mapping": [9, 13, 2, 8, 10, 11, 7, 12, 3, 4, 6, 5, 1, 0, 14], "R": [[-0.797733519226887, -0.40028556452977104, 0.4509907971688211], [0.3142089404228735, 0.36241473947880054, 0.8774555819908201], [-0.514678515250269, 0.8416810699056954, -0.16333708244664785]], "T": [0.12958611843041523, 0.015571081659684408, 0.023050710223349216], "aligned_model": [[-0.09200955870622118, -0.5654364128449701, -0.48810035530479734, 0.15137347484450325, 0.31897376820583223, 0.7055090428387858, 0.4829142235538401, 0.6084165904778411, -0.12939354947748655, -0.09660368260252347, 0.3841037750245723, -0.4737105931112888, 0.0935972638544495, -0.11680996786465844, 0.10140362487180155], [-0.584882835489964, -0.18638902533011015, -0.251290664995862, -0.7634572215425347, -0.5179172665195476, -0.34926053928322254, -0.21365687082577847, 0.24062473210060434, -0.008630501141438134, 0.6004912096918307, 0.6279813961775067, 0.31524353757536866, 0.59681070464106, 0.10065472314301659, -0.028600114716147092], [-0.47520682939518333, 0.3574790846458579, -0.22973078289698257, 0.03717785739102031, 0.619101583882141, -0.00035344634449012424, -0.4932125682606319, 0.31130804451482624, -0.8056022115405613, -0.46951319204901204, -0.12325013460987948, 0.08358746331961996, 0.4774450719143847, 0.6522348679340094, -0.056142080320847124]], "inverted": true, "swapped": false, "error_lsq": 0.04637993989832167, "error_max": 0.2826707021203032, "target": "52.xyz", "model": "10.xyz", "model_rescale": 4.2482417240324, "target_rescale": 4.077525935142465},
{"mapping": [6, 10, 11, 12, 0, 2, 8, 13, 7, 3, 5, 14], "R": [[0.4943881605192462, -0.34119154948052516, -0.7994802519771672], [0.49787814210780273, 0.8650774894799148, -0.06130491665772633], [0.7125290887744015, -0.36773531752907096, 0.597555883488829]], "T": [0.09824367984360115, 0.062150476114715386, 0.03160524956059355], "aligned_model": [[-0.6444367927874383, -0.09474402914684311, 0.5206749894436485, 0.6676109351943368, -0.563162133910653, 0.04079309698736128, -0.26951028726294135, 0.5289862761262767, 0.19969171625025584, -0.07565281487804061, -0.4214790725296599, -0.012006281123296006], [-0.1100885827405424, -0.527823932910194, -0.1882283925371773, -0.4212484138895364, 0.5288533838356562, 0.6760313647743387, 0.08154075011288807, 0.22261170865257163, -0.3820897486145617, 0.6045804123826897, 0.08853900718459802, 0.09345383379990888], [0.08597696518172668, -0.010625729783079012, 0.48888971625490946, -0.12351347840524335, 0.0709829869877324, 0.19850941613208126, 0.6570822684317612, -0.2256889791042084, -0.49944838905378947, -0.49910103050272175, -0.5939711385906516, 0.016099682305839177]], "inverted": true, "swapped": true, "error_lsq": 0.037452455318233525, "error_max": 0.227217432748835, "target": "52.xyz", "model": "11.xyz", "model_rescale": 3.6694154284099745, "target_rescale": 4.077525935142465},
{"mapping": [7, 10, 6, 9, 11, 4, 13, 3, 8, 2, 0, 1, 5, 14], "R": [[-0.7737149035866366, 0.6332826895944108, -0.017840488445977465], [0.06598107159155664, 0.05254150069496971, -0.9964365955224401], [-0.6300886811866657, -0.7721349789802234, -0.082436812624328]], "T": [0.13116584543005957, 0.006995438937340351, -0.04676877644297318], "aligned_model": [[-0.1589265114707297, 0.08142058069416815, -0.23138453337881074, 0.6321297897194178, 0.7824592918299369, -0.3932871376135664, 0.15208193938223857, -0.48107483548572527, 0.4102555319202116, 0.12975502329850291, -0.30041700813281125, 0.6000284183838915, -0.6740706951852027, 0.049294996294288476], [-0.31488693706721416, 0.2218314116654611, 0.664427625892502, 0.5130845105371407, -0.041217274846310735, -0.6535900817399313, -0.5109181769492804, -0.2288272747253413, 0.6577654706244928, 0.06279525062720737, 0.5009130918396257, -0.2934877961172667, 0.06981989163561099, 0.08327757675955785], [-0.5962205112926029, -0.628549171609668, -0.19007615121235572, -0.5387720160160339, -0.2008442565944351, -0.03454975853788919, 0.04712113247780956, 0.37235934082827354, 0.11275481722585842, 0.589542237407378, 0.4292579595813974, 0.4403939347825653, -0.14576934775420036, -0.017552749633681662]], "inverted": false, "swapped": true, "error_lsq": 0.04838624781956076, "error_max": 0.2689431159700482, "target": "52.xyz", "model": "12.xyz", "model_rescale": 3.9764082729961374, "target_rescale": 4.077525935142465},
{"mapping": [4, 2, 7, 3, 3, 14, 6, 11, 9, 12, 13, 1, 10, 8, 15], "R": [[-0.39148997290434306, -0.4029273423584257, -0.8272757447763911], [-0.2393087298430448, 0.9126812261651929, -0.33127678944729666], [0.8885195174762709, 0.06828276638783715, -0.45372957902054256]], "T": [0.004036887847717635, 0.02197343977947124, -0.1827021080411073], "aligned_model": [[-0.05330265983675206, -0.6851580873993074, -0.3616188983923092, 0.25398597652737004, 0.25398597652737004, 0.7499556636536585, 0.5874736290066116, 0.48381847532545386, -0.429439612634, 0.016508523374604206, 0.5250924508453905, -0.4060312987411405, 0.02459252395347586, -0.11193632728471326, 0.03630130883396777], [-0.5791537854398837, -0.08089474291045802, -0.6196741995681126, -0.5304492380474713, -0.5304492380474713, -0.20112571451868805, -0.18948764259069617, 0.1421356066598664, 0.23889846852881144, 0.646448682627971, 0.3340802285602689, 0.4418831592923273, 0.6000544870494322, -0.014030065285853096, -0.08051474282526029], [-0.5715747827697993, 0.20548333345617922, -0.02264633078876696, 0.40107703290547747, 0.40107703290547747, -0.0020367078487027734, -0.6282855294202676, 0.438518771129387, -0.5384278197205464, -0.3134257261246792, -0.25734123218532223, 0.059872598116306186, 0.3754615485774673, 0.5136503872106918, -0.1760798472586303]], "inverted": true, "swapped": false, "error_lsq": 0.04788995133870164, "error_max": 0.3230556535058914, "target": "52.xyz", "model": "13.xyz", "model_rescale": 4.170626492500431, "target_rescale": 4.077525935142465},
{"mapping": [10, 7, 6, 5, 8, 2, 0, 12, 11, 4, 13, 3, 1, 14], "R": [[-0.45540386719022147, 0.8599700526882882, 0.23034501563414383], [-0.8206487395174139, -0.3051767069659612, -0.48311781570740253], [-0.34517092009129474, -0.40904606831592294, 0.8447119922900435]], "T": [0.08350516820740778, 0.06722890787787654, 0.039512354059298524], "aligned_model": [[0.22345017975574924, 0.11111893863654758, -0.32438476517654874, -0.6097071579251467, 0.12999187258088216, -0.18173275759080576, -0.5962562977725936, 0.6487613913147166, 0.7363697667754046, -0.24796907431128684, 0.1760288162839763, -0.578573411365201, 0.37360372816813053, -0.017518207282180773], [-0.32791551141743386, -0.6312292393142659, 0.0607390111252578, -0.3480005584168058, 0.5869399908424608, 0.5938449151553555, 0.45326448938807734, -0.4098530179910554, 0.21857137054913195, -0.43089266057881564, -0.06191405033177834, 0.026738916312955593, 0.5408953195522237, 0.08488549305035781], [-0.42024170669982475, 0.07195838228258682, -0.6068471007076028, -0.05637858679200085, -0.4650467016958816, 0.2851375550228006, -0.17431173234068847, 0.22604282432183442, 0.006193476422654713, 0.634132565232184, 0.5417561020498394, 0.4471051623729195, 0.5283198315334569, -0.013946969881411107]], "inverted": false, "swapped": true, "error_lsq": 0.038137662171888354, "error_max": 0.2553781780797191, "target": "52.xyz", "model": "14.xyz", "model_rescale": 3.9786697098870705, "target_rescale": 4.077525935142465},
{"mapping": [11, 13, 8, 9, 2, 0, 7, 5, 6, 10, 3, 14], "R": [[-0.0051403240110997755, -0.17872588893195934, 0.9838854779366051], [0.10121491548118122, 0.9787526256098231, 0.17832228897704996], [-0.9948513044436329, 0.1005005198362581, 0.013058620120198105]], "T": [-0.07978893185444064, -0.05342247695862329, -0.12956871828979438], "aligned_model": [[-0.03570220328922313, -0.5955743325044482, 0.5903295142478564, 0.5143812692446246, -0.06298187105127395, 0.32591213211319214, -0.4022206214802096, -0.11370453621905835, 0.5338010932972397, 0.16159946512989354, -0.4160893000544896, -0.01639601266676624], [-0.5383318446502999, -0.04829290408392453, 0.007230507378263057, -0.6730196344956438, 0.48482283707089574, 0.6350810609979687, -0.39410237454118313, 0.30499004124245765, 0.10082125992636637, -0.48627550435605776, 0.5976054374910087, 0.02414560824458785], [-0.5912679040882887, -0.23646314968150653, -0.4017872846455064, -0.24010986049045197, -0.47310448117831266, 0.005299312261462685, 0.3896942799606761, 0.6001874806534993, 0.2992820855435533, 0.24655282219440383, 0.13345998601958048, -0.07177679267527992]], "inverted": true, "swapped": true, "error_lsq": 0.04167582378824338, "error_max": 0.1985924160558274, "target": "52.xyz", "model": "15.xyz", "model_rescale": 3.769337070930944, "target_rescale": 4.077525935142465},
{"mapping": [8, 1, 6, 0, 9, 11, 10, 13, 5, 3, 14], "R": [[-0.40729246445950706, -0.8298287028361624, -0.38144091592768775], [-0.7787015866192264, 0.09729803667753267, 0.6198039456597523], [-0.47721765201132355, 0.5494701229438682, -0.685817684666158]], "T": [0.061124927772959754, -0.05854958607580669, 0.044095758415958], "aligned_model": [[-0.23170848178015274, -0.20287479511195616, -0.08312410432709416, -0.621799337407785, 0.46340347417530486, 0.3517517068679636, 0.5248490937074087, 0.1385267543902696, -0.030305114512558788, -0.3797966807435344, -0.006296384566694686], [0.1330770814488773, -0.7417574206705331, 0.6668849786056834, 0.37771219206225337, 0.12956861742327272, -0.45973547440035706, 0.3285760296097393, -0.45024865593591784, 0.5450977228153365, 0.03197934903174845, 0.03491007763523866], [-0.5918038238509045, -0.06069448511586903, -0.14860548804074955, 0.054582402833807636, -0.6988320457735073, -0.40848885351845443, -0.10487125253104287, 0.38770615903146755, 0.5820589403856634, 0.679321725601112, 0.053844328202254314]], "inverted": true, "swapped": true, "error_lsq": 0.04107495404727908, "error_max": 0.18690629775732434, "target": "52.xyz", "model": "16.xyz", "model_rescale": 3.7852294659196426, "target_rescale": 4.077525935142465},
{"mapping": [13, 5, 0, 3, 7, 10, 9, 6, 2, 1, 11, 8, 14], "R": [[-0.8055160480540233, -0.5286306259586736, -0.26775652676633216], [-0.49735879576071984, 0.8487753246096027, -0.17948447457457228], [0.3221461230666531, -0.011406560936786353, -0.9466212366943393]], "T": [-0.03396560773516856, 0.10623611519676637, -0.09918823758632933], "aligned_model": [[-0.036051747655554314, -0.3512608332897555, 0.377698871907325, 0.13571979345724922, -0.6941368890966456, -0.5542097236088351, -0.25438736654821187, -0.15247157166665765, 0.5727211479052917, 0.5045303070119146, 0.0035695936586494226, 0.31844019597137335, -0.01639592782986019], [-0.0038525594120286666, -0.5946668810716543, -0.3548067800090705, -0.6425007665637481, -0.04383528622053437, 0.2915027382339723, 0.8273465827677003, -0.057103529590803476, -0.09262923822581201, 0.32350719484315105, 0.7502500768259865, 0.4363999689314, 0.03544410319431507], [-0.6143226309704585, 0.16578844248389057, 0.4250175099297422, -0.22849148135269615, -0.27613880182971606, 0.18737737973231217, 0.32574958306803276, 0.6380182180526139, -0.1189636639923249, -0.5577350965052226, -0.2838067593025436, 0.4426996137125614, -0.009437615883017378]], "inverted": false, "swapped": true, "error_lsq": 0.0437439411953913, "error_max": 0.22763193042802693, "target": "52.xyz", "model": "17.xyz", "model_rescale": 3.901054581598922, "target_rescale": 4.077525935142465},
{"mapping": [5, 11, 9, 13, 3, 2, 8, 0, 10, 4, 1, 6, 7, 12, 14], "R": [[0.49740176214034515, -0.025892855575892326, 0.8671338115018957], [-0.39051306127209984, 0.8858729476408753, 0.25045692167308997], [-0.7746554304951155, -0.4632047934425907, 0.430523266893015]], "T": [0.06718678912921038, -0.01228811610207087, -0.05674616520830349], "aligned_model": [[0.13959005573461003, -0.6877517364846008, -0.3698115826376745, 0.12635102830787312, 0.4081782527421011, 0.7486325258593716, 0.49365471382714055, 0.6790419755347693, -0.5325971587764139, 0.042646956729777044, 0.3430711583397272, -0.33249296499524483, 0.03380393769727867, -0.23642407057521114, 0.028334552456176533], [-0.5222341170175626, 0.07279980082343002, -0.4962388934892082, -0.7079394772665976, -0.29771928991922086, -0.4806405479713046, 0.00798062613551825, 0.21069316071703642, 0.014222684840239887, 0.456011400581695, 0.6257347950798501, 0.6009517832989503, 0.35881371015375296, -0.22702151991876607, -0.03769285256303021], [-0.41001502900864606, 0.18730067018195462, -0.15168661746007422, 0.1434311931840232, 0.5642689362741625, -0.06072227418200381, -0.5648136208003927, 0.33237733646722417, -0.6153248448918384, -0.6936663558204139, -0.006744874543982107, 0.11034262913704192, 0.4917481771299836, 0.5864374129651829, -0.027610010447950216]], "inverted": true, "swapped": false, "error_lsq": 0.047612910371393834, "error_max": 0.3578568374210443, "target": "52.xyz", "model": "18.xyz", "model_rescale": 3.9405287249114394, "target_rescale": 4.077525935142465},
{"mapping": [9, 4, 7, 8, 6, 5, 11, 2, 13, 14, 10, 12, 1, 0, 15], "R": [[0.921058663308494, -0.0552428140806057, -0.3854856290924815], [0.2278638493784921, -0.7262852153843635, 0.6485274489645791], [-0.3157989944423295, -0.6851700645872851, -0.6563634493957362]], "T": [-0.0448125616087834, 0.05657377911405828, -0.01226449159291927], "aligned_model": [[0.11729386619654718, -0.7068528833876566, -0.3685785147730366, 0.08162144787643184, 0.36605792221094324, 0.6119933516051904, 0.35840647611173054, 0.7822965283667322, -0.28513333672672053, -0.024636572857905173, 0.5600270481328319, -0.427047903038669, 0.07539730397955398, -0.2503694020755852, -0.006247687860708749], [-0.53177717610766, -0.14885899939519867, -0.5415726441136158, -0.6030746285667442, -0.20360374512900611, -0.4526825134305087, 0.030428763950083454, 0.13395888978394502, 0.06730591391834614, 0.6358641688500782, 0.5062277286353027, 0.4457754665776139, 0.34365154159497213, -0.17014966899469944, 0.06622816591187383], [-0.4776401533012021, 0.22046929295279527, -0.19398409123182844, 0.3358024201146308, 0.5549890293275889, 0.010684661545879314, -0.6088749572249216, 0.24313202549282803, -0.6395288630514164, -0.5258348722746717, -0.23561267070813582, 0.03830479203748617, 0.5696765453546605, 0.6033791726893767, -0.009639603538798079]], "inverted": false, "swapped": false, "error_lsq": 0.040914347013146696, "error_max": 0.2804956042507169, "target": "52.xyz", "model": "19.xyz", "model_rescale": 4.410303926677745, "target_rescale": 4.077525935142465},
{"mapping": [13, 12, 4, 1, 3, 11, 2, 7, 10, 6, 8, 0, 5, 14], "R": [[0.9705497826311256, 0.03607151833306135, 0.23818472872924248], [0.07027508744905575, -0.9881150223061824, -0.13671179457852373], [0.2304225065368025, 0.14942405515177443, -0.9615497492190911]], "T": [-0.04884507051805649, -0.0955535721144478, 0.08702480397523879], "aligned_model": [[-0.03726610067342595, 0.16228835809090647, 0.4404036884366546, -0.6617555534976076, 0.1637270110808472, -0.4160072860596463, -0.4767176169155762, 0.5808706915971901, 0.3341663660456048, 0.19841980755453859, -0.4699051369864969, -0.1311518468915837, 0.5953326252360343, -0.021217117556566908], [-0.0872589047635879, -0.7103034320671554, 0.2100268425396084, -0.08441956505045126, 0.604322744148768, -0.653684089435334, 0.3748400192450761, -0.3286621077760838, -0.4674030974405026, 0.10401108631638971, -0.11036346387168652, 0.5883321418004832, 0.38346973611836177, -0.011959443582683346], [-0.4395532410047993, -0.31225036818133556, -0.5284666484361774, -0.3273018398878602, -0.17963159364787298, 0.02434222432643421, 0.026508120340352312, -0.10989527623285478, 0.4065990280894898, 0.7821729093884106, 0.6780658784497786, 0.5140444588086573, 0.22016261896957603, 0.16201876774322335]], "inverted": false, "swapped": true, "error_lsq": 0.0440669316653709, "error_max": 0.30503234053727735, "target": "52.xyz", "model": "20.xyz", "model_rescale": 4.121658175737393, "target_rescale": 4.077525935142465},
{"mapping": [9, 11, 1, 8, 2, 10, 13, 6, 7, 5, 3, 0, 14], "R": [[-0.5264790199789232, -0.40734171070252084, -0.7462523515835489], [-0.499498428956554, -0.5620880073394244, 0.6592104303446128], [-0.687983401683476, 0.7198123385488325, 0.09246099870158164]], "T": [-0.0070359402871524035, 0.02224747329925094, 0.09535792280410375], "aligned_model": [[0.07415618458137965, -0.043267258957241116, 0.20747695621044057, 0.5986506707027698, 0.4814560770448918, -0.2792062775623584, -0.29322187885588313, 0.2845038499515201, -0.6643971903629539, -0.16492523423857394, 0.027884328221624344, 0.5992100331831987, 0.0527626447454804], [-0.6740600251550719, -0.037849006976067814, 0.5854732585069395, -0.32988064675349066, 0.42393118625468074, -0.5372119808184773, 0.46039818287954504, -0.5569863141401091, -0.13317994590417734, -0.10678738940299493, 0.4714481845651328, -0.0105948560762694, -0.013873742816456473], [0.6030211143757415, 0.7626828641060622, 0.524555693287342, 0.2850681769285227, 0.005730586013462227, 0.10045119756513418, 0.1554318419699337, -0.30922783013170996, -0.08733732262500289, -0.6924078332311251, -0.5395583537082373, -0.44149127557488693, 0.0031908805065527235]], "inverted": false, "swapped": true, "error_lsq": 0.03609384784280102, "error_max": 0.2283890098341865, "target": "52.xyz", "model": "21.xyz", "model_rescale": 4.08911054899281, "target_rescale": 4.077525935142465},
{"mapping": [12, 4, 13, 7, 6, 10, 9, 8, 14, 15, 11, 2, 1, 0, 16], "R": [[0.39144659305267426, -0.8761181393949034, 0.28140108494934213], [0.7321544618619773, 0.11128850622152564, -0.6719856489230853], [0.5574221100414413, 0.4690755527696944, 0.6850173114825298]], "T": [0.0763500377342719, -0.005269603309544544, -0.04180814499504219], "aligned_model": [[-0.0031115892449982002, -0.5780151212703291, -0.36742587546055383, 0.09101680789731084, 0.4346166112637447, 0.6214543065582603, 0.4552434972304042, 0.5573720816287533, -0.16934834971267343, -0.05563274761931547, 0.5073964404416913, -0.47440211136490523, 0.01728427945561785, -0.19688181788883796, 0.044661231845510144], [-0.5602701322952895, -0.05447131237889197, -0.4922547858527649, -0.6814178997628245, -0.2961929274034399, -0.5887675169119799, -0.12897139735533897, 0.2786345821019241, 0.0018912828217505194, 0.6207756872716282, 0.6261839673488806, 0.4573266319295367, 0.616782221370302, -0.1911812349300132, -0.030345902468696225], [-0.5220474277462928, 0.19415290342884006, -0.09317288854237273, 0.1782022071835443, 0.5434890533076475, -0.1581134765426822, -0.6323038893179147, 0.36901812589509847, -0.6346012033744811, -0.3913147349266446, -0.07866485502409869, 0.020886534033715834, 0.4476416939848889, 0.6588063113789623, -0.016655625553938617]], "inverted": true, "swapped": false, "error_lsq": 0.0350951685497621, "error_max": 0.23269439426248328, "target": "52.xyz", "model": "22.xyz", "model_rescale": 4.204369325754507, "target_rescale": 4.077525935142465},
{"mapping": [9, 4, 7, 8, 6, 5, 11, 2, 13, 14, 10, 12, 1, 0, 15], "R": [[0.921058663308494, -0.0552428140806057, -0.3854856290924815], [0.2278638493784921, -0.7262852153843635, 0.6485274489645791], [-0.3157989944423295, -0.6851700645872851, -0.6563634493957362]], "T": [-0.0448125616087834, 0.05657377911405828, -0.01226449159291927], "aligned_model": [[0.11729386619654718, -0.7068528833876566, -0.3685785147730366, 0.08162144787643184, 0.36605792221094324, 0.6119933516051904, 0.35840647611173054, 0.7822965283667322, -0.28513333672672053, -0.024636572857905173, 0.5600270481328319, -0.427047903038669, 0.07539730397955398, -0.2503694020755852, -0.006247687860708749], [-0.53177717610766, -0.14885899939519867, -0.5415726441136158, -0.6030746285667442, -0.20360374512900611, -0.4526825134305087, 0.030428763950083454, 0.13395888978394502, 0.06730591391834614, 0.6358641688500782, 0.5062277286353027, 0.4457754665776139, 0.34365154159497213, -0.17014966899469944, 0.06622816591187383], [-0.4776401533012021, 0.22046929295279527, -0.19398409123182844, 0.3358024201146308, 0.5549890293275889, 0.010684661545879314, -0.6088749572249216, 0.24313202549282803, -0.6395288630514164, -0.5258348722746717, -0.23561267070813582, 0.03830479203748617, 0.5696765453546605, 0.6033791726893767, -0.009639603538798079]], "inverted": false, "swapped": false, "error_lsq": 0.040914347013146696, "error_max": 0.2804956042507169, "target": "52.xyz", "model": "23.xyz", "model_rescale": 4.410303926677745, "target_rescale": 4.077525935142465},
{"mapping": [10, 7, 1, 3, 2, 4, 9, 5, 11, 14, 15, 13, 12, 0, 16], "R": [[-0.583967485896739, -0.5944190808281373, 0.5528543495016339], [-0.29507205537006953, 0.7898881841579335, 0.5375957018683888], [-0.756250261193426, 0.1508065412212459, -0.6366654769733946]], "T": [0.062326040011984156, 0.04985132740702891, -0.09672929866482871], "aligned_model": [[0.1883843165675884, -0.5709777601014033, -0.4929979434484497, 0.15614902717905194, 0.4019905942139686, 0.6031224668031626, 0.29032176227964435, 0.5132351806445804, -0.3354580348462448, -0.01821454738799306, 0.5739566120283428, -0.31617812803449313, -0.035278794817875055, -0.1254091331859392, 0.05158202586573913], [-0.46100470255014336, 0.037211797505068644, -0.6038506075015267, -0.7701694417623333, -0.40956009540175053, -0.3395752463137982, 0.07112005138162086, 0.2226685628381159, -0.007514718099480032, 0.5762822842889528, 0.4780770464478459, 0.6277361719471773, 0.3975994392999559, -0.1818736193693592, -0.05942565922556359], [-0.4800299298198563, 0.10500675594142661, -0.07174123629929768, 0.261061380146117, 0.6149329009706163, 0.07581212082945196, -0.6798121192285329, 0.30628085438328306, -0.585808487777278, -0.5145015469440607, -0.3500494166281249, 0.03354090150155539, 0.6214074443559126, 0.597132982246876, -0.0479098754938166]], "inverted": false, "swapped": false, "error_lsq": 0.04179136674049402, "error_max": 0.24598329510829584, "target": "52.xyz", "model": "24.xyz", "model_rescale": 4.28219845311461, "target_rescale": 4.077525935142465},
{"mapping": [2, 12, 13, 14, 10, 6, 0, 8, 4, 3, 1, 9, 5, 11, 15], "R": [[-0.8414501986309453, 0.2745313061695123, -0.4653967395210291], [-0.1676715793824443, -0.9514578227219328, -0.2580973712547957], [-0.5136611769360614, -0.13914227795354164, 0.8466354716137046]], "T": [-0.049539483676696916, -0.004249206426950321, -0.05625499676479029], "aligned_model": [[0.05427697556773681, -0.5858547618871195, -0.5165098218308316, 0.009394495655164647, 0.36790602271150974, 0.7370095981300719, 0.5320892856644255, 0.5448312430913966, -0.049100134981287735, -0.09672990430694114, 0.36451996155743027, -0.5294658961512622, 0.2013404571194412, -0.14844693092788333, -0.001032945652171574], [-0.5907038895985278, -0.3357496601573124, -0.3270403709461957, -0.6847098212662165, -0.283129071383668, -0.4432984778138849, -0.15052160366866904, 0.1536834120409134, 0.12254598978201012, 0.6959072459953027, 0.46548820526184964, 0.407760974134749, 0.6173862097660975, -0.051767297444968864, -0.01813058121669682], [-0.39400204969640806, 0.3760565480355602, -0.23135789317009592, 0.2808573919534362, 0.5582936904406214, -0.028444671981491754, -0.6093070128678858, 0.26581143134263685, -0.776373985694236, -0.3842783971374623, -0.18959268355657827, 0.1820555854628543, 0.4690157387181262, 0.4770708128046057, -0.11048177646941129]], "inverted": false, "swapped": false, "error_lsq": 0.043040650238255464, "error_max": 0.2904651036092424, "target": "52.xyz", "model": "25.xyz", "model_rescale": 4.100010024507729, "target_rescale": 4.077525935142465},
{"mapping": [6, 10, 11, 12, 0, 2, 8, 13, 7, 3, 5, 14], "R": [[0.4943881605192462, -0.34119154948052516, -0.7994802519771672], [0.49787814210780273, 0.8650774894799148, -0.06130491665772633], [0.7125290887744015, -0.36773531752907096, 0.597555883488829]], "T": [0.09824367984360115, 0.062150476114715386, 0.03160524956059355], "aligned_model": [[-0.6444367927874383, -0.09474402914684311, 0.5206749894436485, 0.6676109351943368, -0.563162133910653, 0.04079309698736128, -0.26951028726294135, 0.5289862761262767, 0.19969171625025584, -0.07565281487804061, -0.4214790725296599, -0.012006281123296006], [-0.1100885827405424, -0.527823932910194, -0.1882283925371773, -0.4212484138895364, 0.5288533838356562, 0.6760313647743387, 0.08154075011288807, 0.22261170865257163, -0.3820897486145617, 0.6045804123826897, 0.08853900718459802, 0.09345383379990888], [0.08597696518172668, -0.010625729783079012, 0.48888971625490946, -0.12351347840524335, 0.0709829869877324, 0.19850941613208126, 0.6570822684317612, -0.2256889791042084, -0.49944838905378947, -0.49910103050272175, -0.5939711385906516, 0.016099682305839177]], "inverted": true, "swapped": true, "error_lsq": 0.037452455318233525, "error_max": 0.227217432748835, "target": "52.xyz", "model": "26.xyz", "model_rescale": 3.6694154284099745, "target_rescale": 4.077525935142465},
