[{"mapping": [10, 11, 9, 0, 8, 6, 7, 3, 1, 4, 5, 12], "R": [[-0.7934513325524065, -0.4859515438368134, 0.36645065140265254], [-0.33843314052327944, -0.1481538569973468, -0.9292542408040763], [0.5058636103401399, -0.8613370604469701, -0.04690923186550544]], "T": [-0.015939581615124238, -0.13141625283268327, -0.04554240707693563], "aligned_model": [[-0.11305036245524724, 0.20115960765811908, 0.43124730940902023, -0.03836767396798141, -0.21451075571930647, -0.6824979674290199, 0.36771069426383185, -0.3007588624635905, 0.6010352279333272, 0.12476421049037476, -0.6264496290186065, 0.08736066375962784], [-0.3203370552008641, -0.7855552842430003, -0.005983542299988931, 0.6015112239225027, 0.2679856552486218, -0.4265188014098122, -0.3631137462122106, -0.43834304418801207, 0.27716895162888616, 0.17061942996181273, 0.17841462189188617, -0.10229337312276413], [-0.44849319069556853, 0.041336611861044995, -0.6529743138283886, -0.17243799871679472, -0.7377969244535381, 0.05402355556101156, 0.5134477514511484, 0.6951411974053092, -0.01850986393489905, 0.5576298882170159, 0.38075388934921023, -0.03016885686198888]], "inverted": false, "swapped": true, "error_lsq": 0.04991337856595215, "error_max": 0.32340363917910325, "target": "520.xyz", "model": "0.xyz", "model_rescale": 3.751011558992144, "target_rescale": 4.086018148012021},
{"mapping": [0, 1, 4, 11, 7, 12, 9, 6, 2, 8, 5, 10, 14], "R": [[0.5279086541262531, 0.617127521502291, 0.5834947087189802], [-0.7934515517811048, 0.6033937726699331, 0.07969058965337077], [-0.30289781754704836, -0.505044134019577, 0.8081975840211667]], "T": [-0.03361420309181114, -0.017411087175093737, -0.04578596864230679], "aligned_model": [[-0.42998636134297913, -0.5295705947696443, -0.5255940492197939, 0.6013784051254071, 0.054210056373719576, 0.5846949388241036, 0.48867309689970057, 0.04284065339800411, -0.32027609265629553, -0.5898027604017676, 0.003369975698972752, 0.1570806859610253, 0.020913573927454923], [-0.1451548680283244, -0.4932274174160931, -0.1952349610773199, -0.4386970196766331, -0.5522095357546077, -0.17302949872303938, 0.28686787270375214, -0.7455587837689299, 0.6213741717017695, 0.2982877046186486, 0.5785804305348509, -0.03858756464948542, -0.019473308359962038], [-0.6798799341680152, -0.1611619924329023, 0.5474327690793701, 0.1909280772283991, -0.4278259438327577, -0.42716743002671975, 0.2165495268151671, 0.12059110950956249, -0.48569102214936366, 0.13143370779717145, 0.13727775887515742, 0.7514848537384975, -0.05091248992767852]], "inverted": false, "swapped": false, "error_lsq": 0.04551133955024196, "error_max": 0.26995180859995827, "target": "520.xyz", "model": "1.xyz", "model_rescale": 3.9405287249114394, "target_rescale": 4.086018148012021},
{"mapping": [3, 11, 5, 1, 6, 7, 4, 0, 10, 9, 8, 2, 12], "R": [[0.7488729747634681, 0.40189765862427, -0.5269416852567692], [0.21443437628725975, -0.8993017080059276, -0.38114870620784697], [-0.6270623301835379, 0.17243755382732467, -0.759643419042672]], "T": [0.016344443846717557, -0.10396472036743123, -0.02105709199518896], "aligned_model": [[0.07850876077318476, -0.6504828129142437, -0.4416676380718125, 0.687627189929664, -0.05337077781498194, 0.5324440225021312, 0.538883740901489, -0.013696335123823268, -0.507772857637595, -0.6156030068287663, -0.10485793123300562, 0.06428573817864976, 0.043633435157017134], [0.13854772830767273, -0.329319488746046, -0.3368904820045225, -0.3604015340574227, -0.5385552695543523, -0.2665837437718027, 0.3631432604584036, -0.8951806681189464, 0.41367167919897163, 0.3701158200909096, 0.6599588008731747, -0.1539412943014167, -0.08062758626999723], [-0.534986064235091, -0.13137901659249918, 0.4927977540062706, 0.3118782887532816, -0.3398462634165128, -0.6008037015539289, -0.04247061961506304, 0.2546327045123963, -0.43195943007700627, 0.1410267376533719, 0.028142583615022976, 0.6567139621796045, 0.05931205527604154]], "inverted": false, "swapped": false, "error_lsq": 0.060489607708155785, "error_max": 0.42096933781682444, "target": "520.xyz", "model": "2.xyz", "model_rescale": 3.932901565614263, "target_rescale": 4.086018148012021},
{"mapping": [9, 7, 4, 1, 3, 11, 10, 0, 12, 5, 6, 2, 13], "R": [[0.8012965199342539, 0.5503638294774806, -0.23457097506754024], [0.5866484499660234, -0.645923112031269, 0.48849455421355825], [0.11733491932803389, -0.52903968522855, -0.8404460292960879]], "T": [-0.002090411010791847, -0.19205004588673852, -0.10742638683903591], "aligned_model": [[-0.45148637225829696, -0.6566454955422827, -0.5656107214543225, 0.594582141217028, 0.1366604520088752, 0.6469176756950018, 0.46264001755303563, 0.021476049370784185, -0.08583788089474048, -0.5354074520010962, -0.023521788367622115, 0.03260110040482673, -0.01843619791328298], [0.08684778398142118, -0.43947645080791653, -0.2821537460996525, -0.26764600898545854, -0.6641585928508562, -0.13346530108319257, 0.3514453830670034, -0.6679821157996273, 0.548883038130902, 0.28347842442410476, 0.3660308897591092, -0.1205099040652679, -0.07735617756594367], [-0.6173795316456027, -0.2491315836699791, 0.5540511921183643, 0.32504989770529613, -0.24361447727261962, -0.7182168823726656, -0.1496612986360511, 0.36361885081497514, -0.2721514197140683, -0.028399218296551426, 0.28599276116345107, 0.7219579392258852, -0.10905723891454638]], "inverted": false, "swapped": false, "error_lsq": 0.05053462796877649, "error_max": 0.2917566600269991, "target": "520.xyz", "model": "3.xyz", "model_rescale": 3.9243930471874484, "target_rescale": 4.086018148012021},
{"mapping": [1, 0, 3, 11, 5, 9, 9, 6, 7, 2, 4, 10, 12], "R": [[0.5475545521650119, -0.6209457445518294, -0.5609014126621076], [-0.6296254360709106, -0.7472452392848343, 0.21259436168127044], [-0.5511404745215954, 0.23675078603697458, -0.8001207675438663]], "T": [0.04844073212308658, -0.027206920967018197, 0.0656353347584181], "aligned_model": [[-0.0994848764828718, -0.6603241611491684, -0.46380837535645464, 0.705064087832237, -0.11782871710596093, 0.6523808857988658, 0.6523808857988658, -0.00353628116110008, -0.3323999358544595, -0.8351958478298382, -0.26663731512154437, 0.3294799508166578, -0.00215877236732101], [-0.004402896156508698, -0.3366975034511495, -0.2129703207343867, -0.45968916198294796, -0.6664411087751319, 0.08124605251878836, 0.08124605251878836, -0.6808752352760308, 0.5799924767149177, 0.2181878197999102, 0.41819378515764977, 0.07550538664754781, -0.10935812487682078], [-0.6327616087869294, -0.28818702007376906, 0.4606621459471732, 0.15473618397217154, -0.3049820193485552, -0.2824761920502155, -0.2824761920502155, 0.3681789509448783, -0.2937920375733057, -0.03527207867889309, 0.2995398122021681, 0.704066896430858, -0.004177850429477339]], "inverted": true, "swapped": false, "error_lsq": 0.058435055744305214, "error_max": 0.3683609691538219, "target": "520.xyz", "model": "4.xyz", "model_rescale": 3.8936222436046832, "target_rescale": 4.086018148012021},
{"mapping": [9, 0, 1, 2, 4, 5, 6, 3, 11, 10, 7, 12], "R": [[-0.14976056272102722, 0.2152676841149401, 0.9650034186619608], [0.2643306372397584, -0.9317673029707725, 0.24887548559670497], [0.9527334821816144, 0.29235170136389294, 0.08264015149872761]], "T": [-0.07494501568007172, -0.15885655886025632, 0.01564541545254676], "aligned_model": [[0.16557127421726034, -0.6877767123628413, -0.21499262237327516, 0.4065672676888986, -0.4731963959849122, -0.7021671756275703, -0.09156302067395362, -0.13722817615501984, 0.5525864412435946, 0.17867677450962183, 0.09829634986265082, -0.06722596212935641], [-0.5939292094033692, -0.4175744732696952, -0.002272707132065316, 0.0689287856333409, 0.39069571484218424, -0.025370380982745855, -0.23569170021687186, 0.486850288079937, 0.11353947681104784, -0.5293753485944394, 0.5285555315739963, -0.11543307223151224], [-0.5653422821440008, -0.3179569661209213, -0.6944240942072091, -0.5745780611759094, -0.10363603808464693, 0.5047466561443795, 0.7471638224351025, 0.5662103577430374, 0.1364037056481747, 0.09234431594386518, -0.0882454269798411, -0.08340126992651259]], "inverted": false, "swapped": true, "error_lsq": 0.049669118357472654, "error_max": 0.25228105820620506, "target": "520.xyz", "model": "5.xyz", "model_rescale": 3.6523030999806103, "target_rescale": 4.086018148012021},
{"mapping": [5, 7, 11, 2, 3, 1, 6, 4, 8, 9, 9, 10, 12], "R": [[0.18917493511164016, -0.6742174693032708, -0.7138933029604633], [0.9075066885821987, -0.15762134275668535, 0.3893419094910686], [-0.3750259379084048, -0.7215166778348734, 0.582038855663476]], "T": [0.02101034467875619, -0.07759926847390489, -0.08045379157118047], "aligned_model": [[-0.20319803717712093, -0.5843097607965423, -0.577434387722768, 0.6605930577506387, -0.06358479733018936, 0.542817428049215, 0.4991031038204675, 0.12715603588270527, -0.041124275971268234, -0.4702014033867519, -0.4702014033867519, 0.16685890699867817, -0.028542938912404774], [0.049738789403785844, -0.3618070711509662, -0.44638756775649446, -0.44431085344447485, -0.7394468061462426, -0.21497508340462745, 0.34727019301786066, -0.46332360691922814, 0.5503105818667137, 0.3405211460693065, 0.3405211460693065, 0.1614102483963656, -0.13558389389667935], [-0.7108656811388275, -0.220566440900332, 0.44910082857116307, 0.10028967524601941, -0.2739536669549369, -0.5177410189286433, 0.03589790124019271, 0.3307413310855346, -0.31619010915587126, 0.24596497732129996, 0.24596497732129996, 0.6477465169852255, -0.1533303001862362]], "inverted": true, "swapped": false, "error_lsq": 0.061219969918295855, "error_max": 0.4245026770642641, "target": "520.xyz", "model": "6.xyz", "model_rescale": 4.08911054899281, "target_rescale": 4.086018148012021},
{"mapping": [9, 1, 2, 12, 11, 10, 5, 13, 3, 0, 6, 7, 14], "R": [[0.2730388046832052, -0.9181889431301761, -0.287017204799045], [0.545483481014991, -0.09798373764073995, 0.8323742902671364], [-0.7923998883625204, -0.3838336252485458, 0.4741035383243036]], "T": [0.0593211374148693, -0.0344093252672358, -0.0657172676252138], "aligned_model": [[-0.3954721183838815, -0.5626403610473117, -0.4769197925006382, 0.5787078920847372, 0.15005288598060648, 0.6528635088619497, 0.7213808590999645, 0.043291723161286724, -0.33074973153386134, -0.8062590456200988, -0.1799971400378397, 0.19405963985766825, -0.030386792104673988], [-0.08831922342377416, -0.42013505626191794, -0.13377691550050105, -0.5000817119904588, -0.5169969912147584, -0.15116563038846073, 0.2370155097413619, -0.6561644977419853, 0.6128641302894912, 0.3281130377018112, 0.31230604726097966, 0.05355309573552334, -0.09327457210268533], [-0.7019673169521385, -0.11394188514253087, 0.5281777486746708, 0.08053096425536901, -0.38728834442579135, -0.4573169573766215, 0.1960206040061916, 0.3203631459303111, -0.3009474255450891, -0.002434835715730721, 0.20197318603939574, 0.6915126267848366, -0.19162252002698524]], "inverted": true, "swapped": false, "error_lsq": 0.04155943833529144, "error_max": 0.21026263356944566, "target": "520.xyz", "model": "7.xyz", "model_rescale": 3.964800864290218, "target_rescale": 4.086018148012021},
{"mapping": [1, 5, 10, 12, 8, 7, 4, 9, 0, 3, 6, 11, 13], "R": [[0.8330683683507585, 0.5531700212908218, 0.00014559710430889217], [-0.3263187848411691, 0.4916452335296191, -0.8073419442884093], [-0.44666894263334206, 0.6725235251593196, 0.590083861662132]], "T": [-0.012049258588703343, 0.02369205269029273, -0.05949857211045566], "aligned_model": [[-0.10011098353114313, -0.7103799969669372, -0.4931799020770592, 0.6362518774856439, -0.0906125877221229, 0.4148108700625919, 0.49616274010901784, 0.12223268673054366, -0.25420353725319944, -0.6306079503408435, -0.06784346518696974, 0.269903188390626, -0.03449141188224057], [-0.05690921523351339, -0.42668122129162633, -0.42328689056700347, -0.3441527925782943, -0.7170671092473163, -0.2647503081645573, 0.4102756893322984, -0.5601174128998077, 0.6017390520103904, 0.3951655463537094, 0.44571012168326574, -0.024949243971322088, -0.051038993321597045], [-0.8003551435071272, -0.15206647630677234, 0.43432036352112074, 0.06326438672733635, -0.24965968466569333, -0.5508686973663496, 0.23608060725465335, 0.2796055326085735, -0.406460161373953, 0.013681234296662223, 0.3345744910796725, 0.7184925373471815, -0.05754999910941693]], "inverted": false, "swapped": false, "error_lsq": 0.05002819601922581, "error_max": 0.30723155638244226, "target": "520.xyz", "model": "8.xyz", "model_rescale": 4.121658175737393, "target_rescale": 4.086018148012021},
{"mapping": [6, 1, 0, 11, 2, 8, 7, 3, 9, 4, 5, 10, 12], "R": [[-0.7131530435750104, -0.4120478292066159, -0.5671237280222143], [0.3839100965589764, 0.44733458514414726, -0.8077776963335835], [0.5865371038559937, -0.7937936478582007, -0.1608286989942848]], "T": [0.026599233348110457, -0.06485177936068831, -0.01418131377022928], "aligned_model": [[-0.09914915053138015, -0.5748135330694906, -0.5831056682203324, 0.6277708443887013, -0.09919202470348251, 0.4299753428634929, 0.5148175655478522, 0.2366975247981705, -0.15026303323810627, -0.7836390948485852, -0.10851240978528548, 0.19927964589317496, -0.0519344812768219], [0.05262339886275337, -0.31816050529071643, -0.28340944868821627, -0.203353735210312, -0.7269571619176961, -0.30221416424564823, 0.393059777979194, -0.7189954935029806, 0.6627742526957124, 0.29750686206837945, 0.34704628066918275, -0.1238042866822889, -0.09217855463273772], [-0.6854256631297154, -0.23569675221903053, 0.43226769933632037, 0.13562515090400748, -0.18192955562605803, -0.5723032988606375, -0.0988617487707141, 0.373940703961198, -0.37814547844415797, -0.03256566095550194, 0.42604901038883985, 0.7228308351114076, -0.04272625119006987]], "inverted": true, "swapped": false, "error_lsq": 0.053466290671659686, "error_max": 0.28129307325991654, "target": "520.xyz", "model": "9.xyz", "model_rescale": 3.833441315466971, "target_rescale": 4.086018148012021},
{"mapping": [2, 5, 1, 10, 13, 8, 11, 0, 3, 4, 7, 12, 14], "R": [[-0.8230544867319315, -0.25201629298811434, -0.508988310218384], [0.047863951374989076, -0.9237545555576528, 0.3799823196482389], [-0.5659420058885979, 0.28838396133455935, 0.7723628271840755]], "T": [-0.03473289997809235, -0.022949635655904993, 0.07224963929797543], "aligned_model": [[-0.22271930238994653, -0.574089136004225, -0.38284679626840634, 0.6658149748228851, -0.14223531113182333, 0.601473948457456, 0.5530159936517886, -0.04720636743116687, -0.3963163907844549, -0.7651872781450225, 0.1822800317798731, 0.1237051959409507, -0.03775803468000087], [-0.11880978314329647, -0.37459694660348697, -0.42579259939342584, -0.45010311505506806, -0.6642891300082835, -0.034853342667232556, 0.28194873169064893, -0.6894564436279091, 0.5625924328728511, 0.2969633474290957, 0.5977807139675676, -0.028157479109324174, 0.03071083575248886], [-0.6148618506071045, -0.1348112716197258, 0.5842488528623834, 0.12251616562407999, -0.38906741652656784, -0.37792644862744484, 0.23633895848063105, 0.21166287123932873, -0.4575802531269262, 0.0700898335987272, -0.035049928678556164, 0.6535329656018405, -0.006033487714777325]], "inverted": true, "swapped": false, "error_lsq": 0.05181031885490585, "error_max": 0.35847172304029545, "target": "520.xyz", "model": "10.xyz", "model_rescale": 4.2482417240324, "target_rescale": 4.086018148012021},
{"mapping": [0, 5, 6, 3, 9, 10, 10, 11, 4, 2, 1, 12], "R": [[-0.7032947291325482, 0.19291086278937547, -0.6842235913736345], [0.6036473913652507, -0.34630521532876507, -0.7181103847835829], [-0.37548149205027886, -0.9180730345968976, 0.1271044935230063]], "T": [-0.012020027883470119, 0.054676130471052534, 0.017612757482083845], "aligned_model": [[-0.688899463394318, 0.06528385497458389, 0.4285319663611315, 0.6710484008568275, -0.5110818147606608, -0.028975459314668287, -0.028975459314668287, 0.5370893502535089, -0.0019091571503857263, -0.038288270333982855, -0.47589273312085517, -0.05116561269350568], [-0.25427753342021947, -0.7266978659782234, -0.2394945120762884, -0.4229665616070023, 0.6339100799372291, 0.3529312787202107, 0.3529312787202107, 0.46031930779294067, -0.4043493675519126, 0.6433066897330417, 0.18134231568022147, 0.08917628010043147], [0.0045720505374178474, 0.20180018546726758, 0.528177689906896, -0.15330611305658784, 0.007202840100814253, 0.36148379032657996, 0.36148379032657996, -0.11088003555852385, -0.49622894096400977, -0.5161737529376972, -0.5455109715253901, -0.07742824276899027]], "inverted": true, "swapped": true, "error_lsq": 0.055577474145502674, "error_max": 0.3802351501355358, "target": "520.xyz", "model": "11.xyz", "model_rescale": 3.6694154284099745, "target_rescale": 4.086018148012021},
{"mapping": [12, 10, 9, 3, 2, 1, 4, 8, 5, 7, 6, 11, 13], "R": [[-0.6585930296719671, -0.07012769063443092, 0.7492244845663957], [0.06468224134313555, 0.9866873611561815, 0.1492121274879474], [-0.7497142315057971, 0.146731586036997, -0.6452894023124349]], "T": [-0.05802374766780714, 0.013032859593244073, -0.0453134326409292], "aligned_model": [[-0.26105572973712815, -0.5447777577604443, -0.5240028246525081, 0.6482538818277812, 0.08905485283257226, 0.5653094982492859, 0.640281990579713, 0.07263808179568261, -0.41496918266933736, -0.767439198764773, -0.02872473612870561, 0.04645143131038122, 0.03691122093538786], [-0.04992959662414534, -0.36908228605235655, -0.3286353906708515, -0.4666040869179567, -0.5708919349210152, -0.24191993419818159, 0.13065831611851614, -0.6194516607298377, 0.6647796736960856, 0.19592162532797208, 0.5257582547737515, 0.05093095006209043, 0.06240329224055445], [-0.6907452598934789, -0.18879631118544626, 0.5121922385984281, 0.06590351848984423, -0.2977283549784303, -0.5580787118613242, 0.16965632722798685, 0.34900708316318796, -0.3492654670395267, 0.07897146419879329, 0.1915601001006882, 0.6845340313016159, -0.10415166761645055]], "inverted": true, "swapped": false, "error_lsq": 0.034281404162762645, "error_max": 0.2126397870985868, "target": "520.xyz", "model": "12.xyz", "model_rescale": 3.9764082729961374, "target_rescale": 4.086018148012021},
{"mapping": [1, 9, 5, 14, 13, 11, 3, 6, 2, 0, 7, 4, 15], "R": [[0.30944676631554324, -0.5516900287906226, -0.7745197292192474], [0.8510353482995225, -0.20270707444208924, 0.4844054891470992], [-0.4242423066616115, -0.8090413797230225, 0.4067806671098123]], "T": [-0.06356667129079202, -0.14858393126303066, -0.11728078964413467], "aligned_model": [[-0.35977380350694244, -0.6642041686582856, -0.6398506385099494, 0.667791350576336, 0.17887441498408885, 0.6195196329442239, 0.6428609135340959, 0.17483896562344434, -0.3133266662497229, -0.5692300544403257, -0.03465446619993395, -0.14208005538814153, -0.0028338968909800005], [0.015039691445561915, -0.1708562760071263, -0.4725457493963015, -0.41818057824923455, -0.6988247008877675, -0.2028916773237971, 0.29679093178073096, -0.6458298742103444, 0.5602593354189556, 0.2892471292869191, 0.5258967781858828, 0.015719408796488088, -0.10988719673534136], [-0.654692385329412, -0.13269720729989365, 0.3982475173891974, 0.059470819569098346, -0.2310259491698578, -0.5185144727189203, -0.012186802752218437, 0.4114611419341977, -0.38452727157391664, 0.16506020784247843, 0.22223880611002073, 0.5774880803709922, -0.037263493865878156]], "inverted": true, "swapped": false, "error_lsq": 0.041408744989743736, "error_max": 0.2762800810393228, "target": "520.xyz", "model": "13.xyz", "model_rescale": 4.170626492500431, "target_rescale": 4.086018148012021},
{"mapping": [11, 9, 1, 8, 10, 12, 4, 7, 6, 3, 2, 0, 13], "R": [[-0.7056581526966497, -0.6771880877666677, 0.20847749355668121], [0.6035851782147214, -0.4204004955984382, 0.677457272409184], [-0.37112195323404873, 0.6038871724813434, 0.7053997297562803]], "T": [-0.01289115697767659, -0.019704049776379046, 0.0013437875440933077], "aligned_model": [[-0.3885267621143329, -0.5866991917786951, -0.5393776954288507, 0.6250683002225029, 0.05308582369124072, 0.4754331638107882, 0.6291765099842691, 0.12670786526464398, -0.1870105982166152, -0.6310931145900285, 0.016673535315218927, 0.0028639062193808497, -0.038370214561614824], [-0.020619697563970613, -0.5459695276860187, -0.3603212786107969, -0.3901983819123884, -0.5313047739047485, -0.18610611668702906, 0.27997413191814813, -0.690094859819436, 0.6642399303705314, 0.28557343649347855, 0.5267929228079196, -0.061820562676294016, 0.013791999375230443], [-0.5974522585967382, -0.22247628399152758, 0.44587308708036505, 0.0867719657341285, -0.22721701851847448, -0.5178438770248187, 0.0330491349058015, 0.43553047283926716, -0.45625026752385645, 0.011619993599662499, 0.3665822783445117, 0.5961852654629507, -0.09131350180538382]], "inverted": true, "swapped": false, "error_lsq": 0.03867942662411287, "error_max": 0.24575471645955835, "target": "520.xyz", "model": "14.xyz", "model_rescale": 3.9786697098870705, "target_rescale": 4.086018148012021},
{"mapping": [11, 10, 3, 7, 6, 5, 9, 0, 4, 2, 8, 12], "R": [[-0.4340674381408681, 0.8882412435208016, 0.1503760368358053], [-0.5209507252162933, -0.3836680259444206, 0.7625019264005366], [0.7349801364951583, 0.25263875232539296, 0.6292677170974427]], "T": [-0.01253247514468634, 0.015111173156879478, -0.03017192618694836], "aligned_model": [[-0.000794709076744067, -0.4387693634583655, 0.6746682296542247, 0.5253171087621729, 0.0280744798040347, 0.42916870688957, -0.5849537848775849, -0.04789737242328047, 0.6277411537217188, -0.08312780458379257, -0.655728002532078, 0.009655954887461075], [-0.4894568295555821, 0.023237092509950243, 0.09652555234988719, -0.4497732752567332, 0.45775973531242486, 0.6858884014393146, -0.29949613113678064, 0.387225961853927, 0.01619287413144182, -0.7522370438767779, 0.40115373346054783, -0.06234558100718026], [-0.507509594735791, -0.19063061812049703, -0.5252125004109431, -0.11928721480790833, -0.6164417466817309, -0.10368517034823271, 0.36736937979756656, 0.6133093126696074, 0.22456016583411026, 0.16552428696317573, 0.3095917672463803, 0.042378426468092575]], "inverted": true, "swapped": true, "error_lsq": 0.056759661528934933, "error_max": 0.3668487879081098, "target": "520.xyz", "model": "15.xyz", "model_rescale": 3.769337070930944, "target_rescale": 4.086018148012021},
{"mapping": [4, 5, 1, 0, 7, 3, 11, 6, 10, 8, 12], "R": [[-0.3269723255872876, 0.024727511277121306, -0.9447103516348705], [0.944657078188456, 0.03677974681616647, -0.32599118830512636], [0.026685256762684878, -0.9990174174708761, -0.035384977904911186]], "T": [0.024654611264609667, 0.14293436901994594, 0.07382011214675199], "aligned_model": [[-0.1730307197197556, -0.2800897210383255, -0.3129617220208877, -0.7174677572049495, 0.37033230731534017, 0.40426976180371454, 0.702710274637506, 0.26363375253223453, 0.14375088471199055, -0.48688516110577196, 0.00836423078007524], [-0.003918886631598173, -0.5883516621855701, 0.6867174935601646, 0.1978915859947603, 0.22007129331607106, -0.45829556074077893, 0.28084335898241375, -0.5007237211266603, 0.2385646822411797, 0.2951647895133158, 0.2281011247020443], [-0.569759377755096, -0.07716946945663405, -0.2985314264227959, 0.06909875572546527, -0.548994535493138, -0.39346265982821865, 0.012179847833346191, 0.3381914604796907, 0.5029609144317846, 0.7009737396991113, 0.008730358010261632]], "inverted": true, "swapped": true, "error_lsq": 0.04879384488980345, "error_max": 0.2664849610443933, "target": "520.xyz", "model": "16.xyz", "model_rescale": 3.7852294659196426, "target_rescale": 4.086018148012021},
{"mapping": [10, 4, 3, 7, 5, 6, 11, 1, 9, 0, 8, 2, 12], "R": [[-0.20121529375267538, -0.3571548008480422, -0.9121144959878777], [-0.9073352749218685, -0.28293628793438186, 0.31094976419410636], [-0.3691274907704414, 0.8901615051220246, -0.26712804112711536]], "T": [-0.06250103762418971, -0.08470688190829598, 0.051569238589597416], "aligned_model": [[-0.05309718718503187, -0.5218599109221028, -0.5399197621611008, 0.5872407529007229, 0.012715240898607788, 0.5167107133697212, 0.516031417443126, -0.08880410893908838, -0.24972533793069482, -0.7170741873280229, -0.1185086379422406, 0.2607244085471191, -0.046501872933107], [0.077728541904695, -0.4990738494529283, -0.14799724229689792, -0.3478169134895812, -0.6823576239934739, -0.2614387485929911, 0.3658459794534751, -0.6757677281154227, 0.6841231115348941, 0.09174042780395805, 0.5154975342593789, -0.1161545679645839, -0.020391698945896222], [-0.7375957479415792, -0.29350485029557494, 0.6844681743652756, 0.045592441521163235, -0.21180333494568934, -0.5970237236838887, 0.03625937295404627, 0.4040027483008455, -0.29643835912735683, -0.026836719862758984, 0.298193890179627, 0.5698581300577945, -0.012113031016016226]], "inverted": true, "swapped": false, "error_lsq": 0.05207329622744802, "error_max": 0.25605203076511096, "target": "520.xyz", "model": "17.xyz", "model_rescale": 3.901054581598922, "target_rescale": 4.086018148012021},
{"mapping": [0, 1, 4, 11, 7, 12, 9, 6, 2, 8, 5, 10, 14], "R": [[0.5279086541262531, 0.617127521502291, 0.5834947087189802], [-0.7934515517811048, 0.6033937726699331, 0.07969058965337077], [-0.30289781754704836, -0.505044134019577, 0.8081975840211667]], "T": [-0.03361420309181114, -0.017411087175093737, -0.04578596864230679], "aligned_model": [[-0.42998636134297913, -0.5295705947696443, -0.5255940492197939, 0.6013784051254071, 0.054210056373719576, 0.5846949388241036, 0.48867309689970057, 0.04284065339800411, -0.32027609265629553, -0.5898027604017676, 0.003369975698972752, 0.1570806859610253, 0.020913573927454923], [-0.1451548680283244, -0.4932274174160931, -0.1952349610773199, -0.4386970196766331, -0.5522095357546077, -0.17302949872303938, 0.28686787270375214, -0.7455587837689299, 0.6213741717017695, 0.2982877046186486, 0.5785804305348509, -0.03858756464948542, -0.019473308359962038], [-0.6798799341680152, -0.1611619924329023, 0.5474327690793701, 0.1909280772283991, -0.4278259438327577, -0.42716743002671975, 0.2165495268151671, 0.12059110950956249, -0.48569102214936366, 0.13143370779717145, 0.13727775887515742, 0.7514848537384975, -0.05091248992767852]], "inverted": false, "swapped": false, "error_lsq": 0.04551133955024196, "error_max": 0.26995180859995827, "target": "520.xyz", "model": "18.xyz", "model_rescale": 3.9405287249114394, "target_rescale": 4.086018148012021},
{"mapping": [10, 11, 13, 8, 5, 6, 0, 9, 3, 14, 12, 7, 15], "R": [[-0.4673899736985877, -0.17988590287770115, -0.8655562803376267], [-0.45081587812270446, -0.7937142849495423, 0.4083903499098528], [-0.7604680509518389, 0.5810840694881519, 0.2898786774990535]], "T": [0.0018450610801385506, 0.039499840190272514, 0.039912502615396916], "aligned_model": [[-0.47964615247998815, -0.5196887027961459, -0.5092950692158565, 0.6372335906669366, 0.2375918296878286, 0.581817014342698, 0.6580093441270696, -0.08662302834118157, -0.2822589786444307, -0.7419688601765237, -0.13158886601385492, 0.1988395322757956, -0.0044901256144385965], [-0.041626560096666015, -0.4425057383261767, -0.0877764180493842, -0.3690277344414815, -0.6743612385680756, -0.1327434130280883, 0.23817210871263494, -0.6753681216523187, 0.6567215398752947, 0.24194270014087765, 0.5502354812236668, -0.30705997445130717, 0.0273345907656506], [-0.5761140839759661, -0.08209715813273957, 0.45688536343666475, 0.08064078236031774, -0.3151768721677237, -0.398548727987478, 0.09141028246692715, 0.30476536977317575, -0.47365430211800674, -0.03422723757832885, 0.18648519546053607, 0.6201840098732323, 0.002506369095277128]], "inverted": false, "swapped": false, "error_lsq": 0.043721353000400524, "error_max": 0.2553249968733047, "target": "520.xyz", "model": "19.xyz", "model_rescale": 4.410303926677745, "target_rescale": 4.086018148012021},
{"mapping": [1, 5, 10, 12, 8, 7, 4, 9, 0, 3, 6, 11, 13], "R": [[0.8330683683507585, 0.5531700212908218, 0.00014559710430889217], [-0.3263187848411691, 0.4916452335296191, -0.8073419442884093], [-0.44666894263334206, 0.6725235251593196, 0.590083861662132]], "T": [-0.012049258588703343, 0.02369205269029273, -0.05949857211045566], "aligned_model": [[-0.10011098353114313, -0.7103799969669372, -0.4931799020770592, 0.6362518774856439, -0.0906125877221229, 0.4148108700625919, 0.49616274010901784, 0.12223268673054366, -0.25420353725319944, -0.6306079503408435, -0.06784346518696974, 0.269903188390626, -0.03449141188224057], [-0.05690921523351339, -0.42668122129162633, -0.42328689056700347, -0.3441527925782943, -0.7170671092473163, -0.2647503081645573, 0.4102756893322984, -0.5601174128998077, 0.6017390520103904, 0.3951655463537094, 0.44571012168326574, -0.024949243971322088, -0.051038993321597045], [-0.8003551435071272, -0.15206647630677234, 0.43432036352112074, 0.06326438672733635, -0.24965968466569333, -0.5508686973663496, 0.23608060725465335, 0.2796055326085735, -0.406460161373953, 0.013681234296662223, 0.3345744910796725, 0.7184925373471815, -0.05754999910941693]], "inverted": false, "swapped": false, "error_lsq": 0.05002819601922581, "error_max": 0.30723155638244226, "target": "520.xyz", "model": "20.xyz", "model_rescale": 4.121658175737393, "target_rescale": 4.086018148012021},
{"mapping": [5, 7, 11, 2, 3, 1, 6, 4, 8, 9, 9, 10, 12], "R": [[0.18917493511164016, -0.6742174693032708, -0.7138933029604633], [0.9075066885821987, -0.15762134275668535, 0.3893419094910686], [-0.3750259379084048, -0.7215166778348734, 0.582038855663476]], "T": [0.02101034467875619, -0.07759926847390489, -0.08045379157118047], "aligned_model": [[-0.20319803717712093, -0.5843097607965423, -0.577434387722768, 0.6605930577506387, -0.06358479733018936, 0.542817428049215, 0.4991031038204675, 0.12715603588270527, -0.041124275971268234, -0.4702014033867519, -0.4702014033867519, 0.16685890699867817, -0.028542938912404774], [0.049738789403785844, -0.3618070711509662, -0.44638756775649446, -0.44431085344447485, -0.7394468061462426, -0.21497508340462745, 0.34727019301786066, -0.46332360691922814, 0.5503105818667137, 0.3405211460693065, 0.3405211460693065, 0.1614102483963656, -0.13558389389667935], [-0.7108656811388275, -0.220566440900332, 0.44910082857116307, 0.10028967524601941, -0.2739536669549369, -0.5177410189286433, 0.03589790124019271, 0.3307413310855346, -0.31619010915587126, 0.24596497732129996, 0.24596497732129996, 0.6477465169852255, -0.1533303001862362]], "inverted": true, "swapped": false, "error_lsq": 0.061219969918295855, "error_max": 0.4245026770642641, "target": "520.xyz", "model": "21.xyz", "model_rescale": 4.08911054899281, "target_rescale": 4.086018148012021},
{"mapping": [0, 13, 12, 15, 2, 1, 11, 14, 6, 7, 5, 9, 16], "R": [[0.7427613038094761, -0.15622490219680996, -0.6510755912310371], [0.45251584534129297, -0.5995733319077684, 0.6601069832838251], [-0.49349271046116, -0.7849239451046286, -0.3746456260562555]], "T": [-0.036402336353201656, -0.07594731396340201, -0.024677925012932186], "aligned_model": [[-0.356129187028558, -0.6088855124970122, -0.5402685101996791, 0.5715968448739457, 0.26830674288416423, 0.49727069692652326, 0.681514089382747, -0.027160519436923422, -0.29087343457360343, -0.7077419371001747, 0.14215937615947188, -0.0008903609023325487, -0.0709667606706615], [0.011136384141277905, -0.40467157488842864, -0.2504095260914933, -0.45313758915749447, -0.6213904641822283, -0.032627628626001534, 0.17827769179974187, -0.5463146351767023, 0.5420220671499921, 0.1512121286300156, 0.4659643316198493, 0.03283629703820093, -0.08896026015210323], [-0.7248711616704321, -0.05522852795015794, 0.48586230006905806, 0.11522028734268243, -0.3864761785782752, -0.610608705633242, 0.05186410502087886, 0.4117756898211915, -0.35471191224485354, -0.08382110821248888, 0.39026368190780253, 0.6784953375188191, -0.054704816885094765]], "inverted": true, "swapped": false, "error_lsq": 0.04367052324240728, "error_max": 0.31221943991243384, "target": "520.xyz", "model": "22.xyz", "model_rescale": 4.204369325754507, "target_rescale": 4.086018148012021},
{"mapping": [10, 11, 13, 8, 5, 6, 0, 9, 3, 14, 12, 7, 15], "R": [[-0.4673899736985877, -0.17988590287770115, -0.8655562803376267], [-0.45081587812270446, -0.7937142849495423, 0.4083903499098528], [-0.7604680509518389, 0.5810840694881519, 0.2898786774990535]], "T": [0.0018450610801385506, 0.039499840190272514, 0.039912502615396916], "aligned_model": [[-0.47964615247998815, -0.5196887027961459, -0.5092950692158565, 0.6372335906669366, 0.2375918296878286, 0.581817014342698, 0.6580093441270696, -0.08662302834118157, -0.2822589786444307, -0.7419688601765237, -0.13158886601385492, 0.1988395322757956, -0.0044901256144385965], [-0.041626560096666015, -0.4425057383261767, -0.0877764180493842, -0.3690277344414815, -0.6743612385680756, -0.1327434130280883, 0.23817210871263494, -0.6753681216523187, 0.6567215398752947, 0.24194270014087765, 0.5502354812236668, -0.30705997445130717, 0.0273345907656506], [-0.5761140839759661, -0.08209715813273957, 0.45688536343666475, 0.08064078236031774, -0.3151768721677237, -0.398548727987478, 0.09141028246692715, 0.30476536977317575, -0.47365430211800674, -0.03422723757832885, 0.18648519546053607, 0.6201840098732323, 0.002506369095277128]], "inverted": false, "swapped": false, "error_lsq": 0.043721353000400524, "error_max": 0.2553249968733047, "target": "520.xyz", "model": "23.xyz", "model_rescale": 4.410303926677745, "target_rescale": 4.086018148012021},
{"mapping": [7, 1, 3, 9, 11, 14, 15, 10, 12, 0, 5, 4, 16], "R": [[0.05585050529772878, 0.06782462061934741, 0.996132793304101], [-0.9297243876712918, 0.36725602698016896, 0.02712146043235092], [-0.3639962692490549, -0.9276436985635075, 0.08356963855483918]], "T": [0.04851772457411384, -0.04864551175565849, -0.07044953902032153], "aligned_model": [[-0.3957019649429337, -0.6077719025533502, -0.6145720815998872, 0.5580861357132535, 0.15144435127744355, 0.58980144816354, 0.7069387405048587, 0.0715843524167639, -0.2774234104354244, -0.6361268633522508, 0.09442226814108687, -0.03103669067517363, -0.051712854840018974], [-0.12151479424124678, -0.5972205861068994, -0.22637723165308302, -0.39109267320031094, -0.5794719857556967, -0.08085310596856879, 0.1852934243288065, -0.5857337889649445, 0.6518531936775784, 0.26773134880592825, 0.503274092841013, 0.03742986863766278, -0.07938054029561276], [-0.5596221382097195, -0.13889413483154897, 0.5109060572583166, 0.05400912727502857, -0.3996164429261107, -0.47557247279082293, 0.0747004895678397, 0.29668539453945936, -0.29234991076122496, -0.03103784772826379, 0.22767720645833306, 0.607891449639246, -0.01171778698464427]], "inverted": false, "swapped": false, "error_lsq": 0.04094791252199374, "error_max": 0.21427354557020586, "target": "520.xyz", "model": "24.xyz", "model_rescale": 4.28219845311461, "target_rescale": 4.086018148012021},
{"mapping": [9, 7, 4, 14, 13, 12, 10, 2, 5, 3, 1, 0, 15], "R": [[0.44701897880513736, -0.6792252707907619, -0.5820885363131874], [0.8512426509400951, 0.5229680105387792, 0.04347883592727901], [0.2748817596867643, -0.5149344535689258, 0.8119621461122313]], "T": [0.010161466746825734, -0.05555371831661137, -0.016460737506106077], "aligned_model": [[-0.2774779651380534, -0.5895794175545295, -0.5333779401563686, 0.730011890088605, -0.0031042369623684174, 0.36436137338493707, 0.719046984069332, 0.2515152614960756, -0.035357156363532274, -0.7147673218564079, -0.29171199734513975, -0.06190491478564901, 0.00027696894100675065], [0.04108604475701253, -0.46178108456517786, -0.3134469715479505, -0.30442802430712196, -0.6256090222293332, -0.38496846226819254, 0.30107633076832974, -0.5359152468153195, 0.7467810841213108, 0.21741729462172826, 0.4329127144158155, -0.06769064567378472, -0.06149678917269042], [-0.6204458344223194, -0.30077782168925293, 0.39911663929247787, -0.021105382490607644, -0.18312635640538225, -0.6084474373887063, -0.017533233638319462, 0.40754536160856625, -0.29836072094203914, -0.013232361832526546, 0.266647642125168, 0.7960743716940744, 0.056704124594754976]], "inverted": true, "swapped": false, "error_lsq": 0.055989292931260475, "error_max": 0.36236962470241546, "target": "520.xyz", "model": "25.xyz", "model_rescale": 4.100010024507729, "target_rescale": 4.086018148012021},
{"mapping": [0, 5, 6, 3, 9, 10, 10, 11, 4, 2, 1, 12], "R": [[-0.7032947291325482, 0.19291086278937547, -0.6842235913736345], [0.6036473913652507, -0.34630521532876507, -0.7181103847835829], [-0.37548149205027886, -0.9180730345968976, 0.1271044935230063]], "T": [-0.012020027883470119, 0.054676130471052534, 0.017612757482083845], "aligned_model": [[-0.688899463394318, 0.06528385497458389, 0.4285319663611315, 0.6710484008568275, -0.5110818147606608, -0.028975459314668287, -0.028975459314668287, 0.5370893502535089, -0.0019091571503857263, -0.038288270333982855, -0.47589273312085517, -0.05116561269350568], [-0.25427753342021947, -0.7266978659782234, -0.2394945120762884, -0.4229665616070023, 0.6339100799372291, 0.3529312787202107, 0.3529312787202107, 0.46031930779294067, -0.4043493675519126, 0.6433066897330417, 0.18134231568022147, 0.08917628010043147], [0.0045720505374178474, 0.20180018546726758, 0.528177689906896, -0.15330611305658784, 0.007202840100814253, 0.36148379032657996, 0.36148379032657996, -0.11088003555852385, -0.49622894096400977, -0.5161737529376972, -0.5455109715253901, -0.07742824276899027]], "inverted": true, "swapped": true, "error_lsq": 0.055577474145502674, "error_max": 0.3802351501355358, "target": "520.xyz", "model": "26.xyz", "model_rescale": 3.6694154284099745, "target_rescale": 4.086018148012021},
{"mapping": [9, 8, 4, 1, 7, 3, 6, 5, 11, 10, 2, 0, 13], "R": [[0.45661742140774864, -0.6421837241697295, -0.6157114542368328], [-0.011561014160181238, -0.6962972031862568, 0.7176604683181209], [-0.8895880357887727, -0.3205780236486798, -0.3253657285809]], "T": [-0.06617402117582852, -0.0825259837528132, -0.05083518929208461], "aligned_model": [[-0.2832413224739305, -0.5702496391969111, -0.6412604163830758, 0.6931710439061173, 0.14797602669678087, 0.44905056436662893, 0.5564750955316126, 0.11568480117819072, -0.2805884423733257, -0.6223589596321154, -0.012461196466716035, 0.06767113498051949, -0.06193716231586739], [-0.022966421454819502, -0.46883311675327766, -0.07658734729179316, -0.35799010343018456, -0.5824184390161221, -0.16501687050029568, 0.20069429858938956, -0.7421234422613207, 0.7118561227796127, 0.14527369885227573, 0.489341315074877, -0.11175263745297831, -0.03553983503073716], [-0.694417336897488, -0.12177010833534771, 0.5363367963590054, 0.30576156420101075, -0.3676566135762125, -0.6677388287608104, 0.006477819160080708, 0.3464519375850358, -0.2940614091961887, -0.07645429802041137, 0.312775001979519, 0.5958213037705884, -0.018466837762893783]], "inverted": false, "swapped": false, "error_lsq": 0.042764448229178825, "error_max": 0.22450300290717984, "target": "520.xyz", "model": "27.xyz", "model_rescale": 4.103607728864725, "target_rescale": 4.086018148012021},
{"mapping": [5, 0, 3, 4, 1, 8, 13, 2, 6, 9, 10, 12, 14], "R": [[0.957540961166087, -0.004402486628321878, 0.28826363940083427], [-0.27304815177862457, -0.3347313962156383, 0.9018866886687079], [0.09252034640771706, -0.9423033006941116, -0.3217211137018819]], "T": [-0.012536981053039919, 0.11629823332718751, -0.01671801265570951], "aligned_model": [[-0.4018355839187641, -0.4851206213213878, -0.40700713088876117, 0.6586653256080722, -0.06629547160140509, 0.6341792153545044, 0.5966513741159232, 0.11476850643406179, -0.21881332267261133, -0.7873030122728286, -0.25590516422429765, 0.21509519982109182, -0.039147786615689725], [0.021628127183347695, -0.4163806759954766, -0.24475865650273837, -0.4902172519326566, -0.6869737305554564, -0.09094206466667966, 0.1741518474900842, -0.5226538773211494, 0.5519985274420972, 0.32315238040496935, 0.4852050529398581, -0.08528132547456048, -0.034991130907013265], [-0.6287838417879837, -0.06780248676654523, 0.5101235913978555, 0.04016534877217939, -0.41006901215736424, -0.4761628918285997, 0.19639003554642961, 0.32512145169237905, -0.427671279400356, -0.18125641169268888, 0.23716180570120135, 0.7863030884546631, -0.04046040742528216]], "inverted": false, "swapped": false, "error_lsq": 0.047196103737944126, "error_max": 0.2724236059785394, "target": "520.xyz", "model": "28.xyz", "model_rescale": 4.137296879288765, "target_rescale": 4.086018148012021},
