[{"mapping": [11, 12, 10, 3, 4, 7, 8, 2, 0, 1, 6, 13], "R": [[-0.6885447492482972, -0.4382001169409193, 0.5778293742927615], [-0.4399301470727879, -0.38103839774046694, -0.8131858367826467], [0.5765133077207455, -0.8141193996953656, 0.06958454613305126]], "T": [-0.053368928314192425, -0.04364082467426058, 0.007126284301126162], "aligned_model": [[-0.23087410478680126, -0.0363919417115594, 0.4120726513391708, -0.1521964408911468, 0.017561229453022777, -0.7162779605194124, 0.48011226030815585, -0.17811452932550872, 0.7349214986703215, 0.06699325300552092, -0.5726831291457904, 0.012519676064576248], [-0.4071421543399647, -0.7330193100138327, -0.17863419749746132, 0.6481842345329393, 0.33404855997064925, -0.5201007602619978, -0.025016018434021868, -0.5770247235578109, 0.11054890392461017, 0.42800876096792695, 0.10656694153770194, -0.13286520085168088], [-0.5907499728734135, -0.052344099554857804, -0.5627635324903929, -0.0250604919681535, -0.5793606510703072, -0.013314590077161455, 0.5748134411335873, 0.6307689503147802, -0.11338600323262815, 0.5467439863653304, 0.354618521893227, 0.011986186913552025]], "inverted": false, "swapped": true, "error_lsq": 0.04463673278069339, "error_max": 0.2535713003612056, "target": "521.xyz", "model": "0.xyz", "model_rescale": 3.751011558992144, "target_rescale": 3.8930580677484916},
{"mapping": [11, 4, 5, 1, 7, 0, 8, 2, 10, 9, 12, 3, 13, 14], "R": [[0.9727930993463807, -0.16354196314311276, 0.16409635021949642], [-0.23160627896351627, -0.6691717962449664, 0.7060932223544986], [-0.005667222312277634, -0.7248883592675374, -0.6888430512022903]], "T": [-0.027935612945652916, -0.042691716380504896, 0.012513614419022878], "aligned_model": [[-0.6931808885435307, 0.11681804389644299, 0.47884845963590483, -0.19296910220953015, -0.5615037801940972, 0.013659954515377395, 0.5395929550977285, 0.6305864839411879, -0.07970294704032588, -0.011701381884883705, -0.5059989949187288, -0.05198919488863003, 0.22428134345733378, -0.0578313763764952], [-0.2651121018299929, -0.7130634678435721, -0.11972705258404605, -0.06878944130942499, 0.25449667911472135, 0.5081838299360721, -0.23299770625523125, 0.457144685770342, -0.8030102967483359, -0.18527678927603963, 0.38130930385322354, 0.7183195474338655, 0.37299834048706354, -0.031292217915338524], [0.3929198240921573, -0.3814686993730921, 0.36933500916614026, -0.6640722305487539, -0.24567448034786094, -0.5074002820460485, -0.27404040633849885, -0.003307921055241525, 0.3153164340839616, 0.655627576375638, 0.3915302918020024, 0.07325216112654964, 0.55204172473843, 0.05701200997433782]], "inverted": true, "swapped": false, "error_lsq": 0.03336511416193039, "error_max": 0.24226924292721438, "target": "521.xyz", "model": "1.xyz", "model_rescale": 3.9405287249114394, "target_rescale": 3.8930580677484916},
{"mapping": [2, 6, 1, 11, 5, 8, 12, 7, 4, 0, 10, 9, 13], "R": [[-0.3134926894474862, -0.8663192542675586, 0.3888615220721686], [-0.9491471159983407, 0.2983824808087062, -0.10043728062066812], [-0.029018715598984446, -0.4005731454200889, -0.9158051481146204]], "T": [-0.03194137743355383, -0.0489327115534061, -0.1012427593107607], "aligned_model": [[-0.19267113539068764, 0.17950207450841318, -0.49991521034117536, 0.4986188462918779, 0.6267349750708987, -0.7854579861856745, 0.09158629204145236, 0.5953587409235589, 0.1760649127759239, -0.6354036485868597, -0.07883214798550481, -0.4044845563722814, -0.07511787746601023], [0.7117893722573486, 0.41149180842917393, 0.14342250864022904, -0.3028644161001723, -0.18992364087566166, 0.14846044520395496, 0.16155448127789657, 0.4265495320161248, -0.6950013871105079, -0.570792207655287, -0.6674599573877735, -0.07711312140256402, -0.04128082372074452], [0.18937361934359942, -0.496592472137506, -0.6229012795014567, 0.31723288115441245, -0.37127116797391185, -0.0796457212270069, 0.5464482914281226, 0.11622328885335824, -0.2772425707109195, 0.05105771590262788, 0.3169184295347241, 0.4227662384245215, 0.000753096498079045]], "inverted": true, "swapped": true, "error_lsq": 0.04246481033855238, "error_max": 0.23932076220122334, "target": "521.xyz", "model": "2.xyz", "model_rescale": 3.932901565614263, "target_rescale": 3.8930580677484916},
{"mapping": [12, 8, 7, 11, 10, 1, 3, 0, 9, 5, 6, 2, 4, 13], "R": [[-0.805895177662489, 0.36291888706664577, -0.4677850404092172], [0.37364436238675025, -0.30112734649544054, -0.877332440782406], [-0.4592633809449047, -0.8818232263911642, 0.10707448024685101]], "T": [0.05516658496804727, -0.0070339847628324535, -0.019827729795729346], "aligned_model": [[-0.6275226220987319, 0.24335053919424846, 0.49170389257324576, -0.28301362522334783, -0.61417320149077, -0.02865811498764842, 0.4357435824934319, 0.5427821507072552, -0.10902595165755982, -0.2020126862838364, -0.4178909196883393, 0.0649635468509141, 0.39949288904787694, -0.046829904948984896], [-0.20140447673355466, -0.6571735186987607, -0.3588286540359028, -0.36203693921493074, 0.10292343343473198, 0.6033848587601123, -0.08099775451490543, 0.45106098453414134, -0.6433472170092092, -0.12082315492466203, 0.3474034674343377, 0.7837152033887087, 0.4251291353280864, -0.01582205491488654], [0.2617488469380731, -0.30389129894403444, 0.422233620117377, -0.7663635602369842, -0.25012982867418787, -0.43108297421408537, -0.35205654823242766, -0.056302218094316014, 0.30871331904514626, 0.6417692267018797, 0.3226382545735363, 0.2425071595229505, 0.6568559765913701, 0.034431036555423636]], "inverted": false, "swapped": false, "error_lsq": 0.044551023712110796, "error_max": 0.22478196466775896, "target": "521.xyz", "model": "3.xyz", "model_rescale": 3.9243930471874484, "target_rescale": 3.8930580677484916},
{"mapping": [12, 2, 7, 11, 5, 9, 10, 6, 3, 1, 4, 0, 13], "R": [[0.2409361294062532, 0.7381239333267953, -0.630176832799266], [0.08196983923790135, -0.6624607423892037, -0.7445983549864033], [-0.9670732790239042, 0.1277451519366816, -0.2201146273072926]], "T": [-0.012883598185128242, 0.006127149895173545, -0.1037996232835957], "aligned_model": [[-0.08360057859125464, -0.2886783894003739, 0.5035798852852196, 0.39554850734798336, 0.7013125850615456, -0.5128088649040152, -0.13873886349351114, 0.27335950554267013, 0.17436364531078863, -0.32953394551648035, 0.27055215734925103, -0.6054022529051275, -0.08274750477534343], [-0.5955816768999957, -0.07423594582473564, -0.266191185854831, -0.5774816240418215, 0.06260732406845687, -0.39829827157593967, -0.5009890951142295, 0.41739734672587187, 0.576907024246526, 0.6586867118142901, -0.011029659405137199, -0.08641707305635873, -0.07754432140050882], [-0.4384834100408681, -0.8825608379170428, -0.6747536308892019, 0.013167625935532598, 0.011881501996700697, -0.12992990350666478, 0.43157598720010226, -0.5061951726745271, 0.25477196398237467, -0.14881324780333108, 0.5373065304031371, 0.44397468401324924, -0.12487177532849733]], "inverted": false, "swapped": true, "error_lsq": 0.04904185375998861, "error_max": 0.2877789587458472, "target": "521.xyz", "model": "4.xyz", "model_rescale": 3.8936222436046832, "target_rescale": 3.8930580677484916},
{"mapping": [4, 0, 3, 5, 1, 8, 9, 2, 7, 11, 6, 13], "R": [[-0.47257874978981385, -0.8705615096867715, 0.13708385426076253], [-0.7713160136974454, 0.4838179780522508, 0.41351151269017183], [-0.4263108399524681, 0.0896817816801232, -0.9001201285237989]], "T": [-0.06536138095651235, -0.059029617045399344, -0.02764931389539257], "aligned_model": [[-0.021349299310034195, -0.6973101945353276, -0.26952586593278294, 0.47545225435387295, -0.602488969827668, -0.7457889963402436, -0.302175772205701, -0.016975552007889874, 0.6688468668702466, 0.49635579906470695, 0.12362884220857932, -0.08112107012266134], [-0.5050671694345124, -0.5685440567495815, 0.09547409290060084, -0.039093392047909584, 0.39628626215493445, 0.10636089594461674, -0.3646628723224559, 0.4189001433031011, 0.2079539268784198, -0.5100295771970288, 0.5393811248883729, -0.10803647320875026], [-0.5668716450757523, -0.0005344862783871161, -0.6787024953199969, -0.5111485173901779, -0.20739650895285336, 0.3142307944613702, 0.48681666432532505, 0.649279027336299, 0.21012856699751045, 0.01893575719590228, -0.16616915683782124, 0.07071671881410001]], "inverted": true, "swapped": true, "error_lsq": 0.04213801483874572, "error_max": 0.2289676643386983, "target": "521.xyz", "model": "5.xyz", "model_rescale": 3.6523030999806103, "target_rescale": 3.8930580677484916},
{"mapping": [4, 0, 9, 11, 12, 3, 8, 5, 1, 6, 2, 7, 13], "R": [[-0.16295299355625764, -0.9190523077092213, -0.35887209084214045], [-0.33415197634544974, 0.3936463538155099, -0.8563790077017213], [0.9283257933481568, -0.019631704513607906, -0.3712489967426257]], "T": [0.05416150150908777, -0.07357538533826484, 0.048649589691671144], "aligned_model": [[0.1318619387582222, -0.22249544939102323, 0.16046644005363686, 0.74443523164756, 0.5783824348957771, -0.3889514195821906, -0.48045655466045617, 0.3426651607802591, -0.6590616699050411, -0.11199951686199688, 0.0807515249150694, 0.6109659916103924, 0.09451879240408531], [-0.6403383934729645, 0.09517679044501283, 0.45725628554935355, -0.24154662944353888, 0.37780681859114934, -0.6149367459353632, 0.4718986440472988, -0.6937680270223213, -0.03894606178295869, -0.20579261669644733, 0.5988950623380651, -0.04476505958411864, 0.019886837130016113], [0.4540994861981424, 0.7934201018727741, 0.3966222647744613, 0.17673222657423032, 0.025974500845543633, 0.05054557761762325, 0.20311443144311686, -0.19378606522107505, -0.08641028006101766, -0.557905920635599, -0.4372171524195542, -0.5480236956813606, 0.09294426417450347]], "inverted": true, "swapped": true, "error_lsq": 0.04559844490983734, "error_max": 0.2703581089701077, "target": "521.xyz", "model": "6.xyz", "model_rescale": 4.08911054899281, "target_rescale": 3.8930580677484916},
{"mapping": [3, 1, 11, 2, 6, 7, 13, 12, 9, 8, 4, 5, 10, 14], "R": [[0.35099091611350275, 0.2294180800998418, 0.9078395900868759], [-0.013826018667528452, 0.9706857152289532, -0.23995433619391254], [-0.9362767849378781, 0.07166998516644624, 0.34387380710462984]], "T": [-0.012934018828512275, 0.01774379725652057, 0.04744507118364151], "aligned_model": [[-0.7427478242197826, 0.1133495397677439, 0.48799950909862116, -0.16049267658049304, -0.44055014188290964, -0.0923237932323819, 0.5311537538428422, 0.6032213224982863, -0.09294310972875916, -0.18824486324199147, -0.49620730456366235, -0.032191170958785376, 0.3429791942857335, 0.015907139403292078], [-0.22062379446447977, -0.6356696100900227, -0.2060944897442706, -0.17300202975924805, 0.05212329761668523, 0.5156391372170835, 2.965594102528543e-05, 0.3755615909751703, -0.6767638920298076, -0.07494366281602931, 0.39308032191544207, 0.7712244552683775, 0.2866471363221725, -0.13402480351879223], [0.23980966497162798, -0.26085582207397084, 0.25599502881534175, -0.7219586039373961, -0.20771265986205367, -0.5399955289650962, -0.44199259305829514, 0.029530276627988336, 0.4021490643994944, 0.6999970736028482, 0.39732921522845205, 0.15878818806645062, 0.6133882463099257, 0.10659946152440393]], "inverted": false, "swapped": false, "error_lsq": 0.04054714530033971, "error_max": 0.29188276895161874, "target": "521.xyz", "model": "7.xyz", "model_rescale": 3.964800864290218, "target_rescale": 3.8930580677484916},
{"mapping": [1, 3, 10, 0, 2, 4, 6, 11, 5, 8, 7, 12, 9, 13], "R": [[0.6008891449176836, -0.48321565733674754, -0.6367376728486469], [-0.7324115243582746, -0.6519054302488587, -0.19645016925225456], [-0.32016494890491065, 0.5843987838083392, -0.7456356127332242]], "T": [-0.034754533639777804, 0.0017872531808682604, -0.010474544659833787], "aligned_model": [[-0.7257030315157912, 0.1505336627933314, 0.5919429914929665, -0.3610102086823647, -0.4891835807804297, 0.10209597678140499, 0.32621694217679903, 0.6573607490896806, 0.07459643233422118, -0.14115316932239863, -0.5872862582180554, -0.03738178201141022, 0.3095044220216641, -0.02162357167186373], [-0.24580971567087856, -0.6107173411666433, -0.3186354512814675, -0.35668833676076817, 0.280339869931429, 0.5325064862773046, 0.00461956121800795, 0.4560127644023477, -0.6624559920119985, -0.06057619072115452, 0.3267789100528841, 0.687403690420491, 0.2542002982322722, -0.013795240088519721], [0.14574903061196315, -0.35175024240018415, 0.4134517643430023, -0.5379324656746245, -0.40355393685732166, -0.45172552588575093, -0.4645641777241925, -0.052770464812823895, 0.4854024566465221, 0.7483717590122849, 0.2992709658158619, 0.3066975471789817, 0.5295533739919576, 0.06487092740404583]], "inverted": true, "swapped": false, "error_lsq": 0.03810673603668395, "error_max": 0.21350574648625403, "target": "521.xyz", "model": "8.xyz", "model_rescale": 4.121658175737393, "target_rescale": 3.8930580677484916},
{"mapping": [0, 1, 3, 4, 8, 9, 6, 7, 5, 2, 10, 11, 13], "R": [[0.2987628088768859, 0.5972975455760875, -0.7442959264168891], [-0.7969128997336078, 0.5852346169364581, 0.149767397578413], [0.5250434403648583, 0.548394096602087, 0.6508404570567312]], "T": [-0.02002947928812343, -0.04168582506492202, -0.03500396863754456], "aligned_model": [[-0.6454875239976876, -0.20933063850646022, 0.25078830281829256, 0.22385477923780467, -0.7019281217264914, -0.5836431548697891, 0.3559313834231838, 0.465109342628456, 0.6859317422136257, -0.26754105404381334, -0.2625342800042324, 0.26849970709964693, -0.10291298783733864], [0.36934253566786246, -0.4927515597442808, -0.04532125886892201, 0.5301436450327403, -0.3648668484139519, 0.09261176346761224, -0.5591211936475489, -0.2766424283898067, 0.12439666439111682, -0.669189847769098, 0.6612509467909855, 0.4422774074658159, -0.021742386570815016], [-0.3505311498895692, -0.5724352896696401, -0.6800383017329394, -0.3593167952213748, -0.22939027896239236, 0.24512415881888422, -0.09757022513132063, 0.5784420375996037, -0.06115127092132804, 0.4486971222073548, 0.04687884067863108, 0.41624742626019257, 0.03611915992298707]], "inverted": false, "swapped": true, "error_lsq": 0.05182115282479695, "error_max": 0.32312148093929904, "target": "521.xyz", "model": "9.xyz", "model_rescale": 3.833441315466971, "target_rescale": 3.8930580677484916},
{"mapping": [4, 2, 8, 5, 1, 0, 13, 10, 3, 7, 6, 12, 11, 14], "R": [[0.43408238403488003, 0.06872911792070957, 0.8982476229973763], [0.8195344664677837, -0.44415800868430844, -0.3620592791145606], [0.3740798606473762, 0.893308441509108, -0.2491270482838197]], "T": [-0.017266307826118005, 0.056661682306805815, 0.09894865558641654], "aligned_model": [[-0.7193696987182181, 0.176511277312227, 0.7261298796152886, -0.2640047385582928, -0.4261119369015145, 0.10614612668912184, 0.30068522620064597, 0.6694733014306912, -0.24495280792584972, 0.028097772780051208, -0.6523891933871169, -0.15592243666805947, 0.3037918799001168, 0.0008249227186626247], [-0.32134802692235004, -0.5833950243010846, -0.0912920195500086, -0.2181457042033856, 0.49686021573441186, 0.3813590334852516, -0.18600078974048925, 0.4987374522965443, -0.7245489909315462, -0.14838994329501076, 0.2470534656920326, 0.6248343616289349, 0.326907758101024, -0.029448475161017736], [0.09045934957572913, -0.1645431180078406, 0.2806934573860444, -0.46765195206086874, -0.3307947977295743, -0.4868533270394442, -0.590767436791149, 0.005611277298535014, 0.4025776914812859, 0.7312538886903547, 0.24591619316182411, 0.24377386650375948, 0.6367458103346935, 0.13465010884637157]], "inverted": false, "swapped": false, "error_lsq": 0.04794067336849859, "error_max": 0.28119227211653275, "target": "521.xyz", "model": "10.xyz", "model_rescale": 4.2482417240324, "target_rescale": 3.8930580677484916},
{"mapping": [2, 8, 1, 0, 7, 5, 6, 4, 9, 11, 12, 13], "R": [[-0.9216998537620823, -0.12626359023000244, -0.36677906886460454], [0.08830203813617732, 0.8524214146344008, -0.5153450125243129], [0.37771964422829984, -0.5073807620071116, -0.7745273608524942]], "T": [0.0756208783649557, 0.08288175793324304, 0.013972441026993423], "aligned_model": [[-0.6682342047707728, 0.08685398676457137, 0.24272796227696775, 0.6230960318862825, -0.5902122126438133, 0.14200117522259093, -0.21748620136237368, 0.6598188096810729, -0.021021016528934386, -0.011034970069519298, -0.4075703871070888, 0.03782662901402367], [-0.2787571009670675, -0.6920716654084406, -0.34545869146442365, -0.4038716094061532, 0.5556785642522928, 0.7854127830679454, 0.23548124359787292, 0.45006513057791653, -0.33797473655962285, 0.5986040284445968, 0.07262382024403452, 0.026399623671688577], [0.08387933953443395, 0.09483515790325948, 0.5767577754359203, -0.336800415374407, 0.010848437650499936, 0.1833599727321139, 0.5651549010083698, -0.11067278276822633, -0.4632153004072022, -0.4836404877309505, -0.48149563702148723, -0.07381867110796747]], "inverted": false, "swapped": true, "error_lsq": 0.044678725917719014, "error_max": 0.23725762883687337, "target": "521.xyz", "model": "11.xyz", "model_rescale": 3.6694154284099745, "target_rescale": 3.8930580677484916},
{"mapping": [6, 7, 12, 9, 11, 8, 10, 2, 5, 0, 4, 3, 1, 13], "R": [[-0.7310452703212296, 0.6589868928034963, -0.17694374205988248], [0.6717032137783652, 0.6494546138847315, -0.3564035593307826], [-0.11994834446867844, -0.37940081657401337, -0.9174243375026605]], "T": [-0.018521612708326085, -0.052288845678846424, 0.053504746798981456], "aligned_model": [[-0.5027643763224653, -0.0035636028693111915, 0.5690810503834146, -0.10361797507916475, -0.6259102601256006, 0.007304689710863975, 0.4580034949751805, 0.46517906156584493, -0.05554725817618147, -0.15612099945864868, -0.4608483324017505, -0.0401806906736112, 0.32895918631405685, -0.031064413354873317], [-0.311502252423263, -0.681118036961561, -0.28091844819224976, -0.08905419524056687, 0.13280467289298328, 0.5158101538591826, -0.20420398403615572, 0.3822419684058007, -0.7872633575248968, -0.11154035033803866, 0.4389970099941508, 0.8034336732036589, 0.4877618880656469, -0.022265428871384416], [0.18830900899037029, -0.34211555677747485, 0.3069216275479688, -0.7440497560865232, -0.3231224817419035, -0.445688983268147, -0.338125690978197, -0.005910762202989611, 0.3744601346506742, 0.7522847782731323, 0.3861666334214169, 0.14580185196699422, 0.6049354254834041, 0.17120478237099512]], "inverted": false, "swapped": false, "error_lsq": 0.042084005820376975, "error_max": 0.22197215127835107, "target": "521.xyz", "model": "12.xyz", "model_rescale": 3.9764082729961374, "target_rescale": 3.8930580677484916},
{"mapping": [4, 7, 1, 3, 14, 11, 8, 10, 0, 9, 6, 13, 12, 15], "R": [[0.5569094766047329, 0.8291871198126106, -0.047964103293089366], [-0.4291129765069685, 0.23780140609853048, -0.8713854168224829], [-0.7111356328163938, 0.5058648155331912, 0.48824880967023165]], "T": [-0.026977472800424986, -0.0030849957827445637, 0.16312121486255587], "aligned_model": [[-0.6048589881127491, -0.15812240757255627, 0.5906963777227049, -0.17365579441886117, -0.4483122511693641, 0.16007955824050807, 0.40858606650839613, 0.6520568865900251, -0.03946517179410053, 0.1299536626047862, -0.7165775471608796, -0.1372135830805275, 0.2909890267278363, -0.10524626059746409], [-0.4260791289468849, -0.6785904804104206, -0.06546013395164305, -0.12324512989978559, 0.4582156966833014, 0.4693586780322193, -0.09583787798693696, 0.3818519074428751, -0.6796814477481989, -0.22566939844136638, 0.31744166797270723, 0.597760189260614, 0.382769002311514, -0.03965023148468827], [0.21782623609715232, -0.14917198910533785, 0.2969529554151495, -0.6569339414835187, -0.3353632033916289, -0.4470847675399294, -0.38581789170222264, -0.028927784771747206, 0.426121656048238, 0.6991509985044335, 0.23642333599889626, 0.19936497001326306, 0.5596404858705213, 0.09888995169645215]], "inverted": true, "swapped": false, "error_lsq": 0.043957811345257135, "error_max": 0.295590307751046, "target": "521.xyz", "model": "13.xyz", "model_rescale": 4.170626492500431, "target_rescale": 3.8930580677484916},
{"mapping": [8, 0, 9, 2, 4, 6, 3, 11, 7, 10, 12, 5, 11, 13], "R": [[0.7185364804919057, 0.6076634943538022, -0.33830519332701936], [0.5405937758393817, -0.7940150734706102, -0.2780259567471749], [-0.43756564733308956, 0.016886110599784454, -0.8990278992015688]], "T": [-0.026059934614845355, -0.10447879813837031, -0.021139115827241442], "aligned_model": [[-0.6499895218993782, -0.12179020568112264, 0.5992561928518068, -0.13367520582808753, -0.6807667750707023, 0.17461473731421798, 0.5684107287958389, 0.42835797047981017, -0.1900436684374194, -0.03362898431870066, -0.42874279013373506, -0.12170356807904589, 0.42835797047981017, 0.010252694014461376], [-0.2914279231046353, -0.6440236641828784, -0.21300607631283897, -0.16380188305711807, 0.07220246266110696, 0.6020240183970474, -0.030214320932077876, 0.382868668894278, -0.7874694430268259, -0.13906807241433772, 0.3199381949422943, 0.7922832512733374, 0.382868668894278, -0.009990569198323834], [0.3356776264792592, -0.25690480301363733, 0.4823566727212127, -0.6675382898936751, -0.22899920275024077, -0.4311058380179235, -0.3625523876829508, 0.2147771087894474, 0.3839076924866458, 0.5419546566178741, 0.41865953701482095, 0.09671651818703057, 0.2147771087894474, -0.010655388077589582]], "inverted": true, "swapped": false, "error_lsq": 0.05283402200155438, "error_max": 0.3988452612788102, "target": "521.xyz", "model": "14.xyz", "model_rescale": 3.9786697098870705, "target_rescale": 3.8930580677484916},
{"mapping": [5, 3, 7, 11, 6, 2, 0, 8, 12, 10, 1, 13], "R": [[-0.5532910399042026, -0.5642298153204817, -0.6127917596256837], [-0.7248657482786358, 0.6885861035836122, 0.020465212532318006], [0.41041280698119065, 0.4555149761039198, -0.789979388598757]], "T": [-0.008955231361062993, -0.025792195125895444, -0.034737821938771146], "aligned_model": [[-0.005588051069769034, -0.6405990615189469, 0.6305974371282883, 0.4459009011418865, -0.044266321125464, 0.47458875330710837, -0.3607812369925746, -0.22849292647354283, 0.6517426127158945, 0.04830258466883994, -0.5459207881610875, 0.05787069314670379], [-0.31561462327140627, -0.06415043420314163, 0.11190605213573016, -0.5583291718947224, 0.41637542336994937, 0.6309071058162575, -0.31458979424025374, 0.4165321618882806, -0.05996396779631343, -0.6745930604739561, 0.4574643421100794, -0.03126954321606426], [-0.7000497361756974, -0.3330321324345862, -0.5235034728125896, -0.20968807296665778, -0.4997554468691363, 0.11992719177093994, 0.6379537044197799, 0.5680640805720116, 0.1686787198266136, 0.3332464952354349, 0.04437450793890155, 0.05375065536881592]], "inverted": true, "swapped": true, "error_lsq": 0.04530622025714451, "error_max": 0.2332729445059852, "target": "521.xyz", "model": "15.xyz", "model_rescale": 3.769337070930944, "target_rescale": 3.8930580677484916},
{"mapping": [10, 8, 11, 12, 4, 3, 5, 1, 7, 2, 13], "R": [[-0.036628901168837824, 0.11185477166951216, -0.9930492604367244], [0.24821262473641095, 0.9635942012291987, 0.09938162948414844], [0.9680128183658653, -0.24284712354117813, -0.06305916322907108]], "T": [0.002162996334097309, -0.0209737217823427, -0.019175006140713005], "aligned_model": [[-0.2781114328922185, -0.40501364960393466, -0.0672792658353972, -0.535624782331857, 0.3610791323009139, 0.6073917839774932, 0.5702124123963771, 0.20078218039292925, 0.029899756691571387, -0.4529298620400963, -0.1077801423646105], [0.16646858122686603, -0.6773303282338721, 0.6559886653862569, 0.3917700305122015, 0.10269359152813551, -0.333077635632972, 0.4298393450676166, -0.6906177758182533, 0.6126067481958352, -0.05263514063875168, -0.009641583967720666], [-0.6869662200867637, 0.08388300773501679, -0.26000071452774837, 0.1204478456369432, -0.6086942058932964, -0.17953098489618863, -0.04629991450026323, 0.18146126009172409, 0.4953021505261156, 0.6742787185196392, -0.02966333538140133]], "inverted": false, "swapped": true, "error_lsq": 0.050883470983467925, "error_max": 0.25098414086934107, "target": "521.xyz", "model": "16.xyz", "model_rescale": 3.7852294659196426, "target_rescale": 3.8930580677484916},
{"mapping": [6, 12, 9, 2, 7, 11, 4, 10, 8, 1, 3, 0, 13], "R": [[0.2701937195825186, 0.9392604770755508, -0.2116249278841518], [0.6381337707323562, -0.010112595909804345, 0.7698590949354759], [0.7209581434099127, -0.3430561056267242, -0.6021061898395981]], "T": [-0.05277806296696522, 0.13083834421750073, -0.05633681937263953], "aligned_model": [[-0.16416737170500845, -0.287676595636123, 0.2115973821417099, 0.08383001887470345, -0.687921960107555, -0.6641644565994969, -0.2523925134863897, -0.11422954279022016, 0.6909778482770115, 0.5140886784791279, 0.06678128793308138, 0.48654068462866173, -0.029497609793219717], [0.12228647614861082, -0.46622875207305503, -0.2671219816849991, -0.6175066543664336, -0.284023862390275, 0.06128719214875622, 0.7231705658298464, 0.24922394656124325, -0.10155645701261415, 0.3236375441911823, 0.7703090948687247, 0.31404283674780686, 0.04753567473408035], [-0.6892031203034976, 0.20328059636869272, 0.3748257815237512, -0.3884633291583858, -0.3585980706081763, 0.3211107109719911, 0.26137986936013674, 0.6797623878299727, -0.06246633034669395, -0.4681841413759951, -0.3136449984686839, 0.5226889862146732, 0.01326635513538875]], "inverted": true, "swapped": true, "error_lsq": 0.05003049928164131, "error_max": 0.3241724280865162, "target": "521.xyz", "model": "17.xyz", "model_rescale": 3.901054581598922, "target_rescale": 3.8930580677484916},
{"mapping": [11, 4, 5, 1, 7, 0, 8, 2, 10, 9, 12, 3, 13, 14], "R": [[0.9727930993463807, -0.16354196314311276, 0.16409635021949642], [-0.23160627896351627, -0.6691717962449664, 0.7060932223544986], [-0.005667222312277634, -0.7248883592675374, -0.6888430512022903]], "T": [-0.027935612945652916, -0.042691716380504896, 0.012513614419022878], "aligned_model": [[-0.6931808885435307, 0.11681804389644299, 0.47884845963590483, -0.19296910220953015, -0.5615037801940972, 0.013659954515377395, 0.5395929550977285, 0.6305864839411879, -0.07970294704032588, -0.011701381884883705, -0.5059989949187288, -0.05198919488863003, 0.22428134345733378, -0.0578313763764952], [-0.2651121018299929, -0.7130634678435721, -0.11972705258404605, -0.06878944130942499, 0.25449667911472135, 0.5081838299360721, -0.23299770625523125, 0.457144685770342, -0.8030102967483359, -0.18527678927603963, 0.38130930385322354, 0.7183195474338655, 0.37299834048706354, -0.031292217915338524], [0.3929198240921573, -0.3814686993730921, 0.36933500916614026, -0.6640722305487539, -0.24567448034786094, -0.5074002820460485, -0.27404040633849885, -0.003307921055241525, 0.3153164340839616, 0.655627576375638, 0.3915302918020024, 0.07325216112654964, 0.55204172473843, 0.05701200997433782]], "inverted": true, "swapped": false, "error_lsq": 0.03336511416193039, "error_max": 0.24226924292721438, "target": "521.xyz", "model": "18.xyz", "model_rescale": 3.9405287249114394, "target_rescale": 3.8930580677484916},
{"mapping": [2, 1, 14, 0, 8, 7, 12, 13, 3, 10, 5, 9, 11, 15], "R": [[0.3033867180990545, -0.08614153384097714, -0.9489658241626033], [0.04911110579551778, -0.9931680825277521, 0.10585489660705416], [-0.9516010711262501, -0.0787197306631092, -0.2970834990969731]], "T": [0.05655167709398998, 0.005803256871367863, -0.0739309873934451], "aligned_model": [[-0.5933246614497704, -0.22377917498576774, 0.6246535900877439, -0.280324735947869, -0.5487219568017889, 0.08415919115410644, 0.46364119808417115, 0.5855800992055342, 0.2499782501324331, 0.011814416374338527, -0.6301733690188682, -0.060678670846031985, 0.13146942653955213, 0.03461597195997042], [-0.25732630855078376, -0.5778669587339671, -0.15366809158936748, -0.1669819547827374, 0.3195188341018582, 0.6124280019899349, -0.313460771433738, 0.3849909129669016, -0.7753676995927331, -0.2573026307383628, 0.3611900092046352, 0.7446882096836414, 0.35812303856237104, -0.005781278254346156], [0.4396338667532849, -0.20145791304798144, 0.42763462900099797, -0.6478071159487703, -0.4018006570024162, -0.4301188489477055, -0.25417433495383146, 0.09242854925808604, 0.20497167034493308, 0.6654457138589842, 0.23163669752459976, 0.09728793383315608, 0.5501453734367278, -0.042754552460344]], "inverted": true, "swapped": false, "error_lsq": 0.047759598209933404, "error_max": 0.33235521762444176, "target": "521.xyz", "model": "19.xyz", "model_rescale": 4.410303926677745, "target_rescale": 3.8930580677484916},
{"mapping": [1, 3, 10, 0, 2, 4, 6, 11, 5, 8, 7, 12, 9, 13], "R": [[0.6008891449176836, -0.48321565733674754, -0.6367376728486469], [-0.7324115243582746, -0.6519054302488587, -0.19645016925225456], [-0.32016494890491065, 0.5843987838083392, -0.7456356127332242]], "T": [-0.034754533639777804, 0.0017872531808682604, -0.010474544659833787], "aligned_model": [[-0.7257030315157912, 0.1505336627933314, 0.5919429914929665, -0.3610102086823647, -0.4891835807804297, 0.10209597678140499, 0.32621694217679903, 0.6573607490896806, 0.07459643233422118, -0.14115316932239863, -0.5872862582180554, -0.03738178201141022, 0.3095044220216641, -0.02162357167186373], [-0.24580971567087856, -0.6107173411666433, -0.3186354512814675, -0.35668833676076817, 0.280339869931429, 0.5325064862773046, 0.00461956121800795, 0.4560127644023477, -0.6624559920119985, -0.06057619072115452, 0.3267789100528841, 0.687403690420491, 0.2542002982322722, -0.013795240088519721], [0.14574903061196315, -0.35175024240018415, 0.4134517643430023, -0.5379324656746245, -0.40355393685732166, -0.45172552588575093, -0.4645641777241925, -0.052770464812823895, 0.4854024566465221, 0.7483717590122849, 0.2992709658158619, 0.3066975471789817, 0.5295533739919576, 0.06487092740404583]], "inverted": true, "swapped": false, "error_lsq": 0.03810673603668395, "error_max": 0.21350574648625403, "target": "521.xyz", "model": "20.xyz", "model_rescale": 4.121658175737393, "target_rescale": 3.8930580677484916},
{"mapping": [4, 0, 9, 11, 12, 3, 8, 5, 1, 6, 2, 7, 13], "R": [[-0.16295299355625764, -0.9190523077092213, -0.35887209084214045], [-0.33415197634544974, 0.3936463538155099, -0.8563790077017213], [0.9283257933481568, -0.019631704513607906, -0.3712489967426257]], "T": [0.05416150150908777, -0.07357538533826484, 0.048649589691671144], "aligned_model": [[0.1318619387582222, -0.22249544939102323, 0.16046644005363686, 0.74443523164756, 0.5783824348957771, -0.3889514195821906, -0.48045655466045617, 0.3426651607802591, -0.6590616699050411, -0.11199951686199688, 0.0807515249150694, 0.6109659916103924, 0.09451879240408531], [-0.6403383934729645, 0.09517679044501283, 0.45725628554935355, -0.24154662944353888, 0.37780681859114934, -0.6149367459353632, 0.4718986440472988, -0.6937680270223213, -0.03894606178295869, -0.20579261669644733, 0.5988950623380651, -0.04476505958411864, 0.019886837130016113], [0.4540994861981424, 0.7934201018727741, 0.3966222647744613, 0.17673222657423032, 0.025974500845543633, 0.05054557761762325, 0.20311443144311686, -0.19378606522107505, -0.08641028006101766, -0.557905920635599, -0.4372171524195542, -0.5480236956813606, 0.09294426417450347]], "inverted": true, "swapped": true, "error_lsq": 0.04559844490983734, "error_max": 0.2703581089701077, "target": "521.xyz", "model": "21.xyz", "model_rescale": 4.08911054899281, "target_rescale": 3.8930580677484916},
{"mapping": [11, 2, 0, 14, 9, 12, 13, 7, 1, 8, 5, 10, 6, 16], "R": [[-0.31510781430927653, 0.7104167153844786, 0.6292973509109662], [-0.48900126255398996, -0.6898178441423327, 0.5338811732243688], [0.8133786514175515, -0.13949706952174062, 0.5647616639016961]], "T": [-0.01907308145633626, -0.07413395319179762, -0.012032962149727211], "aligned_model": [[-0.6486794858039961, 0.06525752368361151, 0.6555482598971405, -0.23242528665837367, -0.5110768508436714, 0.06227352222459429, 0.4828381344114028, 0.4905641834178651, -0.05474372744320797, -0.21388553762441082, -0.5015131006096292, -0.06228985560837815, 0.28888082923616787, 0.028160966208639227], [-0.32397688303004546, -0.7658481508408402, -0.24193033222422383, -0.0815860079191107, 0.3734880509083682, 0.43220352862823674, 0.07422621627328478, 0.4199871144170689, -0.7138183975784681, -0.12319614616011954, 0.35519382779275743, 0.7226954399648868, 0.22362219846263653, -0.07787714586112474], [0.34443206597042236, -0.2009076485974461, 0.329741552923174, -0.6172171402003703, -0.2672082821094045, -0.5430457591780185, -0.4155231820196742, 0.031675352917901134, 0.45650710859197113, 0.6515957188180068, 0.2719711546204636, 0.10767768001870398, 0.5979422763579549, -0.016569886463963283]], "inverted": true, "swapped": false, "error_lsq": 0.031317168797539915, "error_max": 0.18782905714705278, "target": "521.xyz", "model": "22.xyz", "model_rescale": 4.204369325754507, "target_rescale": 3.8930580677484916},
{"mapping": [2, 1, 14, 0, 8, 7, 12, 13, 3, 10, 5, 9, 11, 15], "R": [[0.3033867180990545, -0.08614153384097714, -0.9489658241626033], [0.04911110579551778, -0.9931680825277521, 0.10585489660705416], [-0.9516010711262501, -0.0787197306631092, -0.2970834990969731]], "T": [0.05655167709398998, 0.005803256871367863, -0.0739309873934451], "aligned_model": [[-0.5933246614497704, -0.22377917498576774, 0.6246535900877439, -0.280324735947869, -0.5487219568017889, 0.08415919115410644, 0.46364119808417115, 0.5855800992055342, 0.2499782501324331, 0.011814416374338527, -0.6301733690188682, -0.060678670846031985, 0.13146942653955213, 0.03461597195997042], [-0.25732630855078376, -0.5778669587339671, -0.15366809158936748, -0.1669819547827374, 0.3195188341018582, 0.6124280019899349, -0.313460771433738, 0.3849909129669016, -0.7753676995927331, -0.2573026307383628, 0.3611900092046352, 0.7446882096836414, 0.35812303856237104, -0.005781278254346156], [0.4396338667532849, -0.20145791304798144, 0.42763462900099797, -0.6478071159487703, -0.4018006570024162, -0.4301188489477055, -0.25417433495383146, 0.09242854925808604, 0.20497167034493308, 0.6654457138589842, 0.23163669752459976, 0.09728793383315608, 0.5501453734367278, -0.042754552460344]], "inverted": true, "swapped": false, "error_lsq": 0.047759598209933404, "error_max": 0.33235521762444176, "target": "521.xyz", "model": "23.xyz", "model_rescale": 4.410303926677745, "target_rescale": 3.8930580677484916},
{"mapping": [6, 9, 4, 11, 7, 1, 10, 3, 15, 5, 12, 0, 2, 16], "R": [[-0.060125217360001926, 0.9959648608761875, 0.06662547663836843], [0.10595404001545672, -0.06000132765435068, 0.9925591076022218], [0.9925516105683452, 0.0667370705050237, -0.1019189078561577]], "T": [-0.10443627250505319, -0.10456525308109069, -0.029495819166100043], "aligned_model": [[-0.6680237399170417, 0.08562458841949405, 0.47759607737766463, -0.18816032855162423, -0.4540973271373363, 0.1522035100949117, 0.44911591212482815, 0.5785578783548146, -0.15934953872783358, -0.07690212932240065, -0.557451011450052, -0.11369764221127729, 0.34917779938719085, -0.02568447395358449], [-0.35967193015662147, -0.6538400712781831, -0.0855641610412478, -0.22328926365748253, 0.37757974373739334, 0.5010220271447031, -0.21442728716717818, 0.4774714824418409, -0.7493950649506237, -0.12818863037448835, 0.30608458615676104, 0.5993000137430774, 0.44013496156091103, -0.014033093325555163], [0.41230485947464085, -0.2631494664039618, 0.33760317999141026, -0.6456259826563566, -0.3247994689888572, -0.5806177816989918, -0.3539865873453629, 0.03377513014777371, 0.2713251205169582, 0.5984260234483957, 0.4923472517050374, 0.24413481558789668, 0.5453345046066421, -0.03600058673550302]], "inverted": true, "swapped": false, "error_lsq": 0.03649392110820752, "error_max": 0.2693127333716924, "target": "521.xyz", "model": "24.xyz", "model_rescale": 4.28219845311461, "target_rescale": 3.8930580677484916},
{"mapping": [4, 9, 5, 13, 2, 14, 11, 10, 3, 1, 0, 6, 8, 15], "R": [[-0.5944732748173991, -0.36209041213162935, 0.7179777565985065], [-0.5228204919194137, 0.8524375763452134, -0.0029852410021810327], [-0.6109502915598123, -0.37714812988671387, -0.6960596449773072]], "T": [-0.041026617757927736, -0.08937848416714711, -0.05532623168424258], "aligned_model": [[-0.7020828705713622, 0.2632760065969366, 0.6427833749845653, -0.3244543936204608, -0.5113825237571393, 0.11158690892162756, 0.45399326217487257, 0.5067899456762393, -0.17900010852963802, -0.02029969380437649, -0.5730405896208439, -0.07545110719992021, 0.34983090221147706, -0.09363953897422343], [-0.28686364572682477, -0.6760894082986455, -0.29172679887311725, -0.19729666775318228, 0.35473093359733104, 0.4918356734314986, -0.04321633498860118, 0.48465765175448916, -0.6755546419675953, -0.1688489495650598, 0.32758925429738917, 0.763175612738506, 0.24537363815767188, -0.05458300397055337], [0.18685720004823717, -0.1969026710884572, 0.4102269170273809, -0.5661479407551404, -0.2796299791618013, -0.5233474271187596, -0.2773655203318334, -0.06451025646721967, 0.4319172112992391, 0.5796007236417494, 0.4014595067733199, 0.2347834050689445, 0.4106324280820717, -0.016502585368009692]], "inverted": false, "swapped": false, "error_lsq": 0.03740716285910785, "error_max": 0.2552918633352638, "target": "521.xyz", "model": "25.xyz", "model_rescale": 4.100010024507729, "target_rescale": 3.8930580677484916},
{"mapping": [2, 8, 1, 0, 7, 5, 6, 4, 9, 11, 12, 13], "R": [[-0.9216998537620823, -0.12626359023000244, -0.36677906886460454], [0.08830203813617732, 0.8524214146344008, -0.5153450125243129], [0.37771964422829984, -0.5073807620071116, -0.7745273608524942]], "T": [0.0756208783649557, 0.08288175793324304, 0.013972441026993423], "aligned_model": [[-0.6682342047707728, 0.08685398676457137, 0.24272796227696775, 0.6230960318862825, -0.5902122126438133, 0.14200117522259093, -0.21748620136237368, 0.6598188096810729, -0.021021016528934386, -0.011034970069519298, -0.4075703871070888, 0.03782662901402367], [-0.2787571009670675, -0.6920716654084406, -0.34545869146442365, -0.4038716094061532, 0.5556785642522928, 0.7854127830679454, 0.23548124359787292, 0.45006513057791653, -0.33797473655962285, 0.5986040284445968, 0.07262382024403452, 0.026399623671688577], [0.08387933953443395, 0.09483515790325948, 0.5767577754359203, -0.336800415374407, 0.010848437650499936, 0.1833599727321139, 0.5651549010083698, -0.11067278276822633, -0.4632153004072022, -0.4836404877309505, -0.48149563702148723, -0.07381867110796747]], "inverted": false, "swapped": true, "error_lsq": 0.044678725917719014, "error_max": 0.23725762883687337, "target": "521.xyz", "model": "26.xyz", "model_rescale": 3.6694154284099745, "target_rescale": 3.8930580677484916},
{"mapping": [12, 10, 4, 9, 3, 7, 8, 5, 11, 2, 6, 1, 0, 13], "R": [[-0.803877017657268, 0.5623886887788719, -0.19365098299786063], [0.15154157732812618, -0.12117920031809881, -0.980994776617679], [-0.5751668373814333, -0.8179453307794156, 0.012187905184759096]], "T": [0.04070178106055374, 0.0072900834376998114, 0.0041048938017544875], "aligned_model": [[-0.7091601767419905, 0.2453501407716844, 0.738860167000482, -0.24291097805134212, -0.5988716530563429, -0.01854090874265655, 0.5066412075500053, 0.5112944965204804, -0.388221028355954, -0.07272717787210525, -0.4518549108199257, -0.0649517462503788, 0.36102209849182815, 0.03298004404396916], [-0.2173307922064303, -0.5576916176208436, -0.2972362742354331, -0.3364034441769166, 0.30779128891967295, 0.40803277254444986, -0.1470678080825148, 0.6424245877184797, -0.7016597440874485, -0.22656146867826324, 0.3117168197561892, 0.8283495362667816, 0.2703191479709067, -0.011499691255323343], [0.134432633837593, -0.02427549078293895, 0.31292383058027473, -0.5119397723029456, -0.3876553239454578, -0.4775839326731961, -0.4050787869556334, -0.029438471402272064, 0.22679489101650302, 0.6322585127929142, 0.3727547267091125, 0.31126179309349394, 0.519026197094457, 0.057590204587816905]], "inverted": false, "swapped": false, "error_lsq": 0.05127608769691271, "error_max": 0.3564497734556703, "target": "521.xyz", "model": "27.xyz", "model_rescale": 4.103607728864725, "target_rescale": 3.8930580677484916},
