[{"mapping": [3, 2, 8, 11, 9, 1, 4, 0, 7, 6, 10, 12], "R": [[0.8586949544650401, -0.3275148173445253, -0.39417891825421764], [-0.46368359280602184, -0.16892870721049846, -0.8697474447462833], [0.21826704043162887, 0.9296220394870015, -0.2969214757494746]], "T": [-0.08377502876139192, -0.10858257559428369, 0.10379406182534555], "aligned_model": [[-0.3601809581087844, 0.20239103227186295, 0.3126928961103774, 0.020804057398724596, -0.1347211546243859, -0.616966508058217, 0.3829682207550243, -0.16279710760378424, 0.7036624879475162, 0.14018342145921228, -0.6236912741020333, -0.026702650984964146], [-0.2579955853814887, -0.6830860750824468, -0.1771939987088432, 0.6462510539088804, 0.3055134051231941, -0.6017517740251217, -0.2583959831859268, -0.5657406748173437, 0.15530219869547973, 0.414451330840852, 0.1263647025498333, -0.05016356394001176], [-0.4612251840455982, -0.00932606312356525, -0.5880948814456706, -0.11204469956143424, -0.6066893327798403, 0.02078566310881448, 0.5478668242790798, 0.6509797525935718, 0.08622053146112853, 0.5098454037065486, 0.12845199312312672, 0.015181738037401346]], "inverted": true, "swapped": true, "error_lsq": 0.037980222813952275, "error_max": 0.24070300382512758, "target": "522.xyz", "model": "0.xyz", "model_rescale": 3.751011558992144, "target_rescale": 3.8003611672069586},
{"mapping": [2, 13, 5, 9, 8, 3, 1, 4, 10, 11, 12, 6, 14], "R": [[0.9021447309468456, 0.4314332515435112, 0.0004836191034651993], [0.15891689430739822, -0.3333435082519094, 0.9293156224932413], [0.401098872011048, -0.8383003369729152, -0.3692861220010336]], "T": [-0.011607552663227168, -0.0035992712657726827, 0.08826982039198741], "aligned_model": [[-0.29957890912593255, 0.1632175314407915, -0.34541830788964295, 0.10901166390909436, -0.6554899884590748, 0.405586669485277, -0.10666451820781075, -0.5871798371736439, -0.25158652445026614, 0.5357562948164158, 0.7057033886097331, 0.29516210960309297, 0.03234979218249031], [-0.6691272042249606, -0.22950062291480267, 0.020562531535902887, 0.36752015827171264, -0.16295385958839587, -0.611748759028315, -0.1921758136543844, 0.3514428182868699, 0.7765883684223533, 0.5762741684045011, -0.03653911404603298, 0.35785395652373625, 0.015381202056350334], [-0.3090753322098889, -0.5794928377371888, -0.4390561072620236, -0.442683091783419, 0.10924066191078292, -0.11049906815155944, 0.7524148425054172, 0.49843518930964936, 0.009713546888420993, 0.11777577511172849, -0.10240027260878334, 0.6704808506067147, 0.06159950149718713]], "inverted": false, "swapped": false, "error_lsq": 0.040177126464150545, "error_max": 0.2114154729881513, "target": "522.xyz", "model": "1.xyz", "model_rescale": 3.9405287249114394, "target_rescale": 3.8003611672069586},
{"mapping": [9, 8, 2, 4, 5, 10, 11, 0, 1, 7, 3, 6, 12], "R": [[0.8016035493870798, -0.3954019863898708, 0.44842950256308994], [0.5630293826127503, 0.7515326633349061, -0.3437972807563318], [-0.20107129065269644, 0.5280681064973411, 0.82505418669053]], "T": [0.010783522111544935, 0.09945765415272712, 0.02519639962420102], "aligned_model": [[-0.0975230633813516, 0.2134647644831567, -0.6149812026379631, 0.3040216117224866, -0.6345732600051271, 0.46239000765869304, -0.10577288033517332, -0.528779394785531, -0.24644189476563172, 0.5870779318749921, 0.5784409139945993, 0.13209969585343748, -0.04855386493606246], [-0.6672914425381518, -0.33232358765625303, 0.18958384504675604, 0.3733707000975665, -0.19681595964215642, -0.6097962934663194, -0.41250282708127617, 0.41821139584545847, 0.8281624787462575, 0.613550989397073, 0.03348488333226737, 0.20866076461737612, 0.11728288334593598], [-0.2000736901628153, -0.5856841478827214, -0.22870398733043967, -0.5498503706000617, 0.17951052704513204, -0.04186729629932283, 0.506782694840862, 0.5821505262291501, -0.14815496577203868, 0.20548131049831064, 0.010623907740829566, 0.5435715148090412, -0.03733236503888798]], "inverted": false, "swapped": false, "error_lsq": 0.05187964295593394, "error_max": 0.2605387176150873, "target": "522.xyz", "model": "2.xyz", "model_rescale": 3.932901565614263, "target_rescale": 3.8003611672069586},
{"mapping": [4, 0, 7, 3, 5, 2, 12, 9, 8, 11, 1, 10, 13], "R": [[0.7323086041025115, 0.40664279588191155, -0.5462286562555774], [-0.03325802955583229, 0.8225297623377865, 0.5677487943964376], [0.6801602839239405, -0.3976008383113482, 0.6158697602144616]], "T": [0.031359370285370815, 0.07969757960308235, -0.02089870705493243], "aligned_model": [[-0.2704305375573902, 0.25640300956422474, -0.6051202759687176, 0.1638392373451121, -0.4907078180141039, 0.3303694174934302, -0.17560052910980095, -0.5865764216717416, -0.19967651946737372, 0.43326734990168325, 0.741684147760304, 0.3993969923396514, 0.004021312125246937], [-0.6667533117465878, -0.21483140187019503, 0.08549576145793629, 0.3742128969910774, -0.27893533969977025, -0.6896005926566624, 0.003479367497789626, 0.3390454805071198, 0.768315981865935, 0.8133636088031284, -0.12112769825948941, 0.1058725082014263, 0.045040568952826494], [-0.35995670042084105, -0.5790728453267177, -0.34432194112847747, -0.41636715172391076, 0.31914241655817027, -0.13479851831355674, 0.7101882880047172, 0.28024405427904214, -0.1267941235894681, 0.2920115546591887, -0.08316056687907467, 0.5931115714964408, 0.08622762046152552]], "inverted": false, "swapped": false, "error_lsq": 0.047659313773307094, "error_max": 0.27556443273311026, "target": "522.xyz", "model": "3.xyz", "model_rescale": 3.9243930471874484, "target_rescale": 3.8003611672069586},
{"mapping": [2, 0, 3, 5, 4, 7, 8, 10, 6, 11, 1, 9, 12], "R": [[-0.7785888609007334, 0.2965295747177923, -0.5530547866161035], [-0.6265764055681131, -0.3186675620892941, 0.7112334306382184], [0.03466112615945882, 0.9002895068752892, 0.43390944924443275]], "T": [-0.01503795818353573, 0.10169324682760353, 0.1183348417181746], "aligned_model": [[-0.22237327361606649, 0.15215446779588912, -0.5128199687390854, 0.38066292721087347, -0.3972175857145525, 0.11741153417522388, -0.03673148294321169, -0.5474663847168514, -0.21684206483976023, 0.1635207080581412, 0.5948725467526939, 0.4777660056264631, 0.047931935690767716], [-0.601669110197955, -0.14724395805157864, 0.08675169738178554, 0.40139014683085494, -0.3488937151177208, -0.6890179040814259, -0.15699946631296627, 0.36511841920932075, 0.6762955803732194, 0.8246417892261582, -0.2056242546183931, 0.2411627269806885, 0.11766587842254667], [-0.4415829665425752, -0.6775290373985037, -0.334371675168988, -0.4537015882418454, 0.17558334794508362, 0.1306542051027546, 0.6918711004391902, 0.498143831466749, -0.2697679482193968, 0.38590967076851046, -0.09077142135375754, 0.6034945155739644, 0.01852162370585267]], "inverted": false, "swapped": false, "error_lsq": 0.049984067692018276, "error_max": 0.36042899320998517, "target": "522.xyz", "model": "4.xyz", "model_rescale": 3.8936222436046832, "target_rescale": 3.8003611672069586},
{"mapping": [5, 10, 6, 4, 11, 9, 3, 8, 2, 1, 7, 12], "R": [[-0.7946091126812728, -0.3185525191873605, -0.5168371605866465], [-0.6002691809111875, 0.5397589900088681, 0.590200934557731], [0.09095750926719974, 0.7792204599623866, -0.6201146718824788]], "T": [-0.010674022064004043, -0.091956993086379, -0.08407282289593809], "aligned_model": [[0.018446427498484873, -0.40977555945023564, -0.2544653681511418, 0.43499389413408696, -0.6978091987090647, -0.615332420026801, -0.16247794509261554, -0.021187392849185686, 0.5615101870546199, 0.1934625621993521, 0.04843607170574736, -0.06825321609814974], [-0.7525762373720148, -0.5194981213915848, 0.2063877749709619, 0.2040354085762473, 0.2931690798913282, 0.13489698523947613, -0.2858647057266911, 0.38761686504630843, 0.007439323804068865, -0.7297196751601522, 0.7258293831593323, -0.0027931759274728435], [-0.5917626786113461, -0.15649060751690597, -0.6673015309473952, -0.4729976781653026, -0.1666568488193318, 0.42757465074907275, 0.5136951934853021, 0.5566322857812737, 0.21167546721543384, 0.20916159263622935, -0.21723920541627384, -0.02700592111523807]], "inverted": false, "swapped": true, "error_lsq": 0.04880761602002238, "error_max": 0.25480880819966695, "target": "522.xyz", "model": "5.xyz", "model_rescale": 3.6523030999806103, "target_rescale": 3.8003611672069586},
{"mapping": [1, 5, 8, 7, 6, 0, 2, 10, 9, 11, 3, 4, 12], "R": [[0.8242554139116423, -0.5519232440754483, 0.126426837683225], [0.17800379200506508, 0.04061950648648044, -0.9831910830172395], [0.5375106163315893, 0.8329050296054334, 0.13172527847306742]], "T": [-0.07889139216452948, 0.06071397785265716, 0.007427462725758123], "aligned_model": [[-0.11471822261592812, 0.009229563686171643, -0.5685577169988502, 0.4602129258385266, -0.6828092710730961, 0.5681311207334542, -0.06403974914998292, -0.47255395345136975, -0.28666601602944997, 0.42304386676452777, 0.5748530213439088, 0.14881294097321637, 0.0059308547193962086], [-0.6323423222269806, -0.17283238529488704, 0.09011963599107686, 0.33104736659611583, -0.10337623779861307, -0.6160934480353738, -0.35491773130894316, 0.4985099670532974, 0.721922151346135, 0.7544741604578266, -0.15937346335362065, 0.1725390283680034, 0.03390110825049809], [0.0350728806674766, -0.6262872391608705, -0.45416250711672745, -0.31367135841521343, 0.1834446741972699, -0.32492371684893917, 0.6424403328695791, 0.5193234495706549, -0.19823325827815988, 0.21071742316758837, 0.09001355706228009, 0.5219928100573211, -0.049273389695221846]], "inverted": false, "swapped": false, "error_lsq": 0.058729849599594756, "error_max": 0.3664609981342021, "target": "522.xyz", "model": "6.xyz", "model_rescale": 4.08911054899281, "target_rescale": 3.8003611672069586},
{"mapping": [1, 13, 11, 12, 9, 2, 3, 8, 10, 5, 7, 4, 14], "R": [[-0.5233953499003456, -0.6187925885389415, 0.5857926596262293], [0.5325156219233492, -0.7742279781680976, -0.34204992359205183], [0.6651950241172009, 0.13291640301714583, 0.7347440436633021]], "T": [0.0238943254763877, 0.016611530052834708, 0.0420696038259769], "aligned_model": [[-0.28221817233183977, 0.21546729469698475, -0.37861876025976726, 0.17110659716703736, -0.698908321214798, 0.41221427233259167, -0.12510689585976514, -0.4302862696518025, -0.21834308277295536, 0.5088499838423624, 0.7858568387842386, 0.17258265729693678, -0.13172677728869903], [-0.5946724318168933, -0.160228427150726, 0.15609654791375432, 0.43236666728759515, -0.23929373746979254, -0.673742337833799, -0.2353593336611814, 0.33938285722384454, 0.6859656191416198, 0.5955683443737909, -0.06489890998719407, 0.3600794978381656, -0.03768652581464968], [-0.22358640589684503, -0.641978603065811, -0.3617350625173609, -0.5178215739378642, 0.20524477319368475, -0.10879026246991291, 0.777433973472291, 0.4353730879832518, -0.0700064416375698, 0.14270879178713916, -0.06773996322314141, 0.6393727302099697, 0.02797861417920694]], "inverted": true, "swapped": false, "error_lsq": 0.0410242825889181, "error_max": 0.24760462188915378, "target": "522.xyz", "model": "7.xyz", "model_rescale": 3.964800864290218, "target_rescale": 3.8003611672069586},
{"mapping": [2, 0, 1, 3, 7, 4, 12, 8, 5, 10, 6, 9, 13], "R": [[-0.6676481810762913, 0.7251185839757945, 0.1686681519388258], [-0.5792016076499973, -0.6482621142929841, 0.49424865085101566], [0.46773005462678874, 0.23229134797776962, 0.8528008710440512]], "T": [0.06011556928994428, 0.0012881782372219444, -0.007051257272765871], "aligned_model": [[-0.12437220629350748, 0.043758850595476594, -0.6175071480969622, 0.38359952739349956, -0.567528140756785, 0.41241931470507676, -0.09290136812028935, -0.42066870576334253, -0.11091370090544628, 0.3760850840513677, 0.6026072615425597, 0.08371663434367255, 0.032573962045204255], [-0.5872531903686298, -0.14037378346759177, 0.0332236394537851, 0.33348049488516374, -0.2614153369769852, -0.5967301839798712, -0.3354238799854048, 0.43727879388665425, 0.8161544138357344, 0.6987609722491704, -0.1298464435637634, 0.23582330994173617, 0.05989902413453648], [-0.24828153284760543, -0.7090653019201913, -0.3278743711072667, -0.5646972823748355, 0.20248012771427856, 0.10848879825559862, 0.6516487837183098, 0.4050364097768506, -0.08329251766582765, 0.2909906531388886, -0.16520402512886426, 0.6397044837247844, 0.036519432792918465]], "inverted": false, "swapped": false, "error_lsq": 0.04961965831901953, "error_max": 0.27173027047188525, "target": "522.xyz", "model": "8.xyz", "model_rescale": 4.121658175737393, "target_rescale": 3.8003611672069586},
{"mapping": [4, 5, 0, 10, 1, 9, 6, 2, 3, 11, 7, 8, 12], "R": [[-0.32812960578975475, -0.035341258158538946, -0.9439713752418722], [-0.4346506116852398, -0.8815831329987878, 0.1840924370355514], [-0.8386953007892121, 0.47070391445558757, 0.27391242642545427]], "T": [0.05588180570336688, 0.06686380468830991, 0.03215933657742309], "aligned_model": [[-0.35411718992749674, 0.20010396571720201, -0.5633637142763986, 0.14537685060513128, -0.570025750875313, 0.3734829497002095, 0.03867686840150781, -0.45160997087276844, -0.19035593457707167, 0.43929150986838955, 0.7239135426072038, 0.23178178802394112, -0.022285549654012242], [-0.6589041234189464, -0.11960658497353388, 0.06059853940840888, 0.5129845435009927, -0.1873852941650859, -0.7014426946540585, -0.3667981729279659, 0.3957053518033278, 0.8119395853320376, 0.5693588210377472, -0.015677047585837087, 0.23306595432467772, 0.02973895236277027], [-0.2732742172952778, -0.5389331853628316, -0.45293856648776254, -0.5756628034722974, 0.16828002590668498, 0.07715326322446166, 0.5723660834774899, 0.37371721521219436, -0.050985403663586795, 0.09155489070037487, 0.07832768621551844, 0.7191741685884733, 0.047674501033596536]], "inverted": true, "swapped": false, "error_lsq": 0.0450680385825945, "error_max": 0.24615152385192507, "target": "522.xyz", "model": "9.xyz", "model_rescale": 3.833441315466971, "target_rescale": 3.8003611672069586},
{"mapping": [2, 9, 13, 8, 5, 3, 6, 1, 10, 11, 7, 12, 14], "R": [[0.34895589927378606, 0.9257885848339972, -0.1454141552706892], [0.9235427762829126, -0.31339213183572123, 0.22102966334660165], [0.1590550871166133, -0.21142579760882238, -0.9643653930786816]], "T": [-0.028688672870292517, 0.06426396360631734, 0.13345148330517922], "aligned_model": [[-0.2277229735260412, 0.3142587099268175, -0.6696421381624188, 0.22546873532585177, -0.5926685228304708, 0.31050472152131536, 0.049889281262395155, -0.5222440997877172, -0.09550515437208257, 0.5132769194211415, 0.6183953392048643, 0.06229070185990117, 0.014567844896968267], [-0.3488239004831881, -0.21286053965777932, 0.04276936318719603, 0.3750319538809014, -0.30850559465621763, -0.7016421791895634, -0.14586434886292274, 0.18272191457080214, 0.8209040864452876, 0.4759589788680576, -0.07023881883971811, 0.4493045150544127, 0.0048223997272670086], [-0.4200772139021851, -0.5473562934247542, -0.3402606433049511, -0.534670234989066, 0.11333217072596746, -0.09602067486715124, 0.7744672128064655, 0.6700888723561839, -0.180850005443791, 0.08743417977269144, 0.04915878129125255, 0.587859432646982, 0.07334807440939399]], "inverted": false, "swapped": false, "error_lsq": 0.05125667207493445, "error_max": 0.3067285018033159, "target": "522.xyz", "model": "10.xyz", "model_rescale": 4.2482417240324, "target_rescale": 3.8003611672069586},
{"mapping": [3, 1, 5, 0, 11, 6, 10, 4, 2, 7, 8, 12], "R": [[0.5208243680124506, 0.8512439389957367, -0.06423187687943083], [0.11762589135171264, -0.1460855702057444, -0.9822541197986284], [-0.8455212163914914, 0.5040265494006099, -0.17621325186026165]], "T": [-0.038421847322816546, 0.044730813461054765, -0.016640812405396894], "aligned_model": [[-0.5648811965427442, -0.05597064223242987, 0.43354212070878506, 0.6025162642918696, -0.46627900408108564, 0.20789308349674324, -0.19764534480508056, 0.5117257074851204, 0.1017507092543908, 0.010975147312232744, -0.5783668837565717, -0.12849435876822304], [-0.3291789752339235, -0.662738963047287, -0.1935209347786788, -0.2752054752563812, 0.6839317737240036, 0.6697025311000953, -0.04650434735209066, 0.2520162363458737, -0.29605760409100174, 0.6811937354999257, 0.07509140062367795, 0.10740201251642623], [-0.048315045050312984, 0.16660208993352632, 0.6279527754002483, 0.021950702890441896, 0.17219072685020187, 0.1765918296512749, 0.5433965188028591, -0.31973214816899825, -0.5541874214774536, -0.5481262135058228, -0.6066766121941106, -0.0664549132774977]], "inverted": true, "swapped": true, "error_lsq": 0.04125543226730013, "error_max": 0.25166507522510156, "target": "522.xyz", "model": "11.xyz", "model_rescale": 3.6694154284099745, "target_rescale": 3.8003611672069586},
{"mapping": [9, 10, 8, 2, 11, 7, 6, 4, 3, 1, 12, 0, 13], "R": [[-0.9297634386311806, -0.05029195644629625, -0.36470627537996536], [0.30266305486593625, 0.45958787163595677, -0.8349694985233599], [0.20960683052787799, -0.886707227534509, -0.41208648271221215]], "T": [0.0748240846153584, -0.05173506649608633, 0.08216806464531534], "aligned_model": [[-0.3373224247761524, 0.3115822307954978, -0.43853795317734523, 0.1620522319426369, -0.6298710844195379, 0.23294184309995614, -0.07014726231707367, -0.34396567383900056, -0.3487823683284448, 0.2937195168118328, 0.7310852588761324, 0.3332850691280624, 0.10482998094396079], [-0.5435618866688464, -0.2813743200947452, 0.13108089197350076, 0.373552440854348, -0.25223837716904185, -0.7706775229395638, -0.2951367962281473, 0.4242811121192125, 0.6785912912669076, 0.7658933797938596, 0.04100432097528119, 0.2574106051865491, 0.03475269097522047], [-0.4004579817355591, -0.46073172420382114, -0.44284202553701535, -0.40551560311260937, 0.17289727744437916, -0.01925105211463876, 0.5716512001931167, 0.46387788330409707, -0.08644357428963473, 0.07568673125087894, -0.06779585580155328, 0.6723923758949236, 0.16298600678447453]], "inverted": false, "swapped": false, "error_lsq": 0.045719007531420344, "error_max": 0.2678305012020067, "target": "522.xyz", "model": "12.xyz", "model_rescale": 3.9764082729961374, "target_rescale": 3.8003611672069586},
{"mapping": [5, 0, 4, 7, 6, 9, 13, 14, 3, 8, 1, 11, 15], "R": [[0.571002573144443, 0.8087010726066879, 0.14127503893900642], [0.7990476177039774, -0.5079947823071247, -0.32165852357793284], [-0.1883586103793067, 0.2965533279420918, -0.9362569933423445]], "T": [0.08804456981880905, -0.041106915655637725, 0.06657242948471548], "aligned_model": [[-0.2526576897859133, 0.2136818912999754, -0.40100100822641827, 0.055566978715849716, -0.6400707994886736, 0.31985165333364013, -0.12321389437383103, -0.44261736457244827, -0.09388813759433069, 0.49245274152005836, 0.7150716191746025, 0.14468838612170998, 0.013004988616303101], [-0.7221958904739133, -0.17584614562660542, -0.03992071490338336, 0.3843885025331694, -0.19892551933887329, -0.520653120470957, -0.19122116259488295, 0.34741540889251554, 0.7806848683631996, 0.5321781423116606, -0.1369104578653194, 0.47896165850430217, 0.02562226071362208], [-0.28394673477873095, -0.6356871641557915, -0.45944728240963245, -0.5570721440501396, 0.23568807928961558, -0.2123541558333466, 0.6209334313235255, 0.5207269783894883, 0.06508885067889375, 0.15289223961676446, 0.09789875926081258, 0.6639540955871337, 0.027778705158445348]], "inverted": true, "swapped": false, "error_lsq": 0.04893501183917892, "error_max": 0.28082789507685557, "target": "522.xyz", "model": "13.xyz", "model_rescale": 4.170626492500431, "target_rescale": 3.8003611672069586},
{"mapping": [0, 8, 4, 12, 2, 7, 3, 6, 5, 5, 10, 11, 13], "R": [[0.2817141650020811, -0.23603414413648102, 0.9300134472355439], [-0.38658298451876594, 0.8591970732593878, 0.3351626252777397], [-0.8781746553606204, -0.4539474331949261, 0.1508012021768868]], "T": [0.0029972431248937643, -0.14066742048846578, 0.06947632828464194], "aligned_model": [[-0.20482407114852372, 0.20241125100890808, -0.3789496810228562, 0.2893053997594246, -0.6424161299217017, 0.4067015689187043, -0.17996519965081229, -0.39797499490521415, 0.01932194941198414, 0.01932194941198414, 0.5463321283552255, 0.30689226436831774, 0.014712930155084234], [-0.686990920035743, -0.20101698606036236, 0.09452688691784283, 0.3815948510464974, -0.26102593903147, -0.7438635648119564, -0.18557306968531964, 0.4802904966527073, 0.7684807294036399, 0.7684807294036399, -0.10747372543999117, 0.3073244392191693, -0.05117609753411986], [-0.04968466241268464, -0.6433688696369275, -0.4799445627367685, -0.35593627186002985, 0.11292252654287847, -0.29191962036095076, 0.7327875912929217, 0.47087612462105033, 0.08955053732582013, 0.08955053732582013, -0.07889377003574254, 0.5240208924698263, 0.11649320554182474]], "inverted": false, "swapped": false, "error_lsq": 0.05498643041959988, "error_max": 0.3775988783622424, "target": "522.xyz", "model": "14.xyz", "model_rescale": 3.9786697098870705, "target_rescale": 3.8003611672069586},
{"mapping": [2, 8, 1, 0, 3, 10, 7, 11, 10, 4, 9, 12], "R": [[0.3963073584590523, -0.8924923177946817, -0.21540181129388197], [0.9128986731396138, 0.40803654813300927, -0.01105386663711945], [0.09775730259750946, -0.19225929903433886, 0.9764629392474062]], "T": [0.12767585885285232, -0.06728100973283319, 0.019041550269190247], "aligned_model": [[-0.06581178181085115, -0.6161532894598463, 0.5299908441423213, 0.62659941646881, -0.034709318527922806, 0.495559465800806, -0.4899924316360062, -0.21047378212992124, 0.495559465800806, 0.11752700889567697, -0.3822618486007105, 0.01752084782417443], [-0.4660532202181989, 0.04265108680588614, 0.09204726617234432, -0.5545652672882522, 0.3703123771095539, 0.3852000964914044, -0.44517485801945805, 0.3541379070356599, 0.3852000964914044, -0.7035095169884136, 0.5793168709370846, -0.024888348304576105], [-0.4587499368200004, -0.2552535188181383, -0.570158381198688, -0.14912364472018771, -0.42829983551515716, 0.10413143988602147, 0.4260845064099515, 0.5981424752389884, 0.10413143988602147, 0.19960794752110633, 0.0461036681963031, 0.04335033380760947]], "inverted": false, "swapped": true, "error_lsq": 0.04672398906410604, "error_max": 0.3381498522859022, "target": "522.xyz", "model": "15.xyz", "model_rescale": 3.769337070930944, "target_rescale": 3.8003611672069586},
{"mapping": [2, 7, 1, 3, 0, 4, 5, 6, 10, 9, 12], "R": [[0.0841891503972452, -0.9456081390954392, 0.314225133036571], [0.6305827722937232, -0.19360959697083582, -0.7515854517266505], [0.7715423217437607, 0.2614202961463613, 0.5799843743765828]], "T": [-0.04630937115956168, 0.029507533692580253, 0.01124288539396634], "aligned_model": [[-0.31575815223124354, -0.22607042863774748, -0.0631181674919726, -0.5367779753994525, 0.42633519879756665, 0.23398619054503383, 0.6729581762592792, 0.36305704974552544, 0.152435200184268, -0.6477590809885331, -0.13666188009155322], [0.0184405545499104, -0.7808840859142121, 0.7193117513398577, 0.4396226042445393, 0.18190200061908657, -0.41236409206235797, 0.4510139544955031, -0.451809525683824, 0.41902279540769344, 0.04072669739391436, -0.028918156764768818], [-0.5820667508260533, -0.01963155188863841, -0.2301841466778744, 0.10725023218457475, -0.5064763761286686, -0.3933282466187456, 0.012386804784766371, 0.3101618856902819, 0.40633305904843114, 0.5742615528544818, 0.06551114480122137]], "inverted": false, "swapped": true, "error_lsq": 0.04409421092728062, "error_max": 0.20220093264219985, "target": "522.xyz", "model": "16.xyz", "model_rescale": 3.7852294659196426, "target_rescale": 3.8003611672069586},
{"mapping": [3, 1, 2, 5, 8, 0, 9, 11, 7, 6, 4, 10, 12], "R": [[-0.8396278723742953, 0.30740162222768874, -0.4478049559618565], [-0.2195323522305448, 0.5620428697452259, 0.7974417589345792], [0.4968204728635273, 0.767862002719458, -0.4044222577001972]], "T": [-0.02677130720301749, -0.0028232972986677457, -0.024930065798614745], "aligned_model": [[-0.21467614944882682, 0.05427570055003764, -0.525524332310831, 0.44336177787143904, -0.4954772929759273, 0.23993886813359386, -0.10629789071265427, -0.5278484346074394, -0.18546845869037162, 0.2531273000265701, 0.6526159999105701, 0.43676174053323785, -0.023919463538873597], [-0.6397005896549517, 0.014419901123288295, 0.10104469370467468, 0.33287072526916067, -0.3161054718647842, -0.6033755225519061, -0.26165893045234434, 0.3843743834707282, 0.649508946381756, 0.7989694717700893, -0.16236868559020035, 0.24935564043108033, 0.016243268007944255], [-0.4626222589024695, -0.7085880277134359, -0.3633733866383138, -0.3387666731136109, 0.30122156956788154, 0.15932481976488744, 0.7960092882568854, 0.34511282743432853, -0.22668452830461655, 0.23232148627051669, -0.14644072828321597, 0.5840017631452946, 0.06493750659290692]], "inverted": false, "swapped": false, "error_lsq": 0.05281113955662349, "error_max": 0.3079494916613329, "target": "522.xyz", "model": "17.xyz", "model_rescale": 3.901054581598922, "target_rescale": 3.8003611672069586},
{"mapping": [2, 13, 5, 9, 8, 3, 1, 4, 10, 11, 12, 6, 14], "R": [[0.9021447309468456, 0.4314332515435112, 0.0004836191034651993], [0.15891689430739822, -0.3333435082519094, 0.9293156224932413], [0.401098872011048, -0.8383003369729152, -0.3692861220010336]], "T": [-0.011607552663227168, -0.0035992712657726827, 0.08826982039198741], "aligned_model": [[-0.29957890912593255, 0.1632175314407915, -0.34541830788964295, 0.10901166390909436, -0.6554899884590748, 0.405586669485277, -0.10666451820781075, -0.5871798371736439, -0.25158652445026614, 0.5357562948164158, 0.7057033886097331, 0.29516210960309297, 0.03234979218249031], [-0.6691272042249606, -0.22950062291480267, 0.020562531535902887, 0.36752015827171264, -0.16295385958839587, -0.611748759028315, -0.1921758136543844, 0.3514428182868699, 0.7765883684223533, 0.5762741684045011, -0.03653911404603298, 0.35785395652373625, 0.015381202056350334], [-0.3090753322098889, -0.5794928377371888, -0.4390561072620236, -0.442683091783419, 0.10924066191078292, -0.11049906815155944, 0.7524148425054172, 0.49843518930964936, 0.009713546888420993, 0.11777577511172849, -0.10240027260878334, 0.6704808506067147, 0.06159950149718713]], "inverted": false, "swapped": false, "error_lsq": 0.040177126464150545, "error_max": 0.2114154729881513, "target": "522.xyz", "model": "18.xyz", "model_rescale": 3.9405287249114394, "target_rescale": 3.8003611672069586},
{"mapping": [14, 10, 11, 2, 13, 3, 4, 7, 5, 6, 1, 0, 15], "R": [[-0.009694217999479171, 0.9180714658142022, 0.3962963610672455], [-0.1791387586879004, -0.3914979952764794, 0.9025733348765939], [0.9837760554481578, -0.062242295525307634, 0.16825744968530668]], "T": [-0.06471088171403085, -0.0050215443845511715, 0.13604388421674943], "aligned_model": [[-0.2768368627032339, 0.051107519117735395, -0.5184828840521495, 0.36916236144654047, -0.66714803917369, 0.47613439871767826, -0.08374831152652606, -0.5409276798867199, -0.11466646007446164, 0.4180113214733621, 0.5947449735933504, 0.3437349421245067, -0.05021591431586823], [-0.6126940429729641, -0.14033460187854402, 0.0550962612697508, 0.405539065351489, -0.2998433031292205, -0.5648275902678137, -0.09772555561854318, 0.28306590419013905, 0.7459116852831968, 0.5642882885211079, -0.028182506803667892, 0.2466586352440222, 0.006625590855582557], [-0.29462497317239256, -0.6295803783604798, -0.4204541132973316, -0.49523994863147525, 0.09758030073064256, -0.2096903612685038, 0.8611015172248715, 0.5671456495265429, -0.2173204709894707, 0.10214632827152072, 0.14609220248743646, 0.628490179894703, 0.10080772566097496]], "inverted": true, "swapped": false, "error_lsq": 0.04402504713405821, "error_max": 0.2740990960483155, "target": "522.xyz", "model": "19.xyz", "model_rescale": 4.410303926677745, "target_rescale": 3.8003611672069586},
{"mapping": [2, 0, 1, 3, 7, 4, 12, 8, 5, 10, 6, 9, 13], "R": [[-0.6676481810762913, 0.7251185839757945, 0.1686681519388258], [-0.5792016076499973, -0.6482621142929841, 0.49424865085101566], [0.46773005462678874, 0.23229134797776962, 0.8528008710440512]], "T": [0.06011556928994428, 0.0012881782372219444, -0.007051257272765871], "aligned_model": [[-0.12437220629350748, 0.043758850595476594, -0.6175071480969622, 0.38359952739349956, -0.567528140756785, 0.41241931470507676, -0.09290136812028935, -0.42066870576334253, -0.11091370090544628, 0.3760850840513677, 0.6026072615425597, 0.08371663434367255, 0.032573962045204255], [-0.5872531903686298, -0.14037378346759177, 0.0332236394537851, 0.33348049488516374, -0.2614153369769852, -0.5967301839798712, -0.3354238799854048, 0.43727879388665425, 0.8161544138357344, 0.6987609722491704, -0.1298464435637634, 0.23582330994173617, 0.05989902413453648], [-0.24828153284760543, -0.7090653019201913, -0.3278743711072667, -0.5646972823748355, 0.20248012771427856, 0.10848879825559862, 0.6516487837183098, 0.4050364097768506, -0.08329251766582765, 0.2909906531388886, -0.16520402512886426, 0.6397044837247844, 0.036519432792918465]], "inverted": false, "swapped": false, "error_lsq": 0.04961965831901953, "error_max": 0.27173027047188525, "target": "522.xyz", "model": "20.xyz", "model_rescale": 4.121658175737393, "target_rescale": 3.8003611672069586},
{"mapping": [1, 5, 8, 7, 6, 0, 2, 10, 9, 11, 3, 4, 12], "R": [[0.8242554139116423, -0.5519232440754483, 0.126426837683225], [0.17800379200506508, 0.04061950648648044, -0.9831910830172395], [0.5375106163315893, 0.8329050296054334, 0.13172527847306742]], "T": [-0.07889139216452948, 0.06071397785265716, 0.007427462725758123], "aligned_model": [[-0.11471822261592812, 0.009229563686171643, -0.5685577169988502, 0.4602129258385266, -0.6828092710730961, 0.5681311207334542, -0.06403974914998292, -0.47255395345136975, -0.28666601602944997, 0.42304386676452777, 0.5748530213439088, 0.14881294097321637, 0.0059308547193962086], [-0.6323423222269806, -0.17283238529488704, 0.09011963599107686, 0.33104736659611583, -0.10337623779861307, -0.6160934480353738, -0.35491773130894316, 0.4985099670532974, 0.721922151346135, 0.7544741604578266, -0.15937346335362065, 0.1725390283680034, 0.03390110825049809], [0.0350728806674766, -0.6262872391608705, -0.45416250711672745, -0.31367135841521343, 0.1834446741972699, -0.32492371684893917, 0.6424403328695791, 0.5193234495706549, -0.19823325827815988, 0.21071742316758837, 0.09001355706228009, 0.5219928100573211, -0.049273389695221846]], "inverted": false, "swapped": false, "error_lsq": 0.058729849599594756, "error_max": 0.3664609981342021, "target": "522.xyz", "model": "21.xyz", "model_rescale": 4.08911054899281, "target_rescale": 3.8003611672069586},
{"mapping": [7, 12, 4, 14, 0, 10, 8, 1, 2, 15, 9, 11, 16], "R": [[-0.20132996305025191, -0.8709132830703266, -0.44830380251549257], [0.21330010305893235, 0.4077121076547486, -0.8878479055033985], [0.9560174224423075, -0.2743736332875086, 0.10368122946502295]], "T": [0.004329509682625119, 0.009103289861687971, 0.0076127117757977605], "aligned_model": [[-0.20811091809220383, 0.3259550149544375, -0.5589856276753901, 0.35836398019337545, -0.7387342130504487, 0.371596710369247, -0.05117054639310732, -0.3984104909461693, -0.32859069790822715, 0.2556513090760053, 0.6975722243752408, 0.3113372710137211, -0.03560465117595597], [-0.6038253110071107, -0.24914265693664212, 0.24209793691487064, 0.32013330440286386, -0.2050488756731476, -0.707348306828085, -0.13857856318720518, 0.3906479372394361, 0.6479909429894729, 0.6820580103601515, -0.11200609160722484, 0.2984171182120722, -0.0018176148349167698], [-0.28390706953123174, -0.6046254537733375, -0.3310342080915509, -0.4279817208008277, 0.0531599634391023, -0.04667653315746913, 0.6827955256238023, 0.5752592172851226, -0.03972154042900378, 0.13201655095563128, -0.10326861130590387, 0.646311994275912, -0.015874456413207765]], "inverted": true, "swapped": false, "error_lsq": 0.03923683006382386, "error_max": 0.23105710642819383, "target": "522.xyz", "model": "22.xyz", "model_rescale": 4.204369325754507, "target_rescale": 3.8003611672069586},
{"mapping": [14, 10, 11, 2, 13, 3, 4, 7, 5, 6, 1, 0, 15], "R": [[-0.009694217999479171, 0.9180714658142022, 0.3962963610672455], [-0.1791387586879004, -0.3914979952764794, 0.9025733348765939], [0.9837760554481578, -0.062242295525307634, 0.16825744968530668]], "T": [-0.06471088171403085, -0.0050215443845511715, 0.13604388421674943], "aligned_model": [[-0.2768368627032339, 0.051107519117735395, -0.5184828840521495, 0.36916236144654047, -0.66714803917369, 0.47613439871767826, -0.08374831152652606, -0.5409276798867199, -0.11466646007446164, 0.4180113214733621, 0.5947449735933504, 0.3437349421245067, -0.05021591431586823], [-0.6126940429729641, -0.14033460187854402, 0.0550962612697508, 0.405539065351489, -0.2998433031292205, -0.5648275902678137, -0.09772555561854318, 0.28306590419013905, 0.7459116852831968, 0.5642882885211079, -0.028182506803667892, 0.2466586352440222, 0.006625590855582557], [-0.29462497317239256, -0.6295803783604798, -0.4204541132973316, -0.49523994863147525, 0.09758030073064256, -0.2096903612685038, 0.8611015172248715, 0.5671456495265429, -0.2173204709894707, 0.10214632827152072, 0.14609220248743646, 0.628490179894703, 0.10080772566097496]], "inverted": true, "swapped": false, "error_lsq": 0.04402504713405821, "error_max": 0.2740990960483155, "target": "522.xyz", "model": "23.xyz", "model_rescale": 4.410303926677745, "target_rescale": 3.8003611672069586},
{"mapping": [1, 10, 11, 9, 7, 3, 0, 13, 14, 15, 4, 5, 16], "R": [[-0.5298961013270014, -0.7913347413878903, 0.304958110026616], [-0.09891002383684278, 0.4148078612835322, 0.9045171338354944], [-0.8422748535858352, 0.44913668887093083, -0.2980760066275332]], "T": [-0.002761798043737594, 0.11584606867761507, 0.06204876183511452], "aligned_model": [[-0.3280394529127038, 0.2390466726504339, -0.4052135641072209, 0.15612512317851251, -0.5819509184462907, 0.3673486083270163, -0.04966079022926072, -0.5264981933266879, -0.27603192645551317, 0.3298735390992154, 0.6438781982720866, 0.4073810545808642, 0.02461101411007264], [-0.6190973671784151, -0.10753678307559653, 0.158137866582603, 0.46043550481730444, -0.18039539788648126, -0.7032097724982248, -0.4422268756856377, 0.4281240431980835, 0.7178130271426262, 0.747217999770292, -0.11981626547849586, 0.2251697811726026, -0.0010379308361261191], [-0.2385971144136987, -0.4995673982945277, -0.4247422266117854, -0.4363818255026106, 0.1988400370596998, 0.024408347837999007, 0.5687448091730425, 0.4118619672956173, -0.08324131989392486, 0.055932558204802064, 0.07634395039333305, 0.5261965828525142, 0.056655289976577206]], "inverted": false, "swapped": false, "error_lsq": 0.039944678684650264, "error_max": 0.24583730943758894, "target": "522.xyz", "model": "24.xyz", "model_rescale": 4.28219845311461, "target_rescale": 3.8003611672069586},
{"mapping": [9, 5, 11, 8, 13, 3, 4, 2, 10, 6, 1, 0, 15], "R": [[-0.611945707785491, -0.3409634005652986, -0.7136290424288114], [-0.6080631421868997, 0.7798120425098266, 0.14883680146538555], [0.505748619213843, 0.5250115597123554, -0.6845299090117911]], "T": [-0.15338673664518063, -0.02780903301756691, 0.02983757924107889], "aligned_model": [[-0.32092746156585894, 0.2882515348660456, -0.38623324784717195, 0.31289177226622, -0.6600644418351809, 0.31851230256045626, 0.09900496589514993, -0.35173822393710186, -0.1582920035786977, 0.1641385908601928, 0.4780086712079432, 0.32949632557129127, -0.11217941972276307], [-0.5437757633176528, -0.1115850367359266, 0.11541274282591066, 0.36146465221168816, -0.1731302273320918, -0.641983258994575, -0.3510677402966792, 0.3268006925659655, 0.6381335346773628, 0.7955683459650095, -0.11865048163874745, 0.2708253534264827, -0.004434983312211684], [-0.373377155850983, -0.6935004463401145, -0.44106272485087644, -0.3063118027964605, 0.3038374158895699, 0.04194797981926469, 0.6351893857823184, 0.5809171146972361, -0.40167285367575456, 0.21266124601704595, -0.024614867912964515, 0.6156665845774782, 0.08677378272127811]], "inverted": false, "swapped": false, "error_lsq": 0.04944860047941229, "error_max": 0.3239235020748214, "target": "522.xyz", "model": "25.xyz", "model_rescale": 4.100010024507729, "target_rescale": 3.8003611672069586},
{"mapping": [3, 1, 5, 0, 11, 6, 10, 4, 2, 7, 8, 12], "R": [[0.5208243680124506, 0.8512439389957367, -0.06423187687943083], [0.11762589135171264, -0.1460855702057444, -0.9822541197986284], [-0.8455212163914914, 0.5040265494006099, -0.17621325186026165]], "T": [-0.038421847322816546, 0.044730813461054765, -0.016640812405396894], "aligned_model": [[-0.5648811965427442, -0.05597064223242987, 0.43354212070878506, 0.6025162642918696, -0.46627900408108564, 0.20789308349674324, -0.19764534480508056, 0.5117257074851204, 0.1017507092543908, 0.010975147312232744, -0.5783668837565717, -0.12849435876822304], [-0.3291789752339235, -0.662738963047287, -0.1935209347786788, -0.2752054752563812, 0.6839317737240036, 0.6697025311000953, -0.04650434735209066, 0.2520162363458737, -0.29605760409100174, 0.6811937354999257, 0.07509140062367795, 0.10740201251642623], [-0.048315045050312984, 0.16660208993352632, 0.6279527754002483, 0.021950702890441896, 0.17219072685020187, 0.1765918296512749, 0.5433965188028591, -0.31973214816899825, -0.5541874214774536, -0.5481262135058228, -0.6066766121941106, -0.0664549132774977]], "inverted": true, "swapped": true, "error_lsq": 0.04125543226730013, "error_max": 0.25166507522510156, "target": "522.xyz", "model": "26.xyz", "model_rescale": 3.6694154284099745, "target_rescale": 3.8003611672069586},
{"mapping": [11, 3, 9, 7, 10, 12, 2, 4, 8, 5, 6, 0, 13], "R": [[-0.29451419903651704, 0.5667838119529425, 0.7694267327523594], [0.3181570815168574, -0.7010542669883438, 0.6381998011736703], [0.9011312102277642, 0.43275746700146955, 0.02614415246125712]], "T": [0.016200807996836087, 0.11583308804666181, 0.013692041281859763], "aligned_model": [[-0.3614632839506172, 0.42547797753941685, -0.3138579908199465, 0.25097756440545116, -0.5655437010722917, 0.16314746053460988, 0.0382140640152243, -0.44400959156099884, -0.42375300305150204, 0.36671931093057736, 0.5857069497516572, 0.2609916057413765, 0.01826200227756799], [-0.6541077919274227, -0.07482818932177587, -0.06748730034610304, 0.45934249252409054, 0.0069714450383657756, -0.6268833328650378, -0.3373195846419619, 0.3828603489400651, 0.5631465801665974, 0.8063065996473975, -0.2619614510700933, 0.28823843147501366, 0.07929958242539928], [0.040827704963255884, -0.6563614611617824, -0.5540388456650295, -0.458546974899836, 0.12145654722927528, -0.2240300922554014, 0.5199505898495941, 0.6401370908811926, -0.10758646605378062, 0.17605462502573807, 0.07791409762925404, 0.6030028302804028, 0.05767401225415485]], "inverted": true, "swapped": false, "error_lsq": 0.05813827205854389, "error_max": 0.32511347834941784, "target": "522.xyz", "model": "27.xyz", "model_rescale": 4.103607728864725, "target_rescale": 3.8003611672069586},
{"mapping": [5, 0, 1, 2, 7, 9, 11, 8, 4, 12, 10, 13, 14], "R": [[-0.3837534691729835, -0.9230079292684115, -0.028100487635260518], [0.8384050806052536, -0.33550113208408294, -0.4295531529224258], [0.3870532207759008, -0.1884021042290615, 0.9026042606863008]], "T": [0.15470988158111623, -0.04765944943534941, 0.1008392839833738], "aligned_model": [[-0.2535852143927092, 0.08030187401049538, -0.4690179645478182, 0.14751712817865195, -0.5327601932378337, 0.38412136475938763, -0.007909445293808104, -0.5534797128133981, -0.2822405889608639, 0.6690307451377969, 0.6024975544134606, 0.13058052023799696, 0.08581329724916581], [-0.590408572694347, -0.12791949410011702, 0.11140640612166702, 0.542845850463019, -0.2535745488560946, -0.7666368613942723, -0.17037050670074072, 0.2524771028814051, 0.745025757389564, 0.6359720029522182, -0.2641608335603456, 0.451062918143601, -0.002141390601022315], [-0.1709306815889516, -0.604648855265917, -0.5224764142259233, -0.3379915049575465, 0.1720088956329784, -0.21628179467868278, 0.7570086100043666, 0.3848560531385864, 0.05253052381915699, 0.027247818842972088, 0.2121434934145825, 0.5138360236210139, -0.030848509679597208]], "inverted": false, "swapped": false, "error_lsq": 0.04982229528350039, "error_max": 0.30630306007240793, "target": "522.xyz", "model": "28.xyz", "model_rescale": 4.137296879288765, "target_rescale": 3.8003611672069586},
