[{"mapping": [4, 3, 5, 8, 1, 10, 11, 9, 2, 6, 7, 13], "R": [[0.57994050670619, 0.19368817453032777, -0.7912988687774533], [-0.6103563963896911, 0.7466368818843884, -0.2645721754004911], [0.5395684183378026, 0.6364104474763651, 0.5512237878351904]], "T": [0.010390191067924081, -0.050295841498222034, 0.09679319396678755], "aligned_model": [[-0.2180803505326455, 0.2728685139045822, 0.3668480081995097, -0.12994902927203905, -0.01147336248823918, -0.41403040778990113, 0.3070162149508616, -0.37133595749918386, 0.5384942933835986, 0.19074841228767303, -0.618737427070041, -0.07472644561362651], [-0.22899832773412834, -0.5628421979230016, -0.4079901581938963, 0.7011852021171396, 0.3149328809014423, -0.7488805829418216, -0.31489549383200216, -0.4197975450044257, 0.15087940485999093, 0.36793721239974414, 0.2316941129269287, -0.02966947159891285], [-0.5113386976634244, -0.03728800202085557, -0.6547820571837266, -0.028726820269379158, -0.5518851113561769, -0.022108985958882485, 0.6050897317991131, 0.6071737306489687, -0.28424928829272456, 0.6188831393256733, 0.3885629836560777, 0.0526211226688989]], "inverted": true, "swapped": true, "error_lsq": 0.04894812698323764, "error_max": 0.28101847195343915, "target": "523.xyz", "model": "0.xyz", "model_rescale": 3.751011558992144, "target_rescale": 3.962824213834794},
{"mapping": [4, 9, 10, 8, 5, 5, 6, 12, 11, 0, 2, 1, 3, 14], "R": [[0.3732988457827249, 0.7721357440399185, 0.5142512659325278], [-0.8318816919004258, 0.523964278777832, -0.18285044502464798], [-0.4106346580820607, -0.3595383530873283, 0.837920849627864]], "T": [0.011401391552354308, 0.03079983788572382, -0.009360023534453744], "aligned_model": [[-0.5569313503847104, 0.5610948684732923, 0.12291197170990581, -0.4791022868534389, 0.1569760556199259, 0.1569760556199259, -0.08211582644334817, 0.6139623195718125, 0.5202006038055798, -0.34600440597374166, -0.09466321202657202, -0.5616430828166517, 0.2574427124497188, 0.06450530320701985], [-0.12590883606790668, 0.16511395741709628, -0.15989896350082494, 0.42970850565346724, 0.566333351924096, 0.566333351924096, -0.713121125721295, -0.19523675903795412, -0.5535867133593183, 0.09787474001382816, 0.7794383485611245, -0.2979071606137416, 0.2421422179352214, 0.0175068921574867], [0.5179105482404187, 0.3282587260328304, 0.7803570813781352, 0.19237313781990384, 0.27716732161596436, 0.27716732161596436, 0.030160542181255644, -0.3805781385998469, 0.18128810591112754, -0.6751426997124436, -0.3440670330061286, -0.23129985539989084, -0.7008829489092161, -0.012021715516466393]], "inverted": false, "swapped": false, "error_lsq": 0.05430379166838888, "error_max": 0.3854637675801499, "target": "523.xyz", "model": "1.xyz", "model_rescale": 3.9405287249114394, "target_rescale": 3.962824213834794},
{"mapping": [5, 2, 1, 11, 6, 4, 3, 0, 7, 12, 9, 10, 13], "R": [[-0.6164789441585391, -0.7618470969341903, 0.1988534945685374], [-0.15653264490359142, 0.36609799658278896, 0.9173166236243375], [-0.7716548726527028, 0.5343793201378726, -0.34494564748714585]], "T": [0.021538194336870348, -0.08668196315373344, -0.057671605952861194], "aligned_model": [[-0.36204056506613347, 0.15096564385052047, -0.3625827593858465, 0.5129700754820757, 0.6131190697778292, -0.6040963309898655, -0.025155896614002388, 0.7297967207028359, -0.11954999666173577, -0.5007026556301112, 0.039363399200294635, -0.5150462764799908, -0.06105714890193921], [0.7159418715806762, 0.5310306073871744, 0.275275819951772, -0.16460148090527077, -0.346494892417654, 0.1633125556795615, 0.2614482838144683, 0.3513820788638113, -0.7823009952001798, -0.5264386467196945, -0.6586035177422288, -0.23725555137277027, -0.12386353934764896], [0.11125166948199977, -0.3150400411281135, -0.5831154512845633, 0.3531672911583296, -0.3077819735488991, -0.06414816803401048, 0.41793474133139163, -0.01939894817840429, -0.295700572869676, -0.04708772226562025, 0.40635711200165414, 0.55199708629955, -0.09531467337499433]], "inverted": false, "swapped": true, "error_lsq": 0.04494080050758116, "error_max": 0.2686468887067745, "target": "523.xyz", "model": "2.xyz", "model_rescale": 3.932901565614263, "target_rescale": 3.962824213834794},
{"mapping": [12, 8, 9, 10, 3, 11, 5, 4, 7, 2, 1, 6, 0, 13], "R": [[0.8629984111405471, -0.4890699468134323, 0.12666621290935434], [-0.5034491943562674, -0.8116327844413307, 0.2962956832659526], [-0.042102862977671324, -0.31947270672769384, -0.9466596741095314]], "T": [0.09833157737876294, 0.12539752565361165, 0.03196460568569791], "aligned_model": [[-0.4820461963160563, 0.5206765439562473, 0.1575153139140658, -0.553910741874116, 0.4957513194692311, -0.0534258653032299, -0.13269684752366662, 0.23153638331553153, 0.6100018347048445, -0.18881806351106342, -0.1787649525145403, -0.4863752621799502, 0.3903987760248573, 0.003767483796563484], [-0.20848210429764416, 0.276156181392897, -0.33022498709590353, 0.35481651321335617, 0.44591289100016884, 0.7744253683414153, -0.5523085655957053, -0.4393862406771085, -0.3668992688579882, 0.02997087785815014, 0.64989173437518, -0.15055334435053933, 0.26776374759697075, 0.06770900438212629], [0.3991373751882752, 0.6130698306305922, 0.605286810553417, 0.2192940625896228, 0.028369156516590235, 0.6264738456257224, 0.09630748738477816, -0.6211067391935653, 0.10666374375707997, -0.7443334632322045, -0.41176048832046586, -0.188628435453346, -0.5540208373652399, 0.06593804497035208]], "inverted": true, "swapped": false, "error_lsq": 0.048697996407321135, "error_max": 0.3558604532934455, "target": "523.xyz", "model": "3.xyz", "model_rescale": 3.9243930471874484, "target_rescale": 3.962824213834794},
{"mapping": [10, 3, 4, 12, 1, 9, 7, 5, 2, 0, 8, 6, 13], "R": [[0.8360083861428598, 0.4250337206142391, 0.34703935603851666], [-0.2791849078067205, -0.21499305236825622, 0.93585991189191], [0.4723830707717671, -0.8792748852174712, -0.06107299463787948]], "T": [-0.08148978503738545, -0.055938803929866325, -0.05805341232987903], "aligned_model": [[-0.04769469667338329, -0.1818170652422612, 0.4896149379895147, 0.16416549306637862, 0.6210622738495191, -0.5409407271079156, -0.08349766403218047, 0.3984766416938352, 0.16914078805330024, -0.49726299912277083, 0.28812260974797876, -0.4917712164793041, -0.010392489431358953], [-0.5955441375434541, 0.10064753881388994, -0.17521828805528333, -0.6930300422596742, 0.15840416679725747, -0.6207375284826572, -0.6495028854638527, 0.36722380564050416, 0.5774985694994818, 0.6660007242895138, 0.01888027847243246, 0.09451206366693654, -0.12130471169350715], [-0.6825333479899208, -0.6192945001644797, -0.3950542499950602, -0.05935843808727384, 0.0649558307785566, -0.17048955505942337, 0.3981561382174958, -0.6987080718813541, -0.08041869103562793, -0.027541226969822696, 0.6186761586083321, 0.4795891918530064, -0.04090892290346404]], "inverted": false, "swapped": true, "error_lsq": 0.04569050070912436, "error_max": 0.3013521737999399, "target": "523.xyz", "model": "4.xyz", "model_rescale": 3.8936222436046832, "target_rescale": 3.962824213834794},
{"mapping": [9, 7, 10, 11, 4, 1, 8, 2, 0, 6, 3, 13], "R": [[0.8584532898994355, 0.4625323982243199, -0.22163422491505033], [0.2288842624747034, -0.7321914755264692, -0.6414886106220303], [-0.45898795567231065, 0.499959422112666, -0.7344185678402487]], "T": [-0.08977272833080734, -0.030057902966532518, -0.04394008672893145], "aligned_model": [[-0.012339273460883468, -0.4181297066847444, -0.4052604218987289, 0.49120950328406693, -0.6290110042848946, -0.5624312020673389, -0.3667425190603242, 0.0468288296474413, 0.6525573589665514, 0.32935589114206604, 0.08675281939491757, -0.1852422327630313], [-0.3847183006073487, -0.6924863757513943, 0.2020526125357839, -0.09928656686890293, 0.37167916730420714, 0.2218741705052011, -0.400911323736576, 0.39451488477946495, 0.16931002699888495, -0.5196448288806704, 0.45894027409448257, -0.05240083526332465], [-0.684997584953561, -0.16149738206260233, -0.7711838133462013, -0.31602901166741626, -0.08621505213681976, 0.47353240142648034, 0.5772922409707094, 0.47145952345711617, 0.2788501104678848, 0.2103466189635269, -0.32553539633489004, -0.04673793550870862]], "inverted": true, "swapped": true, "error_lsq": 0.048634217190032136, "error_max": 0.2536370433599661, "target": "523.xyz", "model": "5.xyz", "model_rescale": 3.6523030999806103, "target_rescale": 3.962824213834794},
{"mapping": [0, 6, 8, 2, 1, 11, 7, 3, 9, 10, 12, 5, 13], "R": [[-0.3308031991236244, -0.28514099770957, -0.8995909375236983], [-0.9436962748178879, 0.10254455018162961, 0.3145186101376013], [0.0025659977429752234, 0.9529843790184801, -0.3030085625891532]], "T": [0.0534180291979396, -0.028783092311936907, 0.04398042096260888], "aligned_model": [[0.2505470240664722, -0.2146325265663508, 0.26621628859322216, 0.6706446477271597, 0.6813305943481627, -0.30380497461282985, -0.42467168971457847, 0.1738043053337075, -0.6446813615401265, -0.20067090721315928, -0.2104528464937228, 0.7811095429019227, 0.05634480783441534], [-0.6631497826579237, -0.07193410276407472, 0.5419728187095967, -0.22112094205995503, 0.3716348272597085, -0.547226526143973, 0.5412193063249928, -0.4880833984275149, -0.08090780996643757, -0.06486706854842378, 0.46811000733156066, -0.3058083060317916, 0.060987881137418834], [0.5476808309024459, 0.681407103986335, 0.5226543397058663, 0.25984206380291447, 0.037281268116959095, 0.18530796922176843, 0.12750880352971183, -0.30833588277770585, -0.1855297271320554, -0.7411488506584237, -0.3429341344594707, -0.4181828073228454, 0.004558762566289454]], "inverted": true, "swapped": true, "error_lsq": 0.04736040327779042, "error_max": 0.315421766752858, "target": "523.xyz", "model": "6.xyz", "model_rescale": 4.08911054899281, "target_rescale": 3.962824213834794},
{"mapping": [0, 7, 6, 8, 5, 4, 1, 13, 2, 11, 10, 9, 12, 14], "R": [[-0.7331693856516333, -0.6588080295240597, 0.16862571624112477], [0.6655930476309582, -0.7460268483900772, -0.02073249687090553], [0.13945804705552078, 0.09703567238801716, 0.9854620902884421]], "T": [0.014077993215269403, 0.09753581620561244, 0.0199198606211022], "aligned_model": [[-0.30722514300467435, 0.7368778023150756, 0.1057966123018321, -0.5477506704394384, 0.4362266667951941, -0.10188410084360247, -0.17638706047830827, 0.4824140673829743, 0.38506953648879944, -0.1533235635063345, -0.10949320043079641, -0.7188580068978399, 0.423604330840629, -0.12145754456479205], [-0.5218485565960678, 0.061982243245729526, -0.033230928894423306, 0.4838744466365821, 0.7233342595085185, 0.6312595653258283, -0.5947211833544711, -0.2737786119305645, -0.5610607732585153, 0.055234466245158355, 0.6648464165753555, -0.1623032594263508, 0.3190242638256845, 0.026179459382911704], [0.6506206426787956, 0.29484774926196167, 0.4928159588734262, 0.03541142663850942, 0.12320604235756584, 0.4654995303422388, -0.12991127344978504, -0.4027874133199897, 0.3005536975991081, -0.5410778020797895, -0.4068865841650462, -0.07930605545284321, -0.5197401845677256, -0.04255534106481844]], "inverted": true, "swapped": false, "error_lsq": 0.05218589138798458, "error_max": 0.30501178764727055, "target": "523.xyz", "model": "7.xyz", "model_rescale": 3.964800864290218, "target_rescale": 3.962824213834794},
{"mapping": [11, 0, 6, 10, 0, 3, 12, 7, 2, 8, 5, 9, 1, 13], "R": [[0.26452323655864596, -0.11734489703129652, -0.9572134727746224], [-0.7813224983660069, -0.6079004688358639, -0.14139368280173495], [-0.5652986917264533, 0.7852943366215314, -0.2524880076409755]], "T": [0.044751386785801886, 0.013665260118415588, 0.07131660696635032], "aligned_model": [[-0.5347996925789554, 0.6349627414333155, 0.001198137902468227, -0.6872746663253021, 0.6349627414333155, 0.1265016840776662, -0.1793881262605957, 0.3040588372700236, 0.6203067004900937, -0.28834563947192976, -0.27637071700593907, -0.5598508371091038, 0.5448573658333059, -0.007208803729644525], [-0.3795534678166875, 0.3430290037597178, 0.04192952173346766, 0.38648604636400874, 0.3430290037597178, 0.6399075563947456, -0.6697560604943319, -0.3575885490037082, -0.3026842946533865, 0.06643390133055604, 0.6846759984543825, -0.20848724731101023, 0.201078931209035, 0.03029146355886843], [0.5147496942545273, 0.3086548755672578, 0.6490795940169235, 0.05468735812497426, 0.3086548755672578, 0.4278277161195547, -0.1597065834536186, -0.4780315706927727, 0.15656781116035945, -0.6195664678083623, -0.3103847245253897, -0.1715025460936322, -0.45583613824291935, 0.015496499657447968]], "inverted": false, "swapped": false, "error_lsq": 0.05287946587957127, "error_max": 0.4123857435192805, "target": "523.xyz", "model": "8.xyz", "model_rescale": 4.121658175737393, "target_rescale": 3.962824213834794},
{"mapping": [6, 11, 9, 7, 0, 2, 3, 4, 10, 5, 8, 12, 13], "R": [[-0.09476490748746241, -0.6951683451080046, 0.7125732132691285], [-0.7515830134739985, 0.5193412701196612, 0.406703355048665], [-0.6527959759114912, -0.49701671713363443, -0.5716920471053175]], "T": [-0.08523318840171357, 0.01924942046611714, -0.049034925934149626], "aligned_model": [[-0.5454671197316967, -0.1880272546680353, 0.39103302319094513, 0.1761768935725987, -0.7625983514302889, -0.5754555037251807, 0.06352313243112234, 0.26429191167181165, 0.7004199503532683, -0.04568111442675071, -0.4551018532987128, 0.48367560841031143, -0.030051825914195647], [0.2876424465834905, -0.2953540575188495, 0.07319569722685179, 0.6845361239035401, -0.4116691734108865, -0.2359645181464746, -0.5519432194056418, -0.05337654164528812, -0.23577483620928494, -0.5913896644795815, 0.6480058761400228, 0.38864758732994203, 0.0838317190438696], [-0.4919522978708605, -0.6029513239693447, -0.6084944405879683, -0.2715385792693923, -0.2737139030955582, 0.34984691498264353, -0.014583079400935436, 0.5223803684270327, -0.04730629198330141, 0.6183692238233398, 0.21180337613900904, 0.029203427426672507, 1.2039337752275947e-05]], "inverted": true, "swapped": true, "error_lsq": 0.05069002204339987, "error_max": 0.3518904803220157, "target": "523.xyz", "model": "9.xyz", "model_rescale": 3.833441315466971, "target_rescale": 3.962824213834794},
{"mapping": [13, 12, 0, 5, 6, 1, 8, 7, 11, 3, 4, 2, 7, 14], "R": [[-0.8078881361463428, -0.32331526873532096, 0.4927311604481654], [0.4201730689458068, 0.2702672810889459, 0.8662621940875933], [-0.4132449051188058, 0.9068753132462014, -0.08249736127873009]], "T": [0.07554690543738737, 0.028350175387047684, 0.08748868580356073], "aligned_model": [[-0.6080281575662787, 0.5845355286976948, -0.1249137237728937, -0.5032017004726828, 0.35738959907496015, 0.10405974922785313, 0.050364697550962095, 0.38081960492282907, 0.625378391451398, -0.2362760404196658, -0.145017746405728, -0.5720805337322921, 0.38081960492282907, 0.039760452479733255], [-0.17854780677179702, 0.18838858941485787, 0.04361064351380007, 0.34895324663171207, 0.6403306640526963, 0.5465258732376457, -0.7459366570842598, -0.14996898402975192, -0.36016027782272975, 0.12598229986746476, 0.6835505977076844, -0.17038599007131291, -0.14996898402975192, -0.00358140733088258], [0.4418965012263968, 0.3673785654666398, 0.7381849405590626, 0.2278415387587097, 0.0022000840997768722, 0.6131215394284567, 0.001435679788347105, -0.47724561731213744, -0.02242967379995993, -0.7172201239245929, -0.30997354012290806, -0.1527880119868515, -0.47724561731213744, 0.00553412878280618]], "inverted": true, "swapped": false, "error_lsq": 0.04832800325050151, "error_max": 0.3939424204792813, "target": "523.xyz", "model": "10.xyz", "model_rescale": 4.2482417240324, "target_rescale": 3.962824213834794},
{"mapping": [5, 2, 6, 8, 10, 9, 11, 7, 1, 12, 4, 13], "R": [[-0.40037262577301813, 0.8702017846946691, 0.28714215024240447], [0.13133870765236583, -0.25562369977741084, 0.9578134828787466], [0.9068913410127066, 0.4211951780663224, -0.011946445908884551]], "T": [-0.007607945221662103, 0.018411404298982935, 0.08619077695718957], "aligned_model": [[-0.776749729644158, -0.18564436318639205, 0.5410861849250129, 0.5857514142093814, -0.5146728712709631, 0.05429995058662657, -0.05821620384715931, 0.550817324459984, -0.024227196719853787, 0.08123282859977418, -0.3890238923591906, 0.012112156609944767], [-0.3824679675726925, -0.6394657489951433, -0.1051004348752298, -0.3278112380615925, 0.6432736636485441, 0.713935473201885, 0.16196111770652039, 0.4578388536784687, -0.4400621741894747, 0.5194983654561366, 0.013960706159266319, 0.05057077389395082], [-0.17378884223575491, 0.07847838638568452, 0.4907960951446826, -0.2718995498392099, -0.1001517348722665, 0.32102760462950475, 0.7132455021380111, -0.14942382231204243, -0.5004772354178635, -0.3690593070342039, -0.4692008246530104, -0.004353982079174756]], "inverted": true, "swapped": true, "error_lsq": 0.04949091523224438, "error_max": 0.2571852936883084, "target": "523.xyz", "model": "11.xyz", "model_rescale": 3.6694154284099745, "target_rescale": 3.962824213834794},
{"mapping": [11, 2, 8, 4, 1, 3, 7, 12, 10, 5, 0, 6, 12, 13], "R": [[0.5956088995258937, -0.7894882762748382, 0.14818333384742963], [-0.33811341533942535, -0.07906417802211393, 0.9377783182187551], [-0.728648994491218, -0.6086518852170528, -0.31402790552539184]], "T": [-0.03375558379242046, -0.033758688648220896, 0.02747717676703458], "aligned_model": [[-0.5648178163779722, 0.5185697091078679, 0.13160813840196145, -0.41743181178125544, 0.3459913136769056, 0.07807561383754669, -0.08667165657464473, 0.4820275534860699, 0.44509178294348334, -0.22130662141461815, -0.24305698329378803, -0.5645486357077727, 0.4820275534860699, -0.051948413831135506], [-0.20011031165947885, 0.17145248385530004, -0.0807007949578025, 0.5428678333501528, 0.7225113921346802, 0.5640584682341852, -0.7319266279349305, 0.009185469229567624, -0.4500260104511601, -0.22950327047886696, 0.48583599533532057, -0.07199809971265808, 0.009185469229567624, 0.07795981111149883], [0.5125840634939123, 0.30879322482447774, 0.7643958489068636, 0.2881936050077782, 0.04540349475505005, 0.6368681274522289, -0.2213736545817872, -0.4128545786967457, 0.058388396049705776, -0.7282208181009313, -0.4163157399951315, -0.16396815990508518, -0.4128545786967457, -0.018348836861982118]], "inverted": true, "swapped": false, "error_lsq": 0.055075903965845385, "error_max": 0.34672521976700993, "target": "523.xyz", "model": "12.xyz", "model_rescale": 3.9764082729961374, "target_rescale": 3.962824213834794},
{"mapping": [7, 9, 0, 8, 12, 1, 4, 6, 5, 14, 11, 3, 13, 15], "R": [[0.870818158864546, -0.4711739987826721, -0.14025261873815129], [-0.33767936613340044, -0.7806389831649558, 0.5259043864153721], [-0.357279134402651, -0.41060667412297464, -0.8389003393050705]], "T": [0.06662875302272142, 0.11566942767345406, 0.05301481089256983], "aligned_model": [[-0.4548932499964393, 0.4662826944748164, 0.06550397848529446, -0.5194525841754739, 0.5419913823195701, 0.1055094064111779, 0.02189542486019872, 0.3206801106365058, 0.7066900731048005, -0.18477301446534278, -0.3456367057804664, -0.7216876285371514, 0.32974207371066716, 0.001757764910560844], [-0.3024109521958995, 0.0849706733777757, -0.2595274718825381, 0.5002191883178728, 0.5413962072980628, 0.60244804526143, -0.5982966924121562, -0.3253194514512145, -0.4001305931001277, 0.03411783014668185, 0.5746430146070411, 0.013135534714974334, 0.3169271801446601, 0.03661929445881244], [0.4055162935251538, 0.5011592519873147, 0.6745724952212829, 0.14402571367264627, 0.052230765795193604, 0.4590412269201744, 0.11716331438744483, -0.5167619189606185, 0.21762268111595084, -0.7012759339928345, -0.44691032022660554, -0.22354898043366217, -0.46152113900179864, 0.019376943641966037]], "inverted": false, "swapped": false, "error_lsq": 0.048062266465511524, "error_max": 0.25336359255434043, "target": "523.xyz", "model": "13.xyz", "model_rescale": 4.170626492500431, "target_rescale": 3.962824213834794},
{"mapping": [9, 5, 11, 10, 12, 12, 3, 2, 6, 0, 8, 1, 4, 13], "R": [[0.35763233241895137, -0.8599569756038341, 0.3641059116780275], [-0.8282652539819906, -0.47218741270464404, -0.3016881110177247], [0.4313650239121497, -0.19368285260600926, -0.8811419685565259]], "T": [-0.04262862444412736, 0.018394617210974122, -0.09886592393357922], "aligned_model": [[-0.6207511505536394, 0.6307418908023099, 0.0407938531940474, -0.3471079377345269, 0.2236391397746093, 0.2236391397746093, -0.046049307245756524, 0.27537161759441947, 0.6311462080719514, -0.3060225516771731, -0.12275325701535933, -0.7126924180011895, 0.452404026940008, 0.011250472034408064], [-0.15553151545935187, 0.17664207351427574, -0.18306495429485997, 0.37622905050414646, 0.6123484177664504, 0.6123484177664504, -0.6580895341508062, -0.3027545172454118, -0.38683416200410503, -0.060407133678269324, 0.7262497619763808, -0.33698754215145826, 0.400969835726641, -0.0023263909847070635], [0.44134744469309534, 0.49168442965746667, 0.5735285900271904, 0.2135043228934675, 0.23583764899302334, 0.23583764899302334, 0.034667204223391715, -0.5770617486097094, 0.1999758044007917, -0.6282734509686839, -0.308812179173804, -0.22349538781014372, -0.43299465187283254, -0.015055281794668293]], "inverted": true, "swapped": false, "error_lsq": 0.05050244438188144, "error_max": 0.44394427332249126, "target": "523.xyz", "model": "14.xyz", "model_rescale": 3.9786697098870705, "target_rescale": 3.962824213834794},
{"mapping": [3, 10, 2, 0, 4, 8, 9, 7, 6, 11, 12, 13], "R": [[-0.028539059021131352, 0.6970132034557247, -0.7164901369304236], [-0.9995923607692471, -0.019329055477130874, 0.02101189915561824], [0.0007964935356008507, 0.7167977272723114, 0.6972807065847277]], "T": [0.08836322020387993, 0.019193969635279664, -0.07483027805951553], "aligned_model": [[-0.10901377576205107, -0.7146406304517043, 0.5839992491506614, 0.7025297159643036, -0.21843574313209807, 0.5346267488330383, -0.42508486422723074, -0.12802942985764343, 0.5335594508662076, 0.1161008412924699, -0.43581562963063564, 0.04355866372201911], [-0.36836185388615483, -0.07415329610511202, 0.026797603087981327, -0.533378988992216, 0.3792702515963329, 0.6146587117267155, -0.24543086948096912, 0.4055490808720998, -0.12419190447002582, -0.5894628331578795, 0.41708042668261974, 0.10629816235104733], [-0.47535394737136344, -0.24442484729694497, -0.5426399695843971, -0.18644426594175645, -0.5545981717841428, 0.14068012446004224, 0.38242174515588584, 0.5287866977591869, 0.4363122594878192, 0.137614691808077, 0.10725861614755258, -0.06964643896612895]], "inverted": true, "swapped": true, "error_lsq": 0.05239038976161466, "error_max": 0.34183079297410823, "target": "523.xyz", "model": "15.xyz", "model_rescale": 3.769337070930944, "target_rescale": 3.962824213834794},
{"mapping": [6, 2, 9, 11, 7, 8, 12, 1, 10, 3, 13], "R": [[0.9075333587504281, 0.2123120253974011, -0.3623628107668066], [-0.4037902911046806, 0.20384723525457787, -0.8918518405478919], [-0.11548421348723165, 0.9557038812052185, 0.27072770062281665]], "T": [-0.0829201453859759, -0.005836314092943759, 0.012447137930768355], "aligned_model": [[-0.33362006097620084, -0.31179343264260334, -0.0844729360743973, -0.6315975063037143, 0.4149116949646203, 0.3153958792245, 0.5009417314000787, 0.3208725846087348, 0.12090331741804856, -0.4036530446115393, 0.014737903683643139], [-0.06073907141292616, -0.6242922001009011, 0.7196225612462708, 0.30518376158507143, 0.30586568420633586, -0.48379042696859526, 0.3447484324291282, -0.6025155224926912, 0.585453872381396, 0.1075652304828524, -0.0010378237305987102], [-0.6311063765036823, 0.18474957946564727, -0.1157779089613872, -0.12387971405986045, -0.45172398080170384, -0.44915695669628897, 0.06173313037277701, 0.2010709219648521, 0.5520054067891461, 0.4960243309445903, 0.020279174709686716]], "inverted": false, "swapped": true, "error_lsq": 0.05185553942606502, "error_max": 0.3065160364843633, "target": "523.xyz", "model": "16.xyz", "model_rescale": 3.7852294659196426, "target_rescale": 3.962824213834794},
{"mapping": [9, 12, 4, 10, 7, 7, 8, 1, 3, 0, 6, 2, 13], "R": [[-0.5930823715185956, 0.39085781054597135, 0.7039058690827122], [-0.00686996728418765, -0.8766880662137232, 0.48101022661473325], [0.8051124791874693, 0.28044287563361703, 0.5226334177633063]], "T": [0.09327828628442765, 0.10218664787917825, -0.04340886605324522], "aligned_model": [[-0.21062794567127446, -0.39847513502619264, 0.1809163753701276, 0.10733685709708542, -0.6501799031600068, -0.6501799031600068, -0.33416069453582325, 0.1099263856947595, 0.5920175910378346, 0.6428992797364115, -0.11881212905844728, 0.5557223454373563, 0.027382726454459175], [-0.24545878775842184, -0.35881099777500775, -0.3437541913296082, -0.7116158251110092, 0.05918552731294535, 0.05918552731294535, 0.5715438836967758, 0.18174990139214364, -0.19062170686855057, 0.6750651161053907, 0.682210087036921, 0.43843707755637185, 0.05794001213197773], [-0.6174457175503296, 0.06564711975070038, 0.4539985100994029, -0.18418921143388828, -0.12002693607613164, -0.12002693607613164, 0.40063373608501684, 0.6968924968476498, -0.16628595034871246, -0.2978141836305363, -0.3574412722258032, 0.3275897008071779, 0.014223340894758893]], "inverted": false, "swapped": true, "error_lsq": 0.055411999790857494, "error_max": 0.31701880374574726, "target": "523.xyz", "model": "17.xyz", "model_rescale": 3.901054581598922, "target_rescale": 3.962824213834794},
{"mapping": [4, 9, 10, 8, 5, 5, 6, 12, 11, 0, 2, 1, 3, 14], "R": [[0.3732988457827249, 0.7721357440399185, 0.5142512659325278], [-0.8318816919004258, 0.523964278777832, -0.18285044502464798], [-0.4106346580820607, -0.3595383530873283, 0.837920849627864]], "T": [0.011401391552354308, 0.03079983788572382, -0.009360023534453744], "aligned_model": [[-0.5569313503847104, 0.5610948684732923, 0.12291197170990581, -0.4791022868534389, 0.1569760556199259, 0.1569760556199259, -0.08211582644334817, 0.6139623195718125, 0.5202006038055798, -0.34600440597374166, -0.09466321202657202, -0.5616430828166517, 0.2574427124497188, 0.06450530320701985], [-0.12590883606790668, 0.16511395741709628, -0.15989896350082494, 0.42970850565346724, 0.566333351924096, 0.566333351924096, -0.713121125721295, -0.19523675903795412, -0.5535867133593183, 0.09787474001382816, 0.7794383485611245, -0.2979071606137416, 0.2421422179352214, 0.0175068921574867], [0.5179105482404187, 0.3282587260328304, 0.7803570813781352, 0.19237313781990384, 0.27716732161596436, 0.27716732161596436, 0.030160542181255644, -0.3805781385998469, 0.18128810591112754, -0.6751426997124436, -0.3440670330061286, -0.23129985539989084, -0.7008829489092161, -0.012021715516466393]], "inverted": false, "swapped": false, "error_lsq": 0.05430379166838888, "error_max": 0.3854637675801499, "target": "523.xyz", "model": "18.xyz", "model_rescale": 3.9405287249114394, "target_rescale": 3.962824213834794},
{"mapping": [14, 5, 10, 1, 6, 2, 13, 7, 9, 4, 0, 12, 8, 15], "R": [[-0.2763111576698757, -0.720351217229668, 0.6361967211349561], [-0.03319877333057064, 0.668727371930091, 0.7427661431977223], [-0.960494656724585, 0.18411362216633959, -0.20869161108274542]], "T": [-0.08389422208779218, -0.014118623584601427, 0.008433124491117931], "aligned_model": [[-0.49638671838084863, 0.658940878948593, -0.16170062094766577, -0.37416748444629166, 0.23956929116881054, 0.18729911568649737, -0.10139854911859891, 0.31892306606525017, 0.5801557240345336, -0.24708812393839846, -0.08105452990780626, -0.6076574778074507, 0.49318644014890445, -0.0750112855468105], [-0.480597799885552, 0.23387178952379603, -0.003788631528730886, 0.5759822630185029, 0.6587757807310716, 0.518299368861947, -0.6856692126127567, -0.30553900853402627, -0.3987861978392211, -0.033091028232778714, 0.4862977281918616, -0.09758281009020037, 0.3485257970018188, 0.002093768679643143], [0.46885258612984476, 0.2876452489296128, 0.7905734523780706, 0.06358564727496312, 0.03789380718129239, 0.6395516061402244, 0.015009619234015191, -0.4900023683685906, -0.0004197467119423162, -0.7040785083098622, -0.46300050708283885, -0.1288433984044412, -0.31980320656617406, 0.04372616182743393]], "inverted": true, "swapped": false, "error_lsq": 0.046229392920101746, "error_max": 0.26302300297856307, "target": "523.xyz", "model": "19.xyz", "model_rescale": 4.410303926677745, "target_rescale": 3.962824213834794},
{"mapping": [11, 0, 6, 10, 0, 3, 12, 7, 2, 8, 5, 9, 1, 13], "R": [[0.26452323655864596, -0.11734489703129652, -0.9572134727746224], [-0.7813224983660069, -0.6079004688358639, -0.14139368280173495], [-0.5652986917264533, 0.7852943366215314, -0.2524880076409755]], "T": [0.044751386785801886, 0.013665260118415588, 0.07131660696635032], "aligned_model": [[-0.5347996925789554, 0.6349627414333155, 0.001198137902468227, -0.6872746663253021, 0.6349627414333155, 0.1265016840776662, -0.1793881262605957, 0.3040588372700236, 0.6203067004900937, -0.28834563947192976, -0.27637071700593907, -0.5598508371091038, 0.5448573658333059, -0.007208803729644525], [-0.3795534678166875, 0.3430290037597178, 0.04192952173346766, 0.38648604636400874, 0.3430290037597178, 0.6399075563947456, -0.6697560604943319, -0.3575885490037082, -0.3026842946533865, 0.06643390133055604, 0.6846759984543825, -0.20848724731101023, 0.201078931209035, 0.03029146355886843], [0.5147496942545273, 0.3086548755672578, 0.6490795940169235, 0.05468735812497426, 0.3086548755672578, 0.4278277161195547, -0.1597065834536186, -0.4780315706927727, 0.15656781116035945, -0.6195664678083623, -0.3103847245253897, -0.1715025460936322, -0.45583613824291935, 0.015496499657447968]], "inverted": false, "swapped": false, "error_lsq": 0.05287946587957127, "error_max": 0.4123857435192805, "target": "523.xyz", "model": "20.xyz", "model_rescale": 4.121658175737393, "target_rescale": 3.962824213834794},
{"mapping": [0, 6, 8, 2, 1, 11, 7, 3, 9, 10, 12, 5, 13], "R": [[-0.3308031991236244, -0.28514099770957, -0.8995909375236983], [-0.9436962748178879, 0.10254455018162961, 0.3145186101376013], [0.0025659977429752234, 0.9529843790184801, -0.3030085625891532]], "T": [0.0534180291979396, -0.028783092311936907, 0.04398042096260888], "aligned_model": [[0.2505470240664722, -0.2146325265663508, 0.26621628859322216, 0.6706446477271597, 0.6813305943481627, -0.30380497461282985, -0.42467168971457847, 0.1738043053337075, -0.6446813615401265, -0.20067090721315928, -0.2104528464937228, 0.7811095429019227, 0.05634480783441534], [-0.6631497826579237, -0.07193410276407472, 0.5419728187095967, -0.22112094205995503, 0.3716348272597085, -0.547226526143973, 0.5412193063249928, -0.4880833984275149, -0.08090780996643757, -0.06486706854842378, 0.46811000733156066, -0.3058083060317916, 0.060987881137418834], [0.5476808309024459, 0.681407103986335, 0.5226543397058663, 0.25984206380291447, 0.037281268116959095, 0.18530796922176843, 0.12750880352971183, -0.30833588277770585, -0.1855297271320554, -0.7411488506584237, -0.3429341344594707, -0.4181828073228454, 0.004558762566289454]], "inverted": true, "swapped": true, "error_lsq": 0.04736040327779042, "error_max": 0.315421766752858, "target": "523.xyz", "model": "21.xyz", "model_rescale": 4.08911054899281, "target_rescale": 3.962824213834794},
{"mapping": [3, 9, 14, 2, 11, 15, 7, 6, 10, 0, 1, 4, 8, 16], "R": [[-0.21242741631157455, 0.9576324190820232, -0.19446013144678556], [-0.7699987539173568, -0.04151633675637402, 0.6366932642552844], [0.6016448385591844, 0.284985164009363, 0.7461949775558996]], "T": [0.07120947529089817, 0.021612872001125397, 0.054880843311672006], "aligned_model": [[-0.584878593199012, 0.5681206217002565, -0.0522671304603088, -0.5169960663966062, 0.4479686263795316, -0.039824343860744044, 0.0973206910571308, 0.32932066716830927, 0.67437009878715, -0.31893993432977197, -0.1340296318319329, -0.6106240056176915, 0.4367357210267843, 0.03733300553562281], [-0.19390283281095155, -0.076491528494418, 0.00021239996063977806, 0.4359548281166042, 0.6872373948168318, 0.629578472538017, -0.647965328675549, -0.2301058109576034, -0.514332036077563, -0.17827322484688302, 0.6423845465149663, -0.0806365602452625, 0.3509060664239162, -0.005774578977369833], [0.5815498576451621, 0.555882291153957, 0.6842600085019958, 0.11478754997929771, 0.025055234251956576, 0.4416059879074049, -0.18340349440113307, -0.5974844269384494, 0.045096826596862455, -0.5837962148631034, -0.3951389543581022, -0.04971525501482499, -0.4337075047331169, 0.03569848792370099]], "inverted": false, "swapped": false, "error_lsq": 0.044033502460164575, "error_max": 0.2744675265697153, "target": "523.xyz", "model": "22.xyz", "model_rescale": 4.204369325754507, "target_rescale": 3.962824213834794},
{"mapping": [14, 5, 10, 1, 6, 2, 13, 7, 9, 4, 0, 12, 8, 15], "R": [[-0.2763111576698757, -0.720351217229668, 0.6361967211349561], [-0.03319877333057064, 0.668727371930091, 0.7427661431977223], [-0.960494656724585, 0.18411362216633959, -0.20869161108274542]], "T": [-0.08389422208779218, -0.014118623584601427, 0.008433124491117931], "aligned_model": [[-0.49638671838084863, 0.658940878948593, -0.16170062094766577, -0.37416748444629166, 0.23956929116881054, 0.18729911568649737, -0.10139854911859891, 0.31892306606525017, 0.5801557240345336, -0.24708812393839846, -0.08105452990780626, -0.6076574778074507, 0.49318644014890445, -0.0750112855468105], [-0.480597799885552, 0.23387178952379603, -0.003788631528730886, 0.5759822630185029, 0.6587757807310716, 0.518299368861947, -0.6856692126127567, -0.30553900853402627, -0.3987861978392211, -0.033091028232778714, 0.4862977281918616, -0.09758281009020037, 0.3485257970018188, 0.002093768679643143], [0.46885258612984476, 0.2876452489296128, 0.7905734523780706, 0.06358564727496312, 0.03789380718129239, 0.6395516061402244, 0.015009619234015191, -0.4900023683685906, -0.0004197467119423162, -0.7040785083098622, -0.46300050708283885, -0.1288433984044412, -0.31980320656617406, 0.04372616182743393]], "inverted": true, "swapped": false, "error_lsq": 0.046229392920101746, "error_max": 0.26302300297856307, "target": "523.xyz", "model": "23.xyz", "model_rescale": 4.410303926677745, "target_rescale": 3.962824213834794},
{"mapping": [1, 4, 3, 0, 5, 2, 11, 14, 9, 13, 12, 7, 6, 16], "R": [[-0.26987287010471117, -0.4212251837294278, 0.8658741124283341], [-0.960511739735076, 0.05452341758727991, -0.2728450013573649], [0.06771877001646665, -0.90531571373014, -0.4193061252363768]], "T": [0.12798801903830956, -0.06300418101151156, -0.009846536370657438], "aligned_model": [[-0.5135184903199641, 0.4539250859218841, -0.10994034830891644, -0.3726645397580568, 0.39899036624914974, 0.039300699490041474, -0.036038300565256004, 0.3399694845148584, 0.5741401644439207, -0.13838439891725143, -0.1796362181306211, -0.5190905405954589, 0.321356206705137, 0.07520055522925145], [-0.3675678719650321, 0.22793114331476788, 0.149971466568676, 0.45468048515377163, 0.504419878896817, 0.6290836208366244, -0.6677846563763339, -0.3782357607738344, -0.5027025562917826, 0.01628710869068402, 0.6149610666126035, -0.12120573525195386, 0.30132042526133523, -0.042366807390968216], [0.4718646905839037, 0.5221365822352293, 0.8311543258068699, 0.2176076631380736, -0.023619606881516403, 0.578407647688188, -0.09960972317667048, -0.5700633688824988, -0.01564184087035611, -0.6555595145265927, -0.313007032649284, -0.15067555833907892, -0.6484187053714519, 0.09611483489679239]], "inverted": false, "swapped": false, "error_lsq": 0.03961652176714277, "error_max": 0.25598513129020994, "target": "523.xyz", "model": "24.xyz", "model_rescale": 4.28219845311461, "target_rescale": 3.962824213834794},
{"mapping": [5, 7, 9, 11, 13, 12, 1, 0, 4, 6, 14, 8, 2, 15], "R": [[0.8608458569193939, 0.13781214137287784, -0.4898491852753624], [0.35752594785294095, 0.5211985751260487, 0.7749369276905269], [0.36210441482612526, -0.8422350378467987, 0.3994002175595689]], "T": [0.041686682013789514, 0.05088855388441542, 0.07343558819559406], "aligned_model": [[-0.6261791564002495, 0.6396662404394169, -0.008425411134215785, -0.3731147431401873, 0.45732747088395703, -0.041721401696063296, -0.10137228022540358, 0.2812987484525809, 0.6534720359835755, -0.2779174382040526, -0.17926463091492528, -0.5365564540529415, 0.37737687871337783, 0.06901986725384882], [-0.33896874420484174, 0.042470677836684484, 0.08357193508557571, 0.3513680032220492, 0.4669255802301934, 0.7523753860051786, -0.5721409413047193, -0.36124902385765495, -0.33316874197787216, -0.01388549868771298, 0.6694843484877085, -0.24781095206412002, 0.3052715400698714, 0.014548238445035194], [0.43015282904638075, 0.5713267337466689, 0.7467068994754188, 0.2581758097624651, 0.1575330570858749, 0.36563280954797195, 0.0381399752374893, -0.5885937515361411, -0.03999830087078152, -0.766715983495005, -0.3121346195601745, -0.16814159960705544, -0.4663619780892876, 0.014968512907782935]], "inverted": false, "swapped": false, "error_lsq": 0.039866912723308334, "error_max": 0.24901726558169907, "target": "523.xyz", "model": "25.xyz", "model_rescale": 4.100010024507729, "target_rescale": 3.962824213834794},
{"mapping": [5, 2, 6, 8, 10, 9, 11, 7, 1, 12, 4, 13], "R": [[-0.40037262577301813, 0.8702017846946691, 0.28714215024240447], [0.13133870765236583, -0.25562369977741084, 0.9578134828787466], [0.9068913410127066, 0.4211951780663224, -0.011946445908884551]], "T": [-0.007607945221662103, 0.018411404298982935, 0.08619077695718957], "aligned_model": [[-0.776749729644158, -0.18564436318639205, 0.5410861849250129, 0.5857514142093814, -0.5146728712709631, 0.05429995058662657, -0.05821620384715931, 0.550817324459984, -0.024227196719853787, 0.08123282859977418, -0.3890238923591906, 0.012112156609944767], [-0.3824679675726925, -0.6394657489951433, -0.1051004348752298, -0.3278112380615925, 0.6432736636485441, 0.713935473201885, 0.16196111770652039, 0.4578388536784687, -0.4400621741894747, 0.5194983654561366, 0.013960706159266319, 0.05057077389395082], [-0.17378884223575491, 0.07847838638568452, 0.4907960951446826, -0.2718995498392099, -0.1001517348722665, 0.32102760462950475, 0.7132455021380111, -0.14942382231204243, -0.5004772354178635, -0.3690593070342039, -0.4692008246530104, -0.004353982079174756]], "inverted": true, "swapped": true, "error_lsq": 0.04949091523224438, "error_max": 0.2571852936883084, "target": "523.xyz", "model": "26.xyz", "model_rescale": 3.6694154284099745, "target_rescale": 3.962824213834794},
{"mapping": [3, 5, 7, 6, 0, 1, 9, 10, 8, 11, 2, 12, 4, 13], "R": [[0.7184174887400733, -0.6561090718105167, 0.23107833684780765], [0.531339678165146, 0.7319940681242728, 0.42645378487971775], [-0.4489481688121312, -0.18359076806533492, 0.8744941232515029]], "T": [0.08048001334201638, 0.01505884203851237, 0.021761789032231388], "aligned_model": [[-0.49252227740852184, 0.5755252394273764, 0.09792947047706811, -0.44265594004922726, 0.3430581048569191, -0.03157914148572899, -0.14865987510006815, 0.2652781850977987, 0.5880986575606715, -0.39997063622804485, -0.12023151117744493, -0.687886649605927, 0.7218736097206575, 0.06535248987318953], [-0.2717262695119183, 0.30194485222679796, -0.252927476820225, 0.4280800543622049, 0.6216439484570302, 0.6310849522995842, -0.6233430815206906, -0.23137584554127588, -0.37300882758871284, -0.12915621396239493, 0.46899176788008395, -0.03708957856449769, 0.23129530897728712, 0.05437821659210205], [0.513954733842684, 0.5682095367716576, 0.5909782452847528, 0.18587359313081905, 0.015390159666968523, 0.6443380743111153, -0.04753056978900841, -0.4949686052410388, 0.012597278038274436, -0.6743306331327806, -0.44276961891051125, -0.16961748585484326, -0.44448558627323376, -0.016948728193248386]], "inverted": true, "swapped": false, "error_lsq": 0.047030244561265554, "error_max": 0.3458754758098566, "target": "523.xyz", "model": "27.xyz", "model_rescale": 4.103607728864725, "target_rescale": 3.962824213834794},
