[{"mapping": [5, 10, 0, 4, 1, 7, 6, 9, 3, 8, 2, 11], "R": [[0.18613536059476815, 0.786483031992969, -0.5888956341520983], [-0.614823272141642, 0.5607542780425321, 0.5545691874690145], [0.7663850021818668, 0.25884180505502785, 0.5879242709623026]], "T": [0.07196232727472744, 0.06289056175461999, 0.08917375246975204], "aligned_model": [[-0.4810356373351666, -0.10950352700446077, 0.05862529866667264, 0.7781971042430588, -0.4030501872366971, -0.8445468062794113, -0.3601118827617714, 0.12197239828955024, 0.6044176274308595, 0.3203957054368131, 0.24745660475998854, 0.04899725690780117], [0.12736123495188842, 0.694501893722886, -0.2230905508147521, -0.014648613636888352, -0.46172881343070843, 0.2996840799382866, -0.022130609668445766, 0.4378050306458663, 0.4957543510516844, -0.23255184589780808, -0.7189261832491578, 0.04265972900107221], [-0.5262310866115748, -0.0837384073827635, -0.45930443389958153, -0.29497281177836465, 0.05726479202532342, 0.11247928237267282, 0.6647063448449725, 0.5648780285079774, 0.14532362368915122, 0.5932552251174982, 0.0072312031559362, 0.0267592121987347]], "inverted": false, "swapped": false, "error_lsq": 0.049587475672913155, "error_max": 0.3082669008299632, "target": "524.xyz", "model": "0.xyz", "model_rescale": 3.751011558992144, "target_rescale": 3.8272752788583313},
{"mapping": [4, 1, 8, 2, 10, 6, 11, 12, 3, 13, 9, 14], "R": [[0.39587320936012366, -0.7695099823026497, 0.5011374953518164], [-0.5335575812351712, 0.2514114456408186, 0.8075324095708282], [-0.7473959523688831, -0.5870661565252845, -0.3110508290380219]], "T": [0.018078441082456667, 0.07186096234155197, 0.009577857464446948], "aligned_model": [[-0.49987829119242094, -0.2424241451663524, 0.146561850697343, 0.7937970645268794, -0.5397731018963814, -0.6337723875329452, -0.4693548699087459, 0.1437186921915028, 0.607967107868964, 0.6042166360771379, 0.05219145427746154, 0.018563945174794025], [-0.052575357866919845, 0.6263398574997568, -0.06009506148640682, 0.06456373729843905, -0.5282788027988757, 0.3967416545900538, -0.04032235476031877, 0.22036683543370333, 0.4374100882732874, -0.21435475774135454, -0.48301476027030704, 0.05790862444286572], [-0.575067672420041, -0.32265264507506164, -0.627993999951736, -0.2766833339958496, -0.02340193062133064, 0.19197516640207654, 0.631313058033669, 0.7266103790669227, 0.3286563538256971, 0.3289910322809831, 0.3633275657625862, 0.062576998932066]], "inverted": true, "swapped": false, "error_lsq": 0.04809093790876794, "error_max": 0.2732398796986972, "target": "524.xyz", "model": "1.xyz", "model_rescale": 3.9405287249114394, "target_rescale": 3.8272752788583313},
{"mapping": [7, 6, 3, 10, 4, 1, 2, 5, 11, 9, 8, 12], "R": [[-0.4593015197067641, -0.6667714787978796, 0.5869053663553827], [-0.3266869332244232, 0.7412104568539195, 0.5864151313794908], [-0.8260252790656462, 0.07760704679404529, -0.5582646188255428]], "T": [-0.07866324163887917, 0.11092314709697786, 0.06630774205661327], "aligned_model": [[-0.44105235687652433, -0.04804763606121276, 0.07155609396839704, 0.6598615181992133, -0.4245886607914322, -0.8590193324662928, -0.3215911913151692, 0.1384512698189983, 0.5031900135763213, 0.5907969619166895, 0.2315094661242233, -0.11925219097597499], [0.20045633201227553, 0.58197946476599, -0.07984953075247254, -0.20567840227749862, -0.46879476578485074, 0.1478928257078702, 0.07019273599704538, 0.3937428130022018, 0.5102884362947477, -0.20091320597577572, -0.5970981075765721, 0.07247110720096227], [-0.6333834692018541, -0.20299566243105216, -0.45122449381353, -0.19026925876797185, -0.12331943888240016, 0.19632292090212625, 0.7015216213125023, 0.6995143480458542, 0.16412616678651215, 0.3902864942112582, 0.12277511670038081, 0.13429662737815573]], "inverted": false, "swapped": false, "error_lsq": 0.04634433835046891, "error_max": 0.23616865680034888, "target": "524.xyz", "model": "2.xyz", "model_rescale": 3.932901565614263, "target_rescale": 3.8272752788583313},
{"mapping": [7, 9, 3, 11, 0, 4, 2, 6, 12, 10, 1, 13], "R": [[0.7395628161044792, 0.3721367907065701, 0.5608574239842303], [-0.256381621146838, -0.6146974633246248, 0.745932632963856], [0.6223466119243612, -0.6954575742522946, -0.3591983533389074]], "T": [0.009966291387947525, 0.02395002351141711, -0.06125867888894261], "aligned_model": [[-0.4591416230617527, 0.13762959162739133, -0.03915143165767143, 0.8246562683046731, -0.47072270520546605, -0.7920079433397503, -0.41575263233832255, 0.027819644007282034, 0.39634687262836055, 0.5980358669173002, 0.12045580603535416, 0.053646241199838615], [0.39022511517092295, 0.6865552417529422, -0.31905609628310505, -0.20404786283470694, -0.4400867197676706, 0.1544293908140677, -0.23245970648229247, 0.24981862518964193, 0.5915255460094851, 0.03604244094998021, -0.5945763122891056, 0.10632004038376372], [-0.4556225580381561, -0.35186037523622754, -0.4362516510198063, -0.3476254082772453, -0.010678855006665891, 0.2597379972293602, 0.6074843969811546, 0.5832232008081761, 0.2729536531110907, 0.3476097450306002, 0.3311516420588034, 0.00752918459889719]], "inverted": false, "swapped": false, "error_lsq": 0.056571338316355774, "error_max": 0.30021637979625765, "target": "524.xyz", "model": "3.xyz", "model_rescale": 3.9243930471874484, "target_rescale": 3.8272752788583313},
{"mapping": [6, 3, 5, 0, 9, 10, 8, 4, 2, 7, 1, 12], "R": [[-0.22923473225316618, 0.3199306409186048, 0.9192909346503041], [-0.7825073063789124, 0.5011294668042712, -0.3695288526814726], [-0.5789073785956073, -0.8040607206560195, 0.13547178490624748]], "T": [-0.17652687432870837, -0.006038399708788528, 0.06881721063957245], "aligned_model": [[-0.3600961513009432, 0.024227475394334647, 0.09644532575018708, 0.5762844538193898, -0.48709692235282875, -0.7427803688574569, -0.3911185076126621, 0.008152668540661517, 0.6441012864510239, 0.3961925664552345, 0.3225652944432611, -0.1050631656129648], [0.2515334647423354, 0.593327997422994, -0.2562609344179574, 0.05982680535925469, -0.6176138200103631, 0.3882644327610929, -0.11886855213345698, 0.377149885235041, 0.38879045618418406, -0.08313378704452662, -0.5169346257074605, -0.04139161977721434], [-0.5803942879737632, -0.16229095326040371, -0.5918627125325254, -0.3213868799769056, 0.2337691500950464, 0.21376539365378444, 0.6498130424185778, 0.482855221174165, 0.21678371564356813, 0.6246656632881846, 0.061581651691548084, -0.019648031981294903]], "inverted": true, "swapped": false, "error_lsq": 0.05233554128813107, "error_max": 0.26785351646755456, "target": "524.xyz", "model": "4.xyz", "model_rescale": 3.8936222436046832, "target_rescale": 3.8272752788583313},
{"mapping": [0, 9, 3, 8, 2, 1, 4, 5, 6, 7, 10, 11], "R": [[-0.5912412627635333, -0.3405556607162603, -0.7310647106514542], [0.16022007526255805, 0.8388056876517131, -0.520321579262284], [0.7904196965464886, -0.42476683052852476, -0.4413726803893832]], "T": [0.07898711366305276, 0.01577236688492927, 0.028972806919771672], "aligned_model": [[-0.5479229966377107, 0.17753111680257555, -0.014998518208303377, 0.6524497694398632, -0.5299438404710599, -0.5595705272403334, -0.27881240780800726, -0.04834980074639551, 0.32235008393309356, 0.5975513787412067, 0.20619142427864168, 0.0053382730336666295], [0.16813149368393054, 0.46704869281689954, -0.23377274505741338, -0.124339906722781, -0.4148564360315469, 0.4869903348778568, -0.34611882056460536, 0.2982145869521206, 0.6885229808018509, -0.024895802320100198, -0.5951074530523065, 0.05487277723001809], [-0.5764103106683814, -0.3817274498610557, -0.48012047571968164, -0.41529283382313953, -0.001365158077314181, 0.14432675373377016, 0.6385947141608886, 0.7780939984495938, 0.3793864257810592, 0.415217198963877, 0.12953278126010215, 0.1774153280402634]], "inverted": true, "swapped": false, "error_lsq": 0.05293481505419684, "error_max": 0.2974086974289335, "target": "524.xyz", "model": "5.xyz", "model_rescale": 3.6523030999806103, "target_rescale": 3.8272752788583313},
{"mapping": [8, 9, 6, 10, 1, 5, 3, 7, 11, 4, 2, 12], "R": [[-0.5367393252633089, -0.6895686417757312, 0.48621598595219095], [0.05387381680626552, 0.5470726891947785, 0.8353496780390343], [-0.842026429857527, 0.47455933350505963, -0.2564857313860182]], "T": [-0.05557773377812962, 0.024310252818767242, 0.03703568130918731], "aligned_model": [[-0.40677779793416124, 0.17784676004070887, -0.013902492715715593, 0.6165632429290107, -0.4504461599194815, -0.7022592691317254, -0.12178211813644933, -0.14925174159118546, 0.5243490438626526, 0.42281095255878776, 0.20163473130978532, -0.11697119615498999], [0.2476193389870658, 0.6370626436090391, -0.3016584510228209, 0.00574030600328056, -0.5447379462785884, 0.2301549795704778, -0.0992376301994526, 0.5105841142729192, 0.5274013789551878, -0.15879843003850647, -0.6791862507746026, 0.04974564952992387], [-0.49258179351388665, -0.2674481252337332, -0.5238850265188746, -0.3586342646981316, 0.08839655293487617, 0.09478055370469807, 0.7174720141438117, 0.5077595617570475, 0.46733006254015963, 0.2953902380215282, 0.16010497660423545, 0.11896622249825115]], "inverted": true, "swapped": false, "error_lsq": 0.0541451075793312, "error_max": 0.34127376790567315, "target": "524.xyz", "model": "6.xyz", "model_rescale": 4.08911054899281, "target_rescale": 3.8272752788583313},
{"mapping": [0, 1, 6, 7, 3, 9, 8, 10, 12, 5, 4, 14], "R": [[-0.5166227999587795, -0.8558462619061119, 0.0250610962267378], [-0.5143162113129354, 0.2867950600790369, -0.8082248624578245], [0.6845288287161169, -0.4304367195019454, -0.5883404738422681]], "T": [0.08004968241740618, 0.1535651808041542, 0.0632870155982544], "aligned_model": [[-0.4885774937147823, -0.2843475329198274, 0.06676842521232494, 0.7181163011044304, -0.4596415987341752, -0.6774016561817435, -0.3403063912522504, 0.18555112911612778, 0.6033154077933741, 0.6503370054248726, 0.06912020799050675, -0.06111984872162085], [-0.05894357202351491, 0.6430935972920775, -0.1685353918733824, -0.02081667838570181, -0.39449505082018615, 0.3391384983304402, -0.09702416784806234, 0.19975518515257534, 0.5088153775886416, -0.24897919378468147, -0.5148574315554575, 0.23753853054117535], [-0.6551552908115575, -0.343557743198871, -0.31778751220612506, -0.33889568149381055, -0.12330006816322207, 0.14320773496710731, 0.5383183018900858, 0.7746313954486562, 0.39190867700015, 0.3686255576907797, 0.286762400321849, 0.08289320079493959]], "inverted": true, "swapped": false, "error_lsq": 0.051555041255355684, "error_max": 0.28881818933687065, "target": "524.xyz", "model": "7.xyz", "model_rescale": 3.964800864290218, "target_rescale": 3.8272752788583313},
{"mapping": [0, 6, 2, 4, 1, 5, 8, 9, 11, 12, 7, 13], "R": [[0.4521087930331652, 0.8738240439287649, 0.17896697883708687], [-0.8565791193874127, 0.36939218726943, 0.36030767992618606], [0.2487365101700577, -0.3161976474237056, 0.9155048859903123]], "T": [-0.06772768154168322, 0.11778078152487548, 0.0003584020227784118], "aligned_model": [[-0.3669270452116603, 0.13597351272644698, 0.16414728588462923, 0.5677711522609227, -0.5185590312838717, -0.7757671122110629, -0.33064960689455913, 0.1340440124639224, 0.550319360458122, 0.4995396761726653, 0.018275534712661315, -0.09635378396097913], [0.046778205260770284, 0.5504913251790913, -0.3023964758116642, 0.17417346709649528, -0.4761186431727725, 0.3186064542395143, -0.128747132702, 0.23610203090695475, 0.6222776424332339, -0.17138634525249052, -0.5632211155174075, 0.11813028995419841], [-0.6466329019883992, -0.32792993472214627, -0.45603375353237763, -0.2963813699380937, -0.08422563078385593, 0.3971202156647593, 0.679441335163469, 0.6477724829874931, 0.22537861378737367, 0.40688645142610486, 0.1892843874785466, 0.07297107669710784]], "inverted": false, "swapped": false, "error_lsq": 0.04791432635800703, "error_max": 0.2525054434533844, "target": "524.xyz", "model": "8.xyz", "model_rescale": 4.121658175737393, "target_rescale": 3.8272752788583313},
{"mapping": [4, 0, 1, 2, 9, 5, 7, 11, 3, 8, 6, 12], "R": [[0.688187867294271, 0.24906302855032314, -0.6814433704412306], [-0.42853591174000705, 0.8974294607943736, -0.1047727791340934], [0.5854523308162025, 0.36412631147400143, 0.7243325186916674]], "T": [-0.01188389497134972, 0.08712887400201874, 0.15106310202447543], "aligned_model": [[-0.5093288879979259, -0.0765320724183886, 0.1681345673531922, 0.6281720631214766, -0.6074738813952119, -0.5602015501778687, -0.30818774734446674, 0.1935194129613737, 0.5149115479120365, 0.4675170020400141, 0.06510608763209151, 0.006177413430913917], [-0.05065179976281001, 0.5772430906409118, -0.044021976207741426, 0.14060424894270968, -0.49231965569247216, 0.3708779768755791, -0.13798080642493282, 0.2763717398966604, 0.6659805083743735, -0.3630984670404758, -0.5868295905037116, 0.06851443351583283], [-0.5712200021448139, -0.46084613219535436, -0.5011059891053444, -0.11316256978602973, 0.09908438963696231, 0.1275662536602497, 0.7138601961535507, 0.7211759797528965, 0.25156851586757656, 0.46415008522531814, 0.009519537021423163, 0.06706070815354703]], "inverted": false, "swapped": false, "error_lsq": 0.05178596394436732, "error_max": 0.28494531730519546, "target": "524.xyz", "model": "9.xyz", "model_rescale": 3.833441315466971, "target_rescale": 3.8272752788583313},
{"mapping": [0, 5, 12, 6, 10, 13, 8, 9, 3, 7, 11, 14], "R": [[-0.17344261083641282, 0.6454353346939666, -0.7438621441333976], [-0.981365531827659, -0.1766929588695551, 0.07550689522512238], [-0.08270038504665234, 0.7430967817279313, 0.6640540785950544]], "T": [0.05599134181325074, 0.05691298785793794, -0.0486630731395897], "aligned_model": [[-0.49038250669393413, -0.12260814068886064, 0.16324933885341322, 0.5720770255678664, -0.5596745824137827, -0.6083226183697401, -0.31344193696773914, 0.04656825869255312, 0.5513982744372768, 0.4977036219341268, 0.16328512004135068, 0.08196210072470639], [0.08521160451158866, 0.6633422848569678, -0.39839402186918893, 0.06880425515341423, -0.47957941035214846, 0.49696634409735896, -0.2057753888223359, 0.24120985580359589, 0.5644730586305958, -0.14928026220208596, -0.5579405020570268, 0.095651884863188], [-0.45424631695841866, -0.28903972354110236, -0.4284147107595573, -0.48996085562954694, 0.04559996271398678, -0.021708530237373264, 0.5854293741131354, 0.7411824791696169, 0.4526118967251941, 0.4055269553748164, 0.22661916772694005, 0.03405127354229008]], "inverted": false, "swapped": false, "error_lsq": 0.048360570389006825, "error_max": 0.273023262128705, "target": "524.xyz", "model": "10.xyz", "model_rescale": 4.2482417240324, "target_rescale": 3.8272752788583313},
{"mapping": [5, 7, 6, 2, 4, 9, 10, 8, 3, 1, 0, 11], "R": [[-0.3484218709222065, 0.8325157688762927, -0.43071997218074853], [-0.8907014225357797, -0.15092219839547522, 0.4288046943822048], [0.29198146474700837, 0.5330478258128367, 0.7941075743502259]], "T": [0.0638830638068698, 0.02062276290198566, 0.06512205045586335], "aligned_model": [[-0.35391059976519595, -0.1204499388443236, 0.10557939699607886, 0.6365888538516442, -0.614418883597258, -0.6823377693376494, -0.336413016332523, 0.15127586351319888, 0.5380963374528317, 0.64722448929896, 0.07091457170346979, -0.06033534982199634], [0.1151628567936023, 0.6577428108285276, -0.41914382631623853, 0.14325973962919455, -0.43217698561077955, 0.3304205229640249, -0.08928406985959304, 0.29407516388654137, 0.6615260663739044, -0.2213595844503748, -0.6351317459776259, 0.019598754352739927], [-0.5518842668922866, -0.07146358333857396, -0.4095872299978905, -0.3873440105620637, -0.2522396298503618, 0.22788174503824077, 0.5577536560922127, 0.6077490972477511, 0.21490974403750362, 0.3818299263176733, 0.4443001852614083, 0.04574533888636834]], "inverted": true, "swapped": false, "error_lsq": 0.05436963955983746, "error_max": 0.3193403837762031, "target": "524.xyz", "model": "11.xyz", "model_rescale": 3.6694154284099745, "target_rescale": 3.8272752788583313},
{"mapping": [5, 7, 6, 11, 0, 12, 1, 2, 9, 8, 4, 13], "R": [[-0.7384634626107429, -0.1961275655683069, -0.6451400564320913], [0.6714834561241164, -0.30115382974592464, -0.6770645013445726], [-0.061495386335595426, -0.933188270850857, 0.3540875154616775]], "T": [-0.008860573422425466, 0.07967463778437264, 0.06700720466305952], "aligned_model": [[-0.5208994154811841, 0.03449834588490763, 0.04149830239480633, 0.6670002835554509, -0.4874461235648512, -0.5984628673222356, -0.39495859132082367, -0.04685976198720529, 0.6233667290130862, 0.57793825095779, 0.16545053709622798, -0.07931173410873224], [0.21350896997202112, 0.6596509467450004, -0.15563287560460523, -0.11156196992661135, -0.426869957033549, 0.36195612153903844, -0.351812638841962, 0.17821288354386597, 0.5717671279012758, 0.13908189839178803, -0.6341491571108342, -0.019461646961504403], [-0.5367107661044949, -0.39549988028856686, -0.4448025170331883, -0.16030163982698759, -0.09144250054675702, 0.2526272445936537, 0.6844378038287303, 0.7113361960823321, 0.013904604766719494, 0.5410702473105641, 0.1550405866351938, 0.07799159282278266]], "inverted": true, "swapped": false, "error_lsq": 0.05691250107754561, "error_max": 0.3417152835176979, "target": "524.xyz", "model": "12.xyz", "model_rescale": 3.9764082729961374, "target_rescale": 3.8272752788583313},
{"mapping": [2, 1, 8, 11, 7, 0, 4, 6, 13, 14, 3, 15], "R": [[0.10133438409988099, -0.02849491797901632, 0.9944442579895906], [0.6102148237661963, -0.7876896653782662, -0.08475175462647161], [0.7857284591098176, 0.6154128944908814, -0.06243202575015022]], "T": [-0.018533951229835928, 0.24919764171608932, 0.0999895287483565], "aligned_model": [[-0.5030506837362495, -0.11992864031087228, 0.12197503858170294, 0.6608982019221264, -0.5151696921177203, -0.7439791481949259, -0.43677264234237295, 0.23580542518748648, 0.5162185242640575, 0.597039091751704, 0.19636903486817064, -0.027590554755870095], [0.061008636472428907, 0.5337393541535904, -0.13057639159150808, -0.048833763877626446, -0.31776286332515663, 0.22120735891172177, -0.04046263315006421, 0.2202924738584002, 0.4722825907007809, -0.14353539984387353, -0.5578151998973699, 0.15514554020260027], [-0.5050624922653987, -0.4586496295374641, -0.47939095422977235, -0.18301918011505153, 0.04574539985768375, 0.09265851442054066, 0.6069777378816306, 0.8198053236389649, 0.29684846727173064, 0.4250104917593247, -0.004845710321058794, 0.1515730038788524]], "inverted": false, "swapped": false, "error_lsq": 0.047128198522872644, "error_max": 0.2537725994539629, "target": "524.xyz", "model": "13.xyz", "model_rescale": 4.170626492500431, "target_rescale": 3.8272752788583313},
{"mapping": [5, 12, 11, 9, 6, 4, 2, 0, 7, 1, 3, 13], "R": [[-0.16478300199307067, 0.8453529440980075, -0.5081584026255817], [-0.9505303971159661, -0.27364852430166087, -0.14699812687952057], [-0.26332209632447484, 0.45879721561094333, 0.8486262949820316]], "T": [0.006433985695144197, 0.11585262516306823, 0.13039529017815324], "aligned_model": [[-0.5389085856139547, -0.2457810606564751, 0.09065687138759615, 0.7018065550603906, -0.5397892561045794, -0.5872006414701991, -0.3690243737751774, 0.15805191681875577, 0.5562411432963803, 0.6693445032160747, 0.11218166016077458, -0.02576477720234957], [0.02707082231053741, 0.5683031115389677, -0.24388109438003897, -0.08273957595255578, -0.44804731640308876, 0.4811814766955619, -0.13422321428328016, 0.20222752043910658, 0.6417306260196072, -0.09130203687746787, -0.5639863367205075, 0.06835572022708214], [-0.5920582375704914, -0.3866948847026266, -0.4722304707053847, -0.23474107598427893, -0.1715091533955925, 0.2615283914959886, 0.6093788619897588, 0.7008422964423037, 0.41074189806629524, 0.4597143780706552, 0.17633024070666364, 0.04634872782669065]], "inverted": true, "swapped": false, "error_lsq": 0.041951321577310324, "error_max": 0.2332530574768447, "target": "524.xyz", "model": "14.xyz", "model_rescale": 3.9786697098870705, "target_rescale": 3.8272752788583313},
{"mapping": [3, 0, 9, 6, 8, 2, 5, 4, 1, 10, 7, 11], "R": [[0.9554837414767521, 0.04423856703457145, -0.2917083628563212], [0.27262086411817166, 0.24568972583829954, 0.9302227814158083], [0.11282147056765748, -0.9683385295464749, 0.2226921821140613]], "T": [0.04529093412536085, 0.020313392341410774, 0.06435425590800002], "aligned_model": [[-0.5937268650376387, -0.08196803939581367, 0.02442377311352753, 0.693010121113067, -0.39179571203067715, -0.7410364044689267, -0.4275346344426593, -0.08405396070034556, 0.6177261206030334, 0.5614201328363333, 0.2965950627044051, 0.10875436082293144], [0.137789052484163, 0.6533343933463103, -0.07684849727343178, -0.18816937580248688, -0.2617206617419459, 0.3623405619126931, -0.3440867253750174, 0.3232585193896719, 0.37967278207906047, -0.002666180023445878, -0.5646311938351485, 0.006417027453501194], [-0.5860340542033969, -0.19428671537040226, -0.5500872765806526, -0.34104737334249874, 0.023855094047940097, 0.20056786800794768, 0.601297571022854, 0.5805023725096083, 0.12640969710374228, 0.7165839531687006, 0.2420114298485908, -0.012121593972451578]], "inverted": true, "swapped": false, "error_lsq": 0.060323075592325116, "error_max": 0.32179973132871864, "target": "524.xyz", "model": "15.xyz", "model_rescale": 3.769337070930944, "target_rescale": 3.8272752788583313},
{"mapping": [2, 3, 4, 10, 0, 1, 5, 8, 6, 9, 11], "R": [[-0.5700633219606617, 0.8184280729618212, 0.07213389177893526], [-0.7697102110375591, -0.5627041602288145, 0.30151321544121573], [0.2873569208835785, 0.11635943214533541, 0.9507294476196285]], "T": [-0.02325536300047886, 0.049255289317876025, -0.03728342536498162], "aligned_model": [[-0.24249390729127854, -0.47763446500823764, -0.09539328353021709, -0.6190451728420613, 0.32165932587932605, 0.4939461539568826, 0.6771057450512424, 0.18046583566840624, 0.15677361207351098, -0.4377504350314498, -0.035007278234953296], [-0.04417407570071108, -0.5912985987970305, 0.7694962090375769, 0.30415694467609167, 0.14008536995299398, -0.33566651050088603, 0.46552379940347627, -0.6145910624402242, 0.5422799409342532, -0.1768397167622906, 0.13709219782209242], [-0.4973392018072601, -0.14290435750425373, -0.19898247907984007, 0.09830947092186, -0.7566848966201107, -0.2488822881287171, -0.044447061100230376, 0.5229621947783161, 0.4429734841319588, 0.5263760570202948, 0.04283668461175913]], "inverted": false, "swapped": true, "error_lsq": 0.04590851320572258, "error_max": 0.30490012199779665, "target": "524.xyz", "model": "16.xyz", "model_rescale": 3.7852294659196426, "target_rescale": 3.8272752788583313},
{"mapping": [0, 10, 8, 11, 3, 4, 1, 5, 6, 7, 2, 12], "R": [[0.42412261168770277, 0.5341051501891766, 0.7313355582744483], [-0.5035484410690382, 0.8103008539577461, -0.2997523871002341], [-0.7527011211311854, -0.24113111499087855, 0.6126147301780396]], "T": [-0.032496076505161633, -0.006091740321998024, 0.0025704724059163603], "aligned_model": [[-0.5857388280729288, 0.1239705912706051, 0.0693970406940138, 0.654053005265346, -0.5804836930722702, -0.5509647842324636, -0.28319848771076106, -0.1134156763350873, 0.5393830566987388, 0.4998751566608717, 0.19863337532094782, 0.010303198630224358], [0.10344976247297942, 0.7503707323637552, -0.32546855056559065, -0.10090320466012177, -0.5816736353284993, 0.4294740726823162, -0.2723374786259747, 0.3278370842974426, 0.6085610538157641, -0.020265747401655876, -0.5411224712756221, 0.04676808483913022], [-0.38170842727745835, -0.22664075020860502, -0.5558399116294567, -0.23741540006037437, -0.027602783838320225, 0.2105591902226922, 0.5861076709611912, 0.5630636204568326, 0.28988464812055426, 0.45842897325569104, 0.18806525525454965, -0.059251113017314935]], "inverted": false, "swapped": false, "error_lsq": 0.05207494655429873, "error_max": 0.2776319384433686, "target": "524.xyz", "model": "17.xyz", "model_rescale": 3.901054581598922, "target_rescale": 3.8272752788583313},
{"mapping": [4, 1, 8, 2, 10, 6, 11, 12, 3, 13, 9, 14], "R": [[0.39587320936012366, -0.7695099823026497, 0.5011374953518164], [-0.5335575812351712, 0.2514114456408186, 0.8075324095708282], [-0.7473959523688831, -0.5870661565252845, -0.3110508290380219]], "T": [0.018078441082456667, 0.07186096234155197, 0.009577857464446948], "aligned_model": [[-0.49987829119242094, -0.2424241451663524, 0.146561850697343, 0.7937970645268794, -0.5397731018963814, -0.6337723875329452, -0.4693548699087459, 0.1437186921915028, 0.607967107868964, 0.6042166360771379, 0.05219145427746154, 0.018563945174794025], [-0.052575357866919845, 0.6263398574997568, -0.06009506148640682, 0.06456373729843905, -0.5282788027988757, 0.3967416545900538, -0.04032235476031877, 0.22036683543370333, 0.4374100882732874, -0.21435475774135454, -0.48301476027030704, 0.05790862444286572], [-0.575067672420041, -0.32265264507506164, -0.627993999951736, -0.2766833339958496, -0.02340193062133064, 0.19197516640207654, 0.631313058033669, 0.7266103790669227, 0.3286563538256971, 0.3289910322809831, 0.3633275657625862, 0.062576998932066]], "inverted": true, "swapped": false, "error_lsq": 0.04809093790876794, "error_max": 0.2732398796986972, "target": "524.xyz", "model": "18.xyz", "model_rescale": 3.9405287249114394, "target_rescale": 3.8272752788583313},
{"mapping": [3, 1, 12, 4, 14, 10, 11, 5, 8, 7, 13, 15], "R": [[0.8346187540418215, -0.35970943108374576, 0.4171578365452164], [-0.22185299478873088, 0.47366669684903884, 0.8523034136969018], [-0.5041753505527108, -0.8038961285424434, 0.3155284938155703]], "T": [0.07417852144979445, 0.06738573995208558, 0.046043754581037835], "aligned_model": [[-0.5411892264041864, -0.03925367408549971, 0.047864028364107275, 0.705827026677416, -0.506124054835872, -0.695149394478821, -0.3336488129921037, 0.03618224810438864, 0.5723082422173585, 0.6564155685497616, 0.034820897783574556, 0.0437611062171127], [0.1734117139237289, 0.5628250570912687, -0.16670827161839769, -0.08081616522916998, -0.43095870285562066, 0.1526190121343775, -0.1886389056149267, 0.5338065360108251, 0.5257003609136482, -0.16690938077288356, -0.5791965956450784, 0.08955504427615152], [-0.5331881701420811, -0.37489857404384774, -0.4485738789601396, -0.2911822671913569, -0.074954998945933, 0.1830615783579419, 0.5820861484680492, 0.7332632005913063, 0.38381090075846674, 0.36499730344062553, 0.22412268686959258, 0.05910704303735739]], "inverted": true, "swapped": false, "error_lsq": 0.041939568429061776, "error_max": 0.26677070799071706, "target": "524.xyz", "model": "19.xyz", "model_rescale": 4.410303926677745, "target_rescale": 3.8272752788583313},
{"mapping": [0, 6, 2, 4, 1, 5, 8, 9, 11, 12, 7, 13], "R": [[0.4521087930331652, 0.8738240439287649, 0.17896697883708687], [-0.8565791193874127, 0.36939218726943, 0.36030767992618606], [0.2487365101700577, -0.3161976474237056, 0.9155048859903123]], "T": [-0.06772768154168322, 0.11778078152487548, 0.0003584020227784118], "aligned_model": [[-0.3669270452116603, 0.13597351272644698, 0.16414728588462923, 0.5677711522609227, -0.5185590312838717, -0.7757671122110629, -0.33064960689455913, 0.1340440124639224, 0.550319360458122, 0.4995396761726653, 0.018275534712661315, -0.09635378396097913], [0.046778205260770284, 0.5504913251790913, -0.3023964758116642, 0.17417346709649528, -0.4761186431727725, 0.3186064542395143, -0.128747132702, 0.23610203090695475, 0.6222776424332339, -0.17138634525249052, -0.5632211155174075, 0.11813028995419841], [-0.6466329019883992, -0.32792993472214627, -0.45603375353237763, -0.2963813699380937, -0.08422563078385593, 0.3971202156647593, 0.679441335163469, 0.6477724829874931, 0.22537861378737367, 0.40688645142610486, 0.1892843874785466, 0.07297107669710784]], "inverted": false, "swapped": false, "error_lsq": 0.04791432635800703, "error_max": 0.2525054434533844, "target": "524.xyz", "model": "20.xyz", "model_rescale": 4.121658175737393, "target_rescale": 3.8272752788583313},
{"mapping": [8, 9, 6, 10, 1, 5, 3, 7, 11, 4, 2, 12], "R": [[-0.5367393252633089, -0.6895686417757312, 0.48621598595219095], [0.05387381680626552, 0.5470726891947785, 0.8353496780390343], [-0.842026429857527, 0.47455933350505963, -0.2564857313860182]], "T": [-0.05557773377812962, 0.024310252818767242, 0.03703568130918731], "aligned_model": [[-0.40677779793416124, 0.17784676004070887, -0.013902492715715593, 0.6165632429290107, -0.4504461599194815, -0.7022592691317254, -0.12178211813644933, -0.14925174159118546, 0.5243490438626526, 0.42281095255878776, 0.20163473130978532, -0.11697119615498999], [0.2476193389870658, 0.6370626436090391, -0.3016584510228209, 0.00574030600328056, -0.5447379462785884, 0.2301549795704778, -0.0992376301994526, 0.5105841142729192, 0.5274013789551878, -0.15879843003850647, -0.6791862507746026, 0.04974564952992387], [-0.49258179351388665, -0.2674481252337332, -0.5238850265188746, -0.3586342646981316, 0.08839655293487617, 0.09478055370469807, 0.7174720141438117, 0.5077595617570475, 0.46733006254015963, 0.2953902380215282, 0.16010497660423545, 0.11896622249825115]], "inverted": true, "swapped": false, "error_lsq": 0.0541451075793312, "error_max": 0.34127376790567315, "target": "524.xyz", "model": "21.xyz", "model_rescale": 4.08911054899281, "target_rescale": 3.8272752788583313},
{"mapping": [2, 4, 14, 12, 11, 1, 8, 6, 7, 10, 9, 16], "R": [[0.8680575993752558, 0.31918409130068415, -0.38025980595827436], [0.06464264620951138, -0.8320831171439477, -0.5508711414251463], [-0.49223706936586953, 0.4536068804863614, -0.7429289774383095]], "T": [-0.020083378809055023, 0.04376148707112486, 0.013358877177294996], "aligned_model": [[-0.4979213962843589, -0.09318989722190113, 0.18294812871483468, 0.6696416706551495, -0.5712437732466595, -0.7818649668691297, -0.41389775679510504, 0.04789085559233828, 0.5250363634946993, 0.5895206250352886, 0.33261103139746334, -0.007716929355382492], [0.2693924152952402, 0.6245397002213667, -0.2450270482796169, -0.07965444763514772, -0.4466887271867718, 0.23514917919165168, -0.036178718581916736, 0.3518003714859069, 0.41562232555390105, -0.17842651689880884, -0.5751409657383216, 0.08930213518644026], [-0.4785916718184837, -0.3656454631188596, -0.5225534055235344, -0.21905749323637203, 0.21725551078416672, 0.12763024132198553, 0.5784091557115889, 0.6886778223412893, 0.27861379487536314, 0.49309928469342146, 0.0026809336465622655, 0.007132262562854198]], "inverted": false, "swapped": false, "error_lsq": 0.04317196773362908, "error_max": 0.22317855448434637, "target": "524.xyz", "model": "22.xyz", "model_rescale": 4.204369325754507, "target_rescale": 3.8272752788583313},
{"mapping": [3, 1, 12, 4, 14, 10, 11, 5, 8, 7, 13, 15], "R": [[0.8346187540418215, -0.35970943108374576, 0.4171578365452164], [-0.22185299478873088, 0.47366669684903884, 0.8523034136969018], [-0.5041753505527108, -0.8038961285424434, 0.3155284938155703]], "T": [0.07417852144979445, 0.06738573995208558, 0.046043754581037835], "aligned_model": [[-0.5411892264041864, -0.03925367408549971, 0.047864028364107275, 0.705827026677416, -0.506124054835872, -0.695149394478821, -0.3336488129921037, 0.03618224810438864, 0.5723082422173585, 0.6564155685497616, 0.034820897783574556, 0.0437611062171127], [0.1734117139237289, 0.5628250570912687, -0.16670827161839769, -0.08081616522916998, -0.43095870285562066, 0.1526190121343775, -0.1886389056149267, 0.5338065360108251, 0.5257003609136482, -0.16690938077288356, -0.5791965956450784, 0.08955504427615152], [-0.5331881701420811, -0.37489857404384774, -0.4485738789601396, -0.2911822671913569, -0.074954998945933, 0.1830615783579419, 0.5820861484680492, 0.7332632005913063, 0.38381090075846674, 0.36499730344062553, 0.22412268686959258, 0.05910704303735739]], "inverted": true, "swapped": false, "error_lsq": 0.041939568429061776, "error_max": 0.26677070799071706, "target": "524.xyz", "model": "23.xyz", "model_rescale": 4.410303926677745, "target_rescale": 3.8272752788583313},
{"mapping": [10, 9, 4, 5, 1, 11, 7, 13, 6, 12, 0, 16], "R": [[-0.9676497475291935, 0.15656839780139717, 0.1978390833899917], [0.2372247118492892, 0.2976473730163708, 0.9247326518645675], [0.08589762624607475, 0.9417496366584683, -0.32516029840516003]], "T": [-0.018242285284840544, 0.12361658749516466, -0.005080912586801489], "aligned_model": [[-0.4495930651005455, -0.2417392164719516, 0.20400205672713195, 0.5866769029695624, -0.6623903546417957, -0.5869291388674317, -0.2659712965298968, 0.14162994610990345, 0.5600187644068202, 0.5563188422287864, 0.18988866660676976, -0.05009815232011582], [0.08721218849112226, 0.6040596217861568, -0.15319116748083492, 0.03486318134677839, -0.4360885482827259, 0.3614778901432194, -0.15465188919072667, 0.3379921493662079, 0.4822180517079231, -0.18459859450576924, -0.5684393407344692, 0.013836159967041725], [-0.4912857775986119, -0.3392120188603606, -0.5948853651131984, -0.15272115780004414, 0.08513424854422844, 0.1389286352760601, 0.545489599294064, 0.6450503141132216, 0.333913538745019, 0.4650879369960892, 0.21429527151958622, -0.04214425287607216]], "inverted": false, "swapped": false, "error_lsq": 0.04169370084159698, "error_max": 0.22761205407784713, "target": "524.xyz", "model": "24.xyz", "model_rescale": 4.28219845311461, "target_rescale": 3.8272752788583313},
{"mapping": [5, 11, 1, 6, 3, 9, 7, 13, 14, 2, 4, 15], "R": [[-0.25278579816633007, 0.9496058793592677, -0.18533217241408395], [-0.13406884602189748, 0.15532573434079092, 0.9787233831772137], [0.958188334708667, 0.2722546420867904, 0.08804842469019802]], "T": [0.027054202070995473, 0.08389513571868432, 0.0627958831720022], "aligned_model": [[-0.4217292542792265, -0.07455558182489418, -0.10202176149856897, 0.8198989697420227, -0.516568306543281, -0.6145611854931443, -0.45336320354620235, 0.05610970723121987, 0.5597837124979299, 0.6158810816447924, 0.03881647434240869, 0.07412330284418062], [0.23376907691929813, 0.5986560791072829, -0.33464627699181104, 0.038178942510552594, -0.45385120890606756, 0.2809192594821159, -0.1603477750705891, 0.19262361931382121, 0.6186354589454143, -0.021449968043014203, -0.5948887410493352, 0.027091236396255318], [-0.6453085526067076, -0.08271595217792797, -0.40415152320430753, -0.3632373772857391, -0.06109431753193967, 0.14270128333394566, 0.6241251293898071, 0.6461057077180927, 0.16475999612494402, 0.39591048716399435, 0.3343887229459978, 0.05616736836982197]], "inverted": false, "swapped": false, "error_lsq": 0.04626121638117207, "error_max": 0.23990031095225983, "target": "524.xyz", "model": "25.xyz", "model_rescale": 4.100010024507729, "target_rescale": 3.8272752788583313},
{"mapping": [5, 7, 6, 2, 4, 9, 10, 8, 3, 1, 0, 11], "R": [[-0.3484218709222065, 0.8325157688762927, -0.43071997218074853], [-0.8907014225357797, -0.15092219839547522, 0.4288046943822048], [0.29198146474700837, 0.5330478258128367, 0.7941075743502259]], "T": [0.0638830638068698, 0.02062276290198566, 0.06512205045586335], "aligned_model": [[-0.35391059976519595, -0.1204499388443236, 0.10557939699607886, 0.6365888538516442, -0.614418883597258, -0.6823377693376494, -0.336413016332523, 0.15127586351319888, 0.5380963374528317, 0.64722448929896, 0.07091457170346979, -0.06033534982199634], [0.1151628567936023, 0.6577428108285276, -0.41914382631623853, 0.14325973962919455, -0.43217698561077955, 0.3304205229640249, -0.08928406985959304, 0.29407516388654137, 0.6615260663739044, -0.2213595844503748, -0.6351317459776259, 0.019598754352739927], [-0.5518842668922866, -0.07146358333857396, -0.4095872299978905, -0.3873440105620637, -0.2522396298503618, 0.22788174503824077, 0.5577536560922127, 0.6077490972477511, 0.21490974403750362, 0.3818299263176733, 0.4443001852614083, 0.04574533888636834]], "inverted": true, "swapped": false, "error_lsq": 0.05436963955983746, "error_max": 0.3193403837762031, "target": "524.xyz", "model": "26.xyz", "model_rescale": 3.6694154284099745, "target_rescale": 3.8272752788583313},
{"mapping": [9, 7, 10, 4, 12, 3, 6, 1, 5, 0, 2, 13], "R": [[-0.954594827326891, 0.20207320336072623, -0.21889526290963418], [0.29789248971053117, 0.640169916737625, -0.7081260779537804], [-0.0029631427242666902, -0.7411807459639497, -0.6712989807809324]], "T": [0.02556312897721759, 0.0450098223589635, -0.058121678545639946], "aligned_model": [[-0.44865960178788333, -0.1944443287289705, 0.1779657542846816, 0.7740573749738553, -0.6274388865632579, -0.7006254977650598, -0.2748986512409589, 0.0824885134032998, 0.4762837554929461, 0.52957659741247, 0.14954952224405205, 0.03795940339206208], [0.10740612342671979, 0.6340426648404931, -0.25643831155318875, -0.19403636894039702, -0.3886677346844781, 0.3548437187885962, -0.1396914580741426, 0.3454062152816229, 0.6104840342185074, -0.06055600825206059, -0.5810480989421667, -0.00705507349558248], [-0.5440054493274035, -0.030453036543672138, -0.5559099691400556, -0.29925204209225054, 0.06534879393405298, 0.11358812125314742, 0.5307743966992938, 0.7702310008263451, 0.26292089227051657, 0.35631724599742576, 0.17599047334757678, -0.037899454984995036]], "inverted": false, "swapped": false, "error_lsq": 0.04268991506728872, "error_max": 0.28431544669816944, "target": "524.xyz", "model": "27.xyz", "model_rescale": 4.103607728864725, "target_rescale": 3.8272752788583313},
{"mapping": [9, 5, 10, 11, 3, 0, 2, 4, 8, 13, 12, 14], "R": [[-0.5998098174074483, 0.05532111749626743, -0.7982278853188529], [0.012800503000895254, -0.9968159322442208, -0.07870288652272495], [-0.8000402052800644, -0.05742448243605702, 0.5971918441777176]], "T": [0.060649104209457065, 0.05029086745690258, -0.06937058096955336], "aligned_model": [[-0.41937891577220726, -0.21570667709391972, 0.03893257766466276, 0.7034466757605792, -0.5428533005553604, -0.6181163752658227, -0.2550815531914766, 0.24373499351448663, 0.5305029231887335, 0.5523081170794789, 0.008186486066100195, -0.04416099627801789], [0.15090800856877779, 0.6636141711606107, -0.2919952758229376, 0.16610837963420114, -0.36733794596600067, 0.23483813098639997, -0.11348157145537704, 0.15661004378258467, 0.5516479844732575, -0.16684501543011543, -0.6716504780327349, 0.11227327071525744], [-0.7247889336268063, -0.3567769442533852, -0.4463902951745192, -0.28258132024018373, 0.08843269595735052, 0.052741958837440525, 0.5746895454642905, 0.811983534592025, 0.3780200836785348, 0.2925630543563886, 0.39251899944430674, 0.027238593204539086]], "inverted": true, "swapped": false, "error_lsq": 0.05133728362424525, "error_max": 0.2937760019597573, "target": "524.xyz", "model": "28.xyz", "model_rescale": 4.137296879288765, "target_rescale": 3.8272752788583313},
{"mapping": [10, 9, 8, 1, 5, 7, 6, 3, 0, 4, 11], "R": [[-0.12656838572322004, -0.4938472656531807, 0.86028792967372], [-0.9651926450480546, 0.2614156563861634, 0.008063035491166104], [-0.22887464184692588, -0.8293230569585464, -0.5097447062171153]], "T": [-0.05447146162750023, -0.029947025565304188, 0.08596951611174042], "aligned_model": [[0.36633842639897835, 0.32205493174313976, -0.12515749481498867, -0.5916218998706158, 0.0154699452385101, 0.33489756331275955, 0.5575864734227238, -0.414838069349961, -0.6108333540826812, 0.3050589491479845, 0.062463539564049], [-0.36552723951266125, -0.6170617827322653, -0.40534730662601176, 0.1859340497822569, 0.7564025656168003, -0.026850942066283155, 0.2877711309468479, -0.7353739577081118, 0.4602982288744568, 0.38445937143959974, -0.0055563013666764804], [0.4714960950723488, -0.14675621432489727, -0.7203477751025394, -0.26800936439333545, -0.11552239908737638, -0.496077173293207, -0.08887525862222032, 0.106806614582093, 0.3939886033778752, 0.5850713772967507, 0.0839795162775071]], "inverted": false, "swapped": true, "error_lsq": 0.06123726037854779, "error_max": 0.35329655874448407, "target": "524.xyz", "model": "29.xyz", "model_rescale": 3.607286011436655, "target_rescale": 3.8272752788583313},
