[{"mapping": [3, 7, 9, 5, 1, 4, 12, 11, 8, 6, 2, 13], "R": [[-0.4249522036371029, -0.056769291713848716, -0.9034339334684514], [0.5022026054553967, 0.815568981120383, -0.2874713552826984], [0.7531322378558636, -0.575868461154601, -0.3180681495366212]], "T": [-0.06743354737129129, -0.062030965981226774, -0.05534756470543874], "aligned_model": [[-0.22021200321981038, 0.07255846845468988, 0.4724481683217223, -0.10237226033496946, -0.2863178830649442, -0.5595489338997645, 0.4469717425726093, -0.22360147464676558, 0.5948059425160729, 0.3057870156480652, -0.585677854721198, -0.07719846516515874], [-0.31229094186567014, -0.6415696587731333, -0.4395654562318651, 0.7244219943903115, 0.4082258341132715, -0.6497675841445578, -0.17067496648085523, -0.45184668653599247, 0.08764018719292514, 0.4045259085710469, 0.0925857780110101, 0.0018706277305661767], [-0.6847920536984223, 0.07163657827274449, -0.3927351549086338, 0.0023969888169277503, -0.4948230463338465, -0.2160359809337019, 0.6714208736272785, 0.5350247040653857, -0.1278153127249973, 0.37089148486712137, 0.4428945623776374, 0.003888101926069018]], "inverted": true, "swapped": true, "error_lsq": 0.05233945971931649, "error_max": 0.2556276788383709, "target": "525.xyz", "model": "0.xyz", "model_rescale": 3.751011558992144, "target_rescale": 4.213809136677283},
{"mapping": [1, 4, 0, 6, 7, 8, 5, 12, 9, 11, 10, 3, 13, 14], "R": [[0.6353558053545578, -0.16465556781545213, 0.7544610954778468], [0.5810735984864687, 0.7454176958571919, -0.3266587391222558], [-0.5086024712329344, 0.6459419499384806, 0.5692824637782423]], "T": [-0.05645617016465093, -0.03711579826986037, 0.0448279281632393], "aligned_model": [[-0.1899463433768632, 0.005445133401309754, -0.5715504088558196, 0.4739827630177445, 0.10212609394602967, -0.514182328800179, -0.2637448865291142, 0.25398477685023024, 0.2615348096881604, 0.7189155473274609, 0.4825877787204313, -0.39070003290084143, -0.23849770869281967, -0.0211484621359394], [-0.21091747191006238, -0.7982960580717726, 0.2569975267418065, -0.10174491202518349, 0.34536419945423, -0.5140471784542248, -0.18750794533136872, 0.6363295989384978, 0.03826669276561239, 0.1511904486605796, -0.577408867263011, 0.6491592137866055, 0.3956613428252992, -0.0014360119333030538], [-0.6167300068140947, -0.16095547888051773, -0.42812005609848924, -0.4826029782971848, -0.4730888032210194, 0.1034920094743247, 0.6144766244364978, 0.09035615537001651, 0.617006954440706, 0.053221140121790717, 0.34477587180879976, 0.01811580427045259, 0.5989642134725273, 0.06683090623677218]], "inverted": false, "swapped": false, "error_lsq": 0.044812114984129396, "error_max": 0.23510634876227107, "target": "525.xyz", "model": "1.xyz", "model_rescale": 3.9405287249114394, "target_rescale": 4.213809136677283},
{"mapping": [12, 2, 11, 1, 0, 7, 6, 5, 3, 9, 10, 8, 13], "R": [[0.5081010169406356, 0.7665402132794945, 0.3927460477322713], [0.8456907088216321, -0.35759475218789205, -0.39614797515631195], [-0.16321942775496368, 0.5334248725294948, -0.8299501935479231]], "T": [-0.02843340507838602, -0.07118310970514038, -0.06594795750746667], "aligned_model": [[-0.5612784071657687, 0.3170419037715982, -0.3401029447499816, 0.5476302912780313, 0.3809171217245496, -0.5825055128020571, 0.022073977258985824, 0.5859712229944879, -0.01103045567329872, -0.5878196062880082, 0.016404875102103648, -0.307043755963522, 0.015724569796811205], [0.6157937026014272, 0.43996786729906023, 0.40159512418989884, -0.3849578115463109, -0.15112783857509807, -0.08863571389328839, 0.4640139488523505, 0.178316580524045, -0.7456935873620066, -0.48113226665651043, -0.6991391171195602, -0.09197196876455407, 0.0018036740225641085], [0.15484096256555924, -0.46607319603444747, -0.5178627424290746, 0.11262013489527974, -0.5475793569630311, -0.31949743898115857, 0.43371367407317346, 0.3622111993260485, -0.22997365582297047, 0.1926322252264191, 0.42669686096395965, 0.5570755302363363, -0.045683847467449766]], "inverted": true, "swapped": true, "error_lsq": 0.05532516817762792, "error_max": 0.3548014425555625, "target": "525.xyz", "model": "2.xyz", "model_rescale": 3.932901565614263, "target_rescale": 4.213809136677283},
{"mapping": [1, 10, 3, 6, 2, 11, 8, 4, 9, 5, 12, 0, 7, 13], "R": [[-0.12100700708464723, 0.963970633452833, -0.23689221615950262], [0.7713622096045503, 0.24152071641799427, 0.5887852623282321], [0.6247860800549276, -0.11148256088502435, -0.7727962168567564]], "T": [-0.09150097035402502, 0.014898704027967863, 0.04226659020417008], "aligned_model": [[-0.30395157038267895, 0.1073344109194348, -0.5857476661322474, 0.4985638476107095, 0.2190496222575722, -0.56009767077619, -0.5124240203476964, 0.3262475020699983, 0.1882688201955808, 0.5799298362282893, 0.4955957745431241, -0.3351003693682044, -0.017654668401002993, 0.00879288324310079], [-0.07652077804500937, -0.6098827797791614, 0.1331653424808994, -0.08861776852706534, 0.39316973819320944, -0.7421079054583962, -0.17174625054344267, 0.764891962063405, -0.14392939363575688, 0.10604903331443488, -0.4542273725380682, 0.5291096108116088, 0.4852043339934322, -0.042947194146385384], [-0.6614917786676517, -0.24627808388778463, 0.09144670836763061, -0.2860626823131709, -0.6320250435259573, 0.11344821644892497, 0.6139082370853, -0.11966775212802522, 0.7027932278783804, 0.28241649151137116, 0.17779498787958195, -0.31156501563070077, 0.5743397857870647, 0.0466850575156181]], "inverted": true, "swapped": false, "error_lsq": 0.0507490868592783, "error_max": 0.3672718775657977, "target": "525.xyz", "model": "3.xyz", "model_rescale": 3.9243930471874484, "target_rescale": 4.213809136677283},
{"mapping": [12, 6, 11, 7, 4, 8, 9, 2, 0, 1, 3, 10, 13], "R": [[0.11800743005717636, -0.7223269017757814, 0.6814089032455484], [0.4498128347088697, 0.650648929894089, 0.6118205486569144], [-0.8852924150711285, 0.23430709976156802, 0.40169331936049296]], "T": [-0.005046090945074265, -0.006766147821199109, -0.11500807213981079], "aligned_model": [[-0.03818802333984774, -0.4540074041122962, 0.5455102336919692, 0.36466708822521343, 0.6826451252595801, -0.5482789901279516, -0.16555244477519437, 0.35006340679302406, 0.362579257072019, -0.3361928962211589, 0.09067642609399537, -0.5484613201040853, -0.028254572143914566], [-0.639047476337635, -0.12552951867662, -0.24727155721526048, -0.481865928277408, 0.07325361829780874, -0.4202453396596124, -0.5697659653390501, 0.3728177834001597, 0.5096453587983361, 0.5385141297358971, 0.11230954903756032, -0.019294067608474116, 0.02430896752588547], [-0.7504060718612763, -0.6833192846415634, -0.5198895544146918, -0.019194726179354332, 0.25120263398892567, -0.10287770842715457, 0.3378758645885603, -0.6351445932555155, -0.05098793674703006, 0.1199423942619153, 0.5623617345198041, 0.47114982103233605, -0.1936422574939914]], "inverted": true, "swapped": true, "error_lsq": 0.051072090962138134, "error_max": 0.35038140612881113, "target": "525.xyz", "model": "4.xyz", "model_rescale": 3.8936222436046832, "target_rescale": 4.213809136677283},
{"mapping": [10, 8, 1, 3, 5, 6, 12, 2, 4, 7, 0, 13], "R": [[0.43102600557096127, 0.505403587334326, -0.7475184254793567], [-0.7259218382234073, -0.2978375901628798, -0.6199437512196718], [-0.5359608822590428, 0.8098518282967343, 0.23850775436565114]], "T": [-0.033445033036094994, -0.05313011334010357, 0.002411776154631104], "aligned_model": [[-0.14990207465905306, -0.44696871697023305, -0.20943430418535458, 0.41926008761580774, -0.6963275777198957, -0.7156390486371458, -0.37741188392340447, -0.05886764678325317, 0.7340211179804189, 0.3560830336420373, 0.27163081691488705, -0.09889576105971373], [-0.4134226541756629, -0.5881761223050476, 0.2643097262385839, -0.13732481694545193, 0.32567205231827423, -0.10745800225302402, -0.4258791923376577, 0.5608230048716141, 0.10173099622254753, -0.40325095159880936, 0.49840777140092213, -0.006508906326481413], [-0.7016231507196206, -0.09212975798781546, -0.5724362333994591, -0.5173391280727039, -0.19798547244989506, 0.26756916111188594, 0.7422452802084496, 0.4063226279177223, 0.023539882719287655, 0.3142949552343872, -0.09066080778682005, 0.0374873625001001]], "inverted": false, "swapped": true, "error_lsq": 0.053873947791509634, "error_max": 0.3029018699391432, "target": "525.xyz", "model": "5.xyz", "model_rescale": 3.6523030999806103, "target_rescale": 4.213809136677283},
{"mapping": [10, 3, 9, 8, 7, 1, 4, 5, 0, 2, 11, 12, 13], "R": [[-0.16037528918255078, -0.21964513110239975, -0.9623075303678253], [-0.27585455638879675, -0.926106100593909, 0.2573553072355124], [-0.9477257147187438, 0.3067303487197745, 0.08793442349326108]], "T": [0.07756644075690167, -0.06514300618848665, -0.005538077073779249], "aligned_model": [[0.1945110002504009, -0.26806727728841145, 0.478861106059539, 0.6866395629873425, 0.24032205427794576, -0.2594196466392319, -0.4500116102552474, 0.07571593259835735, -0.5461755802956874, -0.25680155279165773, 0.10666321104082392, 0.7910036060136609, 0.0878420987064601], [-0.42258609727294016, 0.03324556523592795, 0.18416718396578977, -0.26918364250668986, 0.5179149007916929, -0.6136441054951146, 0.49537786683716123, -0.8100249852580917, -0.05229785142220916, -0.06086470871400758, 0.46579700921922773, 0.18486579322279242, -0.1119400244403557], [0.6998671557002694, 0.5886241051526011, 0.5642355314554711, 0.22600354136469558, 0.0661691114163448, 0.21304241235873128, 0.13906622469789448, -0.2667100872109988, -0.1348002586340457, -0.660449107584523, -0.4976155214183258, -0.48835449722820945, -0.07896887058811547]], "inverted": true, "swapped": true, "error_lsq": 0.06422145871688388, "error_max": 0.38314773979633837, "target": "525.xyz", "model": "6.xyz", "model_rescale": 4.08911054899281, "target_rescale": 4.213809136677283},
{"mapping": [11, 9, 13, 8, 10, 1, 2, 5, 6, 4, 3, 12, 7, 14], "R": [[-0.8659688991693438, 0.17447264057915834, -0.4686759684054333], [0.1695179937011816, 0.9840939924778286, 0.05312874721441877], [0.47049071774367784, -0.033441167120530864, -0.8817710433319159]], "T": [0.005567520837503235, 0.0037854093265081473, 0.029329973502750618], "aligned_model": [[-0.26745296151637404, 0.09154392021578842, -0.69880152110025, 0.5312678721064688, 0.21392710401493853, -0.4775941461125993, -0.458186617257651, 0.31393304832637187, 0.1415211449149923, 0.6806754668561092, 0.566042161412428, -0.32594949622999303, -0.18238285732137982, -0.019736386649059648], [-0.054176373459513864, -0.7006412256435994, 0.20280460699166994, -0.1874452678063631, 0.3357245829358471, -0.5468527917563546, -0.170962134877761, 0.6979661176332733, -0.08866315982330619, 0.17102495294350312, -0.4771595219159566, 0.5469298658043551, 0.48647864166381627, -0.1334177145059055], [-0.4870335717913365, -0.30375932774006437, 0.041582894461858796, -0.3608224865484116, -0.5753828241323398, 0.06536376255722133, 0.6653605847829405, 0.08870231769226125, 0.5006184633004797, 0.14382751048749537, 0.3139553178597895, -0.29175021087998354, 0.6046306456239859, -0.05955071935331541]], "inverted": false, "swapped": false, "error_lsq": 0.044902077941159746, "error_max": 0.3161025109822744, "target": "525.xyz", "model": "7.xyz", "model_rescale": 3.964800864290218, "target_rescale": 4.213809136677283},
{"mapping": [8, 9, 8, 12, 7, 10, 3, 2, 6, 4, 11, 1, 0, 13], "R": [[0.4335409239593566, 0.897975113757425, -0.07538542514841512], [0.3893658814551462, -0.2621135521546535, -0.8830009604386209], [-0.8126724294641259, 0.35346453973377534, -0.46327782327634237]], "T": [-0.011196692027004067, 0.04832034818899325, 0.11543171965789922], "aligned_model": [[-0.4154729825091901, 0.0173569600536714, -0.4154729825091901, 0.4571331121147852, 0.07117976723464253, -0.40463039020280056, -0.38102999009205446, 0.35301490545545544, 0.23737611709418335, 0.6724179391259986, 0.49770520779862165, -0.3868188561596227, -0.13724667532407414, -0.056705400420635564], [-0.13858280961855104, -0.48982831814211225, -0.13858280961855104, -0.1105201030847188, 0.4211282716753052, -0.672406576651455, 0.043437038684615875, 0.6008052052291158, -0.11216756367921807, 0.05854825504632827, -0.6011845814003617, 0.6411678105987112, 0.5713458185943288, 0.008450940550267315], [-0.5112144899076037, -0.3128642395426545, -0.5112144899076037, -0.4556303110184945, -0.485468884524732, 0.14537563317932833, 0.7392603665097562, 0.14224818390511185, 0.6143916498009134, 0.28174413954500255, 0.19477607854166668, -0.1501991657810514, 0.5884170593258736, 0.06612082619506784]], "inverted": false, "swapped": false, "error_lsq": 0.05066161064297829, "error_max": 0.4469437705344961, "target": "525.xyz", "model": "8.xyz", "model_rescale": 4.121658175737393, "target_rescale": 4.213809136677283},
{"mapping": [3, 0, 1, 10, 4, 7, 2, 12, 5, 11, 9, 8, 13], "R": [[-0.5768214188199736, -0.5871956166421055, 0.567871780058501], [0.812819471454796, -0.3434376867518849, 0.4705051138324221], [-0.0812499699351263, 0.7329746674441158, 0.6753862445080809]], "T": [0.002415972581338195, -0.033116657004232795, -0.038827946437933435], "aligned_model": [[-0.44091294137221926, -0.1573602570649571, 0.267578662349516, 0.05011852380124169, -0.7051864936369416, -0.46961293669698717, 0.1628849356952391, 0.22308719827920417, 0.7430472192999591, -0.23398583418832963, -0.3161578251943414, 0.2771645095737041, 0.07607273559010885], [0.2659703704264355, -0.4603898000997347, 0.09604715329739652, 0.6915982278075404, -0.3007917057678166, -0.01597638754079741, -0.7501839223779815, -0.12745694053947268, -0.09185663563227617, -0.542997430974013, 0.5923957405839236, 0.5131338657187642, -0.0791050954902585], [-0.4817479176519489, -0.4836167008357514, -0.6513603679985881, -0.3728203686925678, -0.24151359262262664, 0.3465066529352774, -0.06698759185788836, 0.8254710788854212, -0.3054332301384086, 0.4183590123948556, 0.19586316998076989, 0.2650433723915839, -0.026688082831039066]], "inverted": false, "swapped": true, "error_lsq": 0.04576381198973514, "error_max": 0.26725522354957304, "target": "525.xyz", "model": "9.xyz", "model_rescale": 3.833441315466971, "target_rescale": 4.213809136677283},
{"mapping": [11, 12, 7, 10, 8, 6, 4, 9, 5, 13, 0, 9, 3, 14], "R": [[0.02681940935992566, -0.7569063763694526, 0.6529727840368611], [-0.41571648989857124, 0.5855989912709322, 0.6958833389648567], [-0.9090987401311232, -0.2901147339135521, -0.29895304289850094]], "T": [0.010285663813952961, -0.1394175746787678, 0.043714310087819036], "aligned_model": [[-0.22718695445879072, -0.11629612746945356, -0.5139529939116996, 0.5165297959562523, 0.24765067574957, -0.4352128235889804, -0.41215625632763003, -0.05512607146974596, 0.3116648473290115, 0.7260218841572965, 0.6027273249286191, -0.05512607146974596, -0.46082369325978273, -0.01990680450513008], [-0.1097323567710283, -0.6630213403919814, 0.18025721648552084, -0.20154712629099408, 0.38250124295050236, -0.5811758703051932, -0.15914877187121085, 0.6628733456549357, -0.1347728440590551, 0.08770122295738464, -0.4702520696378302, 0.6628733456549357, 0.47533555799585037, -0.05028097418813207], [-0.5950834861294412, -0.22616752323409775, -0.21492798038667096, -0.6009646340447032, -0.48431784924531185, 0.3037340670522647, 0.7197809370223867, -0.056089049424717735, 0.6491762954248652, 0.3117166534797903, 0.10188970716032306, -0.056089049424717735, 0.4367237365548523, 0.05636053151575891]], "inverted": false, "swapped": false, "error_lsq": 0.04703328907921041, "error_max": 0.3334733456734868, "target": "525.xyz", "model": "10.xyz", "model_rescale": 4.2482417240324, "target_rescale": 4.213809136677283},
{"mapping": [5, 10, 3, 9, 2, 11, 0, 7, 8, 12, 6, 13], "R": [[-0.8083237736858164, -0.5854274292224595, 0.062349033739931406], [0.5864216910480571, -0.7912301444607888, 0.17339105733830779], [-0.05217544597469308, 0.17671893959205764, 0.98287747925507]], "T": [-0.015366060614672494, 0.04363141608781204, 0.06900799493064422], "aligned_model": [[-0.7522394000778816, 0.14617099343686246, 0.34471628297980356, 0.5962356577280584, -0.4659996607559663, 0.11386677270390541, -0.20549228809608638, 0.5148263202970503, 0.0830395196592788, 0.035539151244260735, -0.44054120560926985, -0.0933565411470086], [-0.21021731712940825, -0.7390881620036795, -0.33104567780197514, -0.2841013099288736, 0.5883286904189878, 0.753355533057907, 0.20711528656194614, 0.33223273495828376, -0.3163848897300494, 0.5135404565917059, 0.08095687368327664, 0.07143917137251822], [-0.056059619720642856, 0.051862207553686035, 0.529583133176937, -0.18861487422008086, 0.27140106443525525, 0.002114902475361488, 0.6547151402925047, -0.015804453891802808, -0.5027601153011086, -0.6933586079460266, -0.5280527553511869, 0.04016626835146095]], "inverted": true, "swapped": true, "error_lsq": 0.047486046322955174, "error_max": 0.27458661100591686, "target": "525.xyz", "model": "11.xyz", "model_rescale": 3.6694154284099745, "target_rescale": 4.213809136677283},
{"mapping": [0, 5, 4, 12, 1, 6, 11, 2, 9, 10, 7, 3, 8, 13], "R": [[0.8703474615788532, -0.4181482985912913, -0.2600909389203223], [-0.33619964384527035, -0.8904856372289681, 0.30660255929661084], [-0.35981258399555716, -0.17940827816499078, -0.915613222995558]], "T": [0.029836566811811488, -0.06293669915800473, 0.02355592380662029], "aligned_model": [[-0.26990219811204985, 0.2019956342986723, -0.6498888948311199, 0.5571294545626984, -0.04993187497552326, -0.3237237934119672, -0.4608387071593012, 0.28971500687349305, 0.20465185377754166, 0.6187428646974943, 0.4137934203578979, -0.363150604319036, -0.03211069629711237, -0.027674733801897902], [-0.23915769565428247, -0.780019199095307, 0.17873778599261195, -0.0640532932910637, 0.5142890462565717, -0.5041893279508421, -0.09747034074645902, 0.53093729928946, -0.05287987492391416, 0.024612428946980278, -0.5930829470950999, 0.7012018513632435, 0.5145596120714029, -0.051874766979597045], [-0.6008163190271202, -0.29381568211048903, -0.14150585181626713, -0.4050808268475455, -0.5903829401097872, 0.03563990971824061, 0.5740773602821565, -0.05448537136103161, 0.8071532327730964, 0.2450357418196361, 0.37524813140120594, -0.030316699455854426, 0.508590353946204, -0.08359868289186352]], "inverted": true, "swapped": false, "error_lsq": 0.05271577126983752, "error_max": 0.30938069754521164, "target": "525.xyz", "model": "12.xyz", "model_rescale": 3.9764082729961374, "target_rescale": 4.213809136677283},
{"mapping": [8, 3, 2, 11, 10, 7, 4, 12, 6, 13, 14, 9, 5, 15], "R": [[0.39441631199312804, -0.028491387707818658, 0.9184900727064077], [0.4613574376852014, -0.8582783612662424, -0.22473889132653246], [0.7947232773275771, 0.5123929111615579, -0.325374272285162]], "T": [-0.031790580585007486, 0.09688417904161883, 0.0534173447807355], "aligned_model": [[-0.10425512350572265, -0.0008976027040569629, -0.6711711511141842, 0.4947679782749127, 0.270349341784856, -0.6234578066348281, -0.3653717344273981, 0.2357402068080645, 0.37471229415758944, 0.566052328327198, 0.5591930149733245, -0.35527814277459435, -0.22584255672284104, -0.04573431478252994], [-0.20754143415790777, -0.7080960136221167, 0.0786402860936983, -0.2547261580966752, 0.31027281745075863, -0.37297142733724187, -0.1992080487068898, 0.6633874823520551, -0.0792463294282173, 0.2034663071449582, -0.42970571345024067, 0.5880615387208784, 0.4906914485434497, -0.0014141773228046883], [-0.580401850807354, -0.19050059357213267, -0.4231528602321341, -0.42580176341328196, -0.6602518049423637, 0.06753477003655334, 0.6163709203509883, -0.06788731334695006, 0.675825781831032, 0.12894649424804108, 0.16409486951555569, 0.178316203721766, 0.767618696557132, 0.095030806373729]], "inverted": false, "swapped": false, "error_lsq": 0.04265365364357858, "error_max": 0.3260816946861644, "target": "525.xyz", "model": "13.xyz", "model_rescale": 4.170626492500431, "target_rescale": 4.213809136677283},
{"mapping": [9, 11, 10, 3, 1, 5, 12, 0, 4, 2, 6, 7, 8, 13], "R": [[0.49863255544566387, 0.1596014236426059, 0.851993521231811], [-0.7623196330325498, 0.5485948057972125, 0.3433839194625128], [-0.4125946579184536, -0.8207137897120849, 0.3952145286215857]], "T": [0.0673382893946903, 0.05294355163735525, 0.036782443724347885], "aligned_model": [[-0.31216377062450207, -0.1341312904172229, -0.48332448834790265, 0.49473389478326524, 0.16745940788062458, -0.1486432905698443, -0.4714810421281307, 0.33348268516851765, 0.14536828586610576, 0.6893536450018475, 0.43677941774349727, -0.293356655205113, -0.36949844803632137, 0.05422838054496898], [-0.03422513741842937, -0.5488712929137004, 0.10728002235430062, -0.2252576178296155, 0.4643797713349015, -0.757216205453177, -0.19923656922368327, 0.5854259199992944, 0.09563321815832931, 0.12241560555366737, -0.6937290678234975, 0.7651437751413012, 0.4476887290595593, -0.04782057275554618], [-0.6736302845916388, -0.27448681659466523, -0.07342807362162679, -0.42734114997847905, -0.6047083735516784, 0.3892210248463074, 0.4631450075195116, -0.001793384325441405, 0.7404528513840842, 0.23976692182524884, 0.15289669376247278, -0.10499132489976037, 0.4894481068107648, 0.03119115773548164]], "inverted": true, "swapped": false, "error_lsq": 0.05283840043134254, "error_max": 0.3814966970706158, "target": "525.xyz", "model": "14.xyz", "model_rescale": 3.9786697098870705, "target_rescale": 4.213809136677283},
{"mapping": [8, 3, 12, 6, 7, 11, 1, 0, 2, 5, 4, 13], "R": [[-0.79024446502108, 0.37667425554210054, 0.48335307045197456], [0.048274919386810555, 0.8245876935532325, -0.5636707086577744], [-0.6108872380904221, -0.4221038270998795, -0.6698097800763223]], "T": [-0.04729368389948454, -0.028908473791113207, -0.07471685679865074], "aligned_model": [[-0.0021123078974211937, -0.7311072355660952, 0.6926748939375592, 0.5166568787376572, -0.04002532550438419, 0.4146891204294909, -0.39099715187323353, -0.19265163069068134, 0.4059088949998445, 0.18399599781987677, -0.3970091854064121, 0.023331647781135785], [-0.4688817040352224, 0.09036852236671476, 0.025457747526463806, -0.4840287328476453, 0.43984553318103137, 0.5279054685722212, -0.4499497608919248, 0.22384190044799113, 0.19647698556664006, -0.6738993830285828, 0.6516547263663645, -0.06411681299961242], [-0.5949056403118166, -0.056177666702011894, -0.5787996891951526, -0.19079418417379918, -0.4643380644089095, -0.11232344304224305, 0.33367348351193965, 0.4917777451492386, 0.45870374086580584, 0.3171443637034436, 0.0925118838390054, -0.03650603536167041]], "inverted": false, "swapped": true, "error_lsq": 0.05359550778356712, "error_max": 0.35976315722227215, "target": "525.xyz", "model": "15.xyz", "model_rescale": 3.769337070930944, "target_rescale": 4.213809136677283},
{"mapping": [5, 10, 2, 0, 6, 8, 12, 9, 11, 4, 13], "R": [[-0.015319441961599484, -0.5156044447898332, -0.8566897753626765], [0.8696571227295561, -0.42967663546336204, 0.24305241784980325], [-0.49341848727397264, -0.7413029377048583, 0.4549814842017329]], "T": [-0.09681562737860228, 0.007944812303991557, 0.023815521550942263], "aligned_model": [[-0.2359730684136405, -0.23471911621541508, -0.26663634173573025, -0.6515393427812304, 0.3583014938671488, 0.3717710092157839, 0.7449274279636899, 0.22081708808127165, 0.17699799968721153, -0.47801836841736434, -0.0833026505605545], [0.08825264525576468, -0.762810093991625, 0.7142646374288713, 0.3056044932471798, 0.1565275781519023, -0.42338824839209915, 0.3153012921117091, -0.5815395511396891, 0.5768456896112064, 0.14362062235779538, 0.06338543298432668], [-0.749003515852629, -0.13729822079283663, -0.09021055631902611, 0.12183660254967815, -0.5324579731213784, -0.22233996857163504, -0.016300650083942138, 0.3391765648276064, 0.37914919947481207, 0.6944191286757951, -0.04275300356266735]], "inverted": true, "swapped": true, "error_lsq": 0.03858887835938254, "error_max": 0.18968467146179, "target": "525.xyz", "model": "16.xyz", "model_rescale": 3.7852294659196426, "target_rescale": 4.213809136677283},
{"mapping": [6, 1, 10, 5, 2, 0, 4, 3, 8, 12, 11, 9, 13], "R": [[-0.5496625101674669, -0.10352070298813765, -0.8289478807314977], [-0.13805627062093084, -0.9673917212250097, 0.21235282867801275], [-0.823900231252935, 0.2311638418052333, 0.5174472796171659]], "T": [-0.02334178949894673, 0.1096392351594479, 0.021980944830874233], "aligned_model": [[0.24987672657754884, -0.25727249613102304, 0.36434996464154057, -0.1591927870735248, -0.5996285327190614, -0.6434402018013681, -0.4233495061991077, -0.08668099455902702, 0.6194737988541632, 0.43243501598254314, -0.183609297892189, 0.5869763431889706, -0.046172182653182015], [-0.18415329864315483, -0.47501215951568704, -0.34404994496723035, -0.5883889728439111, 0.20015920483017235, 0.1224841457699, 0.6265326782440312, 0.1089760956980233, -0.1077306080827318, 0.449485666401654, 0.7078707560366808, 0.2843870062108471, 0.07449505456428056], [-0.592580868811818, 0.2782028810477538, 0.5538637960223763, -0.32060412970072827, -0.425711406570374, 0.16772313412718956, 0.45354513261129414, 0.7134716404828042, -0.05386522304132915, -0.6718350184334725, -0.3539412631019565, 0.4025199542851774, -0.0550339317737434]], "inverted": true, "swapped": true, "error_lsq": 0.047175963013792704, "error_max": 0.2990637297001892, "target": "525.xyz", "model": "17.xyz", "model_rescale": 3.901054581598922, "target_rescale": 4.213809136677283},
{"mapping": [1, 4, 0, 6, 7, 8, 5, 12, 9, 11, 10, 3, 13, 14], "R": [[0.6353558053545578, -0.16465556781545213, 0.7544610954778468], [0.5810735984864687, 0.7454176958571919, -0.3266587391222558], [-0.5086024712329344, 0.6459419499384806, 0.5692824637782423]], "T": [-0.05645617016465093, -0.03711579826986037, 0.0448279281632393], "aligned_model": [[-0.1899463433768632, 0.005445133401309754, -0.5715504088558196, 0.4739827630177445, 0.10212609394602967, -0.514182328800179, -0.2637448865291142, 0.25398477685023024, 0.2615348096881604, 0.7189155473274609, 0.4825877787204313, -0.39070003290084143, -0.23849770869281967, -0.0211484621359394], [-0.21091747191006238, -0.7982960580717726, 0.2569975267418065, -0.10174491202518349, 0.34536419945423, -0.5140471784542248, -0.18750794533136872, 0.6363295989384978, 0.03826669276561239, 0.1511904486605796, -0.577408867263011, 0.6491592137866055, 0.3956613428252992, -0.0014360119333030538], [-0.6167300068140947, -0.16095547888051773, -0.42812005609848924, -0.4826029782971848, -0.4730888032210194, 0.1034920094743247, 0.6144766244364978, 0.09035615537001651, 0.617006954440706, 0.053221140121790717, 0.34477587180879976, 0.01811580427045259, 0.5989642134725273, 0.06683090623677218]], "inverted": false, "swapped": false, "error_lsq": 0.044812114984129396, "error_max": 0.23510634876227107, "target": "525.xyz", "model": "18.xyz", "model_rescale": 3.9405287249114394, "target_rescale": 4.213809136677283},
{"mapping": [12, 0, 13, 1, 3, 7, 9, 10, 5, 2, 6, 14, 11, 15], "R": [[-0.44959979572343306, 0.6586108120818661, 0.6034002170154666], [-0.735045095549073, 0.11101932461991906, -0.6688672641639679], [-0.5075122965945766, -0.7442489555046765, 0.4341943816258987]], "T": [-0.09054657874101749, -0.09509462555890004, -0.057441485060493534], "aligned_model": [[-0.24224094887093006, 0.16031284519763986, -0.6951013092174684, 0.4564180258933107, 0.29453362244030723, -0.5532086776064621, -0.41952686043969645, 0.25027564220157605, 0.2778135125484208, 0.6692460650466977, 0.5409210268369918, -0.3292442112555193, -0.2408694089418087, -0.06052259217326873], [-0.02236049460259458, -0.7034805595335363, 0.1832839565307, -0.1945102991686698, 0.4004031609871803, -0.5325356641186061, -0.15040994210989062, 0.6016813371443892, -0.17666468539396823, 0.15747416382593699, -0.4353217956231963, 0.6141201730078722, 0.41360235773342224, -0.07367113049533483], [-0.5788219857260946, -0.25646500808962136, 0.03393021878865483, -0.4130616041445623, -0.633309331931675, 0.24291608351165025, 0.6337329046306007, 0.07002422976976427, 0.6834497426123732, 0.28056654455980806, 0.15178946735294857, -0.25688263377873105, 0.4302506594420924, -0.04237693067662673]], "inverted": true, "swapped": false, "error_lsq": 0.03959036901849873, "error_max": 0.30446637002356525, "target": "525.xyz", "model": "19.xyz", "model_rescale": 4.410303926677745, "target_rescale": 4.213809136677283},
{"mapping": [8, 9, 8, 12, 7, 10, 3, 2, 6, 4, 11, 1, 0, 13], "R": [[0.4335409239593566, 0.897975113757425, -0.07538542514841512], [0.3893658814551462, -0.2621135521546535, -0.8830009604386209], [-0.8126724294641259, 0.35346453973377534, -0.46327782327634237]], "T": [-0.011196692027004067, 0.04832034818899325, 0.11543171965789922], "aligned_model": [[-0.4154729825091901, 0.0173569600536714, -0.4154729825091901, 0.4571331121147852, 0.07117976723464253, -0.40463039020280056, -0.38102999009205446, 0.35301490545545544, 0.23737611709418335, 0.6724179391259986, 0.49770520779862165, -0.3868188561596227, -0.13724667532407414, -0.056705400420635564], [-0.13858280961855104, -0.48982831814211225, -0.13858280961855104, -0.1105201030847188, 0.4211282716753052, -0.672406576651455, 0.043437038684615875, 0.6008052052291158, -0.11216756367921807, 0.05854825504632827, -0.6011845814003617, 0.6411678105987112, 0.5713458185943288, 0.008450940550267315], [-0.5112144899076037, -0.3128642395426545, -0.5112144899076037, -0.4556303110184945, -0.485468884524732, 0.14537563317932833, 0.7392603665097562, 0.14224818390511185, 0.6143916498009134, 0.28174413954500255, 0.19477607854166668, -0.1501991657810514, 0.5884170593258736, 0.06612082619506784]], "inverted": false, "swapped": false, "error_lsq": 0.05066161064297829, "error_max": 0.4469437705344961, "target": "525.xyz", "model": "20.xyz", "model_rescale": 4.121658175737393, "target_rescale": 4.213809136677283},
{"mapping": [10, 3, 9, 8, 7, 1, 4, 5, 0, 2, 11, 12, 13], "R": [[-0.16037528918255078, -0.21964513110239975, -0.9623075303678253], [-0.27585455638879675, -0.926106100593909, 0.2573553072355124], [-0.9477257147187438, 0.3067303487197745, 0.08793442349326108]], "T": [0.07756644075690167, -0.06514300618848665, -0.005538077073779249], "aligned_model": [[0.1945110002504009, -0.26806727728841145, 0.478861106059539, 0.6866395629873425, 0.24032205427794576, -0.2594196466392319, -0.4500116102552474, 0.07571593259835735, -0.5461755802956874, -0.25680155279165773, 0.10666321104082392, 0.7910036060136609, 0.0878420987064601], [-0.42258609727294016, 0.03324556523592795, 0.18416718396578977, -0.26918364250668986, 0.5179149007916929, -0.6136441054951146, 0.49537786683716123, -0.8100249852580917, -0.05229785142220916, -0.06086470871400758, 0.46579700921922773, 0.18486579322279242, -0.1119400244403557], [0.6998671557002694, 0.5886241051526011, 0.5642355314554711, 0.22600354136469558, 0.0661691114163448, 0.21304241235873128, 0.13906622469789448, -0.2667100872109988, -0.1348002586340457, -0.660449107584523, -0.4976155214183258, -0.48835449722820945, -0.07896887058811547]], "inverted": true, "swapped": true, "error_lsq": 0.06422145871688388, "error_max": 0.38314773979633837, "target": "525.xyz", "model": "21.xyz", "model_rescale": 4.08911054899281, "target_rescale": 4.213809136677283},
{"mapping": [4, 15, 13, 1, 0, 14, 9, 6, 5, 8, 11, 7, 10, 16], "R": [[0.9880202372755378, -0.09153948027732137, 0.12424385008743125], [-0.1253392283968296, -0.00629365927043087, 0.9920939812728808], [-0.09003381897308133, -0.9957815590798746, -0.017691750551508727]], "T": [-0.0509826006600476, -0.059142891111107876, -0.01207504606479056], "aligned_model": [[-0.2704987150170814, 0.06976969662964862, -0.6108345434743757, 0.601282921431565, 0.11021201247623276, -0.5212696619321413, -0.2888181137586403, 0.29267323340021006, 0.19282174640482097, 0.612812528102859, 0.5411449917996194, -0.3389483977628308, -0.2137757533657021, -0.06776521327439382], [-0.0328007246268993, -0.777572690026576, 0.17481484967503041, -0.24829581461417521, 0.4427301183062962, -0.4821685628515025, -0.23426085196693583, 0.6012741962831145, 0.00875995279149748, 0.08795762482759853, -0.45930315530110477, 0.5911033188094847, 0.4416833812818926, -0.032311064404016356], [-0.6734455561952825, -0.040084412778700895, -0.27391382027805794, -0.4228903835180533, -0.579718576190377, 0.09610049181558894, 0.6362424533576332, 0.02417501525170087, 0.6464670544044044, 0.12393775958701542, 0.2620594236207236, -0.004881007400942286, 0.5993224052939982, -0.04762849064906936]], "inverted": true, "swapped": false, "error_lsq": 0.03707589766591852, "error_max": 0.21787723999710515, "target": "525.xyz", "model": "22.xyz", "model_rescale": 4.204369325754507, "target_rescale": 4.213809136677283},
{"mapping": [12, 0, 13, 1, 3, 7, 9, 10, 5, 2, 6, 14, 11, 15], "R": [[-0.44959979572343306, 0.6586108120818661, 0.6034002170154666], [-0.735045095549073, 0.11101932461991906, -0.6688672641639679], [-0.5075122965945766, -0.7442489555046765, 0.4341943816258987]], "T": [-0.09054657874101749, -0.09509462555890004, -0.057441485060493534], "aligned_model": [[-0.24224094887093006, 0.16031284519763986, -0.6951013092174684, 0.4564180258933107, 0.29453362244030723, -0.5532086776064621, -0.41952686043969645, 0.25027564220157605, 0.2778135125484208, 0.6692460650466977, 0.5409210268369918, -0.3292442112555193, -0.2408694089418087, -0.06052259217326873], [-0.02236049460259458, -0.7034805595335363, 0.1832839565307, -0.1945102991686698, 0.4004031609871803, -0.5325356641186061, -0.15040994210989062, 0.6016813371443892, -0.17666468539396823, 0.15747416382593699, -0.4353217956231963, 0.6141201730078722, 0.41360235773342224, -0.07367113049533483], [-0.5788219857260946, -0.25646500808962136, 0.03393021878865483, -0.4130616041445623, -0.633309331931675, 0.24291608351165025, 0.6337329046306007, 0.07002422976976427, 0.6834497426123732, 0.28056654455980806, 0.15178946735294857, -0.25688263377873105, 0.4302506594420924, -0.04237693067662673]], "inverted": true, "swapped": false, "error_lsq": 0.03959036901849873, "error_max": 0.30446637002356525, "target": "525.xyz", "model": "23.xyz", "model_rescale": 4.410303926677745, "target_rescale": 4.213809136677283},
{"mapping": [10, 3, 11, 4, 8, 1, 7, 15, 0, 5, 2, 14, 13, 16], "R": [[-0.9341168606661499, -0.3411796955101167, 0.10498621809952444], [-0.08255448651191197, 0.49260815998683305, 0.8663267036581185], [-0.347290148688343, 0.8005832974063417, -0.48831950251655715]], "T": [-0.04828875557157224, 0.13909992903893173, 0.06405473601215743], "aligned_model": [[-0.20404307813106265, 0.18647755678631106, -0.6602712558269113, 0.4648845678097104, 0.2723931646764418, -0.5222796515799165, -0.4410900901948707, 0.2420709415246452, 0.19391524297407503, 0.5631352799411079, 0.6153990999168106, -0.3259943716786922, -0.24071255498375488, -0.035078119574103596], [-0.12149422754285402, -0.7082998394974828, 0.1983342850148445, -0.1481269168345534, 0.16719379027377387, -0.5761377282619399, -0.10411306359562136, 0.740581136519815, -0.39646902003663853, 0.2295245894886762, -0.48044074124863423, 0.7563714303511156, 0.5044331678215624, 0.020253715731641128], [-0.5118056835645635, -0.12581204755035247, -0.0865779200226663, -0.2937695954279071, -0.6923053027533883, 0.07420725541894989, 0.5420562510873695, -0.1873926624318924, 0.5382792977555965, 0.18061400423167695, 0.15669241471388612, 0.06639449347888375, 0.6329935111800225, 0.052168340204965476]], "inverted": false, "swapped": false, "error_lsq": 0.04522358024908395, "error_max": 0.289687628271508, "target": "525.xyz", "model": "24.xyz", "model_rescale": 4.28219845311461, "target_rescale": 4.213809136677283},
{"mapping": [2, 13, 14, 4, 0, 12, 11, 1, 9, 3, 7, 8, 5, 15], "R": [[-0.4163183288595242, 0.5643699324169816, 0.7128573689310258], [0.9010754298873617, 0.1514026263081788, 0.40637459861597197], [0.12141712691757856, 0.8115194539446591, -0.571571567837697]], "T": [-0.038577981389652155, 0.005236264865213447, 0.006067074243871706], "aligned_model": [[-0.18891815402496254, -0.038377551521764114, -0.7409635092572561, 0.5759685804259037, 0.1738929418963752, -0.4808058834735105, -0.44640786812625444, 0.29397694286967113, 0.13689028785001636, 0.6678798655422216, 0.5138676114867539, -0.2768132288437456, -0.06541654534205223, -0.015966757821606323], [-0.18256295334998723, -0.5713458165764115, -0.16643290155358417, -0.04436277059333188, 0.3961949751698227, -0.5526856458531239, -0.028767044981426376, 0.5495355931626527, -0.23132304583980207, 0.19669238651638807, -0.525798423936826, 0.6518215531798597, 0.5546097726584426, 0.036034900181031726], [-0.6349550084628506, -0.13700465645550852, -0.23336745216752874, -0.387024558925766, -0.677717662080906, 0.2845944955006184, 0.3652266900868532, 0.0610476381960848, 0.6144454621634892, 0.25965573497320377, 0.14153674594415416, 0.09043228469448698, 0.6562586777993753, -0.05738603494512476]], "inverted": true, "swapped": false, "error_lsq": 0.04165967980072914, "error_max": 0.307125237802862, "target": "525.xyz", "model": "25.xyz", "model_rescale": 4.100010024507729, "target_rescale": 4.213809136677283},
{"mapping": [5, 10, 3, 9, 2, 11, 0, 7, 8, 12, 6, 13], "R": [[-0.8083237736858164, -0.5854274292224595, 0.062349033739931406], [0.5864216910480571, -0.7912301444607888, 0.17339105733830779], [-0.05217544597469308, 0.17671893959205764, 0.98287747925507]], "T": [-0.015366060614672494, 0.04363141608781204, 0.06900799493064422], "aligned_model": [[-0.7522394000778816, 0.14617099343686246, 0.34471628297980356, 0.5962356577280584, -0.4659996607559663, 0.11386677270390541, -0.20549228809608638, 0.5148263202970503, 0.0830395196592788, 0.035539151244260735, -0.44054120560926985, -0.0933565411470086], [-0.21021731712940825, -0.7390881620036795, -0.33104567780197514, -0.2841013099288736, 0.5883286904189878, 0.753355533057907, 0.20711528656194614, 0.33223273495828376, -0.3163848897300494, 0.5135404565917059, 0.08095687368327664, 0.07143917137251822], [-0.056059619720642856, 0.051862207553686035, 0.529583133176937, -0.18861487422008086, 0.27140106443525525, 0.002114902475361488, 0.6547151402925047, -0.015804453891802808, -0.5027601153011086, -0.6933586079460266, -0.5280527553511869, 0.04016626835146095]], "inverted": true, "swapped": true, "error_lsq": 0.047486046322955174, "error_max": 0.27458661100591686, "target": "525.xyz", "model": "26.xyz", "model_rescale": 3.6694154284099745, "target_rescale": 4.213809136677283},
{"mapping": [2, 6, 0, 12, 11, 1, 5, 10, 7, 9, 3, 4, 8, 13], "R": [[-0.8287141577867287, -0.17982580851766006, -0.5299957766575152], [0.5282144337605545, -0.5643155409197547, -0.6344584164809082], [-0.1849928556751576, -0.8057360913273122, 0.5626428658409665]], "T": [0.008176403334781715, 0.05435102031560087, 0.07724597906142255], "aligned_model": [[-0.2065208749452414, -0.01719020923602345, -0.6330004133708116, 0.5218721553754145, 0.45211593390435456, -0.45254819866041635, -0.5496246935306472, 0.12415962383876729, 0.1783065111478171, 0.6591043757407751, 0.5519880774907158, -0.5218789167851591, 0.013887531389439978, -0.011864170699194793], [0.07013953669121809, -0.5405727133787785, -0.027339075307483703, -0.256313178696051, 0.30186464243646816, -0.6900429576866017, -0.13884346422038416, 0.6208160226459826, -0.21896165711033558, 0.22111466618466558, -0.5144796819278695, 0.6749996880201852, 0.5231993669595224, 0.05602938357316724], [-0.5675682947051326, -0.2642400643696572, -0.0611460768143203, -0.44173113329066066, -0.6140066298359816, 0.19238546110894394, 0.6040403670362275, -0.08875406186929899, 0.6180642955894731, 0.19277171916393074, 0.2603626510780991, -0.019538105260318725, 0.511418529202094, 0.023683699287183037]], "inverted": true, "swapped": false, "error_lsq": 0.04793079149062259, "error_max": 0.3265678800983337, "target": "525.xyz", "model": "27.xyz", "model_rescale": 4.103607728864725, "target_rescale": 4.213809136677283},
