[{"mapping": [7, 6, 8, 9, 2, 1, 10, 3, 5, 0, 11], "R": [[0.01782662534049595, 0.8147204374048178, 0.5795798653368425], [-0.4784442054677411, -0.5020453573952778, 0.7204454187321828], [0.8779369873079228, -0.2901397387342013, 0.3808484978622575]], "T": [-0.006897524947876918, 0.18252354616421287, 0.11200406871154882], "aligned_model": [[0.07572417945026917, -0.13618604679485846, -0.14037297494226753, -0.578629692132804, 0.5861894110796251, 0.5575081969811067, -0.33885354727087885, -0.5319930292603113, 0.4589494916550218, 0.5266299763704818, 0.05086164379519169], [-0.7457219449315136, -0.1327853745888282, 0.5667427583195701, 0.10816509958003742, 0.6581587961054947, -0.03496788342184842, -0.25524307788321887, 0.49177290252554484, -0.3912257483332583, 0.24821513427506522, 0.16544614458561435], [-0.055737613910308195, -0.5275420594661863, -0.3755032563110825, -0.08021865329493032, -0.15402081905880122, -0.2568105441082108, 0.5119127183785321, 0.4324288831811798, 0.4894754407594717, 0.41831178097156424, 0.1467099280084363]], "inverted": true, "swapped": false, "error_lsq": 0.04477028420924653, "error_max": 0.286397359556814, "target": "526.xyz", "model": "0.xyz", "model_rescale": 3.751011558992144, "target_rescale": 3.7598061452871825},
{"mapping": [1, 6, 11, 12, 10, 4, 0, 13, 8, 5, 14], "R": [[-0.7197920490538731, -0.5703847946731734, 0.3956773838930763], [-0.005938695653801063, 0.5750231483329723, 0.8181155852171306], [-0.6941643451033468, 0.5865232858863137, -0.41728443189311903]], "T": [0.010893592341780035, 0.05741892349638673, 0.1308653953216577], "aligned_model": [[0.04114370399493606, -0.07822681711110663, -0.22070605672933027, -0.6541464411606008, 0.5683096542586, 0.7013908128157001, -0.34718519177056295, -0.27472829039759045, 0.5175700454132904, 0.29760389134496007, -0.02119770172771985], [-0.595118082846627, -0.12074863446089185, 0.49646057427067664, 0.3630845832719084, 0.5037467075400958, -0.2035836372967454, -0.5607181169774756, 0.49691074184673234, -0.2060774554834448, 0.4047423244095674, 0.09985780195886335], [-0.11196362998978499, -0.5930404129024718, -0.4939025778989619, 0.00332966562069012, -0.27228791452043816, -0.15315083957878967, 0.3861900946014687, 0.6336270485969475, 0.4688992431938245, 0.5635889867968964, 0.11771614123028395]], "inverted": false, "swapped": false, "error_lsq": 0.04999713403647197, "error_max": 0.2382128296264046, "target": "526.xyz", "model": "1.xyz", "model_rescale": 3.9405287249114394, "target_rescale": 3.7598061452871825},
{"mapping": [11, 6, 7, 3, 1, 0, 9, 4, 5, 2, 12], "R": [[-0.5318670227219512, 0.7736524898423635, -0.34435344502647225], [0.7372828152571985, 0.22301730412919707, -0.6377125781928449], [-0.41657114694528175, -0.5930641677084002, -0.6890162353043907]], "T": [-0.043129897433534535, 0.0770155440227905, 0.07960494305076442], "aligned_model": [[-0.033322912836841016, 0.012961609395382413, -0.30657829290579275, -0.5762381089553454, 0.43657619098704264, 0.691763326605987, -0.30619224017518226, -0.32652305088566175, 0.44617695288482057, 0.48905254163509065, 0.0021515931810759323], [-0.6268959495513906, -0.0976403160658633, 0.5139209217430846, 0.15532039800256892, 0.7021184778450948, -0.09437989675939755, -0.43598302508501, 0.6803596959407159, -0.3864300980344393, 0.1549185994728543, 0.11324799872444127], [-0.030061466138505702, -0.43196593843857317, -0.5275346512752201, -0.11134966731545086, -0.00011157479367852885, -0.28575178730431744, 0.6435302741139155, 0.29722818814583446, 0.3514012334346511, 0.49779460459218067, 0.14582659012882893]], "inverted": false, "swapped": false, "error_lsq": 0.054758270692206026, "error_max": 0.26151002828287906, "target": "526.xyz", "model": "2.xyz", "model_rescale": 3.932901565614263, "target_rescale": 3.7598061452871825},
{"mapping": [1, 10, 12, 11, 5, 2, 3, 8, 0, 7, 13], "R": [[-0.38987841277606394, -0.7771045422695191, -0.49406816699246964], [-0.35493784411969137, -0.36825567814479354, 0.8593060469505522], [-0.8497140401705054, 0.51038836771443, -0.1322488715978975]], "T": [0.07776557338983241, 0.08085976611612375, 0.10818981444357459], "aligned_model": [[0.040505543393162854, -0.22796433687443207, 0.025074951122487435, -0.8022699517884742, 0.4875130318143838, 0.7058176263462799, -0.13020333126130051, -0.44242145511489744, 0.4155860535172365, 0.3678375715172914, 0.09035190625883847], [-0.6101040143215853, 0.029105227633448055, 0.5652462580742589, 0.007801728510530209, 0.6168679096664232, -0.3828204774187698, -0.1493661305372543, 0.37347116828750426, -0.4172933280911967, 0.5010598441510258, 0.14458862027827507], [-0.1562896085746073, -0.537562560710774, -0.4797925278874745, -0.02563356143967871, -0.14000763924410803, -0.1829306137488033, 0.5136900601766384, 0.5354727982220386, 0.4025894528284917, 0.6072215545853697, 0.012248450942572]], "inverted": false, "swapped": false, "error_lsq": 0.05255388455812104, "error_max": 0.3089959011358054, "target": "526.xyz", "model": "3.xyz", "model_rescale": 3.9243930471874484, "target_rescale": 3.7598061452871825},
{"mapping": [0, 5, 11, 6, 9, 1, 3, 10, 7, 8, 12], "R": [[-0.08875317634275176, 0.7505951532108709, -0.654774609820373], [-0.3092770528909776, 0.6041098712983888, 0.7344378584706238], [0.94682130217066, 0.26769045439872097, 0.17852518696156702]], "T": [0.05303361157101117, 0.10376873183027635, 0.14931537467767916], "aligned_model": [[0.014729779842016351, -0.1051153224603382, -0.19564852787613304, -0.6027852605079859, 0.4731909975633371, 0.5700775502316936, -0.438621466433621, -0.31852519342803653, 0.6578070098850508, 0.4296690463956723, 0.045048995718920425], [-0.7022270734481398, -0.22113847844643042, 0.7127125700112682, 0.07127495816302382, 0.5968515808500505, -0.2268889926189493, -0.29653105096300164, 0.5579188173051166, -0.2979576646529379, 0.45656791204921693, 0.02797422798344215], [-0.11943345175523087, -0.516302623238422, -0.29054673649912033, -0.15128781298772823, -0.13001322531794055, -0.21604928527015052, 0.37512223580591764, 0.540236688767596, 0.48958555846179475, 0.509891104015511, 0.05780335316743768]], "inverted": false, "swapped": false, "error_lsq": 0.040323353510200804, "error_max": 0.18388953752484166, "target": "526.xyz", "model": "4.xyz", "model_rescale": 3.8936222436046832, "target_rescale": 3.7598061452871825},
{"mapping": [2, 3, 8, 10, 9, 0, 4, 7, 1, 6, 11], "R": [[-0.08011547104982854, -0.9966730166045042, -0.014980296089925738], [0.5724149228376673, -0.05830548471478503, 0.8178885171983536], [-0.8160408491069622, 0.05695057879119164, 0.5751816792667659]], "T": [0.011798100429873823, 0.1301473327107126, 0.07256033423053596], "aligned_model": [[-0.09706465519163514, 0.02595287659485776, -0.17124843830363945, -0.5894502078162785, 0.5027313582950869, 0.6112471607374287, -0.37377322301575716, -0.37027370916937846, 0.6198066496210812, 0.35234788831988034, 0.019551908858930003], [-0.5892444922793587, 0.007660038238037764, 0.6537342280645315, 0.0012238718917221836, 0.4409259570523861, -0.3157461793823976, -0.40714694801073664, 0.5449601882998203, -0.2881394473655596, 0.5699680668418665, 0.060361522882347696], [-0.09412130093083568, -0.4887582360356474, -0.4155109249133041, -0.07354446571340328, -0.13824082040435412, -0.4013152918008964, 0.512189961698085, 0.39146306945809406, 0.3863604949775883, 0.6428165853178168, 0.22766673349652197]], "inverted": false, "swapped": false, "error_lsq": 0.04258922146173587, "error_max": 0.2037792206098539, "target": "526.xyz", "model": "5.xyz", "model_rescale": 3.6523030999806103, "target_rescale": 3.7598061452871825},
{"mapping": [2, 3, 7, 11, 5, 1, 10, 9, 6, 8, 12], "R": [[0.7022437718436764, 0.1550232839377787, -0.6948535574809368], [0.2842363610851125, 0.8337954606775726, 0.4732809110777319], [0.6527353031236017, -0.5298612188022646, 0.541464415142416]], "T": [0.07728283573581538, 0.044149855504291964, 0.048882604816126995], "aligned_model": [[0.14621819987758092, -0.04278005450165201, -0.2281864269618459, -0.7756363393455663, 0.49479951175308623, 0.6448089310981547, -0.3321559306436367, -0.2916572807278556, 0.3827131890736961, 0.44343730140226645, 0.08826650790634824], [-0.689286930681117, -0.006224189149264946, 0.5287099560633751, 0.20682270099687716, 0.5462594339649771, -0.2509049899139198, -0.3201050331866341, 0.4485414256232072, -0.27874440287676205, 0.3938895134507447, 0.09959932194117568], [-0.13422946592138293, -0.633530804314326, -0.32355275627395813, -0.09476776677691634, -0.1446873475325437, -0.22173083770189456, 0.6041765038618725, 0.5211256816962153, 0.5233044205419175, 0.49308546567871164, -0.04018728810803085]], "inverted": true, "swapped": false, "error_lsq": 0.040913610421253244, "error_max": 0.18953401635569184, "target": "526.xyz", "model": "6.xyz", "model_rescale": 4.08911054899281, "target_rescale": 3.7598061452871825},
{"mapping": [13, 1, 9, 11, 3, 2, 12, 10, 7, 4, 14], "R": [[0.18573724179387185, -0.03772265633936167, -0.9818750827928711], [-0.9488321244523996, -0.2665970424837265, -0.1692442511463141], [-0.25538065043763847, 0.9630695811506211, -0.0853094674957953]], "T": [0.08897514199729706, 0.11425282178226108, 0.11635321824162875], "aligned_model": [[-0.11704300933852496, 0.013746535704050447, -0.1630500915692663, -0.4804402434289724, 0.55251519059111, 0.5703606174386531, -0.3459251437854626, -0.44637405248950346, 0.5551393256273102, 0.3862316577516039, 0.0046668224295779576], [-0.5771532233841936, -0.07099805868772639, 0.5881831222500402, 0.05486718342510194, 0.7189720415198746, -0.38983118256197763, -0.31120335373972846, 0.32314596843636034, -0.42080075326499805, 0.5858240748627322, 0.177550987377174], [-0.007778664766228599, -0.5893158450845633, -0.4549878881493173, -0.013147854162897432, -0.09788199103861789, -0.2889946371734849, 0.4876357281279325, 0.5511402830736751, 0.4257034894022683, 0.5477562859312067, -0.011123101010308611]], "inverted": false, "swapped": false, "error_lsq": 0.042800370038849705, "error_max": 0.22521739485993483, "target": "526.xyz", "model": "7.xyz", "model_rescale": 3.964800864290218, "target_rescale": 3.7598061452871825},
{"mapping": [4, 6, 3, 0, 10, 11, 2, 1, 12, 8, 13], "R": [[0.08937073767279702, 0.1675613083462199, 0.9818024644464504], [-0.49052977016780747, -0.8505027116960214, 0.1898043254955811], [0.8668295194713539, -0.4985662898181319, 0.006183755335100738]], "T": [0.03940131736560434, 0.1086784395044823, 0.09476021254718742], "aligned_model": [[0.03131655864845053, -0.025005082892692744, -0.29103218072220804, -0.6547934576893895, 0.61145346218408, 0.629874768452387, -0.41520592307149323, -0.39885494736966204, 0.49990446109814946, 0.4499935714267647, 0.09217637886618987], [-0.5682912027958721, -0.11077878902665023, 0.48202758842350607, 0.16737073396536586, 0.5965337486659162, -0.3065773558495075, -0.3268294805686929, 0.39770119153569555, -0.33950784142985996, 0.5282325849245872, 0.15867562838817043], [-0.09691695117884908, -0.43834030670761576, -0.4319150308858976, -0.0719976999487622, -0.23673270432859628, -0.3127162315330447, 0.3003662344672563, 0.6309665034474254, 0.49192623511615696, 0.5911933917093599, 0.12317236499223136]], "inverted": false, "swapped": false, "error_lsq": 0.04407288839410884, "error_max": 0.23361804585058396, "target": "526.xyz", "model": "8.xyz", "model_rescale": 4.121658175737393, "target_rescale": 3.7598061452871825},
{"mapping": [4, 1, 2, 6, 3, 0, 9, 8, 5, 11, 12], "R": [[0.49399951514260226, -0.8662996179943204, -0.07409082872912605], [-0.8380610760229265, -0.4971208917015181, 0.22477644869777264], [-0.23155585048572797, -0.04894681702401398, -0.9715894694823782]], "T": [0.1015426985725642, 0.10554006327645865, 0.1851937025095215], "aligned_model": [[-0.004480707601675488, -0.11071861551812906, 0.021100326884410645, -0.5846224897493881, 0.5856182360484992, 0.5449337999423063, -0.367223825813754, -0.39903211250273435, 0.4739157342690634, 0.2969289018940602, 0.07340836107791757], [-0.7019057630348486, -0.08712451035546412, 0.5234361573116133, 0.024743970336857934, 0.6704106418163149, -0.20684178572466477, -0.49343583236127747, 0.6243633431121356, -0.34316541090678054, 0.5919184681011374, 0.07615752793763575], [-0.16824397606251051, -0.44150974595813475, -0.3636581265720914, 0.13198302881741258, -0.07800982137922663, -0.3845835827195797, 0.5238316199001916, 0.2891196402959073, 0.389447529890907, 0.5433729222101011, 0.10725631672668831]], "inverted": true, "swapped": false, "error_lsq": 0.046321454917175764, "error_max": 0.22388813417039333, "target": "526.xyz", "model": "9.xyz", "model_rescale": 3.833441315466971, "target_rescale": 3.7598061452871825},
{"mapping": [11, 12, 1, 6, 0, 10, 7, 4, 8, 2, 14], "R": [[-0.16897247473437288, 0.3817329769295135, -0.9086958991360494], [0.6961946844196096, 0.6988407772946761, 0.16411742557100129], [0.6976827819059475, -0.6048979271866489, -0.383845324990775]], "T": [0.043936396088130984, 0.10997200475303004, 0.11237294886006192], "aligned_model": [[0.04430781479167108, -0.16070572669567862, -0.10160444400436819, -0.582484999689805, 0.4390218139205851, 0.6746168829404322, -0.23139175852334914, -0.5500133663535045, 0.5972158792152805, 0.3575039651993897, 0.04336154812992273], [-0.5578607672635353, -0.05728724821614162, 0.5876996594749406, 0.2638095637068504, 0.47769097111134434, -0.24176868366352555, -0.4049976942759661, 0.5424220303016531, -0.3836435124402384, 0.36436379031428384, 0.08812869718299376], [-0.026682190248090112, -0.4290751106890545, -0.43187247803197687, -0.10013542370833318, -0.3029741783723224, -0.2804053030020565, 0.433175993019618, 0.422410422705981, 0.3527578425479066, 0.7070244888128713, 0.20478174211512107]], "inverted": true, "swapped": false, "error_lsq": 0.04316658217553189, "error_max": 0.2234362768065299, "target": "526.xyz", "model": "10.xyz", "model_rescale": 4.2482417240324, "target_rescale": 3.7598061452871825},
{"mapping": [2, 7, 9, 5, 10, 3, 6, 4, 1, 0, 11], "R": [[0.02683341005862544, 0.8635515375240568, 0.5035461350705253], [0.619531224584893, -0.40968939899558826, 0.6695787168921792], [0.7845132439092211, 0.29399547341833626, -0.5459905051743663]], "T": [0.12852287047083213, 0.016090330724935875, 0.05549547794553818], "aligned_model": [[0.025502364918566334, -0.04154784853214116, -0.07873691745078462, -0.6070578663070335, 0.35213662109308796, 0.5317179374775842, -0.290121322094399, -0.5090759928788982, 0.6759053365214631, 0.42066532132734247, 0.050439974855788494], [-0.7165353887377408, -0.024842156209119115, 0.6644867048827301, 0.045145554263751164, 0.6202408856062704, -0.4407670306483265, -0.16455576572443467, 0.5244909922366718, -0.27141149463242625, 0.3305770889669059, 0.11172741622837692], [0.07558569950301953, -0.5986885395499651, -0.40919412214103384, -0.09371224299400284, 0.05666171279133338, -0.48002923273756987, 0.5165661515000236, 0.3730423832395549, 0.3973458692495654, 0.6796672037004465, 0.031760922588293425]], "inverted": true, "swapped": false, "error_lsq": 0.049028952667900104, "error_max": 0.2496314417661883, "target": "526.xyz", "model": "11.xyz", "model_rescale": 3.6694154284099745, "target_rescale": 3.7598061452871825},
{"mapping": [8, 2, 12, 10, 0, 3, 9, 7, 11, 6, 13], "R": [[-0.7143776249063586, 0.3697967157717775, 0.594066492942968], [0.6543334349415639, 0.6539102694292602, 0.3798014158116404], [-0.24801686424661606, 0.6600392022746525, -0.7091092204378082]], "T": [0.1001686859405873, 0.18120571213487652, 0.05147668201939367], "aligned_model": [[0.040219892247557634, -0.05894402677444173, -0.23938038845572224, -0.5181344134851971, 0.5833551038871291, 0.5561074578802547, -0.33842713304975164, -0.4307995816376167, 0.3592601538877155, 0.3839847148163882, 0.19258582961426046], [-0.5668526533508422, -0.120156649945165, 0.5862598819915152, 0.08219475155386631, 0.6803072830648067, -0.38265987830148435, -0.3401177650086455, 0.3741851001692529, -0.27755509219336233, 0.4056164033010824, 0.2373354249516352], [-0.04554226083546901, -0.5054590815712735, -0.37561352604542214, -0.055419970097202544, -0.11635171793938573, -0.41266158699892713, 0.4763787961977893, 0.5341742820635854, 0.5686215210695228, 0.48615258070385753, -0.005273231397410254]], "inverted": true, "swapped": false, "error_lsq": 0.04380642614522, "error_max": 0.2312975457702172, "target": "526.xyz", "model": "12.xyz", "model_rescale": 3.9764082729961374, "target_rescale": 3.7598061452871825},
{"mapping": [1, 8, 3, 7, 14, 10, 9, 4, 12, 6, 15], "R": [[-0.37898718259469827, 0.3200694838688172, -0.8682881093996866], [-0.1503122100275598, -0.9471132751479382, -0.28351840073472634], [-0.9131127832560246, 0.023064464756309938, 0.40705414322905653]], "T": [0.05486274983161575, 0.01729498158051774, 0.15477612167472896], "aligned_model": [[0.05306469560942134, 0.00023977513094718128, -0.08495389286518663, -0.6324293154497022, 0.46984990909666646, 0.5017500462956618, -0.14761419804251752, -0.4212237658537753, 0.4724106372560825, 0.3082594090641052, 0.010474308688873377], [-0.5848170060544231, -0.08299952719450521, 0.551155159456498, 0.2306374778314268, 0.6720973245282739, -0.43228137033189024, -0.4098884626515319, 0.4471893042392927, -0.4238785326980788, 0.597449964004956, 0.11389247510264142], [-0.04716570066108744, -0.5427983752737876, -0.4807457616753512, -0.07576301864153423, -0.039717037306048475, -0.33951098823048775, 0.5262818646602728, 0.4778801648365639, 0.3503093080004928, 0.5824081307165511, 0.13782721872408119]], "inverted": true, "swapped": false, "error_lsq": 0.04231261811251064, "error_max": 0.2250765336147165, "target": "526.xyz", "model": "13.xyz", "model_rescale": 4.170626492500431, "target_rescale": 3.7598061452871825},
{"mapping": [1, 10, 12, 11, 4, 7, 3, 6, 0, 2, 13], "R": [[-0.7723356547982568, 0.11277008363195187, 0.625124423267073], [0.005051939996007955, -0.9829936644283163, 0.18356996921083626], [0.6351945483311587, 0.1449357234481314, 0.7586313477829282]], "T": [0.06888463001152227, 0.07584317632675482, 0.028116086026847474], "aligned_model": [[0.13793208629040965, -0.027375042605666408, -0.036751507784880164, -0.6324828815911803, 0.45169083311412195, 0.5583702627524455, -0.32071918869009436, -0.46112346757248285, 0.5554269746975463, 0.32798019427120134, -0.02312065395084474], [-0.6842058213960818, -0.04804090855269562, 0.5698295674789442, 0.09130175532954622, 0.6727821005915908, -0.3911709772917199, -0.19686823954627308, 0.5369155789434015, -0.21309038747645842, 0.22181741621381695, 0.11928672193858866], [0.11961712283667036, -0.5138388142333513, -0.5015296190761662, -0.058511260317093285, 0.041771200699826004, -0.418797103025619, 0.5274265631205388, 0.4907097771541518, 0.21693438244772678, 0.6150514973854545, 0.030172058157526223]], "inverted": true, "swapped": false, "error_lsq": 0.04905097511833368, "error_max": 0.25436919702978766, "target": "526.xyz", "model": "14.xyz", "model_rescale": 3.9786697098870705, "target_rescale": 3.7598061452871825},
{"mapping": [10, 7, 8, 5, 9, 6, 4, 2, 1, 0, 11], "R": [[0.5921152947527801, 0.795292945330341, -0.13003310665988016], [-0.7968882757227003, 0.6018571090260971, 0.05231726608348794], [0.11986890228716586, 0.07264400472537379, 0.9901284234087667]], "T": [0.08796644918751181, 0.10829321008321346, 0.03530389036097154], "aligned_model": [[-0.06531973103489588, -0.01953928342689179, -0.22813943516279797, -0.6932407089668682, 0.5016537255409523, 0.7494651207765963, -0.30117419776962595, -0.4334698924669399, 0.49299546912928005, 0.3453620037953181, 0.18123453851644905], [-0.7095144250652514, -0.18552381118292616, 0.4687436084354893, 0.11553318429664015, 0.5321378028696313, -0.10521694690402772, -0.1421693983551826, 0.6009490761255981, -0.369526799055627, 0.36160933786300314, 0.11153517720531209], [0.03142995920697357, -0.5469246565688657, -0.17056185770992255, -0.14995956138192912, -0.15609325329120605, -0.34441786455053774, 0.43624374713647673, 0.5244273466816463, 0.29666881410536206, 0.6297650362347255, -0.0015719047130580283]], "inverted": true, "swapped": false, "error_lsq": 0.052014540923899476, "error_max": 0.2794190358414651, "target": "526.xyz", "model": "15.xyz", "model_rescale": 3.769337070930944, "target_rescale": 3.7598061452871825},
{"mapping": [6, 8, 9, 7, 3, 2, 5, 1, 4, 0, 10], "R": [[0.34255841413475363, -0.7567994243735275, 0.5566941387991976], [0.9384301895758115, 0.3038540478505999, -0.1643821672126032], [-0.044749437965068806, 0.5787290807214573, 0.8142911880458414]], "T": [-0.00819738987220349, 0.07537359143925779, 0.06264970478007911], "aligned_model": [[0.0975743249920428, 0.024157606343863422, -0.11021389423751625, -0.7216218124855881, 0.3997606719635146, 0.6748792238065704, -0.3103682982255633, -0.35161052830920647, 0.36135873800900553, 0.41252897876015787, 0.05338259831329564], [-0.6242063000979, -0.12624307457286035, 0.6191834259786559, 0.03800420572508234, 0.5662406589433676, -0.025732234466851495, -0.2297026582527251, 0.6210700179938075, -0.47434764456597767, 0.23651610778943263, 0.07777430175862778], [-0.11315487192651771, -0.6583201877623546, -0.5328695473080483, 0.09031962009116087, -0.2057961566889602, -0.20137644930030632, 0.5780836438422506, 0.5374246754713039, 0.47407084615204054, 0.5257830838228905, 0.054841148756205466]], "inverted": true, "swapped": false, "error_lsq": 0.04960929682932451, "error_max": 0.29690969418288476, "target": "526.xyz", "model": "16.xyz", "model_rescale": 3.7852294659196426, "target_rescale": 3.7598061452871825},
{"mapping": [11, 8, 3, 2, 0, 9, 7, 1, 10, 4, 12], "R": [[-0.08397393661416841, 0.5724190252456802, -0.8156499478981809], [-0.4680825006677364, -0.7452709867695252, -0.4748367391516973], [-0.8796858249046409, 0.34191755704608623, 0.330522667370149]], "T": [0.014495728586597992, 0.07586704648418079, 0.12425755711522296], "aligned_model": [[-0.14288643102540366, 0.06231754277480715, -0.2213454551017376, -0.5691101930727599, 0.4980636665313834, 0.6435435990437803, -0.4317985255842904, -0.43876441634416385, 0.6629152789406146, 0.39117278532732525, 0.07571975744102041], [-0.6085839157563874, -0.08282652105812845, 0.7158047751164692, 0.02328889536064256, 0.48063431745414226, -0.27730594821307336, -0.3134794497873811, 0.5133398489032336, -0.297938492778888, 0.516998637279256, 0.008624659712774055], [-0.08714208942444471, -0.5056117443758978, -0.2848316882970568, -0.05103273713642925, -0.136649823926555, -0.3520085428768915, 0.49930122085523426, 0.4025145290099713, 0.42271455705672406, 0.530833502809682, 0.1109186214553286]], "inverted": false, "swapped": false, "error_lsq": 0.04004075438182674, "error_max": 0.20141380709139486, "target": "526.xyz", "model": "17.xyz", "model_rescale": 3.901054581598922, "target_rescale": 3.7598061452871825},
{"mapping": [1, 6, 11, 12, 10, 4, 0, 13, 8, 5, 14], "R": [[-0.7197920490538731, -0.5703847946731734, 0.3956773838930763], [-0.005938695653801063, 0.5750231483329723, 0.8181155852171306], [-0.6941643451033468, 0.5865232858863137, -0.41728443189311903]], "T": [0.010893592341780035, 0.05741892349638673, 0.1308653953216577], "aligned_model": [[0.04114370399493606, -0.07822681711110663, -0.22070605672933027, -0.6541464411606008, 0.5683096542586, 0.7013908128157001, -0.34718519177056295, -0.27472829039759045, 0.5175700454132904, 0.29760389134496007, -0.02119770172771985], [-0.595118082846627, -0.12074863446089185, 0.49646057427067664, 0.3630845832719084, 0.5037467075400958, -0.2035836372967454, -0.5607181169774756, 0.49691074184673234, -0.2060774554834448, 0.4047423244095674, 0.09985780195886335], [-0.11196362998978499, -0.5930404129024718, -0.4939025778989619, 0.00332966562069012, -0.27228791452043816, -0.15315083957878967, 0.3861900946014687, 0.6336270485969475, 0.4688992431938245, 0.5635889867968964, 0.11771614123028395]], "inverted": false, "swapped": false, "error_lsq": 0.04999713403647197, "error_max": 0.2382128296264046, "target": "526.xyz", "model": "18.xyz", "model_rescale": 3.9405287249114394, "target_rescale": 3.7598061452871825},
{"mapping": [14, 10, 2, 1, 5, 11, 12, 0, 13, 7, 15], "R": [[0.2599531493484018, 0.9615404235031759, 0.08868130644719008], [-0.03811191092111743, 0.10198372325625121, -0.9940557340696412], [-0.9648688213377963, 0.255028104647557, 0.06315713301034492]], "T": [0.006005313354982708, 0.07683018405295854, 0.19753322272581852], "aligned_model": [[0.0825594141879771, 0.01497879204775929, -0.11726763572586939, -0.6077136400857768, 0.3837718550637739, 0.5593151965897771, -0.31891664962913563, -0.3853743789517454, 0.46446255597391967, 0.44985261914150876, 0.004159480318387275], [-0.6430312311301248, -0.17593582541955316, 0.455651784133421, 0.25520363159417125, 0.6858503220046164, -0.12082338491141013, -0.3071148551981732, 0.5374352092393302, -0.3862609814146077, 0.29300717901791423, 0.08457495831707514], [-0.07756307796258727, -0.5467334351878747, -0.5748806937402394, 0.03306017514877746, -0.22395171685517212, -0.2195931869992933, 0.41467600297509777, 0.5251598473748293, 0.36091429423687, 0.6994222791270376, 0.15849531703221953]], "inverted": false, "swapped": false, "error_lsq": 0.04292176800265713, "error_max": 0.22247877685594136, "target": "526.xyz", "model": "19.xyz", "model_rescale": 4.410303926677745, "target_rescale": 3.7598061452871825},
{"mapping": [4, 6, 3, 0, 10, 11, 2, 1, 12, 8, 13], "R": [[0.08937073767279702, 0.1675613083462199, 0.9818024644464504], [-0.49052977016780747, -0.8505027116960214, 0.1898043254955811], [0.8668295194713539, -0.4985662898181319, 0.006183755335100738]], "T": [0.03940131736560434, 0.1086784395044823, 0.09476021254718742], "aligned_model": [[0.03131655864845053, -0.025005082892692744, -0.29103218072220804, -0.6547934576893895, 0.61145346218408, 0.629874768452387, -0.41520592307149323, -0.39885494736966204, 0.49990446109814946, 0.4499935714267647, 0.09217637886618987], [-0.5682912027958721, -0.11077878902665023, 0.48202758842350607, 0.16737073396536586, 0.5965337486659162, -0.3065773558495075, -0.3268294805686929, 0.39770119153569555, -0.33950784142985996, 0.5282325849245872, 0.15867562838817043], [-0.09691695117884908, -0.43834030670761576, -0.4319150308858976, -0.0719976999487622, -0.23673270432859628, -0.3127162315330447, 0.3003662344672563, 0.6309665034474254, 0.49192623511615696, 0.5911933917093599, 0.12317236499223136]], "inverted": false, "swapped": false, "error_lsq": 0.04407288839410884, "error_max": 0.23361804585058396, "target": "526.xyz", "model": "20.xyz", "model_rescale": 4.121658175737393, "target_rescale": 3.7598061452871825},
{"mapping": [2, 3, 7, 11, 5, 1, 10, 9, 6, 8, 12], "R": [[0.7022437718436764, 0.1550232839377787, -0.6948535574809368], [0.2842363610851125, 0.8337954606775726, 0.4732809110777319], [0.6527353031236017, -0.5298612188022646, 0.541464415142416]], "T": [0.07728283573581538, 0.044149855504291964, 0.048882604816126995], "aligned_model": [[0.14621819987758092, -0.04278005450165201, -0.2281864269618459, -0.7756363393455663, 0.49479951175308623, 0.6448089310981547, -0.3321559306436367, -0.2916572807278556, 0.3827131890736961, 0.44343730140226645, 0.08826650790634824], [-0.689286930681117, -0.006224189149264946, 0.5287099560633751, 0.20682270099687716, 0.5462594339649771, -0.2509049899139198, -0.3201050331866341, 0.4485414256232072, -0.27874440287676205, 0.3938895134507447, 0.09959932194117568], [-0.13422946592138293, -0.633530804314326, -0.32355275627395813, -0.09476776677691634, -0.1446873475325437, -0.22173083770189456, 0.6041765038618725, 0.5211256816962153, 0.5233044205419175, 0.49308546567871164, -0.04018728810803085]], "inverted": true, "swapped": false, "error_lsq": 0.040913610421253244, "error_max": 0.18953401635569184, "target": "526.xyz", "model": "21.xyz", "model_rescale": 4.08911054899281, "target_rescale": 3.7598061452871825},
{"mapping": [5, 6, 0, 1, 13, 10, 11, 2, 9, 14, 16], "R": [[-0.9093571834418391, -0.39697553311663186, 0.12441840309814033], [-0.4063311647210877, 0.9116921972474995, -0.060928827778244155], [-0.08924403340912872, -0.10596114186244213, -0.9903573793919435]], "T": [0.06497996144359165, 0.12795542933858023, 0.08687524195509122], "aligned_model": [[0.18763921211364107, -0.05032248602494403, -0.22070819521022622, -0.7277771420062931, 0.47075050169121624, 0.6133623562835673, -0.4021510241073753, -0.3550205957377427, 0.5322675314718452, 0.4130478738146678, 0.06873957664221957], [-0.5662048287331947, -0.08291080597221773, 0.5348671204932545, 0.1670925875230218, 0.627955421696624, -0.33153994346413485, -0.3961039543081572, 0.6031617601835908, -0.31639760124885435, 0.2718876373023774, 0.16674941276034932], [0.058147236682247, -0.6186776653204621, -0.5071656244242017, 0.08519029535827703, -0.06171897844847987, -0.2863219721521467, 0.39190546178327723, 0.4318858279744824, 0.38976189182162296, 0.6064470212458556, 0.059552310629193236]], "inverted": true, "swapped": false, "error_lsq": 0.03771532330450698, "error_max": 0.23560329139453237, "target": "526.xyz", "model": "22.xyz", "model_rescale": 4.204369325754507, "target_rescale": 3.7598061452871825},
{"mapping": [14, 10, 2, 1, 5, 11, 12, 0, 13, 7, 15], "R": [[0.2599531493484018, 0.9615404235031759, 0.08868130644719008], [-0.03811191092111743, 0.10198372325625121, -0.9940557340696412], [-0.9648688213377963, 0.255028104647557, 0.06315713301034492]], "T": [0.006005313354982708, 0.07683018405295854, 0.19753322272581852], "aligned_model": [[0.0825594141879771, 0.01497879204775929, -0.11726763572586939, -0.6077136400857768, 0.3837718550637739, 0.5593151965897771, -0.31891664962913563, -0.3853743789517454, 0.46446255597391967, 0.44985261914150876, 0.004159480318387275], [-0.6430312311301248, -0.17593582541955316, 0.455651784133421, 0.25520363159417125, 0.6858503220046164, -0.12082338491141013, -0.3071148551981732, 0.5374352092393302, -0.3862609814146077, 0.29300717901791423, 0.08457495831707514], [-0.07756307796258727, -0.5467334351878747, -0.5748806937402394, 0.03306017514877746, -0.22395171685517212, -0.2195931869992933, 0.41467600297509777, 0.5251598473748293, 0.36091429423687, 0.6994222791270376, 0.15849531703221953]], "inverted": false, "swapped": false, "error_lsq": 0.04292176800265713, "error_max": 0.22247877685594136, "target": "526.xyz", "model": "23.xyz", "model_rescale": 4.410303926677745, "target_rescale": 3.7598061452871825},
{"mapping": [5, 4, 10, 9, 1, 2, 6, 11, 12, 7, 16], "R": [[0.291055114829861, -0.03851440397257744, 0.955930730135826], [-0.9488125333951636, 0.11647028086541766, 0.2935803980980035], [-0.12264459467758015, -0.9924471342906723, -0.0026436782338756792]], "T": [-0.05886234108428937, 0.07561001557345134, 0.11591830715202359], "aligned_model": [[0.03676371068546289, 0.033694901521855204, -0.22370149322233412, -0.6408785831048092, 0.43371297206059195, 0.5881468297181401, -0.23033044351671245, -0.2924815256991159, 0.4394055893770274, 0.3560703954374691, 0.029425255673001117], [-0.528680533569003, -0.1626366415812963, 0.4748020600346631, 0.2364355404520583, 0.7676175221115028, -0.29093798335412646, -0.5056985653039002, 0.6315376100004053, -0.4391364556625835, 0.38155933849110946, 0.11369491461382998], [-0.02999476240643628, -0.5232655945436354, -0.3711727642472613, -0.05085167875736066, -0.005862320804757418, -0.4131522444364396, 0.5748051269740586, 0.30850094641456594, 0.48052902368068473, 0.5356286032505221, 0.043841470025724166]], "inverted": true, "swapped": false, "error_lsq": 0.04466613924463863, "error_max": 0.24143919416303397, "target": "526.xyz", "model": "24.xyz", "model_rescale": 4.28219845311461, "target_rescale": 3.7598061452871825},
{"mapping": [14, 2, 4, 13, 1, 6, 12, 9, 10, 5, 15], "R": [[-0.9598201922484638, 0.04737163486967264, -0.2765883706194029], [0.12776967124223187, -0.8037749937844446, -0.5810513492605175], [-0.2498401682331601, -0.593044422936925, 0.7654268108451884]], "T": [-0.0032938015820091343, 0.1784741371651496, 0.04573666922592802], "aligned_model": [[0.010281066494617574, -0.09974737374970065, -0.16079265815354044, -0.5512351574271714, 0.4441234788844835, 0.6682355359815473, -0.4654726702368545, -0.321656019267982, 0.49582302390595373, 0.48379017223774073, 0.026478210261482015], [-0.583047763265794, -0.20085912038317333, 0.6126938062086204, -0.004858097065550182, 0.633610821636993, -0.2715517702695832, -0.27937598206453695, 0.46801927948018446, -0.3686817457373963, 0.4851644464531841, 0.18744293123971167], [0.03904764722155658, -0.5160310875221688, -0.5210930778940963, -0.09234308810131174, -0.004718998786858594, -0.35266283678533444, 0.44721376934910195, 0.5669686643976606, 0.3307062345269121, 0.6734077116923718, -0.021489132948168413]], "inverted": false, "swapped": false, "error_lsq": 0.0445110878556813, "error_max": 0.20220802821414102, "target": "526.xyz", "model": "25.xyz", "model_rescale": 4.100010024507729, "target_rescale": 3.7598061452871825},
{"mapping": [2, 7, 9, 5, 10, 3, 6, 4, 1, 0, 11], "R": [[0.02683341005862544, 0.8635515375240568, 0.5035461350705253], [0.619531224584893, -0.40968939899558826, 0.6695787168921792], [0.7845132439092211, 0.29399547341833626, -0.5459905051743663]], "T": [0.12852287047083213, 0.016090330724935875, 0.05549547794553818], "aligned_model": [[0.025502364918566334, -0.04154784853214116, -0.07873691745078462, -0.6070578663070335, 0.35213662109308796, 0.5317179374775842, -0.290121322094399, -0.5090759928788982, 0.6759053365214631, 0.42066532132734247, 0.050439974855788494], [-0.7165353887377408, -0.024842156209119115, 0.6644867048827301, 0.045145554263751164, 0.6202408856062704, -0.4407670306483265, -0.16455576572443467, 0.5244909922366718, -0.27141149463242625, 0.3305770889669059, 0.11172741622837692], [0.07558569950301953, -0.5986885395499651, -0.40919412214103384, -0.09371224299400284, 0.05666171279133338, -0.48002923273756987, 0.5165661515000236, 0.3730423832395549, 0.3973458692495654, 0.6796672037004465, 0.031760922588293425]], "inverted": true, "swapped": false, "error_lsq": 0.049028952667900104, "error_max": 0.2496314417661883, "target": "526.xyz", "model": "26.xyz", "model_rescale": 3.6694154284099745, "target_rescale": 3.7598061452871825},
{"mapping": [9, 7, 5, 8, 1, 3, 10, 4, 12, 2, 13], "R": [[-0.5181123806465757, 0.834265305758202, 0.18857614013684673], [0.7079240615611037, 0.2945463480446424, 0.6419392275880913], [0.48000321257629996, 0.46609424847528236, -0.7432045932680269]], "T": [0.04358783997620906, 0.07675365178983165, 0.09708259834218369], "aligned_model": [[-0.038063201145592904, 0.05596102686285333, -0.13726583311287932, -0.5646921873096998, 0.5500255943700216, 0.5465677717621832, -0.34702970902160507, -0.5422983305228826, 0.648240773280551, 0.2946517913772766, 0.06372991239035], [-0.5951648710687032, -0.03924866423858131, 0.6581319807298113, -0.025493015720106926, 0.6759357195259683, -0.3438872812437497, -0.14876075591704777, 0.47296084946860806, -0.36091058949684884, 0.28855723272703726, 0.09643620146627199], [0.015093930871103889, -0.5213985182982164, -0.40815960821848385, -0.06994500362292635, -0.3080696006198227, -0.37504409441173964, 0.49514277246689103, 0.5157564831431904, 0.3664850027539831, 0.6922596993905539, 0.14688474169513097]], "inverted": true, "swapped": false, "error_lsq": 0.04533589343349996, "error_max": 0.21787933150305674, "target": "526.xyz", "model": "27.xyz", "model_rescale": 4.103607728864725, "target_rescale": 3.7598061452871825},
{"mapping": [11, 7, 1, 4, 0, 6, 13, 2, 10, 3, 14], "R": [[-0.9798531935870504, -0.12257504436511843, 0.15768030161103747], [-0.17841580074809402, 0.18242501546188378, -0.966896538300323], [0.08975255461921353, -0.9755493181959694, -0.20061905868262964]], "T": [0.16793844296320584, -0.057961618092966356, 0.10762217158339121], "aligned_model": [[0.05287147984783078, -0.005875909905087934, -0.1360184878710797, -0.7058274666974496, 0.35080192903079455, 0.5590342105907687, -0.3550499386973388, -0.24252942108574202, 0.5448124536848024, 0.3435113560858255, 0.12409740394725208], [-0.711752406348466, -0.11954496658763986, 0.6283955719382679, 0.18311931708150375, 0.6196968391695017, -0.4007952384221494, -0.35734228275751895, 0.49171140778961736, -0.24346842899356452, 0.5036293427892093, 0.08490765057389785], [-0.06951741363387448, -0.5895702749394776, -0.38164751270646774, 0.11235555777170553, -0.022883390541398152, -0.25400812605172457, 0.3457962743460474, 0.37351012436098524, 0.39628889889684493, 0.5737987447827321, 0.06488292286429174]], "inverted": false, "swapped": false, "error_lsq": 0.04065699239416421, "error_max": 0.22558193039433996, "target": "526.xyz", "model": "28.xyz", "model_rescale": 4.137296879288765, "target_rescale": 3.7598061452871825},
{"mapping": [1, 5, 6, 0, 4, 2, 7, 9, 3, 8, 10], "R": [[0.592687035647293, -0.4305570547973191, 0.680692809084893], [-0.27396968637813257, -0.9025026757342015, -0.33230939083702443], [0.7574052341524266, 0.01046627234811548, -0.652861216815368]], "T": [0.05124085667238174, 0.06867398034712009, 0.07660719704832132], "aligned_model": [[-0.22735174256825294, 0.05807543803817709, -0.11150995466484095, -0.6179757741876669, 0.5219610740265863, 0.517828510743657, -0.20283117041207546, -0.40760474611971936, 0.6839817377836993, 0.2530926509810559, 0.06216158530995605], [-0.5999069942480904, -0.07063519193254501, 0.5967789648376632, -0.01954754846653088, 0.6405922322436055, -0.4464684333793461, -0.36099100411806745, 0.583778789446411, -0.016372442571840534, 0.22010757083269888, 0.1512208635887008], [-0.12917086287913565, -0.5819855378402371, -0.3824844296693796, -0.11017183068576274, -0.14914034535224857, -0.28261881915106873, 0.5912406888282437, 0.44392445050915746, 0.3180089540464231, 0.7509050531792761, 0.08049848416439688]], "inverted": true, "swapped": false, "error_lsq": 0.057814091858994575, "error_max": 0.3594005768414143, "target": "526.xyz", "model": "29.xyz", "model_rescale": 3.607286011436655, "target_rescale": 3.7598061452871825},
{"mapping": [13, 1, 9, 11, 3, 2, 12, 10, 7, 4, 14], "R": [[0.18573724179387185, -0.03772265633936167, -0.9818750827928711], [-0.9488321244523996, -0.2665970424837265, -0.1692442511463141], [-0.25538065043763847, 0.9630695811506211, -0.0853094674957953]], "T": [0.08897514199729706, 0.11425282178226108, 0.11635321824162875], "aligned_model": [[-0.11704300933852496, 0.013746535704050447, -0.1630500915692663, -0.4804402434289724, 0.55251519059111, 0.5703606174386531, -0.3459251437854626, -0.44637405248950346, 0.5551393256273102, 0.3862316577516039, 0.0046668224295779576], [-0.5771532233841936, -0.07099805868772639, 0.5881831222500402, 0.05486718342510194, 0.7189720415198746, -0.38983118256197763, -0.31120335373972846, 0.32314596843636034, -0.42080075326499805, 0.5858240748627322, 0.177550987377174], [-0.007778664766228599, -0.5893158450845633, -0.4549878881493173, -0.013147854162897432, -0.09788199103861789, -0.2889946371734849, 0.4876357281279325, 0.5511402830736751, 0.4257034894022683, 0.5477562859312067, -0.011123101010308611]], "inverted": false, "swapped": false, "error_lsq": 0.042800370038849705, "error_max": 0.22521739485993483, "target": "526.xyz", "model": "30.xyz", "model_rescale": 3.964800864290218, "target_rescale": 3.7598061452871825},
