[{"mapping": [6, 8, 2, 7, 9, 3, 1, 0, 5, 10, 4, 11], "R": [[0.3016661336878236, 0.8445959912088571, -0.4423292387122614], [-0.7267731125894769, -0.0965731187886907, -0.6800547592248944], [-0.6170886375577206, 0.5266224875196215, 0.5846968180482961]], "T": [0.1249642231854995, 0.0007263419301278959, 0.035129286655291254], "aligned_model": [[-0.1932890416584626, 0.45164680380664124, 0.2480662580465487, -0.7594708641618384, 0.28034560705390793, 0.6764453018738981, -0.369502178351098, -0.004444094755971115, -0.5314829706312495, -0.058789165593188905, 0.7414931795922705, 0.08972787286173672], [-0.6474266980641316, -0.4517606892548163, 0.10223632609901213, -0.19192335404365207, -0.4510301524090585, 0.05309444755769767, -0.06599700165996931, 0.5322556032889108, 0.5012818202464616, 0.1459690209383003, 0.5103332048950102, 0.05734466003825868], [-0.026246470914905555, -0.26758752625630866, -0.7543590651989491, 0.31309327852497504, 0.410800845064325, 0.4439797680645533, -0.4677937021715878, -0.2538716226312494, 0.12002703331284834, 0.6730168960911086, -0.07685891752089008, 0.015507320429402626]], "inverted": false, "swapped": false, "error_lsq": 0.05288369772403259, "error_max": 0.32811217376891044, "target": "527.xyz", "model": "0.xyz", "model_rescale": 3.751011558992144, "target_rescale": 3.863317070027805},
{"mapping": [8, 4, 10, 2, 1, 6, 5, 9, 13, 12, 11, 14], "R": [[-0.6177376522916407, 0.7009671334175056, -0.3564341044424023], [-0.48344946333927635, -0.6960039604775342, -0.5309002763199064], [-0.6202231931637013, -0.1556392137863473, 0.7688300370002397]], "T": [0.02764672591515964, -0.04494173129573783, 0.116347456135905], "aligned_model": [[-0.22747432375197751, 0.4049322776564614, 0.4284771415753443, -0.7667293988277384, 0.3457680671356338, 0.7552967055055432, -0.41258304849627914, -0.06917976655125567, -0.5475049938059546, 0.054561035595432406, 0.5725097008919978, 0.032673311155987005], [-0.5854486957526508, -0.5890740293709923, 0.08812863590711331, -0.24947446162471607, -0.5676690665532078, -0.0376549869490028, 0.026122673413271867, 0.48035385446319984, 0.3984936169630915, 0.584002030262615, 0.5371196574507274, 0.00947795942257508], [-0.17206843026805943, -0.31626047785099287, -0.5865615019682315, 0.22061171967206414, 0.4498748083434079, 0.3012748900906339, -0.3209552343436164, -0.26950069958486533, 0.10811401718279767, 0.5109110996821334, 0.08379185513390289, 0.12047579070414856]], "inverted": true, "swapped": false, "error_lsq": 0.04685523298848812, "error_max": 0.28860630157212114, "target": "527.xyz", "model": "1.xyz", "model_rescale": 3.9405287249114394, "target_rescale": 3.863317070027805},
{"mapping": [4, 8, 9, 1, 3, 10, 2, 5, 0, 6, 11, 12], "R": [[0.09375788391724393, 0.8029563423824746, -0.5886175086005506], [0.754399255354053, -0.4431051897095173, -0.4842928394822119], [-0.64968547984745, -0.39864633835048763, -0.647294271715066]], "T": [-0.009395755026178315, -0.03469584549406927, 0.10954913135515214], "aligned_model": [[-0.1423936198125859, 0.4147849207661918, 0.5759726628622537, -0.7792436764594426, 0.33347355056935646, 0.8228162318381916, -0.4240283152282778, -0.0693319142721846, -0.511429655490856, -1.9213636452825034e-05, 0.40992020007784225, -0.05977446313084134], [-0.7220073755316876, -0.5169455551356626, 0.04736759800926437, -0.21424275512080584, -0.3485584034558344, -0.1583471806331388, 0.09481283632272355, 0.5261708451722694, 0.6239809492635677, 0.27588316535738777, 0.5412696613215106, -0.055006597937569804], [0.0694224504256885, -0.3242662002603749, -0.43907689215196216, 0.15775097226021778, 0.44231122739228296, 0.04937708178100246, -0.4153098676873907, -0.3486129496735773, 0.24007434389245114, 0.5554285454118241, 0.10232737318569478, 0.040281752217465994]], "inverted": true, "swapped": false, "error_lsq": 0.05464020504308242, "error_max": 0.2826095025403259, "target": "527.xyz", "model": "2.xyz", "model_rescale": 3.932901565614263, "target_rescale": 3.863317070027805},
{"mapping": [8, 7, 0, 11, 9, 5, 3, 1, 10, 12, 6, 13], "R": [[-0.5310533479893527, -0.8318262676994784, -0.1613920752529543], [0.7730805081909428, -0.3976690557299721, -0.49417188302256365], [0.34688451888853944, -0.38720070051587985, 0.854252157196854]], "T": [0.07718878052584194, 0.010855532723272672, -0.11374365112038075], "aligned_model": [[-0.2835187132228532, 0.5215002574619041, 0.22917653334435878, -0.7765072854314488, 0.2363089350746141, 0.6385326611840283, -0.17940107383967946, -0.21635931102173384, -0.2575674088876729, 0.17228011449338954, 0.37928020038632354, 0.10702179854196431], [-0.6212922916070658, -0.5447973156865947, 0.13728557634933836, -0.06402218013656999, -0.4558063397455655, 0.015019732290362499, -0.23645808879434668, 0.5934298512512357, 0.47553525925062945, 0.19707638677954237, 0.5433721413446889, 0.055034456336369546], [-0.018528328404635794, -0.1735748375037245, -0.7539510364299346, 0.13786130402429153, 0.4309584808647051, 0.3353391839381862, -0.479370643189811, -0.4647497796318484, 0.316554484716897, 0.6207012017299615, 0.18933900471921378, -0.010871198039978575]], "inverted": false, "swapped": false, "error_lsq": 0.04913550855225143, "error_max": 0.29615289062430894, "target": "527.xyz", "model": "3.xyz", "model_rescale": 3.9243930471874484, "target_rescale": 3.863317070027805},
{"mapping": [8, 7, 1, 10, 4, 2, 9, 5, 6, 3, 0, 12], "R": [[-0.37034733411695464, 0.19408578770593463, 0.9083906423576984], [0.5276005246203781, 0.8488222127040101, 0.03374222340881616], [-0.7645132690364289, 0.49176372195479756, -0.41675880702919504]], "T": [-0.12616483481073038, -0.025413947700936287, -0.021734582601398662], "aligned_model": [[-0.23731228317665087, 0.5331534176157876, 0.33641151936045693, -0.6357079281848005, 0.1499998204791524, 0.7268755953786762, -0.4326683700215035, 0.009205886221869214, -0.4109744311826726, 0.05986427528193303, 0.5457463220073939, -0.0738471156964471], [-0.6357288854032398, -0.467991813633618, 0.07233028828912579, -0.27078491402525656, -0.39900050355085287, -0.021841495739496283, -0.24406400789998334, 0.6738456455374784, 0.5796676578830322, 0.2383444502250921, 0.49504224243694384, 0.07455852351279854], [-0.1289646644600164, -0.1328337883406484, -0.5571124686546948, 0.3993196234086653, 0.34776973117165316, 0.32972487788136257, -0.6183375710745761, -0.27928824482743664, 0.2508021289350268, 0.5688397548755194, 0.009619920282312615, -0.05983146240384498]], "inverted": true, "swapped": false, "error_lsq": 0.04413573950358481, "error_max": 0.301299081735881, "target": "527.xyz", "model": "4.xyz", "model_rescale": 3.8936222436046832, "target_rescale": 3.863317070027805},
{"mapping": [6, 5, 1, 8, 7, 4, 9, 0, 3, 10, 2, 11], "R": [[0.9322020501756614, -0.3095004173549148, 0.18764015909561352], [-0.18733485086560514, 0.030993485000117664, 0.9818070368146221], [-0.30968531011246736, -0.9503940738160572, -0.029088024268827194]], "T": [-0.025395331455111095, -0.008958237041240645, 0.06304915726620987], "aligned_model": [[-0.0318730765995545, 0.5785349960315921, 0.3394879583168051, -0.6795177194206918, -0.015842171880943792, 0.7372535503407278, -0.4992496093318681, -0.16713780169612524, -0.3186122493986034, 0.10643449330909115, 0.39526169535702593, 0.12600664305573933], [-0.7139795035975123, -0.5211551127900194, 0.07418451124202526, -0.02681361035163489, -0.5379171020061773, 0.03586252176688619, -0.057970308516088004, 0.6596997139774314, 0.48026460779058006, 0.16721983024297213, 0.6068501741597003, -0.0718685342861395], [-0.30777651691095587, -0.11042527042230206, -0.6462154163691703, 0.40607672691182367, 0.43702614012105306, 0.279803353493805, -0.33077299042091446, -0.4986660068930884, 0.1335252485849555, 0.6555435331008702, 0.0944518866359332, 0.017137148961312805]], "inverted": true, "swapped": false, "error_lsq": 0.046640045435934634, "error_max": 0.27497827608326586, "target": "527.xyz", "model": "5.xyz", "model_rescale": 3.6523030999806103, "target_rescale": 3.863317070027805},
{"mapping": [8, 6, 10, 5, 1, 2, 9, 11, 7, 3, 4, 12], "R": [[-0.2666903799261197, -0.8768677641831609, -0.39997395589123896], [-0.9339624481192966, 0.13269844191428398, 0.331821140098897], [-0.23788734047416724, 0.46205416094863416, -0.8543509616031233]], "T": [0.029518076785353228, -0.04946372611215002, 0.029505035910986327], "aligned_model": [[-0.30263097014573753, 0.3724537653770622, 0.4520192489656753, -0.5039280379030785, 0.27773908106376727, 0.7435241071410014, -0.32170801417224915, -0.10453583134476474, -0.46692868642006957, 0.03466334407042865, 0.42288696760635136, -0.03280826615519217], [-0.5879495612807172, -0.5519829048705144, 0.026447298696698478, -0.3130234420993892, -0.40613980979033626, -0.0191760934176785, 0.0346368320225918, 0.7612749861274506, 0.4024273083713307, 0.3957753960451467, 0.36637884568569884, -0.0142916678582573], [-0.20160774740501655, -0.19961076568781014, -0.6219574092734752, 0.3609790904300194, 0.5713014648032867, 0.2854145553326992, -0.5967778109982266, -0.2856160413467792, 0.15660013398125947, 0.5627745299504866, -0.00880257614883885, 0.10701041315571745]], "inverted": true, "swapped": false, "error_lsq": 0.0487864534292157, "error_max": 0.26040117874161495, "target": "527.xyz", "model": "6.xyz", "model_rescale": 4.08911054899281, "target_rescale": 3.863317070027805},
{"mapping": [4, 5, 7, 9, 10, 12, 6, 2, 1, 11, 13, 14], "R": [[-0.39498190165514, -0.8596096573716883, -0.324130427942546], [-0.8552898566601197, 0.47287121251151876, -0.21183030347945525], [0.33536332306798444, 0.19355633115766274, -0.9219909913928573]], "T": [-0.03656984368408012, -0.055989239635745626, 0.01022721626012282], "aligned_model": [[-0.12797693701189236, 0.4953845860366166, 0.40298759741250245, -0.6784654312087248, 0.2783392769672769, 0.6239795883207918, -0.22998648755782908, -0.12145452113917653, -0.3871684134834851, 0.06989778315113915, 0.38924939812936554, -0.14403973153339], [-0.7039305634356309, -0.5412734513725916, 0.10132248728776419, 0.00535911410486585, -0.4907438646177528, 0.007615186898154901, -0.043749365883783274, 0.57300957746835, 0.5682434224856541, 0.09426769567875876, 0.5350642479652713, -0.010807298947036227], [-0.25181528774269685, -0.23882086769718094, -0.6072930191058271, 0.4560564908905561, 0.4909512122176021, 0.2702865226010645, -0.44975447230652743, -0.48706004770935307, 0.16947634577371637, 0.5675588597033477, 0.08253399635521555, 0.1275881038134053]], "inverted": true, "swapped": false, "error_lsq": 0.04579730661707024, "error_max": 0.3060473675562645, "target": "527.xyz", "model": "7.xyz", "model_rescale": 3.964800864290218, "target_rescale": 3.863317070027805},
{"mapping": [6, 11, 10, 0, 4, 12, 3, 5, 1, 7, 8, 13], "R": [[0.4255825554699615, 0.2875508955659674, 0.8580174654043282], [0.26285288861172756, -0.9465701420132778, 0.1868510775923817], [0.8659029087768029, 0.14601181016675882, -0.47842732349197875]], "T": [0.010321676694981491, -0.03013814121412981, 0.06383672545427527], "aligned_model": [[-0.10880838352898356, 0.5852002069709121, 0.3233094561198836, -0.6898662900451878, 0.15520353167413112, 0.6598241534522922, -0.5265548385447116, -0.08474800243162203, -0.3568208273835419, 0.17830104795759016, 0.3843406130836966, 0.051366040758736034], [-0.5630816067348442, -0.5827029157909333, 0.11230943366902096, -0.13881233129571363, -0.6466053515864455, -0.04841811909587403, -0.1496018216282984, 0.5583354613896533, 0.5301887489385648, 0.3586375089515824, 0.6362230991682987, 0.027905081647013052], [-0.13182909805188592, -0.16270282918983692, -0.6824081079267068, 0.16912729561667178, 0.3705463954150022, 0.4491772403022883, -0.4088732619041387, -0.5224492952878794, 0.4020083520629492, 0.6361037869126116, -0.020603276594081593, 0.03161063543832906]], "inverted": false, "swapped": false, "error_lsq": 0.04131032687431362, "error_max": 0.18455719203001833, "target": "527.xyz", "model": "8.xyz", "model_rescale": 4.121658175737393, "target_rescale": 3.863317070027805},
{"mapping": [10, 11, 7, 0, 3, 8, 5, 9, 4, 1, 6, 12], "R": [[0.9890532131131553, -0.11487368288726599, 0.09261629775832957], [-0.1138239398526052, -0.9933629841678394, -0.01655573621424523], [0.09390342031563186, 0.0058325521927379935, -0.9955642264504813]], "T": [0.10886668326115165, -0.0260735302508716, 0.021615531602767996], "aligned_model": [[-0.23727244990981208, 0.4727990303851506, 0.3952652165277918, -0.56199801435097, 0.16921354168041208, 0.8220089093390003, -0.38052463722203445, 0.03764959641029916, -0.5466311378961428, -0.10883992343719376, 0.4303464313743143, 0.07873014518237961], [-0.674287221821405, -0.5008540864952509, 0.008588724841552403, -0.14846308208951975, -0.7227780440156659, 0.06393276329401375, -0.08192463314922185, 0.6713978671586524, 0.5642715206001364, 0.3147866331479331, 0.5788162158724699, 0.020890530288330156], [-0.1694015910420889, -0.19091386561700271, -0.5882904599466102, 0.4137706007027475, 0.3871905152226943, 0.1394305146666482, -0.3513384816703672, -0.4274408049197571, 0.1213313533788801, 0.5796028953675426, 0.12621580254845072, 0.08955135810218537]], "inverted": false, "swapped": false, "error_lsq": 0.045421625126907145, "error_max": 0.23901433577922454, "target": "527.xyz", "model": "9.xyz", "model_rescale": 3.833441315466971, "target_rescale": 3.863317070027805},
{"mapping": [11, 7, 6, 10, 9, 3, 12, 1, 0, 13, 5, 14], "R": [[-0.8268502147639687, 0.5012296431222786, -0.255122651288144], [-0.45917620426250816, -0.8635535763093256, -0.20840449679037443], [-0.3247705894687111, -0.055173052289020516, 0.9441821850242986]], "T": [0.06572358877041215, -0.00426994780221354, -0.015410215526931502], "aligned_model": [[-0.22171767681502433, 0.33399446250398834, 0.29322268468205304, -0.6904817931608731, 0.40359549562455865, 0.8842433832669343, -0.2872762302566073, -0.15036537829903082, -0.38325448539324736, -0.05358600207225153, 0.3098854641863036, 0.13248678381639117], [-0.6043933793505287, -0.6050079677815595, 0.16367001506357412, -0.1907191961955586, -0.47912217535845575, -0.2379712307275287, -0.02453860193720661, 0.5974429414374927, 0.4896632046975405, 0.44861971778948984, 0.5880109165630024, -0.051277056568237764], [-0.1656316081076418, -0.12056983914424284, -0.632880780231792, 0.24754271111885745, 0.5487423020393133, 0.1570163083145729, -0.5032630281018107, -0.3853508731295951, 0.1197626052826248, 0.6298360271958341, 0.20143894349195396, 0.03306506806524826]], "inverted": false, "swapped": false, "error_lsq": 0.0463216693447791, "error_max": 0.2717745673250606, "target": "527.xyz", "model": "10.xyz", "model_rescale": 4.2482417240324, "target_rescale": 3.863317070027805},
{"mapping": [10, 0, 1, 9, 4, 6, 8, 3, 7, 5, 2, 11], "R": [[-0.34522352199010875, -0.32055016602624176, 0.882081805120871], [0.9383329434283587, -0.09909826084683887, 0.3312262398636392], [-0.018761853368418735, 0.9420335056449325, 0.33499383143649264]], "T": [0.09377231606853231, 0.03500368898692755, -0.029538704727900586], "aligned_model": [[-0.24754445274940928, 0.4162787037714696, 0.4427445524311855, -0.5963374028116504, 0.2051292870040315, 0.642118446192374, -0.29363735930329954, -0.19127227510782185, -0.4124290802970447, 0.06896954525853072, 0.49929617460208825, 0.03743056909274112], [-0.4991268965907542, -0.5898226718047727, 0.0394694558260336, -0.2455050385115621, -0.4931824947056052, -0.010638303871533493, 0.0061396958276160665, 0.659330421834371, 0.43183397463488654, 0.16725413904187628, 0.6535157424415327, -0.024890836490064898], [-0.14447235258010774, -0.31135624265706363, -0.6438228319302799, 0.3231287474748786, 0.6592708194604882, 0.31355817402370156, -0.5048685294622689, -0.46201684075894633, 0.18222086980286567, 0.709434103528222, -0.05693443936126728, 0.06556635925310007]], "inverted": false, "swapped": false, "error_lsq": 0.04212651080753008, "error_max": 0.2050834939878685, "target": "527.xyz", "model": "11.xyz", "model_rescale": 3.6694154284099745, "target_rescale": 3.863317070027805},
{"mapping": [4, 11, 6, 1, 8, 9, 0, 5, 12, 10, 7, 13], "R": [[-0.24740272707015992, 0.15515183578686198, -0.956409848595368], [0.9408512867825962, 0.27431035785482466, -0.1988785652932239], [0.23149675332017305, -0.9490425361518444, -0.2138399349436261]], "T": [0.02408582872832854, 0.0009978990814719212, 0.04001957025646368], "aligned_model": [[-0.19333737918352645, 0.5673176196244957, 0.20017998980069995, -0.7495977785897758, 0.27935869068711916, 0.7492262595582739, -0.49008840360566963, -0.02896548835676576, -0.39369149728615993, 0.1825796945414549, 0.5261139860603775, -0.07834898516732895], [-0.6290714803652633, -0.461648248181638, 0.005524510066094794, -0.2918236207727058, -0.5045223951868296, -0.034256699765458545, 0.012360595039887746, 0.6421080653020076, 0.4884164318889088, 0.3461833621981171, 0.5484206204194962, -0.027313953010592466], [-0.2815677048263922, -0.149417524023981, -0.49740501950742283, 0.21930349976241975, 0.5418988877635192, 0.3829696186979123, -0.4561997485631069, -0.44032832970865093, 0.2628508517465595, 0.5491909342008633, 0.018539070304098855, -0.02012669905249661]], "inverted": true, "swapped": false, "error_lsq": 0.03630861706714692, "error_max": 0.21193391242485315, "target": "527.xyz", "model": "12.xyz", "model_rescale": 3.9764082729961374, "target_rescale": 3.863317070027805},
{"mapping": [6, 14, 3, 5, 13, 11, 4, 7, 0, 1, 8, 15], "R": [[-0.5596289182441612, -0.05658271393817327, 0.8268094522610765], [-0.7936829059954873, -0.2505228758644753, -0.5543516333512075], [0.23850140166344685, -0.9664557336743282, 0.0952911131878918]], "T": [0.0060756564146266095, 0.031479187551696326, 0.18108239272764115], "aligned_model": [[-0.16694422011919835, 0.45141312173528325, 0.5222635091254163, -0.7849826055902659, 0.23084372729228037, 0.7855647051447444, -0.4752139752512425, -0.13828863850244255, -0.5362971930161973, 0.11779990199600938, 0.5580843255833147, 0.0065040496854928236], [-0.65539016732161, -0.5002780002986855, 0.16885473799500192, -0.23416374141165586, -0.5023492125978, -0.11101181542123123, -0.014572825223075257, 0.5180425104227314, 0.4967296123416606, 0.44168837020234447, 0.46545564375307147, 0.02137207519127208], [-0.10515774659488586, -0.2160534464084109, -0.469395513252135, 0.26160919721092224, 0.378533904989934, 0.12972252774538234, -0.350051511621867, -0.3787825750215338, 0.05270144423718909, 0.6528542631050025, 0.09981923210698385, 0.07390806029674077]], "inverted": false, "swapped": false, "error_lsq": 0.04360987333160066, "error_max": 0.25970080904912207, "target": "527.xyz", "model": "13.xyz", "model_rescale": 4.170626492500431, "target_rescale": 3.863317070027805},
{"mapping": [2, 3, 1, 4, 6, 11, 0, 7, 8, 12, 10, 13], "R": [[-0.6368145461321583, -0.3189980438965142, 0.7019312514945399], [0.7606816075325097, -0.11137652775053292, 0.6394988358300522], [-0.12582021219283665, 0.9411883536553312, 0.31358213780015776]], "T": [0.06654059586038896, -0.01801682442007569, 0.008639611069133727], "aligned_model": [[-0.27736865088357354, 0.49404974656200834, 0.33110538056718086, -0.5392368759465743, 0.3003808483493332, 0.6943170192021019, -0.2572848511145363, -0.12971855865154877, -0.41388463871100856, -0.012604884760426593, 0.2513874773648125, 0.12960469610542608], [-0.5586696202949059, -0.5085676720331472, 0.08404445905624014, -0.0920693917401453, -0.6710261170342958, -0.07957887307150163, -0.03369198267659588, 0.6133161900507649, 0.5305487467271347, 0.3511723920896922, 0.5073249643387341, -0.04842590777995019], [-0.1408700928068154, -0.21954758489584744, -0.7057856397469068, 0.3700438203936669, 0.48444090058553463, 0.327648274890779, -0.49210960344148874, -0.4607544366117341, 0.149436276313294, 0.6356495284519266, 0.09906051770367778, 0.08249587595723591]], "inverted": false, "swapped": false, "error_lsq": 0.04214697074813672, "error_max": 0.2604215574329542, "target": "527.xyz", "model": "14.xyz", "model_rescale": 3.9786697098870705, "target_rescale": 3.863317070027805},
{"mapping": [7, 6, 9, 5, 10, 1, 8, 3, 2, 4, 0, 11], "R": [[0.8307929939481846, 0.5295744572938503, 0.17127140855535672], [-0.43715780073928046, 0.43040753533658993, 0.7897103334630223], [0.34449391643308835, -0.730958444583142, 0.5890871699784221]], "T": [0.07682062819304777, -0.031594750600806916, 0.007098728040702149], "aligned_model": [[-0.09982215841778622, 0.6206704031886161, 0.244744150956555, -0.6785099217093746, 0.21252094191337284, 0.6777988236064917, -0.38862556883004984, -0.10511783654098716, -0.4019379418232406, -0.06274517827276538, 0.40429354016094776, 0.14747745385141509], [-0.6630808362150606, -0.4717134668427508, 0.08979512054749933, -0.152815159947063, -0.5621257695293124, -0.15051879714954078, 0.05170075804031688, 0.6438496269396835, 0.6701491402046074, 0.11843627489197292, 0.5800403786741939, -0.059340081982522504], [-0.07595941427324183, -0.3642213881053656, -0.5798258478074353, 0.25090389712449707, 0.63355164032364, 0.2992534324053884, -0.21346831831696877, -0.589409880616222, 0.18652325150466625, 0.5840968278177116, 0.05679326136943351, -0.05852962463278101]], "inverted": true, "swapped": false, "error_lsq": 0.048288677127210904, "error_max": 0.24721534221711006, "target": "527.xyz", "model": "15.xyz", "model_rescale": 3.769337070930944, "target_rescale": 3.863317070027805},
{"mapping": [6, 3, 2, 1, 7, 8, 10, 9, 5, 4, 11], "R": [[-0.1955868185949164, -0.9558086895410882, -0.21948928308613963], [-0.8027039711047048, 0.027451681866276223, 0.5957455328707472], [-0.5633934071008082, 0.2927048926144915, -0.7726006178323199]], "T": [-0.09127016953295479, 0.018715610619977563, -0.0644186804358669], "aligned_model": [[-0.2976828432225833, -0.39790639603121875, -0.13430992163038658, -0.5851434721836387, 0.40695052434260576, 0.41081238366487843, 0.5489710700996525, 0.35785985706459184, 0.06003466171240292, -0.44030094788340174, -0.006658785241731635], [-0.056885605376441495, -0.7276553153469933, 0.6863619569430295, 0.5417913259008811, 0.13181845238087642, -0.44092044400205405, 0.3261622544336801, -0.3211405500341057, 0.4320539078650502, -0.03627346227869624, 0.060751977140115584], [-0.5766878181832646, -0.19992124611217305, -0.3413311841229087, 0.25115352001265295, -0.6620152521025917, -0.26469013195598423, 0.07410271564065296, 0.3498831459657918, 0.5995021862992287, 0.5921918334922609, -0.07797016170988776]], "inverted": true, "swapped": true, "error_lsq": 0.04567105289320798, "error_max": 0.29023184232838617, "target": "527.xyz", "model": "16.xyz", "model_rescale": 3.7852294659196426, "target_rescale": 3.863317070027805},
{"mapping": [0, 9, 10, 3, 8, 11, 4, 5, 1, 2, 7, 12], "R": [[0.5108234970599603, 0.7767003779450612, 0.3685049222892852], [-0.5831253254604347, -0.0019208028791570068, 0.8123799390205064], [0.6316836309879298, -0.629867314135524, 0.4519324694305626]], "T": [0.04226526316721505, 0.03581828681655975, 0.022825351206819028], "aligned_model": [[-0.29456473924209553, 0.4860883219073483, 0.46050340361169134, -0.5916425721476439, 0.24372494672845332, 0.7190736371010259, -0.38286458344529534, -0.13721023009545444, -0.45520871612446717, 0.04631897560252394, 0.36047674172337424, 0.1160515224637339], [-0.5102539378325974, -0.6834357198834828, -0.08812716998924774, -0.20989060227651601, -0.4677219109216375, 0.04372807096565302, 0.07259201912123053, 0.5492690575831491, 0.48300917468382487, 0.26357510116294425, 0.6463791052267697, -0.004746000208065641], [-0.20976405242624804, -0.15871404365922298, -0.6546474946651659, 0.43547940645119987, 0.3834736236463976, 0.30531417350083345, -0.5425939544604019, -0.3464521377871618, 0.18651439782648613, 0.590449718164887, 0.15467354844052905, -0.0140253482388102]], "inverted": false, "swapped": false, "error_lsq": 0.04052832301198426, "error_max": 0.21844416990889948, "target": "527.xyz", "model": "17.xyz", "model_rescale": 3.901054581598922, "target_rescale": 3.863317070027805},
{"mapping": [8, 4, 10, 2, 1, 6, 5, 9, 13, 12, 11, 14], "R": [[-0.6177376522916407, 0.7009671334175056, -0.3564341044424023], [-0.48344946333927635, -0.6960039604775342, -0.5309002763199064], [-0.6202231931637013, -0.1556392137863473, 0.7688300370002397]], "T": [0.02764672591515964, -0.04494173129573783, 0.116347456135905], "aligned_model": [[-0.22747432375197751, 0.4049322776564614, 0.4284771415753443, -0.7667293988277384, 0.3457680671356338, 0.7552967055055432, -0.41258304849627914, -0.06917976655125567, -0.5475049938059546, 0.054561035595432406, 0.5725097008919978, 0.032673311155987005], [-0.5854486957526508, -0.5890740293709923, 0.08812863590711331, -0.24947446162471607, -0.5676690665532078, -0.0376549869490028, 0.026122673413271867, 0.48035385446319984, 0.3984936169630915, 0.584002030262615, 0.5371196574507274, 0.00947795942257508], [-0.17206843026805943, -0.31626047785099287, -0.5865615019682315, 0.22061171967206414, 0.4498748083434079, 0.3012748900906339, -0.3209552343436164, -0.26950069958486533, 0.10811401718279767, 0.5109110996821334, 0.08379185513390289, 0.12047579070414856]], "inverted": true, "swapped": false, "error_lsq": 0.04685523298848812, "error_max": 0.28860630157212114, "target": "527.xyz", "model": "18.xyz", "model_rescale": 3.9405287249114394, "target_rescale": 3.863317070027805},
{"mapping": [13, 11, 10, 4, 9, 5, 12, 1, 0, 8, 6, 15], "R": [[0.9106382094762959, 0.21834240642736516, -0.3508057083305702], [-0.07456744153293995, -0.7482126569138182, -0.659255274303662], [-0.4064206541319441, 0.6265017267250524, -0.6650697995740675]], "T": [-0.046238981640632504, -0.041814305893176945, -0.09026460732451219], "aligned_model": [[-0.14952869535102734, 0.4697477204435559, 0.5014832368898845, -0.694539921327302, 0.31106227891523985, 0.6717522371415605, -0.49388815858582064, -0.10229206808942201, -0.33087052977538517, 0.12115987839135078, 0.2780706672536171, -0.011409937823057104], [-0.7030186293230697, -0.5310183708121592, -0.07658853438042247, 0.013229889853858617, -0.5141348754958468, 0.07902070830788696, -0.04101862057356345, 0.5776835015798544, 0.48565475433737537, 0.25887979227682123, 0.5752580047363242, -0.02957043287503462], [-0.1491706604193287, -0.20709914005710545, -0.6530213587790383, 0.24341346617151716, 0.39785314044945386, 0.3111705080472715, -0.4060946937231334, -0.310718552662558, 0.24653730814192792, 0.5834065561682418, 0.17867492245993033, -0.10524365900385622]], "inverted": false, "swapped": false, "error_lsq": 0.04127971463065783, "error_max": 0.2512444795805728, "target": "527.xyz", "model": "19.xyz", "model_rescale": 4.410303926677745, "target_rescale": 3.863317070027805},
{"mapping": [6, 11, 10, 0, 4, 12, 3, 5, 1, 7, 8, 13], "R": [[0.4255825554699615, 0.2875508955659674, 0.8580174654043282], [0.26285288861172756, -0.9465701420132778, 0.1868510775923817], [0.8659029087768029, 0.14601181016675882, -0.47842732349197875]], "T": [0.010321676694981491, -0.03013814121412981, 0.06383672545427527], "aligned_model": [[-0.10880838352898356, 0.5852002069709121, 0.3233094561198836, -0.6898662900451878, 0.15520353167413112, 0.6598241534522922, -0.5265548385447116, -0.08474800243162203, -0.3568208273835419, 0.17830104795759016, 0.3843406130836966, 0.051366040758736034], [-0.5630816067348442, -0.5827029157909333, 0.11230943366902096, -0.13881233129571363, -0.6466053515864455, -0.04841811909587403, -0.1496018216282984, 0.5583354613896533, 0.5301887489385648, 0.3586375089515824, 0.6362230991682987, 0.027905081647013052], [-0.13182909805188592, -0.16270282918983692, -0.6824081079267068, 0.16912729561667178, 0.3705463954150022, 0.4491772403022883, -0.4088732619041387, -0.5224492952878794, 0.4020083520629492, 0.6361037869126116, -0.020603276594081593, 0.03161063543832906]], "inverted": false, "swapped": false, "error_lsq": 0.04131032687431362, "error_max": 0.18455719203001833, "target": "527.xyz", "model": "20.xyz", "model_rescale": 4.121658175737393, "target_rescale": 3.863317070027805},
{"mapping": [8, 6, 10, 5, 1, 2, 9, 11, 7, 3, 4, 12], "R": [[-0.2666903799261197, -0.8768677641831609, -0.39997395589123896], [-0.9339624481192966, 0.13269844191428398, 0.331821140098897], [-0.23788734047416724, 0.46205416094863416, -0.8543509616031233]], "T": [0.029518076785353228, -0.04946372611215002, 0.029505035910986327], "aligned_model": [[-0.30263097014573753, 0.3724537653770622, 0.4520192489656753, -0.5039280379030785, 0.27773908106376727, 0.7435241071410014, -0.32170801417224915, -0.10453583134476474, -0.46692868642006957, 0.03466334407042865, 0.42288696760635136, -0.03280826615519217], [-0.5879495612807172, -0.5519829048705144, 0.026447298696698478, -0.3130234420993892, -0.40613980979033626, -0.0191760934176785, 0.0346368320225918, 0.7612749861274506, 0.4024273083713307, 0.3957753960451467, 0.36637884568569884, -0.0142916678582573], [-0.20160774740501655, -0.19961076568781014, -0.6219574092734752, 0.3609790904300194, 0.5713014648032867, 0.2854145553326992, -0.5967778109982266, -0.2856160413467792, 0.15660013398125947, 0.5627745299504866, -0.00880257614883885, 0.10701041315571745]], "inverted": true, "swapped": false, "error_lsq": 0.0487864534292157, "error_max": 0.26040117874161495, "target": "527.xyz", "model": "21.xyz", "model_rescale": 4.08911054899281, "target_rescale": 3.863317070027805},
{"mapping": [7, 12, 5, 0, 13, 14, 6, 8, 1, 2, 15, 16], "R": [[0.4899179899409184, 0.4785667653123021, 0.728666051268186], [-0.8418320828201018, 0.0425495922221407, 0.5380597332420438], [0.22649306273486625, -0.8770196025974846, 0.4237186675056108]], "T": [0.12073812978054455, 0.025276623882669255, -0.007164853901298939], "aligned_model": [[-0.15075780027297447, 0.5544969518233718, 0.2979842693281713, -0.5981620687002935, 0.12413075660257447, 0.7066279392245528, -0.47720036397589594, -0.2558810684779513, -0.32010218136905877, 0.08182370420895141, 0.5147785810793304, 0.0930079886124168], [-0.6118225367992769, -0.5707204876107617, 0.1535760246060312, -0.15795261467104782, -0.5483850862300328, -0.06852623720340513, -0.13343148468137395, 0.4383404445681068, 0.6574316220486082, 0.36189638724006956, 0.5778939402742523, -0.00392278390914539], [-0.16900059603562556, -0.047292567835574006, -0.6778750176364681, 0.21574532743304753, 0.3209063250554252, 0.23728706445647146, -0.422911678918246, -0.4174065845966902, 0.18267260190071685, 0.6303511316025106, 0.25901786953992617, 0.018213961827828515]], "inverted": false, "swapped": false, "error_lsq": 0.04293594381104312, "error_max": 0.23560972321665843, "target": "527.xyz", "model": "22.xyz", "model_rescale": 4.204369325754507, "target_rescale": 3.863317070027805},
{"mapping": [13, 11, 10, 4, 9, 5, 12, 1, 0, 8, 6, 15], "R": [[0.9106382094762959, 0.21834240642736516, -0.3508057083305702], [-0.07456744153293995, -0.7482126569138182, -0.659255274303662], [-0.4064206541319441, 0.6265017267250524, -0.6650697995740675]], "T": [-0.046238981640632504, -0.041814305893176945, -0.09026460732451219], "aligned_model": [[-0.14952869535102734, 0.4697477204435559, 0.5014832368898845, -0.694539921327302, 0.31106227891523985, 0.6717522371415605, -0.49388815858582064, -0.10229206808942201, -0.33087052977538517, 0.12115987839135078, 0.2780706672536171, -0.011409937823057104], [-0.7030186293230697, -0.5310183708121592, -0.07658853438042247, 0.013229889853858617, -0.5141348754958468, 0.07902070830788696, -0.04101862057356345, 0.5776835015798544, 0.48565475433737537, 0.25887979227682123, 0.5752580047363242, -0.02957043287503462], [-0.1491706604193287, -0.20709914005710545, -0.6530213587790383, 0.24341346617151716, 0.39785314044945386, 0.3111705080472715, -0.4060946937231334, -0.310718552662558, 0.24653730814192792, 0.5834065561682418, 0.17867492245993033, -0.10524365900385622]], "inverted": false, "swapped": false, "error_lsq": 0.04127971463065783, "error_max": 0.2512444795805728, "target": "527.xyz", "model": "23.xyz", "model_rescale": 4.410303926677745, "target_rescale": 3.863317070027805},
{"mapping": [13, 14, 11, 12, 15, 9, 7, 1, 3, 4, 10, 16], "R": [[-0.5529821431458144, 0.31524031277513986, -0.7712550126665589], [-0.2950273193388756, 0.791604688663309, 0.5350896165409892], [0.7792109022630389, 0.5234363018435936, -0.34473875283571365]], "T": [0.025880184026153052, -0.046384986706623395, 0.07445752656802025], "aligned_model": [[-0.20743143333158884, 0.4034537645006174, 0.3779766802338727, -0.6887446009674083, 0.41810598854278036, 0.6501185248528738, -0.351362975460125, -0.1611461803876878, -0.29116098837411414, 0.017137109091806983, 0.4280219026821801, -0.024221083300012415], [-0.6254248324996462, -0.5722488027466854, 0.010903805244694503, -0.3956762794686577, -0.4729032848779642, -0.06603759785099644, -0.03565295067951619, 0.6059179204896364, 0.773208789407374, 0.34404085547639746, 0.46547307734686993, 0.06277648779051809], [-0.24875319419947522, -0.12316693629554439, -0.44848371132182957, 0.19057317692244297, 0.49105715502567615, 0.12303995492946553, -0.4728114372019174, -0.45076376569628435, 0.26681636258114416, 0.6413575119159842, 0.08266158991502207, 0.07818113021863857]], "inverted": true, "swapped": false, "error_lsq": 0.04134758763646367, "error_max": 0.24344813494682097, "target": "527.xyz", "model": "24.xyz", "model_rescale": 4.28219845311461, "target_rescale": 3.863317070027805},
{"mapping": [4, 7, 13, 0, 3, 9, 2, 14, 6, 8, 11, 15], "R": [[0.29700370955403554, -0.691196968099955, 0.6588137428747008], [-0.577894405673721, 0.41913427492291866, 0.7002603197924729], [-0.760149230350304, -0.5887046890201145, -0.2749544266302535]], "T": [0.14381929530789356, 0.04956632523949706, 0.04823447541791079], "aligned_model": [[-0.16205752373372967, 0.5190121950538606, 0.26319400661610554, -0.6315721358629938, 0.3211024859155412, 0.8018460564007288, -0.3597542107298038, -0.02904774446316133, -0.6214408815576502, -0.0691218248488937, 0.4642325561857411, 0.07435372910744956], [-0.6102056835480054, -0.5638586395874309, -0.0688446431229291, -0.17943783865466434, -0.5740610168901066, -0.08334157956451022, 0.08040145375485608, 0.674478988195649, 0.5012286395121521, 0.4048169001632106, 0.48865778965840895, 0.024542817715394603], [-0.027849958070115227, -0.24923166762616752, -0.5215417769904871, 0.15722710554355596, 0.4721506856955593, 0.12703773934239246, -0.4146293741688356, -0.3514476171662737, 0.19848476836474105, 0.6053692573976108, 0.08003226428245935, 0.05410641018888277]], "inverted": false, "swapped": false, "error_lsq": 0.043005460209963174, "error_max": 0.2449826221332429, "target": "527.xyz", "model": "25.xyz", "model_rescale": 4.100010024507729, "target_rescale": 3.863317070027805},
{"mapping": [10, 0, 1, 9, 4, 6, 8, 3, 7, 5, 2, 11], "R": [[-0.34522352199010875, -0.32055016602624176, 0.882081805120871], [0.9383329434283587, -0.09909826084683887, 0.3312262398636392], [-0.018761853368418735, 0.9420335056449325, 0.33499383143649264]], "T": [0.09377231606853231, 0.03500368898692755, -0.029538704727900586], "aligned_model": [[-0.24754445274940928, 0.4162787037714696, 0.4427445524311855, -0.5963374028116504, 0.2051292870040315, 0.642118446192374, -0.29363735930329954, -0.19127227510782185, -0.4124290802970447, 0.06896954525853072, 0.49929617460208825, 0.03743056909274112], [-0.4991268965907542, -0.5898226718047727, 0.0394694558260336, -0.2455050385115621, -0.4931824947056052, -0.010638303871533493, 0.0061396958276160665, 0.659330421834371, 0.43183397463488654, 0.16725413904187628, 0.6535157424415327, -0.024890836490064898], [-0.14447235258010774, -0.31135624265706363, -0.6438228319302799, 0.3231287474748786, 0.6592708194604882, 0.31355817402370156, -0.5048685294622689, -0.46201684075894633, 0.18222086980286567, 0.709434103528222, -0.05693443936126728, 0.06556635925310007]], "inverted": false, "swapped": false, "error_lsq": 0.04212651080753008, "error_max": 0.2050834939878685, "target": "527.xyz", "model": "26.xyz", "model_rescale": 3.6694154284099745, "target_rescale": 3.863317070027805},
{"mapping": [0, 1, 6, 4, 5, 7, 2, 11, 10, 8, 9, 13], "R": [[-0.8540814348641315, -0.09147442416688881, 0.5120325500822799], [-0.47669771020259993, -0.2561846782921495, -0.8409094503547608], [0.2080966018656345, -0.9622898941232232, 0.1751969290835077]], "T": [0.11708899171538259, 0.07337219345276616, 0.021432749058423198], "aligned_model": [[-0.1860374407287719, 0.5075173109866877, 0.35905023394018953, -0.6228478413621538, 0.2782524362903491, 0.67323175659813, -0.32674754779647275, -0.2204704900857757, -0.32700886926653805, 0.005731068149878643, 0.3511199112553227, 0.07895618010234932], [-0.5053359631891314, -0.6730805123332495, -0.14176915943962307, -0.11482067383402553, -0.5976873526395962, 0.011179644323905363, 0.004828541919571522, 0.6959764413152403, 0.44734087390144117, 0.20079099883363552, 0.7010761177526479, 0.06587823102120775], [-0.0792875494069699, -0.24318157260892126, -0.5838435410282217, 0.32574754962929303, 0.40832282317792606, 0.30947065736195023, -0.48890100470662023, -0.46291528287205563, 0.1789612728482312, 0.6376478521876315, 0.1482430309292998, -0.020556398718220903]], "inverted": true, "swapped": false, "error_lsq": 0.0387487007465251, "error_max": 0.18945963775284935, "target": "527.xyz", "model": "27.xyz", "model_rescale": 4.103607728864725, "target_rescale": 3.863317070027805},
{"mapping": [11, 13, 12, 6, 8, 4, 10, 3, 0, 1, 2, 14], "R": [[0.9083396717073119, -0.17060341442899385, -0.3818553597735953], [-0.39780002122352054, -0.07052969774945753, -0.9147571835465065], [0.1291285557776417, 0.9828123100167903, -0.13193096438001697]], "T": [-0.14707787576894796, -0.06318497322792022, -0.039941490081153136], "aligned_model": [[-0.212721925997373, 0.36355858916547046, 0.42916260934507944, -0.6882600794666549, 0.2867377698911927, 0.7089205570436495, -0.4362851290630535, -0.060082925460844816, -0.2400892843783581, 0.09742070380744292, 0.41744289663375056, -0.09505707343710615], [-0.7470579639993038, -0.4267222328662665, 0.18994477491447465, -0.36525696732807367, -0.4851244188171115, -0.05702480965474488, -0.07971152300655682, 0.6117731404010773, 0.5937766901886927, 0.40051504751741257, 0.4081864551288124, 0.051078995153611625], [-0.03158537721101723, -0.20414744151904476, -0.6240355330619509, 0.090984426501928, 0.5132773333901574, 0.2581155892537388, -0.4592997070034469, -0.35679204796938646, 0.22357699437680154, 0.6867383344776233, -0.01882324472611574, 0.05169851028403556]], "inverted": false, "swapped": false, "error_lsq": 0.04442092908445997, "error_max": 0.2296482613703996, "target": "527.xyz", "model": "28.xyz", "model_rescale": 4.137296879288765, "target_rescale": 3.863317070027805},
{"mapping": [10, 5, 4, 0, 3, 9, 8, 2, 6, 7, 11], "R": [[-0.06563316358252437, -0.7846122282763175, -0.6165029919452311], [0.9978164041037223, -0.05618627233826245, -0.03472069270979844], [-0.007396724928456111, -0.6174356274462971, 0.7865866350379533]], "T": [-0.045447057081408906, -0.005433857358916286, -0.03361464148234442], "aligned_model": [[0.4654937929488507, 0.13980819065600814, -0.1541919507158575, -0.6834189324743871, -0.10838640064190831, 0.5896577816462425, 0.5031658766601153, -0.38705938699856574, -0.35070638973338314, 0.19448810682401924, 0.012568322538764234], [-0.42063820806397006, -0.7322758229099116, -0.27576245049487386, 0.1299424945738834, 0.7247694701719049, -0.01438632291167723, 0.416238625364976, -0.39646971243041235, 0.3670866736316584, 0.1645268761473216, -0.04388380643094718], [0.2666606585600426, -0.30178225234099504, -0.7199677934505572, -0.2847566173855634, -0.3973425883462603, -0.325894800355723, 0.12347454806653421, 0.47104026517608716, 0.2470748649614701, 0.695550800153335, 0.03169693674462839]], "inverted": true, "swapped": true, "error_lsq": 0.04982881973151451, "error_max": 0.30106505978936965, "target": "527.xyz", "model": "29.xyz", "model_rescale": 3.607286011436655, "target_rescale": 3.863317070027805},
