[{"mapping": [8, 0, 12, 10, 11, 5, 2, 6, 3, 13, 7, 14], "R": [[0.9173725215862858, -0.3409262682069719, -0.2054189287404832], [-0.010326504054584518, 0.4955298727819133, -0.8685295092826448], [0.3978957400531332, 0.7988863654032461, 0.4510649124243215]], "T": [0.1666609605494655, -0.12736666493823523, 0.00647042439237637], "aligned_model": [[-0.27445227445666803, 0.16402974809460083, 0.4748520796538543, -0.0366362328621474, -0.3124083401544478, -0.54050378983031, 0.3114614612045315, -0.30551281499650507, 0.7047837425895285, 0.09094037236066467, -0.46844475933274304, 0.029533270190191085], [-0.2874822300668798, -0.7437471468863035, -0.3004396582730252, 0.5633302512411498, 0.37430249834747764, -0.664592467994429, -0.23855168789507242, -0.44948570775254004, 0.19072575389136437, 0.4181916045281595, 0.26968214595760587, -0.07837831912044996], [-0.510574170845974, -0.025427820071904764, -0.6267443209672211, -0.04639229387431597, -0.5569703691940306, -0.07195905606344256, 0.7388716303066758, 0.5018371404698874, -0.16313979265113432, 0.5078488091848203, 0.3406342869889053, 0.09396770207129701]], "inverted": true, "swapped": true, "error_lsq": 0.04481393682639567, "error_max": 0.2380117639776151, "target": "528.xyz", "model": "0.xyz", "model_rescale": 3.751011558992144, "target_rescale": 4.1354962107595234},
{"mapping": [7, 2, 0, 13, 3, 6, 1, 4, 11, 9, 5, 10, 12, 8, 14], "R": [[0.20902258579223765, -0.670299596674956, 0.7120449489506392], [0.7700563791508034, 0.5616224561598577, 0.3026439982324498], [-0.6027625830771856, 0.48505532409649976, 0.6335602583872815]], "T": [0.07972593517916965, -0.12429837291222336, 0.0656312075903955], "aligned_model": [[0.03922951156753757, -0.6547041625924996, -0.4385448647834152, -0.4008877415602772, -0.5967054462833064, 0.6037845618111677, 0.1703111165600017, 0.620515403379345, 0.5686725141623765, 0.20520599766127362, -0.06647298946985347, 0.7902209145018779, -0.09544359522099549, 0.005973192294673746, 0.08253970212214057], [0.19401294914986456, -0.42944629315807703, -0.2884642733936379, 0.17341888695411645, 0.18946732301925817, 0.08206239353584276, -0.43596932385171416, -0.6991237379933805, 0.5060809983697101, 0.21437811361684211, -0.28757056106196555, -0.15885079214895753, 0.5929886026044284, -0.7679398675073587, -0.07169634571555722], [-0.5146402510554673, 0.2919833232085955, -0.46347129053709774, 0.5215666473285757, -0.09989088683259865, -0.43086001609204955, -0.5510867933553458, 0.01370317418940667, 0.048776531993132435, 0.6167596978048908, 0.6504851329460221, 0.473622338389797, -0.01677106453101458, 0.2095214834683251, 0.0807613726178937]], "inverted": false, "swapped": false, "error_lsq": 0.04415116881664401, "error_max": 0.3006970995874586, "target": "528.xyz", "model": "1.xyz", "model_rescale": 3.9405287249114394, "target_rescale": 4.1354962107595234},
{"mapping": [12, 8, 9, 6, 7, 3, 0, 5, 13, 1, 2, 4, 14], "R": [[-0.7424854656541463, 0.335874363481074, 0.579572036289303], [-0.41969182645146474, -0.907591309095707, -0.011695574538030384], [0.5220862994775667, -0.25192544057741445, 0.8148370808251771]], "T": [-0.07331858836257904, 0.020016724948081398, 0.0017823231419530974], "aligned_model": [[-0.4466063879417, 0.26173598730710046, -0.41104066630777364, 0.58071675874025, 0.45517561648829136, -0.7100208900133149, 0.12457089242204777, 0.7320406071703305, -0.06621217366089308, -0.6257313241209324, 0.0024576334118125154, -0.4575864792043168, 0.056483704993029266], [0.6409932675543972, 0.585951709030576, 0.2337879088086879, -0.24973193891327936, -0.40617008549424216, -0.0056203410466590074, 0.3171101715282743, 0.3759767809599583, -0.6617963149024659, -0.6277923324674481, -0.5993948234415541, -0.0746983767665233, -0.06978303127770483], [0.03246281980651539, -0.2327576923641195, -0.4915327578396143, 0.2693086929439792, -0.45836026211872116, -0.11431875830342242, 0.5052945446414033, 0.14154546473600282, -0.29793119866804013, -0.012862749677815553, 0.42643290736354894, 0.4068821980744864, -0.06104285900555905]], "inverted": true, "swapped": true, "error_lsq": 0.04305278739341244, "error_max": 0.27850495063109687, "target": "528.xyz", "model": "2.xyz", "model_rescale": 3.932901565614263, "target_rescale": 4.1354962107595234},
{"mapping": [2, 7, 13, 6, 1, 3, 10, 4, 0, 12, 11, 5, 9, 14], "R": [[0.8789217334485865, -0.24478309862146935, 0.409362701159991], [0.43055470932157996, 0.03788359875798675, -0.9017690808772243], [0.20522969754093062, 0.968837482539985, 0.1386892341634428]], "T": [-0.035043318672511536, -0.04498273680583689, 0.10957675827052561], "aligned_model": [[-0.4538782464696739, 0.5563497107277902, 0.12118363005038266, 0.02100800351108545, -0.39553035937514386, -0.256554795186668, 0.4822773640841088, -0.5865818169551973, -0.3216256907191543, -0.15289762006072455, 0.7855955648106132, 0.3002174241440545, 0.25065272862551213, 0.06959401486571862], [0.11181681263011453, 0.06721554627362059, -0.33425963401894676, 0.5814232215396204, -0.6433718948517219, -0.6387530824541405, -0.4913555757070823, -0.17267231423330462, 0.4415529240253806, -0.21170860970954328, -0.2889101557325381, 0.7685615485155781, -0.5377346862412216, 0.01169253831467338], [-0.4984791810133685, -0.4475034431162114, -0.558749310970676, -0.31062647837233714, -0.3772603732982536, 0.24335262901768784, -0.12348341793888541, 0.12504698204376716, 0.3587813219869005, 0.805428601414088, 0.3658892810963363, 0.25307122227727574, 0.3900894585009239, -0.011660928570150067]], "inverted": false, "swapped": true, "error_lsq": 0.052544593814244665, "error_max": 0.2945379600918564, "target": "528.xyz", "model": "3.xyz", "model_rescale": 3.9243930471874484, "target_rescale": 4.1354962107595234},
{"mapping": [13, 10, 1, 2, 4, 7, 6, 3, 12, 8, 0, 5, 14], "R": [[-0.9674697874876492, 0.23522359732478704, -0.09312394729708112], [0.18108508488344816, 0.9009306895353308, 0.39437556299312965], [0.1766646606748432, 0.36468308421831147, -0.9142187078339967]], "T": [0.04929762543799417, 0.04049551711409609, -0.08013313261335729], "aligned_model": [[-0.015847100447661543, -0.29945782359932055, 0.5760086199615894, 0.3847911967051693, 0.6126521036067368, -0.5556422575385168, -0.2133736515967695, 0.45323190410249076, 0.2261831899448457, -0.45952138935933434, 0.16703362138407257, -0.5288251745463852, -0.07002735230556409], [-0.5181651964727584, -0.023864233613465194, -0.3195068386897996, -0.6262045716566702, 0.031324891746211087, -0.4650722324585626, -0.5118256072047028, 0.29199027781638826, 0.7406047719762627, 0.4602583004308895, 0.13373872622527738, 0.014347146004354508, -0.07979588042183822], [-0.5683974968463156, -0.708952586116795, -0.6440522010257776, 0.03254284537680564, -0.02280685022294532, -0.30623379449371196, 0.36488609315840903, -0.5195805413576104, -0.013383833119399488, 0.14889832741352643, 0.518526419234479, 0.5980519615019296, -0.09242802813163058]], "inverted": false, "swapped": true, "error_lsq": 0.030164927933971516, "error_max": 0.175700983950084, "target": "528.xyz", "model": "4.xyz", "model_rescale": 3.8936222436046832, "target_rescale": 4.1354962107595234},
{"mapping": [12, 8, 0, 4, 6, 7, 10, 13, 1, 3, 2, 14], "R": [[-0.9358406892728018, 0.10554648164742078, 0.33624714796300914], [-0.3153533553429019, -0.6767396008507384, -0.6652636875062076], [0.1573355191156165, -0.7286174941985913, 0.666604891650508]], "T": [-0.12117924462903609, -0.11593773310106403, -0.12656153349748334], "aligned_model": [[0.04960794268100352, -0.6535747310209007, -0.2698786687302497, 0.3597993140453891, -0.582705983664355, -0.5962241254967149, -0.16536734994413974, -0.0002448649033258976, 0.5762018585689996, 0.44739357652894407, 0.09264868304046917, -0.23010760889002235], [-0.7092824765582213, -0.5417181571406343, 0.004900522024595955, 0.027207138250445073, 0.4786980137160678, 0.1589577574551569, -0.3208531405823339, 0.24035200073695595, 0.15566291503258733, -0.39998973781860686, 0.6077167560045709, -0.032728686010776054], [-0.506917541363779, -0.27762135718824704, -0.7132777486948919, -0.3890645677587125, -0.20071228006833292, 0.4828950696824308, 0.5642666166069701, 0.516229427047153, 0.2795462951529779, -0.0017979697084120894, -0.10805157697625278, -0.026209647455385288]], "inverted": false, "swapped": true, "error_lsq": 0.04271549541759228, "error_max": 0.22182477962144673, "target": "528.xyz", "model": "5.xyz", "model_rescale": 3.6523030999806103, "target_rescale": 4.1354962107595234},
{"mapping": [11, 8, 12, 10, 3, 7, 0, 13, 6, 2, 4, 1, 14], "R": [[0.4228579955571584, -0.06462757104502237, -0.9038884846341406], [0.4957047375553354, -0.8184933300847127, 0.2904229360295668], [-0.7585960247447772, -0.5708694646481438, -0.31407025579281356]], "T": [0.020971644901844486, 0.07686766677001644, 0.06932370671070179], "aligned_model": [[0.2752171075506941, -0.2111339150492606, 0.2592873723029367, 0.4323687681683192, 0.6290077672350654, -0.1573306678261856, -0.43277116699356666, 0.23836352462284022, -0.6456221836905235, -0.18921523668703905, 0.15918185933981327, 0.5732288074271286, -0.04949913173592713], [-0.3951878223189145, 0.05401960306718855, 0.6055710027417166, -0.5008632169337653, 0.28398826133378324, -0.7233196205844918, 0.49410938700959733, -0.49912594716184544, -0.1892059554960399, 0.0096897594784838, 0.4931618903124238, -0.015466005596078872, -0.07654443168887437], [0.7842836580992297, 0.7274710828993839, 0.5047262070057549, 0.20410456156112652, -0.013860873822479386, 0.04521745942081437, 0.1005667435378004, -0.34986580286341795, -0.1693275674764406, -0.6525138264811248, -0.288916055411476, -0.5721725154468679, 0.05039666845948557]], "inverted": true, "swapped": true, "error_lsq": 0.045533662564768825, "error_max": 0.2812356144770664, "target": "528.xyz", "model": "6.xyz", "model_rescale": 4.08911054899281, "target_rescale": 4.1354962107595234},
{"mapping": [11, 0, 9, 2, 1, 10, 8, 4, 12, 7, 6, 7, 13, 3, 14], "R": [[-0.2746441155161465, 0.9611049508075498, 0.029118436523459967], [0.7567577577277143, 0.1973695088131483, 0.6231877510909362], [0.5932017413420796, 0.193190451430897, -0.78153000169197]], "T": [0.13418804542917862, -0.06778973423909905, 0.0016803678933960745], "aligned_model": [[0.07156379249231506, -0.6134448194964663, -0.40437401127980055, -0.323917632347056, -0.5579083718345301, 0.6279534893796401, 0.24090530089259568, 0.5279801298795099, 0.5535970331273702, 0.3877484650331237, 0.016039325042249586, 0.3877484650331237, 0.035151347417614526, -0.1326506211178592, 0.017302221928216704], [0.26416073761256137, -0.5072680394732657, -0.3301554654058889, 0.166212464597343, 0.17029174560490173, -0.01898980458400061, -0.5376879448852873, -0.6475727639470852, 0.4922648190376139, 0.16036399763470383, -0.3190744416313302, 0.16036399763470383, 0.6435999531722393, -0.8074620424119793, -0.0756991405358153], [-0.4783385381287692, 0.36576840891570916, -0.5039602575418038, 0.622584307500918, -0.045920231067373175, -0.520898957882169, -0.48097486340825457, 0.07670651259740077, -0.13410223925198436, 0.6966206191235136, 0.4164572261620408, 0.6966206191235136, 0.14314049458423397, 0.09186594780158128, -0.11510964898549197]], "inverted": false, "swapped": false, "error_lsq": 0.04861820317866646, "error_max": 0.32404385436814126, "target": "528.xyz", "model": "7.xyz", "model_rescale": 3.964800864290218, "target_rescale": 4.1354962107595234},
{"mapping": [6, 0, 2, 5, 13, 8, 7, 4, 12, 9, 11, 10, 3, 14], "R": [[-0.9731183858604167, 0.20866606832053966, 0.09746321886776141], [-0.14823855255715898, -0.8913784723949516, 0.4283336905808376], [0.17625532229176996, 0.4023715830951413, 0.8983491361833293]], "T": [0.13159287442024697, -0.06271274189865587, 0.03646933227610026], "aligned_model": [[-0.23623857244134838, 0.1411243273820622, 0.40655606420055007, -0.5625410147632584, 0.12989346557764006, -0.3890725768069547, -0.445712781975603, 0.6734468606944244, 0.3280122913625829, 0.1343895376923438, -0.4536662220405399, -0.09764961247117449, 0.6219337638089657, 0.010712359241182565], [-0.0003353855046866888, -0.5815567844175583, 0.2586568161531713, -0.4878537496342194, 0.676178114025545, -0.4562989675047061, 0.5036325355885845, -0.15903316425852804, -0.5938379628755659, 0.01679387946755649, 0.05742037609183821, 0.4839654832748755, 0.05461962890532686, 0.038597646869568986], [-0.6214866142456731, -0.2976853186753693, -0.5887167777487503, -0.32723109181246524, -0.05725970611165247, 0.2845627918246924, -0.100072699668606, -0.09715441146100227, 0.489484070389289, 0.6663780287854498, 0.7010629645942176, 0.44850967760195415, 0.4430716787375368, -0.026647553484599434]], "inverted": false, "swapped": true, "error_lsq": 0.04678361015659406, "error_max": 0.39858274883287587, "target": "528.xyz", "model": "8.xyz", "model_rescale": 4.121658175737393, "target_rescale": 4.1354962107595234},
{"mapping": [8, 0, 6, 7, 12, 9, 4, 1, 2, 3, 10, 13, 14], "R": [[-0.48833927001309513, -0.7235046329918727, -0.4879198739571623], [0.6865599875876532, -0.6636657116498921, 0.2969565736330551], [-0.5386651471988132, -0.1899707062142426, 0.8208233610063392]], "T": [-0.10183852048264572, -0.07485296825079774, -0.1363184757721257], "aligned_model": [[-0.6482887427321692, -0.09043002233982611, 0.3646659891143482, 0.13766194672916393, -0.6869097641656777, -0.5743487551009564, 0.1080960844468756, 0.3629651336132934, 0.6474441056359841, -0.2381151952938248, -0.22340639906834162, 0.3497175176455344, -0.0323144020492066], [0.11715310782847826, -0.44273734973661366, 0.17023477438096743, 0.7070350912964967, -0.5006044875428699, 0.048083108052640475, -0.5717871189979773, -0.17198494593913155, -0.16587749324433265, -0.3346774861114265, 0.490466500445024, 0.37104674579519215, 0.07403699318526263], [-0.5262913147126305, -0.631778108673074, -0.6789071564425684, -0.19927170657899895, -0.08810826634318503, 0.2695569847187742, 0.03608390985343607, 0.570472742130967, -0.14187750366028046, 0.44112972884353435, 0.29591016171148926, 0.2535767755962279, -0.17942081248460223]], "inverted": false, "swapped": true, "error_lsq": 0.048959827227555604, "error_max": 0.35581599295763533, "target": "528.xyz", "model": "9.xyz", "model_rescale": 3.833441315466971, "target_rescale": 4.1354962107595234},
{"mapping": [12, 3, 7, 4, 6, 10, 11, 8, 0, 5, 2, 13, 1, 9, 14], "R": [[-0.3579627438235979, 0.5657093411765263, -0.7428563894454312], [-0.05264062690706739, 0.7820825909080971, 0.6209474900483207], [0.9322508452305702, 0.2613804933504012, -0.2501771357714144]], "T": [0.03563239105586671, -0.0250593482376689, -0.011898436032305865], "aligned_model": [[0.0029880711450918085, -0.527151084917888, -0.33722421969497995, -0.6141389069737387, -0.4914642144592405, 0.7476907565463224, 0.06247729965682224, 0.4763572926337487, 0.5478745956263954, 0.08180939799450125, 0.15770260267089875, 0.6017750776370462, 0.07569645322086441, 0.043095365419472204, 0.006205627644730153], [0.33025060717589255, -0.5309083446075715, -0.5094266054774833, 0.1600953801784605, 0.3889211388453629, -0.10836515977534159, -0.32970771299321333, -0.6489921592147326, 0.40919683383548355, 0.2481331260086815, -0.3948382880447388, 4.281925298745687e-05, 0.7117759489578894, -0.8054177622721983, -0.10741174945006468], [-0.4973973971767648, 0.41438011349850623, -0.27700272629405787, 0.41169047658499813, -0.12152914712122787, -0.41412619417311414, -0.6216572455443538, -0.16691059972330763, 0.10147022759058497, 0.6050851597888126, 0.592264335113894, 0.5489392241088177, 0.02092760002746838, 0.20922410056646992, 0.025101472296338856]], "inverted": true, "swapped": false, "error_lsq": 0.04509578888706159, "error_max": 0.26496133481133927, "target": "528.xyz", "model": "10.xyz", "model_rescale": 4.2482417240324, "target_rescale": 4.1354962107595234},
{"mapping": [13, 7, 8, 5, 3, 12, 9, 0, 6, 4, 2, 14], "R": [[0.5362465060886523, 0.6026252696956717, -0.5910012428345073], [-0.6671512655357369, 0.731536444092151, 0.14058314215821177], [0.5170579015949546, 0.3189000082929295, 0.7943260735422147]], "T": [-0.048483867379468706, 0.1254515564288475, -0.007018310934047277], "aligned_model": [[-0.6722272245061003, -0.2526996510558911, 0.4819647879885652, 0.7067564040050098, -0.451852725744168, 0.23652609857189855, -0.24106606741860187, 0.4632877457409725, 0.19173681313573077, -0.1846211163874109, -0.33151717580410256, -0.06952228616289538], [-0.2685842830341223, -0.6659452224350827, -0.029976809778182484, -0.34130254327446574, 0.5907385476874198, 0.6847565324600045, 0.2794345755602718, 0.2877287212006985, -0.4046844970539062, 0.5743562501914028, 0.0018144918845419689, -0.04220437335794003], [-0.10913441767053467, 0.061242752839906885, 0.4196188191375036, -0.0882431466856852, 0.19380031633955372, 0.35608526072655666, 0.5780589627246503, -0.3114936918815545, -0.4900780638683019, -0.3243350240860896, -0.6957467358866288, -0.0245827418350198]], "inverted": false, "swapped": true, "error_lsq": 0.04814273327038299, "error_max": 0.30105768585248904, "target": "528.xyz", "model": "11.xyz", "model_rescale": 3.6694154284099745, "target_rescale": 4.1354962107595234},
{"mapping": [2, 6, 7, 5, 0, 1, 4, 3, 8, 9, 10, 12, 13, 14], "R": [[-0.26831189128930505, -0.8157114670231331, 0.5124680785763386], [-0.9630866644792262, 0.23914559644807376, -0.12358584223839572], [-0.021744095636165528, -0.5267107235157295, -0.8497664432292571]], "T": [0.11968932510710023, 0.0178412098122809, 0.005539802979616461], "aligned_model": [[-0.18297422562606153, 0.16580167768041565, -0.34605522852867104, 0.667667296486038, 0.6584870487227592, -0.5588198619111129, 0.14972683581833646, -0.0996092770258756, 0.5601918927231038, -0.01258605026943782, -0.4222305421258133, 0.5774778286380533, -0.6009509726167421, 0.0421384282908175], [-0.32600163492571527, 0.26276642088348334, 0.6253991423705001, 0.5751029877500533, -0.11711322619849554, -0.4944356496632798, -0.5470354892943075, -0.3707587004580558, 0.52275856706236, 0.14116830706000688, 0.38483233365882846, -0.15558405299767156, 0.09333460840971056, 0.13655367447883665], [-0.5943832703595139, -0.7085905964407128, -0.28878635975575806, -0.4234405984219966, -0.2635951687966574, 0.052747705212840924, -0.021859719859968173, 0.475033971243034, 0.2019295787586403, 0.6141511257941707, 0.31021474183643183, 0.5405634519071094, -0.16687256798200228, -0.0880168334832028]], "inverted": true, "swapped": true, "error_lsq": 0.04905473198247524, "error_max": 0.32995658309589687, "target": "528.xyz", "model": "12.xyz", "model_rescale": 3.9764082729961374, "target_rescale": 4.1354962107595234},
{"mapping": [3, 5, 0, 6, 4, 8, 2, 1, 11, 13, 12, 13, 14, 9, 15], "R": [[0.5020092193386887, 0.5859090785096011, -0.636158231432236], [0.04009572520563187, -0.7505361507340135, -0.659611870164269], [-0.8639323332988498, 0.30562401437288955, -0.40026851652285256]], "T": [0.04845820834833287, -0.12554321431898444, 0.043491466986341744], "aligned_model": [[0.17866029530819497, -0.6264029193000834, -0.3826916410573147, -0.3743230840627942, -0.6340902943110596, 0.5545418718254363, 0.22029918753986333, 0.46056338816397097, 0.6498001673147092, 0.2346200582553774, 0.3388755653444932, 0.2346200582553774, 0.11877095115903269, -0.13206832838535923, -0.0074811618997980625], [0.5111077039267422, -0.45661248592756287, -0.5669908519241136, 0.3343841771731807, 0.0026044875532127143, -0.007409045857379559, -0.5401386084246085, -0.5979839187330501, 0.3928348894193503, 0.13842045519719506, -0.44954433302719154, 0.13842045519719506, 0.6528174867575466, -0.6905470848649508, -0.048015254046151715], [-0.4914538313029142, 0.4146780799189626, -0.33905490159216034, 0.48324319130544124, -0.1397281547836082, -0.43564993223942733, -0.615933169316411, -0.05795644991123428, 0.028771117108038348, 0.5632486150869129, 0.5102832500968235, 0.5632486150869129, 0.2108795692910058, 0.14187806323114463, -0.00599466243642173]], "inverted": true, "swapped": false, "error_lsq": 0.049134694727176936, "error_max": 0.4465416902132094, "target": "528.xyz", "model": "13.xyz", "model_rescale": 4.170626492500431, "target_rescale": 4.1354962107595234},
{"mapping": [8, 11, 5, 7, 0, 2, 6, 9, 12, 10, 3, 13, 4, 14], "R": [[-0.24206021636768635, 0.9218266712645675, 0.3027250234079035], [-0.6780282555242729, 0.062468399090103904, -0.7323765314548458], [-0.6940349676801164, -0.38253534119138116, 0.6099034156133686]], "T": [0.05532923634657673, 0.12842131039020174, 0.1030980550687334], "aligned_model": [[0.2243279421959979, 0.10769249473993016, -0.20151588249384683, -0.6622958472308003, 0.19956535515079, -0.4050048362596155, -0.5487584641958783, 0.38251496130595813, 0.76557153302391, -0.16092119123505544, 0.4466745501089193, -0.48652537615846214, 0.286178252648803, -0.10432046950900652], [-0.26555205206162014, -0.7558616858674986, 0.09885120330196587, -0.2683584658378958, 0.525042733984302, 0.6777195034042719, 0.38539534136496045, -0.36515449514313947, 0.04856205956085387, -0.4664242016625344, 0.08590547765072867, -0.0007574019979140478, 0.5807465073229581, 0.07595994390622791], [-0.4480620132044111, -0.014997431068283024, -0.7501316471500014, 0.08720562532136675, -0.3472759097470679, 0.33996269467090057, -0.2725870962378769, 0.33211009772054023, -0.019683542595500758, 0.4503458271462141, 0.6174595918846892, 0.5975211095156999, 0.353795719571531, 0.07821007529306588]], "inverted": false, "swapped": true, "error_lsq": 0.04767875465120362, "error_max": 0.3633397368780546, "target": "528.xyz", "model": "14.xyz", "model_rescale": 3.9786697098870705, "target_rescale": 4.1354962107595234},
{"mapping": [7, 6, 11, 10, 8, 12, 2, 4, 9, 13, 0, 14], "R": [[0.06015310196186652, 0.24751315992947942, 0.9670154290320756], [0.07043080521906608, 0.9653027583043977, -0.25145593348759], [-0.9957013136481034, 0.08323352973198506, 0.04063340408820676]], "T": [0.005328272917996167, 0.08964944028335495, 0.08097439283716458], "aligned_model": [[-0.07418622454971402, -0.6593678348577955, 0.6269626068326096, 0.4896027244482375, 0.13002486226268933, 0.36787126134357534, -0.5233089458469984, -0.09592784996944892, 0.6368795200910569, 0.049871191895012594, -0.41675700767553653, -0.048309707206351415], [-0.5510287081161893, -0.12635429725971434, 0.024913335081932664, -0.39809628343593984, 0.46178066058971123, 0.7099408476609508, -0.3044045352919664, 0.21926024170010863, 0.12233683476025117, -0.6500075653217944, 0.5399687229867848, -0.033634763129695655], [-0.42487289200493117, -0.20819407904297604, -0.5577938466111415, -0.13986222197097797, -0.4965393379418829, 0.17945328465907467, 0.44840462568999534, 0.6229032708544086, 0.024506290858267832, 0.15628149757593596, 0.07854965838453923, -0.02286975657648195]], "inverted": false, "swapped": true, "error_lsq": 0.045440067926445483, "error_max": 0.2835992382588641, "target": "528.xyz", "model": "15.xyz", "model_rescale": 3.769337070930944, "target_rescale": 4.1354962107595234},
{"mapping": [6, 7, 0, 5, 2, 13, 4, 10, 12, 8, 14], "R": [[0.8865351467040087, 0.04992639149937958, -0.45995955158073704], [0.32887278984996127, -0.7672610739413842, 0.5505934366759352], [-0.3254199160389622, -0.6393886141042585, -0.6966233404064427]], "T": [0.12967316182003097, 0.11266157622629946, 0.08264869912400236], "aligned_model": [[-0.3328936267112653, -0.20936571901635737, -0.13442023633681255, -0.7377415981972838, 0.348116885216851, 0.38150865595623606, 0.5482068998883656, 0.22548886834303816, 0.21510758103550684, -0.425443759846745, 0.044062180359636896], [0.061914632080056986, -0.5935346269045214, 0.6501319679496216, 0.27562848976364146, 0.102472582921449, -0.5087842243020329, 0.460228586024334, -0.5617466455035218, 0.5485668541652127, 0.17292718930511153, -0.011740307874009273], [-0.5136344963980743, -0.16027532334218614, -0.0667821373059933, -0.04335983332459359, -0.6397911564131611, -0.24159151814519925, -0.07472142159057088, 0.32177073219082775, 0.6558715958542471, 0.5018935594606184, 0.00483760623786228]], "inverted": true, "swapped": true, "error_lsq": 0.04058673987742102, "error_max": 0.20311908571517745, "target": "528.xyz", "model": "16.xyz", "model_rescale": 3.7852294659196426, "target_rescale": 4.1354962107595234},
{"mapping": [0, 3, 13, 4, 12, 9, 11, 10, 6, 5, 8, 7, 14], "R": [[0.17983293753985743, -0.7157468779332832, -0.6748085071370573], [0.9836499933209608, 0.1375598433235878, 0.11623244015533649], [0.00963354635944852, -0.6846778046888539, 0.7287822024109758]], "T": [-0.007628244757249804, -0.08388753722008058, -0.06049201182096341], "aligned_model": [[0.10964277034674152, -0.5118036764698818, 0.31202177124657554, -0.1348080404442945, -0.646168246750181, -0.5263989455594726, -0.31380903121023135, -0.09739212136954875, 0.7234700935017878, 0.43984068500339635, -0.1453430687739567, 0.5178925286630237, 0.12662113203232517], [-0.09050676121467138, -0.4238145386275692, -0.27510974269802513, -0.6043181343676399, 0.0030078471306672627, 0.10601202271114049, 0.6480344549832477, 0.14410632462905043, 0.02064771919439344, 0.5245470580371828, 0.5623603715623705, 0.27628588323903536, -0.01619688087630773], [-0.6664235382293585, 0.1626297239298225, 0.584492990327777, -0.24411108549457716, -0.39307703657539067, 0.25244441500041975, 0.3508331581870829, 0.6185865486313206, -0.22378480227906028, -0.5342257252577677, -0.2862158727652319, 0.456011177544669, 0.018594744123468204]], "inverted": false, "swapped": true, "error_lsq": 0.039999666124017015, "error_max": 0.2606855364374626, "target": "528.xyz", "model": "17.xyz", "model_rescale": 3.901054581598922, "target_rescale": 4.1354962107595234},
{"mapping": [7, 2, 0, 13, 3, 6, 1, 4, 11, 9, 5, 10, 12, 8, 14], "R": [[0.20902258579223765, -0.670299596674956, 0.7120449489506392], [0.7700563791508034, 0.5616224561598577, 0.3026439982324498], [-0.6027625830771856, 0.48505532409649976, 0.6335602583872815]], "T": [0.07972593517916965, -0.12429837291222336, 0.0656312075903955], "aligned_model": [[0.03922951156753757, -0.6547041625924996, -0.4385448647834152, -0.4008877415602772, -0.5967054462833064, 0.6037845618111677, 0.1703111165600017, 0.620515403379345, 0.5686725141623765, 0.20520599766127362, -0.06647298946985347, 0.7902209145018779, -0.09544359522099549, 0.005973192294673746, 0.08253970212214057], [0.19401294914986456, -0.42944629315807703, -0.2884642733936379, 0.17341888695411645, 0.18946732301925817, 0.08206239353584276, -0.43596932385171416, -0.6991237379933805, 0.5060809983697101, 0.21437811361684211, -0.28757056106196555, -0.15885079214895753, 0.5929886026044284, -0.7679398675073587, -0.07169634571555722], [-0.5146402510554673, 0.2919833232085955, -0.46347129053709774, 0.5215666473285757, -0.09989088683259865, -0.43086001609204955, -0.5510867933553458, 0.01370317418940667, 0.048776531993132435, 0.6167596978048908, 0.6504851329460221, 0.473622338389797, -0.01677106453101458, 0.2095214834683251, 0.0807613726178937]], "inverted": false, "swapped": false, "error_lsq": 0.04415116881664401, "error_max": 0.3006970995874586, "target": "528.xyz", "model": "18.xyz", "model_rescale": 3.9405287249114394, "target_rescale": 4.1354962107595234},
{"mapping": [13, 3, 12, 10, 14, 7, 4, 0, 9, 2, 6, 5, 11, 1, 15], "R": [[-0.26556988463935893, 0.5982897101876159, -0.7559907797428858], [0.5997730041160128, 0.7164593903820061, 0.3563120619163741], [0.7548145334493046, -0.358797107871654, -0.5491080544634597]], "T": [0.0686165527101054, -0.12099543010159314, -0.040216496665730156], "aligned_model": [[-0.05199007651237626, -0.701458869200455, -0.31153131165753045, -0.4041120054015792, -0.5892736218466157, 0.6226090335613389, 0.3015176472609853, 0.3939289751296777, 0.5713847119688814, 0.047207411781393246, 0.42714521769111996, 0.5833455536409496, -0.0015790921442645073, -0.11358084007207307, 0.060081379950593886], [0.36055687223480165, -0.3777961565581124, -0.3701472722516508, 0.24167594215363125, 0.26766844899038483, 0.014838508768726166, -0.5509957697203836, -0.7263863733000127, 0.4550967787196433, -0.055707815127694155, -0.4455793607559647, 0.18236868600563422, 0.5798067955908497, -0.6516636966004907, -0.11038751572994837], [-0.4928656615540301, 0.2175931740889602, -0.3460759790744846, 0.47252244571985313, -0.1661524700295359, -0.4528507428845975, -0.5838356801947935, -0.021564642366785486, -0.10618460962605394, 0.8261578214143717, 0.5293323809032715, 0.5379590055981441, 0.11197421858265122, 0.30722374995787327, -0.002773610991778877]], "inverted": false, "swapped": false, "error_lsq": 0.041789712838904404, "error_max": 0.33248845392601145, "target": "528.xyz", "model": "19.xyz", "model_rescale": 4.410303926677745, "target_rescale": 4.1354962107595234},
{"mapping": [6, 0, 2, 5, 13, 8, 7, 4, 12, 9, 11, 10, 3, 14], "R": [[-0.9731183858604167, 0.20866606832053966, 0.09746321886776141], [-0.14823855255715898, -0.8913784723949516, 0.4283336905808376], [0.17625532229176996, 0.4023715830951413, 0.8983491361833293]], "T": [0.13159287442024697, -0.06271274189865587, 0.03646933227610026], "aligned_model": [[-0.23623857244134838, 0.1411243273820622, 0.40655606420055007, -0.5625410147632584, 0.12989346557764006, -0.3890725768069547, -0.445712781975603, 0.6734468606944244, 0.3280122913625829, 0.1343895376923438, -0.4536662220405399, -0.09764961247117449, 0.6219337638089657, 0.010712359241182565], [-0.0003353855046866888, -0.5815567844175583, 0.2586568161531713, -0.4878537496342194, 0.676178114025545, -0.4562989675047061, 0.5036325355885845, -0.15903316425852804, -0.5938379628755659, 0.01679387946755649, 0.05742037609183821, 0.4839654832748755, 0.05461962890532686, 0.038597646869568986], [-0.6214866142456731, -0.2976853186753693, -0.5887167777487503, -0.32723109181246524, -0.05725970611165247, 0.2845627918246924, -0.100072699668606, -0.09715441146100227, 0.489484070389289, 0.6663780287854498, 0.7010629645942176, 0.44850967760195415, 0.4430716787375368, -0.026647553484599434]], "inverted": false, "swapped": true, "error_lsq": 0.04678361015659406, "error_max": 0.39858274883287587, "target": "528.xyz", "model": "20.xyz", "model_rescale": 4.121658175737393, "target_rescale": 4.1354962107595234},
{"mapping": [11, 8, 12, 10, 3, 7, 0, 13, 6, 2, 4, 1, 14], "R": [[0.4228579955571584, -0.06462757104502237, -0.9038884846341406], [0.4957047375553354, -0.8184933300847127, 0.2904229360295668], [-0.7585960247447772, -0.5708694646481438, -0.31407025579281356]], "T": [0.020971644901844486, 0.07686766677001644, 0.06932370671070179], "aligned_model": [[0.2752171075506941, -0.2111339150492606, 0.2592873723029367, 0.4323687681683192, 0.6290077672350654, -0.1573306678261856, -0.43277116699356666, 0.23836352462284022, -0.6456221836905235, -0.18921523668703905, 0.15918185933981327, 0.5732288074271286, -0.04949913173592713], [-0.3951878223189145, 0.05401960306718855, 0.6055710027417166, -0.5008632169337653, 0.28398826133378324, -0.7233196205844918, 0.49410938700959733, -0.49912594716184544, -0.1892059554960399, 0.0096897594784838, 0.4931618903124238, -0.015466005596078872, -0.07654443168887437], [0.7842836580992297, 0.7274710828993839, 0.5047262070057549, 0.20410456156112652, -0.013860873822479386, 0.04521745942081437, 0.1005667435378004, -0.34986580286341795, -0.1693275674764406, -0.6525138264811248, -0.288916055411476, -0.5721725154468679, 0.05039666845948557]], "inverted": true, "swapped": true, "error_lsq": 0.045533662564768825, "error_max": 0.2812356144770664, "target": "528.xyz", "model": "21.xyz", "model_rescale": 4.08911054899281, "target_rescale": 4.1354962107595234},
{"mapping": [1, 3, 15, 4, 2, 8, 11, 9, 6, 13, 12, 7, 0, 14, 16], "R": [[0.11704447504330784, -0.7319792624587392, 0.6711981452538416], [0.38282335041705706, 0.6568673183971115, 0.6495934177600995], [-0.916377036616095, 0.1809190021864711, 0.357101444145156]], "T": [0.14710650872736206, -0.11940960713188489, 0.02029286231563389], "aligned_model": [[-0.09364922026683611, -0.5265115943703894, -0.3117231531649056, -0.3612617820245515, -0.5306473896528997, 0.5162651016827217, 0.23586967800892839, 0.42700813931907133, 0.6972626060846899, -0.033383715151024645, 0.23822790019867895, 0.5020284567611438, 0.1181049946531271, -0.1790168910419848, 0.13512098311427748], [0.31627494310508286, -0.29839149732219594, -0.4771988572557765, 0.2716437127060929, 0.036474933389102765, 0.1372395342088327, -0.3122004081696059, -0.7718501753577854, 0.3834607506969321, -0.02080297898637405, -0.5181258505123029, 0.14587620666774057, 0.6395394252664476, -0.6332718696981109, -0.08531979631866572], [-0.5979417476079153, 0.5384462734376375, -0.41898974803649935, 0.29402844251929156, -0.17362333770430022, -0.5075472361577247, -0.7151293545589812, 0.07965609746741023, 0.024007739035104156, 0.6483294679353548, 0.634859177138553, 0.5765751969353929, 0.17272211338743876, 0.22379148437550306, 0.05127483137679921]], "inverted": true, "swapped": false, "error_lsq": 0.042807691075687195, "error_max": 0.2814838550079644, "target": "528.xyz", "model": "22.xyz", "model_rescale": 4.204369325754507, "target_rescale": 4.1354962107595234},
{"mapping": [13, 3, 12, 10, 14, 7, 4, 0, 9, 2, 6, 5, 11, 1, 15], "R": [[-0.26556988463935893, 0.5982897101876159, -0.7559907797428858], [0.5997730041160128, 0.7164593903820061, 0.3563120619163741], [0.7548145334493046, -0.358797107871654, -0.5491080544634597]], "T": [0.0686165527101054, -0.12099543010159314, -0.040216496665730156], "aligned_model": [[-0.05199007651237626, -0.701458869200455, -0.31153131165753045, -0.4041120054015792, -0.5892736218466157, 0.6226090335613389, 0.3015176472609853, 0.3939289751296777, 0.5713847119688814, 0.047207411781393246, 0.42714521769111996, 0.5833455536409496, -0.0015790921442645073, -0.11358084007207307, 0.060081379950593886], [0.36055687223480165, -0.3777961565581124, -0.3701472722516508, 0.24167594215363125, 0.26766844899038483, 0.014838508768726166, -0.5509957697203836, -0.7263863733000127, 0.4550967787196433, -0.055707815127694155, -0.4455793607559647, 0.18236868600563422, 0.5798067955908497, -0.6516636966004907, -0.11038751572994837], [-0.4928656615540301, 0.2175931740889602, -0.3460759790744846, 0.47252244571985313, -0.1661524700295359, -0.4528507428845975, -0.5838356801947935, -0.021564642366785486, -0.10618460962605394, 0.8261578214143717, 0.5293323809032715, 0.5379590055981441, 0.11197421858265122, 0.30722374995787327, -0.002773610991778877]], "inverted": false, "swapped": false, "error_lsq": 0.041789712838904404, "error_max": 0.33248845392601145, "target": "528.xyz", "model": "23.xyz", "model_rescale": 4.410303926677745, "target_rescale": 4.1354962107595234},
{"mapping": [12, 1, 7, 3, 0, 6, 13, 9, 5, 4, 10, 8, 2, 11, 16], "R": [[-0.29245160355011, -0.031637940916184604, 0.9557568206795877], [-0.917705918037764, -0.2717169601938662, -0.2898029357019522], [0.26886410615668693, -0.9618570238021809, 0.05042973510714588]], "T": [0.15411314480805618, -0.2062984049591567, -0.00023301423051717146], "aligned_model": [[0.0024467428993330265, -0.6303512976259964, -0.3869583367602445, -0.3904199352618617, -0.3860106469503677, 0.5889488723138597, 0.16362450442274518, 0.5586700198525516, 0.4192267644864033, 0.25077689688555327, 0.10111297650519027, 0.5962014488890377, -0.14527195047031047, 0.027287911816521043, 0.06441014314763262], [0.3080930872018281, -0.4185621800038638, -0.3762900146784409, 0.22547152265031983, 0.29707850881523507, -0.035242657330638055, -0.3581022269370643, -0.5742957425814408, 0.35625362903891017, 0.26753164970802124, -0.408712847267034, -0.10367362065128803, 0.6179939085159913, -0.8239009620970064, -0.16029398196411565], [-0.5990439444147907, 0.2752574174195462, -0.34704045524184907, 0.571001997787949, -0.1591788645747114, -0.5998628259039733, -0.686565118608796, 0.3052693228890657, -0.09431814128902216, 0.4896910322496997, 0.6162110805426212, 0.6851375076735249, 0.25236290388640603, 0.05637023924660079, 0.06516724788079434]], "inverted": false, "swapped": false, "error_lsq": 0.04462684529847102, "error_max": 0.2839089654203643, "target": "528.xyz", "model": "24.xyz", "model_rescale": 4.28219845311461, "target_rescale": 4.1354962107595234},
{"mapping": [1, 6, 0, 10, 8, 7, 4, 13, 9, 11, 14, 12, 5, 2, 15], "R": [[-0.8538111415252532, 0.3393327452826607, -0.3947908592992964], [0.4663165339751671, 0.8356504741898518, -0.2902364124772467], [0.23142045015238139, -0.431904587802918, -0.8717241549286452]], "T": [0.13174313336324847, -0.06382469868082832, -0.0062736055116693265], "aligned_model": [[-0.2362196952233915, -0.6868829785796471, -0.42696628819792937, -0.34054911044805714, -0.46595780006399834, 0.7987316101743127, 0.18229743002406448, 0.581418291414774, 0.6278760530102048, 0.1960332849232797, 0.0008875268471782716, 0.6150723129635134, -0.09959659893588199, 0.0020701835003259783, 0.0854798927412986], [0.24254103361336907, -0.3756769129687517, -0.4970549810146494, 0.0948398736694109, 0.272574845786706, -0.1305071192748108, -0.3957549426288173, -0.439885116168345, 0.3950726757294353, 0.21628963031222756, -0.4026542966418424, -0.08339621250592524, 0.7554302566282506, -0.7322977459424822, -0.10617291617436103], [-0.4312686568958358, 0.20537851531398674, -0.4133478945100507, 0.611359302245419, 0.10112750058625253, -0.40152774190395096, -0.6558235645352002, 0.0900968856537003, -0.018063842185399685, 0.4561978102036727, 0.6632157063399224, 0.5856974750543943, 0.01789098377569707, 0.06520181366503713, -0.04567489326457969]], "inverted": true, "swapped": false, "error_lsq": 0.0497954697343601, "error_max": 0.30613383523332716, "target": "528.xyz", "model": "25.xyz", "model_rescale": 4.100010024507729, "target_rescale": 4.1354962107595234},
{"mapping": [13, 7, 8, 5, 3, 12, 9, 0, 6, 4, 2, 14], "R": [[0.5362465060886523, 0.6026252696956717, -0.5910012428345073], [-0.6671512655357369, 0.731536444092151, 0.14058314215821177], [0.5170579015949546, 0.3189000082929295, 0.7943260735422147]], "T": [-0.048483867379468706, 0.1254515564288475, -0.007018310934047277], "aligned_model": [[-0.6722272245061003, -0.2526996510558911, 0.4819647879885652, 0.7067564040050098, -0.451852725744168, 0.23652609857189855, -0.24106606741860187, 0.4632877457409725, 0.19173681313573077, -0.1846211163874109, -0.33151717580410256, -0.06952228616289538], [-0.2685842830341223, -0.6659452224350827, -0.029976809778182484, -0.34130254327446574, 0.5907385476874198, 0.6847565324600045, 0.2794345755602718, 0.2877287212006985, -0.4046844970539062, 0.5743562501914028, 0.0018144918845419689, -0.04220437335794003], [-0.10913441767053467, 0.061242752839906885, 0.4196188191375036, -0.0882431466856852, 0.19380031633955372, 0.35608526072655666, 0.5780589627246503, -0.3114936918815545, -0.4900780638683019, -0.3243350240860896, -0.6957467358866288, -0.0245827418350198]], "inverted": false, "swapped": true, "error_lsq": 0.04814273327038299, "error_max": 0.30105768585248904, "target": "528.xyz", "model": "26.xyz", "model_rescale": 3.6694154284099745, "target_rescale": 4.1354962107595234},
