[{"mapping": [8, 1, 3, 11, 10, 9, 0, 7, 2, 6, 12, 13], "R": [[-0.2782739027963721, -0.19296765971906607, 0.940918230945188], [0.012659559212464463, -0.9802629043214293, -0.1972926100285124], [0.9604183310323797, -0.042989774526778865, 0.275224469666335]], "T": [0.09172111941792717, -0.10893849212691198, 0.11340946947697236], "aligned_model": [[-0.3367168382405587, 0.1459917549063649, 0.4356483487777433, -0.11749886615155532, -0.05144106542785147, -0.464069272131444, 0.5709203327150255, -0.4153204939906937, 0.47314754499791545, 0.06327534523338503, -0.5207951268058916, 0.05450079857810932], [-0.226994635962819, -0.6896747176021446, -0.2837450279262212, 0.6125476460110918, 0.336455007001963, -0.6661161252207204, -0.407445787828528, -0.401042552968112, 0.28787480820521855, 0.31626808302937737, 0.20220863641582842, -0.02678029717787682], [-0.45264320931058954, 0.05235478061765375, -0.5004204000208233, -0.050034923868406245, -0.6633647987890701, -0.03585469110448877, 0.40205297348104974, 0.6357473645046768, -0.15932660972734117, 0.5969828665903546, 0.28960171406356416, 0.06685667891698284]], "inverted": true, "swapped": true, "error_lsq": 0.04721936637826115, "error_max": 0.2722518792393176, "target": "53.xyz", "model": "0.xyz", "model_rescale": 3.751011558992144, "target_rescale": 4.091630678747565},
{"mapping": [9, 5, 12, 13, 10, 11, 6, 4, 2, 8, 3, 7, 1, 14], "R": [[-0.025104636183286677, 0.9211865120060447, -0.38831065828823497], [0.9868274263849921, -0.03926186223586359, -0.15693991432438564], [-0.15981673184143852, -0.38713552700819076, -0.9080664600961829]], "T": [-0.017711477394708266, 0.023875874528011834, 0.10429173167913289], "aligned_model": [[0.1173349252343133, 0.17791982924127783, 0.39494209724693474, 0.6262010105882959, -0.5816435104633012, -0.22115435324326452, -0.517642564477807, -0.7339349346075832, 0.5754652226555933, -0.16523052741435204, 0.6741916247502494, 0.014519144486631597, -0.350934184618235, 0.0030410077172351446], [-0.12026948156798493, -0.5236829875115866, 0.556676236760795, -0.15388458327912058, -0.20514216098484578, 0.5301738422573166, 0.5838125608187734, -0.27057556863869625, -0.4369913454512167, -0.5320207508658769, 0.27681669252526175, 0.6526398189899854, 0.25955869459413944, 0.04973819695927887], [-0.5243370990208379, -0.12372960824635956, -0.20846361266737098, -0.18080496377754038, -0.4452400231975219, -0.4779490716542655, 0.08799569584910633, 0.2652149334397502, 0.4499518393776645, 0.43540398439241035, 0.30602653122011847, 0.3123641059987593, 0.6691826814669104, 0.06065359373183683]], "inverted": false, "swapped": false, "error_lsq": 0.04634811479804217, "error_max": 0.27497221653768295, "target": "53.xyz", "model": "1.xyz", "model_rescale": 3.9405287249114394, "target_rescale": 4.091630678747565},
{"mapping": [7, 6, 12, 2, 11, 9, 0, 5, 10, 8, 3, 1, 13], "R": [[-0.06895946663578295, -0.8452348639454732, 0.5299269918888696], [0.96566062045107, 0.07682017104435929, 0.24818990195165133], [-0.2504878401666701, 0.5288446710441479, 0.8109125451223727]], "T": [-0.04376750745316539, 0.034987129583758415, 0.08628908261767182], "aligned_model": [[-0.5396784416259817, 0.3004154893097316, -0.21540643859147407, 0.4712716504131058, 0.3165474692768597, -0.8424301920773595, 0.10013488442945064, 0.7569808067876649, 0.09075750344789495, -0.4865020951945287, -0.007168327356722903, -0.43384071379788547, -0.015098315736823728], [0.6114668514589119, 0.4686868518786702, 0.20562080766545085, -0.2992263143531477, -0.19759699072542228, -0.02292191168717035, 0.33092841490482544, 0.18629783299157562, -0.7786613819269513, -0.4921320548937354, -0.571819889281208, 0.036748100729001795, -0.018557723188783674], [-0.10605522404228765, -0.243704310712413, -0.5803867154753624, 0.10547037838151993, -0.5517603387652412, 0.06593907228187107, 0.6282894712414981, 0.19909306340478322, -0.2907098102650553, -0.12357616461449988, 0.4813537793616814, 0.5242015546481248, 0.004965594144025212]], "inverted": true, "swapped": true, "error_lsq": 0.05471087479605266, "error_max": 0.30770179832610434, "target": "53.xyz", "model": "2.xyz", "model_rescale": 3.932901565614263, "target_rescale": 4.091630678747565},
{"mapping": [10, 12, 2, 6, 11, 1, 3, 8, 5, 9, 4, 0, 7, 13], "R": [[-0.10920431055739277, 0.9468275523914882, 0.3026417099278092], [0.1725925820402272, -0.28177699619789254, 0.9438291821290441], [0.9789209463385551, 0.15530392926786019, -0.1326441494133515]], "T": [-0.08810532218039646, 0.09412734095371582, 0.05723524132981482], "aligned_model": [[-0.0021991306158293256, 0.20680741421091142, 0.5741054502928903, 0.5163989918453299, -0.7616508259007808, -0.01218575434631329, -0.4922003593078749, -0.7409283889230311, 0.4169619148898356, -0.16963266217231682, 0.5767377626325146, 0.013949719286876078, -0.0901942712098624, -0.022895073586360948], [-0.2260662152941148, -0.5800798420259772, 0.5666072487500514, -0.08090377489548277, -0.17598069961034962, 0.5623365457424612, 0.3936012519147251, -0.14185249601511363, -0.3375322013529487, -0.5386631527031214, 0.4396810029638226, 0.7478749439559476, 0.033978036623339494, 0.0038485165529829196], [-0.5777778712036759, -0.1467278987036551, -0.12287439952096986, -0.20852951083011495, -0.4634247237223518, -0.5117858309365207, 0.1450307748373812, 0.2958191586520331, 0.33178361817533497, 0.4215461296658943, 0.5064598441574344, 0.16282486782293423, 0.7686565263836614, 0.025268302135275103]], "inverted": true, "swapped": false, "error_lsq": 0.054572801495672556, "error_max": 0.3494905881503777, "target": "53.xyz", "model": "3.xyz", "model_rescale": 3.9243930471874484, "target_rescale": 4.091630678747565},
{"mapping": [1, 3, 9, 7, 12, 0, 4, 8, 11, 2, 6, 5, 13], "R": [[-0.3633393950829633, -0.16333032927302876, 0.9172282635856301], [0.5939749685877911, 0.7178699053956256, 0.363120552459384], [-0.7177591662054057, 0.6767466309238929, -0.16381628997532988]], "T": [-0.007630397837394144, -0.057067354522947575, -0.14402890503368704], "aligned_model": [[-0.08191243855469746, -0.4094487333390249, 0.5182078249963818, 0.5365214961279262, 0.6259171211614867, -0.46651807410349866, -0.12436783237011154, 0.3652863506475491, 0.20442068022800272, -0.4017090683082945, 0.07479204074122595, -0.5913371868385774, 0.027353705922984202], [-0.46597708005334665, 0.18826403454655616, -0.3683816549284538, -0.5962158552595982, 0.09234175927557058, -0.4890072914981958, -0.6185833313757819, 0.2305193098813147, 0.6093555368363707, 0.4076031346796711, -0.03877329537664797, 0.13948728111318226, 0.037197005840946276], [-0.5577952101876638, -0.6953771684143586, -0.6619161838528876, 0.024703033606531588, 0.13762132561645057, -0.07400351369372334, 0.42641359774974463, -0.6882154364535681, 0.17525809715496032, -0.06582903102463172, 0.49497414115590743, 0.4013793727643262, -0.13014270905012368]], "inverted": false, "swapped": true, "error_lsq": 0.04620328418528327, "error_max": 0.2785270036907355, "target": "53.xyz", "model": "4.xyz", "model_rescale": 3.8936222436046832, "target_rescale": 4.091630678747565},
{"mapping": [3, 8, 1, 0, 7, 12, 11, 6, 5, 2, 4, 13], "R": [[0.15078241689333355, 0.43566125197678246, -0.8873916476290657], [-0.9561342101903767, -0.16377582570640786, -0.24286797034152], [-0.2511414638394666, 0.8850857316894265, 0.3918561122406578]], "T": [-0.12652063733341934, -0.07439403233482662, -0.10754899432148876], "aligned_model": [[0.08775288905527154, -0.6346458457535812, -0.22680979251035085, 0.29343735952026895, -0.6251190077517372, -0.6165152705008436, -0.16646168467358236, 0.009610611135385305, 0.6188975714200271, 0.30703784623413954, 0.12760647929167201, -0.14724311325157197], [-0.6642347099646865, -0.5752370941552633, -0.023833434879804417, 0.23340167882966406, 0.528919096038949, 0.0791992864308292, -0.3614571977233628, 0.3170604810601539, 0.0207197592765528, -0.44544747884662533, 0.6933177706825372, -0.13348525163913683], [-0.47059885817363056, -0.2017666774645759, -0.683147163034816, -0.46942002809289307, -0.15918029120580268, 0.38168177580508944, 0.6045105336798638, 0.3860952816038983, 0.2272981208084304, 0.11977954218297246, -0.08830150181611165, -0.027666015016906007]], "inverted": false, "swapped": true, "error_lsq": 0.04459839716296495, "error_max": 0.2915758583941642, "target": "53.xyz", "model": "5.xyz", "model_rescale": 3.6523030999806103, "target_rescale": 4.091630678747565},
{"mapping": [4, 6, 5, 0, 2, 7, 11, 1, 12, 8, 10, 3, 13], "R": [[-0.4548364209985566, 0.18854432297710944, 0.8703877689893897], [-0.5002321880038009, -0.8626777473408164, -0.07453094879246236], [0.7368117725838492, -0.4692953680956995, 0.4866931982941287]], "T": [0.09793771148938867, -0.12501409686516815, -0.011995842272240105], "aligned_model": [[0.13092399347225342, -0.18129654457588185, 0.43691873144524584, 0.5824678988960997, 0.3569615646788771, -0.3644904453643512, -0.3201012554683529, 0.37021963305018046, -0.6078481584913823, -0.1325449187990826, -0.034046068874153276, 0.6000243761898312, 0.04389409850501112], [-0.5038548511832545, 0.0071120905725464145, 0.32479532047898285, -0.4009638722902731, 0.4302267345131706, -0.7361985779923969, 0.5176862226676916, -0.5798721983289837, -0.08528955477462072, -0.06418386475999094, 0.5819546218385112, 0.0914370408136515, -0.04202220739185164], [0.7019537763513354, 0.5537107290646365, 0.5876547943362109, 0.2898911944647708, 0.03211929118677704, 0.15493703779637633, 0.044652555589378105, -0.26278300943025734, 0.045629334796071945, -0.6910314906883537, -0.5642861251595565, -0.48811374664938667, -0.03422460217621422]], "inverted": true, "swapped": true, "error_lsq": 0.04472242767853321, "error_max": 0.2560186399252991, "target": "53.xyz", "model": "6.xyz", "model_rescale": 4.08911054899281, "target_rescale": 4.091630678747565},
{"mapping": [1, 9, 13, 11, 0, 2, 6, 3, 10, 8, 12, 7, 4, 14], "R": [[0.2157621148555007, 0.35020349397857875, 0.9114846255413624], [0.7662947444199459, 0.5178136379658627, -0.38034379318049727], [-0.6051768951864009, 0.7805296593607155, -0.1566345312847519]], "T": [0.05885397347802782, 0.08183012677194167, 0.1273063496320796], "aligned_model": [[0.06371167125914778, -0.053532991164504405, 0.5250810509187844, 0.5535548645059707, -0.7082219180114049, -0.2138721741979879, -0.39249971400122646, -0.6608808963224804, 0.5179729124514563, -0.03544577573169375, 0.7047393907812192, -0.040557660396768745, -0.3243256060661229, 0.07735163307159906], [-0.04387006819497176, -0.614392690342088, 0.49160696001168047, -0.19662630903066064, -0.010071833814087619, 0.5883968657752873, 0.2906935031516871, -0.24423901628638756, -0.20526327919699894, -0.5089925474296033, 0.33124472013413336, 0.8453813980384955, -0.0035634948687458673, -0.05345504334151767], [-0.5952736961849514, -0.21503889572125262, -0.2607784111518059, -0.021905260953113875, -0.4091680574369109, -0.4376273903769336, 0.08489284636239051, 0.1732635841466364, 0.6027662055894988, 0.4546977029591074, 0.29649945334571226, 0.20727976856002073, 0.7127385223948259, 0.03392261537943653]], "inverted": false, "swapped": false, "error_lsq": 0.049667791949134114, "error_max": 0.28751612031357265, "target": "53.xyz", "model": "7.xyz", "model_rescale": 3.964800864290218, "target_rescale": 4.091630678747565},
{"mapping": [7, 1, 9, 8, 2, 12, 4, 0, 5, 3, 10, 11, 6, 13], "R": [[-0.09707483248155875, -0.5939226379897591, 0.7986440865504252], [0.15117605818722796, 0.7843242088407769, 0.6016488468012394], [-0.9837287615647157, 0.17914082591518588, 0.013648742095002248]], "T": [-0.057575809793449555, 0.016002913781779114, 0.06461146441744006], "aligned_model": [[-0.02782366381502209, -0.033927353525495745, 0.45493471542024655, 0.623134735633641, -0.627000578729396, 0.024157482205073556, -0.5814301941891789, -0.521624420414099, 0.6252160331981875, -0.13219411918361737, 0.6007971211671013, -0.03932709835144559, -0.37131110176729987, 0.0194732294472928], [-0.10234513175318735, -0.6250345251680764, 0.4548027876051565, -0.07224758110200921, -0.0980358775370937, 0.5340079196021563, 0.48365796108428477, -0.488736237140848, -0.3831152910837546, -0.32620358150826356, 0.21587613308654305, 0.8151783713181112, 0.242849250745901, 0.01619496645730241], [-0.6367883608530291, -0.32478761564458025, -0.07193288393277067, -0.2816580619697372, -0.25375831170910523, -0.47913978405256086, 0.020241027235632196, 0.27211242593254636, 0.33585062209453154, 0.699662264107879, 0.5137548635567297, 0.2839716638520249, 0.49660304900512797, 0.05213808928997122]], "inverted": false, "swapped": false, "error_lsq": 0.05601513087954809, "error_max": 0.43357144035215506, "target": "53.xyz", "model": "8.xyz", "model_rescale": 4.121658175737393, "target_rescale": 4.091630678747565},
{"mapping": [12, 11, 8, 9, 6, 4, 2, 0, 3, 5, 7, 1, 13], "R": [[0.8741429930078437, -0.4340834574156127, -0.21782006283489438], [-0.33386510099099076, -0.8628077178357818, 0.37960102263203405], [-0.3527153556560373, -0.25910305679616846, -0.8991426382078191]], "T": [0.01888377228392696, -0.01999377327851816, -0.044245287736519985], "aligned_model": [[-0.4941993151547243, -0.27288702440966855, 0.3712135021008663, 0.20268159627532584, -0.5814082437654651, -0.506282728364978, 0.1853085208138523, 0.10626223794980537, 0.7180460959098709, -0.17819322941990157, -0.44277973531889175, 0.3658950560822326, 0.0030807637368730142], [0.1506766265128635, -0.47339844282748644, 0.23330826480318823, 0.7231266246636333, -0.24184379499403635, 0.058637670316141796, -0.6082341346240582, -0.03491080503020204, -0.20795945930282544, -0.7316042951084544, 0.6101206450204161, 0.38083740122984006, -0.06836886124731024], [-0.503211250047935, -0.5922629219701272, -0.6183653194488179, -0.28008442327393573, 0.03246903526157969, 0.5659593603435338, -0.1043116070158408, 0.5836050526448466, -0.08260306192035444, 0.31850621181527233, 0.026997131295739073, 0.20644392014078233, -0.1320666938656538]], "inverted": false, "swapped": true, "error_lsq": 0.0470453878819626, "error_max": 0.3586887589759197, "target": "53.xyz", "model": "9.xyz", "model_rescale": 3.833441315466971, "target_rescale": 4.091630678747565},
{"mapping": [5, 2, 0, 13, 4, 1, 6, 3, 8, 9, 10, 12, 7, 14], "R": [[0.40815380657614764, -0.5390998836627319, 0.7367372568373542], [0.6745396773587877, -0.36570147719967394, -0.6412945136539674], [0.6151477008378581, 0.7587053084095334, 0.214381811600452]], "T": [-0.012617156740032028, 0.1544017733608778, 0.10364189985346989], "aligned_model": [[-0.004545870491858436, 0.08117102978128973, 0.4862824077764465, 0.5212394400823294, -0.6874029195111802, 0.014979373101351194, -0.5387418471397356, -0.5907767009275232, 0.4449222209969238, -0.006176288385843361, 0.7217097545754076, -0.02347686449045186, -0.3632511538655508, -0.04285779440561688], [-0.07826485481057349, -0.5342638919912156, 0.37393718132014736, -0.23245877624242006, 0.012048571972200495, 0.6608273036848942, 0.5431890106860081, -0.48959127100558786, -0.19949106086492685, -0.5608432384451629, 0.3534932998891087, 0.7478294993165816, 0.00014796256745641667, 0.07028942852971201], [-0.531366994525686, -0.0796437579646877, -0.30467953098391753, -0.3447135290247089, -0.29674831044892147, -0.4333688511474549, -0.07875015668908977, 0.17662374704957517, 0.6261138532446986, 0.48612486004141736, 0.41489853818019706, 0.20730316612679944, 0.6487799912553689, 0.1356959617990703]], "inverted": false, "swapped": false, "error_lsq": 0.041711545240306055, "error_max": 0.24908375403881547, "target": "53.xyz", "model": "10.xyz", "model_rescale": 4.2482417240324, "target_rescale": 4.091630678747565},
{"mapping": [3, 8, 7, 12, 0, 4, 1, 6, 11, 5, 2, 13], "R": [[-0.807632974951227, 0.26252923008670653, 0.5280221407493365], [-0.5096910404792349, 0.13952951481777115, -0.8489679368208864], [-0.29655357193368276, -0.95478265476746, 0.021120159293328056]], "T": [-0.06543491509000518, -0.003259137241406092, 0.023022109337822123], "aligned_model": [[-0.7550124258782608, -0.18507361450079787, 0.5013012914137309, 0.5742255106973484, -0.31270174697847164, 0.2873398529290807, -0.3569067571026189, 0.42199253860896146, 0.23827253394411022, -0.14806248678374523, -0.34881815486309353, -0.039790939123236675], [-0.2113925160082668, -0.7061527469564333, 0.037937425900229936, -0.3012354455039697, 0.5421799487373871, 0.69742716778596, 0.003429961627200488, 0.3195763282213021, -0.2830321172853135, 0.5829485993430332, 0.049097626149928346, -0.06465284196041865], [-0.0594019526775836, 0.12069056303514802, 0.563730692673598, -0.04823133925750612, 0.2313700907291987, 0.22030651029308168, 0.531870772259665, -0.24835357793149487, -0.6254516253974914, -0.5482490204869426, -0.5194579281694005, -0.05363089521591594]], "inverted": false, "swapped": true, "error_lsq": 0.050581321802389945, "error_max": 0.27583333576601726, "target": "53.xyz", "model": "11.xyz", "model_rescale": 3.6694154284099745, "target_rescale": 4.091630678747565},
{"mapping": [4, 11, 0, 6, 3, 1, 2, 8, 7, 9, 5, 12, 10, 13], "R": [[0.23481971835183874, 0.971655952762386, -0.02728386582916148], [0.6679836057234039, -0.14091309576455952, 0.7307129408507893], [0.7061569247397663, -0.18981098204126287, -0.6821394203083473]], "T": [0.06240529940714754, 0.049982641191290346, 0.0825839751905521], "aligned_model": [[0.0032210410778946777, 0.06216656723532286, 0.4346612466091837, 0.5487805573472644, -0.5763194314159653, -0.32833537087164943, -0.5356759729588871, -0.5890410554926396, 0.4103583228080802, -0.16446354192491638, 0.7861383938724344, 0.06096825691886717, -0.18751331068271795, 0.0881290845737166], [-0.07993294088978062, -0.6619840816150887, 0.44502694657226327, -0.17502282102550337, 0.016144790398520605, 0.6289823531200861, 0.3101910969039103, -0.33458234964050226, -0.15431729596987992, -0.5628432546515335, 0.3184961459772557, 0.6662216320466362, 0.13026121025166118, 0.12020773312817748], [-0.6435687737878191, -0.1126901335140309, -0.38228522252450214, -0.09815474199522953, -0.4937272416810177, -0.3954898227507391, 0.11264931425392866, 0.06454884764972285, 0.706567586875696, 0.5491257387092928, 0.30322326951488515, 0.3689682298641656, 0.6610516294192148, -0.01394969312090727]], "inverted": true, "swapped": false, "error_lsq": 0.04893977631492641, "error_max": 0.3099494642174416, "target": "53.xyz", "model": "12.xyz", "model_rescale": 3.9764082729961374, "target_rescale": 4.091630678747565},
{"mapping": [12, 13, 8, 11, 9, 1, 0, 5, 14, 6, 3, 7, 4, 15], "R": [[0.5250822601720855, -0.21315650772435923, -0.8239253141318876], [0.8416993017372728, -0.013061234783847187, 0.5397885600871035], [-0.12582092634995912, -0.9769307587340448, 0.17255546103140812]], "T": [-0.0236535392852975, 0.04547713816664838, -0.0312659416994862], "aligned_model": [[-0.15410936130543074, 0.1927587735997602, 0.4879471976947473, 0.7532977005539963, -0.5712588834993875, -0.07360207417020338, -0.5569764816287163, -0.780999291260318, 0.5552458891535612, -0.05378367789238099, 0.6250080316099231, -0.06662961864208343, -0.34861217963505103, 0.004788762517571609], [-0.2746647791521756, -0.5160274726234056, 0.4985977888131287, -0.05957803068097201, 0.11593932009504257, 0.3186728088893436, 0.5149601783152319, -0.25091121470140076, -0.35128693803548305, -0.5450207353303722, 0.36254586904057345, 0.6593170864693596, 0.13018067734484526, 0.06412460616250654], [-0.5676463722007737, -0.14243621236637227, -0.211818423066357, -0.15718210889017242, -0.2693050024094461, -0.6023980171620918, 0.11793274356705045, 0.17221688825005488, 0.35117589592252546, 0.4525348869916665, 0.4013413093485684, 0.4073537949675203, 0.603628470224225, 0.07087113373626269]], "inverted": true, "swapped": false, "error_lsq": 0.04404330951595684, "error_max": 0.2912346196905486, "target": "53.xyz", "model": "13.xyz", "model_rescale": 4.170626492500431, "target_rescale": 4.091630678747565},
{"mapping": [0, 2, 8, 4, 1, 7, 9, 3, 5, 6, 12, 10, 11, 13], "R": [[-0.49870582070509306, -0.8449394236643264, 0.19331289334303517], [-0.6162498271856189, 0.1887982593630163, -0.7645857491185604], [0.6095315044266002, -0.5004324006289875, -0.6148485646987837]], "T": [-0.0011085296585361581, 0.004511912346394732, -0.018909788407290365], "aligned_model": [[-0.10602152416905372, 0.059635853477898244, 0.5294086806243311, 0.6676047293382182, -0.6558509822014007, -0.07258702817410848, -0.6096755825759121, -0.5427167565327717, 0.40375121275498566, 0.04400743205783029, 0.5370450333046636, 0.010943606522760963, -0.2504856881381946, -0.0019841991932582088], [-0.06929760947490679, -0.5926597780801977, 0.4410063639824169, -0.1974252474671444, 0.16955433901104344, 0.5895603438696619, 0.47393094127920254, -0.3846687246507117, -0.11823356774948976, -0.5941668529190737, 0.33997179052956067, 0.5550876818167919, 0.06768797114937383, -0.013498486690304866], [-0.6014935374075775, -0.28840609507356835, -0.3010097283037318, -0.14182069647244777, -0.3861805170723244, -0.5757212106239439, 0.2372119713928444, 0.15622605829051261, 0.7862249608397623, 0.5701891447514015, 0.346553662549877, 0.10376609781480566, 0.6394817892680923, 0.08124708695895803]], "inverted": true, "swapped": false, "error_lsq": 0.04970504217596223, "error_max": 0.30951626160590817, "target": "53.xyz", "model": "14.xyz", "model_rescale": 3.9786697098870705, "target_rescale": 4.091630678747565},
{"mapping": [0, 1, 4, 5, 7, 12, 3, 8, 6, 2, 9, 13], "R": [[-0.5373113048809146, 0.842717081066857, 0.033533310682445805], [-0.46683151263236405, -0.3302922561615662, 0.8203507568918806], [0.7023993881407841, 0.4251293294961651, 0.5708766528258038]], "T": [0.031911346863052824, -0.025871630409729805, 0.03945041847058961], "aligned_model": [[-0.07078394231468715, -0.4897748928336277, 0.39646324506040337, 0.5573117618986205, 0.07969836409033715, 0.4001037667713159, -0.45452200846412644, -0.3666811238490897, 0.6519991809098068, 0.20989059665304272, -0.5066404288413358, 0.07629007768667717], [-0.38183368900135783, -0.0003904089853074069, -0.031264906889487985, -0.6505892627777325, 0.6181039897442142, 0.5536990288484929, -0.4585759470976402, 0.28826416080543854, 0.03601922552446694, -0.5128882183195883, 0.5665831977305553, -0.012452679357614585], [-0.47513509865879133, -0.22723613003365067, -0.682633576611437, -0.06301817913711139, -0.40581877909619957, 0.21711467314793947, 0.35848010029619387, 0.549700081666719, -0.1252117327354899, 0.3687984290851628, 0.015182635472855921, 0.12974407047763895]], "inverted": false, "swapped": true, "error_lsq": 0.057715936903020765, "error_max": 0.3097860277798306, "target": "53.xyz", "model": "15.xyz", "model_rescale": 3.769337070930944, "target_rescale": 4.091630678747565},
{"mapping": [6, 7, 2, 0, 11, 12, 10, 9, 3, 1, 13], "R": [[-0.5331012122329555, -0.22716141343359156, -0.8149851469582783], [-0.6685646690474654, -0.4772158126861378, 0.570338804066287], [-0.5184827681005482, 0.8489185828859928, 0.10253223304713155]], "T": [-0.10751503749456558, 0.07501888854897933, -0.008228664597142119], "aligned_model": [[-0.28231961912604236, -0.30568273206326263, 0.020938321735692864, -0.7050516972182947, 0.40326014390103215, 0.23367309053520757, 0.7068981329865226, 0.11041709718859403, 0.0749646177576871, -0.31311789296511056, -0.02135333204085492], [-0.025367790385683195, -0.6820957795308539, 0.6501310098102757, 0.2278243631754967, 0.2307090477740153, -0.39799589558477966, 0.47374198044928273, -0.5017085474643959, 0.5798117645821577, -0.05380079559151428, 0.09481514039134066], [-0.6204532124176205, -0.06076247159417652, -0.1816577994959233, 0.13892428721074657, -0.5613096785488066, -0.41181269528146486, -0.008586168065442665, 0.5031622944690008, 0.47912716071545935, 0.5256819040260581, -0.058096013794053575]], "inverted": true, "swapped": true, "error_lsq": 0.046842939321982774, "error_max": 0.2667192084886224, "target": "53.xyz", "model": "16.xyz", "model_rescale": 3.7852294659196426, "target_rescale": 4.091630678747565},
{"mapping": [1, 5, 6, 4, 3, 2, 10, 11, 7, 9, 8, 12, 13], "R": [[-0.7732600665570405, -0.31082904041947096, 0.5526790905218982], [0.6141837693727732, -0.1504751816113119, 0.7746841402520741], [-0.15762984142367775, 0.9384788369222579, 0.30726260062329847]], "T": [-0.03338028292520047, -0.0024649300897447435, -0.08119906372423843], "aligned_model": [[-0.0038360987697160787, -0.47899715924759917, 0.18931691284403046, 0.28418660384309014, -0.6286653995570224, -0.567856121891258, -0.450661792499381, -0.0954481502866834, 0.7255860304364238, 0.4259831350920751, 0.0025350373673724697, 0.49754584764958876, -0.04592299476463789], [0.016520745337364515, -0.5607399621698901, -0.37828299817089345, -0.7463339390907759, 0.2929913553413059, -0.006551476748469287, 0.7093306834855451, 0.25091146524519276, -0.12695906949260516, 0.44600379287239095, 0.7075838225358895, 0.21370986290576613, 0.05687134165205315], [-0.6665999740399046, 0.32693341219418115, 0.39274161053906, -0.09314225174998722, -0.37097757579316226, 0.22153970163110984, 0.29492882721020885, 0.6419726321622189, -0.23522568839191055, -0.5602509591436253, -0.19279131473485417, 0.33643510308590396, 0.00019117417393488267]], "inverted": false, "swapped": true, "error_lsq": 0.04398050277092326, "error_max": 0.2693773693820479, "target": "53.xyz", "model": "17.xyz", "model_rescale": 3.901054581598922, "target_rescale": 4.091630678747565},
{"mapping": [9, 5, 12, 13, 10, 11, 6, 4, 2, 8, 3, 7, 1, 14], "R": [[-0.025104636183286677, 0.9211865120060447, -0.38831065828823497], [0.9868274263849921, -0.03926186223586359, -0.15693991432438564], [-0.15981673184143852, -0.38713552700819076, -0.9080664600961829]], "T": [-0.017711477394708266, 0.023875874528011834, 0.10429173167913289], "aligned_model": [[0.1173349252343133, 0.17791982924127783, 0.39494209724693474, 0.6262010105882959, -0.5816435104633012, -0.22115435324326452, -0.517642564477807, -0.7339349346075832, 0.5754652226555933, -0.16523052741435204, 0.6741916247502494, 0.014519144486631597, -0.350934184618235, 0.0030410077172351446], [-0.12026948156798493, -0.5236829875115866, 0.556676236760795, -0.15388458327912058, -0.20514216098484578, 0.5301738422573166, 0.5838125608187734, -0.27057556863869625, -0.4369913454512167, -0.5320207508658769, 0.27681669252526175, 0.6526398189899854, 0.25955869459413944, 0.04973819695927887], [-0.5243370990208379, -0.12372960824635956, -0.20846361266737098, -0.18080496377754038, -0.4452400231975219, -0.4779490716542655, 0.08799569584910633, 0.2652149334397502, 0.4499518393776645, 0.43540398439241035, 0.30602653122011847, 0.3123641059987593, 0.6691826814669104, 0.06065359373183683]], "inverted": false, "swapped": false, "error_lsq": 0.04634811479804217, "error_max": 0.27497221653768295, "target": "53.xyz", "model": "18.xyz", "model_rescale": 3.9405287249114394, "target_rescale": 4.091630678747565},
{"mapping": [4, 12, 6, 1, 7, 8, 9, 13, 10, 14, 2, 5, 11, 15], "R": [[0.2837802764744082, -0.9038800576782304, -0.3201087253039303], [0.3095891780584783, 0.40232052120401207, -0.8615641235840823], [0.9075369389249037, 0.14539270803493107, 0.3940021128586559]], "T": [0.013395793126572216, -0.07796654282829091, -0.03890150628273835], "aligned_model": [[-0.20771957605831415, 0.08451621938595372, 0.4780485663995556, 0.6435985470359086, -0.5689558113502171, -0.012896760559288454, -0.562561855040316, -0.549613565196151, 0.3420060360369477, -0.060285743694445754, 0.6016301488144591, 0.05436990034140196, -0.2661213873662588, 0.03706006834675286], [-0.2668880221909483, -0.5994350495791003, 0.4785175352938061, -0.11869735501213544, 0.16127005787523566, 0.5789135006833832, 0.3882588575226631, -0.34982434678919333, -0.11187033596154419, -0.6166841649471289, 0.40286389218439594, 0.714695758013659, 0.06777768651368579, -0.062048849000555614], [-0.7097827899400891, -0.1910578194779448, -0.2197515178352547, -0.23048677159135034, -0.3539538933368169, -0.41318677929349173, 0.1608896610450356, 0.20695138110839606, 0.6743795589447691, 0.512545061234463, 0.38312659534914745, 0.20862675901389627, 0.609050627229196, -0.01108108553729558]], "inverted": false, "swapped": false, "error_lsq": 0.03987026404419285, "error_max": 0.21266414866189737, "target": "53.xyz", "model": "19.xyz", "model_rescale": 4.410303926677745, "target_rescale": 4.091630678747565},
{"mapping": [7, 1, 9, 8, 2, 12, 4, 0, 5, 3, 10, 11, 6, 13], "R": [[-0.09707483248155875, -0.5939226379897591, 0.7986440865504252], [0.15117605818722796, 0.7843242088407769, 0.6016488468012394], [-0.9837287615647157, 0.17914082591518588, 0.013648742095002248]], "T": [-0.057575809793449555, 0.016002913781779114, 0.06461146441744006], "aligned_model": [[-0.02782366381502209, -0.033927353525495745, 0.45493471542024655, 0.623134735633641, -0.627000578729396, 0.024157482205073556, -0.5814301941891789, -0.521624420414099, 0.6252160331981875, -0.13219411918361737, 0.6007971211671013, -0.03932709835144559, -0.37131110176729987, 0.0194732294472928], [-0.10234513175318735, -0.6250345251680764, 0.4548027876051565, -0.07224758110200921, -0.0980358775370937, 0.5340079196021563, 0.48365796108428477, -0.488736237140848, -0.3831152910837546, -0.32620358150826356, 0.21587613308654305, 0.8151783713181112, 0.242849250745901, 0.01619496645730241], [-0.6367883608530291, -0.32478761564458025, -0.07193288393277067, -0.2816580619697372, -0.25375831170910523, -0.47913978405256086, 0.020241027235632196, 0.27211242593254636, 0.33585062209453154, 0.699662264107879, 0.5137548635567297, 0.2839716638520249, 0.49660304900512797, 0.05213808928997122]], "inverted": false, "swapped": false, "error_lsq": 0.05601513087954809, "error_max": 0.43357144035215506, "target": "53.xyz", "model": "20.xyz", "model_rescale": 4.121658175737393, "target_rescale": 4.091630678747565},
{"mapping": [4, 6, 5, 0, 2, 7, 11, 1, 12, 8, 10, 3, 13], "R": [[-0.4548364209985566, 0.18854432297710944, 0.8703877689893897], [-0.5002321880038009, -0.8626777473408164, -0.07453094879246236], [0.7368117725838492, -0.4692953680956995, 0.4866931982941287]], "T": [0.09793771148938867, -0.12501409686516815, -0.011995842272240105], "aligned_model": [[0.13092399347225342, -0.18129654457588185, 0.43691873144524584, 0.5824678988960997, 0.3569615646788771, -0.3644904453643512, -0.3201012554683529, 0.37021963305018046, -0.6078481584913823, -0.1325449187990826, -0.034046068874153276, 0.6000243761898312, 0.04389409850501112], [-0.5038548511832545, 0.0071120905725464145, 0.32479532047898285, -0.4009638722902731, 0.4302267345131706, -0.7361985779923969, 0.5176862226676916, -0.5798721983289837, -0.08528955477462072, -0.06418386475999094, 0.5819546218385112, 0.0914370408136515, -0.04202220739185164], [0.7019537763513354, 0.5537107290646365, 0.5876547943362109, 0.2898911944647708, 0.03211929118677704, 0.15493703779637633, 0.044652555589378105, -0.26278300943025734, 0.045629334796071945, -0.6910314906883537, -0.5642861251595565, -0.48811374664938667, -0.03422460217621422]], "inverted": true, "swapped": true, "error_lsq": 0.04472242767853321, "error_max": 0.2560186399252991, "target": "53.xyz", "model": "21.xyz", "model_rescale": 4.08911054899281, "target_rescale": 4.091630678747565},
{"mapping": [2, 1, 13, 0, 15, 3, 14, 11, 6, 8, 7, 12, 9, 16], "R": [[-0.14685912132640452, 0.45991047252641704, 0.8757366931582601], [-0.9889240736263513, -0.0874956163154913, -0.11989034042755708], [0.02148429858058154, -0.8836440880728511, 0.46766606732624955]], "T": [-0.0066016946535968745, 0.0320287758218784, 0.10853322779601815], "aligned_model": [[-0.1410358255686311, -0.03593453797514244, 0.36469172206370687, 0.6858337741267518, -0.638502983649696, -0.03513999772109698, -0.3936129829912676, -0.5330615222308336, 0.533797542213964, 0.008846241859798086, 0.5876918410693386, 0.015896791490357526, -0.44120049467840017, 0.03480521908713913], [-0.12286536789762867, -0.6840699973164273, 0.5375214511482945, -0.22499269301409558, -0.09577455277549493, 0.6522272685995255, 0.5117083205852135, -0.503953773898848, -0.2959817844064874, -0.5960546006508786, 0.3202739690433732, 0.7457966702287008, 0.38066145872211604, 0.04235279623885896], [-0.5837016297919054, -0.23255402303362888, -0.09966936566038237, -0.12503150479777866, -0.2318696042407815, -0.49877082958285357, -0.07021906724356869, 0.25501116675155755, 0.503427980512486, 0.4018498681629303, 0.37221123217269897, 0.29561266832694977, 0.5525228076211557, 0.08744928771578166]], "inverted": true, "swapped": false, "error_lsq": 0.0378523115534321, "error_max": 0.21347337968950872, "target": "53.xyz", "model": "22.xyz", "model_rescale": 4.204369325754507, "target_rescale": 4.091630678747565},
{"mapping": [4, 12, 6, 1, 7, 8, 9, 13, 10, 14, 2, 5, 11, 15], "R": [[0.2837802764744082, -0.9038800576782304, -0.3201087253039303], [0.3095891780584783, 0.40232052120401207, -0.8615641235840823], [0.9075369389249037, 0.14539270803493107, 0.3940021128586559]], "T": [0.013395793126572216, -0.07796654282829091, -0.03890150628273835], "aligned_model": [[-0.20771957605831415, 0.08451621938595372, 0.4780485663995556, 0.6435985470359086, -0.5689558113502171, -0.012896760559288454, -0.562561855040316, -0.549613565196151, 0.3420060360369477, -0.060285743694445754, 0.6016301488144591, 0.05436990034140196, -0.2661213873662588, 0.03706006834675286], [-0.2668880221909483, -0.5994350495791003, 0.4785175352938061, -0.11869735501213544, 0.16127005787523566, 0.5789135006833832, 0.3882588575226631, -0.34982434678919333, -0.11187033596154419, -0.6166841649471289, 0.40286389218439594, 0.714695758013659, 0.06777768651368579, -0.062048849000555614], [-0.7097827899400891, -0.1910578194779448, -0.2197515178352547, -0.23048677159135034, -0.3539538933368169, -0.41318677929349173, 0.1608896610450356, 0.20695138110839606, 0.6743795589447691, 0.512545061234463, 0.38312659534914745, 0.20862675901389627, 0.609050627229196, -0.01108108553729558]], "inverted": false, "swapped": false, "error_lsq": 0.03987026404419285, "error_max": 0.21266414866189737, "target": "53.xyz", "model": "23.xyz", "model_rescale": 4.410303926677745, "target_rescale": 4.091630678747565},
{"mapping": [4, 5, 9, 15, 3, 10, 1, 0, 13, 12, 14, 11, 7, 16], "R": [[-0.05778677589017339, 0.29749716191687825, 0.952972259398783], [0.9805953111263288, -0.16220667586772347, 0.11009918301695815], [0.18733265686814254, 0.9408424060146023, -0.282350921222823]], "T": [0.07354918517634848, 0.05516910549978529, 0.040921422419610554], "aligned_model": [[-0.10597726313864164, 0.1698615896576891, 0.4794317007187051, 0.7284701081747401, -0.7026240497786037, -0.06993893055233683, -0.6521711460909122, -0.5351473607708118, 0.30250175517842476, -0.07021387791132905, 0.6614929742372173, 0.13046725354833305, -0.28368142886126657, -0.03939653731521961], [-0.17419266308101058, -0.5310029518348003, 0.44038643373915487, -0.09895208016126314, 0.010838215924723837, 0.5063323827826424, 0.49913858053208615, -0.36399400840898777, -0.10358922031937637, -0.6293412712525872, 0.2493238921781546, 0.6498768290687398, 0.15406093574465973, 0.05796408969408669], [-0.5828155465505194, -0.16578676167355583, -0.24065801083060828, -0.1970689882782083, -0.4116720664897078, -0.40589711362342124, 0.15297701395889013, 0.19640971772335653, 0.6863384492338076, 0.4370950719644422, 0.3143734469673562, 0.2502167726570127, 0.5927706690326917, -1.3667178876367037e-05]], "inverted": false, "swapped": false, "error_lsq": 0.036929170266801765, "error_max": 0.25630305732608555, "target": "53.xyz", "model": "24.xyz", "model_rescale": 4.28219845311461, "target_rescale": 4.091630678747565},
{"mapping": [8, 1, 9, 3, 10, 11, 14, 6, 4, 0, 7, 13, 2, 15], "R": [[-0.49888783522811536, 0.8120547425779456, 0.30278378906089354], [-0.5701587149243914, -0.04440781110856393, -0.82033346031252], [-0.6527097116308073, -0.5818892002513992, 0.4851546052276694]], "T": [0.051883433090878145, 0.1327227574751336, 0.007118071889000023], "aligned_model": [[-0.25392449543336104, 0.2577400972570679, 0.5135493580438316, 0.7437612834823278, -0.6171161026750511, -0.14806200735277897, -0.6344101932374392, -0.6907372409173099, 0.43670272505624863, -0.13118550779867263, 0.704763408242156, 0.1085631214343386, -0.31513306126034835, 0.03856340225497884], [-0.2999457738120659, -0.4358998390120208, 0.4905645786528774, -0.20168040271115875, 0.11869506983985748, 0.4442585486095776, 0.4538607892568315, -0.37085213721286636, -0.1967649295979391, -0.5288685241029143, 0.4296287490586199, 0.5729352375979262, 0.11598681116968654, 0.07493098686981114], [-0.44146359270989494, -0.20304561533894755, -0.3330105635306, -0.09047758095964012, -0.4194351650609222, -0.3921867526957056, 0.08468125838320159, 0.0915218332780269, 0.5343756461581801, 0.44795467547053175, 0.30901304693581794, 0.401981139559848, 0.5848713283604083, 0.05148932906235615]], "inverted": true, "swapped": false, "error_lsq": 0.0438875790907161, "error_max": 0.2434907929506918, "target": "53.xyz", "model": "25.xyz", "model_rescale": 4.100010024507729, "target_rescale": 4.091630678747565},
{"mapping": [3, 8, 7, 12, 0, 4, 1, 6, 11, 5, 2, 13], "R": [[-0.807632974951227, 0.26252923008670653, 0.5280221407493365], [-0.5096910404792349, 0.13952951481777115, -0.8489679368208864], [-0.29655357193368276, -0.95478265476746, 0.021120159293328056]], "T": [-0.06543491509000518, -0.003259137241406092, 0.023022109337822123], "aligned_model": [[-0.7550124258782608, -0.18507361450079787, 0.5013012914137309, 0.5742255106973484, -0.31270174697847164, 0.2873398529290807, -0.3569067571026189, 0.42199253860896146, 0.23827253394411022, -0.14806248678374523, -0.34881815486309353, -0.039790939123236675], [-0.2113925160082668, -0.7061527469564333, 0.037937425900229936, -0.3012354455039697, 0.5421799487373871, 0.69742716778596, 0.003429961627200488, 0.3195763282213021, -0.2830321172853135, 0.5829485993430332, 0.049097626149928346, -0.06465284196041865], [-0.0594019526775836, 0.12069056303514802, 0.563730692673598, -0.04823133925750612, 0.2313700907291987, 0.22030651029308168, 0.531870772259665, -0.24835357793149487, -0.6254516253974914, -0.5482490204869426, -0.5194579281694005, -0.05363089521591594]], "inverted": false, "swapped": true, "error_lsq": 0.050581321802389945, "error_max": 0.27583333576601726, "target": "53.xyz", "model": "26.xyz", "model_rescale": 3.6694154284099745, "target_rescale": 4.091630678747565},
{"mapping": [0, 2, 1, 6, 4, 5, 8, 10, 12, 11, 3, 7, 9, 13], "R": [[0.5648149351464697, -0.7190133033154228, -0.4049740222420858], [0.30377039550259477, 0.6374445609759831, -0.708087550023536], [0.7672728561937314, 0.2769193047398111, 0.5784531638868727]], "T": [-0.05862629939256517, 0.08637804491199862, 0.05294096404003065], "aligned_model": [[-0.025532330387592145, 0.05881251298538208, 0.5711286159307976, 0.5943105349444515, -0.6969854354170197, -0.07231886413856434, -0.6157334047445543, -0.5476190936046256, 0.4318850888760367, -0.07065086950714736, 0.5103182552409388, 0.0915778158294335, -0.16662045224119176, -0.04949758667035615], [-0.021476198857449127, -0.5399689837686039, 0.3880542982552652, -0.09530138636409864, -0.1577581107280695, 0.6496939683451922, 0.38948987166947235, -0.2169880907123411, -0.3430172096878737, -0.6487316151155685, 0.40102556669616524, 0.676810700722127, 0.15073862616877515, 0.034277727983230186], [-0.598369710254165, -0.1837596299886296, -0.48747261692419963, -0.055946622128185824, -0.4035956950053593, -0.5024563566218854, 0.13112079568556592, 0.22828563848916497, 0.5054352807594445, 0.49525834634927923, 0.5326598933324955, 0.21091731493413982, 0.7230592476296893, 0.031133100655305983]], "inverted": false, "swapped": false, "error_lsq": 0.048559177875984835, "error_max": 0.35598351652266325, "target": "53.xyz", "model": "27.xyz", "model_rescale": 4.103607728864725, "target_rescale": 4.091630678747565},
