[{"mapping": [9, 14, 12, 1, 13, 11, 6, 10, 4, 7, 0, 15], "R": [[0.5233990463520446, 0.658803585380543, -0.5403991803912289], [0.08854926918129169, -0.6728260321085033, -0.7344822376644559], [-0.8474741678689854, 0.3365753502662797, -0.41049307958588255]], "T": [-0.10775983614708608, 0.03547890314434016, -0.054977441317261413], "aligned_model": [[-0.37973325478967335, 0.1612056565409371, 0.48604946374229374, 0.1424632409405991, -0.23313662164639137, -0.4725873279588809, 0.43808530305567916, -0.25950009588378414, 0.491256450624573, 0.14948742421697392, -0.6261898648920532, -0.05975791148972372], [-0.24385418241624818, -0.5671649927786602, -0.4388343472010572, 0.7043944231887129, 0.39719759156852885, -0.5364406805428705, -0.2270465893365058, -0.6235191567380918, 0.20347679948279468, 0.3635559682412268, 0.022906645362917102, -0.0011164428536894547], [-0.5340378721792935, 0.05912164921232742, -0.3856103487621246, -0.09073625232779355, -0.6191255199550667, -0.0418978447851658, 0.5888852504316986, 0.528406910333305, -0.13451930507912746, 0.4384128536219694, 0.355034236675724, 0.018017988167109616]], "inverted": false, "swapped": true, "error_lsq": 0.04649728075771813, "error_max": 0.27263124664505023, "target": "530.xyz", "model": "0.xyz", "model_rescale": 3.751011558992144, "target_rescale": 4.254813907544776},
{"mapping": [5, 4, 9, 13, 6, 11, 7, 1, 14, 0, 3, 2, 8, 9, 15], "R": [[0.0132598893741106, -0.6396813004326316, -0.7685258676262002], [0.02329631835242829, -0.7681871729988022, 0.6398013354091492], [-0.9996406638812813, -0.026387518203229654, 0.00471614228639905]], "T": [-0.008828353776226087, 0.06837351312306596, -0.03789583235120492], "aligned_model": [[0.059761571822498964, 0.15192477850119449, -0.3298850627276916, 0.30118002326398374, -0.2125995550558798, -0.5776197381644337, 0.3620414318181638, 0.654462832575529, -0.5987140905253597, 0.014685535477029645, -0.09088412283280389, 0.559114352065116, 0.6142503751153142, -0.3298850627276916, -0.038747057515935324], [0.03541730923469884, -0.3833262290434709, 0.5421848662905003, 0.49653230680130783, -0.7510869402328494, 0.3395998235138943, -0.3984363472617209, -0.08960610022031675, -0.2487075304246792, 0.28126416620919015, -0.3627422446701291, 0.031470664975024, 0.5272179828915082, 0.5421848662905003, -0.013209244526351985], [-0.825403955534892, -0.4422428200637956, -0.27010436105234825, -0.4684741133746088, 0.22361435661774842, 0.21364906310406856, 0.2106778048839807, -0.2533616015682827, -0.04382317681962793, 0.587533619546931, 0.7386186166559232, 0.4153028321461999, 0.033986014964768524, -0.27010436105234825, -0.00020151360174047728]], "inverted": false, "swapped": true, "error_lsq": 0.043859558764945614, "error_max": 0.39534546579478874, "target": "530.xyz", "model": "1.xyz", "model_rescale": 3.9405287249114394, "target_rescale": 4.254813907544776},
{"mapping": [10, 3, 0, 4, 7, 11, 14, 6, 1, 13, 5, 9, 15], "R": [[0.05799166566195039, 0.5644000933631805, -0.8234619003483927], [-0.7065942246693815, 0.6059020196414266, 0.3655233840102661], [0.705238660580678, 0.5606561131442999, 0.43393911372022903]], "T": [-0.13506247547283212, -0.15353338859290766, -0.009117113146890548], "aligned_model": [[-0.13597280438739529, 0.19644328149675694, -0.3808292797202534, 0.37299880772499716, 0.3946549295089673, -0.5695355795639355, 0.008700326197992908, 0.575239000886674, 0.21378978111929747, -0.42814568902183775, -0.02431946248877842, -0.6591724800182419, -0.06786755245031184], [0.7395722919463412, 0.5464325736964241, 0.21056554295378987, -0.43029976990969043, -0.11711243299544169, 0.3388438120703702, 0.3208792649526513, 0.36884438878004, -0.7130897210473841, -0.7678735128045842, -0.7368690852800381, -0.21413180788270353, -0.08692895090775782], [-0.010622368711508772, -0.45151989354310473, -0.5031494789261144, 0.23304980402131473, -0.37697263043640805, 0.16164587734143462, 0.44122230886883657, 0.05427836309722768, -0.28577044804279395, 0.029757611901033657, 0.5137740642451337, 0.31202451335088965, -0.004597373577297]], "inverted": false, "swapped": true, "error_lsq": 0.05336377652838319, "error_max": 0.3478276721487286, "target": "530.xyz", "model": "2.xyz", "model_rescale": 3.932901565614263, "target_rescale": 4.254813907544776},
{"mapping": [9, 12, 5, 11, 13, 1, 4, 8, 0, 2, 6, 10, 7, 15], "R": [[-0.08372676265981782, -0.9663805595385279, 0.24310171402215275], [0.5756969704715956, -0.2460359549732335, -0.7797687522914956], [0.8133651255151855, 0.07466540702635327, 0.5769421544568014]], "T": [-0.0023744257250886587, -0.046099883246741705, -0.018214747001544688], "aligned_model": [[-0.26313180676356934, 0.5828281228271612, 0.08453923816537848, -0.028421106215159742, -0.4718472340806704, -0.12242909233534897, 0.37778019338448865, -0.6894771787673235, -0.2722418805938408, -0.26366803227818164, 0.7906326783257186, 0.3869409620326712, 0.22887285204413677, 0.07943219630724314], [0.20677808288799365, -0.08750985394330159, -0.5592799781019903, 0.6130898646484336, -0.40267582199454577, -0.7232775173279385, -0.5344432129870251, -0.34510826848254655, 0.3572153137573446, -0.231578635976955, 0.016444237272998916, 0.705278883224982, -0.3256017992780414, -0.025834655348920106], [-0.5177682797006572, -0.603640963589627, -0.6140770957215796, -0.17681055885489502, -0.3606642829174618, 0.17763106672354415, -0.1200674394077291, 0.1877370486405309, 0.4307237132901424, 0.6349567850497043, 0.3673415808328945, 0.2672748837295519, 0.5162457961695837, 0.02501410881309535]], "inverted": true, "swapped": true, "error_lsq": 0.04760879527958628, "error_max": 0.2633123107672624, "target": "530.xyz", "model": "3.xyz", "model_rescale": 3.9243930471874484, "target_rescale": 4.254813907544776},
{"mapping": [14, 6, 10, 11, 0, 12, 9, 3, 2, 1, 8, 13, 15], "R": [[-0.9057716885469065, -0.2004948545723816, 0.3733355883342573], [-0.2948151011321922, -0.33470542324428393, -0.8950175058596789], [0.3044038507826433, -0.9207464867925724, 0.24405778555054114]], "T": [-0.08770232071530906, -0.06971302768199572, 0.0020012126435369204], "aligned_model": [[-0.1103153094766223, -0.11895272462862769, 0.4985956240583308, 0.3397463324512222, 0.5581350838224695, -0.6441499021229393, -0.06864326386692801, 0.4745911399635323, 0.21518667830991675, -0.4562551585837592, 0.0421331356967429, -0.37433519849351704, -0.07853055081846838], [-0.4990058052002985, 0.0897494536747071, -0.3562694083730322, -0.5926571212994339, 0.0699742614508801, -0.5781424054531135, -0.5802891087119992, 0.22800937071804445, 0.5878704971618023, 0.5123858028071633, 0.3634274730203243, -0.0582259798228668, -0.058997476290589955], [-0.5115521613301371, -0.8669181422534702, -0.6077372655124523, -0.06264636031040086, 0.022466808541728008, -0.34262368567149715, 0.34905196885470635, -0.6231036369126408, 0.07377815145787273, 0.19349014462294828, 0.6340331823391806, 0.6204932850553397, -0.09166197351021257]], "inverted": false, "swapped": true, "error_lsq": 0.05015423591702091, "error_max": 0.3436884060098094, "target": "530.xyz", "model": "4.xyz", "model_rescale": 3.8936222436046832, "target_rescale": 4.254813907544776},
{"mapping": [11, 14, 3, 0, 7, 4, 5, 1, 8, 9, 2, 15], "R": [[-0.17419849916206864, -0.9012212504342603, 0.39680617517295635], [-0.3664337172677068, -0.3147003139665401, -0.8756083846324971], [0.9139919112000132, -0.29793282826011164, -0.2754175304984738]], "T": [-0.0706498076122, -0.13234208200492117, 0.0030535314191835333], "aligned_model": [[0.08200017592522724, -0.5293783525514232, -0.34376825017628854, 0.26120400915850284, -0.36093240117137626, -0.5337121052707223, -0.24056721247650312, -0.08395693782855818, 0.5437511261223569, 0.24290973896804532, 0.13803334965973607, -0.14803509814389954], [-0.6223364281618141, -0.5436844333289242, 0.22497730444048933, 0.05019146208096201, 0.4348225528144958, 0.005319081008919924, -0.3536882311716946, 0.4161426336548171, 0.2859349938678023, -0.6524270063310472, 0.5413809908836268, -0.11771001464782566], [-0.4407546569824976, -0.25944655634275565, -0.7672047420005526, -0.538787664909609, -0.10327139338369583, 0.4030453135440797, 0.7433870313513993, 0.46166632103740923, 0.2299634920493982, 0.11569229824361917, -0.175435481549913, -0.04956924178136387]], "inverted": false, "swapped": true, "error_lsq": 0.04949879755650927, "error_max": 0.285287844183842, "target": "530.xyz", "model": "5.xyz", "model_rescale": 3.6523030999806103, "target_rescale": 4.254813907544776},
{"mapping": [13, 8, 2, 1, 7, 9, 0, 4, 11, 14, 3, 6, 15], "R": [[-0.2516037810044863, -0.166670870584535, 0.9533710496353662], [0.9631068619581782, 0.05408515546254075, 0.26362846661099365], [-0.09550240747393476, 0.984528118875833, 0.14691382953791837]], "T": [0.0001580516898644635, -0.16833349130137062, 0.03026601441456831], "aligned_model": [[-0.006066237578317167, 0.03767277345865541, 0.26662874525971225, 0.5894126562829904, 0.510627509366933, -0.4883462213793266, -0.303774655355322, 0.5373406988140559, -0.6219252390984699, -0.13743053889149212, 0.06193855862098882, 0.4037637463678768, 0.03124110879600986], [-0.5774158549824497, -0.027900924499084184, 0.4010553381867993, -0.2033241209130188, 0.2240798543496211, -0.5348556388732101, 0.40735796868128304, -0.4540632957822033, -0.09432897473590726, -0.2590079772830207, 0.6254683241364152, 0.16031141608318758, -0.12654921020522936], [0.5756426553485096, 0.793681818311546, 0.39646199629387563, 0.4338659656453998, -0.02147754249348994, 0.12257256936663544, 0.1453381003089293, -0.12193121138983187, -0.2303062321543036, -0.6188782078840224, -0.37176692222236934, -0.6842412872230619, -0.048851962426028024]], "inverted": true, "swapped": true, "error_lsq": 0.055179545875507996, "error_max": 0.35351198935488576, "target": "530.xyz", "model": "6.xyz", "model_rescale": 4.08911054899281, "target_rescale": 4.254813907544776},
{"mapping": [3, 7, 2, 10, 11, 9, 0, 8, 14, 6, 12, 4, 13, 1, 15], "R": [[0.0715878643629902, 0.771875850656741, 0.6317300442822702], [-0.5597848115348371, 0.5552961556409337, -0.6150505217502928], [-0.825539909665701, -0.3096027304519984, 0.4718368434594887]], "T": [0.023911469934992463, 0.0882709783863879, -0.001806104729615364], "aligned_model": [[-0.06795258337502547, 0.3215083698473662, 0.6129413048099408, -0.5537627993262142, -0.4594202950576656, -0.22218735237438902, 0.1423785593435793, 0.7257149949300452, -0.6130291235843153, -0.30549514248544496, -0.5808838088799377, 0.06069924047257155, 0.3690009976065375, 0.6240902052556216, -0.017269027383115435], [-0.682765460145768, -0.4761862949390615, -0.25062131583397396, -0.3645052959130306, 0.24048457756740485, 0.6442091921663734, -0.07595426382412876, 0.3630145487182671, -0.1077684133075622, -0.7137619153818447, 0.16332133125265214, -0.08657237563862302, 0.6442505883624999, 0.0004503545057881475, 0.0031635585801195187], [-0.4407052292844665, 0.09853714865677987, -0.2616245670591905, -0.5106547415260514, -0.45300850942790927, -0.11072571578155455, -0.6311175943822427, -0.19133217859162402, 0.0646464440656016, 0.1704153719428943, 0.5598795536520054, 0.5993986645251894, 0.18956446173874736, 0.3768907100424434, 0.0039062135114569137]], "inverted": true, "swapped": true, "error_lsq": 0.04735576942872454, "error_max": 0.3487433110505053, "target": "530.xyz", "model": "7.xyz", "model_rescale": 3.964800864290218, "target_rescale": 4.254813907544776},
{"mapping": [6, 10, 14, 7, 12, 2, 4, 11, 0, 13, 8, 5, 9, 15], "R": [[0.025002178709794876, -0.12834748828126574, -0.9914140473644977], [-0.9614553316225712, -0.27472807864092946, 0.01131936839206682], [-0.2738220888721279, 0.952917312812688, -0.13026917742716754]], "T": [0.011846190427645948, -0.024094447201070516, 0.1477999121227238], "aligned_model": [[-0.24774288435562025, 0.42067472967597314, 0.3400867437875488, -0.5445728004651291, 0.23680851500532651, -0.4755389604339773, -0.3762328478448053, 0.6438637265320588, 0.12235389641808088, -0.03210817677841125, -0.26682583007402955, -0.08440164489681204, 0.5303818167829393, -0.0055583938922695916], [-0.0853831473273262, -0.4873095037658666, 0.13477122441936068, -0.23059625496534347, 0.6664752359425338, -0.5433770943192573, 0.43115943485398517, -0.23306418673638732, -0.675098565700571, 0.2611812105172012, -0.27972217380314157, 0.7344112633223215, 0.15750200662445785, -0.04000098288076451], [-0.6949829326895179, -0.49712790397166196, -0.41394784401023743, -0.10715029225369166, -0.25145705878363755, 0.29649763888266994, -0.040639139058008866, 0.016469539218625845, 0.17972195895988172, 0.7654637488859782, 0.8267172268153954, 0.3511842149767638, 0.4300036358985938, 0.056062245853868056]], "inverted": true, "swapped": true, "error_lsq": 0.0524342707805434, "error_max": 0.3639472715025548, "target": "530.xyz", "model": "8.xyz", "model_rescale": 4.121658175737393, "target_rescale": 4.254813907544776},
{"mapping": [2, 7, 4, 13, 3, 0, 14, 11, 12, 10, 8, 9, 15], "R": [[-0.8508295844487465, -0.36635219204529657, -0.3766630982859609], [-0.3859634557852031, 0.9221727858958776, -0.02509110901055424], [0.3565406414774014, 0.12402993322840301, -0.9260104462900195]], "T": [0.029217670678131448, 0.08093297773636424, -0.09017158621756863], "aligned_model": [[-0.6501484026206618, -0.36462403863552023, 0.3032346554183781, 0.23111295562145504, -0.5864086052677104, -0.5241009651122521, 0.34318408840625586, 0.09922569723843463, 0.7772610754376674, -0.18791100422994148, -0.3613004968838895, 0.383335689672921, 0.013876847390060993], [0.2170755771924937, -0.13775325411604866, -0.011693929859830948, 0.7290451270588005, -0.5631203278733404, 0.024601437482661526, -0.4891026291786177, -0.13850958849032557, -0.2555060067384797, -0.6526385530362228, 0.7502205223381503, 0.3275194760932754, -0.009750411460806227], [-0.3120650243493903, -0.5531075826044517, -0.6466836356339251, -0.1535098712155665, -0.04812086365329585, 0.26718338761177074, 0.06802196421316073, 0.5480337264969659, -0.20908557990658333, 0.3706633070762767, -0.14918085034321985, 0.3517457556077256, -0.11281929934037817]], "inverted": true, "swapped": true, "error_lsq": 0.05082730946547109, "error_max": 0.33363416562778814, "target": "530.xyz", "model": "9.xyz", "model_rescale": 3.833441315466971, "target_rescale": 4.254813907544776},
{"mapping": [1, 7, 0, 10, 3, 2, 6, 14, 9, 11, 5, 12, 4, 8, 15], "R": [[0.9643192939839021, 0.2573495936873804, -0.06212476059775837], [-0.11770260914159661, 0.6269528815193056, 0.7701143942012122], [0.23713792411094675, -0.7353239224883003, 0.6348734787064043]], "T": [-0.01562368503698238, -0.021517091941293573, 0.20751331829382108], "aligned_model": [[0.1585251565577493, -0.19525427925487002, -0.671164828427211, -0.5066201488116507, -0.6684427896997268, -0.5068894635155464, -0.0721906658258866, 0.11969810574670639, 0.14142524978560206, -0.25898914546597307, 0.7490364688583172, 0.657816119917352, 0.45739143588207193, -0.2489217071225488, -0.03157449032985413], [-0.7050266250868993, -0.36819886796609835, 0.022392014028942656, 0.6427853849864952, 0.13781858069058767, -0.5391520758917069, 0.20166723830497207, 0.5618307948767237, 0.2774001540489104, 0.5727419227987076, -0.17249315934842596, 0.41512583434612016, -0.22751166095048597, -0.6297802755391941, 0.011502279996329884], [0.0899329079414184, -0.30706349088128954, 0.28082861135318127, -0.13199447662832425, -0.3790086296196306, 0.06601517304604909, -0.6459587945703116, -0.09237659466407039, 0.7246975424106965, 0.42658330917004417, 0.3433838797254906, 0.0008192264575843378, -0.14912886373631024, 0.6312116569476875, 0.12018045086987719]], "inverted": false, "swapped": true, "error_lsq": 0.0466972688660575, "error_max": 0.34257067630446963, "target": "530.xyz", "model": "10.xyz", "model_rescale": 4.2482417240324, "target_rescale": 4.254813907544776},
{"mapping": [11, 9, 8, 5, 3, 7, 0, 4, 12, 6, 14, 15], "R": [[-0.7038585979402283, 0.3218176401834377, 0.6332586206064466], [0.5397412877236316, -0.33727249004347126, 0.7713148577502655], [0.46180343917304456, 0.8846924176947828, 0.06369387444101832]], "T": [0.04938381785209797, -0.02175106417074018, 0.0856719271314682], "aligned_model": [[-0.5638280856816432, -0.08091744849345736, 0.3715753065132483, 0.6519494304880092, -0.4892707430543527, 0.2022318395595, -0.40085882130890116, 0.5084226490494912, 0.13966858318738545, -0.16020576437917408, -0.31561945470411656, 0.013618111187017522], [-0.3070931811251304, -0.6254140940765425, -0.10449463703258985, -0.386189733682297, 0.6869981652828328, 0.6036037861464904, 0.15366016004066801, 0.1702304359764169, -0.2419076290124744, 0.6677089274190338, -0.0004420477963178668, 0.049471237910549644], [0.03169765095667477, 0.07528270828008689, 0.7880098056430181, -0.2749648319239815, 0.14129952040635568, 0.1387142705230481, 0.5368368645577348, -0.2961620264880888, -0.7082300892907184, -0.42632694302056917, -0.47545126865912724, 0.034486628869923444]], "inverted": true, "swapped": true, "error_lsq": 0.04661584936802004, "error_max": 0.2693072056591773, "target": "530.xyz", "model": "11.xyz", "model_rescale": 3.6694154284099745, "target_rescale": 4.254813907544776},
{"mapping": [6, 3, 0, 2, 7, 12, 4, 5, 8, 13, 9, 1, 11, 15], "R": [[0.15250725282351277, 0.3915942008116198, 0.9074114390544866], [0.593365810527037, 0.6979731570402009, -0.40093701119867675], [-0.790353435327397, 0.5995727261492505, -0.12591264163751875]], "T": [-0.051113719504845646, 0.09241771216035634, -0.004595934598192929], "aligned_model": [[0.029753537626953173, 0.11649113031764372, 0.00994958807098701, 0.568359881875989, 0.4713175356082243, -0.5175178210908982, 0.16480767409518302, -0.10172691849553434, 0.4196244480499971, 0.05255939701281869, -0.5258191936715733, 0.5868579194153651, -0.6260672656833699, -0.05032506287597598], [-0.4119982215434722, 0.22228895375880753, 0.644976900517673, 0.4158012490891411, -0.07028476224453552, -0.5860287160484231, -0.4864738636510587, -0.4074068825815329, 0.5751955354959615, 0.20220551107266183, 0.27711251216062666, -0.07626037330547826, 0.383764009722278, 0.0480954356936054], [-0.7260186737529051, -0.87097386038553, -0.3623485702148384, -0.20704422937427183, -0.34787160406972784, 0.09068429235489184, 0.10326141713529852, 0.6066105869047264, 0.3817504135276583, 0.6602509099078839, 0.3447433749615152, 0.27086394495850613, -0.21651086910206443, -0.08830167319872745]], "inverted": true, "swapped": true, "error_lsq": 0.046992177830617855, "error_max": 0.32634130315802123, "target": "530.xyz", "model": "12.xyz", "model_rescale": 3.9764082729961374, "target_rescale": 4.254813907544776},
{"mapping": [8, 0, 2, 3, 4, 5, 3, 7, 1, 12, 11, 13, 6, 9, 14, 15], "R": [[0.8877357589509323, 0.0657118466633284, -0.4556393041517686], [0.17216342427126863, 0.8705494353666658, 0.46098094963454916], [0.4269484484372837, -0.48767369602109434, 0.7615046871727853]], "T": [0.016161891053441374, 0.01140790157269539, 0.026251009823855073], "aligned_model": [[-0.6799028256020376, 0.26055226295839695, -0.3701642011995593, -0.5691876969747616, 0.4042825786724831, 0.8429978359427528, -0.5691876969747616, -0.14380364874721746, -0.2245721570732727, 0.14780143707128898, -0.6062744254077194, 0.08975411855134627, 0.4597150035390244, 0.3734836220152562, -0.16702304581996438, 0.009288950624960057], [-0.06195681541910693, -0.3031729088554546, -0.4791000049581608, 0.5411466361336368, 0.32787856544204114, -0.07370642606690739, 0.5411466361336368, 0.10392303146860188, -0.5694486464600264, -0.3532687325486846, 0.32081305828081885, 0.24079052298567677, 0.6063389601762394, -0.46430071810605295, 0.7412003420809077, 0.09873924442508311], [-0.07256379259253119, -0.5807252609913944, -0.4701496932189212, -0.26561570670030965, -0.48860078684334673, -0.08293588180776974, -0.26561570670030965, -0.7064738196582756, 0.11555591977303349, 0.5330996237100768, 0.41016008721340314, 0.5887884247861884, 0.20784527628744653, -0.06047624231418154, 0.29579564852925244, -0.0363163460299379]], "inverted": false, "swapped": false, "error_lsq": 0.05613064729701721, "error_max": 0.39171605746100796, "target": "530.xyz", "model": "13.xyz", "model_rescale": 4.170626492500431, "target_rescale": 4.254813907544776},
{"mapping": [14, 12, 11, 5, 0, 8, 13, 6, 3, 4, 7, 1, 2, 15], "R": [[0.8171570921020721, -0.5498085005861523, 0.17310372471582583], [0.5581964516145593, 0.8297087732908357, 0.00027005394158099993], [-0.14377415703874039, 0.09640520840402443, 0.9849035625686284]], "T": [-0.08583678096326915, 0.060659597353878394, -0.042361315737172556], "aligned_model": [[0.2198673124115575, -0.23334531506760148, 0.09656941776897164, -0.7146002501625976, 0.29252638527254543, -0.42456756566268317, -0.7385154559388706, 0.6230005734476146, 0.793440100457023, -0.1974264090954282, 0.2860355125206777, -0.3235406858247116, 0.1674508083771723, -0.0037114064120263024], [-0.44953567306903897, -0.7428733949306097, 0.07803205742484727, -0.38066783849150515, 0.5685350612852568, 0.7149675020272034, 0.2405331999367401, -0.40588215414775597, 0.19889044884438545, -0.3716021596090025, 0.10759502469110466, 0.18437287813000192, 0.597779048678124, 0.015930467155914563], [-0.350235474025594, -0.18191999963216415, -0.6956517267545217, 0.1469699482400882, -0.23194285501077888, 0.20477219309289138, 0.03812990648076514, 0.20525555589596012, 0.015371108999067906, 0.3981704554703686, 0.48371164474196454, 0.6206093710971552, 0.37794554706345196, -0.02731257453778817]], "inverted": true, "swapped": true, "error_lsq": 0.052185577164974704, "error_max": 0.31348029426445895, "target": "530.xyz", "model": "14.xyz", "model_rescale": 3.9786697098870705, "target_rescale": 4.254813907544776},
{"mapping": [13, 9, 2, 1, 0, 3, 12, 14, 7, 4, 11, 15], "R": [[-0.407290403802437, -0.043622410763064334, -0.9122563303423366], [-0.8961572514905023, 0.21170305677036036, 0.38997948196677507], [0.17611560854006258, 0.9763600263393131, -0.1253171632110277]], "T": [-0.020096125012951695, -0.03389019264104137, -0.08103415309433502], "aligned_model": [[-0.20934092591487036, -0.6113864434499411, 0.5946065211553019, 0.46122424071563556, 0.13044510010526386, 0.47550492460503985, -0.4187144941856286, -0.27187837143583954, 0.6099318201163776, 0.18566068839504782, -0.48183856233879846, 0.019140098999748244], [-0.528321801696066, -0.06624981955339554, 0.11408841971930228, -0.5330329790143189, 0.5275887041633782, 0.6670536067705632, -0.3354154768434365, 0.20358089518616446, -0.008736495981606779, -0.49627664054080883, 0.4626703569855442, 0.007725721029119281], [-0.5106230168082749, -0.2566018705808586, -0.4409685275290477, -0.2557494591632935, -0.3958612809662074, 0.16109396393026892, 0.5800910712909964, 0.49233648344214653, 0.05923978122028574, 0.2894164098926646, -0.05687371106589331, -0.00553334978895724]], "inverted": false, "swapped": true, "error_lsq": 0.04850989458900739, "error_max": 0.23842867553677094, "target": "530.xyz", "model": "15.xyz", "model_rescale": 3.769337070930944, "target_rescale": 4.254813907544776},
{"mapping": [7, 6, 8, 0, 1, 4, 13, 12, 9, 11, 15], "R": [[-0.9793326575490569, 0.16890861102003774, 0.11125388524084662], [0.13903397585160432, 0.9617034544111245, -0.23621181031566965], [-0.14689145453972935, -0.21586186994694542, -0.9653116355282427]], "T": [-0.044410406193557975, 0.07711106524763625, 0.03375635574064144], "aligned_model": [[-0.24817679695857991, -0.4081755306832986, 0.05153327190207359, -0.632051204034296, 0.2898143636891567, 0.3462857215952978, 0.47429876394917836, 0.37390328741818357, 0.1542571934351777, -0.38507964155001906, -0.09398329807170316], [-0.13551334700822992, -0.6941861066002369, 0.7648924610983706, 0.37951860112157265, 0.18779561477441098, -0.32088735126758483, 0.5193547550047907, -0.5367778814772994, 0.3201609709102434, 0.11361329959918964, -0.0019065185298848264], [-0.5411478224100018, -0.19905542000158555, -0.31507585602145255, 0.017468095532493705, -0.5886430236945022, -0.2531661237982307, 0.020187339269537016, 0.4012542175026191, 0.5656899397243988, 0.6193963849403783, 0.017309876180123196]], "inverted": true, "swapped": true, "error_lsq": 0.044782074449176486, "error_max": 0.2507562816600327, "target": "530.xyz", "model": "16.xyz", "model_rescale": 3.7852294659196426, "target_rescale": 4.254813907544776},
{"mapping": [14, 3, 7, 6, 11, 0, 8, 2, 4, 5, 9, 1, 15], "R": [[0.7395625465855876, 0.15973447534560659, -0.6538594169038974], [0.48850828444549954, -0.7956630024876417, 0.3581620338624214], [-0.46304092229084426, -0.5842989678738233, -0.6664741708615792]], "T": [-0.02626422303520734, 0.18375636770885762, -0.07709986302013767], "aligned_model": [[-0.09767937356510563, -0.4138345963719342, 0.18478153808819378, 0.1241670322407826, -0.5894208525107484, -0.5950789009703218, -0.06473488617418277, -0.11235664419781846, 0.5781579487062504, 0.6070799523168244, -0.23276550342385616, 0.4893930450653421, -0.02394290898714328], [-0.22524325809334506, -0.5647384792652562, -0.24051749286836688, -0.6849357981234457, 0.16102342359609872, 0.07950406086921995, 0.6907642393277381, 0.0777082833910672, 0.025915531441362744, 0.5388622099953696, 0.6183380556370421, 0.3088451883170604, 0.08952965947832897], [-0.6026090317111252, 0.2146419837121049, 0.3618717473265508, -0.1416759768509111, -0.4548564099677647, 0.24324159721415634, 0.5106036132345783, 0.6374990913962121, -0.1330536099570631, -0.3913206924861441, -0.46438707849463506, 0.4022628625252237, -0.0864633987980084]], "inverted": false, "swapped": true, "error_lsq": 0.041269271570249795, "error_max": 0.26615890881494997, "target": "530.xyz", "model": "17.xyz", "model_rescale": 3.901054581598922, "target_rescale": 4.254813907544776},
{"mapping": [5, 4, 9, 13, 6, 11, 7, 1, 14, 0, 3, 2, 8, 9, 15], "R": [[0.0132598893741106, -0.6396813004326316, -0.7685258676262002], [0.02329631835242829, -0.7681871729988022, 0.6398013354091492], [-0.9996406638812813, -0.026387518203229654, 0.00471614228639905]], "T": [-0.008828353776226087, 0.06837351312306596, -0.03789583235120492], "aligned_model": [[0.059761571822498964, 0.15192477850119449, -0.3298850627276916, 0.30118002326398374, -0.2125995550558798, -0.5776197381644337, 0.3620414318181638, 0.654462832575529, -0.5987140905253597, 0.014685535477029645, -0.09088412283280389, 0.559114352065116, 0.6142503751153142, -0.3298850627276916, -0.038747057515935324], [0.03541730923469884, -0.3833262290434709, 0.5421848662905003, 0.49653230680130783, -0.7510869402328494, 0.3395998235138943, -0.3984363472617209, -0.08960610022031675, -0.2487075304246792, 0.28126416620919015, -0.3627422446701291, 0.031470664975024, 0.5272179828915082, 0.5421848662905003, -0.013209244526351985], [-0.825403955534892, -0.4422428200637956, -0.27010436105234825, -0.4684741133746088, 0.22361435661774842, 0.21364906310406856, 0.2106778048839807, -0.2533616015682827, -0.04382317681962793, 0.587533619546931, 0.7386186166559232, 0.4153028321461999, 0.033986014964768524, -0.27010436105234825, -0.00020151360174047728]], "inverted": false, "swapped": true, "error_lsq": 0.043859558764945614, "error_max": 0.39534546579478874, "target": "530.xyz", "model": "18.xyz", "model_rescale": 3.9405287249114394, "target_rescale": 4.254813907544776},
{"mapping": [12, 8, 0, 1, 5, 9, 2, 6, 4, 13, 3, 14, 11, 7, 10, 15], "R": [[-0.26134065038148696, -0.9602907330809298, 0.09768711489788275], [-0.9640687525544285, 0.26467975927525184, 0.022717072393756692], [-0.047670796157918624, -0.08824020052609524, -0.9949578695627194]], "T": [-0.07870455469450119, -0.007038600889407734, 0.010430286560488777], "aligned_model": [[-0.4719595987385603, 0.1769363142625691, -0.38243708665810194, -0.646542287221579, 0.4108781034101311, 0.6851692633193393, -0.11935211223065147, -0.18735549338330681, -0.24123021705228703, 0.28388713587937486, -0.7566992490944046, -0.1330182345246924, 0.4340146356816733, 0.39070461260163847, -0.10667495025514358, -0.07856072441978366], [-0.20627521939360122, -0.19146850149509193, -0.3510274814832736, 0.15357382020602744, 0.3867889796672101, -0.042634142301992126, 0.7498452334235922, 0.20269719997333624, -0.7171569168821199, -0.15392648192145308, 0.4164361409457404, 0.2969928302032367, 0.4145955747441406, -0.5200098217511686, 0.7469338081295029, 0.03165772264816226], [0.33569064748741223, -0.677250972030589, -0.5015193760145642, -0.28500732730715683, -0.5340614952278053, -0.05468188235622107, -0.4147754523883679, -0.6984345263275011, -0.05267609174563895, 0.5565814210504405, 0.30440466004770556, 0.7206090493852073, 0.2907102459896898, -0.09975641484799477, 0.2309916167091073, 0.0009476410186992114]], "inverted": true, "swapped": false, "error_lsq": 0.04468226188441395, "error_max": 0.2636783337804494, "target": "530.xyz", "model": "19.xyz", "model_rescale": 4.410303926677745, "target_rescale": 4.254813907544776},
{"mapping": [6, 10, 14, 7, 12, 2, 4, 11, 0, 13, 8, 5, 9, 15], "R": [[0.025002178709794876, -0.12834748828126574, -0.9914140473644977], [-0.9614553316225712, -0.27472807864092946, 0.01131936839206682], [-0.2738220888721279, 0.952917312812688, -0.13026917742716754]], "T": [0.011846190427645948, -0.024094447201070516, 0.1477999121227238], "aligned_model": [[-0.24774288435562025, 0.42067472967597314, 0.3400867437875488, -0.5445728004651291, 0.23680851500532651, -0.4755389604339773, -0.3762328478448053, 0.6438637265320588, 0.12235389641808088, -0.03210817677841125, -0.26682583007402955, -0.08440164489681204, 0.5303818167829393, -0.0055583938922695916], [-0.0853831473273262, -0.4873095037658666, 0.13477122441936068, -0.23059625496534347, 0.6664752359425338, -0.5433770943192573, 0.43115943485398517, -0.23306418673638732, -0.675098565700571, 0.2611812105172012, -0.27972217380314157, 0.7344112633223215, 0.15750200662445785, -0.04000098288076451], [-0.6949829326895179, -0.49712790397166196, -0.41394784401023743, -0.10715029225369166, -0.25145705878363755, 0.29649763888266994, -0.040639139058008866, 0.016469539218625845, 0.17972195895988172, 0.7654637488859782, 0.8267172268153954, 0.3511842149767638, 0.4300036358985938, 0.056062245853868056]], "inverted": true, "swapped": true, "error_lsq": 0.0524342707805434, "error_max": 0.3639472715025548, "target": "530.xyz", "model": "20.xyz", "model_rescale": 4.121658175737393, "target_rescale": 4.254813907544776},
{"mapping": [13, 8, 2, 1, 7, 9, 0, 4, 11, 14, 3, 6, 15], "R": [[-0.2516037810044863, -0.166670870584535, 0.9533710496353662], [0.9631068619581782, 0.05408515546254075, 0.26362846661099365], [-0.09550240747393476, 0.984528118875833, 0.14691382953791837]], "T": [0.0001580516898644635, -0.16833349130137062, 0.03026601441456831], "aligned_model": [[-0.006066237578317167, 0.03767277345865541, 0.26662874525971225, 0.5894126562829904, 0.510627509366933, -0.4883462213793266, -0.303774655355322, 0.5373406988140559, -0.6219252390984699, -0.13743053889149212, 0.06193855862098882, 0.4037637463678768, 0.03124110879600986], [-0.5774158549824497, -0.027900924499084184, 0.4010553381867993, -0.2033241209130188, 0.2240798543496211, -0.5348556388732101, 0.40735796868128304, -0.4540632957822033, -0.09432897473590726, -0.2590079772830207, 0.6254683241364152, 0.16031141608318758, -0.12654921020522936], [0.5756426553485096, 0.793681818311546, 0.39646199629387563, 0.4338659656453998, -0.02147754249348994, 0.12257256936663544, 0.1453381003089293, -0.12193121138983187, -0.2303062321543036, -0.6188782078840224, -0.37176692222236934, -0.6842412872230619, -0.048851962426028024]], "inverted": true, "swapped": true, "error_lsq": 0.055179545875507996, "error_max": 0.35351198935488576, "target": "530.xyz", "model": "21.xyz", "model_rescale": 4.08911054899281, "target_rescale": 4.254813907544776},
{"mapping": [7, 8, 6, 10, 11, 1, 9, 5, 0, 2, 12, 13, 15, 1, 14, 16], "R": [[0.6873664533407887, 0.3007665658872086, -0.6611103021933032], [-0.40022392796637096, -0.6027232205566486, -0.690322770075702], [-0.6060925393905409, 0.7390968760901624, -0.29391774605982657]], "T": [-0.05727440802066344, 0.09956732520707877, 0.017380082223017984], "aligned_model": [[-0.7075133431592598, 0.1637364945474591, -0.3655563813071002, -0.7363569332158358, 0.4817491196294489, 0.5985391524131621, -0.28914562592510396, -0.1992364760694913, -0.14034093543820522, 0.5003986213024411, -0.6216532281862122, -0.4585747461476277, 0.5557456651853997, 0.5985391524131621, -0.048210565815927, -0.0743598586500945], [-0.18333283048707621, -0.1878382761090735, -0.439995431707485, 0.24939279044517448, 0.27752692384395267, -0.3253597403678089, 0.7317612671999496, 0.37987692448923316, -0.6538168531852464, -0.011337641541494872, 0.4979011952065774, 0.020688864281397254, 0.4832249081432324, -0.3253597403678089, 0.636955491811156, 0.06673489305757005], [0.07172175267471306, -0.5736480214558153, -0.3942002681932094, -0.39192990196460575, -0.4961148526605489, -0.12170242623531916, -0.21524444266106343, -0.6142862487886528, 0.17735392367900776, 0.4623010977857158, 0.2777186721282614, 0.5364814143821812, 0.10968537349169198, -0.12170242623531916, 0.3680286115304424, 0.04730948596494318]], "inverted": true, "swapped": false, "error_lsq": 0.05550984867934875, "error_max": 0.3856572836149044, "target": "530.xyz", "model": "22.xyz", "model_rescale": 4.204369325754507, "target_rescale": 4.254813907544776},
{"mapping": [12, 8, 0, 1, 5, 9, 2, 6, 4, 13, 3, 14, 11, 7, 10, 15], "R": [[-0.26134065038148696, -0.9602907330809298, 0.09768711489788275], [-0.9640687525544285, 0.26467975927525184, 0.022717072393756692], [-0.047670796157918624, -0.08824020052609524, -0.9949578695627194]], "T": [-0.07870455469450119, -0.007038600889407734, 0.010430286560488777], "aligned_model": [[-0.4719595987385603, 0.1769363142625691, -0.38243708665810194, -0.646542287221579, 0.4108781034101311, 0.6851692633193393, -0.11935211223065147, -0.18735549338330681, -0.24123021705228703, 0.28388713587937486, -0.7566992490944046, -0.1330182345246924, 0.4340146356816733, 0.39070461260163847, -0.10667495025514358, -0.07856072441978366], [-0.20627521939360122, -0.19146850149509193, -0.3510274814832736, 0.15357382020602744, 0.3867889796672101, -0.042634142301992126, 0.7498452334235922, 0.20269719997333624, -0.7171569168821199, -0.15392648192145308, 0.4164361409457404, 0.2969928302032367, 0.4145955747441406, -0.5200098217511686, 0.7469338081295029, 0.03165772264816226], [0.33569064748741223, -0.677250972030589, -0.5015193760145642, -0.28500732730715683, -0.5340614952278053, -0.05468188235622107, -0.4147754523883679, -0.6984345263275011, -0.05267609174563895, 0.5565814210504405, 0.30440466004770556, 0.7206090493852073, 0.2907102459896898, -0.09975641484799477, 0.2309916167091073, 0.0009476410186992114]], "inverted": true, "swapped": false, "error_lsq": 0.04468226188441395, "error_max": 0.2636783337804494, "target": "530.xyz", "model": "23.xyz", "model_rescale": 4.410303926677745, "target_rescale": 4.254813907544776},
{"mapping": [5, 10, 8, 15, 11, 1, 14, 9, 4, 0, 6, 12, 7, 3, 13, 16], "R": [[-0.6353003929907055, 0.028361003461481404, 0.7717441701422262], [-0.35736387491177835, -0.8966884371471022, -0.2612296070408684], [0.6846053400126925, -0.44175275909647194, 0.5798017146031569]], "T": [-0.037722250314273856, 0.11497670040620164, -0.0739410613525289], "aligned_model": [[-0.4950908156898944, 0.18047043210687147, -0.3725460348356541, -0.7064126485050966, 0.30546871075097687, 0.8044381598923346, -0.30648838819432395, -0.23288843930777287, -0.21553976543096975, 0.2582239469755194, -0.5944532293908799, -0.17401349871086147, 0.4659924147237881, 0.40369552384417595, -0.1023566429323512, 0.03926038628035278], [-0.14733571194598363, -0.22451345067914788, -0.41606261502323927, 0.20401712659112659, 0.4573069257048047, -0.04674980951286173, 0.6802566803451515, 0.17031846175221427, -0.5494721459529003, -0.15422074139959904, 0.5066954278432835, 0.21533735433364665, 0.4230467183490698, -0.6583782502654754, 0.7313169308423205, 0.02545984372983895], [0.26899949787043087, -0.5847466377997, -0.6045981502917657, -0.3068340511717919, -0.4810669235878824, -0.10469376920685627, -0.33157121763066744, -0.6666192470091794, -0.1017445661843406, 0.5666324291394607, 0.2644450277103556, 0.7118886081926297, 0.23150172699345903, 0.05382221021903491, 0.2579229762682732, -0.05156617006903757]], "inverted": true, "swapped": false, "error_lsq": 0.03919774239682486, "error_max": 0.27344892705060875, "target": "530.xyz", "model": "24.xyz", "model_rescale": 4.28219845311461, "target_rescale": 4.254813907544776},
{"mapping": [9, 14, 12, 7, 2, 6, 4, 13, 11, 8, 3, 1, 0, 10, 1, 15], "R": [[-0.5965978590347054, 0.7721857827787051, -0.21863236601574942], [0.35478965383988026, 0.00941174619188806, -0.9348987755697393], [-0.7198578304938997, -0.6353271093759958, -0.27957855419999206]], "T": [-0.11528296267037708, 0.04928369650977779, -0.07742976560480061], "aligned_model": [[-0.7417095830949227, 0.33094973768618124, -0.355082822550176, -0.7697280207761242, 0.30382144914969234, 0.7806054315014065, -0.1982549918222486, -0.3119961609634202, -0.16107440593250777, 0.2827280934626657, -0.5631984628451964, -0.05099048811656577, 0.4360705109405699, 0.395051357210254, -0.05099048811656577, -0.06844104415682747], [-0.17864827498843813, -0.3888429301592763, -0.5041761787946512, 0.38563953111108284, 0.2916863378080171, 0.055720435731885065, 0.7734278323648247, 0.09924965094031718, -0.492722197920733, -0.15475095189148946, 0.48358644436628795, 0.318106471485603, 0.6441951435270369, -0.5400636395033696, 0.318106471485603, 0.10650859914954874], [0.0344200867477539, -0.5122470387560848, -0.5471084790490645, -0.3306340787608957, -0.5615500769660471, 0.02024156354306801, -0.1355631115508287, -0.6357520542089471, -0.052735122964187336, 0.4535157291274319, 0.3816978558331289, 0.5000459414311886, 0.009999573754364333, 0.0706695872434086, 0.5000459414311886, -0.0732745734130551]], "inverted": false, "swapped": false, "error_lsq": 0.049354353213422575, "error_max": 0.39475111285604664, "target": "530.xyz", "model": "25.xyz", "model_rescale": 4.100010024507729, "target_rescale": 4.254813907544776},
{"mapping": [11, 9, 8, 5, 3, 7, 0, 4, 12, 6, 14, 15], "R": [[-0.7038585979402283, 0.3218176401834377, 0.6332586206064466], [0.5397412877236316, -0.33727249004347126, 0.7713148577502655], [0.46180343917304456, 0.8846924176947828, 0.06369387444101832]], "T": [0.04938381785209797, -0.02175106417074018, 0.0856719271314682], "aligned_model": [[-0.5638280856816432, -0.08091744849345736, 0.3715753065132483, 0.6519494304880092, -0.4892707430543527, 0.2022318395595, -0.40085882130890116, 0.5084226490494912, 0.13966858318738545, -0.16020576437917408, -0.31561945470411656, 0.013618111187017522], [-0.3070931811251304, -0.6254140940765425, -0.10449463703258985, -0.386189733682297, 0.6869981652828328, 0.6036037861464904, 0.15366016004066801, 0.1702304359764169, -0.2419076290124744, 0.6677089274190338, -0.0004420477963178668, 0.049471237910549644], [0.03169765095667477, 0.07528270828008689, 0.7880098056430181, -0.2749648319239815, 0.14129952040635568, 0.1387142705230481, 0.5368368645577348, -0.2961620264880888, -0.7082300892907184, -0.42632694302056917, -0.47545126865912724, 0.034486628869923444]], "inverted": true, "swapped": true, "error_lsq": 0.04661584936802004, "error_max": 0.2693072056591773, "target": "530.xyz", "model": "26.xyz", "model_rescale": 3.6694154284099745, "target_rescale": 4.254813907544776},
