[{"mapping": [1, 4, 3, 8, 2, 5, 11, 6, 12, 9, 10, 13], "R": [[-0.9950904405050369, 0.0222428389153237, -0.09643791439303663], [0.09046113702388063, 0.5996873209315653, -0.7951049615002214], [0.0401472029391637, -0.7999252297752014, -0.5987552328499959]], "T": [-0.07561082628925261, 0.036711939472205427, -0.02531207676690774], "aligned_model": [[-0.18012773669914794, 0.36930733864325405, 0.37277416476433256, -0.02539805591339258, -0.14785378386769218, -0.5307734534093981, 0.31122163288279203, -0.2993536742283329, 0.5527509214621675, 0.11757617184503161, -0.6083530299551885, -0.09412803306387654], [-0.3853609581962427, -0.6792012776589115, -0.20322409740752423, 0.7122920903718654, 0.40450027839479274, -0.5357041801269501, -0.2421933223710957, -0.3647677545209813, -0.048174779591971376, 0.3675426954021992, 0.08937933934604826, -0.06153299766417146], [-0.481423160044518, 0.028113520908959334, -0.7654655680552778, -0.012556670626863074, -0.6703843193160781, 0.018884328714001954, 0.6549772652565877, 0.5862722320891119, -0.08188983355959004, 0.5376806131404295, 0.3851140998174385, -0.017370762970638942]], "inverted": true, "swapped": true, "error_lsq": 0.04278044900894195, "error_max": 0.23851623773336234, "target": "533.xyz", "model": "0.xyz", "model_rescale": 3.751011558992144, "target_rescale": 4.040011789566521},
{"mapping": [12, 0, 13, 2, 1, 7, 6, 5, 9, 10, 11, 4, 8, 14], "R": [[-0.9065309968067302, -0.3839149947822528, -0.17553013590246894], [0.38685729292983834, -0.9219532877400402, 0.018535644912657738], [-0.16894669791266595, -0.05110197654370854, 0.984299548540856]], "T": [0.07435412147514167, 0.020756777186582875, -0.06534578106404529], "aligned_model": [[-0.6296418856837143, 0.1309395966432106, -0.07250042591229267, 0.46769707157545015, 0.21694884962283031, -0.3755655824723305, -0.2787235197723379, 0.3861865602733542, -0.12302585034641797, 0.1687548736843619, -0.5672398228778999, 0.5862793109090002, 0.736680078556647, 0.02710407626789829], [-0.20257337617212376, 0.040679810162020796, -0.6901118418350802, -0.5881516597773411, 0.5644028406559989, 0.3117059226127867, 0.6816644432676343, -0.43941335858104247, -0.3309721546182433, 0.26126665324460285, 0.2451019833019077, 0.5637167465464356, 0.009949234714054296, 0.0013722432481531738], [-0.14589619125776074, -0.821590235758788, -0.04081525513319549, -0.4631521925114297, -0.4774152541077671, -0.45598356542805807, -0.01777497660843129, 0.21941731917259802, 0.45572765578478325, 0.7129197556454702, 0.35269420265671636, 0.19676305511982708, -0.1056666905483979, -0.045458963438522244]], "inverted": false, "swapped": false, "error_lsq": 0.045241806743824046, "error_max": 0.30904670885010466, "target": "533.xyz", "model": "1.xyz", "model_rescale": 3.9405287249114394, "target_rescale": 4.040011789566521},
{"mapping": [5, 6, 10, 12, 11, 0, 1, 4, 9, 8, 7, 2, 13], "R": [[-0.808056226913644, -0.5601831188556392, 0.18231842335664844], [0.4742995846276161, -0.43508149262017004, 0.7653391397292284], [-0.3494066945096444, 0.7049106100269549, 0.6172649299152433]], "T": [-0.08857961413552012, -0.06755568629853681, 0.04988691206613137], "aligned_model": [[-0.11023502429817052, 0.14810078466493745, -0.4043290043052634, 0.42748738017803717, 0.5738669591736889, -0.7103350752012101, -0.07545215695131521, 0.6687947822459042, 0.05023450383751735, -0.42007087984711927, -0.060061372847660874, -0.5459660029412858, -0.04605161442412854], [0.6543578330800909, 0.3327974908916129, 0.14740678349037586, -0.3412629241790705, -0.1139262924345778, 0.2144718124386653, 0.3809422250736427, 0.2721659065994868, -0.49963645613242547, -0.6549983651629644, -0.6840923308742611, -0.27260143550970856, 0.02320834629115029], [-0.07323281466501143, -0.5575518880356215, -0.5061087859312898, 0.3028779968623574, -0.44934789223059945, 0.052610790217936326, 0.49236169005829544, 0.20580825589583585, -0.4578214916436829, -0.014278520915580975, 0.46879419105783093, 0.6024802863841575, 0.046528532534016676]], "inverted": true, "swapped": true, "error_lsq": 0.049199296458418806, "error_max": 0.3261033275297943, "target": "533.xyz", "model": "2.xyz", "model_rescale": 3.932901565614263, "target_rescale": 4.040011789566521},
{"mapping": [6, 10, 2, 1, 11, 12, 9, 0, 4, 7, 5, 8, 3, 13], "R": [[0.16230340951963854, -0.9305562532560696, 0.3282113081298789], [0.1860480709040535, -0.2977961335677542, -0.9363245047231098], [0.9690426815012747, 0.21303174025980753, 0.12479486796618347]], "T": [0.14685176259628271, 0.050319388460827785, -0.034817291580407896], "aligned_model": [[-0.43369659948864736, -0.09541818618912423, -0.09382518100961493, 0.3836800782234286, 0.5384559752297134, -0.487494478623677, -0.17826977114682965, 0.45442821205990136, -0.19044404792075456, 0.0916787205177893, -0.5239380396277632, 0.5202170576686911, 0.6470359626751158, 0.04148362809953149], [-0.23845450131035828, 0.08067224041789917, -0.7470727291564181, -0.5015791186512315, 0.516734288428726, 0.3421521358411575, 0.6786123352622595, -0.48387496626866916, -0.48749771398275116, 0.2827430528120034, 0.1573185889750431, 0.6758583776315221, 0.07990252933359257, 0.07312296743698855], [-0.24991145828113986, -0.7082632185818419, -0.013834614041358863, -0.4685095876577567, -0.6881257792821326, -0.34395852785614706, 0.16351803226520725, 0.22782971155021495, 0.56535827028847, 0.63799599828872, 0.20053754260876075, 0.055105202795072104, 0.0632953062285336, -0.07726821473755752]], "inverted": true, "swapped": false, "error_lsq": 0.04403256893539418, "error_max": 0.24894720539441328, "target": "533.xyz", "model": "3.xyz", "model_rescale": 3.9243930471874484, "target_rescale": 4.040011789566521},
{"mapping": [2, 1, 7, 8, 12, 0, 10, 3, 4, 5, 11, 6, 13], "R": [[0.8923905278489683, -0.23333514617140216, 0.3862562043082427], [0.4506838385630818, 0.50422221491906, -0.7366437644073042], [-0.02287407841830086, 0.8314533465825297, 0.555123507873001]], "T": [0.02519116799140895, -0.16374315608146986, -0.05034645962502044], "aligned_model": [[0.0870258312605417, -0.23068003849669136, 0.645468236477862, 0.3194993903590524, 0.5782568131706666, -0.5288294957174964, -0.44759561202123815, 0.34798837780476, 0.17738450481962598, -0.6076107588821136, 0.2889350211962403, -0.32467941790044497, -0.027956965759411985], [-0.49581154548699424, 0.2154867583572939, -0.384976454729378, -0.7735819368564157, 0.1483783468637769, -0.4880098082309532, -0.43067311213279946, 0.26464548190039405, 0.6611893451143923, 0.19879317143230765, 0.19900743450194516, 0.09309440587907528, -0.07971253293105757], [-0.7155626383598332, -0.4837299312545204, -0.40066947979682305, -0.07426077947629722, -0.09443549676628599, -0.2828094145414282, 0.34997692991106716, -0.7705760958153105, 0.04794778808455146, 0.019765493273758976, 0.6489905652433793, 0.5796592652898431, -0.03722589042113748]], "inverted": false, "swapped": true, "error_lsq": 0.05650708550723063, "error_max": 0.3730935623411414, "target": "533.xyz", "model": "4.xyz", "model_rescale": 3.8936222436046832, "target_rescale": 4.040011789566521},
{"mapping": [3, 12, 2, 1, 8, 9, 11, 10, 5, 4, 0, 13], "R": [[-0.41616076057655144, 0.31925475397454794, -0.8514027386736533], [-0.9040532487708551, -0.24562974999605067, 0.34979100803728513], [-0.09745739963290984, 0.9152827038579547, 0.3908447610948147]], "T": [-0.13449421718904064, 0.034562590605957455, -0.018364695249269702], "aligned_model": [[0.015081612098877761, -0.3667963694268839, -0.2503467764206893, 0.37716863907906595, -0.7240452809820791, -0.6403917642250903, -0.25919431845330715, -0.007661054486642893, 0.5596369413553929, 0.22362076310767726, 0.1459191949608264, -0.045443544392050644], [-0.5093841310097735, -0.5519324678231252, 0.25149605467027647, -0.11204893229802795, 0.33464328365350715, 0.06386625671985444, -0.40623318757464494, 0.5398697857862408, 0.13803804996004015, -0.708735452392295, 0.6282875689780147, 0.0010560764397399627], [-0.717073953809916, -0.10383129795655258, -0.722725087351966, -0.35572625005936154, -0.16490371334623494, 0.4365418240067633, 0.6747226384299507, 0.41013938214077783, 0.19201904321576574, 0.16218968049113694, -0.20540947936453474, 0.013341932879689822]], "inverted": false, "swapped": true, "error_lsq": 0.041045333378218606, "error_max": 0.2115219162222342, "target": "533.xyz", "model": "5.xyz", "model_rescale": 3.6523030999806103, "target_rescale": 4.040011789566521},
{"mapping": [2, 8, 7, 3, 12, 0, 9, 1, 10, 6, 11, 4, 13], "R": [[0.757118142994594, -0.2159634017039992, -0.6165483976727656], [0.6506188260212049, 0.33434015896809866, 0.6818444113784139], [0.058883450775295665, -0.9173747692331764, 0.39364485516664616]], "T": [-0.0020375092790608784, -0.08165452586952279, 0.03136334150659872], "aligned_model": [[0.15881107420618606, -0.26421057494491523, 0.33758672130818845, 0.837849222423289, 0.50584128643435, -0.36961904268678225, -0.33124906196162285, 0.3671233755936008, -0.6317858119467774, -0.33607911248632266, -0.0013717212839535753, 0.5855410741452214, 0.02264547586383304], [-0.4476643218628684, 0.15311083994090044, 0.17763404363044835, -0.3138516901842232, 0.30105120470129143, -0.6420398061632784, 0.5139504659591674, -0.5710542289031442, -0.17613398957124832, 0.044184624049885546, 0.5543858528020794, 0.06460023939217988, -0.1173463296280068], [0.6612602121943575, 0.6103651287572854, 0.6427869690413488, 0.24843555865240305, 0.06035879506998307, 0.16166659107802916, 0.05596865588233601, -0.11463257469376006, -0.1911865702608926, -0.6452923236628665, -0.503120782532051, -0.5574483044178994, -0.05905161562648397]], "inverted": false, "swapped": true, "error_lsq": 0.052154716782512316, "error_max": 0.36311466840446427, "target": "533.xyz", "model": "6.xyz", "model_rescale": 4.08911054899281, "target_rescale": 4.040011789566521},
{"mapping": [11, 1, 13, 2, 3, 9, 8, 7, 12, 5, 10, 4, 6, 14], "R": [[0.2367956809156646, 0.1268419868556104, -0.9632439544945028], [-0.9610638995757613, -0.11475542049605258, -0.2513709895731907], [-0.14242186079362162, 0.9852625557876924, 0.09472966658226412]], "T": [0.051743376909988446, 0.028107430587886898, -0.0487910340692037], "aligned_model": [[-0.5220808259771692, -0.1061857328725431, -0.10302865127469626, 0.5157124640808926, 0.41976904816048766, -0.3239360975473836, -0.20204671406338134, 0.6064918422382796, -0.28259457605716776, 0.2703282540119678, -0.4329616062222873, 0.36157509446791347, 0.5285313682835525, -0.05568053676070566], [-0.0919996450956719, -0.27017501200368854, -0.6873192994892432, -0.49684256461691334, 0.6239430401479948, 0.38729665930357426, 0.6607756216379379, -0.41670095841086047, -0.3645127346467497, 0.10068245833361265, 0.26297048723879124, 0.5816649886416059, 0.07445347957832187, 0.06440096615105219], [-0.0776204896453791, -0.6999684596455943, -0.038556996040748394, -0.4479147391726873, -0.4175571766942113, -0.6356516123617423, -0.02709949096667874, 0.25729490456518656, 0.44321451170041, 0.6774697637392337, 0.4299315603937249, 0.2585000761487208, -0.18903447055880815, -0.1692387178743813]], "inverted": false, "swapped": false, "error_lsq": 0.048798490984980965, "error_max": 0.2927902194808717, "target": "533.xyz", "model": "7.xyz", "model_rescale": 3.964800864290218, "target_rescale": 4.040011789566521},
{"mapping": [7, 9, 4, 11, 10, 8, 5, 4, 2, 0, 1, 3, 6, 13], "R": [[0.7811433168865721, -0.6227878951681695, -0.04416283636097079], [0.6172126030058059, 0.780943224283898, -0.09579291798388487], [0.09414733758445942, 0.047570138501700956, 0.9944211184144709]], "T": [0.027048552212907143, 0.03223184344775007, -0.01679833610065847], "aligned_model": [[-0.6452835125153109, -0.05164365903499395, 0.30917782453009607, 0.5327262563629579, 0.3315256207472313, -0.4890679449636035, -0.0692250826915092, 0.30917782453009607, -0.15121583909225855, 0.1295095166504024, -0.5764357628105866, 0.4697481250620482, 0.5786986370924412, -0.003798673399251152], [-0.20185891807006734, -0.008544777339816206, -0.6061254069567857, -0.3720420299205194, 0.5083174251498699, 0.3357699918799152, 0.8278708482224485, -0.6061254069567857, -0.38482252290901287, 0.17808695328442525, 0.2794745585294948, 0.5068277609556956, -0.10070151639640834, 0.0725105272973099], [-0.01187136218023549, -0.6994413832890679, 0.0726247569546406, -0.5344719971372526, -0.6132631268799051, -0.49902850437707685, -0.2550433450133312, 0.0726247569546406, 0.465794857023167, 0.6770225415210899, 0.3544126719958509, 0.3068349424514497, 0.10368705252171764, -0.07611319695864248]], "inverted": true, "swapped": false, "error_lsq": 0.054459032853322584, "error_max": 0.4444675521876015, "target": "533.xyz", "model": "8.xyz", "model_rescale": 4.121658175737393, "target_rescale": 4.040011789566521},
{"mapping": [1, 5, 0, 2, 4, 12, 6, 9, 10, 11, 7, 8, 13], "R": [[-0.7548057724050962, -0.001459350119442926, 0.65594673277727], [0.09925355341234715, -0.9887375432614934, 0.11201251126659602], [0.6483956956049052, 0.14965273416298092, 0.7464496507324361]], "T": [-0.027618478036705696, 0.050368765565203, -0.06091975809224904], "aligned_model": [[-0.3974777393252304, -0.03403491327825703, 0.3838563259610991, -0.032823615734212094, -0.7339893316624149, -0.5338238275537497, 0.14713878304743377, 0.27244773904895403, 0.5430710529213689, -0.17142987353799705, -0.23892453420711202, 0.34229276338502035, -0.06956533262970557], [0.08452901406114108, -0.42692589043334533, 0.20060152092667413, 0.7578967599489875, -0.4118037212763637, 0.11708555313470481, -0.6944005928669477, -0.11132537362725423, -0.2829948465532731, -0.5815839517196495, 0.6609091779593064, 0.5023675741986163, -0.023967784340887165], [-0.5699814832870905, -0.6167391478901572, -0.5846041934277152, -0.2975260745323257, -0.033080720901150946, 0.3192779510685572, -0.06870923628924505, 0.528610771160612, -0.1959009359361579, 0.4588639768052515, 0.31191289611392825, 0.28252647270383413, -0.1135748416292517]], "inverted": false, "swapped": true, "error_lsq": 0.046226138238329315, "error_max": 0.272338471019946, "target": "533.xyz", "model": "9.xyz", "model_rescale": 3.833441315466971, "target_rescale": 4.040011789566521},
{"mapping": [8, 11, 10, 12, 6, 7, 3, 0, 13, 5, 9, 4, 1, 14], "R": [[0.03249393382702226, 0.6612621409979107, 0.7494508156959366], [0.6745731516476456, -0.5678084484301498, 0.47174636084182864], [0.7374925134132603, 0.49023050371657384, -0.46452001666794374]], "T": [0.08103596688697975, 0.02581222511216181, -0.0751544424844386], "aligned_model": [[-0.6189800434902419, -0.2325204357715497, -0.14530354854752286, 0.4282813278907056, 0.5877685083892588, -0.3257471984336048, -0.29910533607710554, 0.40921594121621163, 0.004434769442900638, 0.3496657889582483, -0.6823477336846856, 0.3955036898393738, 0.7964688249232242, 0.006558775812547338], [-0.31634834751578583, -0.16283620204912375, -0.7546200539236058, -0.18666205043951578, 0.39011296400408124, 0.3606025513949163, 0.7886222742464506, -0.48189600034498875, -0.29256458750930414, 0.15627229172540752, 0.24479711826237815, 0.7381001750555851, -0.1364067188736198, 0.08146407273688858], [-0.09667397155021203, -0.6508550889362087, -0.19945257244536135, -0.5193339093679885, -0.3429914658220613, -0.48302313535147995, 0.09198402845550872, 0.23845873318916488, 0.6517946638151593, 0.5316844085956788, 0.08977302280322343, 0.09709104418145524, 0.01115762369436428, -0.05584471767419842]], "inverted": true, "swapped": false, "error_lsq": 0.04498166594822032, "error_max": 0.2891491468911517, "target": "533.xyz", "model": "10.xyz", "model_rescale": 4.2482417240324, "target_rescale": 4.040011789566521},
{"mapping": [11, 4, 1, 3, 10, 0, 5, 2, 12, 8, 9, 13], "R": [[0.10731418944707416, -0.8491606935558109, -0.5171167965393617], [-0.8129004230884334, -0.37440228877076026, 0.446111901103145], [-0.5724304035303887, 0.3724903256234051, -0.7304617652081498]], "T": [-0.03445942161103598, 0.12402029500247022, -0.07648777312507464], "aligned_model": [[-0.7054430298040365, -0.11705332737346685, 0.3733322892211709, 0.7134499044536525, -0.47782561747937236, 0.14443433618350932, -0.16343833469328684, 0.6332479521112356, 0.06186613565094851, 0.01637325322069095, -0.5497465002011327, -0.052431458926905976], [-0.3509156313515268, -0.6803419639403386, -0.07243245616865984, -0.37246788935127195, 0.5620878520176672, 0.6791060269619665, 0.09519053634357241, 0.4186647175081105, -0.4074266752743211, 0.5269801107529926, 0.19376751929901145, 0.07391924325343742], [-0.19664578916356013, 0.16747494032984378, 0.3619399551613344, -0.10050267359594632, 0.18150639125453072, 0.2784821361887912, 0.6441507204048583, -0.2312683682840172, -0.41343107469995255, -0.618827140167502, -0.5161985025227751, 0.008511694948751244]], "inverted": false, "swapped": true, "error_lsq": 0.04036869006982189, "error_max": 0.24928946370353633, "target": "533.xyz", "model": "11.xyz", "model_rescale": 3.6694154284099745, "target_rescale": 4.040011789566521},
{"mapping": [1, 4, 0, 6, 11, 3, 8, 5, 12, 10, 2, 9, 6, 13], "R": [[-0.03798040310519509, -0.7159696569519689, 0.6970975106138646], [0.4379247725362317, 0.615118155046295, 0.6556306497804478], [-0.8982089860266691, 0.3301773851379323, 0.2901784136775525]], "T": [0.11815519376455308, 0.017066176063426024, 0.03626840569690903], "aligned_model": [[-0.6784305809388215, -0.11477471787659893, -0.0138816463441373, 0.535478664941069, 0.4628538869585106, -0.5354263032043076, -0.13491838087608587, 0.5656567440940564, -0.13837891079917164, 0.10232886130073182, -0.4558030680758569, 0.483388990469705, 0.535478664941069, 0.06032112587759737], [-0.23456164891527992, -0.038533499252214505, -0.6260451823558154, -0.2068774025615373, 0.45512885519766516, 0.3294424066881743, 0.7205662740909657, -0.6046799951976753, -0.3310763727729615, 0.28004404848540715, 0.25476885547225836, 0.7105225456149052, -0.2068774025615373, -0.07318399516259116], [-0.10014286707140813, -0.663967970191928, -0.24606458555938837, -0.27283550474664814, -0.44779000913252565, -0.4290285080731463, -0.08051870491441157, 0.276569994230015, 0.5604396746080166, 0.6143003711846277, 0.23722343364922066, 0.21064960927949367, -0.27283550474664814, -0.022230764928224366]], "inverted": false, "swapped": false, "error_lsq": 0.048167599338626514, "error_max": 0.4069579880791547, "target": "533.xyz", "model": "12.xyz", "model_rescale": 3.9764082729961374, "target_rescale": 4.040011789566521},
{"mapping": [3, 8, 7, 2, 1, 11, 13, 0, 4, 6, 14, 12, 9, 15], "R": [[-0.2509107534530295, 0.6975182498491914, 0.6712019702957926], [-0.4643677758095979, 0.5216602172157078, -0.7157046783164879], [-0.8493564402483095, -0.49126256615152514, 0.1930148401210082]], "T": [0.12368171224608626, 0.10101898100042023, 0.010166650213907967], "aligned_model": [[-0.6029481568825885, -0.1419443837615837, 0.01242917853236336, 0.39730573580382034, 0.5091125587693522, -0.47154243057094747, -0.07705456605251293, 0.5551708839428668, 0.06748920664021119, -0.19342801103022877, -0.6193827399815541, 0.47339556521492204, 0.7172110076842748, 0.04807948215936422], [-0.24396609432406052, -0.030412334530500573, -0.6423904546924366, -0.39255047891280465, 0.20334057650134668, 0.43806590008642105, 0.6559117492992304, -0.4779500947143685, -0.40651588161540825, 0.2788602863930475, 0.328138873669462, 0.6296541195556011, 0.054075598781663126, 0.03437572127257116], [-0.23769980255253362, -0.6315664898576365, -0.06728645552172446, -0.5535518929254528, -0.4840963687380453, -0.3931350890481149, 0.17227620715429665, 0.08579625801832841, 0.5152552437522036, 0.6820838320146837, 0.19746270934145274, -0.063716001841255, 0.09394266611424285, 0.04800384767659931]], "inverted": true, "swapped": false, "error_lsq": 0.05036061569975213, "error_max": 0.34053200791334415, "target": "533.xyz", "model": "13.xyz", "model_rescale": 4.170626492500431, "target_rescale": 4.040011789566521},
{"mapping": [8, 10, 1, 9, 11, 12, 5, 1, 0, 2, 4, 6, 3, 13], "R": [[-0.8702478402036863, -0.4823722446498785, 0.09992854553258172], [-0.48388743893793285, 0.8750720537919001, 0.01009193294242585], [-0.0923127459179277, -0.03957168512792704, -0.9949434349133767]], "T": [-0.008185317020994086, -0.0007911633663711046, 0.01405604474129609], "aligned_model": [[-0.7247613925099109, -0.1786249088797688, 0.36588147246475694, 0.4323634692344468, 0.41396028177361877, -0.46710808242131957, -0.029263388081790652, 0.36588147246475694, -0.0948342562323681, 0.06531067983152136, -0.5524757195823307, 0.38024965681382694, 0.6629990469866678, 0.03431499860565309], [-0.14499061648778216, -0.15503927461364767, -0.6722634068836544, -0.32732996510802037, 0.33329397295178176, 0.3834293106481968, 0.8510458474042709, -0.6722634068836544, -0.44977235954875694, 0.1022960248407841, 0.3321491859280075, 0.7297861815102342, 0.037292056561853595, 0.0810039364501508], [-0.11740322104591192, -0.5011974566330191, 0.017734778903360865, -0.5822623403097305, -0.4440267711782324, -0.40721660323328035, -0.3039836546012863, 0.017734778903360865, 0.3971568843854557, 0.659736722251892, 0.3238330808243085, 0.16526544023337203, 0.16746667768899137, -0.029069652602236727]], "inverted": false, "swapped": false, "error_lsq": 0.05810441342161613, "error_max": 0.46489546747213356, "target": "533.xyz", "model": "14.xyz", "model_rescale": 3.9786697098870705, "target_rescale": 4.040011789566521},
{"mapping": [2, 0, 3, 7, 1, 4, 10, 6, 12, 8, 5, 13], "R": [[0.9940666745739131, -0.10327345380267794, 0.034147331392482244], [0.09208733490892046, 0.6319537163194644, -0.769515706908826], [0.05789101183201224, 0.7680944565414362, 0.6377143063938442]], "T": [0.027457599485972563, -0.0672267767738973, 0.08287512813081281], "aligned_model": [[0.02112756075114625, -0.5840617378671176, 0.5492529619152828, 0.5502077497844055, -0.029600865064022864, 0.4652010675371733, -0.5444400338226082, -0.25720544967804354, 0.6583836532011303, 0.07553730666188821, -0.4293568455617626, 0.008309228909865168], [-0.46143735004804043, -0.1893393598199682, 0.143619807389533, -0.5308538258601809, 0.3354044492197219, 0.6517710738798282, -0.10478885860999038, 0.35827431840878, 0.017380869637438984, -0.7415402069563357, 0.5049850953072653, 0.031198477676387004], [-0.5504995317688545, -0.19508062379062358, -0.6169240647494851, -0.17826903186819232, -0.3985177086196083, 0.1518747612514943, 0.43862777257093005, 0.6513801324804981, 0.08725058085525056, 0.12850738226860087, 0.05678509926150892, 0.08483172598231101]], "inverted": false, "swapped": true, "error_lsq": 0.04568736034448464, "error_max": 0.2689232607278237, "target": "533.xyz", "model": "15.xyz", "model_rescale": 3.769337070930944, "target_rescale": 4.040011789566521},
{"mapping": [4, 3, 6, 5, 11, 12, 9, 7, 10, 0, 13], "R": [[0.4209822133231629, -0.0008599760627863162, 0.9070684850146116], [-0.5919510519441346, 0.7574437984894695, 0.2754502572735712], [-0.6872902794072995, -0.6528998028572344, 0.3183613030209874]], "T": [0.0004610869184273718, -0.0053504575622988285, 0.14006476758806397], "aligned_model": [[-0.2355839262257775, -0.32547144497597547, -0.06591380582403907, -0.5981427781498562, 0.36319162601474786, 0.23090442159566896, 0.620330213760346, 0.38410283770039066, -0.017630772059640438, -0.3612524264960154, -0.0719078146486783], [-0.09059357507299445, -0.8096430063439948, 0.6831659171257732, 0.3974466390823726, 0.3617665432938664, -0.3989133251640698, 0.2699779259450947, -0.6361646278303392, 0.6198352396312757, 0.1696515195074339, 0.02953524745092429], [-0.6663808692181429, -0.09086178629690042, -0.18677119881017257, 0.012728735683360276, -0.5109903369253708, -0.3040629419981488, 0.07933980542348609, 0.24639689927491124, 0.3927568443638419, 0.6920289196452621, 0.08003353608165073]], "inverted": false, "swapped": true, "error_lsq": 0.048812437385224984, "error_max": 0.2467329353667181, "target": "533.xyz", "model": "16.xyz", "model_rescale": 3.7852294659196426, "target_rescale": 4.040011789566521},
{"mapping": [9, 0, 5, 10, 8, 2, 3, 1, 6, 11, 12, 4, 13], "R": [[0.1055225775689026, 0.9700656214807231, -0.2187182563126225], [0.9702917109602214, -0.1485952036808324, -0.19092789498902052], [-0.21771307095602097, -0.1920733075267645, -0.9569267805169985]], "T": [-0.10001954153841931, 0.05024258837550413, -0.0368095086165139], "aligned_model": [[0.019632929127279194, -0.36496797140181547, 0.3379330291391237, 0.08946662477960375, -0.6056603517089238, -0.7993016790823887, -0.3627530691695966, -0.07583948777331205, 0.5851339749924253, 0.57342697982496, -0.03215082451627542, 0.5097552071864225, -0.020909511181219295], [0.030859062178172844, -0.5124167889257718, -0.3082489692093352, -0.5757042409619534, -0.007160455067006792, 0.10178908843266703, 0.7139245843937384, 0.13854264312560505, -0.2684319644393762, 0.27473016263336414, 0.6756204343301415, 0.5662867607212916, 0.045265306491337164], [-0.7069128882395374, 0.24487034080303333, 0.4284516033825742, -0.2021071692727866, -0.4841626405803762, 0.21804918893631886, 0.5081151598302066, 0.5866686875760967, -0.1563643567210668, -0.46842994058321064, -0.13449098441053314, 0.23743740648457856, 0.02463028993787649]], "inverted": false, "swapped": true, "error_lsq": 0.04409312859034953, "error_max": 0.2630521380295326, "target": "533.xyz", "model": "17.xyz", "model_rescale": 3.901054581598922, "target_rescale": 4.040011789566521},
{"mapping": [12, 0, 13, 2, 1, 7, 6, 5, 9, 10, 11, 4, 8, 14], "R": [[-0.9065309968067302, -0.3839149947822528, -0.17553013590246894], [0.38685729292983834, -0.9219532877400402, 0.018535644912657738], [-0.16894669791266595, -0.05110197654370854, 0.984299548540856]], "T": [0.07435412147514167, 0.020756777186582875, -0.06534578106404529], "aligned_model": [[-0.6296418856837143, 0.1309395966432106, -0.07250042591229267, 0.46769707157545015, 0.21694884962283031, -0.3755655824723305, -0.2787235197723379, 0.3861865602733542, -0.12302585034641797, 0.1687548736843619, -0.5672398228778999, 0.5862793109090002, 0.736680078556647, 0.02710407626789829], [-0.20257337617212376, 0.040679810162020796, -0.6901118418350802, -0.5881516597773411, 0.5644028406559989, 0.3117059226127867, 0.6816644432676343, -0.43941335858104247, -0.3309721546182433, 0.26126665324460285, 0.2451019833019077, 0.5637167465464356, 0.009949234714054296, 0.0013722432481531738], [-0.14589619125776074, -0.821590235758788, -0.04081525513319549, -0.4631521925114297, -0.4774152541077671, -0.45598356542805807, -0.01777497660843129, 0.21941731917259802, 0.45572765578478325, 0.7129197556454702, 0.35269420265671636, 0.19676305511982708, -0.1056666905483979, -0.045458963438522244]], "inverted": false, "swapped": false, "error_lsq": 0.045241806743824046, "error_max": 0.30904670885010466, "target": "533.xyz", "model": "18.xyz", "model_rescale": 3.9405287249114394, "target_rescale": 4.040011789566521},
{"mapping": [4, 1, 12, 3, 2, 0, 8, 14, 13, 9, 7, 5, 10, 15], "R": [[0.9674556419006148, -0.16140548761125556, 0.19487906384125098], [0.23724230143764607, 0.31071272857553967, -0.9204203880345723], [0.08800949586969925, 0.9366994549321124, 0.33889299161629993]], "T": [0.009012522295146715, -0.019988477702575808, -0.025430330394019887], "aligned_model": [[-0.7075585491108815, 0.05351639833432265, -0.14199792911616266, 0.4331453478707859, 0.644733963946352, -0.4645157355510272, -0.30518167854190936, 0.4602826536170598, 0.018265619731000042, 0.01994397950334007, -0.4769628766051551, 0.30706255319070397, 0.7887030117306615, 0.044456571468669666], [-0.15668947780725406, 0.010319428683863818, -0.5156870567964343, -0.5122284118334614, 0.4613292928709982, 0.23467141983998116, 0.667385090884057, -0.6164183241303265, -0.36030801411533164, 0.37512390527003714, 0.20215564792211163, 0.7439349910192871, -0.09982136320534717, -0.005129641832417263], [-0.07546796433564418, -0.6831690777758351, -0.20324434687830917, -0.5761024546113359, -0.37114225580019444, -0.4539085486977431, -0.05816772346064332, 0.1754817621814619, 0.5537301298375267, 0.6324272187923856, 0.43294227792314227, 0.11186408237642852, -0.08554262549772731, -0.035931810466467616]], "inverted": false, "swapped": false, "error_lsq": 0.04225840213039943, "error_max": 0.250032799186615, "target": "533.xyz", "model": "19.xyz", "model_rescale": 4.410303926677745, "target_rescale": 4.040011789566521},
{"mapping": [7, 9, 4, 11, 10, 8, 5, 4, 2, 0, 1, 3, 6, 13], "R": [[0.7811433168865721, -0.6227878951681695, -0.04416283636097079], [0.6172126030058059, 0.780943224283898, -0.09579291798388487], [0.09414733758445942, 0.047570138501700956, 0.9944211184144709]], "T": [0.027048552212907143, 0.03223184344775007, -0.01679833610065847], "aligned_model": [[-0.6452835125153109, -0.05164365903499395, 0.30917782453009607, 0.5327262563629579, 0.3315256207472313, -0.4890679449636035, -0.0692250826915092, 0.30917782453009607, -0.15121583909225855, 0.1295095166504024, -0.5764357628105866, 0.4697481250620482, 0.5786986370924412, -0.003798673399251152], [-0.20185891807006734, -0.008544777339816206, -0.6061254069567857, -0.3720420299205194, 0.5083174251498699, 0.3357699918799152, 0.8278708482224485, -0.6061254069567857, -0.38482252290901287, 0.17808695328442525, 0.2794745585294948, 0.5068277609556956, -0.10070151639640834, 0.0725105272973099], [-0.01187136218023549, -0.6994413832890679, 0.0726247569546406, -0.5344719971372526, -0.6132631268799051, -0.49902850437707685, -0.2550433450133312, 0.0726247569546406, 0.465794857023167, 0.6770225415210899, 0.3544126719958509, 0.3068349424514497, 0.10368705252171764, -0.07611319695864248]], "inverted": true, "swapped": false, "error_lsq": 0.054459032853322584, "error_max": 0.4444675521876015, "target": "533.xyz", "model": "20.xyz", "model_rescale": 4.121658175737393, "target_rescale": 4.040011789566521},
{"mapping": [2, 8, 7, 3, 12, 0, 9, 1, 10, 6, 11, 4, 13], "R": [[0.757118142994594, -0.2159634017039992, -0.6165483976727656], [0.6506188260212049, 0.33434015896809866, 0.6818444113784139], [0.058883450775295665, -0.9173747692331764, 0.39364485516664616]], "T": [-0.0020375092790608784, -0.08165452586952279, 0.03136334150659872], "aligned_model": [[0.15881107420618606, -0.26421057494491523, 0.33758672130818845, 0.837849222423289, 0.50584128643435, -0.36961904268678225, -0.33124906196162285, 0.3671233755936008, -0.6317858119467774, -0.33607911248632266, -0.0013717212839535753, 0.5855410741452214, 0.02264547586383304], [-0.4476643218628684, 0.15311083994090044, 0.17763404363044835, -0.3138516901842232, 0.30105120470129143, -0.6420398061632784, 0.5139504659591674, -0.5710542289031442, -0.17613398957124832, 0.044184624049885546, 0.5543858528020794, 0.06460023939217988, -0.1173463296280068], [0.6612602121943575, 0.6103651287572854, 0.6427869690413488, 0.24843555865240305, 0.06035879506998307, 0.16166659107802916, 0.05596865588233601, -0.11463257469376006, -0.1911865702608926, -0.6452923236628665, -0.503120782532051, -0.5574483044178994, -0.05905161562648397]], "inverted": false, "swapped": true, "error_lsq": 0.052154716782512316, "error_max": 0.36311466840446427, "target": "533.xyz", "model": "21.xyz", "model_rescale": 4.08911054899281, "target_rescale": 4.040011789566521},
{"mapping": [14, 15, 9, 11, 1, 2, 4, 5, 10, 7, 13, 0, 8, 16], "R": [[0.847603014332694, -0.2416021919698785, 0.47243783816443063], [0.10663360120156515, 0.9497234390349025, 0.29437164340762023], [-0.5198061226927944, -0.19913254425901236, 0.830751361496336]], "T": [0.019340507446486018, 0.02618178635693905, -0.016782158795304314], "aligned_model": [[-0.5496158155604506, -0.13564211988507685, -0.16171496003030783, 0.46015742407936816, 0.485391652716644, -0.18260938202019134, -0.2757602383864239, 0.3706070525300887, 0.14747118382099633, -0.007285948564284498, -0.4504171343428705, 0.26153159444003504, 0.7036271684539179, 0.008152853216314891], [-0.21894584289033278, -0.13619103381833955, -0.6573780308814229, -0.31369302955000544, 0.4050680619307495, 0.45363494650618424, 0.6565568780590649, -0.5744400894999586, -0.4334574256234442, 0.18075893698959797, 0.3106974854511761, 0.7171441512194744, -0.02784346561977395, 0.06672594449679407], [-0.18418506748300298, -0.710412082016546, 0.0698925521435576, -0.5421949353633532, -0.5356654804006724, -0.5624504347616399, -0.05961881877429183, 0.09981213993039777, 0.6339479955673157, 0.6768986931474521, 0.35078897850693025, 0.23618796968576744, -0.11473651437087654, 0.005503667776006575]], "inverted": true, "swapped": false, "error_lsq": 0.04046112701560658, "error_max": 0.24663163528730206, "target": "533.xyz", "model": "22.xyz", "model_rescale": 4.204369325754507, "target_rescale": 4.040011789566521},
{"mapping": [4, 1, 12, 3, 2, 0, 8, 14, 13, 9, 7, 5, 10, 15], "R": [[0.9674556419006148, -0.16140548761125556, 0.19487906384125098], [0.23724230143764607, 0.31071272857553967, -0.9204203880345723], [0.08800949586969925, 0.9366994549321124, 0.33889299161629993]], "T": [0.009012522295146715, -0.019988477702575808, -0.025430330394019887], "aligned_model": [[-0.7075585491108815, 0.05351639833432265, -0.14199792911616266, 0.4331453478707859, 0.644733963946352, -0.4645157355510272, -0.30518167854190936, 0.4602826536170598, 0.018265619731000042, 0.01994397950334007, -0.4769628766051551, 0.30706255319070397, 0.7887030117306615, 0.044456571468669666], [-0.15668947780725406, 0.010319428683863818, -0.5156870567964343, -0.5122284118334614, 0.4613292928709982, 0.23467141983998116, 0.667385090884057, -0.6164183241303265, -0.36030801411533164, 0.37512390527003714, 0.20215564792211163, 0.7439349910192871, -0.09982136320534717, -0.005129641832417263], [-0.07546796433564418, -0.6831690777758351, -0.20324434687830917, -0.5761024546113359, -0.37114225580019444, -0.4539085486977431, -0.05816772346064332, 0.1754817621814619, 0.5537301298375267, 0.6324272187923856, 0.43294227792314227, 0.11186408237642852, -0.08554262549772731, -0.035931810466467616]], "inverted": false, "swapped": false, "error_lsq": 0.04225840213039943, "error_max": 0.250032799186615, "target": "533.xyz", "model": "23.xyz", "model_rescale": 4.410303926677745, "target_rescale": 4.040011789566521},
{"mapping": [1, 10, 3, 8, 15, 11, 13, 2, 0, 12, 7, 6, 5, 16], "R": [[-0.7961093659893129, -0.2536382489505319, 0.549433814079005], [0.10534285462130386, 0.8359789125087261, 0.5385556060621437], [-0.5959133832733826, 0.48662808849267636, -0.6388116648321591]], "T": [0.03403106845398805, 0.13518054324336773, -0.1637104893610716], "aligned_model": [[-0.6868813688673698, -0.10064508788420258, -0.07369288245911405, 0.4778632791454733, 0.5915141507743263, -0.45529320146188934, -0.09543190804802128, 0.3470479265356679, -0.06654425975162921, 0.2127083452232728, -0.5092434006959458, 0.442073474655153, 0.5918725904312809, -0.0014543271292417753], [-0.3280597221678394, -0.25340342456583, -0.7487659916929723, -0.22490123766704803, 0.4703449907966333, 0.33117428611394245, 0.7261772523822448, -0.5864521242379056, -0.2344922058850699, 0.2672176621673785, 0.22885781017026427, 0.7009051789644982, 0.05692781114754007, 0.023107201243926845], [-0.11866535879770132, -0.6683378559903961, -0.03609756522025112, -0.7545241207741819, -0.4572945435221901, -0.5142382318261144, 0.19426835265531725, 0.29906450019531694, 0.4871446965246393, 0.6088284836210407, 0.20778421788690857, 0.13853960747854108, 0.11609547859802824, -0.13879899724191266]], "inverted": false, "swapped": false, "error_lsq": 0.0392310148805345, "error_max": 0.2857161649926979, "target": "533.xyz", "model": "24.xyz", "model_rescale": 4.28219845311461, "target_rescale": 4.040011789566521},
{"mapping": [0, 8, 6, 10, 5, 1, 3, 14, 2, 13, 4, 9, 11, 15], "R": [[-0.06108853497524963, -0.09919689988453555, 0.9931909010597486], [0.34648028562664795, -0.9352821518665108, -0.0721020670440569], [0.9360660246834378, 0.33971645743656087, 0.09150478665129591]], "T": [0.09675537879366311, 0.11412085614185208, 0.07703238419385014], "aligned_model": [[-0.6258724902379489, 0.0977935825207904, -0.1565463823983224, 0.5007226921262268, 0.35796097448245234, -0.2740370215513809, -0.27944284764177363, 0.4728744034685355, -0.15900937525741168, 0.19513739521522855, -0.560736701611961, 0.4556379737110947, 0.6198461254926954, 0.029565002149534586], [-0.2494478808059561, -0.09259533589850302, -0.6671522162367062, -0.4048315080928787, 0.4564239815637188, 0.3149627310418638, 0.7695378501994962, -0.5315815337257597, -0.4012637747731611, 0.09906069467009528, 0.30012763172192003, 0.6855893903439728, 0.06655597298340776, 0.08325148377825399], [-0.028707430676486054, -0.5856993828206639, -0.2939766980591697, -0.3670438167468577, -0.6577334887353627, -0.4046863469965406, -0.09311109404466042, 0.22450281476047748, 0.44816995597782927, 0.6627034756080296, 0.33732878575926284, 0.1157710129909546, -0.0664622981346844, 0.07271317470491556]], "inverted": false, "swapped": false, "error_lsq": 0.041773553390880125, "error_max": 0.2299496148125358, "target": "533.xyz", "model": "25.xyz", "model_rescale": 4.100010024507729, "target_rescale": 4.040011789566521},
{"mapping": [11, 4, 1, 3, 10, 0, 5, 2, 12, 8, 9, 13], "R": [[0.10731418944707416, -0.8491606935558109, -0.5171167965393617], [-0.8129004230884334, -0.37440228877076026, 0.446111901103145], [-0.5724304035303887, 0.3724903256234051, -0.7304617652081498]], "T": [-0.03445942161103598, 0.12402029500247022, -0.07648777312507464], "aligned_model": [[-0.7054430298040365, -0.11705332737346685, 0.3733322892211709, 0.7134499044536525, -0.47782561747937236, 0.14443433618350932, -0.16343833469328684, 0.6332479521112356, 0.06186613565094851, 0.01637325322069095, -0.5497465002011327, -0.052431458926905976], [-0.3509156313515268, -0.6803419639403386, -0.07243245616865984, -0.37246788935127195, 0.5620878520176672, 0.6791060269619665, 0.09519053634357241, 0.4186647175081105, -0.4074266752743211, 0.5269801107529926, 0.19376751929901145, 0.07391924325343742], [-0.19664578916356013, 0.16747494032984378, 0.3619399551613344, -0.10050267359594632, 0.18150639125453072, 0.2784821361887912, 0.6441507204048583, -0.2312683682840172, -0.41343107469995255, -0.618827140167502, -0.5161985025227751, 0.008511694948751244]], "inverted": false, "swapped": true, "error_lsq": 0.04036869006982189, "error_max": 0.24928946370353633, "target": "533.xyz", "model": "26.xyz", "model_rescale": 3.6694154284099745, "target_rescale": 4.040011789566521},
{"mapping": [6, 0, 1, 5, 4, 2, 11, 7, 3, 9, 12, 10, 8, 13], "R": [[-0.28816572389691997, 0.9514039447639203, -0.10858659889054093], [-0.32896504472566723, 0.008138119131644278, 0.9443070318310878], [0.8993011258302771, 0.3078381147691921, 0.3106335142507096]], "T": [0.11887136599180329, 0.03766068990782806, -0.03751937326561956], "aligned_model": [[-0.5113652235329477, 0.04136044641869782, -0.19593500189674215, 0.47685828790387064, 0.49525873942621446, -0.3437643170507819, -0.31851378241683415, 0.34683943996297106, -0.16024802785082806, 0.23021743140782422, -0.5400360383348158, 0.32712526898755323, 0.7451501906388756, 0.08094591680470191], [-0.23072136149613115, -0.09184578502680232, -0.7141725520171673, -0.5489557443499034, 0.45532556796207946, 0.3783081754063219, 0.7367057838204292, -0.4525263142802378, -0.3871190215955866, 0.2489369986869772, 0.21784475554604252, 0.60188443582239, 0.1492363271254986, 0.06573622116585323], [-0.08182905068268947, -0.6810669421601645, -0.3770637455781673, -0.42957169441653187, -0.6370351485776615, -0.4009160733091901, 0.199557951406034, 0.28477828867664284, 0.5905616573423269, 0.6010946811799286, 0.3663463821173916, -0.02438178117980884, 0.02316755620194902, -0.06987341743301527]], "inverted": false, "swapped": false, "error_lsq": 0.04703450509639896, "error_max": 0.30063155952289833, "target": "533.xyz", "model": "27.xyz", "model_rescale": 4.103607728864725, "target_rescale": 4.040011789566521},
