[{"mapping": [0, 9, 6, 8, 1, 3, 11, 7, 10, 5, 4, 14], "R": [[-0.3414436897337587, -0.9389910373318946, -0.04137678759122711], [-0.9093230197858659, 0.3188769562221057, 0.2672997053459639], [-0.23779792351597734, 0.12889266309956537, -0.9627246901220471]], "T": [0.00824050521009082, -0.08216041163393639, 0.024580340920362004], "aligned_model": [[-0.1932957973281223, 0.2689281453336002, 0.4436343429805522, -0.29463818296599265, -0.192815960714206, -0.5627016874013728, 0.35055762943446694, -0.23849248478588977, 0.7676373870767876, 0.2360925005865104, -0.6171006650271749, -0.1301627647286102], [-0.2302229970016283, -0.6945952784548288, -0.333662149084464, 0.6703617830354303, 0.3722042546480969, -0.503316819614089, -0.2602085156983543, -0.5018461937211989, -0.02922728180835603, 0.39304720377874336, 0.15028444881770306, 0.02073658108000262], [-0.5965666453847428, -0.04063605097865017, -0.5466028562128928, -0.04193186269528841, -0.5762285122217957, -0.020610088645057766, 0.6172291709400358, 0.654263227330192, -0.02499059885820591, 0.3557109279288725, 0.3447380307287772, 0.05757700342231842]], "inverted": true, "swapped": true, "error_lsq": 0.03818748697673301, "error_max": 0.24402309405686728, "target": "534.xyz", "model": "0.xyz", "model_rescale": 3.751011558992144, "target_rescale": 3.994934557111596},
{"mapping": [4, 6, 1, 8, 0, 12, 10, 2, 7, 5, 9, 13, 11, 3, 14], "R": [[-0.9270728090542488, -0.3737258768247399, -0.029410469289752467], [0.1942186685039196, -0.41171476072308155, -0.890376361213223], [0.32064796197204926, -0.8311557764909744, 0.45427410193500606]], "T": [-0.00031759495904747775, -0.05833711417549021, -0.038896149424694826], "aligned_model": [[-0.5371695535633885, 0.35158627800387515, -0.07291619688108247, -0.6496388096486616, 0.05500541457883405, 0.7045328387664076, -0.204396728479014, -0.33987953633153606, 0.5062739335544881, -0.35726859699822244, 0.11327607224193564, 0.1309285425377773, 0.5761830772788216, 0.3759418695313239, 0.04321307920428838], [-0.13426410540925302, -0.25687873026172214, -0.6822765815717052, -0.1810034202205894, -0.7465664311749822, 0.0653394537519208, 0.5144462912163098, -0.19921920286318584, -0.47057000676490673, 0.35311142367642406, 0.5858918862283367, 0.2952699723756693, 0.3033660967460519, -0.3086802873100945, -0.025645655614062353], [-0.6147425147467995, -0.6717236426214608, -0.34074798967108016, 0.022367132034323167, 0.2754035329448061, 0.16076625740229197, -0.5891003168919842, 0.7017711355598972, -0.15337797900007438, 0.26668874849791346, 0.04019301003987341, 0.5817798353157684, -0.45548797729102153, 0.5768659804266718, -0.03255884815527288]], "inverted": true, "swapped": false, "error_lsq": 0.03912862495530557, "error_max": 0.2277309278915454, "target": "534.xyz", "model": "1.xyz", "model_rescale": 3.9405287249114394, "target_rescale": 3.994934557111596},
{"mapping": [7, 4, 13, 0, 8, 11, 3, 2, 12, 10, 6, 9, 14], "R": [[-0.014515858612528132, -0.6859390213875223, -0.7275142258311307], [-0.38668105398535246, -0.6671307223960029, 0.6367215731575021], [-0.9220992638200716, 0.2905585279652202, -0.25555564851743423]], "T": [-0.057840769953781214, -0.09133353544369324, 0.021951414397550967], "aligned_model": [[-0.4456734749635261, 0.2627995791772947, -0.4102608357333507, 0.4020839065033552, 0.4897980114796762, -0.7262804575834211, 0.18926550654432506, 0.6890820928871992, 0.05239828839721596, -0.5219038273247475, -0.10261126052967193, -0.43972090321755963, 0.05700665364714163], [0.6012525534671016, 0.4889866481059735, 0.28697543235862644, -0.2750737149289515, -0.14255648483887418, 0.07283453241622256, 0.42940099763068074, 0.20032102184971448, -0.696216458380245, -0.693750047729445, -0.6790789644086838, -0.13248264074520572, -0.0017802812248971372], [0.08046776978680459, -0.3066842345535924, -0.5639817853255592, 0.4725863303228224, -0.577979415762403, -0.14038159554990384, 0.438081101382381, 0.04231111544726747, -0.2891029533634414, -0.03873336953965978, 0.5032227271732503, 0.569456669655195, -0.0761420100845173]], "inverted": false, "swapped": true, "error_lsq": 0.04094199434191735, "error_max": 0.21493369350203548, "target": "534.xyz", "model": "2.xyz", "model_rescale": 3.932901565614263, "target_rescale": 3.994934557111596},
{"mapping": [13, 11, 7, 5, 4, 2, 3, 8, 12, 1, 9, 10, 0, 14], "R": [[-0.7212074667621604, 0.6702085058167454, 0.1751580675201491], [0.6902053165258865, 0.7167608788397687, 0.09935020686563091], [-0.05896109671561854, 0.19254714045066534, -0.9795147715978374]], "T": [0.14346208074459282, -0.06780223594617857, 0.05534837237898148], "aligned_model": [[-0.15229185519908722, 0.3873287195104824, 0.37553105586478236, -0.23261346062591937, -0.34219431332065214, -0.2872231544061416, 0.31057234518320564, -0.658388875664925, -0.13931489783538326, -0.2977410933915649, 0.8122347703647039, 0.3957860807570895, 0.2559177299817939, -0.007793139165680696], [0.14229688672060056, 0.2775482972830801, -0.34395401600873615, 0.372628543819216, -0.498440977972561, -0.7045857564495628, -0.7534107025542329, -0.07508809234833314, 0.4224212983737226, -0.18264543349616405, -0.06889574352182626, 0.6368022467422851, -0.41089488198438645, -0.15028503025261347], [-0.6367666906343632, -0.5115527198030347, -0.654157122054229, -0.17263011479457785, -0.2999983307955869, 0.2842318306932217, -0.030704357070157798, 0.19474344565169, 0.4484245570221829, 0.6877983937863815, 0.06078743873992795, 0.20302349041021966, 0.6192669411560645, 0.02142960074935841]], "inverted": false, "swapped": true, "error_lsq": 0.041891977111430403, "error_max": 0.2420303962821454, "target": "534.xyz", "model": "3.xyz", "model_rescale": 3.9243930471874484, "target_rescale": 3.994934557111596},
{"mapping": [5, 8, 13, 11, 7, 12, 10, 4, 3, 0, 9, 6, 14], "R": [[0.2842508132302775, 0.19381012488111699, -0.9389563944462448], [0.7039768351407361, 0.6226557939957624, 0.34163778741342365], [0.6508595015540287, -0.7581143697998822, 0.0405525774738]], "T": [-0.024335489673194675, -0.007241517818482195, -0.06287771530305636], "aligned_model": [[-0.006576415222608038, -0.3457485111185666, 0.5047839850548527, 0.4836215215959542, 0.765175652005314, -0.5802302148261096, -0.2731289609857076, 0.29757559512890724, 0.26240862104217894, -0.4446676890090154, 0.13103685617947794, -0.5083111151449402, -0.00873343838838499], [-0.5026680225882522, 0.011010954194852991, -0.396621530401658, -0.478711859935316, 0.08483366903045358, -0.3887736151466656, -0.6424234506549114, 0.3029065525111314, 0.6381983680482222, 0.4721735978036828, 0.015648792281474186, -0.04687634854698835, 0.05913244708556154], [-0.43920665232768846, -0.810413362186758, -0.48602199292681897, 0.07787088266018605, -0.02154759785584527, -0.2050224774474785, 0.2785729243551113, -0.6525933812302109, 0.018208972343330562, 0.14168273575469603, 0.5872170142796249, 0.5230129201732643, -0.22468967022044897]], "inverted": true, "swapped": true, "error_lsq": 0.04297561265586861, "error_max": 0.2148565276858194, "target": "534.xyz", "model": "4.xyz", "model_rescale": 3.8936222436046832, "target_rescale": 3.994934557111596},
{"mapping": [6, 0, 12, 10, 8, 2, 3, 4, 11, 9, 5, 14], "R": [[0.024633947307515724, -0.6469350414027446, -0.762147112338084], [-0.8452340699325755, 0.39362434992574563, -0.36144050433058594], [0.533828189275599, 0.6530964119873601, -0.537115016531815]], "T": [-0.00973330671044087, -0.038976510075269886, 0.011120687998231966], "aligned_model": [[0.005450266534611448, -0.4731217000068438, -0.16292389607518662, 0.41429773139126286, -0.5689940128479247, -0.7363079117949953, -0.21677473389591248, -0.2982399777199685, 0.6650782149242249, 0.3774479396338582, 0.14187317304109603, -0.120237050969125], [-0.6108451854631161, -0.5162438993205287, 0.1668377033352151, -0.0766518560086897, 0.5412759397339999, -0.014567362656232007, -0.3642341073316848, 0.37970182619237647, 0.15182952984861894, -0.5837203800623074, 0.5235271002620526, 0.07201359658010273], [-0.49068289888627215, -0.06536476907463867, -0.6283822228926231, -0.6219046397160017, -0.1028248407074561, 0.3500368989116571, 0.6083904972695734, 0.5487594981772519, 0.1024291871619975, 0.03627000556819687, -0.2079487960716551, 0.0905067995354884]], "inverted": true, "swapped": true, "error_lsq": 0.043457120341728585, "error_max": 0.3067718120385626, "target": "534.xyz", "model": "5.xyz", "model_rescale": 3.6523030999806103, "target_rescale": 3.994934557111596},
{"mapping": [10, 9, 0, 12, 1, 11, 3, 5, 7, 4, 2, 8, 14], "R": [[0.6376543251558225, 0.08432953633875134, -0.7656928175913392], [-0.6457960343069903, -0.48334235867950304, -0.591039462624535], [-0.41993385631958413, 0.8713602547781405, -0.25374566540048926]], "T": [0.026476654514900957, -0.07589820063432204, 0.12202392671977767], "aligned_model": [[0.29755462301967606, -0.32947627771897725, 0.23129454947185124, 0.6729702332092812, 0.675698797932407, -0.3710721014179349, -0.4170742743855529, 0.24944980668678973, -0.7324577830650315, -0.15421503410315673, 0.15443190989061945, 0.5559326877863159, 0.048045767358007245], [-0.5884068570920973, -0.04651239608291338, 0.515803371684312, -0.29790327000052574, 0.33629596395065753, -0.6574409981196521, 0.46879253695601986, -0.5845041046148725, -0.2037774668111281, 0.0857533472266204, 0.5693681604959748, -0.027364524434877302, -0.02927685899433532], [0.6178005200959619, 0.6874632904966415, 0.35930407389503716, 0.20891824202412906, -0.006228986104907783, 0.18429541273914135, 0.012641770652751835, -0.15902639447285277, -0.08090284384852843, -0.5771201424291157, -0.3369199010705233, -0.49423074268090184, -0.04588455981504387]], "inverted": false, "swapped": true, "error_lsq": 0.04102067667015785, "error_max": 0.20109119609524106, "target": "534.xyz", "model": "6.xyz", "model_rescale": 4.08911054899281, "target_rescale": 3.994934557111596},
{"mapping": [3, 9, 8, 4, 10, 13, 0, 5, 11, 6, 2, 7, 1, 12, 14], "R": [[0.569574299110203, -0.21310861456526853, 0.7938323728541137], [0.7332408666146195, -0.30467371338744903, -0.6078912401877036], [0.37140671684739723, 0.9283095640834335, -0.017274371533080757]], "T": [0.06342675143420368, -0.09687653828587756, 0.026297084552344238], "aligned_model": [[-0.5291691514971115, 0.1773640644520114, -0.23165906633944972, -0.6063540751240739, 0.10875067325754101, 0.6797610468662754, -0.18998463324561138, -0.28936837148466893, 0.5333216354304925, -0.2529411830180928, 0.22412239510912413, -0.04565053028955632, 0.5232437591862882, 0.4604693988036466, 0.13376572168903253], [0.03073967493671098, -0.281991833175569, -0.616806013026352, -0.301809001832136, -0.7887919830108974, 0.15669527074237372, 0.544801163744258, -0.31257175109189905, -0.4349233911528688, 0.2875267121847789, 0.6932599404979365, 0.3912954578545215, 0.24449274102151758, -0.3622273520079396, -0.13736893288022453], [-0.48261905217110357, -0.7269013781438929, -0.30195080154889514, 0.10532758159004925, 0.22244411604533754, 0.32916322048043883, -0.6129904719790431, 0.6662286480812505, -0.07093555512175684, -0.009597727488626306, 0.027190555465531265, 0.6171263435887467, -0.43194018300941145, 0.555398208949279, -0.11784714089405203]], "inverted": false, "swapped": false, "error_lsq": 0.04344690113182859, "error_max": 0.30615579964826883, "target": "534.xyz", "model": "7.xyz", "model_rescale": 3.964800864290218, "target_rescale": 3.994934557111596},
{"mapping": [6, 9, 0, 10, 1, 11, 12, 3, 7, 4, 13, 8, 2, 14], "R": [[-0.7570547998716043, -0.6187540211467119, -0.20978915917210766], [0.525403881250415, -0.3856996735590289, -0.7584105243095316], [0.3883539513876035, -0.6843823661749573, 0.6170915534265574]], "T": [-0.022151702157063826, -0.06598086697017212, 0.03724967822643507], "aligned_model": [[-0.10939733645685532, 0.042874432598680415, 0.4009344422111354, -0.6742990271826756, 0.13230986963636965, -0.41416537527299696, -0.4811846820882285, 0.6589797974503512, 0.1793780868348001, 0.3103635494135185, -0.34811501488585433, -0.07251981741575872, 0.5955259613763894, 0.0405030032419976], [-0.0440126863209893, -0.5776575477799032, 0.20325304268194222, -0.1585417344730815, 0.6758882531859471, -0.61155505138144, 0.4077810652664368, -0.2569978872978903, -0.7001299115508366, 0.07685840199387532, -0.27720915186855105, 0.6404613864662707, 0.4048056351701448, 0.028004652089277063], [-0.7183803641429003, -0.3884805951834771, -0.40645541004678, -0.34756088654741835, -0.1460917024475248, 0.25813169654391455, -0.16182110076566472, 0.10769299159762544, 0.47400429455269, 0.6827058652773652, 0.7153100168654509, 0.438312543592954, 0.23776160960647397, 0.1716860798223128]], "inverted": false, "swapped": true, "error_lsq": 0.04043657281125685, "error_max": 0.2417039149350984, "target": "534.xyz", "model": "8.xyz", "model_rescale": 4.121658175737393, "target_rescale": 3.994934557111596},
{"mapping": [5, 11, 7, 4, 10, 12, 9, 0, 3, 6, 8, 2, 14], "R": [[0.8673363875201665, 0.49110323031904607, -0.08090246012122232], [-0.4891539023280875, 0.8710998505483454, 0.043743687680104115], [0.09195678724635681, 0.0016332620269664672, 0.9957616591004497]], "T": [-0.04987692597411316, -0.05046009694050478, -0.056995037176036364], "aligned_model": [[-0.5538578295832006, -0.2301317381096178, 0.3695290559921239, 0.24881015129702458, -0.653794807827487, -0.6480007571691433, 0.15817976308211767, 0.23927440733513586, 0.6588351209169986, -0.17656445677332397, -0.30913008793849484, 0.38852973193254353, -0.014941056719479498], [0.21148966647190864, -0.29412076980807106, -0.08014027325345544, 0.5881099089057863, -0.5165309678003462, 0.013427425000048579, -0.6824745387666696, -0.14345982601964336, 0.004552518064982344, -0.6258479656764322, 0.6873902449980468, 0.5064028068100851, 0.12158921048546957], [-0.3114981716191518, -0.6959414009825675, -0.7328142222403091, -0.28193395375618174, -0.055006619159721756, 0.2790958541710013, -0.12450688091870409, 0.5397507595072278, -0.047469860395192943, 0.4246170812844713, 0.16842390027977633, 0.3186031124213636, -0.06024416463292271]], "inverted": true, "swapped": true, "error_lsq": 0.03951476782261206, "error_max": 0.2406594533578759, "target": "534.xyz", "model": "9.xyz", "model_rescale": 3.833441315466971, "target_rescale": 3.994934557111596},
{"mapping": [5, 4, 1, 0, 12, 7, 2, 10, 6, 13, 9, 8, 3, 11, 14], "R": [[0.06094585323582911, 0.8974872184965287, -0.43680922106649855], [-0.4542859910690814, 0.4146109946390052, 0.7884934758403759], [0.8887687220485088, 0.15038090224433143, 0.4329846913557587]], "T": [0.06638908694995563, -0.1426883922343172, 0.006202790930806484], "aligned_model": [[-0.3350267857406515, 0.34408360920263226, -0.2942026482737352, -0.5797796316968823, 0.13549171111735606, 0.6818200255884918, -0.11654460657016483, -0.3138779823819131, 0.3605061370728857, -0.6278535792620429, 0.30531748723527957, 0.03805156264449763, 0.5678922353106883, 0.41918040189405226, 0.11061374765535345], [-0.04671527650981805, -0.20328931503874306, -0.7356244371910886, -0.3518185886544485, -0.695288028212552, 0.0569588595110182, 0.4996996418427042, -0.14472419177595316, -0.6450856133531688, 0.23041262174726337, 0.6257962853564707, 0.3837138938186466, 0.39340613261099, -0.1948363998813559, -0.060284881465753934], [-0.5296046928515507, -0.7388648976427543, -0.24679796004281077, 0.0567350547950686, 0.23615610567246015, 0.16526162098698768, -0.2593591272302526, 0.7350010860865018, -0.34354248935751563, -0.11425174485521895, 0.10746801881280675, 0.5803604176599055, -0.4579298435205853, 0.5877145745104947, -0.010249759179685285]], "inverted": false, "swapped": false, "error_lsq": 0.04268101944483365, "error_max": 0.3456544379461745, "target": "534.xyz", "model": "10.xyz", "model_rescale": 4.2482417240324, "target_rescale": 3.994934557111596},
{"mapping": [6, 9, 11, 7, 1, 8, 12, 4, 3, 2, 0, 14], "R": [[0.1112161593603816, -0.450828794214136, 0.8856547658114615], [0.608860998155268, -0.6734322685990478, -0.4192579928098105], [0.7854420734990566, 0.585868908474386, 0.1995955191394197]], "T": [0.01895669578856813, -0.03154121705668204, 0.08946692055668409], "aligned_model": [[-0.6702294452849765, -0.13806135067518321, 0.4535659753042692, 0.6917080972467962, -0.4703049940415783, 0.06837370475283783, -0.3721289267907434, 0.5389625298083194, 0.17225995609994965, -0.002250657125349269, -0.4941113505538663, 0.09898206362253179], [-0.3470683713200447, -0.6747185938167692, -0.4415037029127155, -0.40038379114532735, 0.560701740079252, 0.7762807607537208, 0.28633489137080415, 0.39431368793023297, -0.14233445273235792, 0.5059844486826178, 0.03399914505571299, 0.11452562810551378], [0.15681853873406765, -0.005168615539088997, 0.467832234732619, -0.12236926344317295, -0.04362518686137551, 0.17566806812787158, 0.5593580096957751, -0.2200886821572145, -0.5958161242630842, -0.5055012030476995, -0.33577257640824615, 0.033857090283904996]], "inverted": false, "swapped": true, "error_lsq": 0.04929157926687137, "error_max": 0.2405045016674021, "target": "534.xyz", "model": "11.xyz", "model_rescale": 3.6694154284099745, "target_rescale": 3.994934557111596},
{"mapping": [10, 11, 7, 13, 5, 6, 12, 0, 4, 2, 3, 8, 9, 14], "R": [[0.8840540179120213, -0.4427621236755879, 0.1497003515423232], [-0.3942229231590911, -0.5343296229410346, 0.7477166180469667], [-0.2510712653202535, -0.7200371906269672, -0.6469232287099542]], "T": [-0.013525768934633371, 0.016587369312952932, -0.027386677364502676], "aligned_model": [[-0.06779993287477357, 0.03228647342940325, -0.10773312443496655, 0.5162659804596701, 0.528259102610609, -0.5230363093813182, 0.2824685955972967, -0.38137534386541705, 0.39591888749092524, 0.11664116967232885, -0.3517996723080868, 0.6728099787547378, -0.6227248733408454, 0.10808391844624635], [-0.49813567799253, 0.29029784106799006, 0.7663894770848515, 0.4396782711323519, -0.0755866794935604, -0.546383404720559, -0.6034927427205171, -0.23564058435918453, 0.5274895487762657, 0.17594252227605703, 0.4942180688793839, -0.13821942403658274, 0.05104138228509715, 0.08338868995719033], [-0.5877948484270601, -0.6778469703287104, -0.2772579138572625, -0.4159096284148442, -0.31954994146035337, -0.07772631735454838, -0.07914390850634315, 0.47204373683957945, 0.31745701915864627, 0.7478766098929366, 0.3761347760171072, 0.38179192010557655, -0.3012060736172132, 0.08022699960490426]], "inverted": false, "swapped": true, "error_lsq": 0.035466198561818825, "error_max": 0.24689138960657425, "target": "534.xyz", "model": "12.xyz", "model_rescale": 3.9764082729961374, "target_rescale": 3.994934557111596},
{"mapping": [7, 2, 8, 3, 11, 12, 0, 14, 1, 4, 5, 6, 9, 13, 15], "R": [[0.3706954854013266, -0.9264941061504077, 0.06475745803868588], [0.7068423929164409, 0.236207735577053, -0.6667681285347412], [0.6024605287313312, 0.29294125165657076, 0.7424464522096169]], "T": [0.12121945531537737, -0.05517135910438582, 0.012532717761155141], "aligned_model": [[-0.4660802934207713, 0.05135263474769647, -0.05778410708124432, -0.5886016965635378, 0.005230703457269448, 0.7468338179564421, 0.003569094366006831, -0.26502485519583047, 0.5367314703207408, -0.3512442832377161, 0.30725673671607917, -0.07728178947754813, 0.4884470316309104, 0.34620303904282784, 0.01606418053452266], [0.030534363328214673, -0.27131856727034304, -0.6839462961369022, -0.5050847149367034, -0.761624078767043, -0.10058665642027736, 0.3648768132161324, -0.30061589439545977, -0.3233742988579333, 0.4839698774623628, 0.7610580227286823, 0.3183445391069059, 0.30150661871855755, -0.16157675526658505, -0.039842269705397435], [-0.4551928782882303, -0.7520969479541801, -0.25626579387464793, 0.059173385665935135, 0.3560670873270607, 0.1298257481388867, -0.5678342859536808, 0.6678039228881162, -0.38588857528771453, -0.03183466400675314, 0.05707070150718699, 0.6487260337416854, -0.30278276528269643, 0.5715862258510497, 0.02973916937183516]], "inverted": false, "swapped": false, "error_lsq": 0.0446251332304004, "error_max": 0.3129063316189079, "target": "534.xyz", "model": "13.xyz", "model_rescale": 4.170626492500431, "target_rescale": 3.994934557111596},
{"mapping": [0, 1, 6, 12, 9, 11, 10, 2, 3, 8, 4, 5, 7, 14], "R": [[0.7835088016335993, 0.6204989341876701, -0.033091244078259], [0.3266358271385609, -0.45657905421981926, -0.8275533841857236], [-0.5286047617948496, 0.6375865744506396, -0.5604108902297577]], "T": [-0.02385306535337387, 0.10735636436373641, 0.06350186545134735], "aligned_model": [[0.27097694937868616, -0.0462827120504481, -0.21922464609945486, -0.590748915350275, 0.08030922493509987, -0.26535393396922746, -0.692442996846264, 0.5106740093155189, 0.6845795285280315, -0.15572039334476984, 0.36141732681514654, -0.49066144970184844, 0.35835625076457717, 0.037304779716871045], [-0.2752556156526225, -0.6615602125314076, 0.0502351423592734, -0.27306337896273936, 0.5624603164274908, 0.7371070892855807, 0.30637313939007604, -0.46651152596565126, 0.15644182252612637, -0.5425321279565709, -0.05534956163218391, 0.0905890380741223, 0.7149447713336629, 0.01219557123050885], [-0.40022900928475186, -0.06340928139732298, -0.6697363455210391, -0.029775861221642372, -0.4153700377557899, 0.2761192013862823, -0.24524179077007519, 0.2318084670634874, 0.0302789827574928, 0.5354181523170611, 0.6739743425145488, 0.47483514184275055, 0.4074004375105577, 0.19780070167930713]], "inverted": true, "swapped": true, "error_lsq": 0.039322741447825195, "error_max": 0.21227320160088683, "target": "534.xyz", "model": "14.xyz", "model_rescale": 3.9786697098870705, "target_rescale": 3.994934557111596},
{"mapping": [7, 3, 11, 13, 9, 10, 2, 1, 5, 4, 0, 14], "R": [[-0.7850936724408627, -0.4245529051497708, -0.4509797736287176], [0.11524519138329221, -0.815533715513583, 0.567118422133895], [-0.6085609840898019, 0.3932678344201316, 0.6891980405182186]], "T": [0.05935710597150668, 0.1215803057926452, -0.006514636141527561], "aligned_model": [[0.05453513772520175, -0.550417448597289, 0.547954344664027, 0.5876923871383545, -0.07937632830506283, 0.5760080649610787, -0.5137056253106772, -0.2104964990702738, 0.6206223379321504, -0.0815283504889949, -0.4982373593612289, 0.030303935480050694], [-0.3896020666729807, -0.1592939610904627, -0.0019251917810408914, -0.4388681627223896, 0.4796910688492153, 0.6777540550425308, -0.2278926049117391, 0.29099636593504813, -0.04426274478385703, -0.5848098964070091, 0.43293177808552974, -0.02004414931840587], [-0.6165828226408849, -0.2403404709296045, -0.5026334797999695, -0.13840336664946198, -0.5540522194910946, -0.08191600027378337, 0.4326191156364731, 0.705046647853974, 0.20529588570162016, 0.1630356781660667, 0.1947604541051472, 0.09313707219534761]], "inverted": true, "swapped": true, "error_lsq": 0.049225339492313024, "error_max": 0.25504767148303276, "target": "534.xyz", "model": "15.xyz", "model_rescale": 3.769337070930944, "target_rescale": 3.994934557111596},
{"mapping": [4, 8, 7, 3, 13, 5, 11, 12, 9, 0, 14], "R": [[-0.5058983789941803, -0.7397873706519401, -0.4436005820047466], [0.7723225630278191, -0.15943509507647283, -0.6148969906383481], [0.38416752695822876, -0.6536781292668781, 0.6520124343514881]], "T": [-0.0060295115397419555, 0.03601464890598526, 0.14632840940712202], "aligned_model": [[-0.39067177346283344, -0.22493859278912487, 0.015755750651746787, -0.5766178748149012, 0.3490761437858795, 0.39562260754220074, 0.5462683831394475, 0.2611571032593453, 0.13075212661374735, -0.4809340035946788, -0.10284373963965802], [0.00227219234388492, -0.6533892126108414, 0.6870944869987735, 0.45545833240508976, 0.0967678729843579, -0.2917596265023219, 0.3988702156295053, -0.5642994986937496, 0.5495452354715042, -0.05115419820241774, -0.03334130219844287], [-0.4849361275782842, -0.2268339631913414, -0.31098363751082825, 0.08399223789558702, -0.5471009754197245, -0.1980926625576551, -0.10550020265385326, 0.3537532324476145, 0.5523638877943391, 0.6102576114868009, 0.01729820651112185]], "inverted": true, "swapped": true, "error_lsq": 0.04414192606281017, "error_max": 0.21125209007399762, "target": "534.xyz", "model": "16.xyz", "model_rescale": 3.7852294659196426, "target_rescale": 3.994934557111596},
{"mapping": [4, 1, 0, 2, 8, 12, 10, 6, 3, 7, 11, 9, 14], "R": [[-0.9447226071455979, -0.06938897229954186, 0.32044401394196453], [0.1911370535364688, 0.6775374207096118, 0.7102180441973885], [-0.26639411088352094, 0.7322077670042705, -0.6268221148182301]], "T": [-0.009730264293544632, 0.16848040006579446, -0.009778809494739853], "aligned_model": [[0.0396959500630539, -0.4093809754403317, 0.14470251607686213, 0.057145168716418726, -0.59675057259282, -0.6402804210475627, -0.34753382453264176, 0.006261334436509964, 0.5884281289931984, 0.5282874530277167, 0.08134012038312471, 0.45162345284594224, -0.04977248071318777], [-0.1369993838021637, -0.46955317859048107, -0.3431428145991414, -0.5914258610167671, -0.2702211475438007, 0.15460689358335317, 0.6793830786044142, 0.1784349542722422, -0.18005445706795337, 0.48973153736930897, 0.8403873413580983, 0.4592819530751513, 0.06462670806061356], [-0.6819560849734022, 0.19279140563196623, 0.3936504799543974, -0.25765138175449076, -0.3638933901324832, 0.2677186603764946, 0.4449848942508191, 0.7509552690222537, -0.17139524465656858, -0.5005419948556494, -0.21068183062666046, 0.3773579803255235, -0.14558406541902602]], "inverted": false, "swapped": true, "error_lsq": 0.04097641994689692, "error_max": 0.29666552781713096, "target": "534.xyz", "model": "17.xyz", "model_rescale": 3.901054581598922, "target_rescale": 3.994934557111596},
{"mapping": [4, 6, 1, 8, 0, 12, 10, 2, 7, 5, 9, 13, 11, 3, 14], "R": [[-0.9270728090542488, -0.3737258768247399, -0.029410469289752467], [0.1942186685039196, -0.41171476072308155, -0.890376361213223], [0.32064796197204926, -0.8311557764909744, 0.45427410193500606]], "T": [-0.00031759495904747775, -0.05833711417549021, -0.038896149424694826], "aligned_model": [[-0.5371695535633885, 0.35158627800387515, -0.07291619688108247, -0.6496388096486616, 0.05500541457883405, 0.7045328387664076, -0.204396728479014, -0.33987953633153606, 0.5062739335544881, -0.35726859699822244, 0.11327607224193564, 0.1309285425377773, 0.5761830772788216, 0.3759418695313239, 0.04321307920428838], [-0.13426410540925302, -0.25687873026172214, -0.6822765815717052, -0.1810034202205894, -0.7465664311749822, 0.0653394537519208, 0.5144462912163098, -0.19921920286318584, -0.47057000676490673, 0.35311142367642406, 0.5858918862283367, 0.2952699723756693, 0.3033660967460519, -0.3086802873100945, -0.025645655614062353], [-0.6147425147467995, -0.6717236426214608, -0.34074798967108016, 0.022367132034323167, 0.2754035329448061, 0.16076625740229197, -0.5891003168919842, 0.7017711355598972, -0.15337797900007438, 0.26668874849791346, 0.04019301003987341, 0.5817798353157684, -0.45548797729102153, 0.5768659804266718, -0.03255884815527288]], "inverted": true, "swapped": false, "error_lsq": 0.03912862495530557, "error_max": 0.2277309278915454, "target": "534.xyz", "model": "18.xyz", "model_rescale": 3.9405287249114394, "target_rescale": 3.994934557111596},
{"mapping": [0, 8, 6, 1, 2, 11, 4, 3, 5, 12, 13, 14, 9, 10, 15], "R": [[0.5849578200628057, 0.8110506103643382, 0.004610441953338873], [-0.5533294406776437, 0.39491135790996734, 0.7333972657932888], [0.5930015841688254, -0.431557559105782, 0.6797846676352176]], "T": [0.007014213369447561, 0.06672848211944653, -0.05524279067224754], "aligned_model": [[-0.44921439532957785, 0.10914124082465676, -0.09468641106958132, -0.49645134837371646, 0.18920033112206425, 0.6608734775294174, -0.3988554656976214, -0.445931952807876, 0.5438089171027326, -0.39493797024646893, 0.3502172021936929, 0.13647804812131814, 0.699181872734456, 0.2671751071815548, 0.01967303051079656], [-0.1354921566235709, -0.2784983639694816, -0.6115412323982783, -0.3490420821036488, -0.7492511766134502, 0.08116897206715702, 0.45852419021370183, -0.10398822940812365, -0.513219421374541, 0.3731602265174309, 0.6251326506387823, 0.38307919765604814, 0.1664619603353344, -0.26859406042048467, 0.034420228287335625], [-0.5281450298579686, -0.7205702668361376, -0.35170633471936275, 0.04055225118111747, 0.1820559620539771, 0.24720181057245852, -0.5204641953270569, 0.6455597277482003, -0.3136504492965441, 0.15611730565862983, 0.09215577924721, 0.6396674929953682, -0.3714183931602667, 0.6064060125020404, -0.03566530891781293]], "inverted": false, "swapped": false, "error_lsq": 0.03685481464478741, "error_max": 0.21781814325801502, "target": "534.xyz", "model": "19.xyz", "model_rescale": 4.410303926677745, "target_rescale": 3.994934557111596},
{"mapping": [6, 9, 0, 10, 1, 11, 12, 3, 7, 4, 13, 8, 2, 14], "R": [[-0.7570547998716043, -0.6187540211467119, -0.20978915917210766], [0.525403881250415, -0.3856996735590289, -0.7584105243095316], [0.3883539513876035, -0.6843823661749573, 0.6170915534265574]], "T": [-0.022151702157063826, -0.06598086697017212, 0.03724967822643507], "aligned_model": [[-0.10939733645685532, 0.042874432598680415, 0.4009344422111354, -0.6742990271826756, 0.13230986963636965, -0.41416537527299696, -0.4811846820882285, 0.6589797974503512, 0.1793780868348001, 0.3103635494135185, -0.34811501488585433, -0.07251981741575872, 0.5955259613763894, 0.0405030032419976], [-0.0440126863209893, -0.5776575477799032, 0.20325304268194222, -0.1585417344730815, 0.6758882531859471, -0.61155505138144, 0.4077810652664368, -0.2569978872978903, -0.7001299115508366, 0.07685840199387532, -0.27720915186855105, 0.6404613864662707, 0.4048056351701448, 0.028004652089277063], [-0.7183803641429003, -0.3884805951834771, -0.40645541004678, -0.34756088654741835, -0.1460917024475248, 0.25813169654391455, -0.16182110076566472, 0.10769299159762544, 0.47400429455269, 0.6827058652773652, 0.7153100168654509, 0.438312543592954, 0.23776160960647397, 0.1716860798223128]], "inverted": false, "swapped": true, "error_lsq": 0.04043657281125685, "error_max": 0.2417039149350984, "target": "534.xyz", "model": "20.xyz", "model_rescale": 4.121658175737393, "target_rescale": 3.994934557111596},
{"mapping": [10, 9, 0, 12, 1, 11, 3, 5, 7, 4, 2, 8, 14], "R": [[0.6376543251558225, 0.08432953633875134, -0.7656928175913392], [-0.6457960343069903, -0.48334235867950304, -0.591039462624535], [-0.41993385631958413, 0.8713602547781405, -0.25374566540048926]], "T": [0.026476654514900957, -0.07589820063432204, 0.12202392671977767], "aligned_model": [[0.29755462301967606, -0.32947627771897725, 0.23129454947185124, 0.6729702332092812, 0.675698797932407, -0.3710721014179349, -0.4170742743855529, 0.24944980668678973, -0.7324577830650315, -0.15421503410315673, 0.15443190989061945, 0.5559326877863159, 0.048045767358007245], [-0.5884068570920973, -0.04651239608291338, 0.515803371684312, -0.29790327000052574, 0.33629596395065753, -0.6574409981196521, 0.46879253695601986, -0.5845041046148725, -0.2037774668111281, 0.0857533472266204, 0.5693681604959748, -0.027364524434877302, -0.02927685899433532], [0.6178005200959619, 0.6874632904966415, 0.35930407389503716, 0.20891824202412906, -0.006228986104907783, 0.18429541273914135, 0.012641770652751835, -0.15902639447285277, -0.08090284384852843, -0.5771201424291157, -0.3369199010705233, -0.49423074268090184, -0.04588455981504387]], "inverted": false, "swapped": true, "error_lsq": 0.04102067667015785, "error_max": 0.20109119609524106, "target": "534.xyz", "model": "21.xyz", "model_rescale": 4.08911054899281, "target_rescale": 3.994934557111596},
{"mapping": [2, 4, 3, 14, 12, 7, 1, 9, 13, 11, 8, 5, 0, 10, 16], "R": [[0.19172220539697382, -0.16580043414745405, -0.9673431717825047], [-0.9660891041775637, 0.14181264002050642, -0.21578002205905586], [0.17295791033402586, 0.9759095199694129, -0.13298936079986645]], "T": [0.01721759033471701, 0.0036254529516941553, -0.01096256426877567], "aligned_model": [[-0.3287526395568291, 0.1707296957750754, -0.15653752155910752, -0.3766262502207911, 0.13727584615241692, 0.6793252555174821, -0.15595599328304158, -0.24173277806906115, 0.3375755273338449, -0.47121740953184954, 0.08329974607172208, -0.04526539041794153, 0.5904265985201004, 0.4222608577630098, 0.05086613930081729], [-0.014836073577311662, -0.24551166191485413, -0.7467291514228851, -0.4982428595767061, -0.6421120703539409, -0.22129445006766402, 0.6137082336638477, -0.21660988948178755, -0.5442764022110319, 0.5686363809653081, 0.6843078946778169, 0.28561742153337244, 0.1823985524500381, -0.08040005732547337, -0.012335164554518104], [-0.6443799633353485, -0.6439372220134594, -0.4122803337222484, 0.05859181793282991, 0.32605163756729094, 0.11873194194264206, -0.4882552332692, 0.6151274549850637, -0.19509380914357688, 0.15662899992521703, 0.10334657919309537, 0.6327030793070334, -0.5004020498133713, 0.6818686376473988, -0.040605173359514087]], "inverted": false, "swapped": false, "error_lsq": 0.042514127367014785, "error_max": 0.2704013661597887, "target": "534.xyz", "model": "22.xyz", "model_rescale": 4.204369325754507, "target_rescale": 3.994934557111596},
{"mapping": [0, 8, 6, 1, 2, 11, 4, 3, 5, 12, 13, 14, 9, 10, 15], "R": [[0.5849578200628057, 0.8110506103643382, 0.004610441953338873], [-0.5533294406776437, 0.39491135790996734, 0.7333972657932888], [0.5930015841688254, -0.431557559105782, 0.6797846676352176]], "T": [0.007014213369447561, 0.06672848211944653, -0.05524279067224754], "aligned_model": [[-0.44921439532957785, 0.10914124082465676, -0.09468641106958132, -0.49645134837371646, 0.18920033112206425, 0.6608734775294174, -0.3988554656976214, -0.445931952807876, 0.5438089171027326, -0.39493797024646893, 0.3502172021936929, 0.13647804812131814, 0.699181872734456, 0.2671751071815548, 0.01967303051079656], [-0.1354921566235709, -0.2784983639694816, -0.6115412323982783, -0.3490420821036488, -0.7492511766134502, 0.08116897206715702, 0.45852419021370183, -0.10398822940812365, -0.513219421374541, 0.3731602265174309, 0.6251326506387823, 0.38307919765604814, 0.1664619603353344, -0.26859406042048467, 0.034420228287335625], [-0.5281450298579686, -0.7205702668361376, -0.35170633471936275, 0.04055225118111747, 0.1820559620539771, 0.24720181057245852, -0.5204641953270569, 0.6455597277482003, -0.3136504492965441, 0.15611730565862983, 0.09215577924721, 0.6396674929953682, -0.3714183931602667, 0.6064060125020404, -0.03566530891781293]], "inverted": false, "swapped": false, "error_lsq": 0.03685481464478741, "error_max": 0.21781814325801502, "target": "534.xyz", "model": "23.xyz", "model_rescale": 4.410303926677745, "target_rescale": 3.994934557111596},
{"mapping": [7, 1, 11, 14, 9, 4, 0, 15, 10, 12, 2, 5, 3, 8, 16], "R": [[-0.06778172184595133, 0.9879924638480319, 0.13883994224679733], [0.8320455797182199, -0.02081373042254092, 0.5543166440738269], [0.5505504440602786, 0.1530936968179739, -0.8206439718535907]], "T": [-0.09893522654536932, -0.13165560661326617, 0.0002703414868482114], "aligned_model": [[-0.4086902106943864, 0.20876259764401153, -0.18136132384065345, -0.5507827943216783, 0.05505050784377666, 0.47721262404425124, -0.06219411017910416, -0.2043670306247069, 0.4503286148654754, -0.529527726929801, 0.3834245627696061, -0.08288743415875145, 0.6227811216486037, 0.5317561499597676, -0.013833864230563417], [-0.03823112399290768, -0.17624486323591046, -0.6779251036718338, -0.5757113965422693, -0.6688378508891968, 0.14272894291500995, 0.528987933523893, -0.3112113842430764, -0.4698443978172189, 0.5470756439639923, 0.6428397158822308, 0.3345247852254448, 0.26610226741464926, -0.3505219711936425, -0.08141049453495289], [-0.5804659261288901, -0.7995228797605555, -0.30878800523559635, 0.23859411482849077, 0.28336681562189303, 0.25843917429258373, -0.3638532835766324, 0.6828815399322589, -0.08760184010793601, -0.009207152180356917, -0.019222740952538255, 0.4221949130071078, -0.36051376436097105, 0.4798874484710337, -0.06809205000603871]], "inverted": true, "swapped": false, "error_lsq": 0.045512513419247766, "error_max": 0.27782708641411297, "target": "534.xyz", "model": "24.xyz", "model_rescale": 4.28219845311461, "target_rescale": 3.994934557111596},
{"mapping": [8, 10, 6, 0, 2, 13, 5, 4, 14, 3, 9, 7, 11, 13, 15], "R": [[0.40698931066753463, 0.26996262114472985, 0.8726281477164439], [0.10570402092844967, -0.9628294452117254, 0.24856813832999347], [0.9072961814985903, -0.008924271283863167, -0.4203974267525066]], "T": [0.05882933088021767, -0.003552331782386828, 0.0004545517787381166], "aligned_model": [[-0.2704527586160665, 0.23321865409851547, -0.21636555462902293, -0.5251640421556156, 0.1453149290564086, 0.46524189737126453, -0.19395233925957758, -0.36567338382230036, 0.5594725491991059, -0.456100148342965, 0.2730771632834726, 0.1605679697651278, 0.4141816691112644, 0.46524189737126453, 0.007063181364971409], [-0.05709737159320696, -0.25366710039091517, -0.7306002738106073, -0.5587839275740767, -0.6394532384852308, -0.10464225504025802, 0.5497649356580094, -0.10690565300088076, -0.5010356181377467, 0.5074911961118492, 0.634354443423607, 0.3732304002798655, 0.15791944706889421, -0.10464225504025802, -0.05361202666483324], [-0.6083576451896231, -0.7321679876638075, -0.4554689066472422, 0.12782718353552278, 0.23905526961195514, 0.42179302634625565, -0.5955505737929889, 0.5867685540241315, -0.2859217262943692, 0.27198261457184864, 0.06406662874267595, 0.6736781609367769, -0.37918824295984915, 0.42179302634625565, 0.017786982276310103]], "inverted": false, "swapped": false, "error_lsq": 0.03888041021817253, "error_max": 0.28172069469788014, "target": "534.xyz", "model": "25.xyz", "model_rescale": 4.100010024507729, "target_rescale": 3.994934557111596},
{"mapping": [6, 9, 11, 7, 1, 8, 12, 4, 3, 2, 0, 14], "R": [[0.1112161593603816, -0.450828794214136, 0.8856547658114615], [0.608860998155268, -0.6734322685990478, -0.4192579928098105], [0.7854420734990566, 0.585868908474386, 0.1995955191394197]], "T": [0.01895669578856813, -0.03154121705668204, 0.08946692055668409], "aligned_model": [[-0.6702294452849765, -0.13806135067518321, 0.4535659753042692, 0.6917080972467962, -0.4703049940415783, 0.06837370475283783, -0.3721289267907434, 0.5389625298083194, 0.17225995609994965, -0.002250657125349269, -0.4941113505538663, 0.09898206362253179], [-0.3470683713200447, -0.6747185938167692, -0.4415037029127155, -0.40038379114532735, 0.560701740079252, 0.7762807607537208, 0.28633489137080415, 0.39431368793023297, -0.14233445273235792, 0.5059844486826178, 0.03399914505571299, 0.11452562810551378], [0.15681853873406765, -0.005168615539088997, 0.467832234732619, -0.12236926344317295, -0.04362518686137551, 0.17566806812787158, 0.5593580096957751, -0.2200886821572145, -0.5958161242630842, -0.5055012030476995, -0.33577257640824615, 0.033857090283904996]], "inverted": false, "swapped": true, "error_lsq": 0.04929157926687137, "error_max": 0.2405045016674021, "target": "534.xyz", "model": "26.xyz", "model_rescale": 3.6694154284099745, "target_rescale": 3.994934557111596},
