[{"mapping": [8, 7, 6, 4, 10, 2, 5, 0, 9, 3, 1, 12], "R": [[0.4446294967503564, 0.39534285632251565, -0.8037466246114378], [0.8752768735512391, -0.3823607615009994, 0.2961260587836606], [-0.19024984952922563, -0.8351672132089062, -0.5160433322260607]], "T": [-0.1134003223417597, -0.10105121285158698, -0.08388008241320276], "aligned_model": [[-0.23730264776503396, 0.07927404341445773, 0.442642307335941, -0.1912792106979197, 0.0012443231211550498, -0.7469277286598984, 0.358075519535463, -0.12805833581858309, 0.5487900430328264, 0.21891057950841183, -0.47768836647620605, -0.030038064070065082], [-0.39530008373790765, -0.7958839753388948, -0.2754937032242526, 0.5354250187303898, 0.2984281808113511, -0.43814511504347986, -0.15237184742316956, -0.5109147069512954, 0.24078828937707059, 0.4561216883066211, 0.05331502177553947, 0.037586268695084815], [-0.5346289026907931, -0.08020290475240462, -0.5174361164989149, 0.0007660369518697335, -0.6985546423021026, -0.06524958038458693, 0.5619439007684482, 0.62453179661446, -0.01368995690512044, 0.5949718972278204, 0.4334143471153894, -0.12391412979050297]], "inverted": false, "swapped": true, "error_lsq": 0.043358324584574254, "error_max": 0.19408417689403956, "target": "536.xyz", "model": "0.xyz", "model_rescale": 3.751011558992144, "target_rescale": 3.889416601617982},
{"mapping": [9, 5, 10, 2, 8, 13, 7, 11, 6, 3, 1, 4, 14], "R": [[-0.25259453890417294, -0.0447308564386395, -0.9665377123516983], [0.9037497523782891, -0.36769751142227836, -0.21916871393984294], [-0.345589907248417, -0.9288690384419805, 0.1333038837840116]], "T": [0.08828960412746917, -0.03194588813112055, -0.06297619739748025], "aligned_model": [[-0.43991925969598117, -0.005922097262514331, -0.595770916624496, 0.6577185379699704, 0.4010450474210392, 0.05787502899023209, 0.23363664544696544, -0.574096271247847, -0.15081068013460258, 0.4883083576746519, 0.4806391810286618, 0.02318662024007556, 0.05205900787720148], [-0.32865216760101523, -0.6459806573702438, -0.19978483274759445, -0.5612963450912268, -0.44889858138610067, -0.4332200048851596, 0.5915896484233941, 0.3858656902168919, 0.6296962374986695, 0.054545071968790146, 0.3930717492605639, -0.07934547955509338, -0.021945543065330544], [-0.32211014198167853, -0.1275633825217874, 0.35695836982393714, -0.34453770933976846, 0.3478190513792476, -0.6675886643075383, -0.23547169307950203, -0.21597758964047423, 0.19929560232187618, -0.707887199121229, 0.325749112876088, 0.7238457965322818, -0.10286541194581034]], "inverted": false, "swapped": false, "error_lsq": 0.046993687279776146, "error_max": 0.25825826196429513, "target": "536.xyz", "model": "1.xyz", "model_rescale": 3.9405287249114394, "target_rescale": 3.889416601617982},
{"mapping": [5, 11, 0, 10, 3, 9, 4, 2, 1, 8, 7, 6, 12], "R": [[0.7249100529840219, -0.622221562622151, 0.29554313067765864], [0.5562064086950242, 0.2756100160804032, -0.7840111924983877], [0.4063740223110805, 0.732720578422777, 0.5458760921184449]], "T": [0.04793523214414613, -0.01124454664746874, -0.01774921201584491], "aligned_model": [[-0.5592248897794967, -0.09245394386605063, -0.6495757102782476, 0.6110238997549191, 0.6066725749256445, 0.11943137533357481, 0.4177638023605718, -0.508573757380665, -0.2763346907122262, 0.4527945803193166, 0.4766097618127514, 0.02728274218326681, 0.002533457009997471], [-0.33038561942109224, -0.7091780636978294, -0.09305009231367095, -0.536951275903094, -0.06275767241761787, -0.4771317527414938, 0.5533806690476034, 0.22481311487328084, 0.6743789779263795, 0.019303167039491503, 0.27579341602420826, -0.24461572048092445, 0.04204563773130405], [-0.257711380682735, 0.010428333549279231, 0.44019873936636006, -0.36133429105166065, 0.09160643815254106, -0.6721332886841266, -0.20780424703406775, -0.3319850351440169, 0.21027651469042424, -0.6779351824010372, 0.5845440792923301, 0.4726251992980353, -0.07110973835568307]], "inverted": false, "swapped": false, "error_lsq": 0.06303691241407026, "error_max": 0.3301079971853993, "target": "536.xyz", "model": "2.xyz", "model_rescale": 3.932901565614263, "target_rescale": 3.889416601617982},
{"mapping": [0, 7, 4, 8, 9, 3, 10, 1, 6, 11, 12, 5, 13], "R": [[-0.15290630628193608, -0.2860633753001985, -0.9459320307564771], [-0.9561046114889906, 0.2849347845108258, 0.06838231105524134], [0.2499672646341942, 0.9148660633598926, -0.3170748377334153]], "T": [0.00015531084992854993, -0.08412278343248111, -0.1372300057725751], "aligned_model": [[-0.6104674457770901, 0.0028941609353108216, -0.6797569408687963, 0.5344753076863108, 0.5498571036765655, -0.038618044319107564, 0.26582330273841487, -0.3944500230354836, -0.16151934072036578, 0.6264063994811718, 0.42015269418388457, 0.07033810485614962, 0.04281392284639222], [-0.25710784751309745, -0.7149017418335358, -0.2886942098742975, -0.5141688876543874, -0.33009202763642576, -0.3769134443776746, 0.5796806760617167, 0.3737790439309292, 0.42562213760741574, 0.1677211560420198, 0.337931200284046, -0.05395333665314719, -0.013257932717016932], [-0.352093557444916, 0.19721423724235965, 0.37178499006164306, -0.3986668332400127, 0.2836262752281565, -0.5537101780178231, -0.18117230374055227, -0.565460280132744, 0.28787431459527507, -0.722117091033974, 0.340893872507076, 0.5775873594062348, -0.05609466443508014]], "inverted": true, "swapped": false, "error_lsq": 0.04984409333832819, "error_max": 0.2759896607257091, "target": "536.xyz", "model": "3.xyz", "model_rescale": 3.9243930471874484, "target_rescale": 3.889416601617982},
{"mapping": [1, 7, 9, 2, 4, 0, 6, 5, 11, 3, 10, 8, 12], "R": [[-0.8843085260741645, 0.3087503245108175, -0.3502451538951017], [0.45244457170037766, 0.38142742075577685, -0.8061060924186453], [-0.11529241194198499, -0.8713130090903386, -0.47699192858846073]], "T": [0.04141180835904315, 0.008165028371365617, 0.041245963945619135], "aligned_model": [[-0.46907611626279944, 0.0746164654862641, -0.5135343275109545, 0.4419999754165308, 0.501196986808199, 0.005909866251759571, 0.15621580867684848, -0.3512879915872511, -0.30732919115990665, 0.5723848907553204, 0.4692431252293452, 0.061299906071147034, -0.013690196491146875], [-0.4166025126581843, -0.7929286341727185, 0.038264142555053025, -0.6319283653479159, -0.354227712964807, -0.2625372010510882, 0.615651986257231, 0.22492498933264973, 0.6760867157261531, 0.10062713583484406, 0.3723898624727897, -0.24578290036660122, 0.011707280049138798], [-0.22168922747135028, 0.049317735061381096, 0.4757758494370432, -0.48887105902575584, 0.13941092788595835, -0.7642242517997653, -0.3319780334692262, -0.5690204419961515, 0.2828953301835118, -0.36183183849292033, 0.4671900377953743, 0.6169640216573065, -0.06427290876976324]], "inverted": true, "swapped": false, "error_lsq": 0.05240733991763285, "error_max": 0.2918228899252077, "target": "536.xyz", "model": "4.xyz", "model_rescale": 3.8936222436046832, "target_rescale": 3.889416601617982},
{"mapping": [2, 1, 11, 8, 4, 3, 5, 9, 6, 7, 10, 12], "R": [[-0.31082888974819245, 0.9410890249679855, -0.13317975965856355], [0.9075970429747524, 0.33548837869701387, 0.25241861132399646], [0.2822286464577821, -0.042414559340582164, -0.9584090965107505]], "T": [-0.03755777058470957, -0.1004416816499675, -0.08262056086290642], "aligned_model": [[-0.03948008171741299, -0.6058061139180372, -0.20305258669972395, 0.41438451326336456, -0.547100767010772, -0.7450811559429946, -0.26740214503872933, -0.08750367624744967, 0.5544273917950067, 0.4921688434340351, 0.13785963680145427, -0.0758658165036431], [-0.5722004527555093, -0.4091362794872152, 0.148561297718136, -0.09689797550265342, 0.2957882661696698, 0.02725766665015386, -0.35791379081613794, 0.3325933176309578, 0.2084608540961986, -0.5531481135045685, 0.5921586622796964, 0.05339945263107937], [-0.6237086642821945, -0.1596251443537467, -0.7530274990835752, -0.40018047247288496, -0.12384971787525556, 0.5213792099573655, 0.6404918583311243, 0.5258718999802847, 0.20324166834950852, 0.10278737218895906, -0.28283417689255363, -0.031261614571513364]], "inverted": false, "swapped": true, "error_lsq": 0.0391338463915586, "error_max": 0.18697672169246915, "target": "536.xyz", "model": "5.xyz", "model_rescale": 3.6523030999806103, "target_rescale": 3.889416601617982},
{"mapping": [0, 3, 7, 2, 4, 1, 8, 5, 7, 6, 9, 11, 12], "R": [[0.1325978347778146, -0.9633484151553117, 0.2331901482266882], [0.7623875215601358, 0.24947240461166523, 0.5971003151118474], [-0.6333901492615979, 0.09860705022980376, 0.7675243113174646]], "T": [0.19409501098874982, 0.010452194288447132, -0.09702263693566848], "aligned_model": [[-0.6381704730298274, -0.24025596453043035, -0.3260750500621413, 0.5271468593059447, 0.42919596015105377, 0.06781935667321068, 0.2063081654468969, -0.36600537592740023, -0.3260750500621413, 0.682115378503467, 0.3512220778854967, 0.16977544768153494, 0.0909478696476927], [-0.42312245855836805, -0.5143056928577996, 0.048046519667334815, -0.6234587580672754, -0.42739128066847776, -0.29430215054646336, 0.622050082861084, 0.2987241367130569, 0.048046519667334815, 0.15744267278876947, 0.5630218915623497, -0.10917884763484564, -0.009927849260155112], [-0.4233827371605336, 0.039392512117958245, 0.34437042370620696, -0.3489055562157959, 0.18959947851871506, -0.7082133718334331, -0.3789835636935524, -0.3560407323920781, 0.34437042370620696, -0.5005748419763003, 0.3418858839245386, 0.7745655546949161, -0.08841733240120596]], "inverted": true, "swapped": false, "error_lsq": 0.05382952622743045, "error_max": 0.4163057372332465, "target": "536.xyz", "model": "6.xyz", "model_rescale": 4.08911054899281, "target_rescale": 3.889416601617982},
{"mapping": [7, 6, 2, 4, 3, 5, 11, 13, 1, 8, 9, 0, 14], "R": [[0.9810391581070033, 0.18846987529506626, -0.045180486572913486], [-0.1146967325023846, 0.3766715098006862, -0.9192188168536088], [-0.15622685369032904, 0.9069717083849607, 0.39114637972923477]], "T": [0.04697567023507153, 0.004481619785748438, -0.21521184198761328], "aligned_model": [[-0.5560132678709225, -0.045912870491365845, -0.5757869011422814, 0.4689005254233013, 0.5199391607146348, 0.020352521054282386, 0.10569530243210747, -0.5889428763650588, -0.1628364155076934, 0.7251439971418135, 0.5263930778586368, 0.0722295505780243, 0.11878739785787774], [-0.45750547955369397, -0.3992004656896702, -0.13953723346887645, -0.5335443296798866, -0.395799841746082, -0.4333527393577846, 0.5688552108321853, 0.3548865098822913, 0.43208217304146584, 0.039332598822849375, 0.4140824458742961, -0.24182896179596683, 0.1271748985054181], [-0.36441380277628743, 0.06327596622201959, 0.2762806736115004, -0.38655064079934875, 0.277263258391181, -0.8381833593657335, -0.3654300748395244, -0.30858495073971154, 0.3425360530214762, -0.2786318934354791, 0.25056001251077786, 0.6921742511570799, -0.13062935196230793]], "inverted": true, "swapped": false, "error_lsq": 0.0435931207461273, "error_max": 0.2490005490170928, "target": "536.xyz", "model": "7.xyz", "model_rescale": 3.964800864290218, "target_rescale": 3.889416601617982},
{"mapping": [4, 6, 11, 0, 3, 2, 8, 12, 9, 1, 5, 10, 13], "R": [[-0.3791801429994519, -0.8180182493225845, -0.4325142343670658], [0.5116032104933286, -0.5748131146174389, 0.6386329448726538], [-0.7710282576973648, 0.02088126047471911, 0.6364584815941672]], "T": [0.07176566587915849, -0.08080481999120245, -0.1312088328339878], "aligned_model": [[-0.4794051345148214, -0.10612917071089463, -0.6431347691343555, 0.5194067315625546, 0.5268352177441591, 0.01000719948220298, 0.20067227476451438, -0.5305200152346433, -0.28839140167315896, 0.6049104594103379, 0.6354074286498498, 0.09580523289257785, 0.08248514844503335], [-0.46928295507225337, -0.5880434945929327, -0.18866965148110218, -0.5822730643016943, -0.523770167694912, -0.34834038336114626, 0.6709299557532796, 0.3151976736325355, 0.4164118829642812, 0.16395371817510157, 0.30027858855113343, 0.18082646944041778, -0.01157378634616349], [-0.3321786872173018, 0.08689246766973882, 0.2742734363700109, -0.37881022375239415, 0.2190140953153926, -0.7338856466527333, -0.03458846992144379, -0.357281654415076, 0.18010959543971386, -0.5991509000791592, 0.354748080855779, 0.6473187393273241, -0.09679469194420853]], "inverted": false, "swapped": false, "error_lsq": 0.040929771917004684, "error_max": 0.24244126891484527, "target": "536.xyz", "model": "8.xyz", "model_rescale": 4.121658175737393, "target_rescale": 3.889416601617982},
{"mapping": [7, 5, 9, 10, 0, 11, 2, 8, 6, 3, 1, 4, 12], "R": [[-0.41771276391933837, 0.6049509302272941, -0.6779014816888947], [0.5772494469088768, -0.39947683468718753, -0.712180689566701], [-0.7016403087781254, -0.6888052196125095, -0.18234101714178214]], "T": [0.011055943651840518, -0.06602588326362493, -0.10672460335595409], "aligned_model": [[-0.5537944710385058, 0.06986777474969197, -0.6152829655350718, 0.4291886571161921, 0.6939778984030398, -0.06587730894379723, 0.397732333723998, -0.3513958477568088, -0.42537578602990034, 0.5895467583649567, 0.3016584038597931, 0.11224871062360944, 0.0454550441461589], [-0.3604500821674169, -0.638543808479198, -0.2077714479688195, -0.624324441497183, -0.17915760065268363, -0.19007072220597196, 0.4922157839776504, 0.4473251156932253, 0.3980781732612788, 0.006473937937234414, 0.35550412884968663, -0.14880404708421413, -0.01483020399704342], [-0.3291415776119881, 0.11795806198685758, 0.4231787677976005, -0.40663889844812523, 0.26696385159239056, -0.7245645722235624, -0.252306405705464, -0.4750353261186297, 0.16588651185783548, -0.6384916056120369, 0.3545718032226878, 0.7713617917247428, -0.04407626146666603]], "inverted": false, "swapped": false, "error_lsq": 0.052911484071611586, "error_max": 0.2714382276418898, "target": "536.xyz", "model": "9.xyz", "model_rescale": 3.833441315466971, "target_rescale": 3.889416601617982},
{"mapping": [4, 5, 2, 1, 0, 6, 11, 7, 8, 12, 10, 13, 14], "R": [[0.71237448143733, -0.6890039604970872, -0.13340217620497763], [0.6770305618901071, 0.6246474355575079, 0.3891596067402103], [-0.18480318304526372, -0.36754472336133154, 0.9114596315062896]], "T": [0.002714948132072209, -0.018022568203273998, -0.11634469739784467], "aligned_model": [[-0.4489622220553149, -0.11122383679484946, -0.487019588821309, 0.4933102588925554, 0.5098383649596335, 0.04470394994444421, 0.13202681318688025, -0.3828742639821143, -0.08788010958787972, 0.4703137124649851, 0.5444670041261755, 0.038021486268086074, -0.08677236691793636], [-0.5575981611331922, -0.6296245476624306, -0.16060731703277548, -0.5455277924034379, -0.30743845924405855, -0.3229868889838249, 0.6233935901641089, 0.4367889064716126, 0.6018561076143428, 0.0678182081213827, 0.4470167707421545, -0.32558784903186344, 0.008142218044526216], [-0.4915226465580801, 0.1489780748589459, 0.39009377630248554, -0.27963404920985024, 0.23420807155695147, -0.7217067831139667, -0.3092198756475254, -0.41363489028525235, 0.34744655430927485, -0.48648360919324896, 0.29108292387890544, 0.618395792713008, -0.09833719861600485]], "inverted": false, "swapped": false, "error_lsq": 0.04556298039888715, "error_max": 0.30631047669053163, "target": "536.xyz", "model": "10.xyz", "model_rescale": 4.2482417240324, "target_rescale": 3.889416601617982},
{"mapping": [11, 2, 7, 0, 10, 9, 6, 5, 1, 3, 4, 12], "R": [[0.4501823186015124, 0.215176875857124, 0.8666226353580515], [-0.8538543973251997, -0.18025209430725414, 0.48830507950078605], [0.2612825064695043, -0.959795860896585, 0.1025834159052858]], "T": [-0.07133255107572517, -0.03004459558724517, 0.062026308792012465], "aligned_model": [[-0.7320284633377869, -0.12703414679934566, 0.4054719521299405, 0.6603936315791903, -0.6892363648229611, 0.056752090065725236, -0.052413706608311184, 0.6119563965682333, 0.05970020806633711, 0.23239021880397875, -0.40481452313941013, -0.1443716901425834], [-0.31780353580565535, -0.7454412691584017, -0.23869847357931107, -0.30442049398119675, 0.3173970306037775, 0.7066412995005785, 0.3722355457720299, 0.30079850198960223, -0.2864275122665406, 0.5062512118178792, 0.238885306498789, 0.11671377865908858], [-0.0776597125348388, 0.041019149675405216, 0.561075931176925, -0.18158196590322392, 0.2811864981868883, 0.0278913460701556, 0.6665072335120742, -0.19423713587508698, -0.5221196116595515, -0.6463884521724603, -0.42253386519720776, 0.03203287457527769]], "inverted": true, "swapped": true, "error_lsq": 0.05786377808522259, "error_max": 0.3969918016786302, "target": "536.xyz", "model": "11.xyz", "model_rescale": 3.6694154284099745, "target_rescale": 3.889416601617982},
{"mapping": [2, 10, 12, 9, 7, 8, 4, 1, 0, 11, 6, 5, 13], "R": [[-0.43801198938357755, 0.5471443803446377, -0.7132871260674225], [-0.5162189109886798, 0.49650556508673915, 0.697854039019306], [0.7359779433474227, 0.6738807393709811, 0.06497088587142497]], "T": [0.055755803943108743, -0.0419342015147132, -0.046433937993437584], "aligned_model": [[-0.4419411966104721, -0.0853274637996243, -0.47287000969770876, 0.5342706108553787, 0.43953449179336634, 0.10503158222848483, 0.09166659516482767, -0.6703094074083374, -0.16344736762695897, 0.6756012787749884, 0.4609594847026973, 0.15714307690012674, -0.0023624735934118304], [-0.24993088799135146, -0.6605679877256935, -0.2515104364236504, -0.6139944923079316, -0.5256155910951567, -0.28457079329710433, 0.6042672216789305, 0.32635811282928545, 0.5575902835637145, 0.07279053846179981, 0.27203944233116617, 0.024999876050654034, 0.06378949959188265], [-0.4143315425616446, -0.01615956880526936, 0.3255889795539448, -0.34385093507561504, 0.3670047522558058, -0.7614844490160404, -0.4053389191327798, -0.2780879346390443, 0.27490424179621603, -0.4306974807278965, 0.1924914928896986, 0.7471725404450227, -0.027545035986755437]], "inverted": true, "swapped": false, "error_lsq": 0.044654389692995074, "error_max": 0.25023998152071764, "target": "536.xyz", "model": "12.xyz", "model_rescale": 3.9764082729961374, "target_rescale": 3.889416601617982},
{"mapping": [10, 12, 9, 14, 6, 11, 7, 2, 0, 3, 4, 5, 15], "R": [[-0.2660681708426496, -0.9209793810869004, -0.28461326054356056], [0.5109912597769829, -0.3851126637005015, 0.7684895371369975], [-0.817371189176606, 0.05903571690336673, 0.5730786361693541]], "T": [-0.005153516787186271, -0.12958895882588892, -0.04783421855108486], "aligned_model": [[-0.4801191161089024, -0.40031471096788346, -0.40077175313429475, 0.6465209252375733, 0.6296602454806848, 0.1481017432792306, 0.14572899883134582, -0.4908015895464011, -0.20012035145392837, 0.4502377349030452, 0.43059503744771377, 0.06262322860340307, 0.08660880911176959], [-0.5205077192743972, -0.6032483695655046, -0.020668007269689342, -0.4605072633838915, -0.4078944208417886, -0.49455930983824736, 0.5992836269165172, 0.4451041671026581, 0.48658567456030444, 0.14879055590232884, 0.31653293287506445, -0.0768890120527401, -0.07637806946406943], [-0.5652674037534162, 0.11559138586803133, 0.39162176775393476, -0.3712867450449193, 0.27343881602645215, -0.7362048795276414, -0.17826779995094003, -0.31266109472088616, 0.28295980807830073, -0.6986545478104724, 0.30848330418191955, 0.7861039891292473, -0.06619045923396771]], "inverted": true, "swapped": false, "error_lsq": 0.04926117892813469, "error_max": 0.2803533749038785, "target": "536.xyz", "model": "13.xyz", "model_rescale": 4.170626492500431, "target_rescale": 3.889416601617982},
{"mapping": [7, 10, 8, 9, 11, 1, 2, 0, 4, 3, 6, 12, 13], "R": [[0.9608494402421459, -0.045685925218757965, -0.2732785198716886], [0.2430777935293233, -0.3343554841695277, 0.9105600455207093], [-0.13297194997167833, -0.9413390496748059, -0.310160045908661]], "T": [0.05078694901000161, 0.011073817117194032, -0.04778687725351899], "aligned_model": [[-0.5755642933339005, -0.07561273036643551, -0.601060798941836, 0.3660311818680233, 0.6603566029763043, 0.023971459685391043, 0.04551050831995768, -0.32093801211223494, -0.29548867384683186, 0.6065057852964217, 0.7205591339162588, -0.06237390195795271, 0.13605294018019126], [-0.4088494892432532, -0.5153807112199423, -0.13786852022467105, -0.683549780347937, -0.29136971945343665, -0.2700703671221218, 0.6403233064229877, 0.18515408573773073, 0.450258354124623, 0.1393998351006167, 0.4266063457752336, -0.201685278685657, 0.002676724802372056], [-0.3457438219256783, 0.11094892721946797, 0.2754266534691026, -0.3205973791742393, 0.143556780287558, -0.7626668301799089, -0.24000916164944033, -0.48065524048136665, 0.3884163621449326, -0.4353208919346417, 0.24585781447960448, 0.6433240473798096, 0.0071288813604426585]], "inverted": true, "swapped": false, "error_lsq": 0.04664964926330207, "error_max": 0.2801208317478062, "target": "536.xyz", "model": "14.xyz", "model_rescale": 3.9786697098870705, "target_rescale": 3.889416601617982},
{"mapping": [7, 6, 2, 0, 8, 11, 9, 4, 1, 5, 10, 12], "R": [[0.5672814163374293, 0.7650592339741598, -0.30475590755401627], [-0.24963303575877827, -0.1929008278171972, -0.948932356959808], [-0.7847771289583154, 0.6143888338327057, 0.0815550042954527]], "T": [0.05310173320436265, 0.024084968440292967, -0.039259086093101206], "aligned_model": [[-0.019760107843533103, -0.6273163606762798, 0.6090242189970764, 0.5291332050703651, -0.08011567097690317, 0.25822581727442906, -0.4739109917505613, 0.09288341943797206, 0.6318424790016585, 0.06271447029874408, -0.44643305734290895, -0.052932824722722455], [-0.3851770794232069, -0.06740813659976126, 0.232120028392037, -0.6366520646171233, 0.28486145750530784, 0.7279356683176714, -0.26044595481120114, 0.28076855701726444, -0.061786947276899304, -0.7200435887720544, 0.5574086457161157, 0.06309390477628904], [-0.6284324298371463, -0.27641863662481475, -0.4430015444473199, -0.12215023424405028, -0.5076151784191629, -0.002451707402317954, 0.4097138757285908, 0.5530778390935784, 0.24677133809044333, 0.2577125958664817, 0.08951530405931364, 0.0832452720102342]], "inverted": true, "swapped": true, "error_lsq": 0.048324946386779054, "error_max": 0.26557335790184317, "target": "536.xyz", "model": "15.xyz", "model_rescale": 3.769337070930944, "target_rescale": 3.889416601617982},
{"mapping": [1, 3, 2, 11, 0, 5, 7, 9, 8, 10, 12], "R": [[-0.4410991626785675, 0.40137321059245445, -0.802702357354812], [-0.7467676492883633, 0.33192772884229826, 0.5763350247919399], [0.49776460969076425, 0.8536530493381367, 0.15331948569931408]], "T": [-0.02522329166703042, 0.11646419647754952, 0.06418429698990408], "aligned_model": [[-0.2823064653208185, -0.145726749919446, -0.1451896223083936, -0.6656091698121915, 0.399861607160424, 0.40641992058360216, 0.632530400673151, 0.12294560340291646, 0.054742015067661735, -0.36619981953583186, -0.08884158929990285], [0.04046145070825337, -0.7376512322396582, 0.734676829072346, 0.45528609287759253, 0.06973567235997771, -0.44466935044233974, 0.4106930646061247, -0.5620958786505523, 0.5731698402663876, 0.06258422601450109, -0.006126216947290472], [-0.5293307110538632, -0.30686548203239067, -0.2804279335963625, 0.182261095310639, -0.6337910645558018, -0.3110825068954638, 0.03737097840586644, 0.3432527150769395, 0.3644078601808345, 0.7209825548245883, 0.15744010155879123]], "inverted": false, "swapped": true, "error_lsq": 0.0503653222566476, "error_max": 0.3059235593548846, "target": "536.xyz", "model": "16.xyz", "model_rescale": 3.7852294659196426, "target_rescale": 3.889416601617982},
{"mapping": [4, 0, 10, 3, 8, 1, 7, 5, 6, 2, 11, 9, 12], "R": [[-0.8067066080008316, 0.4943408640970039, -0.32380790399806536], [0.045723790393794844, -0.494086929396925, -0.8682093302833959], [-0.5891806035502333, -0.7151959285978534, 0.3759800528182809]], "T": [0.08826822169258347, -0.09127155858396993, -0.09800076135804568], "aligned_model": [[-0.5289350025175457, -0.07366794887136532, -0.4797913684276199, 0.44466829036160976, 0.570760492143252, 0.08094529471868693, 0.1367019942303754, -0.4013749522525823, -0.37039968431145903, 0.5909138847576447, 0.4596833344011628, 0.1265691589914391, 0.07187570845975769], [-0.3831817842068346, -0.7317851609485003, 0.06724669572396733, -0.6805914684983121, -0.30345856693629797, -0.0942557073183411, 0.578451448170989, 0.14266596409731372, 0.6404153970289773, 0.10765858840499049, 0.38973908594184725, -0.32460766247467493, -0.07265204331857938], [-0.28677386667504673, 0.07307278302511556, 0.4510305131635163, -0.4957147364630464, 0.2846005895208, -0.7866164915326734, -0.2993767010263091, -0.4691231242668726, 0.10608546279662069, -0.38411464611567925, 0.31262272596069596, 0.7334732829361685, -0.009499650327647172]], "inverted": true, "swapped": false, "error_lsq": 0.05150098809601923, "error_max": 0.28350494997436865, "target": "536.xyz", "model": "17.xyz", "model_rescale": 3.901054581598922, "target_rescale": 3.889416601617982},
{"mapping": [9, 5, 10, 2, 8, 13, 7, 11, 6, 3, 1, 4, 14], "R": [[-0.25259453890417294, -0.0447308564386395, -0.9665377123516983], [0.9037497523782891, -0.36769751142227836, -0.21916871393984294], [-0.345589907248417, -0.9288690384419805, 0.1333038837840116]], "T": [0.08828960412746917, -0.03194588813112055, -0.06297619739748025], "aligned_model": [[-0.43991925969598117, -0.005922097262514331, -0.595770916624496, 0.6577185379699704, 0.4010450474210392, 0.05787502899023209, 0.23363664544696544, -0.574096271247847, -0.15081068013460258, 0.4883083576746519, 0.4806391810286618, 0.02318662024007556, 0.05205900787720148], [-0.32865216760101523, -0.6459806573702438, -0.19978483274759445, -0.5612963450912268, -0.44889858138610067, -0.4332200048851596, 0.5915896484233941, 0.3858656902168919, 0.6296962374986695, 0.054545071968790146, 0.3930717492605639, -0.07934547955509338, -0.021945543065330544], [-0.32211014198167853, -0.1275633825217874, 0.35695836982393714, -0.34453770933976846, 0.3478190513792476, -0.6675886643075383, -0.23547169307950203, -0.21597758964047423, 0.19929560232187618, -0.707887199121229, 0.325749112876088, 0.7238457965322818, -0.10286541194581034]], "inverted": false, "swapped": false, "error_lsq": 0.046993687279776146, "error_max": 0.25825826196429513, "target": "536.xyz", "model": "18.xyz", "model_rescale": 3.9405287249114394, "target_rescale": 3.889416601617982},
{"mapping": [10, 11, 14, 5, 9, 2, 0, 3, 12, 6, 4, 13, 15], "R": [[-0.40154163340731946, 0.5276029877938885, -0.7485982927522236], [-0.7925792680034826, -0.6097514463230387, -0.004612769019401053], [-0.45889260243726493, 0.5914712680916332, 0.6630077815911589]], "T": [0.1110064842151989, 0.05769700688433711, 0.015731997973089315], "aligned_model": [[-0.44484803450247956, -0.061538285766046724, -0.5792542148264676, 0.5333493525753299, 0.538582548262926, 0.010927823088706351, 0.5094089366606743, -0.6377014134389615, -0.20751071454456152, 0.46104747413717784, 0.44109106162353573, -0.03375746433735968, 0.09815213275088244], [-0.3957064167518775, -0.6295263175054188, -0.15078894013569638, -0.5151165497035938, -0.5197476303797237, -0.325309815796942, 0.5548483381281686, 0.31135628280840677, 0.4580208742892673, 0.08556075418324635, 0.6204451160235334, -0.19356729806870476, 0.03517638857587968], [-0.30575692314647823, 0.14674957949033318, 0.29824348327918326, -0.4141212021933046, 0.2854471204726746, -0.7579703468467816, -0.2427061913176345, -0.301320128028187, 0.2117591835611804, -0.6437969040115951, 0.3459194690156734, 0.6217348804975077, -0.014515879776928739]], "inverted": false, "swapped": false, "error_lsq": 0.04892419116568311, "error_max": 0.34684347940887544, "target": "536.xyz", "model": "19.xyz", "model_rescale": 4.410303926677745, "target_rescale": 3.889416601617982},
{"mapping": [4, 6, 11, 0, 3, 2, 8, 12, 9, 1, 5, 10, 13], "R": [[-0.3791801429994519, -0.8180182493225845, -0.4325142343670658], [0.5116032104933286, -0.5748131146174389, 0.6386329448726538], [-0.7710282576973648, 0.02088126047471911, 0.6364584815941672]], "T": [0.07176566587915849, -0.08080481999120245, -0.1312088328339878], "aligned_model": [[-0.4794051345148214, -0.10612917071089463, -0.6431347691343555, 0.5194067315625546, 0.5268352177441591, 0.01000719948220298, 0.20067227476451438, -0.5305200152346433, -0.28839140167315896, 0.6049104594103379, 0.6354074286498498, 0.09580523289257785, 0.08248514844503335], [-0.46928295507225337, -0.5880434945929327, -0.18866965148110218, -0.5822730643016943, -0.523770167694912, -0.34834038336114626, 0.6709299557532796, 0.3151976736325355, 0.4164118829642812, 0.16395371817510157, 0.30027858855113343, 0.18082646944041778, -0.01157378634616349], [-0.3321786872173018, 0.08689246766973882, 0.2742734363700109, -0.37881022375239415, 0.2190140953153926, -0.7338856466527333, -0.03458846992144379, -0.357281654415076, 0.18010959543971386, -0.5991509000791592, 0.354748080855779, 0.6473187393273241, -0.09679469194420853]], "inverted": false, "swapped": false, "error_lsq": 0.040929771917004684, "error_max": 0.24244126891484527, "target": "536.xyz", "model": "20.xyz", "model_rescale": 4.121658175737393, "target_rescale": 3.889416601617982},
{"mapping": [0, 3, 7, 2, 4, 1, 8, 5, 7, 6, 9, 11, 12], "R": [[0.1325978347778146, -0.9633484151553117, 0.2331901482266882], [0.7623875215601358, 0.24947240461166523, 0.5971003151118474], [-0.6333901492615979, 0.09860705022980376, 0.7675243113174646]], "T": [0.19409501098874982, 0.010452194288447132, -0.09702263693566848], "aligned_model": [[-0.6381704730298274, -0.24025596453043035, -0.3260750500621413, 0.5271468593059447, 0.42919596015105377, 0.06781935667321068, 0.2063081654468969, -0.36600537592740023, -0.3260750500621413, 0.682115378503467, 0.3512220778854967, 0.16977544768153494, 0.0909478696476927], [-0.42312245855836805, -0.5143056928577996, 0.048046519667334815, -0.6234587580672754, -0.42739128066847776, -0.29430215054646336, 0.622050082861084, 0.2987241367130569, 0.048046519667334815, 0.15744267278876947, 0.5630218915623497, -0.10917884763484564, -0.009927849260155112], [-0.4233827371605336, 0.039392512117958245, 0.34437042370620696, -0.3489055562157959, 0.18959947851871506, -0.7082133718334331, -0.3789835636935524, -0.3560407323920781, 0.34437042370620696, -0.5005748419763003, 0.3418858839245386, 0.7745655546949161, -0.08841733240120596]], "inverted": true, "swapped": false, "error_lsq": 0.05382952622743045, "error_max": 0.4163057372332465, "target": "536.xyz", "model": "21.xyz", "model_rescale": 4.08911054899281, "target_rescale": 3.889416601617982},
{"mapping": [5, 9, 10, 15, 14, 11, 0, 6, 7, 2, 13, 12, 16], "R": [[0.20489027023465356, -0.7078822566696775, 0.6759605667902645], [0.005304146476443117, -0.6897987789662007, -0.7239817059614804], [0.978770577404801, 0.15192220123794822, -0.1375783470524679]], "T": [0.11407791464005615, -0.019705832460099784, -0.1568491609445648], "aligned_model": [[-0.4598263884675411, -0.1259535253163808, -0.5663595697708907, 0.5571011682045123, 0.48099724013824763, -0.0189290580089872, 0.11442156879645318, -0.4599395754693737, -0.21189927783451476, 0.766385254096301, 0.33538613380780247, 0.09003684109916005, 0.12652839040856767], [-0.4263915906099989, -0.6032874542045011, -0.09283672717017756, -0.5108935385114554, -0.4077727125014748, -0.4845634251060164, 0.7393071865666084, 0.43428036998860214, 0.4337075419790107, 0.06193118842321842, 0.31848519365236305, -0.15028668046216936, 0.023965433622535365], [-0.21134318759696605, 0.173854649370848, 0.27069277999496777, -0.46339777392355747, 0.19895540779784043, -0.750237393086581, -0.31169914327926557, -0.2981452245346228, 0.28354994200135336, -0.45531919476046545, 0.3660078635028826, 0.5693327549361233, -0.14258533942691481]], "inverted": false, "swapped": false, "error_lsq": 0.04356533719761045, "error_max": 0.2672492064633851, "target": "536.xyz", "model": "22.xyz", "model_rescale": 4.204369325754507, "target_rescale": 3.889416601617982},
{"mapping": [10, 11, 14, 5, 9, 2, 0, 3, 12, 6, 4, 13, 15], "R": [[-0.40154163340731946, 0.5276029877938885, -0.7485982927522236], [-0.7925792680034826, -0.6097514463230387, -0.004612769019401053], [-0.45889260243726493, 0.5914712680916332, 0.6630077815911589]], "T": [0.1110064842151989, 0.05769700688433711, 0.015731997973089315], "aligned_model": [[-0.44484803450247956, -0.061538285766046724, -0.5792542148264676, 0.5333493525753299, 0.538582548262926, 0.010927823088706351, 0.5094089366606743, -0.6377014134389615, -0.20751071454456152, 0.46104747413717784, 0.44109106162353573, -0.03375746433735968, 0.09815213275088244], [-0.3957064167518775, -0.6295263175054188, -0.15078894013569638, -0.5151165497035938, -0.5197476303797237, -0.325309815796942, 0.5548483381281686, 0.31135628280840677, 0.4580208742892673, 0.08556075418324635, 0.6204451160235334, -0.19356729806870476, 0.03517638857587968], [-0.30575692314647823, 0.14674957949033318, 0.29824348327918326, -0.4141212021933046, 0.2854471204726746, -0.7579703468467816, -0.2427061913176345, -0.301320128028187, 0.2117591835611804, -0.6437969040115951, 0.3459194690156734, 0.6217348804975077, -0.014515879776928739]], "inverted": false, "swapped": false, "error_lsq": 0.04892419116568311, "error_max": 0.34684347940887544, "target": "536.xyz", "model": "23.xyz", "model_rescale": 4.410303926677745, "target_rescale": 3.889416601617982},
{"mapping": [5, 4, 2, 9, 10, 15, 7, 12, 0, 11, 1, 3, 16], "R": [[-0.980099453612461, 0.11373092320086174, -0.16269707476299414], [-0.19543527996175203, -0.6964687613854437, 0.6904609444135837], [-0.0347866694989217, 0.7085171427157609, 0.7048356873080897]], "T": [0.11798373845402299, -0.05087056878038421, -0.2650248253431535], "aligned_model": [[-0.46680789484281693, -0.1415103810743245, -0.5023638346372626, 0.519790785769175, 0.5450258453763948, -0.0007497964909341376, 0.21047657770300815, -0.5619105338706663, -0.3346453108592653, 0.7212632974176437, 0.5173905270264223, 0.009766985845559156, 0.11222293432042323], [-0.28024487825554084, -0.5216714081917395, -0.1332222420661876, -0.48711512915670185, -0.3796228166132951, -0.5649664927802107, 0.6038600628982113, 0.3650842317940861, 0.36718000644114596, 0.11001506509292214, 0.38502651407510224, -0.09370312471801684, -0.034975002853229686], [-0.2967770726138912, 0.1649679007940701, 0.3992650523797875, -0.46667244843436845, 0.10013396852018053, -0.7455681838874045, -0.19644077973700197, -0.36943371923075163, 0.17172049101509235, -0.369385129868421, 0.3569102998674245, 0.6269984317756223, -0.14605266958469612]], "inverted": true, "swapped": false, "error_lsq": 0.04157659188667749, "error_max": 0.24223503410799985, "target": "536.xyz", "model": "24.xyz", "model_rescale": 4.28219845311461, "target_rescale": 3.889416601617982},
{"mapping": [10, 8, 6, 5, 1, 11, 13, 14, 2, 9, 4, 0, 15], "R": [[-0.3845802073325754, 0.8682033669383115, 0.31356176068681113], [-0.9153948412400491, -0.4024706999690913, -0.008343877845159636], [0.11895523846867201, -0.2902417084145029, 0.9495311484819717]], "T": [0.1826312549605407, 0.05658486377049442, -0.12796028583525376], "aligned_model": [[-0.43629993300064973, -0.041797072672079966, -0.5240099576669732, 0.4222360852704613, 0.4517588498940065, 0.0012340054296216818, 0.16487107337061638, -0.5305423765715567, -0.23906862836416418, 0.6478597277270608, 0.5357079033239633, 0.006686169400957759, 0.16931335554209254], [-0.3892926538182411, -0.5901257976909117, -0.24338696732399567, -0.71739679522716, -0.40197345938675294, -0.12905345128037587, 0.6312399002246256, 0.20894276144562074, 0.47887339438344917, 0.02947479400345037, 0.3618468419138134, 0.0364754094888192, 0.060020808934203806], [-0.3466432588938222, -0.012447069980964481, 0.3441331711488024, -0.3903008998116912, 0.22865154901492762, -0.6066151981638392, -0.2775350897455333, -0.3477671719829927, 0.20763117666729725, -0.617553173981545, 0.43489011889604945, 0.6684021371555164, -0.05518014932656268]], "inverted": true, "swapped": false, "error_lsq": 0.03597438708975427, "error_max": 0.24079225664601583, "target": "536.xyz", "model": "25.xyz", "model_rescale": 4.100010024507729, "target_rescale": 3.889416601617982},
{"mapping": [11, 2, 7, 0, 10, 9, 6, 5, 1, 3, 4, 12], "R": [[0.4501823186015124, 0.215176875857124, 0.8666226353580515], [-0.8538543973251997, -0.18025209430725414, 0.48830507950078605], [0.2612825064695043, -0.959795860896585, 0.1025834159052858]], "T": [-0.07133255107572517, -0.03004459558724517, 0.062026308792012465], "aligned_model": [[-0.7320284633377869, -0.12703414679934566, 0.4054719521299405, 0.6603936315791903, -0.6892363648229611, 0.056752090065725236, -0.052413706608311184, 0.6119563965682333, 0.05970020806633711, 0.23239021880397875, -0.40481452313941013, -0.1443716901425834], [-0.31780353580565535, -0.7454412691584017, -0.23869847357931107, -0.30442049398119675, 0.3173970306037775, 0.7066412995005785, 0.3722355457720299, 0.30079850198960223, -0.2864275122665406, 0.5062512118178792, 0.238885306498789, 0.11671377865908858], [-0.0776597125348388, 0.041019149675405216, 0.561075931176925, -0.18158196590322392, 0.2811864981868883, 0.0278913460701556, 0.6665072335120742, -0.19423713587508698, -0.5221196116595515, -0.6463884521724603, -0.42253386519720776, 0.03203287457527769]], "inverted": true, "swapped": true, "error_lsq": 0.05786377808522259, "error_max": 0.3969918016786302, "target": "536.xyz", "model": "26.xyz", "model_rescale": 3.6694154284099745, "target_rescale": 3.889416601617982},
{"mapping": [6, 2, 0, 11, 10, 12, 7, 1, 5, 9, 8, 4, 13], "R": [[0.2245099117111225, 0.6587811697611479, 0.7180547819711235], [0.2654488358939313, 0.6676551956071248, -0.6955382486257452], [-0.9376205069568503, 0.34676203677298023, -0.024977485602711187]], "T": [0.09518054341348109, 0.015099157587449771, -0.07580454536574148], "aligned_model": [[-0.4013298700630014, -0.14925593672345994, -0.4252738534430424, 0.4583847756048329, 0.5481769575033257, 0.13956577739152842, 0.10905974942792696, -0.728661387333944, -0.33521311378850394, 0.6787619025692022, 0.5044714454272106, 0.15563823801776458, 0.07362451709351667], [-0.1964832661871712, -0.6128812969539436, -0.08524777722757547, -0.7245890637696992, -0.2666067922345034, -0.44375008898121304, 0.5953285706923361, 0.2933275654445824, 0.5860156837140518, 0.0753773149395031, 0.3437401134072125, -0.19150934723522783, -0.03707682994180711], [-0.4999515942337733, 0.013755502063515182, 0.31915248596688706, -0.314801386660726, 0.20227229032772265, -0.7217303408604979, -0.3192582792184212, -0.22916712195921424, 0.26300826395082405, -0.42317016897083437, 0.2886584460568577, 0.7174093999144706, -0.06651135538116779]], "inverted": false, "swapped": false, "error_lsq": 0.044133052270060404, "error_max": 0.26459395684974646, "target": "536.xyz", "model": "27.xyz", "model_rescale": 4.103607728864725, "target_rescale": 3.889416601617982},
{"mapping": [4, 13, 7, 12, 10, 2, 0, 1, 5, 3, 9, 6, 14], "R": [[0.5893983067047792, 0.8066395383544043, 0.04407143311639686], [0.7199777896868342, -0.5492529935817527, 0.4242088299400951], [0.3663899813193592, -0.21829751305243306, -0.904491336268028]], "T": [0.09619903273658353, -0.1734883825528559, 0.08651865292871826], "aligned_model": [[-0.48507671330366436, -0.07717055554079758, -0.5381139978306149, 0.46476090062290537, 0.562820345568141, 0.019269378872568646, 0.12208923330172664, -0.470317450879663, -0.15809472410708808, 0.5603869220423858, 0.503041712186235, 0.08916516489751736, 0.03518898585370473], [-0.5210667701707303, -0.7862403254384009, 0.04716844546207391, -0.6437628921064426, -0.2254623654064027, -0.19385246645675078, 0.431129579198567, 0.34347130889183697, 0.4524785278914507, 0.045325174443513944, 0.45441481504072045, 0.017281909415322094, -0.08524015509821287], [-0.5159073248152943, -0.03327523382775367, 0.3492709870124135, -0.530164128028408, 0.2848580888043036, -0.6449099756299398, -0.292240583029824, -0.3768090748055067, 0.366947828730756, -0.46136918528566456, 0.4186941106058049, 0.6905256754520234, -0.025955044187267837]], "inverted": true, "swapped": false, "error_lsq": 0.03891721744486552, "error_max": 0.22499589438223416, "target": "536.xyz", "model": "28.xyz", "model_rescale": 4.137296879288765, "target_rescale": 3.889416601617982},
