[{"mapping": [1, 0, 2, 13, 11, 3, 5, 6, 4, 7, 8, 14], "R": [[0.1647564268246457, -0.7929986516074133, 0.5865223425998363], [0.07465707449844378, -0.5829165391505428, -0.8090949447451071], [0.9835047742880099, 0.17709163428456576, -0.03683628671721201]], "T": [-0.13441002264383956, -0.005676583807702709, 0.018427806573764288], "aligned_model": [[-0.2820368878252193, 0.2342907585664737, 0.27362656773878286, 0.07087887834677598, -0.02510188337307409, -0.4843264796280983, 0.40213459427781834, -0.15052178568665897, 0.5207334658241205, 0.05212317273374095, -0.6857228103382038, -0.08843512817590955], [-0.4363372674687565, -0.5721161867069422, -0.37798240537550815, 0.7472915076015064, 0.4212019488234942, -0.6028420720195625, -0.30893524162997493, -0.45698681035660743, 0.2339501253664697, 0.20101513699633106, 0.16655090460429822, 0.03874539614230953], [-0.44733586215878146, -0.0459116317676518, -0.6499818035112944, -0.12892653001870183, -0.6765131172518744, 0.10774922807817588, 0.4899605917492518, 0.589071872625574, 0.11900443896562493, 0.6157156581162131, 0.2762797278623896, -0.06716082733536285]], "inverted": true, "swapped": true, "error_lsq": 0.04862583833415157, "error_max": 0.25026251799517174, "target": "537.xyz", "model": "0.xyz", "model_rescale": 3.751011558992144, "target_rescale": 4.31857544619733},
{"mapping": [1, 6, 4, 6, 8, 0, 7, 3, 12, 11, 9, 10, 13, 5, 14], "R": [[0.06878222001052181, 0.5849656689254636, -0.8081362338052969], [0.997582095226142, -0.03225091617860032, 0.06156169011537488], [0.009948341301177999, -0.8104165870613866, -0.585769567254163]], "T": [-0.01713860335677258, 0.14018311382922916, 0.015104580191166598], "aligned_model": [[-0.054465608512502255, 0.32020123001596856, 0.5630154230321506, 0.32020123001596856, 0.039500359529452, -0.631363817770796, -0.25583241804810464, -0.7494874510341937, -0.30453774151228724, 0.3580464023729309, 0.20474350280594306, 0.7748478102985065, -0.3930250462081876, 0.023613963591969996, -0.017577904407207627], [-0.0014784530086323078, -0.4489701471324827, 0.4038873006761047, -0.4489701471324827, 0.7383253947080128, 0.10257757067437982, -0.42877744799649314, -0.011353715459900798, -0.41083752711906546, -0.4880952481036955, 0.16398268774030053, 0.20788661756032456, 0.3065034618651111, 0.6437603711780149, 0.1077207828294903], [-0.6662354557695734, -0.30556038077022885, -0.45335606640997234, -0.30556038077022885, -0.2667395111930101, -0.4285368601653007, -0.2277660967385581, 0.17037094547137024, 0.42223243813460076, 0.3332767039373541, 0.6350977515896448, 0.21666723619878073, 0.6138942947072993, 0.3823037375482926, 0.05926130701752872]], "inverted": true, "swapped": false, "error_lsq": 0.05609816353091069, "error_max": 0.3626405679645157, "target": "537.xyz", "model": "1.xyz", "model_rescale": 3.9405287249114394, "target_rescale": 4.31857544619733},
{"mapping": [3, 0, 1, 7, 4, 9, 6, 5, 13, 10, 12, 8, 14], "R": [[-0.6189724042414764, 0.6008865900923249, -0.5057751166622821], [0.025351487264832828, -0.6283401768738381, -0.7775255135489866], [-0.7850034808081987, -0.4940889879094378, 0.3736918612247795]], "T": [-0.05848753878701081, -0.02229049004821755, -0.07837720375955703], "aligned_model": [[-0.3138940447105266, 0.24026942894420783, -0.4074914579195242, 0.3910392627162515, 0.5604457918180322, -0.839234994711962, 0.20919510799053204, 0.643012846283452, 0.040294010422085316, -0.5142489281415611, -0.0347585472624823, -0.4184247401886658, -0.06022045595590784], [0.5946301723870373, 0.5217688689717888, 0.3871654706685383, -0.20260931993150533, -0.2858637019948583, -0.0685162960785692, 0.46145425394866785, 0.2824397062598618, -0.7912217691539255, -0.4998478715317587, -0.7133253309272912, -0.15357880991589168, -0.07366277913007716], [0.12460771319655978, -0.3534723531508536, -0.44544694038946886, 0.36847808864131215, -0.2886158857978034, -0.09163709767344558, 0.3948163960340908, 0.05286998360519782, -0.25101750499793674, 0.022266549222540344, 0.3273822488170096, 0.4249162484785386, -0.17202709639709707]], "inverted": false, "swapped": true, "error_lsq": 0.04566369219198874, "error_max": 0.22360875193170862, "target": "537.xyz", "model": "2.xyz", "model_rescale": 3.932901565614263, "target_rescale": 4.31857544619733},
{"mapping": [7, 4, 5, 12, 6, 3, 0, 8, 10, 9, 2, 11, 1, 14], "R": [[0.5138632734735261, 0.6000640433353231, -0.6130804841708273], [0.10808679337270857, 0.6636705682728834, 0.7401747239042643], [0.8510357109272666, -0.44661451018122084, 0.27617693245836206]], "T": [0.019637868989013242, -0.0714091591109424, 0.006470064099096565], "aligned_model": [[-0.257298750075045, 0.4034734985108531, 0.1793842177029861, -0.42679301938326536, -0.2710625836866038, -0.1894742792742168, 0.44182909511716173, -0.5896082018463686, -0.288357356357314, -0.2485313897583961, 0.8186446463594883, 0.4636518056897671, 0.28371520955460855, 0.10023701949904862], [0.027127404786642356, 0.1918074369012631, -0.420690207199396, 0.5563026490244166, -0.6260090974859923, -0.6988131117334022, -0.5851372135867291, 0.005294526450477871, 0.4069193919870052, 0.009310955651331776, -0.2736728170042809, 0.490667062653514, -0.41187352016498435, -0.007736821929377233], [-0.5833312012636725, -0.5228094861465363, -0.6678243526847832, -0.21581420780818256, -0.3643227551203377, 0.2293217035405537, -0.13053981783927354, 0.15823132643311985, 0.3561118808466519, 0.7368458246488817, 0.2758294395254396, 0.41148658657975495, 0.4948810467128721, 0.035830375632609254]], "inverted": false, "swapped": true, "error_lsq": 0.041308450509010074, "error_max": 0.27411904214895605, "target": "537.xyz", "model": "3.xyz", "model_rescale": 3.9243930471874484, "target_rescale": 4.31857544619733},
{"mapping": [3, 0, 6, 8, 7, 1, 9, 5, 4, 2, 13, 11, 14], "R": [[0.9419345905667866, -0.05192828751759676, -0.33175695930797006], [0.10917896842043573, -0.886931949603554, 0.4488113964986723], [-0.317551853952122, -0.45897186158622916, -0.8297624059474143]], "T": [0.07540587136391316, -0.1177839882628772, -0.03693899694081265], "aligned_model": [[-0.06256470657033256, -0.19275872278733905, 0.4392059682596534, 0.3776289339561827, 0.7071436694602959, -0.516668864850834, -0.26972339628136843, 0.4027100341277996, 0.258479858896402, -0.6824862123309328, 0.2166745617197743, -0.41276764541705147, 0.012332408129102912], [-0.5649705185420443, 0.15770675637309042, -0.24456118101308796, -0.6497555505650578, 0.059805104913196516, -0.3020663664375019, -0.7472130747307002, 0.33011492684937793, 0.5594107884606673, 0.26789343048458136, 0.2160951575450167, 0.10502346390673659, -0.05965338356268755], [-0.5546404459253254, -0.5965158488453981, -0.6543142414340946, 0.12357015635394103, -0.09725770438826621, -0.2361515033665646, 0.2738407539857238, -0.579569307433899, 0.031184117214384827, -0.20643651568193433, 0.6697332419243478, 0.5868878182180288, 0.026739794750020376]], "inverted": true, "swapped": true, "error_lsq": 0.04944212787160692, "error_max": 0.42969562823292756, "target": "537.xyz", "model": "4.xyz", "model_rescale": 3.8936222436046832, "target_rescale": 4.31857544619733},
{"mapping": [2, 4, 0, 1, 6, 7, 12, 8, 9, 11, 3, 14], "R": [[-0.8731347768223668, 0.36195027807122526, -0.32653890688173537], [0.3543319685414743, 0.9312662213743224, 0.0848061377302112], [0.33479025907705195, -0.04165598554055161, -0.941371478904989]], "T": [-0.11522133830149045, -0.04207206007042441, 0.014305189469904528], "aligned_model": [[0.158373475524536, -0.6045651267505862, -0.28756828629791464, 0.3463268776467134, -0.5463795753663994, -0.7012352564550934, -0.290169913169973, 0.02405927888876, 0.6107801575465888, 0.35549906665976544, 0.0398132685322482, -0.07738592454354803], [-0.4225615894895162, -0.5439195807094073, 0.024052072424312065, 0.0652591242953376, 0.5232966547090342, 0.024210567879120806, -0.2061423171152797, 0.3362830189054354, 0.1510482098329311, -0.7153229884139225, 0.573435005455413, -0.14071527266365136], [-0.7152498026782917, -0.059460195025070134, -0.6390383508991486, -0.4325184581849182, -0.14073013094391812, 0.30835140860775023, 0.7792933570957148, 0.5016901039272011, 0.2322630506308485, 0.061969918332683005, -0.27576684725713785, -0.0015193343301947576]], "inverted": true, "swapped": true, "error_lsq": 0.04119182233515651, "error_max": 0.2108062383908824, "target": "537.xyz", "model": "5.xyz", "model_rescale": 3.6523030999806103, "target_rescale": 4.31857544619733},
{"mapping": [2, 1, 3, 0, 6, 11, 9, 4, 10, 12, 8, 7, 14], "R": [[0.6644414955072375, -0.0006542020157525585, 0.7473399969677981], [0.2663257938956028, 0.93455380411992, -0.23596558798024658], [-0.6982750679739202, 0.35582124616822586, 0.6211305581126308]], "T": [0.11588556147451906, -0.05152861812156034, -0.00601721581347546], "aligned_model": [[0.12781724724485427, -0.017673311647967593, 0.3111566622161267, 0.591980215852973, 0.7145147516151245, -0.4958797163410102, -0.529903505511202, 0.4051425389357695, -0.488908104453413, -0.1568062469520674, -0.12056950090068158, 0.47732185970267654, 0.06289001490311177], [-0.5596661183209759, 0.012525186890669837, 0.479256536012904, -0.1985114206473978, 0.3615295738836511, -0.5885133875879542, 0.32296667253450967, -0.6351425444955694, 0.07047041248814398, -0.030142147391523932, 0.4640974885388875, -0.01593432107724204, -0.1421090266649199], [0.6965002618937925, 0.6282203172603682, 0.40283823649810613, 0.4551374100526687, -0.03053623588163122, 0.11442796159203635, 0.2276256700212616, -0.2752286478649275, -0.2614570714231141, -0.7596184009170579, -0.28586437509796964, -0.555895135326475, 0.013959748674730859]], "inverted": true, "swapped": true, "error_lsq": 0.05016706690158675, "error_max": 0.2780158052696899, "target": "537.xyz", "model": "6.xyz", "model_rescale": 4.08911054899281, "target_rescale": 4.31857544619733},
{"mapping": [0, 2, 2, 1, 4, 3, 9, 8, 11, 13, 12, 7, 10, 5, 14], "R": [[0.9406463610563937, 0.24293246075849248, -0.23699840282412968], [-0.3393611505757389, 0.6644222827926597, -0.665865631797063], [-0.004293356644346241, 0.7067721341694329, 0.7074282419088949]], "T": [-0.017610162318490122, 0.06456951055907836, 0.07316351239451725], "aligned_model": [[0.02481571355851908, 0.6307760694348883, 0.6307760694348883, 0.11248799477049194, -0.3257174469674369, -0.3906246901636117, -0.5606280452506901, -0.6899900213937563, -0.1917215003379718, 0.5327471671108482, 0.20458730948934412, 0.6630929852819224, -0.4163365023977392, 0.08463519526139922, -0.11102036366148417], [-0.06753245902542157, -0.11047249862663133, -0.11047249862663133, -0.5784901367188713, 0.6921267397312595, 0.3147223059989771, -0.40350042459524926, 0.17867714356353692, -0.3742900400201572, -0.3272915484023122, -0.00018725227642904518, 0.4328032744280662, 0.15611688902573376, 0.7006321910001548, -0.06668018417703939], [-0.8571081134179942, -0.37303726392051634, -0.37303726392051634, -0.25470051189025356, -0.016788224454985637, -0.5785535866721397, -0.24401060781116035, 0.07897268488538957, 0.4219020961440271, 0.35502561123841603, 0.7472827623796142, 0.09149612080740978, 0.6663846193393672, 0.47994525115229586, 0.03557608892904488]], "inverted": false, "swapped": false, "error_lsq": 0.046460013442711355, "error_max": 0.3867412932617608, "target": "537.xyz", "model": "7.xyz", "model_rescale": 3.964800864290218, "target_rescale": 4.31857544619733},
{"mapping": [13, 11, 4, 12, 5, 9, 7, 2, 1, 3, 8, 6, 0, 14], "R": [[-0.45957134072950245, -0.2185335066047288, 0.8608352277126725], [0.8875115588993998, -0.07651999611496196, 0.4543874151145951], [-0.033427766901855005, 0.9728246484776213, 0.2291174103256846]], "T": [-0.017035127955150237, -0.030512125776228506, 0.08988285518931893], "aligned_model": [[-0.2707315866600151, 0.15427111617436204, 0.18053766489942855, -0.7067483152568309, 0.24288488122097582, -0.25204408780334286, -0.3413987755616086, 0.8026331432455681, 0.3972079294681628, 0.08582824211667757, -0.5878170254464644, -0.052517153744430514, 0.580511657008658, 0.028570199799732156], [-0.2508303862930899, -0.673923012665871, 0.30285366463806207, -0.00784661288218367, 0.6986702865413652, -0.6942944468983101, 0.5079853601467801, -0.304933013779465, -0.38226039623796165, 0.03243339398082085, -0.1184728910140779, 0.5585621693250186, 0.23527355423897348, -0.09226920291885896], [-0.6297807822041531, -0.3936386437059798, -0.4988291716285439, -0.318179570782712, 0.03581155611389235, 0.43053378916704776, -0.10779759349726695, 0.021224336906768004, 0.44887304236670317, 0.7772571725443357, 0.34788797185807674, 0.5156852275558563, 0.27217236449280335, 0.015595339538194058]], "inverted": true, "swapped": true, "error_lsq": 0.04586091768122876, "error_max": 0.3262750127627659, "target": "537.xyz", "model": "8.xyz", "model_rescale": 4.121658175737393, "target_rescale": 4.31857544619733},
{"mapping": [13, 10, 8, 7, 11, 4, 1, 0, 3, 2, 7, 6, 14], "R": [[-0.17774189213216157, -0.9473866490613114, -0.26620735707650667], [-0.981404548208294, 0.15072684991283958, 0.11885507760052562], [-0.07247711733611979, 0.2823826373836253, -0.9565600417992143]], "T": [-0.0019477579919180005, -0.024173225638538867, -0.08039166514806104], "aligned_model": [[-0.7351604843232229, -0.18383540090829403, 0.2659008525796595, -0.06465520419157342, -0.617083637114042, -0.5199606249663874, 0.2514669725886155, 0.19531209264703514, 0.6762592204014922, -0.17441532557684897, -0.06465520419157342, 0.5375195523193746, -0.08995531282903736], [0.07404123136674028, -0.1391577329214457, 0.1466621615318217, 0.6316445113763302, -0.5464810227940817, 0.2708833322348931, -0.6053736837119583, -0.15259801091192687, -0.16760963616132457, -0.6639073666779415, 0.6316445113763302, 0.3943604455134483, -0.08372130080917492], [-0.3694778087868398, -0.712534141247682, -0.6273542811077818, -0.06490780145997768, -0.24138499975235073, 0.2955789540759307, 0.06855501237759312, 0.5564201429846198, 0.00015493077078110318, 0.4789580087039309, -0.06490780145997768, 0.17136168008026667, -0.06938646121942428]], "inverted": false, "swapped": true, "error_lsq": 0.05168956272630189, "error_max": 0.37310317932500936, "target": "537.xyz", "model": "9.xyz", "model_rescale": 3.833441315466971, "target_rescale": 4.31857544619733},
{"mapping": [12, 1, 6, 0, 7, 11, 10, 8, 13, 5, 2, 4, 2, 3, 14], "R": [[0.5236863714362848, 0.330845313935414, 0.785043924006087], [0.16290689009658693, -0.9433946337364867, 0.2889081345276713], [0.8361901276210789, -0.023408188400169228, -0.5479398937701709]], "T": [0.013357347409624796, 0.051700233180813654, -0.08588285252851567], "aligned_model": [[0.1040924521266258, 0.5319269385584081, 0.576940400434474, 0.06944261810991491, -0.21746715408220602, -0.4519038725394859, -0.6141334009598505, -0.7508229125871224, -0.0867761423573003, 0.41613943597531733, -0.09506493723589982, 0.6857798096313054, -0.09506493723589982, 0.1394508534474982, -0.01465921711616777], [-0.04235091083935241, -0.40387709470886757, 0.2604506263901544, -0.6266353072513472, 0.6713560452326076, 0.3046050802799183, -0.408256660539837, 0.07585355894209711, -0.5128499358385958, -0.24347675331371957, 0.06200650591843909, 0.4001005837716507, 0.06200650591843909, 0.7212784743595883, 0.1159507829578116], [-0.6740508390691515, -0.3488349591230565, -0.402153280679886, -0.10908411759639573, -0.16749596963168656, -0.5158924065721605, -0.3513054592323079, 0.06578952288214761, 0.46814145406994767, 0.37026661556464724, 0.6246019424264061, 0.16387264410399732, 0.6246019424264061, 0.45271463764633435, -0.02182206442724316]], "inverted": true, "swapped": false, "error_lsq": 0.04445661916602098, "error_max": 0.3204507368524613, "target": "537.xyz", "model": "10.xyz", "model_rescale": 4.2482417240324, "target_rescale": 4.31857544619733},
{"mapping": [7, 4, 11, 2, 8, 9, 10, 1, 0, 3, 6, 14], "R": [[-0.9250987520171894, -0.07859936243606327, 0.371502946476718], [-0.23621670413511991, 0.885122358248861, -0.40094897383023237], [-0.29731123036942286, -0.4586725969061369, -0.8373920713403016]], "T": [-0.09875907524559564, 0.005400383524969958, -0.007883645107209906], "aligned_model": [[-0.7017748931713974, -0.1869095532062793, 0.4284431238504483, 0.7005508459847868, -0.4667151037349814, 0.16456255184116791, -0.16147412761861407, 0.45846058996746103, 0.19210822600298977, -0.03383517632601489, -0.48961709569919903, -0.027033785527360854], [-0.25620621692515944, -0.6902505028141964, -0.14832344083329094, -0.2743160698700078, 0.49176811497722767, 0.6762276673874815, 0.32771427525530444, 0.2678881959398023, -0.2320449395533885, 0.46639866510156347, 0.0808342740326971, -0.043558632647394034], [-0.054817513039656804, 0.0631722961344229, 0.6049322045840319, -0.19426831787090515, 0.1598974678124968, 0.2963066173882739, 0.5735707718969294, -0.21955438923452894, -0.5735245070827315, -0.5277797263117157, -0.6170756473742067, 0.05433303295194607]], "inverted": true, "swapped": true, "error_lsq": 0.0380143073306095, "error_max": 0.1921761910682195, "target": "537.xyz", "model": "11.xyz", "model_rescale": 3.6694154284099745, "target_rescale": 4.31857544619733},
{"mapping": [3, 6, 7, 5, 0, 9, 1, 11, 4, 13, 12, 2, 8, 14], "R": [[0.08860744634618112, 0.39094707469582757, -0.9161381474640077], [-0.8683231729512962, 0.48094929776904816, 0.12125444441855687], [0.4880200690215538, 0.7847599363896163, 0.3820840934532128]], "T": [-0.0002541920526610425, 0.04083379743653027, -0.03922957153964128], "aligned_model": [[0.0018751276409216672, 0.11250115631664111, -0.06595067335784795, 0.5145913549531871, 0.6135474153523981, -0.516262848134383, 0.1892923817049631, 0.0009362534919520188, 0.40160076992696775, -0.19280201132891955, -0.5545400394388468, 0.6602108731632588, -0.5979412848024345, 0.031206374767951614], [-0.31343918013948824, 0.2747460915620142, 0.6788988762539759, 0.5142718655573906, -0.09286918747934891, -0.5436878271674619, -0.5771690726139378, -0.25777756987870226, 0.5218321636072826, 0.35373056676385456, 0.5467268075764713, -0.4561041686064774, 0.06664564064857606, 0.015182282052105745], [-0.6404887393502937, -0.7190430972120745, -0.19031168684354371, -0.3753539017648777, -0.2967266621938506, 0.02360972414459929, -0.11887038941601637, 0.7275469752387311, 0.2831099551838386, 0.6649285989728141, 0.24285625118404724, 0.2229067408109831, -0.24465498102589028, 0.05958667192394913]], "inverted": false, "swapped": true, "error_lsq": 0.056513548758252374, "error_max": 0.41253989237334343, "target": "537.xyz", "model": "12.xyz", "model_rescale": 3.9764082729961374, "target_rescale": 4.31857544619733},
{"mapping": [13, 14, 6, 11, 9, 12, 10, 1, 8, 3, 7, 4, 2, 0, 15], "R": [[0.2935195622328035, 0.9547277271040817, 0.0483862964623043], [0.5688048074824024, -0.13374349261863594, -0.8115255813386761], [-0.7683146214745434, 0.2657209914192771, -0.582310052418457]], "T": [0.025275124938318214, 0.13096388352001384, -0.058448429336644306], "aligned_model": [[0.08411023625542818, 0.5480158413236449, 0.641601150111877, 0.00096597237758261, -0.2707923132161191, -0.4185202220358934, -0.5871800831284661, -0.5994263448909837, -0.22075639785273898, 0.41636660624903843, 0.2830474781972065, 0.5845037874393958, -0.3838925738182621, -0.0012981585177085538, 0.1211349556756099], [-0.06970101817591831, -0.3977109787439169, 0.22519889996168427, -0.6484667278574802, 0.6540178680808559, 0.23104995023391367, -0.3680442617430061, 0.12287529614974842, -0.4123479701845628, -0.49342795445870413, 0.18320113491640636, 0.5023559904218309, 0.14284716264287103, 0.6541979520064046, 0.11011615802885993], [-0.6335593517599315, -0.3517964700975103, -0.4999467850178762, -0.20825392289043637, -0.042394525845062606, -0.5059325119608736, -0.2068950124273245, 0.0555920310642993, 0.320937332211887, 0.3485229863983637, 0.6499712078734738, 0.19688454492933893, 0.6261683217567336, 0.4441726045286388, -0.014120785975721188]], "inverted": false, "swapped": false, "error_lsq": 0.03145399904330873, "error_max": 0.22653636735259164, "target": "537.xyz", "model": "13.xyz", "model_rescale": 4.170626492500431, "target_rescale": 4.31857544619733},
{"mapping": [7, 8, 5, 3, 4, 2, 0, 12, 13, 9, 10, 1, 11, 14], "R": [[0.20436315191177978, -0.6652347718960075, -0.7181214384776088], [-0.4653421396965455, -0.7114329377374438, 0.526611686278335], [-0.8612156496275042, 0.22655214270171364, -0.4549524496845124]], "T": [-0.06565222767755571, -0.02057196457126236, 0.023697208338238768], "aligned_model": [[0.2293461977465587, 0.054913358480061986, -0.23726028213519187, -0.6924975261526826, 0.2729063886201649, -0.4481793728853607, -0.5784975184123106, 0.6571042979550967, 0.6879011473207206, -0.14888314663919408, 0.3388626777436704, -0.5611828686009515, 0.2935348774143831, -0.024885208363321788], [-0.24175099287845783, -0.6230597250656824, 0.1363393064605986, -0.3255617602616231, 0.42945933019513766, 0.7246300208584833, 0.33796995202608326, -0.3638347296984172, 0.19705353401954973, -0.32409666476501314, -0.2851624044331162, 0.16260274385242282, 0.4658788935368437, 0.06560696407885666], [-0.5224938245992086, 0.17392419939231277, -0.7166531382244937, 0.0564486941621731, -0.4000946111632111, 0.2478040462730662, -0.2396866464017949, -0.026568370694032034, 0.14865413473599892, 0.7398149433260979, 0.4844229967155501, 0.40460995554661816, 0.5817891583978977, 0.07190156365389207]], "inverted": true, "swapped": true, "error_lsq": 0.046276341866911375, "error_max": 0.26203964186920387, "target": "537.xyz", "model": "14.xyz", "model_rescale": 3.9786697098870705, "target_rescale": 4.31857544619733},
{"mapping": [4, 7, 11, 2, 10, 9, 6, 3, 1, 0, 8, 14], "R": [[0.9811392934214178, 0.057934715445971396, -0.1844159853448597], [0.1887575284103755, -0.49279807764870026, 0.8494237164890983], [-0.04166872175778234, -0.8682128906045683, -0.4944391714004187]], "T": [-0.04719717613278334, -0.008687322932365033, -0.08660120536391225], "aligned_model": [[-0.1961205024064703, -0.6741459109430864, 0.5538691527816548, 0.6763583897880728, 0.02090710118530189, 0.3323579338880521, -0.5222959717860304, -0.019594285573563044, 0.49256051979241405, 0.12008396952336997, -0.3287486891533201, 0.02812288967094178], [-0.5257526035412015, -0.1406187908795555, 0.1020959794654112, -0.4829568579636823, 0.5821057577898671, 0.6596683342103672, -0.20631014980763365, 0.07682295843606708, -0.007808815495137945, -0.5622062232223499, 0.547738809433519, -0.028103908201231955], [-0.5418098912381882, -0.2408680187488956, -0.6375665098024007, -0.02818338372922266, -0.3903017236905084, 0.05871869652645059, 0.4279874772582142, 0.605462762584399, 0.2778970371559838, 0.26916205644590824, 0.01929693290330467, -0.15982894179121496]], "inverted": false, "swapped": true, "error_lsq": 0.05147348385506045, "error_max": 0.24338047062169957, "target": "537.xyz", "model": "15.xyz", "model_rescale": 3.769337070930944, "target_rescale": 4.31857544619733},
{"mapping": [3, 5, 9, 1, 8, 7, 10, 4, 11, 2, 14], "R": [[-0.36520939148401477, 0.4108583914515306, 0.83535470462896], [0.772332868185153, -0.36725891580703, 0.5182883651801766], [0.5197345871623045, 0.8344556734387429, -0.18319303472873455]], "T": [0.024325329717070986, -0.016839696414755613, -0.06599851790977147], "aligned_model": [[-0.47387396293264544, -0.16775691640674664, 0.02208720217789375, -0.5140234450929052, 0.32578608669500425, 0.38922520088414797, 0.47906590994243875, 0.21399281335919154, 0.19492104701960644, -0.5810685748384535, 0.03427076988363903], [0.08748779943919138, -0.767742017463085, 0.743478757425781, 0.34085550218992106, 0.23271937579594018, -0.5245417627437998, 0.47071883395659175, -0.5227275597225501, 0.4366037213998977, 0.08489828464343316, 0.014313562704020878], [-0.5434288289829804, -0.10393559680875503, -0.2498192985568488, 0.0142065470278403, -0.5629264728810136, -0.2742185311034295, -0.10349979533542066, 0.38660873415501723, 0.599135007495791, 0.5463939169354306, 0.03570192527814568]], "inverted": false, "swapped": true, "error_lsq": 0.04401625936896598, "error_max": 0.2209687233290159, "target": "537.xyz", "model": "16.xyz", "model_rescale": 3.7852294659196426, "target_rescale": 4.31857544619733},
{"mapping": [1, 8, 7, 3, 9, 10, 13, 12, 0, 2, 11, 4, 14], "R": [[0.2955591383330415, -0.34733666926729667, 0.889944961180258], [-0.5066917509156056, -0.8467328295466231, -0.16219428140981906], [0.8098816366000084, -0.4029897685429126, -0.42625225060733907]], "T": [0.07225260650038144, -0.03687924672094761, 0.030648827514384285], "aligned_model": [[0.06927216688083708, -0.4289177711206028, 0.24496231219951176, 0.08963345821774739, -0.6028955552094695, -0.5614282077021565, -0.1560982470541486, -0.34037868976116625, 0.6522565686907256, 0.47070836627783164, -0.1832666125585336, 0.5275865046405865, 0.07233155671512062], [-0.0632606578084786, -0.3731188173927838, -0.2072667038409468, -0.6172287377122272, -0.08535644185430111, 0.14369259243932883, 0.6009186084125124, 0.10517720259634591, -0.14632755047332724, 0.3750104002777441, 0.7139272058681494, 0.3620602131297269, 0.06682831006113146], [-0.6201147616749564, 0.2200344517363189, 0.6433545889043011, -0.35654471300383744, -0.3614023951018173, 0.13905131025353337, 0.4452420784616751, 0.703172677095684, -0.3048360838796469, -0.6200867692635104, -0.18870485488445618, 0.39157535437739627, 0.005013814122489704]], "inverted": true, "swapped": true, "error_lsq": 0.041464417144400925, "error_max": 0.24937563350667638, "target": "537.xyz", "model": "17.xyz", "model_rescale": 3.901054581598922, "target_rescale": 4.31857544619733},
{"mapping": [1, 6, 4, 6, 8, 0, 7, 3, 12, 11, 9, 10, 13, 5, 14], "R": [[0.06878222001052181, 0.5849656689254636, -0.8081362338052969], [0.997582095226142, -0.03225091617860032, 0.06156169011537488], [0.009948341301177999, -0.8104165870613866, -0.585769567254163]], "T": [-0.01713860335677258, 0.14018311382922916, 0.015104580191166598], "aligned_model": [[-0.054465608512502255, 0.32020123001596856, 0.5630154230321506, 0.32020123001596856, 0.039500359529452, -0.631363817770796, -0.25583241804810464, -0.7494874510341937, -0.30453774151228724, 0.3580464023729309, 0.20474350280594306, 0.7748478102985065, -0.3930250462081876, 0.023613963591969996, -0.017577904407207627], [-0.0014784530086323078, -0.4489701471324827, 0.4038873006761047, -0.4489701471324827, 0.7383253947080128, 0.10257757067437982, -0.42877744799649314, -0.011353715459900798, -0.41083752711906546, -0.4880952481036955, 0.16398268774030053, 0.20788661756032456, 0.3065034618651111, 0.6437603711780149, 0.1077207828294903], [-0.6662354557695734, -0.30556038077022885, -0.45335606640997234, -0.30556038077022885, -0.2667395111930101, -0.4285368601653007, -0.2277660967385581, 0.17037094547137024, 0.42223243813460076, 0.3332767039373541, 0.6350977515896448, 0.21666723619878073, 0.6138942947072993, 0.3823037375482926, 0.05926130701752872]], "inverted": true, "swapped": false, "error_lsq": 0.05609816353091069, "error_max": 0.3626405679645157, "target": "537.xyz", "model": "18.xyz", "model_rescale": 3.9405287249114394, "target_rescale": 4.31857544619733},
{"mapping": [8, 7, 4, 9, 1, 6, 5, 2, 11, 13, 14, 12, 10, 3, 15], "R": [[-0.8089808657603123, 0.18831307852304235, 0.5568555856690947], [-0.23456856216010735, -0.9720247477310492, -0.012061486000086455], [0.5390060746223884, -0.14037832544792983, 0.8305217500250066]], "T": [0.130746763593189, 0.07606505508338715, -0.014110604640207433], "aligned_model": [[-0.10152834199218053, 0.4643551680385287, 0.7091875109079421, 0.06117103729134307, -0.1135004856473853, -0.41388943694101965, -0.5323456074606943, -0.7296543032206858, -0.11887529988146231, 0.5142792079212936, 0.25713057932270655, 0.5050754341597121, -0.38466645757107487, -0.011949883234417424, 0.09309081247700597], [-0.10879390502174963, -0.3944232302024827, 0.22211406399459482, -0.676905852377609, 0.6774743773715296, 0.2678367828407177, -0.3386654660577594, 0.18655149553592962, -0.45064190770204604, -0.348307244959, 0.06220067381791073, 0.42508738244514443, 0.10350548795559766, 0.7309581002119044, 0.0781707434263034], [-0.7099177587641858, -0.41780820784530365, -0.43688834466217497, -0.14527415820395398, -0.13314644916935994, -0.48832413153800636, -0.2961917012117429, 0.039068655553213795, 0.4095423225063163, 0.3382256842606246, 0.7498094645620348, 0.18133893770838594, 0.5787639782518149, 0.5114189961440113, -0.0012676248036749445]], "inverted": false, "swapped": false, "error_lsq": 0.03577915853349294, "error_max": 0.18335905138529984, "target": "537.xyz", "model": "19.xyz", "model_rescale": 4.410303926677745, "target_rescale": 4.31857544619733},
{"mapping": [13, 11, 4, 12, 5, 9, 7, 2, 1, 3, 8, 6, 0, 14], "R": [[-0.45957134072950245, -0.2185335066047288, 0.8608352277126725], [0.8875115588993998, -0.07651999611496196, 0.4543874151145951], [-0.033427766901855005, 0.9728246484776213, 0.2291174103256846]], "T": [-0.017035127955150237, -0.030512125776228506, 0.08988285518931893], "aligned_model": [[-0.2707315866600151, 0.15427111617436204, 0.18053766489942855, -0.7067483152568309, 0.24288488122097582, -0.25204408780334286, -0.3413987755616086, 0.8026331432455681, 0.3972079294681628, 0.08582824211667757, -0.5878170254464644, -0.052517153744430514, 0.580511657008658, 0.028570199799732156], [-0.2508303862930899, -0.673923012665871, 0.30285366463806207, -0.00784661288218367, 0.6986702865413652, -0.6942944468983101, 0.5079853601467801, -0.304933013779465, -0.38226039623796165, 0.03243339398082085, -0.1184728910140779, 0.5585621693250186, 0.23527355423897348, -0.09226920291885896], [-0.6297807822041531, -0.3936386437059798, -0.4988291716285439, -0.318179570782712, 0.03581155611389235, 0.43053378916704776, -0.10779759349726695, 0.021224336906768004, 0.44887304236670317, 0.7772571725443357, 0.34788797185807674, 0.5156852275558563, 0.27217236449280335, 0.015595339538194058]], "inverted": true, "swapped": true, "error_lsq": 0.04586091768122876, "error_max": 0.3262750127627659, "target": "537.xyz", "model": "20.xyz", "model_rescale": 4.121658175737393, "target_rescale": 4.31857544619733},
{"mapping": [2, 1, 3, 0, 6, 11, 9, 4, 10, 12, 8, 7, 14], "R": [[0.6644414955072375, -0.0006542020157525585, 0.7473399969677981], [0.2663257938956028, 0.93455380411992, -0.23596558798024658], [-0.6982750679739202, 0.35582124616822586, 0.6211305581126308]], "T": [0.11588556147451906, -0.05152861812156034, -0.00601721581347546], "aligned_model": [[0.12781724724485427, -0.017673311647967593, 0.3111566622161267, 0.591980215852973, 0.7145147516151245, -0.4958797163410102, -0.529903505511202, 0.4051425389357695, -0.488908104453413, -0.1568062469520674, -0.12056950090068158, 0.47732185970267654, 0.06289001490311177], [-0.5596661183209759, 0.012525186890669837, 0.479256536012904, -0.1985114206473978, 0.3615295738836511, -0.5885133875879542, 0.32296667253450967, -0.6351425444955694, 0.07047041248814398, -0.030142147391523932, 0.4640974885388875, -0.01593432107724204, -0.1421090266649199], [0.6965002618937925, 0.6282203172603682, 0.40283823649810613, 0.4551374100526687, -0.03053623588163122, 0.11442796159203635, 0.2276256700212616, -0.2752286478649275, -0.2614570714231141, -0.7596184009170579, -0.28586437509796964, -0.555895135326475, 0.013959748674730859]], "inverted": true, "swapped": true, "error_lsq": 0.05016706690158675, "error_max": 0.2780158052696899, "target": "537.xyz", "model": "21.xyz", "model_rescale": 4.08911054899281, "target_rescale": 4.31857544619733},
{"mapping": [1, 2, 4, 15, 6, 8, 11, 5, 9, 14, 12, 13, 10, 7, 16], "R": [[0.551891786030346, -0.8032548991736086, 0.22404692246453828], [0.060422188475141025, -0.22944475484295024, -0.9714444212691394], [0.8317238818575006, 0.5496696020598687, -0.07809425663412245]], "T": [0.05519996134499624, 0.03677636099641027, -0.019860756628278783], "aligned_model": [[-0.030113130167640632, 0.5152869958801312, 0.6865067660796317, 0.11164185096893625, -0.29852388499009364, -0.4988003081352845, -0.4689717430298734, -0.6046076784915687, -0.24709181515413256, 0.3454918615083343, 0.2648806503267392, 0.5756116682280326, -0.37497296148296855, 0.1332024701278149, 0.08833919250155331], [-0.021907398874474023, -0.25431828159682734, 0.2124226908012788, -0.6484660302436486, 0.6823467224839647, 0.17332280991938126, -0.39350815275761186, -0.0458115131883674, -0.29832249200363836, -0.41830857967573776, 0.050500170952929274, 0.30419927817510406, 0.3691416819001445, 0.654200665380557, 0.07066993000593177], [-0.8068018433749375, -0.4940312524200704, -0.25838176406700164, -0.26227403233210367, -0.1368328791793674, -0.4138160672440594, -0.3748146857721277, 0.21585554615773717, 0.5313887804613873, 0.32719960616189897, 0.6878222032785597, 0.2873632735760012, 0.5764780389746404, 0.32437611674349215, -0.024181378176050233]], "inverted": false, "swapped": false, "error_lsq": 0.043244802697860574, "error_max": 0.31460761590784125, "target": "537.xyz", "model": "22.xyz", "model_rescale": 4.204369325754507, "target_rescale": 4.31857544619733},
{"mapping": [8, 7, 4, 9, 1, 6, 5, 2, 11, 13, 14, 12, 10, 3, 15], "R": [[-0.8089808657603123, 0.18831307852304235, 0.5568555856690947], [-0.23456856216010735, -0.9720247477310492, -0.012061486000086455], [0.5390060746223884, -0.14037832544792983, 0.8305217500250066]], "T": [0.130746763593189, 0.07606505508338715, -0.014110604640207433], "aligned_model": [[-0.10152834199218053, 0.4643551680385287, 0.7091875109079421, 0.06117103729134307, -0.1135004856473853, -0.41388943694101965, -0.5323456074606943, -0.7296543032206858, -0.11887529988146231, 0.5142792079212936, 0.25713057932270655, 0.5050754341597121, -0.38466645757107487, -0.011949883234417424, 0.09309081247700597], [-0.10879390502174963, -0.3944232302024827, 0.22211406399459482, -0.676905852377609, 0.6774743773715296, 0.2678367828407177, -0.3386654660577594, 0.18655149553592962, -0.45064190770204604, -0.348307244959, 0.06220067381791073, 0.42508738244514443, 0.10350548795559766, 0.7309581002119044, 0.0781707434263034], [-0.7099177587641858, -0.41780820784530365, -0.43688834466217497, -0.14527415820395398, -0.13314644916935994, -0.48832413153800636, -0.2961917012117429, 0.039068655553213795, 0.4095423225063163, 0.3382256842606246, 0.7498094645620348, 0.18133893770838594, 0.5787639782518149, 0.5114189961440113, -0.0012676248036749445]], "inverted": false, "swapped": false, "error_lsq": 0.03577915853349294, "error_max": 0.18335905138529984, "target": "537.xyz", "model": "23.xyz", "model_rescale": 4.410303926677745, "target_rescale": 4.31857544619733},
{"mapping": [0, 7, 13, 1, 5, 2, 3, 4, 10, 11, 9, 14, 8, 15, 16], "R": [[0.43207559640773996, 0.8847985547511924, 0.1744769225401943], [-0.7666280611089243, 0.2584637257474203, 0.5877736965815443], [0.4749653617994336, -0.3877215753384939, 0.7899872689529683]], "T": [0.13269237106758425, 0.0859161305336137, 0.0070892156725737236], "aligned_model": [[-0.10466936991185316, 0.4946605162861778, 0.7355078976723886, 0.0688648525398781, -0.1824588021996441, -0.6211246131314603, -0.5856651094214029, -0.5475901229234127, -0.17639417297990867, 0.5146207066570866, 0.1688876863969004, 0.6649578284596227, -0.43001328889015666, 0.1458299590725053, 0.05246596654289022], [-0.0335740772367573, -0.26620497623273115, 0.3147810109368822, -0.7396131715069941, 0.5925592287106706, 0.12730625949175167, -0.3805428046635868, 0.1722121690734934, -0.31105885588687426, -0.3227211535690723, 0.10034160867979276, 0.32680838196633105, 0.18594259167626587, 0.6602813076686513, 0.009643982171162968], [-0.6998530063317223, -0.4252540330302981, -0.27294815903178077, -0.2182167294804098, -0.1918945587558322, -0.505688282601547, -0.2679191053547533, 0.06753005528341272, 0.42019975139012883, 0.3035142536261442, 0.6323106071467054, 0.3488704265100861, 0.5979053584591894, 0.4304640353191828, -0.03967095036050742]], "inverted": false, "swapped": false, "error_lsq": 0.03732435078252138, "error_max": 0.3275530189970502, "target": "537.xyz", "model": "24.xyz", "model_rescale": 4.28219845311461, "target_rescale": 4.31857544619733},
{"mapping": [1, 4, 0, 3, 10, 8, 5, 11, 9, 7, 13, 2, 12, 14, 15], "R": [[0.5554587221508831, 0.43861131336357334, -0.7064599944625239], [-0.3891224123137717, 0.8879194426405304, 0.2453218531155369], [0.7348805047227877, 0.13863325420118838, 0.6638760913061786]], "T": [0.03974819493148864, 0.0345071274266958, 0.03006366960861407], "aligned_model": [[0.004017063026172787, 0.6782605809567424, 0.5994968507225754, 0.12067723631950021, -0.45675828665220547, -0.32706581053804634, -0.6648847007638521, -0.44656611824944703, -0.3117835285656538, 0.3455045574552472, 0.3195362061053322, 0.5492754028578601, -0.25002371652761723, -0.056441291050165585, 0.09463548907316822], [-0.21006938583872514, -0.27670053915859794, 0.26653048264467655, -0.670382471319153, 0.6349009236862692, 0.2645006400047837, -0.22561516689025385, 0.18083681611734936, -0.4644196939144737, -0.5625243013603581, 0.0434371413769288, 0.4803401542747849, 0.19160909527212328, 0.7307438327679611, 0.05297397361567077], [-0.5605148723469546, -0.14343069392111535, -0.5161970529490931, -0.2807843458261933, -0.12064605796819783, -0.5126116720941509, -0.3713208781973856, 0.22643852098130302, 0.3205308075096079, 0.42454120454178823, 0.5540439942308639, 0.1320193508733019, 0.7198253032629183, 0.32357117857006146, -0.01611512387875537]], "inverted": false, "swapped": false, "error_lsq": 0.04827633127061455, "error_max": 0.24131085774227515, "target": "537.xyz", "model": "25.xyz", "model_rescale": 4.100010024507729, "target_rescale": 4.31857544619733},
{"mapping": [7, 4, 11, 2, 8, 9, 10, 1, 0, 3, 6, 14], "R": [[-0.9250987520171894, -0.07859936243606327, 0.371502946476718], [-0.23621670413511991, 0.885122358248861, -0.40094897383023237], [-0.29731123036942286, -0.4586725969061369, -0.8373920713403016]], "T": [-0.09875907524559564, 0.005400383524969958, -0.007883645107209906], "aligned_model": [[-0.7017748931713974, -0.1869095532062793, 0.4284431238504483, 0.7005508459847868, -0.4667151037349814, 0.16456255184116791, -0.16147412761861407, 0.45846058996746103, 0.19210822600298977, -0.03383517632601489, -0.48961709569919903, -0.027033785527360854], [-0.25620621692515944, -0.6902505028141964, -0.14832344083329094, -0.2743160698700078, 0.49176811497722767, 0.6762276673874815, 0.32771427525530444, 0.2678881959398023, -0.2320449395533885, 0.46639866510156347, 0.0808342740326971, -0.043558632647394034], [-0.054817513039656804, 0.0631722961344229, 0.6049322045840319, -0.19426831787090515, 0.1598974678124968, 0.2963066173882739, 0.5735707718969294, -0.21955438923452894, -0.5735245070827315, -0.5277797263117157, -0.6170756473742067, 0.05433303295194607]], "inverted": true, "swapped": true, "error_lsq": 0.0380143073306095, "error_max": 0.1921761910682195, "target": "537.xyz", "model": "26.xyz", "model_rescale": 3.6694154284099745, "target_rescale": 4.31857544619733},
