[{"mapping": [2, 11, 0, 5, 1, 6, 10, 4, 3, 12, 9, 13], "R": [[-0.038707987589464705, -0.705833101871875, 0.7073198173377453], [0.9759447345915401, 0.1252820949987954, 0.17842721680215057], [-0.21455434444406546, 0.6972116098966227, 0.6840046814938749]], "T": [-0.11924569650588963, -0.0025148893826626995, -0.08073381675519427], "aligned_model": [[-0.23240098933482317, 0.24643814155115834, 0.39990403093698695, -0.06688775069538062, -0.1769154189477437, -0.6289174917823436, 0.37594263495237246, -0.29500334865196925, 0.7039265223170721, 0.30322224564566563, -0.6514250889652902, -0.14024102456515658], [-0.4054904870927925, -0.5979507158719188, -0.09726186858412345, 0.6582450055832747, 0.26143233887845563, -0.5092564749703721, -0.23279254186990517, -0.5151463726987611, 0.07980617497948451, 0.3634339175634754, 0.1415290348903805, -0.09299297483014052], [-0.42372656324794206, -0.03867034783820983, -0.5673914215516946, -0.03988327464906498, -0.6321064504050253, -0.005266159403811602, 0.5405250541991089, 0.574470983580754, 0.0034372240859303765, 0.45057024528217754, 0.251447298290032, 0.06854515701130857]], "inverted": false, "swapped": true, "error_lsq": 0.03818212983612729, "error_max": 0.23065744159550866, "target": "538.xyz", "model": "0.xyz", "model_rescale": 3.751011558992144, "target_rescale": 4.0864308949356},
{"mapping": [1, 4, 6, 0, 12, 8, 11, 10, 5, 9, 3, 7, 2, 14], "R": [[-0.9606540620531646, -0.2728519352289879, 0.05191911500161502], [-0.179503218369406, 0.7525549227595147, 0.6335926789550572], [-0.2119489741795889, 0.5993437324876412, -0.7719227439789573]], "T": [0.00047600171049186346, 0.07036636055203704, 0.09003709117910433], "aligned_model": [[-0.020146046809397706, 0.4901661601048122, -0.40868422268113813, -0.11913681568806003, -0.671647484760458, 0.6327354177333632, -0.5513087156501284, 0.24000164578245742, 0.4214164181468797, -0.029930861026253662, -0.36706359408681866, -0.5578390909652349, 0.3627338464945363, -0.038361000720642566], [-0.6256813666952372, -0.29788073433253814, -0.3132145785440683, -0.42351929483673867, 0.3557564038560907, -0.10357015705905293, 0.3113949818430705, 0.3462410319587578, 0.5174375084009749, 0.7022846846445934, 0.1364283201556145, -0.2819166522947475, 0.1897346012104673, 0.10839228840973814], [0.06214727324166372, -0.4101344751765057, -0.40914155340425695, 0.6533081199163058, 0.22706864299931964, 0.19207811641708109, -0.43357518745125756, -0.6441116537200507, 0.2041537050747757, -0.09420263230325857, 0.7563375883478066, 0.1521495693725487, 0.8236981702903233, 0.08299944270163262]], "inverted": false, "swapped": false, "error_lsq": 0.04227549434911753, "error_max": 0.26400989039753914, "target": "538.xyz", "model": "1.xyz", "model_rescale": 3.9405287249114394, "target_rescale": 4.0864308949356},
{"mapping": [3, 10, 11, 9, 4, 0, 5, 8, 6, 2, 7, 1, 13], "R": [[0.0788268482334003, 0.9591906828437744, 0.27155029357981325], [0.2984524227112043, -0.28261082778156954, 0.9116234263106828], [0.9511637500322441, 0.009184441535029453, -0.3085501039673922]], "T": [-0.07991766036281889, -0.04182420734640543, 0.08041852313370308], "aligned_model": [[-0.39091659924576727, 0.14224081132858724, -0.3693525040055898, 0.49339069725266826, 0.4287671977456041, -0.7641501273133066, 0.09099815587400287, 0.7428524370031082, 0.10758504478175038, -0.41093515436423345, -0.15885735525076727, -0.44878471439479506, 0.03314538987266946], [0.7086222326915259, 0.4993528161542378, 0.02873492655965449, -0.30429214954043177, -0.1652334851302294, 0.174430755464257, 0.2931283326557586, 0.22061510769998297, -0.6509733340677017, -0.42903618726446496, -0.6942110154208623, -0.17924109269755936, -0.04306431353215038], [-0.0972998615201892, -0.5043676841913255, -0.5530534243180513, 0.20978605182537502, -0.5896448959887884, 0.06070111689731423, 0.6277834286414066, 0.36146720276148053, -0.26021003959779454, -0.1021514033729266, 0.46267573059186967, 0.5516503274522965, -0.054216199592022826]], "inverted": false, "swapped": true, "error_lsq": 0.04364308161223932, "error_max": 0.26646906932941405, "target": "538.xyz", "model": "2.xyz", "model_rescale": 3.932901565614263, "target_rescale": 4.0864308949356},
{"mapping": [4, 0, 2, 7, 12, 3, 6, 1, 11, 10, 9, 5, 8, 13], "R": [[0.14736911948901854, -0.916003349275444, 0.3731222410111739], [-0.822585288803825, -0.3229795256358435, -0.4680146030452189], [0.5492137883052096, -0.23795396642253036, -0.8010880879149471]], "T": [0.05348955134876663, 0.043436727091116345, 0.11000121185863183], "aligned_model": [[-0.2604130548814938, 0.3854370996082675, -0.14781076526730771, -0.01692278301684124, -0.592643718450065, 0.551040338641116, -0.5109095122314126, 0.3196619389366987, 0.42545078681799947, -0.18609183316529668, -0.3032663108123086, -0.6230956911693656, 0.3951248585015407, -0.05262569763761384], [-0.7209548844980869, -0.3989216733754754, -0.28328121624729186, -0.4905706840977272, 0.43195533005884257, -0.029250358610314095, 0.12433010700640595, 0.23702426437819196, 0.8304407549929899, 0.6742440841479376, 0.09534416473330715, -0.14231608275234772, 0.20388710985444275, 0.08995612112604989], [-0.17354247520155713, -0.2682582227681225, -0.6295482599208352, 0.5786383159292737, 0.2312237467546312, 0.19857479549514953, -0.26629949076821147, -0.5536589017575312, 0.30994669878408815, -0.13047389865916192, 0.7501760411982236, 0.26661535201399916, 0.7395468552472909, 0.10983456995889132]], "inverted": true, "swapped": false, "error_lsq": 0.05376337497875653, "error_max": 0.3164119857686724, "target": "538.xyz", "model": "3.xyz", "model_rescale": 3.9243930471874484, "target_rescale": 4.0864308949356},
{"mapping": [9, 5, 7, 6, 2, 8, 4, 1, 0, 3, 11, 10, 13], "R": [[-0.32277677955221656, -0.3076847914628758, -0.8950671593150686], [0.26832084557796826, -0.9366340053240992, 0.2252124861078073], [-0.9076447952862529, -0.16747181605566291, 0.38488195127440605]], "T": [0.0422624646589752, -0.020914621564628498, -0.15861568248570151], "aligned_model": [[-0.06859931041452416, -0.3489488419589223, 0.6123284808566799, 0.45080526084902045, 0.5545621010808288, -0.6475377422988925, -0.12003279014295745, 0.3477174495338075, 0.250094146255187, -0.39584225711772936, 0.16848720436684209, -0.5099210040664482, -0.01590681063153962], [-0.6102609039339583, 0.12080759953623713, -0.24765762272564196, -0.5693587126552823, 0.003889510963254038, -0.49823311247083374, -0.6226256940540928, 0.28799397046395914, 0.6529575576321895, 0.61422944971067, 0.14190427428872712, -0.008101638920837838, -0.13771512415280335], [-0.3924713588250359, -0.676189141712324, -0.6075844386740037, 0.07494288275937908, 0.013927976694380145, -0.5066905598353562, 0.41981249444760577, -0.5925263314875779, -0.024334886734767275, 0.15143316056440181, 0.5104098405993165, 0.45712055156991854, -0.04077987399497304]], "inverted": false, "swapped": true, "error_lsq": 0.04083709279234429, "error_max": 0.2851479487074414, "target": "538.xyz", "model": "4.xyz", "model_rescale": 3.8936222436046832, "target_rescale": 4.0864308949356},
{"mapping": [10, 11, 3, 12, 1, 2, 6, 9, 8, 4, 5, 13], "R": [[0.25119844982623285, 0.7834171894598504, 0.5684688611205778], [0.9482942415534287, -0.0814739353198462, -0.3067572807613623], [-0.19400353151812808, 0.6161327009032442, -0.7633761357523355]], "T": [-0.23404676616569886, 0.0897615615701303, 0.012344734132515654], "aligned_model": [[0.13143618135600904, -0.5205206924616217, -0.2554667577967988, 0.32901368593859837, -0.593239323184841, -0.6973186491105784, -0.31106280837526246, 0.20818078164888526, 0.6449736307052741, 0.14352627876283097, 0.08740267253238476, -0.1393769577997829], [-0.4975923009707812, -0.5141474056218306, -0.04045144346593338, 0.07203809006885173, 0.5874065302794192, -0.0735805034957426, -0.28180229406583124, 0.1619631234903123, 0.3052492675383699, -0.6249042699719247, 0.6288983048766387, -0.05415419355174109], [-0.44113020543524567, -0.19565641297524436, -0.8086667035916578, -0.5142770500945811, 0.030672566289628854, 0.23936017203134755, 0.6273704012373024, 0.4744373455009624, 0.08785352821250589, 0.2762887913259614, -0.2044860534710822, 0.04751834024562095]], "inverted": false, "swapped": true, "error_lsq": 0.055329901692155264, "error_max": 0.29723614535379284, "target": "538.xyz", "model": "5.xyz", "model_rescale": 3.6523030999806103, "target_rescale": 4.0864308949356},
{"mapping": [10, 3, 0, 11, 2, 12, 1, 4, 5, 9, 7, 6, 13], "R": [[-0.9555689937324968, -0.12580619155846412, -0.2665721297934546], [0.28971694600336434, -0.5675382982464555, -0.7706908402349161], [-0.054332213423962994, -0.8136787340155033, 0.5787701861666517]], "T": [0.007451713486658511, 0.030046493212893648, -0.016845786925430248], "aligned_model": [[0.16530663155068512, -0.13167273417705389, 0.10087297348508464, 0.5747630963576108, 0.4381847320725166, -0.41806581453426295, -0.21594063583499462, 0.4864096841282489, -0.6565467550677945, -0.1242015355960775, 0.033601699166408504, 0.5392016728965117, 0.08916989021741173], [-0.6760977420931465, -0.17497082102472855, 0.42152685585375527, -0.11248394864628536, 0.3556482562215694, -0.531964844659676, 0.601703709133807, -0.6259654647893036, 0.030637621987754653, -0.20358897877289694, 0.5792883772193075, -0.0024738989676088632, -0.12043221729936518], [0.38395841636330186, 0.7769339763092921, 0.5775822135296018, 0.36770680545808426, -0.05276284996283974, 0.29581982876988655, 0.0007497545922591359, -0.2682870199701478, -0.0059167247803944, -0.6019865728112377, -0.541831621528927, -0.5051409287509665, -0.056715537736123214]], "inverted": false, "swapped": true, "error_lsq": 0.055990022240656995, "error_max": 0.32716661231885047, "target": "538.xyz", "model": "6.xyz", "model_rescale": 4.08911054899281, "target_rescale": 4.0864308949356},
{"mapping": [12, 5, 10, 13, 9, 7, 8, 4, 0, 3, 1, 11, 2, 14], "R": [[-0.42706379088937374, -0.4378188930318365, 0.7911580976110746], [0.39272710466922134, 0.6983148342933894, 0.5984327977842848], [-0.8144826209130112, 0.5662782082246972, -0.12628163413774304]], "T": [-0.026142203541315048, 0.010013557520494515, 0.06162195755149454], "aligned_model": [[-0.08508670754517336, 0.3703604954575668, -0.3914384528444722, 0.021989075665005384, -0.638804900016864, 0.6904573446337258, -0.41853182191766286, 0.20442334946951216, 0.1489993585619007, 0.04697922877057861, -0.28563266419883293, -0.5304142947960881, 0.4195781523176833, -0.16994250768296204], [-0.6996013537702521, -0.3597831240499051, -0.36831727338903797, -0.49312888689259715, 0.48427563198864365, -0.25220495094412665, 0.2795222185986791, 0.2572622825933457, 0.8356026182847677, 0.7716007207756167, 0.2148150806132085, -0.26973750709600586, 0.1489575653743298, 0.07262401463025814], [0.030410723472048075, -0.47366978866681847, -0.43102328106381127, 0.5911742051565874, 0.1811092496635331, 0.1920654545583119, -0.42678815933726544, -0.5568900337768191, 0.4768138638722938, -0.1410839505208809, 0.7163486912519361, 0.17107543070163742, 0.7190164132215251, 0.11421630777385011]], "inverted": true, "swapped": false, "error_lsq": 0.0471791898789909, "error_max": 0.3314718349367057, "target": "538.xyz", "model": "7.xyz", "model_rescale": 3.964800864290218, "target_rescale": 4.0864308949356},
{"mapping": [8, 7, 9, 5, 6, 1, 11, 12, 2, 4, 3, 10, 0, 13], "R": [[-0.7079747233991461, 0.404296636250838, 0.5790647813018506], [-0.0049502566885274435, -0.8227496083513867, 0.5683824213646631], [0.7062204230880187, 0.3995338682438541, 0.5844872985270787]], "T": [-0.024822597659271455, 0.09265983690584773, 0.12911182876685576], "aligned_model": [[0.09530305538443369, 0.577447164929475, -0.3129887842934577, -0.21136544097450066, -0.3957530006452558, 0.6287698487884125, -0.6468410221108762, 0.08447733334333503, 0.451912524368503, -0.09904556865820995, -0.3052908134155962, -0.6769664823467175, 0.23094440605276148, -0.037667564548389196], [-0.6227938190543403, -0.06590723204760585, -0.27563982623219885, -0.6360707087158182, 0.515728580075474, -0.1770472056326075, 0.34802783043048097, 0.0998208558430548, 0.5520835450655297, 0.7229159011748456, 0.14455005260945342, -0.40692378095607756, 0.4047678117282008, 0.01837503242853332], [-0.12535521244144057, -0.2158240822028756, -0.37603402522160057, 0.49411084582607945, 0.2702829939248532, 0.3804978194745443, -0.35567017586989436, -0.6183352811875382, 0.11291900442820915, -0.17479874861090802, 0.7959009117362035, 0.14519210973418825, 0.7209996765785857, 0.10888929013772153]], "inverted": true, "swapped": false, "error_lsq": 0.061980678429030316, "error_max": 0.35164712850865815, "target": "538.xyz", "model": "8.xyz", "model_rescale": 4.121658175737393, "target_rescale": 4.0864308949356},
{"mapping": [5, 12, 3, 1, 8, 9, 10, 6, 11, 4, 7, 2, 13], "R": [[0.6816258955215457, 0.731324259527774, -0.023472664539926913], [-0.43785308055462985, 0.43338004887056264, 0.7876969043291778], [0.5862344397962916, -0.5266370293352926, 0.6156156438311379]], "T": [0.0011080294327498255, 0.11843868450844186, -0.07201710840135023], "aligned_model": [[-0.48114300135892535, -0.22276661154306984, 0.3701926720937759, -0.03815328728869311, -0.7946814903182816, -0.5203542034083483, 0.23538760988810614, 0.07128383331825167, 0.6391328339415827, 0.060926187702276494, -0.2090253438829505, 0.3603583017848717, 0.005579995506601111], [0.21981798239320774, -0.40650563654261707, -0.16189541362535342, 0.7107407272740344, -0.30895260810741054, -0.015891869240441336, -0.6487177947701327, 0.0667760466465997, -0.15739172667825319, -0.5661417193950333, 0.719308539911975, 0.3757646812751325, -0.03652376972999771], [-0.5171799340460981, -0.5906646792167102, -0.7624252076956787, -0.22899658628366107, -0.16619306484802054, 0.28060208154868543, -0.27397225210765064, 0.6453768344003398, 0.010927218688879359, 0.42872891393994816, 0.3436269433046715, 0.24032893366518815, 0.010916232609195248]], "inverted": true, "swapped": true, "error_lsq": 0.05307509993270682, "error_max": 0.3206350953288155, "target": "538.xyz", "model": "9.xyz", "model_rescale": 3.833441315466971, "target_rescale": 4.0864308949356},
{"mapping": [4, 6, 1, 3, 13, 7, 0, 12, 8, 10, 2, 5, 9, 14], "R": [[-0.5109846705409408, -0.8287069306180548, 0.22834073140324557], [-0.6390829054273361, 0.18860489297585847, -0.7456549029786634], [0.5748632067394133, -0.5269468829883786, -0.6259866420668346]], "T": [0.034181249826087744, 0.0585452343673988, -0.010378508206423775], "aligned_model": [[-0.07633883486099186, 0.1580421216466645, -0.36195320726381486, 0.213307818614533, -0.6564257413230493, 0.6350994877322717, -0.49238805295093424, 0.2428771390881059, 0.24883037919867007, 0.05147591798313516, -0.29732252130640713, -0.5806291776080127, 0.239045956621894, 0.05931437030185294], [-0.724003374879711, -0.4874692531857304, -0.12532712067222385, -0.4528358368915779, 0.3531154891956385, -0.04111623865067627, 0.35091384189854113, 0.10411375601728426, 0.6821772213107536, 0.8600940387947787, 0.053876340286090195, -0.1994680729736288, 0.20554799244527253, 0.042268254022113476], [0.0959961369700188, -0.3947692363189213, -0.606094364863015, 0.6683886993542629, 0.2579065829951125, 0.2595823017816383, -0.32829096220420007, -0.573751912753135, 0.4050348503864553, -0.19196747288832783, 0.6273782683789975, 0.10307841322305131, 0.7605500018122948, 0.07973382043189517]], "inverted": true, "swapped": false, "error_lsq": 0.047387805964112226, "error_max": 0.28333049216132866, "target": "538.xyz", "model": "10.xyz", "model_rescale": 4.2482417240324, "target_rescale": 4.0864308949356},
{"mapping": [4, 11, 3, 0, 8, 5, 12, 1, 2, 7, 6, 13], "R": [[0.4244823497754227, -0.8900055353388183, -0.1664478350577099], [0.8663956437848388, 0.4526561488627073, -0.21085777037481246], [0.26300821880654274, -0.05470427737431029, 0.9632414644714813]], "T": [0.004740431040437098, 0.09121698878921894, -0.07359406152015634], "aligned_model": [[-0.7629116194189575, -0.011917106462979395, 0.364415061111126, 0.637055184066509, -0.5222573952948232, 0.17732116346211585, -0.1251804812199161, 0.503455307666765, 0.12191979527002106, 0.09615155068837762, -0.44772498989427195, -0.15356086761095958], [-0.27327660489778993, -0.6078712194088537, -0.2522075792523635, -0.24434572763551418, 0.6924336834679239, 0.635650981187775, 0.18776217065066586, 0.356402892725457, -0.19540790176970782, 0.437710254264301, -0.09208144013297034, 0.021361880851715864], [-0.044786598170326195, -0.04140661205398634, 0.5928650521131393, -0.019698140252277653, 0.3572483279908978, 0.2652588251327733, 0.6803829157180485, -0.3143545763815112, -0.5173875331964644, -0.7440767381177105, -0.6064396954362167, -0.04241293749200939]], "inverted": false, "swapped": true, "error_lsq": 0.04686330964489274, "error_max": 0.25040045405401845, "target": "538.xyz", "model": "11.xyz", "model_rescale": 3.6694154284099745, "target_rescale": 4.0864308949356},
{"mapping": [5, 6, 0, 7, 2, 11, 1, 4, 8, 3, 10, 12, 9, 13], "R": [[0.739055669607857, -0.3903270405886749, 0.5490369009509007], [0.5387305554101538, 0.8317779860864942, -0.13384607027986695], [-0.404433067253346, 0.3947026516850156, 0.8250113398401671]], "T": [-0.04112438274121591, -0.025481521942589125, 0.10099720943829224], "aligned_model": [[-0.18531211074987416, 0.3199693811001879, -0.23125884821477802, 0.0915401433629631, -0.42694187775520753, 0.6783420726894693, -0.5714601544707992, 0.23002862125366927, 0.18438217919929262, -0.02231986992263274, -0.30064132974273305, -0.6902090691201727, 0.3875900935863845, -0.08077357534185226], [-0.8127447204283722, -0.39255868013008327, -0.2861149538447306, -0.5182298580282132, 0.48860545117087184, 0.139158754487047, 0.4073473521884382, 0.2767756222929037, 0.6471738662614067, 0.7596476101473322, 0.01585149944897043, -0.20327785955711897, 0.12974779649058382, -0.029494843782111615], [0.03777262657436675, -0.13292689600086904, -0.536699398392934, 0.641149520613526, 0.21577097825540975, 0.11803386974050947, -0.3968748916519539, -0.5177073379293882, 0.364206955749087, -0.2518023609195862, 0.6793321667684702, 0.19505055869115095, 0.7619011535754207, -0.014431818767081411]], "inverted": false, "swapped": false, "error_lsq": 0.04926633931071045, "error_max": 0.28011910061399214, "target": "538.xyz", "model": "12.xyz", "model_rescale": 3.9764082729961374, "target_rescale": 4.0864308949356},
{"mapping": [3, 7, 8, 14, 12, 4, 1, 2, 5, 9, 13, 11, 6, 15], "R": [[-0.18499467488717278, -0.6929327980536772, 0.6968652004834877], [-0.583990930206095, 0.6478339749095696, 0.4891479677867292], [-0.7903996227861001, -0.3164731873861816, -0.5245123048749397]], "T": [-0.060117120380886645, 0.12317239497315628, 0.08422426002083047], "aligned_model": [[0.027953568204280195, 0.46313669025742515, -0.37213756721917435, -0.1405033315531198, -0.505368136976255, 0.6503832060266894, -0.43986312593239524, -0.02579795028685896, 0.43535905373680156, 0.04747543333702837, -0.3935080684832349, -0.5943489804114789, 0.21708419166946394, 0.013070673504745715], [-0.7070429671965955, -0.19358890610499097, -0.3316988970316426, -0.4556299562431744, 0.5640944094242812, 0.07709179253992555, 0.3723414535280107, 0.0954578828853755, 0.7384990484272075, 0.6838503157973717, 0.12501245694875673, -0.45089095007712804, 0.058246965951382304, 0.04614438786814433], [-0.022684362377430878, -0.3595115022462594, -0.3578030978579202, 0.6295076128337416, 0.20485943043734306, 0.1787207469044521, -0.3596567260413761, -0.7122138193613101, 0.3647601334228867, -0.10435791835855521, 0.5973788527920949, 0.2090933688802374, 0.7931691993236896, 0.10151320795453452]], "inverted": true, "swapped": false, "error_lsq": 0.033539006427247366, "error_max": 0.19046033304905513, "target": "538.xyz", "model": "13.xyz", "model_rescale": 4.170626492500431, "target_rescale": 4.0864308949356},
{"mapping": [1, 9, 7, 3, 4, 11, 8, 10, 5, 12, 2, 0, 6, 13], "R": [[-0.6412242462182441, 0.0571181651177968, 0.7652247913361281], [0.21102758923038895, 0.9719010399107829, 0.10428674510190195], [-0.7377661029387668, 0.22835473245351173, -0.6352600204015914]], "T": [-0.10758186408328346, 0.014587138688674242, 0.1145350023201431], "aligned_model": [[-0.13022932636008075, 0.4597031780406939, -0.4683154657170698, 0.20573467805019097, -0.5336299588719524, 0.594257320754066, -0.5029607011807351, 0.09516668138780335, 0.4171229706634177, 0.052021207797576074, -0.47987162627208557, -0.5952559320331288, 0.29050125092079293, -0.021308621305571485], [-0.7293910070642239, -0.4165551470416903, -0.2697104729328021, -0.41260823704167193, 0.5634671359615107, 0.06799414948298325, 0.3878505519736105, 0.09173608267862797, 0.7179327444262792, 0.6652984188413859, -0.05975100547118564, -0.32820431492801233, 0.2882555522575443, 0.05557258557456894], [-0.07729325678118606, -0.27096525565833396, -0.5536535485900388, 0.5559083814562376, 0.25693198302457004, 0.17956654048438245, -0.3913368117625049, -0.40630026215934933, 0.3537203355646076, -0.18009664994143118, 0.651942055240569, 0.09159095506402029, 0.8031021377495335, 0.14965852261505197]], "inverted": false, "swapped": false, "error_lsq": 0.04454789075545333, "error_max": 0.3353113101043212, "target": "538.xyz", "model": "14.xyz", "model_rescale": 3.9786697098870705, "target_rescale": 4.0864308949356},
{"mapping": [5, 10, 7, 1, 9, 6, 3, 11, 2, 0, 4, 13], "R": [[-0.08954658238463914, 0.21593924873700024, 0.9722919574068949], [0.690822649497829, -0.6897509549727028, 0.21681256203237936], [0.7174576478957004, 0.6910961300493186, -0.0874108832287186]], "T": [0.050596739481286596, -0.05762863722381814, -0.11607778578055035], "aligned_model": [[-0.08647615279541607, -0.7087810006876464, 0.7547136273706169, 0.5121004149554396, 0.043710043597801784, 0.3195257734402208, -0.4724859752363263, -0.11416826432093896, 0.4434930792620382, 0.18788586859096046, -0.3436871817723891, -0.05247563563702422], [-0.4840571745210186, 0.0815684797025148, 0.06653220799461156, -0.45271835830905227, 0.3383239122042756, 0.608785047075171, -0.5737166384079847, 0.11128886150450226, 0.09932491374062322, -0.5507468026144998, 0.6863799910140649, 0.08371005084123112], [-0.6063669707079022, 0.18085903571888828, -0.37446526252039886, -0.20509568930471628, -0.6235046308452612, -0.039803826637626855, 0.27316721700470953, 0.5429800268928351, 0.22131742138489985, 0.38722651965316773, 0.002102038666958947, -0.0984493854317241]], "inverted": true, "swapped": true, "error_lsq": 0.06624302097122106, "error_max": 0.3905268863002373, "target": "538.xyz", "model": "15.xyz", "model_rescale": 3.769337070930944, "target_rescale": 4.0864308949356},
{"mapping": [11, 6, 3, 0, 10, 4, 12, 9, 5, 1, 13], "R": [[0.1811829947777457, 0.7442218775462393, 0.6428891968177084], [0.46963763447453244, -0.6398298475130837, 0.6083241393505191], [0.8640678299118265, 0.19170697225957886, -0.46544089001561967]], "T": [-0.10423155396403111, -0.013837409201657526, 0.12615169300993703], "aligned_model": [[-0.3230206746859277, -0.19025901286910418, -0.05900367209846541, -0.6285650892731409, 0.34014704551856223, 0.31477997499288624, 0.49246400897934867, 0.2980017897576375, 0.18351993112351822, -0.5053208049537825, -0.0001173658003612299], [0.006696368266907997, -0.7105591443502327, 0.7262090972934041, 0.45208083445827063, 0.22054465993054265, -0.5008277329802455, 0.45969477322785, -0.44681579955503853, 0.34765000868762874, 0.13692071500865205, -0.0955292823623971], [-0.5384891971984653, -0.04538792590146626, -0.2503581083529519, -0.026568927251965774, -0.5309590827182241, -0.43084461174014665, 0.006137630685084411, 0.3811926735534683, 0.6031628979233059, 0.5659301804968391, 0.010402077728299208]], "inverted": false, "swapped": true, "error_lsq": 0.042512557698463134, "error_max": 0.19291089342158793, "target": "538.xyz", "model": "16.xyz", "model_rescale": 3.7852294659196426, "target_rescale": 4.0864308949356},
{"mapping": [1, 3, 11, 0, 5, 12, 8, 10, 2, 7, 9, 4, 13], "R": [[0.7536149966753029, -0.006378037574623713, 0.6572851416415708], [-0.14893054731984864, -0.9756049748141153, 0.1612904993884005], [0.640221937191388, -0.2194407750502308, -0.7361804244777638]], "T": [0.0602891600025474, 0.06764793972113652, -0.09190937035830948], "aligned_model": [[0.01708936828548112, -0.3960983685550881, 0.39466761648826126, 0.05040098816607763, -0.5372843573432939, -0.5880714820702608, -0.49160435817694154, -0.13761940216267915, 0.5506465566020394, 0.42094274225611084, 0.07770029426645898, 0.3886927144693397, 0.10430353799077782], [-0.11929654286763842, -0.5329207227153685, -0.3475541202422264, -0.6364763190369082, 0.20507933585738725, 0.0992872858824537, 0.7682477548617308, -0.053491453807844036, -0.1216035299055604, 0.31970634396340464, 0.7109811608570423, 0.4397792412953524, 0.14331718956104897], [-0.6751685372441933, 0.2580930997361079, 0.36178229315427723, -0.23133786875174553, -0.34692361074150413, 0.32439475810296703, 0.07951650615542583, 0.7020423372058165, -0.22063769527547802, -0.7118740063584685, -0.10318190590574569, 0.5984850967112723, 0.060564230354442306]], "inverted": true, "swapped": true, "error_lsq": 0.05740918835577218, "error_max": 0.3921781475007295, "target": "538.xyz", "model": "17.xyz", "model_rescale": 3.901054581598922, "target_rescale": 4.0864308949356},
{"mapping": [1, 4, 6, 0, 12, 8, 11, 10, 5, 9, 3, 7, 2, 14], "R": [[-0.9606540620531646, -0.2728519352289879, 0.05191911500161502], [-0.179503218369406, 0.7525549227595147, 0.6335926789550572], [-0.2119489741795889, 0.5993437324876412, -0.7719227439789573]], "T": [0.00047600171049186346, 0.07036636055203704, 0.09003709117910433], "aligned_model": [[-0.020146046809397706, 0.4901661601048122, -0.40868422268113813, -0.11913681568806003, -0.671647484760458, 0.6327354177333632, -0.5513087156501284, 0.24000164578245742, 0.4214164181468797, -0.029930861026253662, -0.36706359408681866, -0.5578390909652349, 0.3627338464945363, -0.038361000720642566], [-0.6256813666952372, -0.29788073433253814, -0.3132145785440683, -0.42351929483673867, 0.3557564038560907, -0.10357015705905293, 0.3113949818430705, 0.3462410319587578, 0.5174375084009749, 0.7022846846445934, 0.1364283201556145, -0.2819166522947475, 0.1897346012104673, 0.10839228840973814], [0.06214727324166372, -0.4101344751765057, -0.40914155340425695, 0.6533081199163058, 0.22706864299931964, 0.19207811641708109, -0.43357518745125756, -0.6441116537200507, 0.2041537050747757, -0.09420263230325857, 0.7563375883478066, 0.1521495693725487, 0.8236981702903233, 0.08299944270163262]], "inverted": false, "swapped": false, "error_lsq": 0.04227549434911753, "error_max": 0.26400989039753914, "target": "538.xyz", "model": "18.xyz", "model_rescale": 3.9405287249114394, "target_rescale": 4.0864308949356},
{"mapping": [2, 1, 10, 5, 13, 0, 14, 3, 4, 12, 9, 11, 8, 15], "R": [[-0.5422455117790592, -0.5779110903451807, -0.6099086625155531], [-0.803153302234044, 0.14328245561486225, 0.5782861843616237], [-0.24680878846997542, 0.8034232443544435, -0.5418454690822501]], "T": [-0.006488676137006405, 0.1509992925798952, 0.11794051121911762], "aligned_model": [[0.04070208206382922, 0.5000917829825448, -0.407834681750024, -0.0863226509778344, -0.5586006942754729, 0.6594670365188814, -0.5656377160164925, 0.07373961981570404, 0.3929629869589829, 0.09259553004339316, -0.43596172217211093, -0.6748384428547209, 0.36644353420255915, -0.013871008665322135], [-0.7022110255972368, -0.07083846431236546, -0.3464454140116648, -0.5364260624534635, 0.5257679801447535, 0.19259935760848285, 0.29746470228258043, 0.05040972344509953, 0.7233408759372987, 0.5448939695737136, 0.04620133319613734, -0.10895721629150035, -0.10774238690969434, 0.11382966410478434], [-0.040585411927711965, -0.2421756811892128, -0.3396337282317488, 0.5787393398604702, 0.19572608584546047, 0.2836109108883317, -0.39746146494963863, -0.7240058968044369, 0.3359508536936596, -0.24971199554634482, 0.7453001667556086, 0.18825697247527798, 0.7231235127336262, 0.10564146270278757]], "inverted": false, "swapped": false, "error_lsq": 0.042258382425726215, "error_max": 0.2982251797346867, "target": "538.xyz", "model": "19.xyz", "model_rescale": 4.410303926677745, "target_rescale": 4.0864308949356},
{"mapping": [8, 7, 9, 5, 6, 1, 11, 12, 2, 4, 3, 10, 0, 13], "R": [[-0.7079747233991461, 0.404296636250838, 0.5790647813018506], [-0.0049502566885274435, -0.8227496083513867, 0.5683824213646631], [0.7062204230880187, 0.3995338682438541, 0.5844872985270787]], "T": [-0.024822597659271455, 0.09265983690584773, 0.12911182876685576], "aligned_model": [[0.09530305538443369, 0.577447164929475, -0.3129887842934577, -0.21136544097450066, -0.3957530006452558, 0.6287698487884125, -0.6468410221108762, 0.08447733334333503, 0.451912524368503, -0.09904556865820995, -0.3052908134155962, -0.6769664823467175, 0.23094440605276148, -0.037667564548389196], [-0.6227938190543403, -0.06590723204760585, -0.27563982623219885, -0.6360707087158182, 0.515728580075474, -0.1770472056326075, 0.34802783043048097, 0.0998208558430548, 0.5520835450655297, 0.7229159011748456, 0.14455005260945342, -0.40692378095607756, 0.4047678117282008, 0.01837503242853332], [-0.12535521244144057, -0.2158240822028756, -0.37603402522160057, 0.49411084582607945, 0.2702829939248532, 0.3804978194745443, -0.35567017586989436, -0.6183352811875382, 0.11291900442820915, -0.17479874861090802, 0.7959009117362035, 0.14519210973418825, 0.7209996765785857, 0.10888929013772153]], "inverted": true, "swapped": false, "error_lsq": 0.061980678429030316, "error_max": 0.35164712850865815, "target": "538.xyz", "model": "20.xyz", "model_rescale": 4.121658175737393, "target_rescale": 4.0864308949356},
{"mapping": [10, 3, 0, 11, 2, 12, 1, 4, 5, 9, 7, 6, 13], "R": [[-0.9555689937324968, -0.12580619155846412, -0.2665721297934546], [0.28971694600336434, -0.5675382982464555, -0.7706908402349161], [-0.054332213423962994, -0.8136787340155033, 0.5787701861666517]], "T": [0.007451713486658511, 0.030046493212893648, -0.016845786925430248], "aligned_model": [[0.16530663155068512, -0.13167273417705389, 0.10087297348508464, 0.5747630963576108, 0.4381847320725166, -0.41806581453426295, -0.21594063583499462, 0.4864096841282489, -0.6565467550677945, -0.1242015355960775, 0.033601699166408504, 0.5392016728965117, 0.08916989021741173], [-0.6760977420931465, -0.17497082102472855, 0.42152685585375527, -0.11248394864628536, 0.3556482562215694, -0.531964844659676, 0.601703709133807, -0.6259654647893036, 0.030637621987754653, -0.20358897877289694, 0.5792883772193075, -0.0024738989676088632, -0.12043221729936518], [0.38395841636330186, 0.7769339763092921, 0.5775822135296018, 0.36770680545808426, -0.05276284996283974, 0.29581982876988655, 0.0007497545922591359, -0.2682870199701478, -0.0059167247803944, -0.6019865728112377, -0.541831621528927, -0.5051409287509665, -0.056715537736123214]], "inverted": false, "swapped": true, "error_lsq": 0.055990022240656995, "error_max": 0.32716661231885047, "target": "538.xyz", "model": "21.xyz", "model_rescale": 4.08911054899281, "target_rescale": 4.0864308949356},
{"mapping": [9, 12, 14, 5, 1, 7, 2, 3, 0, 4, 8, 11, 6, 16], "R": [[0.7009563316473068, -0.003553669828964323, -0.713195339689133], [-0.26874950779800444, -0.9275911575038961, -0.2595155998758315], [-0.6606314579112028, 0.37357999939949815, -0.6511559420498209]], "T": [-0.0527699417855192, 0.00497909143578263, 0.07811766630862353], "aligned_model": [[-0.017898733955690034, 0.4561537359690252, -0.09997952419761669, -0.11516445204471379, -0.6166570367642618, 0.6387786267691691, -0.463158934886609, 0.11160961188756213, 0.22235716294431673, 0.0697767174654659, -0.3304954114386098, -0.7159900002439509, 0.2665600781476476, -0.022956183777817503], [-0.7013128110942648, -0.3805913032711096, -0.29035532051159096, -0.5555643793408448, 0.4938850580486239, 0.07854540320228603, 0.4603252968762109, 0.1735512551629407, 0.6893311928714249, 0.5939264250327341, 0.048787492254196055, -0.21729458631850485, 0.1875353981149146, 0.041117915689908274], [-0.008388742977008132, -0.2924247293500177, -0.48965995423945513, 0.5019419181010089, 0.3483040486317102, 0.22692883226222027, -0.30331979502118567, -0.7578498038988363, 0.3148594574712163, -0.27460820518824186, 0.7119247391500179, 0.3889658551314395, 0.7263966662866629, 0.06970483994659699]], "inverted": false, "swapped": false, "error_lsq": 0.04063734208373535, "error_max": 0.25198475735392406, "target": "538.xyz", "model": "22.xyz", "model_rescale": 4.204369325754507, "target_rescale": 4.0864308949356},
{"mapping": [2, 1, 10, 5, 13, 0, 14, 3, 4, 12, 9, 11, 8, 15], "R": [[-0.5422455117790592, -0.5779110903451807, -0.6099086625155531], [-0.803153302234044, 0.14328245561486225, 0.5782861843616237], [-0.24680878846997542, 0.8034232443544435, -0.5418454690822501]], "T": [-0.006488676137006405, 0.1509992925798952, 0.11794051121911762], "aligned_model": [[0.04070208206382922, 0.5000917829825448, -0.407834681750024, -0.0863226509778344, -0.5586006942754729, 0.6594670365188814, -0.5656377160164925, 0.07373961981570404, 0.3929629869589829, 0.09259553004339316, -0.43596172217211093, -0.6748384428547209, 0.36644353420255915, -0.013871008665322135], [-0.7022110255972368, -0.07083846431236546, -0.3464454140116648, -0.5364260624534635, 0.5257679801447535, 0.19259935760848285, 0.29746470228258043, 0.05040972344509953, 0.7233408759372987, 0.5448939695737136, 0.04620133319613734, -0.10895721629150035, -0.10774238690969434, 0.11382966410478434], [-0.040585411927711965, -0.2421756811892128, -0.3396337282317488, 0.5787393398604702, 0.19572608584546047, 0.2836109108883317, -0.39746146494963863, -0.7240058968044369, 0.3359508536936596, -0.24971199554634482, 0.7453001667556086, 0.18825697247527798, 0.7231235127336262, 0.10564146270278757]], "inverted": false, "swapped": false, "error_lsq": 0.042258382425726215, "error_max": 0.2982251797346867, "target": "538.xyz", "model": "23.xyz", "model_rescale": 4.410303926677745, "target_rescale": 4.0864308949356},
{"mapping": [14, 15, 9, 13, 1, 5, 10, 8, 2, 4, 7, 11, 12, 16], "R": [[0.9537243005182224, -0.01643604822103918, -0.30023293443575294], [0.22415933583274963, 0.7043723090600637, 0.673507418213352], [0.20040596488140772, -0.7096404065075987, 0.6754612814156576]], "T": [-0.06426632235966875, 0.011324158646361805, 0.12891453148027018], "aligned_model": [[-0.10425448351675731, 0.36088020226032547, -0.20251586154373505, -0.0014178846159371705, -0.744952378114838, 0.5507115954898942, -0.4113570664674737, 0.089898599206792, 0.3475876110459215, 0.2357983962466311, -0.414232288785086, -0.6345735775662542, 0.4070996994906303, -0.09573690725619613], [-0.6572156564217175, -0.38763054165805744, -0.25332521471650543, -0.484192762247415, 0.48234827698714244, 0.14227063743171287, 0.2804526493325765, 0.2261220254494534, 0.8132924978384868, 0.5239941397198584, 0.00912191586227027, -0.2509603289727625, 0.051028186841564745, 0.1265812112703169], [0.030907120277603062, -0.2826675023153037, -0.42178298778272694, 0.62358581507197, 0.355051930006251, 0.14495241410442397, -0.3515870992466871, -0.6494181227426541, 0.27074919455720714, -0.21895761190717192, 0.69411349569813, 0.0471956914012113, 0.7788479883616617, 0.1417848008222137]], "inverted": true, "swapped": false, "error_lsq": 0.036632599082725016, "error_max": 0.20162639403661603, "target": "538.xyz", "model": "24.xyz", "model_rescale": 4.28219845311461, "target_rescale": 4.0864308949356},
{"mapping": [7, 9, 3, 13, 0, 11, 1, 5, 10, 8, 2, 4, 14, 15], "R": [[0.13879425659618105, 0.13247674921096786, -0.9814204324622591], [0.933376428231695, -0.3487052531729389, 0.0849299101085137], [-0.3309752219688917, -0.9278224815815204, -0.1720489613876004]], "T": [-0.011007466643980023, 0.005506854563492092, 0.13263471754746267], "aligned_model": [[-0.16055915046403937, 0.3461571948684901, -0.36804218040954667, 0.037087568461171984, -0.723839272961268, 0.5221521840081632, -0.3384307770635559, 0.31351943613916916, 0.4266671657209527, 0.04539481410510981, -0.30003541185965826, -0.6873218573636407, 0.34792734454358637, -0.07774140185101702], [-0.7509110331661717, -0.4139634445552973, -0.2630783411078856, -0.4377698232688804, 0.36485932192283205, 0.1132072447108047, 0.2668012369272879, 0.32972617145270966, 0.6532270062863733, 0.6441186277163549, 0.06976607055449727, -0.2720671081444153, 0.2851462940710502, 0.032824813317664875], [0.0276953124633684, -0.25896681028758717, -0.5001634735785327, 0.5252020511669753, 0.3008333862133974, 0.10776537643846455, -0.3515105296518459, -0.584892149433842, 0.26903244503654855, -0.13371062753234428, 0.7499787257248673, 0.1184885817558328, 0.7434638344731981, 0.14955900351762774]], "inverted": true, "swapped": false, "error_lsq": 0.043001174773082664, "error_max": 0.3039054135621574, "target": "538.xyz", "model": "25.xyz", "model_rescale": 4.100010024507729, "target_rescale": 4.0864308949356},
{"mapping": [4, 11, 3, 0, 8, 5, 12, 1, 2, 7, 6, 13], "R": [[0.4244823497754227, -0.8900055353388183, -0.1664478350577099], [0.8663956437848388, 0.4526561488627073, -0.21085777037481246], [0.26300821880654274, -0.05470427737431029, 0.9632414644714813]], "T": [0.004740431040437098, 0.09121698878921894, -0.07359406152015634], "aligned_model": [[-0.7629116194189575, -0.011917106462979395, 0.364415061111126, 0.637055184066509, -0.5222573952948232, 0.17732116346211585, -0.1251804812199161, 0.503455307666765, 0.12191979527002106, 0.09615155068837762, -0.44772498989427195, -0.15356086761095958], [-0.27327660489778993, -0.6078712194088537, -0.2522075792523635, -0.24434572763551418, 0.6924336834679239, 0.635650981187775, 0.18776217065066586, 0.356402892725457, -0.19540790176970782, 0.437710254264301, -0.09208144013297034, 0.021361880851715864], [-0.044786598170326195, -0.04140661205398634, 0.5928650521131393, -0.019698140252277653, 0.3572483279908978, 0.2652588251327733, 0.6803829157180485, -0.3143545763815112, -0.5173875331964644, -0.7440767381177105, -0.6064396954362167, -0.04241293749200939]], "inverted": false, "swapped": true, "error_lsq": 0.04686330964489274, "error_max": 0.25040045405401845, "target": "538.xyz", "model": "26.xyz", "model_rescale": 3.6694154284099745, "target_rescale": 4.0864308949356},
{"mapping": [1, 0, 5, 6, 9, 2, 8, 4, 11, 10, 3, 7, 12, 13], "R": [[0.5291511605883921, 0.7764105243970116, -0.3423240377968148], [-0.025481393571426203, -0.38871112963553306, -0.9210072509373235], [-0.8481448861070942, 0.4960749492798696, -0.18590292323510954]], "T": [-0.08953524775943547, 0.07247336356277265, 0.03548933841364977], "aligned_model": [[-0.055828976468001806, 0.2868162379598099, -0.36215057811682094, 0.19851956930853668, -0.4438262442772709, 0.5872601408428179, -0.4620830355603712, 0.2457433731793556, 0.38208646855621775, 0.04969211674726892, -0.506324181558292, -0.6684617062739782, 0.1639120874335865, -0.0324196158989412], [-0.8056623011838332, -0.33569886870533605, -0.5087542800402183, -0.3439535478941522, 0.5581010028330131, 0.08975581523573253, 0.3593236555613426, 0.27533733783552117, 0.6636220342649178, 0.6205336798192281, -0.0987663734724506, -0.15329622311764, 0.22842411800001355, 0.0729209875807858], [0.12144453180773174, -0.3232422201859906, -0.42693233894047045, 0.4989583034833457, 0.3572147201191736, 0.0969626255730289, -0.39727185233133055, -0.6869821311770701, 0.4408184331894332, -0.16978206877699625, 0.7061570336670163, 0.13549320874079623, 0.7711364167273346, 0.03880046441012557]], "inverted": true, "swapped": false, "error_lsq": 0.04603382027080887, "error_max": 0.3053279981473626, "target": "538.xyz", "model": "27.xyz", "model_rescale": 4.103607728864725, "target_rescale": 4.0864308949356},
