[{"mapping": [6, 13, 2, 0, 1, 3, 11, 12, 10, 9, 4, 15], "R": [[-0.6173258789935931, 0.6665490617223053, 0.4178769046524371], [-0.7867064551319354, -0.5239209161190501, -0.32649628957573096], [0.0013086552379802385, -0.5303010672911094, 0.8478083895853936]], "T": [-0.10603627625120189, 0.04046700707030751, 0.11287421925390494], "aligned_model": [[-0.28882859944367495, 0.26422128515435134, 0.26358383184731726, -0.08537991142224986, -0.10314987781638991, -0.4918563322091428, 0.34896748267253136, -0.262253947348769, 0.5738336104536896, 0.30593981442950297, -0.6531678062320804, -0.034267087624537146], [-0.37340107221508523, -0.6389556807501959, -0.1785019878944992, 0.7046851139273338, 0.3855422671996094, -0.5858099047981923, -0.24110033519158866, -0.41613530332134696, -0.01746087944328191, 0.40093789358363274, 0.014407052974044758, -0.000652128093373408], [-0.5416160941156059, -0.03651542216503649, -0.5690642203996019, -0.07608349011729999, -0.5888996984322624, 0.05409984191215113, 0.6134156129627496, 0.574438623482482, 0.05440831503545217, 0.4354177261611506, 0.23357899513957756, 0.028771555889806177]], "inverted": false, "swapped": true, "error_lsq": 0.04342783630566088, "error_max": 0.23598070657343176, "target": "539.xyz", "model": "0.xyz", "model_rescale": 3.751011558992144, "target_rescale": 4.087379438827326},
{"mapping": [2, 8, 13, 6, 9, 12, 0, 1, 11, 4, 14, 7, 5, 3, 15], "R": [[-0.22921036332564104, -0.21834940370063238, -0.9485705810574698], [0.964007098215812, 0.08396846700609517, -0.2522689262239331], [0.13473278715167133, -0.9722514255336552, 0.19124393222823532]], "T": [-0.04657382948423974, 0.00066413543118473, 0.036203120921470947], "aligned_model": [[0.14273085554016404, 0.2279613788684585, -0.5026080168331312, 0.2272271261032782, -0.21580432413469317, -0.5778874926487817, 0.47676207689702044, 0.6441644130553317, -0.7436869106341236, 0.07363095014856788, -0.14038468662347572, 0.6298916449095862, 0.5694703507703706, -0.23013826217051603, -0.04224289215902128], [0.09544097990684475, -0.6233572242562673, 0.2896242678458761, 0.5847739303251263, -0.6073624756964682, 0.3114291979858563, -0.44231029731624255, -0.06920084465932452, -0.21858757669836013, 0.34104567656869866, -0.21896636810250383, -0.011183181191791743, 0.39638266275941675, 0.7153907115417346, 0.0056378908145105515], [-0.7414777689831004, -0.4559454156039059, -0.5378682834442441, -0.429528749356183, 0.10943257541396509, 0.2951668193409452, 0.12111823052919399, -0.3237572419577194, -0.01682813870080936, 0.46549660169494567, 0.7816549084518057, 0.5155377602121106, 0.1141173929135497, 0.03412134170646882, -0.08157362736504625]], "inverted": false, "swapped": true, "error_lsq": 0.030898387605398123, "error_max": 0.20311598580628887, "target": "539.xyz", "model": "1.xyz", "model_rescale": 3.9405287249114394, "target_rescale": 4.087379438827326},
{"mapping": [14, 12, 4, 10, 13, 7, 9, 11, 2, 1, 8, 0, 15], "R": [[-0.06704031230861793, -0.6458620745982617, -0.7605049487815266], [-0.22898733699972745, 0.7518340547747425, -0.6183125047860046], [0.9711181164098096, 0.13269413957141835, -0.1982974263677285]], "T": [-0.05889013636659728, 0.022765677049832712, -0.10828529400807449], "aligned_model": [[-0.3134592040963487, 0.26219378161708595, -0.3925048517137139, 0.44108038745477623, 0.59212002761035, -0.8787635411014505, 0.09936710490010586, 0.5941357590836946, 0.13622886007437707, -0.48967956926086437, -0.021308028489757762, -0.5261359097393918, -0.007291537054931567], [0.7230031464008964, 0.503467550152256, 0.34405354018752177, -0.29304728951584075, -0.26544470484468075, 0.12338477518710209, 0.1665762265367114, 0.3067510154441729, -0.7513837333288899, -0.6221275868247248, -0.5417397343490326, -0.15172586791061682, -0.0829347435628584], [0.13171153681236536, -0.4425937693375147, -0.4246347936640825, 0.2370965386046223, -0.4461368259469294, -0.036236763971447664, 0.49002152076777106, 0.06422494663735426, -0.21886444295516008, -0.007761462457154866, 0.5137304981101302, 0.3697852895024215, -0.11722192251373159]], "inverted": true, "swapped": true, "error_lsq": 0.039653500632885155, "error_max": 0.2391625730880501, "target": "539.xyz", "model": "2.xyz", "model_rescale": 3.932901565614263, "target_rescale": 4.087379438827326},
{"mapping": [4, 14, 7, 12, 5, 1, 0, 6, 13, 2, 9, 11, 8, 15], "R": [[-0.7852315877182691, -0.3760089778193696, 0.49196402536026895], [0.4948310207471034, 0.09655905629548261, 0.8636079026697856], [-0.3722279067397102, 0.9215712654193158, 0.11023968522095412]], "T": [0.05675930768647182, 0.011523686874826952, -0.011904009302234873], "aligned_model": [[-0.12656931966397988, 0.5401850207501923, 0.09880101588222935, -0.026527071344092948, -0.402850857001501, -0.14816537132133384, 0.3840248210342118, -0.6971472765290273, -0.31680845226904086, -0.34365950216142266, 0.672208269779226, 0.38070733608340485, 0.39595424493196324, 0.009657053881874794], [0.04707858597369195, 0.14512593322012174, -0.570661606223135, 0.6370172969170056, -0.4594850180747593, -0.7155605061643988, -0.5942586741294165, -0.15773388862450927, 0.44447850466359495, -0.2509660234584089, 0.020514813869641088, 0.610443950091659, -0.4849720267897012, -0.00752470292089644], [-0.5407973244161579, -0.6128918812698445, -0.6008016002756906, -0.23042735527104863, -0.34218194537072766, 0.19039861094739827, -0.06884617017496858, 0.1779225593771968, 0.5303324427570298, 0.636455774485199, 0.14570185308428366, 0.25865553845974676, 0.5758214545286972, 0.09455440619598338]], "inverted": false, "swapped": true, "error_lsq": 0.03580336224646995, "error_max": 0.25397991428118194, "target": "539.xyz", "model": "3.xyz", "model_rescale": 3.9243930471874484, "target_rescale": 4.087379438827326},
{"mapping": [5, 1, 7, 4, 14, 6, 3, 0, 9, 10, 11, 13, 15], "R": [[0.15498961399343641, 0.9525050816936269, -0.2621302899360984], [0.8986326440526993, -0.24615813423487898, -0.36313295635738985], [-0.4104114893579616, -0.17927699879744952, -0.8941041142423846]], "T": [0.04385063640189793, -0.02877911354319064, -0.01954603394162152], "aligned_model": [[-0.0018278388468673246, -0.2829351925726401, 0.5017908059231526, 0.35275700862162274, 0.8213855206726911, -0.5750978814839308, -0.16840885210941767, 0.2531867436921666, 0.2943624024824534, -0.3217988563185089, 0.061568259346405085, -0.5876199042951729, -0.07015632880060152], [-0.5407484323449467, 0.008652268271676242, -0.28717757178737274, -0.4958059194212937, -0.02179607518949593, -0.49334720210628413, -0.6627471017487745, 0.26108067989077866, 0.5523037697613216, 0.5261827442576805, 0.326144937580758, -0.044907202564353, -5.340918107228643e-06], [-0.5467794852523942, -0.7290400872152729, -0.6606611806179348, -0.052172572551656624, 0.07060463687777144, -0.20430699859533757, 0.29280763230598855, -0.6107119067306936, 0.0377637466372564, 0.14572571107140092, 0.6212076468516363, 0.4516311688629909, -0.028997996272791045]], "inverted": true, "swapped": true, "error_lsq": 0.04478296574492419, "error_max": 0.30359695331232517, "target": "539.xyz", "model": "4.xyz", "model_rescale": 3.8936222436046832, "target_rescale": 4.087379438827326},
{"mapping": [8, 0, 2, 10, 6, 4, 14, 12, 11, 9, 13, 15], "R": [[0.34601984302232536, -0.3484378562802408, -0.8711264710394443], [-0.8581600478094933, -0.4928499804950288, -0.14373666571080032], [-0.37925136859135244, 0.7973016725411282, -0.4695513202885347]], "T": [-0.20131197179390764, -0.03653368153015575, 0.06278293202590485], "aligned_model": [[0.007425907773599916, -0.4184979568910351, -0.23664681300805046, 0.3282337303032082, -0.6308898607518295, -0.5725601510331898, -0.17209459295751686, 0.016489037666433254, 0.4989833410600985, 0.24060480008940993, 0.1482153364768159, -0.1817147365128473], [-0.5115494713708602, -0.6644122863552004, 0.22028953616413582, -0.06765069769807049, 0.48553988589532676, 0.049559777722886805, -0.42853359651208967, 0.3692448788014412, 0.10597172206421891, -0.492689666902251, 0.5978744175115005, 0.005278405788769161], [-0.5988596580566703, -0.12673250348222842, -0.7003682747432651, -0.3703568208661764, -0.3566922380117122, 0.47432197138145527, 0.7397015489658727, 0.5463507247109625, 0.22442748164098233, 0.08092561379360608, -0.24766857805236625, -0.045764548004942174]], "inverted": true, "swapped": true, "error_lsq": 0.038126277647872554, "error_max": 0.22691269554577778, "target": "539.xyz", "model": "5.xyz", "model_rescale": 3.6523030999806103, "target_rescale": 4.087379438827326},
{"mapping": [14, 0, 8, 9, 10, 4, 1, 12, 5, 6, 2, 13, 15], "R": [[-0.261091595209839, 0.36684236071051435, 0.892892973037149], [-0.5676263741689485, 0.6898181656612965, -0.4493898059274346], [-0.7807890100780074, -0.6241615021066433, 0.028123673824453993]], "T": [0.1074095325854868, -0.18523200445156413, 0.04517781102341263], "aligned_model": [[0.1219461479727236, -0.16758584243162933, 0.25653048751859875, 0.5092462475624876, 0.6201607744591757, -0.24360145395462812, -0.38086756971582253, 0.3722825257182215, -0.620611777229502, -0.2876687202693906, 0.07288554241604572, 0.5008937950825338, 0.12747274753548096], [-0.7617706786377016, 0.12289211341259892, 0.5707450999997341, -0.08634593734053142, 0.2682061012967761, -0.6220522082286467, 0.4211883947409018, -0.7333795551144087, -0.1489275173058145, 0.09429600168365543, 0.5038376792588448, -0.0006377857007472953, -0.08722480390147827], [0.5744492409273947, 0.5990320035011067, 0.381695237497546, 0.5273050487854877, 0.023337182541576393, 0.021072373283972372, 0.11874185662524521, -0.22924501980568646, -0.05894315393949694, -0.5863557658125371, -0.37147257675720097, -0.6121791886635419, -0.017327498702076713]], "inverted": false, "swapped": true, "error_lsq": 0.04735396116603699, "error_max": 0.3074628254114915, "target": "539.xyz", "model": "6.xyz", "model_rescale": 4.08911054899281, "target_rescale": 4.087379438827326},
{"mapping": [8, 10, 9, 1, 5, 4, 0, 14, 6, 2, 3, 13, 12, 11, 15], "R": [[-0.4888017954560243, -0.26381570067068266, 0.8315492053021301], [0.6316613329736596, -0.7644755610490016, 0.128767530786119], [0.6017281489052235, 0.5881992796990244, 0.5403192039680268]], "T": [0.06154133398089871, 0.04481405693875908, -0.06927712394272162], "aligned_model": [[0.15824868576610346, 0.319468895434141, 0.619449252754254, -0.44286433018610755, -0.5708760785974354, -0.10210691768177584, 0.07868540206229611, 0.5347126335792317, -0.681538537423766, -0.39423457891097585, -0.32808339078274856, -0.060020651454399096, 0.2625404369817927, 0.6287726234766697, 0.014180094782273667], [-0.7220957537084968, -0.5522599115562987, -0.18725936357546785, -0.36709601574747974, 0.25237343572671167, 0.5733381315570278, -0.16200411285226882, 0.5775557874185125, -0.08062373755354427, -0.5889251256294971, 0.42751456409771993, -0.251239530631416, 0.4780323259177106, -0.04301776859136596, -0.05353410870273465], [-0.40015391433332775, 0.1451360613525895, -0.26569136687101186, -0.5022631698722415, -0.3841446186469855, -0.16138156197357464, -0.7282533908821325, -0.3933628724317497, 0.18597775885119422, 0.13134552245846445, 0.4269760463483814, 0.6508604132335885, 0.3974697259499613, 0.38611777097833233, -0.02456237207940809]], "inverted": false, "swapped": true, "error_lsq": 0.03644812705310125, "error_max": 0.2566995736910117, "target": "539.xyz", "model": "7.xyz", "model_rescale": 3.964800864290218, "target_rescale": 4.087379438827326},
{"mapping": [3, 13, 6, 12, 5, 11, 4, 2, 10, 0, 9, 7, 1, 15], "R": [[-0.24016475066256, 0.688231029559677, -0.6845866946489811], [0.1778157320667324, -0.6621047487935998, -0.7280102108174966], [-0.9543073184088877, -0.29657267503293494, 0.03663591755431689]], "T": [-0.0986868429862192, -0.025049346320999977, 0.1369273291496918], "aligned_model": [[-0.19941336587502012, 0.12616840818683722, 0.4401204847628851, -0.6090010375583531, 0.17743048230323077, -0.4406235791251657, -0.38977619864219987, 0.6534720827836754, 0.17178668133261743, 0.12109296986089589, -0.2527967757586931, -0.12281499814338913, 0.5837956084829391, 0.0017471268506127208], [0.042072294187463555, -0.6041537776513062, 0.12125718397126914, -0.21719673395413475, 0.6240072791452691, -0.6725086811729161, 0.39924005974546545, -0.2572609765603323, -0.616767850386472, 0.3028943839095449, -0.3028721997171434, 0.7620850258474245, 0.312512453906942, -0.08235999508987175], [-0.5910034136500806, -0.3479451170668449, -0.42993989826931184, -0.2485465793226998, -0.0743992860453527, 0.1638708603010819, -0.08633745121630898, -0.03610789763950242, 0.3507268834738351, 0.7039080505881321, 0.6871658809760537, 0.3964362994409863, 0.3153695675837024, 0.11361713957133118]], "inverted": false, "swapped": true, "error_lsq": 0.04186988015903852, "error_max": 0.2909423891792403, "target": "539.xyz", "model": "8.xyz", "model_rescale": 4.121658175737393, "target_rescale": 4.087379438827326},
{"mapping": [13, 3, 12, 11, 6, 2, 4, 0, 14, 5, 10, 9, 15], "R": [[-0.24507592636478565, -0.8820922723509594, 0.402307113254493], [-0.5603095305304926, 0.4675109776606579, 0.6837300020940102], [-0.7911959430590766, -0.05785074611011631, -0.6088203929414336]], "T": [0.037292092020587427, -0.028807822240789913, 0.025495915299746465], "aligned_model": [[-0.538671600921151, -0.23453359680752833, 0.21335875023213646, 0.17237657311618487, -0.6594962326924527, -0.727991282494572, 0.2681738048925221, 0.226749260966387, 0.8122508602676488, -0.13726166140723428, -0.22289031369991763, 0.37618421425715626, -0.07151127927398238], [0.2895779410251416, -0.39503495235555475, -0.010871401120723365, 0.5737599715297554, -0.406540511581789, 0.10008895712327366, -0.5042086084962127, -0.09005537016765734, -0.12018173656974641, -0.709695603238943, 0.5946967412607497, 0.45667895211634335, 0.012173059887073186], [-0.40800085011954623, -0.5546099348792254, -0.6184063649669467, -0.3688573686434434, -0.04422808853547069, 0.24305845229538964, -0.1623588219771561, 0.6870638360935835, -0.03635970553646816, 0.24480627877608932, 0.1374965397907734, 0.25604437999770085, 0.04542708166380924]], "inverted": false, "swapped": true, "error_lsq": 0.038323940101808965, "error_max": 0.23123401518268263, "target": "539.xyz", "model": "9.xyz", "model_rescale": 3.833441315466971, "target_rescale": 4.087379438827326},
{"mapping": [2, 8, 11, 14, 9, 10, 0, 4, 3, 12, 6, 5, 1, 13, 15], "R": [[-0.39626567647367156, -0.06798764541667407, 0.9156151995896314], [-0.37962062091385135, 0.9201510289717945, -0.09597014149791691], [-0.8359794840938656, -0.3856160836283218, -0.3904337821210016]], "T": [-0.10132398773528897, 0.11762926791859407, 0.048591100970042614], "aligned_model": [[0.24778697120759394, -0.18553796101210926, -0.7588076922209753, -0.44878016651367847, -0.6203574188094004, -0.44668792516618927, 0.007890373075856244, 0.12033759823206477, 0.20123077546993004, -0.36300748343675615, 0.5564027109103544, 0.5988214454971841, 0.4499890103364218, -0.16261279556488636, -0.07282242371087783], [-0.6027521153105411, -0.5156258427830538, -0.007428423576869153, 0.7760999391400057, 0.023548685457644977, -0.4735403436499105, 0.09430546062755976, 0.6242932148291239, 0.3004576590252008, 0.43734367643301625, -0.17064364468537185, 0.31149582300049383, -0.23209842228658573, -0.36984707972323994, 0.00549295279750496], [0.14228571974069038, -0.4981066139059944, 0.34679577533439887, -0.19312563717974873, -0.3055995462745277, 0.03312481763165229, -0.6332047762700266, 0.14218309547709415, 0.696332336355013, 0.5732202794711618, 0.39115745733261853, -0.07135200979854121, -0.3818928346823267, 0.6647352464352971, 0.07156859815533169]], "inverted": true, "swapped": true, "error_lsq": 0.04717768795947749, "error_max": 0.3157192587957028, "target": "539.xyz", "model": "10.xyz", "model_rescale": 4.2482417240324, "target_rescale": 4.087379438827326},
{"mapping": [13, 12, 4, 14, 2, 1, 6, 0, 9, 8, 10, 15], "R": [[-0.25109067249215355, -0.9381051554221609, -0.2385627623033436], [-0.47817681500597553, 0.33449911119424425, -0.8120697495911307], [0.841605850608335, -0.08982795767813123, -0.532569742138245]], "T": [0.06908417486920056, -0.07288359052509458, 0.018742903089845706], "aligned_model": [[-0.7070697816181574, -0.05593882105316665, 0.39654651374209016, 0.7011638895102869, -0.5106219667291666, 0.12513425787870674, -0.337136131948333, 0.5109884286125163, 0.20583434841323506, -0.043882079038780705, -0.3800939994091879, -0.0281590559970364], [-0.19389420750726738, -0.7135667191337072, -0.2874492291442683, -0.5047285454006727, 0.4820446415472442, 0.6965427153002355, 0.2686496518340778, 0.40411306403460184, -0.11069558317894598, 0.5591140320241426, 0.0723427056662507, -0.006341135991051891], [0.08170782882726281, 0.15954669947297417, 0.42040405203528397, -0.14472443866251816, 0.09358892627024377, 0.14685787525326838, 0.6115308056795509, -0.21473561172021643, -0.6005853752985263, -0.524212021876873, -0.4773873776697669, 0.013200927543673684]], "inverted": false, "swapped": true, "error_lsq": 0.0409463349062145, "error_max": 0.2457100970125988, "target": "539.xyz", "model": "11.xyz", "model_rescale": 3.6694154284099745, "target_rescale": 4.087379438827326},
{"mapping": [9, 14, 4, 7, 0, 11, 10, 13, 5, 6, 3, 1, 12, 15], "R": [[0.5916338420899172, 0.0918469497376368, 0.8009578857329611], [-0.6668901751466074, 0.614011052277877, 0.4221941756745844], [-0.45301974701645253, -0.7839353069638504, 0.42452154634204753]], "T": [0.028790947891993678, 0.0009571952350140162, -0.05614878570897039], "aligned_model": [[0.09197211816339426, -0.08154754909353681, -0.05079514819265516, 0.5836723458435049, 0.6622303714840689, -0.5193138109413663, -7.41510425456629e-05, -0.41489084332905973, 0.43275933255598575, 0.12668954240384714, -0.40768361706921674, 0.73906883100626, -0.6116199328375165, 0.0477973613046454], [-0.44355628168409905, 0.2636900106372058, 0.544556274378568, 0.5414076116414381, -0.05694758705077159, -0.4502681718333376, -0.6715222279773376, -0.3193955204923435, 0.559465255637117, 0.2308052990077536, 0.42839219725807065, -0.002313839127703901, 0.17197561203549577, -0.06530134429380142], [-0.5057194494813086, -0.7852120794809468, -0.16914334173983375, -0.3519993814417084, -0.32581325805055794, -0.2373313376763244, 0.07008590151929084, 0.5108994672038559, 0.2027962071646147, 0.6992604445422106, 0.3577637491801242, 0.27106143278479233, -0.1371298626796777, 0.03957696780788389]], "inverted": true, "swapped": true, "error_lsq": 0.039186173820651794, "error_max": 0.2736649176762835, "target": "539.xyz", "model": "12.xyz", "model_rescale": 3.9764082729961374, "target_rescale": 4.087379438827326},
{"mapping": [1, 8, 7, 14, 13, 11, 3, 10, 2, 9, 0, 5, 6, 4, 12, 15], "R": [[-0.3235232446009034, -0.6900953885925589, -0.6473801548133747], [0.3545945422671192, -0.7227391153321131, 0.5932207698347445], [-0.8772658780536698, -0.03763676144728306, 0.47852696203086]], "T": [-0.01268813382124624, 0.025458342232661753, -0.013438999053498747], "aligned_model": [[-0.5500827797475245, -0.1380084979528134, -0.14619589392771765, 0.7566997963810779, 0.3748190662893999, 0.3724575336284248, 0.38518287295932696, -0.21152144134706635, -0.6418117994475682, -0.47905747430155915, -0.4826912504870374, -0.0950546882460143, 0.6255664301582707, 0.15243234146065976, -0.20666560504783438, 0.0520150691133411], [-0.23176349906470733, 0.09617812444368443, 0.7524276482378642, -0.017620052782910615, -0.44428684200755697, -0.2520991657129292, 0.458705345938063, -0.5274007249054485, 0.3541197405837163, -0.030769551649422126, 0.5135181049380556, 0.10719757240665484, 0.028566295008119753, 0.6118667185696682, -0.5659472295984425, 0.1109605502475787], [-0.23336284303217358, -0.7054985018323464, -0.1706808670170192, -0.22555807956474147, 0.04704387399689002, -0.6499681369389463, -0.6154681869317249, -0.5620363620254569, -0.3773684049675422, 0.3618438126061416, 0.24733422015173054, 0.8168370723814625, 0.40641842661394567, 0.3669872968090523, 0.12736485462931355, -0.023006795437692407]], "inverted": true, "swapped": false, "error_lsq": 0.04327661696937365, "error_max": 0.2524068246515593, "target": "539.xyz", "model": "13.xyz", "model_rescale": 4.170626492500431, "target_rescale": 4.087379438827326},
{"mapping": [13, 10, 12, 9, 3, 7, 14, 2, 6, 8, 1, 0, 5, 15], "R": [[0.5405314491377395, 0.688322732525541, -0.4837742948748184], [0.5479243299327959, -0.724360862018508, -0.41842594355931195], [-0.6384392540882428, -0.03889932472905472, -0.7686885984420946]], "T": [-0.11077829526167421, 0.054850354647045615, -0.04683231525295971], "aligned_model": [[0.4030129140654753, -0.08150307822543906, -0.16949792750358303, -0.6186594704643913, 0.35771324588576564, -0.32435702400275407, -0.7956002147655847, 0.5263730127681947, 0.6700543367652114, -0.1584082063959531, 0.2158161415572452, -0.38310273136855805, 0.22669610809144736, -0.02535408431543275], [-0.37618981464148643, -0.6289336136079025, 0.18548278471580248, -0.31507199077182263, 0.38405193266827053, 0.6731969440072156, 0.4090985413871711, -0.3524161192314493, 0.18198952381448807, -0.5283166504381356, 0.0602058037867637, 0.0850932286849904, 0.6005394203586374, -0.022655522806877534], [-0.4606512142225003, -0.022761352141106875, -0.6990734538456829, 0.04757130437464681, -0.512317342136184, 0.4626175992998899, -0.18197506677942443, 0.23205603243141826, 0.037981735407178654, 0.5570137377446789, 0.6637162692908883, 0.5873933266793767, 0.3144275487240945, -0.022126023706407236]], "inverted": false, "swapped": true, "error_lsq": 0.04108644430762335, "error_max": 0.23174305159871456, "target": "539.xyz", "model": "14.xyz", "model_rescale": 3.9786697098870705, "target_rescale": 4.087379438827326},
{"mapping": [1, 4, 2, 8, 6, 13, 14, 12, 10, 9, 3, 15], "R": [[0.5052015759657881, -0.8374474027776322, -0.2084543480541543], [-0.8620540558562648, -0.4783895864379387, -0.16735055533072507], [0.04042489855829315, 0.26424468049278926, -0.963608103124821]], "T": [-0.07123646278273915, -0.08169910475443001, 0.037067945291227575], "aligned_model": [[0.08188250644440159, -0.624443377742971, 0.48928667364363837, 0.5635041013508502, -0.02551333827596279, 0.3975172470073236, -0.5713034999112023, -0.2945400045764832, 0.6015290615220075, 0.19722312262764669, -0.35628695364507734, 0.024499058323165304], [-0.34380786454860457, 0.009010278226011803, 0.15613510132771113, -0.569509941880416, 0.42397006525183223, 0.5499388989084546, -0.4568216278029896, 0.33866136937304936, -0.1157285777247217, -0.5309711587938061, 0.596038676894559, -0.04224072900664123], [-0.6836438398877017, 0.01874876660284265, -0.4909994599628106, -0.22008458415642113, -0.5755212132436895, 0.085301827089434, 0.5081862463697088, 0.505430977439065, 0.16045963511051192, 0.39732055891784257, -0.0257972305654542, -0.0194351898394977]], "inverted": true, "swapped": true, "error_lsq": 0.04919448411932518, "error_max": 0.21162215073253982, "target": "539.xyz", "model": "15.xyz", "model_rescale": 3.769337070930944, "target_rescale": 4.087379438827326},
{"mapping": [2, 3, 8, 10, 1, 5, 0, 4, 9, 11, 15], "R": [[0.23677728728940672, 0.7841188830717575, 0.5736672323169326], [0.97010818487486, -0.22312028664382116, -0.09543294675731166], [0.05316602169313189, 0.5791156317163947, -0.813509962593604]], "T": [-0.0023862535665456434, -0.07120710366574684, 0.12413249066448784], "aligned_model": [[-0.35359029510565115, -0.25172273729302735, -0.003376489383698217, -0.4626227525959924, 0.3162301142784705, 0.46100425097154923, 0.5192794488990689, 0.3057669590193535, 0.003648690652113184, -0.53908537297814, -0.07290568577287568], [0.11154174941973996, -0.7580009134061685, 0.7006280305100667, 0.4308000068928561, 0.17047929346909732, -0.41785327215122076, 0.36095187073749607, -0.5227576947872491, 0.46247440339880336, 0.09453241980780674, -0.036731396265886264], [-0.5779109969103602, 0.020788917395533277, -0.2094120566756481, 0.05224236095354992, -0.5479115507309027, -0.3311475252100567, -0.01159116434555757, 0.24961291327749252, 0.46887224994657517, 0.594594754040336, 0.03607970548281518]], "inverted": true, "swapped": true, "error_lsq": 0.04066034982151274, "error_max": 0.1904055253652368, "target": "539.xyz", "model": "16.xyz", "model_rescale": 3.7852294659196426, "target_rescale": 4.087379438827326},
{"mapping": [6, 8, 10, 2, 5, 0, 14, 9, 13, 3, 4, 11, 15], "R": [[-0.46621906687495474, -0.5428271221159225, -0.6985545770930084], [-0.44668656071092294, 0.8260172313356403, -0.3437537636402696], [0.7636169839405704, 0.15177038259142894, -0.6275785630545055]], "T": [-0.040397736762724554, 0.18387611640826307, 0.026314755908236728], "aligned_model": [[0.056996548756042556, -0.32004864107865844, 0.2414831045643963, 0.07939952661977227, -0.48711927016950163, -0.6744838747096789, -0.2741185726093447, -0.10821920147712417, 0.6469087809913225, 0.35115175300026913, -0.18087814988383627, 0.5263259883017374, -0.0036321420891129857], [-0.1563718864225473, -0.5127654025929548, -0.3211560600455149, -0.5595526327871864, 0.21205689984535425, 0.011314297895821973, 0.8393951652852374, 0.12697150366750945, -0.156977587150324, 0.42369910961256907, 0.6463212052773337, 0.24737096977130535, 0.07475004134627], [-0.686288247510873, 0.4050869640947167, 0.39303352673843206, -0.2610331013997177, -0.5583389310826389, 0.23956245993031253, 0.38465223647985575, 0.6554888074528802, -0.15382857283225457, -0.5513601027689526, -0.2583103809622192, 0.48636138259363393, 0.0007286564099988936]], "inverted": true, "swapped": true, "error_lsq": 0.039320561746295724, "error_max": 0.27830685089013746, "target": "539.xyz", "model": "17.xyz", "model_rescale": 3.901054581598922, "target_rescale": 4.087379438827326},
{"mapping": [2, 8, 13, 6, 9, 12, 0, 1, 11, 4, 14, 7, 5, 3, 15], "R": [[-0.22921036332564104, -0.21834940370063238, -0.9485705810574698], [0.964007098215812, 0.08396846700609517, -0.2522689262239331], [0.13473278715167133, -0.9722514255336552, 0.19124393222823532]], "T": [-0.04657382948423974, 0.00066413543118473, 0.036203120921470947], "aligned_model": [[0.14273085554016404, 0.2279613788684585, -0.5026080168331312, 0.2272271261032782, -0.21580432413469317, -0.5778874926487817, 0.47676207689702044, 0.6441644130553317, -0.7436869106341236, 0.07363095014856788, -0.14038468662347572, 0.6298916449095862, 0.5694703507703706, -0.23013826217051603, -0.04224289215902128], [0.09544097990684475, -0.6233572242562673, 0.2896242678458761, 0.5847739303251263, -0.6073624756964682, 0.3114291979858563, -0.44231029731624255, -0.06920084465932452, -0.21858757669836013, 0.34104567656869866, -0.21896636810250383, -0.011183181191791743, 0.39638266275941675, 0.7153907115417346, 0.0056378908145105515], [-0.7414777689831004, -0.4559454156039059, -0.5378682834442441, -0.429528749356183, 0.10943257541396509, 0.2951668193409452, 0.12111823052919399, -0.3237572419577194, -0.01682813870080936, 0.46549660169494567, 0.7816549084518057, 0.5155377602121106, 0.1141173929135497, 0.03412134170646882, -0.08157362736504625]], "inverted": false, "swapped": true, "error_lsq": 0.030898387605398123, "error_max": 0.20311598580628887, "target": "539.xyz", "model": "18.xyz", "model_rescale": 3.9405287249114394, "target_rescale": 4.087379438827326},
{"mapping": [11, 5, 8, 1, 3, 2, 6, 10, 9, 13, 7, 4, 12, 0, 14, 15], "R": [[0.15973883818015444, 0.9543203268904905, 0.25249993516926245], [0.5411808925379483, -0.29858005457787234, 0.7861127098324414], [0.8255947826438124, 0.011075409333388464, -0.5641547572957386]], "T": [-0.015406664632373909, 0.05043886600821826, 0.03577204425537478], "aligned_model": [[-0.5461956016215862, -0.24455963510830123, -0.03737979979633701, 0.6327790927433132, 0.5608361702678882, 0.24736808306856575, 0.35107732340981623, 0.013699050071175828, -0.7098636110231161, -0.5565698879979033, -0.4693192007586592, 0.08387672043275533, 0.2193324712354667, 0.40786711052268104, -0.1766137438783394, -0.00825086208205449], [-0.300534234482428, 0.35517836732474506, 0.7522100751327703, 0.061623498287265904, -0.5767493870237058, -0.06743892716924596, 0.45810235453321513, -0.5676584937812569, 0.2917237127411248, -0.2102856593365576, 0.5398229753907763, 0.47760035923938515, -0.17498448855690987, 0.5836379486298919, -0.6939212178961006, 0.03532615161901829], [-0.30230219167759426, -0.7030685307121081, -0.24584206567324213, -0.0877170318425852, 0.03854429223081016, -0.7842154805639754, -0.4719517214130656, -0.4490088837310731, -0.18450282790043565, 0.3365958015158983, 0.25958480522441985, 0.6208710929356875, 0.47647706069836543, 0.1317528106273133, 0.17605499107046602, -0.00039074134798755544]], "inverted": true, "swapped": false, "error_lsq": 0.04347054954169595, "error_max": 0.33623835649962164, "target": "539.xyz", "model": "19.xyz", "model_rescale": 4.410303926677745, "target_rescale": 4.087379438827326},
{"mapping": [3, 13, 6, 12, 5, 11, 4, 2, 10, 0, 9, 7, 1, 15], "R": [[-0.24016475066256, 0.688231029559677, -0.6845866946489811], [0.1778157320667324, -0.6621047487935998, -0.7280102108174966], [-0.9543073184088877, -0.29657267503293494, 0.03663591755431689]], "T": [-0.0986868429862192, -0.025049346320999977, 0.1369273291496918], "aligned_model": [[-0.19941336587502012, 0.12616840818683722, 0.4401204847628851, -0.6090010375583531, 0.17743048230323077, -0.4406235791251657, -0.38977619864219987, 0.6534720827836754, 0.17178668133261743, 0.12109296986089589, -0.2527967757586931, -0.12281499814338913, 0.5837956084829391, 0.0017471268506127208], [0.042072294187463555, -0.6041537776513062, 0.12125718397126914, -0.21719673395413475, 0.6240072791452691, -0.6725086811729161, 0.39924005974546545, -0.2572609765603323, -0.616767850386472, 0.3028943839095449, -0.3028721997171434, 0.7620850258474245, 0.312512453906942, -0.08235999508987175], [-0.5910034136500806, -0.3479451170668449, -0.42993989826931184, -0.2485465793226998, -0.0743992860453527, 0.1638708603010819, -0.08633745121630898, -0.03610789763950242, 0.3507268834738351, 0.7039080505881321, 0.6871658809760537, 0.3964362994409863, 0.3153695675837024, 0.11361713957133118]], "inverted": false, "swapped": true, "error_lsq": 0.04186988015903852, "error_max": 0.2909423891792403, "target": "539.xyz", "model": "20.xyz", "model_rescale": 4.121658175737393, "target_rescale": 4.087379438827326},
{"mapping": [14, 0, 8, 9, 10, 4, 1, 12, 5, 6, 2, 13, 15], "R": [[-0.261091595209839, 0.36684236071051435, 0.892892973037149], [-0.5676263741689485, 0.6898181656612965, -0.4493898059274346], [-0.7807890100780074, -0.6241615021066433, 0.028123673824453993]], "T": [0.1074095325854868, -0.18523200445156413, 0.04517781102341263], "aligned_model": [[0.1219461479727236, -0.16758584243162933, 0.25653048751859875, 0.5092462475624876, 0.6201607744591757, -0.24360145395462812, -0.38086756971582253, 0.3722825257182215, -0.620611777229502, -0.2876687202693906, 0.07288554241604572, 0.5008937950825338, 0.12747274753548096], [-0.7617706786377016, 0.12289211341259892, 0.5707450999997341, -0.08634593734053142, 0.2682061012967761, -0.6220522082286467, 0.4211883947409018, -0.7333795551144087, -0.1489275173058145, 0.09429600168365543, 0.5038376792588448, -0.0006377857007472953, -0.08722480390147827], [0.5744492409273947, 0.5990320035011067, 0.381695237497546, 0.5273050487854877, 0.023337182541576393, 0.021072373283972372, 0.11874185662524521, -0.22924501980568646, -0.05894315393949694, -0.5863557658125371, -0.37147257675720097, -0.6121791886635419, -0.017327498702076713]], "inverted": false, "swapped": true, "error_lsq": 0.04735396116603699, "error_max": 0.3074628254114915, "target": "539.xyz", "model": "21.xyz", "model_rescale": 4.08911054899281, "target_rescale": 4.087379438827326},
{"mapping": [4, 7, 12, 5, 8, 6, 10, 0, 3, 2, 14, 15, 11, 9, 1, 16], "R": [[0.44269899655214845, -0.8471062435467707, 0.29398743271745503], [-0.8083558964581548, -0.5189241784385035, -0.27799000286567377], [0.38804425406524706, -0.11458057940158713, -0.9144905399789233]], "T": [-0.021165546528871572, 0.0602240021613376, -0.07347707692723927], "aligned_model": [[-0.6639462486899664, -0.017185440586717955, -0.14280319304698708, 0.6555116945272083, 0.4890229350796642, 0.35678882112889054, 0.4981975349229073, -0.2643149044884926, -0.8068158881623806, -0.5527942624509623, -0.2963009102578289, -0.15044541350530186, 0.4276199784019934, 0.3230486906268138, -0.035170720213326456, -0.05232899380014795], [-0.1649505118369459, 0.1794304680656924, 0.7370461585382713, 0.24849828725704862, -0.40565973470050937, -0.30130948915745115, 0.465821305317461, -0.4897782664963507, 0.4262369367356685, -0.2423451320208453, 0.5664608031110088, 0.07169883821868406, -0.17355073040206492, 0.6624559768447567, -0.664084178756352, 0.047682303933915655], [-0.22321549231449234, -0.7745977264967101, -0.34196461410708034, -0.007221820859523442, -0.014978572487456474, -0.6045214810731047, -0.539189677693344, -0.5617959198715746, -0.01809751652888776, 0.3100286685584391, 0.20909577905337506, 0.6439224366118952, 0.5008346479103135, 0.08894465551875362, 0.2508374238768646, -0.10719941065657426]], "inverted": true, "swapped": false, "error_lsq": 0.04000677674892534, "error_max": 0.2662358034045271, "target": "539.xyz", "model": "22.xyz", "model_rescale": 4.204369325754507, "target_rescale": 4.087379438827326},
{"mapping": [11, 5, 8, 1, 3, 2, 6, 10, 9, 13, 7, 4, 12, 0, 14, 15], "R": [[0.15973883818015444, 0.9543203268904905, 0.25249993516926245], [0.5411808925379483, -0.29858005457787234, 0.7861127098324414], [0.8255947826438124, 0.011075409333388464, -0.5641547572957386]], "T": [-0.015406664632373909, 0.05043886600821826, 0.03577204425537478], "aligned_model": [[-0.5461956016215862, -0.24455963510830123, -0.03737979979633701, 0.6327790927433132, 0.5608361702678882, 0.24736808306856575, 0.35107732340981623, 0.013699050071175828, -0.7098636110231161, -0.5565698879979033, -0.4693192007586592, 0.08387672043275533, 0.2193324712354667, 0.40786711052268104, -0.1766137438783394, -0.00825086208205449], [-0.300534234482428, 0.35517836732474506, 0.7522100751327703, 0.061623498287265904, -0.5767493870237058, -0.06743892716924596, 0.45810235453321513, -0.5676584937812569, 0.2917237127411248, -0.2102856593365576, 0.5398229753907763, 0.47760035923938515, -0.17498448855690987, 0.5836379486298919, -0.6939212178961006, 0.03532615161901829], [-0.30230219167759426, -0.7030685307121081, -0.24584206567324213, -0.0877170318425852, 0.03854429223081016, -0.7842154805639754, -0.4719517214130656, -0.4490088837310731, -0.18450282790043565, 0.3365958015158983, 0.25958480522441985, 0.6208710929356875, 0.47647706069836543, 0.1317528106273133, 0.17605499107046602, -0.00039074134798755544]], "inverted": true, "swapped": false, "error_lsq": 0.04347054954169595, "error_max": 0.33623835649962164, "target": "539.xyz", "model": "23.xyz", "model_rescale": 4.410303926677745, "target_rescale": 4.087379438827326},
{"mapping": [7, 11, 10, 15, 6, 14, 9, 13, 1, 0, 3, 2, 5, 4, 12, 16], "R": [[0.39042666201368303, 0.10644867748758777, -0.9144592394688772], [-0.39136978216389817, 0.9182620884122342, -0.06020324404702346], [0.8333046952932862, 0.38139666496437286, 0.4001747977524543]], "T": [0.024937268065563067, 0.08097810671672395, -0.1641334239105551], "aligned_model": [[-0.5474335618049804, -0.17382797208725123, -0.025516206251529096, 0.7332242330587114, 0.4508992456930848, 0.36252539104778336, 0.3944025611065746, -0.014061201371137713, -0.7668454254748949, -0.45602488753707837, -0.437361153463547, -0.16018672379390964, 0.3524629840100756, 0.20001756046569563, -0.0886526214786375, -0.05553854263359395], [-0.22619751800151333, 0.21913268745180034, 0.7193854415885643, 0.03390975057744348, -0.5474120431294198, -0.17533011729546633, 0.419383298030658, -0.5804893687850399, 0.4029647351266713, -0.12554602972463014, 0.6076512123736677, 0.23499965147528806, -0.09119607278707242, 0.503818573009526, -0.573895841109741, 0.14247467585125134], [-0.3054333367716886, -0.7490498091654667, -0.28107130479944265, -0.2378106653483953, -0.12438039947480645, -0.6918552668730137, -0.5401617570960789, -0.39892380289584334, -0.23989704912311535, 0.3803011424345486, 0.3999114270219081, 0.7161508611738598, 0.34447742018850813, 0.35010115706345935, 0.28798744956822464, -0.09946468646176458]], "inverted": true, "swapped": false, "error_lsq": 0.03583417429892129, "error_max": 0.24109586795740598, "target": "539.xyz", "model": "24.xyz", "model_rescale": 4.28219845311461, "target_rescale": 4.087379438827326},
{"mapping": [10, 14, 2, 7, 9, 12, 13, 11, 6, 8, 0, 1, 3, 4, 5, 15], "R": [[-0.868322134628557, 0.4955348251276387, -0.021492035730171943], [-0.3883105517549238, -0.6521972762471833, 0.6510404198293239], [0.30859615342692315, 0.57365839132839, 0.7587387324689778]], "T": [0.05021111407403406, 0.06420310625948968, -0.08809502777529034], "aligned_model": [[-0.6256442908015458, -0.3404170161277042, -0.10745927827608179, 0.8181051334115172, 0.517417968159934, 0.2590544621124121, 0.41903768766826305, -0.06969817897388589, -0.7899759245918727, -0.5358591484164801, -0.3080771528966754, -0.11446365128238459, 0.4335913007269117, 0.34887815606224554, -0.15910621881087683, 0.02269983152158917], [-0.24369919658054096, 0.14192489403192643, 0.668064318282527, 0.17580951026107514, -0.4241055695544989, -0.21124313177052517, 0.3060976839973999, -0.37530231316565144, 0.39021038854981016, -0.19622879186640513, 0.695580079804988, -0.0024473620486255426, -0.029537302032504584, 0.6045499262654533, -0.6605678484392156, 0.12454774891677502], [-0.36759540780034605, -0.7373358247798989, -0.3696473468531988, -0.029539145049598065, -0.07600881667274405, -0.7699555165618586, -0.48605285067709425, -0.38631276531830333, -0.08955342158886505, 0.17769235114189535, 0.2841237345990144, 0.5269800372174216, 0.5784465787243187, 0.3036598511543366, 0.3070935326527874, -0.05511361074697409]], "inverted": true, "swapped": false, "error_lsq": 0.03832106490843258, "error_max": 0.29015497679503865, "target": "539.xyz", "model": "25.xyz", "model_rescale": 4.100010024507729, "target_rescale": 4.087379438827326},
{"mapping": [13, 12, 4, 14, 2, 1, 6, 0, 9, 8, 10, 15], "R": [[-0.25109067249215355, -0.9381051554221609, -0.2385627623033436], [-0.47817681500597553, 0.33449911119424425, -0.8120697495911307], [0.841605850608335, -0.08982795767813123, -0.532569742138245]], "T": [0.06908417486920056, -0.07288359052509458, 0.018742903089845706], "aligned_model": [[-0.7070697816181574, -0.05593882105316665, 0.39654651374209016, 0.7011638895102869, -0.5106219667291666, 0.12513425787870674, -0.337136131948333, 0.5109884286125163, 0.20583434841323506, -0.043882079038780705, -0.3800939994091879, -0.0281590559970364], [-0.19389420750726738, -0.7135667191337072, -0.2874492291442683, -0.5047285454006727, 0.4820446415472442, 0.6965427153002355, 0.2686496518340778, 0.40411306403460184, -0.11069558317894598, 0.5591140320241426, 0.0723427056662507, -0.006341135991051891], [0.08170782882726281, 0.15954669947297417, 0.42040405203528397, -0.14472443866251816, 0.09358892627024377, 0.14685787525326838, 0.6115308056795509, -0.21473561172021643, -0.6005853752985263, -0.524212021876873, -0.4773873776697669, 0.013200927543673684]], "inverted": false, "swapped": true, "error_lsq": 0.0409463349062145, "error_max": 0.2457100970125988, "target": "539.xyz", "model": "26.xyz", "model_rescale": 3.6694154284099745, "target_rescale": 4.087379438827326},
