[{"mapping": [6, 3, 5, 9, 10, 11, 2, 4, 0, 1, 7, 12], "R": [[-0.22768393000669207, 0.5861634269779163, 0.7775425807569724], [-0.12773643987198807, -0.8095947716786761, 0.5729220781217829], [0.9653203768415634, 0.031124629219595135, 0.2592061486739946]], "T": [-0.13601338208478816, -0.0012522538722734428, -0.012569760573992332], "aligned_model": [[-0.2956333479297427, -0.04250985457829928, 0.49923179681032415, -0.29271036771619857, 0.24694852636207884, -0.6409733046792239, 0.5352134220491169, -0.15052919868236755, 0.4940327390662653, 0.008264992547132866, -0.5176477777823718, -0.00604516300616556], [-0.2886257992851058, -0.6462197553572563, -0.36594450016772895, 0.7419681207225552, 0.323660198186944, -0.4584150556339807, -0.36312386118091167, -0.5643884610887219, 0.29036499174641417, 0.4332055824810115, 0.010630371408079278, -0.05955679585424206], [-0.5618932156220902, 0.03841555366658087, -0.47398902803925697, -0.13035802562621734, -0.6247658246662047, 0.012822682419426946, 0.33459975862553437, 0.6550062593273429, -0.047279658442080395, 0.44193861333478535, 0.5342898133769922, 0.0031648169987494625]], "inverted": true, "swapped": true, "error_lsq": 0.059176069806466704, "error_max": 0.37775922632297954, "target": "54.xyz", "model": "0.xyz", "model_rescale": 3.751011558992144, "target_rescale": 4.01572824152107},
{"mapping": [5, 13, 10, 6, 11, 4, 1, 12, 3, 2, 8, 7, 14], "R": [[-0.6301094041859435, -0.5986313053748434, -0.4945732493591281], [-0.16867255640489892, 0.7272318862808428, -0.6653445365314451], [0.7579655054633234, -0.33581891519331986, -0.5592083231910181]], "T": [0.01936079839899038, -0.08007796065453325, -0.04864453070588349], "aligned_model": [[0.059039943935263975, -0.33213964055459766, -0.0971255397990686, -0.11315909091770718, -0.6294179290385672, 0.5445321330451007, 0.4526293116025487, -0.644279751070785, -0.19240180495324458, 0.32567611931415186, 0.6182782153766951, -0.15648190874353862, -0.035341393777140975], [0.07223505033234447, 0.4368110163677326, -0.7773197770704214, -0.6026875994369844, -0.5192025395882469, -0.6650334531344452, -0.21467704993172187, 0.14712467044403976, 0.6127426851674274, 0.6356546386095361, -0.05153005612254942, -0.034237181442445766, -0.0783244918401098], [-0.653055284324019, -0.4184761479979816, -0.46426278172855073, 0.47389100842739573, 0.1029693074734459, -0.1358002017400437, 0.48036116876054524, 0.19617231838451585, 0.19335142392373483, -0.32727667621578166, -0.33307588785108233, 0.5890505289450907, -0.05154417923802107]], "inverted": false, "swapped": false, "error_lsq": 0.042083460955542946, "error_max": 0.25665391950542293, "target": "54.xyz", "model": "1.xyz", "model_rescale": 3.9405287249114394, "target_rescale": 4.01572824152107},
{"mapping": [2, 5, 8, 3, 10, 4, 7, 11, 6, 0, 1, 3, 12], "R": [[0.6042552105085229, 0.5969979920269848, -0.5277016563258534], [-0.4413002940158781, 0.8021784452349462, 0.4021986977874792], [0.6634227091943721, -0.010155762708562166, 0.7481758946992393]], "T": [-0.011524343273425431, -0.06692004801476348, -0.06687780747508473], "aligned_model": [[0.12996363497022712, -0.3438236360113236, -0.280509523468103, -0.06538525773840508, -0.6782330483743366, 0.3966247011665354, 0.45047092364306324, -0.626004259183557, -0.029399940908304684, 0.1568848832889047, 0.7344186283503936, -0.06538525773840508, 0.020186816422421105], [0.045205707277098856, 0.3159108142983471, -0.7753571640464554, -0.37195745079022224, -0.4983658280545735, -0.6370149073366764, -0.08633521492490683, 0.28615505368125616, 0.33476533660501173, 0.7368310023449862, 0.07041940720560139, -0.37195745079022224, -0.08674339311508975], [-0.723824224265955, -0.5875446791725665, -0.22952342092376726, 0.4135916123321387, 0.21744799286824776, -0.05678173000482897, 0.5773995224044902, 0.006379919370660098, 0.29875179770135996, -0.23585286400756722, -0.29476657306712917, 0.4135916123321387, -0.14656436874797346]], "inverted": false, "swapped": false, "error_lsq": 0.05392455374727793, "error_max": 0.40089638601531596, "target": "54.xyz", "model": "2.xyz", "model_rescale": 3.932901565614263, "target_rescale": 4.01572824152107},
{"mapping": [7, 3, 4, 6, 2, 5, 12, 1, 11, 8, 9, 10, 13], "R": [[0.22691301798749142, 0.27341317059973147, -0.9347490146613745], [-0.10045954504840593, -0.9480943374515413, -0.3017035085990717], [-0.9687199606059925, 0.16236491442095782, -0.18766798471928908]], "T": [-0.0950588660077343, -0.001721687659706178, -0.10312885686076483], "aligned_model": [[0.23683255502171366, -0.31677620032094733, -0.27089357969801586, -0.06677920963079786, -0.6321000367214473, 0.3841579507530394, 0.4316460210121271, -0.750683772164022, -0.015977045226631764, 0.24663740592847302, 0.6327279696402405, -0.0513880817877736, -0.027595312386847703], [-0.1438204884444659, 0.3649785109616842, -0.7563711590121146, -0.5321902153792364, -0.628862590840342, -0.5370409701528096, -0.224664765498384, 0.024637534990761073, 0.7734871951039128, 0.5959533107454915, 0.02523607937847855, 0.05598603783802358, -0.055772567336843895], [-0.7190822340004059, -0.3807218432226228, -0.5066294558525908, 0.3264007263067217, 0.008589188657943878, -0.07895875178431297, 0.40284362874763985, 0.2407167403496333, 0.33334101847286624, -0.3577167190187106, -0.20004397458069445, 0.6095478730278464, -0.025981600284065917]], "inverted": true, "swapped": false, "error_lsq": 0.04652676602341664, "error_max": 0.2533381615252778, "target": "54.xyz", "model": "3.xyz", "model_rescale": 3.9243930471874484, "target_rescale": 4.01572824152107},
{"mapping": [5, 1, 0, 3, 2, 6, 10, 7, 8, 9, 11, 4, 12], "R": [[0.43442438169357783, 0.08523332339056738, -0.896666458151498], [0.259370109551271, -0.9651823022567306, 0.03391562592315464], [-0.8625558549227492, -0.24730225230312125, -0.4414057013046944]], "T": [0.07180684913708604, -0.012759919743238007, 0.012637140800466486], "aligned_model": [[0.1102077986292975, -0.38992171996689184, -0.42865299546227364, 0.014289824323248185, -0.7158361511599337, 0.5318102094439167, 0.5289756472181091, -0.6897370903701712, 0.00385519048203925, 0.25657739767135773, 0.796160878754038, -0.263502853016221, 0.0455825278725954], [-0.34638603166773174, 0.1716540481718038, -0.5585879927535276, -0.6452046568591195, -0.472128383595941, -0.5403049768820023, -0.0061878926187177614, 0.19856391355209524, 0.5047830464885732, 0.6235245197283967, 0.1816088054578951, -0.08187024737162177, -0.06790823929594711], [-0.6662163664417993, -0.500157668936828, -0.40561399430624295, 0.2354797236154707, 0.15339796210488785, -0.1651538486551098, 0.5493691205068559, 0.14795833128189098, 0.36458631199743624, -0.22962170477072594, -0.23968432049224345, 0.49756851295227356, -0.08960746203661824]], "inverted": true, "swapped": false, "error_lsq": 0.04146347821131851, "error_max": 0.24345743573153, "target": "54.xyz", "model": "4.xyz", "model_rescale": 3.8936222436046832, "target_rescale": 4.01572824152107},
{"mapping": [11, 7, 8, 6, 9, 1, 2, 0, 5, 3, 10, 12], "R": [[-0.6480478339850517, 0.6854198439051766, -0.33201452144188887], [-0.7356932672660468, -0.450651923269946, 0.5056364905270463], [0.19695030176847134, 0.5719374805292117, 0.7963027671678693]], "T": [-0.12759242757306127, -0.059451092622344576, -0.08412831387309544], "aligned_model": [[0.010656107429635547, -0.6240780631867783, -0.47614920953619727, 0.39547275820297495, -0.5841805320413556, -0.6870951032308705, 0.06787865181919434, -0.11333934488232811, 0.6174396802840958, 0.2916322799727501, 0.19130483775834511, -0.06199402037436916], [-0.5664261305246593, -0.4880782304302086, -0.04013475565879773, 0.0039456521807312295, 0.5202611477529595, 0.038936278065887286, -0.3372153699298085, 0.36622644556537853, 0.1296126256769938, -0.5447334799836421, 0.6604181549976624, -0.07388943260268954], [-0.518283563082317, -0.20505057298508533, -0.6784538167258471, -0.4477242579413972, -0.29922263532291277, 0.2215257456929714, 0.6818098175698251, 0.4652340372631851, 0.3141513377417468, 0.04266734455493082, 0.00016134272575155095, 0.04246993978466701]], "inverted": true, "swapped": true, "error_lsq": 0.05181341047876827, "error_max": 0.30879020383070466, "target": "54.xyz", "model": "5.xyz", "model_rescale": 3.6523030999806103, "target_rescale": 4.01572824152107},
{"mapping": [4, 7, 3, 1, 0, 2, 6, 5, 8, 9, 10, 5, 12], "R": [[-0.1401203193390957, 0.9760506716885314, -0.16640727870101213], [-0.44421998747947866, -0.2121718255302812, -0.8704319153011795], [-0.8848925916923712, -0.04804375867388416, 0.46331080110487805]], "T": [0.0706171395311482, -0.023260052719186644, -0.07530687401270579], "aligned_model": [[0.3050879025815485, -0.4750195575785652, -0.35095238981975685, -0.008987062069210988, -0.7248329326603772, 0.44096765664647986, 0.5751251785950677, -0.48409342036981384, 0.07613230088452867, 0.1816220392405341, 0.7808736047380023, -0.48409342036981384, -0.03202123539951256], [-0.2919301592681524, 0.1610269489184663, -0.4708501397138427, -0.5573943567548814, -0.5992684898892869, -0.6844959174668611, -0.025751479347276646, 0.1016707327924266, 0.4198748609867667, 0.6682620273962481, 0.1829956541335817, 0.1016707327924266, -0.044254502225459624], [-0.5247191981076819, -0.44291666100400756, -0.39869974482922854, 0.3614294106412211, 0.07514974251861271, -0.11795965648840655, 0.33468080066221045, 0.29964915481275084, 0.43194467494161154, -0.25457761935051376, -0.3236360480731108, 0.29964915481275084, -0.08768941371696029]], "inverted": false, "swapped": false, "error_lsq": 0.06000320562357768, "error_max": 0.4841752278825957, "target": "54.xyz", "model": "6.xyz", "model_rescale": 4.08911054899281, "target_rescale": 4.01572824152107},
{"mapping": [8, 4, 9, 1, 0, 11, 13, 6, 7, 5, 10, 2, 14], "R": [[-0.09941290850141371, -0.47023190142268445, -0.8769258990973504], [-0.05082980639607915, -0.877741119508873, 0.47643137796019214], [-0.9937471531556841, 0.09193740265918499, 0.06335700109108872]], "T": [0.04305633059692954, -0.04370700201684051, -0.05311534162562516], "aligned_model": [[0.013816311560672506, -0.2341199920029312, -0.11607391379281623, -0.07289941336267658, -0.8025081944175847, 0.5091166509810507, 0.4310263597343746, -0.41180617317309615, -0.05193438296241942, 0.2362803154910343, 0.580061297098083, -0.3284803768978786, 0.04733017616329835], [-0.19272671496089028, 0.36985432423422737, -0.7499563251043325, -0.6558129221703242, -0.40787472640407246, -0.39768030976679125, -0.10418417748412427, 0.11860169148639264, 0.541254357443225, 0.6714479857985233, 0.05598198166594322, -0.08215244914144289, -0.20519680324217882], [-0.7180116641645726, -0.5521041243870521, -0.35385903127963836, 0.33395915612800686, 0.13939098464832567, -0.09807908392056403, 0.5647165854307651, 0.07297572519043564, 0.4449669174577198, -0.23121381059090773, -0.5231820081606732, 0.6614628317539997, -0.08871788128659687]], "inverted": true, "swapped": false, "error_lsq": 0.046800144596873976, "error_max": 0.2665065116215869, "target": "54.xyz", "model": "7.xyz", "model_rescale": 3.964800864290218, "target_rescale": 4.01572824152107},
{"mapping": [6, 2, 11, 9, 12, 10, 5, 7, 1, 0, 3, 8, 13], "R": [[-0.9400799377748205, -0.3408047431375206, 0.010091464128572591], [0.13913181929202512, -0.41046800269914946, -0.9011982887359821], [0.3112748744338048, -0.8457943874341681, 0.4332895183720458]], "T": [-0.031796571960743605, -0.03493470386672183, -0.1200773896740665], "aligned_model": [[0.15522671551634631, -0.4326413145937451, -0.15913724635643306, -0.17210245877527225, -0.6858013033735136, 0.474236659437019, 0.5695202118423804, -0.5810019165658308, -0.10249024686061693, 0.21102537677677136, 0.6323179583277895, -0.08994231663763068, -0.019401454318153606], [-0.1688360645622798, 0.4108223254464446, -0.7665121442422453, -0.6253352108143168, -0.390582306193006, -0.6257192516082042, -0.0930354565640419, 0.2064850905319892, 0.5806755269722161, 0.571537938442127, 0.1486802873144033, -0.21659385037588658, -0.07003097199304445], [-0.6526170959154682, -0.40156076551618547, -0.48846865704033904, 0.20488141742281124, 0.008248490559989219, 0.14456954470882472, 0.4579478269221063, 0.2632542386732488, 0.3031794344740804, -0.41399541883352803, -0.3463518278583283, 0.6246887536708179, -0.05147134444878178]], "inverted": false, "swapped": false, "error_lsq": 0.043766640039146106, "error_max": 0.3187852998944024, "target": "54.xyz", "model": "8.xyz", "model_rescale": 4.121658175737393, "target_rescale": 4.01572824152107},
{"mapping": [11, 8, 7, 5, 9, 10, 0, 6, 1, 2, 3, 4, 12], "R": [[-0.26217657833840063, 0.8957929610955404, -0.35891282036513084], [0.3994690907070564, -0.2378188874498246, -0.8853624242883846], [-0.8784576753267324, -0.37549586898368376, -0.2954910574547768]], "T": [-0.027491730829422686, -0.10706344418233948, -0.08131808064937744], "aligned_model": [[0.16226442859106752, -0.34656271292585544, -0.37645527027237086, 0.08770789908038072, -0.7467616840564298, 0.5984552421209942, 0.4748501941215113, -0.6358882506517036, -0.04395713879051677, 0.23044198582433573, 0.6672113553683015, -0.23877017867298164, -0.03272720531762227], [-0.27571708610959667, 0.2622939983654782, -0.5620731542081391, -0.6273412140115144, -0.4000618831679763, -0.5333264427486865, -0.0007534844179327149, 0.22261248514542242, 0.40083494029939315, 0.5320705048074293, 0.10579301670558414, -0.11743631041891098, -0.045339457886395304], [-0.6631948919936362, -0.6219863021548154, -0.4368479981456313, 0.23134466699734973, 0.2186693627074176, -0.13582563703197167, 0.514647544209774, -0.04458245238488906, 0.3841922168683592, -0.1669010457815126, -0.38915527878444295, 0.7808778012948476, -0.018933388981601032]], "inverted": false, "swapped": false, "error_lsq": 0.04470994413600423, "error_max": 0.21052975108438263, "target": "54.xyz", "model": "9.xyz", "model_rescale": 3.833441315466971, "target_rescale": 4.01572824152107},
{"mapping": [6, 7, 12, 0, 10, 1, 5, 8, 9, 3, 4, 13, 14], "R": [[0.7866177626194261, 0.29249581296682786, 0.5437634549401817], [0.5133592511992695, -0.79915033055975, -0.31276353427848314], [0.3430667205365947, 0.5251713516207038, -0.7787812765450575]], "T": [-0.056460587855899774, -0.11124383252069954, -0.08727949451725406], "aligned_model": [[0.3611318090893306, -0.29545893923185595, -0.18004781137570608, -0.01848835361973046, -0.7414992396808823, 0.331656180003452, 0.47863699445259056, -0.7176602034182492, -0.3210478275757165, 0.25784744944201055, 0.6640478397406621, 0.040154327228348524, -0.059463560635143756], [-0.2870240928756958, 0.3568553651489922, -0.5676733694679196, -0.6459764746346267, -0.4680241417614992, -0.7395242540575229, -0.1463863186704099, 0.18497662333027715, 0.6230494159187794, 0.6922339280495847, 0.14164727756339168, -0.1657916148106387, -0.016806431378556752], [-0.5931919949834734, -0.496763201106884, -0.4606671393256817, 0.3327705889116611, 0.19411702280966678, -0.10270736973540553, 0.3248743414976937, 0.20017114871107652, 0.13344011133225073, -0.18705822825610535, -0.31711916100893045, 0.702262549357021, -0.07782407138364156]], "inverted": true, "swapped": false, "error_lsq": 0.048178442826107726, "error_max": 0.3137984419193046, "target": "54.xyz", "model": "10.xyz", "model_rescale": 4.2482417240324, "target_rescale": 4.01572824152107},
{"mapping": [8, 9, 10, 0, 11, 3, 6, 2, 1, 4, 7, 12], "R": [[-0.27836530065602705, 0.5842864106523536, 0.7623136819693508], [0.2691338092611062, 0.8093381216429621, -0.5220524854533768], [-0.9219976963654986, 0.05984308800881544, -0.3825428769618944]], "T": [-0.023355478962037116, 0.020784067781615526, 0.02479449648846553], "aligned_model": [[-0.6580893609406048, -0.1741419452564637, 0.3912351337990145, 0.6074311692555889, -0.5286170377768706, 0.06779011047272339, -0.15346596895444653, 0.6288194109322311, 0.09634586293574203, -0.07277354984606053, -0.4334085683960878, 0.1056403461382407], [-0.24770698953524745, -0.7328041397735697, -0.38932751031903107, -0.2681937993279075, 0.4729455790830451, 0.6667746723044202, 0.22154427666917648, 0.4353701665132114, -0.3397014874494402, 0.6773746371511085, 0.0881337133654187, 0.08172227136945504], [0.03543431211906173, 0.03793987282632795, 0.5604576957402051, -0.01767321455103736, 0.09470766966761841, 0.06619631155736641, 0.6185831333676359, -0.2989483606606891, -0.49661654686028867, -0.549171981314965, -0.49689687920236547, 0.011180277165486845]], "inverted": true, "swapped": true, "error_lsq": 0.04270483794853134, "error_max": 0.2208564649397952, "target": "54.xyz", "model": "11.xyz", "model_rescale": 3.6694154284099745, "target_rescale": 4.01572824152107},
{"mapping": [6, 11, 4, 1, 3, 0, 12, 8, 10, 7, 5, 2, 13], "R": [[-0.7807423950274405, -0.5818609224002684, -0.22777001468658048], [-0.3460046710065114, 0.09905018494786799, 0.9329897258295341], [-0.5203096003808618, 0.8072341220769239, -0.27865927565075943]], "T": [0.015648734280374325, 0.009060318303262274, -0.06372109413274314], "aligned_model": [[0.18882776096492418, -0.4717091322198808, -0.31434469215390975, -0.06011334011095674, -0.6436450790928034, 0.3987017996775647, 0.46976768097409627, -0.7062247742161337, 0.04389280273673777, 0.3283557699148218, 0.7787169920194432, -0.2621579257649733, 0.04974080169018037], [-0.0501854210941435, 0.14428713570633306, -0.5880497800193761, -0.6779139411963342, -0.5012744801701532, -0.5777265701472719, -0.002423744385648366, 0.15394739117756395, 0.49175932739810224, 0.6632239071401878, 0.09786038135622906, -0.08377473859906394, -0.10817355481226941], [-0.5988414549241419, -0.601517214165633, -0.3505006588537707, 0.4249505430332228, 0.15107872364714442, -0.20403987782835048, 0.4416625213757443, 0.11093349400037382, 0.34826522423758116, -0.22635450820947745, -0.29698526907080086, 0.5198186947734696, -0.06616562119611402]], "inverted": false, "swapped": false, "error_lsq": 0.038772039061293374, "error_max": 0.2038923143807015, "target": "54.xyz", "model": "12.xyz", "model_rescale": 3.9764082729961374, "target_rescale": 4.01572824152107},
{"mapping": [13, 11, 9, 0, 2, 5, 4, 8, 3, 14, 6, 7, 15], "R": [[-0.8210484512555499, -0.5679851616651486, 0.05720399303438484], [0.32229748089861265, -0.5439258335689022, -0.7747703023366239], [0.4711727650207208, -0.6176872539599552, 0.6296496500420997]], "T": [-0.06101996328940485, -0.1575132508702376, -0.16848167130021904], "aligned_model": [[0.15395223641677067, -0.3540729361966473, -0.07044642975151605, -0.07732304141354746, -0.6809168000897169, 0.5389033634753431, 0.4239024328950359, -0.6601608585089661, -0.21067805024031053, 0.24670143585258753, 0.6584137547742681, -0.15334827795060435, -0.015118164843586135], [0.08116183811285022, 0.5297428937269278, -0.7581063951769202, -0.6624151404935291, -0.3975315992872309, -0.7428274665304234, -0.242722225247703, 0.18712215797131304, 0.5517066576855871, 0.5691790169026796, 0.07001255057626335, -0.12638962681993537, -0.0973767490657236], [-0.6893479703053498, -0.4374494119924396, -0.1949040720138773, 0.3529741993166231, 0.27240223411510167, -0.15050455294556422, 0.35444606954311075, -0.02046322887945559, 0.25936529390097807, -0.2951068190561801, -0.28808911541821086, 0.5808783898591598, -0.09189641930464859]], "inverted": true, "swapped": false, "error_lsq": 0.04588887925816394, "error_max": 0.27983718547186565, "target": "54.xyz", "model": "13.xyz", "model_rescale": 4.170626492500431, "target_rescale": 4.01572824152107},
{"mapping": [9, 10, 11, 6, 5, 3, 2, 12, 8, 7, 1, 4, 13], "R": [[0.13504609423487, 0.8003701444810144, 0.5840977523115006], [-0.9831637679579349, 0.18147427851917555, -0.02135630142841366], [-0.12309166424524119, -0.5713796619231255, 0.8114023195270963]], "T": [0.08759347037194729, -0.040775296758611475, 0.032698400414596915], "aligned_model": [[0.12016049053745206, -0.21160866180664958, -0.22501000042412714, -0.1131625686046753, -0.6666230186767282, 0.4579425136679366, 0.4579776050934473, -0.6264061577128486, -0.22122661657444556, 0.2882683487329061, 0.6868062869728534, -0.17443490940003162, 0.027125352614021145], [-0.10855994217042209, 0.24162414117246223, -0.5280074845154833, -0.8175633085877138, -0.5316365787230252, -0.5950900555408627, -0.2301426155176207, 0.11116291709897932, 0.613317505437719, 0.6964330425043811, 0.09826612843842383, 0.1324437222535802, -0.1206915594962629], [-0.7739310495237335, -0.3533805377972984, -0.37294123817000435, 0.28525862001201246, 0.16473066113737794, -0.14351266267680968, 0.5424902977305253, 0.08585318807018925, 0.20107017007417577, -0.23874820686706177, -0.4281984995486512, 0.668622476259777, 0.014991378118749139]], "inverted": true, "swapped": false, "error_lsq": 0.04367686411124008, "error_max": 0.2390284942035993, "target": "54.xyz", "model": "14.xyz", "model_rescale": 3.9786697098870705, "target_rescale": 4.01572824152107},
{"mapping": [1, 9, 2, 4, 0, 5, 8, 6, 3, 7, 10, 12], "R": [[-0.3536434856747002, -0.9215490877999064, 0.16026092416746168], [0.8914053731939215, -0.3839498619824086, -0.2407882142562117], [0.2834303189160504, 0.05770426551694566, 0.9572551760425723]], "T": [-0.020486188633923257, -0.04941280238123259, 0.055776836635967525], "aligned_model": [[-0.20648731039063337, -0.7680001874446062, 0.6380193405653735, 0.691252917247959, -0.07831122774660118, 0.36281571537416696, -0.47272866923938334, -0.0006600037096299374, 0.5971443390180107, 0.020809236675235834, -0.3802154099521021, 0.07971585636954703], [-0.3435930114352102, -0.09709160576892541, 0.11199244638992788, -0.5499038342398496, 0.3482896497994818, 0.7256756667624068, -0.4430766681568254, 0.3011836272551775, 0.0061030908315012206, -0.7148120538782182, 0.6482863554270003, 0.021620827237972387], [-0.4873707586036796, -0.11671692902656733, -0.4365055736817868, -0.021210248933530157, -0.5114026183082283, 0.013799133149087567, 0.39576691588211066, 0.5910407082759418, 0.2626004494303831, 0.03628513736031372, -0.04825545757066546, -0.018064264099549254]], "inverted": false, "swapped": true, "error_lsq": 0.04843260971994192, "error_max": 0.2531691114569426, "target": "54.xyz", "model": "15.xyz", "model_rescale": 3.769337070930944, "target_rescale": 4.01572824152107},
{"mapping": [6, 8, 5, 3, 10, 9, 0, 1, 2, 4, 12], "R": [[0.2246373065930165, 0.30294563503985517, -0.9261544270244212], [0.36538962566474764, -0.9072842038066391, -0.20814849261891938], [-0.9033429592038732, -0.29164930264489164, -0.3145030720414948]], "T": [-0.08332426462117876, -0.08506350261041584, -0.03706501530558166], "aligned_model": [[-0.4168770984450903, -0.24867823532532113, -0.005965864816801017, -0.546031365058034, 0.397012292191076, 0.41999554770733744, 0.5248794939761419, 0.3581528329347132, 0.028815194093133545, -0.5358206707522191, -0.05285599581376587], [0.10294353163419212, -0.7250801756176549, 0.7406216158613798, 0.3405147515470829, 0.19330979447833418, -0.5975291403516548, 0.2479652242520734, -0.34297182192594994, 0.5482261436457615, 0.04326597371450783, 0.044798600387270265], [-0.5501090762672597, -0.2323199182209267, -0.2854686693036913, 0.14212979123110725, -0.6016861673819824, -0.31065719822555043, 0.011756750764202677, 0.3562910499455721, 0.4999565145879325, 0.698984838373904, 0.015339691720469]], "inverted": false, "swapped": true, "error_lsq": 0.04470904538321057, "error_max": 0.21631724300710625, "target": "54.xyz", "model": "16.xyz", "model_rescale": 3.7852294659196426, "target_rescale": 4.01572824152107},
{"mapping": [0, 4, 3, 2, 1, 8, 11, 5, 6, 10, 9, 7, 12], "R": [[0.8668988768627064, 0.4431642305156406, -0.22823628564638565], [-0.474519573886759, 0.8738995537968466, -0.10550234059963315], [0.15270072459719064, 0.19976244558262823, 0.9678726435034417]], "T": [-0.033796905469379065, -0.14326487911678887, -0.04560361121626753], "aligned_model": [[0.06874189893309844, -0.4515507159393768, -0.24119381096656717, -0.09466242843782875, -0.6657817139238682, 0.5157765530628042, 0.4831836389031833, -0.5761994905376436, -0.04752129869157749, 0.23393622839715567, 0.7457307422553574, -0.21068987569731173, 0.04003893706168522], [-0.1716963532499576, 0.202385936829501, -0.8122587535113094, -0.6081863282301351, -0.40331272860904616, -0.4823311199938819, -0.12638413423579203, 0.21416386705869406, 0.5895049835593636, 0.6077935803509668, 0.0599784199206434, -0.019572936237444702, -0.08852852129744639], [-0.7197138400431612, -0.5014478306191854, -0.4223383863238423, 0.34711824366119176, 0.039393283457975596, -0.13050949574096418, 0.47437545723340124, 0.0556541671470222, 0.45464952998950203, -0.16172955479075785, -0.35911691769776516, 0.6213567965495114, -0.04538685600368049]], "inverted": false, "swapped": false, "error_lsq": 0.03192606854693865, "error_max": 0.17662437692905353, "target": "54.xyz", "model": "17.xyz", "model_rescale": 3.901054581598922, "target_rescale": 4.01572824152107},
{"mapping": [5, 13, 10, 6, 11, 4, 1, 12, 3, 2, 8, 7, 14], "R": [[-0.6301094041859435, -0.5986313053748434, -0.4945732493591281], [-0.16867255640489892, 0.7272318862808428, -0.6653445365314451], [0.7579655054633234, -0.33581891519331986, -0.5592083231910181]], "T": [0.01936079839899038, -0.08007796065453325, -0.04864453070588349], "aligned_model": [[0.059039943935263975, -0.33213964055459766, -0.0971255397990686, -0.11315909091770718, -0.6294179290385672, 0.5445321330451007, 0.4526293116025487, -0.644279751070785, -0.19240180495324458, 0.32567611931415186, 0.6182782153766951, -0.15648190874353862, -0.035341393777140975], [0.07223505033234447, 0.4368110163677326, -0.7773197770704214, -0.6026875994369844, -0.5192025395882469, -0.6650334531344452, -0.21467704993172187, 0.14712467044403976, 0.6127426851674274, 0.6356546386095361, -0.05153005612254942, -0.034237181442445766, -0.0783244918401098], [-0.653055284324019, -0.4184761479979816, -0.46426278172855073, 0.47389100842739573, 0.1029693074734459, -0.1358002017400437, 0.48036116876054524, 0.19617231838451585, 0.19335142392373483, -0.32727667621578166, -0.33307588785108233, 0.5890505289450907, -0.05154417923802107]], "inverted": false, "swapped": false, "error_lsq": 0.042083460955542946, "error_max": 0.25665391950542293, "target": "54.xyz", "model": "18.xyz", "model_rescale": 3.9405287249114394, "target_rescale": 4.01572824152107},
{"mapping": [7, 11, 13, 12, 14, 4, 1, 10, 2, 5, 8, 3, 15], "R": [[-0.6429807385694919, -0.10712280487319042, -0.7583537924377588], [0.7584661239859636, 0.04839965852653855, -0.6499127724704475], [0.10632454370623892, -0.9930670560091173, 0.05012897041676845]], "T": [0.06806939472854913, -0.1571426502146095, -0.0562981648246625], "aligned_model": [[0.35783394405345836, -0.4977095358112751, -0.35293061242501034, 0.0014296903298430114, -0.6601768209860173, 0.5580236180157732, 0.3223594303675567, -0.5346948360400111, -0.020723201398907418, 0.17820522353247553, 0.670125396451292, -0.27528677411331476, 0.05335314244324749], [-0.3217758861261417, 0.14008943281064995, -0.4841724898652523, -0.6215868133714704, -0.3814916735203211, -0.6896102799145672, -0.035288578183278546, 0.25331904189665133, 0.6430160945916791, 0.6125557579235984, 0.20330191067351022, -0.23382161441173654, -0.12297899014916586], [-0.6764255328138306, -0.38910515465134005, -0.465126152279955, 0.22652657121617437, 0.08177401599164923, -0.1615982646384803, 0.5403655485713627, 0.23713073348235936, 0.271096308244169, -0.35074188182682353, -0.33892945263928553, 0.7193663713260232, -0.042028513162775054]], "inverted": false, "swapped": false, "error_lsq": 0.045170902155585835, "error_max": 0.25403537299307605, "target": "54.xyz", "model": "19.xyz", "model_rescale": 4.410303926677745, "target_rescale": 4.01572824152107},
{"mapping": [6, 2, 11, 9, 12, 10, 5, 7, 1, 0, 3, 8, 13], "R": [[-0.9400799377748205, -0.3408047431375206, 0.010091464128572591], [0.13913181929202512, -0.41046800269914946, -0.9011982887359821], [0.3112748744338048, -0.8457943874341681, 0.4332895183720458]], "T": [-0.031796571960743605, -0.03493470386672183, -0.1200773896740665], "aligned_model": [[0.15522671551634631, -0.4326413145937451, -0.15913724635643306, -0.17210245877527225, -0.6858013033735136, 0.474236659437019, 0.5695202118423804, -0.5810019165658308, -0.10249024686061693, 0.21102537677677136, 0.6323179583277895, -0.08994231663763068, -0.019401454318153606], [-0.1688360645622798, 0.4108223254464446, -0.7665121442422453, -0.6253352108143168, -0.390582306193006, -0.6257192516082042, -0.0930354565640419, 0.2064850905319892, 0.5806755269722161, 0.571537938442127, 0.1486802873144033, -0.21659385037588658, -0.07003097199304445], [-0.6526170959154682, -0.40156076551618547, -0.48846865704033904, 0.20488141742281124, 0.008248490559989219, 0.14456954470882472, 0.4579478269221063, 0.2632542386732488, 0.3031794344740804, -0.41399541883352803, -0.3463518278583283, 0.6246887536708179, -0.05147134444878178]], "inverted": false, "swapped": false, "error_lsq": 0.043766640039146106, "error_max": 0.3187852998944024, "target": "54.xyz", "model": "20.xyz", "model_rescale": 4.121658175737393, "target_rescale": 4.01572824152107},
{"mapping": [4, 7, 3, 1, 0, 2, 6, 5, 8, 9, 10, 5, 12], "R": [[-0.1401203193390957, 0.9760506716885314, -0.16640727870101213], [-0.44421998747947866, -0.2121718255302812, -0.8704319153011795], [-0.8848925916923712, -0.04804375867388416, 0.46331080110487805]], "T": [0.0706171395311482, -0.023260052719186644, -0.07530687401270579], "aligned_model": [[0.3050879025815485, -0.4750195575785652, -0.35095238981975685, -0.008987062069210988, -0.7248329326603772, 0.44096765664647986, 0.5751251785950677, -0.48409342036981384, 0.07613230088452867, 0.1816220392405341, 0.7808736047380023, -0.48409342036981384, -0.03202123539951256], [-0.2919301592681524, 0.1610269489184663, -0.4708501397138427, -0.5573943567548814, -0.5992684898892869, -0.6844959174668611, -0.025751479347276646, 0.1016707327924266, 0.4198748609867667, 0.6682620273962481, 0.1829956541335817, 0.1016707327924266, -0.044254502225459624], [-0.5247191981076819, -0.44291666100400756, -0.39869974482922854, 0.3614294106412211, 0.07514974251861271, -0.11795965648840655, 0.33468080066221045, 0.29964915481275084, 0.43194467494161154, -0.25457761935051376, -0.3236360480731108, 0.29964915481275084, -0.08768941371696029]], "inverted": false, "swapped": false, "error_lsq": 0.06000320562357768, "error_max": 0.4841752278825957, "target": "54.xyz", "model": "21.xyz", "model_rescale": 4.08911054899281, "target_rescale": 4.01572824152107},
{"mapping": [15, 5, 14, 13, 12, 2, 0, 10, 6, 8, 1, 7, 16], "R": [[-0.6331648962018941, -0.7668813578296918, 0.1048579860140999], [-0.681334391026096, 0.4879290367237932, -0.5456268896662719], [0.3672678339070053, -0.416915145005647, -0.8314421808172694]], "T": [-0.003997469535638849, -0.1225365484554337, -0.10155531616729112], "aligned_model": [[0.21964664724317984, -0.4237627136583409, -0.26801223822311965, -0.13727584569245135, -0.6194710513139496, 0.5724893044992294, 0.45375133684081026, -0.6871627597649411, 0.028402476009154513, 0.21695945767852373, 0.7217360737926396, -0.2884533665834095, 0.01096134359178534], [-0.36903984940325013, 0.37338169387025316, -0.6412907257993845, -0.563618639469884, -0.485097750521573, -0.5205002568284666, -0.0010456921230255906, 0.23309414292239883, 0.46561048180496056, 0.5229046422165832, 0.13264595856055494, -0.04733187608146515, -0.13815621679354664], [-0.7501896118580338, -0.3764940197056934, -0.3717642933500642, 0.3721676297236183, 0.08475397217716625, -0.27631719860767695, 0.5114580607404471, 0.13916735993733947, 0.35516937429288314, -0.2254331743988472, -0.2969807328030407, 0.5459207744316636, -0.059153543760513835]], "inverted": false, "swapped": false, "error_lsq": 0.040425978192578635, "error_max": 0.2580737893826031, "target": "54.xyz", "model": "22.xyz", "model_rescale": 4.204369325754507, "target_rescale": 4.01572824152107},
{"mapping": [7, 11, 13, 12, 14, 4, 1, 10, 2, 5, 8, 3, 15], "R": [[-0.6429807385694919, -0.10712280487319042, -0.7583537924377588], [0.7584661239859636, 0.04839965852653855, -0.6499127724704475], [0.10632454370623892, -0.9930670560091173, 0.05012897041676845]], "T": [0.06806939472854913, -0.1571426502146095, -0.0562981648246625], "aligned_model": [[0.35783394405345836, -0.4977095358112751, -0.35293061242501034, 0.0014296903298430114, -0.6601768209860173, 0.5580236180157732, 0.3223594303675567, -0.5346948360400111, -0.020723201398907418, 0.17820522353247553, 0.670125396451292, -0.27528677411331476, 0.05335314244324749], [-0.3217758861261417, 0.14008943281064995, -0.4841724898652523, -0.6215868133714704, -0.3814916735203211, -0.6896102799145672, -0.035288578183278546, 0.25331904189665133, 0.6430160945916791, 0.6125557579235984, 0.20330191067351022, -0.23382161441173654, -0.12297899014916586], [-0.6764255328138306, -0.38910515465134005, -0.465126152279955, 0.22652657121617437, 0.08177401599164923, -0.1615982646384803, 0.5403655485713627, 0.23713073348235936, 0.271096308244169, -0.35074188182682353, -0.33892945263928553, 0.7193663713260232, -0.042028513162775054]], "inverted": false, "swapped": false, "error_lsq": 0.045170902155585835, "error_max": 0.25403537299307605, "target": "54.xyz", "model": "23.xyz", "model_rescale": 4.410303926677745, "target_rescale": 4.01572824152107},
{"mapping": [0, 5, 3, 10, 8, 1, 11, 15, 14, 13, 7, 9, 16], "R": [[0.6056520095881179, 0.5202335943350648, -0.6021151472991639], [-0.2974484437729869, 0.8498426101391305, 0.43507696019088177], [0.7380447591975048, -0.08440702172881802, 0.6694515576977683]], "T": [-0.034200792966974446, -0.002423804745143282, -0.06829211446505978], "aligned_model": [[0.17656392756203002, -0.49750341784575913, -0.05126388081729085, -0.11444430751790738, -0.6799910408557542, 0.5786851782467376, 0.36531352351258795, -0.5838127012914167, -0.00373347055338321, 0.29034110132307095, 0.5983610481656007, -0.26538629900995664, -0.013320996499448477], [-0.16263443820886522, 0.15884642305994262, -0.7979593539797627, -0.5503104886127038, -0.40065880825881184, -0.5991173317822325, -0.06043854766512699, 0.3569791570009673, 0.49582037723631356, 0.6157154159108715, 0.057964937969249314, -0.04641412550813778, -0.10623730480754798], [-0.7756085900201336, -0.46192217534971364, -0.4879145942859649, 0.2740017743041335, 0.24804711004349, -0.13657806215417556, 0.41929796658926094, 0.21111878752489116, 0.3888451377920833, -0.15053010183428372, -0.2636113751093689, 0.5122577086364578, -0.12509898931742824]], "inverted": false, "swapped": false, "error_lsq": 0.03879397088277085, "error_max": 0.2202629696898152, "target": "54.xyz", "model": "24.xyz", "model_rescale": 4.28219845311461, "target_rescale": 4.01572824152107},
{"mapping": [5, 1, 10, 14, 6, 11, 13, 0, 4, 3, 9, 2, 15], "R": [[0.6003373769729909, -0.5008935037611466, 0.6234586848373126], [0.3925338686130673, -0.4946583215364166, -0.7753904222560623], [0.6967870519756006, 0.7102245017067895, -0.10034421445451774]], "T": [0.10082438425883114, -0.06010148772297555, 0.0028955770803143106], "aligned_model": [[0.15234538019009564, -0.22297915763910683, -0.17083072923610151, -0.002971872791414948, -0.7192413861809135, 0.337091186540861, 0.41638763862090133, -0.6331051997129088, -0.08055881032220191, 0.2005289824411989, 0.706006204890519, -0.21977484059471517, 0.03691126821289702], [-0.12502302919361696, 0.28573641239657255, -0.7577881025403974, -0.7440262246784393, -0.4304276554663903, -0.49938003456773794, -0.06803111343818913, 0.22671365735477364, 0.5849293887949537, 0.6273288501464556, 0.05155802037063839, -0.15923049092407723, -0.030803765900390398], [-0.8446959880885871, -0.4277142369531365, -0.2600525273900163, 0.3216712287499299, 0.05337128013204015, -0.21548351456989973, 0.5061583419153859, 0.21417409080308933, 0.2956136634497818, -0.3399511358072921, -0.27667695752935956, 0.5996950426762383, 0.026195309431073278]], "inverted": false, "swapped": false, "error_lsq": 0.04013357899826722, "error_max": 0.26225309007940467, "target": "54.xyz", "model": "25.xyz", "model_rescale": 4.100010024507729, "target_rescale": 4.01572824152107},
{"mapping": [8, 9, 10, 0, 11, 3, 6, 2, 1, 4, 7, 12], "R": [[-0.27836530065602705, 0.5842864106523536, 0.7623136819693508], [0.2691338092611062, 0.8093381216429621, -0.5220524854533768], [-0.9219976963654986, 0.05984308800881544, -0.3825428769618944]], "T": [-0.023355478962037116, 0.020784067781615526, 0.02479449648846553], "aligned_model": [[-0.6580893609406048, -0.1741419452564637, 0.3912351337990145, 0.6074311692555889, -0.5286170377768706, 0.06779011047272339, -0.15346596895444653, 0.6288194109322311, 0.09634586293574203, -0.07277354984606053, -0.4334085683960878, 0.1056403461382407], [-0.24770698953524745, -0.7328041397735697, -0.38932751031903107, -0.2681937993279075, 0.4729455790830451, 0.6667746723044202, 0.22154427666917648, 0.4353701665132114, -0.3397014874494402, 0.6773746371511085, 0.0881337133654187, 0.08172227136945504], [0.03543431211906173, 0.03793987282632795, 0.5604576957402051, -0.01767321455103736, 0.09470766966761841, 0.06619631155736641, 0.6185831333676359, -0.2989483606606891, -0.49661654686028867, -0.549171981314965, -0.49689687920236547, 0.011180277165486845]], "inverted": true, "swapped": true, "error_lsq": 0.04270483794853134, "error_max": 0.2208564649397952, "target": "54.xyz", "model": "26.xyz", "model_rescale": 3.6694154284099745, "target_rescale": 4.01572824152107},
{"mapping": [10, 9, 12, 6, 3, 2, 0, 7, 5, 8, 4, 1, 13], "R": [[-0.9631573717738287, -0.18638749107453906, 0.1938751669726415], [-0.24332081145993995, 0.9109965990539528, -0.33298675532610617], [-0.11455505186680927, -0.36789251104510184, -0.9227850456139406]], "T": [-0.00456380127010904, -0.053543153528590126, -0.1007696308903015], "aligned_model": [[0.2817935194142593, -0.4417767898881829, -0.3155886624255617, -0.14996739053249247, -0.7806094476959679, 0.4423197031328596, 0.48034159193930476, -0.5090749132086018, 0.06987101521560478, 0.048234379773334314, 0.7509751737436692, -0.11106822904978465, 0.0343587140006701], [0.020468906993558883, -0.01986402669658424, -0.7524472565611124, -0.6039923326653953, -0.2549721431941412, -0.5658135247872533, -0.07265480598415255, 0.266057207806415, 0.4443248178184066, 0.5279628174156414, 0.24294808321302813, -0.17499742611156138, -0.09546440489269421], [-0.624613519544519, -0.6228558828351678, -0.31178954432262707, 0.2827064820836686, -0.0007159596966419823, -0.10273086170693951, 0.3480453059266265, 0.09785733526375204, 0.5096117588347739, -0.36042392079277863, -0.2303241516893904, 0.7673042831460635, -0.09976672784757212]], "inverted": false, "swapped": false, "error_lsq": 0.05330631641166181, "error_max": 0.3217702951334362, "target": "54.xyz", "model": "27.xyz", "model_rescale": 4.103607728864725, "target_rescale": 4.01572824152107},
{"mapping": [10, 13, 3, 0, 2, 9, 5, 4, 8, 11, 6, 1, 14], "R": [[-0.7329923320934931, 0.3532620790893607, 0.5813158733163967], [0.6734535907281334, 0.25647822977603, 0.6933103048320703], [0.09582537361015916, 0.8996803994354976, -0.42590219140555863]], "T": [0.02067444113989554, -0.05277767646809191, -0.17941093811698483], "aligned_model": [[0.22549645437381222, -0.3959391482600914, -0.2964457173413572, -0.018963648401420716, -0.6357649379990653, 0.6579274003697674, 0.531616952840546, -0.740077576694027, -0.18147027889528117, 0.2656684365717518, 0.636843812506279, -0.2062629691091427, -0.04282011554265991], [-0.2290821738928065, 0.39593529711324366, -0.7259354525157883, -0.6202795501987625, -0.3101290458347543, -0.5665983070075407, -0.168534315547832, 0.2749011555211969, 0.6039908326286044, 0.5586858830178875, 0.09350171594534447, -0.2254374137293575, -0.11946271314528024], [-0.6115451110174583, -0.391454135180121, -0.27852837451519735, 0.25193832425787954, 0.030775456382850758, -0.1839882340224663, 0.3311559631093507, 0.18868176428591277, 0.26788383541320376, -0.37473500494531825, -0.19372554593492286, 0.6700293829375312, -0.0541837239519965]], "inverted": false, "swapped": false, "error_lsq": 0.04112823181935202, "error_max": 0.22123886692657743, "target": "54.xyz", "model": "28.xyz", "model_rescale": 4.137296879288765, "target_rescale": 4.01572824152107},
