[{"mapping": [10, 4, 7, 6, 11, 3, 0, 2, 1, 8, 9, 12], "R": [[0.16186433759543378, -0.8419918425080324, -0.5146354762010878], [-0.12247711844111031, -0.5346216325584294, 0.8361692803846134], [-0.9791829714987663, -0.07231491651442815, -0.1896609110395645]], "T": [-0.044978355216188974, 0.05571805132036976, 0.07893393175279284], "aligned_model": [[-0.22612255342979706, 0.1844923840395965, 0.4757555904265228, -0.2720885416391376, -0.14463545956691187, -0.4281046509517318, 0.3149349854267076, -0.2790742510022037, 0.7075278897831133, 0.1491304946009435, -0.6189147723251349, -0.025258652901417978], [-0.32281394975224786, -0.7108073786327888, -0.08189384446445268, 0.7587560631037996, 0.2910934173863644, -0.5220510546677072, -0.5154283856931181, -0.2725897740693758, 0.033070955165635504, 0.2979620175782144, 0.13963993487742626, -0.04138296485469227], [-0.557597833961782, -0.18314044595053253, -0.5519561252089072, -0.06975845909831432, -0.6318654197867138, 0.1687215734058941, 0.44874973923895867, 0.8154845097361029, 0.06635571406591069, 0.4591691540311411, 0.22323512832427092, -0.005445789442465626]], "inverted": false, "swapped": true, "error_lsq": 0.057368394168483966, "error_max": 0.336450779620881, "target": "540.xyz", "model": "0.xyz", "model_rescale": 3.751011558992144, "target_rescale": 3.8891401061783992},
{"mapping": [6, 7, 4, 10, 11, 3, 2, 12, 1, 8, 9, 13, 14], "R": [[-0.2959548750589009, -0.897340737368828, -0.32739931732860783], [0.5547488182706042, 0.11755706083919035, -0.8236711030952943], [0.777601736466836, -0.42539386279684277, 0.4630071283884758]], "T": [0.057332980282356616, 0.01714272679638863, -0.02012529859786935], "aligned_model": [[-0.16233533440147616, 0.06482929368378695, -0.6101840277412882, 0.00028165357792905854, 0.4234602065898934, 0.4485346732201683, 0.13396849924985557, 0.6687963918931474, -0.5157559410232784, -0.3880903621268518, 0.5561846634552206, 0.6637210785008223, 0.1072053059429742], [-0.14211027151740782, -0.5465055843892047, 0.41293372303583387, 0.7419391132390204, 0.11849814382238795, -0.5632676832402398, -0.1309678822739996, -0.31990908373418636, -0.34995376120926913, 0.24863010144622033, 0.44392426491780057, 0.04488864540609921, 0.017949247417194933], [-0.7202039079855376, -0.3692977636924988, -0.17291437283014807, -0.3994260927571073, -0.7218438479625783, 0.2856374867055059, 0.7897687356445672, -0.27406166337567117, -0.17010798495363405, 0.41395982387767727, -0.07664200629228615, 0.37865513803371176, -0.042839019144204495]], "inverted": true, "swapped": false, "error_lsq": 0.04023047177823066, "error_max": 0.24942297277009232, "target": "540.xyz", "model": "1.xyz", "model_rescale": 3.9405287249114394, "target_rescale": 3.8891401061783992},
{"mapping": [11, 6, 10, 9, 5, 7, 4, 0, 3, 8, 2, 1, 12], "R": [[0.25025691876091083, -0.824436678750865, 0.5076176093700238], [0.5813475843159963, 0.5472201766302264, 0.6021503670170263], [-0.7742134465522093, 0.1444099754830918, 0.6162299069006002]], "T": [0.1360048130710397, -0.04192170721792711, -0.0536569832050472], "aligned_model": [[-0.07830001037290679, 0.15049950604851906, -0.6723801697952619, -0.2982165914978986, 0.4395372384754972, 0.049215354292120844, 0.055309008048621516, 0.7884081859219064, -0.3362028254686388, -0.3397513432042992, 0.6498636713872848, 0.7944132344018996, 0.18822084258405947], [-0.03134369340392908, -0.5097448025450163, 0.1452594613392968, 0.5726074410514828, 0.3477111946887239, -0.7352560392767729, 0.04473459962611502, -0.30350408102362475, -0.2920954757260259, 0.49087521179880567, 0.40518652446611336, -0.17964439540799304, 0.021263027333074766], [-0.7330507109576607, -0.32985826622794245, -0.20519591855227665, -0.34380660810832264, -0.5866959581934043, 0.321396275665633, 0.6374830846674104, -0.5106848697534158, 0.14940140796391613, 0.2471308040506104, -0.06824911848081111, 0.36438266113095696, -0.02156825793689679]], "inverted": true, "swapped": false, "error_lsq": 0.055441910753302806, "error_max": 0.35095872570939424, "target": "540.xyz", "model": "2.xyz", "model_rescale": 3.932901565614263, "target_rescale": 3.8891401061783992},
{"mapping": [2, 6, 1, 0, 4, 12, 11, 5, 10, 3, 7, 9, 13], "R": [[0.7030143208147003, 0.43393660027698966, -0.5634446660227553], [0.7020587044261205, -0.5499110609185133, 0.45245043995888967], [-0.11350964835186192, -0.7136503709937548, -0.6912443183936583]], "T": [0.09248515288973805, 0.10510957060362305, 0.025278115792139177], "aligned_model": [[-0.2004532278147362, 0.06393720429373774, -0.6170001309710283, -0.15142152995113725, 0.39014728510305496, 0.33054099753057253, -0.30610743682911634, 0.6330225889716711, -0.2501526690773861, -0.06025333939746108, 0.7148980130488273, 0.7187551837435843, 0.12470316217032036], [0.03485943483969353, -0.4402863160018352, 0.09106141472001231, 0.5750235158010498, 0.2853977962555906, -0.6152608743443447, -0.05682842975276578, -0.28219087365992024, -0.5036657281636382, 0.5493071834029571, 0.4492545873660597, -0.10490763194420075, -0.005715105598408293], [-0.7515435347259767, -0.3851126762421912, -0.18732927404516464, -0.3853807978059433, -0.7760456734936043, 0.11202860303769352, 0.8079713697743234, -0.2478836160113828, 0.1838258968226212, 0.22539036388911385, -0.037243770722158426, 0.346948074720781, 0.015059560069685021]], "inverted": true, "swapped": false, "error_lsq": 0.05418711508351984, "error_max": 0.3570229320893583, "target": "540.xyz", "model": "3.xyz", "model_rescale": 3.9243930471874484, "target_rescale": 3.8891401061783992},
{"mapping": [9, 8, 11, 5, 1, 4, 3, 7, 10, 6, 0, 2, 12], "R": [[-0.39396695396640774, 0.06405568462024591, 0.9168898016938907], [0.6827121868993395, 0.6882960128524801, 0.24526040966796897], [-0.6153812712794822, 0.7225963381855809, -0.3148974801411375]], "T": [0.00872429300897229, -0.05634571248415742, -0.11524472730476468], "aligned_model": [[-0.2388072329588364, -0.021355766901706694, -0.7122775858239752, 0.06994605437082221, 0.4817290454859291, 0.3099852138107515, 0.1316079105531765, 0.7219892459439012, -0.4870932111006878, -0.3612101108018215, 0.6094131221058618, 0.8364744632527693, 0.05021495288471918], [-0.12595618333609893, -0.6186773952605947, 0.16744677969613073, 0.6974437095267462, 0.2376176323754553, -0.48923267906513174, 0.04548850729441014, -0.3779922062100614, -0.4631585741323439, 0.4127782015272778, 0.5001136227046583, -0.06502251132221679, 0.05520006912201907], [-0.7721845402075097, -0.3966956776634686, -0.35232549951249426, -0.15618984881030448, -0.5624721370144625, 0.15718508237483506, 0.5385769445492771, -0.29050281955942237, 0.17766484531960877, 0.2904494985802667, 0.1146428370392446, 0.29214803053079974, -0.1196121903585737]], "inverted": true, "swapped": false, "error_lsq": 0.05315244844227613, "error_max": 0.31265679802748847, "target": "540.xyz", "model": "4.xyz", "model_rescale": 3.8936222436046832, "target_rescale": 3.8891401061783992},
{"mapping": [2, 9, 3, 0, 10, 11, 5, 7, 1, 8, 4, 12], "R": [[-0.37860069685664555, -0.6348595895042759, -0.6735093272955652], [0.7811491244296969, 0.17114274700699206, -0.6004300171956918], [0.4964549906510965, -0.7534344442361014, 0.4311252491982541]], "T": [-0.13166288136931126, -0.20944930268770595, -0.013794801943104954], "aligned_model": [[0.1355995947401052, -0.5385536887055207, -0.2944121924853125, 0.46605196544027905, -0.5595388727080273, -0.6420583226364867, -0.0953363868901057, -0.023750744948689395, 0.4824694125122644, 0.1914988882619994, 0.049782559052051034, -0.1442041694174602], [-0.5399887842556204, -0.5302299988821464, 0.017582234509480765, 0.04372956232644393, 0.4209378991661879, 0.07082281608541702, -0.20997348548334824, 0.455632315003421, 0.033740640145164674, -0.5721019310489315, 0.5595744423671218, -0.08080280482338328], [-0.7379550677353026, -0.3118020914678351, -0.6546021534623235, -0.4274939933444316, -0.042193691374466075, 0.4673630230159878, 0.7849902332805744, 0.4700900527503928, 0.3476425074261265, 0.056836287657588525, -0.3046230434881821, -0.02896734398261079]], "inverted": false, "swapped": true, "error_lsq": 0.04667372168314007, "error_max": 0.31641659986651444, "target": "540.xyz", "model": "5.xyz", "model_rescale": 3.6523030999806103, "target_rescale": 3.8891401061783992},
{"mapping": [5, 7, 0, 1, 8, 11, 4, 9, 3, 2, 6, 10, 12], "R": [[-0.4803889354671086, 0.4924460241306465, -0.7257571108840043], [-0.5321695696985049, 0.4940945066680783, 0.6875072127384093], [0.6971527951372541, 0.7164967074581342, 0.024707254682921453]], "T": [0.17758510154767596, 0.03210432861757218, -0.10567025144154894], "aligned_model": [[-0.07640070937199947, -0.07477359089473332, -0.7711670462769756, -0.2427813089939694, 0.542539500476069, 0.2574055928532891, 0.1061031389721842, 0.7522998064399092, -0.45691503503049347, -0.06726444650449415, 0.5398464792796335, 0.7891329718367659, 0.09259074803571771], [0.015467853522018397, -0.5768145684386395, 0.06430007793027276, 0.580662814834225, 0.21606672138170135, -0.7581395892875176, -0.08284584663786287, -0.3788974907858053, -0.1930686988969034, 0.47200153955590884, 0.5704026710300316, 0.059898599669533266, -0.012985110956713085], [-0.737428089172601, -0.28553388549187025, -0.3989218946134176, -0.17459436972731024, -0.6410852562908735, 0.2734237244044447, 0.45183166618924997, -0.25878258800653137, 0.06564054013396488, 0.4624413369250664, -0.06534593084154472, 0.3779718915821558, -0.14893261982293704]], "inverted": false, "swapped": false, "error_lsq": 0.05539871566960871, "error_max": 0.30701773117494674, "target": "540.xyz", "model": "6.xyz", "model_rescale": 4.08911054899281, "target_rescale": 3.8891401061783992},
{"mapping": [9, 11, 0, 3, 8, 12, 7, 10, 1, 6, 4, 5, 14], "R": [[0.5450555179875886, -0.8104478968793118, -0.21468276306024758], [0.46577232801186574, 0.07979786361600417, 0.8812992904914476], [-0.6971159306526347, -0.5803503316155014, 0.4209784695493216]], "T": [0.09261770407302305, -0.08569462511694156, -0.008550141835212091], "aligned_model": [[-0.21056278176924775, 0.1552442436751061, -0.6759463096251845, -0.09919206262747715, 0.4096421888210763, 0.46364123607782803, 0.07009189265017036, 0.7232543890625364, -0.5667476613166712, -0.126760072357316, 0.5045016069991733, 0.7200953359684215, 0.023354095262487787], [-0.05952197015514443, -0.5824316314952068, 0.4429480820869448, 0.6218975969003532, 0.1565000971755851, -0.642701791970618, -0.01260480092274649, -0.3253318048826608, -0.34071394573040326, 0.30651045625390705, 0.48607884008650126, 0.05321761622662374, -0.1277977706528855], [-0.7310139077394172, -0.3149181003246481, -0.12897616922188798, -0.3068347324608438, -0.5617103047617023, 0.23657528072131778, 0.7618000577211033, -0.2618213248019152, -0.20386660272307117, 0.20868597810997952, -0.025170752588850084, 0.40068871294177294, -0.15275360960404138]], "inverted": true, "swapped": false, "error_lsq": 0.045234605781092445, "error_max": 0.30634265912424624, "target": "540.xyz", "model": "7.xyz", "model_rescale": 3.964800864290218, "target_rescale": 3.8891401061783992},
{"mapping": [2, 7, 0, 6, 4, 8, 5, 12, 1, 3, 11, 9, 13], "R": [[0.28666830588228737, 0.45272461159645944, 0.8443113812198756], [-0.7702495122992008, 0.6329695351629168, -0.0778797557680076], [-0.5696814646848033, -0.6280047719647328, 0.5301632156082703]], "T": [0.07476586614637265, 0.04510999609948077, -0.06323501552055673], "aligned_model": [[-0.1833169704066791, 0.11155960280375203, -0.5972468829641389, 0.0801051149014355, 0.3092473020890206, 0.317383004165876, -0.08054430026532333, 0.6781219450585798, -0.42359663403515885, -0.3838501959063623, 0.7644863318489354, 0.6918725020888274, 0.10639528144213885], [-0.06297135035449478, -0.6153778174534329, 0.22610658043158421, 0.610535800165027, 0.35265520582398724, -0.5329046944236681, -0.09996778468979337, -0.285101080722724, -0.5158414424947354, 0.510738358084915, 0.4955805410922872, -0.1137282934174989, 0.006324950878796552], [-0.6635019559558255, -0.32639890752056483, -0.2329361469716692, -0.1927378174134144, -0.6510511391405416, 0.3818419702762092, 0.7454070021231043, -0.37564023966409704, -0.05384389608318381, 0.25112820090975396, -0.15540492264106864, 0.19716184399914033, -0.0033394666500469877]], "inverted": false, "swapped": false, "error_lsq": 0.043439467729756036, "error_max": 0.22660327123658683, "target": "540.xyz", "model": "8.xyz", "model_rescale": 4.121658175737393, "target_rescale": 3.8891401061783992},
{"mapping": [6, 1, 8, 7, 9, 0, 10, 4, 2, 11, 5, 5, 12], "R": [[-0.9250932597981248, -0.17886656048443217, 0.3349764383005889], [0.3326478486360191, 0.043771006246985655, 0.9420347699580703], [-0.18316077493259142, 0.9828992077281349, 0.019007313684402616]], "T": [0.007640790236934508, 0.02488214754825178, -0.0406695882987854], "aligned_model": [[-0.1461867401917114, 0.05503524793312081, -0.6327597720627126, 0.026998445176560137, 0.4518635307102178, 0.38765198163444314, 0.20715603099056568, 0.6953540958329991, -0.46751918543090376, -0.3487350828276363, 0.571848045223721, 0.571848045223721, 0.018061458608519224], [0.003639141953187316, -0.6034271074392458, 0.2026363519820244, 0.6920933979040395, 0.33499156193828716, -0.5945657284122557, 0.11850951648931077, -0.3922824442368229, -0.4792584181884877, 0.41319478088919437, 0.16707799140862825, 0.16707799140862825, -0.05363806277623763], [-0.7159975646846931, -0.31979852121379293, -0.33873652765924495, -0.13898204380219586, -0.6728785134082167, 0.2604949290384001, 0.6859034741578132, -0.416371638314021, 0.00843986456790164, 0.3132253261020739, 0.16710052910236364, 0.16710052910236364, -0.07881531772095557]], "inverted": false, "swapped": false, "error_lsq": 0.056075850253922956, "error_max": 0.3634473535366204, "target": "540.xyz", "model": "9.xyz", "model_rescale": 3.833441315466971, "target_rescale": 3.8891401061783992},
{"mapping": [0, 13, 1, 12, 10, 2, 3, 8, 5, 6, 11, 9, 14], "R": [[0.3964564609424842, 0.6449723402782379, 0.6533245402194637], [0.6856815507676302, 0.26517839190241144, -0.6778799535352474], [-0.6104613710251113, 0.7167224712146706, -0.33711394771216063]], "T": [0.06981571422672683, 0.10692607647582868, -0.0286568652644488], "aligned_model": [[-0.22442174992449465, -0.014128134325916808, -0.5871910796272306, -0.07276983397388392, 0.4814490927429377, 0.20426349408301084, 0.21223126511122187, 0.7983607058287123, -0.3922043122174661, -0.3955243178177643, 0.5762591662389184, 0.6828316598093764, 0.1214601448934818], [-0.09328533942347318, -0.6103573189002827, 0.24568614542192901, 0.6352768045664468, 0.14872405776296643, -0.5657364287237503, -0.16398701042006925, -0.0925805363419653, -0.38551456336143797, 0.5216639573354344, 0.5553674002066387, -0.2850958571180646, 0.06588766191587789], [-0.6093139631605494, -0.3665096474381979, -0.3363850716571066, -0.2807182206547937, -0.7389842784842402, 0.1860503854700743, 0.7841443158139462, -0.2209552506720595, 0.009747729098484814, 0.24093674148806857, -0.11670509141412574, 0.3297289332480339, 0.039647943630261404]], "inverted": false, "swapped": false, "error_lsq": 0.049708292728326185, "error_max": 0.3010164872990806, "target": "540.xyz", "model": "10.xyz", "model_rescale": 4.2482417240324, "target_rescale": 3.8891401061783992},
{"mapping": [11, 9, 8, 2, 7, 1, 5, 0, 3, 4, 10, 12], "R": [[-0.874555050863889, -0.07685422467988075, -0.4787973382938917], [0.4350252935027122, -0.5605938560902782, -0.7046187071932677], [-0.21425792172365563, -0.8245168019286733, 0.5237037199753053]], "T": [0.01807313270338272, -0.09348598146254136, 0.077581455317588], "aligned_model": [[-0.735365579290766, 0.03707473382368322, 0.35215905594533753, 0.7628885059238321, -0.45999227342914967, 0.1393932740561229, -0.4216452329171303, 0.5754459201640594, 0.18434056279192196, 0.0005820849611866546, -0.5236267512752854, -0.034488698390805615], [-0.08538390080640659, -0.6780269641275575, -0.09657775550660253, -0.37828280997254937, 0.583825438972605, 0.5985010459881802, 0.19759265891285385, 0.3349015852860252, -0.2648095099591216, 0.4429159793757266, 0.03258623680345321, -0.021110614915967205], [0.13081004824371298, -0.04578591271570054, 0.4371871363788832, -0.18554303394305163, 0.04884389824120727, 0.34845435619443066, 0.6786624860607666, -0.23599352009680072, -0.5794330872818587, -0.5711619716593626, -0.44389665220486085, -0.016951457363009348]], "inverted": false, "swapped": true, "error_lsq": 0.04715469891910376, "error_max": 0.269729010266323, "target": "540.xyz", "model": "11.xyz", "model_rescale": 3.6694154284099745, "target_rescale": 3.8891401061783992},
{"mapping": [0, 4, 5, 12, 1, 11, 9, 3, 6, 10, 2, 8, 13], "R": [[0.4782246127855207, 0.8540427569135385, -0.20472466653938293], [-0.8778404102757398, 0.471849239430069, -0.08218582199008748], [0.026408972207562706, 0.2190188681661652, 0.9753631639415916]], "T": [-0.008463450899285227, 0.02308658636080192, -0.030598606712097562], "aligned_model": [[-0.23426593002515483, 0.2829745878586648, -0.777206779240342, -0.12789011845025017, 0.48389558341052763, 0.08856833979272882, 0.08980715619387718, 0.7802222456163034, -0.4012939327312024, 0.04205524741542123, 0.5359892232199425, 0.6336475224905759, -0.005887044730188768], [-0.09378809970184063, -0.528929586834424, 0.1744309838263283, 0.649907323370376, 0.2229770235322387, -0.6120236723222153, -0.051221376185924164, -0.21498647589064823, -0.3792422878807134, 0.5219111842352898, 0.38050216261419345, -0.0970168815684381, 0.0035286757260277156], [-0.698499357276003, -0.4281167369226705, -0.20581093779525123, -0.26426832019447116, -0.6894611785451638, 0.3330611791011902, 0.7628164683739411, -0.28068857001582337, -0.09118344762901939, 0.3594663481151535, -0.07684755143730097, 0.3513261321498737, -0.151109502656659]], "inverted": false, "swapped": false, "error_lsq": 0.04602076114162589, "error_max": 0.3022952268716549, "target": "540.xyz", "model": "12.xyz", "model_rescale": 3.9764082729961374, "target_rescale": 3.8891401061783992},
{"mapping": [3, 7, 14, 11, 8, 0, 5, 2, 4, 13, 1, 9, 15], "R": [[0.41627827800284256, 0.7958511097659258, 0.43969694830341116], [-0.11997512092767221, 0.5274390390305204, -0.8410790869264029], [-0.9012870606090929, 0.29737025942569595, 0.3150437480536882]], "T": [0.09428979351417183, 0.0992133336494112, 0.030451099999968173], "aligned_model": [[-0.2520913584309425, 0.13142642015184167, -0.6045246136595914, -0.11486972086457606, 0.3317217050627219, 0.4199514357974749, 0.007055947546705771, 0.7160482623275013, -0.2336942053670567, -0.2138717756274635, 0.6982957527558769, 0.48603570240918714, 0.019132548719223944], [-0.022382633704661814, -0.5509771178280916, 0.37496941205591267, 0.6416170256867252, 0.22591278625244263, -0.5368854914442048, -0.2575359244265998, -0.2266294678012673, -0.5262689935136313, 0.598455826060516, 0.28841609422729475, -0.07018900738402112, 0.03754646473983653], [-0.726964219104428, -0.35283332010140445, -0.24235844734637865, -0.5104696253919764, -0.6231743070467918, 0.15863344263000542, 0.7840717796622624, -0.34836599188976836, 0.16107298432189457, 0.204445143754954, -0.021526730381949452, 0.4539332321307502, -0.0157794159693731]], "inverted": true, "swapped": false, "error_lsq": 0.044842172553624625, "error_max": 0.2795288210434557, "target": "540.xyz", "model": "13.xyz", "model_rescale": 4.170626492500431, "target_rescale": 3.8891401061783992},
{"mapping": [11, 9, 5, 6, 3, 7, 8, 1, 10, 4, 2, 0, 13], "R": [[-0.023505384971708704, -0.7793592052815715, -0.6261363477871327], [-0.4303626563365338, 0.5731946838049027, -0.6973061296796124], [0.9023499769536731, 0.25307525284127463, -0.3488802595318781]], "T": [0.12333531723880484, 0.02784887692787461, -0.03355705026384476], "aligned_model": [[-0.2623899175700465, 0.1002767703981858, -0.6689719285308119, -0.14236116578537641, 0.42224969658672973, 0.383667007315976, -0.10449804000880517, 0.7051691199635904, -0.1671417136636625, -0.08053702555728037, 0.5016404758864197, 0.6496497476919499, 0.053863074094034485], [-0.0510072777196616, -0.6130312298394778, 0.3998486432227103, 0.6597910949562006, 0.1826887285848939, -0.5985114174413828, -0.18725227247754636, -0.43084045858623593, -0.45164331824502746, 0.4666060898653904, 0.5613481830901234, -0.017831931410119874, 0.05588413892038323], [-0.6206323446145829, -0.5285797069487126, -0.28071131491201673, -0.5209415791649048, -0.6353447359036895, 0.41066135960682787, 0.6397777473329178, -0.23822260522555594, 0.029993199626992262, 0.48508666803529704, 0.038525295018107225, 0.24350754612885822, -0.1024350037117421]], "inverted": false, "swapped": false, "error_lsq": 0.04525317491469191, "error_max": 0.25470734846911725, "target": "540.xyz", "model": "14.xyz", "model_rescale": 3.9786697098870705, "target_rescale": 3.8891401061783992},
{"mapping": [11, 10, 5, 6, 7, 1, 3, 0, 8, 9, 4, 12], "R": [[0.4384024489327047, 0.7895826428377163, -0.42937459507895304], [-0.21282158674631071, 0.5553419042198171, 0.803929313828206], [0.8732183375219452, -0.26106439731781694, 0.41150348172098766]], "T": [0.12286678343735496, -0.10470656389655178, 0.10569958330822517], "aligned_model": [[-0.005621192014812648, -0.5184548153467445, 0.5861955409666602, 0.5649012482737381, -0.05331496058994828, 0.3794677128320572, -0.46599000524464756, -0.06999533992183954, 0.5514578824641716, 0.037347768990615454, -0.5376256425755412, 0.014986398933627784], [-0.279246201909341, -0.10862445610519461, 0.06631768220439391, -0.5925363829918368, 0.4373444071128445, 0.5937061778944756, -0.2250676521488023, 0.4483164382390826, -0.03017281980412609, -0.6662607242152602, 0.4172409156962613, -0.04634289374805796], [-0.6178994593071053, -0.30656688658697917, -0.5231522205040874, -0.2611498536339036, -0.4970141778409004, -0.009679602098351489, 0.46266682237895473, 0.6051786691915577, 0.3330618489841219, 0.29174299746843424, 0.12058642697521356, 0.062191928846875674]], "inverted": true, "swapped": true, "error_lsq": 0.04355519230936896, "error_max": 0.21956186151881468, "target": "540.xyz", "model": "15.xyz", "model_rescale": 3.769337070930944, "target_rescale": 3.8891401061783992},
{"mapping": [9, 2, 11, 10, 6, 8, 5, 0, 7, 4, 12], "R": [[0.1694640506242648, 0.9689140407826623, -0.18024293916886136], [-0.9001799425363751, 0.07772546302436847, -0.4285263392754943], [-0.40119572106544843, 0.23487088787642624, 0.88536865735518]], "T": [0.017107415752304463, -0.040576711140980486, -0.10245582074213307], "aligned_model": [[-0.2951545409858385, -0.22344583625327946, -0.03338451887166088, -0.49835230484415616, 0.3138390122294544, 0.3958936892505083, 0.6155788216605783, -0.051680360056744416, 0.15714001174177314, -0.40465509238122943, -0.05315275079823475], [-0.14899534915709947, -0.8384142550687563, 0.7088309161849959, 0.46071284721062744, 0.3074829852373161, -0.3361599476232092, 0.4894523850124115, -0.5633198556410316, 0.5185030009849674, -0.013903202294227417, 0.011874972779347875], [-0.6004584292296533, -0.20581469560240168, -0.1825032578705944, 0.1510839991609228, -0.7014180209648623, -0.20290838838856734, -0.08576585348518097, 0.4583627270342571, 0.4941545106542267, 0.6257652617917148, -0.006280245876084847]], "inverted": true, "swapped": true, "error_lsq": 0.05231936835311291, "error_max": 0.3448239128598561, "target": "540.xyz", "model": "16.xyz", "model_rescale": 3.7852294659196426, "target_rescale": 3.8891401061783992},
{"mapping": [0, 4, 9, 8, 3, 5, 6, 1, 10, 11, 2, 7, 12], "R": [[-0.32230589215254607, -0.7142632949387328, 0.6212462131772043], [0.9454749162661747, -0.2104026843793437, 0.2486119327736229], [-0.04686250735098885, 0.6675018021767666, 0.7431320538743753]], "T": [0.14684744944294223, 0.021124460409359478, -0.13395599724877827], "aligned_model": [[-0.1895094979593205, 0.08287705330272985, -0.6656851140539951, -0.11134104565590644, 0.5047342418975684, 0.396583083351025, -0.03157858260961385, 0.787473371917575, -0.501374619004618, -0.030734808205889613, 0.6020939242593089, 0.4839953852404235, 0.06308270834161613], [-0.12268051969507793, -0.6426592417721542, 0.3017209137647147, 0.5833826544689106, 0.19373092168799297, -0.5428198299008214, -0.2992042259426026, -0.20162475087584916, -0.33417370144027597, 0.5345348693658947, 0.4213227565561746, 0.04993382777102237, 0.034585298932321165], [-0.7100907795437855, -0.37288207415429775, -0.22516043317890672, -0.33745129317463834, -0.8228822810222768, 0.09365762524218174, 0.6740953128101754, -0.2532680694477508, 0.1867096252351057, 0.3587978644070191, -0.05223089731781272, 0.4799888658424766, -0.09859894042969387]], "inverted": false, "swapped": false, "error_lsq": 0.04213429545685609, "error_max": 0.2414226773840296, "target": "540.xyz", "model": "17.xyz", "model_rescale": 3.901054581598922, "target_rescale": 3.8891401061783992},
{"mapping": [6, 7, 4, 10, 11, 3, 2, 12, 1, 8, 9, 13, 14], "R": [[-0.2959548750589009, -0.897340737368828, -0.32739931732860783], [0.5547488182706042, 0.11755706083919035, -0.8236711030952943], [0.777601736466836, -0.42539386279684277, 0.4630071283884758]], "T": [0.057332980282356616, 0.01714272679638863, -0.02012529859786935], "aligned_model": [[-0.16233533440147616, 0.06482929368378695, -0.6101840277412882, 0.00028165357792905854, 0.4234602065898934, 0.4485346732201683, 0.13396849924985557, 0.6687963918931474, -0.5157559410232784, -0.3880903621268518, 0.5561846634552206, 0.6637210785008223, 0.1072053059429742], [-0.14211027151740782, -0.5465055843892047, 0.41293372303583387, 0.7419391132390204, 0.11849814382238795, -0.5632676832402398, -0.1309678822739996, -0.31990908373418636, -0.34995376120926913, 0.24863010144622033, 0.44392426491780057, 0.04488864540609921, 0.017949247417194933], [-0.7202039079855376, -0.3692977636924988, -0.17291437283014807, -0.3994260927571073, -0.7218438479625783, 0.2856374867055059, 0.7897687356445672, -0.27406166337567117, -0.17010798495363405, 0.41395982387767727, -0.07664200629228615, 0.37865513803371176, -0.042839019144204495]], "inverted": true, "swapped": false, "error_lsq": 0.04023047177823066, "error_max": 0.24942297277009232, "target": "540.xyz", "model": "18.xyz", "model_rescale": 3.9405287249114394, "target_rescale": 3.8891401061783992},
{"mapping": [3, 2, 14, 12, 1, 5, 9, 6, 11, 13, 0, 8, 15], "R": [[-0.4318077802697947, -0.17167539829695178, -0.885477045731879], [-0.8854315704896212, -0.10642897298649062, 0.4524199461665278], [-0.1719097870359798, 0.979387783938836, -0.10604995894681074]], "T": [0.08196948421372113, 0.15420248358926164, -0.04344493810813605], "aligned_model": [[-0.20642121551009818, 0.21407923735419226, -0.6653339786787966, -0.07113837235605427, 0.4050526071371276, 0.34938779423172894, 0.008087068373376874, 0.6790307901821457, -0.420894816326233, -0.4365232971842052, 0.7300230048106504, 0.7282043907368927, 0.07706288805017619], [0.1735988784113943, -0.632448435256959, 0.20366880046017755, 0.5989090129605634, 0.11675922764327287, -0.5768930206238132, -0.13058883213569206, -0.2625406344535315, -0.28016953187308363, 0.3576361907353699, 0.3524004886135672, -0.06231263563281805, 0.11802946407180248], [-0.8446210604774158, -0.38848497638863316, -0.24049716448546865, -0.32439537715483585, -0.6176702616925814, 0.24853015320173938, 0.6653887109758923, -0.21115428809038925, 0.23523345955745106, 0.33220091613093405, -0.1592829422443528, 0.28484427017503827, -0.059406914239581846]], "inverted": false, "swapped": false, "error_lsq": 0.03872406934393797, "error_max": 0.22901494005588693, "target": "540.xyz", "model": "19.xyz", "model_rescale": 4.410303926677745, "target_rescale": 3.8891401061783992},
{"mapping": [2, 7, 0, 6, 4, 8, 5, 12, 1, 3, 11, 9, 13], "R": [[0.28666830588228737, 0.45272461159645944, 0.8443113812198756], [-0.7702495122992008, 0.6329695351629168, -0.0778797557680076], [-0.5696814646848033, -0.6280047719647328, 0.5301632156082703]], "T": [0.07476586614637265, 0.04510999609948077, -0.06323501552055673], "aligned_model": [[-0.1833169704066791, 0.11155960280375203, -0.5972468829641389, 0.0801051149014355, 0.3092473020890206, 0.317383004165876, -0.08054430026532333, 0.6781219450585798, -0.42359663403515885, -0.3838501959063623, 0.7644863318489354, 0.6918725020888274, 0.10639528144213885], [-0.06297135035449478, -0.6153778174534329, 0.22610658043158421, 0.610535800165027, 0.35265520582398724, -0.5329046944236681, -0.09996778468979337, -0.285101080722724, -0.5158414424947354, 0.510738358084915, 0.4955805410922872, -0.1137282934174989, 0.006324950878796552], [-0.6635019559558255, -0.32639890752056483, -0.2329361469716692, -0.1927378174134144, -0.6510511391405416, 0.3818419702762092, 0.7454070021231043, -0.37564023966409704, -0.05384389608318381, 0.25112820090975396, -0.15540492264106864, 0.19716184399914033, -0.0033394666500469877]], "inverted": false, "swapped": false, "error_lsq": 0.043439467729756036, "error_max": 0.22660327123658683, "target": "540.xyz", "model": "20.xyz", "model_rescale": 4.121658175737393, "target_rescale": 3.8891401061783992},
{"mapping": [5, 7, 0, 1, 8, 11, 4, 9, 3, 2, 6, 10, 12], "R": [[-0.4803889354671086, 0.4924460241306465, -0.7257571108840043], [-0.5321695696985049, 0.4940945066680783, 0.6875072127384093], [0.6971527951372541, 0.7164967074581342, 0.024707254682921453]], "T": [0.17758510154767596, 0.03210432861757218, -0.10567025144154894], "aligned_model": [[-0.07640070937199947, -0.07477359089473332, -0.7711670462769756, -0.2427813089939694, 0.542539500476069, 0.2574055928532891, 0.1061031389721842, 0.7522998064399092, -0.45691503503049347, -0.06726444650449415, 0.5398464792796335, 0.7891329718367659, 0.09259074803571771], [0.015467853522018397, -0.5768145684386395, 0.06430007793027276, 0.580662814834225, 0.21606672138170135, -0.7581395892875176, -0.08284584663786287, -0.3788974907858053, -0.1930686988969034, 0.47200153955590884, 0.5704026710300316, 0.059898599669533266, -0.012985110956713085], [-0.737428089172601, -0.28553388549187025, -0.3989218946134176, -0.17459436972731024, -0.6410852562908735, 0.2734237244044447, 0.45183166618924997, -0.25878258800653137, 0.06564054013396488, 0.4624413369250664, -0.06534593084154472, 0.3779718915821558, -0.14893261982293704]], "inverted": false, "swapped": false, "error_lsq": 0.05539871566960871, "error_max": 0.30701773117494674, "target": "540.xyz", "model": "21.xyz", "model_rescale": 4.08911054899281, "target_rescale": 3.8891401061783992},
{"mapping": [8, 5, 1, 0, 6, 9, 14, 10, 11, 2, 7, 12, 16], "R": [[-0.7696918368527894, -0.30226208740710214, 0.5623274017851879], [-0.10523805460957439, 0.9288386802777202, 0.35522339151854176], [-0.629682005574378, 0.21423430289345435, -0.7467290240238318]], "T": [0.06583303271998207, 0.0625710513772005, 0.031369482548018926], "aligned_model": [[-0.22867488120494472, 0.1860648455559672, -0.6387422822637215, 0.08378586592424013, 0.2844763115821811, 0.3421931833521733, 0.1389697352037555, 0.7227340432669918, -0.49053701499247415, -0.4639194283193505, 0.68605667182868, 0.6864528629298312, 0.08175618795757435], [-0.10603814625606299, -0.5553177845033408, 0.27868959684933037, 0.7429867552353642, 0.21696482813907547, -0.5635481396411426, -0.1211954102644573, -0.29721163123416156, -0.4198490082191933, 0.41903748871879726, 0.3315895888400278, -0.057485170610464695, 0.10742600586647838], [-0.5732775592616041, -0.28720037105481305, -0.2633588348642463, -0.33848395315646923, -0.6642754030487628, 0.2292265960001424, 0.6418639512146634, -0.2689185339465225, -0.17747564276233713, 0.3683380841194597, -0.18941967479798516, 0.41266600226257305, 0.030999864563698135]], "inverted": true, "swapped": false, "error_lsq": 0.042737538975165405, "error_max": 0.25989710686038525, "target": "540.xyz", "model": "22.xyz", "model_rescale": 4.204369325754507, "target_rescale": 3.8891401061783992},
{"mapping": [3, 2, 14, 12, 1, 5, 9, 6, 11, 13, 0, 8, 15], "R": [[-0.4318077802697947, -0.17167539829695178, -0.885477045731879], [-0.8854315704896212, -0.10642897298649062, 0.4524199461665278], [-0.1719097870359798, 0.979387783938836, -0.10604995894681074]], "T": [0.08196948421372113, 0.15420248358926164, -0.04344493810813605], "aligned_model": [[-0.20642121551009818, 0.21407923735419226, -0.6653339786787966, -0.07113837235605427, 0.4050526071371276, 0.34938779423172894, 0.008087068373376874, 0.6790307901821457, -0.420894816326233, -0.4365232971842052, 0.7300230048106504, 0.7282043907368927, 0.07706288805017619], [0.1735988784113943, -0.632448435256959, 0.20366880046017755, 0.5989090129605634, 0.11675922764327287, -0.5768930206238132, -0.13058883213569206, -0.2625406344535315, -0.28016953187308363, 0.3576361907353699, 0.3524004886135672, -0.06231263563281805, 0.11802946407180248], [-0.8446210604774158, -0.38848497638863316, -0.24049716448546865, -0.32439537715483585, -0.6176702616925814, 0.24853015320173938, 0.6653887109758923, -0.21115428809038925, 0.23523345955745106, 0.33220091613093405, -0.1592829422443528, 0.28484427017503827, -0.059406914239581846]], "inverted": false, "swapped": false, "error_lsq": 0.03872406934393797, "error_max": 0.22901494005588693, "target": "540.xyz", "model": "23.xyz", "model_rescale": 4.410303926677745, "target_rescale": 3.8891401061783992},
{"mapping": [3, 10, 2, 0, 1, 9, 15, 11, 4, 5, 7, 14, 16], "R": [[0.7582674650682384, 0.6453873345139358, 0.0922260259795767], [-0.48314466439988846, 0.6512686041769948, -0.5851670175900794], [-0.4377232969364409, 0.39915459869873265, 0.8056512407094936]], "T": [0.20652304405193622, 0.03600085712672999, 0.047834318662107675], "aligned_model": [[-0.33280417205379587, 0.1423178682978285, -0.5916737972318274, -0.09676733163453283, 0.4043869348429208, 0.3487120630903374, 0.0889850760397297, 0.7573035696931524, -0.43581531426245057, -0.30067316100237695, 0.5854800085789389, 0.669095529412848, 0.15206882705013175], [0.014182244679944313, -0.5134329599464108, 0.32820489115411844, 0.6172729482214466, 0.07101658214965859, -0.5419566225369526, -0.2484170589122803, -0.22213546337248827, -0.18480182982070256, 0.23893810091483908, 0.4717237821909655, -0.09855324222082126, 0.04400760041893309], [-0.671819130403899, -0.29536259615275146, -0.2844194341250099, -0.32703034387159063, -0.7864073305574152, 0.24319915222763266, 0.6917329643714595, -0.12745954667342968, -0.06411200716381212, 0.359556178803679, -0.2815105587722386, 0.5233044861284103, -0.05898730854323876]], "inverted": false, "swapped": false, "error_lsq": 0.041409641920592884, "error_max": 0.2001012582639451, "target": "540.xyz", "model": "24.xyz", "model_rescale": 4.28219845311461, "target_rescale": 3.8891401061783992},
{"mapping": [4, 2, 7, 3, 1, 14, 12, 6, 13, 9, 8, 10, 15], "R": [[-0.9596170531022443, 0.28130245893748534, 0.002009475326785626], [-0.2810623572118443, -0.9584496151799422, -0.04876767905019239], [-0.011792487179821938, -0.04736308432888709, 0.9988081274644138]], "T": [0.09037695640767408, 0.04255668710981507, -0.07125437634476982], "aligned_model": [[-0.2508340609254387, 0.09119585488260928, -0.6699395899755957, -0.17583829935907297, 0.34518751982423146, 0.3689978639065011, -0.15113052893806989, 0.8452602922933649, -0.3674444445938763, -0.26941254656667185, 0.7454122001838148, 0.7691268183235777, 0.11003502176552925], [-0.004513353375685508, -0.60753040584826, 0.18009151725061473, 0.6454813118265207, 0.46581783372332464, -0.5391278263080128, -0.1752176826558987, -0.38055409277035773, -0.3106468444478649, 0.501113311175815, 0.26982558360574527, -0.08474730867308998, 0.016056929417399262], [-0.7162412180438138, -0.28611741495896725, -0.16371477621511193, -0.47826381034733634, -0.47843858206182, 0.3339099627190525, 0.6206042498413504, -0.32290006399370397, 0.06499277781694153, 0.2710189354303902, -0.10623630061256932, 0.3196383665332812, -0.13756760083989727]], "inverted": false, "swapped": false, "error_lsq": 0.04549364829808858, "error_max": 0.3288505304943066, "target": "540.xyz", "model": "25.xyz", "model_rescale": 4.100010024507729, "target_rescale": 3.8891401061783992},
{"mapping": [11, 9, 8, 2, 7, 1, 5, 0, 3, 4, 10, 12], "R": [[-0.874555050863889, -0.07685422467988075, -0.4787973382938917], [0.4350252935027122, -0.5605938560902782, -0.7046187071932677], [-0.21425792172365563, -0.8245168019286733, 0.5237037199753053]], "T": [0.01807313270338272, -0.09348598146254136, 0.077581455317588], "aligned_model": [[-0.735365579290766, 0.03707473382368322, 0.35215905594533753, 0.7628885059238321, -0.45999227342914967, 0.1393932740561229, -0.4216452329171303, 0.5754459201640594, 0.18434056279192196, 0.0005820849611866546, -0.5236267512752854, -0.034488698390805615], [-0.08538390080640659, -0.6780269641275575, -0.09657775550660253, -0.37828280997254937, 0.583825438972605, 0.5985010459881802, 0.19759265891285385, 0.3349015852860252, -0.2648095099591216, 0.4429159793757266, 0.03258623680345321, -0.021110614915967205], [0.13081004824371298, -0.04578591271570054, 0.4371871363788832, -0.18554303394305163, 0.04884389824120727, 0.34845435619443066, 0.6786624860607666, -0.23599352009680072, -0.5794330872818587, -0.5711619716593626, -0.44389665220486085, -0.016951457363009348]], "inverted": false, "swapped": true, "error_lsq": 0.04715469891910376, "error_max": 0.269729010266323, "target": "540.xyz", "model": "26.xyz", "model_rescale": 3.6694154284099745, "target_rescale": 3.8891401061783992},
{"mapping": [5, 7, 4, 0, 1, 9, 11, 3, 8, 2, 6, 12, 13], "R": [[-0.8207442685912459, 0.5344959378293446, 0.20172490678780877], [0.5641140204293515, 0.8140354972979799, 0.13828080522568578], [-0.09030070614150268, 0.22728902653397098, -0.9696316212292099]], "T": [0.021476592092534677, -0.06205367544377252, -0.06700851215394783], "aligned_model": [[-0.16501072639449804, 0.24914375553288426, -0.7511350650692831, -0.1910594082086674, 0.4251292915248009, 0.16901538472954003, 0.1339419929713891, 0.7416522117300866, -0.45226243349482537, 0.012018050418693658, 0.5793339499390023, 0.6205276372607488, 0.019321459881031802], [0.009865295873722812, -0.47995200977785635, 0.21360661326814231, 0.4933364021063965, 0.3614148339470239, -0.6297338519640053, 0.04297087426216953, -0.41899424036703203, -0.47908578832350557, 0.52159959433008, 0.3366403936675173, 0.01652785193347145, -0.01214699603587429], [-0.8325335877258062, -0.4789031219393479, -0.01588901945439239, -0.355632235135837, -0.7283598359532811, 0.28060486118419753, 0.7770867708617876, -0.1492990360645131, -0.167072216326107, 0.28140079150337094, -0.0990809201775374, 0.4474772526592093, -0.03911517816394659]], "inverted": true, "swapped": false, "error_lsq": 0.05425586464963913, "error_max": 0.2990415118650416, "target": "540.xyz", "model": "27.xyz", "model_rescale": 4.103607728864725, "target_rescale": 3.8891401061783992},
{"mapping": [3, 9, 12, 2, 0, 6, 11, 5, 10, 13, 1, 7, 14], "R": [[0.1622761129320376, -0.9824048230296817, 0.09245121340300778], [-0.8236326191674403, -0.08325764067789787, 0.5609790316153824], [-0.5434112363717287, -0.16717933172725014, -0.822651383775764]], "T": [0.022125528494973984, -0.021982412775200577, 0.019022678415290997], "aligned_model": [[-0.25147227807524364, 0.24030108178668605, -0.6776796816891273, -0.07793404673263703, 0.35271402513516636, 0.2746434536551793, -0.006116081564426716, 0.6870941982091746, -0.29952858163411356, -0.30682882694793445, 0.6860185437876782, 0.6650290359058729, 0.10437525898462838], [0.09867981198586451, -0.6937051241314838, 0.4167075480644094, 0.6034834635488693, 0.07694223125110636, -0.555041156665733, -0.20488703247530574, -0.30317214558282574, -0.40911455013302533, 0.3538144349631515, 0.48366958248278175, 0.03677660460637036, 0.07189530500607029], [-0.669537936434618, -0.39487580315598764, -0.21574828056912682, -0.35527830367200514, -0.6059708428912044, 0.24999959476517702, 0.680694458841886, -0.09883067471465454, -0.061243241921919336, 0.4318644086446363, -0.3072026363781068, 0.3404316135718915, -0.0736178308181719]], "inverted": true, "swapped": false, "error_lsq": 0.03779897673124138, "error_max": 0.2254111372382558, "target": "540.xyz", "model": "28.xyz", "model_rescale": 4.137296879288765, "target_rescale": 3.8891401061783992},
