[{"mapping": [5, 8, 5, 2, 3, 7, 11, 9, 4, 10, 1, 12], "R": [[0.6950536419732272, -0.4969875837613451, 0.5195226427854835], [0.5083398037814388, -0.17128721600582317, -0.8439498406448234], [0.5084201792525562, 0.8506844486764964, 0.1335847675027513]], "T": [-0.048911006246241874, -0.03848665321990928, 0.14192773961527988], "aligned_model": [[0.13474046895073813, 0.25202803986468136, 0.13474046895073813, -0.03295642120918094, -0.21528255736236582, -0.611131014703914, 0.4042183187639329, -0.37564394779623267, 0.6357560665385723, 0.040640188896813874, -0.5819882679926358, 0.052521119559401704], [-0.347519528645264, -0.5660097262424378, -0.347519528645264, 0.633896750065923, 0.30638427962374226, -0.6349180655868655, -0.22715328644106203, -0.4852068674128369, 0.16759636123369537, 0.30047122305974894, 0.3100432473681722, -0.056509822400494264], [-0.5972290127990108, 0.009166938745628461, -0.5972290127990108, -0.04255245103413818, -0.6339814450009413, -0.1508019711271265, 0.5633895272432892, 0.6453207428927876, -0.1679488270803523, 0.5871125976385999, 0.5566544781433851, 0.010050180530452063]], "inverted": false, "swapped": true, "error_lsq": 0.05816744925096718, "error_max": 0.40287892120312424, "target": "541.xyz", "model": "0.xyz", "model_rescale": 3.751011558992144, "target_rescale": 3.9104164703120046},
{"mapping": [6, 4, 0, 7, 3, 12, 2, 11, 9, 10, 8, 5, 14], "R": [[-0.8170869037231993, 0.23894415458365087, -0.524666258448492], [-0.5419794640019799, -0.6286146234006585, 0.5577651081297348], [-0.1965381702473133, 0.7401009027403984, 0.6431356010972225]], "T": [0.049382205170316607, -0.03930411683624476, -0.036619747983640524], "aligned_model": [[-0.5917882868034112, 0.02985943164834283, 0.37582140967844907, -0.2903529637080717, 0.27513240163494934, -0.3189048475447444, 0.828795010868103, -0.711890077545754, -0.10833499291390111, -0.3159928771287566, 0.5618668085176615, 0.42055283646356434, 0.017184890683440673], [0.019872565749488848, 0.6684067852216165, -0.5045346236473536, -0.477046458713742, -0.7671978045956971, -0.6252677276485419, -0.28875349091987884, -0.08004113147699746, 0.05219778809937759, 0.6356012124145334, 0.3498750308450948, 0.1752238473126274, -0.06328878395220483], [-0.42278585956058334, -0.38923584281237344, -0.5391160562206879, -0.4008156855667244, 0.014502826569091201, 0.23354020034971218, 0.08182344545395666, 0.19904101695846504, 0.5965803058349848, 0.25227053207559735, -0.19884605436399766, 0.41757862504199283, 0.0006881751230841671]], "inverted": false, "swapped": false, "error_lsq": 0.05025798336303203, "error_max": 0.25694982693597773, "target": "541.xyz", "model": "1.xyz", "model_rescale": 3.9405287249114394, "target_rescale": 3.9104164703120046},
{"mapping": [6, 11, 3, 7, 4, 1, 8, 0, 2, 5, 9, 9, 12], "R": [[0.06980606778052079, -0.9841251027030313, -0.16317136737420973], [-0.8802843480901006, -0.13771833186362953, 0.45401886257763113], [-0.46928304828600836, 0.11194392926124744, -0.8759234996807339]], "T": [-0.01857873583816998, -0.13021470609136807, -0.05923598769746402], "aligned_model": [[-0.39026280827274024, -0.05398808647357535, 0.24477849166037796, -0.2559209391643998, 0.2983549282148641, -0.46781762657985204, 0.7432344789360998, -0.7968279369071319, -0.1396735306113089, -0.17086938705582908, 0.5856401450397325, 0.5856401450397325, -0.010339129976097414], [-0.01875459872083736, 0.5392106007296064, -0.34144675135252045, -0.6900774556084859, -0.7436985844233863, -0.6484249920623885, -0.18737406856183936, 0.13726606212848566, -0.0397778598389347, 0.4562865551377945, 0.38944949046902166, 0.38944949046902166, -0.1470606796772145], [-0.43973997999298065, -0.3005453855923774, -0.520564148931915, -0.5682863126944377, 0.06277346070483858, 0.33683073763714694, 0.07139020870671672, 0.101114278731744, 0.6050883721151021, 0.34188756995659814, 0.06425398717482632, 0.06425398717482632, 0.026768853892429167]], "inverted": false, "swapped": false, "error_lsq": 0.055989427989722326, "error_max": 0.4720295054482915, "target": "541.xyz", "model": "2.xyz", "model_rescale": 3.932901565614263, "target_rescale": 3.9104164703120046},
{"mapping": [12, 10, 5, 9, 7, 8, 4, 11, 3, 1, 6, 0, 13], "R": [[0.40813790447424575, 0.681620372810533, 0.607303151894506], [-0.8571014419956284, 0.057054449439847985, 0.5119784252565049], [0.314325578119863, -0.7294782088374854, 0.6075038878648169]], "T": [0.01681629481500881, -0.05527516841257094, 0.08437487228564211], "aligned_model": [[-0.1428956685686956, -0.330148028484646, 0.33480826434556044, -0.17812449543701647, 0.2902545498297283, -0.5005910990997006, 0.8853416446099176, -0.8548166763194729, -0.1277059737740346, 0.0460690908478943, 0.29916624902007305, 0.4369582241463662, 0.01363266273389806], [0.0019150508915665929, 0.4388023607046596, -0.28681858889479284, -0.6091203131211674, -0.714024308670272, -0.5423938659218724, -0.1472524229241132, 0.12230735117273395, -0.16079205939481606, 0.628183659382852, 0.310434082589336, 0.08946029504593594, -0.03565403217172701], [-0.6601727606617751, -0.3011748571655108, -0.5173463566901524, -0.357265913158224, 0.11636921946428226, 0.2682000304962072, 0.06363105503988198, 0.16455660796428012, 0.5625641420110683, 0.36862287235761837, -0.41884228538466306, 0.5858554142592891, -0.029771539649784212]], "inverted": true, "swapped": false, "error_lsq": 0.060811229272778315, "error_max": 0.4255557273404675, "target": "541.xyz", "model": "3.xyz", "model_rescale": 3.9243930471874484, "target_rescale": 3.9104164703120046},
{"mapping": [9, 8, 7, 1, 0, 5, 2, 11, 6, 10, 4, 3, 12], "R": [[0.8705768831795619, -0.2813641252050397, -0.4036460324603258], [0.49066168102994584, 0.4352518970551447, 0.7548555496773973], [-0.036701570024011004, -0.855213432516995, 0.5169748345908842]], "T": [-0.061874770935848256, 0.019556419049661822, -0.020264479840333784], "aligned_model": [[-0.6238534106543022, -0.08644637751369999, 0.449384279704351, -0.07842491198175078, 0.35008698118469694, -0.26958474733291077, 0.7952123140686678, -0.8015959832399092, -0.22560404113937954, -0.12239071335721158, 0.4556876107110638, 0.39734392003002417, -0.06786617662976753], [0.05908978504050395, 0.4329778080919787, -0.1319201821253152, -0.5712208015195948, -0.7011970338046638, -0.6397874202465061, -0.317585036697518, 0.16248706943023256, -0.0788054719485976, 0.6801093483074538, 0.2770541610250363, 0.018558733649466662, -0.09471375051415384], [-0.44488726920815014, -0.4944114614280394, -0.6190864745492253, -0.42134884561679914, 0.16446323423887546, 0.28916300287929136, -0.07459548248810452, 0.22163929986704387, 0.6761794728325115, 0.21876557659758983, -0.15513984238529993, 0.47174219578115284, 0.012742222361670774]], "inverted": false, "swapped": false, "error_lsq": 0.04726960069104843, "error_max": 0.2880053063695879, "target": "541.xyz", "model": "4.xyz", "model_rescale": 3.8936222436046832, "target_rescale": 3.9104164703120046},
{"mapping": [6, 4, 11, 10, 8, 5, 3, 0, 1, 2, 9, 12], "R": [[-0.229618045172538, -0.6721279147165129, 0.7039315446760251], [0.6080045979229576, -0.6638255604149668, -0.43550664087278657], [0.7600039225133547, 0.3279934322491652, 0.5610831900580584]], "T": [-0.06152172565193536, 0.09308343747208395, -0.011103838949880387], "aligned_model": [[-0.015168892275001629, -0.4928000211365497, -0.16811560194826117, 0.3566695696499621, -0.6172323138030592, -0.7842173590022256, -0.22748321160705048, 0.13192940861375704, 0.680578016783534, 0.22071655935464063, 0.14811642643377212, -0.2054445388484213], [-0.5303782920146692, -0.5273244145904803, 0.1359687197733486, -0.08224776876387627, 0.3099719604914667, 0.008753389850634244, -0.33537289199589426, 0.17726016534722233, 0.22829094178083192, -0.5045958902696109, 0.7760264833388969, 0.012570502161937294], [-0.6072606810950014, -0.2017758739526161, -0.6477748059366305, -0.3509220622846124, -0.18607653136797891, 0.37123286041328313, 0.7220622234339714, 0.44243459386353096, 0.0818995443269696, 0.2113998738433479, -0.23327161767461785, 0.017337195705872204]], "inverted": true, "swapped": true, "error_lsq": 0.037103161164012737, "error_max": 0.2486166205043888, "target": "541.xyz", "model": "5.xyz", "model_rescale": 3.6523030999806103, "target_rescale": 3.9104164703120046},
{"mapping": [9, 8, 7, 11, 3, 4, 0, 10, 2, 6, 5, 1, 12], "R": [[0.058606782186734596, 0.7485129983743413, -0.6605251973591695], [0.9888595244742764, -0.13421902470245223, -0.06435910397473388], [-0.13682867366975654, -0.6493947525754853, -0.7480403527813184]], "T": [-0.028044435517032045, 0.00031725113111726044, -0.019538784421944982], "aligned_model": [[-0.46079766165205016, -0.0057178653731548255, 0.20941130805529826, -0.39734485560014765, 0.3700580022123917, -0.2953868445479366, 0.9179565190161434, -0.7974481725091406, -0.09513809056023569, -0.285496081768525, 0.5325778866923585, 0.41858110862751075, 0.06069349125736], [0.1133273781003873, 0.6146743736716705, -0.4058051178807658, -0.687731845060386, -0.5581383741653584, -0.4380600479272012, -0.2747698511374872, 0.03424405866176573, -0.1767243901153871, 0.4983620223914675, 0.23791242458604012, 0.1825804871569789, -0.04482390959340157], [-0.5875319460469464, -0.29480220900972576, -0.5150157777625757, -0.42546321593287073, 0.09128750576496096, 0.23636155151140928, 0.10919742138854097, 0.10512036245605036, 0.7155573541387235, 0.3095425394703887, -0.32475129297659067, 0.48014171560223484, -0.05441837972108183]], "inverted": true, "swapped": false, "error_lsq": 0.04761370279723202, "error_max": 0.26889120964014607, "target": "541.xyz", "model": "6.xyz", "model_rescale": 4.08911054899281, "target_rescale": 3.9104164703120046},
{"mapping": [1, 13, 11, 9, 8, 3, 10, 2, 6, 7, 12, 5, 14], "R": [[-0.47461532468491374, 0.7121048616796315, 0.5173460732879558], [0.8447750435043397, 0.533583374860357, 0.04054513466339507], [-0.2471748762444821, 0.45628439382129304, -0.854815262210883]], "T": [0.0249398467580454, -0.09029955992966075, 0.03494354244270302], "aligned_model": [[-0.4985692944048511, -0.06097454995273451, 0.2706142188088675, -0.17196104611390178, 0.3293650092250789, -0.3227020216514602, 0.7262681207324154, -0.671357821862608, -0.32660051796777356, -0.12200205603333633, 0.5055472253763476, 0.523161870917978, -0.008840393224149853], [-0.12942950372742662, 0.510438638402065, -0.12722008366838372, -0.7336488096457672, -0.6982950607599543, -0.6833663994047542, -0.21267527093989375, 0.31614572014670556, -0.07960666943303216, 0.5547185105035392, 0.38140425577523973, 0.19279658404429167, -0.1962147026043063], [-0.4772606018910436, -0.37447904591143044, -0.4968572104727563, -0.36741088984771364, 0.08800732210477151, 0.42720403179836736, -0.07658105565499941, 0.04549504794388136, 0.3891299347769382, 0.43699917361347845, -0.19853873927965476, 0.5370716311734441, -0.08755396947076526]], "inverted": false, "swapped": false, "error_lsq": 0.05493246041834894, "error_max": 0.29412303222938224, "target": "541.xyz", "model": "7.xyz", "model_rescale": 3.964800864290218, "target_rescale": 3.9104164703120046},
{"mapping": [9, 8, 12, 11, 4, 6, 2, 10, 3, 5, 7, 1, 13], "R": [[0.7250571055622701, -0.0474384186045234, -0.6870529747508304], [0.13802195692076397, -0.9673752352181241, 0.21245021462554944], [-0.6747163352709241, -0.24886693377582578, -0.6948547446708505]], "T": [0.06908505026944456, -0.10872421611061153, 0.09673205794595567], "aligned_model": [[-0.28354914021734184, -0.049901266332962824, 0.24172354276314822, -0.3745676614359842, 0.2516304301918735, -0.13871206532797098, 0.6772240486922004, -0.716494601811572, -0.23445047990226914, -0.3966198229326959, 0.6046739183544353, 0.5583824347260835, 0.032609407082927894], [0.03994498640289745, 0.5486079968661338, -0.1985188620942065, -0.6500866515528525, -0.7632751515851464, -0.6086598164915894, -0.3578255223648841, 0.11297954792949907, -0.1489290896596485, 0.5507094084580262, 0.19996704771104726, 0.41884672775970655, -0.04871341269065988], [-0.47545962559404503, -0.28381255133364897, -0.6332047953165385, -0.34737638532229087, -0.08584300100851829, 0.3050361083137871, 0.17873343338487335, 0.0026785399152748773, 0.7541607200597165, 0.31430271045319985, -0.2564073380230275, 0.3097505076635058, 0.0626673056902291]], "inverted": false, "swapped": false, "error_lsq": 0.06176479312613809, "error_max": 0.315727014131872, "target": "541.xyz", "model": "8.xyz", "model_rescale": 4.121658175737393, "target_rescale": 3.9104164703120046},
{"mapping": [1, 2, 8, 6, 7, 9, 11, 4, 5, 0, 3, 10, 12], "R": [[0.5659190798167943, 0.7658734228362456, 0.305243337834597], [-0.36190262732270295, 0.5634195402710103, -0.7426876261105525], [-0.7407847753809721, 0.3098327320247113, 0.5960214717020402]], "T": [0.06194788726999187, -0.10816793578919667, -0.010184843316621995], "aligned_model": [[-0.46733255638493976, 0.10260611930885977, 0.3147862536909145, -0.305283290198732, 0.3265810785781963, -0.44214980620755207, 0.6904525331720769, -0.7805087914430621, -0.04453332734782561, -0.26846028954390344, 0.5805334205741496, 0.47410187019338246, -0.008844470541692281], [0.22172627081571786, 0.3295807907927194, -0.4207057086913423, -0.49821863844551706, -0.698701292478542, -0.7444665284662589, -0.19731065826960634, -0.014184144512257135, -0.10369704285407491, 0.5613982367993602, 0.4739217592153221, 0.25468853734786323, -0.06898437256506118], [-0.303380580199823, -0.5478365999419212, -0.617594292290101, -0.44971159079192435, 0.18073539921531775, 0.17474604491667683, -0.018404311777505972, 0.253560695390116, 0.5983869834430905, 0.23747585268075716, -0.1323512179342328, 0.5141672376922021, -0.04456799152013413]], "inverted": false, "swapped": false, "error_lsq": 0.04599415468141873, "error_max": 0.24589968291571668, "target": "541.xyz", "model": "9.xyz", "model_rescale": 3.833441315466971, "target_rescale": 3.9104164703120046},
{"mapping": [2, 13, 5, 3, 6, 7, 1, 8, 11, 10, 0, 12, 14], "R": [[-0.02438306255545348, 0.7181607570243818, 0.6954499215116671], [-0.3992927239882851, 0.6307623090209231, -0.665360225809004], [-0.9164992017620267, -0.2939116135656442, 0.2713764480952749]], "T": [0.037333784936084045, -0.13877962684040257, 0.018751353721350103], "aligned_model": [[-0.34836033612605094, -0.0002765227442747889, 0.2988532469004148, -0.41252336785561367, 0.5037054302240733, -0.4042293319370767, 0.7659577062152484, -0.6267348381577208, -0.2629630495744557, -0.1142759227462089, 0.41624895348438207, 0.3984784710545073, -0.04193169488735198], [-0.07956912066388583, 0.40357507648181246, -0.09048192447693204, -0.7668209840255913, -0.6163586728067776, -0.5475678353903116, -0.025749719536506954, 0.24252961922356137, -0.11796966050241689, 0.5770541650063173, 0.4096998603962604, -0.11541726975989686, -0.17787632525730904], [-0.5848912689156391, -0.56444962532028, -0.6031088431294431, -0.3781295421337733, 0.14383257281573075, 0.3048076264189288, -0.025298099265855634, 0.1642693425240051, 0.6308998957661155, 0.3933853384407114, -0.12059177968782987, 0.5004657642083535, -0.015965752838506563]], "inverted": true, "swapped": false, "error_lsq": 0.05146591961916446, "error_max": 0.28751451327177757, "target": "541.xyz", "model": "10.xyz", "model_rescale": 4.2482417240324, "target_rescale": 3.9104164703120046},
{"mapping": [11, 4, 5, 3, 9, 7, 8, 0, 2, 1, 10, 12], "R": [[0.6439461362482535, 0.5310575519798025, 0.5507370062889958], [0.6234197485367372, -0.7814988865560387, 0.024643608625020796], [0.4434875316684081, 0.32747116941326493, -0.834314953993857]], "T": [-0.08652929438669299, 0.06702427906777227, -0.06774356954580726], "aligned_model": [[-0.7018814483354743, -0.09685163849025477, 0.38690892916094366, 0.7320395150547206, -0.4643349165353312, 0.2909691732782213, -0.23518597796538843, 0.3150152716956124, 0.21686911281064541, -0.11014616906253061, -0.4307962388181128, -0.02584001043004472], [-0.08477663971009124, -0.6997163661146529, -0.20804115534652745, -0.20976760672901718, 0.7052107295188925, 0.691787993062652, -0.0030355404447706402, 0.32387805851766377, -0.29895998628022913, 0.5049209523470649, -5.7394303479049724e-05, -0.05531165446686642], [0.06206216913538776, 0.07105458687757257, 0.5452630718128826, -0.11226179367669939, 0.030739154546868236, 0.4062581811951427, 0.5318088838809878, -0.21938218710536178, -0.5780296212538573, -0.6884943029377261, -0.5128073136616089, 0.028981461040768042]], "inverted": true, "swapped": true, "error_lsq": 0.047428042758004336, "error_max": 0.23596951985027179, "target": "541.xyz", "model": "11.xyz", "model_rescale": 3.6694154284099745, "target_rescale": 3.9104164703120046},
{"mapping": [2, 1, 12, 10, 7, 9, 5, 3, 11, 4, 0, 6, 13], "R": [[-0.5167840455974818, -0.8455867894443274, -0.1338552641218677], [0.46172046630510644, -0.14362026977683023, -0.8753213290582069], [0.7209358232262393, -0.5141558125962067, 0.46464539076874467]], "T": [0.0240327862161831, -0.11532821803991783, 0.006374986102459216], "aligned_model": [[-0.4500841591630563, -0.2095631768963519, 0.2546534399917326, -0.11928459871390215, 0.3552928073433047, -0.33476267157872047, 0.8157680235512891, -0.652084725604575, -0.2288577484250091, -0.15577752249406213, 0.44905175203277903, 0.3875786857546393, 0.06001863805180434], [-0.06732460022655837, 0.5162405743948906, -0.1958990751606743, -0.6419517357033899, -0.7693671021856714, -0.7509305583245827, -0.23628522469489527, 0.41724716598889316, -0.15112693215998318, 0.5339806451837512, 0.45201907615444664, -0.009995127364554962, -0.001559897213348635], [-0.43996832142371545, -0.5064868671694789, -0.6277314334372374, -0.31867360277156576, 0.1274751714771348, 0.3409818470310594, -0.049262312355259665, -0.015476126894199712, 0.6990462490138898, 0.31255288009711923, -0.0842549807516829, 0.42660605633789606, -0.019582930271441715]], "inverted": false, "swapped": false, "error_lsq": 0.05542906177138622, "error_max": 0.3906768129323174, "target": "541.xyz", "model": "12.xyz", "model_rescale": 3.9764082729961374, "target_rescale": 3.9104164703120046},
{"mapping": [13, 11, 1, 12, 0, 5, 2, 6, 4, 14, 8, 7, 15], "R": [[-0.9055594420449117, -0.14500040045140286, -0.398669011577576], [-0.41140062307668246, 0.5294481869359402, 0.7419124912564578], [0.1034969770352066, 0.8358585413927281, -0.5391000598454756]], "T": [-0.009645640558952128, -0.09830107900707791, -0.06085284764225381], "aligned_model": [[-0.5115052481233253, 0.0016063924132962877, 0.3577484859413609, -0.23689885895472113, 0.35854497893013865, -0.42472369292421275, 0.7704816753080843, -0.6795563326245633, -0.08334692514563684, -0.4009171446978782, 0.5255092800733892, 0.5022377824961032, -0.0072316488421625726], [0.09419633820336559, 0.5946305757056047, -0.35090722723612905, -0.3868136244692922, -0.5715596589048897, -0.7276433770898403, -0.2642408385760226, 0.0645523832748465, -0.19357242260598367, 0.5937702297286527, 0.30032958584833563, -0.019718294901063083, -0.03797646028926193], [-0.35336306088196406, -0.44849161299028434, -0.5131074970942526, -0.5827053371332467, 0.34850020019739214, 0.3058382868610063, -0.07202787061375811, 0.2683237313821285, 0.6472115657541262, 0.02131742221701348, -0.293995809381339, 0.4894505288389169, 0.028275081726779033]], "inverted": false, "swapped": false, "error_lsq": 0.05148909789190213, "error_max": 0.3325099452270919, "target": "541.xyz", "model": "13.xyz", "model_rescale": 4.170626492500431, "target_rescale": 3.9104164703120046},
{"mapping": [11, 9, 12, 5, 4, 6, 8, 3, 2, 1, 10, 0, 13], "R": [[0.9930233700014658, 0.11511651615188831, -0.02554944891742409], [0.11720826782168917, -0.939869159969338, 0.3207930549322572], [0.012915439797823895, -0.3215496071333054, -0.9468046480490291]], "T": [0.07055380657297836, -0.025808580730698902, 0.07329766038533256], "aligned_model": [[-0.41330333694367616, -0.16942858395471314, 0.3776100769438199, -0.21121547789683162, 0.4240682055429007, -0.5760342077701069, 0.7955307677479395, -0.5737867093317076, -0.08212181022924112, -0.019510594383902763, 0.3228446408486253, 0.29396971323639975, 0.003326060040366438], [-0.022457957416079546, 0.6037346875172585, -0.41497285969619885, -0.6869196371114936, -0.6168371881352958, -0.561083247391489, -0.13576036965832824, 0.15326219935909963, -0.27698020620214603, 0.704703716131817, 0.1948172181933277, 0.2220735942533536, -0.06853274115550238], [-0.44199903970351195, -0.3765802831773336, -0.4651944305402296, -0.48415912701317754, 0.24293222509234605, 0.019499538028380947, -0.044495814315333726, 0.24132313378623577, 0.6619700122317883, 0.29478052136621213, -0.38057665786197936, 0.5677652189802513, 0.009960332008869227]], "inverted": false, "swapped": false, "error_lsq": 0.0542148617077393, "error_max": 0.31152484046612183, "target": "541.xyz", "model": "14.xyz", "model_rescale": 3.9786697098870705, "target_rescale": 3.9104164703120046},
{"mapping": [0, 2, 9, 7, 10, 11, 3, 4, 8, 5, 6, 12], "R": [[0.38701488056849603, -0.4082597265182392, -0.8267668824534553], [-0.9178788917832075, -0.25600407496041416, -0.3032494907209139], [-0.08785113680188661, 0.8762339352632466, -0.47381037183212965]], "T": [0.07016783490724629, 0.011500238819804061, -0.15054375619361585], "aligned_model": [[-0.07131752799867783, -0.6271096859225302, 0.6462098652163456, 0.5928014713676132, -0.144339300138559, 0.3429127170874663, -0.4578760336160883, -0.2384631383417916, 0.5315197757653557, 0.16751867437763185, -0.30733690579865536, 0.04883468476922646], [-0.40892708933901173, 0.0005872719230930815, 0.08356566474456839, -0.6759363556606237, 0.45062978953270527, 0.5883903078526208, -0.6046540985508851, 0.27878696978698814, 0.028369060511484974, -0.45317571734623113, 0.7463644950307112, -0.01932580826098079], [-0.3816907369740526, -0.15902294477394, -0.6224548011108618, -0.2591598771374462, -0.4373421923154599, -0.04396327204389622, 0.14974613968575398, 0.5132087743396477, 0.26579764435889397, 0.5204115008026485, 0.1018860150721482, 0.012550243970394143]], "inverted": true, "swapped": true, "error_lsq": 0.06046964849155855, "error_max": 0.40382511525288994, "target": "541.xyz", "model": "15.xyz", "model_rescale": 3.769337070930944, "target_rescale": 3.9104164703120046},
{"mapping": [10, 1, 4, 2, 11, 9, 8, 7, 5, 3, 12], "R": [[0.322847150596855, -0.17973995260938794, -0.9292272417377071], [-0.46613520727684676, 0.8242729187537395, -0.32139092075875875], [0.8237036395988931, 0.5369056759293634, 0.18233104306829012]], "T": [-0.01833827056315522, 0.0062192540898661705, -0.08121788764116003], "aligned_model": [[-0.28482618225764506, -0.40287969508366267, -0.1393720618679964, -0.6948145368769969, 0.290561339587286, 0.42065705555845073, 0.5340527165060717, 0.43756381184373805, 0.23184212653699926, -0.4717244331902306, 0.0015659899351568585], [-0.0644369874355431, -0.6113293900651826, 0.7754119492567758, 0.1701851738549075, 0.21659423279155043, -0.5478616235114228, 0.27678219127071235, -0.4405658314414141, 0.4499660259258258, 0.22011910139816804, 0.15119965558096465], [-0.5762868774910821, -0.30122764009575154, -0.11213899779789437, -0.03783622320009232, -0.6093037909665093, -0.32615740125871506, 0.00894988221922062, 0.5104313578779947, 0.5638251019861243, 0.6240043177472021, -4.212179671982119e-05]], "inverted": true, "swapped": true, "error_lsq": 0.04494008226108666, "error_max": 0.2357427995407085, "target": "541.xyz", "model": "16.xyz", "model_rescale": 3.7852294659196426, "target_rescale": 3.9104164703120046},
{"mapping": [0, 4, 10, 9, 11, 8, 6, 3, 2, 1, 5, 7, 12], "R": [[-0.3550684335132989, 0.7223099978595964, 0.5934599182038177], [-0.8819675930917716, -0.46929768841744074, 0.043506831440059804], [0.30993478710580247, -0.5079645131681116, 0.8036868053561439]], "T": [-0.04375864515831167, -0.048263921111692684, 0.019853007400595257], "aligned_model": [[-0.5252662972815564, -0.04042251835825729, 0.3997135409242087, -0.19826935158909986, 0.2505229562581361, -0.41778501451948313, 0.8304582610378188, -0.7616602228175293, -0.11800734101353826, -0.10113051890706952, 0.35378488701345967, 0.5123720033868292, -0.012361640284046807], [-0.023517021998648375, 0.44841707873088876, -0.2868155566653023, -0.7549509422682265, -0.6530045411310851, -0.5736799500122827, -0.1251993204786065, 0.22314829016782417, -0.06340252938626748, 0.5558251644250651, 0.46713003952912285, 0.001735131979306151, -0.12063863420346528], [-0.46314298395934406, -0.485204949415196, -0.6091784803844188, -0.4534140221281951, 0.3124605876161549, 0.11067251438727913, -0.111368108076694, 0.22829510373750395, 0.6267673133232485, 0.3454893061834394, -0.07254404841693637, 0.4436994437607302, -0.02730604774505404]], "inverted": false, "swapped": false, "error_lsq": 0.04797189201886322, "error_max": 0.24409592522992565, "target": "541.xyz", "model": "17.xyz", "model_rescale": 3.901054581598922, "target_rescale": 3.9104164703120046},
{"mapping": [6, 4, 0, 7, 3, 12, 2, 11, 9, 10, 8, 5, 14], "R": [[-0.8170869037231993, 0.23894415458365087, -0.524666258448492], [-0.5419794640019799, -0.6286146234006585, 0.5577651081297348], [-0.1965381702473133, 0.7401009027403984, 0.6431356010972225]], "T": [0.049382205170316607, -0.03930411683624476, -0.036619747983640524], "aligned_model": [[-0.5917882868034112, 0.02985943164834283, 0.37582140967844907, -0.2903529637080717, 0.27513240163494934, -0.3189048475447444, 0.828795010868103, -0.711890077545754, -0.10833499291390111, -0.3159928771287566, 0.5618668085176615, 0.42055283646356434, 0.017184890683440673], [0.019872565749488848, 0.6684067852216165, -0.5045346236473536, -0.477046458713742, -0.7671978045956971, -0.6252677276485419, -0.28875349091987884, -0.08004113147699746, 0.05219778809937759, 0.6356012124145334, 0.3498750308450948, 0.1752238473126274, -0.06328878395220483], [-0.42278585956058334, -0.38923584281237344, -0.5391160562206879, -0.4008156855667244, 0.014502826569091201, 0.23354020034971218, 0.08182344545395666, 0.19904101695846504, 0.5965803058349848, 0.25227053207559735, -0.19884605436399766, 0.41757862504199283, 0.0006881751230841671]], "inverted": false, "swapped": false, "error_lsq": 0.05025798336303203, "error_max": 0.25694982693597773, "target": "541.xyz", "model": "18.xyz", "model_rescale": 3.9405287249114394, "target_rescale": 3.9104164703120046},
{"mapping": [12, 4, 13, 14, 11, 10, 9, 1, 2, 0, 7, 5, 15], "R": [[-0.03202770064028099, -0.9801805425661629, 0.19550020554055447], [0.7929023168802329, 0.09416821202497444, 0.6020284575748707], [-0.608506484992276, 0.17429415313980545, 0.774171431857068]], "T": [-0.04921378353138642, 0.001673950037325414, -0.058052973944836724], "aligned_model": [[-0.42015723868596677, -0.040787293437973736, 0.27679511498564247, -0.2455985852231032, 0.3231270754189206, -0.2687755875128383, 0.7056825945387558, -0.6038258802916598, -0.21293694543050928, -0.21183333636585636, 0.5322146786609346, 0.3947811909089086, -0.05673704371538236], [0.03038000629388478, 0.5966130165082696, -0.3306355432727953, -0.6641603133990893, -0.6076176373462889, -0.6811718939518129, -0.11292709184236191, 0.211306708741207, -0.26367251566274685, 0.65414641224184, 0.3329640989440783, -0.04984865698211542, -0.020329381583745955], [-0.46019222547541005, -0.4830724206381206, -0.542427254966911, -0.4013264878878404, 0.03858681185541756, 0.2635340353165728, 0.019457712629377226, 0.23173824846331642, 0.7531875960535332, 0.08515605180649724, -0.2767155668393619, 0.6430008944536976, -0.025701765888250926]], "inverted": true, "swapped": false, "error_lsq": 0.04767621198318695, "error_max": 0.2912259383644015, "target": "541.xyz", "model": "19.xyz", "model_rescale": 4.410303926677745, "target_rescale": 3.9104164703120046},
{"mapping": [9, 8, 12, 11, 4, 6, 2, 10, 3, 5, 7, 1, 13], "R": [[0.7250571055622701, -0.0474384186045234, -0.6870529747508304], [0.13802195692076397, -0.9673752352181241, 0.21245021462554944], [-0.6747163352709241, -0.24886693377582578, -0.6948547446708505]], "T": [0.06908505026944456, -0.10872421611061153, 0.09673205794595567], "aligned_model": [[-0.28354914021734184, -0.049901266332962824, 0.24172354276314822, -0.3745676614359842, 0.2516304301918735, -0.13871206532797098, 0.6772240486922004, -0.716494601811572, -0.23445047990226914, -0.3966198229326959, 0.6046739183544353, 0.5583824347260835, 0.032609407082927894], [0.03994498640289745, 0.5486079968661338, -0.1985188620942065, -0.6500866515528525, -0.7632751515851464, -0.6086598164915894, -0.3578255223648841, 0.11297954792949907, -0.1489290896596485, 0.5507094084580262, 0.19996704771104726, 0.41884672775970655, -0.04871341269065988], [-0.47545962559404503, -0.28381255133364897, -0.6332047953165385, -0.34737638532229087, -0.08584300100851829, 0.3050361083137871, 0.17873343338487335, 0.0026785399152748773, 0.7541607200597165, 0.31430271045319985, -0.2564073380230275, 0.3097505076635058, 0.0626673056902291]], "inverted": false, "swapped": false, "error_lsq": 0.06176479312613809, "error_max": 0.315727014131872, "target": "541.xyz", "model": "20.xyz", "model_rescale": 4.121658175737393, "target_rescale": 3.9104164703120046},
{"mapping": [9, 8, 7, 11, 3, 4, 0, 10, 2, 6, 5, 1, 12], "R": [[0.058606782186734596, 0.7485129983743413, -0.6605251973591695], [0.9888595244742764, -0.13421902470245223, -0.06435910397473388], [-0.13682867366975654, -0.6493947525754853, -0.7480403527813184]], "T": [-0.028044435517032045, 0.00031725113111726044, -0.019538784421944982], "aligned_model": [[-0.46079766165205016, -0.0057178653731548255, 0.20941130805529826, -0.39734485560014765, 0.3700580022123917, -0.2953868445479366, 0.9179565190161434, -0.7974481725091406, -0.09513809056023569, -0.285496081768525, 0.5325778866923585, 0.41858110862751075, 0.06069349125736], [0.1133273781003873, 0.6146743736716705, -0.4058051178807658, -0.687731845060386, -0.5581383741653584, -0.4380600479272012, -0.2747698511374872, 0.03424405866176573, -0.1767243901153871, 0.4983620223914675, 0.23791242458604012, 0.1825804871569789, -0.04482390959340157], [-0.5875319460469464, -0.29480220900972576, -0.5150157777625757, -0.42546321593287073, 0.09128750576496096, 0.23636155151140928, 0.10919742138854097, 0.10512036245605036, 0.7155573541387235, 0.3095425394703887, -0.32475129297659067, 0.48014171560223484, -0.05441837972108183]], "inverted": true, "swapped": false, "error_lsq": 0.04761370279723202, "error_max": 0.26889120964014607, "target": "541.xyz", "model": "21.xyz", "model_rescale": 4.08911054899281, "target_rescale": 3.9104164703120046},
{"mapping": [2, 4, 14, 15, 9, 11, 12, 1, 8, 0, 13, 7, 16], "R": [[0.8970093167150447, 0.351548582877644, -0.2679326027252551], [0.13832555834568308, -0.7989826159697752, -0.5852288606062164], [-0.4198098684342284, 0.48789381350332306, -0.7653230044304306]], "T": [0.05351615412854878, -0.10817052096789538, 0.06929345427228148], "aligned_model": [[-0.39962984590179146, -0.03808540393557455, 0.32467379790349216, -0.3308628637972692, 0.4583445444172865, -0.46793738452762096, 0.7682645113932272, -0.7288668568439073, -0.3774040792997519, -0.1297154198586642, 0.4904841060829261, 0.5403329005207205, 0.06235073769679931], [0.07263593767196809, 0.46234815368601845, -0.38035133517846875, -0.5284644101731635, -0.6938413045798705, -0.6441371734802708, -0.17168978933165663, 0.016242590265074616, -0.21988430430166028, 0.617728358183595, 0.31507116922026435, 0.31113804177242127, -0.06174872506592816], [-0.4628921867815401, -0.32110350050468106, -0.44472378526852807, -0.38580305765597644, 0.09481441040803734, 0.23275288249863016, -0.10411241174170721, 0.11824836374054501, 0.6008852159611069, 0.26823165000164134, -0.18888370714929928, 0.37422946830510073, 0.06358228706918859]], "inverted": false, "swapped": false, "error_lsq": 0.04301715658194071, "error_max": 0.2559851201050992, "target": "541.xyz", "model": "22.xyz", "model_rescale": 4.204369325754507, "target_rescale": 3.9104164703120046},
{"mapping": [12, 4, 13, 14, 11, 10, 9, 1, 2, 0, 7, 5, 15], "R": [[-0.03202770064028099, -0.9801805425661629, 0.19550020554055447], [0.7929023168802329, 0.09416821202497444, 0.6020284575748707], [-0.608506484992276, 0.17429415313980545, 0.774171431857068]], "T": [-0.04921378353138642, 0.001673950037325414, -0.058052973944836724], "aligned_model": [[-0.42015723868596677, -0.040787293437973736, 0.27679511498564247, -0.2455985852231032, 0.3231270754189206, -0.2687755875128383, 0.7056825945387558, -0.6038258802916598, -0.21293694543050928, -0.21183333636585636, 0.5322146786609346, 0.3947811909089086, -0.05673704371538236], [0.03038000629388478, 0.5966130165082696, -0.3306355432727953, -0.6641603133990893, -0.6076176373462889, -0.6811718939518129, -0.11292709184236191, 0.211306708741207, -0.26367251566274685, 0.65414641224184, 0.3329640989440783, -0.04984865698211542, -0.020329381583745955], [-0.46019222547541005, -0.4830724206381206, -0.542427254966911, -0.4013264878878404, 0.03858681185541756, 0.2635340353165728, 0.019457712629377226, 0.23173824846331642, 0.7531875960535332, 0.08515605180649724, -0.2767155668393619, 0.6430008944536976, -0.025701765888250926]], "inverted": true, "swapped": false, "error_lsq": 0.04767621198318695, "error_max": 0.2912259383644015, "target": "541.xyz", "model": "23.xyz", "model_rescale": 4.410303926677745, "target_rescale": 3.9104164703120046},
{"mapping": [11, 14, 7, 1, 0, 3, 12, 10, 4, 15, 13, 5, 16], "R": [[0.6724120382254322, -0.7106416026642417, 0.20700377632381062], [0.0004843322086423574, -0.27924543086570086, -0.9602196388134023], [0.7401768817464052, 0.6457635030747924, -0.18742380271657344]], "T": [-0.02656265355730589, 0.042091885261111114, -0.010778556875498786], "aligned_model": [[-0.37197698253150957, 0.014143055249904484, 0.20735283107928074, -0.3517047709166856, 0.3688886422889576, -0.30439745754090775, 0.7497978845562389, -0.6625128014350292, -0.22809759279597125, -0.012003028250128948, 0.5001204937081984, 0.3217216696538581, -0.05938319921633374], [0.13278206258961164, 0.6382765286063573, -0.31323660117313973, -0.6566321548346727, -0.5919354596381602, -0.7314753046534372, -0.14580414846393236, -0.07029553361561863, -0.14556361885291574, 0.6885909105097241, 0.2556314986019465, 0.10484081847567073, -0.07013178886311057], [-0.5334502699863084, -0.3286730461709875, -0.5216171903576123, -0.3881413384022706, 0.09882714379585739, 0.3548067396247351, 0.07941695384505834, 0.07119963393244266, 0.6201362179023062, 0.29111748234704077, -0.42453249311041436, 0.5091855140118161, 0.016950281450854286]], "inverted": true, "swapped": false, "error_lsq": 0.046695628184457175, "error_max": 0.28955911147038355, "target": "541.xyz", "model": "24.xyz", "model_rescale": 4.28219845311461, "target_rescale": 3.9104164703120046},
{"mapping": [13, 12, 9, 7, 1, 4, 5, 2, 0, 14, 11, 8, 15], "R": [[-0.7193656694922537, -0.6319574368567874, 0.2883449870508611], [-0.24159560095501592, 0.6168125108479812, 0.7491154063698022], [-0.6512638475726612, 0.4692250254012553, -0.5963918815527631]], "T": [0.02097480486829092, -0.07647647934029828, -0.001358295054663802], "aligned_model": [[-0.4498524800977096, -0.04998932614277768, 0.3120949702231893, -0.29016380043048223, 0.3548076603870354, -0.40200796895718166, 0.8666488863070206, -0.5647944803728935, -0.2886289360414704, -0.1655612608873433, 0.33493364493803696, 0.5260818434792945, -0.011620008554845993], [0.03333529717848378, 0.446601070468361, -0.232492187902981, -0.5295524192625334, -0.5036814039826851, -0.6545381714807958, -0.17704097862348123, 0.13268335744572402, -0.32625315104212743, 0.6549873430114814, 0.31496256257963023, 0.03754816559643635, -0.10151227529718959], [-0.3465821331747132, -0.5543265303349895, -0.5910885994178449, -0.5522312084444424, 0.33912514915983094, 0.14553903695747875, 0.0003181239934971856, 0.28483487665213236, 0.7108996006011474, 0.1001778938513742, -0.21274040037926908, 0.46103906309252296, 0.060260756325793405]], "inverted": false, "swapped": false, "error_lsq": 0.046373559345115806, "error_max": 0.29996133071698106, "target": "541.xyz", "model": "25.xyz", "model_rescale": 4.100010024507729, "target_rescale": 3.9104164703120046},
{"mapping": [11, 4, 5, 3, 9, 7, 8, 0, 2, 1, 10, 12], "R": [[0.6439461362482535, 0.5310575519798025, 0.5507370062889958], [0.6234197485367372, -0.7814988865560387, 0.024643608625020796], [0.4434875316684081, 0.32747116941326493, -0.834314953993857]], "T": [-0.08652929438669299, 0.06702427906777227, -0.06774356954580726], "aligned_model": [[-0.7018814483354743, -0.09685163849025477, 0.38690892916094366, 0.7320395150547206, -0.4643349165353312, 0.2909691732782213, -0.23518597796538843, 0.3150152716956124, 0.21686911281064541, -0.11014616906253061, -0.4307962388181128, -0.02584001043004472], [-0.08477663971009124, -0.6997163661146529, -0.20804115534652745, -0.20976760672901718, 0.7052107295188925, 0.691787993062652, -0.0030355404447706402, 0.32387805851766377, -0.29895998628022913, 0.5049209523470649, -5.7394303479049724e-05, -0.05531165446686642], [0.06206216913538776, 0.07105458687757257, 0.5452630718128826, -0.11226179367669939, 0.030739154546868236, 0.4062581811951427, 0.5318088838809878, -0.21938218710536178, -0.5780296212538573, -0.6884943029377261, -0.5128073136616089, 0.028981461040768042]], "inverted": true, "swapped": true, "error_lsq": 0.047428042758004336, "error_max": 0.23596951985027179, "target": "541.xyz", "model": "26.xyz", "model_rescale": 3.6694154284099745, "target_rescale": 3.9104164703120046},
{"mapping": [7, 3, 9, 8, 10, 4, 11, 5, 0, 1, 12, 2, 13], "R": [[-0.25706315787188816, 0.5124930956415893, -0.8193102951779834], [-0.5607946178205946, 0.6113456774907492, 0.5583599728103998], [0.7870374384286851, 0.6029985817007186, 0.1302489192989176]], "T": [-0.012057736142957676, -0.07842704417705446, -0.027620976309710416], "aligned_model": [[-0.3904448652526045, 0.08455400838856396, 0.26962245190966855, -0.32321059145856895, 0.24321609931650467, -0.1674612518072312, 0.8290677541166505, -0.7753358629387259, -0.2613620653622542, -0.4335419266394693, 0.6724985772254465, 0.4031079492074361, 0.021238467144455566], [0.16327328331311777, 0.5061664537354995, -0.21473978932187737, -0.5772395858167275, -0.6230989354437997, -0.7202413446241631, -0.24705744485405814, 0.041709120036859254, -0.02452046635695157, 0.6268694434313735, 0.29983143000081036, -0.05862747316134853, -0.07727748225041127], [-0.46867954037319937, -0.5769367628573786, -0.6333755822683219, -0.27807484703635965, -0.035270792409397844, 0.46172013288682834, -0.011899435410694909, 0.1425327862824268, 0.5821943854461111, 0.2957280540343813, -0.16191912930349725, 0.5103149649494835, 0.018891394942136278]], "inverted": true, "swapped": false, "error_lsq": 0.05347735272525557, "error_max": 0.3179276773827857, "target": "541.xyz", "model": "27.xyz", "model_rescale": 4.103607728864725, "target_rescale": 3.9104164703120046},
{"mapping": [13, 11, 10, 12, 0, 2, 9, 4, 1, 8, 6, 5, 14], "R": [[-0.9507744874779261, 0.17663286203060224, 0.2546148189166639], [0.30986378197487674, 0.5326011588999869, 0.7876042420902881], [0.0035086437997254305, 0.8277299303451998, -0.5611157205331335]], "T": [0.08277934958283606, -0.0718234992775724, -0.13806590104985966], "aligned_model": [[-0.47437998492189937, 0.05712351805292035, 0.3599573577639303, -0.4647047941126412, 0.2667707036383467, -0.4136676508620043, 0.8761775660511929, -0.7595485831215981, -0.08539004725148813, -0.3936467501670032, 0.5812097066667448, 0.5740610930950751, 0.04798660901829608], [0.11685103112828202, 0.5419410465802088, -0.2181177243009962, -0.6268002910134207, -0.5194549448168105, -0.5397193402648579, -0.26367875157388976, -0.034571051779441, -0.17346647504671917, 0.5064750506404309, 0.3141707156599035, 0.12755876181059841, -0.13614081833496505], [-0.4098156581869578, -0.44579320568139186, -0.5399932922678623, -0.4980040765208019, 0.3867817069078395, 0.13749636771747858, -0.07614047554354406, 0.19465800262372818, 0.7361472260078625, 0.19490397063001308, -0.20005709416532125, 0.3659473654787229, -0.0009052081172478688]], "inverted": false, "swapped": false, "error_lsq": 0.04830895189331557, "error_max": 0.315409628200642, "target": "541.xyz", "model": "28.xyz", "model_rescale": 4.137296879288765, "target_rescale": 3.9104164703120046},
