[{"mapping": [8, 9, 11, 2, 10, 1, 13, 7, 12, 6, 4, 14], "R": [[-0.4346923988979251, -0.5440149423116281, -0.7176978897015396], [0.6645509994325098, -0.7316083629348321, 0.1520564777872606], [-0.6077947741578729, -0.4108490547944479, 0.6795502679573375]], "T": [-0.1073551115440531, 0.030673390688397403, 0.05182200043799216], "aligned_model": [[-0.16146704030848125, 0.105529603436762, 0.36377766637182346, -0.14235974954957614, -0.018260624094467423, -0.6084358537414424, 0.47948180018441977, -0.24249119886621578, 0.6580037556677422, 0.2743966476323429, -0.741902604072011, -0.12862994020034746], [-0.3562794921669896, -0.6654187198352223, -0.3451579402061367, 0.6167902344221695, 0.4194418251862276, -0.47989832265297366, -0.19702531855969274, -0.5502815085667061, 0.22722105556811006, 0.43788791474185357, 0.06912384542755612, -0.12284853738113836], [-0.5496993635243311, -0.0693281652394279, -0.40740744582349575, 0.020399989270287813, -0.6113642557684895, 0.0977764113958522, 0.4928909979300885, 0.5176408969482733, -0.028809809122219934, 0.34792444035218406, 0.35007635391383846, 0.02185169502100188]], "inverted": true, "swapped": true, "error_lsq": 0.0415216615247145, "error_max": 0.21124395884679534, "target": "542.xyz", "model": "0.xyz", "model_rescale": 3.751011558992144, "target_rescale": 4.148876732719242},
{"mapping": [12, 13, 7, 2, 3, 0, 1, 2, 9, 5, 11, 10, 4, 8, 14], "R": [[-0.9804059434490947, -0.11047610638809705, -0.1630926606779621], [0.17791119972774996, -0.8520286863925987, -0.4923359854566146], [-0.08456826272972431, -0.5117051372435389, 0.8549889247571852]], "T": [0.019456464346343266, 0.038175904193924325, 0.07281376693921278], "aligned_model": [[-0.5944793493727711, 0.07812832652757629, -0.49817568109005606, 0.5634805794512561, -0.15714272694342368, 0.06005087383053449, -0.000573037972117954, 0.5634805794512561, -0.065748122548235, 0.4508704231023607, -0.6547744258038337, 0.05097931832274259, 0.3613535792733219, 0.6577606942811483, -0.020244473901967618], [-0.2902195545921463, -0.611272515481734, 0.35464400652764305, -0.18985806649611642, -0.1522855130692385, 0.4255731833656869, 0.7277867065311174, -0.18985806649611642, -0.5543941352758076, -0.40627475749322595, -0.1309873617126931, -0.10138459059720273, 0.5027472546360877, 0.2151051470672198, 0.0005037925107701166], [-0.18644352487520527, -0.2469933015717179, -0.19473422130485835, -0.506648373656494, -0.6454780008562164, -0.5781700734965008, -0.02578293570628097, -0.506648373656494, 0.34811459881092827, 0.1530113511418303, 0.46463960217954386, 0.8802683638669283, 0.6139734412154482, 0.11382602368632368, 0.07572236572612946]], "inverted": false, "swapped": false, "error_lsq": 0.04409061684101852, "error_max": 0.29429812056439164, "target": "542.xyz", "model": "1.xyz", "model_rescale": 3.9405287249114394, "target_rescale": 4.148876732719242},
{"mapping": [13, 7, 9, 2, 4, 11, 6, 5, 0, 10, 10, 12, 14], "R": [[0.20968558230258397, -0.22721675835072824, 0.9510018408494345], [-0.9578331490096105, -0.24313760189727357, 0.153100506863878], [0.19643730611256038, -0.9430040568673232, -0.26861819279231736]], "T": [0.0005806075585723172, -0.030088585282998025, -0.07620181601917847], "aligned_model": [[-0.21340757678350808, 0.11204618651673295, -0.5253441192296783, 0.26796269052611005, 0.6129709267456142, -0.7560052073524048, 0.11699908447333146, 0.6879814491913209, 0.30025233354533437, -0.28829469505195887, -0.28829469505195887, -0.457833766225259, -0.07304933201974462], [0.673244315748077, 0.5297283675682032, 0.27113527423254563, -0.3253240326008427, -0.09078126621157144, -0.020752226341230928, 0.19288392747895658, 0.14043857577765353, -0.7091867095024116, -0.6815848460830887, -0.6815848460830887, 0.15676018886603751, 0.003855870722777644], [0.14807036459654643, -0.5731303877668943, -0.49716364215145387, 0.35633543593853784, -0.41440162760717664, -0.11617311946956962, 0.5034228262649132, 0.19569540653435596, -0.27376690433472706, 0.22545762023657923, 0.22545762023657923, 0.5449668135893402, -0.21165005647838647]], "inverted": true, "swapped": true, "error_lsq": 0.055179571966431376, "error_max": 0.3187941234178466, "target": "542.xyz", "model": "2.xyz", "model_rescale": 3.932901565614263, "target_rescale": 4.148876732719242},
{"mapping": [2, 5, 4, 6, 0, 8, 1, 10, 12, 11, 7, 13, 9, 14], "R": [[0.801730448051091, -0.18622156399758152, -0.5679346949871017], [0.30575548447125844, 0.9442605371118511, 0.1220066464131564], [0.5135580516198178, -0.2714655911078485, 0.8139806880147238]], "T": [0.021955404438093178, -0.0837469850372423, -0.032974411332200776], "aligned_model": [[-0.33897909596626635, 0.2545898767234484, 0.3389618567451939, -0.040643025529665526, -0.33309567793567235, -0.22314072088347686, 0.4364416612019199, -0.7472341160019234, -0.279577364089121, -0.200507090442962, 0.7532660532810548, 0.411904874295691, 0.2968793398591859, 0.09094334079529731], [0.1500692566313222, 0.260502130815089, -0.3851674053122766, 0.5328903492046522, -0.5860723212026456, -0.6002607043471936, -0.668567702532347, -0.1615125992758838, 0.530770721988065, -0.13957965761787355, -0.22681846755188334, 0.45678781383000877, -0.313451737122386, -0.1860930391561592], [-0.4339755005152639, -0.6677194608666932, -0.5822805705433913, -0.15575292631798854, -0.4929932754528733, 0.4001884365723134, -0.040915689210217515, 0.0015903780395219724, 0.36995566468473895, 0.6891752401017113, 0.0992106377136582, 0.34981491176897916, 0.6121566198943538, 0.06544189718824803]], "inverted": false, "swapped": true, "error_lsq": 0.0460579297193861, "error_max": 0.2857350910756947, "target": "542.xyz", "model": "3.xyz", "model_rescale": 3.9243930471874484, "target_rescale": 4.148876732719242},
{"mapping": [9, 13, 11, 8, 10, 7, 1, 12, 2, 5, 0, 4, 14], "R": [[-0.6017195553209382, -0.06309482940459946, 0.7962114161746092], [-0.35684079624035187, 0.9130882802570222, -0.19731811522469384], [-0.7145615598973429, -0.4028508842731742, -0.5719378831284021]], "T": [0.0030819400269160163, 0.017659898436577004, -0.08671879228778878], "aligned_model": [[0.012799373678993406, -0.2995762425366605, 0.47379666099609213, 0.4591942898886638, 0.7366370869333271, -0.6037844528101222, -0.2966351107060103, 0.3349096054279332, 0.1591002647373771, -0.48811384102346217, 0.24042928010198883, -0.44100837622599304, -0.010542652150774674], [-0.626141229622157, 0.05103647894408328, -0.3738291941766323, -0.5308782003087936, 0.20516395070612797, -0.41647772300266056, -0.5465922600520392, 0.33096631566055484, 0.5495890712338327, 0.564187430384044, 0.045831360520723674, 0.013898692579230126, -0.1389251391847268], [-0.44722838972296813, -0.7924454760045654, -0.5331164959670494, -0.01217978091653596, 0.07338683099439974, -0.2131913517912224, 0.2383448686969598, -0.736823521007039, 0.10938133381601653, 0.10185981432192712, 0.6432688642370805, 0.4572060751813791, -0.10139245646741879]], "inverted": false, "swapped": true, "error_lsq": 0.03874774728840696, "error_max": 0.25303175279226275, "target": "542.xyz", "model": "4.xyz", "model_rescale": 3.8936222436046832, "target_rescale": 4.148876732719242},
{"mapping": [0, 10, 1, 4, 9, 11, 12, 13, 5, 2, 7, 14], "R": [[0.05425089615642731, -0.5194595167502605, 0.8527711596458983], [-0.9314551742179091, 0.28139637394702743, 0.23066716097474585], [-0.35978896410105354, -0.8068320092727175, -0.46858724921196937]], "T": [-0.05868091889994774, -0.07152271731033805, -0.01735976754236888], "aligned_model": [[0.03035630332313506, -0.3819441236979949, -0.12551713861927227, 0.4129698305582277, -0.6058025143206522, -0.7791053328023027, -0.2828759912697943, -0.05492700177210831, 0.6964897294516286, 0.2496781507807625, 0.025958990211674846, -0.15773285962820693], [-0.5660563128483829, -0.7736197633197435, 0.31640721939585215, 0.024492601075077752, 0.42304175152674767, -0.012928016963708822, -0.20969851994793287, 0.4267844217079489, -0.09119142065522523, -0.5565373517775423, 0.6585352275212388, 0.02969306939547771], [-0.5983229899053274, 0.02078957302243752, -0.6164594892020229, -0.5286436869857155, -0.04196539367848563, 0.20993363968066764, 0.7320070892059665, 0.5678256962368909, 0.05233932388738473, 0.10682199631388793, -0.19793962352076191, -0.08710141577940378]], "inverted": true, "swapped": true, "error_lsq": 0.04962994249469301, "error_max": 0.32721120939013415, "target": "542.xyz", "model": "5.xyz", "model_rescale": 3.6523030999806103, "target_rescale": 4.148876732719242},
{"mapping": [0, 4, 5, 2, 6, 8, 7, 10, 9, 11, 13, 12, 14], "R": [[-0.48644125606901123, 0.8731376177524036, 0.031711273384406186], [0.7790394844421967, 0.4498778530676379, -0.43670058277873824], [-0.39556590610673126, -0.18772484594456523, -0.899047827504772]], "T": [0.05675959680841375, -0.032652737006466676, 0.09345607002810401], "aligned_model": [[0.13005152836510514, -0.07572528477318874, 0.45060851478433356, 0.6064860898185291, 0.5681536008443544, -0.3541152912404352, -0.5187011311161926, 0.4268750684081333, -0.5536462182807871, -0.18718000539207252, 0.0251271326615099, 0.4606818624370166, -0.0975329618520113], [-0.5833443840377326, 0.0762039712759843, 0.40994781337165964, -0.1437216959426236, 0.30345929072988187, -0.5744912923987302, 0.4467410016281349, -0.6894990647350081, -0.005846357732991331, -0.2981517304101464, 0.5748505013435358, 0.0729429245914043, -0.04826407352018518], [0.6239052876295841, 0.774398498082547, 0.5672865375830298, 0.2701198501863414, -0.06383222134967743, -0.1347574088662551, 0.20201110393131988, -0.08107809055088995, -0.32034055850442905, -0.5729602585550286, -0.376336784659146, -0.5822680071539281, 0.06396179170832114]], "inverted": false, "swapped": true, "error_lsq": 0.05483155966214645, "error_max": 0.2993219728184439, "target": "542.xyz", "model": "6.xyz", "model_rescale": 4.08911054899281, "target_rescale": 4.148876732719242},
{"mapping": [7, 13, 6, 1, 2, 0, 3, 1, 12, 11, 5, 10, 8, 9, 14], "R": [[0.206922226915577, 0.7284353089182536, -0.6531195853206881], [0.6771410502220228, 0.37520759093741124, 0.6330081056409632], [0.7061608811825497, -0.5732375287994617, -0.41561465982731166]], "T": [-0.01445621472358101, -0.025467780532633863, 0.0856644148817466], "aligned_model": [[-0.6862271642404253, 0.013764521915541297, -0.2885003758277796, 0.47981944102653984, -0.18404514329313987, 0.12361479053300693, 0.0034340972429749844, 0.47981944102653984, -0.11145867001227878, 0.43153100762733965, -0.6291939814837522, 0.08694024525243187, 0.24233765758599352, 0.6850794392163495, 0.1480512500384497], [-0.28395632663896275, -0.7012912096432113, 0.2523685744321187, -0.12637110448780897, -0.15381101645269823, 0.5574757529479984, 0.753500418970603, -0.12637110448780897, -0.6586306345842491, -0.348872865987585, -0.1177284330452731, -0.1794093831781572, 0.4049664891000717, 0.3254974310335077, 0.0024589414456987688], [-0.1992854534363927, -0.19426558536901106, -0.22554246820098922, -0.4467415901585614, -0.692093357430077, -0.6394351764741164, -0.05340361583055679, -0.4467415901585614, 0.3982299950859248, 0.2882368985974354, 0.5262171128646191, 0.7822960531104766, 0.5481924896566702, 0.04060226840648286, 0.07239096084002106]], "inverted": true, "swapped": false, "error_lsq": 0.04469412995561118, "error_max": 0.28348331078015604, "target": "542.xyz", "model": "7.xyz", "model_rescale": 3.964800864290218, "target_rescale": 4.148876732719242},
{"mapping": [6, 13, 12, 5, 10, 3, 2, 9, 7, 1, 4, 0, 8, 14], "R": [[0.336482138908505, -0.48761140110630813, 0.8056146049487316], [-0.9298828307733085, -0.03700046177298899, 0.36599028246881693], [-0.14865292203174613, -0.8722763824268825, -0.4658714644960505]], "T": [0.051641102548885626, 0.051936597484817416, 0.028480679133338807], "aligned_model": [[-0.22014008510899377, 0.24152317866978676, 0.30874553268472704, -0.6701104874421695, 0.17960119214137102, -0.3609383024936469, -0.3593133122656125, 0.7044607524714223, 0.14484280350489506, 0.15544052771903558, -0.4287943347322444, -0.22574308991644074, 0.6255565664199276, 0.16605694780881552], [-0.03732193545667841, -0.5304952563743518, 0.10024978806957771, -0.15512962570633307, 0.795454452644118, -0.5848735381229935, 0.39735685088507133, -0.25460840708828814, -0.6233673153699654, -0.17842836589357178, -0.07217448310502975, 0.603943095618131, 0.35228913062181433, -0.0019459245402986686], [-0.534904295364471, -0.43572192371064394, -0.7214991982783083, -0.07980482741245502, -0.14386243302309076, 0.3330749227372759, -0.2114087526087408, 0.18467976906553918, 0.3571684787749339, 0.699327051661307, 0.5253336225580225, 0.48494119832891647, 0.33653583954405336, 0.1229555864526833]], "inverted": false, "swapped": true, "error_lsq": 0.04350025523715911, "error_max": 0.24495001317500237, "target": "542.xyz", "model": "8.xyz", "model_rescale": 4.121658175737393, "target_rescale": 4.148876732719242},
{"mapping": [13, 9, 7, 3, 12, 2, 8, 0, 1, 10, 5, 4, 14], "R": [[0.09548725164244734, 0.9036243030795562, 0.417546768228133], [-0.24045068465018316, -0.3861038841466185, 0.8905656960034745], [0.9659532354234495, -0.18543707701234102, 0.18040908359638944]], "T": [-0.12407739867671586, -0.06756625812233741, -0.005712247290126746], "aligned_model": [[-0.5553446931892556, 0.08809170506760508, 0.23097959940074808, 0.16931263585071504, -0.8546923385656939, -0.4034290492119078, 0.2152258084976253, 0.2940929318283795, 0.55923973648098, -0.30940972812484274, -0.27773834549495935, 0.3404035595946555, -0.019994325698851775], [0.084538542197241, -0.42657028332762936, 0.25022835049461045, 0.644679807383171, -0.3386355774343094, 0.06648066500822963, -0.6972351289748663, -0.13067172699302804, 0.0051162972818294405, -0.5996161244059756, 0.6399051404753677, 0.41972414221770915, -0.1275566645106404], [-0.6234814389082551, -0.6145158873515884, -0.5936737394488626, -0.27985527077724587, -0.159432456244947, 0.49402738463699164, -0.059368862616688334, 0.635505846870675, -0.20984977811606992, 0.5248248402220101, 0.22100357253343678, 0.19401286943335344, -0.10812164627372076]], "inverted": true, "swapped": true, "error_lsq": 0.04922293644388347, "error_max": 0.3140163143087667, "target": "542.xyz", "model": "9.xyz", "model_rescale": 3.833441315466971, "target_rescale": 4.148876732719242},
{"mapping": [12, 7, 0, 8, 11, 10, 13, 9, 6, 3, 1, 4, 5, 2, 14], "R": [[0.602290620979182, -0.5431859554096221, -0.5849743804016099], [0.13747670862966227, 0.7924268520003627, -0.5942725290749609], [0.7863498982417856, 0.27750441811713783, 0.5519466780954502]], "T": [-0.027609677342623748, -0.06283587292661466, -0.02230864905103081], "aligned_model": [[-0.5907169080568323, 0.2523792661808224, -0.36469201091967096, 0.357221162157002, -0.12527752725613422, -0.24981834177466, 0.2191573828154415, 0.7365606987312496, -0.3824502603207222, 0.6779879582598932, -0.6166016166547688, 0.11769279374473114, 0.09348252210346236, 0.6066060658549621, 0.06343537174301551], [-0.23872107570681014, -0.6224742212993485, 0.5283244667445701, 0.08066304416839712, -0.4095515971971394, 0.3207240879651808, 0.6905603824646946, -0.13956117164757878, -0.45813193519868256, -0.4527418995061957, 0.1661409646758743, -0.3589040267219755, 0.34109421001762374, 0.24212010500266165, -0.08971580433702846], [-0.14476149495963886, -0.2510554245847613, 0.004671248905928328, -0.6847832886707768, -0.6016067404343947, -0.7145941460621159, 0.06246541418740036, -0.28320516378437927, 0.40084469415787743, 0.30084319887296407, 0.3601400876192671, 0.7037377821738281, 0.5064752092436231, 0.12405561411852589, -0.02457004927998391]], "inverted": true, "swapped": false, "error_lsq": 0.0472080364517938, "error_max": 0.2754697217502411, "target": "542.xyz", "model": "10.xyz", "model_rescale": 4.2482417240324, "target_rescale": 4.148876732719242},
{"mapping": [12, 10, 8, 0, 13, 7, 9, 4, 2, 5, 6, 14], "R": [[-0.47939642504431806, -0.6757152881498915, -0.5599892115168265], [0.7853443208007828, -0.0455273649570371, -0.6173828284184996], [0.39168018259887133, -0.735755467802026, 0.5524948200288731]], "T": [0.02233105951131424, 0.056950941171489425, -0.012422900503066953], "aligned_model": [[-0.7287245804509739, 0.02495186561189454, 0.22367172039974031, 0.6682153285083359, -0.6140166997767392, 0.1193450297601051, -0.09993264904419773, 0.5831592779394189, 0.009366140068207324, 0.07171951351645488, -0.44368583865816, 0.06269649448892053], [-0.2013325991592978, -0.7160567262966998, -0.2859267019567863, -0.3153353382278676, 0.47510515973234174, 0.7511224543771089, 0.24476551485452736, 0.3813860695533187, -0.23661020444791647, 0.3840329931649071, 0.08083326228306482, 0.10414750617393864], [-0.02299207158585372, -0.049124551525056084, 0.5845573720383344, -0.1974791271708246, 0.09233731359454378, 0.2730097557254978, 0.6906551622551645, -0.2831592556478574, -0.5217355614713721, -0.6951421995154063, -0.4384424006627649, 0.13270785381995137]], "inverted": false, "swapped": true, "error_lsq": 0.048262356946322256, "error_max": 0.24904727961021345, "target": "542.xyz", "model": "11.xyz", "model_rescale": 3.6694154284099745, "target_rescale": 4.148876732719242},
{"mapping": [1, 8, 10, 11, 9, 4, 7, 5, 12, 6, 2, 13, 0, 14], "R": [[-0.80987436426565, -0.023291253715862714, -0.5861407950361865], [0.5612044718534379, -0.32160447672557274, -0.7626402174825129], [-0.1707426568758181, -0.9465875966071042, 0.2735303768735254]], "T": [0.001438345950849497, 0.05058987559311735, 0.002895522447274767], "aligned_model": [[-0.07575251960126278, 0.13283848440534451, -0.23448512044344963, 0.5532989779435811, 0.5809148249449185, -0.4895265202572295, 0.29806414902341477, -0.37135865102917054, 0.47424693363376336, 0.0833883078750158, -0.38700672412893034, 0.6469438921621917, -0.6886215343926951, 0.07532035012031801], [-0.47386253739779804, 0.2716563730603418, 0.7668700110176463, 0.42490552755723987, -0.10214116882817824, -0.4509149228799665, -0.6387933478447623, -0.24694832066359412, 0.5720925997044506, 0.21833100261275, 0.3452255969395274, -0.10153929211938593, 0.15947249606406366, -0.01336672908608065], [-0.47966890779519095, -0.6666955415608318, -0.17082154458323845, -0.3568885844468139, -0.42771071207792644, -0.020149094455957462, -0.09468268006363867, 0.592828527270809, 0.3708542389632604, 0.6065360174476554, 0.3315987947363645, 0.3914124845614639, -0.3164339411087433, -0.12108359723479709]], "inverted": true, "swapped": true, "error_lsq": 0.03590614915692194, "error_max": 0.2305210821293949, "target": "542.xyz", "model": "12.xyz", "model_rescale": 3.9764082729961374, "target_rescale": 4.148876732719242},
{"mapping": [9, 4, 1, 7, 0, 2, 8, 4, 13, 6, 12, 14, 11, 3, 15], "R": [[-0.28242040770246346, 0.9486384264390573, 0.14256173819227994], [-0.9082921405349675, -0.3122470769286635, 0.2784010603282834], [0.3086164298211965, -0.05086156537833971, 0.9498257737141501]], "T": [-0.05704221797972647, -0.0650826747013589, 0.030512334281405897], "aligned_model": [[-0.5073898836557527, 0.35576782549582464, -0.528066761570521, 0.40924969806832817, -0.09602777166297274, -0.13702407323067833, 0.10435539647314529, 0.35576782549582464, -0.14933637355066987, 0.24588455009896426, -0.6383612514615538, 0.4765929671256515, 0.17923014413970786, 0.6763137173988782, 0.04801054744361513], [-0.2611704823681845, -0.5180213802776009, 0.3365812053323929, 0.07696369969691738, -0.18955116546521708, 0.46211210634268496, 0.6230719143382155, -0.5180213802776009, -0.2172788720014258, -0.6707642855892412, -0.0931918395059505, -0.11555731068901076, 0.42672282014150587, 0.3411746929877846, -0.08324419324102625], [-0.31623783258545307, -0.34405157051437135, -0.11134881287422374, -0.5469202379480529, -0.6836974772678612, -0.5627229306655274, 0.02366337222531886, -0.34405157051437135, 0.6160024303221029, 0.38412789546740733, 0.29222131600349094, 0.6233814934679269, 0.6074416409475507, 0.1052617192746719, 0.015587506164754253]], "inverted": false, "swapped": false, "error_lsq": 0.056014219355705976, "error_max": 0.3906283083253046, "target": "542.xyz", "model": "13.xyz", "model_rescale": 4.170626492500431, "target_rescale": 4.148876732719242},
{"mapping": [5, 3, 6, 13, 10, 11, 12, 4, 0, 7, 1, 9, 8, 14], "R": [[0.7762729055002251, 0.3688457513806514, 0.5112271392196245], [0.4931443888290773, 0.14986535475224733, -0.8569416474949616], [-0.3926945224377779, 0.9173293776683629, -0.06555779826946412]], "T": [0.029958595221621587, 0.06891984082370935, -0.014010283522775224], "aligned_model": [[0.19924982468997487, 0.08991668075889758, -0.2653989720192543, -0.6965634587739435, 0.2582007356694266, -0.3913724522480089, -0.5768102041196885, 0.5343720630120504, 0.7777236996635277, -0.16437402881034802, 0.3054561147822464, -0.3546367495641166, 0.11964096512895847, 0.007778803921921391], [-0.502239301470161, -0.7323289836798256, -0.052922490417695145, -0.17999797468055023, 0.7572835229707444, 0.619630677002181, 0.40650773876099605, -0.4116524480571067, 0.2434026423863792, -0.464762694716869, -0.1791689902694123, 0.19008129069049134, 0.5853051007894446, 0.07693637861704933], [-0.4837391874326435, 0.13742259509066013, -0.5591277781500388, -0.04518318668550533, -0.2841134123490577, 0.2914478828045843, -0.39972093182605123, 0.07375044677244044, -0.03431964917433333, 0.48616506963562967, 0.5995288278260493, 0.6040089837211146, 0.4756752497592677, 0.1420781911287498]], "inverted": true, "swapped": true, "error_lsq": 0.0476218679047984, "error_max": 0.32468325397033937, "target": "542.xyz", "model": "14.xyz", "model_rescale": 3.9786697098870705, "target_rescale": 4.148876732719242},
{"mapping": [1, 9, 0, 4, 8, 10, 13, 12, 2, 3, 11, 14], "R": [[-0.8233368914589657, 0.2781479278938698, -0.494722238605699], [-0.5051172113942858, 0.03835019090625813, 0.8621982751146711], [0.2587913559529144, 0.9597723652334444, 0.10892217872523391]], "T": [0.10536548850107003, -0.0378303286987572, 0.05632307346893446], "aligned_model": [[-0.03716784126828815, -0.5830295732065944, 0.6976994362882445, 0.47861046853821954, -0.1537672310990182, 0.40952764922539864, -0.43431019232578766, -0.1581419641393173, 0.6106518255062914, 0.10795001802669774, -0.44669026999132416, -0.007977728787185528], [-0.40741343718644946, -0.004063963395296313, 0.09017068073178582, -0.5570692018256693, 0.37705027319245693, 0.6717563353388143, -0.2311629358649267, 0.4001394312056733, 0.11137537956487108, -0.8553903466860843, 0.47547514858197676, -0.05619287343271322], [-0.5411463971965947, -0.20733117443928778, -0.4156574406192688, -0.23378689640701517, -0.4682843087654763, 0.0027798201076995113, 0.5683179818804731, 0.6643140114890451, 0.3174150040863989, 0.04557576169175377, -0.020220342520328755, -0.05200952543356961]], "inverted": false, "swapped": true, "error_lsq": 0.0512206878031175, "error_max": 0.33498746855578093, "target": "542.xyz", "model": "15.xyz", "model_rescale": 3.769337070930944, "target_rescale": 4.148876732719242},
{"mapping": [1, 7, 0, 4, 8, 9, 10, 13, 2, 5, 14], "R": [[0.08892328479548292, -0.17541286561537187, -0.9804707930365824], [0.9956500837158048, -0.011832915730332821, 0.09241695137814174], [-0.027812950542730752, -0.9844238460551035, 0.17359761259932494]], "T": [0.08731804650231376, 0.047120209945190145, 0.08064217612989985], "aligned_model": [[-0.34309715636790605, -0.3396918856561951, -0.13191964915502294, -0.5870981983535233, 0.4212734398625556, 0.3010551984228196, 0.5998918595305605, 0.2389243115551665, 0.10354027167987621, -0.42493392616419534, 0.0846818653370351], [-0.08012130883796673, -0.5342592102169027, 0.7369576811557238, 0.22576286130279177, 0.1322719571710376, -0.46903412951702517, 0.6257397806482903, -0.6349086405493795, 0.4823763738922573, 0.14263411821555563, -0.03135498563904003], [-0.4783117947727643, -0.14830779452150866, -0.17639569250439027, 0.0010548096642358923, -0.5484139110974526, -0.4014808565003518, 0.043734014782967096, 0.40098310576381435, 0.4756542432019478, 0.6320064288660857, -0.05630494565880631]], "inverted": true, "swapped": true, "error_lsq": 0.04146469585397485, "error_max": 0.24338592567118164, "target": "542.xyz", "model": "16.xyz", "model_rescale": 3.7852294659196426, "target_rescale": 4.148876732719242},
{"mapping": [10, 4, 1, 0, 2, 6, 13, 7, 8, 11, 12, 9, 14], "R": [[-0.1083903293373332, 0.847393464963494, -0.5197844284348156], [-0.6374920198555916, -0.4604514727725376, -0.6177283916431551], [-0.762794507797862, 0.2644026413611721, 0.5901150583696817]], "T": [-0.11066668154041337, 0.024489977277979677, 0.014812618156155175], "aligned_model": [[0.007393523749784775, -0.30394249745825275, 0.2742537485587802, -0.06535929783187444, -0.5411813075848086, -0.628397830666555, -0.23936081858165464, 0.046759325518764244, 0.572155718232821, 0.4517096310147817, -0.24221919754597698, 0.4943373616478083, 0.027617491162665375], [-0.06328579273847386, -0.5517856713424161, -0.3625616428769756, -0.6805538994957503, -0.12034113234302816, 0.3680126115594821, 0.7046117151323712, 0.07133128105375676, -0.05248177030512248, 0.4778140064038622, 0.7194481054306789, 0.33797356831824654, 0.026874244906242725], [-0.744958357797666, 0.36643095228976913, 0.4794678649570383, -0.28663346757178737, -0.35858626832311924, -0.09999759967446897, 0.3489358955524974, 0.753582234459706, -0.190899574311184, -0.21396057895447168, -0.346620369477025, 0.2980786357504991, 0.09091533024338619]], "inverted": true, "swapped": true, "error_lsq": 0.05057301143276574, "error_max": 0.39596626968114584, "target": "542.xyz", "model": "17.xyz", "model_rescale": 3.901054581598922, "target_rescale": 4.148876732719242},
{"mapping": [12, 13, 7, 2, 3, 0, 1, 2, 9, 5, 11, 10, 4, 8, 14], "R": [[-0.9804059434490947, -0.11047610638809705, -0.1630926606779621], [0.17791119972774996, -0.8520286863925987, -0.4923359854566146], [-0.08456826272972431, -0.5117051372435389, 0.8549889247571852]], "T": [0.019456464346343266, 0.038175904193924325, 0.07281376693921278], "aligned_model": [[-0.5944793493727711, 0.07812832652757629, -0.49817568109005606, 0.5634805794512561, -0.15714272694342368, 0.06005087383053449, -0.000573037972117954, 0.5634805794512561, -0.065748122548235, 0.4508704231023607, -0.6547744258038337, 0.05097931832274259, 0.3613535792733219, 0.6577606942811483, -0.020244473901967618], [-0.2902195545921463, -0.611272515481734, 0.35464400652764305, -0.18985806649611642, -0.1522855130692385, 0.4255731833656869, 0.7277867065311174, -0.18985806649611642, -0.5543941352758076, -0.40627475749322595, -0.1309873617126931, -0.10138459059720273, 0.5027472546360877, 0.2151051470672198, 0.0005037925107701166], [-0.18644352487520527, -0.2469933015717179, -0.19473422130485835, -0.506648373656494, -0.6454780008562164, -0.5781700734965008, -0.02578293570628097, -0.506648373656494, 0.34811459881092827, 0.1530113511418303, 0.46463960217954386, 0.8802683638669283, 0.6139734412154482, 0.11382602368632368, 0.07572236572612946]], "inverted": false, "swapped": false, "error_lsq": 0.04409061684101852, "error_max": 0.29429812056439164, "target": "542.xyz", "model": "18.xyz", "model_rescale": 3.9405287249114394, "target_rescale": 4.148876732719242},
{"mapping": [12, 13, 1, 7, 4, 0, 6, 9, 14, 11, 3, 10, 2, 5, 15], "R": [[-0.3867245708135848, -0.8335169395734656, 0.3945803058607112], [-0.03659243334098766, 0.4414032296781524, 0.896562425407111], [-0.9214689903362099, 0.332284065633277, -0.20120188760293978]], "T": [0.013184637832907797, -0.060536797980544406, -0.10735004660924177], "aligned_model": [[-0.4863748310922723, 0.16618086583548797, -0.4059030033852121, 0.40488694723944624, -0.23507962004440233, -0.1738817170325649, 0.15794288117029925, 0.7450854714896572, -0.20235252440259238, 0.4788608042190744, -0.6442669469364712, 0.0421131842815755, 0.22478672175138503, 0.7005609590941366, 0.02240736442024445], [-0.26865929424138796, -0.7118501149306369, 0.42722887438116525, -0.1999909920408173, -0.07127135725561431, 0.4550997036638978, 0.669847432915629, -0.2557511650818163, -0.6502844181580738, -0.41578518672651393, -0.03915158419849219, -0.12631229372119054, 0.478408947081656, 0.3533948860926181, -0.04509790835617964], [-0.19258164736119265, -0.16828413191802227, 0.040871482944329574, -0.6754586431873315, -0.7950379526493849, -0.5218370005718209, -0.04516176928708546, -0.2307290056190346, 0.3459494551184721, 0.3123611544005621, 0.433694019239089, 0.6754275465211222, 0.5407913924098614, 0.11045031300617086, -0.07179827154237126]], "inverted": true, "swapped": false, "error_lsq": 0.03745664288039958, "error_max": 0.21354025803370422, "target": "542.xyz", "model": "19.xyz", "model_rescale": 4.410303926677745, "target_rescale": 4.148876732719242},
{"mapping": [6, 13, 12, 5, 10, 3, 2, 9, 7, 1, 4, 0, 8, 14], "R": [[0.336482138908505, -0.48761140110630813, 0.8056146049487316], [-0.9298828307733085, -0.03700046177298899, 0.36599028246881693], [-0.14865292203174613, -0.8722763824268825, -0.4658714644960505]], "T": [0.051641102548885626, 0.051936597484817416, 0.028480679133338807], "aligned_model": [[-0.22014008510899377, 0.24152317866978676, 0.30874553268472704, -0.6701104874421695, 0.17960119214137102, -0.3609383024936469, -0.3593133122656125, 0.7044607524714223, 0.14484280350489506, 0.15544052771903558, -0.4287943347322444, -0.22574308991644074, 0.6255565664199276, 0.16605694780881552], [-0.03732193545667841, -0.5304952563743518, 0.10024978806957771, -0.15512962570633307, 0.795454452644118, -0.5848735381229935, 0.39735685088507133, -0.25460840708828814, -0.6233673153699654, -0.17842836589357178, -0.07217448310502975, 0.603943095618131, 0.35228913062181433, -0.0019459245402986686], [-0.534904295364471, -0.43572192371064394, -0.7214991982783083, -0.07980482741245502, -0.14386243302309076, 0.3330749227372759, -0.2114087526087408, 0.18467976906553918, 0.3571684787749339, 0.699327051661307, 0.5253336225580225, 0.48494119832891647, 0.33653583954405336, 0.1229555864526833]], "inverted": false, "swapped": true, "error_lsq": 0.04350025523715911, "error_max": 0.24495001317500237, "target": "542.xyz", "model": "20.xyz", "model_rescale": 4.121658175737393, "target_rescale": 4.148876732719242},
{"mapping": [0, 4, 5, 2, 6, 8, 7, 10, 9, 11, 13, 12, 14], "R": [[-0.48644125606901123, 0.8731376177524036, 0.031711273384406186], [0.7790394844421967, 0.4498778530676379, -0.43670058277873824], [-0.39556590610673126, -0.18772484594456523, -0.899047827504772]], "T": [0.05675959680841375, -0.032652737006466676, 0.09345607002810401], "aligned_model": [[0.13005152836510514, -0.07572528477318874, 0.45060851478433356, 0.6064860898185291, 0.5681536008443544, -0.3541152912404352, -0.5187011311161926, 0.4268750684081333, -0.5536462182807871, -0.18718000539207252, 0.0251271326615099, 0.4606818624370166, -0.0975329618520113], [-0.5833443840377326, 0.0762039712759843, 0.40994781337165964, -0.1437216959426236, 0.30345929072988187, -0.5744912923987302, 0.4467410016281349, -0.6894990647350081, -0.005846357732991331, -0.2981517304101464, 0.5748505013435358, 0.0729429245914043, -0.04826407352018518], [0.6239052876295841, 0.774398498082547, 0.5672865375830298, 0.2701198501863414, -0.06383222134967743, -0.1347574088662551, 0.20201110393131988, -0.08107809055088995, -0.32034055850442905, -0.5729602585550286, -0.376336784659146, -0.5822680071539281, 0.06396179170832114]], "inverted": false, "swapped": true, "error_lsq": 0.05483155966214645, "error_max": 0.2993219728184439, "target": "542.xyz", "model": "21.xyz", "model_rescale": 4.08911054899281, "target_rescale": 4.148876732719242},
{"mapping": [0, 2, 6, 11, 1, 8, 5, 15, 13, 14, 7, 12, 10, 9, 16], "R": [[-0.08917611020928357, -0.5105492210512343, -0.8552117365026745], [0.2959062138239213, -0.8334452144677776, 0.46669967548858676], [-0.9510452849303938, -0.21144400527028034, 0.22539808927080146]], "T": [0.056333128723886225, -0.10154361893426944, -0.02105694211925256], "aligned_model": [[-0.6877892512092425, 0.1162516152159626, -0.5259583599726402, 0.44839406440367474, -0.10056488856173436, -0.09205349996044392, 0.3137569919124432, 0.6228318067931393, -0.19533387260977847, 0.5360902479344843, -0.43967557335152496, 0.2117276102410281, -0.012362198794865956, 0.5821191128898298, 0.017532751677459824], [-0.2676750198241146, -0.7217148643093453, 0.358643157332782, 0.1964907652951815, -0.23142908819618438, 0.3532165449356526, 0.5553117111045286, -0.38205729997850113, -0.44769348521246544, -0.3985781063870178, 0.06168293022340876, -0.11890692064894895, 0.5310220528169842, 0.23691399183142675, -0.12540083955914344], [-0.15803007634749616, -0.3858188243927148, -0.08982380690085061, -0.6070234589009782, -0.788201751338798, -0.5229898259242227, -0.022813076757806007, -0.38423505322587914, 0.4825043317527028, 0.28460006463422377, 0.46177703465224157, 0.7004141778167216, 0.47520612532977025, 0.3203272346258703, -0.007236153519421477]], "inverted": true, "swapped": false, "error_lsq": 0.0404788610234539, "error_max": 0.2609028207823749, "target": "542.xyz", "model": "22.xyz", "model_rescale": 4.204369325754507, "target_rescale": 4.148876732719242},
{"mapping": [12, 13, 1, 7, 4, 0, 6, 9, 14, 11, 3, 10, 2, 5, 15], "R": [[-0.3867245708135848, -0.8335169395734656, 0.3945803058607112], [-0.03659243334098766, 0.4414032296781524, 0.896562425407111], [-0.9214689903362099, 0.332284065633277, -0.20120188760293978]], "T": [0.013184637832907797, -0.060536797980544406, -0.10735004660924177], "aligned_model": [[-0.4863748310922723, 0.16618086583548797, -0.4059030033852121, 0.40488694723944624, -0.23507962004440233, -0.1738817170325649, 0.15794288117029925, 0.7450854714896572, -0.20235252440259238, 0.4788608042190744, -0.6442669469364712, 0.0421131842815755, 0.22478672175138503, 0.7005609590941366, 0.02240736442024445], [-0.26865929424138796, -0.7118501149306369, 0.42722887438116525, -0.1999909920408173, -0.07127135725561431, 0.4550997036638978, 0.669847432915629, -0.2557511650818163, -0.6502844181580738, -0.41578518672651393, -0.03915158419849219, -0.12631229372119054, 0.478408947081656, 0.3533948860926181, -0.04509790835617964], [-0.19258164736119265, -0.16828413191802227, 0.040871482944329574, -0.6754586431873315, -0.7950379526493849, -0.5218370005718209, -0.04516176928708546, -0.2307290056190346, 0.3459494551184721, 0.3123611544005621, 0.433694019239089, 0.6754275465211222, 0.5407913924098614, 0.11045031300617086, -0.07179827154237126]], "inverted": true, "swapped": false, "error_lsq": 0.03745664288039958, "error_max": 0.21354025803370422, "target": "542.xyz", "model": "23.xyz", "model_rescale": 4.410303926677745, "target_rescale": 4.148876732719242},
{"mapping": [1, 11, 0, 13, 7, 12, 5, 14, 10, 9, 3, 8, 4, 15, 16], "R": [[-0.10834640795910033, 0.31711265021622226, 0.9421786576627622], [-0.9913307179462949, 0.03639615866758983, -0.12624867242996124], [-0.0743267350180554, -0.9476892353018938, 0.310420118153557]], "T": [0.10794209070228679, -0.03407396248168732, -0.06384757610154024], "aligned_model": [[-0.6392721780494821, 0.135207528191781, -0.4753398946192877, 0.3528745834628508, -0.24743807474075113, 0.006093674734911528, 0.23324351036590962, 0.6878026101661158, -0.06504208372771837, 0.4890344048713594, -0.6700982004243036, 0.292502254402693, -0.06644044252178495, 0.7673131117123486, -0.0054742472168507195], [-0.4495434094583213, -0.6511746747607094, 0.39545719515254035, 0.03669558355697324, -0.17743256275452618, 0.606510036773806, 0.5662622852592666, -0.2890160963711253, -0.4223419183203716, -0.40474413091336775, 0.10283136926163217, -0.07468634957828499, 0.2750410641544374, 0.11217683974779863, -0.026209702325504406], [-0.1372732172157091, -0.20228454166346316, -0.2775551363489274, -0.7189707470951445, -0.6070640581966524, -0.5386684632226446, 0.07578758174391514, -0.30241889950331446, 0.42921267999423773, 0.26750157199525926, 0.36645606106408235, 0.7361492034192586, 0.5260024094077027, 0.16670556383398474, -0.024923066709220974]], "inverted": false, "swapped": false, "error_lsq": 0.04491299677927649, "error_max": 0.3376538124794017, "target": "542.xyz", "model": "24.xyz", "model_rescale": 4.28219845311461, "target_rescale": 4.148876732719242},
{"mapping": [5, 1, 11, 6, 8, 10, 14, 0, 3, 4, 9, 7, 13, 2, 15], "R": [[0.25972679685962763, 0.7314710753438753, -0.6304697113488584], [0.16652535509535998, 0.6091690918182165, 0.7753594802952589], [0.9512156943109182, -0.30637082679107086, 0.03640905640021017]], "T": [0.027843759934234873, 0.021762174843543668, 0.07176172096433488], "aligned_model": [[-0.665462501480134, -0.02641450828372189, -0.3821259449844349, 0.47653606452720404, -0.14705107501356135, -0.16878678962436108, 0.17734512201971386, 0.6978368322569357, -0.13676960828041612, 0.5085792298285855, -0.525360479075948, 0.021337300013207515, 0.21993923155961032, 0.6544421849614419, 0.09092149818366957], [-0.30866299448604756, -0.5606244892349668, 0.3524239529851529, 0.12737500863988255, -0.14758157660382384, 0.40644110624082624, 0.7155464795073644, -0.3230785623862971, -0.6874299078802795, -0.4308735806425475, -0.0349698880035661, -0.1489057176357377, 0.3531799018069789, 0.29656313900014236, -0.009577341882837799], [-0.2962414261299307, -0.18854427719967953, -0.0663132614681196, -0.7026530775109905, -0.5783771468809428, -0.5938683306012532, -0.20474742216000102, -0.24088555796541122, 0.3363262190866234, 0.3858681581264942, 0.4559754985220194, 0.8309561243987923, 0.5258300825272377, 0.04648587795273923, 0.04884548080578601]], "inverted": false, "swapped": false, "error_lsq": 0.039988898895654004, "error_max": 0.25434159973496884, "target": "542.xyz", "model": "25.xyz", "model_rescale": 4.100010024507729, "target_rescale": 4.148876732719242},
{"mapping": [12, 10, 8, 0, 13, 7, 9, 4, 2, 5, 6, 14], "R": [[-0.47939642504431806, -0.6757152881498915, -0.5599892115168265], [0.7853443208007828, -0.0455273649570371, -0.6173828284184996], [0.39168018259887133, -0.735755467802026, 0.5524948200288731]], "T": [0.02233105951131424, 0.056950941171489425, -0.012422900503066953], "aligned_model": [[-0.7287245804509739, 0.02495186561189454, 0.22367172039974031, 0.6682153285083359, -0.6140166997767392, 0.1193450297601051, -0.09993264904419773, 0.5831592779394189, 0.009366140068207324, 0.07171951351645488, -0.44368583865816, 0.06269649448892053], [-0.2013325991592978, -0.7160567262966998, -0.2859267019567863, -0.3153353382278676, 0.47510515973234174, 0.7511224543771089, 0.24476551485452736, 0.3813860695533187, -0.23661020444791647, 0.3840329931649071, 0.08083326228306482, 0.10414750617393864], [-0.02299207158585372, -0.049124551525056084, 0.5845573720383344, -0.1974791271708246, 0.09233731359454378, 0.2730097557254978, 0.6906551622551645, -0.2831592556478574, -0.5217355614713721, -0.6951421995154063, -0.4384424006627649, 0.13270785381995137]], "inverted": false, "swapped": true, "error_lsq": 0.048262356946322256, "error_max": 0.24904727961021345, "target": "542.xyz", "model": "26.xyz", "model_rescale": 3.6694154284099745, "target_rescale": 4.148876732719242},
