[{"mapping": [0, 4, 2, 9, 8, 1, 5, 10, 6, 7, 12, 13], "R": [[0.4801389101387364, -0.46191088968892047, -0.7457244510927454], [0.43455389221356555, 0.8637293683886181, -0.25521460174731303], [0.7619905128889908, -0.20151900200673065, 0.6154352525630816]], "T": [-0.015073318561420784, -0.07343943999695435, 0.09393657080096446], "aligned_model": [[-0.07871485791410367, 0.07721278466767657, 0.5313701310738845, -0.21843739626246092, -0.08234498841831082, -0.6344161929145039, 0.25306650404006853, -0.22934960680873193, 0.5288349498818735, 0.2910355466669289, -0.6074694235576398, 0.006855012005867751], [-0.27959062705153925, -0.7675412001957063, -0.4050282533904388, 0.5710171535343974, 0.4557041609228193, -0.45842040770915027, -0.17146607882908171, -0.5085358462421572, 0.16074628828789822, 0.5291071325764639, 0.006928956498403888, -0.07936624242485235], [-0.5881464692797491, -0.05217340512353774, -0.5033233247304567, 0.0440329302169413, -0.6262628028203887, -0.10425905235468202, 0.5564012825431843, 0.716763635613388, -0.21962208322877746, 0.39717873249798974, 0.5313370222479138, 0.03002527977173669]], "inverted": false, "swapped": true, "error_lsq": 0.04940682512037953, "error_max": 0.24340647097255388, "target": "543.xyz", "model": "0.xyz", "model_rescale": 3.751011558992144, "target_rescale": 3.947527708752564},
{"mapping": [13, 9, 3, 7, 12, 6, 0, 1, 2, 8, 11, 5, 10, 14], "R": [[-0.2824423282585865, 0.926463246555183, 0.2487813979989251], [0.9582155992630332, 0.2847130655233581, 0.027592311416019033], [-0.04526805205501397, 0.2461794530474115, -0.9681665561051065]], "T": [-0.004725054089391348, 0.07611350180362106, -0.018381557792117025], "aligned_model": [[-0.7133742303705979, -0.49804513606913015, -0.3348917784769841, 0.3055656881661618, -0.2999901846364501, 0.5666935095264131, 0.2079547534182819, 0.638022640021038, -0.4346209489111748, 0.08971853287801546, 0.015909129875628134, -0.47108996190213515, 0.04853769888203312, -0.03495970819749545], [0.012726499763203336, -0.0018499641111498072, -0.25836970978294393, -0.45601120593587285, -0.603520218035297, -0.3356388983588381, 0.016669488937627458, 0.09564213739043038, 0.4695033972345679, 0.722204039290293, -0.5164306754492758, 0.4751175266192319, 0.2589220124571209, 0.0347520971012083], [-0.1643289155238502, 0.4114400517534643, -0.6204752421857334, -0.26381988911161647, -0.07215528388725295, 0.2417463557155375, -0.7441488946931187, -0.2870441408655325, -0.6050433102324098, -0.1369803705635203, 0.5156564721106808, 0.09731463029277534, 0.7792385746690786, 0.0010841128969196583]], "inverted": true, "swapped": false, "error_lsq": 0.04390627769803942, "error_max": 0.24493301171473567, "target": "543.xyz", "model": "1.xyz", "model_rescale": 3.9405287249114394, "target_rescale": 3.947527708752564},
{"mapping": [8, 0, 11, 3, 4, 9, 6, 2, 10, 12, 5, 7, 13], "R": [[-0.25965251298598935, -0.8940797591454883, -0.36496843258891054], [-0.48623416736909464, 0.44756928042490596, -0.750505212308892], [0.8343601782101924, -0.017410442449214858, -0.550944615647325]], "T": [-0.08632143680476043, -0.1242824636056066, -0.026708980783397156], "aligned_model": [[-0.3685716749449678, 0.20653012468768492, -0.4048233160868162, 0.5650822468488464, 0.550485167390666, -0.6985769391243597, 0.10904348530354188, 0.6272574890495521, -0.012759918772623807, -0.5879739876773817, 0.02954433035331333, -0.4654016042836876, -0.05385212345983638], [0.7262292939870879, 0.4217738333097991, 0.22518524953077476, -0.2820236637064165, -0.23307056968936107, 0.13386339440307957, 0.31588987548230396, 0.3703923165528803, -0.8840984520440301, -0.5691167124712294, -0.5548693665451583, -0.14644961408629228, -0.06487299115142048], [-0.039751947878746405, -0.38426501073033087, -0.45870029885866775, 0.41105912336529266, -0.3337669561767667, 0.10624040154349536, 0.43920844585111635, 0.07993503489021438, -0.22771925383814168, -0.34163530317495383, 0.2840189371932358, 0.6093159103849922, -0.030818732982095223]], "inverted": false, "swapped": true, "error_lsq": 0.05171149295682113, "error_max": 0.39699000103506094, "target": "543.xyz", "model": "2.xyz", "model_rescale": 3.932901565614263, "target_rescale": 3.947527708752564},
{"mapping": [5, 9, 4, 0, 7, 3, 2, 1, 6, 10, 8, 12, 11, 13], "R": [[-0.3449403321187306, -0.6958889568445323, 0.629884693431781], [-0.9383783053217547, 0.2402962602243628, -0.2484026236247465], [0.02150170642744359, -0.6767542146629116, -0.7358949718245766]], "T": [0.0003863292100922261, -0.06103665457555904, -0.006529299664151077], "aligned_model": [[-0.6779734794906463, -0.6199411487137269, -0.27104068904866996, 0.3784800311073578, -0.41923774442707745, 0.3468472130677885, 0.15598572771601227, 0.6111623872342965, -0.2471959031938018, 0.06542574984088351, -0.017310859731863318, -0.5115256807816515, 0.3685257185759015, -0.07677131795119917], [0.03509587936395685, -0.09717843513415933, -0.43309125783554125, -0.42802134717139007, -0.6371727244792827, -0.37747741824253656, 0.041212552174741346, 0.22372290557459132, 0.3996924717028443, 0.6481616178542468, -0.32026284208142497, 0.5000510516405248, 0.33438561384312404, 0.024598459910610798], [-0.22421299568324263, 0.3854917855080283, -0.7489100311557426, -0.42043474433596517, 0.03500879281951245, 0.19475551627491341, -0.8186461509126831, -0.314154429911438, -0.4459880247776729, 0.0706271935676088, 0.6799656520628339, 0.0725686783057177, 0.7046832691248297, -0.01827036051127759]], "inverted": true, "swapped": false, "error_lsq": 0.04593199765770993, "error_max": 0.29596597366973776, "target": "543.xyz", "model": "3.xyz", "model_rescale": 3.9243930471874484, "target_rescale": 3.947527708752564},
{"mapping": [7, 6, 9, 12, 11, 5, 10, 8, 0, 2, 1, 4, 13], "R": [[-0.37017940636637514, 0.8621848813447216, 0.34583874491275074], [-0.749615545836669, -0.057356410125568275, -0.6593836331434839], [-0.5486745306119386, -0.5033363414239986, 0.6675393522929364]], "T": [-0.037624436115371515, -0.15772416656801083, -0.09617351332599712], "aligned_model": [[-0.06796399577165727, -0.29894133887655494, 0.4634567783747104, 0.3899182085016802, 0.5467572842170847, -0.4221715713972606, -0.22589507165948597, 0.45569256903736993, 0.07901512465749268, -0.5125020932302232, 0.33621258910508434, -0.4230542654749009, -0.04331833117198713], [-0.5267642379853305, 0.1826199580683713, -0.2751410979811011, -0.6904206462138824, 0.09146986181508518, -0.5414740124086197, -0.7028836535473411, 0.41740825868820364, 0.5333927714155221, 0.5740383095296043, 0.015279154239501852, 0.14162796945498776, -0.09132308139341452], [-0.7377417130758046, -0.6108360653802825, -0.5369710894212455, 0.1904501544034395, -0.015007204534314436, -0.11170903893984335, 0.44279964430213825, -0.5747825307612139, 0.04713880964701413, -0.16163997020150023, 0.537382463770349, 0.42677414057755403, -0.10878728501532638]], "inverted": false, "swapped": true, "error_lsq": 0.04250414772662302, "error_max": 0.21018903035383005, "target": "543.xyz", "model": "4.xyz", "model_rescale": 3.8936222436046832, "target_rescale": 3.947527708752564},
{"mapping": [8, 0, 11, 9, 1, 4, 3, 5, 7, 6, 12, 13], "R": [[0.8202806749517813, 0.5351406954641728, -0.2019010905338841], [0.22969234919485781, 0.015074822521177755, 0.9731465328753438], [0.5238139354980904, -0.8446284306037043, -0.11055213789848578]], "T": [-0.07546534062482682, 0.05182774577323861, 0.04569032726435066], "aligned_model": [[0.08200027909456936, -0.5417972820167983, -0.22112388796884383, 0.40528722407816, -0.6724402687197106, -0.7094573750940737, -0.13241441149483532, 0.10065394813061149, 0.6590125798989338, 0.16677361641845898, -0.009727339200784751, -0.09921904091058958], [-0.5332145733093118, -0.4064379785370843, 0.04526718167753564, 0.05258545164496093, 0.33668065262040964, -0.02417496018534733, -0.24632753696328258, 0.2547399962125772, 0.013418612536058291, -0.5601479031032796, 0.7468195335044525, -0.010285570987881139], [-0.6147153277789464, -0.24467647073581952, -0.5779507354534277, -0.43185340874532663, -0.31976446232998174, 0.3680562565146267, 0.7864400751549713, 0.5181206509547533, 0.13393850497418913, 0.17140541069899137, -0.20205209835319557, 0.032336324374684075]], "inverted": false, "swapped": true, "error_lsq": 0.04023085859664693, "error_max": 0.18209110742192458, "target": "543.xyz", "model": "5.xyz", "model_rescale": 3.6523030999806103, "target_rescale": 3.947527708752564},
{"mapping": [2, 6, 8, 0, 11, 3, 7, 4, 5, 10, 12, 1, 13], "R": [[-0.9714651362172918, 0.22966037196413297, 0.05925877710192108], [0.23718075398598332, 0.9397197272863245, 0.24631712097935238], [0.0008826397677140566, 0.2533435369181786, -0.9673759730574397]], "T": [0.005502082868418481, 0.05322404848656546, -0.016729484635962945], "aligned_model": [[0.19570473981182718, -0.15069526523091942, 0.4607613300922969, 0.6056047878117596, 0.5488860409215851, -0.4326154781304824, -0.5546844258318392, 0.224009272446557, -0.483318433551923, -0.22555750659026813, 0.023562734500601618, 0.6280933005083016, 0.041331807906797816], [-0.5899616576552932, -0.06616404934711526, 0.4349278967566007, -0.18782630189425623, 0.3913519501697591, -0.5916825809112729, 0.4556229196221088, -0.605445599199811, -0.09928026826736006, -0.12041937775356656, 0.4827054992657438, 0.00900848356028184, 0.02798998981736437], [0.5448807577329796, 0.6238538900098538, 0.6542748042901677, 0.2891418986641266, 0.007581516108105403, 0.16492513380178572, 0.25343165635419335, -0.1900817466467146, -0.19887978545994214, -0.7513015980041232, -0.6199963207832475, -0.4427607112925899, 0.03504024470719396]], "inverted": false, "swapped": true, "error_lsq": 0.04636651580485978, "error_max": 0.27368308367446603, "target": "543.xyz", "model": "6.xyz", "model_rescale": 4.08911054899281, "target_rescale": 3.947527708752564},
{"mapping": [11, 13, 9, 3, 1, 6, 8, 4, 10, 5, 2, 12, 7, 14], "R": [[-0.34644141600993755, 0.1646394956578081, -0.9235107913514451], [-0.16560515068139303, 0.95828146625875, 0.23296258389014624], [0.9233381175608546, 0.23364603119788468, -0.30472323962024067]], "T": [-0.06412324193556564, -0.009964029409507025, -0.056713621996996116], "aligned_model": [[-0.6086666950882288, -0.5818368943116423, -0.2519628643596149, 0.5204484930226408, -0.4386682313113379, 0.3387687232589947, 0.07389006928793572, 0.5330259247597934, -0.27798138529832167, 0.2467033670685601, -0.016013477157164127, -0.49450042828403584, 0.19045839229872485, -0.1482349896827], [0.04414550435729986, 0.028857487704715037, -0.5408416960598718, -0.43284032573214937, -0.6292767567896016, -0.21694756292391595, 0.04163232716533578, 0.24499345758335805, 0.530540150247824, 0.6771652801593929, -0.46601598489476814, 0.5282061187843607, 0.21836227886062906, -0.11426375134230309], [-0.2690238877433061, 0.45938713008925713, -0.6020965032898042, -0.38214097327861574, 0.062088126701945356, 0.15299772173297524, -0.7226258648626087, -0.3310474373453345, -0.48261833527494735, 0.05164393726718926, 0.6064919326557757, 0.12535858091976376, 0.6377964592831675, -0.15372673648003587]], "inverted": false, "swapped": false, "error_lsq": 0.043118561872159386, "error_max": 0.3371579629959281, "target": "543.xyz", "model": "7.xyz", "model_rescale": 3.964800864290218, "target_rescale": 3.947527708752564},
{"mapping": [10, 8, 3, 0, 5, 2, 6, 4, 11, 12, 1, 9, 7, 13], "R": [[0.400421883532084, 0.46333170053349626, -0.7905605925350422], [0.48279814827255796, 0.6266038573190358, 0.6117790074998445], [0.7788249246224775, -0.6266508926616513, 0.027210209722610193]], "T": [-0.014768852395562033, -0.04677230545655769, -0.08531082356095722], "aligned_model": [[-0.7920361138763521, -0.5423773965801242, -0.1308218834697368, 0.3833016062346115, -0.7269216940305314, 0.6318969337785469, 0.13114781371733641, 0.47059351621237755, -0.1439089211840967, 0.05609746163889267, 0.12128474603945993, -0.4780737958819629, 0.18885841123019695, -0.08361067962501398], [0.026268178825359707, 0.040988173829961734, -0.5961047131599768, -0.6232648688425417, -0.4675680085095329, -0.07992040868048661, -0.010132562604776359, 0.36860411431112977, 0.6220192216915137, 0.6346402032118159, -0.5049295018236637, 0.4464589590761671, 0.09347066011823363, -0.03681292032289782], [-0.3415425641655278, 0.46694355965942835, -0.5443623408525005, -0.23482873837173762, 0.03650883582032402, 0.05373338523095679, -0.6455533415590032, -0.38023317953640845, -0.5577238423717467, 0.23301274743876205, 0.49322292043528526, 0.04089605349860083, 0.5823125830664516, -0.0499019279174623]], "inverted": false, "swapped": false, "error_lsq": 0.05926176739333975, "error_max": 0.38697612710321794, "target": "543.xyz", "model": "8.xyz", "model_rescale": 4.121658175737393, "target_rescale": 3.947527708752564},
{"mapping": [1, 11, 9, 12, 0, 4, 6, 3, 7, 2, 10, 5, 13], "R": [[0.9147309665383356, 0.3295762643439558, -0.23376643222867866], [0.2992607653203875, -0.1638570904170498, 0.9399967277921317], [0.2714963226191073, -0.9298012367711403, -0.24851439979035395]], "T": [0.011891947533578882, 0.01087190934394603, -0.0903345972193091], "aligned_model": [[-0.6558605458152672, -0.27121521538397636, 0.3718668864677767, 0.011142736778070532, -0.5023851748465952, -0.5315561747879544, 0.28389626744827584, 0.12800106827638816, 0.7476784203683616, -0.27272666734392825, -0.10656663049338394, 0.2879596369008781, -0.013497111133448144], [0.23953091639944288, -0.11016682430829713, -0.09509038261334885, 0.643193652315267, -0.47930543133240866, 0.01824440600521001, -0.5731990141856409, -0.1381444788531741, -0.03343174453892061, -0.6703778058421607, 0.746346159183258, 0.29464440177928175, -0.05185641459679898], [-0.3603329540095055, -0.6519283897277531, -0.6545700608435354, -0.47618434951270633, -0.17418593653339615, 0.3746943137776907, 0.09371158058743516, 0.687587472416003, -0.1636576547661891, 0.37887967925924554, 0.17078215101895594, 0.2820114775776931, -0.0857318952848488]], "inverted": false, "swapped": true, "error_lsq": 0.04720904905454647, "error_max": 0.2342897990320317, "target": "543.xyz", "model": "9.xyz", "model_rescale": 3.833441315466971, "target_rescale": 3.947527708752564},
{"mapping": [0, 1, 10, 11, 12, 7, 8, 9, 13, 2, 6, 5, 4, 14], "R": [[0.14758550428854172, -0.9801698702200546, -0.13223291737195564], [0.873801918560443, 0.19185148352021025, -0.4468369002121291], [0.46334514785846903, -0.04959872764392348, 0.884788811057259]], "T": [-0.04907476426163348, -0.0584432374895792, -0.005763906978499697], "aligned_model": [[-0.6914688969944162, -0.703343025049889, -0.30582790524110703, 0.25032758774555125, -0.29523771666378623, 0.5782549149950201, 0.2741828527846473, 0.5965534300905748, -0.4067597316958332, 0.15380505506428013, -0.12591249002309476, -0.35932939052427126, 0.08691281855726196, 0.033272501158665764], [0.04236121786881827, -0.14905109139264866, -0.3458719318330076, -0.5976369429678546, -0.5983354724495132, -0.2809364577878663, -0.04534698802483334, 0.2937706658659221, 0.5571671726163683, 0.6112556090398396, -0.30459187579468655, 0.5025840824182582, 0.24013595262805615, -0.011787413066547257], [-0.20822674730743357, 0.3248902819410064, -0.7318608108316128, -0.2972522611690977, 0.09883166083101995, 0.02370161909618937, -0.7149129488930028, -0.34784537019055933, -0.36461182526065683, -0.17006086006980237, 0.6225165875502289, 0.209702133655914, 0.7210582340147492, -0.01344554299152018]], "inverted": true, "swapped": false, "error_lsq": 0.04300466193595218, "error_max": 0.3252006231098179, "target": "543.xyz", "model": "10.xyz", "model_rescale": 4.2482417240324, "target_rescale": 3.947527708752564},
{"mapping": [9, 6, 3, 2, 12, 10, 5, 4, 0, 1, 11, 13], "R": [[0.3101366201849627, 0.9077273646344552, 0.28257089077616415], [0.11253273732594699, 0.26008534163102015, -0.9590057341322862], [-0.9440082943757315, 0.32922127294945913, -0.021487056274887395]], "T": [-0.12276563166476906, 0.03164869364765557, 0.03018622267549006], "aligned_model": [[-0.754913194797863, 0.011899400507940583, 0.4941733493244763, 0.5566378162730582, -0.5752360046378615, 0.0009666392654220368, -0.01588433888716033, 0.5425301889064011, 0.17619975506436636, -0.04972390099933588, -0.41721344205436184, -0.09267066560207533], [-0.19816784901667744, -0.6173634408334939, -0.17299429681481385, -0.4837540459368673, 0.6180629904846285, 0.7430669656596262, 0.16595205829614595, 0.2501373012267611, -0.20002828232893408, 0.5227981428589991, 0.053524100895438124, -0.015102254440172803], [-0.05194438995750824, 0.1284041830309078, 0.49747360586403655, -0.1648572047610581, 0.040196884127697945, 0.34910804769433984, 0.5458613059310016, -0.11571203952647355, -0.5770462759287786, -0.539475581091802, -0.5381530967789192, -0.00866314874908719]], "inverted": true, "swapped": true, "error_lsq": 0.04057547732958195, "error_max": 0.22627436379044244, "target": "543.xyz", "model": "11.xyz", "model_rescale": 3.6694154284099745, "target_rescale": 3.947527708752564},
{"mapping": [4, 11, 3, 2, 8, 10, 1, 12, 0, 5, 9, 6, 7, 13], "R": [[-0.925218612567987, 0.37702816495336255, 0.04266476051344405], [-0.37437474808385274, -0.8887899381392447, -0.26437850491216136], [-0.06175813270267613, -0.26058052247690716, 0.9634748177045112]], "T": [-0.044374936511615976, 0.04942646596659557, -0.019454617423177924], "aligned_model": [[-0.6662957984002169, -0.647226476373221, -0.40610011173957095, 0.2332909266365926, -0.20772827035056485, 0.48014388664554175, 0.023497106089998054, 0.5661589160351636, -0.19713575871775116, 0.18678183546260757, -0.051234943225996095, -0.39659841389529116, 0.24390218288893975, -0.07602507685262715], [0.013712438658003145, -0.16068242807801492, -0.5156786459876089, -0.43513356484631927, -0.6865030315299969, -0.21002376590515348, -0.09493308370133761, 0.21979470683389768, 0.5659416437161294, 0.7995533658294783, -0.3992006248002303, 0.45245692908402657, 0.26018811286129584, 0.1042244749861356], [-0.41897633091498937, 0.35129182212401017, -0.5589543956000113, -0.3577101692964094, 0.046282087310202995, 0.22771813318652886, -0.8507350757248983, -0.26438639907810585, -0.48915033464735214, 0.14920768823294486, 0.6464079364331431, 0.16319231310884819, 0.6321903388972832, -0.12389346365577283]], "inverted": false, "swapped": false, "error_lsq": 0.048417832436815925, "error_max": 0.24295381197436053, "target": "543.xyz", "model": "12.xyz", "model_rescale": 3.9764082729961374, "target_rescale": 3.947527708752564},
{"mapping": [1, 9, 10, 11, 13, 14, 8, 3, 2, 7, 6, 0, 4, 15], "R": [[0.27595882076915734, -0.8501979425341397, -0.4483415971671736], [0.4911367384654386, -0.2762322851574235, 0.8261237369584774], [-0.8262151253573295, -0.44817316201154195, 0.3413347088758316]], "T": [-0.17223381836840396, -0.066541127941591, 0.0411483206142909], "aligned_model": [[-0.6169582632922821, -0.724042157538968, -0.34267265025040183, 0.27754166411088005, -0.10235800693894201, 0.5046468680132083, 0.05449157541231023, 0.5901895518987292, -0.3665478536490069, 0.11386371886875474, 0.1536118733858723, -0.435331922390871, 0.058036100966055715, -0.07904049439173472], [-0.012864869813934296, 0.11007389205959464, -0.4303199044054173, -0.4840743752691618, -0.6688098426962839, -0.4854894656674415, 0.07499569903918263, 0.12270058272209358, 0.5430307389778117, 0.6325857313131187, -0.3955062813436942, 0.5849754785797572, 0.3474079067528759, -0.024988763128196152], [-0.40903120542121996, 0.20181511260761753, -0.6551005611366583, -0.4627491902805652, 0.12403566821151939, 0.11272252193972256, -0.6132336466431693, -0.2610794523140087, -0.4352167795551925, 0.021060195304343873, 0.6488203692651561, 0.2239417356733444, 0.5810424608903717, 0.07545692183416028]], "inverted": true, "swapped": false, "error_lsq": 0.045819837378177415, "error_max": 0.29191994803366844, "target": "543.xyz", "model": "13.xyz", "model_rescale": 4.170626492500431, "target_rescale": 3.947527708752564},
{"mapping": [1, 2, 9, 11, 3, 5, 10, 12, 7, 8, 6, 0, 4, 13], "R": [[0.08643903860114915, 0.8498643709336358, 0.5198642549967105], [0.9618185073823542, 0.06482586746535574, -0.2658999168186116], [-0.2596795168327479, 0.5229991949563019, -0.811811795068642]], "T": [-0.12325054517887656, 0.022028066897376186, -0.01853633160761095], "aligned_model": [[-0.7621677445474491, -0.4430323961586782, -0.21175705746195006, 0.18609860340136375, -0.47282818706344143, 0.6659604334557047, 0.12946454646377875, 0.582679639673561, -0.3860916462900362, 0.15868841557400448, 0.14056716064409314, -0.6172863328118696, 0.1748583994954634, -0.05972383017094092], [-0.035850584562655066, 0.02568572742773309, -0.3411580680154647, -0.5725066540928525, -0.5676842846620265, -0.36461360323432196, 0.14875772977238302, 0.20167917300019453, 0.6002247088637616, 0.6998145680532262, -0.5999138982765913, 0.35061722477668716, 0.42578567098139813, -0.057121182911166204], [-0.4419148194308993, 0.5564926733475486, -0.7372635866595091, -0.243238848150922, 0.05568239340562145, 0.21571583695576516, -0.5068016078442696, -0.08990982372065096, -0.522553198065745, -0.13110708298388832, 0.4825401865809147, 0.04323916830858518, 0.4826362782210808, -0.0110334195882092]], "inverted": false, "swapped": false, "error_lsq": 0.049850845500066444, "error_max": 0.284038962360726, "target": "543.xyz", "model": "14.xyz", "model_rescale": 3.9786697098870705, "target_rescale": 3.947527708752564},
{"mapping": [1, 0, 10, 12, 4, 3, 8, 6, 5, 9, 2, 13], "R": [[0.7961606815749883, -0.19920474281447417, 0.5713542154865663], [0.13169602467202887, -0.8645696921915195, -0.48494886785046293], [0.5905796527138696, 0.46134230001603, -0.6621019226797978]], "T": [0.13497961410518927, -0.0781500386835117, 0.0178714787639797], "aligned_model": [[-0.10358269544165538, -0.5549012457892066, 0.7342808272610277, 0.5453974800069605, -0.02595635622241682, 0.27778873083430194, -0.5724730357443772, -0.14528871417706563, 0.6068964060786898, 0.09345740476820243, -0.44432273398900096, 0.07205852918187698], [-0.36608908397678597, 0.002312564898782149, -0.02347287334966111, -0.6223302384754875, 0.3940974610717851, 0.7037829219680982, -0.4157691797811631, 0.24514651871805967, 0.18727497610836766, -0.6091834703189554, 0.5741019516730096, -0.055197058311610155], [-0.6388298058471334, -0.15352280234559978, -0.4929956532736856, -0.27219138476550164, -0.4946946300009863, 0.11293124692238003, 0.4523017142559161, 0.5335527654754482, 0.06505091250864801, 0.43674022074173585, 0.08304124319312138, 0.02858266700948707]], "inverted": false, "swapped": true, "error_lsq": 0.043126734887514014, "error_max": 0.2272442807211495, "target": "543.xyz", "model": "15.xyz", "model_rescale": 3.769337070930944, "target_rescale": 3.947527708752564},
{"mapping": [3, 7, 4, 10, 2, 6, 0, 9, 1, 12, 13], "R": [[-0.6707795402808026, 0.3870803580664197, -0.6326322824041207], [-0.6980381975761815, -0.6177139974345104, 0.362176879574157], [-0.25059425984102424, 0.684542338918967, 0.6845467866859645]], "T": [-0.04031047704843673, -0.012491327911844326, 0.05046832705198885], "aligned_model": [[-0.25093620455236415, -0.22283159862499188, -0.041835273603438285, -0.7323875747764247, 0.46045183746565166, 0.2985184003610158, 0.5868263195281552, 0.14609819402319968, 0.09298717665231573, -0.4346414856289558, 0.02037633984700759], [0.07457166089849487, -0.7263233455258036, 0.6299784859698861, 0.3454708876058776, 0.23104996575129466, -0.3462653703330343, 0.32530437867299716, -0.5371219571951455, 0.5799793209781728, 0.021626120588489027, -0.002205649785886908], [-0.7169343033771244, -0.026021599929718406, -0.2639713598056281, 0.17707443337171896, -0.6242136056174826, -0.4215359841248274, -0.015708179454773527, 0.4367145342254467, 0.5002323899475573, 0.6766076363719029, 0.021973645616705482]], "inverted": false, "swapped": true, "error_lsq": 0.04067603275822764, "error_max": 0.18760739126745948, "target": "543.xyz", "model": "16.xyz", "model_rescale": 3.7852294659196426, "target_rescale": 3.947527708752564},
{"mapping": [5, 12, 1, 10, 7, 9, 8, 11, 4, 3, 6, 0, 13], "R": [[0.5731307462888218, 0.8145824107586108, 0.08931205820665117], [0.09572333863588528, -0.1747920809789818, 0.9799412078627151], [0.8138539120129717, -0.553085187389544, -0.1781532637687423]], "T": [-0.01698492103917606, 0.04675166283227224, -0.04078271741782486], "aligned_model": [[-0.0323449340041541, -0.33431300234100075, 0.3020476079567149, 0.1476589917670847, -0.6252494581914455, -0.6339831338695388, -0.2843964017395783, -0.13413304864987288, 0.6917501415342756, 0.39699264749302365, -0.04083504516357819, 0.3874353822868912, 0.01313610313746157], [-0.15544176282101196, -0.5933083533857594, -0.3247951957541665, -0.6820789385522958, 0.23257789800228584, 0.19106399504323884, 0.7085721391365711, 0.07790775074844632, -0.04308967464059457, 0.25847418763555463, 0.6825119354143948, 0.41933711204314367, 0.10332453083306742], [-0.5450283764141147, 0.1550167814380124, 0.534759308734608, -0.2954100913520649, -0.4205243154651295, 0.19933970661778666, 0.5011493104770375, 0.5880998176445272, -0.07635305035087489, -0.6924314752158903, -0.2511115949306117, 0.4168308010832426, -0.018582125123354745]], "inverted": true, "swapped": true, "error_lsq": 0.042147954274131455, "error_max": 0.30794857094694866, "target": "543.xyz", "model": "17.xyz", "model_rescale": 3.901054581598922, "target_rescale": 3.947527708752564},
{"mapping": [13, 9, 3, 7, 12, 6, 0, 1, 2, 8, 11, 5, 10, 14], "R": [[-0.2824423282585865, 0.926463246555183, 0.2487813979989251], [0.9582155992630332, 0.2847130655233581, 0.027592311416019033], [-0.04526805205501397, 0.2461794530474115, -0.9681665561051065]], "T": [-0.004725054089391348, 0.07611350180362106, -0.018381557792117025], "aligned_model": [[-0.7133742303705979, -0.49804513606913015, -0.3348917784769841, 0.3055656881661618, -0.2999901846364501, 0.5666935095264131, 0.2079547534182819, 0.638022640021038, -0.4346209489111748, 0.08971853287801546, 0.015909129875628134, -0.47108996190213515, 0.04853769888203312, -0.03495970819749545], [0.012726499763203336, -0.0018499641111498072, -0.25836970978294393, -0.45601120593587285, -0.603520218035297, -0.3356388983588381, 0.016669488937627458, 0.09564213739043038, 0.4695033972345679, 0.722204039290293, -0.5164306754492758, 0.4751175266192319, 0.2589220124571209, 0.0347520971012083], [-0.1643289155238502, 0.4114400517534643, -0.6204752421857334, -0.26381988911161647, -0.07215528388725295, 0.2417463557155375, -0.7441488946931187, -0.2870441408655325, -0.6050433102324098, -0.1369803705635203, 0.5156564721106808, 0.09731463029277534, 0.7792385746690786, 0.0010841128969196583]], "inverted": true, "swapped": false, "error_lsq": 0.04390627769803942, "error_max": 0.24493301171473567, "target": "543.xyz", "model": "18.xyz", "model_rescale": 3.9405287249114394, "target_rescale": 3.947527708752564},
{"mapping": [13, 7, 14, 3, 12, 1, 10, 2, 11, 5, 0, 9, 8, 15], "R": [[-0.40695421414178307, 0.7147092603001466, 0.5688399958102992], [-0.5494393146228196, -0.6890146596027226, 0.4726258968775945], [0.7297292012377263, -0.12020595698118154, 0.673086785464689]], "T": [-0.12539667273195262, -0.10838051314583146, 0.020581774692029958], "aligned_model": [[-0.7358102824709969, -0.6093060013990426, -0.3491428745245597, 0.30265353911508974, -0.23589309936277694, 0.4479630039947107, 0.2029873659760094, 0.6050501741148753, -0.31451019420800397, 0.18390613643590328, 0.14151169962852747, -0.5074411531165731, 0.05015081023830201, -0.09668912021786114], [-0.06157357409745749, 0.14983319269794104, -0.3179380727503516, -0.6466695859849905, -0.6392000699945769, -0.4211090798290184, 0.05324621404250314, 0.2909866004000167, 0.3717110619421284, 0.6581509893792631, -0.2939478176588469, 0.5542016861123136, 0.3067929684759146, -0.09076798561453298], [-0.2560663427319615, 0.46192403721028774, -0.6905878453510126, -0.4818587542003213, -0.05790516675757071, 0.11533908925726105, -0.6750796092633836, -0.2289750235776846, -0.48237086465317225, 0.11015783531294362, 0.6263861607900544, 0.08411673507149565, 0.6281064383204648, -0.000702539051978153]], "inverted": true, "swapped": false, "error_lsq": 0.03670328637328286, "error_max": 0.2680189108469659, "target": "543.xyz", "model": "19.xyz", "model_rescale": 4.410303926677745, "target_rescale": 3.947527708752564},
{"mapping": [10, 8, 3, 0, 5, 2, 6, 4, 11, 12, 1, 9, 7, 13], "R": [[0.400421883532084, 0.46333170053349626, -0.7905605925350422], [0.48279814827255796, 0.6266038573190358, 0.6117790074998445], [0.7788249246224775, -0.6266508926616513, 0.027210209722610193]], "T": [-0.014768852395562033, -0.04677230545655769, -0.08531082356095722], "aligned_model": [[-0.7920361138763521, -0.5423773965801242, -0.1308218834697368, 0.3833016062346115, -0.7269216940305314, 0.6318969337785469, 0.13114781371733641, 0.47059351621237755, -0.1439089211840967, 0.05609746163889267, 0.12128474603945993, -0.4780737958819629, 0.18885841123019695, -0.08361067962501398], [0.026268178825359707, 0.040988173829961734, -0.5961047131599768, -0.6232648688425417, -0.4675680085095329, -0.07992040868048661, -0.010132562604776359, 0.36860411431112977, 0.6220192216915137, 0.6346402032118159, -0.5049295018236637, 0.4464589590761671, 0.09347066011823363, -0.03681292032289782], [-0.3415425641655278, 0.46694355965942835, -0.5443623408525005, -0.23482873837173762, 0.03650883582032402, 0.05373338523095679, -0.6455533415590032, -0.38023317953640845, -0.5577238423717467, 0.23301274743876205, 0.49322292043528526, 0.04089605349860083, 0.5823125830664516, -0.0499019279174623]], "inverted": false, "swapped": false, "error_lsq": 0.05926176739333975, "error_max": 0.38697612710321794, "target": "543.xyz", "model": "20.xyz", "model_rescale": 4.121658175737393, "target_rescale": 3.947527708752564},
{"mapping": [2, 6, 8, 0, 11, 3, 7, 4, 5, 10, 12, 1, 13], "R": [[-0.9714651362172918, 0.22966037196413297, 0.05925877710192108], [0.23718075398598332, 0.9397197272863245, 0.24631712097935238], [0.0008826397677140566, 0.2533435369181786, -0.9673759730574397]], "T": [0.005502082868418481, 0.05322404848656546, -0.016729484635962945], "aligned_model": [[0.19570473981182718, -0.15069526523091942, 0.4607613300922969, 0.6056047878117596, 0.5488860409215851, -0.4326154781304824, -0.5546844258318392, 0.224009272446557, -0.483318433551923, -0.22555750659026813, 0.023562734500601618, 0.6280933005083016, 0.041331807906797816], [-0.5899616576552932, -0.06616404934711526, 0.4349278967566007, -0.18782630189425623, 0.3913519501697591, -0.5916825809112729, 0.4556229196221088, -0.605445599199811, -0.09928026826736006, -0.12041937775356656, 0.4827054992657438, 0.00900848356028184, 0.02798998981736437], [0.5448807577329796, 0.6238538900098538, 0.6542748042901677, 0.2891418986641266, 0.007581516108105403, 0.16492513380178572, 0.25343165635419335, -0.1900817466467146, -0.19887978545994214, -0.7513015980041232, -0.6199963207832475, -0.4427607112925899, 0.03504024470719396]], "inverted": false, "swapped": true, "error_lsq": 0.04636651580485978, "error_max": 0.27368308367446603, "target": "543.xyz", "model": "21.xyz", "model_rescale": 4.08911054899281, "target_rescale": 3.947527708752564},
{"mapping": [6, 0, 8, 11, 1, 15, 5, 14, 10, 12, 2, 7, 3, 16], "R": [[-0.24467528098963054, -0.2891178127812511, -0.9254971081560606], [-0.9166412143829268, -0.2421809659384324, 0.3179894083640545], [-0.31607418586028, 0.9261529409712597, -0.2057616071162156]], "T": [-0.043643773205141186, 0.01673902659803673, -0.03661927575868511], "aligned_model": [[-0.730239951693724, -0.7266088862375283, -0.34877738478450154, 0.2046662636028802, -0.2255827178350714, 0.5436447052193414, 0.03057779968812565, 0.5216446300232458, -0.2339575994057776, 0.1717382439949117, 0.14617898744187546, -0.5221096848358446, 0.327722534444188, -0.07346693541851676], [0.023457205118733622, -0.08309814777062338, -0.4367007100910132, -0.5686400924342195, -0.7461200444843658, -0.4043656865152603, 0.0497563644946856, 0.26535888950626313, 0.5648982916281868, 0.7226347061169799, -0.3990592088160241, 0.5429006171941572, 0.3515108744027919, 0.03118346877001356], [-0.3266273486008165, 0.3150490213253922, -0.4632899946227458, -0.4627254161508016, 0.08562081324766643, 0.0596619872045582, -0.7374260019419001, 0.13790800259647285, -0.597366524466529, -0.01954935082004279, 0.5222483081466186, -0.03208716828046605, 0.6735171187140748, -0.0024492959760588073]], "inverted": true, "swapped": false, "error_lsq": 0.04949914586692842, "error_max": 0.3575685805629183, "target": "543.xyz", "model": "22.xyz", "model_rescale": 4.204369325754507, "target_rescale": 3.947527708752564},
{"mapping": [13, 7, 14, 3, 12, 1, 10, 2, 11, 5, 0, 9, 8, 15], "R": [[-0.40695421414178307, 0.7147092603001466, 0.5688399958102992], [-0.5494393146228196, -0.6890146596027226, 0.4726258968775945], [0.7297292012377263, -0.12020595698118154, 0.673086785464689]], "T": [-0.12539667273195262, -0.10838051314583146, 0.020581774692029958], "aligned_model": [[-0.7358102824709969, -0.6093060013990426, -0.3491428745245597, 0.30265353911508974, -0.23589309936277694, 0.4479630039947107, 0.2029873659760094, 0.6050501741148753, -0.31451019420800397, 0.18390613643590328, 0.14151169962852747, -0.5074411531165731, 0.05015081023830201, -0.09668912021786114], [-0.06157357409745749, 0.14983319269794104, -0.3179380727503516, -0.6466695859849905, -0.6392000699945769, -0.4211090798290184, 0.05324621404250314, 0.2909866004000167, 0.3717110619421284, 0.6581509893792631, -0.2939478176588469, 0.5542016861123136, 0.3067929684759146, -0.09076798561453298], [-0.2560663427319615, 0.46192403721028774, -0.6905878453510126, -0.4818587542003213, -0.05790516675757071, 0.11533908925726105, -0.6750796092633836, -0.2289750235776846, -0.48237086465317225, 0.11015783531294362, 0.6263861607900544, 0.08411673507149565, 0.6281064383204648, -0.000702539051978153]], "inverted": true, "swapped": false, "error_lsq": 0.03670328637328286, "error_max": 0.2680189108469659, "target": "543.xyz", "model": "23.xyz", "model_rescale": 4.410303926677745, "target_rescale": 3.947527708752564},
{"mapping": [11, 1, 9, 8, 10, 4, 15, 5, 13, 12, 3, 7, 2, 16], "R": [[-0.9076873776328432, -0.3419233709556436, 0.2432941283310009], [-0.4079059106587235, 0.8550614308050944, -0.3201292201583953], [-0.09857176337922396, -0.3898183653239983, -0.9156010318476254]], "T": [-0.1288043648987121, 0.06892780338513203, -0.1750219956123007], "aligned_model": [[-0.7161273253903928, -0.6827580777031212, -0.20807962760580892, 0.25046900666587224, -0.2690536051849837, 0.37326206354375374, 0.24865339477724774, 0.47815072284350374, -0.32046333085155476, 0.1758840897614336, 0.018937590729847326, -0.5831889234672867, 0.44848704728058736, -0.12874302119549338], [-0.1026402534886434, -0.07448414769455687, -0.39362999105067853, -0.6513746023672892, -0.551817639237668, -0.30506353940123737, -0.05516512893122501, 0.23355815375377398, 0.6820776289802643, 0.78993996337695, -0.2550024095333011, 0.47352266668202325, 0.08691201383191209, 0.03688381219998109], [-0.33731071533923485, 0.4644337463496153, -0.5899625975757423, -0.28913957157569414, -0.03794832075909435, 0.11123689061313169, -0.7678464001742946, -0.16480423513019898, -0.4605053681082887, 0.007959548605806, 0.6511090571509571, 0.09287456317580578, 0.5315932779114292, -0.05920572476877496]], "inverted": false, "swapped": false, "error_lsq": 0.0471881157251448, "error_max": 0.4318124500004616, "target": "543.xyz", "model": "24.xyz", "model_rescale": 4.28219845311461, "target_rescale": 3.947527708752564},
{"mapping": [13, 2, 7, 3, 4, 1, 9, 5, 12, 11, 0, 14, 6, 15], "R": [[-0.7587316619664931, -0.6405381688611643, -0.11847834975872254], [-0.3791890215841339, 0.286409511895091, 0.8798779900679885], [-0.5296621102548594, 0.7125169792559352, -0.46019300650093203]], "T": [-0.0484194236688127, 0.03233920786054605, -0.06909328986045425], "aligned_model": [[-0.6041262472231234, -0.572477192596876, -0.3429519355152604, 0.3401651768707782, -0.2235096922833778, 0.47587745564290773, 0.10943355457298144, 0.7572531168160312, -0.41677398707901675, 0.06580563379497881, -0.06887831522580574, -0.4123719761056047, 0.0324685743307247, -0.05448416179573322], [0.02102325791792902, -0.017103160539401883, -0.41633754412532903, -0.5675622494400463, -0.6709569104314927, -0.29734548380314435, 0.07280066922715012, 0.23100313005961254, 0.5722259451819673, 0.534142750900694, -0.40841214947371807, 0.6316931441953424, 0.23952194158347273, -0.010976814132730446], [-0.27880340518415314, 0.36874107542060025, -0.6325520527198607, -0.36769937588673884, 0.027687601112620322, 0.09307386240312847, -0.7250803257713357, -0.26067900028616003, -0.4656498768847185, -0.24692161068799423, 0.6171091925017632, 0.22832564610253725, 0.8042506181092205, -0.009318197853486233]], "inverted": false, "swapped": false, "error_lsq": 0.03905189351745576, "error_max": 0.25429591637414223, "target": "543.xyz", "model": "25.xyz", "model_rescale": 4.100010024507729, "target_rescale": 3.947527708752564},
{"mapping": [9, 6, 3, 2, 12, 10, 5, 4, 0, 1, 11, 13], "R": [[0.3101366201849627, 0.9077273646344552, 0.28257089077616415], [0.11253273732594699, 0.26008534163102015, -0.9590057341322862], [-0.9440082943757315, 0.32922127294945913, -0.021487056274887395]], "T": [-0.12276563166476906, 0.03164869364765557, 0.03018622267549006], "aligned_model": [[-0.754913194797863, 0.011899400507940583, 0.4941733493244763, 0.5566378162730582, -0.5752360046378615, 0.0009666392654220368, -0.01588433888716033, 0.5425301889064011, 0.17619975506436636, -0.04972390099933588, -0.41721344205436184, -0.09267066560207533], [-0.19816784901667744, -0.6173634408334939, -0.17299429681481385, -0.4837540459368673, 0.6180629904846285, 0.7430669656596262, 0.16595205829614595, 0.2501373012267611, -0.20002828232893408, 0.5227981428589991, 0.053524100895438124, -0.015102254440172803], [-0.05194438995750824, 0.1284041830309078, 0.49747360586403655, -0.1648572047610581, 0.040196884127697945, 0.34910804769433984, 0.5458613059310016, -0.11571203952647355, -0.5770462759287786, -0.539475581091802, -0.5381530967789192, -0.00866314874908719]], "inverted": true, "swapped": true, "error_lsq": 0.04057547732958195, "error_max": 0.22627436379044244, "target": "543.xyz", "model": "26.xyz", "model_rescale": 3.6694154284099745, "target_rescale": 3.947527708752564},
{"mapping": [8, 9, 5, 1, 7, 6, 0, 2, 4, 10, 3, 10, 12, 13], "R": [[0.06619904235041613, 0.9954998228953862, 0.06780700116612207], [0.50479776314803, 0.025204897379800917, -0.8628695912296477], [-0.8606955937569527, 0.09134996312713187, -0.5008575437427676]], "T": [-0.09809114275444164, 0.006239259147067303, -0.04540399499135314], "aligned_model": [[-0.7038027436710406, -0.45841920325345553, -0.24640127972074477, 0.36102456735190264, -0.40803910198764587, 0.5128214899991262, 0.22887746095179912, 0.4513487376259513, -0.2336143266957022, -0.3233233686721913, -0.06281883699305826, -0.3233233686721913, 0.34316494401154696, -0.05206496607069221], [0.12130760519579886, 0.09283383861581021, -0.48315355800375986, -0.6740432602665959, -0.5305623154041778, -0.26588641885990405, 0.0017296810683412635, 0.3978311279657441, 0.5424090348426871, 0.5627989257609831, -0.5397375552993219, 0.5627989257609831, 0.08640575001649137, 0.03898474572722618], [-0.21342162705034087, 0.5268971522152581, -0.6491235271545618, -0.3710957391444637, 0.06370538519623528, 0.10926921637940071, -0.6198642103492878, -0.1284778917698151, -0.6534220936807412, -0.007954004345433363, 0.5491516398039038, -0.007954004345433363, 0.6092708960737451, -0.05449704145304377]], "inverted": true, "swapped": false, "error_lsq": 0.05863348622700313, "error_max": 0.47915018432478224, "target": "543.xyz", "model": "27.xyz", "model_rescale": 4.103607728864725, "target_rescale": 3.947527708752564},
