[{"mapping": [11, 13, 12, 1, 10, 5, 8, 7, 9, 0, 4, 14], "R": [[-0.9039788587378206, 0.22090336017503967, -0.36609278662443584], [-0.3799819554155015, -0.022461938812957716, 0.9247211335658849], [0.1960508518565524, 0.9750370078966952, 0.10424440857034262]], "T": [-0.06547806401483017, -0.0076597408640803055, 0.06446359015499958], "aligned_model": [[-0.27858232641658265, 0.20531300777853553, 0.28071839718795155, 0.04939792515263891, 0.03299956036319669, -0.65471940723943, 0.2648055166788942, -0.20646697296912894, 0.6580489357357804, 0.2375181404798822, -0.7085309782375557, -0.042859336053633526], [-0.46809008457373236, -0.5356072891872237, -0.21688735570309717, 0.7038451003332782, 0.27835684959656604, -0.5972184479972346, -0.20819107250213317, -0.5345625866049954, 0.21811810255647834, 0.4136802724733417, 0.028344805405213114, -0.0282332578194038], [-0.5687169067670146, -0.07111725339972422, -0.6906876003067237, -0.0738252085671233, -0.5371692685308933, 0.06847453581565141, 0.5420280817473555, 0.6680405261777935, -0.025437160347360696, 0.5576304593682606, 0.25299189578961107, 0.05973964437373021]], "inverted": true, "swapped": true, "error_lsq": 0.04790363521961417, "error_max": 0.24853005394720645, "target": "544.xyz", "model": "0.xyz", "model_rescale": 3.751011558992144, "target_rescale": 4.223469196462134},
{"mapping": [2, 8, 13, 10, 9, 11, 5, 12, 3, 0, 4, 6, 1, 7, 14], "R": [[0.3458619733794799, 0.332676070831604, 0.8773289732284568], [-0.0176504530753602, 0.9371755831057114, -0.34841123394159523], [-0.9381193724021943, 0.1050169430449969, 0.33000527995351436]], "T": [-0.01994101989575122, 0.05072767347771273, -0.03160658714026504], "aligned_model": [[0.4323309948671797, 0.4043943506689501, -0.23804754437578504, -0.539440866720309, -0.6031997236796284, -0.6961734623194684, -0.13083626641351218, -0.41049706107404677, 0.1593926395973634, 0.6128753255246802, 0.16326463094282287, -0.16407098741739704, 0.47486222729545613, 0.06569112565655194, -0.06677652208553306], [-0.5265944828258406, 0.2128062830510243, -0.6049229626162393, 0.5902634011624299, -0.11153910688251734, 0.22834779039977635, -0.1544066769376642, -0.37542179695755, -0.6318368243354247, -0.20911009041393708, 0.7734251920711213, 0.5492111539877533, 0.4081597082916761, 0.027309025151786362, 0.02807970219553502], [-0.41355848789663435, -0.515433281056974, -0.2553340679498772, -0.36548509173414384, -0.2917380880896319, 0.35296039896868686, -0.6110098919073734, 0.4351242899442642, 0.2605424063727752, 0.29631463499090777, -0.29564816725512655, 0.511041104636772, 0.304693333308169, 0.6255050672655444, -0.014363687882887062]], "inverted": true, "swapped": false, "error_lsq": 0.046055082489360216, "error_max": 0.3071873587305998, "target": "544.xyz", "model": "1.xyz", "model_rescale": 3.9405287249114394, "target_rescale": 4.223469196462134},
{"mapping": [5, 7, 13, 6, 8, 11, 4, 2, 9, 10, 1, 3, 14], "R": [[0.03164403392151888, -0.922232625344068, -0.385338344663702], [-0.8983434859109953, -0.19524898293956738, 0.3935185078015344], [-0.43815252645449343, 0.3337136787907453, -0.8346601369117205]], "T": [-0.030886155610209423, -0.12568127172176868, -0.03873452388208831], "aligned_model": [[-0.28587145674097275, 0.3363186936155455, -0.3162299942343618, 0.33215385190450003, 0.3751949270581229, -0.8012670330601227, 0.098875466471271, 0.6672675679982297, 0.02973912930474308, -0.48389801440834973, 0.09789681714105501, -0.5138142675791415, -0.04038240818658759], [0.6622054893789934, 0.5327781771499449, 0.035626580117530365, -0.23819473196884722, -0.034332747529712826, 0.12813874918457208, 0.31196578521863105, 0.2582818546179375, -0.7672848424605054, -0.5860018939541792, -0.7473839426476653, 0.029787397623070977, -0.12675328115775317], [0.05622791762056245, -0.3443508714378297, -0.5515671029726259, 0.4244113826543512, -0.49053260234315516, -0.05912497241562198, 0.45318343152719, 0.15215910006998432, -0.44765814967659984, 0.15192383472894222, 0.32931460147951896, 0.5072938730667584, -0.06816009271283083]], "inverted": false, "swapped": true, "error_lsq": 0.04163507897307203, "error_max": 0.22775224122008036, "target": "544.xyz", "model": "2.xyz", "model_rescale": 3.932901565614263, "target_rescale": 4.223469196462134},
{"mapping": [13, 5, 11, 8, 12, 10, 3, 9, 0, 1, 4, 2, 6, 14], "R": [[0.9592906204390498, -0.025933308009943604, 0.28122761079475245], [0.0990428804823756, 0.9634255363450664, -0.24900149345731906], [-0.2644844293402113, 0.2667183897932102, 0.9267735900330243]], "T": [0.015359156488342244, -0.0367011595175441, 0.008599797767264503], "aligned_model": [[-0.22010107180079197, 0.652387771592584, 0.14951203641067665, -0.19438210351703766, -0.4458125216297458, -0.22602481844874756, 0.46761963520544325, -0.731426066810677, -0.2293521058119312, -0.1972158291911056, 0.6753668517134196, 0.466274194105084, 0.2584479821248907, -0.0054840418893574265], [0.04775263759679359, 0.011374252713941643, -0.5397454354856344, 0.537677346432037, -0.6063138438113924, -0.6596184310721733, -0.6249612954098713, -0.030774109467422633, 0.3663284925399101, -0.3470702122369233, -0.009161638081441159, 0.5656834037249487, -0.017373953289903682, -0.030300575802379902], [-0.546255697410919, -0.5268292037669112, -0.6137156616012744, -0.05027157073005097, -0.4349580656616395, 0.09329500787349623, -0.06173902979460882, 0.1661618465879855, 0.5473308673491519, 0.6387127641184962, 0.12686947634384235, 0.3327836139282336, 0.5558618359944647, -0.01334982017316916]], "inverted": true, "swapped": true, "error_lsq": 0.04757892339282741, "error_max": 0.43113511067484855, "target": "544.xyz", "model": "3.xyz", "model_rescale": 3.9243930471874484, "target_rescale": 4.223469196462134},
{"mapping": [5, 4, 7, 13, 8, 11, 12, 2, 0, 1, 9, 10, 14], "R": [[0.15059111335186576, -0.8615463592694534, 0.48483006033969844], [0.2693762039729416, -0.4361052353889024, -0.8586318677987199], [0.9511880872427776, 0.25990401015748144, 0.1664065148709212]], "T": [-0.02360519186851029, -0.02088320545199346, -0.09509586287058905], "aligned_model": [[-0.07550884425436963, -0.2191685349094002, 0.5803220051887086, 0.22652261670228357, 0.5880865503319803, -0.4232094992968074, -0.33715817662567943, 0.34517899926828094, 0.33093771309509046, -0.3628565648312514, 0.18001505372494353, -0.5486033569821517, -0.007352075100275274], [-0.5567388072636712, 0.08171755826265545, -0.21280805954379395, -0.5446583066179984, 0.030353473997877273, -0.7269925954565883, -0.546360082395295, 0.3933887395087356, 0.5881890013239308, 0.548959317890275, 0.15621144997411954, -0.04270423823520561, -0.040727897763453834], [-0.7314650185363802, -0.7288027051973048, -0.6052393623225708, 0.08802788288768684, -0.07109758216251272, -0.08781598808580528, 0.5044373576969586, -0.6981411810917678, 0.030912244567254915, 0.2191451725151509, 0.6188546798791267, 0.3260528024817019, -0.07779798726057388]], "inverted": false, "swapped": true, "error_lsq": 0.0457045626414458, "error_max": 0.30135374643977053, "target": "544.xyz", "model": "4.xyz", "model_rescale": 3.8936222436046832, "target_rescale": 4.223469196462134},
{"mapping": [2, 6, 8, 7, 9, 10, 3, 11, 5, 4, 13, 14], "R": [[-0.8551406438804938, -0.15786592308916414, 0.49377406727253376], [0.4615001871359876, 0.20201317386259493, 0.8638334647716592], [-0.23611873381225595, 0.9665759297195267, -0.09989452252115688]], "T": [-0.22246777604609486, -0.0032835198345209093, -0.05658847063142054], "aligned_model": [[0.09164687279948286, -0.40202201862528975, -0.12013795695658545, 0.43281053213914994, -0.8272914204571031, -0.6644089274194565, -0.08260382751548201, 0.0867682345898147, 0.5699071888848504, 0.1586180786382113, 0.004460433301867073, -0.22019914716436267], [-0.5627239888866535, -0.569985004908823, 0.16804772605425417, -0.00214296148880172, 0.389287057879077, 0.11464596362112994, -0.24464296403011265, 0.37391647224676045, -0.04578831838964553, -0.5396734919107586, 0.5611697139322092, 0.026812700991171584], [-0.5661422252145799, -0.1312286563285611, -0.6375722178925398, -0.5386866317409659, -0.3068399432817209, 0.4376241200895191, 0.6345850049528793, 0.591809806236016, 0.19862942540490947, 0.07537996909353696, -0.07488377535248801, -0.06339015669048696]], "inverted": false, "swapped": true, "error_lsq": 0.045101487513531345, "error_max": 0.23524002515652603, "target": "544.xyz", "model": "5.xyz", "model_rescale": 3.6523030999806103, "target_rescale": 4.223469196462134},
{"mapping": [1, 10, 3, 6, 4, 9, 11, 0, 13, 7, 5, 2, 14], "R": [[-0.42302636482339, -0.3015529098382591, -0.8544673997481631], [-0.8175394233950105, 0.5336640003486177, 0.2164070838185862], [0.3907403048819793, 0.7901066872897544, -0.4722853341368419]], "T": [-0.005682112392247501, -0.09437899825503769, 0.0313907968412447], "aligned_model": [[0.300661807842326, -0.1698848478220384, 0.1591102040265245, 0.5679523747034781, 0.5088235024843888, -0.36181748194414776, -0.4534834071616265, 0.2960226951380831, -0.5678035646303206, 0.036166948192075304, -0.0004874173079187083, 0.6007336670972486, -0.03491157595377788], [-0.4856897642570863, -0.08342633121792616, 0.5014929971889487, -0.22848307022573078, 0.31563077313656573, -0.7352823012915246, 0.5432744605535192, -0.728871798078087, 0.010231926702619562, 0.047134654465005046, 0.6563998563295836, -0.17168401370654168, -0.09990048543616256], [0.5713803437147872, 0.6843708347708743, 0.44770454420877637, 0.14057426459078265, -0.10101864199026227, 0.24342771249438844, 0.25766305898829567, -0.10623465048876198, -0.17721076306589312, -0.7686292911682393, -0.3306935083396407, -0.5141094477184027, 0.022885283485084715]], "inverted": false, "swapped": true, "error_lsq": 0.04442582540634231, "error_max": 0.22965290734593216, "target": "544.xyz", "model": "6.xyz", "model_rescale": 4.08911054899281, "target_rescale": 4.223469196462134},
{"mapping": [2, 7, 0, 4, 3, 8, 6, 9, 1, 13, 5, 10, 12, 11, 14], "R": [[0.8951859907426988, 0.3490293466048579, 0.27716521640819036], [-0.38921757406801655, 0.9151861193018539, 0.1046137996338009], [-0.21714447267803322, -0.2015263810169749, 0.9551101484852834]], "T": [-0.011743971753734865, 0.06092756422185027, 0.02683044700367367], "aligned_model": [[0.3956618770462324, 0.48806321982458784, -0.34964251199945773, -0.47748652158924865, -0.6831664263826885, -0.6174805149080411, -0.09584780464044906, -0.49854644936070763, 0.1212946316763735, 0.6864034389861854, 0.09173402619330878, -0.11821251691792803, 0.4920905109906867, 0.10392825317043092, -0.07502435162196056], [-0.48812577509371896, 0.20631887755260775, -0.7069252528644165, 0.4686529504182799, -0.1793320898848933, 0.2549839669362526, -0.1000844674365792, -0.39052942506479005, -0.6290575205434804, -0.09094672235212148, 0.7640710189425627, 0.6181331737804421, 0.46710520794252847, 0.047991238147137405, -0.038484865137881304], [-0.4006042827987315, -0.5461818580928209, -0.39847275178089053, -0.3103540372567103, -0.3165623634835465, 0.2729489675136119, -0.4380831335771306, 0.443684429265743, 0.23699079448659144, 0.18626355619500679, -0.24772886463521662, 0.47119657540348947, 0.32544801807137896, 0.6021422327389727, 0.14292318966472445]], "inverted": false, "swapped": false, "error_lsq": 0.043783955208829745, "error_max": 0.30664710030138853, "target": "544.xyz", "model": "7.xyz", "model_rescale": 3.964800864290218, "target_rescale": 4.223469196462134},
{"mapping": [3, 11, 10, 4, 1, 5, 6, 12, 13, 8, 7, 0, 9, 14], "R": [[-0.8352701843574601, -0.3953405459972018, -0.38213815801891493], [-0.5188310965090316, 0.336601323844578, 0.7858204897311559], [-0.1820384915854083, 0.8546375848725073, -0.4862680187968332]], "T": [-0.006068864070917869, 0.02884310271351375, 0.10915537124103197], "aligned_model": [[-0.17888023114664103, 0.2072835924114997, 0.4201123884639427, -0.6374502057585286, 0.14888523609535653, -0.46834294062291026, -0.36222385485312614, 0.7240329935164416, 0.3068056965942532, -0.015201492584620148, -0.46119993294014827, -0.06328534808169795, 0.625112915665813, 0.015539072701237992], [-0.21287862034301083, -0.6427862658106756, 0.13054237245710856, -0.044445098618473546, 0.667483820855408, -0.6607638794473398, 0.48373490828018845, -0.3072321689544904, -0.42746475802059486, 0.07683522540151744, -0.3038382985088624, 0.6444599566962532, 0.39298224460042336, 0.014319027593750821], [-0.5743970545203458, -0.2929911075369238, -0.40220773624118483, -0.10611827039242408, -0.21747390448200604, 0.03468520466580219, -0.04955355826114605, -0.1873006867795035, 0.36279138801165056, 0.721512500317353, 0.695660609433608, 0.4701121979070876, 0.33622660491646694, 0.12586885168658768]], "inverted": true, "swapped": true, "error_lsq": 0.0411229834250693, "error_max": 0.28439012130027996, "target": "544.xyz", "model": "8.xyz", "model_rescale": 4.121658175737393, "target_rescale": 4.223469196462134},
{"mapping": [13, 12, 11, 5, 9, 8, 10, 6, 3, 1, 7, 4, 14], "R": [[0.63132539724991, -0.600258608255573, 0.4910375199537469], [0.7744147519557101, 0.4541944908419027, -0.44044200122404453], [0.04135256631238163, 0.6583289206042431, 0.751593638581004]], "T": [-0.10361501849228208, -0.01650909341943021, 0.06121768675351024], "aligned_model": [[-0.4073058718467386, -0.14711442759826726, 0.23955080256441894, 0.2808591529028399, -0.6542505056912996, -0.6368836181679915, 0.12139667490310349, 0.13867913402586532, 0.6061122480167571, 0.013667107415142182, -0.3467249913785484, 0.39508624775230095, -0.126334456462385], [0.16611998325199043, -0.43379321973947804, 0.057175842829913066, 0.6636812807328234, -0.543792753319634, 0.24346894151856743, -0.5934188111340765, -0.12601622873183935, -0.0743254517327562, -0.6491829946265081, 0.7515589823581281, 0.34328790615153004, -0.014376038146950678], [-0.43361265732960524, -0.6856847595840657, -0.6703114098470302, -0.22916410304638624, 0.02486385438341645, 0.2206037721686089, -0.20337699311398133, 0.5981191558385688, -0.15896758668059602, 0.41410302430742785, 0.1742600286049587, 0.3299172699568327, 0.040325838300939845]], "inverted": true, "swapped": true, "error_lsq": 0.04583706696559897, "error_max": 0.21133381351343522, "target": "544.xyz", "model": "9.xyz", "model_rescale": 3.833441315466971, "target_rescale": 4.223469196462134},
{"mapping": [9, 7, 8, 12, 10, 0, 11, 13, 2, 3, 6, 1, 6, 5, 14], "R": [[-0.624420662646981, 0.6936647015784783, -0.3590656177407492], [0.2951072482467927, -0.2161158244811412, -0.9307017043290736], [-0.7231946820128803, -0.687112241335342, -0.0697582949577445]], "T": [-0.03445780683372338, 0.07051898418929811, -0.006092644320247025], "aligned_model": [[0.30272647626066645, 0.3829058279656686, -0.2517943855084532, -0.28183794639149223, -0.7586929131636828, -0.6043788125568712, -0.14041164647134377, -0.36861188607461964, 0.17598980049264085, 0.7731219126724147, 0.25080823413492354, -0.31928254496866165, 0.25080823413492354, 0.020374234779481137, 0.03204427516173015], [-0.6277706266266481, -0.006299770398639826, -0.5394974539814797, 0.575749076868447, -0.14143320694126318, 0.11303024378267418, 0.10107628693168072, -0.4259370438708585, -0.5407632083058584, -0.2467871047001852, 0.679961568085229, 0.5989464368415597, 0.679961568085229, -0.021128608275364003, 0.004662157847407214], [-0.24401806371328105, -0.519727195409262, -0.4399176310466232, -0.22188346274070297, -0.3321508031724008, 0.36432037076827073, -0.6792769550099172, 0.5207460453600541, 0.3080667748232149, 0.03203467323133023, 0.08573649511403544, 0.4243120823541133, 0.08573649511403544, 0.6617616567626836, -0.02213001072107865]], "inverted": false, "swapped": false, "error_lsq": 0.05018237252540092, "error_max": 0.3402822044552684, "target": "544.xyz", "model": "10.xyz", "model_rescale": 4.2482417240324, "target_rescale": 4.223469196462134},
{"mapping": [2, 5, 13, 11, 0, 9, 8, 10, 3, 1, 6, 14], "R": [[-0.29293333585835957, -0.8325823093394622, -0.4701029237495361], [-0.9313837665673828, 0.13733525620212267, 0.3371398920013068], [-0.21613500437839536, 0.5366057450110518, -0.8156837219802082]], "T": [-0.006523343575990548, 0.03410276015636042, -0.0002802236266638142], "aligned_model": [[-0.8013806144776565, 0.020363996241555715, 0.3473454767498944, 0.6612666419518396, -0.511095646172874, 0.19027396191259674, -0.3003794124242308, 0.48367971643303637, 0.27724594197865376, -0.06727766424174936, -0.4330821935474278, 0.009805397959368401], [-0.16103792131299022, -0.7978460560804487, -0.1110846411431702, -0.42198003297313924, 0.5334985124733793, 0.7267412731694559, 0.1421020508026827, 0.30550947472664225, -0.34477438051291875, 0.5934348167432922, 0.16409487155874797, 0.03747342259910598], [0.03725260430940812, 0.04375562002878801, 0.4731498767973415, -0.06640201114580703, 0.09223108209749196, 0.2528438758425202, 0.5282580117879687, -0.37378361640427205, -0.576009486046369, -0.47146594792353386, -0.4004190183200874, 0.025781298830907285]], "inverted": true, "swapped": true, "error_lsq": 0.041953765613059406, "error_max": 0.1900214023528111, "target": "544.xyz", "model": "11.xyz", "model_rescale": 3.6694154284099745, "target_rescale": 4.223469196462134},
{"mapping": [5, 4, 6, 2, 7, 11, 13, 12, 0, 9, 10, 8, 3, 14], "R": [[0.04480792911162443, -0.9691603932090807, 0.24232288732917545], [0.1857896316973634, -0.2302504061003009, -0.955231366342419], [0.9815673498250062, 0.08782301933700043, 0.16974290863552186]], "T": [0.04033680127640165, 0.1085934140529061, 0.031884199765400995], "aligned_model": [[-0.023396072389711496, -0.016933130178579454, 0.051384421847541877, 0.5898578037347293, 0.6623135299409029, -0.5042441426058825, 0.13060535924470326, -0.4808182501288433, 0.4971817889277809, 0.15517406832894212, -0.5393429425165325, 0.6346363993961553, -0.6066605660395947, 0.04850658269419776], [-0.3724691535996786, 0.28115333580463087, 0.6734364542661393, 0.4487641324556353, -0.1992277278520921, -0.48248357950626375, -0.4667400580396509, -0.3524482792979581, 0.6105418127482611, 0.2022363987612033, 0.19399787229718507, 0.012483177437959625, 0.09698800465818738, 0.08475489800269559], [-0.6458457200584925, -0.6141030510561887, -0.16759448715853945, -0.47170018247953227, -0.3926163215449623, -0.07941114151232624, 0.20875015696088348, 0.5316035954298828, 0.25967386145348204, 0.7806114481005146, 0.36376204223246256, 0.15410822509095642, -0.3379763143628448, 0.04983334855711988]], "inverted": false, "swapped": true, "error_lsq": 0.04129856833591305, "error_max": 0.27765415157307693, "target": "544.xyz", "model": "12.xyz", "model_rescale": 3.9764082729961374, "target_rescale": 4.223469196462134},
{"mapping": [9, 12, 2, 11, 8, 3, 1, 7, 0, 5, 13, 14, 6, 4, 15], "R": [[-0.9216373098423472, 0.238708859482064, 0.30594566431203685], [-0.35366743815433577, -0.19224032736313507, -0.9154031897064067], [-0.15969975671838205, -0.951872752493781, 0.26159940895193684]], "T": [0.015318982640990977, 0.03980701444425679, -0.05415179383629294], "aligned_model": [[0.4183240125379636, 0.3490180072494654, -0.3927411780164283, -0.5234705586126697, -0.6537065441392146, -0.7175790546453077, -0.0762322188046403, -0.35585339990986065, 0.13724408472562444, 0.7800532967729529, 0.1967929973303389, -0.2213618469515377, 0.37024455670388057, 0.17812555153288517, -0.025088845306127948], [-0.3672693995738136, 0.17310304256427014, -0.6186230675913384, 0.5869142762694127, -0.019443311550655214, 0.2170661334951257, -0.24873003511383893, -0.43827769450898324, -0.6447197101758455, -0.17272663553833786, 0.6066372096087841, 0.7342413232465036, 0.5234886281920971, -0.17790812158887978, 0.050017677607429124], [-0.23683968491162066, -0.581494817693677, -0.24445745917750028, -0.25644903317301904, -0.27448581307643216, 0.3198577233805986, -0.6124414380239368, 0.3982857956935892, 0.1548108015361503, 0.21572740552688846, -0.19645870873916427, 0.2629463222678668, 0.41885850108089473, 0.6106473205185243, 0.04510355650530917]], "inverted": true, "swapped": false, "error_lsq": 0.0374118939279868, "error_max": 0.26164689356530374, "target": "544.xyz", "model": "13.xyz", "model_rescale": 4.170626492500431, "target_rescale": 4.223469196462134},
{"mapping": [13, 12, 8, 9, 7, 6, 0, 11, 5, 10, 3, 1, 4, 14], "R": [[0.8184504236919281, -0.33222153364592316, -0.46879393825054366], [0.5553930054009788, 0.6664983512687044, 0.4973113283525394], [0.14723285472397823, -0.6673895416756617, 0.7300093740163742]], "T": [-0.049243034915180305, 0.07186353295835242, 0.045085005092646735], "aligned_model": [[0.19491608184535006, 0.04318449082497151, -0.21476911149016914, -0.6607959920265133, 0.3014035127573552, -0.295427222105333, -0.6589163855248324, 0.5612945461482229, 0.7625064147387394, -0.19548367369016162, 0.3740627456546893, -0.617992484204278, 0.296789419686677, -0.047589320523075115], [-0.3068907072749878, -0.7750543776996407, 0.2347471371335086, -0.3366648082309072, 0.5135880162960488, 0.5113804334960323, 0.40747806020562133, -0.4346485879408472, 0.25359820504945996, -0.4017957102242187, -0.0035834851656400407, 0.0644875687924117, 0.5783536278436042, 0.0510790956452209], [-0.3640239470098598, 0.13491100416064383, -0.5236310503681305, -0.1590146616934165, -0.5412050924034986, 0.36939919943786276, -0.12287023395628185, 0.2154270235033573, -0.008171518951226003, 0.5008547123910054, 0.6539011040458456, 0.5087972896748665, 0.31727174983455614, 0.022227522455142118]], "inverted": true, "swapped": true, "error_lsq": 0.039995445700877874, "error_max": 0.26994748929578527, "target": "544.xyz", "model": "14.xyz", "model_rescale": 3.9786697098870705, "target_rescale": 4.223469196462134},
{"mapping": [8, 13, 0, 2, 9, 1, 5, 3, 6, 4, 12, 14], "R": [[-0.07022803879419709, 0.41643568677813736, 0.9064487527404633], [-0.7470136264111212, -0.6241684415107526, 0.22887638274436206], [0.6610889989428249, -0.6610560304540449, 0.354917258071673]], "T": [-0.019576334363305532, 0.023477236232705274, -0.0300224680578595], "aligned_model": [[-0.016929724266321368, -0.5850132392337286, 0.5275157083473376, 0.4760168436130746, 0.002219273373941996, 0.5015727498753072, -0.4180941105427422, -0.10699482746970315, 0.5573368787334434, 0.2164096793999531, -0.6272180975458715, -0.0434665375173543], [-0.2780621030332166, -0.02355319436547094, 0.015006802860014063, -0.6256179359707905, 0.5324506562731263, 0.5392256012653661, -0.5471344967757151, 0.1495023824166328, -0.012191897200158518, -0.3877236407589784, 0.6260634458433602, 0.026708869670269725], [-0.5652186233171529, -0.2502673969228261, -0.4917217383931771, -0.09597350450029321, -0.5983710477731314, 0.0010690058519274223, 0.4286568857710029, 0.6993695721678247, 0.1276490703028892, 0.4449309401173553, 0.009256694862913604, -0.04941336429350235]], "inverted": true, "swapped": true, "error_lsq": 0.04888801140588053, "error_max": 0.3058038687967548, "target": "544.xyz", "model": "15.xyz", "model_rescale": 3.769337070930944, "target_rescale": 4.223469196462134},
{"mapping": [13, 9, 5, 7, 11, 10, 3, 1, 4, 2, 14], "R": [[0.09243912522800346, -0.86751924775663, 0.4887385424732249], [0.9699502445543349, -0.03248965857859798, -0.24112433550853407], [0.22505895053533745, 0.49634139144062617, 0.8384471908991739]], "T": [-0.06812789879802132, -0.0680873552734246, 0.00635616653424111], "aligned_model": [[-0.3161302672018048, -0.22835644449574977, -0.06088366566429228, -0.7028471444765145, 0.3196083862164224, 0.47928606422775416, 0.5883137896202365, 0.29756089876455455, 0.0931599612560255, -0.4633789667683312, -0.08370648078713012], [0.010275238395355171, -0.7891894613505778, 0.7496324195829934, 0.43588170402904236, 0.28907724711232674, -0.39565301505864137, 0.28339202471791747, -0.5982980873720495, 0.44746883780010605, 0.2380380132609828, -0.07456042349211331], [-0.5439098715437451, -0.1857054502540459, -0.15514556194509338, 0.07675691530705482, -0.6104266881485217, -0.20929197462705557, -0.026562428510932472, 0.358077230292396, 0.40453243133485617, 0.6554713580453072, -0.01957835272644293]], "inverted": true, "swapped": true, "error_lsq": 0.03867851762716765, "error_max": 0.18775173160022612, "target": "544.xyz", "model": "16.xyz", "model_rescale": 3.7852294659196426, "target_rescale": 4.223469196462134},
{"mapping": [5, 2, 8, 7, 4, 6, 1, 0, 13, 11, 10, 9, 14], "R": [[-0.4671969663556436, -0.11957850330713413, -0.8760296662641679], [-0.49300210997820193, -0.7872512761763888, 0.3703840543485747], [-0.733945443602673, 0.6049267804498928, 0.30884895355076536]], "T": [0.02845509907894164, 0.1459128239201, -0.015834258167349687], "aligned_model": [[-0.023667873575999674, -0.4826775186409469, 0.24841984922805577, 0.07852231337335061, -0.5115194262511977, -0.5326741710175025, -0.2959587872801313, -0.16750670883900018, 0.5956582537007735, 0.3553932833811042, 0.09906800518286132, 0.43167077358557265, 0.05903785736934296], [-0.26042457076949144, -0.4675371951344751, -0.31320676586230667, -0.6601113749843217, -0.07759042407614128, 0.1881483721073328, 0.6652926782371457, 0.01068091658067824, 0.005665275408494347, 0.3875831363593131, 0.8126541508855594, 0.4422728502408302, 0.14162857471025603], [-0.7417640308073943, 0.16776639833256882, 0.32795726767954525, -0.11395593686245098, -0.34572834722848494, 0.18986347454953578, 0.38859079181533546, 0.6593390297683208, -0.18627424762391764, -0.7179980235921473, -0.07856582582135704, 0.5604789843665906, -0.013954837432970343]], "inverted": true, "swapped": true, "error_lsq": 0.04764741159181081, "error_max": 0.30358918685712843, "target": "544.xyz", "model": "17.xyz", "model_rescale": 3.901054581598922, "target_rescale": 4.223469196462134},
{"mapping": [2, 8, 13, 10, 9, 11, 5, 12, 3, 0, 4, 6, 1, 7, 14], "R": [[0.3458619733794799, 0.332676070831604, 0.8773289732284568], [-0.0176504530753602, 0.9371755831057114, -0.34841123394159523], [-0.9381193724021943, 0.1050169430449969, 0.33000527995351436]], "T": [-0.01994101989575122, 0.05072767347771273, -0.03160658714026504], "aligned_model": [[0.4323309948671797, 0.4043943506689501, -0.23804754437578504, -0.539440866720309, -0.6031997236796284, -0.6961734623194684, -0.13083626641351218, -0.41049706107404677, 0.1593926395973634, 0.6128753255246802, 0.16326463094282287, -0.16407098741739704, 0.47486222729545613, 0.06569112565655194, -0.06677652208553306], [-0.5265944828258406, 0.2128062830510243, -0.6049229626162393, 0.5902634011624299, -0.11153910688251734, 0.22834779039977635, -0.1544066769376642, -0.37542179695755, -0.6318368243354247, -0.20911009041393708, 0.7734251920711213, 0.5492111539877533, 0.4081597082916761, 0.027309025151786362, 0.02807970219553502], [-0.41355848789663435, -0.515433281056974, -0.2553340679498772, -0.36548509173414384, -0.2917380880896319, 0.35296039896868686, -0.6110098919073734, 0.4351242899442642, 0.2605424063727752, 0.29631463499090777, -0.29564816725512655, 0.511041104636772, 0.304693333308169, 0.6255050672655444, -0.014363687882887062]], "inverted": true, "swapped": false, "error_lsq": 0.046055082489360216, "error_max": 0.3071873587305998, "target": "544.xyz", "model": "18.xyz", "model_rescale": 3.9405287249114394, "target_rescale": 4.223469196462134},
{"mapping": [8, 9, 6, 10, 2, 3, 5, 1, 0, 7, 11, 14, 13, 12, 15], "R": [[0.5749578520790104, -0.8172101814376158, -0.039887187007729974], [-0.5061072411420733, -0.3169265593279931, -0.8021302989266016], [0.6428677381827851, 0.48137830793173364, -0.5958154041786188]], "T": [0.04611925565546768, 0.0005484609484348851, 0.13558036337288526], "aligned_model": [[0.2915834158593402, 0.5497878150077995, -0.24402816771168565, -0.534598935093, -0.5993344645357324, -0.6833307661752168, 0.0050633488033209745, -0.4608055100639019, 0.07677090808154369, 0.7285910064504976, 0.06780138828804728, -0.16276190459625467, 0.4341839587017221, -0.020708596067386273, 0.015555363518230888], [-0.5636756703603595, 0.2051161695972977, -0.5601176249227581, 0.4689391405992628, -0.08349616961134884, 0.1709706242982857, -0.1350283840088151, -0.3920872627365767, -0.6762285990043698, -0.12287645298954492, 0.5851913476581834, 0.7021691837199203, 0.5381010217837233, 0.059325276427253965, 0.0074677148917755495], [-0.3044998920808225, -0.4061574716124843, -0.2641088514672173, -0.1119688056755842, -0.44031136098027446, 0.5409043655789421, -0.6836851457161115, 0.2917337955034276, 0.25265958988698567, 0.014650015951274728, -0.28505698880118346, 0.3882382038324642, 0.24408324794750255, 0.6761526401367512, 0.1109771292108008]], "inverted": true, "swapped": false, "error_lsq": 0.04540748556763551, "error_max": 0.2754380752423641, "target": "544.xyz", "model": "19.xyz", "model_rescale": 4.410303926677745, "target_rescale": 4.223469196462134},
{"mapping": [3, 11, 10, 4, 1, 5, 6, 12, 13, 8, 7, 0, 9, 14], "R": [[-0.8352701843574601, -0.3953405459972018, -0.38213815801891493], [-0.5188310965090316, 0.336601323844578, 0.7858204897311559], [-0.1820384915854083, 0.8546375848725073, -0.4862680187968332]], "T": [-0.006068864070917869, 0.02884310271351375, 0.10915537124103197], "aligned_model": [[-0.17888023114664103, 0.2072835924114997, 0.4201123884639427, -0.6374502057585286, 0.14888523609535653, -0.46834294062291026, -0.36222385485312614, 0.7240329935164416, 0.3068056965942532, -0.015201492584620148, -0.46119993294014827, -0.06328534808169795, 0.625112915665813, 0.015539072701237992], [-0.21287862034301083, -0.6427862658106756, 0.13054237245710856, -0.044445098618473546, 0.667483820855408, -0.6607638794473398, 0.48373490828018845, -0.3072321689544904, -0.42746475802059486, 0.07683522540151744, -0.3038382985088624, 0.6444599566962532, 0.39298224460042336, 0.014319027593750821], [-0.5743970545203458, -0.2929911075369238, -0.40220773624118483, -0.10611827039242408, -0.21747390448200604, 0.03468520466580219, -0.04955355826114605, -0.1873006867795035, 0.36279138801165056, 0.721512500317353, 0.695660609433608, 0.4701121979070876, 0.33622660491646694, 0.12586885168658768]], "inverted": true, "swapped": true, "error_lsq": 0.0411229834250693, "error_max": 0.28439012130027996, "target": "544.xyz", "model": "20.xyz", "model_rescale": 4.121658175737393, "target_rescale": 4.223469196462134},
{"mapping": [1, 10, 3, 6, 4, 9, 11, 0, 13, 7, 5, 2, 14], "R": [[-0.42302636482339, -0.3015529098382591, -0.8544673997481631], [-0.8175394233950105, 0.5336640003486177, 0.2164070838185862], [0.3907403048819793, 0.7901066872897544, -0.4722853341368419]], "T": [-0.005682112392247501, -0.09437899825503769, 0.0313907968412447], "aligned_model": [[0.300661807842326, -0.1698848478220384, 0.1591102040265245, 0.5679523747034781, 0.5088235024843888, -0.36181748194414776, -0.4534834071616265, 0.2960226951380831, -0.5678035646303206, 0.036166948192075304, -0.0004874173079187083, 0.6007336670972486, -0.03491157595377788], [-0.4856897642570863, -0.08342633121792616, 0.5014929971889487, -0.22848307022573078, 0.31563077313656573, -0.7352823012915246, 0.5432744605535192, -0.728871798078087, 0.010231926702619562, 0.047134654465005046, 0.6563998563295836, -0.17168401370654168, -0.09990048543616256], [0.5713803437147872, 0.6843708347708743, 0.44770454420877637, 0.14057426459078265, -0.10101864199026227, 0.24342771249438844, 0.25766305898829567, -0.10623465048876198, -0.17721076306589312, -0.7686292911682393, -0.3306935083396407, -0.5141094477184027, 0.022885283485084715]], "inverted": false, "swapped": true, "error_lsq": 0.04442582540634231, "error_max": 0.22965290734593216, "target": "544.xyz", "model": "21.xyz", "model_rescale": 4.08911054899281, "target_rescale": 4.223469196462134},
{"mapping": [12, 13, 10, 0, 6, 8, 7, 5, 9, 3, 4, 1, 2, 15, 16], "R": [[-0.6955745189263691, 0.36564497259867823, -0.6184495473631312], [0.4441121763875664, 0.8954710797658192, 0.029931924217074767], [0.5647481415681231, -0.25384109067751326, -0.7852542500865571]], "T": [-0.04129728832291782, -0.003856947986414616, 0.0918053996099915], "aligned_model": [[0.35631740479427876, 0.3575984122191407, -0.35387038756669476, -0.2702669513958696, -0.6750606995581646, -0.6879933738960378, -0.15749116610089933, -0.46297259512277944, 0.0526103541297874, 0.800149300034595, 0.3120033486130489, -0.34215477167500774, 0.3163154257362385, 0.25035271704665474, -0.03176815679096601], [-0.5110639049750039, 0.030988178390784042, -0.6483288016373867, 0.5675603054449643, 0.06537941873526124, 0.10402616183559471, -0.13493754960512788, -0.5320002593081006, -0.6884383836624899, 0.12854867681471122, 0.5327012716980422, 0.6202543401002005, 0.5581976972937526, 0.08849572108022369, 0.022387443136504606], [-0.26821288413928923, -0.4339302785449682, -0.27979855178955465, -0.3784441235715555, -0.294347928297478, 0.31743213911488527, -0.5974790457793014, 0.2942495457085508, 0.26523326409311504, -0.07765023693539859, -0.17944378969284364, 0.47906275081194377, 0.37012455424272955, 0.7535593393628043, 0.05325571713083241]], "inverted": true, "swapped": false, "error_lsq": 0.036819747781920334, "error_max": 0.2461370196552547, "target": "544.xyz", "model": "22.xyz", "model_rescale": 4.204369325754507, "target_rescale": 4.223469196462134},
{"mapping": [8, 9, 6, 10, 2, 3, 5, 1, 0, 7, 11, 14, 13, 12, 15], "R": [[0.5749578520790104, -0.8172101814376158, -0.039887187007729974], [-0.5061072411420733, -0.3169265593279931, -0.8021302989266016], [0.6428677381827851, 0.48137830793173364, -0.5958154041786188]], "T": [0.04611925565546768, 0.0005484609484348851, 0.13558036337288526], "aligned_model": [[0.2915834158593402, 0.5497878150077995, -0.24402816771168565, -0.534598935093, -0.5993344645357324, -0.6833307661752168, 0.0050633488033209745, -0.4608055100639019, 0.07677090808154369, 0.7285910064504976, 0.06780138828804728, -0.16276190459625467, 0.4341839587017221, -0.020708596067386273, 0.015555363518230888], [-0.5636756703603595, 0.2051161695972977, -0.5601176249227581, 0.4689391405992628, -0.08349616961134884, 0.1709706242982857, -0.1350283840088151, -0.3920872627365767, -0.6762285990043698, -0.12287645298954492, 0.5851913476581834, 0.7021691837199203, 0.5381010217837233, 0.059325276427253965, 0.0074677148917755495], [-0.3044998920808225, -0.4061574716124843, -0.2641088514672173, -0.1119688056755842, -0.44031136098027446, 0.5409043655789421, -0.6836851457161115, 0.2917337955034276, 0.25265958988698567, 0.014650015951274728, -0.28505698880118346, 0.3882382038324642, 0.24408324794750255, 0.6761526401367512, 0.1109771292108008]], "inverted": true, "swapped": false, "error_lsq": 0.04540748556763551, "error_max": 0.2754380752423641, "target": "544.xyz", "model": "23.xyz", "model_rescale": 4.410303926677745, "target_rescale": 4.223469196462134},
{"mapping": [14, 9, 6, 4, 5, 2, 15, 12, 13, 11, 10, 3, 1, 7, 16], "R": [[0.9635443600529389, 0.21281802666708233, 0.162144237442166], [0.2533741324341257, -0.920475380329553, -0.2975342387363491], [0.08592912907406071, 0.3277705931481555, -0.9408414441572394]], "T": [0.019817206541065252, 0.0031937174413755997, -0.021125193459714555], "aligned_model": [[0.38695628316384567, 0.3488671322708087, -0.24494198494140432, -0.43110264363943607, -0.57787479974553, -0.7396819428048065, -0.09675317646704522, -0.5061436817786148, 0.12576857940212266, 0.6511449720763591, 0.2656485873844502, -0.2987836804746483, 0.3517564456415674, 0.23852285605002857, -0.009614085670372422], [-0.4631191521952242, 0.11846025258110822, -0.6850041357885208, 0.48033304860886417, -0.11401864607582302, 0.42442448460905885, -0.25287555557984426, -0.455429850171633, -0.6598098450359381, 0.03396999948632539, 0.5781592820105371, 0.7634527264673607, 0.49806349766990393, -0.16172596145014495, 0.09889017020589976], [-0.3465651972123067, -0.541567078671229, -0.2060153638179791, -0.22823318547688948, -0.17805690117918463, 0.2592667360115197, -0.6769865081097521, 0.37788032275727546, 0.1871707655994683, 0.013509464593533322, -0.2021375632798867, 0.33908404937240477, 0.5963337863375551, 0.5845977094170696, 0.045329435372873345]], "inverted": false, "swapped": false, "error_lsq": 0.04421021615268688, "error_max": 0.3196291657343435, "target": "544.xyz", "model": "24.xyz", "model_rescale": 4.28219845311461, "target_rescale": 4.223469196462134},
{"mapping": [3, 7, 1, 2, 0, 6, 4, 8, 5, 9, 13, 14, 12, 11, 15], "R": [[0.5380104165425316, -0.6738950836938769, 0.5063696356071863], [0.5646389968222623, 0.7341470074106541, 0.37710870419221393], [-0.6258814543979405, 0.08302763204622876, 0.775486181280824]], "T": [-0.001712612910029672, 0.03881760515244127, 0.014023584753222108], "aligned_model": [[0.253030871641324, 0.5496964603721702, -0.19873834471026958, -0.4219865247170219, -0.7072880134992043, -0.8663458501747546, -0.1260443658838339, -0.37517841277897, 0.16971723932027494, 0.6492578099816545, 0.22736875915463703, -0.2561978587397575, 0.43377118877212617, 0.19596353291988838, -0.06325763119093877], [-0.5395735992057341, 0.1410638622340869, -0.5557122134451185, 0.5390680182191666, -0.05179604252941793, 0.07455065201285513, -0.021788494494005647, -0.39222238195692627, -0.6657192734434183, -0.1299361195965974, 0.5487391054597638, 0.5937329650512411, 0.5433490555856408, 0.08666495805918022, 0.0333498233912132], [-0.4338767575770312, -0.52545740894821, -0.11861334318769456, -0.19066981442940553, -0.38535930543239905, 0.265677413137006, -0.703971602496538, 0.4098441031322381, 0.4607005075697481, 0.0820924673826385, -0.18701930976012218, 0.46949128711860116, 0.3884855644377463, 0.5191095610367074, -0.02682289026881344]], "inverted": false, "swapped": false, "error_lsq": 0.04109092826287704, "error_max": 0.2796565412877951, "target": "544.xyz", "model": "25.xyz", "model_rescale": 4.100010024507729, "target_rescale": 4.223469196462134},
{"mapping": [2, 5, 13, 11, 0, 9, 8, 10, 3, 1, 6, 14], "R": [[-0.29293333585835957, -0.8325823093394622, -0.4701029237495361], [-0.9313837665673828, 0.13733525620212267, 0.3371398920013068], [-0.21613500437839536, 0.5366057450110518, -0.8156837219802082]], "T": [-0.006523343575990548, 0.03410276015636042, -0.0002802236266638142], "aligned_model": [[-0.8013806144776565, 0.020363996241555715, 0.3473454767498944, 0.6612666419518396, -0.511095646172874, 0.19027396191259674, -0.3003794124242308, 0.48367971643303637, 0.27724594197865376, -0.06727766424174936, -0.4330821935474278, 0.009805397959368401], [-0.16103792131299022, -0.7978460560804487, -0.1110846411431702, -0.42198003297313924, 0.5334985124733793, 0.7267412731694559, 0.1421020508026827, 0.30550947472664225, -0.34477438051291875, 0.5934348167432922, 0.16409487155874797, 0.03747342259910598], [0.03725260430940812, 0.04375562002878801, 0.4731498767973415, -0.06640201114580703, 0.09223108209749196, 0.2528438758425202, 0.5282580117879687, -0.37378361640427205, -0.576009486046369, -0.47146594792353386, -0.4004190183200874, 0.025781298830907285]], "inverted": true, "swapped": true, "error_lsq": 0.041953765613059406, "error_max": 0.1900214023528111, "target": "544.xyz", "model": "26.xyz", "model_rescale": 3.6694154284099745, "target_rescale": 4.223469196462134},
