[{"mapping": [6, 9, 8, 3, 7, 5, 1, 10, 4, 2, 0, 11], "R": [[-0.6697862984666956, 0.6347092251113483, 0.3853965671160483], [-0.18274929803266732, -0.6439510718323405, 0.742919720531463], [0.7197145326133482, 0.4271664975680229, 0.5473022701402015]], "T": [0.001510149460917952, 0.1681279256135445, -0.02815499373972017], "aligned_model": [[0.21917883196259155, -0.315581614515631, 0.3165323406103368, -0.4950153356622861, -0.0927972005628884, -0.05551530494935178, 0.5825806042049819, -0.6127763890696585, -0.07363578254342087, 0.7328915857519851, 0.21699676800662246, 0.01711220788652145], [-0.3153930352100335, 0.09396586662290723, 0.3937714857004696, 0.6108843516379128, -0.7698847468762221, -0.30318676995595795, -0.20662318300676052, -0.08997238517249773, 0.9214223647542281, 0.47805281727158255, 0.2730997065288734, 0.15708812023120927], [-0.5221006512337264, -0.5412916486889402, -0.5310958387363532, -0.20552946942385067, 0.06039815327440553, 0.6525041631218019, 0.12611520017450908, 0.10525274260692394, 0.2533570727982144, 0.10517917954677156, 0.5422289440080951, 0.038680284056564616]], "inverted": true, "swapped": false, "error_lsq": 0.04957302527594351, "error_max": 0.27712920247917205, "target": "545.xyz", "model": "0.xyz", "model_rescale": 3.751011558992144, "target_rescale": 3.705037309986099},
{"mapping": [13, 9, 5, 10, 12, 7, 0, 6, 4, 8, 1, 14], "R": [[0.60287128053974, -0.21954153988309363, 0.7670382854630754], [0.6571942448936574, 0.6817589216866686, -0.32140394704994923], [-0.4523736769298471, 0.697858355947961, 0.5552943106628947]], "T": [0.07646971124921093, 0.08502052599064419, -0.016014841976885463], "aligned_model": [[0.2923029039735326, -0.22929724274527918, 0.28041638293266913, -0.4924277180101552, -0.18974799701247075, -0.06343466878829865, 0.6037013435610379, -0.46318669469938584, -0.036360552223152764, 0.5034446410590883, 0.19078485621343966, 0.04377545685877754], [-0.29160407198309796, 0.03400547306816998, 0.29146379544675344, 0.6118377749143009, -0.6011001803968636, -0.34533020862855696, -0.2116306386830249, 0.07548401322465748, 0.8227415339052266, 0.5928549373373875, 0.21551215637965748, 0.04899000794110112], [-0.5983138574492814, -0.5974730567735658, -0.5690726857881203, -0.28298497017001384, -0.11770855934141379, 0.46865208845707573, 0.4417289847286721, 0.5059102136709999, 0.24592220396365655, -0.0306733584717397, 0.6589588845236805, -0.04124775584553463]], "inverted": true, "swapped": false, "error_lsq": 0.04785549860805252, "error_max": 0.29798138925895856, "target": "545.xyz", "model": "1.xyz", "model_rescale": 3.9405287249114394, "target_rescale": 3.705037309986099},
{"mapping": [4, 3, 8, 10, 1, 0, 2, 6, 11, 9, 5, 12], "R": [[-0.5130909317319288, -0.2927548659820958, -0.8068657163483068], [-0.45322254053157457, -0.7059005323228038, 0.5443287308423904], [-0.7289218233312584, 0.6449798655075888, 0.22950805772618588]], "T": [-0.042744028980147376, 0.016119045105623273, -0.022116158222869296], "aligned_model": [[0.11346692531099048, -0.39017719669698336, 0.3620627521544827, -0.12732567828810873, 0.08196592462380983, -0.161259002551942, 0.5298263197375177, -0.5195181276276528, -0.1929666519774693, 0.3675054370893549, 0.3394129260597772, 0.03697708328602586], [-0.29976193338468304, 0.1686284737211156, 0.3662728911969252, 0.7670802056248875, -0.7629439564126372, -0.2869781832930355, -0.2141393198912962, 0.016093284451141984, 0.5761785219614892, 0.7069868347129911, 0.2269892599304078, -0.02118148609159573], [-0.6283447183140851, -0.44970328001503934, -0.5826636799591185, -0.3968032267270746, 0.04669226782891272, 0.7505521143574192, 0.2665253298551398, 0.23873274743837944, 0.3918655261073928, -0.09124053860184386, 0.5588882260902881, -0.020802636555955167]], "inverted": false, "swapped": false, "error_lsq": 0.05634445103469033, "error_max": 0.31051571987528204, "target": "545.xyz", "model": "2.xyz", "model_rescale": 3.932901565614263, "target_rescale": 3.705037309986099},
{"mapping": [4, 0, 2, 1, 7, 9, 5, 3, 10, 6, 12, 13], "R": [[0.11330252263526884, -0.98330308938074, 0.1423993426205927], [0.9711804123809529, 0.0793585293938568, -0.2247461466188176], [0.20969297787967786, 0.1637597576535118, 0.963956221413201]], "T": [-0.16211207763017046, 0.09205347198661627, 0.08791595609352036], "aligned_model": [[0.3147611379101435, -0.3456081953872418, 0.21949132355577403, -0.33010438976788503, -0.0948940699658902, 0.05934787923627857, 0.4953160770257369, -0.649670831715036, 0.014705474446061212, 0.44143586230443, 0.3816212338048234, -0.06643079032739155], [-0.2650746628635056, 0.04102898977253562, 0.36798304300355544, 0.6958209846201963, -0.61850599811991, -0.3200281105486984, -0.1594240721170624, -0.015069057573116718, 0.7096124451189089, 0.4040203160500595, 0.2786538850564667, 0.12420683012628156], [-0.551050268472763, -0.5544826788099755, -0.5994278946973532, -0.30706758111156124, 0.06976309861267356, 0.6544291476687444, 0.2340219174091958, -0.019306723676930787, 0.4049363155072178, 0.01650984229677488, 0.5905730778352025, 0.14479987894319007]], "inverted": false, "swapped": false, "error_lsq": 0.04635816149721556, "error_max": 0.3199803823871392, "target": "545.xyz", "model": "3.xyz", "model_rescale": 3.9243930471874484, "target_rescale": 3.705037309986099},
{"mapping": [8, 4, 7, 2, 10, 6, 11, 3, 0, 1, 5, 12], "R": [[-0.7893600129900453, 0.5962326361903048, -0.14634689417242563], [-0.020550608562016293, -0.2639045526749471, -0.9643298499814089], [-0.6135865402533585, -0.7581959051716091, 0.2205686446458744]], "T": [0.1396238928624132, -0.02662664200394034, -0.021774416557985087], "aligned_model": [[0.32458185768907866, -0.25857889676698464, 0.10211284352235085, -0.4319483035661341, -0.10264355141251855, -0.09426586137069981, 0.5596589156900342, -0.4994710311079813, -0.11933578366572126, 0.5168000352127988, 0.2898124924564651, 0.15324799443911402], [-0.2611656218343544, 0.02108791109729867, 0.4933174011467831, 0.6576234260203376, -0.6820008580745838, -0.20518755686454077, -0.5439749228823482, 0.04498905652454811, 0.721400893891622, 0.5789885561186416, 0.35896489598248843, 0.05918141139981846], [-0.5759570462961553, -0.4594102574049053, -0.6310115395910963, -0.25909605272332675, -0.11621403680920611, 0.6377163697958728, 0.4049051086806578, 0.17667517463390017, 0.2892192245909116, -0.055370389934447296, 0.6125643337640498, 0.05967724279816022]], "inverted": false, "swapped": false, "error_lsq": 0.041097063630544425, "error_max": 0.30997802758704, "target": "545.xyz", "model": "4.xyz", "model_rescale": 3.8936222436046832, "target_rescale": 3.705037309986099},
{"mapping": [0, 3, 9, 8, 2, 4, 1, 10, 7, 6, 5, 11], "R": [[-0.4936440042467354, -0.8241921885822564, 0.2775298783036513], [0.4226136370649679, 0.051565581999976795, 0.9048418118763761], [-0.7600745429482353, 0.5639576464886296, 0.3228598180775013]], "T": [-0.01727380476315927, 0.16797961156506463, -0.028817226694455363], "aligned_model": [[0.2554195196560181, -0.2935976644961647, 0.2923657862940837, -0.4296692118958641, -0.1910665595402636, -0.11696332485018202, 0.6686128746348742, -0.6067986102855362, -0.18336793335729906, 0.5651949487447016, 0.40998440486828913, 0.06985648134714531], [-0.4123574332597551, -0.05353342707514594, 0.38608185150848673, 0.6115102056651416, -0.5552775675102146, -0.24143431512982788, -0.24556513803626367, 0.07509369753443443, 0.6687464897860893, 0.6666988317759339, 0.21667683710634167, 0.1265845601604909], [-0.6383790153576173, -0.4814308926125577, -0.5172746766354128, -0.45198795654696666, 0.03326011399582448, 0.6442851690225254, 0.011790288158859435, 0.1792695584062876, 0.34720511507711793, 0.18709460412307216, 0.6583871530747473, 0.11147867079853566]], "inverted": false, "swapped": false, "error_lsq": 0.037023517186557005, "error_max": 0.22598023297730044, "target": "545.xyz", "model": "5.xyz", "model_rescale": 3.6523030999806103, "target_rescale": 3.705037309986099},
{"mapping": [2, 10, 4, 11, 6, 8, 1, 9, 7, 3, 5, 12], "R": [[-0.22486258614006055, 0.19281294935097718, -0.9551230203052284], [-0.7377770840753205, 0.6066128603720367, 0.2961516703389899], [0.6364917843678123, 0.7712613073361283, 0.005848438975050774]], "T": [0.05432405022156242, 0.06582735551938057, 0.054122406820572434], "aligned_model": [[0.49204125726817993, -0.46102703299003445, 0.09114070436815427, -0.35027282138852356, -0.030839743027072195, -0.21407401675660379, 0.6704395353908345, -0.6487229793076672, 0.003912733114600386, 0.5307046505743594, 0.24791909417943744, 0.10874932969413778], [-0.1798787066220567, -0.19205038635249105, 0.2404990555034526, 0.7663133097277305, -0.5722900855695513, -0.2976796881554431, -0.2464359900301183, 0.17113619681979605, 0.7089557834960928, 0.558017234231561, 0.14629890054432657, 0.14033896893241193], [-0.5153016986503629, -0.4717914387346587, -0.4910985879412233, -0.29256160287864635, -0.036308349947945996, 0.5536503935316921, 0.12670462195837015, 0.18564349788482873, 0.27920591117601845, -0.0618575476921689, 0.7021569887550484, 0.10525594404346378]], "inverted": true, "swapped": false, "error_lsq": 0.04715906025647456, "error_max": 0.2548341596729377, "target": "545.xyz", "model": "6.xyz", "model_rescale": 4.08911054899281, "target_rescale": 3.705037309986099},
{"mapping": [10, 11, 12, 13, 8, 3, 4, 1, 2, 7, 6, 14], "R": [[-0.20430511166667148, 0.8473125471661238, -0.490225324480207], [0.9787120859963061, 0.1668053863033459, -0.11957681976432835], [-0.019546715110933477, -0.504219605444936, -0.8633542236031079]], "T": [0.0455997422237848, 0.06970927244453491, 0.005463191327961015], "aligned_model": [[0.23164328247793511, -0.30954749778628354, 0.1828745618033145, -0.18733645603559546, 0.06916343915465994, 0.07215347229180955, 0.5845005070935578, -0.6369571436115296, -0.15088939874040094, 0.4916585960572688, 0.1945765980934053, -0.10186924967833896], [-0.3205325805288339, -0.030242950039171462, 0.3183616743043769, 0.6780020732984974, -0.6115981456876592, -0.3537902304468047, -0.3266912656105525, 0.280010913620366, 0.7230937627111957, 0.6916141567344067, 0.20021339105750235, -0.005216206887612443], [-0.5710556685713464, -0.4510574041449653, -0.6482412716902567, -0.32862529743112756, -0.01488201621527185, 0.6735908039410277, 0.22750388299204685, 0.1723025636983483, 0.4351377992039521, 0.12188818156034399, 0.46363077845490985, 0.0035057797067542702]], "inverted": false, "swapped": false, "error_lsq": 0.04547283158282998, "error_max": 0.24310100951697453, "target": "545.xyz", "model": "7.xyz", "model_rescale": 3.964800864290218, "target_rescale": 3.705037309986099},
{"mapping": [8, 9, 10, 11, 7, 2, 1, 4, 6, 3, 0, 13], "R": [[-0.45401681053808274, -0.8543326229090287, -0.25295158663706097], [-0.8898566516662325, 0.4491151535837616, 0.08031636387932312], [0.04498750086622171, 0.2615556312810223, -0.9641393968254788]], "T": [0.05926201302298151, 0.0974102114281444, 0.021137861729533924], "aligned_model": [[0.27530369110999736, -0.19217642530242818, 0.24158261478427281, -0.5827015564249479, -0.028402534037713534, -0.1305027659487377, 0.525648635649017, -0.5533119188034741, -0.12713962669477902, 0.5223048303583171, 0.4069679933487911, 0.08239777308148777], [-0.33653125447461596, 0.023929054964875476, 0.5038731448246065, 0.5178214619591281, -0.6087233550007684, -0.17141243414461113, -0.44851262373811807, 0.24024865514488894, 0.607607657294689, 0.6227363878191412, 0.21561680436068198, 0.07657109351581336], [-0.5755851719358264, -0.6154436005876734, -0.669283093163476, -0.2923433664521998, 0.04445048733756643, 0.5958834068563938, 0.2392471633466466, 0.33648489605378085, 0.22475224756787104, 0.2097815825764719, 0.6361883679123128, -0.050434788007452755]], "inverted": false, "swapped": false, "error_lsq": 0.042038106167347815, "error_max": 0.24284630748434216, "target": "545.xyz", "model": "8.xyz", "model_rescale": 4.121658175737393, "target_rescale": 3.705037309986099},
{"mapping": [1, 6, 2, 8, 4, 5, 0, 7, 11, 3, 10, 12], "R": [[0.36375802366633736, -0.5888418370890374, 0.7217654682180137], [-0.8260608753401488, -0.5620003530926891, -0.04217858883319969], [0.43046896572299814, -0.5808794143514648, -0.6908513411234516]], "T": [-0.057435832609241184, 0.10757768745818903, 0.029991814832801226], "aligned_model": [[0.25278079403731407, -0.4659312426674244, 0.36940504473449237, -0.376725246014239, 0.021327225075247723, -0.04238991957581096, 0.6089494456545748, -0.6369364335053322, -0.1311175538953577, 0.5345481105752778, 0.3268370217916313, -0.020776535090571473], [-0.25798643052931386, -0.0401911909192446, 0.3605103371708535, 0.5927781669597569, -0.7698355460365067, -0.24060222761552857, -0.30468387664033914, 0.27786670131707, 0.6846143826392265, 0.6223708496606938, 0.2616274967855506, 0.056755929733492444], [-0.4650437757115369, -0.5098951257746238, -0.45599006857094065, -0.4095398710628127, -0.079873175729694, 0.5401508817090314, 0.09923996861736117, 0.3306437990824391, 0.284219529522537, 0.11500359420057998, 0.666453801295602, -0.03167142607352742]], "inverted": true, "swapped": false, "error_lsq": 0.04043496880426675, "error_max": 0.24412568487039182, "target": "545.xyz", "model": "9.xyz", "model_rescale": 3.833441315466971, "target_rescale": 3.705037309986099},
{"mapping": [13, 2, 5, 4, 8, 11, 10, 7, 6, 1, 12, 14], "R": [[0.38859344253563083, -0.918481633044858, 0.07339363853603714], [-0.36342106647901157, -0.22597774319825165, -0.9038026266936179], [0.846711441317268, 0.32453897969007683, -0.42160904378838776]], "T": [0.016088404074882847, 0.11679784129654762, 0.03257921523846379], "aligned_model": [[0.37903894712780645, -0.21591523178658154, 0.1743399326030652, -0.3629700710368706, -0.08600098631312543, -0.11263840969901523, 0.50795583477908, -0.5580813657017747, -0.061486740166901685, 0.5520364777806278, 0.28952091339977964, -0.06582858986628722], [-0.15021309981759684, -0.12746986189920162, 0.38803603683780513, 0.7603614496755073, -0.6552133926672692, -0.22500161780088973, -0.4918458208223237, -0.025731839321166475, 0.7506223502664754, 0.6250961439335432, 0.3108044384065711, 0.08377980573425635], [-0.6251886785033801, -0.6023679140960732, -0.5664378934195672, -0.2468006954681654, 0.0662804523167968, 0.6087212274367497, 0.2843200873567016, 0.33905652663271457, 0.26383266249884907, 0.031383079261331014, 0.5331949964847725, -0.0022957189963143457]], "inverted": false, "swapped": false, "error_lsq": 0.041956411905379985, "error_max": 0.2289391307176554, "target": "545.xyz", "model": "10.xyz", "model_rescale": 4.2482417240324, "target_rescale": 3.705037309986099},
{"mapping": [5, 2, 7, 3, 6, 0, 4, 1, 8, 9, 10, 11], "R": [[-0.22748534562807643, 0.9083111157182744, -0.3510289654531352], [0.5008092930206469, -0.20002471286345125, -0.8421283549839976], [-0.8351290137150275, -0.3673704279150919, -0.40938795676576495]], "T": [-0.02881232959960415, 0.08933503020225167, 0.00395778702651002], "aligned_model": [[0.4771959323600074, -0.5205526073216574, 0.2261889301188096, -0.4630422726245062, -0.04134226068399178, -0.14418424390545376, 0.6460579224308639, -0.6689464274177134, -0.16722150741456804, 0.7111437896960715, 0.28832072776925416, 0.09635272811268675], [-0.2163209391638324, -0.11247030816219275, 0.5024421470234719, 0.6712558799853778, -0.5519218912762749, -0.18177888120505278, -0.44742801404246946, 0.08790773661070642, 0.6412948268795097, 0.44864004166508265, 0.32255905769196125, 0.07904493651942329], [-0.45941704778977854, -0.511040650891633, -0.4681366042439567, -0.35782129973780274, -0.09151314900053294, 0.7018303000005405, 0.1532064302019782, 0.3029107154313021, 0.2342643464281038, 0.05568546234141987, 0.5138945865025353, 0.009835042262239708]], "inverted": false, "swapped": false, "error_lsq": 0.0474673152378653, "error_max": 0.24447147283072274, "target": "545.xyz", "model": "11.xyz", "model_rescale": 3.6694154284099745, "target_rescale": 3.705037309986099},
{"mapping": [0, 4, 6, 11, 1, 2, 12, 8, 9, 7, 10, 13], "R": [[-0.883570903636818, -0.46803808775362304, -0.01558225459774154], [0.1543722514456905, -0.3225185075212649, 0.933890261374346], [-0.44212177760206006, 0.8227527944153017, 0.35722006249902427]], "T": [0.10837582958623052, 0.11569615706670375, -0.033383137727379976], "aligned_model": [[0.32253728173348617, -0.3812289869393616, 0.214956732501057, -0.37555885164814373, -0.09082503443504664, -0.13230273310060425, 0.5877101115040267, -0.5382177483593131, -0.12534081337366015, 0.5564900622487735, 0.2893636746998991, 0.11238701628868954], [-0.31693453177505704, -0.13323620469945963, 0.36547845696312303, 0.6160907145258371, -0.7068487374025009, -0.2674784447530606, -0.2631269794370594, 0.22970685188949064, 0.7740730224900694, 0.6820414302862733, 0.24339699788173175, 0.020062016556323767], [-0.5603588714304989, -0.529365448551822, -0.5294719878802387, -0.2792309769917044, -0.018808966828709396, 0.43732338164066664, 0.26410665654175236, 0.3428031960710386, 0.36234745341885854, 0.1415796710539595, 0.5619862287038194, -0.10921220424270645]], "inverted": false, "swapped": false, "error_lsq": 0.03479618732665285, "error_max": 0.2056274122520949, "target": "545.xyz", "model": "12.xyz", "model_rescale": 3.9764082729961374, "target_rescale": 3.705037309986099},
{"mapping": [6, 13, 14, 11, 5, 0, 4, 1, 8, 3, 7, 15], "R": [[0.023234913482581943, -0.9871247365698905, 0.15825578424588835], [0.8125786979613445, -0.07356890775340102, -0.5781898264682783], [0.5823881853325178, 0.1420294697018749, 0.8004071659607385]], "T": [-0.12541654212030146, 0.03657741168253004, 0.029543225384076496], "aligned_model": [[0.2805519202225552, -0.2815639607275445, 0.25933635218010775, -0.1906463460218156, -0.02900563629581783, 0.02825804805367524, 0.48234330531396724, -0.6625194527167573, -0.20334355523371234, 0.3995130248574658, 0.37665580081487454, -0.01960878932719519], [-0.2742069805542834, 0.040537787899591005, 0.37074740372487164, 0.7276127690412025, -0.7962011613724292, -0.29779593138729754, -0.3130197479783572, 0.16686292283088672, 0.6990276921501617, 0.6944343790330917, 0.16885698095827695, 0.05636847817999592], [-0.5381375606428971, -0.5621347658150323, -0.5861707230700322, -0.3561508325330145, 0.032491332126806105, 0.6553918662561558, 0.18534282609904162, 0.34238300430392954, 0.26350869972618385, 0.04034172224555033, 0.5785962072854555, 0.028236355522268705]], "inverted": true, "swapped": false, "error_lsq": 0.0379018398714192, "error_max": 0.24015831403518773, "target": "545.xyz", "model": "13.xyz", "model_rescale": 4.170626492500431, "target_rescale": 3.705037309986099},
{"mapping": [9, 3, 11, 6, 1, 0, 7, 2, 4, 12, 8, 13], "R": [[-0.5877836382604802, -0.062078497273182265, -0.8066329120297389], [0.1285992235809013, -0.9915439976635972, -0.0173994365334523], [-0.7987318913675991, -0.11395947031114079, 0.5907965849924506]], "T": [0.029144582452256065, 0.13403354859319289, 0.0239657954623337], "aligned_model": [[0.41099128884733005, -0.4204493510396606, 0.1540603403931501, -0.4419551805903077, 0.002630640557876273, -0.16045522301491644, 0.48750937332378175, -0.5824219329837376, -0.0600964182717256, 0.5173488196344568, 0.5043487187759568, 0.02845963548759876], [-0.30367272720491423, -0.08214174272436325, 0.3112920581990922, 0.6651306163844144, -0.6270509871730985, -0.26907297225098953, -0.395022673803117, 0.17426555347440603, 0.6283240942664107, 0.6775511453176348, 0.2670836946797947, 0.19653853336044066], [-0.5407578072018935, -0.45206691646082725, -0.6488158372547707, -0.42713306828584086, -0.08025421316353573, 0.4207219588014701, 0.4331491711288637, 0.26333987554841765, 0.5247412250122222, 0.06814006437994212, 0.578974786607615, -0.05634110760724764]], "inverted": true, "swapped": false, "error_lsq": 0.04436826722372427, "error_max": 0.26231430259405125, "target": "545.xyz", "model": "14.xyz", "model_rescale": 3.9786697098870705, "target_rescale": 3.705037309986099},
{"mapping": [5, 8, 2, 3, 7, 6, 10, 9, 0, 4, 1, 11], "R": [[-0.35235932754174665, 0.8054282183657232, -0.47657978277990887], [0.15849183426338176, -0.4505279802178874, -0.878581172978695], [-0.9223465957904096, -0.3851102752472437, 0.031093940452045055]], "T": [0.03636773906637979, 0.07287342230513112, 0.045478573079420735], "aligned_model": [[0.332425871903057, -0.1682585161375909, 0.15187729163119473, -0.6291850884521916, 0.04180232858647119, -0.30521103049218445, 0.7159853500568737, -0.5690510085343464, -0.007526627393910593, 0.5967229769084613, 0.3092868932689351, -0.02889773022496632], [-0.20496849619757312, 0.003310270682052266, 0.6452085680262266, 0.5927389580112773, -0.5880384879613766, -0.2579727858458343, -0.3162063128155074, 0.15382888503222186, 0.7491508657504553, 0.2576458924552008, 0.15279116870426718, 0.05573606668430115], [-0.6472068086300135, -0.42940792877071465, -0.597123512589247, -0.3177410448787151, 0.0390042008843673, 0.67889819824342, 0.32665085309100805, 0.16518079176159625, 0.20209175949374977, -0.11815477250983683, 0.6617580393706377, 0.11974835603816361]], "inverted": false, "swapped": false, "error_lsq": 0.059572486710289065, "error_max": 0.39735010544277866, "target": "545.xyz", "model": "15.xyz", "model_rescale": 3.769337070930944, "target_rescale": 3.705037309986099},
{"mapping": [7, 8, 4, 1, 5, 10, 6, 9, 0, 2, 11], "R": [[0.78171658755929, -0.31337101802247125, 0.5391825125115046], [-0.09751978627944857, -0.9153702610812107, -0.39062408580645236], [0.6159619046813443, 0.2527763639893491, -0.746119991549385]], "T": [-0.07517500323392635, 0.12505415713006132, -0.053241791428171654], "aligned_model": [[-0.460395831535544, -0.18174591276809537, 0.028885141695184774, -0.575340271813535, 0.2998731636493539, 0.442161640139935, 0.6186975281164577, 0.18252083281157594, 0.004621123516669309, -0.3832300743889735, -0.05342120873185793], [-0.04537840210033431, -0.6262613502174648, 0.765877347365959, 0.37125042956229415, 0.1801532211338487, -0.35875119994008653, 0.249879555671252, -0.5083604321455159, 0.5902789333256964, -0.032920700743450854, 0.010297095713144161], [-0.5871509693284384, -0.2077001540069835, -0.30201805258394165, 0.1422646312074285, -0.6552753174145889, -0.25378079360110184, 0.08173726636671286, 0.3961033838492114, 0.4781747620479476, 0.6510638482556522, 0.0007990024318787203]], "inverted": false, "swapped": true, "error_lsq": 0.04843691890316164, "error_max": 0.2292721269076648, "target": "545.xyz", "model": "16.xyz", "model_rescale": 3.7852294659196426, "target_rescale": 3.705037309986099},
{"mapping": [8, 11, 2, 7, 9, 10, 0, 6, 5, 1, 4, 12], "R": [[-0.04769090255359337, -0.8311477798589837, -0.5540026587022003], [-0.6202920091300532, -0.41008510202167864, 0.6686314623985861], [-0.7829197923306231, 0.37553106014729654, -0.4959969976135157]], "T": [0.16425528481176313, 0.12841465945825342, -0.0445499078106798], "aligned_model": [[0.2876255057009335, -0.36199880384377414, 0.20284666244385674, -0.3386768552199948, 0.03476461850182069, -0.3138111068224171, 0.6318521824204282, -0.6596240728521556, 0.015403446424947481, 0.45074709536604163, 0.38297264251722773, 0.10786939648288803], [-0.34517213020753573, -0.0800449272929672, 0.42884052915384824, 0.5798446814287597, -0.7262521549614391, -0.2607797974961554, -0.2743569359325402, 0.2771458823389137, 0.6009705603568163, 0.7545384386354472, 0.23173005935201035, 0.05676038715055287], [-0.4743187439357279, -0.5109545704139968, -0.5759085658001509, -0.23082176012123712, -0.03833788880366418, 0.47432895584150037, 0.2467838166906694, 0.2495505227529241, 0.38758787264272593, -0.032483015863301545, 0.62123934613739, -0.03296783762271551]], "inverted": false, "swapped": false, "error_lsq": 0.04258828028391299, "error_max": 0.28458025743286536, "target": "545.xyz", "model": "17.xyz", "model_rescale": 3.901054581598922, "target_rescale": 3.705037309986099},
{"mapping": [13, 9, 5, 10, 12, 7, 0, 6, 4, 8, 1, 14], "R": [[0.60287128053974, -0.21954153988309363, 0.7670382854630754], [0.6571942448936574, 0.6817589216866686, -0.32140394704994923], [-0.4523736769298471, 0.697858355947961, 0.5552943106628947]], "T": [0.07646971124921093, 0.08502052599064419, -0.016014841976885463], "aligned_model": [[0.2923029039735326, -0.22929724274527918, 0.28041638293266913, -0.4924277180101552, -0.18974799701247075, -0.06343466878829865, 0.6037013435610379, -0.46318669469938584, -0.036360552223152764, 0.5034446410590883, 0.19078485621343966, 0.04377545685877754], [-0.29160407198309796, 0.03400547306816998, 0.29146379544675344, 0.6118377749143009, -0.6011001803968636, -0.34533020862855696, -0.2116306386830249, 0.07548401322465748, 0.8227415339052266, 0.5928549373373875, 0.21551215637965748, 0.04899000794110112], [-0.5983138574492814, -0.5974730567735658, -0.5690726857881203, -0.28298497017001384, -0.11770855934141379, 0.46865208845707573, 0.4417289847286721, 0.5059102136709999, 0.24592220396365655, -0.0306733584717397, 0.6589588845236805, -0.04124775584553463]], "inverted": true, "swapped": false, "error_lsq": 0.04785549860805252, "error_max": 0.29798138925895856, "target": "545.xyz", "model": "18.xyz", "model_rescale": 3.9405287249114394, "target_rescale": 3.705037309986099},
{"mapping": [9, 7, 8, 0, 13, 14, 11, 12, 1, 2, 10, 15], "R": [[-0.8910407631178198, -0.3036244507815149, 0.3374293279340683], [0.01884214970730022, 0.7179812922423859, 0.6958073277742636], [-0.4535320626557964, 0.6263505862355181, -0.6340296611875517]], "T": [-0.07556261463591218, 0.13731857974406889, 0.0027713790980993724], "aligned_model": [[0.3395771784784913, -0.18791878330435768, 0.10514745273081044, -0.3789355521621784, -0.13448466999975406, -0.05600262359717406, 0.46708368238489273, -0.5380949500267352, -0.18705677916252467, 0.6102386953043699, 0.44294481111781214, -0.04252775064384968], [-0.29860971145737325, -0.16964116841748603, 0.46283255317457217, 0.6503416536265726, -0.5305765793681605, -0.3088856067100235, -0.3167762753401775, 0.10019436696023601, 0.7466826597916633, 0.6265208803461976, 0.12947682626533655, 0.15166499365435382], [-0.4732909320121754, -0.6207487515409084, -0.6557547632757301, -0.3399332231423469, 0.04489136483073113, 0.63543099754833, 0.13895530184759938, 0.29401817093018917, 0.23028817672785734, 0.2165070929664752, 0.593527329797837, 0.01980736682655688]], "inverted": true, "swapped": false, "error_lsq": 0.03968438310444775, "error_max": 0.2142267676466301, "target": "545.xyz", "model": "19.xyz", "model_rescale": 4.410303926677745, "target_rescale": 3.705037309986099},
{"mapping": [8, 9, 10, 11, 7, 2, 1, 4, 6, 3, 0, 13], "R": [[-0.45401681053808274, -0.8543326229090287, -0.25295158663706097], [-0.8898566516662325, 0.4491151535837616, 0.08031636387932312], [0.04498750086622171, 0.2615556312810223, -0.9641393968254788]], "T": [0.05926201302298151, 0.0974102114281444, 0.021137861729533924], "aligned_model": [[0.27530369110999736, -0.19217642530242818, 0.24158261478427281, -0.5827015564249479, -0.028402534037713534, -0.1305027659487377, 0.525648635649017, -0.5533119188034741, -0.12713962669477902, 0.5223048303583171, 0.4069679933487911, 0.08239777308148777], [-0.33653125447461596, 0.023929054964875476, 0.5038731448246065, 0.5178214619591281, -0.6087233550007684, -0.17141243414461113, -0.44851262373811807, 0.24024865514488894, 0.607607657294689, 0.6227363878191412, 0.21561680436068198, 0.07657109351581336], [-0.5755851719358264, -0.6154436005876734, -0.669283093163476, -0.2923433664521998, 0.04445048733756643, 0.5958834068563938, 0.2392471633466466, 0.33648489605378085, 0.22475224756787104, 0.2097815825764719, 0.6361883679123128, -0.050434788007452755]], "inverted": false, "swapped": false, "error_lsq": 0.042038106167347815, "error_max": 0.24284630748434216, "target": "545.xyz", "model": "20.xyz", "model_rescale": 4.121658175737393, "target_rescale": 3.705037309986099},
{"mapping": [2, 10, 4, 11, 6, 8, 1, 9, 7, 3, 5, 12], "R": [[-0.22486258614006055, 0.19281294935097718, -0.9551230203052284], [-0.7377770840753205, 0.6066128603720367, 0.2961516703389899], [0.6364917843678123, 0.7712613073361283, 0.005848438975050774]], "T": [0.05432405022156242, 0.06582735551938057, 0.054122406820572434], "aligned_model": [[0.49204125726817993, -0.46102703299003445, 0.09114070436815427, -0.35027282138852356, -0.030839743027072195, -0.21407401675660379, 0.6704395353908345, -0.6487229793076672, 0.003912733114600386, 0.5307046505743594, 0.24791909417943744, 0.10874932969413778], [-0.1798787066220567, -0.19205038635249105, 0.2404990555034526, 0.7663133097277305, -0.5722900855695513, -0.2976796881554431, -0.2464359900301183, 0.17113619681979605, 0.7089557834960928, 0.558017234231561, 0.14629890054432657, 0.14033896893241193], [-0.5153016986503629, -0.4717914387346587, -0.4910985879412233, -0.29256160287864635, -0.036308349947945996, 0.5536503935316921, 0.12670462195837015, 0.18564349788482873, 0.27920591117601845, -0.0618575476921689, 0.7021569887550484, 0.10525594404346378]], "inverted": true, "swapped": false, "error_lsq": 0.04715906025647456, "error_max": 0.2548341596729377, "target": "545.xyz", "model": "21.xyz", "model_rescale": 4.08911054899281, "target_rescale": 3.705037309986099},
{"mapping": [14, 13, 12, 7, 2, 1, 15, 0, 6, 5, 8, 16], "R": [[-0.14003781280911104, 0.779941068711966, 0.6099847049886388], [0.09962806367548, 0.6240278829246189, -0.7750248062229316], [-0.9851211397142562, -0.04776118370658744, -0.16509151831342134]], "T": [0.1080461713900473, 0.09477674889396576, -0.021444807673984895], "aligned_model": [[0.3902082142802442, -0.314378630602733, 0.1656829021334797, -0.32668387227728546, -0.05129230808419721, -0.006024773610586856, 0.5463706083370836, -0.6202485818276793, -0.22583633268002207, 0.6090187031567722, 0.2114818471590621, 0.06167293513566483], [-0.19658031854217084, 0.08626167490730058, 0.31745849173847285, 0.5940266775701988, -0.6003083515846575, -0.2712361638033721, -0.4800479503285841, 0.1477267806816262, 0.6546585046681952, 0.5675987085945249, 0.33066531664783927, 0.09300122197633776], [-0.5187558036856444, -0.5295931582612914, -0.7229149458174607, -0.28135918946000477, 0.09134606706644163, 0.6735521336944736, 0.07318748614235396, 0.2371329267667259, 0.3399677288800684, 0.1308541443523779, 0.6223095419356364, -0.03202880010926146]], "inverted": false, "swapped": false, "error_lsq": 0.039638260183384316, "error_max": 0.24642713066970764, "target": "545.xyz", "model": "22.xyz", "model_rescale": 4.204369325754507, "target_rescale": 3.705037309986099},
{"mapping": [9, 7, 8, 0, 13, 14, 11, 12, 1, 2, 10, 15], "R": [[-0.8910407631178198, -0.3036244507815149, 0.3374293279340683], [0.01884214970730022, 0.7179812922423859, 0.6958073277742636], [-0.4535320626557964, 0.6263505862355181, -0.6340296611875517]], "T": [-0.07556261463591218, 0.13731857974406889, 0.0027713790980993724], "aligned_model": [[0.3395771784784913, -0.18791878330435768, 0.10514745273081044, -0.3789355521621784, -0.13448466999975406, -0.05600262359717406, 0.46708368238489273, -0.5380949500267352, -0.18705677916252467, 0.6102386953043699, 0.44294481111781214, -0.04252775064384968], [-0.29860971145737325, -0.16964116841748603, 0.46283255317457217, 0.6503416536265726, -0.5305765793681605, -0.3088856067100235, -0.3167762753401775, 0.10019436696023601, 0.7466826597916633, 0.6265208803461976, 0.12947682626533655, 0.15166499365435382], [-0.4732909320121754, -0.6207487515409084, -0.6557547632757301, -0.3399332231423469, 0.04489136483073113, 0.63543099754833, 0.13895530184759938, 0.29401817093018917, 0.23028817672785734, 0.2165070929664752, 0.593527329797837, 0.01980736682655688]], "inverted": true, "swapped": false, "error_lsq": 0.03968438310444775, "error_max": 0.2142267676466301, "target": "545.xyz", "model": "23.xyz", "model_rescale": 4.410303926677745, "target_rescale": 3.705037309986099},
{"mapping": [9, 11, 10, 1, 14, 6, 15, 7, 0, 4, 5, 16], "R": [[0.45097195584812755, 0.6812755736042533, -0.5766176270707566], [0.18036260981627206, 0.5631533874960282, 0.8064289126339726], [0.874124490000582, -0.4676770840675689, 0.1310897441422414]], "T": [0.021068058160458272, 0.11496178545248802, 0.035558706812103456], "aligned_model": [[0.3192052863866956, -0.30313501978799684, 0.2434414139659561, -0.4681610003286862, -0.054672751707977404, 0.06364173097355351, 0.5180149270422051, -0.6288502604595128, -0.23158778147201337, 0.5696896143547501, 0.397820622907402, 0.014563929245426835], [-0.23328381404847998, -0.11169043874012465, 0.31923801167094784, 0.6716738931353992, -0.5549523268256578, -0.366379169588519, -0.3844330772912729, 0.24300092122379402, 0.6992104649537882, 0.5306453641693919, 0.19742417598720893, 0.23277058787923538], [-0.39135952798487955, -0.4586503786244679, -0.5411606879591847, -0.39694783309153, -0.024677510745880003, 0.6224117183432807, 0.14941287409866919, 0.09162166709270697, 0.44201204766042895, 0.04585061893820393, 0.5324082741177736, 0.012776869659294192]], "inverted": true, "swapped": false, "error_lsq": 0.03995525540962487, "error_max": 0.19471573398712252, "target": "545.xyz", "model": "24.xyz", "model_rescale": 4.28219845311461, "target_rescale": 3.705037309986099},
{"mapping": [6, 8, 10, 5, 0, 4, 2, 3, 9, 12, 13, 15], "R": [[0.2950535118476336, 0.8162483796613189, 0.4966709251070069], [0.07344543974473333, -0.5376497470950534, 0.8399634020773334], [0.9526537631936807, -0.21135593710349554, -0.21858516720953913]], "T": [0.05545731773570947, 0.16915364073986694, 0.08651741250144217], "aligned_model": [[0.2779229371595501, -0.19698161643397558, 0.31048055771884475, -0.5202105207864287, -0.03939365763384742, -0.17753667734568104, 0.536120815036799, -0.6516078030514121, -0.17815066784226416, 0.575911670997371, 0.45552205922197153, 0.04789361407887534], [-0.4062248081273422, 0.09792761351183868, 0.29960704064500693, 0.5871444502697561, -0.6351308884726445, -0.33410971329931427, -0.31152122854486775, 0.1498020986601954, 0.7519424986558901, 0.7209503376539768, 0.22729755496221424, 0.09553963661100145], [-0.5704801702296918, -0.5562480925541805, -0.6535162869674213, -0.3816395096453301, -0.011889195897886076, 0.5630553100111353, 0.16833609489310664, 0.40231763043242547, 0.3368334927719839, 0.18174121036042284, 0.5218149484414464, 0.08337269988840454]], "inverted": false, "swapped": false, "error_lsq": 0.03816076628039601, "error_max": 0.17345570460385273, "target": "545.xyz", "model": "25.xyz", "model_rescale": 4.100010024507729, "target_rescale": 3.705037309986099},
{"mapping": [5, 2, 7, 3, 6, 0, 4, 1, 8, 9, 10, 11], "R": [[-0.22748534562807643, 0.9083111157182744, -0.3510289654531352], [0.5008092930206469, -0.20002471286345125, -0.8421283549839976], [-0.8351290137150275, -0.3673704279150919, -0.40938795676576495]], "T": [-0.02881232959960415, 0.08933503020225167, 0.00395778702651002], "aligned_model": [[0.4771959323600074, -0.5205526073216574, 0.2261889301188096, -0.4630422726245062, -0.04134226068399178, -0.14418424390545376, 0.6460579224308639, -0.6689464274177134, -0.16722150741456804, 0.7111437896960715, 0.28832072776925416, 0.09635272811268675], [-0.2163209391638324, -0.11247030816219275, 0.5024421470234719, 0.6712558799853778, -0.5519218912762749, -0.18177888120505278, -0.44742801404246946, 0.08790773661070642, 0.6412948268795097, 0.44864004166508265, 0.32255905769196125, 0.07904493651942329], [-0.45941704778977854, -0.511040650891633, -0.4681366042439567, -0.35782129973780274, -0.09151314900053294, 0.7018303000005405, 0.1532064302019782, 0.3029107154313021, 0.2342643464281038, 0.05568546234141987, 0.5138945865025353, 0.009835042262239708]], "inverted": false, "swapped": false, "error_lsq": 0.0474673152378653, "error_max": 0.24447147283072274, "target": "545.xyz", "model": "26.xyz", "model_rescale": 3.6694154284099745, "target_rescale": 3.705037309986099},
{"mapping": [9, 10, 8, 4, 12, 6, 3, 2, 0, 5, 1, 13], "R": [[-0.582453991439254, -0.5109981773196794, 0.6321615384001524], [0.8112276640534122, -0.31610032709100405, 0.4919250555596909], [-0.05154633770624356, 0.7993506402004856, 0.5986497549320038]], "T": [0.0688252802768099, 0.09300867261616276, -0.07588089785596443], "aligned_model": [[0.25574574292044744, -0.2867979524258935, 0.2530711689021631, -0.4037496328027722, -0.1317187108055663, 0.01398593269742937, 0.5984671556876062, -0.5535555793470738, -0.17153406396615042, 0.47745624489224586, 0.3721567015706758, 0.01644370379669094], [-0.3840830087728597, 0.09505796441808774, 0.3918038508369675, 0.703456367308279, -0.6465809035523659, -0.19037873682176648, -0.48128967795252187, 0.03983768248232457, 0.5779133333444896, 0.7256970065503006, 0.3211573964526085, 0.09063331823216743], [-0.5256672956770156, -0.5610804822105125, -0.6098585064002748, -0.3579396393653046, 0.13032817037590982, 0.5469149386213831, 0.1302552432716057, 0.19234392870806938, 0.3036295746901593, 0.16640964381302786, 0.7213548654934941, -0.05299230981612603]], "inverted": true, "swapped": false, "error_lsq": 0.03936641171271594, "error_max": 0.2070800687950862, "target": "545.xyz", "model": "27.xyz", "model_rescale": 4.103607728864725, "target_rescale": 3.705037309986099},
{"mapping": [9, 10, 6, 11, 3, 2, 0, 13, 8, 7, 1, 14], "R": [[-0.5613255360511377, 0.7665230336536304, -0.3120193607059317], [0.4419333513648441, 0.5963912358335869, 0.6700838804003005], [0.6997203409422511, 0.23824343159743658, -0.6735217233113847]], "T": [-0.07780501466285361, 0.07634658625666166, -0.06827594949312561], "aligned_model": [[0.4422193002031197, -0.23728673687625734, 0.1616152266920662, -0.3484643316974695, -0.04507565515533257, -0.1426430693686489, 0.45965932664999987, -0.6279471834176034, -0.09643568801045477, 0.33094866953909297, 0.5301972030340928, 0.013183649527197583], [-0.21916489059550934, -0.15525194653228971, 0.3762485593944144, 0.646288222261121, -0.6564064103515255, -0.2788374328880129, -0.3273495280430282, 0.3096498466392378, 0.752835713562931, 0.6557139223651316, 0.10496492007729533, 0.03453361663594528], [-0.6271780921351224, -0.49336767629524064, -0.5722640618425183, -0.34025260126713935, 0.09151356065931941, 0.5727864854056016, 0.17225111779477664, 0.18229483053994483, 0.39464449232559207, 0.06338710935518603, 0.5892764258503101, 0.05060654111370509]], "inverted": false, "swapped": false, "error_lsq": 0.04358214845604902, "error_max": 0.23937985551249727, "target": "545.xyz", "model": "28.xyz", "model_rescale": 4.137296879288765, "target_rescale": 3.705037309986099},
{"mapping": [4, 0, 2, 9, 8, 1, 7, 6, 10, 5, 11], "R": [[0.8771903096228053, 0.4142433438648198, 0.2427748190557244], [0.47270619291106836, -0.6564275853434081, -0.5879214916838357], [-0.08417847639017298, 0.6304801957745504, -0.7716273108494242]], "T": [0.12049412803230139, -0.028433357914731585, -0.024509117679805823], "aligned_model": [[0.5230106402790531, 0.07949505569476384, -0.08304849888264715, -0.619373072842322, -0.15506987384752632, 0.5110781373589118, 0.5373707424871715, -0.34882653654638374, -0.41250595543309154, 0.17301747597955885, 0.01627089646241009], [-0.417702501793503, -0.7136421282778243, -0.2221211718211447, 0.1485070198435798, 0.6755417393893467, -0.2026456701318255, 0.5058064664627996, -0.38164424550752074, 0.3305709077949488, 0.17098268322879365, 0.025494717460302133], [0.3875861310358573, -0.20893548408133952, -0.7572818289946137, -0.325874178952835, -0.19235809549625318, -0.4320564936680856, 0.03296307054246131, 0.3880923833015733, 0.33458358027959134, 0.656384369734559, -0.07734943191791648]], "inverted": true, "swapped": true, "error_lsq": 0.039625612251321406, "error_max": 0.22558607545670856, "target": "545.xyz", "model": "29.xyz", "model_rescale": 3.607286011436655, "target_rescale": 3.705037309986099},
