[{"mapping": [4, 12, 9, 0, 7, 3, 11, 10, 5, 6, 2, 13], "R": [[0.2653968748874081, 0.899789511762553, 0.34632836055123206], [-0.5563343555262503, 0.4362957587088536, -0.7072044229173471], [-0.7874367172422108, -0.004984521518915763, 0.6163753490236596]], "T": [-0.07579577353788022, -0.04637158665765982, 0.033746567681474965], "aligned_model": [[-0.21900658067704123, 0.14412528821819048, 0.3631983964982939, -0.18583050341853447, -0.007274781047231477, -0.5649365294370607, 0.3430521468911655, -0.28795085618144634, 0.5711363403551993, 0.3743094706827722, -0.5864675666136951, -0.10671236281006326], [-0.47485121908187233, -0.6462469583925664, -0.1594263971626742, 0.7429500657015425, 0.34708437520242597, -0.5826969186432205, -0.2807938189296603, -0.578009842219212, 0.16318440806381923, 0.438904866945758, 0.16948641221285599, -0.08602993772013871], [-0.570680787460379, 0.047854090994556314, -0.5720070447117328, 0.08304822273443449, -0.635228136120669, 0.030326793717288025, 0.5468323014236502, 0.6248814123967633, -0.0810128963224482, 0.3929187821025375, 0.23822618472914892, 0.07679282187041292]], "inverted": false, "swapped": true, "error_lsq": 0.04080902340297893, "error_max": 0.24893397268951767, "target": "546.xyz", "model": "0.xyz", "model_rescale": 3.751011558992144, "target_rescale": 3.860090958762071},
{"mapping": [5, 4, 8, 1, 6, 9, 13, 10, 2, 11, 0, 3, 7, 14], "R": [[-0.8318521540499124, 0.398610528853238, -0.3861756596289606], [-0.14527972995804395, -0.8279464832155643, -0.5416626450054475], [-0.5356452126789139, -0.3944797424688896, 0.7466390954911483]], "T": [0.01806604414048834, 0.007973740438823082, 0.00015903664279058247], "aligned_model": [[-0.4369745847863409, 0.12195040091839993, -0.44294069406937786, 0.19420754442246474, 0.7268886613384636, 0.04056651629748014, -0.37242943581448457, 0.3247380660787352, -0.7725139358622322, 0.7121135933880478, -0.20248651475214413, -0.2243663727708533, 0.42008852861143126, 0.041338138657502035], [0.29170146487668885, -0.527108122728516, -0.36402333775709783, -0.6408064187473873, -0.23825275621838476, 0.6036384841790169, 0.5949313811956313, 0.1518117984856654, 0.03270595857407575, 0.39595729350867653, -0.3893728777754375, 0.22559650825758487, -0.13195448325703135, 0.0564939733422326], [-0.3200325488287932, -0.5729634721073166, -0.29902186729105124, 0.18385450844480924, 0.026019333676491726, -0.28067341011494346, 0.1747906672041403, -0.7466452430359493, 0.2412186031260912, -0.06690623646799733, 0.6075936028794247, 0.6910083282181687, 0.5085634406268411, 0.010551777337985818]], "inverted": true, "swapped": false, "error_lsq": 0.040323849582330006, "error_max": 0.31248610710914676, "target": "546.xyz", "model": "1.xyz", "model_rescale": 3.9405287249114394, "target_rescale": 3.860090958762071},
{"mapping": [0, 7, 5, 3, 4, 6, 2, 1, 12, 11, 10, 8, 13], "R": [[-0.5686827663904009, 0.7515061637362057, 0.33442248291203736], [0.2764229287769153, -0.2083197605251435, 0.9381861445476263], [0.7747194819139075, 0.6259723342458818, -0.08926567706464161]], "T": [-0.02467899662933294, -0.02665273334105662, -0.038546737753265684], "aligned_model": [[-0.30803918500361216, 0.20591820858728577, -0.4502530309479288, 0.5098156338216505, 0.6348353445110978, -0.744638160132357, 0.0817418020494815, 0.6382751180322211, 0.06975931684875121, -0.5312133995730525, -0.05623930720946939, -0.5373031087479581, -0.016675952952178504], [0.6955489005833615, 0.5581552771722279, 0.06876246647663595, -0.4093566486029876, -0.16699760779789463, 0.1892636879387363, 0.20310090964733268, 0.33714566870865664, -0.6229064836003383, -0.5134115203659534, -0.6785184812197292, -0.1302354610577906, -0.0717181143102403], [0.15039444212905795, -0.4988231703979252, -0.5727632579451154, 0.26929809154757683, -0.3773397547583587, -0.08471543730962995, 0.49538223397400616, 0.03995753700530369, -0.24825517220738147, -0.027009169145829688, 0.4626163215829754, 0.49510535730837324, 0.009272327805591021]], "inverted": true, "swapped": true, "error_lsq": 0.03554738790277297, "error_max": 0.22170856324330032, "target": "546.xyz", "model": "2.xyz", "model_rescale": 3.932901565614263, "target_rescale": 3.860090958762071},
{"mapping": [10, 12, 6, 5, 9, 3, 1, 11, 2, 8, 4, 0, 7, 13], "R": [[-0.6090147041492171, 0.385338863970328, 0.6932640550642296], [0.1045339823648275, 0.9054249634659499, -0.41143442012504705], [-0.7862402537780623, -0.17809995914300716, -0.591698122265288]], "T": [0.053755024864205136, 0.093967306963393, 0.026854272695339618], "aligned_model": [[-0.25921014531661424, 0.03359579559330661, -0.4236863243818963, 0.09262145621031143, 0.6137481859898039, 0.2360507999360436, -0.558740235928533, 0.2775029701107482, -0.692183501284742, 0.7262038164618101, -0.24253908150284414, -0.23340038255003703, 0.5285769881626867, 0.03163957015704875], [0.020676457453700336, -0.4797401372466557, -0.37248661326689225, -0.6220102592324726, -0.35136665052331945, 0.5466336203121863, 0.501321211093056, 0.5658073422221592, -0.0346374339656057, 0.34631241640072247, -0.30315729374408956, 0.397795184673221, -0.15380652709383763, -2.2451146455007565e-05], [-0.6133228074419227, -0.4767161633835792, -0.11861998280582996, 0.07847995306209572, -0.14011358406346203, 0.17701064862186766, -0.0607868889178584, -0.6977232155641183, 0.37504443481314215, -0.12454352766481187, 0.7463876343839062, 0.5504769630575024, 0.4989716073411857, -0.037187587770215705]], "inverted": false, "swapped": false, "error_lsq": 0.05041844728172462, "error_max": 0.3377832203405958, "target": "546.xyz", "model": "3.xyz", "model_rescale": 3.9243930471874484, "target_rescale": 3.860090958762071},
{"mapping": [3, 12, 10, 2, 8, 4, 1, 11, 5, 9, 0, 7, 13], "R": [[-0.9487355409982359, 0.021952289562350347, 0.3153077389309619], [0.0979698755205671, 0.9688775334402491, 0.2273284599103774], [-0.30050420419233664, 0.24656524933110546, -0.921359213925286]], "T": [0.06039418708957839, -0.03223219156792373, -0.061038661273510056], "aligned_model": [[-0.05136259303876692, -0.1419448946523515, 0.4757452428070629, 0.3834696337431078, 0.8024076168147252, -0.6256821320988388, -0.3298474163467819, 0.41821139491372455, -0.061212851775715435, -0.5992769324471032, 0.36848531716184846, -0.4540294414943727, 0.09224294272481368], [-0.6213435698286629, 0.05890333444915666, -0.31531953718561306, -0.47424362856997704, 0.002090383237889272, -0.2961106819861239, -0.5943966201553892, 0.3579835779052755, 0.6363067662681967, 0.337778727118591, 0.02692486668961508, 0.07740271554280137, -0.06814677980417265], [-0.47015165515672414, -0.6603449011287795, -0.7125250185904526, 0.16131334577076462, -0.14188079964545203, -0.23163756183004985, 0.2701757750276962, -0.5229291598121153, 0.05674079127299218, -0.042048017959575495, 0.6732278188840938, 0.5137468571241433, -0.10661715858557709]], "inverted": false, "swapped": true, "error_lsq": 0.05004251607672409, "error_max": 0.26452837533734425, "target": "546.xyz", "model": "4.xyz", "model_rescale": 3.8936222436046832, "target_rescale": 3.860090958762071},
{"mapping": [1, 7, 4, 3, 9, 5, 6, 11, 10, 2, 12, 13], "R": [[-0.46272764309639824, -0.7611316936423344, 0.45449056453088665], [0.5442303066246622, 0.16079839938096274, 0.8233815932529381], [-0.6997831818968491, 0.6283489633075495, 0.3398250706534899]], "T": [-0.059335212002091485, -0.11223642432132658, 0.04452767166765307], "aligned_model": [[-0.052887838620207205, -0.6934218203158287, -0.18835480293427112, 0.46893698849586973, -0.6927290053178295, -0.6374067437196888, -0.3113713452640135, 0.09378358718271959, 0.6724167944360369, 0.3198053715179099, 0.044394046752400114, 0.004382810001999686], [-0.5285199588333138, -0.44580970620201715, 0.10745143125697898, 0.043652355022559486, 0.18465248708612342, 0.079544267837655, -0.22113505550757112, 0.35943989648246727, 0.2453732794690457, -0.565429682590465, 0.5040119234908267, -0.09430833240248236], [-0.5916223160763228, -0.2615653100141255, -0.6657734965664375, -0.42827504228471486, -0.24374995025936033, 0.36803668208473206, 0.7457491221133121, 0.542242866663816, 0.16176128175167323, 0.03674575062400116, -0.08923694222209705, 0.04497207346104175]], "inverted": false, "swapped": true, "error_lsq": 0.04467491906889188, "error_max": 0.2697825878220009, "target": "546.xyz", "model": "5.xyz", "model_rescale": 3.6523030999806103, "target_rescale": 3.860090958762071},
{"mapping": [11, 12, 3, 8, 2, 5, 4, 6, 9, 7, 1, 0, 13], "R": [[-0.9571691769124656, -0.2895205843944906, 0.002235616377202293], [0.27552232774143626, -0.9132085634343675, -0.3002291900966324], [0.08896411458927687, -0.2867541645417061, 0.9538644743533194]], "T": [0.10493788291366964, -0.020419012615612908, 0.07416161835156088], "aligned_model": [[0.18306548009931056, -0.24009129534391882, 0.136651392237225, 0.7444233271651748, 0.6093353668371592, -0.22946291791876977, -0.4521203661373821, 0.3417624089299266, -0.624615567682275, -0.27717033304196426, 0.03382987522031815, 0.5181341181154087, 0.13734141618408163], [-0.5018781485397573, -0.0099294083842138, 0.5799799143893458, -0.3287477411278269, 0.2604227538627798, -0.5974700908305195, 0.48733106307004587, -0.7116095882094575, -0.11555245725353888, 0.05351867286573875, 0.6365631155591553, -0.21409060622706116, 0.0022894249884926818], [0.5798665843090299, 0.6119902077608641, 0.48089324663080935, 0.30716200919848846, -0.051946867170087896, -0.10131706132771451, 0.11039042088489953, -0.10821814751186518, -0.10229262746408341, -0.6007875683485776, -0.30178849953219944, -0.5810689905923759, 0.12722703264460195]], "inverted": false, "swapped": true, "error_lsq": 0.0469689319392465, "error_max": 0.2709696175011479, "target": "546.xyz", "model": "6.xyz", "model_rescale": 4.08911054899281, "target_rescale": 3.860090958762071},
{"mapping": [9, 10, 11, 12, 5, 3, 0, 8, 1, 4, 13, 2, 7, 14], "R": [[0.2948546502624161, -0.8346180522304669, 0.4652670653610141], [0.2601669776282911, 0.5386398628421614, 0.8013614926543065], [-0.9194421564026682, -0.11523803646539363, 0.375960524498533]], "T": [0.043220656848753515, -0.023256263344164495, 0.018337984210196456], "aligned_model": [[-0.5106601527051027, 0.27271565863524566, -0.2948565770906269, 0.16531886568235138, 0.7668705262670922, 0.10040954563146309, -0.32640429063110016, 0.1308054391076079, -0.6582125311073983, 0.6138828123658948, -0.2412117076176045, -0.21937142909225152, 0.4274312192739129, -0.0965374670623918], [0.2541861267466439, -0.48653552691154356, -0.4368681889291018, -0.7196482310831114, -0.25932745800896034, 0.7288781728697084, 0.814479049591505, 0.12620238304010237, 0.0931371472577053, 0.28476231957758374, -0.4956653465075354, 0.23247645832163685, -0.06976931229174452, -0.004988727737171149], [-0.4620775410348304, -0.48363738033020415, -0.22489034856165485, 0.10851654418706609, 0.05154170574386871, -0.2214007425879826, 0.23335688283303854, -0.6413134329963729, 0.19831052560895973, -0.2579204935559403, 0.49981738204612003, 0.7365202137047783, 0.6887913715056845, -0.06825720289462889]], "inverted": true, "swapped": false, "error_lsq": 0.046968322834363654, "error_max": 0.3016058750785792, "target": "546.xyz", "model": "7.xyz", "model_rescale": 3.964800864290218, "target_rescale": 3.860090958762071},
{"mapping": [2, 1, 7, 8, 5, 6, 4, 0, 12, 3, 9, 11, 10, 13], "R": [[0.8721971589180975, 0.48891214234575, -0.015395877438081004], [0.4597572504550338, -0.8086268541922832, 0.3670774868241305], [0.167019120549794, -0.3272423073900767, -0.93006294713035]], "T": [0.017960177457570038, 0.047915442801162215, -0.042132084391686385], "aligned_model": [[-0.3902364427578152, 0.051439155130269296, -0.4511453970777719, 0.05944043142535541, 0.6934353141053868, 0.11454676700670216, -0.4558035424755796, 0.2535495648764902, -0.6315536409033601, 0.6516239686399606, -0.11080746312399628, -0.21035466666729716, 0.5179510599089806, 0.038094803569766834], [0.23518050769381246, -0.42032539878209396, -0.42977999904113295, -0.6835644206106092, -0.4263372710508205, 0.6103625165752116, 0.5642375325813657, 0.3354137775991436, -0.1554935871121095, 0.36065155689232936, -0.25556107475607764, 0.43931651943420935, -0.09722451800782295, -0.015557275479687709], [-0.5288723051147945, -0.6275802575887591, -0.28420684504358495, 0.1908361094913952, 0.09161553668257236, 0.06193588907188794, 0.021529774628844957, -0.6545059249063748, 0.2856353691428525, -0.2053160860276407, 0.5621671997540101, 0.6519938794336192, 0.5935388385307467, -0.0014136943868729226]], "inverted": true, "swapped": false, "error_lsq": 0.04025354167115797, "error_max": 0.23999842946763847, "target": "546.xyz", "model": "8.xyz", "model_rescale": 4.121658175737393, "target_rescale": 3.860090958762071},
{"mapping": [3, 2, 1, 4, 8, 11, 0, 5, 7, 6, 12, 9, 13], "R": [[-0.4529876666459899, -0.31542307731661234, 0.8338527784703607], [-0.8821785855537491, 0.29361156606534544, -0.3681754900357197], [-0.1286977740950037, -0.9023860208185708, -0.41126190241039556]], "T": [-0.0971626360190497, -0.014864134176442948, -0.0657530243342752], "aligned_model": [[-0.4054733115163883, -0.23177251946428362, 0.31540127400391893, 0.20987630596789444, -0.6578924961205833, -0.6078466374946275, 0.22232530661622377, 0.17709714260684398, 0.6812526312769206, -0.12791545630023682, -0.3692485380584962, 0.42805609318072546, -0.1571222982627142], [0.41063542834154554, -0.34976534893154454, 0.10910870561920932, 0.6297480201307109, -0.5037564197824961, -0.007161623890855232, -0.7425957157897133, -0.08256847529522116, -0.042220683794112895, -0.5651560974980965, 0.5274372909196289, 0.4097599761720143, -0.003077616789359085], [-0.5665622548166864, -0.5336350878310849, -0.6922050271050703, -0.3099636239212779, 0.003987763127068819, 0.4167268773953855, -0.14257206811418244, 0.5633751863748717, -0.0844924345671053, 0.4473996489095907, 0.13497859619968383, 0.2752372421544462, -0.09119938384655091]], "inverted": true, "swapped": true, "error_lsq": 0.04167722966720449, "error_max": 0.31687843372164876, "target": "546.xyz", "model": "9.xyz", "model_rescale": 3.833441315466971, "target_rescale": 3.860090958762071},
{"mapping": [5, 0, 2, 8, 10, 6, 4, 1, 3, 12, 9, 7, 11, 14], "R": [[0.9660227783508406, -0.22473741918657458, -0.12764436581643898], [-0.10845303559401992, 0.0958123603813397, -0.98947356238992], [0.23460164274310888, 0.9696974187938805, 0.06818346725358398]], "T": [0.06273684601846449, 0.02594855104352006, -0.02915534177150307], "aligned_model": [[-0.37534007683569315, 0.29019379145138435, -0.5321106585502328, 0.17398010969397162, 0.6579488723830176, 0.0858521300765083, -0.4964350863319271, 0.27458336864696065, -0.6772550803595849, 0.5832873377697375, -0.3663436183293374, 0.005237519120160378, 0.512490060161946, -0.00590875723981911], [0.027731426754393725, -0.18586736824246813, -0.37611237896747857, -0.6454526719264279, -0.5391704539727109, 0.7021861902226952, 0.5901908120194477, 0.3804437784114834, 0.14886207335807392, 0.3258876339777251, -0.4346807767158081, 0.12161686752338885, -0.054330009330279594, 1.3742823682619254e-05], [-0.5444422836629531, -0.6351424010516695, -0.06312164558453777, 0.35085083772827835, -0.07516944135345616, -0.08744691101789741, -0.09894073487451034, -0.6415793105524247, 0.4085958029159384, -0.07480388366353699, 0.48233337174598884, 0.6276972881310998, 0.4774159564240113, 0.031110838483571178]], "inverted": false, "swapped": false, "error_lsq": 0.04969672754277245, "error_max": 0.3056916089273841, "target": "546.xyz", "model": "10.xyz", "model_rescale": 4.2482417240324, "target_rescale": 3.860090958762071},
{"mapping": [0, 6, 5, 11, 1, 4, 7, 12, 8, 3, 2, 13], "R": [[0.4208910671204884, 0.2870917198553792, 0.8604818731435643], [0.7026541084288518, -0.7031170507525557, -0.10910369768749129], [0.5736967086590544, 0.6505418951393588, -0.4976618622541409]], "T": [0.023345112844938412, 0.07785216483820558, -0.044652518889801165], "aligned_model": [[-0.6067112926825509, 0.046821283702429016, 0.28250742968928655, 0.5726795183009126, -0.4997181637090761, 0.11569325167815693, -0.3452982788480874, 0.60341865060775, 0.01931674068615026, 0.08068571147208933, -0.4322759899493997, 0.03964674141534625], [-0.38910549058333155, -0.6627279471481831, -0.29445997033209453, -0.2959846873575507, 0.6215962288212769, 0.7859960548245527, 0.21332778991097595, 0.33494813818658437, -0.45268942386616173, 0.649487329813221, 0.06488127510607451, 0.09086209267527598], [0.1055022004863531, 0.08981909164963899, 0.47479254752352673, -0.27295506491934085, 0.04898272148331302, 0.19915193278543009, 0.628235495147096, -0.12101421417889631, -0.570776853285313, -0.48834219600442186, -0.4207288893461791, -0.10747448148685017]], "inverted": false, "swapped": true, "error_lsq": 0.042783294380839394, "error_max": 0.1929988576183582, "target": "546.xyz", "model": "11.xyz", "model_rescale": 3.6694154284099745, "target_rescale": 3.860090958762071},
{"mapping": [4, 6, 0, 5, 7, 8, 3, 11, 1, 9, 12, 2, 10, 13], "R": [[-0.2244658557379008, -0.059117584116595845, 0.9726870981235791], [0.6243946255673885, 0.7576142516728025, 0.19013678556455144], [-0.7481620353709566, 0.6500198127061025, -0.13314582952203446]], "T": [0.04705223826946734, -0.05695854637973044, 0.0058390983713193945], "aligned_model": [[-0.47585784245148277, 0.09505356659620223, -0.5038158118148848, 0.17204893533010568, 0.7168131901800951, 0.16225710418884212, -0.4882664775851324, 0.29390530113828983, -0.7235132401375154, 0.743098822475077, -0.07167516595538626, -0.15841903207648123, 0.4362195092319303, -0.06766894746256746], [0.17491674385674694, -0.352442874847531, -0.4832919332273109, -0.8496591160678687, -0.37499392842521084, 0.6905233400019195, 0.6152555237626138, 0.2958035353870804, 0.1058595399519541, 0.33934825337878183, -0.38049649782131467, 0.34596587845568094, 0.029451576279938135, -0.09492117474976212], [-0.46371126847812816, -0.47399391170872074, -0.15391727577629738, -0.018086306885723505, 0.05522615672165153, 0.03026285137774288, -0.047179926155417405, -0.5938701044319236, 0.31598843071344757, -0.05025314682316891, 0.5914972731879098, 0.47673934080679736, 0.5004206520326061, -0.011765280912873979]], "inverted": false, "swapped": false, "error_lsq": 0.040229942914070546, "error_max": 0.2860705032937931, "target": "546.xyz", "model": "12.xyz", "model_rescale": 3.9764082729961374, "target_rescale": 3.860090958762071},
{"mapping": [5, 14, 13, 11, 3, 0, 9, 4, 12, 7, 10, 1, 8, 15], "R": [[-0.7570331910840112, 0.6463019870408465, -0.09588789884136878], [-0.003206693575692421, -0.1504309456876412, -0.9886153183598936], [-0.6533685519777261, -0.7481071261033245, 0.11595371128150173]], "T": [-0.046729512177209956, 0.028857604067941762, -0.03279802255055061], "aligned_model": [[-0.486516199761992, 0.1520708851857896, -0.40102137296972923, 0.16490787952141556, 0.7094500548347866, 0.11980998212427597, -0.3790032326524168, 0.21497378190683114, -0.6259679835139644, 0.6041706871966679, -0.18665551771879058, -0.1946515675143175, 0.402910285607357, 0.03570222941117876], [0.5151022903959935, -0.6634088664013401, -0.4566325143588957, -0.686673035658622, -0.3397313912476777, 0.7338230137585864, 0.5236685030058493, 0.36343413468226976, -0.044451866046986324, 0.40337926818093045, -0.3426744497089586, 0.20378445670234022, -0.16546373336206896, 0.017163055994297537], [-0.5552706823861233, -0.37928550493250557, -0.14793780052918176, 0.23880870931909107, -0.060691790302202474, -0.08175005498811441, 0.046293541420874974, -0.6119643655012347, 0.2247326549680637, -0.11703668640553996, 0.6661522939582563, 0.5595213507889212, 0.4768254725085121, -0.10103965425091543]], "inverted": false, "swapped": false, "error_lsq": 0.039076667902244476, "error_max": 0.2709757041351701, "target": "546.xyz", "model": "13.xyz", "model_rescale": 4.170626492500431, "target_rescale": 3.860090958762071},
{"mapping": [0, 3, 2, 6, 3, 10, 8, 1, 4, 9, 5, 12, 11, 13], "R": [[-0.5621746720297583, -0.4646481784089218, 0.6841503551336537], [0.82545630781744, -0.26443008129595, 0.49869691796743354], [-0.05080868048506637, 0.8450910024412094, 0.5322026640108808]], "T": [-0.07063068987174544, 0.07027490606885241, -0.05511544531802349], "aligned_model": [[-0.3148946239019065, 0.3555497560873818, -0.4204661516726577, 0.04745086470212624, 0.3555497560873818, 0.13033872982310352, -0.5321469901247402, 0.30526815181264916, -0.7277151779642592, 0.6794456742169641, -0.0017255110483839348, -0.2212887900591783, 0.49633936428527253, -0.021525140586661135], [0.1828482732757546, -0.40284682782823594, -0.3968100946777929, -0.6820089913707261, -0.40284682782823594, 0.5485303802136263, 0.6220237182291686, 0.2860521482391077, -0.01770186126402583, 0.3713769586376084, -0.2726839886928459, 0.3148118896987921, -0.1097559110006212, 0.02033000030414353], [-0.5875821335302455, -0.3196899278861194, -0.35905445067994324, 0.3021169036547742, -0.3196899278861194, 0.16672075274915943, 0.12963369726561944, -0.6899025848199795, 0.19700197675129005, -0.11015579813504528, 0.7844386632368582, 0.6180932308524912, 0.32671372293085643, 0.01871335916430516]], "inverted": false, "swapped": false, "error_lsq": 0.053177841652532566, "error_max": 0.3888794807417907, "target": "546.xyz", "model": "14.xyz", "model_rescale": 3.9786697098870705, "target_rescale": 3.860090958762071},
{"mapping": [2, 0, 3, 10, 1, 4, 6, 9, 12, 11, 7, 13], "R": [[0.45022241801422924, -0.5536055543113809, 0.7005859437306815], [0.7863732833362329, -0.12584686038425943, -0.604797178388274], [0.42298561863544915, 0.8232153168928611, 0.37868153963531537]], "T": [-0.004581914661418357, -0.057097612207010526, -0.0023916567030355836], "aligned_model": [[-0.131908188817935, -0.765098554514791, 0.5912751796676353, 0.596575612656967, -0.035969855118120425, 0.38961411030674564, -0.5162386139367022, -0.0011483847964606497, 0.5589939120169861, 0.21101422577172313, -0.4559855238049464, 0.04223067733623549], [-0.215561525397732, -0.14448228936166002, 0.036739609419903854, -0.5845639721901659, 0.5080862886156532, 0.5861540550607836, -0.49586704559376027, 0.5007005810550111, -0.057354374063838406, -0.5983413398955418, 0.5728477633607907, -0.0936832607850045], [-0.557251528953064, -0.22942761103327813, -0.406203660784252, -0.1959847478482562, -0.5099370360345222, -0.018924798694718577, 0.33343784367053975, 0.5087679043909397, 0.2989337137673927, 0.3903141683989439, 0.07781732106911872, -0.03157507407501352]], "inverted": false, "swapped": true, "error_lsq": 0.04871287691191948, "error_max": 0.23049584871202147, "target": "546.xyz", "model": "15.xyz", "model_rescale": 3.769337070930944, "target_rescale": 3.860090958762071},
{"mapping": [2, 0, 3, 10, 1, 7, 4, 5, 12, 11, 13], "R": [[-0.8917585800513389, -0.1425888013670064, 0.42945904185328343], [-0.37614361824972714, 0.7611754314979986, -0.5283256012477905], [-0.2515603572799646, -0.6326771658662546, -0.7324185896306977]], "T": [-0.0442673872103986, -0.02777229946577612, 0.020439630154452347], "aligned_model": [[-0.38065451214243096, -0.21852778933547554, -0.07690413942795879, -0.5929242938278502, 0.31956501147649685, 0.5666401429463832, 0.5654062186855645, 0.1793843919432252, 0.06773431369673996, -0.4196511465962528, -0.08744206672727077], [-0.01314247839519516, -0.7041125186411046, 0.6595297775884326, 0.5636361872858976, 0.11852815544583398, -0.43757848051253323, 0.40177004702773805, -0.4834595407989093, 0.433149403376725, 0.03536631112315405, 0.02237763412530354], [-0.4651753821989744, -0.36655415019738474, -0.2107873858853475, 0.1826155196191346, -0.6308993900142877, -0.23623284253385166, -0.09457352200770192, 0.48727325068318234, 0.44871706368873954, 0.6109858879896137, 0.018848558080654693]], "inverted": true, "swapped": true, "error_lsq": 0.051077215245466955, "error_max": 0.30326881098738867, "target": "546.xyz", "model": "16.xyz", "model_rescale": 3.7852294659196426, "target_rescale": 3.860090958762071},
{"mapping": [11, 3, 2, 10, 12, 4, 7, 1, 8, 6, 5, 0, 13], "R": [[-0.9650856239775366, 0.21245123068679933, -0.15321296606865026], [0.2617790929818459, 0.8024548229166055, -0.5362256648608695], [0.009024681129607678, -0.5576116316555312, -0.830052903960323]], "T": [-0.042096441246355976, 0.10796982644355801, 0.01447912691292554], "aligned_model": [[0.076392277289093, -0.382418601878192, 0.31333836876692295, -0.016601993098108545, -0.501361173003601, -0.7430023236101093, -0.2043304021076019, -0.2651950110810684, 0.5684460594614362, 0.5015404360502205, -0.040063566652624075, 0.5861331582735312, -0.03911137819361579], [-0.052520260573131805, -0.4995543514849866, -0.18595544246025209, -0.6504653753034166, -0.11657050922354889, 0.09789575366935184, 0.7408189419502859, 0.08415079234559525, -0.21489643293408917, 0.46971147292017146, 0.6842458950625384, 0.47537600650956247, 0.04281913322479418], [-0.6592030601382632, 0.21944360159118426, 0.3838925834061373, -0.30366470277616137, -0.36902093965093785, 0.2938820894119718, 0.43899298252654273, 0.7408950121937505, -0.27063953918118616, -0.36061362662490126, -0.36434321884598453, 0.3429714936283787, 0.003162021602642954]], "inverted": false, "swapped": true, "error_lsq": 0.04104459431179615, "error_max": 0.19831037372816085, "target": "546.xyz", "model": "17.xyz", "model_rescale": 3.901054581598922, "target_rescale": 3.860090958762071},
{"mapping": [5, 4, 8, 1, 6, 9, 13, 10, 2, 11, 0, 3, 7, 14], "R": [[-0.8318521540499124, 0.398610528853238, -0.3861756596289606], [-0.14527972995804395, -0.8279464832155643, -0.5416626450054475], [-0.5356452126789139, -0.3944797424688896, 0.7466390954911483]], "T": [0.01806604414048834, 0.007973740438823082, 0.00015903664279058247], "aligned_model": [[-0.4369745847863409, 0.12195040091839993, -0.44294069406937786, 0.19420754442246474, 0.7268886613384636, 0.04056651629748014, -0.37242943581448457, 0.3247380660787352, -0.7725139358622322, 0.7121135933880478, -0.20248651475214413, -0.2243663727708533, 0.42008852861143126, 0.041338138657502035], [0.29170146487668885, -0.527108122728516, -0.36402333775709783, -0.6408064187473873, -0.23825275621838476, 0.6036384841790169, 0.5949313811956313, 0.1518117984856654, 0.03270595857407575, 0.39595729350867653, -0.3893728777754375, 0.22559650825758487, -0.13195448325703135, 0.0564939733422326], [-0.3200325488287932, -0.5729634721073166, -0.29902186729105124, 0.18385450844480924, 0.026019333676491726, -0.28067341011494346, 0.1747906672041403, -0.7466452430359493, 0.2412186031260912, -0.06690623646799733, 0.6075936028794247, 0.6910083282181687, 0.5085634406268411, 0.010551777337985818]], "inverted": true, "swapped": false, "error_lsq": 0.040323849582330006, "error_max": 0.31248610710914676, "target": "546.xyz", "model": "18.xyz", "model_rescale": 3.9405287249114394, "target_rescale": 3.860090958762071},
{"mapping": [2, 8, 1, 4, 7, 11, 10, 5, 3, 9, 12, 14, 13, 15], "R": [[0.3036234857052791, -0.95194885284501, 0.040076932208510954], [-0.9096274702029752, -0.30212881913101214, -0.2851246080271495], [0.2835324397318792, 0.05011544889123059, -0.9576522319726086]], "T": [0.010105008766132519, -0.11591027382942647, 0.04330125445581043], "aligned_model": [[-0.44816155727170043, 0.3044103358830104, -0.5622437071164347, 0.25805889481777455, 0.6794734696044589, 0.21917024862945791, -0.41679806952760307, 0.19043000676698574, -0.7800923421374737, 0.6682012443155355, -0.20174099044944704, -0.1797125411363428, 0.41028216050393074, -0.011097241225059945], [0.31168236606539756, -0.3771205963882584, -0.37736495866520664, -0.7808423243938963, -0.3256823989516487, 0.5728889299491816, 0.544133459919758, 0.24760991824442974, -0.016170558868221288, 0.21485847570651012, -0.3549868654424508, 0.34846632594969523, 0.1424501546789933, -0.08860306186856609], [-0.5587631704795235, -0.6027836450390589, -0.15564049376320388, 0.2195092768046719, -0.016423682530168973, 0.07586786703160553, 0.04304004899190528, -0.6823698885624624, 0.3450772156560784, -0.17236336026499285, 0.48838856967434663, 0.6332695869981497, 0.5170501136417043, 0.02349904550885041]], "inverted": true, "swapped": false, "error_lsq": 0.035526230650349516, "error_max": 0.2085813964634682, "target": "546.xyz", "model": "19.xyz", "model_rescale": 4.410303926677745, "target_rescale": 3.860090958762071},
{"mapping": [2, 1, 7, 8, 5, 6, 4, 0, 12, 3, 9, 11, 10, 13], "R": [[0.8721971589180975, 0.48891214234575, -0.015395877438081004], [0.4597572504550338, -0.8086268541922832, 0.3670774868241305], [0.167019120549794, -0.3272423073900767, -0.93006294713035]], "T": [0.017960177457570038, 0.047915442801162215, -0.042132084391686385], "aligned_model": [[-0.3902364427578152, 0.051439155130269296, -0.4511453970777719, 0.05944043142535541, 0.6934353141053868, 0.11454676700670216, -0.4558035424755796, 0.2535495648764902, -0.6315536409033601, 0.6516239686399606, -0.11080746312399628, -0.21035466666729716, 0.5179510599089806, 0.038094803569766834], [0.23518050769381246, -0.42032539878209396, -0.42977999904113295, -0.6835644206106092, -0.4263372710508205, 0.6103625165752116, 0.5642375325813657, 0.3354137775991436, -0.1554935871121095, 0.36065155689232936, -0.25556107475607764, 0.43931651943420935, -0.09722451800782295, -0.015557275479687709], [-0.5288723051147945, -0.6275802575887591, -0.28420684504358495, 0.1908361094913952, 0.09161553668257236, 0.06193588907188794, 0.021529774628844957, -0.6545059249063748, 0.2856353691428525, -0.2053160860276407, 0.5621671997540101, 0.6519938794336192, 0.5935388385307467, -0.0014136943868729226]], "inverted": true, "swapped": false, "error_lsq": 0.04025354167115797, "error_max": 0.23999842946763847, "target": "546.xyz", "model": "20.xyz", "model_rescale": 4.121658175737393, "target_rescale": 3.860090958762071},
{"mapping": [11, 12, 3, 8, 2, 5, 4, 6, 9, 7, 1, 0, 13], "R": [[-0.9571691769124656, -0.2895205843944906, 0.002235616377202293], [0.27552232774143626, -0.9132085634343675, -0.3002291900966324], [0.08896411458927687, -0.2867541645417061, 0.9538644743533194]], "T": [0.10493788291366964, -0.020419012615612908, 0.07416161835156088], "aligned_model": [[0.18306548009931056, -0.24009129534391882, 0.136651392237225, 0.7444233271651748, 0.6093353668371592, -0.22946291791876977, -0.4521203661373821, 0.3417624089299266, -0.624615567682275, -0.27717033304196426, 0.03382987522031815, 0.5181341181154087, 0.13734141618408163], [-0.5018781485397573, -0.0099294083842138, 0.5799799143893458, -0.3287477411278269, 0.2604227538627798, -0.5974700908305195, 0.48733106307004587, -0.7116095882094575, -0.11555245725353888, 0.05351867286573875, 0.6365631155591553, -0.21409060622706116, 0.0022894249884926818], [0.5798665843090299, 0.6119902077608641, 0.48089324663080935, 0.30716200919848846, -0.051946867170087896, -0.10131706132771451, 0.11039042088489953, -0.10821814751186518, -0.10229262746408341, -0.6007875683485776, -0.30178849953219944, -0.5810689905923759, 0.12722703264460195]], "inverted": false, "swapped": true, "error_lsq": 0.0469689319392465, "error_max": 0.2709696175011479, "target": "546.xyz", "model": "21.xyz", "model_rescale": 4.08911054899281, "target_rescale": 3.860090958762071},
{"mapping": [0, 2, 13, 14, 15, 8, 6, 1, 7, 11, 12, 10, 9, 16], "R": [[0.47290821278726847, -0.3806929176895135, -0.7946261540494355], [0.7147057849530141, -0.3617086057068651, 0.5986338826965041], [-0.5153187976709639, -0.8510227887540034, 0.10102846028872861]], "T": [0.02767657322281933, -0.02803657940456475, -0.0039888853911023755], "aligned_model": [[-0.5304947787078315, 0.22397370001655542, -0.48768586631781174, 0.23345311489938683, 0.6737970601579119, 0.2187766816942507, -0.3791959067324767, 0.3066345797669382, -0.6355587255338493, 0.7008463169813953, -0.24020406260894692, -0.24696147729261594, 0.3070349328674551, -0.014235657533269087], [0.19544663006779797, -0.3720278938830367, -0.4397151904620008, -0.5941237381562026, -0.30173256725383346, 0.6253652219166266, 0.5964778014221014, 0.28965988750775684, 0.06913028132631752, 0.3292120972831599, -0.4404258642678046, 0.2676244603241478, -0.12533233308363462, -0.038239926805677255], [-0.4924347832622135, -0.6076371629080267, 0.036658908359455206, 0.2174245955426324, -0.20179141442484663, -0.13555199812602786, -0.0031511819341293237, -0.675740153914206, 0.23365313039796545, -0.07546552039395071, 0.5465967561856092, 0.6947914091296823, 0.6441160866429028, -0.024111187626944905]], "inverted": true, "swapped": false, "error_lsq": 0.03331106934631696, "error_max": 0.260957761788613, "target": "546.xyz", "model": "22.xyz", "model_rescale": 4.204369325754507, "target_rescale": 3.860090958762071},
{"mapping": [2, 8, 1, 4, 7, 11, 10, 5, 3, 9, 12, 14, 13, 15], "R": [[0.3036234857052791, -0.95194885284501, 0.040076932208510954], [-0.9096274702029752, -0.30212881913101214, -0.2851246080271495], [0.2835324397318792, 0.05011544889123059, -0.9576522319726086]], "T": [0.010105008766132519, -0.11591027382942647, 0.04330125445581043], "aligned_model": [[-0.44816155727170043, 0.3044103358830104, -0.5622437071164347, 0.25805889481777455, 0.6794734696044589, 0.21917024862945791, -0.41679806952760307, 0.19043000676698574, -0.7800923421374737, 0.6682012443155355, -0.20174099044944704, -0.1797125411363428, 0.41028216050393074, -0.011097241225059945], [0.31168236606539756, -0.3771205963882584, -0.37736495866520664, -0.7808423243938963, -0.3256823989516487, 0.5728889299491816, 0.544133459919758, 0.24760991824442974, -0.016170558868221288, 0.21485847570651012, -0.3549868654424508, 0.34846632594969523, 0.1424501546789933, -0.08860306186856609], [-0.5587631704795235, -0.6027836450390589, -0.15564049376320388, 0.2195092768046719, -0.016423682530168973, 0.07586786703160553, 0.04304004899190528, -0.6823698885624624, 0.3450772156560784, -0.17236336026499285, 0.48838856967434663, 0.6332695869981497, 0.5170501136417043, 0.02349904550885041]], "inverted": true, "swapped": false, "error_lsq": 0.035526230650349516, "error_max": 0.2085813964634682, "target": "546.xyz", "model": "23.xyz", "model_rescale": 4.410303926677745, "target_rescale": 3.860090958762071},
{"mapping": [13, 0, 5, 4, 3, 11, 14, 7, 15, 1, 8, 9, 10, 16], "R": [[0.48033159810810816, -0.4658367284202995, -0.7431538860246802], [0.8179222180157324, 0.5438261031700142, 0.18776691611447938], [0.31667775598411674, -0.6980324576734162, 0.6422350713712816]], "T": [-0.0671362053141479, 0.031073674582504502, -0.05788220138465495], "aligned_model": [[-0.43051818452328106, 0.2488605742742431, -0.3951683669063345, 0.06963870704143307, 0.6537301099761886, 0.13049744433183472, -0.5289508843355343, 0.21482603445854467, -0.6785696399256623, 0.7583600515647034, -0.07695327094951812, -0.20407950936025596, 0.32989958083430193, 0.03860726517642871], [0.37655807602809427, -0.3602960986333807, -0.4976896310645586, -0.5717196708484759, -0.5061871222392463, 0.6126562671376317, 0.5135344851558062, 0.3365341745594999, -0.035555420845182775, 0.21276824865125832, -0.30202080571291284, 0.2608420387268275, 0.04695918929933613, -0.02506486427897919], [-0.5506100059309103, -0.6212307142866418, -0.1495680835600514, 0.24513129508934767, -0.02700217042204562, 0.09516718664165746, 0.05215760284982284, -0.5766519720714873, 0.3040900482649617, -0.20579555846682396, 0.6935553274049915, 0.5085743405881262, 0.45776707982814635, -0.06822689226119166]], "inverted": false, "swapped": false, "error_lsq": 0.04029394493690473, "error_max": 0.2154062644529298, "target": "546.xyz", "model": "24.xyz", "model_rescale": 4.28219845311461, "target_rescale": 3.860090958762071},
{"mapping": [13, 14, 11, 8, 6, 4, 7, 2, 9, 0, 5, 3, 1, 15], "R": [[-0.5077165616756967, 0.5232214849132699, -0.6844436943426109], [0.7639304556793431, -0.09386609016477837, -0.6384351306144808], [-0.3982890305867836, -0.8470114726745622, -0.35204745883461463]], "T": [-0.07333608649272663, -0.017069183210257924, -0.04226460823556502], "aligned_model": [[-0.34391654638199975, 0.00772229395082577, -0.35887544714930253, 0.2919335299020456, 0.7189642304238479, 0.17903968153233393, -0.5344408523552344, 0.28964692034471395, -0.6907264937765818, 0.6949988936160427, -0.20256953897436153, -0.15215697545783455, 0.23624935814902123, -0.005689142166424174], [0.27678768773041645, -0.4347945358927474, -0.4769033451548102, -0.5142075017814751, -0.3901364692272565, 0.661154096047053, 0.6078622968175641, 0.1811562467506196, -0.006099335294697403, 0.25718476427556086, -0.5151109299633032, 0.3904150184824898, 0.010965807602695235, 0.013045065543608701], [-0.4819813478123861, -0.6739921551897777, -0.10139910132698866, 0.27613397291049313, -0.25505122172153627, 0.062464700999874986, 0.006613259141630086, -0.5879110505881154, 0.23265798325057377, -0.04171445779332228, 0.6363618089963271, 0.6117913814880968, 0.5174212774206306, -0.04403756610759842]], "inverted": false, "swapped": false, "error_lsq": 0.03954765534971914, "error_max": 0.24186294621377458, "target": "546.xyz", "model": "25.xyz", "model_rescale": 4.100010024507729, "target_rescale": 3.860090958762071},
{"mapping": [0, 6, 5, 11, 1, 4, 7, 12, 8, 3, 2, 13], "R": [[0.4208910671204884, 0.2870917198553792, 0.8604818731435643], [0.7026541084288518, -0.7031170507525557, -0.10910369768749129], [0.5736967086590544, 0.6505418951393588, -0.4976618622541409]], "T": [0.023345112844938412, 0.07785216483820558, -0.044652518889801165], "aligned_model": [[-0.6067112926825509, 0.046821283702429016, 0.28250742968928655, 0.5726795183009126, -0.4997181637090761, 0.11569325167815693, -0.3452982788480874, 0.60341865060775, 0.01931674068615026, 0.08068571147208933, -0.4322759899493997, 0.03964674141534625], [-0.38910549058333155, -0.6627279471481831, -0.29445997033209453, -0.2959846873575507, 0.6215962288212769, 0.7859960548245527, 0.21332778991097595, 0.33494813818658437, -0.45268942386616173, 0.649487329813221, 0.06488127510607451, 0.09086209267527598], [0.1055022004863531, 0.08981909164963899, 0.47479254752352673, -0.27295506491934085, 0.04898272148331302, 0.19915193278543009, 0.628235495147096, -0.12101421417889631, -0.570776853285313, -0.48834219600442186, -0.4207288893461791, -0.10747448148685017]], "inverted": false, "swapped": true, "error_lsq": 0.042783294380839394, "error_max": 0.1929988576183582, "target": "546.xyz", "model": "26.xyz", "model_rescale": 3.6694154284099745, "target_rescale": 3.860090958762071},
{"mapping": [7, 9, 8, 10, 11, 6, 1, 3, 5, 12, 4, 0, 2, 13], "R": [[-0.2718559909411798, 0.6008340969501533, -0.7517264849208674], [-0.30409123688507306, 0.6874872921034509, 0.6594617068837061], [0.913029484649371, 0.4078720524114865, -0.004189155349953871]], "T": [-0.03579400743460776, -0.04928413208193776, -0.0030030901675392758], "aligned_model": [[-0.40986214889492195, 0.1999283506669601, -0.40751895781589703, 0.1629987518908601, 0.7839596365717661, 0.24710492434945824, -0.36776148589985325, 0.09098969647034061, -0.7736680230073929, 0.6755207213451428, -0.2297481739480161, -0.24738334653817196, 0.405866773276448, -0.0002468068096309686], [0.10889598546538629, -0.3691151915363906, -0.5588993250405703, -0.6016741467117643, -0.29925873382796836, 0.5748531768213274, 0.7578360224211798, 0.3573220270480635, 0.19416993822139955, 0.20324946304515673, -0.5199724775198802, 0.18902138313587794, 0.0645831781868588, -0.03969243377295846], [-0.4838155283132104, -0.5570848519767793, -0.10532663975321897, 0.12828830509377773, 0.038132428127192794, 0.0371372366225637, 0.13116584488092792, -0.6896096326030401, 0.14616310076184386, -0.2479335972723586, 0.6422602923747429, 0.5761115583500318, 0.5010798758580279, 0.04078909151739991]], "inverted": true, "swapped": false, "error_lsq": 0.045642580838960126, "error_max": 0.265217249831406, "target": "546.xyz", "model": "27.xyz", "model_rescale": 4.103607728864725, "target_rescale": 3.860090958762071},
