[{"mapping": [2, 0, 3, 10, 9, 1, 6, 12, 5, 7, 8, 13], "R": [[-0.25022975825091803, -0.9611567188253906, 0.11645956355102877], [0.6100086834152493, -0.063104674443655, 0.7898779691960995], [-0.7518473743012484, 0.2686923183125437, 0.6021046120369362]], "T": [0.051987695214045206, -0.04345088980826313, -0.051422234699240774], "aligned_model": [[-0.21748994776744476, 0.16583103041824657, 0.38942824942272175, -0.32713689134300994, -0.04265184351802336, -0.44821376264104595, 0.28454780751543307, -0.40277099005124295, 0.5977526129387593, 0.2566986851040621, -0.3806249656441844, -0.03772752197372251], [-0.4604735139845137, -0.6416362496953387, -0.243074649901103, 0.714094627951077, 0.3561471665247397, -0.5320968256496673, -0.2232292031170351, -0.5217980785257476, 0.0227994500725381, 0.4476648968574068, 0.12603523977824865, 0.009122175666452223], [-0.5963680587244271, -0.020605039589872184, -0.6120611054100322, 0.062167033882841796, -0.6579811488864596, -0.0028099087084790947, 0.4983806767859087, 0.6740945069213896, -0.00671472479471702, 0.4088508272384863, 0.4106517845936817, 0.02434690204524155]], "inverted": false, "swapped": true, "error_lsq": 0.04228113559302199, "error_max": 0.23077196287575036, "target": "548.xyz", "model": "0.xyz", "model_rescale": 3.751011558992144, "target_rescale": 3.957063600981508},
{"mapping": [7, 6, 1, 0, 2, 3, 12, 13, 9, 8, 5, 4, 11, 14], "R": [[-0.8955661225690131, -0.4094330208457371, -0.17414339363822465], [0.06290718179903491, -0.503984566200402, 0.8614187387733657], [-0.44045885912853044, 0.760502569668852, 0.477107781263591]], "T": [0.07928915444105945, 0.14805003936586963, 0.028134530253371356], "aligned_model": [[-0.3626889108392872, -0.25524387313849345, 0.23660237155267005, 0.135789007775224, 0.4552312154782943, -0.23913977017844074, -0.6307076480098937, -0.08724644434946228, -0.12736498027880522, 0.7410257091181539, 0.37844357575495713, 0.6063214327430166, -0.5554799313624016, 0.031534843562960865], [-0.035528659834218684, 0.5280382634285018, 0.06483884581084698, -0.49537874976946533, -0.508535302948693, -0.5396662749859369, -0.023857487964696805, -0.18756967627389254, 0.423050907834239, 0.09802894116539265, 0.1568440981395233, 0.6408764644714413, 0.6315713758708272, 0.15612119421949255], [-0.43081129967461634, -0.5263222744684445, -0.6456710785278114, -0.36974947091347604, 0.3617531103547396, 0.12329324216568653, 0.16351343050641676, 0.6503302382986343, 0.5901471744875741, 0.03270334615901982, 0.5763273282124952, -0.29579920101788554, 0.03064725375064413, 0.05378983565506642]], "inverted": false, "swapped": false, "error_lsq": 0.041936322636539514, "error_max": 0.252065814261921, "target": "548.xyz", "model": "1.xyz", "model_rescale": 3.9405287249114394, "target_rescale": 3.957063600981508},
{"mapping": [4, 9, 3, 8, 11, 5, 7, 10, 1, 0, 12, 6, 13], "R": [[-0.5208322067853706, -0.7760339912791587, -0.35567549360958167], [-0.5967325550305631, 0.6289128520109034, -0.4983762457643899], [0.6104457962356503, -0.04732725382747302, -0.7906428149950981]], "T": [-0.11635379100776742, -0.04762244969013643, -0.050206925044054995], "aligned_model": [[-0.29924030924978423, 0.1634494040225456, -0.5252029958036726, 0.3523150589971883, 0.6063800790801541, -0.5341501149026656, -0.002982550978442175, 0.6200769420959953, 0.03412404054388328, -0.5392430629377261, 0.022889088590417342, -0.3922258962675019, -0.010206403906459896], [0.7779523054320687, 0.4150495531018916, 0.14441947865428498, -0.2812371475592971, -0.09690446859183305, 0.2710941469711524, 0.3028652449236894, 0.325770965057096, -0.7093900235527067, -0.47595047722933304, -0.8928154263594551, -0.24621497581292923, -0.07580658146261163], [-0.0730342835027864, -0.5443665704824017, -0.5640103330374685, 0.3437033994424995, -0.4302803133147009, 0.11746292062833597, 0.5491743682059262, 0.17061046265445318, -0.2255910967599564, -0.1473433949149841, 0.42755482501554587, 0.4724241870752466, 0.016816178578934804]], "inverted": true, "swapped": true, "error_lsq": 0.047815339266320464, "error_max": 0.2983507903900644, "target": "548.xyz", "model": "2.xyz", "model_rescale": 3.932901565614263, "target_rescale": 3.957063600981508},
{"mapping": [1, 3, 0, 2, 5, 6, 10, 12, 8, 4, 9, 7, 11, 13], "R": [[0.8743077505146611, 0.4781592454863201, 0.0833648207935846], [0.47965682402352033, -0.8248940113568235, -0.2991307426449489], [-0.0742649887744086, 0.3015188318888259, -0.9505635725498507]], "T": [0.005206403618388859, 0.1534778049660555, -0.023094897632925694], "aligned_model": [[-0.44432331318581314, -0.04025890649353448, 0.20329229858015546, 0.1377706810810137, 0.40977791134316754, -0.024439567692124516, -0.5759331200163968, -0.13339862406301148, -0.04759335209980985, 0.7051476623225182, 0.24883609851135646, 0.6525557401829555, -0.7565624591897314, -0.007794451452251664], [-0.11812901559208211, 0.5701491303357238, 0.12093033816285037, -0.5114679555182584, -0.2227393882797754, -0.5120935470752235, -0.17843958763628964, -0.21891467077885501, 0.8398144834724066, -0.2782264729571972, 0.34683422930715707, 0.42456254210003624, 0.568479180885912, 0.07807467273695726], [-0.5455136852433897, -0.31464830658629334, -0.6623546021074822, -0.5073197432708269, 0.43688575880622865, 0.12799498425450773, 0.23235204178664817, 0.6290111523846689, 0.23174009812879667, -0.3179508884559335, 0.6425257182746863, 0.10803270849773786, 0.18948627746985172, 0.06391012104884347]], "inverted": true, "swapped": false, "error_lsq": 0.05929293188777253, "error_max": 0.4526880952460391, "target": "548.xyz", "model": "3.xyz", "model_rescale": 3.9243930471874484, "target_rescale": 3.957063600981508},
{"mapping": [9, 10, 4, 3, 5, 11, 2, 7, 6, 8, 0, 1, 13], "R": [[-0.24330885854586715, -0.9677807027653078, 0.06481751852851314], [-0.7532924095613907, 0.23063605973857504, 0.6159200870611857], [-0.6110248317787922, 0.10103226862419445, -0.7851376539476038]], "T": [0.057808589238433086, -0.02518802492620601, -0.027232277129699695], "aligned_model": [[-0.028050261570969362, -0.352504320128859, 0.6198962364010757, 0.4233478686360922, 0.5987233535284602, -0.642864757573718, -0.17547152189067877, 0.22695693367994574, 0.2756121578245872, -0.39792894144628205, 0.19194652283647318, -0.42588885389806486, -0.036568530086709766], [-0.6299293687045291, 0.08311156970994002, -0.28553355701850697, -0.5748408160763253, 0.04134491374734282, -0.3708959679942357, -0.5852593015658974, 0.4487044814985142, 0.5308934583298546, 0.4219373622076195, 0.002555388916055522, -0.001972769980429036, 0.04771416061218405], [-0.4315404889673854, -0.7691404249179093, -0.6032704043146294, 0.15247459799882015, -0.11227226913213986, -0.26966087279768636, 0.39156669027467483, -0.5189306875061347, 0.15171653884348363, -0.17479193648277128, 0.5668830711205202, 0.4795589449074714, -0.0755224436553496]], "inverted": false, "swapped": true, "error_lsq": 0.0430996592438817, "error_max": 0.24835174183961506, "target": "548.xyz", "model": "4.xyz", "model_rescale": 3.8936222436046832, "target_rescale": 3.957063600981508},
{"mapping": [10, 9, 7, 8, 5, 3, 2, 0, 12, 11, 6, 13], "R": [[0.43487586200617173, -0.8947137713052624, -0.1018344346530358], [0.8940512432836349, 0.44249622754332, -0.06978153762218925], [0.10749585586140409, -0.06069889658506705, 0.99235088800584]], "T": [-0.15791895723132054, 0.01799358197286687, -0.0027566755350611483], "aligned_model": [[0.010974803931779076, -0.5657076793033822, -0.13840167543118614, 0.4115020904988782, -0.5492726667768268, -0.7116742941539562, -0.2006661603914371, -0.07836389517312789, 0.7498182863689116, 0.09680152451371427, 0.05918344209160481, -0.05664573395987399], [-0.5137694319772564, -0.5900387826948293, 0.19946468411952706, -0.06958130473570893, 0.37262962930250315, -0.0017171493516359403, -0.2907016952214683, 0.38771484286491387, 0.37221260747573276, -0.7583698959971226, 0.5812427437577936, -0.0201633424326419], [-0.6502257326962511, -0.026293178332945817, -0.6821975571696091, -0.31497770522779717, -0.1618879495029148, 0.39848917238175563, 0.6653540358923902, 0.47548271076992227, 0.10921660566542651, 0.03731789351739767, -0.15865606361639584, -0.07233751240546045]], "inverted": true, "swapped": true, "error_lsq": 0.0454027926584576, "error_max": 0.3325478375433989, "target": "548.xyz", "model": "5.xyz", "model_rescale": 3.6523030999806103, "target_rescale": 3.957063600981508},
{"mapping": [12, 8, 11, 1, 2, 6, 10, 0, 7, 5, 9, 3, 13], "R": [[-0.06681584624084813, -0.16415306397758778, 0.984169403242089], [-0.9842986360453867, -0.1506668407437643, -0.0919548703412964], [0.16337636845734693, -0.9748606437266114, -0.15150870451108112]], "T": [0.047295761997867225, -0.04704952479345915, -0.0902356617625624], "aligned_model": [[0.10171702339599019, -0.230876928611346, 0.2471149822381727, 0.5278117256106187, 0.7629701185323223, -0.2148182689081985, -0.47696785803960384, 0.4427610715213939, -0.6543057449497524, -0.18674522351902745, 0.13931549835741416, 0.43450682638983307, -0.01140031735352258], [-0.6588393750151054, -0.06768221330945587, 0.6030982008833926, -0.21232945843737713, 0.12979377560062508, -0.6089889458683215, 0.5266723521637524, -0.5071379765386832, -0.0955446301148655, -0.23950134537013848, 0.6448485853469041, 0.0532839934559493, -0.02684605863349333], [0.6744522109172413, 0.5027111386558245, 0.3643069202367424, 0.3925960475740171, -0.09559129140962151, -0.02536647730992289, 0.2654384167872216, -0.15074627903093246, -0.07136380313082306, -0.5511416481092912, -0.3124030279553124, -0.6452424124406695, 0.02245994469731505]], "inverted": true, "swapped": true, "error_lsq": 0.053915322620636946, "error_max": 0.3406574528105235, "target": "548.xyz", "model": "6.xyz", "model_rescale": 4.08911054899281, "target_rescale": 3.957063600981508},
{"mapping": [7, 12, 13, 2, 0, 6, 4, 3, 8, 1, 9, 11, 10, 14], "R": [[0.35597334471477277, -0.848508775014317, 0.39155566216858706], [-0.39093865238478065, 0.2453593468835164, 0.8871109068027885], [-0.8487932303713013, -0.46886207952936165, -0.2443734896736006]], "T": [-0.057057842917415044, 0.11827834517584432, -0.02258949014345963], "aligned_model": [[-0.38664289203661817, -0.20643480869210973, 0.2417444551046572, 0.27636944983003275, 0.37096619369324474, -0.14476230169909868, -0.6321854727982142, -0.0956152036943521, -0.19095638316380792, 0.6618003754683236, 0.46874136687019224, 0.23846784646086155, -0.35025998838846034, 0.07584396087384211], [-0.32849587304661676, 0.5632885306786456, 0.17482800402310075, -0.5243364064064552, -0.6114341378380366, -0.3661616749880078, 0.02065976785320131, -0.2852638108495048, 0.4378224585537187, -0.022618173751288106, 0.28326459751804806, 0.6179168995006402, 0.7741146297718681, 0.17524912814404892], [-0.5620850488520109, -0.5589236909044265, -0.6884827587177942, -0.37757127107197636, 0.3884716966902302, 0.05968299144627876, 0.3730723761154108, 0.6572034890098285, 0.5648726054937115, -0.059155754225162865, 0.5349695071228321, -0.10952018039079955, 0.03385666296233234, 0.057761010309589376]], "inverted": false, "swapped": false, "error_lsq": 0.054733493727723785, "error_max": 0.3906236508411065, "target": "548.xyz", "model": "7.xyz", "model_rescale": 3.964800864290218, "target_rescale": 3.957063600981508},
{"mapping": [1, 3, 5, 8, 12, 7, 2, 4, 6, 9, 11, 10, 0, 13], "R": [[0.12597107844379918, -0.0923160410091447, -0.9877292321117688], [0.9652973872672417, -0.21819216177169154, 0.14350308246317678], [-0.2287624128451689, -0.9715296851428648, 0.061626531262618967]], "T": [-0.03772384336422786, 0.09526951952868588, 0.035326497925844], "aligned_model": [[-0.4951743214866803, -0.21726999332578684, 0.25508003966343573, 0.3597941175434066, 0.2750385387178942, -0.20014062621264755, -0.5855183721209484, -0.13261097933309218, -0.05843404397186801, 0.6078935760326957, 0.5272309468045875, 0.6521678320971187, -0.678957892390325, 0.01797777581070297], [-0.2533271713635536, 0.7540365513627393, 0.2845524144378053, -0.34344697332017426, -0.4852286536968995, -0.5940574522407884, -0.1262069844541478, 0.10173370474029936, 0.5548700759771937, -0.14341567722549248, 0.26011266144853473, 0.42714949477944997, 0.4007070825604546, 0.07135486615794112], [-0.4466893714570166, -0.209115465543892, -0.7246133646600886, -0.45514765130682777, 0.4039407957015061, -0.03749025565469273, 0.33445529995238976, 0.7324979551377828, 0.38865954093421007, 0.04334219566779861, 0.6190954146394548, -0.26306782367548953, -0.05787308351932413, -0.013842551227767792]], "inverted": true, "swapped": false, "error_lsq": 0.05305040926905095, "error_max": 0.30828517533404654, "target": "548.xyz", "model": "8.xyz", "model_rescale": 4.121658175737393, "target_rescale": 3.957063600981508},
{"mapping": [7, 8, 6, 5, 10, 9, 1, 2, 0, 11, 4, 3, 13], "R": [[0.6417333387520651, 0.10919370399209628, 0.7591146533578534], [-0.008618983149895228, 0.9907766719666437, -0.13523054172842738], [-0.766879413639191, 0.08023915063850426, 0.636755560353596]], "T": [0.03167192551930536, -0.0012303936475457824, -0.0898919046945541], "aligned_model": [[-0.41721915965038886, -0.2135718238767682, 0.24764337480195162, 0.06296401622960071, -0.781487858549233, -0.3759898180801044, 0.4237978847103708, 0.39650202341666224, 0.6404380210633417, -0.3509503373010098, -0.409236769551415, 0.2901054117723964, -0.03625746855020703], [0.19420642087686474, -0.4778738779994644, 0.08684557384730367, 0.5289308844345046, -0.2568827088337892, 0.09314431420467044, -0.5789806176715269, -0.23009243661104994, -0.0016061264788790452, -0.5740153470491832, 0.7028310364928433, 0.39707861361215596, -0.09319828941273994], [-0.59511843014947, -0.46679793273017434, -0.6680671776801148, -0.23887861107010405, -0.15255165940089943, 0.5113187760321012, -0.028398668793042536, 0.5084501256049822, -0.12364733402027833, 0.35140883854271604, 0.06960501798323546, 0.40264619991157513, -0.14889371027143777]], "inverted": true, "swapped": true, "error_lsq": 0.055995875694874964, "error_max": 0.2670790341125249, "target": "548.xyz", "model": "9.xyz", "model_rescale": 3.833441315466971, "target_rescale": 3.957063600981508},
{"mapping": [6, 4, 1, 12, 10, 11, 7, 8, 2, 0, 13, 5, 3, 14], "R": [[-0.09551222566225981, 0.9576332122934998, -0.271691084619048], [0.9951743722146645, 0.0856982735325269, -0.047788856448894246], [-0.02248073922695544, -0.27494442461337043, -0.9611972636966009]], "T": [-0.004473729384136399, 0.016417460956103053, 0.0005642994947149191], "aligned_model": [[-0.1972689198546753, -0.30437196912491526, 0.4654591185911727, 0.06679524137491621, 0.4083747427484188, -0.30167524134578116, -0.6387236502886167, -0.062399497243977975, 0.012542895428805101, 0.6740728228171132, 0.5791048636695805, 0.3327672461291701, -0.6405236982278514, -0.06707735684486547], [0.048220105734499655, 0.598074621508855, 0.02601159485309068, -0.4471403452087679, -0.5631775086731342, -0.5729635757973454, -0.12984558063583956, -0.2433277880057478, 0.5700135868512345, -0.020500341310836938, 0.4014911505496831, 0.5933419835896092, 0.5873706989565066, 0.06126533675155476], [-0.6498572364044612, -0.45512043084889836, -0.5692426887937817, -0.3776617591809535, 0.41212225866713664, 0.17272218007737464, 0.14286024911644712, 0.7331872403287665, 0.45870403669452636, -0.044542397072896874, 0.38376244762031153, -0.10365576136664384, 0.15475472364095028, 0.056118772510166275]], "inverted": true, "swapped": false, "error_lsq": 0.05235075204583984, "error_max": 0.32295339495570896, "target": "548.xyz", "model": "10.xyz", "model_rescale": 4.2482417240324, "target_rescale": 3.957063600981508},
{"mapping": [4, 9, 11, 2, 7, 8, 10, 1, 3, 6, 5, 13], "R": [[-0.10210159518658178, 0.6778775318016884, -0.7280503527495926], [-0.7778886424525252, 0.40177800900855687, 0.4831808061383309], [0.6200520334647107, 0.615675631607725, 0.48629105733162137]], "T": [0.030131024020613822, 0.11008545504603671, -0.1582905499712646], "aligned_model": [[-0.6998266755161199, -0.06552819739508849, 0.4095371188781758, 0.6030964565415462, -0.5319970956150779, 0.1394308216190637, -0.2360071106315821, 0.7092867093429762, 0.026663945631078684, -0.1115627404204691, -0.4108730960716892, 0.04454546600019301], [-0.3172960121319503, -0.5210470438154265, -0.1426239200522087, -0.3402492736334911, 0.4771251939239586, 0.6031174454221399, 0.18354723708494475, 0.28332638538034405, -0.4634732484232885, 0.6407445733596608, 0.07241913143481074, 0.19054092150114613], [-0.15128472783458818, 0.20097265094908703, 0.5209868099879866, -0.2696515195496222, 0.05205774224616597, 0.2592794112008552, 0.6505895680993028, -0.16693013584839111, -0.531184783785843, -0.4532676109716923, -0.48744678722414836, -0.05892832741475568]], "inverted": false, "swapped": true, "error_lsq": 0.04145209340780972, "error_max": 0.21474959142863567, "target": "548.xyz", "model": "11.xyz", "model_rescale": 3.6694154284099745, "target_rescale": 3.957063600981508},
{"mapping": [12, 7, 10, 2, 3, 1, 0, 4, 6, 8, 11, 9, 5, 13], "R": [[0.5497725999484291, 0.5945518234659443, 0.5867352192933926], [-0.12637817537346707, -0.6351236681036665, 0.7620016292658546], [0.8256988828472629, -0.49307814332807787, -0.2740352156875422]], "T": [-0.016049103201529653, 0.12312276677580893, 0.005835594125637382], "aligned_model": [[-0.4181796002614855, -0.032998177476385296, 0.17164658117550344, 0.2155339032800692, 0.37731459114389543, -0.21818313145884452, -0.6125920131724872, 0.026690961421723374, -0.2143515719291306, 0.7055957455888321, 0.4667919044759711, 0.6353735874288008, -0.6796801054293576, -0.09588607695861136], [-0.08419769895785749, 0.7750087340711285, 0.1937431940520803, -0.4076695984483105, -0.5657862859682999, -0.6965910816089519, -0.07741196110268438, -0.19810218796775103, 0.48596051281068475, -0.10450431339175827, 0.4276178545414696, 0.5439010218877073, 0.5631832206924429, 0.05368252855346231], [-0.5011927956996045, -0.35042657478121564, -0.5969179812482434, -0.2957308985771258, 0.3403774026062136, 0.06653596882199614, 0.34445077970292215, 0.6711674399561899, 0.39168496162873406, 0.0023034701451028136, 0.4739979075796709, -0.20220383734593686, -0.09668992590453176, 0.06679571810387167]], "inverted": false, "swapped": false, "error_lsq": 0.041720715603578894, "error_max": 0.31300637139117743, "target": "548.xyz", "model": "12.xyz", "model_rescale": 3.9764082729961374, "target_rescale": 3.957063600981508},
{"mapping": [12, 1, 9, 5, 6, 6, 13, 14, 11, 4, 3, 7, 10, 15], "R": [[-0.19177052778621795, 0.7010757358517737, -0.68681648005307], [-0.9580904907709878, -0.2854686110466461, -0.02388061140981207], [-0.21280666382142063, 0.653452740989731, 0.7264384620366713]], "T": [0.04615279543368271, 0.15126005094625739, -0.07769965306560665], "aligned_model": [[-0.5039448940580623, -0.2352696780226745, 0.0717005931212547, 0.28342066673963173, 0.11304656002722248, 0.11304656002722248, -0.41275895087514086, -0.053373931215464646, -0.3541624648716612, 0.6893747943910491, 0.35009364292975026, 0.7338085595446833, -0.5947651021983764, 0.12686024228905884], [0.04706918611433926, 0.5787431317725612, 0.07143610280749599, -0.4909261695704631, -0.5343246585282031, -0.5343246585282031, -0.17130327637734466, -0.0789037994907639, 0.4436559808296999, -0.1679487402745004, 0.5129354122451948, 0.4603488948910537, 0.6342653703170021, 0.13811116295549244], [-0.3838864108617083, -0.4537078781112209, -0.6730773263575074, -0.5615640155259058, 0.252690474045594, 0.252690474045594, 0.16690912672901065, 0.6811989384534313, 0.5426204347146233, -0.06237224480784513, 0.6189023434620136, -0.02644211160315267, -0.032125439822464005, -0.007684729372419222]], "inverted": false, "swapped": false, "error_lsq": 0.051422813149072495, "error_max": 0.33324814425417026, "target": "548.xyz", "model": "13.xyz", "model_rescale": 4.170626492500431, "target_rescale": 3.957063600981508},
{"mapping": [4, 6, 2, 0, 7, 8, 12, 10, 11, 1, 9, 3, 5, 13], "R": [[0.19118775242700997, 0.9710844168519175, 0.14297656685373183], [0.9626761940384292, -0.15708062230805936, -0.22040921833489066], [-0.1915771091586702, 0.17977968028307342, -0.9648717416339453]], "T": [0.056171700634022936, 0.034333905941049236, -0.0400285467981852], "aligned_model": [[-0.47273319091366545, -0.22709609834257222, 0.15162308536155994, 0.4190262647644654, 0.34868583383094, -0.30514470153996015, -0.6036563939719803, -0.034751530996258995, -0.0262010566617554, 0.7984611899476961, 0.45901648710324977, 0.47418558604221495, -0.6662718301718635, 0.011932953376423194], [-0.23313193367881102, 0.7605837387024998, 0.06614843974229997, -0.35781061337365955, -0.6495824265786116, -0.5968274893011312, -0.035258314564246745, -0.12228677852088132, 0.6301900481541279, -0.07947456193674385, 0.26349433273955364, 0.5626535076523164, 0.5770605172788346, 0.12307547284781507], [-0.42962419734679136, -0.3559554394600914, -0.6902662232127015, -0.3053917842464515, 0.2826535488962007, 0.1104441865488107, 0.26898590205481915, 0.49432267863637075, 0.33122586431848244, 0.12388733586454474, 0.6244321482530486, -0.18705369595124138, 0.06361989023178459, -0.017128579598741075]], "inverted": true, "swapped": false, "error_lsq": 0.04440467689367979, "error_max": 0.2740474032375489, "target": "548.xyz", "model": "14.xyz", "model_rescale": 3.9786697098870705, "target_rescale": 3.957063600981508},
{"mapping": [2, 11, 3, 0, 9, 4, 8, 7, 5, 1, 10, 13], "R": [[-0.4168791165741507, -0.8606382497794866, -0.2924270937872514], [0.6142253250402251, -0.5038753186954482, 0.6073194491277146], [-0.6700291428315532, 0.0735626686986186, 0.7386809064341326]], "T": [0.12151901565670312, -0.07389483091548867, 0.05520614898069605], "aligned_model": [[0.11056075806945606, -0.5938762118295565, 0.5630310712996354, 0.4785970756123439, -0.07868294211308074, 0.423958810850361, -0.38316432637023456, 0.05036910760305069, 0.5785759471537948, -0.1213675114166616, -0.5558782932446563, 0.011231111152884513], [-0.42543918743726494, -0.048701082411471336, 0.014427152253600348, -0.5654451249277369, 0.3826733887410904, 0.7118442513427299, -0.2043003454067026, 0.33692048765352767, 0.19349861646451394, -0.718929523536665, 0.4189789941854538, -0.0808531366966361], [-0.592704726257972, -0.34077830571042006, -0.4598647670892812, 0.004124872343913691, -0.48146283857241196, -0.026564921938125444, 0.45229655157609056, 0.6218815952923533, 0.2096306291124077, -0.07237083787138797, 0.22468022950600658, 0.12109901348265667]], "inverted": false, "swapped": true, "error_lsq": 0.059830836050998926, "error_max": 0.40557051574260244, "target": "548.xyz", "model": "15.xyz", "model_rescale": 3.769337070930944, "target_rescale": 3.957063600981508},
{"mapping": [2, 11, 0, 1, 3, 9, 5, 10, 6, 12, 13], "R": [[-0.24185030166938742, 0.8156421341733298, -0.5255819065983932], [0.8240565315205148, 0.458631633232497, 0.3325475272150903], [0.5122882630324505, -0.3526824832050327, -0.7830554269012677]], "T": [0.12552689834397227, 0.08095052867709748, 0.022757166611952998], "aligned_model": [[-0.29596468384805563, -0.23825114436814313, -0.15512485296206277, -0.5711666002062071, 0.3150957015051279, 0.3479559929554293, 0.5906698511200791, 0.2836885471661247, 0.1511168958290074, -0.5864077369948295, 0.08101416049470056], [0.06276833810336468, -0.6367834283166385, 0.599836422152656, 0.1509209972015175, 0.26720993554654887, -0.4504921285182679, 0.3773855724830837, -0.6738989756639808, 0.5176055469449737, 0.3714145028304333, 0.01009771486165191], [-0.5818139825106265, -0.12472926479608319, -0.13128098875541722, -0.009828258125138253, -0.6076417696108337, -0.4296176395830505, 0.018818552424682833, 0.3911323886128687, 0.4670152405931972, 0.63167078271362, 0.12049254626055783]], "inverted": true, "swapped": true, "error_lsq": 0.045259192705662, "error_max": 0.28212876250696245, "target": "548.xyz", "model": "16.xyz", "model_rescale": 3.7852294659196426, "target_rescale": 3.957063600981508},
{"mapping": [7, 9, 3, 4, 10, 11, 1, 2, 5, 6, 8, 0, 13], "R": [[-0.7191310689943253, -0.6708501142183123, -0.18113704717797605], [-0.6634934371154515, 0.7403672002684285, -0.10785577254562312], [0.206462985815384, 0.04262080501311627, -0.977525704249372]], "T": [0.06388493545618117, 0.10944156422430334, 0.013040757959070663], "aligned_model": [[0.07917764190179252, -0.3801875733264162, 0.30182530397673824, 0.15286015058711938, -0.6208788298583577, -0.7251770394317562, -0.06229549404184502, -0.06470783016946015, 0.4779872173706574, 0.4859555120097932, -0.2590585854466372, 0.48579309832859313, -0.017527721683938555], [0.02290344763958556, -0.4360328734728421, -0.32656332859750886, -0.6891737803205382, -0.01360594961815749, 0.1574704838893117, 0.6816216056497426, 0.1387826797975169, -0.20243454669626376, 0.42405288096976146, 0.5523641421313121, 0.38641918211400844, 0.17925168021694593], [-0.68497778359055, 0.21750642759342093, 0.48348292340969823, -0.2512302879273587, -0.4834177806881986, 0.22352393422877048, 0.3977848374443678, 0.7383648371332446, -0.1753731638873112, -0.3209709739168003, -0.34601179258147385, 0.3551118478772718, -0.058038327951907394]], "inverted": false, "swapped": true, "error_lsq": 0.04141960694865727, "error_max": 0.24934198845744807, "target": "548.xyz", "model": "17.xyz", "model_rescale": 3.901054581598922, "target_rescale": 3.957063600981508},
{"mapping": [7, 6, 1, 0, 2, 3, 12, 13, 9, 8, 5, 4, 11, 14], "R": [[-0.8955661225690131, -0.4094330208457371, -0.17414339363822465], [0.06290718179903491, -0.503984566200402, 0.8614187387733657], [-0.44045885912853044, 0.760502569668852, 0.477107781263591]], "T": [0.07928915444105945, 0.14805003936586963, 0.028134530253371356], "aligned_model": [[-0.3626889108392872, -0.25524387313849345, 0.23660237155267005, 0.135789007775224, 0.4552312154782943, -0.23913977017844074, -0.6307076480098937, -0.08724644434946228, -0.12736498027880522, 0.7410257091181539, 0.37844357575495713, 0.6063214327430166, -0.5554799313624016, 0.031534843562960865], [-0.035528659834218684, 0.5280382634285018, 0.06483884581084698, -0.49537874976946533, -0.508535302948693, -0.5396662749859369, -0.023857487964696805, -0.18756967627389254, 0.423050907834239, 0.09802894116539265, 0.1568440981395233, 0.6408764644714413, 0.6315713758708272, 0.15612119421949255], [-0.43081129967461634, -0.5263222744684445, -0.6456710785278114, -0.36974947091347604, 0.3617531103547396, 0.12329324216568653, 0.16351343050641676, 0.6503302382986343, 0.5901471744875741, 0.03270334615901982, 0.5763273282124952, -0.29579920101788554, 0.03064725375064413, 0.05378983565506642]], "inverted": false, "swapped": false, "error_lsq": 0.041936322636539514, "error_max": 0.252065814261921, "target": "548.xyz", "model": "18.xyz", "model_rescale": 3.9405287249114394, "target_rescale": 3.957063600981508},
{"mapping": [8, 7, 9, 5, 2, 6, 0, 1, 12, 11, 3, 13, 4, 15], "R": [[0.8072168486337288, 0.17305868076431175, 0.5643152065060344], [-0.589714496291692, 0.1955487892536079, 0.7835799154425055], [0.02525415105023615, -0.9653037677506312, 0.25990549017126924]], "T": [0.08244325534679864, 0.18763136710960757, 0.08225535938705522], "aligned_model": [[-0.3910251928567141, -0.20331516541415062, 0.2627525528045481, 0.18850873545258218, 0.3524027529542445, -0.2377297744686817, -0.5778568847952078, -0.16659598461967387, 0.01254654327108104, 0.7233855315979956, 0.34970270080365917, 0.42950969028827435, -0.519709956614779, 0.10450104942531528], [-0.23431853443170883, 0.41011402695059707, 0.12753424281185533, -0.5032462061458916, -0.620467333508159, -0.4864943673471487, 0.026576013559181128, -0.11762906884005622, 0.5816742364147496, 0.11208031102479687, 0.1724895952146466, 0.685676568407735, 0.599200744439951, 0.1556437106128143], [-0.3301256109316393, -0.5214574365479239, -0.6613081818506581, -0.3679678468800027, 0.2537885711113722, 0.11868585093101225, 0.1858852584372095, 0.61170313507431, 0.4563993543945494, -0.23821029920715467, 0.890816866281823, -0.20553920722755123, 0.03041728858627034, 0.09106389281642668]], "inverted": false, "swapped": false, "error_lsq": 0.048646814805534296, "error_max": 0.3424653326986752, "target": "548.xyz", "model": "19.xyz", "model_rescale": 4.410303926677745, "target_rescale": 3.957063600981508},
{"mapping": [1, 3, 5, 8, 12, 7, 2, 4, 6, 9, 11, 10, 0, 13], "R": [[0.12597107844379918, -0.0923160410091447, -0.9877292321117688], [0.9652973872672417, -0.21819216177169154, 0.14350308246317678], [-0.2287624128451689, -0.9715296851428648, 0.061626531262618967]], "T": [-0.03772384336422786, 0.09526951952868588, 0.035326497925844], "aligned_model": [[-0.4951743214866803, -0.21726999332578684, 0.25508003966343573, 0.3597941175434066, 0.2750385387178942, -0.20014062621264755, -0.5855183721209484, -0.13261097933309218, -0.05843404397186801, 0.6078935760326957, 0.5272309468045875, 0.6521678320971187, -0.678957892390325, 0.01797777581070297], [-0.2533271713635536, 0.7540365513627393, 0.2845524144378053, -0.34344697332017426, -0.4852286536968995, -0.5940574522407884, -0.1262069844541478, 0.10173370474029936, 0.5548700759771937, -0.14341567722549248, 0.26011266144853473, 0.42714949477944997, 0.4007070825604546, 0.07135486615794112], [-0.4466893714570166, -0.209115465543892, -0.7246133646600886, -0.45514765130682777, 0.4039407957015061, -0.03749025565469273, 0.33445529995238976, 0.7324979551377828, 0.38865954093421007, 0.04334219566779861, 0.6190954146394548, -0.26306782367548953, -0.05787308351932413, -0.013842551227767792]], "inverted": true, "swapped": false, "error_lsq": 0.05305040926905095, "error_max": 0.30828517533404654, "target": "548.xyz", "model": "20.xyz", "model_rescale": 4.121658175737393, "target_rescale": 3.957063600981508},
{"mapping": [12, 8, 11, 1, 2, 6, 10, 0, 7, 5, 9, 3, 13], "R": [[-0.06681584624084813, -0.16415306397758778, 0.984169403242089], [-0.9842986360453867, -0.1506668407437643, -0.0919548703412964], [0.16337636845734693, -0.9748606437266114, -0.15150870451108112]], "T": [0.047295761997867225, -0.04704952479345915, -0.0902356617625624], "aligned_model": [[0.10171702339599019, -0.230876928611346, 0.2471149822381727, 0.5278117256106187, 0.7629701185323223, -0.2148182689081985, -0.47696785803960384, 0.4427610715213939, -0.6543057449497524, -0.18674522351902745, 0.13931549835741416, 0.43450682638983307, -0.01140031735352258], [-0.6588393750151054, -0.06768221330945587, 0.6030982008833926, -0.21232945843737713, 0.12979377560062508, -0.6089889458683215, 0.5266723521637524, -0.5071379765386832, -0.0955446301148655, -0.23950134537013848, 0.6448485853469041, 0.0532839934559493, -0.02684605863349333], [0.6744522109172413, 0.5027111386558245, 0.3643069202367424, 0.3925960475740171, -0.09559129140962151, -0.02536647730992289, 0.2654384167872216, -0.15074627903093246, -0.07136380313082306, -0.5511416481092912, -0.3124030279553124, -0.6452424124406695, 0.02245994469731505]], "inverted": true, "swapped": true, "error_lsq": 0.053915322620636946, "error_max": 0.3406574528105235, "target": "548.xyz", "model": "21.xyz", "model_rescale": 4.08911054899281, "target_rescale": 3.957063600981508},
{"mapping": [7, 4, 0, 6, 5, 10, 12, 9, 14, 8, 15, 1, 3, 16], "R": [[-0.9929387406724927, 0.08636382528254738, 0.08132617631667105], [-0.01398471470009531, -0.7659927330757811, 0.6426970986630114], [0.11780104000594213, 0.6370215244068769, 0.7617916332015321]], "T": [0.07749196501579833, 0.12005950964771189, 0.04466812839617299], "aligned_model": [[-0.3374323818853532, -0.14147360198947995, 0.1337088231269414, 0.2786894472691718, 0.3009555413046455, -0.18552146031416208, -0.6056572673970964, -0.1207546263557858, -0.29650972097006656, 0.6968820908828096, 0.3427309503524981, 0.7554634277245843, -0.5496490623368305, 0.05564443841661664], [-0.26502968547735256, 0.6307584185225368, 0.20204800939784856, -0.37944757829964454, -0.45252916204829635, -0.6405712413740556, -0.07023562296222183, -0.22270562816922929, 0.3751807276717134, -0.1674485768402087, 0.5875050717339287, 0.4623024511740992, 0.7171877321506115, 0.13181902368363294], [-0.3858435278409337, -0.37667839266206393, -0.7235746385415366, -0.4706728953702494, 0.3909848866764608, 0.10297943014120411, 0.24976419074922157, 0.636916354116943, 0.4994851124026458, -0.07556909646607815, 0.5372632410776046, -0.1860326431541505, 0.11108229101300174, 0.004047322845974817]], "inverted": false, "swapped": false, "error_lsq": 0.048340797225909844, "error_max": 0.2857842678963173, "target": "548.xyz", "model": "22.xyz", "model_rescale": 4.204369325754507, "target_rescale": 3.957063600981508},
{"mapping": [8, 7, 9, 5, 2, 6, 0, 1, 12, 11, 3, 13, 4, 15], "R": [[0.8072168486337288, 0.17305868076431175, 0.5643152065060344], [-0.589714496291692, 0.1955487892536079, 0.7835799154425055], [0.02525415105023615, -0.9653037677506312, 0.25990549017126924]], "T": [0.08244325534679864, 0.18763136710960757, 0.08225535938705522], "aligned_model": [[-0.3910251928567141, -0.20331516541415062, 0.2627525528045481, 0.18850873545258218, 0.3524027529542445, -0.2377297744686817, -0.5778568847952078, -0.16659598461967387, 0.01254654327108104, 0.7233855315979956, 0.34970270080365917, 0.42950969028827435, -0.519709956614779, 0.10450104942531528], [-0.23431853443170883, 0.41011402695059707, 0.12753424281185533, -0.5032462061458916, -0.620467333508159, -0.4864943673471487, 0.026576013559181128, -0.11762906884005622, 0.5816742364147496, 0.11208031102479687, 0.1724895952146466, 0.685676568407735, 0.599200744439951, 0.1556437106128143], [-0.3301256109316393, -0.5214574365479239, -0.6613081818506581, -0.3679678468800027, 0.2537885711113722, 0.11868585093101225, 0.1858852584372095, 0.61170313507431, 0.4563993543945494, -0.23821029920715467, 0.890816866281823, -0.20553920722755123, 0.03041728858627034, 0.09106389281642668]], "inverted": false, "swapped": false, "error_lsq": 0.048646814805534296, "error_max": 0.3424653326986752, "target": "548.xyz", "model": "23.xyz", "model_rescale": 4.410303926677745, "target_rescale": 3.957063600981508},
{"mapping": [5, 4, 0, 12, 13, 6, 15, 14, 9, 7, 11, 1, 8, 16], "R": [[-0.5150308698717712, -0.41243510428366736, 0.7514256369286634], [-0.5072097552024896, 0.8533256858217073, 0.12072091013715759], [-0.6910003381378025, -0.3189554179998099, -0.6486801785333117]], "T": [0.048864095685864084, 0.14367753900150454, 0.02861370573508711], "aligned_model": [[-0.36349239755732726, -0.3553279566318228, 0.387527507840344, 0.1711792628902803, 0.2994202168500675, -0.2197993037019738, -0.5798305845178482, -0.05800049680030922, -0.2633256910480081, 0.691084295094853, 0.370570854889794, 0.736954483825315, -0.5816045049820868, 0.09172091167721533], [-0.12029454465928968, 0.49263009441801825, 0.02038556885703746, -0.4920945282168398, -0.48116545035312924, -0.563514456680444, -0.052717111913014536, -0.1538274289802914, 0.41155521827440106, -0.024312549872408606, 0.350201143049722, 0.6335413031326365, 0.6704728289507764, 0.2179738531561876], [-0.36620637348567514, -0.4058345327268171, -0.635082003496145, -0.44784060812970145, 0.2310476273753377, 0.10343047412661492, 0.3033614646166937, 0.6271291549204446, 0.501053193537293, -0.0069312263018593105, 0.5331672199079669, -0.12271527335258135, 0.05512282328947783, -0.05555030529300592]], "inverted": true, "swapped": false, "error_lsq": 0.04126959989380568, "error_max": 0.2340353222474077, "target": "548.xyz", "model": "24.xyz", "model_rescale": 4.28219845311461, "target_rescale": 3.957063600981508},
{"mapping": [1, 9, 5, 8, 6, 0, 4, 2, 13, 10, 14, 11, 7, 15], "R": [[-0.6108311700550809, 0.35586485468642415, 0.7072803453286053], [0.6256977262660759, -0.33042652711127907, 0.7066262558995683], [0.48516763807430896, 0.8741730465875676, -0.020829008262683524]], "T": [-0.03756861965730364, 0.16740608998995493, 0.01484899973122085], "aligned_model": [[-0.2323562674297328, -0.13999623294568259, 0.2263547096331605, 0.3421805725924704, 0.39248244408315175, -0.28931655406629053, -0.7120368832906144, -0.05417316160713802, -0.1854587499885499, 0.7275259071983349, 0.5549484275791795, 0.41467380164516515, -0.6528983785193502, -0.06485303705561002], [-0.2546397049432952, 0.7095478909997783, 0.11647659925495295, -0.2866550824244352, -0.5796410970990917, -0.5653617584811867, -0.0620530895897195, -0.05573873692580705, 0.5439156633586348, -0.03668473853965698, 0.20204378258584132, 0.43186760212889125, 0.6421233933195788, 0.10363321551887661], [-0.4253924318732072, -0.375618073800903, -0.7932545481782362, -0.3478699818786993, 0.27785796877803376, 0.2702475702119281, 0.17943824386279023, 0.6619275883085978, 0.4499185429646517, -0.036940164323833055, 0.4922046364219603, -0.13352206287959295, 0.05433033112278482, 0.04082401625176825]], "inverted": false, "swapped": false, "error_lsq": 0.0441840611817635, "error_max": 0.26596682530194266, "target": "548.xyz", "model": "25.xyz", "model_rescale": 4.100010024507729, "target_rescale": 3.957063600981508},
{"mapping": [4, 9, 11, 2, 7, 8, 10, 1, 3, 6, 5, 13], "R": [[-0.10210159518658178, 0.6778775318016884, -0.7280503527495926], [-0.7778886424525252, 0.40177800900855687, 0.4831808061383309], [0.6200520334647107, 0.615675631607725, 0.48629105733162137]], "T": [0.030131024020613822, 0.11008545504603671, -0.1582905499712646], "aligned_model": [[-0.6998266755161199, -0.06552819739508849, 0.4095371188781758, 0.6030964565415462, -0.5319970956150779, 0.1394308216190637, -0.2360071106315821, 0.7092867093429762, 0.026663945631078684, -0.1115627404204691, -0.4108730960716892, 0.04454546600019301], [-0.3172960121319503, -0.5210470438154265, -0.1426239200522087, -0.3402492736334911, 0.4771251939239586, 0.6031174454221399, 0.18354723708494475, 0.28332638538034405, -0.4634732484232885, 0.6407445733596608, 0.07241913143481074, 0.19054092150114613], [-0.15128472783458818, 0.20097265094908703, 0.5209868099879866, -0.2696515195496222, 0.05205774224616597, 0.2592794112008552, 0.6505895680993028, -0.16693013584839111, -0.531184783785843, -0.4532676109716923, -0.48744678722414836, -0.05892832741475568]], "inverted": false, "swapped": true, "error_lsq": 0.04145209340780972, "error_max": 0.21474959142863567, "target": "548.xyz", "model": "26.xyz", "model_rescale": 3.6694154284099745, "target_rescale": 3.957063600981508},
{"mapping": [2, 10, 4, 0, 1, 6, 12, 3, 9, 5, 7, 8, 11, 13], "R": [[-0.26544985054304143, 0.641138955174741, -0.720053620922858], [0.10057574548914949, 0.7611867545463797, 0.6406865412371727], [0.9588643784529588, 0.09765021689986769, -0.2665399386085132]], "T": [0.07121390124675168, 0.11739579646254411, 0.013940533510069946], "aligned_model": [[-0.38633747067084473, -0.10445450460202728, 0.2725698104683107, 0.25857381885860203, 0.36211524001137924, -0.2413116756111155, -0.6455053252132996, -0.05915588385408889, -0.13699844154849639, 0.7934418190009283, 0.4480567679599991, 0.4684824394544158, -0.7366964557595627, 0.03429645933429329], [-0.16545950307763102, 0.580755229660084, 0.28031817296989525, -0.34305092749642613, -0.6920553398359495, -0.4552719204488919, 0.020861820161331007, 0.026177493241671138, 0.6436993909920832, -0.20311551472260025, 0.14545476365314358, 0.6055136760265194, 0.3720544614763111, 0.09295213656382194], [-0.40171469354914313, -0.32713037809929024, -0.7660868167435494, -0.42174102313546225, 0.21346978636732433, 0.22741156578726743, 0.3406323687301014, 0.8060984474538796, 0.3940927164096994, -0.026529627596555045, 0.5172601863013973, -0.096855841116375, -0.12246067110531363, -0.022294384715937015]], "inverted": false, "swapped": false, "error_lsq": 0.04457085354216663, "error_max": 0.31762209381300016, "target": "548.xyz", "model": "27.xyz", "model_rescale": 4.103607728864725, "target_rescale": 3.957063600981508},
