[{"mapping": [9, 7, 5, 6, 11, 10, 3, 12, 0, 2, 8, 14], "R": [[0.23244415712683542, 0.2687870673922353, 0.9347316332618026], [0.15318133485992022, -0.9591780696124986, 0.23772444010865554], [0.9604713387020604, 0.08792578220933103, -0.26412849970184826]], "T": [-0.007342872261507563, -0.088833168544936, 0.04463361190874994], "aligned_model": [[-0.30120936878615057, 0.21327017360487657, 0.38426036375282613, -0.1523310828937191, -0.05096327662896577, -0.7049172840711481, 0.37800417112816076, -0.19215813859747452, 0.5646228621687658, 0.1411237230728038, -0.39934452911313173, -0.04271515117629424], [-0.46403204960883593, -0.6062801873568828, -0.23401740653295938, 0.6092366123742106, 0.3011465445768014, -0.3719869801176299, -0.08601656023773557, -0.5622344055136321, 0.06912916065890262, 0.4147364212442099, 0.07592063453384074, -0.09204674804323229], [-0.5872022265711786, -0.09429923635496211, -0.6366349346741317, -0.025165377384648482, -0.5896335015504975, -0.01843074342781907, 0.7137198019273804, 0.5940877104399347, 0.0863542210729087, 0.4376761707468454, 0.38534213855344907, -0.08386227742371806]], "inverted": true, "swapped": true, "error_lsq": 0.04332003478050402, "error_max": 0.2296083609692011, "target": "549.xyz", "model": "0.xyz", "model_rescale": 3.751011558992144, "target_rescale": 4.014584127876702},
{"mapping": [10, 0, 11, 6, 4, 8, 9, 1, 12, 2, 3, 5, 7, 13, 14], "R": [[-0.885692544058877, 0.3202611863582671, -0.33612719305481586], [-0.04199090132131375, 0.665761757224757, 0.7449819103999958], [0.4623694211393503, 0.6739392072949896, -0.5762121686200865]], "T": [0.08842045948402702, -0.05640825324402191, -0.03225868621470318], "aligned_model": [[-0.15051240048557782, 0.26682103774241284, -0.6127935366757786, -0.607599470595814, 0.06518414795731635, 0.5927777579292901, 0.0661714549661774, -0.0749716049454277, -0.27203148915476916, 0.8499001355653679, 0.2524425412541739, 0.5589975437638324, -0.3542773001457564, 0.43294857303884104, 0.06206175351700115], [0.3122351592042677, -0.6225732944591476, 0.3240927660694031, -0.3071062472247896, -0.3841594736851132, -0.3089151441833344, 0.5971512203809252, -0.7321568447269006, 0.26951808488954687, -0.09917004754886313, -0.06527752061138062, 0.3197000706599408, -0.35492642273502667, 0.45013157235907814, -0.013958544342235472], [-0.7246941496436685, 0.4401128818145693, -0.04803508687253116, -0.16044806961213154, -0.75171207680774, -0.3819474588011713, -0.11321927889620867, -0.08076047820451063, 0.5297213124601146, 0.28720685786007605, 0.7136796371746561, -0.19713980531719158, 0.3609112769052617, 0.35789510698603033, -0.009740842684183716]], "inverted": false, "swapped": false, "error_lsq": 0.046770072733069774, "error_max": 0.360731529385908, "target": "549.xyz", "model": "1.xyz", "model_rescale": 3.9405287249114394, "target_rescale": 4.014584127876702},
{"mapping": [8, 10, 6, 7, 9, 2, 12, 1, 5, 0, 4, 3, 14], "R": [[0.6109891099649727, -0.6874692320166618, 0.3925281678231919], [-0.3334666786238891, 0.22620107393433586, 0.9152229501047846], [-0.7179779117436431, -0.6900863200943592, -0.09104168862045123]], "T": [-0.11987456262184146, -0.013247865681174656, -0.0684207605648207], "aligned_model": [[-0.27626361774388786, 0.37253609940009946, -0.6341563622768954, 0.3052644076612363, 0.5600016688434049, -0.7603203621150059, 0.10841577048143178, 0.6912689167774125, 0.16404097743103, -0.456596385393225, 0.003163181661343911, -0.5299988733408758, -0.05137214210213807], [0.5085790210344227, 0.5233783401115838, 0.10576090885545271, -0.2997319384075101, -0.12823773754740952, 0.10072199128494742, 0.41575175990157615, 0.238521001281771, -0.718381490219624, -0.4624070535372616, -0.7981279259162608, 0.026408227045855784, -0.053402510315526334], [-0.07984785426712493, -0.2692373662459984, -0.5527202973063554, 0.20159331616314963, -0.4568713805613739, 0.014928890683710672, 0.5007963028551888, 0.24167887278717792, -0.3148693914029087, 0.1283327554720467, 0.29027088562647807, 0.5845739184885573, -0.1755083027039036]], "inverted": false, "swapped": true, "error_lsq": 0.048735900502224955, "error_max": 0.31623729234123815, "target": "549.xyz", "model": "2.xyz", "model_rescale": 3.932901565614263, "target_rescale": 4.014584127876702},
{"mapping": [10, 9, 1, 13, 12, 3, 7, 8, 6, 2, 5, 11, 0, 14], "R": [[-0.6640184297171186, 0.3831650650889227, 0.6420779219778654], [-0.6269970116716151, -0.753188757539949, -0.19895085541482954], [0.40737485483382074, -0.5346879729438747, 0.7403745668499789]], "T": [0.022265203097818362, -0.14750792710644633, 0.09718471163577921], "aligned_model": [[-0.2221348857350237, 0.46860928064372565, 0.08734577418458277, -0.1297323093598135, -0.35438153846371434, -0.284796035289417, 0.41465326942835645, -0.5086282365761419, -0.22431442435003207, -0.3597709728171244, 0.8102258735595566, 0.36557221940869405, 0.25387841532112826, 0.10328348209792705], [0.0999703979618283, 0.181324309982689, -0.46372459835594404, 0.570615550156846, -0.6613383718294054, -0.7637944900504277, -0.4794370927515157, -0.052547574556597296, 0.377180541159041, -0.177264212885151, -0.02117558394979338, 0.4922683163810311, -0.38724508475670394, -0.051335468155407904], [-0.5734764018437694, -0.46761133049762016, -0.7473711629158605, -0.1944354420399417, -0.2956011414367685, 0.4465854486412316, -0.1703568814035679, 0.01955674060406898, 0.5180117518293865, 0.6294159005917738, 0.13861550764853411, 0.2677963711447217, 0.5898498344162212, 0.05291716831868777]], "inverted": true, "swapped": true, "error_lsq": 0.042374367969735885, "error_max": 0.24526970568408754, "target": "549.xyz", "model": "3.xyz", "model_rescale": 3.9243930471874484, "target_rescale": 4.014584127876702},
{"mapping": [2, 0, 6, 8, 13, 3, 12, 11, 9, 7, 10, 1, 14], "R": [[-0.4010757105578867, -0.8128871260810209, -0.4223183569917667], [-0.9099033778915391, 0.3002282455858102, 0.2862496173867029], [-0.10589672942094872, 0.49907666826270836, -0.8600629987935425]], "T": [-0.04291244261652026, -0.062359802323722624, -0.18862052161589923], "aligned_model": [[0.02768217308361358, -0.3637917889500382, 0.5149261808764037, 0.21822846141220348, 0.6978474830524241, -0.5443449462732766, -0.3944893830628291, 0.44777813709545433, 0.1509502300396221, -0.470533019811862, 0.29672098172977845, -0.3282105011929914, 0.024441878312849913], [-0.585825021738994, -0.07940711593582464, -0.2685734262059011, -0.4896909344231883, 0.09989702256470967, -0.6283344329732365, -0.42476639346657447, 0.3770737970327239, 0.6155368968782917, 0.28198771341384504, 0.0021941543205928338, 0.17515970233366396, 0.0525775918814789], [-0.5773462334555471, -0.6892035239582454, -0.5879786448913817, 0.026053525519264514, 0.032273891441439606, -0.3448727809366068, 0.363846977762728, -0.5384812857466942, 0.17085350287062215, -0.0034468194469067515, 0.4831273311399531, 0.6358141888546048, -0.18356981378226672]], "inverted": true, "swapped": true, "error_lsq": 0.05197710679088309, "error_max": 0.29686930768750286, "target": "549.xyz", "model": "4.xyz", "model_rescale": 3.8936222436046832, "target_rescale": 4.014584127876702},
{"mapping": [3, 0, 8, 12, 13, 11, 5, 9, 1, 7, 10, 14], "R": [[0.1485568012104428, 0.9136009461385305, -0.37850256013520356], [-0.45060848600879183, -0.27816767842423507, -0.8482775106160345], [-0.8802743147172852, 0.29657385908885114, 0.3703526386488435]], "T": [-0.19172686206576273, -0.13483493911521535, -0.13666569470194417], "aligned_model": [[-0.006679559747527042, -0.36944932733868063, -0.20824076420654486, 0.4460289598728401, -0.49343736596606574, -0.7613291362992566, -0.30364448967496593, -0.020131643919393538, 0.6301740187407104, 0.2353661480748228, 0.10648140858296262, -0.22759020590380447], [-0.6655965499376123, -0.7013668163380361, 0.166264954508246, -0.08141811645391137, 0.5865233599698934, 0.053985049137541485, -0.35620438390972176, 0.29972293097131897, 0.19313240845567184, -0.3149626234305192, 0.5593031613085321, -0.07046046917159533], [-0.666029667018837, -0.10069535321627102, -0.590491167574243, -0.5247112781934089, -0.025041940074420094, 0.30625862023671446, 0.6229581619020417, 0.5021322260633476, 0.04885910203864882, 0.21099714145219867, -0.13938208762934923, -0.025569038710903824]], "inverted": true, "swapped": true, "error_lsq": 0.043930702637757994, "error_max": 0.2563187076761923, "target": "549.xyz", "model": "5.xyz", "model_rescale": 3.6523030999806103, "target_rescale": 4.014584127876702},
{"mapping": [2, 6, 13, 8, 10, 0, 11, 12, 5, 7, 9, 1, 14], "R": [[-0.3521481549746326, -0.09427880908370512, 0.9311837536736347], [0.8962098579820854, 0.25284726732143215, 0.3645218098602804], [-0.26981394960915617, 0.9629017424253852, -0.00454610057799254]], "T": [0.03557233887320375, -0.1866111394628655, 0.060734653125071196], "aligned_model": [[0.02528004368478621, -0.07512406778424921, 0.25390460157706757, 0.4941297220797371, 0.6036172101349396, -0.41697113830180643, -0.4074776154031301, 0.6242282685897413, -0.6294985981044374, -0.08169039131471462, -0.017743110233834895, 0.5211604395588463, -0.012732459818650448], [-0.578077070222976, -0.029263367327359152, 0.5113516126515001, -0.20972688838997908, 0.2881517745229027, -0.5694072158378125, 0.3465519376695491, -0.5136521184750861, 0.10504469618063356, -0.22304633069221272, 0.484821213124141, -0.008167772762919023, -0.06375356627719862], [0.586810321125829, 0.7507947108869566, 0.35910674656450936, 0.3541323408972411, -0.08989221589472757, 0.11082530312274164, 0.3359174264559114, -0.2659052321971749, -0.2726958678279266, -0.5055212947990445, -0.3548183563753986, -0.6807943419264212, 0.04215019944929328]], "inverted": false, "swapped": true, "error_lsq": 0.05543255406526055, "error_max": 0.3081032307197158, "target": "549.xyz", "model": "6.xyz", "model_rescale": 4.08911054899281, "target_rescale": 4.014584127876702},
{"mapping": [5, 0, 12, 13, 7, 4, 10, 6, 11, 3, 9, 4, 1, 8, 14], "R": [[0.7625869884234051, 0.09903172481493283, 0.6392603558547184], [0.607861975044086, -0.4477394796137677, -0.6557691496942318], [0.22128014909346186, 0.8886630834435355, -0.40163792119495306]], "T": [-0.012326093283290901, -0.05687529081123567, 0.005170759411597477], "aligned_model": [[0.10976564754695904, 0.36368634800402155, -0.5332917535318171, -0.7256693737753532, -0.1955626302407308, 0.6043417750057577, -0.02834142574580198, 0.23806218853171648, -0.36210189125731207, 0.7006739801870691, 0.18301234126813065, 0.6043417750057577, -0.3167554249619936, 0.4518752656327337, -0.018917677937847634], [0.24108247430351976, -0.8203531961746653, 0.3291795640978244, -0.20284405754766716, -0.4387725844060927, 0.10535855178318436, 0.6603269970449427, -0.4652628673151827, 0.2943960832417928, -0.3196767813726908, -0.0008111137694887388, 0.10535855178318436, -0.4372004996072706, 0.3711510318250022, -0.03734681984002154], [-0.6853478910332602, 0.4056358828904271, -0.29073183918151907, -0.07051943589725163, -0.6428013026452625, -0.29524630108787614, -0.06294154433715424, -0.1350728220473653, 0.3194896673374345, 0.22657019043099333, 0.7623081392492477, -0.29524630108787614, 0.5534604423560299, 0.26296823572973216, 0.16930470568507186]], "inverted": true, "swapped": false, "error_lsq": 0.05932125214759414, "error_max": 0.41310569919604784, "target": "549.xyz", "model": "7.xyz", "model_rescale": 3.964800864290218, "target_rescale": 4.014584127876702},
{"mapping": [9, 1, 10, 5, 13, 4, 11, 12, 3, 2, 0, 6, 8, 14], "R": [[-0.563814197723277, -0.06446067739145178, 0.8233822754443362], [0.3059048002731679, 0.9097442902019385, 0.28069125318542554], [-0.7671608720571527, 0.4101343042409481, -0.49320791647063295]], "T": [0.035023278392210005, -0.03564045942176718, 0.12970310135942614], "aligned_model": [[-0.2013229568545911, 0.40317603048326467, 0.46865102703106687, -0.7043566087320201, 0.11828568457182118, -0.5554669698737668, -0.4896497222942844, 0.6510418103137765, 0.30677310519754064, 0.1571244061976891, -0.31545685929001, -0.04778544249682409, 0.5108830043318416, -0.040708619124631695], [0.03877050525546764, -0.48187725047468016, 0.17153906136346214, -0.1680348439276384, 0.6388589391200926, -0.6722560315413064, 0.47564214854115505, -0.45278951051702687, -0.45673602031256055, 0.14298416517546908, -0.2588445966150424, 0.5989290161191707, 0.2138915688746637, 0.020871315119976336], [-0.621929595068405, -0.5651633365891617, -0.4532264618909951, -0.14296427741494266, -0.27274542889473213, 0.20636190749445504, -0.010261267981066746, 0.04801431555277205, 0.7170762085362044, 0.7488086439163437, 0.5553568271377285, 0.4516645829339106, 0.22016139459265283, 0.03566152640025749]], "inverted": false, "swapped": true, "error_lsq": 0.04742942546890067, "error_max": 0.24994163455008253, "target": "549.xyz", "model": "8.xyz", "model_rescale": 4.121658175737393, "target_rescale": 4.014584127876702},
{"mapping": [0, 2, 6, 11, 3, 7, 8, 10, 13, 12, 5, 9, 14], "R": [[-0.4806635341622577, -0.5770859523895017, -0.6602532623784223], [-0.8152511728022057, 0.01674580446473778, 0.5788653585052891], [-0.3229985946893208, 0.8165117155237459, -0.4785190970496301]], "T": [-0.11762607806399347, -0.04794537501506519, -0.04120043721637046], "aligned_model": [[-0.586333499224894, -0.21910056580624931, 0.25957194965168573, 0.26126513917846617, -0.6835229221491516, -0.4327919685213174, 0.16694551534865046, 0.42890441998500184, 0.6644722450942976, -0.2928524769237367, -0.2804120786840818, 0.2345532823203558, -0.04396154383382944], [0.1162105008117863, -0.3640349098145858, -0.036676593324942844, 0.5279117957814853, -0.5359648167859687, 0.16216166403458582, -0.5064545422983977, -0.23646666298843308, 0.062098245837647885, -0.6256135505054108, 0.7285922685670546, 0.43908151677492896, 0.059542523321959785], [-0.36862021337399636, -0.6067952118353002, -0.6501253600170701, -0.32600151143895634, -0.2355567932051463, 0.3972620620290185, -0.11656466262521048, 0.44514038218593616, -0.033486758295467135, 0.40124776132821, 0.05392262035779501, 0.4737002810891615, -0.01304716223988564]], "inverted": true, "swapped": true, "error_lsq": 0.048683311649520125, "error_max": 0.324891910840348, "target": "549.xyz", "model": "9.xyz", "model_rescale": 3.833441315466971, "target_rescale": 4.014584127876702},
{"mapping": [7, 13, 11, 8, 3, 4, 12, 2, 10, 5, 0, 6, 8, 1, 14], "R": [[-0.6421988323029718, -0.4966159040938585, -0.5839120683713765], [0.7061566952598552, -0.08694826920011489, -0.7026967484077213], [0.2982002373043647, -0.8636044478140117, 0.4065267225994825]], "T": [0.09707704595838657, 0.027568889878833873, -0.011976399668094473], "aligned_model": [[-0.2620017103020463, 0.2250534902673048, -0.48681307749109864, -0.6093367121490556, 0.19794990191975764, 0.7252396714534906, 0.08162530302296014, 0.13703983633408667, -0.4694394055103664, 0.6346699328300127, 0.27850102989753983, 0.5318428536686446, -0.6093367121490556, 0.6292970903796025, 0.07082765155951296], [0.06242336322292107, -0.5384671786148614, 0.3514420755526099, -0.28149874232380434, -0.4683974208878832, -0.0728883516768069, 0.6210837984008712, -0.6897404890389769, 0.15214078328622693, -0.33526766949399645, 0.058025007328471635, 0.45667789283160864, -0.28149874232380434, 0.39112311401394156, -0.0405721062301465], [-0.5721206572233988, 0.5347518146037701, -0.15167451842148066, 0.10211200227493902, -0.7177836929587496, -0.4928429493888753, 0.09059725344569411, -0.03479054505132446, 0.5705140269553987, 0.17980139006400214, 0.6437527552924015, -0.3087485750414572, 0.10211200227493902, 0.3488269863243654, -0.07267746678885295]], "inverted": false, "swapped": false, "error_lsq": 0.0527272516541244, "error_max": 0.4194498237452401, "target": "549.xyz", "model": "10.xyz", "model_rescale": 4.2482417240324, "target_rescale": 4.014584127876702},
{"mapping": [5, 9, 1, 10, 0, 3, 7, 8, 13, 6, 11, 14], "R": [[-0.392419648663746, -0.021681064452618415, 0.9195307231337208], [-0.8880755842539441, 0.2691734920597304, -0.3726491484283656], [-0.23943386559682392, -0.9628476320875341, -0.12488339116467953]], "T": [0.0019445320204147798, 0.21744182558122427, 0.0034291027382479175], "aligned_model": [[-0.6941498611658853, -0.09953025773153104, 0.4219706815396479, 0.545382250134389, -0.43654507148790445, 0.12358668152264535, -0.15987183202592728, 0.4831120657941942, 0.22828142385330832, -0.056048999649757854, -0.42902807745024896, -0.05039340096992276], [-0.16166657954002467, -0.5672644110108656, -0.3367736612371972, -0.3018729364899786, 0.6001190775291793, 0.8937143241497906, -0.027504651422690235, 0.3568990592429237, -0.24906415490949374, 0.43351928028083875, -0.07888584748210292, 0.10491189094025974], [0.10485790989495544, 0.020377088376143715, 0.5812926826941439, -0.0724054432136734, 0.12640266288664181, 0.35561556180427617, 0.502969448797177, -0.21086251901403968, -0.5923818303451422, -0.6771164012628971, -0.528298466231558, -0.04525840453167072]], "inverted": false, "swapped": true, "error_lsq": 0.04620267503324917, "error_max": 0.2203249566590646, "target": "549.xyz", "model": "11.xyz", "model_rescale": 3.6694154284099745, "target_rescale": 4.014584127876702},
{"mapping": [12, 3, 0, 2, 8, 1, 10, 9, 6, 11, 5, 13, 7, 14], "R": [[0.31138363520671986, -0.8588039573816788, -0.40681198914365335], [0.1967766507323565, -0.3605449271368141, 0.9117490363265901], [-0.9296876795203884, -0.36395483002905316, 0.05672477630205708]], "T": [0.04450299029030241, 0.12914270939118688, -0.08540721942355903], "aligned_model": [[-0.04081714315984136, 0.0605698050734106, -0.1274351055725563, 0.4847574522765529, 0.49610065678743437, -0.4163372502893424, 0.18005319829923155, -0.2970130110158492, 0.6403250299904777, 0.160181181081621, -0.5044491834317524, 0.4650122204155144, -0.5212179085855966, 0.01853490838650571], [-0.3453904087025388, 0.3836190165041934, 0.6774695056160457, 0.513720210827079, -0.11568286700324815, -0.6403693329805201, -0.5922256024141611, -0.27587875939568274, 0.4325826353324069, 0.37832136592339854, 0.4136924587409171, -0.21928037963844138, 0.010774953713590357, 0.10963449161321498], [-0.6578615974200408, -0.8142146517306219, -0.23907089037973833, -0.38270045654659235, -0.26709761402167287, -0.19933956099607658, 0.09352615858503377, 0.5025321274418199, 0.17172155670530112, 0.6079975980125968, 0.4207956461264588, 0.4852242070072278, -0.12630720232545956, 0.04389013919417964]], "inverted": true, "swapped": true, "error_lsq": 0.04465924966850491, "error_max": 0.2721575884788383, "target": "549.xyz", "model": "12.xyz", "model_rescale": 3.9764082729961374, "target_rescale": 4.014584127876702},
{"mapping": [13, 3, 12, 10, 14, 6, 9, 14, 1, 4, 7, 5, 8, 0, 15], "R": [[0.4053210385028819, 0.7645298003167198, -0.5012075819205274], [0.4268977093765203, -0.6431041542507308, -0.6357479001259325], [-0.8083768932101075, 0.04371763046105165, -0.5870396641717198]], "T": [0.03571072668734924, 0.021516545483210338, 0.029098265678391765], "aligned_model": [[-0.1287234888272201, 0.09886212805199987, -0.35886491900415773, -0.7635855101361941, 0.13006158767949386, 0.5133176004315778, 0.07436536065745308, 0.13006158767949386, -0.4628308932569266, 0.7424585898994217, 0.4062909328855547, 0.5841499727156894, -0.38821589517063465, 0.38602791755805493, 0.11174417256768365], [-0.10455578624977976, -0.7614625499062309, 0.39417397981633884, -0.06278454558049296, -0.6588757408608689, -0.16221691288541545, 0.6150965613390666, -0.6588757408608689, 0.3245093617894665, 0.011907698151923198, -0.15941129533841855, 0.6044896681167515, -0.3584676847342214, 0.4126511490722812, -0.05159282782316036], [-0.5467035249808715, 0.3314210799058739, -0.3065355100529081, 0.016223841285171535, -0.3795241655323617, -0.5381693044570783, 0.11666373014253359, -0.3795241655323617, 0.280044843083098, 0.15668686108316074, 0.6623194956704926, -0.22026219136618932, 0.4480863809211664, 0.5304958336401234, 0.0506066225515213]], "inverted": false, "swapped": false, "error_lsq": 0.05266818935795234, "error_max": 0.35955444536249065, "target": "549.xyz", "model": "13.xyz", "model_rescale": 4.170626492500431, "target_rescale": 4.014584127876702},
{"mapping": [7, 1, 5, 9, 0, 6, 11, 12, 3, 10, 8, 13, 2, 14], "R": [[0.9174367263904861, 0.3870717209787094, 0.092115882932796], [0.26257962456204237, -0.7629484726276712, 0.5907296918895822], [0.2989344306612494, -0.5177693607521442, -0.8015940963053252]], "T": [0.05721025239046354, 0.08888390771057267, 0.04394269337040767], "aligned_model": [[0.13049573233293488, 0.11249436031844798, -0.3614234180103507, -0.5458651491627129, 0.2921183707810556, -0.20924334488021487, -0.6068813784243523, 0.5710156076195275, 0.8081416605261561, -0.22123776944320758, 0.16819997461047287, -0.5858584171153789, 0.362088222901495, -0.07086142996222941], [-0.29726484537633135, -0.8135358588912166, 0.09642051204041266, -0.3917862804289063, 0.46767231953430843, 0.6646367151441014, 0.40847025115459534, -0.40252137928958076, 0.26819169316755276, -0.4560228587792925, 0.08913458454410494, 0.034505188971475725, 0.6203973398473748, 0.06777708628706704], [-0.38178286204001544, 0.034705734684961506, -0.6366801387342249, -0.13383378199778595, -0.34997991707628395, 0.37666793196096177, -0.070637245996904, 0.2778018840670215, 0.032657962313728764, 0.4870076647958213, 0.5773961903637173, 0.49930247164266706, 0.27771610782081146, 0.013531099316390106]], "inverted": true, "swapped": true, "error_lsq": 0.03875759321982831, "error_max": 0.19964978612781034, "target": "549.xyz", "model": "14.xyz", "model_rescale": 3.9786697098870705, "target_rescale": 4.014584127876702},
{"mapping": [8, 13, 12, 3, 10, 1, 11, 5, 7, 0, 9, 14], "R": [[0.6403451519758305, 0.7552107571895305, 0.14005284204994406], [-0.6227731946565428, 0.617219539648546, -0.480825943448688], [-0.44956827552479095, 0.22067340596740043, 0.8655585558126109]], "T": [0.05566730217117268, -0.1845745734184116, -0.025431761136016872], "aligned_model": [[-0.011701718756121311, -0.6427214925563849, 0.6012668032845553, 0.6712106515275049, -0.15381637762473935, 0.40146795513433975, -0.6053972385978559, -0.10823250424083056, 0.37947863359315565, 0.2649972868924194, -0.27088611577128097, -0.042311286117425774], [-0.29080322569050954, 0.05285129556314552, 0.045059799173765874, -0.6308108227235087, 0.367500442392057, 0.6245568179193839, -0.21413086086014102, 0.048110179249721885, 0.19370559682086103, -0.5735840395145869, 0.505499240584788, -0.11327993269053775], [-0.555590513952088, -0.3077948864856686, -0.483421345663949, -0.16017671159602195, -0.4966992210255813, -0.2333533547976369, 0.31866384527318237, 0.7212629886205957, 0.27083535492135447, 0.3729274998622228, 0.183156928337031, 0.03015591038038957]], "inverted": true, "swapped": true, "error_lsq": 0.061640364300378316, "error_max": 0.3467001385546874, "target": "549.xyz", "model": "15.xyz", "model_rescale": 3.769337070930944, "target_rescale": 4.014584127876702},
{"mapping": [9, 5, 10, 13, 1, 7, 12, 0, 8, 6, 14], "R": [[-0.7371292523654491, -0.675750885610807, -0.0010981363139436762], [-0.18749618945729968, 0.20296465143413206, 0.9610673905648934], [-0.6492192574517073, 0.7086367834542822, -0.2763118978426777]], "T": [0.055306254327718005, -0.03241480516621719, 0.16313550649778957], "aligned_model": [[-0.3326874031208475, -0.2510066759316438, -0.08852907495791916, -0.5897585265839456, 0.39836469591837664, 0.30365462332365334, 0.6646421680301512, 0.20527901639713475, 0.08975910726182432, -0.423024034328168, -0.05406776531744527], [-0.026193476378383894, -0.671233433235864, 0.5770931982611675, 0.40837159953605884, 0.28741504519655264, -0.28820568495679044, 0.3666587798065848, -0.5359515279759299, 0.46496527660275466, 0.06684390600611412, -0.053699185236922214], [-0.526625656345338, -0.2065150570989, -0.2594454274556757, 0.047180082834598625, -0.609860522999836, -0.2936116697863177, -0.008955278486240559, 0.44205565180503864, 0.38294785809781257, 0.6871037711589238, 0.08994385549971189]], "inverted": false, "swapped": true, "error_lsq": 0.03940379647039511, "error_max": 0.1825659172517292, "target": "549.xyz", "model": "16.xyz", "model_rescale": 3.7852294659196426, "target_rescale": 4.014584127876702},
{"mapping": [10, 11, 6, 13, 9, 5, 4, 0, 8, 12, 7, 2, 14], "R": [[0.8640973929941056, -0.295166590369911, -0.40769152474658027], [0.44050094405883056, 0.8353572580712405, 0.32884216528751], [0.2435048535534135, -0.46374015926712686, 0.851851190630635]], "T": [0.094063309531551, 0.13590490730354593, 0.020938285219330628], "aligned_model": [[0.12743285059755194, -0.34862431101992386, 0.29044239884722106, 0.00642925835390136, -0.5252100654303108, -0.674926121928967, -0.4114407172686961, 0.03395754455858928, 0.5589116037675332, 0.49214822700298805, -0.254700408663409, 0.574270585076259, -0.014924993676454529], [-0.1467684714362016, -0.4072841780345913, -0.4423158314455505, -0.5906098056218692, -0.06336460265884353, 0.20038113241720065, 0.7577611735863765, 0.41223631933590493, -0.08117506284295384, 0.5541416106098718, 0.5581638838657758, 0.06095686798698127, 0.06293258794077351], [-0.6788798973214113, 0.27638881999976617, 0.39549259332592973, -0.276288112324656, -0.4297727024230826, 0.22843879287494026, 0.3638597857028423, 0.5442601324415827, -0.1625930871365501, -0.45526721529096215, -0.16823120279056766, 0.4612687050918396, -0.002921915006497248]], "inverted": true, "swapped": true, "error_lsq": 0.04829515575073003, "error_max": 0.3153863683307334, "target": "549.xyz", "model": "17.xyz", "model_rescale": 3.901054581598922, "target_rescale": 4.014584127876702},
{"mapping": [10, 0, 11, 6, 4, 8, 9, 1, 12, 2, 3, 5, 7, 13, 14], "R": [[-0.885692544058877, 0.3202611863582671, -0.33612719305481586], [-0.04199090132131375, 0.665761757224757, 0.7449819103999958], [0.4623694211393503, 0.6739392072949896, -0.5762121686200865]], "T": [0.08842045948402702, -0.05640825324402191, -0.03225868621470318], "aligned_model": [[-0.15051240048557782, 0.26682103774241284, -0.6127935366757786, -0.607599470595814, 0.06518414795731635, 0.5927777579292901, 0.0661714549661774, -0.0749716049454277, -0.27203148915476916, 0.8499001355653679, 0.2524425412541739, 0.5589975437638324, -0.3542773001457564, 0.43294857303884104, 0.06206175351700115], [0.3122351592042677, -0.6225732944591476, 0.3240927660694031, -0.3071062472247896, -0.3841594736851132, -0.3089151441833344, 0.5971512203809252, -0.7321568447269006, 0.26951808488954687, -0.09917004754886313, -0.06527752061138062, 0.3197000706599408, -0.35492642273502667, 0.45013157235907814, -0.013958544342235472], [-0.7246941496436685, 0.4401128818145693, -0.04803508687253116, -0.16044806961213154, -0.75171207680774, -0.3819474588011713, -0.11321927889620867, -0.08076047820451063, 0.5297213124601146, 0.28720685786007605, 0.7136796371746561, -0.19713980531719158, 0.3609112769052617, 0.35789510698603033, -0.009740842684183716]], "inverted": false, "swapped": false, "error_lsq": 0.046770072733069774, "error_max": 0.360731529385908, "target": "549.xyz", "model": "18.xyz", "model_rescale": 3.9405287249114394, "target_rescale": 4.014584127876702},
{"mapping": [7, 3, 9, 13, 4, 0, 5, 12, 11, 1, 10, 6, 14, 2, 15], "R": [[-0.06162960831237717, -0.7844508244595549, -0.6171212971401875], [0.5058560507196201, 0.5084549216477458, -0.696838036133601], [0.8604135327443497, -0.35512039741038437, 0.36548331837920944]], "T": [0.05130593880010865, -0.10514284511240526, -0.06604650066305215], "aligned_model": [[-0.28917653233629376, 0.3990726906712507, -0.45147095787174246, -0.6043971770845438, 0.09465398035592665, 0.5621667131242254, 0.14163614475004516, 0.07466612296626246, -0.43619110770432135, 0.6827486544671725, 0.04211695852068794, 0.6487788186556778, -0.34815705122483526, 0.49468346340909747, 0.06398842303268054], [0.09760559386352471, -0.5992750578434045, 0.4483328722795652, -0.2506626604064226, -0.4396334263728324, -0.12155011822782211, 0.7171989280790712, -0.6524927717511447, 0.22844695730051065, -0.25241060039590185, 0.01605725538308314, 0.34000057873886047, -0.47376847866998173, 0.4115833163265802, -0.08484705425731423], [-0.647931632182165, 0.5342203046065106, -0.23893336941542856, -0.05165023212151218, -0.7148161261522662, -0.5258576886542006, 0.016761136159935935, -0.06723889895331683, 0.34660065524061523, 0.05688327223270488, 0.7105680338570237, -0.1222332039947571, 0.4855724112324633, 0.47407915857670613, -0.03419399407094219]], "inverted": false, "swapped": false, "error_lsq": 0.04035160069044617, "error_max": 0.24326456778925207, "target": "549.xyz", "model": "19.xyz", "model_rescale": 4.410303926677745, "target_rescale": 4.014584127876702},
{"mapping": [9, 1, 10, 5, 13, 4, 11, 12, 3, 2, 0, 6, 8, 14], "R": [[-0.563814197723277, -0.06446067739145178, 0.8233822754443362], [0.3059048002731679, 0.9097442902019385, 0.28069125318542554], [-0.7671608720571527, 0.4101343042409481, -0.49320791647063295]], "T": [0.035023278392210005, -0.03564045942176718, 0.12970310135942614], "aligned_model": [[-0.2013229568545911, 0.40317603048326467, 0.46865102703106687, -0.7043566087320201, 0.11828568457182118, -0.5554669698737668, -0.4896497222942844, 0.6510418103137765, 0.30677310519754064, 0.1571244061976891, -0.31545685929001, -0.04778544249682409, 0.5108830043318416, -0.040708619124631695], [0.03877050525546764, -0.48187725047468016, 0.17153906136346214, -0.1680348439276384, 0.6388589391200926, -0.6722560315413064, 0.47564214854115505, -0.45278951051702687, -0.45673602031256055, 0.14298416517546908, -0.2588445966150424, 0.5989290161191707, 0.2138915688746637, 0.020871315119976336], [-0.621929595068405, -0.5651633365891617, -0.4532264618909951, -0.14296427741494266, -0.27274542889473213, 0.20636190749445504, -0.010261267981066746, 0.04801431555277205, 0.7170762085362044, 0.7488086439163437, 0.5553568271377285, 0.4516645829339106, 0.22016139459265283, 0.03566152640025749]], "inverted": false, "swapped": true, "error_lsq": 0.04742942546890067, "error_max": 0.24994163455008253, "target": "549.xyz", "model": "20.xyz", "model_rescale": 4.121658175737393, "target_rescale": 4.014584127876702},
{"mapping": [2, 6, 13, 8, 10, 0, 11, 12, 5, 7, 9, 1, 14], "R": [[-0.3521481549746326, -0.09427880908370512, 0.9311837536736347], [0.8962098579820854, 0.25284726732143215, 0.3645218098602804], [-0.26981394960915617, 0.9629017424253852, -0.00454610057799254]], "T": [0.03557233887320375, -0.1866111394628655, 0.060734653125071196], "aligned_model": [[0.02528004368478621, -0.07512406778424921, 0.25390460157706757, 0.4941297220797371, 0.6036172101349396, -0.41697113830180643, -0.4074776154031301, 0.6242282685897413, -0.6294985981044374, -0.08169039131471462, -0.017743110233834895, 0.5211604395588463, -0.012732459818650448], [-0.578077070222976, -0.029263367327359152, 0.5113516126515001, -0.20972688838997908, 0.2881517745229027, -0.5694072158378125, 0.3465519376695491, -0.5136521184750861, 0.10504469618063356, -0.22304633069221272, 0.484821213124141, -0.008167772762919023, -0.06375356627719862], [0.586810321125829, 0.7507947108869566, 0.35910674656450936, 0.3541323408972411, -0.08989221589472757, 0.11082530312274164, 0.3359174264559114, -0.2659052321971749, -0.2726958678279266, -0.5055212947990445, -0.3548183563753986, -0.6807943419264212, 0.04215019944929328]], "inverted": false, "swapped": true, "error_lsq": 0.05543255406526055, "error_max": 0.3081032307197158, "target": "549.xyz", "model": "21.xyz", "model_rescale": 4.08911054899281, "target_rescale": 4.014584127876702},
{"mapping": [14, 8, 12, 9, 15, 2, 13, 11, 7, 1, 6, 4, 5, 0, 16], "R": [[0.5735616154495664, 0.8191581129266231, -0.0026569360883548776], [-0.7589582736245056, 0.5326255074499147, 0.37455628109889105], [0.3082359683421033, -0.2128146020371134, 0.9272003736949157]], "T": [0.03793522703409091, -0.037216586308651926, 0.003919432646867149], "aligned_model": [[-0.25326507016625943, 0.23442316569741803, -0.5446655293950856, -0.6272604411502326, 0.17880764281628378, 0.5912350665044936, -0.028712508048556573, 0.1230216274896744, -0.16161574320684388, 0.7298124595466069, 0.12273679358673273, 0.5015751598140143, -0.41882656261928364, 0.5694670636831508, 0.058386019179176574], [0.06976332672994898, -0.5320312516066933, 0.3902571206307166, -0.24333734024025594, -0.4478043631320572, -0.015477988093456761, 0.6149661353460246, -0.7964493210932189, 0.4772914875292133, -0.42288603732557917, -0.006647251361778621, 0.45005130186465697, -0.4977553950244581, 0.3401435099067422, 0.004501399916565917], [-0.5578458840679908, 0.44811866162627145, -0.147117299699113, -0.14633558187842968, -0.5818105886846984, -0.4593737254754147, -0.07942169172573907, -0.043186715014633247, 0.45253624044722723, 0.05454897885422839, 0.7438101939234847, -0.18020064706936262, 0.28141128320727626, 0.42243187283480227, 0.01426472908346208]], "inverted": true, "swapped": false, "error_lsq": 0.04369186275699273, "error_max": 0.2671902877871057, "target": "549.xyz", "model": "22.xyz", "model_rescale": 4.204369325754507, "target_rescale": 4.014584127876702},
{"mapping": [7, 3, 9, 13, 4, 0, 5, 12, 11, 1, 10, 6, 14, 2, 15], "R": [[-0.06162960831237717, -0.7844508244595549, -0.6171212971401875], [0.5058560507196201, 0.5084549216477458, -0.696838036133601], [0.8604135327443497, -0.35512039741038437, 0.36548331837920944]], "T": [0.05130593880010865, -0.10514284511240526, -0.06604650066305215], "aligned_model": [[-0.28917653233629376, 0.3990726906712507, -0.45147095787174246, -0.6043971770845438, 0.09465398035592665, 0.5621667131242254, 0.14163614475004516, 0.07466612296626246, -0.43619110770432135, 0.6827486544671725, 0.04211695852068794, 0.6487788186556778, -0.34815705122483526, 0.49468346340909747, 0.06398842303268054], [0.09760559386352471, -0.5992750578434045, 0.4483328722795652, -0.2506626604064226, -0.4396334263728324, -0.12155011822782211, 0.7171989280790712, -0.6524927717511447, 0.22844695730051065, -0.25241060039590185, 0.01605725538308314, 0.34000057873886047, -0.47376847866998173, 0.4115833163265802, -0.08484705425731423], [-0.647931632182165, 0.5342203046065106, -0.23893336941542856, -0.05165023212151218, -0.7148161261522662, -0.5258576886542006, 0.016761136159935935, -0.06723889895331683, 0.34660065524061523, 0.05688327223270488, 0.7105680338570237, -0.1222332039947571, 0.4855724112324633, 0.47407915857670613, -0.03419399407094219]], "inverted": false, "swapped": false, "error_lsq": 0.04035160069044617, "error_max": 0.24326456778925207, "target": "549.xyz", "model": "23.xyz", "model_rescale": 4.410303926677745, "target_rescale": 4.014584127876702},
{"mapping": [0, 8, 7, 1, 2, 5, 13, 4, 11, 15, 9, 6, 10, 14, 16], "R": [[0.6588227830079685, -0.12064498578623584, -0.7425613294498135], [-0.18664616018208563, -0.9824089748915692, -0.005984725706281474], [-0.7287768873111431, 0.14253909448686403, -0.6697513382322922]], "T": [0.047647798835050555, 0.008260913790873702, 0.02144240965961359], "aligned_model": [[-0.2175230559877912, 0.3062219706578774, -0.4104747514021507, -0.8033946918531631, 0.008000125321562308, 0.5105516697013165, 0.17757251484779074, 0.17819922786245182, -0.30104229927171977, 0.7017765942748727, 0.20180423871735548, 0.6527223940168028, -0.22980607175759815, 0.33378578852047747, -0.033274509916794655], [-0.02785320229679742, -0.685264566963293, 0.43650964397972664, -0.08205000762928175, -0.5563933024070352, -0.17627846234526698, 0.6881794106477558, -0.6461461548393456, 0.2394903016531243, -0.03529948989049755, -0.13543603520826758, 0.4345805433686941, -0.4498281801190359, 0.4436799372881191, -0.0633051011922284], [-0.6847912623342224, 0.37902942349721785, -0.19914238296693132, -0.041055318985364846, -0.6944400033757064, -0.36231175438325885, -0.10110158093161756, -0.14764953543788986, 0.49648943078689367, 0.3034569501399094, 0.6113635590681897, -0.15186193957047922, 0.39152034470785535, 0.4535133700933406, -0.031189473946564746]], "inverted": true, "swapped": false, "error_lsq": 0.039352248128858444, "error_max": 0.22000553123911493, "target": "549.xyz", "model": "24.xyz", "model_rescale": 4.28219845311461, "target_rescale": 4.014584127876702},
{"mapping": [1, 12, 0, 6, 5, 5, 4, 11, 2, 9, 13, 3, 14, 7, 15], "R": [[0.423035018438218, -0.8638198383671375, 0.2735994517873697], [0.42789412631412616, -0.07571449144636228, -0.9006519485633113], [0.7987164639850912, 0.49807891204947774, 0.33759355374586375]], "T": [0.055678818322394755, -0.056115021139038684, 0.05342951002113788], "aligned_model": [[0.05901680306738012, 0.27469012060547005, -0.5372710207578584, -0.805945334371767, 0.3685272202704491, 0.3685272202704491, 0.04474430843015441, 0.16635885427772862, -0.46354368596552076, 0.7138065635781259, 0.14893726409771063, 0.5218914682389173, -0.4043716688523427, 0.6157578461342545, 0.003993184708138843], [0.19865909789037692, -0.5739370072076007, 0.46957552693858173, -0.15518618551367386, -0.41226366311205187, -0.41226366311205187, 0.6732115568442387, -0.5892413475451549, 0.13958287621215776, -0.21019787058718742, 0.02102162905236482, 0.4238045126666232, -0.5398328241059885, 0.3564431114806874, -0.004790415854950367], [-0.5339003844821972, 0.5714201860465906, -0.1405140591745417, -0.1914905970434797, -0.6540764638995555, -0.6540764638995555, 0.10453481470011453, 0.05160715378822203, 0.4545409015338019, 0.0532554140240466, 0.6350387056377702, -0.3369143780947062, 0.4201927323291316, 0.4022178062193784, 0.03999445867635093]], "inverted": false, "swapped": false, "error_lsq": 0.05157022183460902, "error_max": 0.34534053019210054, "target": "549.xyz", "model": "25.xyz", "model_rescale": 4.100010024507729, "target_rescale": 4.014584127876702},
{"mapping": [5, 9, 1, 10, 0, 3, 7, 8, 13, 6, 11, 14], "R": [[-0.392419648663746, -0.021681064452618415, 0.9195307231337208], [-0.8880755842539441, 0.2691734920597304, -0.3726491484283656], [-0.23943386559682392, -0.9628476320875341, -0.12488339116467953]], "T": [0.0019445320204147798, 0.21744182558122427, 0.0034291027382479175], "aligned_model": [[-0.6941498611658853, -0.09953025773153104, 0.4219706815396479, 0.545382250134389, -0.43654507148790445, 0.12358668152264535, -0.15987183202592728, 0.4831120657941942, 0.22828142385330832, -0.056048999649757854, -0.42902807745024896, -0.05039340096992276], [-0.16166657954002467, -0.5672644110108656, -0.3367736612371972, -0.3018729364899786, 0.6001190775291793, 0.8937143241497906, -0.027504651422690235, 0.3568990592429237, -0.24906415490949374, 0.43351928028083875, -0.07888584748210292, 0.10491189094025974], [0.10485790989495544, 0.020377088376143715, 0.5812926826941439, -0.0724054432136734, 0.12640266288664181, 0.35561556180427617, 0.502969448797177, -0.21086251901403968, -0.5923818303451422, -0.6771164012628971, -0.528298466231558, -0.04525840453167072]], "inverted": false, "swapped": true, "error_lsq": 0.04620267503324917, "error_max": 0.2203249566590646, "target": "549.xyz", "model": "26.xyz", "model_rescale": 3.6694154284099745, "target_rescale": 4.014584127876702},
