[{"mapping": [2, 7, 11, 12, 8, 3, 1, 0, 10, 6, 4, 13], "R": [[-0.9663556100625119, -0.027511111531622556, -0.25573418551888044], [0.13218257581043794, -0.9060414541375093, -0.40201573356835885], [-0.22064587363653182, -0.4222937628318496, 0.8791947317406362]], "T": [-0.1204879071021196, -0.01945495121356841, 0.07474066812055538], "aligned_model": [[-0.2590502885366628, 0.006578248346220006, 0.47916131031900716, -0.11483561657039035, -0.06960685416417667, -0.6220510474429288, 0.361102141462672, -0.15794972300703392, 0.6190604387049303, 0.18230179102324884, -0.5082263194194248, -0.0788416182549122], [-0.2654363451976609, -0.7537865459456051, -0.1659150941950525, 0.6559252921577663, 0.22656981070813714, -0.46008959930251947, -0.2715149256361513, -0.4979368745138192, 0.20818457440312452, 0.42690165979122396, -0.03827412325193186, -0.011072793040454002], [-0.48684950058341236, -0.11582572542965519, -0.47090768656127946, -0.23487491409854636, -0.6788719544629016, -0.10709427586123987, 0.4294324575548262, 0.7259645077052036, 0.08416637967006549, 0.5042193411138908, 0.4661751862625939, 0.06641793004401722]], "inverted": true, "swapped": true, "error_lsq": 0.04750095831943857, "error_max": 0.2375330820680181, "target": "550.xyz", "model": "0.xyz", "model_rescale": 3.751011558992144, "target_rescale": 4.133559242497755},
{"mapping": [4, 10, 7, 1, 8, 2, 5, 6, 12, 0, 9, 11, 13, 14], "R": [[0.05951952556323842, 0.012307909351412294, -0.9981512618056066], [0.7233356002265261, -0.6896277692692638, 0.03462873514338349], [-0.6879266207392026, -0.7240594279616119, -0.04994906664037857]], "T": [-0.011643389092514266, 0.017432105941616656, 0.006911462367271356], "aligned_model": [[0.192726826579213, 0.7519433171301562, -0.3451992470117874, -0.43380248834551305, -0.12893938626131532, -0.4567191760031479, 0.23169738206839863, 0.08125377067706266, -0.011134471982977, -0.7691761123474916, 0.5264678483199501, 0.47983096994512536, 0.02498120583705621, 0.013480998326031354], [-0.262950168515745, -0.12430569184332385, -0.44845236667443034, -0.44586975377248245, 0.2881765872834731, 0.7104989059692135, 0.5779438588701429, -0.7258130863179407, -0.061714524322326984, -0.018345088869309543, 0.28889699609436964, -0.4207665226766037, 0.6117717357880798, 0.017484797340642948], [-0.7038575331764403, -0.25633649467693687, 0.34063166196605166, -0.29775004018792556, -0.5875272031071229, -0.06591749199495943, -0.12230885691504342, 0.058703808905541235, 0.7456337755529836, 0.026112608917522397, 0.2732434561627486, 0.45765074977444703, 0.42274946176221956, 0.055620545953670164]], "inverted": true, "swapped": false, "error_lsq": 0.04804948920213127, "error_max": 0.27910297752655, "target": "550.xyz", "model": "1.xyz", "model_rescale": 3.9405287249114394, "target_rescale": 4.133559242497755},
{"mapping": [10, 12, 8, 4, 9, 11, 6, 5, 3, 7, 0, 1, 13], "R": [[-0.6868925904089804, 0.6192706526683547, -0.38037143423889064], [0.36122875774323426, 0.7450696724771998, 0.560700426015531], [0.6306285386981154, 0.24773986739810022, -0.735481205933266]], "T": [-0.040377731132130404, -0.07752495881249981, -0.019169517921983587], "aligned_model": [[-0.47284358132232795, 0.1548225055515065, -0.29036290321452424, 0.41266075568904703, 0.532051146596194, -0.8020793105568096, 0.14790647043440308, 0.7672893426714315, 0.03213107769959729, -0.5860059565020558, 0.03813633795396869, -0.3668432047064922, -0.07087940101000686], [0.49502088244263737, 0.5318241270728652, 0.2326904330311848, -0.3310726015000749, -0.214080893364185, 0.15899618279066396, 0.4160586211326896, 0.17932670220041153, -0.6926161263014843, -0.6197342826059252, -0.5689812140242879, -0.08040579966908255, -0.04819343763339591], [0.2706664728173795, -0.3968238432073878, -0.7064270201335102, 0.1662649501846647, -0.40629340807450476, -0.22564067300085927, 0.42387908560092036, 0.18579238744841245, -0.3277043652516045, -0.020940987366761813, 0.6185977734846243, 0.5417952460288936, -0.010045268941622432]], "inverted": false, "swapped": true, "error_lsq": 0.04773366412844844, "error_max": 0.3187297221917255, "target": "550.xyz", "model": "2.xyz", "model_rescale": 3.932901565614263, "target_rescale": 4.133559242497755},
{"mapping": [9, 7, 6, 12, 10, 11, 3, 5, 2, 10, 0, 4, 1, 13], "R": [[-0.9593353563076868, 0.12494934275177141, -0.25310736039061343], [0.1949597884488837, 0.9417508409973675, -0.27403655662834003], [0.2041233818698143, -0.31223871513098955, -0.9278149760309856]], "T": [0.12147397714226563, 0.10848104675222077, -0.04118100428843528], "aligned_model": [[0.17802347549855407, 0.7257493693399409, -0.27952646634541356, -0.3988903718937826, -0.5945961638521831, -0.36000709923036234, 0.39013008631972623, 0.10099598622451997, 0.0726159278104721, -0.5945961638521831, 0.48752743905568663, 0.5740996333944242, -0.1880168543203716, 0.04390263878173327], [-0.27366913181351127, -0.1850541325550512, -0.3541123547091604, -0.37818001035937376, 0.12097466089427285, 0.7008589986741968, 0.5407476045189941, -0.6034344213990932, -0.11402910419425898, 0.12097466089427285, 0.3092554661064935, -0.4133707092971925, 0.49079366889631487, 0.024800482696855794], [-0.6661260695915197, -0.28290584008429515, 0.261966237046254, -0.31597505426559547, -0.05644216686184765, -0.5048328494688563, -0.0818626478062691, -0.13893939906624964, 0.760256439882703, -0.05644216686184765, 0.4828846640177046, 0.4936340708059581, 0.5127333438756341, -0.06130011268501767]], "inverted": false, "swapped": false, "error_lsq": 0.05710586140245245, "error_max": 0.5011804068297189, "target": "550.xyz", "model": "3.xyz", "model_rescale": 3.9243930471874484, "target_rescale": 4.133559242497755},
{"mapping": [12, 10, 8, 9, 2, 6, 4, 11, 7, 1, 3, 0, 13], "R": [[0.5802046557469269, 0.5357276263092129, -0.6134806173455578], [-0.6377822864640977, 0.7673083062299773, 0.06687090744943747], [0.5065533659173709, 0.35246825899587064, 0.786873442097395]], "T": [-0.01911878691231593, -0.13234677069241596, -0.05470920175868556], "aligned_model": [[0.14573655154643395, -0.3739617870245674, 0.5931582604683566, 0.2893823854605181, 0.5805904283771541, -0.6019796533263814, -0.2035817975282851, 0.2412480446780726, 0.21700702756610057, -0.49679036520127856, 0.424708107379567, -0.507841017562536, -0.030470298521802518], [-0.6351545848528579, 0.11045420499197403, -0.20749158071416726, -0.6899870946165355, 0.05583303708571988, -0.3707174832891176, -0.39006658067107663, 0.40036445799300713, 0.5570049039239865, 0.30516453417734657, -0.044338767721649366, 0.1507580671793488, -0.11399355980439173], [-0.5762830217288805, -0.6981176916973842, -0.555228057269067, 0.2453766949839047, -0.059916347002679185, -0.3354588585952299, 0.3963674179798018, -0.6267142229280535, 0.191751987221076, -0.09573593061593048, 0.4687988717360697, 0.5244652623376239, -0.0922357890502872]], "inverted": true, "swapped": true, "error_lsq": 0.04914646800198093, "error_max": 0.28062317228037614, "target": "550.xyz", "model": "4.xyz", "model_rescale": 3.8936222436046832, "target_rescale": 4.133559242497755},
{"mapping": [9, 12, 2, 3, 11, 10, 6, 1, 0, 4, 7, 13], "R": [[0.34947483630166065, 0.27155143849930363, 0.8967313728429974], [-0.5918282791841638, 0.8059524560678297, -0.013413669003853268], [-0.7263653534894402, -0.5260232455007976, 0.44237192320825325]], "T": [-0.08589316023369638, -0.10346581890056986, -0.04564061509094016], "aligned_model": [[0.12007710141389431, -0.6523065938914893, -0.20350766064261006, 0.3406816716857106, -0.6738742965557287, -0.6327055043537505, -0.2537280014656942, -0.009717661774265043, 0.5922739864861899, 0.3809490181939029, 0.1388878227421083, -0.11948183962317119], [-0.6363815688562107, -0.5741145069322362, 0.14184813542561314, 0.013226725094397665, 0.46675390940292183, 0.12073602656992063, -0.3895771276396428, 0.28677288507665744, 0.1157790042587564, -0.3895649803303002, 0.5987600050078965, -0.08531560196796661], [-0.4576652556301372, -0.14411835320221153, -0.6122778803908262, -0.5778108760476973, -0.1344636368018904, 0.45392934622850256, 0.558792624493794, 0.4673706113235195, 0.33706273797382774, 0.018561175272123594, -0.26485888796379725, -0.025236885979689157]], "inverted": true, "swapped": true, "error_lsq": 0.04142484132096063, "error_max": 0.22240036376697317, "target": "550.xyz", "model": "5.xyz", "model_rescale": 3.6523030999806103, "target_rescale": 4.133559242497755},
{"mapping": [7, 1, 0, 3, 4, 11, 6, 2, 10, 12, 5, 9, 13], "R": [[-0.8270852959375349, -0.39989957748215477, -0.39498131749933985], [-0.01087503054359612, 0.71397183200902, -0.7000899633678227], [0.5619712154146296, -0.5747386806430185, -0.5948645240877339]], "T": [0.07678724327634649, -0.06252549824280228, -0.0008219543557576869], "aligned_model": [[0.26416638806139603, -0.25973138764334847, 0.3052865327083649, 0.7160409628816994, 0.4362654159874981, -0.40710626252693444, -0.3847023270321435, 0.3066511960845228, -0.6909191930012891, -0.20520680752040293, 0.1791447210025141, 0.5857749815350614, 0.03541868412735652], [-0.5278210914371527, 0.08758392328916738, 0.36391820918174417, -0.30527747160842184, 0.3544629478233978, -0.71720315586781, 0.44259846305169737, -0.6428710334630807, -0.09604068226749153, -0.09888456974919578, 0.6908723167922592, 0.06362733900386379, -0.07413829058579408], [0.5823532476945287, 0.5334924134895287, 0.6475411128731233, 0.10507698376776103, 0.027678901897890157, 0.12569335717198996, -0.08593902818521602, -0.07465636550265478, 0.0905230706036512, -0.6872544736261408, -0.42769774375882863, -0.4711454532395668, 0.004443716295723189]], "inverted": false, "swapped": true, "error_lsq": 0.050552103582325765, "error_max": 0.26749446070044147, "target": "550.xyz", "model": "6.xyz", "model_rescale": 4.08911054899281, "target_rescale": 4.133559242497755},
{"mapping": [9, 1, 6, 3, 8, 10, 11, 0, 7, 4, 13, 2, 5, 14], "R": [[-0.750056122608229, 0.42467326150967744, -0.5070191652163087], [0.13195921489224857, -0.6551070316927239, -0.7439230757489446], [-0.6480760592267938, -0.6248899086923085, 0.435327489910283]], "T": [0.02185619859832324, 0.10607090884540905, 0.05540627108157567], "aligned_model": [[0.15170280604075198, 0.628688469364984, -0.12213089019437848, -0.4127730789350463, -0.4018146913592037, -0.21764112713935263, 0.3408866505630072, 0.1063568605990178, 0.029160591498386172, -0.6803698840869667, 0.6454408867048496, 0.46287361607455807, -0.4624555694404947, 0.08948679724064895], [-0.12399860719649551, -0.22700583492916987, -0.3201777850952203, -0.4901567410878732, 0.2050746244430981, 0.7482054836801558, 0.4825858063218768, -0.818731294957362, 0.022406551303032055, 0.050960593290166126, 0.3133095891229518, -0.42453197062352444, 0.4845439094653945, 0.08407135461672922], [-0.6826758274899356, -0.1869994565077219, 0.2715606965009636, -0.23105736855115314, -0.4698081752024472, -0.1672574153791576, -0.2623785077462515, -0.09378054156240859, 0.8249749071750913, 0.08169070788605304, 0.3780342123816619, 0.4726637036973691, 0.5056301362021919, -0.09394862246749938]], "inverted": true, "swapped": false, "error_lsq": 0.0462653180582809, "error_max": 0.3128542803077671, "target": "550.xyz", "model": "7.xyz", "model_rescale": 3.964800864290218, "target_rescale": 4.133559242497755},
{"mapping": [4, 2, 9, 11, 6, 3, 0, 12, 8, 10, 1, 7, 5, 13], "R": [[-0.6578502458571979, 0.1692860684585648, 0.7338768841239425], [0.7067343435890686, 0.47553384979588886, 0.523826426681615], [-0.26030678365604054, 0.8632553415555233, -0.4324703384724832]], "T": [0.04474389233394631, 0.04010697656728053, -0.02007397050079489], "aligned_model": [[0.14099566206006395, 0.6306278172398928, -0.3513377124794217, -0.49558662885597643, -0.18759194892475667, -0.18834905241467959, 0.39672940404156426, 0.1276805737702597, -0.04929198204816383, -0.720675057675033, 0.6038614677006829, 0.5668005982755967, -0.32734708795625306, 0.010895384196985235], [-0.3231543082150675, -0.022849124292855058, -0.425548980966123, -0.46419302429144466, 0.14133582294287278, 0.7000457232923495, 0.5977003172376883, -0.7050215852033418, -0.14432299745893612, 0.10768260825757593, 0.3133550774838054, -0.2906846151937607, 0.4749631484937749, 0.027247616267221515], [-0.6149438981460831, -0.3223739600068873, 0.2963760545122082, -0.3953841908495036, -0.5418771907923298, -0.21010350868306377, -0.29999402785768425, 0.0725536203916861, 0.7203316078258152, 0.2709610410975362, 0.3992622948447258, 0.33331941308647955, 0.5894497247666609, 0.049071468747195535]], "inverted": true, "swapped": false, "error_lsq": 0.050282970935534556, "error_max": 0.2868396494581327, "target": "550.xyz", "model": "8.xyz", "model_rescale": 4.121658175737393, "target_rescale": 4.133559242497755},
{"mapping": [9, 12, 8, 2, 5, 4, 10, 1, 11, 6, 3, 7, 13], "R": [[0.689153971534557, -0.5083973689616508, 0.5163321786902477], [-0.5389501717553793, -0.8359254663489847, -0.10373681638685202], [0.4843547417781661, -0.2067866773805881, -0.8500822043631442]], "T": [-0.07836013712127486, 0.0016646956256692602, 0.031600079369601845], "aligned_model": [[-0.636255118952139, -0.14641593029013633, 0.2661717518515469, 0.18777007842793603, -0.8471606908633708, -0.5780915314359127, 0.4182529880056926, 0.20273440347014127, 0.7240608535510143, -0.21644351874137624, -0.22601973832119343, 0.37242762248734906, -0.04429367275435504], [0.24162667133327992, -0.3752562860137276, 0.08049076033146578, 0.4735374443759325, -0.406955056909864, 0.08748006434558282, -0.5894074446147131, -0.2245837610165876, -0.026002571308093476, -0.6594193399445446, 0.6776707001930065, 0.5362265765701353, -0.02502031793016235], [-0.32527341237201535, -0.6050561959419685, -0.6798303662451737, -0.2871485907118928, -0.01618974097123172, 0.24798047506999124, 0.08498062292651892, 0.5711063037927628, -0.15310769109996258, 0.17041158346493623, 0.030626600938063096, 0.3521281443826418, 0.03044770072641957]], "inverted": false, "swapped": true, "error_lsq": 0.04758957393912765, "error_max": 0.2611538483262136, "target": "550.xyz", "model": "9.xyz", "model_rescale": 3.833441315466971, "target_rescale": 4.133559242497755},
{"mapping": [1, 6, 2, 5, 0, 10, 11, 4, 9, 13, 7, 3, 8, 14], "R": [[-0.21454567304578415, -0.6461964730334264, 0.7323935229209035], [-0.9269066279790472, -0.10169392077660089, -0.36125122765963735], [0.307919238089867, -0.7563652984611622, -0.5771458031536859]], "T": [0.08664933017646861, 0.05036314223818825, -0.07806785074928133], "aligned_model": [[0.006195440251349854, 0.5698868661391796, -0.3340620064484001, -0.3032087469367096, -0.41962286549943784, -0.2810081955825593, 0.41294039947294947, 0.3866349528103379, -0.010983209360040797, -0.6954959812623873, 0.5625872544638494, 0.33986588548872076, -0.17028283681915565, 0.09396448021306482], [-0.14210399275388078, -0.253503664184093, -0.27260280206226417, -0.48804024867177365, 0.1268283524562573, 0.7799010967403827, 0.63063115547297, -0.6884492070421366, 0.07648216753873702, -0.09768122574052943, 0.18374957361708927, -0.46715372550387535, 0.5727096770351288, 0.025788521451747586], [-0.7866527126096564, -0.4460026490985636, 0.40705607670129107, -0.20283831934373933, -0.5271385547764642, -0.16948152704213257, 0.07079534805246748, -0.08687232995569347, 0.726727657609032, -0.03314437894831626, 0.3687040473495553, 0.5718394637701606, 0.4402943021180953, 0.013362025110719988]], "inverted": true, "swapped": false, "error_lsq": 0.0509314494860364, "error_max": 0.2557612137296091, "target": "550.xyz", "model": "10.xyz", "model_rescale": 4.2482417240324, "target_rescale": 4.133559242497755},
{"mapping": [10, 12, 9, 5, 7, 3, 2, 4, 6, 0, 1, 13], "R": [[-0.7737944001164417, 0.43428827300416945, -0.4611246277087053], [-0.11835514159167942, -0.8142776039023768, -0.5682816592516582], [-0.6222815173273666, -0.3851566950139388, 0.6814837000829076]], "T": [-0.0752849059524186, 0.03534966257763552, 0.02549342151563986], "aligned_model": [[-0.6320687094747219, 7.366137714298615e-05, 0.5285768982882395, 0.6493349861812459, -0.49136454001257046, 0.14013012632202937, -0.26812828424080604, 0.4135523041339417, -0.01568830740274125, 0.08044793813816598, -0.41638266521319195, -0.1117178057337268], [-0.3884479931698323, -0.6483918783134938, -0.005646991965214988, -0.351310570435454, 0.6728397131253667, 0.572127214704318, 0.23545346319377744, 0.2133713583887827, -0.41868499489139277, 0.5851865686263138, 0.1850814085896801, 0.01455409219778836], [-0.30500271547440017, 0.3062973065801309, 0.38585080709407615, -0.26730025439800226, 0.13589461175321288, 0.4053021195478938, 0.5892839834705358, -0.15688716262409522, -0.4899370115138257, -0.5471037194461772, -0.5060159330004409, 0.014810257865448343]], "inverted": false, "swapped": true, "error_lsq": 0.05234341942597756, "error_max": 0.30542746771499385, "target": "550.xyz", "model": "11.xyz", "model_rescale": 3.6694154284099745, "target_rescale": 4.133559242497755},
{"mapping": [9, 11, 2, 10, 7, 5, 6, 8, 1, 12, 4, 3, 0, 13], "R": [[0.9780630844564663, -0.18913697051366854, 0.08729151853654137], [-0.16010499641352552, -0.9506275496208316, -0.2658451655105258], [0.13326287159943934, 0.2460375343048404, -0.9600554873371987]], "T": [-0.018426335806896836, 0.04866377123721745, -0.01852976695229829], "aligned_model": [[0.13605130087499695, 0.6413734136966954, -0.20599204088685827, -0.45311098485089657, -0.29782485355505467, -0.39679913173414905, 0.2483193136852661, 0.30797517940224456, -0.11318038519695714, -0.667726449481761, 0.5651351001369421, 0.4189444177920633, -0.01836675114589141, -0.007386691805878998], [-0.3863088932734422, -0.022069787392490367, -0.4858795629303847, -0.32021715221756586, 0.19125147084468386, 0.7291537075758657, 0.520000410495836, -0.6326646429747769, -0.10836782814322858, 0.07912705421256025, 0.15108378778727807, -0.42301289624405214, 0.5854998601593069, 0.1089601504541695], [-0.6755089962919806, -0.3420876491706877, 0.3061178937002271, -0.2987170391562362, -0.692154688307148, -0.2143313663346793, -0.18145111123556013, -0.06155875912775828, 0.8078092924063691, 0.17958598466443118, 0.42491678049095605, 0.5537261599312621, 0.453216854133599, 0.08708509323396149]], "inverted": false, "swapped": false, "error_lsq": 0.04526853115102123, "error_max": 0.24984207196084188, "target": "550.xyz", "model": "12.xyz", "model_rescale": 3.9764082729961374, "target_rescale": 4.133559242497755},
{"mapping": [1, 8, 13, 12, 9, 0, 7, 10, 6, 5, 3, 14, 4, 15], "R": [[0.8557499396726485, -0.3198754767308599, -0.40665921867881427], [0.17834629622640683, -0.555439490153363, 0.8122066063511764], [-0.485679564499662, -0.7675719198644366, -0.4182687036619419]], "T": [-0.0007687627711290366, -0.032517487184082094, 0.004719370418147968], "aligned_model": [[0.017691837721058902, 0.6399036956144222, -0.1147624847325681, -0.3458746482144146, -0.46411864749915166, -0.1983123591182684, 0.3316122443719668, 0.30783205634572, -0.25948468397499436, -0.7687284186251361, 0.7706234570260548, 0.34393935304903744, -0.14955973555712448, 0.046649770524158626], [-0.22405598496176146, -0.11566000038719698, -0.5393994107387015, -0.517807556074489, 0.10261792371721246, 0.5895280653392185, 0.6424848590976053, -0.6548460407745547, -0.051083631577937716, 0.2714897854129935, 0.14551570977314393, -0.28101159950438986, 0.5857487745671468, 0.03303478446547009], [-0.6005035540977144, -0.28212372295004307, 0.3280716444380565, -0.22464717425874683, -0.35381156487292065, -0.3133117469752308, -0.06548317602960094, -0.39977983203429857, 0.7233153459824516, 0.1483907002769634, 0.29055441258613357, 0.6816499655347538, 0.33859329539101257, 0.07573385594593951]], "inverted": true, "swapped": false, "error_lsq": 0.04942705553561061, "error_max": 0.34255231414712217, "target": "550.xyz", "model": "13.xyz", "model_rescale": 4.170626492500431, "target_rescale": 4.133559242497755},
{"mapping": [1, 0, 10, 9, 3, 6, 2, 7, 12, 11, 4, 8, 5, 13], "R": [[0.6227233860259587, 0.013816331923067138, -0.7823200709866498], [-0.6525039316794637, 0.5609502317565305, -0.5094835194931596], [0.4318034317130967, 0.827734224533749, 0.35833203861266266]], "T": [0.07396396207803466, 0.013996337792325089, -0.017149454304950896], "aligned_model": [[0.04167859268882861, 0.5376393617502767, -0.14453206285576312, -0.534678247797428, -0.24751966633929015, -0.2776507956059665, 0.46237326468784246, 0.38849224023689743, -0.05602035673093736, -0.619861336695743, 0.5393206602812746, 0.4712403954536699, -0.3950280498186015, -0.008042562324298341], [-0.43001478905020885, -0.15842474432694928, -0.4323992973890095, -0.4641489917541647, 0.29345951791070196, 0.7776194297370951, 0.4665823817640087, -0.7321147788094319, -0.020684645505272218, 0.13611755985692306, 0.31556747607664165, -0.3497352681367627, 0.5182107843048795, 0.06652104367530855], [-0.6437484042392546, -0.35051787018667113, 0.24990621209067415, -0.25639439710347817, -0.5593876049801304, 0.00998175756657962, -0.29506356636939507, -0.05981052333173943, 0.7022999375548604, 0.04075143544704564, 0.4250734788230146, 0.49414991703976824, 0.5770172841291445, 0.012390792496337882]], "inverted": false, "swapped": false, "error_lsq": 0.05382006656561977, "error_max": 0.330467017274661, "target": "550.xyz", "model": "14.xyz", "model_rescale": 3.9786697098870705, "target_rescale": 4.133559242497755},
{"mapping": [7, 11, 3, 0, 2, 9, 10, 12, 4, 1, 8, 13], "R": [[-0.5663455917537306, 0.1274927094118296, -0.8142470630883161], [-0.801936803820551, 0.14267197522155822, 0.5801224613514449], [0.1901316211975178, 0.9815244859570291, 0.02143945166261796]], "T": [0.11527184180640473, -0.00968720807296947, 0.07811557474910827], "aligned_model": [[-0.002575168335522543, -0.6674249815554198, 0.4355665836900481, 0.6288617747804388, -0.1089267553043346, 0.5319531552572944, -0.4659807299824241, -0.18111003133918294, 0.6618153988991922, 0.01632343033974859, -0.44258707636805594, 0.07743899668555407], [-0.3133982457179409, -0.10971081596994481, 0.21015376166525407, -0.6186682322906432, 0.3133211617322634, 0.5577866645018674, -0.3694459068903965, 0.497247201065012, -0.022394931986527426, -0.6499454511255495, 0.5462054651141401, -0.026476179873095765], [-0.6187172151266804, -0.15882923942816213, -0.4944834560255854, -0.06262646129518354, -0.4122827117583616, 0.10129609698597532, 0.44082686470465404, 0.5333161024070738, 0.14914284816533788, 0.11746103377662014, -0.025931593659894392, 0.09079422512803617]], "inverted": false, "swapped": true, "error_lsq": 0.04313849715117136, "error_max": 0.2571361127703898, "target": "550.xyz", "model": "15.xyz", "model_rescale": 3.769337070930944, "target_rescale": 4.133559242497755},
{"mapping": [4, 5, 7, 1, 3, 9, 2, 12, 11, 10, 13], "R": [[-0.6641867294269317, -0.3473286684561177, 0.6619809548028224], [0.4483264421411722, -0.8936664719745664, -0.01906929850754535], [0.5982134984520111, 0.28411799122377296, 0.749278037401854]], "T": [-0.05793667088118734, 0.034059745480577504, -0.0354983309972504], "aligned_model": [[-0.2143415023404703, -0.30258364501531687, 0.01878923585862216, -0.6104396340740346, 0.32573307615604696, 0.3373149382193299, 0.49073927902495407, 0.23681751737053738, 0.12479495416369904, -0.4137966956893663, -0.07040139298283096], [-0.2084435266788804, -0.7725125562321985, 0.7789724623481445, 0.35665483638483386, 0.2653968938832439, -0.4137652994155836, 0.3407143613576699, -0.4746865770720547, 0.5473747636774758, 0.13065337503461827, 0.04570576433807324], [-0.5052279460991654, -0.2588752337453461, -0.211346073993246, 0.0737827472470398, -0.5628208818853933, -0.40888304454698543, -0.032751355208045604, 0.4187366060944397, 0.5824650414649798, 0.6448498643558721, 0.0042878835396271825]], "inverted": false, "swapped": true, "error_lsq": 0.04076322262306245, "error_max": 0.23240740170062826, "target": "550.xyz", "model": "16.xyz", "model_rescale": 3.7852294659196426, "target_rescale": 4.133559242497755},
{"mapping": [1, 3, 2, 7, 0, 4, 5, 9, 11, 10, 6, 12, 13], "R": [[0.3455444876437906, -0.025780097795621394, 0.9380481829930905], [0.12970598201024233, 0.991339847180198, -0.02053449837470014], [-0.9293951609997488, 0.12876604346795031, 0.3458958524756563]], "T": [0.011621516068116386, 0.05743450732518621, 0.039903363280064545], "aligned_model": [[-0.059375499207893964, -0.2734940160375938, 0.28288523284011763, 0.00292284923981459, -0.6517776943492151, -0.5136333169875715, -0.41698607781840047, -0.23867886140000039, 0.7245092381507684, 0.4984300860585924, -0.003470748355746872, 0.4580432313270062, 0.04439142675640573], [0.07344815334262886, -0.48567086245605073, -0.438989124352851, -0.6534338259950049, -0.0626819296130089, 0.1660089226367037, 0.7566079129903409, 0.12404823304300898, -0.2359240900326369, 0.36948550588261153, 0.6914730003812822, 0.5036688181529058, 0.06701490972294433], [-0.6050559052305622, 0.36011284840618357, 0.31389144914284084, -0.2538563941933436, -0.40721447019820994, 0.1673206945464487, 0.3361470801720226, 0.694960293806506, -0.2507746604213807, -0.4743747170716969, -0.23053178405172492, 0.43184063155506863, 0.013289630681021472]], "inverted": false, "swapped": true, "error_lsq": 0.041943120359293595, "error_max": 0.20949023073401637, "target": "550.xyz", "model": "17.xyz", "model_rescale": 3.901054581598922, "target_rescale": 4.133559242497755},
{"mapping": [4, 10, 7, 1, 8, 2, 5, 6, 12, 0, 9, 11, 13, 14], "R": [[0.05951952556323842, 0.012307909351412294, -0.9981512618056066], [0.7233356002265261, -0.6896277692692638, 0.03462873514338349], [-0.6879266207392026, -0.7240594279616119, -0.04994906664037857]], "T": [-0.011643389092514266, 0.017432105941616656, 0.006911462367271356], "aligned_model": [[0.192726826579213, 0.7519433171301562, -0.3451992470117874, -0.43380248834551305, -0.12893938626131532, -0.4567191760031479, 0.23169738206839863, 0.08125377067706266, -0.011134471982977, -0.7691761123474916, 0.5264678483199501, 0.47983096994512536, 0.02498120583705621, 0.013480998326031354], [-0.262950168515745, -0.12430569184332385, -0.44845236667443034, -0.44586975377248245, 0.2881765872834731, 0.7104989059692135, 0.5779438588701429, -0.7258130863179407, -0.061714524322326984, -0.018345088869309543, 0.28889699609436964, -0.4207665226766037, 0.6117717357880798, 0.017484797340642948], [-0.7038575331764403, -0.25633649467693687, 0.34063166196605166, -0.29775004018792556, -0.5875272031071229, -0.06591749199495943, -0.12230885691504342, 0.058703808905541235, 0.7456337755529836, 0.026112608917522397, 0.2732434561627486, 0.45765074977444703, 0.42274946176221956, 0.055620545953670164]], "inverted": true, "swapped": false, "error_lsq": 0.04804948920213127, "error_max": 0.27910297752655, "target": "550.xyz", "model": "18.xyz", "model_rescale": 3.9405287249114394, "target_rescale": 4.133559242497755},
{"mapping": [3, 1, 11, 14, 12, 4, 0, 10, 9, 13, 6, 5, 7, 15], "R": [[0.25137055761433913, -0.5031801807356356, -0.8268147002076762], [-0.9429199437940576, 0.06547965415737689, -0.3265185974593815], [0.21843722750499173, 0.8616972325627392, -0.45799897055959554]], "T": [0.0013221208581807465, 0.05377505967499711, 0.0068819562023877505], "aligned_model": [[0.14523844539440242, 0.5084818288083868, -0.2447348578023388, -0.46775590807658557, -0.22293227869932394, -0.16999127651471052, 0.4057136743021034, 0.11944036490709194, -0.21426267489567455, -0.6456880451767227, 0.726732738542515, 0.4573240355818835, -0.26479463453656993, 0.024640025096304218], [-0.3395820912667375, 0.09984303258754354, -0.5134736899194889, -0.47591545278410335, 0.1780911017180272, 0.7539606462958848, 0.6023171609990111, -0.7151427435988771, -0.0056498888110642145, -0.06505091390699089, 0.13557229012722752, -0.18415889110863762, 0.494099881205942, 0.02164523681602292], [-0.7347290187763753, -0.4128634386300383, 0.37687928218700206, -0.30797154283752415, -0.4772611509252997, -0.11582457494000682, -0.08391062352854257, -0.10589006682552408, 0.741049320155412, 0.14322005954017974, 0.16616819048959017, 0.660114174936029, 0.4874248502121262, 0.010242987879727862]], "inverted": false, "swapped": false, "error_lsq": 0.042588246099775476, "error_max": 0.27250933140217715, "target": "550.xyz", "model": "19.xyz", "model_rescale": 4.410303926677745, "target_rescale": 4.133559242497755},
{"mapping": [4, 2, 9, 11, 6, 3, 0, 12, 8, 10, 1, 7, 5, 13], "R": [[-0.6578502458571979, 0.1692860684585648, 0.7338768841239425], [0.7067343435890686, 0.47553384979588886, 0.523826426681615], [-0.26030678365604054, 0.8632553415555233, -0.4324703384724832]], "T": [0.04474389233394631, 0.04010697656728053, -0.02007397050079489], "aligned_model": [[0.14099566206006395, 0.6306278172398928, -0.3513377124794217, -0.49558662885597643, -0.18759194892475667, -0.18834905241467959, 0.39672940404156426, 0.1276805737702597, -0.04929198204816383, -0.720675057675033, 0.6038614677006829, 0.5668005982755967, -0.32734708795625306, 0.010895384196985235], [-0.3231543082150675, -0.022849124292855058, -0.425548980966123, -0.46419302429144466, 0.14133582294287278, 0.7000457232923495, 0.5977003172376883, -0.7050215852033418, -0.14432299745893612, 0.10768260825757593, 0.3133550774838054, -0.2906846151937607, 0.4749631484937749, 0.027247616267221515], [-0.6149438981460831, -0.3223739600068873, 0.2963760545122082, -0.3953841908495036, -0.5418771907923298, -0.21010350868306377, -0.29999402785768425, 0.0725536203916861, 0.7203316078258152, 0.2709610410975362, 0.3992622948447258, 0.33331941308647955, 0.5894497247666609, 0.049071468747195535]], "inverted": true, "swapped": false, "error_lsq": 0.050282970935534556, "error_max": 0.2868396494581327, "target": "550.xyz", "model": "20.xyz", "model_rescale": 4.121658175737393, "target_rescale": 4.133559242497755},
{"mapping": [7, 1, 0, 3, 4, 11, 6, 2, 10, 12, 5, 9, 13], "R": [[-0.8270852959375349, -0.39989957748215477, -0.39498131749933985], [-0.01087503054359612, 0.71397183200902, -0.7000899633678227], [0.5619712154146296, -0.5747386806430185, -0.5948645240877339]], "T": [0.07678724327634649, -0.06252549824280228, -0.0008219543557576869], "aligned_model": [[0.26416638806139603, -0.25973138764334847, 0.3052865327083649, 0.7160409628816994, 0.4362654159874981, -0.40710626252693444, -0.3847023270321435, 0.3066511960845228, -0.6909191930012891, -0.20520680752040293, 0.1791447210025141, 0.5857749815350614, 0.03541868412735652], [-0.5278210914371527, 0.08758392328916738, 0.36391820918174417, -0.30527747160842184, 0.3544629478233978, -0.71720315586781, 0.44259846305169737, -0.6428710334630807, -0.09604068226749153, -0.09888456974919578, 0.6908723167922592, 0.06362733900386379, -0.07413829058579408], [0.5823532476945287, 0.5334924134895287, 0.6475411128731233, 0.10507698376776103, 0.027678901897890157, 0.12569335717198996, -0.08593902818521602, -0.07465636550265478, 0.0905230706036512, -0.6872544736261408, -0.42769774375882863, -0.4711454532395668, 0.004443716295723189]], "inverted": false, "swapped": true, "error_lsq": 0.050552103582325765, "error_max": 0.26749446070044147, "target": "550.xyz", "model": "21.xyz", "model_rescale": 4.08911054899281, "target_rescale": 4.133559242497755},
{"mapping": [10, 9, 8, 6, 7, 13, 14, 5, 1, 0, 15, 11, 2, 16], "R": [[-0.12623029260538826, -0.6154301387867193, -0.7780177745409921], [-0.6324691445114922, 0.6541422462456676, -0.4148261116631568], [0.7642307861305114, 0.4397086148230804, -0.47181314053416157]], "T": [0.020078358514869644, 0.09267719976917639, 0.012955142928401633], "aligned_model": [[0.0602885187095211, 0.604653806403065, -0.1133519373868423, -0.5102615298479962, -0.41690143296182325, -0.2305403981540277, 0.4848973257705089, 0.3488906621796258, -0.207385038895087, -0.7461567258554214, 0.522662400924383, 0.3982272149250381, -0.017595744582601568, -0.02001568429758118], [-0.31488091014202196, -0.05392106060336117, -0.5254192722699119, -0.40380090982808514, 0.08174969780946918, 0.5799272513507225, 0.5177469195205787, -0.49631084078187665, -0.08277461381320057, 0.13842614383561586, 0.2618829429260377, -0.36964768963206424, 0.5366961165878011, 0.11688190339405592], [-0.6823253323315246, -0.3669502496953148, 0.2974109838747378, -0.15381781067427794, -0.5480488138770208, -0.35651419553929153, -0.10985221424912647, -0.19369579705173745, 0.7528709795040316, 0.11721552742861946, 0.5132407760343506, 0.4916535545554509, 0.581005926605591, 0.0044551143522678985]], "inverted": true, "swapped": false, "error_lsq": 0.047463388521253265, "error_max": 0.3154255333236324, "target": "550.xyz", "model": "22.xyz", "model_rescale": 4.204369325754507, "target_rescale": 4.133559242497755},
{"mapping": [3, 1, 11, 14, 12, 4, 0, 10, 9, 13, 6, 5, 7, 15], "R": [[0.25137055761433913, -0.5031801807356356, -0.8268147002076762], [-0.9429199437940576, 0.06547965415737689, -0.3265185974593815], [0.21843722750499173, 0.8616972325627392, -0.45799897055959554]], "T": [0.0013221208581807465, 0.05377505967499711, 0.0068819562023877505], "aligned_model": [[0.14523844539440242, 0.5084818288083868, -0.2447348578023388, -0.46775590807658557, -0.22293227869932394, -0.16999127651471052, 0.4057136743021034, 0.11944036490709194, -0.21426267489567455, -0.6456880451767227, 0.726732738542515, 0.4573240355818835, -0.26479463453656993, 0.024640025096304218], [-0.3395820912667375, 0.09984303258754354, -0.5134736899194889, -0.47591545278410335, 0.1780911017180272, 0.7539606462958848, 0.6023171609990111, -0.7151427435988771, -0.0056498888110642145, -0.06505091390699089, 0.13557229012722752, -0.18415889110863762, 0.494099881205942, 0.02164523681602292], [-0.7347290187763753, -0.4128634386300383, 0.37687928218700206, -0.30797154283752415, -0.4772611509252997, -0.11582457494000682, -0.08391062352854257, -0.10589006682552408, 0.741049320155412, 0.14322005954017974, 0.16616819048959017, 0.660114174936029, 0.4874248502121262, 0.010242987879727862]], "inverted": false, "swapped": false, "error_lsq": 0.042588246099775476, "error_max": 0.27250933140217715, "target": "550.xyz", "model": "23.xyz", "model_rescale": 4.410303926677745, "target_rescale": 4.133559242497755},
{"mapping": [2, 4, 6, 12, 0, 1, 10, 5, 14, 7, 8, 15, 11, 16], "R": [[-0.16927900296997772, -0.8281237313139518, 0.5343741243624625], [0.889303639252633, -0.3620612341592733, -0.279375553567392], [0.4248336808275836, 0.42792843835590316, 0.7977428127415283]], "T": [-0.022066801609665468, 0.04926339512484163, 0.12331549240141909], "aligned_model": [[0.1847532659516844, 0.522616500599295, -0.19498472855325066, -0.4608723034423406, -0.3489594938749446, -0.3156481198195708, 0.3807835567547203, 0.187065965697908, -0.11946866503961596, -0.6475111803436902, 0.7935314289947659, 0.38119945305248387, -0.19167579844382732, -0.013418444602856232], [-0.17644847904226532, -0.021448437801542132, -0.6276253058351347, -0.5433611624556005, -0.0838848726297689, 0.7468569706625664, 0.5588705098618811, -0.49959531875000956, -0.052092734644092024, 0.23769518953587362, 0.14885486574609452, -0.3453635165971652, 0.5403831965492341, 0.10371477375368843], [-0.7364365420202916, -0.2916595791029834, 0.42301395221402166, -0.19671841220504122, -0.5443659568119552, -0.28104642783460443, 0.08093479336647166, -0.10167257677082181, 0.7854256055799387, -0.00014982518755574104, 0.14755868668086353, 0.5603053312195125, 0.484916951818465, 0.01654244799073648]], "inverted": false, "swapped": false, "error_lsq": 0.03821438416436708, "error_max": 0.24854271902885763, "target": "550.xyz", "model": "24.xyz", "model_rescale": 4.28219845311461, "target_rescale": 4.133559242497755},
{"mapping": [6, 14, 4, 0, 8, 5, 11, 2, 7, 1, 12, 13, 9, 15], "R": [[0.2752890675123246, 0.5657003631775769, 0.7773024047363757], [-0.3779252900483189, -0.679766336014089, 0.6285620125046333], [0.8839617663960861, -0.4667984870613212, 0.026660233066736982]], "T": [-0.0012247854392906498, 0.024700053433264757, 0.07697171888787312], "aligned_model": [[0.011034831498312457, 0.6547767178297237, -0.41634689743341957, -0.38342837609689195, -0.24453811295795091, -0.36907386641099443, 0.3129911330983365, 0.26574700344670704, -0.08198174257534933, -0.6097722396922419, 0.6833063493633365, 0.3800583115349298, -0.010033713357329511, -0.035327961316407294], [-0.3197755133596586, -0.08089890602688349, -0.49702488522918176, -0.6031539182876834, 0.2798294257944455, 0.756050871698133, 0.4523953851666437, -0.5905986367185811, -0.06804839318644414, 0.10589620290372703, 0.2843648680928588, -0.22064760006664347, 0.5234021632759462, -0.035235385702918606], [-0.7557247568079586, -0.2953930382580689, 0.37718046882183515, -0.276968922348018, -0.5210698222605751, -0.15774878546937732, -0.04477445558847176, -0.06055504295996671, 0.8453609726349441, -0.10456224509708929, 0.2969971941098352, 0.4608260998982254, 0.53314305984022, 0.04993772242122144]], "inverted": false, "swapped": false, "error_lsq": 0.0418426619257532, "error_max": 0.22700106652115132, "target": "550.xyz", "model": "25.xyz", "model_rescale": 4.100010024507729, "target_rescale": 4.133559242497755},
{"mapping": [10, 12, 9, 5, 7, 3, 2, 4, 6, 0, 1, 13], "R": [[-0.7737944001164417, 0.43428827300416945, -0.4611246277087053], [-0.11835514159167942, -0.8142776039023768, -0.5682816592516582], [-0.6222815173273666, -0.3851566950139388, 0.6814837000829076]], "T": [-0.0752849059524186, 0.03534966257763552, 0.02549342151563986], "aligned_model": [[-0.6320687094747219, 7.366137714298615e-05, 0.5285768982882395, 0.6493349861812459, -0.49136454001257046, 0.14013012632202937, -0.26812828424080604, 0.4135523041339417, -0.01568830740274125, 0.08044793813816598, -0.41638266521319195, -0.1117178057337268], [-0.3884479931698323, -0.6483918783134938, -0.005646991965214988, -0.351310570435454, 0.6728397131253667, 0.572127214704318, 0.23545346319377744, 0.2133713583887827, -0.41868499489139277, 0.5851865686263138, 0.1850814085896801, 0.01455409219778836], [-0.30500271547440017, 0.3062973065801309, 0.38585080709407615, -0.26730025439800226, 0.13589461175321288, 0.4053021195478938, 0.5892839834705358, -0.15688716262409522, -0.4899370115138257, -0.5471037194461772, -0.5060159330004409, 0.014810257865448343]], "inverted": false, "swapped": true, "error_lsq": 0.05234341942597756, "error_max": 0.30542746771499385, "target": "550.xyz", "model": "26.xyz", "model_rescale": 3.6694154284099745, "target_rescale": 4.133559242497755},
{"mapping": [4, 0, 7, 8, 10, 11, 2, 5, 3, 9, 6, 1, 12, 13], "R": [[0.46974616474307057, 0.7054596239411286, 0.5307214520801071], [-0.1383400455051639, 0.6525756690815562, -0.7449879381120129], [-0.8718948173482883, 0.2765351968766375, 0.4041382342337758]], "T": [-0.03143918915252839, -0.04759459981837167, -0.00869753532410016], "aligned_model": [[0.12369680057896645, 0.5689750967454527, -0.22699895532178443, -0.4190524453341666, -0.3404098568080602, -0.25933676542264683, 0.36209161681309554, 0.31948103280298223, -0.25355989676082624, -0.6728776517335707, 0.4001462546914113, 0.6571765907716667, -0.10475126035266843, 0.002830876260909526], [-0.14702079659075207, -0.17434784804381936, -0.48665840110464603, -0.4298320325144149, 0.16825110563403245, 0.769764356947817, 0.4615352746072443, -0.7567021040117389, -0.020522429257588105, 0.10667064287396011, 0.23777146540423744, -0.35744042860635755, 0.6212437268315284, -0.006156853815743428], [-0.809683069634387, -0.2543998806264129, 0.39763715550885886, -0.3433730514710911, -0.47756689651001266, -0.13582935576841296, -0.2279004594074382, -0.00848530785415057, 0.7676791188626801, 0.16341425709320465, 0.44240183874528, 0.4489601137082609, 0.4120321241699227, -0.028238137879546127]], "inverted": true, "swapped": false, "error_lsq": 0.046030773257083143, "error_max": 0.33325011294991164, "target": "550.xyz", "model": "27.xyz", "model_rescale": 4.103607728864725, "target_rescale": 4.133559242497755},
