[{"mapping": [3, 13, 14, 0, 4, 10, 11, 12, 5, 1, 2, 15], "R": [[0.7197331985349729, -0.49891198062499575, 0.48277423141201425], [-0.011208403537806277, -0.7036485904160361, -0.7104597334794274], [0.6941602802067768, 0.5059303280041325, -0.51203125743345]], "T": [0.12774477094208136, -0.13469023522886675, 0.00849642903089648], "aligned_model": [[-0.30063405641742885, 0.1784531602647691, 0.37207246017642914, -0.04019504717576089, -0.26484812304929295, -0.4620278315864269, 0.3066791513284508, -0.3620680357965487, 0.5337885182715167, 0.1653536380171105, -0.39811647761239044, 0.10918510604012124], [-0.31338804308840823, -0.7465022331077127, -0.264489998737265, 0.6561766220717717, 0.33162766980006253, -0.6239747217247402, -0.3761173092174431, -0.38282888875838905, 0.3394715997482423, 0.3413782907535149, 0.1738721950307432, -0.08167014679331944], [-0.6074954163127859, 0.11443415967399231, -0.5037269737098953, -0.025836148842981965, -0.614869499979463, -0.09414217199066141, 0.563315172784199, 0.5480057256974304, -0.06724892055903306, 0.4376230276448402, 0.40296691686141034, 0.028925874086510914]], "inverted": false, "swapped": true, "error_lsq": 0.0480199777804653, "error_max": 0.24986580249839738, "target": "551.xyz", "model": "0.xyz", "model_rescale": 3.751011558992144, "target_rescale": 4.147022852015494},
{"mapping": [3, 8, 9, 10, 7, 13, 0, 4, 14, 11, 6, 1, 2, 12, 15], "R": [[-0.3029015520394478, -0.20288833551285157, -0.9311750496469062], [-0.09893617984651698, 0.9784913087977894, -0.1810148914442311], [0.9478725030770074, 0.037297210619745946, -0.31645953294302104]], "T": [0.0103572076195134, 0.046384518028636246, 0.044875618604624835], "aligned_model": [[0.007674777637000842, 0.18188520417162443, -0.5731313445105914, -0.06766073440340142, -0.41930871141714454, -0.49517187787349004, 0.7386390640640589, 0.5071913546498029, -0.3167989886732299, -0.19506012209465787, -0.1379180809486509, 0.4439136900755325, 0.6220475356626763, 0.17574294051312758, 0.0670415042363772], [0.10357274442303088, -0.6130008636215305, 0.26319609589158066, 0.6479740926097532, -0.6199046115064044, 0.410456429941031, -0.3047536806545963, -0.2838360070516891, -0.30498168520511515, 0.35354554103925606, -0.3223562923861686, -0.021226994078655068, 0.4188272493818755, 0.7818804963053421, 0.03936483473939574], [-0.7242859971334996, -0.27488319840971887, -0.49544877330379455, -0.4344665330117992, 0.2990849893957682, 0.04464990401407049, 0.07894022470376683, -0.5909520982923344, -0.2844075833677042, 0.556328656092038, 0.7332783248088945, 0.513557563960542, 0.1651633831894523, 0.20060899172763563, 0.06249855047865867]], "inverted": false, "swapped": true, "error_lsq": 0.057649617672603785, "error_max": 0.3680707970211782, "target": "551.xyz", "model": "1.xyz", "model_rescale": 3.9405287249114394, "target_rescale": 4.147022852015494},
{"mapping": [12, 10, 2, 14, 3, 1, 13, 9, 8, 5, 7, 6, 15], "R": [[0.6070695909383944, -0.123934047890636, -0.7849247502349078], [-0.011189492302671092, -0.9889984956755958, 0.14750176545864568], [-0.7945698880651716, -0.08076092696874149, -0.6017776712833824]], "T": [-0.09106405241308455, -0.01458945758544037, -0.00351570934005278], "aligned_model": [[-0.2844029668776523, 0.3698619908172296, -0.5249742904608196, 0.35208182567130153, 0.5428116774366933, -0.7257271481312998, 0.2126553342693531, 0.6939298981603153, 0.04686125493254892, -0.38464657371610966, -0.07962192139641497, -0.5846368024082936, -0.13820899901292044], [0.7196281016739984, 0.5430442543308656, 0.32589574637307855, -0.37279751521811527, -0.03003743108909864, -0.06652914590921355, 0.3807455511287394, 0.18880668957459554, -0.7111220627286939, -0.5651373703513906, -0.6238312857906196, -0.3061496763359805, -0.02368326208614853], [-0.13041842026071251, -0.27620149893117235, -0.47589217263062805, 0.11575512042411203, -0.4426628361844301, -0.08543231120975105, 0.37007876239128695, 0.14423781561664265, -0.2530664572040791, 0.07487196451945906, 0.563820066650864, 0.5471495353222608, -0.03911921891520845]], "inverted": true, "swapped": true, "error_lsq": 0.052680018818212784, "error_max": 0.2674043918308261, "target": "551.xyz", "model": "2.xyz", "model_rescale": 3.932901565614263, "target_rescale": 4.147022852015494},
{"mapping": [7, 11, 6, 14, 5, 0, 1, 8, 3, 4, 2, 10, 2, 15], "R": [[-0.3222835216737994, -0.8598225093831087, 0.39602851414471174], [0.34912639148819036, -0.4968180851933255, -0.7945329149829307], [0.8799114128274328, -0.11780085985667532, 0.46030301214858393]], "T": [0.1229230048484441, 0.05384101270378028, -0.05382052434454564], "aligned_model": [[-0.3880465592259317, 0.6104485125329623, 0.10232310527254113, -0.37073216734686126, -0.2551378342064403, -0.10028015136492302, 0.32221831983255234, -0.589503964484667, -0.18297538425843918, -0.4143103471320916, 0.5659251213722033, 0.42357951122222887, 0.5659251213722033, 0.1303766284673666], [-0.024822755914021832, 0.0321804775344706, -0.3642977918977148, 0.3475156971165924, -0.39451211964421395, -0.6329046995013059, -0.5545170087051978, -0.14041332092825354, 0.5110439266837314, -0.07722298148011514, -0.32315528835726326, 0.6081556921013607, -0.32315528835726326, -0.00039790030031781887], [-0.7064295393088615, -0.4537931278214142, -0.729534381386561, -0.14856525163132533, -0.28072975546031437, 0.311437702412675, -0.1026795170113639, 0.09167759738059154, 0.48680776827773775, 0.6202486155531082, 0.3808870849861276, 0.3935122547113955, 0.3808870849861276, -0.02983017263082544]], "inverted": true, "swapped": true, "error_lsq": 0.052324594077375775, "error_max": 0.3358225482973832, "target": "551.xyz", "model": "3.xyz", "model_rescale": 3.9243930471874484, "target_rescale": 4.147022852015494},
{"mapping": [8, 5, 0, 4, 2, 14, 3, 1, 12, 13, 10, 9, 15], "R": [[0.2807811659605619, -0.108251302640968, 0.953647519956069], [-0.71124878252636, -0.6906226159025426, 0.13101744829869025], [0.6444277354340036, -0.7150678694225205, -0.2709074305421302]], "T": [-0.06843810263173453, 0.07232868519668129, -0.17909097983296918], "aligned_model": [[-0.11997458500218697, -0.0991035599499876, 0.518018743325651, 0.27771300334617455, 0.6322025260815513, -0.5002960122490924, -0.08399415550392375, 0.3418047493611137, 0.32034225553021445, -0.4377302420868229, 0.022620104276963718, -0.5784202343673049, -0.01597670645099815], [-0.6196299227149094, -0.14441288851380546, -0.29341839821997556, -0.7228560157956556, 0.2529540961622872, -0.3164400022971364, -0.4613179567373649, 0.27601044471865244, 0.6118736361323054, 0.41927492916006887, 0.11363904070262412, -0.0555863798627933, 0.06773897094729006], [-0.47062813375243684, -0.7686001387369292, -0.5999832857633973, -0.0894954802136306, -0.1172447012223217, -0.14339131353133644, 0.37756560241966475, -0.6290019145505925, 0.20859541048474528, 0.1833447852432668, 0.5875690304199385, 0.4557102179406193, -0.2073697633666262]], "inverted": true, "swapped": true, "error_lsq": 0.055590727502817044, "error_max": 0.32611583551512324, "target": "551.xyz", "model": "4.xyz", "model_rescale": 3.8936222436046832, "target_rescale": 4.147022852015494},
{"mapping": [8, 3, 0, 5, 2, 12, 13, 11, 6, 14, 1, 15], "R": [[0.6879103822884766, -0.6246721174024056, 0.3695457369253739], [0.5910349452416012, 0.18661531342452176, -0.7847626509325768], [0.42125645329535294, 0.7582608195967026, 0.49757766230163236]], "T": [-0.10924754719361657, -0.11871328958737032, 0.04669889379979834], "aligned_model": [[0.14609704233593707, -0.5444406774181418, -0.13985801182539392, 0.37314970526312885, -0.5860184468443554, -0.6487726961869393, -0.16580436406744523, 0.010772189858923684, 0.5813587488568108, 0.12369286431610238, -0.003505407775194369, -0.11912290429833579], [-0.4668601641269633, -0.7321449286542969, 0.18983912608631615, -0.007329683620182312, 0.39284775457656756, 0.28905261319486414, -0.28176170363890896, 0.2745965405104306, 0.26835597189619176, -0.6488947362699073, 0.4683038336022403, -0.07708171844654413], [-0.5697826797608609, -0.12416901831559307, -0.7007710391249102, -0.34101867302252115, -0.14911376975482218, 0.41439338701687084, 0.6453011034602654, 0.5252707517534502, 0.11807089842893145, -0.01299374333479799, -0.1908612101425223, 0.004958712072028179]], "inverted": false, "swapped": true, "error_lsq": 0.0474453530339247, "error_max": 0.26625839515385996, "target": "551.xyz", "model": "5.xyz", "model_rescale": 3.6523030999806103, "target_rescale": 4.147022852015494},
{"mapping": [6, 11, 13, 7, 14, 1, 10, 5, 2, 4, 3, 8, 15], "R": [[-0.16204210601497154, 0.6180201938257863, -0.7692810903055985], [0.5774850953278725, -0.5727533972454363, -0.5817770282659581], [-0.8001583096815222, -0.5385207386604057, -0.2640872838291543]], "T": [-0.0006465348405035598, 0.011349781690586945, 0.09160186380970993], "aligned_model": [[0.29677916325031795, -0.16036290776859516, 0.04623376796216408, 0.7520382911897664, 0.5129615332576893, -0.27966472467825443, -0.35380875465389094, 0.313894532077611, -0.688787203730227, 0.004122155808569616, 0.04444614877038325, 0.42681165814247146, -0.03358075496371124], [-0.5947754770446083, -0.09528144776494876, 0.44218956047381314, -0.30294638721768696, 0.22321618286485265, -0.5655259127329959, 0.6975979145554848, -0.5124331204807396, -0.17874197747803344, 0.0537304829594149, 0.5881445691558416, -0.18220716496282158, -0.03214031816438898], [0.5111298810065134, 0.6926416662208547, 0.5391366518398321, 0.2585146589740451, -0.08228371088438229, 0.13120727852350172, 0.04571438758399758, -0.05723938414826381, -0.041346753273776723, -0.7792297996956409, -0.4184586255749416, -0.4968468067193932, 0.06717029562944357]], "inverted": true, "swapped": true, "error_lsq": 0.04968856737493832, "error_max": 0.2604369532699718, "target": "551.xyz", "model": "6.xyz", "model_rescale": 4.08911054899281, "target_rescale": 4.147022852015494},
{"mapping": [9, 10, 3, 13, 7, 5, 14, 8, 11, 12, 1, 2, 0, 4, 15], "R": [[0.9471477027169357, 0.32008594916814626, 0.02135917561980544], [-0.31533360243607, 0.9167123292884802, 0.2453634538907118], [0.05895717439566964, -0.23913069747653848, 0.9691958321782357]], "T": [-0.09619225568985941, -0.05206691827432218, -0.043122007264666175], "aligned_model": [[0.12804903311704946, 0.17791124714429468, 0.58499700931841, -0.36240943978735674, -0.34177807443498365, -0.1320717038760586, 0.1552881456758493, 0.39847812088560763, -0.7006018331264195, -0.33392802143140765, -0.3436486268318724, -0.05773604230394917, 0.21948349412771112, 0.7338206730830263, -0.08952044176034663], [-0.6147664877157101, -0.7727269458592941, -0.36678887421272005, -0.5351423980803115, 0.4867717952591448, 0.5735661234825138, 0.041384972646977825, 0.4759224884319153, -0.21394999950311744, -0.5960166629616049, 0.30642478154356656, -0.1449433778960167, 0.5022102009410666, 0.18056346932817646, -0.021750269235473546], [-0.6021404668867093, 0.014167679535992093, -0.22149957166510414, -0.33273304982248664, -0.6283714043127046, -0.09541245322407005, -0.5597854997440197, -0.25045034864184124, 0.03818797781565502, 0.4469392533468587, 0.428528659537136, 0.6760739846376701, 0.45485248051649796, 0.08775309062568173, 0.007959700363524114]], "inverted": true, "swapped": true, "error_lsq": 0.05181051740272793, "error_max": 0.3428010434548509, "target": "551.xyz", "model": "7.xyz", "model_rescale": 3.964800864290218, "target_rescale": 4.147022852015494},
{"mapping": [10, 9, 3, 12, 4, 11, 2, 14, 7, 5, 1, 0, 8, 15], "R": [[-0.3517104324018481, -0.6524725965962399, 0.6712520260160603], [-0.628739659051464, -0.36659884777243734, -0.6857781900496476], [0.6935316956531649, -0.6632381137290604, -0.28129875865627996]], "T": [-0.03765600472100544, -0.1341193478538938, 0.08193513861614901], "aligned_model": [[-0.1704816028643117, 0.33849039661061014, 0.36043668265424705, -0.7236511475895395, 0.3724635346225228, -0.4726712923285564, -0.6125110558143225, 0.5312011594133745, 0.46647997808462344, 0.18628704209265035, -0.4232538264263667, -0.08366919809681556, 0.5565684800715516, -0.0645012609687948], [-0.12010074429435728, -0.4864772492367981, 0.15558565401402769, -0.1726321067982446, 0.6212806150087888, -0.5734456258390193, 0.30705841532735995, -0.23982556088007273, -0.5072383674519965, -0.0008448088779679508, 0.08519930709799767, 0.5709659424408107, 0.26004256443632245, -0.08861956876564844], [-0.6795939501720317, -0.5613178391086491, -0.5117655468682851, -0.2651773641398181, -0.06414535279099004, 0.20796094541137744, 0.03448365418084656, 0.01755706789759784, 0.6294801307135661, 0.6542337822658275, 0.546067612633914, 0.476384645948712, 0.32274685919110324, 0.10990039356185041]], "inverted": false, "swapped": true, "error_lsq": 0.04650513590697321, "error_max": 0.3195646881837935, "target": "551.xyz", "model": "8.xyz", "model_rescale": 4.121658175737393, "target_rescale": 4.147022852015494},
{"mapping": [8, 14, 3, 4, 7, 1, 13, 12, 10, 11, 0, 2, 15], "R": [[0.601463052528318, -0.7988970674048591, -0.0023816244948244303], [0.5416607237416867, 0.4056034417536418, 0.7362672805396371], [-0.5872357761572009, -0.44412759847764105, 0.6766866479187641]], "T": [-0.08253957900075408, -0.11810103526398166, -0.016954014422906945], "aligned_model": [[-0.460865789616391, -0.2056494794795301, 0.38166393582148617, -0.007276671013767735, -0.7879748680111673, -0.38522333550198706, 0.2146516731599571, 0.45455225395222093, 0.6812318931362369, -0.10468520632346673, -0.38318271897004136, 0.17645916890544439, -0.09696335962379703], [0.27474192801754704, -0.2518831446238411, 0.09471780262208496, 0.6021991182691362, -0.4537331583897066, 0.16163282252626968, -0.6656253813432125, -0.16446116497339655, -0.17548102311080743, -0.5252112890410268, 0.6243015513478646, 0.3381974554123559, -0.06900807730155725], [-0.5356064228381482, -0.5700029383601298, -0.5949769541589802, -0.5024123894825514, -0.3048577157904306, 0.47532316187898455, -0.01853968767891184, 0.5325391698467231, -0.12243571512419064, 0.46460511529950393, 0.09839327063815057, 0.48510089079936664, 0.013945648929703212]], "inverted": true, "swapped": true, "error_lsq": 0.051526742086271886, "error_max": 0.3306170709398563, "target": "551.xyz", "model": "9.xyz", "model_rescale": 3.833441315466971, "target_rescale": 4.147022852015494},
{"mapping": [9, 9, 5, 0, 4, 14, 3, 2, 11, 1, 13, 12, 10, 7, 15], "R": [[-0.11561560297288104, -0.9904169271503911, -0.07554695733908989], [-0.0597907940790276, -0.0689798165079768, 0.9958247063906005], [-0.9914928609388052, 0.11964988645420005, -0.05124267146510397]], "T": [-0.08125480558069362, 0.047186611450253525, 0.1632538796685674], "aligned_model": [[0.23588963395255738, 0.23588963395255738, -0.6309101759074136, -0.6316336615888627, -0.6231351622670793, -0.35311005105657667, -0.12076285411236118, 0.09771333574263522, 0.33434204762543507, -0.22041322182970136, 0.41725108173722236, 0.5814905088525574, 0.45176650110240346, -0.5474490904170752, -0.10308350749176613], [-0.6249970657592381, -0.6249970657592381, 0.12320181620695234, 0.6269649286396425, 0.17403836222486194, -0.4539304887370463, -0.2293468527834671, 0.7298656966582825, 0.12906499325645268, 0.5944145709889076, -0.3173909532155828, 0.43141323760279915, -0.05662381707775218, -0.4034052739850332, 0.10282945103443747], [-0.1931238803274445, -0.1931238803274445, 0.45912376829443613, 0.03758323008924744, -0.5078951073506287, 0.04538450257720096, -0.5556728461204707, -0.007823479672258687, 0.6309114137219536, 0.4688382402597252, 0.24500437765922614, 0.08776741623014292, -0.38708910010778896, 0.685562458845643, 0.16267479405055366]], "inverted": true, "swapped": true, "error_lsq": 0.0522657975703579, "error_max": 0.360474055733098, "target": "551.xyz", "model": "10.xyz", "model_rescale": 4.2482417240324, "target_rescale": 4.147022852015494},
{"mapping": [4, 8, 7, 6, 10, 13, 14, 11, 1, 12, 2, 15], "R": [[0.9785920747073699, -0.02446469651590542, 0.20435026289268668], [-0.03955818019534546, 0.9520374960020118, 0.30341350758635016], [-0.2019720319736327, -0.30500177840564185, 0.9306885695386174]], "T": [-0.033953640725412106, 0.07366590147439556, -0.005133185198414304], "aligned_model": [[-0.769290009950468, -0.28820122255921776, 0.4972668446216842, 0.6890469529677289, -0.5044610165340269, 0.15195374626099184, -0.10476458253079593, 0.45742245052269187, 0.17185425907151572, -0.09540672129398606, -0.28369269532329133, -0.044962402889819696], [-0.3851805795337452, -0.555157423585021, -0.33871145991027946, -0.24974081689920513, 0.6865524190943536, 0.6286891450156146, -0.05175420935113878, 0.3892649724133158, -0.23284592611972138, 0.6293550333573784, 0.10618753677920387, 0.039472698789884464], [0.08924362008444661, 0.32105085669574634, 0.48570906856669893, -0.07245233852706012, 0.02241022903829771, 0.20816404137260222, 0.5589345580469629, -0.24403723776169256, -0.5303939907776711, -0.5342766116963789, -0.6862503114798542, -0.05290959370774168]], "inverted": false, "swapped": true, "error_lsq": 0.048766669755519056, "error_max": 0.31530852154134076, "target": "551.xyz", "model": "11.xyz", "model_rescale": 3.6694154284099745, "target_rescale": 4.147022852015494},
{"mapping": [10, 4, 0, 8, 14, 12, 13, 11, 5, 6, 1, 7, 2, 15], "R": [[-0.04412990542873563, -0.5799742286666663, 0.8134386550498796], [-0.03076807666671849, -0.813056607715858, -0.5813710330828437], [0.9985518899411698, -0.05068379161119929, 0.0180354196743725]], "T": [0.05877461724894028, -0.059445159390155114, -0.060192169910386596], "aligned_model": [[-0.16589779788963432, 0.1861561103347536, -0.1589231146081711, 0.5223442560717195, 0.6189744767781513, -0.6172780288700719, 0.1168901830468308, -0.19486476930721275, 0.29863353344095683, 0.19270658089952636, -0.3151739846389756, 0.7196707775127088, -0.627571756145215, 0.022598383630443628], [-0.5884169865741631, 0.44390950657480016, 0.70731452010459, 0.47668710282207466, -0.09307362557788372, -0.4271989484057677, -0.6714711127890524, -0.3538860598683322, 0.45981776172748307, 0.17357482841610272, 0.3556396320170075, 0.12264912512672703, 0.13730284199650783, -0.011861297433839693], [-0.5773737876810259, -0.7606025395399192, -0.19997838466310847, -0.31341543813517847, -0.21498899253314155, -0.07661253989341343, 0.040579242941560255, 0.4368993716309585, 0.20109703299371215, 0.6878837264866108, 0.25614999458910453, 0.41228465196672887, -0.1927314906694465, -0.06009538784102664]], "inverted": false, "swapped": true, "error_lsq": 0.04699012374226145, "error_max": 0.28178557765758744, "target": "551.xyz", "model": "12.xyz", "model_rescale": 3.9764082729961374, "target_rescale": 4.147022852015494},
{"mapping": [5, 4, 6, 12, 9, 0, 7, 2, 9, 10, 13, 3, 14, 11, 1, 15], "R": [[0.6840873501727938, -0.6951722424731722, 0.22081678067662186], [-0.026266490717683, -0.3260198879547859, -0.944997938687343], [0.7289269982645341, 0.6406610538754254, -0.24128581650873296]], "T": [-0.05860149776422471, -0.020740602043920763, -0.00895381011359915], "aligned_model": [[-0.38532346221436287, 0.29600283718176335, -0.1788005567608436, -0.6650051366061543, -0.3374493127444963, 0.19254867997980454, 0.6364401829898599, 0.32708927085025014, -0.3374493127444963, -0.30895566378206235, -0.4536763943024032, 0.6487883542115073, 0.09183356338762891, 0.0408140690766628, -0.2429871940893026, 0.028249488486165354], [-0.46382218303019107, -0.23579305509300535, 0.3426726627285442, -0.04570693055694493, -0.552599209951066, -0.6898762733526648, -0.3110461890853255, -0.5106555161757731, -0.552599209951066, 0.22471056446101678, 0.4386130323357678, 0.4217190208381107, 0.7324201872413401, 0.6629527231986216, -0.2973076192962532, 0.009357300660823919], [-0.6412159206115069, -0.5953597530015554, -0.670120801805545, 0.18818787545319016, -0.03844014242916685, -0.13658207933167066, -0.0695626136826584, 0.48852535711139644, -0.03844014242916685, 0.7143880284227488, -0.09492247239479389, 0.10182762675402023, -0.2301463900852394, 0.38248543272992447, 0.5321886648593602, -0.06498681122169786]], "inverted": true, "swapped": false, "error_lsq": 0.04624155054682487, "error_max": 0.42940286129819083, "target": "551.xyz", "model": "13.xyz", "model_rescale": 4.170626492500431, "target_rescale": 4.147022852015494},
{"mapping": [3, 10, 4, 2, 8, 6, 1, 9, 14, 12, 13, 11, 7, 15], "R": [[-0.306570985124827, -0.15133095192181334, 0.9397410143598242], [0.5846574613131836, -0.8090249076340551, 0.060451234549280475], [0.7511257444731985, 0.5679591902752756, 0.33650033309260924]], "T": [-0.061860177442882115, 0.06719984598588417, 0.08781155705982444], "aligned_model": [[0.3802870384831975, 0.10815059318387463, 0.03726688619511689, -0.700159221472316, 0.18885882130611878, -0.25294122625275817, -0.6464364916785769, 0.6349711211662257, 0.4806095465705635, -0.4903086890845801, 0.2133796604079868, -0.29951719131813753, 0.3019213315644051, -0.1128991569794768], [-0.3701509800950993, -0.6870201308773785, -0.004091293442780766, -0.23487831017368038, 0.46122615109409193, 0.7422931632276484, 0.33197915547117085, -0.3517415826754932, 0.22592487646002696, -0.49845408860765433, -0.21116113805057685, 0.07535936360949833, 0.7985772028328754, 0.07821207915301726], [-0.36838727477639155, 0.09159020889869693, -0.7754717389140476, -0.0815133077137136, -0.5023917051665053, 0.4614299160518982, 0.06863459028238994, 0.2232029152900211, -0.05165089623333341, 0.3861857472323327, 0.5724415793408383, 0.6722608268745611, 0.24882890367843333, 0.05871333627568644]], "inverted": false, "swapped": true, "error_lsq": 0.0578512471971535, "error_max": 0.40543738795658707, "target": "551.xyz", "model": "14.xyz", "model_rescale": 3.9786697098870705, "target_rescale": 4.147022852015494},
{"mapping": [4, 10, 0, 8, 2, 1, 9, 11, 5, 14, 12, 15], "R": [[0.41538280061978844, -0.871501473734725, -0.26065745764789394], [0.5469339729572543, 0.468247026460707, -0.6939797918065767], [0.726856490769983, 0.14570485060185362, 0.671155524700972]], "T": [0.022033354445199604, 0.001980235815527101, 0.11930605115702754], "aligned_model": [[0.16542394410665662, -0.722919908820161, 0.5483538668585084, 0.48881450995524495, -0.06026685467802778, 0.41458031580032695, -0.5726628368969662, -0.07142657081509987, 0.6466980863139971, 0.07732669931047659, -0.4830119214952664, 0.0524452671276477], [-0.4617500065166535, -0.07159172074935673, 0.12251100914399161, -0.5227331634818451, 0.525971197442924, 0.4874154544315112, -0.516358130382862, 0.4718856523265337, -0.06804678133592372, -0.5590423358516697, 0.5729825964838435, 0.03343071871394595], [-0.6049591292548968, -0.07407832410619873, -0.48344758448803693, -0.15133732609804784, -0.37668582335232087, -0.03057669504741574, 0.35821686586288304, 0.5298940744393545, 0.13743111962157087, 0.26460963935195875, 0.012323662084500017, 0.07857601486047983]], "inverted": false, "swapped": true, "error_lsq": 0.04609723850321464, "error_max": 0.20040322971938987, "target": "551.xyz", "model": "15.xyz", "model_rescale": 3.769337070930944, "target_rescale": 4.147022852015494},
{"mapping": [1, 12, 8, 4, 6, 11, 7, 13, 14, 3, 15], "R": [[-0.76176095149889, 0.04453894862899928, -0.6463254093926137], [0.1939169398646964, 0.9675705550906445, -0.16187477059472274], [0.6181557030433497, -0.24864332481811324, -0.7456943233110848]], "T": [-0.05222699514732459, -0.02781907242802443, -0.019899583907903036], "aligned_model": [[-0.15155555573476864, -0.28162740087656557, -0.20286096165891251, -0.7114743231664274, 0.5120015655912981, 0.30830704890772426, 0.5899622008601012, 0.2780825637747422, 0.130239907627442, -0.46028700814441165, -0.08816190648905115], [-0.044968248846135796, -0.7565683771509982, 0.7077173316327151, 0.5123746174477105, 0.12291122084303105, -0.4818283478222197, 0.49599515987474657, -0.42886259063216936, 0.36354440668515303, 0.12571652001793965, -0.01996719442443088], [-0.6539698077407878, -0.11402483518129589, 0.03256223676115317, 0.16381320370404515, -0.5591399220799891, -0.26893605491623185, -0.09982515481360393, 0.3238557885027211, 0.37055818494424947, 0.6163402509332627, -0.06701628288974613]], "inverted": true, "swapped": true, "error_lsq": 0.04710522465619527, "error_max": 0.23914273151272303, "target": "551.xyz", "model": "16.xyz", "model_rescale": 3.7852294659196426, "target_rescale": 4.147022852015494},
{"mapping": [3, 12, 2, 10, 13, 11, 6, 1, 4, 8, 7, 0, 15], "R": [[0.6536857038243342, 0.6129194235391918, 0.4438747355550544], [-0.5568252609560033, 0.7867622186506633, -0.2663659889422155], [-0.5124847601411805, -0.07304102650066312, 0.8555842325982672]], "T": [-0.08315247257538728, 0.09060132790425854, -0.05755417110554617], "aligned_model": [[0.274990807720046, -0.37410097819440213, 0.1371167658204192, -0.17346982611339126, -0.6204966991948629, -0.6306957379287969, -0.37014370530649227, 0.03127157203333346, 0.7517027172242515, 0.5033898319253653, -0.22389175136669037, 0.5951985257161759, -0.047105672118672295], [-0.277199732236281, -0.5296115789168803, -0.34202544369481724, -0.6131431674323341, -0.09742298942798291, 0.08703581804333647, 0.7357931439423171, 0.23229086831339477, -0.012125038825949994, 0.48981456650312416, 0.8881078924572063, 0.22408394014214447, 0.08945734483559653], [-0.6331782244010556, 0.29350789676959843, 0.482504465507665, -0.3647221622305636, -0.3105682072388751, 0.255993341505365, 0.30743512356991953, 0.5581052461908246, -0.2869681115212506, -0.3086588332523914, -0.25082120196302554, 0.36301117427671237, -0.009885810069749444]], "inverted": true, "swapped": true, "error_lsq": 0.05012601597855046, "error_max": 0.3226643522127594, "target": "551.xyz", "model": "17.xyz", "model_rescale": 3.901054581598922, "target_rescale": 4.147022852015494},
{"mapping": [3, 8, 9, 10, 7, 13, 0, 4, 14, 11, 6, 1, 2, 12, 15], "R": [[-0.3029015520394478, -0.20288833551285157, -0.9311750496469062], [-0.09893617984651698, 0.9784913087977894, -0.1810148914442311], [0.9478725030770074, 0.037297210619745946, -0.31645953294302104]], "T": [0.0103572076195134, 0.046384518028636246, 0.044875618604624835], "aligned_model": [[0.007674777637000842, 0.18188520417162443, -0.5731313445105914, -0.06766073440340142, -0.41930871141714454, -0.49517187787349004, 0.7386390640640589, 0.5071913546498029, -0.3167989886732299, -0.19506012209465787, -0.1379180809486509, 0.4439136900755325, 0.6220475356626763, 0.17574294051312758, 0.0670415042363772], [0.10357274442303088, -0.6130008636215305, 0.26319609589158066, 0.6479740926097532, -0.6199046115064044, 0.410456429941031, -0.3047536806545963, -0.2838360070516891, -0.30498168520511515, 0.35354554103925606, -0.3223562923861686, -0.021226994078655068, 0.4188272493818755, 0.7818804963053421, 0.03936483473939574], [-0.7242859971334996, -0.27488319840971887, -0.49544877330379455, -0.4344665330117992, 0.2990849893957682, 0.04464990401407049, 0.07894022470376683, -0.5909520982923344, -0.2844075833677042, 0.556328656092038, 0.7332783248088945, 0.513557563960542, 0.1651633831894523, 0.20060899172763563, 0.06249855047865867]], "inverted": false, "swapped": true, "error_lsq": 0.057649617672603785, "error_max": 0.3680707970211782, "target": "551.xyz", "model": "18.xyz", "model_rescale": 3.9405287249114394, "target_rescale": 4.147022852015494},
{"mapping": [6, 8, 5, 10, 2, 0, 4, 4, 1, 14, 11, 7, 9, 13, 12, 15], "R": [[0.9037031840168934, -0.41045689290413023, 0.12184290814493912], [-0.3483459952368313, -0.8703065120259084, -0.34816898587863754], [0.2489490365520427, 0.27219793201415887, -0.929479780848957]], "T": [-0.05070854556235073, -0.07194823272603708, 0.09638262269208289], "aligned_model": [[-0.1833019534505974, 0.261013515557083, -0.28260171384994004, -0.8204212738301514, -0.7427033996883651, 0.2993799857183781, 0.6236231548979615, 0.6236231548979615, -0.26626864416775325, -0.44797273057262066, -0.4114860893801331, 0.5443774294179659, 0.1221837181989973, 0.08445891568376916, 0.03549514373969394, -0.08727980025272844], [-0.4602550781010805, -0.1641662692032107, 0.16408668557775685, 0.07365011046903323, -0.22140196956558367, -0.6018378467381048, -0.3140863866519521, -0.3140863866519521, -0.6931656675693166, 0.22157318917881602, 0.5502027041767681, 0.24861624404217691, 0.5779070924941777, 0.47763789855934297, -0.29942008334156245, -0.07221493170337363], [-0.5280533128623045, -0.5866966888784724, -0.6663596133232913, 0.16155528067006772, -0.40773242907770735, -0.16692190667229254, 0.24236515857816696, 0.24236515857816696, 0.040327591558353304, 0.6928432704026127, 0.05187444942485156, -0.1004336559979426, -0.27349055607455874, 0.4583421329843457, 0.5872640170610867, 0.08057696196655631]], "inverted": true, "swapped": false, "error_lsq": 0.046351019062702926, "error_max": 0.3635448317683105, "target": "551.xyz", "model": "19.xyz", "model_rescale": 4.410303926677745, "target_rescale": 4.147022852015494},
{"mapping": [10, 9, 3, 12, 4, 11, 2, 14, 7, 5, 1, 0, 8, 15], "R": [[-0.3517104324018481, -0.6524725965962399, 0.6712520260160603], [-0.628739659051464, -0.36659884777243734, -0.6857781900496476], [0.6935316956531649, -0.6632381137290604, -0.28129875865627996]], "T": [-0.03765600472100544, -0.1341193478538938, 0.08193513861614901], "aligned_model": [[-0.1704816028643117, 0.33849039661061014, 0.36043668265424705, -0.7236511475895395, 0.3724635346225228, -0.4726712923285564, -0.6125110558143225, 0.5312011594133745, 0.46647997808462344, 0.18628704209265035, -0.4232538264263667, -0.08366919809681556, 0.5565684800715516, -0.0645012609687948], [-0.12010074429435728, -0.4864772492367981, 0.15558565401402769, -0.1726321067982446, 0.6212806150087888, -0.5734456258390193, 0.30705841532735995, -0.23982556088007273, -0.5072383674519965, -0.0008448088779679508, 0.08519930709799767, 0.5709659424408107, 0.26004256443632245, -0.08861956876564844], [-0.6795939501720317, -0.5613178391086491, -0.5117655468682851, -0.2651773641398181, -0.06414535279099004, 0.20796094541137744, 0.03448365418084656, 0.01755706789759784, 0.6294801307135661, 0.6542337822658275, 0.546067612633914, 0.476384645948712, 0.32274685919110324, 0.10990039356185041]], "inverted": false, "swapped": true, "error_lsq": 0.04650513590697321, "error_max": 0.3195646881837935, "target": "551.xyz", "model": "20.xyz", "model_rescale": 4.121658175737393, "target_rescale": 4.147022852015494},
{"mapping": [6, 11, 13, 7, 14, 1, 10, 5, 2, 4, 3, 8, 15], "R": [[-0.16204210601497154, 0.6180201938257863, -0.7692810903055985], [0.5774850953278725, -0.5727533972454363, -0.5817770282659581], [-0.8001583096815222, -0.5385207386604057, -0.2640872838291543]], "T": [-0.0006465348405035598, 0.011349781690586945, 0.09160186380970993], "aligned_model": [[0.29677916325031795, -0.16036290776859516, 0.04623376796216408, 0.7520382911897664, 0.5129615332576893, -0.27966472467825443, -0.35380875465389094, 0.313894532077611, -0.688787203730227, 0.004122155808569616, 0.04444614877038325, 0.42681165814247146, -0.03358075496371124], [-0.5947754770446083, -0.09528144776494876, 0.44218956047381314, -0.30294638721768696, 0.22321618286485265, -0.5655259127329959, 0.6975979145554848, -0.5124331204807396, -0.17874197747803344, 0.0537304829594149, 0.5881445691558416, -0.18220716496282158, -0.03214031816438898], [0.5111298810065134, 0.6926416662208547, 0.5391366518398321, 0.2585146589740451, -0.08228371088438229, 0.13120727852350172, 0.04571438758399758, -0.05723938414826381, -0.041346753273776723, -0.7792297996956409, -0.4184586255749416, -0.4968468067193932, 0.06717029562944357]], "inverted": true, "swapped": true, "error_lsq": 0.04968856737493832, "error_max": 0.2604369532699718, "target": "551.xyz", "model": "21.xyz", "model_rescale": 4.08911054899281, "target_rescale": 4.147022852015494},
{"mapping": [12, 3, 14, 5, 10, 13, 4, 0, 7, 8, 11, 2, 15, 1, 6, 16], "R": [[0.06609490039187033, -0.9836787778892964, 0.16735449223850873], [-0.6240620884698016, 0.09011747677052662, 0.7761606471054967], [-0.7785743213572475, -0.15573985459969436, -0.6079203268623017]], "T": [-0.08896331020293952, -0.016705974729610447, -0.023203418007602405], "aligned_model": [[-0.2598422379632538, 0.4779097417870138, -0.041773414692808805, -0.782231750482193, -0.735826325605516, 0.22544049786487375, 0.5873219309444038, 0.3513323925966528, -0.15182338721341015, -0.3620168490661358, -0.3937396962221596, 0.525582067518523, 0.03473157969196883, 0.22589974975746357, -0.2929477297395686, -0.05589715625633281], [-0.4539488348900341, -0.14972459222284085, 0.09849710531058287, 0.08569846543289741, -0.49835666953206526, -0.5232337461141973, -0.1862994853541962, -0.3837958833732633, -0.7197260494283403, 0.21578208946669342, 0.6483436755404878, 0.35938627833647546, 0.6547715736010797, 0.4688687175897737, -0.39322363791346504, -0.04999970147765232], [-0.5929301764807343, -0.6675944589309403, -0.6527460695079271, 0.05816767204250241, -0.049966390853221535, -0.30835220078049025, -0.03618415866701798, 0.4978187420273448, 0.06401798589226469, 0.5702214575921768, 0.20199282409943403, -0.0694897580888066, -0.27878998689545625, 0.5200063507901856, 0.5868694747259158, -0.015215448627590182]], "inverted": false, "swapped": false, "error_lsq": 0.03959077310005721, "error_max": 0.2127630411858051, "target": "551.xyz", "model": "22.xyz", "model_rescale": 4.204369325754507, "target_rescale": 4.147022852015494},
{"mapping": [6, 8, 5, 10, 2, 0, 4, 4, 1, 14, 11, 7, 9, 13, 12, 15], "R": [[0.9037031840168934, -0.41045689290413023, 0.12184290814493912], [-0.3483459952368313, -0.8703065120259084, -0.34816898587863754], [0.2489490365520427, 0.27219793201415887, -0.929479780848957]], "T": [-0.05070854556235073, -0.07194823272603708, 0.09638262269208289], "aligned_model": [[-0.1833019534505974, 0.261013515557083, -0.28260171384994004, -0.8204212738301514, -0.7427033996883651, 0.2993799857183781, 0.6236231548979615, 0.6236231548979615, -0.26626864416775325, -0.44797273057262066, -0.4114860893801331, 0.5443774294179659, 0.1221837181989973, 0.08445891568376916, 0.03549514373969394, -0.08727980025272844], [-0.4602550781010805, -0.1641662692032107, 0.16408668557775685, 0.07365011046903323, -0.22140196956558367, -0.6018378467381048, -0.3140863866519521, -0.3140863866519521, -0.6931656675693166, 0.22157318917881602, 0.5502027041767681, 0.24861624404217691, 0.5779070924941777, 0.47763789855934297, -0.29942008334156245, -0.07221493170337363], [-0.5280533128623045, -0.5866966888784724, -0.6663596133232913, 0.16155528067006772, -0.40773242907770735, -0.16692190667229254, 0.24236515857816696, 0.24236515857816696, 0.040327591558353304, 0.6928432704026127, 0.05187444942485156, -0.1004336559979426, -0.27349055607455874, 0.4583421329843457, 0.5872640170610867, 0.08057696196655631]], "inverted": true, "swapped": false, "error_lsq": 0.046351019062702926, "error_max": 0.3635448317683105, "target": "551.xyz", "model": "23.xyz", "model_rescale": 4.410303926677745, "target_rescale": 4.147022852015494},
{"mapping": [3, 10, 1, 12, 0, 4, 8, 8, 2, 6, 13, 9, 11, 14, 5, 16], "R": [[0.4159979057532039, -0.6056616637995331, 0.6783212302534325], [0.6304155372398448, 0.7296650197325111, 0.2648871634967468], [-0.6553792740204305, 0.31743173751585685, 0.6853576432798556]], "T": [-0.0638217316033684, 0.09177464488918732, 0.003051547832851692], "aligned_model": [[-0.1234802560824278, 0.44015410838931807, -0.20343677837747687, -0.7957476261660048, -0.6827230517413916, 0.14984541156679843, 0.6343830007573081, 0.6343830007573081, -0.384256206898052, -0.33416028273279824, -0.49588918036214863, 0.5318519582106587, 0.16374567998718592, 0.12205719973431017, -0.2204408950054415, -0.08416666911762458], [-0.5981216457567768, -0.05779637688126968, 0.09411844305461226, -0.043454458343086005, -0.28009255356886475, -0.5625106155622048, -0.3313043544922475, -0.3313043544922475, -0.7565900649667615, 0.276842257934633, 0.577975709423914, 0.26582936440985083, 0.5837637273385133, 0.6486705017915411, -0.32745093791123725, 0.014464662993566357], [-0.5711739768906512, -0.3809026270706418, -0.8436110147590941, 0.30665228777163633, -0.2184473319127113, 0.014947886626944122, 0.09907747790392116, 0.09907747790392116, -0.09938388203412526, 0.6890290519353545, 0.2697215093911691, 0.08847867177080002, -0.32387551214140053, 0.33989872010002575, 0.44500446592346865, -0.08666734618097702]], "inverted": false, "swapped": false, "error_lsq": 0.04786831684454222, "error_max": 0.45335191291433824, "target": "551.xyz", "model": "24.xyz", "model_rescale": 4.28219845311461, "target_rescale": 4.147022852015494},
{"mapping": [6, 10, 8, 4, 0, 14, 12, 12, 2, 7, 3, 11, 5, 9, 13, 15], "R": [[-0.12542022369136396, -0.007875075307745158, 0.992072452333047], [-0.2148255766511454, -0.9760284362758045, -0.034906492197164796], [0.9685658155777083, -0.21750051671181203, 0.12072193721268609]], "T": [-0.1036037059196479, -0.007382510601374237, 0.013361371376530675], "aligned_model": [[-0.26037413187363023, 0.3667032999079062, -0.06090864030313877, -0.7846374206894875, -0.7794971264119552, 0.3353388508746309, 0.5554359394360098, 0.5554359394360098, -0.31317991435237436, -0.28750039629879565, -0.5430061985248005, 0.42554609184545916, 0.1406599552457548, 0.19040276757250146, -0.021373496652775034, -0.16692610629179364], [-0.48464971695488895, -0.17542358919202256, 0.17398857911989085, -0.039934531074649365, -0.310857432337506, -0.6010947232250758, -0.1984722092382559, -0.1984722092382559, -0.6589224895432126, 0.1805970680583265, 0.6066427305702531, 0.06888566452634058, 0.6938679424571523, 0.47944762511994954, -0.3264782425351248, -0.036085161540985185], [-0.7348606426318384, -0.6033057470946025, -0.655389491138163, 0.2775242346552514, -0.328142988841994, -0.17366767800082883, 0.3503648923631503, 0.3503648923631503, 0.03216278322113761, 0.7457490358171207, 0.186404133595377, -0.0898894312180692, -0.4036083479478178, 0.37864249103252534, 0.5076614457064814, -0.012183723543241234]], "inverted": false, "swapped": false, "error_lsq": 0.05014902438542774, "error_max": 0.4186544171746817, "target": "551.xyz", "model": "25.xyz", "model_rescale": 4.100010024507729, "target_rescale": 4.147022852015494},
{"mapping": [4, 8, 7, 6, 10, 13, 14, 11, 1, 12, 2, 15], "R": [[0.9785920747073699, -0.02446469651590542, 0.20435026289268668], [-0.03955818019534546, 0.9520374960020118, 0.30341350758635016], [-0.2019720319736327, -0.30500177840564185, 0.9306885695386174]], "T": [-0.033953640725412106, 0.07366590147439556, -0.005133185198414304], "aligned_model": [[-0.769290009950468, -0.28820122255921776, 0.4972668446216842, 0.6890469529677289, -0.5044610165340269, 0.15195374626099184, -0.10476458253079593, 0.45742245052269187, 0.17185425907151572, -0.09540672129398606, -0.28369269532329133, -0.044962402889819696], [-0.3851805795337452, -0.555157423585021, -0.33871145991027946, -0.24974081689920513, 0.6865524190943536, 0.6286891450156146, -0.05175420935113878, 0.3892649724133158, -0.23284592611972138, 0.6293550333573784, 0.10618753677920387, 0.039472698789884464], [0.08924362008444661, 0.32105085669574634, 0.48570906856669893, -0.07245233852706012, 0.02241022903829771, 0.20816404137260222, 0.5589345580469629, -0.24403723776169256, -0.5303939907776711, -0.5342766116963789, -0.6862503114798542, -0.05290959370774168]], "inverted": false, "swapped": true, "error_lsq": 0.048766669755519056, "error_max": 0.31530852154134076, "target": "551.xyz", "model": "26.xyz", "model_rescale": 3.6694154284099745, "target_rescale": 4.147022852015494},
