[{"mapping": [5, 6, 7, 9, 8, 1, 2, 0, 10, 3, 11], "R": [[0.9277730873718477, -0.29123189266610106, -0.23328326781539843], [0.24938025570526204, 0.018879779529470342, 0.9682215872357408], [-0.27757266870657205, -0.9564661722293369, 0.09014363520555618]], "T": [-0.08399744617219412, 0.06547589363175012, 0.10694226936311454], "aligned_model": [[0.3232285502995749, -0.40927194270952577, 0.18301814221537832, -0.0015979716544898687, -0.6104040131471467, -0.4824023309117863, -0.7321525960721049, -0.05633259728659096, 0.5620435063614757, 0.21847529048534836, -0.06848459033799724], [0.22957045695637157, -0.5613226676994284, -0.5121291951607405, -0.4208998286499125, -0.07737494660403342, 0.05496266036498626, 0.5256923242963069, 0.5911469858247915, -0.14354003834488904, 0.12284303433593026, 0.1095264685300896], [-0.597278075851922, -0.05576775758822952, -0.5942555250038317, 0.4619146736457045, 0.4318934262787124, -0.47875695315717015, -0.022849811254397306, -0.21816687072712224, 0.08039469331198737, 0.7227764755690133, 0.05545291082083368]], "inverted": true, "swapped": false, "error_lsq": 0.04272249576412709, "error_max": 0.24564245340795943, "target": "552.xyz", "model": "0.xyz", "model_rescale": 3.751011558992144, "target_rescale": 3.831905829221073},
{"mapping": [2, 10, 5, 11, 6, 8, 1, 0, 13, 7, 14], "R": [[-0.05546701926134445, -0.9894331793654154, 0.13396041708320938], [-0.1189689073362108, 0.13976042810059688, 0.983012422009186], [-0.9913474713043302, 0.03858764449903185, -0.1254638785887261]], "T": [-0.09037492247982924, -0.04787246423049708, -0.025807246380310542], "aligned_model": [[0.36987584922795885, -0.4928566202777771, 0.13925163539157465, -0.11005493351536008, -0.5462745127045652, -0.3423075081849969, -0.5549313366420002, 0.013860162469408674, 0.5996090691010468, -0.09239144154325521, -0.05766091607989894], [0.2933562945124506, -0.762139772059586, -0.3622742132178818, -0.4985668852729889, -0.03277098428159375, 0.06836044766562395, 0.45821868274068445, 0.7034707453829309, -0.20066825857970416, 0.32749040187412637, -0.07600120491458917], [-0.6220205163913368, -0.04267271504049193, -0.5141813152552095, 0.6323859053111138, 0.570559464802005, -0.6286655502892222, 0.09143028367732733, -0.03689539017911042, -0.19337136811254488, 0.5207965188809924, 0.007991868640055178]], "inverted": true, "swapped": false, "error_lsq": 0.05051605040823422, "error_max": 0.24060962933410573, "target": "552.xyz", "model": "1.xyz", "model_rescale": 3.9405287249114394, "target_rescale": 3.831905829221073},
{"mapping": [10, 0, 11, 2, 1, 6, 7, 3, 9, 4, 12], "R": [[0.39575391452898795, 0.9054857713915281, 0.15321343590714367], [-0.8971524144870893, 0.4168416051368146, -0.14615273314909397], [-0.1962049548685477, -0.07961528769309234, 0.9773254430590548]], "T": [-0.07951507035830095, -0.024279925612326243, 0.015868941821795247], "aligned_model": [[0.5464135703042293, -0.6279990384846589, 0.10640754813813864, -0.005418408483514575, -0.6011990243382545, -0.4479379834235357, -0.6275619546285975, -0.0315895757670871, 0.6940074281975938, -0.0188084265974664, -0.06019468767471173], [0.32286764977924604, -0.6473753686497565, -0.3422589923929191, -0.5346195332020764, -0.11680546196133926, -0.03873191744833035, 0.5452549215905718, 0.5094590854849528, -0.17263607404488954, 0.45391515031490737, -0.06059420562089447], [-0.4304370261088168, -0.10180600814731244, -0.5939969303648301, 0.46110236054254256, 0.6045209694590363, -0.38339461831101024, -0.04881895209455477, -0.183192590298244, -0.1574357163387994, 0.5251231952601467, 0.09369250244541955]], "inverted": true, "swapped": false, "error_lsq": 0.04749752700760315, "error_max": 0.2374603109917195, "target": "552.xyz", "model": "2.xyz", "model_rescale": 3.932901565614263, "target_rescale": 3.831905829221073},
{"mapping": [2, 7, 4, 9, 8, 0, 3, 1, 6, 10, 13], "R": [[0.5918142885989128, -0.806036152850968, -0.007846534736675848], [0.7181211297265419, 0.5316362016805267, -0.44907125503975154], [0.3661391686919578, 0.2601320229420313, 0.8934614931767617]], "T": [-0.14956491092172194, 0.013511314861854626, 0.09095574047439346], "aligned_model": [[0.3301033577837629, -0.4557781937486475, 0.0866683517013466, -0.17941192696939318, -0.7241769309556998, -0.32331997349904923, -0.6213897611798878, 0.02178267629081504, 0.5295942680379072, 0.3138677795211888, -0.05182019974020764], [0.18679812966914644, -0.6141677481730236, -0.40290257211186653, -0.5553793470442988, -0.10555068959971085, 0.18877295259161297, 0.19078835238744524, 0.6830132615239424, -0.015324279971032435, 0.3813473919698369, -0.01892019739257951], [-0.567899239767333, -0.05735126069263445, -0.639810791944595, 0.554922883511348, 0.5319001712794263, -0.5319751270478693, 0.009471749861336726, -0.1758321315967904, 0.023106062602832114, 0.4947777335702229, 0.144047136267634]], "inverted": false, "swapped": false, "error_lsq": 0.047518766359346536, "error_max": 0.2551863555668931, "target": "552.xyz", "model": "3.xyz", "model_rescale": 3.9243930471874484, "target_rescale": 3.831905829221073},
{"mapping": [7, 10, 4, 6, 11, 8, 9, 1, 0, 5, 12], "R": [[-0.30567083426540237, 0.6561738817891769, 0.689928386093235], [0.6105018046954145, -0.42098178970879374, 0.6708665136949548], [0.7306523712020203, 0.6262668517423735, -0.27191348415545896]], "T": [-0.11830141143623833, -0.086082217391406, -0.04787724811530468], "aligned_model": [[0.23821389966457307, -0.5498301331883483, 0.06402207664070365, -0.0385249673156811, -0.7047895294941476, -0.49923656714058506, -0.6361269194270167, 0.17990625982516323, 0.6909270116114844, 0.22284063577518703, -0.04128231970919728], [0.22426455168854154, -0.638082753693213, -0.3503489720717248, -0.439429609734303, -0.060196322182709774, -0.009686378984541513, 0.3930015048430566, 0.5626036552171196, 0.08011912752811796, 0.19147351432499726, -0.03524306308586836], [-0.6955658112260839, -0.126655987280259, -0.5471652386641117, 0.5768609802849308, 0.48268442520237287, -0.5432442352459012, -0.043089540841555585, -0.068832520994755, 0.1542336759814128, 0.5687328549406319, 0.02739858388689566]], "inverted": true, "swapped": false, "error_lsq": 0.045748798727966306, "error_max": 0.22537785130046123, "target": "552.xyz", "model": "4.xyz", "model_rescale": 3.8936222436046832, "target_rescale": 3.831905829221073},
{"mapping": [3, 1, 0, 6, 5, 2, 4, 10, 8, 7, 11], "R": [[0.9739951118781118, -0.06415801078790223, 0.2172953558852186], [0.09642795231027396, 0.9852564132044759, -0.1413203815898433], [-0.20502480837886888, 0.1585987070918007, 0.9658215560122985]], "T": [0.027080993334823347, -0.019538640073990615, -0.0016890140201576108], "aligned_model": [[0.3143602658204024, -0.5039157578576351, 0.006322726590717573, -0.037861893221486295, -0.5859268576215031, -0.3903986000704223, -0.6593750016622293, 0.040634669697997575, 0.7458935925308533, 0.1254735440278147, -0.12908724099237412], [0.03921567796031649, -0.6033039986386736, -0.5097873014738284, -0.4669152789169734, -0.10523492514287744, 0.19005322232644153, 0.3788964133254442, 0.60461265770524, 0.1502323055726594, 0.27578941754731934, -0.035082936415595595], [-0.49595673705461646, -0.1444098027089464, -0.7378572375495821, 0.6542417693792838, 0.5218072881999837, -0.5838749853642218, 0.023850642634674266, -0.10027326642696505, 0.016995192736181112, 0.5665079339985787, 0.0643263881992077]], "inverted": false, "swapped": false, "error_lsq": 0.03945256617685343, "error_max": 0.2230057307055026, "target": "552.xyz", "model": "5.xyz", "model_rescale": 3.6523030999806103, "target_rescale": 3.831905829221073},
{"mapping": [7, 10, 11, 2, 6, 9, 8, 5, 3, 1, 12], "R": [[-0.7439686382002385, 0.49230539269295864, -0.4518252601392653], [0.6245738775720353, 0.7526720367323666, -0.20830812892391798], [0.23752502358512728, -0.4371729697117414, -0.8674454782430433]], "T": [-0.1001962261891683, 0.0006876936399694928, 0.013413969685153598], "aligned_model": [[0.30212419359900167, -0.5910398388410458, 0.15250244237283916, 0.0830477800635686, -0.6059879349495091, -0.5254721120169207, -0.5940329890410123, 0.02902632141829302, 0.5927702886813427, 0.09737258450353935, -0.01419128854796127], [0.16790259929549137, -0.6009889692074698, -0.466521138882192, -0.45020879549144366, -0.06293406118223337, -0.02094935813109246, 0.4579394720887177, 0.6678242530545437, -0.04803206574467094, 0.2176346810810358, 0.05680863696878599], [-0.5128896640143199, -0.06228796536683631, -0.6883183816150029, 0.5959305998945671, 0.4168386612135079, -0.5708249661148483, -0.01395691681783312, -0.03277990727993807, 0.021444988406354032, 0.6429180885558387, -0.010717350817911229]], "inverted": true, "swapped": false, "error_lsq": 0.032351682627233334, "error_max": 0.18577930003071783, "target": "552.xyz", "model": "6.xyz", "model_rescale": 4.08911054899281, "target_rescale": 3.831905829221073},
{"mapping": [5, 11, 12, 1, 9, 10, 8, 4, 7, 3, 14], "R": [[-0.6613125732869726, -0.36338013576873596, 0.6562168523752325], [0.745428657373284, -0.2207745663790599, 0.6289632005187599], [-0.08367674216427207, 0.9051041198496632, 0.416874963330662]], "T": [0.012542535256119258, -0.08135052038137648, 0.03885601643584232], "aligned_model": [[0.30430253956486203, -0.41075935913513806, 0.03381123944194675, -0.09780835020241906, -0.6034408986301312, -0.4158573973166067, -0.5190648778450551, 0.04956579681514839, 0.7652479650147189, -0.05985893599308589, -0.12001827447210467], [0.2720534890751177, -0.4533855865571485, -0.43771597090693337, -0.5788492473670299, -0.10314062330234837, 0.022849509593180092, 0.34555592221074605, 0.6115690783637968, -0.12452541187637171, 0.4955345771687303, -0.13147048255226662], [-0.5698170777363617, -0.12526734782872065, -0.5780339461224487, 0.5663631325789008, 0.5232596792008831, -0.5311358694949738, 0.021726483628431943, -0.08500357132632821, -0.13681250463087594, 0.5758970273943426, 0.12418118038072831]], "inverted": true, "swapped": false, "error_lsq": 0.0477192805058168, "error_max": 0.25545901298104934, "target": "552.xyz", "model": "7.xyz", "model_rescale": 3.964800864290218, "target_rescale": 3.831905829221073},
{"mapping": [7, 5, 8, 10, 3, 1, 0, 2, 12, 6, 13], "R": [[0.6231080662017701, 0.5489602049496183, 0.5571167123825709], [0.2808014426991471, 0.5077985492790493, -0.8144269047177722], [-0.729991018857334, 0.6639151502502157, 0.16226455452706026]], "T": [-0.017813810467970106, 0.053587662692155175, 0.07728604889566992], "aligned_model": [[0.23777724387939336, -0.45867865131920577, 0.1216224463733717, -0.03520378355900501, -0.6384390083614564, -0.37025816766550396, -0.5841775303234281, 0.01227958303424602, 0.7081138956724998, -0.0600926604204467, -0.00682392006832979], [0.16802423726132326, -0.6486645993192734, -0.5406758998691905, -0.6892006447254813, 0.018809168487980837, 0.13848335630668065, 0.492144579338899, 0.6793595173694458, 0.05480747622670559, 0.264813609314166, -0.01942554654178355], [-0.5772600902726787, -0.030188020392821285, -0.39011734208181753, 0.4281380578777588, 0.4508867927158185, -0.5797494048339753, 0.08498930895442643, -0.1374526325647432, -0.1317651764084316, 0.6158971530319197, 0.05197854001812193]], "inverted": false, "swapped": false, "error_lsq": 0.04672420210407562, "error_max": 0.2362615179888958, "target": "552.xyz", "model": "8.xyz", "model_rescale": 4.121658175737393, "target_rescale": 3.831905829221073},
{"mapping": [4, 7, 9, 8, 11, 5, 10, 0, 1, 2, 12], "R": [[-0.06957997825909551, -0.704753440402133, -0.7060320211341841], [-0.5919104409473182, 0.5988647246416374, -0.5394470052539426], [0.8029948047920455, 0.38037301405495755, -0.45881991418827034]], "T": [-0.1297892945165886, -0.051933066059231314, 0.05305761992225612], "aligned_model": [[0.3990076404764351, -0.5423053650273193, 0.0651006769723137, -0.021430379090679366, -0.6379860123315836, -0.40210364683917804, -0.7100993531388248, 0.08932452801074509, 0.5133856518259692, 0.22058191287396195, -0.04735620648970473], [0.1518737687009928, -0.5673691714753334, -0.5812579850947153, -0.5436579158467636, -0.16506415623299578, 0.14078366604264606, 0.43533106202018107, 0.6741314567171677, 0.19521193491963632, 0.20061233164521264, -0.022119737546556648], [-0.630290383196014, -0.08610783238927093, -0.5593334692814326, 0.5793829520852151, 0.41633372289582893, -0.46696455360775635, 0.005154217702458552, -0.15585308986835805, 0.03975150847172161, 0.5969393074140099, 0.0463448058171751]], "inverted": false, "swapped": false, "error_lsq": 0.040555176924265905, "error_max": 0.28403966289798704, "target": "552.xyz", "model": "9.xyz", "model_rescale": 3.833441315466971, "target_rescale": 3.831905829221073},
{"mapping": [5, 8, 13, 12, 7, 2, 3, 4, 1, 6, 14], "R": [[0.048322342201946644, -0.8812862565727066, -0.4701058234272189], [-0.7765682249469943, 0.2628527979923898, -0.5725820452915431], [0.6281773183160888, 0.39273775036738895, -0.6716772410835208]], "T": [-0.08661108930353636, -0.159459339198276, 0.06948296584505596], "aligned_model": [[0.23158626468273344, -0.63742560836634, 0.07038182050041084, 0.22460072898128333, -0.6431540821487428, -0.38912238173198377, -0.6491311120575726, 0.01592797704059773, 0.6471068145905985, 0.22536833465754583, -0.1700193089063949], [0.14689824435865725, -0.6824017592768257, -0.3519381541107604, -0.34146193747567377, -0.030350591640918412, 0.005527984168253647, 0.48312011625703954, 0.6312417872186666, -0.09640526150835954, 0.27867160268666613, -0.12442677682727306], [-0.44269930286434, -0.10571393266842284, -0.688139416015347, 0.5522275315222942, 0.4122727048993149, -0.561323150175749, -0.08858258123962844, 0.055697152612234166, 0.12685154353089478, 0.484139070144559, 0.04062756629776784]], "inverted": false, "swapped": false, "error_lsq": 0.046036885107764894, "error_max": 0.2372881275853777, "target": "552.xyz", "model": "10.xyz", "model_rescale": 4.2482417240324, "target_rescale": 3.831905829221073},
{"mapping": [3, 0, 1, 6, 4, 8, 9, 7, 2, 5, 11], "R": [[0.7040464203648921, -0.2684115929605385, 0.6574753643565422], [0.6667211248689849, 0.5686375360729153, -0.4818031695852151], [-0.2445436149745423, 0.7775645113643692, 0.5793029009437745]], "T": [-0.10408393089153946, -0.05110967834358239, -0.06134490447325681], "aligned_model": [[0.3601909100655557, -0.5202439778714593, 0.0756909143721168, 0.07080580475998928, -0.5665525885173583, -0.2722785780826691, -0.6659714551250273, 0.03125796095832768, 0.6284353057708868, -0.028740527688313117, -0.18647432139991393], [0.2869084327616152, -0.6791118734261706, -0.5637484377895805, -0.4048911226061772, -0.111558053714285, 0.0895378647541686, 0.5394790627680777, 0.6119774399165332, -0.14723461856022746, 0.29117493957164275, 0.005941620173875686], [-0.6342884052400285, -0.1404873975030688, -0.5130406661118826, 0.45317857234989767, 0.6791335319859433, -0.6347441181382494, 0.0603031580752778, -0.0848883240070945, -0.01738071253799884, 0.60299746377817, 0.01457408339261141]], "inverted": false, "swapped": false, "error_lsq": 0.04408001776663951, "error_max": 0.23512564689420498, "target": "552.xyz", "model": "11.xyz", "model_rescale": 3.6694154284099745, "target_rescale": 3.831905829221073},
{"mapping": [9, 4, 11, 0, 1, 8, 2, 10, 7, 12, 13], "R": [[-0.4558655747297417, -0.6331721590917179, 0.625523456576534], [-0.6250761234206135, 0.7280647476346352, 0.2814277228369181], [-0.6336137764488556, -0.26270656672958814, -0.7276804532838382]], "T": [-0.002685695766733706, -0.07863599752729464, 0.0341127296015323], "aligned_model": [[0.27094233650914784, -0.47136233278534545, 0.04656905222543077, -0.11511505015555688, -0.7320043548502905, -0.4026749024586469, -0.48889208388728056, 0.1566521980581716, 0.6960931033539804, 0.02722234713925671, -0.06131086590673226], [0.21405641488978397, -0.6470435317468382, -0.4530790652214294, -0.5189230663980074, -0.049344810969373404, 0.14673636420856664, 0.3571157565221925, 0.5311363595416537, 0.14615257399562154, 0.33692596343078507, -0.1452577044034825], [-0.6616926444481289, -0.03612781926929618, -0.6002333965497262, 0.5856966322694828, 0.4627265581280441, -0.5673968583575159, 0.040222589328606305, -0.04537246055653763, -0.08140179970817688, 0.5709388335129365, 0.11799755169388954]], "inverted": false, "swapped": false, "error_lsq": 0.04569169807115059, "error_max": 0.21868677075437526, "target": "552.xyz", "model": "12.xyz", "model_rescale": 3.9764082729961374, "target_rescale": 3.831905829221073},
{"mapping": [8, 13, 10, 9, 6, 11, 14, 3, 2, 4, 15], "R": [[-0.644533181150617, -0.29768972539006633, -0.7042427179552891], [-0.4621691384737289, 0.8854538505419687, 0.04869461985530138], [0.609078538316954, 0.35686454847405064, -0.708287390967886]], "T": [-0.03191654600305528, -0.14300167297775618, 0.12527676819449773], "aligned_model": [[0.2734273006881695, -0.5860292770468039, 0.03412895141732829, 0.25959009681641315, -0.6863852985188122, -0.3340836800068182, -0.6689263914051212, -0.0469446459439085, 0.7442554977325033, -0.013871789861858455, -0.049041316628956916], [0.12366845835933998, -0.33988596664412796, -0.45254627688616905, -0.5649131659599383, 0.008077097271466466, 0.08349854884988728, 0.28683722470621, 0.6269673760076939, -0.054589554521160724, 0.2424182439791573, -0.0410567313128867], [-0.4537785080866278, -0.044063724274465865, -0.6136190495091507, 0.4391456831881476, 0.48928866753253175, -0.5732483719324635, -0.09441624142059699, -0.21437786099553802, -0.03596767276239948, 0.731073430588703, 0.1553208337154375]], "inverted": false, "swapped": false, "error_lsq": 0.048435165417610906, "error_max": 0.28991596177444073, "target": "552.xyz", "model": "13.xyz", "model_rescale": 4.170626492500431, "target_rescale": 3.831905829221073},
{"mapping": [8, 11, 12, 6, 3, 10, 1, 0, 4, 2, 13], "R": [[0.4294106562443252, 0.7208326701538808, -0.5440650236347166], [0.511884147205161, -0.6905855113733894, -0.5109464466274325], [-0.7440303139952453, -0.05909241169542084, -0.6655275942710083]], "T": [-0.1235595036228756, 0.03471978907652405, -0.04047368927584105], "aligned_model": [[0.30993580766908735, -0.5283076792568837, 0.19354798323348554, -0.04833292219651922, -0.5557588598958172, -0.2995283527949232, -0.6923510469093045, -0.06252707361846435, 0.5842597258948808, 0.16796703858493756, -0.14278517346834405], [0.21120468916175184, -0.544370844030601, -0.42539463290766677, -0.5811198763529334, -0.03266713100090354, -0.05688267643446816, 0.550953310332901, 0.6208492745223826, -0.010417999124588836, 0.24972201742877914, -0.06340087774518112], [-0.6170941779290928, -0.018279002982115877, -0.5131719880330607, 0.5274803009035793, 0.49257070274945436, -0.5686519332505451, -0.012302751903601316, 0.05218522992038244, -0.0446747598800718, 0.5088153823688306, -0.02151981592018158]], "inverted": false, "swapped": false, "error_lsq": 0.04167833803028027, "error_max": 0.21974376166050869, "target": "552.xyz", "model": "14.xyz", "model_rescale": 3.9786697098870705, "target_rescale": 3.831905829221073},
{"mapping": [0, 5, 2, 9, 7, 4, 10, 1, 0, 6, 11], "R": [[-0.031116295712018405, 0.916125658984374, 0.39968181481224435], [0.9790266727459027, -0.052615066644465636, 0.1968208038142466], [0.20134187391908803, 0.39742349164643676, -0.8952742697600022]], "T": [-0.11216284000926627, -0.08583784253875336, 0.04828977926499818], "aligned_model": [[0.4810982629201829, -0.7069781947248613, 0.06307971561585066, 0.32542670154939246, -0.625340719318758, -0.33398513545031583, -0.7031302025780222, -0.011023454482474201, 0.4810982629201829, 0.02162269098594588, -0.06574848019498786], [0.026309303648167, -0.5489586487544766, -0.5969830943762278, -0.27268199203235793, -0.08496663899215505, 0.03923234829262963, 0.489954376569118, 0.5852436434034054, 0.026309303648167, 0.30704853705130414, -0.05203188460810221], [-0.2970649187366457, -0.22806759873422783, -0.6313189276311216, 0.44956141415552847, 0.46485155209405854, -0.5085468634784664, -0.059143387356157096, 0.03866920686678703, -0.2970649187366457, 0.722898862536831, 0.13058276506363692]], "inverted": true, "swapped": false, "error_lsq": 0.06380513773954767, "error_max": 0.36402967647323414, "target": "552.xyz", "model": "15.xyz", "model_rescale": 3.769337070930944, "target_rescale": 3.831905829221073},
{"mapping": [4, 8, 6, 7, 9, 2, 3, 0, 5, 1, 10], "R": [[-0.5967910576425366, 0.6025165950847278, 0.5299190373683597], [0.7032959915965542, 0.07484708204058366, 0.7069460110321227], [0.38628380981102817, 0.7945889924719046, -0.46841557544595064]], "T": [-0.07310088429589048, -0.024741102927263853, 0.031718878031341075], "aligned_model": [[0.3789501204549933, -0.5731145404282348, 0.07105038524809182, 0.22726609051742755, -0.76872241081551, -0.48883264790697745, -0.6665880156454798, 0.07208181769918451, 0.594804948631776, 0.1822418778805215, -0.10301817839365746], [0.1190783202090717, -0.5438395327593332, -0.46324030959404106, -0.4418926158139528, -0.12547587081981385, 0.15756433960132502, 0.3313653235037749, 0.5817509237024961, -0.06935862282371603, 0.36490922306584384, 0.007614075577817705], [-0.5871497567934751, -0.17326130533689996, -0.5325911313969126, 0.5286100106962947, 0.44006050129847285, -0.5517686407509953, 0.0518354556141455, -0.1372767411361041, 0.07601331084016749, 0.6829493623132086, -0.012063879304324086]], "inverted": true, "swapped": false, "error_lsq": 0.035418403602876555, "error_max": 0.17445037047861628, "target": "552.xyz", "model": "16.xyz", "model_rescale": 3.7852294659196426, "target_rescale": 3.831905829221073},
{"mapping": [1, 10, 5, 11, 9, 4, 0, 3, 2, 8, 12], "R": [[0.12664689131074142, -0.5051112000666061, 0.8537114503675106], [0.17239058866504842, -0.836337125259738, -0.5204053207375916], [0.9768531362804972, 0.21307953557193265, -0.01884307988111661]], "T": [-0.024876634671652673, -0.059664802606363435, -0.04272712769747017], "aligned_model": [[0.3874851295524403, -0.6383744114190267, 0.006634849922406358, 0.19267832214007408, -0.6193915374766212, -0.4397876224980668, -0.5417557584223719, 0.15439146858909775, 0.5614320616555606, -0.057288560760327, -0.0799044940410307], [0.14734209197232373, -0.5813814360483779, -0.34021872465652214, -0.46049313739962683, -0.09147420966835203, 0.014954088885574937, 0.38579568701567507, 0.7113007481576309, 0.04579177695570506, 0.19570244161701011, -0.10884407298156867], [-0.5539610029932602, -0.01651057576743882, -0.636448892265129, 0.5316756588789713, 0.5840120345359148, -0.6119964649210887, -0.05489591379568109, -0.11999573614242612, 0.09586595823549302, 0.5555562072513245, 0.012055913026898332]], "inverted": false, "swapped": false, "error_lsq": 0.0442788698442748, "error_max": 0.2219125927057913, "target": "552.xyz", "model": "17.xyz", "model_rescale": 3.901054581598922, "target_rescale": 3.831905829221073},
{"mapping": [2, 10, 5, 11, 6, 8, 1, 0, 13, 7, 14], "R": [[-0.05546701926134445, -0.9894331793654154, 0.13396041708320938], [-0.1189689073362108, 0.13976042810059688, 0.983012422009186], [-0.9913474713043302, 0.03858764449903185, -0.1254638785887261]], "T": [-0.09037492247982924, -0.04787246423049708, -0.025807246380310542], "aligned_model": [[0.36987584922795885, -0.4928566202777771, 0.13925163539157465, -0.11005493351536008, -0.5462745127045652, -0.3423075081849969, -0.5549313366420002, 0.013860162469408674, 0.5996090691010468, -0.09239144154325521, -0.05766091607989894], [0.2933562945124506, -0.762139772059586, -0.3622742132178818, -0.4985668852729889, -0.03277098428159375, 0.06836044766562395, 0.45821868274068445, 0.7034707453829309, -0.20066825857970416, 0.32749040187412637, -0.07600120491458917], [-0.6220205163913368, -0.04267271504049193, -0.5141813152552095, 0.6323859053111138, 0.570559464802005, -0.6286655502892222, 0.09143028367732733, -0.03689539017911042, -0.19337136811254488, 0.5207965188809924, 0.007991868640055178]], "inverted": true, "swapped": false, "error_lsq": 0.05051605040823422, "error_max": 0.24060962933410573, "target": "552.xyz", "model": "18.xyz", "model_rescale": 3.9405287249114394, "target_rescale": 3.831905829221073},
{"mapping": [5, 13, 9, 4, 12, 11, 10, 2, 8, 1, 15], "R": [[-0.28329100679773794, 0.1334147223472088, -0.9497087539496207], [0.709715229533619, -0.6368681838770993, -0.30116973508825173], [-0.6450197659262595, -0.7593414437696012, 0.08573256871417706]], "T": [-0.1427771004712918, -0.08307498845970887, 0.12591358913112075], "aligned_model": [[0.33159609557110414, -0.564408952836625, 0.04125133493027136, 0.09679201170927867, -0.45128642333391, -0.45375460025754843, -0.5719562893335025, 0.036663777998762775, 0.5986639664431077, 0.00743775990882492, -0.14487923355762833], [0.23659487406507615, -0.5290455480785872, -0.39572060604715886, -0.6087163165946116, -0.20308547439324884, -0.014269381637887907, 0.5051274146655379, 0.7206061803219861, -0.1215785337190006, 0.37537691149469554, -0.046814266227328545], [-0.47744691059418887, -0.14733846739575931, -0.5503970641367025, 0.5742135593092004, 0.562443706284837, -0.5204392440771711, -0.17027417859703112, -0.15197637666942845, -0.0191890532681811, 0.5762210120419776, 0.10954020314602503]], "inverted": false, "swapped": false, "error_lsq": 0.04187363722498895, "error_max": 0.2563929703119021, "target": "552.xyz", "model": "19.xyz", "model_rescale": 4.410303926677745, "target_rescale": 3.831905829221073},
{"mapping": [7, 5, 8, 10, 3, 1, 0, 2, 12, 6, 13], "R": [[0.6231080662017701, 0.5489602049496183, 0.5571167123825709], [0.2808014426991471, 0.5077985492790493, -0.8144269047177722], [-0.729991018857334, 0.6639151502502157, 0.16226455452706026]], "T": [-0.017813810467970106, 0.053587662692155175, 0.07728604889566992], "aligned_model": [[0.23777724387939336, -0.45867865131920577, 0.1216224463733717, -0.03520378355900501, -0.6384390083614564, -0.37025816766550396, -0.5841775303234281, 0.01227958303424602, 0.7081138956724998, -0.0600926604204467, -0.00682392006832979], [0.16802423726132326, -0.6486645993192734, -0.5406758998691905, -0.6892006447254813, 0.018809168487980837, 0.13848335630668065, 0.492144579338899, 0.6793595173694458, 0.05480747622670559, 0.264813609314166, -0.01942554654178355], [-0.5772600902726787, -0.030188020392821285, -0.39011734208181753, 0.4281380578777588, 0.4508867927158185, -0.5797494048339753, 0.08498930895442643, -0.1374526325647432, -0.1317651764084316, 0.6158971530319197, 0.05197854001812193]], "inverted": false, "swapped": false, "error_lsq": 0.04672420210407562, "error_max": 0.2362615179888958, "target": "552.xyz", "model": "20.xyz", "model_rescale": 4.121658175737393, "target_rescale": 3.831905829221073},
{"mapping": [7, 10, 11, 2, 6, 9, 8, 5, 3, 1, 12], "R": [[-0.7439686382002385, 0.49230539269295864, -0.4518252601392653], [0.6245738775720353, 0.7526720367323666, -0.20830812892391798], [0.23752502358512728, -0.4371729697117414, -0.8674454782430433]], "T": [-0.1001962261891683, 0.0006876936399694928, 0.013413969685153598], "aligned_model": [[0.30212419359900167, -0.5910398388410458, 0.15250244237283916, 0.0830477800635686, -0.6059879349495091, -0.5254721120169207, -0.5940329890410123, 0.02902632141829302, 0.5927702886813427, 0.09737258450353935, -0.01419128854796127], [0.16790259929549137, -0.6009889692074698, -0.466521138882192, -0.45020879549144366, -0.06293406118223337, -0.02094935813109246, 0.4579394720887177, 0.6678242530545437, -0.04803206574467094, 0.2176346810810358, 0.05680863696878599], [-0.5128896640143199, -0.06228796536683631, -0.6883183816150029, 0.5959305998945671, 0.4168386612135079, -0.5708249661148483, -0.01395691681783312, -0.03277990727993807, 0.021444988406354032, 0.6429180885558387, -0.010717350817911229]], "inverted": true, "swapped": false, "error_lsq": 0.032351682627233334, "error_max": 0.18577930003071783, "target": "552.xyz", "model": "21.xyz", "model_rescale": 4.08911054899281, "target_rescale": 3.831905829221073},
{"mapping": [11, 0, 8, 7, 4, 1, 2, 15, 5, 14, 16], "R": [[0.07652166968417468, 0.9969369501801498, 0.016160180514093903], [0.023205914968604968, -0.017984055872637017, 0.9995689367146421], [0.9967978328523877, -0.07611367222695212, -0.024511004078008658]], "T": [-0.0006673930382693899, -0.05478354101391408, 0.1260754542273438], "aligned_model": [[0.28158868907455525, -0.5661420913375564, 0.14436656597907893, 0.0024877935017986394, -0.6649762949431373, -0.40251187777121916, -0.5676159202389303, -0.026906441793272635, 0.6611290812278733, 0.1011509685560539, -0.03645102501310863], [0.253347088695182, -0.5761099819996605, -0.2987423851510192, -0.6549406014838028, -0.049409968650793376, 0.034464080507494166, 0.37439230224132575, 0.637634886324342, -0.15697176308427033, 0.4336980098936204, -0.07888641344294617], [-0.5152357412182386, 0.033682241859010684, -0.5065470644669524, 0.5076481675802165, 0.3381060969131734, -0.5525660221123516, 0.0010502869832718642, -0.10058564013386817, -0.09598770765947257, 0.5296115512648716, 0.14618101703391687]], "inverted": false, "swapped": false, "error_lsq": 0.03880224632248092, "error_max": 0.188465302156612, "target": "552.xyz", "model": "22.xyz", "model_rescale": 4.204369325754507, "target_rescale": 3.831905829221073},
{"mapping": [5, 13, 9, 4, 12, 11, 10, 2, 8, 1, 15], "R": [[-0.28329100679773794, 0.1334147223472088, -0.9497087539496207], [0.709715229533619, -0.6368681838770993, -0.30116973508825173], [-0.6450197659262595, -0.7593414437696012, 0.08573256871417706]], "T": [-0.1427771004712918, -0.08307498845970887, 0.12591358913112075], "aligned_model": [[0.33159609557110414, -0.564408952836625, 0.04125133493027136, 0.09679201170927867, -0.45128642333391, -0.45375460025754843, -0.5719562893335025, 0.036663777998762775, 0.5986639664431077, 0.00743775990882492, -0.14487923355762833], [0.23659487406507615, -0.5290455480785872, -0.39572060604715886, -0.6087163165946116, -0.20308547439324884, -0.014269381637887907, 0.5051274146655379, 0.7206061803219861, -0.1215785337190006, 0.37537691149469554, -0.046814266227328545], [-0.47744691059418887, -0.14733846739575931, -0.5503970641367025, 0.5742135593092004, 0.562443706284837, -0.5204392440771711, -0.17027417859703112, -0.15197637666942845, -0.0191890532681811, 0.5762210120419776, 0.10954020314602503]], "inverted": false, "swapped": false, "error_lsq": 0.04187363722498895, "error_max": 0.2563929703119021, "target": "552.xyz", "model": "23.xyz", "model_rescale": 4.410303926677745, "target_rescale": 3.831905829221073},
{"mapping": [3, 11, 1, 13, 15, 10, 8, 4, 0, 5, 16], "R": [[-0.4868625821686038, 0.19425971096292968, -0.8516031885689008], [-0.6262549261223268, -0.7572803179954898, 0.1852870407885262], [-0.6089085264566745, 0.6235300190634362, 0.49034755198237956]], "T": [-0.13214757944776537, -0.14216854833729828, 0.11452811883414171], "aligned_model": [[0.30751615877427985, -0.462382206312666, 0.1640853059963854, 0.011686551451377702, -0.5935060313967262, -0.44828819376693274, -0.613192874536037, -0.07073400538431766, 0.613787882025332, 0.08261332818855932, -0.0654664677971193], [0.2876674918510326, -0.6075322652497294, -0.44097455120735973, -0.6396147073621711, 0.13213340983292818, 0.04133651351370174, 0.4924908523511372, 0.5182870369906797, -0.07433260416833494, 0.31497445035656546, -0.1059603730589774], [-0.5421207679249039, -0.15952149129440646, -0.6333330981042599, 0.5899707394404838, 0.584869489961525, -0.4241414928283086, -0.08921077398136229, -0.06962172700066155, 0.017758376239722318, 0.48936150145145413, 0.021346430084294904]], "inverted": false, "swapped": false, "error_lsq": 0.04057989202217431, "error_max": 0.2286573702100281, "target": "552.xyz", "model": "24.xyz", "model_rescale": 4.28219845311461, "target_rescale": 3.831905829221073},
{"mapping": [8, 2, 6, 4, 13, 14, 12, 11, 1, 9, 15], "R": [[0.6094588836715916, 0.6226316670167678, 0.4908051307206336], [0.1651326905147142, 0.5057946005590068, -0.8467012557973009], [-0.7754295994074181, 0.5970775739158819, 0.20544417024967052]], "T": [-0.025246773801882796, 0.0036382916333120045, 0.08526348768688999], "aligned_model": [[0.43833575566148913, -0.44232644999360526, 0.062315586953269775, 0.09054621090157193, -0.5538928845426934, -0.5558201151234351, -0.6102175822712977, -0.12913024179359767, 0.5987929605725661, 0.035640158193577756, -0.00812395131571068], [0.09620199212036398, -0.5020980881510093, -0.40947615917291563, -0.5876911960737767, -0.05883138955441877, 0.07679362074874116, 0.49565233325939856, 0.4938895847353293, -0.1393490312173903, 0.5201742468268061, -0.06679065967165612], [-0.4231352305031829, -0.112360605627604, -0.7108937948114081, 0.49947357289396144, 0.34898168096889015, -0.4562943136561668, 0.09756130515288056, -0.12766599814916982, 0.08272690089999998, 0.5169544331367503, 0.07000923573862668]], "inverted": true, "swapped": false, "error_lsq": 0.04566117795359978, "error_max": 0.23838607684949692, "target": "552.xyz", "model": "25.xyz", "model_rescale": 4.100010024507729, "target_rescale": 3.831905829221073},
{"mapping": [3, 0, 1, 6, 4, 8, 9, 7, 2, 5, 11], "R": [[0.7040464203648921, -0.2684115929605385, 0.6574753643565422], [0.6667211248689849, 0.5686375360729153, -0.4818031695852151], [-0.2445436149745423, 0.7775645113643692, 0.5793029009437745]], "T": [-0.10408393089153946, -0.05110967834358239, -0.06134490447325681], "aligned_model": [[0.3601909100655557, -0.5202439778714593, 0.0756909143721168, 0.07080580475998928, -0.5665525885173583, -0.2722785780826691, -0.6659714551250273, 0.03125796095832768, 0.6284353057708868, -0.028740527688313117, -0.18647432139991393], [0.2869084327616152, -0.6791118734261706, -0.5637484377895805, -0.4048911226061772, -0.111558053714285, 0.0895378647541686, 0.5394790627680777, 0.6119774399165332, -0.14723461856022746, 0.29117493957164275, 0.005941620173875686], [-0.6342884052400285, -0.1404873975030688, -0.5130406661118826, 0.45317857234989767, 0.6791335319859433, -0.6347441181382494, 0.0603031580752778, -0.0848883240070945, -0.01738071253799884, 0.60299746377817, 0.01457408339261141]], "inverted": false, "swapped": false, "error_lsq": 0.04408001776663951, "error_max": 0.23512564689420498, "target": "552.xyz", "model": "26.xyz", "model_rescale": 3.6694154284099745, "target_rescale": 3.831905829221073},
{"mapping": [1, 8, 5, 9, 10, 0, 2, 6, 3, 12, 13], "R": [[-0.8656265103366158, 0.08110938870280501, 0.49407692889540034], [0.03933846697573927, 0.9947585501121843, -0.09438173549317623], [-0.4991424943024305, -0.062263103383645255, -0.8642800913700291]], "T": [-0.17205162868735457, -0.10268240640841964, 0.009465437029849387], "aligned_model": [[0.2755117126756056, -0.39049147921664246, -0.06388040623802152, 0.021856393964469034, -0.6452998875306986, -0.4396449030062415, -0.519973320354559, 0.17521059637095582, 0.6004207016931038, 0.11463461425098886, -0.20222457536682503], [0.230297160739106, -0.7031891186245228, -0.3737914516262908, -0.38751603760130393, -0.2506330949263791, 0.15939048974496517, 0.4801546550191914, 0.48171611919523916, -0.074878838649407, 0.4110138007647325, -0.05408843018585854], [-0.6749747115777684, 0.01520239739208789, -0.7259102302015471, 0.5977961405997793, 0.35010806378322834, -0.5351858089746152, 0.04662862442195658, -0.085811748718957, 0.24471993911216172, 0.5420628630499763, 0.010721657157275091]], "inverted": true, "swapped": false, "error_lsq": 0.057390054274285875, "error_max": 0.2644592414980174, "target": "552.xyz", "model": "27.xyz", "model_rescale": 4.103607728864725, "target_rescale": 3.831905829221073},
{"mapping": [0, 8, 1, 13, 11, 5, 6, 9, 3, 10, 14], "R": [[0.1072637917194677, 0.5860905957628743, 0.8031141217437792], [0.9550764249747211, 0.1637155077056919, -0.24703492666862625], [-0.27626708353234686, 0.793533267163379, -0.5422005647927203]], "T": [-0.0512583260299046, -0.050915101331585735, 0.1261265586849108], "aligned_model": [[0.33028860754657713, -0.5302439092899625, 0.05231183418742963, -0.11150635237585277, -0.6354610668696383, -0.36502564679534794, -0.5292595245496508, -0.029255943774142205, 0.6815327461088792, 0.048712902241017736, 0.014025800812826172], [0.061190032658337765, -0.7011726132151508, -0.43274616503220065, -0.535957646682306, -0.10543568579624689, 0.23444277604131553, 0.3630411512710186, 0.715496274277586, 0.07992718543221027, 0.34931195168964274, -0.10962200679473431], [-0.4667866874085899, -0.015358267620375787, -0.6778256120197161, 0.551539813620407, 0.48361207856545396, -0.46991149431403695, 0.08841266208479182, -0.1606720197022904, 0.02902664542582853, 0.4254580402462363, -0.0021379728341308357]], "inverted": true, "swapped": false, "error_lsq": 0.0450680849339205, "error_max": 0.2001133478660374, "target": "552.xyz", "model": "28.xyz", "model_rescale": 4.137296879288765, "target_rescale": 3.831905829221073},
{"mapping": [2, 0, 1, 6, 9, 7, 8, 3, 5, 4, 10], "R": [[0.29567113471970324, 0.06862348631076826, -0.9528218076954995], [-0.8770379596159726, 0.4148575249289344, -0.24227598189356422], [0.3786594743119669, 0.9072949085806636, 0.18284679755847633]], "T": [-0.11989829166434757, 0.009013557526527244, -0.01723738098145205], "aligned_model": [[0.5083830106812615, -0.28296382992944025, 0.03036681196616378, 0.09525097031482022, -0.751130726738372, -0.6087883478277758, -0.6156356595246837, 0.00866947953955119, 0.46538048844452223, 0.2086263936903327, -0.13203914337424466], [0.20397395258100007, -0.6671990613163482, -0.37060642168543745, -0.33353384754773197, -0.1752049499572235, 0.02484603130328354, 0.5297353856221905, 0.6718522469830789, -0.32300979949598563, 0.33280135555241996, 0.024820361810226236], [-0.4407608461510456, -0.09888581461711965, -0.6499047785165722, 0.5764964763180092, 0.4051408507728052, -0.541401544619619, 0.02080362094283796, -0.11715697330343508, -0.037421220493708926, 0.6047457021810815, 0.06370171353034464]], "inverted": false, "swapped": false, "error_lsq": 0.054968283906934, "error_max": 0.3313566982126391, "target": "552.xyz", "model": "29.xyz", "model_rescale": 3.607286011436655, "target_rescale": 3.831905829221073},
{"mapping": [5, 11, 12, 1, 9, 10, 8, 4, 7, 3, 14], "R": [[-0.6613125732869726, -0.36338013576873596, 0.6562168523752325], [0.745428657373284, -0.2207745663790599, 0.6289632005187599], [-0.08367674216427207, 0.9051041198496632, 0.416874963330662]], "T": [0.012542535256119258, -0.08135052038137648, 0.03885601643584232], "aligned_model": [[0.30430253956486203, -0.41075935913513806, 0.03381123944194675, -0.09780835020241906, -0.6034408986301312, -0.4158573973166067, -0.5190648778450551, 0.04956579681514839, 0.7652479650147189, -0.05985893599308589, -0.12001827447210467], [0.2720534890751177, -0.4533855865571485, -0.43771597090693337, -0.5788492473670299, -0.10314062330234837, 0.022849509593180092, 0.34555592221074605, 0.6115690783637968, -0.12452541187637171, 0.4955345771687303, -0.13147048255226662], [-0.5698170777363617, -0.12526734782872065, -0.5780339461224487, 0.5663631325789008, 0.5232596792008831, -0.5311358694949738, 0.021726483628431943, -0.08500357132632821, -0.13681250463087594, 0.5758970273943426, 0.12418118038072831]], "inverted": true, "swapped": false, "error_lsq": 0.0477192805058168, "error_max": 0.25545901298104934, "target": "552.xyz", "model": "30.xyz", "model_rescale": 3.964800864290218, "target_rescale": 3.831905829221073},
