[{"mapping": [9, 8, 7, 3, 1, 6, 11, 10, 12, 5, 4, 13], "R": [[0.41383500402223217, -0.8773721003522437, -0.24281430552875466], [0.13995081712745214, -0.20223989323409253, 0.9692846817989136], [-0.8995300763350149, -0.4351059906599255, 0.03909499533913896]], "T": [-0.11082983476408723, 0.039101416777782755, 0.017656440393763607], "aligned_model": [[-0.1982962910407119, 0.06628028763250618, 0.43675877090481685, -0.24007963899002516, 0.006627342964500071, -0.5568092410918954, 0.4192170997447232, -0.22936517568322132, 0.5873938435231651, 0.3049571814602946, -0.629277123652194, -0.12976459331140944], [-0.3502184008596462, -0.6226979975824813, -0.4448742641397174, 0.7112469262663988, 0.34140860710464027, -0.7055960167488157, -0.22216727783948118, -0.5172827811215461, 0.16787950323000314, 0.48644542216905995, 0.22966741186767256, -0.020256096369029877], [-0.5430811458086139, 0.0026051634976302362, -0.46805293488854405, 0.07345099864418278, -0.5491885426155109, -0.12925430073211117, 0.47211759947694204, 0.5405084750797274, -0.10242905334737351, 0.42722166627441377, 0.4767054288317817, -0.018651609058962265]], "inverted": true, "swapped": true, "error_lsq": 0.044659993713670916, "error_max": 0.20411706743448468, "target": "553.xyz", "model": "0.xyz", "model_rescale": 3.751011558992144, "target_rescale": 3.9232020068816875},
{"mapping": [9, 5, 12, 10, 11, 4, 3, 2, 0, 13, 7, 1, 8, 14], "R": [[0.9145000745242043, -0.4039255371065074, 0.023103553156264035], [-0.3849170341094161, -0.8862107127802561, -0.25781669729852874], [0.12461336424170333, 0.22688043773479036, -0.9659175826257821]], "T": [0.026031130924579343, 0.029406383837572835, 0.04894630312645327], "aligned_model": [[-0.1536153857307661, -0.5513996625028231, 0.35002077946584487, 0.05030324862784126, 0.5775940034595329, 0.044337895486421884, -0.024320428012543298, -0.6388920698674105, 0.08617571691628235, -0.39365064024536367, 0.5858929038815871, 0.37015869951287306, -0.42640157942388657, 0.04177209057079902], [-0.42362498009193134, -0.08768380168590473, -0.6242175712708702, 0.14663749901843134, -0.35294238032135883, 0.727953280777579, -0.4076773294190563, -0.028571865697544763, 0.19266442017216498, -0.5535264384673089, -0.05198420915964888, 0.5538752123407238, 0.514448882535809, -0.021006832573705756], [-0.3945391348352319, -0.15829658396861315, 0.18959315529071022, -0.7623005631630332, -0.3827003221514516, -0.32155479681330906, 0.6733087280297888, 0.5370587508446886, 0.7873458974163912, 0.15645785565874365, 0.3947893171519509, 0.3525813042410776, 0.07031612304112717, 0.034299042500207697]], "inverted": false, "swapped": false, "error_lsq": 0.04641612766218959, "error_max": 0.2737215402132726, "target": "553.xyz", "model": "1.xyz", "model_rescale": 3.9405287249114394, "target_rescale": 3.9232020068816875},
{"mapping": [11, 12, 5, 9, 1, 11, 8, 7, 0, 4, 2, 10, 13], "R": [[0.9187108872264388, 0.3548210160141084, -0.17341381803744876], [0.22228025344229316, -0.8275121566567931, -0.5155726132319802], [-0.32643804101427815, 0.4351157055082464, -0.8391141329990941]], "T": [-0.041210186314994735, -0.15366590040507708, -0.06921032876584537], "aligned_model": [[-0.40212063527026276, 0.14055080043461815, -0.4493133281216586, 0.5461711072910895, 0.497988783706097, -0.40212063527026276, 0.06695158285802695, 0.5530939035564526, 0.08736795782207135, -0.5733024819760656, -0.05962269102404447, -0.5088109483465724, -0.000850136375557628], [0.4885961601397616, 0.4493035230088652, 0.16105618102574495, -0.19735001397408827, -0.21328645905791854, 0.4885961601397616, 0.2106618889973885, 0.4406589358998345, -0.8381617274222328, -0.6358392313057186, -0.7120060775924013, -0.024672772909162366, -0.15872397337781763], [0.04475950103146184, -0.4183685227152269, -0.5937491866003575, 0.28676980565492943, -0.43281577481992356, 0.04475950103146184, 0.5009995403153584, 0.18294037166608396, -0.31000551626884604, -0.0545259325471566, 0.3398185161199112, 0.5322034666366693, -0.009665419915721271]], "inverted": true, "swapped": true, "error_lsq": 0.056259161050262074, "error_max": 0.4993326502938101, "target": "553.xyz", "model": "2.xyz", "model_rescale": 3.932901565614263, "target_rescale": 3.9232020068816875},
{"mapping": [12, 9, 10, 5, 6, 4, 11, 8, 3, 8, 1, 0, 7, 13], "R": [[0.655081288963381, -0.22329602187050485, -0.7218084174259001], [-0.7552832344419939, -0.16774989167215637, -0.6335670521853389], [0.02038971850996335, 0.9602077173511923, -0.2785415568964488]], "T": [0.05788067330145527, 0.025893731740028448, 0.13504451522377814], "aligned_model": [[0.008339081373588547, -0.5586048565855478, 0.38516050078424824, -0.09980910676309282, 0.45920163266767644, 0.2503342165758804, -0.05064328584386296, -0.5562540939745547, -0.055079901466444064, -0.5562540939745547, 0.7321701306324598, 0.3652193939434861, -0.4732171025147588, 0.06741305728386554], [-0.49319799454197927, -0.17870352193939004, -0.6018312946786994, 0.0543805839583701, -0.11233602725210047, 0.7455701604602691, -0.6934065460576954, -0.14727695185905681, 0.1813419787428398, -0.14727695185905681, -0.022587929282037244, 0.5704463925458, 0.46911324416593236, -0.03989125624581777], [-0.422825738988035, -0.20828986204658195, 0.02552444385933307, -0.5657565394048174, -0.40023698266692265, -0.3213039000943586, 0.6532513841660674, 0.49786282718801106, 0.6080785828479587, 0.49786282718801106, 0.4379502384925113, 0.37578429080413545, -0.04168738250596582, 0.04014458440369989]], "inverted": false, "swapped": false, "error_lsq": 0.05110138538093311, "error_max": 0.3437792609597487, "target": "553.xyz", "model": "3.xyz", "model_rescale": 3.9243930471874484, "target_rescale": 3.9232020068816875},
{"mapping": [12, 11, 7, 1, 9, 5, 3, 8, 6, 10, 2, 4, 13], "R": [[0.7684345398240007, 0.5318314310387596, -0.35589842225660556], [-0.5872312972589143, 0.36503245740317686, -0.7224338783319968], [-0.25429856768194486, 0.7641378370434635, 0.5928116095973901]], "T": [-0.023929141256838753, -0.15779956199057413, -0.009251372845718933], "aligned_model": [[0.000686778182269799, -0.3923850131877, 0.5638675737303244, 0.3953525374512382, 0.6409756664685851, -0.587690033059277, -0.30002277717277515, 0.20746077637124516, 0.3983026275857514, -0.3142904726709486, 0.1205669768817324, -0.48734862500461895, 0.031729870735525474], [-0.5798537252536017, 0.015367853561601863, -0.12149215923359855, -0.6555939160612403, 0.01818000207821019, -0.5623818559863079, -0.6641584125668327, 0.3350369116036066, 0.6027102326521212, 0.5429581801217392, 0.2723466215921284, 0.036727092246428145, -0.11201727107266773], [-0.5921621430849056, -0.6337506485178936, -0.6597712667540024, 0.04462548342089462, -0.033328990100712344, -0.2526152989527377, 0.36353697085392334, -0.42535702956579996, 0.1263946733935405, -0.15627904705443768, 0.5137041724274234, 0.5038087859079052, -0.011735346602233666]], "inverted": true, "swapped": true, "error_lsq": 0.047352776203032514, "error_max": 0.27819983569324636, "target": "553.xyz", "model": "4.xyz", "model_rescale": 3.8936222436046832, "target_rescale": 3.9232020068816875},
{"mapping": [10, 4, 11, 8, 5, 3, 0, 1, 9, 2, 12, 13], "R": [[-0.4481693924387761, -0.44917422440544574, 0.7729079581753733], [-0.7351478316511246, 0.6771142956894899, -0.03277035537762557], [-0.5086274287724839, -0.582888279778117, -0.6336713596160076]], "T": [-0.0628699400336292, -0.006954359117227884, -0.01904760901902703], "aligned_model": [[0.043316009081185464, -0.4887807736800194, -0.1566583506934446, 0.4572916711443825, -0.6768295102582835, -0.617695446112876, -0.22673513873478013, 0.0561201226114833, 0.5941660601271348, 0.13894541119481837, -0.10208701242931753, 0.00649499996481373], [-0.4546448440265204, -0.5845324408248042, 0.22796209836830642, -0.023500761122798426, 0.3350854581264457, 0.040127356665192, -0.3002097237364221, 0.3868465274133628, 0.014322868338903411, -0.6394309265982113, 0.6935644736366219, -0.026667181130268173], [-0.6397617355107768, 0.00980520608849255, -0.7203064918239261, -0.4648402918621779, -0.23538435074457298, 0.3828853460759804, 0.6368477229165899, 0.48816170422896676, 0.18466276392114675, 0.17750092273794363, -0.18108468029663316, -0.019201396455514635]], "inverted": false, "swapped": true, "error_lsq": 0.04360593954652975, "error_max": 0.21758052932071467, "target": "553.xyz", "model": "5.xyz", "model_rescale": 3.6523030999806103, "target_rescale": 3.9232020068816875},
{"mapping": [7, 8, 6, 9, 2, 12, 10, 1, 11, 3, 4, 0, 13], "R": [[-0.4323320494634205, -0.8898243617453413, -0.14595069116401826], [0.8831569989031377, -0.45051974147482743, 0.1306356682910848], [-0.1819964678095765, -0.07241938819094478, 0.980628736025458]], "T": [0.005910338718312189, -0.0723455688625014, -0.09543157566290128], "aligned_model": [[0.02048464290127827, -0.10992452584754248, 0.3868819133455667, 0.48504436050186905, 0.44328328646889276, -0.34367619764429924, -0.33358703472947787, 0.3743915488020324, -0.6877019129832562, 0.060087955105881184, -0.01315512453889875, 0.5543143958731994, 0.044639597409049256], [-0.594527905777571, 0.015500330982165383, 0.41981849088487555, -0.20837405870146494, 0.4623294310210776, -0.696577324570616, 0.514189678811006, -0.597470290869752, -0.09995835168755146, -0.17444197980607168, 0.5129251861367271, 0.047235784456399574, -0.05982208671604078], [0.6096305029419558, 0.574223845632723, 0.5272158862662158, 0.37951450662491515, -0.04836865166457343, -0.013917190196983703, 0.27565627047703445, -0.21776180429880893, 0.1763874950414167, -0.772365279435669, -0.5112724287298126, -0.5729276371259427, -0.03590577605068049]], "inverted": false, "swapped": true, "error_lsq": 0.05281981476760126, "error_max": 0.3308458008377912, "target": "553.xyz", "model": "6.xyz", "model_rescale": 4.08911054899281, "target_rescale": 3.9232020068816875},
{"mapping": [2, 1, 6, 13, 7, 12, 3, 9, 8, 0, 4, 10, 11, 14], "R": [[0.12251590458200595, -0.8859503681467136, 0.44730503943635147], [0.23729938337644965, -0.411478009720096, -0.8799857102055383], [0.9636798512854826, 0.21395745534449506, 0.15982287548689258]], "T": [0.07426947173516832, 0.038766932297559814, 0.06867480784755386], "aligned_model": [[-0.09305451550894947, -0.5974553389263495, 0.2064814774618258, -0.08858540512550764, 0.5619227603698411, 0.26909060238096894, 0.027391533442885252, -0.5703933899398226, 0.04346612774850938, -0.3282118951325087, 0.5653090878396216, 0.26114665983746643, -0.260689562528134, -0.07844256978145778], [-0.5437499226624776, -0.15498159131855743, -0.44244247045550344, 0.20480124634948124, -0.2557736637019292, 0.5964574257656379, -0.4914142414772018, 0.03753630307947933, 0.24070405634514166, -0.7952685700515133, -0.0868594368860672, 0.6922479780209159, 0.5172407601437187, 0.06584601300625337], [-0.46312998742177414, -0.15312092519011816, 0.07869791601068932, -0.62544724049238, -0.45547123280285984, -0.3301082892872427, 0.6544749598977683, 0.5147303965767276, 0.7193832872879367, 0.23314277813217926, 0.5585192734526937, 0.3080789388671973, 0.01039698711962296, 0.12621191109260657]], "inverted": true, "swapped": false, "error_lsq": 0.051408510514434826, "error_max": 0.43008721542368583, "target": "553.xyz", "model": "7.xyz", "model_rescale": 3.964800864290218, "target_rescale": 3.9232020068816875},
{"mapping": [8, 1, 9, 5, 10, 3, 12, 2, 4, 7, 11, 6, 0, 13], "R": [[0.5123184113248886, -0.4528141106705825, -0.7297185941136158], [0.720156655155141, -0.23639636550480164, 0.6522968269215172], [-0.46787203106544195, -0.8596953760220709, 0.20498688492917888]], "T": [-0.03797320301709214, 0.029654765651477306, 0.10032986094354712], "aligned_model": [[-0.05978243486167464, -0.7205460463920367, 0.3816185999047235, 0.08561831873611742, 0.6119230655722592, 0.06751787816875904, 0.03945259177802891, -0.5161906897224392, 0.08034540081444799, -0.5293549879397788, 0.671992825811202, 0.2676081874511332, -0.44498283643089614, -0.017244300751456464], [-0.6019605090326069, -0.0707090944823393, -0.5133895749174644, -0.046864601959247146, -0.0896668319205277, 0.6530288122738707, -0.5857307035645075, 0.16627108825690376, 0.15882997816378672, -0.47091166994677314, -0.07086818258025003, 0.46403597666060986, 0.6175091775527781, -0.025229978346854972], [-0.33744186450178015, -0.19486719229119992, 0.04645695601465122, -0.723041650040141, -0.38806670889876255, -0.25497159625902244, 0.5315848990204783, 0.5376543898246553, 0.7818046348520147, 0.22210978523474612, 0.5162345366593455, 0.33365109979737306, 0.056401268440713664, 0.048850215389974756]], "inverted": true, "swapped": false, "error_lsq": 0.038601078622352084, "error_max": 0.21750402504031743, "target": "553.xyz", "model": "8.xyz", "model_rescale": 4.121658175737393, "target_rescale": 3.9232020068816875},
{"mapping": [5, 11, 10, 4, 12, 1, 8, 9, 6, 7, 0, 2, 13], "R": [[-0.46550828944655304, 0.6502308536945804, -0.6004180788085595], [-0.3917010611209517, 0.4569828878484458, 0.7985843217409264], [0.7936449528430612, 0.6069320201779703, 0.04196679293707345]], "T": [-0.14607301191887914, 0.0847265505909861, -0.06570904659780394], "aligned_model": [[-0.7050593326017305, -0.21880864621386487, 0.4190606042080566, 0.07718186522911027, -0.6908811725357414, -0.5176522586286672, 0.2581923150009565, 0.14806247976202483, 0.6925880928729963, -0.16185672630615724, -0.15680013167343973, 0.4249557919253182, -0.09224538460366431], [0.12605822834093905, -0.3963074050662881, -0.07771149380862852, 0.6814166601800781, -0.38525815067461733, 0.08059416717158746, -0.4669444302518371, -0.19668360163210058, -0.07161642243739536, -0.7228611635232004, 0.7244587858503632, 0.44009653417720734, 0.0551457310856021], [-0.5416976619813821, -0.6305646827499486, -0.5669336774262076, -0.39729182144322495, -0.09432853261487997, 0.47132991614878295, -0.10815519583945979, 0.48921399375852537, 0.1516825133158198, 0.27714995705685586, 0.29990932650460156, 0.09868575163499821, -0.027924452405392042]], "inverted": true, "swapped": true, "error_lsq": 0.047226426315234916, "error_max": 0.2538995373192122, "target": "553.xyz", "model": "9.xyz", "model_rescale": 3.833441315466971, "target_rescale": 3.9232020068816875},
{"mapping": [10, 11, 0, 8, 13, 9, 1, 6, 6, 12, 5, 4, 7, 14], "R": [[-0.7433417585200983, -0.5242213737328729, 0.41549365983353787], [-0.5853959395683945, 0.8103656503483374, -0.024881854278832896], [-0.3236581900355448, -0.26172402269783324, -0.9092556911924057]], "T": [-0.006125952747864309, 0.006017953016117603, 0.06941087102816307], "aligned_model": [[-0.1497141999222968, -0.6008870685387603, 0.3224742479630637, -0.07185438648447989, 0.7124913797894257, 0.11485501257772257, 0.12127375725380538, -0.240545040491689, -0.240545040491689, -0.43052929755473535, 0.6165960226312778, 0.1900294709484481, -0.43482629880517326, 0.009157013263469464], [-0.5605171279772732, -0.01446752439708628, -0.590360051675123, 0.057697271114188084, -0.21512902130947342, 0.5799165402724107, -0.4890355257214398, 0.06319511706295422, 0.06319511706295422, -0.3613147690953607, -0.0008367977973903198, 0.47068111546065133, 0.4895182945924598, 0.09180124856490676], [-0.5086674634534678, -0.26402074325262515, 0.08275797996226703, -0.7055526013085593, -0.19586198197093535, -0.49086954457355586, 0.6026090518157183, 0.7042400065109555, 0.7042400065109555, 0.28842806097836865, 0.33323951852155886, 0.6870869797710899, -0.09293878178242984, 0.03166828551370697]], "inverted": false, "swapped": false, "error_lsq": 0.05142277089261911, "error_max": 0.38050908127773947, "target": "553.xyz", "model": "10.xyz", "model_rescale": 4.2482417240324, "target_rescale": 3.9232020068816875},
{"mapping": [9, 7, 10, 11, 0, 4, 2, 5, 12, 3, 1, 13], "R": [[-0.6330290877300373, -0.7687091686689378, -0.09143515785510392], [-0.43581131182498095, 0.25626387164909925, 0.8627846362637688], [-0.6397989329258579, 0.5860162472933025, -0.49723463609769686]], "T": [-0.0076201733374151315, 0.05892731498654007, -0.009343955802275442], "aligned_model": [[-0.5420152357070971, -0.19636291768856998, 0.4236962634794278, 0.637625034907518, -0.4744940314312829, 0.1761700339180723, -0.31601278329070603, 0.5321215264592923, 0.18496345869296824, -0.02819198121487996, -0.4734854764386355, -0.04724828932310069], [-0.34518129098191314, -0.7804450679764302, -0.10642644499328952, -0.31308933195552713, 0.6290701601882747, 0.6597370724627791, 0.2959081795956256, 0.2556927693596361, -0.31483414659413744, 0.6421831906617207, 0.027303026937124435, 0.016213273346776268], [0.1480253355351317, -0.1820561939006854, 0.6100206527170544, -0.04109713390079993, -0.00545353525231719, 0.3386183390865867, 0.5634748966067017, -0.46836620987811395, -0.5939246095955657, -0.3712659291052861, -0.46592744702578015, 0.033144124567430516]], "inverted": true, "swapped": true, "error_lsq": 0.05297788862643488, "error_max": 0.3129677414005404, "target": "553.xyz", "model": "11.xyz", "model_rescale": 3.6694154284099745, "target_rescale": 3.9232020068816875},
{"mapping": [5, 6, 12, 7, 10, 9, 1, 4, 3, 0, 2, 8, 11, 13], "R": [[-0.5189999766827251, 0.8348972597932237, 0.18326371652102036], [0.670176284886299, 0.26437305395592237, 0.6935204651039628], [0.5305683475098462, 0.4827561019104627, -0.6967379526686386]], "T": [-0.02254882578314147, -0.05425412040376204, 0.01818527971087472], "aligned_model": [[-0.2857109779768364, -0.5472276155629527, 0.36819514324395347, 0.07739770968008541, 0.5510034274896629, 0.23346514851252856, 0.1254328864539111, -0.49695629152612814, 0.028798553593808625, -0.44893199354829716, 0.4922743444227668, 0.2844861025887271, -0.3845564231952102, -0.07969444203763004], [-0.5756069383189859, -0.04920064067480765, -0.604564797931872, 0.026774253902101586, -0.0001553607108451538, 0.6208349554184369, -0.4547367431041076, 0.05198462214501881, 0.2004664737448601, -0.5869908160430868, -0.05496945626529179, 0.5550935336500318, 0.5890746836967282, -0.133659883350802], [-0.5327300616813573, -0.19286320607258559, -0.06084515198473181, -0.7136688116733239, -0.24947107510592972, -0.3330950236950435, 0.7490673330272799, 0.5761543969380408, 0.8389957122414397, 0.23061614326723912, 0.4197698475245054, 0.3453287353536695, 0.007831626362967498, 0.09126830874087674]], "inverted": false, "swapped": false, "error_lsq": 0.04459810923189957, "error_max": 0.25062455437472453, "target": "553.xyz", "model": "12.xyz", "model_rescale": 3.9764082729961374, "target_rescale": 3.9232020068816875},
{"mapping": [11, 13, 8, 14, 3, 6, 2, 9, 0, 1, 7, 4, 5, 15], "R": [[-0.5823029058513175, 0.8016732832095128, -0.13506766017515798], [0.7847417236410159, 0.5108691517950643, -0.350988798854207], [-0.2123764417585885, -0.31037502594808075, -0.9265870656628492]], "T": [-0.13509198003835388, -0.04046868319911069, 0.06822973142663341], "aligned_model": [[-0.0038040957709028766, -0.4595617844350388, 0.17930420216060727, 0.12927947372256676, 0.6009346710938056, -0.13001981418072228, 0.1264157180491456, -0.4692860693527018, 0.048702101893058375, -0.41542785485832473, 0.5228502748815747, 0.26027839393762364, -0.43257247635233886, -0.03911716864996301], [-0.5348091990268109, 0.018901009374127795, -0.6728093354878957, 0.05266696949596868, -0.28712096881710525, 0.5701243062552701, -0.4993712033589706, 0.09446088207555862, 0.15565355467918446, -0.5137747823933692, -0.011288525786852452, 0.5306901788149052, 0.679751402882179, 0.0012695974511887503], [-0.5391709967629121, -0.44720710449551443, 0.03735617105112354, -0.6802631036816715, -0.25714830430443575, -0.3909099859382518, 0.6659602014028811, 0.5494858478550531, 0.7426655969904836, 0.38558711989495315, 0.4387620600125017, 0.25077710474155646, 0.3774420981789402, 0.0430220682983396]], "inverted": false, "swapped": false, "error_lsq": 0.0459124589372882, "error_max": 0.34150957160224615, "target": "553.xyz", "model": "13.xyz", "model_rescale": 4.170626492500431, "target_rescale": 3.9232020068816875},
{"mapping": [2, 3, 0, 6, 4, 5, 7, 9, 10, 1, 8, 12, 11, 13], "R": [[0.7124709622641577, 0.6386048527700957, -0.2908074447961565], [-0.27850843111718615, 0.6377454592480701, 0.7181321487060106], [0.644063802528157, -0.43065597781402337, 0.6322319566788906]], "T": [0.00673185739712899, -0.1005235276101626, 0.056858846822561544], "aligned_model": [[0.08618778771584946, -0.597218439635369, 0.07083819548497879, -0.18081703758196804, 0.659412218052894, 0.14369265325537356, 0.15842021300623438, -0.6021225842993838, 0.03512505816848625, -0.49234087689816314, 0.6360760451032245, 0.44356684581374056, -0.4176160958146799, -0.02522841023282834], [-0.48890944215329535, -0.1790369708869483, -0.6889575938283834, 0.3055025240269884, -0.09216486353778648, 0.7227888250450601, -0.48689541927616936, 0.09952331148534214, 0.15828628326093874, -0.570807047541273, -0.11226975685136839, 0.4662804970389345, 0.46319405531727165, -0.012190515941932906], [-0.4682842801038272, -0.2664881531156841, 0.13098127027686673, -0.6555016829754842, -0.22063279294737165, -0.3045527450217306, 0.753376762594902, 0.5524231407927823, 0.5573981688759356, 0.4040969303611789, 0.45099614815813843, 0.21052898615619173, 0.014303560023559932, 0.01771346016758902]], "inverted": false, "swapped": false, "error_lsq": 0.04904949939418361, "error_max": 0.32257966016985234, "target": "553.xyz", "model": "14.xyz", "model_rescale": 3.9786697098870705, "target_rescale": 3.9232020068816875},
{"mapping": [8, 12, 10, 6, 11, 4, 1, 3, 2, 9, 5, 13], "R": [[-0.6709710329844303, 0.7152772867794872, -0.19538750193700138], [-0.6713498946145551, -0.4741685761488208, 0.5696081814668973], [0.31478118097629715, 0.513363968749634, 0.7983547104469244]], "T": [-0.01339932079078545, 0.02477393273650111, 0.05528642178281823], "aligned_model": [[0.11360667151130754, -0.7016288474119088, 0.47523739423123373, 0.6460240911740194, -0.22687625728139485, 0.480459493485151, -0.40490451591305715, -0.17428757227171682, 0.6341158033287391, 0.06859572687743526, -0.4448951704220735, 0.017907779459601682], [-0.35444781947005544, -0.003925433565027701, 0.15178641053899625, -0.5100767244382758, 0.25828720676832906, 0.5125669398020609, -0.2796337075117331, 0.4436405093513497, -0.12099639686192204, -0.6577234297878268, 0.6135337882427271, -0.038336852844183464], [-0.5011606483073017, -0.15456374223685576, -0.529598390901789, -0.1774155388882625, -0.6197285240679704, 0.2396513247494631, 0.480208451615165, 0.5751555323086119, 0.2524222754093301, 0.08876931688050266, -0.03366491640955582, 0.039891353722491876]], "inverted": true, "swapped": true, "error_lsq": 0.05154671907693847, "error_max": 0.3288314870344971, "target": "553.xyz", "model": "15.xyz", "model_rescale": 3.769337070930944, "target_rescale": 3.9232020068816875},
{"mapping": [8, 7, 10, 11, 6, 9, 2, 1, 4, 5, 13], "R": [[0.06862172829766601, 0.9496378898062741, 0.3057432528278074], [-0.9976362678057766, 0.06642418393665528, 0.017598435922269645], [-0.0035966045101105126, -0.30622819274625357, 0.9519513424557798]], "T": [0.013675772862661159, 0.021298462773411207, 0.1946147831323136], "aligned_model": [[-0.2104202592499408, -0.29792697519380124, -0.1875648258795253, -0.692409095052992, 0.3888964276715919, 0.3058203245530972, 0.5804590147005962, 0.2072917175910353, 0.27858568913803355, -0.4904743645502008, 0.040368476963276584], [0.01401824722239103, -0.5953851551630669, 0.6077749778958428, 0.19985419573479132, 0.2069032344699507, -0.3715610475774156, 0.33635590436843604, -0.5683503374678999, 0.6408575627889442, 0.11878293879382862, 0.006813976559539537], [-0.452919747292163, -0.3463143996518462, -0.2664012377627111, 0.03552978003151397, -0.5798624554977146, -0.2890792399891253, -0.04804327877185652, 0.39790329487606657, 0.4432072638571204, 0.720987837298815, 0.12920979012567713]], "inverted": true, "swapped": true, "error_lsq": 0.045332763619128934, "error_max": 0.27311923119787057, "target": "553.xyz", "model": "16.xyz", "model_rescale": 3.7852294659196426, "target_rescale": 3.9232020068816875},
{"mapping": [2, 3, 1, 0, 4, 5, 11, 12, 9, 6, 10, 7, 13], "R": [[-0.6648355601645879, -0.4860264846203902, 0.5672494461770626], [0.39553124107452664, 0.41514234591275123, 0.8192752101486426], [-0.633678716128831, 0.7690481707133848, -0.08376273543595286]], "T": [-0.05327768964805332, 0.05277435046777461, 0.03172759872404729], "aligned_model": [[0.10166977431217222, -0.471020858596495, 0.24876532011388333, -0.07924236533907417, -0.5338134887057449, -0.6478555995487985, -0.29341034437783353, -0.03435170194693386, 0.6303695891831123, 0.48831635993608746, -0.17768560639695233, 0.6119008152918112, 0.010123956291048883], [-0.05887962885476605, -0.4852485417374874, -0.4176350984363831, -0.6118500026154915, -0.06867400856470827, 0.08301041806660751, 0.6937486776940484, 0.17255076430783078, 0.03302791081693955, 0.3705845044167415, 0.6950611831304315, 0.3970241057941241, 0.0723353396849874], [-0.6337887737669277, 0.1190210280787985, 0.36934281064688945, -0.28552546049390193, -0.4880460111661612, 0.4633548285707909, 0.32708204452379525, 0.7415276015103827, -0.044975844658624475, -0.5853034018988923, -0.379342404721252, 0.4889244934409923, 0.003483787077284313]], "inverted": false, "swapped": true, "error_lsq": 0.04230107967229876, "error_max": 0.2804020303463674, "target": "553.xyz", "model": "17.xyz", "model_rescale": 3.901054581598922, "target_rescale": 3.9232020068816875},
{"mapping": [9, 5, 12, 10, 11, 4, 3, 2, 0, 13, 7, 1, 8, 14], "R": [[0.9145000745242043, -0.4039255371065074, 0.023103553156264035], [-0.3849170341094161, -0.8862107127802561, -0.25781669729852874], [0.12461336424170333, 0.22688043773479036, -0.9659175826257821]], "T": [0.026031130924579343, 0.029406383837572835, 0.04894630312645327], "aligned_model": [[-0.1536153857307661, -0.5513996625028231, 0.35002077946584487, 0.05030324862784126, 0.5775940034595329, 0.044337895486421884, -0.024320428012543298, -0.6388920698674105, 0.08617571691628235, -0.39365064024536367, 0.5858929038815871, 0.37015869951287306, -0.42640157942388657, 0.04177209057079902], [-0.42362498009193134, -0.08768380168590473, -0.6242175712708702, 0.14663749901843134, -0.35294238032135883, 0.727953280777579, -0.4076773294190563, -0.028571865697544763, 0.19266442017216498, -0.5535264384673089, -0.05198420915964888, 0.5538752123407238, 0.514448882535809, -0.021006832573705756], [-0.3945391348352319, -0.15829658396861315, 0.18959315529071022, -0.7623005631630332, -0.3827003221514516, -0.32155479681330906, 0.6733087280297888, 0.5370587508446886, 0.7873458974163912, 0.15645785565874365, 0.3947893171519509, 0.3525813042410776, 0.07031612304112717, 0.034299042500207697]], "inverted": false, "swapped": false, "error_lsq": 0.04641612766218959, "error_max": 0.2737215402132726, "target": "553.xyz", "model": "18.xyz", "model_rescale": 3.9405287249114394, "target_rescale": 3.9232020068816875},
{"mapping": [4, 8, 12, 7, 13, 9, 3, 2, 10, 1, 14, 11, 5, 15], "R": [[0.013883283065390994, -0.2870643048894481, -0.9578107011876953], [-0.6491832940297586, -0.7311482882273672, 0.20972179518319783], [-0.7605052959736693, 0.6188830790064705, -0.19650808969473144]], "T": [-0.018357189103505426, -0.1332084049246795, 0.016010986781459166], "aligned_model": [[-0.030148665019034255, -0.6245498615726324, 0.2515887557888528, 0.014697779255831819, 0.5966223232545674, 0.05827083202325822, 0.1009865090630177, -0.5254213882317276, 0.10849887285909177, -0.42638222252183877, 0.6324707620032909, 0.30031078376709736, -0.507066620303442, -0.031902288227944095], [-0.5814736162930552, 0.09212107575484119, -0.6080004403868322, 0.07387937180545667, 0.0642881291921627, 0.5401775424121018, -0.5863326233781962, 0.2094919611649358, 0.14642948173786335, -0.5362196813374902, -0.12917041194688952, 0.4768394813634585, 0.5374060271067751, -0.11509241103775297], [-0.5615565763561162, -0.37645458434216494, 0.058915206938346024, -0.6560363112095939, -0.16871898848955352, -0.34411310192141725, 0.7272522392639011, 0.6330747112520725, 0.7396229192651452, 0.34253343190204155, 0.4357080617617676, 0.22933117195326164, 0.06799192719457592, 0.04880866603078124]], "inverted": true, "swapped": false, "error_lsq": 0.04113435880479367, "error_max": 0.3231997644739419, "target": "553.xyz", "model": "19.xyz", "model_rescale": 4.410303926677745, "target_rescale": 3.9232020068816875},
{"mapping": [8, 1, 9, 5, 10, 3, 12, 2, 4, 7, 11, 6, 0, 13], "R": [[0.5123184113248886, -0.4528141106705825, -0.7297185941136158], [0.720156655155141, -0.23639636550480164, 0.6522968269215172], [-0.46787203106544195, -0.8596953760220709, 0.20498688492917888]], "T": [-0.03797320301709214, 0.029654765651477306, 0.10032986094354712], "aligned_model": [[-0.05978243486167464, -0.7205460463920367, 0.3816185999047235, 0.08561831873611742, 0.6119230655722592, 0.06751787816875904, 0.03945259177802891, -0.5161906897224392, 0.08034540081444799, -0.5293549879397788, 0.671992825811202, 0.2676081874511332, -0.44498283643089614, -0.017244300751456464], [-0.6019605090326069, -0.0707090944823393, -0.5133895749174644, -0.046864601959247146, -0.0896668319205277, 0.6530288122738707, -0.5857307035645075, 0.16627108825690376, 0.15882997816378672, -0.47091166994677314, -0.07086818258025003, 0.46403597666060986, 0.6175091775527781, -0.025229978346854972], [-0.33744186450178015, -0.19486719229119992, 0.04645695601465122, -0.723041650040141, -0.38806670889876255, -0.25497159625902244, 0.5315848990204783, 0.5376543898246553, 0.7818046348520147, 0.22210978523474612, 0.5162345366593455, 0.33365109979737306, 0.056401268440713664, 0.048850215389974756]], "inverted": true, "swapped": false, "error_lsq": 0.038601078622352084, "error_max": 0.21750402504031743, "target": "553.xyz", "model": "20.xyz", "model_rescale": 4.121658175737393, "target_rescale": 3.9232020068816875},
{"mapping": [7, 8, 6, 9, 2, 12, 10, 1, 11, 3, 4, 0, 13], "R": [[-0.4323320494634205, -0.8898243617453413, -0.14595069116401826], [0.8831569989031377, -0.45051974147482743, 0.1306356682910848], [-0.1819964678095765, -0.07241938819094478, 0.980628736025458]], "T": [0.005910338718312189, -0.0723455688625014, -0.09543157566290128], "aligned_model": [[0.02048464290127827, -0.10992452584754248, 0.3868819133455667, 0.48504436050186905, 0.44328328646889276, -0.34367619764429924, -0.33358703472947787, 0.3743915488020324, -0.6877019129832562, 0.060087955105881184, -0.01315512453889875, 0.5543143958731994, 0.044639597409049256], [-0.594527905777571, 0.015500330982165383, 0.41981849088487555, -0.20837405870146494, 0.4623294310210776, -0.696577324570616, 0.514189678811006, -0.597470290869752, -0.09995835168755146, -0.17444197980607168, 0.5129251861367271, 0.047235784456399574, -0.05982208671604078], [0.6096305029419558, 0.574223845632723, 0.5272158862662158, 0.37951450662491515, -0.04836865166457343, -0.013917190196983703, 0.27565627047703445, -0.21776180429880893, 0.1763874950414167, -0.772365279435669, -0.5112724287298126, -0.5729276371259427, -0.03590577605068049]], "inverted": false, "swapped": true, "error_lsq": 0.05281981476760126, "error_max": 0.3308458008377912, "target": "553.xyz", "model": "21.xyz", "model_rescale": 4.08911054899281, "target_rescale": 3.9232020068816875},
{"mapping": [0, 1, 13, 6, 7, 5, 3, 15, 14, 2, 12, 9, 11, 16], "R": [[0.805929891272095, 0.3582907478757461, -0.47127990657441343], [-0.3147482480056537, 0.933555134800428, 0.17148863129993924], [0.5014085666714528, 0.01012671093660436, 0.8651513734567414]], "T": [-0.021137986634100728, 0.00258127985967423, 0.028725370609789455], "aligned_model": [[-0.08726629594774414, -0.7618626148705645, 0.39682870565867495, 0.12885387615598798, 0.5560604758107547, 0.12300697216562827, 0.13150028761336435, -0.5281477996116403, 0.11444764782577836, -0.5496818043813722, 0.6352481160377932, 0.31949972593238773, -0.5515523439267506, -0.008959376323908632], [-0.55251281049284, -0.08570913314578756, -0.49187824915374406, 0.029745714581091338, -0.23139733784826239, 0.6757350202394905, -0.5655797071202742, 0.1688993170211731, 0.010161364521207934, -0.40112975361701003, -0.020100300920668106, 0.535317199798141, 0.5541242053099998, -0.041331643015138655], [-0.5075366882218123, -0.24243917235502566, 0.16117756700495267, -0.7008831978256381, -0.3146288625317458, -0.1255967814405729, 0.6676099246594269, 0.5255013542819071, 0.6559268246831196, 0.3096393495136158, 0.36578966143068303, 0.3569112934451613, 0.00990938745797569, 0.014978113140999404]], "inverted": false, "swapped": false, "error_lsq": 0.03609801461094675, "error_max": 0.22728144016153007, "target": "553.xyz", "model": "22.xyz", "model_rescale": 4.204369325754507, "target_rescale": 3.9232020068816875},
{"mapping": [4, 8, 12, 7, 13, 9, 3, 2, 10, 1, 14, 11, 5, 15], "R": [[0.013883283065390994, -0.2870643048894481, -0.9578107011876953], [-0.6491832940297586, -0.7311482882273672, 0.20972179518319783], [-0.7605052959736693, 0.6188830790064705, -0.19650808969473144]], "T": [-0.018357189103505426, -0.1332084049246795, 0.016010986781459166], "aligned_model": [[-0.030148665019034255, -0.6245498615726324, 0.2515887557888528, 0.014697779255831819, 0.5966223232545674, 0.05827083202325822, 0.1009865090630177, -0.5254213882317276, 0.10849887285909177, -0.42638222252183877, 0.6324707620032909, 0.30031078376709736, -0.507066620303442, -0.031902288227944095], [-0.5814736162930552, 0.09212107575484119, -0.6080004403868322, 0.07387937180545667, 0.0642881291921627, 0.5401775424121018, -0.5863326233781962, 0.2094919611649358, 0.14642948173786335, -0.5362196813374902, -0.12917041194688952, 0.4768394813634585, 0.5374060271067751, -0.11509241103775297], [-0.5615565763561162, -0.37645458434216494, 0.058915206938346024, -0.6560363112095939, -0.16871898848955352, -0.34411310192141725, 0.7272522392639011, 0.6330747112520725, 0.7396229192651452, 0.34253343190204155, 0.4357080617617676, 0.22933117195326164, 0.06799192719457592, 0.04880866603078124]], "inverted": true, "swapped": false, "error_lsq": 0.04113435880479367, "error_max": 0.3231997644739419, "target": "553.xyz", "model": "23.xyz", "model_rescale": 4.410303926677745, "target_rescale": 3.9232020068816875},
{"mapping": [12, 5, 13, 0, 7, 3, 14, 8, 9, 15, 11, 10, 4, 16], "R": [[-0.7979355879500525, -0.38768434934405194, 0.4615188433384748], [-0.2311500170187827, 0.9039773741271401, 0.3597145767110608], [-0.556658303733108, 0.18034897376996714, -0.8109289614664772]], "T": [0.05112745499117153, -0.06618107860196498, 0.09091574474421527], "aligned_model": [[-0.09801493307276984, -0.5098014789228039, 0.2761064899925315, 0.09660549843126279, 0.6053364444776934, 0.017408466597308693, 0.13933393572912633, -0.4491855233042562, -0.023161886311930273, -0.4480429482482707, 0.5626465330425388, 0.11802774423708465, -0.437751629847965, 0.06846885933883906], [-0.48428510684100845, -0.17612523900701388, -0.7176997276507585, 0.06471791515459929, -0.19928460849668733, 0.7235659056401849, -0.561865435043893, 0.4048127214195353, 0.00734275702667167, -0.3590582122767097, -0.050996470867972044, 0.48935041307627414, 0.40963145350914965, 0.03423752051500631], [-0.5792494620791231, -0.17152100214709287, -0.04726713256201637, -0.6515012621222411, -0.2512344313249942, -0.3385184357027837, 0.5433167013625808, 0.5420902468439239, 0.7085688213103316, 0.5084873960029995, 0.4635269993893306, 0.42362140945129356, -0.0011931456193561563, 0.027232070440194642]], "inverted": true, "swapped": false, "error_lsq": 0.03760651344084691, "error_max": 0.28686633619355184, "target": "553.xyz", "model": "24.xyz", "model_rescale": 4.28219845311461, "target_rescale": 3.9232020068816875},
{"mapping": [4, 1, 13, 0, 2, 6, 12, 5, 11, 9, 14, 10, 8, 15], "R": [[0.27376414860941034, 0.9180887205986481, 0.2866466327130019], [-0.9575255066443822, 0.28821930592438827, -0.008633412875762636], [-0.09054333250761329, -0.27210794329089655, 0.9579974802348983]], "T": [-0.06567982147922741, -0.17799154790159383, 0.07158642210735769], "aligned_model": [[-0.17319432968857557, -0.5751547264855899, 0.3116499813265123, 0.028852578817731067, 0.5139845437383213, 0.2818883351725428, 0.31244954586513085, -0.724735345414051, -0.021121859781112806, -0.42747722814189176, 0.5950534338608588, 0.14894226457527998, -0.29724519491194146, -0.05591642679482563], [-0.5117754946381834, 0.0784347004329512, -0.634905542741625, 0.10949980601084902, -0.17045852774683268, 0.582427129733827, -0.4256186544920374, 0.2091688651602034, -0.023583403549667536, -0.5445818256267321, 0.10005288277710495, 0.4972619004104168, 0.475851373824466, -0.1574293233973623], [-0.5700345567042454, -0.21920267531635848, 0.1136373218707418, -0.6860193584642351, -0.29271084893952215, -0.2648016664836478, 0.6881242537660683, 0.4471304432859078, 0.5918265438354867, 0.5092939599547728, 0.3290111387739588, 0.4289027519164341, 0.10009902396199959, 0.0011024417856859842]], "inverted": false, "swapped": false, "error_lsq": 0.042782327967864645, "error_max": 0.24797414035607798, "target": "553.xyz", "model": "25.xyz", "model_rescale": 4.100010024507729, "target_rescale": 3.9232020068816875},
{"mapping": [9, 7, 10, 11, 0, 4, 2, 5, 12, 3, 1, 13], "R": [[-0.6330290877300373, -0.7687091686689378, -0.09143515785510392], [-0.43581131182498095, 0.25626387164909925, 0.8627846362637688], [-0.6397989329258579, 0.5860162472933025, -0.49723463609769686]], "T": [-0.0076201733374151315, 0.05892731498654007, -0.009343955802275442], "aligned_model": [[-0.5420152357070971, -0.19636291768856998, 0.4236962634794278, 0.637625034907518, -0.4744940314312829, 0.1761700339180723, -0.31601278329070603, 0.5321215264592923, 0.18496345869296824, -0.02819198121487996, -0.4734854764386355, -0.04724828932310069], [-0.34518129098191314, -0.7804450679764302, -0.10642644499328952, -0.31308933195552713, 0.6290701601882747, 0.6597370724627791, 0.2959081795956256, 0.2556927693596361, -0.31483414659413744, 0.6421831906617207, 0.027303026937124435, 0.016213273346776268], [0.1480253355351317, -0.1820561939006854, 0.6100206527170544, -0.04109713390079993, -0.00545353525231719, 0.3386183390865867, 0.5634748966067017, -0.46836620987811395, -0.5939246095955657, -0.3712659291052861, -0.46592744702578015, 0.033144124567430516]], "inverted": true, "swapped": true, "error_lsq": 0.05297788862643488, "error_max": 0.3129677414005404, "target": "553.xyz", "model": "26.xyz", "model_rescale": 3.6694154284099745, "target_rescale": 3.9232020068816875},
{"mapping": [12, 2, 9, 6, 3, 1, 8, 4, 8, 10, 7, 5, 0, 13], "R": [[0.770022560363982, 0.3911695928011627, -0.5040353223716275], [-0.45235414502856863, -0.22239558442245924, -0.8636642469761415], [-0.4499344218949808, 0.8930434220670154, 0.0056975693821170875]], "T": [-0.029044579807588036, -0.0777804104932505, 0.08414471584452615], "aligned_model": [[-0.02988040089032273, -0.609732684548853, 0.2595160281484867, 0.007546523748933918, 0.6343930852833536, 0.22946761449857753, 0.05815760694303451, -0.6486283181670032, 0.05815760694303451, -0.38740834386556017, 0.5851420618623739, 0.2129637162793823, -0.3732794279011855, -0.07843949619586305], [-0.5068061112258031, -0.041127651946081825, -0.6924752267219049, 0.1266891338813647, -0.26429765652968695, 0.673386682877326, -0.18964153542438483, 0.09347439237183354, -0.18964153542438483, -0.462156288095716, 0.013158424229860785, 0.6104123251838953, 0.4863387654703259, -0.0729698324892652], [-0.583439782830742, -0.2674054889714624, 0.14535414247142872, -0.5701057930342555, -0.33762892226388574, -0.3012980126223112, 0.7072338425231257, 0.5963149548716873, 0.7072338425231257, 0.3769267460652574, 0.1872632023143152, 0.3904146015783955, 0.06981754580662416, 0.055677894811744094]], "inverted": false, "swapped": false, "error_lsq": 0.0459054344807114, "error_max": 0.43662050249600926, "target": "553.xyz", "model": "27.xyz", "model_rescale": 4.103607728864725, "target_rescale": 3.9232020068816875},
