[{"mapping": [13, 10, 4, 3, 2, 12, 7, 9, 1, 8, 11, 14], "R": [[-0.8002888889836733, 0.5976685457273451, -0.04827011101539361], [-0.3382985152761741, -0.516517964799995, -0.7866150943128459], [-0.49506747896747794, -0.6131896129966911, 0.615553969836727]], "T": [0.03889094038092216, -0.03890555463753359, 0.001922071665577306], "aligned_model": [[-0.37071832159045115, 0.21251813356134028, 0.3603616793363986, -0.2064499269847276, 0.014002700422843295, -0.5357904038030207, 0.5032528675156532, -0.2118114224205121, 0.6873065765194133, 0.06386660049619258, -0.6722322050954032, -0.006663815497178087], [-0.24318577751466244, -0.6631754321741845, -0.35531415725547816, 0.6056563033726217, 0.36699618438390474, -0.5958295372065525, -0.17392179679877878, -0.5057358398155847, -0.00846983980424669, 0.45586222755954364, 0.18432443538590898, -0.013651734155434365], [-0.44604974553449567, -0.09366028117675232, -0.5605588303988852, -0.005929116511681633, -0.6006413270048787, 0.030689026770088522, 0.6243183783089213, 0.505013927511656, -0.09686549930706889, 0.5425356296254719, 0.26310211036190306, 0.019997472709283978]], "inverted": false, "swapped": true, "error_lsq": 0.04041988682444686, "error_max": 0.21355324070326123, "target": "555.xyz", "model": "0.xyz", "model_rescale": 3.751011558992144, "target_rescale": 4.205096973406634},
{"mapping": [2, 0, 13, 5, 3, 9, 4, 1, 8, 6, 7, 10, 11, 12, 14], "R": [[-0.5316965328032005, -0.4293169188462732, -0.7300587511956814], [-0.560612873446811, -0.46772114368722645, 0.6833374992444238], [-0.634832263775846, 0.7726085133754711, 0.008005118923505306]], "T": [0.010448901381340074, -0.11665686942256921, -0.007497402892460531], "aligned_model": [[-0.42825426952324996, -0.49583238556074977, 0.2646727091779756, 0.022851556271526706, -0.006237332795199786, 0.5417254931454629, -0.323101262177996, -0.44611423716789134, -0.5253918854708396, 0.1962321569797601, 0.07069388355420475, 0.36709458538595496, 0.7217259499464905, 0.5465801515217817, 0.06255713463641946], [0.11297031587020452, 0.4450481845996221, 0.1086940897786103, -0.4145752597854868, 0.5883040682743923, -0.337019469628168, -0.7379862080303667, 0.005001651020220807, -0.45839035241880355, -0.10383730808875105, 0.3818566207310472, -0.8406401347474445, -0.1340303883457481, 0.39752513118659955, -0.10116131369150899], [-0.6697277144917443, 0.05309310195503016, -0.6494392998247813, -0.5562932245154604, -0.3010234416406461, -0.32901743151963453, 0.35064797441198714, 0.5047865558233896, -0.19857626065744802, 0.7198580714504508, 0.4255520931874861, 0.137781073625132, 0.3537699634047881, -0.019957617561996648, -0.014456729223890625]], "inverted": true, "swapped": false, "error_lsq": 0.044237394170319515, "error_max": 0.28211089439818937, "target": "555.xyz", "model": "1.xyz", "model_rescale": 3.9405287249114394, "target_rescale": 4.205096973406634},
{"mapping": [10, 7, 1, 11, 8, 4, 12, 6, 3, 2, 5, 13, 14], "R": [[0.22222317814005396, 0.9050271026940051, -0.36268829935170066], [0.18642243208173692, -0.40456716052642594, -0.8953055843902211], [-0.9570075944913208, 0.13134441751700013, -0.25862155376738405]], "T": [-0.0855240597770518, 0.018655686200057288, -0.0587206532420064], "aligned_model": [[-0.39715226300188017, 0.2558344707767837, -0.4122048421594946, 0.474541518946371, 0.5124820250875893, -0.788900755980903, 0.015412884170221144, 0.7294859957577405, 0.16674623955112988, -0.5068063905600207, -0.1277141854322068, -0.3801080696960912, -0.04563334817530781], [0.5719820999522169, 0.540981758670851, 0.17922836130362765, -0.3151838572870008, -0.17957294666957827, 0.17709015496766442, 0.30364452951776233, 0.177546280052575, -0.6177519881921739, -0.573289346015642, -0.6671131007036453, -0.12721819183229963, -0.011511160192340521], [0.10163211781371842, -0.5402685482413119, -0.6051858731206838, 0.3869479184847574, -0.43392205585660615, -0.057188548104250544, 0.682793743078528, -0.03453968100109006, -0.14273695647280177, -0.08281572019260044, 0.3829782143247892, 0.4909428608871549, -0.03551712201095888]], "inverted": true, "swapped": true, "error_lsq": 0.042097335270338244, "error_max": 0.2760644644163055, "target": "555.xyz", "model": "2.xyz", "model_rescale": 3.932901565614263, "target_rescale": 4.205096973406634},
{"mapping": [3, 2, 5, 8, 11, 12, 13, 6, 7, 9, 4, 1, 10, 14], "R": [[0.17342195539106553, 0.8855235909115392, -0.43101368345734964], [-0.962712902488687, 0.060162696188437184, -0.26375048316381466], [-0.2076263296649708, 0.4606825587391723, 0.8629385188432499]], "T": [0.10734616040198226, -0.01615598163334868, 0.04219441921760944], "aligned_model": [[-0.10063156540851624, 0.5640486703890003, 0.16319938695312314, -0.4533595693873344, -0.45816763514138276, -0.056139524274775685, 0.3756073282069071, -0.7156585443278065, -0.23430003970801172, -0.3629687482273842, 0.7985144900851615, 0.45696258662746664, 0.374724728293716, 0.06797834797254021], [0.10431977975524288, 0.00012259136935842407, -0.43724753393033516, 0.40266195738323296, -0.4141421803271488, -0.7585398739151377, -0.5784982650173699, 0.006610003492463171, 0.4690615755052461, -0.3163618241189395, -0.06770159287693478, 0.5028663159382573, -0.21387563276962268, -0.035778682137824175], [-0.6042919515912111, -0.5231515996758491, -0.6554581068094265, -0.17662646526967377, -0.33930774563970767, 0.29396632949732626, -0.10611609330048935, 0.15272630045570104, 0.5609239669954059, 0.5139612516155233, 0.24087002166280394, 0.24097158903795052, 0.606473525133225, 0.008955340945518926]], "inverted": false, "swapped": true, "error_lsq": 0.04577285553996271, "error_max": 0.27769642016724877, "target": "555.xyz", "model": "3.xyz", "model_rescale": 3.9243930471874484, "target_rescale": 4.205096973406634},
{"mapping": [8, 3, 6, 7, 9, 0, 1, 11, 12, 13, 10, 4, 14], "R": [[-0.08399091361121086, -0.3850846254183804, 0.9190513357245829], [0.9964537572112568, -0.0371259851301981, 0.07550874762358523], [0.005043428429560182, 0.9221342052513279, 0.38683726725223605]], "T": [-0.07898571355251281, -0.0624793617254152, -0.0569324983599761], "aligned_model": [[0.12659215560869402, -0.3542082309855866, 0.6054346502463339, 0.4166216858931689, 0.6286823258042031, -0.665726625479653, -0.3118071157045817, 0.17808021252359596, 0.34043215007428346, -0.2706642714150523, 0.11380614074394861, -0.4632240137823779, -0.06681317721562385], [-0.49898298113442313, -0.10036992277712845, -0.19075815636992632, -0.6577749141505463, 0.106719367096432, -0.5027380118481385, -0.565901481344468, 0.32799075935790944, 0.6085858443135125, 0.5417944825407243, 0.07065816169289817, 0.03077515638354729, -0.04216875007880633], [-0.6090957811871103, -0.6882253325011656, -0.5099067220395941, 0.08879004080417427, 0.009860776229511287, -0.19908027850390103, 0.294476833165494, -0.693480189647306, 0.06558546903358863, 0.0341792876424761, 0.5547054412425152, 0.5459830251515696, -0.10672225401928809]], "inverted": false, "swapped": true, "error_lsq": 0.0436701961144771, "error_max": 0.22523774149511472, "target": "555.xyz", "model": "4.xyz", "model_rescale": 3.8936222436046832, "target_rescale": 4.205096973406634},
{"mapping": [12, 13, 10, 9, 1, 0, 3, 8, 6, 11, 7, 14], "R": [[0.00471019562916114, -0.7429387663197919, 0.6693428146744843], [-0.9412163418910295, 0.22279621467310778, 0.2539166093121985], [-0.3377715378986279, -0.6311923924023171, -0.6982166941280019]], "T": [-0.24492125521495, -0.04450975184665724, -0.06084661986336241], "aligned_model": [[0.1362811365448539, -0.4063787037252495, -0.32085952774496806, 0.3781372707401296, -0.6461016060419704, -0.7493783911330687, -0.2269776090601156, 0.13942365920754018, 0.5540512469262086, 0.29025414620738, 0.09015252613955094, -0.21105610584519324], [-0.5348993962418777, -0.6208604878256324, 0.05859956697629339, -0.021014727658076195, 0.4744341219982802, 0.18814078172654447, -0.2604666663191996, 0.24165165653520077, 0.09410000199868099, -0.5384905087701468, 0.6631906655884638, -0.07546210289872368], [-0.5662704426162274, -0.2887506071343971, -0.7031838486795309, -0.441805492138777, -0.09050696399642288, 0.43884858262132576, 0.593946788633697, 0.4941962578127182, 0.11943817654880987, 0.24462526197385007, -0.1509811179972763, -0.030271875752250994]], "inverted": false, "swapped": true, "error_lsq": 0.037762601054393156, "error_max": 0.1902992695665424, "target": "555.xyz", "model": "5.xyz", "model_rescale": 3.6523030999806103, "target_rescale": 4.205096973406634},
{"mapping": [5, 2, 0, 3, 8, 13, 1, 11, 10, 9, 7, 6, 14], "R": [[-0.27655453259562457, -0.9175942872790579, -0.28554914542623533], [-0.9556588877355137, 0.29387558021686383, -0.018794511015791847], [0.10116165673285844, 0.2676898715025269, -0.9581797597017087]], "T": [-0.06978427182885721, -0.011556996373864845, 0.0237465131877002], "aligned_model": [[0.19520912170281285, -0.056083546786698246, 0.11523803184538006, 0.5135473306825531, 0.5974848099405108, -0.337914148961751, -0.30057558975195725, 0.46665138298730163, -0.6687520233603588, -0.09750626676749949, 0.0037882157119035476, 0.4760348769043857, -0.02603928948228814], [-0.6243374018115052, -0.12889840393129876, 0.4057526437753681, -0.12464222467254109, 0.2562231533265017, -0.5612329802040685, 0.5767059134096482, -0.5659059372766108, 0.008700190657799808, -0.19297918169574177, 0.5755263822974382, -0.039435217758589075, -0.044650031953217886], [0.49431574454501453, 0.7410341680737221, 0.6152851674770171, 0.3739603675811748, -0.120224750922808, 0.2138822219485616, 0.20210085333485184, -0.1455957705260435, -0.2404930511948355, -0.6835024436598519, -0.4969825364224139, -0.60185447186962, 0.01818424111702001]], "inverted": false, "swapped": true, "error_lsq": 0.04684747669181238, "error_max": 0.2264875975150959, "target": "555.xyz", "model": "6.xyz", "model_rescale": 4.08911054899281, "target_rescale": 4.205096973406634},
{"mapping": [9, 8, 0, 1, 3, 2, 12, 10, 11, 5, 4, 13, 7, 6, 14], "R": [[0.6491438552259843, 0.11483495942443611, -0.7519475961237821], [-0.7433189688620169, -0.1141444246389029, -0.6591266652577195], [-0.16152140957858935, 0.9868049363566449, 0.011262851766034171]], "T": [0.014861509048713369, -0.0996195452742857, 0.03392776737865892], "aligned_model": [[-0.4517323422876233, -0.4962187409127134, 0.424337653281805, 0.040446251189623604, 0.0950437255979294, 0.6843603927823254, -0.13252648720025342, -0.5472017395300837, -0.4420593359432146, 0.14074606929581007, 0.027873306198142496, 0.19672821829645004, 0.6938410382527509, 0.4267611212679111, -0.09119688236520929], [0.09475441401217992, 0.3511715034753191, 0.30073603550811606, -0.3912637452696769, 0.6215689150308176, -0.33473944931916544, -0.6328408193852161, -0.13830437050390776, -0.45991557797349825, 0.012203946432306073, 0.5112735929883029, -0.8080990808071383, -0.27150211894840687, 0.16334461584894544, -0.10662823436455847], [-0.5652936021954063, 0.061008789360497535, -0.7121961361013697, -0.6385565375936033, -0.2821567990553611, -0.3489944423358319, 0.4833204346624363, 0.48321975194547273, -0.043151238778835824, 0.7769956066620375, 0.38533886063110984, 0.0043343534124396475, 0.3636733425217905, -0.0677163464297917, -0.09282892228292298]], "inverted": false, "swapped": false, "error_lsq": 0.047528305111020616, "error_max": 0.28993485514513295, "target": "555.xyz", "model": "7.xyz", "model_rescale": 3.964800864290218, "target_rescale": 4.205096973406634},
{"mapping": [6, 9, 11, 8, 5, 7, 3, 12, 10, 4, 1, 2, 13, 14], "R": [[0.9208683225205865, 0.20387685620873325, 0.3323187627573334], [0.37307617410819377, -0.21330105634899793, -0.9029489618318384], [-0.11320645251448341, 0.9554773083976643, -0.27248378345553126]], "T": [-0.03729123835153615, -0.029320964713655244, 0.16356094450741115], "aligned_model": [[-0.20037884500849212, 0.24822631778593102, 0.161836678080943, -0.592084932063232, 0.24656356154827164, -0.4730370923851036, -0.31665787877213275, 0.6923219917659803, 0.3125015979970721, 0.1861016054649985, -0.43000374984574063, -0.07010944054304209, 0.528378195042079, -0.032470119606659416], [-0.3560126240958568, -0.5642700837477217, 0.23838808849846466, -0.025009376084541332, 0.708039172341762, -0.6801430772286584, 0.5167787742224951, -0.21370094033612275, -0.47083993365718296, -0.028980461196063366, -0.19595619002424308, 0.6293831269607073, 0.2586585634342761, -0.005386572906112528], [-0.5825940816776012, -0.24410653086223194, -0.5522761213231824, -0.31588386834354726, -0.043521662824589746, 0.0752734816547145, -0.1517850979776742, -0.11015253058383695, 0.49777829906646287, 0.849081277095284, 0.6626979388351977, 0.46932258510756913, 0.24885332077187777, 0.11412802978657899]], "inverted": false, "swapped": true, "error_lsq": 0.04057582647342795, "error_max": 0.28914253113697935, "target": "555.xyz", "model": "8.xyz", "model_rescale": 4.121658175737393, "target_rescale": 4.205096973406634},
{"mapping": [1, 8, 3, 2, 7, 10, 6, 12, 11, 9, 4, 13, 14], "R": [[0.6827052733740028, -0.6617533878272335, -0.30983215360337835], [0.33957766946162504, 0.6627939233266648, -0.6673763717755213], [0.6469934436378314, 0.35040928769144586, 0.6772095798120653]], "T": [-0.08452083659216364, 0.06818467483585977, -0.08955596788465092], "aligned_model": [[-0.6626121912536955, 0.0013036678061258133, 0.3723953835726002, 0.15653728009490125, -0.6393243072144728, -0.4550552992532472, 0.0974867592936838, 0.24715637895198078, 0.621674969944179, -0.0795058331149269, -0.42554324392918397, 0.2777870732679176, -0.035563141730665083], [0.2691179965207093, -0.42707388348023895, 0.08116968312750217, 0.6855140984761163, -0.4815207426831932, 0.14726208142076003, -0.7402826842619618, -0.08787575889074783, -0.28539472845286334, -0.49841261086234534, 0.6513212329214801, 0.431610853233515, 0.04495190234297719], [-0.3273885560790795, -0.623442730979515, -0.6060564310664749, -0.38830948289895806, -0.19564842981548342, 0.44471572716804353, -0.1472282763991824, 0.6224032115164797, -0.08611249697607258, 0.3717746845457334, 0.16243228049330644, 0.29364541163412516, -0.09970947718383376]], "inverted": false, "swapped": true, "error_lsq": 0.040552177321406625, "error_max": 0.23795577423482644, "target": "555.xyz", "model": "9.xyz", "model_rescale": 3.833441315466971, "target_rescale": 4.205096973406634},
{"mapping": [13, 8, 0, 5, 10, 1, 3, 9, 2, 7, 11, 4, 6, 12, 14], "R": [[-0.34518976864958445, 0.26699544359281513, 0.8997541090321971], [-0.9255452022873111, 0.06209506423197869, -0.37351075154668206], [-0.15559595798923312, -0.9616951887675755, 0.22568177099338455]], "T": [0.12036029224988944, -0.04201139795954611, -0.001955387349390216], "aligned_model": [[-0.3504371679219968, -0.46944416510796616, 0.20574711124076872, 0.022448002320204774, -0.033578429988283184, 0.6678414298353136, -0.25884683911319967, -0.6011939043501007, -0.5064923831374446, 0.013109785558379605, 0.16135650285955339, 0.3196008521711231, 0.7054850249627362, 0.6440145299175448, 0.04959189867701645], [-0.10325401398498033, 0.4425326579780856, 0.14396684964839368, -0.5137531661791641, 0.7306463919439677, -0.14014925974373763, -0.6573376020673358, -0.09867594752438272, -0.36865566116371407, -0.01720943800229218, 0.475543363666438, -0.8043643650882274, -0.35458126011079616, 0.2547891326397903, -0.07773805528762612], [-0.6424908156378789, 0.15586451733013706, -0.6515276652853911, -0.47662167966933605, -0.23659756816299937, -0.48800301566005505, 0.4796019444495433, 0.3641850184026544, -0.13237587501594844, 0.6551566033938234, 0.4405301609767551, 0.12065673636848738, 0.14350490443975655, 0.024797962336806395, 0.0503158861563072]], "inverted": true, "swapped": false, "error_lsq": 0.051153516496681005, "error_max": 0.44693869860720553, "target": "555.xyz", "model": "10.xyz", "model_rescale": 4.2482417240324, "target_rescale": 4.205096973406634},
{"mapping": [7, 1, 0, 4, 6, 11, 8, 13, 10, 12, 9, 14], "R": [[0.5813302458680611, 0.4099343200423663, -0.702857737021072], [0.6206546121799534, -0.7819910545590278, 0.05725244946210788], [-0.5261587190370709, -0.4695144767108491, -0.7090226784385718]], "T": [0.10144054569641284, 0.026203940166599642, 0.02825833314412756], "aligned_model": [[-0.6094291563344966, 0.08104074817793484, 0.36125993284385816, 0.5424624365372153, -0.5970758460095049, 0.01235665017359043, -0.35710467117475553, 0.5835814900262091, 0.07178925427217128, 0.10008510664653694, -0.40821045319273386, 0.09601011039698142], [-0.31372632813774154, -0.6166736894943466, -0.3388244159663307, -0.4484289463176412, 0.46421638541177934, 0.8011769757671389, 0.18790164118420286, 0.2988629662078521, -0.2544575087321783, 0.5048647340618851, 0.30346064085196817, 0.07775893521405162], [0.046972685067861945, 0.16024452805746403, 0.6262104661932841, -0.2880736441665973, 0.1297092039369913, 0.15164237887933402, 0.5771409239763193, -0.29327871180715953, -0.5627959963427007, -0.6137171450418403, -0.4158905006364567, 0.04702810173785629]], "inverted": false, "swapped": true, "error_lsq": 0.0494116915360463, "error_max": 0.2702693203376547, "target": "555.xyz", "model": "11.xyz", "model_rescale": 3.6694154284099745, "target_rescale": 4.205096973406634},
{"mapping": [4, 2, 3, 5, 13, 1, 10, 7, 11, 6, 8, 9, 0, 14], "R": [[-0.913649498164368, 0.13592417231085804, -0.3831047035545335], [-0.10634808199329805, 0.8296924935592834, 0.5479967623879959], [0.39234510314306925, 0.5414194173771264, -0.7435928553493959]], "T": [0.05562755071262526, -0.0339156291075578, -0.030908525500914025], "aligned_model": [[0.03434201179271577, -0.06274391053976144, -0.08768482681332701, 0.4102964511180873, 0.5659838986498894, -0.4864387989440522, 0.26133745990691554, -0.34014821914861637, 0.49113691648799296, 0.14632388718429457, -0.3043981920009602, 0.44915129548119487, -0.556323020149701, 0.07742989723113769], [-0.5396049347777396, 0.2426240681092523, 0.6320871677425246, 0.5545162574547429, -0.028237708168537316, -0.38015381544287413, -0.6557238664988243, -0.3286933654795556, 0.5753147768736344, 0.26405385116545027, 0.42396133935042696, -0.2196287044324997, 0.17617889129582487, 0.014293330944428174], [-0.5443945106710747, -0.6927032736444299, -0.1386842565017027, -0.47262632157197493, -0.4178104062031751, -0.1628605811805758, -0.025145057980912183, 0.5836695197244612, 0.21991546426352646, 0.7391958143340192, 0.41452621414982427, 0.5560610829533639, -0.40464019321796163, -0.015408034800972761]], "inverted": true, "swapped": true, "error_lsq": 0.042797125909604314, "error_max": 0.27984123776172554, "target": "555.xyz", "model": "12.xyz", "model_rescale": 3.9764082729961374, "target_rescale": 4.205096973406634},
{"mapping": [2, 0, 1, 8, 9, 10, 14, 4, 3, 6, 5, 11, 13, 12, 15], "R": [[0.40486860635826516, -0.6994403846713427, 0.5889520862314017], [0.4458417350815512, -0.41134160601705894, -0.7949988870550566], [0.7983148243926004, 0.5844495114636601, 0.14530041192268184]], "T": [0.02894220328885541, -0.02662900771164911, 0.01801750591826491], "aligned_model": [[-0.33493411009732066, -0.46000400783708006, 0.2595293028380281, -0.0779182238652045, 0.0889352271026084, 0.549269223200036, 0.08473781156594976, -0.5337874895098672, -0.42017623387670033, 0.06446151486356995, -0.01606486636097329, 0.28753189276419167, 0.5122684313138034, 0.6203177493432454, -0.054963973520636464], [0.11517778226154113, 0.4859707202032302, 0.15453291444084571, -0.4667300622152738, 0.5613396790813368, -0.32028099709201496, -0.6911083052012048, 0.1624764430506298, -0.7350988321370865, -0.1267419750121848, 0.6563345076814864, -0.7643892717170725, -0.24206360158021192, 0.19715108498713108, -0.074810460026733], [-0.6774998387828608, -0.14098266725599634, -0.5453052485879852, -0.5247022630065444, -0.09240344753820662, -0.5197326223398032, 0.45865585295565653, 0.422292342030876, -0.05131203028507385, 0.7745719176975975, 0.502124008826565, -0.12121562268663126, 0.3253678585368398, -0.06806947677288043, 0.06520835163110938]], "inverted": false, "swapped": false, "error_lsq": 0.0422223683737776, "error_max": 0.27311079431107904, "target": "555.xyz", "model": "13.xyz", "model_rescale": 4.170626492500431, "target_rescale": 4.205096973406634},
{"mapping": [13, 5, 12, 11, 10, 7, 6, 2, 4, 3, 0, 8, 1, 14], "R": [[-0.12374077881511181, -0.9015060483532892, 0.41469876349064083], [0.6154826292789569, -0.39753758529345196, -0.6805475746301016], [0.7783760997834478, 0.17102839840648767, 0.6040529233638555]], "T": [0.014698667535765294, 0.11325202735437942, 0.04856776792279225], "aligned_model": [[0.2528319220827188, 0.029580053758660435, -0.17357373913778001, -0.5797902812173111, 0.29080119565730983, -0.28837767880168097, -0.802552787024451, 0.453489090587521, 0.7088499262456751, -0.20813881554219843, 0.3268940061227833, -0.5334858568203452, 0.39319480276013263, -0.026538816579390702], [-0.2785646704494241, -0.7000603475132859, 0.022857925214527258, -0.3761510461452371, 0.5208493134787286, 0.8076039762674804, 0.26201216019402396, -0.4093661420485629, 0.23597927809954206, -0.4047892226271239, -0.029444829681842616, 0.12664514126216542, 0.5017894607912687, 0.07671347108340615], [-0.3986023723571652, -0.025312206597819097, -0.7244994442931094, -0.1269608353047564, -0.3834358370334255, 0.2659583079060759, 0.042024546018481636, 0.2991501082704478, -0.10287415810317185, 0.44567038767001493, 0.7122470923659614, 0.5353904386200206, 0.41857789284299646, 0.046539181116315435]], "inverted": true, "swapped": true, "error_lsq": 0.04167067362226897, "error_max": 0.28031617237286205, "target": "555.xyz", "model": "14.xyz", "model_rescale": 3.9786697098870705, "target_rescale": 4.205096973406634},
{"mapping": [11, 9, 3, 5, 8, 0, 10, 1, 2, 13, 7, 14], "R": [[0.15687054476175116, -0.05081639758549794, -0.9863109681650022], [-0.9875797437333651, -0.016995076340075688, -0.15619672579070173], [-0.008825075279684846, 0.9985633986465894, -0.05285127178867413]], "T": [-0.046878904592271516, -0.01381996647531573, 0.05366059391234988], "aligned_model": [[0.026628535430106924, -0.6982301805163232, 0.46761753827508556, 0.5640546862843534, -0.03235085169990598, 0.5051562466976973, -0.47080210562147523, -0.0297372108487187, 0.6537003232516825, 0.13727960106986603, -0.6051179840192414, -0.03484400153579062], [-0.36472062883740414, -0.22588564450290263, 0.0899511647690829, -0.48129304179860416, 0.4542593693028376, 0.46758760505258756, -0.20633498966929797, 0.47130212384719017, -0.08732876077012637, -0.6122426180445304, 0.5400351642099502, -0.0306552533343438], [-0.6500496806372174, -0.20060947677451563, -0.3938198344352167, -0.22090414670512765, -0.510584593967089, 0.2013173240423638, 0.5143365688231156, 0.4958040931540523, 0.2332253407894081, 0.18843774642032002, 0.00025486428493246005, 0.0025582888788039104]], "inverted": false, "swapped": true, "error_lsq": 0.047575187092043635, "error_max": 0.25413941034146964, "target": "555.xyz", "model": "15.xyz", "model_rescale": 3.769337070930944, "target_rescale": 4.205096973406634},
{"mapping": [11, 9, 3, 8, 5, 13, 2, 10, 0, 7, 14], "R": [[0.49448721733966255, 0.6944008297367025, -0.522771345378318], [-0.4290292842348037, -0.32807773258353357, -0.8416049397738941], [-0.7559208061408613, 0.6404471008942321, 0.1356880458976538]], "T": [0.02211367422130029, -0.03939737195100312, 0.1060288636862704], "aligned_model": [[-0.2943545654469254, -0.4347539239426784, -0.05497195008871252, -0.570045250376934, 0.3618144356990835, 0.47188095554419746, 0.5724170976766959, 0.19632540917671618, 0.234449149871573, -0.559385174820943, -0.0007500526009021277], [0.017711604777914898, -0.5949798238323197, 0.5448160064482862, 0.392010189484185, 0.25136692935507, -0.2690578997885982, 0.4152933820886716, -0.6064607002058524, 0.6195828393454254, -0.1490361546580598, -0.025181875389380833], [-0.6153096055150427, -0.02236016311008787, -0.25239310296902817, 0.07574215201809248, -0.5775033148842548, -0.287867493953357, -0.031378399477774765, 0.3836702178440541, 0.3870222711479173, 0.6266793927669216, 0.05791565335633668]], "inverted": false, "swapped": true, "error_lsq": 0.04492198936701952, "error_max": 0.2577374120494215, "target": "555.xyz", "model": "16.xyz", "model_rescale": 3.7852294659196426, "target_rescale": 4.205096973406634},
{"mapping": [1, 8, 9, 7, 0, 3, 5, 11, 10, 4, 2, 12, 14], "R": [[-0.4030842342559777, -0.5519485844579107, -0.7299834657094509], [-0.753934090616524, -0.25186862893578876, 0.6067500150508786], [-0.5187547465811831, 0.7949307855863396, -0.31460858066266706]], "T": [0.03812355556533213, 0.04461469835995347, -0.018489449492221106], "aligned_model": [[-0.0015373660177488563, -0.5031298911387028, 0.46533311746913314, 0.10440098046265671, -0.5157979642630898, -0.5960970714241983, -0.2762286978444051, -0.18742850533259203, 0.6633138881248011, 0.3940498323586411, -0.3119028161492233, 0.6061411031383808, 0.01264924083262996], [-0.13818806289934854, -0.40757048941801977, -0.3455864884687701, -0.7253919906924798, 0.15921164710283192, 0.21498549644251594, 0.7043913973349912, 0.13100217707784936, -0.0003006531326534209, 0.3862033482790948, 0.6355687677746203, 0.21078392091661802, 0.04994655338562408], [-0.6478846479805226, 0.1821475942800244, 0.42773765558736976, -0.17320062978113818, -0.5066872140780634, 0.19234640755952773, 0.3462489412343188, 0.7334455479888695, -0.2085287287496608, -0.5442995718148549, -0.25663462074857624, 0.520949483607345, 0.030114480038534956]], "inverted": true, "swapped": true, "error_lsq": 0.04084511267620094, "error_max": 0.2381859220379888, "target": "555.xyz", "model": "17.xyz", "model_rescale": 3.901054581598922, "target_rescale": 4.205096973406634},
{"mapping": [2, 0, 13, 5, 3, 9, 4, 1, 8, 6, 7, 10, 11, 12, 14], "R": [[-0.5316965328032005, -0.4293169188462732, -0.7300587511956814], [-0.560612873446811, -0.46772114368722645, 0.6833374992444238], [-0.634832263775846, 0.7726085133754711, 0.008005118923505306]], "T": [0.010448901381340074, -0.11665686942256921, -0.007497402892460531], "aligned_model": [[-0.42825426952324996, -0.49583238556074977, 0.2646727091779756, 0.022851556271526706, -0.006237332795199786, 0.5417254931454629, -0.323101262177996, -0.44611423716789134, -0.5253918854708396, 0.1962321569797601, 0.07069388355420475, 0.36709458538595496, 0.7217259499464905, 0.5465801515217817, 0.06255713463641946], [0.11297031587020452, 0.4450481845996221, 0.1086940897786103, -0.4145752597854868, 0.5883040682743923, -0.337019469628168, -0.7379862080303667, 0.005001651020220807, -0.45839035241880355, -0.10383730808875105, 0.3818566207310472, -0.8406401347474445, -0.1340303883457481, 0.39752513118659955, -0.10116131369150899], [-0.6697277144917443, 0.05309310195503016, -0.6494392998247813, -0.5562932245154604, -0.3010234416406461, -0.32901743151963453, 0.35064797441198714, 0.5047865558233896, -0.19857626065744802, 0.7198580714504508, 0.4255520931874861, 0.137781073625132, 0.3537699634047881, -0.019957617561996648, -0.014456729223890625]], "inverted": true, "swapped": false, "error_lsq": 0.044237394170319515, "error_max": 0.28211089439818937, "target": "555.xyz", "model": "18.xyz", "model_rescale": 3.9405287249114394, "target_rescale": 4.205096973406634},
{"mapping": [10, 14, 2, 5, 3, 6, 7, 13, 9, 4, 12, 8, 0, 1, 15], "R": [[-0.3457891206843807, -0.6437831059111209, -0.6826222942152955], [0.1215529458345477, -0.7521041420616063, 0.6477377871119754], [-0.930405699345864, 0.14100592908529003, 0.33832316294857473]], "T": [-0.0194302832156698, -0.038992611769359004, 0.0711190626112138], "aligned_model": [[-0.27862368155410305, -0.5637885075479657, 0.21500617046585002, 0.017945142836053314, 0.13212395099190727, 0.55278631683709, -0.16219041479522195, -0.641482668502308, -0.4555201357736118, 0.23709614290208852, 0.017632122370299437, 0.3611298547956755, 0.6114896573486189, 0.5436916772015458, -0.01809337965226747], [0.3382267848223477, 0.5082967934818805, -0.028403655344583972, -0.6071896129393783, 0.7713895012475562, -0.3077605666546436, -0.6118267176781311, -0.03768947585780888, -0.6635130459297202, -0.16746439386322265, 0.3872648065489236, -0.6888312492147849, -0.21270815618212255, 0.2649381692791114, -0.03296955499100438], [-0.567964927204905, 0.008770104498669148, -0.7656919711354221, -0.5347009503858121, -0.14275178596324617, -0.3271464325588569, 0.4546632984959801, 0.32484918925755213, -0.022741018193575338, 0.7436919006926779, 0.41327407664755156, -0.0006854092259574313, 0.2819203818283448, -0.09024748288870489, 0.03175814055836653]], "inverted": false, "swapped": false, "error_lsq": 0.03986541243588563, "error_max": 0.2598314482346276, "target": "555.xyz", "model": "19.xyz", "model_rescale": 4.410303926677745, "target_rescale": 4.205096973406634},
{"mapping": [6, 9, 11, 8, 5, 7, 3, 12, 10, 4, 1, 2, 13, 14], "R": [[0.9208683225205865, 0.20387685620873325, 0.3323187627573334], [0.37307617410819377, -0.21330105634899793, -0.9029489618318384], [-0.11320645251448341, 0.9554773083976643, -0.27248378345553126]], "T": [-0.03729123835153615, -0.029320964713655244, 0.16356094450741115], "aligned_model": [[-0.20037884500849212, 0.24822631778593102, 0.161836678080943, -0.592084932063232, 0.24656356154827164, -0.4730370923851036, -0.31665787877213275, 0.6923219917659803, 0.3125015979970721, 0.1861016054649985, -0.43000374984574063, -0.07010944054304209, 0.528378195042079, -0.032470119606659416], [-0.3560126240958568, -0.5642700837477217, 0.23838808849846466, -0.025009376084541332, 0.708039172341762, -0.6801430772286584, 0.5167787742224951, -0.21370094033612275, -0.47083993365718296, -0.028980461196063366, -0.19595619002424308, 0.6293831269607073, 0.2586585634342761, -0.005386572906112528], [-0.5825940816776012, -0.24410653086223194, -0.5522761213231824, -0.31588386834354726, -0.043521662824589746, 0.0752734816547145, -0.1517850979776742, -0.11015253058383695, 0.49777829906646287, 0.849081277095284, 0.6626979388351977, 0.46932258510756913, 0.24885332077187777, 0.11412802978657899]], "inverted": false, "swapped": true, "error_lsq": 0.04057582647342795, "error_max": 0.28914253113697935, "target": "555.xyz", "model": "20.xyz", "model_rescale": 4.121658175737393, "target_rescale": 4.205096973406634},
{"mapping": [5, 2, 0, 3, 8, 13, 1, 11, 10, 9, 7, 6, 14], "R": [[-0.27655453259562457, -0.9175942872790579, -0.28554914542623533], [-0.9556588877355137, 0.29387558021686383, -0.018794511015791847], [0.10116165673285844, 0.2676898715025269, -0.9581797597017087]], "T": [-0.06978427182885721, -0.011556996373864845, 0.0237465131877002], "aligned_model": [[0.19520912170281285, -0.056083546786698246, 0.11523803184538006, 0.5135473306825531, 0.5974848099405108, -0.337914148961751, -0.30057558975195725, 0.46665138298730163, -0.6687520233603588, -0.09750626676749949, 0.0037882157119035476, 0.4760348769043857, -0.02603928948228814], [-0.6243374018115052, -0.12889840393129876, 0.4057526437753681, -0.12464222467254109, 0.2562231533265017, -0.5612329802040685, 0.5767059134096482, -0.5659059372766108, 0.008700190657799808, -0.19297918169574177, 0.5755263822974382, -0.039435217758589075, -0.044650031953217886], [0.49431574454501453, 0.7410341680737221, 0.6152851674770171, 0.3739603675811748, -0.120224750922808, 0.2138822219485616, 0.20210085333485184, -0.1455957705260435, -0.2404930511948355, -0.6835024436598519, -0.4969825364224139, -0.60185447186962, 0.01818424111702001]], "inverted": false, "swapped": true, "error_lsq": 0.04684747669181238, "error_max": 0.2264875975150959, "target": "555.xyz", "model": "21.xyz", "model_rescale": 4.08911054899281, "target_rescale": 4.205096973406634},
{"mapping": [9, 12, 5, 11, 10, 8, 2, 14, 15, 4, 7, 1, 0, 6, 16], "R": [[-0.5863687443920159, -0.18610585474164326, -0.7883757393724221], [0.6833442043057261, 0.4089797789460352, -0.60479437733417], [0.43498551015166587, -0.8933645119681746, -0.11263860223724553]], "T": [-0.0035357544793917506, -0.07473023560955633, 0.03642832269816795], "aligned_model": [[-0.4478765469024683, -0.44042999086726214, 0.039484788408569435, 0.035219057910105434, 0.08919165320900896, 0.5045275122080783, -0.13940480002483807, -0.6405946431621323, -0.4250201039441169, 0.036869293148877526, 0.2645528330304529, 0.39685791337175214, 0.6010389185687579, 0.6814584444802605, 0.013327918488604866], [0.2355286805798456, 0.5091220553233127, 0.13650813465736797, -0.5576780640784103, 0.6416088136273779, -0.2846223095309312, -0.6689207754247781, -0.05174589102945859, -0.6499430689215198, -0.2360653959024722, 0.5380917489252368, -0.7600483008656727, -0.08003281931016154, 0.20306515338589887, -0.06310833471121606], [-0.4260089991913272, 0.15136062719775212, -0.635328060051387, -0.5561528867173187, -0.3232874034199029, -0.3861578252147918, 0.42337926820666183, 0.11025432219426988, -0.11519013740380693, 0.713651021702842, 0.2780352607757982, 0.03169108253531548, 0.5207223919310002, -0.059367281563494106, 0.0793957334410508]], "inverted": false, "swapped": false, "error_lsq": 0.0452103236622946, "error_max": 0.357137518805057, "target": "555.xyz", "model": "22.xyz", "model_rescale": 4.204369325754507, "target_rescale": 4.205096973406634},
{"mapping": [10, 14, 2, 5, 3, 6, 7, 13, 9, 4, 12, 8, 0, 1, 15], "R": [[-0.3457891206843807, -0.6437831059111209, -0.6826222942152955], [0.1215529458345477, -0.7521041420616063, 0.6477377871119754], [-0.930405699345864, 0.14100592908529003, 0.33832316294857473]], "T": [-0.0194302832156698, -0.038992611769359004, 0.0711190626112138], "aligned_model": [[-0.27862368155410305, -0.5637885075479657, 0.21500617046585002, 0.017945142836053314, 0.13212395099190727, 0.55278631683709, -0.16219041479522195, -0.641482668502308, -0.4555201357736118, 0.23709614290208852, 0.017632122370299437, 0.3611298547956755, 0.6114896573486189, 0.5436916772015458, -0.01809337965226747], [0.3382267848223477, 0.5082967934818805, -0.028403655344583972, -0.6071896129393783, 0.7713895012475562, -0.3077605666546436, -0.6118267176781311, -0.03768947585780888, -0.6635130459297202, -0.16746439386322265, 0.3872648065489236, -0.6888312492147849, -0.21270815618212255, 0.2649381692791114, -0.03296955499100438], [-0.567964927204905, 0.008770104498669148, -0.7656919711354221, -0.5347009503858121, -0.14275178596324617, -0.3271464325588569, 0.4546632984959801, 0.32484918925755213, -0.022741018193575338, 0.7436919006926779, 0.41327407664755156, -0.0006854092259574313, 0.2819203818283448, -0.09024748288870489, 0.03175814055836653]], "inverted": false, "swapped": false, "error_lsq": 0.03986541243588563, "error_max": 0.2598314482346276, "target": "555.xyz", "model": "23.xyz", "model_rescale": 4.410303926677745, "target_rescale": 4.205096973406634},
{"mapping": [15, 9, 6, 5, 14, 12, 3, 10, 4, 1, 11, 0, 7, 13, 16], "R": [[-0.07755396068027004, 0.856090751991694, -0.5109735879055771], [0.6175887206027254, 0.44359455299733025, 0.6494675086063869], [0.7826682281574305, -0.265202746790817, -0.5631145067635126]], "T": [-0.0030690271849483503, -0.03254102912095449, -0.007607256213543623], "aligned_model": [[-0.33301887762899396, -0.4633103098710285, 0.3020831082999832, -0.05936610990939933, 0.0660917021027098, 0.5857943669404326, -0.23751479698841804, -0.5105889184005825, -0.4832946031785871, 0.14663581105484336, 0.018430479141755465, 0.39465440302170646, 0.5675684998192546, 0.5914201109721993, -0.01638261745222542], [0.2593757694980533, 0.39240489378313337, 0.13961403396172878, -0.3906633120274281, 0.6010706391827629, -0.4110670569507332, -0.7727485662493483, -0.01837871123105659, -0.5178405506997988, -0.24372584591252608, 0.4412423944372621, -0.6671731117670929, -0.03522405926102536, 0.2608157353587645, -0.12594262539827603], [-0.5690623921867848, -0.003258929288326373, -0.6822500492705662, -0.5215927641712139, -0.23542963730990252, -0.4027449336099708, 0.4466822634032279, 0.3998322301498562, -0.09565351398792497, 0.8105154632696923, 0.4116641658985844, 0.08957300838294886, 0.33341548614551475, -0.24151129033074104, 0.0668180073282683]], "inverted": false, "swapped": false, "error_lsq": 0.03488034017059874, "error_max": 0.19456313615237247, "target": "555.xyz", "model": "24.xyz", "model_rescale": 4.28219845311461, "target_rescale": 4.205096973406634},
{"mapping": [4, 3, 0, 2, 1, 6, 12, 9, 13, 11, 5, 14, 10, 8, 15], "R": [[-0.8772202691954035, 0.4714642745369252, 0.09058717982206282], [-0.4476451731058516, -0.7350614042589422, -0.5092136398054398], [-0.173488899667316, -0.48724343998071734, 0.8558594697074872]], "T": [-0.08180817783465195, -0.09077100847555106, -0.007333863131601342], "aligned_model": [[-0.4551080509021939, -0.49966645931282216, 0.19045671494841704, 0.03847304200449442, 0.045794847806628194, 0.7228924970693492, -0.21719938676526807, -0.5017704258168388, -0.4432265845921377, 0.09821998594876279, 0.16582860108376002, 0.34354096619316005, 0.6370858002000935, 0.5061772441239215, -0.0622965440656761], [0.09549054449230568, 0.5564819200308336, 0.07097388498174645, -0.5458573845469288, 0.5184691735423756, -0.1672922417334119, -0.6547088009492794, 0.06122217469652688, -0.5581842897932144, -0.22729910025923994, 0.5237231119676791, -0.7162444048399748, -0.2322493389568923, 0.26523896430244975, -0.07800458621055698], [-0.607835663028547, -0.08797782136681892, -0.7591746638561414, -0.5045348716343465, -0.1570711908379063, -0.4058291073074416, 0.4907256584089355, 0.5000155888419244, -0.06912396461832718, 0.48807204281550287, 0.5277863874492901, 0.08214105519632525, 0.29742858399315414, 0.09001139754209178, -0.07763631717503322]], "inverted": false, "swapped": false, "error_lsq": 0.0402703308571797, "error_max": 0.25269474412005993, "target": "555.xyz", "model": "25.xyz", "model_rescale": 4.100010024507729, "target_rescale": 4.205096973406634},
{"mapping": [7, 1, 0, 4, 6, 11, 8, 13, 10, 12, 9, 14], "R": [[0.5813302458680611, 0.4099343200423663, -0.702857737021072], [0.6206546121799534, -0.7819910545590278, 0.05725244946210788], [-0.5261587190370709, -0.4695144767108491, -0.7090226784385718]], "T": [0.10144054569641284, 0.026203940166599642, 0.02825833314412756], "aligned_model": [[-0.6094291563344966, 0.08104074817793484, 0.36125993284385816, 0.5424624365372153, -0.5970758460095049, 0.01235665017359043, -0.35710467117475553, 0.5835814900262091, 0.07178925427217128, 0.10008510664653694, -0.40821045319273386, 0.09601011039698142], [-0.31372632813774154, -0.6166736894943466, -0.3388244159663307, -0.4484289463176412, 0.46421638541177934, 0.8011769757671389, 0.18790164118420286, 0.2988629662078521, -0.2544575087321783, 0.5048647340618851, 0.30346064085196817, 0.07775893521405162], [0.046972685067861945, 0.16024452805746403, 0.6262104661932841, -0.2880736441665973, 0.1297092039369913, 0.15164237887933402, 0.5771409239763193, -0.29327871180715953, -0.5627959963427007, -0.6137171450418403, -0.4158905006364567, 0.04702810173785629]], "inverted": false, "swapped": true, "error_lsq": 0.0494116915360463, "error_max": 0.2702693203376547, "target": "555.xyz", "model": "26.xyz", "model_rescale": 3.6694154284099745, "target_rescale": 4.205096973406634},
