[{"mapping": [6, 1, 0, 9, 10, 3, 4, 2, 8, 7, 11, 12], "R": [[0.17912769719722615, -0.26355619968748095, 0.9478667615773391], [0.03281160214003201, -0.9613133981077723, -0.2734957940873914], [0.9832785296455038, 0.08009169885063733, -0.16355015412220103]], "T": [-0.11504878062929359, -0.012755166624413894, -0.02353839330441338], "aligned_model": [[-0.31294848625368515, 0.23891933120897035, 0.37978240835218313, -0.12190108183043023, 0.05317353233583093, -0.6318201693287445, 0.3254056971866086, -0.25313340346609087, 0.5329273630792907, 0.294369258037803, -0.6379479395795211, -0.02918404728166578], [-0.3265968508224556, -0.5953977381823095, -0.2823112978933459, 0.71099339752, 0.3289179513109184, -0.5979284049323531, -0.2488772258485637, -0.6257755926029012, 0.20203307435926854, 0.4077208306188499, 0.1299644283002589, -0.049187535850309466], [-0.6250727582231105, 0.06875981575188875, -0.48356807041612865, -0.07379399087034487, -0.6659874907262407, -0.033088649172985804, 0.5521608847285667, 0.6072798975668313, -0.18252549373200158, 0.5034910090696492, 0.4859229916025574, 0.028373599774881027]], "inverted": true, "swapped": true, "error_lsq": 0.03842728047073382, "error_max": 0.1919138956648829, "target": "556.xyz", "model": "0.xyz", "model_rescale": 3.751011558992144, "target_rescale": 4.0694544811239615},
{"mapping": [4, 8, 2, 0, 5, 7, 1, 9, 10, 11, 6, 3, 14], "R": [[-0.43786358420783666, 0.8739578111991588, 0.21088676077137397], [-0.5813083763063225, -0.09627948143509923, -0.8079670990149883], [-0.6858250894074772, -0.47636961038521797, 0.5501962750152548]], "T": [-0.08967944451199567, -0.018196561490609924, -0.05184369286161386], "aligned_model": [[0.36308042777059085, -0.10678147763684367, -0.5964284942867226, 0.10743706955084445, -0.6116751309549902, 0.29641297950225565, 0.5324627406987055, -0.5499114752673104, -0.042755488581817463, 0.04483303000071204, 0.5495580171333059, -0.3785461518196388, -0.11206464513769242], [-0.11603555021625493, -0.5151807136533827, -0.6631471263932958, -0.5785577496837802, -0.11070528718943178, 0.07291894258652744, -0.3219067958528536, 0.4286237476902784, 0.49019649687968053, 0.7578589177484246, 0.36377707741621657, -0.2462085244491001, 0.02598641495578696], [-0.6929443091813982, -0.4913121503212129, 0.05295263995698393, 0.4200089718017722, -0.3820688978355946, 0.4794825993852626, 0.028060902505117558, -0.20260081708673447, -0.6935510940107872, 0.0761222255315929, 0.04405913337249692, 0.6174637549303793, -0.028379255330491696]], "inverted": true, "swapped": false, "error_lsq": 0.03653994927724192, "error_max": 0.22716909817670533, "target": "556.xyz", "model": "1.xyz", "model_rescale": 3.9405287249114394, "target_rescale": 4.0694544811239615},
{"mapping": [8, 4, 1, 7, 2, 6, 3, 5, 9, 11, 10, 0, 12], "R": [[-0.5262037752819917, 0.6211513615108519, -0.5807586185087521], [0.842687482287058, 0.28937480031627133, -0.4540264663415751], [-0.11396224846710665, -0.7283084587145292, -0.6757065893486524]], "T": [-0.04930812208022485, -0.08038989033383194, -0.03058206026531996], "aligned_model": [[0.2708988149607968, 0.09529043730032948, -0.5656067521246573, 0.3032530245197749, -0.67479621846859, 0.046330294550358905, 0.5011505127690452, -0.5314157058608159, 0.12384492296513509, 0.05391569615815607, 0.629243181608105, -0.6426887414393097, -0.11379806596692997], [-0.025676519008485346, -0.6424766572536236, -0.6742161835635228, -0.6518372816198458, -0.03245162984675083, -0.013562997030699894, -0.23307234468731725, 0.46193366092750887, 0.5204188947503553, 0.5838421926893117, 0.3333967416238592, 0.060078949102419274, -0.0987569762443929], [-0.7342607757163304, -0.42408611991595985, 0.05904154400048405, 0.3913875714105198, -0.29635676180695036, 0.5002127710822266, -0.008603934290500277, -0.06974484598438302, -0.5399227457080222, 0.20554263617325233, -0.3131344815756827, 0.544829039725235, -0.08761019367650269]], "inverted": true, "swapped": false, "error_lsq": 0.04778769042433758, "error_max": 0.29063687944003685, "target": "556.xyz", "model": "2.xyz", "model_rescale": 3.932901565614263, "target_rescale": 4.0694544811239615},
{"mapping": [10, 6, 4, 0, 5, 3, 1, 9, 12, 8, 11, 7, 13], "R": [[-0.6807499383282181, -0.6610524357734328, 0.3155775635626505], [0.05809655510487843, -0.478179823894904, -0.8763383172638204], [0.7302084029584108, -0.5782332861206195, 0.3639257548883794]], "T": [0.013700829144766231, -0.05816885920102232, 0.018231834939552723], "aligned_model": [[0.37207820257079055, -0.11064268605597502, -0.5271013482910555, 0.121215340727435, -0.5975340092627681, 0.23659046011017285, 0.6121688855849892, -0.47654554517719827, -0.20258040661925236, 0.031433693309677026, 0.6440609316439599, -0.5843074780714378, -0.02321463949793861], [0.035320023295032706, -0.40285918485432864, -0.7311060716230389, -0.5677337429888842, -0.10231602896511349, 0.03885672040864092, -0.48888713104350373, 0.4686771053422475, 0.16810272068600343, 0.5992845428707424, 0.5625302057596435, 0.05471077734801862, -0.04696008639664423], [-0.5949328471542018, -0.5583265145015938, 0.15207845445657647, 0.4398176365890032, -0.3575908431593116, 0.4672215089753068, -0.05308700292143317, -0.1297031558418209, -0.6782977117067854, 0.34415712571134915, -0.10459939195975582, 0.3915772507412051, -0.0910208055111521]], "inverted": true, "swapped": false, "error_lsq": 0.0493152878881333, "error_max": 0.33795018682700045, "target": "556.xyz", "model": "3.xyz", "model_rescale": 3.9243930471874484, "target_rescale": 4.0694544811239615},
{"mapping": [6, 3, 2, 4, 0, 8, 10, 1, 5, 9, 11, 7, 12], "R": [[0.0611539517370952, -0.1519130394588547, -0.986500188864305], [0.9053643123648477, -0.4076499416742995, 0.11889906201928768], [-0.42020906235237626, -0.9004132126392375, 0.11260723965014025]], "T": [0.06474023559663106, 0.0038397074043528684, -0.01849704553733058], "aligned_model": [[0.3351187807184496, 0.02513008535667005, -0.6428193322859101, -0.041545049453365415, -0.6309667585846035, 0.21839713550913342, 0.7017787315016097, -0.541691317340059, -0.22911515214254535, 0.2109824212170544, 0.6343774319933548, -0.535126004665718, -0.008899570852672317], [-0.0835851889179346, -0.5738091498737076, -0.5881960995006553, -0.47960175925697507, -0.16097805274264226, 0.056131401045939645, -0.27002750508385404, 0.3797847816858658, 0.2998849186837365, 0.6302028173662464, 0.49409570512631645, -0.1535474890218969, 0.03726547032837627], [-0.6824012890676432, -0.36158042322851586, -0.010278070310138922, 0.30915376849227244, -0.4790936559764775, 0.5897722244423397, 0.10919956435492198, 0.014158317096498833, -0.650659480161602, 0.27127850450218033, -0.2660785524526093, 0.4897435698278477, -0.10592077380168818]], "inverted": true, "swapped": false, "error_lsq": 0.05032133800520781, "error_max": 0.2858727690698794, "target": "556.xyz", "model": "4.xyz", "model_rescale": 3.8936222436046832, "target_rescale": 4.0694544811239615},
{"mapping": [0, 8, 10, 6, 9, 7, 4, 11, 3, 1, 5, 12], "R": [[0.32000482712383493, -0.9128923378579453, 0.2534255119314148], [0.08877332777638436, 0.2952064274119498, 0.9513004054924923], [-0.94324769116757, -0.2819232957648735, 0.17550797250301914]], "T": [-0.045139761656550884, 0.03191405748789153, -0.007671018709611288], "aligned_model": [[0.001325698904901626, -0.5378867560370779, -0.2868674774762942, 0.4386808565506938, -0.6239763865879772, -0.7151861790702887, -0.2040270320173146, 0.017457538946633072, 0.7139824884707314, 0.2229571662034726, 0.07299218444722091, -0.07190406011960372], [-0.5500322185516568, -0.40314720131880266, 0.04681521713931433, 0.0014469005907114876, 0.42700858051217805, -0.060885182408855, -0.4400286897841301, 0.5710143243391141, 0.14886661285503097, -0.5764671350941879, 0.5619209195196827, -0.05758922268859151], [-0.44163554501967556, -0.25099399336916844, -0.7141593595353607, -0.5219606745970171, -0.19537568762801416, 0.39804967979625944, 0.569570968001914, 0.5010487431984375, 0.1324257462498342, 0.16919365150286425, -0.07085815509736075, 0.04397934577280574]], "inverted": false, "swapped": true, "error_lsq": 0.0394175926781947, "error_max": 0.22571618128790763, "target": "556.xyz", "model": "5.xyz", "model_rescale": 3.6523030999806103, "target_rescale": 4.0694544811239615},
{"mapping": [8, 5, 0, 1, 7, 2, 6, 11, 9, 4, 10, 3, 12], "R": [[0.6459179367355207, -0.7612820894148937, -0.05691747832978883], [-0.5112937900239811, -0.4867662227631015, 0.7082635841689561], [-0.5668938871484164, -0.4283785997374713, -0.7036498390540016]], "T": [0.03024793796694291, -0.029017474133553184, -0.10276265690728906], "aligned_model": [[0.3531635679923503, -0.2069160564581122, -0.5845078285642985, 0.16929350043348282, -0.611784849570989, 0.26134022186621064, 0.67596842118133, -0.4815593074759622, 0.07355110411001395, -0.04919449796879991, 0.49180385143410604, -0.5326581200445007, -0.06287860596343228], [-0.30718191980290455, -0.5839153444332051, -0.729459673261684, -0.5744517150185406, 0.03479870266567667, 0.009174440818228574, -0.09633580400181237, 0.6820092770175866, 0.3708187033507744, 0.37766942920655644, 0.5999152623492305, -0.11684488726266692, -0.07857662178842335], [-0.6243497922137952, -0.41858717031941695, 0.24164960143412165, 0.3041067157690326, -0.32757247653753996, 0.6192826104850361, -0.06903192769435583, -0.18680613256471104, -0.7035277875177038, 0.29400713018737523, -0.09366356954847596, 0.2948097494604629, -0.10302324722264347]], "inverted": true, "swapped": false, "error_lsq": 0.059982385898163994, "error_max": 0.3531367830558331, "target": "556.xyz", "model": "6.xyz", "model_rescale": 4.08911054899281, "target_rescale": 4.0694544811239615},
{"mapping": [5, 7, 2, 13, 6, 11, 12, 3, 4, 8, 10, 1, 14], "R": [[-0.1370752221214045, 0.7079590383765825, 0.6928234865110107], [-0.9743638252408696, -0.22233101889470613, 0.034410087172542014], [0.17839708389530295, -0.6703453721911914, 0.7202857505459244]], "T": [-0.06477546567813834, 0.003101608681835094, -0.017776455412229664], "aligned_model": [[0.36133828548988356, -0.10861002045248407, -0.5952754393790747, 0.12611774925200353, -0.4711214199063417, 0.2775557935042686, 0.5728104130121814, -0.651584150556685, -0.08172090021025634, 0.02878292215090228, 0.5765462507492589, -0.4412132079431496, -0.09800487473910832], [-0.04749529118739599, -0.6065318536864477, -0.6020978681302245, -0.6344912498042147, -0.08117117021326753, 0.05842292611317694, -0.3114249499166091, 0.4920197784394231, 0.4166406504551311, 0.6786718453238547, 0.3316894714554376, -0.1849651269343055, 0.0783526879242569], [-0.6473542936280205, -0.49287069649082377, 0.03164939269348971, 0.2870671924678699, -0.2951282729168991, 0.4558055583735613, 0.03281217218439053, -0.2253000128648095, -0.588344420583774, -0.018586835113502342, -0.021148543560052746, 0.5829494288382369, 0.12574303431771955]], "inverted": false, "swapped": false, "error_lsq": 0.04038220249458468, "error_max": 0.2315102484939003, "target": "556.xyz", "model": "7.xyz", "model_rescale": 3.964800864290218, "target_rescale": 4.0694544811239615},
{"mapping": [4, 2, 1, 7, 0, 9, 12, 3, 6, 10, 11, 8, 13], "R": [[0.45042517932661885, 0.7201239818285305, 0.5277675706445082], [-0.8607247521596708, 0.19318740271382295, 0.4709899451711903], [0.23721310850848223, -0.6664083419556734, 0.7068450062946146]], "T": [-0.1128010122390708, -0.01755081815726323, -0.07978604621680102], "aligned_model": [[0.3714446213024338, -0.09505499564815606, -0.6037436327073471, -0.011516430997837362, -0.6330351766550038, 0.32056690580083325, 0.5423199535505276, -0.6292109946955222, -0.014108840953494406, -0.09354069451951791, 0.5785329138545285, -0.12439506354121327, -0.11263716381883238], [-0.09512704874162735, -0.5313754634801015, -0.5504538456936419, -0.6660281077496037, -0.14725324617961394, 0.1717652616967121, -0.3142006957633764, 0.41618353708534145, 0.3268593001202392, 0.6692131528868426, 0.42704835202551295, -0.11702533032415596, -0.0019860160437118867], [-0.5843467361819932, -0.4972522610271813, 0.11543075076209275, 0.1960251273195021, -0.5548576901425425, 0.4204223066833647, 0.1514936709824197, -0.3465404928601826, -0.5360177296119308, 0.37090043155272817, -0.18712804637739505, 0.6824658680548805, -0.0033014954363763255]], "inverted": false, "swapped": false, "error_lsq": 0.04602087009144536, "error_max": 0.3042470726470335, "target": "556.xyz", "model": "8.xyz", "model_rescale": 4.121658175737393, "target_rescale": 4.0694544811239615},
{"mapping": [10, 5, 9, 7, 4, 8, 11, 1, 0, 2, 3, 6, 12], "R": [[-0.44582396381460276, -0.8706331838026582, -0.20793954061284864], [-0.1203407840213338, -0.171897145161371, 0.9777369110279621], [-0.8869944131671668, 0.4609221525887179, -0.028136813309545372]], "T": [0.0024447172098663247, -0.06764726510747554, -0.029915489169365695], "aligned_model": [[0.5040822318970009, -0.06279875771083676, -0.5923304085512731, 0.1713768841425917, -0.7921729931361375, 0.15773212723765, 0.6038935300775834, -0.47855566447649195, -0.18948650898836122, 0.08479006516878768, 0.6059629607732742, -0.4544251286500583, -0.06244693681233087], [-0.14987980977719212, -0.4301400022911634, -0.628265856240848, -0.6721677343042188, -0.07441019504154134, 0.039558697525450964, -0.19407387931280035, 0.4231080907832121, 0.33364352905519323, 0.6021566124734867, 0.4104596564487903, -0.06352117575806067, -0.00884808372149301], [-0.5938999242835121, -0.5259600544506777, 0.12863785228517607, 0.21752710136582945, -0.4257246286569552, 0.6736085257655263, 0.12916848637215658, -0.08216038552980257, -0.6787238939027026, 0.1341834447269799, -0.20272605804798363, 0.4910787232980881, -0.03771548522473669]], "inverted": true, "swapped": false, "error_lsq": 0.039781231148766985, "error_max": 0.2494603343242093, "target": "556.xyz", "model": "9.xyz", "model_rescale": 3.833441315466971, "target_rescale": 4.0694544811239615},
{"mapping": [11, 12, 1, 0, 6, 13, 10, 3, 7, 9, 8, 5, 14], "R": [[0.6641273373954402, -0.0023828841400071743, 0.7476156777296865], [-0.47270403398658034, 0.7733985149049529, 0.422380910311566], [-0.5792113396480227, -0.6339156560663166, 0.51250869750391]], "T": [-0.11054246147053476, -0.055552288952878344, -0.08498919482629033], "aligned_model": [[0.30408830867878295, -0.07885833009611426, -0.4078051853050864, 0.06188984915893672, -0.6589304795926072, 0.08651495606267301, 0.6643099823778027, -0.5253719440573994, -0.08535183174063576, 0.13350803959126495, 0.5731488943040615, -0.45683368819624864, -0.11468717021403169], [-0.0015414158318703963, -0.5300403628403164, -0.7132636431262251, -0.5539637564960039, -0.30814766060010435, -0.05076267572362162, -0.32829273289228816, 0.7072733279831586, 0.39449778253232354, 0.7144675155862126, 0.3185391431870842, -0.1004096454996671, 0.03926397356013379], [-0.6239708559926611, -0.4549584379647036, 0.07204449749402134, 0.34591226603936465, -0.39594856170154746, 0.6875598167030185, -0.05383660228790757, -0.10330389576571782, -0.5756360557270729, -0.011375472723823499, -0.07153212176763377, 0.4942390894653568, -0.08189996205330716]], "inverted": false, "swapped": false, "error_lsq": 0.04433649304624187, "error_max": 0.2640571448610732, "target": "556.xyz", "model": "10.xyz", "model_rescale": 4.2482417240324, "target_rescale": 4.0694544811239615},
{"mapping": [6, 3, 11, 2, 10, 9, 5, 4, 1, 8, 0, 12], "R": [[0.996967411182471, 0.03745988987346286, -0.06821097925400545], [0.05383132222396338, -0.964945753832137, 0.25686938491955263], [-0.05619759592493394, -0.2597622928987144, -0.9640359855317958]], "T": [-0.0013048609734546725, 0.11437012531309323, 0.029454986120833297], "aligned_model": [[-0.6249148044402458, -0.07356210135507471, 0.45311095738821666, 0.6022314657898314, -0.617438476845062, -0.040880232256972515, -0.11213245987033853, 0.6134070802260908, 0.11836659221756668, -0.08868525787114866, -0.4114316476334547, 0.05869448701359793], [-0.21576195294047432, -0.649964784157196, -0.06216417831512572, -0.5242264372528564, 0.5359092577953077, 0.736021459979194, 0.036344910305696504, 0.09680851476863678, -0.2127033152547859, 0.6382596866346857, 0.1644122561174709, 0.12319597237008628], [-0.010892724123371056, 0.17137972594723458, 0.5913137046460858, -0.11452922962720591, 0.00790884827134996, 0.40143344156575267, 0.5590627219421066, -0.4211049452865189, -0.5638294798406336, -0.4279161576551541, -0.5692415324305151, -0.058392083554774286]], "inverted": true, "swapped": true, "error_lsq": 0.049801368610931034, "error_max": 0.29522634800966796, "target": "556.xyz", "model": "11.xyz", "model_rescale": 3.6694154284099745, "target_rescale": 4.0694544811239615},
{"mapping": [11, 6, 5, 7, 0, 10, 9, 1, 4, 2, 8, 12, 13], "R": [[0.4150754359158237, 0.36999407767640546, 0.8311538756353577], [0.29869989209412573, 0.807506516013663, -0.5086370032335771], [-0.8593548492690589, 0.4593882988059908, 0.22465892806183133]], "T": [-0.047379314187664306, -0.045122962024304436, -0.0665669494719414], "aligned_model": [[0.4782186568725343, -0.13349180565548124, -0.5093038064949243, 0.18627967800174997, -0.6978621580956579, 0.19337206064042822, 0.721832520770655, -0.5241737118146709, -0.1633830916319514, 0.006097509294048786, 0.5494723241651526, -0.461210365833978, -0.1502264092465062], [-0.16947652952571282, -0.45881210403771744, -0.6862825913335227, -0.6582572804304295, -0.06742956391881522, -0.03913818683045822, -0.2120518146191986, 0.6532783506065484, 0.26295355298901063, 0.5366286632493821, 0.41808619809229774, 0.01645019552940709, -0.008329039931976034], [-0.5698676667117937, -0.442466891008358, 0.07524590476711497, 0.28219529250850584, -0.3617149627106335, 0.5212525341220484, 0.09197067389076959, -0.10366415972505864, -0.7293720748792509, 0.22501296964809492, -0.1090316064318228, 0.46889650140837846, -0.12116281116060887]], "inverted": false, "swapped": false, "error_lsq": 0.04046727555688166, "error_max": 0.2768885907790043, "target": "556.xyz", "model": "12.xyz", "model_rescale": 3.9764082729961374, "target_rescale": 4.0694544811239615},
{"mapping": [1, 0, 4, 5, 7, 13, 12, 3, 8, 11, 10, 6, 15], "R": [[-0.20161170085264046, 0.9552508250444194, -0.21644533566529384], [0.5452822625218289, -0.0741063536931022, -0.8349703602651942], [-0.8136461001309974, -0.2863635968384758, -0.5059406231440109]], "T": [-0.0038093917703723515, -0.08702591463436893, -0.03916312852226363], "aligned_model": [[0.46088510866076476, -0.21526739581386756, -0.5866189473418612, -0.008195277865190871, -0.5962977684333823, 0.24078101131025859, 0.6160088245795329, -0.592583272979756, -0.0357329263214155, 0.04472441841383847, 0.5581532957848292, -0.28058091535614027, -0.10965475366621147], [-0.05383430584500269, -0.6316520999224614, -0.4970448213274464, -0.8681298484648813, -0.1854468615442872, 0.13765352970858052, -0.14389030561526736, 0.4974271271866185, 0.449002694630496, 0.6989039772321745, 0.4478296456813595, -0.19017597981869844, -0.07302290206236862], [-0.47076470015520516, -0.4701802561712037, 0.050732588105421875, 0.26527293109022704, -0.4977528576392342, 0.4748166650469942, 0.10156836996852135, -0.1813018144084263, -0.4988445993690796, 0.06332283680497923, -0.24957787694391897, 0.665405103435233, -0.025402686046922973]], "inverted": true, "swapped": false, "error_lsq": 0.042392450113465006, "error_max": 0.22282416970545632, "target": "556.xyz", "model": "13.xyz", "model_rescale": 4.170626492500431, "target_rescale": 4.0694544811239615},
{"mapping": [9, 11, 5, 6, 12, 2, 3, 8, 10, 0, 1, 4, 13], "R": [[0.5548127245513661, 0.8173534633856562, 0.15529377504382802], [-0.8219930652008757, 0.5096945458836253, 0.254045016991388], [0.12849218434426107, -0.26859781419058143, 0.9546438984115925]], "T": [-0.012619181581705434, 0.06907747119837852, -0.019203078688450233], "aligned_model": [[0.37138330665875074, 0.09225073125913319, -0.48841043790936756, 0.030495309116030718, -0.6805701702272133, 0.1582011213257009, 0.5851043639141944, -0.5966486289619115, -0.212975338847235, 0.20522843842639704, 0.6115933766173705, -0.5570895094375486, -0.022941160962902763], [0.009923948024734328, -0.5128391885242328, -0.704101150282411, -0.7116617804898597, -0.11201023039355844, 0.07269182177887744, -0.2650675488647258, 0.5198205306059596, 0.18243668033950683, 0.5674351809558712, 0.45298181225575673, 0.11768805664982486, -0.02967828221692767], [-0.7300823850303653, -0.40654653564774784, -0.07431503785738158, 0.2907592232052675, -0.2574358268273468, 0.616201932167498, 0.0617121433449982, -0.10462316879369754, -0.5343102567820173, 0.22582837665954103, -0.25113110416017237, 0.4327396208428498, -0.04150327740403983]], "inverted": true, "swapped": false, "error_lsq": 0.04949578090132904, "error_max": 0.32543601364342345, "target": "556.xyz", "model": "14.xyz", "model_rescale": 3.9786697098870705, "target_rescale": 4.0694544811239615},
{"mapping": [1, 8, 3, 2, 6, 5, 7, 9, 11, 4, 10, 12], "R": [[-0.2529248488053925, -0.5740268909171274, 0.7787953192982002], [0.809892450913105, 0.3147241514645473, 0.4949979054893916], [-0.5292478047292528, 0.7559377203109638, 0.38529848715032594]], "T": [0.016505426948579295, 0.07519520955175141, -0.04185374918917292], "aligned_model": [[-0.05077530559275369, -0.6685928290200466, 0.6421347590537289, 0.6019230839201695, 0.03342679748809424, 0.3491785097948204, -0.2456642087993494, -0.23813601660806952, 0.6257668483599893, -0.034302522287877966, -0.5095757633962589, -0.0220287561451097], [-0.4209033562400236, -0.06298674493201223, 0.11612478735597177, -0.5707903828609965, 0.4967389845722451, 0.47200144747107475, -0.3596893605063297, 0.41377248743201184, 0.0344227453094923, -0.682319073888658, 0.6021619125535452, -0.023858956041881985], [-0.5137057024891346, 0.011344902170407484, -0.5071324859349505, -0.22291148343322342, -0.6088802048022776, 0.1334416420617837, 0.5617402189944785, 0.5471349818966937, 0.3829773260124987, 0.027241079026657955, -0.09951468891343707, -0.05176909071566733]], "inverted": false, "swapped": true, "error_lsq": 0.05496376741795086, "error_max": 0.28495969755155354, "target": "556.xyz", "model": "15.xyz", "model_rescale": 3.769337070930944, "target_rescale": 4.0694544811239615},
{"mapping": [6, 3, 8, 1, 10, 5, 9, 11, 7, 4, 12], "R": [[0.05914020800339169, 0.8063199807242628, 0.5885155261181649], [-0.01827707198160583, 0.5903232139410373, -0.8069600062717506], [-0.9980823535345642, 0.036967441988175254, 0.049649005989607975]], "T": [-0.01965740422087848, 0.01837675786384744, -0.05080703296515415], "aligned_model": [[-0.22646619739887375, -0.382111670014715, -0.045430748257684624, -0.6923557898202685, 0.2566520789173797, 0.35027165234715785, 0.660196270506605, 0.2862818247679482, 0.21345278436914072, -0.41223833023123657, -0.08562574449428223], [-0.17643695240064247, -0.6607298561219381, 0.7172001137166536, 0.12806616290305414, 0.39608259082902225, -0.36712136620820984, 0.2715720338864554, -0.4972410266683797, 0.45763992769047385, 0.25036754213962953, 0.07666532785922331], [-0.6979408906498441, -0.1812397989632965, -0.0984055774225911, 0.042626720138652624, -0.6328478237599746, -0.16655993417951653, -0.042106666367535184, 0.389514218347392, 0.5614761476138004, 0.5601298910720034, 0.00957132139468659]], "inverted": false, "swapped": true, "error_lsq": 0.04704016673737068, "error_max": 0.24074991774595736, "target": "556.xyz", "model": "16.xyz", "model_rescale": 3.7852294659196426, "target_rescale": 4.0694544811239615},
{"mapping": [7, 2, 3, 1, 8, 4, 5, 9, 11, 10, 6, 0, 12], "R": [[-0.7358015034013627, 0.3145038908638253, 0.5997361505060451], [0.17703027864068432, 0.9441502636354739, -0.277921859740228], [-0.6536485508564188, -0.09832386438998583, -0.7503838948529771]], "T": [-0.07266260447095577, -0.09123568862954377, -0.054646184869464876], "aligned_model": [[0.4632007493374598, -0.086172321967633, -0.5160317328061214, 0.2281947475730702, -0.6570472467442232, 0.14455573022155213, 0.5261439892780164, -0.6204437053332917, -0.11559514064601295, 0.11670830097104554, 0.6125415475671039, -0.5116648631051863, -0.08876865337438067], [-0.1439099762412252, -0.5090377660001221, -0.7182963716980706, -0.6976220667542461, 0.0012256181294360569, -0.06602598523195606, -0.1658670456063761, 0.5773161684965226, 0.2224705223418113, 0.6636770765402185, 0.4378871619362771, -0.012028504281511532, -0.0021689817919424287], [-0.5035369183962555, -0.5011279120524017, 0.15202768128565436, 0.0719814913823408, -0.32695374605724487, 0.6191248081375165, 0.20625577832539665, -0.07001060425896843, -0.716218013901541, 0.15392143590365553, -0.24937038711687026, 0.4618326574855948, -0.07063256701949079]], "inverted": false, "swapped": false, "error_lsq": 0.04831729220875616, "error_max": 0.27770132681953186, "target": "556.xyz", "model": "17.xyz", "model_rescale": 3.901054581598922, "target_rescale": 4.0694544811239615},
{"mapping": [4, 8, 2, 0, 5, 7, 1, 9, 10, 11, 6, 3, 14], "R": [[-0.43786358420783666, 0.8739578111991588, 0.21088676077137397], [-0.5813083763063225, -0.09627948143509923, -0.8079670990149883], [-0.6858250894074772, -0.47636961038521797, 0.5501962750152548]], "T": [-0.08967944451199567, -0.018196561490609924, -0.05184369286161386], "aligned_model": [[0.36308042777059085, -0.10678147763684367, -0.5964284942867226, 0.10743706955084445, -0.6116751309549902, 0.29641297950225565, 0.5324627406987055, -0.5499114752673104, -0.042755488581817463, 0.04483303000071204, 0.5495580171333059, -0.3785461518196388, -0.11206464513769242], [-0.11603555021625493, -0.5151807136533827, -0.6631471263932958, -0.5785577496837802, -0.11070528718943178, 0.07291894258652744, -0.3219067958528536, 0.4286237476902784, 0.49019649687968053, 0.7578589177484246, 0.36377707741621657, -0.2462085244491001, 0.02598641495578696], [-0.6929443091813982, -0.4913121503212129, 0.05295263995698393, 0.4200089718017722, -0.3820688978355946, 0.4794825993852626, 0.028060902505117558, -0.20260081708673447, -0.6935510940107872, 0.0761222255315929, 0.04405913337249692, 0.6174637549303793, -0.028379255330491696]], "inverted": true, "swapped": false, "error_lsq": 0.03653994927724192, "error_max": 0.22716909817670533, "target": "556.xyz", "model": "18.xyz", "model_rescale": 3.9405287249114394, "target_rescale": 4.0694544811239615},
{"mapping": [4, 12, 3, 14, 1, 11, 13, 6, 8, 5, 7, 10, 15], "R": [[0.3752618023657977, -0.8509680148985619, -0.36746702886759025], [-0.18111346275055668, -0.4561133745914208, 0.8712970234824227], [-0.9090525250477421, -0.26041126538310055, -0.3252836909005685]], "T": [0.0010833085052940825, -0.04409488649466839, -0.12018512718987065], "aligned_model": [[0.28613806004766734, -0.011449584370948153, -0.5899517920788815, 0.08324165773913714, -0.6074059862647646, 0.21885994148792948, 0.5671810515545944, -0.49773477496742985, -0.005220230763933027, -0.12911788157320633, 0.5806017165733061, -0.37365470669425815, -0.02586606971781445], [-0.13750301779621593, -0.5491756139609186, -0.6401338432743018, -0.6336206497352247, -0.11450917252865361, 0.05017354229533949, -0.29484098179631646, 0.48924504270010083, 0.650685818358239, 0.7096085106472182, 0.27602070745854, -0.18492562910120333, -0.0334048634277881], [-0.78703124005696, -0.3320233851786226, 0.024188231683798828, 0.37524230665185276, -0.3657498446311178, 0.560182423006364, 0.14056300104393335, -0.27833851829906364, -0.4193710110359098, 0.20576192678943703, -0.359580135825482, 0.5563074144155178, -0.09285746484636143]], "inverted": true, "swapped": false, "error_lsq": 0.0456471684409132, "error_max": 0.30936998886388994, "target": "556.xyz", "model": "19.xyz", "model_rescale": 4.410303926677745, "target_rescale": 4.0694544811239615},
{"mapping": [4, 2, 1, 7, 0, 9, 12, 3, 6, 10, 11, 8, 13], "R": [[0.45042517932661885, 0.7201239818285305, 0.5277675706445082], [-0.8607247521596708, 0.19318740271382295, 0.4709899451711903], [0.23721310850848223, -0.6664083419556734, 0.7068450062946146]], "T": [-0.1128010122390708, -0.01755081815726323, -0.07978604621680102], "aligned_model": [[0.3714446213024338, -0.09505499564815606, -0.6037436327073471, -0.011516430997837362, -0.6330351766550038, 0.32056690580083325, 0.5423199535505276, -0.6292109946955222, -0.014108840953494406, -0.09354069451951791, 0.5785329138545285, -0.12439506354121327, -0.11263716381883238], [-0.09512704874162735, -0.5313754634801015, -0.5504538456936419, -0.6660281077496037, -0.14725324617961394, 0.1717652616967121, -0.3142006957633764, 0.41618353708534145, 0.3268593001202392, 0.6692131528868426, 0.42704835202551295, -0.11702533032415596, -0.0019860160437118867], [-0.5843467361819932, -0.4972522610271813, 0.11543075076209275, 0.1960251273195021, -0.5548576901425425, 0.4204223066833647, 0.1514936709824197, -0.3465404928601826, -0.5360177296119308, 0.37090043155272817, -0.18712804637739505, 0.6824658680548805, -0.0033014954363763255]], "inverted": false, "swapped": false, "error_lsq": 0.04602087009144536, "error_max": 0.3042470726470335, "target": "556.xyz", "model": "20.xyz", "model_rescale": 4.121658175737393, "target_rescale": 4.0694544811239615},
{"mapping": [8, 5, 0, 1, 7, 2, 6, 11, 9, 4, 10, 3, 12], "R": [[0.6459179367355207, -0.7612820894148937, -0.05691747832978883], [-0.5112937900239811, -0.4867662227631015, 0.7082635841689561], [-0.5668938871484164, -0.4283785997374713, -0.7036498390540016]], "T": [0.03024793796694291, -0.029017474133553184, -0.10276265690728906], "aligned_model": [[0.3531635679923503, -0.2069160564581122, -0.5845078285642985, 0.16929350043348282, -0.611784849570989, 0.26134022186621064, 0.67596842118133, -0.4815593074759622, 0.07355110411001395, -0.04919449796879991, 0.49180385143410604, -0.5326581200445007, -0.06287860596343228], [-0.30718191980290455, -0.5839153444332051, -0.729459673261684, -0.5744517150185406, 0.03479870266567667, 0.009174440818228574, -0.09633580400181237, 0.6820092770175866, 0.3708187033507744, 0.37766942920655644, 0.5999152623492305, -0.11684488726266692, -0.07857662178842335], [-0.6243497922137952, -0.41858717031941695, 0.24164960143412165, 0.3041067157690326, -0.32757247653753996, 0.6192826104850361, -0.06903192769435583, -0.18680613256471104, -0.7035277875177038, 0.29400713018737523, -0.09366356954847596, 0.2948097494604629, -0.10302324722264347]], "inverted": true, "swapped": false, "error_lsq": 0.059982385898163994, "error_max": 0.3531367830558331, "target": "556.xyz", "model": "21.xyz", "model_rescale": 4.08911054899281, "target_rescale": 4.0694544811239615},
{"mapping": [12, 3, 2, 15, 4, 8, 9, 0, 7, 6, 10, 1, 16], "R": [[0.2505649693426725, 0.9647994270272852, 0.07987028074401592], [-0.15119734609599556, 0.12048941065894864, -0.9811328475046521], [-0.9562199321661484, 0.2337613473756549, 0.1760655383693388]], "T": [0.0321895981422289, -0.07675873455063577, -0.007953093710446245], "aligned_model": [[0.4169107447750266, -0.23402616965269088, -0.5172170292304872, 0.014183536419202163, -0.5830278277856497, 0.04768474871369035, 0.7181366456992364, -0.5749979926948284, 0.060833598377885774, -0.017830690346738225, 0.6408583689234608, -0.4747851664426711, -0.001101365784037918], [-0.13596710765717743, -0.6035016883654301, -0.535662094908979, -0.7313938204351249, -0.17243868117485373, 0.2632552900746841, -0.2534661636137101, 0.3976035933215595, 0.4636888144649902, 0.6543066018053315, 0.41008385759695076, -0.10985671983857442, -0.05903203143085066], [-0.6352118233601076, -0.6450950314906432, 0.08592924234917027, 0.31241498204681045, -0.3220311931004243, 0.5961266869699977, -0.08410257843793112, -0.0878468331925645, -0.4693554734430781, 0.1284491543266944, -0.21685983644896958, 0.6018661358240152, -0.03698972832558354]], "inverted": false, "swapped": false, "error_lsq": 0.03746822324171009, "error_max": 0.2320519794939413, "target": "556.xyz", "model": "22.xyz", "model_rescale": 4.204369325754507, "target_rescale": 4.0694544811239615},
{"mapping": [4, 12, 3, 14, 1, 11, 13, 6, 8, 5, 7, 10, 15], "R": [[0.3752618023657977, -0.8509680148985619, -0.36746702886759025], [-0.18111346275055668, -0.4561133745914208, 0.8712970234824227], [-0.9090525250477421, -0.26041126538310055, -0.3252836909005685]], "T": [0.0010833085052940825, -0.04409488649466839, -0.12018512718987065], "aligned_model": [[0.28613806004766734, -0.011449584370948153, -0.5899517920788815, 0.08324165773913714, -0.6074059862647646, 0.21885994148792948, 0.5671810515545944, -0.49773477496742985, -0.005220230763933027, -0.12911788157320633, 0.5806017165733061, -0.37365470669425815, -0.02586606971781445], [-0.13750301779621593, -0.5491756139609186, -0.6401338432743018, -0.6336206497352247, -0.11450917252865361, 0.05017354229533949, -0.29484098179631646, 0.48924504270010083, 0.650685818358239, 0.7096085106472182, 0.27602070745854, -0.18492562910120333, -0.0334048634277881], [-0.78703124005696, -0.3320233851786226, 0.024188231683798828, 0.37524230665185276, -0.3657498446311178, 0.560182423006364, 0.14056300104393335, -0.27833851829906364, -0.4193710110359098, 0.20576192678943703, -0.359580135825482, 0.5563074144155178, -0.09285746484636143]], "inverted": true, "swapped": false, "error_lsq": 0.0456471684409132, "error_max": 0.30936998886388994, "target": "556.xyz", "model": "23.xyz", "model_rescale": 4.410303926677745, "target_rescale": 4.0694544811239615},
{"mapping": [9, 10, 3, 1, 4, 7, 11, 5, 15, 6, 14, 0, 16], "R": [[-0.7875304056044999, -0.5187423120053808, -0.33271951247818954], [0.6141792802983727, -0.6161436847158751, -0.4931032056648155], [0.05079047056864988, -0.5926831982771712, 0.8038326657827228]], "T": [-0.0048824827748083985, 0.02989622651449019, -0.04147331207563444], "aligned_model": [[0.2946443318372765, 0.018967151214358283, -0.6127169005019879, 0.06849711823012733, -0.5854093526983131, 0.21355221342826655, 0.5637281095702467, -0.5006466256433281, 0.03343767130128209, 0.024042363352578665, 0.5343398323487876, -0.4836832976788801, -0.07313121378901608], [-0.03178637958197867, -0.5066390520583011, -0.6232149403137692, -0.721101675466929, -0.14810843390840198, -0.10062671837140746, -0.24811639599014373, 0.4087511276502172, 0.5033570055902372, 0.7872596969218206, 0.3980052239071405, -0.06713782426224263, -0.06302178427742613], [-0.5881898081335727, -0.40936600849813065, 0.07356628556166327, 0.36712543357368865, -0.36579917776583737, 0.572677272907626, -0.052078151153345756, -0.12077597255567762, -0.57409010424738, 0.01736559281618842, -0.2200371687935116, 0.5344780606314915, -0.007582550625815886]], "inverted": true, "swapped": false, "error_lsq": 0.034263064653590074, "error_max": 0.1999231368197815, "target": "556.xyz", "model": "24.xyz", "model_rescale": 4.28219845311461, "target_rescale": 4.0694544811239615},
{"mapping": [7, 13, 14, 12, 2, 5, 9, 0, 4, 1, 3, 10, 15], "R": [[-0.31234861407616843, 0.9354912747965612, -0.16521022384889483], [0.429028542751441, 0.2940798288694171, 0.8540793661930428], [0.8475687894143296, 0.1958906047559184, -0.49320788535777554]], "T": [-0.05973638916231121, -0.045370861098841524, -0.016171099190723508], "aligned_model": [[0.45910767281618575, -0.057003778841219765, -0.5989583996486451, 0.04400980442367808, -0.6249544327523444, 0.34241585024540033, 0.5802513869018329, -0.5836085897410738, -0.03811115476562639, 0.0521220952206327, 0.48913583629028584, -0.46313283749429696, -0.10565205168341077], [-0.15599574022346888, -0.46569457335880293, -0.5504495701979559, -0.7981806657703718, -0.1545923243801033, 0.23778005311140943, -0.24495409280611152, 0.5205382215573519, 0.360026782390012, 0.5656089615196025, 0.4747393320243853, -0.20581067354797317, 0.004604139520842342], [-0.5854768002148221, -0.43597696705090816, 0.168976803623425, 0.06709969724989562, -0.38681818139544655, 0.6790841180032242, 0.07017624580970425, -0.28236463717351684, -0.6243106168317701, 0.13896991624799496, -0.18430798388845349, 0.6480842665251324, -0.045842157187072734]], "inverted": true, "swapped": false, "error_lsq": 0.043829389077102, "error_max": 0.3047901001878444, "target": "556.xyz", "model": "25.xyz", "model_rescale": 4.100010024507729, "target_rescale": 4.0694544811239615},
{"mapping": [6, 3, 11, 2, 10, 9, 5, 4, 1, 8, 0, 12], "R": [[0.996967411182471, 0.03745988987346286, -0.06821097925400545], [0.05383132222396338, -0.964945753832137, 0.25686938491955263], [-0.05619759592493394, -0.2597622928987144, -0.9640359855317958]], "T": [-0.0013048609734546725, 0.11437012531309323, 0.029454986120833297], "aligned_model": [[-0.6249148044402458, -0.07356210135507471, 0.45311095738821666, 0.6022314657898314, -0.617438476845062, -0.040880232256972515, -0.11213245987033853, 0.6134070802260908, 0.11836659221756668, -0.08868525787114866, -0.4114316476334547, 0.05869448701359793], [-0.21576195294047432, -0.649964784157196, -0.06216417831512572, -0.5242264372528564, 0.5359092577953077, 0.736021459979194, 0.036344910305696504, 0.09680851476863678, -0.2127033152547859, 0.6382596866346857, 0.1644122561174709, 0.12319597237008628], [-0.010892724123371056, 0.17137972594723458, 0.5913137046460858, -0.11452922962720591, 0.00790884827134996, 0.40143344156575267, 0.5590627219421066, -0.4211049452865189, -0.5638294798406336, -0.4279161576551541, -0.5692415324305151, -0.058392083554774286]], "inverted": true, "swapped": true, "error_lsq": 0.049801368610931034, "error_max": 0.29522634800966796, "target": "556.xyz", "model": "26.xyz", "model_rescale": 3.6694154284099745, "target_rescale": 4.0694544811239615},
{"mapping": [3, 7, 5, 1, 8, 2, 6, 10, 9, 11, 12, 0, 13], "R": [[0.6715588094952186, -0.7407326248058157, -0.01799844264518463], [-0.038339988782652545, -0.058997526255060065, 0.9975215973380879], [-0.7399586546892409, -0.6692043562650133, -0.0680199890210108]], "T": [-0.15663161850567245, -0.019624511320230725, -0.06273591668933648], "aligned_model": [[0.42975492848938335, -0.12202954325977435, -0.47957822528791616, 0.18319576507475746, -0.7227112097612858, 0.04035884100428616, 0.4573120195095134, -0.4760636618320637, -0.07148119678172668, 0.15266364184148393, 0.5395518429271385, -0.2938827333625862, -0.14146906758981123], [-0.22053286710274145, -0.43937940220347965, -0.7350745520134211, -0.7759952317192537, 0.006368781864757627, 0.282881197136746, -0.190406932872162, 0.4901340306804847, 0.329139629572654, 0.7754101734604603, 0.35724858589587544, -0.29683144469250905, 0.004657881831404365], [-0.5810194977658802, -0.5304292485711506, 0.03633591664939602, 0.24069008151729698, -0.3580923750634957, 0.5132976773104241, 0.19240523176368884, -0.06308007692548359, -0.642370728599245, 0.02908870510484471, -0.11776381851758257, 0.5214316882786327, -0.013199851464059525]], "inverted": false, "swapped": false, "error_lsq": 0.051051702610597514, "error_max": 0.2974931636075315, "target": "556.xyz", "model": "27.xyz", "model_rescale": 4.103607728864725, "target_rescale": 4.0694544811239615},
{"mapping": [3, 2, 4, 1, 13, 5, 0, 11, 10, 6, 9, 7, 14], "R": [[-0.8459972958071598, 0.037976909189731636, -0.5318329905669335], [-0.5306281879481597, -0.1575756708240026, 0.8328286943418906], [-0.05217568055929522, 0.9867763993594296, 0.15346020990932452]], "T": [-0.11272502535433299, 0.06591719332828357, -0.17510421095982376], "aligned_model": [[0.39178927975636363, -0.0488894813265055, -0.5976955041926173, 0.1265846258248893, -0.7026743714139145, 0.25221343431422577, 0.47894476375513767, -0.6362214081657729, 0.03983520045878369, -0.051287205198204205, 0.5703517823782989, -0.278433300933415, -0.04889641428587081], [-0.25997991664209896, -0.6319375260365199, -0.6985344750394131, -0.6155168733035625, -0.07796771736693252, 0.183332979351801, -0.3045156347033604, 0.4829277544742662, 0.43818606561458434, 0.6036971368955685, 0.49702109673962475, 0.037409886405728995, -0.06650292655087074], [-0.62542325588068, -0.399257105679084, -0.13008678633637916, 0.3552158204937623, -0.40122239800324316, 0.4479317946041308, -0.02544419107047685, -0.019814280393355588, -0.4880203986719473, 0.15396324322411803, -0.04214021111665808, 0.5261869884858942, -0.12459551593869464]], "inverted": false, "swapped": false, "error_lsq": 0.042016622618413775, "error_max": 0.19899800304036924, "target": "556.xyz", "model": "28.xyz", "model_rescale": 4.137296879288765, "target_rescale": 4.0694544811239615},
