[{"mapping": [7, 5, 1, 12, 13, 10, 6, 3, 4, 11, 9, 16], "R": [[-0.9528927091699266, -0.17651883031291776, 0.24665073962134731], [-0.11078187121839812, -0.5544676701994582, -0.8247987510374488], [0.2823523717275075, -0.813269146868701, 0.508793114076151]], "T": [-0.023960859762882786, -0.023517940179990163, -0.06169650839024757], "aligned_model": [[-0.2030917608508947, 0.3095321668699095, 0.4797603445998646, -0.2619184492123978, -0.19865461633724332, -0.5664014883304762, 0.5215061803256309, -0.3971973649274143, 0.5381150344555541, 0.17363012090761215, -0.5340861784575346, -0.023551526582061513], [-0.27930558698659536, -0.6058306587456697, -0.5465170894619938, 0.5585695266629382, 0.3890748204351652, -0.350218166747923, -0.2836213746598846, -0.508926761547901, 0.1937843113689946, 0.43370525619664724, 0.16262905434125352, -0.10978829487797465], [-0.6696955237259279, 0.007225381158536548, -0.5536551244941095, 0.0953047662866282, -0.5804652285560749, 0.0336274934463148, 0.5245289052385483, 0.5813376092268713, 0.007974565118308116, 0.38896356596375503, 0.3754578427354679, -0.028652507044755512]], "inverted": true, "swapped": true, "error_lsq": 0.04478400000479275, "error_max": 0.22898125356347876, "target": "557.xyz", "model": "0.xyz", "model_rescale": 3.751011558992144, "target_rescale": 4.265376943788125},
{"mapping": [6, 11, 3, 5, 12, 10, 15, 4, 9, 7, 13, 8, 1, 2, 16], "R": [[-0.9866699722191488, 0.1591527708613203, -0.03395234083576787], [0.09187987826609244, 0.7170172601454508, 0.6909734702745968], [0.13431475678745097, 0.678643237777166, -0.7220823373608116]], "T": [-0.014769868412510115, -0.023459026999329953, 0.0036438503935709975], "aligned_model": [[0.21609930972478292, -0.00543377054664382, -0.6493689824133493, 0.22873253356622686, -0.2680302959027922, -0.5615560706723357, 0.5772384312663078, 0.4742217062513103, -0.6525692353190738, 0.06937588425857191, 0.06822979194377092, 0.6043672619686505, 0.6240227738569549, -0.15355689312237797, -0.03268623377096907], [0.08645989869713339, -0.5717645649057446, 0.3351875780287337, 0.5171001462252297, -0.6144268784127198, 0.3000394770766152, -0.44419231483701777, -0.2747886257692683, -0.27304847969110124, 0.35945791084842643, -0.3125295726267256, 0.10127262603305859, 0.567004619928124, 0.7189143527545254, 0.05407117647783657], [-0.7985192105830359, -0.38425255838298394, -0.5033834331721536, -0.3181608859736758, 0.08559010195937504, 0.08386296136710376, 0.2402722470903056, -0.2527236798505827, -0.12635439470752877, 0.5635296545084233, 0.6196154047303024, 0.4973870100893775, 0.11581819537810302, 0.070274276137044, -0.04328928373809785]], "inverted": true, "swapped": true, "error_lsq": 0.0383074364537933, "error_max": 0.23498886611942896, "target": "557.xyz", "model": "1.xyz", "model_rescale": 3.9405287249114394, "target_rescale": 4.265376943788125},
{"mapping": [1, 6, 4, 10, 0, 8, 2, 3, 12, 13, 14, 7, 16], "R": [[-0.6583229692428494, 0.4707390252848497, -0.5873803182275928], [0.5181973218450027, -0.2825627167970781, -0.8072359300160772], [-0.5459692333821983, -0.8358008621377009, -0.05791817547135725]], "T": [-0.06846027863873229, -0.09383535177239508, -0.0733427491803206], "aligned_model": [[-0.5414128138329045, 0.29939834342597804, -0.29688097583323564, 0.3276889384392402, 0.656975289727139, -0.8367735923139059, 0.08683399180349015, 0.7823367205023939, -0.009750285896591784, -0.5710561425599147, 0.061605530006175926, -0.448595797973227, -0.014385926210706168], [0.6131737245299068, 0.4761903296718709, 0.10374626667292025, -0.1893846570413859, -0.08635588777564898, 0.09501812638835297, 0.33120866543074423, 0.05979155340731049, -0.686751787561574, -0.5397797547759061, -0.6572370898685869, -0.0343612000673931, -0.02642569543859391], [0.14052755570737002, -0.5719398617893552, -0.5994502733797517, 0.420618450670036, -0.46642129026962365, 0.05588609840129058, 0.5349671716966707, 0.12905124610166446, -0.3284942151876302, 0.062313679785466564, 0.28516636446769916, 0.49158009055258023, -0.04068466716777279]], "inverted": false, "swapped": true, "error_lsq": 0.04385022870683934, "error_max": 0.22888379035450765, "target": "557.xyz", "model": "2.xyz", "model_rescale": 3.932901565614263, "target_rescale": 4.265376943788125},
{"mapping": [6, 4, 11, 5, 0, 9, 12, 3, 2, 10, 13, 8, 14, 16], "R": [[-0.4498230708624608, 0.09058045928934949, -0.8885124564770019], [-0.6163022147243301, 0.6885416839499742, 0.3822066582219882], [0.6463983176383981, 0.7195175674424249, -0.25389699702041424]], "T": [0.14895631240330073, -0.012176056973996416, 0.038056657110037986], "aligned_model": [[-0.3186687628413216, 0.37139949769813285, 0.22791707267777286, -0.25802016743678735, -0.3918238584347574, -0.09875476719540713, 0.4267831489338748, -0.6985372642048179, -0.3142479630180617, -0.2575159396185598, 0.755982151822349, 0.6950132007627564, 0.21600623611171535, 0.06427732679581515], [0.14054373442932416, 0.12837082090552293, -0.43214073746960285, 0.5035203834588429, -0.4752703518224384, -0.6507387262769285, -0.5961210061490856, -0.26292139375116447, 0.417778127184766, -0.16196214601070036, -0.08953325153320145, 0.5651598422988087, -0.44765577190170597, 0.024467114988051562], [-0.6452088684007995, -0.5085412227868351, -0.48019484075277813, -0.11518581107974467, -0.3789852192094429, 0.1679004458236843, -0.005756342316171517, 0.12350548835615487, 0.456865546205625, 0.5096560366196456, 0.34693717518801, 0.14377426830732035, 0.5564475745209521, 0.04268213258147675]], "inverted": true, "swapped": true, "error_lsq": 0.04290810571648278, "error_max": 0.3339491560969485, "target": "557.xyz", "model": "3.xyz", "model_rescale": 3.9243930471874484, "target_rescale": 4.265376943788125},
{"mapping": [1, 4, 8, 7, 13, 5, 2, 15, 12, 0, 14, 3, 16], "R": [[0.008343985340346055, -0.41225994811406186, 0.9110280528554714], [-0.11219403744340703, 0.9049212625034044, 0.4105240634011513], [-0.9936512848433238, -0.10563732224093941, -0.03870245830663018]], "T": [-0.011569007765949796, 0.031795904163397934, -0.05870902939085521], "aligned_model": [[-0.0371956134019181, -0.1163094649495039, 0.4739462093131728, 0.3934281437350301, 0.6707229608429752, -0.46833027858210186, -0.21215830459926366, 0.4128655383410672, 0.23641386371131684, -0.6620392438279793, 0.34212231043467933, -0.6729147402364696, -0.08334549446965306], [-0.7004829085201788, 0.22341267700715423, -0.38172286394074045, -0.511020729926343, 0.09198757339576268, -0.427953250431618, -0.6395648592213005, 0.2056427395773091, 0.6129666430240936, 0.4972128626078854, 0.17124955976417916, 0.007287635727604533, -0.02118552538222017], [-0.5407852260771183, -0.6246737693415634, -0.5444541082557447, 0.0335157593819966, -0.08565921023192685, -0.24594092893420025, 0.23087402642071653, -0.6695411817814135, 0.08566583486330642, 0.14401978574547036, 0.5054917744068996, 0.5332717608297016, -0.03471420165516036]], "inverted": false, "swapped": true, "error_lsq": 0.03761404638656689, "error_max": 0.23725766008394153, "target": "557.xyz", "model": "4.xyz", "model_rescale": 3.8936222436046832, "target_rescale": 4.265376943788125},
{"mapping": [3, 6, 2, 10, 1, 4, 11, 13, 14, 9, 7, 16], "R": [[-0.8980210863202612, -0.07186639217444449, 0.43404302805137546], [0.28367891132445855, -0.8486754614456943, 0.446403669798657], [0.3362802459169259, 0.5240087621555267, 0.7825154397136741]], "T": [-0.12371423438842111, 0.0042358762514357155, 0.08254383298771648], "aligned_model": [[0.11767782028283669, -0.7277531104004015, -0.09534466246563, 0.33152458853325795, -0.7167802386669294, -0.6262728487828261, -0.22807110735127456, 0.15025875579702241, 0.5520559161280633, 0.40335050242835124, 0.0107304559939006, -0.1438280292812734], [-0.6065891824897941, -0.5563537578885672, 0.20526336948057658, -0.07330831137571914, 0.5372715900769193, -0.07482500437012958, -0.4756457722635627, 0.4905813227953991, 0.06847996159569973, -0.4503058035514007, 0.6269529925821394, -0.02259849948175305], [-0.5149866788894641, -0.08986446842603371, -0.6479373790805073, -0.3610844482981028, -0.2827397338324521, 0.4129796877717675, 0.5408155821146886, 0.4803862477644557, 0.1280940119792359, 0.12225649566650777, -0.16509707819093986, -0.003537519303637382]], "inverted": false, "swapped": true, "error_lsq": 0.044018275980025, "error_max": 0.20184174732735832, "target": "557.xyz", "model": "5.xyz", "model_rescale": 3.6523030999806103, "target_rescale": 4.265376943788125},
{"mapping": [7, 13, 15, 1, 4, 10, 12, 5, 9, 0, 11, 6, 16], "R": [[0.9000172621766969, -0.2118207782099728, -0.3809211016765603], [0.41354799725033553, 0.6910225153231402, 0.5928456268597391], [0.13764803578038926, -0.6911004566884629, 0.709530250948329]], "T": [0.02394388895750816, -0.09180764060273723, 0.08901962234468776], "aligned_model": [[0.08649568077473443, -0.15205352174956732, 0.36243625175222666, 0.7724538512107362, 0.4494524893596138, -0.385676931849225, -0.42331800617223586, 0.5060724726684306, -0.6058644808323813, -0.19477536339419343, -0.05199979660079645, 0.47259219046638073, 0.04526806903057154], [-0.4801515674681841, 0.14783570957431397, 0.47054403338472267, -0.4562423748510264, 0.32553352623619053, -0.5786173934437612, 0.3770563601907391, -0.4931083008866319, -0.04682096282250645, 0.019892650390293268, 0.46567770179714135, -0.044669701078888915, -0.1661027768592184], [0.6479957134611138, 0.7066503015219056, 0.479745663964303, 0.36507505647745875, -0.023995506372273975, 0.016296953341409, 0.10393202011600046, -0.15910481558845369, -0.20644625929929594, -0.6987039201114668, -0.27790325674172656, -0.6218538124143156, 0.038421601127131076]], "inverted": false, "swapped": true, "error_lsq": 0.046059863517498176, "error_max": 0.2816245904681026, "target": "557.xyz", "model": "6.xyz", "model_rescale": 4.08911054899281, "target_rescale": 4.265376943788125},
{"mapping": [3, 5, 2, 9, 12, 13, 10, 7, 11, 6, 15, 4, 8, 1, 16], "R": [[-0.05677266061439884, 0.9117592679965677, 0.4067823769893747], [-0.12825131043345564, 0.3974037011668981, -0.9086373862388408], [-0.9901153803364858, -0.10375613486061547, 0.09437265546715384]], "T": [-0.05855481504226877, -0.024091598364568655, -0.0819644779196671], "aligned_model": [[-0.004955851189693092, 0.3874219986523403, 0.6267124721826794, -0.45130528428085315, -0.62935160449982, -0.11621823997434237, 0.16521285113538559, 0.49087869161983144, -0.6896342090314942, -0.16773784219874732, -0.2636733665287568, -0.2819696301570504, 0.3300852190912131, 0.6456032742893919, -0.004734939310530387], [-0.7519902938842153, -0.45447767907677217, -0.25748148992789893, -0.1944044159822994, 0.2040898656128202, 0.6564093942867306, -0.18658832562726618, 0.36736150536479073, -0.17999221183725317, -0.7409685248118183, 0.47075183337321, -0.05998872448417632, 0.5168799520210297, 0.009343741293819586, -0.09818581015158737], [-0.587642961942441, 0.1843594433698404, -0.30725893059250464, -0.6321672442874295, -0.28744751450539774, -0.14082879772620788, -0.6595321225196737, -0.19180660085189916, 0.0872204704799607, 0.3458378864308656, 0.46259009456012257, 0.4808861724282997, 0.3641070239422399, 0.43988790075067696, -0.09413478745437119]], "inverted": true, "swapped": true, "error_lsq": 0.045870540162320145, "error_max": 0.28490585515804406, "target": "557.xyz", "model": "7.xyz", "model_rescale": 3.964800864290218, "target_rescale": 4.265376943788125},
{"mapping": [12, 15, 11, 14, 0, 7, 9, 4, 1, 5, 2, 3, 6, 16], "R": [[-0.8378017832815227, -0.46000069605598426, 0.29408762564635593], [0.5445749813313284, -0.6655218400664039, 0.5104103938034683], [-0.039067398662881864, 0.5877755013801087, 0.8080802548875189]], "T": [-0.03679434913214477, -0.11768596926699293, 0.014393531444435975], "aligned_model": [[-0.15696230895645347, 0.3382415016302466, 0.32889449276065197, -0.6587344438803784, 0.17377603171590159, -0.408879993180698, -0.37732603499852946, 0.541232980596852, 0.24642910443935725, 0.23918674847224888, -0.33356795526553285, -0.2585924952818891, 0.6234901156673204, -0.03599985425822453], [0.03240218220091712, -0.6541887762861668, 0.20676618215660036, -0.04073668778595296, 0.6768672080123581, -0.6200590182740529, 0.4193274482766677, -0.23045550624985084, -0.6674265314274904, -0.07838405388737574, -0.13107376932084808, 0.6535805073417779, 0.32089225921450143, -0.07656297778988275], [-0.6045832386390737, -0.37930200219807264, -0.44624973825095293, -0.2504398959416524, -0.057500897280503144, 0.2907114565903518, -0.27132876616258184, -0.13110930525844705, 0.6363712090950686, 0.6286782545880242, 0.7119362758995974, 0.39435891604265594, 0.29815731891903896, 0.09711545132156824]], "inverted": true, "swapped": true, "error_lsq": 0.034669898027006096, "error_max": 0.20069366684393397, "target": "557.xyz", "model": "8.xyz", "model_rescale": 4.121658175737393, "target_rescale": 4.265376943788125},
{"mapping": [6, 4, 11, 0, 1, 2, 13, 14, 12, 7, 3, 9, 16], "R": [[-0.3663898643129181, 0.5100652752631862, 0.7781978426463617], [-0.5388076012080807, 0.565552771372046, -0.6243688266351809], [-0.7585808040078234, -0.6480613225336694, 0.0676142442592981]], "T": [-0.052032533588551644, -0.12861080313578455, -0.05173318345399585], "aligned_model": [[-0.45629842605439175, -0.10491381745913417, 0.3181984764114715, 0.064996195507876, -0.8017847837828785, -0.622303232354166, 0.3280658422168745, 0.3959283842161105, 0.5891141319059682, -0.2717514151827546, -0.23416800782661085, 0.39609910847414564, -0.12444495963731307], [0.34274494996245597, -0.2664803821059004, 0.11972360947640745, 0.6443295658248842, -0.5802259167715613, -0.03419780740907952, -0.6733120607818961, -0.08780422360326859, -0.07284179486156184, -0.5806163841258933, 0.6928776597342048, 0.3616603136857032, -0.07547008961278501], [-0.6202762040297496, -0.6401201198184514, -0.5541759844879766, -0.315723539895114, -0.10831758322522785, 0.4388758290977745, 0.1176700170748271, 0.4586914014000389, -0.1286734506992614, 0.4115081904078467, 0.23182186140400585, 0.1599144823577465, -0.030119465627369998]], "inverted": false, "swapped": true, "error_lsq": 0.04627525518471949, "error_max": 0.2709427535820464, "target": "557.xyz", "model": "9.xyz", "model_rescale": 3.833441315466971, "target_rescale": 4.265376943788125},
{"mapping": [5, 1, 10, 14, 13, 7, 15, 12, 0, 9, 6, 11, 4, 2, 16], "R": [[-0.5768117167651622, -0.7306142988351289, 0.3653641878182362], [0.4548107587974256, -0.658768961557381, -0.5993084589514153], [0.6785539161220252, -0.17951657758063244, 0.71227689930897]], "T": [-0.08079821614696617, 0.01606521745701412, 0.03661021976071795], "aligned_model": [[0.12048074845490406, -0.0849016004697635, -0.49372130526216096, -0.6000379262463671, -0.4661109239537591, -0.6366505105023222, 0.11834513961962584, -0.06923099244107067, 0.4073164436281671, -0.171917323030426, 0.65673717871309, 0.4259033103890032, 0.43071608166555464, -0.43853180338406295, -0.07455149888588014], [-0.5854241473048272, -0.8180667346262501, 0.0381395152110379, 0.43896164102252094, 0.24478262572841553, -0.32605723736269837, 0.06682603272426227, 0.6541186676049757, 0.3285570372477782, 0.560908724307853, -0.23740569232356667, 0.4560809557132038, -0.04438731250091892, -0.5338693589721644, -0.04206317717464284], [0.2662909772529876, -0.23448660903675297, 0.5255568290553452, 0.15667751767462126, -0.4821326299025784, -0.16626524795443162, -0.6990857690784275, -0.07676097487189412, 0.6239060457065105, 0.4618458396868924, 0.35385202542169786, 0.00780982641391189, -0.28386170198687777, 0.4166343361531841, 0.10814144328790401]], "inverted": true, "swapped": true, "error_lsq": 0.045643332936269834, "error_max": 0.30021247813819396, "target": "557.xyz", "model": "10.xyz", "model_rescale": 4.2482417240324, "target_rescale": 4.265376943788125},
{"mapping": [6, 0, 10, 12, 1, 7, 2, 13, 11, 15, 4, 16], "R": [[0.6346843831779848, 0.020305250864940658, -0.7725046475829729], [-0.44550067340271166, 0.8264311056146717, -0.34429751330824643], [0.6314308226145693, 0.5626715955686972, 0.5335689194400899]], "T": [0.052329459410053236, 0.046483872749971705, 0.006544639710790591], "aligned_model": [[-0.662999640895716, -0.1130409796003623, 0.2822203912560862, 0.5296725009888923, -0.5273468869390634, 0.19338056908586637, -0.16324649272483946, 0.5406270995632914, 0.0446898083531628, 0.04838567432207036, -0.29203605106110275, -0.0035403899852787316], [-0.3858069757193896, -0.761870931452256, -0.11054628053051505, -0.22508813014910453, 0.6880961947057791, 0.6353606267595316, 0.24845592319375487, 0.46591180019660006, -0.4108735516842703, 0.436879930779161, 0.0604287719764122, 0.025184011974936048], [-0.09483200760402397, 0.012755446547990774, 0.5832189232558006, -0.3376810153180756, 0.15349838628092533, 0.32357264427664345, 0.7047953013863842, -0.22907647143842688, -0.4853451564941699, -0.6500059592083124, -0.4926763262522313, 0.07696852442185206]], "inverted": true, "swapped": true, "error_lsq": 0.04368873564640976, "error_max": 0.2678966119536645, "target": "557.xyz", "model": "11.xyz", "model_rescale": 3.6694154284099745, "target_rescale": 4.265376943788125},
{"mapping": [2, 7, 13, 8, 1, 3, 5, 0, 15, 11, 12, 4, 14, 16], "R": [[-0.9689221883808558, 0.2104401271714109, 0.13001825156236407], [-0.12227091389725728, 0.04947378533833152, -0.9912629157690842], [-0.21503398912261118, -0.9763540840496225, -0.022205541687597474]], "T": [-0.015930785845591773, 0.04532811786667379, 0.007842141975897311], "aligned_model": [[-0.04543783612512616, 0.07958116126211298, -0.028045727832727248, 0.5727964491892739, 0.6937996040269139, -0.5454801898437779, 0.3320784844358495, -0.354294279624147, 0.48420356252376123, -0.05841271561038206, -0.3617206596870294, 0.44845914920179286, -0.60125534470075, -0.01800680695995471], [-0.41882781510896006, 0.2163366915487404, 0.7012376687495187, 0.4252011911412104, -0.15898061174820735, -0.6661553026272992, -0.5081877626203604, -0.4251958776579199, 0.5927427530974138, 0.12480676427200968, 0.45476794944022225, 0.10278256049235937, 0.3336589470417448, -0.043199867884218535], [-0.5909134765339052, -0.6469948899026767, -0.19092296804570663, -0.3817316894865996, -0.46526160830278884, 0.05013706077480784, -0.15818690886120582, 0.5951587187983381, 0.1913800814405806, 0.6734758099742845, 0.3723794118841361, 0.39390510720670757, -0.18484390159027, -0.018485287703286713]], "inverted": true, "swapped": true, "error_lsq": 0.044782906921704356, "error_max": 0.2913214084425717, "target": "557.xyz", "model": "12.xyz", "model_rescale": 3.9764082729961374, "target_rescale": 4.265376943788125},
{"mapping": [6, 3, 0, 12, 4, 1, 8, 11, 9, 5, 10, 14, 2, 7, 13, 16], "R": [[0.5928118086992793, -0.8009886653539343, -0.08361409834000652], [0.5649926798305284, 0.33965699209417527, 0.7519417527039283], [-0.5738967077833844, -0.49300130394965547, 0.6539054083729026]], "T": [-0.05032352601321524, 0.10918446573985742, 0.030802607534106498], "aligned_model": [[-0.14675943254652868, -0.49806740854901654, -0.7046737449016368, -0.5383131457142807, 0.047998659397170226, 0.7892736779897576, 0.6603019665718344, -0.5169665349490662, -0.6995101475829361, 0.30482119838127564, -0.21905797504790978, -0.3566405531868717, 0.30690859361599154, 0.4565285777633621, 0.09019042383913958, -0.03719384127089051], [-0.04805600067800174, -0.6387299653613653, -0.11816444486197526, 0.47626499363599534, 0.5120191114191294, -0.007640652420915092, 0.45181339789310276, 0.469239299951214, -0.05550203029158206, -0.2787167550227881, -0.4247106852833519, 0.027280601383489214, -0.5535134160145766, -0.025941364552060295, 0.5344060750511578, 0.025415952495770194], [-0.7906740358874856, -0.13822256358293414, -0.4174849225018324, 0.248097455116619, -0.41198473868315977, -0.1943970119822125, 0.1732382188502085, -0.29136903637062916, 0.22423879714333086, -0.3916435967814698, 0.34152143913165217, 0.6327403563951823, 0.12044867299794296, 0.4690034262437455, 0.5497574153856043, -0.005872932621863967]], "inverted": false, "swapped": true, "error_lsq": 0.0381127105572341, "error_max": 0.32882827805121484, "target": "557.xyz", "model": "13.xyz", "model_rescale": 4.170626492500431, "target_rescale": 4.265376943788125},
{"mapping": [12, 0, 14, 3, 13, 1, 2, 11, 15, 6, 4, 5, 8, 16], "R": [[0.475735688105892, 0.43091403599205524, 0.7668041788145467], [0.326909588310731, -0.8959506476270147, 0.30067018157316716], [0.8165817020561518, 0.10763610268757742, -0.5671056279612356]], "T": [-0.016885647211509223, 0.04754309246928204, -0.026479720517287864], "aligned_model": [[0.4127273803000526, -0.16624189768202016, -0.049531212572121695, -0.7043445093555506, 0.395222937723898, -0.24317839797462965, -0.7181391919838623, 0.39443717387540905, 0.6538203829623906, -0.17366115252819767, 0.36304704910473956, -0.4535155618604894, 0.23475829623138303, -0.10221827414935808], [-0.24794391054740375, -0.7586593173830606, 0.038628013801260574, -0.5051052192629094, 0.4512492625280583, 0.677743085668334, 0.33400347055814006, -0.4729112291647747, 0.3435802599577996, -0.4249114172613876, -0.02198842320041347, 0.13061038780615047, 0.7780483080501334, 0.03373119637573905], [-0.41147207280882636, 0.06600720012857159, -0.7059811598620338, -0.12846131428803753, -0.3966952282956598, 0.5400235904678801, 0.005199997902135073, 0.07902186956307419, 0.1879934504396551, 0.65253169411671, 0.4413024429649125, 0.48097477986089265, 0.18731582426532312, 0.006112026666269775]], "inverted": false, "swapped": true, "error_lsq": 0.04863903211377155, "error_max": 0.27906793084068365, "target": "557.xyz", "model": "14.xyz", "model_rescale": 3.9786697098870705, "target_rescale": 4.265376943788125},
{"mapping": [10, 5, 14, 9, 7, 13, 6, 4, 12, 0, 1, 16], "R": [[-0.4624967913376517, 0.34390863988323106, 0.8172047267460234], [0.5594560602029679, -0.6018471467204838, 0.569902560694884], [0.6878267475931348, 0.7207682425010682, 0.08595060149511086]], "T": [0.05246747714479791, 0.06196041788975441, -0.000748475016960657], "aligned_model": [[0.10164416791331599, -0.6155604834570421, 0.5826407932011933, 0.4981575261389477, -0.04808322033789711, 0.492558244061467, -0.47957783959169586, -0.09803069994075203, 0.6635068691594556, 0.06744949281948778, -0.6632184206081853, -0.018131832590958102], [-0.24748837582703614, -0.02265685306577149, -0.007288092439353619, -0.4569531030523271, 0.5298781046528136, 0.5800632297442443, -0.38298134847032633, 0.2006693578592615, -0.037893547306147704, -0.7182738768612341, 0.5636063042945376, 0.013992690695778319], [-0.5592147999093053, -0.041177291289672485, -0.4214482686892625, -0.13517915998821864, -0.4887244972584961, -0.08884656207766949, 0.4765385764756905, 0.5703152399396194, 0.19097810301388518, 0.2672691180578956, -0.07444747259391904, -0.036096491806717396]], "inverted": false, "swapped": true, "error_lsq": 0.04644402401403941, "error_max": 0.2323131012620503, "target": "557.xyz", "model": "15.xyz", "model_rescale": 3.769337070930944, "target_rescale": 4.265376943788125},
{"mapping": [4, 13, 6, 5, 11, 12, 0, 14, 3, 2, 16], "R": [[-0.6196883287479186, 0.7633499471422966, 0.18243692995516275], [0.1721542201242076, 0.3589915727735111, -0.9173265368291855], [-0.7657344838173594, -0.5370492611255081, -0.35387680259874105]], "T": [-0.12773279195170212, -0.09286062004488713, -0.032944553902081244], "aligned_model": [[-0.250461775342012, -0.19653618506732123, -0.12015587242000138, -0.5403924038604964, 0.32105090388947827, 0.39578798993388414, 0.4679855018248315, 0.2323171896637906, 0.26602169191069874, -0.5047085303593686, -0.14828237948231268], [0.0945948086195125, -0.7626573190680843, 0.7109314302266326, 0.42094491987161275, 0.0705751470536354, -0.4027799813644064, 0.4778448396832551, -0.5480667052789322, 0.4558039415797054, 0.10162887677707033, -0.0227554604746589], [-0.5966835864107194, -0.16143640109089524, -0.2833627126808133, 0.11117983586392792, -0.5052492161107033, -0.25649547448978727, -0.048386004395920154, 0.322046781684481, 0.5435488930029049, 0.5954524663865836, 0.023603025464718076]], "inverted": false, "swapped": true, "error_lsq": 0.040324169536446214, "error_max": 0.2059181003941956, "target": "557.xyz", "model": "16.xyz", "model_rescale": 3.7852294659196426, "target_rescale": 4.265376943788125},
{"mapping": [6, 9, 10, 3, 11, 12, 13, 14, 2, 1, 15, 7, 16], "R": [[0.026302211473186538, -0.8684969550945408, -0.4949961945945956], [0.6968084785809646, -0.33911794235085496, 0.6320260796465631], [-0.7167748166958026, -0.36154122886226014, 0.5962564900975633]], "T": [-0.02897269355172606, 0.12841474712749806, -0.06105135737004545], "aligned_model": [[-0.07241552906021705, -0.3928510935919487, 0.22008863598386275, 0.10682229084811219, -0.6438637299759248, -0.6162876749350747, -0.15421343189296072, -0.1522791564236668, 0.680210898449989, 0.6590172526497196, -0.2925623343130699, 0.47982367374805057, 0.03227604872941152], [-0.19937790506386277, -0.37098359916779944, -0.3245197422540932, -0.7487622418448421, 0.0467788238164672, 0.13600044825415364, 0.6314227733326909, -0.018175271031210527, -0.1291885278613134, 0.5301994755453734, 0.8287637022900707, 0.42595041113096055, 0.06694727655627936], [-0.8353336193699888, 0.26171213615493005, 0.31694380310834386, -0.08429659985341552, -0.3187999537081869, 0.2129971847962992, 0.3874677199873014, 0.591768909186679, 0.01323775610103868, -0.42782827563111697, -0.21439791518136936, 0.2850364752695746, -0.09275292371691551]], "inverted": false, "swapped": true, "error_lsq": 0.041866730689435375, "error_max": 0.2028475112784539, "target": "557.xyz", "model": "17.xyz", "model_rescale": 3.901054581598922, "target_rescale": 4.265376943788125},
{"mapping": [6, 11, 3, 5, 12, 10, 15, 4, 9, 7, 13, 8, 1, 2, 16], "R": [[-0.9866699722191488, 0.1591527708613203, -0.03395234083576787], [0.09187987826609244, 0.7170172601454508, 0.6909734702745968], [0.13431475678745097, 0.678643237777166, -0.7220823373608116]], "T": [-0.014769868412510115, -0.023459026999329953, 0.0036438503935709975], "aligned_model": [[0.21609930972478292, -0.00543377054664382, -0.6493689824133493, 0.22873253356622686, -0.2680302959027922, -0.5615560706723357, 0.5772384312663078, 0.4742217062513103, -0.6525692353190738, 0.06937588425857191, 0.06822979194377092, 0.6043672619686505, 0.6240227738569549, -0.15355689312237797, -0.03268623377096907], [0.08645989869713339, -0.5717645649057446, 0.3351875780287337, 0.5171001462252297, -0.6144268784127198, 0.3000394770766152, -0.44419231483701777, -0.2747886257692683, -0.27304847969110124, 0.35945791084842643, -0.3125295726267256, 0.10127262603305859, 0.567004619928124, 0.7189143527545254, 0.05407117647783657], [-0.7985192105830359, -0.38425255838298394, -0.5033834331721536, -0.3181608859736758, 0.08559010195937504, 0.08386296136710376, 0.2402722470903056, -0.2527236798505827, -0.12635439470752877, 0.5635296545084233, 0.6196154047303024, 0.4973870100893775, 0.11581819537810302, 0.070274276137044, -0.04328928373809785]], "inverted": true, "swapped": true, "error_lsq": 0.0383074364537933, "error_max": 0.23498886611942896, "target": "557.xyz", "model": "18.xyz", "model_rescale": 3.9405287249114394, "target_rescale": 4.265376943788125},
{"mapping": [0, 11, 14, 15, 6, 10, 9, 5, 3, 2, 13, 7, 4, 1, 8, 16], "R": [[-0.43422177303476955, -0.5307127169259853, 0.7278704994128968], [-0.17526001100608107, -0.7428080041405337, -0.6461580282925417], [0.88359231570034, -0.4081424764439443, 0.22953069197280568]], "T": [0.1295916279394222, -0.06743027606833973, -0.06727895926501445], "aligned_model": [[-0.41035136704267666, -0.19434790164637888, 0.6808918692099115, 0.1986987693149289, -0.7104821386863998, 0.35319620343357694, 0.2310800324621681, -0.29655709516220846, -0.17607050385606599, 0.17554871065595895, 0.7084653884812073, 0.5997030922165508, -0.24781284307931561, -0.017167363450934697, 0.3877640746326391, 0.08460617048842514], [-0.25363098558815095, -0.6374982669348442, -0.13919621300577126, -0.5170624734563432, -0.024716702342767904, 0.3013166384255145, -0.2748739877946457, 0.4322144699789707, 0.30716713191305955, 0.6860757048985567, -0.32385818217199425, 0.3413825155336364, -0.37068214214101336, 0.47808253489552466, 0.03939799900246321, 0.008234087765441087], [-0.6627739664993053, -0.2131399085458576, -0.45943340831225576, 0.5463483010400703, -0.10333365773979489, -0.5406585593280318, -0.7250400718761187, 0.087020494464399, -0.8120390093406737, -0.13753826487670098, 0.19544062136820453, 0.21387102777114644, 0.29824506026319086, 0.6036636711837974, 0.6841235870741924, -0.09531215997138451]], "inverted": false, "swapped": true, "error_lsq": 0.03923800470502364, "error_max": 0.2992076547372898, "target": "557.xyz", "model": "19.xyz", "model_rescale": 4.410303926677745, "target_rescale": 4.265376943788125},
{"mapping": [12, 15, 11, 14, 0, 7, 9, 4, 1, 5, 2, 3, 6, 16], "R": [[-0.8378017832815227, -0.46000069605598426, 0.29408762564635593], [0.5445749813313284, -0.6655218400664039, 0.5104103938034683], [-0.039067398662881864, 0.5877755013801087, 0.8080802548875189]], "T": [-0.03679434913214477, -0.11768596926699293, 0.014393531444435975], "aligned_model": [[-0.15696230895645347, 0.3382415016302466, 0.32889449276065197, -0.6587344438803784, 0.17377603171590159, -0.408879993180698, -0.37732603499852946, 0.541232980596852, 0.24642910443935725, 0.23918674847224888, -0.33356795526553285, -0.2585924952818891, 0.6234901156673204, -0.03599985425822453], [0.03240218220091712, -0.6541887762861668, 0.20676618215660036, -0.04073668778595296, 0.6768672080123581, -0.6200590182740529, 0.4193274482766677, -0.23045550624985084, -0.6674265314274904, -0.07838405388737574, -0.13107376932084808, 0.6535805073417779, 0.32089225921450143, -0.07656297778988275], [-0.6045832386390737, -0.37930200219807264, -0.44624973825095293, -0.2504398959416524, -0.057500897280503144, 0.2907114565903518, -0.27132876616258184, -0.13110930525844705, 0.6363712090950686, 0.6286782545880242, 0.7119362758995974, 0.39435891604265594, 0.29815731891903896, 0.09711545132156824]], "inverted": true, "swapped": true, "error_lsq": 0.034669898027006096, "error_max": 0.20069366684393397, "target": "557.xyz", "model": "20.xyz", "model_rescale": 4.121658175737393, "target_rescale": 4.265376943788125},
{"mapping": [7, 13, 15, 1, 4, 10, 12, 5, 9, 0, 11, 6, 16], "R": [[0.9000172621766969, -0.2118207782099728, -0.3809211016765603], [0.41354799725033553, 0.6910225153231402, 0.5928456268597391], [0.13764803578038926, -0.6911004566884629, 0.709530250948329]], "T": [0.02394388895750816, -0.09180764060273723, 0.08901962234468776], "aligned_model": [[0.08649568077473443, -0.15205352174956732, 0.36243625175222666, 0.7724538512107362, 0.4494524893596138, -0.385676931849225, -0.42331800617223586, 0.5060724726684306, -0.6058644808323813, -0.19477536339419343, -0.05199979660079645, 0.47259219046638073, 0.04526806903057154], [-0.4801515674681841, 0.14783570957431397, 0.47054403338472267, -0.4562423748510264, 0.32553352623619053, -0.5786173934437612, 0.3770563601907391, -0.4931083008866319, -0.04682096282250645, 0.019892650390293268, 0.46567770179714135, -0.044669701078888915, -0.1661027768592184], [0.6479957134611138, 0.7066503015219056, 0.479745663964303, 0.36507505647745875, -0.023995506372273975, 0.016296953341409, 0.10393202011600046, -0.15910481558845369, -0.20644625929929594, -0.6987039201114668, -0.27790325674172656, -0.6218538124143156, 0.038421601127131076]], "inverted": false, "swapped": true, "error_lsq": 0.046059863517498176, "error_max": 0.2816245904681026, "target": "557.xyz", "model": "21.xyz", "model_rescale": 4.08911054899281, "target_rescale": 4.265376943788125},
{"mapping": [13, 1, 15, 3, 0, 2, 4, 11, 8, 12, 14, 7, 10, 5, 9, 6, 16], "R": [[0.6837427463778047, 0.4509894281358905, 0.5736762087496741], [-0.7160084056878578, 0.26292937228533875, 0.6466839322064295], [0.14081129130886186, -0.8529224354531311, 0.5026882725314273]], "T": [-0.0002698888406213818, -0.035516889706715724, -0.037674025653694106], "aligned_model": [[-0.14646476680350237, 0.582975899404532, -0.24576584229700402, -0.43398401270458464, 0.6502880933293457, 0.1192851043881654, 0.20195122014047875, 0.08241597332484489, 0.46792875274213946, -0.5680587374369733, -0.5917227709819394, 0.10532090900314432, -0.19284275621798116, -0.13858716150544592, -0.5898767953237526, 0.5407136892382148, 0.01930078375041543], [0.5544128635584948, -0.5124820594201296, -0.6325065929736968, 0.28543817229492974, 0.34423948007114225, -0.27402168367178975, 0.26473412130144425, -0.7703017125568808, -0.3888144274694595, 0.42619036012745276, -0.0605399146803272, 0.624949635018553, 0.3082619296912361, -0.2822258370053952, -0.14379253328600355, 0.21502199601259842, 0.002412699978931232], [-0.2971733703505627, -0.2873277030561777, -0.376557558632086, -0.7182316868631705, -0.21833616786217674, -0.7085509862232126, -0.6337009875763834, 0.1601828482866681, 0.3321000944397939, 0.05934012225413756, -0.2854237428582993, 0.2040504893162951, 0.6665043773794782, 0.6086479385046577, 0.3472775198652216, 0.40968619111005977, -0.05874498749749449]], "inverted": true, "swapped": false, "error_lsq": 0.040026076201250024, "error_max": 0.2582920537068383, "target": "557.xyz", "model": "22.xyz", "model_rescale": 4.204369325754507, "target_rescale": 4.265376943788125},
{"mapping": [0, 11, 14, 15, 6, 10, 9, 5, 3, 2, 13, 7, 4, 1, 8, 16], "R": [[-0.43422177303476955, -0.5307127169259853, 0.7278704994128968], [-0.17526001100608107, -0.7428080041405337, -0.6461580282925417], [0.88359231570034, -0.4081424764439443, 0.22953069197280568]], "T": [0.1295916279394222, -0.06743027606833973, -0.06727895926501445], "aligned_model": [[-0.41035136704267666, -0.19434790164637888, 0.6808918692099115, 0.1986987693149289, -0.7104821386863998, 0.35319620343357694, 0.2310800324621681, -0.29655709516220846, -0.17607050385606599, 0.17554871065595895, 0.7084653884812073, 0.5997030922165508, -0.24781284307931561, -0.017167363450934697, 0.3877640746326391, 0.08460617048842514], [-0.25363098558815095, -0.6374982669348442, -0.13919621300577126, -0.5170624734563432, -0.024716702342767904, 0.3013166384255145, -0.2748739877946457, 0.4322144699789707, 0.30716713191305955, 0.6860757048985567, -0.32385818217199425, 0.3413825155336364, -0.37068214214101336, 0.47808253489552466, 0.03939799900246321, 0.008234087765441087], [-0.6627739664993053, -0.2131399085458576, -0.45943340831225576, 0.5463483010400703, -0.10333365773979489, -0.5406585593280318, -0.7250400718761187, 0.087020494464399, -0.8120390093406737, -0.13753826487670098, 0.19544062136820453, 0.21387102777114644, 0.29824506026319086, 0.6036636711837974, 0.6841235870741924, -0.09531215997138451]], "inverted": false, "swapped": true, "error_lsq": 0.03923800470502364, "error_max": 0.2992076547372898, "target": "557.xyz", "model": "23.xyz", "model_rescale": 4.410303926677745, "target_rescale": 4.265376943788125},
{"mapping": [13, 8, 9, 14, 5, 15, 6, 10, 4, 7, 11, 12, 0, 3, 1, 2, 16], "R": [[-0.8689541067234361, -0.41434663002798866, 0.2706208243888934], [-0.48850208566268294, 0.8057270691178566, -0.3349173067996897], [-0.07927466626661989, -0.4232266062940724, -0.9025490385641759]], "T": [-0.07485433234148522, -0.00758396325030028, -0.11343377036443865], "aligned_model": [[-0.31864368211099436, 0.36535484638092064, -0.11358179229757911, -0.2847909915759527, 0.5155846267880146, 0.31227976159659887, 0.18899984894092606, -0.1609830122097283, 0.45749822486850755, -0.5626861091925982, -0.6450425546257493, 0.16623300802968147, 0.03133167104332074, 0.09984469288883085, -0.6147192909994443, 0.49829081859259194, -0.0720924840672487], [0.57457301740464, -0.6964585960766141, -0.49177215208199476, 0.04488127244873083, 0.20916658274255567, -0.1226241908250913, 0.5136937876175561, -0.632030236833091, -0.32481729494730016, 0.36679685431323117, -0.23573544998536514, 0.7439137024657602, 0.4129750090599429, -0.2836268996890111, -0.17218036055647054, 0.08898196271924733, -0.03476051078562615], [-0.4230248339351114, -0.19930743612647517, -0.5090117845027583, -0.7547792218702177, -0.11168169108422155, -0.7018274567556407, -0.5997963585943875, 0.049147434540480026, 0.18631302458682186, 0.13913316653951452, -0.2669061681421916, 0.03922266585679267, 0.5048222401851405, 0.7247377708250319, 0.5329323812689886, 0.5901809033603048, 0.003587754084677666]], "inverted": false, "swapped": false, "error_lsq": 0.04374509761285794, "error_max": 0.3584066645034456, "target": "557.xyz", "model": "24.xyz", "model_rescale": 4.28219845311461, "target_rescale": 4.265376943788125},
{"mapping": [11, 12, 6, 13, 15, 14, 0, 8, 9, 7, 3, 10, 2, 5, 3, 16], "R": [[-0.8170845316497934, 0.5505940196042642, 0.17093593453296094], [-0.1938463115713746, -0.5416142548875142, 0.8179716415578333], [0.5429516328631964, 0.6352166752208745, 0.5492752496631601]], "T": [0.03563886428828426, -0.03015575857768284, -0.0913630721155787], "aligned_model": [[-0.25062374300900664, -0.43648891036887655, 0.17609158262896443, 0.06931405112088745, 0.4103872596641011, -0.4503221421274037, -0.47382792146186287, 0.7094154047160737, -0.6582767148765118, 0.3566650798705889, -0.442099757369995, -0.29701230903181314, 0.24678268673985795, 0.4433357528517853, -0.442099757369995, 0.047080204144216736], [0.26514766924252625, -0.2243725811488608, 0.7946924504099218, -0.6759794015323145, -0.28421171356573066, -0.47673250080937246, 0.6162319088185457, -0.448427694163524, 0.008803376452670531, -0.5138164011370232, 0.4768720697700666, -0.0999233769659952, 0.011603384357993778, 0.39136872376162585, 0.4768720697700666, 0.026983392453636314], [-0.6224368473530155, -0.490705311191334, -0.1848873474459342, -0.3186282997972126, -0.7065886700915931, 0.07379906391485408, -0.15009997152612325, -0.20860146472500668, -0.03708760951202993, 0.2694589815072701, 0.45918999501406355, 0.45134975728839477, 0.635612957098282, 0.24203801624384047, 0.45918999501406355, -0.019677223860773196]], "inverted": true, "swapped": true, "error_lsq": 0.04710811016775337, "error_max": 0.3624782888079161, "target": "557.xyz", "model": "25.xyz", "model_rescale": 4.100010024507729, "target_rescale": 4.265376943788125},
{"mapping": [6, 0, 10, 12, 1, 7, 2, 13, 11, 15, 4, 16], "R": [[0.6346843831779848, 0.020305250864940658, -0.7725046475829729], [-0.44550067340271166, 0.8264311056146717, -0.34429751330824643], [0.6314308226145693, 0.5626715955686972, 0.5335689194400899]], "T": [0.052329459410053236, 0.046483872749971705, 0.006544639710790591], "aligned_model": [[-0.662999640895716, -0.1130409796003623, 0.2822203912560862, 0.5296725009888923, -0.5273468869390634, 0.19338056908586637, -0.16324649272483946, 0.5406270995632914, 0.0446898083531628, 0.04838567432207036, -0.29203605106110275, -0.0035403899852787316], [-0.3858069757193896, -0.761870931452256, -0.11054628053051505, -0.22508813014910453, 0.6880961947057791, 0.6353606267595316, 0.24845592319375487, 0.46591180019660006, -0.4108735516842703, 0.436879930779161, 0.0604287719764122, 0.025184011974936048], [-0.09483200760402397, 0.012755446547990774, 0.5832189232558006, -0.3376810153180756, 0.15349838628092533, 0.32357264427664345, 0.7047953013863842, -0.22907647143842688, -0.4853451564941699, -0.6500059592083124, -0.4926763262522313, 0.07696852442185206]], "inverted": true, "swapped": true, "error_lsq": 0.04368873564640976, "error_max": 0.2678966119536645, "target": "557.xyz", "model": "26.xyz", "model_rescale": 3.6694154284099745, "target_rescale": 4.265376943788125},
