[{"mapping": [9, 8, 11, 4, 12, 13, 6, 0, 7, 1, 2, 14], "R": [[0.004634767505503401, 0.7183701650791116, -0.6956456172897089], [0.694839051755885, -0.5025980301468271, -0.5143869285348449], [-0.719150339696195, -0.4809776772540895, -0.5014810693317431]], "T": [0.03685099385364697, -0.09310660308073132, -0.04601982199409323], "aligned_model": [[-0.38529048752517187, 0.10431223030270716, 0.48859907397062224, -0.15165578319140915, -0.05414999795770904, -0.6669041907614928, 0.32018310433031655, -0.19376779461915655, 0.5817301968115824, 0.19486390195680559, -0.46835177198063105, 0.0680739811240854], [-0.26113555254877996, -0.6422819838199834, -0.23913295953305583, 0.660107982009333, 0.1317800662815578, -0.5493119758210785, -0.25507169793365525, -0.5100699118595136, 0.2929244745783647, 0.3255664107565068, 0.13722477052130205, -0.03704458665394048], [-0.38442845205841536, -0.2360626835746616, -0.5762996476398861, -0.046360466677615855, -0.8160811630491411, 0.09296246153061226, 0.6213569522522941, 0.5363853706116439, 0.0709824207457516, 0.6105401433117154, 0.2965443766761492, 0.012412433225115552]], "inverted": false, "swapped": true, "error_lsq": 0.048410831742097794, "error_max": 0.31591785296305785, "target": "558.xyz", "model": "0.xyz", "model_rescale": 3.751011558992144, "target_rescale": 4.088410054842282},
{"mapping": [12, 13, 9, 8, 5, 10, 3, 2, 7, 6, 0, 1, 4, 11, 14], "R": [[-0.7746140094288984, -0.600792763480265, 0.19753782358382155], [0.17961116350001585, -0.5084679606346081, -0.8421402276071683], [0.6063934088878747, -0.6168536198790027, 0.5017754929243893]], "T": [0.0705868804583011, -0.05577843331444689, -0.010218381417986502], "aligned_model": [[-0.6480092413406895, -0.23591604356170315, -0.01190312863808074, 0.6483404075322917, 0.33337199692004815, 0.4944717628295566, -0.5114768440777593, 0.1252252853648877, -0.3975610450232737, -0.0591611942763423, -0.14267840484258748, 0.19217068643227583, 0.76373498947357, -0.2990036570572425, 0.030227889860249033], [-0.23224730557521267, -0.47422449663169863, -0.7093811752128066, 0.09152685561059341, -0.4773830152340348, -0.5615749245951218, 0.11478177015703143, 0.028337442565559798, 0.3407204177082415, 0.18638362924018848, 0.5949943675918903, 0.5974279393218072, 0.10184626089175537, -0.40248598001166824, -0.09099594645759074], [0.056515829715995086, -0.518609026455895, 0.0035102571350093294, -0.3016292013065875, -0.3887413081558735, 0.4765518559981129, -0.474456388353817, -0.8309968327203532, 0.24138289998222826, 0.6885295830384969, -0.33658810762667873, 0.20007751085788822, 0.3365872192501199, 0.6061643735069396, 0.0013872676067912659]], "inverted": false, "swapped": false, "error_lsq": 0.04654403655716122, "error_max": 0.334369142397714, "target": "558.xyz", "model": "1.xyz", "model_rescale": 3.9405287249114394, "target_rescale": 4.088410054842282},
{"mapping": [1, 0, 2, 11, 8, 4, 7, 10, 9, 12, 12, 3, 14], "R": [[0.5900071587002331, -0.8013590023708931, -0.09856623154815719], [0.5649328333437064, 0.32251948589702506, 0.7594946181685364], [-0.5768383191958819, -0.5037905621742488, 0.6430028172344382]], "T": [0.016973763845435842, 0.004614110895667309, -0.10103377207769701], "aligned_model": [[-0.27175487867781606, 0.25452116729770435, -0.4403268619894507, 0.37650502437411504, 0.5271767481708606, -0.7284424654572532, -0.04274878124616297, 0.6556828840398821, -0.04728807567760792, -0.21496406290348563, -0.21496406290348563, -0.3411127586892336, -0.01630059705413519], [0.7368165943987074, 0.418774922988751, 0.2157625830182821, -0.3856217288210639, -0.24261826964266425, 0.06955689621084386, 0.336929219084453, 0.3109288219647185, -0.4653049592411101, -0.7117130887975084, -0.7117130887975084, -0.19080192377501676, 0.077836614981133], [0.007784672240343488, -0.6826533106748992, -0.5156722493249197, 0.3733605578402347, -0.24535969237564442, 0.10634079712204916, 0.48684610512352955, 0.2295055082363012, -0.41087896336675345, 0.19039349338957748, 0.19039349338957748, 0.45148336091043406, -0.06842342292118639]], "inverted": true, "swapped": true, "error_lsq": 0.0541702359039487, "error_max": 0.31302477723144545, "target": "558.xyz", "model": "2.xyz", "model_rescale": 3.932901565614263, "target_rescale": 4.088410054842282},
{"mapping": [7, 1, 6, 3, 10, 8, 0, 11, 12, 9, 2, 5, 13, 14], "R": [[-0.35877030236126706, -0.9333491226223204, 0.011970189795914993], [0.9158385235223413, -0.35445916146982526, -0.18867565206599057], [0.18034319775368113, -0.05672845979095166, 0.9819665029285487]], "T": [-0.0014313786149876447, -0.0890741907772033, 0.015738027513182377], "aligned_model": [[-0.20772345734659947, 0.4406960170334386, 0.23894465397218825, -0.2848757803682573, -0.4180652208433014, -0.29787737721745844, 0.4746375592128985, -0.7117235727875152, -0.43121580207079085, 0.012727546359079859, 0.6316728447892082, 0.4649497948716874, 0.477406052263666, 0.03025665418445939], [0.15185946286079854, 0.0153771639284392, -0.5330979056463061, 0.5238106232669459, -0.551379322890648, -0.5229334112151712, -0.6708762798360017, -0.06732980848034192, 0.42980137018312375, -0.058779574066433485, 0.046269304187299354, 0.4412428389983119, -0.47578355167963404, -0.06468427125989368], [-0.5834259035925755, -0.6361357641078906, -0.5292058587474898, -0.10964156533035085, -0.4572571781697284, 0.27292833297707875, -0.017487421178839318, 0.055849109412718895, 0.4606011133585711, 0.5812814123246196, 0.09632206539385114, 0.5392049463181923, 0.6021520127689525, -0.061288938370012105]], "inverted": false, "swapped": true, "error_lsq": 0.04625330031729908, "error_max": 0.3001406847159556, "target": "558.xyz", "model": "3.xyz", "model_rescale": 3.9243930471874484, "target_rescale": 4.088410054842282},
{"mapping": [1, 2, 6, 7, 10, 4, 3, 0, 8, 9, 11, 12, 14], "R": [[-0.6419461910818973, 0.618300948633601, -0.45344131337388477], [-0.4161801621806498, 0.21570607044355167, 0.883326080097882], [0.6439713971619644, 0.7557610919414884, 0.11885289876430033]], "T": [-0.015175963029120443, 0.029759090471930788, -0.10164967444461671], "aligned_model": [[0.14232752475535532, -0.3838509255372546, 0.54538401697264, 0.24080883098900124, 0.7470888478417281, -0.5522933246223136, -0.282818414121624, 0.2567417413723078, 0.24896236190204657, -0.37914736392964027, 0.19539425621466838, -0.5033734857492538, 0.0019818202236909915], [-0.562299897363388, -0.018105839973707155, -0.12812307225290126, -0.5795111028853478, -0.03335486720428013, -0.524880423702291, -0.43891213092090287, 0.3473147845326977, 0.5135273291652439, 0.4514431858382675, 0.0769116794847539, 0.07068915961879355, -0.046869250655350775], [-0.6075992430226337, -0.6377656385192275, -0.5628950181556935, 0.04956037898687958, 0.05960554166280406, -0.18379029420647738, 0.3230895056225828, -0.7273160216626703, 0.09446290293173722, 0.0016213384468931752, 0.5766080452107202, 0.5400960476327268, -0.13860722955667726]], "inverted": false, "swapped": true, "error_lsq": 0.04154374831950384, "error_max": 0.24749967419766541, "target": "558.xyz", "model": "4.xyz", "model_rescale": 3.8936222436046832, "target_rescale": 4.088410054842282},
{"mapping": [13, 9, 2, 0, 4, 3, 11, 7, 6, 8, 1, 14], "R": [[0.9386141830314036, -0.24212773520236153, 0.2457184878230906], [-0.11034647934300454, 0.46413625214679827, 0.8788635809610772], [-0.3268441064313308, -0.8520279920806002, 0.4089269259931486]], "T": [-0.110810573931381, -0.10704216405944411, 0.03232086882762702], "aligned_model": [[0.039686421401501804, -0.3764789076723835, -0.1984282719779201, 0.47770260640144585, -0.6629277999970029, -0.6392062856152647, -0.22396030065037442, -0.09544874299875786, 0.5455369166790822, 0.13817829458555575, 0.11953455999961027, -0.09664044794039517], [-0.5694026038277755, -0.5504761268329261, 0.12806195680608226, -0.14851365814065512, 0.41423249657769334, 0.15117739681748532, -0.4025310453170121, 0.40725495669929224, 0.23859522311986847, -0.6178429233636855, 0.6398337849145189, -0.02146655234307858], [-0.6650199769978559, -0.19950711949202443, -0.5699098160628583, -0.434767545278047, -0.1298716990734727, 0.38701679032577224, 0.6698788493687029, 0.4737564238869617, -0.008229146395547594, 0.17141807987060823, -0.11066023413249843, 0.0351801132557773]], "inverted": true, "swapped": true, "error_lsq": 0.04023972245967762, "error_max": 0.25719872343762623, "target": "558.xyz", "model": "5.xyz", "model_rescale": 3.6523030999806103, "target_rescale": 4.088410054842282},
{"mapping": [13, 2, 4, 9, 3, 0, 1, 8, 6, 10, 7, 11, 14], "R": [[-0.7655448094189944, -0.31258380854717005, -0.562345540931714], [-0.6365671973682039, 0.24111188421601348, 0.7325621219559432], [-0.09339886512386625, 0.9187798549837441, -0.38356255040035386]], "T": [0.17062803780882063, -0.058154540414522615, 0.03334533421680104], "aligned_model": [[0.1097672737062611, -0.06397247350253238, 0.2661546892821766, 0.5577193393620856, 0.5417111993758761, -0.3998782544858225, -0.4646483202584596, 0.29942813587810757, -0.5454001955949054, -0.13815369434556385, -0.00020925755805140112, 0.6056645376769122, 0.11289992512821073], [-0.7223971266986108, -0.004257531883561212, 0.5861262484225768, -0.3680524300251474, 0.5137591014729851, -0.5136115710726902, 0.40592463249107563, -0.5565145856132756, -0.09725482626048138, -0.1465589304579729, 0.49272803033416945, -0.05571372475268768, 0.006649618206803487], [0.5604018122939314, 0.6397200690519973, 0.4560083870341078, 0.3073547890513582, -0.04972475605145886, 0.21588491489672978, 0.14461361290019975, -0.24469909848759325, -0.1607584323538076, -0.6793065892185878, -0.32294931252647524, -0.5299787326900476, 0.03354307558143524]], "inverted": true, "swapped": true, "error_lsq": 0.03583360052299088, "error_max": 0.21724299893822982, "target": "558.xyz", "model": "6.xyz", "model_rescale": 4.08911054899281, "target_rescale": 4.088410054842282},
{"mapping": [7, 4, 6, 9, 3, 0, 5, 8, 13, 1, 12, 11, 9, 2, 14], "R": [[0.5654477652699545, 0.802402578412546, -0.19083743581412999], [-0.09060709899390612, -0.16954631854967384, -0.9813482559612366], [-0.8197921555876968, 0.5721924047234027, -0.02316621707846983]], "T": [-0.06140523783937743, 0.01030155097838726, -0.0867265381524767], "aligned_model": [[-0.7672648607368053, -0.07877656326796521, -0.13714230984008927, 0.7133175901582498, 0.38946071253950176, 0.36742860983688186, -0.6130087529492558, 0.4017672675251609, -0.42390263231154857, 0.2801858998193356, -0.4922833976298422, 0.12869352098674683, 0.7133175901582498, -0.2882877381052663, 0.08832852341184674], [-0.257507291048877, -0.3888578627550413, -0.4709375258653225, 0.07739456665873698, -0.6233584205617115, -0.6756391125277181, -0.033102667621889494, 0.021190900795078814, 0.4051854832227717, 0.09725253639282422, 0.572238360317418, 0.5633728330431181, 0.07739456665873698, -0.32154960436225244, 0.06464907702306143], [0.08453227602234868, -0.6674325646263668, 0.021974028988860292, 0.012572882460463605, -0.23385359726304455, 0.3931100177078154, -0.6105116711120266, -0.5872279123962344, 0.411828214515395, 0.5564694503796965, -0.1678002807369256, -0.03666975234676814, 0.012572882460463605, 0.6122288860795954, -0.042106927660896055]], "inverted": true, "swapped": false, "error_lsq": 0.05094110186765243, "error_max": 0.3410700967173992, "target": "558.xyz", "model": "7.xyz", "model_rescale": 3.964800864290218, "target_rescale": 4.088410054842282},
{"mapping": [0, 2, 6, 13, 10, 5, 8, 1, 4, 3, 12, 11, 7, 14], "R": [[-0.001475776986061876, -0.15432125351282544, -0.9880196216657431], [-0.24954820815986772, 0.9568188345061024, -0.149075181497738], [0.9683612517477591, 0.2463385244914292, -0.03992264351090499]], "T": [-0.04630542939814396, 0.03803671377603954, 0.06707613310438311], "aligned_model": [[-0.09065482132539054, -0.007316516010427321, 0.40322077537654605, -0.6394269377265143, 0.2424331312009016, -0.36067314105152115, -0.43702259167032753, 0.6643416002185908, 0.28528651924884507, 0.18359781525641855, -0.40677748471848274, -0.17395025990102653, 0.560303279126176, 0.037826521437084606], [-0.023254864131198517, -0.5646267822745296, 0.21792112544342349, -0.2829777747080646, 0.739199683451332, -0.7522844976252491, 0.44767910493226737, -0.21422167797396416, -0.5458574112279091, -0.03359911718907299, -0.005118246315176135, 0.588448257476936, 0.22135923192188636, 0.01828143440052165], [-0.6815998373607202, -0.17972172272815878, -0.4963680302706015, -0.45048289895394955, -0.1227521889307973, 0.28918081746507407, -0.08055217361505952, -0.18326895427252438, 0.45692426071496733, 0.7102723491163032, 0.7882191219128919, 0.4999163437615419, 0.30795284975419546, 0.05909510213185833]], "inverted": false, "swapped": true, "error_lsq": 0.04145916778688935, "error_max": 0.3496812131500657, "target": "558.xyz", "model": "8.xyz", "model_rescale": 4.121658175737393, "target_rescale": 4.088410054842282},
{"mapping": [7, 1, 6, 10, 4, 3, 2, 9, 0, 5, 11, 8, 14], "R": [[0.8820727957232166, 0.013248714256213202, -0.4709268038831362], [0.07541769076551548, -0.9906839944297845, 0.1133904541848384], [-0.46503736942811996, -0.13553484699959661, -0.8748545880797391]], "T": [0.0029862276311942992, 0.029594921920657886, 0.04614942580819189], "aligned_model": [[-0.4631339276772929, -0.140549181552473, 0.31372632816768764, 0.13216719973759267, -0.5719186792484235, -0.6766336833838703, 0.11851800925185602, 0.15268676395522116, 0.6710732124957323, -0.154873186805721, -0.24177878337206732, 0.36904898643643047, -0.031595561569474837], [0.22748611006293573, -0.2914310662150118, 0.0893142658990249, 0.6741937095618835, -0.4898160047137133, 0.06267146526358142, -0.6081135115771283, -0.09766210434005282, -0.16030821784794402, -0.6959926150228959, 0.6521763527627579, 0.4225345450684485, 0.005334510509824156], [-0.4045987766415804, -0.666357459026707, -0.6259932119218937, -0.3767441041547101, -0.004484254303708225, 0.13948369231931754, -0.028770316342621984, 0.5775183727307894, -0.2433947210833957, 0.5166473510339727, 0.2892114950708054, 0.27822143111568515, -0.029664064836864464]], "inverted": true, "swapped": true, "error_lsq": 0.0387859451536533, "error_max": 0.2533657940120331, "target": "558.xyz", "model": "9.xyz", "model_rescale": 3.833441315466971, "target_rescale": 4.088410054842282},
{"mapping": [4, 13, 2, 11, 8, 9, 5, 0, 6, 7, 1, 12, 11, 3, 14], "R": [[0.8438793739068926, 0.2998016426768028, 0.4449568263807197], [0.5244706350236139, -0.2860749285199978, -0.8019299771614762], [-0.11312893216343206, 0.9100989563341831, -0.39864988948574]], "T": [0.03888709605634422, 0.018584177970114184, -0.057881860920097616], "aligned_model": [[-0.6675935307297644, -0.13341833687221077, -0.18753758466245185, 0.6529937202015539, 0.6507565054621017, 0.23958512496063383, -0.5321857136502166, -0.01190042338117376, -0.31558919006468017, 0.29195221610971833, -0.3109226274254691, 0.22402184616343634, 0.6529937202015539, -0.3070999626371754, 0.0357776959193441], [0.056839323788778755, -0.44675507327809916, -0.6599697468678214, 0.15857636081607066, -0.46210961392013294, -0.7039181834613968, -0.16739339354221675, 0.14818958048983147, 0.5259199917296655, -0.08959284740016343, 0.5406516598555786, 0.5913318586444294, 0.15857636081607066, -0.48399410507516966, -0.05862633322649196], [0.30999617305928917, -0.6819465694605745, -0.12821457006782938, 0.2040576816590423, -0.10380208139393182, 0.2513442140679898, -0.3688857039433646, -0.7245497161604356, 0.2217366339969859, 0.5488880732198743, -0.44606691296251316, -0.08443889192414586, 0.2040576816590423, 0.5602037920241314, -0.0026938713011840643]], "inverted": false, "swapped": false, "error_lsq": 0.0570866101935617, "error_max": 0.45837369275842615, "target": "558.xyz", "model": "10.xyz", "model_rescale": 4.2482417240324, "target_rescale": 4.088410054842282},
{"mapping": [11, 12, 4, 5, 10, 6, 7, 2, 9, 0, 8, 14], "R": [[0.08562533710437908, -0.9945258442853134, 0.05988861907196144], [-0.869159055157387, -0.10394630172572417, -0.4834849565348063], [0.4870634850650172, -0.010654173179077825, -0.873301580274644]], "T": [-0.0278260668894728, 0.07147196598087842, -0.046099445126305004], "aligned_model": [[-0.6514706782660811, -0.138004663960131, 0.5125986634271036, 0.6820366423620398, -0.6578684325095224, -0.06944777921816417, -0.19031208364428515, 0.6081765939366773, 0.071503478613284, 0.15130867538985163, -0.44256205279124894, 0.0008072390234833797], [-0.25443601349962397, -0.7266493773932199, -0.20561836605753053, -0.4222596342536333, 0.5082507077577764, 0.8058659308194753, 0.2022408281259362, 0.1858340787998115, -0.296869346164882, 0.6727528395935185, 0.08087737184720166, 0.1161423704758098], [0.06089637613276384, 0.00598377245171209, 0.43766619128890455, -0.2044951744876564, 0.10656098367912434, 0.057990290452508066, 0.5989592053802311, -0.13584647324554733, -0.46492623297422464, -0.46156459405540623, -0.45861187743549153, 0.022579822667438694]], "inverted": false, "swapped": true, "error_lsq": 0.04487560973768604, "error_max": 0.30554868970841664, "target": "558.xyz", "model": "11.xyz", "model_rescale": 3.6694154284099745, "target_rescale": 4.088410054842282},
{"mapping": [2, 1, 7, 6, 0, 5, 9, 12, 10, 11, 3, 8, 4, 14], "R": [[0.8995138553356694, -0.39975583400435377, -0.17626711899456554], [-0.004536902708692503, -0.41198198705450756, 0.9111806949537682], [-0.4368686765756646, -0.8188199530556783, -0.37239715883035984]], "T": [0.11478679529044616, 0.009905555212757884, 0.00823564789079214], "aligned_model": [[-0.05190926047851935, -0.0031838128362970397, -0.10881231926952017, 0.5530915446053408, 0.6732760944733125, -0.44357527086071197, 0.07716673713501508, -0.3879500907406738, 0.6022229996791784, 0.12689056787323408, -0.48217410905751196, 0.5593854944570027, -0.6059704718975052, 0.08980674717346562], [-0.31132728590188474, 0.43545838642588125, 0.6486676914874808, 0.40100109997154704, -0.16612197139295715, -0.6395201311683695, -0.5135802266752686, -0.2119309303824736, 0.5953240903466008, 0.2557918409060181, 0.25587249711855564, -0.12134335563231541, 0.03398231075903791, 0.0687132722744015], [-0.5345852187522229, -0.6523049512776764, -0.03162953454480225, -0.4465552460145576, -0.4643564038978989, -0.1898634361246441, 0.22155448542633321, 0.5997539152650992, 0.18352210954778295, 0.6760605885393751, 0.24238625891367346, 0.36512026029717953, -0.2795079947170563, -0.05049937300816971]], "inverted": true, "swapped": true, "error_lsq": 0.03642247148965632, "error_max": 0.19289808359131286, "target": "558.xyz", "model": "12.xyz", "model_rescale": 3.9764082729961374, "target_rescale": 4.088410054842282},
{"mapping": [11, 3, 8, 0, 7, 2, 14, 4, 12, 1, 6, 5, 9, 10, 15], "R": [[-0.07880475532947107, -0.04895227121979681, -0.9956874437693215], [0.9933656427146375, -0.08776862430946628, -0.07430591134599585], [-0.08375267405639897, -0.9949373566859612, 0.05554408932690644]], "T": [-0.012678975440017459, 0.034168516572118314, 0.005091470192640581], "aligned_model": [[-0.7037535260360114, -0.28416111011409945, -0.16384661659507277, 0.708529695004314, 0.4415205293119618, 0.4742542458313784, -0.6653606000607349, 0.3673657243199979, -0.16397408264672972, 0.12637930793082353, -0.28986429537745495, 0.4296355760767111, 0.43496131253771997, -0.41761891663639156, -0.012233783951211556], [-0.3560014739374181, -0.5862492884909594, -0.6441808755393681, -0.011503377974118129, -0.40646748378136005, -0.5506608117461259, 0.022136174328234795, 0.195174448454258, 0.3399171265786304, -0.18329998742001213, 0.548197987528723, 0.7365951993391106, 0.2950069804637607, -0.2984512255852411, 0.007512447150819338], [0.03207373795767303, -0.4947311433685388, 0.13410031926177277, -0.06476599345111256, -0.4079175176012528, 0.24411073441042777, -0.45607006245904996, -0.5827068267275799, 0.5443883392384968, 0.5853438479201043, -0.48745376336310614, -0.1122903797170992, 0.31018259568054923, 0.6146278924918452, -0.09920584780075316]], "inverted": false, "swapped": false, "error_lsq": 0.047191711664162854, "error_max": 0.29430185849020685, "target": "558.xyz", "model": "13.xyz", "model_rescale": 4.170626492500431, "target_rescale": 4.088410054842282},
{"mapping": [9, 12, 8, 11, 0, 6, 10, 5, 2, 3, 4, 7, 1, 14], "R": [[-0.004286858120384651, -0.9227938012626862, 0.3852703248351963], [-0.853824609543125, -0.19717581466581674, -0.48177301112598825], [0.5205431384486647, -0.331018577215892, -0.7870587923096856]], "T": [-0.022557778507733675, 0.029721007390327646, -0.017688906618099715], "aligned_model": [[0.24043831580281722, -0.07415792337041359, -0.27781194725195907, -0.6160024890874265, 0.23039202917440893, -0.15953376484246645, -0.7030978971229641, 0.7398681023439819, 0.5951643836155287, -0.16881618702568973, 0.3506666162334333, -0.3987349436543074, 0.10688375487086198, -0.022075027594161745], [-0.3305433398013486, -0.7748455580008775, -0.0028306400752053165, -0.35269297377356307, 0.6422854304463297, 0.7576431247179667, 0.4063043192631424, -0.3960869675911853, 0.20281715010723864, -0.4111247622416969, -0.19188898253084155, 0.14910460541290718, 0.5805672171943085, 0.07736584479849101], [-0.366974196291172, 0.02543568566707674, -0.5430902827649876, -0.108130272432724, -0.3740882012837514, 0.0394819413226796, -0.09569156324879532, 0.08310549196422265, 0.10101097662058664, 0.488228133822478, 0.6260965357152457, 0.5335289817766276, 0.5401098942647315, 0.05484997598864848]], "inverted": false, "swapped": true, "error_lsq": 0.04099542123593003, "error_max": 0.3499378640714856, "target": "558.xyz", "model": "14.xyz", "model_rescale": 3.9786697098870705, "target_rescale": 4.088410054842282},
{"mapping": [8, 11, 13, 0, 9, 5, 7, 4, 2, 6, 12, 14], "R": [[0.5380207821545462, 0.7997337743591251, -0.26638229693265825], [-0.7777370564179926, 0.34910592145421776, -0.5227333227180738], [-0.32505185593084496, 0.48841677464529215, 0.8098088325036987]], "T": [-0.048864377270232774, -0.08815877169775402, -0.008479125208114415], "aligned_model": [[-0.16172079845869344, -0.7156412320768505, 0.6259697516636948, 0.543918556781245, 0.07533780082191605, 0.36302105759555225, -0.4316286005596334, 0.012580450026629268, 0.5297190935092648, 0.17856772958157666, -0.49527623864716913, -0.04149297347019552], [-0.2506326658610604, -0.0828072240187478, 0.04696621741516607, -0.5142886206820227, 0.31575198306102026, 0.6801322208789738, -0.3249010743079768, 0.3638754911088725, 0.09950248620881288, -0.7697744234702241, 0.5712099124767048, -0.12035981258507919], [-0.5590484381769841, -0.2574303352607689, -0.5075291355946597, -0.19085505492611665, -0.38582178143639523, 0.10485447707661363, 0.4985193906332471, 0.6198175329641546, 0.2274382885286945, 0.180137617455764, -0.14189221267345528, 0.07177614528373606]], "inverted": true, "swapped": true, "error_lsq": 0.0417294609383226, "error_max": 0.2132116429312062, "target": "558.xyz", "model": "15.xyz", "model_rescale": 3.769337070930944, "target_rescale": 4.088410054842282},
{"mapping": [9, 11, 2, 4, 13, 8, 0, 10, 1, 7, 14], "R": [[0.9878884517098588, -0.0913393207536493, -0.12543339054079813], [0.10616274460998125, 0.9874320496402712, 0.11707868721543369], [0.1131630621500422, -0.12897703604702437, 0.9851695516698387]], "T": [-0.07975320934175288, 0.002010499170871642, -0.05427578742198451], "aligned_model": [[-0.13905570807321826, -0.29531676942378177, -0.04327286315079821, -0.6752164536717461, 0.38611805500622776, 0.24137833713076667, 0.6100947151120658, 0.2801116117352855, -0.021213366719446763, -0.33102646493614374, -0.08997496231804], [-0.020261525886754277, -0.6758221428636564, 0.6396256576448011, 0.4838643496039793, 0.30879212140360907, -0.4214145288370943, 0.3009069820071318, -0.4873842934085487, 0.5053235024439275, -0.08266252385186573, 0.0450968993698126], [-0.6172542324854594, -0.028353227511746522, -0.18750003637330442, 0.07263963204271172, -0.6958050372918984, -0.2989116024362439, -0.08605578920631166, 0.4376838713049413, 0.5577497571814664, 0.569659380472933, 0.020364891526688952]], "inverted": true, "swapped": true, "error_lsq": 0.04516188586292119, "error_max": 0.2592150908448154, "target": "558.xyz", "model": "16.xyz", "model_rescale": 3.7852294659196426, "target_rescale": 4.088410054842282},
{"mapping": [2, 7, 10, 1, 4, 3, 12, 11, 0, 13, 9, 8, 14], "R": [[-0.9275462911552381, 0.1819100243979775, 0.32644543309363283], [0.34843659701305957, 0.10519685309492371, 0.9314105217147184], [0.13509187846099777, 0.9776719107770522, -0.16095906079319294]], "T": [0.02974189861806582, 0.07176738306513242, 0.015251418014959838], "aligned_model": [[0.014891313232215212, -0.32538967397463797, 0.3435898945688986, -0.09155927542205339, -0.6322023127309997, -0.6333916008831688, -0.4845810868554666, -0.10428298815184896, 0.6720266266998077, 0.5707501773440995, 0.08340234967289208, 0.4402875087867112, 0.00022491792983403425], [0.030165460658666175, -0.44100741306207136, -0.34844058140625694, -0.644187582378543, -0.03871548196900973, 0.07508645679247414, 0.6501256457053821, 0.26365537982813425, -0.12318153777614382, 0.4988987184964671, 0.6213955886058212, 0.3384558667009963, -0.007194896493041919], [-0.6356566758419018, 0.28085721265319674, 0.5948710866769484, -0.30727094139314703, -0.37524894026710837, 0.19394532407123488, 0.24508451007168988, 0.6874218164851993, -0.32490219606891907, -0.48232233708686345, -0.11118809609659412, 0.33554887529229716, -0.00538494135285866]], "inverted": false, "swapped": true, "error_lsq": 0.04507760593565377, "error_max": 0.2964136621944926, "target": "558.xyz", "model": "17.xyz", "model_rescale": 3.901054581598922, "target_rescale": 4.088410054842282},
{"mapping": [12, 13, 9, 8, 5, 10, 3, 2, 7, 6, 0, 1, 4, 11, 14], "R": [[-0.7746140094288984, -0.600792763480265, 0.19753782358382155], [0.17961116350001585, -0.5084679606346081, -0.8421402276071683], [0.6063934088878747, -0.6168536198790027, 0.5017754929243893]], "T": [0.0705868804583011, -0.05577843331444689, -0.010218381417986502], "aligned_model": [[-0.6480092413406895, -0.23591604356170315, -0.01190312863808074, 0.6483404075322917, 0.33337199692004815, 0.4944717628295566, -0.5114768440777593, 0.1252252853648877, -0.3975610450232737, -0.0591611942763423, -0.14267840484258748, 0.19217068643227583, 0.76373498947357, -0.2990036570572425, 0.030227889860249033], [-0.23224730557521267, -0.47422449663169863, -0.7093811752128066, 0.09152685561059341, -0.4773830152340348, -0.5615749245951218, 0.11478177015703143, 0.028337442565559798, 0.3407204177082415, 0.18638362924018848, 0.5949943675918903, 0.5974279393218072, 0.10184626089175537, -0.40248598001166824, -0.09099594645759074], [0.056515829715995086, -0.518609026455895, 0.0035102571350093294, -0.3016292013065875, -0.3887413081558735, 0.4765518559981129, -0.474456388353817, -0.8309968327203532, 0.24138289998222826, 0.6885295830384969, -0.33658810762667873, 0.20007751085788822, 0.3365872192501199, 0.6061643735069396, 0.0013872676067912659]], "inverted": false, "swapped": false, "error_lsq": 0.04654403655716122, "error_max": 0.334369142397714, "target": "558.xyz", "model": "18.xyz", "model_rescale": 3.9405287249114394, "target_rescale": 4.088410054842282},
{"mapping": [9, 8, 5, 1, 6, 2, 7, 0, 13, 10, 4, 12, 3, 11, 15], "R": [[-0.16881185550346173, 0.9757184986567986, 0.13955632848567462], [0.6291998759022506, 0.2156631019309933, -0.7467241409182475], [-0.7586897083828612, -0.038247063213077526, -0.6503284466709911]], "T": [-0.002105673390678773, 0.0773810551215551, 0.009483764990748194], "aligned_model": [[-0.6746967648633522, -0.15594054903727686, -0.14740662318035846, 0.6293585752841611, 0.3361410871769305, 0.44690797051055564, -0.6085080191369889, 0.23007677248097305, -0.5016717954857358, 0.29445824896453926, -0.14673190906743228, 0.18859327726226147, 0.7098641537967195, -0.3348494453882161, 0.01623848027842017], [-0.2871653034882866, -0.4089772573713396, -0.7411632556465294, 0.033776588728489376, -0.4850412833395866, -0.6283715847543608, 0.08286035823646638, 0.05198526176949805, 0.37841746230752693, -0.1842370719914849, 0.5080921168592774, 0.5907467667926966, 0.34284786518524335, -0.19486116663331624, 0.04881634271463994], [0.07061496040223848, -0.5491418506408808, -0.002156168784242702, -0.17725395786013867, -0.34766284042170603, 0.2453338061435064, -0.34810779147009757, -0.6371387086869212, 0.34286135358277614, 0.6888289147266388, -0.5634353059667601, 0.024603900891024887, 0.39426283511192994, 0.587738861631183, 0.030337923813825943]], "inverted": true, "swapped": false, "error_lsq": 0.04498697635770122, "error_max": 0.28826576511143287, "target": "558.xyz", "model": "19.xyz", "model_rescale": 4.410303926677745, "target_rescale": 4.088410054842282},
{"mapping": [0, 2, 6, 13, 10, 5, 8, 1, 4, 3, 12, 11, 7, 14], "R": [[-0.001475776986061876, -0.15432125351282544, -0.9880196216657431], [-0.24954820815986772, 0.9568188345061024, -0.149075181497738], [0.9683612517477591, 0.2463385244914292, -0.03992264351090499]], "T": [-0.04630542939814396, 0.03803671377603954, 0.06707613310438311], "aligned_model": [[-0.09065482132539054, -0.007316516010427321, 0.40322077537654605, -0.6394269377265143, 0.2424331312009016, -0.36067314105152115, -0.43702259167032753, 0.6643416002185908, 0.28528651924884507, 0.18359781525641855, -0.40677748471848274, -0.17395025990102653, 0.560303279126176, 0.037826521437084606], [-0.023254864131198517, -0.5646267822745296, 0.21792112544342349, -0.2829777747080646, 0.739199683451332, -0.7522844976252491, 0.44767910493226737, -0.21422167797396416, -0.5458574112279091, -0.03359911718907299, -0.005118246315176135, 0.588448257476936, 0.22135923192188636, 0.01828143440052165], [-0.6815998373607202, -0.17972172272815878, -0.4963680302706015, -0.45048289895394955, -0.1227521889307973, 0.28918081746507407, -0.08055217361505952, -0.18326895427252438, 0.45692426071496733, 0.7102723491163032, 0.7882191219128919, 0.4999163437615419, 0.30795284975419546, 0.05909510213185833]], "inverted": false, "swapped": true, "error_lsq": 0.04145916778688935, "error_max": 0.3496812131500657, "target": "558.xyz", "model": "20.xyz", "model_rescale": 4.121658175737393, "target_rescale": 4.088410054842282},
{"mapping": [13, 2, 4, 9, 3, 0, 1, 8, 6, 10, 7, 11, 14], "R": [[-0.7655448094189944, -0.31258380854717005, -0.562345540931714], [-0.6365671973682039, 0.24111188421601348, 0.7325621219559432], [-0.09339886512386625, 0.9187798549837441, -0.38356255040035386]], "T": [0.17062803780882063, -0.058154540414522615, 0.03334533421680104], "aligned_model": [[0.1097672737062611, -0.06397247350253238, 0.2661546892821766, 0.5577193393620856, 0.5417111993758761, -0.3998782544858225, -0.4646483202584596, 0.29942813587810757, -0.5454001955949054, -0.13815369434556385, -0.00020925755805140112, 0.6056645376769122, 0.11289992512821073], [-0.7223971266986108, -0.004257531883561212, 0.5861262484225768, -0.3680524300251474, 0.5137591014729851, -0.5136115710726902, 0.40592463249107563, -0.5565145856132756, -0.09725482626048138, -0.1465589304579729, 0.49272803033416945, -0.05571372475268768, 0.006649618206803487], [0.5604018122939314, 0.6397200690519973, 0.4560083870341078, 0.3073547890513582, -0.04972475605145886, 0.21588491489672978, 0.14461361290019975, -0.24469909848759325, -0.1607584323538076, -0.6793065892185878, -0.32294931252647524, -0.5299787326900476, 0.03354307558143524]], "inverted": true, "swapped": true, "error_lsq": 0.03583360052299088, "error_max": 0.21724299893822982, "target": "558.xyz", "model": "21.xyz", "model_rescale": 4.08911054899281, "target_rescale": 4.088410054842282},
{"mapping": [5, 6, 10, 4, 7, 12, 8, 0, 15, 14, 1, 2, 3, 9, 16], "R": [[-0.7030643296090456, 0.7049771245902507, 0.0933156055322243], [0.5012140920788561, 0.5843346515093095, -0.6382299342298685], [-0.50446504569985, -0.40194560434212523, -0.764169319468593]], "T": [-0.02125375146009854, -0.03384468223970468, -0.009874431934466802], "aligned_model": [[-0.613249000252461, -0.18497049203238164, -0.20278692012975819, 0.571007119454213, 0.3040313365882492, 0.32325421371373364, -0.5786625835992265, 0.3101947193679798, -0.22022220126676975, 0.18648971890563862, -0.27914824034878044, 0.2253589889625146, 0.711220144089844, -0.28947221270895956, 0.018788868851364816], [-0.39846199825733086, -0.3936978609075721, -0.8197048156430948, 0.2753750570192578, -0.597606274338567, -0.5281162569408244, 0.02006299834317677, 0.02292450678404121, 0.5298377733369434, 0.02509198399861074, 0.5878399063518753, 0.6444974187354606, 0.17318066201793075, -0.3966867898466359, -0.036810471284338175], [0.1098122098245, -0.641749931705101, 0.014721677816786346, -0.20963028167158845, -0.2965077635219998, 0.416715978656707, -0.4187159340933605, -0.7077272592143949, 0.40747513755229314, 0.5944365028004404, -0.4305846483240895, 0.0070955320931986275, 0.4083376224917264, 0.5414440545641922, -0.03543696479693372]], "inverted": true, "swapped": false, "error_lsq": 0.038981167307242534, "error_max": 0.23765744032409106, "target": "558.xyz", "model": "22.xyz", "model_rescale": 4.204369325754507, "target_rescale": 4.088410054842282},
{"mapping": [9, 8, 5, 1, 6, 2, 7, 0, 13, 10, 4, 12, 3, 11, 15], "R": [[-0.16881185550346173, 0.9757184986567986, 0.13955632848567462], [0.6291998759022506, 0.2156631019309933, -0.7467241409182475], [-0.7586897083828612, -0.038247063213077526, -0.6503284466709911]], "T": [-0.002105673390678773, 0.0773810551215551, 0.009483764990748194], "aligned_model": [[-0.6746967648633522, -0.15594054903727686, -0.14740662318035846, 0.6293585752841611, 0.3361410871769305, 0.44690797051055564, -0.6085080191369889, 0.23007677248097305, -0.5016717954857358, 0.29445824896453926, -0.14673190906743228, 0.18859327726226147, 0.7098641537967195, -0.3348494453882161, 0.01623848027842017], [-0.2871653034882866, -0.4089772573713396, -0.7411632556465294, 0.033776588728489376, -0.4850412833395866, -0.6283715847543608, 0.08286035823646638, 0.05198526176949805, 0.37841746230752693, -0.1842370719914849, 0.5080921168592774, 0.5907467667926966, 0.34284786518524335, -0.19486116663331624, 0.04881634271463994], [0.07061496040223848, -0.5491418506408808, -0.002156168784242702, -0.17725395786013867, -0.34766284042170603, 0.2453338061435064, -0.34810779147009757, -0.6371387086869212, 0.34286135358277614, 0.6888289147266388, -0.5634353059667601, 0.024603900891024887, 0.39426283511192994, 0.587738861631183, 0.030337923813825943]], "inverted": true, "swapped": false, "error_lsq": 0.04498697635770122, "error_max": 0.28826576511143287, "target": "558.xyz", "model": "23.xyz", "model_rescale": 4.410303926677745, "target_rescale": 4.088410054842282},
{"mapping": [2, 4, 5, 9, 15, 6, 3, 10, 7, 12, 1, 11, 14, 12, 16], "R": [[0.33356374382619136, 0.2849997373941637, 0.8986158125082783], [0.8952118923217218, 0.20304508842133973, -0.3966968110707883], [-0.2955180140878343, 0.9367752354504406, -0.18740667436448089]], "T": [0.10665664942754036, 0.0006290187526453855, -0.022381263621084484], "aligned_model": [[-0.6845341226224242, -0.1939209939569894, -0.0430800334486561, 0.6054774308031934, 0.6335695529749782, 0.4070495226882819, -0.6605141004570125, 0.1113697407662717, -0.1426650036890088, -0.2553835296957999, -0.3851244529234644, 0.4010922424358919, 0.7434314860498594, -0.2553835296957999, 0.0004492503658795888], [-0.4270473991523241, -0.410451349054509, -0.6019104034501405, 0.026805072544172012, -0.47679610796752997, -0.4263959057292128, 0.03874721766274987, 0.20477710884620715, 0.4715927785003794, -0.308223220656402, 0.6771570621463486, 0.5546270591695427, 0.06775019789476093, -0.308223220656402, 0.02531694927129349], [-0.17731349064094906, -0.48557710178469277, 0.07825274614052087, -0.40041912667724755, -0.08355504302192228, 0.5301691189914126, -0.4906194808433482, -0.6405117436629595, 0.3750640118242373, 0.6254713721658312, -0.21420541080452887, -0.10673373480492789, 0.19707840185261147, 0.6254713721658312, -0.0728859584274924]], "inverted": false, "swapped": false, "error_lsq": 0.05460594421623778, "error_max": 0.46233727842406386, "target": "558.xyz", "model": "24.xyz", "model_rescale": 4.28219845311461, "target_rescale": 4.088410054842282},
{"mapping": [8, 0, 1, 13, 4, 3, 6, 2, 11, 9, 14, 12, 7, 5, 15], "R": [[0.9660259931899903, -0.18514731884530816, -0.18031708406495195], [0.24256139876793453, 0.40869718042544767, 0.8798469085812783], [-0.08920621227827236, -0.8936929478499218, 0.43972169227169233]], "T": [0.03677587973855101, -0.02282739417711479, 0.0007969731163650282], "aligned_model": [[-0.6177909132402281, -0.08103168005416575, -0.17448771332404378, 0.4904138567098153, 0.49284692778504485, 0.32048507306042384, -0.6205432814157836, 0.1306646368803032, -0.22130552082963761, 0.28753430266534924, -0.26055805461103965, 0.16547160968757654, 0.7866431741015028, -0.44840714463786957, 0.0318981868179531], [-0.24306679179546783, -0.5300165404661962, -0.613994439184293, 0.32459078331396485, -0.5120530255678724, -0.6437243954797824, -0.11323220296175265, 0.11989295723636909, 0.35846546729945494, 0.08154222910132133, 0.5843702016780757, 0.7073242282868126, -0.08295959938666836, -0.2608261180104735, -0.06858691469455852], [0.0713871862836678, -0.6272434083704025, 0.12636216730024138, -0.16177501935220265, -0.29467900517933215, 0.36691355599377556, -0.6090846759672883, -0.6622232580702165, 0.29146313164942517, 0.6197484081634549, -0.3499853468008437, 0.18717271601013905, 0.1998677255930851, 0.6590026561857107, -0.05724090096683707]], "inverted": false, "swapped": false, "error_lsq": 0.04304222767110545, "error_max": 0.3192829506317921, "target": "558.xyz", "model": "25.xyz", "model_rescale": 4.100010024507729, "target_rescale": 4.088410054842282},
{"mapping": [11, 12, 4, 5, 10, 6, 7, 2, 9, 0, 8, 14], "R": [[0.08562533710437908, -0.9945258442853134, 0.05988861907196144], [-0.869159055157387, -0.10394630172572417, -0.4834849565348063], [0.4870634850650172, -0.010654173179077825, -0.873301580274644]], "T": [-0.0278260668894728, 0.07147196598087842, -0.046099445126305004], "aligned_model": [[-0.6514706782660811, -0.138004663960131, 0.5125986634271036, 0.6820366423620398, -0.6578684325095224, -0.06944777921816417, -0.19031208364428515, 0.6081765939366773, 0.071503478613284, 0.15130867538985163, -0.44256205279124894, 0.0008072390234833797], [-0.25443601349962397, -0.7266493773932199, -0.20561836605753053, -0.4222596342536333, 0.5082507077577764, 0.8058659308194753, 0.2022408281259362, 0.1858340787998115, -0.296869346164882, 0.6727528395935185, 0.08087737184720166, 0.1161423704758098], [0.06089637613276384, 0.00598377245171209, 0.43766619128890455, -0.2044951744876564, 0.10656098367912434, 0.057990290452508066, 0.5989592053802311, -0.13584647324554733, -0.46492623297422464, -0.46156459405540623, -0.45861187743549153, 0.022579822667438694]], "inverted": false, "swapped": true, "error_lsq": 0.04487560973768604, "error_max": 0.30554868970841664, "target": "558.xyz", "model": "26.xyz", "model_rescale": 3.6694154284099745, "target_rescale": 4.088410054842282},
