[{"mapping": [8, 2, 4, 6, 0, 1, 5, 3, 9, 10, 7, 11], "R": [[0.5914185452960867, 0.7720438272549999, -0.23274972197043065], [0.42989223658089903, -0.5460801879628829, -0.7190195360641427], [-0.6822146064159965, 0.3251841895170715, -0.6548575980171508]], "T": [-0.18271390330600654, 0.15551406919203228, -0.025523956050500646], "aligned_model": [[-0.6728534856751177, -0.33707086665706926, -0.5924022941129863, -0.11577339651866769, 0.0947415142274495, 0.20823059621626486, 0.6112964944098191, -0.6407329313035204, -0.4486159179849033, 0.0993368990927476, 0.6024252281855229, -0.13208121042861085], [-0.03095961088411428, -0.6344828986525839, -0.062003822159952954, 0.24009123307842115, -0.249373491713793, -0.32533712761063194, 0.11452201171137497, 0.5488679094081191, 0.6268158680585081, 0.7405704170574443, 0.4582864777438185, 0.12296012488638616], [0.3323786104743879, 0.0032677831775166644, -0.6867272955182545, 0.691079253093127, -0.40218819420773344, 0.31773263069719915, -0.26333369528034695, -0.3564678201217283, 0.25111146721068056, -0.22531825189867946, 0.4086289233439466, -0.06029214568169308]], "inverted": true, "swapped": false, "error_lsq": 0.05128844218354356, "error_max": 0.3559518173439633, "target": "559.xyz", "model": "0.xyz", "model_rescale": 3.751011558992144, "target_rescale": 3.945603614328587},
{"mapping": [8, 5, 10, 0, 9, 2, 12, 4, 1, 6, 7, 14], "R": [[0.7346365700810811, 0.6664843525707211, -0.12691618367210547], [0.6404751112381055, -0.7429784327291997, -0.19435709501790338], [-0.22383194987320562, 0.06149517279956773, -0.9726857673155858]], "T": [-0.0652591413570093, 0.08640333008371645, -0.015680820422552907], "aligned_model": [[-0.6460558907405302, -0.27332667143013784, -0.45050174341741, 0.0913019097794529, 0.08177535986119513, -0.1039442769872459, 0.6651198282699612, -0.7805716051366972, -0.25770487820495824, 0.019059186231173586, 0.35328619241515513, -0.021936781189029683], [-0.0861285303820718, -0.4971146898937576, 0.08166244128943595, 0.2879231022102725, -0.325126877505297, -0.47808953200238513, 0.08388316016899221, 0.3886049920174016, 0.6620590637316415, 0.7802944274458532, 0.5764545582500123, 0.07553497559289908], [0.25510718737990146, -0.09505758204997188, -0.7395726698448493, 0.6987300817959057, -0.5088474910599259, 0.5873029031747095, -0.15175180758534595, -0.1659346210259297, 0.3267672254517888, -0.2897817323226089, 0.1403532180033515, -0.047443446628603184]], "inverted": false, "swapped": false, "error_lsq": 0.04861061236149325, "error_max": 0.2972020500455071, "target": "559.xyz", "model": "1.xyz", "model_rescale": 3.9405287249114394, "target_rescale": 3.945603614328587},
{"mapping": [11, 5, 9, 6, 2, 0, 1, 10, 3, 4, 7, 12], "R": [[-0.4500874263564947, -0.668757596213042, 0.5917639615109569], [-0.8758822548112614, 0.4596885224446556, -0.1466858481224089], [-0.17392982591415423, -0.584337008788596, -0.7926529352859728]], "T": [-0.08154310985808556, 0.1715404433501575, -0.025275658485225762], "aligned_model": [[-0.6616865448183973, -0.291549060116376, -0.7480804159404064, -0.11420936277751235, 0.16796017648058748, 0.18983067620405997, 0.7001917266890256, -0.823231697721091, -0.23748804233755938, 0.2614292852780802, 0.27364076738377185, -0.04030687887325429], [-0.13236827832329295, -0.5160949485033174, 0.061217496433296936, 0.1429762588771979, -0.3383316561215861, -0.4757400591704435, 0.04976069160972481, 0.5514104742232588, 0.708541110317835, 0.6479218217780109, 0.7151166357137064, 0.1355475440886051], [0.2552370378414155, -0.13078086737739167, -0.46565955246201673, 0.5164555448573752, -0.40203576758395904, 0.4333246114349456, -0.061145837645163216, -0.15598111969714548, 0.0935146621605793, -0.4088463043179725, 0.43000358505562414, -0.09421472697786887]], "inverted": true, "swapped": false, "error_lsq": 0.047525195322455416, "error_max": 0.2721772472896867, "target": "559.xyz", "model": "2.xyz", "model_rescale": 3.932901565614263, "target_rescale": 3.945603614328587},
{"mapping": [5, 7, 0, 12, 3, 9, 11, 2, 6, 1, 10, 13], "R": [[-0.4584945976435065, -0.751780181793006, -0.4739295962429382], [-0.8635674526573164, 0.25096768874486397, 0.4373402267308773], [-0.20984269976025663, 0.609788305454718, -0.7642802260218374]], "T": [-0.08354343437375354, 0.031478192636088684, -0.09670911618744585], "aligned_model": [[-0.4924251014901657, -0.42058407740496784, -0.42447045656968907, -0.0063508538625404315, 0.1034675525359804, -0.0019664743023867087, 0.8054977519893756, -0.6748346955750355, -0.3815992683729006, -0.005914790930632449, 0.2672568671581957, -0.09157582372430484], [-0.05466105988689551, -0.5960528055308245, 0.11377064207594186, 0.21457722821827063, -0.17422561351068422, -0.4434199159811297, 0.11668418278184585, 0.5858141709392227, 0.508084507567353, 0.6489576947899628, 0.5584664113486811, 0.071961648111252], [0.48826566713705977, -0.048222018605866, -0.6676268400713767, 0.640614326300605, -0.524959408648522, 0.4579168166773533, -0.08933303587675603, -0.28980526002259466, 0.2914936672498605, -0.49853181222282184, 0.23850425777674253, 0.011554905594738568]], "inverted": true, "swapped": false, "error_lsq": 0.04811033338113454, "error_max": 0.3208682217488334, "target": "559.xyz", "model": "3.xyz", "model_rescale": 3.9243930471874484, "target_rescale": 3.945603614328587},
{"mapping": [0, 2, 7, 6, 4, 3, 10, 1, 5, 9, 11, 12], "R": [[0.18964242882295507, 0.24426305920768665, 0.9509843884610476], [-0.9260771035633786, 0.3662984074445312, 0.09059070018088972], [-0.3262161054359426, -0.8978647084110738, 0.29567214604034575]], "T": [0.020495912981142783, 0.18965061186795704, -0.07484644113433675], "aligned_model": [[-0.7080859965415676, -0.5501245985951952, -0.4305652371717939, 0.16941044333275224, 0.07068908556296537, 0.023244710878542726, 0.7096865241708479, -0.6272301550563544, -0.43922112741167907, 0.101218289004959, 0.430968918679654, -0.07349022740220273], [-0.07963717250760363, -0.5320093602949851, -0.12041222241030133, 0.20491789690690418, -0.32687838799626856, -0.3588387320927655, 0.04166396378428025, 0.4323890129868072, 0.4635806819603434, 0.8109414983487983, 0.8007036274410424, 0.21353628479674508], [0.27152740843132345, -0.14422660155298775, -0.6607846943097202, 0.6316292395471781, -0.3630229619779172, 0.315160294751506, -0.059226807469258735, -0.2528613545248518, 0.46110659715029506, -0.39914402694372086, 0.2154296432050155, -0.0057154710184389584]], "inverted": false, "swapped": false, "error_lsq": 0.04987300122643005, "error_max": 0.25760255407511456, "target": "559.xyz", "model": "4.xyz", "model_rescale": 3.8936222436046832, "target_rescale": 3.945603614328587},
{"mapping": [1, 0, 2, 6, 3, 9, 8, 4, 5, 10, 7, 11], "R": [[0.8818829131372344, 0.2236450545524751, 0.41504869243355785], [-0.41062671277212437, 0.7969103806811503, 0.4430796180378692], [-0.23166404614127106, -0.5611744245213294, 0.7946162816030203]], "T": [-0.019487622560812573, 0.13193069125477513, -0.008223360617374026], "aligned_model": [[-0.6963593954411672, -0.3479611146319356, -0.5067932296162869, -0.02297057935935129, 0.13725672894153512, 0.19036676699316465, 0.6991126600041849, -0.5563469410068971, -0.4798983137825711, 0.12198897861692434, 0.2905437471922696, -0.15243867845894082], [-0.16948412121890755, -0.665572479944595, 0.05145835613567226, 0.26825747601353744, -0.24546565727252762, -0.3538978489332701, 0.004772825576817963, 0.6639017613647977, 0.6251575618679768, 0.49043800692265777, 0.6615166656929017, 0.21887454471793522], [0.2985379163722568, -0.2052313957595259, -0.567880321207428, 0.7766406434476572, -0.4123090405313695, 0.31110046960038196, -0.12358079394768201, -0.25197210763046995, 0.4411318513927619, -0.509146783324747, 0.19954278878021903, 0.05303803809636755]], "inverted": false, "swapped": false, "error_lsq": 0.039767869870708225, "error_max": 0.21880371842922638, "target": "559.xyz", "model": "5.xyz", "model_rescale": 3.6523030999806103, "target_rescale": 3.945603614328587},
{"mapping": [1, 2, 6, 0, 4, 3, 11, 8, 5, 9, 7, 12], "R": [[-0.787712169089054, 0.21140640791650225, 0.5786336227362348], [0.5698799652890374, 0.6068068351801632, 0.5540959212454102], [-0.23397940898972985, 0.7662198088476151, -0.5984654047631668]], "T": [-0.14824210185183584, 0.14913195305422292, -0.1263949793565434], "aligned_model": [[-0.6538436557435164, -0.32046615121540556, -0.6514714829107907, -0.2309777790377055, 0.1758921384684103, 0.1646243270926293, 0.720286471326461, -0.5458625977579038, -0.3592289582902135, 0.1358225989376966, 0.3596878374874126, -0.11796211890614564], [-0.15816458932926494, -0.5897398001889139, 0.04842671947625504, 0.02723968719124112, -0.30594202825435013, -0.15001411645863025, 0.156919741588371, 0.6701377745584148, 0.5939529265943597, 0.6504933956119536, 0.43595496174778714, 0.17069241838577315], [0.2373504944777214, -0.15127555992343558, -0.5254477428366846, 0.8561836758879517, -0.2566879865169387, 0.4169897183324224, -0.2684036800181503, -0.28181048006559556, 0.34426665908003085, -0.5629803946677129, 0.22935464903958394, -0.027668087500770322]], "inverted": true, "swapped": false, "error_lsq": 0.053982783204236266, "error_max": 0.3481789961627329, "target": "559.xyz", "model": "6.xyz", "model_rescale": 4.08911054899281, "target_rescale": 3.945603614328587},
{"mapping": [13, 7, 5, 1, 6, 2, 3, 12, 11, 8, 9, 14], "R": [[0.4698722221697217, 0.6854499745355521, 0.5562179673855376], [0.6533863424060659, 0.15362376518672527, -0.7412732467363689], [-0.5935540265136034, 0.7117289309695548, -0.3756801118377492]], "T": [-0.11245129548582039, 0.16793049936903973, -0.07876787995470362], "aligned_model": [[-0.6508370949371354, -0.4255914839217649, -0.47017973989329437, 0.06487745426067626, 0.17226799314002433, -0.04370756082448343, 0.6548214499021336, -0.8136628578952607, -0.36757333026375144, 0.2114585745065044, 0.3893923927157678, -0.04476516733848748], [-0.023027071270245364, -0.525441173873741, 0.015760904274132542, 0.16346448707815145, -0.2359551818383305, -0.49001651689780845, 0.11027552387961939, 0.2904564316893924, 0.622117892857923, 0.6841603971068397, 0.6595814919009777, 0.27857990601608534], [0.3790207825483497, -0.2218339823978006, -0.7340357671380976, 0.6329066440399083, -0.14915431084537228, 0.3822305647515863, -0.2642938195208991, -0.11470753303507257, 0.1917087769377152, -0.3849346026535623, 0.2690676013613606, 0.02389691124030681]], "inverted": true, "swapped": false, "error_lsq": 0.04998587315272049, "error_max": 0.26657246176276594, "target": "559.xyz", "model": "7.xyz", "model_rescale": 3.964800864290218, "target_rescale": 3.945603614328587},
{"mapping": [2, 0, 1, 11, 3, 6, 10, 7, 12, 8, 9, 13], "R": [[-0.7216475130470624, -0.06653817694701458, 0.6890555405201804], [0.6859907066413455, -0.20239788749524862, 0.6988933005396235], [0.09296029966979263, 0.9770403093762451, 0.19170450317943472]], "T": [-0.12471709697838487, 0.05457398848638395, 0.0005132757254540116], "aligned_model": [[-0.7545667073436815, -0.41199387542246413, -0.5469349860249676, 0.2449182867880579, 0.18859629753667026, 0.03129823809197799, 0.6780765299401237, -0.6312236363574745, -0.32422368190492656, 0.05717147760547611, 0.2280313750896988, -0.08264868854756183], [-0.11211429662709801, -0.5593509540645273, 0.10795771844818719, 0.20390384290583274, -0.5616532765773529, -0.3575260499184488, 0.21530339511994417, 0.5215910711230052, 0.6753483505487197, 0.6816948417522953, 0.6242702972163047, 0.11053215099613413], [0.11931231479018159, -0.23127885098163486, -0.6175499271242284, 0.7272894463175978, -0.21871576047168753, 0.37779115308928307, -0.06893068318734125, -0.17892845591329004, 0.38197264612500037, -0.4053112716372793, 0.15821983253825606, -0.03399917825643542]], "inverted": false, "swapped": false, "error_lsq": 0.04925257643463937, "error_max": 0.3367809647688586, "target": "559.xyz", "model": "8.xyz", "model_rescale": 4.121658175737393, "target_rescale": 3.945603614328587},
{"mapping": [11, 7, 10, 6, 5, 9, 4, 3, 2, 0, 1, 12], "R": [[-0.7053148865083201, -0.6935241753177042, -0.14681665137052413], [-0.007914162638337607, 0.21479716385665837, -0.9766266146429095], [0.7088499678348654, -0.687667359010906, -0.15698830036495126]], "T": [-0.1912420808733297, 0.0862255028567514, 0.06432827024830873], "aligned_model": [[-0.8035593178264598, -0.39164813696092116, -0.4873265073040356, 0.08042704283743643, 0.04642056892513083, 0.3578471954586373, 0.6858178696105793, -0.7392101038785731, -0.36080685861007844, 0.16774533236704028, 0.2516090579342558, -0.13081551310208306], [-0.07207042410156167, -0.549111590618123, 0.07020792261075304, 0.029712945252885647, -0.20544960534514028, -0.4787769762901137, 0.14793940452675824, 0.5712029669502838, 0.726382063931625, 0.5742261343753305, 0.5888942324059427, 0.14680001722435562], [0.009173257855991435, 0.17107610700166442, -0.634641171246545, 0.6992961971149083, -0.42573295288811297, 0.3335177615180837, -0.0584933700133016, -0.23098833367899102, 0.27359798693652054, -0.43747613775817135, 0.22600304534868534, 0.08453887509769081]], "inverted": false, "swapped": false, "error_lsq": 0.048730627323121244, "error_max": 0.3062365973863601, "target": "559.xyz", "model": "9.xyz", "model_rescale": 3.833441315466971, "target_rescale": 3.945603614328587},
{"mapping": [7, 3, 8, 6, 2, 4, 5, 11, 12, 0, 1, 14], "R": [[0.6090609365102295, 0.786243021988403, 0.10424339783327197], [-0.7927978093877682, 0.599763543214711, 0.10842197960050196], [0.022724635249839732, -0.14867952987913036, 0.98862429079387]], "T": [-0.13869636857419984, 0.2043786194667241, -0.054386546878360836], "aligned_model": [[-0.7061308817346061, -0.23178312959078307, -0.5927574030195709, -0.031241078674845046, 0.09151882314385831, 0.20069450473459996, 0.5061384675376055, -0.7875986360254882, -0.276258919839598, 0.3037204123428081, 0.36897107733178125, -0.16877260675483302], [-0.11636888776944604, -0.653190818778281, 0.17725219586252092, 0.224551818527626, -0.3113744016629877, -0.2992614761569268, 0.011352916127331802, 0.4144333150294706, 0.6879650729553242, 0.664252790793064, 0.6320903602530216, 0.11825420574227896], [0.08364637186934884, 0.04676365460052903, -0.6873573965370042, 0.6158939695900878, -0.4989650457122873, 0.4624045804498169, -0.12044949756938461, -0.06621672913347482, 0.2776386687340162, -0.2923069121555073, 0.2695661720092538, -0.08074657085697201]], "inverted": true, "swapped": false, "error_lsq": 0.042598387896551036, "error_max": 0.21780175587027467, "target": "559.xyz", "model": "10.xyz", "model_rescale": 4.2482417240324, "target_rescale": 3.945603614328587},
{"mapping": [9, 4, 0, 7, 6, 5, 2, 10, 8, 1, 3, 11], "R": [[0.6226080243313141, -0.25431213008308023, 0.7400571522057364], [0.2841173214900488, -0.8077198438581454, -0.516590748530298], [0.729134141065674, 0.5318966011645306, -0.4306383749760838]], "T": [-0.06296539977168167, 0.15820000165040726, -0.036819353005159504], "aligned_model": [[-0.6622723205355134, -0.4587856584314516, -0.42846445804705624, 0.012529260633080408, 0.18168212953561316, 0.03470015076845166, 0.6762881258227283, -0.6962890883967092, -0.2872542610993002, 0.12414714455144735, 0.32394708763930224, -0.14372748298966398], [-0.018818176366869444, -0.6143345661460577, 0.21814064256160126, 0.17820461222925596, -0.33375405048935186, -0.5053785273085344, 0.17293446145572816, 0.2730338414976929, 0.713828990617406, 0.633078844264378, 0.7580530639919331, 0.07496795461581432], [0.5005880171665977, -0.14797799921087654, -0.6976196510535349, 0.6358296033616144, -0.38121873617836416, 0.301279961492681, -0.06913663901679606, -0.06358980662121896, 0.09670503524914134, -0.5253124792134435, 0.3485981571532196, 0.01172580215940263]], "inverted": false, "swapped": false, "error_lsq": 0.055609183658776075, "error_max": 0.313936719578491, "target": "559.xyz", "model": "11.xyz", "model_rescale": 3.6694154284099745, "target_rescale": 3.945603614328587},
{"mapping": [12, 5, 7, 1, 6, 0, 4, 10, 2, 8, 3, 13], "R": [[-0.9296968142921953, 0.20525563943654185, 0.3058332159436573], [-0.28572099836499965, -0.9258920529720309, -0.2471586885718279], [0.23243782951200367, -0.3171656171824655, 0.9194447382464128]], "T": [-0.12617734846818332, 0.11394709035143105, -0.13464160059812716], "aligned_model": [[-0.6478630135158749, -0.4598666804370466, -0.6126590816957842, 0.0697550975499347, 0.11994709649059931, 0.1155012919967662, 0.5873477541120068, -0.6765997723198467, -0.24805174263407584, 0.07186398121280027, 0.42667665534828225, -0.06955095665683257], [0.007651922297086597, -0.6140857957335304, -0.08188724543366371, 0.2813625055867913, -0.3245176564562904, -0.4048988780538474, 0.09853914441218437, 0.4169985889718685, 0.6296832613507598, 0.8294387006905061, 0.6531071976007491, 0.058565345690381965], [0.2876307101191815, -0.19112468643501485, -0.6610917450876356, 0.6716189338697899, -0.3935358972796916, 0.2932931610631111, 0.06112145245365405, -0.22804252036666617, 0.24677209522566565, -0.28109718630135294, 0.24602587873039153, -0.04169893070301038]], "inverted": true, "swapped": false, "error_lsq": 0.0444390587650395, "error_max": 0.2599073865782309, "target": "559.xyz", "model": "12.xyz", "model_rescale": 3.9764082729961374, "target_rescale": 3.945603614328587},
{"mapping": [13, 12, 5, 11, 9, 10, 2, 6, 14, 7, 3, 15], "R": [[0.9225652427874022, 0.1598836150994139, 0.35115609409970994], [0.1726284666173845, -0.9849739707876669, -0.005068469602074585], [0.3450692471286777, 0.06529553195678142, -0.9363032138108512]], "T": [-0.0868640780500503, 0.09454184850889086, -0.09175394244786367], "aligned_model": [[-0.5697674022515933, -0.30294068021673876, -0.5375956971152034, -0.03638016741229526, -0.05672492243517231, 0.1625934514974694, 0.6869255904343453, -0.7633568204374689, -0.457081366914098, 0.4051014156099224, 0.23165608256240572, -0.08592885387064422], [-0.031238066105529816, -0.49899079255106477, 0.008858931208777635, 0.1966895231318974, -0.28507690271735514, -0.39183328491512226, -0.004415396604438057, 0.44818428472343785, 0.568670012519034, 0.5890051017695521, 0.7480212143157015, 0.202082466148106], [0.26245551358286884, -0.0009605454370646416, -0.7934115164058206, 0.694097141463867, -0.5570284437198223, 0.49761611914085263, -0.2582367538504504, -0.12263115904232566, 0.43450614790062, -0.3824595377599813, 0.3324548187320011, -0.09653051931632181]], "inverted": true, "swapped": false, "error_lsq": 0.04419507834691025, "error_max": 0.23486789986835618, "target": "559.xyz", "model": "13.xyz", "model_rescale": 4.170626492500431, "target_rescale": 3.945603614328587},
{"mapping": [10, 8, 1, 5, 0, 4, 2, 9, 11, 3, 6, 13], "R": [[-0.3488280077835984, 0.32767287031082937, -0.8780373061823674], [-0.9361827587761753, -0.16518667515491, 0.3102824592552666], [-0.04336891923896291, 0.9302385997224201, 0.3643834305103838]], "T": [-0.11064665863594793, 0.03546855912941341, -0.03641142573403961], "aligned_model": [[-0.6494250555433815, -0.3338206527733453, -0.38568035167466447, -0.015330474309628764, 0.02584644102815968, 0.28320540530186566, 0.516129279291629, -0.7634653650762872, -0.3460265316148157, 0.0821052322547758, 0.37312291889885285, -0.11016021633223144], [-0.05914927195682537, -0.6442177418238386, 0.17161290665468357, 0.35000400226256767, -0.2672694710725714, -0.43131272004714394, -0.003706551505776534, 0.47006492211939466, 0.6290522120970147, 0.635348749790687, 0.5899407849368962, 0.10958926946790853], [0.10176820388343069, 0.1630282730276909, -0.7411352398809363, 0.8116464192121223, -0.5319694196574438, 0.32422539952822055, -0.2327514409578122, -0.239537436528623, 0.2667624739625471, -0.31652581279783915, 0.3710401832822749, 0.03331966221479039]], "inverted": false, "swapped": false, "error_lsq": 0.05026967149266107, "error_max": 0.2775265663633264, "target": "559.xyz", "model": "14.xyz", "model_rescale": 3.9786697098870705, "target_rescale": 3.945603614328587},
{"mapping": [7, 10, 1, 8, 4, 5, 2, 6, 9, 0, 3, 11], "R": [[-0.6971199405205069, -0.06835223734262151, 0.7136888398867837], [-0.10999123756915524, 0.9938570294276294, -0.012252865595185083], [-0.7084671595682405, -0.0870412356733632, -0.7003557004164123]], "T": [-0.15867805425386294, 0.12629525422925553, -0.007975206196796217], "aligned_model": [[-0.6204724609984278, -0.5264480280892443, -0.48754184724739735, 0.08994318207005872, 0.1688569447188248, 0.1682303216602412, 0.7074403232906162, -0.8815877464930509, -0.27477665179827593, 0.2044029864507576, 0.3603608748449817, -0.23190726895815514], [-0.1804579229003136, -0.5456429257771283, 0.10556540393114813, 0.13384473865995775, -0.3093734594713955, -0.445268130030442, 0.10776069482963367, 0.4430284293494295, 0.708425961227213, 0.5148228350999177, 0.8226696192868899, 0.1945818467180862], [0.351919805731748, -0.33288337336364077, -0.6013477455486488, 0.45067347433721544, -0.28695249280186946, 0.451487305071263, 0.04984211348004551, -0.07458874422662716, 0.17926587815037082, -0.4563322769143038, 0.2933727091322444, -0.014585387759374943]], "inverted": true, "swapped": false, "error_lsq": 0.0540162437213901, "error_max": 0.30355288423475624, "target": "559.xyz", "model": "15.xyz", "model_rescale": 3.769337070930944, "target_rescale": 3.945603614328587},
{"mapping": [0, 1, 8, 7, 3, 5, 10, 4, 9, 2, 11], "R": [[-0.9531131456073495, -0.05983068113123274, -0.29664055903708864], [0.10532046242145164, -0.9845602017955454, -0.1398170563116197], [-0.28369513895341125, -0.16450379520147182, 0.9446986659768908]], "T": [0.15806888235553834, -0.09932526505947936, 0.01844969597010805], "aligned_model": [[-0.38157870139149325, -0.2414139287106356, -0.033197015851236134, -0.5534758905825328, 0.3885837598231611, 0.40560912924493053, 0.5897019725890638, 0.0967026380971437, 0.24366655847803081, -0.6297408447784287, 0.03776845377316716], [-0.08936796060193498, -0.718044903654677, 0.6029625004441372, 0.46056960278809334, 0.20454652615351632, -0.46248682524455575, 0.5360547694437756, -0.4493732463469331, 0.4599259757074977, -0.07523157174549286, 0.1265096306819158], [-0.35722417643590243, -0.07755663760928408, -0.2885469377945089, 0.09488299097394544, -0.5955240335010973, -0.4260631408108021, -0.04624813870666959, 0.35611135154076623, 0.5845374589302138, 0.5059692539287433, -0.006120383291627382]], "inverted": true, "swapped": true, "error_lsq": 0.051349973775893634, "error_max": 0.26738746509793404, "target": "559.xyz", "model": "16.xyz", "model_rescale": 3.7852294659196426, "target_rescale": 3.945603614328587},
{"mapping": [10, 9, 11, 4, 8, 0, 3, 6, 5, 2, 1, 12], "R": [[0.09413705531767341, -0.976463385450392, -0.1940553315188141], [-0.5656988507367146, -0.2128603462266055, 0.796665101080404], [-0.8192209867253635, 0.03478117132945935, -0.5724222611234413]], "T": [-0.06139476890214003, 0.17840916274464957, -0.03123042844631501], "aligned_model": [[-0.7598261547633244, -0.36340162243626517, -0.426452065361542, -0.06854933371542789, 0.0988047248676039, 0.18050622738512284, 0.7281318762246396, -0.8845560051113719, -0.24593393072696873, 0.22054165402177317, 0.3293980479205823, -0.1321627888538932], [-0.10262428273282997, -0.6208080534478864, 0.1159960821205136, 0.20535170277112075, -0.296843741701213, -0.33303774338223047, 0.09655849223817077, 0.5089785389532795, 0.6586357764745484, 0.4780185849760856, 0.7178726610029607, 0.12185907365047682], [0.25594352066157666, -0.16278075064931213, -0.6642942894445804, 0.6765898854956127, -0.44677430129749685, 0.35041485967760977, 0.018201499849556192, -0.00836773793291564, 0.37808205338008527, -0.4838153028834558, 0.1434528924911376, -0.04678106405939511]], "inverted": false, "swapped": false, "error_lsq": 0.04280847898223123, "error_max": 0.2596238260996533, "target": "559.xyz", "model": "17.xyz", "model_rescale": 3.901054581598922, "target_rescale": 3.945603614328587},
{"mapping": [8, 5, 10, 0, 9, 2, 12, 4, 1, 6, 7, 14], "R": [[0.7346365700810811, 0.6664843525707211, -0.12691618367210547], [0.6404751112381055, -0.7429784327291997, -0.19435709501790338], [-0.22383194987320562, 0.06149517279956773, -0.9726857673155858]], "T": [-0.0652591413570093, 0.08640333008371645, -0.015680820422552907], "aligned_model": [[-0.6460558907405302, -0.27332667143013784, -0.45050174341741, 0.0913019097794529, 0.08177535986119513, -0.1039442769872459, 0.6651198282699612, -0.7805716051366972, -0.25770487820495824, 0.019059186231173586, 0.35328619241515513, -0.021936781189029683], [-0.0861285303820718, -0.4971146898937576, 0.08166244128943595, 0.2879231022102725, -0.325126877505297, -0.47808953200238513, 0.08388316016899221, 0.3886049920174016, 0.6620590637316415, 0.7802944274458532, 0.5764545582500123, 0.07553497559289908], [0.25510718737990146, -0.09505758204997188, -0.7395726698448493, 0.6987300817959057, -0.5088474910599259, 0.5873029031747095, -0.15175180758534595, -0.1659346210259297, 0.3267672254517888, -0.2897817323226089, 0.1403532180033515, -0.047443446628603184]], "inverted": false, "swapped": false, "error_lsq": 0.04861061236149325, "error_max": 0.2972020500455071, "target": "559.xyz", "model": "18.xyz", "model_rescale": 3.9405287249114394, "target_rescale": 3.945603614328587},
{"mapping": [12, 13, 14, 0, 11, 7, 5, 3, 1, 2, 6, 15], "R": [[0.3250238876855247, 0.5349744279156589, -0.779847314485407], [0.30483169360515017, -0.8398712858783701, -0.44910339759439527], [-0.8952302000086925, -0.0917528453691065, -0.436055391388605]], "T": [-0.14325316293066392, 0.026373002523181782, 0.07940265230058291], "aligned_model": [[-0.678371633618069, -0.315909817407418, -0.6288138791015754, -0.04827179952373656, 0.08274223017943177, 0.15492652487149783, 0.6500995243411432, -0.7302341043207814, -0.28531990443427957, 0.27598118800411764, 0.328733662995843, -0.12906136253524464], [0.02536853833086064, -0.5751705501763538, -0.13614334297066355, 0.31200974664734926, -0.24380586999156037, -0.508442222956785, 0.1750383260564546, 0.5634665009781531, 0.6483548408672075, 0.6678733573122008, 0.5699619259497465, 0.05144584087638645], [0.1968176240471707, -0.1648613017378363, -0.5015949298244224, 0.6975162737064351, -0.54920108698156, 0.426803137790112, -0.11997833459690793, -0.22459166217937, 0.2481481935992194, -0.33053043591614295, 0.279460079235925, 0.05188370814579952]], "inverted": false, "swapped": false, "error_lsq": 0.03978584470665381, "error_max": 0.2706304486161921, "target": "559.xyz", "model": "19.xyz", "model_rescale": 4.410303926677745, "target_rescale": 3.945603614328587},
{"mapping": [2, 0, 1, 11, 3, 6, 10, 7, 12, 8, 9, 13], "R": [[-0.7216475130470624, -0.06653817694701458, 0.6890555405201804], [0.6859907066413455, -0.20239788749524862, 0.6988933005396235], [0.09296029966979263, 0.9770403093762451, 0.19170450317943472]], "T": [-0.12471709697838487, 0.05457398848638395, 0.0005132757254540116], "aligned_model": [[-0.7545667073436815, -0.41199387542246413, -0.5469349860249676, 0.2449182867880579, 0.18859629753667026, 0.03129823809197799, 0.6780765299401237, -0.6312236363574745, -0.32422368190492656, 0.05717147760547611, 0.2280313750896988, -0.08264868854756183], [-0.11211429662709801, -0.5593509540645273, 0.10795771844818719, 0.20390384290583274, -0.5616532765773529, -0.3575260499184488, 0.21530339511994417, 0.5215910711230052, 0.6753483505487197, 0.6816948417522953, 0.6242702972163047, 0.11053215099613413], [0.11931231479018159, -0.23127885098163486, -0.6175499271242284, 0.7272894463175978, -0.21871576047168753, 0.37779115308928307, -0.06893068318734125, -0.17892845591329004, 0.38197264612500037, -0.4053112716372793, 0.15821983253825606, -0.03399917825643542]], "inverted": false, "swapped": false, "error_lsq": 0.04925257643463937, "error_max": 0.3367809647688586, "target": "559.xyz", "model": "20.xyz", "model_rescale": 4.121658175737393, "target_rescale": 3.945603614328587},
{"mapping": [1, 2, 6, 0, 4, 3, 11, 8, 5, 9, 7, 12], "R": [[-0.787712169089054, 0.21140640791650225, 0.5786336227362348], [0.5698799652890374, 0.6068068351801632, 0.5540959212454102], [-0.23397940898972985, 0.7662198088476151, -0.5984654047631668]], "T": [-0.14824210185183584, 0.14913195305422292, -0.1263949793565434], "aligned_model": [[-0.6538436557435164, -0.32046615121540556, -0.6514714829107907, -0.2309777790377055, 0.1758921384684103, 0.1646243270926293, 0.720286471326461, -0.5458625977579038, -0.3592289582902135, 0.1358225989376966, 0.3596878374874126, -0.11796211890614564], [-0.15816458932926494, -0.5897398001889139, 0.04842671947625504, 0.02723968719124112, -0.30594202825435013, -0.15001411645863025, 0.156919741588371, 0.6701377745584148, 0.5939529265943597, 0.6504933956119536, 0.43595496174778714, 0.17069241838577315], [0.2373504944777214, -0.15127555992343558, -0.5254477428366846, 0.8561836758879517, -0.2566879865169387, 0.4169897183324224, -0.2684036800181503, -0.28181048006559556, 0.34426665908003085, -0.5629803946677129, 0.22935464903958394, -0.027668087500770322]], "inverted": true, "swapped": false, "error_lsq": 0.053982783204236266, "error_max": 0.3481789961627329, "target": "559.xyz", "model": "21.xyz", "model_rescale": 4.08911054899281, "target_rescale": 3.945603614328587},
{"mapping": [6, 0, 1, 10, 4, 7, 3, 8, 5, 15, 9, 16], "R": [[-0.8506256309517392, 0.14263016809582738, -0.5060559960290083], [0.2535793796965188, -0.7318639264315814, -0.6325129970054985], [-0.4605795633337245, -0.6663571327277175, 0.5863741446399311]], "T": [-0.02851767190288315, 0.18382948090532417, -0.047746454445600675], "aligned_model": [[-0.6072270411839795, -0.3430748679443847, -0.5280563640763593, -0.11237314101171789, 0.1995601619897901, -0.022757998243180505, 0.7616620157404869, -0.7027815918577797, -0.3160453295236991, 0.1471508941967344, 0.2222085390026803, -0.0217646476376623], [-0.14042592695072068, -0.5133018134624245, 0.16891436661783893, 0.2554994514015059, -0.3601625699089992, -0.30553036749520956, -0.07488948577339158, 0.3436779374734713, 0.6698956182299308, 0.662945305947109, 0.706578481945425, 0.13675609289846047], [0.29213297260722104, -0.17079574136320125, -0.6643800698554675, 0.7516077128948532, -0.4196944833493868, 0.4682864446433761, -0.29866353399779333, -0.07180170833973183, 0.37509702746891466, -0.568414870016593, 0.3662794633893024, -0.04978194879307132]], "inverted": true, "swapped": false, "error_lsq": 0.0469596117306304, "error_max": 0.2349120002902057, "target": "559.xyz", "model": "22.xyz", "model_rescale": 4.204369325754507, "target_rescale": 3.945603614328587},
{"mapping": [12, 13, 14, 0, 11, 7, 5, 3, 1, 2, 6, 15], "R": [[0.3250238876855247, 0.5349744279156589, -0.779847314485407], [0.30483169360515017, -0.8398712858783701, -0.44910339759439527], [-0.8952302000086925, -0.0917528453691065, -0.436055391388605]], "T": [-0.14325316293066392, 0.026373002523181782, 0.07940265230058291], "aligned_model": [[-0.678371633618069, -0.315909817407418, -0.6288138791015754, -0.04827179952373656, 0.08274223017943177, 0.15492652487149783, 0.6500995243411432, -0.7302341043207814, -0.28531990443427957, 0.27598118800411764, 0.328733662995843, -0.12906136253524464], [0.02536853833086064, -0.5751705501763538, -0.13614334297066355, 0.31200974664734926, -0.24380586999156037, -0.508442222956785, 0.1750383260564546, 0.5634665009781531, 0.6483548408672075, 0.6678733573122008, 0.5699619259497465, 0.05144584087638645], [0.1968176240471707, -0.1648613017378363, -0.5015949298244224, 0.6975162737064351, -0.54920108698156, 0.426803137790112, -0.11997833459690793, -0.22459166217937, 0.2481481935992194, -0.33053043591614295, 0.279460079235925, 0.05188370814579952]], "inverted": false, "swapped": false, "error_lsq": 0.03978584470665381, "error_max": 0.2706304486161921, "target": "559.xyz", "model": "23.xyz", "model_rescale": 4.410303926677745, "target_rescale": 3.945603614328587},
{"mapping": [5, 8, 3, 6, 10, 15, 11, 0, 12, 7, 13, 16], "R": [[0.8082953754215431, 0.4472117847078372, 0.38296240767283907], [-0.08025441741947394, 0.7280516564372195, -0.6808083533885889], [-0.583281934022311, 0.5195598186710093, 0.6243715082110494]], "T": [-0.018594061608218776, 0.07948727469759442, -0.03605231639013025], "aligned_model": [[-0.5178516994101531, -0.20015789785915275, -0.6126864953685622, -0.018993489149684267, 0.05319893880807744, 0.04904899044849381, 0.5575213879201897, -0.5406380461114983, -0.4213866758798436, 0.15165425435517554, 0.26322181207820294, -0.08643045038031646], [0.019380685761133665, -0.7187481983704995, 0.033180612551097166, 0.26267901539674776, -0.36700129603382503, -0.36383813290208666, 0.07398959661824957, 0.5877068302661835, 0.6685400816688826, 0.6811416183991612, 0.581200591401287, 0.09172568616666521], [0.3417453046860066, -0.1106269109653202, -0.7099668939321384, 0.7017408228820173, -0.5043232503301461, 0.519106391836426, -0.2983160213917533, -0.23497132671285642, 0.3340162384360992, -0.26179211859382434, 0.3677424148901033, -0.1344833855161912]], "inverted": false, "swapped": false, "error_lsq": 0.045532629210498006, "error_max": 0.2375846733884273, "target": "559.xyz", "model": "24.xyz", "model_rescale": 4.28219845311461, "target_rescale": 3.945603614328587},
{"mapping": [1, 5, 9, 0, 11, 8, 14, 7, 4, 13, 2, 15], "R": [[-0.21160926343344932, 0.879442733824738, 0.42638245455462187], [0.8735835010338352, 0.36582035491153386, -0.3209787137083498], [-0.43826177833644175, 0.30455860824358677, -0.8456776382251746]], "T": [-0.0882442232639333, 0.12576985690065637, -0.04408296103509182], "aligned_model": [[-0.47110552735486755, -0.4168582972568937, -0.4870384289284261, -0.018455698649773616, 0.1184296755692433, 0.011077533090062208, 0.6619861712742544, -0.577746938463936, -0.45380860985981497, 0.04187868350896071, 0.3518471970149257, -0.08370513049280581], [-0.1656930622428648, -0.657079875527206, 0.0052116591414848035, 0.33035768952801503, -0.2180671801944388, -0.47611288743208746, 0.117271380153194, 0.6377548380000364, 0.6288404794781349, 0.6203362942400225, 0.5773621683218989, 0.14977558745680652], [0.37822496860961385, -0.1107145430778066, -0.5763447259218403, 0.7425729692221109, -0.41223926304736835, 0.2873056442579486, -0.175333697789889, -0.36626998232973906, 0.3405352925332962, -0.3463883118435488, 0.22268276099469878, 0.02584015368094643]], "inverted": false, "swapped": false, "error_lsq": 0.04524685281435958, "error_max": 0.2500349087649712, "target": "559.xyz", "model": "25.xyz", "model_rescale": 4.100010024507729, "target_rescale": 3.945603614328587},
{"mapping": [9, 4, 0, 7, 6, 5, 2, 10, 8, 1, 3, 11], "R": [[0.6226080243313141, -0.25431213008308023, 0.7400571522057364], [0.2841173214900488, -0.8077198438581454, -0.516590748530298], [0.729134141065674, 0.5318966011645306, -0.4306383749760838]], "T": [-0.06296539977168167, 0.15820000165040726, -0.036819353005159504], "aligned_model": [[-0.6622723205355134, -0.4587856584314516, -0.42846445804705624, 0.012529260633080408, 0.18168212953561316, 0.03470015076845166, 0.6762881258227283, -0.6962890883967092, -0.2872542610993002, 0.12414714455144735, 0.32394708763930224, -0.14372748298966398], [-0.018818176366869444, -0.6143345661460577, 0.21814064256160126, 0.17820461222925596, -0.33375405048935186, -0.5053785273085344, 0.17293446145572816, 0.2730338414976929, 0.713828990617406, 0.633078844264378, 0.7580530639919331, 0.07496795461581432], [0.5005880171665977, -0.14797799921087654, -0.6976196510535349, 0.6358296033616144, -0.38121873617836416, 0.301279961492681, -0.06913663901679606, -0.06358980662121896, 0.09670503524914134, -0.5253124792134435, 0.3485981571532196, 0.01172580215940263]], "inverted": false, "swapped": false, "error_lsq": 0.055609183658776075, "error_max": 0.313936719578491, "target": "559.xyz", "model": "26.xyz", "model_rescale": 3.6694154284099745, "target_rescale": 3.945603614328587},
{"mapping": [9, 12, 11, 7, 6, 3, 1, 10, 8, 0, 5, 13], "R": [[-0.07068342842795608, -0.38589023822270196, -0.9198329071032937], [-0.8485304279369392, 0.5080472488505221, -0.1479327745990416], [0.5244043914869757, 0.7700498146093162, -0.3633501303279425]], "T": [-0.1562504220177911, 0.24179789891622716, -0.031066253064518427], "aligned_model": [[-0.6619345685045104, -0.3355041880522386, -0.7523733365238292, 0.05252345705682998, 0.2478081293913562, -0.020914264020884393, 0.7183331099837653, -0.6925549900151253, -0.4339487499456748, 0.2740084637550881, 0.43662200505270127, -0.15556443872654974], [-0.06181857893975462, -0.4860980142969167, -0.1379492595499488, 0.13066780921739876, -0.23667501452560247, -0.4367500975646331, 0.12125541198397084, 0.46916178199092573, 0.6841241478044044, 0.5855457802278314, 0.6797628619384503, 0.23873026263687083], [0.3109339133633349, -0.2913899750867734, -0.517486889636286, 0.5521936335195922, -0.3121192550766307, 0.38617224125736155, -0.0458921793970769, -0.1813120347391602, 0.33715694099123505, -0.39664528479419153, 0.256453269934593, -0.08819311504757561]], "inverted": false, "swapped": false, "error_lsq": 0.047246998951682655, "error_max": 0.294673283100286, "target": "559.xyz", "model": "27.xyz", "model_rescale": 4.103607728864725, "target_rescale": 3.945603614328587},
{"mapping": [2, 4, 12, 5, 13, 8, 11, 3, 0, 10, 6, 14], "R": [[0.020431541861590657, -0.19335737602414857, -0.9809156320674141], [0.9738214326257172, 0.2260152051749628, -0.024268176456329338], [0.22639427876153173, -0.954740829841678, 0.192913396054474]], "T": [-0.016670207050842267, 0.24115703574886754, -0.0012540503024908983], "aligned_model": [[-0.6815545297838446, -0.3697025474740731, -0.5246095893634553, 0.10887808607190838, 0.08442416409540786, 0.2114827714843183, 0.6291931151334207, -0.6814703143275731, -0.5548684146259484, 0.097169939207641, 0.4942400144917903, -0.13668206545866335], [-0.06942145601137989, -0.593245744784501, 0.04985531488077419, 0.49622021265463967, -0.2764788512025583, -0.4849088746437112, 0.033723872785088815, 0.5352380941435174, 0.4785767419668893, 0.6294366510178211, 0.5429197234602808, 0.20804140665613563], [-0.05407965083753652, 0.026122099682430344, -0.6666072291582947, 0.6727791923959442, -0.3776920260916719, 0.3037942884209813, -0.11031039087577926, -0.18857196462234047, 0.4033028844346834, -0.31118087678286005, 0.22050547864792833, 0.09180946007493769]], "inverted": true, "swapped": false, "error_lsq": 0.05065376984606915, "error_max": 0.3003638141174955, "target": "559.xyz", "model": "28.xyz", "model_rescale": 4.137296879288765, "target_rescale": 3.945603614328587},
{"mapping": [5, 1, 2, 7, 9, 4, 6, 0, 8, 3, 11], "R": [[0.8430450652426407, -0.5347098820078073, -0.057968612655714125], [0.5277384912786769, 0.8431818306815204, -0.10264738297426447], [0.10376465097969217, 0.055944101492080525, 0.9930272678609113]], "T": [0.18934023087875074, -0.0004028355670981981, 0.017483429502755093], "aligned_model": [[0.5108877096358103, 0.25390252004036, -0.3195327708214859, -0.6806659452765436, 0.021896842093887675, 0.4307996976451577, 0.7612799262109534, -0.30131581861938855, -0.45593936339030994, 0.04734675658774551, -0.04724054339628825], [-0.31833989368919496, -0.716699027172091, -0.20621801061007566, 0.08256973963569823, 0.687690604711179, -0.1684809813477941, 0.4498779243277774, -0.4198476149880528, 0.31515169257749703, 0.11454529279026329, 0.09889809041274554], [0.44908208643622693, -0.16790589143687681, -0.7292349735644293, -0.23116306803651163, -0.35538973502963256, -0.3746413740997787, -0.024285300852093187, 0.1430710048117125, 0.34623450177950293, 0.7168143209665866, 0.033172450808291884]], "inverted": false, "swapped": true, "error_lsq": 0.047421282624590715, "error_max": 0.2443248742146506, "target": "559.xyz", "model": "29.xyz", "model_rescale": 3.607286011436655, "target_rescale": 3.945603614328587},
