[{"mapping": [12, 2, 5, 11, 14, 9, 1, 0, 6, 3, 8, 15], "R": [[-0.11342394790392257, 0.6653138557318745, -0.7378973379902352], [0.9539716383467922, 0.2804525276211955, 0.10622849420386263], [0.27762046263167595, -0.69188427726179, -0.6665005818497874]], "T": [-0.03744025197117931, -0.02154146544751006, 0.03675150458797614], "aligned_model": [[-0.2088032389331576, 0.37953433453723195, 0.4358982281119632, -0.33054021249099697, -0.10146225944196888, -0.7449369501867561, 0.4769939834148834, -0.2584283549536419, 0.5832305626468653, 0.3190895409402109, -0.6348880732224568, -0.07804509796162756], [-0.36995729486565937, -0.684555077010389, -0.2220378880339866, 0.6784048196831917, 0.24400919143715494, -0.3315298497183461, -0.22364247930730632, -0.5407911554021761, 0.021363740723676986, 0.32781869290249915, 0.18737022036802992, -0.03289788479963187], [-0.5730174269545545, -0.01607476260967982, -0.5091258582397049, 0.01327801424442352, -0.6966812610873138, 0.05117842968964368, 0.5174463063214441, 0.5335420255266392, 0.045788795973134545, 0.47645611968918855, 0.34852712190027996, -0.009365759099937962]], "inverted": false, "swapped": true, "error_lsq": 0.04583477201357933, "error_max": 0.26658605846704503, "target": "560.xyz", "model": "0.xyz", "model_rescale": 3.751011558992144, "target_rescale": 4.187875632508239},
{"mapping": [13, 6, 11, 14, 1, 8, 2, 5, 3, 9, 0, 7, 12, 10, 15], "R": [[0.8484835059546197, -0.48118836033132717, -0.22030320470797882], [-0.19823488848608786, 0.0969937985867615, -0.9753435969045058], [0.4906920308196018, 0.8712347358303384, -0.013090682670332492]], "T": [-0.033186235559829844, -0.013980583773633634, -0.0001469315330134436], "aligned_model": [[-0.07218230719518962, 0.08995241734724119, -0.5465078663821817, 0.30230572319246624, -0.11487847784906695, -0.5438648250618221, 0.5421094599329044, 0.607968681858555, -0.48467989947120843, -0.021255705825711277, -0.10656780983807204, 0.40628571919987494, 0.5863409566823812, -0.10282963658985038, -0.003110218911285899], [0.22632519517224975, -0.508066658141185, 0.4207091045569724, 0.4953727253232355, -0.7364165838836373, 0.35886786233817025, -0.4985155413722112, -0.16088516923754975, -0.44096965064144655, 0.46684699416982356, -0.23584303254017913, 0.024364418375791355, 0.3536626987008157, 0.7431977503406471, 0.04010723666560884], [-0.7521972080058645, -0.35773693803080914, -0.3521826852041687, -0.49059972508524546, 0.08911391121896549, 0.31287613725733326, 0.2245889290456367, -0.3601047652927429, -0.23750735418245386, 0.6044314465834778, 0.7144501593203365, 0.5173024110450057, 0.05986546958610579, -0.13111574449273386, 0.00848236108913341]], "inverted": true, "swapped": true, "error_lsq": 0.039884984081407525, "error_max": 0.2762804041775483, "target": "560.xyz", "model": "1.xyz", "model_rescale": 3.9405287249114394, "target_rescale": 4.187875632508239},
{"mapping": [2, 1, 6, 8, 4, 5, 7, 0, 11, 14, 10, 12, 15], "R": [[-0.27482730001991407, 0.9378695014749259, 0.2118271780648997], [0.7700662973729677, 0.08278306707198968, 0.6325700447037016], [0.5757324489848151, 0.3369684881547962, -0.7449727412305893]], "T": [-0.013716089928650636, -0.09065173152753579, -0.058126387940573315], "aligned_model": [[-0.25200536119722905, 0.15084492536058902, -0.316505530245405, 0.549553346982904, 0.6361437057447883, -0.7180915365158992, 0.014215742641453682, 0.5390562979633213, 0.09581232341135754, -0.6234102941763724, -0.098093157220657, -0.44838675929085575, -0.03315042417406395], [0.650440179214331, 0.4602428819759844, 0.18608467620400143, -0.4785097297159582, 0.07710955256037473, 0.16626797052130582, 0.31710269594565865, 0.3591641978922137, -0.8206230726888956, -0.5361217045735429, -0.7581916978720102, -0.0503620526716199, -0.11377130321982583], [0.04309847288328553, -0.5119872606909792, -0.5259835295332933, 0.11532603153308948, -0.3708768890287002, -0.049310244268487485, 0.48530336828359877, 0.18138378031281588, -0.23568978909126959, 0.14771109892636922, 0.3194884512477222, 0.518081182591164, -0.0034243235766712454]], "inverted": true, "swapped": true, "error_lsq": 0.047491315904921366, "error_max": 0.32590470527019083, "target": "560.xyz", "model": "2.xyz", "model_rescale": 3.932901565614263, "target_rescale": 4.187875632508239},
{"mapping": [0, 8, 4, 7, 1, 6, 3, 2, 12, 5, 11, 10, 13, 15], "R": [[-0.9183367922621837, 0.1248881387974464, -0.37558020283997], [0.394605058731079, 0.362567276379724, -0.8442936797835401], [0.030730824939218693, -0.9235517976195482, -0.38224036091477376]], "T": [0.06332692452080696, -0.06804743469454888, 0.025543502018987255], "aligned_model": [[-0.24625149491141995, 0.5531965500454719, 0.15968496540931662, -0.42198975821053136, -0.30985136221634624, -0.18628733180640633, 0.2455504235233089, -0.7191959705529547, -0.21953587489574922, -0.38280506246094836, 0.8139132456578073, 0.5845213695526235, 0.48087927115529605, 0.06798094176323559], [0.10538391165410632, 0.20900351383383764, -0.3733275819947755, 0.3834553559352962, -0.6136784902306515, -0.5971401523572136, -0.6812151200583149, -0.1299427989653708, 0.4646838185996328, -0.14800916187397092, -0.08985496037647328, 0.4305699520717665, -0.28550438122722466, -0.010927266660155477], [-0.6372834544318269, -0.39997095019915213, -0.6421342930460447, -0.12602400063475322, -0.2900188726337269, 0.2374595434725484, -0.15701100505770574, 0.03404949900413787, 0.4239943293917344, 0.6228730591508043, 0.1374720507433993, 0.29951268825987015, 0.6605314495938891, 0.0504463194439235]], "inverted": true, "swapped": true, "error_lsq": 0.043838055582986604, "error_max": 0.2517951806986566, "target": "560.xyz", "model": "3.xyz", "model_rescale": 3.9243930471874484, "target_rescale": 4.187875632508239},
{"mapping": [4, 8, 0, 1, 7, 3, 6, 9, 12, 14, 5, 13, 15], "R": [[-0.935234387330231, -0.3234619632907204, -0.14390621619360414], [-0.18976516261980003, 0.1148627992080416, 0.9750875449999217], [-0.29887426087056834, 0.9392437892593202, -0.16880545170955147]], "T": [-0.03414238956776136, -0.06163962666120916, -0.10354759580336903], "aligned_model": [[-0.012594650630340612, -0.22219188200857332, 0.5146595430049011, 0.19495761399763564, 0.603281535080257, -0.3575037391383059, -0.07825040851834901, 0.27822992424256376, 0.27751633037532586, -0.3430827472968594, 0.13180880269212192, -0.6841668548313784, -0.02545758065764627], [-0.6295744885244108, 0.05644197929193402, -0.28930711212836807, -0.7481826769523858, 0.1654196265703241, -0.6429227910824412, -0.4564389038060086, 0.38085936280736205, 0.5375054926248025, 0.5397241493345168, 0.08012031770179968, 0.13400568551977804, 0.00017891232468453255], [-0.5781634046735894, -0.7732386812053901, -0.5642435462282498, 0.009265183690800843, -0.1705893451304542, -0.11086076074356199, 0.3753498910359313, -0.6544293384857278, 0.15427207311926083, 0.29073283087915214, 0.6138048610871181, 0.3014688059892283, -0.10629825396355451]], "inverted": false, "swapped": true, "error_lsq": 0.05113666151301788, "error_max": 0.2780135054308864, "target": "560.xyz", "model": "4.xyz", "model_rescale": 3.8936222436046832, "target_rescale": 4.187875632508239},
{"mapping": [4, 1, 11, 8, 13, 5, 2, 12, 9, 0, 10, 15], "R": [[-0.16520451463448163, -0.8753893025921394, 0.4543138092240132], [0.22155505003851453, 0.4159300439452124, 0.8819952144689704], [-0.9610519383190571, 0.24636511005209616, 0.1252333997071144]], "T": [-0.16515353627887092, -0.05438504175296621, -0.04538144245703694], "aligned_model": [[0.033771692796663894, -0.4323276057942686, -0.15608865659078883, 0.37789302283930587, -0.6780833852166115, -0.659788369087851, -0.31828490048365543, -0.044193398867835215, 0.5845259469082194, 0.3454241190153731, 0.11117565142342228, -0.13647607472687692], [-0.6394977924352765, -0.7363292153234101, 0.376905288964939, 0.018408406290119056, 0.49074483379613887, 0.11650442858532972, -0.4574380953399257, 0.3635248132943339, 0.08560015972278756, -0.5895734107069546, 0.6454920718783234, -0.005418583616597368], [-0.4532371775260061, -0.034198622334902264, -0.6701132827368305, -0.4898964317324992, -0.29951441590439093, 0.49161334200983936, 0.6106250290876879, 0.5319373703111209, 0.07805813139513265, 0.08930586772070095, -0.21607493608262804, -0.019220154931706486]], "inverted": false, "swapped": true, "error_lsq": 0.04447274151471392, "error_max": 0.2610415225697006, "target": "560.xyz", "model": "5.xyz", "model_rescale": 3.6523030999806103, "target_rescale": 4.187875632508239},
{"mapping": [4, 8, 9, 0, 7, 3, 10, 1, 13, 5, 12, 2, 15], "R": [[0.7823186027044153, 0.5316740502993702, 0.3245000895236759], [0.3579832835888767, 0.042550618338167256, -0.9327579608612115], [-0.5097308824600849, 0.8458795121749327, -0.1570422820426423]], "T": [-0.03798669845086336, -0.07573428006102895, 0.011574292438491], "aligned_model": [[0.21260324521626248, -0.10258194800512882, 0.27363803671944964, 0.6328011481085235, 0.5299012163908137, -0.21061310913609382, -0.4898296639079418, 0.31319230179685176, -0.7858987727680377, -0.06394923402168455, 0.06662592919268526, 0.5485055019078088, -0.04331174682921375], [-0.5805514330412636, 0.059361677701651905, 0.47139174377210963, -0.1378702105071279, 0.28777868863068423, -0.7097158956938412, 0.4990088287838293, -0.7045406199085491, -0.06140227160612716, 0.032836504608764014, 0.550458202120788, -0.15242680639768283, -0.013501504300052064], [0.4918229786337368, 0.701044061949717, 0.45923002066191865, 0.34539998786670423, -0.07629719391680723, 0.11537022391285337, 0.2582124004621391, -0.12195769439072715, -0.2439042819369341, -0.7298895023000096, -0.3341368395209445, -0.5045561414056056, 0.009771719465748226]], "inverted": true, "swapped": true, "error_lsq": 0.041481198629545434, "error_max": 0.2275795269979781, "target": "560.xyz", "model": "6.xyz", "model_rescale": 4.08911054899281, "target_rescale": 4.187875632508239},
{"mapping": [4, 0, 1, 8, 11, 13, 3, 6, 10, 9, 14, 12, 5, 2, 15], "R": [[0.522406275499442, -0.16492330353077245, 0.8365954740920477], [-0.2513958031335345, -0.9672972599267786, -0.03370698896358748], [0.8147955777283321, -0.19270784854448184, -0.5467831852057182]], "T": [0.025469973148307727, -0.0686404570220774, -0.041597416918396905], "aligned_model": [[0.21902745300197962, 0.2808780225341489, 0.6827668974097663, -0.46426995472826865, -0.5906559303889092, -0.2890195298034257, 0.24804458141911398, 0.4929903156318924, -0.719769017224932, -0.3588325668599362, -0.3874227161381222, -0.10277488561965253, 0.34320183110056174, 0.6962469430803, -0.014077903614962452], [-0.5280673916166593, -0.7752808777665737, -0.16801449014619801, -0.5076149867700288, 0.13323232800361645, 0.6447919042197608, 0.048117543799939266, 0.3141227728455742, 0.0313406655109061, -0.6547028018348141, 0.4863954012799118, 0.03013565643496839, 0.44701482608125026, -0.13094428765363822, -0.06976744621890241], [-0.5890797199786363, -0.015466057380990376, -0.34923429645505255, -0.29703467421393703, -0.43659063626565997, -0.17181952643416448, -0.6574986062452487, -0.19016332382881274, 0.13144791035657724, 0.28351025489585663, 0.3244550570677316, 0.662940409584974, 0.40041652278818485, 0.3614186605711238, 0.006768057620134216]], "inverted": true, "swapped": true, "error_lsq": 0.049434593952174435, "error_max": 0.27323159825578247, "target": "560.xyz", "model": "7.xyz", "model_rescale": 3.964800864290218, "target_rescale": 4.187875632508239},
{"mapping": [4, 8, 0, 3, 2, 11, 6, 9, 10, 14, 13, 5, 12, 15], "R": [[0.6356321182508661, 0.4620738950589048, -0.6184331214876913], [0.7700541632768474, -0.4362274238699163, 0.4655343384583046], [-0.05466622236730717, -0.7721355775826606, -0.6331020881052118]], "T": [-0.003772860370481631, 0.028931408687779582, -0.0021149545478296866], "aligned_model": [[-0.20513582899692634, 0.1855840824891186, 0.36350366322458094, -0.6027967984251621, 0.16642441134555885, -0.2638844136262843, -0.46425988262026363, 0.689475940125708, 0.2652751410539751, 0.059774513869562174, -0.43941652009370047, -0.04996639055450357, 0.5122826948249863, 0.044327276844223246], [-0.15178136849913754, -0.6041366620679743, 0.11117610529156857, -0.03544008550856386, 0.7791834498192686, -0.6407692904180454, 0.4462423689163015, -0.27907157947446765, -0.514385368683795, -0.042364239178042905, -0.15046154720407176, 0.6150036707296156, 0.2611175271365591, 0.01663548532198718], [-0.6913684096931484, -0.24942203717813194, -0.6529609954582654, -0.28413054700590623, -0.158320693546118, 0.2432956139978626, 0.02883749743060153, -0.14837763752061084, 0.4751083844489722, 0.7746850534343793, 0.632613293177143, 0.4633049514289147, 0.4477219978202188, 0.03582856738910957]], "inverted": true, "swapped": true, "error_lsq": 0.031085830267302734, "error_max": 0.17211052359831552, "target": "560.xyz", "model": "8.xyz", "model_rescale": 4.121658175737393, "target_rescale": 4.187875632508239},
{"mapping": [2, 6, 3, 4, 5, 7, 13, 10, 11, 14, 0, 8, 15], "R": [[-0.9744462261419374, 0.19417443389274072, -0.11291962442449917], [0.14910532303819454, 0.9351480130562152, 0.3213499592635551], [0.1679945088370806, 0.29630133799806996, -0.9402038938980958]], "T": [-0.06450492747883396, 0.025821227888376375, -0.0465568961433033], "aligned_model": [[-0.8047957047099169, -0.223962274276263, 0.2751837429691401, 0.20584641453556352, -0.5752044439931353, -0.6047552837636295, 0.2790802258499106, 0.2820404999922086, 0.6433848452971097, -0.04999272893956759, -0.2900134085417271, 0.4165891585182352, -0.07666354650273116], [0.11983932964716956, -0.21407859145035063, 0.10179644437415204, 0.6292075529376348, -0.507993125964858, 0.30014543015926576, -0.6840090824005376, -0.25347862746523186, -0.19254980310332198, -0.6683600742349635, 0.7422079623206727, 0.4097163615749532, 0.007943663017125773], [-0.2902280497619103, -0.5980786279947053, -0.6134303702680983, -0.37988792232746693, -0.17484745268356744, 0.262045671777269, -0.10075424246096754, 0.5836969578120295, 0.11954414568588681, 0.3146096948565744, -0.01202031306897633, 0.2983561855005612, 0.012069756892460384]], "inverted": true, "swapped": true, "error_lsq": 0.042999042658587255, "error_max": 0.2629552973269128, "target": "560.xyz", "model": "9.xyz", "model_rescale": 3.833441315466971, "target_rescale": 4.187875632508239},
{"mapping": [14, 12, 6, 1, 2, 5, 7, 4, 11, 3, 10, 8, 9, 13, 15], "R": [[0.3507572563072951, -0.6105970892826729, 0.7100285499240904], [0.2767719037973515, -0.656736459253239, -0.7014945020140277], [0.894632136923422, 0.4425702403540559, -0.061358959710746896]], "T": [-0.06253872916245248, 0.07794490982155235, 0.0539322281718563], "aligned_model": [[0.028789475309724005, -0.007943267144591065, -0.653892398282787, -0.5873723573561701, -0.6277695358396992, -0.5949721992493842, -0.03119948316360796, -0.004289639464869405, 0.3878030644009054, -0.30443737628209605, 0.5412627105160636, 0.5813738326717892, 0.5503474420481705, -0.12584007334569935, -0.02801517652321687], [-0.6563264327274901, -0.5413796372228661, 0.11780040748801719, 0.582333902472067, 0.04220736954141595, -0.4449928079069414, -0.03270081779182127, 0.8160867657035971, 0.043780762518217595, 0.5365485956859821, -0.3571613277507047, 0.36099486141616954, 0.055820355577793315, -0.35173238831692244, 0.029821930608464477], [0.3089701570328137, -0.3148949052110736, 0.2433185180517623, -0.027898704634730216, -0.4896507303682963, -0.018738059795104393, -0.6162432227107548, 0.05923529773921775, 0.6641850230717002, 0.4706741937216831, 0.25747201886411886, 0.10917138776906589, -0.4158906722650777, 0.7143998947761228, 0.034011711780645236]], "inverted": false, "swapped": true, "error_lsq": 0.045647345433036376, "error_max": 0.28985999753788577, "target": "560.xyz", "model": "10.xyz", "model_rescale": 4.2482417240324, "target_rescale": 4.187875632508239},
{"mapping": [2, 5, 13, 14, 4, 8, 3, 10, 12, 9, 7, 15], "R": [[0.5261356274755266, 0.3321319442259313, 0.7828599319965462], [0.46319119089081606, -0.8839640629115489, 0.06372955485529999], [0.7131866671370698, 0.3290834348696542, -0.6189255776846748]], "T": [-0.09340530249281383, 0.09285368501191746, 0.07617509776021081], "aligned_model": [[-0.6847104780934816, -0.09594087271546677, 0.5159218635932493, 0.5574546677615793, -0.5179544108844929, 0.10826406878550345, -0.271153943007288, 0.6176405237475071, 0.11086025435392906, -0.017799941023087254, -0.3895397646943658, -0.056276365460579], [-0.3638351595880297, -0.6537634859509358, -0.2270576532805096, -0.3215436629600996, 0.6266386410367015, 0.7631704964035105, 0.22459317323544345, 0.2591722428857962, -0.28468774933956986, 0.5272240168251455, 0.029900211263225507, 0.0863203195199614], [-0.16473766226586042, 0.006989851123595098, 0.46505081009275684, -0.05495738369568581, 0.364456477123971, -0.012124756105312634, 0.7035157468934764, -0.17297151213074574, -0.5054734739719811, -0.558221274151052, -0.5326771016972192, 0.026342568638414]], "inverted": false, "swapped": true, "error_lsq": 0.04303813473628024, "error_max": 0.29089896746467875, "target": "560.xyz", "model": "11.xyz", "model_rescale": 3.6694154284099745, "target_rescale": 4.187875632508239},
{"mapping": [10, 14, 5, 13, 11, 9, 8, 0, 6, 1, 2, 3, 12, 15], "R": [[-0.9086262575911898, -0.23735646140046895, 0.3435989438972078], [0.3503611972110706, -0.8810106447882547, 0.31791079764394453], [0.22725614514167514, 0.4092458356553325, 0.8836698990540045]], "T": [0.05190335332182024, 0.019828081708461995, 0.04901393438021035], "aligned_model": [[0.054179781111229695, 0.037797052795108914, -0.1550041165813049, 0.5318918727141835, 0.5818315584127661, -0.4397323905826576, 0.15386387291018877, -0.3244467832723328, 0.28466216785546045, 0.18169393764382988, -0.43088840378927884, 0.6145906252998535, -0.5067490420713298, 0.014574717810093084], [-0.2990371234922069, 0.2956304506161693, 0.7215431190061292, 0.3337846645862113, -0.3053991793233985, -0.5586093907287193, -0.6738317162703901, -0.35341655054931004, 0.5442376842611798, 0.24901029019794235, 0.48494370143169974, 0.06674028778260399, 0.21630395045304818, 0.00908710016529491], [-0.6535825797842415, -0.683293143401316, -0.1153500908008461, -0.4949432924859502, -0.3866312421163271, -0.09436283616736207, -0.029930123356046022, 0.5822172943177067, 0.28978912512500915, 0.7325231254575608, 0.45745615669885914, 0.40070760917727505, -0.3655723021095493, 6.775909764273474e-05]], "inverted": true, "swapped": true, "error_lsq": 0.04161198542944213, "error_max": 0.20975206324556994, "target": "560.xyz", "model": "12.xyz", "model_rescale": 3.9764082729961374, "target_rescale": 4.187875632508239},
{"mapping": [10, 8, 2, 3, 11, 0, 7, 1, 13, 12, 6, 6, 9, 4, 5, 15], "R": [[-0.31908696801053105, -0.8103298185775607, -0.4914764409103497], [0.00698609845055731, -0.5205822998988373, 0.8537829135444657], [-0.9476996893923129, 0.26899749841977155, 0.17177207156467406]], "T": [-0.02210083718899029, -0.02399029092555649, 0.06614688758567502], "aligned_model": [[-0.35839716071221245, -0.1842627861232647, -0.6069329158814797, 0.40115871849623436, 0.25745972832650105, -0.37505258838928324, -0.03330040648162476, -0.6121673791864938, 0.2774393449699248, -0.30874185241082175, 0.6359288004016397, 0.6359288004016397, -0.4613662546917106, 0.2745545628960072, -0.025611021053151894, 0.056100031799539485], [-0.7059860750388431, -0.22892447285799014, 0.23649465222887972, 0.027576274495035774, -0.6136998649409794, 0.6100885225296406, 0.5792979555001099, -0.23931224977386134, -0.4901326659180829, -0.4501152072549703, 0.03102406741022512, 0.03102406741022512, 0.1758971970827603, 0.623330146930773, 0.41488248341991585, 0.03499438364196967], [-0.1944935394296546, -0.5906318575348346, -0.4096456596743381, -0.659549801924124, -0.3862171331682064, 0.08798843410045555, -0.38877240228374166, -0.027557478981913255, 0.3258919774245975, 0.44491861174696457, 0.4503723710305896, 0.4503723710305896, 0.4247413823029087, 0.1601444732627968, 0.780431335394996, 0.021491462062321838]], "inverted": true, "swapped": false, "error_lsq": 0.04757425926973535, "error_max": 0.45325566725199284, "target": "560.xyz", "model": "13.xyz", "model_rescale": 4.170626492500431, "target_rescale": 4.187875632508239},
{"mapping": [0, 4, 9, 8, 12, 14, 10, 1, 2, 3, 6, 11, 5, 15], "R": [[-0.7609716321305426, 0.21341434335373133, -0.6126797639415504], [-0.34586241382391136, 0.6655309908130884, 0.6613982846751618], [0.5489092509663831, 0.715208234235488, -0.43263820437552647]], "T": [-0.01432851452311264, 0.02866267871299605, 0.10295385686951716], "aligned_model": [[0.23953308121116848, -0.0073889722101550155, -0.26833604199780836, -0.5581685003067676, 0.09368843863939379, -0.28830834854613224, -0.6629133901020903, 0.5072231347205847, 0.7515476467564822, -0.005456062224232967, 0.3770480543995563, -0.7266970089235723, 0.4273429493486325, -0.035931958673416156], [-0.42753724276435473, -0.7107723338823678, 0.04117891970747184, -0.29393086125343154, 0.663271177498043, 0.7411151939900945, 0.4160111168154608, -0.43908045426140996, 0.1272557663081502, -0.43752391011091735, 0.01277477751593237, 0.002720154894624547, 0.5848620523752185, 0.07573011109315157], [-0.43805698010846406, 0.06471535136782286, -0.6265501062686109, -0.21003736500965978, -0.22595555993618213, 0.27582969266684854, -0.05395665774619374, 0.3168583530364858, -0.03832097485799435, 0.5773982751189208, 0.5864067970453641, 0.36418461179215744, 0.34336767133166357, 0.06798999268870798]], "inverted": false, "swapped": true, "error_lsq": 0.04412590860908505, "error_max": 0.2953406097534783, "target": "560.xyz", "model": "14.xyz", "model_rescale": 3.9786697098870705, "target_rescale": 4.187875632508239},
{"mapping": [1, 5, 0, 4, 7, 9, 13, 10, 8, 3, 12, 15], "R": [[-0.2745461433545737, 0.9553016256461124, 0.10965044097961843], [0.5599125788111479, 0.25152829386187503, -0.7894500753537137], [-0.7817431286926544, -0.15534581238266193, -0.6039415197823303]], "T": [-0.030365218898969017, -0.0701975205562528, -0.005934365107993559], "aligned_model": [[0.06133267777559575, -0.7464118074582183, 0.5107877157783888, 0.5797448933971405, 0.01638387359921715, 0.40125227092966465, -0.5163000061236116, -0.04122823235107722, 0.5685533816111623, 0.11088481063790484, -0.4178998084103919, -0.043745172618438584], [-0.5620246932264661, -0.013582219366197433, 0.09975534702674498, -0.4447799138157523, 0.44893960916948455, 0.5695330004337835, -0.3057622445487479, 0.3444426266683989, 0.07281559346318044, -0.7200499480804188, 0.5383918457852517, -0.013004513284822335], [-0.5409599932069317, -0.22111386721941353, -0.4994182330942852, -0.19495330578970593, -0.4425931829913597, 0.030172635937804556, 0.5713210573143087, 0.6446635185155565, 0.33850109520366983, 0.009763202024153868, -0.050800147976970134, 0.015383715157002664]], "inverted": true, "swapped": true, "error_lsq": 0.045478432562064984, "error_max": 0.25914337028640305, "target": "560.xyz", "model": "15.xyz", "model_rescale": 3.769337070930944, "target_rescale": 4.187875632508239},
{"mapping": [9, 4, 12, 7, 10, 11, 14, 3, 5, 2, 15], "R": [[-0.6993897319289452, -0.6641810512994762, -0.2640407808787891], [0.658291430761995, -0.4546927016825447, -0.5999224443392279], [0.27839970376723455, -0.5933953809487826, 0.755232101284741]], "T": [-0.007908339101150502, -0.07851402232412247, 0.04224718545519457], "aligned_model": [[-0.4062018544189012, -0.3173395963881141, -0.07466072386426496, -0.5651800847875266, 0.3785863711545321, 0.5703063852035283, 0.5391452519608304, 0.16579254841034502, 0.13566742939542828, -0.4991139471530436, -0.004375648821642554], [0.09026966206374809, -0.751122164463019, 0.6319624686671894, 0.3031555609834053, 0.17753924404631, -0.3439515494134982, 0.4677370249156179, -0.6489502425836691, 0.4678072010993826, 0.23113544706896616, -0.02951815475909087], [-0.5978519131826333, 0.03106404883377356, -0.07327029478609515, -0.036087295982400125, -0.5745028665533904, -0.3719919308578814, -0.07974360302594191, 0.33709745645864514, 0.5353489467405903, 0.5705271549226156, 0.0036279046564947764]], "inverted": true, "swapped": true, "error_lsq": 0.040318863268873045, "error_max": 0.1946648092133381, "target": "560.xyz", "model": "16.xyz", "model_rescale": 3.7852294659196426, "target_rescale": 4.187875632508239},
{"mapping": [8, 14, 13, 11, 9, 12, 2, 5, 3, 4, 0, 6, 15], "R": [[0.6061643202611832, 0.13919306413791094, -0.7830645616666594], [-0.7127115734843488, -0.3419181185837423, -0.6124820105159151], [-0.35299720942772544, 0.9293639174618592, -0.10805405617645841]], "T": [0.004636990085330826, 0.09411362560206299, -0.011586557830316889], "aligned_model": [[-0.05808827684714233, -0.3276275586229975, 0.19350514609572841, 0.1881985416620829, -0.5780479256206398, -0.6466989106664633, -0.12997970794323246, -0.14184741565521625, 0.6668877838839327, 0.4449763676625566, -0.11062651018380118, 0.40636252605379763, -0.05324820960232276], [-0.12461566820866865, -0.47651265650678126, -0.5683340459469346, -0.594419853984897, 0.14521669747202925, 0.06224476082641922, 0.7553111309945852, 0.16324999813632807, 0.10571487129732998, 0.3996868012883931, 0.6852896526591759, 0.2515688937672911, 0.07065504190860367], [-0.679430150339795, 0.4085628280038886, 0.3761492819436369, -0.2735220421475536, -0.5162837716039361, 0.3003796794678048, 0.38958880643342053, 0.7205286710187627, -0.07319385633079745, -0.5224688781921544, -0.4615665956219813, 0.43672050406885005, -0.009709779556971665]], "inverted": false, "swapped": true, "error_lsq": 0.04448482316569717, "error_max": 0.22636749990028712, "target": "560.xyz", "model": "17.xyz", "model_rescale": 3.901054581598922, "target_rescale": 4.187875632508239},
{"mapping": [13, 6, 11, 14, 1, 8, 2, 5, 3, 9, 0, 7, 12, 10, 15], "R": [[0.8484835059546197, -0.48118836033132717, -0.22030320470797882], [-0.19823488848608786, 0.0969937985867615, -0.9753435969045058], [0.4906920308196018, 0.8712347358303384, -0.013090682670332492]], "T": [-0.033186235559829844, -0.013980583773633634, -0.0001469315330134436], "aligned_model": [[-0.07218230719518962, 0.08995241734724119, -0.5465078663821817, 0.30230572319246624, -0.11487847784906695, -0.5438648250618221, 0.5421094599329044, 0.607968681858555, -0.48467989947120843, -0.021255705825711277, -0.10656780983807204, 0.40628571919987494, 0.5863409566823812, -0.10282963658985038, -0.003110218911285899], [0.22632519517224975, -0.508066658141185, 0.4207091045569724, 0.4953727253232355, -0.7364165838836373, 0.35886786233817025, -0.4985155413722112, -0.16088516923754975, -0.44096965064144655, 0.46684699416982356, -0.23584303254017913, 0.024364418375791355, 0.3536626987008157, 0.7431977503406471, 0.04010723666560884], [-0.7521972080058645, -0.35773693803080914, -0.3521826852041687, -0.49059972508524546, 0.08911391121896549, 0.31287613725733326, 0.2245889290456367, -0.3601047652927429, -0.23750735418245386, 0.6044314465834778, 0.7144501593203365, 0.5173024110450057, 0.05986546958610579, -0.13111574449273386, 0.00848236108913341]], "inverted": true, "swapped": true, "error_lsq": 0.039884984081407525, "error_max": 0.2762804041775483, "target": "560.xyz", "model": "18.xyz", "model_rescale": 3.9405287249114394, "target_rescale": 4.187875632508239},
{"mapping": [3, 6, 2, 0, 1, 5, 6, 10, 12, 14, 13, 4, 11, 7, 9, 15], "R": [[0.9974676268600886, -0.07070063577609823, 0.007730036672548551], [-0.058987543090191726, -0.7616637511385425, 0.6452819538478878], [-0.0397341556634367, -0.6441038350316044, -0.7639053911128614]], "T": [0.07746446372635811, -0.029560928379849825, 0.09597789019815406], "aligned_model": [[-0.22182035552834095, -0.07251073816614277, -0.635764707648474, 0.4980429911867715, 0.0435571952268544, -0.3758848341489683, -0.07251073816614277, -0.6669896332414523, 0.3323275941759053, -0.24490708938624645, 0.12504734224303093, 0.8077996989877498, -0.4479986766357292, 0.4955193188846086, -0.031142488669051255, 0.03997274324707214], [-0.8018854077494496, 0.26064121777050636, 0.08229259873260888, 0.062036575819275776, -0.34133426909034836, 0.627165443802214, 0.26064121777050636, -0.27644514836866, -0.5081829739127617, -0.5193205653383975, -0.029205287362933895, -0.03272323135241148, 0.17051100806847144, 0.4803493158708989, 0.6309522563376876, -0.029053536132398566], [-0.10244612650376678, -0.5760143781943111, -0.3878797547611042, -0.4401171176313097, -0.4846830307742811, -0.13736205270790267, -0.5760143781943111, 0.14832592143988343, 0.17411101042729385, 0.6018939324681974, 0.766101452359269, 0.0604044086188114, 0.546614007554995, 0.34265020284815323, 0.4713932730239153, 0.08250717538587495]], "inverted": true, "swapped": false, "error_lsq": 0.045105820792703345, "error_max": 0.34327814526969463, "target": "560.xyz", "model": "19.xyz", "model_rescale": 4.410303926677745, "target_rescale": 4.187875632508239},
{"mapping": [4, 8, 0, 3, 2, 11, 6, 9, 10, 14, 13, 5, 12, 15], "R": [[0.6356321182508661, 0.4620738950589048, -0.6184331214876913], [0.7700541632768474, -0.4362274238699163, 0.4655343384583046], [-0.05466622236730717, -0.7721355775826606, -0.6331020881052118]], "T": [-0.003772860370481631, 0.028931408687779582, -0.0021149545478296866], "aligned_model": [[-0.20513582899692634, 0.1855840824891186, 0.36350366322458094, -0.6027967984251621, 0.16642441134555885, -0.2638844136262843, -0.46425988262026363, 0.689475940125708, 0.2652751410539751, 0.059774513869562174, -0.43941652009370047, -0.04996639055450357, 0.5122826948249863, 0.044327276844223246], [-0.15178136849913754, -0.6041366620679743, 0.11117610529156857, -0.03544008550856386, 0.7791834498192686, -0.6407692904180454, 0.4462423689163015, -0.27907157947446765, -0.514385368683795, -0.042364239178042905, -0.15046154720407176, 0.6150036707296156, 0.2611175271365591, 0.01663548532198718], [-0.6913684096931484, -0.24942203717813194, -0.6529609954582654, -0.28413054700590623, -0.158320693546118, 0.2432956139978626, 0.02883749743060153, -0.14837763752061084, 0.4751083844489722, 0.7746850534343793, 0.632613293177143, 0.4633049514289147, 0.4477219978202188, 0.03582856738910957]], "inverted": true, "swapped": true, "error_lsq": 0.031085830267302734, "error_max": 0.17211052359831552, "target": "560.xyz", "model": "20.xyz", "model_rescale": 4.121658175737393, "target_rescale": 4.187875632508239},
{"mapping": [4, 8, 9, 0, 7, 3, 10, 1, 13, 5, 12, 2, 15], "R": [[0.7823186027044153, 0.5316740502993702, 0.3245000895236759], [0.3579832835888767, 0.042550618338167256, -0.9327579608612115], [-0.5097308824600849, 0.8458795121749327, -0.1570422820426423]], "T": [-0.03798669845086336, -0.07573428006102895, 0.011574292438491], "aligned_model": [[0.21260324521626248, -0.10258194800512882, 0.27363803671944964, 0.6328011481085235, 0.5299012163908137, -0.21061310913609382, -0.4898296639079418, 0.31319230179685176, -0.7858987727680377, -0.06394923402168455, 0.06662592919268526, 0.5485055019078088, -0.04331174682921375], [-0.5805514330412636, 0.059361677701651905, 0.47139174377210963, -0.1378702105071279, 0.28777868863068423, -0.7097158956938412, 0.4990088287838293, -0.7045406199085491, -0.06140227160612716, 0.032836504608764014, 0.550458202120788, -0.15242680639768283, -0.013501504300052064], [0.4918229786337368, 0.701044061949717, 0.45923002066191865, 0.34539998786670423, -0.07629719391680723, 0.11537022391285337, 0.2582124004621391, -0.12195769439072715, -0.2439042819369341, -0.7298895023000096, -0.3341368395209445, -0.5045561414056056, 0.009771719465748226]], "inverted": true, "swapped": true, "error_lsq": 0.041481198629545434, "error_max": 0.2275795269979781, "target": "560.xyz", "model": "21.xyz", "model_rescale": 4.08911054899281, "target_rescale": 4.187875632508239},
{"mapping": [7, 12, 10, 14, 13, 5, 9, 6, 4, 0, 1, 2, 8, 15, 11, 16], "R": [[0.1578627219618442, -0.5666552696089886, 0.8086910203774751], [-0.3496991107507368, 0.7338038200004446, 0.5824452641174954], [-0.9234662381240266, -0.3747449254854821, -0.082318575473213]], "T": [0.01313976659341089, 0.010251254853417616, 0.02726090132462251], "aligned_model": [[-0.41307330114530505, -0.01622722802414602, -0.6579094019869451, 0.4327140910195154, 0.1421219146035883, -0.4682167977357209, -0.12320771835272863, -0.6313751876468053, 0.41443926625991034, -0.12695842110658365, 0.18081570473549322, 0.6494413193079444, -0.38002061275930993, 0.5556570122787671, -0.0017328383095977333, 0.016269821223367165], [-0.48388037702953157, -0.08938964971371731, 0.07961725566635981, 0.18798767148077905, -0.5104219545634915, 0.518576339133658, 0.49736842183458113, -0.25458897489163146, -0.5499691573846953, -0.6473328682026651, 0.057460429042396545, -0.10160228287755395, 0.2418878040966171, 0.47478120009145225, 0.6531883336110633, -0.03724297542881286], [-0.2555332628140314, -0.7036144476906938, -0.41547692232925104, -0.4246126854603393, -0.3587351874099841, -0.06009194989907078, -0.4744101468171115, 0.29188186614164224, 0.13405035373887017, 0.41201409115807147, 0.8016344900443093, 0.3495386534009835, 0.5493063430459353, 0.17352773285281498, 0.44235576836158225, 0.027649849035680036]], "inverted": false, "swapped": false, "error_lsq": 0.035459328789082534, "error_max": 0.18409357841121726, "target": "560.xyz", "model": "22.xyz", "model_rescale": 4.204369325754507, "target_rescale": 4.187875632508239},
{"mapping": [3, 6, 2, 0, 1, 5, 6, 10, 12, 14, 13, 4, 11, 7, 9, 15], "R": [[0.9974676268600886, -0.07070063577609823, 0.007730036672548551], [-0.058987543090191726, -0.7616637511385425, 0.6452819538478878], [-0.0397341556634367, -0.6441038350316044, -0.7639053911128614]], "T": [0.07746446372635811, -0.029560928379849825, 0.09597789019815406], "aligned_model": [[-0.22182035552834095, -0.07251073816614277, -0.635764707648474, 0.4980429911867715, 0.0435571952268544, -0.3758848341489683, -0.07251073816614277, -0.6669896332414523, 0.3323275941759053, -0.24490708938624645, 0.12504734224303093, 0.8077996989877498, -0.4479986766357292, 0.4955193188846086, -0.031142488669051255, 0.03997274324707214], [-0.8018854077494496, 0.26064121777050636, 0.08229259873260888, 0.062036575819275776, -0.34133426909034836, 0.627165443802214, 0.26064121777050636, -0.27644514836866, -0.5081829739127617, -0.5193205653383975, -0.029205287362933895, -0.03272323135241148, 0.17051100806847144, 0.4803493158708989, 0.6309522563376876, -0.029053536132398566], [-0.10244612650376678, -0.5760143781943111, -0.3878797547611042, -0.4401171176313097, -0.4846830307742811, -0.13736205270790267, -0.5760143781943111, 0.14832592143988343, 0.17411101042729385, 0.6018939324681974, 0.766101452359269, 0.0604044086188114, 0.546614007554995, 0.34265020284815323, 0.4713932730239153, 0.08250717538587495]], "inverted": true, "swapped": false, "error_lsq": 0.045105820792703345, "error_max": 0.34327814526969463, "target": "560.xyz", "model": "23.xyz", "model_rescale": 4.410303926677745, "target_rescale": 4.187875632508239},
{"mapping": [11, 14, 13, 15, 9, 12, 6, 7, 10, 1, 3, 4, 0, 5, 2, 16], "R": [[-0.24266999216816532, -0.8093773573004617, 0.5348079733796272], [-0.9649867119643971, 0.2579709076800666, -0.047451622973983226], [-0.09955862912497887, -0.5275976727394123, -0.8436401929061415]], "T": [-0.01283205633926063, -0.06356158669926447, -0.04373553633320739], "aligned_model": [[-0.22564963666812268, -0.1177422934964136, -0.5587592726062263, 0.4077915494659704, 0.35332046022301766, -0.40030551790990865, -0.14323551994602246, -0.6472658871158893, 0.3530481845448762, -0.3466964161685282, 0.20327930245582623, 0.5448581414783981, -0.31394656636422974, 0.24044697878073287, 0.2292971033828838, -0.005702987694921198], [-0.6335673950188137, -0.18450005863892993, 0.16274507107923275, 0.12877019439231813, -0.43199323498121345, 0.6336799936986366, 0.48352499078398925, -0.1514028937103445, -0.5579015656653254, -0.5594757353573028, -0.12137363660694253, 0.10161086932697329, 0.311387001911479, 0.5115357225954521, 0.4226805628077674, -0.07928067175216816], [-0.2184454175526416, -0.7013963289605043, -0.4244393516716737, -0.5872412484064979, -0.3938932704870327, 0.05573471010458309, -0.5551935533559318, 0.13433331504449803, 0.16967388426957544, 0.5718447557221054, 0.8275879581963933, 0.3244818940248786, 0.5386126574799116, -0.016998882866570315, 0.6896374882821038, 0.07518593553621047]], "inverted": false, "swapped": false, "error_lsq": 0.042037722593697105, "error_max": 0.32923206572680486, "target": "560.xyz", "model": "24.xyz", "model_rescale": 4.28219845311461, "target_rescale": 4.187875632508239},
{"mapping": [8, 6, 0, 14, 10, 4, 2, 1, 11, 5, 9, 12, 3, 13, 7, 15], "R": [[-0.33196814241259165, -0.28824251710565335, -0.8981722572846096], [-0.8694037221674271, -0.27592077558774303, 0.40988400002986497], [-0.36597038173130514, 0.9169427337253162, -0.15900220993365866]], "T": [-0.004033518485841967, 0.04641826740988663, 0.07452507696162697], "aligned_model": [[-0.2831226643268885, -0.22836923707799833, -0.5855038716119699, 0.5271107245279891, 0.23243038724311801, -0.4714499853785722, 0.07552138027550406, -0.5971825926750493, 0.37702605040719434, -0.2195268471213136, 0.19224667807250914, 0.7514191034675186, -0.5485043336071367, 0.36970152491013974, 0.036978276985329586, -0.056036971728931295], [-0.5457288268518438, -0.2096888918450181, 0.2803151762831287, -0.05561742122130168, -0.5746519691114323, 0.6069912995872794, 0.4565507004390314, -0.177305838006046, -0.33693344762145816, -0.6953276232728158, -0.05330141069991307, 0.03643518449418658, 0.12947239359772084, 0.5069163755456556, 0.5951377245886786, 0.07317578895895491], [-0.1565963724106214, -0.7599087090892169, -0.44771877076730976, -0.4617762713990244, -0.3591353909422816, 0.1184374339773139, -0.4679160994331833, 0.16396276080349728, 0.14019195435178883, 0.4332120433864905, 0.7135898265101863, 0.19119372858799707, 0.6192258099005068, 0.10887717556107092, 0.6247713815342866, 0.029074044787906206]], "inverted": true, "swapped": false, "error_lsq": 0.037392230895522606, "error_max": 0.24732687735427944, "target": "560.xyz", "model": "25.xyz", "model_rescale": 4.100010024507729, "target_rescale": 4.187875632508239},
{"mapping": [2, 5, 13, 14, 4, 8, 3, 10, 12, 9, 7, 15], "R": [[0.5261356274755266, 0.3321319442259313, 0.7828599319965462], [0.46319119089081606, -0.8839640629115489, 0.06372955485529999], [0.7131866671370698, 0.3290834348696542, -0.6189255776846748]], "T": [-0.09340530249281383, 0.09285368501191746, 0.07617509776021081], "aligned_model": [[-0.6847104780934816, -0.09594087271546677, 0.5159218635932493, 0.5574546677615793, -0.5179544108844929, 0.10826406878550345, -0.271153943007288, 0.6176405237475071, 0.11086025435392906, -0.017799941023087254, -0.3895397646943658, -0.056276365460579], [-0.3638351595880297, -0.6537634859509358, -0.2270576532805096, -0.3215436629600996, 0.6266386410367015, 0.7631704964035105, 0.22459317323544345, 0.2591722428857962, -0.28468774933956986, 0.5272240168251455, 0.029900211263225507, 0.0863203195199614], [-0.16473766226586042, 0.006989851123595098, 0.46505081009275684, -0.05495738369568581, 0.364456477123971, -0.012124756105312634, 0.7035157468934764, -0.17297151213074574, -0.5054734739719811, -0.558221274151052, -0.5326771016972192, 0.026342568638414]], "inverted": false, "swapped": true, "error_lsq": 0.04303813473628024, "error_max": 0.29089896746467875, "target": "560.xyz", "model": "26.xyz", "model_rescale": 3.6694154284099745, "target_rescale": 4.187875632508239},
