[{"mapping": [5, 0, 1, 7, 8, 10, 6, 9, 4, 2, 10, 11], "R": [[-0.9541182996503125, -0.11685054813061943, -0.275688628118699], [0.2706006854772076, 0.057690014992738736, -0.9609615659272763], [0.12819336680055587, -0.9914725470590255, -0.02342326058913985]], "T": [0.07814456171879497, -0.11966481003087741, 0.1251303543081739], "aligned_model": [[-0.5732024460872169, -0.3245338304960144, 0.19094562282498473, -0.08571797619145177, 0.6790904019940964, -0.33355190154072356, 0.5946893376928666, 0.3847964106970539, -0.17241563610916355, 0.3091355038887563, -0.33355190154072356, 0.025489942864941828], [0.07835059918575722, -0.4895122346474986, -0.16619851663521326, 0.652653545515207, -0.30835627288893647, 0.3623998356771198, 0.3067210490381947, 0.2602949543082915, -0.7702867858241192, -0.7852840103962162, 0.3623998356771198, -0.13934952728163696], [-0.3494466211814008, -0.16444586873033842, -0.5727171177671602, -0.39762842010141686, 0.2048995187234255, 0.36983639318521416, -0.15151216060011372, 0.4870027702637195, 0.5328791723602301, -0.2651829945884062, 0.36983639318521416, 0.08423709192651198]], "inverted": true, "swapped": false, "error_lsq": 0.05602055958407507, "error_max": 0.3583870085233155, "target": "561.xyz", "model": "0.xyz", "model_rescale": 3.751011558992144, "target_rescale": 3.635672047397172},
{"mapping": [12, 9, 13, 0, 8, 7, 2, 1, 10, 5, 6, 14], "R": [[-0.8837847757836854, -0.18206928366669556, -0.43101652640946064], [0.45564359684348427, -0.12548999433583968, -0.8812724743103707], [0.10636438665508906, -0.975245116504916, 0.19386484979180585]], "T": [0.030393197380912104, -0.07410553545179624, 0.07408618420967493], "aligned_model": [[-0.5740543723029242, -0.2308626190995849, 0.014243184373199467, 0.2812213186333359, 0.6701174086769197, -0.34475581055212356, 0.6192932963923585, 0.17589258370151373, -0.13074685866421148, 0.3337371290777271, -0.43681765945068174, -0.01609407278812288], [0.08786576730490353, -0.618334085079325, -0.2621849440894622, 0.6288516914109588, -0.17847604664751077, 0.46707568959975, 0.04852871174576193, 0.4322902952093639, -0.7576709183385398, -0.5335941525511043, 0.13765147111951864, -0.08817100795624501], [-0.32639294965851096, -0.19001664701278487, -0.6272464839492632, -0.06171112537298802, 0.21648696375220067, 0.15195226986839383, -0.493272271078254, 0.5302426712896658, 0.4974370998642115, -0.2207675369038692, 0.6223550331303341, 0.04869113274634383]], "inverted": false, "swapped": false, "error_lsq": 0.04771878643467472, "error_max": 0.31613440742328464, "target": "561.xyz", "model": "1.xyz", "model_rescale": 3.9405287249114394, "target_rescale": 3.635672047397172},
{"mapping": [10, 3, 6, 5, 1, 9, 0, 2, 4, 7, 8, 12], "R": [[0.06104844750294918, -0.9516340286491052, 0.30110755980970244], [0.9951662401486638, 0.08128016309309555, 0.05511523887212966], [-0.07692360837773918, 0.2962873784092627, 0.9519960860578759]], "T": [0.05595773488210656, -0.06009676716915896, -0.031166758205959683], "aligned_model": [[-0.7712048122208781, -0.31769299245834703, 0.21172396757503714, 0.22624071344952362, 0.7254361579646476, -0.5447561622470289, 0.7566086156546691, 0.4095929988390503, -0.04666397709709677, 0.18433725777904736, -0.5589741068261401, 0.08652586758492146], [0.0027905196309526425, -0.4706025827202427, -0.16385739322249054, 0.6456583237882703, -0.31517812180259325, 0.4622582312886461, 0.2365060820113543, 0.3517908033002319, -0.5210973114024036, -0.8051193338006151, -0.028391187311270313, -0.030925558031769926], [-0.18392286820288714, -0.16780419057930612, -0.5413885792045291, -0.06262687859079735, 0.30641060463632597, 0.09794240673647187, -0.3833671009180485, 0.3804888708100128, 0.48714106956622427, -0.2706869587460649, 0.43951716585448775, 0.04605461531358972]], "inverted": true, "swapped": false, "error_lsq": 0.05540996992756223, "error_max": 0.27906823446165474, "target": "561.xyz", "model": "2.xyz", "model_rescale": 3.932901565614263, "target_rescale": 3.635672047397172},
{"mapping": [1, 10, 6, 4, 9, 0, 5, 7, 11, 12, 3, 13], "R": [[0.47554499761067637, 0.5512732352433646, -0.6855324757819837], [0.7095147510159524, 0.2203301978801191, 0.6693604574464187], [0.5200440109627581, -0.804706421004842, -0.2863595688209933]], "T": [-0.037744821524090866, -0.02377989965300984, 0.11728622031276842], "aligned_model": [[-0.7204061672727654, -0.1922798786495663, 0.07640638051443806, 0.17635042786839833, 0.6305519734194381, -0.41403905394767127, 0.5820618619321699, 0.46181206729975516, -0.3543337399946578, 0.3943509301333544, -0.303179595792349, 0.023878322486861378], [-0.038548844657751026, -0.6231315739073466, -0.11328335340059043, 0.724753365172297, -0.25580729992091555, 0.5303346746201484, 0.02170723097996429, 0.3891942493489764, -0.7687166251661943, -0.5225416227810629, 0.10483458012296606, -0.08496230868242186], [-0.1699836635877356, -0.2433270448189817, -0.5502846714449328, -0.27905653561360183, 0.3156183124763138, 0.09967888190425206, -0.2440588803104397, 0.41668196916680145, 0.4948434081012674, -0.26697907229307954, 0.5340453525250488, 0.040580100570567657]], "inverted": true, "swapped": false, "error_lsq": 0.05260913012433757, "error_max": 0.3017931684571045, "target": "561.xyz", "model": "3.xyz", "model_rescale": 3.9243930471874484, "target_rescale": 3.635672047397172},
{"mapping": [7, 8, 1, 0, 6, 2, 5, 3, 10, 9, 4, 12], "R": [[-0.7372759022331901, -0.5867889909117073, 0.33481774763452427], [0.2948675067859674, -0.7253886632729531, -0.6219842768405852], [0.6078465245669036, -0.35984714440981524, 0.707836587943883]], "T": [0.08585364643179834, -0.22112189848571676, 0.04359663155656133], "aligned_model": [[-0.5921482375945187, -0.3826102490027168, 0.0297150523873035, 0.22610228771109642, 0.7107751118508284, -0.3538794598148876, 0.6704388870265493, 0.15059997065090702, 0.049962698116716095, 0.11724557536238596, -0.4193597631421328, 0.15433165444587532], [0.06739980065229509, -0.6399821476755367, 0.030013667356093204, 0.5870209638844532, -0.07410002954490905, 0.5893189465759869, 0.14247458949835237, 0.24811164323424187, -0.6184832471686027, -0.7687849629469867, -0.05647169322572487, -0.1426850589115925], [-0.27261126413147424, 0.005727921000365996, -0.6226913585877201, -0.18125395434450123, 0.37431440677947625, 0.07576683889021749, -0.2721260159987115, 0.5216982600726456, 0.6249257276122073, -0.39998775319991575, 0.30820386905131, -0.014208520468420159]], "inverted": false, "swapped": false, "error_lsq": 0.06094562622159425, "error_max": 0.3392012704075933, "target": "561.xyz", "model": "4.xyz", "model_rescale": 3.8936222436046832, "target_rescale": 3.635672047397172},
{"mapping": [6, 7, 9, 1, 3, 5, 0, 2, 10, 8, 4, 11], "R": [[0.5058821307733423, -0.30956395844932294, -0.8051418666256334], [-0.7850979271377824, -0.5519170262245533, -0.2810851133863257], [-0.3573576843558577, 0.7743111466281705, -0.5222429833316935]], "T": [0.037008354054568246, -0.1407815023402619, -0.011852018512051832], "aligned_model": [[-0.5314992164549952, -0.5005083785008675, 0.25381437080181857, 0.07366764721769566, 0.5855205008455836, -0.6448387694002276, 0.784787623590463, 0.40788768521528884, 0.044409639452232544, 0.23813807891276934, -0.27527709124957084, -0.07492856243278456], [0.04001312872337584, -0.5022956966464823, -0.13324012587741552, 0.6456022937643702, -0.3040080831501621, 0.28971600858602253, 0.30564818730814414, 0.18296021785648278, -0.49382863235627283, -0.8110222482067754, 0.16570348640680035, -0.021416064680017693], [-0.539792424012135, -0.0004162445501459059, -0.5906215949105478, -0.1647094311877118, 0.04081239509912874, 0.0713780864353612, -0.1675600954695848, 0.5492168589405758, 0.5123333918600653, -0.2488899958270547, 0.6508465187058597, 0.03516069159166845]], "inverted": false, "swapped": false, "error_lsq": 0.05909034700461637, "error_max": 0.36989942090682826, "target": "561.xyz", "model": "5.xyz", "model_rescale": 3.6523030999806103, "target_rescale": 3.635672047397172},
{"mapping": [8, 9, 6, 1, 4, 5, 2, 3, 11, 10, 7, 12], "R": [[0.5917139455660022, 0.6669676857309026, 0.45280096379477625], [-0.1720840165169848, -0.44423556618053656, 0.879227986929238], [0.7875669481904992, -0.5981712697305198, -0.1480859013778205]], "T": [-0.00046248431386784056, -0.01182671680129855, -0.024174761748951147], "aligned_model": [[-0.5270238223752217, -0.43594130993700053, 0.10831697010257896, 0.23576825888503813, 0.4850344455632483, -0.503225784176585, 0.7247673178880805, 0.2610630244723686, 0.0610332515254551, 0.27069758418774803, -0.28932712084785267, -0.029989287290451964], [0.016315427227178762, -0.5888606903916042, -0.05255541457926965, 0.6037513872954644, -0.24348709635047514, 0.4400327153165131, 0.1507324519465258, 0.30073790194269695, -0.6081291102115224, -0.6734976690045741, -0.0317160811475713, 0.05050864968470751], [-0.44327412902956154, -0.0314453144873152, -0.6638095525055833, -0.24242576339102823, 0.17521882278661863, 0.05922576525216915, -0.17853759685914644, 0.5384516421031081, 0.6201937145344543, -0.33616323898425327, 0.5946787707150512, 0.05564503654096609]], "inverted": false, "swapped": false, "error_lsq": 0.046333189101913315, "error_max": 0.21688756737959644, "target": "561.xyz", "model": "6.xyz", "model_rescale": 4.08911054899281, "target_rescale": 3.635672047397172},
{"mapping": [13, 1, 6, 5, 8, 12, 4, 10, 9, 3, 11, 14], "R": [[0.8522003775688354, -0.18409455705304778, 0.489758828950512], [-0.0922566265426186, -0.9742604124022082, -0.2056826771627968], [0.5150177000167184, 0.13009935775906667, -0.8472490340981028]], "T": [-0.023881564896678076, -0.0478560517337908, -0.09790176970813151], "aligned_model": [[-0.7255654014333164, -0.5118583258697317, 0.1226977738673271, 0.2932569591484817, 0.4899300261105934, -0.3574214388951309, 0.6556010909002622, 0.17298385432584312, 0.04629558774331963, 0.5382950834355803, -0.31020021051135865, -0.05284147082446377], [0.15059729183314968, -0.5935140918162324, -0.22017939590608365, 0.6240709334295628, -0.17306124907995968, 0.5441689386385, 0.09314518116921346, 0.38102687840068633, -0.6856866487671017, -0.5738212421420154, -0.01518492346098671, -0.16772920057066332], [-0.16232681392192805, -0.05227236143856183, -0.542831122475804, -0.26653899204967785, 0.33276083696798475, 0.11717840427120658, -0.22147952860197362, 0.4466882939687497, 0.3524365527154251, -0.2816664856209583, 0.41345455762918976, 0.012354815231827188]], "inverted": true, "swapped": false, "error_lsq": 0.055442748704679044, "error_max": 0.27411051076565995, "target": "561.xyz", "model": "7.xyz", "model_rescale": 3.964800864290218, "target_rescale": 3.635672047397172},
{"mapping": [10, 11, 6, 3, 2, 5, 0, 1, 12, 4, 8, 13], "R": [[-0.22482682204758359, -0.15805678987280697, 0.9614941244038301], [0.5282801683803555, 0.8093747781220231, 0.2565785108615869], [-0.8187630693821061, 0.5656240091394897, -0.09847089164297758]], "T": [0.06437883540312546, -0.06901081844367715, 0.04946566935433496], "aligned_model": [[-0.6939181763176449, -0.3330025475926301, 0.15721705154695248, 0.14341134436698844, 0.6810501448829841, -0.42695899062730364, 0.6439228542730465, 0.39326336631603936, -0.11367382334546082, 0.33972977003418176, -0.42865500043226096, -0.0012124651074867099], [0.13934445311325638, -0.6761377564032199, -0.2084141394438385, 0.4397013066774802, -0.27432561036256786, 0.6018458290393941, 0.29487478834371694, 0.3512736260441325, -0.6942832478691423, -0.6632333550313454, 0.10179357298131966, -0.04860699536111655], [-0.18866819181836406, -0.35130638823692284, -0.505920325153896, -0.46134597106119024, 0.1766311522409695, 0.13669652517867412, -0.16237240061377553, 0.5770221518471202, 0.4341818985434681, -0.20777902898357706, 0.6140903925100453, 0.08652834222292777]], "inverted": true, "swapped": false, "error_lsq": 0.0476946430982556, "error_max": 0.3560502313034921, "target": "561.xyz", "model": "8.xyz", "model_rescale": 4.121658175737393, "target_rescale": 3.635672047397172},
{"mapping": [7, 9, 5, 3, 1, 11, 0, 2, 6, 4, 8, 12], "R": [[-0.5603017489545913, 0.08827827614533987, -0.8235708203179818], [0.3507202899484749, 0.9260555504733295, -0.13934272731648523], [0.7503713936024506, -0.3669169707145552, -0.5498315271651585]], "T": [-0.02571354596623693, 0.014072762941137754, -0.0344237700815419], "aligned_model": [[-0.677829562783276, -0.3320578614439948, 0.001996618662121471, 0.22348768265878505, 0.5386743236426027, -0.4171455718794301, 0.7063946512570712, 0.3582606893728276, -0.15755406070894176, 0.46468246382366457, -0.3930068129100911, 0.04527096830606654], [-0.0619237082228211, -0.7494905025509747, -0.10986728486176102, 0.7596465107379455, -0.2630607006964461, 0.5138851702518885, 0.048012153374193636, 0.29746311855840823, -0.473434860677208, -0.682729215884222, 0.11105844741840472, -0.025726655719338146], [-0.18992343983845802, -0.1621504979047848, -0.6390632639972643, 0.03415119414027657, 0.24770225084556458, -0.035199103061235824, -0.3202383051523608, 0.4701554048729774, 0.44006168352093156, -0.28363587573841065, 0.5870605585957678, -0.0011624496075238952]], "inverted": false, "swapped": false, "error_lsq": 0.04837781318734317, "error_max": 0.2693995526422496, "target": "561.xyz", "model": "9.xyz", "model_rescale": 3.833441315466971, "target_rescale": 3.635672047397172},
{"mapping": [0, 13, 5, 6, 3, 12, 4, 7, 8, 2, 11, 14], "R": [[0.7242091415506114, -0.6392326992336276, 0.25865551516450846], [-0.3557792378084488, -0.025051512575613416, 0.9342342081416808], [-0.5907133426959017, -0.7686052159256822, -0.24556825693250678]], "T": [-0.06535956251589274, 0.012872424042535191, 0.03611916004857921], "aligned_model": [[-0.5954595876923721, -0.28646186875277746, 0.06752434146750048, 0.15831245139735506, 0.7721066220428193, -0.38817615593312405, 0.5808203115751847, 0.3030613053125493, -0.2568957255709214, 0.2428245117634601, -0.24253459109936176, 0.00605191348709351], [-0.09794663687739541, -0.622182807673108, -0.20858446662898578, 0.6215193781656558, -0.19707299960283914, 0.515324795002352, 0.25525089863947914, 0.10049197140313826, -0.5158605992083881, -0.6177706945890482, 0.16956395850807515, -0.03890032541086619], [-0.37684095999739686, -0.3922558675405373, -0.5889679659612634, -0.16574535757043, 0.13043330829087507, 0.1158130697413868, -0.36340158467181305, 0.5843005678422736, 0.5758548831046284, -0.1186777656665127, 0.6759580876833801, 0.07128774142088892]], "inverted": true, "swapped": false, "error_lsq": 0.04544631691656854, "error_max": 0.22232289028970292, "target": "561.xyz", "model": "10.xyz", "model_rescale": 4.2482417240324, "target_rescale": 3.635672047397172},
{"mapping": [0, 1, 8, 9, 7, 4, 9, 5, 2, 3, 6, 11], "R": [[0.777280270384015, 0.4359035382656832, -0.4536777342995921], [-0.5703551704481543, 0.7925845249679443, -0.2156496007981358], [0.26557552751488583, 0.4263776214915561, 0.864680150735747]], "T": [-0.046885048723900244, -0.13008796514189916, 0.0010629086691614758], "aligned_model": [[-0.7111656574181471, -0.4764774273488316, 0.13475402738554654, 0.4466504226531504, 0.6265882679669298, -0.25181343445278703, 0.4466504226531504, 0.2243956166139391, -0.04988584545943266, 0.4125090135481037, -0.43080107980018706, -0.010230798344028957], [0.02515907728821029, -0.6403242974150247, -0.3401216606879829, 0.4744387931305025, -0.13167584219052633, 0.6761578252856077, 0.4744387931305025, 0.291706570268527, -0.6729537826585077, -0.7836246680680689, 0.0005879744987720426, -0.00995631085394233], [-0.3282835725073605, -0.23186589421713694, -0.5464322253002428, -0.26404280451748374, 0.07168455582698177, 0.27274592685896903, -0.26404280451748374, 0.5602429698599126, 0.5040986785460699, -0.14007000715618076, 0.5070415821571217, 0.006681751642313159]], "inverted": false, "swapped": false, "error_lsq": 0.05550479620076835, "error_max": 0.31437506658352543, "target": "561.xyz", "model": "11.xyz", "model_rescale": 3.6694154284099745, "target_rescale": 3.635672047397172},
{"mapping": [11, 4, 6, 7, 12, 9, 5, 10, 1, 0, 8, 13], "R": [[-0.9231409527633507, -0.2642138146808446, -0.27928809760347795], [-0.29971091953667595, 0.039572091118404096, 0.9532090087252624], [-0.24079897433679745, 0.9636519650456349, -0.11571838325017048]], "T": [0.03186092348145391, -0.06661726753460082, 0.047857443625615594], "aligned_model": [[-0.6063702844441106, -0.39610663738011903, 0.007838881504039486, 0.2904903295321473, 0.6317757424307645, -0.36212519045825003, 0.670140106000081, 0.21620372622688855, 0.10687253659094312, 0.323637299249821, -0.5803523511382616, 0.05916936988346186], [0.11299571911030876, -0.6375902911277376, -0.08514897397701665, 0.5962764070090847, -0.12014059665286012, 0.6265797579071856, 0.03535910676192282, 0.3824131885608041, -0.7890210522451645, -0.6430622335575594, 0.06868495991526433, -0.18351351997616266], [-0.27684049163952434, -0.14838786951434071, -0.5168852861277099, -0.16626430922864274, 0.36250957457597716, 0.142404219516913, -0.4283476558067301, 0.45763563714395405, 0.48257519554762784, -0.2576185981775434, 0.4715154011073557, 0.025462339278142697]], "inverted": false, "swapped": false, "error_lsq": 0.05281377490161964, "error_max": 0.28038608133673987, "target": "561.xyz", "model": "12.xyz", "model_rescale": 3.9764082729961374, "target_rescale": 3.635672047397172},
{"mapping": [3, 7, 2, 10, 9, 11, 1, 13, 4, 0, 14, 15], "R": [[-0.42269991443926497, 0.8212243274101918, 0.3832954296658342], [0.1368777274995151, 0.4759368991904026, -0.8687626578666887], [-0.895873467654672, -0.31476129377466816, -0.313585806269497]], "T": [0.13072052065878273, -0.05897550371178342, 0.14115942050435068], "aligned_model": [[-0.6777107725095185, -0.23618076529241208, 0.19727709030867668, 0.26375087219121435, 0.6723814208898041, -0.32033344886835835, 0.5127759745850383, 0.14200828314099476, -0.08477048552371566, 0.3340455249450238, -0.479785345049379, 0.03771517918003754], [-0.0014286128958766187, -0.5866677950283895, -0.24328495895177196, 0.6553384398743043, -0.30965371821676446, 0.5915882021763273, 0.16941727921300095, 0.3619163290783928, -0.7137674957199676, -0.6882510589607114, 0.23935571514539997, -0.11072985398587422], [-0.08593229422179652, -0.25627987168425503, -0.6320544966309378, -0.2026507226385105, 0.06861268762728504, 0.07901539501237737, -0.31182285850231295, 0.5852350871373813, 0.3428393531591307, -0.1584722729134427, 0.5619789915394735, 0.15728915879108757]], "inverted": true, "swapped": false, "error_lsq": 0.0465747048027946, "error_max": 0.2518805977755683, "target": "561.xyz", "model": "13.xyz", "model_rescale": 4.170626492500431, "target_rescale": 3.635672047397172},
{"mapping": [2, 0, 4, 5, 10, 6, 12, 11, 1, 8, 3, 13], "R": [[0.47279231822474443, 0.2920902439059503, 0.8313547457268976], [-0.7266997556747987, 0.6628480609464862, 0.18038822911063596], [-0.4983722393250451, -0.6894314596204949, 0.5256513802471123]], "T": [0.0071825669149595435, -0.1669138774586641, 0.04784105223336328], "aligned_model": [[-0.5933958378496508, -0.3059960141451271, 0.0009902327564348286, 0.3276921172794071, 0.5363689360082378, -0.2827923717950964, 0.6077804731538899, 0.22503872857846569, -0.19524414270392346, 0.4543639463295444, -0.4418034125768465, 0.02817087296207046], [-0.13588292205463384, -0.6677991218023005, -0.07905001382164233, 0.6653939859080578, -0.2958425417371334, 0.6225735350120825, 0.0983906179421345, 0.34805712143139794, -0.6705418169003705, -0.5202693833668832, 0.06932822249116188, -0.070525211373801], [-0.21913240482454976, -0.03517433725490453, -0.6559378385110698, -0.13036410217954553, 0.19503986767720993, 0.03719081747388437, -0.2755809645306682, 0.480279734890872, 0.5920807014155225, -0.4283154274601711, 0.5148259180062955, 0.07284619197260442]], "inverted": false, "swapped": false, "error_lsq": 0.046539317344334495, "error_max": 0.2798029383531395, "target": "561.xyz", "model": "14.xyz", "model_rescale": 3.9786697098870705, "target_rescale": 3.635672047397172},
{"mapping": [0, 1, 4, 2, 7, 3, 5, 8, 6, 10, 9, 11], "R": [[-0.2731948014242803, -0.8348524301632607, -0.477897499810625], [-0.9526243063643173, 0.1657558095403227, 0.25501361243576004], [-0.13368444710829983, 0.5249251674802139, -0.84058434267313]], "T": [0.0316144744600248, -0.0984086380404256, 0.03138925126016997], "aligned_model": [[-0.5801990326303514, -0.27772849832684177, 0.17917221055856558, 3.978774455543066e-05, 0.5345910392855491, -0.388656134216236, 0.7308457347501724, 0.2779699890997961, -0.19221054032172447, 0.40417727411056514, -0.30711447956132104, -0.019713822495323483], [0.09212730965459398, -0.6643860981944683, -0.07548566104312401, 0.6475190447515025, -0.3921904723311836, 0.6655878923226468, 0.24362566472570474, 0.33215397728249946, -0.6495914470597608, -0.7409747583508983, 0.049978964307968804, -0.14453194433741184], [-0.23913962197978286, -0.17991273944816435, -0.5624255192989686, -0.4118289201526433, 0.3437717323114757, 0.3226471256236454, -0.1654552764623106, 0.1931078980355216, 0.5543190406233511, -0.34361305518951785, 0.5320469019818227, 0.10424059063105034]], "inverted": true, "swapped": false, "error_lsq": 0.0564060634552386, "error_max": 0.33727029448422824, "target": "561.xyz", "model": "15.xyz", "model_rescale": 3.769337070930944, "target_rescale": 3.635672047397172},
{"mapping": [8, 10, 9, 1, 4, 7, 6, 5, 2, 0, 11], "R": [[0.7620663372160216, 0.6405216096410562, -0.09479960582717292], [0.41100127249777596, -0.5916431064794737, -0.6935678687486375], [-0.5003327409708123, 0.48958196672074084, -0.7141264917187189]], "T": [0.06438467289626518, 0.001230387255481559, 0.0664429155465201], "aligned_model": [[-0.47903612950781627, -0.19209015663950899, -0.07509921844873613, -0.5955141269885966, 0.3550920649108106, 0.3773592024888679, 0.7922813143333596, 0.11451886004718773, 0.12353619294672827, -0.4195373513293581, -0.07888452112176719], [-0.05739556084342736, -0.6503408527679034, 0.7217755071283916, 0.3557799445412572, 0.32137983099088574, -0.3790367226438311, 0.3185341733416999, -0.501942047037815, 0.5248349819629156, -0.06480155820872602, 0.0072768011618949205], [-0.6266224294271523, -0.06753748435883167, -0.2993382394439541, 0.06361677089990592, -0.47179052322686216, -0.3274375184489944, 0.059111922579686865, 0.40960545736885284, 0.37220192884371456, 0.6517850308504427, -0.019377308413031397]], "inverted": false, "swapped": true, "error_lsq": 0.04952722423519389, "error_max": 0.216770322305226, "target": "561.xyz", "model": "16.xyz", "model_rescale": 3.7852294659196426, "target_rescale": 3.635672047397172},
{"mapping": [11, 8, 9, 6, 4, 7, 10, 5, 3, 0, 2, 12], "R": [[0.7512574033293867, -0.27794267476358087, 0.5986319265525802], [0.3605129614558686, -0.586934728137999, -0.7249400178827853], [0.5528496346793647, 0.760431124067683, -0.34073712299080877]], "T": [0.00718730194027491, -0.10227212819033196, 0.11555018745293155], "aligned_model": [[-0.5160617711948629, -0.37837258650084304, 0.036897241917681026, 0.17858838436066207, 0.6908275885865338, -0.26753281693164027, 0.4741420793040105, 0.3916636940302433, -0.11427771709280811, 0.37869359276559045, -0.5278041183006826, 0.014409957053521712], [0.19252890943312437, -0.49285283338399954, -0.38811740324514143, 0.7279994524352958, -0.14946185018068375, 0.5208682951866263, 0.206967680256797, 0.31039194105621226, -0.7512727699962886, -0.6568021758695367, -0.07147591256242, -0.08494086140191592], [-0.3054424848260837, -0.23515794819287794, -0.6997237442456239, -0.14648799154495074, 0.29498199539758974, 0.28183871446850073, -0.4637416664928211, 0.4533301164581155, 0.5588782682794289, -0.026670267604829045, 0.4103769067336494, 0.025576258245381428]], "inverted": true, "swapped": false, "error_lsq": 0.06065865934256181, "error_max": 0.3081908571904335, "target": "561.xyz", "model": "17.xyz", "model_rescale": 3.901054581598922, "target_rescale": 3.635672047397172},
{"mapping": [12, 9, 13, 0, 8, 7, 2, 1, 10, 5, 6, 14], "R": [[-0.8837847757836854, -0.18206928366669556, -0.43101652640946064], [0.45564359684348427, -0.12548999433583968, -0.8812724743103707], [0.10636438665508906, -0.975245116504916, 0.19386484979180585]], "T": [0.030393197380912104, -0.07410553545179624, 0.07408618420967493], "aligned_model": [[-0.5740543723029242, -0.2308626190995849, 0.014243184373199467, 0.2812213186333359, 0.6701174086769197, -0.34475581055212356, 0.6192932963923585, 0.17589258370151373, -0.13074685866421148, 0.3337371290777271, -0.43681765945068174, -0.01609407278812288], [0.08786576730490353, -0.618334085079325, -0.2621849440894622, 0.6288516914109588, -0.17847604664751077, 0.46707568959975, 0.04852871174576193, 0.4322902952093639, -0.7576709183385398, -0.5335941525511043, 0.13765147111951864, -0.08817100795624501], [-0.32639294965851096, -0.19001664701278487, -0.6272464839492632, -0.06171112537298802, 0.21648696375220067, 0.15195226986839383, -0.493272271078254, 0.5302426712896658, 0.4974370998642115, -0.2207675369038692, 0.6223550331303341, 0.04869113274634383]], "inverted": false, "swapped": false, "error_lsq": 0.04771878643467472, "error_max": 0.31613440742328464, "target": "561.xyz", "model": "18.xyz", "model_rescale": 3.9405287249114394, "target_rescale": 3.635672047397172},
{"mapping": [12, 4, 1, 10, 5, 14, 2, 11, 7, 8, 13, 15], "R": [[-0.6602551878136205, -0.14429682029787771, 0.7370491941635394], [-0.7411420358846725, 0.2839936961584084, -0.6083223349401274], [-0.12153834625303908, -0.9479061178166368, -0.2944527503622081]], "T": [-0.055039433978026645, -0.11012444870349872, -0.03760024106812729], "aligned_model": [[-0.5523948535738415, -0.5105992285804597, 0.02979476182863086, 0.24600548022818552, 0.7499882959655765, -0.3782456891939204, 0.6879537670931763, 0.2075846719526318, -0.11478724734491745, 0.40336023427790424, -0.3828384982405637, -0.024648166414996966], [-0.010051225006323883, -0.677418571928937, -0.08874348250272251, 0.6144863805956058, -0.20750171054476588, 0.5704148415260981, 0.22101381568926684, 0.31853770090190725, -0.6409313627105115, -0.7118958920222602, 0.06188022932266904, -0.08595825159195636], [-0.24438998623678612, -0.11045406671749522, -0.6917144799328668, -0.08466554293228826, 0.14600440390855624, 0.14168431799734527, -0.3435967051489405, 0.4786269786516498, 0.4209842852534327, -0.04120990654628831, 0.5230172841464226, -0.046528425767261905]], "inverted": true, "swapped": false, "error_lsq": 0.04112464731407837, "error_max": 0.18739727933465494, "target": "561.xyz", "model": "19.xyz", "model_rescale": 4.410303926677745, "target_rescale": 3.635672047397172},
{"mapping": [10, 11, 6, 3, 2, 5, 0, 1, 12, 4, 8, 13], "R": [[-0.22482682204758359, -0.15805678987280697, 0.9614941244038301], [0.5282801683803555, 0.8093747781220231, 0.2565785108615869], [-0.8187630693821061, 0.5656240091394897, -0.09847089164297758]], "T": [0.06437883540312546, -0.06901081844367715, 0.04946566935433496], "aligned_model": [[-0.6939181763176449, -0.3330025475926301, 0.15721705154695248, 0.14341134436698844, 0.6810501448829841, -0.42695899062730364, 0.6439228542730465, 0.39326336631603936, -0.11367382334546082, 0.33972977003418176, -0.42865500043226096, -0.0012124651074867099], [0.13934445311325638, -0.6761377564032199, -0.2084141394438385, 0.4397013066774802, -0.27432561036256786, 0.6018458290393941, 0.29487478834371694, 0.3512736260441325, -0.6942832478691423, -0.6632333550313454, 0.10179357298131966, -0.04860699536111655], [-0.18866819181836406, -0.35130638823692284, -0.505920325153896, -0.46134597106119024, 0.1766311522409695, 0.13669652517867412, -0.16237240061377553, 0.5770221518471202, 0.4341818985434681, -0.20777902898357706, 0.6140903925100453, 0.08652834222292777]], "inverted": true, "swapped": false, "error_lsq": 0.0476946430982556, "error_max": 0.3560502313034921, "target": "561.xyz", "model": "20.xyz", "model_rescale": 4.121658175737393, "target_rescale": 3.635672047397172},
{"mapping": [8, 9, 6, 1, 4, 5, 2, 3, 11, 10, 7, 12], "R": [[0.5917139455660022, 0.6669676857309026, 0.45280096379477625], [-0.1720840165169848, -0.44423556618053656, 0.879227986929238], [0.7875669481904992, -0.5981712697305198, -0.1480859013778205]], "T": [-0.00046248431386784056, -0.01182671680129855, -0.024174761748951147], "aligned_model": [[-0.5270238223752217, -0.43594130993700053, 0.10831697010257896, 0.23576825888503813, 0.4850344455632483, -0.503225784176585, 0.7247673178880805, 0.2610630244723686, 0.0610332515254551, 0.27069758418774803, -0.28932712084785267, -0.029989287290451964], [0.016315427227178762, -0.5888606903916042, -0.05255541457926965, 0.6037513872954644, -0.24348709635047514, 0.4400327153165131, 0.1507324519465258, 0.30073790194269695, -0.6081291102115224, -0.6734976690045741, -0.0317160811475713, 0.05050864968470751], [-0.44327412902956154, -0.0314453144873152, -0.6638095525055833, -0.24242576339102823, 0.17521882278661863, 0.05922576525216915, -0.17853759685914644, 0.5384516421031081, 0.6201937145344543, -0.33616323898425327, 0.5946787707150512, 0.05564503654096609]], "inverted": false, "swapped": false, "error_lsq": 0.046333189101913315, "error_max": 0.21688756737959644, "target": "561.xyz", "model": "21.xyz", "model_rescale": 4.08911054899281, "target_rescale": 3.635672047397172},
{"mapping": [0, 8, 7, 13, 9, 4, 12, 14, 11, 5, 2, 16], "R": [[-0.6520394929546027, -0.7201285968427664, -0.23719043749015883], [-0.7191810907265246, 0.6864990843900887, -0.10722670317125492], [0.24004803346187026, 0.10066683237709521, -0.965527384640255]], "T": [-0.005188609735033548, -0.10093674427574514, 0.04596150638312944], "aligned_model": [[-0.6207244738086837, -0.3244656760363067, 0.07851816985706445, 0.09597145593358736, 0.6711479002968376, -0.3915623086968322, 0.6060346014363591, 0.4280722676801165, -0.09160091340193653, 0.3501692468012272, -0.4136673318988241, -0.026719410165203284], [0.1121400023285686, -0.7101018855114476, 0.10780830919694542, 0.4962484685868146, -0.3102074971172919, 0.4792576782410958, 0.2546176875836116, 0.2110090120374782, -0.7276832755157965, -0.7004319178190126, 0.21752597257612463, -0.06635008285902066], [-0.37331560755811627, -0.04202715025744113, -0.6287346220409465, -0.21836107812386576, 0.125474327774144, 0.06550588405768541, -0.16606853428230586, 0.40204779250868217, 0.47679178574147474, -0.06383550926142065, 0.5489331366844968, 0.021347731433092813]], "inverted": true, "swapped": false, "error_lsq": 0.04388690761010114, "error_max": 0.2378756362110042, "target": "561.xyz", "model": "22.xyz", "model_rescale": 4.204369325754507, "target_rescale": 3.635672047397172},
{"mapping": [12, 4, 1, 10, 5, 14, 2, 11, 7, 8, 13, 15], "R": [[-0.6602551878136205, -0.14429682029787771, 0.7370491941635394], [-0.7411420358846725, 0.2839936961584084, -0.6083223349401274], [-0.12153834625303908, -0.9479061178166368, -0.2944527503622081]], "T": [-0.055039433978026645, -0.11012444870349872, -0.03760024106812729], "aligned_model": [[-0.5523948535738415, -0.5105992285804597, 0.02979476182863086, 0.24600548022818552, 0.7499882959655765, -0.3782456891939204, 0.6879537670931763, 0.2075846719526318, -0.11478724734491745, 0.40336023427790424, -0.3828384982405637, -0.024648166414996966], [-0.010051225006323883, -0.677418571928937, -0.08874348250272251, 0.6144863805956058, -0.20750171054476588, 0.5704148415260981, 0.22101381568926684, 0.31853770090190725, -0.6409313627105115, -0.7118958920222602, 0.06188022932266904, -0.08595825159195636], [-0.24438998623678612, -0.11045406671749522, -0.6917144799328668, -0.08466554293228826, 0.14600440390855624, 0.14168431799734527, -0.3435967051489405, 0.4786269786516498, 0.4209842852534327, -0.04120990654628831, 0.5230172841464226, -0.046528425767261905]], "inverted": true, "swapped": false, "error_lsq": 0.04112464731407837, "error_max": 0.18739727933465494, "target": "561.xyz", "model": "23.xyz", "model_rescale": 4.410303926677745, "target_rescale": 3.635672047397172},
{"mapping": [8, 9, 10, 3, 7, 4, 1, 0, 6, 11, 5, 16], "R": [[0.46796689977927686, 0.44529989044995405, -0.763357706633156], [-0.41608623573630726, -0.6510284206518538, -0.6348497774547484], [-0.7796660984945818, 0.6147113168543525, -0.11937659648953552]], "T": [0.026862697395107164, -0.2127731116580086, 0.11095068475800528], "aligned_model": [[-0.6299018110997714, -0.3123804355615545, -0.07003054127269051, 0.1694036280925857, 0.6775169117162696, -0.38131071288457263, 0.6935508662804133, 0.3909313615617124, -0.2078712288487238, 0.3225671448382969, -0.35970369842422345, 0.06840204359966416], [-0.011331258278095113, -0.5266542208917392, -0.041175849777849965, 0.6363488387915316, -0.2549816216460548, 0.33054776263592134, 0.12681369562381445, 0.33531111852682327, -0.5769063246883185, -0.5852717863921342, 0.03652830610256946, -0.10539618827839875], [-0.34047840972173693, -0.31191185748986977, -0.509492726272616, -0.14967352934100525, 0.24055944894082482, 0.0010358646094636853, -0.30921956092680414, 0.4816844106055622, 0.7356146558642124, -0.30681133325512244, 0.5399230127160578, 0.07652818094651279]], "inverted": false, "swapped": false, "error_lsq": 0.04484116479265444, "error_max": 0.2098481326874312, "target": "561.xyz", "model": "24.xyz", "model_rescale": 4.28219845311461, "target_rescale": 3.635672047397172},
{"mapping": [12, 10, 9, 7, 1, 13, 3, 4, 6, 5, 2, 15], "R": [[0.1921317642469366, 0.6983494376445589, 0.6894878157798641], [-0.976656690921675, 0.06729659111205263, 0.20399234520594442], [0.09605775994308624, -0.7125862977676637, 0.6949774636551109]], "T": [-0.019549116290564463, -0.07607272869969078, 0.026891910583151678], "aligned_model": [[-0.6331526594693331, -0.3804286748663374, 0.10878649068951332, 0.1551995337009416, 0.5634355972687178, -0.3697608270493784, 0.7063322176937863, 0.3707991220260662, -0.1855808888232933, 0.3933663249821498, -0.37127382157512195, 0.0034511134196947985], [0.05178060806103735, -0.7827683203716018, 0.10376191124661338, 0.6433080935567803, -0.3181329053197287, 0.4036237416407618, 0.14427875624700748, 0.39651975874551315, -0.6601484129559212, -0.6416426111281013, 0.09876364477827887, -0.0755117927725696], [-0.41078847087189235, 0.019673618436049554, -0.6119063033587063, -0.21289997344542555, 0.13372399142757194, 0.014262147034270665, -0.12991005660702357, 0.4255561385735366, 0.6928394915017086, -0.4577855361405585, 0.5876966881925104, 0.09729642193343802]], "inverted": true, "swapped": false, "error_lsq": 0.0480417367801201, "error_max": 0.2513824924404613, "target": "561.xyz", "model": "25.xyz", "model_rescale": 4.100010024507729, "target_rescale": 3.635672047397172},
{"mapping": [0, 1, 8, 9, 7, 4, 9, 5, 2, 3, 6, 11], "R": [[0.777280270384015, 0.4359035382656832, -0.4536777342995921], [-0.5703551704481543, 0.7925845249679443, -0.2156496007981358], [0.26557552751488583, 0.4263776214915561, 0.864680150735747]], "T": [-0.046885048723900244, -0.13008796514189916, 0.0010629086691614758], "aligned_model": [[-0.7111656574181471, -0.4764774273488316, 0.13475402738554654, 0.4466504226531504, 0.6265882679669298, -0.25181343445278703, 0.4466504226531504, 0.2243956166139391, -0.04988584545943266, 0.4125090135481037, -0.43080107980018706, -0.010230798344028957], [0.02515907728821029, -0.6403242974150247, -0.3401216606879829, 0.4744387931305025, -0.13167584219052633, 0.6761578252856077, 0.4744387931305025, 0.291706570268527, -0.6729537826585077, -0.7836246680680689, 0.0005879744987720426, -0.00995631085394233], [-0.3282835725073605, -0.23186589421713694, -0.5464322253002428, -0.26404280451748374, 0.07168455582698177, 0.27274592685896903, -0.26404280451748374, 0.5602429698599126, 0.5040986785460699, -0.14007000715618076, 0.5070415821571217, 0.006681751642313159]], "inverted": false, "swapped": false, "error_lsq": 0.05550479620076835, "error_max": 0.31437506658352543, "target": "561.xyz", "model": "26.xyz", "model_rescale": 3.6694154284099745, "target_rescale": 3.635672047397172},
{"mapping": [1, 0, 6, 3, 11, 7, 12, 9, 4, 2, 8, 13], "R": [[0.34189964458572697, -0.34758318366651797, 0.8730925285812503], [0.9039790142076258, 0.3754983129323728, -0.2045066230153706], [-0.256761708407548, 0.8591780650233044, 0.44259064346012544]], "T": [-0.043902371757261485, -0.05999463587485637, 0.12112244947963094], "aligned_model": [[-0.5722686593609068, -0.3986770682394761, 0.0751279377487074, 0.0973783634954878, 0.7928612298921647, -0.35896406636510636, 0.6196565965518963, 0.3488032730624183, -0.2277255056634731, 0.26869626972122146, -0.26433558321386313, -0.019379259631665195], [-0.024682980162716764, -0.5627675589056083, -0.0424772774733203, 0.6571547523075842, -0.24769270478097222, 0.48485334571862965, 0.1231421830753135, 0.40267801972856193, -0.7373954488944647, -0.5954189804291004, 0.012617272758827666, -0.10617815121466498], [-0.5854388053246206, -0.1203058954515466, -0.5546847414986368, -0.22321420150242208, 0.1488997626828031, 0.11881371329266693, -0.273698034384553, 0.4318953983570919, 0.5487528553796309, -0.1576830504800147, 0.7165163547570967, 0.09790480084798342]], "inverted": false, "swapped": false, "error_lsq": 0.04813641076105205, "error_max": 0.28694941781886146, "target": "561.xyz", "model": "27.xyz", "model_rescale": 4.103607728864725, "target_rescale": 3.635672047397172},
{"mapping": [6, 10, 13, 8, 2, 7, 4, 1, 3, 12, 5, 14], "R": [[-0.7416058219204993, 0.13801719991055644, 0.6564846208575417], [-0.37208597287731987, -0.898904807633299, -0.23134860190128603], [0.5581870955885302, -0.41583818889393853, 0.717987302795704]], "T": [-0.149412636412256, -0.15921439351288547, -0.04697898298519277], "aligned_model": [[-0.7514862393045454, -0.44834593196344047, 0.2123211503072321, 0.15461867128102869, 0.5352585913722611, -0.26954752704774554, 0.6778222666352162, 0.2624740631124539, 0.13101929252847344, 0.4492866287150168, -0.532446753129579, -0.059800684508966445], [0.03443026938118471, -0.5579017478705257, -0.10420331524867407, 0.5594919039596078, -0.28524422890863993, 0.5451943261363932, 0.18914062119833774, 0.3228851474918793, -0.7218505511468394, -0.7370741109673039, 0.23894266940286552, -0.11997851170021552], [-0.08270550093487833, -0.15404230346408404, -0.5817639694680686, -0.2985862140464457, 0.19105987238561017, 0.05026920104641911, -0.17323462064189343, 0.5861009577746652, 0.363300604516173, -0.2589482118942463, 0.43249596845935506, 0.07381237294287338]], "inverted": true, "swapped": false, "error_lsq": 0.04794232099492874, "error_max": 0.3230615757574565, "target": "561.xyz", "model": "28.xyz", "model_rescale": 4.137296879288765, "target_rescale": 3.635672047397172},
{"mapping": [4, 6, 3, 5, 0, 2, 1, 7, 10, 8, 11], "R": [[-0.31000323926943724, 0.7684257262658389, 0.5598391687398033], [0.9429194274854931, 0.32384914835023243, 0.07761882750504998], [-0.12165913411201647, 0.5519453164269509, -0.8249578308989297]], "T": [0.04353632995748945, -0.003995542227316183, -0.04256976212126144], "aligned_model": [[0.36599591679030474, 0.20471647231132334, -0.29276254532567786, -0.5000105005148483, 0.0006584664903703658, 0.4993938282585082, 0.5218175458836227, -0.3371429165822285, -0.5190504574386386, 0.18804696817434136, 0.08975623266282098], [-0.5149669482189002, -0.7204641970295609, -0.425176569276868, 0.14795966195979993, 0.6657264078053897, -0.020022101462787982, 0.5507899569768325, -0.3826743513880224, 0.27481153736911407, 0.24804401688045224, 0.09512040303250319], [0.29154058765617535, -0.34466674180591444, -0.5859352434727426, -0.27692616691493716, -0.40423277345884395, -0.44640925842802315, 0.11440135025170663, 0.28816215057535716, 0.2951251972489184, 0.7909021802777535, 0.0837927398535492]], "inverted": true, "swapped": true, "error_lsq": 0.048207280508093066, "error_max": 0.26024474681860377, "target": "561.xyz", "model": "29.xyz", "model_rescale": 3.607286011436655, "target_rescale": 3.635672047397172},
