[{"mapping": [10, 12, 9, 1, 2, 13, 4, 14, 0, 3, 6, 15], "R": [[-0.28736043137408307, -0.957800840237409, 0.006444604023077949], [-0.2286626234229474, 0.062066655884309374, -0.971525159157844], [0.9301276187329544, -0.28065152888921197, -0.23684875385425117]], "T": [-0.055478387442280924, -0.018318294884652364, 0.04543784122483761], "aligned_model": [[-0.25723855705153986, 0.10040342261351465, 0.39700593992644995, -0.1632234148710422, -0.11549903391326799, -0.5596698922949862, 0.3085053844098996, -0.10572633187201408, 0.604414441807486, 0.2057746775087633, -0.5452181634137538, -0.03188601038896053], [-0.3151445422933966, -0.6610875353951757, -0.4896424750165171, 0.677070018535582, 0.4118964072162175, -0.5395512439947838, -0.12527797986754738, -0.6387034632922239, 0.21357348262807022, 0.3665515685599772, 0.24027367053771898, -0.08640287164086453], [-0.6254145710525112, -0.07711182766508158, -0.5907715301135175, -0.0465398194722768, -0.6315761709067509, 0.06795527315419425, 0.6910177603830127, 0.49232931388561263, 0.07649574511044795, 0.4485243890149866, 0.353924014682679, 0.02311916833276735]], "inverted": false, "swapped": true, "error_lsq": 0.039882153258031024, "error_max": 0.2780868987088921, "target": "562.xyz", "model": "0.xyz", "model_rescale": 3.751011558992144, "target_rescale": 4.214686854086337},
{"mapping": [10, 12, 7, 2, 14, 6, 11, 9, 13, 3, 4, 0, 8, 1, 15], "R": [[-0.6840216809686581, -0.7220877159372798, 0.1034585446316239], [-0.4446416328507307, 0.30029443810617473, -0.8438702914419567], [0.578280345767213, -0.623227551489004, -0.526478167414731]], "T": [-0.05471220795409602, 0.0683172030552514, 0.03984672370078852], "aligned_model": [[0.06996738185371798, 0.13285757034629292, -0.4482125453309284, 0.20682979811456964, -0.3109591382984984, -0.6284593850805603, 0.5494683448903961, 0.6336858983141442, -0.5189496578281467, -0.0028791431810201787, -0.02809759644409634, 0.5201718757206386, 0.48857876728763394, -0.10064296656336255, -0.024272992711746762], [0.02250577454725637, -0.5252316963452957, 0.4566328327475602, 0.6844432433343242, -0.6397995977804761, 0.30045799535739137, -0.41935228364774096, -0.2600108150138297, -0.34509406124663655, 0.2668589611847298, -0.2847745983807211, 0.1680035832162306, 0.349754796570097, 0.7673048731822948, 0.007058342101921279], [-0.7092942904969819, -0.21507902801236645, -0.4291095653913561, -0.4062694294260119, 0.18134834383167697, 0.1769722182413852, 0.2168309942097152, -0.4601129479800204, -0.3342850875998899, 0.6201494416150409, 0.6996314117745022, 0.426845240383865, -0.07961333651736568, 0.15360255813718532, 0.008049882082597597]], "inverted": false, "swapped": true, "error_lsq": 0.03970569744253199, "error_max": 0.24870233274201095, "target": "562.xyz", "model": "1.xyz", "model_rescale": 3.9405287249114394, "target_rescale": 4.214686854086337},
{"mapping": [0, 11, 4, 10, 12, 3, 8, 9, 13, 6, 7, 1, 15], "R": [[0.5083008973568836, -0.06734993229454563, -0.8585418943570006], [0.3524479635461758, 0.9258915626183161, 0.13603399304720298], [0.7857548159180067, -0.37173754302213413, 0.49436885861624263]], "T": [-0.12018659274341698, -0.11995894467510268, -0.0025836513379790364], "aligned_model": [[-0.24980005813310568, 0.20794718774188597, -0.46084956713346864, 0.5403458638348737, 0.4373001544178979, -0.652267603966437, 0.05006900449307433, 0.6977831220391089, 0.1922490679505764, -0.5617991960546298, -0.08903455917278504, -0.5619313652013043, -0.05402877153175541], [0.56640123880027, 0.5030512052924301, 0.19968584438771073, -0.3412514013917599, -0.0615003438668469, 0.18331052998218986, 0.3116235469719124, 0.2762981759201959, -0.699452915007951, -0.574313787859304, -0.683521156426476, -0.11505567991417445, -0.10644266331618003], [0.04544742294074973, -0.37455902128344787, -0.5877963811280689, 0.3033288666419282, -0.37441825883008983, -0.06401787616877401, 0.4138205913436515, 0.07195998384416714, -0.3074944445529017, 0.01787501518767833, 0.45236549873091014, 0.5528182764991414, -0.03620932363630017]], "inverted": true, "swapped": true, "error_lsq": 0.03787553685955466, "error_max": 0.2231760771299322, "target": "562.xyz", "model": "2.xyz", "model_rescale": 3.932901565614263, "target_rescale": 4.214686854086337},
{"mapping": [12, 10, 9, 13, 11, 0, 8, 4, 6, 3, 2, 7, 1, 15], "R": [[-0.8385380210198549, 0.5158988805224801, -0.1752208103501341], [0.4744825212818551, 0.8495314681592626, 0.23057020970884784], [0.2678065053394332, 0.11020267547940876, -0.9571494376611526]], "T": [-0.04770842237964504, -0.0113710908731703, 0.08256746468493416], "aligned_model": [[-0.23235543031299635, 0.4791703525273664, 0.21345023694797657, -0.14474580708989485, -0.3930733947429359, -0.15158331860884094, 0.3271386690026882, -0.7526074812070078, -0.0937520063824584, -0.3185272881060811, 0.735018503570256, 0.47758986516911384, 0.3349071420852169, -0.060820130799698426], [0.0024243780450114577, 0.1635661430358044, -0.4030558721334241, 0.6160429753333603, -0.556939377948826, -0.697579571543278, -0.5053808940977756, -0.2309636557024501, 0.4265686853834636, -0.30708100562312907, -0.17520057270822748, 0.46646793365340994, -0.11736152111051329, -0.018011006232937565], [-0.5641048047811095, -0.43767446653035713, -0.6984767723832098, -0.26862369556708005, -0.3835413002037468, 0.17489764911471062, 0.018638744925704942, 0.20744506371555643, 0.5386017975028924, 0.5495466173553732, 0.16936378260062385, 0.22845482053155353, 0.6707894856699653, 0.00857944110621943]], "inverted": false, "swapped": true, "error_lsq": 0.04674652084741411, "error_max": 0.3541397779713334, "target": "562.xyz", "model": "3.xyz", "model_rescale": 3.9243930471874484, "target_rescale": 4.214686854086337},
{"mapping": [12, 13, 9, 11, 8, 14, 4, 10, 1, 6, 3, 5, 15], "R": [[-0.9107693948061739, -0.40149327666176404, -0.09644821553453498], [-0.26619607058347206, 0.749468983090805, -0.6061649077526297], [0.3156560810285698, -0.5264023101965216, -0.7894693447686555]], "T": [0.04411604435654194, 0.057969379433434276, -0.08268935637168161], "aligned_model": [[0.05389450071039019, -0.441840971698958, 0.6584173159651835, 0.3713170315228191, 0.6645716090581145, -0.4782105856649783, -0.2099108960787341, 0.30900102960001635, 0.23265413024263276, -0.41996418761591586, 0.03257871068015721, -0.5516701248788868, 0.05636832446951175], [-0.4516426838452964, 0.01329279301041597, -0.36217373307324685, -0.667243138907426, 0.10548166358021534, -0.4820639912279584, -0.45431645398006404, 0.19237221982443237, 0.6405993541099501, 0.4570534968366772, 0.03065905921751344, 0.10345507731164191, 0.0023558908247323165], [-0.5216310191811099, -0.6195782431223713, -0.6097231562206638, -0.048259457398052416, -0.0450013755837598, -0.23319999247052237, 0.400768533025716, -0.7831376180850279, 0.2759601803953801, 0.08235602373063873, 0.5321096165332234, 0.4885659135282694, -0.1321590897807563]], "inverted": false, "swapped": true, "error_lsq": 0.04362768028544558, "error_max": 0.2662145729730061, "target": "562.xyz", "model": "4.xyz", "model_rescale": 3.8936222436046832, "target_rescale": 4.214686854086337},
{"mapping": [9, 0, 2, 10, 1, 3, 4, 6, 13, 12, 7, 15], "R": [[-0.1640130286150322, -0.5193471410822998, -0.8386765010981089], [-0.08950902628383564, -0.8388473173995795, 0.5369574585618946], [-0.9823888540991516, 0.16313713599659296, 0.09109563217072975]], "T": [-0.0954895228995082, -0.03854314535591952, 0.06186171126095839], "aligned_model": [[0.16911842991688836, -0.6473998923548516, -0.28605318929784734, 0.38540533235085433, -0.5900163526720754, -0.6292931243615688, -0.32786940823401767, -0.10268565502398892, 0.5994738995392727, 0.3710883234708997, 0.13387377221821978, -0.04809409333668809], [-0.6601627807868735, -0.46046866675466336, 0.26637394195585307, -0.01800953073828429, 0.4382011358054786, -0.05320912262371763, -0.416918013676066, 0.5045894906923953, 0.09231951625300805, -0.520893992787779, 0.5923988309624743, -0.09529790319201817], [-0.5506924280794396, -0.02514825625486452, -0.6576841173303646, -0.5273534065986559, -0.11644109987608517, 0.36795869739524956, 0.6647962353340853, 0.38871600189504285, 0.2240366193484224, 0.015898357859647362, -0.21173698433218188, 0.04693509991466231]], "inverted": true, "swapped": true, "error_lsq": 0.04066905478626924, "error_max": 0.2204083988419371, "target": "562.xyz", "model": "5.xyz", "model_rescale": 3.6523030999806103, "target_rescale": 4.214686854086337},
{"mapping": [9, 10, 13, 12, 14, 8, 6, 11, 1, 3, 5, 4, 15], "R": [[0.4746951213772769, -0.4355223354867729, 0.764843014632911], [0.7448575241016454, 0.6617243866563586, -0.08548745459675866], [-0.46888357886556337, 0.6102795518419515, 0.638519426543788]], "T": [-0.05676288913923726, -0.013429942530765158, 0.04529061947008414], "aligned_model": [[0.2432034233415668, -0.1102663712001321, 0.26579941344475005, 0.5056420524802124, 0.6449616023017665, -0.31429564347903444, -0.3058450847437039, 0.49169593907105685, -0.7337293498825127, -0.1660716625439425, -0.0294660953293424, 0.38819542917406297, 0.0012592520295471518], [-0.7110436886696199, -0.18231691774722036, 0.4502767451941685, -0.18061127749817288, 0.29352644845574405, -0.5791870505589235, 0.55279506739074, -0.574657130978395, -0.0026485552596581564, -0.040289010001668984, 0.5338983796393073, 0.023153835110233393, -0.0420699409133512], [0.5502719914481351, 0.7852031232564765, 0.5006251824622435, 0.374260130942369, 0.023493519185348893, 0.0926053525627999, -0.09336676380431819, -0.09034144683273712, -0.1673921493702943, -0.5598431866380646, -0.573619135139062, -0.5558513891942329, 0.08406451060312548]], "inverted": false, "swapped": true, "error_lsq": 0.04975665022079346, "error_max": 0.28027499313951, "target": "562.xyz", "model": "6.xyz", "model_rescale": 4.08911054899281, "target_rescale": 4.214686854086337},
{"mapping": [5, 14, 4, 6, 1, 8, 3, 0, 7, 13, 10, 12, 9, 11, 15], "R": [[-0.25352153919314957, 0.9444293445021403, -0.20923680940119938], [0.9338443232753582, 0.2953708021778152, 0.2017197786713595], [0.2523125225816678, -0.14425429790509361, -0.9568328424988263]], "T": [-0.07339366609746764, -0.03827899567146796, -0.07125638695984551], "aligned_model": [[0.044601691517167516, 0.28487168025930387, 0.55539751993707, -0.4248755915563236, -0.4270949882369648, -0.02124779156034047, 0.2030567174390389, 0.4161863204708174, -0.7976094133561408, -0.316533680728472, -0.44928867424182195, 0.20676056997408856, 0.16719461666174687, 0.6369485989946284, -0.04203403577424351], [-0.6090474600037836, -0.6383651065377022, -0.35633116199202347, -0.43409730966967597, 0.24235912517721436, 0.5829345590605853, -0.04149447568679346, 0.39242601321038173, -0.0553361324988159, -0.5360734799417305, 0.22968581120017345, -0.11355630915138697, 0.4956680370615182, 0.1774547260588505, -0.03546802011769872], [-0.6574842839907566, 0.24284105426137928, -0.3245594786656857, -0.42006419986489796, -0.618770229056708, -0.07543203011830421, -0.6211850976800368, -0.3262104378061179, -0.04346879325501034, 0.39723425356535413, 0.5335193990801147, 0.5356346960889858, 0.6277920791028904, 0.21693092788317256, -0.002707827462299181]], "inverted": true, "swapped": true, "error_lsq": 0.044791002359471775, "error_max": 0.22900714184144025, "target": "562.xyz", "model": "7.xyz", "model_rescale": 3.964800864290218, "target_rescale": 4.214686854086337},
{"mapping": [14, 5, 4, 13, 11, 7, 12, 3, 1, 8, 10, 9, 0, 15], "R": [[0.047690212214299144, -0.6829483205094191, -0.728908248802494], [-0.2776247708097225, -0.7100483455763696, 0.647113462676453], [-0.9595051486530981, 0.1715020071533386, -0.22346572723926145]], "T": [0.010005446010378238, -0.1352285093816619, 0.09298912820787136], "aligned_model": [[-0.24557267320523868, 0.36957065011540413, 0.4351848931652671, -0.6426546573694276, 0.2012020258250497, -0.3830552935081315, -0.36190212872909566, 0.5928558122913494, 0.3593021794529624, 0.22867814895616956, -0.5867952468551829, -0.27098863173985444, 0.5940658483885588, -0.02870303732695777], [0.10952693585770953, -0.5856056793290195, 0.0710313078924052, -0.20765223757625892, 0.6294274248016811, -0.6574336162326929, 0.40150091009070554, -0.2556562848613938, -0.6217126564827847, 0.11092997406828203, 0.03383589793615113, 0.6326660464136098, 0.22107492557532063, -0.07098448197251248], [-0.5866351786266513, -0.4996625066833858, -0.4878527761850429, -0.2155388099031364, -0.020695835131982643, 0.40660772823975017, -0.06849196270382851, -0.06398011133517836, 0.47372362108973426, 0.6223577699140719, 0.5335593330825481, 0.49676034179216216, 0.24171116618050376, 0.08495225899545701]], "inverted": false, "swapped": true, "error_lsq": 0.03823399280004163, "error_max": 0.24831249797541682, "target": "562.xyz", "model": "8.xyz", "model_rescale": 4.121658175737393, "target_rescale": 4.214686854086337},
{"mapping": [6, 3, 4, 14, 1, 7, 8, 10, 11, 2, 13, 12, 15], "R": [[-0.18895741712892763, -0.7739835733293468, 0.6043546332479798], [0.7152507567220476, 0.3132107586617552, 0.62475225143017], [-0.672838353187824, 0.5503166805348203, 0.4944088405405326]], "T": [-0.055667402339197355, -0.030985522627087904, -0.09295894384472214], "aligned_model": [[-0.6316680303312022, -0.11560949238457356, 0.2330213881413964, 0.22597429495894333, -0.5441131360347174, -0.6324743785441292, 0.16030029937487827, 0.02694564377064125, 0.7286691335928942, -0.28949625852525146, -0.1525081458771641, 0.461927349761273, 0.0057688285322086835], [0.15286217982082506, -0.2779848856758304, 0.1440222567419482, 0.6520639321168272, -0.538734220253216, -0.014779621820471427, -0.5827573644217956, 0.005072230654747066, -0.07739987158338194, -0.6147175505130535, 0.6230208684550735, 0.3209837275782403, -0.0012642416882024526], [-0.28348944224771927, -0.6535434613245488, -0.7613368697330828, -0.2960254308717145, -0.17808128367388726, 0.3458834263048105, 0.1008159132154203, 0.6625083746347552, -0.2227318505595806, 0.40865457886365364, 0.20586777242923227, 0.15338061064404965, -0.0608269037222998]], "inverted": false, "swapped": true, "error_lsq": 0.043753282832466565, "error_max": 0.21676672690895987, "target": "562.xyz", "model": "9.xyz", "model_rescale": 3.833441315466971, "target_rescale": 4.214686854086337},
{"mapping": [10, 9, 14, 4, 11, 12, 0, 3, 6, 5, 7, 1, 8, 13, 15], "R": [[0.5860452209466767, -0.49553540157324905, 0.6410894358770856], [-0.5194051632698878, 0.37751834440800336, 0.7666147507086082], [-0.6219077707941445, -0.7822560740723455, -0.036140824600151035]], "T": [0.016926453980677332, 0.01937933846278434, 0.10220101982389838], "aligned_model": [[0.2028768419605282, -0.15604325388330045, -0.693985863694195, -0.5239374382459292, -0.5155130923930491, -0.4724581034514905, -0.021766658544148547, 0.02439476075269826, 0.20836739904293897, -0.1432796609225509, 0.5406101394956068, 0.6470134106670669, 0.30881063406815323, -0.24910629490231834, -0.03213780165547812], [-0.7183099972078381, -0.6610787720181209, -0.020486184499406528, 0.5279207788534817, -0.059835867888085974, -0.43005698755486277, 0.3199037534322497, 0.616110751068411, 0.31136637025662434, 0.7217609712855437, -0.2398340197892096, 0.34518379920750175, -0.09566897830811277, -0.3819198861066087, -0.03395419143658837], [0.09256548673896361, -0.4797862253217824, 0.3852717143394437, 0.004477706870966686, -0.4846653885215976, -0.0025825685879101445, -0.5289763364060617, -0.04850593538134389, 0.6313253055849528, 0.5076103613208703, 0.5312876978824396, 0.08039120971688463, -0.4365107946304606, 0.6449582440283621, 0.08126143018836532]], "inverted": true, "swapped": true, "error_lsq": 0.043236936412501065, "error_max": 0.3519281965999723, "target": "562.xyz", "model": "10.xyz", "model_rescale": 4.2482417240324, "target_rescale": 4.214686854086337},
{"mapping": [1, 7, 10, 13, 0, 11, 8, 14, 6, 4, 3, 15], "R": [[-0.3305302217800884, -0.27150085847829536, -0.9039010213156939], [-0.10758241508659253, 0.9623258193862811, -0.24970991431390743], [0.9376437470884889, 0.014707181513517235, -0.3472864845596309]], "T": [0.0012022455968451803, 0.015732159870528235, -0.020257836656668488], "aligned_model": [[-0.6142539515541418, 0.021790419141519295, 0.3382454540815202, 0.6659906227170227, -0.4459569259766765, 0.12620747382389938, -0.35619559590151534, 0.6076466433875285, -0.0647626702496148, -0.014619295905645884, -0.44369544195963756, 0.05636887075874894], [-0.33636756373826354, -0.7003101577858085, -0.2759151941728748, -0.2568052894049826, 0.5384747903627722, 0.767622648396881, 0.1498407818585165, 0.312694857654072, -0.40991861262629814, 0.576298747186391, 0.2484124924653796, 0.05210388985485464], [-0.049808495996759114, 0.09114715108412604, 0.5963454740250778, -0.12115207798238996, 0.11007156720436072, 0.21042264991234763, 0.47261594963213216, -0.3824082887478347, -0.48539074423737205, -0.5164561562962944, -0.37632335194005867, 0.01612861319702125]], "inverted": true, "swapped": true, "error_lsq": 0.04332573921550353, "error_max": 0.2476304725533959, "target": "562.xyz", "model": "11.xyz", "model_rescale": 3.6694154284099745, "target_rescale": 4.214686854086337},
{"mapping": [13, 7, 1, 2, 10, 14, 12, 4, 8, 0, 3, 9, 6, 15], "R": [[-0.9086743382152221, -0.022043008331999597, 0.41692331771298663], [-0.4171916869403065, 0.08665759259099964, -0.9046775989236354], [-0.01618775515721277, -0.9959942607415005, -0.08793969043021704]], "T": [-0.042351930138046105, 0.056389192110006855, -0.021065484491342663], "aligned_model": [[-0.10358254762214555, 0.050447495189102194, -0.12493052796298432, 0.48995557267263207, 0.5882128470625737, -0.35250524852587983, 0.24466121903664856, -0.5227893976112856, 0.42759675371351025, 0.07047529476954173, -0.42235919087363066, 0.7767939837113548, -0.522534853584056, -0.0011765497195712765], [-0.4743757588244463, 0.2992439739994493, 0.7525294178147247, 0.6101130706051978, -0.10778498743979921, -0.6414822831947105, -0.5442099622666458, -0.16497854373195608, 0.3793435063113849, 0.29791128303352166, 0.361708260159836, -0.2652851200085046, 0.2334134006920644, -0.0051589690138622996], [-0.5119211393293379, -0.6977939133536692, -0.13153425284433898, -0.259966571480811, -0.4138642201982351, 0.04134384562406054, 0.07575375203038051, 0.5089101354948594, 0.23091001887112744, 0.6263401324773596, 0.3547422977817283, 0.21805064256194762, -0.39518493275752736, -0.006690335225128359]], "inverted": false, "swapped": true, "error_lsq": 0.041878880462973944, "error_max": 0.26762973090804193, "target": "562.xyz", "model": "12.xyz", "model_rescale": 3.9764082729961374, "target_rescale": 4.214686854086337},
{"mapping": [9, 2, 7, 1, 12, 10, 8, 3, 0, 5, 4, 5, 6, 14, 13, 15], "R": [[-0.02148516651476884, 0.4692013885419804, -0.8828297936805884], [0.5971636673813112, -0.702185049014967, -0.3877263355764621], [-0.801831616974247, -0.5355242421498079, -0.2651034592198649]], "T": [0.04317401316908764, -0.03301424927553345, 0.041778389993731964], "aligned_model": [[-0.18475453305052536, -0.2498219961046922, -0.557371526050299, 0.2228520277546019, 0.449238891929411, 0.7048729807458146, 0.24124263852101707, 0.021005188991600192, -0.6112113365040224, -0.39872210901824723, -0.5854685449736878, -0.39872210901824723, 0.026148905219481426, 0.36598099463453826, 0.5252720298954406, -0.010741205638393377], [-0.5697857519070211, 0.035109919142034235, 0.3576290261731523, -0.3001283770430938, -0.5237304087311223, -0.0366578134964996, 0.4062762537785476, 0.8059211668288876, -0.22726136205913386, -0.6047611348475223, 0.08361528157212969, -0.6047611348475223, 0.02793120017001771, 0.5080875542027259, -0.09396318476190293, 0.050445520628850396], [-0.10459120486315981, -0.696985408613897, -0.19858921513101946, -0.5056596723316591, 0.0027591635176841545, -0.4146075209477942, -0.4753729517102593, -0.02255945387673857, -0.2055186112228174, 0.46681629638473293, 0.36899362253217777, 0.46681629638473293, 0.8031289029576463, 0.5335227652181048, 0.413729026125053, 0.08320652972409709]], "inverted": true, "swapped": false, "error_lsq": 0.050318909103265586, "error_max": 0.4124469543820191, "target": "562.xyz", "model": "13.xyz", "model_rescale": 4.170626492500431, "target_rescale": 4.214686854086337},
{"mapping": [7, 10, 13, 12, 6, 4, 14, 2, 1, 9, 8, 11, 3, 15], "R": [[-0.402590527498666, 0.3489193503757965, -0.8462719149904944], [0.777390050039795, -0.35779969109084153, -0.5173433010626733], [-0.48330691829051176, -0.8661608788144561, -0.12719966487337148]], "T": [0.03304630855150584, 0.11968917520211904, 0.04793468360666782], "aligned_model": [[0.44800587770323086, -0.01712731901800027, -0.34797395649655194, -0.5700981643700924, 0.30084999587307637, -0.3241374324260776, -0.6578419804052111, 0.6332332353247628, 0.7329956422237702, -0.336383883025105, 0.27962783829097304, -0.493192262761019, 0.22511293763313464, -0.0298875064552475], [-0.20121276975588315, -0.6281834740595499, -0.075231100989174, -0.17269751659202914, 0.43298717528440284, 0.740263883884343, 0.34887420898569665, -0.3975391626346208, 0.23063605578034568, -0.5723448563888823, -0.17545187890238, 0.09747263602420163, 0.6477953131769726, 0.08070595411222274], [-0.45244721309791575, -0.08254540618752791, -0.5379232676892002, 0.10447337693766248, -0.43373337654022087, 0.26703465742886573, -0.191360518828528, 0.18680743110653886, 0.08529117469041575, 0.5129735488014239, 0.5385793780478613, 0.6452273188819759, 0.29907420214185887, 0.06242179542765661]], "inverted": false, "swapped": true, "error_lsq": 0.043177320972713866, "error_max": 0.2588110877716863, "target": "562.xyz", "model": "14.xyz", "model_rescale": 3.9786697098870705, "target_rescale": 4.214686854086337},
{"mapping": [10, 12, 7, 2, 13, 6, 11, 4, 1, 8, 14, 15], "R": [[-0.2008581731894864, 0.4939880919989982, -0.845950210843506], [0.9524819099683727, 0.3003334289496524, -0.05077442898098716], [0.228985164248655, -0.8159507316122303, -0.5308391452553994]], "T": [0.07894129950224957, 0.03321604071767369, 0.06723693047344013], "aligned_model": [[-0.018902986009956907, -0.5488311224910396, 0.5591569557210433, 0.5754237267674172, -0.17997605474310976, 0.47880124541545754, -0.5666904668778924, -0.2511105565549734, 0.76056715607704, 0.17748571844079739, -0.5132022883284645, 0.010633269351017799], [-0.35483417804887996, -0.05775153346072505, 0.08113561695157465, -0.5483925477079363, 0.41283340707479416, 0.5205598188701825, -0.283875149885375, 0.3700814171115791, -0.08529195932616197, -0.569807229391338, 0.5180114503811678, 0.012005377655557207], [-0.5798329805544857, -0.15658564039588102, -0.4737327383565296, -0.18230623175606997, -0.4942364476800043, 0.00025456328192087485, 0.4089852293529113, 0.6488600755629654, 0.22527437229869274, 0.1909092475575824, 0.029105793634955066, 0.04327125092777318]], "inverted": false, "swapped": true, "error_lsq": 0.04251245476453786, "error_max": 0.3051943834571606, "target": "562.xyz", "model": "15.xyz", "model_rescale": 3.769337070930944, "target_rescale": 4.214686854086337},
{"mapping": [7, 1, 13, 6, 10, 8, 12, 0, 14, 5, 15], "R": [[0.4642066197806058, 0.5929713162556934, -0.657949262671412], [-0.5420157404640119, -0.39733232446972405, -0.740503856182218], [-0.7005220562131597, 0.7003656488074471, 0.13695549178258798]], "T": [0.03384895330508631, -0.01007333333065686, 0.021563048996409116], "aligned_model": [[-0.3759429667394397, -0.399716134487702, -0.034348494339808126, -0.5889979131281955, 0.343197802599488, 0.35698196114065417, 0.5617486907250498, 0.3542286157686666, 0.1637094240480993, -0.556929988435152, 0.09869513353950987], [0.08062787095076468, -0.542094917915861, 0.6895510794457651, 0.10555507002908826, 0.19444306981400353, -0.4971546469926778, 0.40667740680383774, -0.5439389543515807, 0.6216272236462572, 0.05249313604499022, 0.02827816015075489], [-0.569533743979336, -0.15901417998625225, -0.1580885157792485, 0.045446626512612366, -0.6427653912610078, -0.19518510425588828, 0.03207705998457878, 0.34178376434553476, 0.43533262966888964, 0.5963920413570163, 0.01777242061687792]], "inverted": true, "swapped": true, "error_lsq": 0.039542570544422645, "error_max": 0.21238583120920715, "target": "562.xyz", "model": "16.xyz", "model_rescale": 3.7852294659196426, "target_rescale": 4.214686854086337},
{"mapping": [8, 11, 12, 9, 0, 4, 5, 14, 10, 7, 6, 13, 15], "R": [[0.27496738107376323, -0.8286844111130436, -0.4875193187184118], [-0.5624807418749633, -0.5498854004533649, 0.617447537356846], [-0.7797489046899823, 0.10444229577365244, -0.617319570796441]], "T": [-0.026017839217707697, 0.17908470296356, -0.10534265403319916], "aligned_model": [[-0.12151382084698399, -0.38876317609511285, 0.1680235764703162, 0.20551350057587528, -0.5976478703000041, -0.6363774056825954, -0.44948693106672494, -0.03717190048226002, 0.6292615545741886, 0.5370724941092293, 0.04327856821114773, 0.5064417969490173, -0.0048645361998106255], [-0.19439764811467253, -0.4900785128069228, -0.3167968973141548, -0.7000720474768904, -0.14456501492876178, 0.20558031414346875, 0.8238464652192061, 0.13053394587766953, -0.1767992935013934, 0.5369290422531903, 0.8077148465406059, 0.2763132012866117, 0.11684722252491739], [-0.595275669593081, 0.12878447369363538, 0.30565518550075155, -0.17694963915635809, -0.3475964540861884, 0.32762059454184317, 0.1918422879368183, 0.6592703280303506, -0.25637723080855285, -0.38894140263801463, -0.061745378108990875, 0.3778066505419154, -0.06833904871095489]], "inverted": true, "swapped": true, "error_lsq": 0.046545579049441003, "error_max": 0.2885693582200065, "target": "562.xyz", "model": "17.xyz", "model_rescale": 3.901054581598922, "target_rescale": 4.214686854086337},
{"mapping": [10, 12, 7, 2, 14, 6, 11, 9, 13, 3, 4, 0, 8, 1, 15], "R": [[-0.6840216809686581, -0.7220877159372798, 0.1034585446316239], [-0.4446416328507307, 0.30029443810617473, -0.8438702914419567], [0.578280345767213, -0.623227551489004, -0.526478167414731]], "T": [-0.05471220795409602, 0.0683172030552514, 0.03984672370078852], "aligned_model": [[0.06996738185371798, 0.13285757034629292, -0.4482125453309284, 0.20682979811456964, -0.3109591382984984, -0.6284593850805603, 0.5494683448903961, 0.6336858983141442, -0.5189496578281467, -0.0028791431810201787, -0.02809759644409634, 0.5201718757206386, 0.48857876728763394, -0.10064296656336255, -0.024272992711746762], [0.02250577454725637, -0.5252316963452957, 0.4566328327475602, 0.6844432433343242, -0.6397995977804761, 0.30045799535739137, -0.41935228364774096, -0.2600108150138297, -0.34509406124663655, 0.2668589611847298, -0.2847745983807211, 0.1680035832162306, 0.349754796570097, 0.7673048731822948, 0.007058342101921279], [-0.7092942904969819, -0.21507902801236645, -0.4291095653913561, -0.4062694294260119, 0.18134834383167697, 0.1769722182413852, 0.2168309942097152, -0.4601129479800204, -0.3342850875998899, 0.6201494416150409, 0.6996314117745022, 0.426845240383865, -0.07961333651736568, 0.15360255813718532, 0.008049882082597597]], "inverted": false, "swapped": true, "error_lsq": 0.03970569744253199, "error_max": 0.24870233274201095, "target": "562.xyz", "model": "18.xyz", "model_rescale": 3.9405287249114394, "target_rescale": 4.214686854086337},
{"mapping": [11, 5, 2, 9, 13, 7, 8, 6, 10, 3, 1, 14, 12, 0, 4, 15], "R": [[-0.8106570845421023, 0.5855004135276755, -0.004935285262277822], [-0.25074505415853793, -0.3547623347692713, -0.9007056143069653], [-0.529114362965825, -0.72892588895441, 0.43440193290925005]], "T": [0.039494994491518505, -0.08337138091664906, 0.11021299213854781], "aligned_model": [[-0.17314448345686567, -0.161913350174566, -0.6869517732276819, 0.3403224595320201, 0.30869237989776316, 0.6836450689893093, 0.29631397367618684, -0.20077043647360135, -0.6745405362447591, -0.592548745730804, -0.3125364090109232, -0.25849418132552465, 0.09071194104595898, 0.250877877305694, 0.6469026924875334, 0.0032338200440506087], [-0.5635346107615041, 0.22217815705347885, 0.23260227960315297, -0.26074762953267694, -0.6931106721185102, -0.06389377935512341, 0.5047937622090386, 0.590410969981386, -0.3777085395875024, -0.19772785756496478, 0.354406914881928, -0.7719713313750611, -0.23840946331458665, 0.5380340463459555, 0.11808242604193228, -0.07943791770441508], [-0.38318433965664117, -0.636336940085665, -0.2472237470770648, -0.5731978284231009, 0.026066632579379315, -0.17318928996807836, -0.29025914406875614, -0.10559553849377566, -0.03615276484804179, 0.6695625264802919, 0.456541562509566, 0.30197201122432, 0.6331652649143746, 0.3147779690473522, 0.4639604736746783, 0.09418171633804635]], "inverted": false, "swapped": false, "error_lsq": 0.04377875379704113, "error_max": 0.2731729811808391, "target": "562.xyz", "model": "19.xyz", "model_rescale": 4.410303926677745, "target_rescale": 4.214686854086337},
{"mapping": [14, 5, 4, 13, 11, 7, 12, 3, 1, 8, 10, 9, 0, 15], "R": [[0.047690212214299144, -0.6829483205094191, -0.728908248802494], [-0.2776247708097225, -0.7100483455763696, 0.647113462676453], [-0.9595051486530981, 0.1715020071533386, -0.22346572723926145]], "T": [0.010005446010378238, -0.1352285093816619, 0.09298912820787136], "aligned_model": [[-0.24557267320523868, 0.36957065011540413, 0.4351848931652671, -0.6426546573694276, 0.2012020258250497, -0.3830552935081315, -0.36190212872909566, 0.5928558122913494, 0.3593021794529624, 0.22867814895616956, -0.5867952468551829, -0.27098863173985444, 0.5940658483885588, -0.02870303732695777], [0.10952693585770953, -0.5856056793290195, 0.0710313078924052, -0.20765223757625892, 0.6294274248016811, -0.6574336162326929, 0.40150091009070554, -0.2556562848613938, -0.6217126564827847, 0.11092997406828203, 0.03383589793615113, 0.6326660464136098, 0.22107492557532063, -0.07098448197251248], [-0.5866351786266513, -0.4996625066833858, -0.4878527761850429, -0.2155388099031364, -0.020695835131982643, 0.40660772823975017, -0.06849196270382851, -0.06398011133517836, 0.47372362108973426, 0.6223577699140719, 0.5335593330825481, 0.49676034179216216, 0.24171116618050376, 0.08495225899545701]], "inverted": false, "swapped": true, "error_lsq": 0.03823399280004163, "error_max": 0.24831249797541682, "target": "562.xyz", "model": "20.xyz", "model_rescale": 4.121658175737393, "target_rescale": 4.214686854086337},
{"mapping": [9, 10, 13, 12, 14, 8, 6, 11, 1, 3, 5, 4, 15], "R": [[0.4746951213772769, -0.4355223354867729, 0.764843014632911], [0.7448575241016454, 0.6617243866563586, -0.08548745459675866], [-0.46888357886556337, 0.6102795518419515, 0.638519426543788]], "T": [-0.05676288913923726, -0.013429942530765158, 0.04529061947008414], "aligned_model": [[0.2432034233415668, -0.1102663712001321, 0.26579941344475005, 0.5056420524802124, 0.6449616023017665, -0.31429564347903444, -0.3058450847437039, 0.49169593907105685, -0.7337293498825127, -0.1660716625439425, -0.0294660953293424, 0.38819542917406297, 0.0012592520295471518], [-0.7110436886696199, -0.18231691774722036, 0.4502767451941685, -0.18061127749817288, 0.29352644845574405, -0.5791870505589235, 0.55279506739074, -0.574657130978395, -0.0026485552596581564, -0.040289010001668984, 0.5338983796393073, 0.023153835110233393, -0.0420699409133512], [0.5502719914481351, 0.7852031232564765, 0.5006251824622435, 0.374260130942369, 0.023493519185348893, 0.0926053525627999, -0.09336676380431819, -0.09034144683273712, -0.1673921493702943, -0.5598431866380646, -0.573619135139062, -0.5558513891942329, 0.08406451060312548]], "inverted": false, "swapped": true, "error_lsq": 0.04975665022079346, "error_max": 0.28027499313951, "target": "562.xyz", "model": "21.xyz", "model_rescale": 4.08911054899281, "target_rescale": 4.214686854086337},
{"mapping": [4, 14, 12, 2, 1, 15, 15, 9, 13, 7, 10, 0, 6, 5, 8, 16], "R": [[-0.9113580453132584, 0.05095775675568648, 0.40844806312336146], [0.19509365744543278, 0.9272425220816856, 0.3196244203251049], [-0.36244306872578114, 0.37097791345311043, -0.8549914675963823]], "T": [-0.004737691226034242, -0.03625319688959901, 0.029082490743279062], "aligned_model": [[-0.1900293942214224, -0.18953228573539133, -0.6451306142481169, 0.2833214068289932, 0.6606188822609483, 0.47205889674461127, 0.47205889674461127, -0.13263995119002508, -0.5981991452165004, -0.5884971518632018, -0.4185386968983044, -0.11388452224236473, -0.0548461268293278, 0.15244783359491737, 0.4827411699862681, -0.032148900381904585], [-0.6374310476529531, 0.2568769221174215, 0.2960036628422078, -0.4543421045937877, -0.4671269570559364, 0.12546486713964294, 0.12546486713964294, 0.6627393921862793, -0.26857029188296827, -0.17343957180564928, 0.422850527385708, -0.7412886927416754, -0.24207379107730054, 0.531632454657046, -0.047668462195818134, -0.07512501965933281], [-0.2718234121904825, -0.5110547854357642, -0.12735212607306565, -0.4842180553851031, 0.06966344913292992, -0.49819286365929305, -0.49819286365929305, -0.021887930832598716, -0.14573809165365123, 0.4114448563906188, 0.5478578826771078, 0.33089587190286884, 0.743709075919748, 0.4170614225196995, 0.5220288059229533, 0.030887328570210013]], "inverted": false, "swapped": false, "error_lsq": 0.04292286253920952, "error_max": 0.3382961060855267, "target": "562.xyz", "model": "22.xyz", "model_rescale": 4.204369325754507, "target_rescale": 4.214686854086337},
{"mapping": [11, 5, 2, 9, 13, 7, 8, 6, 10, 3, 1, 14, 12, 0, 4, 15], "R": [[-0.8106570845421023, 0.5855004135276755, -0.004935285262277822], [-0.25074505415853793, -0.3547623347692713, -0.9007056143069653], [-0.529114362965825, -0.72892588895441, 0.43440193290925005]], "T": [0.039494994491518505, -0.08337138091664906, 0.11021299213854781], "aligned_model": [[-0.17314448345686567, -0.161913350174566, -0.6869517732276819, 0.3403224595320201, 0.30869237989776316, 0.6836450689893093, 0.29631397367618684, -0.20077043647360135, -0.6745405362447591, -0.592548745730804, -0.3125364090109232, -0.25849418132552465, 0.09071194104595898, 0.250877877305694, 0.6469026924875334, 0.0032338200440506087], [-0.5635346107615041, 0.22217815705347885, 0.23260227960315297, -0.26074762953267694, -0.6931106721185102, -0.06389377935512341, 0.5047937622090386, 0.590410969981386, -0.3777085395875024, -0.19772785756496478, 0.354406914881928, -0.7719713313750611, -0.23840946331458665, 0.5380340463459555, 0.11808242604193228, -0.07943791770441508], [-0.38318433965664117, -0.636336940085665, -0.2472237470770648, -0.5731978284231009, 0.026066632579379315, -0.17318928996807836, -0.29025914406875614, -0.10559553849377566, -0.03615276484804179, 0.6695625264802919, 0.456541562509566, 0.30197201122432, 0.6331652649143746, 0.3147779690473522, 0.4639604736746783, 0.09418171633804635]], "inverted": false, "swapped": false, "error_lsq": 0.04377875379704113, "error_max": 0.2731729811808391, "target": "562.xyz", "model": "23.xyz", "model_rescale": 4.410303926677745, "target_rescale": 4.214686854086337},
{"mapping": [5, 0, 3, 12, 6, 13, 7, 1, 4, 8, 10, 15, 9, 11, 14, 16], "R": [[-0.20833979867189834, -0.9587379118104578, -0.19343253280323824], [-0.7878588686719539, 0.047320526685122155, 0.6140351543757017], [-0.5795454523540859, 0.2803254968988115, -0.7652089155545252]], "T": [0.007206668523235149, -0.027465003534541687, 0.05476189922733895], "aligned_model": [[-0.17304085663081595, -0.1628280169117703, -0.7522079331410573, 0.2446437722920578, 0.4745803285277812, 0.6729506490828161, 0.3398755418650472, -0.19438036324301855, -0.6439055039765752, -0.5904673505994267, -0.42289947593762767, 0.08508132883744779, -0.029700219685675502, 0.26045148150268466, 0.5322053823976961, -0.08055846704577306], [-0.5644376200631014, 0.10927132765966645, 0.3162748072235761, -0.31306255740302585, -0.6089769718192992, -0.10980155847019542, 0.4258942519451206, 0.7878215774840494, -0.24759385694997765, -0.2875790344992614, 0.26304844048954357, -0.6253586270937536, -0.09248245643887786, 0.4175081957779801, -0.1925930621460987, 0.03603389910618249], [-0.21868511977679042, -0.6682714281972923, -0.283444236011362, -0.6581430690271327, -0.09119625380064225, -0.15545767145804976, -0.29981912517006665, -0.12132276508226256, 0.016283337563304252, 0.5555943312996866, 0.44769266871974067, 0.4365641294761037, 0.6767189685246913, 0.4270351902426161, 0.4487911680691036, 0.0027484387752376924]], "inverted": true, "swapped": false, "error_lsq": 0.032555920178384816, "error_max": 0.2806909354004325, "target": "562.xyz", "model": "24.xyz", "model_rescale": 4.28219845311461, "target_rescale": 4.214686854086337},
{"mapping": [2, 4, 7, 2, 6, 0, 1, 3, 13, 12, 9, 14, 11, 5, 10, 15], "R": [[-0.9130626301910325, 0.20572748239358146, -0.35212616536780206], [-0.09959045420585672, -0.9497753439750567, -0.2966623289333075], [-0.3954723438872878, -0.23580288158769697, 0.887692867074662]], "T": [-0.053377912741628564, 0.011082487602860402, 0.06012124194942896], "aligned_model": [[-0.027074745095044414, -0.1492693150183221, -0.7200605206907629, -0.027074745095044414, 0.7070248001249972, 0.43592039533712773, 0.35967376791468403, -0.1129234265109379, -0.5555297885660029, -0.5380991126936645, -0.4740837045730986, 0.020020943453811585, -0.07758594105302302, 0.29936437858468984, 0.4333027777972482, -0.013805466582867597], [-0.5546943187768232, 0.18633610006271484, 0.2961782937172098, -0.5546943187768232, -0.4590878937769505, -0.11982645693312907, 0.4723315738692911, 0.7331873797086992, -0.2806840718445943, -0.3278869925491246, 0.42431833812786185, -0.6924601758206899, -0.0686337809539031, 0.5854183035465894, -0.32487263136528904, -0.0009625934325123084], [-0.3245666485832482, -0.6432560275972152, -0.22236891247081841, -0.3245666485832482, -0.053565440204905765, -0.5794131089556229, -0.10271299392266732, -0.21385722699765497, -0.06490765603524344, 0.5444403000873218, 0.390449037387845, 0.34258354659684026, 0.5982070707363011, 0.5806900917169223, 0.589253439347751, -0.0013202583754727479]], "inverted": false, "swapped": false, "error_lsq": 0.04668421363282123, "error_max": 0.3519809250789658, "target": "562.xyz", "model": "25.xyz", "model_rescale": 4.100010024507729, "target_rescale": 4.214686854086337},
{"mapping": [1, 7, 10, 13, 0, 11, 8, 14, 6, 4, 3, 15], "R": [[-0.3305302217800884, -0.27150085847829536, -0.9039010213156939], [-0.10758241508659253, 0.9623258193862811, -0.24970991431390743], [0.9376437470884889, 0.014707181513517235, -0.3472864845596309]], "T": [0.0012022455968451803, 0.015732159870528235, -0.020257836656668488], "aligned_model": [[-0.6142539515541418, 0.021790419141519295, 0.3382454540815202, 0.6659906227170227, -0.4459569259766765, 0.12620747382389938, -0.35619559590151534, 0.6076466433875285, -0.0647626702496148, -0.014619295905645884, -0.44369544195963756, 0.05636887075874894], [-0.33636756373826354, -0.7003101577858085, -0.2759151941728748, -0.2568052894049826, 0.5384747903627722, 0.767622648396881, 0.1498407818585165, 0.312694857654072, -0.40991861262629814, 0.576298747186391, 0.2484124924653796, 0.05210388985485464], [-0.049808495996759114, 0.09114715108412604, 0.5963454740250778, -0.12115207798238996, 0.11007156720436072, 0.21042264991234763, 0.47261594963213216, -0.3824082887478347, -0.48539074423737205, -0.5164561562962944, -0.37632335194005867, 0.01612861319702125]], "inverted": true, "swapped": true, "error_lsq": 0.04332573921550353, "error_max": 0.2476304725533959, "target": "562.xyz", "model": "26.xyz", "model_rescale": 3.6694154284099745, "target_rescale": 4.214686854086337},
