[{"mapping": [3, 8, 10, 5, 11, 9, 0, 4, 2, 1, 6, 12], "R": [[-0.6089898554580434, 0.5005046863177921, -0.6153262670511636], [0.7742734366946857, 0.2067586685168329, -0.5981233135584559], [-0.17213948175300162, -0.8406818137482664, -0.5134414152118361]], "T": [-0.010885318465690007, -0.028602514041858054, 0.09495928172395346], "aligned_model": [[-0.17048385747226263, 0.07991445413837063, 0.531737381245185, -0.12896826813435994, -0.005522674359736123, -0.5514049435190567, 0.3439711284402286, -0.2589668708420811, 0.47639610456331666, 0.2835848511324927, -0.6493415752935212, -0.11327326743802697], [-0.364716720187578, -0.7538126422599488, -0.31178472177606703, 0.6124328075651562, 0.3914281757811979, -0.5864802816451559, -0.3098843784600183, -0.40283751889260694, 0.3290503175384395, 0.4096668255325802, 0.1709085213967479, -0.1304153486156892], [-0.6168233329774504, -0.1716812321499867, -0.4996871045972389, 0.07950798117886163, -0.6095487179950547, 0.18135635460426136, 0.47660004610484014, 0.703276139836339, -0.12070038122155272, 0.563462038802859, 0.27756545347310096, -0.08137549970541619]], "inverted": false, "swapped": true, "error_lsq": 0.04787709443507173, "error_max": 0.24276602791336058, "target": "564.xyz", "model": "0.xyz", "model_rescale": 3.751011558992144, "target_rescale": 3.9778756270531184},
{"mapping": [11, 10, 5, 3, 6, 8, 1, 0, 12, 7, 13, 2, 14], "R": [[-0.6317044737839077, -0.5181430194901396, -0.5766084192543823], [-0.5804097485057625, 0.809192989084786, -0.09127557315901905], [0.5138812913902142, 0.27700995969399855, -0.8119060909917202]], "T": [0.049198797615534196, 0.03286711550527596, 0.0116107522658139], "aligned_model": [[-0.6424104790571712, -0.15290436390520085, 0.09522621877156803, -0.07834212527153178, -0.13248593519585417, 0.6423807441737317, 0.47367367447305003, 0.4314988570207269, -0.5799793078692967, -0.10903823062957602, -0.24789518806204025, 0.4297296466226237, -0.004994391074165994], [-0.34764967798343405, -0.20490502102039068, 0.5430343446388677, 0.4061772281354171, -0.6930314820218966, 0.19805249423005536, -0.4490336799482836, 0.05165586718826467, 0.08968349520074603, -0.34123405185980826, 0.6892077577976417, 0.7291361090818094, 0.0401157556199567], [-0.10507072535597475, -0.7467245768097899, -0.34573630846856374, 0.665658733923094, 0.073154470397556, -0.23591141052542366, 0.2823103120989614, 0.6665902678908954, 0.40261192189837436, 0.5357160692255655, 0.1035581461931949, 0.24429909216700785, 0.015401261400202364]], "inverted": false, "swapped": false, "error_lsq": 0.043755149849967055, "error_max": 0.24833203556065653, "target": "564.xyz", "model": "1.xyz", "model_rescale": 3.9405287249114394, "target_rescale": 3.9778756270531184},
{"mapping": [2, 4, 8, 11, 1, 3, 7, 6, 5, 0, 9, 10, 12], "R": [[-0.7713977258014147, 0.09902591265639196, -0.6286011591231555], [0.3903352762473933, 0.8537882043740784, -0.34450555030152774], [0.5025772783814217, -0.5111160051243318, -0.6972635861426204]], "T": [0.029889176379220284, 0.0010354382045901361, 0.11540573265661311], "aligned_model": [[-0.6240130026704483, 0.1657675115594448, -0.0319232785569116, -0.0033315167474510243, -0.1609208547806672, 0.5491213939325309, 0.7012867144455461, 0.32088953560865996, -0.5709276468300133, -0.2577983202448255, -0.25221306800786025, 0.33127152633660717, -0.04274987404774819], [-0.17702319289980856, -0.16413495688951024, 0.5142788148692949, 0.43935451177345936, -0.7438046868650356, 0.16867780816350658, -0.4153323998765243, -0.1299188784841514, 0.16210503975063933, -0.45706696289675125, 0.7527903611010122, 0.782835536097635, -0.021551854784820607], [0.04557241936751219, -0.5523902994489391, -0.46204576040089307, 0.6761080282922689, -0.07441273971447382, -0.055162783248640546, 0.04631866840955759, 0.5553210100207275, 0.49110775392255046, 0.7559586833697094, 0.04014640298363596, 0.018223402056038257, 0.0711124684260463]], "inverted": true, "swapped": false, "error_lsq": 0.0539619033726538, "error_max": 0.3180022497836143, "target": "564.xyz", "model": "2.xyz", "model_rescale": 3.932901565614263, "target_rescale": 3.9778756270531184},
{"mapping": [5, 12, 6, 0, 9, 10, 8, 3, 4, 7, 2, 1, 13], "R": [[0.48560216961777103, 0.8585535462580015, 0.16454890175970016], [0.5144591900646006, -0.12848621151827555, -0.8478343206120852], [-0.7067688976041524, 0.4963638802909523, -0.5040839451142245]], "T": [0.144847568608837, 0.026173116008007882, 0.18500324696468207], "aligned_model": [[-0.4264270818626643, 0.02387626885152877, -0.18912203350369342, 0.0020810498911617292, -0.004721397326845761, 0.4470684020963446, 0.5327391196711129, 0.4213462414545056, -0.656127693232117, -0.27114606301593036, -0.2842991469124919, 0.4186352069994702, 0.11055624688648241], [-0.20953955852662942, -0.17935707222952607, 0.3290295237345758, 0.448984105406, -0.6536870093921889, 0.22583810784063124, -0.5589916744194823, 0.000496319921300184, 0.28052862683863733, -0.43944103052147415, 0.7402467079044929, 0.7145013972780369, 0.012600695224571877], [-0.18226299766863463, -0.5404297937204017, -0.3282555199799415, 0.6848021240347826, -0.04996967425945459, -0.4330112343736011, 0.3992671921126286, 0.6134593872387182, 0.42368359505953557, 0.5312622718960212, 0.17352042973164317, 0.1886263920737125, 0.07516508189009152]], "inverted": false, "swapped": false, "error_lsq": 0.05179684073019723, "error_max": 0.2777322765610593, "target": "564.xyz", "model": "3.xyz", "model_rescale": 3.9243930471874484, "target_rescale": 3.9778756270531184},
{"mapping": [1, 0, 5, 11, 7, 3, 4, 10, 9, 8, 11, 6, 12], "R": [[-0.7071612012427471, 0.5648242403808028, -0.4253194245918752], [0.697909215179151, 0.4611805989735788, -0.5479372067111269], [-0.11333914956861232, -0.6843142791207998, -0.720325068678332]], "T": [0.03931926420388873, -0.007327169041368729, 0.15495137795911365], "aligned_model": [[-0.4916016140884819, 0.10844294952340436, -0.154800670654364, -0.18253878121847045, -0.12178940897316817, 0.6488264105057159, 0.3687542766302123, 0.44353109608979935, -0.5702535672275216, -0.12193543574371504, -0.18253878121847045, 0.37055472880876117, 0.00980791756316211], [-0.20130076890401605, -0.07199332869997441, 0.4408996306557486, 0.6613472695844613, -0.7662178759901964, 0.01783410206160499, -0.4973180473752751, 0.11750417773947683, 0.08173852699135392, -0.3771756842638552, 0.6613472695844613, 0.6096656046236043, 0.03487826305155104], [-0.2816921420112024, -0.6902483364773313, -0.4238692217942044, 0.5152118173599991, -0.047650816614422636, -0.12933952834666237, 0.21617866907436092, 0.7190060289843745, 0.4987182419058508, 0.6382166947870003, 0.5152118173599991, -0.021455818520814657, 0.04756984832815278]], "inverted": true, "swapped": false, "error_lsq": 0.055099801439295396, "error_max": 0.46148499259521003, "target": "564.xyz", "model": "4.xyz", "model_rescale": 3.8936222436046832, "target_rescale": 3.9778756270531184},
{"mapping": [1, 0, 6, 5, 9, 8, 10, 3, 11, 2, 7, 12], "R": [[-0.7295206287699715, -0.6160216385353288, 0.2971817508786742], [-0.4591306513474378, 0.11901919239750164, -0.8803598564418553], [0.5069503892811831, -0.7786859268648016, -0.369661372218361]], "T": [-0.13956767223942768, -0.13697536869556973, -0.1545519156468303], "aligned_model": [[0.025552537021580474, -0.5549625549909086, -0.08558884976993222, 0.4201570575850355, -0.6926715262512687, -0.6353307468228164, -0.06857468024804447, -0.09006946364701121, 0.5719203047533269, 0.3003007126983279, -0.01679751966948162, -0.14638722844370997], [-0.6840499329203361, -0.5590052534741557, 0.3076889034440249, -0.15173597752789023, 0.411088621873841, 0.03986870653032107, -0.3032632645150808, 0.3761545654841878, 0.0797456579679077, -0.54325184781521, 0.6465449015836806, 0.04913782447851742], [-0.5689578348330984, -0.1490632057680329, -0.6838306993824348, -0.4886162215650583, -0.22204644708855187, 0.41835003002200083, 0.679441017522044, 0.46134299569112397, 0.1912846284166962, 0.07636592652814522, -0.07180506408956824, -0.023180406177747415]], "inverted": true, "swapped": true, "error_lsq": 0.03836920413608718, "error_max": 0.24643590088772602, "target": "564.xyz", "model": "5.xyz", "model_rescale": 3.6523030999806103, "target_rescale": 3.9778756270531184},
{"mapping": [7, 11, 3, 1, 9, 4, 10, 6, 5, 8, 0, 2, 12], "R": [[-0.18598742972838944, -0.9822521046883446, -0.02427918487810049], [-0.36271078083522273, 0.09160162666205063, -0.9273888243119871], [0.9131536373737612, -0.16367634168744083, -0.37331017897036467]], "T": [0.030971273245587697, 0.00048724862038908995, 0.17672395020772186], "aligned_model": [[-0.459534970552534, 0.05872263034280404, -0.15594320176076643, 0.03620858668598586, -0.04586379717718231, 0.4226916091012692, 0.6759452821870956, 0.41803755919328717, -0.5983327997627286, -0.20395039681127558, -0.5580686793413745, 0.5898522219689437, -0.05530492407666092], [-0.05524602936023005, -0.3066271302138536, 0.512809579400175, 0.5801834322701444, -0.7086841560688091, 0.13553521415763403, -0.4325305675071395, -0.09938034449771282, 0.08774250842897724, -0.3642602360636898, 0.7983935399184167, 0.5140320111973512, 0.049241317397681485], [-0.2956270699221986, -0.6475815900099202, -0.25365903199004847, 0.5592154810986409, 0.05910096816373772, -0.22007426980880068, 0.10477160227481015, 0.6893940353497754, 0.422216176800793, 0.6919658196446135, 0.11721584099499915, 0.18836423340750338, 0.14055505803119475]], "inverted": true, "swapped": false, "error_lsq": 0.0474103425299467, "error_max": 0.23713405566141352, "target": "564.xyz", "model": "6.xyz", "model_rescale": 4.08911054899281, "target_rescale": 3.9778756270531184},
{"mapping": [5, 7, 6, 9, 12, 2, 13, 1, 8, 11, 3, 0, 14], "R": [[-0.8529945591627196, 0.5219189426079061, 0.0009483595538559708], [0.3738696502330686, 0.6097613556643995, 0.6988652042940161], [0.3641727154433746, 0.5964827797056335, -0.7152527712922474]], "T": [-0.107274384635175, -0.013097806433267321, 0.11572055549063583], "aligned_model": [[-0.5942841597818486, 0.11184744301923702, 0.011861689711347295, -0.058360119645228296, -0.16754152555658755, 0.6086915249109558, 0.4085363436665296, 0.51174755983897, -0.6363653685045848, -0.07614555786953206, -0.27513086878396265, 0.35255066984955286, -0.07294851085798512], [-0.30403271233800533, -0.1886178541787417, 0.34288775395092974, 0.3737885057117316, -0.722187444911376, 0.14965601569817313, -0.5307000643246317, 0.12598292358577703, 0.22758004090788023, -0.35916740474048287, 0.7603831938700517, 0.8073518899906408, 0.028284295836999103], [-0.3928849783183426, -0.6057136424943693, -0.21325336906984443, 0.7957820851062481, 0.07620252999162037, -0.21751142532849826, 0.0718831565457833, 0.48370756837589174, 0.472492019977799, 0.5887933746515276, 0.11738763819953103, 0.10680999939558546, 0.2721622970021684]], "inverted": true, "swapped": false, "error_lsq": 0.044914781522959885, "error_max": 0.24588145416474033, "target": "564.xyz", "model": "7.xyz", "model_rescale": 3.964800864290218, "target_rescale": 3.9778756270531184},
{"mapping": [10, 3, 6, 12, 5, 0, 1, 7, 9, 8, 11, 4, 13], "R": [[0.36667229539536617, -0.0915431382480279, -0.9258354506224072], [0.1732663595939154, 0.9844562149773679, -0.028718102749067588], [0.9140734086617798, -0.1498860054579361, 0.376834166372024]], "T": [0.11230943997771588, 0.08793423081531776, 0.0797488645355131], "aligned_model": [[-0.6517954511867662, 0.11479605057055726, 0.03996130769944062, -0.0316897716592313, -0.25659710856377144, 0.6552638183906923, 0.614600342820058, 0.4320938679392617, -0.4554139225227693, -0.19267844162210856, -0.44457850897800316, 0.2389606995508492, 0.061536237558654325], [-0.1645955523011262, -0.12924674822840507, 0.4634063906714451, 0.43848314423013407, -0.6486666533755607, -0.01537323986164392, -0.4296625988442026, -0.026949714803837024, 0.10986956442287478, -0.4079712206702275, 0.701943829351305, 0.7800695018014883, 0.03990243666670175], [-0.08610178196581454, -0.6121968954860194, -0.35647610965482174, 0.7332430294981382, -0.0630720681767593, -0.3759785561747735, 0.28691368302705356, 0.7053627739349082, 0.468420643288849, 0.58186215520949, 0.08091063355231541, 0.07847602547220893, 0.11449372151032546]], "inverted": false, "swapped": false, "error_lsq": 0.037113922783059985, "error_max": 0.22848821854321982, "target": "564.xyz", "model": "8.xyz", "model_rescale": 4.121658175737393, "target_rescale": 3.9778756270531184},
{"mapping": [0, 4, 5, 11, 1, 9, 6, 8, 3, 2, 10, 7, 12], "R": [[-0.4123842839899229, 0.7628022248968385, -0.4980682362995575], [0.030319307745887203, -0.5349262999035679, -0.844354542386839], [-0.9105053222776509, -0.36329962753065326, 0.19746756376721686]], "T": [0.03605348944950934, 0.09971454158971232, 0.1533941453850432], "aligned_model": [[-0.5943014043820304, 0.049741708308105606, -0.096102094256101, -0.0022906664883342587, -0.09994694852529315, 0.6947692156460985, 0.5868611767329787, 0.43116208738233675, -0.5894774158662262, -0.25571382306707324, -0.5186591585596042, 0.49704892331368156, 0.021367519758325], [-0.15462507895139227, -0.2953147701685999, 0.4498645315088924, 0.5307793280580211, -0.5510144843529832, 0.10005303252388215, -0.3202318368914952, -0.05750312035217739, 0.16925675435525267, -0.38338007895524434, 0.6160839238208526, 0.5896664726359724, 0.017574465827964403], [-0.24257088888933953, -0.6415224497587231, -0.33818269757117664, 0.6178776759067937, -0.028230003284298977, -0.3558045334429118, 0.17432213917153055, 0.7447697792594705, 0.6293762444271928, 0.5581630594659801, 0.10716244815995152, 0.2047870002739239, 0.1257094803167071]], "inverted": true, "swapped": false, "error_lsq": 0.03941854896024856, "error_max": 0.23523096214051215, "target": "564.xyz", "model": "9.xyz", "model_rescale": 3.833441315466971, "target_rescale": 3.9778756270531184},
{"mapping": [2, 13, 5, 6, 8, 0, 10, 12, 7, 11, 4, 1, 14], "R": [[0.5843813762726329, -0.8046477802226522, -0.10507310240238421], [-0.5334587889495346, -0.2833605322599857, -0.7969495148689367], [0.6114900878658619, 0.5217746242776626, -0.5948370481919434]], "T": [-0.04546109771036455, 0.06011685106001302, 0.17776504643043617], "aligned_model": [[-0.4600477801115983, 0.10236525696205342, -0.04281902488127352, -0.014699759031746994, -0.18367286760490392, 0.5289524264770171, 0.4567239612550603, 0.36825525215263133, -0.51975493936257, -0.0307098912710764, -0.4449597800218871, 0.5006200018922897, -0.1357937364571323], [-0.04569614850761761, -0.06649368420108837, 0.44894761833604957, 0.6325266113623633, -0.7014891454016714, 0.08226776687734248, -0.5902434488338626, 0.14442937111435103, -0.1397687334485842, -0.3931494193176224, 0.7497509484176017, 0.554613916918254, 0.035513485743429746], [-0.3997916579940504, -0.5954126062728844, -0.3756234747169627, 0.5419495798722349, 0.08604168412309543, -0.18744913985310913, 0.15335622848054498, 0.6075908694435477, 0.6008549679108055, 0.6873424900934229, 0.1509658919031034, 0.12412721064102958, 0.1619052104043222]], "inverted": false, "swapped": false, "error_lsq": 0.04408927449091516, "error_max": 0.2780769073825107, "target": "564.xyz", "model": "10.xyz", "model_rescale": 4.2482417240324, "target_rescale": 3.9778756270531184},
{"mapping": [10, 0, 1, 4, 11, 5, 2, 6, 9, 7, 3, 12], "R": [[-0.3164882706940144, 0.9203503264255608, 0.2297617269291743], [-0.9479013597193204, -0.29756879026006655, -0.11373577847548423], [-0.03630684171579904, -0.25378749321336697, 0.9665783576788276]], "T": [0.036693024876169364, -0.02395328567637544, 0.03300699365040068], "aligned_model": [[-0.7933969184155071, 0.12046268701053377, 0.36238838050913463, 0.6010781501244903, -0.47515124508378354, 0.20741209173581177, -0.3246122500042414, 0.5548049025594637, 0.27855617524876597, -0.03459530030916404, -0.5421004833327031, -0.07808058767979424], [-0.2198329128295703, -0.5854268495796867, -0.07288651488394116, -0.4595220552247729, 0.6112546591539677, 0.5084871720667491, 0.09512921449827405, 0.35318746385483224, -0.20117964999260562, 0.4538880087364097, 0.14684469312009346, 0.036188161130889594], [0.061603138424459324, 0.2015962547024788, 0.6573591399453976, -0.21877658949468212, 0.11851939127023262, 0.3683736115593119, 0.5498683676029272, -0.2317589338247932, -0.6887592809421784, -0.6013503486964354, -0.496997788508661, -0.1544846721837005]], "inverted": true, "swapped": true, "error_lsq": 0.05052537547457591, "error_max": 0.2694887702348776, "target": "564.xyz", "model": "11.xyz", "model_rescale": 3.6694154284099745, "target_rescale": 3.9778756270531184},
{"mapping": [10, 9, 8, 1, 7, 11, 6, 0, 12, 5, 2, 4, 13], "R": [[-0.7902443546406657, 0.6078289788991575, 0.07783182105646672], [-0.47211275874076836, -0.6848698699664717, 0.5550340568346139], [0.3906704531862363, 0.40186713429007365, 0.8281783644751564]], "T": [0.0190835222931229, 0.04326441694136038, 0.12877194284834015], "aligned_model": [[-0.5465561713402423, -0.07013919328394577, -0.016222005947300062, -0.11332879315665459, -0.18032360431003633, 0.557169518542626, 0.4716059073536382, 0.2868971672904141, -0.5325825929977807, 0.0009219655274858296, -0.3885778654254505, 0.5951057058336374, 0.060489081910472316], [-0.08061362444905384, -0.16312812476482047, 0.4975526773167125, 0.7388677020019111, -0.633431883227661, 0.024168750623448476, -0.2785051564144916, 0.0929521488146777, -0.007213471407036903, -0.6078202782746669, 0.5477100136464426, 0.4884707283527917, 0.09219965684069231], [-0.13244588800566204, -0.6420248479099017, -0.4753584631666947, 0.5925353983208049, -0.10464663753242864, -0.3763294975328265, 0.2362087435043806, 0.7894873469975159, 0.5223262342672235, 0.598164816662998, 0.05353627098626587, 0.2616946049452822, 0.232709172498143]], "inverted": true, "swapped": false, "error_lsq": 0.05097268315886716, "error_max": 0.3074522094748922, "target": "564.xyz", "model": "12.xyz", "model_rescale": 3.9764082729961374, "target_rescale": 3.9778756270531184},
{"mapping": [4, 6, 14, 8, 5, 13, 12, 1, 7, 9, 3, 11, 15], "R": [[0.22749673492568873, -0.7250235743072049, 0.6500661907044203], [-0.701328807629678, 0.34113756724093575, 0.6259097888719029], [-0.6755613511642631, -0.598302579733483, -0.4308722361644738]], "T": [0.028986582708237577, -0.010830947742728143, 0.19700033203112122], "aligned_model": [[-0.6055078877259866, -0.03612433464520136, 0.09655107592145658, 0.05573980438260116, -0.16670582217779445, 0.48349891102766734, 0.5962601429302643, 0.3174050206911486, -0.6683244899331888, 0.03533434612504306, -0.3188518417135655, 0.38992439908188076, -0.05474020396746128], [-0.2129553001903546, -0.12506609037618727, 0.49345935044006844, 0.5702733400087998, -0.7836258624742578, 0.0367191454489501, -0.29137640184511715, -0.06668769572697816, 0.16585378797084838, -0.5492251753612367, 0.7504597324574931, 0.6882156207779573, 0.03516468792896005], [-0.07212089514215247, -0.5555750504576619, -0.4193878362448572, 0.5985659039311292, -0.062453726078840255, -0.20998625033986107, 0.278905710387972, 0.7600433202630298, 0.42845976921283735, 0.4645643207969785, 0.10818379049941594, 0.08928549321913917, 0.14737270398797125]], "inverted": false, "swapped": false, "error_lsq": 0.043845819061081474, "error_max": 0.23747239145366197, "target": "564.xyz", "model": "13.xyz", "model_rescale": 4.170626492500431, "target_rescale": 3.9778756270531184},
{"mapping": [0, 7, 8, 5, 1, 10, 9, 11, 2, 3, 4, 12, 13], "R": [[0.00020798998711881594, 0.048819304498011584, 0.9988076052215942], [0.32504873467861384, 0.9445663396288967, -0.046235809973441816], [-0.9456972437434708, 0.32467076485017643, -0.01567219281415638]], "T": [-0.07523654138793379, 0.051460723949337615, 0.16317717055437783], "aligned_model": [[-0.4869465128081783, 0.021598531530525295, -0.006457358316105319, 0.284726093202987, -0.08582710540119819, 0.416709809439943, 0.5348306864965634, 0.43060296440127643, -0.7071218575022062, -0.17491853928430162, -0.40754744927310466, 0.32956182230267506, -0.024751964792012165], [-0.1926228665567118, -0.16268713255228753, 0.49033576238198956, 0.6436418833957197, -0.6756839759912632, 0.08597336398150676, -0.48156426701250027, -0.029012269917186258, 0.05198361485822548, -0.4251235280049421, 0.6719870943779797, 0.6584763149584979, 0.07550514513991735], [-0.19287971648293126, -0.6128340839371044, -0.4319819824640678, 0.7522172408817954, -0.08574630201805947, -0.11091400143037392, 0.16021491882025396, 0.6503220594449743, 0.3466242776468797, 0.6514440591659769, 0.07611618792604961, 0.10506969933614074, 0.24820489714556648]], "inverted": false, "swapped": false, "error_lsq": 0.04644970767100131, "error_max": 0.38901048856886744, "target": "564.xyz", "model": "14.xyz", "model_rescale": 3.9786697098870705, "target_rescale": 3.9778756270531184},
{"mapping": [7, 9, 5, 11, 6, 1, 8, 0, 2, 10, 4, 12], "R": [[0.4270749340112471, 0.5810540450506527, -0.6928081967395904], [0.046951839874874224, -0.7794142984153768, -0.6247470497393566], [-0.9029964149827248, 0.23428518552383934, -0.3601498665450358]], "T": [0.07316177866657697, 0.06400317632657297, 0.005705497018948149], "aligned_model": [[-0.19946924393780324, -0.674372243465531, 0.5770014359702462, 0.584348408442197, -0.0836899133005159, 0.4902912929817408, -0.4577846652192657, -0.08674423228162997, 0.6497946500109313, 0.19881819007565504, -0.48949218840083514, -0.025346894107853304], [-0.3806083238015866, 0.027309298827675618, 0.2126342028126479, -0.5135570610516549, 0.3122870486790374, 0.6164644650747713, -0.377686771946753, 0.3512378810380596, -0.07242706904282943, -0.6006457399141222, 0.5681729495702981, -0.1285063900211046], [-0.5974665391453905, -0.2194610368293252, -0.3805107985106598, -0.2733974620326633, -0.622409718974101, 0.14382508616765802, 0.36386378009124004, 0.49826874196360893, 0.25217890982843916, 0.5259825061164609, 0.03535424808064352, -0.06626122288208047]], "inverted": false, "swapped": true, "error_lsq": 0.0520947015744248, "error_max": 0.31743528879749433, "target": "564.xyz", "model": "15.xyz", "model_rescale": 3.769337070930944, "target_rescale": 3.9778756270531184},
{"mapping": [6, 1, 9, 4, 7, 11, 3, 2, 8, 0, 12], "R": [[-0.12293545914071513, -0.8828983024253718, -0.45318590055324826], [0.386412485873739, 0.37802776950121453, -0.8412968538196339], [0.9140964192287043, -0.2785419053936655, 0.29468991040231995]], "T": [-0.07074224868212702, -0.08019643605695115, 0.025076363555080215], "aligned_model": [[-0.3075955092815829, -0.5085222148397568, -0.20818098879188296, -0.7010466584538709, 0.3305895613946955, 0.6342812538824139, 0.6219379552982247, 0.18942289159009945, 0.1980215222242963, -0.4214766110728569, 0.09519492874139131], [0.03649277434480694, -0.6272918218304406, 0.6618112310155778, 0.3373404742700281, 0.3200508756450592, -0.41902083217284203, 0.3249364722222111, -0.6146336257784744, 0.5282716913507965, -0.01802942435043689, 0.06613668290905597], [-0.6160634185708538, 0.11065012285730097, -0.17836585816593534, 0.030073851497846492, -0.5357787277465251, -0.22175546065210436, -0.008693526290366856, 0.2670656472393817, 0.42856622190479904, 0.4981650739385845, -0.02964631878835025]], "inverted": true, "swapped": true, "error_lsq": 0.047114543376016844, "error_max": 0.2654859513266394, "target": "564.xyz", "model": "16.xyz", "model_rescale": 3.7852294659196426, "target_rescale": 3.9778756270531184},
{"mapping": [8, 9, 0, 1, 11, 10, 6, 5, 2, 7, 3, 4, 12], "R": [[-0.7142437722225865, 0.67540364118466, -0.1835367955363526], [-0.45439162217216933, -0.6469321352035249, -0.6123782051483809], [-0.5323383205640886, -0.35398973702003156, 0.7689650047586656]], "T": [-0.042571458076095685, 0.09765394301205925, 0.13185691625371024], "aligned_model": [[-0.5040618584225973, -0.018891467588732773, 0.004277865341477678, -0.12645915941475633, -0.2491914412552381, 0.6130271281845012, 0.5803600882701057, 0.43186087997334416, -0.5262498210757156, 0.022689450512819502, -0.5622927581901674, 0.47060032235003196, -0.011210108688208723], [-0.035712917314254536, -0.13380748986805574, 0.5837420805135702, 0.4463448838277354, -0.5982352367986926, -0.16940251850556642, -0.49971872383016797, 0.20896719233890892, -0.047634762627863106, -0.36972402314532965, 0.6986910010108489, 0.5857576507410848, 0.04194200271672719], [-0.3079678240772499, -0.7006853641449755, -0.34487216741367954, 0.7197613605337851, 0.027078548225556137, -0.2530150304167784, 0.33800109244726717, 0.5731417762904255, 0.4768691685140506, 0.6502446627689545, 0.1656148232156974, 0.14586332068348254, 0.06582288740856373]], "inverted": false, "swapped": false, "error_lsq": 0.044175602457396275, "error_max": 0.2640159969043141, "target": "564.xyz", "model": "17.xyz", "model_rescale": 3.901054581598922, "target_rescale": 3.9778756270531184},
{"mapping": [11, 10, 5, 3, 6, 8, 1, 0, 12, 7, 13, 2, 14], "R": [[-0.6317044737839077, -0.5181430194901396, -0.5766084192543823], [-0.5804097485057625, 0.809192989084786, -0.09127557315901905], [0.5138812913902142, 0.27700995969399855, -0.8119060909917202]], "T": [0.049198797615534196, 0.03286711550527596, 0.0116107522658139], "aligned_model": [[-0.6424104790571712, -0.15290436390520085, 0.09522621877156803, -0.07834212527153178, -0.13248593519585417, 0.6423807441737317, 0.47367367447305003, 0.4314988570207269, -0.5799793078692967, -0.10903823062957602, -0.24789518806204025, 0.4297296466226237, -0.004994391074165994], [-0.34764967798343405, -0.20490502102039068, 0.5430343446388677, 0.4061772281354171, -0.6930314820218966, 0.19805249423005536, -0.4490336799482836, 0.05165586718826467, 0.08968349520074603, -0.34123405185980826, 0.6892077577976417, 0.7291361090818094, 0.0401157556199567], [-0.10507072535597475, -0.7467245768097899, -0.34573630846856374, 0.665658733923094, 0.073154470397556, -0.23591141052542366, 0.2823103120989614, 0.6665902678908954, 0.40261192189837436, 0.5357160692255655, 0.1035581461931949, 0.24429909216700785, 0.015401261400202364]], "inverted": false, "swapped": false, "error_lsq": 0.043755149849967055, "error_max": 0.24833203556065653, "target": "564.xyz", "model": "18.xyz", "model_rescale": 3.9405287249114394, "target_rescale": 3.9778756270531184},
{"mapping": [0, 4, 12, 10, 8, 13, 9, 11, 2, 5, 3, 14, 15], "R": [[0.01842212874011434, 0.7830685984917446, 0.6216624447631188], [0.23040867039777935, -0.6083578406363617, 0.7594817853917175], [0.9729195597675125, 0.12924514610784504, -0.19163304106899642]], "T": [-0.009811014737502692, 0.04278447331449513, -0.0045721308576310155], "aligned_model": [[-0.5036618907989946, -0.02179003667213973, -0.019027331276924506, -0.030949958692791643, -0.26778676931837875, 0.6485117654510347, 0.4843087782934461, 0.4541909538552449, -0.48498024022701125, -0.12411020994920664, -0.3655629495386909, 0.37943627297422977, -0.02411926410295414], [-0.26639095585204026, -0.1648182992627546, 0.437016373173296, 0.4926418580934617, -0.6679017111839596, 0.1615256719558401, -0.4735934484564474, 0.09018911208640733, 0.04088776857324193, -0.49417023497086304, 0.8128835198313735, 0.6928428894001109, 0.05009659567127864], [-0.3695325727810494, -0.7055875518490715, -0.38488165066032864, 0.639699174847357, 0.020840715252420414, -0.06655188724645805, 0.2750871600645727, 0.54467114426258, 0.723120038037893, 0.619829965537801, 0.07169460050651613, 0.1555826903670387, 0.03188542769582845]], "inverted": false, "swapped": false, "error_lsq": 0.03975949253817752, "error_max": 0.25978288100166014, "target": "564.xyz", "model": "19.xyz", "model_rescale": 4.410303926677745, "target_rescale": 3.9778756270531184},
{"mapping": [10, 3, 6, 12, 5, 0, 1, 7, 9, 8, 11, 4, 13], "R": [[0.36667229539536617, -0.0915431382480279, -0.9258354506224072], [0.1732663595939154, 0.9844562149773679, -0.028718102749067588], [0.9140734086617798, -0.1498860054579361, 0.376834166372024]], "T": [0.11230943997771588, 0.08793423081531776, 0.0797488645355131], "aligned_model": [[-0.6517954511867662, 0.11479605057055726, 0.03996130769944062, -0.0316897716592313, -0.25659710856377144, 0.6552638183906923, 0.614600342820058, 0.4320938679392617, -0.4554139225227693, -0.19267844162210856, -0.44457850897800316, 0.2389606995508492, 0.061536237558654325], [-0.1645955523011262, -0.12924674822840507, 0.4634063906714451, 0.43848314423013407, -0.6486666533755607, -0.01537323986164392, -0.4296625988442026, -0.026949714803837024, 0.10986956442287478, -0.4079712206702275, 0.701943829351305, 0.7800695018014883, 0.03990243666670175], [-0.08610178196581454, -0.6121968954860194, -0.35647610965482174, 0.7332430294981382, -0.0630720681767593, -0.3759785561747735, 0.28691368302705356, 0.7053627739349082, 0.468420643288849, 0.58186215520949, 0.08091063355231541, 0.07847602547220893, 0.11449372151032546]], "inverted": false, "swapped": false, "error_lsq": 0.037113922783059985, "error_max": 0.22848821854321982, "target": "564.xyz", "model": "20.xyz", "model_rescale": 4.121658175737393, "target_rescale": 3.9778756270531184},
{"mapping": [7, 11, 3, 1, 9, 4, 10, 6, 5, 8, 0, 2, 12], "R": [[-0.18598742972838944, -0.9822521046883446, -0.02427918487810049], [-0.36271078083522273, 0.09160162666205063, -0.9273888243119871], [0.9131536373737612, -0.16367634168744083, -0.37331017897036467]], "T": [0.030971273245587697, 0.00048724862038908995, 0.17672395020772186], "aligned_model": [[-0.459534970552534, 0.05872263034280404, -0.15594320176076643, 0.03620858668598586, -0.04586379717718231, 0.4226916091012692, 0.6759452821870956, 0.41803755919328717, -0.5983327997627286, -0.20395039681127558, -0.5580686793413745, 0.5898522219689437, -0.05530492407666092], [-0.05524602936023005, -0.3066271302138536, 0.512809579400175, 0.5801834322701444, -0.7086841560688091, 0.13553521415763403, -0.4325305675071395, -0.09938034449771282, 0.08774250842897724, -0.3642602360636898, 0.7983935399184167, 0.5140320111973512, 0.049241317397681485], [-0.2956270699221986, -0.6475815900099202, -0.25365903199004847, 0.5592154810986409, 0.05910096816373772, -0.22007426980880068, 0.10477160227481015, 0.6893940353497754, 0.422216176800793, 0.6919658196446135, 0.11721584099499915, 0.18836423340750338, 0.14055505803119475]], "inverted": true, "swapped": false, "error_lsq": 0.0474103425299467, "error_max": 0.23713405566141352, "target": "564.xyz", "model": "21.xyz", "model_rescale": 4.08911054899281, "target_rescale": 3.9778756270531184},
{"mapping": [2, 3, 13, 6, 15, 12, 9, 5, 1, 11, 0, 7, 16], "R": [[0.621261875365901, 0.7650009641071016, -0.16972686037292023], [0.1610977634717058, -0.33666196553228767, -0.9277425459513815], [-0.7668645205127552, 0.5490284563473391, -0.3323951884423121]], "T": [0.01977236871929157, 0.04170031718397253, 0.15343943785515363], "aligned_model": [[-0.581206316596839, -0.01773189975720986, 0.15782701734040855, 0.03548490849931539, -0.246539559970833, 0.6278461802940443, 0.6283113424179576, 0.44590108366404846, -0.7033532816241322, -0.1668636759481042, -0.40094277933760497, 0.3394103696679215, 0.006315731347890827], [-0.1864171000870835, -0.055750521497740804, 0.39137616005813586, 0.6235895919771699, -0.6321114327511089, 0.10215967192998662, -0.3234544449544014, -0.13481915640143666, -0.04604619892738554, -0.47051053015755057, 0.692035687974064, 0.6710350763342924, 0.08012233556200368], [-0.1752563076398727, -0.7087528766436193, -0.3900655620598256, 0.6189736648736155, 0.07242894359087446, -0.26075907992917247, 0.21580873110079085, 0.6872785968654571, 0.46869841709564847, 0.6907476035804068, 0.14152021497561468, 0.06645957073519176, 0.12877533748999043]], "inverted": false, "swapped": false, "error_lsq": 0.03859897765721943, "error_max": 0.21708573322833097, "target": "564.xyz", "model": "22.xyz", "model_rescale": 4.204369325754507, "target_rescale": 3.9778756270531184},
{"mapping": [0, 4, 12, 10, 8, 13, 9, 11, 2, 5, 3, 14, 15], "R": [[0.01842212874011434, 0.7830685984917446, 0.6216624447631188], [0.23040867039777935, -0.6083578406363617, 0.7594817853917175], [0.9729195597675125, 0.12924514610784504, -0.19163304106899642]], "T": [-0.009811014737502692, 0.04278447331449513, -0.0045721308576310155], "aligned_model": [[-0.5036618907989946, -0.02179003667213973, -0.019027331276924506, -0.030949958692791643, -0.26778676931837875, 0.6485117654510347, 0.4843087782934461, 0.4541909538552449, -0.48498024022701125, -0.12411020994920664, -0.3655629495386909, 0.37943627297422977, -0.02411926410295414], [-0.26639095585204026, -0.1648182992627546, 0.437016373173296, 0.4926418580934617, -0.6679017111839596, 0.1615256719558401, -0.4735934484564474, 0.09018911208640733, 0.04088776857324193, -0.49417023497086304, 0.8128835198313735, 0.6928428894001109, 0.05009659567127864], [-0.3695325727810494, -0.7055875518490715, -0.38488165066032864, 0.639699174847357, 0.020840715252420414, -0.06655188724645805, 0.2750871600645727, 0.54467114426258, 0.723120038037893, 0.619829965537801, 0.07169460050651613, 0.1555826903670387, 0.03188542769582845]], "inverted": false, "swapped": false, "error_lsq": 0.03975949253817752, "error_max": 0.25978288100166014, "target": "564.xyz", "model": "23.xyz", "model_rescale": 4.410303926677745, "target_rescale": 3.9778756270531184},
{"mapping": [4, 8, 10, 7, 5, 9, 6, 13, 0, 12, 1, 11, 16], "R": [[0.35157056400616127, 0.5221182038645982, 0.7770397156629743], [0.9254266222859824, -0.0684932568072853, -0.3726851761692289], [-0.14136373399407504, 0.8501183770305978, -0.5072622987627952]], "T": [0.07484211799867148, 0.06023973164762739, 0.0951313600480925], "aligned_model": [[-0.372236561584305, 0.027073082540016905, -0.04574494125626001, -0.017382890749058508, -0.11322571478606196, 0.4682431610957932, 0.44886878770825955, 0.438377342896556, -0.5504367540107663, -0.1538113356616863, -0.36925294068470144, 0.40088841010388704, -0.03690052561480951], [-0.19758964737284443, -0.08728122163199553, 0.4220289402219657, 0.41845648418599923, -0.5397392866824672, 0.16385719563356987, -0.5124346057574322, -0.039086072258525284, -0.013159295487434552, -0.3939336516334446, 0.7851834884113795, 0.6025254314884575, 0.10238137994171703], [-0.36042219176268064, -0.7121247051810732, -0.43245870427743716, 0.6474955538954508, 0.07907828360642256, -0.3812288230860592, 0.42686354628184975, 0.6885647166821615, 0.5122940694558238, 0.7177226953812408, 0.21162804649284397, 0.07665105260085824, 0.08179371394569918]], "inverted": false, "swapped": false, "error_lsq": 0.04061431076950482, "error_max": 0.267437441689739, "target": "564.xyz", "model": "24.xyz", "model_rescale": 4.28219845311461, "target_rescale": 3.9778756270531184},
{"mapping": [1, 5, 10, 2, 3, 11, 9, 13, 0, 4, 6, 14, 15], "R": [[-0.4783104631902136, 0.09560054442527405, -0.8729717273247481], [0.3759242030800837, -0.8760870886429457, -0.3019145684655369], [-0.7936624561747692, -0.47258009799262446, 0.38310306268667976]], "T": [0.1082992229323018, -0.006985346082011616, 0.15468039427407698], "aligned_model": [[-0.40578454685173043, 0.03159796038740757, 0.1309596709935532, -0.023699835974834535, -0.16872597722772315, 0.4713187198480052, 0.5413919557747723, 0.4787487595692544, -0.6262089730677622, -0.28415694909632466, -0.4401777218886626, 0.375898218897198, 0.04329783863371042], [-0.27672742635695835, -0.25830235136525, 0.6042633231360822, 0.42343574582732235, -0.7278814902643579, 0.16644923443149418, -0.47847931844157454, 0.015250856129206257, 0.1785240497488458, -0.34972300985557647, 0.7020751695440249, 0.7050593288757274, 0.007265027649959253], [-0.11519825738302142, -0.6554043914697522, -0.3508553485776533, 0.6705233514569063, 0.09458769389251315, -0.2122179055172525, -0.06210937178167972, 0.6185652388785257, 0.4573983258589235, 0.6676693024323215, 0.06192608903156317, 0.1937672605789627, 0.18720526663474302]], "inverted": true, "swapped": false, "error_lsq": 0.038674563522108595, "error_max": 0.24810341859154142, "target": "564.xyz", "model": "25.xyz", "model_rescale": 4.100010024507729, "target_rescale": 3.9778756270531184},
{"mapping": [10, 0, 1, 4, 11, 5, 2, 6, 9, 7, 3, 12], "R": [[-0.3164882706940144, 0.9203503264255608, 0.2297617269291743], [-0.9479013597193204, -0.29756879026006655, -0.11373577847548423], [-0.03630684171579904, -0.25378749321336697, 0.9665783576788276]], "T": [0.036693024876169364, -0.02395328567637544, 0.03300699365040068], "aligned_model": [[-0.7933969184155071, 0.12046268701053377, 0.36238838050913463, 0.6010781501244903, -0.47515124508378354, 0.20741209173581177, -0.3246122500042414, 0.5548049025594637, 0.27855617524876597, -0.03459530030916404, -0.5421004833327031, -0.07808058767979424], [-0.2198329128295703, -0.5854268495796867, -0.07288651488394116, -0.4595220552247729, 0.6112546591539677, 0.5084871720667491, 0.09512921449827405, 0.35318746385483224, -0.20117964999260562, 0.4538880087364097, 0.14684469312009346, 0.036188161130889594], [0.061603138424459324, 0.2015962547024788, 0.6573591399453976, -0.21877658949468212, 0.11851939127023262, 0.3683736115593119, 0.5498683676029272, -0.2317589338247932, -0.6887592809421784, -0.6013503486964354, -0.496997788508661, -0.1544846721837005]], "inverted": true, "swapped": true, "error_lsq": 0.05052537547457591, "error_max": 0.2694887702348776, "target": "564.xyz", "model": "26.xyz", "model_rescale": 3.6694154284099745, "target_rescale": 3.9778756270531184},
{"mapping": [10, 8, 9, 6, 4, 7, 5, 1, 2, 0, 12, 3, 13], "R": [[0.3631156201885456, 0.3547296771102117, -0.8615764055220947], [0.9083718424121906, -0.3405893280063069, 0.24260978043124085], [-0.2073828399067063, -0.8707271477480747, -0.4458997554234946]], "T": [-0.029115343652749565, 0.04530502670019597, 0.05108605920675924], "aligned_model": [[-0.4837480147795332, 0.0817273436752747, -0.081930665436832, 0.007358148261094349, -0.3955410213314525, 0.5554301260049259, 0.5674711063933014, 0.5103702015724627, -0.5580724877900437, -0.04214418997477773, -0.3438926591714174, 0.38047968699215373, -0.07304845441829265], [-0.1127356507984071, -0.2983706341435817, 0.4646835207306193, 0.41566699411142405, -0.6874457234118005, 0.19507487226509967, -0.4400153239075959, 0.02515413967067394, 0.017664512647438457, -0.40459817593495756, 0.7535988931638371, 0.7415223256999386, 0.041009388966257235], [-0.30977817910530325, -0.4761312880415497, -0.4838866092539491, 0.6278807621013739, -0.014786021654073958, -0.12781087195919527, 0.23690119483497082, 0.7497962580307982, 0.4771963593079186, 0.535183880473588, 0.2212855119740826, 0.032522552586337725, 0.08748370474010156]], "inverted": false, "swapped": false, "error_lsq": 0.04051805858245524, "error_max": 0.2519426135738077, "target": "564.xyz", "model": "27.xyz", "model_rescale": 4.103607728864725, "target_rescale": 3.9778756270531184},
{"mapping": [10, 11, 13, 2, 9, 8, 7, 1, 3, 0, 12, 4, 14], "R": [[0.5204996498303605, 0.8498613832336015, 0.08255751822058036], [0.8248336107734984, -0.4754523522249805, -0.3059323050971998], [-0.2207478857539188, 0.22733387352526768, -0.948467016233655]], "T": [-0.08268564660462217, -0.06478306114059212, -0.014420162699435315], "aligned_model": [[-0.5365990339929274, 0.1395526513949395, 0.046719155815552485, -0.05805504323023368, -0.42899623867689973, 0.6835996832817223, 0.5798997154090806, 0.4788177241346344, -0.5705902342375654, -0.1003159967159197, -0.5194230139629382, 0.43455621715979165, -0.02470646638237349], [-0.20410041474743745, -0.11956166164073614, 0.47684232640776264, 0.4562006274081198, -0.7832074582601101, 0.17507141820322442, -0.3476423475574891, -0.07286832446872538, 0.10919405789615419, -0.24699192018106383, 0.6644315714530111, 0.6503976111036409, -0.04655634655740545], [-0.19969991885053723, -0.6622401047271497, -0.3457340163599654, 0.5045114665887336, 0.17013141679799676, -0.18042196614235756, -0.046862537709251265, 0.683798589011113, 0.528913922358009, 0.6756384170050485, 0.10723553461490891, 0.19194540504945035, 0.1286410463991009]], "inverted": false, "swapped": false, "error_lsq": 0.04194058055895348, "error_max": 0.2511506751350049, "target": "564.xyz", "model": "28.xyz", "model_rescale": 4.137296879288765, "target_rescale": 3.9778756270531184},
