[{"mapping": [9, 3, 4, 2, 8, 1, 6, 10, 7, 5, 0, 11], "R": [[0.6543812951802049, -0.18393717556086672, -0.7334522724519768], [0.09654046068320984, -0.9417034530697349, 0.32229574295607966], [-0.7499767062845029, -0.28171212597832673, -0.5984757456300299]], "T": [-0.031133003139026567, -0.09452123563213204, -0.07692281327775838], "aligned_model": [[-0.34189053665956237, -0.20691759344945376, 0.31978363192142417, 0.7519879673876881, 0.35143612874927455, 0.25240088833793595, -0.11726722995616451, -0.685456865938554, -0.6215262489102586, -0.33011696548852204, 0.2118485243206438, -0.023487981280092482], [-0.28399411738368824, -0.7561641865172211, -0.7148206555804503, 0.06324703968193428, -0.1905240701482691, 0.5526844192587598, 0.34582695149710774, -0.19047992371481193, 0.6454450163779284, 0.3715846097712379, 0.023708064135728804, -0.06652928272154239], [-0.5636323846537065, -0.1501409677231708, 0.30312272556353226, 0.02594099188297097, -0.5744444769089103, -0.025796184402612332, -0.6459824380250802, 0.07932557460967185, -0.09903776523126698, 0.5411712440213827, 0.4796499169123474, -0.013754307666733398]], "inverted": false, "swapped": false, "error_lsq": 0.06542232550475018, "error_max": 0.3469132295240479, "target": "565.xyz", "model": "0.xyz", "model_rescale": 3.751011558992144, "target_rescale": 3.8307714459383484},
{"mapping": [5, 9, 12, 3, 2, 0, 8, 10, 4, 6, 7, 14], "R": [[-0.23543304357459868, -0.5843031221250593, 0.7766344979899549], [0.1281048536127986, 0.7734677636221635, 0.6207549960476939], [-0.9634108305775084, 0.245636886709299, -0.10724780377107226]], "T": [-0.07172280771894794, -0.009709640634044985, -0.038643985225718484], "aligned_model": [[-0.19062534838988546, -0.28433715407778354, 0.3108482026253256, 0.6781070223146669, 0.42283934267536444, 0.5327811085394032, -0.2327419941571005, -0.8604296781976061, -0.695506176591401, -0.3103235332470781, 0.2552934145067086, -0.06511148696625509], [-0.30354328001853487, -0.6285968413342101, -0.4785519920127481, -0.15509148859827163, 0.017329656429847646, 0.4486343148150118, 0.3511728883976861, -0.23152928021565425, 0.46744668584701254, 0.21075012620604894, 0.15991304087891228, -0.057949965738386636], [-0.5767982616034889, -0.11586699906364428, 0.3924028517596159, -0.03362066092385052, -0.7007733213827507, -0.038050494606891645, -0.5717995666260541, -0.0041292335315999615, -0.13239961826738456, 0.6382555126706841, 0.5126867323248804, -0.013485012371090122]], "inverted": true, "swapped": false, "error_lsq": 0.04802155255656784, "error_max": 0.2983568958101732, "target": "565.xyz", "model": "1.xyz", "model_rescale": 3.9405287249114394, "target_rescale": 3.8307714459383484},
{"mapping": [2, 11, 6, 7, 1, 4, 2, 9, 8, 10, 3, 12], "R": [[-0.7864961684118223, -0.6148030917415424, -0.05865948737044632], [-0.5080004683258699, 0.5899893940115408, 0.6275731344907877], [-0.3512254279721496, 0.5233829127311439, -0.776344656326586]], "T": [0.01662944175510777, -0.10800260875989239, -0.08256925062021578], "aligned_model": [[-0.2170617683765817, -0.38101738708607813, 0.2748316300746511, 0.7485872540297615, 0.5176516530559203, 0.25667788678891307, -0.2170617683765817, -0.7549285797179086, -0.41281016178217217, -0.4384437187775378, 0.1899535602907525, -0.0055848810887795565], [-0.09093452266558495, -0.6283322063542207, -0.5409219899692527, -0.038988047236300186, 0.003649854960076651, 0.5489283060341628, -0.09093452266558495, 0.018178436412981905, 0.5085910047638024, 0.07521999183952939, 0.10555178780053061, -0.07002422826342634], [-0.7223088275309106, 0.19805219976634278, 0.120576344236595, 0.21472623287045314, -0.6856752143502813, -0.1327114395184726, -0.7223088275309106, 0.11531372093061021, 0.10738788345297168, 0.6035976507272514, 0.41858237135904774, -0.15881016603427123]], "inverted": true, "swapped": false, "error_lsq": 0.06396773294888668, "error_max": 0.3706688506177621, "target": "565.xyz", "model": "2.xyz", "model_rescale": 3.932901565614263, "target_rescale": 3.8307714459383484},
{"mapping": [12, 9, 8, 11, 10, 1, 6, 5, 4, 7, 3, 13], "R": [[0.5449944156816691, 0.8359434313137631, -0.06465034044124246], [0.08438948174037386, -0.1314070717927051, -0.9877300222502394], [-0.8341819359392698, 0.5328515376033358, -0.1421609532409426]], "T": [0.016394637887276367, 0.0947511312761138, 0.03799460402434989], "aligned_model": [[-0.19319196037996894, -0.2984515737756421, 0.27338032992625716, 0.7913735325640527, 0.31702260665792314, 0.4394533686203592, -0.2711375592192815, -0.6153065584641654, -0.689108376825639, -0.4723069050893566, 0.30593201490750255, -0.026865199887682996], [-0.33201524297474616, -0.5681772088958095, -0.4415525553722156, -0.3338710374071941, -0.027372582331830417, 0.6498682029988455, 0.25344649917627954, -0.1199666032507593, 0.5998532661561852, -0.0965835695012484, 0.16672392514288087, 0.04963077091632605], [-0.5595618617553073, 0.07250283763971849, 0.46825433407884354, -0.07776137934674307, -0.6006399262577768, -0.21026930383308748, -0.5610323373696624, -0.22967978522959354, 0.13979703085376288, 0.5220445823508014, 0.45232961622157936, -0.05956187897410991]], "inverted": false, "swapped": false, "error_lsq": 0.04200207522371963, "error_max": 0.21185615642477332, "target": "565.xyz", "model": "3.xyz", "model_rescale": 3.9243930471874484, "target_rescale": 3.8307714459383484},
{"mapping": [0, 3, 4, 7, 1, 9, 5, 6, 11, 10, 8, 12], "R": [[0.24299764716871938, 0.7054822051642043, -0.6657679788538337], [-0.791484812660754, 0.5409963364993596, 0.28438487164693427], [0.5608065038833253, 0.4578403893180719, 0.6898392878861268]], "T": [-0.03163367017501761, 0.0009570434496419637, 0.014490966924531272], "aligned_model": [[-0.03726076182974585, -0.37273210332764156, 0.2235697639852201, 0.6967224736880554, 0.3923730339052298, 0.21312078275532506, -0.3358267179364354, -0.7363763878362878, -0.4823439262435598, -0.32768254668031904, 0.3834060585592306, -0.056175950004712656], [-0.49037811794762787, -0.5791519744647564, -0.43929630188219493, -0.3255730967768147, 0.09522730571127107, 0.6623792439904078, 0.07011843048928515, -0.04818613867485014, 0.647674129682867, 0.031122147717743447, 0.18588326861402274, -0.00983503180263954], [-0.6796851262786416, 0.023365458453135736, 0.32013040900788553, -0.06162837445978354, -0.552511442709338, 0.031907114014355586, -0.6756585762987151, -0.1353061101190385, 0.0834210535061885, 0.6536880012757209, 0.45024397464207067, -0.10154445265541492]], "inverted": false, "swapped": false, "error_lsq": 0.04286851213586301, "error_max": 0.23593107275379807, "target": "565.xyz", "model": "4.xyz", "model_rescale": 3.8936222436046832, "target_rescale": 3.8307714459383484},
{"mapping": [1, 5, 4, 2, 0, 3, 9, 6, 8, 7, 10, 11], "R": [[0.08832658060029702, -0.2471163282804354, 0.9649517788245459], [-0.9956015981236779, -0.052282921726079234, 0.07774287047288164], [0.03123896562048467, -0.967574295024925, -0.25064738305831447]], "T": [-0.06755474737405032, 0.06298919725057449, -0.021515790783934105], "aligned_model": [[0.005952525983846019, -0.3662711578210494, 0.2719294090597514, 0.6495635084211706, 0.400776179775385, 0.2970773305807784, -0.34452381521518655, -0.787165024194651, -0.24481328156368604, -0.4855328360930828, 0.24621290909046017, -0.08241202898937705], [-0.49503571623634746, -0.6744464216543817, -0.5325418988402308, -0.1424476768906559, 0.16501462416089968, 0.4789685186294935, 0.3352885029253417, -0.24728469386003865, 0.7673228290826832, 0.049285513403716404, 0.201495623785571, -0.1056353398493368], [-0.5927544833218686, 0.13381634094285066, 0.37938048012185105, -0.04788931676023707, -0.7651388565344103, -0.1773576472688539, -0.5023246586404965, -0.16469326840165555, 0.11396990387774268, 0.47331150614688916, 0.5093638820707901, -0.003261953854176349]], "inverted": true, "swapped": false, "error_lsq": 0.050543964017287175, "error_max": 0.3297421184108561, "target": "565.xyz", "model": "5.xyz", "model_rescale": 3.6523030999806103, "target_rescale": 3.8307714459383484},
{"mapping": [8, 6, 10, 11, 9, 7, 5, 1, 3, 2, 4, 12], "R": [[-0.3738899130904746, -0.019092663128457532, 0.9272765515766377], [-0.6386595542128664, 0.7302861225933686, -0.24247918046745104], [-0.6725476241143229, -0.682874548773204, -0.2852403266299713]], "T": [-0.0828361477927905, -0.03205280355035291, -0.0934719972756466], "aligned_model": [[-0.18611312542727307, -0.33576327396565164, 0.32324384258394, 0.7061798241447806, 0.5075332603644529, 0.24866900091275249, -0.35561414381999046, -0.7651964903088457, -0.17254060744981886, -0.4269157700499969, 0.11646591698264491, -0.09915471493263533], [-0.3991737306901192, -0.6275811619001348, -0.5968991521305207, 0.29539534895023617, -0.2856988041589653, 0.5186521813006686, 0.23628685347084477, 0.03410267857505832, 0.6103636178274796, -0.10160491656125895, 0.049400251989213814, 0.06674069798421153], [-0.6486829422445078, -0.030239843119228588, 0.25968616216326457, 0.1181893043180547, -0.42481855824763537, -0.3250889563678856, -0.6569340841456287, 0.017805498830119518, 0.15531496864041477, 0.5795683814032069, 0.4382945761815742, -0.12667257903332327]], "inverted": true, "swapped": false, "error_lsq": 0.06960137734389986, "error_max": 0.48183059229138, "target": "565.xyz", "model": "6.xyz", "model_rescale": 4.08911054899281, "target_rescale": 3.8307714459383484},
{"mapping": [4, 7, 2, 0, 3, 9, 8, 12, 11, 13, 1, 14], "R": [[0.03515103856042884, 0.8283267342068965, 0.5591415079264468], [0.4088937544464587, 0.4985942933679873, -0.7643360701913502], [-0.911904765895432, 0.255496677119322, -0.3211715210260439]], "T": [-0.17099410705582857, -0.05047039045994911, -0.11765935135811659], "aligned_model": [[-0.1556555326896356, -0.31942483472764716, 0.22974430942248886, 0.7590797476470632, 0.46464553310612583, 0.2731236120973345, -0.12721469017077155, -0.8440544190063031, -0.4224284443869745, -0.4383744481497118, 0.2441700170957964, -0.10281713120340599], [-0.29613657075831645, -0.7728589102570793, -0.4578711433338319, -0.16377055259607987, -0.0935961543106491, 0.5905712033793482, 0.33244665496785264, -0.02953877851372766, 0.44325497372258005, -0.1000585101200745, 0.24892708939731673, 0.09861456307937494], [-0.7781609378030528, 0.11773841856669903, 0.4511753270920449, -0.035307173718911816, -0.5872909650862047, -0.19754949098721045, -0.6803376539991826, 0.11590777413187983, 0.07611139393340854, 0.5620047523995522, 0.4076462339233722, -0.09551575007396904]], "inverted": true, "swapped": false, "error_lsq": 0.04330313206228303, "error_max": 0.22855142320915597, "target": "565.xyz", "model": "7.xyz", "model_rescale": 3.964800864290218, "target_rescale": 3.8307714459383484},
{"mapping": [2, 6, 11, 12, 7, 8, 1, 3, 5, 10, 9, 13], "R": [[-0.856351901992358, -0.2540297594457655, -0.4495890359761876], [-0.0884311455230353, 0.9299139271974157, -0.35698742345601386], [0.5087645353752117, -0.26594918559793734, -0.8187977028694201]], "T": [-0.10848374935395866, -0.13058193911583502, -0.1401483998191082], "aligned_model": [[0.003732578220198346, -0.353401133157907, 0.19919691255283423, 0.642108955354468, 0.37897240820984407, 0.19758589396833776, -0.18170671956005535, -0.8250462157565133, -0.47673477655726826, -0.2615572347493568, 0.3265125435659617, -0.0888694930561845], [-0.4661946540127142, -0.6117465007488566, -0.5705632785424231, -0.18723233878300818, 0.12783564208888734, 0.5639540969923512, 0.3071546790945556, -0.1788521633524702, 0.5679096032149475, 0.20320796329235039, 0.10822715607177322, -0.06371634065867984], [-0.6999522307986823, 0.07198826112772161, 0.4914229387790454, -0.07630279586231478, -0.5901039677801535, -0.0176794266423429, -0.7452475163978077, -0.03929745585902533, 0.13475425426857524, 0.5948936548461135, 0.3369314341607163, -0.10498522146342051]], "inverted": true, "swapped": false, "error_lsq": 0.039782006238502025, "error_max": 0.22973184305757696, "target": "565.xyz", "model": "8.xyz", "model_rescale": 4.121658175737393, "target_rescale": 3.8307714459383484},
{"mapping": [8, 6, 9, 7, 11, 10, 2, 1, 0, 4, 5, 12], "R": [[0.16617855534859283, 0.361071768885272, 0.9176120451783071], [-0.5178542761740945, 0.823859039881917, -0.2303979840472798], [-0.8391731861722344, -0.43690211732023754, 0.3238902645814381]], "T": [0.017780493101673983, 0.010391384974974025, -0.12873415341491734], "aligned_model": [[0.02512448686215063, -0.24668835163302325, 0.1313010337927145, 0.6100714662604506, 0.4703060086200057, 0.3715552199864681, -0.4793750768613736, -0.6612198460520906, -0.4249027975712394, -0.4396818163092061, 0.27209297577979674, -0.06778958384029475], [-0.4837294856409786, -0.6292159824745619, -0.5552283511056647, -0.308875548927936, 0.1011064203219926, 0.6821909659742104, 0.11174685553358445, -0.006882038494776251, 0.597051309017771, -0.005429953081357904, 0.29080948564668535, 0.0064401878877455195], [-0.6638453275691099, -0.09495996559430539, 0.47158011264264466, -0.07902561949900644, -0.5646510201686152, -0.13183192393655652, -0.6029807756500638, -0.012149917841499769, 0.15177588348818294, 0.6319272945692014, 0.35953703787690566, -0.1089538499393523]], "inverted": false, "swapped": false, "error_lsq": 0.0453157109404731, "error_max": 0.2402281635429992, "target": "565.xyz", "model": "9.xyz", "model_rescale": 3.833441315466971, "target_rescale": 3.8307714459383484},
{"mapping": [9, 11, 10, 13, 2, 5, 3, 7, 6, 12, 0, 14], "R": [[-0.3036194382683543, -0.719267831602386, 0.6248752060432636], [-0.625190881402064, -0.3445080897070344, -0.7003217388730132], [0.7189934620824587, -0.6032975737962256, -0.34508033692789347]], "T": [-0.08868914570593864, 0.03745077313996577, 0.035220246186448555], "aligned_model": [[-0.06798092337079867, -0.49906962397490673, 0.1886307470085233, 0.6987792879389404, 0.3247974739456557, 0.3769095914581191, -0.33051053209507203, -0.6160647600691521, -0.49370222475051173, -0.3618433272833491, 0.44181447677310337, -0.10096646654619287], [-0.38052165197115667, -0.48529115944135454, -0.6096807030367527, 0.02252778395410883, 0.02283082569295221, 0.5025698600699988, 0.2190281694494649, -0.214932101309863, 0.5502817666451948, 0.05230528177169573, 0.10413178705675553, 0.01673400577567002], [-0.6596037228209256, 0.18905722490239438, 0.4595652392829277, -0.08870437534331277, -0.552542739576843, -0.12071965374816743, -0.7789504459794713, -0.2842978641629987, 0.22014819417752363, 0.5720500087470372, 0.45705257143347083, -0.05663250853320937]], "inverted": false, "swapped": false, "error_lsq": 0.046620101623727594, "error_max": 0.2703763310956875, "target": "565.xyz", "model": "10.xyz", "model_rescale": 4.2482417240324, "target_rescale": 3.8307714459383484},
{"mapping": [8, 10, 0, 1, 3, 2, 7, 9, 5, 4, 6, 11], "R": [[0.04981215372498986, -0.8726790891502683, 0.4857468030786578], [0.5837065934180359, 0.4200824220386838, 0.694850610918941], [-0.8104352917670787, 0.24892160624174736, 0.5303137484588143]], "T": [0.029954806639554285, -0.008815590800681242, -0.05655679713163125], "aligned_model": [[0.06762456094727175, -0.2871020191589086, 0.2551255735104582, 0.6780264667891384, 0.3021767891693235, 0.510177916753657, -0.34294802561815196, -0.7622871642485984, -0.43623518967004876, -0.5032677267752614, 0.16889458008267633, -0.08939204274719713], [-0.4308216364559528, -0.5674971616255575, -0.5536178630468866, -0.2883020076927047, 0.10487234372533526, 0.5418640810222888, 0.27402646519574264, -0.18853237396457817, 0.5380409927073135, 0.058508393712948914, 0.3212148954650797, -0.009772264386315326], [-0.5007974031050285, -0.008056960330415752, 0.4191827175568092, -0.08875958958852456, -0.8122299223799199, -0.17443363937794393, -0.5459442670869301, -0.19571655981963854, 0.16207745164093829, 0.6340811624391849, 0.48405189280382993, -0.01703295437393587]], "inverted": false, "swapped": false, "error_lsq": 0.04441714426249425, "error_max": 0.251273819853416, "target": "565.xyz", "model": "11.xyz", "model_rescale": 3.6694154284099745, "target_rescale": 3.8307714459383484},
{"mapping": [6, 5, 7, 9, 11, 8, 4, 0, 1, 12, 10, 13], "R": [[0.22113169750162154, 0.3272820808716175, 0.9186877662733925], [0.36820472097465595, 0.8442709163950135, -0.3893994134324034], [-0.9030648126308694, 0.4243737259419675, 0.06618825362634027]], "T": [-0.04321351718131997, 0.015995513789762942, -0.03516760273495509], "aligned_model": [[-0.1333121349269755, -0.38281478913605427, 0.3270501774714195, 0.7571729195648287, 0.4031304919097419, 0.46906897455570923, -0.3091711360566707, -0.7245267477756581, -0.6106057213945987, -0.3664634831916838, 0.28904410597672864, -0.15777893796242803], [-0.39962971571961964, -0.6862893867672891, -0.5634071573967389, -0.04288813043170425, -0.024608313403453815, 0.559650178351438, 0.3151480673071293, -0.09342622152043695, 0.6403749286560916, 0.009764412849430141, 0.04656341449494225, 0.038731788236924664], [-0.407984905350144, 0.15466834489609774, 0.2465461873314764, -0.010661782893701607, -0.6218165639313896, -0.15601505066466062, -0.6576247855487491, -0.22111660134551256, 0.0333154388939034, 0.5625272467675807, 0.5053869852654472, -0.07080258504192266]], "inverted": false, "swapped": false, "error_lsq": 0.0397407632598794, "error_max": 0.2409297314498761, "target": "565.xyz", "model": "12.xyz", "model_rescale": 3.9764082729961374, "target_rescale": 3.8307714459383484},
{"mapping": [1, 12, 5, 0, 2, 7, 8, 13, 14, 6, 4, 15], "R": [[-0.22371940546582691, 0.12923534747465187, -0.9660475415739762], [-0.5174573786749488, 0.8241937494544539, 0.23009242624445514], [0.8259464200981006, 0.5513645693398473, -0.11751435148022153]], "T": [-0.11667878006440224, -0.044569716077141844, -0.09063717580176005], "aligned_model": [[-0.04103655907790363, -0.4015617442790272, 0.21931830457187135, 0.6040021523722532, 0.412739669348101, 0.4641620091977291, -0.17513262528815732, -0.6864713532844369, -0.674511174490094, -0.3890665628253991, 0.3232314702945597, -0.09487986750513713], [-0.38839059313796026, -0.6064505738887765, -0.4799310826025967, -0.12856175352473947, 0.014417828778856986, 0.4329740593252848, 0.30080403853390203, -0.1654467725133768, 0.4642212674259228, 0.08487405032186628, 0.2203860671576119, 0.051087328780718685], [-0.619208871186932, -0.19234820408000786, 0.5421268761858128, -0.06470910665082572, -0.6843509863869964, -0.16553456578786907, -0.7046021212611704, 0.09699466296101987, 0.17158943308901037, 0.6112944539473337, 0.4114993856422377, -0.046329028093187494]], "inverted": false, "swapped": false, "error_lsq": 0.04538323667250613, "error_max": 0.26935701253704264, "target": "565.xyz", "model": "13.xyz", "model_rescale": 4.170626492500431, "target_rescale": 3.8307714459383484},
{"mapping": [2, 1, 7, 8, 4, 12, 6, 3, 11, 9, 10, 13], "R": [[0.8976979479445726, 0.43921638335796154, -0.03503373868224005], [-0.32609530173463275, 0.7157519229985472, 0.6175443618967633], [0.29631106702703847, -0.5429439688529878, 0.7857554315710862]], "T": [-0.028071035600874886, -0.07061949564516838, -0.12489091444298087], "aligned_model": [[-0.14873388442345192, -0.3672644049856723, 0.36666665540311594, 0.7019219605997058, 0.477326494523171, 0.4374716099184617, -0.4618835549535931, -0.7089152898942123, -0.4356555465819461, -0.4116659028119733, 0.18325358433375383, -0.07172800209300009], [-0.3846976084148874, -0.6034901690136821, -0.5356143613139517, -0.10421999167629925, 0.0026127125734764917, 0.4910346369447273, 0.41425377370253763, -0.1343480556782441, 0.4741683462205702, 0.03673082472996704, 0.12309503673934515, 0.020458719843154657], [-0.6903355034429781, 0.31307161080834844, 0.40932976382707253, 0.007538406213301152, -0.6171037858888175, -0.06555457032133802, -0.6579892897500169, -0.21356659578653356, 0.06678778780308878, 0.5805432249552581, 0.36105650033290115, -0.13735562037186078]], "inverted": false, "swapped": false, "error_lsq": 0.03863716003381593, "error_max": 0.2583731905768656, "target": "565.xyz", "model": "14.xyz", "model_rescale": 3.9786697098870705, "target_rescale": 3.8307714459383484},
{"mapping": [1, 0, 3, 9, 6, 7, 10, 4, 5, 2, 8, 11], "R": [[-0.05265698580919986, 0.6571564208926204, -0.7519126813168475], [-0.20254676204358646, -0.7443349733390829, -0.6363491625279046], [-0.9778558436861482, 0.11878925011931041, 0.1722993413363597]], "T": [-0.016611611358768073, -0.00770506193937924, -0.09775613050760537], "aligned_model": [[-0.15195227278365284, -0.18203656369155416, 0.31855584132081866, 0.530456845321054, 0.5551229027448393, 0.21240714248311407, -0.42980853761285526, -0.6275084422711242, -0.34378499928332373, -0.47159554520237496, 0.08537616009097454, 0.06556118791844337], [-0.29484480540367275, -0.6717999056675381, -0.4408737489485784, -0.2679612106999939, -0.08658943581614441, 0.5663759162913284, 0.35306979589437154, 0.03320440340335275, 0.6127186984692589, -0.18373271589860396, 0.22171498161177178, -0.041298108578838186], [-0.6976775958517588, 0.02641395348250454, 0.6406048242846026, 0.04506231643632064, -0.6402066736400633, -0.33197279561297643, -0.72340043087811, -0.09095850461619392, 0.2930014919187789, 0.620471758990457, 0.3596201523424104, -0.14453656847754598]], "inverted": true, "swapped": false, "error_lsq": 0.06206779969735083, "error_max": 0.27676435060924987, "target": "565.xyz", "model": "15.xyz", "model_rescale": 3.769337070930944, "target_rescale": 3.8307714459383484},
{"mapping": [6, 7, 5, 8, 4, 0, 3, 1, 10, 9, 11], "R": [[0.7317925316257291, -0.6608196268983556, -0.1667246573327542], [0.6799498554035704, 0.6912793106851965, 0.24454265222096358], [-0.04634527800617956, -0.29231889320486526, 0.9551972465841871]], "T": [0.04392212286547537, 0.09986565822781965, 0.07798534599418265], "aligned_model": [[-0.24027860862351497, -0.4200744924303828, -0.05667891853422987, -0.6991142616372206, 0.46075874234187975, 0.33313407095374137, 0.7100176159558093, 0.20555213213521778, 0.09091341831430397, -0.4175976948929703, -0.04400587289146241], [-0.07995820708299231, -0.5205388017057291, 0.7442872152846922, 0.1655837152328606, 0.23657048363375272, -0.4005495035811092, 0.4997586128332402, -0.5134499432369434, 0.42742566116414216, 0.005425974016004975, 0.031509291067423284], [-0.6049497613667404, 0.07608327408257903, -0.23556812328068027, 0.0045721415864425075, -0.5635414477180448, -0.4209303830192382, 0.03581999980822108, 0.32713573809689045, 0.44284053951193897, 0.700973811510984, -0.018218181988575666]], "inverted": false, "swapped": true, "error_lsq": 0.043295617371927636, "error_max": 0.2600519466245357, "target": "565.xyz", "model": "16.xyz", "model_rescale": 3.7852294659196426, "target_rescale": 3.8307714459383484},
{"mapping": [5, 6, 11, 2, 1, 3, 4, 10, 0, 9, 8, 12], "R": [[0.32141267101166293, -0.7356463162902849, 0.5962536307995807], [0.07953076996631692, -0.6064682002076973, -0.7911202050038927], [0.9435935308922552, 0.30169656853429816, -0.1364200461549409]], "T": [0.036695337952621546, -0.018485712673089304, -0.07526219532347905], "aligned_model": [[-0.12204929655614451, -0.349992991775168, 0.17654382585499312, 0.6351072998570539, 0.4165759308600112, 0.46840570727292413, -0.4017852382489036, -0.7127112538173425, -0.28076340203913913, -0.43100919897658874, 0.18619995380309645, -0.023727617200433634], [-0.269702086845259, -0.8106528738168602, -0.49144651103216297, -0.13568511612218156, 0.04526960596273884, 0.6390125498644686, 0.22090313990198432, -0.2857774119391653, 0.5829581712730573, 0.1423114873368848, 0.2093970831927468, -0.04660417311953763], [-0.6616916326156816, -0.17693107138560452, 0.4675845216051963, -0.027781202166911843, -0.6461213274436928, -0.19281032565304396, -0.577471759794689, 0.052016958485461506, -0.018408359873798685, 0.6337219456251226, 0.5162813047170851, -0.011967123121017623]], "inverted": false, "swapped": false, "error_lsq": 0.048020541050871224, "error_max": 0.3179324685838991, "target": "565.xyz", "model": "17.xyz", "model_rescale": 3.901054581598922, "target_rescale": 3.8307714459383484},
{"mapping": [5, 9, 12, 3, 2, 0, 8, 10, 4, 6, 7, 14], "R": [[-0.23543304357459868, -0.5843031221250593, 0.7766344979899549], [0.1281048536127986, 0.7734677636221635, 0.6207549960476939], [-0.9634108305775084, 0.245636886709299, -0.10724780377107226]], "T": [-0.07172280771894794, -0.009709640634044985, -0.038643985225718484], "aligned_model": [[-0.19062534838988546, -0.28433715407778354, 0.3108482026253256, 0.6781070223146669, 0.42283934267536444, 0.5327811085394032, -0.2327419941571005, -0.8604296781976061, -0.695506176591401, -0.3103235332470781, 0.2552934145067086, -0.06511148696625509], [-0.30354328001853487, -0.6285968413342101, -0.4785519920127481, -0.15509148859827163, 0.017329656429847646, 0.4486343148150118, 0.3511728883976861, -0.23152928021565425, 0.46744668584701254, 0.21075012620604894, 0.15991304087891228, -0.057949965738386636], [-0.5767982616034889, -0.11586699906364428, 0.3924028517596159, -0.03362066092385052, -0.7007733213827507, -0.038050494606891645, -0.5717995666260541, -0.0041292335315999615, -0.13239961826738456, 0.6382555126706841, 0.5126867323248804, -0.013485012371090122]], "inverted": true, "swapped": false, "error_lsq": 0.04802155255656784, "error_max": 0.2983568958101732, "target": "565.xyz", "model": "18.xyz", "model_rescale": 3.9405287249114394, "target_rescale": 3.8307714459383484},
{"mapping": [2, 11, 9, 8, 6, 0, 1, 14, 12, 13, 7, 15], "R": [[-0.3098554402413315, 0.33127474091950115, -0.8912051683992683], [-0.848793832156115, -0.5187352056586959, 0.1022879118174177], [-0.4284140948271753, 0.788143916070503, 0.44191688235964033]], "T": [-0.11571327875882849, 0.06574123637370505, -0.0351151072867353], "aligned_model": [[-0.035144331052235925, -0.34834815999654917, 0.20176350495614365, 0.6345269739986846, 0.3905734346783098, 0.35831904549604815, -0.10092093814384649, -0.8640994909704932, -0.45396369777019235, -0.42075714055608626, 0.3204088931133388, -0.12156437471876277], [-0.4283883297499069, -0.5922765829673253, -0.46853929505186614, -0.005523819220528206, -0.009278514001248406, 0.5145526932265198, 0.36589643305238323, -0.09132978690628235, 0.49399478415478143, -0.09007709333431344, 0.071906446971346, 0.039046928483154164], [-0.7455163316388546, 0.14406849509083489, 0.41517663425217105, -0.10094071423001158, -0.5794764362245289, -0.25083689504848367, -0.6226586959211046, 0.08730112159424477, 0.01309915472100432, 0.5428111301162621, 0.5175013875097314, -0.06410692184283982]], "inverted": false, "swapped": false, "error_lsq": 0.04197599913245557, "error_max": 0.22433521793890598, "target": "565.xyz", "model": "19.xyz", "model_rescale": 4.410303926677745, "target_rescale": 3.8307714459383484},
{"mapping": [2, 6, 11, 12, 7, 8, 1, 3, 5, 10, 9, 13], "R": [[-0.856351901992358, -0.2540297594457655, -0.4495890359761876], [-0.0884311455230353, 0.9299139271974157, -0.35698742345601386], [0.5087645353752117, -0.26594918559793734, -0.8187977028694201]], "T": [-0.10848374935395866, -0.13058193911583502, -0.1401483998191082], "aligned_model": [[0.003732578220198346, -0.353401133157907, 0.19919691255283423, 0.642108955354468, 0.37897240820984407, 0.19758589396833776, -0.18170671956005535, -0.8250462157565133, -0.47673477655726826, -0.2615572347493568, 0.3265125435659617, -0.0888694930561845], [-0.4661946540127142, -0.6117465007488566, -0.5705632785424231, -0.18723233878300818, 0.12783564208888734, 0.5639540969923512, 0.3071546790945556, -0.1788521633524702, 0.5679096032149475, 0.20320796329235039, 0.10822715607177322, -0.06371634065867984], [-0.6999522307986823, 0.07198826112772161, 0.4914229387790454, -0.07630279586231478, -0.5901039677801535, -0.0176794266423429, -0.7452475163978077, -0.03929745585902533, 0.13475425426857524, 0.5948936548461135, 0.3369314341607163, -0.10498522146342051]], "inverted": true, "swapped": false, "error_lsq": 0.039782006238502025, "error_max": 0.22973184305757696, "target": "565.xyz", "model": "20.xyz", "model_rescale": 4.121658175737393, "target_rescale": 3.8307714459383484},
{"mapping": [8, 6, 10, 11, 9, 7, 5, 1, 3, 2, 4, 12], "R": [[-0.3738899130904746, -0.019092663128457532, 0.9272765515766377], [-0.6386595542128664, 0.7302861225933686, -0.24247918046745104], [-0.6725476241143229, -0.682874548773204, -0.2852403266299713]], "T": [-0.0828361477927905, -0.03205280355035291, -0.0934719972756466], "aligned_model": [[-0.18611312542727307, -0.33576327396565164, 0.32324384258394, 0.7061798241447806, 0.5075332603644529, 0.24866900091275249, -0.35561414381999046, -0.7651964903088457, -0.17254060744981886, -0.4269157700499969, 0.11646591698264491, -0.09915471493263533], [-0.3991737306901192, -0.6275811619001348, -0.5968991521305207, 0.29539534895023617, -0.2856988041589653, 0.5186521813006686, 0.23628685347084477, 0.03410267857505832, 0.6103636178274796, -0.10160491656125895, 0.049400251989213814, 0.06674069798421153], [-0.6486829422445078, -0.030239843119228588, 0.25968616216326457, 0.1181893043180547, -0.42481855824763537, -0.3250889563678856, -0.6569340841456287, 0.017805498830119518, 0.15531496864041477, 0.5795683814032069, 0.4382945761815742, -0.12667257903332327]], "inverted": true, "swapped": false, "error_lsq": 0.06960137734389986, "error_max": 0.48183059229138, "target": "565.xyz", "model": "21.xyz", "model_rescale": 4.08911054899281, "target_rescale": 3.8307714459383484},
{"mapping": [13, 14, 9, 10, 7, 6, 0, 2, 1, 11, 5, 16], "R": [[0.3115581348194536, 0.6913982043663436, -0.6518435791099111], [-0.8186208337364327, -0.1530180483821093, -0.5535751145436344], [-0.4824846725031695, 0.706083564366376, 0.5183189567546058]], "T": [-0.1199584661056565, -0.06668121796950158, -0.045747847574549826], "aligned_model": [[-0.05153982856618011, -0.2587068349830791, 0.25515544615924646, 0.6833174734220915, 0.3809392384238781, 0.3051421525732365, -0.20017172384865353, -0.8344038247628792, -0.6467929244303972, -0.29968228082622517, 0.35129928367004337, -0.12376245779672315], [-0.3841424938534892, -0.6868424550542271, -0.5030287988958133, -0.1282938536844684, -0.027291691633436116, 0.515846324584937, 0.4300637868557835, -0.0851895125514742, 0.5092122304244417, 0.20168778081981162, 0.018793922363140522, -0.060831374718492426], [-0.6213060065642304, 0.043535499688312364, 0.3742973321473379, -6.352519799437267e-05, -0.5490828680345781, -0.2342027618529465, -0.6347212184858816, -0.14811533214886144, 0.09844151016258998, 0.6482049326414786, 0.47226681207286464, -0.09283244604966591]], "inverted": false, "swapped": false, "error_lsq": 0.03844939203233204, "error_max": 0.1948433458834728, "target": "565.xyz", "model": "22.xyz", "model_rescale": 4.204369325754507, "target_rescale": 3.8307714459383484},
{"mapping": [2, 11, 9, 8, 6, 0, 1, 14, 12, 13, 7, 15], "R": [[-0.3098554402413315, 0.33127474091950115, -0.8912051683992683], [-0.848793832156115, -0.5187352056586959, 0.1022879118174177], [-0.4284140948271753, 0.788143916070503, 0.44191688235964033]], "T": [-0.11571327875882849, 0.06574123637370505, -0.0351151072867353], "aligned_model": [[-0.035144331052235925, -0.34834815999654917, 0.20176350495614365, 0.6345269739986846, 0.3905734346783098, 0.35831904549604815, -0.10092093814384649, -0.8640994909704932, -0.45396369777019235, -0.42075714055608626, 0.3204088931133388, -0.12156437471876277], [-0.4283883297499069, -0.5922765829673253, -0.46853929505186614, -0.005523819220528206, -0.009278514001248406, 0.5145526932265198, 0.36589643305238323, -0.09132978690628235, 0.49399478415478143, -0.09007709333431344, 0.071906446971346, 0.039046928483154164], [-0.7455163316388546, 0.14406849509083489, 0.41517663425217105, -0.10094071423001158, -0.5794764362245289, -0.25083689504848367, -0.6226586959211046, 0.08730112159424477, 0.01309915472100432, 0.5428111301162621, 0.5175013875097314, -0.06410692184283982]], "inverted": false, "swapped": false, "error_lsq": 0.04197599913245557, "error_max": 0.22433521793890598, "target": "565.xyz", "model": "23.xyz", "model_rescale": 4.410303926677745, "target_rescale": 3.8307714459383484},
{"mapping": [11, 9, 15, 13, 7, 0, 1, 10, 3, 4, 5, 16], "R": [[-0.42605583373206746, 0.9045850227623591, -0.014225439778638771], [-0.4151504064645528, -0.20945649836586538, -0.8853124393707722], [-0.8038199839237575, -0.3712868323632458, 0.46477900292340824]], "T": [0.05547422591291262, -0.11022182257560162, -0.018211233493843168], "aligned_model": [[-0.10297211546907828, -0.2671742584343865, 0.14170469358997323, 0.7098669649646936, 0.32724043938026465, 0.24276015579697952, -0.31230509364644665, -0.5865310089223297, -0.48777953653184314, -0.3485538473511813, 0.2540258364172794, -0.00948851075956579], [-0.44549274157266905, -0.6424881610403373, -0.6094160768183886, -0.2534980677932447, 0.14459479083227303, 0.6200368658911313, 0.31814917274156285, -0.1848673116461418, 0.6064803529833278, 0.17156741677382373, 0.08581856177128058, -0.010900937465904148], [-0.5312508561237977, 0.05257353968597485, 0.48446519703570984, -0.2313512918164839, -0.5687950285979648, -0.0632893819970282, -0.6644093548511973, -0.09593687714624616, 0.003336986218598584, 0.4626635044499655, 0.5454796916585682, -0.03706420013767321]], "inverted": false, "swapped": false, "error_lsq": 0.04349633550681534, "error_max": 0.23335587813709793, "target": "565.xyz", "model": "24.xyz", "model_rescale": 4.28219845311461, "target_rescale": 3.8307714459383484},
{"mapping": [0, 1, 5, 10, 6, 14, 2, 4, 13, 9, 11, 15], "R": [[0.7868593930026982, -0.3021860568268595, -0.5380853860707049], [-0.6067381976208388, -0.5381570453386951, -0.5850262849651643], [-0.11278765531405191, 0.7868103847889655, -0.6068017495006083]], "T": [-0.14558311727870074, 0.009724834403621232, 0.05429845897227175], "aligned_model": [[-0.26704257803353315, -0.1881222134851865, 0.22497507624086757, 0.6455343519592688, 0.3954985689102508, 0.35959249968758833, -0.1977168249026491, -0.7715394275437739, -0.42469603000346257, -0.30942960412855136, 0.255583177904508, -0.1618432775709686], [-0.3079389918498043, -0.6269702766185218, -0.5678716517890848, 0.02473648586405527, -0.1509953578502017, 0.5293532271742681, 0.35555619322633153, -0.16584638780952618, 0.5340955614570925, 0.025341936777859866, 0.16688535158701223, -0.016362225512766806], [-0.6872482117902536, 0.0024606374410055185, 0.5586293079865816, -0.005806607493202061, -0.6482659605892633, -0.180069956869011, -0.5343124245255938, -0.2803685644937835, 0.047386187513632265, 0.7098776828188362, 0.38722975323014436, -0.013089914850667204]], "inverted": true, "swapped": false, "error_lsq": 0.04329685999279703, "error_max": 0.21611876808169947, "target": "565.xyz", "model": "25.xyz", "model_rescale": 4.100010024507729, "target_rescale": 3.8307714459383484},
{"mapping": [8, 10, 0, 1, 3, 2, 7, 9, 5, 4, 6, 11], "R": [[0.04981215372498986, -0.8726790891502683, 0.4857468030786578], [0.5837065934180359, 0.4200824220386838, 0.694850610918941], [-0.8104352917670787, 0.24892160624174736, 0.5303137484588143]], "T": [0.029954806639554285, -0.008815590800681242, -0.05655679713163125], "aligned_model": [[0.06762456094727175, -0.2871020191589086, 0.2551255735104582, 0.6780264667891384, 0.3021767891693235, 0.510177916753657, -0.34294802561815196, -0.7622871642485984, -0.43623518967004876, -0.5032677267752614, 0.16889458008267633, -0.08939204274719713], [-0.4308216364559528, -0.5674971616255575, -0.5536178630468866, -0.2883020076927047, 0.10487234372533526, 0.5418640810222888, 0.27402646519574264, -0.18853237396457817, 0.5380409927073135, 0.058508393712948914, 0.3212148954650797, -0.009772264386315326], [-0.5007974031050285, -0.008056960330415752, 0.4191827175568092, -0.08875958958852456, -0.8122299223799199, -0.17443363937794393, -0.5459442670869301, -0.19571655981963854, 0.16207745164093829, 0.6340811624391849, 0.48405189280382993, -0.01703295437393587]], "inverted": false, "swapped": false, "error_lsq": 0.04441714426249425, "error_max": 0.251273819853416, "target": "565.xyz", "model": "26.xyz", "model_rescale": 3.6694154284099745, "target_rescale": 3.8307714459383484},
{"mapping": [6, 0, 5, 7, 3, 9, 12, 2, 10, 4, 8, 13], "R": [[-0.6150782749405637, -0.6154396547891594, 0.49286179301011057], [-0.27865271074664333, -0.41507805588474683, -0.8660617035272298], [0.7375848307074165, -0.6700330132433325, 0.08381156647129528]], "T": [-0.029550563258060738, -0.009047283918638545, -0.03628086692209008], "aligned_model": [[-0.16884917645475267, -0.35888528723233837, 0.29343236132111195, 0.5905881214017914, 0.49332248565942816, 0.25830868969927584, -0.21517576907850441, -0.6831814244055763, -0.29956888001425175, -0.48595028963726034, 0.2214971187668607, -0.08474423099142521], [-0.37253724565517604, -0.5372545792269908, -0.6118607829218635, -0.10772121134824467, 0.026113026993566102, 0.5830832433827253, 0.23853305186935977, -0.09783539788922194, 0.4570149872200942, -0.009451060443599947, 0.24977590675050712, -0.01787607407444177], [-0.601666908386363, 0.18613549016740788, 0.36155881884458124, -0.07894223765029286, -0.6512595231255628, -0.21343059058827568, -0.767020268933963, -0.2006372308888889, 0.23161237287652175, 0.647261155790805, 0.49130117385621996, -0.04849032358376446]], "inverted": true, "swapped": false, "error_lsq": 0.04280689040717209, "error_max": 0.2735036814714574, "target": "565.xyz", "model": "27.xyz", "model_rescale": 4.103607728864725, "target_rescale": 3.8307714459383484},
{"mapping": [13, 10, 3, 2, 4, 1, 8, 6, 5, 9, 0, 14], "R": [[-0.4015421188209827, 0.16294103638735347, 0.9012292413552566], [0.040187587127540225, -0.9799633280064712, 0.19508160754758036], [0.9149584059691581, 0.11455171069651016, 0.38694834399811145]], "T": [-0.1706162149199983, -0.16847501868749074, -0.09820554758058028], "aligned_model": [[-0.04199682022642537, -0.39929184052477484, 0.34649169794031726, 0.5642004053818805, 0.467303415020435, 0.3307473014655303, -0.13046624742697685, -0.772152413829742, -0.43145721517855296, -0.5263991977462454, 0.20787490029283517, -0.05406026613392223], [-0.44153076278143866, -0.545690955441767, -0.4068027946578444, -0.1615621640245016, 0.0148945181020321, 0.5728603802238222, 0.2667828518214178, -0.007625142131302082, 0.4458059253043043, -0.05150365712873921, 0.1850884014832738, -0.07073273611254338], [-0.6715903615403332, 0.1571194837395201, 0.391008240272013, -0.13450228573449838, -0.7154927140183527, -0.054418759237386205, -0.7919047209093218, 0.018193685513739177, 0.20139636298498167, 0.6297093483786532, 0.3931488302402997, -0.06624518131088912]], "inverted": true, "swapped": false, "error_lsq": 0.043395339360994156, "error_max": 0.2207331069106932, "target": "565.xyz", "model": "28.xyz", "model_rescale": 4.137296879288765, "target_rescale": 3.8307714459383484},
{"mapping": [5, 4, 0, 1, 7, 6, 8, 3, 2, 10, 11], "R": [[-0.20815612500661262, 0.9537806724245586, -0.21673360729611907], [-0.7971653393803451, -0.037037851132742716, 0.6026239451549266], [0.5667437245465101, 0.29821238487498414, 0.7680305489981005]], "T": [0.01684001496564027, 0.061983649602039885, 0.08000090351240084], "aligned_model": [[0.5407671814868145, 0.074708727716599, -0.19406114064061666, -0.5075178435047119, 0.07574561246259581, 0.4706093820869083, 0.6369973105084135, -0.27443405850496067, -0.658182353923614, -0.039728459077456965, 0.09651465209992743], [-0.33798272061472184, -0.6702385980291481, -0.2294236125726768, 0.3684886597415207, 0.6274736987698046, -0.10079170664825643, 0.47852480108259826, -0.5715590113974376, 0.1451558060800336, 0.12078584453318558, 0.08871465570304993], [0.37873610013531933, -0.17396640902004412, -0.593481315895091, -0.22896466059035997, -0.4462588286206718, -0.5091549197128531, 0.019092544471192144, 0.4251944844127907, 0.40960832977790634, 0.565763560809354, -0.04081486398454377]], "inverted": false, "swapped": true, "error_lsq": 0.04426681187430093, "error_max": 0.27507697424223054, "target": "565.xyz", "model": "29.xyz", "model_rescale": 3.607286011436655, "target_rescale": 3.8307714459383484},
