[{"mapping": [10, 5, 11, 13, 7, 1, 6, 2, 12, 4, 0, 14], "R": [[-0.0352591955723955, 0.8291340851275041, 0.5579367867486105], [-0.9072819158484436, 0.20753300718604045, -0.3657452338755714], [-0.4190421390528226, -0.5191018395344941, 0.7449409143616285]], "T": [-0.14922668785762272, -0.02400701520306986, 0.06495760328940246], "aligned_model": [[-0.21304043343771076, 0.19164288951343506, 0.3677552305266534, -0.007042772025572963, -0.13735344699695928, -0.6622959150024733, 0.3998387710828297, -0.12402293414571358, 0.4797003304111992, 0.16988354733035127, -0.5096384847040147, -0.11778432009147499], [-0.3527476558232409, -0.6832301638408735, -0.1350028776478945, 0.7103962205309011, 0.20098196581590372, -0.5251079207205858, -0.2753952666118515, -0.5769737855744752, 0.16717382432341854, 0.3888515975174008, 0.2746522320200655, -0.14004313401171078], [-0.6295187624289009, -0.008864060777850527, -0.5280430826088541, -0.06464087371964673, -0.5341786230363874, -0.045189494719054465, 0.5287897197616287, 0.7299407989394281, 0.028517700221316764, 0.5614787878449397, 0.20221249861911011, -0.05855286274216655]], "inverted": true, "swapped": true, "error_lsq": 0.04411943173748695, "error_max": 0.2605963343794008, "target": "567.xyz", "model": "0.xyz", "model_rescale": 3.751011558992144, "target_rescale": 3.8836050916867024},
{"mapping": [7, 13, 2, 0, 1, 5, 8, 11, 12, 3, 9, 10, 4, 6, 14], "R": [[0.5250046044652689, -0.6918497219473552, -0.495695599669428], [0.14481489818911028, 0.646540444681583, -0.7490087440433645], [0.8386887447395155, 0.32144893160859633, 0.43962685747682423]], "T": [-0.042537314071333904, -0.03489165027016608, -0.042674157910489015], "aligned_model": [[0.4663800346347684, -0.628982706362744, -0.38219606049798827, 0.37637808450165255, 0.6151008966274443, -0.6178739863653522, -0.11137544678299947, -0.003084778189845233, -0.09788645278546294, -0.07393611138708528, -0.5927885569635933, -0.27537067236754387, 0.20408440595912106, 0.5249745537755888, -0.0635980901375798], [0.22599094057790806, 0.3758148821086733, 0.5210081984447411, 0.541066373022471, -0.04391195790968369, -0.08364275969561243, -0.16113120308424217, -0.33227522907668816, 0.3274444296359207, 0.717424611520012, -0.20522549455478542, -0.8100633575821822, -0.6709402602681305, -0.3512313683033075, -0.028239845844724228], [0.2929155168049169, 0.07940837328092273, -0.5519338128633677, -0.30399151811213987, -0.27314360776194757, -0.2807856650642882, -0.6905500248247814, 0.696742837698498, 0.6035642981714011, 0.08554536979863722, 0.2773251741529399, 0.08904979426353016, -0.4429164130993747, 0.333603941263181, 0.007485683125349668]], "inverted": false, "swapped": false, "error_lsq": 0.040914340472794, "error_max": 0.24051866080488854, "target": "567.xyz", "model": "1.xyz", "model_rescale": 3.9405287249114394, "target_rescale": 3.8836050916867024},
{"mapping": [8, 10, 1, 12, 5, 9, 7, 11, 6, 3, 4, 0, 14], "R": [[0.2762271153898944, 0.9368593182227521, 0.2144602494230079], [0.40834740590419355, 0.0875958147880268, -0.9086139825706724], [-0.8700292965266712, 0.338558105929872, -0.3583677330543079]], "T": [-0.06116566440595114, -0.09963904057504533, 0.06764463352418486], "aligned_model": [[-0.3995385357577803, 0.2336853570924368, -0.39992271819501657, 0.4868828189825348, 0.36248266432170717, -0.7666942382059091, 0.1840808220777559, 0.6744774566816495, 0.2543720673376756, -0.6357382596272038, -0.05341146832535745, -0.4816588498743686, 0.03696616277580704], [0.6129382187931518, 0.5560452303568162, 0.23901047786155485, -0.353113937272303, -0.17346237537194517, 0.06692771040561463, 0.4258346475721564, 0.20041622725104616, -0.7554012713429865, -0.5980713069867092, -0.6946977582379661, -0.06651493297819688, -0.0010783364782162436], [0.13402952125218415, -0.21088909412030393, -0.4773642606454283, 0.3299812700164419, -0.5416903116155543, -0.13039907643608145, 0.3386737778182518, 0.0616252034626083, -0.1564557903114256, 0.013700108915723389, 0.47343011624644027, 0.3126368579323067, -0.03415797292651929]], "inverted": true, "swapped": true, "error_lsq": 0.048212615136753866, "error_max": 0.29806103038270537, "target": "567.xyz", "model": "2.xyz", "model_rescale": 3.932901565614263, "target_rescale": 3.8836050916867024},
{"mapping": [12, 4, 13, 5, 7, 8, 0, 10, 5, 1, 3, 2, 9, 14], "R": [[0.6827691920080566, 0.5945116527046843, -0.42471416887479807], [-0.37784754298449574, -0.2102173873778134, -0.9016872430641493], [-0.6253458760599971, 0.7761214755709259, 0.08110481152412244]], "T": [0.05049930004262869, -0.09849035380307558, -0.06693721847190295], "aligned_model": [[-0.06340060120384572, 0.5695645568256992, 0.14969480428603835, -0.3204330165443765, -0.42146775931312486, -0.2228353260206008, 0.3608970720028676, -0.6794629487996634, -0.3204330165443765, -0.10162801202778864, 0.7708431396248133, 0.462105022741351, 0.34522819145834677, -0.10886219443263619], [0.18417646561388418, 0.054456757205101486, -0.5183825370803178, 0.5126604081117639, -0.47431634211745954, -0.7651676720773096, -0.4701900501020764, -0.21483578775910517, 0.5126604081117639, -0.16854576702524404, -0.029125475035235826, 0.5348651640047021, -0.44020348288179634, -0.05455545061818258], [-0.6505067995356514, -0.542326851769272, -0.691605890794674, 0.14547942231932773, -0.28077630403625636, 0.26093324291152387, -0.008409665274677396, 0.15228613959997359, 0.14547942231932773, 0.6390543201131388, 0.17342016020473477, 0.3550244455891559, 0.5339815614105143, -0.018136840000068405]], "inverted": false, "swapped": true, "error_lsq": 0.047215812097001, "error_max": 0.3305972399037128, "target": "567.xyz", "model": "3.xyz", "model_rescale": 3.9243930471874484, "target_rescale": 3.8836050916867024},
{"mapping": [2, 1, 3, 4, 0, 5, 12, 9, 8, 10, 13, 11, 14], "R": [[0.8614817658103843, 0.49581848858750527, 0.10960471500361874], [-0.2342761403560552, 0.19658702317535623, 0.9520862525942292], [0.4505151021176677, -0.8458827156845411, 0.2855145776839663]], "T": [0.03877181896957664, -0.09679387570960357, -0.039785810087236584], "aligned_model": [[-0.012919813843760675, -0.15382267362505642, 0.5697558723135885, 0.4610221839891237, 0.48637316475203607, -0.6253195644318226, -0.12127518892326362, 0.3787604364265724, 0.11498786428792963, -0.542072832710395, 0.4342705418067807, -0.5877344324952462, -0.124819671235134], [-0.6360172951919727, 0.2937734303837573, -0.38493916018273344, -0.6320209121862337, 0.08789913536090158, -0.346709239246882, -0.49475015762208446, 0.2746829857006732, 0.6897542544735709, 0.4067091922097856, -0.03558606685455179, -0.05219823897451206, -0.0427683741881308], [-0.714453289525742, -0.6201641981982727, -0.5050885429881389, 0.19270830097137298, -0.09873021156308018, -0.2694416659297726, 0.4596568064335393, -0.597593163455523, -0.08671828600332376, 0.019747178013136205, 0.6053455782285321, 0.4467749209131676, -0.04497311152493143]], "inverted": false, "swapped": true, "error_lsq": 0.04473613111246126, "error_max": 0.24582793506352957, "target": "567.xyz", "model": "4.xyz", "model_rescale": 3.8936222436046832, "target_rescale": 3.8836050916867024},
{"mapping": [8, 7, 10, 1, 11, 12, 4, 6, 2, 0, 5, 14], "R": [[0.19005068092575506, -0.933216884652737, 0.30493767376088], [0.6902764744185718, 0.3478807125157186, 0.634426826926339], [-0.69813976218514, 0.08991805190614399, 0.7102926273005233]], "T": [-0.037605301573254195, -0.1572538242653483, 0.03655914647214315], "aligned_model": [[-0.021249632432996067, -0.5309415550928044, -0.2805193245914898, 0.4452686043271792, -0.6748684046607184, -0.5357990182685778, -0.11578203433539846, 0.04047782320452704, 0.6313670450181422, 0.12645347783579403, 0.022567053413632458, -0.0794259922021926], [-0.6134289412154058, -0.32844266670080835, 0.059809678212685374, -0.08074821417475667, 0.2478909409193931, 0.0810763799333849, -0.2832008444143652, 0.3810132109565607, 0.2948626292747045, -0.6144149601436047, 0.5714500331861608, -0.04694434072414122], [-0.6102068534975574, -0.3336285820026145, -0.6622371319772259, -0.49958842199972747, -0.2104097899929438, 0.3949289396440358, 0.7414297796963177, 0.5694576244558142, 0.3474881428160662, 0.08151833119806412, -0.11036546818906529, -0.0891018508756452]], "inverted": true, "swapped": true, "error_lsq": 0.05036050808852025, "error_max": 0.2864807349906839, "target": "567.xyz", "model": "5.xyz", "model_rescale": 3.6523030999806103, "target_rescale": 3.8836050916867024},
{"mapping": [2, 6, 4, 3, 0, 5, 12, 1, 11, 7, 13, 8, 14], "R": [[0.3765288282889092, 0.8986203706330679, 0.22518319420123084], [0.9055455981769559, -0.40830324446799215, 0.11521992093058613], [0.19548199684298456, 0.1605300284688168, -0.9674796632850122]], "T": [0.11254515265321571, -0.04132272576779685, -0.02082583287437107], "aligned_model": [[0.2631843231668777, -0.20620208662287146, 0.16364132021654487, 0.692050248299777, 0.5551610429805084, -0.369984847099335, -0.39795391649125555, 0.38318393789634997, -0.6278048904440471, -0.11771505478452707, 0.10587740942913841, 0.43600050870622076, 0.0016449094109141221], [-0.5037591417638043, -0.07375617265054545, 0.4885191540010644, -0.04107424469739714, 0.1428038058112482, -0.5682329807190599, 0.32959462639734677, -0.6826872264807402, -0.03674341694971177, 0.126769585930161, 0.6881799800253648, -0.17694729980435234, -0.1518397649363906], [0.6947652027743417, 0.6699399974879423, 0.46443041604466084, 0.47480728293974944, -0.11094525113898787, 0.19306023289130747, 0.16689255330983532, -0.2254737199891201, -0.3090983471878059, -0.5939317958019645, -0.23092458884803382, -0.7305103483544948, -0.09290189464564122]], "inverted": false, "swapped": true, "error_lsq": 0.05240965311115085, "error_max": 0.34151665023509703, "target": "567.xyz", "model": "6.xyz", "model_rescale": 4.08911054899281, "target_rescale": 3.8836050916867024},
{"mapping": [6, 13, 1, 0, 3, 11, 9, 5, 7, 2, 12, 10, 8, 4, 14], "R": [[0.4759032990141599, 0.1464906832481414, 0.867211928947551], [-0.8156676509957321, 0.4423002665423468, 0.3729031473930916], [-0.32894123047520807, -0.8848225550572624, 0.3299798675001163]], "T": [-0.08067205432797817, -0.03444484452499667, 0.023481774574660372], "aligned_model": [[0.3093537707876587, -0.6864668009562888, -0.29498404238790554, 0.487914537874804, 0.6493890047564355, -0.5632407085117, -0.003415348368734028, 0.008200207702829282, -0.04655642048590994, -0.054023773407941095, -0.6659124807532056, -0.33534356081450567, 0.17511878805754574, 0.47186028830843485, -0.11206834814313674], [0.25488412104172936, 0.3401955523464169, 0.4603313569937322, 0.5793575900998486, -0.01623441137925201, -0.22547081192785867, -0.10589451329006995, -0.39889502677400296, 0.3455045579604688, 0.7658524265579815, -0.23825264079260888, -0.7062925778990844, -0.5776625708946436, -0.41511145906746305, -0.0402236339848233], [0.13885756007764333, 0.19245461363820404, -0.473723355165465, -0.4061832595155348, -0.2816913998672659, -0.25068539474776014, -0.7533603291539409, 0.6866401382281108, 0.6971015038106312, 0.11810571611378366, 0.37555839048283834, 0.07859933480700855, -0.2999908208557397, 0.23946887746682316, -0.1388316284858594]], "inverted": true, "swapped": false, "error_lsq": 0.038804763627478395, "error_max": 0.2497611558470472, "target": "567.xyz", "model": "7.xyz", "model_rescale": 3.964800864290218, "target_rescale": 3.8836050916867024},
{"mapping": [3, 4, 0, 2, 8, 6, 1, 13, 12, 11, 5, 10, 7, 14], "R": [[0.6518826785327476, -0.4509898760517468, 0.6096368633275064], [-0.4932961914684199, 0.3583858008692143, 0.7926023499953075], [-0.575940831085731, -0.8174152857845037, 0.011153907571585804]], "T": [0.03848079053797766, 4.784950266482034e-05, 7.78688124712934e-05], "aligned_model": [[-0.23942246749146334, 0.22537865363568765, 0.23223006988068912, -0.7382124509341944, 0.29615352929411703, -0.35113810456189093, -0.399933033052004, 0.7671925267707546, 0.2629089820495622, 0.21319510826171983, -0.5101033979718894, 0.024626334126234675, 0.49214035144066004, -0.013828211987109915], [-0.21699674803510632, -0.6406770333951217, 0.11961398459436244, -0.29709352230013136, 0.7417243570060463, -0.640587136360123, 0.5719112888319338, -0.19876704089226802, -0.4979957758464643, -0.003038328205670066, -0.05982734601952946, 0.5490274907312249, 0.30499619643690395, 0.07865807963514508], [-0.6760432926453509, -0.27076835363996943, -0.43131298834993753, -0.23880440898911914, -0.10086876002538529, 0.13271683325619288, -0.08501066506187303, -0.07615853098965619, 0.3675172629308909, 0.7751298551859269, 0.501762247322378, 0.54125199330081, 0.3331315305969652, 0.14427231583314876]], "inverted": false, "swapped": true, "error_lsq": 0.04048165686999876, "error_max": 0.1999260669780927, "target": "567.xyz", "model": "8.xyz", "model_rescale": 4.121658175737393, "target_rescale": 3.8836050916867024},
{"mapping": [1, 8, 0, 3, 10, 5, 7, 12, 13, 11, 2, 4, 14], "R": [[-0.9764023938987574, 0.20098706944050604, -0.0790098924597013], [-0.19316315683607843, -0.6491850874433354, 0.7356947173130374], [0.09657308129026917, 0.733595883411914, 0.6726891702794069]], "T": [-0.005977216520508734, 0.04380289422623313, -0.05636627146026875], "aligned_model": [[-0.5929096128728656, -0.13031696876217913, 0.2568633970706355, 0.15368513014772836, -0.5012452537230708, -0.6011560992246577, 0.0637189707720795, 0.2666559487031784, 0.6869106213325076, -0.17683814578949617, -0.3673613362470826, 0.5611373323226977, -0.1424064872942778], [0.11400023208547538, -0.3797287349670226, 0.15173284126874506, 0.7511132489124444, -0.5441973207984987, 0.08191989827807614, -0.5878119907439273, -0.1111793678121265, -0.2664371342630556, -0.5662033897326454, 0.8094990196150094, 0.390470340129772, -0.05279020256053609], [-0.4771479588264478, -0.7135040721076047, -0.4528493781979144, -0.2923713568394696, -0.11472159613603765, 0.3914350886849129, -0.13337478842694717, 0.5224936683522584, -0.06057491723589643, 0.42315335824426986, 0.12173788460336403, 0.22115784182128573, -0.014358339976684134]], "inverted": true, "swapped": true, "error_lsq": 0.041525197396412, "error_max": 0.214822913725275, "target": "567.xyz", "model": "9.xyz", "model_rescale": 3.833441315466971, "target_rescale": 3.8836050916867024},
{"mapping": [2, 0, 10, 8, 7, 12, 11, 4, 5, 13, 1, 6, 7, 3, 14], "R": [[0.4378459038958129, -0.7850538835946892, -0.4381567804959261], [-0.017459766958679235, 0.4798384536659832, -0.8771831136776329], [0.8988804820327381, 0.3917211485691507, 0.19638844361178212]], "T": [-0.08759238554940632, -0.010735195585746182, -0.024491672776374297], "aligned_model": [[0.40382195679756483, -0.5879841604045379, -0.3336666043149549, 0.30980976420153794, 0.3725416744269663, -0.5533826200290495, -0.008640531391668552, 0.05541753241069383, -0.15579639674731594, -0.09098566291961696, -0.7582182124265086, -0.3530719540807389, 0.3725416744269663, 0.6604955606269226, 0.006943093082120336], [0.36353667454429983, 0.4293853283457967, 0.5328614512918859, 0.45303099879830033, -0.36273807510656986, -0.26047157559638373, -0.13482029665211942, -0.5065888094614301, 0.18888474140264985, 0.695451350293273, -0.08686743880180306, -0.6063532540961079, -0.36273807510656986, -0.3084366973292221, -0.012048363535629629], [0.34304440204171305, 0.11595389595123598, -0.5899156799446145, -0.5087971659277601, -0.35355792209484316, -0.3137860821128741, -0.6906047063239652, 0.5834474171509871, 0.618108743563574, 0.3456104611039962, 0.27563132664572787, 0.16521677488392505, -0.35355792209484316, 0.3011770091581856, -0.015650605166968017]], "inverted": true, "swapped": false, "error_lsq": 0.04948876766048738, "error_max": 0.35198581979151805, "target": "567.xyz", "model": "10.xyz", "model_rescale": 4.2482417240324, "target_rescale": 3.8836050916867024},
{"mapping": [5, 6, 3, 4, 10, 8, 1, 13, 12, 7, 11, 14], "R": [[-0.9667573246996473, -0.245180428539015, -0.07257294675707915], [0.08848881671933885, -0.05452034958892793, -0.9945839636734108], [0.23989582000358434, -0.9679432260944474, 0.07440367331443931]], "T": [0.07501480903844367, 0.0407235319383204, 0.06684185817978722], "aligned_model": [[-0.5939466273127938, -0.0326371984617788, 0.5016799786292464, 0.5976759036853888, -0.5241320627651086, 0.0507967552071559, -0.2974144869904551, 0.6094956840976117, 0.08873962821794977, -0.02218914568815125, -0.41169305935990436, -0.08960976689615356], [-0.28897716698853115, -0.7066417856203422, -0.30155541499403304, -0.41164524870010005, 0.5103853967464355, 0.8055320343864327, 0.2964206496428244, 0.25198966503573483, -0.25931897608577126, 0.5439588797864567, 0.14321414060276397, 0.08276921623876878], [0.06462547266357788, -0.031470352712710425, 0.5981424874469816, -0.135654387360211, -0.055144961659919, 0.2696988137073998, 0.6346357785507273, -0.42919942943947803, -0.5190022311163995, -0.3166041080085077, -0.5527155038672535, 0.03788071165014941]], "inverted": true, "swapped": true, "error_lsq": 0.047106118666771335, "error_max": 0.26965409787976513, "target": "567.xyz", "model": "11.xyz", "model_rescale": 3.6694154284099745, "target_rescale": 3.8836050916867024},
{"mapping": [10, 8, 0, 9, 1, 11, 5, 12, 3, 4, 13, 2, 7, 14], "R": [[-0.33845514043027924, 0.8120976173831789, -0.4753373304894998], [0.7732145227917204, 0.5279074597440175, 0.3513588133099707], [0.5362717777958227, -0.2486185306592865, -0.8065986651070812]], "T": [0.039041476916405055, 0.06421081369251855, 0.04061263009753272], "aligned_model": [[-0.16082939328999618, -0.07872200771930812, 0.0834655468307448, 0.5236755942175748, 0.5101950232292409, -0.48189905183594994, 0.27720557575849564, -0.37240948013638875, 0.5856462628335224, -0.04843035356785541, -0.5797967169215353, 0.8090741689611278, -0.4918202890101946, 0.022909970906331213], [-0.367492604608156, 0.3400313192742688, 0.5441286177756861, 0.48711303151881113, -0.022696230441507106, -0.5287269589216587, -0.6422986949366125, -0.1917345971162042, 0.5022533165681973, 0.3351135277137779, 0.4635123402458018, -0.12583484139812753, 0.01761556349779858, -0.07999650103582137], [-0.5661194519057781, -0.6920020806074278, -0.03447610997806177, -0.34800009298368695, -0.5043057436337064, -0.050414630668211315, 0.05902574504532674, 0.48628878031478384, 0.3419768230629528, 0.7022600146002436, 0.22488884820649094, 0.38636171685930254, -0.31398559502631546, -0.05240276363349743]], "inverted": false, "swapped": true, "error_lsq": 0.0444592738267981, "error_max": 0.2277775846631323, "target": "567.xyz", "model": "12.xyz", "model_rescale": 3.9764082729961374, "target_rescale": 3.8836050916867024},
{"mapping": [13, 4, 3, 14, 11, 7, 8, 9, 5, 6, 0, 2, 1, 12, 15], "R": [[-0.27225985188248164, 0.5449565013944667, -0.793030254555797], [-0.5047815943925612, -0.7825420107935485, -0.3644496444033035], [-0.8191886931686945, 0.3010820700923472, 0.4881387835989616]], "T": [0.019913479951875146, -0.013317106602866398, 0.040600515221810955], "aligned_model": [[0.5488640270222662, -0.5676223034212737, -0.20967024423213443, 0.2689106075829498, 0.47599432780529, -0.6833445908378668, 0.03524229703453263, -0.09165877192119284, -0.21099194304847446, 0.09313030944533193, -0.5970005418286057, -0.3790371683913868, 0.1813750571359356, 0.5217488263323882, -0.04611477501937912], [0.28863925426643794, 0.3550114819545119, 0.2548773930466339, 0.6388234683001696, 0.11153975433587013, -0.06169457944243018, -0.3251293865972296, -0.34915659834161145, 0.17056844853311096, 0.7117763473499238, -0.2939432246872097, -0.6566467755045109, -0.6274153589359763, -0.25433719591780607, 0.05917493063048635], [0.09988138120232345, 0.22768198380343718, -0.7234717793034953, -0.34865664986533484, -0.5973224607300245, -0.23165195017334028, -0.593584762169672, 0.5266690236835877, 0.8252613936120118, 0.2698113016455106, 0.30093492532121735, -0.21084496833975785, 0.028935446184228997, 0.3525045655610737, -0.0038275035982888797]], "inverted": true, "swapped": false, "error_lsq": 0.05209417126498168, "error_max": 0.33200080374603946, "target": "567.xyz", "model": "13.xyz", "model_rescale": 4.170626492500431, "target_rescale": 3.8836050916867024},
{"mapping": [0, 3, 13, 4, 7, 11, 12, 9, 8, 2, 1, 5, 10, 14], "R": [[0.21901884509353478, -0.5845321835889951, -0.7812508379787989], [0.41108597780285244, 0.7814386384175519, -0.4694272821662533], [0.8848949453736116, -0.2183478434443627, 0.41144277234559506]], "T": [-0.06617599850848735, -0.005573290168114132, 0.04758614839951211], "aligned_model": [[0.2073134566276654, -0.05703882882133757, -0.17534348798730298, -0.5604270424061679, 0.13696860040628944, -0.3226605882084511, -0.6430472693743963, 0.5418039678750108, 0.6812172893916932, -0.3168791855379234, 0.46805915539898946, -0.332655290766666, 0.2615172099158134, -0.04564496442157283], [-0.27846814754081817, -0.7680533210589616, 0.13874643746098106, -0.3637402529686098, 0.545800657233664, 0.7409022366106326, 0.2544062390656947, -0.4356480574454253, 0.21966233941017207, -0.591426784232688, -0.07441587109184447, 0.21532059597481415, 0.627773961153698, 0.12521443535435642], [-0.250180253833456, 0.04321376488635553, -0.6897159737179299, -0.3348392631201079, -0.2062726217517971, 0.1383062787940015, -0.134230670060975, 0.14824605632202414, -0.08410169585523164, 0.6328499558732764, 0.5337219647455078, 0.7082006686948027, 0.3407216901840535, 0.15795319996034227]], "inverted": true, "swapped": true, "error_lsq": 0.048314867569574226, "error_max": 0.27983750008512087, "target": "567.xyz", "model": "14.xyz", "model_rescale": 3.9786697098870705, "target_rescale": 3.8836050916867024},
{"mapping": [12, 5, 4, 13, 6, 3, 10, 1, 0, 7, 5, 14], "R": [[0.9060711976410109, 0.3883681678305017, 0.16794389248008834], [-0.1820405238813615, 0.7160978016476968, -0.6738435917483637], [-0.38196365333678506, 0.57997767602841, 0.7195343374977328]], "T": [0.11955780815396377, -0.0038657069829214283, 0.044579853237743675], "aligned_model": [[0.01507192677449637, -0.5742133798160788, 0.5550750210806138, 0.5955161354731437, -0.08140098878453905, 0.5797480224863117, -0.4366982207189569, -0.1361188273180045, 0.5602730968188738, 0.022330334091055296, -0.5742133798160788, -0.0420151435035003], [-0.2810329256737877, 0.23016268850779348, 0.08922960021931875, -0.5505227674822311, 0.38373906692361487, 0.6037148203654364, -0.3591765323254441, 0.3040621167356341, 0.019069166876336065, -0.6103359091568815, 0.23016268850779348, -0.044397523273143676], [-0.5433727024346514, -0.09729726052412775, -0.521525158251426, -0.1812295192043879, -0.5792688981410274, 0.021143289184438377, 0.4430437452010774, 0.6497942334426938, 0.25237047248695044, 0.22476294147529768, -0.09729726052412775, 0.08884261116312091]], "inverted": false, "swapped": true, "error_lsq": 0.05117123769346654, "error_max": 0.4039723173251763, "target": "567.xyz", "model": "15.xyz", "model_rescale": 3.769337070930944, "target_rescale": 3.8836050916867024},
{"mapping": [8, 13, 1, 9, 10, 11, 5, 12, 2, 3, 14], "R": [[-0.6023398257587353, -0.6740973487210686, -0.42752719065828104], [-0.6875894924795496, 0.7102095586467989, -0.15107307052692856], [0.40547185369227723, 0.2029658770679079, -0.8912897556964308]], "T": [-0.0561073614523774, -0.0572792274006512, 0.053144644366466307], "aligned_model": [[-0.44639628717034024, -0.32239623861135336, -0.14099280828337088, -0.6087176270273723, 0.27655369980111044, 0.5759889422358019, 0.6005506020478395, 0.3347896013957804, 0.08600016542311267, -0.5014345262229192, 0.0686806071028816], [0.09129350893636476, -0.7644635261048909, 0.6069229839879496, 0.4456523693971098, 0.11407380492610811, -0.3534281477305086, 0.2930478120656493, -0.5549081349704186, 0.5148074067577549, 0.20491856423305985, -0.001852143872836498], [-0.6193657276230525, -0.019935759221165764, -0.2263270283589966, -0.02696818456167381, -0.6209583018515066, -0.32631586575699884, 0.1009792652309242, 0.23478222041608565, 0.6864948339580628, 0.6138713491831902, -0.05203919419109167]], "inverted": false, "swapped": true, "error_lsq": 0.04530190988568007, "error_max": 0.19691874313591687, "target": "567.xyz", "model": "16.xyz", "model_rescale": 3.7852294659196426, "target_rescale": 3.8836050916867024},
{"mapping": [3, 8, 1, 9, 13, 7, 11, 10, 2, 6, 12, 5, 14], "R": [[-0.5149913825589862, 0.37722505545652674, -0.7697305589787924], [-0.00714082214061329, -0.8998207735424781, -0.4362013115071668], [-0.8571656109230819, -0.21914340746925642, 0.46609364124993535]], "T": [-0.0612410121496795, 0.056787163351260356, -0.10339064324729648], "aligned_model": [[0.2714222119580798, -0.4742469194798501, 0.24168508319558676, 0.05295352094484057, -0.72634485643201, -0.5777225356653904, -0.24667959904491268, -0.1799787469505951, 0.7665902062540783, 0.4574650707833495, -0.17755462646091177, 0.4767048101059398, -0.030527768991921583], [-0.3333221583004138, -0.4755289888536529, -0.44513528876863095, -0.6859155454672452, 0.23146596872976347, 0.16015769549192477, 0.6519537760691986, 0.08765079380194377, -0.026261947355134124, 0.5273851128988775, 0.6881687979212217, 0.39102540764157, 0.10341199989345108], [-0.6678623428049334, 0.3122235270673948, 0.324142005061578, -0.11280642575648075, -0.42508045516761744, 0.2603216085070893, 0.38918364809169964, 0.6577852970657002, -0.34089527031822453, -0.40220619309169703, -0.24918347194540885, 0.290456985835549, 0.05967578459852506]], "inverted": false, "swapped": true, "error_lsq": 0.046702141200210906, "error_max": 0.34938454515385003, "target": "567.xyz", "model": "17.xyz", "model_rescale": 3.901054581598922, "target_rescale": 3.8836050916867024},
{"mapping": [7, 13, 2, 0, 1, 5, 8, 11, 12, 3, 9, 10, 4, 6, 14], "R": [[0.5250046044652689, -0.6918497219473552, -0.495695599669428], [0.14481489818911028, 0.646540444681583, -0.7490087440433645], [0.8386887447395155, 0.32144893160859633, 0.43962685747682423]], "T": [-0.042537314071333904, -0.03489165027016608, -0.042674157910489015], "aligned_model": [[0.4663800346347684, -0.628982706362744, -0.38219606049798827, 0.37637808450165255, 0.6151008966274443, -0.6178739863653522, -0.11137544678299947, -0.003084778189845233, -0.09788645278546294, -0.07393611138708528, -0.5927885569635933, -0.27537067236754387, 0.20408440595912106, 0.5249745537755888, -0.0635980901375798], [0.22599094057790806, 0.3758148821086733, 0.5210081984447411, 0.541066373022471, -0.04391195790968369, -0.08364275969561243, -0.16113120308424217, -0.33227522907668816, 0.3274444296359207, 0.717424611520012, -0.20522549455478542, -0.8100633575821822, -0.6709402602681305, -0.3512313683033075, -0.028239845844724228], [0.2929155168049169, 0.07940837328092273, -0.5519338128633677, -0.30399151811213987, -0.27314360776194757, -0.2807856650642882, -0.6905500248247814, 0.696742837698498, 0.6035642981714011, 0.08554536979863722, 0.2773251741529399, 0.08904979426353016, -0.4429164130993747, 0.333603941263181, 0.007485683125349668]], "inverted": false, "swapped": false, "error_lsq": 0.040914340472794, "error_max": 0.24051866080488854, "target": "567.xyz", "model": "18.xyz", "model_rescale": 3.9405287249114394, "target_rescale": 3.8836050916867024},
{"mapping": [12, 8, 9, 13, 14, 5, 11, 1, 0, 4, 6, 2, 10, 3, 15], "R": [[-0.09557204228746399, -0.3628228514393279, 0.9269442071702261], [-0.8343927307751462, 0.5370030452907494, 0.12416319977375032], [-0.5428211082507737, -0.761568977717644, -0.3540592275531103]], "T": [0.0147739164095698, 0.125361165673666, 0.00826112931270733], "aligned_model": [[0.48872411421708706, -0.7097418558099646, -0.39667865838074334, 0.33279869026588227, 0.6637586112382375, -0.7013796904157198, 0.017908425702304255, 0.013792684247012583, -0.2918407153622684, 0.046471472903473456, -0.5662588572252263, -0.35596304939053447, 0.21016061126971008, 0.5824290802480395, 0.005644250151090765], [0.24489634151604697, 0.28324860456764, 0.3686928590124103, 0.43995325578785593, -0.08564475592970883, -0.18016302245410737, -0.09179072534423752, -0.22797592652565962, 0.2980800360936311, 0.7448481693100473, -0.1977385837270288, -0.6605675031994467, -0.5694943762267677, -0.4316780380553044, 0.08742162416499971], [0.25569114758845995, 0.1579962553873543, -0.5921606496659175, -0.49295928669525396, -0.35784586188335993, -0.2833578423932867, -0.678796679738801, 0.5656401389991209, 0.598879379403426, 0.3954253655923673, 0.34927567957659883, -0.005721454343988084, -0.3030327066500556, 0.31306194189443276, 0.0002245197623797126]], "inverted": false, "swapped": false, "error_lsq": 0.044189291857359286, "error_max": 0.26993971323535393, "target": "567.xyz", "model": "19.xyz", "model_rescale": 4.410303926677745, "target_rescale": 3.8836050916867024},
{"mapping": [3, 4, 0, 2, 8, 6, 1, 13, 12, 11, 5, 10, 7, 14], "R": [[0.6518826785327476, -0.4509898760517468, 0.6096368633275064], [-0.4932961914684199, 0.3583858008692143, 0.7926023499953075], [-0.575940831085731, -0.8174152857845037, 0.011153907571585804]], "T": [0.03848079053797766, 4.784950266482034e-05, 7.78688124712934e-05], "aligned_model": [[-0.23942246749146334, 0.22537865363568765, 0.23223006988068912, -0.7382124509341944, 0.29615352929411703, -0.35113810456189093, -0.399933033052004, 0.7671925267707546, 0.2629089820495622, 0.21319510826171983, -0.5101033979718894, 0.024626334126234675, 0.49214035144066004, -0.013828211987109915], [-0.21699674803510632, -0.6406770333951217, 0.11961398459436244, -0.29709352230013136, 0.7417243570060463, -0.640587136360123, 0.5719112888319338, -0.19876704089226802, -0.4979957758464643, -0.003038328205670066, -0.05982734601952946, 0.5490274907312249, 0.30499619643690395, 0.07865807963514508], [-0.6760432926453509, -0.27076835363996943, -0.43131298834993753, -0.23880440898911914, -0.10086876002538529, 0.13271683325619288, -0.08501066506187303, -0.07615853098965619, 0.3675172629308909, 0.7751298551859269, 0.501762247322378, 0.54125199330081, 0.3331315305969652, 0.14427231583314876]], "inverted": false, "swapped": true, "error_lsq": 0.04048165686999876, "error_max": 0.1999260669780927, "target": "567.xyz", "model": "20.xyz", "model_rescale": 4.121658175737393, "target_rescale": 3.8836050916867024},
{"mapping": [2, 6, 4, 3, 0, 5, 12, 1, 11, 7, 13, 8, 14], "R": [[0.3765288282889092, 0.8986203706330679, 0.22518319420123084], [0.9055455981769559, -0.40830324446799215, 0.11521992093058613], [0.19548199684298456, 0.1605300284688168, -0.9674796632850122]], "T": [0.11254515265321571, -0.04132272576779685, -0.02082583287437107], "aligned_model": [[0.2631843231668777, -0.20620208662287146, 0.16364132021654487, 0.692050248299777, 0.5551610429805084, -0.369984847099335, -0.39795391649125555, 0.38318393789634997, -0.6278048904440471, -0.11771505478452707, 0.10587740942913841, 0.43600050870622076, 0.0016449094109141221], [-0.5037591417638043, -0.07375617265054545, 0.4885191540010644, -0.04107424469739714, 0.1428038058112482, -0.5682329807190599, 0.32959462639734677, -0.6826872264807402, -0.03674341694971177, 0.126769585930161, 0.6881799800253648, -0.17694729980435234, -0.1518397649363906], [0.6947652027743417, 0.6699399974879423, 0.46443041604466084, 0.47480728293974944, -0.11094525113898787, 0.19306023289130747, 0.16689255330983532, -0.2254737199891201, -0.3090983471878059, -0.5939317958019645, -0.23092458884803382, -0.7305103483544948, -0.09290189464564122]], "inverted": false, "swapped": true, "error_lsq": 0.05240965311115085, "error_max": 0.34151665023509703, "target": "567.xyz", "model": "21.xyz", "model_rescale": 4.08911054899281, "target_rescale": 3.8836050916867024},
{"mapping": [12, 5, 15, 14, 3, 1, 2, 7, 10, 9, 6, 0, 4, 13, 16], "R": [[-0.932997947682759, 0.27574798949700097, -0.23125283978390768], [-0.10695815928660937, -0.8260096522388776, -0.5534148593688362], [-0.3436201125978806, -0.49160054993517877, 0.8001588076886048]], "T": [-0.16186148349613486, 0.041465780371456006, -0.03766819433836295], "aligned_model": [[0.4310877148102049, -0.53033310247857, -0.19240920649085977, 0.32518559518810675, 0.6366852774278061, -0.7001199025686251, -0.056165504181038564, 0.04352198088556905, -0.17423340548698968, -0.03068726696364696, -0.579391309763882, -0.2706165575285381, 0.17267274025443588, 0.4065474250150045, -0.141919364460596], [0.2845100618670944, 0.5358111611372738, 0.38703055800621866, 0.40340634973949674, -0.06743321301468652, -0.26854386085310344, -0.20678892834794918, -0.26893293044693495, 0.3066613048693787, 0.7037062734278976, -0.3122828896007927, -0.7186000050018118, -0.5076520379374647, -0.24776155489017734, -0.001042329964068972], [0.32881540897046563, 0.30523173926928504, -0.6788848807808229, -0.24649049520143707, -0.36130827707201424, -0.5318040844652012, -0.7073336249292803, 0.5683569378882501, 0.7243381563880994, 0.1898806264363611, 0.4683899557007987, 0.06505343900339393, -0.30757310467349025, 0.13550463058191153, -0.029856480282842345]], "inverted": true, "swapped": false, "error_lsq": 0.0353590289444546, "error_max": 0.27378524443731855, "target": "567.xyz", "model": "22.xyz", "model_rescale": 4.204369325754507, "target_rescale": 3.8836050916867024},
{"mapping": [12, 8, 9, 13, 14, 5, 11, 1, 0, 4, 6, 2, 10, 3, 15], "R": [[-0.09557204228746399, -0.3628228514393279, 0.9269442071702261], [-0.8343927307751462, 0.5370030452907494, 0.12416319977375032], [-0.5428211082507737, -0.761568977717644, -0.3540592275531103]], "T": [0.0147739164095698, 0.125361165673666, 0.00826112931270733], "aligned_model": [[0.48872411421708706, -0.7097418558099646, -0.39667865838074334, 0.33279869026588227, 0.6637586112382375, -0.7013796904157198, 0.017908425702304255, 0.013792684247012583, -0.2918407153622684, 0.046471472903473456, -0.5662588572252263, -0.35596304939053447, 0.21016061126971008, 0.5824290802480395, 0.005644250151090765], [0.24489634151604697, 0.28324860456764, 0.3686928590124103, 0.43995325578785593, -0.08564475592970883, -0.18016302245410737, -0.09179072534423752, -0.22797592652565962, 0.2980800360936311, 0.7448481693100473, -0.1977385837270288, -0.6605675031994467, -0.5694943762267677, -0.4316780380553044, 0.08742162416499971], [0.25569114758845995, 0.1579962553873543, -0.5921606496659175, -0.49295928669525396, -0.35784586188335993, -0.2833578423932867, -0.678796679738801, 0.5656401389991209, 0.598879379403426, 0.3954253655923673, 0.34927567957659883, -0.005721454343988084, -0.3030327066500556, 0.31306194189443276, 0.0002245197623797126]], "inverted": false, "swapped": false, "error_lsq": 0.044189291857359286, "error_max": 0.26993971323535393, "target": "567.xyz", "model": "23.xyz", "model_rescale": 4.410303926677745, "target_rescale": 3.8836050916867024},
{"mapping": [5, 13, 9, 15, 4, 11, 10, 0, 12, 6, 7, 1, 3, 2, 16], "R": [[-0.7531016540138313, -0.652623080148924, 0.08319263175644381], [-0.32749538785392596, 0.481545043078734, 0.8129336642191092], [-0.5706002713424161, 0.5849764839232701, -0.5763834171805517]], "T": [-0.12450943517148437, 0.08270737010241414, -0.0961278584715303], "aligned_model": [[0.3950182197007882, -0.5443776056100924, -0.1744080203811516, 0.11014500589804473, 0.5169329349116496, -0.6623067368141996, -0.04767073008391362, 0.059197596210580364, 0.0040643450393272745, -0.09826275685041211, -0.5903374197110242, -0.4367723670133812, 0.31089523152168785, 0.5840288482865175, -0.08632143144604029], [0.3209832808725725, 0.45105523459624275, 0.29798819946358557, 0.7054363927796807, -0.11559886449546133, -0.014233315126167365, -0.26393386431469423, -0.33252137759451195, 0.22429209784680337, 0.7502628063919863, -0.19311251370973048, -0.7165557343712634, -0.7041467137217297, -0.35721334681283323, -0.030614322814109307], [0.166393835103498, 0.3307412010824613, -0.6822884843515223, -0.3539263232390939, -0.24814988376028507, -0.41565571720060945, -0.6417647471418838, 0.5073807369875564, 0.6846399576527942, 0.2666102579666886, 0.28969409165052196, -0.09851549222479597, -0.07301051378974807, 0.2744625014699328, -0.0842914733720374]], "inverted": false, "swapped": false, "error_lsq": 0.04198770552647489, "error_max": 0.2552138302107471, "target": "567.xyz", "model": "24.xyz", "model_rescale": 4.28219845311461, "target_rescale": 3.8836050916867024},
{"mapping": [11, 13, 7, 9, 5, 4, 3, 6, 14, 12, 2, 0, 1, 10, 15], "R": [[-0.7307570804510333, -0.46529909039591166, 0.4994905863451481], [0.6258382192408872, -0.16443927376810863, 0.7624213064835037], [-0.2726180711326339, 0.8697450670853815, 0.4113671177580531]], "T": [-0.0434717766314377, 0.023360968225273226, -0.029650162953426547], "aligned_model": [[0.37085900699262175, -0.45436010883486627, -0.44061572915354125, 0.21972237538866796, 0.7449634277955903, -0.6094923239736365, -0.033078141313870185, -0.010708473386993753, -0.03443693448765292, 0.048371060712497194, -0.564386148916372, -0.4364344145051687, 0.15187497435162814, 0.4715179011396952, -0.08397135815021872], [0.30692251854497477, 0.442191863270569, 0.4359085836760001, 0.4908766073240069, -0.11717850949890932, -0.24527661465021122, -0.1484087270733978, -0.6320200888707145, 0.18454132191480338, 0.7184257014195569, -0.10481292639346396, -0.6861759959360737, -0.47478799938276683, -0.10973822174594, -0.03837955360806347], [0.18106272267617785, 0.06345148446296522, -0.5565535238378164, -0.44078475091628555, -0.31930386055673066, -0.4066158935961034, -0.7849199749952636, 0.5880871363261945, 0.7147179516958939, 0.275095321231654, 0.39579042499414735, 0.05805293710480874, -0.38116780375979514, 0.5592259328817414, -0.02381815687811129]], "inverted": false, "swapped": false, "error_lsq": 0.04627958049433169, "error_max": 0.3844898349902601, "target": "567.xyz", "model": "25.xyz", "model_rescale": 4.100010024507729, "target_rescale": 3.8836050916867024},
{"mapping": [5, 6, 3, 4, 10, 8, 1, 13, 12, 7, 11, 14], "R": [[-0.9667573246996473, -0.245180428539015, -0.07257294675707915], [0.08848881671933885, -0.05452034958892793, -0.9945839636734108], [0.23989582000358434, -0.9679432260944474, 0.07440367331443931]], "T": [0.07501480903844367, 0.0407235319383204, 0.06684185817978722], "aligned_model": [[-0.5939466273127938, -0.0326371984617788, 0.5016799786292464, 0.5976759036853888, -0.5241320627651086, 0.0507967552071559, -0.2974144869904551, 0.6094956840976117, 0.08873962821794977, -0.02218914568815125, -0.41169305935990436, -0.08960976689615356], [-0.28897716698853115, -0.7066417856203422, -0.30155541499403304, -0.41164524870010005, 0.5103853967464355, 0.8055320343864327, 0.2964206496428244, 0.25198966503573483, -0.25931897608577126, 0.5439588797864567, 0.14321414060276397, 0.08276921623876878], [0.06462547266357788, -0.031470352712710425, 0.5981424874469816, -0.135654387360211, -0.055144961659919, 0.2696988137073998, 0.6346357785507273, -0.42919942943947803, -0.5190022311163995, -0.3166041080085077, -0.5527155038672535, 0.03788071165014941]], "inverted": true, "swapped": true, "error_lsq": 0.047106118666771335, "error_max": 0.26965409787976513, "target": "567.xyz", "model": "26.xyz", "model_rescale": 3.6694154284099745, "target_rescale": 3.8836050916867024},
