[{"mapping": [9, 3, 7, 0, 8, 10, 2, 11, 1, 6, 5, 12], "R": [[0.0580148774285775, 0.44071947821635804, 0.8957681706321388], [-0.8874057349440129, -0.3882737545136875, 0.24850463404999404], [0.4573241034380583, -0.8093267776841109, 0.36857133819388377]], "T": [-0.04560918634083906, -0.06292560900505374, -0.05968738201485317], "aligned_model": [[-0.30050348745585337, 0.20796891517846655, 0.41128153510761983, 0.004011235605622346, 0.03569447237281188, -0.6741324249961479, 0.4461982932740883, -0.09961033984297323, 0.5586545637244006, 0.012163827215582831, -0.630226788916931, -0.13385733880613804], [-0.3051820983321153, -0.6563951888072742, -0.34368328504648743, 0.7042819211369357, 0.29330869063836607, -0.5482046539739591, -0.0811889485829324, -0.5508878717165088, 0.07852697588611195, 0.32719310371242766, 0.1119477381245119, 0.02383865293798107], [-0.5240311263867014, -0.034268723874313185, -0.5837269684036239, -0.09672909169021894, -0.685992967433118, 0.022196854486412107, 0.5302067204777828, 0.5197661478843657, -0.06930507189447153, 0.6921468573175209, 0.4198528264334448, -0.008163711563516758]], "inverted": true, "swapped": true, "error_lsq": 0.043889353643278534, "error_max": 0.2721117874017852, "target": "569.xyz", "model": "0.xyz", "model_rescale": 3.751011558992144, "target_rescale": 3.953478163162148},
{"mapping": [0, 8, 5, 10, 7, 12, 13, 4, 1, 6, 11, 9, 14], "R": [[0.10843070227500291, -0.1861737647689902, -0.9765152902622112], [0.22473130391615562, 0.9614680157399328, -0.15835117855343228], [0.9683690535350118, -0.2022834249780669, 0.14609172507314924]], "T": [0.023299722949643015, 0.08642975727803259, -0.08145048194118927], "aligned_model": [[0.7689245980528128, 0.15606148234246595, -0.29778920085914307, -0.6709425835482112, 0.3940392010857168, -0.04401483343962785, -0.16069584214727492, -0.05078172867890128, 0.549897380146502, 0.05530724520908131, -0.4311031399186358, -0.5794338286736265, -0.006611496604099178], [0.22334229633399272, -0.256103815564811, 0.21652902601670282, -0.3471063864964503, 0.1931063108828187, 0.6689211500363367, 0.7309317263728403, -0.6919642878167844, -0.3274082595475568, -0.26301116378972644, 0.1545426673772627, 0.34964533687032323, 0.12290633114217711], [-0.10978810315606842, -0.6341378428047352, -0.6011255056594734, -0.03117344902802728, 0.4578540480413071, 0.3747815116079457, -0.3612093819929304, -0.20056647161236493, 0.11121127529277451, 0.5823207937797993, 0.5709371778299029, -0.12169281961916117, -0.05354723934630563]], "inverted": false, "swapped": false, "error_lsq": 0.035558147515806424, "error_max": 0.21259597606765362, "target": "569.xyz", "model": "1.xyz", "model_rescale": 3.9405287249114394, "target_rescale": 3.953478163162148},
{"mapping": [5, 11, 6, 3, 2, 1, 0, 10, 9, 8, 4, 7, 12], "R": [[-0.9573946413969369, -0.10304714397993006, -0.26977173080589895], [-0.006497990158283243, 0.9416189013777009, -0.33661791498991045], [0.28870967553640053, -0.32052321395779015, -0.9021704897445023]], "T": [-0.06345651829003801, 0.10143904854229986, 0.004459663232805961], "aligned_model": [[0.6257312583154293, 0.26279093685518123, -0.2672838358500915, -0.5088644220710792, 0.4412403580205863, -0.21241603637657652, 0.17992078126743946, -0.06914490855716678, 0.44896079108404036, 0.042486763798807226, -0.4069027186612952, -0.8364514436061254, -0.01721027125209003], [0.23370648282812195, -0.15028890288900737, 0.2413093606423854, -0.25585190318004414, 0.4499540599814321, 0.7964366640826795, 0.7708614866720714, -0.7334277647468848, -0.5195920981842896, -0.49450904479241714, 0.04402328978183802, 0.2581074746926796, 0.13360182692856026], [-0.18422476850920874, -0.5767545189037349, -0.4795304335653842, -0.02301129662686331, 0.3010873378781274, 0.35376713341184274, -0.437774525477634, -0.11575749692705144, 0.050610751403579735, 0.4885171609959551, 0.6131006575630573, -0.07826701226718351, 0.07210100435716087]], "inverted": false, "swapped": false, "error_lsq": 0.049182156587995504, "error_max": 0.38225960341240733, "target": "569.xyz", "model": "2.xyz", "model_rescale": 3.932901565614263, "target_rescale": 3.953478163162148},
{"mapping": [10, 9, 5, 7, 1, 2, 6, 8, 11, 3, 0, 4, 13], "R": [[0.8863200722550877, 0.35862357197396844, 0.29296051464722694], [0.4613426341649617, -0.7384813341464671, -0.4917400665178589], [0.039996292571568365, 0.5709942668205049, -0.8199791728078485]], "T": [0.0024226362680862673, -0.0056232663222601925, 0.01871435952057755], "aligned_model": [[0.640762847512732, -0.08495605473796407, -0.26603309698515964, -0.6063637180669685, 0.32677323572328015, -0.2129238047512675, 0.09462019102147257, 0.08526624138670545, 0.7748738148907242, -0.03965700801059199, -0.33949946566625133, -0.7287398817056597, 0.03873395235600723], [0.2704457009662524, -0.33700715435599093, 0.26157831140895055, -0.3042126671514701, 0.3740144724340131, 0.745098516366567, 0.6134751219802104, -0.7297063977138823, -0.44901023684534924, -0.3511468401750841, 0.1589270162856613, 0.47198257940524146, 0.049892509212005866], [-0.15290481280474139, -0.6311645695874234, -0.5922967056788022, -0.2048166044084243, 0.5659259245091415, 0.30896006321850794, -0.25498083075601136, -0.0686199490698151, 0.08531668216989109, 0.39224915245233505, 0.5709487389696158, 0.041527359651748544, -0.07628045533335935]], "inverted": false, "swapped": false, "error_lsq": 0.04283768405064843, "error_max": 0.2301434278771226, "target": "569.xyz", "model": "3.xyz", "model_rescale": 3.9243930471874484, "target_rescale": 3.953478163162148},
{"mapping": [8, 7, 1, 0, 10, 11, 9, 2, 4, 3, 6, 5, 12], "R": [[0.616879583190629, 0.701638584132493, 0.35659904248203844], [-0.7709974180814649, 0.4476473387244132, 0.4529622958311934], [0.1581852115536435, -0.5543601332973911, 0.8171060405211971]], "T": [0.042794815582702636, 0.14829939602154288, 0.03443152067087093], "aligned_model": [[0.6084970610293263, 0.27244468597819843, -0.3028921022022264, -0.5898441305467862, 0.5056463662726024, -0.08260771195126411, 0.15363293022400937, -0.061427557573413075, 0.4290850268743031, -0.0838834634618661, -0.3808106964388373, -0.7118939882087709, -0.07308916702821643], [0.29496268686428895, -0.30465967224472734, 0.11918042377820995, -0.39187033679317396, 0.28350597101992037, 0.8667585836196882, 0.7564140789092304, -0.7385309868168911, -0.301874134429434, -0.361114826443236, 0.20933870869310875, 0.21012980781256158, 0.13209062784757972], [-0.1996778929204057, -0.5860584296223316, -0.5899184935922286, -0.1425062563911216, 0.5488392807407166, 0.34139191425842125, -0.3055667684072399, -0.19769788143476955, 0.012274477057822697, 0.45562403477052255, 0.6161093414877407, 0.01878193970424718, 0.012268727681289275]], "inverted": false, "swapped": false, "error_lsq": 0.04161128883070142, "error_max": 0.22897250664189292, "target": "569.xyz", "model": "4.xyz", "model_rescale": 3.8936222436046832, "target_rescale": 3.953478163162148},
{"mapping": [7, 1, 8, 9, 0, 6, 2, 5, 10, 3, 4, 12], "R": [[-0.595543610116409, -0.2511869911252413, 0.7630418756129723], [0.5362702190195713, 0.5829052189098426, 0.6104389879098235], [-0.5981154241801626, 0.7727396723716964, -0.21244137567966292]], "T": [-0.054198885322806034, -0.06876534859215863, -0.0427380705868832], "aligned_model": [[0.04005994880019406, -0.4927804581498237, -0.2556350299013143, 0.3791132065212055, -0.6988114384821201, -0.5630086221877871, -0.42917915456166983, 0.016096669940746267, 0.6625453783712386, 0.28797435256747905, 0.1695720794483473, -0.08839889015139851], [-0.6055470271858847, -0.4953597813541004, 0.05852171052134886, 0.009952613497967056, 0.3121165623143407, 0.09891602255480006, -0.48849361122076174, 0.5162863892218406, 0.1889082995427224, -0.6071354120795784, 0.6280072987967069, 0.05274984050040579], [-0.5576867998991015, -0.1471382970570201, -0.7275689487811714, -0.4239447570515843, -0.22119057152210211, 0.6158822023943613, 0.4801397181607745, 0.4623265186368717, 0.19626860865373882, 0.05840170356085175, -0.11857623886519839, 0.002371581045097909]], "inverted": false, "swapped": true, "error_lsq": 0.04544964347754699, "error_max": 0.31743606821477716, "target": "569.xyz", "model": "5.xyz", "model_rescale": 3.6523030999806103, "target_rescale": 3.953478163162148},
{"mapping": [6, 1, 5, 3, 10, 9, 8, 2, 2, 4, 11, 7, 12], "R": [[0.5025288711330699, -0.852095586521397, -0.14628002293026554], [0.6406415567673518, 0.25339112011801596, 0.7248250381906252], [-0.5805541571812457, -0.45795856982492844, 0.6732241966117082]], "T": [-0.03667132898695251, 0.1279499836947267, -0.0591600001720661], "aligned_model": [[0.5996946990404364, 0.1447243218330082, -0.3573802059390572, -0.5212012845196621, 0.45216420202462543, -0.0824644205074068, 0.169733455227699, 0.3244246854080174, 0.3244246854080174, -0.019962826437868172, -0.5158922160300666, -0.7045880481435058, -0.1308197943971779], [0.2066298268844838, -0.2805863477937574, 0.3607404087692277, -0.36897467019529223, 0.2412217193814791, 0.7505053299801898, 0.6806495434696844, -0.5370148952478941, -0.5370148952478941, -0.25044334176990374, 0.16293301814559924, 0.23730499816280842, 0.10838023727839367], [-0.166268462584656, -0.5907317730409581, -0.6131076188369516, -0.08977557620347562, 0.5382363332466557, 0.3055189116956589, -0.3841574837690347, 0.0011973719543897088, 0.0011973719543897088, 0.3717354849670834, 0.6781950919397322, 0.0343643109936157, -0.10253996898378599]], "inverted": true, "swapped": false, "error_lsq": 0.05406753706293521, "error_max": 0.43665906402365273, "target": "569.xyz", "model": "6.xyz", "model_rescale": 4.08911054899281, "target_rescale": 3.953478163162148},
{"mapping": [1, 6, 7, 4, 11, 12, 13, 3, 9, 8, 10, 5, 14], "R": [[0.25886354954446644, -0.9002684392071747, 0.3500091428587504], [0.7143466847347795, 0.4223364048586191, 0.5579791888050363], [-0.650152656478207, 0.10558739744199636, 0.7524312757825504]], "T": [0.000782472424002343, 0.07221878835253873, -0.0629272575607061], "aligned_model": [[0.7120284385455865, -0.0710862798763882, -0.38438205098170025, -0.5230030049958067, 0.27831431964626013, -0.21538887308849528, 0.21905447281122625, 0.046601619976667924, 0.5861809770190327, -0.06725071350491266, -0.2913983334423068, -0.7483065296387004, 0.1414932104965958], [0.1438679787540843, -0.16991473344698907, 0.399340284345143, -0.3969583668544442, 0.3473652047204484, 0.7017738280463269, 0.7508738580940201, -0.7005479518323936, -0.339434189489488, -0.3936839067803314, 0.195013622968799, 0.20660359180771304, 0.03003171148423678], [-0.22706630850828677, -0.4934492738586163, -0.6493816729304509, -0.01423372227890074, 0.3750243222908282, 0.1918909509461943, -0.22929778533761774, -0.2278017772636421, 0.25708481183587834, 0.4304844747332001, 0.5842409615113235, -0.026766212604201478, 0.013135224796954934]], "inverted": false, "swapped": false, "error_lsq": 0.04833301891808857, "error_max": 0.2954690003561902, "target": "569.xyz", "model": "7.xyz", "model_rescale": 3.964800864290218, "target_rescale": 3.953478163162148},
{"mapping": [5, 1, 7, 2, 10, 9, 8, 0, 3, 6, 11, 12, 13], "R": [[-0.7598365971031249, -0.6435939956154799, 0.09184287947601094], [0.33145290935129235, -0.2619763086657338, 0.9063704444543854], [-0.5592739173118191, 0.719135023834591, 0.4123802891859828]], "T": [-0.0687625200422265, -0.03371021323070322, 0.016959742388425108], "aligned_model": [[0.6897507034667092, 0.058898254253787, -0.4305071948749753, -0.5074933655755374, 0.4514450372995338, -0.1316116404705347, 0.12204556275488973, 0.10190245118862673, 0.4871405432510343, -0.08923421623238217, -0.37120579817446114, -0.6622874839176088, -0.0359856000020219], [0.29135894650146354, -0.12322090814446943, 0.19828703077869028, -0.44583452089118136, 0.4400901804486752, 0.620883060723954, 0.633504125295175, -0.6985437922708004, -0.4593884366887142, -0.3668593958632959, 0.2142846279535396, 0.43362467284641865, 0.036145341127670386], [-0.11742200533605986, -0.71707735025376, -0.5506415560279082, -0.2592241238439992, 0.44126069364945725, 0.2204649279324922, -0.3139101465589439, -0.1880503849181305, 0.20599024256553258, 0.49140505530116946, 0.7478222101293196, 0.018036218388630215, 0.005210212304862974]], "inverted": false, "swapped": false, "error_lsq": 0.04752040199887775, "error_max": 0.28071109362826485, "target": "569.xyz", "model": "8.xyz", "model_rescale": 4.121658175737393, "target_rescale": 3.953478163162148},
{"mapping": [0, 5, 10, 7, 1, 2, 3, 9, 4, 6, 8, 11, 12], "R": [[-0.7667126729855626, -0.248100988058346, -0.5921128075019207], [0.27427030136822145, 0.7073179466228866, -0.651519089645552], [0.5804545450513064, -0.6619269008807969, -0.47426290074137667]], "T": [-0.08562526717968755, 0.052994508928137535, -0.009670503448855547], "aligned_model": [[0.6010989657321524, 0.08673342443647894, -0.1352763227152774, -0.6131802243767791, 0.4902400279832806, 0.06013835871460754, -0.1836619184115004, -0.021875662972757004, 0.6829740907153939, -0.07610272966689097, -0.5534813358112959, -0.6439622551070625, -0.010787165553290776], [0.3205759060622322, -0.22313640898315387, 0.34719673694948805, -0.3487566670038418, 0.15690239607018805, 0.6162516898026532, 0.8126221574438054, -0.7652401195817232, -0.39120096274769034, -0.2717144422330823, 0.1603298408091855, 0.29927675925184893, 0.06122404597721553], [-0.28468735195397765, -0.5348010623326511, -0.7078543276003751, -0.13414005830968045, 0.35435426017317245, 0.36959294643568985, -0.1995089666111748, 0.1303934023432412, -0.0011073437118046675, 0.6024205587380311, 0.5381827280847923, -0.18470460195877253, 0.03572381003617235]], "inverted": false, "swapped": false, "error_lsq": 0.05401574502736645, "error_max": 0.35548625110904575, "target": "569.xyz", "model": "9.xyz", "model_rescale": 3.833441315466971, "target_rescale": 3.953478163162148},
{"mapping": [6, 7, 11, 8, 5, 0, 12, 9, 3, 2, 13, 10, 14], "R": [[-0.5963771617230164, 0.17280762257075014, -0.7838825208898617], [0.4394928855045504, -0.7468794756344823, -0.4990160843768917], [-0.6716995493269915, -0.6421125870572902, 0.3694741411472672]], "T": [0.06738329769118719, 0.18160552801864366, -0.03505016987285881], "aligned_model": [[0.6364303826691012, 0.16202549949295664, -0.24604247246438393, -0.5749960800061713, 0.30776142937226286, -0.2156034990835078, 0.05754106706707253, -0.11957482587957587, 0.5424311909529114, 0.03002871599577868, -0.2539638054981978, -0.7221319105299775, 0.07895156087878988], [0.48823941457203307, -0.25063629749625593, 0.1147367253040566, -0.2458396216217979, 0.23244577419568158, 0.6485308383435118, 0.6653892645302133, -0.6075512845894895, -0.5446732667922045, -0.3370127439173756, 0.13271631560948274, 0.39061718777455035, 0.08736862590471983], [-0.2433543770800521, -0.5331704713016164, -0.6372377908594374, -0.14549808309332218, 0.5950838036956073, 0.3720397331373847, -0.3940438802551143, -0.0213274996594525, -0.0008381681288604781, 0.46122594094459035, 0.6929830887056608, -0.12850607173808076, -0.03349223103464356]], "inverted": false, "swapped": false, "error_lsq": 0.04089732017636517, "error_max": 0.25011564969816047, "target": "569.xyz", "model": "10.xyz", "model_rescale": 4.2482417240324, "target_rescale": 3.953478163162148},
{"mapping": [7, 1, 0, 6, 9, 4, 8, 5, 2, 10, 3, 12], "R": [[0.22472504718016748, 0.9684615127352725, -0.10761482946313591], [-0.03838760067623784, 0.119152839111248, 0.9921335560528388], [0.9736657769913625, -0.21882618509272914, 0.06395354121211289]], "T": [-0.05510855965241561, 0.049743827889349175, -0.058442329095190294], "aligned_model": [[-0.758774183019382, -0.18439818148029608, 0.3631603380585521, 0.7018175946384966, -0.44809743595734286, 0.22537849089705275, -0.31988546092602616, 0.5965928123486726, 0.1901103069986222, -0.07245474700505938, -0.48126664548793335, 0.0645827132976506], [-0.18159234674318175, -0.5483933988201714, -0.1673234006303722, -0.2851540474298104, 0.46273196913950043, 0.6808677232848281, 0.04754548937823123, 0.4370303664476534, -0.5562533093139423, 0.7330488074674023, -0.05568503916571701, 0.09930857643621879], [0.05787515412362625, 0.045249835921105895, 0.550141778770608, -0.24736364763099747, 0.06103554578793776, 0.1951846365977498, 0.6165837499184389, -0.22461001271682185, -0.4619499199446221, -0.47079612848504665, -0.5321808052304076, -0.023977897257214616]], "inverted": false, "swapped": true, "error_lsq": 0.04728775055341744, "error_max": 0.2517629077433355, "target": "569.xyz", "model": "11.xyz", "model_rescale": 3.6694154284099745, "target_rescale": 3.953478163162148},
{"mapping": [4, 8, 2, 10, 6, 0, 1, 9, 11, 7, 5, 12, 13], "R": [[-0.9521708959637281, 0.30533258487745674, 0.011941419165337003], [0.06697056829314504, 0.1703973153095228, 0.9830969931384188], [0.2981367603334496, 0.9368760684035845, -0.18269566111574043]], "T": [-0.02046968125699202, 0.06448787500708235, 0.015018565786454514], "aligned_model": [[0.5985623438244921, 0.20323422159491084, -0.26061778140567954, -0.5196568849503959, 0.29922225085220444, 0.08510354805175949, -0.08397528860519077, 0.0292873016505519, 0.6009752225742385, -0.3190034840629216, -0.3107402287879951, -0.645150270178144, 0.005616302409228634], [0.43543674434585994, -0.3085431917191085, 0.14470542055963753, -0.29406307488963207, 0.0918236542299192, 0.7187586818891659, 0.7455144688784874, -0.7293807564598516, -0.33371987123470054, -0.44188025059321573, 0.23007353932781938, 0.3319484148881963, 0.18365715259454796], [-0.1489172082535379, -0.604176264955079, -0.586818296471763, -0.1455496107161335, 0.48074880656134694, 0.2824542944029714, -0.4836228989723545, -0.09444880613250885, 0.03131185404594547, 0.4695889216476954, 0.7450152709051788, 0.017761137228533858, 0.020516794042368242]], "inverted": true, "swapped": false, "error_lsq": 0.04555954928289134, "error_max": 0.3418840736337381, "target": "569.xyz", "model": "12.xyz", "model_rescale": 3.9764082729961374, "target_rescale": 3.953478163162148},
{"mapping": [3, 8, 11, 1, 4, 6, 14, 2, 7, 0, 5, 12, 15], "R": [[-0.4523249257664014, 0.8784844993856915, -0.15384130092238063], [0.6395708596128595, 0.4397316966819268, 0.6305435357430142], [0.621571618612439, 0.18681814492255563, -0.7607546934874655]], "T": [-0.16202576577361047, 0.09586226493454433, 0.016553287861437612], "aligned_model": [[0.5400990837968865, 0.05630475656199349, -0.08465369973746523, -0.5198913101724901, 0.30698709343477226, -0.05111566504866495, 0.13853970407537516, 0.00826412696116599, 0.4799992655959585, 0.025669795572788923, -0.3601224423461323, -0.7970901776071614, -0.0601332781199672], [0.17262019413157131, -0.2302029730125644, 0.35259075370543513, -0.3856486395027461, 0.18652381158212525, 0.7971019917110372, 0.7562727139454785, -0.6754601801222931, -0.2759093229308177, -0.4020601738116173, 0.2261341994709579, 0.12391083938828062, 0.1284577172622781], [-0.44123745389138813, -0.5713804501292534, -0.7308747991142415, -0.1917783691210566, 0.552903121119428, 0.29872451397573085, -0.318598135746913, -0.09445370331497327, 0.16016193827624137, 0.5104678095614945, 0.8206744451740531, -0.03930371923603558, 0.028558795779576516]], "inverted": false, "swapped": false, "error_lsq": 0.046420259380560006, "error_max": 0.2786674055347613, "target": "569.xyz", "model": "13.xyz", "model_rescale": 4.170626492500431, "target_rescale": 3.953478163162148},
{"mapping": [11, 3, 1, 0, 12, 10, 9, 2, 6, 4, 8, 7, 13], "R": [[-0.7596113930127435, 0.5476410342879874, 0.35082734951714223], [0.2588742004036687, -0.2402561224121143, 0.9355539236243182], [0.5966361369969144, 0.8014775687487947, 0.040731152965765516]], "T": [-0.013277401914782426, -0.0011927647469610198, 0.01250068244265708], "aligned_model": [[0.5908488765137172, 0.26290239930788734, -0.4237829924730818, -0.5476489672961872, 0.24184578467548368, -0.06317284293261959, 0.078602069732791, -0.08796641291260453, 0.7302831646216743, -0.05838860496847263, -0.40589644430637867, -0.7223657178877906, 0.08759694089264064], [0.3161459432000218, -0.16929020685338048, 0.2083253201489204, -0.21552933119086193, 0.2790169443352089, 0.538837279117166, 0.6619222706665175, -0.6462807566569561, -0.38851160549735914, -0.3939026044237053, 0.1814787101326482, 0.3898952346147578, 0.012223734224147666], [-0.17185559025186264, -0.596549046055574, -0.6026430423219628, -0.14359311283681203, 0.6386802092449049, 0.1680844273023752, -0.44372629063348895, -0.09340116629494427, -0.05525672690745485, 0.6014039782163649, 0.6158560608240369, 0.05341204754600812, 0.013452245501072919]], "inverted": false, "swapped": false, "error_lsq": 0.038493850165460586, "error_max": 0.22356300032244128, "target": "569.xyz", "model": "14.xyz", "model_rescale": 3.9786697098870705, "target_rescale": 3.953478163162148},
{"mapping": [1, 6, 3, 7, 11, 10, 0, 4, 9, 8, 5, 12], "R": [[0.36056832481023793, 0.8307267403883772, -0.42412682766743337], [0.5947893754020636, -0.5550484782399827, -0.5815038999975002], [-0.7184817896456125, -0.04259424382685256, -0.6942403390328573]], "T": [0.053726586567901934, -0.05387667788077409, -0.06689634879201452], "aligned_model": [[-0.04138424162140645, -0.7366716320193722, 0.48252558562142034, 0.6147948190099347, 0.03368320941460255, 0.35785132572429107, -0.49514147841011863, -0.03168326661916258, 0.5413103774478342, 0.2035841099546382, -0.3995212606896475, -0.04599295104567696], [-0.5650904505941862, 0.10678457959053468, 0.04474667952348728, -0.5252489292098341, 0.5022329186054398, 0.6687681004168968, -0.45939806697559804, 0.29386253995871636, 0.007742693697892919, -0.5935186334002074, 0.5366775506097755, -0.0028844919984783862], [-0.40579223593610914, -0.3319315746432698, -0.5397165637653561, -0.22564814035904018, -0.5837426194092454, 0.08321996822667103, 0.2891063465212069, 0.5758318892267102, 0.2457368615626394, 0.39364803562314127, 0.1524876352749196, 0.006766891551562265]], "inverted": true, "swapped": true, "error_lsq": 0.049915813383673506, "error_max": 0.23585065910234407, "target": "569.xyz", "model": "15.xyz", "model_rescale": 3.769337070930944, "target_rescale": 3.953478163162148},
{"mapping": [3, 10, 1, 2, 7, 9, 8, 4, 0, 6, 12], "R": [[0.7396975366646019, -0.5199305020885128, 0.4272233926768375], [0.362044961277418, -0.22767603292271058, -0.9039286863720003], [0.5672486229740477, 0.8233078992883308, 0.019826817785086298]], "T": [-0.0352277532509477, 0.013084860219555204, -0.02563332116072794], "aligned_model": [[-0.3150903270366244, -0.15585252106212746, -0.09585053417936795, -0.678872214112905, 0.25750461070384395, 0.356043249107946, 0.6469327837097981, 0.2862100535541126, 0.2562454660288174, -0.5997568314412876, -0.03488760458103528], [-0.033414545396059515, -0.7690880022855168, 0.615180650669543, 0.4321336637992966, 0.299570772394888, -0.3166208124617092, 0.25879168774279276, -0.5031716304966874, 0.40882300942066746, 0.23039520555530688, -0.0265355013171795], [-0.6058650412294228, -0.13002450735097612, -0.16362444742915366, -0.00822335408940791, -0.6536660251840939, -0.3039777057171875, -0.018083207872033543, 0.38846083086440525, 0.5667148438114941, 0.5700748189782553, 0.1024314024418978]], "inverted": false, "swapped": true, "error_lsq": 0.04416615435951222, "error_max": 0.22922480760504768, "target": "569.xyz", "model": "16.xyz", "model_rescale": 3.7852294659196426, "target_rescale": 3.953478163162148},
{"mapping": [9, 0, 4, 1, 11, 6, 10, 3, 8, 2, 7, 5, 12], "R": [[0.8796643587298829, 0.2808770717363869, -0.38379511012145073], [-0.270980699386546, 0.9591811527971534, 0.08087630480370828], [0.39084533583032854, 0.03285706456025055, 0.9198697390218689]], "T": [-0.03057989646895755, -0.008644372949458176, -0.005831898359867889], "aligned_model": [[0.7592227411128553, 0.19513211267602626, -0.4006642652943, -0.6277433165535253, 0.3769440816345232, -0.23085359571684272, 0.15264834963805107, -0.07656736300632287, 0.5650092961084565, -0.0998747923296905, -0.3399906415857868, -0.6245542751314964, 0.03414892141511151], [0.24832695061098942, -0.17232265979089995, 0.14669287608548748, -0.34693455626495734, 0.21511829555045703, 0.8055100733947478, 0.7305156176722498, -0.7714258349105401, -0.2586033121019342, -0.3748807070813147, 0.23191958928086387, 0.263878794980094, 0.05653580439188195], [-0.24549691050858471, -0.6287369176710842, -0.589522384921879, 0.0508228087026302, 0.5614304306289204, 0.2847472109881922, -0.26912829668655597, -0.22616111878363604, 0.07783382744958262, 0.47909715418243776, 0.5753917901273772, -0.07748781922112513, -0.008925780953612126]], "inverted": false, "swapped": false, "error_lsq": 0.039371797809957414, "error_max": 0.22146765145691674, "target": "569.xyz", "model": "17.xyz", "model_rescale": 3.901054581598922, "target_rescale": 3.953478163162148},
{"mapping": [0, 8, 5, 10, 7, 12, 13, 4, 1, 6, 11, 9, 14], "R": [[0.10843070227500291, -0.1861737647689902, -0.9765152902622112], [0.22473130391615562, 0.9614680157399328, -0.15835117855343228], [0.9683690535350118, -0.2022834249780669, 0.14609172507314924]], "T": [0.023299722949643015, 0.08642975727803259, -0.08145048194118927], "aligned_model": [[0.7689245980528128, 0.15606148234246595, -0.29778920085914307, -0.6709425835482112, 0.3940392010857168, -0.04401483343962785, -0.16069584214727492, -0.05078172867890128, 0.549897380146502, 0.05530724520908131, -0.4311031399186358, -0.5794338286736265, -0.006611496604099178], [0.22334229633399272, -0.256103815564811, 0.21652902601670282, -0.3471063864964503, 0.1931063108828187, 0.6689211500363367, 0.7309317263728403, -0.6919642878167844, -0.3274082595475568, -0.26301116378972644, 0.1545426673772627, 0.34964533687032323, 0.12290633114217711], [-0.10978810315606842, -0.6341378428047352, -0.6011255056594734, -0.03117344902802728, 0.4578540480413071, 0.3747815116079457, -0.3612093819929304, -0.20056647161236493, 0.11121127529277451, 0.5823207937797993, 0.5709371778299029, -0.12169281961916117, -0.05354723934630563]], "inverted": false, "swapped": false, "error_lsq": 0.035558147515806424, "error_max": 0.21259597606765362, "target": "569.xyz", "model": "18.xyz", "model_rescale": 3.9405287249114394, "target_rescale": 3.953478163162148},
{"mapping": [2, 1, 0, 12, 11, 9, 8, 3, 10, 14, 13, 4, 15], "R": [[0.9433921277893871, -0.08426727080041467, -0.32079638448221676], [-0.14586058676599384, 0.7632417727866867, -0.6294336227925195], [0.29788585473851, 0.640594273581403, 0.7077450064828589]], "T": [-0.1019525348619022, 0.12410956570279696, -0.013905878019449418], "aligned_model": [[0.7205765650672116, 0.020240943894960728, -0.3406252037573246, -0.4581168277789169, 0.3160464774277008, 0.033413640929203875, -0.0311160548639198, 0.0793910567534481, 0.5384640377777421, -0.027155042162109927, -0.32229498177446475, -0.7830530540007459, -0.06291430454572661], [0.08546485844071516, -0.19090444167144693, 0.2970338922108741, -0.29194700798155354, 0.21484231027091205, 0.7503610059936976, 0.7671406892654916, -0.694050793902096, -0.26940818828843327, -0.41865730786801214, 0.13751936537689607, 0.270057684107509, 0.11687886586257178], [-0.2918946356760789, -0.580787129153013, -0.6350393519041009, -0.02743311551844734, 0.5659713475101187, 0.40858078323957636, -0.4060350949456443, -0.1660792088800252, 0.21612548446991808, 0.5334042882630521, 0.620601197381016, -0.23631599060203837, -0.01723458085167037]], "inverted": false, "swapped": false, "error_lsq": 0.03677271783792861, "error_max": 0.21421629444250156, "target": "569.xyz", "model": "19.xyz", "model_rescale": 4.410303926677745, "target_rescale": 3.953478163162148},
{"mapping": [5, 1, 7, 2, 10, 9, 8, 0, 3, 6, 11, 12, 13], "R": [[-0.7598365971031249, -0.6435939956154799, 0.09184287947601094], [0.33145290935129235, -0.2619763086657338, 0.9063704444543854], [-0.5592739173118191, 0.719135023834591, 0.4123802891859828]], "T": [-0.0687625200422265, -0.03371021323070322, 0.016959742388425108], "aligned_model": [[0.6897507034667092, 0.058898254253787, -0.4305071948749753, -0.5074933655755374, 0.4514450372995338, -0.1316116404705347, 0.12204556275488973, 0.10190245118862673, 0.4871405432510343, -0.08923421623238217, -0.37120579817446114, -0.6622874839176088, -0.0359856000020219], [0.29135894650146354, -0.12322090814446943, 0.19828703077869028, -0.44583452089118136, 0.4400901804486752, 0.620883060723954, 0.633504125295175, -0.6985437922708004, -0.4593884366887142, -0.3668593958632959, 0.2142846279535396, 0.43362467284641865, 0.036145341127670386], [-0.11742200533605986, -0.71707735025376, -0.5506415560279082, -0.2592241238439992, 0.44126069364945725, 0.2204649279324922, -0.3139101465589439, -0.1880503849181305, 0.20599024256553258, 0.49140505530116946, 0.7478222101293196, 0.018036218388630215, 0.005210212304862974]], "inverted": false, "swapped": false, "error_lsq": 0.04752040199887775, "error_max": 0.28071109362826485, "target": "569.xyz", "model": "20.xyz", "model_rescale": 4.121658175737393, "target_rescale": 3.953478163162148},
{"mapping": [6, 1, 5, 3, 10, 9, 8, 2, 2, 4, 11, 7, 12], "R": [[0.5025288711330699, -0.852095586521397, -0.14628002293026554], [0.6406415567673518, 0.25339112011801596, 0.7248250381906252], [-0.5805541571812457, -0.45795856982492844, 0.6732241966117082]], "T": [-0.03667132898695251, 0.1279499836947267, -0.0591600001720661], "aligned_model": [[0.5996946990404364, 0.1447243218330082, -0.3573802059390572, -0.5212012845196621, 0.45216420202462543, -0.0824644205074068, 0.169733455227699, 0.3244246854080174, 0.3244246854080174, -0.019962826437868172, -0.5158922160300666, -0.7045880481435058, -0.1308197943971779], [0.2066298268844838, -0.2805863477937574, 0.3607404087692277, -0.36897467019529223, 0.2412217193814791, 0.7505053299801898, 0.6806495434696844, -0.5370148952478941, -0.5370148952478941, -0.25044334176990374, 0.16293301814559924, 0.23730499816280842, 0.10838023727839367], [-0.166268462584656, -0.5907317730409581, -0.6131076188369516, -0.08977557620347562, 0.5382363332466557, 0.3055189116956589, -0.3841574837690347, 0.0011973719543897088, 0.0011973719543897088, 0.3717354849670834, 0.6781950919397322, 0.0343643109936157, -0.10253996898378599]], "inverted": true, "swapped": false, "error_lsq": 0.05406753706293521, "error_max": 0.43665906402365273, "target": "569.xyz", "model": "21.xyz", "model_rescale": 4.08911054899281, "target_rescale": 3.953478163162148},
{"mapping": [5, 8, 1, 0, 12, 14, 15, 6, 10, 7, 13, 4, 16], "R": [[0.04110508826430126, 0.9982118042609531, 0.043400063973181635], [0.173125980092303, -0.049895404039410785, 0.983635015477196], [0.9840415472610207, -0.03291872551962183, -0.17486735193940656]], "T": [-0.009959361069744132, 0.17187009094772351, -0.05223754082430684], "aligned_model": [[0.6564892695723136, 0.15131061654503788, -0.38457059777659475, -0.5852910637127885, 0.23511461303180084, 0.09009036790898599, -0.009728700844583034, 0.02094319936386535, 0.5772789584407285, -0.03640399409181262, -0.3041967388135217, -0.6811103515820589, -0.047068325074313855], [0.023451730016366273, -0.16850225650687742, 0.16500598219372947, -0.3456856010765217, 0.26183554118374275, 0.7138961792612961, 0.8220958607405824, -0.5614363599346067, -0.2678779357766512, -0.3631275746249596, 0.1196759807486862, 0.22314759904668258, 0.15185178654565656], [-0.22985304353154024, -0.6343893058035478, -0.7519644065440795, -0.08700729443911595, 0.6382799977045783, 0.27642696481302764, -0.3819547120291412, -0.1821252207803997, 0.2837806704462596, 0.41560256778710886, 0.537194479367364, 0.1300236754704902, -0.030150379128341422]], "inverted": false, "swapped": false, "error_lsq": 0.042317169626210384, "error_max": 0.25492066836307115, "target": "569.xyz", "model": "22.xyz", "model_rescale": 4.204369325754507, "target_rescale": 3.953478163162148},
{"mapping": [2, 1, 0, 12, 11, 9, 8, 3, 10, 14, 13, 4, 15], "R": [[0.9433921277893871, -0.08426727080041467, -0.32079638448221676], [-0.14586058676599384, 0.7632417727866867, -0.6294336227925195], [0.29788585473851, 0.640594273581403, 0.7077450064828589]], "T": [-0.1019525348619022, 0.12410956570279696, -0.013905878019449418], "aligned_model": [[0.7205765650672116, 0.020240943894960728, -0.3406252037573246, -0.4581168277789169, 0.3160464774277008, 0.033413640929203875, -0.0311160548639198, 0.0793910567534481, 0.5384640377777421, -0.027155042162109927, -0.32229498177446475, -0.7830530540007459, -0.06291430454572661], [0.08546485844071516, -0.19090444167144693, 0.2970338922108741, -0.29194700798155354, 0.21484231027091205, 0.7503610059936976, 0.7671406892654916, -0.694050793902096, -0.26940818828843327, -0.41865730786801214, 0.13751936537689607, 0.270057684107509, 0.11687886586257178], [-0.2918946356760789, -0.580787129153013, -0.6350393519041009, -0.02743311551844734, 0.5659713475101187, 0.40858078323957636, -0.4060350949456443, -0.1660792088800252, 0.21612548446991808, 0.5334042882630521, 0.620601197381016, -0.23631599060203837, -0.01723458085167037]], "inverted": false, "swapped": false, "error_lsq": 0.03677271783792861, "error_max": 0.21421629444250156, "target": "569.xyz", "model": "23.xyz", "model_rescale": 4.410303926677745, "target_rescale": 3.953478163162148},
{"mapping": [15, 5, 4, 0, 11, 10, 8, 12, 13, 7, 1, 3, 16], "R": [[0.12544412622495055, 0.5407064668611252, 0.8318054387236343], [0.4727343254018628, -0.7697031271315214, 0.4290446989193582], [0.8722304906287698, 0.3394018455732319, -0.3521652430876444]], "T": [0.12942155564035618, 0.0660369744211993, 0.024552853862120885], "aligned_model": [[0.658847280735981, 0.08471897172602881, -0.255039714511498, -0.4535359411507902, 0.32097805905016547, -0.08198027538903938, 0.10088801322628987, 0.02433053500500984, 0.5178548194999624, -0.031979912587604575, -0.4676718645578257, -0.7452763114867809, 0.01072359340716067], [0.2480878973155527, -0.1354422534003114, 0.364867906286634, -0.410935961906965, 0.2943617209783703, 0.6690581618012, 0.7704987061545534, -0.6908101621643268, -0.48836801813837327, -0.3432164984253393, 0.152727854329514, 0.2619418763179827, 0.0815597026686336], [-0.4180305325353301, -0.5695934523417994, -0.4620414113165897, -0.030612225958876502, 0.5830288181808855, 0.14888571228598155, -0.39808904270635986, -0.22507511734264762, 0.2141348350247062, 0.5229423177347071, 0.6347163470892205, -0.05144645725390393, 0.035044202472669386]], "inverted": false, "swapped": false, "error_lsq": 0.03653800976855471, "error_max": 0.22923862063989925, "target": "569.xyz", "model": "24.xyz", "model_rescale": 4.28219845311461, "target_rescale": 3.953478163162148},
{"mapping": [10, 2, 13, 4, 5, 9, 12, 0, 6, 1, 3, 7, 15], "R": [[0.8342216805711651, -0.35976784905979675, -0.4179010438463974], [-0.2505546281483712, 0.4278006502775542, -0.8684520608159862], [0.49121946824047263, 0.8291885783131538, 0.2667390777830617]], "T": [0.013807018245918016, 0.12361325826296989, -0.034737057048834105], "aligned_model": [[0.8034179295236051, 0.011395754466248551, -0.297348528106571, -0.5525826885432534, 0.35764681648674285, -0.2304774335882885, 0.10809883231438452, 0.006819669859542524, 0.6472356040236521, 0.0214324111751775, -0.47224926390962185, -0.7283443860573213, 0.007812535322762052], [0.18791083200901942, -0.26001466403602325, 0.30353701216076395, -0.33850797139913674, 0.37730761384126127, 0.691913620291564, 0.7576927125964027, -0.6913874709522183, -0.49582193418809273, -0.20230281374490633, 0.03832237517912308, 0.35567226289265896, 0.05000935716670907], [-0.08040159065501587, -0.6018383067630823, -0.5077340186610781, -0.017554444774475167, 0.7019406526774519, 0.2377211764276011, -0.45123699657454164, -0.07050240867642309, -0.19985944812211182, 0.5162601899826755, 0.5623559848631751, -0.06483551566771846, -0.040451280723794274]], "inverted": true, "swapped": false, "error_lsq": 0.04306838687059773, "error_max": 0.2886933267569093, "target": "569.xyz", "model": "25.xyz", "model_rescale": 4.100010024507729, "target_rescale": 3.953478163162148},
{"mapping": [7, 1, 0, 6, 9, 4, 8, 5, 2, 10, 3, 12], "R": [[0.22472504718016748, 0.9684615127352725, -0.10761482946313591], [-0.03838760067623784, 0.119152839111248, 0.9921335560528388], [0.9736657769913625, -0.21882618509272914, 0.06395354121211289]], "T": [-0.05510855965241561, 0.049743827889349175, -0.058442329095190294], "aligned_model": [[-0.758774183019382, -0.18439818148029608, 0.3631603380585521, 0.7018175946384966, -0.44809743595734286, 0.22537849089705275, -0.31988546092602616, 0.5965928123486726, 0.1901103069986222, -0.07245474700505938, -0.48126664548793335, 0.0645827132976506], [-0.18159234674318175, -0.5483933988201714, -0.1673234006303722, -0.2851540474298104, 0.46273196913950043, 0.6808677232848281, 0.04754548937823123, 0.4370303664476534, -0.5562533093139423, 0.7330488074674023, -0.05568503916571701, 0.09930857643621879], [0.05787515412362625, 0.045249835921105895, 0.550141778770608, -0.24736364763099747, 0.06103554578793776, 0.1951846365977498, 0.6165837499184389, -0.22461001271682185, -0.4619499199446221, -0.47079612848504665, -0.5321808052304076, -0.023977897257214616]], "inverted": false, "swapped": true, "error_lsq": 0.04728775055341744, "error_max": 0.2517629077433355, "target": "569.xyz", "model": "26.xyz", "model_rescale": 3.6694154284099745, "target_rescale": 3.953478163162148},
{"mapping": [8, 7, 3, 6, 4, 10, 9, 1, 5, 0, 2, 12, 13], "R": [[0.4307072351755282, -0.8507029909380452, 0.3013232463261287], [-0.12936530936325752, -0.3886271077995861, -0.912268374885745], [0.8931718167859987, 0.3539398145057907, -0.27743596271357024]], "T": [0.0024939136777953966, 0.13383589832766257, 0.005914849587942535], "aligned_model": [[0.5791420556718617, 0.21878571415330442, -0.34703573405296123, -0.5602509341674838, 0.4407132666974208, 0.12413485028194265, -0.05853623047624185, -0.12509380545039195, 0.514001196266182, 0.08618114781114167, -0.4112028975666527, -0.747102911047806, -0.03087846515325672], [0.40325168672960987, -0.04853605727672816, 0.04568735419618136, -0.256903507861579, 0.25367364025056766, 0.6530959447474671, 0.6651743345591079, -0.7340420144105608, -0.468461150752786, -0.3249472457614269, 0.11715931214098052, 0.3379178479455136, 0.13126078731077803], [-0.051087305850230934, -0.5563011690157047, -0.7171965386906936, -0.03687982857259743, 0.6908479005781885, 0.28423697703526773, -0.4169543064852011, -0.09486191462167504, -0.03379741865725599, 0.47436742635103596, 0.5450868871071528, -0.15591213073030555, 0.05231541488468235]], "inverted": true, "swapped": false, "error_lsq": 0.04300247963390759, "error_max": 0.2591062289262972, "target": "569.xyz", "model": "27.xyz", "model_rescale": 4.103607728864725, "target_rescale": 3.953478163162148},
{"mapping": [12, 10, 11, 5, 2, 4, 13, 9, 3, 0, 1, 7, 14], "R": [[-0.04745831336595735, 0.9042811642342174, 0.4242915088752857], [-0.9927707188478294, 0.004180115613844626, -0.11995343443110948], [-0.1102452189023278, -0.4269169739477021, 0.8975454802206486]], "T": [-0.04244185034538554, 0.04296183339682966, -0.1815675443449236], "aligned_model": [[0.7571014895363068, 0.19311620805637475, -0.3690747956137204, -0.6130530348543032, 0.3471045967680479, 0.02148734161559597, 0.1193986822663274, -0.16858406001873616, 0.5430160164613843, -0.00922344872947771, -0.3544738462050144, -0.7339386155240749, -0.050019280791651556], [0.3457136333386902, -0.2418615500570255, 0.3325470244120111, -0.36030223067704115, 0.29112272540843176, 0.8054407850297907, 0.6459902143088909, -0.7631658809353836, -0.25723413525578553, -0.33953411750137386, 0.09721977624710139, 0.17857645527011234, 0.03981823222870673], [-0.10178400965556675, -0.5325138617007882, -0.7121451255423591, 0.03504589273095027, 0.39113695489476974, 0.30438326990116193, -0.3548792484281621, -0.24767485995550384, 0.1798910551731863, 0.4203337152668254, 0.6566167678874051, -0.028198239577123668, -0.026348317662132054]], "inverted": true, "swapped": false, "error_lsq": 0.040716272138430286, "error_max": 0.22941383755906647, "target": "569.xyz", "model": "28.xyz", "model_rescale": 4.137296879288765, "target_rescale": 3.953478163162148},
