[{"mapping": [0, 2, 7, 5, 3, 9, 12, 11, 6, 13, 10, 15], "R": [[0.8979660816887133, 0.3649215020556274, -0.24594554981557226], [-0.38592409487096063, 0.9215908134605922, -0.041628902736847107], [0.21146987760588798, 0.1322976563757226, 0.9683892920632912]], "T": [-0.007399865562130277, -0.06893191555362321, 0.025643806614080403], "aligned_model": [[-0.20751367550027564, 0.10839060981781946, 0.45777110152604117, -0.15976893111228213, -0.16751823498078944, -0.535665659517894, 0.4756868688423852, -0.40082312557289973, 0.5962041436028169, 0.15499749680976269, -0.4993300214712882, 0.015211890017152641], [-0.4383395299992218, -0.8251685986410192, -0.21153331467752773, 0.7036129002434488, 0.260633117386478, -0.5594554705623227, -0.2501416782282174, -0.4535474262990115, 0.15516831988099103, 0.5029669195678467, 0.20115287278401728, -0.031793075478403876], [-0.4692260981320343, 0.1175983111761174, -0.6194169520250544, 0.09402153729218722, -0.6513507241276651, -0.12988518718295627, 0.44635092162195933, 0.4794424748468301, -0.016539136879797564, 0.4564290304391919, 0.5127677047874716, -0.03824013646268748]], "inverted": false, "swapped": true, "error_lsq": 0.04469800686061464, "error_max": 0.2629798957424755, "target": "57.xyz", "model": "0.xyz", "model_rescale": 3.751011558992144, "target_rescale": 4.298153655243012},
{"mapping": [5, 10, 3, 8, 11, 0, 14, 13, 4, 1, 2, 12, 6, 7, 15], "R": [[-0.5766031629196217, -0.6876757839536052, -0.44116981840883307], [-0.37941586183873555, -0.25284080966554623, 0.8900084992587658], [-0.7235830265396348, 0.680568542566776, -0.11512628966607313]], "T": [-0.01704199404341828, -0.009691409218095498, 0.012597716095687985], "aligned_model": [[0.22963886240702558, 0.07611139639000303, -0.4266484687509223, 0.13639794157801488, -0.13739463210664205, -0.6110714887330276, 0.5191843712635151, 0.5906154051169777, -0.518071851978451, 0.12393093730057603, -0.1788311785995199, 0.5000174867858306, 0.44250418616851567, -0.17887949191379893, -0.02841726383906227], [-0.06465716407998927, -0.6614302353691375, 0.4332009212553024, 0.7946140839802047, -0.6532308497028796, 0.18444458039388917, -0.5691316238373556, -0.15542984508866906, -0.2796654491104089, 0.3894988833800177, -0.09651243699669607, -0.031958332158826375, 0.4430444761694504, 0.7585328361325921, 0.05743750485961116], [-0.7362979104488818, -0.3320611176716438, -0.465567022568582, -0.3708102071799428, 0.29546944491461435, 0.188222094067425, 0.001018144046513533, -0.37279803315476134, -0.27547055691251526, 0.5198298735553479, 0.7609581605615418, 0.43135531315130354, 0.026222783384709333, 0.20354981251873522, -0.023954373411888108]], "inverted": true, "swapped": true, "error_lsq": 0.04303895425150396, "error_max": 0.2806839278402741, "target": "57.xyz", "model": "1.xyz", "model_rescale": 3.9405287249114394, "target_rescale": 4.298153655243012},
{"mapping": [0, 7, 3, 12, 6, 4, 2, 1, 13, 10, 14, 11, 15], "R": [[-0.958386223405572, -0.25299589548095835, 0.13224569428224572], [-0.07513251512462167, 0.6704521908352445, 0.7381388520971306], [-0.27541051533565986, 0.697486155184466, -0.661560361092272]], "T": [-0.08760839302110146, -0.04283924435928928, -0.03898287932739335], "aligned_model": [[-0.289826758046001, 0.31978728258593153, -0.36180202122831745, 0.4576909057750981, 0.47325051679605046, -0.7154159196149553, 0.13565356980177662, 0.480965230800963, 0.04394950613970597, -0.5551687764183345, -0.04019752713520951, -0.37580012359334575, -0.0771026065794306], [0.5736694330677029, 0.5551069137803646, 0.2866155804185733, -0.26044330576157776, -0.1450713775464227, 0.06770142270201995, 0.3511943935059863, 0.2742380556066513, -0.7338026585547837, -0.5950568862594752, -0.7350233662649148, -0.16498760031668397, -0.015308010805423267], [-0.01828194539546156, -0.39858227511756017, -0.6783966502906775, 0.2748664393879042, -0.3411814735438105, -0.06219281577393592, 0.5844339748978705, 0.07369692710491117, -0.24940904071516862, 0.13035030468409115, 0.3063857733469034, 0.6018521146296588, -0.11042098362608085]], "inverted": true, "swapped": true, "error_lsq": 0.0414217481264261, "error_max": 0.28254849898884155, "target": "57.xyz", "model": "2.xyz", "model_rescale": 3.932901565614263, "target_rescale": 4.298153655243012},
{"mapping": [3, 0, 7, 4, 8, 6, 1, 5, 10, 13, 2, 11, 12, 15], "R": [[-0.5222527377941211, 0.8488283967751985, -0.08211230537861752], [0.8031125424248763, 0.45716087523753457, -0.38211801626186487], [-0.28681408972781747, -0.2655076024902067, -0.9204582505217203]], "T": [0.06514332561852774, -0.021426901883606797, 0.06206301604180817], "aligned_model": [[-0.3350503951795878, 0.36358753708142405, 0.2204956337590655, -0.06524216360298953, -0.41468337028156005, -0.0754638079395301, 0.4841618610437888, -0.7134156062360476, -0.23205095380580243, -0.4434283476699714, 0.8349685613699086, 0.42540162626501044, 0.3438688124490672, 0.026660524799927997], [-0.0007342941299287586, 0.15295395859920796, -0.5501931835936045, 0.5540270220987238, -0.6397902282911863, -0.6485693442848495, -0.5254358688934722, 0.03941882687466598, 0.495322423059996, -0.19349873554006997, -0.026026875417815072, 0.47726622825449605, -0.4139589937192813, -0.0572842966663935], [-0.5951959889436305, -0.48741502110193413, -0.5287791368822419, -0.18032641492808382, -0.39053604970928335, 0.11916036322401352, -0.021058261506030712, 0.1839692321490407, 0.5057706436566832, 0.5628256615889097, 0.09530354234339482, 0.4228445325883523, 0.5218835326943849, 0.005449727883523034]], "inverted": true, "swapped": true, "error_lsq": 0.039686593018046605, "error_max": 0.21870138412723714, "target": "57.xyz", "model": "3.xyz", "model_rescale": 3.9243930471874484, "target_rescale": 4.298153655243012},
{"mapping": [3, 0, 8, 5, 6, 4, 10, 7, 12, 2, 14, 11, 15], "R": [[-0.45226987084757003, -0.8717406106518095, 0.18846822454709128], [-0.8905244083039741, 0.45303551358995237, -0.041534342912165], [-0.049175625449805596, -0.1866202860535225, -0.9812006047159378]], "T": [-0.010611900525354975, -0.040224971196129305, -0.06725782811852182], "aligned_model": [[0.056566140789211225, -0.4141010854969131, 0.6691511488091496, 0.3657927496979457, 0.5960033160564754, -0.4682004415865813, -0.2038653284477932, 0.23869384947086203, 0.2582498166018529, -0.4002574228186794, 0.09628024531059008, -0.5457475188812094, 0.02864041680644202], [-0.5057340266200722, 0.03326928096699963, -0.2236341007101121, -0.7131809493818335, 0.15841606735018116, -0.4767140474409449, -0.4711707876118292, 0.250131604716598, 0.47046198874394074, 0.6244925183342516, -0.03746351145931075, 0.08417297904184702, -0.06521746224812836], [-0.6766518122534029, -0.5704464783002872, -0.6344756556181359, 0.10642904334458766, -0.1615861533462976, -0.15086550767315499, 0.5064751927769726, -0.7788491938847151, 0.2645801649971441, -0.07642363491233677, 0.7003440208703142, 0.3874939765582072, -0.12895364718793142]], "inverted": true, "swapped": true, "error_lsq": 0.04626380171565389, "error_max": 0.23155935538341552, "target": "57.xyz", "model": "4.xyz", "model_rescale": 3.8936222436046832, "target_rescale": 4.298153655243012},
{"mapping": [14, 11, 12, 13, 1, 0, 4, 3, 5, 10, 6, 15], "R": [[-0.37951871680353566, 0.9073376795500822, 0.18084213796698556], [0.4813743105140945, 0.36057974269724213, -0.7989123996618597], [-0.7900913344499343, -0.21614944928234997, -0.5736158111506857]], "T": [-0.1900099782873237, 0.024275764381478767, 0.010901575250880001], "aligned_model": [[0.12235491578672941, -0.4462259939704151, -0.30246668010238487, 0.45144910428738383, -0.5937551105083133, -0.6457429044982503, -0.16157566429852344, -0.005459151908793536, 0.5862705856790885, 0.2046902012206368, -0.013242617004557672, -0.16874864246750296], [-0.4340115721049807, -0.6272482814634915, 0.0964134724895021, -0.01830457183495918, 0.447364598412116, 0.1145842052731044, -0.33147135395675403, 0.384337425248856, 0.004642975976521874, -0.605237107376139, 0.5498340415955307, 0.0880190728505004], [-0.5304366233261493, -0.12516441942279902, -0.6412900292260976, -0.343688681714541, -0.29650113352690327, 0.4642840083388048, 0.5396129409828206, 0.665782626032443, 0.15827992587159107, -0.0015914605570322218, -0.31906798904343564, 0.04906555486681671]], "inverted": false, "swapped": true, "error_lsq": 0.04220679221268083, "error_max": 0.20484584461258612, "target": "57.xyz", "model": "5.xyz", "model_rescale": 3.6523030999806103, "target_rescale": 4.298153655243012},
{"mapping": [8, 7, 0, 3, 4, 6, 2, 5, 12, 14, 11, 10, 15], "R": [[0.9776714545981571, -0.08122180056550361, 0.19380801319042873], [0.11514189849646951, 0.9785660314993785, -0.17073624455922137], [-0.1757864331356449, 0.18923937515341543, 0.966068107752757]], "T": [0.048064165717824, 0.003417607577154723, 0.005433145811161753], "aligned_model": [[0.11489813335025237, -0.1424859273879454, 0.22813923400949654, 0.587683787342751, 0.6195346382067694, -0.3158650543500424, -0.4279618254702794, 0.49936385797712946, -0.5835164381581197, -0.16149579815933035, 0.011916454904747978, 0.37930727054660596, 0.07156457185225923], [-0.6857618446525814, -0.11448002657242393, 0.41762310844211903, -0.208841699777173, 0.2822091859875117, -0.4941073874961754, 0.6000680927425119, -0.5871028790598652, -0.07781886073203134, -0.11174503923183948, 0.5388419554077507, 0.022730085108110885, -0.04078778600273143], [0.5868260243862533, 0.7817149115826183, 0.4717061538169119, 0.5117228338506953, -0.04552748166562273, 0.1961227317400533, 0.11109506047448177, -0.26351198099518025, -0.18875960556952967, -0.7317699072156983, -0.46430965047890344, -0.6594997809347182, 0.06430043049042675]], "inverted": true, "swapped": true, "error_lsq": 0.04358292497959722, "error_max": 0.2939654933373297, "target": "57.xyz", "model": "6.xyz", "model_rescale": 4.08911054899281, "target_rescale": 4.298153655243012},
{"mapping": [7, 8, 3, 1, 2, 11, 0, 4, 12, 6, 14, 13, 10, 5, 15], "R": [[-0.8756259164771123, 0.25331173853695615, -0.41123280208782276], [-0.4828436018642666, -0.48005236258374784, 0.7324013826560569], [-0.011887410666717863, 0.8398707592821333, 0.5426562421740804]], "T": [0.0057257167800932925, 0.014158592695173479, -0.07762830814630853], "aligned_model": [[0.0008096702619581394, 0.3329979904489866, 0.666847476083419, -0.46025449023520243, -0.5585092173331919, -0.23697432386439157, 0.17906321091498542, 0.48171832346849397, -0.6185842995327919, -0.19695433065710113, -0.31372860979642947, 0.009147230406096307, 0.18837302905820677, 0.513073119458127, 0.04930876111838938], [-0.6626223365537535, -0.8225255459611406, -0.3220023978673462, -0.3765997222574432, 0.18950934071340633, 0.6814413745230422, 0.008856091605203599, 0.3976095145937288, -0.08630572513178741, -0.5491684401312096, 0.39545619278754907, -0.04364921451060685, 0.5896582470890589, -0.049847057951415065, -0.049051504778173126], [-0.5189512922311241, 0.023886650709703666, -0.2837506155660484, -0.33585515532305166, -0.5722473941515033, -0.14452048452352848, -0.7031918475018275, -0.26010203103602736, 0.13057393016880356, 0.16304069397389523, 0.5166840915793796, 0.6542621485856126, 0.3555816530341066, 0.5250484114019135, -0.08638872703822287]], "inverted": false, "swapped": true, "error_lsq": 0.045702058051900446, "error_max": 0.26771325034142834, "target": "57.xyz", "model": "7.xyz", "model_rescale": 3.964800864290218, "target_rescale": 4.298153655243012},
{"mapping": [13, 10, 5, 12, 8, 11, 6, 4, 9, 0, 2, 7, 3, 15], "R": [[-0.9272762123972786, 0.08176763760175737, -0.36533940297097045], [0.3566547543630834, 0.48963648261611414, -0.7956465930810793], [0.11382535794965044, -0.8680841942647889, -0.4831910797555006]], "T": [-0.03863167190871816, -0.05272712886413709, 0.05439587175326649], "aligned_model": [[-0.1301842833475472, 0.17062116853925724, 0.37956998511644824, -0.6911048869307086, 0.15311866832977492, -0.17522969287856752, -0.3457522957209186, 0.5048834288218753, 0.2018840514642817, 0.2051591575175816, -0.5098702881044201, -0.08650140706526102, 0.5882560064599683, -0.0036617227408917707], [-0.013152098697935974, -0.6078230746514282, 0.06619513852976207, -0.04516129519513208, 0.8185371914505287, -0.745393389235584, 0.4708422507268366, -0.36169064743174406, -0.4917229155623526, -0.007900039885643348, -0.2924602842336514, 0.6275297580777413, 0.37702547468826614, 0.01612239760153944], [-0.6729754407899, -0.3931669764488645, -0.6056664033265513, -0.07761060348266574, -0.09251589437881808, 0.15538407068467702, -0.16444229518198855, 0.18101778985689135, 0.5959697458140287, 0.6543627947941353, 0.6149484266199154, 0.48773364556732374, 0.17644969703451632, 0.05732648196232097]], "inverted": false, "swapped": true, "error_lsq": 0.0448016976094636, "error_max": 0.3153167143753717, "target": "57.xyz", "model": "8.xyz", "model_rescale": 4.121658175737393, "target_rescale": 4.298153655243012},
{"mapping": [5, 13, 6, 8, 10, 4, 12, 0, 1, 11, 3, 7, 15], "R": [[-0.9020580126621286, 0.21932692351370162, 0.3717351778000918], [0.294321987936058, -0.31738533982341866, 0.9014660911440541], [0.31569908015294856, 0.9225845471755897, 0.22174725275275498]], "T": [-0.047730268104688396, -0.1284191578738867, 0.032030003947606044], "aligned_model": [[-0.5995847077255626, -0.3055764097228525, 0.336592277389484, 0.1894719744924096, -0.6928100268478319, -0.5360401796356871, 0.362585919588983, 0.08355124884096304, 0.6128539612104852, -0.2551682229727575, -0.2212883999127437, 0.5385034836023491, -0.036353421872041394], [0.14205519496056535, -0.24760998337205958, 0.0528818271537404, 0.6422996862849117, -0.4797450232419062, -0.008136920471721307, -0.5492086636471142, 0.13507867236533333, -0.14013642152747302, -0.7331966437331223, 0.6107584630830794, 0.41857256836247536, -0.05322531680499891], [-0.46497868866627684, -0.6449677836074075, -0.45352560561379807, -0.37684691546511384, -0.08054443604272574, 0.42444030495692137, -0.28066963726118865, 0.6105953001151593, 0.03065147211354889, 0.3480329649957416, 0.15878416512598276, 0.1317927714432615, 0.01831152186498408]], "inverted": true, "swapped": true, "error_lsq": 0.042247751153393846, "error_max": 0.2492233393410922, "target": "57.xyz", "model": "9.xyz", "model_rescale": 3.833441315466971, "target_rescale": 4.298153655243012},
{"mapping": [4, 10, 2, 12, 14, 11, 13, 6, 7, 1, 3, 8, 5, 9, 15], "R": [[-0.4384311979658031, 0.5554729313044064, -0.7065606182333977], [0.887265992765252, 0.3928523130178754, -0.24171495245184438], [0.143307859981799, -0.732882584555395, -0.6650909520680925]], "T": [-0.07293377515460757, -0.022664983427550696, 0.1045849382196878], "aligned_model": [[0.07945980188121497, -0.21522879290309055, -0.6769443090403022, -0.5059542546615495, -0.49912835031559083, -0.65866837940859, 0.027586248034569036, 0.10557842850235223, 0.27150429258797565, -0.25190411942620117, 0.6402236889690285, 0.6817729498392137, 0.430507813169332, -0.3029646496633389, -0.001995349270490984], [-0.6366072746296668, -0.5036573164534579, 0.07112534843067547, 0.45714669521842155, -0.028916571062990677, -0.42482035734777573, 0.15902223713140734, 0.5870848348445978, 0.43449259241619204, 0.5083395144466325, -0.17666747040412795, 0.4716350827476841, -0.15164643606373668, -0.5661153657382121, 0.0006860257593348934], [0.18675118082470962, -0.44371175778539546, 0.5737668161199677, -0.055034186658775644, -0.5426903176241891, 0.04269622745779579, -0.5996185613514955, -0.008005773592045365, 0.6748409669720056, 0.4546057343820888, 0.3500686712573588, 0.1640658569353739, -0.49092130912451454, 0.546868618376156, 0.12443974163305234]], "inverted": false, "swapped": true, "error_lsq": 0.04008965909147343, "error_max": 0.2605695365291392, "target": "57.xyz", "model": "10.xyz", "model_rescale": 4.2482417240324, "target_rescale": 4.298153655243012},
{"mapping": [2, 11, 4, 10, 7, 3, 0, 5, 14, 6, 12, 15], "R": [[-0.7908579879448345, 0.5567118596319167, 0.2541958855863353], [0.1109503050122762, 0.5388935703971576, -0.8350351786615262], [-0.6018585155346156, -0.6321911302207404, -0.48795563543081655]], "T": [-0.027574954843456893, 0.08154946465312236, -0.04415506268852126], "aligned_model": [[-0.6902958132213232, -0.04492436961156273, 0.32254693682412683, 0.5450570219391152, -0.5060962137490522, 0.22651412273598703, -0.2874738297106628, 0.6936120951343008, 0.219683589786972, -0.19677541405412868, -0.38487950317796704, -0.020203020532798266], [-0.29549220962759665, -0.6276891184900811, -0.09017643438060673, -0.3810208913840369, 0.7057303582053817, 0.6455390416490453, 0.1539536989081819, 0.333750799061579, -0.39408611431077295, 0.5239565458702138, -0.06497808222365585, 0.15664379677298834], [0.06718956300795101, 0.028809407442358825, 0.4606469848987231, -0.14590007847591208, 0.14088057412137353, 0.4140229545832852, 0.5462803248573775, -0.24664225850894628, -0.6038694212709086, -0.482316328908536, -0.5864348663048826, -0.027474565587527224]], "inverted": false, "swapped": true, "error_lsq": 0.04034454169715842, "error_max": 0.2020093415880248, "target": "57.xyz", "model": "11.xyz", "model_rescale": 3.6694154284099745, "target_rescale": 4.298153655243012},
{"mapping": [1, 7, 3, 8, 6, 2, 12, 11, 5, 10, 4, 13, 0, 15], "R": [[0.29085770674892014, 0.9511281974537106, 0.10371570003241748], [-0.787706818703129, 0.29958203629995955, -0.5383015616687041], [-0.5430651546484595, 0.07487159364421808, 0.8363459106564819]], "T": [-0.006380160452716312, 0.018695029944498995, 0.04750673731069815], "aligned_model": [[0.0035952145959175334, -0.029305956668174225, -0.04404964769500488, 0.4975860235177018, 0.5035489687533925, -0.4871679460934725, 0.25849618346631814, -0.3973601873584242, 0.5116249524481249, 0.05238629610875305, -0.38843488369680296, 0.6468626062367513, -0.5461544393965969, 0.016637666037326363], [-0.37154878849115863, 0.13433292437363287, 0.7306571395761855, 0.470517988098917, -0.09998973337569281, -0.5504560417729792, -0.5881306406257676, -0.32401451806321097, 0.5107715061343258, 0.09470395867925589, 0.4336964361230298, 0.008399854344336169, 0.21009324965699394, 0.07195395347838639], [-0.48552325500011334, -0.7518210147596398, -0.24277512915022614, -0.5519320633703126, -0.32961966890661304, -0.14913290438571836, -0.02182850360967229, 0.535696217101504, 0.3855138129665718, 0.7843920131112397, 0.3453460429586107, 0.3824470112580768, -0.25813062042437646, -0.0035364781369153844]], "inverted": false, "swapped": true, "error_lsq": 0.03930176895919404, "error_max": 0.24700793920472147, "target": "57.xyz", "model": "12.xyz", "model_rescale": 3.9764082729961374, "target_rescale": 4.298153655243012},
{"mapping": [8, 1, 10, 7, 3, 4, 9, 2, 0, 11, 14, 11, 12, 6, 13, 15], "R": [[0.2911335890240916, -0.9402944625976439, -0.17631663832480424], [0.7179424257181912, 0.3365475691148352, -0.6093393201466448], [0.6322973245996154, 0.050813948194405656, 0.7730575890404708]], "T": [0.08300605103325964, 0.1542374155470036, -0.0030102397736577816], "aligned_model": [[-0.09178969566331438, 0.5499550646360161, 0.42397510304340275, -0.3686098652075955, -0.660197391234312, -0.3093569018378877, 0.5473018293669978, 0.17011285068280277, 0.1457266290156163, -0.18010030021076373, -0.4669464961794696, -0.18010030021076373, 0.6567134075020714, -0.21819935316545702, 0.16082655399077284, -0.021172790830022353], [-0.4762174592859069, -0.1788926188061139, -0.5656958335333582, 0.2525434451578929, -0.22854242744878844, 0.7264708848606953, 0.45242615089124644, -0.11469489259195947, 0.535782334148083, -0.5105336942551906, -0.005088291167981318, -0.5105336942551906, 0.06510268022621644, 0.5922129852945042, 0.07340473906226719, 0.1797695172022593], [-0.27064045926457303, -0.275600733313508, 0.10461467090302312, -0.6008502582259745, -0.10084521568391566, -0.188654769966923, -0.24178217039552058, -0.7488971836196966, -0.6174998960653779, 0.34253153520706225, 0.5546415822166151, 0.34253153520706225, 0.26180743909451987, 0.5457260452349716, 0.5985631920853737, -0.012151107684358651]], "inverted": false, "swapped": false, "error_lsq": 0.048588779092485095, "error_max": 0.4006267363265839, "target": "57.xyz", "model": "13.xyz", "model_rescale": 4.170626492500431, "target_rescale": 4.298153655243012},
{"mapping": [3, 5, 4, 10, 0, 2, 11, 8, 7, 13, 6, 12, 1, 15], "R": [[-0.21276174705721046, -0.2013565994967522, 0.9561317685488064], [-0.46570750337225153, 0.8811376780004692, 0.08193237278833061], [-0.8589813503749357, -0.4278456640507722, -0.28124567100847236]], "T": [-0.09839824691383744, 0.05163356641608789, 0.04687297658473328], "aligned_model": [[0.447146549222465, -0.12227306497862787, -0.25633804133223426, -0.7216557145189416, 0.1714409010859009, -0.2274329982156756, -0.7377571677893641, 0.702979725708411, 0.664673065953864, -0.3033287226411391, 0.2713565111052837, -0.24236569147565928, 0.22394200292507552, -0.02720433295771489], [-0.22683724768531593, -0.7363809960663562, -0.03555038779333694, -0.32022490120561975, 0.4415871523532829, 0.8036361080559103, 0.34161019565319245, -0.33960884077276926, 0.3097546115332437, -0.5366165162907154, -0.09525184559848678, 0.24616658801223246, 0.4799984737673612, 0.023792073963042934], [-0.41939677250761165, -0.009521890045319177, -0.5649719466920621, -0.11282101982197171, -0.39644043420189606, 0.154572541433951, -0.07873716912978912, 0.19578738044119773, 0.10946904304202387, 0.4354375533262507, 0.5548534986357118, 0.667062081680483, 0.43302189620149123, 0.035558338758407304]], "inverted": true, "swapped": true, "error_lsq": 0.045654770842522084, "error_max": 0.326498199525537, "target": "57.xyz", "model": "14.xyz", "model_rescale": 3.9786697098870705, "target_rescale": 4.298153655243012},
{"mapping": [5, 14, 3, 8, 4, 0, 12, 2, 7, 6, 11, 15], "R": [[0.07274835626074777, 0.027286259411849617, 0.9969769990870746], [0.437409236751178, 0.8974871031480944, -0.05648060983730553], [-0.8963151433876991, 0.44019581975542577, 0.05335544961611224]], "T": [-0.040764398555595334, 0.04117225579254886, -0.04359477804334876], "aligned_model": [[-0.09964424823130266, -0.7845475591123976, 0.6131427591878281, 0.6254264414961489, 0.022664490658478233, 0.39599661687365967, -0.38089773231078355, -0.14521536111492753, 0.6669748804763701, 0.11328387120895692, -0.5714483948140631, 0.027618832449369267], [-0.36805459787674677, -0.16722450758302865, 0.046973876156878876, -0.560161322481748, 0.49726639696684666, 0.5096116906801239, -0.2596404152550049, 0.4413820573883195, -0.10515964873240774, -0.5434338921169686, 0.5130795681398165, 0.01003528493835813], [-0.7172296080086209, -0.10686842310263561, -0.44972821432926, -0.1533238449945641, -0.48501877044934927, 0.06227333049360539, 0.44325766353445856, 0.6065429743384784, 0.31767334485617965, 0.181888920996289, 0.02214842374646129, -0.06164930320721265]], "inverted": true, "swapped": true, "error_lsq": 0.04523347410521348, "error_max": 0.28685522352132375, "target": "57.xyz", "model": "15.xyz", "model_rescale": 3.769337070930944, "target_rescale": 4.298153655243012},
{"mapping": [0, 2, 3, 4, 7, 1, 8, 12, 5, 10, 15], "R": [[0.6689096692054289, 0.6511707322211484, -0.3585199184732379], [-0.7303752123031748, 0.4860448436257405, -0.47990880304274663], [-0.138245808965682, 0.5828697002619051, 0.8007190573603337]], "T": [-0.0713959011976019, -0.023803503055449184, 0.09946064869894197], "aligned_model": [[-0.3294525147264955, -0.24500973122810665, -0.02116314585748698, -0.6087405378053519, 0.3858129281727892, 0.318000328431245, 0.6255841536756851, 0.2611832245209902, 0.05497629060841948, -0.48901183967008294, -0.029553025430434664], [0.04595039341688414, -0.6835775527146929, 0.6566698241731125, 0.31558209899630724, 0.05954117123311244, -0.42083777117285237, 0.5005066645580006, -0.5672465989319999, 0.5724164519159047, 0.0857192990275478, 0.031340517124017093], [-0.4921007794745851, -0.2587479879408967, -0.2569174076369769, 0.044886063945999845, -0.5614752949472075, -0.2572536416354704, -0.1388048064324908, 0.29250202857595475, 0.6027192035555332, 0.7043014931476899, 0.06510873606622686]], "inverted": false, "swapped": true, "error_lsq": 0.03853559026258587, "error_max": 0.20034270543652408, "target": "57.xyz", "model": "16.xyz", "model_rescale": 3.7852294659196426, "target_rescale": 4.298153655243012},
{"mapping": [0, 11, 12, 2, 4, 10, 5, 13, 1, 7, 3, 6, 15], "R": [[0.8787913540801408, 0.12450492128816515, -0.46067806608196654], [-0.3996744720100468, 0.7194959595940834, -0.567966443156002], [0.2607413899201339, 0.6832452624810635, 0.6820482672653744]], "T": [-0.04330676696294147, 0.05230181016403146, 0.012359106642585473], "aligned_model": [[-0.03652227251073897, -0.4479228915942872, 0.3492104547425211, 0.1992273647013381, -0.5909513235607132, -0.6837805828595807, -0.36294916014161993, -0.11177357153025021, 0.5735401166831079, 0.5841460369295679, -0.09765686770863005, 0.49311909583308267, -0.013920548767514328], [-0.00012904722803738777, -0.5329579990916701, -0.3060519685836828, -0.6282446777513495, 0.14396743986944388, -0.0046200011963764, 0.6585028441778216, 0.3079499719164893, -0.1601163400806151, 0.3004553511170649, 0.6876468835662561, 0.289683011272703, 0.11897015571482655], [-0.6346406777390923, 0.06135840532680962, 0.41325441415604763, -0.2555786822355148, -0.3016203236257754, 0.38489630196418684, 0.40614380092089936, 0.697175435339284, -0.09199208031888317, -0.43210165539365464, -0.41886624287758356, 0.28112587394725136, -0.013399872320801212]], "inverted": false, "swapped": true, "error_lsq": 0.04309935422776304, "error_max": 0.23071763001930273, "target": "57.xyz", "model": "17.xyz", "model_rescale": 3.901054581598922, "target_rescale": 4.298153655243012},
{"mapping": [5, 10, 3, 8, 11, 0, 14, 13, 4, 1, 2, 12, 6, 7, 15], "R": [[-0.5766031629196217, -0.6876757839536052, -0.44116981840883307], [-0.37941586183873555, -0.25284080966554623, 0.8900084992587658], [-0.7235830265396348, 0.680568542566776, -0.11512628966607313]], "T": [-0.01704199404341828, -0.009691409218095498, 0.012597716095687985], "aligned_model": [[0.22963886240702558, 0.07611139639000303, -0.4266484687509223, 0.13639794157801488, -0.13739463210664205, -0.6110714887330276, 0.5191843712635151, 0.5906154051169777, -0.518071851978451, 0.12393093730057603, -0.1788311785995199, 0.5000174867858306, 0.44250418616851567, -0.17887949191379893, -0.02841726383906227], [-0.06465716407998927, -0.6614302353691375, 0.4332009212553024, 0.7946140839802047, -0.6532308497028796, 0.18444458039388917, -0.5691316238373556, -0.15542984508866906, -0.2796654491104089, 0.3894988833800177, -0.09651243699669607, -0.031958332158826375, 0.4430444761694504, 0.7585328361325921, 0.05743750485961116], [-0.7362979104488818, -0.3320611176716438, -0.465567022568582, -0.3708102071799428, 0.29546944491461435, 0.188222094067425, 0.001018144046513533, -0.37279803315476134, -0.27547055691251526, 0.5198298735553479, 0.7609581605615418, 0.43135531315130354, 0.026222783384709333, 0.20354981251873522, -0.023954373411888108]], "inverted": true, "swapped": true, "error_lsq": 0.04303895425150396, "error_max": 0.2806839278402741, "target": "57.xyz", "model": "18.xyz", "model_rescale": 3.9405287249114394, "target_rescale": 4.298153655243012},
{"mapping": [5, 6, 8, 10, 11, 14, 1, 2, 3, 9, 13, 7, 0, 12, 4, 15], "R": [[-0.43005165153727437, -0.5602058503235745, -0.7079724445720352], [-0.15954231055662996, -0.7246923579898052, 0.6703485939520033], [-0.8885954243368095, 0.4012360795521969, 0.2222786096619927]], "T": [-0.0011190638707729884, 0.08092106213082095, 0.0710263110578947], "aligned_model": [[0.03740796388692569, 0.5584431035287606, 0.4289533822721037, -0.34432650445222895, -0.6216478557246017, -0.595550855193703, 0.5174791765651782, 0.16235369193929658, 0.059319288196569564, -0.3857492196915049, -0.5980012514254802, -0.06024722269440834, 0.6579088513649471, 0.025433386345162397, 0.3199057208980904, -0.0035433121170127015], [-0.6274905856421495, -0.24911509826060163, -0.5380393247809334, 0.25188013341453985, -0.1543557894797669, 0.5543157531182974, 0.3646978771830961, -0.12237271309506748, 0.8100959717108329, -0.5721213885543253, 0.11156766856785483, -0.3733479127236349, 0.012190209966876975, 0.5858700743870298, 0.15769827431297628, 0.07604067537365004], [-0.3624840673537527, -0.298093952868977, 0.13581740642362009, -0.6151847975827778, -0.20969067003953246, -0.07826291857930925, -0.22230968781534421, -0.7579933401418303, -0.3649550551865015, 0.19187765690473632, 0.3778198655302268, 0.6056000742189308, 0.25441806348103296, 0.2818829557679964, 0.7234934564910724, 0.031559216479189335]], "inverted": false, "swapped": false, "error_lsq": 0.04985629617169969, "error_max": 0.4100220077154422, "target": "57.xyz", "model": "19.xyz", "model_rescale": 4.410303926677745, "target_rescale": 4.298153655243012},
{"mapping": [13, 10, 5, 12, 8, 11, 6, 4, 9, 0, 2, 7, 3, 15], "R": [[-0.9272762123972786, 0.08176763760175737, -0.36533940297097045], [0.3566547543630834, 0.48963648261611414, -0.7956465930810793], [0.11382535794965044, -0.8680841942647889, -0.4831910797555006]], "T": [-0.03863167190871816, -0.05272712886413709, 0.05439587175326649], "aligned_model": [[-0.1301842833475472, 0.17062116853925724, 0.37956998511644824, -0.6911048869307086, 0.15311866832977492, -0.17522969287856752, -0.3457522957209186, 0.5048834288218753, 0.2018840514642817, 0.2051591575175816, -0.5098702881044201, -0.08650140706526102, 0.5882560064599683, -0.0036617227408917707], [-0.013152098697935974, -0.6078230746514282, 0.06619513852976207, -0.04516129519513208, 0.8185371914505287, -0.745393389235584, 0.4708422507268366, -0.36169064743174406, -0.4917229155623526, -0.007900039885643348, -0.2924602842336514, 0.6275297580777413, 0.37702547468826614, 0.01612239760153944], [-0.6729754407899, -0.3931669764488645, -0.6056664033265513, -0.07761060348266574, -0.09251589437881808, 0.15538407068467702, -0.16444229518198855, 0.18101778985689135, 0.5959697458140287, 0.6543627947941353, 0.6149484266199154, 0.48773364556732374, 0.17644969703451632, 0.05732648196232097]], "inverted": false, "swapped": true, "error_lsq": 0.0448016976094636, "error_max": 0.3153167143753717, "target": "57.xyz", "model": "20.xyz", "model_rescale": 4.121658175737393, "target_rescale": 4.298153655243012},
{"mapping": [8, 7, 0, 3, 4, 6, 2, 5, 12, 14, 11, 10, 15], "R": [[0.9776714545981571, -0.08122180056550361, 0.19380801319042873], [0.11514189849646951, 0.9785660314993785, -0.17073624455922137], [-0.1757864331356449, 0.18923937515341543, 0.966068107752757]], "T": [0.048064165717824, 0.003417607577154723, 0.005433145811161753], "aligned_model": [[0.11489813335025237, -0.1424859273879454, 0.22813923400949654, 0.587683787342751, 0.6195346382067694, -0.3158650543500424, -0.4279618254702794, 0.49936385797712946, -0.5835164381581197, -0.16149579815933035, 0.011916454904747978, 0.37930727054660596, 0.07156457185225923], [-0.6857618446525814, -0.11448002657242393, 0.41762310844211903, -0.208841699777173, 0.2822091859875117, -0.4941073874961754, 0.6000680927425119, -0.5871028790598652, -0.07781886073203134, -0.11174503923183948, 0.5388419554077507, 0.022730085108110885, -0.04078778600273143], [0.5868260243862533, 0.7817149115826183, 0.4717061538169119, 0.5117228338506953, -0.04552748166562273, 0.1961227317400533, 0.11109506047448177, -0.26351198099518025, -0.18875960556952967, -0.7317699072156983, -0.46430965047890344, -0.6594997809347182, 0.06430043049042675]], "inverted": true, "swapped": true, "error_lsq": 0.04358292497959722, "error_max": 0.2939654933373297, "target": "57.xyz", "model": "21.xyz", "model_rescale": 4.08911054899281, "target_rescale": 4.298153655243012},
{"mapping": [12, 7, 10, 3, 14, 2, 0, 13, 4, 9, 11, 5, 6, 1, 8, 16], "R": [[-0.041581933284450645, -0.10268174548978432, -0.9938447574785003], [-0.5374608355128813, -0.8362296572273109, 0.10888439127482849], [-0.8422629002360981, 0.5386802572181995, -0.020415370905555397]], "T": [-0.045915834262161725, 0.03816549603572124, 0.024791970474439984], "aligned_model": [[-0.07607535263198632, 0.5458387618442159, 0.34414555057644836, -0.4046076640755272, -0.5468748767584725, -0.40178182649126026, 0.5411428015081973, 0.12888122686906833, 0.027571023922812687, -0.3345734401515554, -0.3801243020463055, -0.02291222785947898, 0.6502215283395013, -0.07933578881959806, 0.18445062728420095, -0.01782769781216684], [-0.5249871188340753, -0.21260450343138587, -0.6616119260233991, 0.13790892331422205, -0.18788967152166752, 0.640300867468217, 0.5176320670247865, -0.020764159920354262, 0.5180660551510301, -0.6050500919523178, 0.13054174085862702, -0.4455641206768746, 0.03852405689535218, 0.7211246900739845, 0.1847115963113659, 0.05717542076116475], [-0.45156823131733004, -0.27973568568125123, 0.12122373313080886, -0.7598546017058989, -0.3065110402405911, -0.15422260831148552, -0.13506222449931438, -0.6097970690598256, -0.4757950058869855, 0.12725223347392345, 0.7071880136284439, 0.5378275890777913, 0.2911690948216322, 0.42784063649632914, 0.6621439548195756, -0.008604583017042138]], "inverted": false, "swapped": false, "error_lsq": 0.040203964702629165, "error_max": 0.2987274572544467, "target": "57.xyz", "model": "22.xyz", "model_rescale": 4.204369325754507, "target_rescale": 4.298153655243012},
{"mapping": [5, 6, 8, 10, 11, 14, 1, 2, 3, 9, 13, 7, 0, 12, 4, 15], "R": [[-0.43005165153727437, -0.5602058503235745, -0.7079724445720352], [-0.15954231055662996, -0.7246923579898052, 0.6703485939520033], [-0.8885954243368095, 0.4012360795521969, 0.2222786096619927]], "T": [-0.0011190638707729884, 0.08092106213082095, 0.0710263110578947], "aligned_model": [[0.03740796388692569, 0.5584431035287606, 0.4289533822721037, -0.34432650445222895, -0.6216478557246017, -0.595550855193703, 0.5174791765651782, 0.16235369193929658, 0.059319288196569564, -0.3857492196915049, -0.5980012514254802, -0.06024722269440834, 0.6579088513649471, 0.025433386345162397, 0.3199057208980904, -0.0035433121170127015], [-0.6274905856421495, -0.24911509826060163, -0.5380393247809334, 0.25188013341453985, -0.1543557894797669, 0.5543157531182974, 0.3646978771830961, -0.12237271309506748, 0.8100959717108329, -0.5721213885543253, 0.11156766856785483, -0.3733479127236349, 0.012190209966876975, 0.5858700743870298, 0.15769827431297628, 0.07604067537365004], [-0.3624840673537527, -0.298093952868977, 0.13581740642362009, -0.6151847975827778, -0.20969067003953246, -0.07826291857930925, -0.22230968781534421, -0.7579933401418303, -0.3649550551865015, 0.19187765690473632, 0.3778198655302268, 0.6056000742189308, 0.25441806348103296, 0.2818829557679964, 0.7234934564910724, 0.031559216479189335]], "inverted": false, "swapped": false, "error_lsq": 0.04985629617169969, "error_max": 0.4100220077154422, "target": "57.xyz", "model": "23.xyz", "model_rescale": 4.410303926677745, "target_rescale": 4.298153655243012},
{"mapping": [10, 1, 11, 4, 15, 12, 0, 3, 2, 9, 6, 14, 7, 12, 13, 16], "R": [[0.5659597144229566, 0.165221496986432, -0.8077075328259903], [-0.8151263696880933, 0.25893300280491216, -0.5181917613177013], [0.12352571833183432, 0.9516593702538708, 0.2812220473551292]], "T": [-0.03627029280574512, -0.09222179241498345, -0.0032086606557827878], "aligned_model": [[0.05125916039196757, 0.7602642472512672, 0.28453555171284983, -0.3071207010612355, -0.7138062110004163, -0.03471026801779892, 0.31424411363598714, 0.30737245379219935, -0.03821314887797872, -0.310645670801701, -0.47420561731444877, -0.26000904868743946, 0.5464059163041701, -0.03471026801779892, 0.03748008573323024, 0.029997748655239936], [-0.550481701730173, -0.19619518113759554, -0.597876063192866, 0.03222933245427105, -0.2523387172466855, 0.6698470237435777, 0.5462517995487123, 0.1271770485046529, 0.5446682477867265, -0.6551343164627196, 0.23055124428437435, -0.4191280268853072, 0.08191473705092746, 0.6698470237435777, 0.11887042874261301, -0.06268905370541097], [-0.45721350271471806, -0.30496619660813956, 0.2020201267439424, -0.623721631396735, 0.15370482115279874, 0.2525735133615788, -0.20290075946778854, -0.8050969296482916, -0.6568609024331108, -0.019567934727920424, 0.5277605551064203, 0.5456294511728155, 0.2652979521588072, 0.2525735133615788, 0.6632653295803308, -0.09900319991278922]], "inverted": false, "swapped": false, "error_lsq": 0.04596994265802888, "error_max": 0.4261861260549243, "target": "57.xyz", "model": "24.xyz", "model_rescale": 4.28219845311461, "target_rescale": 4.298153655243012},
{"mapping": [4, 1, 3, 2, 13, 14, 8, 0, 6, 7, 12, 9, 5, 10, 11, 15], "R": [[0.7554527517579159, 0.5530786881436244, 0.3512763934321809], [0.6551047798091608, -0.6283180081046282, -0.4195881411129532], [-0.011351974831888434, 0.5471018601803143, -0.8369890604151624]], "T": [-0.02826060055663136, -0.03230309919018569, 0.0010936937477681319], "aligned_model": [[-0.05438822112239279, 0.5667006064528566, 0.40682529724167765, -0.45373022476282937, -0.5999031781659206, -0.4395762382862539, 0.5278994679358453, 0.14678574663266244, 0.15908984559347958, -0.32695955492597745, -0.5494646821579977, 0.007369046597525023, 0.6843996772434142, 0.13759472966199277, -0.038232595210834455, -0.016271379029153366], [-0.5428534677404625, -0.1741592073705036, -0.6729529059432017, 0.16813936430030996, -0.19242286096154632, 0.6083012281698426, 0.3822546051375151, 0.028062671905390427, 0.6619517189901329, -0.7423283672897449, 0.1431938277688698, -0.38757798342921357, 0.04704195480905894, 0.7259669486512588, 0.2660588024362263, -0.03116250393525703], [-0.5216913879468611, -0.18805018157580244, -0.016610303094389323, -0.4964788558323081, 0.02351873090481768, 0.025387043070343063, -0.02672617192074614, -0.7934306432309856, -0.5421440007486549, 0.11149776554330217, 0.5320993756222923, 0.5750135215560478, 0.4605502986257049, 0.16608873249888612, 0.4564592680164894, -0.07198898575935668]], "inverted": true, "swapped": false, "error_lsq": 0.04061403502915067, "error_max": 0.3059081434859748, "target": "57.xyz", "model": "25.xyz", "model_rescale": 4.100010024507729, "target_rescale": 4.298153655243012},
{"mapping": [2, 11, 4, 10, 7, 3, 0, 5, 14, 6, 12, 15], "R": [[-0.7908579879448345, 0.5567118596319167, 0.2541958855863353], [0.1109503050122762, 0.5388935703971576, -0.8350351786615262], [-0.6018585155346156, -0.6321911302207404, -0.48795563543081655]], "T": [-0.027574954843456893, 0.08154946465312236, -0.04415506268852126], "aligned_model": [[-0.6902958132213232, -0.04492436961156273, 0.32254693682412683, 0.5450570219391152, -0.5060962137490522, 0.22651412273598703, -0.2874738297106628, 0.6936120951343008, 0.219683589786972, -0.19677541405412868, -0.38487950317796704, -0.020203020532798266], [-0.29549220962759665, -0.6276891184900811, -0.09017643438060673, -0.3810208913840369, 0.7057303582053817, 0.6455390416490453, 0.1539536989081819, 0.333750799061579, -0.39408611431077295, 0.5239565458702138, -0.06497808222365585, 0.15664379677298834], [0.06718956300795101, 0.028809407442358825, 0.4606469848987231, -0.14590007847591208, 0.14088057412137353, 0.4140229545832852, 0.5462803248573775, -0.24664225850894628, -0.6038694212709086, -0.482316328908536, -0.5864348663048826, -0.027474565587527224]], "inverted": false, "swapped": true, "error_lsq": 0.04034454169715842, "error_max": 0.2020093415880248, "target": "57.xyz", "model": "26.xyz", "model_rescale": 3.6694154284099745, "target_rescale": 4.298153655243012},
