[{"mapping": [4, 5, 3, 10, 12, 8, 6, 9, 0, 1, 11, 14], "R": [[0.459915628793405, -0.7473135709758362, 0.47958319510478153], [0.4555392765575924, 0.662176962634915, 0.5949837289111224], [-0.7622083585903217, -0.055173334056792867, 0.6449762176267473]], "T": [0.03636290882647241, -0.11374981965014151, -0.025670699631685556], "aligned_model": [[-0.2567291320113461, 0.4459632713489512, 0.3547276000698979, 0.051670901619043245, -0.34295334420378154, -0.5538167530519066, 0.3113241782087858, -0.19584482479523832, 0.5270748060665212, 0.1494364263169482, -0.5257004133956011, -0.12751025371172497], [-0.3921754579215169, -0.6948439857680695, -0.24208786340010602, 0.6734556718794024, 0.4523334062666874, -0.49534641293798815, -0.27561313551957844, -0.6619085435591652, -0.0037442086548858805, 0.38540821201975545, 0.32972999550836324, -0.021652641935841335], [-0.5271192719431341, 0.08793739329841943, -0.429854489051536, -0.0949138667655367, -0.6181331995858058, 0.04299182771185456, 0.5423926210037089, 0.4835483744407638, 0.07825874767868762, 0.40601045695032484, 0.27419243065410503, -0.06335927903828925]], "inverted": true, "swapped": true, "error_lsq": 0.05124942065216465, "error_max": 0.2647377636531064, "target": "570.xyz", "model": "0.xyz", "model_rescale": 3.751011558992144, "target_rescale": 4.064206953937361},
{"mapping": [11, 9, 10, 6, 1, 7, 12, 13, 0, 3, 10, 5, 4, 2, 14], "R": [[-0.13309169506717788, 0.7765076489513758, -0.6158916072038587], [0.9892749154394409, 0.06634865746466756, -0.1301268509375508], [-0.06018091380523127, -0.6266049208014912, -0.7770099940418554]], "T": [0.09362362113609793, -0.1715789084712796, 0.0259290782769431], "aligned_model": [[-0.2972146096994467, 0.056395372123286464, -0.5854186018262579, -0.42626529218617537, -0.08277000050097413, 0.14176432997371277, 0.36659598240594704, 0.6421453737117382, 0.5456390407055658, 0.7963206294024402, -0.5854186018262579, 0.25285442807347347, -0.5281446382459825, 0.7885656213714088, 0.09959960881552588], [0.35225981117276856, -0.2618906373313701, -0.41213089959510474, 0.34270070435647887, -0.0032950229471181702, 0.4425940035402353, 0.4144055178278397, -0.2736737398667855, 0.009705298558807418, 0.12668752711096326, -0.41213089959510474, -0.683938342143555, -0.5370201187077466, -0.6008968970160318, -0.14120484496442837], [-0.43185849478036653, -0.6257207283216896, -0.3658491078559325, 0.19609882560136407, 0.6788083730585165, 0.27118635156593673, -0.34024498715487583, -0.43904697557341377, 0.6075841438032357, 0.05161832683291892, -0.3658491078559325, -0.29378862195987165, 0.35063036160624017, 0.1543026854122937, -0.01929830591344074]], "inverted": false, "swapped": false, "error_lsq": 0.050155378649349505, "error_max": 0.4709949935669912, "target": "570.xyz", "model": "1.xyz", "model_rescale": 3.9405287249114394, "target_rescale": 4.064206953937361},
{"mapping": [5, 8, 4, 1, 11, 3, 6, 7, 10, 2, 10, 0, 14], "R": [[-0.732937021783232, 0.5655468319327388, 0.37810065193063136], [-0.6802267094295342, -0.6172063215290063, -0.39540862464455817], [0.009744017559212781, -0.5470037820303214, 0.8370734236411584]], "T": [-0.1145524188964099, 0.06788013548611249, -0.03903550966915295], "aligned_model": [[-0.4181611475964231, 0.17842520203669104, -0.4057449380459379, 0.2855709671413227, 0.5596099108423653, -0.6445300403781475, 0.12157838866799069, 0.676867169436227, 0.03224673914748512, -0.6087433486233906, 0.03224673914748512, -0.2890029893665838, -0.024379373125152662], [0.6390558392186262, 0.4766200233486543, 0.19635564446184162, -0.28447014749845256, -0.2427412476143071, 0.05692219416761349, 0.37993145308221526, 0.28554399818306636, -0.7042121717529364, -0.5891795836756535, -0.7042121717529364, -0.026360629453296563, -0.024420607142418116], [0.277081147558651, -0.5347555452411149, -0.5990135552274314, 0.36598737352710975, -0.26603095250247977, -0.025074493069356385, 0.4818921108707963, 0.12978473798485932, 0.04489847053088444, -0.06037474353284647, 0.04489847053088444, 0.4346589142455404, -0.18083158608685296]], "inverted": true, "swapped": true, "error_lsq": 0.05237332961384634, "error_max": 0.3532398356500503, "target": "570.xyz", "model": "2.xyz", "model_rescale": 3.932901565614263, "target_rescale": 4.064206953937361},
{"mapping": [4, 12, 2, 8, 3, 0, 10, 5, 9, 6, 11, 13, 1, 14], "R": [[0.0650390927409292, 0.9435018893065265, 0.3249216848572163], [-0.7095759706803565, 0.2726680263049378, -0.649733860333598], [-0.7016208792848646, -0.18829851912849732, 0.6872203499937617]], "T": [-0.06841133821076045, -0.13621491346912482, 0.0007251719361293339], "aligned_model": [[-0.20634422927530738, 0.5445165562471956, 0.1320470309143392, -0.07797454362989892, -0.38617550431684233, -0.21879228737856363, 0.5834913437089413, -0.761478610857502, -0.3575330270383088, -0.2871120507698043, 0.6318089651017536, 0.3900529341310388, 0.34260250473859893, 0.09070083047706337], [0.20432283592336867, -0.17978567224419129, -0.7084689551194192, 0.5698432942632166, -0.3794039639334703, -0.5963835547503119, -0.5731320963349908, -0.1613018470582953, 0.40371272074399733, -0.22135129348451418, 0.1341700529491676, 0.6718236662459667, -0.4495014087817444, -0.05104714006829081], [-0.5283145334960446, -0.6609120681768367, -0.5549269373317596, -0.005009665539805062, -0.347235007117503, 0.17198848461699523, -0.0933370699826657, 0.19405930498860208, 0.4891811908498391, 0.60852543852042, 0.19843940589271347, 0.37900041663845285, 0.42641540513974935, -0.06397800194505993]], "inverted": true, "swapped": true, "error_lsq": 0.05234309208828551, "error_max": 0.35475539511337323, "target": "570.xyz", "model": "3.xyz", "model_rescale": 3.9243930471874484, "target_rescale": 4.064206953937361},
{"mapping": [7, 8, 6, 1, 0, 11, 10, 5, 3, 4, 2, 12, 14], "R": [[0.17099897858342833, -0.7803641168700807, 0.6014908099256409], [0.3204454494325496, -0.5332436284860764, -0.7829214179066599], [0.9317049228491796, 0.3266237556892986, 0.15888001434422747]], "T": [0.0560719407198274, 0.024036053905906032, -0.1614813582909298], "aligned_model": [[-0.02731463099775875, -0.4532274412815402, 0.5012664197086136, 0.252901516311789, 0.5447303219185092, -0.42379719622337636, -0.013936329895153483, 0.5265161409757511, 0.2474763703811509, -0.3506751396601442, 0.12006213236852395, -0.5283534094254521, -0.11844286786956021], [-0.6040853550240118, 0.13084157920994227, -0.22907067969215628, -0.6033254467504431, -0.041181547219689904, -0.5860200064168034, -0.45326606307748907, 0.4031070171386773, 0.45557925135936206, 0.522397748749684, 0.16668805293476613, 0.004902328254199881, -0.0387373257844507], [-0.7098726175573444, -0.6388169375457389, -0.5642694244263553, -0.035114244085060975, -0.017744162167888294, -0.1695210235854917, 0.4646200455575231, -0.5530642293838759, 0.08002656864222582, -0.12881815518259435, 0.6459610080839582, 0.5265766065488459, -0.11289311952723902]], "inverted": true, "swapped": true, "error_lsq": 0.04494512289149723, "error_max": 0.270242031259383, "target": "570.xyz", "model": "4.xyz", "model_rescale": 3.8936222436046832, "target_rescale": 4.064206953937361},
{"mapping": [7, 11, 1, 6, 10, 12, 4, 3, 5, 8, 0, 14], "R": [[0.4556901249555399, 0.8835341574920003, 0.10823078380435848], [-0.7766815181955943, 0.4540591327202412, -0.43657315914601236], [-0.4348704741775319, 0.1148812279628129, 0.8931349137450427]], "T": [-0.007418997266591079, 0.016896645338298547, 0.05028285745970209], "aligned_model": [[0.09009380277501473, -0.5138068969602864, -0.24927717374293895, 0.4262993903631579, -0.6985700555745289, -0.8371452529221978, -0.04928966407315513, 0.09765889748473033, 0.6910124344098828, 0.10666662992823168, 0.12790365040414808, -0.16399771987696132], [-0.4928854276724141, -0.4390864347317211, 0.15232947284136794, 0.05323571782058603, 0.2968365536259699, 0.01946293370913005, -0.19264087924553275, 0.38048729317367724, 0.17371484564020895, -0.6567439312119434, 0.4661980790077595, -0.09198531784728102], [-0.6076200911608886, -0.3214134530934095, -0.5591886788668737, -0.4345544358448364, -0.21175778648707635, 0.4064999361756525, 0.6579137686014447, 0.4217014118900904, 0.12742735145941875, 0.22870757339780254, -0.15832378982545822, 0.06989291302965248]], "inverted": false, "swapped": true, "error_lsq": 0.0456903903304825, "error_max": 0.26659848861778135, "target": "570.xyz", "model": "5.xyz", "model_rescale": 3.6523030999806103, "target_rescale": 4.064206953937361},
{"mapping": [13, 11, 12, 8, 4, 7, 10, 9, 1, 0, 2, 5, 14], "R": [[0.0915625484003941, 0.30524362417384365, 0.9478621364057341], [-0.9583075178291329, -0.23171819145999892, 0.16719264642523332], [0.2706713893314018, -0.9236519959636986, 0.2713005516943969]], "T": [0.13871264240485398, 0.017036683647077132, -0.15130672770410336], "aligned_model": [[0.14526861975652233, -0.2259156391335182, 0.09418273409873287, 0.5694459874366284, 0.7054610108003989, -0.1981993618380738, -0.4649687976060655, 0.37668378840001515, -0.5213859166195545, -0.1364772649511014, -0.029615424236882848, 0.4384980240048051, 0.128105144552388], [-0.6039986309945247, -0.12595729158852528, 0.7278396521130288, -0.33916959013314213, 0.25230138186779527, -0.6872328757111074, 0.4649654615190001, -0.7287243577621717, -0.08431536961689509, 0.07450151653826409, 0.8149647683269762, -0.2879252677493438, 0.06357750735382808], [0.6363988982790119, 0.5188472552683344, 0.4037780222354356, 0.2802351728829891, 0.044451438957194084, 0.1531887354758315, 0.0929266968569959, -0.12109602859856351, -0.10344614309324396, -0.5810380838230348, -0.2580023046085285, -0.730510162460416, 0.03437624210978335]], "inverted": false, "swapped": true, "error_lsq": 0.05592140461118392, "error_max": 0.32544005571142154, "target": "570.xyz", "model": "6.xyz", "model_rescale": 4.08911054899281, "target_rescale": 4.064206953937361},
{"mapping": [11, 10, 9, 1, 2, 13, 12, 5, 7, 7, 8, 4, 3, 5, 14], "R": [[0.3048451666646438, 0.9291878041753812, -0.20899628928031166], [0.7470693135208177, -0.09718570906533086, 0.657603511813162], [0.590725710593961, -0.356601966518979, -0.7237942886746602]], "T": [-0.005601221072856974, -0.112422853537268, -0.01892221023152921], "aligned_model": [[-0.21305857615652884, 0.13119593345496738, -0.7774599648182524, -0.5188686824098593, 0.018007196156988217, 0.1908521233275413, 0.41914466269351375, 0.6737326455865756, 0.6267554557489562, 0.6267554557489562, -0.3060171573809645, 0.1854295798014859, -0.3826585517183032, 0.6737326455865756, -0.1628941233236479], [0.2653998241427974, -0.15695003388290835, -0.16746594255744632, 0.31283704382285255, 0.18368783749662243, 0.5826577691017919, 0.3179392979334369, -0.37977615627465666, -0.027397835589075936, -0.027397835589075936, -0.5482349863498199, -0.7834415424965232, -0.7530462614971475, -0.37977615627465666, -0.07686356158634189], [-0.41734727597101, -0.7250233129254287, -0.14446760426367716, 0.2871114344635009, 0.7306781129958478, 0.10008843575116799, -0.3962566385788881, -0.2369335372498355, 0.4194665945288497, 0.4194665945288497, -0.4490001373453042, -0.11937439730062413, 0.2528881185754796, -0.2369335372498355, -0.055790111494110756]], "inverted": false, "swapped": false, "error_lsq": 0.05657087777130993, "error_max": 0.4285609745917849, "target": "570.xyz", "model": "7.xyz", "model_rescale": 3.964800864290218, "target_rescale": 4.064206953937361},
{"mapping": [2, 12, 10, 3, 1, 4, 0, 11, 8, 9, 5, 6, 7, 14], "R": [[0.5001870960152461, -0.8329253251028497, -0.23674516210927565], [0.11908929838891283, 0.3369754807518137, -0.9339514250652015], [0.8576891091701419, 0.43895663587010064, 0.2677432797224466]], "T": [-0.06922899922810473, -0.037142458025565185, 0.08873386684390072], "aligned_model": [[-0.34609871519200697, 0.1849304828531106, 0.25136447466230166, -0.5613436728583611, 0.2897518074573369, -0.22668772192855174, -0.3300269582852931, 0.6984611197239748, 0.22312712699278536, 0.09620918779177799, -0.5864150709323304, -0.07040086288151401, 0.5620576749326593, 0.07625901712498294], [-0.1284383026633176, -0.5459259976522317, 0.14252576240451253, -0.15519892058983834, 0.4819452293463153, -0.6605620737286023, 0.3839335192077433, -0.0628081214238786, -0.4751143349272266, 0.022971643043854094, 0.14617614179901203, 0.499464004496242, 0.306008382935555, -0.144028466066937], [-0.680301725053635, -0.6126113547141915, -0.6110236567303047, -0.06962359391648221, -0.1348141931713888, 0.12653842377440166, -0.04683964277441163, -0.023072110325458584, 0.5592134800784395, 0.852094191119857, 0.5548481702583736, 0.45826262086894726, 0.5199500925514204, 0.024194336759453983]], "inverted": false, "swapped": true, "error_lsq": 0.05203060893543887, "error_max": 0.3342973296953958, "target": "570.xyz", "model": "8.xyz", "model_rescale": 4.121658175737393, "target_rescale": 4.064206953937361},
{"mapping": [11, 8, 4, 12, 7, 1, 5, 0, 3, 6, 10, 2, 14], "R": [[0.6417426203699533, -0.5658740775009066, -0.5176417077604973], [0.6897677116306333, 0.7209202432093239, 0.0670410838430355], [0.33524157437964885, -0.4000756570244026, 0.8529669134637915]], "T": [0.028698521249577523, -0.11044171446182946, -0.06711468566974865], "aligned_model": [[-0.6458916269529575, -0.15396315696273213, 0.3967357766877019, 0.0986320012530762, -0.746007980868472, -0.4548317055187696, 0.3580022754431637, 0.13399385812004355, 0.5483853551505528, -0.22873050684953541, -0.21657636068231684, 0.44138503550215413, -0.05439546788671192], [0.2081263858601807, -0.3518330119637865, -0.024547814233921203, 0.7415085816700772, -0.4285282787211051, 0.05772708370763771, -0.7305109105935699, -0.16617913164728446, -0.0663420275611175, -0.5937860416829438, 0.5773706833222627, 0.5505303341902136, 0.01685158706506637], [-0.28147400772138353, -0.7050860712098486, -0.5886942746451046, -0.3580319481767336, -0.09667092278592554, 0.3644067587681899, 0.09233096380554745, 0.43239203392513026, 0.028656280802971362, 0.2858837927561615, 0.2353349373753585, 0.19596952960365882, -0.1839416385389334]], "inverted": true, "swapped": true, "error_lsq": 0.04580786297030542, "error_max": 0.23903521662569965, "target": "570.xyz", "model": "9.xyz", "model_rescale": 3.833441315466971, "target_rescale": 4.064206953937361},
{"mapping": [12, 12, 10, 0, 13, 1, 6, 4, 2, 4, 11, 7, 8, 3, 14], "R": [[-0.8089356649943308, 0.32776886717077786, -0.48804780463983755], [-0.06415236118875438, -0.8744153937933089, -0.480918073741464], [-0.5843864855162957, -0.3577223627492102, 0.7283729448126385]], "T": [0.05055229976262464, -0.12253715673433371, -0.0252840366336649], "aligned_model": [[-0.18589775235348516, -0.18589775235348516, -0.765930200991672, -0.31473888955622054, -0.1170919914660908, 0.03797268851353801, 0.4338274637763698, 0.8269580789740875, 0.27687804302892965, 0.8269580789740875, -0.3063365540556482, 0.2159933516677756, -0.4058398605606038, 0.7527201227276585, 0.09507381597276351], [0.14002893020930554, 0.14002893020930554, -0.19020245582014828, 0.38032484599343475, 0.06108126243340581, 0.6090093352657706, 0.2040484088203018, 0.05556801290015248, -0.36909438251671334, 0.05556801290015248, -0.5202178058772147, -0.6840098371934112, -0.7090471110370212, -0.6105951093200508, -0.20031957656742064], [-0.5133111671829479, -0.5133111671829479, 0.04203517891068904, 0.2531313273861889, 0.7322555393459778, -0.12672572597778187, -0.4809940157503297, -0.06250223979758884, 0.6108263683096012, -0.06250223979758884, -0.44933300592983816, -0.34354755044640445, 0.2098151591882182, 0.12664237008358345, 0.006093907306151655]], "inverted": false, "swapped": false, "error_lsq": 0.05997962348570675, "error_max": 0.44747084009153715, "target": "570.xyz", "model": "10.xyz", "model_rescale": 4.2482417240324, "target_rescale": 4.064206953937361},
{"mapping": [4, 8, 11, 7, 2, 10, 12, 1, 6, 0, 3, 14], "R": [[-0.5714184545254472, 0.2965300315281591, 0.7652129705053743], [0.8078427212139968, 0.039101427516487486, 0.588099665148466], [0.1444682927472825, 0.9542227301673767, -0.2618929048725905]], "T": [-0.08928985668599237, -0.029481561577282954, -0.18031310020272093], "aligned_model": [[-0.6215177321223055, -0.10665434686295461, 0.42395269816654396, 0.662591073129144, -0.4685442603978407, 0.15377862252827063, -0.3639726693922983, 0.48677942721619955, 0.3335646658106228, -0.009001619714480769, -0.5458048543347065, -0.0684054016631874], [-0.2999300993471295, -0.6981829223908853, -0.12209398941010291, -0.3992504348693303, 0.6618088828036565, 0.5821250656356933, 0.2961006652800396, 0.30939836605715515, -0.11373640384140615, 0.3339260333466457, 0.1702692311246989, -0.05430300433839555], [0.06148335996407053, 0.04591576730074562, 0.3945890128952231, -0.16731903758254324, 0.05354825026806437, 0.2573814104939147, 0.6158579984234354, -0.14034365340756283, -0.6687745043024723, -0.534134311434071, -0.361655162258395, 0.00864315949394795]], "inverted": true, "swapped": true, "error_lsq": 0.05319059626434624, "error_max": 0.3397208818462518, "target": "570.xyz", "model": "11.xyz", "model_rescale": 3.6694154284099745, "target_rescale": 4.064206953937361},
{"mapping": [11, 7, 6, 9, 8, 12, 4, 2, 5, 3, 0, 4, 1, 14], "R": [[0.5044370457550467, 0.3115488835590867, 0.80528290682406], [0.36058893095096456, 0.7714049931970033, -0.5243185666618836], [-0.7845501193330874, 0.5548618112862139, 0.2767841769874505]], "T": [0.010459075528544283, 0.08216917798233762, 0.02855988243753356], "aligned_model": [[-0.21411647549090512, 0.022640088473397414, -0.01423146082944212, 0.5416908838144247, 0.5790619016586398, -0.29171339388418116, 0.4372572806880559, -0.4848784488259736, 0.37106656456373227, 0.05280506298444345, -0.2915618519022701, 0.4372572806880559, -0.5407712092935039, -0.0062413723886634576], [-0.25441775070465705, 0.3595913603730367, 0.6954033649611823, 0.4612991212671057, -0.12501158923358097, -0.7629290078153053, -0.33952570122952347, -0.2868875485049764, 0.6388425623113186, 0.07458356423561849, 0.4352571510625817, -0.33952570122952347, 0.25878695996627543, -0.08447949732329847], [-0.633846701819066, -0.7620799556556024, -0.1901490068894517, -0.40474801677583816, -0.3353212681840149, 0.12777534201793023, 0.262848533553211, 0.5715565510019466, 0.3086074992556504, 0.5570866476484829, 0.24722166058251005, 0.262848533553211, -0.30795804289229906, -0.0647463157442541]], "inverted": false, "swapped": true, "error_lsq": 0.053050127420203694, "error_max": 0.39737504476997687, "target": "570.xyz", "model": "12.xyz", "model_rescale": 3.9764082729961374, "target_rescale": 4.064206953937361},
{"mapping": [13, 10, 14, 6, 4, 5, 12, 1, 0, 9, 11, 8, 3, 2, 15], "R": [[0.20584030529055308, 0.6854074586865411, 0.6984600090876714], [-0.9778392868553905, 0.17193174914681486, 0.11945627952292268], [-0.03821122609958799, -0.7075705542291699, 0.7056088243409318]], "T": [0.09276386975518525, -0.06510517336123818, -0.006311973047388959], "aligned_model": [[-0.2800402018459702, 0.22426073376655292, -0.6970590822150787, -0.48657388906117494, -0.027069840151370927, 0.27995259130324823, 0.3079008023263489, 0.5996791372370517, 0.5883122300894381, 0.6037254946822406, -0.36836239405561944, 0.12799712047875786, -0.38228658419049577, 0.6675294494568812, 0.02668307447719455], [0.22445028148216434, -0.36623111293045124, -0.14797000249372658, 0.3919261111273215, 0.06575219868526498, 0.6465936652951494, 0.2761099872954768, -0.22667309278692216, -0.08005235465178917, 0.24220714898649048, -0.485982221462211, -0.7372354172886326, -0.7375239522673387, -0.602978106402893, -0.10022167218805478], [-0.3957414390035873, -0.7399185721398452, -0.09642947528136703, 0.19154901832687327, 0.6896621298690504, 0.39527120814309546, -0.5007832556616081, -0.35309042864582896, 0.5240806530738291, 0.07099572969154375, -0.496994943971702, -0.22230361614984817, 0.16868373916877633, 0.12251640192280416, 0.0710755891227969]], "inverted": true, "swapped": false, "error_lsq": 0.043594289556678295, "error_max": 0.34375526135354356, "target": "570.xyz", "model": "13.xyz", "model_rescale": 4.170626492500431, "target_rescale": 4.064206953937361},
{"mapping": [8, 9, 4, 5, 12, 2, 3, 13, 11, 6, 1, 0, 10, 14], "R": [[0.4076507913297631, -0.9057158539014218, -0.11618788370495729], [-0.9128141736300555, -0.40080617415336045, -0.07826043176871357], [0.02431289263533486, 0.13796087399029056, -0.9901392227861384]], "T": [-0.11800968022272816, 0.013529085385149534, 0.06952941816856355], "aligned_model": [[0.1978911537283588, -0.024162506868569647, -0.18386547961926286, -0.6918523861260945, 0.2633491414703446, -0.3166383603194385, -0.5731314456998156, 0.7250908299816088, 0.6514204101687574, -0.22786745696965183, 0.176644452858697, -0.4267686548093101, 0.22672487814747455, 0.04634844614854529], [-0.40316165887969396, -0.7619122762181315, 0.09929994824108279, -0.4205632398578639, 0.7610598206849489, 0.8114651906531253, 0.2401199076387352, -0.500846452990911, 0.04745740852394241, -0.43999972263475196, 0.10655662535175693, 0.10167360076049758, 0.6350784564483329, 0.07984686020459629], [-0.4050419913347788, 0.00964714768065153, -0.5654357965426697, 0.09439078781442449, -0.26379640025571294, 0.08540807755965821, -0.08117573633300808, -0.1059907552873832, 0.16614011340604345, 0.5242186066480827, 0.6635140985703498, 0.47027768152486915, 0.415297982859741, -0.0035807151894012984]], "inverted": false, "swapped": true, "error_lsq": 0.04801423101345688, "error_max": 0.24612398977715175, "target": "570.xyz", "model": "14.xyz", "model_rescale": 3.9786697098870705, "target_rescale": 4.064206953937361},
{"mapping": [6, 3, 7, 1, 8, 13, 2, 12, 11, 10, 4, 14], "R": [[0.6186712931498412, -0.5877351048070928, -0.5213571497636711], [0.44709383009462933, -0.28228894372121505, 0.848775623674523], [-0.6460285892463413, -0.758208677627839, 0.08812867323536466]], "T": [-0.14072069378095398, -0.05602493838595021, -0.18019013273261603], "aligned_model": [[0.10190834253264655, -0.6585270240637286, 0.6233711136571912, 0.3488614494691148, 0.032765070844284344, 0.6410941205740206, -0.531528084238599, -0.1840492270961107, 0.5432312242227121, 0.12703819471907646, -0.5069528592139141, -0.053857724639357646], [-0.3242865572913197, -0.16145874443891298, 0.030256468099487205, -0.5055286055794048, 0.6139112063442912, 0.5683802446005509, -0.4255836968778516, 0.0927080007161181, 0.10888759430039638, -0.4639703560459242, 0.4420870510383834, 0.03927188535862504], [-0.7220999254986233, -0.136013412685155, -0.5132697427953221, -0.09926572308681071, -0.3206564540389982, -0.2515466992921923, 0.44198622494811096, 0.7093850486635482, 0.1477138958599128, 0.44158727966814987, 0.0004556480553885023, -0.03830964592417874]], "inverted": false, "swapped": true, "error_lsq": 0.062059609067984606, "error_max": 0.3706931040636095, "target": "570.xyz", "model": "15.xyz", "model_rescale": 3.769337070930944, "target_rescale": 4.064206953937361},
{"mapping": [3, 5, 12, 4, 2, 0, 10, 6, 11, 8, 14], "R": [[0.19535190998071, 0.22858316669923107, 0.9537228985238011], [0.3325477698779201, 0.8994091055144278, -0.283681584997968], [-0.9226318941030116, 0.37257616244130404, 0.09968646429882325]], "T": [-0.028369373353873607, -0.053179456203694096, 0.046355931301256315], "aligned_model": [[-0.19555007927537585, -0.29206574592883744, 0.01738341760944847, -0.5910716729259763, 0.21368409335065963, 0.2923473497951631, 0.5818894109733902, 0.20205939156940786, 0.25433095269930456, -0.5276279782213095, -0.032753008954704], [-0.13954228542060995, -0.7128185697535042, 0.810688654730829, 0.2215975322330124, 0.32407964092193253, -0.3616194217834238, 0.4256643360037307, -0.6030614034012217, 0.42580937326140283, 0.07949284445432026, 0.12577379637887404], [-0.4494094759541487, -0.070648977228592, -0.21245176054480597, -0.10443591133093694, -0.6432042222484686, -0.20997647337541864, -0.10534863536750735, 0.30909496033592404, 0.5877962774541934, 0.5277927828912665, 0.11500904259227099]], "inverted": true, "swapped": true, "error_lsq": 0.04916512132392588, "error_max": 0.2260917510650219, "target": "570.xyz", "model": "16.xyz", "model_rescale": 3.7852294659196426, "target_rescale": 4.064206953937361},
{"mapping": [8, 5, 6, 9, 4, 3, 2, 0, 7, 11, 12, 1, 14], "R": [[0.553918537584636, -0.4470185692916787, -0.7023878219534554], [-0.7170363044538554, -0.684882971509818, -0.12959264420112737], [-0.423123140250278, 0.5754213361045127, -0.6998979169424933]], "T": [-0.07759689684886376, 0.07997456371556069, 0.04341897621488791], "aligned_model": [[-0.046628860433900826, -0.35239461950080375, 0.2615816614111103, 0.16101266307505566, -0.5587771309308261, -0.5608355444332419, -0.425429603334606, -0.062064244618719094, 0.6725424977417243, 0.5237783782474534, -0.22465353415630232, 0.4914866582622891, -0.02585247111294947], [-0.21077363541183983, -0.5241695021785783, -0.37619935128103044, -0.6170812655010316, 0.12752501768038743, 0.13417390270091667, 0.7614883476108625, 0.06340242927200226, -0.24370889002089388, 0.37738818492108284, 0.9073982186512648, 0.2781669687207422, 0.19744519853898973], [-0.5993477010403548, 0.3224276587397463, 0.36179396554234977, -0.22281613119693675, -0.38211479186827735, 0.2549233659287924, 0.345012880547779, 0.5564344064275564, -0.14297498398561834, -0.34696588257112604, -0.28686467915708225, 0.33523511659531746, -0.09898852681897177]], "inverted": false, "swapped": true, "error_lsq": 0.03934222806569908, "error_max": 0.18283221214873052, "target": "570.xyz", "model": "17.xyz", "model_rescale": 3.901054581598922, "target_rescale": 4.064206953937361},
{"mapping": [11, 9, 10, 6, 1, 7, 12, 13, 0, 3, 10, 5, 4, 2, 14], "R": [[-0.13309169506717788, 0.7765076489513758, -0.6158916072038587], [0.9892749154394409, 0.06634865746466756, -0.1301268509375508], [-0.06018091380523127, -0.6266049208014912, -0.7770099940418554]], "T": [0.09362362113609793, -0.1715789084712796, 0.0259290782769431], "aligned_model": [[-0.2972146096994467, 0.056395372123286464, -0.5854186018262579, -0.42626529218617537, -0.08277000050097413, 0.14176432997371277, 0.36659598240594704, 0.6421453737117382, 0.5456390407055658, 0.7963206294024402, -0.5854186018262579, 0.25285442807347347, -0.5281446382459825, 0.7885656213714088, 0.09959960881552588], [0.35225981117276856, -0.2618906373313701, -0.41213089959510474, 0.34270070435647887, -0.0032950229471181702, 0.4425940035402353, 0.4144055178278397, -0.2736737398667855, 0.009705298558807418, 0.12668752711096326, -0.41213089959510474, -0.683938342143555, -0.5370201187077466, -0.6008968970160318, -0.14120484496442837], [-0.43185849478036653, -0.6257207283216896, -0.3658491078559325, 0.19609882560136407, 0.6788083730585165, 0.27118635156593673, -0.34024498715487583, -0.43904697557341377, 0.6075841438032357, 0.05161832683291892, -0.3658491078559325, -0.29378862195987165, 0.35063036160624017, 0.1543026854122937, -0.01929830591344074]], "inverted": false, "swapped": false, "error_lsq": 0.050155378649349505, "error_max": 0.4709949935669912, "target": "570.xyz", "model": "18.xyz", "model_rescale": 3.9405287249114394, "target_rescale": 4.064206953937361},
{"mapping": [8, 0, 7, 9, 11, 5, 6, 1, 10, 2, 4, 12, 13, 3, 15], "R": [[0.49541075760070774, -0.8635558743367512, -0.09401825967322461], [0.44923397880532556, 0.34733683564641016, -0.8231317967919078], [0.7434763032808974, 0.36555215018055587, 0.5600130462392312]], "T": [0.03975187768375582, -0.2437769789124757, -0.025181680760044796], "aligned_model": [[-0.16694050392241508, 0.08067123146423785, -0.6316686056828784, -0.503484561162604, -0.05664514160773482, 0.06015961365370362, 0.3669304808566858, 0.5888412600740787, 0.5608857372151219, 0.6660675025365768, -0.3417698231055242, 0.12268626037572422, -0.3945076623273336, 0.7649755721691756, 0.06844728176118907], [0.3530853403444093, -0.13633174900201664, -0.09444624216410016, 0.19923885226168883, -0.03456295558468678, 0.5756683561019387, 0.3176063347318374, -0.26112753208811, -0.15646806040696182, 0.3330933171626268, -0.5372808919104121, -0.7738804435154238, -0.5228228882262989, -0.6770970292062862, -0.22250294809835622], [-0.44148179699017276, -0.7030130661440704, -0.175249713729246, 0.28729390515847797, 0.6575703305987878, 0.11394240052915, -0.3940805725715558, -0.3908580847433368, 0.5567982932475374, 0.14881453352202023, -0.5756012239249229, -0.13586712331165474, 0.40479724637074554, 0.08304457226690384, -0.007536961813681228]], "inverted": false, "swapped": false, "error_lsq": 0.03971646918648406, "error_max": 0.2820526352212477, "target": "570.xyz", "model": "19.xyz", "model_rescale": 4.410303926677745, "target_rescale": 4.064206953937361},
{"mapping": [2, 12, 10, 3, 1, 4, 0, 11, 8, 9, 5, 6, 7, 14], "R": [[0.5001870960152461, -0.8329253251028497, -0.23674516210927565], [0.11908929838891283, 0.3369754807518137, -0.9339514250652015], [0.8576891091701419, 0.43895663587010064, 0.2677432797224466]], "T": [-0.06922899922810473, -0.037142458025565185, 0.08873386684390072], "aligned_model": [[-0.34609871519200697, 0.1849304828531106, 0.25136447466230166, -0.5613436728583611, 0.2897518074573369, -0.22668772192855174, -0.3300269582852931, 0.6984611197239748, 0.22312712699278536, 0.09620918779177799, -0.5864150709323304, -0.07040086288151401, 0.5620576749326593, 0.07625901712498294], [-0.1284383026633176, -0.5459259976522317, 0.14252576240451253, -0.15519892058983834, 0.4819452293463153, -0.6605620737286023, 0.3839335192077433, -0.0628081214238786, -0.4751143349272266, 0.022971643043854094, 0.14617614179901203, 0.499464004496242, 0.306008382935555, -0.144028466066937], [-0.680301725053635, -0.6126113547141915, -0.6110236567303047, -0.06962359391648221, -0.1348141931713888, 0.12653842377440166, -0.04683964277441163, -0.023072110325458584, 0.5592134800784395, 0.852094191119857, 0.5548481702583736, 0.45826262086894726, 0.5199500925514204, 0.024194336759453983]], "inverted": false, "swapped": true, "error_lsq": 0.05203060893543887, "error_max": 0.3342973296953958, "target": "570.xyz", "model": "20.xyz", "model_rescale": 4.121658175737393, "target_rescale": 4.064206953937361},
{"mapping": [13, 11, 12, 8, 4, 7, 10, 9, 1, 0, 2, 5, 14], "R": [[0.0915625484003941, 0.30524362417384365, 0.9478621364057341], [-0.9583075178291329, -0.23171819145999892, 0.16719264642523332], [0.2706713893314018, -0.9236519959636986, 0.2713005516943969]], "T": [0.13871264240485398, 0.017036683647077132, -0.15130672770410336], "aligned_model": [[0.14526861975652233, -0.2259156391335182, 0.09418273409873287, 0.5694459874366284, 0.7054610108003989, -0.1981993618380738, -0.4649687976060655, 0.37668378840001515, -0.5213859166195545, -0.1364772649511014, -0.029615424236882848, 0.4384980240048051, 0.128105144552388], [-0.6039986309945247, -0.12595729158852528, 0.7278396521130288, -0.33916959013314213, 0.25230138186779527, -0.6872328757111074, 0.4649654615190001, -0.7287243577621717, -0.08431536961689509, 0.07450151653826409, 0.8149647683269762, -0.2879252677493438, 0.06357750735382808], [0.6363988982790119, 0.5188472552683344, 0.4037780222354356, 0.2802351728829891, 0.044451438957194084, 0.1531887354758315, 0.0929266968569959, -0.12109602859856351, -0.10344614309324396, -0.5810380838230348, -0.2580023046085285, -0.730510162460416, 0.03437624210978335]], "inverted": false, "swapped": true, "error_lsq": 0.05592140461118392, "error_max": 0.32544005571142154, "target": "570.xyz", "model": "21.xyz", "model_rescale": 4.08911054899281, "target_rescale": 4.064206953937361},
{"mapping": [13, 12, 2, 4, 1, 0, 7, 10, 8, 6, 14, 9, 15, 5, 16], "R": [[-0.15912009770954033, 0.6875832399309204, -0.7084561261440293], [0.07606339388842698, -0.7069277597395726, -0.703183832734914], [-0.9843247201076891, -0.16577825754811104, 0.060186499393400816]], "T": [0.04429597916331362, -0.1586269069835819, -0.002089080420209638], "aligned_model": [[-0.1396957927230556, 0.09690096779397439, -0.6175507043384231, -0.4403148426149462, -0.15492812625418223, 0.06546997433507529, 0.4071583932243118, 0.7405052078055572, 0.43942728874390646, 0.6279126804853125, -0.32019450051871856, 0.2771308937672968, -0.43064883823424116, 0.5993000622668415, 0.03417597855929439], [0.22095278299148363, -0.24348583180489008, -0.06972733977331769, 0.34067550726645074, -0.0342997618249353, 0.5883460320825393, 0.3083200658003195, -0.2319551693691072, -0.18661201057290247, 0.26169219733973237, -0.5079565117152001, -0.729203895951412, -0.6499395130214175, -0.5909707156511239, -0.11366437539637067], [-0.5108092912087978, -0.733526831758917, 0.2723369822284252, -0.048366898078863255, 0.7561001427050856, 0.20202482995990492, -0.3971682890343923, -0.4034007860853055, 0.5669892096474171, 0.1935829028330001, -0.3982432214136833, -0.35954874774546064, 0.25197067922245264, 0.05062100204438024, -0.013988944850263895]], "inverted": false, "swapped": false, "error_lsq": 0.04514503940909132, "error_max": 0.38531455591599123, "target": "570.xyz", "model": "22.xyz", "model_rescale": 4.204369325754507, "target_rescale": 4.064206953937361},
{"mapping": [8, 0, 7, 9, 11, 5, 6, 1, 10, 2, 4, 12, 13, 3, 15], "R": [[0.49541075760070774, -0.8635558743367512, -0.09401825967322461], [0.44923397880532556, 0.34733683564641016, -0.8231317967919078], [0.7434763032808974, 0.36555215018055587, 0.5600130462392312]], "T": [0.03975187768375582, -0.2437769789124757, -0.025181680760044796], "aligned_model": [[-0.16694050392241508, 0.08067123146423785, -0.6316686056828784, -0.503484561162604, -0.05664514160773482, 0.06015961365370362, 0.3669304808566858, 0.5888412600740787, 0.5608857372151219, 0.6660675025365768, -0.3417698231055242, 0.12268626037572422, -0.3945076623273336, 0.7649755721691756, 0.06844728176118907], [0.3530853403444093, -0.13633174900201664, -0.09444624216410016, 0.19923885226168883, -0.03456295558468678, 0.5756683561019387, 0.3176063347318374, -0.26112753208811, -0.15646806040696182, 0.3330933171626268, -0.5372808919104121, -0.7738804435154238, -0.5228228882262989, -0.6770970292062862, -0.22250294809835622], [-0.44148179699017276, -0.7030130661440704, -0.175249713729246, 0.28729390515847797, 0.6575703305987878, 0.11394240052915, -0.3940805725715558, -0.3908580847433368, 0.5567982932475374, 0.14881453352202023, -0.5756012239249229, -0.13586712331165474, 0.40479724637074554, 0.08304457226690384, -0.007536961813681228]], "inverted": false, "swapped": false, "error_lsq": 0.03971646918648406, "error_max": 0.2820526352212477, "target": "570.xyz", "model": "23.xyz", "model_rescale": 4.410303926677745, "target_rescale": 4.064206953937361},
{"mapping": [10, 8, 3, 1, 7, 11, 9, 15, 13, 14, 2, 5, 0, 6, 16], "R": [[-0.0809210764860902, 0.5443932950783892, 0.8349177921532316], [0.9807682483517582, -0.10577698214265102, 0.1640270498235507], [0.17761031052660387, 0.8321341059724012, -0.5253640711660401]], "T": [0.12612496901205422, -0.09676587588605481, -0.010069841906101083], "aligned_model": [[-0.1628676019614464, 0.1044256113931476, -0.7356756018857906, -0.5765683591942459, -0.08092962244776469, 0.19054503921910448, 0.4139529696656605, 0.705833071131525, 0.5271061757644253, 0.7486410345473586, -0.5019969053171756, 0.2091858851555046, -0.38724346668942794, 0.7237090022531889, 0.006531410663940279], [0.3263083287033023, 0.009048061510666422, -0.21102507142417698, 0.3006257955655538, -0.0016139330958434978, 0.5079419967064731, 0.3042756680270162, -0.21479115733376214, -0.21497347236125244, 0.14724034427615032, -0.7218353480264994, -0.6824204020095096, -0.5502540253122825, -0.5331251441892818, -0.10323018063670485], [-0.4116609991902525, -0.8249558558896419, -0.24136099363740124, 0.2808550548036637, 0.6144342818760832, 0.16571391726948548, -0.3957390080627336, -0.4092223692825165, 0.5551094745909786, 0.09521407275912067, -0.22834722773793933, -0.22387277375797, 0.30802944863312065, 0.16423449521988234, -0.019858779128897813]], "inverted": false, "swapped": false, "error_lsq": 0.04357254260207254, "error_max": 0.30761956830145154, "target": "570.xyz", "model": "24.xyz", "model_rescale": 4.28219845311461, "target_rescale": 4.064206953937361},
{"mapping": [4, 13, 0, 1, 8, 3, 7, 13, 11, 9, 2, 14, 6, 12, 15], "R": [[-0.418580485632024, 0.3855011572677012, -0.8223011825318765], [-0.18918629865415593, 0.8485626808910329, 0.4941152912029375], [0.8882561125315152, 0.3623951356520756, -0.28226024198621075]], "T": [0.11063039543433181, -0.08907746715635068, 0.037442348784399296], "aligned_model": [[-0.2641755029760646, 0.38234990291047477, -0.6864944488735765, -0.2691670414824815, -0.2035101818059383, 0.03394422294340496, 0.4491756643440199, 0.38234990291047477, 0.4750105079064666, 0.6763399445170846, -0.20676589505452095, 0.1839659711426497, -0.5728244627231117, 0.7647739568634092, 0.03967610167571346], [0.31157590577240757, -0.2352857075424683, -0.09571491614912847, 0.321018569421413, -0.17083857548258885, 0.6813141299226156, 0.38118044828537645, -0.2352857075424683, -0.3279194543749351, 0.26616572827162505, -0.50135463998136, -0.8471971867402338, -0.6242401135460426, -0.47331699240611236, -0.08793002750825107], [-0.4459270609875649, -0.47020725146869075, -0.1360572157504077, 0.3496162531090561, 0.6511009475388201, 0.06315932680740799, -0.48197135878741043, -0.47020725146869075, 0.3640287998580262, 0.14063470343133652, -0.4076050104249917, 0.03285879031823004, 0.2796974493110792, -0.056770646655427706, 0.01622226363420985]], "inverted": true, "swapped": false, "error_lsq": 0.052715159028909435, "error_max": 0.3691695898030316, "target": "570.xyz", "model": "25.xyz", "model_rescale": 4.100010024507729, "target_rescale": 4.064206953937361},
{"mapping": [4, 8, 11, 7, 2, 10, 12, 1, 6, 0, 3, 14], "R": [[-0.5714184545254472, 0.2965300315281591, 0.7652129705053743], [0.8078427212139968, 0.039101427516487486, 0.588099665148466], [0.1444682927472825, 0.9542227301673767, -0.2618929048725905]], "T": [-0.08928985668599237, -0.029481561577282954, -0.18031310020272093], "aligned_model": [[-0.6215177321223055, -0.10665434686295461, 0.42395269816654396, 0.662591073129144, -0.4685442603978407, 0.15377862252827063, -0.3639726693922983, 0.48677942721619955, 0.3335646658106228, -0.009001619714480769, -0.5458048543347065, -0.0684054016631874], [-0.2999300993471295, -0.6981829223908853, -0.12209398941010291, -0.3992504348693303, 0.6618088828036565, 0.5821250656356933, 0.2961006652800396, 0.30939836605715515, -0.11373640384140615, 0.3339260333466457, 0.1702692311246989, -0.05430300433839555], [0.06148335996407053, 0.04591576730074562, 0.3945890128952231, -0.16731903758254324, 0.05354825026806437, 0.2573814104939147, 0.6158579984234354, -0.14034365340756283, -0.6687745043024723, -0.534134311434071, -0.361655162258395, 0.00864315949394795]], "inverted": true, "swapped": true, "error_lsq": 0.05319059626434624, "error_max": 0.3397208818462518, "target": "570.xyz", "model": "26.xyz", "model_rescale": 3.6694154284099745, "target_rescale": 4.064206953937361},
