[{"mapping": [5, 0, 7, 6, 10, 3, 2, 1, 9, 8, 11], "R": [[-0.39506825788934086, 0.15222748480827056, -0.9059513587810492], [-0.1369555453154955, -0.9849139488245015, -0.10577188671032936], [-0.9083855184973045, 0.08228794735485415, 0.4099566361269301]], "T": [-0.07527886043447814, 0.10015417348079869, -0.04499690932866537], "aligned_model": [[-0.2333424257372831, -0.5539418851167104, 0.5158101697980118, 0.6185126814949522, 0.002275443276847075, -0.2638625425487362, -0.3783951667195465, 0.08332157885955867, 0.3396846772741674, 0.13050232051907057, -0.11517142031158625], [-0.5336520902669634, -0.29183002493413573, -0.4414985765719984, -0.020501635522309103, 0.2259820453381554, 0.7447218236925767, -0.21677017360907647, -0.5401314223283439, 0.5353254426942053, 0.3405941543240366, 0.046209328029021106], [-0.5568483153907929, -0.049632747608784576, -0.548811723089703, 0.12602928619689072, -0.7082570563332663, -0.19665855223029288, 0.6305989082073641, 0.2133842354439839, -0.13324459060972466, 0.5054085883443469, -0.06318463056409007]], "inverted": true, "swapped": false, "error_lsq": 0.04688506227419464, "error_max": 0.22130910725179834, "target": "571.xyz", "model": "0.xyz", "model_rescale": 3.751011558992144, "target_rescale": 3.704005724869917},
{"mapping": [3, 7, 2, 5, 0, 4, 11, 13, 8, 10, 14], "R": [[-0.933315917885381, 0.33494242236406496, 0.129363716407117], [-0.32169614523566, -0.940069430548024, 0.11305333205894838], [0.15947723211256773, 0.06389866547906953, 0.9851314495983305]], "T": [-0.06255655086726598, 0.030552701535031906, -0.026291415381993526], "aligned_model": [[-0.12881004070056448, -0.6740018367033519, 0.5105844896349943, 0.5375333447781478, -0.239135486692782, 0.0009326795066187665, -0.5460757680836649, 0.3164618930031667, 0.39402815732697716, 0.050994996330844714, -0.07711899761164101], [-0.6057781044536732, -0.12100692629223193, -0.25881936827642427, -0.053834874814824754, -0.08040129505662959, 0.8145963326548696, -0.11906566489060329, -0.5862509202441727, 0.43293991922280833, 0.4355913246419601, -0.009521551645910845], [-0.44354370111263985, -0.23327297359173502, -0.547358834141916, 0.1248935742753588, -0.7556840452889257, 0.0562838353700296, 0.5905995798004948, 0.03202247375833194, -0.29092924983606505, 0.6776286852327138, 0.008144057900283712]], "inverted": false, "swapped": false, "error_lsq": 0.05791901522588545, "error_max": 0.33350317628266707, "target": "571.xyz", "model": "1.xyz", "model_rescale": 3.9405287249114394, "target_rescale": 3.704005724869917},
{"mapping": [1, 2, 7, 6, 4, 9, 5, 0, 3, 11, 12], "R": [[-0.5633244585649898, -0.16867172472731065, -0.8088358323293889], [0.048347691422507125, 0.9705340044748414, -0.23606407370064314], [0.8248200137706256, -0.17208601173698865, -0.5385706540908833]], "T": [0.02663414706162718, 0.06653516919969012, -0.12413876188410006], "aligned_model": [[-0.1562903396906521, -0.5895166848709161, 0.6586702898157204, 0.4688243063599326, -0.07855117480193327, -0.32638148224305275, -0.4057124460707528, 0.034333756808829684, 0.43068696841832704, 0.16431331767109383, -0.054983080607851474], [-0.6065250532450928, -0.21289115184777824, -0.15986265506082442, -0.12992626976942923, 0.14639369528337148, 0.7294500698958614, -0.0237498250013152, -0.6153237404993949, 0.3822239526831875, 0.29455036540296337, 0.04410948300361865], [-0.499311923860354, -0.04383489562398407, -0.5462574567778155, 0.12330104778149503, -0.8128000616236828, 0.1696382062254938, 0.45292390681462763, 0.3636512867532154, -0.37688683429077824, 0.5366696863956224, -0.1483095594279085]], "inverted": true, "swapped": false, "error_lsq": 0.048244225473523805, "error_max": 0.2395444707212937, "target": "571.xyz", "model": "2.xyz", "model_rescale": 3.932901565614263, "target_rescale": 3.704005724869917},
{"mapping": [5, 6, 7, 8, 0, 1, 10, 9, 3, 11, 13], "R": [[0.6944729357062169, -0.6487224653928314, -0.31123384209663874], [-0.3076250768179497, -0.6587326302154614, 0.6866135259388435], [-0.6504415067354937, -0.3810911764710212, -0.6570352818012087]], "T": [0.0006402883277220033, 0.01877396754290882, -0.1461457574739257], "aligned_model": [[-0.22898632767982668, -0.6398788849584582, 0.44308619237787206, 0.6585320119184119, -0.008071744202432759, -0.4077339314530631, -0.46352563561842547, 0.28495125899797896, 0.37468808661182335, 0.20346906272633802, -0.07113665793147295], [-0.6470295747754548, -0.21753444623023693, -0.37918982117625044, -0.0338251161318225, 0.4378350302573025, 0.6366099572889113, 0.05002449806961427, -0.6241517301114918, 0.3636083576417879, 0.3229190221776502, -0.06081730616484245], [-0.29028786066347856, -0.17034871007410218, -0.5406188138474631, 0.17509954126110447, -0.668890681264567, -0.12947820500915255, 0.39857328909067824, 0.06741163209848813, -0.18930784830800532, 0.6687560601609437, -0.10212500107851442]], "inverted": true, "swapped": false, "error_lsq": 0.05068640648955758, "error_max": 0.26776960593315624, "target": "571.xyz", "model": "3.xyz", "model_rescale": 3.9243930471874484, "target_rescale": 3.704005724869917},
{"mapping": [11, 5, 10, 8, 6, 0, 1, 9, 3, 7, 12], "R": [[0.7707809077804727, 0.4585341563006695, 0.44231574661857087], [0.6327522020058771, -0.6319343137934393, -0.44753064018805333], [0.07430641330211185, 0.624824335758498, -0.7772214011374928]], "T": [0.12104237187641047, -0.01826851481801028, -0.06556853436256749], "aligned_model": [[-0.06390988187614809, -0.6148861681522041, 0.655404877365283, 0.5799349127486091, -0.1616956109000975, -0.4217251364166971, -0.3466432448765204, 0.03424957518569152, 0.19269423031210375, 0.2836097817326261, 0.00836009566609891], [-0.6649760037622029, 0.08069874637114008, -0.2047225481248535, -0.30116870963817244, 0.06167740345305972, 0.6270952706277019, 0.030684494838951918, -0.6626146847732652, 0.5402458809424951, 0.3212546824677974, 0.020274338442515836], [-0.4823372579525991, -0.2146918556740023, -0.48606743532448166, 0.25957986962982355, -0.7252536092156955, 0.045026988770443366, 0.47205035175513654, 0.2082423775519724, -0.4341890048680224, 0.6423965740076404, -0.06597359631428396]], "inverted": false, "swapped": false, "error_lsq": 0.055237181800048225, "error_max": 0.2878340476713428, "target": "571.xyz", "model": "4.xyz", "model_rescale": 3.8936222436046832, "target_rescale": 3.704005724869917},
{"mapping": [7, 5, 8, 9, 10, 2, 1, 6, 3, 0, 11], "R": [[-0.9454425868307903, 0.3257876930512548, 0.0008331044623010875], [-0.04349058113108564, -0.12874404035475817, 0.9907237462713877], [0.3228728609833663, 0.9366361893123037, 0.13588879464820502]], "T": [0.01931367152975481, -0.021417701753895763, -0.14909370663480234], "aligned_model": [[-0.09583334517065496, -0.6671403293178259, 0.6525328262751621, 0.4820720081957319, -0.08700917455918263, -0.27851864797468356, -0.3114161325441862, -0.10063733895611116, 0.3980582010707284, 0.29370611419171955, -0.1404207504219525], [-0.49634694553988945, -0.4284734787569746, -0.12329923449048415, -0.199197152343243, 0.23849990794268458, 0.6614064741921937, 0.0514818249481995, -0.7510033260040679, 0.4097194497780421, 0.5454061007697987, -0.059744749651092034], [-0.5744534430108665, -0.006765367307623199, -0.5158585927424821, 0.22007445642309956, -0.7153142361586167, -0.1021307518057844, 0.5778259745300918, 0.14742813080490744, -0.18000277056275277, 0.47230622358695196, -0.1043262213909937]], "inverted": true, "swapped": false, "error_lsq": 0.06067046020872971, "error_max": 0.2948244985310395, "target": "571.xyz", "model": "5.xyz", "model_rescale": 3.6523030999806103, "target_rescale": 3.704005724869917},
{"mapping": [1, 5, 2, 4, 6, 9, 7, 3, 10, 11, 12], "R": [[-0.6433754209453676, -0.7607603666774965, -0.08550866749103614], [0.2803543629987293, -0.33807409029527785, 0.8983915296899218], [-0.712368934521255, 0.5540303005826864, 0.43079104814899577]], "T": [-0.08282018090499225, -0.005343966928495104, -0.1460183025624262], "aligned_model": [[-0.10229612257680748, -0.7143033297411194, 0.5226035510888429, 0.4614396311281766, 0.008281158002968164, -0.2711956161139695, -0.3189968942587304, 0.06475350338764606, 0.4034631473731546, 0.22200123382523135, -0.13035683132664788], [-0.5730648652718069, -0.2579528811671165, -0.35735445789878656, -0.025126579719538772, 0.17869562103956432, 0.6625783949090012, -0.06677108526264304, -0.5380529974999324, 0.5810805205755822, 0.3182486819797194, -0.07383148083887553], [-0.5456287819967147, -0.1096686234725237, -0.4388704037920902, 0.03431890148514921, -0.7628281907628615, 0.05660768083528869, 0.4921551291156505, 0.27479495697191403, -0.3142677803069401, 0.6135478274324603, -0.08137731314340091]], "inverted": true, "swapped": false, "error_lsq": 0.043218222169037104, "error_max": 0.2087505074359178, "target": "571.xyz", "model": "6.xyz", "model_rescale": 4.08911054899281, "target_rescale": 3.704005724869917},
{"mapping": [9, 11, 0, 6, 1, 13, 10, 8, 2, 5, 14], "R": [[-0.03354843092351034, 0.06276445588858409, 0.9974643481646754], [-0.9090772811884935, -0.4166047007607738, -0.004361207512040499], [0.41527460747017436, -0.9069184893809566, 0.07103417494035169]], "T": [0.034590209290762855, 0.02414519844479866, 0.06371329074047018], "aligned_model": [[-0.15074262032695046, -0.5391939841330063, 0.6624180317837739, 0.5257349196202848, -0.07955695773671996, -0.27722862798701325, -0.45522517183962, -0.06995262497348693, 0.4261880539709098, 0.14397723692259629, -0.04102482451202287], [-0.5715280745300657, -0.024595141397947776, -0.20390656930693554, 0.0677497086049599, 0.07441247334111778, 0.6462217688990816, -0.18573809509208555, -0.6204181847254872, 0.5185856505443707, 0.21924867009172358, -0.07158333558356454], [-0.4110312743017164, -0.04998429765174259, -0.5984655367924571, -0.01386561530039819, -0.6590520129297414, -0.1636284686487739, 0.5487955456253415, 0.2605833345893421, -0.4386006655266127, 0.7920472410136387, -0.048014847710949535]], "inverted": true, "swapped": false, "error_lsq": 0.050584549374171894, "error_max": 0.23224959955361402, "target": "571.xyz", "model": "7.xyz", "model_rescale": 3.964800864290218, "target_rescale": 3.704005724869917},
{"mapping": [1, 7, 3, 6, 5, 9, 12, 2, 10, 11, 13], "R": [[-0.874278039835016, 0.40983265754433534, -0.2601443865863534], [-0.2701500798602518, 0.03446516511402631, 0.9622011675035334], [0.4033073808074209, 0.9115093774634524, 0.08058418816646029]], "T": [0.057076636744014767, -0.11977274523462206, -0.06275662422398534], "aligned_model": [[-0.3346935967757396, -0.6099436684071584, 0.6637462021693513, 0.5811463262333162, 0.04612612072427891, -0.2432584687297299, -0.4615394258018297, -0.03413610704747626, 0.24012811615871216, 0.2805574015462001, 0.01726053071882014], [-0.5747159981988552, -0.36355862650672544, -0.18989514953592743, -0.111335471988453, 0.26063104553416677, 0.4860605403694495, 0.08122767196893613, -0.7158260070055906, 0.6309286420205851, 0.4084998730337031, -0.06356764884612123], [-0.5129372678356288, -0.012701438976775045, -0.4539056782993396, 0.18581046160455966, -0.8072321208899385, 0.06616808738269017, 0.44842939792647396, 0.21112194787742802, -0.3421731521253063, 0.5356727475861212, -0.09946958188435345]], "inverted": false, "swapped": false, "error_lsq": 0.05362554483562371, "error_max": 0.24422329177584476, "target": "571.xyz", "model": "8.xyz", "model_rescale": 4.121658175737393, "target_rescale": 3.704005724869917},
{"mapping": [6, 8, 4, 5, 1, 3, 11, 7, 0, 10, 12], "R": [[0.9619038077227595, 0.08971634037842553, -0.25824802604774927], [0.23991972415939325, -0.7299002346026877, 0.640065757157983], [-0.13107093746417292, -0.6776404841772988, -0.7236185345582429]], "T": [-0.026951689561937924, -0.07285597315835511, -0.0618677054860465], "aligned_model": [[-0.2406426141416618, -0.7045128410654132, 0.6542654295627417, 0.5408098881886773, 0.04480561494693906, -0.34489403532498497, -0.3790478308013444, -0.07066818436985982, 0.4280964745089133, 0.23100521631555002, -0.013823687030811934], [-0.5460608612338945, -0.33307545774706315, -0.16742769346556624, -0.07914505746781815, 0.12111056096106067, 0.609201991279544, -0.016603517974380658, -0.5831299922766775, 0.5091806997860011, 0.38601181821245956, -0.05161361922849776], [-0.520774420132555, -0.123105304565134, -0.6232297491337545, 0.18169983037301898, -0.7192561664471836, 0.17560563909717744, 0.4633903674301144, 0.37735911952325096, -0.3320319570921575, 0.4852880450530008, -0.14616200173984675]], "inverted": true, "swapped": false, "error_lsq": 0.05135104990971387, "error_max": 0.2855823611465781, "target": "571.xyz", "model": "9.xyz", "model_rescale": 3.833441315466971, "target_rescale": 3.704005724869917},
{"mapping": [10, 11, 13, 2, 0, 6, 7, 8, 5, 3, 14], "R": [[0.7961312566426835, 0.27899380182716105, -0.5369706516547886], [0.511026062794198, 0.16526021336809807, 0.8435291488873345], [0.32407928866498387, -0.9459659192695885, -0.011004282749936967]], "T": [-0.0990489807966745, 0.09854968560859624, -0.11149077304460557], "aligned_model": [[-0.27436333589863976, -0.6228195865921919, 0.5833381368536426, 0.5658557439096777, 0.0795438088227551, -0.41142388031750043, -0.3759572525854488, -0.028418403356940278, 0.4563670115395619, 0.23224560110718795, -0.058974412693358874], [-0.5876022930831931, -0.29957589569337195, -0.11806829493647518, -0.03396533623800234, 0.03863794148604121, 0.7013610614067564, -0.019544105976142548, -0.655533063255845, 0.42692093796383235, 0.31634350935089844, 0.07947440982066929], [-0.528880857440958, 0.06877973219997706, -0.4623625638516213, 0.12723863648802858, -0.7659662577770819, -0.09506106207336122, 0.48289095798849974, 0.07270991037518419, -0.31427291612140174, 0.6612521338063626, -0.027544311227696516]], "inverted": true, "swapped": false, "error_lsq": 0.04745882339576664, "error_max": 0.2595776938683523, "target": "571.xyz", "model": "10.xyz", "model_rescale": 4.2482417240324, "target_rescale": 3.704005724869917},
{"mapping": [1, 0, 2, 7, 6, 4, 10, 8, 5, 9, 11], "R": [[-0.9618625489822149, -0.25657282287817645, -0.09481995267748372], [0.27240124928265547, -0.9299929880225534, -0.24680073261263158], [-0.024859530459865282, -0.26321745532773266, 0.9644161834789523]], "T": [0.062295884445498134, -0.11673879142657873, -0.11566486457691488], "aligned_model": [[-0.20593828103632436, -0.6839987374012781, 0.4831424274394135, 0.644296725534831, -0.07285586878813544, -0.278463494357865, -0.3394721072843785, 0.04276642937938276, 0.3793974506561235, 0.12571719256327524, 0.05080169408370076], [-0.7052621345087041, -0.2177652486611047, -0.3021527973067471, -0.025091901598321295, 0.23357728562537194, 0.6892094925362333, -0.09008395423552812, -0.5724973590256898, 0.5600175571807062, 0.2884025015931697, -0.009904570754218467], [-0.3999838067420667, -0.1973806419706941, -0.695550301588586, 0.21814962769606633, -0.6443375306944126, -0.10262685985262376, 0.38720128362770695, 0.29513990340861035, -0.1907222536071324, 0.599282107236955, -0.05038812514789162]], "inverted": true, "swapped": false, "error_lsq": 0.03541633054152684, "error_max": 0.16847496404239884, "target": "571.xyz", "model": "11.xyz", "model_rescale": 3.6694154284099745, "target_rescale": 3.704005724869917},
{"mapping": [8, 10, 4, 6, 1, 12, 7, 11, 0, 5, 13], "R": [[-0.5765196607759202, 0.703291297778214, 0.4159404178584397], [0.7363578768806875, 0.22658087813641836, 0.6375250448560399], [0.35412167103212433, 0.6738267255996642, -0.6485024178621471]], "T": [-0.044147004979717006, -0.062406614224216506, -0.07865971315079887], "aligned_model": [[-0.3095383375467147, -0.6695844294053447, 0.5461067354466643, 0.40640907121860975, 0.03588312851444887, -0.3920876117993316, -0.3349661025044973, 0.24504641039760156, 0.46760806077596784, 0.11394311922587537, 0.03657338646546551], [-0.6639266687306555, -0.05762253242328147, -0.23548376854573022, -0.09560433210025607, 0.30671148558234734, 0.5196197881695843, -0.09456180331099517, -0.7298514335128619, 0.42360183562010256, 0.46735875323883064, 0.008207546858082684], [-0.45327807353370064, 0.032398505804853345, -0.4901490451084147, 0.26156369460102, -0.836169119184585, -0.12283098559133981, 0.6043890514328214, 0.04748794086711555, -0.1910892634424143, 0.5035146254644346, -0.13705392894385923]], "inverted": true, "swapped": false, "error_lsq": 0.05525874919081568, "error_max": 0.2522192733134358, "target": "571.xyz", "model": "12.xyz", "model_rescale": 3.9764082729961374, "target_rescale": 3.704005724869917},
{"mapping": [2, 7, 10, 13, 8, 3, 4, 9, 11, 6, 15], "R": [[-0.43258368591808516, 0.6101388999337012, -0.6637784852382734], [0.13500011218000246, -0.6840937707848267, -0.7167919380718397], [-0.8914293715089887, -0.3996826685773232, 0.21355898494326908]], "T": [0.09182188940661525, -0.1327707168753229, 0.04725912094570918], "aligned_model": [[-0.34058857938670944, -0.6524749222688453, 0.5872335779855641, 0.6159325138545987, -0.023597939164116996, -0.30056716480622964, -0.4482914806204367, 0.09266868280386871, 0.3985673613140804, 0.1999331217162129, 0.016578259360758324], [-0.4971948335759526, -0.09830096054061613, -0.1359287401716562, 0.1317130828646592, 0.06518870124279896, 0.5353294530648278, -0.08250179150166367, -0.7190717861561459, 0.45578594837184294, 0.25427725351666775, -0.060847456269595104], [-0.5153026654840327, -0.07870829925078503, -0.5857528731479889, 0.21999278646214776, -0.6214285255676583, -0.2815515242188025, 0.5180184059725967, 0.18048624137818065, -0.38869152535133744, 0.6970010972433565, 0.07472028433025452]], "inverted": true, "swapped": false, "error_lsq": 0.04961001288775078, "error_max": 0.26807709769107096, "target": "571.xyz", "model": "13.xyz", "model_rescale": 4.170626492500431, "target_rescale": 3.704005724869917},
{"mapping": [4, 8, 6, 11, 2, 1, 10, 12, 3, 9, 13], "R": [[-0.9386267426195656, 0.23824144821522064, 0.2494410759913016], [-0.2777222095438428, -0.9508598727016722, -0.13687905906984443], [0.20457324450052067, -0.19775367212285705, 0.9586674464048813]], "T": [-0.07813286585475476, 0.014993417900806421, -0.13384843103989288], "aligned_model": [[-0.30523905022562503, -0.6724163371455097, 0.6643170703064335, 0.5292432479899978, -0.06652638186299392, -0.2535274891212185, -0.2165314885981207, -0.08409900276299292, 0.40881816693121087, 0.1268148112855445, 0.01453988399201922], [-0.5297203481501689, -0.40247800115480137, -0.19883990411894695, -0.02004151446136968, 0.12217859558743287, 0.7419937781900823, -0.09698200199327221, -0.6527573539814773, 0.4798558518702048, 0.4268439939632918, -0.021604224905807903], [-0.5272602060137596, 0.021396739020985683, -0.4663129700787674, 0.22604941693418082, -0.782931472298852, 0.04369500636015483, 0.40153519920772074, 0.1657837318651921, -0.2830302448866607, 0.5329963718158189, -0.11313816956008226]], "inverted": false, "swapped": false, "error_lsq": 0.051126550482355794, "error_max": 0.2820890127609933, "target": "571.xyz", "model": "14.xyz", "model_rescale": 3.9786697098870705, "target_rescale": 3.704005724869917},
{"mapping": [2, 0, 5, 7, 4, 1, 9, 8, 10, 6, 11], "R": [[0.07845616310446248, 0.70296927567328, 0.7068796417568624], [-0.9907676750015572, 0.13361987900043948, -0.022915979313930745], [-0.11056240157908367, -0.6985555993586281, 0.7069625378772013]], "T": [-0.014646433795483967, -0.03719013925064482, -0.019590410731413085], "aligned_model": [[-0.31460527721854326, -0.6995631252179783, 0.5245755756778592, 0.6000859961486362, -0.0200749994605332, -0.2314490995969651, -0.25008335320863023, 0.16094500188681404, 0.3921455789894193, 0.019215910665613015, -0.035798777876946394], [-0.6496810473303841, -0.05606051284415951, -0.44083726509430965, 0.0900347544010549, 0.0474452906028556, 0.6057123324668837, -0.23312669161100338, -0.5283636585520597, 0.5995926509276994, 0.4140714726778496, -0.00033845479925965344], [-0.5569236369876998, -0.13933439133189307, -0.4565895068719268, 0.1872763855434061, -0.6259913546451581, -0.03816747867028529, 0.5222514411733734, -0.007575933044614486, -0.3679421366694035, 0.6304649638569451, 0.07131505001318775]], "inverted": false, "swapped": false, "error_lsq": 0.051754865344684674, "error_max": 0.25350387246717154, "target": "571.xyz", "model": "15.xyz", "model_rescale": 3.769337070930944, "target_rescale": 3.704005724869917},
{"mapping": [5, 4, 1, 9, 0, 2, 6, 7, 3, 8, 10], "R": [[0.6769546964108348, 0.36853159067250973, -0.6371160064569907], [0.5410929747449905, -0.8359852268445539, 0.09136242761265126], [-0.4989496284084513, -0.40658721963934086, -0.7653339801269893]], "T": [0.04324058914923029, -0.06500796371569022, -0.07174583494538919], "aligned_model": [[-0.26839033850688904, -0.7117193585272397, 0.48667546095440867, 0.7475192325236046, -0.14399403114165624, -0.22861988649515336, -0.5362409410417568, 0.2886836724777586, 0.3877278236401352, 0.10057949993017035, 0.023172296975362626], [-0.6239018506962185, -0.05354924826128795, -0.43899070415023556, 0.23441443044949312, 0.13820137245216207, 0.6188611221878867, -0.06388957049670091, -0.7058153907740095, 0.5230587348039962, 0.2276025509921909, -0.007542575662109176], [-0.2731774847483651, -0.2665192925364077, -0.6236795906847921, 0.20232989413587757, -0.6558000081867081, -0.0014549155225186128, 0.3706418173049537, 0.12890320257111673, -0.19401415497007518, 0.6157023796420632, -0.0841484446392134]], "inverted": true, "swapped": false, "error_lsq": 0.057112684322650355, "error_max": 0.36160354799579714, "target": "571.xyz", "model": "16.xyz", "model_rescale": 3.7852294659196426, "target_rescale": 3.704005724869917},
{"mapping": [6, 7, 9, 0, 11, 2, 1, 4, 8, 3, 12], "R": [[0.34999226049418647, 0.061964547701563455, -0.9347009213766242], [0.7400701757348668, -0.6300055839417324, 0.23534888822766967], [-0.5742835123716621, -0.7741145645383359, -0.2663551921545544]], "T": [0.007281081726738515, -0.0572397725696345, -0.032477870419882905], "aligned_model": [[-0.42958097287752117, -0.650110319577531, 0.6917851851545929, 0.6289381686722464, -0.14778634592917578, -0.3490863271614596, -0.40448293869087487, 0.15772149765753243, 0.3820971728519464, 0.21934628566564027, 0.04655202502334889], [-0.6329107050726756, -0.08308763643762407, -0.07234201646068115, -0.1441439294167585, 0.19845481596785344, 0.4391695132981174, 0.006917057056317816, -0.604432635888867, 0.40830698078684047, 0.41763783937166665, -0.08512041235902224], [-0.5474028733280818, -0.27454281749213505, -0.5601973414759791, 0.23536030742606398, -0.7021841080391065, -0.006649362587464298, 0.5157816000399892, 0.3914729954557085, -0.2912925329205512, 0.5691989316240674, -0.11076139633658025]], "inverted": false, "swapped": false, "error_lsq": 0.05378900091399268, "error_max": 0.2644703352445459, "target": "571.xyz", "model": "17.xyz", "model_rescale": 3.901054581598922, "target_rescale": 3.704005724869917},
{"mapping": [3, 7, 2, 5, 0, 4, 11, 13, 8, 10, 14], "R": [[-0.933315917885381, 0.33494242236406496, 0.129363716407117], [-0.32169614523566, -0.940069430548024, 0.11305333205894838], [0.15947723211256773, 0.06389866547906953, 0.9851314495983305]], "T": [-0.06255655086726598, 0.030552701535031906, -0.026291415381993526], "aligned_model": [[-0.12881004070056448, -0.6740018367033519, 0.5105844896349943, 0.5375333447781478, -0.239135486692782, 0.0009326795066187665, -0.5460757680836649, 0.3164618930031667, 0.39402815732697716, 0.050994996330844714, -0.07711899761164101], [-0.6057781044536732, -0.12100692629223193, -0.25881936827642427, -0.053834874814824754, -0.08040129505662959, 0.8145963326548696, -0.11906566489060329, -0.5862509202441727, 0.43293991922280833, 0.4355913246419601, -0.009521551645910845], [-0.44354370111263985, -0.23327297359173502, -0.547358834141916, 0.1248935742753588, -0.7556840452889257, 0.0562838353700296, 0.5905995798004948, 0.03202247375833194, -0.29092924983606505, 0.6776286852327138, 0.008144057900283712]], "inverted": false, "swapped": false, "error_lsq": 0.05791901522588545, "error_max": 0.33350317628266707, "target": "571.xyz", "model": "18.xyz", "model_rescale": 3.9405287249114394, "target_rescale": 3.704005724869917},
{"mapping": [3, 1, 14, 13, 10, 5, 0, 12, 11, 7, 15], "R": [[-0.015469310067612901, 0.623893724345667, 0.7813560783459262], [0.47211882195363014, 0.6934090567055596, -0.5443231558879548], [-0.8813991822115271, 0.36047260755957455, -0.3052785298642084]], "T": [-0.02295631575951636, 0.005103778791649079, 0.06762549127379731], "aligned_model": [[-0.2139185562720036, -0.5950142993187756, 0.4794104832089145, 0.6484423231619324, -0.003150568751541922, -0.29975452163023125, -0.53828214917058, 0.08298075246811316, 0.3927360870598784, 0.23036656279589232, -0.03842268276285302], [-0.5804047785602785, -0.292371752746363, -0.2794909178970973, 0.01877304678280672, 0.09466867996249571, 0.7787014037117761, -0.11404469279070284, -0.5316997717828129, 0.42843787025908625, 0.3053235357656461, 0.020556248140610855], [-0.5207126316114027, -0.07300663720945565, -0.44848730646235485, 0.08677918906245062, -0.7130728485542305, -0.059622733482226145, 0.5068488798754671, 0.09516360804634456, -0.341277033956231, 0.6518524725612235, 0.03431844409634646]], "inverted": false, "swapped": false, "error_lsq": 0.04059350473287812, "error_max": 0.22508392089924667, "target": "571.xyz", "model": "19.xyz", "model_rescale": 4.410303926677745, "target_rescale": 3.704005724869917},
{"mapping": [1, 7, 3, 6, 5, 9, 12, 2, 10, 11, 13], "R": [[-0.874278039835016, 0.40983265754433534, -0.2601443865863534], [-0.2701500798602518, 0.03446516511402631, 0.9622011675035334], [0.4033073808074209, 0.9115093774634524, 0.08058418816646029]], "T": [0.057076636744014767, -0.11977274523462206, -0.06275662422398534], "aligned_model": [[-0.3346935967757396, -0.6099436684071584, 0.6637462021693513, 0.5811463262333162, 0.04612612072427891, -0.2432584687297299, -0.4615394258018297, -0.03413610704747626, 0.24012811615871216, 0.2805574015462001, 0.01726053071882014], [-0.5747159981988552, -0.36355862650672544, -0.18989514953592743, -0.111335471988453, 0.26063104553416677, 0.4860605403694495, 0.08122767196893613, -0.7158260070055906, 0.6309286420205851, 0.4084998730337031, -0.06356764884612123], [-0.5129372678356288, -0.012701438976775045, -0.4539056782993396, 0.18581046160455966, -0.8072321208899385, 0.06616808738269017, 0.44842939792647396, 0.21112194787742802, -0.3421731521253063, 0.5356727475861212, -0.09946958188435345]], "inverted": false, "swapped": false, "error_lsq": 0.05362554483562371, "error_max": 0.24422329177584476, "target": "571.xyz", "model": "20.xyz", "model_rescale": 4.121658175737393, "target_rescale": 3.704005724869917},
{"mapping": [1, 5, 2, 4, 6, 9, 7, 3, 10, 11, 12], "R": [[-0.6433754209453676, -0.7607603666774965, -0.08550866749103614], [0.2803543629987293, -0.33807409029527785, 0.8983915296899218], [-0.712368934521255, 0.5540303005826864, 0.43079104814899577]], "T": [-0.08282018090499225, -0.005343966928495104, -0.1460183025624262], "aligned_model": [[-0.10229612257680748, -0.7143033297411194, 0.5226035510888429, 0.4614396311281766, 0.008281158002968164, -0.2711956161139695, -0.3189968942587304, 0.06475350338764606, 0.4034631473731546, 0.22200123382523135, -0.13035683132664788], [-0.5730648652718069, -0.2579528811671165, -0.35735445789878656, -0.025126579719538772, 0.17869562103956432, 0.6625783949090012, -0.06677108526264304, -0.5380529974999324, 0.5810805205755822, 0.3182486819797194, -0.07383148083887553], [-0.5456287819967147, -0.1096686234725237, -0.4388704037920902, 0.03431890148514921, -0.7628281907628615, 0.05660768083528869, 0.4921551291156505, 0.27479495697191403, -0.3142677803069401, 0.6135478274324603, -0.08137731314340091]], "inverted": true, "swapped": false, "error_lsq": 0.043218222169037104, "error_max": 0.2087505074359178, "target": "571.xyz", "model": "21.xyz", "model_rescale": 4.08911054899281, "target_rescale": 3.704005724869917},
{"mapping": [6, 5, 0, 13, 1, 15, 9, 7, 2, 14, 16], "R": [[-0.4524783066054321, 0.8813334620030997, 0.13606877233631398], [0.19663542242877652, 0.24742911966039716, -0.9487430323276886], [-0.8698263577851257, -0.40252970014361916, -0.28525768667040496]], "T": [-0.021519951608215345, -0.0061323023333770595, -0.04975419048598156], "aligned_model": [[-0.10455047213023169, -0.6861256940167055, 0.46598005891273525, 0.5277792472389721, -0.045137623005299415, -0.1934383939720556, -0.47674944801784125, 0.2405929278987971, 0.34597934406475545, 0.04917593741837856, 0.021887546397240314], [-0.6355415792792728, -0.22157923960654055, -0.34262150189302276, -0.19781455232405956, 0.31352162530221234, 0.7023273053442317, -0.009831672747424946, -0.6524687970917645, 0.5655679535840976, 0.35108959177006643, -0.024200262213355153], [-0.44028462887415193, 0.04828089672997798, -0.5489517030008743, 0.2637075635009854, -0.7758822462798342, -0.04374991212358791, 0.4982421888995913, 0.08932191080182789, -0.29338693548758676, 0.47865587338009524, -0.057169605180511514]], "inverted": true, "swapped": false, "error_lsq": 0.048343366911103164, "error_max": 0.24755429925702255, "target": "571.xyz", "model": "22.xyz", "model_rescale": 4.204369325754507, "target_rescale": 3.704005724869917},
{"mapping": [3, 1, 14, 13, 10, 5, 0, 12, 11, 7, 15], "R": [[-0.015469310067612901, 0.623893724345667, 0.7813560783459262], [0.47211882195363014, 0.6934090567055596, -0.5443231558879548], [-0.8813991822115271, 0.36047260755957455, -0.3052785298642084]], "T": [-0.02295631575951636, 0.005103778791649079, 0.06762549127379731], "aligned_model": [[-0.2139185562720036, -0.5950142993187756, 0.4794104832089145, 0.6484423231619324, -0.003150568751541922, -0.29975452163023125, -0.53828214917058, 0.08298075246811316, 0.3927360870598784, 0.23036656279589232, -0.03842268276285302], [-0.5804047785602785, -0.292371752746363, -0.2794909178970973, 0.01877304678280672, 0.09466867996249571, 0.7787014037117761, -0.11404469279070284, -0.5316997717828129, 0.42843787025908625, 0.3053235357656461, 0.020556248140610855], [-0.5207126316114027, -0.07300663720945565, -0.44848730646235485, 0.08677918906245062, -0.7130728485542305, -0.059622733482226145, 0.5068488798754671, 0.09516360804634456, -0.341277033956231, 0.6518524725612235, 0.03431844409634646]], "inverted": false, "swapped": false, "error_lsq": 0.04059350473287812, "error_max": 0.22508392089924667, "target": "571.xyz", "model": "23.xyz", "model_rescale": 4.410303926677745, "target_rescale": 3.704005724869917},
{"mapping": [3, 4, 1, 7, 10, 9, 5, 0, 11, 13, 16], "R": [[-0.5990024328564093, -0.6052580679843192, 0.5242697364639619], [-0.47675422421561053, -0.2564615062420769, -0.8407930218006192], [0.6433517662404249, -0.7535848770748617, -0.13493827447908008]], "T": [-0.047511542918145286, 0.1275113014750112, 0.059082012880521576], "aligned_model": [[-0.1672587384571041, -0.600404753102203, 0.49405009217755436, 0.5795429935891895, -0.17274707048375998, -0.25867229889187004, -0.506048295091027, 0.11621522008685005, 0.3625856547618119, 0.3383981770294219, -0.04026755083011853], [-0.5974024905578393, -0.20213809336321228, -0.24871974358813212, -0.07342760398984305, 0.1978181608394397, 0.6459920979705824, -0.11380390578030655, -0.5927132486089238, 0.5037388936644123, 0.2999633827250068, 0.02914142153398308], [-0.4599667207805563, -0.18489492784607808, -0.49000499816008264, 0.15049897628696934, -0.5758644056756331, -0.22200299637879, 0.41561118571494865, 0.21673972952790616, -0.2425710559604477, 0.6207942092512895, -0.009555593613594912]], "inverted": true, "swapped": false, "error_lsq": 0.03821842639608625, "error_max": 0.19393218568929957, "target": "571.xyz", "model": "24.xyz", "model_rescale": 4.28219845311461, "target_rescale": 3.704005724869917},
{"mapping": [6, 14, 0, 1, 2, 13, 11, 8, 4, 9, 15], "R": [[-0.09017927615740418, -0.5474652760148286, -0.8319552089564284], [0.980696351467004, -0.1943419511276168, 0.021584074018075994], [-0.17350032959920686, -0.8139490018360602, 0.5544228152223247]], "T": [0.015141212941003897, 0.09081765002362838, 0.07171296430928735], "aligned_model": [[-0.08463848293705797, -0.673426198973294, 0.4090497131693144, 0.5748817845971612, -0.1961369552508878, -0.27135970028756506, -0.36179199441362275, 0.13221140188746747, 0.5294808482415946, 0.03567875492393913, 0.05144425983169537], [-0.627406014472737, -0.1262345782436323, -0.17466456906992808, -0.20899141946221259, 0.1446597659108509, 0.5812320858020695, -0.06649369062079374, -0.5826348218331989, 0.4224413970453593, 0.41417388064221483, 0.07236683514717591], [-0.4634467455053766, -0.1709964799826308, -0.5915437407671486, 0.1534589926087938, -0.577319073875412, -0.10243457324526396, 0.4317845829445293, 0.1929664011215792, -0.32844825694513957, 0.6649183599087444, 0.009843936103255499]], "inverted": false, "swapped": false, "error_lsq": 0.04721346974389098, "error_max": 0.2613743336722725, "target": "571.xyz", "model": "25.xyz", "model_rescale": 4.100010024507729, "target_rescale": 3.704005724869917},
{"mapping": [1, 0, 2, 7, 6, 4, 10, 8, 5, 9, 11], "R": [[-0.9618625489822149, -0.25657282287817645, -0.09481995267748372], [0.27240124928265547, -0.9299929880225534, -0.24680073261263158], [-0.024859530459865282, -0.26321745532773266, 0.9644161834789523]], "T": [0.062295884445498134, -0.11673879142657873, -0.11566486457691488], "aligned_model": [[-0.20593828103632436, -0.6839987374012781, 0.4831424274394135, 0.644296725534831, -0.07285586878813544, -0.278463494357865, -0.3394721072843785, 0.04276642937938276, 0.3793974506561235, 0.12571719256327524, 0.05080169408370076], [-0.7052621345087041, -0.2177652486611047, -0.3021527973067471, -0.025091901598321295, 0.23357728562537194, 0.6892094925362333, -0.09008395423552812, -0.5724973590256898, 0.5600175571807062, 0.2884025015931697, -0.009904570754218467], [-0.3999838067420667, -0.1973806419706941, -0.695550301588586, 0.21814962769606633, -0.6443375306944126, -0.10262685985262376, 0.38720128362770695, 0.29513990340861035, -0.1907222536071324, 0.599282107236955, -0.05038812514789162]], "inverted": true, "swapped": false, "error_lsq": 0.03541633054152684, "error_max": 0.16847496404239884, "target": "571.xyz", "model": "26.xyz", "model_rescale": 3.6694154284099745, "target_rescale": 3.704005724869917},
{"mapping": [3, 7, 12, 2, 9, 8, 5, 6, 10, 4, 13], "R": [[-0.27770360558636914, -0.6753722940910388, 0.6831932170466405], [-0.5004595101899237, 0.7087481819747324, 0.4972085007398543], [-0.8200127963055165, -0.20383394938458949, -0.5348184130838136]], "T": [0.012529029939460425, -0.0030127073503184616, -0.011962931188951906], "aligned_model": [[-0.2744119470784678, -0.5700480495328902, 0.464661407696368, 0.6452947982378815, -0.06065269496595732, -0.31956253938543877, -0.5480058391996679, 0.22849531578447557, 0.2891559153621254, 0.22532673783974952, 0.06514032603056726], [-0.5368678636007789, -0.16736101713603102, -0.42273770339625194, -0.1105857427834233, 0.16786379297291096, 0.5424969292724044, -0.0743493030905888, -0.6531597523942049, 0.5162440578801301, 0.5984419732421675, -0.011536500121166589], [-0.5462800357124137, -0.18436392962715564, -0.5111022444428528, 0.21201289500820686, -0.6679424981325466, -0.03413539981831016, 0.5418332861225424, 0.031139446975175886, -0.13742486930726522, 0.5062068988809784, 0.008839852419572095]], "inverted": false, "swapped": false, "error_lsq": 0.04995969483896901, "error_max": 0.29143196705317986, "target": "571.xyz", "model": "27.xyz", "model_rescale": 4.103607728864725, "target_rescale": 3.704005724869917},
{"mapping": [5, 6, 1, 2, 8, 13, 10, 0, 4, 12, 14], "R": [[0.36151393401719634, 0.09261157661897401, -0.9277557714116137], [0.8648590032946172, -0.4050480415685127, 0.29657206281400483], [-0.3483196519458124, -0.9095928649113627, -0.22652646682162275]], "T": [-0.19540251092955094, -0.042449846884273446, 0.026078121032584667], "aligned_model": [[-0.2841453553554557, -0.7331794354453945, 0.4804660073363449, 0.5157112572252577, -0.05687391872470601, -0.15146541058946777, -0.5088758247115642, 0.2698901619727794, 0.45724356544892997, 0.2137054844428802, -0.057083100810858683], [-0.6388082327012611, -0.30908024987208427, -0.3698112288910258, 0.09265009946035863, 0.3466855613200189, 0.6029223670323608, -0.11066680054984282, -0.5826785862083198, 0.4915795725701064, 0.4264139592904249, -0.10075759060556796], [-0.3881944868125702, -0.17633598547362672, -0.46269289249272727, 0.15793379770381424, -0.6822039132094554, -0.011826623680296425, 0.42212888177527697, 0.06278477892190235, -0.30629962382935616, 0.6177630004290938, -0.014273530966124243]], "inverted": false, "swapped": false, "error_lsq": 0.046974149793577384, "error_max": 0.21882319258992547, "target": "571.xyz", "model": "28.xyz", "model_rescale": 4.137296879288765, "target_rescale": 3.704005724869917},
{"mapping": [6, 5, 9, 8, 0, 1, 2, 4, 7, 3, 10], "R": [[0.5892263717290032, -0.3246381821900321, -0.7398799453448013], [0.3809309450405369, 0.9191857071666367, -0.09994623980467365], [0.7125334363870919, -0.22295220654867115, 0.6652731887168464]], "T": [0.04052961460702819, -0.011100890215056294, -0.06678623797206776], "aligned_model": [[-0.18285321927827677, -0.62195625410679, 0.5817637819434844, 0.7190804588042394, -0.1559208199776791, -0.39826945316162543, -0.4933401298620129, 0.040475030824279716, 0.3585914450677504, 0.22269437983362625, 0.07512821070174905], [-0.6148658977051634, -0.12657577261839387, -0.23237021805283897, 0.04948850781193295, 0.1597762045050486, 0.5826353313960858, 0.21129981149879423, -0.720314138493826, 0.6233937245868431, 0.0026189870419051353, -0.08663766912522022], [-0.3857153025190718, -0.0980300008714872, -0.5853416129463367, 0.1661333933640779, -0.7169620508247746, -0.21474448600889592, 0.46012940981597983, 0.24409400949422802, -0.16810494540181434, 0.5908584139795772, -0.07353342571555108]], "inverted": true, "swapped": false, "error_lsq": 0.058901038932734434, "error_max": 0.38183830656048046, "target": "571.xyz", "model": "29.xyz", "model_rescale": 3.607286011436655, "target_rescale": 3.704005724869917},
{"mapping": [9, 11, 0, 6, 1, 13, 10, 8, 2, 5, 14], "R": [[-0.03354843092351034, 0.06276445588858409, 0.9974643481646754], [-0.9090772811884935, -0.4166047007607738, -0.004361207512040499], [0.41527460747017436, -0.9069184893809566, 0.07103417494035169]], "T": [0.034590209290762855, 0.02414519844479866, 0.06371329074047018], "aligned_model": [[-0.15074262032695046, -0.5391939841330063, 0.6624180317837739, 0.5257349196202848, -0.07955695773671996, -0.27722862798701325, -0.45522517183962, -0.06995262497348693, 0.4261880539709098, 0.14397723692259629, -0.04102482451202287], [-0.5715280745300657, -0.024595141397947776, -0.20390656930693554, 0.0677497086049599, 0.07441247334111778, 0.6462217688990816, -0.18573809509208555, -0.6204181847254872, 0.5185856505443707, 0.21924867009172358, -0.07158333558356454], [-0.4110312743017164, -0.04998429765174259, -0.5984655367924571, -0.01386561530039819, -0.6590520129297414, -0.1636284686487739, 0.5487955456253415, 0.2605833345893421, -0.4386006655266127, 0.7920472410136387, -0.048014847710949535]], "inverted": true, "swapped": false, "error_lsq": 0.050584549374171894, "error_max": 0.23224959955361402, "target": "571.xyz", "model": "30.xyz", "model_rescale": 3.964800864290218, "target_rescale": 3.704005724869917},
