[{"mapping": [8, 7, 0, 6, 1, 9, 10, 11, 2, 4, 5, 12], "R": [[-0.8849108211499279, -0.4488157463844888, 0.12448800909764277], [0.2715101371393735, -0.7142507341416815, -0.6450799440446338], [0.37843768845388415, -0.5370384665695778, 0.753906228507417]], "T": [0.11574592423539527, -0.058363606764276814, 0.007840374107004042], "aligned_model": [[-0.33133373517089576, 0.09481363817072098, 0.3861967801026582, -0.32348532737813573, 0.11887849238315447, -0.46557604524920343, 0.5108865541839803, -0.3832441061288983, 0.5771923979859259, 0.16322163551554483, -0.5475374512222315, 0.0376296292679285], [-0.2072926526093763, -0.752374096640161, -0.3087341482423526, 0.4739957226487674, 0.4167604062222144, -0.5587027431003702, -0.20247403498923056, -0.4985545611967434, 0.16775307302859085, 0.5123697266772361, 0.12594191935773075, -0.11513357517924827], [-0.5898489593596118, -0.06911727277215003, -0.6109509914147294, -0.10911509693908121, -0.5226892234250026, 0.042930956100681664, 0.5326053368867989, 0.6501384125122314, 0.017683129368120117, 0.3784966635120953, 0.4447586924827457, 0.017060098401464406]], "inverted": false, "swapped": true, "error_lsq": 0.04758284479717923, "error_max": 0.29210257561277325, "target": "572.xyz", "model": "0.xyz", "model_rescale": 3.751011558992144, "target_rescale": 4.065452988393169},
{"mapping": [10, 11, 6, 4, 7, 3, 12, 5, 9, 13, 1, 2, 14], "R": [[-0.2741816756630545, -0.8436606153552023, 0.4615855011036214], [0.6514757149429712, -0.5160103295205791, -0.556158909546191], [0.7073922543894189, 0.1482231625844796, 0.6911049793651547]], "T": [-0.0053562985636516555, 0.042889004921871476, 0.11412366322794323], "aligned_model": [[-0.6385666508485878, -0.07000186520616508, -0.3073294945138403, -0.7688343084528356, 0.23023093000729, 0.7398342013983827, 0.5363387995615029, -0.0003906139545532747, 0.0475775655675835, 0.5370783426375305, -0.22120236888862552, 0.43190302586363183, 0.020237025277106267], [0.3893490876711599, -0.04341248967465977, -0.5053678050428938, -0.03029422540166135, -0.5450563280555174, -0.07732345815468308, -0.05529600745707364, 0.6447073089059843, 0.5659017735275238, 0.5250873165335372, -0.5651749272172815, 0.34466952287862107, 0.05541562044654144], [-0.27505985254501963, -0.6765115191858861, -0.30054777842801284, 0.3073062533463906, -0.0820802280729544, 0.23093963816363616, -0.3847763549004758, 0.28108508979608615, -0.2831737961622225, 0.08670748908962697, 0.37747566681358946, 0.7477409800456418, 0.06730616519946375]], "inverted": true, "swapped": false, "error_lsq": 0.051576598607121826, "error_max": 0.2651680108056907, "target": "572.xyz", "model": "1.xyz", "model_rescale": 3.9405287249114394, "target_rescale": 4.065452988393169},
{"mapping": [9, 10, 11, 5, 6, 7, 3, 2, 8, 4, 0, 1, 12], "R": [[0.9899060930264112, 0.1409685321931591, 0.014621898662385252], [0.0848214376429896, -0.5066380061798479, -0.8579762551552842], [-0.1135396437609491, 0.8505561731158121, -0.5134812028392298]], "T": [0.08541825784146459, 0.04375656999435142, 0.0428895635106896], "aligned_model": [[-0.47456795135778196, -0.037765110927932624, -0.3925383403766225, -0.6073316851477999, 0.1892654345702328, 0.8324906715554553, 0.46615521619077127, -0.2924573613761573, 0.02080148218344058, 0.5487045541937587, -0.16904903172623506, 0.3931445876259406, 0.06002212304134962], [0.30909812434370626, 0.08470959061555308, -0.4011653126018161, -0.02299466746686705, -0.48899270956354457, -0.2218150081277019, -0.005360217239358568, 0.36517154094244275, 0.6428611366569186, 0.5699179896228266, -0.4583085545547776, 0.21803851611678862, 0.11204496021542751], [-0.47324066437001255, -0.7905585914893638, -0.24209516878923384, 0.25197822691097094, 0.07026952708682677, 0.059149905372270946, -0.3806981940173676, 0.5098714265128275, -0.4445405962223544, 0.028203175611260768, 0.6642646495315369, 0.7515196797006651, 0.09228837732183684]], "inverted": false, "swapped": false, "error_lsq": 0.05515808549133216, "error_max": 0.29546133848721895, "target": "572.xyz", "model": "2.xyz", "model_rescale": 3.932901565614263, "target_rescale": 4.065452988393169},
{"mapping": [5, 4, 6, 12, 1, 3, 0, 9, 7, 8, 10, 11, 13], "R": [[-0.2339654081279507, 0.8665336066344158, -0.4408851283187869], [-0.7624746506829687, 0.11782377558581231, 0.6361996266680677], [0.6032351074543043, 0.4850124395104273, 0.6331432212815186]], "T": [0.1338631222554159, 0.03353788402795338, -0.014890206085393156], "aligned_model": [[-0.5186101419352624, -0.0816084512535577, -0.42909359976758493, -0.5560199118859144, 0.3873532411017094, 0.6348032683978979, 0.5230011968122124, -0.23831302806191373, 0.11880144967814256, 0.44228971354224966, -0.17454748724994357, 0.4058283317147267, 0.022990007355657954], [0.2490204690244986, -0.009553612897188757, -0.34030244327665254, 0.04730995187643211, -0.6621787574819062, 0.13093259235545843, -0.20501970152240143, 0.6368038954524777, 0.6385762451111372, 0.5830745962041355, -0.3761847398120786, -0.010909385940894772, 0.021636279866580177], [-0.2261852148627768, -0.8604323566846951, -0.11496717392345893, 0.3122206917927791, 0.007239757441164394, 0.001194533693912465, -0.505412546503871, 0.17836602792469844, -0.39363058548016017, 0.3614994394811196, 0.4852654774366524, 0.8346791338766243, 0.016574568967874452]], "inverted": false, "swapped": false, "error_lsq": 0.05347016368991521, "error_max": 0.38801013090823805, "target": "572.xyz", "model": "3.xyz", "model_rescale": 3.9243930471874484, "target_rescale": 4.065452988393169},
{"mapping": [7, 0, 3, 4, 6, 11, 5, 8, 1, 9, 10, 11, 12], "R": [[0.9616324197428713, 0.13645244199952772, -0.23799962262960805], [0.24453231354370525, -0.8196050663420348, 0.5181230383407321], [-0.12436654265691133, -0.5564425094282736, -0.8215258345108403]], "T": [-0.028344999860043192, 0.06473816702023837, 0.03925498239269562], "aligned_model": [[-0.5972836225981989, -0.09278659727510818, -0.3036097654016898, -0.6191092264279638, 0.344291804531317, 0.6498745153558051, 0.47443266029538184, -0.2821087636464516, 0.08385572412857781, 0.343858947429456, -0.14068401326600258, 0.6498745153558051, 0.026268409967491267], [0.543065027345924, -0.09785899420935125, -0.5149646767109125, 0.03315532040057732, -0.550168799899949, -0.016151780213899028, -0.08180502465277383, 0.4617778577627795, 0.5447752130555922, 0.5978985906766554, -0.2524656629976405, -0.016151780213899028, 0.05210009861649423], [-0.2614625215207931, -0.7930501281546717, -0.16354366697655698, 0.08791114178780153, -0.02818201622617242, 0.4387661674731086, -0.507885600271217, 0.4567472638545814, -0.47759676806633644, 0.3129182353981005, 0.6588430679849516, 0.4387661674731086, -0.06581958959604088]], "inverted": true, "swapped": false, "error_lsq": 0.05231632103338734, "error_max": 0.35015854393870727, "target": "572.xyz", "model": "4.xyz", "model_rescale": 3.8936222436046832, "target_rescale": 4.065452988393169},
{"mapping": [3, 7, 0, 2, 8, 9, 11, 5, 4, 10, 6, 12], "R": [[-0.03915000018944771, -0.9971909946607418, -0.06385450377762628], [0.5642537438895838, 0.030677601743980612, -0.8250312704727174], [0.8246726562653539, -0.06833011721604437, 0.5614677239962127]], "T": [-0.011695890156194613, -0.0031069427741240614, -0.10696981709511569], "aligned_model": [[0.13687462641599213, -0.5735063783526172, -0.361835852565206, 0.37975743659087824, -0.6168011912806598, -0.6424599692925481, -0.2717852790770113, 0.017121261773402237, 0.6099260829265806, 0.3166436818804706, 0.12016825404087404, -0.08655463084505899], [-0.5128095619761224, -0.41799108507386296, -0.07282164437558959, -0.14141483397464974, 0.42736542965075636, 0.007978525320223622, -0.2608368120933582, 0.34196015624764814, 0.18883437988046098, -0.565039357144242, 0.6702861539301099, 0.003411554718433338], [-0.7240821498250541, -0.09111661894640724, -0.7324885575245661, -0.4099445702657267, -0.2738042650395073, 0.3306597310024194, 0.7422855750795905, 0.6312098690093071, 0.09826472477504325, 0.06246242964550125, 0.03145964147842603, -0.04562109011350768]], "inverted": false, "swapped": true, "error_lsq": 0.040716369215033195, "error_max": 0.23910294566167462, "target": "572.xyz", "model": "5.xyz", "model_rescale": 3.6523030999806103, "target_rescale": 4.065452988393169},
{"mapping": [7, 3, 4, 11, 2, 6, 1, 9, 5, 8, 10, 6, 12], "R": [[0.7057989460587615, -0.26680509605600955, -0.6562491054933983], [0.5954712747785074, 0.7252543064801029, 0.3455722093075838], [0.38374706338420506, -0.6346819925368993, 0.6707584958041086]], "T": [0.05044763463115903, 0.09561785581112436, -0.030849061060169006], "aligned_model": [[-0.4805929419572191, -0.2104714793525599, -0.21803199250205824, -0.8154686862108507, 0.31183983231941464, 0.5528725605510787, 0.5983723865340014, -0.3033072009696965, 0.21582401066634893, 0.37708377449694613, -0.06415403013249774, 0.5528725605510787, 0.02003579445443335], [0.3898445592784109, -0.11717728482600517, -0.41105287704266713, -0.027136160194321107, -0.6070394673227186, -0.027522974432410557, -0.06797682728838458, 0.45801763790100036, 0.6505626595577464, 0.6149369275297553, -0.25846289934332545, -0.027522974432410557, 0.13373506957492737], [-0.3442890276895705, -0.6385333105081493, -0.012544411084605675, 0.06758558728558021, -0.1498383019317882, 0.36288942043917066, -0.42504458603124556, 0.48508387005671944, -0.38944416564308854, 0.24721502606610524, 0.6548376887969696, 0.36288942043917066, -0.12439545703540483]], "inverted": true, "swapped": false, "error_lsq": 0.05368244606188956, "error_max": 0.4083399051050336, "target": "572.xyz", "model": "6.xyz", "model_rescale": 4.08911054899281, "target_rescale": 4.065452988393169},
{"mapping": [3, 4, 6, 0, 7, 12, 5, 9, 8, 11, 2, 13, 14], "R": [[0.16619399402925814, 0.7500601830187098, 0.6401478565132767], [-0.6507604971156059, -0.4043136442918532, 0.6426828552507764], [0.7408713327848856, -0.5233929679403235, 0.42091503818249004]], "T": [0.1230912369371503, 0.1021722266732399, 0.02060617039710419], "aligned_model": [[-0.5828305054730737, -0.012973518680937768, -0.2344555798309405, -0.7848318515753191, 0.27405724040836854, 0.8257523033363127, 0.5517509159982202, -0.29726102885676575, 0.004968850278894932, 0.42622433840253643, -0.19680808257451948, 0.4966241546119593, 0.06665735240368365], [0.19306306290054764, 0.05397442244332386, -0.2329323375241651, -0.031298926899185106, -0.6570840897152084, 0.05703417637001419, -0.21878796734002914, 0.7388391484038489, 0.628927622282146, 0.5210272016436615, -0.450506188741725, -0.1377916881979555, 0.2387409533343231], [-0.3256087711467114, -0.6693306699355885, -0.07430521630938104, 0.22680340513586997, 0.015307457570058053, 0.13120409168323255, -0.5213686103718476, 0.20092952252816332, -0.39619693450021587, 0.29845846154414535, 0.5128972812264881, 0.6026585746741225, 0.09496316106152802]], "inverted": false, "swapped": false, "error_lsq": 0.05106103477316852, "error_max": 0.3536782977361648, "target": "572.xyz", "model": "7.xyz", "model_rescale": 3.964800864290218, "target_rescale": 4.065452988393169},
{"mapping": [5, 1, 0, 3, 2, 12, 7, 10, 8, 9, 6, 11, 13], "R": [[-0.8615198412464751, -0.3932515626306031, -0.3211491423423664], [0.1298194747343685, 0.44088508966941653, -0.8881256902527273], [0.4908466839231384, -0.8068293166437246, -0.3287795411607591]], "T": [0.034874055087146597, -0.046117768227868436, 0.03768760972792527], "aligned_model": [[-0.46835781152408784, -0.07075375697320643, -0.4162271161163407, -0.6675205995344351, 0.24337766733608351, 0.7773787710834077, 0.5002354803035073, -0.2258360112582799, 0.20533603412038415, 0.3865401967607276, -0.13652331591711275, 0.3692693933440658, 0.03995565682370625], [0.5746653101610318, -0.15483026477428385, -0.5752587606284155, -0.13868631325056707, -0.6449249132388586, 0.08870099538154687, -0.07951920652634498, 0.6626484402629895, 0.5875543493929354, 0.5238769513689027, -0.29015062260563795, 0.1201767304704537, 0.02895269294584539], [-0.20819199695256785, -0.6972574559650034, -0.13458228323932958, 0.19272150709819874, -0.15353209249186112, 0.07211993452178558, -0.5000634970137563, 0.36143864990368846, -0.362886905763661, 0.19672745134262692, 0.5352584392342432, 0.7777276234760971, 0.016932379009402573]], "inverted": true, "swapped": false, "error_lsq": 0.0398273592627859, "error_max": 0.22103157683374722, "target": "572.xyz", "model": "8.xyz", "model_rescale": 4.121658175737393, "target_rescale": 4.065452988393169},
{"mapping": [4, 9, 6, 1, 8, 11, 7, 0, 5, 10, 2, 3, 12], "R": [[-0.43662643880283636, -0.656151159138057, -0.6154859943980344], [0.885622414772573, -0.4338014493611826, -0.16579879669205658], [-0.15820964379818805, -0.6174803307749338, 0.770511355993751]], "T": [0.09686171682692457, 0.03282366276962752, -0.010572260899218403], "aligned_model": [[-0.6509420276014455, -0.1739328357029758, -0.2601101933475813, -0.5526364467054798, 0.26076260302585424, 0.7059345655079983, 0.5369948752554621, -0.31613806081583934, 0.1460694273905422, 0.5235490989601151, -0.10509843823326609, 0.4100273130114924, 0.012394707703542951], [0.4085884185871776, -0.0241704305943473, -0.48689772316698426, -0.019530096445054032, -0.6753305340560891, -0.08824779339708977, -0.08960101756601355, 0.5879696932037107, 0.5885917590348678, 0.6106482528193976, -0.25672094820037755, 0.1199698407204105, 0.027935968019989193], [-0.30674505813591696, -0.7958185921079013, -0.2980488450595024, 0.21380005285106551, 0.036411467652580846, 0.12135211916260537, -0.5070658769806753, 0.36368475197106237, -0.2759367850364404, 0.2354713361674494, 0.5875267818062335, 0.7084665728955611, 0.013313827973741638]], "inverted": true, "swapped": false, "error_lsq": 0.044365714262702534, "error_max": 0.3082996033861513, "target": "572.xyz", "model": "9.xyz", "model_rescale": 3.833441315466971, "target_rescale": 4.065452988393169},
{"mapping": [12, 10, 0, 1, 13, 9, 8, 6, 11, 7, 5, 3, 14], "R": [[-0.23549664646984053, 0.7281419544326221, 0.6437007252570874], [0.4364551117918377, 0.6710185902498037, -0.5993671553646734], [-0.8683595251347414, 0.13979751691002068, -0.4758239058449661]], "T": [-0.004555842850795307, 0.0893180877281223, 0.062412023992215196], "aligned_model": [[-0.44509850618493696, -0.012157468190251104, -0.41847858080931943, -0.7222871762735908, 0.06729672318403362, 0.8033550931001865, 0.5704342572493434, -0.42225610352576104, 0.1779809267102359, 0.427170944581449, -0.15615913836172624, 0.5832245796351879, 0.08384903733356897], [0.4205759982560642, -0.0814506463180959, -0.39248126510265424, -0.05702938306866409, -0.7031243811857886, 0.02358343179496783, -0.010964107337107482, 0.4683458455925976, 0.5573447724733942, 0.5955238067672718, -0.4287440086394164, 0.2190481829890082, 0.09257714273802066], [-0.18091988062757747, -0.7416616034103509, -0.18327133384146121, 0.15755971828033083, 0.01182859162063006, 0.09189084881399175, -0.45420120514199086, 0.44068972495436526, -0.39907300411611196, 0.09821325033025378, 0.4699206822615911, 0.6885159507275717, 0.09692001330862102]], "inverted": false, "swapped": false, "error_lsq": 0.03888091171439234, "error_max": 0.24248799129116683, "target": "572.xyz", "model": "10.xyz", "model_rescale": 4.2482417240324, "target_rescale": 4.065452988393169},
{"mapping": [0, 7, 10, 11, 1, 4, 2, 5, 9, 6, 8, 12], "R": [[-0.6392702262065197, 0.3352794665268368, -0.6920413695808546], [-0.3719549326483933, 0.6528447192844742, 0.6598812776408387], [0.6730401963957239, 0.6792506546392547, -0.29263533998433877]], "T": [-0.0604046462960295, 0.06062657072205863, 0.08478939860098089], "aligned_model": [[-0.7250073195256721, -0.1029765797376442, 0.3096070003152007, 0.7246374708864982, -0.5779645234833296, 0.2547158763449216, -0.21051074247791718, 0.5640351852976342, 0.1807064696953825, -0.044010838162926516, -0.4723630790408624, -0.02410331774827834], [-0.2161828380411105, -0.6255511346858577, -0.13242321996067496, -0.32137501564309284, 0.5352844441595765, 0.6194565323626144, 0.23050799166744979, 0.3194169207658905, -0.3676423594369614, 0.6419100843666589, -0.030709948127328128, 0.013439932623475266], [0.1050789397443642, -0.039141982231333486, 0.6121463543814298, -0.22031641774870725, -0.03372630190617096, 0.31670467649719225, 0.5460560715300886, -0.37118585455792363, -0.5050893903934021, -0.30488976434539716, -0.5486460850166018, 0.008202043900818148]], "inverted": true, "swapped": true, "error_lsq": 0.045841612352838956, "error_max": 0.2854142407986946, "target": "572.xyz", "model": "11.xyz", "model_rescale": 3.6694154284099745, "target_rescale": 4.065452988393169},
{"mapping": [3, 8, 2, 1, 10, 7, 9, 0, 11, 6, 12, 5, 13], "R": [[0.24670618490395177, 0.4890168240068632, -0.8366591923647154], [-0.7062486530903841, 0.6819046088456258, 0.19031275428386996], [0.663587897974455, 0.543938094155332, 0.5135975578101103]], "T": [0.06957105375782827, 0.0990369910065818, 0.04297764227963415], "aligned_model": [[-0.6438818331801814, -0.1061065132830207, -0.37743517926385006, -0.7578620498405412, 0.2664812803764113, 0.7752203982977619, 0.5635820881374263, -0.23026635718764463, 0.309096114484138, 0.3380764055193074, -0.06212683204759134, 0.47737540935166933, -0.015278342915465606], [0.2364151236816463, -0.04261000355457796, -0.32930872598567246, 0.021071167924372483, -0.4966953800760232, -0.11529187658592309, -0.10333362508243484, 0.46498596486647914, 0.5522152321664183, 0.5715864559031587, -0.3829773106361384, 0.17240856455855025, 0.154739801779742], [-0.4189326600365764, -0.679290571531197, -0.16443245334369258, 0.20344347541007227, -0.05631028249351289, 0.13401311633464538, -0.5567602159092918, 0.5786237380871759, -0.48832817919271615, 0.19936406354143407, 0.5035060129070608, 0.730642540489425, 0.1108731688970368]], "inverted": true, "swapped": false, "error_lsq": 0.04105682868568946, "error_max": 0.23619204879219385, "target": "572.xyz", "model": "12.xyz", "model_rescale": 3.9764082729961374, "target_rescale": 4.065452988393169},
{"mapping": [14, 11, 13, 6, 12, 2, 8, 4, 3, 7, 9, 0, 15], "R": [[-0.8073459314140101, -0.4109590014965574, -0.4234445018159963], [-0.3625932483610278, 0.9116500104330023, -0.19344351816616961], [0.4655305395699006, -0.002637719935789984, -0.8850278860924654]], "T": [0.02576037734534218, -0.07378324520920142, 0.06407962805403844], "aligned_model": [[-0.504135678602088, -0.024694985140605218, -0.43605161790590763, -0.7149607535290804, -0.03096823581269178, 0.8096375799489836, 0.506022209312906, -0.1666911150464871, 0.11782650013630877, 0.39183851644671963, 0.19860376963124898, 0.39212951328706214, -0.0016811142779493068], [0.2253454772709481, -0.05359569402294122, -0.35935355511983, 0.09548003345431728, -0.7092696591725092, 0.04911605756174846, 0.07390343635128103, 0.4463738652466944, 0.5860243461110449, 0.5605523097961803, -0.3765632306014419, 0.13499114476244328, 0.030200857321662125], [-0.4541290334461541, -0.7281270482135405, -0.21816109424964708, 0.14370973838564738, 0.051733897395634276, 0.1458830908341911, -0.43310248495221304, 0.5204377388590933, -0.45033384259386855, 0.25019491128214216, 0.5539250819541405, 0.655091340140649, 0.05928945776378904]], "inverted": false, "swapped": false, "error_lsq": 0.05663752442351763, "error_max": 0.38967048785712266, "target": "572.xyz", "model": "13.xyz", "model_rescale": 4.170626492500431, "target_rescale": 4.065452988393169},
{"mapping": [1, 7, 10, 9, 12, 4, 8, 3, 0, 2, 11, 6, 13], "R": [[0.24465241294969683, 0.760203755498134, -0.6018599895028949], [-0.2791955303266852, -0.5392012494596623, -0.7945513629884102], [-0.9285445884196906, 0.3624255271192589, 0.08032860392684149]], "T": [0.09301397889884658, 0.08307957368452763, 0.029530844090518968], "aligned_model": [[-0.5074023518829969, -0.15766781915547498, -0.16276586298322868, -0.6910911882024545, 0.36430984358967466, 0.7904554589884192, 0.4016693908267879, -0.23199824170094271, 0.11488044243098489, 0.45437992269498584, -0.246571563477567, 0.32217260199270414, 0.08650395532752783], [0.47613696811676703, 0.04560533938664367, -0.36755056961042076, -0.11719986515845997, -0.5966908174116455, -0.0028195066939720598, -0.28091179332630084, 0.4828119759462431, 0.5220618936121103, 0.6195277020645907, -0.23696071965558502, 0.12243284664464499, 0.036761935044981695], [-0.24582453411726785, -0.740653627823092, -0.193712188086488, 0.06659392229049198, 0.03364063444824054, -0.06669732451730119, -0.5395020321425726, 0.4878480568076017, -0.3737987817634193, 0.1502380413001197, 0.560488018614828, 0.837879105917772, 0.11991246223095019]], "inverted": false, "swapped": false, "error_lsq": 0.045378934480332006, "error_max": 0.2853657015487474, "target": "572.xyz", "model": "14.xyz", "model_rescale": 3.9786697098870705, "target_rescale": 4.065452988393169},
{"mapping": [7, 9, 10, 3, 11, 4, 8, 6, 2, 0, 5, 12], "R": [[0.6274626069724918, 0.7775181474823353, -0.0419071257296606], [-0.772561962324087, 0.6149417210181449, -0.15809710345606656], [-0.09715292698236272, 0.13157587197841206, 0.9865338811677378]], "T": [0.11862876373878983, -0.009815014762171503, 0.04100971978128423], "aligned_model": [[-0.16511821615321542, -0.5817079494420253, 0.5374872162162332, 0.7193316550138419, -0.3567599295227192, 0.4445631222347643, -0.46779486166599704, -0.11502287899185942, 0.6213024595490056, 0.14396942824551345, -0.3261142202037953, 0.02921877148758989], [-0.4384021543560584, -0.03193154652459486, 0.14732672250312154, -0.5446726029802537, 0.41945589704070185, 0.5589088706573191, -0.3611928251699856, 0.3650344852776288, -0.05785694458332873, -0.710716014099115, 0.6724424018535817, -0.003721799394577373], [-0.43207792035289916, -0.2729093457332996, -0.46113196372853005, -0.08461267616234994, -0.6261019436644779, 0.22994489925706021, 0.375574493496421, 0.5840602629021686, 0.13676779708047196, 0.20480064558135103, 0.0017735660897841427, 0.0038786791081295013]], "inverted": true, "swapped": true, "error_lsq": 0.05373936107489959, "error_max": 0.39004097509336433, "target": "572.xyz", "model": "15.xyz", "model_rescale": 3.769337070930944, "target_rescale": 4.065452988393169},
{"mapping": [10, 11, 0, 7, 2, 4, 1, 5, 8, 9, 12], "R": [[0.21033423992907668, -0.5383695102615802, -0.8160378532483431], [-0.7395206987259997, 0.45833313405449977, -0.4929907447240663], [0.6394283725870061, 0.7071697170046853, -0.30173224501575313]], "T": [0.06140286867444638, 0.09519038067353491, -0.11922535226643836], "aligned_model": [[-0.22566376908398667, -0.5000488098499297, -0.0409042998262435, -0.5904986891309488, 0.256602701766826, 0.5203484111934613, 0.6519730762478283, 0.16269003509934415, 0.08516206001852072, -0.40480879720454627, 0.007774211460845164], [-0.19254459471108076, -0.5821592580431859, 0.808028561331554, 0.3020005091936625, 0.21757272676788816, -0.33907954555699943, 0.4728066853363831, -0.5926589730840545, 0.48984751189360465, -0.05633559820376641, 0.06858647270133653], [-0.6550271146255285, 0.1658630138918742, -0.10796484636535232, 0.0231302930140425, -0.5786576839254421, -0.37643185706758353, 0.006659718081750268, 0.30670322919146387, 0.53113906211581, 0.471699679208169, -0.042895886295426525]], "inverted": false, "swapped": true, "error_lsq": 0.05202121552246964, "error_max": 0.3222517332461905, "target": "572.xyz", "model": "16.xyz", "model_rescale": 3.7852294659196426, "target_rescale": 4.065452988393169},
{"mapping": [8, 3, 0, 9, 4, 5, 1, 11, 2, 7, 10, 6, 12], "R": [[-0.8035819768287739, -0.14669182740665887, 0.5768340439745689], [0.5908208672676041, -0.07932798828024246, 0.8028933759077639], [-0.07201881224455192, 0.9859962363252228, 0.15041513432955889]], "T": [0.037884030817395116, 0.06016455125940825, -0.06087110490745255], "aligned_model": [[-0.5527297357847868, -0.058538333924327286, -0.33306373698647984, -0.7467593375142765, 0.292309147060139, 0.6322662221040161, 0.5869636507333681, -0.20941986143500066, 0.16242600765271564, 0.49066169673936366, -0.1040579058127834, 0.39427746550303877, -0.017460689886567182], [0.29660812102322337, -0.03093966527677911, -0.47134660723764543, -0.0660617626088961, -0.6008464602918456, -0.1682256730507288, 0.05983580256384601, 0.6474557323393871, 0.5786309906897138, 0.5223642936653542, -0.2863100749487001, 0.16377710276986215, 0.058263589322805884], [-0.20042657154991927, -0.8450255032688324, -0.2745081749425094, 0.27922224658914796, -0.04996294638052948, 0.10270373020254435, -0.4765219405427189, 0.30225687244457167, -0.3604856376335548, 0.20892657584342583, 0.6526153317532355, 0.745132241726076, 0.01248552891892607]], "inverted": false, "swapped": false, "error_lsq": 0.043881572168824254, "error_max": 0.22860838486110713, "target": "572.xyz", "model": "17.xyz", "model_rescale": 3.901054581598922, "target_rescale": 4.065452988393169},
{"mapping": [10, 11, 6, 4, 7, 3, 12, 5, 9, 13, 1, 2, 14], "R": [[-0.2741816756630545, -0.8436606153552023, 0.4615855011036214], [0.6514757149429712, -0.5160103295205791, -0.556158909546191], [0.7073922543894189, 0.1482231625844796, 0.6911049793651547]], "T": [-0.0053562985636516555, 0.042889004921871476, 0.11412366322794323], "aligned_model": [[-0.6385666508485878, -0.07000186520616508, -0.3073294945138403, -0.7688343084528356, 0.23023093000729, 0.7398342013983827, 0.5363387995615029, -0.0003906139545532747, 0.0475775655675835, 0.5370783426375305, -0.22120236888862552, 0.43190302586363183, 0.020237025277106267], [0.3893490876711599, -0.04341248967465977, -0.5053678050428938, -0.03029422540166135, -0.5450563280555174, -0.07732345815468308, -0.05529600745707364, 0.6447073089059843, 0.5659017735275238, 0.5250873165335372, -0.5651749272172815, 0.34466952287862107, 0.05541562044654144], [-0.27505985254501963, -0.6765115191858861, -0.30054777842801284, 0.3073062533463906, -0.0820802280729544, 0.23093963816363616, -0.3847763549004758, 0.28108508979608615, -0.2831737961622225, 0.08670748908962697, 0.37747566681358946, 0.7477409800456418, 0.06730616519946375]], "inverted": true, "swapped": false, "error_lsq": 0.051576598607121826, "error_max": 0.2651680108056907, "target": "572.xyz", "model": "18.xyz", "model_rescale": 3.9405287249114394, "target_rescale": 4.065452988393169},
{"mapping": [7, 13, 12, 4, 14, 10, 11, 8, 9, 5, 1, 2, 15], "R": [[-0.9953233331650726, -0.010676603577037105, -0.09600766945004377], [-0.06448719329974381, -0.666544991095962, 0.7426703015101692], [-0.07192262757638618, 0.7453883450798939, 0.6627392780434593]], "T": [-0.06605857303552778, -0.03447132808102278, 0.05648231630404703], "aligned_model": [[-0.4490620529368383, -0.03303865930517072, -0.3120677276400751, -0.7954041273163626, 0.31218450030499456, 0.6780899288645639, 0.5105655755297328, -0.27435306153118744, 0.08995830932093582, 0.3592884145331938, -0.10346426318636996, 0.5846257667740727, -0.030448014963070508], [0.43250622659928645, -0.1254279447077506, -0.5221540032697095, -0.041154172902687566, -0.5845146865876906, -0.2776245137298325, 0.10872874366979778, 0.6355577169429462, 0.5703084284208183, 0.6529586140753578, -0.2643159046828235, 0.1500514367954331, -0.03171455166354799], [-0.3052715319818115, -0.6083232376446436, 0.014242922594446747, 0.004757751038113489, -0.33610327093624787, 0.127359480293663, -0.351208170023221, 0.3392306857468372, -0.3895109857778097, 0.2508599321757225, 0.6739705420464629, 0.6022721313262213, 0.07413550430212949]], "inverted": true, "swapped": false, "error_lsq": 0.04632685291011485, "error_max": 0.2667569311523657, "target": "572.xyz", "model": "19.xyz", "model_rescale": 4.410303926677745, "target_rescale": 4.065452988393169},
{"mapping": [5, 1, 0, 3, 2, 12, 7, 10, 8, 9, 6, 11, 13], "R": [[-0.8615198412464751, -0.3932515626306031, -0.3211491423423664], [0.1298194747343685, 0.44088508966941653, -0.8881256902527273], [0.4908466839231384, -0.8068293166437246, -0.3287795411607591]], "T": [0.034874055087146597, -0.046117768227868436, 0.03768760972792527], "aligned_model": [[-0.46835781152408784, -0.07075375697320643, -0.4162271161163407, -0.6675205995344351, 0.24337766733608351, 0.7773787710834077, 0.5002354803035073, -0.2258360112582799, 0.20533603412038415, 0.3865401967607276, -0.13652331591711275, 0.3692693933440658, 0.03995565682370625], [0.5746653101610318, -0.15483026477428385, -0.5752587606284155, -0.13868631325056707, -0.6449249132388586, 0.08870099538154687, -0.07951920652634498, 0.6626484402629895, 0.5875543493929354, 0.5238769513689027, -0.29015062260563795, 0.1201767304704537, 0.02895269294584539], [-0.20819199695256785, -0.6972574559650034, -0.13458228323932958, 0.19272150709819874, -0.15353209249186112, 0.07211993452178558, -0.5000634970137563, 0.36143864990368846, -0.362886905763661, 0.19672745134262692, 0.5352584392342432, 0.7777276234760971, 0.016932379009402573]], "inverted": true, "swapped": false, "error_lsq": 0.0398273592627859, "error_max": 0.22103157683374722, "target": "572.xyz", "model": "20.xyz", "model_rescale": 4.121658175737393, "target_rescale": 4.065452988393169},
{"mapping": [7, 3, 4, 11, 2, 6, 1, 9, 5, 8, 10, 6, 12], "R": [[0.7057989460587615, -0.26680509605600955, -0.6562491054933983], [0.5954712747785074, 0.7252543064801029, 0.3455722093075838], [0.38374706338420506, -0.6346819925368993, 0.6707584958041086]], "T": [0.05044763463115903, 0.09561785581112436, -0.030849061060169006], "aligned_model": [[-0.4805929419572191, -0.2104714793525599, -0.21803199250205824, -0.8154686862108507, 0.31183983231941464, 0.5528725605510787, 0.5983723865340014, -0.3033072009696965, 0.21582401066634893, 0.37708377449694613, -0.06415403013249774, 0.5528725605510787, 0.02003579445443335], [0.3898445592784109, -0.11717728482600517, -0.41105287704266713, -0.027136160194321107, -0.6070394673227186, -0.027522974432410557, -0.06797682728838458, 0.45801763790100036, 0.6505626595577464, 0.6149369275297553, -0.25846289934332545, -0.027522974432410557, 0.13373506957492737], [-0.3442890276895705, -0.6385333105081493, -0.012544411084605675, 0.06758558728558021, -0.1498383019317882, 0.36288942043917066, -0.42504458603124556, 0.48508387005671944, -0.38944416564308854, 0.24721502606610524, 0.6548376887969696, 0.36288942043917066, -0.12439545703540483]], "inverted": true, "swapped": false, "error_lsq": 0.05368244606188956, "error_max": 0.4083399051050336, "target": "572.xyz", "model": "21.xyz", "model_rescale": 4.08911054899281, "target_rescale": 4.065452988393169},
{"mapping": [12, 7, 4, 3, 0, 8, 6, 9, 10, 5, 2, 11, 16], "R": [[0.8395871028845583, -0.3261554223403487, 0.4344147064130117], [-0.30249930024455046, -0.9449414565966104, -0.12481913698080863], [0.45120690378303363, -0.026613607103609903, -0.8920224469683838]], "T": [0.016472570805796217, 0.027223289470854475, 0.11294294841511776], "aligned_model": [[-0.495256589648689, -0.031655527933974095, -0.3351121905655963, -0.8254938544024977, 0.19112739459466396, 0.7038224729538114, 0.5555925796822333, -0.1015896681826777, 0.17960895117170872, 0.4204516159496381, -0.21830298312647273, 0.4923291487745539, 0.0013532391817177563], [0.4432765642710762, 0.0478268859550597, -0.5666521812192822, -0.1801295698713359, -0.6004857913106038, -0.0038219916637832127, -0.06872701154342506, 0.7245528714052647, 0.6175693926236657, 0.6052823884181678, -0.5001946864344817, 0.1903075020962974, -0.005598983767022132], [-0.21872321642935943, -0.5963210122744443, 0.012981622134657186, 0.16168875684068185, -0.30605156301796854, 0.1986652943726242, -0.3927321293924684, 0.19861892781849483, -0.41242683479318176, 0.13237650591388672, 0.5464917315306597, 0.6898806288058602, 0.08196304165042112]], "inverted": true, "swapped": false, "error_lsq": 0.04355467084689079, "error_max": 0.2770172854293403, "target": "572.xyz", "model": "22.xyz", "model_rescale": 4.204369325754507, "target_rescale": 4.065452988393169},
{"mapping": [7, 13, 12, 4, 14, 10, 11, 8, 9, 5, 1, 2, 15], "R": [[-0.9953233331650726, -0.010676603577037105, -0.09600766945004377], [-0.06448719329974381, -0.666544991095962, 0.7426703015101692], [-0.07192262757638618, 0.7453883450798939, 0.6627392780434593]], "T": [-0.06605857303552778, -0.03447132808102278, 0.05648231630404703], "aligned_model": [[-0.4490620529368383, -0.03303865930517072, -0.3120677276400751, -0.7954041273163626, 0.31218450030499456, 0.6780899288645639, 0.5105655755297328, -0.27435306153118744, 0.08995830932093582, 0.3592884145331938, -0.10346426318636996, 0.5846257667740727, -0.030448014963070508], [0.43250622659928645, -0.1254279447077506, -0.5221540032697095, -0.041154172902687566, -0.5845146865876906, -0.2776245137298325, 0.10872874366979778, 0.6355577169429462, 0.5703084284208183, 0.6529586140753578, -0.2643159046828235, 0.1500514367954331, -0.03171455166354799], [-0.3052715319818115, -0.6083232376446436, 0.014242922594446747, 0.004757751038113489, -0.33610327093624787, 0.127359480293663, -0.351208170023221, 0.3392306857468372, -0.3895109857778097, 0.2508599321757225, 0.6739705420464629, 0.6022721313262213, 0.07413550430212949]], "inverted": true, "swapped": false, "error_lsq": 0.04632685291011485, "error_max": 0.2667569311523657, "target": "572.xyz", "model": "23.xyz", "model_rescale": 4.410303926677745, "target_rescale": 4.065452988393169},
{"mapping": [6, 15, 5, 12, 4, 10, 8, 7, 14, 11, 0, 1, 16], "R": [[-0.6995034930957699, 0.7026786925325662, -0.13014422079961843], [-0.669892790194783, -0.7081712789406308, -0.22301813677062238], [-0.24887449204742756, -0.06881929049557818, 0.9660876732801327]], "T": [0.06552197019516473, 0.10648196865041648, 0.011405179738148016], "aligned_model": [[-0.5652617649250217, -0.007227789484519895, -0.3066776123218927, -0.6983558821815402, 0.2548316568340314, 0.7041398365797664, 0.5863687118385738, -0.12194164145189088, -0.005140471029269025, 0.42398345545637894, -0.2875529912385234, 0.4545403824596469, 0.10516869791267966], [0.24880673967428324, 0.09752853929857999, -0.3392472604181137, -0.04789124642122977, -0.5470770010008896, -0.018711662801204315, -0.32096793790204875, 0.42734566301839805, 0.6418411230789349, 0.6178496708916048, -0.2517291599814715, 0.1606533264394779, 0.0348045950832761], [-0.38828673764401256, -0.6984831913485595, -0.2302453086868385, 0.20847210212872613, -0.09303087114547928, 0.028070162604917508, -0.4594577688596223, 0.5626172810449592, -0.3966969951940872, 0.11499052281164733, 0.5747955151354073, 0.7743373447992682, 0.09932969751353705]], "inverted": true, "swapped": false, "error_lsq": 0.045359479386388325, "error_max": 0.22569795258621375, "target": "572.xyz", "model": "24.xyz", "model_rescale": 4.28219845311461, "target_rescale": 4.065452988393169},
{"mapping": [0, 1, 8, 6, 5, 9, 3, 2, 4, 13, 10, 12, 15], "R": [[0.5900566652634487, -0.7045167661593595, 0.3943212623972198], [0.8036509644940929, 0.4657525893992744, -0.3704317112985681], [0.07731920231024877, 0.5354723631227195, 0.8410059983649805]], "T": [0.1413726971361704, 0.10741850160222595, 0.07461798735864633], "aligned_model": [[-0.5065556854856145, -0.016858694344652647, -0.26212516713260947, -0.7482236010432445, 0.28181905547148434, 0.784729883274909, 0.469145457946138, -0.2682050359956328, 0.1077924254989995, 0.37510278818658693, -0.27505685449952333, 0.5098068619144435, 0.08550315465713598], [0.39687992624883356, -0.16930264986360427, -0.44704514414657553, 0.001441842428339335, -0.7023214467246263, -0.09940852216149863, 0.047027345442790316, 0.6184612438804612, 0.6158821073513207, 0.577210192694565, -0.4012788744615316, 0.12687722269248058, 0.13878214557864296], [-0.32781842584284393, -0.48059875403892605, -0.03357441534276767, 0.17251849265277255, -0.14871297204491937, 0.06091407683814409, -0.6246410993814282, 0.27427123795896646, -0.4497728020447481, 0.3531542838357284, 0.5190482146589745, 0.7441682279162106, 0.0374556879947001]], "inverted": false, "swapped": false, "error_lsq": 0.03727468528434011, "error_max": 0.2589164840818838, "target": "572.xyz", "model": "25.xyz", "model_rescale": 4.100010024507729, "target_rescale": 4.065452988393169},
{"mapping": [0, 7, 10, 11, 1, 4, 2, 5, 9, 6, 8, 12], "R": [[-0.6392702262065197, 0.3352794665268368, -0.6920413695808546], [-0.3719549326483933, 0.6528447192844742, 0.6598812776408387], [0.6730401963957239, 0.6792506546392547, -0.29263533998433877]], "T": [-0.0604046462960295, 0.06062657072205863, 0.08478939860098089], "aligned_model": [[-0.7250073195256721, -0.1029765797376442, 0.3096070003152007, 0.7246374708864982, -0.5779645234833296, 0.2547158763449216, -0.21051074247791718, 0.5640351852976342, 0.1807064696953825, -0.044010838162926516, -0.4723630790408624, -0.02410331774827834], [-0.2161828380411105, -0.6255511346858577, -0.13242321996067496, -0.32137501564309284, 0.5352844441595765, 0.6194565323626144, 0.23050799166744979, 0.3194169207658905, -0.3676423594369614, 0.6419100843666589, -0.030709948127328128, 0.013439932623475266], [0.1050789397443642, -0.039141982231333486, 0.6121463543814298, -0.22031641774870725, -0.03372630190617096, 0.31670467649719225, 0.5460560715300886, -0.37118585455792363, -0.5050893903934021, -0.30488976434539716, -0.5486460850166018, 0.008202043900818148]], "inverted": true, "swapped": true, "error_lsq": 0.045841612352838956, "error_max": 0.2854142407986946, "target": "572.xyz", "model": "26.xyz", "model_rescale": 3.6694154284099745, "target_rescale": 4.065452988393169},
{"mapping": [0, 5, 8, 4, 9, 3, 7, 2, 1, 6, 10, 12, 13], "R": [[-0.9780266319368782, 0.14706982563804624, 0.14776458848114216], [0.19600086084392457, 0.8901761196113758, 0.4113029766754364], [-0.07104625092604908, 0.4312272515280415, -0.8994417645233763]], "T": [0.016772147941490134, -0.013422258899431591, 0.0410435096831152], "aligned_model": [[-0.39923921877693697, -0.16625628940916792, -0.2410729628865692, -0.8017272779858553, 0.3773508181822008, 0.8216191208443765, 0.405067570011157, -0.23955973028368321, 0.224506629314296, 0.3616522801122053, -0.3182973416802499, 0.5191629428908363, -0.006331951884189321], [0.4592792704935972, 0.1404952107294395, -0.5525152805903036, -0.08588241065877622, -0.5355844741372479, -0.027658286690784684, -0.20740997225115776, 0.42885417189330277, 0.6666082574375032, 0.571083870947456, -0.3631771266336139, 0.18484564570590745, 0.024266512714275386], [-0.16000660845586917, -0.7131371738305718, -0.1853451057910737, 0.05944965682327335, 0.2904291127473865, -0.028597757216096566, -0.4147239277087542, 0.4891675697089942, -0.4824558081722595, 0.1440032610897451, 0.3978217174165867, 0.6224436649213314, 0.0773631516271711]], "inverted": true, "swapped": false, "error_lsq": 0.05233895409782858, "error_max": 0.4040609504225199, "target": "572.xyz", "model": "27.xyz", "model_rescale": 4.103607728864725, "target_rescale": 4.065452988393169},
{"mapping": [5, 7, 6, 9, 11, 13, 8, 0, 1, 2, 10, 12, 14], "R": [[-0.9646146041519671, 0.25911327586328053, 0.04877474477784581], [-0.020421433967847846, -0.25785497035186283, 0.9659677941316354], [0.262871889884486, 0.9307905911300565, 0.25402213480781405]], "T": [0.06080686388389645, -0.024432792791517707, 0.1254269902752509], "aligned_model": [[-0.48652742480018807, -0.011902996142539306, -0.36665531497886, -0.7478839592382862, 0.2175398694463973, 0.6772497276237303, 0.5351293570895582, -0.2698956092624544, 0.05176312184943827, 0.43706540771499086, -0.15360451594141566, 0.5929332469324419, 0.06166367815560645], [0.1253219954701133, -0.010186396953481822, -0.4190457402144176, -0.03365024146543069, -0.6300667925492107, -0.22371014673213335, -0.025027785947045675, 0.6079086612505455, 0.73575248312255, 0.581647252923771, -0.29874476233800973, 0.1664703850464172, 0.1265364773459301], [-0.3362429028359096, -0.5919233857781432, -0.1252201126802514, 0.25214761721065615, -0.15865654807945812, 0.13804701025783028, -0.5433762657193129, 0.1471502666511474, -0.3488064850176011, 0.30547474119688706, 0.49765807424149167, 0.7717172550013929, 0.08844248871113403]], "inverted": true, "swapped": false, "error_lsq": 0.04331113044994906, "error_max": 0.27777661889228344, "target": "572.xyz", "model": "28.xyz", "model_rescale": 4.137296879288765, "target_rescale": 4.065452988393169},
