[{"mapping": [6, 3, 4, 1, 0, 10, 7, 11, 5, 2, 8, 12], "R": [[-0.6963688214766595, -0.7171841070016094, 0.026784718395250977], [0.7056004782686864, -0.6909868065232789, -0.15705157839945935], [0.13114278303516927, -0.09046651245109952, 0.9872271170215725]], "T": [-0.12857018265254727, -0.14239740951325747, -0.0659104101289266], "aligned_model": [[-0.2775756211773606, 0.22625334336231323, 0.39222403564519936, -0.10986067676293505, 0.09168081963115357, -0.6524189855558039, 0.4612184032176312, -0.3068172905658587, 0.5643546309646483, 0.07279670393815285, -0.5667952830104546, -0.05741761722613711], [-0.3941812238947157, -0.6157005986474859, -0.23838493787892057, 0.6196687792146629, 0.40345985324787975, -0.6479040481551357, -0.23740039279219977, -0.4296198402447412, 0.1780627062680472, 0.3024851263746577, 0.1635883365523086, -0.05051872406730004], [-0.5120421493228289, -0.023784373462015132, -0.6171570235674982, -0.006402595383711664, -0.7556509367220247, 0.06470220406577915, 0.44977833095060116, 0.6638350407983744, -0.12350066553684155, 0.6690355292175719, 0.3493353614666953, 0.02380302284946055]], "inverted": false, "swapped": true, "error_lsq": 0.03717693898077766, "error_max": 0.2332098039738956, "target": "573.xyz", "model": "0.xyz", "model_rescale": 3.751011558992144, "target_rescale": 3.831370247771905},
{"mapping": [0, 7, 11, 5, 2, 13, 8, 9, 6, 1, 4, 10, 14], "R": [[-0.7764868931901626, 0.583416172418258, 0.23810433524973526], [0.559853456115176, 0.8121527942009283, -0.16423138112893415], [-0.28919234495363405, 0.005780020108435244, -0.9572535604466377]], "T": [0.011688995429534506, -0.16272089170634127, 0.019509632569780916], "aligned_model": [[0.2574094105869188, 0.582575632470113, 0.33951293737564947, -0.6042574120745501, -0.5348326016027256, -0.5249689824035912, -0.27397242201912514, -0.37006831236401205, 0.7015161604019987, 0.5408845917856036, 0.15215000605624335, -0.09041248791400028, 0.009550081658672938], [-0.3324919104227201, -0.47896478529325204, -0.42535407713101214, -0.0777292141107722, -0.29613329895705487, -0.6519814390134878, 0.34305451570291634, -0.35185888854397596, -0.07392700666279468, 0.11828396376608732, 0.6106009221590383, 0.27235140128687874, -0.20452581741751327], [-0.677845224929879, -0.09777323580720515, 0.6979536331529362, 0.07843742582494342, -0.5865047035287853, 0.008350332531232817, -0.3014374720769113, 0.5221802975511025, 0.3023167642250254, -0.33640305536660065, 0.1079293509785767, 0.7070713644146622, 0.05488738938860281]], "inverted": true, "swapped": false, "error_lsq": 0.04333784493326079, "error_max": 0.2850808063046026, "target": "573.xyz", "model": "1.xyz", "model_rescale": 3.9405287249114394, "target_rescale": 3.831370247771905},
{"mapping": [0, 1, 4, 9, 5, 2, 11, 8, 3, 6, 10, 8, 12], "R": [[0.8448936121386383, 0.45464850414642377, 0.2818679156000979], [-0.00684462647787118, -0.517689299690693, 0.8555413140662107], [0.5348905825079584, -0.7247706717736166, -0.4342804831915863]], "T": [0.1522456086140125, -0.1552227332434413, -0.012333221146747834], "aligned_model": [[0.21389020126605102, 0.46429510709800337, 0.35844479863988865, -0.5359546422908443, -0.41713036333185427, -0.2501045995261929, -0.14352586988850227, -0.2173394583393222, 0.45446246277324, 0.4635551413681538, -0.09730341547014523, -0.2173394583393222, 0.10913669799804213], [-0.44706530645707987, -0.8810149852937708, -0.42199244926643964, 0.21070473415640253, -0.26086853738929694, -0.692035553335905, 0.33752759074619554, -0.0054763695259114065, 0.21464513389503712, 0.06536667821874095, 0.5661939036467132, -0.0054763695259114065, -0.22918410450643645], [-0.7958878426841905, -0.06780438228356689, 0.602493205195266, 0.19468999095007922, -0.4513391972038218, -0.13114371611886866, -0.4334396681998973, 0.6522513671098854, 0.3017725134227191, -0.39935050726791066, 0.34651276240206397, 0.6522513671098854, 0.008156973926057819]], "inverted": false, "swapped": false, "error_lsq": 0.06224602846615414, "error_max": 0.4567490323641224, "target": "573.xyz", "model": "2.xyz", "model_rescale": 3.932901565614263, "target_rescale": 3.831370247771905},
{"mapping": [2, 0, 7, 12, 6, 5, 10, 9, 3, 1, 11, 8, 13], "R": [[0.2904141998261277, -0.5971319564209039, 0.7477252297203121], [-0.6731767885235573, -0.6828339138641529, -0.2838500615995569], [0.6800680877180312, -0.4209171803311265, -0.6002800374572139]], "T": [0.10610072738075355, -0.1392660331406395, 0.07345639500564168], "aligned_model": [[0.2805353918897587, 0.6821444737568143, 0.11700795680109968, -0.6451337182864807, -0.3043482281012518, -0.45471763075521304, -0.28030523517633193, -0.4147814514896179, 0.5407959952329833, 0.4580617356626388, 0.05814907322043178, 0.15213779311577452, -0.004459553913410241], [-0.5351663949553999, -0.4086291129236018, -0.6438353687355622, -0.05599481599193665, -0.31072082597371187, -0.5890227444652193, 0.32740251327647335, -0.22924361394288417, 0.005733645262280651, 0.1348568957921502, 0.7350390626870755, 0.16258206361634064, -0.1416769382836669], [-0.6386077204438536, -0.1376536773591719, 0.578464677384072, -0.035366958173498206, -0.44502906249539326, 0.07229215669495188, -0.3087167858777159, 0.5837295866168364, 0.2986243222314056, -0.517939148936533, 0.24952438369298763, 0.7409554890833842, 0.03888560394022959]], "inverted": true, "swapped": false, "error_lsq": 0.05043407413283326, "error_max": 0.2787370244101067, "target": "573.xyz", "model": "3.xyz", "model_rescale": 3.9243930471874484, "target_rescale": 3.831370247771905},
{"mapping": [2, 0, 5, 8, 7, 1, 4, 9, 6, 3, 10, 11, 12], "R": [[-0.027933601237863495, -0.9872542846358442, 0.15668022016212538], [0.4613110559234176, 0.12632053514302777, 0.8781999954930545], [-0.886798637574904, 0.09680960628650015, 0.45190272905344064]], "T": [-0.03678322764504233, -0.03855276105158868, 0.10442687544791918], "aligned_model": [[0.18553772219319048, 0.44704418481040836, 0.4247200202522361, -0.6150970899566117, -0.44499406133763275, -0.2193861475507956, -0.14699727811437924, -0.5498787961600025, 0.6091966661819093, 0.5066565235873683, -0.04164342964131042, 0.00012208883514241292, 0.029806198857672273], [-0.3648461977677582, -0.6535637467285974, -0.5617237463743082, 0.1955170047410834, -0.37270135940498067, -0.7285567233061808, 0.1662023551806232, -0.14745309416072214, 0.09583498097092356, 0.1277167403107588, 0.6631205622436859, 0.1674378562871937, -0.13566026662938402], [-0.7294319127965625, -0.22873205931723095, 0.3992657671694847, 0.020160688182407238, -0.4994169689246475, 0.0777621853626907, -0.44173745412327525, 0.576190637087052, 0.397968058763177, -0.2561019861732358, 0.17340981052053844, 0.8675388885701101, 0.12228721203719277]], "inverted": false, "swapped": false, "error_lsq": 0.048923624468853566, "error_max": 0.3071648362527746, "target": "573.xyz", "model": "4.xyz", "model_rescale": 3.8936222436046832, "target_rescale": 3.831370247771905},
{"mapping": [0, 5, 1, 9, 2, 7, 3, 11, 10, 6, 8, 12], "R": [[-0.2899770834688658, -0.864106255566158, 0.4113802014612809], [-0.6207560337335254, -0.1573383890557703, -0.768053759780367], [0.7284059566246786, -0.478084731424011, -0.4907746447534943]], "T": [0.029420047579014938, -0.10987868881839713, 0.02080379448141017], "aligned_model": [[-0.025136826264599357, -0.6269282217488773, -0.26257415343536844, 0.38135366739342347, -0.6121007186692207, -0.6606687255865549, -0.12964951436371308, -0.05365022203896859, 0.5730668361551553, 0.43514044172762756, 0.10868293848412063, -0.09998745943792771], [-0.6808335399784033, -0.4540158316912364, 0.08844111728114443, -0.10860192376897754, 0.48396319954315437, -0.013413723367385388, -0.3599883898708717, 0.5260315507054856, 0.16723227515667993, -0.4525016506997828, 0.526588437440555, -0.05397861564055488], [-0.6815114871366447, -0.1713750204190379, -0.6574621877934603, -0.49825556874637184, -0.09926928999077428, 0.39132102231596827, 0.5344498382959245, 0.5061023385943361, 0.438741430877815, 0.0721039540732247, -0.19535484523506966, -0.02020546556039201]], "inverted": true, "swapped": true, "error_lsq": 0.04354737107661979, "error_max": 0.32337874354810153, "target": "573.xyz", "model": "5.xyz", "model_rescale": 3.6523030999806103, "target_rescale": 3.831370247771905},
{"mapping": [11, 9, 8, 2, 4, 10, 3, 6, 5, 7, 0, 1, 12], "R": [[-0.3239045167978031, -0.8319782139760533, -0.4504421333170313], [0.34018986403122276, -0.5466855608939176, 0.7651181306965095], [-0.8828118261602526, 0.09458937032943648, 0.46010447793113346]], "T": [0.019628026375746645, -0.18327785243426686, 0.08693361692068403], "aligned_model": [[0.142994057586627, 0.4144093116041326, 0.39134435319576544, -0.7126975081421004, -0.38696617454453774, -0.35398675349256653, -0.04579694745707283, -0.2827840938430552, 0.5365449252683759, 0.4850123857581225, 0.17718940348488363, -0.2543822907494551, 0.074205933288076], [-0.37271770934717535, -0.7610592979142314, -0.45743408649238615, 0.01449809665336027, -0.1968794383400027, -0.8509576523592318, 0.403467767861442, -0.5063316136571636, 0.1520812603770197, 0.044838421213439034, 0.7962038283787196, 0.2824326876147186, -0.09681789862617046], [-0.7636322923991472, -0.09466818172995788, 0.5772074530255626, 0.11514034776202338, -0.31757565932123577, -0.06567281381899324, -0.27924919645367186, 0.5631768730163668, 0.3771657913610765, -0.3582611982294078, 0.14128230498153793, 0.5232900136764451, 0.060959424487102426]], "inverted": false, "swapped": false, "error_lsq": 0.050910775055867455, "error_max": 0.36141175019546407, "target": "573.xyz", "model": "6.xyz", "model_rescale": 4.08911054899281, "target_rescale": 3.831370247771905},
{"mapping": [13, 11, 8, 6, 7, 5, 2, 4, 9, 1, 0, 3, 14], "R": [[0.1282203660700055, 0.5934908583332519, -0.794561601639378], [-0.2696331136652066, 0.7918574414029558, 0.5479596486147226], [0.9543885590995311, 0.14398053191186766, 0.26155703907617567]], "T": [0.033727323913868804, -0.2806442824855136, 0.006092462818324009], "aligned_model": [[0.1695127320234433, 0.5486969986696146, 0.23881129862507705, -0.3130536855083503, -0.5960770532235838, -0.514018771465848, -0.16992642805985664, -0.3917287520699944, 0.6462022784223804, 0.4936552416587143, -0.002460071372547376, -0.11068148311885971, 0.18615429737700606], [-0.343743658707907, -0.5337595979803649, -0.4435062865311511, 0.07423324584489771, -0.2610072190559151, -0.8076929248108411, 0.31072879669326686, -0.4128394747130335, 0.03470893001271225, 0.21772958050753805, 0.6431827581612055, 0.20296235816656655, -0.2296721422246364], [-0.7104794554260936, -0.11747911199182322, 0.6358269340360546, 0.06038645736357966, -0.4436294477173068, 0.05800752038962129, -0.5027715404486456, 0.552316819893873, 0.3802369394241342, -0.27325653399331407, 0.1789804453278039, 0.615782670903026, 0.04524116859679152]], "inverted": true, "swapped": false, "error_lsq": 0.045866780637434976, "error_max": 0.30489276132134013, "target": "573.xyz", "model": "7.xyz", "model_rescale": 3.964800864290218, "target_rescale": 3.831370247771905},
{"mapping": [5, 3, 0, 7, 8, 1, 9, 2, 6, 10, 11, 4, 13], "R": [[-0.9705654590940448, 0.2397624834267923, -0.022729741630371586], [0.15942543524305242, 0.7103501561006856, 0.6855553853083608], [0.18051653722340677, 0.6617526783238198, -0.7276655636486598]], "T": [-0.0022070203773338, -0.11921581354208562, 0.09514709408933611], "aligned_model": [[0.21200158201860775, 0.6266895302322973, 0.22158443820087606, -0.7070390979740059, -0.3951767947931504, -0.4098925676674898, -0.16026332693203946, -0.2851334307130531, 0.45575169679390104, 0.40762771874639575, 0.23747255879200424, 0.001218240895775205, -0.019753945642923078], [-0.44610191747767486, -0.4803304224829205, -0.6760889217569989, -0.21935885413775058, -0.12493181417607137, -0.7457418760772347, 0.3760357918704496, -0.2888188783409474, 0.06291145878857694, 0.14283453434628224, 0.6725067994505965, 0.2886945950147906, -0.11028612965876017], [-0.643994890025874, 0.08821430653867929, 0.48625973379462906, 0.1011702803496769, -0.5656097939864639, 0.028984577002066775, -0.35607433501527286, 0.6694259240138504, 0.40110345244589696, -0.5670455627607695, 0.14864782211175312, 0.668462680123778, 0.019618671765750578]], "inverted": false, "swapped": false, "error_lsq": 0.05188876626903002, "error_max": 0.3176431567931654, "target": "573.xyz", "model": "8.xyz", "model_rescale": 4.121658175737393, "target_rescale": 3.831370247771905},
{"mapping": [4, 5, 10, 2, 1, 0, 6, 3, 7, 9, 8, 11, 12], "R": [[-0.23295041096228458, -0.15539686558036325, 0.9599926667429817], [0.8836188694911475, -0.446088065374044, 0.14220805676904974], [0.4061425851984614, 0.8813950601737233, 0.24122800084084242]], "T": [0.045106353061966524, -0.08442222591300079, 0.07816048795765498], "aligned_model": [[0.12597707594517413, 0.46134047446950394, 0.16786854036631677, -0.6412298202304874, -0.4177384254383497, -0.27587160065666394, 0.002805338921281604, -0.43502313911672347, 0.6122178417174324, 0.6083941513602246, -0.14349927894374243, 0.12974084079010276, -0.009895397226873152], [-0.5047855726333982, -0.5398217331389492, -0.6180542315591424, 0.008214399308188361, -0.20690146192980433, -0.7795732535616973, 0.4166208277092465, -0.28718596315402783, 0.23344368795932807, 0.11351162128960686, 0.6081713791281076, 0.1085668075668373, -0.10088214162195794], [-0.6995814362261319, 0.045322228712754695, 0.6041330713816323, 0.13019474356668068, -0.41752617060122144, -0.10229018427118466, -0.3986503054536692, 0.670652284584669, 0.25859532535413926, -0.5021143309469935, 0.2018348650904632, 0.6770129831490985, 0.011579792017463938]], "inverted": false, "swapped": false, "error_lsq": 0.0415870743260408, "error_max": 0.20665390921684088, "target": "573.xyz", "model": "9.xyz", "model_rescale": 3.833441315466971, "target_rescale": 3.831370247771905},
{"mapping": [1, 5, 3, 11, 12, 6, 10, 7, 2, 0, 8, 9, 14], "R": [[-0.7547641563417099, -0.5238413804056812, 0.39486868257239355], [0.4726835667487772, -0.016909062823625365, 0.8810699911585239], [-0.4548640610418036, 0.8516479858304707, 0.2603735666373629]], "T": [0.01285654245231117, -0.1832373217075465, -0.017247832446853163], "aligned_model": [[0.14842154601639568, 0.6412507374510054, 0.17035841575028837, -0.5893455170158626, -0.40929143176469507, -0.20687911647851193, -0.14786574645016015, -0.4157232829239709, 0.5732359577760462, 0.33718625614536835, -0.06978673677393497, 0.12558980112057894, 0.027935719104648128], [-0.5319801938642369, -0.41696690917440404, -0.48671698631311755, 0.12579131801014617, -0.2865102238007288, -0.8095073703841688, 0.5393139717631028, -0.1901775372208865, -0.0236928675713943, -0.001897120599436558, 0.5350393855601383, 0.17245538121325107, -0.17382648225592684], [-0.6541226018029623, -0.10627826040003366, 0.7811349722440736, 0.06755228813144268, -0.4345556958624646, -0.16123267321050302, -0.37479799350640663, 0.4928356347140422, 0.4036687067428786, -0.5879920220638096, 0.27397033761155104, 0.7029493905494909, 0.0760307832104023]], "inverted": false, "swapped": false, "error_lsq": 0.045593465990572485, "error_max": 0.24479587512932371, "target": "573.xyz", "model": "10.xyz", "model_rescale": 4.2482417240324, "target_rescale": 3.831370247771905},
{"mapping": [2, 1, 9, 0, 11, 10, 8, 6, 5, 3, 7, 12], "R": [[-0.06629543830106525, 0.2608862060769327, -0.9630904954048992], [-0.4371057367706809, 0.8600771265025955, 0.26307016430830577], [0.8969634829482359, 0.43841273241755085, 0.057015667246355026]], "T": [0.10140872405902025, 0.15132104164467966, -0.045188030267360846], "aligned_model": [[-0.6883985727318838, -0.017970623162401375, 0.4680043277813306, 0.7013871707790597, -0.5645038929252574, 0.09866202134732253, -0.2569375561890516, 0.5839214325908917, 0.01820270512706515, 0.03670696410877569, -0.4966940000713477, -0.005614374291496929], [-0.23860472431013, -0.5664000751767353, -0.11544321264812538, -0.5171814667055232, 0.5678177821206951, 0.8047945594477899, 0.04802331528264504, 0.3789428180668442, -0.3700001315864365, 0.49502266129957884, 0.1251295998024293, 0.05403026445760725], [0.007508824435755158, 0.18988870519212908, 0.38808558005546157, -0.16905452752096134, 0.12769352183654975, 0.30119182214210355, 0.5196261775637161, -0.04621351272948232, -0.5996761846993282, -0.5241171746399409, -0.5593846466437128, -0.07035629513793341]], "inverted": false, "swapped": true, "error_lsq": 0.04079551462874562, "error_max": 0.2098324230158795, "target": "573.xyz", "model": "11.xyz", "model_rescale": 3.6694154284099745, "target_rescale": 3.831370247771905},
{"mapping": [9, 11, 6, 12, 10, 7, 2, 5, 4, 8, 1, 0, 13], "R": [[-0.9989845067441294, 0.03637216879054517, -0.026589859395279008], [-0.042872834118816844, -0.5859607452044417, 0.8092045014544073], [0.013851908886829639, 0.8095227423716566, 0.5869250839785805]], "T": [0.013376846910843752, -0.1277595617343508, 0.05198515376947006], "aligned_model": [[0.1585274858192102, 0.6415660308007155, 0.19796643432238384, -0.6114986492838864, -0.3941277415451194, -0.34752287115466735, -0.06879470531609999, -0.46923754551190194, 0.6191085542926695, 0.42128370529739284, 0.022239275660002836, -0.011121950728691342, 0.026698579305187244], [-0.6064719380811334, -0.49501380691729446, -0.4803571368558698, 0.13581966553997413, -0.1981195224562033, -0.762795872136604, 0.3857165861655176, -0.49376189577106533, 0.16606404944985856, 0.024447488851023658, 0.7060501230391422, 0.12219628246128697, -0.05244965792629516], [-0.5760689996655648, -0.07263955303442776, 0.4538016139740418, 0.09470640692698612, -0.43021633277220145, -0.08456372553926615, -0.3428612150055814, 0.5789542536062471, 0.35928864208885264, -0.5669194107187931, 0.19743741754063437, 0.7210589533552271, 0.14718481560154698]], "inverted": true, "swapped": false, "error_lsq": 0.038986694630505754, "error_max": 0.22866977047971138, "target": "573.xyz", "model": "12.xyz", "model_rescale": 3.9764082729961374, "target_rescale": 3.831370247771905},
{"mapping": [0, 4, 14, 8, 2, 7, 1, 3, 13, 9, 10, 11, 15], "R": [[-0.9996901207728883, 0.015886928510569498, -0.019164235742343487], [0.022695158188462745, 0.8979694276080994, -0.43947222537491853], [0.010227033973186642, -0.4397709774231157, -0.8980517218915784]], "T": [0.2126251677920101, -0.10373632906306662, 0.0038326144493582986], "aligned_model": [[0.10192408015830276, 0.3749099535890792, 0.2948731070687905, -0.45494388449792145, -0.4313801826170217, -0.2414223718094529, -0.05562076468207869, -0.3436945403799514, 0.5682168688199561, 0.4077892028505159, -0.11911335097213024, -0.10953611095043744, 0.19308459537954506], [-0.4516569078165743, -0.7894658339921428, -0.27242569183292703, 0.05813141697619681, -0.08850750192398035, -0.6719691817240467, 0.370319091515635, -0.4717154797643083, 0.17111402366027695, 0.007626464285781176, 0.6076887824663657, 0.18265120684742425, -0.20046602333536268], [-0.6237058095366155, -0.13510052107903697, 0.780741370319757, 0.17057561989618375, -0.4665764685567284, -0.20107213381581251, -0.3227223674327936, 0.5171971771747844, 0.419154624406457, -0.5538487051184091, 0.17695327991646653, 0.6707201525722107, 0.04684664761123762]], "inverted": true, "swapped": false, "error_lsq": 0.05002852691033236, "error_max": 0.2999742196284475, "target": "573.xyz", "model": "13.xyz", "model_rescale": 4.170626492500431, "target_rescale": 3.831370247771905},
{"mapping": [7, 8, 4, 3, 1, 0, 9, 2, 12, 10, 11, 6, 13], "R": [[-0.59920737149379, -0.6496893522158165, -0.4678186310579096], [0.6728924553218274, -0.09208998000518837, -0.7339858167250966], [0.43378136142354734, -0.7546013392514206, 0.49235205826877265]], "T": [0.0007554059703806758, -0.14390706825390925, 0.0934988271630462], "aligned_model": [[0.16233384480695456, 0.5964790066729984, 0.3547471967271411, -0.6012532222863476, -0.486284198451857, -0.2675072294229413, -0.11307559114900154, -0.38081220767457796, 0.701497992464704, 0.3729553356055328, 0.013038427377845937, -0.1810330735252347, 0.014000320811979071], [-0.5451077309779437, -0.5555744314960412, -0.5487834314333299, 0.1812304211764162, -0.19423037554725983, -0.6402186441236122, 0.3923659783381958, -0.4898762248412779, 0.01600556093863037, 0.03370826939880697, 0.5614221694999493, 0.2953709726464966, -0.05498816821669311], [-0.5923293140077135, -0.07142438652169406, 0.5559143039892966, 0.17920080439391875, -0.4990165383445801, -0.1003268280981818, -0.5029575099292074, 0.502941944267072, 0.23167950484320607, -0.29153144331569, 0.1384370612828974, 0.7873842777494244, 0.1411909900489521]], "inverted": true, "swapped": false, "error_lsq": 0.03774868250213342, "error_max": 0.20303032117098505, "target": "573.xyz", "model": "14.xyz", "model_rescale": 3.9786697098870705, "target_rescale": 3.831370247771905},
{"mapping": [1, 2, 9, 0, 8, 10, 7, 3, 6, 5, 11, 12], "R": [[-0.017266852007987, -0.40328734620377815, 0.9149104722395784], [-0.12632164971406137, -0.9068346578564586, -0.4021116065520589], [0.9918390477467867, -0.12251620179500278, -0.035285743048346085]], "T": [0.15850052391567757, 0.058250989198095536, 0.038771082757050074], "aligned_model": [[0.003042837707909668, -0.6506967915464807, 0.554078691236481, 0.6663161345736469, -0.12558588978079485, 0.26878150434772047, -0.5053930558332373, 0.06154113664291788, 0.6561819009706262, -0.05259048368053018, -0.43225965494489116, 0.039938267073969386], [-0.3933544576733843, -0.1118290389155531, 0.009668732100348444, -0.6585054540628672, 0.3309586108579717, 0.7863054207671574, -0.14284331130998315, 0.09833959852664993, 0.1699966891969824, -0.6574652232301408, 0.6023647569759343, -0.018961833008675717], [-0.5583231558549308, -0.26926644125731025, -0.44541813983417766, -0.18616481023681672, -0.5117041926629572, 0.1079739369507774, 0.41509197986770696, 0.622450812613506, 0.19515965035415217, 0.21008077434027164, 0.08048197019767836, -0.00039589060406994975]], "inverted": true, "swapped": true, "error_lsq": 0.05159381086182271, "error_max": 0.27237766877629266, "target": "573.xyz", "model": "15.xyz", "model_rescale": 3.769337070930944, "target_rescale": 3.831370247771905},
{"mapping": [5, 4, 2, 1, 7, 3, 11, 6, 8, 9, 12], "R": [[-0.4041000095051544, 0.6816278565835927, 0.6099890551863956], [0.6383368396872529, -0.26749117319097704, 0.7217856685769021], [0.6551559061902936, 0.6810520812641073, -0.32701498618534797]], "T": [0.04652771280709869, -0.05900401999672764, 0.11749927872790342], "aligned_model": [[-0.3869849323558898, -0.23998149962243284, -0.012649670924285678, -0.5772616471758337, 0.26616611178058647, 0.4024754704295421, 0.6810648177503973, 0.07199988539047414, 0.07204784662260882, -0.3526445337847779, -0.001605717419218243], [-0.10070220705694888, -0.6829091837397339, 0.7291935485589007, 0.38316683882496744, 0.17690284863458813, -0.354247012756603, 0.4314321598384039, -0.5216784334169215, 0.5436434417934071, -0.05468857657174967, 0.04595107351703139], [-0.512170609650619, -0.21860765379421246, -0.27474714597588556, 0.11469435276614623, -0.602860314502979, -0.25374594412790397, 0.05723158171904574, 0.38191333697894814, 0.4245209811774028, 0.6011566160421785, 0.02683240659165559]], "inverted": false, "swapped": true, "error_lsq": 0.04590033409310235, "error_max": 0.21869419801542878, "target": "573.xyz", "model": "16.xyz", "model_rescale": 3.7852294659196426, "target_rescale": 3.831370247771905},
{"mapping": [9, 11, 7, 4, 0, 10, 0, 5, 2, 8, 3, 1, 12], "R": [[-0.806690705401966, 0.14672660356640682, -0.5724695709152979], [-0.030768052172050406, 0.9569472490399357, 0.2886265571988093], [0.5901723754833131, 0.2504461346492815, -0.7674459595669373]], "T": [0.04954183716437492, -0.13939685032233642, 0.10184136324379439], "aligned_model": [[0.12286439752980592, 0.6371866285853084, 0.3219295880376832, -0.653727349138736, -0.31935909044554084, -0.32002520924616545, -0.31935909044554084, -0.36226120566446834, 0.5390131775326429, 0.46505904632890493, 0.08325495173976864, -0.06508098886121848, 0.055591746004751474], [-0.4185449533251028, -0.5668597729602315, -0.49291213694462455, -0.07213636575069549, 0.1639460279247534, -0.7902539381737999, 0.1639460279247534, -0.29998149793533424, 0.07927877844399747, -0.0038716707658811578, 0.6537118893020308, 0.24388618475122295, -0.20888420712875094], [-0.7129972246024465, 0.002437523685203502, 0.6424510750275945, 0.1535633498775537, -0.38564438994704126, -0.19658840182671883, -0.38564438994704126, 0.588503294596862, 0.3962658822159897, -0.38105022484485745, 0.053495482347588774, 0.6623856318129919, 0.04198525796202239]], "inverted": true, "swapped": false, "error_lsq": 0.05080203183590701, "error_max": 0.47733110541500806, "target": "573.xyz", "model": "17.xyz", "model_rescale": 3.901054581598922, "target_rescale": 3.831370247771905},
{"mapping": [0, 7, 11, 5, 2, 13, 8, 9, 6, 1, 4, 10, 14], "R": [[-0.7764868931901626, 0.583416172418258, 0.23810433524973526], [0.559853456115176, 0.8121527942009283, -0.16423138112893415], [-0.28919234495363405, 0.005780020108435244, -0.9572535604466377]], "T": [0.011688995429534506, -0.16272089170634127, 0.019509632569780916], "aligned_model": [[0.2574094105869188, 0.582575632470113, 0.33951293737564947, -0.6042574120745501, -0.5348326016027256, -0.5249689824035912, -0.27397242201912514, -0.37006831236401205, 0.7015161604019987, 0.5408845917856036, 0.15215000605624335, -0.09041248791400028, 0.009550081658672938], [-0.3324919104227201, -0.47896478529325204, -0.42535407713101214, -0.0777292141107722, -0.29613329895705487, -0.6519814390134878, 0.34305451570291634, -0.35185888854397596, -0.07392700666279468, 0.11828396376608732, 0.6106009221590383, 0.27235140128687874, -0.20452581741751327], [-0.677845224929879, -0.09777323580720515, 0.6979536331529362, 0.07843742582494342, -0.5865047035287853, 0.008350332531232817, -0.3014374720769113, 0.5221802975511025, 0.3023167642250254, -0.33640305536660065, 0.1079293509785767, 0.7070713644146622, 0.05488738938860281]], "inverted": true, "swapped": false, "error_lsq": 0.04333784493326079, "error_max": 0.2850808063046026, "target": "573.xyz", "model": "18.xyz", "model_rescale": 3.9405287249114394, "target_rescale": 3.831370247771905},
{"mapping": [14, 11, 5, 1, 3, 10, 12, 2, 9, 13, 4, 8, 15], "R": [[0.009234811799200921, -0.9705282020153616, -0.24081056318995359], [0.9965314286124114, -0.010985198938610814, 0.08248901255310126], [-0.08270326498234448, -0.2407370650670736, 0.9670604094182285]], "T": [0.01628236321084892, 0.038507751369105545, 0.039400917329906505], "aligned_model": [[0.11526505607724542, 0.4574968042476367, 0.17619417699613618, -0.6377314162544075, -0.617402927553837, -0.14193991499716355, -0.1803404004180652, -0.36395820258081524, 0.696898779069787, 0.5620404783696545, 0.04115051803274548, 0.07457737422626018, 0.0028362767420186813], [-0.3320980564414383, -0.5270384483257834, -0.3886269443276416, 0.05935192915365035, -0.24262300223646055, -0.7082338111784718, 0.28339349588728074, -0.6249166302704756, -0.10360928110784086, 0.021853864692053436, 0.7688892171990486, 0.24250602414017192, 0.0024760081782449553], [-0.6333492025557732, -0.029159384092125366, 0.7345604718947663, 0.12513842663298533, -0.45540919424786513, -0.14834035780477192, -0.409497203811294, 0.452451138230006, 0.3643222778155086, -0.3520075306739949, 0.015120928369110474, 0.7655266309174997, 0.049805865683649156]], "inverted": true, "swapped": false, "error_lsq": 0.04112137895073227, "error_max": 0.24201379601263714, "target": "573.xyz", "model": "19.xyz", "model_rescale": 4.410303926677745, "target_rescale": 3.831370247771905},
{"mapping": [5, 3, 0, 7, 8, 1, 9, 2, 6, 10, 11, 4, 13], "R": [[-0.9705654590940448, 0.2397624834267923, -0.022729741630371586], [0.15942543524305242, 0.7103501561006856, 0.6855553853083608], [0.18051653722340677, 0.6617526783238198, -0.7276655636486598]], "T": [-0.0022070203773338, -0.11921581354208562, 0.09514709408933611], "aligned_model": [[0.21200158201860775, 0.6266895302322973, 0.22158443820087606, -0.7070390979740059, -0.3951767947931504, -0.4098925676674898, -0.16026332693203946, -0.2851334307130531, 0.45575169679390104, 0.40762771874639575, 0.23747255879200424, 0.001218240895775205, -0.019753945642923078], [-0.44610191747767486, -0.4803304224829205, -0.6760889217569989, -0.21935885413775058, -0.12493181417607137, -0.7457418760772347, 0.3760357918704496, -0.2888188783409474, 0.06291145878857694, 0.14283453434628224, 0.6725067994505965, 0.2886945950147906, -0.11028612965876017], [-0.643994890025874, 0.08821430653867929, 0.48625973379462906, 0.1011702803496769, -0.5656097939864639, 0.028984577002066775, -0.35607433501527286, 0.6694259240138504, 0.40110345244589696, -0.5670455627607695, 0.14864782211175312, 0.668462680123778, 0.019618671765750578]], "inverted": false, "swapped": false, "error_lsq": 0.05188876626903002, "error_max": 0.3176431567931654, "target": "573.xyz", "model": "20.xyz", "model_rescale": 4.121658175737393, "target_rescale": 3.831370247771905},
{"mapping": [11, 9, 8, 2, 4, 10, 3, 6, 5, 7, 0, 1, 12], "R": [[-0.3239045167978031, -0.8319782139760533, -0.4504421333170313], [0.34018986403122276, -0.5466855608939176, 0.7651181306965095], [-0.8828118261602526, 0.09458937032943648, 0.46010447793113346]], "T": [0.019628026375746645, -0.18327785243426686, 0.08693361692068403], "aligned_model": [[0.142994057586627, 0.4144093116041326, 0.39134435319576544, -0.7126975081421004, -0.38696617454453774, -0.35398675349256653, -0.04579694745707283, -0.2827840938430552, 0.5365449252683759, 0.4850123857581225, 0.17718940348488363, -0.2543822907494551, 0.074205933288076], [-0.37271770934717535, -0.7610592979142314, -0.45743408649238615, 0.01449809665336027, -0.1968794383400027, -0.8509576523592318, 0.403467767861442, -0.5063316136571636, 0.1520812603770197, 0.044838421213439034, 0.7962038283787196, 0.2824326876147186, -0.09681789862617046], [-0.7636322923991472, -0.09466818172995788, 0.5772074530255626, 0.11514034776202338, -0.31757565932123577, -0.06567281381899324, -0.27924919645367186, 0.5631768730163668, 0.3771657913610765, -0.3582611982294078, 0.14128230498153793, 0.5232900136764451, 0.060959424487102426]], "inverted": false, "swapped": false, "error_lsq": 0.050910775055867455, "error_max": 0.36141175019546407, "target": "573.xyz", "model": "21.xyz", "model_rescale": 4.08911054899281, "target_rescale": 3.831370247771905},
{"mapping": [12, 14, 15, 8, 10, 9, 7, 11, 2, 13, 0, 1, 16], "R": [[-0.5005895287984333, 0.7069226034716767, -0.4996704477535062], [0.23999133280921492, 0.6678992095496574, 0.7044961362984185], [0.8317537398977052, 0.23274681218820095, -0.5039986483934369]], "T": [0.009945743213605354, -0.09630781571987612, 0.042551734193508085], "aligned_model": [[0.19843610394317987, 0.4168999110280022, 0.26737866652408915, -0.5552845300016603, -0.5053982847815064, -0.18709189340830573, -0.10022738814304367, -0.3611487818584988, 0.5404254379621587, 0.4256933405132684, 0.05923529428842433, -0.04557937147774103, 0.03174809736882851], [-0.39551801233687356, -0.5770235744538077, -0.5224049682521001, 0.081282008823645, -0.2337946818536561, -0.728642861647974, 0.2549628825800896, -0.39790378412935434, 0.01999976137850329, 0.0947311609874937, 0.676603722977342, 0.23707198984602895, -0.05803927855699925], [-0.6054560961500285, -0.08042489183931123, 0.575164656017531, 0.4027441973568436, -0.5629673023903324, -0.21989096623475804, -0.5659439236811876, 0.6402320463664172, 0.5182803021208914, -0.4343004554275488, 0.02649895615305501, 0.760725284350705, 0.024501059715424947]], "inverted": true, "swapped": false, "error_lsq": 0.040880717293717686, "error_max": 0.2783388821937611, "target": "573.xyz", "model": "22.xyz", "model_rescale": 4.204369325754507, "target_rescale": 3.831370247771905},
{"mapping": [14, 11, 5, 1, 3, 10, 12, 2, 9, 13, 4, 8, 15], "R": [[0.009234811799200921, -0.9705282020153616, -0.24081056318995359], [0.9965314286124114, -0.010985198938610814, 0.08248901255310126], [-0.08270326498234448, -0.2407370650670736, 0.9670604094182285]], "T": [0.01628236321084892, 0.038507751369105545, 0.039400917329906505], "aligned_model": [[0.11526505607724542, 0.4574968042476367, 0.17619417699613618, -0.6377314162544075, -0.617402927553837, -0.14193991499716355, -0.1803404004180652, -0.36395820258081524, 0.696898779069787, 0.5620404783696545, 0.04115051803274548, 0.07457737422626018, 0.0028362767420186813], [-0.3320980564414383, -0.5270384483257834, -0.3886269443276416, 0.05935192915365035, -0.24262300223646055, -0.7082338111784718, 0.28339349588728074, -0.6249166302704756, -0.10360928110784086, 0.021853864692053436, 0.7688892171990486, 0.24250602414017192, 0.0024760081782449553], [-0.6333492025557732, -0.029159384092125366, 0.7345604718947663, 0.12513842663298533, -0.45540919424786513, -0.14834035780477192, -0.409497203811294, 0.452451138230006, 0.3643222778155086, -0.3520075306739949, 0.015120928369110474, 0.7655266309174997, 0.049805865683649156]], "inverted": true, "swapped": false, "error_lsq": 0.04112137895073227, "error_max": 0.24201379601263714, "target": "573.xyz", "model": "23.xyz", "model_rescale": 4.410303926677745, "target_rescale": 3.831370247771905},
{"mapping": [1, 11, 14, 5, 3, 10, 0, 15, 13, 7, 12, 6, 16], "R": [[0.6091730992282348, 0.779829313292948, -0.1441331929352735], [-0.7423484745271108, 0.4968037211500215, -0.44956068001857485], [-0.27897468979091805, 0.38085732864228994, 0.8815445636356225]], "T": [-0.042846712729412706, -0.22624359292528412, 0.07309084049590242], "aligned_model": [[0.2155807021923523, 0.41708359750033, 0.3234041060837657, -0.4874866494868618, -0.5112866254264918, -0.2431039627342258, -0.13158953239823773, -0.28549884590374525, 0.47198868596891114, 0.47123823124657976, -0.010832725642731918, 0.040249391809044105, -0.08465977125149324], [-0.38364286127232544, -0.6547598261004721, -0.4081033498602197, 0.15970027471322507, -0.2097497518377323, -0.7826706473174496, 0.34890095869375, -0.35804644329206875, 0.1493942121847407, 0.025073704348608616, 0.5756295937974709, 0.21002743681713792, -0.22042893551232762], [-0.7298886680290707, -0.0014707732747464286, 0.6124769327719993, 0.29432531136446577, -0.6947261859059565, -0.19906704242609352, -0.4082814351768187, 0.7311654120574286, 0.3697849177006859, -0.2652687066583704, 0.11946251104598105, 0.6900679193066294, -0.03941732641843265]], "inverted": false, "swapped": false, "error_lsq": 0.04340437489659088, "error_max": 0.23292430106271433, "target": "573.xyz", "model": "24.xyz", "model_rescale": 4.28219845311461, "target_rescale": 3.831370247771905},
{"mapping": [0, 4, 7, 11, 6, 2, 8, 13, 3, 1, 5, 9, 15], "R": [[-0.17153330831226846, 0.6201410337043436, 0.7655072974541499], [0.6845845208439967, 0.6338053397240327, -0.3600483650262822], [-0.708463377995111, 0.46229415922485056, -0.5332576791630335]], "T": [-0.10966763298574031, -0.13427839720736956, 0.11168281473957903], "aligned_model": [[0.16301924869591908, 0.45459484018325613, 0.297706767863285, -0.4964725454580873, -0.4281326827232145, -0.3308618178355622, -0.1743668273711264, -0.2602773784552131, 0.632872271589943, 0.35071139177592225, 0.03113032691356818, 0.028099320380414433, -0.08293631360190873], [-0.5011413616607417, -0.5911876586190081, -0.4279283851097441, 0.20998414448807318, -0.20350031589314066, -0.7279171594349098, 0.3436117373932492, -0.5758770498444841, 0.0479150243063626, 0.15705562072177615, 0.7041555753180376, 0.18811394649458296, -0.1719597527977158], [-0.5640446465249627, 0.02513594168693578, 0.7061252323782077, 0.28003462887072533, -0.7285466021640365, -0.14802120324531104, -0.38769789216258826, 0.4794106917025721, 0.23612313027147924, -0.22455079810041018, 0.06183214656352751, 0.6895730527272432, 0.05378918435431905]], "inverted": true, "swapped": false, "error_lsq": 0.045768325001959265, "error_max": 0.2396041200269479, "target": "573.xyz", "model": "25.xyz", "model_rescale": 4.100010024507729, "target_rescale": 3.831370247771905},
{"mapping": [2, 1, 9, 0, 11, 10, 8, 6, 5, 3, 7, 12], "R": [[-0.06629543830106525, 0.2608862060769327, -0.9630904954048992], [-0.4371057367706809, 0.8600771265025955, 0.26307016430830577], [0.8969634829482359, 0.43841273241755085, 0.057015667246355026]], "T": [0.10140872405902025, 0.15132104164467966, -0.045188030267360846], "aligned_model": [[-0.6883985727318838, -0.017970623162401375, 0.4680043277813306, 0.7013871707790597, -0.5645038929252574, 0.09866202134732253, -0.2569375561890516, 0.5839214325908917, 0.01820270512706515, 0.03670696410877569, -0.4966940000713477, -0.005614374291496929], [-0.23860472431013, -0.5664000751767353, -0.11544321264812538, -0.5171814667055232, 0.5678177821206951, 0.8047945594477899, 0.04802331528264504, 0.3789428180668442, -0.3700001315864365, 0.49502266129957884, 0.1251295998024293, 0.05403026445760725], [0.007508824435755158, 0.18988870519212908, 0.38808558005546157, -0.16905452752096134, 0.12769352183654975, 0.30119182214210355, 0.5196261775637161, -0.04621351272948232, -0.5996761846993282, -0.5241171746399409, -0.5593846466437128, -0.07035629513793341]], "inverted": false, "swapped": true, "error_lsq": 0.04079551462874562, "error_max": 0.2098324230158795, "target": "573.xyz", "model": "26.xyz", "model_rescale": 3.6694154284099745, "target_rescale": 3.831370247771905},
{"mapping": [11, 10, 8, 3, 12, 9, 6, 7, 0, 2, 1, 5, 13], "R": [[0.9763662257629618, 0.04775139602003942, -0.21078139710972316], [0.12367452618676675, 0.6763706143533664, 0.7261042649728265], [0.1772388353659214, -0.7350119701184378, 0.6544797926756369]], "T": [0.08836873604119251, -0.180096560140593, 0.10635242307338019], "aligned_model": [[0.16245702321779343, 0.41517443201110343, 0.2295862987620953, -0.7115064141944232, -0.2924413862497428, -0.30638675928096093, -0.14875529371898022, -0.38451416399109545, 0.5369212689637173, 0.46752171046702623, -0.08863728017666193, 0.18401746267067215, 0.12164970347665244], [-0.5326342523977272, -0.6644455325528886, -0.6170609541083927, -0.09841968675522125, -0.16883095465052733, -0.7244681766504208, 0.3520364389371123, -0.15748393220976847, 0.29587429632479645, 0.04110575620531537, 0.6605447455277595, 0.2257701707800256, -0.16066355308772523], [-0.6723667628251332, -0.036807731639487196, 0.5507361658155857, 0.026603738300000707, -0.5897722426662807, -0.006302703404695131, -0.2566862768020671, 0.5210799922480842, 0.20219454396775832, -0.4127258016967701, 0.3104056492734112, 0.7787377423264997, 0.06406655346079451]], "inverted": true, "swapped": false, "error_lsq": 0.04971145038183224, "error_max": 0.27667639073220046, "target": "573.xyz", "model": "27.xyz", "model_rescale": 4.103607728864725, "target_rescale": 3.831370247771905},
{"mapping": [11, 13, 12, 0, 6, 10, 7, 3, 4, 8, 1, 2, 14], "R": [[-0.9866748186316963, 0.06708575423718108, -0.14823057665858885], [-0.1312277707124134, -0.8667070527665586, 0.4812464616789987], [-0.0961877043699427, 0.4942857334205938, 0.8639615380703624]], "T": [-0.11372374992196499, -0.2529550065156095, -0.051240673637800695], "aligned_model": [[0.1886719254109614, 0.5042463628512589, 0.219738720852735, -0.52566655059091, -0.41073068015640984, -0.36879145870058755, -0.017387492618866934, -0.40621419768249545, 0.6240681912864441, 0.4995050763057217, -0.11785793276155965, 0.12091465599950355, -0.1254100182385999], [-0.4788996806484573, -0.4456720426507418, -0.6253521407421355, 0.19303891126285905, -0.313583688933468, -0.6941596615419683, 0.2780625020922353, -0.3142059541271411, 0.15968921039320239, 0.1921386299957396, 0.6139925594582061, 0.008378996813925177, -0.122103276009918], [-0.6253200176576252, -0.02216118505839177, 0.64691172529057, 0.3243712208267985, -0.6074585348332638, -0.058602237822648735, -0.5295930297981233, 0.6374018402635286, 0.2758634212221659, -0.3644850482515142, 0.1751343657530169, 0.5952653691819644, 0.031834977241223715]], "inverted": true, "swapped": false, "error_lsq": 0.047382986548902196, "error_max": 0.31876244699236617, "target": "573.xyz", "model": "28.xyz", "model_rescale": 4.137296879288765, "target_rescale": 3.831370247771905},
