[{"mapping": [12, 11, 7, 1, 8, 10, 0, 4, 6, 9, 5, 14], "R": [[-0.7934504423504761, 0.11723958563198922, -0.5972363645112992], [0.6038075325037829, 0.27497144708574817, -0.7482026242798557], [0.07650398176256606, -0.954277518779736, -0.2889663612361547]], "T": [-0.009424741345587365, -0.04771088236107962, -0.035853918909010234], "aligned_model": [[-0.17217472993260452, 0.03058100675434934, 0.35032914847967694, -0.17728430364906284, 0.010259916264419619, -0.5770706711919839, 0.45801235839405685, -0.1682914411925791, 0.6895370788226414, 0.1634271455168021, -0.6855564628995782, -0.08412658290558882], [-0.43691144024124784, -0.5838066945964127, -0.2516983469613729, 0.7550724990872575, 0.5006911337986728, -0.54043729961725, -0.02196467364231608, -0.5850761930165715, -0.1598149147475464, 0.4073581305440603, 0.005897639831139556, -0.035754804461355365], [-0.5038810738216472, 0.027549771628295132, -0.6064508840661964, -0.026869236883937435, -0.6557838076464432, -0.0010575075188106395, 0.626420746371504, 0.5701566792506695, 0.012229382028007225, 0.35568833846872183, 0.4528952446007197, -0.06894590705732048]], "inverted": false, "swapped": true, "error_lsq": 0.051279558966812154, "error_max": 0.32978443143233815, "target": "574.xyz", "model": "0.xyz", "model_rescale": 3.751011558992144, "target_rescale": 4.172955894952419},
{"mapping": [12, 1, 6, 3, 13, 2, 11, 10, 4, 7, 5, 9, 10, 8, 14], "R": [[-0.5091084772690869, -0.2840882758349733, -0.8124668669588095], [-0.1572309897388518, -0.8973769007492248, 0.4123022118148979], [-0.8462192235103696, 0.33765152085371686, 0.41219470669415365]], "T": [0.12861124650033115, -0.0776950908356654, -0.05970452705870502], "aligned_model": [[-0.32830504468511335, 0.5455513258805417, -0.12348254628103697, 0.27010367957281156, -0.028752138317523157, 0.6568953863979464, -0.6100639470107163, -0.3362081666848349, 0.3375511283342696, 0.09537430040413669, 0.12894498781001315, -0.3940377531220387, -0.3362081666848349, 0.6286349144919284, 0.08004062059406274], [-0.5810435946214235, 0.20523053483837517, 0.3102870908518548, -0.8047786476497529, -0.6771841144208977, -0.5762248273099606, 0.02985479627345329, 0.5198488367408118, 0.6802792136187038, -0.22585030540627543, -0.16843989615483962, -0.18263408956933902, 0.5198488367408118, 0.1693078631378187, -0.10278450352399048], [-0.35944256378942707, -0.5411602467040454, -0.6510118004828, -0.24607856577273873, 0.31891384811618173, 0.3354183289894044, -0.34170269939481845, 0.2554746535220186, 0.026278317020465347, -0.7051674319626038, 0.5582366642531736, 0.32761375429760276, 0.2554746535220186, 0.2999955206428133, -0.06360684859795954]], "inverted": false, "swapped": false, "error_lsq": 0.04464685708886173, "error_max": 0.3866364267121234, "target": "574.xyz", "model": "1.xyz", "model_rescale": 3.9405287249114394, "target_rescale": 4.172955894952419},
{"mapping": [2, 8, 1, 11, 12, 9, 6, 7, 10, 5, 4, 0, 14], "R": [[-0.538337093067843, 0.5463532026933576, 0.6416317885937197], [-0.21101582672665528, 0.649727728277139, -0.7302918594498332], [-0.8158832607046984, -0.5285376590315393, -0.2344833637751937]], "T": [-0.002441617322321399, -0.056942631571466944, -0.02965618755159508], "aligned_model": [[-0.25636593287875586, 0.1042280173993484, -0.5530250403754503, 0.3055391392340498, 0.5849357235705228, -0.5746564751107817, 0.11049198138513464, 0.596786551089661, 0.23291259006086942, -0.47613480095032046, -0.12095848821573646, -0.46418295674101717, 0.006412970816407369], [0.6593662601465017, 0.5477441342991416, 0.30491666172719334, -0.37710097529257436, -0.2012050368221681, 0.16606928528533912, 0.3307437126874058, 0.3082713981867542, -0.7520773973600254, -0.6922957080225027, -0.7437263042352601, -0.00536547634633399, -0.08650796068145392], [0.019739778597638643, -0.585012675073439, -0.5181584504019586, 0.27964252936745393, -0.20626385616159593, 0.08482858032947338, 0.5537581118252398, 0.034833798139497954, -0.19581294678225009, -0.29582335194877024, 0.41253256035371516, 0.6351014933213146, -0.10624522197767583]], "inverted": false, "swapped": true, "error_lsq": 0.05300728867021512, "error_max": 0.32745779854828405, "target": "574.xyz", "model": "2.xyz", "model_rescale": 3.932901565614263, "target_rescale": 4.172955894952419},
{"mapping": [2, 6, 7, 9, 8, 13, 12, 1, 3, 5, 11, 4, 10, 14], "R": [[-0.7753740303654044, -0.17260944143136456, 0.6074546022244471], [-0.28048326323448525, -0.7677022793579216, -0.5761617388494192], [0.5657952386510896, -0.6171216986927329, 0.5468423510687084]], "T": [0.07722117758769259, -0.09653281156706056, -0.03296791848842402], "aligned_model": [[-0.3559764724585619, 0.34489735570486085, 0.39866789970062727, -0.35158540551738277, -0.4067548313700366, -0.2860904475178349, 0.4498361325588717, -0.7411953667394997, -0.05882217894561198, -0.166056523943134, 0.6021504244886935, 0.5191495846271517, 0.42099171852382616, 0.05059802294073441], [0.09002426614105843, 0.27315033736455746, -0.43616008526994404, 0.352528697243891, -0.6034553918683416, -0.5740530538054458, -0.6045700020782161, -0.1280114588610788, 0.5198537063771398, 0.012846850834224849, -0.04896224429274049, 0.33239151696281183, -0.3615098063338282, -0.1605766940635998], [-0.6309246063916983, -0.5762089119929442, -0.5601680355265862, -0.10181264378367551, -0.47369691045213586, 0.32308701105066445, -0.024579881514033355, -0.07681047125976419, 0.375227369680407, 0.7593424832895134, 0.09034280540935698, 0.5165520119461003, 0.5817035560471754, 0.011842586554716941]], "inverted": false, "swapped": true, "error_lsq": 0.0509459161377243, "error_max": 0.33699882690777055, "target": "574.xyz", "model": "3.xyz", "model_rescale": 3.9243930471874484, "target_rescale": 4.172955894952419},
{"mapping": [12, 11, 10, 13, 5, 7, 8, 4, 3, 0, 1, 2, 14], "R": [[0.8066403924526286, -0.39056920721190924, 0.44360677591954134], [-0.16784533790468392, -0.8710227556375916, -0.4616787862845325], [0.5667091139266528, 0.29795142815458575, -0.7681573580023242]], "T": [-0.07563973882154001, -0.08474043374750259, -0.10128171766550363], "aligned_model": [[-0.08281562030365053, -0.11985892870154605, 0.45118086678600516, 0.4507987726523888, 0.7194296543969476, -0.6021561859975288, -0.2580118962107474, 0.2353252344641143, 0.2351418815421143, -0.3160177972347761, 0.1250402576702056, -0.5466709466486963, -0.01417940610347819], [-0.5819041618493808, -0.014575082397402767, -0.22802548026676348, -0.4858837809079144, 0.17324943259963047, -0.5183800460594034, -0.6662198916303699, 0.4408419694160416, 0.597997171142772, 0.6891130763192377, -0.1240127183993773, -0.015271606090148465, -0.13909932819533433], [-0.48830986258486503, -0.6362029216454175, -0.6191054899376833, 0.1194954102245165, -0.08680372733424989, -0.27834600286219124, 0.4591354129548615, -0.6565410024796221, -0.05282890602065024, -0.06755968125478444, 0.6930129010772694, 0.4931252398086221, -0.09200105457484212]], "inverted": false, "swapped": true, "error_lsq": 0.046278851546696045, "error_max": 0.26705988229142996, "target": "574.xyz", "model": "4.xyz", "model_rescale": 3.8936222436046832, "target_rescale": 4.172955894952419},
{"mapping": [7, 6, 8, 12, 1, 9, 3, 5, 10, 11, 13, 14], "R": [[0.07594187184874968, 0.041011831969312434, -0.9962684687064169], [-0.981851507630169, -0.17106284479731051, -0.08188479769905457], [-0.1737827640028548, 0.9844061828170179, 0.02727669641206465]], "T": [-0.10144751295948076, -0.1215274005496389, -0.0361989199764697], "aligned_model": [[0.013404128447253916, -0.40085119936475644, -0.3943741027595141, 0.41785723970102195, -0.6574317960338152, -0.6595949567319019, -0.2988525095988188, 0.09592632593015696, 0.5914072892343907, 0.2910662946284046, 0.09130404372353954, -0.06231271496086377], [-0.466417974558775, -0.756459281953116, 0.24918653250957273, -0.1629213338027388, 0.4775886924838458, -0.04163188166849796, -0.09853350849028425, 0.401102023437596, 0.048082277694853404, -0.4711317225400714, 0.5406175719952377, -0.05055848999781527], [-0.639915936492389, -0.1393778059152172, -0.7160595798525972, -0.390632506038764, -0.1044638358560272, 0.23279746974618412, 0.6887604415557781, 0.5857381960404118, 0.20337736078105556, 0.09314147065815709, -0.14206158697068208, -0.052018968380391786]], "inverted": true, "swapped": true, "error_lsq": 0.04490082535389985, "error_max": 0.2422457067006547, "target": "574.xyz", "model": "5.xyz", "model_rescale": 3.6523030999806103, "target_rescale": 4.172955894952419},
{"mapping": [10, 11, 0, 5, 9, 12, 6, 13, 7, 8, 2, 1, 14], "R": [[-0.7791459737106731, 0.5694432180648568, 0.2620419299470739], [0.4673660097410128, 0.24914567662698317, 0.8482307732904096], [0.4177326472628286, 0.7833650829709112, -0.4602592554123889]], "T": [0.04509926726696087, -0.04552472108323639, 0.1033880398328851], "aligned_model": [[0.11744500348580825, -0.20638187308424202, 0.26070937863066057, 0.761485756408323, 0.45156051383122964, -0.385025051072887, -0.3488137042170891, 0.3412786551541328, -0.6363261385750363, -0.10642339831445038, 0.014086933497982651, 0.5492734883764222, 0.06821334054344033], [-0.6513589041554873, -0.13546264774260278, 0.6543823674922407, -0.3852848749331597, 0.40536604529281944, -0.5033411894128605, 0.5370135778663725, -0.5974755524812423, -0.05341509272301089, -0.15029000459590178, 0.4969274643793274, 0.04405465269368016, -0.12028893751699152], [0.5437776982617007, 0.5742251806224797, 0.45182797581662065, 0.36844871101261195, -0.044116849743801576, 0.15249204042140413, 0.19777365903777844, -0.20389697679360286, -0.07608842635004097, -0.703773927314307, -0.43027834424796924, -0.5373167324763554, 0.07703573123527077]], "inverted": true, "swapped": true, "error_lsq": 0.041688120874848154, "error_max": 0.24042843569800723, "target": "574.xyz", "model": "6.xyz", "model_rescale": 4.08911054899281, "target_rescale": 4.172955894952419},
{"mapping": [4, 11, 12, 8, 3, 9, 5, 7, 13, 10, 0, 6, 2, 1, 14], "R": [[0.03716955376791625, 0.679161726353458, -0.7330469110018027], [-0.9386240070123115, -0.22800661016049614, -0.25883963989944014], [-0.342933517948955, 0.6976763828450196, 0.6290025970434808]], "T": [0.03369020267388498, -0.04134898715021093, -0.09121132043259451], "aligned_model": [[-0.4362449788029983, 0.5189696756144248, 0.03677685277093204, 0.17942437486467433, -0.08398610543189058, 0.6581075471920992, -0.5782338711567901, -0.5612278185748825, 0.202101249480957, 0.12081944626082336, 0.10423655650604188, -0.2681503966694794, -0.06366136728571817, 0.5683315544276716, 0.18877586150374662], [-0.5551387005043024, 0.07355916692572201, 0.4048421531709516, -0.6677492745565315, -0.6751005958079335, -0.4666059668489382, -0.02915968680225591, 0.43686128225196796, 0.6701841324701061, -0.22025483831600304, -0.2758145543692867, -0.10269546499144493, 0.4348563862708389, 0.17944225996942625, -0.09150910531696707], [-0.20089516319926765, -0.40077716516771744, -0.6470043186803919, -0.3182205807682207, 0.36809535413257777, 0.11811328153795407, -0.5449751118558701, 0.03792601254744439, -0.12660710193758745, -0.7837978419824978, 0.8169215403611959, 0.30156320610647347, 0.5521320229250355, 0.3597386868250109, -0.06297723718485401]], "inverted": true, "swapped": false, "error_lsq": 0.045116388626170595, "error_max": 0.31781412666810854, "target": "574.xyz", "model": "7.xyz", "model_rescale": 3.964800864290218, "target_rescale": 4.172955894952419},
{"mapping": [12, 7, 11, 13, 4, 8, 5, 6, 2, 9, 1, 3, 0, 14], "R": [[0.9188755508130925, 0.24466934620416259, 0.30952323522792896], [-0.16500175354178115, 0.9509055412003017, -0.261826417770818], [-0.3583882579634459, 0.1895140172720457, 0.9141347241032568]], "T": [0.008409948547070839, -0.03968825472186733, -0.03452723776708963], "aligned_model": [[-0.10191290066628197, 0.2623963446008772, 0.2691961677114945, -0.6870128199460209, 0.2307158853383039, -0.3449340819804872, -0.4876034675447967, 0.6830953859656341, 0.2011160957188072, 0.0826308231772853, -0.45141785976220866, 0.09620226349929906, 0.5794652886668838, -0.07074923531791674], [-0.23075244849260992, -0.5919824379312674, 0.18967982741212602, -0.07192171704984562, 0.7276126432938076, -0.7671882200756114, 0.6234552486095699, -0.23771252013061944, -0.5171890267424334, 0.05920039934975401, -0.2523523300030225, 0.5983000810783319, 0.3239176646099915, -0.04211869774696886], [-0.6247283844748115, -0.39100541300046343, -0.44973807402157173, -0.08083283679210351, -0.242080490860631, 0.14249570008038734, 0.07999397607926259, 0.06040902929579442, 0.526608486829761, 0.5778314940852667, 0.6104929886504451, 0.35319291964245214, 0.4120761385035069, -0.05790049529227362]], "inverted": true, "swapped": true, "error_lsq": 0.04321211565615373, "error_max": 0.2910246270475231, "target": "574.xyz", "model": "8.xyz", "model_rescale": 4.121658175737393, "target_rescale": 4.172955894952419},
{"mapping": [5, 9, 0, 4, 1, 13, 2, 7, 6, 8, 10, 11, 14], "R": [[-0.9824582697389853, -0.039808286091506155, -0.18218410627696383], [-0.12597820887050531, -0.578640021231947, 0.8057947733253619], [-0.13749632399180198, 0.8146109661593985, 0.5634746974812558]], "T": [-0.010925975080805686, 0.019003251051904486, 0.029367679990614133], "aligned_model": [[-0.6259237671850385, -0.06502857448140462, 0.4003358444578428, 0.10947076393851458, -0.5347029186200424, -0.6709261980559098, 0.15800128446322592, 0.3935863270551232, 0.6599188027435976, -0.2596928470934389, -0.2814776847753306, 0.2762199914029793, -0.08304352741492176], [0.4291122518967488, -0.31875174162288866, -0.007409957759859136, 0.728387293516636, -0.5756148643775667, 0.02074969400141178, -0.7101589045826817, -0.14832976610341336, -0.18608011664027274, -0.6414300306392161, 0.6976686885951444, 0.4699592454269034, 0.032285647700763566], [-0.36113462026844984, -0.4933802461383621, -0.6691551184482369, -0.3750180962527026, -0.18230594830831096, 0.2556256901099197, -0.1113521822538856, 0.5816213376475322, -0.0770984663703348, 0.46225132237856265, 0.20944269337262028, 0.11425049816011423, 0.06732857033062258]], "inverted": false, "swapped": true, "error_lsq": 0.04411979953629923, "error_max": 0.24541964718619677, "target": "574.xyz", "model": "9.xyz", "model_rescale": 3.833441315466971, "target_rescale": 4.172955894952419},
{"mapping": [3, 13, 5, 9, 9, 8, 4, 6, 0, 2, 11, 7, 12, 10, 14], "R": [[0.3540020673141567, -0.41683075595490315, 0.8372184047352086], [0.23543864107189982, -0.8266384221188936, -0.5111140434061691], [0.9051249541513705, 0.3780489914903228, -0.19449364361240568]], "T": [-0.004697686365000585, 0.09997948238643115, 0.024596701406287814], "aligned_model": [[-0.4750413353342932, 0.5417331732345825, -0.014277890740083319, 0.13682930388814193, 0.13682930388814193, 0.54031423482052, -0.6817358257999331, -0.594873662758714, 0.4221683055382529, 0.17325749186434633, 0.08219784735390565, -0.2838007977875974, -0.0934595587181204, 0.7155635661136006, -0.019665574863138614], [-0.5467595491386057, 0.14836101097077467, 0.29363807434652867, -0.6896053435973594, -0.6896053435973594, -0.41288823862572877, 0.11321649293652261, 0.42774645317325344, 0.5972698026782328, -0.3193200254403421, -0.11276039573644872, -0.40230482876665286, 0.5049759498080718, 0.19409758781211287, 0.009655546722350111], [-0.31426510925395823, -0.5539869872540114, -0.6233537372162776, -0.09555337199672329, -0.09555337199672329, 0.24251427501200085, -0.39654071012636216, 0.09869594427605624, -0.16063484019555543, -0.5314339921756599, 0.6668801213382826, 0.36182941148274744, 0.46176857687763284, 0.40945986400944895, -0.0005904891216131566]], "inverted": false, "swapped": false, "error_lsq": 0.05305117986087064, "error_max": 0.5105761255796423, "target": "574.xyz", "model": "10.xyz", "model_rescale": 4.2482417240324, "target_rescale": 4.172955894952419},
{"mapping": [13, 5, 3, 4, 8, 2, 1, 6, 11, 7, 12, 14], "R": [[-0.6458504867046247, -0.6841384136120252, -0.3388683812984348], [-0.41268529561651945, 0.6862604917643099, -0.5989468959977287], [0.642314561258972, -0.24698414617912126, -0.7255555360762297]], "T": [0.0236595631872705, 0.05742141357543852, -0.07452875534403061], "aligned_model": [[-0.6026941844741271, -0.08003646647167395, 0.4707448772848911, 0.5222753582547062, -0.576629360820403, 0.08979817877794088, -0.3371069276640444, 0.5373464809661207, 0.2675052802545153, -0.08202694703498187, -0.2815724619149984, -0.0508382247949388], [-0.20264196427563985, -0.690367534705408, -0.363062195851776, -0.5836341378837693, 0.6033413857032304, 0.7041243463856006, 0.23549458601532702, 0.5244146645262047, -0.15231898993115028, 0.5467108274944248, 0.022218285541487984, 0.02185211703210748], [0.08931279562677952, 0.2845848000067175, 0.35948942833581565, -0.22176672378492093, 0.09000062127002981, 0.3222292919333105, 0.6402132953522008, -0.22105519674109977, -0.5099221833558715, -0.5705538299006625, -0.6246271114618426, -0.07271289742609965]], "inverted": false, "swapped": true, "error_lsq": 0.04981684594539774, "error_max": 0.26886248185950823, "target": "574.xyz", "model": "11.xyz", "model_rescale": 3.6694154284099745, "target_rescale": 4.172955894952419},
{"mapping": [13, 8, 2, 7, 12, 5, 10, 3, 6, 0, 9, 11, 1, 14], "R": [[-0.7840108649136933, 0.24934757237252086, 0.5684652600196544], [-0.4383806550728508, 0.42596001498007274, -0.7914420173936145], [-0.4394876163843312, -0.8697033136593806, -0.2246481276456857]], "T": [0.12117200648912932, 0.03137427962608921, -0.0249615642810419], "aligned_model": [[-0.16875141991768863, -0.04142131196340082, -0.15752702529685117, 0.6664107582614909, 0.6098430377739666, -0.36004559187656104, 0.33713734779283466, -0.3039740265581693, 0.40994758827495925, -0.06055433005372604, -0.3836794499753565, 0.5493837853948313, -0.6017540731134228, 0.10324956151290299], [-0.34705617859926197, 0.42332662711475444, 0.7355358262330364, 0.3744114337194451, -0.18442122011952689, -0.6366146566378337, -0.6891471291690305, -0.1693767768375419, 0.5797848619429842, 0.30974858933161376, 0.3014102545388677, -0.1855431963934402, 0.2402702490136023, -0.021341396001414735], [-0.5344032455765481, -0.735863874107103, -0.10557988613478264, -0.3107147061400663, -0.3590977285127501, 0.12037985248241084, -0.04545265996642586, 0.5615649837594882, 0.32040988868849446, 0.7148028063475408, 0.22499143083881945, 0.22523973218797827, -0.3512422288959835, -0.08593890531865739]], "inverted": false, "swapped": true, "error_lsq": 0.04247456976965329, "error_max": 0.2504143828969341, "target": "574.xyz", "model": "12.xyz", "model_rescale": 3.9764082729961374, "target_rescale": 4.172955894952419},
{"mapping": [1, 5, 0, 12, 10, 13, 2, 7, 4, 9, 11, 8, 3, 6, 15], "R": [[0.949650212363446, 0.1782249456345945, 0.2576826399112059], [-0.03688838486786139, 0.8803283820741976, -0.47292831039859173], [-0.3111329638914895, 0.43961097400789706, 0.842578465373953]], "T": [0.12165777985749998, -0.06917230879618094, -0.026204222838039037], "aligned_model": [[-0.2639613829839091, 0.6378793150309727, -0.14820100365500954, 0.3201050570986431, -0.19065424897773947, 0.5658335581269265, -0.6332898117938692, -0.3330010925825864, 0.2812435679115963, 0.13238948474859422, -0.004322347461334641, -0.47453679518705455, -0.22845922484377545, 0.8024289267268809, 0.1225845785412768], [-0.5138263920052566, 0.17153713043602384, 0.3078563281046405, -0.643273519971811, -0.7653850041780788, -0.3800948330113755, -0.028274187790603894, 0.5324759010043816, 0.6102918825019705, -0.1712107925377618, -0.36034499068764114, -0.19683404950007735, 0.31213438796299164, 0.2137777132135618, 0.026887620004386006], [-0.26474810935786386, -0.6413450183656801, -0.5848933827652015, -0.22175475960672117, 0.22657231561471186, 0.2575485007106526, -0.28045014997184864, -0.07456164500132113, -0.19568729212205382, -0.6186332100284633, 0.7017327082145595, 0.3314371412355861, 0.6374724554769573, 0.1741672729742791, 0.022378756651692467]], "inverted": false, "swapped": false, "error_lsq": 0.04020068852008673, "error_max": 0.23553794189447846, "target": "574.xyz", "model": "13.xyz", "model_rescale": 4.170626492500431, "target_rescale": 4.172955894952419},
{"mapping": [9, 5, 1, 13, 2, 7, 8, 3, 0, 10, 11, 12, 6, 14], "R": [[0.4224545166855391, 0.7670579012756824, 0.48286059833303135], [0.6759566670912098, -0.6215327231537031, 0.3959541113110023], [0.6038333922092507, 0.15912023799532166, -0.7810672085764332]], "T": [-0.02598328946606468, 0.04315485826801893, 0.14951935487116635], "aligned_model": [[0.3471840553714579, 0.017742505398480837, -0.1920910932858889, -0.5677329569263684, 0.10345236156962659, -0.2914821786593361, -0.5931520976948984, 0.5467125501897342, 0.7765468746057582, -0.24810634195700604, 0.10471532301794398, -0.4648435926533421, 0.3991082455402849, -0.0948706324248034], [0.008508430829239216, -0.7847136245368544, -0.05619475984967223, -0.3423632595025752, 0.5432063497726894, 0.6380065928202854, 0.4209804568733413, -0.4185271681902909, 0.08870092923268771, -0.48442667325698097, 0.011722131328702284, 0.13079960311870456, 0.6021369235509887, -0.0017614642645993883], [-0.3502972899331455, 0.04169749523000424, -0.6475104849638651, -0.06185498181751342, -0.41013309615693844, 0.41836205486942585, -0.32060050647711197, -0.005182646828057913, 0.04163546857042233, 0.6379158037984283, 0.6738752112539865, 0.5930665155670218, 0.25082671648482263, 0.14207284152338706]], "inverted": true, "swapped": true, "error_lsq": 0.04911114703680103, "error_max": 0.38790114727501895, "target": "574.xyz", "model": "14.xyz", "model_rescale": 3.9786697098870705, "target_rescale": 4.172955894952419},
{"mapping": [4, 6, 5, 10, 9, 1, 7, 8, 13, 12, 2, 14], "R": [[0.8701339428686256, -0.14882987005879916, 0.46980484378748255], [0.4866134896075865, 0.10870986152439599, -0.8668272479215652], [0.0779373671599653, 0.9828691854899246, 0.1670147628640809]], "T": [-0.023289418720884657, -0.06121671732300447, -0.08113714959426181], "aligned_model": [[0.10643212399129634, -0.7255754431922826, 0.687753495778877, 0.47481675006834634, -0.10511896186384476, 0.2500226150228294, -0.4475672509505605, -0.014984042799001805, 0.5995200558871824, 0.05174202806102957, -0.4434151490506665, 0.04972837581413172], [-0.49512573465683196, -0.06047704963577769, -0.016772424582627017, -0.6158161643608244, 0.4782184859175238, 0.6967335530944594, -0.31259515775211066, 0.36077241481222794, 0.045891060100786495, -0.5492226217149394, 0.5495308839382589, -0.06646275493570639], [-0.7711692043067688, -0.18223480873165526, -0.5185687464835927, -0.1837125469289853, -0.38541417466296696, 0.0722598336955038, 0.42226313285596967, 0.631113871544957, 0.2145524070137968, 0.3103147249029085, 0.09349871764189537, -0.04293671266723188]], "inverted": false, "swapped": true, "error_lsq": 0.04462068046838843, "error_max": 0.2579756683164721, "target": "574.xyz", "model": "15.xyz", "model_rescale": 3.769337070930944, "target_rescale": 4.172955894952419},
{"mapping": [2, 6, 1, 9, 8, 7, 13, 11, 5, 3, 14], "R": [[-0.19080482966337603, -0.508881735938463, -0.8394241453552469], [-0.9780303790375433, 0.025406761902452557, 0.20690837133695594], [-0.08396484178993974, 0.8604614316039323, -0.5025495299622733]], "T": [0.08002853229708212, -0.06629108631267433, 0.06826787586939984], "aligned_model": [[-0.3630685273649556, -0.32700849603239573, -0.12620628167409173, -0.4715872600475692, 0.30621408166677944, 0.3499094874848542, 0.5135555407885857, 0.210980582796561, 0.11226582447232528, -0.4259157805064417, 0.14348695910751932], [0.01686256229503133, -0.5995428396304475, 0.6379028479432134, 0.21862438845274795, 0.22724742040592083, -0.5433435618870237, 0.48037096020108105, -0.4782742209939552, 0.49408627809837535, 0.15588933017673628, -0.013758667436337621], [-0.5455451366180569, -0.16279568489130858, -0.2981974283012978, -0.0011159153643845732, -0.6720837746001967, -0.3746766456910049, 0.06495557408492275, 0.3940602406651621, 0.6878174621202433, 0.5778949380568597, 0.07390397776283893]], "inverted": true, "swapped": true, "error_lsq": 0.04318044157487645, "error_max": 0.20580196054050054, "target": "574.xyz", "model": "16.xyz", "model_rescale": 3.7852294659196426, "target_rescale": 4.172955894952419},
{"mapping": [6, 12, 8, 7, 11, 10, 5, 13, 2, 0, 3, 1, 14], "R": [[-0.13593106480744555, -0.3037754496982021, 0.9429969362521649], [-0.4637285314244846, 0.8606328063356733, 0.2103972951386842], [-0.8754876325586818, -0.40869505602519696, -0.25785607694478774]], "T": [-0.04073716828828099, 0.048043702960245696, -0.02797651459077799], "aligned_model": [[0.20442293372487547, -0.4564223554878612, 0.45100697458471767, -0.03783084544385269, -0.4885640661688657, -0.7489102228370196, -0.3294014107052085, -0.12812904000117958, 0.7009805050306921, 0.20655014018877105, -0.029312239384865282, 0.5761406312821892, -0.06676515456611011], [-0.1702205456818479, -0.4036850816491442, -0.4174286899253064, -0.6399304964777898, -0.015142943778148427, 0.17585497329317096, 0.7393031655392333, 0.1014217990938707, -0.08924742931860298, 0.5004686065014418, 0.7728725086117442, 0.2750725476722899, 0.04571720982196345], [-0.6570108428311294, 0.1140128549870158, 0.4484355690456561, -0.18061234852296326, -0.3254285694830872, 0.1919489686209475, 0.34315288860914195, 0.662175259401709, -0.13296216094648208, -0.654018634156812, -0.22686392279158196, 0.4625725642619315, 0.05035307094882771]], "inverted": true, "swapped": true, "error_lsq": 0.04820907752067541, "error_max": 0.36059967530123904, "target": "574.xyz", "model": "17.xyz", "model_rescale": 3.901054581598922, "target_rescale": 4.172955894952419},
{"mapping": [12, 1, 6, 3, 13, 2, 11, 10, 4, 7, 5, 9, 10, 8, 14], "R": [[-0.5091084772690869, -0.2840882758349733, -0.8124668669588095], [-0.1572309897388518, -0.8973769007492248, 0.4123022118148979], [-0.8462192235103696, 0.33765152085371686, 0.41219470669415365]], "T": [0.12861124650033115, -0.0776950908356654, -0.05970452705870502], "aligned_model": [[-0.32830504468511335, 0.5455513258805417, -0.12348254628103697, 0.27010367957281156, -0.028752138317523157, 0.6568953863979464, -0.6100639470107163, -0.3362081666848349, 0.3375511283342696, 0.09537430040413669, 0.12894498781001315, -0.3940377531220387, -0.3362081666848349, 0.6286349144919284, 0.08004062059406274], [-0.5810435946214235, 0.20523053483837517, 0.3102870908518548, -0.8047786476497529, -0.6771841144208977, -0.5762248273099606, 0.02985479627345329, 0.5198488367408118, 0.6802792136187038, -0.22585030540627543, -0.16843989615483962, -0.18263408956933902, 0.5198488367408118, 0.1693078631378187, -0.10278450352399048], [-0.35944256378942707, -0.5411602467040454, -0.6510118004828, -0.24607856577273873, 0.31891384811618173, 0.3354183289894044, -0.34170269939481845, 0.2554746535220186, 0.026278317020465347, -0.7051674319626038, 0.5582366642531736, 0.32761375429760276, 0.2554746535220186, 0.2999955206428133, -0.06360684859795954]], "inverted": false, "swapped": false, "error_lsq": 0.04464685708886173, "error_max": 0.3866364267121234, "target": "574.xyz", "model": "18.xyz", "model_rescale": 3.9405287249114394, "target_rescale": 4.172955894952419},
{"mapping": [12, 6, 0, 3, 14, 10, 4, 7, 8, 1, 11, 13, 9, 5, 15], "R": [[0.7858937821946458, -0.30550270069200747, -0.5376235327603176], [-0.295467739175743, 0.5782322299764531, -0.7604908305317254], [0.5432032568147669, 0.7565154248832923, 0.36416292191748784]], "T": [-0.01376841904205281, -0.09317058342554012, -0.05958082114809343], "aligned_model": [[-0.3398859978778146, 0.5402465378972695, -0.02716790553231571, 0.21637806481257954, -0.12561581714053774, 0.5129862480508462, -0.5790292458066502, -0.40903376615161735, 0.1808892924276164, 0.2979378159679378, 0.17976318913571684, -0.4379951469212511, -0.03699731463692288, 0.5894432941560391, 0.024119332318715422], [-0.46067504324864744, 0.26878030210168397, 0.2522133232382538, -0.8573577968273209, -0.7621811081055071, -0.5844988236286912, 0.16116923637059583, 0.46117458340373246, 0.6205428676653124, -0.2617372559824124, -0.1890444501991843, -0.22418614068394815, 0.3905847973808346, 0.40347551326042813, -0.10254281119977968], [-0.30191707306641363, -0.40648489945476196, -0.6538910673456533, -0.35703517683403, 0.31412232237925203, 0.2551096903409722, -0.4474680243496829, 0.11956239063712606, -0.21767459279433238, -0.6163068973637125, 0.6278542086589509, 0.44459816738786734, 0.5357770518214819, 0.22456865794008346, -0.0515791742978621]], "inverted": false, "swapped": false, "error_lsq": 0.038268117211105616, "error_max": 0.22027165088464154, "target": "574.xyz", "model": "19.xyz", "model_rescale": 4.410303926677745, "target_rescale": 4.172955894952419},
{"mapping": [12, 7, 11, 13, 4, 8, 5, 6, 2, 9, 1, 3, 0, 14], "R": [[0.9188755508130925, 0.24466934620416259, 0.30952323522792896], [-0.16500175354178115, 0.9509055412003017, -0.261826417770818], [-0.3583882579634459, 0.1895140172720457, 0.9141347241032568]], "T": [0.008409948547070839, -0.03968825472186733, -0.03452723776708963], "aligned_model": [[-0.10191290066628197, 0.2623963446008772, 0.2691961677114945, -0.6870128199460209, 0.2307158853383039, -0.3449340819804872, -0.4876034675447967, 0.6830953859656341, 0.2011160957188072, 0.0826308231772853, -0.45141785976220866, 0.09620226349929906, 0.5794652886668838, -0.07074923531791674], [-0.23075244849260992, -0.5919824379312674, 0.18967982741212602, -0.07192171704984562, 0.7276126432938076, -0.7671882200756114, 0.6234552486095699, -0.23771252013061944, -0.5171890267424334, 0.05920039934975401, -0.2523523300030225, 0.5983000810783319, 0.3239176646099915, -0.04211869774696886], [-0.6247283844748115, -0.39100541300046343, -0.44973807402157173, -0.08083283679210351, -0.242080490860631, 0.14249570008038734, 0.07999397607926259, 0.06040902929579442, 0.526608486829761, 0.5778314940852667, 0.6104929886504451, 0.35319291964245214, 0.4120761385035069, -0.05790049529227362]], "inverted": true, "swapped": true, "error_lsq": 0.04321211565615373, "error_max": 0.2910246270475231, "target": "574.xyz", "model": "20.xyz", "model_rescale": 4.121658175737393, "target_rescale": 4.172955894952419},
{"mapping": [10, 11, 0, 5, 9, 12, 6, 13, 7, 8, 2, 1, 14], "R": [[-0.7791459737106731, 0.5694432180648568, 0.2620419299470739], [0.4673660097410128, 0.24914567662698317, 0.8482307732904096], [0.4177326472628286, 0.7833650829709112, -0.4602592554123889]], "T": [0.04509926726696087, -0.04552472108323639, 0.1033880398328851], "aligned_model": [[0.11744500348580825, -0.20638187308424202, 0.26070937863066057, 0.761485756408323, 0.45156051383122964, -0.385025051072887, -0.3488137042170891, 0.3412786551541328, -0.6363261385750363, -0.10642339831445038, 0.014086933497982651, 0.5492734883764222, 0.06821334054344033], [-0.6513589041554873, -0.13546264774260278, 0.6543823674922407, -0.3852848749331597, 0.40536604529281944, -0.5033411894128605, 0.5370135778663725, -0.5974755524812423, -0.05341509272301089, -0.15029000459590178, 0.4969274643793274, 0.04405465269368016, -0.12028893751699152], [0.5437776982617007, 0.5742251806224797, 0.45182797581662065, 0.36844871101261195, -0.044116849743801576, 0.15249204042140413, 0.19777365903777844, -0.20389697679360286, -0.07608842635004097, -0.703773927314307, -0.43027834424796924, -0.5373167324763554, 0.07703573123527077]], "inverted": true, "swapped": true, "error_lsq": 0.041688120874848154, "error_max": 0.24042843569800723, "target": "574.xyz", "model": "21.xyz", "model_rescale": 4.08911054899281, "target_rescale": 4.172955894952419},
{"mapping": [10, 11, 8, 9, 12, 14, 6, 0, 1, 5, 3, 13, 4, 15, 16], "R": [[-0.24325702732653892, 0.20644709849845605, 0.9477371018261469], [-0.7519130408731616, -0.6573789395188793, -0.04979667500856827], [0.612742031870779, -0.7247292773157452, 0.3151423122658504]], "T": [0.04070920770025336, -0.027936782236466395, -0.03021844238117067], "aligned_model": [[-0.34529307086279665, 0.5673668574966109, 0.019288203396269778, 0.306773219216874, -0.10642757120590918, 0.4059467425989381, -0.5436319348193955, -0.5367959612271176, 0.23402528082832655, 0.14137730412586388, 0.15581036139035878, -0.3177946940235697, -0.14845364388649612, 0.7486509633933498, 0.0051965242783046164], [-0.6067704556815612, 0.20133894021296664, 0.32379526260832603, -0.6520615895920889, -0.6999941355819155, -0.409436797372186, 0.15025151367494274, 0.46904273274653097, 0.7277791252580945, -0.33954920886053513, -0.20638080121843405, -0.2357289886316554, 0.2978376780534541, 0.1106949987848087, -0.015101080855397561], [-0.4389839358430423, -0.5361407617788378, -0.6273681114457886, -0.24753337095605976, 0.23747389621206227, 0.33431121004732695, -0.45725297132512877, 0.10970489280173495, -0.17691794577519357, -0.655112580522721, 0.8119147298684726, 0.484589597026192, 0.5566210607797355, 0.07516997126671851, -0.0012400966961861604]], "inverted": false, "swapped": false, "error_lsq": 0.03647398272971632, "error_max": 0.25958820774377805, "target": "574.xyz", "model": "22.xyz", "model_rescale": 4.204369325754507, "target_rescale": 4.172955894952419},
{"mapping": [12, 6, 0, 3, 14, 10, 4, 7, 8, 1, 11, 13, 9, 5, 15], "R": [[0.7858937821946458, -0.30550270069200747, -0.5376235327603176], [-0.295467739175743, 0.5782322299764531, -0.7604908305317254], [0.5432032568147669, 0.7565154248832923, 0.36416292191748784]], "T": [-0.01376841904205281, -0.09317058342554012, -0.05958082114809343], "aligned_model": [[-0.3398859978778146, 0.5402465378972695, -0.02716790553231571, 0.21637806481257954, -0.12561581714053774, 0.5129862480508462, -0.5790292458066502, -0.40903376615161735, 0.1808892924276164, 0.2979378159679378, 0.17976318913571684, -0.4379951469212511, -0.03699731463692288, 0.5894432941560391, 0.024119332318715422], [-0.46067504324864744, 0.26878030210168397, 0.2522133232382538, -0.8573577968273209, -0.7621811081055071, -0.5844988236286912, 0.16116923637059583, 0.46117458340373246, 0.6205428676653124, -0.2617372559824124, -0.1890444501991843, -0.22418614068394815, 0.3905847973808346, 0.40347551326042813, -0.10254281119977968], [-0.30191707306641363, -0.40648489945476196, -0.6538910673456533, -0.35703517683403, 0.31412232237925203, 0.2551096903409722, -0.4474680243496829, 0.11956239063712606, -0.21767459279433238, -0.6163068973637125, 0.6278542086589509, 0.44459816738786734, 0.5357770518214819, 0.22456865794008346, -0.0515791742978621]], "inverted": false, "swapped": false, "error_lsq": 0.038268117211105616, "error_max": 0.22027165088464154, "target": "574.xyz", "model": "23.xyz", "model_rescale": 4.410303926677745, "target_rescale": 4.172955894952419},
{"mapping": [11, 8, 10, 14, 13, 6, 1, 3, 4, 9, 12, 7, 0, 5, 16], "R": [[0.6415345592248869, 0.0937913018212855, -0.7613386900866125], [0.3541729662346575, 0.8441609865132622, 0.40243476345551993], [0.6804373000568639, -0.5278213907673927, 0.5083401028245766]], "T": [0.0702707173226316, -0.11341440310462891, -0.06444861512377484], "aligned_model": [[-0.2917489484302852, 0.4865330663129075, -0.08511189182583143, 0.2835475892464608, 0.04937114597360206, 0.5631898090456892, -0.7456878229405632, -0.2848668688549775, 0.32402763268813384, 0.2835074074118108, 0.15973660376039722, -0.4782519681353202, -0.2205958914509559, 0.5392497581175277, 0.0031389597810160125], [-0.4561637800664559, 0.32032867097898654, 0.1935586898734531, -0.7282169017529214, -0.6956891661661386, -0.5268373204355239, 0.13553810872406127, 0.71264585218886, 0.5211564006587232, -0.2504818203562722, -0.14670653353569815, -0.3313967075499683, 0.25104512357805936, 0.13111784091104914, -0.014181263504863914], [-0.45455900054204157, -0.6250726154591573, -0.6170856671183917, -0.2506765764315184, 0.32887813459994597, 0.3405332982999302, -0.15702105700622496, -0.037012614277105144, -0.14698161401796872, -0.6373034141402092, 0.7337138520462639, 0.24139035421956137, 0.5296487509678038, 0.27594038933977794, -0.055156636821381305]], "inverted": true, "swapped": false, "error_lsq": 0.04643162523683766, "error_max": 0.28402741570171236, "target": "574.xyz", "model": "24.xyz", "model_rescale": 4.28219845311461, "target_rescale": 4.172955894952419},
{"mapping": [4, 12, 2, 7, 3, 9, 0, 6, 14, 13, 5, 1, 8, 11, 15], "R": [[0.3065563042699576, -0.24268333636208622, 0.9203955837380536], [-0.5494030870130955, 0.7445070417119649, 0.3792960754104642], [-0.7772898303032317, -0.6219437780808375, 0.09490235304621156]], "T": [0.08098859957250594, -0.061266495278740236, -0.049079577942533446], "aligned_model": [[-0.39877010946452285, 0.7874352294696436, -0.18454105772559665, 0.2833944280959095, -0.1391570638301185, 0.5746426301765715, -0.7109915491360942, -0.46750657891891256, 0.2971071132508833, 0.3365330471542931, 0.200345656510674, -0.345443507994939, -0.1645682280757546, 0.5078338334835548, 0.009724737704019992], [-0.5114734215621354, 0.12863396551197226, 0.23964725434819473, -0.7337460443165785, -0.7483358279593713, -0.47164936463917023, 0.05190334345071689, 0.6517124401927226, 0.6220355776002157, -0.14714479140008846, -0.11973227568692546, -0.26040393101672427, 0.2782348825466261, 0.1907117983180236, -0.05467641184212831], [-0.3681311061559138, -0.2710950601312224, -0.6038091884452812, -0.3842648139775439, 0.23290794631099734, 0.16249849862195978, -0.20881123945414135, 0.005794930772067851, -0.30702470803690163, -0.5784550689717441, 0.7921197601423599, 0.3849450045063859, 0.5044425225907917, 0.1762804830533753, -0.0681623771659042]], "inverted": false, "swapped": false, "error_lsq": 0.04130449405399243, "error_max": 0.2938653568841972, "target": "574.xyz", "model": "25.xyz", "model_rescale": 4.100010024507729, "target_rescale": 4.172955894952419},
{"mapping": [13, 5, 3, 4, 8, 2, 1, 6, 11, 7, 12, 14], "R": [[-0.6458504867046247, -0.6841384136120252, -0.3388683812984348], [-0.41268529561651945, 0.6862604917643099, -0.5989468959977287], [0.642314561258972, -0.24698414617912126, -0.7255555360762297]], "T": [0.0236595631872705, 0.05742141357543852, -0.07452875534403061], "aligned_model": [[-0.6026941844741271, -0.08003646647167395, 0.4707448772848911, 0.5222753582547062, -0.576629360820403, 0.08979817877794088, -0.3371069276640444, 0.5373464809661207, 0.2675052802545153, -0.08202694703498187, -0.2815724619149984, -0.0508382247949388], [-0.20264196427563985, -0.690367534705408, -0.363062195851776, -0.5836341378837693, 0.6033413857032304, 0.7041243463856006, 0.23549458601532702, 0.5244146645262047, -0.15231898993115028, 0.5467108274944248, 0.022218285541487984, 0.02185211703210748], [0.08931279562677952, 0.2845848000067175, 0.35948942833581565, -0.22176672378492093, 0.09000062127002981, 0.3222292919333105, 0.6402132953522008, -0.22105519674109977, -0.5099221833558715, -0.5705538299006625, -0.6246271114618426, -0.07271289742609965]], "inverted": false, "swapped": true, "error_lsq": 0.04981684594539774, "error_max": 0.26886248185950823, "target": "574.xyz", "model": "26.xyz", "model_rescale": 3.6694154284099745, "target_rescale": 4.172955894952419},
