[{"mapping": [0, 1, 6, 8, 4, 2, 11, 12, 7, 10, 5, 13], "R": [[-0.9113975025176523, 0.07761416705707777, 0.4041418482125086], [-0.14021249705360223, 0.8647301087384187, -0.4822678661400077], [-0.3869044430793989, -0.4962034664462541, -0.7772303852862043]], "T": [0.03450411997110906, -0.10598210447387092, -0.043823828057806276], "aligned_model": [[-0.22061906042131432, 0.17040528991411594, 0.4942208607027519, -0.15789394562941028, -0.061636146116421354, -0.6599769791804383, 0.48265899822344654, -0.27398598113618283, 0.4932581204061693, 0.10177534286735615, -0.5413947867620851, 0.010830749592561202], [-0.35301405048148476, -0.7528495398584483, -0.37713456289968317, 0.6906452231949914, 0.37917942369175495, -0.38272179920697424, -0.2927412376853669, -0.5624482402998361, 0.29063175515879747, 0.3716040431869271, 0.07884771557112001, -0.03644369439473985], [-0.6216665185638689, 0.1197466697276709, -0.5235980284906451, 0.008137781082979016, -0.620460916736208, 0.030481029486223575, 0.6537881867099229, 0.5195298403638502, -0.26587510153385696, 0.4997373766652379, 0.4291011282043419, -0.04696970156208484]], "inverted": true, "swapped": true, "error_lsq": 0.04339345986055685, "error_max": 0.3085334925407358, "target": "575.xyz", "model": "0.xyz", "model_rescale": 3.751011558992144, "target_rescale": 4.1052994001874366},
{"mapping": [12, 6, 9, 13, 3, 5, 7, 0, 2, 1, 8, 4, 10, 14], "R": [[-0.15646687513540702, -0.8366100254762159, -0.5249778873991229], [0.20211721653221984, -0.5473978130672676, 0.8120986793675017], [-0.966781644305801, 0.020959473320147914, 0.2547429149387933]], "T": [-0.016367309447420344, 0.05300508395092231, 0.06932227918237566], "aligned_model": [[-0.5277271870905459, 0.2296533816539787, -0.6057351427991171, -0.6072338552785057, -0.24918827094054438, -0.29329410963470154, 0.11264735960468761, 0.36747094285690424, -0.04683185853884894, 0.6283446777102554, 0.36181080828659956, 0.5311805762680646, -0.1436591481432886, -0.06508945024001002], [-0.0630232998139218, 0.5267284676952702, 0.27882286850816096, -0.3356002438418512, -0.6064744856950798, -0.032326125253650986, -0.030855638276968564, -0.5414586966515621, -0.6720803671089194, 0.03473148132331429, -0.06201598137130314, 0.526360604138301, 0.8031961902070178, 0.0626514347531303], [-0.45700802944039076, -0.4586793500896711, 0.2586408110863624, 0.23474544119208796, -0.23773958204711038, 0.6225999482323193, -0.5756580447299399, -0.2041471489430512, 0.46563163044488376, -0.19468165733760345, 0.6023979941977633, 0.388226393715955, 0.37504084261047566, 0.046150888284216374]], "inverted": false, "swapped": false, "error_lsq": 0.035122212402554795, "error_max": 0.27628458140737955, "target": "575.xyz", "model": "1.xyz", "model_rescale": 3.9405287249114394, "target_rescale": 4.1052994001874366},
{"mapping": [4, 3, 0, 10, 5, 6, 7, 8, 12, 1, 11, 9, 13], "R": [[-0.10108792613533435, -0.2754459254108783, 0.9559868060617793], [-0.30549920263335806, -0.9058897041274885, -0.2933156680884845], [0.9468112105272306, -0.3217038795699493, 0.0074260009159687335]], "T": [-0.09409176087116874, -0.04960334688576294, -0.027023495184031725], "aligned_model": [[-0.04487118862519385, 0.22300421453225996, -0.47447513131157115, 0.510656610118205, 0.5640329879847679, -0.7621296380106213, -0.15804431452279963, 0.5690620975596506, 0.05377016375530266, -0.5065698195487836, -0.031177828539679014, -0.4098575208885228, -0.037417353219083904], [0.708466801678941, 0.40379296040942425, 0.28504101499961143, -0.20202738168232576, -0.26358652034822083, 0.12852492747672095, 0.3235777272183481, 0.4035134087092741, -0.7436670743151631, -0.5794384065691136, -0.7567036639538923, -0.2453392030330459, -0.0033219970185419667], [-0.03350241004344971, -0.5356821065044193, -0.47795191194645886, 0.3459631675124248, -0.35953310982419906, 0.16543983482954125, 0.4961500051312711, 0.14398612298845145, -0.369524918354471, -0.1401542838252032, 0.4403470971817126, 0.45739777709650964, -0.0198149146530661]], "inverted": false, "swapped": true, "error_lsq": 0.05106591642722598, "error_max": 0.3521452219730063, "target": "575.xyz", "model": "2.xyz", "model_rescale": 3.932901565614263, "target_rescale": 4.1052994001874366},
{"mapping": [7, 0, 8, 9, 5, 11, 4, 6, 12, 2, 10, 1, 3, 13], "R": [[0.6447103259495226, -0.33818369705710494, -0.6855511524743055], [-0.20372575668741488, 0.7883680779445594, -0.5804925406412569], [0.736779757916978, 0.5139139623738485, 0.4393723109175294]], "T": [-0.06311812937781688, 0.08228600930176852, 0.08207716362721254], "aligned_model": [[-0.5671823824243396, 0.21518529077753537, -0.7172446096729493, -0.6345272719753683, -0.1350020456716353, -0.2363318524342103, 0.18595137405760515, 0.39926667915327774, -0.0471494462277294, 0.661645705368946, 0.2723850891016655, 0.5695029002107663, -0.23167077849128218, -0.042479928057353865], [0.03509010833427735, 0.5481572975861131, 0.27941001984513203, -0.37888600116962234, -0.5647961621522188, 0.26422218410772175, -0.033741039236125175, -0.41712659887539016, -0.6354666274143124, 0.07002251230367176, -0.22647207847051262, 0.4142649417895097, 0.5630538982853763, -0.029076246321682], [-0.42134544520125494, -0.3109387116566307, 0.35049362693732755, 0.10667203916159076, -0.2227458204460405, 0.939168134767003, -0.7472168198332928, 0.023089060461327637, 0.3422808603824673, -0.32873525544363813, 0.6345728413717044, 0.2779067891151198, 0.11580726117076287, 0.10651157638985075]], "inverted": false, "swapped": false, "error_lsq": 0.04503234459630528, "error_max": 0.2993908570989222, "target": "575.xyz", "model": "3.xyz", "model_rescale": 3.9243930471874484, "target_rescale": 4.1052994001874366},
{"mapping": [4, 10, 3, 0, 2, 7, 6, 5, 12, 11, 1, 9, 13], "R": [[-0.9519100967063854, 0.30599501890009745, 0.015304123521762691], [0.2294555441133937, 0.6789243124612332, 0.6974323846973759], [0.203020494197179, 0.6674045447533087, -0.7164871614889987]], "T": [-0.011077974763510433, -0.10994793245578303, -0.09671987549919805], "aligned_model": [[0.0036207086033011315, -0.3692382695946383, 0.5099412337342697, 0.43261720317503555, 0.7051405908569781, -0.5323405023934471, -0.21959176500502056, 0.33683637355627866, 0.32888663302007937, -0.48304186828691953, 0.08621508303611797, -0.5054839178956934, -0.016355616494988783], [-0.7619557388693862, 0.3032499928097675, -0.3706117068457392, -0.5831495950957793, 0.10955355632015075, -0.4690605684206139, -0.5726368844090425, 0.379552676624233, 0.5736863551993274, 0.5497570843070305, 0.17267987399539486, -0.0780139446188771, -0.12522154731487897], [-0.48634117920048836, -0.5753234765200527, -0.5715303988171607, 0.10134468478851272, -0.15381742588474165, -0.22473568155247234, 0.41071224197048883, -0.5750757967057997, 0.0981212329919339, 0.15709829949181217, 0.5150950463711997, 0.25996975630323405, -0.168446987865502]], "inverted": false, "swapped": true, "error_lsq": 0.04600444920984291, "error_max": 0.31580196459540216, "target": "575.xyz", "model": "4.xyz", "model_rescale": 3.8936222436046832, "target_rescale": 4.1052994001874366},
{"mapping": [4, 7, 8, 3, 10, 11, 1, 12, 2, 0, 5, 13], "R": [[-0.9830380721830447, 0.12461738820879639, -0.134560972033727], [-0.09069459537665234, 0.30739438016463055, 0.9472503288005069], [0.15940714854770047, 0.9433870900108933, -0.29087825527644834]], "T": [-0.1453168891817204, -0.17268521085508362, 0.03998913208265877], "aligned_model": [[0.029853142271574956, -0.5650178554373689, -0.2508706817513555, 0.4317279606773671, -0.5808412718182182, -0.7639659899992244, -0.12935983557193464, 0.020656592076927077, 0.5003323477131515, 0.3930321227820378, 0.0874268705716219, -0.14542535929948158], [-0.5313950094460828, -0.5160152789915723, 0.10785872940205446, -0.05874165946770457, 0.34357209369732145, 0.17024722397703, -0.21488726661419622, 0.37780327848978135, 0.18124213637400685, -0.585176568273079, 0.5458030332753684, -0.15138780731312027], [-0.60636814658785, -0.31078161620986655, -0.7245274590514516, -0.42786529004529744, -0.22809599762950575, 0.5112161761764578, 0.7194199774440438, 0.5787934174951891, 0.18926258369010182, 0.04677263163996941, -0.0981579372026693, -0.030383620443603453]], "inverted": false, "swapped": true, "error_lsq": 0.0394121488998141, "error_max": 0.22331319133954658, "target": "575.xyz", "model": "5.xyz", "model_rescale": 3.6523030999806103, "target_rescale": 4.1052994001874366},
{"mapping": [6, 0, 2, 1, 12, 7, 3, 9, 8, 10, 5, 11, 13], "R": [[-0.24736530957261094, -0.9571676651005572, 0.15046748654109285], [0.7614931404002501, -0.2880731751668335, -0.5806393397563276], [0.5991148477073587, -0.029050071174551273, 0.8001359213417067]], "T": [0.03784964968913119, -0.09861999838206001, 0.08822952633810324], "aligned_model": [[0.15231981081790674, -0.06457639084876682, 0.16389283415204411, 0.7007811820689903, 0.6231629820279186, -0.308954025890858, -0.46861645224912474, 0.3140401655739858, -0.6688968588646659, -0.11465846524169854, -0.029636441115828492, 0.6110108488529632, -0.028786284618571682], [-0.6590067176743079, -0.010375560030132375, 0.605114619567536, -0.12979400488343681, 0.398176758849898, -0.6315270490576333, 0.39826563858462927, -0.626334904852492, 0.03950046708595226, -0.03596848533381289, 0.5767565742015254, -0.30165760055920093, -0.0823228317353414], [0.5217150830436059, 0.7528622217517584, 0.3190558045737826, 0.24058397948546265, -0.08924192587742463, -0.02491569258298293, 0.3361174109150311, -0.04563714629966201, -0.3064402512305261, -0.6195054466146366, -0.27064613480795485, -0.5056107415478007, 0.06177257867313604]], "inverted": true, "swapped": true, "error_lsq": 0.05361197024693046, "error_max": 0.24268978447654588, "target": "575.xyz", "model": "6.xyz", "model_rescale": 4.08911054899281, "target_rescale": 4.1052994001874366},
{"mapping": [0, 6, 2, 1, 9, 13, 3, 8, 11, 4, 12, 5, 7, 14], "R": [[0.6887137915767582, -0.7240188236623097, -0.03834131289628462], [-0.47584655627094763, -0.4912763407726436, 0.7295324611572271], [-0.5470314142506311, -0.48419448569731416, -0.6828706552805356]], "T": [0.05860640928718234, -0.03663626150284445, 0.13011882720894574], "aligned_model": [[-0.5568711212604067, -0.08090176464564255, -0.6156876030176593, -0.6248379147703104, -0.17464250043759805, -0.32351182942447565, 0.057358228357785646, 0.46384055202101043, 0.02882307341963551, 0.5906231062629186, 0.27232395047643027, 0.6682200465174688, -0.005099330051684038, -0.007288169732544265], [0.06779030801170648, 0.3178504764489973, 0.4054332210612512, -0.302786678130189, -0.6887514107659626, 0.06738573351639239, -0.03844773782993367, -0.46083821725530677, -0.5106233544215185, 0.15913768691154723, -0.029597868076062253, 0.3833720029894591, 0.7034578568357933, -0.184725810684236], [-0.5733999600841535, -0.1924018519353013, 0.12366120794136193, 0.12639451544932126, -0.23716592080209364, 0.7457969887087195, -0.6613649672326443, -0.2177129763736898, 0.4750539683706746, -0.2887848430584816, 0.810028520930979, 0.3103006815793345, 0.3480436750654799, 0.09707109861679078]], "inverted": true, "swapped": false, "error_lsq": 0.0422122626343686, "error_max": 0.3621065360570207, "target": "575.xyz", "model": "7.xyz", "model_rescale": 3.964800864290218, "target_rescale": 4.1052994001874366},
{"mapping": [0, 2, 6, 3, 5, 11, 1, 8, 10, 7, 9, 12, 4, 13], "R": [[0.8563839800833153, -0.26377283122057543, 0.44388103379908245], [0.47501000868525584, 0.7394746577926046, -0.4770143835686131], [-0.2024153410823733, 0.6193554100776005, 0.758568985460198]], "T": [-0.07058227615178, 0.02440872327073702, 0.024286514955853877], "aligned_model": [[-0.5482857024238433, -0.054614430178102635, -0.5435775308170574, -0.7285764309378844, -0.09369495245911189, -0.10505040334196375, 0.16206246560809304, 0.5100253238323335, -0.14775709241317667, 0.5394962799448177, 0.35265911256018656, 0.5431197956393837, -0.1669131970766886, -0.026544514222057933], [0.17144387090855423, 0.5847473831310535, 0.23149339966543023, -0.2525463340254553, -0.8052505341113574, 0.2252695981619998, -0.09701914757362796, -0.4792731212038209, -0.6263060027007707, 0.19486459359147548, -0.21288123889118662, 0.3281696014426629, 0.6639529618179746, -0.03800882160099349], [-0.4888796125406909, -0.3283809515263799, 0.28866739369933125, -0.10339388372691227, -0.07671865225100241, 0.8277790050511865, -0.6787437742110362, 0.008255426574966696, 0.5200166896941654, -0.30067827794639734, 0.5125660737405455, 0.34330694260904265, 0.30140907922775784, 0.040314678781720514]], "inverted": false, "swapped": false, "error_lsq": 0.047943174807890156, "error_max": 0.292092323477361, "target": "575.xyz", "model": "8.xyz", "model_rescale": 4.121658175737393, "target_rescale": 4.1052994001874366},
{"mapping": [7, 9, 11, 10, 6, 4, 1, 2, 12, 0, 8, 5, 13], "R": [[0.12957946159352182, -0.812080178034192, -0.5689771063734362], [-0.1309751301120457, 0.5547693479463415, -0.8216303827581621], [0.9828808058077368, 0.18098827316471788, -0.03447559356396537]], "T": [-0.08135260413712478, -0.0542625363527715, -0.01723310224109108], "aligned_model": [[-0.623365890407625, -0.20164126670115876, 0.3723520338407008, 0.11014820585900431, -0.5308404350007535, -0.7166679567994177, 0.28133084903380745, 0.38663277938747975, 0.6969369971636892, -0.32571470336724584, -0.3162459778020539, 0.44894915526732326, -0.10513629403855268], [0.13069897585533444, -0.2402392540229638, -0.008500930449763487, 0.5864792158260405, -0.5733671703590113, 0.15721945303047563, -0.5881149280074455, -0.15319652234527564, -0.17694426208226743, -0.4711388977112248, 0.7123375875921655, 0.40451273078229777, 0.010641441303347994], [-0.315688109115113, -0.5861160495704366, -0.7344794119493775, -0.30157475577264414, -0.22588949365773017, 0.3416328365898041, -0.23431431151374973, 0.5620870292900987, -0.006777384175540758, 0.45870392961661566, 0.16019709991195166, 0.2954727110205102, 0.007821343284700969]], "inverted": true, "swapped": true, "error_lsq": 0.0433138750590885, "error_max": 0.25590095293039505, "target": "575.xyz", "model": "9.xyz", "model_rescale": 3.833441315466971, "target_rescale": 4.1052994001874366},
{"mapping": [7, 12, 4, 3, 9, 5, 11, 8, 2, 10, 13, 0, 1, 14], "R": [[-0.5890931438009747, 0.5441674905951512, -0.5973700780136717], [-0.3091305613628708, 0.5312629181793377, 0.7887952889052082], [0.7465973238353865, 0.6493392441143154, -0.14474454081204213]], "T": [-0.050714873612564514, 0.1106793282534883, 0.010631146178413077], "aligned_model": [[-0.3828057998014413, 0.07331692975574483, -0.769316800831657, -0.7454763282847906, -0.16731538064874193, -0.1417423368404226, 0.10603945060411687, 0.3599417540625733, -0.1204718261862979, 0.7310605096054897, 0.3519176752578364, 0.4503104869842423, 0.04250942149164592, -0.09561903145337003], [-0.17863243804521828, 0.6121305308042468, 0.2480250021624268, -0.40491442035419684, -0.6864309713575901, 0.1404877998101312, 0.03661604097556283, -0.48760087240788025, -0.4608708792263057, 0.04890334649492627, -0.15955099175304016, 0.38205219022219206, 0.7713394116281219, 0.02710245965856141], [-0.4892971440852533, -0.2995024710325818, 0.32790077306656096, 0.08673277064228174, -0.0838655127337293, 0.6801538548513666, -0.6491262276799847, -0.27394098530992483, 0.44088058874059144, -0.23587467888846078, 0.6435206674646706, 0.3836637446593247, 0.32756397494749206, 0.006710782533944024]], "inverted": true, "swapped": false, "error_lsq": 0.04262324885094493, "error_max": 0.24836309129147366, "target": "575.xyz", "model": "10.xyz", "model_rescale": 4.2482417240324, "target_rescale": 4.1052994001874366},
{"mapping": [10, 11, 12, 1, 8, 3, 5, 0, 9, 4, 7, 13], "R": [[-0.479079880767686, 0.6110246479000223, -0.6301835823807804], [-0.753753162468134, -0.6542854608903824, -0.061373493763568154], [-0.4498206730608396, 0.44560006208046454, 0.7740167612920146]], "T": [0.08669356433484227, 0.04928341039609422, -0.10313043338844485], "aligned_model": [[-0.5604919500203251, -0.1076044449575064, 0.35847965518886826, 0.5765117645305522, -0.6050391276650453, 0.08994269454494895, -0.12336900395441283, 0.5823439986756409, 0.0410723438501405, -0.11315077852953223, -0.29267615544623876, 0.03074660614591676], [-0.14716552228576077, -0.7683178749446632, -0.33267933556330387, -0.4208875693120946, 0.47535545141077856, 0.7494622540102048, 0.16692926826162693, 0.48259720148126317, -0.4217375775659976, 0.6998037423215109, 0.08698958213156385, 0.09578177010551109], [0.1626353582484824, 0.023994362311444556, 0.5302190853440294, -0.051368523686768, 0.016454776166600682, 0.16998251406083503, 0.6259188083920479, -0.2661782787784259, -0.4888018515148683, -0.44079969108248074, -0.624399476154758, -0.09246479345178263]], "inverted": false, "swapped": true, "error_lsq": 0.048880852874122215, "error_max": 0.2741214510865938, "target": "575.xyz", "model": "11.xyz", "model_rescale": 3.6694154284099745, "target_rescale": 4.1052994001874366},
{"mapping": [11, 6, 9, 8, 3, 10, 4, 1, 2, 0, 12, 5, 7, 13], "R": [[-0.46342321624323174, -0.4304989073875912, -0.7745383227348208], [-0.2288768908732882, -0.7862532433764559, 0.5739522681409849], [-0.8560690926969365, 0.44325672924175014, 0.2658367553799701]], "T": [0.00033952687817332197, 0.05767630808115902, 0.08211448873418468], "aligned_model": [[-0.5247105443542243, 0.11420419934033778, -0.7457622087643127, -0.6375494633622182, -0.18743411380640587, -0.22429444052387795, 0.06989107509769707, 0.4096375970211752, -0.09874970135364214, 0.6420701912690191, 0.4207702617985553, 0.522940793775667, -0.16654442077797474, 0.09787949835513203], [0.24723261157231158, 0.4749026382409639, 0.2882661482082737, -0.3474082388220738, -0.6946234814008797, 0.05275436108889471, -0.23592117498340653, -0.6795071598485223, -0.5267816684960993, 0.031092939672059602, -0.06035900757166182, 0.648620645079482, 0.6767597001029976, 0.013627895769598247], [-0.40102056424034205, -0.28231912557730493, 0.2687874449745322, 0.04208953025342847, -0.29209800065207286, 0.6762896669732811, -0.5936382395834388, 0.007891052476186614, 0.3558000233463691, -0.23127495481803234, 0.6027623175585595, 0.23125703425164867, 0.4576818198573521, 0.023312132356130208]], "inverted": false, "swapped": false, "error_lsq": 0.0487553296039273, "error_max": 0.309181547310623, "target": "575.xyz", "model": "12.xyz", "model_rescale": 3.9764082729961374, "target_rescale": 4.1052994001874366},
{"mapping": [3, 4, 2, 8, 11, 1, 14, 13, 10, 6, 12, 5, 0, 15], "R": [[-0.9911216981784009, 0.03500081361927339, -0.12826816614402645], [-0.1322498309703387, -0.35894578524448406, 0.9239415054339412], [-0.013702613191633274, 0.9327019171746188, 0.36038780791046593]], "T": [0.027544451684722603, 0.05948872264575884, 0.10632533643661801], "aligned_model": [[-0.5033437032365603, 0.13158814764909285, -0.6536702947893069, -0.6103832508150419, -0.21413074201017837, -0.2373671326145245, 0.16792821332443073, 0.43613014176612197, -0.2401638052797462, 0.6071098229902907, 0.3353295487747699, 0.6291193813003397, -0.16146177554175292, 0.005664172196993403], [-0.07753017773237512, 0.6722036735109064, 0.294984199592512, -0.2437868843413274, -0.6339969493869657, -0.09655466523925309, -0.3312389131503393, -0.38245424763226715, -0.6134723571433399, 0.10550972675268987, -0.25018365860567443, 0.6216366004544683, 0.7243909304619925, 0.09914893107091119], [-0.5322880326820171, -0.253701079393695, 0.44800920118598564, 0.07939971223707377, -0.19569357387739333, 0.6620184998482493, -0.5766331935402368, -0.004239988459759023, 0.4550409414794684, -0.38930038249215215, 0.5717121489352159, 0.26419006767145614, 0.3283380243915478, 0.008667791872553551]], "inverted": true, "swapped": false, "error_lsq": 0.04608047067743743, "error_max": 0.31420421511075924, "target": "575.xyz", "model": "13.xyz", "model_rescale": 4.170626492500431, "target_rescale": 4.1052994001874366},
{"mapping": [10, 11, 12, 8, 7, 4, 9, 1, 0, 3, 2, 6, 5, 13], "R": [[-0.811140570001601, -0.44205944796851393, -0.382928740315024], [-0.5760113865544391, 0.7172403379689614, 0.39214433586347136], [0.10130083048579075, 0.538655494775597, -0.8364140121321177]], "T": [0.007640432545976218, -0.0607661627511214, 0.10923270619680311], "aligned_model": [[-0.38667435861891675, 0.16325591821431043, -0.5953314145689699, -0.6860543667797464, -0.37796739606964835, -0.32456854020825643, 0.11284019781045501, 0.33767392182405787, 0.11185136013252628, 0.6715509886454785, 0.37820833151915134, 0.4226930857679179, -0.15993974702139244, 0.024810743067960536], [-0.04607014017665187, 0.49282777267476335, 0.3536654207433888, -0.28336365326317836, -0.7192187875545459, 0.02327755444167051, -0.054464532730176485, -0.6006149530399678, -0.626307823784662, 0.048383421859652165, -0.1885430230903038, 0.6245886122966082, 0.8267804368256144, 0.03771590340972679], [-0.2940391343325188, -0.30183569007203614, 0.12866297575736094, 0.25343456267272996, -0.16495071104178885, 0.7302294715788914, -0.6940105554065895, -0.32717954096630053, 0.2678552731122872, -0.04170683835275754, 0.6377066161004163, 0.3651807368647302, 0.2159929298391732, 0.0901800414226997]], "inverted": false, "swapped": false, "error_lsq": 0.04723827681794116, "error_max": 0.29076558456494334, "target": "575.xyz", "model": "14.xyz", "model_rescale": 3.9786697098870705, "target_rescale": 4.1052994001874366},
{"mapping": [2, 0, 5, 12, 3, 8, 6, 7, 10, 1, 4, 13], "R": [[0.3481824818910985, 0.25066797043412103, 0.9032909431089153], [-0.07498754322778844, -0.953050056576971, 0.2933810798591028], [0.9344227242874692, -0.16988572116888254, -0.313038358796671]], "T": [0.03568621691682052, -0.08364957451317381, 0.10124599893949916], "aligned_model": [[0.07968088061114237, -0.5687016503956376, 0.5784089368835428, 0.47569387069953817, -0.12493544842193247, 0.3118023109442778, -0.5289220614290552, -0.10239144497762084, 0.681460533298653, 0.010615491616632965, -0.38222430474315056, 0.052867482680946126], [-0.2898815352994808, -0.13250897048797283, 0.02839303683484669, -0.6390813915283744, 0.3327968887798165, 0.684710865119703, -0.2631416966317981, 0.3041650512588442, 0.21601901677858174, -0.7616259423445734, 0.5485269185823135, -0.013697750837466716], [-0.6198246740815367, -0.20263368080828403, -0.43014663356884286, -0.2434039577136739, -0.5034230640949136, 0.013415132574951152, 0.506272530096305, 0.598839135893078, 0.24700949520038407, 0.15939596105257725, 0.04796684092934065, 0.08649940839444455]], "inverted": false, "swapped": true, "error_lsq": 0.05006968860676641, "error_max": 0.267685499067062, "target": "575.xyz", "model": "15.xyz", "model_rescale": 3.769337070930944, "target_rescale": 4.1052994001874366},
{"mapping": [1, 0, 11, 9, 12, 2, 5, 3, 10, 7, 13], "R": [[0.5542307455975738, -0.09817254104266498, -0.8265533454167273], [-0.8177669916257926, -0.24937158358465208, -0.5187205034580609], [-0.15519480674835295, 0.9634188940879815, -0.2184916622496892]], "T": [-0.12159985473678872, -0.016495110840717787, 0.0670195680800365], "aligned_model": [[-0.31137703799274574, -0.23932671991379925, -0.2126180545403092, -0.6150685593742029, 0.30044382755642607, 0.4365849184563322, 0.6351320563692253, 0.3445379979965393, 0.19327070061166893, -0.52231211500001, -0.08664088347795348], [0.09511018965156609, -0.6723693615465922, 0.7753320578509413, 0.33568813836051964, 0.23120522239464134, -0.3536929180739533, 0.11254942486690206, -0.5469149016879177, 0.5478729483814817, 0.09228071276047928, -0.020997015332725678], [-0.577333434796608, -0.05940885819246236, -0.22812398023814096, -0.004674965494545907, -0.5505713211926999, -0.30599177939721256, 0.053456753926949985, 0.3243559232324395, 0.3993115424816568, 0.5616528254484132, 0.13154490144598663]], "inverted": true, "swapped": true, "error_lsq": 0.0436159405976811, "error_max": 0.29499314472708266, "target": "575.xyz", "model": "16.xyz", "model_rescale": 3.7852294659196426, "target_rescale": 4.1052994001874366},
{"mapping": [0, 7, 8, 4, 6, 9, 11, 10, 3, 2, 1, 5, 13], "R": [[0.7944659929333331, 0.057148175309879555, -0.6046138206584468], [-0.0864257081246816, -0.9747910517582978, -0.2057012454680301], [-0.6011275929847177, 0.21567682182075731, -0.7694992693184943]], "T": [-0.05016582743189374, 0.1209369605401342, -0.028685869751489734], "aligned_model": [[0.06151147649412286, -0.43112900507749, 0.3251893650011743, 0.07653411970633017, -0.6199650394052445, -0.6392422429051601, -0.43145482525679774, 0.06758139226817128, 0.587665663079104, 0.5657345177453752, -0.30775125568215367, 0.6108921016287487, -0.011800417379897343], [-0.06912206729496861, -0.3562711477613411, -0.41130903247619294, -0.6167081236085588, -0.04228471473973178, 0.22467582753684653, 0.694000246439437, 0.13414355119994686, -0.227205691962314, 0.42928138193971754, 0.6940555799965216, 0.3519732586333041, 0.06982655580020775], [-0.6701065898871357, 0.1815616825998423, 0.4714689123827536, -0.15892351577339847, -0.433326405997722, 0.09342774057246866, 0.46991363123055213, 0.6882757103652233, -0.22056951985599282, -0.3286867867111352, -0.29107243549795064, 0.286122438270019, 0.007669835445649573]], "inverted": true, "swapped": true, "error_lsq": 0.04050031983096758, "error_max": 0.1807538707668068, "target": "575.xyz", "model": "17.xyz", "model_rescale": 3.901054581598922, "target_rescale": 4.1052994001874366},
{"mapping": [12, 6, 9, 13, 3, 5, 7, 0, 2, 1, 8, 4, 10, 14], "R": [[-0.15646687513540702, -0.8366100254762159, -0.5249778873991229], [0.20211721653221984, -0.5473978130672676, 0.8120986793675017], [-0.966781644305801, 0.020959473320147914, 0.2547429149387933]], "T": [-0.016367309447420344, 0.05300508395092231, 0.06932227918237566], "aligned_model": [[-0.5277271870905459, 0.2296533816539787, -0.6057351427991171, -0.6072338552785057, -0.24918827094054438, -0.29329410963470154, 0.11264735960468761, 0.36747094285690424, -0.04683185853884894, 0.6283446777102554, 0.36181080828659956, 0.5311805762680646, -0.1436591481432886, -0.06508945024001002], [-0.0630232998139218, 0.5267284676952702, 0.27882286850816096, -0.3356002438418512, -0.6064744856950798, -0.032326125253650986, -0.030855638276968564, -0.5414586966515621, -0.6720803671089194, 0.03473148132331429, -0.06201598137130314, 0.526360604138301, 0.8031961902070178, 0.0626514347531303], [-0.45700802944039076, -0.4586793500896711, 0.2586408110863624, 0.23474544119208796, -0.23773958204711038, 0.6225999482323193, -0.5756580447299399, -0.2041471489430512, 0.46563163044488376, -0.19468165733760345, 0.6023979941977633, 0.388226393715955, 0.37504084261047566, 0.046150888284216374]], "inverted": false, "swapped": false, "error_lsq": 0.035122212402554795, "error_max": 0.27628458140737955, "target": "575.xyz", "model": "18.xyz", "model_rescale": 3.9405287249114394, "target_rescale": 4.1052994001874366},
{"mapping": [10, 5, 11, 14, 3, 13, 2, 1, 12, 6, 4, 8, 9, 15], "R": [[0.5437117948390265, 0.2427321273288648, 0.803404380443204], [-0.28273951976011397, -0.8483310481062446, 0.4476525402416263], [0.7902125335115514, -0.47054813481870755, -0.3926176316722048]], "T": [0.028874380717418657, -0.05122994518535641, 0.2083769216480681], "aligned_model": [[-0.48258727714141114, 0.17068411588092985, -0.5467893352205214, -0.6905968115120538, -0.205906273710725, -0.47625273314908056, 0.06665362326739765, 0.37656023526860766, -0.041841491917609996, 0.5686656795722168, 0.44417204373939634, 0.6167369175502943, -0.12691922359205687, 0.019769254679543952], [-0.11216796096164393, 0.6225335777401673, 0.35122861649760173, -0.33774244796376945, -0.7636156309860614, 0.0832421813811371, 0.1067606938522195, -0.4657667472298821, -0.5455839019049392, 0.11279533842761606, -0.22155283683705307, 0.4219024608968935, 0.6820801949101996, -0.045457329210547466], [-0.3854223438618114, -0.25766530492234674, 0.047592612151079156, 0.20509799198473905, -0.1951243470568974, 0.6303884041761538, -0.6454011348876426, -0.16950296704031642, 0.4336600613690692, -0.28152563561057087, 0.7855969769856894, 0.15512732409847116, 0.37267676414900835, 0.17002173564167206]], "inverted": true, "swapped": false, "error_lsq": 0.03396014686109803, "error_max": 0.2051440144269017, "target": "575.xyz", "model": "19.xyz", "model_rescale": 4.410303926677745, "target_rescale": 4.1052994001874366},
{"mapping": [0, 2, 6, 3, 5, 11, 1, 8, 10, 7, 9, 12, 4, 13], "R": [[0.8563839800833153, -0.26377283122057543, 0.44388103379908245], [0.47501000868525584, 0.7394746577926046, -0.4770143835686131], [-0.2024153410823733, 0.6193554100776005, 0.758568985460198]], "T": [-0.07058227615178, 0.02440872327073702, 0.024286514955853877], "aligned_model": [[-0.5482857024238433, -0.054614430178102635, -0.5435775308170574, -0.7285764309378844, -0.09369495245911189, -0.10505040334196375, 0.16206246560809304, 0.5100253238323335, -0.14775709241317667, 0.5394962799448177, 0.35265911256018656, 0.5431197956393837, -0.1669131970766886, -0.026544514222057933], [0.17144387090855423, 0.5847473831310535, 0.23149339966543023, -0.2525463340254553, -0.8052505341113574, 0.2252695981619998, -0.09701914757362796, -0.4792731212038209, -0.6263060027007707, 0.19486459359147548, -0.21288123889118662, 0.3281696014426629, 0.6639529618179746, -0.03800882160099349], [-0.4888796125406909, -0.3283809515263799, 0.28866739369933125, -0.10339388372691227, -0.07671865225100241, 0.8277790050511865, -0.6787437742110362, 0.008255426574966696, 0.5200166896941654, -0.30067827794639734, 0.5125660737405455, 0.34330694260904265, 0.30140907922775784, 0.040314678781720514]], "inverted": false, "swapped": false, "error_lsq": 0.047943174807890156, "error_max": 0.292092323477361, "target": "575.xyz", "model": "20.xyz", "model_rescale": 4.121658175737393, "target_rescale": 4.1052994001874366},
{"mapping": [6, 0, 2, 1, 12, 7, 3, 9, 8, 10, 5, 11, 13], "R": [[-0.24736530957261094, -0.9571676651005572, 0.15046748654109285], [0.7614931404002501, -0.2880731751668335, -0.5806393397563276], [0.5991148477073587, -0.029050071174551273, 0.8001359213417067]], "T": [0.03784964968913119, -0.09861999838206001, 0.08822952633810324], "aligned_model": [[0.15231981081790674, -0.06457639084876682, 0.16389283415204411, 0.7007811820689903, 0.6231629820279186, -0.308954025890858, -0.46861645224912474, 0.3140401655739858, -0.6688968588646659, -0.11465846524169854, -0.029636441115828492, 0.6110108488529632, -0.028786284618571682], [-0.6590067176743079, -0.010375560030132375, 0.605114619567536, -0.12979400488343681, 0.398176758849898, -0.6315270490576333, 0.39826563858462927, -0.626334904852492, 0.03950046708595226, -0.03596848533381289, 0.5767565742015254, -0.30165760055920093, -0.0823228317353414], [0.5217150830436059, 0.7528622217517584, 0.3190558045737826, 0.24058397948546265, -0.08924192587742463, -0.02491569258298293, 0.3361174109150311, -0.04563714629966201, -0.3064402512305261, -0.6195054466146366, -0.27064613480795485, -0.5056107415478007, 0.06177257867313604]], "inverted": true, "swapped": true, "error_lsq": 0.05361197024693046, "error_max": 0.24268978447654588, "target": "575.xyz", "model": "21.xyz", "model_rescale": 4.08911054899281, "target_rescale": 4.1052994001874366},
{"mapping": [6, 13, 10, 5, 8, 9, 0, 1, 11, 4, 15, 3, 12, 16], "R": [[0.004993854568508732, -0.8267432045289437, 0.5625573172413294], [0.9820714372972744, -0.10195790028491755, -0.15855686240070668], [0.1884429713770572, 0.5532632830169593, 0.8114117242213608]], "T": [0.015756150611158953, -0.0035896921198365628, 0.08093541639748156], "aligned_model": [[-0.43704091115575183, 0.1812098721895037, -0.7385271339029653, -0.5944445784962937, -0.2774803253225824, -0.37689818621941196, 0.1705086109092415, 0.35795153974127947, -0.07102990459672168, 0.5715699435889889, 0.4246006165719445, 0.6224771259381506, -0.17263182993119738, 0.0320838844007435], [-0.14930138006373114, 0.6034517956870655, 0.28306060069681704, -0.22911072436407828, -0.6018056299543786, 0.16541133958864856, -0.00889292158421258, -0.6761042009433542, -0.688305299695845, 0.22502649553939877, -0.3200423124035876, 0.5944999752060065, 0.6701757878741346, 0.02059268302905435], [-0.4929173987068465, -0.12119242464698315, 0.08580835654158939, 0.3539269696741212, -0.11118974843725046, 0.650855441148438, -0.6780790432593901, -0.16528589126289872, 0.4118821607865444, -0.2727563309525436, 0.5949499683928131, 0.24962812883878402, 0.3165612910160208, 0.04332865804389904]], "inverted": false, "swapped": false, "error_lsq": 0.036496683604676, "error_max": 0.22271290239936023, "target": "575.xyz", "model": "22.xyz", "model_rescale": 4.204369325754507, "target_rescale": 4.1052994001874366},
{"mapping": [10, 5, 11, 14, 3, 13, 2, 1, 12, 6, 4, 8, 9, 15], "R": [[0.5437117948390265, 0.2427321273288648, 0.803404380443204], [-0.28273951976011397, -0.8483310481062446, 0.4476525402416263], [0.7902125335115514, -0.47054813481870755, -0.3926176316722048]], "T": [0.028874380717418657, -0.05122994518535641, 0.2083769216480681], "aligned_model": [[-0.48258727714141114, 0.17068411588092985, -0.5467893352205214, -0.6905968115120538, -0.205906273710725, -0.47625273314908056, 0.06665362326739765, 0.37656023526860766, -0.041841491917609996, 0.5686656795722168, 0.44417204373939634, 0.6167369175502943, -0.12691922359205687, 0.019769254679543952], [-0.11216796096164393, 0.6225335777401673, 0.35122861649760173, -0.33774244796376945, -0.7636156309860614, 0.0832421813811371, 0.1067606938522195, -0.4657667472298821, -0.5455839019049392, 0.11279533842761606, -0.22155283683705307, 0.4219024608968935, 0.6820801949101996, -0.045457329210547466], [-0.3854223438618114, -0.25766530492234674, 0.047592612151079156, 0.20509799198473905, -0.1951243470568974, 0.6303884041761538, -0.6454011348876426, -0.16950296704031642, 0.4336600613690692, -0.28152563561057087, 0.7855969769856894, 0.15512732409847116, 0.37267676414900835, 0.17002173564167206]], "inverted": true, "swapped": false, "error_lsq": 0.03396014686109803, "error_max": 0.2051440144269017, "target": "575.xyz", "model": "23.xyz", "model_rescale": 4.410303926677745, "target_rescale": 4.1052994001874366},
{"mapping": [0, 12, 7, 1, 3, 11, 2, 4, 10, 5, 9, 6, 13, 16], "R": [[0.5773503459240485, 0.20496064200497693, -0.7903529042714332], [0.269739282369365, -0.9615118771171136, -0.05230324760074491], [-0.770653811778182, -0.1829919271214786, -0.6104151513520335]], "T": [0.05883842651066044, 0.01983027364190393, 0.22988862436860868], "aligned_model": [[-0.27741597531269246, 0.05208597200060853, -0.5337038074499395, -0.7244168715917666, -0.24733854800260088, -0.2747359339012484, 0.09469661155966355, 0.3577788750583011, -0.01223947093161492, 0.49843061211888906, 0.32916300090508815, 0.47549317307400585, -0.04254689394319799, -0.0029020198685673557], [0.11022440964079558, 0.5856954850670608, 0.3164450352241366, -0.32531121108459704, -0.6144693767909254, -0.03112727647175767, -0.2847101767008175, -0.471673242694769, -0.5927338691464384, 0.12327662255092274, -0.23360322668195593, 0.6541678377351665, 0.7078601080357092, -0.0553849100705925], [-0.44029619231825157, -0.34101136831010026, 0.17655682459778976, 0.1688653248380026, -0.3297278499892836, 0.7654751820536969, -0.6296829292838046, -0.148189773112617, 0.4384480876897049, -0.20790081894576223, 0.7349787836673736, 0.18615343594717998, 0.33246828906701936, 0.1593831412753487]], "inverted": true, "swapped": false, "error_lsq": 0.043219160472710606, "error_max": 0.2719211895002382, "target": "575.xyz", "model": "24.xyz", "model_rescale": 4.28219845311461, "target_rescale": 4.1052994001874366},
{"mapping": [8, 3, 0, 6, 10, 2, 5, 11, 14, 9, 13, 7, 4, 15], "R": [[0.6164526457500422, -0.5257354826174577, 0.586164087832718], [0.38501413669713863, -0.44810964723125446, -0.8068220736950856], [0.6868407749188531, 0.7230490622186506, -0.07382278465081077]], "T": [0.05684540954300498, 0.010605476672609308, 0.07612434306676283], "aligned_model": [[-0.3792006790208044, 0.1900280102151311, -0.6631836925280551, -0.7800277302211016, -0.24696145073542075, -0.26969684927051063, 0.10748705283727863, 0.27254809867790525, -0.0801932605098356, 0.6673955020385672, 0.3703291440199531, 0.6039442379857447, -0.0944547385741103, -0.00566492119981319], [-0.20547427143840447, 0.6815839455552923, 0.33831212829505425, -0.3186696652749112, -0.6812218615632214, -0.05467394657091568, -0.08290888276675235, -0.4459372375795242, -0.6574245516553432, 0.08472438413596084, 0.0033107107222735445, 0.5111566082079868, 0.6722698132946067, 0.043609035249836406], [-0.4189710093991107, -0.28732528760285847, 0.27542465588376513, 0.13459111822862962, -0.16632388758293468, 0.6743624014497777, -0.7688438039407106, -0.12763573941226922, 0.41538959188681646, -0.20424800933084672, 0.5806946469344408, 0.3120850228112069, 0.3480749706593891, 0.09824546659100208]], "inverted": false, "swapped": false, "error_lsq": 0.0328969671110017, "error_max": 0.19422616472208756, "target": "575.xyz", "model": "25.xyz", "model_rescale": 4.100010024507729, "target_rescale": 4.1052994001874366},
{"mapping": [10, 11, 12, 1, 8, 3, 5, 0, 9, 4, 7, 13], "R": [[-0.479079880767686, 0.6110246479000223, -0.6301835823807804], [-0.753753162468134, -0.6542854608903824, -0.061373493763568154], [-0.4498206730608396, 0.44560006208046454, 0.7740167612920146]], "T": [0.08669356433484227, 0.04928341039609422, -0.10313043338844485], "aligned_model": [[-0.5604919500203251, -0.1076044449575064, 0.35847965518886826, 0.5765117645305522, -0.6050391276650453, 0.08994269454494895, -0.12336900395441283, 0.5823439986756409, 0.0410723438501405, -0.11315077852953223, -0.29267615544623876, 0.03074660614591676], [-0.14716552228576077, -0.7683178749446632, -0.33267933556330387, -0.4208875693120946, 0.47535545141077856, 0.7494622540102048, 0.16692926826162693, 0.48259720148126317, -0.4217375775659976, 0.6998037423215109, 0.08698958213156385, 0.09578177010551109], [0.1626353582484824, 0.023994362311444556, 0.5302190853440294, -0.051368523686768, 0.016454776166600682, 0.16998251406083503, 0.6259188083920479, -0.2661782787784259, -0.4888018515148683, -0.44079969108248074, -0.624399476154758, -0.09246479345178263]], "inverted": false, "swapped": true, "error_lsq": 0.048880852874122215, "error_max": 0.2741214510865938, "target": "575.xyz", "model": "26.xyz", "model_rescale": 3.6694154284099745, "target_rescale": 4.1052994001874366},
{"mapping": [7, 9, 8, 5, 1, 4, 3, 6, 0, 12, 2, 11, 10, 13], "R": [[0.2839462277304053, -0.7981147487890858, 0.5314013431701194], [0.17592645421509273, 0.5881692419667974, 0.7893711582718916], [-0.9425626888780279, -0.13065140860142752, 0.3074179353347575]], "T": [-0.08134091021090545, 0.03148958987080018, 0.06782307645339108], "aligned_model": [[-0.426942405113438, 0.015075113080112834, -0.5888288849473071, -0.7073871685624842, -0.15986889643974123, -0.35655430666379545, 0.10857441868970041, 0.3695453019686819, -0.1761684160370789, 0.6539076052139625, 0.40791130180504614, 0.6341788759661275, -0.03947269991116742, -0.04162111533369097], [-0.023031468148806425, 0.5981348435393442, 0.409231743645013, -0.45229193798385225, -0.8206950233493533, 0.12952280155846857, -0.013612223740209844, -0.44691574616685464, -0.46710995837913877, 0.11345170419218824, -0.14084580771401695, 0.4689292301067928, 0.5179204724449951, 0.015967578607368384], [-0.4553552733203749, -0.2988929477642726, 0.15795638433684522, 0.06769885183271343, -0.14957378200001478, 0.8360532801735987, -0.7162236151352637, -0.12971271757248687, 0.4913081148631151, -0.2192738509752123, 0.5072117767860966, 0.24907832736924707, 0.41928113844233367, 0.10596445013997258]], "inverted": false, "swapped": false, "error_lsq": 0.03576864598350822, "error_max": 0.22468897299385782, "target": "575.xyz", "model": "27.xyz", "model_rescale": 4.103607728864725, "target_rescale": 4.1052994001874366},
