[{"mapping": [2, 11, 4, 5, 1, 12, 13, 14, 10, 9, 6, 15], "R": [[0.9722429484868846, -0.029902727470616897, -0.232054898692847], [-0.19843184595384233, 0.4201179717383206, -0.8855087195131569], [0.12396955928323716, 0.9069766902805706, 0.4025230821441453]], "T": [-0.050754878030422716, 0.03695752158439551, 0.09870267826483589], "aligned_model": [[-0.23265433661325552, 0.10774411117220872, 0.5432304733810039, -0.33983297397668216, -0.09163396154633693, -0.6329196855197877, 0.37271216715757816, -0.22998616325561252, 0.6126970855291539, 0.35330778917669153, -0.5227488636577888, -0.10227317938662334], [-0.383845990830974, -0.6872783604015388, -0.29836396806903726, 0.7720321925617949, 0.22194693833728685, -0.5245580583562756, -0.27367993954253883, -0.534848312006368, 0.1768119439420806, 0.3598971234319197, 0.21699987041861107, 0.00844159649209639], [-0.3977409726416711, -0.16422062963508624, -0.45930357410615474, -0.12200105490122762, -0.6204302468194618, 0.02299637979546451, 0.44731844201527726, 0.5055522614851741, 0.0223542549034631, 0.6132383905140875, 0.3279799960548581, 0.0062084986888396865]], "inverted": false, "swapped": true, "error_lsq": 0.04595538805050526, "error_max": 0.2613236958218827, "target": "576.xyz", "model": "0.xyz", "model_rescale": 3.751011558992144, "target_rescale": 4.220329413741235},
{"mapping": [13, 9, 12, 11, 8, 3, 7, 10, 6, 1, 5, 0, 4, 2, 15], "R": [[0.889568411697982, -0.24995628367482067, -0.38234787453391517], [-0.0731706493346831, -0.9041719014313541, 0.4208553536999985], [-0.4509036449010706, -0.3464029862941175, -0.8226122258400047]], "T": [-0.06283849407046839, -0.004870803634998325, -0.129248258050331], "aligned_model": [[0.2321853205104617, 0.20482410736088202, -0.6339081928729724, 0.11925471488218846, -0.16177659427981395, -0.521179782602435, 0.3618145849786688, 0.6034065640650773, -0.5681711357008757, 0.10282829791537536, -0.23907156933869678, 0.6155679841068847, 0.6397446397302559, -0.127458429893108, -0.08897429777285809], [-0.0656416534215865, -0.6399397075119019, 0.5420093304771004, 0.680611814457644, -0.7766231194232468, 0.3005370789203511, -0.45607587268152977, -0.15176911278514638, -0.22209328298145647, 0.3388336393187139, -0.3607779872651177, 0.0896676757826546, 0.5265276063114542, 0.6589920859139046, 0.08449885471526833], [-0.6829817444833627, -0.3687223563895867, -0.31565794461817287, -0.4694303441710109, 0.03758612502235095, 0.26495395902590746, 0.3077007867744913, -0.13900830070482698, -0.057033480722236574, 0.509082469431099, 0.5883052487516794, 0.37145807426459, -0.10429336263868333, -0.020944816769453922, -0.0713479079208083]], "inverted": false, "swapped": true, "error_lsq": 0.04458552967018535, "error_max": 0.27863779302887576, "target": "576.xyz", "model": "1.xyz", "model_rescale": 3.9405287249114394, "target_rescale": 4.220329413741235},
{"mapping": [9, 7, 10, 3, 1, 13, 6, 5, 2, 11, 12, 14, 15], "R": [[0.7348344489341136, 0.20819417209615113, 0.6455025324233019], [-0.22644739275438167, -0.8218017278760676, 0.5228417527078845], [0.6393277023361654, -0.5303744967144518, -0.556743192379082]], "T": [-0.0734439776851969, 0.02988383394314357, 0.02779027621894744], "aligned_model": [[-0.37336869074278706, 0.1975612949818628, -0.31461864954799207, 0.44850279590914793, 0.4540720645199872, -0.6937682161387463, 0.1797906119461855, 0.6701665095343111, 0.031006056287973024, -0.4762689747585636, -0.061213528554390564, -0.5531634643891046, -0.012714529763952043], [0.6941065886384423, 0.5740418029750695, 0.30391112537249426, -0.34204137103286314, -0.24672042748618858, 0.12323838376477231, 0.1468045151540993, 0.37510313647365345, -0.6284461258861953, -0.6207131425791468, -0.6258388446129886, -0.23433209995806406, -0.0602809472510674], [-0.006223298925694697, -0.42529797851540846, -0.5486649868827033, 0.24685489427927335, -0.41747510026488177, -0.03414265981328533, 0.5073353264639957, 0.0059240520502068725, -0.08316539967609629, -0.15448370449177687, 0.5071911921175313, 0.5017855321527127, 0.013482481094770682]], "inverted": true, "swapped": true, "error_lsq": 0.04352451942108237, "error_max": 0.25916599749087343, "target": "576.xyz", "model": "2.xyz", "model_rescale": 3.932901565614263, "target_rescale": 4.220329413741235},
{"mapping": [10, 4, 0, 13, 7, 5, 1, 8, 14, 6, 2, 12, 3, 15], "R": [[-0.1766379441376073, -0.9608287655845023, 0.2135582354211637], [0.4141222020535986, 0.12428333604319382, 0.9016964312606837], [-0.8929175989177937, 0.24771301057339773, 0.37594737123106176]], "T": [-0.05160483704810005, 0.013025924400626887, 0.06557831503156059], "aligned_model": [[-0.19571653441203973, 0.4715576791056836, 0.15975066724402442, -0.24136684246564705, -0.3859181225048576, -0.22771161340367752, 0.4337119164818785, -0.7620349179883013, -0.026669420879645397, -0.24624528057878065, 0.6189328938777591, 0.4347890609930517, 0.3378325931126935, 0.048897833470562146], [-0.017233638409158036, 0.10939613408955813, -0.45608205012920294, 0.5344082390297726, -0.5214896940626214, -0.7670685322020635, -0.5269700295143829, -0.33108015895767223, 0.6671432366917083, -0.10481470867909781, 0.06549519472743182, 0.32788118067252003, -0.294220542367577, -0.02186799253872697], [-0.6006596504847193, -0.6370196078062629, -0.609066972495006, -0.23359351626746522, -0.3555729647224989, 0.2473751725436838, -0.0954072936995137, 0.16609796218529752, 0.3756123697417834, 0.5715331956609344, 0.1307353153875791, 0.6349939775922815, 0.5267552833377838, 0.09211309208321965]], "inverted": false, "swapped": true, "error_lsq": 0.04836328192991377, "error_max": 0.4017895630412094, "target": "576.xyz", "model": "3.xyz", "model_rescale": 3.9243930471874484, "target_rescale": 4.220329413741235},
{"mapping": [14, 11, 12, 6, 3, 13, 9, 2, 1, 0, 5, 7, 15], "R": [[0.9844305618907068, 0.10010225444037399, -0.1444853192248312], [-0.008219670144708417, 0.8473124764694022, 0.5310310765313085], [0.1755816215845467, -0.5215755993863623, 0.8349431048200215]], "T": [-0.03336341909031409, -0.16800632932255605, -0.06308984631086512], "aligned_model": [[0.06623263227138301, -0.1675923199069581, 0.539084525455731, 0.4018976447971606, 0.5918750226531548, -0.5133905675728444, -0.5038312795087173, 0.21240833469419854, 0.12292804108261329, -0.4467385996410731, 0.30490860350348953, -0.3616777692459619, 0.03110161772917632], [-0.6596803001475571, 0.03322396014156337, -0.2481069511711224, -0.44659482242717263, 0.09049046534341082, -0.4787677242322936, -0.5732505286557757, 0.24324418653313662, 0.5520610858489636, 0.5334519646285101, 0.08608850608257917, 0.08419565485293196, -0.08852594311558719], [-0.5855357107454471, -0.811593140197391, -0.633908814450197, 0.13864739880856475, -0.09475050899386489, -0.32833353333174825, 0.3199777141427921, -0.5396279516805541, 0.03750958114870967, 0.17556665767708013, 0.6394903332078979, 0.5720830170203257, -0.10245472723520385]], "inverted": true, "swapped": true, "error_lsq": 0.04272417747461135, "error_max": 0.28986466493891533, "target": "576.xyz", "model": "4.xyz", "model_rescale": 3.8936222436046832, "target_rescale": 4.220329413741235},
{"mapping": [12, 14, 2, 3, 4, 10, 9, 7, 5, 6, 1, 15], "R": [[0.8797267177352392, -0.17984674225389158, 0.4401545767153227], [-0.23239611430233897, 0.6449669835041083, 0.7280176070994338], [-0.41481676455991606, -0.7427467532680798, 0.5255990033759286]], "T": [-0.13535191891272622, -0.13496089964616959, 0.03177072579220965], "aligned_model": [[-0.04373704678303594, -0.41537503515441443, -0.2055183674617988, 0.35476806181042575, -0.7317848732999818, -0.5397205921552553, -0.2985553696846691, 0.016922310025833387, 0.5814610792644619, 0.309655869147097, 0.10256437865223825, -0.10313237214580348], [-0.49573335569397087, -0.7420089445736091, 0.07343276945282726, -0.0690103797503043, 0.47506454698241857, 0.25047233590557144, -0.298763813120545, 0.33579899408279745, 0.1735358901699261, -0.4661708066088825, 0.5193990822391865, -0.08709341397560824], [-0.6903075271589981, -0.24696225363170185, -0.6071878454756695, -0.4310240806493811, -0.1890612514809019, 0.42354112562611657, 0.7237511184661967, 0.6062604135238355, 0.2840006043143176, 0.03722273376991639, -0.22948240276312423, -0.0614659152650873]], "inverted": true, "swapped": true, "error_lsq": 0.043948401201356145, "error_max": 0.2767830263073914, "target": "576.xyz", "model": "5.xyz", "model_rescale": 3.6523030999806103, "target_rescale": 4.220329413741235},
{"mapping": [5, 6, 9, 7, 10, 3, 14, 1, 12, 11, 13, 4, 15], "R": [[-0.6316576716028749, 0.02722089166207059, 0.7747693908269457], [-0.6344703944788115, -0.5924317262062664, -0.49645943269734016], [0.44548389918731757, -0.8051606503309667, 0.39148489463002095]], "T": [0.03544486607866973, 0.0033548947343368316, 0.09756935658787826], "aligned_model": [[0.2664698585682884, -0.2999764385282603, 0.4010752901562329, 0.7177676028678758, 0.6592454985300129, -0.3244933896219817, -0.5261481794680677, 0.29028205345660596, -0.7161006872327637, -0.16850710276654535, 0.11132815629141038, 0.4674157011656851, 0.0027245412458015567], [-0.5493385904174563, -0.0950198529320653, 0.5164098400234225, -0.1252167163397583, 0.2178568981685341, -0.569085896222245, 0.4295804818028356, -0.6616788187043866, -0.1623480541652714, 0.09487500226296827, 0.59104833277654, -0.05824988758382071, -0.08800583450611335], [0.6577197110622994, 0.5283554006195892, 0.46552674645127484, 0.40211121469415184, -0.07683967594727038, 0.13632619314715763, -0.06843470486881402, -0.11651594332591407, -0.16256304671274124, -0.6566162124157623, -0.11739824678428475, -0.6680912243679586, 0.04652952793006156]], "inverted": true, "swapped": true, "error_lsq": 0.05099694849992306, "error_max": 0.31471256174019446, "target": "576.xyz", "model": "6.xyz", "model_rescale": 4.08911054899281, "target_rescale": 4.220329413741235},
{"mapping": [8, 7, 5, 9, 14, 12, 6, 3, 13, 10, 11, 4, 2, 1, 15], "R": [[0.6456594712379344, 0.3404453013139507, 0.683535547001035], [0.5085843109184703, 0.47599161248206695, -0.7174775143057143], [-0.5696190357496277, 0.810881607671536, 0.1341833538546765]], "T": [-0.03609770790010602, -0.05443159592560417, -0.09631636899535839], "aligned_model": [[0.09649346137507883, 0.2611380442580972, 0.6770747427581407, -0.37251421247460925, -0.5615482994374145, -0.050154691242202336, 0.13458028657203694, 0.4718541634181569, -0.6453001515056653, -0.20732449010232126, -0.36183580387516645, -0.13617253019700756, 0.12857108823417535, 0.569348604088794, 0.032123327929461216], [-0.6208981639042104, -0.7453870780375585, -0.36184874096544833, -0.6588869169709832, 0.3976133286953769, 0.7500324935842367, 0.07137749040682928, 0.3818966506681799, -0.17197317298909512, -0.5704870307113783, 0.4290832041590012, -0.07739578765541943, 0.4744881224766872, -0.01573421473369576, 0.018878632146590683], [-0.639233770784599, -0.00106853946152409, -0.3599274648535284, -0.3281812541367053, -0.30648156658041953, -0.20850809387555386, -0.6089592800887431, -0.1980447185178792, 0.01508058660662459, 0.31590326474200664, 0.4317710660955772, 0.7789480211407365, 0.2906557574997529, 0.3337785318206146, -0.0516625075242804]], "inverted": true, "swapped": true, "error_lsq": 0.04855819284605385, "error_max": 0.3509796848149329, "target": "576.xyz", "model": "7.xyz", "model_rescale": 3.964800864290218, "target_rescale": 4.220329413741235},
{"mapping": [9, 6, 7, 13, 0, 14, 10, 5, 12, 2, 11, 4, 1, 15], "R": [[-0.7555601538216193, -0.19164669621948432, -0.6264187080421593], [0.6273660943299714, -0.48688605290932896, -0.6077448108931345], [-0.18852224707500384, -0.8521816210823436, 0.488104340328234]], "T": [0.029669448138402103, -0.1549088625776555, -0.005778205571564998], "aligned_model": [[-0.2719180544928623, 0.29830142934095805, 0.28515244449488414, -0.5924459947382243, 0.22720240845836798, -0.4340339037362073, -0.23049256864712842, 0.7717988414241536, 0.05824977664436575, 0.13114680604277704, -0.3781944041545327, -0.23623676011584016, 0.5426618736742324, 0.08999599526592902], [-0.09111746647198411, -0.6180927630355225, 0.33846362886810966, -0.10780477854126963, 0.6701317365608382, -0.6592445551702758, 0.42869250549830273, -0.0882007033907968, -0.6719432415299283, -0.08009893485800501, -0.02505060101921988, 0.5692074144096099, 0.2900396610161583, -0.14403343615481448], [-0.6670491490518722, -0.15089605880458673, -0.5216781405491095, -0.0958143225050466, -0.018756815061325705, 0.22924745033824817, -0.24511482490881165, -0.3484223948132719, 0.6201656170092635, 0.6580931134101708, 0.6541855192414165, 0.4203433529229851, 0.2973784048042026, 0.08513328669275877]], "inverted": false, "swapped": true, "error_lsq": 0.04855381843666788, "error_max": 0.34253422535664485, "target": "576.xyz", "model": "8.xyz", "model_rescale": 4.121658175737393, "target_rescale": 4.220329413741235},
{"mapping": [1, 2, 3, 5, 4, 10, 14, 9, 6, 13, 7, 8, 15], "R": [[0.6518805932861635, -0.684356249433225, -0.3266622352806784], [0.2818609711234746, -0.18124371214163998, 0.9421810387427942], [-0.7039929580998744, -0.7062628693842032, 0.07474405845938864]], "T": [0.02065722160820923, -0.11894251462733582, -0.060303108264527956], "aligned_model": [[-0.40869874914396137, -0.23353953235731026, 0.20616136460623194, 0.17732275372524092, -0.830401006662608, -0.49711094865252986, 0.35168916013805895, 0.11232169208552034, 0.5421421981741497, -0.09408406000469804, -0.24819795350443755, 0.4066008038186639, -0.007468225787123788], [0.24195957384211778, -0.39052148854702073, 0.017656344641449856, 0.6641365674282738, -0.33972301605231947, -0.005067751611599641, -0.762259762995152, 0.04003104345810074, 0.026478473558002813, -0.5319793844957038, 0.5186269911246246, 0.4313105915194232, -0.12026074245848724], [-0.5486139525408168, -0.6244380024320008, -0.6972293708922697, -0.24699568335875838, -0.12018581931656135, 0.36923793676700684, -0.02605224077047435, 0.6458333214242252, -0.18141385802009136, 0.4018526055096458, 0.2496367888169408, 0.3657170397322623, -0.16627333096001956]], "inverted": true, "swapped": true, "error_lsq": 0.047616743668571965, "error_max": 0.28690639241576527, "target": "576.xyz", "model": "9.xyz", "model_rescale": 3.833441315466971, "target_rescale": 4.220329413741235},
{"mapping": [7, 9, 3, 12, 14, 6, 13, 11, 1, 2, 0, 4, 10, 5, 15], "R": [[0.7949172795213423, -0.3811679363229981, -0.4720355103566416], [0.03450890781323879, -0.7483503242638391, 0.6624054101951042], [-0.6057356304526964, -0.5428469365239836, -0.5817229147167924]], "T": [-0.16128880314248278, -0.06352726864598614, -0.012268720526380256], "aligned_model": [[0.2872205728271812, 0.007250720383824044, -0.521142922786606, -0.7047431452086621, -0.5565949060155341, -0.6653592512972133, 0.033696172035591415, 0.022808140341566335, 0.13507830919448377, -0.14896869174092742, 0.5948813531455359, 0.5799802024764118, 0.47907650616074887, -0.2495834528588059, -0.16975458836306254], [-0.6401809559812116, -0.6060466468306228, 0.1250248258753655, 0.5340238217398682, 0.3071660380508209, -0.27432203382097703, 0.03488901649618549, 0.6856681881205609, 0.06581531545235185, 0.5387310665602345, -0.1483659996389795, 0.4103660738358982, -0.22422766219997609, -0.6125584185224396, 0.005118910157900211], [0.1905873471731413, -0.4700577308307886, 0.529671515730969, 0.07454790052779006, -0.4928224695492873, 0.08385728306808997, -0.6035791429142898, -0.16583528958173388, 0.6574188024153169, 0.2939214493826261, 0.36308283389522233, 0.03848005344889278, -0.1845025827788298, 0.5905412881817484, 0.07281064965322571]], "inverted": false, "swapped": true, "error_lsq": 0.04328043623287049, "error_max": 0.2692230267183523, "target": "576.xyz", "model": "10.xyz", "model_rescale": 4.2482417240324, "target_rescale": 4.220329413741235},
{"mapping": [14, 13, 4, 10, 3, 1, 2, 7, 9, 5, 6, 15], "R": [[-0.6634512035286854, 0.1447149080937784, 0.7340913403056517], [0.7242851705170811, 0.3703828378582645, 0.5815733360369106], [-0.18773250199521066, 0.9175370013222726, -0.35054580142850145]], "T": [-0.10959374000229141, 3.2186418958891905e-05, -0.07260808402197899], "aligned_model": [[-0.65832582007509, -0.02471530274941841, 0.41609121265921434, 0.5245447573178051, -0.45466218174882, 0.1892847612460102, -0.28023562790186807, 0.5328960946614165, 0.19214328437240044, 0.06584444960905109, -0.49309096900883853, -0.13300905601885593], [-0.45605377638915556, -0.6226304537384667, -0.13202124406420984, -0.249535432089542, 0.5626096342051573, 0.590412306743996, 0.21741155552165797, 0.20339097106334345, -0.40252053081122946, 0.6768240660186583, 0.20277472597632185, 0.07546956761410786], [0.05185495116051417, -0.023213663358893577, 0.6222640616586261, -0.038826148576657296, 0.07964330415197846, 0.26675499991105206, 0.544033516587161, -0.4200166859797923, -0.6010110577304051, -0.5013099018810636, -0.4184216122322928, 0.0034405261441295826]], "inverted": true, "swapped": true, "error_lsq": 0.04788331226456576, "error_max": 0.259506860920079, "target": "576.xyz", "model": "11.xyz", "model_rescale": 3.6694154284099745, "target_rescale": 4.220329413741235},
{"mapping": [5, 7, 10, 0, 1, 6, 3, 14, 4, 11, 13, 2, 9, 15], "R": [[-0.13849433054187035, -0.9458852623294199, -0.29346275899296576], [0.9823780525515534, -0.0936552265303304, -0.1617469023152224], [0.12550968995570322, -0.31069240262928355, 0.942187639844456]], "T": [-0.0944558993307543, -0.046177966226730816, 0.008750817859330316], "aligned_model": [[0.054920789125153274, -0.05752225377356854, -0.05940438471011432, 0.44481742431386917, 0.6009885305480805, -0.3239220549279397, 0.2777345022431036, -0.4287562532361273, 0.4739191628865663, 0.24030527284496292, -0.4227203154436914, 0.4518721308816158, -0.656485378884102, 0.002517678388001876], [-0.39463186070444256, 0.26482957651572725, 0.6036756860893877, 0.4603611453774537, -0.0833883997730711, -0.5388958704361126, -0.6120503587858621, -0.18402776550616154, 0.5914057735685505, 0.18497444105614824, 0.39379098269529195, -0.17490142700891578, 0.3120961494067232, -0.09225078435846225], [-0.7184888562998466, -0.6817207122095615, -0.19623325724902344, -0.4065588446388906, -0.25204944346294994, -0.10231676788060196, 0.005777643864755377, 0.6363279481913928, 0.22569975239921355, 0.6820053985211381, 0.3186261451272987, 0.38501570017995057, -0.28800859114376876, 0.031019344253308573]], "inverted": false, "swapped": true, "error_lsq": 0.037545973478790066, "error_max": 0.21405776171451016, "target": "576.xyz", "model": "12.xyz", "model_rescale": 3.9764082729961374, "target_rescale": 4.220329413741235},
{"mapping": [6, 4, 0, 7, 5, 3, 8, 14, 11, 13, 6, 9, 2, 12, 1, 15], "R": [[0.9319872717265643, -0.2936785369084898, 0.21249151112212591], [-0.3107847207297849, -0.34563453338106115, 0.885409298965945], [-0.18658130319135777, -0.8912293118461405, -0.413397787857736]], "T": [0.06328651795301032, -0.054479518173180065, 0.004247334713706669], "aligned_model": [[0.5080442784150796, -0.021708400272626563, -0.19042700825776715, -0.565297223687386, 0.5743799854338694, -0.5567484979318662, -0.5014458117636887, 0.12447718430201064, -0.10869941170228423, 0.5116902134303825, 0.5080442784150796, 0.2551572236204091, -0.5617732160999337, 0.5121979099705708, -0.04675268314748138, 0.014656808341186219], [-0.2049339267907371, -0.6755423607079816, -0.6739821349548587, -0.4575207654482438, -0.7170571867390878, 0.1776764265980559, 0.36006825264393877, 0.3047622299130073, 0.6717435682372741, 0.30565171076708747, -0.2049339267907371, -0.3924912792705196, -0.16213430309215046, 0.193419168675472, 0.14671411472294713, -0.08938940004958856], [-0.5984240609369725, -0.34635290954981024, 0.2852346794831947, -0.11182993120564064, 0.05521993961944807, -0.5154676291824924, 0.09848309295788972, -0.7070958372917713, -0.266982397274674, -0.20484635244855043, -0.5984240609369725, 0.4629768935871149, 0.48795208976148663, 0.38403456215012033, 0.5964762385711759, -0.0852240364813006]], "inverted": false, "swapped": false, "error_lsq": 0.04810038889311169, "error_max": 0.3528163976773881, "target": "576.xyz", "model": "13.xyz", "model_rescale": 4.170626492500431, "target_rescale": 4.220329413741235},
{"mapping": [10, 7, 13, 6, 11, 12, 14, 0, 4, 5, 1, 6, 2, 15], "R": [[0.5069793225240882, -0.7768368028838721, -0.37349236701461636], [-0.1668328382131697, -0.5135490893032384, 0.8416852956833408], [-0.84565877907508, -0.36440624934402377, -0.38996065803137925]], "T": [-0.14853499140790583, -0.02272318545525889, 0.025195389882127738], "aligned_model": [[0.2984127841064137, 0.10876146010521964, -0.13949766821100296, -0.6319843724799923, 0.22495650296811392, -0.3854676783446231, -0.5238003857844453, 0.6081816540365306, 0.6837684416123847, -0.21872089900338626, 0.3786186574815701, -0.6319843724799923, 0.17552418086163635, -0.10358528277678322], [-0.368238135524221, -0.7346782007370214, 0.06916603099456706, -0.06215302970766577, 0.6339342327762606, 0.7087181408448078, 0.5091433931373355, -0.3960443346705312, 0.16760011478504905, -0.5733462389183005, -0.07421152411903223, -0.06215302970766577, 0.5033129568393873, 0.035024091932696885], [-0.3574453742759408, 0.06713954211365561, -0.5983650482797389, 0.2944232517730954, -0.19406095981274382, 0.2874996812395469, -0.2924619328071054, 0.11402636983714803, -0.19315779550372156, 0.6289331199205265, 0.5472129462575144, 0.2944232517730954, 0.2988574761983864, 0.10684857268714903]], "inverted": false, "swapped": true, "error_lsq": 0.053136095175523985, "error_max": 0.44637873419924906, "target": "576.xyz", "model": "14.xyz", "model_rescale": 3.9786697098870705, "target_rescale": 4.220329413741235},
{"mapping": [4, 2, 0, 10, 1, 5, 14, 6, 7, 13, 3, 15], "R": [[0.439240763737514, 0.4219828539789371, -0.793093955606192], [-0.8533717113117606, -0.07990924158667678, -0.5151419565924322], [-0.2807566095466365, 0.9030752925735668, 0.3250088339400089]], "T": [-0.012204208169038284, -0.05210599994590225, 0.1611043832696798], "aligned_model": [[0.011752814766673648, -0.5130686134297868, 0.470677185921996, 0.4866709704876897, 0.025102863259237267, 0.37124448372731816, -0.5245916296463439, -0.12496945768406151, 0.7096187527008608, 0.03619167820561569, -0.38873256693458075, -0.07654188460728184], [-0.4558066080552842, 0.018989693911300808, -0.00899073389085802, -0.4094412215257517, 0.36364190376510364, 0.6727098307335476, -0.42061311207450724, 0.30010666561374627, 0.12008657481381466, -0.6701260822497955, 0.5009726421552065, 0.003144937027916253], [-0.6218911191848641, -0.2868906585298706, -0.5352046989758151, -0.13721079350234466, -0.45436796436368354, 0.17594242833348875, 0.5164548960326946, 0.5746160457609765, 0.005662915150153769, 0.27539321650393744, 0.05585938270039903, 0.09160284394875852]], "inverted": false, "swapped": true, "error_lsq": 0.048243437972521556, "error_max": 0.27624659972143395, "target": "576.xyz", "model": "15.xyz", "model_rescale": 3.769337070930944, "target_rescale": 4.220329413741235},
{"mapping": [3, 11, 5, 1, 6, 14, 8, 13, 7, 0, 15], "R": [[-0.11481912759319698, -0.9654832865367606, -0.23379176922405331], [0.43542633462977914, -0.26044934899597766, 0.8617250395099632], [-0.8928720373321213, -0.00285657587809357, 0.4503014156369486]], "T": [0.062046070398132376, -0.06059213358345938, -0.03714406410991877], "aligned_model": [[-0.30037371469689456, -0.3194816368521549, -0.03413791662525833, -0.6142317116909399, 0.3058544883967213, 0.35675273445020705, 0.592401348004525, 0.3625479091843343, 0.06546823816273303, -0.45672226706811714, -0.035451340573985406], [0.14408422958187325, -0.7484081668860207, 0.7474176610836024, 0.24462679003678212, 0.18341046777524184, -0.634434560920323, 0.5245777027357653, -0.5137372675573704, 0.498809756224181, 0.21051794649805672, -0.06080006094644611], [-0.571471290798766, -0.026470681164196153, -0.13951528889628367, 0.013195958106611005, -0.4716343909738739, -0.36648461589469034, 0.060445065151385466, 0.28177764069053113, 0.4746161669553274, 0.5770696132569721, -0.08731056920924021]], "inverted": true, "swapped": true, "error_lsq": 0.04325989423414102, "error_max": 0.21774922085859705, "target": "576.xyz", "model": "16.xyz", "model_rescale": 3.7852294659196426, "target_rescale": 4.220329413741235},
{"mapping": [2, 0, 10, 4, 3, 5, 8, 7, 13, 14, 6, 9, 15], "R": [[-0.7093301325885705, -0.3253019608264818, -0.6253234341397478], [0.5513702840710404, -0.808753113752876, -0.2047173926134469], [-0.4391373052307234, -0.48999697476359394, 0.7530347879595103]], "T": [0.02703617405075268, 0.12982267207892922, -0.11965286249878458], "aligned_model": [[-0.15059747764656847, -0.24421818523887892, 0.2553828322163628, 0.17759298124428255, -0.5139081503771384, -0.6776789147069181, -0.09772534096601818, -0.2174390234890861, 0.6480481091271572, 0.5083668044708978, -0.18030054910980914, 0.38955666832670244, -0.04331390363470265], [-0.24348774560660286, -0.5504509750943729, -0.29300242685183187, -0.7381575568291114, 0.21964787932932628, 0.33744790232398214, 0.6394557357962585, -0.012043581788619195, 0.049852714176419635, 0.38971225304777546, 0.6363142966174202, 0.3554193297614946, 0.08434779882073598], [-0.6541665905276817, 0.3087494513042186, 0.36473705128206274, -0.14359125910980425, -0.5172164039101961, 0.2448734914796905, 0.47862199131809624, 0.5838715247501349, -0.046838690274705316, -0.594406038603639, -0.21042386996557078, 0.4719455350008923, -0.19040149560032382]], "inverted": true, "swapped": true, "error_lsq": 0.05178165428699344, "error_max": 0.25822345207670583, "target": "576.xyz", "model": "17.xyz", "model_rescale": 3.901054581598922, "target_rescale": 4.220329413741235},
{"mapping": [13, 9, 12, 11, 8, 3, 7, 10, 6, 1, 5, 0, 4, 2, 15], "R": [[0.889568411697982, -0.24995628367482067, -0.38234787453391517], [-0.0731706493346831, -0.9041719014313541, 0.4208553536999985], [-0.4509036449010706, -0.3464029862941175, -0.8226122258400047]], "T": [-0.06283849407046839, -0.004870803634998325, -0.129248258050331], "aligned_model": [[0.2321853205104617, 0.20482410736088202, -0.6339081928729724, 0.11925471488218846, -0.16177659427981395, -0.521179782602435, 0.3618145849786688, 0.6034065640650773, -0.5681711357008757, 0.10282829791537536, -0.23907156933869678, 0.6155679841068847, 0.6397446397302559, -0.127458429893108, -0.08897429777285809], [-0.0656416534215865, -0.6399397075119019, 0.5420093304771004, 0.680611814457644, -0.7766231194232468, 0.3005370789203511, -0.45607587268152977, -0.15176911278514638, -0.22209328298145647, 0.3388336393187139, -0.3607779872651177, 0.0896676757826546, 0.5265276063114542, 0.6589920859139046, 0.08449885471526833], [-0.6829817444833627, -0.3687223563895867, -0.31565794461817287, -0.4694303441710109, 0.03758612502235095, 0.26495395902590746, 0.3077007867744913, -0.13900830070482698, -0.057033480722236574, 0.509082469431099, 0.5883052487516794, 0.37145807426459, -0.10429336263868333, -0.020944816769453922, -0.0713479079208083]], "inverted": false, "swapped": true, "error_lsq": 0.04458552967018535, "error_max": 0.27863779302887576, "target": "576.xyz", "model": "18.xyz", "model_rescale": 3.9405287249114394, "target_rescale": 4.220329413741235},
{"mapping": [6, 1, 3, 12, 2, 4, 13, 8, 7, 9, 5, 10, 14, 11, 14, 15], "R": [[0.7556503235969054, 0.3081939024407205, -0.5779352099900577], [-0.2715009660978815, 0.9503877963518124, 0.15182312720222502], [0.5960535327097805, 0.04218477265442723, 0.8018357881139286]], "T": [-0.07377750780836037, -0.06681573709161155, -0.14874480367791332], "aligned_model": [[0.36771270732308003, -0.1288093722170728, -0.31754367038271614, -0.5880029773396175, 0.6210775504789734, -0.5995687048875715, -0.25086649695670327, 0.2970219179834265, -0.09784723868428553, 0.3561022944261827, 0.7340622184924627, 0.295621016382408, -0.26643887124002485, 0.3430175821880157, -0.26643887124002485, -0.04330345526097832], [-0.422386641527678, -0.6849156600254049, -0.780996542520994, -0.21682929680334267, -0.5859261666343676, 0.15173824826575555, 0.4301344535932982, 0.08721747680840931, 0.561936753529407, 0.5687437250642565, 0.013629654331091895, -0.4305937617280279, -0.11118822455503462, 0.20147219004753508, -0.11118822455503462, -0.08879779557599132], [-0.6355087890485774, -0.37334089257613595, 0.246163324896286, -0.033822392472066226, -0.09373486888893151, -0.6074852544499161, 0.26719971578666246, -0.7898795090121891, -0.4645240026995859, -0.13209029523518923, -0.3281498157816092, 0.4421141609353312, 0.6000219446978048, 0.37424338261897516, 0.6000219446978048, -0.13549837264641865]], "inverted": false, "swapped": false, "error_lsq": 0.046717733839132324, "error_max": 0.3717991469163403, "target": "576.xyz", "model": "19.xyz", "model_rescale": 4.410303926677745, "target_rescale": 4.220329413741235},
{"mapping": [9, 6, 7, 13, 0, 14, 10, 5, 12, 2, 11, 4, 1, 15], "R": [[-0.7555601538216193, -0.19164669621948432, -0.6264187080421593], [0.6273660943299714, -0.48688605290932896, -0.6077448108931345], [-0.18852224707500384, -0.8521816210823436, 0.488104340328234]], "T": [0.029669448138402103, -0.1549088625776555, -0.005778205571564998], "aligned_model": [[-0.2719180544928623, 0.29830142934095805, 0.28515244449488414, -0.5924459947382243, 0.22720240845836798, -0.4340339037362073, -0.23049256864712842, 0.7717988414241536, 0.05824977664436575, 0.13114680604277704, -0.3781944041545327, -0.23623676011584016, 0.5426618736742324, 0.08999599526592902], [-0.09111746647198411, -0.6180927630355225, 0.33846362886810966, -0.10780477854126963, 0.6701317365608382, -0.6592445551702758, 0.42869250549830273, -0.0882007033907968, -0.6719432415299283, -0.08009893485800501, -0.02505060101921988, 0.5692074144096099, 0.2900396610161583, -0.14403343615481448], [-0.6670491490518722, -0.15089605880458673, -0.5216781405491095, -0.0958143225050466, -0.018756815061325705, 0.22924745033824817, -0.24511482490881165, -0.3484223948132719, 0.6201656170092635, 0.6580931134101708, 0.6541855192414165, 0.4203433529229851, 0.2973784048042026, 0.08513328669275877]], "inverted": false, "swapped": true, "error_lsq": 0.04855381843666788, "error_max": 0.34253422535664485, "target": "576.xyz", "model": "20.xyz", "model_rescale": 4.121658175737393, "target_rescale": 4.220329413741235},
{"mapping": [5, 6, 9, 7, 10, 3, 14, 1, 12, 11, 13, 4, 15], "R": [[-0.6316576716028749, 0.02722089166207059, 0.7747693908269457], [-0.6344703944788115, -0.5924317262062664, -0.49645943269734016], [0.44548389918731757, -0.8051606503309667, 0.39148489463002095]], "T": [0.03544486607866973, 0.0033548947343368316, 0.09756935658787826], "aligned_model": [[0.2664698585682884, -0.2999764385282603, 0.4010752901562329, 0.7177676028678758, 0.6592454985300129, -0.3244933896219817, -0.5261481794680677, 0.29028205345660596, -0.7161006872327637, -0.16850710276654535, 0.11132815629141038, 0.4674157011656851, 0.0027245412458015567], [-0.5493385904174563, -0.0950198529320653, 0.5164098400234225, -0.1252167163397583, 0.2178568981685341, -0.569085896222245, 0.4295804818028356, -0.6616788187043866, -0.1623480541652714, 0.09487500226296827, 0.59104833277654, -0.05824988758382071, -0.08800583450611335], [0.6577197110622994, 0.5283554006195892, 0.46552674645127484, 0.40211121469415184, -0.07683967594727038, 0.13632619314715763, -0.06843470486881402, -0.11651594332591407, -0.16256304671274124, -0.6566162124157623, -0.11739824678428475, -0.6680912243679586, 0.04652952793006156]], "inverted": true, "swapped": true, "error_lsq": 0.05099694849992306, "error_max": 0.31471256174019446, "target": "576.xyz", "model": "21.xyz", "model_rescale": 4.08911054899281, "target_rescale": 4.220329413741235},
{"mapping": [6, 0, 13, 4, 10, 1, 2, 8, 11, 11, 5, 12, 3, 9, 14, 16], "R": [[0.07314333819371614, 0.9643919813010485, -0.254161677835424], [-0.5632000248188881, 0.25026100163869863, 0.7875120082276836], [0.8230770219863288, 0.08554260611551096, 0.5614505128834446]], "T": [0.021679407648055482, -0.10099136290392834, -0.05551632553626215], "aligned_model": [[0.2495104324002564, -0.3827608630618081, -0.1944035008967988, -0.6182352201672261, 0.7362642405243738, -0.39323006666903965, -0.640716195776583, 0.2235035678025178, 0.20669105535625062, 0.20669105535625062, 0.685227967936999, 0.2884252527230012, -0.48278996184029327, 0.5874847997324397, -0.009705111495540666, -0.006161822859245547], [-0.48936809652249996, -0.5707017146415292, -0.6251276092351868, -0.36958658046521253, -0.4753531878501764, 0.2866536983503851, 0.18005497669603243, 0.1224515576729465, 0.5826205065738108, 0.5826205065738108, 0.09856152762268812, -0.46074517674487264, -0.2669382816663706, 0.07111217836097324, 0.055236177538909234, -0.13944029454982942], [-0.6495034175639424, -0.5201448342159877, 0.2840706853237125, 0.012733686031466115, -0.03661791658271016, -0.6101151137364266, 0.0036347432150743153, -0.6800980156954403, -0.3459272970574787, -0.3459272970574787, -0.18822279097449973, 0.5313340417604051, 0.6316889557994948, 0.34171438945797783, 0.566119060773406, -0.05900859865532705]], "inverted": false, "swapped": false, "error_lsq": 0.04446735807687413, "error_max": 0.33335814438334743, "target": "576.xyz", "model": "22.xyz", "model_rescale": 4.204369325754507, "target_rescale": 4.220329413741235},
{"mapping": [6, 1, 3, 12, 2, 4, 13, 8, 7, 9, 5, 10, 14, 11, 14, 15], "R": [[0.7556503235969054, 0.3081939024407205, -0.5779352099900577], [-0.2715009660978815, 0.9503877963518124, 0.15182312720222502], [0.5960535327097805, 0.04218477265442723, 0.8018357881139286]], "T": [-0.07377750780836037, -0.06681573709161155, -0.14874480367791332], "aligned_model": [[0.36771270732308003, -0.1288093722170728, -0.31754367038271614, -0.5880029773396175, 0.6210775504789734, -0.5995687048875715, -0.25086649695670327, 0.2970219179834265, -0.09784723868428553, 0.3561022944261827, 0.7340622184924627, 0.295621016382408, -0.26643887124002485, 0.3430175821880157, -0.26643887124002485, -0.04330345526097832], [-0.422386641527678, -0.6849156600254049, -0.780996542520994, -0.21682929680334267, -0.5859261666343676, 0.15173824826575555, 0.4301344535932982, 0.08721747680840931, 0.561936753529407, 0.5687437250642565, 0.013629654331091895, -0.4305937617280279, -0.11118822455503462, 0.20147219004753508, -0.11118822455503462, -0.08879779557599132], [-0.6355087890485774, -0.37334089257613595, 0.246163324896286, -0.033822392472066226, -0.09373486888893151, -0.6074852544499161, 0.26719971578666246, -0.7898795090121891, -0.4645240026995859, -0.13209029523518923, -0.3281498157816092, 0.4421141609353312, 0.6000219446978048, 0.37424338261897516, 0.6000219446978048, -0.13549837264641865]], "inverted": false, "swapped": false, "error_lsq": 0.046717733839132324, "error_max": 0.3717991469163403, "target": "576.xyz", "model": "23.xyz", "model_rescale": 4.410303926677745, "target_rescale": 4.220329413741235},
{"mapping": [6, 13, 7, 11, 12, 9, 10, 15, 8, 4, 5, 0, 1, 2, 3, 16], "R": [[0.9936339303588304, -0.01712918726169787, 0.11134721991777381], [0.053939786312743675, 0.9400547487433382, -0.33673070667468874], [-0.09890455951167744, 0.3405931007945602, 0.9349942394469326]], "T": [-0.06130389344160967, -0.1418883582453114, -0.1585036762720103], "aligned_model": [[0.3526858978629015, -0.0036566054758585542, -0.22005084749429243, -0.6811886987267806, 0.5673078390459202, -0.4211063651917439, -0.43950258429645445, 0.0956121462189698, -0.08194977448739019, 0.259891826670506, 0.5430970222614121, 0.3584004703254381, -0.4844537926273642, 0.5850638287248467, 0.07911750707126916, -0.05347224081582551], [-0.49035512833582484, -0.7921515575774583, -0.6903394448183607, -0.26521285754054386, -0.6338748939802831, 0.20741500498995383, 0.35558834575486686, 0.10161464001814202, 0.6632006255052292, 0.43606972066589256, -0.013162136878498154, -0.3800425104719375, -0.22429126547092482, 0.14806796502323719, 0.26552867033136207, -0.10600498950097419], [-0.6924338707713756, -0.4193123908765102, 0.1819837785602272, -0.19393505587976598, -0.06378106430303329, -0.5339358610716229, 0.023887731114454996, -0.8107289725988988, -0.3231613304937908, 0.03302214808094853, -0.2756835655785956, 0.42245816231834166, 0.5834459670800101, 0.41684669482051917, 0.6311444603925531, -0.04408654997121636]], "inverted": true, "swapped": false, "error_lsq": 0.038811873817452026, "error_max": 0.2892438077461956, "target": "576.xyz", "model": "24.xyz", "model_rescale": 4.28219845311461, "target_rescale": 4.220329413741235},
{"mapping": [10, 14, 2, 13, 6, 12, 7, 11, 9, 5, 8, 0, 4, 1, 4, 15], "R": [[0.9657300815501544, 0.12093851590631455, 0.22965035371083184], [-0.09618862767558856, 0.9885682588600677, -0.1161057512798628], [-0.24106670756248996, 0.09003706428328542, 0.966323015124978]], "T": [-0.013669624725044884, -0.022430058935912475, -0.07145531730418886], "aligned_model": [[0.4582372910538239, -0.08289711075621728, -0.2264199744933018, -0.5918472175998913, 0.5446608715922441, -0.4628011244245644, -0.6176222510010488, 0.05253148733320639, -0.22458787161072144, 0.5849929420415226, 0.6687868798785553, 0.2765137883092707, -0.19996928610693673, 0.46880186140471075, -0.19996928610693673, 0.007384629551838818], [-0.3269419816773815, -0.5921894544727312, -0.6521636511312908, -0.15404804265509286, -0.7295954899085815, -0.020411067827262083, 0.3698765091300889, 0.07469290350111367, 0.5855644663340858, 0.5295980085539902, -0.06264673762727895, -0.4927353522546336, -0.043452828887950136, 0.20462408520341868, -0.043452828887950136, -0.06466834967866622], [-0.6320631754155851, -0.5721812016660337, 0.09271811514487913, -0.10756396441468342, -0.051929819094141405, -0.6900801793050526, 0.22330354620430376, -0.6031146200332028, -0.2781672769273609, -0.32075197747028517, -0.19221042074953157, 0.5286785760162548, 0.6352971516255262, 0.28286809364627596, 0.6352971516255262, -0.01436971836464409]], "inverted": true, "swapped": false, "error_lsq": 0.04676234640835498, "error_max": 0.360841702801304, "target": "576.xyz", "model": "25.xyz", "model_rescale": 4.100010024507729, "target_rescale": 4.220329413741235},
{"mapping": [14, 13, 4, 10, 3, 1, 2, 7, 9, 5, 6, 15], "R": [[-0.6634512035286854, 0.1447149080937784, 0.7340913403056517], [0.7242851705170811, 0.3703828378582645, 0.5815733360369106], [-0.18773250199521066, 0.9175370013222726, -0.35054580142850145]], "T": [-0.10959374000229141, 3.2186418958891905e-05, -0.07260808402197899], "aligned_model": [[-0.65832582007509, -0.02471530274941841, 0.41609121265921434, 0.5245447573178051, -0.45466218174882, 0.1892847612460102, -0.28023562790186807, 0.5328960946614165, 0.19214328437240044, 0.06584444960905109, -0.49309096900883853, -0.13300905601885593], [-0.45605377638915556, -0.6226304537384667, -0.13202124406420984, -0.249535432089542, 0.5626096342051573, 0.590412306743996, 0.21741155552165797, 0.20339097106334345, -0.40252053081122946, 0.6768240660186583, 0.20277472597632185, 0.07546956761410786], [0.05185495116051417, -0.023213663358893577, 0.6222640616586261, -0.038826148576657296, 0.07964330415197846, 0.26675499991105206, 0.544033516587161, -0.4200166859797923, -0.6010110577304051, -0.5013099018810636, -0.4184216122322928, 0.0034405261441295826]], "inverted": true, "swapped": true, "error_lsq": 0.04788331226456576, "error_max": 0.259506860920079, "target": "576.xyz", "model": "26.xyz", "model_rescale": 3.6694154284099745, "target_rescale": 4.220329413741235},
