[{"mapping": [7, 10, 0, 5, 9, 6, 4, 8, 2, 1, 11], "R": [[-0.233462858518298, -0.920279189771382, 0.3139766019406449], [-0.2501930605678819, -0.25517488140931016, -0.9339642457510999], [0.9396268015207643, -0.2966007295531715, -0.1706736098299474]], "T": [-0.102696937852295, -0.04982179874570769, 0.029870813741683787], "aligned_model": [[0.7175503616493384, -0.015013714392798277, 0.09427786818309727, 0.5541466700741522, -0.33531064206997574, 0.1917338999445875, -0.6704202625131488, -0.39784358404989284, -0.09563252366398772, 0.4610804146352649, -0.062303848184239945], [-0.4662021818523068, -0.2856000967233806, 0.5337579581575805, 0.24662604050817905, -0.6086862585607917, -0.6019010749557001, 0.5132832811404914, -0.23149742242435328, 0.46597569686289764, 0.09821088506203254, 0.0038488928757853674], [-0.19468442242592854, -0.6013831703973223, -0.028669660475050006, -0.3816647082461249, -0.024145892874777163, 0.395484601759359, -0.08393323884837378, 0.561835019013519, 0.6484605672637495, 0.4325145531264535, 0.011979166080235668]], "inverted": false, "swapped": false, "error_lsq": 0.053397450494789944, "error_max": 0.34835018497996534, "target": "579.xyz", "model": "0.xyz", "model_rescale": 3.751011558992144, "target_rescale": 3.8968695338393724},
{"mapping": [11, 10, 4, 6, 9, 12, 8, 13, 0, 7, 14], "R": [[0.9336800495979197, -0.35794598375002457, 0.010781358914983316], [-0.2716641788207848, -0.7275927087090043, -0.6299265228414525], [0.23332410704523265, 0.5852209180734412, -0.7765798980921562]], "T": [-0.07059290979524076, 0.04587655341033798, 0.12265484866294357], "aligned_model": [[0.4867593776897083, -0.07168009669311125, -0.0928726457249959, 0.6312328570320821, -0.24060235317701928, 0.2858300705659592, -0.543705765979147, -0.4608590478718777, 0.0003897809376780942, 0.500741038069624, -0.05296857523650358], [-0.46246552606732866, -0.17871301702526643, 0.5316289081240745, 0.16187926505473368, -0.5543568512720268, -0.48246994687317385, 0.48289587131881523, -0.4545669607097033, 0.4989846437535616, 0.13060026725467536, -0.0056009334679270675], [-0.13749462143894314, -0.6660225828672486, -0.5011417793872319, -0.11757360339577527, -0.08949196464974388, 0.5044764546333441, -0.03733450482093231, 0.4758556823914474, 0.7269387509649305, 0.4483486252795917, 0.1292323572663011]], "inverted": false, "swapped": false, "error_lsq": 0.04280414485101056, "error_max": 0.20472276101033762, "target": "579.xyz", "model": "1.xyz", "model_rescale": 3.9405287249114394, "target_rescale": 3.8968695338393724},
{"mapping": [5, 2, 1, 0, 9, 11, 4, 10, 7, 6, 12], "R": [[0.4442143476482685, -0.7859708342734103, -0.4300272793846723], [-0.784022713773601, -0.573308708763926, 0.23796114964951373], [-0.4335689075919786, 0.23144539772265846, -0.8708909404985787]], "T": [-0.0366714524263802, 0.016781507129877353, 0.10593518742120422], "aligned_model": [[0.3447198054370326, 0.05918358401555865, 0.07676898714345654, 0.7590409021558131, -0.32665427425937504, 0.3336661707115054, -0.6169375546038101, -0.44505896910992915, -0.055869889959604555, 0.3722368590109069, -0.05883098092915738], [-0.46422943940248135, -0.06887225312352147, 0.645016439173356, 0.13315782158399192, -0.7351912108906993, -0.5307438670079843, 0.3941091937699471, -0.5232212805374141, 0.6680937813863345, 0.13021393041665885, 0.019482604722246156], [-0.28296770292310414, -0.5631274948924776, -0.3627635102394505, -0.13119007583688452, 0.07715843491889499, 0.3717928534776088, -0.006362583890057394, 0.609029358368323, 0.5579679235756841, 0.4454683545407343, 0.020787256876468943]], "inverted": true, "swapped": false, "error_lsq": 0.046522687319283614, "error_max": 0.21805808812443972, "target": "579.xyz", "model": "2.xyz", "model_rescale": 3.932901565614263, "target_rescale": 3.8968695338393724},
{"mapping": [4, 2, 1, 0, 5, 7, 10, 9, 11, 3, 13], "R": [[0.6312658961031078, -0.41110243727163104, 0.6576459187788404], [-0.690327747028957, -0.684314886457244, 0.2348632322330032], [0.35348404504173137, -0.6022523742106243, -0.7157800693359667]], "T": [0.02800135250219275, 0.007875127175408843, 0.15771920706625164], "aligned_model": [[0.3576066264775174, 0.17178046241730685, 0.1385311277282482, 0.6035929156247504, -0.33967157343133053, 0.3098355477255997, -0.5614590259762371, -0.31580330070928603, -0.26891148680170296, 0.4269163346217502, -0.08015298806421943], [-0.588771601530004, -0.038185409760997345, 0.5708212402413889, 0.06391628842503899, -0.5961518177672264, -0.587374694432987, 0.3866240968786919, -0.4343962909084485, 0.6892603039892091, 0.22756703067104372, -0.02549342571527561], [-0.3887233324843915, -0.6616743782561177, -0.3109421456016806, -0.18066529294952993, 0.028228840731857913, 0.4333814707605952, 0.008618165976659264, 0.6331004146934295, 0.6529622837895446, 0.38856067357570867, 0.13294611373966445]], "inverted": true, "swapped": false, "error_lsq": 0.05073283989916364, "error_max": 0.24263326619109532, "target": "579.xyz", "model": "3.xyz", "model_rescale": 3.9243930471874484, "target_rescale": 3.8968695338393724},
{"mapping": [7, 0, 5, 1, 4, 8, 6, 10, 11, 9, 12], "R": [[-0.34916409570559315, 0.6589569033773153, -0.6662283645728956], [-0.9205577472338102, -0.3740622109060331, 0.11247620361615585], [-0.17509388418190955, 0.6525743343585235, 0.7372169761058287]], "T": [-0.022299292904493756, -0.08032966803823677, 0.09853055332590308], "aligned_model": [[0.45971243557200625, 0.0007500014544530587, 0.0019462670128487514, 0.5692591084302815, -0.11542532931905476, 0.24738806956084655, -0.5715233675701843, -0.47883575726361116, -0.13113536813021456, 0.4663831708854952, -0.006254591020469501], [-0.6258597077316139, 0.07195389089755161, 0.5503172969458896, 0.07963225353549147, -0.6560528862463684, -0.47632306838751337, 0.37999933387686274, -0.2868341521115404, 0.4921548431752066, 0.1406047977669548, -0.0017768816304864626], [-0.23759506056779559, -0.7378908721935515, -0.3201813502014358, -0.2683906118297338, -0.012093073435572699, 0.50693515947345, 0.009274514089474634, 0.5945729651084112, 0.6338344619027825, 0.5568588234341253, 0.010467858195585461]], "inverted": false, "swapped": false, "error_lsq": 0.04349605119508007, "error_max": 0.24093466241392136, "target": "579.xyz", "model": "4.xyz", "model_rescale": 3.8936222436046832, "target_rescale": 3.8968695338393724},
{"mapping": [10, 4, 5, 7, 2, 3, 1, 0, 9, 8, 11], "R": [[0.5612320415391195, 0.6704747676427227, 0.4852650631400009], [-0.203159019135621, -0.4567746393991035, 0.8660735198270824], [0.8023372161963351, -0.5846541839038322, -0.120143567243775]], "T": [0.12434903337359969, 0.04007342240997442, 0.10871740864867616], "aligned_model": [[0.4905433486195163, -0.024560649277434746, -0.0636028328120513, 0.636438881990097, -0.26227637900595363, 0.10994609182359037, -0.6418962047739575, -0.5436587230418432, 0.011337020033032094, 0.680441831114848, 0.049552254942553595], [-0.4086007561750061, -0.1887036932276205, 0.5005494197896218, 0.32494851058561053, -0.5612588079522931, -0.3872953326347494, 0.26026909838196416, -0.26321179427135577, 0.3229961355478872, -0.03127586815925556, 0.09939880820563113], [-0.14438455585917162, -0.6370114540622701, -0.5314441404007911, -0.16761155919384227, -0.1059423317639209, 0.4926842494141498, 0.022167616849502886, 0.6031888675706101, 0.6465082295564444, 0.5898960712745271, -0.032258179409498544]], "inverted": false, "swapped": false, "error_lsq": 0.05234187121342331, "error_max": 0.2815431042367747, "target": "579.xyz", "model": "5.xyz", "model_rescale": 3.6523030999806103, "target_rescale": 3.8968695338393724},
{"mapping": [1, 3, 7, 5, 2, 6, 11, 10, 9, 8, 12], "R": [[0.7750772483830417, 0.47030038700321164, -0.42198673560149036], [-0.04961013304008556, 0.7110739510285677, 0.7013648628697956], [0.6299159418039185, -0.5226771299313292, 0.574468906128113]], "T": [0.05944734070058319, -0.05813466483518964, 0.0644969554165769], "aligned_model": [[0.44671795109830803, -0.08991902649135897, -0.02918557363672232, 0.6413284465789737, -0.18566772624123776, 0.2176473943888018, -0.6539845641118603, -0.4479704517814661, -0.0962079825860637, 0.5496888473559948, 0.08981732503902798], [-0.5526906211880425, -0.0344966225289349, 0.5199534731877864, 0.23284475603554472, -0.7491154793127881, -0.49196979308423716, 0.44559949544931104, -0.23752372625745333, 0.44826435421930205, 0.09649204531469038, -0.00954216174474451], [-0.23183182541905373, -0.6135676685358817, -0.2887400342523822, -0.1371187315678881, -0.13216456138602362, 0.5220822333509602, -0.04429558154775631, 0.629315324612973, 0.5564261464733993, 0.49976348103846263, -0.024075968791069505]], "inverted": true, "swapped": false, "error_lsq": 0.04591169565679669, "error_max": 0.24603452889031596, "target": "579.xyz", "model": "6.xyz", "model_rescale": 4.08911054899281, "target_rescale": 3.8968695338393724},
{"mapping": [13, 12, 5, 7, 11, 1, 8, 9, 3, 6, 14], "R": [[-0.8538182451424337, -0.11920205195905442, 0.5067398494993722], [0.49780233561338694, -0.47169924510309724, 0.7277998741598033], [0.15227356605712078, 0.8736650919991709, 0.4620844815640627]], "T": [0.04569889582100665, 0.016685538119442775, 0.05633498065409463], "aligned_model": [[0.44170270486324276, 0.06172160647278949, 0.11070844084917747, 0.7354840584903893, -0.2726807197971047, 0.17910696613048058, -0.5816759633066463, -0.44260121994276325, -0.0966357922456624, 0.3565863729020154, -0.04945181480352121], [-0.5124910466814696, -0.2070887461880489, 0.540253336937559, 0.24613660846714464, -0.438673222751392, -0.5698969589862383, 0.24780121041460185, -0.28065275673242424, 0.4430371595985622, 0.28595275133406345, -0.08656261532192382], [-0.2583833818132177, -0.620178330698488, -0.4933483360650061, -0.20981835901106588, -0.1329105799654306, 0.47594112898960406, 0.19100236883363209, 0.5927212624207555, 0.7078075953516453, 0.3391549073482949, 0.14380453858501657]], "inverted": true, "swapped": false, "error_lsq": 0.047135236766461384, "error_max": 0.2617118518185722, "target": "579.xyz", "model": "7.xyz", "model_rescale": 3.964800864290218, "target_rescale": 3.8968695338393724},
{"mapping": [0, 1, 7, 2, 5, 3, 9, 10, 11, 6, 13], "R": [[0.06463793971985055, -0.4630446335731102, 0.8839748888220282], [-0.7495189289131194, -0.6073508539699107, -0.2633368857242575], [0.6588196353704885, -0.6455343581105227, -0.38631862568239217]], "T": [0.07625367536012514, 0.0497708056360481, 0.0480118839268682], "aligned_model": [[0.6465378952429177, 0.1152249260352172, -0.025946750815589267, 0.6088201467567713, -0.48158535483296816, 0.29544398066823, -0.5199596717386952, -0.5407430359130128, -0.05463857826322863, 0.39967017169340546, -0.0005590892206503162], [-0.3539404513245282, -0.19172415016413388, 0.3929185208224417, 0.290492335708537, -0.5706928508727028, -0.5864443847444364, 0.3489946887343373, -0.22831181625562982, 0.5064816828707319, 0.0195274620595527, 0.04051468325626507], [-0.10995172605571488, -0.6614113459692792, -0.5673399531660042, -0.2634922512909119, -0.0059435635590010805, 0.31847174655064214, 0.2178689983301723, 0.5139723186069103, 0.7272877609095603, 0.5286291258641067, 0.03770170375525937]], "inverted": true, "swapped": false, "error_lsq": 0.04851103594267821, "error_max": 0.25290523474724974, "target": "579.xyz", "model": "8.xyz", "model_rescale": 4.121658175737393, "target_rescale": 3.8968695338393724},
{"mapping": [2, 3, 11, 8, 0, 1, 5, 4, 9, 6, 12], "R": [[0.8734477808736827, -0.3289797342926693, -0.3589725734809888], [0.3587695310680759, -0.06361735139505738, 0.9312557415547411], [-0.32920115076352957, -0.9421916827409391, 0.06246147060200699]], "T": [0.007009776626855355, 0.09692381922349261, -0.009345229879172925], "aligned_model": [[0.42731782688980063, 0.05679387248310684, 0.11930636192115016, 0.6988665206927782, -0.43258521872447764, 0.1415851663916401, -0.5941842396613831, -0.38088152908020617, -0.08855695239920129, 0.47308624560997264, 0.021516585489216526], [-0.40546619698554975, -0.207605668129157, 0.44677561510048547, 0.31201744867601355, -0.5552517833382021, -0.4970624451671667, 0.21044193422211255, -0.2820302050238076, 0.47120058008402244, 0.15178132528831045, 0.023015115363372612], [-0.2401955392931423, -0.7356146885531074, -0.5270568024815132, -0.08432732098592487, -0.025076301286739915, 0.3131474024373141, 0.0766623199182364, 0.6935502816887785, 0.7282005135279441, 0.5005032075829328, 0.03599974142096163]], "inverted": false, "swapped": false, "error_lsq": 0.041375873256185365, "error_max": 0.19956746996256255, "target": "579.xyz", "model": "9.xyz", "model_rescale": 3.833441315466971, "target_rescale": 3.8968695338393724},
{"mapping": [10, 8, 7, 11, 13, 0, 3, 5, 6, 12, 14], "R": [[-0.9785554686345156, 0.1295681743898356, 0.16012895737738655], [-0.00034073040965007517, -0.7784044996063803, 0.6277629480108943], [0.2059832000631888, 0.6142463049769417, 0.7617561277166744]], "T": [0.009208988702262673, 0.013490207532545519, 0.14152795733702364], "aligned_model": [[0.5745356678930591, 0.12843553224804105, 0.016916536261865137, 0.500566095920708, -0.3270965536374795, 0.1706829078680146, -0.6813632713987862, -0.47447455091753854, 0.05376696161713388, 0.5348088999194626, -0.0545135861620828], [-0.4686625612485465, -0.1935126477892377, 0.5532195243294226, 0.2758753964816111, -0.7076185756257607, -0.5868788840820064, 0.48063308218874345, -0.31081382082278247, 0.4402549024996935, 0.14047130483686796, 0.044847999322429534], [-0.21016593921465562, -0.600425013935075, -0.2490444880331135, -0.25224772353935443, 0.09066297470482779, 0.4195676828563032, -0.10180173255819883, 0.4854935546870748, 0.6679460898364943, 0.40731093566075793, 0.07849647351067943]], "inverted": true, "swapped": false, "error_lsq": 0.04355293229345048, "error_max": 0.21070844477061432, "target": "579.xyz", "model": "10.xyz", "model_rescale": 4.2482417240324, "target_rescale": 3.8968695338393724},
{"mapping": [2, 1, 8, 3, 6, 5, 10, 4, 9, 7, 11], "R": [[0.9909204203628872, -0.0671934051197147, 0.11645499910376139], [0.10477870059876238, -0.15682473044624495, -0.9820526604114963], [0.08425048610348834, 0.9853380385577737, -0.14836039013983954]], "T": [-0.0006932169379311667, -0.05905737537141251, -0.030269421353503217], "aligned_model": [[0.5152243487838626, -0.046015169040773886, 0.07593281691537243, 0.688687833248781, -0.17935238320232197, 0.10197379096962517, -0.4422182833191395, -0.5694900324289984, -0.1389988331886288, 0.4874187882299204, -0.05089823735530175], [-0.5222796032183338, -0.06333266801514037, 0.5047089598326238, 0.25886626371922894, -0.6809163664878444, -0.41961511648047367, 0.39974085945728854, -0.37200010643943504, 0.4195121122216079, 0.18703893820653472, -0.04390755270562252], [-0.2891352541567356, -0.7353043114749779, -0.2608204985171909, -0.3161889096759589, 0.012793737150520179, 0.6206098079472719, 0.06751686607796661, 0.5565666801187512, 0.6263535330102432, 0.36940484795803974, 0.08399631553781045]], "inverted": false, "swapped": false, "error_lsq": 0.04876530646895393, "error_max": 0.2508790959270966, "target": "579.xyz", "model": "11.xyz", "model_rescale": 3.6694154284099745, "target_rescale": 3.8968695338393724},
{"mapping": [1, 0, 6, 4, 12, 2, 7, 10, 9, 8, 13], "R": [[-0.8318398968047664, -0.33145760402245483, 0.4451721496449759], [-0.5536204780533671, 0.5523659453239002, -0.6232144323797348], [-0.0393287727217187, -0.7648710474204965, -0.6429817481500355]], "T": [0.003699123342003119, 0.042832827259999144, 0.018356715884069605], "aligned_model": [[0.5001996684059218, 0.11901040354652825, -0.06285165963974962, 0.6602734161333179, -0.3458889986286255, 0.24771998298257378, -0.65979668431974, -0.3577687740529965, -0.14998895794791492, 0.4342303832632381, 0.05712585986984399], [-0.6118013566709024, -0.123325092616486, 0.46487664180543387, 0.18639058814517373, -0.534500433237447, -0.4476838449567, 0.3306587376594028, -0.1764348882446204, 0.4671394449193218, 0.11535745543178852, -0.0028615321445306097], [-0.18514952009388685, -0.6670867309044828, -0.35218996854600887, -0.29144970284464566, -0.060655634839887285, 0.37354791471935755, 0.1889289205001487, 0.49247844645404193, 0.6824577133008913, 0.6364027205230991, -0.08149134429288739]], "inverted": true, "swapped": false, "error_lsq": 0.041030142434768296, "error_max": 0.25742591246842994, "target": "579.xyz", "model": "12.xyz", "model_rescale": 3.9764082729961374, "target_rescale": 3.8968695338393724},
{"mapping": [10, 1, 9, 12, 8, 11, 4, 3, 6, 13, 15], "R": [[0.42083443577808954, -0.6852787715229509, 0.5943831953910983], [0.8680447317620821, 0.11393214150426513, -0.48323680612340314], [0.26343257452986424, 0.7193138900593035, 0.6427991958958258]], "T": [-0.04791673234114974, 0.09403927128453446, 0.018248855932781166], "aligned_model": [[0.4614431277375643, 0.16977948682004823, 0.00787482120067401, 0.5407608395720414, -0.16525766394437538, 0.20980489358210525, -0.6022640722693349, -0.4962955131900551, 0.004398482587291974, 0.4426477541150418, -0.13062751659860455], [-0.49603932116338445, -0.1660287428561608, 0.4430266894625686, 0.18918556117919164, -0.5974827481494188, -0.5396361307614244, 0.5169270202213656, -0.4611401271250084, 0.5425970676704887, 0.14365703582317765, 0.09274941578903878], [-0.1779823511509576, -0.5186827621014249, -0.46816065366221227, -0.2089502523267799, -0.06939382235253416, 0.42146064534719896, 0.1906689832175992, 0.4645399624761213, 0.6344613414340079, 0.38069210425872224, 0.0871396188359993]], "inverted": false, "swapped": false, "error_lsq": 0.044115846181916635, "error_max": 0.23117259622450606, "target": "579.xyz", "model": "13.xyz", "model_rescale": 4.170626492500431, "target_rescale": 3.8968695338393724},
{"mapping": [1, 9, 11, 3, 7, 0, 12, 8, 4, 2, 13], "R": [[-0.6622065643007267, -0.47216910481032986, -0.5818408740021962], [-0.6175261108745129, 0.7837055329864133, 0.06683666624451823], [0.4244337034039907, 0.4035616111935004, -0.8105516993910256]], "T": [0.05885256114563303, 0.0629365218048514, 0.09383906921665063], "aligned_model": [[0.40651407418661756, 0.02685953984452999, 0.03903914582445478, 0.6567885713439963, -0.2379139891063703, 0.29085327326026156, -0.5988490488489335, -0.5480163541983722, -0.1759155051470098, 0.5288254195712232, 0.054079512881999726], [-0.5366942461381918, -0.16149389037155107, 0.4807548934896114, 0.2056900931029735, -0.691610514169096, -0.4093436931495116, 0.3823673117954014, -0.19279801619850437, 0.2880554049401423, 0.1505565826898188, 0.152331794099342], [-0.23840915783871836, -0.6839230249626915, -0.47598097955940977, -0.2185189785739874, 0.09810381343683888, 0.3748826150753814, 0.1269854687608135, 0.43715562644383177, 0.724131520463017, 0.5459235795796349, 0.045442331151029754]], "inverted": false, "swapped": false, "error_lsq": 0.049565437621595904, "error_max": 0.31621497290367434, "target": "579.xyz", "model": "14.xyz", "model_rescale": 3.9786697098870705, "target_rescale": 3.8968695338393724},
{"mapping": [2, 4, 1, 0, 5, 8, 10, 7, 6, 9, 11], "R": [[-0.40892883941977365, 0.8028513928223013, 0.43382812879536486], [0.9026928239447758, 0.4256139228557047, 0.0632333319538369], [-0.1338763231098123, 0.41747147173749366, -0.89877399850904]], "T": [0.0860921645687534, -0.020160361477770658, 0.10888090685691358], "aligned_model": [[0.5332540138525486, -0.07857351238282459, -0.05895129857934134, 0.6451754234634057, -0.2547655726919108, 0.18809706938676074, -0.647945756792389, -0.45035411450208834, -0.03325879162303619, 0.49527425060450475, 0.10431292887676723], [-0.5989693203216941, -0.16061018751229905, 0.6025587835465613, 0.20585328990056162, -0.7364229521638217, -0.5008103032004618, 0.2225938806329883, -0.09546156400581927, 0.5734661699134699, 0.10405338707916141, 0.051564536221787693], [-0.3589586874210212, -0.46389635464366025, -0.11883679493746645, -0.23774471985454587, -0.015390939766502437, 0.28437665876287116, -0.19865721506934642, 0.48760392432426364, 0.6194869989557309, 0.5611587342883394, 0.17665120933707745]], "inverted": true, "swapped": false, "error_lsq": 0.05945035525974733, "error_max": 0.32024311659169474, "target": "579.xyz", "model": "15.xyz", "model_rescale": 3.769337070930944, "target_rescale": 3.8968695338393724},
{"mapping": [2, 8, 9, 3, 6, 4, 7, 5, 1, 0, 10], "R": [[0.7149460251968213, -0.5395561928037602, 0.44466987289716153], [0.6987063535052311, 0.5747467119571761, -0.4259995876357603], [-0.02572183171333639, 0.6152603773212821, 0.7879042171938062]], "T": [-0.004400228708490855, 0.005936673634618403, 0.08208962303505371], "aligned_model": [[0.5623308873056402, -0.07559596344626779, 0.12903063206951979, 0.5712755708018916, -0.21579546474683908, 0.09731712054390493, -0.6627673948633338, -0.39976564284973704, -0.06850434125138158, 0.45276639878705927, 0.05197283726194049], [-0.3686889119035773, -0.15676477059381028, 0.5668223974350954, 0.28356041480153343, -0.6617024798950826, -0.6676726628994972, 0.27978108496168735, -0.16143724709321305, 0.6242582187305448, -0.052143944300086745, -0.0181963791531596], [-0.20945346302091525, -0.6458891672794468, -0.4909575767147939, -0.18430457907013845, -0.1205848557576299, 0.4614793529074086, 0.1340358923658795, 0.5975729704668405, 0.5867653367618836, 0.5349642537514585, 0.07216464956519342]], "inverted": true, "swapped": false, "error_lsq": 0.04687092310453229, "error_max": 0.24491552948865586, "target": "579.xyz", "model": "16.xyz", "model_rescale": 3.7852294659196426, "target_rescale": 3.8968695338393724},
{"mapping": [3, 2, 7, 1, 8, 0, 11, 9, 10, 4, 12], "R": [[-0.8109606338619209, -0.555694738538661, -0.18315623900572137], [-0.535602293685445, 0.5790366721137026, 0.6146923745633902], [-0.235527139253977, 0.59659021942028, -0.7672073231968658]], "T": [0.09049366119428401, 0.03216008714543012, 0.04579704224912941], "aligned_model": [[0.4884704414604778, 0.021764588396313775, -0.033920871937080516, 0.6501691902491847, -0.3456159765789082, 0.2775678514291018, -0.5943225400607418, -0.5042712168847336, -0.1658095139302477, 0.6292930399403034, 0.018939647528727427], [-0.5977330551463662, -0.022974868287183474, 0.5991271715458426, 0.1247219609746621, -0.4482427383582089, -0.4471910461288307, 0.19096532581287948, -0.2949413844473648, 0.38819350400381897, 0.13122991567479428, 0.04466093444639107], [-0.23231171853570554, -0.5594495787840195, -0.34726320037103386, -0.34465110531646975, -0.011013347134545867, 0.4940970468391255, -0.16334343949384633, 0.5810737488199652, 0.7216697845463494, 0.4948706260053556, 0.10211399740056497]], "inverted": false, "swapped": false, "error_lsq": 0.04805821015011835, "error_max": 0.2604974206021172, "target": "579.xyz", "model": "17.xyz", "model_rescale": 3.901054581598922, "target_rescale": 3.8968695338393724},
{"mapping": [11, 10, 4, 6, 9, 12, 8, 13, 0, 7, 14], "R": [[0.9336800495979197, -0.35794598375002457, 0.010781358914983316], [-0.2716641788207848, -0.7275927087090043, -0.6299265228414525], [0.23332410704523265, 0.5852209180734412, -0.7765798980921562]], "T": [-0.07059290979524076, 0.04587655341033798, 0.12265484866294357], "aligned_model": [[0.4867593776897083, -0.07168009669311125, -0.0928726457249959, 0.6312328570320821, -0.24060235317701928, 0.2858300705659592, -0.543705765979147, -0.4608590478718777, 0.0003897809376780942, 0.500741038069624, -0.05296857523650358], [-0.46246552606732866, -0.17871301702526643, 0.5316289081240745, 0.16187926505473368, -0.5543568512720268, -0.48246994687317385, 0.48289587131881523, -0.4545669607097033, 0.4989846437535616, 0.13060026725467536, -0.0056009334679270675], [-0.13749462143894314, -0.6660225828672486, -0.5011417793872319, -0.11757360339577527, -0.08949196464974388, 0.5044764546333441, -0.03733450482093231, 0.4758556823914474, 0.7269387509649305, 0.4483486252795917, 0.1292323572663011]], "inverted": false, "swapped": false, "error_lsq": 0.04280414485101056, "error_max": 0.20472276101033762, "target": "579.xyz", "model": "18.xyz", "model_rescale": 3.9405287249114394, "target_rescale": 3.8968695338393724},
{"mapping": [7, 9, 11, 13, 8, 0, 2, 6, 3, 12, 15], "R": [[0.6713995618595511, -0.22997726677040128, -0.7045091093120219], [-0.656688725454222, 0.2559833178375126, -0.7093887924475607], [0.3434858748130878, 0.9389265135023691, 0.020843609240559686]], "T": [0.1373481549600496, 0.023848198641491326, 0.13394273256117345], "aligned_model": [[0.42186762148047297, 0.10034097326248553, 0.013184663385771178, 0.6116490956812325, -0.209069414651274, 0.04070912054720641, -0.7028670076634734, -0.5005660103678814, 0.04920144598662593, 0.5150271693310393, 0.1027869826201917], [-0.47348975225092116, -0.15666338185876824, 0.43924877172056515, 0.2614793173803244, -0.6304885517461538, -0.5339098562120881, 0.2441214144089662, -0.32345234500774334, 0.621158100774722, 0.17626347736460588, 0.04354852551692513], [-0.27511616871639627, -0.6110779951804355, -0.44159092687628926, -0.2782464405255276, -0.02133263603499888, 0.5241235973273174, 0.1629853551360822, 0.3092461998604114, 0.7346753131531618, 0.500367632267656, 0.13175888356475862]], "inverted": true, "swapped": false, "error_lsq": 0.044763129179838886, "error_max": 0.28866071249676645, "target": "579.xyz", "model": "19.xyz", "model_rescale": 4.410303926677745, "target_rescale": 3.8968695338393724},
{"mapping": [0, 1, 7, 2, 5, 3, 9, 10, 11, 6, 13], "R": [[0.06463793971985055, -0.4630446335731102, 0.8839748888220282], [-0.7495189289131194, -0.6073508539699107, -0.2633368857242575], [0.6588196353704885, -0.6455343581105227, -0.38631862568239217]], "T": [0.07625367536012514, 0.0497708056360481, 0.0480118839268682], "aligned_model": [[0.6465378952429177, 0.1152249260352172, -0.025946750815589267, 0.6088201467567713, -0.48158535483296816, 0.29544398066823, -0.5199596717386952, -0.5407430359130128, -0.05463857826322863, 0.39967017169340546, -0.0005590892206503162], [-0.3539404513245282, -0.19172415016413388, 0.3929185208224417, 0.290492335708537, -0.5706928508727028, -0.5864443847444364, 0.3489946887343373, -0.22831181625562982, 0.5064816828707319, 0.0195274620595527, 0.04051468325626507], [-0.10995172605571488, -0.6614113459692792, -0.5673399531660042, -0.2634922512909119, -0.0059435635590010805, 0.31847174655064214, 0.2178689983301723, 0.5139723186069103, 0.7272877609095603, 0.5286291258641067, 0.03770170375525937]], "inverted": true, "swapped": false, "error_lsq": 0.04851103594267821, "error_max": 0.25290523474724974, "target": "579.xyz", "model": "20.xyz", "model_rescale": 4.121658175737393, "target_rescale": 3.8968695338393724},
{"mapping": [1, 3, 7, 5, 2, 6, 11, 10, 9, 8, 12], "R": [[0.7750772483830417, 0.47030038700321164, -0.42198673560149036], [-0.04961013304008556, 0.7110739510285677, 0.7013648628697956], [0.6299159418039185, -0.5226771299313292, 0.574468906128113]], "T": [0.05944734070058319, -0.05813466483518964, 0.0644969554165769], "aligned_model": [[0.44671795109830803, -0.08991902649135897, -0.02918557363672232, 0.6413284465789737, -0.18566772624123776, 0.2176473943888018, -0.6539845641118603, -0.4479704517814661, -0.0962079825860637, 0.5496888473559948, 0.08981732503902798], [-0.5526906211880425, -0.0344966225289349, 0.5199534731877864, 0.23284475603554472, -0.7491154793127881, -0.49196979308423716, 0.44559949544931104, -0.23752372625745333, 0.44826435421930205, 0.09649204531469038, -0.00954216174474451], [-0.23183182541905373, -0.6135676685358817, -0.2887400342523822, -0.1371187315678881, -0.13216456138602362, 0.5220822333509602, -0.04429558154775631, 0.629315324612973, 0.5564261464733993, 0.49976348103846263, -0.024075968791069505]], "inverted": true, "swapped": false, "error_lsq": 0.04591169565679669, "error_max": 0.24603452889031596, "target": "579.xyz", "model": "21.xyz", "model_rescale": 4.08911054899281, "target_rescale": 3.8968695338393724},
{"mapping": [15, 1, 8, 11, 4, 14, 6, 13, 10, 9, 16], "R": [[0.18386184424516405, -0.5752282655980678, -0.7970616442207001], [0.39331858021070926, -0.7000854642220641, 0.59597050031525], [-0.9008303484518043, -0.4230753895489743, 0.09752896014100021]], "T": [-0.012939845194100096, -0.07323280904764058, 0.10774079407700625], "aligned_model": [[0.5694819973541648, -0.00575731645980971, 0.03525808609836371, 0.5477225242632392, -0.44119140391781414, 0.32786406789137645, -0.48083299294167514, -0.4275681816626259, -0.0920151091899046, 0.4665298777431168, -0.057226909566034594], [-0.4203930897503484, -0.10051998938418649, 0.4453523530373082, 0.1985389146685415, -0.6051366817736515, -0.48163653620821917, 0.49221874890113776, -0.41080456650024827, 0.5127802510794173, 0.12798071457741078, -0.09056439855672746], [-0.16016134238195257, -0.685481874747014, -0.349980089371114, -0.3368836181196979, -0.033578201452752574, 0.46674173337109537, -0.02227715259011427, 0.49614601700267563, 0.6568047295157236, 0.5947413220638023, 0.10972129068508876]], "inverted": true, "swapped": false, "error_lsq": 0.03970215806289707, "error_max": 0.22869652895901502, "target": "579.xyz", "model": "22.xyz", "model_rescale": 4.204369325754507, "target_rescale": 3.8968695338393724},
{"mapping": [7, 9, 11, 13, 8, 0, 2, 6, 3, 12, 15], "R": [[0.6713995618595511, -0.22997726677040128, -0.7045091093120219], [-0.656688725454222, 0.2559833178375126, -0.7093887924475607], [0.3434858748130878, 0.9389265135023691, 0.020843609240559686]], "T": [0.1373481549600496, 0.023848198641491326, 0.13394273256117345], "aligned_model": [[0.42186762148047297, 0.10034097326248553, 0.013184663385771178, 0.6116490956812325, -0.209069414651274, 0.04070912054720641, -0.7028670076634734, -0.5005660103678814, 0.04920144598662593, 0.5150271693310393, 0.1027869826201917], [-0.47348975225092116, -0.15666338185876824, 0.43924877172056515, 0.2614793173803244, -0.6304885517461538, -0.5339098562120881, 0.2441214144089662, -0.32345234500774334, 0.621158100774722, 0.17626347736460588, 0.04354852551692513], [-0.27511616871639627, -0.6110779951804355, -0.44159092687628926, -0.2782464405255276, -0.02133263603499888, 0.5241235973273174, 0.1629853551360822, 0.3092461998604114, 0.7346753131531618, 0.500367632267656, 0.13175888356475862]], "inverted": true, "swapped": false, "error_lsq": 0.044763129179838886, "error_max": 0.28866071249676645, "target": "579.xyz", "model": "23.xyz", "model_rescale": 4.410303926677745, "target_rescale": 3.8968695338393724},
{"mapping": [3, 1, 7, 0, 10, 4, 14, 8, 6, 5, 16], "R": [[0.7013892280346413, 0.09770246605174024, 0.7060505498364679], [0.159360808495272, -0.9869811951272751, -0.021731386998282656], [0.6947354053974099, 0.12775894721131836, -0.7078279225170143]], "T": [-0.08427567887454866, 0.09561719847480338, 0.08916274459586787], "aligned_model": [[0.47314945005560705, 0.06018839636040947, 0.06463098668518262, 0.6288119362510877, -0.31689075275311346, 0.22135049824634323, -0.6252347172038626, -0.29001533455710193, -0.05944769282810165, 0.29641173775999313, -0.01068986840404669], [-0.5455761356698272, -0.17855627696202075, 0.44157184676303635, 0.16907253198180697, -0.49129158321132366, -0.44720469803257074, 0.46896752723313545, -0.5808219854350618, 0.6836857952719073, 0.12631062121265785, 0.021658076938694718], [-0.20647101281311392, -0.7110212254408599, -0.4586265241580438, -0.1485265025735713, -0.06962093107575434, 0.3821156444309049, 0.25078836410126926, 0.5084572613802326, 0.570262512138693, 0.5888997134551737, 0.029535514530810096]], "inverted": true, "swapped": false, "error_lsq": 0.04395071129076084, "error_max": 0.24812368647005167, "target": "579.xyz", "model": "24.xyz", "model_rescale": 4.28219845311461, "target_rescale": 3.8968695338393724},
{"mapping": [9, 7, 4, 3, 12, 11, 2, 14, 6, 8, 15], "R": [[0.45617124310102397, 0.8757828545623263, 0.1578359547832172], [0.1863654676460913, -0.2674510708117868, 0.9453770872993921], [0.8701584392722514, -0.4018386695880473, -0.28521916868784947]], "T": [0.0833394319637033, -0.013304970404969176, 0.06323896218506427], "aligned_model": [[0.4239054149070615, 0.08244550122066895, 0.04369298364884605, 0.6655995604155964, -0.25185226619640116, 0.13541322142625706, -0.5267319907675048, -0.4756303429629485, -0.15720497297969477, 0.4340305354742526, 0.06859699542626362], [-0.5031949181712008, -0.1384740162761426, 0.5238623275489834, 0.21296817397753096, -0.7003615849782701, -0.47624273435425934, 0.2946545422023769, -0.23804101899560662, 0.4840982594057693, 0.1494007447252844, 0.05914594500596861], [-0.2544028710458448, -0.7047961389618506, -0.4312587892462025, -0.3948210249413661, 0.05880792521341159, 0.3451148540403902, 0.10511762201659108, 0.5292766474391046, 0.7752260064388864, 0.6398572563028715, 0.06767132671974878]], "inverted": true, "swapped": false, "error_lsq": 0.03894872923961256, "error_max": 0.18269802599751944, "target": "579.xyz", "model": "25.xyz", "model_rescale": 4.100010024507729, "target_rescale": 3.8968695338393724},
{"mapping": [2, 1, 8, 3, 6, 5, 10, 4, 9, 7, 11], "R": [[0.9909204203628872, -0.0671934051197147, 0.11645499910376139], [0.10477870059876238, -0.15682473044624495, -0.9820526604114963], [0.08425048610348834, 0.9853380385577737, -0.14836039013983954]], "T": [-0.0006932169379311667, -0.05905737537141251, -0.030269421353503217], "aligned_model": [[0.5152243487838626, -0.046015169040773886, 0.07593281691537243, 0.688687833248781, -0.17935238320232197, 0.10197379096962517, -0.4422182833191395, -0.5694900324289984, -0.1389988331886288, 0.4874187882299204, -0.05089823735530175], [-0.5222796032183338, -0.06333266801514037, 0.5047089598326238, 0.25886626371922894, -0.6809163664878444, -0.41961511648047367, 0.39974085945728854, -0.37200010643943504, 0.4195121122216079, 0.18703893820653472, -0.04390755270562252], [-0.2891352541567356, -0.7353043114749779, -0.2608204985171909, -0.3161889096759589, 0.012793737150520179, 0.6206098079472719, 0.06751686607796661, 0.5565666801187512, 0.6263535330102432, 0.36940484795803974, 0.08399631553781045]], "inverted": false, "swapped": false, "error_lsq": 0.04876530646895393, "error_max": 0.2508790959270966, "target": "579.xyz", "model": "26.xyz", "model_rescale": 3.6694154284099745, "target_rescale": 3.8968695338393724},
{"mapping": [9, 12, 6, 3, 10, 8, 0, 4, 5, 7, 13], "R": [[0.8845375693842376, 0.43804109523840107, -0.1603536317960002], [0.10250786798917194, -0.5178911486984208, -0.8492825767082148], [-0.45506639663695186, 0.7347848372021379, -0.5029968366398421]], "T": [-0.007279808407801687, -0.04024930427729563, 0.048558628939740486], "aligned_model": [[0.4822647689428433, 0.15112782622587484, -0.04150198467503822, 0.6821175089196128, -0.20598192702539012, 0.10946597496718391, -0.5309865102506377, -0.6509656289004069, -0.03087374075272007, 0.5324855769864869, -0.054887224825411994], [-0.47700548433862183, -0.04193395173501187, 0.4708674300473586, 0.22863414714321173, -0.6080591914910619, -0.42338104128631293, 0.31490951564535113, -0.3544429286164768, 0.42830348298536225, 0.16673366522813043, -0.03680992349149439], [-0.13705840000741581, -0.7290254479356519, -0.4083647326311324, -0.27588589443444483, 0.048212317218215714, 0.5464920447602328, 0.23967860751129988, 0.45164857052883234, 0.6856458377471751, 0.29743591553559384, 0.017013995683034848]], "inverted": false, "swapped": false, "error_lsq": 0.052517653343445596, "error_max": 0.24785628202696602, "target": "579.xyz", "model": "27.xyz", "model_rescale": 4.103607728864725, "target_rescale": 3.8968695338393724},
{"mapping": [11, 8, 4, 13, 7, 6, 1, 5, 3, 10, 14], "R": [[-0.17586405201561173, 0.7950112032221728, -0.5805420070588203], [-0.30043280720472665, 0.5182528678020548, 0.8007209834705429], [0.9374497125519523, 0.31523190156800296, 0.14770539824286424]], "T": [0.16385167342598295, 0.034577728312987006, 0.22845149359155587], "aligned_model": [[0.5247058824437416, -0.036311290394169554, -0.025370271945702072, 0.5367381779525094, -0.2641410368065183, 0.17922892472948415, -0.6777642559321557, -0.3925970387717125, 0.0670925284481439, 0.5018054011734706, 0.02887761871530506], [-0.45643984876425103, -0.15196423821485971, 0.5008256649729609, 0.19900933997661097, -0.42519023944080653, -0.5704025371317579, 0.23367768055538202, -0.4023250490417291, 0.6466205992737878, -0.016049529717624834, 0.11005387762272148], [-0.08895552002763601, -0.544475967070359, -0.5254829890291752, -0.27532467970507096, -0.12583215178142532, 0.4156136730419576, -0.005861691147547532, 0.4145192345224613, 0.6522109118184867, 0.6066041544993315, 0.21277783885471657]], "inverted": true, "swapped": false, "error_lsq": 0.0449279907854661, "error_max": 0.19087733260486286, "target": "579.xyz", "model": "28.xyz", "model_rescale": 4.137296879288765, "target_rescale": 3.8968695338393724},
{"mapping": [0, 7, 8, 9, 1, 5, 3, 2, 4, 6, 10], "R": [[-0.7403670363195267, -0.23481455902022286, -0.6298561537395495], [0.4788984954715003, -0.8417872306887308, -0.24909935625073548], [-0.471712711898433, -0.4860621165257953, 0.7356838562262259]], "T": [0.03815141794246165, -0.009972742287690906, 0.047976564092964996], "aligned_model": [[0.524403744172894, -0.1134838708359023, -0.12454989902967711, 0.655455281424468, -0.13428209907673308, 0.04608558388033814, -0.5365779770715959, -0.5863396811372232, 0.06860091028540377, 0.562248148255681, 0.08070449874474403], [-0.488227192313918, -0.17088140786148398, 0.5422659189394106, 0.3274107458150792, -0.7246285134439103, -0.4459913892479779, 0.3558641743775091, -0.3395128075068788, 0.5046187961141793, 0.05093933585090648, 0.055958059367518714], [-0.11124560343651721, -0.6340259030757645, -0.38435967135048854, -0.2924680545084639, -0.11478945463128462, 0.5608341817077109, 0.08942771455085671, 0.3849235757308942, 0.625815936063647, 0.5355831257477648, 0.07609696717738512]], "inverted": true, "swapped": false, "error_lsq": 0.05168370940359402, "error_max": 0.2622721683535252, "target": "579.xyz", "model": "29.xyz", "model_rescale": 3.607286011436655, "target_rescale": 3.8968695338393724},
{"mapping": [13, 12, 5, 7, 11, 1, 8, 9, 3, 6, 14], "R": [[-0.8538182451424337, -0.11920205195905442, 0.5067398494993722], [0.49780233561338694, -0.47169924510309724, 0.7277998741598033], [0.15227356605712078, 0.8736650919991709, 0.4620844815640627]], "T": [0.04569889582100665, 0.016685538119442775, 0.05633498065409463], "aligned_model": [[0.44170270486324276, 0.06172160647278949, 0.11070844084917747, 0.7354840584903893, -0.2726807197971047, 0.17910696613048058, -0.5816759633066463, -0.44260121994276325, -0.0966357922456624, 0.3565863729020154, -0.04945181480352121], [-0.5124910466814696, -0.2070887461880489, 0.540253336937559, 0.24613660846714464, -0.438673222751392, -0.5698969589862383, 0.24780121041460185, -0.28065275673242424, 0.4430371595985622, 0.28595275133406345, -0.08656261532192382], [-0.2583833818132177, -0.620178330698488, -0.4933483360650061, -0.20981835901106588, -0.1329105799654306, 0.47594112898960406, 0.19100236883363209, 0.5927212624207555, 0.7078075953516453, 0.3391549073482949, 0.14380453858501657]], "inverted": true, "swapped": false, "error_lsq": 0.047135236766461384, "error_max": 0.2617118518185722, "target": "579.xyz", "model": "30.xyz", "model_rescale": 3.964800864290218, "target_rescale": 3.8968695338393724},
