[{"mapping": [0, 4, 3, 8, 5, 2, 1, 6, 10, 7, 9, 11], "R": [[-0.962708887472595, -0.1766366966757818, -0.20491724029165156], [-0.23588533423381114, 0.9189402986633712, 0.31608042740080805], [0.13247530741493604, 0.35263040833136067, -0.9263379988132713]], "T": [-0.028731939153532397, -0.012283682638963213, -0.009136206798490663], "aligned_model": [[-0.4187452899178593, -0.207158360271953, -0.03698800344144633, 0.5880432031529128, -0.7186915351040791, 0.2283105936288521, 0.04757373267080903, 0.4384822089132144, -0.46038410130186164, -0.2784135675887955, 0.2690103877574684, -0.08201744518338619], [0.3664898951978625, -0.20212865693251345, -0.649964336682604, -0.010254639821726995, 0.3557874819861099, 0.574456174157448, 0.6678797280842381, 0.13183418250191067, -0.40865998230055095, 0.23573785688311868, -0.4657619907134255, 0.031097366434712427], [-0.304452235756916, -0.7736434760418183, -0.2686120932462945, -0.1597608977004804, 0.2686509531949284, -0.49741453150046505, 0.17371821256230188, 0.5257427217904542, 0.33484574904239983, 0.8699244908902549, 0.26484071795888914, -0.01967163828049953]], "inverted": true, "swapped": false, "error_lsq": 0.07273777907503143, "error_max": 0.44888585590546176, "target": "58.xyz", "model": "0.xyz", "model_rescale": 3.751011558992144, "target_rescale": 3.933687553245893},
{"mapping": [7, 6, 9, 4, 3, 1, 8, 5, 13, 2, 10, 14], "R": [[0.5714160018730969, 0.7108596469376469, -0.4100759870548977], [0.23237043665093648, 0.3390915622986584, 0.9116034733087123], [0.7870754302949735, -0.6161943481837032, 0.028579578241170047]], "T": [-0.08444324813399234, 0.04263164188419636, -0.014517816623722826], "aligned_model": [[-0.4889072672240374, -0.02069042386222615, -0.10222676954958612, 0.6641669857778874, -0.7908070174056636, 0.037246937702512806, 0.3653178712427168, 0.08916008723094948, -0.4910113488096037, -0.2841705947996914, 0.5072534936138096, -0.11631013060319206], [0.20558910334899125, -0.038161221213353365, -0.5666925135772771, 0.19043218006377272, 0.2579870437342112, 0.5723799519889861, 0.4060291504507894, -0.13530876809403322, -0.19786477324721716, 0.4487391689030251, -0.5148738762637088, -0.0017423672996071601], [-0.5140483430299893, -0.7582474959696627, 0.2356769900200542, -0.2226324208830976, 0.180618458494746, -0.4506872516464356, 0.31117442830156733, 0.5584439093602797, 0.5371759862439034, 0.6775253651797243, -0.12192503783594584, -0.018906615322389762]], "inverted": true, "swapped": false, "error_lsq": 0.06297095972621096, "error_max": 0.40746183699641264, "target": "58.xyz", "model": "1.xyz", "model_rescale": 3.9405287249114394, "target_rescale": 3.933687553245893},
{"mapping": [2, 5, 8, 11, 1, 0, 6, 3, 4, 7, 10, 12], "R": [[0.26051836079955243, 0.26228969356163534, -0.9291578446839147], [-0.04456188799782098, -0.9580979054818212, -0.28295342664370926], [-0.964439952420255, 0.11511959069893687, -0.2379139718741322]], "T": [-0.057318979057186706, 0.041465853476374624, 0.036391213477729466], "aligned_model": [[-0.4848191063699339, 0.04313570763897914, -0.12349384743828225, 0.5736327310015524, -0.7387238831465771, -0.057827456123143633, 0.26079250005720994, 0.15336807388074725, -0.5389427919456841, -0.09606774916461204, 0.5081446326830134, -0.13017698775939346], [0.04970518217471525, 0.10178454760313982, -0.728297426784314, 0.086759944998822, 0.44255726220212005, 0.7714576285421357, 0.4646195855242866, -0.13466254930895463, -0.2645181113612613, 0.38159762204555864, -0.5646619453220223, 0.020171338480353188], [-0.4940287919253439, -0.6807885348673878, 0.09783345681902811, -0.2914237860026045, 0.08155060771183867, -0.3759699608140454, 0.15928018490722082, 0.5377787183335128, 0.4439547520871054, 0.7517364210392968, 0.19242683323779794, -0.008181927613664826]], "inverted": true, "swapped": false, "error_lsq": 0.05718451824190841, "error_max": 0.3451300233777531, "target": "58.xyz", "model": "2.xyz", "model_rescale": 3.932901565614263, "target_rescale": 3.933687553245893},
{"mapping": [3, 11, 8, 10, 0, 1, 6, 5, 7, 4, 9, 13], "R": [[-0.6717056984288569, 0.4811621389072365, -0.5632889585110069], [-0.4915237257227348, 0.2794299398825877, 0.8248171529186669], [0.554270585318979, 0.8309042693231435, 0.04880792426163788]], "T": [-0.08169224962589786, 0.07106384270079744, 0.0015964041431935083], "aligned_model": [[-0.505687856951763, 0.1529583583296251, -0.2521158325721583, 0.5225165890539677, -0.6107496931524533, -0.13203977934065989, 0.40710936421117716, 0.2979118190258466, -0.39681008239165416, -0.34225176285216585, 0.1995526336323262, 0.028628066321787854], [-0.022298657553857418, -0.19262665376869356, -0.5753110764890339, 0.27041772921615315, 0.47324226201905306, 0.7134391521614234, 0.4521351985974299, -0.0577823811062462, -0.3563800521664142, 0.41529274600339217, -0.5636876885369195, 0.07007250041829219], [-0.26709793259613807, -0.8188395242663352, -0.3016229747724806, -0.3275466460547157, 0.0870427008846075, -0.3639001197241884, 0.28891132667095154, 0.5983367893429669, 0.4788123045079062, 0.7610972973198631, 0.24198098896777598, 0.03699376263254122]], "inverted": true, "swapped": false, "error_lsq": 0.05502860247964817, "error_max": 0.3618474900826748, "target": "58.xyz", "model": "3.xyz", "model_rescale": 3.9243930471874484, "target_rescale": 3.933687553245893},
{"mapping": [4, 7, 8, 1, 3, 2, 5, 11, 10, 6, 9, 12], "R": [[-0.8174330229418318, 0.21032647325829562, -0.5362518323054072], [0.028566320118963345, -0.9150070544919472, -0.4024252173818534], [-0.5753148862658083, -0.3442744034584891, 0.7419487292018647]], "T": [-0.05531606103509708, 0.00978999045435585, 0.0767039226824566], "aligned_model": [[-0.46856536303144425, 0.02522427268380771, -0.13450517424732922, 0.5471728088559191, -0.5193130394468258, -0.26641608609123046, 0.39866276654859223, 0.1493390421244074, -0.5957117936043245, -0.1917404301177602, 0.4093400035403669, 0.015534816099696716], [-0.014525152726444293, -0.001990950309305968, -0.5574706279881481, 0.1788973469070826, 0.496850440287941, 0.5917883434392966, 0.5484843826431834, -0.2788285040272374, -0.3345272410199811, 0.40400953712207094, -0.5108465379463316, 0.10467204241245259], [-0.3487382680458555, -0.7209759773973605, -0.18460211251213235, -0.2676362632289492, 0.09749556998048091, -0.6073495743904653, 0.35479505110069953, 0.7844819491720257, 0.37089062504972636, 0.6661917132958071, 0.1802400937773796, 0.08937516611139856]], "inverted": false, "swapped": false, "error_lsq": 0.04668714705594148, "error_max": 0.2616841288633557, "target": "58.xyz", "model": "4.xyz", "model_rescale": 3.8936222436046832, "target_rescale": 3.933687553245893},
{"mapping": [8, 7, 6, 4, 3, 10, 2, 1, 9, 0, 5, 11], "R": [[-0.93247928696433, 0.3439279864148002, -0.11043513726688473], [0.26950057528010524, 0.4588211116275672, -0.8466714991356069], [-0.24052405140897448, -0.8192659688315539, -0.520529973208372]], "T": [-0.12216226254843501, 0.05984615200724898, -0.024095335296078477], "aligned_model": [[-0.7606093838784665, -0.05891185391607967, -0.087321317073837, 0.6418744170479881, -0.44950407067581866, 0.01631101861250034, 0.25071946965476843, 0.21028312294788667, -0.604289867769186, -0.33442348340484196, 0.512957387389425, 0.03193638437953719], [0.1816435219977564, -0.21349091677657972, -0.735624774495422, 0.24386228700689427, 0.5045849287730901, 0.5124529588588808, 0.630506045015636, -0.20091992679895776, -0.20109835069445764, 0.3549039720330696, -0.44037091664981476, -0.009935749475516509], [-0.375397911801881, -0.608076293910792, -0.049010024038539976, -0.1381594102623695, 0.13508001899568106, -0.44295047526831133, 0.2799851889485977, 0.6575129722877462, 0.2613812532626339, 0.7825051642941332, -0.08390145148671486, -0.004801058107428893]], "inverted": false, "swapped": false, "error_lsq": 0.05357452902917153, "error_max": 0.28884809332785744, "target": "58.xyz", "model": "5.xyz", "model_rescale": 3.6523030999806103, "target_rescale": 3.933687553245893},
{"mapping": [4, 10, 9, 6, 3, 2, 1, 5, 7, 0, 8, 12], "R": [[0.9270945503910794, -0.2701625920376657, -0.2598227636267703], [-0.33406492290327805, -0.2811825317109168, -0.8996315974587966], [0.16998918177575198, 0.9208412228631652, -0.35093463829477034]], "T": [-0.046738370181078695, -0.01754405992756796, -0.019427904722444267], "aligned_model": [[-0.4160291111916255, -0.0018128034024656875, -0.0854097660248747, 0.5100792779771975, -0.551927069078628, -0.04142733834551944, 0.2620070142132061, 0.12282432312878737, -0.5553142340484916, -0.25977607284160104, 0.48268942547549093, -0.09688182254760033], [0.218618423816163, -0.19335846169943807, -0.713583482798877, 0.06839443447183194, 0.3583936319292515, 0.6620932278057253, 0.5526775719525592, -0.1442184596976343, -0.2823064716924225, 0.5075624516264003, -0.40169139724124053, -0.006068389677740024], [-0.38954036304125145, -0.7782058902005505, -0.21099126273516355, -0.3437628303039485, 0.27399318057230415, -0.3574761028724899, 0.22936607459504782, 0.6279557678142843, 0.3521491609115318, 0.7966859471802458, 0.14132076583980943, 0.07267352515293482]], "inverted": true, "swapped": false, "error_lsq": 0.041423145756977114, "error_max": 0.21370923595036603, "target": "58.xyz", "model": "6.xyz", "model_rescale": 4.08911054899281, "target_rescale": 3.933687553245893},
{"mapping": [7, 2, 6, 1, 12, 13, 11, 8, 4, 10, 3, 14], "R": [[-0.14011878256228194, -0.9619424089053343, 0.23459226057708507], [0.3673203231087545, 0.1695213169381793, 0.9145153379439988], [-0.9194794761192578, 0.2143112807412349, 0.32958787590338845]], "T": [-0.05003052657074828, 0.0407134303307767, 0.06756219710398331], "aligned_model": [[-0.6214386236462432, 0.036879009923746535, -0.09613806446981435, 0.5443592993989493, -0.4412061961053577, -0.13343254005626878, 0.17244835218271135, 0.14478934454159548, -0.34339916316635805, -0.25509982943729337, 0.25451524075581483, 0.1067449933923936], [-0.05822513973009189, -0.08181888287035397, -0.3837201154127163, 0.21126438058320732, 0.634519478422535, 0.5932632741258438, 0.5504886919676979, -0.13997735816889445, -0.47017425878220964, 0.3700241580962258, -0.6767083170728152, 0.07757716763615013], [-0.4452661469725931, -0.7246322916291477, -0.19103638496863368, -0.32684770009321035, 0.11632581904694225, -0.4053302818172105, 0.25508124703963325, 0.6956903926629161, 0.4545739564564362, 0.6748314323715068, 0.2054365900187862, 0.10534134079732883]], "inverted": false, "swapped": false, "error_lsq": 0.0518014533649902, "error_max": 0.3062629789158714, "target": "58.xyz", "model": "7.xyz", "model_rescale": 3.964800864290218, "target_rescale": 3.933687553245893},
{"mapping": [0, 3, 6, 10, 1, 5, 8, 12, 2, 7, 11, 13], "R": [[-0.19507200665052954, 0.16051823162414003, 0.9675643697127312], [0.1560418702371587, -0.9688715351314205, 0.19219490925873717], [0.9682963631834138, 0.18847240044193053, 0.16395214947487297]], "T": [-0.0726582544006414, -0.02380341443009313, 0.047445298596206914], "aligned_model": [[-0.6897549304384493, -0.20830697202458914, -0.03617485594655678, 0.6264524127277371, -0.5822263796175512, 0.1954108238245562, 0.26048818329456164, 0.2085828604416347, -0.62100578541804, -0.29627366150901363, 0.5336226974725441, -0.021792569492958255], [-0.10907117182841991, -0.07070043411502745, -0.5286995349498598, 0.17635115977842677, 0.5172974812724858, 0.6232863771403162, 0.6291966746524215, -0.11056507908907343, -0.25617330064228244, 0.2984551260149068, -0.577984756215041, 0.035120536775726074], [-0.3062218818066291, -0.6634434343670159, -0.23584729272920754, -0.33506801429362076, 0.15074117269186105, -0.4091557240846865, 0.27909571650324405, 0.7431828828594446, 0.3371485070060368, 0.6415822758798365, 0.15897902581295056, 0.05317473944054085]], "inverted": false, "swapped": false, "error_lsq": 0.04955550007168025, "error_max": 0.2687836098095355, "target": "58.xyz", "model": "8.xyz", "model_rescale": 4.121658175737393, "target_rescale": 3.933687553245893},
{"mapping": [9, 4, 5, 0, 6, 1, 2, 11, 7, 8, 10, 12], "R": [[0.2732426554205512, -0.7817008882695009, 0.5606087517488458], [-0.41523387527661776, 0.4298469424525016, 0.8017558449347271], [-0.8677092140120952, -0.45185764057157307, -0.20713616916319283]], "T": [-0.020860466905577253, 0.028678858501977843, 0.12266160794905975], "aligned_model": [[-0.746104248351984, -0.13183605067960172, 0.02158283956740905, 0.5562064534469814, -0.5424051193745271, 0.1175627467456522, 0.3491822050184054, 0.06457736192787236, -0.4918974519751664, -0.3176405708645322, 0.4963273314610816, -0.006533673607715243], [-0.09950855141235784, 0.09101996606920232, -0.49338216114148703, 0.04907802929392804, 0.47774160265039034, 0.5443879902040828, 0.5976690480322336, -0.19489775529938913, -0.35628197552802365, 0.43752801398032304, -0.5190550157882535, 0.09221388773393019], [-0.26564144695486147, -0.7559315423953022, -0.2050101237890358, -0.4115685731415376, 0.04194062311294179, -0.31301581987462, 0.2698520832950177, 0.7106632658709099, 0.4144495879494059, 0.6473684553277226, 0.21745198072512845, 0.0636094827869852]], "inverted": true, "swapped": false, "error_lsq": 0.05273551791925895, "error_max": 0.2883406104247714, "target": "58.xyz", "model": "9.xyz", "model_rescale": 3.833441315466971, "target_rescale": 3.933687553245893},
{"mapping": [2, 3, 5, 6, 8, 7, 12, 0, 13, 10, 1, 14], "R": [[0.23482497474244696, -0.156231546865983, -0.95940029966697], [0.7302278650690797, 0.679808169945644, 0.0680302664393504], [0.6415796882023804, -0.7165560381707891, 0.2737205652615815]], "T": [0.017111674067271453, 0.13001632937134391, -0.004751202882652836], "aligned_model": [[-0.5714817804122672, -0.2264816654271892, -0.06628830909905642, 0.6500391220727633, -0.6118306735337999, -0.02433597840429267, 0.4972124129028695, 0.010100678080749319, -0.5049049958802793, -0.2602479686583055, 0.5198416523288176, -0.042600670656133946], [-0.1892031366930215, 0.08308405343703076, -0.538769516059277, 0.038878032160257675, 0.5625290175955785, 0.6395308998640035, 0.3506407165037504, -0.2351165532973418, -0.39645383905040976, 0.4613424935845081, -0.2950676452922929, 0.14511855604179313], [-0.2661071531823538, -0.8370861692136333, -0.061365134264573, -0.23350046383803774, 0.15312108821315507, -0.43205785078564696, 0.28481436427396856, 0.5700981561958794, 0.288530742476238, 0.6945689991813244, 0.3301743356406661, -0.07702294178423248]], "inverted": false, "swapped": false, "error_lsq": 0.06275331843660016, "error_max": 0.359303750398697, "target": "58.xyz", "model": "10.xyz", "model_rescale": 4.2482417240324, "target_rescale": 3.933687553245893},
{"mapping": [8, 3, 7, 2, 10, 1, 6, 5, 9, 4, 5, 11], "R": [[-0.3340111160646541, -0.05159309766244691, -0.9411560585890301], [0.7532467626505077, 0.5856303869344952, -0.29942672635468537], [0.566617939092802, -0.8089346093304125, -0.15674472535201625]], "T": [-0.06724111822284094, 0.18030351510329212, -0.04324152369026235], "aligned_model": [[-0.5256637673416937, -0.03385261355721565, -0.09895861501990787, 0.5896511623970953, -0.6778755199878088, -0.040453000352417404, 0.4100830738954356, 0.26170787163814835, -0.5969710856374366, -0.07064172802579645, 0.26170787163814835, -0.10971182633267515], [0.12821259210593045, -0.17663502981703766, -0.4907339101893702, 0.14104310785260843, 0.2811299172583295, 0.694868692944018, 0.4457275338825033, -0.23314794467325584, -0.31101185598438374, 0.24868022566728104, -0.23314794467325584, 0.1315276944212113], [-0.44820206432471765, -0.7709445602086603, -0.1284414118878105, -0.3819278660029204, 0.1355377439671005, -0.5266167694909801, 0.30632083700765955, 0.4906466882039566, 0.3533770208772062, 0.8291990998123704, 0.4906466882039566, 0.06457256675559342]], "inverted": true, "swapped": false, "error_lsq": 0.06605463609228528, "error_max": 0.5791742551586108, "target": "58.xyz", "model": "11.xyz", "model_rescale": 3.6694154284099745, "target_rescale": 3.933687553245893},
{"mapping": [12, 5, 10, 6, 1, 0, 4, 8, 2, 3, 9, 13], "R": [[0.5715353469446328, -0.5752797607548633, 0.5851500184215205], [0.4480102749303103, -0.37867337547789465, -0.8098723777614875], [0.6874839203572299, 0.7250239110332878, 0.04130602474517567]], "T": [0.04826584371437167, -0.01631157917315581, -0.04959423627662761], "aligned_model": [[-0.5336204522230101, 0.10307648137204395, -0.19909625490669666, 0.4835135553396082, -0.5851717272098317, -0.08659856957877665, 0.22037633739345527, 0.10562574660593449, -0.4504379287541372, -0.13762173987857895, 0.4409333717732976, 0.008043003380567175], [-0.1386754357648921, 0.014514282029623855, -0.6014105164422516, 0.21693705409062122, 0.47785189567357705, 0.6050447325789244, 0.6214585264595641, -0.24808442304669856, -0.1262856074562511, 0.36402057868109083, -0.6563397795391235, 0.09748177153039381], [-0.37853788717562237, -0.849979364047845, -0.04947986496006136, -0.325292147148736, 0.21692555280217468, -0.37588519278386034, 0.28403118253474463, 0.6684510559536958, 0.35723967801910034, 0.7001004726357583, 0.23476888023900327, -0.06817439315559745]], "inverted": false, "swapped": false, "error_lsq": 0.047075532731208514, "error_max": 0.2302183319056969, "target": "58.xyz", "model": "12.xyz", "model_rescale": 3.9764082729961374, "target_rescale": 3.933687553245893},
{"mapping": [8, 11, 3, 13, 2, 10, 9, 4, 7, 0, 6, 15], "R": [[0.9491103093955955, -0.08293164258876273, 0.3038288387505816], [0.006713639523626483, -0.9591612209730325, -0.2827802666839899], [0.3148722719506181, 0.27042946370366405, -0.9097930300445288]], "T": [0.09877049517893596, 0.12664749668583497, 0.05492059137705409], "aligned_model": [[-0.47141875413759204, -0.004635740281356215, -0.3852904561287036, 0.5840913928406102, -0.6206617310775663, -0.04646646584435046, 0.17968961122747024, 0.09455764321092021, -0.48767564232021987, -0.21417438387428636, 0.6692011773060078, 0.07180517239294255], [0.12219782058420939, -0.11835071774481659, -0.500649675233079, 0.054367247140090155, 0.44514065176663, 0.5283919098275797, 0.5888321080831372, -0.28206871023702385, -0.16109138715300753, 0.2925550397014536, -0.368788155969848, 0.025976948029253988], [-0.36283203517961254, -0.6932957704750066, -0.22902782090110396, -0.3107565038933096, 0.18621756733770933, -0.6260012474711216, 0.4308682049657968, 0.6455110043166092, 0.43481657906643245, 0.6886777399340909, 0.16810697158647953, 0.0818832836257901]], "inverted": false, "swapped": false, "error_lsq": 0.04975951295912114, "error_max": 0.2786166258727628, "target": "58.xyz", "model": "13.xyz", "model_rescale": 4.170626492500431, "target_rescale": 3.933687553245893},
{"mapping": [12, 8, 10, 0, 5, 4, 2, 3, 11, 6, 1, 13], "R": [[-0.1693002395358335, 0.7116767398988528, 0.6818017650168195], [0.12123645654284892, -0.6714955722006751, 0.731023541426555], [0.978079317079164, 0.20642169072514838, 0.027403195071522113]], "T": [0.04678988477900479, -0.010710101087705308, 0.004067539530928768], "aligned_model": [[-0.5763259705395508, -0.03302435323798499, -0.22122100024688404, 0.6198755757776302, -0.781777102999541, -0.04567555901088546, 0.4289238198328146, 0.2114769774267328, -0.4534571676407033, -0.31894625809177923, 0.5749482999433995, -0.035775437899372216], [0.06859801252430314, 0.012419522073844759, -0.42641579190266055, 0.0004399381480001477, 0.31323981900149644, 0.5811845572500753, 0.49342105296851935, -0.07277893870211866, -0.24643198350677514, 0.4504932685511964, -0.5461145772117231, -0.0015418003995791643], [-0.3716224592075293, -0.7339372035074176, -0.26738641440330646, -0.16118037702341959, 0.1931522411702048, -0.3756349568118809, 0.1850581537256275, 0.6707752906050541, 0.44434896296978993, 0.604915101448102, 0.16282901260530958, 0.06285062134222033]], "inverted": true, "swapped": false, "error_lsq": 0.050851743126758074, "error_max": 0.2887042174467155, "target": "58.xyz", "model": "14.xyz", "model_rescale": 3.9786697098870705, "target_rescale": 3.933687553245893},
{"mapping": [4, 10, 1, 7, 8, 5, 9, 9, 0, 3, 6, 11], "R": [[0.2577879026522183, 0.12299357687073656, -0.9583412634832715], [-0.9124697892000521, -0.2951657156334345, -0.28333034449528294], [-0.3177172973625824, 0.9474965859374614, 0.03613777239221724]], "T": [-0.09671310697593988, 0.060385969278644015, -0.013338098085774595], "aligned_model": [[-0.561672147787267, -0.0022189709842584254, -0.0956464692242536, 0.4455766326015272, -0.09357097985169227, -0.22262363716304914, 0.1554928396867068, 0.1554928396867068, -0.5865507443714342, -0.3318018137425504, 0.535341894660206, -0.028797620196765933], [0.048803716241348154, -0.2621202232820559, -0.6015887406236091, 0.22215250641368364, 0.5711354417937842, 0.7171433738316972, 0.06035375568380504, 0.06035375568380504, -0.2387138164941234, 0.42643618780326814, -0.3858817525380373, 0.008438874281013233], [-0.41157630804752404, -0.7745093025595602, -0.1632061641508196, -0.3548486121304193, 0.09321343585267222, -0.4577206333891841, 0.5557018192130976, 0.5557018192130976, 0.3796046372080956, 0.7965321197710963, 0.15609414847667055, 0.03918101345553182]], "inverted": true, "swapped": false, "error_lsq": 0.07346940506868084, "error_max": 0.5652036026344986, "target": "58.xyz", "model": "15.xyz", "model_rescale": 3.769337070930944, "target_rescale": 3.933687553245893},
{"mapping": [3, 10, 5, 6, 1, 2, 0, 8, 4, 9, 11], "R": [[0.7600088355901693, 0.4214684117478337, 0.4947231020718901], [0.23278019838088132, -0.8872429377224074, 0.3982629140448181], [0.6067948162819397, -0.18752159171805027, -0.7724219724819434]], "T": [-0.03621049086871072, -0.03183035269334803, -0.06441277618074467], "aligned_model": [[-0.40632294991726015, -0.2716731714890341, -0.018912371966533996, -0.5918830432937112, 0.48515680962837976, 0.34689106284603466, 0.5137384486430113, 0.2653332172073823, 0.09285599499083966, -0.42226381187459017, -0.0702940540833471], [0.07000190308065568, -0.7562364895444563, 0.7166606167916932, 0.2888334947282499, 0.16957049771781302, -0.38907868085617764, 0.30543243938076164, -0.34933994256933104, 0.42702331443570657, 0.07591211400009121, 0.03728523046033611], [-0.5435314515218841, -0.3934818213031007, -0.3396398441058598, 0.12236951558936757, -0.7280374046919492, -0.2198468562381565, 0.02101442380573479, 0.5033264737264049, 0.47236571211243106, 0.8452733016240794, 0.00440555822670935]], "inverted": true, "swapped": true, "error_lsq": 0.05316009309003085, "error_max": 0.31019862409408994, "target": "58.xyz", "model": "16.xyz", "model_rescale": 3.7852294659196426, "target_rescale": 3.933687553245893},
{"mapping": [0, 9, 10, 11, 3, 8, 2, 5, 4, 1, 6, 12], "R": [[-0.31486916282928834, -0.45199984809588517, -0.8345978358589723], [-0.5456487163521653, 0.8056937221075908, -0.23048883812378182], [0.776611156655902, 0.3828234103052127, -0.5003212446817238]], "T": [-0.03832181177392939, 0.11274524238847332, 0.07896115203544582], "aligned_model": [[-0.6516191244865548, -0.08249790009939272, 0.04583636673262302, 0.6025138130469091, -0.5588134789207446, -0.01666149311493191, 0.24280000405992347, -0.03959004008245075, -0.533303172732294, -0.17758441331337005, 0.5465552631552232, -0.008614000931064222], [0.04925926953814348, -0.08413431846784199, -0.6287272850215911, 0.20446991400784162, 0.7053254007753248, 0.4699884161654347, 0.6250455356297775, -0.2597949843765893, -0.32130291491112034, 0.3418189903653307, -0.5388470414739271, 0.06341209656379618], [-0.21358473019406168, -0.7616033590219311, -0.2249976730802772, -0.2657827543792699, 0.18110101437870044, -0.46520247835326733, 0.25953234363981026, 0.6206448065785529, 0.3404613136763648, 0.7132996263907161, 0.22297343878655715, 0.007326424490859684]], "inverted": true, "swapped": false, "error_lsq": 0.04368348637299064, "error_max": 0.2538604481842406, "target": "58.xyz", "model": "17.xyz", "model_rescale": 3.901054581598922, "target_rescale": 3.933687553245893},
{"mapping": [7, 6, 9, 4, 3, 1, 8, 5, 13, 2, 10, 14], "R": [[0.5714160018730969, 0.7108596469376469, -0.4100759870548977], [0.23237043665093648, 0.3390915622986584, 0.9116034733087123], [0.7870754302949735, -0.6161943481837032, 0.028579578241170047]], "T": [-0.08444324813399234, 0.04263164188419636, -0.014517816623722826], "aligned_model": [[-0.4889072672240374, -0.02069042386222615, -0.10222676954958612, 0.6641669857778874, -0.7908070174056636, 0.037246937702512806, 0.3653178712427168, 0.08916008723094948, -0.4910113488096037, -0.2841705947996914, 0.5072534936138096, -0.11631013060319206], [0.20558910334899125, -0.038161221213353365, -0.5666925135772771, 0.19043218006377272, 0.2579870437342112, 0.5723799519889861, 0.4060291504507894, -0.13530876809403322, -0.19786477324721716, 0.4487391689030251, -0.5148738762637088, -0.0017423672996071601], [-0.5140483430299893, -0.7582474959696627, 0.2356769900200542, -0.2226324208830976, 0.180618458494746, -0.4506872516464356, 0.31117442830156733, 0.5584439093602797, 0.5371759862439034, 0.6775253651797243, -0.12192503783594584, -0.018906615322389762]], "inverted": true, "swapped": false, "error_lsq": 0.06297095972621096, "error_max": 0.40746183699641264, "target": "58.xyz", "model": "18.xyz", "model_rescale": 3.9405287249114394, "target_rescale": 3.933687553245893},
{"mapping": [7, 8, 5, 1, 13, 4, 12, 10, 11, 14, 2, 15], "R": [[-0.057013429884158584, 0.9509170904818838, 0.3041482464889669], [0.7687445647627731, 0.23619062665335122, -0.5943448342745078], [-0.6370096254849993, 0.19992667383459997, -0.7444783825799745]], "T": [-0.021344071686128778, 0.1507819172589333, -0.013537959324384667], "aligned_model": [[-0.5476056756363237, -0.03727401595180215, -0.11410009813544428, 0.6356016577516004, -0.5919460907235599, -0.07862916221030034, 0.132905824380488, 0.15471439249018976, -0.4420284046563316, -0.1514080604102942, 0.4144872307839484, -0.00569577436829459], [0.21896234662124864, -0.2128819638347726, -0.6502995844695346, 0.1577400150520851, 0.36787436998072787, 0.6875226108848608, 0.6533526851713347, -0.23971336977410362, -0.24047140236301345, 0.3458790994021432, -0.580319278192929, 0.11886755031653211], [-0.47616707881545317, -0.6766872441762289, -0.215843149333599, -0.07593441297416881, 0.266844009093004, -0.5067852348623992, 0.14063290372298207, 0.6455681663817784, 0.4213858659347503, 0.7245402278842099, 0.162153249360457, 0.004460670697421804]], "inverted": true, "swapped": false, "error_lsq": 0.04377417152242664, "error_max": 0.20727748776893054, "target": "58.xyz", "model": "19.xyz", "model_rescale": 4.410303926677745, "target_rescale": 3.933687553245893},
{"mapping": [0, 3, 6, 10, 1, 5, 8, 12, 2, 7, 11, 13], "R": [[-0.19507200665052954, 0.16051823162414003, 0.9675643697127312], [0.1560418702371587, -0.9688715351314205, 0.19219490925873717], [0.9682963631834138, 0.18847240044193053, 0.16395214947487297]], "T": [-0.0726582544006414, -0.02380341443009313, 0.047445298596206914], "aligned_model": [[-0.6897549304384493, -0.20830697202458914, -0.03617485594655678, 0.6264524127277371, -0.5822263796175512, 0.1954108238245562, 0.26048818329456164, 0.2085828604416347, -0.62100578541804, -0.29627366150901363, 0.5336226974725441, -0.021792569492958255], [-0.10907117182841991, -0.07070043411502745, -0.5286995349498598, 0.17635115977842677, 0.5172974812724858, 0.6232863771403162, 0.6291966746524215, -0.11056507908907343, -0.25617330064228244, 0.2984551260149068, -0.577984756215041, 0.035120536775726074], [-0.3062218818066291, -0.6634434343670159, -0.23584729272920754, -0.33506801429362076, 0.15074117269186105, -0.4091557240846865, 0.27909571650324405, 0.7431828828594446, 0.3371485070060368, 0.6415822758798365, 0.15897902581295056, 0.05317473944054085]], "inverted": false, "swapped": false, "error_lsq": 0.04955550007168025, "error_max": 0.2687836098095355, "target": "58.xyz", "model": "20.xyz", "model_rescale": 4.121658175737393, "target_rescale": 3.933687553245893},
{"mapping": [4, 10, 9, 6, 3, 2, 1, 5, 7, 0, 8, 12], "R": [[0.9270945503910794, -0.2701625920376657, -0.2598227636267703], [-0.33406492290327805, -0.2811825317109168, -0.8996315974587966], [0.16998918177575198, 0.9208412228631652, -0.35093463829477034]], "T": [-0.046738370181078695, -0.01754405992756796, -0.019427904722444267], "aligned_model": [[-0.4160291111916255, -0.0018128034024656875, -0.0854097660248747, 0.5100792779771975, -0.551927069078628, -0.04142733834551944, 0.2620070142132061, 0.12282432312878737, -0.5553142340484916, -0.25977607284160104, 0.48268942547549093, -0.09688182254760033], [0.218618423816163, -0.19335846169943807, -0.713583482798877, 0.06839443447183194, 0.3583936319292515, 0.6620932278057253, 0.5526775719525592, -0.1442184596976343, -0.2823064716924225, 0.5075624516264003, -0.40169139724124053, -0.006068389677740024], [-0.38954036304125145, -0.7782058902005505, -0.21099126273516355, -0.3437628303039485, 0.27399318057230415, -0.3574761028724899, 0.22936607459504782, 0.6279557678142843, 0.3521491609115318, 0.7966859471802458, 0.14132076583980943, 0.07267352515293482]], "inverted": true, "swapped": false, "error_lsq": 0.041423145756977114, "error_max": 0.21370923595036603, "target": "58.xyz", "model": "21.xyz", "model_rescale": 4.08911054899281, "target_rescale": 3.933687553245893},
{"mapping": [15, 1, 8, 0, 14, 2, 13, 10, 5, 12, 6, 16], "R": [[-0.042345919453584444, 0.5472714674230388, 0.8358832239315874], [-0.6890121713980277, 0.589861283646076, -0.42110081182631093], [-0.7235116106677246, -0.5937656162157229, 0.3520984837072684]], "T": [-0.08787269159193101, 0.08691885993254395, 0.037325478824071744], "aligned_model": [[-0.667976398892047, -0.008923248475463788, -0.033315658520624736, 0.6467490065962624, -0.5052091182964382, -0.13971440373310073, 0.24547253828270038, -0.01345647463102051, -0.3946393653606144, -0.15892667156535228, 0.44496784178611215, -0.0460062238765374], [0.2471466100517352, -0.15031535640645902, -0.5552725478617322, 0.08583352841148459, 0.5428120487608379, 0.4884379201045383, 0.5847615929382127, -0.26942560407469046, -0.46878018524216886, 0.4354245353893649, -0.423658201856657, 0.10954873858011305], [-0.37415207191542693, -0.7159907185961469, -0.21836132951326684, -0.20845731305904308, 0.20999363822975498, -0.5604610303697398, 0.31618662158425187, 0.757475642914562, 0.3452570183015639, 0.6842139020768044, 0.14199714889519316, 0.036466464364247976]], "inverted": true, "swapped": false, "error_lsq": 0.04653623227965779, "error_max": 0.22565228926365763, "target": "58.xyz", "model": "22.xyz", "model_rescale": 4.204369325754507, "target_rescale": 3.933687553245893},
{"mapping": [7, 8, 5, 1, 13, 4, 12, 10, 11, 14, 2, 15], "R": [[-0.057013429884158584, 0.9509170904818838, 0.3041482464889669], [0.7687445647627731, 0.23619062665335122, -0.5943448342745078], [-0.6370096254849993, 0.19992667383459997, -0.7444783825799745]], "T": [-0.021344071686128778, 0.1507819172589333, -0.013537959324384667], "aligned_model": [[-0.5476056756363237, -0.03727401595180215, -0.11410009813544428, 0.6356016577516004, -0.5919460907235599, -0.07862916221030034, 0.132905824380488, 0.15471439249018976, -0.4420284046563316, -0.1514080604102942, 0.4144872307839484, -0.00569577436829459], [0.21896234662124864, -0.2128819638347726, -0.6502995844695346, 0.1577400150520851, 0.36787436998072787, 0.6875226108848608, 0.6533526851713347, -0.23971336977410362, -0.24047140236301345, 0.3458790994021432, -0.580319278192929, 0.11886755031653211], [-0.47616707881545317, -0.6766872441762289, -0.215843149333599, -0.07593441297416881, 0.266844009093004, -0.5067852348623992, 0.14063290372298207, 0.6455681663817784, 0.4213858659347503, 0.7245402278842099, 0.162153249360457, 0.004460670697421804]], "inverted": true, "swapped": false, "error_lsq": 0.04377417152242664, "error_max": 0.20727748776893054, "target": "58.xyz", "model": "23.xyz", "model_rescale": 4.410303926677745, "target_rescale": 3.933687553245893},
{"mapping": [7, 1, 0, 10, 13, 11, 15, 5, 12, 6, 2, 16], "R": [[-0.027306242499872332, -0.9422876761152618, 0.33368893383185105], [0.5325328804027526, 0.26878857242873866, 0.8025966824138189], [-0.8459687348894673, 0.19961622873158397, 0.4944595643897428]], "T": [0.05709113803370713, 0.1881538894299594, 0.0007588959462461325], "aligned_model": [[-0.48488392750658893, -0.009582023813070502, -0.18833333815087105, 0.5654207709058272, -0.5960721762769065, -0.05019140464264086, 0.2923314953361283, 0.16922646014797593, -0.45057316458528573, -0.3054120523315559, 0.3336207450393095, 0.09347043919155434], [0.022973170533386544, -0.13677544584982312, -0.5254051743267468, 0.2708277009154713, 0.3658655093266462, 0.598044660240251, 0.6039112197711898, -0.09183521212491993, -0.26703737901780855, 0.3593173679040598, -0.6660099919807303, 0.09263665340360258], [-0.34696118561318995, -0.7906392125518279, -0.03064333496727205, -0.3974244431253034, 0.19045045828260038, -0.46956173793260597, 0.5309682955220283, 0.5526953107376179, 0.42649790021879475, 0.646663370595129, 0.16455569481952098, -0.06243314307273759]], "inverted": false, "swapped": false, "error_lsq": 0.04541799607240177, "error_max": 0.2514779419345616, "target": "58.xyz", "model": "24.xyz", "model_rescale": 4.28219845311461, "target_rescale": 3.933687553245893},
{"mapping": [4, 7, 13, 9, 0, 3, 8, 14, 2, 6, 12, 15], "R": [[0.2536016024735682, 0.5145338668603117, -0.8191099603085131], [0.7347135076315765, 0.44834150580010357, 0.5091030896396146], [0.6291917743633845, -0.7309205114310798, -0.2643348577898592]], "T": [0.06136569875834789, 0.10264902950724346, 0.0296932214987901], "aligned_model": [[-0.542866656014265, -0.020908340317669034, -0.054592898264736046, 0.5551876529277566, -0.660478488950586, 0.006774907215849203, 0.21666642928015545, 0.12678050066869187, -0.46117958636397455, -0.2976254776786748, 0.507893244275091, -0.006629463463762968], [0.1830366228243585, -0.20157123054658493, -0.46061590688785453, 0.03403985674252734, 0.4239690819980023, 0.5421544016103855, 0.6481708372627022, -0.31476346550855255, -0.2237789551590869, 0.3796403364564385, -0.5119978582377017, 0.1282293582399453], [-0.37415039837446923, -0.6818031042943403, -0.11931238960786857, -0.42671267556183895, 0.23279064780934677, -0.6058382240104521, 0.42998523652211434, 0.66343791582794, 0.32830872714280096, 0.8085374203447216, 0.11479465928493986, 0.04413015782986006]], "inverted": true, "swapped": false, "error_lsq": 0.03975198816125926, "error_max": 0.23391149487381577, "target": "58.xyz", "model": "25.xyz", "model_rescale": 4.100010024507729, "target_rescale": 3.933687553245893},
{"mapping": [8, 3, 7, 2, 10, 1, 6, 5, 9, 4, 5, 11], "R": [[-0.3340111160646541, -0.05159309766244691, -0.9411560585890301], [0.7532467626505077, 0.5856303869344952, -0.29942672635468537], [0.566617939092802, -0.8089346093304125, -0.15674472535201625]], "T": [-0.06724111822284094, 0.18030351510329212, -0.04324152369026235], "aligned_model": [[-0.5256637673416937, -0.03385261355721565, -0.09895861501990787, 0.5896511623970953, -0.6778755199878088, -0.040453000352417404, 0.4100830738954356, 0.26170787163814835, -0.5969710856374366, -0.07064172802579645, 0.26170787163814835, -0.10971182633267515], [0.12821259210593045, -0.17663502981703766, -0.4907339101893702, 0.14104310785260843, 0.2811299172583295, 0.694868692944018, 0.4457275338825033, -0.23314794467325584, -0.31101185598438374, 0.24868022566728104, -0.23314794467325584, 0.1315276944212113], [-0.44820206432471765, -0.7709445602086603, -0.1284414118878105, -0.3819278660029204, 0.1355377439671005, -0.5266167694909801, 0.30632083700765955, 0.4906466882039566, 0.3533770208772062, 0.8291990998123704, 0.4906466882039566, 0.06457256675559342]], "inverted": true, "swapped": false, "error_lsq": 0.06605463609228528, "error_max": 0.5791742551586108, "target": "58.xyz", "model": "26.xyz", "model_rescale": 3.6694154284099745, "target_rescale": 3.933687553245893},
{"mapping": [8, 4, 10, 2, 7, 0, 6, 12, 9, 3, 11, 13], "R": [[-0.2453669200292125, -0.9257648287638442, 0.2876709168116031], [0.009372420428276018, -0.2989937244162295, -0.954209049682001], [0.9693849763075006, -0.2314351628071285, 0.08203982646095909]], "T": [-0.13913609294834653, 0.14972395197622348, -0.026857410047763014], "aligned_model": [[-0.6528170338865348, -0.06219997660228349, -0.12524770092422405, 0.5188253753482429, -0.6341272704276801, 0.14931501387205118, 0.31698495364210344, 0.3092178772153228, -0.4258022839030371, -0.31224915205595827, 0.3712013184958658, -0.08407929745999224], [-0.08944465514631239, -0.07018045119684316, -0.4050092149975213, 0.06391460105274246, 0.4297951164409691, 0.5259218996980699, 0.5255532781582468, -0.04616317350028684, -0.3049407230170609, 0.34736953794057124, -0.4938307834878617, 0.1435276468498658], [-0.3223019238129925, -0.8150537419065256, -0.2591695834672815, -0.1746853767332648, 0.24272078226650393, -0.4875139048864876, 0.3222791538397657, 0.5979143601759522, 0.39262568108599505, 0.7372101991654247, 0.22127259254636886, -0.04113026536070414]], "inverted": false, "swapped": false, "error_lsq": 0.04459372515199835, "error_max": 0.23256575065074828, "target": "58.xyz", "model": "27.xyz", "model_rescale": 4.103607728864725, "target_rescale": 3.933687553245893},
{"mapping": [1, 4, 7, 13, 0, 2, 10, 6, 5, 9, 11, 14], "R": [[-0.37495104816110003, 0.679886324707921, -0.630211311353619], [0.30167576968774945, 0.7322904475366333, 0.6105263552295688], [0.8765862430281444, 0.038798014404773984, -0.4796783011686587]], "T": [0.10394389837991244, 0.1432429302237154, 0.07131818225445749], "aligned_model": [[-0.6683132012672652, 0.07508732327041734, -0.21240756775396893, 0.5759945954597318, -0.5465928514101633, -0.10845241206857989, 0.3474756655269653, 0.09977029415579461, -0.46263624478514875, -0.25158033774559196, 0.5473524128220953, -0.026675852890410162], [0.00958559943462503, 0.017562769479002316, -0.5030278324456643, 0.032074316836303476, 0.4364041114624846, 0.5205309901701978, 0.3912430137640221, -0.2115746939717145, -0.18140672745981104, 0.31348241968453605, -0.36726197846522435, 0.168901090305822], [-0.36298070335973986, -0.8258891975650862, 0.02297465365893918, -0.3584285009644803, 0.04786184049150119, -0.5235450233329855, 0.44409628415958124, 0.5960603069594985, 0.4010604323815785, 0.7887754700482936, 0.19311662634945137, -0.008934215913797228]], "inverted": true, "swapped": false, "error_lsq": 0.04887843566181819, "error_max": 0.24999638276057803, "target": "58.xyz", "model": "28.xyz", "model_rescale": 4.137296879288765, "target_rescale": 3.933687553245893},
{"mapping": [7, 9, 4, 0, 5, 6, 3, 8, 2, 10, 11], "R": [[-0.8369692969623866, -0.39996852107541414, -0.3735071325838834], [-0.40545038805227873, -0.005185952644297165, 0.9141023403992729], [-0.36754915150295914, 0.9165142050420808, -0.157826908939945]], "T": [-0.006686370350895868, 0.119157281436872, 0.04991387442283071], "aligned_model": [[0.24272588318117228, 0.2451911605302846, -0.20670404206762613, -0.5593654851869692, 0.024376779958803576, 0.5197845777472412, 0.42984054319446224, -0.3905945198050433, -0.36734340615301814, 0.26562421761759697, 0.017883301692994322], [-0.38644350548388107, -0.7712968041654196, -0.24722101326025636, 0.20844305250468703, 0.5886784758574876, -0.04939421943291543, 0.5502716694076382, -0.4651305828562988, 0.2233714226949744, 0.20004666005806704, 0.06782266132386891], [0.3333410020761812, -0.31316132000962693, -0.5341202575250069, -0.2818415785754016, -0.594192346568352, -0.3254574689743749, 0.0721036007570997, 0.20894540541918669, 0.44692626335464425, 0.8295273771514102, -0.036316655322761446]], "inverted": true, "swapped": true, "error_lsq": 0.06265523851296023, "error_max": 0.3439335145627322, "target": "58.xyz", "model": "29.xyz", "model_rescale": 3.607286011436655, "target_rescale": 3.933687553245893},
